date,Open,High,Low,Close,Volume,Gap_Up_aVWAP_834,Gap_Up_aVWAP_804,Gap_Up_aVWAP_756,Gap_Up_aVWAP_750,Gap_Up_aVWAP_714,Gap_Up_aVWAP_684,Gap_Up_aVWAP_660,Gap_Up_aVWAP_650,Gap_Up_aVWAP_636,Gap_Up_aVWAP_630,Gap_Down_aVWAP_882,Gap_Down_aVWAP_876,Gap_Down_aVWAP_870,Gap_Down_aVWAP_864,Gap_Down_aVWAP_852,Gap_Down_aVWAP_846,Gap_Down_aVWAP_828,Gap_Down_aVWAP_822,Gap_Down_aVWAP_810,Gap_Down_aVWAP_798,aVWAP_OB_bull_102,aVWAP_OB_bear_773,aVWAP_OB_bear_689,aVWAP_OB_bear_348,color,Liquidity,Liquidity_Level,StDev,StDev_Mean,StdDev_ZScore,OB,OB_High,OB_Low,OB_Mitigated_Index,FVG,FVG_High,FVG_Low,FVG_Mitigated_Index,QQEMOD,QQE1_Value,QQE1_Above_Upper,QQE1_Below_Lower,QQE2_Above_Threshold,QQE2_Below_Threshold,QQE2_Above_TL,banker_RSI,TTM_squeeze_Active,VI_plus,VI_minus,VI_Regular_Bullish,VI_Regular_Bearish,VI_Hidden_Bullish,VI_Hidden_Bearish,Fisher,Fisher_Signal,Fisher_Regular_Bullish,Fisher_Regular_Bearish,Fisher_Hidden_Bullish,Fisher_Hidden_Bearish,OBV,OBV_Smoothed,OBV_Regular_Bullish,OBV_Regular_Bearish,OBV_Hidden_Bullish,OBV_Hidden_Bearish,Volume_MA,Vol_Regular_Bullish,Vol_Regular_Bearish,Vol_Hidden_Bullish,Vol_Hidden_Bearish
2025-03-13 14:00:00+00:00,903.44,908.85,897.45,898.35,17258.0,,,,,,,,,,,,,,,,,,,,,,,,,"rgba(38, 166, 154, 1.0)",-1.0,911.2033,,,,0.0,0.0,0.0,0.0,0.0,0.0,0.0,0.0,,,False,False,False,False,False,,0,,,False,False,False,False,,,False,False,False,False,0.0,0.0,False,False,False,False,17258.0,False,False,False,False
2025-03-13 15:00:00+00:00,898.28,900.67,892.04,893.29,13559.0,,,,,,,,,,,,,,,,,,,,,,,,,"rgba(239, 83, 80, 1.0)",0.0,0.0,,,,0.0,0.0,0.0,0.0,0.0,0.0,0.0,0.0,0.0,,False,False,False,True,False,,0,,,False,False,False,False,,,False,False,False,False,-13559.0,-210.2170542635659,False,False,False,False,17200.651162790695,False,False,False,False
2025-03-13 16:00:00+00:00,893.75,897.89,892.99,893.4,7068.0,,,,,,,,,,,,,,,,,,,,,,,,,"rgba(239, 83, 80, 1.0)",0.0,0.0,,,,0.0,0.0,0.0,0.0,0.0,0.0,0.0,0.0,0.7957559681698522,-51.19363395225478,False,False,False,True,True,,0,,,False,False,False,False,,,False,False,False,False,-6491.0,-307.59353404242535,False,False,False,False,17043.55579592572,False,False,False,False
2025-03-13 17:00:00+00:00,893.76,895.57,889.75,890.57,8891.0,,,,,,,,,,,,,,,,,,,,,,,,,"rgba(239, 83, 80, 1.0)",0.0,0.0,,,,0.0,0.0,0.0,0.0,0.0,0.0,0.0,0.0,1.0011006026057,-50.92924818444553,False,False,False,True,True,,0,,,False,False,False,False,,,False,False,False,False,-15382.0,-541.3052621968063,False,False,False,False,16917.159582035398,False,False,False,False
2025-03-13 18:00:00+00:00,891.0,895.75,891.0,895.16,9681.0,,,,,,,,,,,,,,,,,,,,,,,,,"rgba(38, 166, 154, 1.0)",0.0,0.0,,,,0.0,0.0,0.0,0.0,0.0,0.0,0.0,0.0,15.174493175188255,-38.0581945922802,False,False,False,True,True,,0,,,False,False,False,False,,,False,False,False,False,-5701.0,-621.300529449569,False,False,False,False,16804.971061383683,False,False,False,False
2025-03-13 19:00:00+00:00,895.16,895.36,887.72,891.1,16986.0,,,,,,,,,,,,,,,,,,,,,,,,,"rgba(239, 83, 80, 1.0)",0.0,0.0,,,,0.0,0.0,0.0,0.0,0.0,0.0,0.0,0.0,20.296521572836006,-34.15255847116552,False,False,False,True,True,,0,,,False,False,False,False,,,False,False,False,False,-22687.0,-963.4043972100408,False,False,False,False,16807.777711594787,False,False,False,False
2025-03-14 14:00:00+00:00,889.61,897.01,887.13,897.01,18396.0,,,,,,,,,,,,,,,,,,,,,,,,,"rgba(38, 166, 154, 1.0)",0.0,0.0,,,,0.0,0.0,0.0,0.0,0.0,0.0,0.0,0.0,31.309031901497605,-24.84182703059118,False,False,False,True,True,,0,,,False,False,False,False,,,False,False,False,False,-4291.0,-1014.9950267106602,False,False,False,False,16832.40131296541,False,False,False,False
2025-03-14 15:00:00+00:00,898.87,902.33,895.15,901.95,12200.0,,,,,,,,,,,,,,,,,,,,,,,,,"rgba(38, 166, 154, 1.0)",0.0,0.0,,,,0.0,0.0,0.0,0.0,0.0,0.0,0.0,0.0,42.318872153364595,-15.77607493500318,False,False,False,True,True,,0,,,False,False,False,False,,,False,False,False,False,7909.0,-876.6385146686345,False,False,False,False,16760.581137570596,False,False,False,False
2025-03-14 16:00:00+00:00,901.78,905.145,899.76,904.85,10500.0,,,,,,,,,,,,,,,,,,,,,,,,,"rgba(38, 166, 154, 1.0)",0.0,0.0,,,,0.0,0.0,0.0,0.0,0.0,0.0,0.0,0.0,51.26058017703811,-8.648956250180866,False,False,True,False,True,,0,,,False,False,False,False,,,False,False,False,False,18409.0,-577.636367154392,False,False,False,False,16663.51786411989,False,False,False,False
2025-03-14 17:00:00+00:00,904.67,906.99,903.81,903.82,5200.0,,,,,,,,,,,,,,,,,,,,,,,,,"rgba(239, 83, 80, 1.0)",0.0,0.0,,,,0.0,0.0,0.0,0.0,0.0,0.0,0.0,0.0,56.04415701728521,-5.108692813734486,False,False,True,False,True,,0,,,False,False,False,False,,,False,False,False,False,13209.0,-363.8900668884325,False,False,False,False,16485.78890498625,False,False,False,False
2025-03-14 18:00:00+00:00,904.1,905.79,902.47,904.05,10769.0,,,,,,,,,,,,,,,,,,,,,,,,,"rgba(239, 83, 80, 1.0)",0.0,0.0,,,,0.0,0.0,0.0,0.0,0.0,0.0,0.0,0.0,59.37846934555555,-2.4574183034828465,False,False,True,False,True,,0,,,False,False,False,False,,,False,False,False,False,23978.0,13.503577559450207,False,False,False,False,16397.15651886243,False,False,False,False
2025-03-14 19:00:00+00:00,904.05,905.6,902.78,904.58,19816.0,,,,,,,,,,,,,,,,,,,,,,,,,"rgba(239, 83, 80, 1.0)",0.0,0.0,,,,0.0,0.0,0.0,0.0,0.0,0.0,0.0,0.0,61.96132004470605,-0.09656137181783464,False,False,True,False,True,,0,,,False,False,False,False,,,False,False,False,False,43794.0,692.2709639538773,False,False,False,False,16450.161844151386,False,False,False,False
2025-03-17 14:00:00+00:00,908.82,909.25,902.01,904.52,7425.0,,,,,,,,,,,,,,,,,,,,,,,,,"rgba(239, 83, 80, 1.0)",0.0,0.0,,,,0.0,0.0,0.0,0.0,0.0,0.0,0.0,0.0,63.59294583329143,1.712141083379251,False,False,True,False,True,,0,,,False,False,False,False,,,False,False,False,False,36369.0,1245.398545908081,False,False,False,False,16310.23685431958,False,False,False,False
2025-03-17 15:00:00+00:00,904.95,909.04,904.48,908.37,4881.0,,,,,,,,,,,,,,,,,,,,,,,,,"rgba(38, 166, 154, 1.0)",0.0,0.0,,,,0.0,0.0,0.0,0.0,0.0,0.0,0.0,0.0,67.17256848179412,5.522362723659647,False,False,True,False,True,,0,,,False,False,False,False,,,False,False,False,False,41250.0,1865.6249250412889,False,False,False,False,16133.039383709975,False,False,False,False
2025-03-17 16:00:00+00:00,908.17,910.77,906.84,910.0,4435.0,,,,,,,,,,,,,,,,,,,,,,,,,"rgba(38, 166, 154, 1.0)",0.0,0.0,,,,0.0,0.0,0.0,0.0,0.0,0.0,0.0,0.0,70.38899077852378,9.030734375779453,False,False,True,False,True,,0,,,False,False,False,False,,,False,False,False,False,45685.0,2544.995081242199,False,False,False,False,15951.674432024549,False,False,False,False
2025-03-17 17:00:00+00:00,909.95,917.71,909.39,917.305,4361.0,,,,,,,,,,,,,,,,,,,,,,,,,"rgba(38, 166, 154, 1.0)",0.0,0.0,,,,0.0,0.0,0.0,0.0,0.0,0.0,0.0,0.0,75.07090349919801,13.885633667945733,False,False,True,False,True,,0,,,False,False,False,False,,,False,False,False,False,50046.0,3281.4447699051107,False,False,False,False,15771.974053233469,False,False,False,False
2025-03-17 18:00:00+00:00,917.075,923.1,917.075,920.93,5648.0,,,,,,,,,,,,,,,,,,,,,,,,,"rgba(38, 166, 154, 1.0)",0.0,0.0,,920.3683333333333,,0.0,0.0,0.0,0.0,0.0,0.0,0.0,0.0,78.99612779616291,17.97645773421914,False,False,True,False,True,,0,,,False,False,False,False,,,False,False,False,False,55694.0,4094.042525410458,False,False,False,False,15615.013215198842,False,False,False,False
2025-03-17 19:00:00+00:00,920.55,921.16,917.02,917.355,9676.0,,,,,,,,,,,,,,,,,,,,,,,,,"rgba(38, 166, 154, 1.0)",0.0,0.0,,919.1959823370748,,0.0,0.0,0.0,0.0,0.0,0.0,0.0,0.0,77.36626876137245,17.97645773421914,False,False,True,False,True,,0,,,False,False,False,False,,,False,False,False,False,46018.0,4744.0263622258,False,False,False,False,15522.935490932194,False,False,False,False
2025-03-18 14:00:00+00:00,898.93,907.27,897.18,906.5,22310.0,,,,,,,,,,,,,,,,,,,,,,,,,"rgba(38, 166, 154, 1.0)",0.0,0.0,,909.9800906981276,,0.0,0.0,0.0,0.0,0.0,0.0,0.0,0.0,68.03357339994147,17.97645773421914,False,False,True,False,False,,0,,,False,False,False,False,,,False,False,False,False,23708.0,5038.041457385089,False,False,False,False,15628.16129727433,False,False,False,False
2025-03-18 15:00:00+00:00,906.46,906.71,900.39,900.68,11556.0,,,,,,,,,,,,,,,,,,,,,,,,,"rgba(239, 83, 80, 1.0)",0.0,0.0,,908.2447508301146,,0.0,0.0,0.0,0.0,0.0,0.0,0.0,0.0,59.05364456513536,20.581626359342735,False,False,True,False,False,,0,,,False,False,False,False,,,False,False,False,False,12152.0,5148.335388278344,False,False,False,False,15565.027013595656,False,False,False,False
2025-03-18 16:00:00+00:00,900.685,904.5,899.43,900.04,26259.0,,,,,,,,,,,,,,,,,,,,,,,,,"rgba(239, 83, 80, 1.0)",0.0,0.0,,905.8358454496856,,0.0,0.0,0.0,0.0,0.0,0.0,0.0,0.0,52.788771817441,14.885247759141109,False,False,False,False,False,,0,,,False,False,False,False,,,False,False,False,False,-14107.0,4849.8030566771295,False,False,False,False,15730.825044392623,False,False,False,False
2025-03-18 17:00:00+00:00,899.97,901.535,899.0,900.72,15377.0,,,,,,,,,,,,,,,,,,,,,,,,,"rgba(239, 83, 80, 1.0)",0.0,0.0,,904.918651212208,,0.0,0.0,0.0,0.0,0.0,0.0,0.0,0.0,49.084252086674006,11.43115721817815,False,False,False,True,False,,0,,,False,False,False,False,,,False,False,False,False,1270.0,4794.302234092987,False,False,False,False,15725.339384789637,False,False,False,False
2025-03-18 18:00:00+00:00,900.72,902.6,899.35,901.22,6834.0,,,,,,,,,,,,,,,,,,,,,,,,,"rgba(239, 83, 80, 1.0)",0.0,0.0,,904.6483992934673,,0.0,0.0,0.0,0.0,0.0,0.0,0.0,0.0,46.98847602920384,9.211357242669422,False,False,False,True,False,,0,,,False,False,False,False,,,False,False,False,False,8104.0,4845.61537775046,False,False,False,False,15587.489161769643,False,False,False,False
2025-03-18 19:00:00+00:00,900.6,902.21,897.31,898.27,8526.0,,,,,,,,,,,,,,,,,,,,,,,,,"rgba(239, 83, 80, 1.0)",0.0,0.0,,904.2160158118775,,0.0,0.0,0.0,0.0,0.0,0.0,0.0,0.0,43.976382754635594,5.9321827394746975,False,False,False,True,False,,0,,,False,False,False,False,,,False,False,False,False,-422.0,4763.94692228146,False,False,False,False,15478.008709649182,False,False,False,False
2025-03-19 14:00:00+00:00,903.12,904.2,897.23,897.23,7838.0,,,,,,,,,,,,,,,,,,,,,,,,,"rgba(239, 83, 80, 1.0)",0.0,0.0,,903.8955034174094,,0.0,0.0,0.0,0.0,0.0,0.0,0.0,0.0,41.42474153916162,2.9865416598336125,False,False,False,True,False,,0,,,False,False,False,False,,,False,False,False,False,-8260.0,4562.025264571669,False,False,False,False,15359.55896221276,False,False,False,False
2025-03-19 15:00:00+00:00,896.88,902.69,896.24,900.75,8466.0,,,,,,,,,,,,,,,,,,,,,,,,,"rgba(239, 83, 80, 1.0)",0.0,0.0,,903.6188900454462,,0.0,0.0,0.0,0.0,0.0,0.0,0.0,0.0,42.708160044894,2.9865416598336125,False,False,False,True,False,,0,,,False,False,False,False,,,False,False,False,False,206.0,4494.4899891519535,False,False,False,False,15252.682079077678,False,False,False,False
2025-03-19 16:00:00+00:00,901.09,901.66,899.17,899.31,5327.0,,,,,,,,,,,,,,,,,,,,,,,,,"rgba(239, 83, 80, 1.0)",0.0,0.0,,903.4700113052257,,0.0,0.0,0.0,0.0,0.0,0.0,0.0,0.0,42.64653949978114,2.8139655624245847,False,False,False,True,False,,0,,,False,False,False,False,,,False,False,False,False,-5121.0,4345.412624979055,False,False,False,False,15098.79553521601,False,False,False,False
2025-03-19 17:00:00+00:00,899.32,899.6,896.37,896.805,6109.0,,,,,,,,,,,,,,,,,,,,,,,,,"rgba(239, 83, 80, 1.0)",0.0,0.0,,903.2018721283895,,0.0,0.0,0.0,0.0,0.0,0.0,0.0,0.0,41.0987209803926,0.4970580984160762,False,False,False,True,False,,0,,,False,False,False,False,,,False,False,False,False,-11230.0,4103.9333594755035,False,False,False,False,14959.41886025142,False,False,False,False
2025-03-19 18:00:00+00:00,896.765,906.12,895.41,905.18,5913.0,,,,,,,,,,,,,,,,,,,,,,,,,"rgba(239, 83, 80, 1.0)",0.0,0.0,,903.1610590512424,,0.0,0.0,0.0,0.0,0.0,0.0,0.0,0.0,45.9693847719223,0.4970580984160762,False,False,False,True,True,,0,,,False,False,False,False,,,False,False,False,False,-5317.0,3957.872377158054,False,False,False,False,14819.164304278529,False,False,False,False
2025-03-19 19:00:00+00:00,905.555,910.16,902.775,903.58,8844.0,,,,,,,,,,,,,,,,,,,,,,,,,"rgba(239, 83, 80, 1.0)",0.0,0.0,,904.4027409712835,,0.0,0.0,0.0,0.0,0.0,0.0,0.0,0.0,48.142451128422984,0.4970580984160762,False,False,False,False,True,,0,,,False,False,False,False,,,False,False,False,False,-14161.0,3676.9596271245955,False,False,False,False,14726.526098010645,False,False,False,False
2025-03-20 14:00:00+00:00,904.895,907.42,903.2,903.68,6135.0,,,,,,,,,,,,,,,,,,,,,,,,,"rgba(239, 83, 80, 1.0)",0.0,0.0,,904.2805905028506,,0.0,0.0,0.0,0.0,0.0,0.0,0.0,0.0,49.65530526862054,0.4970580984160762,False,False,False,False,True,,0,,,False,False,False,False,,,False,False,False,False,-8026.0,3495.518392595532,False,False,False,False,14593.324143002726,False,False,False,False
2025-03-20 15:00:00+00:00,903.82,905.02,901.73,902.18,5889.0,,,,,,,,,,,,,,,,,,,,,,,,,"rgba(239, 83, 80, 1.0)",0.0,0.0,,903.9595113325685,,0.0,0.0,0.0,0.0,0.0,0.0,0.0,0.0,49.54046399489494,0.4970580984160762,False,False,False,False,True,,1,,,False,False,False,False,,,False,False,False,False,-13915.0,3225.5878748808727,False,False,False,False,14458.373381095707,False,False,False,False
2025-03-20 16:00:00+00:00,902.45,903.48,897.19,898.19,3918.0,,,,,,,,,,,,,,,,,,,,,,,,,"rgba(239, 83, 80, 1.0)",0.0,0.0,,903.5236081224964,,0.0,0.0,0.0,0.0,0.0,0.0,0.0,0.0,46.82278912317563,0.4970580984160762,False,False,False,True,True,,1,,,False,False,False,False,,,False,False,False,False,-17833.0,2899.098140386596,False,False,False,False,14294.956739528332,False,False,False,False
2025-03-20 17:00:00+00:00,898.225,899.67,894.15,895.68,5331.0,,,,,,,,,,,,,,,,,,,,,,,,,"rgba(239, 83, 80, 1.0)",0.0,0.0,,902.7723386629664,,0.0,0.0,0.0,0.0,0.0,0.0,0.0,0.0,43.60238899939507,0.4970580984160762,False,False,False,True,False,,1,,,False,False,False,False,,,False,False,False,False,-23164.0,2495.019099450369,False,False,False,False,14155.980666047273,False,False,False,False
2025-03-20 18:00:00+00:00,895.59,898.455,894.87,896.355,5900.0,,,,,,,,,,,,,,,,,,,,,,,,,"rgba(239, 83, 80, 1.0)",0.0,0.0,,902.1769952656525,,0.0,0.0,0.0,0.0,0.0,0.0,0.0,0.0,42.08310837624042,-1.246425051202209,False,False,False,True,False,,1,,,False,False,False,False,,,False,False,False,False,-17264.0,2188.6777180635418,False,False,False,False,14027.980965798477,False,False,False,False
2025-03-20 19:00:00+00:00,896.71,899.0,894.5,895.345,16638.0,,,,,,,,,,,,,,,,,,,,,,,,,"rgba(239, 83, 80, 1.0)",0.0,0.0,,901.0653552037797,,0.0,0.0,0.0,0.0,0.0,0.0,0.0,0.0,40.44529347267783,-3.1622403178996805,False,False,False,True,False,,1,,,False,False,False,False,,,False,False,False,False,-33902.0,1629.1323270858124,False,False,False,False,14068.446377181446,False,False,False,False
2025-03-21 14:00:00+00:00,893.325,901.805,891.62,901.76,10846.0,,,,,,,,,,,,,,,,,,,,,,,,,"rgba(239, 83, 80, 1.0)",0.0,0.0,,900.0225319183536,,0.0,0.0,0.0,0.0,0.0,0.0,0.0,0.0,44.703692047943306,-3.1622403178996805,False,False,False,True,True,,1,,,False,False,False,False,,,False,False,False,False,-23056.0,1246.417097208513,False,False,False,False,14018.485968232897,False,False,False,False
2025-03-21 15:00:00+00:00,901.805,903.29,898.62,899.32,5479.0,,,,,,,,,,,,,,,,,,,,,,,,,"rgba(239, 83, 80, 1.0)",0.0,0.0,,900.2545424145883,,0.0,0.0,0.0,0.0,0.0,0.0,0.0,0.0,45.79448125649212,-3.1622403178996805,False,False,False,True,True,,1,,,False,False,False,False,,,False,False,False,False,-28535.0,784.689700352567,False,False,False,False,13886.090836942465,False,False,False,False
2025-03-21 16:00:00+00:00,899.2,903.71,897.91,903.28,4613.0,,,,,,,,,,,,,,,,,,,,,,,,,"rgba(239, 83, 80, 1.0)",0.0,0.0,,900.4807678366943,,0.0,0.0,0.0,0.0,0.0,0.0,0.0,0.0,49.16595156284913,-7.058435740144098,False,False,False,False,True,,1,,,False,False,False,False,,,False,False,False,False,-23922.0,401.64024763392257,False,False,False,False,13742.321986757312,False,False,False,False
2025-03-21 17:00:00+00:00,904.07,908.97,902.8,906.62,2998.0,,,,,,,,,,,,,,,,,,,,,,,,,"rgba(239, 83, 80, 1.0)",0.0,0.0,,900.8535079477034,,0.0,0.0,0.0,0.0,0.0,0.0,0.0,0.0,53.271282836922424,-3.108893946672616,False,False,True,False,True,,0,,,False,False,False,False,,,False,False,False,False,-20924.0,71.01016627525706,False,False,False,False,13575.743351303709,False,False,False,False
2025-03-21 18:00:00+00:00,906.67,909.17,905.945,907.59,2988.0,,,,,,,,,,,,,,,,,,,,,,,,,"rgba(239, 83, 80, 1.0)",0.0,0.0,,901.2359566218535,,0.0,0.0,0.0,0.0,0.0,0.0,0.0,0.0,56.517370339073786,-0.031913390977749145,False,False,True,False,True,,0,,,False,False,False,False,,,False,False,False,False,-17936.0,-208.16828591505697,False,False,False,False,13411.592291593573,False,False,False,False
2025-03-21 19:00:00+00:00,907.21,909.56,904.7,909.11,11702.0,,,,,,,,,,,,,,,,,,,,,,,,,"rgba(239, 83, 80, 1.0)",0.0,0.0,,902.3115707423075,,0.0,0.0,0.0,0.0,0.0,0.0,0.0,0.0,59.48715741001288,2.7946378763373403,True,False,True,False,True,,0,,,False,False,False,False,,,False,False,False,False,-6234.0,-301.5920334202499,False,False,False,False,13385.08698474716,False,False,False,False
2025-03-24 14:00:00+00:00,923.3,927.51,921.68,927.51,10439.0,,,,,,,,,,,,,,,,,,,,,,,,,"rgba(38, 166, 154, 1.0)",0.0,0.0,,905.0600102906515,,0.0,0.0,0.0,0.0,0.0,0.0,0.0,0.0,66.8935770201743,9.636445392510282,True,False,True,False,True,,0,,,False,False,False,False,,,False,False,False,False,4205.0,-231.72238949125375,False,False,False,False,13339.411217541778,False,False,False,False
2025-03-24 15:00:00+00:00,927.395,928.63,923.88,925.79,4995.0,,,,,,,,,,,,,,,,,,,,,,,,,"rgba(38, 166, 154, 1.0)",0.0,0.0,,906.1195490232825,,0.0,0.0,0.0,0.0,0.0,0.0,0.0,0.0,70.54615955499398,12.852703198801919,True,False,True,False,True,,0,,,False,False,False,False,,,False,False,False,False,-790.0,-240.37785632084672,False,False,False,False,13210.040500990743,False,False,False,False
2025-03-24 16:00:00+00:00,925.43,925.43,921.75,921.75,2528.0,,,,,,,,,,,,,,,,,,,,,,,,,"rgba(38, 166, 154, 1.0)",0.0,0.0,,906.522585979355,,0.0,0.0,0.0,0.0,0.0,0.0,0.0,0.0,70.10447080519836,12.852703198801919,True,False,True,False,True,,0,,,False,False,False,False,,,False,False,False,False,-3318.0,-288.09292831587237,False,False,False,False,13044.42746996763,False,False,False,False
2025-03-24 17:00:00+00:00,921.95,923.13,921.45,922.8,3669.0,,,,,,,,,,,,,,,,,,,,,,,,,"rgba(38, 166, 154, 1.0)",0.0,0.0,,907.0458807589545,,0.0,0.0,0.0,0.0,0.0,0.0,0.0,0.0,70.13211512823459,12.852703198801919,True,False,True,False,True,,0,,,False,False,False,False,,,False,False,False,False,351.0,-278.184510822603,False,False,False,False,12899.072005316968,False,False,False,False
2025-03-24 18:00:00+00:00,922.94,924.13,922.06,923.79,2764.0,,,,,,,,,,,,,,,,,,,,,,,,,"rgba(38, 166, 154, 1.0)",0.0,0.0,,907.4342367865132,,0.0,0.0,0.0,0.0,0.0,0.0,0.0,0.0,70.47081261055885,13.509080257272082,True,False,True,False,True,,0,,,False,False,False,False,,,False,False,False,False,3115.0,-225.5769990269037,False,False,False,False,12741.939106009728,False,False,False,False
2025-03-24 19:00:00+00:00,923.79,928.57,922.68,926.07,9763.0,,,,,,,,,,,,,,,,,,,,,,,,,"rgba(38, 166, 154, 1.0)",0.0,0.0,,908.8385904730497,,0.0,0.0,0.0,0.0,0.0,0.0,0.0,0.0,71.43776700325311,14.946983350361151,True,False,True,False,True,,0,,,False,False,False,False,,,False,False,False,False,12878.0,-22.42076648385094,False,False,False,False,12695.754003590971,False,False,False,False
2025-03-25 14:00:00+00:00,923.605,931.56,922.86,931.375,10585.0,,,,,,,,,,,,,,,,,,,,,,,,,"rgba(38, 166, 154, 1.0)",0.0,0.0,,910.3185675644203,,0.0,0.0,0.0,0.0,0.0,0.0,0.0,0.0,73.57237636968327,17.429170294516652,True,False,True,False,True,,0,,,False,False,False,False,,,False,False,False,False,23463.0,341.6942841593095,False,False,False,False,12663.029135318242,False,False,False,False
2025-03-25 15:00:00+00:00,931.33,932.08,926.0,926.49,4962.0,,,,,,,,,,,,,,,,,,,,,,,,,"rgba(38, 166, 154, 1.0)",0.0,0.0,,910.908894627444,,0.0,0.0,0.0,0.0,0.0,0.0,0.0,0.0,71.15175620078372,17.429170294516652,True,False,True,False,True,16.281945071529,0,,,False,False,False,False,,,False,False,False,False,18501.0,623.2339076607155,False,False,False,False,12543.633334770671,False,False,False,False
2025-03-25 16:00:00+00:00,926.265,926.68,922.53,924.6,6544.0,,,,,,,,,,,,,,,,,,,,,,,,,"rgba(38, 166, 154, 1.0)",0.0,0.0,,911.4567616763794,,0.0,0.0,0.0,0.0,0.0,0.0,0.0,0.0,68.19915713001146,17.429170294516652,True,False,True,False,False,14.622651242876369,0,,,False,False,False,False,,,False,False,False,False,11957.0,798.9512114179138,False,False,False,False,12450.615763688957,False,False,False,False
2025-03-25 17:00:00+00:00,924.69,926.455,923.52,925.83,3681.0,,,,,,,,,,,,,,,,,,,,,,,,,"rgba(38, 166, 154, 1.0)",0.0,0.0,,911.7590935472936,,0.0,0.0,0.0,0.0,0.0,0.0,0.0,0.0,66.76447601983948,22.45053014387655,True,False,True,False,False,15.34279392861237,0,,,False,False,False,False,,,False,False,False,False,15638.0,1029.0139833339151,False,False,False,False,12314.652728593004,False,False,False,False
2025-03-25 18:00:00+00:00,926.12,927.41,925.29,926.005,3945.0,,,,,,,,,,,,,,,,,,,,,,,,,"rgba(38, 166, 154, 1.0)",0.0,0.0,,912.0911123141855,,0.0,0.0,0.0,0.0,0.0,0.0,0.0,0.0,65.88926958086246,21.34266732698927,True,False,True,False,False,15.445918678091978,0,,,False,False,False,False,,,False,False,False,False,19583.0,1316.6726812667225,False,False,False,False,12184.89067078536,False,False,False,False
2025-03-25 19:00:00+00:00,926.005,930.61,925.8,930.145,10467.0,,,,,,,,,,,,,,,,,,,,,,,,,"rgba(38, 166, 154, 1.0)",0.0,0.0,,913.0573939879959,,0.0,0.0,0.0,0.0,0.0,0.0,0.0,0.0,67.12643139744608,21.34266732698927,True,False,True,False,False,17.83149359108318,0,,,False,False,False,False,,,False,False,False,False,30050.0,1762.1506241928198,False,False,False,False,12158.256706897215,False,False,False,False
2025-03-26 14:00:00+00:00,934.81,937.08,932.395,935.72,6547.0,,,,,,,,,,,,,,,,,,,,,,,,,"rgba(38, 166, 154, 1.0)",0.0,0.0,,913.8348184907923,,0.0,0.0,0.0,0.0,0.0,0.0,0.0,0.0,69.85094062393941,21.34266732698927,True,False,True,False,True,20.0,0,,,False,False,False,False,,,False,False,False,False,36597.0,2302.2258083138613,False,False,False,False,12071.260478883305,False,False,False,False
2025-03-26 15:00:00+00:00,935.72,935.87,925.51,926.83,4966.0,,,,,,,,,,,,,,,,,,,,,,,,,"rgba(38, 166, 154, 1.0)",0.0,0.0,,914.2261586917375,,0.0,0.0,0.0,0.0,0.0,0.0,0.0,0.0,65.35012133221458,20.655195082861,True,False,True,False,False,13.316754969261304,0,,,False,False,False,False,,,False,False,False,False,31631.0,2756.935485704344,False,False,False,False,11961.101401691316,False,False,False,False
2025-03-26 16:00:00+00:00,926.765,928.6,924.57,926.93,1997.0,,,,,,,,,,,,,,,,,,,,,,,,,"rgba(38, 166, 154, 1.0)",0.0,0.0,,914.3473632690713,,0.0,0.0,0.0,0.0,0.0,0.0,0.0,0.0,62.39577026422749,17.903546691835047,True,False,True,False,False,13.372105807649376,0,,,False,False,False,False,,,False,False,False,False,33628.0,3235.5566409647417,False,False,False,False,11806.619209417033,False,False,False,False
2025-03-26 17:00:00+00:00,927.25,930.37,926.55,927.25,2075.0,,,,,,,,,,,,,,,,,,,,,,,,,"rgba(38, 166, 154, 1.0)",0.0,0.0,,914.4858947766073,,0.0,0.0,0.0,0.0,0.0,0.0,0.0,0.0,60.59010408185539,16.18786578385098,False,False,True,False,False,13.552153500345586,0,,,False,False,False,False,,,False,False,False,False,35703.0,3738.9278558335054,False,False,False,False,11655.741392216767,False,False,False,False
2025-03-26 18:00:00+00:00,927.44,929.17,923.29,925.37,2613.0,,,,,,,,,,,,,,,,,,,,,,,,,"rgba(38, 166, 154, 1.0)",0.0,0.0,,914.6261538997696,,0.0,0.0,0.0,0.0,0.0,0.0,0.0,0.0,58.066383469007604,13.750197339816495,False,False,True,False,False,12.027923005766091,0,,,False,False,False,False,,,False,False,False,False,33090.0,4193.983237913606,False,False,False,False,11515.543851252167,False,False,False,False
2025-03-26 19:00:00+00:00,925.37,931.17,925.37,929.88,10642.0,,,,,,,,,,,,,,,,,,,,,,,,,"rgba(38, 166, 154, 1.0)",0.0,0.0,,915.3137921078327,,0.0,0.0,0.0,0.0,0.0,0.0,0.0,0.0,58.85722970683923,13.750197339816495,False,False,True,False,False,14.573980026015008,0,,,False,False,False,False,,,False,False,False,False,43732.0,4806.975745852929,False,False,False,False,11502.000535728877,False,False,False,False
2025-03-27 14:00:00+00:00,935.19,941.29,935.0,941.29,10179.0,,,,,,,,,,,,,,,,,,,,,,,,,"rgba(38, 166, 154, 1.0)",0.0,0.0,,916.4117354227214,,0.0,0.0,0.0,0.0,0.0,0.0,0.0,0.0,63.47392581373439,13.750197339816495,True,False,True,False,True,20.0,0,,,False,False,False,False,,,False,False,False,False,53911.0,5568.278447467612,False,False,False,False,11481.488899516025,False,False,False,False
2025-03-27 15:00:00+00:00,941.21,941.21,935.93,937.49,4292.0,,,,,,,,,,,,,,,,,,,,,,,,,"rgba(38, 166, 154, 1.0)",0.0,0.0,,916.8221553708389,,0.0,0.0,0.0,0.0,0.0,0.0,0.0,0.0,64.0288888530971,8.320957466389508,True,False,True,False,True,17.319760962621107,0,,,False,False,False,False,,,False,False,False,False,49619.0,6251.235370762688,False,False,False,False,11370.023955337481,False,False,False,False
2025-03-27 16:00:00+00:00,937.94,942.6,937.94,939.06,3597.0,,,,,,,,,,,,,,,,,,,,,,,,,"rgba(38, 166, 154, 1.0)",0.0,0.0,,917.1806140283308,,0.0,0.0,0.0,0.0,0.0,0.0,0.0,0.0,64.93515583732358,9.404011501194162,True,False,True,False,True,18.066698903052718,0,,,False,False,False,False,,,False,False,False,False,53216.0,6979.371256487297,False,False,False,False,11249.511956029924,False,False,False,False
2025-03-27 17:00:00+00:00,939.36,942.18,939.07,939.1,3065.0,,,,,,,,,,,,,,,,,,,,,,,,,"rgba(38, 166, 154, 1.0)",0.0,0.0,,917.479983042162,,0.0,0.0,0.0,0.0,0.0,0.0,0.0,0.0,65.55397646896998,10.295339555491132,True,False,True,False,True,18.085859626923988,0,,,False,False,False,False,,,False,False,False,False,56281.0,7743.737593596021,False,False,False,False,11122.620297796902,False,False,False,False
2025-03-27 18:00:00+00:00,939.49,942.75,939.35,940.83,2881.0,,,,,,,,,,,,,,,,,,,,,,,,,"rgba(38, 166, 154, 1.0)",0.0,0.0,,923.5677104726615,,0.0,0.0,0.0,0.0,0.0,0.0,0.0,0.0,66.63506631282853,11.65307064199935,True,False,True,False,True,18.91881694720496,0,,,False,False,False,False,,,False,False,False,False,59162.0,8540.919956486005,False,False,False,False,10994.84323891633,False,False,False,False
2025-03-27 19:00:00+00:00,940.47,942.5,938.56,938.725,12590.0,,,,,,,,,,,,,,,,,,,,,,,,,"rgba(38, 166, 154, 1.0)",0.0,0.0,,924.1832945175959,,0.0,0.0,0.0,0.0,0.0,0.0,0.0,0.0,65.60468088455193,11.65307064199935,True,False,True,False,True,17.242661415014556,0,,,False,False,False,False,,,False,False,False,False,46572.0,9130.549104447462,False,False,False,False,11019.57435149127,False,False,False,False
2025-03-28 14:00:00+00:00,933.24,933.24,925.97,927.75,12220.0,,,,,,,,,,,,,,,,,,,,,,,,,"rgba(38, 166, 154, 1.0)",0.0,0.0,,923.2776870673019,,0.0,0.0,0.0,0.0,0.0,0.0,0.0,0.0,58.36556105049681,13.43492219101627,False,False,True,False,False,9.24383649312379,0,,,False,False,False,False,,,False,False,False,False,34352.0,9521.579350890137,False,False,False,False,11038.185601855746,False,False,False,False
2025-03-28 15:00:00+00:00,927.96,936.48,926.87,935.55,10095.0,,,,,,,,,,,,,,,,,,,,,,,,,"rgba(38, 166, 154, 1.0)",0.0,0.0,,923.4884969539603,,0.0,0.0,0.0,0.0,0.0,0.0,0.0,0.0,57.248296295549224,12.457430041297272,False,False,True,False,False,13.134358572541313,0,,,False,False,False,False,,,False,False,False,False,44447.0,10063.058740798817,False,False,False,False,11023.562569268835,False,False,False,False
2025-03-28 16:00:00+00:00,935.55,938.145,932.5,933.16,5488.0,,,,,,,,,,,,,,,,,,,,,,,,,"rgba(38, 166, 154, 1.0)",0.0,0.0,,923.6982100063717,,0.0,0.0,0.0,0.0,0.0,0.0,0.0,0.0,55.33021269982149,10.612243922658678,False,True,True,False,False,11.53357258375473,0,,,False,False,False,False,,,False,False,False,False,38959.0,10511.057830088757,False,False,False,False,10937.739893776296,False,False,False,False
2025-03-28 17:00:00+00:00,933.16,933.16,929.445,931.96,3157.0,,,,,,,,,,,,,,,,,,,,,,,,,"rgba(38, 166, 154, 1.0)",0.0,0.0,,923.7357719623524,,0.0,0.0,0.0,0.0,0.0,0.0,0.0,0.0,53.45281600458121,8.75796003336599,False,True,True,False,False,10.735748322964405,0,,,False,False,False,False,,,False,False,False,False,35802.0,10903.165460630016,False,False,False,False,10817.108267516198,False,False,False,False
2025-03-28 18:00:00+00:00,931.98,932.36,928.49,929.73,4240.0,,,,,,,,,,,,,,,,,,,,,,,,,"rgba(38, 166, 154, 1.0)",0.0,0.0,,923.7502413657417,,0.0,0.0,0.0,0.0,0.0,0.0,0.0,0.0,51.07536291534492,6.420838687708404,False,True,False,False,False,9.262571577692665,0,,,False,False,False,False,,,False,False,False,False,31562.0,11223.457468992341,False,False,False,False,10715.137596701992,False,False,False,False
2025-03-28 19:00:00+00:00,929.82,931.99,929.09,929.68,12731.0,,,,,,,,,,,,,,,,,,,,,,,,,"rgba(38, 166, 154, 1.0)",0.0,0.0,,923.8522277022736,,0.0,0.0,0.0,0.0,0.0,0.0,0.0,0.0,49.46397070425748,4.782578982725532,False,True,False,False,False,9.229458771475265,0,,,False,False,False,False,,,False,False,False,False,18831.0,11341.403864821918,False,False,False,False,10746.391277373279,False,False,False,False
2025-03-31 14:00:00+00:00,929.09,939.76,928.305,938.41,17611.0,,,,,,,,,,,,,,,,,,,,,,,,,"rgba(38, 166, 154, 1.0)",0.0,0.0,,924.5638619038034,,0.0,0.0,0.0,0.0,0.0,0.0,0.0,0.0,52.89795870103295,4.782578982725532,False,True,True,False,True,13.532958246662986,0,,,False,False,False,False,,,False,False,False,False,36442.0,11730.560394049484,False,False,False,False,10852.819319584545,False,False,False,False
2025-03-31 15:00:00+00:00,939.22,940.41,935.79,936.85,5516.0,,,,,,,,,,,,,,,,,,,,,,,,,"rgba(38, 166, 154, 1.0)",0.0,0.0,,924.8271086462566,,0.0,0.0,0.0,0.0,0.0,0.0,0.0,0.0,54.228220269932336,4.782578982725532,False,True,True,False,True,12.489130782578506,0,,,False,False,False,False,,,False,False,False,False,30926.0,12028.164108870422,False,False,False,False,10770.077934784786,False,False,False,False
2025-03-31 16:00:00+00:00,937.21,942.55,935.74,939.66,6640.0,,,,,,,,,,,,,,,,,,,,,,,,,"rgba(38, 166, 154, 1.0)",0.0,0.0,15.78230940950326,925.1795968431427,0.9175085078574088,0.0,0.0,0.0,0.0,0.0,0.0,0.0,0.0,56.392359876613284,0.97978924431807,False,True,True,False,True,13.815070719463684,0,,,False,False,False,False,,,False,False,False,False,37566.0,12424.099549042972,False,False,False,False,10706.04571874161,False,False,False,False
2025-03-31 17:00:00+00:00,939.61,942.39,937.825,940.37,7960.0,,,,,,,,,,,,,,,,,,,,,,,,,"rgba(38, 166, 154, 1.0)",0.0,0.0,15.93584460599136,925.6053634683428,0.9265048007625621,0.0,0.0,0.0,0.0,0.0,0.0,0.0,0.0,58.15777162098869,2.7901893965635907,False,True,True,False,True,14.147860605010084,0,,,False,False,False,False,,,False,False,False,False,45526.0,12937.307307972538,False,False,False,False,10663.471366513057,False,False,False,False
2025-03-31 18:00:00+00:00,940.64,945.43,940.64,942.945,5949.0,,,,,,,,,,,,,,,,,,,,,,,,,"rgba(38, 166, 154, 1.0)",0.0,0.0,16.038022755342947,925.9793284838684,1.0578405938774282,0.0,0.0,0.0,0.0,0.0,0.0,0.0,0.0,60.50141881201991,5.142967738505561,False,False,True,False,True,15.348573836028176,0,,,False,False,False,False,,,False,False,False,False,51475.0,13534.79091560087,False,False,False,False,10590.378787187272,False,False,False,False
2025-03-31 19:00:00+00:00,942.93,948.42,942.55,945.78,10636.0,,,,,,,,,,,,,,,,,,,,,,,,,"rgba(38, 166, 154, 1.0)",0.0,0.0,16.179804925103745,926.7147194511406,1.178338097221351,0.0,0.0,0.0,0.0,0.0,0.0,0.0,0.0,63.243424336016844,7.83095468962626,True,False,True,False,True,16.64220967354414,0,,,False,False,False,False,,,False,False,False,False,62111.0,14287.910436289229,False,False,False,False,10591.086092812277,False,False,False,False
2025-04-01 14:00:00+00:00,954.67,957.0,948.525,956.81,10735.0,,,,,,,,,,,,,,,,,,,,,,,,,"rgba(38, 166, 154, 1.0)",0.0,0.0,16.537444034620183,927.7579646311525,1.7567427776643527,0.0,0.0,0.0,0.0,0.0,0.0,0.0,0.0,68.28134514908388,12.547010320601416,True,False,True,False,True,20.0,0,,,False,False,False,False,,,False,False,False,False,72846.0,15195.78779386614,False,False,False,False,10593.317316179528,False,False,False,False
2025-04-01 15:00:00+00:00,956.5,957.025,951.26,953.53,4948.0,,,,,,,,,,,,,,,,,,,,,,,,,"rgba(38, 166, 154, 1.0)",0.0,0.0,16.83806982020999,928.2016471921138,1.5042313684603965,0.0,0.0,0.0,0.0,0.0,0.0,0.0,0.0,69.20058492048477,13.397705791462727,True,False,True,False,True,19.00707305232671,0,,,False,False,False,False,,,False,False,False,False,67898.0,16012.876355201548,False,False,False,False,10505.793016703876,False,False,False,False
2025-04-01 16:00:00+00:00,953.26,953.82,948.97,953.1,5625.0,,,,,,,,,,,,,,,,,,,,,,,,,"rgba(38, 166, 154, 1.0)",0.0,0.0,17.002104288152726,928.6407239454782,1.4386028717377877,0.0,0.0,0.0,0.0,0.0,0.0,0.0,0.0,69.49167319189225,13.847932048544997,True,False,True,False,True,18.712607251853342,0,,,False,False,False,False,,,False,False,False,False,62273.0,16730.087574500747,False,False,False,False,10430.121807142576,False,False,False,False
2025-04-01 17:00:00+00:00,952.44,953.94,950.24,950.81,3860.0,,,,,,,,,,,,,,,,,,,,,,,,,"rgba(38, 166, 154, 1.0)",0.0,0.0,17.187136315562455,928.9260722865766,1.273273645569916,0.0,0.0,0.0,0.0,0.0,0.0,0.0,0.0,67.92743206887293,13.847932048544997,True,False,True,False,True,17.144113194866588,0,,,False,False,False,False,,,False,False,False,False,58413.0,17376.334278772054,False,False,False,False,10328.259453543465,False,False,False,False
2025-04-01 18:00:00+00:00,951.22,951.22,944.4,946.75,4997.0,,,,,,,,,,,,,,,,,,,,,,,,,"rgba(38, 166, 154, 1.0)",0.0,0.0,17.33211872260314,929.2053446843515,1.0122625858065555,0.0,0.0,0.0,0.0,0.0,0.0,0.0,0.0,64.06494503955167,13.847932048544997,False,False,True,False,False,14.436030950514262,0,,,False,False,False,False,,,False,False,False,False,53416.0,17935.088786077915,False,False,False,False,10245.604268217208,False,False,False,False
2025-04-01 19:00:00+00:00,946.44,956.43,946.02,954.04,17046.0,,,,,,,,,,,,,,,,,,,,,,,,,"rgba(38, 166, 154, 1.0)",0.0,0.0,17.658935278270828,930.3604244173777,1.3409401648218182,0.0,0.0,0.0,0.0,0.0,0.0,0.0,0.0,64.52680864133117,13.847932048544997,True,False,True,False,False,17.53064164689175,0,,,False,False,False,False,,,False,False,False,False,70462.0,18749.459502572827,False,False,False,False,10351.036760182833,False,False,False,False
2025-04-02 14:00:00+00:00,959.07,971.475,956.83,970.49,19649.0,,,,,,,,,,,,,,,,,,,,,,,,,"rgba(38, 166, 154, 1.0)",0.0,0.0,18.43470080855387,932.4082166372324,2.065766282743104,0.0,0.0,0.0,0.0,0.0,0.0,0.0,0.0,68.82274650327005,13.847932048544997,True,False,True,False,True,20.0,0,,,False,False,False,False,,,False,False,False,False,90111.0,19855.83997540115,False,False,False,False,10495.191229017208,False,False,False,False
2025-04-02 15:00:00+00:00,970.36,970.36,960.91,961.1,5800.0,,,,,,,,,,,,,,,,,,,,,,,,,"rgba(38, 166, 154, 1.0)",0.0,0.0,18.853767492882458,932.922772909267,1.4945144041566385,0.0,0.0,0.0,0.0,0.0,0.0,0.0,0.0,66.9922314116994,13.847932048544997,True,False,True,False,True,17.885037738222305,0,,,False,False,False,False,,,False,False,False,False,84311.0,20855.14478198408,False,False,False,False,10422.397566551825,False,False,False,False
2025-04-02 16:00:00+00:00,960.91,965.95,960.06,965.81,1862.0,,,,,,,,,,,,,,,,,,,,,,,,,"rgba(38, 166, 154, 1.0)",0.0,0.0,19.37180068162596,933.0828079519137,1.6894243641030153,0.0,0.0,0.0,0.0,0.0,0.0,0.0,0.0,66.90984953921523,13.847932048544997,True,False,True,False,True,19.525435374837066,0,,,False,False,False,False,,,False,False,False,False,86173.0,21867.824707844793,False,False,False,False,10289.678224434741,False,False,False,False
2025-04-02 17:00:00+00:00,965.84,969.565,961.915,964.23,2112.0,,,,,,,,,,,,,,,,,,,,,,,,,"rgba(38, 166, 154, 1.0)",0.0,0.0,19.797796736774167,933.2703745169624,1.563791460972547,0.0,0.0,0.0,0.0,0.0,0.0,0.0,0.0,66.09976326425675,13.847932048544997,True,False,True,False,False,18.605178185036575,0,,,False,False,False,False,,,False,False,False,False,84061.0,22832.05998369216,False,False,False,False,10162.892515528776,False,False,False,False
2025-04-02 18:00:00+00:00,964.04,967.26,958.16,958.97,1631.0,,,,,,,,,,,,,,,,,,,,,,,,,"rgba(38, 166, 154, 1.0)",0.0,0.0,20.102815605538083,933.3948268739072,1.2722184607337896,0.0,0.0,0.0,0.0,0.0,0.0,0.0,0.0,63.135582960035116,18.185111088159346,False,False,True,False,False,15.608553774772169,0,,,False,False,False,False,,,False,False,False,False,82430.0,23756.059053712437,False,False,False,False,10030.615112187244,False,False,False,False
2025-04-02 19:00:00+00:00,959.24,968.56,959.08,965.0,12611.0,,,,,,,,,,,,,,,,,,,,,,,,,"rgba(38, 166, 154, 1.0)",0.0,0.0,20.54260671788663,934.4167688691587,1.4887707071864569,0.0,0.0,0.0,0.0,0.0,0.0,0.0,0.0,62.970835091263595,17.789641492477173,False,False,True,False,False,17.752407539026212,0,,,False,False,False,False,,,False,False,False,False,95041.0,24861.251936600616,False,False,False,False,10070.621079440156,False,False,False,False
2025-04-03 14:00:00+00:00,962.92,974.99,957.61,965.25,15363.0,,,,,,,,,,,,,,,,,,,,,,,,,"rgba(38, 166, 154, 1.0)",0.0,0.0,21.01396816598608,935.6358292504339,1.4092612359383243,0.0,0.0,0.0,0.0,0.0,0.0,0.0,0.0,62.9343259851198,17.416369135676405,False,False,True,False,False,17.839697118153076,0,,,False,False,False,False,,,False,False,False,False,110404.0,26187.496092622314,False,False,False,False,10152.673465805425,False,False,False,False
2025-04-03 15:00:00+00:00,965.37,976.315,964.53,974.49,9149.0,,,,,,,,,,,,,,,,,,,,,,,,,"rgba(38, 166, 154, 1.0)",0.0,0.0,21.720979970385063,936.4558414253083,1.7510332695186135,0.0,0.0,0.0,0.0,0.0,0.0,0.0,0.0,65.34471773063495,17.416369135676405,True,False,True,False,True,20.0,0,,,False,False,False,False,,,False,False,False,False,119553.0,27635.02328498476,False,False,False,False,10137.112636878208,False,False,False,False
2025-04-03 16:00:00+00:00,975.18,980.875,974.16,977.28,5922.0,,,,,,,,,,,,,,,,,,,,,,,,,"rgba(38, 166, 154, 1.0)",0.0,0.0,22.444256881326012,945.1301848520134,1.4324294770808728,0.0,0.0,0.0,0.0,0.0,0.0,0.0,0.0,67.57443540289214,13.294735862158014,True,False,True,False,True,20.0,0,,,False,False,False,False,,,False,False,False,False,125475.0,29151.922148783444,False,False,False,False,10071.762053360717,False,False,False,False
2025-04-03 17:00:00+00:00,977.28,978.18,971.4,971.4,5612.0,,,,,,,,,,,,,,,,,,,,,,,,,"rgba(38, 166, 154, 1.0)",0.0,0.0,22.85177520890211,945.1571448987958,1.1483945934747808,0.0,0.0,0.0,0.0,0.0,0.0,0.0,0.0,65.95662937292308,13.294735862158014,True,False,True,False,True,18.52440516459166,0,,,False,False,False,False,,,False,False,False,False,119863.0,30558.295448802302,False,False,False,False,10002.618455634194,False,False,False,False
2025-04-03 18:00:00+00:00,971.4,974.73,969.46,970.79,4243.0,,,,,,,,,,,,,,,,,,,,,,,,,"rgba(38, 166, 154, 1.0)",0.0,0.0,23.115945467292523,945.2184140226746,1.1062314545389222,0.0,0.0,0.0,0.0,0.0,0.0,0.0,0.0,64.56732215066177,13.294735862158014,True,False,True,False,False,18.186789802585587,0,,,False,False,False,False,,,False,False,False,False,115620.0,31877.08156587513,False,False,False,False,9913.322045469322,False,False,False,False
2025-04-03 19:00:00+00:00,971.09,972.54,963.79,966.85,11094.0,,,,,,,,,,,,,,,,,,,,,,,,,"rgba(38, 166, 154, 1.0)",0.0,0.0,23.240814304785978,945.2555196081175,0.929161952274432,0.0,0.0,0.0,0.0,0.0,0.0,0.0,0.0,61.63336584794816,15.905913271542843,False,False,True,False,False,16.02118093165009,0,,,False,False,False,False,,,False,False,False,False,104526.0,33003.42138655924,False,False,False,False,9931.62713003569,False,False,False,False
2025-04-04 14:00:00+00:00,962.215,962.605,949.58,954.115,14150.0,,,,,,,,,,,,,,,,,,,,,,,,,"rgba(38, 166, 154, 1.0)",0.0,0.0,23.128053883962103,944.5171683030109,0.414986567617981,0.0,0.0,0.0,0.0,0.0,0.0,0.0,0.0,54.81273489820836,9.653976491274733,False,True,True,False,False,9.541241537632391,0,,,False,False,False,False,,,False,False,False,False,90376.0,33892.91872940328,False,False,False,False,9997.028259802577,False,False,False,False
2025-04-04 15:00:00+00:00,953.88,961.565,941.665,943.555,8595.0,,,,,,,,,,,,,,,,,,,,,,,,,"rgba(239, 83, 80, 1.0)",0.0,0.0,22.89707040881652,944.040389440823,-0.02119875740243793,0.0,0.0,0.0,0.0,0.0,0.0,0.0,0.0,47.57265944030753,3.308223183903209,False,True,False,True,False,4.738017905780669,0,,,False,False,False,False,,,False,False,False,False,81781.0,34635.36960181563,False,False,False,False,9975.291387557576,False,False,False,False
2025-04-04 16:00:00+00:00,943.87,944.96,926.555,927.25,20203.0,,,,,,,,,,,,,,,,,,,,,,,,,"rgba(239, 83, 80, 1.0)",0.0,0.0,22.562921020603184,941.9817445295128,-0.6529183218813094,0.0,0.0,0.0,0.0,0.0,0.0,0.0,0.0,39.94182911383007,-3.216580483331576,False,True,False,True,False,0.0,0,,,False,False,False,False,,,False,False,False,False,61578.0,35053.08480178748,False,False,False,False,10133.860513331876,False,False,False,False
2025-04-04 17:00:00+00:00,928.42,933.58,921.33,931.86,11469.0,,,,,,,,,,,,,,,,,,,,,,,,,"rgba(239, 83, 80, 1.0)",0.0,0.0,22.18574271366077,941.0240731781499,-0.4130613654194765,0.0,0.0,0.0,0.0,0.0,0.0,0.0,0.0,36.73279862195474,-5.670514480217584,False,True,False,True,False,0.0,0,,,False,False,False,False,,,False,False,False,False,73047.0,35642.13775059698,False,False,False,False,10154.560350334483,False,False,False,False
2025-04-04 18:00:00+00:00,932.695,935.35,913.915,918.88,13568.0,,,,,,,,,,,,,,,,,,,,,,,,,"rgba(239, 83, 80, 1.0)",0.0,0.0,21.928994438644132,939.8153358196702,-0.9546874517318087,0.0,0.0,0.0,0.0,0.0,0.0,0.0,0.0,32.65767357693829,-9.15873273985234,False,True,False,True,False,0.0,0,,,False,False,False,False,,,False,False,False,False,59479.0,36011.701506401674,False,False,False,False,10207.481895290537,False,False,False,False
2025-04-04 19:00:00+00:00,918.8,930.63,914.11,916.71,25711.0,,,,,,,,,,,,,,,,,,,,,,,,,"rgba(239, 83, 80, 1.0)",0.0,0.0,21.657567713209335,937.9054572776411,-0.9786628654848226,0.0,0.0,0.0,0.0,0.0,0.0,0.0,0.0,29.656828723747704,-11.811216512407952,False,True,False,True,False,0.0,0,,,False,False,False,False,,,False,False,False,False,33768.0,35976.91543653498,False,False,False,False,10447.846517068978,False,False,False,False
2025-04-07 14:00:00+00:00,896.3,935.55,889.86,911.92,17767.0,,,,,,,,,,,,,,,,,,,,,912.4433333333333,,,,"rgba(239, 83, 80, 1.0)",0.0,0.0,21.38211137549024,932.4546264591972,-0.9603647693433864,1.0,935.55,889.86,0.0,0.0,0.0,0.0,0.0,27.02944165766224,-14.294191970832259,False,True,False,True,False,0.0,0,,,False,False,False,False,,,False,False,False,False,16001.0,35667.21132123987,False,False,False,False,10561.321764866358,False,False,False,False
2025-04-07 15:00:00+00:00,911.75,917.08,891.05,901.11,9277.0,,,,,,,,,,,,,,,,,,,,,909.2313956268797,,,,"rgba(239, 83, 80, 1.0)",0.0,0.0,21.459940436556103,931.1587731623957,-1.4002263077677932,0.0,0.0,0.0,0.0,0.0,0.0,0.0,0.0,24.058940711814127,-17.222274048052647,False,True,False,True,False,0.0,0,,,False,False,False,False,,,False,False,False,False,6724.0,35218.47936277103,False,False,False,False,10541.409799519593,False,False,False,False
2025-04-07 16:00:00+00:00,900.33,904.05,891.195,892.13,11043.0,,,,,,,,,,,,,,,,,,,,,905.3346611267185,,,,"rgba(239, 83, 80, 1.0)",0.0,0.0,21.714384716832893,929.4955122784296,-1.7207723251520006,0.0,0.0,0.0,0.0,0.0,0.0,0.0,0.0,21.259350775339854,-20.063508324563074,False,True,False,True,False,0.0,0,,,False,False,False,False,,,False,False,False,False,-4319.0,34605.495186604036,True,False,False,False,10549.186391775103,False,False,False,False
2025-04-07 17:00:00+00:00,894.475,915.97,891.23,915.76,7971.0,,,,,,,,,,,,,,,,,,,,,905.7359407341467,,,,"rgba(239, 83, 80, 1.0)",0.0,0.0,21.53594656144216,929.0918858060382,-0.6190526972196149,0.0,0.0,0.0,0.0,0.0,0.0,0.0,0.0,27.4479582191738,-20.063508324563074,False,True,False,True,True,0.0,0,,,False,False,False,False,,,False,False,False,False,3652.0,34125.59603642413,False,False,False,False,10509.214509732079,False,False,False,False
2025-04-07 18:00:00+00:00,916.68,923.15,908.49,911.01,8801.0,,,,,,,,,,,,,,,,,,,,,907.0964990551535,,,,"rgba(239, 83, 80, 1.0)",0.0,0.0,21.386368485135037,928.953278468745,-0.839005391738985,0.0,0.0,0.0,0.0,0.0,0.0,0.0,0.0,30.765890190360025,-28.288154640061983,False,True,False,True,True,0.0,0,,,False,False,False,False,,,False,False,False,False,-5149.0,33516.68757074313,False,False,False,False,10482.73056384476,False,False,False,False
2025-04-07 19:00:00+00:00,910.255,912.16,901.26,908.24,13865.0,,,,,,,,,,,,,,,,,,,,,907.1214152503734,,,,"rgba(239, 83, 80, 1.0)",0.0,0.0,21.192385334623527,928.2266740930937,-0.9431063930514721,0.0,0.0,0.0,0.0,0.0,0.0,0.0,0.0,32.49923726014308,-26.450320451764235,False,True,False,True,True,0.0,0,,,False,False,False,False,,,False,False,False,False,-19014.0,32702.258306080446,False,False,False,False,10535.168849676624,False,False,False,False
2025-04-08 14:00:00+00:00,939.85,942.67,936.03,937.63,15907.0,,,,,,,,,,,,,,,,,,,,,913.071245504996,,,,"rgba(239, 83, 80, 1.0)",0.0,0.0,20.724037491641198,929.4263357087158,0.3958526080930449,0.0,0.0,0.0,0.0,0.0,0.0,0.0,0.0,40.36207118000407,-18.948915859563648,False,True,False,True,True,2.61016323977562,0,,,False,False,False,False,,,False,False,False,False,-3107.0,32147.076006761366,False,False,False,False,10618.453053557605,False,False,False,False
2025-04-08 15:00:00+00:00,937.63,937.63,929.44,934.01,9481.0,,,,,,,,,,,,,,,,,,,,,915.1487490614019,,,,"rgba(239, 83, 80, 1.0)",0.0,0.0,20.244148428708943,929.795247399535,0.20819609257991245,0.0,0.0,0.0,0.0,0.0,0.0,0.0,0.0,44.82385418491702,-14.792186443261947,False,True,False,True,True,1.523502038231623,0,,,False,False,False,False,,,False,False,False,False,-12588.0,31453.508936889095,False,False,False,False,10600.818122494697,False,False,False,False
2025-04-08 16:00:00+00:00,933.37,936.36,918.44,920.0,6423.0,,,,,,,,,,,,,,,,,,,,,915.7738685200841,,,,"rgba(239, 83, 80, 1.0)",0.0,0.0,19.790698217291958,929.809793682933,-0.49567698800852644,0.0,0.0,0.0,0.0,0.0,0.0,0.0,0.0,45.043967231346706,-14.404677373059265,False,True,False,True,True,0.0,0,,,False,False,False,False,,,False,False,False,False,-19011.0,30671.113449495464,False,False,False,False,10536.04574850253,False,False,False,False
2025-04-08 17:00:00+00:00,919.28,921.84,912.255,916.87,11048.0,,,,,,,,,,,,,,,,,,,,,915.8941145007154,,,,"rgba(239, 83, 80, 1.0)",0.0,0.0,19.522001411666587,929.5252757166764,-0.6482570843947124,0.0,0.0,0.0,0.0,0.0,0.0,0.0,0.0,44.626650347377485,-14.378646706034452,False,True,False,True,True,0.0,0,,,False,False,False,False,,,False,False,False,False,-30059.0,29729.561302991657,False,False,False,False,10543.983023719546,False,False,False,False
2025-04-08 18:00:00+00:00,916.75,919.25,908.91,915.28,5903.0,,,,,,,,,,,,,,,,,,,,,915.8230633295314,,,,"rgba(239, 83, 80, 1.0)",0.0,0.0,19.209180059975797,929.3316757823228,-0.7315083589434861,0.0,0.0,0.0,0.0,0.0,0.0,0.0,0.0,44.04454144636567,-14.375012182374789,False,True,False,True,True,0.0,0,,,False,False,False,False,,,False,False,False,False,-35962.0,28711.08748434062,False,False,False,False,10472.0297985456,False,False,False,False
2025-04-08 19:00:00+00:00,914.39,915.46,899.57,909.63,15799.0,,,,,,,,,,,,,,,,,,,,,914.9218306511109,,,,"rgba(239, 83, 80, 1.0)",0.0,0.0,19.078823001829285,928.5534892818799,-0.9918583174688264,0.0,0.0,0.0,0.0,0.0,0.0,0.0,0.0,42.55828428731469,-14.375012182374789,False,True,False,True,True,0.0,0,,,False,False,False,False,,,False,False,False,False,-51761.0,27463.45822101751,False,False,False,False,10554.618483839467,False,False,False,False
2025-04-09 14:00:00+00:00,922.32,924.03,909.46,909.46,12994.0,,,,,,,,,,,,,,,,,,,,,914.86807378366,,,,"rgba(239, 83, 80, 1.0)",0.0,0.0,19.02330672745519,928.1926065815369,-0.9847187373844536,0.0,0.0,0.0,0.0,0.0,0.0,0.0,0.0,41.53321819383066,-14.375012182374789,False,True,False,True,False,0.0,0,,,False,False,False,False,,,False,False,False,False,-64755.0,26033.714682707163,False,False,False,False,10592.438352307074,False,False,False,False
2025-04-09 15:00:00+00:00,908.52,916.36,907.7,910.1,9261.0,,,,,,,,,,,,,,,,,,,,,914.6607874823196,,,,"rgba(239, 83, 80, 1.0)",0.0,0.0,18.975481311655948,927.8761779873097,-0.9367972119047334,0.0,0.0,0.0,0.0,0.0,0.0,0.0,0.0,41.069049299446654,-14.375012182374789,False,True,False,True,False,0.0,0,,,False,False,False,False,,,False,False,False,False,-55494.0,24769.71910623108,False,False,False,False,10571.795897232545,False,False,False,False
2025-04-09 16:00:00+00:00,910.175,920.55,908.29,917.06,7849.0,,,,,,,,,,,,,,,,,,,,,914.69149443965,,,,"rgba(239, 83, 80, 1.0)",0.0,0.0,18.84698702519644,927.6995981386012,-0.5645251479388861,0.0,0.0,0.0,0.0,0.0,0.0,0.0,0.0,43.10104730446209,-13.117440553075838,False,True,False,True,False,0.0,0,,,False,False,False,False,,,False,False,False,False,-47645.0,23647.01028287866,False,False,False,False,10529.58200735297,False,False,False,False
2025-04-09 17:00:00+00:00,916.645,967.61,911.06,960.77,12019.0,,,,,,,,,,,,,,,,,,,,,916.869650785597,,,,"rgba(38, 166, 154, 1.0)",0.0,0.0,19.04062700250818,928.3696468678444,1.7016431826476919,0.0,0.0,0.0,0.0,0.0,0.0,0.0,0.0,52.43868177442347,-4.1737338277619855,False,False,True,False,True,8.67424484315119,0,,,False,False,False,False,,,False,False,False,False,-35626.0,22728.048883144107,False,False,False,False,10552.673759176956,False,False,False,False
2025-04-09 18:00:00+00:00,963.48,963.48,951.88,954.42,15283.0,,,,,,,,,,,,,,,,,,,,,920.0533198647723,,,,"rgba(38, 166, 154, 1.0)",0.0,0.0,19.115942509749058,929.4959824365765,1.3038340929678114,0.0,0.0,0.0,0.0,0.0,0.0,0.0,0.0,57.02881529063872,-0.03023079565527098,True,False,True,False,True,6.862936015941404,0,,,False,False,False,False,,,False,False,False,False,-50909.0,21586.38921053722,False,False,False,False,10626.012150507546,False,False,False,False
2025-04-09 19:00:00+00:00,952.28,966.62,952.28,966.06,20933.0,,,,,,,,,,,,,,,,,,,,,924.1682268788038,,,,"rgba(38, 166, 154, 1.0)",0.0,0.0,19.334822567370683,931.0874951525384,1.8087833351251392,0.0,0.0,0.0,0.0,0.0,0.0,0.0,0.0,61.49148502300608,3.982690297097662,True,False,True,False,True,9.514481914149108,0,,,False,False,False,False,,,False,False,False,False,-29976.0,20786.97232355215,False,False,False,False,10785.810411739985,False,False,False,False
2025-04-10 14:00:00+00:00,980.52,993.77,978.615,982.0,15510.0,,,,,,,,,,,,,,,,,,,,,928.3081674033829,,,,"rgba(38, 166, 154, 1.0)",0.0,0.0,19.939095358408476,940.3096140219766,2.09088653364819,0.0,0.0,0.0,0.0,0.0,0.0,0.0,0.0,66.05383935290719,8.101321853691758,True,False,True,False,True,12.891814540009918,0,,,False,False,False,False,,,False,False,False,False,-14466.0,20240.41461310948,False,False,False,False,10859.053661170374,False,False,False,False
2025-04-10 15:00:00+00:00,982.72,985.195,965.04,965.38,11226.0,,,,,,,,,,,,,,,,,,,,,930.3598700495048,,,,"rgba(38, 166, 154, 1.0)",0.0,0.0,20.117166700458803,940.3186332608911,1.2457701977752804,0.0,0.0,0.0,0.0,0.0,0.0,0.0,0.0,65.11546923880633,8.101321853691758,True,False,True,False,True,8.31994160892459,0,,,False,False,False,False,,,False,False,False,False,-25692.0,19528.284153991503,False,False,False,False,10864.742751694863,False,False,False,False
2025-04-10 16:00:00+00:00,965.75,965.75,951.58,957.59,6564.0,,,,,,,,,,,,,,,,,,,,,931.1088483978702,,,,"rgba(38, 166, 154, 1.0)",0.0,0.0,20.182766008794733,940.0086187265084,0.8711086114673503,0.0,0.0,0.0,0.0,0.0,0.0,0.0,0.0,62.860978592328934,8.101321853691758,True,False,True,False,False,6.297376031391892,0,,,False,False,False,False,,,False,False,False,False,-32256.0,18725.427035324967,False,False,False,False,10798.064569498043,False,False,False,False
2025-04-10 17:00:00+00:00,958.455,963.93,945.5,962.8,7378.0,,,,,,,,,,,,,,,,,,,,,931.8779659495366,,,,"rgba(38, 166, 154, 1.0)",0.0,0.0,20.34916807804345,939.8426190891914,1.1281729465677424,0.0,0.0,0.0,0.0,0.0,0.0,0.0,0.0,62.12079631205739,8.101321853691758,True,False,True,False,False,7.416982561520502,0,,,False,False,False,False,,,False,False,False,False,-24878.0,18049.404910746285,False,False,False,False,10745.040312606601,False,False,False,False
2025-04-10 18:00:00+00:00,961.2,972.41,957.79,964.99,12692.0,,,,,,,,,,,,,,,,,,,,,933.46739319255,,,,"rgba(38, 166, 154, 1.0)",0.0,0.0,20.50523150188605,940.2495021916319,1.2065456469531932,0.0,0.0,0.0,0.0,0.0,0.0,0.0,0.0,61.95961194421529,8.101321853691758,True,False,True,False,False,7.88610355430896,0,,,False,False,False,False,,,False,False,False,False,-12186.0,17580.638943137812,False,False,False,False,10775.225734116577,False,False,False,False
2025-04-10 19:00:00+00:00,964.995,968.54,956.88,964.71,18238.0,,,,,,,,,,,,,,,,,,,,,935.3933243359977,,,,"rgba(38, 166, 154, 1.0)",0.0,0.0,20.624323232139712,940.8039055790913,1.1591214000978667,0.0,0.0,0.0,0.0,0.0,0.0,0.0,0.0,61.77758436112951,8.101321853691758,True,False,True,False,False,7.811110034699205,0,,,False,False,False,False,,,False,False,False,False,-30424.0,16836.38097502715,False,False,False,False,10890.92766071942,False,False,False,False
2025-04-11 14:00:00+00:00,953.75,956.425,943.81,950.8,10551.0,,,,,,,,,,,,,,,,,,,,,935.9303027518043,,,,"rgba(38, 166, 154, 1.0)",0.0,0.0,20.587388702226676,940.6956784191854,0.4908015157707564,0.0,0.0,0.0,0.0,0.0,0.0,0.0,0.0,58.20397255363417,8.101321853691758,True,False,True,False,False,4.179511330703647,0,,,False,False,False,False,,,False,False,False,False,-40975.0,15940.080494794169,False,False,False,False,10885.657464429198,False,False,False,False
2025-04-11 15:00:00+00:00,955.36,956.63,947.25,955.89,3313.0,,,,,,,,,,,,,,,,,,,,,936.1235138473759,,,,"rgba(38, 166, 154, 1.0)",0.0,0.0,20.58761102072153,940.7073969548686,0.7374630805803554,0.0,0.0,0.0,0.0,0.0,0.0,0.0,0.0,56.880637660881604,12.943484200174353,True,False,True,False,False,5.320493581593922,0,,,False,False,False,False,0.09141541482290592,0.09141541482290592,False,False,False,False,-37662.0,15109.04048712294,False,False,False,False,10768.251922345024,False,False,False,False
2025-04-11 16:00:00+00:00,955.89,968.02,955.12,963.32,5845.0,,,,,,,,,,,,,,,,,,,,,936.6257380259962,,,,"rgba(38, 166, 154, 1.0)",0.0,0.0,20.704345089946642,940.8975320190641,1.082983686927802,0.0,0.0,0.0,0.0,0.0,0.0,0.0,0.0,57.468041766298484,12.943484200174353,True,False,True,False,False,6.953436936200696,0,0.9959521831061231,0.961356512295655,False,False,False,False,0.15965318318643992,0.12553429900467292,False,False,False,False,-31817.0,14381.504975694677,False,False,False,False,10691.922435176883,False,False,False,False
2025-04-11 17:00:00+00:00,962.96,970.06,962.33,965.88,3390.0,,,,,,,,,,,,,,,,,,,,,936.9518031258127,,,,"rgba(38, 166, 154, 1.0)",0.0,0.0,20.881173402964656,941.04720272624,1.1892433818031645,0.0,0.0,0.0,0.0,0.0,0.0,0.0,0.0,58.35589002118405,12.943484200174353,True,False,True,False,False,7.509512352981577,0,1.0063396922367585,0.9529133767506197,False,False,False,False,0.19291814678142244,0.15922622289304766,False,False,False,False,-28427.0,13717.80722413352,False,False,False,False,10578.714335406698,False,False,False,False
2025-04-11 18:00:00+00:00,965.68,966.1,959.96,960.0,4530.0,,,,,,,,,,,,,,,,,,,,,937.3171076569057,,,,"rgba(38, 166, 154, 1.0)",0.0,0.0,20.907217349022634,941.1897965171316,0.8996990450165141,0.0,0.0,0.0,0.0,0.0,0.0,0.0,0.0,57.24205187659206,12.209917950860245,True,False,True,False,False,5.9588994890030165,1,1.003602536580551,0.9539319466034989,False,False,False,False,0.1701129534437855,0.1646695881684166,False,False,False,False,-32957.0,12994.16680205393,False,False,False,False,10484.935818578686,False,False,False,False
2025-04-11 19:00:00+00:00,960.9,966.54,960.68,962.93,15122.0,,,,,,,,,,,,,,,,,,,,,938.5262917698162,,,,"rgba(38, 166, 154, 1.0)",0.0,0.0,20.959921523045974,941.712443418999,1.012291794970306,0.0,0.0,0.0,0.0,0.0,0.0,0.0,0.0,57.18228212000942,11.737881057871448,True,False,True,False,False,6.6123925656405085,0,1.0062965977000156,0.9511314969626726,False,False,False,False,0.17427833400314446,0.16947396108578053,False,False,False,False,-17835.0,12516.19522372751,False,False,False,False,10556.828286507698,False,False,False,False
2025-04-14 14:00:00+00:00,971.82,986.93,970.37,984.99,10163.0,,,,,,,,,,,,,,,,,,,,,939.8032816891074,,,,"rgba(38, 166, 154, 1.0)",0.0,0.0,21.43232658795975,942.5013858746931,1.9824545856433577,0.0,0.0,0.0,0.0,0.0,0.0,0.0,0.0,61.12603151625929,11.737881057871448,True,False,True,False,True,11.248321015308722,0,1.0073582385558746,0.9360424171287491,False,False,False,False,0.28487079632777734,0.22717237870677892,False,False,False,False,-7672.0,12203.199948941037,False,False,False,False,10550.722421600602,False,False,False,False
2025-04-14 15:00:00+00:00,985.16,986.38,975.96,977.45,7014.0,,,,,,,,,,,,,,,,,,,,,940.6234495473443,,,,"rgba(38, 166, 154, 1.0)",0.0,0.0,21.673663127199898,943.0012183226756,1.589430521049857,0.0,0.0,0.0,0.0,0.0,0.0,0.0,0.0,61.531188471620496,11.737881057871448,True,False,True,False,True,9.256266193966042,0,1.014505746569423,0.9363152496102995,False,False,False,False,0.3037948123560583,0.26548359553141865,False,False,False,False,-14686.0,11786.313128027223,False,False,False,False,10495.889515839352,False,False,False,False
2025-04-14 16:00:00+00:00,976.6,980.79,973.25,973.65,6127.0,,,,,,,,,,,,,,,,,,,,,941.2421928767269,,,,"rgba(38, 166, 154, 1.0)",0.0,0.0,21.866751603191283,943.3611540908947,1.385155255739258,0.0,0.0,0.0,0.0,0.0,0.0,0.0,0.0,60.72143008442578,11.737881057871448,True,False,True,False,True,8.267232826469666,1,1.012817711747141,0.9420532614764644,False,False,False,False,0.268664681828908,0.26707413868016333,False,False,False,False,-20813.0,11280.897420615947,False,False,False,False,10428.154794663547,False,False,False,False
2025-04-14 17:00:00+00:00,973.34,981.555,972.92,980.95,4270.0,,,,,,,,,,,,,,,,,,,,,941.6918631884911,,,,"rgba(38, 166, 154, 1.0)",0.0,0.0,22.253177511343047,943.6311368565041,1.6770127827575865,0.0,0.0,0.0,0.0,0.0,0.0,0.0,0.0,61.558045321855786,11.737881057871448,True,False,True,False,True,9.768234089746063,0,1.0060537726965957,0.9458029735420229,False,False,False,False,0.27038737912332295,0.26873075890174314,False,False,False,False,-16543.0,10849.519166032755,False,False,False,False,10332.67952652923,False,False,False,False
2025-04-14 18:00:00+00:00,981.96,985.59,980.99,982.87,7498.0,,,,,,,,,,,,,,,,,,,,,942.5528209644883,,,,"rgba(38, 166, 154, 1.0)",0.0,0.0,22.646493756019577,944.1708898074965,1.7088345158162548,0.0,0.0,0.0,0.0,0.0,0.0,0.0,0.0,62.471324837665335,8.754818278057272,True,False,True,False,True,10.159650978588484,0,1.008823291548726,0.9447513141932878,False,False,False,False,0.3190009114631529,0.293865835182448,False,False,False,False,-9045.0,10541.077008419843,False,False,False,False,10288.731006738079,False,False,False,False
2025-04-14 19:00:00+00:00,983.04,986.89,978.86,979.84,19433.0,,,,,,,,,,,,,,,,,,,,,944.5605615157377,,,,"rgba(38, 166, 154, 1.0)",0.0,0.0,22.96291977738664,945.4185894467644,1.4989997303014173,0.0,0.0,0.0,0.0,0.0,0.0,0.0,0.0,62.030428196876386,8.754818278057272,True,False,True,False,True,9.344658997033768,0,1.0038103677447936,0.9454062109799815,False,False,False,False,0.3156230889351935,0.3047444620588208,False,False,False,False,-28478.0,9936.130078056744,False,False,False,False,10430.502619036712,False,False,False,False
2025-04-15 14:00:00+00:00,989.07,993.69,984.13,984.72,5830.0,,,,,,,,,,,,,,,,,,,,,945.2087701410065,,,,"rgba(38, 166, 154, 1.0)",0.0,0.0,23.361581339555684,951.0485590305875,1.4413168560811525,0.0,0.0,0.0,0.0,0.0,0.0,0.0,0.0,62.79209666001504,9.520781712032026,True,False,True,False,True,10.361289796554669,0,1.0056315301786112,0.936048183531968,False,False,False,False,0.34282825361249125,0.323786357835656,False,False,False,False,-22648.0,9430.949766769041,False,False,False,False,10359.176997036142,False,False,False,False
2025-04-15 15:00:00+00:00,985.6,986.3,979.85,982.53,2688.0,,,,,,,,,,,,,,,,,,,,,945.4691674250097,,,,"rgba(38, 166, 154, 1.0)",0.0,0.0,23.70082483416582,951.009851740939,1.3299177762633498,0.0,0.0,0.0,0.0,0.0,0.0,0.0,0.0,62.45251010361227,9.520781712032026,True,False,True,False,True,9.760276907912932,0,1.0019593631273345,0.941967805911542,False,False,False,False,0.29665938597024627,0.31022287190295117,False,False,False,False,-25336.0,8891.92728976487,False,False,False,False,10240.244020337906,False,False,False,False
2025-04-15 16:00:00+00:00,983.2,983.55,977.5,978.01,2464.0,,,,,,,,,,,,,,,,,,,,,945.6845400413824,,,,"rgba(38, 166, 154, 1.0)",0.0,0.0,23.930728653216253,950.9469638942868,1.1308906008625008,0.0,0.0,0.0,0.0,0.0,0.0,0.0,0.0,60.495225310370834,9.520781712032026,True,False,True,False,False,8.521791589007773,0,1.0007015753555708,0.9470151157599338,False,False,False,False,0.2768725915801877,0.29354773174156945,False,False,False,False,-27800.0,8323.060200001073,False,False,False,False,10119.68209754197,False,False,False,False
2025-04-15 17:00:00+00:00,977.98,979.49,973.245,976.61,3310.0,,,,,,,,,,,,,,,,,,,,,945.9424765016803,,,,"rgba(38, 166, 154, 1.0)",0.0,0.0,24.028163446893352,950.8445648031336,1.0723014787964442,0.0,0.0,0.0,0.0,0.0,0.0,0.0,0.0,58.65365677011924,11.635221777101115,True,False,True,False,False,8.137853825913705,0,0.9953463561052701,0.9501514723269413,False,False,False,False,0.24505279017984347,0.2693002609607065,False,False,False,False,-31110.0,7711.694925582451,False,False,False,False,10014.105630913413,False,False,False,False
2025-04-15 18:00:00+00:00,977.45,978.51,972.81,978.26,4998.0,,,,,,,,,,,,,,,,,,,,,946.3248381685167,,,,"rgba(38, 166, 154, 1.0)",0.0,0.0,24.21129564055971,950.8438114795957,1.1323718039473933,0.0,0.0,0.0,0.0,0.0,0.0,0.0,0.0,57.971694407552945,10.913555514761534,True,False,True,False,False,8.505454991842072,0,0.9931307268788133,0.9523762199121466,False,False,False,False,0.2396876310557514,0.25449394600822894,False,False,False,False,-26112.0,7187.296554643188,False,False,False,False,9936.336551364368,False,False,False,False
2025-04-15 19:00:00+00:00,978.26,979.125,973.85,976.55,12209.0,,,,,,,,,,,,,,,,,,,,,947.219308849551,,,,"rgba(38, 166, 154, 1.0)",0.0,0.0,24.332786828615376,951.092878530895,1.0462065709287114,0.0,0.0,0.0,0.0,0.0,0.0,0.0,0.0,56.74967982646276,9.670657451637112,True,False,True,False,False,8.022752229371761,0,0.9919106102508108,0.9573015708558815,False,False,False,False,0.245964147379654,0.25022904669394147,False,False,False,False,-38321.0,6481.741569299882,False,False,False,False,9971.571643591276,False,False,False,False
2025-04-16 14:00:00+00:00,966.13,976.75,965.04,975.58,5832.0,,,,,,,,,,,,,,,,,,,,,947.5715768670165,,,,"rgba(38, 166, 154, 1.0)",0.0,0.0,24.414145012362724,951.137328083772,1.0011684580332787,0.0,0.0,0.0,0.0,0.0,0.0,0.0,0.0,55.47709740087247,8.395128735096975,True,False,True,False,False,7.745891775458407,0,0.9788601373357187,0.9636548279733267,False,False,False,False,0.20388771884247575,0.2270583827682086,False,False,False,False,-44153.0,5696.70681628748,False,False,False,False,9907.39223826428,False,False,False,False
2025-04-16 15:00:00+00:00,975.465,978.39,973.35,974.11,3869.0,,,,,,,,,,,,,,,,,,,,,947.8258330606196,,,,"rgba(38, 166, 154, 1.0)",0.0,0.0,24.436915832145804,951.2372085919924,0.9359933784245952,0.0,0.0,0.0,0.0,0.0,0.0,0.0,0.0,53.899234853347096,6.856445562747247,False,False,True,False,False,7.321373945737111,1,0.9855071889258431,0.9608424541054377,False,False,False,False,0.2412786907234758,0.2341685367458422,False,False,False,False,-48022.0,4863.858648593101,False,False,False,False,9813.773753950103,False,False,False,False
2025-04-16 16:00:00+00:00,973.97,975.11,972.66,973.39,2216.0,,,,,,,,,,,,,,,,,,,,,947.9611973740907,,,,"rgba(38, 166, 154, 1.0)",0.0,0.0,24.43583131571506,951.2807336838289,0.9047887927574738,0.0,0.0,0.0,0.0,0.0,0.0,0.0,0.0,52.470572748109745,5.477436039770041,False,False,False,False,False,7.110831806102933,0,0.9931287643033473,0.9598621732242942,False,False,False,False,0.22628599980160902,0.2302272682737256,False,False,False,False,-50238.0,4009.5662664443707,False,False,False,False,9695.978812028396,False,False,False,False
2025-04-16 17:00:00+00:00,973.06,973.88,964.98,964.98,4806.0,,,,,,,,,,,,,,,,,,,,,948.1852419856467,,,,"rgba(38, 166, 154, 1.0)",0.0,0.0,24.430637991765078,951.2650107039345,0.5613848193685503,0.0,0.0,0.0,0.0,0.0,0.0,0.0,0.0,47.77362212912372,1.1616836036627092,False,True,False,True,False,4.6818554681891165,0,0.9844042145132685,0.9604829196658563,False,False,False,False,0.19298785323302076,0.21160756075337317,False,False,False,False,-55044.0,3094.0070995227525,False,False,False,False,9620.165187035707,False,False,False,False
2025-04-16 18:00:00+00:00,965.81,969.705,963.44,963.725,4845.0,,,,,,,,,,,,,,,,,,,,,948.3801135765165,,,,"rgba(38, 166, 154, 1.0)",0.0,0.0,24.39914428015036,951.2257860868342,0.5122808312312169,0.0,0.0,0.0,0.0,0.0,0.0,0.0,0.0,44.17383530134245,-1.9696801632796408,False,True,False,True,False,4.3245398100945955,0,0.983954175401747,0.962096098575798,False,False,False,False,0.1718547657327346,0.1917311632430539,False,False,False,False,-59889.0,2117.5263692975936,False,False,False,False,9546.131618244455,False,False,False,False
2025-04-16 19:00:00+00:00,963.725,969.325,959.41,968.14,15341.0,,,,,,,,,,,,,,,,,,,,,948.9694567709817,,,,"rgba(38, 166, 154, 1.0)",0.0,0.0,24.416903213563568,952.8164587777062,0.6275792260904557,0.0,0.0,0.0,0.0,0.0,0.0,0.0,0.0,44.43331822533844,-1.9696801632796408,False,True,False,True,False,5.44420159612336,0,0.981179442834998,0.9602588573773954,False,False,False,False,0.15565157116253098,0.17369136720279243,False,False,False,False,-44548.0,1394.0298364402665,False,False,False,False,9635.974538891827,False,False,False,False
2025-04-17 14:00:00+00:00,980.78,983.99,977.17,981.16,4951.0,,,,,,,,,,,,,,,,,,,,,949.3164040745006,,,,"rgba(38, 166, 154, 1.0)",0.0,0.0,24.58629477560177,953.4602406493499,1.1266341514028362,0.0,0.0,0.0,0.0,0.0,0.0,0.0,0.0,50.03320163473686,-4.503379332040005,False,True,False,False,True,8.609247428077314,0,0.9879788060867402,0.9551779507553192,False,False,False,False,0.2772970911907649,0.22549422919677867,False,False,False,False,-39597.0,758.5099940148359,False,False,False,False,9563.33927472296,False,False,False,False
2025-04-17 15:00:00+00:00,981.805,988.31,980.08,987.21,3169.0,,,,,,,,,,,,,,,,,,,,,949.56522493742,,,,"rgba(38, 166, 154, 1.0)",0.0,0.0,24.859096373812793,953.8816161511099,1.3406916867661798,0.0,0.0,0.0,0.0,0.0,0.0,0.0,0.0,55.49682025660168,0.2698259389637627,False,False,True,False,True,10.011421763810734,0,0.9919058767977649,0.9515887225293642,False,False,False,False,0.3054210573553251,0.26545764327605187,False,False,False,False,-36428.0,181.97495534793927,False,False,False,False,9464.202231704001,False,False,False,False
2025-04-17 16:00:00+00:00,988.115,992.94,983.855,992.875,4743.0,,,,,,,,,,,,,,,,,,,,,949.9794245699594,,,,"rgba(38, 166, 154, 1.0)",0.0,0.0,25.23806949827957,954.5494345964447,1.5185616873813532,0.0,0.0,0.0,0.0,0.0,0.0,0.0,0.0,60.52277616116581,4.560401481225924,True,False,True,False,True,11.296925314545383,0,0.9949481061290548,0.9495949842472048,False,False,False,False,0.338718934501461,0.30208828888875644,False,False,False,False,-31685.0,-312.08667186675746,False,False,False,False,9391.005297879132,False,False,False,False
2025-04-17 17:00:00+00:00,992.72,997.415,990.03,996.19,4194.0,,,,,,,,,,,,,,,,,,,,,950.3805552062116,,,,"rgba(38, 166, 154, 1.0)",0.0,0.0,25.687657638541985,955.1614285042235,1.597209526578901,0.0,0.0,0.0,0.0,0.0,0.0,0.0,0.0,64.61156094741378,8.008159344173436,True,False,True,False,True,12.040551547908226,0,1.0005770476358709,0.9449331684625804,False,False,False,False,0.3428282536523013,0.32245827127052884,False,False,False,False,-27491.0,-733.4651730781255,False,False,False,False,9310.431572330619,False,False,False,False
2025-04-17 18:00:00+00:00,996.63,999.94,995.79,996.74,9082.0,,,,,,,,,,,,,,,,,,,,,951.2812214257896,,,,"rgba(38, 166, 154, 1.0)",0.0,0.0,26.12931335968548,960.4922402423106,1.387245017070198,0.0,0.0,0.0,0.0,0.0,0.0,0.0,0.0,67.46306044870983,10.428387728557198,True,False,True,False,True,12.164731321954566,0,1.0027952343802065,0.9422174480647021,False,False,False,False,0.3428282536835368,0.3326432624770328,False,False,False,False,-18409.0,-1007.5044727203251,False,True,False,False,9306.889997565802,False,True,False,False
2025-04-17 19:00:00+00:00,996.65,998.525,993.25,994.74,15879.0,,,,,,,,,,,,,,,,,,,,,952.7116743767746,,,,"rgba(38, 166, 154, 1.0)",0.0,0.0,26.510201605970078,961.7119808896254,1.2458607294384654,0.0,0.0,0.0,0.0,0.0,0.0,0.0,0.0,68.05612321807342,10.967517614966681,True,False,True,False,True,11.53143771986263,0,1.0029942932293745,0.9418050304126255,False,False,False,False,0.3284235754302238,0.3305334189536283,False,False,False,False,-34288.0,-1523.4811475618703,False,False,False,False,9408.783175898116,False,False,False,False
2025-04-18 14:00:00+00:00,994.74,994.74,994.74,994.74,0.0,,,,,,,,,,,,,,,,,,,,,952.7116743767746,,,,"rgba(38, 166, 154, 1.0)",0.0,0.0,26.868316545365676,961.7119808896254,1.2292552477044352,0.0,0.0,0.0,0.0,0.0,0.0,0.0,0.0,68.45149839764915,11.572382455618467,True,False,True,False,True,11.53143771986263,0,1.0049537387899454,0.9494481811292157,False,False,False,False,0.32012513882822224,0.3253292788909253,False,False,False,False,-34288.0,-2031.4581840337792,False,False,False,False,9262.91056851985,False,False,False,False
2025-04-18 15:00:00+00:00,994.74,994.74,994.74,994.74,0.0,,,,,,,,,,,,,,,,,,,,,952.7116743767746,,,,"rgba(38, 166, 154, 1.0)",0.0,0.0,27.1911926738607,961.7119808896254,1.2146587134489686,0.0,0.0,0.0,0.0,0.0,0.0,0.0,0.0,68.71508185069965,12.218845584133817,True,False,True,False,True,11.53143771986263,0,0.9991344638241607,0.9523597771839899,False,False,False,False,0.32012513882822224,0.32272720885957373,False,False,False,False,-34288.0,-2531.5596075371313,False,False,False,False,9119.29955195365,False,False,False,False
2025-04-18 16:00:00+00:00,994.74,994.74,994.74,994.74,0.0,,,,,,,,,,,,,,,,,,,,,952.7116743767746,,,,"rgba(38, 166, 154, 1.0)",0.0,0.0,27.523138127044106,961.7119808896254,1.200009205270146,0.0,0.0,0.0,0.0,0.0,0.0,0.0,0.0,68.8908041527333,12.881888098924243,True,False,True,False,True,11.53143771986263,0,0.9987929392924149,0.9500165323496252,False,False,False,False,0.32012513882822224,0.321426173843898,False,False,False,False,-34288.0,-3023.9075205985714,False,False,False,False,8977.915062776074,False,False,False,False
2025-04-18 17:00:00+00:00,994.74,994.74,994.74,994.74,0.0,,,,,,,,,,,,,,,,,,,,,952.7116743767746,,,,"rgba(38, 166, 154, 1.0)",0.0,0.0,27.81099591207784,961.7119808896254,1.1875885068909435,0.0,0.0,0.0,0.0,0.0,0.0,0.0,0.0,69.00795235408907,13.539563058461141,True,False,True,False,True,11.53143771986263,0,0.9999640524833738,0.9479679667685178,False,False,False,False,0.32012513882822224,0.3207756563360601,False,False,False,False,-34288.0,-3508.6221326823147,False,False,False,False,8838.722581182647,False,False,False,False
2025-04-18 18:00:00+00:00,994.74,994.74,994.74,994.74,0.0,,,,,,,,,,,,,,,,,,,,,952.7116743767746,,,,"rgba(38, 166, 154, 1.0)",0.0,0.0,28.12344305808643,961.7119808896254,1.1743945804273777,0.0,0.0,0.0,0.0,0.0,0.0,0.0,0.0,69.08605115499293,14.17452467633565,True,False,True,False,True,11.53143771986263,0,1.0036088909585033,0.9464687865053971,False,False,False,False,0.32012513882822224,0.32045039758214117,False,False,False,False,-34288.0,-3985.8217895399534,False,False,False,False,8701.688122559659,False,False,False,False
2025-04-18 19:00:00+00:00,994.74,994.74,994.74,994.74,0.0,,,,,,,,,,,,,,,,,,,,,952.7116743767746,,,,"rgba(38, 166, 154, 1.0)",0.0,0.0,28.416067318928253,961.7119808896254,1.162300846900596,0.0,0.0,0.0,0.0,0.0,0.0,0.0,0.0,69.13811702226215,14.77423721888546,True,False,True,False,True,11.53143771986263,0,1.0060765393967004,0.943157945670012,False,False,False,False,0.32012513882822224,0.3202877682051817,False,False,False,False,-34288.0,-4455.623002105225,False,False,False,False,8566.77822918664,False,False,False,False
2025-04-21 14:00:00+00:00,987.04,987.04,971.22,971.54,9254.0,,,,,,,,,,,,,,,,,,,,,953.1536510032627,,,,"rgba(239, 83, 80, 1.0)",0.0,0.0,28.445699448547675,961.231424661245,0.3623948624431268,0.0,0.0,0.0,0.0,0.0,0.0,0.0,0.0,55.63427283006318,10.823487988345136,False,True,True,False,False,3.874158191867437,0,0.9928528909877372,0.9430929798801537,False,False,False,False,0.21082689645168595,0.2655573323284338,False,False,False,False,-43542.0,-5061.613343157857,False,False,False,False,8577.43283028452,False,False,False,False
2025-04-21 15:00:00+00:00,972.02,972.12,962.705,963.47,6956.0,,,,,,,,,,,,,,,,,,,,,953.3312075974841,,,,"rgba(239, 83, 80, 1.0)",0.0,0.0,28.4495144276868,960.6337295505746,0.0996948632158454,0.0,0.0,0.0,0.0,0.0,0.0,0.0,0.0,44.85029261146342,1.4385518124134364,False,True,False,True,False,1.4722096715894644,0,0.9864412407648243,0.9555407098781292,False,False,False,False,0.13206596379490615,0.19881164806166998,False,False,False,False,-50498.0,-5766.053446364713,False,False,False,False,8552.294336791736,False,False,False,False
2025-04-21 16:00:00+00:00,963.525,964.13,954.405,955.33,6008.0,,,,,,,,,,,,,,,,,,,,,953.3853452165652,,,,"rgba(239, 83, 80, 1.0)",0.0,0.0,28.446004357235836,959.9927578363302,-0.1639160909129245,0.0,0.0,0.0,0.0,0.0,0.0,0.0,0.0,36.30428907694971,-5.6209935493793495,False,True,False,True,False,0.0,0,0.9821497067790776,0.9640621478086528,False,False,False,False,0.07601885472110709,0.13741525139138855,False,False,False,False,-56506.0,-6552.71928440557,False,False,False,False,8512.847912965508,False,False,False,False
2025-04-21 17:00:00+00:00,955.45,956.15,945.43,947.1,5917.0,,,,,,,,,,,,,,,,,,,,,953.3417374499643,,,,"rgba(239, 83, 80, 1.0)",0.0,0.0,28.472207560204033,959.2369139491466,-0.42627231918997666,0.0,0.0,0.0,0.0,0.0,0.0,0.0,0.0,29.54477337427664,-11.076213146190554,False,True,False,True,False,0.0,0,0.969660475971207,0.9716833732796518,False,False,False,False,0.020059302390026595,0.07873727689070757,False,False,False,False,-62423.0,-7418.925186972925,False,False,False,False,8472.602208888522,False,False,False,False
2025-04-21 18:00:00+00:00,946.71,947.39,942.98,943.98,11280.0,,,,,,,,,,,,,,,,,,,,,953.1597017731757,,,,"rgba(239, 83, 80, 1.0)",0.0,0.0,28.467225765971637,956.671184490583,-0.4458173969924873,0.0,0.0,0.0,0.0,0.0,0.0,0.0,0.0,24.685521397830527,-14.989950956421772,False,True,False,True,False,0.0,0,0.968256157092032,0.9788860302663771,False,False,False,False,-0.01684849067746827,0.03094439310661965,False,False,False,False,-73703.0,-8446.5852615935,False,False,True,False,8516.127756037537,False,False,True,False
2025-04-21 19:00:00+00:00,944.2,959.2,944.2,957.815,17927.0,,,,,,,,,,,,,,,,,,,,,953.1786220001845,,,,"rgba(239, 83, 80, 1.0)",0.0,0.0,28.3840386353359,956.2511321954397,0.05509673322574515,0.0,0.0,0.0,0.0,0.0,0.0,0.0,0.0,28.471860729194336,-14.989950956421772,False,True,False,True,True,0.002701233264502889,0,0.9654373823951677,0.9737386698380034,False,False,False,False,0.026053976673018526,0.02849918488981909,False,False,False,False,-55776.0,-9180.374637382747,False,False,False,False,8662.032752067962,False,False,False,False
2025-04-22 14:00:00+00:00,976.02,986.44,975.72,984.315,9445.0,,,,,,,,,,,,,,,,,,,,,953.6694107445862,,,,"rgba(38, 166, 154, 1.0)",0.0,0.0,28.502728258381865,957.4305321732979,0.9432243672602163,0.0,0.0,0.0,0.0,0.0,0.0,0.0,0.0,38.418481780464155,-23.400977894475027,False,True,False,True,True,6.675347073708892,0,0.9741429902993058,0.9651173941228139,False,False,False,False,0.22311707400488695,0.12580812944735303,False,False,False,False,-46331.0,-9756.353325175261,False,False,False,False,8674.171779167684,False,False,False,False
2025-04-22 15:00:00+00:00,983.63,984.31,980.26,984.31,3493.0,,,,,,,,,,,,,,,,,,,,,953.8517220812527,,,,"rgba(38, 166, 154, 1.0)",0.0,0.0,28.623363148919864,957.7891784174186,0.9265445658709092,0.0,0.0,0.0,0.0,0.0,0.0,0.0,0.0,45.048126109542245,-17.552975698031965,False,True,False,True,True,6.673948021062145,0,0.9785639167581425,0.9670264295200006,False,False,False,False,0.23146785581800353,0.17863799263267827,False,False,False,False,-49824.0,-10377.55714959115,False,False,False,False,8593.843534529426,False,False,False,False
2025-04-22 16:00:00+00:00,984.67,986.99,983.57,984.58,2605.0,,,,,,,,,,,,,,,,,,,,,953.995856481358,,,,"rgba(38, 166, 154, 1.0)",0.0,0.0,28.76378089097698,958.0611337885985,0.921953421628253,0.0,0.0,0.0,0.0,0.0,0.0,0.0,0.0,49.53000031757896,-13.515495803382372,False,True,False,False,True,6.738377906191285,0,0.9774603371824837,0.969438469244329,False,False,False,False,0.25236439150000267,0.21550119206634047,False,False,False,False,-47219.0,-10948.742310062606,False,False,False,False,8500.99324717238,False,False,False,False
2025-04-22 17:00:00+00:00,984.64,986.44,969.405,970.89,4044.0,,,,,,,,,,,,,,,,,,,,,954.1495601219583,,,,"rgba(38, 166, 154, 1.0)",0.0,0.0,28.790357220636917,958.2646223924036,0.4385279943156299,0.0,0.0,0.0,0.0,0.0,0.0,0.0,0.0,48.55702262928833,-13.515495803382372,False,True,False,False,True,2.9360210975851366,0,0.965085018249789,0.9710118729399273,False,False,False,False,0.2013765742322318,0.20843888314928613,False,False,False,False,-51263.0,-11573.769561069388,False,False,False,False,8431.892576673585,False,False,False,False
2025-04-22 18:00:00+00:00,970.23,979.91,968.73,979.38,1974.0,,,,,,,,,,,,,,,,,,,,,954.2252790428034,,,,"rgba(38, 166, 154, 1.0)",0.0,0.0,28.823767987704123,958.3608751054605,0.7292289094023365,0.0,0.0,0.0,0.0,0.0,0.0,0.0,0.0,50.11753678233193,-12.338015364388696,False,False,False,False,True,4.996760880672781,0,0.9666642441026502,0.9739931377686653,False,False,False,False,0.17679828001152664,0.1926185815804064,False,False,False,False,-49289.0,-12158.501815936528,False,False,False,False,8331.770211143761,False,False,False,False
2025-04-22 19:00:00+00:00,978.86,981.4,973.865,978.92,8174.0,,,,,,,,,,,,,,,,,,,,,954.5623753512884,,,,"rgba(38, 166, 154, 1.0)",0.0,0.0,28.65423687175581,958.7918314593745,0.7024499947672859,0.0,0.0,0.0,0.0,0.0,0.0,0.0,0.0,51.02460956822703,-10.735533845582879,False,False,False,False,True,4.870486480734762,0,0.970952239510742,0.9712226106427214,False,False,False,False,0.19938950459818455,0.19600404308929548,False,False,False,False,-57463.0,-12860.897136619684,False,False,False,False,8329.324161358585,False,False,False,False
2025-04-23 14:00:00+00:00,987.32,988.785,980.345,982.87,7869.0,,,,,,,,,,,,,,,,,,,,,954.9577678825428,,,,"rgba(38, 166, 154, 1.0)",0.0,0.0,28.572755088253572,961.3935025151604,0.7516425146439127,0.0,0.0,0.0,0.0,0.0,0.0,0.0,0.0,52.69265151561796,-8.318828767315779,False,False,True,False,True,5.827220737406531,0,0.9744890426671612,0.9654793856776737,False,False,False,False,0.2473567357783422,0.22168038943381885,False,False,False,False,-49594.0,-13430.402607369766,False,False,False,False,8322.187352655352,False,False,False,False
2025-04-23 15:00:00+00:00,982.82,983.615,972.67,975.15,3471.0,,,,,,,,,,,,,,,,,,,,,955.0884446714435,,,,"rgba(38, 166, 154, 1.0)",0.0,0.0,28.18564297364572,961.3354180758306,0.49012832302908094,0.0,0.0,0.0,0.0,0.0,0.0,0.0,0.0,51.38671420806952,-8.318828767315779,False,False,False,False,True,3.686380801776263,0,0.9683299895916611,0.9728591253978549,False,False,False,False,0.20288505293888748,0.21228272118635316,False,False,False,False,-53065.0,-14044.892489426049,False,False,False,False,8246.97514563744,False,False,False,False
2025-04-23 16:00:00+00:00,974.66,977.9,969.0,976.73,2465.0,,,,,,,,,,,,,,,,,,,,,955.1694798601768,,,,"rgba(38, 166, 154, 1.0)",0.0,0.0,27.735504141478447,961.2831797920144,0.5569330966255962,0.0,0.0,0.0,0.0,0.0,0.0,0.0,0.0,51.01035226212103,-8.318828767315779,False,False,False,False,True,4.078679687743939,0,0.9654314284421515,0.979427778531891,False,False,False,False,0.17089528502916662,0.1915890031077599,False,False,False,False,-50600.0,-14611.638342303164,False,False,False,False,8157.33212012368,False,False,False,False
2025-04-23 17:00:00+00:00,976.28,978.65,972.31,973.58,3407.0,,,,,,,,,,,,,,,,,,,,,955.2821139958411,,,,"rgba(38, 166, 154, 1.0)",0.0,0.0,27.118818040096762,961.268598349814,0.45398002346499233,0.0,0.0,0.0,0.0,0.0,0.0,0.0,0.0,49.73811856155901,-8.318828767315779,False,False,False,False,True,3.203498108295861,0,0.9655663791543516,0.9792583991796849,False,False,False,False,0.18468802673184698,0.18813851491980343,False,False,False,False,-54007.0,-15222.419143197689,False,False,False,False,8083.683560121763,False,False,False,False
2025-04-23 18:00:00+00:00,974.19,975.06,971.11,973.5,2728.0,,,,,,,,,,,,,,,,,,,,,955.3639690031123,,,,"rgba(38, 166, 154, 1.0)",0.0,0.0,26.140279024131413,961.2448678166546,0.4688217815897087,0.0,0.0,0.0,0.0,0.0,0.0,0.0,0.0,48.86260868872672,-8.318828767315779,False,False,False,False,True,3.181075106361373,0,0.9672729466413293,0.9778903869936354,False,False,False,False,0.1684222721679839,0.17828039354389366,False,False,False,False,-56735.0,-15866.025047954314,False,False,False,False,8000.649706476464,False,False,False,False
2025-04-23 19:00:00+00:00,973.54,977.535,970.58,976.89,5546.0,,,,,,,,,,,,,,,,,,,,,955.5444409535628,,,,"rgba(38, 166, 154, 1.0)",0.0,0.0,24.76872348473065,961.3042034716723,0.62925311988468,0.0,0.0,0.0,0.0,0.0,0.0,0.0,0.0,49.62844296989421,-7.412221774821234,False,False,False,False,True,4.0605811665371405,0,0.9662291187393804,0.9759273459936546,False,False,False,False,0.17501593724248896,0.1766481653931913,False,False,False,False,-51189.0,-16413.66807046665,False,False,False,False,7962.593121879931,False,False,False,False
2025-04-24 14:00:00+00:00,968.94,975.2,968.94,972.39,5589.0,,,,,,,,,,,,,,,,,,,,,955.6970640018212,,,,"rgba(38, 166, 154, 1.0)",0.0,0.0,24.083922271922077,961.2900503199525,0.46088629396501,0.0,0.0,0.0,0.0,0.0,0.0,0.0,0.0,48.38953993231566,-7.412221774821234,False,False,False,False,True,2.7705451959414127,0,0.9625590394993899,0.9772300276203807,False,False,False,False,0.1615558814898926,0.16910202344154196,False,False,False,False,-56778.0,-17039.47166627337,False,False,False,False,7925.79322851745,False,False,False,False
2025-04-24 15:00:00+00:00,972.68,974.975,968.95,971.23,3449.0,,,,,,,,,,,,,,,,,,,,,955.7872778870719,,,,"rgba(38, 166, 154, 1.0)",0.0,0.0,23.203077809200305,961.2853438385627,0.4285921136502928,0.0,0.0,0.0,0.0,0.0,0.0,0.0,0.0,47.12146223937691,-7.412221774821234,False,False,False,True,False,2.438179378984941,1,0.962219139460882,0.9798120678888858,False,False,False,False,0.16082954759722942,0.16496578551938568,False,False,False,False,-60227.0,-17709.045748966804,False,False,False,False,7856.385581563691,False,False,False,False
2025-04-24 16:00:00+00:00,971.23,974.43,970.27,972.7,4205.0,,,,,,,,,,,,,,,,,,,,,955.9010034510527,,,,"rgba(38, 166, 154, 1.0)",0.0,0.0,22.163419128362012,961.3052243511829,0.5141253514551598,0.0,0.0,0.0,0.0,0.0,0.0,0.0,0.0,47.00678874102748,-7.412221774821234,False,False,False,True,False,2.836973928594702,0,0.9598736520259886,0.9840378894043059,False,False,False,False,0.16344852349544875,0.1642071545074172,False,False,False,False,-56022.0,-18303.0450396805,False,False,False,False,7799.77495239216,False,False,False,False
2025-04-24 17:00:00+00:00,971.915,971.915,967.39,970.79,7894.0,,,,,,,,,,,,,,,,,,,,,956.079589674583,,,,"rgba(38, 166, 154, 1.0)",0.0,0.0,21.87886147374609,961.2677414542435,0.43522641967375075,0.0,0.0,0.0,0.0,0.0,0.0,0.0,0.0,46.0780003876006,-7.412221774821234,False,False,False,True,False,2.2739020434268085,1,0.9621434374435814,0.9843684178852978,False,False,False,False,0.14526110571345308,0.15473413011043513,False,False,False,False,-63916.0,-19010.22263596452,False,False,False,False,7801.235805843445,False,False,False,False
2025-04-24 18:00:00+00:00,970.79,975.79,970.79,974.11,5420.0,,,,,,,,,,,,,,,,,,,,,956.2299972567616,,,,"rgba(38, 166, 154, 1.0)",0.0,0.0,21.51365157038375,961.3404378575642,0.593556240355529,0.0,0.0,0.0,0.0,0.0,0.0,0.0,0.0,47.25437828061402,-7.208041948817325,False,False,False,True,False,3.1952207551894602,1,0.9654333887080645,0.9760021949441114,False,False,False,False,0.16981097148061491,0.16227255079552502,False,False,False,False,-58496.0,-19622.40523075577,False,False,False,False,7764.317421256725,False,False,False,False
2025-04-24 19:00:00+00:00,973.94,977.165,971.71,975.16,10417.0,,,,,,,,,,,,,,,,,,,,,956.5300613005522,,,,"rgba(38, 166, 154, 1.0)",0.0,0.0,20.746829935205607,961.5249548640345,0.6572110138536373,0.0,0.0,0.0,0.0,0.0,0.0,0.0,0.0,48.59662259465329,-5.5760819168681905,False,False,False,False,True,3.4875862943754257,1,0.9646800028529275,0.9763282068222512,False,False,False,False,0.17759645026044774,0.16993450052798637,False,False,False,False,-48079.0,-20063.592746558006,False,False,False,False,7805.444282942667,False,False,False,False
2025-04-25 14:00:00+00:00,972.09,973.1,962.96,966.85,5705.0,,,,,,,,,,,,,,,,,,,,,956.6281230435579,,,,"rgba(38, 166, 154, 1.0)",0.0,0.0,19.808949021422524,961.9448878341288,0.24762102020488347,0.0,0.0,0.0,0.0,0.0,0.0,0.0,0.0,45.58974098670933,-5.5760819168681905,False,False,False,True,False,0.9889172550282339,1,0.9592052514972516,0.977041512084496,False,False,False,False,0.1343682204236745,0.15215136047583044,False,False,False,False,-53784.0,-20586.389758239275,False,False,False,False,7772.879255300145,False,False,False,False
2025-04-25 15:00:00+00:00,966.85,972.79,966.85,968.44,2792.0,,,,,,,,,,,,,,,,,,,,,956.6829000063691,,,,"rgba(38, 166, 154, 1.0)",0.0,0.0,18.73365867884537,961.9837320416395,0.34463465300833795,0.0,0.0,0.0,0.0,0.0,0.0,0.0,0.0,44.52840074581625,-5.5760819168681905,False,False,False,True,False,1.4460933681599641,1,0.9605618544184393,0.9787698227394136,False,False,False,False,0.1463875494669123,0.14926945497137137,False,False,False,False,-50992.0,-21057.794568189052,False,False,False,False,7695.656321109445,False,False,False,False
2025-04-25 16:00:00+00:00,968.17,969.14,964.7,966.2,2331.0,,,,,,,,,,,,,,,,,,,,,956.7186807394884,,,,"rgba(38, 166, 154, 1.0)",0.0,0.0,17.31175715887647,961.9347399389305,0.24637938378673088,0.0,0.0,0.0,0.0,0.0,0.0,0.0,0.0,42.84416733682361,-3.1779967533382347,False,True,False,True,False,0.7732292218201238,1,0.9553533540374999,0.9870930673586412,False,False,False,False,0.12693444844169044,0.1381019517065309,False,False,False,False,-53323.0,-21558.030311317903,False,False,False,False,7612.4833548906945,False,False,False,False
2025-04-25 17:00:00+00:00,965.91,972.09,965.71,966.78,2848.0,,,,,,,,,,,,,,,,,,,,,956.7686401672254,,,,"rgba(38, 166, 154, 1.0)",0.0,0.0,15.71323430501522,961.9269688148477,0.30884992172511255,0.0,0.0,0.0,0.0,0.0,0.0,0.0,0.0,42.119390715771786,-4.022352200650069,False,True,False,True,False,0.9454469103236853,1,0.9555076080226642,0.9848890223081105,False,False,False,False,0.14020498655415292,0.1391534691303419,False,False,False,False,-50475.0,-22006.35542277034,False,False,False,False,7538.615395900141,False,False,False,False
2025-04-25 18:00:00+00:00,966.93,974.29,966.64,973.31,4021.0,,,,,,,,,,,,,,,,,,,,,956.8581129168515,,,,"rgba(38, 166, 154, 1.0)",0.0,0.0,13.908331650391437,962.0132494460632,0.8122290176779591,0.0,0.0,0.0,0.0,0.0,0.0,0.0,0.0,45.590254218683015,-4.022352200650069,False,False,False,True,True,2.868111826296264,1,0.9551203544529455,0.9846481125680232,False,False,False,False,0.1507286717226457,0.1449410704264938,False,False,False,False,-46454.0,-22385.388672029712,False,False,False,False,7484.0787230954875,False,False,False,False
2025-04-25 19:00:00+00:00,973.31,978.655,972.71,977.25,8420.0,,,,,,,,,,,,,,,,,,,,,957.10250027004,,,,"rgba(38, 166, 154, 1.0)",0.0,0.0,12.249879877329075,962.375374476034,1.214267051834077,0.0,0.0,0.0,0.0,0.0,0.0,0.0,0.0,49.794913840785114,-4.515439910686659,True,False,False,False,True,4.002989013480008,1,0.9589151169048611,0.9811113436584341,False,False,False,False,0.18606763864170203,0.1655043545340979,False,False,False,False,-38034.0,-22628.002801145532,False,False,False,False,7498.589130489356,False,False,False,False
2025-04-28 14:00:00+00:00,978.165,982.815,977.09,982.6,4300.0,,,,,,,,,,,,,,,,,,,,,957.2546162583399,,,,"rgba(38, 166, 154, 1.0)",0.0,0.0,12.185056572525975,962.625465336502,1.6392648277510053,0.0,0.0,0.0,0.0,0.0,0.0,0.0,0.0,54.748615562169675,-0.09965168322298723,True,False,True,False,True,5.5176913315928005,0,0.9622252157786126,0.9786478993070455,False,False,False,False,0.21533102283941707,0.19041768868675749,False,False,False,False,-33734.0,-22800.188804228546,False,False,False,False,7448.998601334482,False,False,False,False
2025-04-28 15:00:00+00:00,982.45,982.69,974.29,974.99,3734.0,,,,,,,,,,,,,,,,,,,,,957.3656989256875,,,,"rgba(38, 166, 154, 1.0)",0.0,0.0,11.955978589643706,962.7495661846172,1.0237918814931257,0.0,0.0,0.0,0.0,0.0,0.0,0.0,0.0,53.781892759374415,-0.09965168322298723,True,False,True,False,True,3.09923200813887,0,0.9608554160855415,0.9786257554625755,False,False,False,False,0.20526962345219624,0.19784365606947685,False,False,False,False,-37468.0,-23027.596729744382,False,False,False,False,7391.401723794413,False,False,False,False
2025-04-28 16:00:00+00:00,974.99,974.99,971.25,972.33,3996.0,,,,,,,,,,,,,,,,,,,,,957.4569192167774,,,,"rgba(38, 166, 154, 1.0)",0.0,0.0,11.915968501692005,962.7850691466841,0.8010201480442474,0.0,0.0,0.0,0.0,0.0,0.0,0.0,0.0,51.88845947070513,-0.09965168322298723,True,False,False,False,False,2.271409535361105,0,0.9638823987538939,0.9814207404744788,False,False,False,False,0.1686593214773995,0.18325148877343816,False,False,False,False,-41464.0,-23313.432439360746,False,False,False,False,7338.759836603801,False,False,False,False
2025-04-28 17:00:00+00:00,972.46,974.82,968.67,974.36,2493.0,,,,,,,,,,,,,,,,,,,,,957.5124084985218,,,,"rgba(38, 166, 154, 1.0)",0.0,0.0,11.886839413537391,962.804495806309,0.9721258773405307,0.0,0.0,0.0,0.0,0.0,0.0,0.0,0.0,51.636791664144944,-0.09965168322298723,True,False,False,False,False,2.866816450376124,0,0.9611757639462422,0.9839327276822584,False,False,False,False,0.15936050191456042,0.1713059953439993,False,False,False,False,-38971.0,-23556.18542479701,False,False,False,False,7263.631777121571,False,False,False,False
2025-04-28 18:00:00+00:00,974.52,974.83,971.0,974.515,2912.0,,,,,,,,,,,,,,,,,,,,,957.5802523721875,,,,"rgba(38, 166, 154, 1.0)",0.0,0.0,11.836003679793732,962.8383274675124,0.986538433780809,0.0,0.0,0.0,0.0,0.0,0.0,0.0,0.0,51.55034489471828,-0.09965168322298723,True,False,False,False,False,2.9127972438786145,0,0.9586417409413682,0.9851550840735743,False,False,False,False,0.1672711559845788,0.16928857566428906,False,False,False,False,-36059.0,-23750.027511234268,False,False,False,False,7196.164617786352,False,False,False,False
2025-04-28 19:00:00+00:00,974.35,981.03,974.35,978.32,7818.0,,,,,,,,,,,,,,,,,,,,,957.8098779356703,,,,"rgba(38, 166, 154, 1.0)",0.0,0.0,11.667321827291994,963.0701960601059,1.3070526523252386,0.0,0.0,0.0,0.0,0.0,0.0,0.0,0.0,53.45679741748639,-0.09965168322298723,True,False,True,False,False,4.045762485978045,0,0.9635385019316602,0.9767975694835151,False,False,False,False,0.19978336856841714,0.1845359721163531,False,False,False,False,-28241.0,-23819.654991680247,False,False,False,False,7205.805476425323,False,False,False,False
2025-04-29 14:00:00+00:00,978.05,991.5,978.05,991.5,10698.0,,,,,,,,,,,,,,,,,,,,,958.2546406052126,,,,"rgba(38, 166, 154, 1.0)",0.0,0.0,11.726648679492136,963.7154562843135,2.369350739080024,0.0,0.0,0.0,0.0,0.0,0.0,0.0,0.0,59.296488087520494,4.288577708959721,True,False,True,False,True,7.779915747066294,0,0.9672657396304266,0.9685691515905349,False,False,False,False,0.24882624452096708,0.21668110831866008,False,False,False,False,-17543.0,-23722.34251118908,False,False,False,False,7259.948027178418,False,False,False,False
2025-04-29 15:00:00+00:00,991.53,991.97,986.64,989.19,7400.0,,,,,,,,,,,,,,,,,,,,,958.5779014178613,,,,"rgba(38, 166, 154, 1.0)",0.0,0.0,11.764975990755158,964.1678927625895,2.1268302848278426,0.0,0.0,0.0,0.0,0.0,0.0,0.0,0.0,61.7823202408958,6.542502063681255,True,False,True,False,True,7.008051739890885,0,0.9732651331539112,0.9680014274456157,False,False,False,False,0.280794956031913,0.24873803217528656,False,False,False,False,-24943.0,-23741.267433496225,False,False,False,False,7262.119375594257,False,False,False,False
2025-04-29 16:00:00+00:00,988.16,992.19,983.07,983.24,3022.0,,,,,,,,,,,,,,,,,,,,,958.6948441222112,,,,"rgba(38, 166, 154, 1.0)",0.0,0.0,11.721833740640813,964.30888181751,1.61503042965486,0.0,0.0,0.0,0.0,0.0,0.0,0.0,0.0,60.16805114681899,6.542502063681255,True,False,True,False,True,5.046335555739393,0,0.9711445009216333,0.9735686756409538,False,False,False,False,0.26891227389733774,0.25882515303631215,False,False,False,False,-27965.0,-23806.75165933349,False,False,False,False,7196.381090701323,False,False,False,False
2025-04-29 17:00:00+00:00,982.79,990.8,982.69,989.98,2849.0,,,,,,,,,,,,,,,,,,,,,958.8107818494251,,,,"rgba(38, 166, 154, 1.0)",0.0,0.0,11.447938031023055,964.4536766566823,2.2297747659135885,0.0,0.0,0.0,0.0,0.0,0.0,0.0,0.0,61.35682446665625,6.542502063681255,True,False,True,False,True,6.928518097709027,0,0.9653770014447914,0.9751525573552515,False,False,False,False,0.26266397365806676,0.26074456334718943,False,False,False,False,-25116.0,-23827.050083219794,False,False,False,False,7128.979833481148,False,False,False,False
2025-04-29 18:00:00+00:00,990.23,992.0,988.4,989.54,2726.0,,,,,,,,,,,,,,,,,,,,,958.9290357069293,,,,"rgba(38, 166, 154, 1.0)",0.0,0.0,11.281746982713429,964.6077365289531,2.209964778438092,0.0,0.0,0.0,0.0,0.0,0.0,0.0,0.0,61.90595428841235,6.773470555240117,True,False,True,False,True,6.781937876463367,0,0.9695831363248835,0.9757930908671226,False,False,False,False,0.28717583009509073,0.2739601967211401,False,False,False,False,-27842.0,-23889.29736875127,False,False,False,False,7060.716580248882,False,False,False,False
2025-04-29 19:00:00+00:00,989.52,993.485,988.44,991.8,6242.0,,,,,,,,,,,,,,,,,,,,,959.207329209658,,,,"rgba(38, 166, 154, 1.0)",0.0,0.0,11.291201679996675,964.969819272686,2.3762024173960086,0.0,0.0,0.0,0.0,0.0,0.0,0.0,0.0,63.037714486409214,8.11065157170465,True,False,True,False,True,7.415684820046071,0,0.9680718430053181,0.9745773119908296,False,False,False,False,0.29263004626109906,0.2832951214911196,False,False,False,False,-21600.0,-23853.804386290012,False,False,False,False,7048.0232999349455,False,False,False,False
2025-04-30 14:00:00+00:00,977.97,986.635,977.21,985.99,5570.0,,,,,,,,,,,,,,,,,,,,,959.3909117821034,,,,"rgba(38, 166, 154, 1.0)",0.0,0.0,11.250896051201261,965.138077551579,1.8533565996456434,0.0,0.0,0.0,0.0,0.0,0.0,0.0,0.0,60.478549684059146,8.11065157170465,True,False,True,False,False,5.4549851480217235,0,0.9569664785682346,0.978448132504074,False,False,False,False,0.2289524042642602,0.2561237628776899,False,False,False,False,-27170.0,-23905.218271773887,False,False,False,False,7025.108210013474,False,False,False,False
2025-04-30 15:00:00+00:00,986.0,990.0,985.0,990.0,5343.0,,,,,,,,,,,,,,,,,,,,,959.6011135684295,,,,"rgba(38, 166, 154, 1.0)",0.0,0.0,11.144428364728157,965.3742629879417,2.2096904575202907,0.0,0.0,0.0,0.0,0.0,0.0,0.0,0.0,60.34537221469104,8.11065157170465,True,False,True,False,False,6.601007462600531,0,0.9612874358889023,0.9781569284359294,False,False,False,False,0.26799316958000874,0.2620584662288493,False,False,False,False,-21827.0,-23872.997833451813,False,False,False,False,6999.029012959001,False,False,False,False
2025-04-30 16:00:00+00:00,990.01,991.96,986.65,990.68,2070.0,,,,,,,,,,,,,,,,,,,,,959.6857446176912,,,,"rgba(38, 166, 154, 1.0)",0.0,0.0,11.093139031696898,965.4718027197677,2.2724133546153027,0.0,0.0,0.0,0.0,0.0,0.0,0.0,0.0,60.519635429011394,8.11065157170465,True,False,True,False,False,6.79548911375138,0,0.9599438433854418,0.9848614840648178,False,False,False,False,0.280794956031913,0.2714267111303812,False,False,False,False,-19757.0,-23809.183913553337,False,False,False,False,6922.6099584945205,False,False,False,False
2025-04-30 17:00:00+00:00,991.22,993.08,987.815,991.72,3143.0,,,,,,,,,,,,,,,,,,,,,959.8180424578387,,,,"rgba(38, 166, 154, 1.0)",0.0,0.0,11.173189561712562,965.6269646847626,2.3353255729815126,0.0,0.0,0.0,0.0,0.0,0.0,0.0,0.0,61.06486861955184,8.11065157170465,True,False,True,False,False,7.0968018631718905,0,0.9587623120450907,0.9840421776947169,False,False,False,False,0.2889443781540723,0.2801855446422268,False,False,False,False,-16614.0,-23697.630674583517,False,False,False,False,6864.011354486854,False,False,False,False
2025-04-30 18:00:00+00:00,991.73,993.75,986.77,986.865,3195.0,,,,,,,,,,,,,,,,,,,,,959.9438978836029,,,,"rgba(38, 166, 154, 1.0)",0.0,0.0,11.21290837335121,965.7648142149136,1.881776349411137,0.0,0.0,0.0,0.0,0.0,0.0,0.0,0.0,58.37647860603597,8.11065157170465,True,False,True,False,False,5.404741360254132,0,0.9597511620229029,0.9811924784752183,False,False,False,False,0.2876044080862804,0.2838949763642536,False,False,False,False,-19809.0,-23637.341826915555,False,False,False,False,6807.127457518065,False,False,False,False
2025-04-30 19:00:00+00:00,987.41,997.77,987.41,994.54,12278.0,,,,,,,,,,,,,,,,,,,,,960.484396010526,,,,"rgba(38, 166, 154, 1.0)",0.0,0.0,11.343808591489042,966.4021919408112,2.480455116308977,0.0,0.0,0.0,0.0,0.0,0.0,0.0,0.0,59.83645500236534,8.11065157170465,True,False,True,False,False,7.644123524141396,0,0.9590980539750713,0.9780122060114975,False,False,False,False,0.30432899509651445,0.294111985730384,False,False,False,False,-7531.0,-23387.631100916864,False,False,False,False,6891.947186858871,False,False,False,False
2025-05-01 14:00:00+00:00,993.22,1001.68,992.36,1000.87,8999.0,,,,,,,,,,,,,,,,,,,,,960.9290683159211,,,,"rgba(38, 166, 154, 1.0)",0.0,0.0,11.619816803613112,966.9530570092824,2.9188879277486866,0.0,0.0,0.0,0.0,0.0,0.0,0.0,0.0,62.81476230954568,8.885394362639182,True,False,True,False,True,9.420025758334859,1,0.9671214007380835,0.973168971029118,False,False,False,False,0.33659759353929036,0.3153547896348372,False,False,False,False,1468.0,-23002.27247919722,False,False,False,False,6924.614672333926,False,False,False,False
2025-05-01 15:00:00+00:00,1001.24,1003.17,997.4,998.405,4367.0,,,,,,,,,,,,,,,,,,,,,961.1487976215689,,,,"rgba(38, 166, 154, 1.0)",0.0,0.0,11.821565734469962,967.2230946053137,2.6377136578249014,0.0,0.0,0.0,0.0,0.0,0.0,0.0,0.0,63.285537956266296,9.402659957664802,True,False,True,False,True,8.544740101102416,1,0.9695364874753312,0.9758265394366299,False,False,False,False,0.3428282536939448,0.32909152166439104,False,False,False,False,-2899.0,-22690.593836108892,False,False,False,False,6884.961731677586,False,False,False,False
2025-05-01 16:00:00+00:00,998.23,1001.57,997.22,1001.42,2494.0,,,,,,,,,,,,,,,,,,,,,961.274499954892,,,,"rgba(38, 166, 154, 1.0)",0.0,0.0,12.09008947499948,967.3763243126278,2.8158332291724895,0.0,0.0,0.0,0.0,0.0,0.0,0.0,0.0,64.59323493508907,10.76465592546456,True,False,True,False,True,9.393713543265157,0,0.963118868227295,0.9894987853072554,False,False,False,False,0.33642084606334566,0.33275618386386835,False,False,False,False,-405.0,-22345.080753378523,False,False,False,False,6816.884805605065,False,False,False,False
2025-05-01 17:00:00+00:00,1001.42,1006.175,1001.42,1003.63,3940.0,,,,,,,,,,,,,,,,,,,,,961.4900757170694,,,,"rgba(38, 166, 154, 1.0)",0.0,0.0,12.38832158137587,967.6491282513531,2.9044186100834817,0.0,0.0,0.0,0.0,0.0,0.0,0.0,0.0,66.16796647430805,12.36980882409189,True,False,True,False,True,10.014666893874953,0,0.9631728363620019,0.9852736288594925,False,False,False,False,0.34282825371781195,0.33779221879084015,False,False,False,False,3535.0,-21943.839191310635,False,False,False,False,6772.281940401885,False,False,False,False
2025-05-01 18:00:00+00:00,1003.25,1006.05,1002.02,1002.23,5510.0,,,,,,,,,,,,,,,,,,,,,961.7857353131194,,,,"rgba(38, 166, 154, 1.0)",0.0,0.0,12.648437715727107,968.014729721011,2.7050985305833963,0.0,0.0,0.0,0.0,0.0,0.0,0.0,0.0,66.20522064757813,12.574733556064956,True,False,True,False,True,9.497693657380474,0,0.9642090971826338,0.9820389150589576,False,False,False,False,0.342828253719369,0.3403102362551046,False,False,False,False,-1975.0,-21634.2447852438,False,False,False,False,6752.711677759994,False,False,False,False
2025-05-01 19:00:00+00:00,1002.27,1004.59,998.32,998.76,7697.0,,,,,,,,,,,,,,,,,,,,,962.1637863246024,,,,"rgba(38, 166, 154, 1.0)",0.0,0.0,12.823840360967644,968.452293697773,2.3633876786610313,0.0,0.0,0.0,0.0,0.0,0.0,0.0,0.0,63.82432455770472,12.574733556064956,True,False,True,False,False,8.217823481076557,0,0.9600009010497231,0.9858309931069696,False,False,False,False,0.32497469993262096,0.3326424680938628,False,False,False,False,-9672.0,-21448.783625782657,False,False,False,False,6767.35180678697,False,False,False,False
2025-05-02 14:00:00+00:00,1014.48,1017.99,1008.68,1010.31,7817.0,,,,,,,,,,,,,,,,,,,,,962.6556736571328,,,,"rgba(38, 166, 154, 1.0)",0.0,0.0,13.26645885051513,972.1760936032441,2.8744600821096364,0.0,0.0,0.0,0.0,0.0,0.0,0.0,0.0,66.18951931680951,12.574733556064956,True,False,True,False,True,11.485366358276824,0,0.9634289930025115,0.9729378274250877,False,True,False,False,0.3428282537753095,0.3377353609345861,False,False,False,False,-1855.0,-21145.00403468525,False,False,False,False,6783.625422185622,False,False,False,False
2025-05-02 15:00:00+00:00,1010.24,1012.57,1007.95,1009.41,2585.0,,,,,,,,,,,,,,,,,,,,,962.8086243538735,,,,"rgba(38, 166, 154, 1.0)",0.0,0.0,13.661072322807877,972.3105105588344,2.715708442537563,0.0,0.0,0.0,0.0,0.0,0.0,0.0,0.0,67.18093556291554,13.478169284759105,True,False,True,False,True,11.150206884230606,0,0.9621411581671576,0.9779459063233947,False,False,False,False,0.3232701848337425,0.3305027728841643,False,False,False,False,-4440.0,-20886.011724069973,False,False,False,False,6718.530454399798,False,False,False,False
2025-05-02 16:00:00+00:00,1009.37,1011.47,1004.89,1006.97,4744.0,,,,,,,,,,,,,,,,,,,,,963.0737899736071,,,,"rgba(38, 166, 154, 1.0)",0.0,0.0,13.962749997599813,972.516500756755,2.4675296234028066,0.0,0.0,0.0,0.0,0.0,0.0,0.0,0.0,66.2229505088757,13.478169284759105,True,False,True,False,True,10.236398365269654,0,0.9606338697271781,0.9834444327144944,False,False,False,False,0.31017572585096154,0.3203392493675629,False,False,False,False,-9184.0,-20704.585185712298,False,False,False,False,6687.917579137786,False,False,False,False
2025-05-02 17:00:00+00:00,1007.26,1009.91,1006.13,1007.25,1989.0,,,,,,,,,,,,,,,,,,,,,963.1840039995916,,,,"rgba(38, 166, 154, 1.0)",0.0,0.0,14.24727015104067,972.6149757325146,2.430993720221942,0.0,0.0,0.0,0.0,0.0,0.0,0.0,0.0,65.69118301946045,13.478169284759105,True,False,True,False,True,10.316738566769246,0,0.956085681663866,0.9855325896057685,False,False,False,False,0.3091727682336927,0.3147560088006278,False,False,False,False,-7195.0,-20495.13425260048,False,False,False,False,6615.066143802315,False,False,False,False
2025-05-02 18:00:00+00:00,1007.5,1011.39,1007.5,1010.66,3831.0,,,,,,,,,,,,,,,,,,,,,963.4046269935294,,,,"rgba(38, 166, 154, 1.0)",0.0,0.0,14.586182774389778,972.856538866575,2.591730935923812,0.0,0.0,0.0,0.0,0.0,0.0,0.0,0.0,66.62892886462815,13.478169284759105,True,False,True,False,True,11.298758030461393,0,0.9495309982060871,0.9876554471099754,False,False,False,False,0.31812687365577125,0.3164414412281995,False,False,False,False,-3364.0,-20229.535271940007,False,False,False,False,6571.902327619333,False,False,False,False
2025-05-02 19:00:00+00:00,1010.81,1012.77,1008.06,1008.09,9184.0,,,,,,,,,,,,,,,,,,,,,963.9227702658729,,,,"rgba(38, 166, 154, 1.0)",0.0,0.0,14.833944728769652,973.4111838306977,2.33780136055412,0.0,0.0,0.0,0.0,0.0,0.0,0.0,0.0,65.31256235088178,13.478169284759105,True,False,True,False,False,10.302792964358968,0,0.9519790786378276,0.9845335708684495,False,False,False,False,0.32425022680125787,0.3203458340147287,False,False,False,False,-12548.0,-20110.44170183241,False,False,False,False,6612.399965950816,False,False,False,False
2025-05-05 14:00:00+00:00,1008.86,1014.03,1006.08,1013.3,6990.0,,,,,,,,,,,,,,,,,,,,,964.3220727929527,,,,"rgba(38, 166, 154, 1.0)",0.0,0.0,15.07925238068308,973.8592095911335,2.615566701396357,0.0,0.0,0.0,0.0,0.0,0.0,0.0,0.0,66.45546274755169,13.478169284759105,True,False,True,False,False,11.81133448432972,0,0.9520464681614077,0.9809864987045744,False,False,False,False,0.3219749212183534,0.32116037761654104,False,False,False,False,-5558.0,-19884.82245064121,False,False,False,False,6618.254230044602,False,False,False,False
2025-05-05 15:00:00+00:00,1013.36,1013.975,1010.33,1013.52,2559.0,,,,,,,,,,,,,,,,,,,,,964.4711139885227,,,,"rgba(38, 166, 154, 1.0)",0.0,0.0,15.276420782332954,974.0320142292272,2.5848977540891163,0.0,0.0,0.0,0.0,0.0,0.0,0.0,0.0,67.29717403239765,14.147509195072033,True,False,True,False,True,11.874755572568763,0,0.9594261154099911,0.9792840171921297,False,False,False,False,0.33527797127252806,0.3282191744445345,False,False,False,False,-2999.0,-19623.026753732043,False,False,False,False,6555.320055935383,False,False,False,False
2025-05-05 16:00:00+00:00,1013.08,1015.6,1013.08,1014.29,2787.0,,,,,,,,,,,,,,,,,,,,,964.6381370519524,,,,"rgba(38, 166, 154, 1.0)",0.0,0.0,15.535504527626468,974.2334511307664,2.5783873834288302,0.0,0.0,0.0,0.0,0.0,0.0,0.0,0.0,68.16091187694286,15.109987637959463,True,False,True,False,True,12.100223916155063,0,0.973494096728033,0.9734053837223203,False,False,False,False,0.34282825378082105,0.3355237141126778,False,False,False,False,-212.0,-19322.080602511392,False,False,False,False,6496.896489176695,False,False,False,False
2025-05-05 17:00:00+00:00,1014.25,1015.96,1012.565,1014.89,1776.0,,,,,,,,,,,,,,,,,,,,,964.7443049840895,,,,"rgba(38, 166, 154, 1.0)",0.0,0.0,15.903115267084377,974.3601804153714,2.5485459234842875,0.0,0.0,0.0,0.0,0.0,0.0,0.0,0.0,68.98779685096866,16.039415067081052,True,False,True,False,True,12.278352824420601,0,0.9789343730710028,0.9719684953235244,False,False,False,False,0.3423365395524938,0.33893012683258583,False,False,False,False,1564.0,-18998.26539937168,False,False,False,False,6423.704295546048,False,False,False,False
2025-05-05 18:00:00+00:00,1014.85,1017.31,1014.85,1017.31,3317.0,,,,,,,,,,,,,,,,,,,,,964.9493852229681,,,,"rgba(38, 166, 154, 1.0)",0.0,0.0,16.319360487767383,974.6145293151703,2.616246556771214,0.0,0.0,0.0,0.0,0.0,0.0,0.0,0.0,70.53653277304626,17.61683983956769,True,False,True,False,True,13.000969936814691,0,0.9924319448675293,0.9574084257416728,False,False,False,False,0.34282825379014215,0.340879190311364,False,False,False,False,4881.0,-18628.044230389172,False,True,False,False,6375.538337475567,False,True,False,False
2025-05-05 19:00:00+00:00,1016.83,1017.12,1013.94,1014.87,7768.0,,,,,,,,,,,,,,,,,,,,,965.412503680746,,,,"rgba(38, 166, 154, 1.0)",0.0,0.0,16.639547156595032,975.1539405403679,2.3868473754642276,0.0,0.0,0.0,0.0,0.0,0.0,0.0,0.0,69.0253488691252,17.61683983956769,True,False,True,False,False,11.97008764568048,0,0.9956652868360976,0.9480392195922657,False,False,False,False,0.33939325368783646,0.34013622199960025,False,False,False,False,-2887.0,-18383.997033018797,False,False,False,False,6397.126890382922,False,False,False,False
2025-05-06 14:00:00+00:00,1004.325,1016.16,1004.23,1014.275,5861.0,,,,,,,,,,,,,,,,,,,,,965.7304558011158,,,,"rgba(38, 166, 154, 1.0)",0.0,0.0,16.914067889409115,977.8817726143621,2.151654328431882,0.0,0.0,0.0,0.0,0.0,0.0,0.0,0.0,67.40968595757843,20.39970915893842,True,False,True,False,False,11.71731590973037,0,0.9937895429874427,0.9498346019205445,False,False,False,False,0.30645760174189085,0.32329691187074555,False,False,False,False,-8748.0,-18234.601730181297,False,False,False,False,6388.814845570783,False,False,False,False
2025-05-06 15:00:00+00:00,1014.57,1015.11,1009.535,1010.41,1543.0,,,,,,,,,,,,,,,,,,,,,965.8136697589723,,,,"rgba(38, 166, 154, 1.0)",0.0,0.0,17.09846739009268,977.9620996332112,1.8977081177222914,0.0,0.0,0.0,0.0,0.0,0.0,0.0,0.0,62.73715545897693,16.109621475960424,True,False,True,False,False,10.078297429199804,1,0.9978736933339275,0.9464170720149687,False,False,False,False,0.31951093924999685,0.32140392556037123,False,False,False,False,-10291.0,-18111.445114209495,False,False,False,False,6313.685933236352,False,False,False,False
2025-05-06 16:00:00+00:00,1010.12,1013.84,1009.2,1009.75,3023.0,,,,,,,,,,,,,,,,,,,,,965.9731605853871,,,,"rgba(38, 166, 154, 1.0)",0.0,0.0,17.28083242880403,978.0956636442745,1.8317599274305458,0.0,0.0,0.0,0.0,0.0,0.0,0.0,0.0,59.06548200798454,12.914980131386976,False,False,True,False,False,9.799019115375689,0,1.017838514937348,0.9497605751224353,False,False,False,False,0.31457501592184484,0.31798947074110806,False,False,False,False,-13314.0,-18037.066120190742,False,False,False,False,6262.667546674547,False,False,False,False
2025-05-06 17:00:00+00:00,1009.99,1013.29,1008.25,1008.67,2528.0,,,,,,,,,,,,,,,,,,,,,966.1031375345026,,,,"rgba(38, 166, 154, 1.0)",0.0,0.0,17.440461665049533,978.1936236973347,1.7474523833127378,0.0,0.0,0.0,0.0,0.0,0.0,0.0,0.0,55.679049433409595,10.018511437441553,False,True,True,False,False,9.336756192937532,0,1.016332692250287,0.9335775419084942,False,False,False,False,0.3099753865077808,0.3139824286244444,False,False,False,False,-15842.0,-18003.034087319567,False,False,False,False,6204.765724245484,False,False,False,False
2025-05-06 18:00:00+00:00,1009.22,1014.15,1009.22,1013.51,2613.0,,,,,,,,,,,,,,,,,,,,,966.2434350212742,,,,"rgba(38, 166, 154, 1.0)",0.0,0.0,17.684882449997858,978.3395512755973,1.988729573060124,0.0,0.0,0.0,0.0,0.0,0.0,0.0,0.0,57.08946899177173,10.018511437441553,False,True,True,False,False,10.933821163132272,0,1.0166721024443837,0.9207635265037072,False,False,False,False,0.3141539999812749,0.3140682143028597,False,False,False,False,-13229.0,-17929.018054958022,False,False,False,False,6149.079433947105,False,False,False,False
2025-05-06 19:00:00+00:00,1013.67,1013.67,1009.79,1010.28,8084.0,,,,,,,,,,,,,,,,,,,,,966.6623912925816,,,,"rgba(38, 166, 154, 1.0)",0.0,0.0,17.863053134059754,978.7183366012746,1.7668683601766981,0.0,0.0,0.0,0.0,0.0,0.0,0.0,0.0,55.25013168145813,10.018511437441553,False,True,True,False,False,9.533713973572553,0,1.0174435879957353,0.9301557338367151,False,False,False,False,0.31364522917535353,0.3138567217391066,False,False,False,False,-21313.0,-17981.482891315263,False,False,False,False,6179.078202413041,False,False,False,False
2025-05-07 14:00:00+00:00,1011.61,1013.61,1008.35,1009.58,4161.0,,,,,,,,,,,,,,,,,,,,,966.8715130701277,,,,"rgba(38, 166, 154, 1.0)",0.0,0.0,18.02540871398698,978.8943052565153,1.7023577789764022,0.0,0.0,0.0,0.0,0.0,0.0,0.0,0.0,53.45968813606111,8.360781905677051,False,True,True,False,False,9.230230815458174,0,1.0011102691080842,0.935956858114657,False,False,False,False,0.30866678418433285,0.31126175296171976,False,False,False,False,-25474.0,-18097.645947263863,False,False,False,False,6147.790168267103,False,False,False,False
2025-05-07 15:00:00+00:00,1009.535,1009.87,1004.7,1007.59,3289.0,,,,,,,,,,,,,,,,,,,,,967.0236623761771,,,,"rgba(38, 166, 154, 1.0)",0.0,0.0,18.153540627775502,978.9867119504064,1.5756313677911227,0.0,0.0,0.0,0.0,0.0,0.0,0.0,0.0,50.68659059722135,5.73398201145303,False,True,False,False,False,8.362066210003185,0,1.004286486055636,0.9292109854489733,False,False,False,False,0.28392352682414806,0.29759263989293394,False,False,False,False,-28763.0,-18263.000273662874,False,False,False,False,6103.467840076914,False,False,False,False
2025-05-07 16:00:00+00:00,1008.14,1011.45,1007.6,1011.39,2461.0,,,,,,,,,,,,,,,,,,,,,967.1444967781506,,,,"rgba(38, 166, 154, 1.0)",0.0,0.0,18.339140583034297,979.0879300855097,1.7613731553142258,0.0,0.0,0.0,0.0,0.0,0.0,0.0,0.0,51.9372439857507,5.73398201145303,False,True,False,False,False,9.674037545879902,0,1.0006827119137784,0.9354063501310802,False,False,False,False,0.2987301975358626,0.2981614187143983,False,False,False,False,-26302.0,-18387.635928334767,False,False,False,False,6046.995470463318,False,False,False,False
2025-05-07 17:00:00+00:00,1011.26,1011.26,1006.06,1006.06,3463.0,,,,,,,,,,,,,,,,,,,,,967.3041440663903,,,,"rgba(38, 166, 154, 1.0)",0.0,0.0,18.350458100425346,979.1962964293576,1.4639255011306578,0.0,0.0,0.0,0.0,0.0,0.0,0.0,0.0,48.941926074825375,4.11383390332071,False,True,False,False,False,7.3534281668800965,0,1.0051747741170032,0.9306927078579901,False,False,False,False,0.2929976817816984,0.29557955024804833,False,False,False,False,-29765.0,-18564.029169755933,False,False,False,False,6006.933525184817,False,False,False,False
2025-05-07 18:00:00+00:00,1006.05,1010.86,1001.56,1010.14,2705.0,,,,,,,,,,,,,,,,,,,,,967.4271412672248,,,,"rgba(38, 166, 154, 1.0)",0.0,0.0,18.278445627282416,979.2794676897628,1.6883564904542407,0.0,0.0,0.0,0.0,0.0,0.0,0.0,0.0,49.8692436499846,4.11383390332071,False,True,False,False,False,8.77119742646148,0,1.011195128233433,0.9293428266548915,False,False,False,False,0.2768608414535588,0.2862201958508036,False,False,False,False,-27060.0,-18695.749647744215,False,False,False,False,5955.740757352494,False,False,False,False
2025-05-07 19:00:00+00:00,1010.295,1012.81,1005.395,1007.1,8254.0,,,,,,,,,,,,,,,,,,,,,967.806306028779,,,,"rgba(38, 166, 154, 1.0)",0.0,0.0,17.95649969577294,979.565162350698,1.5334189912182004,0.0,0.0,0.0,0.0,0.0,0.0,0.0,0.0,48.518831209519654,3.546574109095573,False,True,False,False,False,7.457256057045669,1,1.0204533094911101,0.9140205178309718,False,False,False,False,0.29592785044020226,0.2910740231455029,False,False,False,False,-35314.0,-18953.39694002725,False,False,False,False,5991.372683595091,False,False,False,False
2025-05-08 14:00:00+00:00,1008.91,1012.245,991.88,992.92,9673.0,,,,,,,,,,,,,,,,,,,,,968.1408495434428,,,,"rgba(239, 83, 80, 1.0)",0.0,0.0,17.24613649984077,979.6040603628899,0.7721114602817295,0.0,0.0,0.0,0.0,0.0,0.0,0.0,0.0,41.896275461846706,-2.678169390371103,False,True,False,True,False,1.729061981151819,0,1.0109778206012232,0.9129583034609355,False,False,False,False,0.24985601437787652,0.2704650187616897,False,False,False,False,-44987.0,-19357.018692895042,False,False,False,False,6048.452176872686,False,False,False,False
2025-05-08 15:00:00+00:00,993.74,1008.4,991.46,1006.71,7690.0,,,,,,,,,,,,,,,,,,,,,968.4285649190513,,,,"rgba(239, 83, 80, 1.0)",0.0,0.0,16.46243813206964,981.1409567117023,1.5531747535310692,0.0,0.0,0.0,0.0,0.0,0.0,0.0,0.0,44.39584067874709,-2.678169390371103,False,True,False,True,True,6.454374620751711,0,1.0191061009046658,0.91309187625743,False,False,False,False,0.23161350466105668,0.2510392617113732,False,False,False,False,-37297.0,-19635.157937966436,False,False,False,False,6073.902530719622,False,False,False,False
2025-05-08 16:00:00+00:00,1007.04,1009.5,1003.545,1003.785,3012.0,,,,,,,,,,,,,,,,,,,,,968.5512174646517,,,,"rgba(239, 83, 80, 1.0)",0.0,0.0,16.04773310953678,981.2811145822598,1.402309302138549,0.0,0.0,0.0,0.0,0.0,0.0,0.0,0.0,44.9940328461189,-2.678169390371103,False,True,False,True,True,5.333057070998716,0,1.0212761065690612,0.9192731085095225,False,False,False,False,0.2761906414036182,0.2636149515574957,False,False,False,False,-40309.0,-19955.68262109874,False,False,False,False,6026.431173654201,False,False,False,False
2025-05-08 17:00:00+00:00,1006.31,1007.42,1002.14,1003.63,2081.0,,,,,,,,,,,,,,,,,,,,,968.632727836469,,,,"rgba(239, 83, 80, 1.0)",0.0,0.0,16.078377135901874,981.3420198142296,1.3862083217343437,0.0,0.0,0.0,0.0,0.0,0.0,0.0,0.0,45.333508137503244,-2.678169390371103,False,True,False,True,True,5.273303331038438,0,1.0216699416046275,0.9138645190453784,False,False,False,False,0.2625058183536887,0.2630603849555922,False,False,False,False,-42390.0,-20303.50149519023,False,False,False,False,5965.261698093671,False,False,False,False
2025-05-08 18:00:00+00:00,1003.24,1008.46,1003.06,1008.01,3203.0,,,,,,,,,,,,,,,,,,,,,968.7648345955544,,,,"rgba(239, 83, 80, 1.0)",0.0,0.0,16.153627522482456,981.4740056133577,1.6427266476034421,0.0,0.0,0.0,0.0,0.0,0.0,0.0,0.0,47.52343734279746,-7.898209246235822,False,True,False,True,True,6.7374006874231185,1,1.0221143223194973,0.9162403795270762,False,False,False,False,0.2460998115759662,0.2545800982657792,False,False,False,False,-39187.0,-20596.26891386945,False,False,False,False,5922.435935332529,False,False,False,False
2025-05-08 19:00:00+00:00,1007.985,1011.62,1003.74,1007.46,13200.0,,,,,,,,,,,,,,,,,,,,,969.3152177541855,,,,"rgba(239, 83, 80, 1.0)",0.0,0.0,16.217355938333412,981.9856880460146,1.5708055031197217,0.0,0.0,0.0,0.0,0.0,0.0,0.0,0.0,48.720753723344046,-6.526078847421886,False,True,False,False,True,6.518076115485407,1,1.0211286778289872,0.9549617875269818,False,False,False,False,0.25733356974949934,0.25595683400763924,False,False,False,False,-52387.0,-21089.148465592403,False,False,False,False,6035.266385947528,False,False,False,False
2025-05-09 14:00:00+00:00,1004.85,1006.49,998.31,1002.45,4546.0,,,,,,,,,,,,,,,,,,,,,969.4759687701081,,,,"rgba(239, 83, 80, 1.0)",0.0,0.0,16.04877997580124,982.0390614603245,1.2718062413748357,0.0,0.0,0.0,0.0,0.0,0.0,0.0,0.0,47.225218985127896,-6.526078847421886,False,True,False,True,True,4.534401455837042,1,0.9751561875615248,0.9548834806678294,False,False,False,False,0.20548976902436736,0.2307233015160033,False,False,False,False,-56933.0,-21644.867094032834,False,False,False,False,6012.176984615008,False,False,False,False
2025-05-09 15:00:00+00:00,1002.47,1007.34,1002.075,1007.24,2645.0,,,,,,,,,,,,,,,,,,,,,969.5776152441664,,,,"rgba(239, 83, 80, 1.0)",0.0,0.0,16.04565964073379,982.1074369305703,1.5663153545665232,0.0,0.0,0.0,0.0,0.0,0.0,0.0,0.0,48.57936055712558,-6.31749158688929,False,True,False,False,True,6.168489807274433,1,0.9782434472213074,0.9567327311971754,False,False,False,False,0.22799742620662067,0.22936036386131198,False,False,False,False,-54288.0,-22150.96217784628,False,False,False,False,5959.972690279892,False,False,False,False
2025-05-09 16:00:00+00:00,1007.205,1007.205,1002.55,1002.66,3292.0,,,,,,,,,,,,,,,,,,,,,969.6983894421812,,,,"rgba(239, 83, 80, 1.0)",0.0,0.0,15.985626459612805,982.1736226540444,1.2815498596638544,0.0,0.0,0.0,0.0,0.0,0.0,0.0,0.0,47.43468657227746,-6.31749158688929,False,True,False,True,True,4.37262750136783,1,0.9643178742649021,0.9716424442734032,False,False,False,False,0.22966437710988333,0.22951237048559764,False,False,False,False,-57580.0,-22700.249585941685,False,False,False,False,5918.608772601134,False,False,False,False
2025-05-09 17:00:00+00:00,1002.66,1006.59,1002.21,1006.54,1811.0,,,,,,,,,,,,,,,,,,,,,969.7663414804701,,,,"rgba(239, 83, 80, 1.0)",0.0,0.0,15.997666328403076,982.2170678151385,1.5204050194294432,0.0,0.0,0.0,0.0,0.0,0.0,0.0,0.0,48.54479569976232,-5.9548962345230265,False,True,False,False,True,5.6981004833277105,1,0.977273191976609,0.9630472120555336,False,False,False,False,0.224985360729293,0.22724886560744534,False,False,False,False,-55769.0,-23212.943390810804,False,False,False,False,5854.9249156615815,False,False,False,False
2025-05-09 18:00:00+00:00,1006.54,1008.84,1006.29,1008.56,1886.0,,,,,,,,,,,,,,,,,,,,,969.8423815903329,,,,"rgba(239, 83, 80, 1.0)",0.0,0.0,15.923309115826541,982.2817200793506,1.6503026933346867,0.0,0.0,0.0,0.0,0.0,0.0,0.0,0.0,50.21386799562155,-4.143479771338377,False,True,False,False,True,6.382213887487431,1,0.9951475396267021,0.9401564375284521,False,False,False,False,0.25619082644064395,0.24171984602404464,False,False,False,False,-53883.0,-23688.448144441645,False,False,False,False,5793.3911960389205,False,False,False,False
2025-05-09 19:00:00+00:00,1008.615,1010.75,1007.68,1008.79,7348.0,,,,,,,,,,,,,,,,,,,,,970.1448411173706,,,,"rgba(239, 83, 80, 1.0)",0.0,0.0,15.864428909405715,982.5545407969985,1.653728561728874,0.0,0.0,0.0,0.0,0.0,0.0,0.0,0.0,51.43803794965181,-2.776332634944474,False,True,False,False,True,6.460822881452437,1,1.0029227469616049,0.9352685142352491,False,False,False,False,0.2726511332120081,0.2571854896180264,False,False,False,False,-46535.0,-24042.65825072937,False,False,False,False,5817.493658115836,False,False,False,False
2025-05-12 14:00:00+00:00,1006.75,1008.17,999.0,1003.87,9483.0,,,,,,,,,,,,,,,,,,,,,970.4752225267326,,,,"rgba(239, 83, 80, 1.0)",0.0,0.0,15.69293588566772,982.7234306840232,1.3475215517377992,0.0,0.0,0.0,0.0,0.0,0.0,0.0,0.0,49.60189467136355,-2.776332634944474,False,True,False,False,True,4.4734971686058564,1,0.9801232128327331,0.9459702218042328,False,False,False,False,0.2170213933384741,0.23710344147825024,False,False,False,False,-56018.0,-24538.399983276202,False,False,False,False,5874.323213803962,False,False,False,False
2025-05-12 15:00:00+00:00,1003.86,1007.02,1002.68,1006.24,5168.0,,,,,,,,,,,,,,,,,,,,,970.6612688541826,,,,"rgba(239, 83, 80, 1.0)",0.0,0.0,15.52610643748374,982.8429000699131,1.5069521791761478,0.0,0.0,0.0,0.0,0.0,0.0,0.0,0.0,49.713165408928866,-2.776332634944474,False,True,False,False,True,5.309201906694614,1,0.9848563913057371,0.9426523679194041,False,False,False,False,0.22939463845942043,0.23324903996883534,False,False,False,False,-50850.0,-24946.33176648122,False,False,False,False,5863.372466303125,False,False,False,False
2025-05-12 16:00:00+00:00,1006.5,1012.21,1005.08,1011.84,4156.0,,,,,,,,,,,,,,,,,,,,,970.8282491982977,,,,"rgba(239, 83, 80, 1.0)",0.0,0.0,15.46996602924233,982.9917334599336,1.8647918479934338,0.0,0.0,0.0,0.0,0.0,0.0,0.0,0.0,52.533250435728284,-1.3958229156062885,False,True,True,False,True,7.2449801196226,1,1.009321905667719,0.9320500626864376,False,False,False,False,0.26694895141670455,0.25009899569276994,False,False,False,False,-46694.0,-25283.50491738849,False,False,False,False,5836.901575352689,False,False,False,False
2025-05-12 17:00:00+00:00,1012.13,1013.72,1009.485,1010.295,2674.0,,,,,,,,,,,,,,,,,,,,,970.9389293879111,,,,"rgba(239, 83, 80, 1.0)",0.0,0.0,15.291781487257124,983.0966670135423,1.7786242243339967,0.0,0.0,0.0,0.0,0.0,0.0,0.0,0.0,53.47110732224327,-0.39106618784558833,False,False,True,False,True,6.606832633534115,1,1.01042283677229,0.9302517674805315,False,False,False,False,0.2967291837922348,0.27341408974250236,False,False,False,False,-49368.0,-25656.907941925103,False,False,False,False,5787.86434162629,False,False,False,False
2025-05-12 18:00:00+00:00,1010.46,1013.84,1010.45,1011.23,4691.0,,,,,,,,,,,,,,,,,,,,,971.1348609095693,,,,"rgba(239, 83, 80, 1.0)",0.0,0.0,15.078835025913119,983.285102481718,1.8532530842242414,0.0,0.0,0.0,0.0,0.0,0.0,0.0,0.0,54.57296514559086,0.7979086919680469,False,False,True,False,True,6.932973703609857,1,1.002777960779147,0.9417396842128375,False,False,False,False,0.30224631465262664,0.2878302021975645,False,False,False,False,-44677.0,-25951.79309011231,False,False,False,False,5770.858692918906,False,False,False,False
2025-05-12 19:00:00+00:00,1010.895,1016.78,1010.89,1016.24,10429.0,,,,,,,,,,,,,,,,,,,,,971.5932701919672,,,,"rgba(239, 83, 80, 1.0)",0.0,0.0,14.949545472916974,983.7609643279676,2.1725768004701123,0.0,0.0,0.0,0.0,0.0,0.0,0.0,0.0,57.638664407130534,3.7637952016369454,True,False,True,False,True,8.662596043776844,0,0.9953350203542745,0.9406315326218502,False,False,False,False,0.31955011562362595,0.30369015891059525,False,False,False,False,-34248.0,-26080.416453056303,False,False,False,False,5843.07793798993,False,False,False,False
2025-05-13 14:00:00+00:00,1021.04,1023.87,1010.32,1010.545,11069.0,,,,,,,,,,,,,,,,,,,,,972.0724007372451,,,,"rgba(239, 83, 80, 1.0)",0.0,0.0,14.67180199449717,986.0441078197262,1.6699306731009016,0.0,0.0,0.0,0.0,0.0,0.0,0.0,0.0,56.03829055415031,3.7637952016369454,False,False,True,False,True,6.2672942714250155,1,0.9973371457257917,0.9290523949318458,False,False,False,False,0.34282825338541534,0.3232592061480053,False,False,False,False,-45317.0,-26378.658058435274,False,False,False,False,5924.0999854629545,False,False,False,False
2025-05-13 15:00:00+00:00,1010.44,1012.5,1002.83,1006.09,6659.0,,,,,,,,,,,,,,,,,,,,,972.3041978008999,,,,"rgba(239, 83, 80, 1.0)",0.0,0.0,14.413181108194783,986.013565011483,1.3929218565846173,0.0,0.0,0.0,0.0,0.0,0.0,0.0,0.0,52.66248006648809,6.830211997769084,False,False,True,False,False,4.451531626513983,1,0.9891564430522929,0.9428782737318363,False,False,False,False,0.2484383685925466,0.28584878737027597,False,False,False,False,-51976.0,-26775.516073033174,False,False,False,False,5935.493784137947,False,False,False,False
2025-05-13 16:00:00+00:00,1005.55,1006.2,992.71,992.8,12079.0,,,,,,,,,,,,,,,,,,,,,972.5995994193837,,,,"rgba(239, 83, 80, 1.0)",0.0,0.0,14.160340400294675,985.658079627756,0.5043607830285851,0.0,0.0,0.0,0.0,0.0,0.0,0.0,0.0,45.736133809724805,0.5731126558384574,False,True,False,True,False,0.0,0,0.9754216496319851,0.971339927167108,False,False,False,False,0.16970831960180832,0.22777855348604215,False,False,False,False,-64055.0,-27353.492568024907,False,False,False,False,6030.741942523405,False,False,False,False
2025-05-13 17:00:00+00:00,992.73,995.47,987.74,994.02,12794.0,,,,,,,,,,,,,,,,,,,,,972.845126831899,,,,"rgba(239, 83, 80, 1.0)",0.0,0.0,13.65888301594272,985.7031529494642,0.6088965723498998,0.0,0.0,0.0,0.0,0.0,0.0,0.0,0.0,41.813096915156734,-2.7227816776244538,False,True,False,True,False,0.0,0,0.9636961511299437,0.9824880826271182,False,False,False,False,0.09634623930603861,0.16206239639604036,False,False,False,False,-51261.0,-27724.15159797801,False,False,False,False,6135.59865659281,False,False,False,False
2025-05-13 18:00:00+00:00,994.2,999.53,994.12,999.0,5804.0,,,,,,,,,,,,,,,,,,,,,972.9832528344554,,,,"rgba(239, 83, 80, 1.0)",0.0,0.0,13.163195783136802,985.7808926563679,1.0042475673397597,0.0,0.0,0.0,0.0,0.0,0.0,0.0,0.0,41.90878011863029,-2.7227816776244538,False,True,False,True,False,1.6518881786613093,0,0.9735570276816228,0.9716658740779238,False,False,False,False,0.14496614730651378,0.15351427185127708,False,False,False,False,-45457.0,-27999.0794801799,False,False,False,False,6130.457592149511,False,False,False,False
2025-05-13 19:00:00+00:00,998.87,1003.495,997.245,999.39,11748.0,,,,,,,,,,,,,,,,,,,,,973.2860634857287,,,,"rgba(239, 83, 80, 1.0)",0.0,0.0,12.554647469405356,985.9910886895598,1.0672471165034507,0.0,0.0,0.0,0.0,0.0,0.0,0.0,0.0,42.179751474313434,-2.7227816776244538,False,True,False,True,False,1.7928991541569061,0,0.9773182158401023,0.9680425803232329,False,False,False,False,0.17836330722643373,0.1659387895388554,False,False,False,False,-33709.0,-28087.605379711993,False,False,False,False,6217.551272891379,False,False,False,False
2025-05-14 14:00:00+00:00,998.42,999.41,993.11,996.59,6159.0,,,,,,,,,,,,,,,,,,,,,973.4206984322545,,,,"rgba(239, 83, 80, 1.0)",0.0,0.0,11.930203617722771,985.9782202615238,0.8894885685531827,0.0,0.0,0.0,0.0,0.0,0.0,0.0,0.0,41.224189161825976,-3.3716869790693735,False,True,False,True,False,0.7263561124314499,0,0.9638953607420158,0.9771329905864509,False,False,False,False,0.1396747400127214,0.15280676477578842,False,False,False,False,-39868.0,-28270.24715677072,False,False,False,False,6216.643501218644,False,False,False,False
2025-05-14 15:00:00+00:00,996.49,997.975,994.11,994.43,3238.0,,,,,,,,,,,,,,,,,,,,,973.4882085088536,,,,"rgba(239, 83, 80, 1.0)",0.0,0.0,11.513071606647154,985.9630888588251,0.7354172223063729,0.0,0.0,0.0,0.0,0.0,0.0,0.0,0.0,39.73851722883221,-5.037807458701828,False,True,False,True,False,0.0,0,0.9672085575768359,0.9800682738068757,False,False,False,False,0.13763986794711905,0.14522331636145375,False,False,False,False,-43106.0,-28500.258828758775,False,False,False,False,6170.4629818199055,False,False,False,False
2025-05-14 16:00:00+00:00,994.4,995.565,991.49,992.74,4923.0,,,,,,,,,,,,,,,,,,,,,973.5796998437892,,,,"rgba(239, 83, 80, 1.0)",0.0,0.0,11.213717950360412,985.9038778644673,0.6096213731961222,0.0,0.0,0.0,0.0,0.0,0.0,0.0,0.0,38.08714503115359,-6.848476518959984,False,True,False,True,False,0.0,0,0.9628012073588184,0.995025546768291,False,False,False,False,0.11418791984245442,0.12970561810195408,False,False,False,False,-48029.0,-28803.03000970825,False,False,False,False,6151.122470473861,False,False,False,False
2025-05-14 17:00:00+00:00,992.61,996.12,992.56,995.19,2821.0,,,,,,,,,,,,,,,,,,,,,973.6353374390104,,,,"rgba(239, 83, 80, 1.0)",0.0,0.0,11.021850312278394,985.8878615693905,0.8439724880174589,0.0,0.0,0.0,0.0,0.0,0.0,0.0,0.0,38.743608240145655,-6.848476518959984,False,True,False,True,False,0.21321641408242442,0,0.9687138740547337,0.9860486886105638,False,False,False,False,0.12174945438270396,0.12572753624232902,False,False,False,False,-45208.0,-29057.370629712776,False,False,False,False,6099.492664730079,False,False,False,False
2025-05-14 18:00:00+00:00,995.16,998.755,994.89,995.84,5823.0,,,,,,,,,,,,,,,,,,,,,973.7594161964804,,,,"rgba(239, 83, 80, 1.0)",0.0,0.0,10.598548790680423,985.8970449408521,0.9381430661423236,0.0,0.0,0.0,0.0,0.0,0.0,0.0,0.0,39.65201170990534,-6.848476518959984,False,True,False,True,False,0.46553240960925635,0,0.9739278890182822,0.9799258312887937,False,False,False,False,0.14494271644918494,0.13533512634575698,False,False,False,False,-39385.0,-29217.48891452343,False,False,False,False,6095.205956749767,False,False,False,False
2025-05-14 19:00:00+00:00,996.16,997.06,991.08,991.565,11397.0,,,,,,,,,,,,,,,,,,,,,973.9641419279508,,,,"rgba(239, 83, 80, 1.0)",0.0,0.0,10.096763039402227,985.8078953493136,0.5701931032965255,0.0,0.0,0.0,0.0,0.0,0.0,0.0,0.0,38.2056572829643,-7.425326941644336,False,True,False,True,False,0.0,0,0.9744233520507123,0.9772450958770867,False,False,False,False,0.11923520302932844,0.1272851646875427,False,False,True,False,-50782.0,-29551.822419724616,False,False,True,False,6177.404314009461,False,False,True,False
2025-05-15 14:00:00+00:00,998.77,1004.5,998.35,1002.97,10575.0,,,,,,,,,,,,,,,,,,,,,974.2343757564357,,,,"rgba(239, 83, 80, 1.0)",0.0,0.0,9.562753202439968,986.008525099918,1.7737020438584874,0.0,0.0,0.0,0.0,0.0,0.0,0.0,0.0,43.88722757121066,-10.746274657131998,False,True,False,True,True,3.1267171819835227,0,0.9756629722695864,0.9632672978551553,False,False,False,False,0.1883755676395712,0.15783036616355695,False,False,False,False,-40207.0,-29717.018971356792,False,False,False,False,6245.584092086834,False,False,False,False
2025-05-15 15:00:00+00:00,1003.74,1008.68,1003.74,1006.99,6897.0,,,,,,,,,,,,,,,,,,,,,974.436186734685,,,,"rgba(239, 83, 80, 1.0)",0.0,0.0,9.000244179868812,986.214117209421,2.308368792598892,0.0,0.0,0.0,0.0,0.0,0.0,0.0,0.0,49.29946420917585,-5.859192923718446,False,False,False,False,True,4.566809088141813,0,0.979688857743518,0.9584246671338469,False,False,False,False,0.23429078101581574,0.19606057358968634,False,False,False,False,-33310.0,-29772.72410358382,False,False,False,False,6255.683563527348,False,False,False,False
2025-05-15 16:00:00+00:00,1007.78,1010.94,1007.07,1010.94,5548.0,,,,,,,,,,,,,,,,,,,,,974.6126345850595,,,,"rgba(239, 83, 80, 1.0)",0.0,0.0,8.57623534137187,986.4163445896993,2.859489558547715,0.0,0.0,0.0,0.0,0.0,0.0,0.0,0.0,54.33587127491295,-1.4561794181523382,True,False,True,False,True,5.9539060154513415,0,0.9931513434338295,0.952726738037472,False,False,False,False,0.26155441293623494,0.22880749326296063,False,False,False,False,-27762.0,-29741.550086473995,False,False,False,False,6244.711725333125,False,False,False,False
2025-05-15 17:00:00+00:00,1010.82,1013.75,1010.14,1010.14,7475.0,,,,,,,,,,,,,,,,,,,,,974.8589463257302,,,,"rgba(239, 83, 80, 1.0)",0.0,0.0,8.499379734653532,986.7051726515843,2.7572397139602485,0.0,0.0,0.0,0.0,0.0,0.0,0.0,0.0,57.1804055441143,0.9302115733420564,True,False,True,False,True,5.6257577819476765,0,0.9872038156307177,0.951324651489489,False,False,False,False,0.2906495855548202,0.2597285394088904,False,False,False,False,-35237.0,-29826.750860327113,False,False,False,False,6263.7859621496655,False,False,False,False
2025-05-15 18:00:00+00:00,1009.57,1009.57,1006.33,1007.66,4834.0,,,,,,,,,,,,,,,,,,,,,975.0014126233673,,,,"rgba(239, 83, 80, 1.0)",0.0,0.0,8.34386064855399,986.8411173081919,2.495113900951359,0.0,0.0,0.0,0.0,0.0,0.0,0.0,0.0,57.46455507973167,1.1427422164961243,True,False,True,False,True,4.605033584148902,0,0.9843390325153132,0.9517728169946096,False,False,False,False,0.251220827657249,0.2554746835330697,False,False,False,False,-40071.0,-29985.576428384054,False,False,False,False,6241.618737930291,False,False,False,False
2025-05-15 19:00:00+00:00,1007.695,1010.64,1006.0,1010.17,12581.0,,,,,,,,,,,,,,,,,,,,,975.3785316183031,,,,"rgba(239, 83, 80, 1.0)",0.0,0.0,8.020510016132656,987.2060602178697,2.863152060896383,0.0,0.0,0.0,0.0,0.0,0.0,0.0,0.0,58.78066109899889,2.534274057189535,True,False,True,False,True,5.513545687554686,0,0.992617514506385,0.948925021454105,False,False,False,False,0.2548388424355073,0.25515676298428847,False,False,False,False,-27490.0,-29946.885320967245,False,False,False,False,6339.9037187375725,False,False,False,False
2025-05-16 14:00:00+00:00,1017.725,1024.465,1016.44,1023.1,7444.0,,,,,,,,,,,,,,,,,,,,,975.6787372698516,,,,"rgba(38, 166, 154, 1.0)",0.0,0.0,8.140404807649174,987.6148916558565,4.359133136818919,0.0,0.0,0.0,0.0,0.0,0.0,0.0,0.0,63.751154809092995,7.305846403659366,True,False,True,False,True,9.928047287402787,0,0.9991158067840709,0.9351159870017963,False,False,False,False,0.34282825343136025,0.29899250820782436,False,False,False,False,-20046.0,-29793.383222967754,False,False,False,False,6357.021490540091,False,False,False,False
2025-05-16 15:00:00+00:00,1023.17,1023.3,1020.61,1022.69,3264.0,,,,,,,,,,,,,,,,,,,,,975.8116067795112,,,,"rgba(38, 166, 154, 1.0)",0.0,0.0,8.211513202878413,987.793623479811,4.249688901182878,0.0,0.0,0.0,0.0,0.0,0.0,0.0,0.0,66.78909899815694,10.170498837314724,True,False,True,False,True,9.75382644955915,0,1.0084204908072996,0.9354750792082579,False,False,False,False,0.34282825345061924,0.3209103808292218,False,False,False,False,-23310.0,-29692.865653619418,False,False,False,False,6309.06766898133,False,False,False,False
2025-05-16 16:00:00+00:00,1022.69,1024.31,1021.255,1024.045,1462.0,,,,,,,,,,,,,,,,,,,,,975.8721573661883,,,,"rgba(38, 166, 154, 1.0)",0.0,0.0,8.35196006988626,987.8755981006663,4.330648326462412,0.0,0.0,0.0,0.0,0.0,0.0,0.0,0.0,69.17674339510307,12.473216077538439,True,False,True,False,True,10.202096041627556,0,0.9992279282549449,0.9425843661233355,False,False,False,False,0.34282825346090756,0.3318693171450647,False,False,False,False,-21848.0,-29571.239829532293,False,False,False,False,6233.919333028131,False,False,False,False
2025-05-16 17:00:00+00:00,1024.02,1025.95,1023.075,1023.8,2775.0,,,,,,,,,,,,,,,,,,,,,975.989255606905,,,,"rgba(38, 166, 154, 1.0)",0.0,0.0,8.301323498080611,988.0354172246347,4.308298885549345,0.0,0.0,0.0,0.0,0.0,0.0,0.0,0.0,70.56925513478228,13.940264355649958,True,False,True,False,True,10.094229921233055,0,0.9979592783266081,0.9453353276749684,False,False,False,False,0.34282825348172313,0.3373487853133939,False,False,False,False,-24623.0,-29494.522932950396,False,False,False,False,6180.292676702114,False,False,False,False
2025-05-16 18:00:00+00:00,1023.85,1027.49,1022.76,1026.83,3979.0,,,,,,,,,,,,,,,,,,,,,976.1610775243438,,,,"rgba(38, 166, 154, 1.0)",0.0,0.0,8.432026836801581,988.271520387009,4.5728601627194125,0.0,0.0,0.0,0.0,0.0,0.0,0.0,0.0,72.39548529301354,15.896734513820064,True,False,True,False,True,11.114898713374988,0,0.9931824935758111,0.9486589323901478,False,False,False,False,0.342828253488877,0.3400885194011355,False,False,False,False,-20644.0,-29357.305523137213,False,False,False,False,6146.164108071073,False,False,False,False
2025-05-16 19:00:00+00:00,1026.84,1028.07,1025.925,1026.34,8863.0,,,,,,,,,,,,,,,,,,,,,976.5478545500531,,,,"rgba(38, 166, 154, 1.0)",0.0,0.0,8.534781613442416,988.7961004892552,4.398929136231499,0.0,0.0,0.0,0.0,0.0,0.0,0.0,0.0,73.15517419528166,16.923758156989976,True,False,True,False,True,10.89201327936015,0,0.9896112423711224,0.9529105523277969,False,False,False,False,0.3428282535100829,0.3414583864556092,False,False,False,False,-29507.0,-29359.626367739736,False,False,False,False,6188.285594767646,False,False,False,False
2025-05-19 14:00:00+00:00,1021.875,1028.6,1021.34,1024.03,4520.0,,,,,,,,,,,,,,,,,,,,,976.7346022566416,,,,"rgba(38, 166, 154, 1.0)",0.0,0.0,8.571576921365436,989.0333818159642,4.08286812392753,0.0,0.0,0.0,0.0,0.0,0.0,0.0,0.0,71.48590916745763,16.923758156989976,True,False,True,False,True,9.83575014852791,0,0.97756307282509,0.9554123756505891,False,False,False,False,0.3245815587592934,0.3330199726074513,False,False,False,False,-34027.0,-29431.988749635246,False,False,False,False,6162.420701825513,False,False,False,False
2025-05-19 15:00:00+00:00,1023.93,1029.57,1023.93,1028.39,4022.0,,,,,,,,,,,,,,,,,,,,,976.9086472612564,,,,"rgba(38, 166, 154, 1.0)",0.0,0.0,8.570337338171464,989.2606475258704,4.5656723802284125,0.0,0.0,0.0,0.0,0.0,0.0,0.0,0.0,72.03519588676065,16.923758156989976,True,False,True,False,True,11.343436358162144,0,0.9835633875186844,0.9526462070254109,False,False,False,False,0.3405892604268929,0.3368046165171721,False,False,False,False,-30005.0,-29440.872644989737,False,False,False,False,6129.235884742947,False,False,False,False
2025-05-19 16:00:00+00:00,1028.74,1033.7,1028.645,1033.7,1886.0,,,,,,,,,,,,,,,,,,,,,976.9974523016301,,,,"rgba(38, 166, 154, 1.0)",0.0,0.0,8.929326030071772,989.3831201596715,4.96307108633733,0.0,0.0,0.0,0.0,0.0,0.0,0.0,0.0,73.9829778665395,18.603539819182487,True,False,True,False,True,13.122598727521435,0,0.9871116372456855,0.9434560077991713,False,False,False,False,0.342828253554039,0.33981643503560555,False,False,False,False,-28119.0,-29420.37849545501,False,False,False,False,6063.449281878715,False,False,False,False
2025-05-19 17:00:00+00:00,1033.49,1034.535,1029.52,1030.585,4349.0,,,,,,,,,,,,,,,,,,,,,977.1994104084663,,,,"rgba(38, 166, 154, 1.0)",0.0,0.0,9.242406677330056,989.6565434496115,4.428333223074745,0.0,0.0,0.0,0.0,0.0,0.0,0.0,0.0,72.57167078446035,18.603539819182487,True,False,True,False,True,11.672521016845351,0,0.9881958587426224,0.9428197243392622,False,False,False,False,0.3428282535625194,0.3413223442990625,False,False,False,False,-32468.0,-29467.62844126191,False,False,False,False,6036.868672857339,False,False,False,False
2025-05-19 18:00:00+00:00,1030.27,1032.585,1029.36,1032.585,3435.0,,,,,,,,,,,,,,,,,,,,,977.3577634912057,,,,"rgba(38, 166, 154, 1.0)",0.0,0.0,9.558131861648006,989.8676130844256,4.469219250571124,0.0,0.0,0.0,0.0,0.0,0.0,0.0,0.0,72.33779620284,18.603539819182487,True,False,True,False,True,12.347958375300259,0,0.988055686481888,0.9452734316622023,False,False,False,False,0.33385682398540156,0.33758958414223206,False,False,False,False,-29033.0,-29460.89001581599,False,False,False,False,5996.529623665752,False,False,False,False
2025-05-19 19:00:00+00:00,1032.67,1034.685,1030.48,1033.605,6413.0,,,,,,,,,,,,,,,,,,,,,977.6585958953842,,,,"rgba(38, 166, 154, 1.0)",0.0,0.0,9.91550934256474,990.2685450214833,4.37057275439038,0.0,0.0,0.0,0.0,0.0,0.0,0.0,0.0,72.54449160841044,18.603539819182487,True,False,True,False,True,12.693792857474719,0,0.9893945027600607,0.9431341704087178,False,False,False,False,0.3428282535679353,0.34020891885508364,False,False,False,False,-22620.0,-29354.82970549326,False,False,False,False,6002.986528725198,False,False,False,False
2025-05-20 14:00:00+00:00,1035.76,1035.88,1031.22,1034.92,7199.0,,,,,,,,,,,,,,,,,,,,,977.9989863410199,,,,"rgba(38, 166, 154, 1.0)",0.0,0.0,10.306108865858207,990.7173404635541,4.288976578044823,0.0,0.0,0.0,0.0,0.0,0.0,0.0,0.0,73.16101947584357,19.09672933600332,True,False,True,False,True,13.142974093819472,0,0.9902928641740685,0.9420758249073952,False,False,False,False,0.3428282535772141,0.34151858621614883,False,False,False,False,-15421.0,-29138.80133796623,False,False,False,False,6021.5293732410855,False,False,False,False
2025-05-20 15:00:00+00:00,1034.54,1037.01,1032.51,1033.75,5444.0,,,,,,,,,,,,,,,,,,,,,978.255571405064,,,,"rgba(38, 166, 154, 1.0)",0.0,0.0,10.617019205962947,991.0501963517893,4.021825977693323,0.0,0.0,0.0,0.0,0.0,0.0,0.0,0.0,72.32031736410704,19.09672933600332,True,False,True,False,True,12.569810319593678,0,0.9918028610732138,0.9410915554750434,False,False,False,False,0.3428282535885363,0.34217341990234257,False,False,False,False,-20865.0,-29010.52534823032,False,False,False,False,6012.575429469905,False,False,False,False
2025-05-20 16:00:00+00:00,1033.58,1036.58,1031.825,1036.265,3275.0,,,,,,,,,,,,,,,,,,,,,978.4100798042053,,,,"rgba(38, 166, 154, 1.0)",0.0,0.0,10.932111236218166,991.2489676568516,4.117780305236012,0.0,0.0,0.0,0.0,0.0,0.0,0.0,0.0,72.8245497129289,19.368430078195033,True,False,True,False,True,13.447742705336687,0,1.0091327634273022,0.9403102478975558,False,False,False,False,0.3382254921991581,0.3401994560507503,False,False,False,False,-17590.0,-28833.462939730623,False,False,False,False,5970.132399555643,False,False,False,False
2025-05-20 17:00:00+00:00,1036.26,1037.74,1034.24,1035.715,4912.0,,,,,,,,,,,,,,,,,,,,,978.6443539165668,,,,"rgba(38, 166, 154, 1.0)",0.0,0.0,11.295966701069815,991.5501550226389,3.909788878288587,0.0,0.0,0.0,0.0,0.0,0.0,0.0,0.0,72.51918133892862,19.368430078195033,True,False,True,False,True,13.17105422801437,0,1.021926376295054,0.9211698726348341,False,False,False,False,0.34282825359973673,0.34151385482524355,False,False,False,False,-22502.0,-28735.30072361077,False,False,False,False,5953.72724607416,False,False,False,False
2025-05-20 18:00:00+00:00,1035.715,1037.41,1033.31,1034.27,6180.0,,,,,,,,,,,,,,,,,,,,,978.9318063880662,,,,"rgba(38, 166, 154, 1.0)",0.0,0.0,11.59742314808087,991.9096496246891,3.652565732442092,0.0,0.0,0.0,0.0,0.0,0.0,0.0,0.0,70.600990624912,19.368430078195033,True,False,True,False,False,12.437753037219963,0,1.0307117817405882,0.9116691873893519,False,False,False,False,0.3376982667036269,0.3396060607644352,False,False,False,False,-28682.0,-28734.474355802853,False,False,False,False,5957.235350786188,False,False,False,False
2025-05-20 19:00:00+00:00,1034.09,1037.5,1032.68,1037.28,16358.0,,,,,,,,,,,,,,,,,,,,,979.6896744274184,,,,"rgba(38, 166, 154, 1.0)",0.0,0.0,11.951850228054235,992.8377917016971,3.7184375180660236,0.0,0.0,0.0,0.0,0.0,0.0,0.0,0.0,70.91268952322105,19.368430078195033,True,False,True,False,False,13.52450630479284,0,1.040777776466005,0.9015265102770857,False,False,False,False,0.3355049473755116,0.3375555040699734,False,False,False,False,-12324.0,-28480.048396798156,False,True,False,False,6118.487515890278,False,True,False,False
2025-05-21 14:00:00+00:00,1036.51,1038.68,1034.28,1036.94,2971.0,,,,,,,,,,,,,,,,,,,,,979.8271228358954,,,,"rgba(38, 166, 154, 1.0)",0.0,0.0,12.275074256393163,993.0035836340705,3.5793198027332784,0.0,0.0,0.0,0.0,0.0,0.0,0.0,0.0,70.69325143890637,19.368430078195033,True,False,True,False,False,13.3476177207728,0,1.045559727043045,0.8897900876012371,False,False,False,False,0.3428282535417709,0.34019187880587215,False,False,False,False,-15295.0,-28275.629041809036,False,False,False,False,6069.689259829963,False,False,False,False
2025-05-21 15:00:00+00:00,1036.945,1039.13,1034.42,1035.07,2939.0,,,,,,,,,,,,,,,,,,,,,979.9614231665157,,,,"rgba(38, 166, 154, 1.0)",0.0,0.0,12.545342716476101,995.4289678656406,3.159820582844483,0.0,0.0,0.0,0.0,0.0,0.0,0.0,0.0,68.20988396152627,20.88276454431832,True,False,True,False,False,12.367846816081503,0,1.0451040633106599,0.9022486282291903,False,False,False,False,0.3428282533551154,0.3415100660804938,False,False,False,False,-18234.0,-28119.944870618194,False,False,False,False,6021.151441848103,False,False,False,False
2025-05-21 16:00:00+00:00,1035.4,1037.76,1033.69,1036.23,3245.0,,,,,,,,,,,,,,,,,,,,,980.1081432469747,,,,"rgba(38, 166, 154, 1.0)",0.0,0.0,12.818589119282008,995.5839774256305,3.1708655450410617,0.0,0.0,0.0,0.0,0.0,0.0,0.0,0.0,67.35205583512003,20.01206315489209,True,False,True,False,False,12.804442429267858,0,1.0288008571903615,0.9158881957743965,False,False,False,False,0.33173562431328946,0.3366228451968916,False,False,False,False,-14989.0,-27916.364329988453,False,False,False,False,5978.110334222551,False,False,False,False
2025-05-21 17:00:00+00:00,1036.1,1037.275,1025.945,1027.69,2452.0,,,,,,,,,,,,,,,,,,,,,980.20744062703,,,,"rgba(38, 166, 154, 1.0)",0.0,0.0,12.926813989838873,995.5993470295261,2.4824874091712608,0.0,0.0,0.0,0.0,0.0,0.0,0.0,0.0,59.11516680552152,12.484223847129755,False,False,True,False,False,8.435209558444424,0,1.013555411789119,0.9146332531767636,False,False,False,False,0.28898500353139905,0.31280392436414534,False,False,False,False,-17441.0,-27753.955580686306,False,False,False,False,5923.441956947781,False,False,False,False
2025-05-21 18:00:00+00:00,1028.025,1029.14,1024.9,1025.35,4193.0,,,,,,,,,,,,,,,,,,,,,980.3633888697706,,,,"rgba(38, 166, 154, 1.0)",0.0,0.0,12.99993559166173,995.6088290674614,2.2877937142715314,0.0,0.0,0.0,0.0,0.0,0.0,0.0,0.0,52.23851735556155,6.614268882476608,False,True,False,False,False,7.2903049963883255,0,1.008231205414304,0.9279068349490885,False,False,False,False,0.24247631907816145,0.2776401217211534,False,False,False,False,-21634.0,-27659.072548427604,False,False,False,False,5896.613399475723,False,False,False,False
2025-05-21 19:00:00+00:00,1025.19,1028.34,1023.98,1026.44,6908.0,,,,,,,,,,,,,,,,,,,,,980.6168741970499,,,,"rgba(38, 166, 154, 1.0)",0.0,0.0,13.084277101897731,995.7405631445215,2.3462845227441673,0.0,0.0,0.0,0.0,0.0,0.0,0.0,0.0,48.65051914070208,3.854324898622849,False,True,False,True,False,7.729069940679736,0,1.0247654435671159,0.9270846880322035,False,False,False,False,0.23388114282420588,0.25576063227267964,False,False,False,False,-14726.0,-27458.559795738805,False,False,False,False,5912.293811886952,False,False,False,False
2025-05-22 14:00:00+00:00,1022.91,1023.22,1014.0,1016.43,9450.0,,,,,,,,,,,,,,,,,,,,,980.8963624370332,,,,"rgba(239, 83, 80, 1.0)",0.0,0.0,13.087303936422137,995.731813565529,1.5815470118996477,0.0,0.0,0.0,0.0,0.0,0.0,0.0,0.0,41.63763458547124,-2.135468723558084,False,True,False,True,False,2.9929991098332778,0,1.0111175004792026,0.9214726050690362,False,False,False,False,0.15971892269779014,0.2077397774852349,False,False,False,False,-24176.0,-27407.667395804867,False,False,False,False,5967.141969842193,False,False,False,False
2025-05-22 15:00:00+00:00,1016.09,1022.905,1016.09,1021.01,7114.0,,,,,,,,,,,,,,,,,,,,,981.1159046687084,,,,"rgba(239, 83, 80, 1.0)",0.0,0.0,13.107797589893723,995.8360540905303,1.9205320906754864,0.0,0.0,0.0,0.0,0.0,0.0,0.0,0.0,40.50438862987358,-2.7496877540828635,False,True,False,True,False,4.867495969415543,0,1.007358447361418,0.9236367687194817,False,False,False,False,0.16833182756345005,0.1880358025243425,False,False,False,False,-17062.0,-27247.26945168386,False,False,False,False,5984.922714495803,False,False,False,False
2025-05-22 16:00:00+00:00,1021.62,1023.78,1019.88,1020.0,3857.0,,,,,,,,,,,,,,,,,,,,,981.2376036669851,,,,"rgba(239, 83, 80, 1.0)",0.0,0.0,13.126741374655142,995.9133002425215,1.8349336724180962,0.0,0.0,0.0,0.0,0.0,0.0,0.0,0.0,39.3010233032765,-3.770376260615336,False,True,False,True,False,4.402367134015677,0,1.0058357752977118,0.9329634017083361,False,False,False,False,0.1910899368502841,0.18956286968731328,False,False,False,False,-20919.0,-27149.15674700659,False,False,False,False,5951.9316646586585,False,False,False,False
2025-05-22 17:00:00+00:00,1020.025,1024.06,1018.295,1023.07,3828.0,,,,,,,,,,,,,,,,,,,,,981.3594261263137,,,,"rgba(239, 83, 80, 1.0)",0.0,0.0,13.169490001205741,995.9980162814704,2.055659233277145,0.0,0.0,0.0,0.0,0.0,0.0,0.0,0.0,40.75517702345019,-3.770376260615336,False,True,False,True,False,5.654958840706708,0,1.013517075191084,0.9256874631323974,False,False,False,False,0.18470477600064975,0.1871338228439815,False,False,False,False,-17091.0,-26993.216332324315,False,False,False,False,5919.002491563176,False,False,False,False
2025-05-22 18:00:00+00:00,1022.96,1024.35,1020.35,1021.255,5458.0,,,,,,,,,,,,,,,,,,,,,981.5326151153286,,,,"rgba(239, 83, 80, 1.0)",0.0,0.0,13.189041267944143,996.1226849966955,1.905545254785757,0.0,0.0,0.0,0.0,0.0,0.0,0.0,0.0,40.75538238208149,-3.770376260615336,False,True,False,True,False,4.800799658292611,0,1.020830439339791,0.9176443103034592,False,False,False,False,0.19618951571828508,0.1916616692811333,False,False,False,False,-22549.0,-26924.313753528586,False,False,False,False,5911.855166112584,False,False,False,False
2025-05-22 19:00:00+00:00,1021.1,1022.745,1017.31,1018.16,13519.0,,,,,,,,,,,,,,,,,,,,,981.9283393890353,,,,"rgba(239, 83, 80, 1.0)",0.0,0.0,13.186906976375075,996.3557241268707,1.653479160214949,0.0,0.0,0.0,0.0,0.0,0.0,0.0,0.0,39.21658140069081,-4.449925375760557,False,True,False,True,False,3.356880671670254,0,1.012826104821326,0.9205274569671227,False,False,False,False,0.17348705301339648,0.18257436114726489,False,False,False,False,-36068.0,-27066.076330993255,False,False,False,False,6029.795396095335,False,False,False,False
2025-05-23 14:00:00+00:00,1009.715,1012.52,1008.77,1009.05,5700.0,,,,,,,,,,,,,,,,,,,,,982.0519652033597,,,,"rgba(239, 83, 80, 1.0)",0.0,0.0,13.184803492471975,996.3451420285285,0.9635985836820001,0.0,0.0,0.0,0.0,0.0,0.0,0.0,0.0,34.90462617189059,-8.772363346329186,False,True,False,True,False,0.0,0,1.0084693089571262,0.9223196740351959,False,False,False,False,0.0833122549995971,0.132943308073431,False,False,False,False,-41768.0,-27294.013132063126,False,False,False,False,6024.682289179128,False,False,False,False
2025-05-23 15:00:00+00:00,1009.09,1013.615,1008.45,1011.43,2893.0,,,,,,,,,,,,,,,,,,,,,982.116632770661,,,,"rgba(239, 83, 80, 1.0)",0.0,0.0,13.188597508917251,996.3495448884154,1.143446458305227,0.0,0.0,0.0,0.0,0.0,0.0,0.0,0.0,33.85389190354736,-9.97765356184108,False,True,False,True,False,0.34384415799576473,0,1.0087526663856081,0.9238813765156714,False,False,False,False,0.0870000276874435,0.10997166788043725,False,False,False,False,-38875.0,-27473.563316062147,False,False,False,False,5976.129075393405,False,False,False,False
2025-05-23 16:00:00+00:00,1011.39,1013.98,1009.86,1013.1,3736.0,,,,,,,,,,,,,,,,,,,,,982.203004769995,,,,"rgba(239, 83, 80, 1.0)",0.0,0.0,13.181184310212263,996.366497938224,1.2694991336105919,0.0,0.0,0.0,0.0,0.0,0.0,0.0,0.0,34.41253489184811,-9.97765356184108,False,True,False,True,False,1.0614303852634244,0,1.0147891019682973,0.9222355001675553,False,False,False,False,0.09545528307346866,0.10271347547695295,False,False,False,False,-35139.0,-27592.407295658082,False,False,False,False,5941.398392053972,False,False,False,False
2025-05-23 17:00:00+00:00,1012.93,1015.07,1011.5,1012.61,3172.0,,,,,,,,,,,,,,,,,,,,,982.2777597302833,,,,"rgba(239, 83, 80, 1.0)",0.0,0.0,13.171243623004726,996.3872919405283,1.2316762580518503,0.0,0.0,0.0,0.0,0.0,0.0,0.0,0.0,34.57246967548972,-9.97765356184108,False,True,False,True,False,0.84316821425044,0,1.0169028198850734,0.9203252445042053,False,False,False,False,0.10848674298826842,0.10560010923261068,False,False,False,False,-38311.0,-27758.587027508343,False,False,False,False,5898.46198287484,False,False,False,False
2025-05-23 18:00:00+00:00,1012.61,1013.51,1009.72,1011.84,2641.0,,,,,,,,,,,,,,,,,,,,,982.3369669391337,,,,"rgba(239, 83, 80, 1.0)",0.0,0.0,13.151050638670167,996.398381570186,1.1741737488568842,0.0,0.0,0.0,0.0,0.0,0.0,0.0,0.0,34.321516213660104,-10.657259814147594,False,True,False,True,False,0.495787844220132,0,1.0129765470328445,0.9215759683232653,False,False,False,False,0.09254805904665278,0.09907408413963173,False,False,False,False,-40952.0,-27963.136065841547,False,False,False,False,5847.958696318641,False,False,False,False
2025-05-23 19:00:00+00:00,1011.71,1012.14,1007.235,1008.34,6253.0,,,,,,,,,,,,,,,,,,,,,982.464574339177,,,,"rgba(239, 83, 80, 1.0)",0.0,0.0,13.165100657925082,997.0408882127243,0.8582624683901604,0.0,0.0,0.0,0.0,0.0,0.0,0.0,0.0,32.622689372816524,-12.676859238537688,False,True,False,True,False,0.0,0,1.014481528274216,0.9210785278488489,False,False,False,False,0.0742093622286895,0.08664172318416061,False,False,False,False,-47205.0,-28261.459537688963,False,False,False,False,5854.238406453236,False,False,False,False
2025-05-26 14:00:00+00:00,1008.34,1008.34,1008.34,1008.34,0.0,,,,,,,,,,,,,,,,,,,,,982.464574339177,,,,"rgba(239, 83, 80, 1.0)",0.0,0.0,13.148367671098207,997.0408882127243,0.8593547176287593,0.0,0.0,0.0,0.0,0.0,0.0,0.0,0.0,31.490138145587473,-14.089467852059443,False,True,False,True,False,0.0,0,1.011641354281808,0.9303818900907925,False,False,False,False,0.061419179633039,0.0740304514085998,False,False,False,False,-47205.0,-28555.15783943022,False,False,False,False,5763.475020306674,False,False,False,False
2025-05-26 15:00:00+00:00,1008.34,1008.34,1008.34,1008.34,0.0,,,,,,,,,,,,,,,,,,,,,982.464574339177,,,,"rgba(239, 83, 80, 1.0)",0.0,0.0,13.15781487992518,997.0408882127243,0.8587377076200328,0.0,0.0,0.0,0.0,0.0,0.0,0.0,0.0,30.735103994101436,-15.125051075718325,False,True,False,True,False,0.0,0,1.0105391841461846,0.9316625916870418,False,False,False,False,0.061419179633039,0.06772481552081941,False,False,False,False,-47205.0,-28844.302679128974,False,False,False,False,5674.118818441454,False,False,False,False
2025-05-26 16:00:00+00:00,1008.34,1008.34,1008.34,1008.34,0.0,,,,,,,,,,,,,,,,,,,,,982.464574339177,,,,"rgba(239, 83, 80, 1.0)",0.0,0.0,13.149375434760785,997.0408882127243,0.8592888569753778,0.0,0.0,0.0,0.0,0.0,0.0,0.0,0.0,30.231747893110747,-15.923216770007777,False,True,False,True,False,0.0,0,1.0248398483461891,0.9279513661916593,False,False,False,False,0.061419179633039,0.0645719975769292,False,False,False,False,-47205.0,-29128.964653095965,False,False,False,False,5586.147984047013,False,False,False,False
2025-05-26 17:00:00+00:00,1008.34,1008.34,1008.34,1008.34,0.0,,,,,,,,,,,,,,,,,,,,,982.464574339177,,,,"rgba(239, 83, 80, 1.0)",0.0,0.0,12.928421355939895,997.0408882127243,0.8739745925812039,0.0,0.0,0.0,0.0,0.0,0.0,0.0,0.0,29.896177159116952,-16.56770998378866,False,True,False,True,False,0.0,0,1.0199088225993465,0.9269790239274799,False,False,False,False,0.061419179633039,0.06299558860498411,False,False,False,False,-47205.0,-29409.213263125483,False,False,False,False,5499.541038557912,False,False,False,False
2025-05-26 18:00:00+00:00,1008.34,1008.34,1008.34,1008.34,0.0,,,,,,,,,,,,,,,,,,,,,982.464574339177,,,,"rgba(239, 83, 80, 1.0)",0.0,0.0,12.916413644716068,997.0408882127243,0.8747870808471686,0.0,0.0,0.0,0.0,0.0,0.0,0.0,0.0,29.672463336454424,-17.108207325532447,False,True,False,True,False,0.0,0,1.0228754704978,0.9217118167841809,False,False,False,False,0.053556117380850116,0.05827585299291711,False,False,False,False,-47205.0,-29685.116933464622,False,False,False,False,5414.2768364097265,False,False,False,False
2025-05-26 19:00:00+00:00,1008.34,1008.34,1008.34,1008.34,0.0,,,,,,,,,,,,,,,,,,,,,982.464574339177,,,,"rgba(239, 83, 80, 1.0)",0.0,0.0,12.875612168424368,997.0408882127243,0.8775591901552605,0.0,0.0,0.0,0.0,0.0,0.0,0.0,0.0,29.52332078801274,-17.573950244862495,False,True,False,True,False,0.0,0,1.0217205335899697,0.9249873018419015,False,False,False,False,0.04701394678453242,0.05264489988872477,False,False,False,False,-47205.0,-29956.74302751943,False,False,False,False,5330.334559876243,False,False,False,False
2025-05-27 14:00:00+00:00,1015.86,1016.02,1011.17,1014.89,6746.0,,,,,,,,,,,,,,,,,,,,,982.6252715623006,,,,"rgba(239, 83, 80, 1.0)",0.0,0.0,12.810970089013068,997.2284621242295,1.378626111297953,0.0,0.0,0.0,0.0,0.0,0.0,0.0,0.0,38.082726147998365,-15.357209959071426,False,True,False,True,True,2.1903569227091175,0,1.0204766296429957,0.9214483339348011,False,False,False,False,0.09502743582985626,0.07383616785929051,False,False,False,False,-40459.0,-30119.568717015252,False,False,False,False,5352.28286127351,False,False,False,False
2025-05-27 15:00:00+00:00,1015.0,1015.07,1011.43,1013.18,7218.0,,,,,,,,,,,,,,,,,,,,,982.7910755107604,,,,"rgba(239, 83, 80, 1.0)",0.0,0.0,12.787877255888782,997.3152435302345,1.2406090668769723,0.0,0.0,0.0,0.0,0.0,0.0,0.0,0.0,41.998481661572626,-12.039245122136606,False,True,False,True,True,1.3177788017859307,0,1.01275029663545,0.9283315345270258,False,False,False,False,0.09149542835932922,0.08266579810930987,False,False,False,False,-47677.0,-30391.776953960754,False,False,False,False,5381.208708385549,False,False,False,False
2025-05-27 16:00:00+00:00,1012.73,1013.11,1010.89,1012.68,4783.0,,,,,,,,,,,,,,,,,,,,,982.8963815866898,,,,"rgba(239, 83, 80, 1.0)",0.0,0.0,12.761234184077447,997.3478339617288,1.2014642014329218,0.0,0.0,0.0,0.0,0.0,0.0,0.0,0.0,44.09380365587327,-10.374532288966904,False,True,False,True,True,1.0612403368837882,0,1.006088116051345,0.9361488625190256,False,False,False,False,0.07871669527277816,0.08069124669104402,False,False,False,False,-52460.0,-30733.9199469226,False,False,False,False,5371.9341547671675,False,False,False,False
2025-05-27 17:00:00+00:00,1012.68,1014.32,1011.47,1014.2,2194.0,,,,,,,,,,,,,,,,,,,,,982.9462422893095,,,,"rgba(239, 83, 80, 1.0)",0.0,0.0,12.677806303759397,997.3716290810395,1.327388233875318,0.0,0.0,0.0,0.0,0.0,0.0,0.0,0.0,47.14390978416695,-7.726293198832792,False,True,False,False,True,1.8242698602200704,0,1.0107208772120293,0.9338562588209752,False,False,False,False,0.08786341784022123,0.08427733226563262,False,False,False,False,-50266.0,-31036.742893481936,False,False,False,False,5322.663857794032,False,False,False,False
2025-05-27 18:00:00+00:00,1014.3,1017.41,1014.2,1017.14,2841.0,,,,,,,,,,,,,,,,,,,,,983.0167460494882,,,,"rgba(38, 166, 154, 1.0)",0.0,0.0,12.64650665256929,997.4290746931401,1.55860632887544,0.0,0.0,0.0,0.0,0.0,0.0,0.0,0.0,51.86817078652144,-3.5368450818158834,False,False,True,False,True,3.2849566883809374,0,1.0185645413186666,0.9191552929992534,False,False,False,False,0.1177127647447589,0.10099504850519576,False,False,False,False,-47425.0,-31290.824399009347,False,False,False,False,5284.188449146063,False,False,False,False
2025-05-27 19:00:00+00:00,1017.08,1018.94,1016.74,1017.51,11111.0,,,,,,,,,,,,,,,,,,,,,983.3017923241031,,,,"rgba(38, 166, 154, 1.0)",0.0,0.0,12.563204197284557,997.6741551827621,1.5788842166177055,0.0,0.0,0.0,0.0,0.0,0.0,0.0,0.0,55.32535611385115,-0.551457899101699,False,False,True,False,True,3.4683218309314583,0,1.0256553795740035,0.9163981430912073,False,False,False,False,0.13512110089219795,0.11805807469869686,False,False,False,False,-36314.0,-31368.703090497573,False,False,False,False,5374.526612725194,False,False,False,False
2025-05-28 14:00:00+00:00,1021.66,1022.95,1016.86,1017.95,6307.0,,,,,,,,,,,,,,,,,,,,,983.4685890973853,,,,"rgba(38, 166, 154, 1.0)",0.0,0.0,12.523284361466994,1000.5490132133433,1.3894906706900305,0.0,0.0,0.0,0.0,0.0,0.0,0.0,0.0,58.01951799038785,1.8064095377455018,True,False,True,False,True,3.689572418453544,0,1.0225682628698993,0.9112106280456268,False,False,False,False,0.14251327391982646,0.13028567430926166,False,False,False,False,-30007.0,-31347.591414675902,False,False,False,False,5388.983564465889,False,False,False,False
2025-05-28 15:00:00+00:00,1017.925,1018.55,1015.65,1015.78,3368.0,,,,,,,,,,,,,,,,,,,,,983.5506186705903,,,,"rgba(38, 166, 154, 1.0)",0.0,0.0,12.496402899730702,1000.5527558384998,1.2185301869410996,0.0,0.0,0.0,0.0,0.0,0.0,0.0,0.0,56.719356020733635,1.8064095377455018,True,False,True,False,True,2.4834922213910886,0,1.0164459281961473,0.9252544877408059,False,False,False,False,0.09353695803411988,0.11191131617169077,False,False,False,False,-33375.0,-31379.024105921235,False,False,False,False,5357.650485947038,False,False,False,False
2025-05-28 16:00:00+00:00,1015.835,1018.57,1015.835,1018.35,2739.0,,,,,,,,,,,,,,,,,,,,,983.6188856292533,,,,"rgba(38, 166, 154, 1.0)",0.0,0.0,12.47406778441,1000.5894703452119,1.4237961474752525,0.0,0.0,0.0,0.0,0.0,0.0,0.0,0.0,58.35016333061178,2.067746004669708,True,False,True,False,True,3.802272509176259,0,1.0117325261725587,0.9385812668351338,False,False,False,False,0.0947812324719524,0.10334627432182159,False,False,False,False,-30636.0,-31367.50435234106,False,False,False,False,5317.051253606774,False,False,False,False
2025-05-28 17:00:00+00:00,1017.85,1019.855,1016.87,1017.475,1877.0,,,,,,,,,,,,,,,,,,,,,983.6661713084413,,,,"rgba(38, 166, 154, 1.0)",0.0,0.0,12.397034500814282,1000.6213102178899,1.3594936580198351,0.0,0.0,0.0,0.0,0.0,0.0,0.0,0.0,58.228362108480056,2.2026046666177095,True,False,True,False,True,3.307520131010765,0,1.001246735155842,0.9372453421556679,False,False,False,False,0.10888412834814494,0.10611520133498326,False,False,False,False,-32513.0,-31385.263974785383,False,False,False,False,5263.717125643878,False,False,False,False
2025-05-28 18:00:00+00:00,1017.31,1017.76,1014.7,1017.15,3041.0,,,,,,,,,,,,,,,,,,,,,983.7391106786476,,,,"rgba(38, 166, 154, 1.0)",0.0,0.0,12.345176768333719,1000.6481073127823,1.3367076872926016,0.0,0.0,0.0,0.0,0.0,0.0,0.0,0.0,57.68312430494003,2.2026046666177095,True,False,True,False,True,3.121624302071318,0,1.0032241523429544,0.9399633331694334,False,False,False,False,0.08298702885857633,0.0945511150967798,False,False,False,False,-35554.0,-31449.895541067777,False,False,False,False,5229.25639501374,False,False,False,False
2025-05-28 19:00:00+00:00,1017.27,1018.625,1013.0,1013.29,9964.0,,,,,,,,,,,,,,,,,,,,,983.9645524601705,,,,"rgba(38, 166, 154, 1.0)",0.0,0.0,12.339518913190016,1000.6927674859595,1.0208852227273597,0.0,0.0,0.0,0.0,0.0,0.0,0.0,0.0,52.73797607467885,2.2026046666177095,True,False,False,False,False,0.9368986958420251,0,1.0013745365344762,0.9365739500655549,False,False,False,False,0.07793095583400603,0.08624103546539291,False,False,False,False,-45518.0,-31668.005687717887,False,False,False,False,5302.663272610426,False,False,False,False
2025-05-29 14:00:00+00:00,1012.0,1012.0,1006.635,1010.03,3010.0,,,,,,,,,,,,,,,,,,,,,984.0202314801434,,,,"rgba(239, 83, 80, 1.0)",0.0,0.0,12.341252578169014,1000.6518354909837,0.759903782020129,0.0,0.0,0.0,0.0,0.0,0.0,0.0,0.0,46.76328741537177,2.877582487240417,False,False,False,True,False,0.0,0,0.9854151898201114,0.9460193575103353,False,False,False,False,-0.00037600900477544904,0.04293251323030873,False,False,False,False,-48528.0,-31929.400948373423,False,False,False,False,5267.11810559321,False,False,False,False
2025-05-29 15:00:00+00:00,1010.2,1011.305,1004.6,1004.935,2586.0,,,,,,,,,,,,,,,,,,,,,984.063007581038,,,,"rgba(239, 83, 80, 1.0)",0.0,0.0,12.396345309283387,1000.5987207516313,0.3498030379261307,0.0,0.0,0.0,0.0,0.0,0.0,0.0,0.0,39.90302229503047,-3.2876066415958363,False,True,False,True,False,0.0,0,0.9825431170304394,0.9491978796854543,False,False,False,False,-0.01680163609042689,0.01306543856994092,False,False,True,False,-51114.0,-32226.836592584685,False,False,True,False,5225.550383025873,False,False,True,False
2025-05-29 16:00:00+00:00,1005.095,1009.775,1003.68,1009.34,1766.0,,,,,,,,,,,,,,,,,,,,,984.0929573891318,,,,"rgba(239, 83, 80, 1.0)",0.0,0.0,12.420504461616941,1002.4584278846407,0.5540493251804223,0.0,0.0,0.0,0.0,0.0,0.0,0.0,0.0,40.110285633057345,-3.2876066415958363,False,True,False,True,False,0.0,0,0.9991495996031463,0.948366522571044,False,False,True,False,-0.07258994102715902,-0.02976225122860905,False,False,False,False,-49348.0,-32492.2809864981,False,False,False,False,5171.91394297896,False,False,False,False
2025-05-29 17:00:00+00:00,1009.33,1011.74,1009.29,1010.49,2315.0,,,,,,,,,,,,,,,,,,,,,984.136945940159,,,,"rgba(239, 83, 80, 1.0)",0.0,0.0,12.420830054880287,1002.5276654655152,0.6410468945556791,0.0,0.0,0.0,0.0,0.0,0.0,0.0,0.0,41.31869249020702,-3.2876066415958363,False,True,False,True,False,0.0,0,0.9960455192034138,0.9501706970128024,False,False,False,False,-0.03512081665742306,-0.032441533943016056,False,False,False,False,-47033.0,-32717.718490583396,False,False,False,False,5127.62070355293,False,False,False,False
2025-05-29 18:00:00+00:00,1010.41,1011.05,1008.15,1009.77,3171.0,,,,,,,,,,,,,,,,,,,,,984.1950279800625,,,,"rgba(239, 83, 80, 1.0)",0.0,0.0,12.388546812160106,1002.513185302694,0.585768032953068,0.0,0.0,0.0,0.0,0.0,0.0,0.0,0.0,41.590278879878205,-3.2876066415958363,False,True,False,True,False,0.0,0,0.9920495582294923,0.9537818124723451,False,False,False,False,-0.055642649779680566,-0.04404209186134831,False,False,False,False,-50204.0,-32988.823630264276,False,False,False,False,5097.2854988466825,False,False,False,False
2025-05-29 19:00:00+00:00,1010.06,1010.94,1007.2,1007.855,15813.0,,,,,,,,,,,,,,,,,,,,,984.469637822995,,,,"rgba(239, 83, 80, 1.0)",0.0,0.0,12.12663418614785,1002.3747268939842,0.45192037806136665,0.0,0.0,0.0,0.0,0.0,0.0,0.0,0.0,40.38404036325291,-3.2876066415958363,False,True,False,True,False,0.0,0,0.9890067447233089,0.9554404812141934,False,False,False,False,-0.06318941938749857,-0.053615755624423445,False,False,False,False,-66017.0,-33500.88838018266,False,False,False,False,5263.420607391695,False,False,False,False
2025-05-30 14:00:00+00:00,1040.51,1046.79,1034.38,1037.38,8856.0,,,,,,,,,,,,,,,,,,,,,984.8134480915635,,,,"rgba(38, 166, 154, 1.0)",0.0,0.0,12.088056195872,1003.4485016871855,2.80702685055369,0.0,0.0,0.0,0.0,0.0,0.0,0.0,0.0,52.635772334193874,-4.498112292027386,True,False,True,False,True,11.898257775846389,0,0.991812809499056,0.937108423846133,False,False,False,False,0.34282825290323055,0.14460624863940355,False,False,False,False,-57161.0,-33867.71181614882,False,False,False,False,5319.119512703451,False,False,False,False
2025-05-30 15:00:00+00:00,1037.375,1048.015,1035.71,1047.87,10971.0,,,,,,,,,,,,,,,,,,,,,985.266843917977,,,,"rgba(38, 166, 154, 1.0)",0.0,0.0,12.428700227751728,1004.6030581462968,3.48121211879368,0.0,0.0,0.0,0.0,0.0,0.0,0.0,0.0,62.339286434364475,4.031521173369548,True,False,True,False,True,15.752222220315197,0,0.9935146500641707,0.9417888643128259,False,False,False,False,0.3428282529416684,0.24371725079053597,False,False,False,False,-46190.0,-34058.75504380543,False,False,False,False,5406.745566770063,False,False,False,False
2025-05-30 16:00:00+00:00,1047.505,1048.76,1042.74,1044.15,7989.0,,,,,,,,,,,,,,,,,,,,,985.600162033606,,,,"rgba(38, 166, 154, 1.0)",0.0,0.0,12.623485934364544,1005.3265654017457,3.075492364004343,0.0,0.0,0.0,0.0,0.0,0.0,0.0,0.0,66.78053243279552,7.609669576142139,True,False,True,False,True,13.78989569093643,0,0.9963380513495719,0.9458662497256968,False,False,False,False,0.34282825304747877,0.29327275191900737,False,False,False,False,-54179.0,-34370.69682607201,False,False,False,False,5446.78051922324,False,False,False,False
2025-05-30 17:00:00+00:00,1044.515,1048.08,1041.68,1043.52,4528.0,,,,,,,,,,,,,,,,,,,,,985.784957635262,,,,"rgba(38, 166, 154, 1.0)",0.0,0.0,12.708980899169672,1005.6857508016863,2.976969553930606,0.0,0.0,0.0,0.0,0.0,0.0,0.0,0.0,69.38877417524753,9.771539197393665,True,False,True,False,True,13.459351679767199,0,0.9879821856800273,0.9488866050017131,False,False,False,False,0.3309733918854507,0.31212307190222904,False,False,False,False,-58707.0,-34748.003852024376,False,False,False,False,5432.535860010476,False,False,False,False
2025-05-30 18:00:00+00:00,1043.635,1052.535,1043.54,1049.54,6445.0,,,,,,,,,,,,,,,,,,,,,986.0642986100372,,,,"rgba(38, 166, 154, 1.0)",0.0,0.0,12.881107262431671,1006.2368101424305,3.3617598996217635,0.0,0.0,0.0,0.0,0.0,0.0,0.0,0.0,72.23354287924238,12.430842272534875,True,False,True,False,True,15.614973484801883,0,0.9908090112538548,0.9409393871312542,False,False,False,False,0.3428282531029274,0.3274756625025782,False,False,False,False,-52262.0,-35019.538676024,False,False,False,False,5448.232978459926,False,False,False,False
2025-05-30 19:00:00+00:00,1049.19,1052.44,1038.81,1039.02,12705.0,,,,,,,,,,,,,,,,,,,,,986.56324835343,,,,"rgba(38, 166, 154, 1.0)",0.0,0.0,12.694102595404926,1007.0348503545029,2.5196857678679287,0.0,0.0,0.0,0.0,0.0,0.0,0.0,0.0,68.82191722979698,12.430842272534875,True,False,True,False,True,10.287872209804547,0,0.9789045998197202,0.9479678187517658,False,False,False,False,0.3114821622080682,0.3194789123553232,False,False,False,False,-64967.0,-35483.84040197711,False,False,False,False,5560.7409942977565,False,False,False,False
2025-06-02 14:00:00+00:00,1047.545,1051.55,1044.94,1048.0,11791.0,,,,,,,,,,,,,,,,,,,,,987.0565587859882,,,,"rgba(38, 166, 154, 1.0)",0.0,0.0,12.763105541482687,1007.8329015516749,3.14712577732542,0.0,0.0,0.0,0.0,0.0,0.0,0.0,0.0,68.6255979249444,12.430842272534875,True,False,True,False,True,13.440140178808583,0,0.9786243498849411,0.9416991447079638,False,False,False,False,0.3428282531077356,0.3311535827315294,False,False,False,False,-53176.0,-35758.13745000847,False,False,False,False,5657.334157176861,False,False,False,False
2025-06-02 15:00:00+00:00,1047.91,1051.27,1044.75,1050.39,7989.0,,,,,,,,,,,,,,,,,,,,,987.3897894280218,,,,"rgba(38, 166, 154, 1.0)",0.0,0.0,12.880105320339027,1008.3424987146734,3.2645308589930013,0.0,0.0,0.0,0.0,0.0,0.0,0.0,0.0,68.9905025230183,12.430842272534875,True,False,True,False,True,14.243893667707603,0,0.9832987607042175,0.9401494601350994,False,False,False,False,0.3397583597968545,0.3354559712641919,False,False,False,False,-45187.0,-35904.321365512216,False,False,False,False,5693.484015205126,False,False,False,False
2025-06-02 16:00:00+00:00,1050.08,1051.84,1045.82,1048.73,5093.0,,,,,,,,,,,,,,,,,,,,,987.600330741723,,,,"rgba(38, 166, 154, 1.0)",0.0,0.0,12.77911327373794,1008.6516934636923,3.13623533008912,0.0,0.0,0.0,0.0,0.0,0.0,0.0,0.0,68.4135470903945,12.430842272534875,True,False,True,False,True,13.425640725388664,0,0.9838528484225054,0.9587997238877689,False,False,False,False,0.3428282531211036,0.3391421121926478,False,False,False,False,-50280.0,-36127.200104031406,False,False,False,False,5684.174185512023,False,False,False,False
2025-06-02 17:00:00+00:00,1048.42,1050.03,1047.65,1049.88,4791.0,,,,,,,,,,,,,,,,,,,,,987.7983277793626,,,,"rgba(38, 166, 154, 1.0)",0.0,0.0,12.971446249079346,1008.9368693610237,3.156404448107116,0.0,0.0,0.0,0.0,0.0,0.0,0.0,0.0,68.3210662053687,12.430842272534875,True,False,True,False,False,13.822162339062768,0,0.9872792191042503,0.9537734696371118,False,False,False,False,0.34282825312132964,0.34098518265698874,False,False,False,False,-45489.0,-36272.34428846503,False,False,False,False,5670.326523721138,False,False,False,False
2025-06-02 18:00:00+00:00,1049.695,1054.0,1049.15,1053.12,7665.0,,,,,,,,,,,,,,,,,,,,,988.1273210082186,,,,"rgba(38, 166, 154, 1.0)",0.0,0.0,13.299667430305092,1009.4225786445999,3.28560255994293,0.0,0.0,0.0,0.0,0.0,0.0,0.0,0.0,69.0901429474838,12.430842272534875,True,False,True,False,False,14.93418951106258,0,0.9934545355577931,0.9467653702746104,False,False,False,False,0.34282825318034704,0.3419067179186679,False,False,False,False,-37824.0,-36296.400966163244,False,False,False,False,5701.251693896003,False,False,False,False
2025-06-02 19:00:00+00:00,1053.47,1056.68,1052.82,1056.465,15828.0,,,,,,,,,,,,,,,,,,,,,988.8299301488127,,,,"rgba(38, 166, 154, 1.0)",0.0,0.0,13.752341131405785,1010.4578474673214,3.3454051272487333,0.0,0.0,0.0,0.0,0.0,0.0,0.0,0.0,70.4181887201004,14.135376070054662,True,False,True,False,False,16.062778912598056,0,0.9967616404060191,0.9410019865567258,False,False,False,False,0.3428282532424465,0.3423674855805572,False,False,False,False,-21996.0,-36074.689323276994,False,False,False,False,5858.255543603042,False,False,False,False
2025-06-03 14:00:00+00:00,1059.32,1059.32,1044.5,1047.32,18015.0,,,,,,,,,,,,,,,,,,,,,989.553832100634,,,1050.3799999999997,"rgba(38, 166, 154, 1.0)",0.0,0.0,13.913201109632439,1015.0449414152348,2.319743553654259,-1.0,1059.32,1044.5,0.0,0.0,0.0,0.0,0.0,66.33680117242923,14.135376070054662,True,False,True,False,False,11.527298629128058,0,0.9841474209382791,0.940626592634318,False,True,False,False,0.3098668255536449,0.3261171555671011,False,False,False,False,-40011.0,-36135.717395784326,False,False,False,False,6046.7322018417535,False,False,False,False
2025-06-03 15:00:00+00:00,1047.32,1048.74,1043.13,1048.74,5833.0,,,,,,,,,,,,,,,,,,,,,989.77127005605,,,1049.5214864978193,"rgba(38, 166, 154, 1.0)",0.0,0.0,14.047296815394036,1015.2312468176311,2.3854235888037607,0.0,0.0,0.0,0.0,0.0,0.0,0.0,0.0,64.09540078148802,19.995641448373064,True,False,True,False,False,12.024273159012761,1,0.9815812034506777,0.9567191769811929,False,False,False,False,0.24250925194083742,0.28431320375396923,False,False,False,False,-34178.0,-36105.36518809774,False,False,False,False,6043.418524293819,False,False,False,False
2025-06-03 16:00:00+00:00,1048.74,1051.195,1047.11,1049.04,2638.0,,,,,,,,,,,,,,,,,,,,,989.8729116305375,,,1049.481000528581,"rgba(38, 166, 154, 1.0)",0.0,0.0,14.205291076797247,1015.3417083230133,2.3722352111481206,0.0,0.0,0.0,0.0,0.0,0.0,0.0,0.0,62.710293068821294,18.41034861757595,True,False,True,False,False,12.130392546063568,0,0.9895106072133084,0.9548848388551887,False,False,False,False,0.2784761955177566,0.28139469963586294,False,False,False,False,-31540.0,-36034.584332468316,False,False,False,False,5990.621337870659,False,False,False,False
2025-06-03 17:00:00+00:00,1049.04,1053.33,1048.85,1052.12,2623.0,,,,,,,,,,,,,,,,,,,,,989.9775720922266,,,1049.6569244334512,"rgba(38, 166, 154, 1.0)",0.0,0.0,14.527436788973338,1015.471904379141,2.522681471839244,0.0,0.0,0.0,0.0,0.0,0.0,0.0,0.0,62.930364795392094,18.296306819250205,True,False,True,False,False,13.220993443087984,0,0.986146417571184,0.9519899393401394,False,False,False,False,0.3004727552608463,0.29093372744835466,False,False,False,False,-28917.0,-35924.234187778886,False,False,False,False,5938.410154337781,False,False,False,False
2025-06-03 18:00:00+00:00,1052.52,1053.28,1050.55,1053.18,3063.0,,,,,,,,,,,,,,,,,,,,,990.101129335421,,,1049.9120546852334,"rgba(38, 166, 154, 1.0)",0.0,0.0,14.856389165170146,1015.6295181232765,2.5275645016595454,0.0,0.0,0.0,0.0,0.0,0.0,0.0,0.0,63.468902755837796,18.296306819250205,True,False,True,False,False,13.595067366040265,0,0.9847384698130962,0.9542557482855993,False,False,False,False,0.30992426782405286,0.3004289976362038,False,False,False,False,-25854.0,-35768.106525952855,False,False,False,False,5893.830151944947,False,False,False,False
2025-06-03 19:00:00+00:00,1052.965,1056.72,1052.6,1055.68,13382.0,,,,,,,,,,,,,,,,,,,,,990.6581050825858,,,1051.4066958627855,"rgba(38, 166, 154, 1.0)",0.0,0.0,15.232697201316135,1016.3752045414785,2.5802912602454624,0.0,0.0,0.0,0.0,0.0,0.0,0.0,0.0,64.75523455532118,18.296306819250205,True,False,True,False,False,14.47701924627312,0,0.9881989454948444,0.9501628773885887,False,False,False,False,0.34177296784865646,0.32110098274243015,False,False,False,False,-12472.0,-35406.926579814055,False,False,False,False,6009.92580850394,False,False,False,False
2025-06-04 14:00:00+00:00,1053.53,1057.56,1052.03,1053.28,5908.0,,,,,,,,,,,,,,,,,,,,,990.898292942878,,,1051.737708276657,"rgba(38, 166, 154, 1.0)",0.0,0.0,15.53087820068915,1016.6689168643954,2.3573092688332324,0.0,0.0,0.0,0.0,0.0,0.0,0.0,0.0,63.859514916326695,18.24352026310075,True,False,True,False,False,13.235565729495544,0,0.9844279894848791,0.9510498397982597,False,False,False,False,0.3428282532432817,0.3319646179928559,False,False,False,False,-18380.0,-35142.94322198748,False,False,False,False,6008.345563410856,False,False,False,False
2025-06-04 15:00:00+00:00,1052.98,1057.02,1052.05,1056.74,4763.0,,,,,,,,,,,,,,,,,,,,,991.093588212014,,,1052.036940032607,"rgba(38, 166, 154, 1.0)",0.0,0.0,15.90025835446377,1016.9101613515762,2.5049805959437212,0.0,0.0,0.0,0.0,0.0,0.0,0.0,0.0,64.68426127496191,18.24352026310075,True,False,True,False,False,14.471004435775335,0,0.9859563873740975,0.9518752628171329,False,False,False,False,0.33978381417242504,0.33587421608264045,False,True,False,False,-13617.0,-34809.20766815822,False,True,False,False,5989.0378802571995,False,False,False,False
2025-06-04 16:00:00+00:00,1056.66,1057.2,1054.63,1056.725,4235.0,,,,,,,,,,,,,,,,,,,,,991.268703179268,,,1052.327496333664,"rgba(38, 166, 154, 1.0)",0.0,0.0,16.250389961223927,1017.1285482677913,2.436646248286483,0.0,0.0,0.0,0.0,0.0,0.0,0.0,0.0,65.22197152537866,18.24352026310075,True,False,True,False,True,14.463088254945745,0,1.0023927487546214,0.949725239443855,False,False,False,False,0.3428282532636949,0.3393512346731677,False,False,False,False,-17852.0,-34546.30522369065,False,False,False,False,5961.843494516777,False,False,False,False
2025-06-04 17:00:00+00:00,1057.145,1057.28,1055.265,1056.255,4777.0,,,,,,,,,,,,,,,,,,,,,991.4653492341455,,,1052.6159433297053,"rgba(38, 166, 154, 1.0)",0.0,0.0,16.566220537613763,1017.3694678463668,2.34727843115111,0.0,0.0,0.0,0.0,0.0,0.0,0.0,0.0,65.16152095137699,18.24352026310075,True,False,True,False,True,14.210722180915244,0,0.9960607192583283,0.9479471593031551,False,False,False,False,0.34282825327006194,0.34108974397161484,False,False,False,False,-22629.0,-34361.54080161793,False,False,False,False,5943.473827935121,False,False,False,False
2025-06-04 18:00:00+00:00,1056.14,1057.16,1052.24,1052.61,2330.0,,,,,,,,,,,,,,,,,,,,,991.5574980263943,,,1052.6637864884729,"rgba(38, 166, 154, 1.0)",0.0,0.0,16.799321615967457,1017.4724563530796,2.0916049141843156,0.0,0.0,0.0,0.0,-1.0,1055.265,1053.695,0.0,62.044386907073914,15.481471893776643,True,False,True,False,False,12.262720035525774,0,0.9924095837491763,0.946405415130592,False,False,False,False,0.3249224036667859,0.33300607381920033,False,False,False,False,-24959.0,-34215.764975236256,False,False,False,False,5887.450977889615,False,False,False,False
2025-06-04 19:00:00+00:00,1052.48,1053.695,1050.76,1051.63,13309.0,,,,,,,,,,,,,,,,,,,,,992.0622072797215,,,1052.5592159602354,"rgba(38, 166, 154, 1.0)",0.0,0.0,16.99670195936406,1017.9855432978093,1.9794697102195737,0.0,0.0,0.0,0.0,-1.0,1052.24,1030.18,0.0,59.20059548706443,12.758767049991945,False,False,True,False,False,11.743071581485598,0,0.9916660992714641,0.9502212841288216,False,False,False,False,0.29716548952962796,0.31508578167441414,False,False,False,False,-38268.0,-34278.5903244574,False,False,False,False,6002.51375342621,False,False,False,False
2025-06-05 14:00:00+00:00,1030.0,1030.18,1017.37,1022.47,8705.0,,,,,,,,,,,,,,,,,,,,,992.2320278719068,,,1049.7198496332926,"rgba(239, 83, 80, 1.0)",0.0,0.0,17.0124211453038,1017.7961657402242,0.27473069352424506,0.0,0.0,0.0,0.0,-1.0,1050.76,1027.475,0.0,46.96885871320726,1.6853724997872561,False,True,False,True,False,0.0,0,0.9735038591065736,0.9566522086669376,False,False,False,False,-0.001671243413656583,0.15670726913037877,False,False,False,False,-46973.0,-34475.40287756659,False,False,False,False,6044.412765000998,False,False,False,False
2025-06-05 15:00:00+00:00,1022.47,1027.475,1018.92,1018.98,5533.0,,,,,,,,,,,,,,,,,,,,,992.3336876359167,,,1048.0952030370572,"rgba(239, 83, 80, 1.0)",0.0,0.0,17.045217260816102,1017.6755539098885,0.07652856928436791,0.0,0.0,0.0,0.0,0.0,0.0,0.0,0.0,38.271444324432856,-5.589621978435318,False,True,False,True,False,0.0,0,0.9749415541706546,0.9598140152773168,False,False,False,False,-0.00756538239158581,0.07457094336939649,False,False,False,False,-52506.0,-34754.947018999665,False,False,False,False,6036.483884923463,False,False,False,False
2025-06-05 16:00:00+00:00,1018.72,1020.08,1014.14,1016.51,7219.0,,,,,,,,,,,,,,,,,,,,,992.4434715467934,,,1045.895267720742,"rgba(239, 83, 80, 1.0)",0.0,0.0,17.093370750983716,1017.4671053874432,-0.05599278231229729,0.0,0.0,0.0,0.0,0.0,0.0,0.0,0.0,32.09402323844504,-10.484509560956454,False,True,False,True,False,0.0,0,0.9706175136795117,0.969394327800803,False,False,False,False,-0.0698077653369463,0.002381589016225094,False,False,False,False,-59725.0,-35142.07962335626,False,False,False,False,6054.817468102943,False,False,False,False
2025-06-05 17:00:00+00:00,1016.15,1017.91,1012.2,1012.87,6702.0,,,,,,,,,,,,,,,,,,,,,992.5338495486786,,,1043.9548562541079,"rgba(239, 83, 80, 1.0)",0.0,0.0,17.170933709073502,1017.2592805799064,-0.25562270836716544,0.0,0.0,0.0,0.0,0.0,0.0,0.0,0.0,27.43064539255858,-14.157586868059532,False,True,False,True,False,0.0,0,0.9728617405155873,0.9673742726179255,False,False,False,False,-0.09091771703664055,-0.044268064010207726,False,False,False,False,-66427.0,-35627.11714857553,False,False,False,False,6064.851305806774,False,False,False,False
2025-06-05 18:00:00+00:00,1012.37,1012.37,1006.6,1009.8,16274.0,,,,,,,,,,,,,,,,,,,,,992.703201116679,,,1039.4918594168548,"rgba(239, 83, 80, 1.0)",0.0,0.0,17.28876438849916,1016.6828953969804,-0.3981137831665436,0.0,0.0,0.0,0.0,0.0,0.0,0.0,0.0,23.881938856098508,-17.05410111562751,False,True,False,True,False,0.0,0,0.9612929151516324,0.9760705697822891,False,False,False,False,-0.1485999707414221,-0.0964340173758149,False,False,False,False,-82701.0,-36356.944789682886,False,False,False,False,6223.132680910545,False,False,False,False
2025-06-05 19:00:00+00:00,1009.38,1013.425,1008.39,1010.97,13887.0,,,,,,,,,,,,,,,,,,,,,992.8563200394377,,,1036.6421964472158,"rgba(239, 83, 80, 1.0)",0.0,0.0,17.36967893814881,1016.291408757536,-0.30636195271569827,0.0,0.0,0.0,0.0,0.0,0.0,0.0,0.0,22.356587299568936,-18.37207285274414,False,True,False,True,False,0.0,0,0.9657649713411307,0.9746155043182823,False,False,False,False,-0.13379024175191342,-0.11511212956386416,False,False,False,False,-68814.0,-36860.15494798237,False,False,False,False,6341.952329268521,False,False,False,False
2025-06-06 14:00:00+00:00,1015.77,1020.6,1015.29,1016.695,5722.0,,,,,,,,,,,,,,,,,,,,,992.9414341091116,,,1035.8874970673069,"rgba(239, 83, 80, 1.0)",0.0,0.0,17.387709649255218,1016.2072583765761,0.028050941340906483,0.0,0.0,0.0,0.0,0.0,0.0,0.0,0.0,25.184720228208825,-18.37207285274414,False,True,False,True,False,0.0,0,0.9749569004627524,0.9640426717824416,False,False,False,False,-0.06124901279366862,-0.08818057117876639,False,False,False,False,-63092.0,-37266.85022010667,False,False,False,False,6332.340665248854,False,False,False,False
2025-06-06 15:00:00+00:00,1016.45,1018.33,1012.93,1013.32,3840.0,,,,,,,,,,,,,,,,,,,,,992.9920617831478,,,1035.3446987725029,"rgba(239, 83, 80, 1.0)",0.0,0.0,17.442374931275836,1016.136725837852,-0.16148751812468767,0.0,0.0,0.0,0.0,0.0,0.0,0.0,0.0,26.17991534842594,-18.37207285274414,False,True,False,True,True,0.0,0,0.9668401660915837,0.9694329103066458,False,False,False,False,-0.08500369696624055,-0.08659213407250346,False,False,False,False,-66932.0,-37726.775022895716,False,False,False,False,6293.69972470236,False,False,False,False
2025-06-06 16:00:00+00:00,1013.32,1013.46,1009.39,1010.41,3064.0,,,,,,,,,,,,,,,,,,,,,993.0253494071995,,,1034.8551346093889,"rgba(239, 83, 80, 1.0)",0.0,0.0,17.504589048752976,1016.0633387878408,-0.3229632396450703,0.0,0.0,0.0,0.0,0.0,0.0,0.0,0.0,26.11575393331038,-18.37207285274414,False,True,False,True,True,0.0,0,0.9793669339848101,0.9744874926974351,False,False,False,False,-0.12841729345380962,-0.10750471376315654,False,False,False,False,-69996.0,-38227.07308455624,False,False,False,False,6243.626860753487,False,False,False,False
2025-06-06 17:00:00+00:00,1010.15,1012.64,1008.68,1011.34,3725.0,,,,,,,,,,,,,,,,,,,,,993.0652073127995,,,1034.2811438343394,"rgba(239, 83, 80, 1.0)",0.0,0.0,17.550952622177043,1015.9754086755049,-0.26411151436006264,0.0,0.0,0.0,0.0,0.0,0.0,0.0,0.0,26.741677596535077,-18.37207285274414,False,True,False,True,True,0.0,0,0.9786133102758782,0.9699532546137429,False,False,False,False,-0.1363626109127135,-0.12193366233793503,False,False,False,False,-66271.0,-38661.86264913676,False,False,False,False,6204.578382292192,False,False,False,False
2025-06-06 18:00:00+00:00,1012.135,1015.49,1012.135,1014.57,4875.0,,,,,,,,,,,,,,,,,,,,,993.1263575089301,,,1033.666803524454,"rgba(239, 83, 80, 1.0)",0.0,0.0,17.572433292511807,1015.8890259064423,-0.07506222299926449,0.0,0.0,0.0,0.0,0.0,0.0,0.0,0.0,29.457490161227454,-18.37207285274414,False,True,False,True,True,0.0,0,0.9657965126121546,0.9664330455391912,False,False,False,False,-0.1037193893968096,-0.11282652586737231,False,False,False,False,-61396.0,-39014.329894886585,False,False,False,False,6183.96476396208,False,False,False,False
2025-06-06 19:00:00+00:00,1014.47,1015.42,1012.865,1014.5,10396.0,,,,,,,,,,,,,,,,,,,,,993.2567926400308,,,1032.4858050185967,"rgba(239, 83, 80, 1.0)",0.0,0.0,17.581374614440453,1015.7195692734501,-0.06936711720188483,0.0,0.0,0.0,0.0,0.0,0.0,0.0,0.0,31.240942193180576,-18.37207285274414,False,True,False,True,True,0.0,0,0.9685720111466045,0.9635764290083603,False,False,False,False,-0.100316213728127,-0.10657136979774966,False,False,False,False,-71792.0,-39522.51082674881,False,False,False,False,6249.267635838636,False,False,False,False
2025-06-09 14:00:00+00:00,1003.17,1006.74,1001.42,1005.995,5372.0,,,,,,,,,,,,,,,,,,,,,993.2932274025176,,,1031.6391800234594,"rgba(239, 83, 80, 1.0)",0.0,0.0,17.726984494047784,1015.5590398987024,-0.5395187152058334,0.0,0.0,0.0,0.0,0.0,0.0,0.0,0.0,29.627866901550014,-18.37207285274414,False,True,False,True,True,0.0,0,0.9583025035986704,0.9665895362759478,False,False,False,False,-0.205525241064727,-0.15604830543123832,False,False,False,False,-77164.0,-40106.09980617906,False,False,False,False,6235.666587220983,False,False,False,False
2025-06-09 15:00:00+00:00,1006.05,1013.185,1005.675,1011.865,3576.0,,,,,,,,,,,,,,,,,,,,,993.3290161190384,,,1031.2135294123098,"rgba(239, 83, 80, 1.0)",0.0,0.0,17.796428963328722,1015.4852674691598,-0.20342662433119021,0.0,0.0,0.0,0.0,0.0,0.0,0.0,0.0,32.42633248530228,-24.075033645412823,False,True,False,True,True,0.0,0,0.9630935716593081,0.9621513944223112,False,False,False,False,-0.14917383918663457,-0.15261107230893645,False,False,False,False,-73588.0,-40625.19903399023,False,False,False,False,6194.431446333836,False,False,False,False
2025-06-09 16:00:00+00:00,1011.865,1013.4,1011.3,1011.79,3115.0,,,,,,,,,,,,,,,,,,,,,993.3635964165175,,,1030.889048680107,"rgba(239, 83, 80, 1.0)",0.0,0.0,17.86386579506527,1015.4315179905037,-0.20384826175248663,0.0,0.0,0.0,0.0,0.0,0.0,0.0,0.0,34.26327398836641,-22.012833602077624,False,True,False,True,True,0.0,0,0.9790803223220226,0.9558437852454789,False,False,False,False,-0.11883160616271751,-0.13572133923582697,False,False,False,False,-76703.0,-41184.54478540123,False,False,False,False,6146.688323134862,False,False,False,False
2025-06-09 17:00:00+00:00,1011.95,1011.97,1007.97,1007.98,2874.0,,,,,,,,,,,,,,,,,,,,,993.3905579415896,,,1030.5551262236097,"rgba(239, 83, 80, 1.0)",0.0,0.0,17.94568762648415,1015.3707134833066,-0.411837854148283,0.0,0.0,0.0,0.0,-1.0,1011.3,1009.82,0.0,34.038824929144916,-21.86451779783002,False,True,False,True,True,0.0,0,0.9693865744679399,0.9588712915762039,False,False,False,False,-0.14354365446160783,-0.1396324968487174,False,False,False,False,-79577.0,-41779.77664919346,False,False,False,False,6095.94896928781,False,False,False,False
2025-06-09 18:00:00+00:00,1008.01,1009.82,1006.24,1006.27,4197.0,,,,,,,,,,,,,,,,,,,,,993.4251770276327,,,1030.0444698748454,"rgba(239, 83, 80, 1.0)",0.0,0.0,18.070015975652034,1015.2724092833502,-0.49819597810429356,0.0,0.0,0.0,0.0,0.0,0.0,0.0,0.0,33.27679741893315,-21.86451779783002,False,True,False,True,True,0.0,0,0.9663819722303635,0.9616037407894651,False,False,False,False,-0.16381535626420074,-0.15172392655645905,False,False,False,False,-83774.0,-42430.84987943852,False,False,False,False,6066.507899996526,False,False,False,False
2025-06-09 19:00:00+00:00,1006.13,1009.35,1005.85,1006.23,10736.0,,,,,,,,,,,,,,,,,,,,,993.511083240104,,,1028.8193512732864,"rgba(239, 83, 80, 1.0)",0.0,0.0,18.18882155546467,1015.0277787507633,-0.48369152030743295,0.0,0.0,0.0,0.0,0.0,0.0,0.0,0.0,32.753566759232854,-21.86451779783002,False,True,False,True,True,0.0,0,0.9662733483017241,0.9613597122793133,False,False,False,False,-0.1683261187607151,-0.1600250226585871,False,False,False,False,-94510.0,-43238.278563478234,False,False,False,False,6138.90312635317,False,False,False,False
2025-06-10 14:00:00+00:00,1004.4,1004.67,1001.37,1003.48,2347.0,,,,,,,,,,,,,,,,,,,,,993.5242926540201,,,1028.5228939920046,"rgba(239, 83, 80, 1.0)",0.0,0.0,18.3510005783114,1014.9630095839617,-0.6257429688892919,0.0,0.0,0.0,0.0,0.0,0.0,0.0,0.0,31.347397687127444,-21.86451779783002,False,True,False,True,False,0.0,0,0.9558210254910094,0.9687876293428943,False,False,False,False,-0.21683344396693408,-0.18842923331276057,False,False,False,False,-96857.0,-44069.57657024601,False,False,False,False,6080.113930595757,False,False,False,False
2025-06-10 15:00:00+00:00,1003.48,1004.34,998.0,1001.615,2269.0,,,,,,,,,,,,,,,,,,,,,993.5345802933298,,,1028.2222318123368,"rgba(239, 83, 80, 1.0)",0.0,0.0,18.534783707668417,1014.8951871415732,-0.7165007885189792,0.0,0.0,0.0,0.0,0.0,0.0,0.0,0.0,29.735432017954967,-21.86451779783002,False,True,False,True,False,0.0,0,0.9495689042107185,0.9719601481912943,False,False,False,False,-0.23670290097266525,-0.21256606714271292,False,False,False,False,-99126.0,-44923.16453039724,False,False,False,False,6021.026892912101,False,False,False,False
2025-06-10 16:00:00+00:00,1001.6,1004.065,1001.52,1003.905,2374.0,,,,,,,,,,,,,,,,,,,,,993.5478594340486,,,1027.9357795882727,"rgba(239, 83, 80, 1.0)",0.0,0.0,18.66886463491333,1014.8313514910636,-0.5852713437447012,0.0,0.0,0.0,0.0,0.0,0.0,0.0,0.0,30.84632472236486,-21.86451779783002,False,True,False,True,False,0.0,0,0.9666069303273638,0.9693771460621898,False,False,False,False,-0.21926747903957428,-0.2159167730911436,False,False,False,False,-96752.0,-45726.71236713527,False,False,False,False,5964.483840308812,False,False,False,False
2025-06-10 17:00:00+00:00,1003.905,1005.15,1003.425,1004.42,2768.0,,,,,,,,,,,,,,,,,,,,,993.5651719277673,,,1027.6253142690603,"rgba(239, 83, 80, 1.0)",0.0,0.0,18.726150480538728,1014.7625406390565,-0.5523046848205724,0.0,0.0,0.0,0.0,0.0,0.0,0.0,0.0,32.07941486272466,-21.86451779783002,False,True,False,True,True,0.0,0,0.9640501115496821,0.9661987300497686,False,False,False,False,-0.20331774735895738,-0.2096172602250505,False,False,False,False,-93984.0,-46474.88736919519,False,False,False,False,5914.925951311777,False,False,False,False
2025-06-10 18:00:00+00:00,1004.34,1004.38,1001.4,1003.83,4927.0,,,,,,,,,,,,,,,,,,,,,993.5926356189467,,,1027.066622603576,"rgba(239, 83, 80, 1.0)",0.0,0.0,18.814475520648408,1014.6348532609175,-0.5742840532046382,0.0,0.0,0.0,0.0,0.0,0.0,0.0,0.0,32.58292657399467,-21.27230112249895,False,True,False,True,True,0.0,0,0.9576812354593963,0.9741807211448852,False,False,False,False,-0.21822400960598323,-0.21392063491551688,False,False,False,False,-98911.0,-47287.850355719296,False,False,False,False,5899.60926989609,False,False,False,False
2025-06-10 19:00:00+00:00,1003.92,1007.52,1003.92,1007.21,4914.0,,,,,,,,,,,,,,,,,,,,,993.6284108840518,,,1026.601517157163,"rgba(239, 83, 80, 1.0)",0.0,0.0,18.87161750898334,1014.5312982714355,-0.3879528751549968,0.0,0.0,0.0,0.0,0.0,0.0,0.0,0.0,36.26811991272959,-17.65051016468179,False,True,False,True,True,0.0,0,0.9549204112087545,0.971784668103687,False,False,False,False,-0.18813006013179,-0.20102534752365345,False,False,False,False,-93997.0,-48012.023218421324,False,False,False,False,5884.328506021732,False,False,False,False
2025-06-11 14:00:00+00:00,998.505,1002.07,998.17,1000.89,6209.0,,,,,,,,,,,,,,,,,,,,,993.6524883366836,,,1025.8826077870394,"rgba(239, 83, 80, 1.0)",0.0,0.0,19.012214409129207,1014.3548146007506,-0.7082191643223394,0.0,0.0,0.0,0.0,0.0,0.0,0.0,0.0,35.2128670432437,-17.65051016468179,False,True,False,True,True,0.0,0,0.9442894071021574,0.9727995172891403,False,False,False,False,-0.24806136139495472,-0.22454335445930407,False,False,False,False,-100206.0,-48821.23216077138,False,False,False,False,5889.362172595039,False,False,False,False
2025-06-11 15:00:00+00:00,1000.83,1001.31,999.23,1000.03,6802.0,,,,,,,,,,,,,,,,,,,,,993.6779421129136,,,1025.1335181327456,"rgba(239, 83, 80, 1.0)",0.0,0.0,19.1583302277907,1014.1659079138329,-0.7378465526879631,0.0,0.0,0.0,0.0,0.0,0.0,0.0,0.0,34.1160678074599,-17.65051016468179,False,True,False,True,False,0.0,0,0.944851496750091,0.9777572528449631,False,False,False,False,-0.24643494340503327,-0.23548914893216866,False,False,False,False,-107008.0,-49723.35259238733,False,False,False,False,5903.511596275735,False,False,False,False
2025-06-11 16:00:00+00:00,1000.02,1003.95,999.92,1002.095,3624.0,,,,,,,,,,,,,,,,,,,,,993.6951454544245,,,1024.7794853721196,"rgba(239, 83, 80, 1.0)",0.0,0.0,19.237765725470044,1014.0764929781792,-0.6228110451681066,0.0,0.0,0.0,0.0,0.0,0.0,0.0,0.0,35.377910882187464,-17.65051016468179,False,True,False,True,False,0.0,0,0.9458781787577609,0.9836775459745635,False,False,False,False,-0.2284652028874937,-0.2319771759098312,False,False,False,False,-103384.0,-50555.300614210784,False,False,False,False,5868.170331217197,False,False,False,False
2025-06-11 17:00:00+00:00,1002.1,1002.7,999.13,999.66,3595.0,,,,,,,,,,,,,,,,,,,,,993.7090839910277,,,1024.4165308481313,"rgba(239, 83, 80, 1.0)",0.0,0.0,19.354409221318754,1013.9822072652657,-0.739997129413279,0.0,0.0,0.0,0.0,0.0,0.0,0.0,0.0,34.90076487493589,-17.65051016468179,False,True,False,True,False,0.0,0,0.9548525257648438,0.9692794296864549,False,False,False,False,-0.23945577131323542,-0.2357164736115333,False,False,False,False,-106979.0,-51430.08665119977,False,False,False,False,5832.927380345612,False,False,False,False
2025-06-11 18:00:00+00:00,999.41,999.41,993.5,995.57,4844.0,,,,,,,,,,,,,,,,,,,,,993.7158331121003,,,1023.8586808416984,"rgba(239, 83, 80, 1.0)",0.0,0.0,19.54155163691821,1014.353102907277,-0.9611878962462561,0.0,0.0,0.0,0.0,0.0,0.0,0.0,0.0,32.71890451898142,-17.65051016468179,False,True,False,True,False,0.0,0,0.9604173932849787,0.9643179990177314,False,False,False,False,-0.28822538209217075,-0.26197092785185205,False,False,False,False,-111823.0,-52366.41088916566,False,False,False,False,5817.595172898393,False,False,False,False
2025-06-11 19:00:00+00:00,995.03,997.13,994.05,997.13,8201.0,,,,,,,,,,,,,,,,,,,,,993.7269122219835,,,1022.960984795303,"rgba(239, 83, 80, 1.0)",0.0,0.0,19.697140598719614,1014.0984350081113,-0.8614669181583817,0.0,0.0,0.0,0.0,0.0,0.0,0.0,0.0,32.84076790706705,-17.65051016468179,False,True,False,True,False,0.0,0,0.9680641439943819,0.9519708227943343,False,False,False,False,-0.3186713380351397,-0.2903211329434959,False,False,False,False,-103622.0,-53161.071185457666,False,False,False,False,5854.5471857216735,False,False,False,False
2025-06-12 14:00:00+00:00,996.93,1002.22,995.495,1001.07,6384.0,,,,,,,,,,,,,,,,,,,,,993.7480333995994,,,1022.3871408164258,"rgba(239, 83, 80, 1.0)",0.0,0.0,19.787000680899286,1013.9927283345847,-0.6530918224033423,0.0,0.0,0.0,0.0,0.0,0.0,0.0,0.0,36.44480745937662,-17.166207217937398,False,False,False,True,True,0.0,0,0.961202826814683,0.950723870561644,False,False,False,False,-0.2811131089209735,-0.28571712093223467,False,False,False,False,-97238.0,-53844.43442289243,False,False,False,False,5862.755756485679,False,False,False,False
2025-06-12 15:00:00+00:00,1001.17,1002.775,999.38,1001.595,3818.0,,,,,,,,,,,,,,,,,,,,,993.7641474916016,,,1022.0811794129093,"rgba(239, 83, 80, 1.0)",0.0,0.0,19.86837531431782,1013.9381435656051,-0.6212457420567321,0.0,0.0,0.0,0.0,0.0,0.0,0.0,0.0,39.28189656897402,-14.550229049939986,False,False,False,True,True,0.0,0,0.9621354133000075,0.955420051280947,False,False,False,False,-0.2560351098691342,-0.27087611540068446,False,False,False,False,-93420.0,-54458.00908300263,False,False,False,False,5831.054116850242,False,False,False,False
2025-06-12 16:00:00+00:00,1001.6,1001.97,999.84,999.99,3437.0,,,,,,,,,,,,,,,,,,,,,993.7773400203306,,,1021.804867521703,"rgba(239, 83, 80, 1.0)",0.0,0.0,19.9726196919764,1013.875259079022,-0.6952147136011486,0.0,0.0,0.0,0.0,0.0,0.0,0.0,0.0,40.06913242427146,-13.829942758039728,False,False,False,True,True,0.0,0,0.9685474606030388,0.9504114914125108,False,False,False,False,-0.2579721080440586,-0.26442411172237157,False,False,False,False,-96857.0,-55115.357779390186,False,False,False,False,5793.936998759541,False,False,False,False
2025-06-12 17:00:00+00:00,999.865,1001.3,999.47,1000.755,2405.0,,,,,,,,,,,,,,,,,,,,,993.7864174728394,,,1021.6148933938164,"rgba(239, 83, 80, 1.0)",0.0,0.0,20.111728017423328,1013.8288698988584,-0.6500619880863645,0.0,0.0,0.0,0.0,0.0,0.0,0.0,0.0,41.33329135126753,-12.579084437025003,False,False,False,True,True,0.0,0,0.9664690706707632,0.949156472839006,False,False,False,False,-0.2638227170784394,-0.2641234144004055,False,False,False,False,-94452.0,-55725.22820141514,False,False,False,False,5741.395339864044,False,False,False,False
2025-06-12 18:00:00+00:00,1000.88,1002.97,1000.83,1002.97,1870.0,,,,,,,,,,,,,,,,,,,,,993.7952901029247,,,1021.4815487004372,"rgba(239, 83, 80, 1.0)",0.0,0.0,20.208781469832843,1013.8014937217995,-0.5359795561136845,0.0,0.0,0.0,0.0,0.0,0.0,0.0,0.0,44.23757924699733,-9.817242687164551,True,False,False,True,True,0.0,0,0.9720534805987499,0.9429806714140393,False,False,False,False,-0.25212988397868924,-0.25812664918954736,False,False,False,False,-92582.0,-56296.65101999785,False,False,False,False,5681.3737066878575,False,False,False,False
2025-06-12 19:00:00+00:00,1003.02,1003.295,1001.71,1002.76,6970.0,,,,,,,,,,,,,,,,,,,,,993.8294875933977,,,1021.0086178229648,"rgba(239, 83, 80, 1.0)",0.0,0.0,20.304091742021665,1013.697991502065,-0.5387087312764414,0.0,0.0,0.0,0.0,0.0,0.0,0.0,0.0,45.98002992856108,-8.178009729747082,True,False,False,True,True,0.0,0,0.9716961195117505,0.9431517580615784,False,False,False,False,-0.24533330089687913,-0.25172997504321326,False,False,False,False,-99552.0,-56967.276585579275,False,False,False,False,5701.352408909751,False,False,False,False
2025-06-13 14:00:00+00:00,1000.34,1000.34,993.92,996.2,3549.0,,,,,,,,,,,,,,,,,,,,,993.8353979635577,,,1020.7041960968572,"rgba(239, 83, 80, 1.0)",0.0,0.0,20.503607351912635,1013.5927961816782,-0.8482798116037706,0.0,0.0,0.0,0.0,0.0,0.0,0.0,0.0,42.362632541774595,-8.178009729747082,True,False,False,True,False,0.0,0,0.9577195774851682,0.9481478801910005,False,False,False,False,-0.3068095517492354,-0.27926976339622434,False,False,False,False,-103101.0,-57682.52811138424,False,False,False,False,5667.982604120452,False,False,False,False
2025-06-13 15:00:00+00:00,996.36,996.67,994.0,996.29,2550.0,,,,,,,,,,,,,,,,,,,,,993.837975859668,,,1020.4796983898267,"rgba(239, 83, 80, 1.0)",0.0,0.0,20.708189889400288,1013.5121652013986,-0.8316596135818703,0.0,0.0,0.0,0.0,0.0,0.0,0.0,0.0,40.04734031880215,-5.311048393644867,True,False,False,True,False,0.0,0,0.9631718983992202,0.9507698570784694,False,False,False,False,-0.34282825441539394,-0.3110490089058091,False,False,False,False,-100551.0,-58347.15558252557,False,False,False,False,5619.6417885526935,False,False,False,False
2025-06-13 16:00:00+00:00,996.04,996.3,992.0,993.23,2744.0,,,,,,,,,,,,,,,,,,,,,993.8379840222723,,,1020.2252849395554,"rgba(239, 83, 80, 1.0)",0.0,0.0,20.960260619854367,1013.4161674905985,-0.963068535105777,0.0,0.0,0.0,0.0,0.0,0.0,0.0,0.0,36.78543395073807,-8.290288330999935,True,False,False,True,False,0.0,0,0.9590446952462983,0.9678350302949994,False,False,False,False,-0.34282825441539394,-0.32693863166060155,False,False,False,False,-103295.0,-59044.021387447654,False,False,False,False,5575.058194931722,False,False,False,False
2025-06-13 17:00:00+00:00,992.9,993.07,989.84,992.42,2732.0,,,,,,,,,,,,,,,,,,,,,993.8348618859679,,,1019.9572987415852,"rgba(239, 83, 80, 1.0)",0.0,0.0,21.219688717137636,1013.3106605967323,-0.9844942060747782,0.0,0.0,0.0,0.0,0.0,0.0,0.0,0.0,34.19175639621315,-10.64066272314907,False,False,False,True,False,0.0,0,0.9486507051201545,0.9795740468504143,False,False,False,False,-0.34282825441539394,-0.3348834430379978,False,False,False,False,-106027.0,-59772.439660510485,False,False,False,False,5530.979773304874,False,False,False,False
2025-06-13 18:00:00+00:00,992.305,993.0,988.77,990.13,2966.0,,,,,,,,,,,,,,,,,,,,,993.8296060563293,,,1019.6604429718722,"rgba(239, 83, 80, 1.0)",0.0,0.0,21.5076424897857,1013.1921121961684,-1.0722752252889156,0.0,0.0,0.0,0.0,0.0,0.0,0.0,0.0,31.33423044188434,-13.26342529335001,False,True,False,True,False,0.0,0,0.942291929731286,0.9831417115261076,False,False,False,False,-0.34282825441539394,-0.33885584872669583,False,False,False,False,-108993.0,-60535.54912313823,False,False,False,False,5491.21264503658,False,False,False,False
2025-06-13 19:00:00+00:00,990.525,990.815,988.77,990.61,9834.0,,,,,,,,,,,,,,,,,,,,,993.8092260171682,,,1018.6993419049535,"rgba(239, 83, 80, 1.0)",0.0,0.0,21.782435519108315,1012.8102875457683,-1.0191829800801413,0.0,0.0,0.0,0.0,0.0,0.0,0.0,0.0,30.093308071746215,-14.44610063122311,False,True,False,True,False,0.0,0,0.9376137961660865,0.9904966323736218,False,False,False,False,-0.34282825441539394,-0.34084205157104486,False,False,False,False,-99159.0,-61134.36231502757,False,False,False,False,5558.542681547641,False,False,False,False
2025-06-16 14:00:00+00:00,1001.2,1001.82,994.74,995.36,7043.0,,,,,,,,,,,,,,,,,,,,,993.8227337587966,,,1018.2131008065902,"rgba(239, 83, 80, 1.0)",0.0,0.0,21.96819111683786,1012.6499826671782,-0.7870462604418065,0.0,0.0,0.0,0.0,0.0,0.0,0.0,0.0,34.80851890419412,-14.44610063122311,True,False,False,True,True,0.0,0,0.9457280913683284,0.974646753056593,False,False,False,False,-0.25087161249008794,-0.2958568320305664,False,False,False,False,-92116.0,-61614.69778301163,False,False,False,False,5581.5575236941895,False,False,False,False
2025-06-16 15:00:00+00:00,995.37,995.78,991.17,991.635,4767.0,,,,,,,,,,,,,,,,,,,,,993.820227997135,,,1017.8289991556244,"rgba(239, 83, 80, 1.0)",0.0,0.0,22.20709914553065,1012.5049495933066,-0.9397872930876185,0.0,0.0,0.0,0.0,0.0,0.0,0.0,0.0,35.467219445715486,-14.44610063122311,True,False,False,True,True,0.0,0,0.940981374099455,0.9850568148538631,False,False,False,False,-0.3023272131556908,-0.2990920225931286,False,False,False,False,-96883.0,-62161.49316622075,False,False,False,False,5568.928724877225,False,False,False,False
2025-06-16 16:00:00+00:00,991.79,992.01,989.27,990.27,4151.0,,,,,,,,,,,,,,,,,,,,,993.8127447321514,,,1017.4733533156408,"rgba(239, 83, 80, 1.0)",0.0,0.0,22.452197192384865,1012.3644069063906,-0.9840643531264026,0.0,0.0,0.0,0.0,0.0,0.0,0.0,0.0,35.1099354256869,-14.44610063122311,True,False,False,True,True,0.0,0,0.9309243109187996,1.0030683756227985,False,False,False,False,-0.3334152576362874,-0.316253640114708,False,False,False,False,-101034.0,-62764.167690775466,False,False,False,False,5546.945333793858,False,False,False,False
2025-06-16 17:00:00+00:00,990.56,990.68,987.12,987.4,3219.0,,,,,,,,,,,,,,,,,,,,,993.8032532874951,,,1017.1827109750175,"rgba(239, 83, 80, 1.0)",0.0,0.0,22.7277386744089,1012.2458668268021,-1.0931957280368663,0.0,0.0,0.0,0.0,0.0,0.0,0.0,0.0,33.344858962699334,-14.44610063122311,False,False,False,True,True,0.0,0,0.921612233817043,1.0033098544407835,False,False,False,False,-0.34282825441539394,-0.329540947265051,False,False,False,False,-104253.0,-63407.405400996,False,False,False,False,5510.853158076123,False,False,False,False
2025-06-16 18:00:00+00:00,987.46,988.245,986.62,987.24,3689.0,,,,,,,,,,,,,,,,,,,,,993.7903478202411,,,1016.8450118159394,"rgba(239, 83, 80, 1.0)",0.0,0.0,22.96545851102459,1012.1063096571563,-1.0827700063214158,0.0,0.0,0.0,0.0,0.0,0.0,0.0,0.0,32.08581935745403,-14.44610063122311,False,False,False,True,False,0.0,0,0.919738224968508,1.0084525309143493,False,False,False,False,-0.34282825441539394,-0.3361846008402225,False,False,False,False,-107942.0,-64097.86423198831,False,False,False,False,5482.607372679594,False,False,False,False
2025-06-16 19:00:00+00:00,987.12,987.425,981.54,983.93,13354.0,,,,,,,,,,,,,,,,,,,,,993.7219330095649,,,1015.5630886895702,"rgba(239, 83, 80, 1.0)",0.0,0.0,23.29027719016168,1011.5589040366764,-1.1862848952414993,0.0,0.0,0.0,0.0,0.0,0.0,0.0,0.0,29.653507592159848,-15.20529193696995,False,True,False,True,False,0.0,0,0.9098565630031981,1.012065626321765,False,False,False,False,-0.34282825441539394,-0.33950642762780825,False,False,False,False,-121296.0,-64984.65703459314,False,False,False,False,5604.64446767681,False,False,False,False
2025-06-17 14:00:00+00:00,978.94,982.92,976.91,981.505,6100.0,,,,,,,,,,,,,,,,,,,,,993.6783637228946,,,1014.9424192269506,"rgba(239, 83, 80, 1.0)",0.0,0.0,23.659901345623915,1011.2851082197043,-1.258674234717904,0.0,0.0,0.0,0.0,0.0,0.0,0.0,0.0,27.060636430713647,-17.802949580318604,False,True,False,True,False,0.0,0,0.9022858875470525,1.0194718276007428,False,False,False,False,-0.34282825441539394,-0.34116734102160107,False,False,False,False,-127396.0,-65952.27475498704,False,False,False,False,5612.324398410503,False,False,False,False
2025-06-17 15:00:00+00:00,981.52,984.67,981.25,984.475,8030.0,,,,,,,,,,,,,,,,,,,,,993.6344333237635,,,1014.2267275950852,"rgba(239, 83, 80, 1.0)",0.0,0.0,23.956608230880686,1010.9748581125168,-1.1061606825609724,0.0,0.0,0.0,0.0,0.0,0.0,0.0,0.0,28.962030596288756,-17.802949580318604,False,True,False,True,False,0.0,0,0.9042044347338274,1.0177079335085182,False,False,False,False,-0.3135689185898563,-0.3273681298057287,False,False,False,False,-119366.0,-66780.39452622755,False,False,False,False,5649.807741070805,False,False,False,False
2025-06-17 16:00:00+00:00,984.475,986.11,983.7,984.42,4115.0,,,,,,,,,,,,,,,,,,,,,993.6148786794138,,,1013.8871588779203,"rgba(239, 83, 80, 1.0)",0.0,0.0,24.236882287125397,1010.8282455716413,-1.0895892160878053,0.0,0.0,0.0,0.0,0.0,0.0,0.0,0.0,30.19800245995045,-17.802949580318604,False,True,False,True,True,0.0,0,0.9139740978097631,1.0164825360950442,False,False,False,False,-0.2951507885698661,-0.3112594591877974,False,False,False,False,-123481.0,-67659.47368085968,False,False,False,False,5626.012272216994,False,False,False,False
2025-06-17 17:00:00+00:00,984.25,984.86,978.62,980.06,3538.0,,,,,,,,,,,,,,,,,,,,,993.5914091970766,,,1013.5664569124075,"rgba(239, 83, 80, 1.0)",0.0,0.0,24.497707312655834,1010.6855982730689,-1.2501414063857048,0.0,0.0,0.0,0.0,0.0,0.0,0.0,0.0,28.786989269107913,-17.802949580318604,False,True,False,True,True,0.0,0,0.9026562476787545,1.019765869891403,False,False,False,False,-0.32522699074501626,-0.31824322496640683,False,False,False,False,-127019.0,-68579.77641448975,False,False,False,False,5593.639988926808,False,False,False,False
2025-06-17 18:00:00+00:00,979.74,980.125,976.465,978.625,8033.0,,,,,,,,,,,,,,,,,,,,,993.5266084689898,,,1012.8007138571091,"rgba(239, 83, 80, 1.0)",0.0,0.0,24.605712385175085,1010.3378330442686,-1.2888402720408743,0.0,0.0,0.0,0.0,0.0,0.0,0.0,0.0,27.23505564648158,-17.976575189561196,False,True,False,True,False,0.0,0,0.8925656758205753,1.0333963781497588,False,False,False,False,-0.34282825441539394,-0.3305357396909004,False,False,False,False,-135052.0,-69610.35352434262,False,False,False,False,5631.4595239822065,False,False,False,False
2025-06-17 19:00:00+00:00,978.625,982.875,977.305,977.625,14858.0,,,,,,,,,,,,,,,,,,,,,993.4149580881783,,,1011.5023017163644,"rgba(239, 83, 80, 1.0)",0.0,0.0,24.76190599971491,1009.7435079592366,-1.2970935258217349,0.0,0.0,0.0,0.0,0.0,0.0,0.0,0.0,25.778433305366427,-19.55422145122166,False,True,False,True,False,0.0,0,0.892602319819652,1.0305192437893862,False,False,False,False,-0.32587248077151704,-0.3282041102312087,False,False,False,False,-149910.0,-70855.30928365514,False,False,False,False,5774.506663145274,False,False,False,False
2025-06-18 14:00:00+00:00,975.355,978.72,974.83,978.66,6720.0,,,,,,,,,,,,,,,,,,,,,993.3584511011707,,,1010.9154093863812,"rgba(239, 83, 80, 1.0)",0.0,0.0,24.875278881681346,1009.4690907300899,-1.238542525558511,0.0,0.0,0.0,0.0,0.0,0.0,0.0,0.0,26.287570908964774,-19.55422145122166,False,True,False,True,False,0.0,0,0.8892671324513156,1.033766909469303,False,False,False,False,-0.34282825441539394,-0.3355161823233013,False,False,False,False,-143190.0,-71976.77735677676,False,False,False,False,5789.165474569378,False,False,False,False
2025-06-18 15:00:00+00:00,978.735,981.0,978.43,979.84,4285.0,,,,,,,,,,,,,,,,,,,,,993.3279111754921,,,1010.577158986597,"rgba(239, 83, 80, 1.0)",0.0,0.0,24.82650693247947,1009.3113225296387,-1.1870909834312038,0.0,0.0,0.0,0.0,0.0,0.0,0.0,0.0,28.293205969850487,-19.55422145122166,False,True,False,True,True,0.0,0,0.8926929582082209,1.0335809496844568,False,False,False,False,-0.3156757392498182,-0.3255959607865597,False,False,False,False,-138905.0,-73014.4242194624,False,False,False,False,5765.845079614814,False,False,False,False
2025-06-18 16:00:00+00:00,979.84,980.26,978.14,978.96,2165.0,,,,,,,,,,,,,,,,,,,,,993.3118115046574,,,1010.4055620897245,"rgba(239, 83, 80, 1.0)",0.0,0.0,24.942231855387615,1009.2307050332759,-1.2136325734113178,0.0,0.0,0.0,0.0,0.0,0.0,0.0,0.0,29.04295880412086,-19.55422145122166,False,True,False,True,True,0.0,0,0.8907445495680787,1.0366029692232903,False,False,False,False,-0.32039859824805295,-0.32299727951730633,False,False,False,False,-141070.0,-74069.5494253622,False,False,False,False,5710.018024116909,False,False,False,False
2025-06-18 17:00:00+00:00,978.96,982.44,976.505,980.97,2923.0,,,,,,,,,,,,,,,,,,,,,993.2914338446577,,,1010.1830612672819,"rgba(239, 83, 80, 1.0)",0.0,0.0,24.840551877274272,1009.1261547784665,-1.1334754122039246,0.0,0.0,0.0,0.0,0.0,0.0,0.0,0.0,32.388865335387244,-21.837550912055235,False,True,False,True,True,0.0,0,0.8866126335900648,1.0349573108842318,False,False,False,False,-0.3178978998897865,-0.3204475897035464,False,False,False,False,-138147.0,-75062.99827148061,False,False,False,False,5666.808442347655,False,False,False,False
2025-06-18 18:00:00+00:00,981.31,981.81,977.24,977.46,3940.0,,,,,,,,,,,,,,,,,,,,,993.2617323044078,,,1009.8771677964882,"rgba(239, 83, 80, 1.0)",0.0,0.0,24.714574840922438,1008.9810567551156,-1.2754035607734955,0.0,0.0,0.0,0.0,0.0,0.0,0.0,0.0,32.08547030526806,-21.837550912055235,False,True,False,True,True,0.0,0,0.8887014295845617,1.0352655742600128,False,False,False,False,-0.3174165565310704,-0.3189320731173084,False,False,False,False,-142087.0,-76102.13008122508,False,False,False,False,5640.036218435288,False,False,False,False
2025-06-18 19:00:00+00:00,977.45,979.52,974.11,974.11,6120.0,,,,,,,,,,,,,,,,,,,,,993.2065374568062,,,1009.3700358771416,"rgba(239, 83, 80, 1.0)",0.0,0.0,24.64733042028767,1008.0252877467176,-1.3760227646723673,0.0,0.0,0.0,0.0,0.0,0.0,0.0,0.0,30.070302029380596,-21.837550912055235,False,True,False,True,False,0.0,0,0.8807625598308729,1.0403016294840588,False,False,False,False,-0.34245563058600115,-0.3306938518516548,False,False,False,False,-148207.0,-77220.03504120608,False,False,False,False,5647.4775173742755,False,False,False,False
2025-06-19 14:00:00+00:00,974.11,974.11,974.11,974.11,0.0,,,,,,,,,,,,,,,,,,,,,993.2065374568062,,,1009.3700358771416,"rgba(239, 83, 80, 1.0)",0.0,0.0,24.513052846143644,1008.0252877467176,-1.3835603406718509,0.0,0.0,0.0,0.0,0.0,0.0,0.0,0.0,28.726856512122286,-21.837550912055235,False,True,False,True,False,0.0,0,0.8814233393500451,1.0481586614438612,False,False,False,False,-0.34282825441539394,-0.33676105313352434,False,False,False,False,-148207.0,-78320.60814134241,False,False,False,False,5559.919726407233,False,False,False,False
2025-06-19 15:00:00+00:00,974.11,974.11,974.11,974.11,0.0,,,,,,,,,,,,,,,,,,,,,993.2065374568062,,,1009.3700358771416,"rgba(239, 83, 80, 1.0)",0.0,0.0,24.255793973384485,1008.0252877467176,-1.3982344912696865,0.0,0.0,0.0,0.0,0.0,0.0,0.0,0.0,27.83122616728341,-18.223124991331794,False,True,False,True,False,0.0,0,0.881511546324866,1.0486446930661697,False,False,False,False,-0.34282825441539394,-0.33979465377445917,False,False,False,False,-148207.0,-79404.11809263942,False,False,False,False,5473.719420571461,False,False,False,False
2025-06-19 16:00:00+00:00,974.11,974.11,974.11,974.11,0.0,,,,,,,,,,,,,,,,,,,,,993.2065374568062,,,1009.3700358771416,"rgba(239, 83, 80, 1.0)",0.0,0.0,23.856844702750816,1008.0252877467176,-1.4216166542261548,0.0,0.0,0.0,0.0,0.0,0.0,0.0,0.0,27.234139270724164,-18.984208986051645,False,True,False,True,False,0.0,0,0.878289398737782,1.0507621152400266,False,False,False,False,-0.34282825441539394,-0.3413114540949266,False,False,False,False,-148207.0,-80470.82944004034,False,False,False,False,5388.855553585857,False,False,False,False
2025-06-19 17:00:00+00:00,974.11,974.11,974.11,974.11,0.0,,,,,,,,,,,,,,,,,,,,,993.2065374568062,,,1009.3700358771416,"rgba(239, 83, 80, 1.0)",0.0,0.0,23.64489964277958,1008.0252877467176,-1.43435955572238,0.0,0.0,0.0,0.0,0.0,0.0,0.0,0.0,26.836081339684664,-19.59868533653895,False,True,False,True,False,0.0,0,0.8771982161843782,1.0518163251256398,False,False,False,False,-0.34282825441539394,-0.34206985425516023,False,False,False,False,-148207.0,-81521.00262701645,False,False,False,False,5305.3074054682465,False,False,False,False
2025-06-19 18:00:00+00:00,974.11,974.11,974.11,974.11,0.0,,,,,,,,,,,,,,,,,,,,,993.2065374568062,,,1009.3700358771416,"rgba(239, 83, 80, 1.0)",0.0,0.0,23.353761392357637,1008.0252877467176,-1.4522409121562805,0.0,0.0,0.0,0.0,0.0,0.0,0.0,0.0,26.570709385658333,-20.1186372165603,False,True,False,True,False,0.0,0,0.8775525912698104,1.050031943471601,False,False,False,False,-0.34282825441539394,-0.34244905433527706,False,False,False,False,-148207.0,-82554.89405915572,False,False,False,False,5223.0545774764905,False,False,False,False
2025-06-19 19:00:00+00:00,974.11,974.11,974.11,974.11,0.0,,,,,,,,,,,,,,,,,,,,,993.2065374568062,,,1009.3700358771416,"rgba(239, 83, 80, 1.0)",0.0,0.0,23.007326972780596,1008.0252877467176,-1.4741081302857098,0.0,0.0,0.0,0.0,0.0,0.0,0.0,0.0,26.393794749640776,-20.573217677524166,False,True,False,True,False,0.0,0,0.8875136113308942,1.0501602024269299,False,False,False,False,-0.34282825441539394,-0.34263865437533547,False,False,False,False,-148207.0,-83572.7561667657,False,False,False,False,5142.076987128017,False,False,False,False
2025-06-20 14:00:00+00:00,980.29,984.04,979.05,982.63,4887.0,,,,,,,,,,,,,,,,,,,,,993.1779021673076,,,1009.046441189802,"rgba(38, 166, 154, 1.0)",0.0,0.0,22.39957142286288,1006.4527543527489,-1.0635361678587036,0.0,0.0,0.0,0.0,0.0,0.0,0.0,0.0,38.61589557067921,-15.340276453380653,True,False,False,True,True,0.0,0,0.8901303682767934,1.029334803438182,False,False,False,False,-0.27716119664223693,-0.3098999255087862,False,False,False,False,-143320.0,-84499.0700246453,False,False,False,False,5138.12230515704,False,False,False,False
2025-06-20 15:00:00+00:00,982.15,983.58,978.74,978.74,3213.0,,,,,,,,,,,,,,,,,,,,,993.1565709179897,,,1008.8258733620272,"rgba(38, 166, 154, 1.0)",0.0,0.0,21.750748970847013,1006.3086983718955,-1.2674827155996513,0.0,0.0,0.0,0.0,0.0,0.0,0.0,0.0,42.46497044607487,-12.308700233346038,True,False,False,True,True,0.0,0,0.8911587849633392,1.0287853512821505,False,False,False,False,-0.28050059035527214,-0.2952002579320292,False,False,False,False,-146533.0,-85460.83638085234,False,False,False,False,5108.275447712745,False,False,False,False
2025-06-20 16:00:00+00:00,978.51,979.44,976.32,978.54,2736.0,,,,,,,,,,,,,,,,,,,,,993.1352752988618,,,1008.6260526090603,"rgba(38, 166, 154, 1.0)",0.0,0.0,20.950082048475366,1006.1273253865799,-1.316812283729817,0.0,0.0,0.0,0.0,0.0,0.0,0.0,0.0,44.83553143765266,-10.507447653180257,True,False,False,True,True,0.0,0,0.9041418348147157,1.0327347446485227,False,False,False,False,-0.3092076678941799,-0.3022039629131046,False,False,False,False,-149269.0,-86450.11023541278,False,False,False,False,5071.495983407121,False,False,False,False
2025-06-20 17:00:00+00:00,978.85,980.01,976.37,977.75,2302.0,,,,,,,,,,,,,,,,,,,,,993.1173369676438,,,1008.4596225336417,"rgba(38, 166, 154, 1.0)",0.0,0.0,20.164538908375807,1006.0014506123313,-1.4010461999999602,0.0,0.0,0.0,0.0,0.0,0.0,0.0,0.0,45.59975876484752,-9.970281278375253,True,False,False,True,True,0.0,0,0.9004320098745113,1.0314987419492665,False,False,False,False,-0.30647394526298544,-0.304338954088045,False,False,False,False,-151571.0,-87459.73643331336,False,False,False,False,5028.558061183754,False,False,False,False
2025-06-20 18:00:00+00:00,977.51,980.07,976.62,976.64,2673.0,,,,,,,,,,,,,,,,,,,,,993.0961935151768,,,1008.2669539664191,"rgba(38, 166, 154, 1.0)",0.0,0.0,19.172045068017827,1005.8659507029148,-1.5244044440344333,0.0,0.0,0.0,0.0,0.0,0.0,0.0,0.0,44.97168150251277,-9.970281278375253,True,False,False,True,True,0.0,0,0.8947551783112687,1.0328118071831252,False,False,False,False,-0.30510875039833113,-0.3047238522431881,False,False,False,False,-154244.0,-88495.15137233175,False,False,False,False,4992.037781165402,False,False,False,False
2025-06-20 19:00:00+00:00,976.35,981.06,973.91,980.09,11394.0,,,,,,,,,,,,,,,,,,,,,993.0100849107256,,,1007.4871449778373,"rgba(38, 166, 154, 1.0)",0.0,0.0,18.01369848448977,1004.114379393984,-1.3336727832249182,0.0,0.0,0.0,0.0,0.0,0.0,0.0,0.0,48.34358937314989,-7.317360069862204,True,False,False,False,True,0.0,0,0.8932078721370276,1.0316181176080206,True,False,False,False,-0.31269746776270646,-0.3087106600029473,False,False,False,False,-142850.0,-89337.86220376847,False,False,False,False,5091.293009364387,False,False,False,False
2025-06-23 14:00:00+00:00,989.44,996.92,987.75,994.37,5821.0,,,,,,,,,,,,,,,,,,,,,993.0100945748997,,,1007.2969155168505,"rgba(38, 166, 154, 1.0)",0.0,0.0,16.631782765927213,1004.6279901677859,-0.6167703313682646,0.0,0.0,0.0,0.0,0.0,0.0,0.0,0.0,57.84870132616776,1.3961047354910079,True,False,True,False,True,0.0,0,0.9017183035334019,1.0157349832351188,False,False,False,False,-0.18570687858262067,-0.24720876929278396,False,False,False,False,-137029.0,-90077.25968898136,False,False,False,False,5102.606296040908,False,False,False,False
2025-06-23 15:00:00+00:00,993.82,996.21,990.87,991.61,5036.0,,,,,,,,,,,,,,,,,,,,,993.0098033799082,,,1007.1350170784468,"rgba(38, 166, 154, 1.0)",0.0,0.0,15.275893089594039,1004.8809960651413,-0.8687541859128026,0.0,0.0,0.0,0.0,0.0,0.0,0.0,0.0,61.74253909430301,4.652008415934418,True,False,True,False,True,0.0,0,0.9112453531598513,1.0143509913258986,False,False,False,False,-0.17570766084174363,-0.2114582150672638,False,False,False,False,-142065.0,-90883.27116667156,False,False,False,False,5101.573640288336,False,False,False,False
2025-06-23 16:00:00+00:00,991.53,993.3,990.0,992.53,1789.0,,,,,,,,,,,,,,,,,,,,,993.0088316594007,,,1007.0745843617462,"rgba(38, 166, 154, 1.0)",0.0,0.0,13.791525755248447,1004.9358017386952,-0.8995235160238982,0.0,0.0,0.0,0.0,0.0,0.0,0.0,0.0,64.68906546513142,7.179225560691954,True,False,True,False,True,0.0,0,0.9162327406920925,1.011868461791059,False,False,False,False,-0.1914073673021208,-0.20143279118469232,False,False,False,False,-140276.0,-91649.04990827355,False,False,False,False,5050.215909431152,False,False,False,False
2025-06-23 17:00:00+00:00,991.93,998.42,991.42,997.56,4125.0,,,,,,,,,,,,,,,,,,,,,993.0146833437948,,,1006.9721100466307,"rgba(38, 166, 154, 1.0)",0.0,0.0,13.407681767830395,1005.1306340947751,-0.5646489994220867,0.0,0.0,0.0,0.0,0.0,0.0,0.0,0.0,68.37094360147918,10.524951574897159,True,False,True,False,True,0.0,0,0.9191854618029297,1.0055586306901905,False,False,False,False,-0.16429872150868602,-0.18286575634668917,False,False,False,False,-136151.0,-92339.00262287394,False,False,False,False,5035.871476726792,False,False,False,False
2025-06-23 18:00:00+00:00,997.56,999.41,997.56,998.76,4224.0,,,,,,,,,,,,,,,,,,,,,993.026598319259,,,1006.8946933299275,"rgba(38, 166, 154, 1.0)",0.0,0.0,13.105443651640757,1005.3479013317304,-0.5026843429986185,0.0,0.0,0.0,0.0,0.0,0.0,0.0,0.0,71.18868512686251,13.159621270634204,True,False,True,False,True,0.6097785907215787,0,0.9262997300786292,1.0046003990142005,False,False,False,False,-0.13501342800586086,-0.158939592176275,False,False,False,False,-131927.0,-92952.77002406969,False,False,False,False,5023.284322048857,False,False,False,False
2025-06-23 19:00:00+00:00,998.54,1004.85,998.54,1004.73,11534.0,,,,,,,,,,,,,,,,,,,,,993.0828926839788,,,1006.7918309252809,"rgba(38, 166, 154, 1.0)",0.0,0.0,12.901903090644627,1005.8194051601913,-0.08443755564876591,0.0,0.0,0.0,0.0,0.0,0.0,0.0,0.0,74.61860444280697,16.45054523825972,True,False,True,False,True,3.805496350717842,0,0.9255860333585223,0.9978031052561878,False,False,False,False,-0.10884127648000853,-0.13389043432814177,False,False,False,True,-120393.0,-93378.19994617713,False,False,False,False,5124.225650389185,False,False,False,False
2025-06-24 14:00:00+00:00,996.135,996.135,992.54,993.0,7225.0,,,,,,,,,,,,,,,,,,,,,993.0858282534929,,,1006.5963656928742,"rgba(38, 166, 154, 1.0)",0.0,0.0,12.709992517417872,1005.6471653435221,-0.9950568677511316,0.0,0.0,0.0,0.0,0.0,0.0,0.0,0.0,68.55544047463955,16.45054523825972,True,False,True,False,False,0.0,0,0.914236060380028,0.9956168344316881,False,False,False,False,-0.16910911526906514,-0.15149977479860344,False,False,False,False,-127618.0,-93909.04955941469,False,False,False,False,5156.795795344391,False,False,False,False
2025-06-24 15:00:00+00:00,993.57,1000.26,992.78,998.95,6023.0,,,,,,,,,,,,,,,,,,,,,993.0986315279214,,,1006.4807791260139,"rgba(38, 166, 154, 1.0)",0.0,0.0,12.584818043906079,1005.6879856050946,-0.5354058820387362,0.0,0.0,0.0,0.0,0.0,0.0,0.0,0.0,66.68103587473794,16.45054523825972,True,False,True,False,False,0.6096463906093028,0,0.918748755342453,0.9872164095650976,False,False,False,False,-0.15112362714570682,-0.15131170097215513,False,False,False,False,-121595.0,-94338.2891011292,False,False,False,False,5170.225317897191,False,False,False,False
2025-06-24 16:00:00+00:00,998.95,1000.79,998.45,999.62,4910.0,,,,,,,,,,,,,,,,,,,,,993.1146296409178,,,1006.4117160246537,"rgba(38, 166, 154, 1.0)",0.0,0.0,12.439367089068584,1005.774487729433,-0.49475891219910806,0.0,0.0,0.0,0.0,0.0,0.0,0.0,0.0,65.66071788648439,24.088853487561565,True,False,True,False,False,0.9451346920760564,0,0.9260070520354738,0.9806526948849849,False,False,False,False,-0.1257402099012446,-0.13852595543669988,False,False,False,False,-116685.0,-94684.74973522022,False,False,False,False,5166.190816844522,False,False,False,False
2025-06-24 17:00:00+00:00,999.62,1002.77,999.62,1002.44,3865.0,,,,,,,,,,,,,,,,,,,,,993.1310031776729,,,1006.3739666848372,"rgba(38, 166, 154, 1.0)",0.0,0.0,12.184196109997298,1005.8697411329306,-0.28149096599950335,0.0,0.0,0.0,0.0,0.0,0.0,0.0,0.0,65.9599776302908,23.959106819930994,True,False,True,False,False,2.352254666251337,0,0.9281384821048793,0.9777374369569183,False,False,False,False,-0.11290728979183537,-0.12571662261426764,False,False,False,False,-112820.0,-94965.916405992,False,False,False,False,5146.017315808172,False,False,False,False
2025-06-24 18:00:00+00:00,1002.44,1002.67,1000.32,1001.62,4700.0,,,,,,,,,,,,,,,,,,,,,993.1506577618954,,,1006.3281596578603,"rgba(38, 166, 154, 1.0)",0.0,0.0,11.996088472108623,1005.9673074504275,-0.3623937469730354,0.0,0.0,0.0,0.0,0.0,0.0,0.0,0.0,65.58836732669747,23.030128275791725,True,False,True,False,False,1.9185964780134022,0,0.9294537032832296,0.9779680002421933,False,False,False,False,-0.11046724423114873,-0.11809193342270818,False,False,False,False,-117520.0,-95315.59212062779,False,False,False,False,5139.102318663859,False,False,False,False
2025-06-24 19:00:00+00:00,1001.58,1003.36,1000.36,1001.33,9370.0,,,,,,,,,,,,,,,,,,,,,993.1902489952543,,,1006.2420963895444,"rgba(38, 166, 154, 1.0)",0.0,0.0,11.863171851507731,1006.1266384505918,-0.40433018341398846,0.0,0.0,0.0,0.0,0.0,0.0,0.0,0.0,65.12149290129356,21.955555181015043,True,False,True,False,False,1.763291194595606,0,0.9298328888085228,0.9770278619110048,False,False,False,False,-0.1075002848670952,-0.1127961091449017,False,False,False,False,-126890.0,-95805.11782418394,False,False,False,False,5204.697631552791,False,False,False,False
2025-06-25 14:00:00+00:00,1003.86,1003.86,995.45,995.63,6715.0,,,,,,,,,,,,,,,,,,,,,993.2072279128712,,,1006.1381926167626,"rgba(38, 166, 154, 1.0)",0.0,0.0,11.670065926924583,1006.1275472016675,-0.8995276691152307,0.0,0.0,0.0,0.0,-1.0,1000.36,997.74,0.0,60.89218027938829,17.486884181712867,True,False,True,False,False,0.0,0,0.9234048568537586,0.9765713350395812,False,False,False,False,-0.12545460130853325,-0.11912535522671747,False,False,False,False,-133605.0,-96391.1625090803,False,False,False,False,5228.113172148872,False,False,False,False
2025-06-25 15:00:00+00:00,995.67,997.74,992.875,993.57,2623.0,,,,,,,,,,,,,,,,,,,,,993.2091945680289,,,1006.0800839391159,"rgba(38, 166, 154, 1.0)",0.0,0.0,11.386170171361353,1006.0909916006834,-1.099666649298492,0.0,0.0,0.0,0.0,0.0,0.0,0.0,0.0,56.861522237395775,13.44231442629259,True,False,True,False,False,0.0,0,0.9201512767670499,0.9857808702846044,False,False,False,False,-0.16110285656564063,-0.14011410589617906,False,False,False,False,-136228.0,-97008.78789653642,False,False,False,False,5187.723820642688,False,False,False,False
2025-06-25 16:00:00+00:00,993.55,994.62,987.56,989.58,5572.0,,,,,,,,,,,,,,,,,,,,,993.2020114884898,,,1005.9142599006032,"rgba(38, 166, 154, 1.0)",0.0,0.0,11.092272617450773,1005.9338820978699,-1.4743490952558524,0.0,0.0,0.0,0.0,0.0,0.0,0.0,0.0,52.0404689255274,8.831231261461411,True,False,False,False,False,0.0,0,0.9122189609410232,0.9975528068787569,False,False,False,False,-0.19607675265582755,-0.1680954292760033,False,False,False,False,-141800.0,-97703.22529348935,False,False,False,False,5193.6815908652825,False,False,False,False
2025-06-25 17:00:00+00:00,989.57,992.54,989.08,990.97,3511.0,,,,,,,,,,,,,,,,,,,,,993.197982167694,,,1005.8134358450401,"rgba(38, 166, 154, 1.0)",0.0,0.0,10.972321439230374,1005.8440006871872,-1.3555928678872593,0.0,0.0,0.0,0.0,0.0,0.0,0.0,0.0,49.765330147187996,6.6463567616224,False,False,False,False,False,0.0,0,0.914059206780012,0.9992234933922989,False,False,False,False,-0.19841460272837141,-0.18325501600218735,False,False,False,False,-138289.0,-98332.46211064456,False,False,False,False,5167.593504185201,False,False,False,False
2025-06-25 18:00:00+00:00,990.9,991.72,987.18,987.39,5209.0,,,,,,,,,,,,,,,,,,,,,993.1866754786727,,,1005.6456495499953,"rgba(38, 166, 154, 1.0)",0.0,0.0,10.730747409803392,1005.6808414533741,-1.7045263256000218,0.0,0.0,0.0,0.0,0.0,0.0,0.0,0.0,46.378145683883155,3.3804188183109147,False,False,False,True,False,0.0,0,0.9124426001135095,0.9976487237508386,False,False,False,False,-0.2098008803720948,-0.1965279481871411,False,False,False,False,-143498.0,-99032.70300815393,False,False,False,False,5168.235465360624,False,False,False,False
2025-06-25 19:00:00+00:00,987.38,988.15,986.1,986.68,17334.0,,,,,,,,,,,,,,,,,,,,,993.1344306050341,,,1005.0536783698151,"rgba(38, 166, 154, 1.0)",0.0,0.0,10.479124343189646,1005.1080950486846,-1.758552952056632,0.0,0.0,0.0,0.0,0.0,0.0,0.0,0.0,43.76434218372015,0.8255025155828548,False,False,False,True,False,0.0,0,0.9098892340843175,1.004700725402366,False,False,False,False,-0.22939302189930155,-0.21296048504322132,False,False,False,False,-160832.0,-99990.83164368643,False,False,False,False,5356.851969773637,False,False,False,False
2025-06-26 14:00:00+00:00,981.47,982.735,977.05,980.315,14912.0,,,,,,,,,,,,,,,,,,,,,993.0402927379217,,,1004.3892897314807,"rgba(239, 83, 80, 1.0)",0.0,0.0,10.366917753688517,1003.1379147641144,-2.2015140185706605,0.0,0.0,0.0,0.0,0.0,0.0,0.0,0.0,39.277098670469584,-3.4577752532588093,False,True,False,True,False,0.0,0,0.8975839760225152,1.0113235132863045,False,False,False,False,-0.29153822243042066,-0.252249353736821,False,False,False,False,-175744.0,-101165.2993701409,False,False,False,False,5504.993799699628,False,False,False,False
2025-06-26 15:00:00+00:00,980.325,982.0,979.08,979.91,9310.0,,,,,,,,,,,,,,,,,,,,,992.9835275494636,,,1003.9969298345487,"rgba(239, 83, 80, 1.0)",0.0,0.0,10.283047236519899,1002.7646444263706,-2.2225556200114656,0.0,0.0,0.0,0.0,0.0,0.0,0.0,0.0,36.133436820081656,-6.447137885237105,False,True,False,True,False,0.0,0,0.8969468157354733,1.0146196481645116,False,False,False,False,-0.28589119306820837,-0.26907027340251466,False,False,False,False,-185054.0,-102465.89937990616,False,False,False,False,5563.986143890331,False,False,False,False
2025-06-26 16:00:00+00:00,980.2,982.14,979.2,979.33,4628.0,,,,,,,,,,,,,,,,,,,,,992.9552615477154,,,1003.8057536217025,"rgba(239, 83, 80, 1.0)",0.0,0.0,10.195140660192617,1002.5859555538804,-2.2810823635503366,0.0,0.0,0.0,0.0,0.0,0.0,0.0,0.0,33.801920489650485,-8.743528094630243,False,True,False,True,False,0.0,0,0.8964705191880212,1.020365493107572,False,False,False,False,-0.2847595739470897,-0.2769149236748022,False,False,False,False,-189682.0,-103818.08698641924,False,False,False,False,5549.47473080676,False,False,False,False
2025-06-26 17:00:00+00:00,979.29,981.48,978.76,980.96,4751.0,,,,,,,,,,,,,,,,,,,,,992.9267751155974,,,1003.6141151138935,"rgba(239, 83, 80, 1.0)",0.0,0.0,10.127889822282057,1002.4119983861107,-2.118111350196045,0.0,0.0,0.0,0.0,0.0,0.0,0.0,0.0,33.89381870006099,-8.918141402343117,False,True,False,True,False,0.0,0,0.8975732536892853,1.0148818914972153,False,False,False,False,-0.2895520866836791,-0.2832335051792406,False,False,False,False,-184931.0,-105075.65152926545,False,False,False,False,5537.0952776159575,False,False,False,False
2025-06-26 18:00:00+00:00,980.96,983.41,980.51,981.92,3873.0,,,,,,,,,,,,,,,,,,,,,992.9065039432361,,,1003.4704533162367,"rgba(239, 83, 80, 1.0)",0.0,0.0,10.07322784673736,1002.296377758038,-2.022825063431661,0.0,0.0,0.0,0.0,0.0,0.0,0.0,0.0,34.92503327988272,-8.918141402343117,False,True,False,True,False,0.0,0,0.8999669833816353,1.0121574525844679,False,False,False,False,-0.2735683265213497,-0.27840091585029514,False,False,False,False,-181058.0,-106253.67243578847,False,False,False,False,5511.295350831214,False,False,False,False
2025-06-26 19:00:00+00:00,982.195,984.13,981.37,983.66,7800.0,,,,,,,,,,,,,,,,,,,,,992.8700047222068,,,1003.2014148798743,"rgba(239, 83, 80, 1.0)",0.0,0.0,9.954226578886836,1002.0973809342607,-1.8522163211923386,0.0,0.0,0.0,0.0,0.0,0.0,0.0,0.0,37.34689245506884,-8.918141402343117,False,True,False,True,True,0.0,0,0.8996770642201833,1.0129908256880737,False,False,False,False,-0.2667478042469307,-0.2725743600486129,False,False,False,False,-173258.0,-107292.49921972974,False,False,False,False,5546.7791438415825,False,False,False,False
2025-06-27 14:00:00+00:00,982.73,989.56,982.73,986.63,5153.0,,,,,,,,,,,,,,,,,,,,,992.8539819967751,,,1003.0556097527615,"rgba(239, 83, 80, 1.0)",0.0,0.0,9.799623088451387,1002.0215415984492,-1.5706258760694307,0.0,0.0,0.0,0.0,0.0,0.0,0.0,0.0,41.59874881843254,-14.97288041589993,False,True,False,True,True,0.0,0,0.9053823246036611,1.0019342500948882,False,False,False,False,-0.23770251644684642,-0.25513843824772964,False,False,False,False,-168105.0,-108235.32868919129,False,False,False,False,5540.674040836286,False,False,False,False
2025-06-27 15:00:00+00:00,986.87,989.25,986.03,989.135,2983.0,,,,,,,,,,,,,,,,,,,,,992.8473272297628,,,1002.9814549254088,"rgba(239, 83, 80, 1.0)",0.0,0.0,9.645912253293226,1001.9934349280271,-1.3330449822034307,0.0,0.0,0.0,0.0,0.0,0.0,0.0,0.0,46.34500242364087,-10.436385741266207,False,False,False,True,True,0.0,0,0.9123737392234275,1.0036623865575767,False,False,False,False,-0.22503881415807225,-0.24008862620290095,False,False,False,False,-165122.0,-109117.2925854829,False,False,False,False,5501.020179738049,False,False,False,False
2025-06-27 16:00:00+00:00,989.09,992.93,989.09,992.01,4825.0,,,,,,,,,,,,,,,,,,,,,992.8439019870686,,,1002.8886226966463,"rgba(239, 83, 80, 1.0)",0.0,0.0,9.411972715931554,1001.2756139412965,-0.9844497238727276,0.0,0.0,0.0,0.0,0.0,0.0,0.0,0.0,51.4114707459691,-5.739554440142264,False,False,True,False,True,0.0,0,0.9248308325978228,0.9904162989114449,False,False,False,False,-0.19674449282536113,-0.21841655951413103,False,False,False,False,-160297.0,-109910.77642136689,False,False,False,False,5490.539246718854,False,False,False,False
2025-06-27 17:00:00+00:00,992.085,992.62,988.66,989.97,6218.0,,,,,,,,,,,,,,,,,,,,,992.836799052757,,,1002.7617224854023,"rgba(239, 83, 80, 1.0)",0.0,0.0,9.304004469162567,1001.2245868496577,-1.2096497682218652,0.0,0.0,0.0,0.0,0.0,0.0,0.0,0.0,52.870791780509514,-4.37669219518218,False,False,True,False,True,0.0,0,0.9268966332129589,0.9898088043068881,False,False,False,False,-0.19983505532732632,-0.20912580742072867,False,False,False,False,-166515.0,-110788.36128305113,False,False,False,False,5501.817708010034,False,False,False,False
2025-06-27 18:00:00+00:00,989.88,990.13,987.17,988.21,3395.0,,,,,,,,,,,,,,,,,,,,,992.8298862050182,,,1002.6829487776168,"rgba(239, 83, 80, 1.0)",0.0,0.0,9.20582891286864,1001.1629158189213,-1.4070341673213864,0.0,0.0,0.0,0.0,0.0,0.0,0.0,0.0,52.29631146004751,-4.37669219518218,False,False,True,False,True,0.0,0,0.9257107668566,0.9911858974358977,False,False,False,False,-0.21652363990241877,-0.21282472366157373,False,False,False,False,-169910.0,-111704.97583680226,False,False,False,False,5469.15386757577,False,False,False,False
2025-06-27 19:00:00+00:00,988.05,988.095,983.595,985.29,6737.0,,,,,,,,,,,,,,,,,,,,,992.8072612330101,,,1002.4983465084472,"rgba(239, 83, 80, 1.0)",0.0,0.0,9.0703455077889,1000.9681082933514,-1.7285017731560848,0.0,0.0,0.0,0.0,0.0,0.0,0.0,0.0,49.62145905256923,-4.37669219518218,False,False,False,False,False,0.0,0,0.912192993484547,0.9969604413646216,False,False,False,False,-0.24025264383108955,-0.22653868374633163,False,False,False,False,-176647.0,-112711.82892460377,False,False,False,False,5488.810396760642,False,False,False,False
2025-06-30 14:00:00+00:00,989.65,989.68,983.95,984.03,10245.0,,,,,,,,,,,,,,,,,,,,,992.7742101604662,,,1002.2288471957417,"rgba(239, 83, 80, 1.0)",0.0,0.0,8.980939739450417,1000.7459330056963,-1.8612676947679045,0.0,0.0,0.0,0.0,0.0,0.0,0.0,0.0,46.9342031193878,-4.37669219518218,False,False,False,True,False,0.0,0,0.9147610525618082,0.9936221765611309,False,False,False,False,-0.23201811890113166,-0.22927840132373165,False,False,False,False,-186892.0,-113861.90909631534,False,False,False,False,5562.549770454275,False,False,False,False
2025-06-30 15:00:00+00:00,984.09,984.19,980.91,982.4,6141.0,,,,,,,,,,,,,,,,,,,,,992.744882577661,,,1002.0388400119399,"rgba(239, 83, 80, 1.0)",0.0,0.0,8.95807249165814,1000.5492038406234,-2.026016629975269,0.0,0.0,0.0,0.0,0.0,0.0,0.0,0.0,44.00872217269345,0.8323118988150711,False,True,False,True,False,0.0,0,0.9116227310580655,1.0015476339624592,False,False,False,False,-0.26847220470439115,-0.2488753030140614,False,False,False,False,-193033.0,-115089.36787001586,False,False,False,False,5571.517991067387,False,False,False,False
2025-06-30 16:00:00+00:00,982.4,984.31,982.4,982.97,2862.0,,,,,,,,,,,,,,,,,,,,,992.7322370621353,,,1001.9547793399375,"rgba(239, 83, 80, 1.0)",0.0,0.0,8.906666258869464,1000.4712654751299,-1.9649625310369914,0.0,0.0,0.0,0.0,0.0,0.0,0.0,0.0,42.70152137331604,-0.6421235504340785,False,True,False,True,False,0.0,0,0.9078231451600328,1.025606847200786,False,False,False,False,-0.2615408687824824,-0.25520808589827193,False,False,False,False,-190171.0,-116253.42418210863,False,False,False,False,5529.509960198125,False,False,False,False
2025-06-30 17:00:00+00:00,982.43,982.52,979.97,980.78,3315.0,,,,,,,,,,,,,,,,,,,,,992.7143489902951,,,1001.8473458680874,"rgba(239, 83, 80, 1.0)",0.0,0.0,8.798124982986645,1000.3594409998747,-2.2254106457610447,0.0,0.0,0.0,0.0,0.0,0.0,0.0,0.0,40.24225705074194,-3.228745819718668,False,True,False,True,False,0.0,0,0.8998062092149495,1.0300415265967968,False,False,False,False,-0.2797627994030196,-0.2674854426506458,False,False,False,False,-193486.0,-117450.828458355,False,False,False,False,5495.176472443114,False,False,False,False
2025-06-30 18:00:00+00:00,980.64,986.44,980.64,986.435,2369.0,,,,,,,,,,,,,,,,,,,,,992.7053448814149,,,1001.783765935342,"rgba(239, 83, 80, 1.0)",0.0,0.0,8.637608234288413,1000.3100261673942,-1.6063504839586316,0.0,0.0,0.0,0.0,0.0,0.0,0.0,0.0,44.13489820514445,-3.228745819718668,False,True,False,True,True,0.0,0,0.8897065223411745,1.0250274962217423,False,False,False,False,-0.25995144207220755,-0.26371844236142666,False,False,False,False,-191117.0,-118592.93964504717,False,False,False,False,5446.708620157175,False,False,False,False
2025-06-30 19:00:00+00:00,986.6,991.32,986.2,989.655,8571.0,,,,,,,,,,,,,,,,,,,,,992.6909298492454,,,1001.6171837546138,"rgba(239, 83, 80, 1.0)",0.0,0.0,8.510421519612276,1000.2608390498438,-1.2462178313262877,0.0,0.0,0.0,0.0,0.0,0.0,0.0,0.0,48.9925169255662,-7.835634421816124,False,False,False,False,True,0.0,0,0.8999801783944499,1.0162616451932607,False,False,False,False,-0.21559813000534706,-0.23965828618338686,False,False,False,False,-182546.0,-119584.45996062784,False,False,False,False,5495.14724620125,False,False,False,False
2025-07-01 14:00:00+00:00,986.95,992.395,983.7,990.87,9668.0,,,,,,,,,,,,,,,,,,,,,992.6744952909277,,,1001.4334203317792,"rgba(239, 83, 80, 1.0)",0.0,0.0,8.369034153216024,1000.1943651043418,-1.114150681385223,0.0,0.0,0.0,0.0,0.0,0.0,0.0,0.0,53.00913767251831,-4.1091875026904745,False,False,True,False,True,0.0,0,0.8930438438533725,1.0216641149919488,False,False,False,False,-0.22159943948622582,-0.23062886283480633,False,False,False,False,-172878.0,-120410.71639534677,False,False,False,False,5559.842637733012,False,False,False,False
2025-07-01 15:00:00+00:00,990.65,991.31,982.7,982.86,6225.0,,,,,,,,,,,,,,,,,,,,,992.654400863685,,,1001.2866689430891,"rgba(239, 83, 80, 1.0)",0.0,0.0,8.164049760721372,1000.0896470899258,-2.1104289653917334,0.0,0.0,0.0,0.0,0.0,0.0,0.0,0.0,49.675372415052394,-4.1091875026904745,False,False,False,False,False,0.0,0,0.8981504433978106,1.023421319878136,False,False,False,False,-0.23040881802992083,-0.2305188404323636,False,False,False,False,-179103.0,-121320.67428069022,False,False,False,False,5570.155154977462,False,False,False,False
2025-07-01 16:00:00+00:00,982.93,986.29,974.815,985.64,8217.0,,,,,,,,,,,,,,,,,,,,,992.6154026356188,,,1001.0562267256872,"rgba(239, 83, 80, 1.0)",0.0,0.0,7.940853624096026,998.6822068487961,-1.6424187456648693,0.0,0.0,0.0,0.0,0.0,0.0,0.0,0.0,49.417664658883254,-4.1091875026904745,False,False,False,False,False,0.0,0,0.8850103327299232,1.0395607388302393,True,False,False,False,-0.2857823525967267,-0.25815059651454514,False,False,False,False,-170886.0,-122089.1289430051,False,False,False,False,5611.1915091638575,False,False,False,False
2025-07-01 17:00:00+00:00,985.64,987.14,983.2,986.5,3653.0,,,,,,,,,,,,,,,,,,,,,992.6037560651254,,,1000.9735720516192,"rgba(239, 83, 80, 1.0)",0.0,0.0,7.856259343600734,998.6795634532409,-1.550300584611136,0.0,0.0,0.0,0.0,0.0,0.0,0.0,0.0,49.837631559141784,-4.1091875026904745,False,False,False,False,False,0.0,1,0.8983270328963243,1.0379071824981907,False,False,False,False,-0.24600171342056013,-0.25207615496755265,False,False,False,False,-167233.0,-122789.03392063291,False,False,False,False,5580.831950882248,False,False,False,False
2025-07-01 18:00:00+00:00,986.58,990.08,983.555,986.38,4034.0,,,,,,,,,,,,,,,,,,,,,992.5928800803539,,,1000.8895371839074,"rgba(239, 83, 80, 1.0)",0.0,0.0,7.766887183006701,998.6740092726548,-1.5828747068134355,0.0,0.0,0.0,0.0,0.0,0.0,0.0,0.0,50.02597867423404,-4.1091875026904745,False,False,False,False,False,0.0,1,0.8972603290176885,1.0340670733177424,False,False,False,False,-0.23199693623979992,-0.24203654560367627,False,False,False,False,-171267.0,-123540.63029395642,False,False,False,False,5556.850060170896,False,False,False,False
2025-07-01 19:00:00+00:00,985.34,987.07,983.83,985.95,9390.0,,,,,,,,,,,,,,,,,,,,,992.5632344370501,,,1000.6834664416464,"rgba(239, 83, 80, 1.0)",0.0,0.0,7.721373551549166,998.5659688164518,-1.6339021460657823,0.0,0.0,0.0,0.0,0.0,0.0,0.0,0.0,49.792021973027815,-4.1091875026904745,False,False,False,False,False,0.0,1,0.8949062221615851,1.035946165020104,False,False,False,False,-0.24361499957146698,-0.24282577258757163,False,False,False,False,-180657.0,-124426.15540567802,False,False,False,False,5616.278741408556,False,False,False,False
2025-07-02 14:00:00+00:00,983.48,985.44,978.44,980.305,7484.0,,,,,,,,,,,,,,,,,,,,,992.5255358234192,,,1000.4782481117282,"rgba(239, 83, 80, 1.0)",0.0,0.0,7.711093151728581,998.350023787907,-2.3401382181282533,0.0,0.0,0.0,0.0,0.0,0.0,0.0,0.0,45.68775420437166,1.4363902793344323,False,True,False,True,False,0.0,1,0.8835257921444839,1.0439285571582693,False,False,False,False,-0.2737413182275704,-0.25828354540757104,False,False,False,False,-188141.0,-125413.98245365199,False,False,False,False,5645.235660146408,False,False,False,False
2025-07-02 15:00:00+00:00,980.12,980.505,976.9,979.36,5926.0,,,,,,,,,,,,,,,,,,,,,992.4892721385413,,,1000.2981609306399,"rgba(239, 83, 80, 1.0)",0.0,0.0,7.729575246190932,998.1424447116244,-2.4299452574551537,0.0,0.0,0.0,0.0,0.0,0.0,0.0,0.0,42.4110067811155,-1.8491652385454955,False,True,False,True,False,0.0,1,0.8751479006107896,1.0561222858239268,False,False,False,False,-0.30196418734693325,-0.2801238663772522,False,False,False,False,-194067.0,-126478.37032258761,False,False,False,False,5649.588595648014,False,False,False,False
2025-07-02 16:00:00+00:00,979.33,982.48,978.63,981.95,4270.0,,,,,,,,,,,,,,,,,,,,,992.4672845201402,,,1000.1828080912683,"rgba(239, 83, 80, 1.0)",0.0,0.0,7.719210406922954,998.0333526490971,-2.0835489384604315,0.0,0.0,0.0,0.0,0.0,0.0,0.0,0.0,42.74324728418327,-1.8491652385454955,False,True,False,True,False,0.0,1,0.8892749613475466,1.058206526161608,False,False,False,False,-0.28576058529357123,-0.28294222583541173,False,False,False,False,-189797.0,-127460.05450363277,False,False,False,False,5628.1996251728515,False,False,False,False
2025-07-02 17:00:00+00:00,981.99,984.32,981.51,982.75,3408.0,,,,,,,,,,,,,,,,,,,,,992.4526070670922,,,1000.1004732633681,"rgba(239, 83, 80, 1.0)",0.0,0.0,7.639304438058412,997.9696875441126,-1.9922870815684912,0.0,0.0,0.0,0.0,0.0,0.0,0.0,0.0,43.70602031039485,-1.8491652385454955,False,True,False,True,False,0.0,1,0.8957165045369082,1.0381672525136927,False,False,False,False,-0.2653263400685835,-0.2741342829519976,False,False,False,False,-186389.0,-128373.68156559195,False,False,False,False,5593.777925557768,False,False,False,False
2025-07-02 18:00:00+00:00,982.55,983.3,981.08,981.29,2740.0,,,,,,,,,,,,,,,,,,,,,992.4396490354601,,,1000.0311496692207,"rgba(239, 83, 80, 1.0)",0.0,0.0,7.618020247776806,997.910736868184,-2.181765908673522,0.0,0.0,0.0,0.0,0.0,0.0,0.0,0.0,43.21231244623671,-1.8491652385454955,False,True,False,True,False,0.0,1,0.8881655009552549,1.0439827152192989,False,False,False,False,-0.27158006699010623,-0.2728571749710519,False,False,False,False,-189129.0,-129315.62448705564,False,False,False,False,5549.533306556873,False,False,False,False
2025-07-02 19:00:00+00:00,981.29,983.81,980.82,982.33,7935.0,,,,,,,,,,,,,,,,,,,,,992.4038237609702,,,999.8380234185332,"rgba(239, 83, 80, 1.0)",0.0,0.0,7.60221681929749,997.7555661665492,-2.0290879007019202,0.0,0.0,0.0,0.0,0.0,0.0,0.0,0.0,43.97030547709595,-1.8491652385454955,False,True,False,True,False,0.0,0,0.8846036873556418,1.0467618507467598,False,False,False,False,-0.2705003705276345,-0.27167877274934316,False,False,False,False,-181194.0,-130119.94038648113,False,False,False,False,5586.517286300177,False,False,False,False
2025-07-03 14:00:00+00:00,986.22,987.41,982.94,985.91,9703.0,,,,,,,,,,,,,,,,,,,,,992.3737214066532,,,999.6483061523572,"rgba(239, 83, 80, 1.0)",0.0,0.0,7.59814025669456,997.657018002609,-1.5460385838835993,0.0,0.0,0.0,0.0,0.0,0.0,0.0,0.0,47.73539335449075,-1.8491652385454955,False,False,False,False,True,0.0,1,0.8847366309394167,1.0396056628646761,False,False,False,False,-0.24595906950501203,-0.2588189211271776,False,False,False,False,-171491.0,-130761.3521634349,False,False,False,False,5650.338723721879,False,False,False,False
2025-07-03 15:00:00+00:00,985.75,986.78,982.99,985.3,7554.0,,,,,,,,,,,,,,,,,,,,,992.3491384845836,,,999.5000062576319,"rgba(239, 83, 80, 1.0)",0.0,0.0,7.594079493948065,997.5706743204743,-1.6158211578181605,0.0,0.0,0.0,0.0,0.0,0.0,0.0,0.0,49.63303032157934,-4.9674626020302455,False,False,False,False,True,0.0,1,0.8813973112245317,1.046295765301525,False,False,False,False,-0.2484338720929649,-0.25362639661007125,False,False,False,False,-179045.0,-131509.9358508235,False,False,False,False,5679.852852036269,False,False,False,False
2025-07-03 16:00:00+00:00,985.51,987.24,985.32,986.94,5780.0,,,,,,,,,,,,,,,,,,,,,992.334208613846,,,999.3999178962362,"rgba(239, 83, 80, 1.0)",0.0,0.0,7.595870764811481,997.5264389986241,-1.3937097307746034,0.0,0.0,0.0,0.0,0.0,0.0,0.0,0.0,52.316442623261935,-2.363626758088742,True,False,True,False,True,0.0,1,0.8854423338415262,1.0471630475091682,False,False,False,False,-0.23655595031843357,-0.2450911734642524,False,False,False,False,-173265.0,-132157.30118646965,False,False,False,False,5681.4055209969465,False,False,False,False
2025-07-03 17:00:00+00:00,986.94,986.94,986.94,986.94,0.0,,,,,,,,,,,,,,,,,,,,,992.334208613846,,,999.3999178962362,"rgba(239, 83, 80, 1.0)",0.0,0.0,7.586831135904283,997.5264389986241,-1.3953703211508584,0.0,0.0,0.0,0.0,0.0,0.0,0.0,0.0,54.105384157717,-0.6173055347794616,True,False,True,False,True,0.0,1,0.8871550714161078,1.0471537419714003,False,False,False,False,-0.23095923596312884,-0.23802520471369062,False,False,False,False,-173265.0,-132794.6298502453,False,False,False,False,5593.321714469862,False,False,False,False
2025-07-03 18:00:00+00:00,986.94,986.94,986.94,986.94,0.0,,,,,,,,,,,,,,,,,,,,,992.334208613846,,,999.3999178962362,"rgba(239, 83, 80, 1.0)",0.0,0.0,7.589017344313701,997.5264389986241,-1.3949683494341063,0.0,0.0,0.0,0.0,0.0,0.0,0.0,0.0,55.298011847353706,0.6176899744601343,True,False,True,False,True,0.0,0,0.8823652127473148,1.0476563999432564,False,False,False,False,-0.23095923596312884,-0.23449222033840972,False,False,False,False,-173265.0,-133422.0774494663,False,False,False,False,5506.60354835405,False,False,False,False
2025-07-03 19:00:00+00:00,986.94,986.94,986.94,986.94,0.0,,,,,,,,,,,,,,,,,,,,,992.334208613846,,,999.3999178962362,"rgba(239, 83, 80, 1.0)",0.0,0.0,7.590979229170604,997.5264389986241,-1.394607820548703,0.0,0.0,0.0,0.0,0.0,0.0,0.0,0.0,56.09309697377817,1.5475948677037437,True,False,True,False,True,0.0,0,0.8809049349431483,1.0479511696836747,False,False,False,False,-0.22884008780306922,-0.23166615407073948,False,False,False,False,-173265.0,-134039.79717893194,False,False,False,False,5421.229849929956,False,False,False,False
2025-07-04 14:00:00+00:00,986.94,986.94,986.94,986.94,0.0,,,,,,,,,,,,,,,,,,,,,992.334208613846,,,999.3999178962362,"rgba(239, 83, 80, 1.0)",0.0,0.0,7.568834708651563,997.5264389986241,-1.398688094816399,0.0,0.0,0.0,0.0,0.0,0.0,0.0,0.0,56.623153724727814,2.2927506785656533,True,False,True,False,True,0.0,0,0.8850232165470662,1.048146897425074,False,False,False,False,-0.22533995600042467,-0.22850305503558208,False,False,False,False,-173265.0,-134647.93985832835,False,False,False,False,5337.179774737243,False,False,False,False
2025-07-04 15:00:00+00:00,986.94,986.94,986.94,986.94,0.0,,,,,,,,,,,,,,,,,,,,,992.334208613846,,,999.3999178962362,"rgba(239, 83, 80, 1.0)",0.0,0.0,7.5297757662583615,997.5264389986241,-1.4059434606356973,0.0,0.0,0.0,0.0,0.0,0.0,0.0,0.0,56.976524892027584,2.9216642493257865,True,False,True,False,True,0.0,0,0.8869619812833544,1.0425069784410714,False,False,False,False,-0.1608753067684574,-0.19468918090201975,False,False,False,False,-173265.0,-135246.65396905196,False,False,False,False,5254.432801485503,False,False,False,False
2025-07-04 16:00:00+00:00,986.94,986.94,986.94,986.94,0.0,,,,,,,,,,,,,,,,,,,,,992.334208613846,,,999.3999178962362,"rgba(239, 83, 80, 1.0)",0.0,0.0,7.47538593116511,997.5264389986241,-1.4161729034602621,0.0,0.0,0.0,0.0,0.0,0.0,0.0,0.0,57.21210567022743,3.4722285136283517,True,False,True,False,True,0.0,0,0.9046310725964096,1.041410310689932,False,False,False,False,-0.158817753670334,-0.17675346728617686,False,False,False,False,-173265.0,-135836.085690462,False,False,False,False,5172.968727043867,False,False,False,False
2025-07-04 17:00:00+00:00,986.94,986.94,986.94,986.94,0.0,,,,,,,,,,,,,,,,,,,,,992.334208613846,,,999.3999178962362,"rgba(239, 83, 80, 1.0)",0.0,0.0,7.432732050785902,997.5264389986241,-1.424299830303277,0.0,0.0,0.0,0.0,0.0,0.0,0.0,0.0,57.36915952236066,3.964761497917955,True,False,True,False,True,0.0,0,0.9003019213174751,1.0371088746569075,False,False,False,False,-0.13768916609126255,-0.1572213166887197,False,False,False,False,-173265.0,-136416.37893557112,False,False,False,False,5092.767661508303,False,False,False,False
2025-07-04 18:00:00+00:00,986.94,986.94,986.94,986.94,0.0,,,,,,,,,,,,,,,,,,,,,992.334208613846,,,999.3999178962362,"rgba(239, 83, 80, 1.0)",0.0,0.0,7.402282042213305,997.5264389986241,-1.4301588264608613,0.0,0.0,0.0,0.0,0.0,0.0,0.0,0.0,57.47386209044947,4.409876374755676,True,False,True,False,True,0.0,0,0.9080490602338318,1.0238363918898923,False,False,False,False,-0.13768916609126255,-0.1474552413899911,False,False,False,False,-173265.0,-136987.6753861824,False,False,False,False,5013.810023345383,False,False,False,False
2025-07-04 19:00:00+00:00,986.94,986.94,986.94,986.94,0.0,,,,,,,,,,,,,,,,,,,,,992.334208613846,,,999.3999178962362,"rgba(239, 83, 80, 1.0)",0.0,0.0,7.359992161793561,997.5264389986241,-1.438376395776524,0.0,0.0,0.0,0.0,0.0,0.0,0.0,0.0,57.54366380250869,4.8131212218360275,True,False,True,False,True,0.0,0,0.9106945872674583,1.020033654295597,False,False,False,False,-0.13768916609126255,-0.14257220374062685,False,False,False,False,-173265.0,-137550.1145274819,False,False,False,False,4936.076534611347,False,False,False,False
2025-07-07 14:00:00+00:00,980.37,982.3,976.29,980.88,6264.0,,,,,,,,,,,,,,,,,,,,,992.2996961432334,,,999.2379263986,"rgba(239, 83, 80, 1.0)",0.0,0.0,7.360813756793687,996.0474198708486,-2.0605629176325433,0.0,0.0,0.0,0.0,0.0,0.0,0.0,0.0,47.53469585864431,0.9435099240629796,False,False,False,True,False,0.0,0,0.9115868924206741,1.0105242660831186,False,False,False,False,-0.257474939855115,-0.20002357179787092,False,False,False,False,-179529.0,-138200.94996116436,False,False,False,False,4956.664495315046,False,False,False,False
2025-07-07 15:00:00+00:00,980.57,984.93,980.145,983.49,5445.0,,,,,,,,,,,,,,,,,,,,,992.2771027051068,,,999.1209279039653,"rgba(239, 83, 80, 1.0)",0.0,0.0,7.3000995457883535,996.0333181253396,-1.7182393262810014,0.0,0.0,0.0,0.0,0.0,0.0,0.0,0.0,45.74659951411799,-0.36803559839000854,False,True,False,True,False,0.0,0,0.9153771939589599,1.0076069612972653,False,False,False,False,-0.2059759899484338,-0.20299978087315235,False,False,False,False,-174084.0,-138757.2763183556,False,False,False,False,4964.235588410937,False,False,False,False
2025-07-07 16:00:00+00:00,983.49,988.4,983.49,988.11,6356.0,,,,,,,,,,,,,,,,,,,,,992.2614796518761,,,999.0179634418225,"rgba(38, 166, 154, 1.0)",0.0,0.0,7.170395421142143,996.0880863531095,-1.1126424533835073,0.0,0.0,0.0,0.0,0.0,0.0,0.0,0.0,50.08753320867729,-4.381502978897885,True,False,False,False,True,0.0,0,0.9160614681990046,1.0157133231011117,False,False,False,False,-0.14283488884018386,-0.1729173348566681,False,False,False,False,-167728.0,-139206.4348250478,False,False,False,False,4985.813331226272,False,False,False,False
2025-07-07 17:00:00+00:00,988.11,992.68,988.11,989.95,4547.0,,,,,,,,,,,,,,,,,,,,,992.2574739298558,,,998.9663915299993,"rgba(38, 166, 154, 1.0)",0.0,0.0,7.042705876515328,996.1663933399504,-0.8826711563633011,0.0,0.0,0.0,0.0,0.0,0.0,0.0,0.0,54.54757705134733,-0.5622517050450853,True,False,True,False,True,0.0,0,0.9290159908516584,1.0034587481019066,False,False,False,False,-0.06159341617879196,-0.11725537551773003,False,False,False,False,-163181.0,-139578.13350993078,False,False,False,False,4979.010023765399,False,False,False,False
2025-07-07 18:00:00+00:00,990.17,991.56,984.27,991.465,5127.0,,,,,,,,,,,,,,,,,,,,,992.2504078116136,,,998.901401042978,"rgba(38, 166, 154, 1.0)",0.0,0.0,6.91829224813977,996.2007794235567,-0.684530120107321,0.0,0.0,0.0,0.0,0.0,0.0,0.0,0.0,58.68357154742811,2.9544292476402845,True,False,True,False,True,1.0099377604321518,0,0.9288828845616326,0.9964502003167801,False,False,False,False,-0.1027626320285024,-0.11000900377311622,False,False,False,False,-158054.0,-139864.58105241248,False,False,False,False,4981.304442001594,False,False,False,False
2025-07-07 19:00:00+00:00,991.37,991.82,989.18,991.82,7817.0,,,,,,,,,,,,,,,,,,,,,992.2459541555818,,,998.8222520845708,"rgba(38, 166, 154, 1.0)",0.0,0.0,6.786999912395073,996.2781231178596,-0.6568621151324529,0.0,0.0,0.0,0.0,0.0,0.0,0.0,0.0,61.711319628318265,5.512207544659873,True,False,True,False,True,1.2497917679148713,0,0.9392057235723762,0.9944240001494403,False,False,False,False,-0.05985593103127218,-0.0849324674021942,False,False,False,False,-150237.0,-140025.3937492743,False,True,False,False,5025.268714218623,False,True,False,False
2025-07-08 14:00:00+00:00,991.18,995.42,985.61,988.61,7099.0,,,,,,,,,,,,,,,,,,,,,992.2386740915404,,,998.7422398742783,"rgba(38, 166, 154, 1.0)",0.0,0.0,6.623969868580282,995.4004324817985,-1.0251303397389786,0.0,0.0,0.0,0.0,0.0,0.0,0.0,0.0,59.21578833316957,5.512207544659873,True,False,True,False,True,0.0,0,0.9283258470581713,0.9945655187711417,False,False,False,False,-0.05960774857472467,-0.07227010798845944,False,False,False,False,-157336.0,-140293.77524153364,False,False,False,False,5057.4195868663965,False,False,False,False
2025-07-08 15:00:00+00:00,988.74,992.42,987.29,990.545,3562.0,,,,,,,,,,,,,,,,,,,,,992.2353541105504,,,998.7035461875257,"rgba(38, 166, 154, 1.0)",0.0,0.0,6.460415013308629,995.4153094729245,-0.7538694438192536,0.0,0.0,0.0,0.0,0.0,0.0,0.0,0.0,59.37311253288122,5.512207544659873,True,False,True,False,True,0.3685579672128405,0,0.9304131060682715,0.9999816029361712,False,False,False,False,-0.058316541920726384,-0.06529332495459292,False,False,False,False,-153774.0,-140502.77097422304,False,False,False,False,5034.234787070019,False,False,False,False
2025-07-08 16:00:00+00:00,990.65,991.015,988.5,989.6,2420.0,,,,,,,,,,,,,,,,,,,,,992.2327068068773,,,998.6763042685069,"rgba(38, 166, 154, 1.0)",0.0,0.0,6.279576642644782,995.4167446675972,-0.926295672242534,0.0,0.0,0.0,0.0,0.0,0.0,0.0,0.0,58.25369384468312,5.512207544659873,True,False,True,False,False,0.0,0,0.9443527204502816,1.0008911819887427,False,False,False,False,-0.06000523186792779,-0.06264927841126036,False,False,False,False,-156194.0,-140746.04584283973,False,False,False,False,4993.70401517746,False,False,False,False
2025-07-08 17:00:00+00:00,989.91,990.83,986.15,988.35,2481.0,,,,,,,,,,,,,,,,,,,,,992.228646716529,,,998.6446426826963,"rgba(38, 166, 154, 1.0)",0.0,0.0,6.254791748720241,995.3987951412598,-1.126943218005942,0.0,0.0,0.0,0.0,0.0,0.0,0.0,0.0,55.941077393900656,5.512207544659873,True,False,True,False,False,0.0,0,0.9315974121508197,1.013401361827338,False,False,False,False,-0.08199287272960457,-0.07232107557043246,False,False,False,False,-158675.0,-141024.01412434608,False,False,False,False,4954.747363779359,False,False,False,False
2025-07-08 18:00:00+00:00,988.38,988.38,983.84,984.87,1976.0,,,,,,,,,,,,,,,,,,,,,992.2230773876482,,,998.6128136034399,"rgba(38, 166, 154, 1.0)",0.0,0.0,6.177854464441733,995.3553361514038,-1.6972455747792188,0.0,0.0,0.0,0.0,0.0,0.0,0.0,0.0,50.84022155806585,7.15720785751715,False,False,False,False,False,0.0,1,0.9170124481327804,1.0183436285462155,False,False,False,False,-0.10957758369895548,-0.09094932963469397,False,False,False,False,-160651.0,-141328.30847900736,False,False,False,False,4908.565234108361,False,False,False,False
2025-07-08 19:00:00+00:00,984.72,987.67,984.395,985.785,8218.0,,,,,,,,,,,,,,,,,,,,,992.2009117322012,,,998.4846649299078,"rgba(38, 166, 154, 1.0)",0.0,0.0,6.089984245311873,995.2242746618216,-1.5499670083856243,0.0,0.0,0.0,0.0,0.0,0.0,0.0,0.0,48.586880018929165,4.9909827524861825,False,True,False,True,False,0.0,1,0.9242035402389615,1.0170149562405406,False,False,False,False,-0.09833311426274494,-0.09464122194871946,False,False,False,False,-152433.0,-141500.47423902276,False,False,False,False,4959.874300246216,False,False,False,False
2025-07-09 14:00:00+00:00,979.475,980.44,975.0,977.67,5479.0,,,,,,,,,,,,,,,,,,,,,992.1668388664259,,,998.3453902924427,"rgba(239, 83, 80, 1.0)",0.0,0.0,6.091760135592035,994.9630736579229,-2.838764703962248,0.0,0.0,0.0,0.0,0.0,0.0,0.0,0.0,41.69984227113942,-1.4077608120392142,False,True,False,True,False,0.0,0,0.9157561817136285,1.0162959802630358,False,False,False,False,-0.2648822585066168,-0.1797617402276681,False,False,False,False,-157912.0,-141754.91649888287,False,False,False,False,4967.922760707515,False,False,False,False
2025-07-09 15:00:00+00:00,977.53,978.51,976.27,976.3,5590.0,,,,,,,,,,,,,,,,,,,,,992.1306217067294,,,998.2006095136625,"rgba(239, 83, 80, 1.0)",0.0,0.0,6.100233810320657,994.719671839978,-3.019502598214315,0.0,0.0,0.0,0.0,0.0,0.0,0.0,0.0,36.50273350500348,-6.0483463009452265,False,True,False,True,False,0.0,0,0.9186452968410092,1.019048770057453,False,False,False,False,-0.26773430282320404,-0.22374802152543607,False,False,False,False,-163502.0,-142092.0805841715,False,False,False,False,4977.567369068639,False,False,False,False
2025-07-09 16:00:00+00:00,976.3,977.09,975.57,976.84,4969.0,,,,,,,,,,,,,,,,,,,,,992.0974555979967,,,998.0703933302501,"rgba(239, 83, 80, 1.0)",0.0,0.0,6.16628294301941,994.5170549943044,-2.866727841983938,0.0,0.0,0.0,0.0,0.0,0.0,0.0,0.0,33.72879704257308,-8.486671027467487,False,True,False,True,False,0.0,0,0.9237123238975471,1.015987202754027,False,False,False,False,-0.29164436182896286,-0.2576961916771995,False,False,False,False,-158533.0,-142346.9785596107,False,False,False,False,4977.434541641218,False,False,False,False
2025-07-09 17:00:00+00:00,976.54,976.86,972.73,972.73,4758.0,,,,,,,,,,,,,,,,,,,,,992.060976639735,,,997.9334898110295,"rgba(239, 83, 80, 1.0)",0.0,0.0,6.351897076347157,994.2995397095204,-3.3957634152857867,0.0,0.0,0.0,0.0,0.0,0.0,0.0,0.0,30.060469380498134,-11.884755689552101,False,True,False,True,False,0.0,0,0.924391297813181,1.0158657097768093,False,False,False,False,-0.32686114666406707,-0.2922786691706333,False,False,False,False,-163291.0,-142671.6920703144,False,False,False,False,4974.032455724299,False,False,False,False
2025-07-09 18:00:00+00:00,972.7,976.3,972.47,975.75,3944.0,,,,,,,,,,,,,,,,,,,,,992.0320809453733,,,997.8246443030046,"rgba(239, 83, 80, 1.0)",0.0,0.0,6.471989287179995,994.1410539267574,-2.841638499493076,0.0,0.0,0.0,0.0,0.0,0.0,0.0,0.0,31.169292718814035,-11.884755689552101,False,True,False,True,False,0.0,0,0.9174889657305108,1.0163616429113607,False,False,False,False,-0.33639828093606766,-0.31433847505335044,False,False,False,False,-159347.0,-142930.22397620097,False,False,False,False,4958.062960286713,False,False,False,False
2025-07-09 19:00:00+00:00,975.745,982.71,975.18,981.97,10367.0,,,,,,,,,,,,,,,,,,,,,991.979041106528,,,997.6059456444074,"rgba(239, 83, 80, 1.0)",0.0,0.0,6.4686075140798724,993.9233961255261,-1.8479087036132198,0.0,0.0,0.0,0.0,0.0,0.0,0.0,0.0,37.28785979485862,-11.884755689552101,False,True,False,True,True,0.0,0,0.9198694773532082,1.0063129206296233,False,False,False,False,-0.23318428234393665,-0.27376137869864353,False,False,False,False,-148980.0,-143024.0189533141,False,False,False,False,5041.922449274516,False,False,False,False
2025-07-10 14:00:00+00:00,973.51,980.23,970.22,979.12,6193.0,,,,,,,,,,,,,,,,,,,,,991.9386040600738,,,997.452943041671,"rgba(239, 83, 80, 1.0)",0.0,0.0,6.413024213864096,993.7396056140493,-2.2796741640930787,0.0,0.0,0.0,0.0,0.0,0.0,0.0,0.0,39.534188749790346,-18.812855179829576,False,True,False,True,True,0.0,0,0.9126892902754971,1.0062306148513045,False,False,False,False,-0.316920080411089,-0.29534072955486623,False,False,False,False,-155173.0,-143212.37524861156,False,False,False,False,5059.768612851656,False,False,False,False
2025-07-10 15:00:00+00:00,978.81,978.99,973.83,977.94,4915.0,,,,,,,,,,,,,,,,,,,,,991.9074839086751,,,997.3353575259674,"rgba(239, 83, 80, 1.0)",0.0,0.0,6.337630335567876,993.60648692429,-2.471978656812303,0.0,0.0,0.0,0.0,0.0,0.0,0.0,0.0,40.31016621083146,-17.821533431650067,False,True,False,True,True,0.0,0,0.9148535564853554,1.0141076951064214,False,False,False,False,-0.2839264344042279,-0.28963358197954703,False,False,False,False,-160088.0,-143474.01284165634,False,False,False,False,5057.524138233801,False,False,False,False
2025-07-10 16:00:00+00:00,977.12,977.12,972.0,975.83,5402.0,,,,,,,,,,,,,,,,,,,,,991.8690280843707,,,997.1955515886159,"rgba(239, 83, 80, 1.0)",0.0,0.0,6.088084306459858,993.4375838943663,-2.8921386446116477,0.0,0.0,0.0,0.0,0.0,0.0,0.0,0.0,39.57152322480332,-17.821533431650067,False,True,False,True,True,0.0,0,0.9226765459202341,1.0155415294548114,False,False,False,False,-0.3311341481999569,-0.31038386508975196,False,False,False,False,-165490.0,-143815.34597589422,False,False,False,False,5062.864849268935,False,False,False,False
2025-07-10 17:00:00+00:00,975.83,976.92,971.25,976.39,5051.0,,,,,,,,,,,,,,,,,,,,,991.8329531130966,,,997.0656467468694,"rgba(239, 83, 80, 1.0)",0.0,0.0,6.1362555709873225,993.2845135907788,-2.7532284787252626,0.0,0.0,0.0,0.0,0.0,0.0,0.0,0.0,39.619135883130284,-17.56929859010065,False,True,False,True,True,0.0,0,0.9198913102746322,1.0144222904814697,False,False,False,False,-0.34282825441539394,-0.32660605975257295,False,False,False,False,-160439.0,-144073.0770460354,False,False,False,False,5062.680898117479,False,False,False,False
2025-07-10 18:00:00+00:00,976.01,978.91,975.65,978.65,5411.0,,,,,,,,,,,,,,,,,,,,,991.8010100958494,,,996.9459970946286,"rgba(239, 83, 80, 1.0)",0.0,0.0,5.998842080464121,993.1670010411208,-2.419967194735296,0.0,0.0,0.0,0.0,0.0,0.0,0.0,0.0,41.78501531677934,-14.9778833923205,False,True,False,True,True,0.0,0,0.9265316151578027,1.0156255687816242,False,False,False,False,-0.26160456678262506,-0.29410531326759903,False,False,False,False,-155028.0,-144242.92081276354,False,False,False,False,5068.081194270696,False,False,False,False
2025-07-10 19:00:00+00:00,978.65,978.7,969.16,970.4,13383.0,,,,,,,,,,,,,,,,,,,,,991.6948498511944,,,996.5811898763322,"rgba(239, 83, 80, 1.0)",0.0,0.0,6.026459489785292,992.7309376850175,-3.705482086599587,0.0,0.0,0.0,0.0,0.0,0.0,0.0,0.0,38.560533962788924,-14.9778833923205,False,True,False,True,False,0.0,0,0.9170582833684435,1.0135850483444064,False,False,False,False,-0.34282825441539394,-0.3184667838414965,False,False,False,False,-168411.0,-144617.61971489122,False,False,False,False,5196.9946641269635,False,False,False,False
2025-07-11 14:00:00+00:00,971.67,971.85,967.905,970.47,10208.0,,,,,,,,,,,,,,,,,,,,,991.603329555503,,,996.2797868913698,"rgba(239, 83, 80, 1.0)",0.0,0.0,5.9228829935257545,992.3603789565456,-3.6958992741328323,0.0,0.0,0.0,0.0,0.0,0.0,0.0,0.0,36.47628977418995,-14.9778833923205,False,True,False,True,False,0.0,0,0.9250869977855107,1.0205269580150944,False,False,False,False,-0.34282825441539394,-0.33064751912844526,False,False,False,False,-158203.0,-144828.2457658231,False,False,False,False,5274.684669334298,False,False,False,False
2025-07-11 15:00:00+00:00,970.19,970.73,966.83,967.225,8962.0,,,,,,,,,,,,,,,,,,,,,991.5169024900442,,,996.0028445120171,"rgba(239, 83, 80, 1.0)",0.0,0.0,5.9352429635254325,992.0180833503507,-4.177265109906136,0.0,0.0,0.0,0.0,0.0,0.0,0.0,0.0,33.67605458495146,-10.07407413045241,False,True,False,True,False,0.0,0,0.9222646413776298,1.0184026931651005,False,False,False,False,-0.34282825441539394,-0.3367378867719196,False,False,False,False,-167165.0,-145174.55203301963,False,False,False,False,5331.852348879503,False,False,False,False
2025-07-11 16:00:00+00:00,967.27,968.94,965.84,968.94,5039.0,,,,,,,,,,,,,,,,,,,,,991.4678507400864,,,995.8475592926925,"rgba(239, 83, 80, 1.0)",0.0,0.0,5.861027663329431,989.955469841718,-3.5856288434202432,0.0,0.0,0.0,0.0,0.0,0.0,0.0,0.0,33.54161655374141,-10.50796162386797,False,True,False,True,False,0.0,0,0.91732834275124,1.0310245834620344,False,False,False,False,-0.34282825441539394,-0.33978307059365676,False,False,False,False,-162126.0,-145437.3651797945,False,False,False,False,5327.312002385246,False,False,False,False
2025-07-11 17:00:00+00:00,969.04,970.26,967.84,968.27,3001.0,,,,,,,,,,,,,,,,,,,,,991.4398260583583,,,995.7587893448751,"rgba(239, 83, 80, 1.0)",0.0,0.0,5.972668042054871,989.8714924463997,-3.616724099564685,0.0,0.0,0.0,0.0,0.0,0.0,0.0,0.0,33.11060801664928,-11.325533835958048,False,True,False,True,False,0.0,0,0.9137505801836564,1.029687201376059,False,False,False,False,-0.30819862922110114,-0.3239908499073789,False,False,False,False,-165127.0,-145742.6308359217,False,False,False,False,5291.245149635087,False,False,False,False
2025-07-11 18:00:00+00:00,968.51,968.56,966.36,967.195,3133.0,,,,,,,,,,,,,,,,,,,,,991.4088150320042,,,995.6618928282713,"rgba(239, 83, 80, 1.0)",0.0,0.0,6.148847913040382,989.7469953877695,-3.6676781905666496,0.0,0.0,0.0,0.0,0.0,0.0,0.0,0.0,32.25746289981767,-12.563319519000892,False,True,False,True,False,0.0,0,0.9102308609283574,1.0313122764871283,False,False,False,False,-0.3413524033688836,-0.33267162663813127,False,False,False,False,-168260.0,-146091.73733458956,False,False,False,False,5257.783984524465,False,False,False,False
2025-07-11 19:00:00+00:00,967.32,970.78,967.23,970.155,7072.0,,,,,,,,,,,,,,,,,,,,,991.344956245493,,,995.4610047434427,"rgba(239, 83, 80, 1.0)",0.0,0.0,6.284205252671284,989.5565255551835,-3.0873475284621463,0.0,0.0,0.0,0.0,0.0,0.0,0.0,0.0,34.93403905119648,-12.563319519000892,False,True,False,True,True,0.0,0,0.9127027321214759,1.0259061717644495,False,False,False,False,-0.3091276607285382,-0.32089964368333473,False,False,False,False,-161188.0,-146325.7879185494,False,False,False,False,5285.9113646093565,False,False,False,False
2025-07-14 14:00:00+00:00,978.075,978.33,970.64,973.79,18231.0,,,,,,,,,,,,,,,,,,,,,991.2181295337915,,,995.0510655101255,"rgba(239, 83, 80, 1.0)",0.0,0.0,6.300771165446595,989.3428494377174,-2.46840410948571,0.0,0.0,0.0,0.0,0.0,0.0,0.0,0.0,39.94796215078499,-15.228389356332741,False,True,False,True,True,0.0,0,0.9165799203130046,1.0143400696363831,False,False,False,False,-0.19923211480938058,-0.26006587924635766,False,False,False,False,-142957.0,-146273.5586484944,False,False,False,False,5486.6104132200635,False,False,False,False
2025-07-14 15:00:00+00:00,974.03,975.585,972.59,972.59,7749.0,,,,,,,,,,,,,,,,,,,,,991.1626998655105,,,994.8761641932361,"rgba(239, 83, 80, 1.0)",0.0,0.0,6.383575587343153,989.2082523568628,-2.6032827730296,0.0,0.0,0.0,0.0,0.0,0.0,0.0,0.0,42.3437952086271,-12.98208712889948,False,True,False,True,True,0.0,0,0.9187060276768291,1.0197998532018113,False,False,False,False,-0.20456906632173205,-0.23231747278404485,False,False,False,False,-150706.0,-146342.27866944796,False,False,False,False,5521.686220767039,False,False,False,False
2025-07-14 16:00:00+00:00,972.59,974.24,971.48,973.62,5672.0,,,,,,,,,,,,,,,,,,,,,991.1212570558349,,,994.7471221531335,"rgba(239, 83, 80, 1.0)",0.0,0.0,6.4463043047341175,989.1011131741516,-2.4015486148834704,0.0,0.0,0.0,0.0,0.0,0.0,0.0,0.0,44.85778620714508,-10.602159668193899,False,False,False,True,True,0.0,0,0.9293225461982588,1.0214837740493383,False,False,False,False,-0.22919616785524216,-0.2307568203196435,False,False,False,False,-145034.0,-146321.99527922395,False,False,False,False,5524.016666956697,False,False,False,False
2025-07-14 17:00:00+00:00,973.6,977.48,973.6,977.39,4175.0,,,,,,,,,,,,,,,,,,,,,991.0960083603057,,,994.6663364031479,"rgba(239, 83, 80, 1.0)",0.0,0.0,6.4675525363815405,989.0576041309812,-1.8040215468445167,0.0,0.0,0.0,0.0,0.0,0.0,0.0,0.0,49.481006229772305,-6.308664477015775,True,False,False,False,True,0.0,0,0.9331611644874666,1.0089575958968429,False,False,False,False,-0.17573835464423657,-0.20324758748194005,False,False,False,False,-140859.0,-146237.29767799567,False,False,False,False,5503.1016798720975,False,False,False,False
2025-07-14 18:00:00+00:00,977.33,977.67,974.37,977.3,6526.0,,,,,,,,,,,,,,,,,,,,,991.0574748175837,,,994.5434126503317,"rgba(239, 83, 80, 1.0)",0.0,0.0,6.487598774963615,988.9914468943587,-1.8021223722214965,0.0,0.0,0.0,0.0,0.0,0.0,0.0,0.0,52.470833254196876,-3.5972572188895597,True,False,True,False,True,0.0,0,0.9380518164712692,1.0079606310609348,False,False,False,False,-0.1662762941398453,-0.18476194081089267,False,False,False,False,-147385.0,-146255.09151244533,False,False,False,False,5518.960568556251,False,False,False,False
2025-07-14 19:00:00+00:00,977.36,981.38,977.12,981.33,11616.0,,,,,,,,,,,,,,,,,,,,,991.0056810303088,,,994.3701616669819,"rgba(239, 83, 80, 1.0)",0.0,0.0,6.479459508521295,987.7638146606674,-0.9929554544180929,0.0,0.0,0.0,0.0,0.0,0.0,0.0,0.0,57.12272297623989,0.6539784994416635,True,False,True,False,True,0.0,0,0.9473075741975105,0.9957007893928718,False,False,False,False,-0.10328125354856688,-0.1440215971797298,False,False,False,False,-135769.0,-146092.51645023687,False,False,False,False,5613.48831167941,False,False,False,False
2025-07-15 14:00:00+00:00,974.685,974.685,968.6,969.5,5055.0,,,,,,,,,,,,,,,,,,,,,990.9650467295897,,,994.2497303013367,"rgba(239, 83, 80, 1.0)",0.0,0.0,6.644414281499071,987.5087099985037,-2.7103532735229607,0.0,0.0,0.0,0.0,0.0,0.0,0.0,0.0,51.63316138076536,0.6539784994416635,True,False,False,False,False,0.0,0,0.9316924335960433,0.9957302211389631,False,False,False,False,-0.2538955451113889,-0.19895857114555934,False,False,False,False,-140824.0,-146010.83402465182,False,False,False,False,5604.829578165,False,False,False,False
2025-07-15 15:00:00+00:00,969.5,970.24,966.9,969.33,6021.0,,,,,,,,,,,,,,,,,,,,,990.9117991991022,,,994.0950870480046,"rgba(239, 83, 80, 1.0)",0.0,0.0,6.807171617674795,987.2321687042611,-2.629898246986771,0.0,0.0,0.0,0.0,0.0,0.0,0.0,0.0,47.88898449551924,5.3479967903318695,True,False,False,True,False,0.0,0,0.9288319710322425,0.9997515020811697,False,False,False,False,-0.3176786521676078,-0.2583186116565836,False,False,False,False,-146845.0,-146023.76683047117,False,False,False,False,5611.281832767093,False,False,False,False
2025-07-15 16:00:00+00:00,969.49,971.06,967.95,969.66,5825.0,,,,,,,,,,,,,,,,,,,,,990.8622303794019,,,993.9515473082173,"rgba(239, 83, 80, 1.0)",0.0,0.0,6.950786061584612,987.031709146657,-2.499243825481333,0.0,0.0,0.0,0.0,0.0,0.0,0.0,0.0,45.65966407942722,3.3271793641610756,False,False,False,True,False,0.0,0,0.9263711427465174,1.0113905471964846,False,False,False,False,-0.2980247137395729,-0.27817166269807825,False,False,False,False,-141020.0,-145946.1890501538,False,False,False,False,5614.595292724192,False,False,False,False
2025-07-15 17:00:00+00:00,969.66,971.7,969.025,970.85,4448.0,,,,,,,,,,,,,,,,,,,,,990.8262473372049,,,993.8473714447011,"rgba(239, 83, 80, 1.0)",0.0,0.0,7.0405055760088,986.9105552680169,-2.2811650519452384,0.0,0.0,0.0,0.0,0.0,0.0,0.0,0.0,45.186093930097435,2.7277075319244943,False,False,False,True,False,0.0,0,0.9345079967470858,0.9993584530586423,False,False,False,False,-0.28019472317204713,-0.27918319293506266,False,False,False,False,-136572.0,-145800.85278581033,False,False,False,False,5596.508543999786,False,False,False,False
2025-07-15 18:00:00+00:00,970.9,970.94,967.24,967.39,3710.0,,,,,,,,,,,,,,,,,,,,,990.793382130397,,,993.753789287159,"rgba(239, 83, 80, 1.0)",0.0,0.0,7.17161963123956,986.7895123457129,-2.7050392161358703,0.0,0.0,0.0,0.0,0.0,0.0,0.0,0.0,42.73852209744784,0.14265126140643503,False,False,False,True,False,0.0,0,0.9348288863632263,0.9939293896916883,False,False,False,False,-0.30671970516348446,-0.29295144904927356,False,False,False,False,-140282.0,-145715.289176728,False,False,False,False,5567.260349519168,False,False,False,False
2025-07-15 19:00:00+00:00,967.425,969.17,967.28,968.005,7325.0,,,,,,,,,,,,,,,,,,,,,990.7276986599724,,,993.5683453610069,"rgba(239, 83, 80, 1.0)",0.0,0.0,7.22213254486106,986.5594369465052,-2.56910778516627,0.0,0.0,0.0,0.0,0.0,0.0,0.0,0.0,41.688931768059724,-1.186135241837036,False,True,False,True,False,0.0,0,0.9385947452229297,0.9947072235089748,False,False,False,False,-0.32499030302377013,-0.30897087603652185,False,False,False,False,-132957.0,-145517.48624375547,False,False,False,False,5594.512127046002,False,False,False,False
2025-07-16 14:00:00+00:00,960.685,960.685,953.58,958.91,7217.0,,,,,,,,,,,,,,,,,,,,,990.6336384911916,,,993.3143616207956,"rgba(239, 83, 80, 1.0)",0.0,0.0,7.58059876940792,986.1278663091523,-3.5904639115042056,0.0,0.0,0.0,0.0,0.0,0.0,0.0,0.0,36.785525333157615,-6.06288390412049,False,True,False,True,False,0.0,0,0.9270214346349744,0.9925809988681378,False,False,False,False,-0.34282825441539394,-0.32589956522595787,False,False,False,False,-140174.0,-145434.64149579027,False,False,False,False,5619.666977789474,False,False,False,False
2025-07-16 15:00:00+00:00,958.98,960.535,953.36,955.54,3844.0,,,,,,,,,,,,,,,,,,,,,990.5818679902696,,,993.175858096785,"rgba(239, 83, 80, 1.0)",0.0,0.0,8.058317977200215,985.9008755035295,-3.7676442639060683,0.0,0.0,0.0,0.0,0.0,0.0,0.0,0.0,32.46244254187841,-10.22266107230471,False,True,False,True,False,0.0,0,0.9357630617754485,0.9914156653079945,False,False,False,False,-0.34282825441539394,-0.3343639098206759,False,False,False,False,-144018.0,-145412.678061747,False,False,False,False,5592.137257203591,False,False,False,False
2025-07-16 16:00:00+00:00,955.35,956.7,953.77,955.24,2640.0,,,,,,,,,,,,,,,,,,,,,990.5451124047316,,,993.0781396384974,"rgba(239, 83, 80, 1.0)",0.0,0.0,8.530905234332637,985.7417671740526,-3.5754432075154456,0.0,0.0,0.0,0.0,0.0,0.0,0.0,0.0,29.48827278249631,-13.087494112400485,False,True,False,True,False,0.0,0,0.9460489833641403,0.9919575572302,False,False,False,False,-0.34282825441539394,-0.33859608211803494,False,False,False,False,-146658.0,-145431.9853786191,False,False,False,False,5546.367687324465,False,False,False,False
2025-07-16 17:00:00+00:00,955.24,955.91,954.78,955.52,4228.0,,,,,,,,,,,,,,,,,,,,,990.4866838692911,,,992.9233710387019,"rgba(239, 83, 80, 1.0)",0.0,0.0,8.960533977515478,985.4984597054778,-3.3456108509495377,0.0,0.0,0.0,0.0,0.0,0.0,0.0,0.0,27.812267429522944,-14.822892753937396,False,True,False,True,False,0.0,0,0.9398857856696705,0.9964575711608812,False,False,False,False,-0.3410818637027605,-0.3398389729103977,False,False,False,False,-142430.0,-145385.44296964828,False,False,False,False,5525.927878218658,False,False,False,False
2025-07-16 18:00:00+00:00,955.5,955.51,951.02,951.805,6110.0,,,,,,,,,,,,,,,,,,,,,990.3962975343102,,,992.6864523524821,"rgba(239, 83, 80, 1.0)",0.0,0.0,9.499453445636405,985.1229482259698,-3.507354230076736,0.0,0.0,0.0,0.0,0.0,0.0,0.0,0.0,25.45316141275927,-17.278693466366953,False,True,False,True,False,0.0,0,0.9290502098001562,0.9997244150487159,False,False,False,False,-0.34282825441539394,-0.34133361366289583,False,False,False,False,-148540.0,-145434.35083058395,False,False,False,False,5534.983259951702,False,False,False,False
2025-07-16 19:00:00+00:00,952.01,953.36,950.23,951.05,9745.0,,,,,,,,,,,,,,,,,,,,,990.2483404982039,,,992.3028322152193,"rgba(239, 83, 80, 1.0)",0.0,0.0,10.016943709501783,984.5365706799746,-3.3429927981136855,0.0,0.0,0.0,0.0,0.0,0.0,0.0,0.0,23.647851639784264,-19.256082672105578,False,True,False,True,False,0.0,0,0.9363256038474602,1.001331950726762,False,False,False,False,-0.34282825441539394,-0.34208093403914486,False,False,False,False,-158285.0,-145633.5857014276,False,False,False,False,5600.254837316792,False,False,False,False
2025-07-17 14:00:00+00:00,948.99,950.65,947.65,950.65,4889.0,,,,,,,,,,,,,,,,,,,,,990.1709181752467,,,992.1042234248173,"rgba(239, 83, 80, 1.0)",0.0,0.0,10.516179854813592,981.6274473749621,-2.9456939499549137,0.0,0.0,0.0,0.0,0.0,0.0,0.0,0.0,22.31299067395225,-20.851431005847513,False,True,False,True,False,0.0,0,0.9348203266138406,0.9969950095694633,False,False,False,False,-0.34282825441539394,-0.3424545942272694,False,False,False,False,-163174.0,-145905.53010915738,False,False,False,False,5589.227630536686,False,False,False,False
2025-07-17 15:00:00+00:00,950.65,952.715,950.105,952.03,3130.0,,,,,,,,,,,,,,,,,,,,,990.1239044588597,,,991.9838851675371,"rgba(239, 83, 80, 1.0)",0.0,0.0,10.891487736216623,981.4996613690009,-2.7057516918471816,0.0,0.0,0.0,0.0,0.0,0.0,0.0,0.0,23.322204900410604,-20.851431005847513,False,True,False,True,False,0.0,0,0.9373774972577368,0.9982107856359349,False,False,False,False,-0.31139072692158515,-0.3269226605744273,False,False,False,False,-160044.0,-146124.73119273633,False,False,False,False,5551.100070373326,False,False,False,False
2025-07-17 16:00:00+00:00,951.85,953.825,951.33,952.57,2190.0,,,,,,,,,,,,,,,,,,,,,990.0918949528807,,,991.9021001315303,"rgba(239, 83, 80, 1.0)",0.0,0.0,11.17688720909065,981.4135672601902,-2.5806440309007015,0.0,0.0,0.0,0.0,0.0,0.0,0.0,0.0,24.748255670417954,-20.851431005847513,False,True,False,True,False,0.0,0,0.9438901057299693,0.9887149256825573,False,False,False,False,-0.2953844511549057,-0.31115355586466653,False,False,False,False,-157854.0,-146306.58032153113,False,False,False,False,5498.989991762886,False,False,False,False
2025-07-17 17:00:00+00:00,952.57,954.25,951.48,953.99,4286.0,,,,,,,,,,,,,,,,,,,,,990.030515131296,,,991.7457087294894,"rgba(239, 83, 80, 1.0)",0.0,0.0,11.374601815426743,981.245727160716,-2.3961917615217576,0.0,0.0,0.0,0.0,0.0,0.0,0.0,0.0,27.68226378689339,-20.851431005847513,False,True,False,True,True,0.0,0,0.9376931602137265,0.992061847309948,False,False,False,False,-0.2914656193432138,-0.30130958760394017,False,False,False,False,-153568.0,-146419.1604715849,False,False,False,False,5480.183945378966,False,False,False,False
2025-07-17 18:00:00+00:00,954.03,954.26,948.88,952.04,4021.0,,,,,,,,,,,,,,,,,,,,,989.9707549349833,,,991.5944114886313,"rgba(239, 83, 80, 1.0)",0.0,0.0,11.699569805368096,981.0487853344257,-2.479474529150267,0.0,0.0,0.0,0.0,0.0,0.0,0.0,0.0,28.378359768779674,-20.851431005847513,False,True,False,True,True,0.0,0,0.9339185739239485,0.9907645451695253,False,False,False,False,-0.30918815310471887,-0.3052488703543295,False,False,False,False,-157589.0,-146592.336278227,False,False,False,False,5457.5609384738655,False,False,False,False
2025-07-17 19:00:00+00:00,952.27,954.27,951.46,953.79,7269.0,,,,,,,,,,,,,,,,,,,,,989.867263494787,,,991.3336062043044,"rgba(239, 83, 80, 1.0)",0.0,0.0,11.929774177199228,980.7467063733623,-2.2596158127522044,0.0,0.0,0.0,0.0,0.0,0.0,0.0,0.0,31.23317199059818,-24.364095023384476,False,True,False,True,True,0.0,0,0.9411404377983965,0.9946221061165659,False,False,False,False,-0.2914656193432138,-0.2983572448487717,False,False,False,False,-150320.0,-146650.1295142235,False,False,False,False,5485.645265009154,False,False,False,False
2025-07-18 14:00:00+00:00,956.985,960.26,955.72,958.14,7359.0,,,,,,,,,,,,,,,,,,,,,989.7768994479654,,,991.1063700167658,"rgba(239, 83, 80, 1.0)",0.0,0.0,12.03572504057413,978.4286531433718,-1.685702612428904,0.0,0.0,0.0,0.0,0.0,0.0,0.0,0.0,37.80567499634726,-18.14777923105102,False,False,False,True,True,0.0,0,0.944205045336206,0.9844959152527153,False,False,False,False,-0.22293252331675867,-0.2606448840827652,False,False,False,False,-142961.0,-146592.93370780142,False,False,False,False,5514.6895244663765,False,False,False,False
2025-07-18 15:00:00+00:00,958.21,959.42,954.23,954.41,6626.0,,,,,,,,,,,,,,,,,,,,,989.6908233171748,,,990.8920676423625,"rgba(239, 83, 80, 1.0)",0.0,0.0,12.208064524423335,978.1751526148113,-1.9466765241342705,0.0,0.0,0.0,0.0,0.0,0.0,0.0,0.0,39.1901497262019,-16.89157362167191,False,False,False,True,True,0.0,0,0.9471287697806835,0.9818852944874532,False,False,False,False,-0.2383098425727197,-0.24947736332774245,False,False,False,False,-149587.0,-146639.35334023862,False,False,False,False,5531.9191442420915,False,False,False,False
2025-07-18 16:00:00+00:00,954.76,955.175,953.17,953.24,1773.0,,,,,,,,,,,,,,,,,,,,,989.6663936327427,,,990.8316456486223,"rgba(239, 83, 80, 1.0)",0.0,0.0,12.395069641372164,978.0899179454321,-2.0048227774766416,0.0,0.0,0.0,0.0,0.0,0.0,0.0,0.0,39.293190210085186,-16.63766048936634,False,False,False,True,True,0.0,0,0.9454213535933848,0.9798652312813765,False,False,False,False,-0.2737508599894674,-0.26161411165860493,False,False,False,False,-151360.0,-146712.541660545,False,False,False,False,5473.641328052291,False,False,False,False
2025-07-18 17:00:00+00:00,953.24,953.57,950.95,951.88,3453.0,,,,,,,,,,,,,,,,,,,,,989.616619148517,,,990.7090602909265,"rgba(239, 83, 80, 1.0)",0.0,0.0,12.649648491361596,977.9014671966261,-2.0570901408364075,0.0,0.0,0.0,0.0,0.0,0.0,0.0,0.0,38.4243816299675,-16.63766048936634,False,False,False,True,True,0.0,0,0.9417213706121793,0.9828183591488449,False,False,False,False,-0.2997224795754857,-0.2806682956170453,False,False,False,False,-154813.0,-146838.13016193188,False,False,False,False,5442.313555524349,False,False,False,False
2025-07-18 18:00:00+00:00,951.63,952.2,950.56,950.84,4220.0,,,,,,,,,,,,,,,,,,,,,989.5544572162729,,,990.5566967397409,"rgba(239, 83, 80, 1.0)",0.0,0.0,12.918327123731144,977.6723052178365,-2.077072747952418,0.0,0.0,0.0,0.0,0.0,0.0,0.0,0.0,37.13931476795781,-16.63766048936634,False,False,False,True,False,0.0,0,0.94119841206405,0.9853018232843982,False,False,False,False,-0.3118040350162504,-0.29623616531664787,False,False,False,False,-159033.0,-147027.19791135928,False,False,False,False,5423.362957764281,False,False,False,False
2025-07-18 19:00:00+00:00,950.89,951.89,949.65,950.75,9560.0,,,,,,,,,,,,,,,,,,,,,989.4127819273218,,,990.2120590215907,"rgba(239, 83, 80, 1.0)",0.0,0.0,13.153269350037922,977.1947482931658,-2.0105076228131527,0.0,0.0,0.0,0.0,0.0,0.0,0.0,0.0,36.21821225711014,-16.63766048936634,False,False,False,True,False,0.0,0,0.939821490176652,0.9859085159270036,False,False,False,False,-0.32023060879142273,-0.3082333870540353,False,False,False,False,-168593.0,-147361.5514321134,False,False,False,False,5487.496865395843,False,False,False,False
2025-07-21 14:00:00+00:00,949.9,954.42,949.9,951.24,5500.0,,,,,,,,,,,,,,,,,,,,,989.3340276466231,,,990.0218800129329,"rgba(239, 83, 80, 1.0)",0.0,0.0,13.352503267011329,976.9683630346963,-1.9268568986806172,0.0,0.0,0.0,0.0,0.0,0.0,0.0,0.0,36.32806443710332,-16.63766048936634,False,False,False,True,False,0.0,0,0.9407376854963974,0.9815798018446523,False,False,False,False,-0.3010910522438681,-0.3046622196489517,False,False,False,False,-163093.0,-147605.4498595225,False,False,False,False,5487.6907124439695,False,False,False,False
2025-07-21 15:00:00+00:00,951.18,955.46,950.7,953.67,3301.0,,,,,,,,,,,,,,,,,,,,,989.2887081019933,,,989.912863665097,"rgba(239, 83, 80, 1.0)",0.0,0.0,13.500442419178956,976.8546379200458,-1.7173243068767383,0.0,0.0,0.0,0.0,0.0,0.0,0.0,0.0,39.69780298285231,-14.963803109804438,False,False,False,True,True,0.0,0,0.9426211674194754,0.9799221952429437,False,False,False,False,-0.28854070061505654,-0.2966014601320041,False,False,False,False,-159792.0,-147794.38862139036,False,False,False,False,5453.788530855691,False,False,False,False
2025-07-21 16:00:00+00:00,953.67,953.77,949.21,949.54,3566.0,,,,,,,,,,,,,,,,,,,,,989.2365742406757,,,989.7880356030461,"rgba(239, 83, 80, 1.0)",0.0,0.0,13.710960839240569,976.7025379193462,-1.9810820144425978,0.0,0.0,0.0,0.0,0.0,0.0,0.0,0.0,38.39049332403303,-14.963803109804438,False,False,False,True,True,0.0,1,0.9394618243154204,0.9914696606312976,False,False,False,False,-0.31028907531413613,-0.3034452677230701,False,False,False,False,-163358.0,-148035.68492183392,False,False,False,False,5424.520491617618,False,False,False,False
2025-07-21 17:00:00+00:00,949.54,950.09,947.74,948.65,5641.0,,,,,,,,,,,,,,,,,,,,,989.1500833787068,,,989.5820689407739,"rgba(239, 83, 80, 1.0)",0.0,0.0,13.880746985120018,976.4319158810489,-2.0014712400442694,0.0,0.0,0.0,0.0,0.0,0.0,0.0,0.0,36.89019301096368,-14.963803109804438,False,False,False,True,False,0.0,1,0.9371487060027703,0.9971146464780155,False,False,False,False,-0.34282825441539394,-0.32313676106923206,False,False,False,False,-168999.0,-148360.6975587047,False,False,False,False,5427.8767630654065,False,False,False,False
2025-07-21 18:00:00+00:00,948.65,950.18,948.32,949.635,5065.0,,,,,,,,,,,,,,,,,,,,,989.0737970705228,,,989.4013698969695,"rgba(239, 83, 80, 1.0)",0.0,0.0,14.018199871263233,976.2087675598766,-1.8956619112238375,0.0,0.0,0.0,0.0,0.0,0.0,0.0,0.0,37.24752529076253,-14.963803109804438,False,False,False,True,False,0.0,1,0.9423146649687384,0.9896267211418566,False,False,False,False,-0.33814907825930846,-0.3306429196642703,False,False,False,False,-163934.0,-148602.14410818214,False,False,False,False,5422.250766738811,False,False,False,False
2025-07-21 19:00:00+00:00,949.91,950.23,946.64,947.4,11781.0,,,,,,,,,,,,,,,,,,,,,988.891762644754,,,988.9739594810311,"rgba(239, 83, 80, 1.0)",0.0,0.0,14.16133843721657,975.6742980880983,-1.9965837419570713,0.0,0.0,0.0,0.0,0.0,0.0,0.0,0.0,35.76626482902492,-14.963803109804438,False,False,False,True,False,0.0,0,0.9392494848278481,0.990545596051968,False,False,False,False,-0.34282825441539394,-0.3367355870398321,False,False,False,False,-175715.0,-149022.49846309406,False,False,False,False,5520.836026169217,False,False,False,False
2025-07-22 14:00:00+00:00,952.31,953.07,947.73,948.53,4582.0,,,,,,,,,,,,,,,,,,,,,988.8243084325029,,,988.8168651724217,"rgba(239, 83, 80, 1.0)",0.0,0.0,14.259586583157898,975.4995716861231,-1.891329144000365,0.0,0.0,0.0,0.0,0.0,0.0,0.0,0.0,36.385745063024004,-14.963803109804438,False,False,False,True,False,0.0,0,0.9403856826971356,0.9851030278470304,False,False,False,False,-0.3158226250009124,-0.32627910602037224,False,False,False,False,-171133.0,-149365.29693653446,False,False,False,False,5506.280428864268,False,False,False,False
2025-07-22 15:00:00+00:00,948.305,949.16,945.38,945.38,5441.0,,,,,,,,,,,,,,,,,,,,,988.7380997895162,,,988.6170905341272,"rgba(239, 83, 80, 1.0)",0.0,0.0,14.40581059475468,975.2505553826844,-2.073507435503881,0.0,0.0,0.0,0.0,0.0,0.0,0.0,0.0,34.49521869907013,-11.727569278252616,False,True,False,True,False,0.0,0,0.9406676769556621,0.9936989870523486,False,False,False,False,-0.34282825441539394,-0.3345536802178831,False,False,False,False,-176574.0,-149787.13729410755,False,False,False,False,5505.268329191954,False,False,False,False
2025-07-22 16:00:00+00:00,945.645,948.21,945.07,947.43,3585.0,,,,,,,,,,,,,,,,,,,,,988.6818445123612,,,988.4873120998772,"rgba(239, 83, 80, 1.0)",0.0,0.0,14.485873436430081,975.0935924837424,-1.9096944761488919,0.0,0.0,0.0,0.0,0.0,0.0,0.0,0.0,35.97242848628369,-11.727569278252616,False,False,False,True,False,0.0,0,0.9274030208626621,1.0136874324483875,False,False,False,False,-0.34282825441539394,-0.3386909673166385,False,False,False,False,-172989.0,-150146.8560957493,False,False,False,False,5475.496727188977,False,False,False,False
2025-07-22 17:00:00+00:00,947.4,947.78,945.83,945.945,1821.0,,,,,,,,,,,,,,,,,,,,,988.6530647677525,,,988.4210924884895,"rgba(239, 83, 80, 1.0)",0.0,0.0,14.576304096312022,975.0132590423782,-1.9942132690366112,0.0,0.0,0.0,0.0,0.0,0.0,0.0,0.0,35.81423448619098,-11.727569278252616,False,False,False,True,False,0.0,0,0.9226396644215563,1.0132604662639477,False,False,False,False,-0.3406167455809615,-0.3396538564488,False,False,False,False,-174810.0,-150529.23041984622,False,False,False,False,5418.837863201552,False,False,False,False
2025-07-22 18:00:00+00:00,945.91,945.91,943.98,944.04,5429.0,,,,,,,,,,,,,,,,,,,,,988.5636877421118,,,988.2161256914678,"rgba(239, 83, 80, 1.0)",0.0,0.0,14.685870025485723,974.752503623586,-2.091296162249008,0.0,0.0,0.0,0.0,0.0,0.0,0.0,0.0,34.37418386378793,-12.19417086079251,False,True,False,True,False,0.0,0,0.9205907142071891,1.0113232437978665,False,False,False,False,-0.34282825441539394,-0.34124105543209693,False,False,False,False,-180239.0,-150989.84700248428,False,False,False,False,5418.995415710056,False,False,False,False
2025-07-22 19:00:00+00:00,944.02,944.22,941.25,941.67,12621.0,,,,,,,,,,,,,,,,,,,,,988.3466705437183,,,987.7225993639732,"rgba(239, 83, 80, 1.0)",0.0,0.0,14.82527302424134,974.1084978366683,-2.188053992909744,0.0,0.0,0.0,0.0,0.0,0.0,0.0,0.0,31.982872228080296,-14.553112824200802,False,True,False,True,False,0.0,0,0.9123396400553755,1.0239778495616052,False,False,False,False,-0.34282825441539394,-0.3420346549237454,False,False,False,False,-192860.0,-151638.9966613605,False,False,False,False,5530.654401513,False,False,False,False
2025-07-23 14:00:00+00:00,943.515,946.29,942.67,946.0,7647.0,,,,,,,,,,,,,,,,,,,,,988.2235707126606,,,987.4456063020406,"rgba(239, 83, 80, 1.0)",0.0,0.0,14.848491253172837,973.786901736974,-1.8713619628550768,0.0,0.0,0.0,0.0,0.0,0.0,0.0,0.0,35.70032541573475,-18.017590843112416,False,False,False,True,True,0.0,0,0.90228090795563,1.0200359950047742,False,False,False,False,-0.32112182639217873,-0.33157824065796204,False,False,False,False,-185213.0,-152159.52384490528,False,False,False,False,5563.465961179465,False,False,False,False
2025-07-23 15:00:00+00:00,945.79,948.39,945.23,947.13,4259.0,,,,,,,,,,,,,,,,,,,,,988.1583596647044,,,987.2998281067637,"rgba(239, 83, 80, 1.0)",0.0,0.0,14.831066082524172,973.6316010646291,-1.7868979153060753,0.0,0.0,0.0,0.0,0.0,0.0,0.0,0.0,39.323185004897965,-14.770797401633729,False,False,False,True,True,0.0,0,0.9046308439699275,1.0263221087241623,False,False,False,False,-0.29258426086573364,-0.31208125076184784,False,False,False,False,-180954.0,-152605.94983180598,False,False,False,False,5543.241682711566,False,False,False,False
2025-07-23 16:00:00+00:00,946.81,947.11,943.7,944.44,3898.0,,,,,,,,,,,,,,,,,,,,,988.0962110821339,,,987.1613068768509,"rgba(239, 83, 80, 1.0)",0.0,0.0,14.843282475844498,973.4757779462061,-1.9561561260764246,0.0,0.0,0.0,0.0,0.0,0.0,0.0,0.0,39.57760631074659,-14.618741264626792,True,False,False,True,True,0.0,0,0.9185238730027596,1.0288954394397396,False,False,False,False,-0.30973428713942197,-0.3109077689506349,False,False,False,False,-184852.0,-153105.88859410354,False,False,False,False,5517.734059723789,False,False,False,False
2025-07-23 17:00:00+00:00,944.28,944.78,943.32,944.12,3901.0,,,,,,,,,,,,,,,,,,,,,988.0327377071098,,,987.0202804246302,"rgba(239, 83, 80, 1.0)",0.0,0.0,14.942587563408983,973.3138076577383,-1.9537317438398214,0.0,0.0,0.0,0.0,0.0,0.0,0.0,0.0,39.502847104947726,-14.598636196049291,True,False,False,True,True,0.0,0,0.9164150477601166,1.0414838868949272,False,False,False,False,-0.3264428755557451,-0.31867532225318995,False,False,False,False,-188753.0,-153658.55698799342,False,False,False,False,5492.668415386986,False,False,False,False
2025-07-23 18:00:00+00:00,943.94,944.53,942.45,942.45,2073.0,,,,,,,,,,,,,,,,,,,,,987.9983702236271,,,986.9440989167613,"rgba(239, 83, 80, 1.0)",0.0,0.0,15.01621066600427,973.2246718517956,-2.049429948493427,0.0,0.0,0.0,0.0,0.0,0.0,0.0,0.0,38.18107892301767,-14.598636196049291,False,False,False,True,True,0.0,0,0.9039480934014776,1.0429863393688366,False,False,False,False,-0.3333995332133793,-0.3260374277332846,False,False,False,False,-190826.0,-154234.79641453613,False,False,False,False,5439.650300419747,False,False,False,False
2025-07-23 19:00:00+00:00,942.59,943.37,940.94,941.13,6276.0,,,,,,,,,,,,,,,,,,,,,987.8915672492387,,,986.7081094574414,"rgba(239, 83, 80, 1.0)",0.0,0.0,15.005710619569227,972.9420561000476,-2.119996640383088,0.0,0.0,0.0,0.0,0.0,0.0,0.0,0.0,36.35961294474633,-14.598636196049291,False,False,False,True,False,0.0,0,0.8987176804094286,1.049019234793858,False,False,False,False,-0.34282825441539394,-0.33443284107433924,False,False,False,False,-197102.0,-154899.4042220627,False,False,False,False,5452.616962428742,False,False,False,False
2025-07-24 14:00:00+00:00,939.08,941.47,935.42,935.42,3866.0,,,,,,,,,,,,,,,,,,,,,987.8197967260409,,,986.5499127433789,"rgba(239, 83, 80, 1.0)",0.0,0.0,15.055227425046564,972.7363516335912,-2.4786308821552607,0.0,0.0,0.0,0.0,0.0,0.0,0.0,0.0,32.106487743936526,-13.67961978870543,False,True,False,True,False,0.0,0,0.8876745196576669,1.0520772326236036,False,False,False,False,-0.34282825441539394,-0.33863054774486656,False,False,False,False,-200968.0,-155613.64601706946,False,False,False,False,5428.018249832948,False,False,False,False
2025-07-24 15:00:00+00:00,935.43,938.88,935.3,938.71,4789.0,,,,,,,,,,,,,,,,,,,,,987.7315138255767,,,986.3561157839362,"rgba(239, 83, 80, 1.0)",0.0,0.0,14.955087557313101,972.4888757475143,-2.2586879293124715,0.0,0.0,0.0,0.0,0.0,0.0,0.0,0.0,33.16715871513978,-13.67961978870543,False,True,False,True,False,0.0,0,0.8874955179376846,1.0582101945686835,False,False,False,False,-0.34282825441539394,-0.3407294010801303,False,False,False,False,-196179.0,-156242.56623385908,False,False,False,False,5418.110990145615,False,False,False,False
2025-07-24 16:00:00+00:00,938.51,939.39,935.94,938.05,2283.0,,,,,,,,,,,,,,,,,,,,,987.689673897806,,,986.2645767088525,"rgba(239, 83, 80, 1.0)",0.0,0.0,14.825018357707373,972.3736620425304,-2.315252582785907,0.0,0.0,0.0,0.0,0.0,0.0,0.0,0.0,33.48169224484871,-13.67961978870543,False,False,False,True,False,0.0,0,0.8970053149943797,1.0587411654887313,False,False,False,False,-0.335530447815683,-0.3381299244479066,False,False,False,False,-198462.0,-156897.1310984504,False,False,False,False,5369.504618205372,False,False,False,False
2025-07-24 17:00:00+00:00,938.05,938.74,933.345,935.78,6266.0,,,,,,,,,,,,,,,,,,,,,987.5709804155621,,,986.005637954544,"rgba(239, 83, 80, 1.0)",0.0,0.0,14.794355993158556,972.040506541079,-2.4509689071864447,0.0,0.0,0.0,0.0,0.0,0.0,0.0,0.0,32.39098832794325,-13.67961978870543,False,True,False,True,False,0.0,0,0.8970711376698507,1.048271990256156,False,False,False,False,-0.34282825441539394,-0.3404790894316503,False,False,False,False,-204728.0,-157638.69495738915,False,False,False,False,5383.40377141149,False,False,False,False
2025-07-24 18:00:00+00:00,935.54,940.19,935.4,939.09,2877.0,,,,,,,,,,,,,,,,,,,,,987.5190556560387,,,985.8929940867342,"rgba(239, 83, 80, 1.0)",0.0,0.0,14.607344582976744,971.903806530813,-2.2463909401475903,0.0,0.0,0.0,0.0,0.0,0.0,0.0,0.0,35.338869280031496,-13.67961978870543,True,False,False,True,True,0.0,0,0.9107112138993478,1.0397465547888907,False,False,False,False,-0.31939255827849683,-0.3299358238550736,False,False,False,False,-201851.0,-158324.15705107304,False,False,False,False,5344.544798211312,False,False,False,False
2025-07-24 19:00:00+00:00,938.71,939.4,932.73,933.94,14860.0,,,,,,,,,,,,,,,,,,,,,987.2370747436389,,,985.285003567669,"rgba(239, 83, 80, 1.0)",0.0,0.0,14.523667189476795,968.2484633724401,-2.3622452184320553,0.0,0.0,0.0,0.0,0.0,0.0,0.0,0.0,34.326759150821196,-13.67961978870543,False,False,False,True,True,0.0,0,0.9032959726443763,1.037053571428571,False,False,False,False,-0.3425251092898512,-0.33623046657246236,False,False,False,False,-216711.0,-159229.37942237422,False,False,False,False,5492.071235448346,False,False,False,False
2025-07-25 14:00:00+00:00,938.59,938.77,935.19,936.21,6375.0,,,,,,,,,,,,,,,,,,,,,987.1201982595718,,,985.0356518359162,"rgba(239, 83, 80, 1.0)",0.0,0.0,14.384784832757793,967.9851937259825,-2.208944665868226,0.0,0.0,0.0,0.0,0.0,0.0,0.0,0.0,35.84080467208457,-13.67961978870543,True,False,False,True,True,0.0,0,0.9092540203915013,1.0342991133304216,False,False,False,False,-0.3302477217574885,-0.33323909416497544,False,False,False,False,-210336.0,-160021.73012900408,False,False,False,False,5505.76005350341,False,False,False,False
2025-07-25 15:00:00+00:00,935.93,937.5,934.64,937.12,4703.0,,,,,,,,,,,,,,,,,,,,,987.0338046983485,,,984.8521891856473,"rgba(239, 83, 80, 1.0)",0.0,0.0,14.284401607324444,967.7838932790024,-2.146669781622442,0.0,0.0,0.0,0.0,0.0,0.0,0.0,0.0,37.70418646216577,-16.407985440597358,True,False,False,True,True,0.0,0,0.9103981042654022,1.02988625592417,False,False,False,False,-0.34245775193730293,-0.33784842305113916,False,False,False,False,-205633.0,-160728.88159987223,False,False,False,False,5493.314161201031,False,False,False,False
2025-07-25 16:00:00+00:00,937.06,937.66,936.01,937.1,5380.0,,,,,,,,,,,,,,,,,,,,,986.9363143197793,,,984.6461712134228,"rgba(239, 83, 80, 1.0)",0.0,0.0,14.130644396598367,967.5653185336081,-2.155975175551223,0.0,0.0,0.0,0.0,0.0,0.0,0.0,0.0,38.932144774596004,-15.139091857787776,True,False,False,True,True,0.0,0,0.9237180474283948,1.0272078072066517,False,False,False,False,-0.3321868378212987,-0.3350176304362189,False,False,False,False,-211013.0,-161508.4803347579,False,False,False,False,5491.55735250024,False,False,False,False
2025-07-25 17:00:00+00:00,936.86,938.51,935.83,937.88,2743.0,,,,,,,,,,,,,,,,,,,,,986.8872335385057,,,984.542869821031,"rgba(239, 83, 80, 1.0)",0.0,0.0,14.121404828287375,967.4588991528719,-2.094614488610991,0.0,0.0,0.0,0.0,0.0,0.0,0.0,0.0,40.59959096766838,-13.449342245684505,True,False,False,True,True,0.0,0,0.9194268987829296,1.0241680788784464,False,False,False,False,-0.3277104319765885,-0.3313640312064037,False,False,False,False,-208270.0,-162233.46513576942,False,False,False,False,5448.944060213415,False,False,False,False
2025-07-25 18:00:00+00:00,937.88,937.88,935.79,935.8,1659.0,,,,,,,,,,,,,,,,,,,,,986.8570470013188,,,984.479400077918,"rgba(239, 83, 80, 1.0)",0.0,0.0,14.158059733079916,967.3898972233504,-2.231230678419978,0.0,0.0,0.0,0.0,0.0,0.0,0.0,0.0,40.02256215495308,-13.449342245684505,True,False,False,True,True,0.0,0,0.9189861697818406,1.0256929575834723,False,False,False,False,-0.3321868378212987,-0.33177543451385116,False,False,False,False,-209929.0,-162972.9307925792,False,False,False,False,5390.185237574447,False,False,False,False
2025-07-25 19:00:00+00:00,935.83,936.25,935.01,935.74,6092.0,,,,,,,,,,,,,,,,,,,,,986.7447018610968,,,984.2437906211699,"rgba(239, 83, 80, 1.0)",0.0,0.0,14.164452603882049,967.1251001041859,-2.215765125691068,0.0,0.0,0.0,0.0,0.0,0.0,0.0,0.0,39.58957565101463,-13.449342245684505,True,False,False,True,True,0.0,0,0.9180965277106097,1.0276429055034328,False,False,False,False,-0.34282825441539394,-0.3373018444646225,False,False,False,False,-216021.0,-163795.38147796557,False,False,False,False,5401.0660866043,False,False,False,False
2025-07-28 14:00:00+00:00,936.87,938.61,935.6,937.57,5016.0,,,,,,,,,,,,,,,,,,,,,986.6554431823621,,,984.0578035765727,"rgba(239, 83, 80, 1.0)",0.0,0.0,14.191081788376017,966.9344341050498,-2.0692174524074924,0.0,0.0,0.0,0.0,0.0,0.0,0.0,0.0,41.617370282286124,-12.054956200586027,True,False,False,True,True,0.0,1,0.9158704985881709,1.0268053997601818,False,False,False,False,-0.3232265357642662,-0.33026419011444436,False,False,False,False,-211005.0,-164527.31354807463,False,False,False,False,5395.096069757721,False,False,False,False
2025-07-28 15:00:00+00:00,937.43,940.07,936.34,938.095,3745.0,,,,,,,,,,,,,,,,,,,,,986.5902329701934,,,983.9225775394481,"rgba(239, 83, 80, 1.0)",0.0,0.0,14.138513501641144,966.8026836488334,-2.030459824896097,0.0,0.0,0.0,0.0,0.0,0.0,0.0,0.0,43.608665743664844,-10.072183795225378,True,False,False,True,True,0.0,1,0.9157963824488923,1.025326718529814,False,False,False,False,-0.3087637601667019,-0.3195139751405731,False,False,False,False,-207260.0,-165189.83581864712,False,False,False,False,5369.513184955275,False,False,False,False
2025-07-28 16:00:00+00:00,938.095,938.22,934.0,934.26,3318.0,,,,,,,,,,,,,,,,,,,,,986.529420695722,,,983.7964682281198,"rgba(239, 83, 80, 1.0)",0.0,0.0,13.990680585421703,966.6635470843746,-2.3160808287010095,0.0,0.0,0.0,0.0,0.0,0.0,0.0,0.0,41.36826818012345,-10.072183795225378,True,False,False,True,False,0.0,1,0.9081913779053968,1.0395793721625073,False,False,False,False,-0.33642217000810787,-0.32796807257434046,False,False,False,False,-210578.0,-165893.52828657505,False,False,False,False,5337.706778986976,False,False,False,False
2025-07-28 17:00:00+00:00,934.4,935.73,932.46,932.75,3054.0,,,,,,,,,,,,,,,,,,,,,986.4715541006657,,,983.6765565004665,"rgba(239, 83, 80, 1.0)",0.0,0.0,13.915586708489645,966.5228880951479,-2.426982692331878,0.0,0.0,0.0,0.0,0.0,0.0,0.0,0.0,38.76066578125865,-7.313341572480105,True,False,False,True,False,0.0,1,0.8988107940326299,1.0438046831047387,False,False,False,False,-0.34282825441539394,-0.3353981634948672,False,False,False,False,-213632.0,-166633.65963096922,False,False,False,False,5302.300472336015,False,False,False,False
2025-07-28 18:00:00+00:00,932.795,933.31,932.16,932.35,3677.0,,,,,,,,,,,,,,,,,,,,,986.4006824696171,,,983.5299566616629,"rgba(239, 83, 80, 1.0)",0.0,0.0,13.849231912876196,966.3470241216112,-2.454794918265665,0.0,0.0,0.0,0.0,0.0,0.0,0.0,0.0,36.72829167417691,-9.195273125602725,True,False,False,True,False,0.0,1,0.8917274464682702,1.0559304185030611,False,False,False,False,-0.34282825441539394,-0.33911320895513053,False,False,False,False,-217309.0,-167419.32382273715,False,False,False,False,5277.102015400574,False,False,False,False
2025-07-28 19:00:00+00:00,932.35,933.8,931.64,933.8,6481.0,,,,,,,,,,,,,,,,,,,,,986.2773138327374,,,983.2759846021604,"rgba(239, 83, 80, 1.0)",0.0,0.0,13.77730294609653,966.0525299779836,-2.3409901128088064,0.0,0.0,0.0,0.0,0.0,0.0,0.0,0.0,37.54683665701025,-9.195273125602725,True,False,False,True,False,0.0,1,0.8911699088026922,1.054561822380523,False,False,False,False,-0.34282825441539394,-0.34097073168526226,False,False,False,False,-210828.0,-168092.32655416758,False,False,False,False,5295.767100433123,False,False,False,False
2025-07-29 14:00:00+00:00,930.15,935.59,930.05,935.59,9698.0,,,,,,,,,,,,,,,,,,,,,986.0960594459901,,,982.9056471653354,"rgba(239, 83, 80, 1.0)",0.0,0.0,13.637466544993508,965.6424264546395,-2.203666374211717,0.0,0.0,0.0,0.0,0.0,0.0,0.0,0.0,40.49556980528845,-9.195273125602725,True,False,False,True,True,0.0,1,0.8915219253835962,1.045953734714541,False,False,False,False,-0.3415472700332722,-0.3412590008592672,False,False,False,False,-201130.0,-168604.53854557584,False,False,False,False,5364.018773294625,False,False,False,False
2025-07-29 15:00:00+00:00,935.56,941.89,935.5,937.995,6614.0,,,,,,,,,,,,,,,,,,,,,985.9842367012848,,,982.6801754106069,"rgba(239, 83, 80, 1.0)",0.0,0.0,13.379123510864606,962.9040454682412,-1.8617845517319291,0.0,0.0,0.0,0.0,0.0,0.0,0.0,0.0,45.176577048334124,-9.444761142724445,True,False,False,True,True,0.0,1,0.9096315988628749,1.0298446641505035,False,False,False,False,-0.26800494022670873,-0.30463197054298796,False,False,False,False,-194516.0,-169006.26663014054,False,False,False,False,5383.398327197035,False,False,False,False
2025-07-29 16:00:00+00:00,938.31,940.045,937.73,939.885,3016.0,,,,,,,,,,,,,,,,,,,,,985.9342302704484,,,982.5798677062022,"rgba(239, 83, 80, 1.0)",0.0,0.0,13.266255744124615,962.8338752031299,-1.7298682948497754,0.0,0.0,0.0,0.0,0.0,0.0,0.0,0.0,50.091890868204246,-5.085058658367522,True,False,False,False,True,0.0,0,0.9126914361618996,1.0367440225035154,False,False,False,False,-0.2656463934966854,-0.2851391820198367,False,False,False,False,-191500.0,-169355.00668238642,False,False,False,False,5346.694477162972,False,False,False,False
2025-07-29 17:00:00+00:00,939.885,939.885,936.51,937.44,2965.0,,,,,,,,,,,,,,,,,,,,,985.8838346448043,,,982.4788200772749,"rgba(239, 83, 80, 1.0)",0.0,0.0,13.168909489558912,962.7369233324004,-1.9209580985014127,0.0,0.0,0.0,0.0,0.0,0.0,0.0,0.0,50.43223142258081,-4.927265433094192,True,False,False,False,True,0.0,0,0.9162622188803057,1.0263273536908093,False,False,False,False,-0.27411398888673216,-0.27962658545328445,False,False,False,False,-194465.0,-169744.3089043649,False,False,False,False,5309.768981393004,False,False,False,False
2025-07-29 18:00:00+00:00,937.44,937.44,934.56,935.21,3347.0,,,,,,,,,,,,,,,,,,,,,985.8244585052616,,,982.3596730627169,"rgba(239, 83, 80, 1.0)",0.0,0.0,13.149880558840147,962.5939933290731,-2.082451867645587,0.0,0.0,0.0,0.0,0.0,0.0,0.0,0.0,48.42588383894258,-4.927265433094192,True,False,False,False,True,0.0,0,0.9097147090070853,1.0312777176720558,False,False,False,False,-0.3013455291239691,-0.29048605728862675,False,False,False,False,-197812.0,-170179.46690584763,False,False,False,False,5279.338454549701,False,False,False,False
2025-07-29 19:00:00+00:00,935.12,935.39,933.86,934.83,7551.0,,,,,,,,,,,,,,,,,,,,,985.688238437523,,,982.0871240253492,"rgba(239, 83, 80, 1.0)",0.0,0.0,13.090607479075265,962.2743611222888,-2.0964925551512676,0.0,0.0,0.0,0.0,0.0,0.0,0.0,0.0,46.72543284139512,-4.927265433094192,True,False,False,True,False,0.0,0,0.9137170952953476,1.032755637664584,False,False,False,False,-0.3186055662475879,-0.30454581176810736,False,False,False,False,-205363.0,-170724.9480390903,False,False,False,False,5314.558013393892,False,False,False,False
2025-07-30 14:00:00+00:00,933.57,933.57,929.05,930.12,5916.0,,,,,,,,,,,,,,,,,,,,,985.5741463505667,,,981.8588991735502,"rgba(239, 83, 80, 1.0)",0.0,0.0,13.111114937027352,961.9665415504705,-2.428972799295055,0.0,0.0,0.0,0.0,0.0,0.0,0.0,0.0,41.913095121398506,-2.3335662287646812,True,False,False,True,False,0.0,0,0.9016705930654251,1.0415155573368258,False,False,False,False,-0.34282825441539394,-0.3236870330917506,False,False,False,False,-211279.0,-171353.69303073228,False,False,False,False,5323.882695356778,False,False,False,False
2025-07-30 15:00:00+00:00,930.15,931.37,927.9,928.24,3559.0,,,,,,,,,,,,,,,,,,,,,985.5035567238704,,,981.7179149048627,"rgba(239, 83, 80, 1.0)",0.0,0.0,13.170587608227489,961.7734994248061,-2.546089849769359,0.0,0.0,0.0,0.0,0.0,0.0,0.0,0.0,37.600125917275044,-6.270498273500671,False,False,False,True,False,0.0,0,0.888191509184163,1.055536486579254,False,False,False,False,-0.34282825441539394,-0.33325764375357225,False,False,False,False,-214838.0,-172027.8683325814,False,False,False,False,5296.520172948145,False,False,False,False
2025-07-30 16:00:00+00:00,928.52,930.44,928.42,928.67,2909.0,,,,,,,,,,,,,,,,,,,,,985.4459971810671,,,981.6032530811177,"rgba(239, 83, 80, 1.0)",0.0,0.0,13.13876718612597,961.6227332541979,-2.5080536695250033,0.0,0.0,0.0,0.0,0.0,0.0,0.0,0.0,35.33403087391756,-8.314495062883395,False,True,False,True,False,0.0,0,0.8923909804311108,1.0598788119598683,False,False,False,False,-0.34282825441539394,-0.33804294908448307,False,False,False,False,-211929.0,-172646.49052897547,False,False,False,False,5259.50435631329,False,False,False,False
2025-07-30 17:00:00+00:00,928.73,930.88,928.23,930.79,1134.0,,,,,,,,,,,,,,,,,,,,,985.4239054810142,,,981.5593620271758,"rgba(239, 83, 80, 1.0)",0.0,0.0,12.952249431406981,961.5682624367495,-2.3762870379964665,0.0,0.0,0.0,0.0,0.0,0.0,0.0,0.0,36.704208917703966,-8.314495062883395,False,True,False,True,False,0.0,0,0.8927300508655174,1.0575303082088496,False,False,False,False,-0.3413133818629831,-0.3396781654737331,False,False,False,False,-210795.0,-173237.94028821617,False,False,False,False,5195.543048463472,False,False,False,False
2025-07-30 18:00:00+00:00,930.3,932.52,930.125,931.14,2102.0,,,,,,,,,,,,,,,,,,,,,985.3839575993271,,,981.4802390709823,"rgba(239, 83, 80, 1.0)",0.0,0.0,12.763821853440108,961.4774485818064,-2.3768310879103827,0.0,0.0,0.0,0.0,0.0,0.0,0.0,0.0,38.07528962329984,-8.314495062883395,False,False,False,True,True,0.0,0,0.9107636542360379,1.0449611926849742,False,False,False,False,-0.320050146527622,-0.32986415600067753,False,False,False,False,-208693.0,-173787.63113646087,False,False,False,False,5147.581140735356,False,False,False,False
2025-07-30 19:00:00+00:00,931.295,931.345,925.16,927.91,5176.0,,,,,,,,,,,,,,,,,,,,,985.2801777686719,,,981.274410592092,"rgba(239, 83, 80, 1.0)",0.0,0.0,12.578259768778015,958.2661320977301,-2.4133809172140523,0.0,0.0,0.0,0.0,0.0,0.0,0.0,0.0,36.39699933774881,-8.314495062883395,False,True,False,True,True,0.0,0,0.8839579659773107,1.0488834075689775,True,False,False,False,-0.34282825441539394,-0.3363462052080357,False,False,False,False,-213869.0,-174409.0477079886,False,False,False,False,5148.021743204575,False,False,False,False
2025-07-31 14:00:00+00:00,939.6,945.95,935.925,941.98,12925.0,,,,,,,,,,,,,,,,,,,,,985.0819107735603,,,980.8927708255499,"rgba(38, 166, 154, 1.0)",0.0,0.0,12.062979981583513,958.5856406161056,-1.3765786432090013,0.0,0.0,0.0,0.0,0.0,0.0,0.0,0.0,46.05549435692957,-10.69666497028372,True,False,False,True,True,0.0,0,0.8913896468619908,1.0268090106957188,False,False,False,False,-0.19808625351532236,-0.26721622936167905,False,False,False,False,-200944.0,-174820.44231716706,False,False,False,False,5268.595049511481,False,False,False,False
2025-07-31 15:00:00+00:00,941.88,943.61,940.24,940.55,6907.0,,,,,,,,,,,,,,,,,,,,,984.9771260623827,,,980.6927191799962,"rgba(38, 166, 154, 1.0)",0.0,0.0,11.51585479726799,958.5497667872287,-1.5630421800298302,0.0,0.0,0.0,0.0,0.0,0.0,0.0,0.0,51.35437210689168,-6.058127063380667,True,False,True,False,True,0.0,0,0.8994623655913973,1.0254679410593381,False,False,False,False,-0.18722502603301305,-0.22722062769734605,False,False,False,False,-207851.0,-175332.54398666834,False,False,False,False,5293.996676650838,False,False,False,False
2025-07-31 16:00:00+00:00,940.55,942.96,940.55,941.0,3221.0,,,,,,,,,,,,,,,,,,,,,984.9284739036552,,,980.6002064372705,"rgba(38, 166, 154, 1.0)",0.0,0.0,10.745041354585842,958.5224076009301,-1.6307436167708935,0.0,0.0,0.0,0.0,0.0,0.0,0.0,0.0,55.11760214821344,-2.7973375589379756,True,False,True,False,True,0.0,0,0.910923355461677,1.0247837457252054,False,False,False,False,-0.18909162966319426,-0.20815612868027017,False,False,False,False,-204630.0,-175786.76811090604,False,False,False,False,5261.85719329191,False,False,False,False
2025-07-31 17:00:00+00:00,940.59,941.09,938.465,940.33,1796.0,,,,,,,,,,,,,,,,,,,,,984.9004317525041,,,980.5467850055313,"rgba(38, 166, 154, 1.0)",0.0,0.0,10.37338838020319,958.4940013771004,-1.751019118474823,0.0,0.0,0.0,0.0,0.0,0.0,0.0,0.0,57.00915037382239,-1.099908511206472,True,False,True,False,True,0.0,0,0.9096488752721112,1.0186547609449317,False,False,False,False,-0.2109041528140682,-0.2095301407471692,False,False,False,False,-206426.0,-176261.79496189975,False,False,False,False,5208.122973240873,False,False,False,False
2025-07-31 18:00:00+00:00,940.4,942.87,939.5,942.13,3830.0,,,,,,,,,,,,,,,,,,,,,984.8427911396128,,,980.437631070588,"rgba(38, 166, 154, 1.0)",0.0,0.0,9.970613081715342,958.4542732614764,-1.6372386660367684,0.0,0.0,0.0,0.0,0.0,0.0,0.0,0.0,59.34208048844475,1.1998546735132365,True,False,True,False,True,0.0,0,0.9081591477685412,1.0190662577677339,False,False,False,False,-0.19535983389238287,-0.20244498731977603,False,False,False,False,-202596.0,-176670.07721055247,False,False,False,False,5186.756725593727,False,False,False,False
2025-07-31 19:00:00+00:00,942.01,944.01,936.885,939.39,13940.0,,,,,,,,,,,,,,,,,,,,,984.6275249321259,,,980.0312945274238,"rgba(38, 166, 154, 1.0)",0.0,0.0,9.537640973185198,958.2209627689454,-1.9743836889948025,0.0,0.0,0.0,0.0,0.0,0.0,0.0,0.0,58.269712797691184,1.1998546735132365,True,False,True,False,True,0.0,0,0.8979608164734821,1.0203018271644442,False,False,False,False,-0.2034926411695931,-0.20296881424468455,False,False,False,False,-216536.0,-177288.15353286947,False,False,False,False,5322.465923646538,False,False,False,False
2025-08-01 14:00:00+00:00,944.15,950.6,942.05,949.7,8630.0,,,,,,,,,,,,,,,,,,,,,984.5171320012458,,,979.8293935620876,"rgba(38, 166, 154, 1.0)",0.0,0.0,9.032282698121575,958.2597718671095,-0.9476864435265775,0.0,0.0,0.0,0.0,0.0,0.0,0.0,0.0,62.566531677335576,4.635873692451618,True,False,True,False,True,0.0,0,0.9055300670995878,0.9997642181375189,False,False,False,False,-0.13932089723232607,-0.1711448557385053,False,False,False,False,-207906.0,-177762.8488269335,False,False,False,False,5373.745521729536,False,False,False,False
2025-08-01 15:00:00+00:00,949.73,952.36,949.03,950.8,8900.0,,,,,,,,,,,,,,,,,,,,,984.4139833756631,,,979.6446086155339,"rgba(38, 166, 154, 1.0)",0.0,0.0,8.639285723939643,958.3535634169699,-0.8743273064854038,0.0,0.0,0.0,0.0,0.0,0.0,0.0,0.0,65.81086791470211,7.882181762541407,True,False,True,False,True,0.48772407263480844,0,0.9198091441923476,0.9973099541514074,False,False,False,False,-0.09236496323799034,-0.1317549094882478,False,False,False,False,-199006.0,-178092.20000791128,False,False,False,False,5428.416133795745,False,False,False,False
2025-08-01 16:00:00+00:00,950.97,954.83,949.64,952.12,10558.0,,,,,,,,,,,,,,,,,,,,,984.2977253019274,,,979.4393862161241,"rgba(38, 166, 154, 1.0)",0.0,0.0,8.214571845425114,958.469095665635,-0.7729064624556117,0.0,0.0,0.0,0.0,0.0,0.0,0.0,0.0,68.4412846891957,10.567966278614932,True,False,True,False,True,1.3297108745406874,0,0.9180596590072533,1.0007263518487608,False,False,False,False,-0.07592431268526893,-0.10383961108675838,False,False,False,False,-188448.0,-178252.7550465483,False,False,False,False,5507.944565829919,False,False,False,False
2025-08-01 17:00:00+00:00,952.25,953.19,950.57,951.02,7080.0,,,,,,,,,,,,,,,,,,,,,984.2187771832594,,,979.300468320763,"rgba(38, 166, 154, 1.0)",0.0,0.0,8.060832638125365,958.5177772419787,-0.9301492263363024,0.0,0.0,0.0,0.0,0.0,0.0,0.0,0.0,69.08155344533984,11.494576250179058,True,False,True,False,True,0.6032527015813365,0,0.9196025382458555,1.0027153327758365,False,False,False,False,-0.07971025049370416,-0.09177493079023127,False,False,False,False,-195528.0,-178520.5883016406,False,False,False,False,5532.317518297672,False,False,False,False
2025-08-01 18:00:00+00:00,951.02,953.64,949.9,952.6,5316.0,,,,,,,,,,,,,,,,,,,,,984.1605694738565,,,979.1987616099218,"rgba(38, 166, 154, 1.0)",0.0,0.0,8.006874256562773,958.5530072366898,-0.7434870395036463,0.0,0.0,0.0,0.0,0.0,0.0,0.0,0.0,70.18249351545941,12.972159778961895,True,False,True,False,True,1.6267648252250666,0,0.9140434292436642,1.0027645703641974,False,False,False,False,-0.08088381582999733,-0.08632937331011431,False,False,False,False,-190212.0,-178701.85049851437,False,False,False,False,5528.963758324065,False,False,False,False
2025-08-01 19:00:00+00:00,952.39,956.585,952.125,952.36,19145.0,,,,,,,,,,,,,,,,,,,,,983.9633129813067,,,978.860475368483,"rgba(38, 166, 154, 1.0)",0.0,0.0,7.954793374480439,958.7081606321821,-0.7980296072236658,0.0,0.0,0.0,0.0,0.0,0.0,0.0,0.0,70.63836063608716,13.91190535053125,True,False,True,False,True,1.4637141836471201,0,0.9159645081975176,0.9964333265304134,False,False,False,False,-0.053356740782012496,-0.0698430570460634,False,False,False,False,-209357.0,-179177.12413419632,False,False,False,False,5740.065095404312,False,False,False,False
2025-08-04 14:00:00+00:00,958.05,958.34,950.835,952.45,4280.0,,,,,,,,,,,,,,,,,,,,,983.919831042545,,,978.7866194473703,"rgba(38, 166, 154, 1.0)",0.0,0.0,7.897718409840169,957.2403658182362,-0.6065505972291468,0.0,0.0,0.0,0.0,0.0,0.0,0.0,0.0,70.9881604735816,14.805465624301121,True,False,True,False,True,1.5235409366463948,0,0.9147014310618976,0.993122473610605,False,False,False,False,-0.05088547286286472,-0.060364264954464064,False,False,False,False,-205077.0,-179578.67259723204,False,False,False,False,5717.428427258509,False,False,False,False
2025-08-04 15:00:00+00:00,952.45,953.8,950.51,952.05,3438.0,,,,,,,,,,,,,,,,,,,,,983.8829592609227,,,978.7234513511324,"rgba(38, 166, 154, 1.0)",0.0,0.0,7.90143420497461,957.2128684993113,-0.653409035040865,0.0,0.0,0.0,0.0,0.0,0.0,0.0,0.0,70.65687203704081,15.03636281729375,True,False,True,False,True,1.2422337933584053,0,0.9146169661894606,1.001808559244593,False,False,False,False,-0.07677728833379871,-0.06857077664413139,False,False,False,False,-208515.0,-180027.2978282827,False,False,False,False,5682.088451642097,False,False,False,False
2025-08-04 16:00:00+00:00,952.3,954.09,950.94,951.21,2989.0,,,,,,,,,,,,,,,,,,,,,983.8509320360827,,,978.6686934410194,"rgba(38, 166, 154, 1.0)",0.0,0.0,7.903640999824153,957.2076215145704,-0.7588428566914679,0.0,0.0,0.0,0.0,0.0,0.0,0.0,0.0,69.2027403693775,15.03636281729375,True,False,True,False,True,0.6463427497478271,0,0.9159396703442271,1.0012489828359474,False,False,False,False,-0.07293975788785431,-0.07075526726599285,False,False,False,False,-211504.0,-180515.3087146659,False,False,False,False,5640.335142314313,False,False,False,False
2025-08-04 17:00:00+00:00,951.335,952.0,948.75,949.31,3249.0,,,,,,,,,,,,,,,,,,,,,983.8139394754774,,,978.6048353584647,"rgba(38, 166, 154, 1.0)",0.0,0.0,7.887762475754522,957.170400556886,-0.9965310924419177,0.0,0.0,0.0,0.0,0.0,0.0,0.0,0.0,65.61336613362332,15.03636281729375,True,False,True,False,False,0.0,0,0.912334486909419,1.0051722840806496,False,False,False,False,-0.09578716612950088,-0.08327121669774687,False,False,False,False,-214753.0,-181046.1256338184,False,False,False,False,5603.260178867579,False,False,False,False
2025-08-04 18:00:00+00:00,949.13,951.63,949.13,951.63,5241.0,,,,,,,,,,,,,,,,,,,,,983.7558040685676,,,978.5052055883912,"rgba(38, 166, 154, 1.0)",0.0,0.0,7.881739811710782,957.1510211069575,-0.7004825379739518,0.0,0.0,0.0,0.0,0.0,0.0,0.0,0.0,65.16091598378264,15.03636281729375,True,False,True,False,False,0.9410044055969635,0,0.913456138380321,1.0058407278445463,False,False,False,False,-0.09573367721080757,-0.08950244695427723,False,False,False,False,-209512.0,-181487.4570193406,False,False,False,False,5597.643741985911,False,False,False,False
2025-08-04 19:00:00+00:00,951.5,956.6,950.84,955.43,12152.0,,,,,,,,,,,,,,,,,,,,,983.6359971246261,,,978.3057043169892,"rgba(38, 166, 154, 1.0)",0.0,0.0,7.935197349910664,957.2721391484195,-0.23214786818632113,0.0,0.0,0.0,0.0,0.0,0.0,0.0,0.0,67.30338435445576,15.03636281729375,True,False,True,False,True,3.5216203234635586,0,0.9175463940437825,0.9965736933733373,False,False,False,False,-0.060109633256230206,-0.07480604010525371,False,False,False,False,-197360.0,-181733.54295702523,False,False,False,False,5699.261668466749,False,False,False,False
2025-08-05 14:00:00+00:00,939.15,946.19,935.79,942.99,6736.0,,,,,,,,,,,,,,,,,,,,,983.5415962971157,,,978.1390964210754,"rgba(38, 166, 154, 1.0)",0.0,0.0,7.831811789167817,955.2270145137879,-1.5624755603438973,0.0,0.0,0.0,0.0,0.0,0.0,0.0,0.0,58.46217432482749,13.75545967879873,True,False,True,False,False,0.0,0,0.8936523821437504,0.9987848028878799,False,False,False,False,-0.197507680432679,-0.13615686026896634,False,False,False,False,-204096.0,-182080.24771738143,False,False,False,False,5715.335130971141,False,False,False,False
2025-08-05 15:00:00+00:00,942.99,950.56,942.12,945.81,6007.0,,,,,,,,,,,,,,,,,,,,,983.4667888368595,,,978.0099886494276,"rgba(38, 166, 154, 1.0)",0.0,0.0,7.766689873726235,955.2503996626826,-1.215498470541281,0.0,0.0,0.0,0.0,0.0,0.0,0.0,0.0,54.520276829397204,10.388122525110447,True,False,True,False,False,0.0,0,0.9063765360374634,0.9911094679764796,False,False,False,False,-0.13915879031080838,-0.13765782528988735,False,False,False,False,-198089.0,-182328.44542718946,False,False,False,False,5719.857066925077,False,False,False,False
2025-08-05 16:00:00+00:00,945.61,945.61,942.02,945.51,1629.0,,,,,,,,,,,,,,,,,,,,,983.4455865065166,,,977.973205715273,"rgba(38, 166, 154, 1.0)",0.0,0.0,7.667302215924271,955.2245303364823,-1.2670076205299616,0.0,0.0,0.0,0.0,0.0,0.0,0.0,0.0,51.710499132148726,7.992327388473157,False,False,False,False,False,0.0,0,0.9154073704469313,0.9994653931142632,False,False,False,False,-0.16655637400865214,-0.15210709964926974,False,False,False,False,-199718.0,-182598.05092444236,False,False,False,False,5656.432926352595,False,False,False,False
2025-08-05 17:00:00+00:00,945.51,946.41,944.64,944.94,2370.0,,,,,,,,,,,,,,,,,,,,,983.4155298362031,,,977.9213437252524,"rgba(38, 166, 154, 1.0)",0.0,0.0,7.457663210927023,955.2001410305409,-1.3757849798724584,0.0,0.0,0.0,0.0,0.0,0.0,0.0,0.0,49.462535805865905,5.98283610335681,False,False,False,False,False,0.0,0,0.9127377294430657,1.0027412231588566,False,False,False,False,-0.14797736985195742,-0.15004223475061357,False,False,False,False,-202088.0,-182900.22067755178,False,False,False,False,5605.480477882012,False,False,False,False
2025-08-05 18:00:00+00:00,945.0,946.0,944.26,945.47,1913.0,,,,,,,,,,,,,,,,,,,,,983.3912483261944,,,977.879491165595,"rgba(38, 166, 154, 1.0)",0.0,0.0,7.3362243124245365,955.1784953875704,-1.3233640322485987,0.0,0.0,0.0,0.0,0.0,0.0,0.0,0.0,48.420346059087336,4.936675425703001,False,False,False,True,False,0.0,0,0.9055272760034234,1.0097481868552638,False,False,False,False,-0.152259556780115,-0.15115089576536428,False,False,False,False,-200175.0,-183168.04671355875,False,False,False,False,5548.232718535004,False,False,False,False
2025-08-05 19:00:00+00:00,945.59,947.21,943.23,943.61,7165.0,,,,,,,,,,,,,,,,,,,,,983.2992465790164,,,977.7210101873604,"rgba(38, 166, 154, 1.0)",0.0,0.0,7.228212890794044,955.0771602167555,-1.5864447256887264,0.0,0.0,0.0,0.0,0.0,0.0,0.0,0.0,46.343958410129,2.804731971215716,False,True,False,True,False,0.0,0,0.8952352606942827,1.015296229154829,False,False,False,False,-0.15128338658991203,-0.15121714117763815,False,False,False,False,-207340.0,-183542.80567924,False,False,False,False,5573.298877937562,False,False,False,False
2025-08-06 14:00:00+00:00,953.34,962.355,951.81,961.46,11222.0,,,,,,,,,,,,,,,,,,,,,983.2074249828867,,,977.5786653007378,"rgba(38, 166, 154, 1.0)",0.0,0.0,7.479765512177758,955.5093734706722,0.7955632458851304,0.0,0.0,0.0,0.0,0.0,0.0,0.0,0.0,54.42659541883737,-2.548455185138195,False,False,True,False,True,6.788471671551537,0,0.9048140817192138,0.9880089778029122,False,False,False,False,-0.024398737655948865,-0.0878079394167935,False,False,False,False,-196118.0,-183737.76993227503,False,False,False,False,5660.875639519925,False,False,False,False
2025-08-06 15:00:00+00:00,961.73,965.38,961.24,965.015,13317.0,,,,,,,,,,,,,,,,,,,,,983.1227262333355,,,977.4590554000723,"rgba(38, 166, 154, 1.0)",0.0,0.0,7.863994855678433,956.0810089281133,1.1360626800811835,0.0,0.0,0.0,0.0,0.0,0.0,0.0,0.0,60.78705644015798,3.1258244507605184,True,False,True,False,True,8.650843336873923,0,0.9130327493213947,0.9831670603165649,False,False,False,False,0.041643408558297255,-0.023082265429248124,False,False,False,False,-182801.0,-183723.24636743354,False,False,False,False,5779.575242007988,False,False,False,False
2025-08-06 16:00:00+00:00,965.24,967.55,965.24,966.32,12311.0,,,,,,,,,,,,,,,,,,,,,983.0551362650331,,,977.3702730906534,"rgba(38, 166, 154, 1.0)",0.0,0.0,8.275888361452086,956.5739566286069,1.1776431659939806,0.0,0.0,0.0,0.0,0.0,0.0,0.0,0.0,65.37475874938981,7.122049721975046,True,False,True,False,True,9.322534739453058,0,0.9250176318820137,0.985099943756528,False,False,False,False,0.07881585249616195,0.02786679353345691,False,False,False,False,-170490.0,-183518.07975708574,False,False,False,False,5880.837641356701,False,False,False,False
2025-08-06 17:00:00+00:00,966.29,968.01,964.94,968.0,13257.0,,,,,,,,,,,,,,,,,,,,,982.9856129406006,,,977.2814873560075,"rgba(38, 166, 154, 1.0)",0.0,0.0,8.720102046578914,957.032627529481,1.2577114822666218,0.0,0.0,0.0,0.0,0.0,0.0,0.0,0.0,68.89050481495076,10.237784237745416,True,False,True,False,True,10.18449253624221,0,0.9211924624331325,0.9788442755889281,False,False,False,False,0.08033168938736543,0.054099241460411174,False,False,False,False,-157233.0,-183110.5591406968,False,False,False,False,5995.196747692256,False,False,False,False
2025-08-06 18:00:00+00:00,968.0,970.55,967.83,969.34,12152.0,,,,,,,,,,,,,,,,,,,,,982.9313236864868,,,977.218969383814,"rgba(38, 166, 154, 1.0)",0.0,0.0,9.154549686085172,957.460119768078,1.2977023053334147,0.0,0.0,0.0,0.0,0.0,0.0,0.0,0.0,71.60463204551002,12.770600176470992,True,False,True,False,True,10.869513081817281,0,0.9242310241665324,0.9717848121674636,False,False,False,False,0.11909695738323917,0.08659809942182517,False,False,False,False,-145081.0,-182520.95357262398,False,False,False,False,6090.651061681523,False,False,False,False
2025-08-06 19:00:00+00:00,969.35,970.44,967.95,968.47,29144.0,,,,,,,,,,,,,,,,,,,,,982.8001636490577,,,977.0676748699035,"rgba(38, 166, 154, 1.0)",0.0,0.0,9.58070321621354,958.2867718220252,1.0628894297384766,0.0,0.0,0.0,0.0,0.0,0.0,0.0,0.0,72.57694853495815,13.883007064962321,True,False,True,False,True,10.27244785244574,0,0.9283748786014893,0.9715387935685764,False,False,False,False,0.13791265433035219,0.11225537687608868,False,False,False,False,-174225.0,-182392.3341373895,False,False,False,False,6448.067324291112,False,False,False,False
2025-08-07 14:00:00+00:00,974.52,981.44,974.52,975.21,5648.0,,,,,,,,,,977.0566666666667,,,,,,,,,,,982.7897383218348,,,977.0676359590243,"rgba(38, 166, 154, 1.0)",0.0,0.0,10.24080309131088,958.5210714374962,1.62965037152839,0.0,0.0,0.0,0.0,0.0,0.0,0.0,0.0,75.10429813582914,16.595037219933687,True,False,True,False,True,13.644916344930714,0,0.9344583222606077,0.9518735051820351,False,False,False,False,0.2426733121514335,0.17746434451376109,False,False,False,False,-168577.0,-182178.1429104532,False,False,False,False,6435.663179728459,False,False,False,False
2025-08-07 15:00:00+00:00,975.87,976.875,971.49,973.66,3916.0,,,,,,,,,,975.8085201449883,,,,,,,,,,,982.7787006094377,,,977.0601566412636,"rgba(38, 166, 154, 1.0)",0.0,0.0,10.784572515932146,958.6534536617859,1.391482723681888,0.0,0.0,0.0,0.0,0.0,0.0,0.0,0.0,75.34246744722259,17.267955591447844,True,False,True,False,True,12.57418492361468,0,0.9283747528946626,0.9588569613103638,False,False,False,False,0.270851921859987,0.22415813318687405,False,False,False,False,-172493.0,-182027.98565602757,False,False,False,False,6396.598634306312,False,False,False,False
2025-08-07 16:00:00+00:00,972.85,975.93,971.01,975.59,3250.0,,,,,,,,,,975.3946350345976,,,,,,,,,,,982.7697365631761,,,977.0543179114089,"rgba(38, 166, 154, 1.0)",0.0,0.0,11.372800330631335,958.7617092194818,1.4796963185217626,0.0,0.0,0.0,0.0,0.0,0.0,0.0,0.0,76.06949896811409,18.523503832958454,True,False,True,False,True,13.517758864077582,0,0.9389507664594835,0.9567501047806736,False,False,False,False,0.2609633142106728,0.24256072369877343,False,False,False,False,-169243.0,-181829.76882415116,False,False,False,False,6347.814159355827,False,False,False,False
2025-08-07 17:00:00+00:00,975.645,978.275,975.07,978.19,1604.0,,,,,,,,,,975.5930711610487,,,,,,,,,,,982.766862333632,,,977.0544417234364,"rgba(38, 166, 154, 1.0)",0.0,0.0,12.009982811985711,958.8239436967015,1.6124965877529545,0.0,0.0,0.0,0.0,0.0,0.0,0.0,0.0,77.27741021761265,20.250714464109606,True,False,True,False,True,14.76922790446044,0,0.9440230744578574,0.9492130470391335,False,False,False,False,0.3058340858549681,0.27419740477687077,False,False,False,False,-167639.0,-181609.75690439687,False,False,False,False,6274.266653009225,False,False,False,False
2025-08-07 18:00:00+00:00,978.24,978.24,976.41,976.93,4230.0,,,,,,,,,,975.956064993565,,,,,,,,,,,982.7593169979277,,,977.0548064414667,"rgba(38, 166, 154, 1.0)",0.0,0.0,12.564235794832742,958.984992185982,1.428260986744463,0.0,0.0,0.0,0.0,0.0,0.0,0.0,0.0,76.75455198759491,20.288989845487862,True,False,True,False,True,13.874647393653426,0,0.9476840400733135,0.9467765183194826,False,False,False,False,0.3151191773042796,0.29465829104057517,False,False,False,False,-171869.0,-181458.73741750699,False,False,False,False,6242.572596373422,False,False,False,False
2025-08-07 19:00:00+00:00,976.89,977.72,973.87,977.72,6432.0,,,,,,,,,,976.0793197767146,,,,,,,,,,,982.7463284664353,,,977.0523480958249,"rgba(38, 166, 154, 1.0)",0.0,0.0,13.105776766666906,959.2120574237655,1.4121973009114153,0.0,0.0,0.0,0.0,0.0,0.0,0.0,0.0,76.68179972425962,20.826710352796766,True,False,True,False,True,14.261890489379432,0,0.9481920632377291,0.9472662856735915,False,False,False,False,0.293427084960988,0.2940426880007816,False,False,False,False,-165437.0,-181210.33838777817,False,False,False,False,6245.509455344377,False,False,False,False
2025-08-08 14:00:00+00:00,980.915,987.84,980.47,984.18,5474.0,,,,,,,,,984.1633333333332,977.5276371888023,,,,,,,,,,,982.7488015134128,,,977.076335172985,"rgba(38, 166, 154, 1.0)",0.0,0.0,13.835009654647616,959.4786774978522,1.7854214141332214,0.0,0.0,0.0,0.0,0.0,0.0,0.0,0.0,78.49944121748362,23.08749384476917,True,False,True,False,True,17.311411099768787,0,0.9560019719004192,0.9338885172013092,False,False,False,False,0.3428282530904842,0.3184354705456329,False,False,False,False,-159963.0,-180880.92228874285,False,False,False,False,6233.548068439813,False,False,False,False
2025-08-08 15:00:00+00:00,984.31,984.31,980.25,983.45,4168.0,,,,,,,,,983.5178019774597,978.1449221435016,,,,,,,,,,,982.7486969350688,,,977.090665393724,"rgba(38, 166, 154, 1.0)",0.0,0.0,14.481114573102728,959.6640344014797,1.6425507496985379,0.0,0.0,0.0,0.0,0.0,0.0,0.0,0.0,78.90519212383747,23.952758434595182,True,False,True,False,True,16.780058391193332,0,0.950541177304211,0.9510903261235403,False,False,False,False,0.31818320511685705,0.318309337831245,False,False,False,False,-164131.0,-180621.2335710879,False,False,False,False,6201.52406737873,False,False,False,False
2025-08-08 16:00:00+00:00,983.475,985.79,981.94,982.15,3635.0,,,,,,,,,983.456346564234,978.6328246039401,,,,,,,,,,,982.7493265691193,,,977.104492854459,"rgba(38, 166, 154, 1.0)",0.0,0.0,15.030113338062494,959.8261664366652,1.4852738007504958,0.0,0.0,0.0,0.0,0.0,0.0,0.0,0.0,77.69573935243716,23.952758434595182,True,False,True,False,True,15.829997961645887,0,0.9649125958929953,0.9464077181509489,False,False,False,False,0.3389908618472792,0.3286500998392621,False,False,False,False,-167766.0,-180421.92762424934,False,False,False,False,6161.732996566657,False,False,False,False
2025-08-08 17:00:00+00:00,982.15,982.47,980.38,980.63,2671.0,,,,,,,,,983.0717502717164,978.7973484774625,,,,,,,,,,,982.7479776205406,,,977.1111252088122,"rgba(38, 166, 154, 1.0)",0.0,0.0,15.511637179873997,959.9326401571955,1.3343117559285678,0.0,0.0,0.0,0.0,0.0,0.0,0.0,0.0,75.17663411594907,23.952758434595182,True,False,True,False,False,14.72190663845079,0,0.9556025369978859,0.9500912524168331,False,False,False,False,0.3070696235385958,0.31785986168892894,False,False,False,False,-170437.0,-180267.12254480363,False,False,False,False,6107.613105147018,False,False,False,False
2025-08-08 18:00:00+00:00,980.6,982.87,979.65,981.155,5455.0,,,,,,,,,982.6010675294741,979.0822448708847,,,,,,,,,,,982.7453422330634,,,977.1248197148144,"rgba(38, 166, 154, 1.0)",0.0,0.0,15.98125793710563,960.1457983518221,1.31461501534233,0.0,0.0,0.0,0.0,0.0,0.0,0.0,0.0,73.75442301626244,28.024299160154726,True,False,True,False,False,14.979973400672893,0,0.9588697815467869,0.947211679892498,False,False,False,False,0.3049334155151109,0.31139663860201994,False,False,False,False,-164982.0,-180030.14390069814,False,False,False,False,6097.49507250908,False,False,False,False
2025-08-08 19:00:00+00:00,981.26,981.48,979.345,980.89,7928.0,,,,,,,,,982.0525321900606,979.299262312155,,,,,,,,,,,982.7398893807838,,,977.1414152073205,"rgba(38, 166, 154, 1.0)",0.0,0.0,16.41115522420169,960.4352988510229,1.246390084642689,0.0,0.0,0.0,0.0,0.0,0.0,0.0,0.0,72.46448700681988,26.601435051906407,True,False,True,False,False,14.781992952702502,0,0.9594173497455021,0.9490455172665875,False,False,False,False,0.29400303958358803,0.30269983909280396,False,False,False,False,-172910.0,-179919.7540727803,False,False,False,False,6125.874993865528,False,False,False,False
2025-08-11 14:00:00+00:00,983.04,983.44,977.395,981.55,5969.0,,,,,,,,,981.8398916902737,979.4471268079938,,,,,,,,,,,982.7362229594979,,,977.1546115568405,"rgba(38, 166, 154, 1.0)",0.0,0.0,16.83150454511723,960.6477570784743,1.2418523172124438,0.0,0.0,0.0,0.0,0.0,0.0,0.0,0.0,71.99541435449619,25.92871775977592,True,False,True,False,False,15.116845109623778,0,0.9480761537622289,0.9493581117940132,False,False,False,False,0.29406732337535724,0.2983835812340806,False,False,False,False,-166941.0,-179718.5330794039,False,False,False,False,6123.442823418,False,False,False,False
2025-08-11 15:00:00+00:00,981.2,987.27,980.23,986.64,4463.0,,,,,,,,,982.1624068438833,979.8095881333888,,,,,,,,,,,982.7390058233875,,,977.1749696460396,"rgba(38, 166, 154, 1.0)",0.0,0.0,17.35480250717688,960.8324872857966,1.4870530911274285,0.0,0.0,0.0,0.0,0.0,0.0,0.0,0.0,74.11895427533997,25.92871775977592,True,False,True,False,True,17.62745153059115,0,0.964872862779483,0.941747040771591,False,False,False,False,0.33747180261527665,0.3179276919246786,False,False,False,False,-162478.0,-179451.2379929015,False,False,False,False,6097.699523830124,False,False,False,False
2025-08-11 16:00:00+00:00,986.75,989.25,985.16,985.76,4076.0,,,,,,,,,982.5864661602682,980.2184800998274,,,,,,,,,,,982.7441210566961,,,977.198398871816,"rgba(38, 166, 154, 1.0)",0.0,0.0,17.81055426622991,961.0115337710065,1.389539362956175,0.0,0.0,0.0,0.0,0.0,0.0,0.0,0.0,74.3117078058147,25.92871775977592,True,False,True,False,True,16.947383822729314,0,0.9761772144963798,0.925637115698932,False,False,False,False,0.34282825315903054,0.3303779725418546,False,False,False,False,-166554.0,-179251.28081471697,False,False,False,False,6066.355345166091,False,False,False,False
2025-08-11 17:00:00+00:00,985.76,988.56,985.71,987.8,2593.0,,,,,,,,,982.8528585171146,980.4773082373124,,,,,,,,,,,982.7478851889591,,,977.2142310105789,"rgba(38, 166, 154, 1.0)",0.0,0.0,18.234917574422873,961.126338224002,1.4627793993108948,0.0,0.0,0.0,0.0,0.0,0.0,0.0,0.0,75.3579420996058,25.92871775977592,True,False,True,False,True,17.93839340285654,0,0.9791047233937444,0.9247074752760569,False,False,False,False,0.3419490537386467,0.3361635131402506,False,False,False,False,-163961.0,-179014.22219743454,False,False,False,False,6012.5048746984,False,False,False,False
2025-08-11 18:00:00+00:00,987.8,988.7,986.92,987.98,3761.0,,,,,,,,,983.2285470085469,980.8465160150388,,,,,,,,,,,982.753936895461,,,977.2382574278304,"rgba(38, 166, 154, 1.0)",0.0,0.0,18.66302115134487,961.2935007488028,1.429913144007458,0.0,0.0,0.0,0.0,0.0,0.0,0.0,0.0,76.135750085816,22.785637314191348,True,False,True,False,True,18.025962186656344,0,0.9830892400245776,0.9209852993773093,False,False,False,False,0.3428282531717929,0.33949588315602175,False,False,False,False,-160200.0,-178722.52883003245,False,False,False,False,5977.597822377495,False,False,False,False
2025-08-11 19:00:00+00:00,987.98,989.38,986.82,988.96,6915.0,,,,,,,,,983.8531249562232,981.4809169221785,,,,,,,,,,,982.7661542178065,,,977.2842984094844,"rgba(38, 166, 154, 1.0)",0.0,0.0,19.076988516899743,961.5990222239894,1.4342398828710472,0.0,0.0,0.0,0.0,0.0,0.0,0.0,0.0,77.1110855503963,23.90304022551014,True,False,True,False,True,18.50760249308465,0,0.9792428784919918,0.9221791310247448,False,False,False,False,0.3428282531778189,0.3411620681669203,False,False,False,False,-153285.0,-178328.14853809393,False,False,False,False,5992.131189472417,False,False,False,False
2025-08-12 14:00:00+00:00,983.26,983.99,980.51,981.93,4086.0,,,,,,,,,983.7389600287607,981.5122894498923,,,,,,,,,,,982.7653570124437,,,977.2961269010873,"rgba(38, 166, 154, 1.0)",0.0,0.0,19.273994643627294,961.7335159000431,1.0478618715728727,0.0,0.0,0.0,0.0,0.0,0.0,0.0,0.0,69.02671992558078,22.823956834040416,True,False,True,False,False,13.058555477023997,0,0.9719726978544433,0.9207403848768586,False,False,False,False,0.272001258503646,0.30658166333528314,False,False,False,False,-157371.0,-178003.23150649556,False,False,False,False,5962.578767930208,False,False,False,False
2025-08-12 15:00:00+00:00,981.99,986.65,981.86,986.51,2685.0,,,,,,,,,983.7922450257516,981.6177582931464,,,,,,,,,,,982.7672406168517,,,977.308441375759,"rgba(38, 166, 154, 1.0)",0.0,0.0,19.58332673636209,961.8329814905617,1.2601034973091838,0.0,0.0,0.0,0.0,0.0,0.0,0.0,0.0,66.70831585977356,20.962586311962568,False,False,True,False,False,15.368663321989764,0,0.9729653949820014,0.9201805321900828,False,False,False,False,0.2959448490534223,0.3012632561943527,False,False,False,False,-154686.0,-177641.7240412786,False,False,False,False,5911.763593233616,False,False,False,False
2025-08-12 16:00:00+00:00,986.75,989.15,986.75,988.93,2998.0,,,,,,,,988.2766666666668,983.9932752166911,981.834853319124,,,,,,,,,,,982.7724056628563,,,977.3279659257296,"rgba(38, 166, 154, 1.0)",0.0,0.0,19.859555357107908,961.9583588180924,1.358119086601512,0.0,0.0,0.0,0.0,0.0,0.0,0.0,0.0,66.47863812249314,20.87820699830941,False,False,True,False,False,16.544110218023956,0,0.9758439541364035,0.9294139143940428,False,False,False,False,0.3409730252748193,0.321118140734586,False,False,False,False,-151688.0,-177239.34072280914,False,False,False,False,5866.588963881157,False,False,False,False
2025-08-12 17:00:00+00:00,988.965,989.585,986.81,987.605,2770.0,,,,,,,,988.1438014331948,984.1526306469289,982.0151340870785,,,,,,,,,,,982.7769298632604,,,977.3454896457735,"rgba(38, 166, 154, 1.0)",0.0,0.0,20.106120303248474,962.0715055017245,1.2699364229980363,0.0,0.0,0.0,0.0,0.0,0.0,0.0,0.0,64.99964636477111,19.464122652448395,False,False,True,False,False,15.546923229175441,0,0.9723793768451071,0.9235725841094583,False,False,False,False,0.3428282531798319,0.33197319695720895,False,False,False,False,-154458.0,-176886.14164183533,False,False,False,False,5818.5798326581935,False,False,False,False
2025-08-12 18:00:00+00:00,987.59,988.32,986.735,987.28,2754.0,,,,,,,,987.9179742626926,984.2778662817731,982.1685368088825,,,,,,,,,,,982.7809430370588,,,977.3619506059661,"rgba(38, 166, 154, 1.0)",0.0,0.0,20.33106281437875,962.1802269756254,1.2345529229599974,0.0,0.0,0.0,0.0,0.0,0.0,0.0,0.0,63.67545179587338,18.135309232524392,False,True,True,False,False,15.300728440279737,0,0.9742159448963146,0.9232615226789764,False,False,False,False,0.33457235371093974,0.33327277533407434,False,False,False,False,-157212.0,-176581.11619002395,False,False,False,False,5771.066967035586,False,False,False,False
2025-08-12 19:00:00+00:00,987.16,991.5,987.07,991.11,9581.0,,,,,,,,988.9634316595776,984.9341297276636,982.859830409794,,,,,,,,,,,982.8021518372627,,,977.4326059709243,"rgba(38, 166, 154, 1.0)",0.0,0.0,20.613426916752708,963.5952907861059,1.3347954866996257,0.0,0.0,0.0,0.0,0.0,0.0,0.0,0.0,65.1073757997059,18.135309232524392,False,False,True,False,False,17.190855662596512,0,0.9709752392804205,0.923448566147539,False,False,False,False,0.3428282532018475,0.33805051426796096,False,False,False,False,-147631.0,-176132.2771793259,False,True,False,False,5830.135696228833,False,False,False,False
2025-08-13 14:00:00+00:00,976.75,976.98,970.1,976.09,16187.0,,,,,,,,982.0838709050258,983.1955174579891,981.747438870363,,,,,,,,,,,982.7599840630542,,,977.4038961842825,"rgba(239, 83, 80, 1.0)",0.0,0.0,20.6180688592928,963.7283523733577,0.59955409553649,0.0,0.0,0.0,0.0,0.0,0.0,0.0,0.0,56.09010636377819,11.212243707772565,False,True,True,False,False,6.823984269258464,0,0.9511646045307907,0.9268798525188776,False,False,False,False,0.1611147215728265,0.2495826179203937,False,False,False,False,-163818.0,-175941.35815328982,False,False,False,False,5990.707235822184,False,False,False,False
2025-08-13 15:00:00+00:00,976.5,980.08,975.97,978.37,7545.0,,,,,,,,981.372588343094,982.8346960036828,981.5393396740933,,,,,,,,,,,982.749214616568,,,977.40711955505,"rgba(239, 83, 80, 1.0)",0.0,0.0,20.611003047442285,963.9237389947432,0.7009004351706949,0.0,0.0,0.0,0.0,0.0,0.0,0.0,0.0,51.52203268978257,7.344372143629833,False,True,False,False,False,7.991145616844079,0,0.9566836291423612,0.9279419847869637,False,False,False,False,0.2113260147820739,0.2304543163512338,False,False,False,False,-156273.0,-175636.4223679675,False,False,False,False,6014.804798057499,False,False,False,False
2025-08-13 16:00:00+00:00,978.41,983.61,978.17,983.28,5306.0,,,,,,,,981.4079397269186,982.7798280189755,981.5450833700712,,,,,,,,,,,982.7474756225652,,,977.4202579301134,"rgba(239, 83, 80, 1.0)",0.0,0.0,20.659914205582655,964.1280915796063,0.9270081293570163,0.0,0.0,0.0,0.0,0.0,0.0,0.0,0.0,51.25812565310221,7.322091582769467,False,True,False,False,False,10.420627527349133,0,0.9785611640021559,0.920567630680797,False,False,False,False,0.24394365344563995,0.23719898489843688,False,False,False,False,-150967.0,-175253.95070334783,False,False,False,False,6003.81557638219,False,False,False,False
2025-08-13 17:00:00+00:00,983.18,983.18,980.15,980.48,4383.0,,,,,,,,981.3962055870403,982.7224848285283,981.5365009052106,,,,,,,,,,,982.7454808776944,,,977.429996153402,"rgba(239, 83, 80, 1.0)",0.0,0.0,20.673468063119238,964.2716377886742,0.7840175708226236,0.0,0.0,0.0,0.0,0.0,0.0,0.0,0.0,49.644529521341575,5.781937371523,False,True,False,False,False,8.655697608234938,0,0.9849862531222487,0.9131430933170405,False,False,False,False,0.25285231316165385,0.24502564903004537,False,False,False,False,-155350.0,-174945.36232035016,False,False,False,False,5978.686652717349,False,False,False,False
2025-08-13 18:00:00+00:00,980.365,980.54,977.885,978.13,3800.0,,,,,,,,981.2214306630034,982.5990893685561,981.4657900792196,,,,,,,,,,,982.7409284156744,,,977.433107208945,"rgba(239, 83, 80, 1.0)",0.0,0.0,20.647743179472673,964.3533363515231,0.6672237023062738,0.0,0.0,0.0,0.0,0.0,0.0,0.0,0.0,47.41906581231517,3.5805265485210427,False,True,False,True,False,7.201155213385746,0,0.9790121125468724,0.9192946487181558,False,False,False,False,0.22478804785731496,0.23490684844368015,False,False,False,False,-159150.0,-174700.47298205018,False,False,False,False,5944.90856507832,False,False,False,False
2025-08-13 19:00:00+00:00,978.04,979.95,976.01,978.75,7269.0,,,,,,,,980.8748064480053,982.3483583718134,981.3109092588686,,,,,,,,,,,982.7308772692987,,,977.4364568921302,"rgba(239, 83, 80, 1.0)",0.0,0.0,20.555718133235537,964.4897619616233,0.693735823090509,0.0,0.0,0.0,0.0,0.0,0.0,0.0,0.0,46.345661663447736,2.383398232147769,False,True,False,True,False,7.517035673484827,0,0.9737663735869374,0.9216849093845322,False,False,False,False,0.21081738512096931,0.22286211678232473,False,False,False,False,-151881.0,-174346.6827032587,False,False,False,False,5965.43711445695,False,False,False,False
2025-08-14 14:00:00+00:00,981.165,987.87,981.1,986.645,11324.0,,,,,,,985.205,981.5381871558639,982.583115620192,981.581647019819,,,,,,,,,,,982.7394482652365,,,977.4865801517828,"rgba(239, 83, 80, 1.0)",0.0,0.0,20.5338526282043,964.9316505087357,1.0574415763284402,0.0,0.0,0.0,0.0,0.0,0.0,0.0,0.0,50.02233084840688,2.383398232147769,False,True,False,False,True,11.369178383319568,0,0.9820603497298838,0.9069252914415691,False,False,False,False,0.2856142873886941,0.2542382020855094,False,False,False,False,-140557.0,-173822.81165359577,False,False,False,False,6048.515608806455,False,False,False,False
2025-08-14 15:00:00+00:00,986.25,987.23,983.73,985.64,6070.0,,,,,,,985.3195787819554,981.8413681389891,982.7075913234073,981.7236257344558,,,,,,,,,,,982.744626738092,,,977.5143139798339,"rgba(239, 83, 80, 1.0)",0.0,0.0,20.462399323225014,965.1511555492956,1.0012923766691113,0.0,0.0,0.0,0.0,0.0,0.0,0.0,0.0,51.84784371763986,2.383398232147769,False,True,True,False,True,10.733486663812052,0,0.9867010437155569,0.9051884535644031,False,False,False,False,0.2973144728867909,0.27577633748615016,False,False,False,False,-146627.0,-173401.17116284234,False,False,False,False,6048.848700142789,False,False,False,False
2025-08-14 16:00:00+00:00,985.71,987.11,984.38,987.11,3426.0,,,,,,,985.4644550112072,982.0203890680508,982.7888244665922,981.8125964387102,,,,,,,,,,,982.7482377814737,,,977.5311774875998,"rgba(239, 83, 80, 1.0)",0.0,0.0,20.41712557020715,965.2756717121247,1.069412450484028,0.0,0.0,0.0,0.0,0.0,0.0,0.0,0.0,53.82251298889065,-2.1670380208717503,False,True,True,False,True,11.431804041953143,0,1.0017642747925848,0.9012910872456499,False,False,False,False,0.3004438630380953,0.2881101002621227,False,False,False,False,-143201.0,-172932.9514548913,False,False,False,False,6008.184379210343,False,False,False,False
2025-08-14 17:00:00+00:00,987.11,988.23,986.505,987.03,1806.0,,,,,,,985.6073757329326,982.1313233355628,982.8429225297007,981.8690271063703,,,,,,,,,,,982.750719163233,,,977.5411193315574,"rgba(239, 83, 80, 1.0)",0.0,0.0,20.378689286951502,965.3448485632567,1.064109233493651,0.0,0.0,0.0,0.0,0.0,0.0,0.0,0.0,55.07892628901771,-0.7554771209053968,False,True,True,False,True,11.379681416208545,0,1.006067417783748,0.8979869696720483,False,False,False,False,0.3197317249805169,0.3039209126213198,False,False,False,False,-145007.0,-172499.99096721856,False,False,False,False,5943.034233796228,False,False,False,False
2025-08-14 18:00:00+00:00,986.99,986.99,979.95,980.39,4848.0,,,,,,,985.0490559559341,982.1481177715848,982.8303388417581,981.8845792417491,,,,,,,,,,,982.7502655181203,,,977.5545369899367,"rgba(239, 83, 80, 1.0)",0.0,0.0,20.26957374472515,965.4648982093702,0.7363303233998121,0.0,0.0,0.0,0.0,0.0,0.0,0.0,0.0,51.588329782956315,-0.7554771209053968,False,True,False,False,False,7.182257879489406,0,0.9933162233487812,0.8939755321174963,False,False,False,False,0.2737568416343057,0.28883887712781275,False,False,False,False,-149855.0,-172148.90583594385,False,False,False,False,5926.056958853651,False,False,False,False
2025-08-14 19:00:00+00:00,980.61,980.77,975.36,975.36,13091.0,,,,,,,982.504202144706,981.515536555575,982.3862050922847,981.5628699178106,,,,,,,,,,,982.7280892367181,,,977.5516668730927,"rgba(239, 83, 80, 1.0)",0.0,0.0,20.128119746329546,965.6120378423863,0.4842957156686899,0.0,0.0,0.0,0.0,0.0,0.0,0.0,0.0,46.86477048035742,2.9643761646427933,False,True,False,True,False,4.207105801019896,0,0.9832887880996738,0.9045652115223667,False,False,False,False,0.21177822049696848,0.2503085488123906,False,False,False,False,-162946.0,-172006.22512530905,False,False,False,False,6037.141347088477,False,False,False,False
2025-08-15 14:00:00+00:00,974.22,975.375,970.36,972.9,5156.0,,,,,,,981.4186839016353,981.1043854595589,982.1015095077421,981.3358876615994,,,,,,,,,,,982.7127146852403,,,977.5382017474251,"rgba(239, 83, 80, 1.0)",0.0,0.0,19.915460461346274,965.6215201566872,0.3654688204392511,0.0,0.0,0.0,0.0,0.0,0.0,0.0,0.0,42.69978844094076,-0.8688514348114893,False,True,False,True,False,2.8015108823141723,0,0.9810925503029871,0.9136532825058885,False,False,False,False,0.15366069963483742,0.20198462422361402,False,False,False,False,-168102.0,-171945.69450321124,False,False,False,False,6023.480240932066,False,False,False,False
2025-08-15 15:00:00+00:00,972.54,973.23,967.39,968.73,4626.0,,,,,,,980.3496007044446,980.6406774098341,981.779237110642,981.0711903806689,,,,,,,,,,,982.6946329682817,,,977.5182063729434,"rgba(239, 83, 80, 1.0)",0.0,0.0,19.62804553473354,965.6860070499628,0.15508385410308115,0.0,0.0,0.0,0.0,0.0,0.0,0.0,0.0,38.38279683988473,-4.799075439155899,False,True,False,True,False,0.4844968156347065,0,0.9772833011237566,0.9140630591940444,False,False,False,False,0.12546018555708996,0.163722404890352,False,False,False,False,-172728.0,-171957.82327060332,False,False,False,False,6001.8138806075385,False,False,False,False
2025-08-15 16:00:00+00:00,968.73,969.68,967.96,968.41,1686.0,,,,,,,979.9715843150822,980.4648003652458,981.6555448120031,980.9685996839977,,,,,,,,,,,982.6874950597074,,,977.509911696835,"rgba(239, 83, 80, 1.0)",0.0,0.0,19.317111584862843,965.66079497047,0.1423196743184068,0.0,0.0,0.0,0.0,0.0,0.0,0.0,0.0,35.391023308933185,-7.516865463955227,False,True,False,True,False,0.3088765393867199,0,0.983586402469668,0.9160295067844062,False,False,False,False,0.10912442134873046,0.13642341311954123,False,False,False,False,-174414.0,-171995.90352997382,False,False,False,False,5934.902037497344,False,False,False,False
2025-08-15 17:00:00+00:00,968.55,971.52,968.24,971.52,1368.0,,,,,,,979.7270674082259,980.346413492652,981.5701450838459,980.8982354328391,,,,,,,,,,,982.6824291036129,,,977.5045199535936,"rgba(239, 83, 80, 1.0)",0.0,0.0,18.88827658666812,965.6661594646582,0.3099192511546324,0.0,0.0,0.0,0.0,0.0,0.0,0.0,0.0,36.019443492206605,-7.516865463955227,False,True,False,True,False,1.9933480075166123,0,0.9797070792176831,0.9165337109872179,False,False,False,False,0.1207393752237038,0.1285813941716225,False,False,False,False,-173046.0,-172012.18409540056,False,False,False,False,5864.097354745447,False,False,False,False
2025-08-15 18:00:00+00:00,971.31,974.19,971.05,973.865,1947.0,,,,,,,979.4916577232542,980.2257148206871,981.4787473966925,980.8242396890608,,,,,,,,,,,982.6767591730354,,,977.4996830500738,"rgba(239, 83, 80, 1.0)",0.0,0.0,18.392456476836195,965.7073880833383,0.4435303096644851,0.0,0.0,0.0,0.0,0.0,0.0,0.0,0.0,38.24455799724457,-7.516865463955227,False,True,False,True,True,3.2385568995399368,0,0.9825686019965085,0.9138367876807373,False,False,False,False,0.15092170010072423,0.13975154713617338,False,False,False,False,-171099.0,-171998.0262024486,False,False,False,False,5803.3671631990055,False,False,False,False
2025-08-15 19:00:00+00:00,973.95,974.255,970.63,971.885,6167.0,,,,,,,978.7663356092011,979.8297280997195,981.1762127966294,980.5762603077907,,,,,,,,,,,982.6573977172463,,,977.4817724708871,"rgba(239, 83, 80, 1.0)",0.0,0.0,17.86553599194105,965.7593169033823,0.34287709584424886,0.0,0.0,0.0,0.0,0.0,0.0,0.0,0.0,38.64870946350646,-7.516865463955227,False,True,False,True,True,2.105475094613851,0,0.9815761714908912,0.9146121252212465,False,False,False,False,0.14895875237260403,0.1443551497543887,False,False,False,False,-177266.0,-172079.70021481373,False,False,False,False,5809.00488159902,False,False,False,False
2025-08-18 14:00:00+00:00,972.97,977.09,972.24,976.19,4426.0,,,,,,,978.5251711125603,979.6693876198774,981.0381309388312,980.4663103103703,,,,,,,,,,,982.6474307587434,,,977.4761267311704,"rgba(239, 83, 80, 1.0)",0.0,0.0,17.38744547779534,965.8425305836943,0.5951115377770723,0.0,0.0,0.0,0.0,0.0,0.0,0.0,0.0,42.07587462532581,-7.516865463955227,False,True,False,True,True,4.374725759609813,0,0.988464736969177,0.9088982482495904,False,False,False,False,0.17362450606349605,0.1589898279089424,False,False,False,False,-172840.0,-172091.4878083825,False,False,False,False,5787.562945450198,False,False,False,False
2025-08-18 15:00:00+00:00,976.105,977.12,974.63,976.77,2759.0,,,,,,,978.4307210334788,979.5959212981651,980.9693609482916,980.4125340746057,,,,,,,,,,,982.6420606352967,,,977.4741435761566,"rgba(239, 83, 80, 1.0)",0.0,0.0,16.888126118988854,965.897387368025,0.6438021930538492,0.0,0.0,0.0,0.0,0.0,0.0,0.0,0.0,44.755020865854966,-11.730242844761179,False,True,False,True,True,4.67569476562743,0,0.988118138627681,0.908810292841357,False,False,False,False,0.18713991258232096,0.17306487024563166,False,False,False,False,-170081.0,-172060.31745476415,False,False,False,False,5740.608481179652,False,False,False,False
2025-08-18 16:00:00+00:00,976.895,977.75,976.175,976.53,4328.0,,,,,,,978.3351629740191,979.507281627968,980.8793075772764,980.3432683305134,,,,,,,,,,,982.6344927090861,,,977.4725812955436,"rgba(239, 83, 80, 1.0)",0.0,0.0,16.24399395230698,965.9837281178919,0.6492413080842263,0.0,0.0,0.0,0.0,0.0,0.0,0.0,0.0,46.36289299028436,-9.981490164908138,False,True,False,True,True,4.532586767319689,0,0.9865960212297363,0.9159295230530378,False,False,False,False,0.19934482287820143,0.18620484656191655,False,False,False,False,-174409.0,-172096.73113763603,False,False,False,False,5718.707574494696,False,False,False,False
2025-08-18 17:00:00+00:00,977.03,977.68,976.13,976.535,1893.0,,,,,,,978.2959113822113,979.4697611637117,980.8407916693561,980.313498283092,,,,,,,,,,,982.6311679662281,,,977.4718621507786,"rgba(239, 83, 80, 1.0)",0.0,0.0,15.961021927590867,966.0179470050647,0.6589210291576056,0.0,0.0,0.0,0.0,0.0,0.0,0.0,0.0,47.43900952351092,-8.669046403325396,False,True,False,False,True,4.535277326084401,0,0.989133200072688,0.9139741958931488,False,False,False,False,0.19869806688890054,0.19245145672540853,False,False,False,False,-172516.0,-172103.23143007577,False,False,False,False,5659.394278766096,False,False,False,False
2025-08-18 18:00:00+00:00,976.535,977.63,974.21,977.42,2173.0,,,,,,,978.2430362501187,979.4223184452859,980.7936011743938,980.2764953538076,,,,,,,,,,,982.627120420827,,,977.4706068688307,"rgba(239, 83, 80, 1.0)",0.0,0.0,15.629604475293604,966.0526526530205,0.7272959059807534,0.0,0.0,0.0,0.0,0.0,0.0,0.0,0.0,48.953225554944076,-6.910680311814147,False,True,False,False,True,5.0178785807422095,0,0.9876022946630059,0.9065912654178329,False,False,False,False,0.1876438277477351,0.19004764223657183,False,False,False,False,-170343.0,-172075.94102030716,False,False,False,False,5605.341654289103,False,False,False,False
2025-08-18 19:00:00+00:00,977.67,981.25,977.17,979.27,9299.0,,,,,,,978.3492691151673,979.4103148394256,980.7252953123653,980.2355978342335,,,,,,,,,,,982.6176733644754,,,977.4795462942624,"rgba(239, 83, 80, 1.0)",0.0,0.0,15.299955867570784,966.2684346433592,0.8497779646670999,0.0,0.0,0.0,0.0,0.0,0.0,0.0,0.0,51.56859875207637,-4.166032161274778,False,True,True,False,True,6.025523443208712,0,0.9969991413205589,0.8973923261174127,False,False,False,False,0.22475962403677088,0.20740363313667137,False,False,False,False,-161044.0,-171904.90317503107,False,False,False,False,5662.607675152838,False,False,False,False
2025-08-19 14:00:00+00:00,987.47,988.0,976.7,977.0,10127.0,,,,,,,978.5819212598425,979.4839126909806,980.7180913216616,980.2491129994519,,,,,,,,,,,982.6114806091148,,,977.4965345325289,"rgba(239, 83, 80, 1.0)",0.0,0.0,14.91197510256518,966.5089750258023,0.703530209917866,0.0,0.0,0.0,0.0,0.0,0.0,0.0,0.0,51.00899721158327,-4.166032161274778,False,True,False,False,True,4.590660065815246,0,0.9969085078220088,0.8847264295930419,False,False,False,False,0.2607592300031258,0.23408143156989858,False,False,False,False,-171171.0,-171893.52483123212,False,False,False,False,5731.823060034189,False,False,False,False
2025-08-19 15:00:00+00:00,976.81,979.45,976.81,978.41,6256.0,,,,,,,978.5600939259489,979.4362242822617,980.6500113123487,980.1992825537628,,,,,,,,,,,982.6033109362775,,,977.4989968896867,"rgba(239, 83, 80, 1.0)",0.0,0.0,14.555648929739624,966.6057774219968,0.8109719212782874,0.0,0.0,0.0,0.0,0.0,0.0,0.0,0.0,51.94458358190373,-3.2443630476809915,False,True,True,False,True,5.372177550238256,0,0.9987216703507421,0.8994380675916797,False,False,False,False,0.21251323692739207,0.22329733424864534,False,False,False,False,-164915.0,-171785.33064780215,False,False,False,False,5739.949834297225,False,False,False,False
2025-08-19 16:00:00+00:00,978.8,980.89,977.62,979.68,3661.0,,,,,,,978.5888686265114,979.4353675087261,980.6303105075372,980.1878930109425,,,,,,,,,,,982.5998211057489,,,977.5027518061953,"rgba(239, 83, 80, 1.0)",0.0,0.0,14.101420198110127,966.6715854367827,0.9224896769589647,0.0,0.0,0.0,0.0,0.0,0.0,0.0,0.0,53.700582756920014,-1.2711110570782012,False,False,True,False,True,6.075317434168856,0,0.9997152948922129,0.9011539453900009,False,False,False,False,0.22527130750521956,0.22428432087693245,False,False,False,False,-161254.0,-171622.0542036502,False,False,False,False,5707.718053920524,False,False,False,False
2025-08-19 17:00:00+00:00,979.5,980.65,977.65,978.56,3660.0,,,,,,,978.6009846771483,979.4251512536914,980.6043657030294,980.1706237363798,,,,,,,,,,,982.5958579840428,,,977.5056156207263,"rgba(239, 83, 80, 1.0)",0.0,0.0,13.88346151374607,966.7316546271211,0.8519737935073012,0.0,0.0,0.0,0.0,0.0,0.0,0.0,0.0,53.57428249102725,-1.0721317950249585,False,False,True,False,True,5.345176070542401,0,0.9983399526975771,0.9031282074166626,False,False,False,False,0.22407755937478707,0.22418094012585976,False,False,False,False,-164914.0,-171518.0533632835,False,False,False,False,5675.9704871930735,False,False,False,False
2025-08-19 18:00:00+00:00,978.63,978.85,977.28,977.34,4420.0,,,,,,,978.5709697541268,979.3851758982175,980.5533585488686,980.1316300032448,,,,,,,,,,,982.5896021910615,,,977.5063713237181,"rgba(239, 83, 80, 1.0)",0.0,0.0,13.66869880123868,966.7904594582211,0.7718028391131794,0.0,0.0,0.0,0.0,0.0,0.0,0.0,0.0,52.122760865453834,-1.0721317950249585,False,False,True,False,True,4.548891756330214,0,1.0003409692499576,0.9028058180121488,False,False,False,False,0.21177822049696848,0.21797958031141412,False,False,False,False,-169334.0,-171484.1920708295,False,False,False,False,5656.498076538917,False,False,False,False
2025-08-19 19:00:00+00:00,977.345,980.785,977.18,980.41,10095.0,,,,,,,978.6428563728481,979.3891209013291,980.5093323283575,980.1070180701806,,,,,,,,,,,982.5802558770953,,,977.5169179180621,"rgba(239, 83, 80, 1.0)",0.0,0.0,13.487949530621972,966.9583268469971,0.9973104601602513,0.0,0.0,0.0,0.0,0.0,0.0,0.0,0.0,54.182159989480766,-0.08612434669973368,False,False,True,False,True,6.297267739293094,0,1.0027932460742361,0.8929703307131727,False,False,False,False,0.2221745448943325,0.2200770626028733,False,False,False,False,-159239.0,-171294.34413174688,False,False,False,False,5725.312059848392,False,False,False,False
2025-08-20 14:00:00+00:00,993.905,994.165,988.91,990.065,7505.0,,,,,,991.0466666666666,979.3474636244138,979.8384551983289,980.8151562195864,980.3964471678847,,,,,,,,,,,982.599001551509,,,977.5710474143951,"rgba(38, 166, 154, 1.0)",0.0,0.0,13.386200589274067,967.2660917227853,1.703164996308422,0.0,0.0,0.0,0.0,0.0,0.0,0.0,0.0,60.94160548972678,6.250825828553872,True,False,True,False,True,11.365186077392302,0,1.0073809795138373,0.8854896254284382,False,False,False,False,0.3428282532450412,0.28145265792395724,False,False,False,False,-151734.0,-170991.0829824175,False,False,False,False,5752.904120936014,False,False,False,False
2025-08-20 15:00:00+00:00,990.5,993.11,988.97,991.895,3754.0,,,,,,991.1394691654084,979.6783927524392,980.0557262862112,980.9655469429969,980.5391837871942,,,,,,,,,,,982.6086549385598,,,977.5985166840459,"rgba(38, 166, 154, 1.0)",0.0,0.0,13.330211421789791,967.4153793089306,1.8364015330660532,0.0,0.0,0.0,0.0,0.0,0.0,0.0,0.0,66.09767912141382,10.808526275523974,True,False,True,False,True,12.260284679650443,0,1.0104215015719833,0.8875353586660474,False,False,False,False,0.337016849936178,0.3092347539300676,False,False,False,False,-147980.0,-170634.3220059459,False,False,False,False,5721.913359371115,False,False,False,False
2025-08-20 16:00:00+00:00,992.34,994.16,991.51,993.61,3761.0,,,,,,991.6287157123835,980.039725337554,980.2982009560307,981.1369558831633,980.7013360910399,,,,,,,,,,,982.6202626789548,,,977.6294585840544,"rgba(38, 166, 154, 1.0)",0.0,0.0,13.279602935222986,967.5746648288557,1.9605507256612213,0.0,0.0,0.0,0.0,0.0,0.0,0.0,0.0,70.12070768649357,14.257859259712518,True,False,True,False,True,13.093011849738144,0,1.0136111918156772,0.8906702587535104,False,False,False,False,0.34282825326855443,0.326031503599311,False,False,False,False,-144219.0,-170224.78212988473,False,False,False,False,5691.511601861485,False,False,False,False
2025-08-20 17:00:00+00:00,993.54,994.01,992.55,992.64,3865.0,,,,,,991.9230064425028,980.3905976780002,980.5376600271724,981.3077470931846,980.8633159746349,,,,,,,,,,,982.6321343465111,,,977.6610729983656,"rgba(38, 166, 154, 1.0)",0.0,0.0,13.189696706758744,967.7336390587085,1.8883194583639538,0.0,0.0,0.0,0.0,0.0,0.0,0.0,0.0,71.62382378980391,15.478012517992681,True,False,True,False,True,12.423329170766106,0,1.019660711286345,0.8835739354131485,False,False,False,False,0.34282825327640254,0.33442987843785676,False,False,False,False,-148084.0,-169881.5141898865,False,False,False,False,5663.193592530299,False,False,False,False
2025-08-20 18:00:00+00:00,992.64,993.785,990.37,992.9,2942.0,,,,,,991.9807843496586,980.6308988611868,980.7039350833044,981.426801332058,980.9767379495804,,,,,,,,,,,982.6405349004849,,,977.6839380621957,"rgba(38, 166, 154, 1.0)",0.0,0.0,13.071935457447386,967.8475534705054,1.9165062902159284,0.0,0.0,0.0,0.0,0.0,0.0,0.0,0.0,72.73972791790004,16.547062463332338,True,False,True,False,True,12.553170674981672,0,1.0163465106826661,0.882349302843409,False,False,False,False,0.32919266339522507,0.33181127091654095,False,False,False,False,-145142.0,-169497.9558303534,False,False,False,False,5621.004544584092,False,False,False,False
2025-08-20 19:00:00+00:00,992.93,996.02,992.79,994.39,11239.0,,,,,,992.8030659892337,981.612335254971,981.4027564152035,981.9399309460963,981.4646079563219,,,,,,,,,,,982.6792342395369,,994.4,977.7827427199741,"rgba(38, 166, 154, 1.0)",1.0,987.925,12.935687594426806,969.5728111534694,1.9185055811971528,-1.0,996.02,992.79,0.0,0.0,0.0,0.0,0.0,74.14983142670137,18.03387556247209,True,False,True,False,True,13.301789078750748,0,1.0192365335449178,0.8779158952658023,False,False,False,False,0.34282825329577243,0.33731976210615666,False,False,False,False,-133903.0,-168946.09605003783,False,False,False,False,5708.105249319223,False,True,False,False
2025-08-21 14:00:00+00:00,980.41,983.25,979.585,981.02,4531.0,,,,,,991.4149670186451,981.6031917670001,981.400382974054,981.9296514607239,981.4620142507622,,,,,,,,,,,982.6773869187987,,990.6318284717818,977.7910684864498,"rgba(239, 83, 80, 1.0)",0.0,0.0,12.560195358054735,969.4467067597976,0.921426212752377,0.0,0.0,0.0,0.0,0.0,0.0,0.0,0.0,63.63909445983305,20.51239164836339,True,False,True,False,False,4.567910977239677,0,1.0129829824652155,0.8802651769858099,False,False,False,False,0.20317467376617956,0.2702472179361681,False,False,False,False,-138434.0,-168473.04029732407,False,False,False,False,5689.855555531328,False,False,False,False
2025-08-21 15:00:00+00:00,981.3,983.545,977.97,978.65,7035.0,,,,,,989.6243825058253,981.5388377628356,981.359557871838,981.8850540326978,981.4311586750877,,,,,,,,,,,982.6720032187144,,987.3690357377768,977.799393969966,"rgba(239, 83, 80, 1.0)",0.0,0.0,12.218705677833022,969.3632730530011,0.7600417909931922,0.0,0.0,0.0,0.0,0.0,0.0,0.0,0.0,55.47090525418515,13.370787923291743,True,False,True,False,False,3.169401944842246,0,1.0148387816579276,0.877393386486324,False,False,False,False,0.19632362090994881,0.23328541942305847,False,False,False,False,-145469.0,-168116.38850976867,False,False,False,False,5710.710508158749,False,False,False,False
2025-08-21 16:00:00+00:00,978.665,978.71,974.57,974.65,1818.0,,,,,,989.090226480086,981.4797245345743,981.317675197763,981.8489524502519,981.4004214272579,,,,,,,,,,,982.6684529932832,,986.5278983064613,977.7976634160751,"rgba(239, 83, 80, 1.0)",0.0,0.0,11.96100516016564,969.3283294011432,0.44491834319910367,0.0,0.0,0.0,0.0,0.0,0.0,0.0,0.0,48.27306408598449,7.233750272715689,False,True,False,True,False,0.8727318743587595,0,1.0082887401973843,0.8908720785411813,False,False,False,False,0.1539646902053491,0.19362505481420378,False,False,False,False,-147287.0,-167793.45225380326,False,False,False,False,5650.358407257063,False,False,False,False
2025-08-21 17:00:00+00:00,974.65,975.35,969.28,970.97,3911.0,,,,,,987.7526568839643,981.2648532726002,981.1620851959735,981.7194405336516,981.2862295127992,,,,,,,,,,,982.6561452646212,,984.518363122357,977.7855741782896,"rgba(239, 83, 80, 1.0)",0.0,0.0,11.29873752694391,969.2150049345877,0.15532665142696142,0.0,0.0,0.0,0.0,0.0,0.0,0.0,0.0,42.09608511177288,1.994955999735744,False,True,False,True,False,0.0,0,0.9948292807999662,0.9007478312892608,False,False,False,False,0.11005138238710505,0.1518382186006544,False,False,False,False,-151198.0,-167536.15842041097,False,False,False,False,5623.391610245326,False,False,False,False
2025-08-21 18:00:00+00:00,970.97,971.05,968.19,969.0,5582.0,,,,,,985.9227567345332,980.8984542013976,980.8923666175881,981.4957055188413,981.0866718206285,,,,,,,,,,,982.6346442543947,,982.0469046781568,977.761288326013,"rgba(239, 83, 80, 1.0)",0.0,0.0,10.721331856810133,969.0514136732247,-0.004795455817558482,0.0,0.0,0.0,0.0,0.0,0.0,0.0,0.0,37.29919748202401,-2.1177594937684887,False,True,False,True,False,0.0,0,0.995611295993704,0.9058524608395855,False,False,False,False,0.08291082394427743,0.11737452127246592,False,False,False,False,-156780.0,-167369.39627435806,False,False,False,False,5622.749879853925,False,False,False,False
2025-08-21 19:00:00+00:00,969.0,971.05,967.62,969.93,13434.0,,,,,,982.7491471236865,980.111404246289,980.2976356811207,980.9942326159293,980.6374992210286,,,,,,,,,,,982.5836507052832,,978.5115247108307,977.704245936111,"rgba(239, 83, 80, 1.0)",0.0,0.0,10.077523544197353,968.7934808595816,0.11277762194589908,0.0,0.0,0.0,0.0,0.0,0.0,0.0,0.0,34.94693203597989,-4.220249948979927,False,True,False,True,False,0.0,0,0.9953020420343611,0.9021955066717822,False,False,False,False,0.0800484729261645,0.0987114970993152,False,False,False,False,-143346.0,-166996.94051816646,False,False,False,False,5743.854532879446,False,False,False,False
2025-08-22 14:00:00+00:00,968.07,969.98,962.06,963.5,4423.0,,,,,,981.6961886178862,979.7785534057081,980.0414516899419,980.7789362305724,980.4421405011185,,,,,,,,,,,982.5613768057655,,977.3769868970427,977.6757240116481,"rgba(239, 83, 80, 1.0)",0.0,0.0,9.459380178448733,968.6816508618147,-0.5477791106884565,0.0,0.0,0.0,0.0,0.0,0.0,0.0,0.0,31.217164141127096,-7.850497780816141,False,True,False,True,False,0.0,0,0.9874296134331764,0.9045444184613304,False,False,False,False,0.04683857527901384,0.07277503618916452,False,False,False,False,-147769.0,-166698.83291323364,False,False,False,False,5723.3761680286025,False,False,False,False
2025-08-22 15:00:00+00:00,963.5,966.02,961.95,963.36,4422.0,,,,,,980.6831727646953,979.4296950133278,979.7704812183134,980.550625674398,980.2341900592389,,,,,,,,,,,982.5373715217946,,976.3105693767178,977.6441502230638,"rgba(239, 83, 80, 1.0)",0.0,0.0,8.821338470179793,968.5654280932018,-0.5900950417896982,0.0,0.0,0.0,0.0,0.0,0.0,0.0,0.0,28.689275607369577,-10.49919814398956,False,True,False,True,False,0.0,0,0.989821604465361,0.9095225667404717,False,False,False,False,0.02650747218793981,0.04964125418855216,False,False,False,False,-152191.0,-166473.90527116798,False,False,False,False,5703.199793330485,False,False,False,False
2025-08-22 16:00:00+00:00,963.49,963.5,958.22,958.74,6079.0,,,,,,979.2027526759271,978.868786871409,979.3312546745436,980.1809158181393,979.8955399044756,,,,,,,,,,,982.4981167998503,,974.7383979468792,977.5896986145209,"rgba(239, 83, 80, 1.0)",0.0,0.0,8.157002686029253,968.3690565080891,-1.180465040741138,0.0,0.0,0.0,0.0,0.0,0.0,0.0,0.0,25.72418735812211,-13.677558189084095,False,True,False,True,False,0.0,0,0.9928262537196428,0.9104504033651696,False,False,False,False,-0.004676728590116046,0.02248226279921806,False,False,False,False,-158270.0,-166346.71294138243,False,False,False,False,5709.02615312381,False,False,False,False
2025-08-22 17:00:00+00:00,958.9,958.96,955.865,957.85,6137.0,,,,,,977.7339917401978,978.2606387506781,978.8499876580115,979.7743979694817,979.5216100384981,,,,,,,,,,,982.4540408256753,,973.2017047557972,977.5269401418234,"rgba(239, 83, 80, 1.0)",0.0,0.0,8.270915624665681,968.1537328311488,-1.2457789800709322,0.0,0.0,0.0,0.0,0.0,0.0,0.0,0.0,23.523057858672814,-16.218998866042334,False,True,False,True,False,0.0,0,0.9890491858601204,0.913667425968109,False,False,False,False,-0.039092121215097884,-0.008304929207939913,False,False,False,False,-164407.0,-166316.63987252378,False,False,False,False,5715.6614065637505,False,False,False,False
2025-08-22 18:00:00+00:00,957.73,958.23,953.12,954.96,14498.0,,,,,,974.6533843326727,976.8191016984102,977.688061301449,978.7833063779188,978.6053583748802,,,,,,,,,,,982.3417110410425,,970.1026718927352,977.3646424548107,"rgba(239, 83, 80, 1.0)",0.0,0.0,8.57351980343478,967.6473940276874,-1.479834924111848,0.0,0.0,0.0,0.0,0.0,0.0,0.0,0.0,21.351265884298638,-18.80172852759621,False,True,False,True,False,0.0,0,0.9833840924769905,0.9159950194343016,False,False,False,False,-0.05646710498977167,-0.032386017098855795,False,False,False,False,-178905.0,-166511.80824659317,False,False,False,False,5851.82169483408,False,False,False,False
2025-08-22 19:00:00+00:00,955.11,959.405,953.68,958.21,15120.0,,,,,,972.4424796622687,975.6003970959287,976.6748618167181,977.8998748091467,977.784637011425,,,,,,,,,,,982.2327267525286,,968.1009656856257,977.210538204127,"rgba(239, 83, 80, 1.0)",0.0,0.0,8.780131511054934,967.2494817629247,-1.0295383106213356,0.0,0.0,0.0,0.0,0.0,0.0,0.0,0.0,23.29682438249536,-18.80172852759621,False,True,False,True,False,0.0,0,0.9886990448002156,0.912972554823086,False,False,False,False,-0.047788509656892346,-0.04008726337787407,False,False,False,False,-163785.0,-166469.53214974675,False,False,False,False,5995.514381735877,False,False,False,False
2025-08-25 14:00:00+00:00,952.8,953.97,944.75,944.93,14338.0,,,,,,969.8223549538423,974.0660416747103,975.391235513792,976.7833981965249,976.7403877405877,,,,,,,,,,,982.0926719869299,,965.5257845697821,977.0005827855516,"rgba(239, 83, 80, 1.0)",0.0,0.0,9.527687598417641,966.6759301441892,-2.282393279540447,0.0,0.0,0.0,0.0,0.0,0.0,0.0,0.0,21.32618509319383,-19.763344802894338,False,True,False,True,False,0.0,0,0.9636256650809705,0.9186073494555036,False,False,False,False,-0.11998406134644636,-0.08003566236216021,False,False,False,False,-178123.0,-166650.2060699057,False,False,False,False,6124.855244034546,False,False,False,False
2025-08-25 15:00:00+00:00,944.62,947.25,943.225,946.99,10626.0,,,,,,968.0637608720635,972.9529515042725,974.4454721348483,975.9528098681154,975.9603430804593,,,,,,,,,,,981.9833998862343,,963.8262078337784,976.8360317782365,"rgba(239, 83, 80, 1.0)",0.0,0.0,10.140316464493015,966.2514175755696,-1.899488802249386,0.0,0.0,0.0,0.0,0.0,0.0,0.0,0.0,21.64263138378741,-20.07516772144189,False,True,False,True,False,0.0,0,0.9653717130180721,0.9281213321901556,False,False,False,False,-0.1619425255560329,-0.12098909395909654,False,False,False,False,-167497.0,-166663.33465796916,False,False,False,False,6194.640434049514,False,False,False,False
2025-08-25 16:00:00+00:00,946.79,947.11,944.76,946.72,4152.0,,,,,,967.4551200068825,972.5471860298629,974.0967888410919,975.6441386512632,975.6697991705385,,,,,,,,,,,981.9413225389201,,963.2514082348475,976.7729778490741,"rgba(239, 83, 80, 1.0)",0.0,0.0,10.71046124880857,966.0967395279309,-1.8091414625197746,0.0,0.0,0.0,0.0,0.0,0.0,0.0,0.0,21.789343729394304,-20.64716447091546,False,True,False,True,False,0.0,0,0.9657714586624543,0.9290938422060062,False,False,False,False,-0.15480756439017718,-0.13789832917463685,False,False,False,False,-171649.0,-166740.6317950549,False,False,False,False,6162.971590110761,False,False,False,False
2025-08-25 17:00:00+00:00,946.86,947.01,944.6,946.66,3575.0,,,,,,966.955075462475,972.2061679267663,973.8022641137571,975.3825043396866,975.4232496951586,,,,,,,,,,,981.905063964126,,962.7827859125165,976.7187053607356,"rgba(239, 83, 80, 1.0)",0.0,0.0,11.290822462245236,965.9662885805567,-1.7099098533445165,0.0,0.0,0.0,0.0,0.0,0.0,0.0,0.0,21.871262368625764,-21.31956746059996,False,True,False,True,False,0.0,0,0.9663981530276801,0.9270830719298684,False,False,False,False,-0.15613617163175192,-0.14701725040319438,False,False,False,False,-175224.0,-166872.15688350366,False,False,False,False,6122.847999566407,False,False,False,False
2025-08-25 18:00:00+00:00,946.79,946.85,942.3,942.395,6878.0,,,,,,965.9594408666145,971.5199617455385,973.2082464800236,974.854412605194,974.9249069771537,,,,,,,,,,,981.8311580941942,,961.8376984305529,976.6072252079133,"rgba(239, 83, 80, 1.0)",0.0,0.0,11.98271667335673,965.6974484491259,-1.9446715702573787,0.0,0.0,0.0,0.0,0.0,0.0,0.0,0.0,20.844600663106384,-22.998695644904586,False,True,False,True,False,0.0,0,0.9604501902153558,0.9279679006384906,False,False,False,False,-0.16873461866679482,-0.1578759345349946,False,False,False,False,-182102.0,-167108.27848220905,False,False,False,False,6134.555782518866,False,False,False,False
2025-08-25 19:00:00+00:00,942.39,942.96,940.63,941.65,21157.0,,,,,,963.1258088471197,969.4573357477007,971.3993982214951,973.23247297387,973.3887253927893,,,,,,,,,,,981.5931294917423,,959.1635707904753,976.2473002839043,"rgba(239, 83, 80, 1.0)",0.0,0.0,12.654004060606,964.8652497890429,-1.8346169068584226,0.0,0.0,0.0,0.0,0.0,0.0,0.0,0.0,19.98405055011944,-24.437037440694954,False,True,False,True,False,0.0,0,0.9579449761363357,0.9358221511448725,False,False,False,False,-0.1974123297766155,-0.17764413215580505,False,False,False,False,-203259.0,-167668.75478481047,False,False,False,False,6367.461894417798,False,False,False,False
2025-08-26 14:00:00+00:00,935.68,939.54,933.915,938.62,5139.0,,,,,,962.41357592741,968.9261304541975,970.9305565099546,972.8106077695527,972.9880194949707,,,,,,,,,,,981.529418352943,,958.4806871061709,976.1500164370507,"rgba(239, 83, 80, 1.0)",0.0,0.0,13.383249175576262,963.1220553041696,-1.8308002027552932,0.0,0.0,0.0,0.0,0.0,0.0,0.0,0.0,18.716479836579364,-26.170794240242643,False,True,False,True,False,0.0,0,0.9474361724951733,0.9375422903635732,True,False,False,False,-0.25056039806904506,-0.21410226511242506,False,False,False,False,-208398.0,-168300.21595093745,False,False,False,False,6348.4159735741105,False,False,False,False
2025-08-26 15:00:00+00:00,938.43,940.8,938.39,940.12,3383.0,,,,,,962.0089187761483,968.6119215915511,970.6505733948812,972.556794368451,972.7465924582002,,,,,,,,,,,981.489861878278,,958.1027351815474,976.0902047576117,"rgba(239, 83, 80, 1.0)",0.0,0.0,14.005304422076017,963.0416935032802,-1.6366437181579272,0.0,0.0,0.0,0.0,0.0,0.0,0.0,0.0,19.539142700307984,-26.170794240242643,False,True,False,True,False,0.0,0,0.9561933783561198,0.9329023225168833,False,False,False,False,-0.22033410071240375,-0.2172181829124144,False,False,False,False,-205015.0,-168869.43740906243,False,False,False,False,6302.440532123349,False,False,False,False
2025-08-26 16:00:00+00:00,940.07,940.07,937.555,938.02,2372.0,,,,,,961.7185928685211,968.3864598878238,970.4495960077174,972.3746006978952,972.5732035418096,,,,,,,,,,,981.461360558047,,957.8296511999876,976.0469781289222,"rgba(239, 83, 80, 1.0)",0.0,0.0,14.651923652879056,962.9512461292516,-1.701568116235213,0.0,0.0,0.0,0.0,0.0,0.0,0.0,0.0,19.480770040415365,-26.2781387603031,False,True,False,True,False,0.0,0,0.9537298794207586,0.9378641896959554,False,False,False,False,-0.22854100267360858,-0.2228795927930115,False,False,False,False,-207387.0,-169466.60892210022,False,False,False,False,6241.503469609808,False,False,False,False
2025-08-26 17:00:00+00:00,937.77,938.73,936.32,938.71,2092.0,,,,,,961.4616533517745,968.1862719548966,970.2709693994062,972.2125714732091,972.4189376016109,,,,,,,,,,,981.435887427674,,957.5874111856199,976.0082992370255,"rgba(239, 83, 80, 1.0)",0.0,0.0,15.192472250761458,962.8645878956034,-1.589905019862239,0.0,0.0,0.0,0.0,0.0,0.0,0.0,0.0,20.26935685264941,-26.2781387603031,False,True,False,True,False,0.0,0,0.9503663260839046,0.9423542336061849,False,False,False,False,-0.24211107811825264,-0.23249533545563206,False,False,False,False,-205295.0,-170022.08785354052,False,False,False,False,6177.170082484075,False,False,False,False
2025-08-26 18:00:00+00:00,938.71,940.02,938.71,939.01,6660.0,,,,,,960.7234739989755,967.5933056393059,969.737934657266,971.7263099208882,971.9553810911643,,,,,,,,,,,981.3574566970003,,956.9034880357146,975.889954589009,"rgba(239, 83, 80, 1.0)",0.0,0.0,15.688098328421736,962.6350361737661,-1.505920965000918,0.0,0.0,0.0,0.0,0.0,0.0,0.0,0.0,21.181556903407678,-26.2781387603031,False,True,False,True,True,0.0,0,0.957978171556626,0.9368635099804954,False,False,False,False,-0.22274327651600143,-0.22761930598581676,False,False,False,False,-198635.0,-170465.69889457087,False,False,False,False,6184.65581763936,False,False,False,False
2025-08-26 19:00:00+00:00,939.25,941.23,934.99,941.2,9116.0,,,,,,959.7845067702567,966.8170803606699,969.034893761547,971.0814146882084,971.3394863271764,,,,,,,,,,,981.2503039718408,,956.0408492926409,975.7287300087024,"rgba(239, 83, 80, 1.0)",0.0,0.0,16.096494539480513,962.3180607714994,-1.3119664483283766,0.0,0.0,0.0,0.0,0.0,0.0,0.0,0.0,24.576949897072666,-28.98002278796376,False,True,False,True,True,0.0,0,0.9545833711874071,0.9310615383344757,False,False,False,False,-0.2359346974267876,-0.23177700170630217,False,False,False,False,-189519.0,-170761.0989117093,False,False,False,False,6230.103014265106,False,False,False,False
2025-08-27 14:00:00+00:00,943.25,947.59,943.2,945.9,5303.0,,,,,945.5633333333333,959.4334900805379,966.4850561088871,968.7253077255347,970.7909802989428,971.0610996121612,,,,,,,,,,,981.1976904476744,,955.7529917279729,975.6519419189832,"rgba(239, 83, 80, 1.0)",0.0,0.0,16.374985194411124,962.236486663535,-0.9976489425535912,0.0,0.0,0.0,0.0,0.0,0.0,0.0,0.0,31.59306104662494,-22.524151841372216,False,True,False,True,True,0.0,0,0.9656341349578724,0.9204516609758692,False,False,False,False,-0.16033000126333322,-0.1960535014848177,False,False,False,False,-184216.0,-170969.7020293572,False,False,False,False,6215.729324121461,False,False,False,False
2025-08-27 15:00:00+00:00,945.555,950.81,945.48,950.47,3959.0,,,,,946.9981253149068,959.243262631433,966.2825621885477,968.5321868167775,970.6067090631142,970.8840048117398,,,,,,,,,,,981.1622028753885,,955.6156582342958,975.6012364680307,"rgba(239, 83, 80, 1.0)",0.0,0.0,16.542537105654564,962.2042847493198,-0.7093400893934654,0.0,0.0,0.0,0.0,0.0,0.0,0.0,0.0,39.62655490487701,-15.487872583320325,False,False,False,True,True,0.0,0,0.9703733270338306,0.9164148222969835,False,False,False,False,-0.13230010872465012,-0.16417680510473392,False,False,False,False,-180257.0,-171113.6911451811,False,False,False,False,6180.741272584694,False,False,False,False
2025-08-27 16:00:00+00:00,950.25,951.9,948.6,949.47,3861.0,,,,,947.878383499708,959.0828129598607,966.1014237303915,968.357519156387,970.4386859587984,970.7222832014587,,,,,,,,,,,981.1288148897878,,955.5075091283277,975.5539467912739,"rgba(239, 83, 80, 1.0)",0.0,0.0,16.71791128759469,962.1762596195549,-0.7600387034583322,0.0,0.0,0.0,0.0,0.0,0.0,0.0,0.0,44.17289950790645,-11.82980268519406,False,False,False,True,True,0.0,0,0.9779663649816461,0.9172532764301423,False,False,False,False,-0.11098556925942424,-0.13758118718207907,False,False,False,False,-184118.0,-171315.30833672866,False,False,False,False,6144.776291614388,False,False,False,False
2025-08-27 17:00:00+00:00,949.1,950.58,948.14,949.85,1412.0,,,,,948.0381818598786,959.022575341732,966.0342919041022,968.2928585559694,970.3765336491548,970.6624464476935,,,,,,,,,,,981.1164397546842,,955.4657312659454,975.5363812338904,"rgba(239, 83, 80, 1.0)",0.0,0.0,16.869129382045,962.1627157091228,-0.7298963349127017,0.0,0.0,0.0,0.0,0.0,0.0,0.0,0.0,47.48881100769414,-9.173870058799146,True,False,False,False,True,0.0,0,0.9680965743110364,0.9292561901862197,False,False,False,False,-0.11998406134644636,-0.1287826242642627,False,False,False,False,-182706.0,-171491.90820747704,False,False,False,False,6071.399915000211,False,False,False,False
2025-08-27 18:00:00+00:00,950.13,951.95,949.665,951.1,2992.0,,,,,948.5275707955345,958.9156141471168,965.9055770063759,968.1672792976983,970.2546927635042,970.5449779095919,,,,,,,,,,,981.0913944872832,,955.3992459706494,975.5012112120279,"rgba(239, 83, 80, 1.0)",0.0,0.0,16.934764441371783,961.3514474726038,-0.6053492806524906,0.0,0.0,0.0,0.0,0.0,0.0,0.0,0.0,50.66920373887715,-6.467395837046084,True,False,True,False,True,0.0,0,0.9669346675773766,0.9239612564497146,False,False,False,False,-0.10535806913325,-0.11707034669875635,False,False,False,False,-179714.0,-171619.382498834,False,False,False,False,6023.657280659123,False,False,False,False
2025-08-27 19:00:00+00:00,950.95,951.38,948.52,949.485,10949.0,,,,,949.0148963454604,958.4960628308544,965.4191480435628,967.6942165990553,969.7966855174632,970.1031292559346,,,,,,,,,,,980.9967389736822,,955.1154213827459,975.3675912096825,"rgba(239, 83, 80, 1.0)",0.0,0.0,17.02364598920663,961.1899917926967,-0.6875725564381381,0.0,0.0,0.0,0.0,0.0,0.0,0.0,0.0,51.18516490001805,-6.020874655017508,True,False,True,False,True,0.0,0,0.9670301612664114,0.9245721251256032,False,False,False,False,-0.11401669772237645,-0.11554352221056641,False,False,False,False,-190663.0,-171914.632382573,False,False,False,False,6100.019183284563,False,False,False,False
2025-08-28 14:00:00+00:00,946.88,948.24,944.67,947.08,4461.0,,,,,948.6963997429435,958.2783723466991,965.1912229961706,967.4758739715356,969.5875988032647,969.9015174991246,,,,,,,,,,,980.9544826784531,,954.9445440599309,975.3069289331403,"rgba(239, 83, 80, 1.0)",0.0,0.0,17.11223503996857,961.0666451651844,-0.8173476540332748,0.0,0.0,0.0,0.0,0.0,0.0,0.0,0.0,49.373090179106214,-6.020874655017508,True,False,False,False,True,0.0,0,0.9628902882570756,0.9239086707005689,False,False,False,False,-0.14949850521085772,-0.13252101371071207,False,False,False,False,-195124.0,-172274.46753943234,False,False,False,False,6074.608033156121,False,False,False,False
2025-08-28 15:00:00+00:00,946.7,947.3,945.04,946.51,3500.0,,,,,948.4646097373549,958.1076980403634,965.0126507786168,967.3046452332253,969.423505718568,969.7432020032752,,,,,,,,,,,980.9210355045462,,954.8093056187561,975.2588848495826,"rgba(239, 83, 80, 1.0)",0.0,0.0,17.19048517388553,960.9758991965648,-0.8415061617074248,0.0,0.0,0.0,0.0,0.0,0.0,0.0,0.0,47.67748124378128,-6.020874655017508,True,False,False,True,False,0.0,0,0.9646895782594082,0.9221793074040361,False,False,False,False,-0.1524072232846089,-0.1424641184976605,False,False,False,False,-198624.0,-172682.98742254192,False,False,False,False,6034.6916295412975,False,False,False,False
2025-08-28 16:00:00+00:00,946.48,948.78,946.01,947.69,1184.0,,,,,948.4340419357983,958.0568518128913,964.9568569240879,967.2506438213197,969.3713925701139,969.6928630300764,,,,,,,,,,,980.9101301531111,,954.7708650930305,975.2433454035033,"rgba(239, 83, 80, 1.0)",0.0,0.0,17.215229660952645,960.9529383100655,-0.7704189006637702,0.0,0.0,0.0,0.0,0.0,0.0,0.0,0.0,47.83407267233379,-6.020874655017508,True,False,False,True,False,0.0,0,0.9751617289546342,0.9184309201038362,False,False,False,False,-0.13992233886758004,-0.14119322868262027,False,False,False,False,-197440.0,-173066.81707490562,False,False,False,False,5959.487108153061,False,False,False,False
2025-08-28 17:00:00+00:00,947.82,949.29,947.8,949.29,1065.0,,,,,948.4439329904013,958.0171078368178,964.9106868235516,967.2055003770175,969.3275010848217,969.6504178473949,,,,,,,,,,,980.9007083104592,,954.742746776029,975.2300367403362,"rgba(239, 83, 80, 1.0)",0.0,0.0,17.291554494026386,960.9382425712274,-0.6736376752738747,0.0,0.0,0.0,0.0,0.0,0.0,0.0,0.0,49.59094359790896,-6.020874655017508,True,False,False,False,False,0.0,0,0.9797637450298012,0.9135164626232735,False,False,False,False,-0.1282412152843559,-0.13471722198348807,False,False,False,False,-196375.0,-173428.18425203883,False,False,False,False,5883.603587096424,False,False,False,False
2025-08-28 18:00:00+00:00,949.21,949.28,946.51,946.83,2681.0,,,,,948.3853489899357,957.9051592729426,964.7866709540205,967.0851596304783,969.2111407816147,969.5379518221634,,,,,,,,,,,980.8760895896243,,954.6584520888989,975.1950075945174,"rgba(239, 83, 80, 1.0)",0.0,0.0,17.336256971816518,960.8880217331362,-0.8109029391979009,0.0,0.0,0.0,0.0,0.0,0.0,0.0,0.0,48.250299608865305,-6.020874655017508,True,False,False,False,False,0.0,0,0.9770743349822862,0.9123605341613882,False,False,False,False,-0.13483911136066107,-0.13477816667207457,False,False,False,False,-199056.0,-173825.5147287514,False,False,False,False,5833.950818304232,False,False,False,False
2025-08-28 19:00:00+00:00,946.83,948.35,944.205,945.33,5936.0,,,,,948.081203834852,957.6291327976057,964.4937293129798,966.8027849215856,968.9394328560376,969.2753890820268,,,,,,,,,,,980.8191357314272,,954.4387936842254,975.1133555968269,"rgba(239, 83, 80, 1.0)",0.0,0.0,17.350803653274337,960.7480540028839,-0.888607485335371,0.0,0.0,0.0,0.0,0.0,0.0,0.0,0.0,46.00911230790614,-6.020874655017508,True,False,False,True,False,0.0,0,0.9736460547344841,0.9148336710988086,False,False,False,False,-0.15130977721738686,-0.14304397194473073,False,False,False,False,-204992.0,-174308.7160507863,False,False,False,False,5835.53297615998,False,False,False,False
2025-08-29 14:00:00+00:00,945.335,946.73,942.83,943.615,10850.0,,,,,947.3928218377957,957.0926063982786,963.937771178671,966.268250817392,968.4260307400103,968.7789600529059,,,,,,,,,,,980.7108452846865,,953.9954239028755,974.9573077723129,"rgba(239, 83, 80, 1.0)",0.0,0.0,17.39748228523105,960.4631094122927,-0.9684222772047487,0.0,0.0,0.0,0.0,0.0,0.0,0.0,0.0,43.09735276629944,-1.2292440022777527,False,False,False,True,False,0.0,0,0.9683367985076474,0.9204023437178991,False,False,False,False,-0.16663129461244836,-0.15483763327858954,False,False,False,False,-215842.0,-174952.64293371985,False,False,False,False,5913.276650948197,False,False,False,False
2025-08-29 15:00:00+00:00,943.78,943.8,941.15,941.245,4671.0,,,,,946.9966952650793,956.8348890838864,963.6804088073285,966.0222542410744,968.1907992869133,968.5514785068756,,,,,,,,,,,980.6614496427707,,953.7729971940721,974.8855385132337,"rgba(239, 83, 80, 1.0)",0.0,0.0,17.472825179598736,960.3191763843613,-1.0916480985932542,0.0,0.0,0.0,0.0,0.0,0.0,0.0,0.0,39.44965777927784,-4.791173820417569,False,False,False,True,False,0.0,0,0.9735824103157554,0.9228384857001157,False,False,False,False,-0.27065232380244597,-0.21274497854051777,False,False,False,False,-220513.0,-175659.00505877845,False,False,False,False,5894.016547832722,False,False,False,False
2025-08-29 16:00:00+00:00,941.34,942.23,940.53,942.19,3933.0,,,,,946.6816938048945,956.6187401420914,963.4642881082261,965.815447692874,967.9928699495308,968.3599668003103,,,,,,,,,,,980.6195099884286,,953.5856313022156,974.8245899096773,"rgba(239, 83, 80, 1.0)",0.0,0.0,17.43840194787234,959.0572673014076,-0.9672484526866588,0.0,0.0,0.0,0.0,0.0,0.0,0.0,0.0,38.33036480877459,-5.974014521798345,False,False,False,True,False,0.0,0,0.9671231480222924,0.9462331792850349,False,False,False,False,-0.2841717698738242,-0.24845837420717098,False,False,False,False,-216580.0,-176293.4390888749,False,False,False,False,5863.613190501982,False,False,False,False
2025-08-29 17:00:00+00:00,942.18,943.985,942.17,943.08,2954.0,,,,,946.5290015922883,956.4755077497866,963.3151793412185,965.6714579921106,967.8540954276415,968.2255062484362,,,,,,,,,,,980.5892215662112,,953.4650594988373,974.7809240175399,"rgba(239, 83, 80, 1.0)",0.0,0.0,17.581318871755105,959.0136368831436,-0.9062822305521911,0.0,0.0,0.0,0.0,0.0,0.0,0.0,0.0,38.81820945698961,-5.974014521798345,False,False,False,True,False,0.0,0,0.9624790248805383,0.939114658307851,False,False,False,False,-0.263254822921784,-0.2558565985644775,False,False,False,False,-213626.0,-176872.23848284583,False,False,False,False,5818.502908478695,False,False,False,False
2025-08-29 18:00:00+00:00,942.77,944.47,942.52,943.53,2038.0,,,,,946.4431534469704,956.3815470108866,963.2157231905657,965.575039555487,967.7608906877393,968.1351369552573,,,,,,,,,,,980.5685919838774,,953.3868403695797,974.7512744351003,"rgba(239, 83, 80, 1.0)",0.0,0.0,17.68258761204703,958.9798113922665,-0.8737302328840516,0.0,0.0,0.0,0.0,0.0,0.0,0.0,0.0,39.78362836223203,-5.974014521798345,False,False,False,True,False,0.0,0,0.9625177948835988,0.9371318483662807,False,False,False,False,-0.2581452694188778,-0.25700093399167767,False,False,False,False,-211588.0,-177410.46734357692,False,False,False,False,5759.890460285226,False,False,False,False
2025-08-29 19:00:00+00:00,943.5,944.97,941.82,942.85,6413.0,,,,,946.1781546446272,956.0880260057143,962.9046154384073,965.273076404491,967.468711016042,967.8516965760433,,,,,,,,,,,980.5033135089376,,953.1414554364956,974.6574689363956,"rgba(239, 83, 80, 1.0)",0.0,0.0,17.718877832659427,958.842194628293,-0.9025512100329603,0.0,0.0,0.0,0.0,0.0,0.0,0.0,0.0,39.71197407441766,-5.974014521798345,False,False,False,True,False,0.0,0,0.964910487676087,0.9331510722741753,False,False,False,False,-0.2593679046764065,-0.2581844193340421,False,False,False,False,-218001.0,-178039.77792739743,False,False,False,False,5770.016189583129,False,False,False,False
2025-09-01 14:00:00+00:00,942.85,942.85,942.85,942.85,0.0,,,,,946.1781546446272,956.0880260057143,962.9046154384073,965.273076404491,967.468711016042,967.8516965760433,,,,,,,,,,,980.5033135089376,,953.1414554364956,974.6574689363956,"rgba(239, 83, 80, 1.0)",0.0,0.0,17.777765922585964,958.842194628293,-0.8995615477181809,0.0,0.0,0.0,0.0,0.0,0.0,0.0,0.0,39.66420454920808,-5.974014521798345,True,False,False,True,False,0.0,0,0.964699331848553,0.9394466335446292,False,False,False,False,-0.2660447208983518,-0.262114570116197,False,False,False,False,-218001.0,-178659.3317579804,False,False,False,False,5680.558574240755,False,False,False,False
2025-09-01 15:00:00+00:00,942.85,942.85,942.85,942.85,0.0,,,,,946.1781546446272,956.0880260057143,962.9046154384073,965.273076404491,967.468711016042,967.8516965760433,,,,,,,,,,,980.5033135089376,,953.1414554364956,974.6574689363956,"rgba(239, 83, 80, 1.0)",0.0,0.0,17.85120882600419,958.842194628293,-0.8958605988070026,0.0,0.0,0.0,0.0,0.0,0.0,0.0,0.0,39.63235819906836,-6.396039362775753,True,False,False,True,False,0.0,0,0.9687985084334223,0.9406755409096823,False,False,False,False,-0.2660447208983518,-0.26407964550727436,False,False,False,False,-218001.0,-179269.2801028179,False,False,False,False,5592.48789867113,False,False,False,False
2025-09-01 16:00:00+00:00,942.85,942.85,942.85,942.85,0.0,,,,,946.1781546446272,956.0880260057143,962.9046154384073,965.273076404491,967.468711016042,967.8516965760433,,,,,,,,,,,980.5033135089376,,953.1414554364956,974.6574689363956,"rgba(239, 83, 80, 1.0)",0.0,0.0,17.904388499488064,958.842194628293,-0.893199710716187,0.0,0.0,0.0,0.0,0.0,0.0,0.0,0.0,39.61112729897522,-6.859377119675898,True,False,False,True,False,0.0,0,0.9637490824511606,0.9558603733871041,False,False,False,False,-0.2660447208983518,-0.26506218320281305,False,False,False,False,-218001.0,-179869.77188416955,False,False,False,False,5505.782659932042,False,False,False,False
2025-09-01 17:00:00+00:00,942.85,942.85,942.85,942.85,0.0,,,,,946.1781546446272,956.0880260057143,962.9046154384073,965.273076404491,967.468711016042,967.8516965760433,,,,,,,,,,,980.5033135089376,,953.1414554364956,974.6574689363956,"rgba(239, 83, 80, 1.0)",0.0,0.0,17.820926959188856,958.842194628293,-0.8973828726707755,0.0,0.0,0.0,0.0,0.0,0.0,0.0,0.0,39.596973365579785,-7.296243871342227,True,False,False,True,False,0.0,0,0.951115144074658,0.9587303281824087,False,False,False,False,-0.2660447208983518,-0.26555345205058245,False,False,False,False,-218001.0,-180460.95371542271,False,False,False,False,5420.421688460227,False,False,False,False
2025-09-01 18:00:00+00:00,942.85,942.85,942.85,942.85,0.0,,,,,946.1781546446272,956.0880260057143,962.9046154384073,965.273076404491,967.468711016042,967.8516965760433,,,,,,,,,,,980.5033135089376,,953.1414554364956,974.6574689363956,"rgba(239, 83, 80, 1.0)",0.0,0.0,17.736565141991136,958.842194628293,-0.9016511652772953,0.0,0.0,0.0,0.0,0.0,0.0,0.0,0.0,39.58753740998283,-7.699543745595982,True,False,False,True,False,0.0,0,0.9495640618125338,0.962781384406792,False,False,False,False,-0.2660447208983518,-0.26579908647446715,False,False,False,False,-218001.0,-181042.969936889,False,False,False,False,5336.384142902704,False,False,False,False
2025-09-01 19:00:00+00:00,942.85,942.85,942.85,942.85,0.0,,,,,946.1781546446272,956.0880260057143,962.9046154384073,965.273076404491,967.468711016042,967.8516965760433,,,,,,,,,,,980.5033135089376,,953.1414554364956,974.6574689363956,"rgba(239, 83, 80, 1.0)",0.0,0.0,17.604248758507417,958.842194628293,-0.908428121396807,0.0,0.0,0.0,0.0,0.0,0.0,0.0,0.0,39.58124677291819,-8.065794980671349,True,False,False,True,False,0.0,0,0.9476476160404174,0.9596463530154722,False,False,False,False,-0.2660447208983518,-0.26592190368640944,False,False,False,False,-218001.0,-181615.96265104576,False,False,False,False,5253.649505028244,False,False,False,False
2025-09-02 14:00:00+00:00,941.28,943.66,937.91,938.205,2726.0,,,,,945.967417581512,955.9363195515647,962.7536858220652,965.128408264714,967.3300555446807,967.7173359824875,,,,,,,,,,,980.4731935500795,,953.0073251800973,974.6136111727446,"rgba(239, 83, 80, 1.0)",0.0,0.0,17.52283507158599,958.7364785694417,-1.1716984429496984,0.0,0.0,0.0,0.0,0.0,0.0,0.0,0.0,33.70935014731209,-13.674995056300133,False,True,False,True,False,0.0,0,0.9401601840948526,0.9591449657069405,False,False,False,False,-0.29156030379630576,-0.27874110374135763,False,False,False,False,-220727.0,-182222.33532312256,False,False,False,False,5214.461140609202,False,False,False,False
2025-09-02 15:00:00+00:00,938.08,942.48,938.08,938.67,6808.0,,,,,945.4842305996474,955.565434575876,962.3823364394779,964.7716668593268,966.9875383380386,967.3852019024403,,,,,,,,,,,980.3978297718694,,952.6794493845002,974.5039904904874,"rgba(239, 83, 80, 1.0)",0.0,0.0,17.533020618509145,958.4958493717401,-1.1307720331321849,0.0,0.0,0.0,0.0,0.0,0.0,0.0,0.0,31.035807858393344,-16.017683516197025,False,True,False,True,False,0.0,0,0.9364588483840525,0.9665572886231852,False,False,False,False,-0.2978555969599452,-0.28829835035065143,False,False,False,False,-213919.0,-182713.7564809036,False,False,False,False,5239.167169436965,False,False,False,False
2025-09-02 16:00:00+00:00,938.835,938.925,936.62,937.62,5533.0,,,,,945.0235341828545,955.2393501236902,962.0630751508202,964.4662089590415,966.6951739408066,967.101702418974,,,,,,,,,,,980.3337496055947,,952.3848681775146,974.410253888792,"rgba(239, 83, 80, 1.0)",0.0,0.0,17.615058444667913,956.9879120168156,-1.0995088138738625,0.0,0.0,0.0,0.0,0.0,0.0,0.0,0.0,28.32778564683449,-18.361017401042396,False,True,False,True,False,0.0,0,0.9355506148191848,0.9758791233722041,False,False,False,False,-0.3294673998823966,-0.308882875116524,False,False,False,False,-219452.0,-183283.34165174232,False,False,False,False,5243.722717197632,False,False,False,False
2025-09-02 17:00:00+00:00,937.91,939.53,937.635,938.445,4150.0,,,,,944.7470834060733,955.013508018841,961.8368256109005,964.2484362351455,966.4857539779968,966.8983967401094,,,,,,,,,,,980.2867295839746,,952.1832868285304,974.341815000723,"rgba(239, 83, 80, 1.0)",0.0,0.0,17.69847013340758,956.8687238201617,-1.0409783264478358,0.0,0.0,0.0,0.0,0.0,0.0,0.0,0.0,28.76363958991226,-18.361017401042396,False,True,False,True,False,0.0,0,0.937799652471366,0.9664298255988502,False,False,False,False,-0.3191889173584518,-0.3140358962374879,False,False,False,False,-215302.0,-183779.75495946725,False,False,False,False,5226.765775845731,False,False,False,False
2025-09-02 18:00:00+00:00,938.21,938.59,936.88,937.21,7744.0,,,,,944.2176390989604,954.5839746832897,961.4088521873341,963.8366275464659,966.0898182415939,966.5138594623508,,,,,,,,,,,980.1972254622914,,951.7965816885217,974.2113376244283,"rgba(239, 83, 80, 1.0)",0.0,0.0,17.82857369758295,956.5945567226023,-1.0872746777960296,0.0,0.0,0.0,0.0,0.0,0.0,0.0,0.0,27.78904090353786,-18.70348928127534,False,True,False,True,False,0.0,0,0.935474455217959,0.9685855278160376,False,False,False,False,-0.3299448718896437,-0.32199038406356584,False,False,False,False,-223046.0,-184388.5339523437,False,False,False,False,5265.792663041921,False,False,False,False
2025-09-02 19:00:00+00:00,937.22,939.16,937.03,938.61,8224.0,,,,,943.785860602104,954.1683745546744,960.9835559687122,963.4243769930888,965.6911639473265,966.1260738440825,,,,,,,,,,,980.104151819573,,951.4269924279666,974.0764347123495,"rgba(239, 83, 80, 1.0)",0.0,0.0,17.92941270901382,956.3608341203415,-0.9900399086366836,0.0,0.0,0.0,0.0,0.0,0.0,0.0,0.0,30.610019726846403,-18.70348928127534,False,True,False,True,True,0.0,0,0.9396199511914235,0.9636586324458217,False,False,False,False,-0.32536709542399117,-0.3236787397437785,False,False,False,False,-214822.0,-184860.3706352531,False,False,False,False,5311.6563426846815,False,False,False,False
2025-09-03 14:00:00+00:00,939.15,942.69,937.13,941.69,10438.0,,,,,943.5090660015351,953.7404618910048,960.5167435106268,962.9647531189124,965.2412927501613,965.6872662360358,,,,,,,,,,,979.9928985956217,,951.0609557616539,973.917269321724,"rgba(239, 83, 80, 1.0)",0.0,0.0,17.951532889453674,956.1739416014198,-0.8068359226263544,0.0,0.0,0.0,0.0,0.0,0.0,0.0,0.0,37.970459625963585,-16.41261038345494,False,False,False,True,True,0.0,0,0.9394468228215134,0.9567711031730883,False,False,False,False,-0.3024825650653013,-0.31308065240453986,False,False,False,False,-204384.0,-185163.0625633887,False,False,False,False,5391.134538922128,False,False,False,False
2025-09-03 15:00:00+00:00,942.36,946.51,942.36,944.06,5378.0,,,,,943.5424147395154,953.5907247316021,960.3286228710672,962.7739887661813,965.0504310849096,965.5002889061285,,,,,,,,,,,979.9413230421939,,950.9463804016243,973.8451254405501,"rgba(38, 166, 154, 1.0)",0.0,0.0,17.911762699412233,956.1504590357978,-0.6750010726858602,0.0,0.0,0.0,0.0,0.0,0.0,0.0,0.0,45.75532670846761,-9.679349334361888,True,False,False,False,True,0.0,0,0.9445329642814877,0.9575711775363971,False,False,False,False,-0.24668879225426352,-0.2798847223294017,False,False,False,False,-199006.0,-185377.68174845245,False,False,False,False,5390.930902659769,False,False,False,False
2025-09-03 16:00:00+00:00,944.01,946.24,944.01,944.17,5976.0,,,,,943.5983213950083,953.4384296343792,960.1309663644402,962.5721178518785,964.8473705995799,965.301101205289,,,,,,,,,,,979.8849836302024,,950.8327355281199,973.7667120599913,"rgba(38, 166, 154, 1.0)",0.0,0.0,17.88625439188502,956.1229944838615,-0.6682782332160376,0.0,0.0,0.0,0.0,0.0,0.0,0.0,0.0,51.066924978411926,-5.354551711081847,True,False,True,False,True,0.0,0,0.9740100988255657,0.9544894639347808,False,False,False,False,-0.23831962307560098,-0.25910217270250135,False,False,False,False,-193030.0,-185496.32234149968,False,False,False,False,5400.0017413782225,False,False,False,False
2025-09-03 17:00:00+00:00,944.07,947.33,943.77,944.03,4144.0,,,,,943.6413139315879,953.3386974488789,959.998904681138,962.4366048917476,964.7105704235017,965.1667821669968,,,,,,,,,,,979.8462844443086,,950.7593676911315,973.7130275696578,"rgba(38, 166, 154, 1.0)",0.0,0.0,17.79610796679489,956.1014117947846,-0.6783175184882104,0.0,0.0,0.0,0.0,0.0,0.0,0.0,0.0,54.333777930557616,-2.7890774004361134,True,False,True,False,True,0.0,0,0.9612993840926999,0.9602934338018276,False,False,False,False,-0.2331810300190502,-0.24614160136077579,False,False,False,False,-197174.0,-185677.37160752292,False,False,False,False,5380.528846163056,False,False,False,False
2025-09-03 18:00:00+00:00,944.03,946.655,944.03,946.28,2447.0,,,,,943.6760806698184,953.2851722586929,959.9251484984499,962.3603445600169,964.633159679681,965.0906864715453,,,,,,,,,,,979.8238741271408,,950.7214544979922,973.6820957386016,"rgba(38, 166, 154, 1.0)",0.0,0.0,17.667530615881702,956.0917109129463,-0.5553527047026227,0.0,0.0,0.0,0.0,0.0,0.0,0.0,0.0,59.045694914864555,1.287679768119915,True,False,True,False,True,0.0,0,0.9622788662735406,0.9524538710291041,False,False,False,False,-0.2356883454678081,-0.24091497341429194,False,False,False,False,-194727.0,-185817.67592368534,False,False,False,False,5335.047778780683,False,False,False,False
2025-09-03 19:00:00+00:00,946.28,949.61,945.6,949.035,11059.0,,,,,943.9949607956072,953.1263526967367,959.6561713745905,962.0729979182512,964.3347607744812,964.7960840693066,,,,,,,,,,,979.7301250425519,,950.6357191111659,973.5551789105785,"rgba(38, 166, 154, 1.0)",0.0,0.0,17.515935726858594,956.1124977370871,-0.4040604993905425,0.0,0.0,0.0,0.0,0.0,0.0,0.0,0.0,64.40573958426779,6.015538294372021,True,False,True,False,True,0.0,0,0.9604500511421759,0.9485737015569949,False,False,False,False,-0.20849910743181718,-0.22470704042305456,False,False,False,False,-183668.0,-185784.34761479098,False,False,False,False,5423.791224070905,False,False,False,False
2025-09-04 14:00:00+00:00,956.45,957.71,952.785,956.675,9243.0,,,,955.7233333333335,944.663997451121,953.1909529185596,959.5829103888041,961.9679658041343,964.206929496033,964.6666194151976,,,,,,,,,,,979.6710110340754,,950.7701721567944,973.4815972531313,"rgba(38, 166, 154, 1.0)",0.0,0.0,17.34169091660039,956.3024425804952,0.021483338694969437,0.0,0.0,0.0,0.0,0.0,0.0,0.0,0.0,71.27148630725321,12.125719265038015,True,False,True,False,True,1.8855719675971372,0,0.968095349380697,0.9381911661603175,False,False,False,False,-0.11863019087648433,-0.17166861564976943,False,False,False,False,-174425.0,-185608.2336982826,False,False,False,False,5483.003763232596,False,False,False,False
2025-09-04 15:00:00+00:00,957.19,959.36,957.16,958.94,6551.0,,,,956.8695025537126,945.20113527659,953.2827004551381,959.5686256553266,961.9276249236436,964.1473732552884,964.6047434755077,,,,,,,,,,,979.6341040396684,,950.9120491018804,973.437870816247,"rgba(38, 166, 154, 1.0)",0.0,0.0,17.151332793799348,956.4620910571068,0.14447325888219398,0.0,0.0,0.0,0.0,0.0,0.0,0.0,0.0,76.43327928846848,16.653601548335928,True,False,True,False,True,3.4551169419082655,0,0.9772386521233933,0.9363075827429811,False,False,False,False,-0.08380057375353771,-0.12773459470165358,False,False,False,False,-167874.0,-185333.2843386193,False,False,False,False,5499.5618444227875,False,False,False,False
2025-09-04 16:00:00+00:00,959.1,959.235,956.46,956.57,5001.0,,,,957.0022927787129,945.5532119511785,953.3367267075233,959.5474791198906,961.88811415144,964.0943385308591,964.5502568942644,,,,,,,,,,,979.6046013299241,,951.0021529140522,973.4022959920061,"rgba(38, 166, 154, 1.0)",0.0,0.0,16.914310153092497,956.5575983838717,0.0007332025968625606,0.0,0.0,0.0,0.0,0.0,0.0,0.0,0.0,76.37505138698972,16.653601548335928,True,False,True,False,True,1.697176655542009,0,0.9744498753888069,0.9619114777535209,False,False,False,False,-0.08855593645257702,-0.10814526557711529,False,False,False,False,-172875.0,-185140.1326434469,False,False,False,False,5491.8322034239845,False,False,False,False
2025-09-04 17:00:00+00:00,956.54,957.61,955.08,955.285,2991.0,,,,956.8752103478237,945.7300287035728,953.3572927128683,959.5266551733363,961.8573527069045,964.056304981824,964.5116046211867,,,,,,,,,,,979.5858587073959,,951.0431190501025,973.3791976587561,"rgba(38, 166, 154, 1.0)",0.0,0.0,16.710456091706337,956.5997864985484,-0.07868046756670896,0.0,0.0,0.0,0.0,0.0,0.0,0.0,0.0,74.58895936567379,16.653601548335928,True,False,True,False,True,0.7580154594971269,0,0.9534205426356595,0.9708042635658913,False,False,False,False,-0.10591243676317025,-0.10702885117014277,False,False,False,False,-175866.0,-184996.3476412229,False,False,False,False,5453.059611122837,False,False,False,False
2025-09-04 18:00:00+00:00,955.36,956.765,954.36,955.345,4016.0,,,,956.675116658274,945.9470718825045,953.3792465300472,959.495161629564,961.8130611482546,964.0026536071658,964.4572284865105,,,,,,,,,,,979.560205747222,,951.09160747255,973.347387825309,"rgba(38, 166, 154, 1.0)",0.0,0.0,16.471623327015447,956.647668318257,-0.07908560634218041,0.0,0.0,0.0,0.0,0.0,0.0,0.0,0.0,73.43298929906159,16.653601548335928,True,False,True,False,False,0.8013046115926841,0,0.9446953689883115,0.9770775582995715,False,False,False,False,-0.11497626126161352,-0.11100255621587815,False,False,False,False,-171850.0,-184792.52829794813,False,False,False,False,5430.77961715194,False,False,False,False
2025-09-04 19:00:00+00:00,955.17,955.86,953.27,955.795,14156.0,,,,956.101522792634,946.6033045866347,953.4351208535436,959.3741802624171,961.6494089957216,963.8076576667302,964.2599627945029,,,,,,,,,,,979.4682901831734,,951.2353420583374,973.2329500524781,"rgba(38, 166, 154, 1.0)",0.0,0.0,16.197235631957977,956.7724136092022,-0.06034447058816366,0.0,0.0,0.0,0.0,0.0,0.0,0.0,0.0,72.94594856199498,16.653601548335928,True,False,True,False,False,1.130935041163788,0,0.9431110421234409,0.9797046896524961,False,False,False,False,-0.12655800024470534,-0.11878027823029175,False,False,False,False,-157694.0,-184372.3960762745,False,False,False,False,5566.05435176974,False,False,False,False
2025-09-05 14:00:00+00:00,963.15,969.47,962.365,962.4,7915.0,,,964.7450000000001,957.4732694711234,947.311831686914,953.6522882248196,959.4533691834723,961.690285127122,963.8188429168739,964.2655398380717,,,,,,,,,,,979.4375770903146,,951.5092526493484,973.2034917925366,"rgba(38, 166, 154, 1.0)",0.0,0.0,15.96781957591771,957.1603309987559,0.3281392914250152,0.0,0.0,0.0,0.0,0.0,0.0,0.0,0.0,75.67885629601423,17.487886997956252,True,False,True,False,False,5.739352437270643,0,0.9436016301095292,0.9713305911521908,False,False,False,False,0.004019352693673427,-0.05738046276830916,False,False,False,False,-149779.0,-183836.06435416173,False,False,False,False,5602.472113757805,False,False,False,False
2025-09-05 15:00:00+00:00,962.45,963.005,957.02,957.77,5223.0,,,962.566430963617,957.6431222472291,947.6121486799594,953.7225162003599,959.4515540952312,961.6693348262476,963.7832643693291,964.2278840088258,,,,,,,,,,,979.4098469695883,,951.6116491701255,973.1716428013114,"rgba(38, 166, 154, 1.0)",0.0,0.0,15.730736303737,957.1283791813114,0.04078771688113264,0.0,0.0,0.0,0.0,0.0,0.0,0.0,0.0,71.95203113488526,17.487886997956252,True,False,True,False,False,2.2903266477277313,0,0.9336592178770953,0.983513890985958,False,False,False,False,-0.06363697582095677,-0.060508719294632966,False,False,False,False,-155002.0,-183389.02459673287,False,False,False,False,5596.588825172413,False,False,False,False
2025-09-05 16:00:00+00:00,957.9,959.52,956.25,957.44,4605.0,,,961.3129188975935,957.6503377386198,947.8315632657225,953.7663163749842,959.4371077138281,961.6396093213557,963.7418977999895,964.185070858601,,,,,,,,,,,979.3836110321763,,951.6821269617973,973.1406099687897,"rgba(38, 166, 154, 1.0)",0.0,0.0,15.414559332477388,957.1148216979778,0.02109553020676248,0.0,0.0,0.0,0.0,0.0,0.0,0.0,0.0,69.11955665440007,17.487886997956252,True,False,True,False,False,2.050942158809967,0,0.9299419387088095,1.0069981158918755,False,False,False,False,-0.0881234688544184,-0.07431609407452568,False,False,False,False,-159607.0,-183020.31103709358,False,False,False,False,5581.2153550147,False,False,False,False
2025-09-05 17:00:00+00:00,957.62,961.43,956.87,960.46,4405.0,,,960.9695858166275,957.7833912582287,948.0703019663895,953.8264390256677,959.4383032604966,961.624872417884,963.7148820482847,964.1562409639585,,,,,,,,,,,979.3607136526753,,951.7681834737148,973.1145926252744,"rgba(38, 166, 154, 1.0)",0.0,0.0,14.817740451571586,957.1584922303794,0.22280777426294593,0.0,0.0,0.0,0.0,0.0,0.0,0.0,0.0,68.97099595895374,17.487886997956252,True,False,True,False,False,4.101512912908692,0,0.9368591317408512,0.9945408855896711,False,False,False,False,-0.07355310088556194,-0.0739345974800438,False,False,False,False,-155202.0,-182589.01939310762,False,False,False,False,5562.979458037728,False,False,False,False
2025-09-05 18:00:00+00:00,960.46,964.08,958.905,963.68,3120.0,,,961.1241881694898,957.9893743492103,948.2709803649752,953.8874157721448,959.4539736832132,961.6278913976822,963.7080372970853,964.1476882147814,,,,,,,,,,,979.3466846326015,,951.8481744176731,973.0998028879484,"rgba(38, 166, 154, 1.0)",0.0,0.0,14.14743628511865,957.2239992110368,0.4563371524601988,0.0,0.0,0.0,0.0,0.0,0.0,0.0,0.0,70.39914364498357,17.487886997956252,True,False,True,False,False,6.205446285684861,0,0.9417306618934891,0.987624381700252,False,False,False,False,-0.04664947486567987,-0.060292036172861836,False,False,False,False,-152082.0,-182116.04234825322,False,False,False,False,5525.103807525516,False,False,False,False
2025-09-05 19:00:00+00:00,963.425,965.13,962.3,963.47,15620.0,,,962.0827297332552,959.053501034047,949.2893348257546,954.2293708785307,959.5685448114599,961.6774261788197,963.706361384515,964.136550346599,,,,,,,,,,,979.2825548392353,,952.2829997693016,973.0358900201416,"rgba(38, 166, 154, 1.0)",0.0,0.0,13.359638659678145,957.5769608435837,0.441107675629176,0.0,0.0,0.0,0.0,0.0,0.0,0.0,0.0,71.09199955536799,17.487886997956252,True,False,True,False,False,6.045394434265539,0,0.9404077466077294,0.9901096890378375,False,False,False,False,-0.02118690728742313,-0.04073947173014248,False,False,False,False,-167702.0,-181892.5688234741,False,False,False,False,5681.613826013492,False,False,False,False
2025-09-08 14:00:00+00:00,961.66,966.35,960.555,963.13,8018.0,,,962.2896753636228,959.4321904898162,949.7518709872921,954.3906453668789,959.6209490102553,961.6983046378161,963.7022474078765,964.1278486876414,,,,,,,,,,,979.2492360772152,,952.488612393846,973.0024207349478,"rgba(38, 166, 154, 1.0)",0.0,0.0,12.548630757654044,957.7233262784139,0.43085766295962713,0.0,0.0,0.0,0.0,0.0,0.0,0.0,0.0,71.09558748553106,17.487886997956252,True,False,True,False,False,5.782352138812456,0,0.934962535362031,0.9877857634375717,False,False,False,False,-0.02419222716471652,-0.0324658494474295,False,False,False,False,-175720.0,-181796.8700820249,False,False,False,False,5717.836867470647,False,False,False,False
2025-09-08 15:00:00+00:00,963.025,964.14,962.34,964.02,3674.0,,,962.3742461645747,959.5902764673111,949.9560970766099,954.4638996748172,959.6454581245997,961.7085820410429,963.7011978256621,964.12470188554,,,,,,,,,,,979.2341636246178,,952.5816049142923,972.9874064940053,"rgba(38, 166, 154, 1.0)",0.0,0.0,11.668429551496931,957.7878073239253,0.5341072377023628,0.0,0.0,0.0,0.0,0.0,0.0,0.0,0.0,71.60762916196003,17.487886997956252,True,False,True,False,False,6.377260823567802,0,0.943006275066685,0.9909807910038189,False,False,False,False,-0.026625422690283243,-0.029545636068856372,False,False,False,False,-172046.0,-181645.69380168343,False,False,False,False,5686.149474176528,False,False,False,False
2025-09-08 16:00:00+00:00,964.1,966.0,964.0,965.78,1855.0,,,962.472584979027,959.6993853979714,950.0700248078381,954.5075570347733,959.6633122249306,961.7187810875569,963.7052715609341,964.1275675906146,,,,,,,,,,,979.2274145346375,,952.6354352569664,972.9812467690566,"rgba(38, 166, 154, 1.0)",0.0,0.0,10.652829048604264,957.8283546176441,0.7464350874378956,0.0,0.0,0.0,0.0,0.0,0.0,0.0,0.0,72.90973786168502,17.98648141887297,True,False,True,False,True,7.547111973499458,0,0.9378350455174568,1.0015789781477222,False,False,False,False,-0.0064796543319986305,-0.0180126452004275,False,False,False,False,-170191.0,-181468.10164971932,False,False,False,False,5626.751807910226,False,False,False,False
2025-09-08 17:00:00+00:00,965.95,967.51,963.99,966.4,3021.0,,,962.6563015756984,959.8898360056597,950.260441872883,954.5825287621434,959.6957879501578,961.7385558356652,963.7148554238895,964.1350968432056,,,,,,,,,,,979.216992493976,,952.7269829249259,972.9721523989236,"rgba(38, 166, 154, 1.0)",0.0,0.0,10.212910479805268,957.8982721868393,0.8324490682623457,0.0,0.0,0.0,0.0,0.0,0.0,0.0,0.0,74.10481506284842,19.535820245063164,True,False,True,False,True,7.957942622995962,0,0.9381793345692266,0.9917455361498683,False,False,False,False,0.0021026422003864744,-0.007955001500020514,False,False,False,False,-167170.0,-181246.42565515003,False,False,False,False,5586.352555074408,False,False,False,False
2025-09-08 18:00:00+00:00,966.4,968.94,966.39,968.625,3475.0,,,962.960206435695,960.1632441919608,950.5013419092246,954.6826392202721,959.7446237444206,961.7718260612553,963.7355710850761,964.1531419822693,,,,,,,,,,,979.2068474673674,,952.8465639065244,972.9647259623848,"rgba(38, 166, 154, 1.0)",0.0,0.0,9.898708538935082,957.9940150614141,1.0739769634362446,0.0,0.0,0.0,0.0,0.0,0.0,0.0,0.0,75.99240556524393,21.644138929947673,True,False,True,False,True,9.420597925602333,0,0.939411131761714,0.9918223613420717,False,False,False,False,0.02402048219983956,0.008032740349909523,False,False,False,False,-163695.0,-180974.3105287136,False,False,False,False,5553.61840693372,False,False,False,False
2025-09-08 19:00:00+00:00,968.55,971.65,967.16,971.27,8064.0,,,963.786120419354,960.8801120444391,951.0983352544029,954.944075724474,959.8833002312543,961.8726102273408,963.8056062808599,964.21634046523,,,,,,,,,,,979.1876460184909,,953.1534363991711,972.9546081658917,"rgba(38, 166, 154, 1.0)",0.0,0.0,9.793243832193921,958.2429290639109,1.3302100059292332,0.0,0.0,0.0,0.0,0.0,0.0,0.0,0.0,78.30944489877868,24.044671032333767,True,False,True,False,True,11.111380434463346,0,0.9442313309317498,0.9801187810339793,False,False,False,False,0.04395485934395726,0.02599379984693339,False,False,False,False,-155631.0,-180581.39098563275,False,False,False,False,5592.53905178746,False,False,False,False
2025-09-09 14:00:00+00:00,968.55,968.93,963.13,964.28,5362.0,,,963.9058650160712,961.0906254424049,951.384231238976,955.0617298097977,959.9327495082272,961.9013914908144,963.8176646334999,964.2250804019191,,,,,,,,,,,979.168561853876,,953.2977298985818,972.937455594569,"rgba(38, 166, 154, 1.0)",0.0,0.0,9.630654744660829,958.3388731295329,0.6168975036469674,0.0,0.0,0.0,0.0,0.0,0.0,0.0,0.0,71.05680146280162,25.822813346121592,True,False,True,False,False,5.513610806848195,0,0.9338823847088552,0.9818118695392213,False,False,False,False,0.00530671127577452,0.015650255561353955,False,False,False,False,-160993.0,-180277.69500135936,False,False,False,False,5588.964802922538,False,False,False,False
2025-09-09 15:00:00+00:00,964.28,968.66,964.18,968.25,3630.0,,,964.0512816879738,961.2703739074854,951.5924712845974,955.1518123364534,959.9752003960077,961.9291992900988,963.8335650720014,964.2385051043235,,,,,,,,,,,979.1571595037612,,953.4059892800755,972.9283330192367,"rgba(38, 166, 154, 1.0)",0.0,0.0,9.611149072121075,958.41479629123,1.0233119510443172,0.0,0.0,0.0,0.0,0.0,0.0,0.0,0.0,68.66869573945982,23.803670050581204,True,False,True,False,False,8.036397519711244,0,0.9367817747184702,0.9797432869637013,False,False,False,False,0.00976971771163494,0.012709986636494447,False,False,False,False,-157363.0,-179922.428412191,False,False,False,False,5558.5932555904055,False,False,False,False
2025-09-09 16:00:00+00:00,968.1,972.485,968.1,971.865,4002.0,,,964.3815097757017,961.5786045514077,951.870480759039,955.2807313687589,960.0462236669216,961.9820106287938,963.8714654476393,964.2730332828814,,,,,,,,,,,979.1485309148009,,953.5560099084299,972.924744014814,"rgba(38, 166, 154, 1.0)",0.0,0.0,9.66752065954607,958.5302659601197,1.379333389550415,0.0,0.0,0.0,0.0,0.0,0.0,0.0,0.0,68.85243937019504,23.803670050581204,True,False,True,False,False,10.221653745608815,0,0.9478864693588623,0.9760861399774634,False,False,False,False,0.05413500115792347,0.03342249389720896,False,False,False,False,-153361.0,-179510.6233205291,False,False,False,False,5534.460026821563,False,False,False,False
2025-09-09 17:00:00+00:00,971.645,977.25,971.645,976.445,10304.0,,,965.5796581719812,962.6174187529328,952.7048395693984,955.6922531468327,960.2961471983073,962.1798862148993,964.0263954522592,964.4175803431389,,,,,,,,,,,979.1378111225727,,954.0238843380229,972.9342795573435,"rgba(38, 166, 154, 1.0)",0.0,0.0,10.01863393477208,958.9052563395901,1.7507121005323942,0.0,0.0,0.0,0.0,0.0,0.0,0.0,0.0,70.75767375045184,23.803670050581204,True,False,True,False,True,12.84392862191229,0,0.9491134203816737,0.9742138607741636,False,False,False,False,0.10197964344290135,0.06770106867005515,False,False,False,False,-143057.0,-178945.45086594723,False,False,False,False,5608.406382994872,False,False,False,False
2025-09-09 18:00:00+00:00,976.445,977.48,975.28,975.28,2272.0,,,965.8303355892773,962.8403520163879,952.887883818623,955.7848038913036,960.3534227070724,962.2256978728321,964.0627107879737,964.451573724979,,,,,,,,,,,979.1359819816687,,954.1286159751295,972.9372347368119,"rgba(38, 166, 154, 1.0)",0.0,0.0,10.31863246273211,958.9879686699087,1.5788944309174051,0.0,0.0,0.0,0.0,0.0,0.0,0.0,0.0,70.8504684611724,23.803670050581204,True,False,True,False,True,11.93054102139418,0,0.9464164550336354,0.9775119709981971,False,False,False,False,0.12437849410150477,0.09603978138577995,False,False,False,False,-145329.0,-178424.26558120386,False,False,False,False,5556.679152250766,False,False,False,False
2025-09-09 19:00:00+00:00,975.28,979.83,975.28,979.13,9959.0,,,966.997478138992,963.8764633083473,953.7262152474964,956.2211861875144,960.6321272511797,962.4525491053894,964.2464170216476,964.6244770730596,,,,,,,,,,,979.1332791399827,978.08,954.6184264704676,972.9587797836889,"rgba(38, 166, 154, 1.0)",0.0,0.0,10.79721046432176,960.2418592405959,1.749353763346373,-1.0,979.83,975.28,0.0,0.0,0.0,0.0,0.0,72.3579591247155,23.803670050581204,True,False,True,False,True,14.06704796561029,0,0.9455297277452517,0.9717117848240681,False,True,False,False,0.1380569842536579,0.11704838281971892,False,False,False,False,-135370.0,-177756.7575876968,False,True,False,False,5624.932188649978,False,True,False,False
2025-09-10 14:00:00+00:00,968.63,969.17,961.78,961.78,6514.0,,,966.8359073320245,963.892083267972,953.950256672717,956.3225898859437,960.668885946777,962.4691535237675,964.2463908123511,964.6213402540093,,,,,,,,,,,979.1083927002628,972.6084983508367,954.7454708255152,972.9349629527079,"rgba(239, 83, 80, 1.0)",0.0,0.0,10.84166063748663,960.0266370692723,0.16172457240223703,0.0,0.0,0.0,0.0,0.0,0.0,0.0,0.0,62.520946908027554,18.040349114877145,False,False,True,False,False,2.062615757158845,0,0.9237666479084603,0.9741136747326956,False,False,False,False,-0.0010441689529397005,0.05800210693338961,False,False,False,False,-141884.0,-177200.59080339142,False,False,False,False,5638.716185725172,False,False,False,False
2025-09-10 15:00:00+00:00,961.715,961.97,956.615,958.56,5384.0,,,966.4757666506332,963.7274239066379,954.038466117555,956.3507731706336,960.65536554191,962.4431368157515,964.2101295396758,964.5836869282628,,,,,,,,,,,979.0807194842248,969.26824449833,954.7919075099323,972.9036684059589,"rgba(239, 83, 80, 1.0)",0.0,0.0,10.86832844628211,959.8530091213713,-0.11897037596555966,0.0,0.0,0.0,0.0,0.0,0.0,0.0,0.0,54.78246475356197,11.29068308548792,False,False,True,False,False,0.14459789736702433,0,0.9147127702255108,0.9889530598344823,False,False,False,False,-0.07191384055035091,-0.0069558668084806485,False,False,False,False,-147268.0,-176736.51962814503,False,False,False,False,5634.767097574394,False,False,False,False
2025-09-10 16:00:00+00:00,958.24,958.56,954.52,957.76,5541.0,,,966.0428423784264,963.4982148616303,954.0893465420527,956.3570474143668,960.6237923755936,962.4004490914449,964.1583543173409,964.5309504127939,,,,,,,,,,,979.0493393129194,966.7763157894736,954.8155769814069,972.8667451393077,"rgba(239, 83, 80, 1.0)",0.0,0.0,10.864324656567105,959.7008509208896,-0.17864441483865504,0.0,0.0,0.0,0.0,0.0,0.0,0.0,0.0,49.32763593736524,6.75385073768269,False,True,False,True,False,0.0,0,0.9206374591945212,0.9944871445101933,False,False,False,False,-0.10365647333698165,-0.05530617007273115,False,False,False,False,-152809.0,-176365.55033158464,False,False,False,False,5633.313344123628,False,False,False,False
2025-09-10 17:00:00+00:00,957.885,960.5,957.885,960.195,3633.0,,,965.8543549555719,963.4121015214993,954.1510110204796,956.3787788905939,960.617702438557,962.3858896603688,964.1368081635978,964.5083953103876,,,,,,,,,,,979.0312089132391,965.9275524475524,954.8492647128295,972.8465370119878,"rgba(239, 83, 80, 1.0)",0.0,0.0,10.895289261425749,959.6586969371181,0.04922338911925355,0.0,0.0,0.0,0.0,0.0,0.0,0.0,0.0,47.16433069069849,5.097345163440487,False,True,False,True,False,1.1123530758814226,0,0.9239000066108212,0.9955896380103317,False,False,False,False,-0.07306415778311369,-0.06418516392792242,False,False,False,False,-149176.0,-175944.00691559108,False,False,False,False,5602.300734137215,False,False,False,False
2025-09-10 18:00:00+00:00,960.195,961.215,959.37,960.48,3974.0,,,965.6856859998458,963.3412738930863,954.227031248234,956.4083774240863,960.6161169832826,962.3746968492942,964.1176617193984,964.4880186640329,,,,,,,,,,,979.0122558968086,965.2949192972432,954.8919958440262,972.8258724127986,"rgba(239, 83, 80, 1.0)",0.0,0.0,10.938937519435036,959.6336879643926,0.077366932035564,0.0,0.0,0.0,0.0,0.0,0.0,0.0,0.0,45.900506620953486,3.966934712112007,False,True,False,True,False,1.2805405666240048,0,0.9177985018159809,0.9990352602905567,False,False,False,False,-0.060420607197788447,-0.06230288556285543,False,False,False,False,-145202.0,-175467.38665333384,False,False,False,False,5577.055761514932,False,False,False,False
2025-09-10 19:00:00+00:00,960.48,960.75,953.92,956.31,17617.0,,,964.645287208336,962.750025544776,954.3695556647389,956.4270638780396,960.521717451325,962.2463556243564,963.9612759284222,964.328488490998,,,,,,,,,,,978.9136414909381,962.5156817174059,954.9618895335484,972.7106087379468,"rgba(239, 83, 80, 1.0)",0.0,0.0,10.941781241588982,959.2655722845733,-0.27011802002944607,0.0,0.0,0.0,0.0,0.0,0.0,0.0,0.0,43.1275280634928,1.2339816025376251,False,True,False,True,False,0.0,0,0.9080806089788718,1.0007321262636217,False,False,False,False,-0.0944697085890518,-0.07838629707595363,False,False,False,False,-162819.0,-175271.2876354527,False,False,False,False,5763.721563661988,False,False,False,False
2025-09-11 14:00:00+00:00,962.94,964.29,958.5,961.395,4737.0,,,964.5439430460846,962.7169190366649,954.4655531084712,956.4693732609396,960.5277935021178,962.2409308690465,963.946217754099,964.3117942507758,,,,,,,,,,,978.8925700870981,962.4231300813009,955.0189148490114,972.6885011214235,"rgba(239, 83, 80, 1.0)",0.0,0.0,10.988820957504325,959.3255014106669,0.18832762835395983,0.0,0.0,0.0,0.0,0.0,0.0,0.0,0.0,44.49999910264509,1.2339816025376251,False,True,False,True,False,1.7683782635398266,0,0.9137435307648074,0.9877478714129366,False,False,False,False,-0.047767649659240935,-0.06307697336759728,False,False,False,False,-158082.0,-175004.7870519573,False,False,False,False,5747.803399884282,False,False,False,False
2025-09-11 15:00:00+00:00,961.4,962.385,959.06,960.055,5529.0,,,964.4019390124886,962.6554512873746,954.560284672535,956.5090449534548,960.5275696091626,962.22807871653,963.9227759706438,964.2866418349826,,,,,,,,,,,978.8667849531535,962.2540519388967,955.0750436980749,972.6607699459901,"rgba(239, 83, 80, 1.0)",0.0,0.0,10.979520525643354,959.3549882218501,0.06375613365947025,0.0,0.0,0.0,0.0,0.0,0.0,0.0,0.0,44.7239012930691,1.2339816025376251,False,True,False,True,False,0.965778227884531,0,0.9139845906484381,0.9971746424156805,False,False,False,False,-0.055483590744661464,-0.05928028205612937,False,False,False,False,-163611.0,-174828.13919068663,False,False,False,False,5744.411099110882,False,False,False,False
2025-09-11 16:00:00+00:00,960.055,961.585,958.25,958.25,3880.0,,,964.280722294881,962.5925863089528,954.6126025846256,956.5286130273824,960.5210157588608,962.2133055359625,963.9011071439646,964.263941459528,,,,,,,,,,,978.847614444242,962.0859705996885,955.1056288192103,972.6395701042792,"rgba(239, 83, 80, 1.0)",0.0,0.0,10.939987251506023,959.3537053679045,-0.10088726271162052,0.0,0.0,0.0,0.0,0.0,0.0,0.0,0.0,43.93430508344137,1.0025935039374403,False,True,False,True,False,0.0,0,0.9304933597278545,0.997866656416367,False,False,False,False,-0.06472853923752665,-0.06200441064682801,False,False,False,False,-167491.0,-174714.385094707,False,False,False,False,5715.5055006750545,False,False,False,False
2025-09-11 17:00:00+00:00,958.2,958.78,956.63,958.08,5283.0,,,964.0761851202767,962.4719540946298,954.6596398035589,956.5406556672104,960.5005754312003,962.1827599132228,963.8620876668151,964.2238143477149,,,,,,,,,,,978.8195254261356,961.7739098000027,955.1318414894006,972.6074955977588,"rgba(239, 83, 80, 1.0)",0.0,0.0,10.848941104141591,959.3221865453385,-0.11449841356998625,0.0,0.0,0.0,0.0,0.0,0.0,0.0,0.0,43.31524455141651,-0.1432544921402581,False,True,False,True,False,0.0,0,0.9157808430597086,1.0092505064145847,False,False,False,False,-0.0901996160706098,-0.07610201335871891,False,False,False,False,-172774.0,-174684.30160486654,False,False,False,False,5708.799989036682,False,False,False,False
2025-09-11 18:00:00+00:00,958.4,962.4,957.8,962.03,3485.0,,,964.0079022267165,962.4435457584917,954.7177507756658,956.5661545106248,960.5017857408536,962.176173225472,963.8489208892805,964.2095537036948,,,,,,,,,,,978.8036033554312,961.726362154028,955.1672328896451,972.5905695037291,"rgba(239, 83, 80, 1.0)",0.0,0.0,10.81278363456795,959.3388905248581,0.2488822088826873,0.0,0.0,0.0,0.0,0.0,0.0,0.0,0.0,45.72992996833868,-0.1432544921402581,False,True,False,True,False,2.136613501254832,0,0.9136538424378272,1.0090916117562945,False,False,False,False,-0.06263172248803088,-0.0693668679233749,False,False,False,False,-169289.0,-174600.65351796936,False,False,False,False,5674.32246982681,False,False,False,False
2025-09-11 19:00:00+00:00,962.1,965.045,961.9,965.02,8918.0,,,964.006927383872,962.505888968837,954.9389454676636,956.6796293194587,960.5457072907275,962.1971473062387,963.8504109289693,964.2072582959654,,,,,,,,,,,978.7702845784634,961.9652171399025,955.3073378861576,972.5592789609291,"rgba(239, 83, 80, 1.0)",0.0,0.0,10.77208846640155,959.4667351814599,0.5155235065011691,0.0,0.0,0.0,0.0,0.0,0.0,0.0,0.0,49.16701483054353,-0.1432544921402581,False,True,False,False,True,3.8528223157092505,0,0.9179459929472007,1.0033428336795323,False,False,False,False,-0.023963235720149127,-0.04666505182176202,False,False,False,False,-160371.0,-174380.03873474503,False,False,False,False,5724.612043938023,False,False,False,False
2025-09-12 14:00:00+00:00,962.4,965.53,960.595,963.0,2840.0,,,963.9918533955797,962.5126874187396,955.0000483927502,956.7104545110755,960.5556804246706,962.2002486438955,963.8476675696397,964.203419462052,,,,,,,,,,,978.7590279071029,962.0002380652353,955.3462615056744,972.5482666661503,"rgba(239, 83, 80, 1.0)",0.0,0.0,10.704513867298658,959.4946688939921,0.3274628955095668,0.0,0.0,0.0,0.0,0.0,0.0,0.0,0.0,50.00654003089423,-5.802446814832841,False,True,False,False,True,2.592919706331532,0,0.9201527495887882,0.997316301305297,False,False,False,False,-0.028658097014014002,-0.03766157441788801,False,False,False,False,-163211.0,-174206.87534350867,False,False,False,False,5679.889376590147,False,False,False,False
2025-09-12 15:00:00+00:00,962.5,963.8,960.63,962.89,2133.0,,,963.9738629215767,962.5120012392124,955.0419490599069,956.7312287311836,960.5613183568404,962.2009080862629,963.8440904038398,964.1990682713919,,,,,,,,,,,978.7502608699448,962.0107272039389,955.3729731023534,972.5394901575196,"rgba(239, 83, 80, 1.0)",0.0,0.0,10.630799275844605,959.5109455165637,0.3178551674015943,0.0,0.0,0.0,0.0,0.0,0.0,0.0,0.0,50.48458044734056,-4.984442453572299,False,True,False,False,True,2.524090675564352,1,0.9237142003911104,0.9995087036519695,False,False,False,False,-0.03836695780468979,-0.0380142661112889,False,False,False,False,-165344.0,-174069.4664234543,False,False,False,False,5624.898843619757,False,False,False,False
2025-09-12 16:00:00+00:00,962.63,963.63,961.35,963.575,1617.0,,,963.9640865026305,962.5144147657616,955.0751503591373,956.7480057241343,960.566501605291,962.2022621846467,963.8421822234427,964.1965525815643,,,,,,,,,,,978.7437885554183,962.0256628296938,955.3942609429891,972.5331177328111,"rgba(239, 83, 80, 1.0)",0.0,0.0,10.59354087797791,959.5249092564763,0.3823169977040553,0.0,0.0,0.0,0.0,0.0,0.0,0.0,0.0,51.32337669123863,-3.793187993346436,False,True,False,False,True,2.930322505550958,0,0.9187516473218208,1.0153945274748875,False,False,False,False,-0.03521588606417076,-0.036615076087729834,False,False,False,False,-163727.0,-173909.1181068116,False,False,False,False,5562.760877052009,False,False,False,False
2025-09-12 17:00:00+00:00,963.61,965.21,961.21,965.16,3547.0,,,963.962134701869,962.5350660063866,955.1563163351161,956.7905137218097,960.5827705174639,962.2097943449832,963.842257057467,964.1951798390313,,,,,,,,,,,978.7305091724088,962.0944473223313,955.4467923037448,972.5206215110612,"rgba(239, 83, 80, 1.0)",0.0,0.0,10.631732162061928,959.5646823043786,0.5262846740616347,0.0,0.0,0.0,0.0,0.0,0.0,0.0,0.0,53.09180789061985,-1.7713640680701488,False,True,True,False,True,3.871639060454399,0,0.9134280615180567,1.011049454353953,False,False,False,False,-0.026968957374236303,-0.03179201673098307,False,False,False,False,-160180.0,-173696.26356251995,False,False,False,False,5531.508770431047,False,False,False,False
2025-09-12 18:00:00+00:00,965.16,969.26,965.07,968.89,2104.0,,,964.0036939855,962.582022849866,955.2249059473015,956.82919675505,960.6036807986521,962.2246591977574,963.8519434644206,964.2037357335826,,,,,,,,,,,978.7246956817048,962.2172896909524,955.4918747981027,972.5165392443188,"rgba(239, 83, 80, 1.0)",0.0,0.0,10.758715778300633,959.6103739853577,0.8625217178204929,0.0,0.0,0.0,0.0,0.0,0.0,0.0,0.0,56.723795312741075,1.8541228347594014,False,True,True,False,True,6.034692671395344,0,0.9199171456078421,1.0029076834806625,False,False,False,False,0.01829643632010791,-0.00674779020543758,False,False,False,False,-158076.0,-173454.08893364365,False,False,False,False,5478.369099571651,False,False,False,False
2025-09-12 19:00:00+00:00,969.02,969.73,967.46,967.79,7316.0,,,964.1629623166954,962.7567499743628,955.4686050989476,956.9687225374753,960.6813481465898,962.2811632716172,963.8902794754418,964.2380500668727,,,,,,,,,,,978.705605937834,962.6470154118311,955.6534804316398,972.5041353464591,"rgba(239, 83, 80, 1.0)",0.0,0.0,10.854044799685086,960.2426711306783,0.6953471271410826,0.0,0.0,0.0,0.0,0.0,0.0,0.0,0.0,58.00841087814515,3.200903410395661,False,True,True,False,True,5.299845595644893,0,0.9205168059063533,1.004167476199728,False,False,False,False,0.03467168142867101,0.013961945611616716,False,False,False,False,-165392.0,-173329.09530676546,False,False,False,False,5506.859501128679,False,False,False,False
2025-09-15 14:00:00+00:00,961.7,966.15,961.7,964.955,6328.0,,,964.1662164639705,962.7954975316845,955.6079383678926,957.0445470880974,960.7122805883105,962.2969528398625,963.8930603463136,964.2382665129812,,,,,,,,,,,978.6827163533932,962.7399988520225,955.7462924152036,972.4831002076221,"rgba(239, 83, 80, 1.0)",0.0,0.0,10.904905056778583,960.2089037505086,0.4352258203789864,0.0,0.0,0.0,0.0,0.0,0.0,0.0,0.0,56.16225708154305,3.200903410395661,False,True,True,False,True,3.429424838694189,0,0.9238967510852428,1.0056160090323334,False,False,False,False,-0.018782929475552584,-0.002410491931967934,False,False,False,False,-171720.0,-173304.1480927071,False,False,False,False,5519.590361576296,False,False,False,False
2025-09-15 15:00:00+00:00,965.48,965.76,961.955,963.465,4141.0,,,964.1575093640129,962.8108597838806,955.6911981994031,957.0896620938606,960.7291958353882,962.3043483948144,963.8922632381632,964.2358847985759,,,,,,,,,,,978.6672154125062,962.775688853948,955.802160930772,972.4684891978683,"rgba(239, 83, 80, 1.0)",0.0,0.0,10.941735258565098,960.2092325707939,0.2975549446471509,0.0,0.0,0.0,0.0,0.0,0.0,0.0,0.0,53.64890896416154,3.200903410395661,False,True,True,False,False,2.4617729125590238,0,0.9331191845422327,0.9942492262329014,False,False,False,False,-0.019555611622444624,-0.010983051777206279,False,False,False,False,-175861.0,-173343.78920754883,False,False,False,False,5498.216867598369,False,False,False,False
2025-09-15 16:00:00+00:00,963.465,965.8,963.465,965.71,3784.0,,,964.1723402904056,962.8432483015226,955.7775452185604,957.1381148831132,960.7509411418137,962.3169910608271,963.8970549029948,964.2390863320063,,,,,,,,,,,978.6542758169365,962.8465917495319,955.8605743334235,972.4571062628149,"rgba(239, 83, 80, 1.0)",0.0,0.0,10.992357159362024,960.2418088686309,0.49745391748957063,0.0,0.0,0.0,0.0,0.0,0.0,0.0,0.0,53.866770498994015,3.200903410395661,False,True,True,False,False,3.812134598556142,0,0.9455464494282773,0.9835500809736468,False,False,False,False,-0.010685249639169335,-0.010834150708187808,False,False,False,False,-172077.0,-173324.14906479613,False,False,False,False,5471.63986189917,False,False,False,False
2025-09-15 17:00:00+00:00,965.78,967.1,963.375,963.395,4463.0,,,964.1816033187297,962.873892542591,955.8733583633264,957.1918591617426,960.7741019594962,962.3297177649351,963.9007692414934,964.2409965521093,,,,,,,,,,,978.6386351900575,962.9112034298346,955.9257811732326,972.4430650443136,"rgba(239, 83, 80, 1.0)",0.0,0.0,10.991457234789355,960.274184458224,0.283931008883718,0.0,0.0,0.0,0.0,0.0,0.0,0.0,0.0,51.95435913560326,6.504111437207705,False,True,False,False,False,2.298015324002275,0,0.9509964321617947,0.9766907807849243,False,False,False,False,-0.00376188385678615,-0.007298017282486979,False,False,False,False,-176540.0,-173374.0072188303,False,False,False,False,5456.002034582903,False,False,False,False
2025-09-15 18:00:00+00:00,963.395,963.395,960.24,961.825,2828.0,,,964.151262531044,962.8625203247382,955.9138944930945,957.2128203272099,960.7780508364448,962.3279417010833,963.8940479976086,964.2333941000655,,,,,,,,,,,978.6267637357699,962.8866251709076,955.9534434590585,972.4310134860827,"rgba(239, 83, 80, 1.0)",0.0,0.0,10.966466433455015,960.2632770999787,0.14240894361897918,0.0,0.0,0.0,0.0,0.0,0.0,0.0,0.0,49.39902604868353,3.9643677540424775,False,True,False,False,False,1.2838190601141122,0,0.9438520280297596,0.9770611996186693,False,False,False,False,-0.04292305155159046,-0.02511053441703872,False,False,False,False,-179368.0,-173466.93733946857,False,False,False,False,5415.257816992471,False,False,False,False
2025-09-15 19:00:00+00:00,961.64,962.79,959.88,960.44,11037.0,,,964.0025506401857,962.7887347515396,956.046647499593,957.2792361347168,960.7818062543305,962.3106175041804,963.8584746423891,964.1946909229657,,,,,,,,,,,978.5784402435117,962.7371435613601,956.0448737304189,972.3807866511648,"rgba(239, 83, 80, 1.0)",0.0,0.0,10.941058033890542,960.2151103015749,0.020554657303576147,0.0,0.0,0.0,0.0,0.0,0.0,0.0,0.0,46.611994315898315,1.283402744724306,False,True,False,True,False,0.3933663833404033,0,0.942552249815589,0.9818539463978362,False,False,False,False,-0.04845581637750998,-0.036783175397274354,False,False,False,False,-190405.0,-173729.54296211246,False,False,False,False,5502.416610527471,False,False,False,False
2025-09-16 14:00:00+00:00,957.04,957.35,952.02,952.385,5769.0,,,963.7570062523042,962.6052414504478,956.01820410743,957.2489982460439,960.7301036219135,962.2521749623579,963.7942085761043,964.1300674928591,,,,,,,,,,953.9183333333334,978.5430803173301,962.379772397871,956.0250671278732,972.3383456334437,"rgba(239, 83, 80, 1.0)",0.0,0.0,10.922125175597069,960.0689914009808,-0.7035253009321791,0.0,0.0,0.0,0.0,0.0,0.0,0.0,0.0,40.31621037665564,-4.501776434728228,False,True,False,True,False,0.0,0,0.9262053323728963,0.9918135713659946,False,False,False,False,-0.12516298057002848,-0.08097307798365141,False,False,False,False,-196174.0,-174077.51904021925,False,False,False,False,5506.549686333246,False,False,False,False
2025-09-16 15:00:00+00:00,952.385,955.87,950.99,955.87,4734.0,,,963.5706381003617,962.4656689514301,955.9989508914078,957.2269705416256,960.6902517596438,962.2066686510889,963.7438049202835,964.0793104836888,,,,,,,,,,954.0648200514139,978.514521833145,962.1179150775574,956.0115526214878,972.3042762312214,"rgba(239, 83, 80, 1.0)",0.0,0.0,10.871487384668905,959.9682395382648,-0.3769713741326868,0.0,0.0,0.0,0.0,0.0,0.0,0.0,0.0,39.40440826715027,-5.202891814562022,False,True,False,True,False,0.0,0,0.9252005204793071,0.9948340486686992,False,False,False,False,-0.13977760092091274,-0.11037533945228208,False,False,False,False,-191440.0,-174346.70479153367,False,False,False,False,5494.572171816451,False,False,False,False
2025-09-16 16:00:00+00:00,955.79,955.86,953.32,953.87,1967.0,,,963.4961923486863,962.4097713348624,955.991551989093,957.2182364100606,960.6741083409919,962.1881635120415,963.7232514462332,964.0586006833449,,,,,,,,,,954.1098039294305,978.502727437626,962.0154108245783,956.0063324953297,972.290241308763,"rgba(239, 83, 80, 1.0)",0.0,0.0,10.803505280760119,959.9299469043028,-0.5609241396026282,0.0,0.0,0.0,0.0,0.0,0.0,0.0,0.0,37.782871919271024,-6.743143017395042,False,True,False,True,False,0.0,0,0.926891880020693,1.001034640950308,False,False,False,False,-0.12626733091501283,-0.11832133518364746,False,False,False,False,-193407.0,-174642.2132443781,False,False,False,False,5439.881130392941,False,False,False,False
2025-09-16 17:00:00+00:00,953.85,954.52,952.21,954.08,1398.0,,,963.4397482433769,962.3668719285347,955.9839600330776,957.2104533976271,960.6613359080774,962.1738164811961,963.7075388234857,964.042807296394,,,,,,,,,,954.0587478367464,978.4940929127861,961.9372499556912,956.0009787874106,972.2798650413449,"rgba(239, 83, 80, 1.0)",0.0,0.0,10.708006336931838,959.9005201303789,-0.5435671167193806,0.0,0.0,0.0,0.0,0.0,0.0,0.0,0.0,36.908441553066666,-7.697067256682736,False,True,False,True,False,0.0,0,0.9200312454230338,1.003710393985256,False,False,False,False,-0.14053609876941212,-0.1294287169765298,False,False,False,False,-192009.0,-174911.4657522172,False,False,False,False,5377.216306665918,False,False,False,False
2025-09-16 18:00:00+00:00,954.08,954.5,952.3,952.61,3519.0,,,963.2938724866963,962.2550617092711,955.9613572160648,957.1884943183709,960.6272765946316,962.1359590813136,963.6663859114219,964.0014954016815,,,,,,,,,,953.872125438546,978.4719778588694,961.7361234865359,955.985005116153,972.253145825268,"rgba(239, 83, 80, 1.0)",0.0,0.0,10.573360172310142,959.8250123549249,-0.6823764855584661,0.0,0.0,0.0,0.0,0.0,0.0,0.0,0.0,35.512276959202715,-9.220271117543646,False,True,False,True,False,0.0,0,0.9172908133411353,1.0049736688121709,False,False,False,False,-0.14012765694321638,-0.1347781869598731,False,False,False,False,-195528.0,-175231.1019421053,False,False,False,False,5348.40675152381,False,False,False,False
2025-09-16 19:00:00+00:00,952.33,952.765,950.87,951.93,7973.0,,,962.9383321898097,961.9772505290784,955.8888054811964,957.1241428725644,960.5382269634928,962.0392977249954,963.5631147127801,963.8981369151551,,,,,,,,,,953.2379558359621,978.4194866280623,961.2496694905484,955.9334722367855,972.1888428345999,"rgba(239, 83, 80, 1.0)",0.0,0.0,10.456483308035857,959.3172729359783,-0.7064777629684711,0.0,0.0,0.0,0.0,0.0,0.0,0.0,0.0,34.20138951673202,-10.692073023575475,False,True,False,True,False,0.0,0,0.914646863335575,1.0082156535976374,False,False,False,False,-0.1586437235041824,-0.14671095523202776,False,False,False,False,-203501.0,-175669.39493525095,False,False,False,False,5389.098119717239,False,False,False,False
2025-09-17 14:00:00+00:00,959.24,960.46,956.32,959.18,5247.0,,958.6533333333333,962.8524403597646,961.9198276439201,955.9205801320596,957.1361894187921,960.5257184904219,962.0184762225658,963.535025597719,963.8689298153259,,,,,,,,,,954.1663214297382,978.3938668007687,961.1681918751506,955.9556245045751,972.1608204981301,"rgba(239, 83, 80, 1.0)",0.0,0.0,10.342689550363433,959.4367370652093,-0.02482304665137265,0.0,0.0,0.0,0.0,0.0,0.0,0.0,0.0,40.05075038056151,-15.333476410447119,False,True,False,True,True,0.047934419022098496,0,0.9212397834624774,0.9984367612007988,False,False,False,False,-0.08230270734902673,-0.11450683129052724,False,False,False,False,-198254.0,-176019.5438509835,False,False,False,False,5386.895048093716,False,False,False,False
2025-09-17 15:00:00+00:00,959.16,959.4,956.565,958.0,4521.0,,958.3455461711711,962.7698573082728,961.8621644178999,955.9408570590906,957.1419345433382,960.5112923191326,961.9972350479511,963.5078175212839,963.8408480012112,,,,,,,,,,954.6582172341151,978.3711032145433,961.0844733772029,955.9697900394966,972.1355842241514,"rgba(239, 83, 80, 1.0)",0.0,0.0,10.228469383441015,959.4605464913786,-0.14279228265991895,0.0,0.0,0.0,0.0,0.0,0.0,0.0,0.0,43.06690452550154,-12.581289780403061,False,True,False,True,True,0.0,0,0.915797721073301,1.007486796540984,False,False,False,False,-0.08699920654400521,-0.10075301891726623,False,False,False,False,-202775.0,-176434.35712461165,False,False,False,False,5373.470318665906,False,False,False,False
2025-09-17 16:00:00+00:00,958.57,959.71,956.26,956.64,3790.0,,958.1194321925555,962.6964192168845,961.8096262681619,955.9538687461722,957.1441529747945,960.4971820041767,961.9776132707963,963.4833638374122,963.8157116591094,,,,,,,,,,954.9385328554054,978.3516373706333,961.0078612899547,955.9788905873827,972.1138243331584,"rgba(239, 83, 80, 1.0)",0.0,0.0,10.096137345408884,959.4590470457636,-0.2792203542125446,0.0,0.0,0.0,0.0,0.0,0.0,0.0,0.0,44.058558183903,-11.631812925138988,False,True,False,True,True,0.0,0,0.9148233999921421,1.020253015361647,False,False,False,False,-0.08697038220173718,-0.09386170055950172,False,False,False,False,-206565.0,-176901.49887461765,False,False,False,False,5348.920391244729,False,False,False,False
2025-09-17 17:00:00+00:00,956.18,960.92,955.92,959.84,4511.0,,958.3126397882191,962.6339407204546,961.7680668090376,955.9821214468191,957.1557759235723,960.4881775730593,961.9615487563533,963.4610987880136,963.7924615068882,,,,,,,,,,955.3493206920107,978.330022761359,960.9548750516141,955.998899797073,972.0904118500491,"rgba(239, 83, 80, 1.0)",0.0,0.0,9.96286820654394,959.4778927108139,0.03634568697278479,0.0,0.0,0.0,0.0,0.0,0.0,0.0,0.0,47.26477501584449,-8.545596086037897,False,True,False,False,True,0.4932607105517022,0,0.9143365531265886,1.0010754370184975,False,False,False,False,-0.08195709843601023,-0.08790939949775597,False,False,False,False,-202054.0,-177291.4601323755,False,False,False,False,5335.929377426982,False,False,False,False
2025-09-17 18:00:00+00:00,959.85,962.98,958.62,961.06,3305.0,,958.7106541436635,962.6131601239338,961.7589593005866,956.0164172968176,957.1738511496935,960.489809968013,961.9574625607851,963.4519818822641,963.782440437309,,,,,,,,,,955.740918424844,978.3158381388163,960.9536453912699,956.0233625019877,972.0758941228528,"rgba(239, 83, 80, 1.0)",0.0,0.0,9.827424062885216,959.5135492778334,0.15736073993255187,0.0,0.0,0.0,0.0,0.0,0.0,0.0,0.0,50.285776264303166,-5.671080113767651,False,False,False,False,True,1.239825489356999,0,0.918206474020019,0.9998634172991746,False,False,False,False,-0.054594073912223796,-0.07125173670498988,False,False,False,False,-198749.0,-177624.13516908287,False,False,False,False,5304.442100257571,False,False,False,False
2025-09-17 19:00:00+00:00,961.26,963.815,960.495,962.39,4997.0,,959.3781611745223,962.6064507743938,961.7662564415137,956.0814584463029,957.2106424842245,960.5005422701161,961.9590391292612,963.4454916052321,963.7744049938599,,,,,,,,,,956.3680587719807,978.2960891129417,960.987600886066,956.0700013100836,972.0566485264806,"rgba(239, 83, 80, 1.0)",0.0,0.0,9.69124840274295,959.7920037096592,0.2680765348668064,0.0,0.0,0.0,0.0,0.0,0.0,0.0,0.0,53.254368905163176,-2.8548230586314034,False,False,True,False,True,2.0529284384936837,0,0.9218551956788799,0.9977672913051107,False,False,False,False,-0.039054563415968226,-0.05515315006047905,False,False,False,False,-193752.0,-177874.17958506607,False,False,False,False,5299.675556067531,False,False,False,False
2025-09-18 14:00:00+00:00,957.66,959.9,955.9,958.19,4956.0,,959.159605718177,962.5270810809561,961.7096100690717,956.1011268030277,957.216270773284,960.485348816708,961.9367070189005,963.4168615878177,963.7448330629279,,,,,,,,,957.9966666666666,956.5104438113382,978.271396388458,960.9109082811201,956.0842463340238,972.0294347656225,"rgba(239, 83, 80, 1.0)",0.0,0.0,9.532396618760776,959.6700922793547,-0.15526969119619172,0.0,0.0,0.0,0.0,0.0,0.0,0.0,0.0,51.50545662804089,-2.8548230586314034,False,False,False,False,True,0.0,0,0.9119266055045872,0.9970642201834863,False,False,False,False,-0.08795049102958759,-0.07155182054503331,False,False,False,False,-198708.0,-178197.18455273946,False,False,False,False,5294.347252872685,False,False,False,False
2025-09-18 15:00:00+00:00,958.43,960.74,957.93,958.83,7057.0,,959.1609038922467,962.4466661467185,961.6563368847699,956.145308572008,957.2359562728601,960.4740525132999,961.9146534979998,963.3852985202893,963.7117086239964,,,,,,,,,958.6839795776797,956.8045101499748,978.2383622143091,960.849465938889,956.1163599511835,971.9940813192065,"rgba(239, 83, 80, 1.0)",0.0,0.0,9.366616120542922,959.6541841390397,-0.08799166405806089,0.0,0.0,0.0,0.0,0.0,0.0,0.0,0.0,50.883255934385645,-2.8548230586314034,False,False,False,False,False,0.0,0,0.9159114429689238,0.99917787815187,False,False,False,False,-0.07142501342755077,-0.07148841698629205,False,False,False,False,-191651.0,-178405.7708387435,False,False,False,False,5321.6752024405505,False,False,False,False
2025-09-18 16:00:00+00:00,958.84,959.44,955.23,959.03,3641.0,,959.0516605591909,962.3912152840585,961.6161700048947,956.1582600699926,957.2393963264866,960.4627259294169,961.8982302066502,963.3643617177034,963.6900942256888,,,,,,,,,958.501631957753,956.8637025302365,978.2202341336404,960.796817819329,956.1258961864263,971.9741232176704,"rgba(239, 83, 80, 1.0)",0.0,0.0,9.192995723834738,959.6247671510507,-0.06469786007935255,0.0,0.0,0.0,0.0,0.0,0.0,0.0,0.0,50.65159683338671,-2.8548230586314034,False,False,False,False,False,0.0,0,0.9026428332118012,1.0128200074890126,False,False,False,False,-0.0944697085890518,-0.08297906278767192,False,False,False,False,-188010.0,-178554.67361643742,False,False,False,False,5295.618222557751,False,False,False,False
2025-09-18 17:00:00+00:00,959.1,959.1,954.59,955.67,5810.0,,958.736069858193,962.2778626721692,961.5295537331677,956.1616950110765,957.2329515778753,960.4347698163624,961.8629174629326,963.322523700316,963.6473999914027,,,,,,,,,957.947186607032,956.8311286517749,978.1893190347048,960.6765260716819,956.1286660837839,971.9391309982623,"rgba(239, 83, 80, 1.0)",0.0,0.0,8.890318624904177,959.547246704512,-0.4361201063875024,0.0,0.0,0.0,0.0,0.0,0.0,0.0,0.0,47.63734109408949,-2.8548230586314034,False,False,False,True,False,0.0,0,0.9013352239158691,1.0114025759187049,False,False,False,False,-0.10013001344870837,-0.09155453811819014,False,False,False,False,-193820.0,-178791.34534331434,False,False,False,False,5303.593133835926,False,False,False,False
2025-09-18 18:00:00+00:00,955.67,955.91,952.8,953.25,5037.0,,958.283604585918,962.1428780596597,961.4214169847282,956.1399635382778,957.2100399969178,960.3960254461848,961.8188800161322,963.2737815085691,963.5982396047592,,,,,,,,,957.1944173175855,956.6479867786412,978.1595545479057,960.5196682633223,956.1130713677618,971.9041099190399,"rgba(239, 83, 80, 1.0)",0.0,0.0,8.602274548889996,959.4374531075943,-0.7192810543802809,0.0,0.0,0.0,0.0,0.0,0.0,0.0,0.0,43.94045862860618,-0.47410037843863506,False,True,False,True,False,0.0,0,0.8929049268062332,1.0197347709743427,False,False,False,False,-0.12900046750908042,-0.11027750281363528,False,False,False,False,-198857.0,-179102.44076434823,False,False,False,False,5299.4599069547485,False,False,False,False
2025-09-18 19:00:00+00:00,953.25,954.45,950.67,952.33,8883.0,,957.4492784659811,961.8732793019808,961.2010105858293,956.0766484444694,957.1519311049698,960.3130574123802,961.7277274792401,963.1753356127357,963.4993800441296,,,,,,,,,956.0117200806391,956.2233226386577,978.1039880059957,960.2005599511858,956.0670583714839,971.8375261725711,"rgba(239, 83, 80, 1.0)",0.0,0.0,8.273229581171385,959.2258230821947,-0.8335104223250943,0.0,0.0,0.0,0.0,0.0,0.0,0.0,0.0,40.8733509150248,-3.4160232193606532,False,True,False,True,False,0.0,0,0.88718270134754,1.0222109056722029,False,False,False,False,-0.14994341241683196,-0.13011045761523363,False,False,False,False,-207740.0,-179546.43393079244,False,False,False,False,5355.018668087233,False,False,False,False
2025-09-19 14:00:00+00:00,951.265,951.265,943.83,944.5,5103.0,,956.6159814332864,961.631181894086,960.9961080393322,955.9826396164094,957.0774529660591,960.2305415701604,961.6429663508115,963.0885589663686,963.4131241627899,,,,,,,,,954.8168498118737,955.6870225624788,978.0647853859444,959.8957115510683,955.998120407062,971.7877829279153,"rgba(239, 83, 80, 1.0)",0.0,0.0,8.097210885063072,959.0103511754156,-1.7920184346665433,0.0,0.0,0.0,0.0,0.0,0.0,0.0,0.0,35.10724988365205,-8.753820863718715,False,True,False,True,False,0.0,0,0.8771926422247864,1.0256668832239233,False,False,False,False,-0.20918619346154294,-0.16964832553838827,False,False,False,False,-212843.0,-180062.65976132278,False,False,False,False,5351.111401915337,False,False,False,False
2025-09-19 15:00:00+00:00,945.01,950.29,944.38,949.985,3472.0,,956.2014124840039,961.4887011302945,960.8758156523546,955.9309563696412,957.0353831196486,960.1818049216085,961.592211539334,963.0359950618765,963.3607502830995,,,,,,,,,954.2956812408532,955.4160298881804,978.0395918749635,959.7211657094965,955.9600391976629,971.7563028237143,"rgba(239, 83, 80, 1.0)",0.0,0.0,7.757300279781477,958.8965156998618,-1.1487908651787797,0.0,0.0,0.0,0.0,0.0,0.0,0.0,0.0,36.411239585546284,-8.753820863718715,False,True,False,True,False,0.0,0,0.8742198427627453,1.031727198186466,False,False,False,False,-0.17511236534830324,-0.17238034544334574,False,False,False,False,-209371.0,-180517.05263324027,False,False,False,False,5321.977891808122,False,False,False,False
2025-09-19 16:00:00+00:00,949.985,954.55,949.66,954.08,2246.0,,956.0950146972368,961.4291520785919,960.8267101782055,955.9173749681835,957.0222999001892,960.1623853821384,961.5706713509865,963.0125586492737,963.3371735948498,,,,,,,,,954.2211946398297,955.3551946849643,978.02579750947,959.6545327636783,955.9499489288984,971.7399069503455,"rgba(239, 83, 80, 1.0)",0.0,0.0,7.397278641931365,958.8618400487954,-0.646432327381804,0.0,0.0,0.0,0.0,0.0,0.0,0.0,0.0,40.23004456914751,-8.753820863718715,False,True,False,True,True,0.0,0,0.892508015184595,1.0207608032886841,False,False,False,False,-0.09982493258233187,-0.1361026390128388,False,False,False,False,-207125.0,-180929.57894900398,False,False,False,False,5274.288312090167,False,False,False,False
2025-09-19 17:00:00+00:00,954.51,955.5,952.83,954.95,7082.0,,955.9466901001782,961.281634857837,960.7068446595949,955.8974903218675,956.9974746218377,960.1154296626045,961.5161327902529,962.9512351789285,963.2751016413707,,,,,,,,,954.2485024802797,955.2925784151288,977.9852574465167,959.5012951174756,955.9349373793149,971.6929082694381,"rgba(239, 83, 80, 1.0)",0.0,0.0,7.119152763014091,958.7972258040375,-0.5404050077454129,0.0,0.0,0.0,0.0,0.0,0.0,0.0,0.0,43.358381017374725,-13.371137493305405,False,True,False,True,True,0.0,0,0.9013560696729014,1.0195843760200194,False,False,False,False,-0.048149968446131404,-0.0921263037294851,False,False,False,False,-200043.0,-181225.91105832174,False,False,False,False,5302.314849887218,False,False,False,False
2025-09-19 18:00:00+00:00,954.98,957.25,954.98,956.3,5302.0,,955.9610419805398,961.2023717117113,960.6442030026818,955.9002507223347,956.9916391290592,960.0914363247468,961.4857890939322,962.9152029873374,963.23827345492,,,,,,,,,954.4229913180518,955.3350678631859,977.9572456069117,959.4299045813891,955.9367077565714,971.6614383291333,"rgba(239, 83, 80, 1.0)",0.0,0.0,6.893082035999819,958.7803738900141,-0.3598352488857819,0.0,0.0,0.0,0.0,0.0,0.0,0.0,0.0,46.372339053441266,-10.517353804487492,False,False,False,True,True,0.0,0,0.9119553671587265,1.0065221923302194,False,False,False,False,-0.0165914440180159,-0.054358873873750505,False,False,False,False,-194741.0,-181435.44732098343,False,False,False,False,5302.309968493618,False,False,False,False
2025-09-19 19:00:00+00:00,956.285,957.17,949.71,951.87,9211.0,,955.6632672832754,960.984743423404,960.4629243517061,955.8498656301849,956.9419230821876,960.01630276458,961.4020154502729,962.8236614854137,963.1460725476485,,,,,,,,,954.2183488938053,955.1487070578623,977.9014939936671,959.1956677716042,955.898765285598,971.5956226988793,"rgba(239, 83, 80, 1.0)",0.0,0.0,6.711528454030264,958.6630476284081,-1.0121461415139905,0.0,0.0,0.0,0.0,0.0,0.0,0.0,0.0,45.421323301242076,-10.517353804487492,False,False,False,True,True,0.0,0,0.9122372810881985,1.0000098999118907,False,False,False,False,-0.059904387559695384,-0.05713163071672295,False,False,False,False,-203952.0,-181784.54116096816,False,False,False,False,5362.909813943329,False,False,False,False
2025-09-22 14:00:00+00:00,944.52,946.245,943.03,943.56,12453.0,,954.333579947604,960.4118394416128,959.9653997664767,955.5915695354621,956.7364329760381,959.796599551143,961.1786413160185,962.596914952735,962.9209279932081,,,,,,,,944.2783333333334,952.6759390926196,954.1230617978947,977.8005888022844,958.5039992466437,955.7046823072093,971.4665611135281,"rgba(239, 83, 80, 1.0)",0.0,0.0,6.726786716002761,958.229588587468,-2.180772069459211,0.0,0.0,0.0,0.0,0.0,0.0,0.0,0.0,40.965719876592324,-10.517353804487492,False,True,False,True,False,0.0,0,0.9048793135499525,1.0019665971998002,False,False,False,False,-0.20495261032643772,-0.13104212052158032,False,False,False,False,-216405.0,-182321.2924607981,False,False,False,False,5472.833692796921,False,False,False,False
2025-09-22 15:00:00+00:00,943.47,945.03,941.19,941.56,7697.0,,953.5431330639166,960.0420039837701,959.641479972351,955.4146776022466,956.5959925616686,959.6494310436742,961.0299911430611,962.4468802448093,962.7721003151992,,,,,,,,943.634688420182,951.7935534584044,953.4877261402768,977.7354034803958,958.0607261235563,955.5707147177804,971.3824921165416,"rgba(239, 83, 80, 1.0)",0.0,0.0,6.876661864994816,957.9547579916314,-2.3841157691768786,0.0,0.0,0.0,0.0,0.0,0.0,0.0,0.0,37.28392314218438,-5.611546984894275,False,True,False,True,False,0.0,0,0.9024724066126371,1.004340642688852,False,False,False,False,-0.23083782164475763,-0.18093997108316898,False,False,False,False,-224102.0,-182969.05536838266,False,False,False,False,5507.3168913582085,False,False,False,False
2025-09-22 16:00:00+00:00,941.67,942.29,939.81,941.12,5308.0,,952.9898416632533,959.774326795092,959.4057498134434,955.2813358808041,956.4904180243465,959.540484537301,960.920518900585,962.3368962628971,962.6630931732981,,,,,,,,943.100645180297,951.1833867335778,953.0332392687262,977.6886525890305,957.7405018153448,955.4692764288195,971.3217552086751,"rgba(239, 83, 80, 1.0)",0.0,0.0,7.102236081716002,957.7561635247769,-2.342383910273696,0.0,0.0,0.0,0.0,0.0,0.0,0.0,0.0,34.66770887027503,-8.141761870726185,False,True,False,True,False,0.0,0,0.9096846869102085,1.0076876710704439,False,False,False,False,-0.26624172728612233,-0.22359084918464567,False,False,False,False,-229410.0,-183689.07001383408,False,False,False,False,5504.226706996066,False,False,False,False
2025-09-22 17:00:00+00:00,941.24,942.065,940.33,941.09,5883.0,,952.4354313000615,959.4877038436,959.1526053982785,955.1373180749546,956.3757331069628,959.4217900732434,960.8011163914639,962.2168139461578,962.5440392467086,,,,,,,,942.7366807057848,950.5887005880513,952.5703272531242,977.6371010875664,957.4012131142216,955.3591751352423,971.2549183781271,"rgba(239, 83, 80, 1.0)",0.0,0.0,7.41498420718889,957.5479056418428,-2.2195469581562572,0.0,0.0,0.0,0.0,0.0,0.0,0.0,0.0,32.91138039566545,-9.9550390611452,False,True,False,True,False,0.0,0,0.9105168066392679,1.0003077411797405,False,False,False,False,-0.26368594920990757,-0.24363839919727662,False,False,False,False,-235293.0,-184489.13094385216,False,False,False,False,5510.099161151165,False,False,False,False
2025-09-22 18:00:00+00:00,941.16,943.73,940.66,941.66,6255.0,,951.9408509211967,959.2062569193339,958.9034774731429,954.9965542484018,956.2624113890382,959.3030912180393,960.681194844761,962.0957476579993,962.4238988611812,,,,,,,,942.616889030748,950.0799709191999,952.1502011960603,977.5837302573404,957.0735858989939,955.2508941011417,971.1861892204653,"rgba(239, 83, 80, 1.0)",0.0,0.0,7.697511053222448,957.3499785833168,-2.0383184219980355,0.0,0.0,0.0,0.0,0.0,0.0,0.0,0.0,32.349077649636634,-10.782901932416742,False,True,False,True,False,0.0,0,0.9182188011007858,0.9919634666773021,False,False,False,False,-0.2464882325088487,-0.24506331585306265,False,False,False,False,-229038.0,-185179.81108425756,False,False,False,False,5521.648011365876,False,False,False,False
2025-09-22 19:00:00+00:00,941.58,943.81,941.58,943.26,8648.0,,951.383008724139,958.8506276347922,958.5878124852846,954.8195070074596,956.1180043175666,959.1497182453315,960.5254769711771,961.9378574614315,962.2670501051774,,,,,,,,942.6667162586858,949.5342471472998,951.6667756296185,977.5119956328964,956.667730418112,955.113666471644,971.0945040500385,"rgba(239, 83, 80, 1.0)",0.0,0.0,7.912367319245333,957.1085173035766,-1.7502369069611723,0.0,0.0,0.0,0.0,0.0,0.0,0.0,0.0,33.70500858331481,-10.782901932416742,False,True,False,True,False,0.0,0,0.924619702553961,0.9827205625305887,False,False,False,False,-0.2379218939455754,-0.241492604899319,False,False,False,False,-220390.0,-185725.705486052,False,False,False,False,5570.118584833072,False,False,False,False
2025-09-23 14:00:00+00:00,937.23,938.4,933.625,936.14,13813.0,,950.0101984399719,958.084030343238,957.9002850360315,954.3914350671301,955.7779821852455,958.8102216007128,960.1882220610279,961.6025106804736,961.9352437927664,,,,,,,936.0549999999998,941.1460336291633,948.0780199493705,950.4659968650468,977.3755584011474,955.7672191736771,954.7817774487348,970.9141367536239,"rgba(239, 83, 80, 1.0)",0.0,0.0,8.33620455041578,956.5474913133254,-2.4480554897501356,0.0,0.0,0.0,0.0,0.0,0.0,0.0,0.0,31.27936956083603,-12.379304861295964,False,True,False,True,False,0.0,0,0.9179501900538489,0.9825190053848589,False,False,False,False,-0.34282825441539394,-0.29216042965735645,False,False,False,False,-234203.0,-186477.29144750856,False,False,False,False,5697.915195920931,False,False,False,False
2025-09-23 15:00:00+00:00,936.51,938.18,933.605,934.285,8393.0,,949.253917933928,957.6289278153415,957.4899397088674,954.1311928211311,955.5698329688013,958.6025874513865,959.9820037422054,961.397504906874,961.7323741875404,,,,,,,935.7910572968266,940.4361701241781,947.294384587156,949.7913935362263,977.2917010214492,955.23943107303,954.5783910365329,970.8032694017529,"rgba(239, 83, 80, 1.0)",0.0,0.0,8.799215673486719,956.2190813751042,-2.492731419368972,0.0,0.0,0.0,0.0,0.0,0.0,0.0,0.0,29.00675315412426,-14.817582177858142,False,True,False,True,False,0.0,0,0.9166120999265834,0.9852471377264519,False,False,False,False,-0.34282825441539394,-0.31749434203637517,False,False,False,False,-242596.0,-187347.34894444642,False,False,False,False,5739.699456449289,False,False,False,False
2025-09-23 16:00:00+00:00,934.285,939.33,933.53,938.44,6015.0,,948.8204054195623,957.3384876660087,957.2273779465692,953.9659361267948,955.4358925878867,958.4670209191073,959.8466224527837,961.2622474290347,961.5983630997606,,,,,,,936.070044234199,940.1666869670315,946.8633634414647,949.3978868035081,977.234298525109,954.9093867946403,954.4482148241888,970.7281254745333,"rgba(239, 83, 80, 1.0)",0.0,0.0,9.097482506442113,955.0124251165598,-1.8216495722662285,0.0,0.0,0.0,0.0,0.0,0.0,0.0,0.0,31.46755639260721,-14.817582177858142,False,True,False,True,False,0.0,0,0.9417098184602369,0.9802945739557936,False,False,False,False,-0.33330256396695496,-0.32539845300166503,False,False,False,False,-236581.0,-188110.66136391237,False,False,False,False,5743.967681930695,False,False,False,False
2025-09-23 17:00:00+00:00,938.38,944.49,938.38,943.05,3912.0,,948.6651689288391,957.1983958763046,957.1006881192636,953.8907290738235,955.3726956686781,958.3996665755013,959.7781108135623,961.1926647578473,961.5291682078737,,,,,,,936.7887342711023,940.2568613879073,946.7324960835151,949.2511274346331,977.2015758662666,954.7580987792722,954.3880792820304,970.6864897613397,"rgba(239, 83, 80, 1.0)",0.0,0.0,9.255012278724653,955.0204646871655,-1.2934034366094942,0.0,0.0,0.0,0.0,0.0,0.0,0.0,0.0,36.599102391787206,-19.67153949714502,False,True,False,True,True,0.0,0,0.9547447305851787,0.9565404949889142,False,False,False,False,-0.24710778739852782,-0.2862531202000964,False,False,False,False,-232669.0,-188801.48831951062,False,False,False,False,5715.565082210839,False,False,False,False
2025-09-23 18:00:00+00:00,942.52,944.74,942.04,943.44,7185.0,,948.4549552298873,956.9712472817573,956.8949376003744,953.7713497607754,955.2704092622097,958.2880524538594,959.6636576060621,961.0755985526164,961.4125660850449,,,,,,,937.9981000644318,940.5213637479256,946.5766811856913,949.0463790979378,977.1440724033621,954.519399276136,954.2917068618184,970.6141342158735,"rgba(239, 83, 80, 1.0)",0.0,0.0,9.409059065366732,954.9757520865658,-1.2260261102012846,0.0,0.0,0.0,0.0,0.0,0.0,0.0,0.0,40.29340020148515,-16.225091531158014,False,True,False,True,True,0.0,0,0.9590371833301591,0.9557890304664707,False,False,False,False,-0.2144560572660658,-0.25035458873308114,False,False,False,False,-225484.0,-189370.20943083602,False,False,False,False,5738.347018920748,False,False,False,False
2025-09-23 19:00:00+00:00,943.35,944.94,942.76,943.695,14314.0,,948.1114565629289,956.5527560346586,956.5143154282107,953.5501327706073,955.0783166911351,958.0762986740066,959.4457274948979,960.8519815408745,961.1896431035494,,,,,,,939.5461411408612,940.9910115376401,946.3395019163943,948.7039992874735,977.0314181453625,954.0883268913673,954.1113982183074,970.4731837533235,"rgba(239, 83, 80, 1.0)",0.0,0.0,9.551573714969507,954.7945492987374,-1.1620649779775845,0.0,0.0,0.0,0.0,0.0,0.0,0.0,0.0,42.951952549960126,-13.7302786481998,False,False,False,True,True,0.0,0,0.9607835270754144,0.9551668455312275,False,False,False,False,-0.20684073558118637,-0.22859766215713376,False,False,False,False,-211170.0,-189708.19067997034,False,False,False,False,5871.302879092519,False,False,False,False
2025-09-24 14:00:00+00:00,949.81,954.015,949.64,951.57,7401.0,951.7416666666666,948.2448268866738,956.4750058301396,956.4436598002756,953.5296268543146,955.0496772304285,958.0287922076035,959.3913969821969,960.7914201307177,961.1282207167244,,,,,,,941.024998225004,941.7326952033833,946.5678667005564,948.803121788767,976.9873197015014,954.040534837644,954.0905298484466,970.4224146624636,"rgba(38, 166, 154, 1.0)",0.0,0.0,9.572624576329261,954.5614367601527,-0.31249912041361244,0.0,0.0,0.0,0.0,0.0,0.0,0.0,0.0,49.56110955294169,-7.619541355520731,True,False,False,False,True,0.0,0,0.9676472629564636,0.9442180513003557,False,False,False,False,-0.07772046927832714,-0.15315906571773044,False,False,False,False,-203769.0,-189926.18772369172,False,False,False,False,5895.019113525193,False,False,False,False
2025-09-24 15:00:00+00:00,951.57,951.57,946.25,948.27,6441.0,950.3247583441699,948.2588261844861,956.3671254785681,956.3451172838771,953.482400949906,955.0025724965096,957.9682790937495,959.3261591495549,960.7218508961424,961.058280663184,,,,,,,941.7573279584236,942.1271353113259,946.6434052178478,948.8001821086765,976.9444524135399,953.9474682093112,954.0495059926556,970.3712887746223,"rgba(38, 166, 154, 1.0)",0.0,0.0,9.606360753114688,954.4772320752312,-0.6461585437772193,0.0,0.0,0.0,0.0,0.0,0.0,0.0,0.0,51.52320031682885,-5.885422246277386,True,False,True,False,True,0.0,0,0.9644472919028145,0.9416982898822135,False,False,False,False,-0.12442025301422861,-0.13878965936597953,False,False,False,False,-210210.0,-190240.6654334019,False,False,False,False,5903.4839334705375,False,False,False,False
2025-09-24 16:00:00+00:00,948.03,950.3,944.85,945.71,6185.0,949.2835507897671,948.2211080436359,956.2433995585691,956.2317853219885,953.4217065611766,954.9456682005882,957.900117164285,959.2541067398433,960.6462195883356,960.9824895138856,,,,,,,942.193626214493,942.37608683686,946.6536176566169,948.7524747668808,976.9008780890338,953.8324263659069,953.9980558189881,970.3184903173092,"rgba(38, 166, 154, 1.0)",0.0,0.0,9.674012555242097,954.3762463806939,-0.8958274894937873,0.0,0.0,0.0,0.0,0.0,0.0,0.0,0.0,51.12166518398839,-5.885422246277386,True,False,True,False,True,0.0,0,0.9746727657973431,0.9413552743618683,False,False,False,False,-0.14595842930207933,-0.14237404433402945,False,False,False,False,-216395.0,-190646.15899257397,False,False,False,False,5907.848523649288,False,False,False,False
2025-09-24 17:00:00+00:00,945.53,947.99,944.19,944.48,4519.0,948.5968053858062,948.1659568086199,956.141721190882,956.138459251652,953.3686248159435,954.8974035735692,957.8445450590115,959.1960592555577,960.585887294686,960.9221516213569,,,,,,,942.3878306770021,942.4914842498382,946.6277507690759,948.6932136791377,976.8676363772536,953.7341115242608,953.9535562178893,970.2777615606572,"rgba(38, 166, 154, 1.0)",0.0,0.0,9.75856378352775,954.2887279383634,-1.0051405264082334,0.0,0.0,0.0,0.0,0.0,0.0,0.0,0.0,50.05530003271463,-5.885422246277386,True,False,False,False,True,0.0,0,0.9646016825309062,0.9485662940874439,False,False,False,False,-0.17007657200386705,-0.15622530816894825,False,False,False,False,-220914.0,-191115.42784540227,False,False,False,False,5886.315988398911,False,False,False,False
2025-09-24 18:00:00+00:00,944.43,945.265,943.13,944.755,7768.0,947.583923944214,948.0361490274383,955.952565427154,955.964473819758,953.2656213195598,954.8053429880143,957.7411959225036,959.0889594421186,960.4753130733383,960.8117158815805,,,,,,,942.5681888627744,942.6026566810401,946.5405732369949,948.5602126560756,976.8085306790296,953.547054060341,953.8676462639437,970.204764185008,"rgba(38, 166, 154, 1.0)",0.0,0.0,9.823028719559314,954.1258825650242,-0.9539707998985271,0.0,0.0,0.0,0.0,0.0,0.0,0.0,0.0,49.54983735003389,-5.885422246277386,True,False,False,False,True,0.0,0,0.9642257140033604,0.9525644826563887,False,False,False,False,-0.2011035458938309,-0.17866442703138957,False,False,False,False,-213146.0,-191456.98710361306,False,False,False,False,5915.48938392761,False,False,False,False
2025-09-24 19:00:00+00:00,944.68,946.48,943.42,945.155,11863.0,946.8949771751514,947.8858688391317,955.6903821932417,955.7225243013306,953.1237224360686,954.6762004263109,957.5937507961752,958.9352914695412,960.3158803285927,960.6522897967657,,,,,,,942.8653605326026,942.8015916017024,946.4553333207458,948.4008049742524,976.7204401461512,953.2942247702674,953.7479713882923,970.0967981426452,"rgba(38, 166, 154, 1.0)",0.0,0.0,9.85358135515123,953.9451183446779,-0.8920734530783212,0.0,0.0,0.0,0.0,0.0,0.0,0.0,0.0,49.53875861717977,-5.885422246277386,True,False,False,False,True,0.0,0,0.967281879194631,0.9475819186735094,False,False,False,False,-0.1887239616774125,-0.18369419435440104,False,False,False,False,-201283.0,-191609.32838882835,False,False,False,False,6007.698850843461,False,False,False,False
2025-09-25 14:00:00+00:00,943.855,945.31,938.085,939.71,10203.0,945.7955040762536,947.604500812445,955.3942525936869,955.4485139476541,952.9474428569184,954.5231254039572,957.4303330618553,958.7687190407137,960.1463383129982,960.4834393018721,,,,,,,942.6924615166216,942.6847434135465,946.2062805553552,948.1263094424985,976.6355950733112,952.9894312249569,953.6018036198309,969.9900456158563,"rgba(38, 166, 154, 1.0)",0.0,0.0,9.969139420423643,953.6816301762417,-1.4014880911002376,0.0,0.0,0.0,0.0,0.0,0.0,0.0,0.0,45.811451246880374,-5.885422246277386,True,False,False,True,False,0.0,0,0.9525867535584328,0.9529867418514577,False,False,False,False,-0.24269493142056475,-0.2131945628874829,False,False,False,False,-211486.0,-191917.49384016433,False,False,False,False,6072.742279512554,False,False,False,False
2025-09-25 15:00:00+00:00,939.61,940.87,935.685,935.8,10533.0,944.4416051741049,947.1915420463905,955.0276227390681,955.1084549409346,952.7176322470095,954.3276264576144,957.2288400294912,958.56588436213,959.9421767482139,960.2805902593124,,,,,,,942.2268046592715,942.350255083774,945.8098200688767,947.7308535746106,976.5396543299299,952.6006105828927,953.4123597782782,969.867122936519,"rgba(239, 83, 80, 1.0)",0.0,0.0,10.128987686319382,953.3341691068515,-1.731088007001322,0.0,0.0,0.0,0.0,0.0,0.0,0.0,0.0,41.35726840180664,-2.6384298340485373,False,False,False,True,False,0.0,0,0.9550698001798774,0.9639365737301057,False,False,False,False,-0.3009894372842366,-0.25709200008585975,False,False,False,False,-222019.0,-192384.18385814628,False,False,False,False,6141.8935620007305,False,False,False,False
2025-09-25 16:00:00+00:00,936.29,939.69,936.29,938.81,5256.0,943.9788225094653,947.013934842452,954.8584129806765,954.9511075528129,952.6114492718177,954.2363489073441,957.1338711991585,958.469941702653,959.845294488261,960.1842500507829,,,,,,,942.0585345702647,942.2239305183924,945.6430545943786,947.5590116872022,976.4929455772061,952.423786585728,953.3242026176647,969.8076580475557,"rgba(239, 83, 80, 1.0)",0.0,0.0,10.144502544429336,953.1868150090859,-1.417202563272133,0.0,0.0,0.0,0.0,0.0,0.0,0.0,0.0,41.03793283237526,-3.1160828121650397,False,False,False,True,False,0.0,0,0.9428737032379756,0.9737995127318448,False,False,False,False,-0.3059764116023011,-0.2815342058440804,False,False,False,False,-216763.0,-192762.14999988044,False,False,False,False,6128.158778093742,False,False,False,False
2025-09-25 17:00:00+00:00,939.07,940.95,938.6,938.665,6822.0,943.5735463452438,946.8224186952874,954.6585794403742,954.7648860868844,952.4867169618803,954.1277693113101,957.0193883145378,958.353717301535,959.7274145722906,960.0669033037805,,,,,,,941.919949383595,942.1152005461734,945.4691201919342,947.3713361032575,976.4342953244263,952.2186683102764,953.2198566641651,969.7335901476316,"rgba(239, 83, 80, 1.0)",0.0,0.0,10.264544787897877,953.0259469391888,-1.3990826905563973,0.0,0.0,0.0,0.0,0.0,0.0,0.0,0.0,40.73969329336896,-3.7196609130475835,False,False,False,True,False,0.0,0,0.9425965453179971,0.9775188742638042,False,False,False,False,-0.27524124434078207,-0.27838772509243126,False,False,False,False,-223585.0,-193240.02364329316,False,False,False,False,6138.91600634035,False,False,False,False
2025-09-25 18:00:00+00:00,938.49,940.64,937.245,940.0,7813.0,943.1793634930743,946.6115113567221,954.4343679705671,954.5555308525857,952.3455516870632,954.0044390110318,956.8892704724642,958.2215755716751,959.593348316975,959.9334209790405,,,,,,,941.7718034567116,941.995890242582,945.2780618860899,947.1639129200893,976.367153824516,951.9896031258102,953.1013220030103,969.6488987953634,"rgba(239, 83, 80, 1.0)",0.0,0.0,10.284136080779271,952.8494145943614,-1.2494403509864636,0.0,0.0,0.0,0.0,0.0,0.0,0.0,0.0,41.769979774730295,-3.7196609130475835,False,False,False,True,False,0.0,0,0.933764758188016,0.9802894827841718,False,False,False,False,-0.28950936355964074,-0.283948544326036,False,False,False,False,-215772.0,-193589.3566100638,False,False,False,False,6164.870796939724,False,False,False,False
2025-09-25 19:00:00+00:00,940.0,943.5,939.255,942.7,17803.0,942.9432156675471,946.3238599232326,954.0283393381069,954.1745036678319,952.0949679755447,953.7778511784284,956.6413134067848,957.9664560289879,959.3315059115112,959.6719941727341,,,,,,,941.7771054068872,941.9802788299925,945.0501764940203,946.8683749826612,976.2254176785776,951.5947563158787,952.8866324635144,969.4735643705844,"rgba(239, 83, 80, 1.0)",0.0,0.0,10.168012491932403,952.5811056101795,-0.9717833861848056,0.0,0.0,0.0,0.0,0.0,0.0,0.0,0.0,44.758525342010415,-3.7196609130475835,True,False,False,True,True,0.0,0,0.9388635110656064,0.9721292431282976,False,False,False,False,-0.24807566806445225,-0.2660121061952441,False,False,False,False,-197969.0,-193657.2580579698,False,False,False,False,6345.306908615077,False,False,False,False
2025-09-26 14:00:00+00:00,916.3,924.57,914.75,924.11,23700.0,938.8527281148313,944.4609879747611,952.6773013377341,952.9094712648133,951.1442984201165,952.989563339184,955.8804869379577,957.2195092152838,958.59702619715,958.9457471517596,,,,,,921.1433333333335,939.0594044185343,939.7969334491689,943.1228807561433,945.104826248479,975.926227371378,950.0984060223175,952.1024265402599,969.0715958880654,"rgba(239, 83, 80, 1.0)",0.0,0.0,10.405117838125681,951.2445635270708,-2.6078093443253736,0.0,0.0,0.0,0.0,0.0,0.0,0.0,0.0,38.501925135448296,-6.032735539439251,False,True,False,True,False,0.0,0,0.9140840978736566,0.9775370399872546,False,False,False,False,-0.34282825441539394,-0.30442018030531903,False,False,False,False,-221669.0,-194091.54863071445,False,False,False,False,6614.371917783836,False,False,False,False
2025-09-26 15:00:00+00:00,924.32,927.55,919.62,924.61,10226.0,937.7348012812531,943.8257893248228,952.1765255031679,952.4383230189196,950.7883098823637,952.6897844621216,955.5876914486261,956.9306456229307,958.311676429462,958.6632300502596,,,,,,921.9822877242627,938.245651223937,939.1104564194541,942.4775991067543,944.4963870174748,975.8046430365516,949.5550256802262,951.805255634595,968.9101660501246,"rgba(239, 83, 80, 1.0)",0.0,0.0,10.606800831255796,950.7857362754949,-2.467825755562505,0.0,0.0,0.0,0.0,0.0,0.0,0.0,0.0,34.68966843440531,-9.458452471269077,False,True,False,True,False,0.0,0,0.9260603585121099,0.9711575058251252,False,False,False,False,-0.29339351423345417,-0.2989068472693866,False,False,False,False,-211443.0,-194360.56338062586,False,False,False,False,6670.366151616645,False,False,False,False
2025-09-26 16:00:00+00:00,924.58,926.755,919.75,919.76,15310.0,936.1572018905492,942.8636324216753,951.4118427851381,951.7172125580996,950.2371031632534,952.2243934344432,955.1343451750625,956.4838456725548,957.8707579055829,958.226735970042,,,,,,922.0152627481249,937.0417649267955,938.0751404343733,941.5006316682261,943.5723000089787,975.6172575863801,948.7269825884163,951.3433006370042,968.6608364633918,"rgba(239, 83, 80, 1.0)",0.0,0.0,10.821032994271688,950.0926303157282,-2.803117810636505,0.0,0.0,0.0,0.0,0.0,0.0,0.0,0.0,30.912427959952204,-12.84465860975348,False,True,False,True,False,0.0,0,0.9349858081933416,0.969240299183624,False,False,False,False,-0.29752463701183546,-0.29821574214061103,False,False,False,False,-226753.0,-194862.77170030607,False,False,False,False,6804.313963219487,False,False,False,False
2025-09-26 17:00:00+00:00,918.95,920.0,916.87,917.84,14314.0,934.613393677867,941.8849914631706,950.6418520260107,950.9896342781028,949.6726271173562,951.747905086653,954.673327100922,956.0307233275703,957.4247834020912,957.7854559494369,,,,,,921.1641718856545,935.817062250613,937.0077243111446,940.5031257445087,942.6317187937669,975.4307199818489,947.8911435247956,950.8690257443152,968.4110360497857,"rgba(239, 83, 80, 1.0)",0.0,0.0,11.4506123712109,949.3925454135164,-2.755533450145047,0.0,0.0,0.0,0.0,0.0,0.0,0.0,0.0,27.946610613084694,-15.513348784126038,False,True,False,True,False,0.0,0,0.9290903216873589,0.9800249226934965,False,False,False,False,-0.34282825441539394,-0.3205219982780025,False,False,False,False,-241067.0,-195579.11632510752,False,False,False,False,6920.743204099805,False,False,False,False
2025-09-26 18:00:00+00:00,917.57,919.375,916.5,918.81,14952.0,933.2606755784269,940.9421454141742,949.8746086398078,950.2624602440601,949.1037213785565,951.2641193210707,954.2037968445553,955.5686274641255,956.9694271749512,957.3346934496229,,,,,,920.6049930362709,934.6967352741957,936.0084202418873,939.5482317664653,941.7206954653496,975.2371305999935,947.0653909052428,950.3877854060482,968.1526880329294,"rgba(239, 83, 80, 1.0)",0.0,0.0,12.017088987345538,948.7108023051533,-2.48819013794772,0.0,0.0,0.0,0.0,0.0,0.0,0.0,0.0,26.791982689718708,-16.623954148870226,False,True,False,True,False,0.0,0,0.9266307357229874,0.9839141348886997,False,False,False,False,-0.34282825441539394,-0.3316751263466982,False,False,False,False,-226115.0,-196052.5408782066,False,False,False,False,7045.258813338567,False,False,False,False
2025-09-26 19:00:00+00:00,918.89,920.57,915.32,915.87,28654.0,931.0740440719605,939.2612082869005,948.4590523735461,948.9156515801986,948.0363973585912,950.3487251968942,953.3134908638363,954.6915973743894,956.1044707084127,956.4781102819102,,,,,,919.7087440429531,932.7991167195023,934.2728240790082,937.8556721218525,940.0871055253939,974.8634914125033,945.5555074247943,949.4773109296751,967.6554256371488,"rgba(239, 83, 80, 1.0)",0.0,0.0,12.645986472945665,947.4764672556679,-2.4993279348578734,0.0,0.0,0.0,0.0,0.0,0.0,0.0,0.0,25.22743320101032,-18.267236777646268,False,True,False,True,False,0.0,0,0.9218781511834702,0.9829675668738419,False,False,False,False,-0.34273508108013884,-0.3372051037134185,False,False,False,False,-254769.0,-196962.8735777693,False,False,False,False,7380.27805654262,False,False,False,False
2025-09-29 14:00:00+00:00,913.1,913.7,907.62,909.75,18329.0,929.4092385967065,938.0061919454648,947.4299910705865,947.9348940116805,947.2456606839379,949.6718551000191,952.6614683699374,954.0518196588546,955.4759159744663,955.8561155073672,,,,,910.3566666666667,918.3427303661794,931.3390080066541,932.9362325541924,936.5821248138637,938.8693838906157,974.5986910967247,944.4509542776722,948.801569930828,967.2995760151583,"rgba(239, 83, 80, 1.0)",0.0,0.0,13.426538688142756,946.5620772016315,-2.741739926921074,0.0,0.0,0.0,0.0,0.0,0.0,0.0,0.0,22.816392445626818,-20.747775867988455,False,True,False,True,False,0.0,0,0.9129787620257762,0.9916681793428928,False,False,False,False,-0.34282825441539394,-0.34001667906440625,False,False,False,False,-273098.0,-198143.2631347031,False,False,False,False,7550.025683572967,False,False,False,False
2025-09-29 15:00:00+00:00,909.665,910.11,906.75,907.9,13576.0,928.2207793474242,937.0791529210605,946.6616615142515,947.2011372623796,946.6488485428255,949.1590543183625,952.1677597781298,953.5674801022233,955.0001884204123,955.3853196370816,,,,,909.4616704800712,917.3577406557794,930.2776767524551,931.9551143386115,935.6425930920363,937.9679177465704,974.3975791080379,943.628725675557,948.2893480001169,967.0292091531458,"rgba(239, 83, 80, 1.0)",0.0,0.0,14.199302062217821,945.8818426318958,-2.674909123382881,0.0,0.0,0.0,0.0,0.0,0.0,0.0,0.0,20.852712454946836,-22.817000061429386,False,True,False,True,False,0.0,0,0.9154631304363634,0.9964916426565349,False,False,False,False,-0.34282825441539394,-0.34142246673990007,False,False,False,False,-286674.0,-199515.83269850613,False,False,False,False,7643.4516419671845,False,False,False,False
2025-09-29 16:00:00+00:00,908.02,909.255,903.4,905.73,12796.0,927.1098365846118,936.1961273376421,945.9259964521503,946.4975529929608,946.0725927981996,948.6626947448543,951.6903258691126,953.099281039148,954.5404979774376,954.930393523414,,,,,908.5074774613545,916.4115116633851,929.2746939211587,931.0224522351415,934.747950395603,937.1081493240423,974.2030807850289,942.8426747266689,947.7932594370045,966.7675012554428,"rgba(239, 83, 80, 1.0)",0.0,0.0,15.018312613499733,942.8217124802744,-2.469765641110255,0.0,0.0,0.0,0.0,0.0,0.0,0.0,0.0,19.133476800308955,-24.685071939715435,False,True,False,True,False,0.0,0,0.9121850489974098,0.9951183726701319,False,False,False,False,-0.34282825441539394,-0.342125360577647,False,False,False,False,-299470.0,-201065.50971093238,False,False,False,False,7723.33611263436,True,False,False,False
2025-09-29 17:00:00+00:00,905.43,909.23,905.325,908.37,6778.0,926.604729229348,935.7710300160993,945.5614432069037,946.1481529187736,945.7852573447628,948.4135761392905,951.4496878048493,952.8628725089557,954.3079901539494,954.7001759200803,,,,,908.3934801893331,916.0368023660185,928.8090198460335,930.5836068588845,934.3196018741729,936.6926198639753,974.1027842961931,942.4561280898922,947.5445571096105,966.6332215231603,"rgba(239, 83, 80, 1.0)",0.0,0.0,15.624044186118308,942.5388967923102,-2.186943174589116,0.0,0.0,0.0,0.0,0.0,0.0,0.0,0.0,20.53020469305256,-24.685071939715435,False,True,False,True,False,0.0,0,0.9188993810147745,0.9898793656530965,False,False,False,False,-0.3329814804848844,-0.3375534205312657,False,False,False,False,-292692.0,-202486.07545184816,False,False,False,False,7708.679738795067,False,False,False,False
2025-09-29 18:00:00+00:00,908.47,912.665,908.47,912.47,7113.0,926.1964566649898,935.3930864053352,945.2214868411231,945.8214583850826,945.5160199204817,948.1779226888416,951.2202607115972,952.6367333414734,954.0848826682402,954.4790735583673,,,,,908.7343907302477,915.8293047176036,928.4200566171924,930.2092121431021,933.9424776028917,936.3208870309697,974.0034757582663,942.1000592826076,947.3098458604624,966.5014238777956,"rgba(239, 83, 80, 1.0)",0.0,0.0,16.06642944518675,942.3180803274432,-1.8577917656984588,0.0,0.0,0.0,0.0,0.0,0.0,0.0,0.0,24.950524177042688,-24.685071939715435,False,True,False,True,True,0.0,0,0.9258706288674631,0.9807436321772912,False,False,False,False,-0.29934360221968787,-0.3184485113754768,False,False,False,False,-285579.0,-203774.3378479435,False,False,False,False,7699.444394007547,False,False,False,False
2025-09-29 19:00:00+00:00,912.24,917.17,912.2,917.13,24478.0,925.3023365820565,934.3929570736112,944.2428407678984,944.8763970327642,944.732843632392,947.4809648121561,950.5330324307683,951.955755196609,953.4096612898074,953.8089689670462,,,,,910.7279935195219,915.7869302741652,927.5072453783208,929.2923701689206,932.9621819588032,935.3259360846475,973.6873354895051,941.0965387239427,946.6182494671488,966.0875033561892,"rgba(239, 83, 80, 1.0)",0.0,0.0,16.370741517105014,941.7197833014039,-1.5020567807335568,0.0,0.0,0.0,0.0,0.0,0.0,0.0,0.0,31.17727694406642,-25.30177612603429,False,True,False,True,True,0.0,0,0.9300272771989448,0.9759334615212624,False,False,False,False,-0.25814396523914357,-0.2882962383073102,False,False,False,False,-261101.0,-204663.12330766532,False,False,False,False,7959.5770390616935,False,False,False,False
2025-09-30 14:00:00+00:00,915.58,921.145,915.19,918.155,11986.0,925.0216188678089,934.0030161472883,943.8290255561308,944.474833860293,944.3976661825226,947.1779476444821,950.2309321093588,951.6550333289035,953.1102034898969,953.5114085258922,,,,,911.66554594134,915.9277901987355,927.1948006375578,928.9627574099012,932.586772696007,934.9335271683076,973.5408044563944,940.6805733600879,946.318507388662,965.8978043243375,"rgba(239, 83, 80, 1.0)",0.0,0.0,16.629522765685724,941.462285190046,-1.4015606772636675,0.0,0.0,0.0,0.0,0.0,0.0,0.0,0.0,35.994928400503696,-20.980246171118512,False,False,False,True,True,0.0,0,0.9352134687788594,0.9699065852099163,False,False,False,False,-0.22396042246749193,-0.25612833038740107,False,False,False,False,-249115.0,-205352.29969049222,False,False,False,False,8022.0022012467825,False,False,False,False
2025-09-30 15:00:00+00:00,918.395,924.24,918.395,924.24,8422.0,924.9482196083313,933.8085842164605,943.5915465705689,944.2429708508165,944.2034391318017,946.998516965501,950.048907635496,951.472565910943,952.927313569573,953.3293549718658,,,,,912.5303982650099,916.1822437419095,927.0822434466421,928.8267573754327,932.4064809138926,934.7336395330498,973.4459469308456,940.4491595591016,946.141974609218,965.7768579475485,"rgba(239, 83, 80, 1.0)",0.0,0.0,16.70240742344598,941.3438019993471,-1.024032138944092,0.0,0.0,0.0,0.0,0.0,0.0,0.0,0.0,42.677743980960514,-15.00422292681624,True,False,False,True,True,0.0,0,0.9420245046509367,0.9650539296661744,False,False,False,False,-0.19348006815806182,-0.22480419927273143,False,False,False,False,-240693.0,-205900.21752474815,False,False,False,False,8028.2037175065225,False,False,False,False
2025-09-30 16:00:00+00:00,924.25,927.535,920.275,925.58,12351.0,924.929825942693,933.5864623325035,943.2871585845286,943.9443592844842,943.9523223397875,946.7627316629497,949.8067672968555,951.2286507691043,952.6817313084151,953.0845921400202,,,,,913.802822968917,916.6409281267051,926.9969477933884,928.700090621778,932.2075914344058,934.5008894695218,973.3133489777416,940.1594829939555,945.9108782200668,965.6094941794021,"rgba(239, 83, 80, 1.0)",0.0,0.0,16.69279125121981,941.2059291243486,-0.9360884521458744,0.0,0.0,0.0,0.0,1.0,924.575,924.24,864.0,47.79668457972192,-10.542244806758823,True,False,False,False,True,0.0,0,0.9442414199119096,0.9560507609785874,False,False,False,False,-0.16870800394341687,-0.19675610160807416,False,False,False,False,-228342.0,-206248.15213676755,False,False,False,False,8095.223814909522,False,False,False,False
2025-09-30 17:00:00+00:00,925.61,927.69,924.575,926.53,5142.0,924.9505842106748,933.5147239134035,943.1751297050976,943.8339352299486,943.8591419931117,946.673831263055,949.7143755436509,951.1351457769099,952.5871831179865,952.9902490172191,,,,,914.3325409533415,916.8578554416328,926.9871558878774,928.6710127183917,932.1462828628368,934.4239111246023,973.2603850689887,940.0554462991194,945.8240742981245,965.5432494589005,"rgba(38, 166, 154, 1.0)",0.0,0.0,16.684748946701525,941.1607020054423,-0.8768907492812319,0.0,0.0,0.0,0.0,0.0,0.0,0.0,0.0,51.69708304704983,-7.118784997075025,True,False,True,False,True,0.0,0,0.9520029840906331,0.956019361890386,False,False,False,False,-0.147546661703278,-0.17215138165567606,False,False,False,False,-223200.0,-206510.97148348435,False,False,False,False,8049.437399174491,False,False,False,False
2025-09-30 18:00:00+00:00,926.515,930.23,925.24,929.22,7548.0,925.0237569788914,933.4397907497053,943.0321286136119,943.6921707426378,943.7392054301594,946.5571522577324,949.5913141210252,951.0098956285234,952.4598840285987,952.8630522348158,,,,,915.1487472799095,917.2220728899262,927.0110922294175,928.6634155411214,932.0878588374262,934.3400800984059,973.1860961478269,939.9268838457816,945.7106969063134,965.4512557463318,"rgba(38, 166, 154, 1.0)",0.0,0.0,16.629299687032034,941.1156848499284,-0.7153449077115916,0.0,0.0,0.0,0.0,0.0,0.0,0.0,0.0,55.647054498137564,-3.5164167102232966,True,False,True,False,True,0.0,0,0.9535587739516324,0.9520279335374449,False,False,False,False,-0.13240464722911344,-0.15227801444239475,False,False,False,False,-215652.0,-206652.69285583345,False,False,False,False,8041.663175931475,False,False,False,False
2025-09-30 19:00:00+00:00,929.32,930.625,924.755,925.28,21320.0,925.1342047365329,933.1874420496256,942.6072511826794,943.2716998406333,943.3816658954557,946.211833524503,949.2298218575744,950.6429689076258,952.0878569108611,952.4915181290216,,,,,916.8188895080721,918.0238361122459,927.0046727358671,928.5809735395384,931.8775534253275,934.065633976904,972.9713475759531,939.5383748438956,945.3741899219937,965.1845544019282,"rgba(38, 166, 154, 1.0)",0.0,0.0,16.60182312522101,939.6251885686479,-0.8640730876631936,0.0,0.0,0.0,0.0,-1.0,925.24,916.35,865.0,55.28447306229429,-3.5164167102232966,True,False,True,False,True,0.0,0,0.9531971051511281,0.9518348233290757,False,False,False,False,-0.13282899751840582,-0.14255350598040029,False,False,False,False,-236972.0,-207122.75963326238,False,False,False,False,8247.528863126336,False,False,False,False
2025-10-01 14:00:00+00:00,911.76,916.35,911.73,915.245,12595.0,924.7723734563507,932.7704786187577,942.1760864374141,942.851778146041,943.023438451262,945.8857305952267,948.905660812648,950.3205696536537,951.7670787374551,952.1727097347734,,,,914.4416666666666,916.634561586039,917.8564804085215,926.6330891625511,928.2037340658472,931.4707818443718,933.647847977701,972.8114089384356,939.1042979751785,945.0509348199166,964.9780867862421,"rgba(38, 166, 154, 1.0)",0.0,0.0,16.713372348281286,939.0401650447753,-1.4237201534747295,0.0,0.0,0.0,0.0,0.0,0.0,0.0,0.0,49.79806498112186,-3.5164167102232966,True,False,False,False,False,0.0,0,0.9456890812250333,0.9618175765645801,False,False,False,False,-0.2645381835858479,-0.2035458447831241,False,False,False,False,-249567.0,-207780.80987150638,False,False,False,False,8314.9315164112,False,False,False,False
2025-10-01 15:00:00+00:00,915.15,918.48,911.12,912.43,30561.0,923.9557319614592,931.8097980161021,941.1673420623555,941.8672441656984,942.1774257435977,945.1111248916272,948.1341176195388,949.5525232151504,951.0022504894401,951.412305469874,,,,914.1359811304724,916.2189589713033,917.4648365767007,925.7878159797541,927.3407309526747,930.5353205045045,932.6832288299724,972.4240939804021,938.0935569336864,944.2832921948734,964.4798018566248,"rgba(239, 83, 80, 1.0)",0.0,0.0,16.78571175566245,938.0243001218711,-1.5247670455938342,0.0,0.0,0.0,0.0,0.0,0.0,0.0,0.0,45.06089141232731,4.415900079978684,True,False,False,True,False,0.0,0,0.9453433307024467,0.9587772954485657,False,False,False,False,-0.2570060910204684,-0.23027596790179625,False,False,False,False,-280128.0,-208902.47173396364,False,False,False,False,8659.831802978468,False,False,False,False
2025-10-01 16:00:00+00:00,912.4,913.875,911.3,913.6,15082.0,923.5575759700685,931.3443190572767,940.6768433970057,941.3877569655439,941.7624469822882,944.729705041926,947.7540838031061,949.174129965523,950.6253709735249,951.0375356934794,,,,913.8223711608686,915.9802036585816,917.2476327457256,925.3763451169953,926.920774732994,930.0817054814327,932.2156022939297,972.2313109409353,937.6030257305888,943.9051981330834,964.2322594470805,"rgba(239, 83, 80, 1.0)",0.0,0.0,16.821246968540002,937.5725452974482,-1.425134851315298,0.0,0.0,0.0,0.0,0.0,0.0,0.0,0.0,42.708812547125476,2.0412697062263163,True,False,False,True,False,0.0,0,0.9535195087481508,0.9675115911964755,False,False,False,False,-0.2790162076606209,-0.25464608778120856,False,False,False,False,-265046.0,-209772.91403266188,False,False,False,False,8759.400302157097,False,False,False,False
2025-10-01 17:00:00+00:00,913.68,916.13,911.76,915.915,7795.0,923.393559117554,931.1337126891964,940.4448686942121,941.1603475204492,941.5647542110745,944.5463002053905,947.570166129102,948.9905139203538,950.4420270573497,950.8550817897449,,,,913.9143646863437,915.9304255685469,917.18378284545,925.2011012163714,926.7380431681419,929.8783266420701,932.0027469632466,972.1349646669836,937.373640118009,943.7237190336098,964.1093993900241,"rgba(239, 83, 80, 1.0)",0.0,0.0,16.836494485182726,937.3773936854411,-1.274754296645869,0.0,0.0,0.0,0.0,1.0,915.21,913.875,870.0,42.73443813535073,1.6817266014377168,True,False,False,True,False,0.0,0,0.9539965782578869,0.9618318717921164,False,False,False,False,-0.2654817446763279,-0.26006391622876823,False,False,False,False,-257251.0,-210509.00838874464,False,False,False,False,8744.448359487993,False,False,False,False
2025-10-01 18:00:00+00:00,915.915,917.72,915.21,917.31,7804.0,923.273882880098,930.9547819924799,940.2356603899158,940.9545889999685,941.3852127462342,944.3779004921759,947.3999165938852,948.8199743374955,950.2712057304964,950.6849384738997,,,,914.2137171065997,915.9589040174181,917.173471706687,925.0656416894731,926.5918393257269,929.7078443309515,931.8203786089417,972.0424135095983,937.1697318936591,943.5574857905236,963.9923082209386,"rgba(239, 83, 80, 1.0)",0.0,0.0,16.82908622668691,937.2181893118646,-1.1829631771863567,0.0,0.0,0.0,0.0,0.0,0.0,0.0,0.0,43.699046434268006,1.6817266014377168,True,False,False,True,False,0.0,0,0.9621257188181639,0.9533429175755167,False,False,False,False,-0.2406028369487472,-0.2503333765887577,False,False,False,False,-249447.0,-211112.69818116722,False,False,False,False,8729.867764767248,False,False,False,False
2025-10-01 19:00:00+00:00,917.4,919.8,915.555,917.29,25306.0,922.9580412756544,930.4350703695305,939.6042738112127,940.3319260610672,940.8388490921959,943.8610391747872,946.8746642903363,948.2926838852039,949.7419710678535,950.1574671450186,,,,915.0648694646454,916.1204502266564,917.2001081462804,924.6943662316355,926.1821609164951,929.2166274252193,931.2878012844709,971.7487347212132,936.5602900174777,943.0479631328418,963.6229435928954,"rgba(239, 83, 80, 1.0)",0.0,0.0,16.75337357502008,936.7553724977304,-1.1618777800522533,0.0,0.0,0.0,0.0,-1.0,915.21,913.16,871.0,44.32994051543264,1.6817266014377168,True,False,False,True,False,0.0,0,0.9611930962394751,0.9511189392505284,False,False,False,False,-0.2287374324458663,-0.239535404517312,False,False,False,False,-274753.0,-212099.3695271956,False,False,False,False,8986.862062987911,False,False,False,False
2025-10-02 14:00:00+00:00,911.46,913.16,910.2,912.7,6980.0,922.7941086370715,930.2402497478927,939.3941455315954,940.1256981846363,940.6577968430668,943.6927415680991,946.706322951091,948.1247664874855,949.574442029806,949.990753181683,,,912.0200000000002,914.864600070987,916.0086322904702,917.1005340275063,924.52402660726,926.0073877403566,929.0271227363602,931.0915044351549,971.6600817282376,936.351836541223,942.8812068807543,963.5099950349548,"rgba(239, 83, 80, 1.0)",0.0,0.0,16.788046248652126,934.6299709200005,-1.3062848764644737,0.0,0.0,0.0,0.0,0.0,0.0,0.0,0.0,42.147036802075846,-0.492201558766979,False,False,False,True,False,0.0,0,0.9551050377320008,0.9541097287375073,False,False,False,False,-0.2881197186782508,-0.2638275615977814,False,False,False,False,-281733.0,-213178.9606973166,False,False,False,False,8955.747922476472,False,False,False,False
2025-10-02 15:00:00+00:00,912.6,916.09,912.29,915.82,8074.0,922.656745114138,930.0527771222705,939.17874162892,939.9135347795054,940.470760610366,943.5167602651509,946.5286886307576,947.9469119302433,949.3963700257045,949.8133695731644,,,913.4752579602322,914.8553191998624,915.9696347152156,917.049043751841,924.3741490735282,925.8487147717206,928.8472122867868,930.900975395481,971.562512068665,936.1414867995984,942.7073002113775,963.3868112829538,"rgba(239, 83, 80, 1.0)",0.0,0.0,16.76689278240341,934.5360713554444,-1.116251627438482,0.0,0.0,0.0,0.0,1.0,914.31,913.16,873.0,43.09404362856475,-0.492201558766979,False,False,False,True,False,0.0,0,0.9583838449584652,0.9503941940785453,False,False,False,False,-0.2630492863187419,-0.26343842395826167,False,False,False,False,-273659.0,-214116.63572526517,False,False,False,False,8942.07741205048,False,False,False,False
2025-10-02 16:00:00+00:00,915.815,917.135,914.31,915.0,6959.0,922.5528854364708,929.9025109599561,939.0016729623767,939.7388457175733,940.3163303714072,943.3706878501984,946.3807277166189,947.7985516916665,949.2476255453938,949.6651391910915,,,914.1095467072488,914.8912955610949,915.957103968708,917.0201997791007,924.2583482818417,925.7244638877505,928.7037731210884,930.7477215632503,971.479788366338,935.969666679414,942.5630886093071,963.2827624297461,"rgba(239, 83, 80, 1.0)",0.0,0.0,16.764035944371454,934.4349992164014,-1.159326983125844,0.0,0.0,0.0,0.0,0.0,0.0,0.0,0.0,43.228805399390794,-0.501474271055443,False,False,False,True,False,0.0,0,0.9613360356973569,0.9542341576633265,False,False,False,False,-0.24790161788180728,-0.2556700209200345,False,False,False,False,-280618.0,-215147.66462874942,False,False,False,False,8911.332025817139,False,False,False,False
2025-10-02 17:00:00+00:00,914.885,915.91,914.245,915.32,4874.0,922.478670708136,929.7967799873173,938.8775403690395,939.6163645772205,940.2079075087487,943.2681079550445,946.2768590017921,947.6944152398958,949.1432310758781,949.5611054993728,,,914.2996678072428,914.9016228014495,915.9429914440067,916.9965074951592,924.176100119793,925.6365072410058,928.6027174574114,930.6399506764872,971.4216611513267,935.8491454073497,942.4617957990185,963.2096654786044,"rgba(239, 83, 80, 1.0)",0.0,0.0,16.860547404096906,934.350549240731,-1.1287029290701873,0.0,0.0,0.0,0.0,0.0,0.0,0.0,0.0,43.58852632834778,-0.7308016920832046,False,False,False,True,False,0.0,0,0.9535368969284733,0.9633864833115635,False,False,False,False,-0.254263024514233,-0.2549665227171337,False,False,False,False,-275744.0,-216087.14269652075,False,False,False,False,8848.73773084323,False,False,False,False
2025-10-02 18:00:00+00:00,915.37,920.955,913.305,917.78,8195.0,922.3935057148896,929.6484553251513,938.690705138726,939.4313386134114,940.0434429147302,943.110601432856,946.1159386924809,947.5324893953788,948.9803492260743,949.3986302086475,,,915.0114332611216,915.0509029986964,915.9834862566183,917.0038423819506,924.0738692547449,925.5220809310381,928.4632723812285,930.4872119365217,971.3279885463589,935.6707232205962,942.3066782592425,963.0928361609119,"rgba(239, 83, 80, 1.0)",0.0,0.0,16.85340015016715,932.6135209585551,-0.8801500484404047,0.0,0.0,0.0,0.0,0.0,0.0,0.0,0.0,45.87526276283233,-0.7308016920832046,True,False,False,True,True,0.0,0,0.949729267597606,0.9550543500386754,False,False,False,False,-0.2340871858201229,-0.2445268542686283,False,False,False,False,-267549.0,-216885.00094928787,False,False,False,False,8838.602262147986,False,False,False,False
2025-10-02 19:00:00+00:00,917.88,918.265,915.46,916.99,20996.0,922.1696682678645,929.2710072909464,938.2168923930678,938.9618241913145,939.6246854716783,942.7088918283474,945.7055010473202,947.1194495154743,948.5648323072728,948.9841090943117,,,915.7203980467682,915.3016978050653,916.0469101816037,916.9988078984481,923.8090856238988,925.2277511351085,928.1077004508429,930.0988157639065,971.0875174410189,935.2182712559701,941.9109864233267,962.79334816269,"rgba(239, 83, 80, 1.0)",0.0,0.0,16.872939451641805,932.3178622803774,-0.9084286898739481,0.0,0.0,0.0,0.0,0.0,0.0,0.0,0.0,46.755527583591416,-0.7308016920832046,True,False,False,True,True,0.0,0,0.9535723602687015,0.9611621991782425,False,False,False,False,-0.23670576747959526,-0.24061631087411178,False,False,False,False,-288545.0,-217996.0086865082,False,False,False,False,9027.08904878135,False,False,False,False
2025-10-03 14:00:00+00:00,914.92,914.97,911.295,913.33,9455.0,922.0078762952736,929.059449664149,937.9742371977544,938.7222551452265,939.4110538801806,942.5065746257495,945.5011078352159,946.9146890145466,948.3597122233829,948.7797019638571,,913.1983333333332,915.3565184461773,915.1809315059069,915.9612758109047,916.9135910184323,923.6354865117406,925.0455234391941,927.9039758302813,929.8839478273728,970.9725593302321,934.9817564849849,941.7109739464305,962.6489543694034,"rgba(239, 83, 80, 1.0)",0.0,0.0,16.93381442185737,932.0691822190754,-1.1066131795378427,0.0,0.0,0.0,0.0,-1.0,915.46,914.59,878.0,44.65072585835173,-0.7308016920832046,False,False,False,True,True,0.0,1,0.9449374584272944,0.9623290449228566,False,False,False,False,-0.27357076273358416,-0.25709353680384794,False,False,False,False,-298000.0,-219236.3806448569,False,False,False,False,9033.723327094818,False,False,False,False
2025-10-03 15:00:00+00:00,913.21,914.59,911.295,914.41,9627.0,921.8532361062987,928.8527757805457,937.7342384507112,938.48505123761,939.1989607940077,942.3050249419149,945.2971047810232,946.7101533451992,948.1546608315587,948.5753109311096,,913.3160516018586,915.1099704408373,915.0843171469609,915.8861465551106,916.8358710064349,923.4682933415259,924.8691113991532,927.7053887529258,929.6736948236584,970.8564489665276,934.7486271646526,941.5118091803577,962.5034848215041,"rgba(239, 83, 80, 1.0)",0.0,0.0,16.98061232222996,931.8510010557878,-1.0271126108305997,0.0,0.0,0.0,0.0,0.0,0.0,0.0,0.0,44.28700855949586,-1.2863485834073813,False,False,False,True,False,0.0,1,0.9423234661144271,0.9677021155642176,False,False,False,False,-0.27546736244143144,-0.2662804496226397,False,False,False,False,-288373.0,-220308.26621625444,False,False,False,False,9042.921415046836,False,False,False,False
2025-10-03 16:00:00+00:00,914.475,916.5,913.66,915.35,15614.0,921.6633390352898,928.5654537929381,937.3819496715105,938.1356972198467,938.88495110741,942.0033344524563,944.9894468861498,946.400732352379,947.8435550866689,948.2649397732553,,914.150371128276,915.1202961016737,915.0913615509234,915.8532349588136,916.7776695934174,923.2534722565329,924.635906761935,927.4324817192903,929.3791792383139,970.6747936612197,934.4110295856439,941.2143140438147,962.2776613082858,"rgba(239, 83, 80, 1.0)",0.0,0.0,17.0070459757081,931.5988311661016,-0.955417606873674,0.0,0.0,0.0,0.0,0.0,0.0,0.0,0.0,44.96202717957649,-1.2863485834073813,True,False,False,True,False,0.0,1,0.9400170536534173,0.9732798766889673,False,False,False,False,-0.25423832927933915,-0.2602593894509894,False,False,False,False,-272759.0,-221121.45588732025,False,False,False,False,9144.798602410452,False,False,False,False
2025-10-03 17:00:00+00:00,915.35,918.02,914.29,917.15,12099.0,921.5518173978281,928.3720595700472,937.1321803325224,937.88721825058,938.660416902458,941.7853803061081,944.7656726375682,946.1750447263522,947.6160444270671,948.0377881002642,,914.7544279659508,915.2809963579689,915.1749281822564,915.8750163466958,916.7699990922513,923.120401828525,924.4868537759476,927.2508904593572,929.1794589865877,970.5381650666072,934.1746925659976,940.9997937959411,962.1090007698969,"rgba(239, 83, 80, 1.0)",0.0,0.0,16.86820731301887,931.4480371486372,-0.8476322873742516,0.0,0.0,0.0,0.0,0.0,0.0,0.0,0.0,47.11342517817648,-1.2863485834073813,True,False,False,True,True,0.0,1,0.934783142489994,0.97433232114064,False,False,False,False,-0.24364703954262557,-0.2519532144968075,False,False,False,False,-260660.0,-221734.45657123777,False,False,False,False,9190.600174466104,False,False,False,False
2025-10-03 18:00:00+00:00,917.03,917.03,914.44,915.65,5699.0,921.4930997602165,928.2772559358376,937.012221317292,937.7679482827104,938.5525409317614,941.6808763578999,944.6586070905828,946.0671524881991,947.50736318292,947.9292965761782,,914.8578075589592,915.3033400109298,915.1895172953327,915.8723330461972,916.7569588488878,923.0523594020335,924.4118555575373,927.1613786797965,929.0818625697614,970.4731219603001,934.0607020366443,940.8968580683098,962.0286352805539,"rgba(239, 83, 80, 1.0)",0.0,0.0,16.753724927489213,931.3668230792189,-0.9381091755559993,0.0,0.0,0.0,0.0,0.0,0.0,0.0,0.0,47.145141031462806,-1.2863485834073813,True,False,False,True,True,0.0,1,0.9359713172456697,0.9755492616482758,False,False,False,False,-0.2477785303822382,-0.24986587243952285,False,False,False,False,-266359.0,-222426.30995773018,False,False,False,False,9136.46683842787,False,False,False,False
2025-10-03 19:00:00+00:00,915.65,916.13,914.59,915.34,15786.0,921.326881522933,928.0147364193953,936.6814501833438,937.4389887367806,938.2544144929967,941.3918508132138,944.3625480010496,945.7688141989452,947.2068475561887,947.6292921682356,,914.9723706795547,915.3096861614586,915.2010877132542,915.850388091284,916.7108447659642,922.861484351156,924.2024818698671,926.913100819282,928.8118116513601,970.292601069517,933.7462372369203,940.6121174041577,961.8057856826938,"rgba(239, 83, 80, 1.0)",0.0,0.0,16.650620907450573,931.1345746164012,-0.9485877255984884,0.0,0.0,0.0,0.0,-1.0,914.44,911.38,887.0,46.87246833731349,-1.2863485834073813,True,False,False,True,True,0.0,1,0.9383762687962218,0.9743207123296653,False,False,False,False,-0.25147437567908587,-0.25067012405930433,False,False,False,False,-282145.0,-223352.18112117623,False,False,False,False,9239.560375816585,False,False,False,False
2025-10-06 14:00:00+00:00,908.855,911.38,906.91,907.92,8197.0,921.1523474603983,927.8135230223071,936.4615909786049,937.2219116392419,938.0587531419878,941.20675686101,944.1766354186628,945.5829687556123,947.0210516413226,947.4441912367378,908.7366666666667,914.3040120123261,914.9032206128273,914.9723897559181,915.6975557984327,916.5770913913917,922.6819597957615,924.0190650741152,926.716793912675,928.6088333084575,970.1880966266481,933.5298288484765,940.4286743561413,961.6745433101341,"rgba(239, 83, 80, 1.0)",0.0,0.0,16.58319019803396,930.9089624571021,-1.3862810582627005,0.0,0.0,0.0,0.0,-1.0,914.59,909.33,887.0,41.524235688379804,-4.796047729243618,False,False,False,True,False,0.0,1,0.9316722280406914,0.9744826298398158,False,False,False,False,-0.31380293866343295,-0.2822365313613686,False,False,False,False,-290342.0,-224390.78296425877,False,False,False,False,9223.39664905974,False,False,False,False
2025-10-06 15:00:00+00:00,907.58,909.33,905.0,906.39,11472.0,920.881222640291,927.5125218462408,936.1397049975822,936.9043927901242,937.7724126213294,940.9368039617364,943.9064100724776,945.3132180834681,946.7517303667306,947.1759660112822,907.6693139796972,913.3391079678753,914.2662812412487,914.5918741689629,915.4409482395228,916.3552863621671,922.4062543418383,923.7396742062408,926.4218203651205,928.3060193765588,970.0380954562303,933.2112742441449,940.1608344952876,961.4856390498757,"rgba(239, 83, 80, 1.0)",0.0,0.0,16.487012622007136,930.5697981715391,-1.466596691947911,0.0,0.0,0.0,0.0,0.0,0.0,0.0,0.0,37.218669279352355,-8.679298419622612,False,True,False,True,False,0.0,0,0.9305370024044884,0.9764084877630158,False,False,False,False,-0.3341442666606386,-0.30819039901100365,False,False,False,False,-301814.0,-225591.14291830128,False,False,False,False,9258.258716516177,False,False,False,False
2025-10-06 16:00:00+00:00,906.31,909.05,904.27,907.31,5762.0,920.7486182968689,927.3643700739652,935.9805000638908,936.7472529553444,937.630432322177,940.8026943633355,943.7720490856115,945.1790412905901,946.617718272612,947.0424808212225,907.4897208131806,912.9417524090022,913.9820216549056,914.413291159835,915.3171995456038,916.2473344112227,922.2711198224213,923.6025154289183,926.2767318251501,928.1568832300044,969.962987200326,933.0539545787094,940.0277959058766,961.391197687215,"rgba(239, 83, 80, 1.0)",0.0,0.0,16.30500523743602,930.4067552001081,-1.416543868816333,0.0,0.0,0.0,0.0,0.0,0.0,0.0,0.0,35.453838602597145,-10.161445260808293,False,True,False,True,False,0.0,0,0.9241744701823559,0.9883029406932806,False,False,False,False,-0.3393746870617298,-0.3237825430363667,False,False,False,False,-296052.0,-226683.55930716483,False,False,False,False,9204.053155019803,False,False,False,False
2025-10-06 17:00:00+00:00,906.77,909.05,906.41,907.48,8977.0,920.5581500788383,927.1462638837887,935.7423587138854,936.5119122374437,937.4172872674587,940.6005424115566,943.5689795643189,944.9760200718541,946.414728264044,946.8402216528552,907.5306677710608,912.4788552378726,913.6238059051266,914.1777662728587,915.1483247169002,916.0973876360125,922.0755076861415,923.4028524097408,926.0637353097624,927.9368853161238,969.847750277322,932.8196670792627,939.8273977110123,961.2467794912332,"rgba(239, 83, 80, 1.0)",0.0,0.0,16.1911511610182,930.1739507487342,-1.4016267603857682,0.0,0.0,0.0,0.0,0.0,0.0,0.0,0.0,34.494333574563285,-11.019470776738054,False,True,False,True,False,0.0,0,0.9361201278588598,0.9775586226263925,False,False,False,False,-0.32831322055795675,-0.3260478817971617,False,False,False,False,-287075.0,-227619.8607132553,False,False,False,False,9200.532951066007,False,False,False,False
2025-10-06 18:00:00+00:00,907.48,908.32,906.7,907.395,8282.0,920.3849582156829,926.9475116709762,935.52483063395,936.296846434144,937.2221737049053,940.4152361477321,943.3827431008061,944.7897860003252,946.2284832583795,946.6546295847252,907.5192213633168,912.1051548166171,913.3187916746483,913.9691194104986,914.9955038098212,915.9608430398877,921.8974909641732,923.2210311106029,925.8696766729385,927.7363494182833,969.7415142908593,932.6058416056215,939.6437081668465,961.1137960251559,"rgba(239, 83, 80, 1.0)",0.0,0.0,16.033348421169404,929.9645173704503,-1.4076608814070892,0.0,0.0,0.0,0.0,0.0,0.0,0.0,0.0,33.79655430358347,-11.761973058821212,False,True,False,True,False,0.0,0,0.9377013607639495,0.9729338004488943,False,False,False,False,-0.330581134757462,-0.32831450827731185,False,False,False,False,-295357.0,-228670.04891925133,False,False,False,False,9186.292130119247,False,False,False,False
2025-10-06 19:00:00+00:00,907.395,911.72,903.81,910.77,15457.0,920.1049052995455,926.611078855784,935.1460106697049,935.9215205408727,936.8803035780398,940.088259138452,943.0526048388871,944.4590035802478,945.8970667378667,946.3241863829174,907.8508250927247,911.6969903317066,912.9332559564577,913.683605889858,914.7723704692531,915.7543976127664,921.6054080620884,922.9195694007047,925.5428714699076,927.3956627262658,969.5483103535646,932.2363429878927,939.3199792429473,960.8733047351063,"rgba(239, 83, 80, 1.0)",0.0,0.0,15.782859882260974,929.6245614905492,-1.194622624239394,0.0,0.0,0.0,0.0,0.0,0.0,0.0,0.0,37.67863276530501,-11.761973058821212,False,True,False,True,True,0.0,0,0.9322631392542686,0.9706286909752819,False,False,False,False,-0.3279527170417174,-0.32813361265951463,False,False,False,False,-279900.0,-229464.3117267048,False,False,False,False,9283.512407171662,False,False,False,False
2025-10-07 14:00:00+00:00,904.97,911.83,904.97,911.38,9269.0,919.95228014862,926.4221163789051,934.9292226834851,935.7064016018087,936.6836908069215,939.899262073744,942.8611996442504,944.2669749083107,945.7044329800844,946.132042248514,908.0629039594952,911.5396342068547,912.7621611115167,913.5469121375972,914.6592505225868,915.646787805341,921.4446560065479,922.7524911524375,925.3599198886977,927.2038491798916,969.4342275786826,932.0259822626119,939.1330016271817,960.7318694930917,"rgba(239, 83, 80, 1.0)",0.0,0.0,15.578575602757448,929.4384010245789,-1.1591817817658816,0.0,0.0,0.0,0.0,0.0,0.0,0.0,0.0,40.95316101207477,-13.92918748639324,False,False,False,True,True,0.0,0,0.9310132404639093,0.9748825442717742,False,False,False,False,-0.3214263236436503,-0.3247799681515825,False,False,False,False,-270631.0,-230102.5549557481,False,False,False,False,9283.28740861086,False,False,False,False
2025-10-07 15:00:00+00:00,911.58,916.88,911.1,915.315,12240.0,919.8503240695338,926.2508254396753,934.7038702155618,935.480999508633,936.4754719994595,939.6938584811422,942.6493058588362,944.0527679028291,945.4880146544707,945.9157319820698,909.041532757524,911.7789165810441,912.8623245708627,913.5826342071382,914.6531011826446,915.6202359359603,921.3248345828838,922.6189451026157,925.1988454886091,927.0266359184851,969.2968253786838,931.8145930780418,938.9308710163949,960.5644993455884,"rgba(239, 83, 80, 1.0)",0.0,0.0,15.35792868213104,929.2956932460365,-0.9103241417120933,0.0,0.0,0.0,0.0,1.0,913.12,911.83,891.0,46.89915368401486,-8.548227915987148,True,False,False,False,True,0.0,0,0.9358171622880873,0.9684644182510745,False,False,False,False,-0.2650347372016108,-0.2949073526765966,False,False,False,False,-258391.0,-230541.13549906985,False,False,False,False,9329.127913903716,False,False,False,False
2025-10-07 16:00:00+00:00,915.01,917.59,913.12,914.405,5776.0,919.8087494945418,926.1757446306551,934.6023705796656,935.3793017971266,936.381228904808,939.6003759761675,942.5525335385919,943.9547976795599,945.388899446634,945.8166252841908,909.4469724069044,911.9013949247077,912.9222350842906,913.6098508468398,914.6579513062406,915.6142968952471,921.2745542028367,922.5619630792202,925.1286632998924,926.9486528568303,969.2329383635353,931.72001380953,938.8389645844588,960.4869707816356,"rgba(239, 83, 80, 1.0)",0.0,0.0,15.147977645176125,929.2343394303085,-0.9789649666555295,0.0,0.0,0.0,0.0,0.0,0.0,0.0,0.0,49.82487946606673,-6.0588006331221465,True,False,False,False,True,0.0,0,0.941846272312469,0.9692315253987365,False,False,False,False,-0.25152369888950654,-0.2732155257830516,False,False,False,False,-264167.0,-231062.4667316424,False,False,False,False,9274.040659424589,False,False,False,False
2025-10-07 17:00:00+00:00,914.405,914.405,912.42,912.695,4873.0,919.7607334582701,926.1027025129061,934.5094646189286,935.2864920364,936.2954698650735,939.5161110434965,942.4659178885275,943.8673591055037,945.3006724433176,945.7284694531838,909.6480527102595,911.9404790490904,912.9279351898867,913.6030722962596,914.642347679798,915.5934580820053,921.2202556095034,922.5027987970784,925.0593975393655,926.8734669201716,969.1773053052573,931.6322176570261,938.7559417271409,960.419092206405,"rgba(239, 83, 80, 1.0)",0.0,0.0,15.09273635241866,929.1691502292454,-1.0915283911790636,0.0,0.0,0.0,0.0,-1.0,913.12,912.84,893.0,49.906100599219364,-6.029585448796816,True,False,False,False,True,0.0,0,0.9377937924821882,0.9708377692244694,False,False,False,False,-0.2707792658284023,-0.2719973958057269,False,False,False,False,-269040.0,-231651.2656970433,False,False,False,False,9205.807470906377,False,False,False,False
2025-10-07 18:00:00+00:00,912.75,912.84,910.875,912.12,7284.0,919.6770982715631,925.9848105415822,934.3641751704888,935.1415743760302,936.161707858127,939.3853250937075,942.3320063981824,943.7323875810333,945.164683132667,945.5926427172989,909.8194958448184,911.9406775829118,912.8956765879541,913.5654585474479,914.6006269947273,915.5474866960164,921.1282513145877,922.4042769432003,924.9467986769889,926.7526591500857,969.0925330154578,931.4938912961203,938.6269278411247,960.3153634296414,"rgba(239, 83, 80, 1.0)",0.0,0.0,14.926960105795658,929.0595637605622,-1.1348301087764783,0.0,0.0,0.0,0.0,0.0,0.0,0.0,0.0,49.34768749009492,-6.029585448796816,True,False,False,False,True,0.0,0,0.9325405600190004,0.9764461151650652,False,False,False,False,-0.2863355259245385,-0.2791664608651327,False,False,False,False,-276324.0,-232343.8662288721,False,False,False,False,9176.01200624116,False,False,False,False
2025-10-07 19:00:00+00:00,911.82,915.1,911.0,914.64,10828.0,919.5816283211864,925.8331345096792,934.1671221964991,934.9443949454495,935.9788016174072,939.2046314973194,942.1456933237662,943.5440547364416,944.9744151215689,945.4024504112122,910.1950710681903,912.0411353333674,912.927509275767,913.5659329262048,914.5776873195407,915.5113116651639,921.0185656863745,922.2835418488341,924.8035488293704,926.5960784874452,968.9705703739805,931.3087188887898,938.4490337146926,960.167168210066,"rgba(239, 83, 80, 1.0)",0.0,0.0,14.613542204605285,928.9251810733767,-0.9775303532414573,0.0,0.0,0.0,0.0,0.0,0.0,0.0,0.0,51.619669989162894,-4.068503148825471,True,False,True,False,True,0.0,0,0.9328255017632284,0.9752411654489069,False,False,False,False,-0.2743940496580313,-0.276780255261582,False,False,False,False,-265496.0,-232857.8527989671,False,False,False,False,9201.624223198662,False,False,False,False
