date,Close,High,Low,Open,Volume,Gap_Up_aVWAP_189,aVWAP_OB_bull_171,aVWAP_OB_bull_40,aVWAP_OB_bear_154,aVWAP_OB_bear_122,aVWAP_OB_bear_49,color,Liquidity,Liquidity_Level,StDev,StDev_Mean,StdDev_ZScore,OB,OB_High,OB_Low,OB_Mitigated_Index,FVG,FVG_High,FVG_Low,FVG_Mitigated_Index,QQEMOD,QQE1_Value,QQE1_Above_Upper,QQE1_Below_Lower,QQE2_Above_Threshold,QQE2_Below_Threshold,QQE2_Above_TL,banker_RSI,TTM_squeeze_Active,VI_plus,VI_minus,VI_Regular_Bullish,VI_Regular_Bearish,VI_Hidden_Bullish,VI_Hidden_Bearish,Fisher,Fisher_Signal,Fisher_Regular_Bullish,Fisher_Regular_Bearish,Fisher_Hidden_Bullish,Fisher_Hidden_Bearish,OBV,OBV_Smoothed,OBV_Regular_Bullish,OBV_Regular_Bearish,OBV_Hidden_Bullish,OBV_Hidden_Bearish,Volume_MA,Vol_Regular_Bullish,Vol_Regular_Bearish,Vol_Hidden_Bullish,Vol_Hidden_Bearish
2021-12-31 00:00:00+00:00,9.0,9.54,8.0,8.77,4319483,,,,,,,#000000,0.0,0.0,,,,0.0,0.0,0.0,0.0,0.0,0.0,0.0,0.0,,,False,False,False,False,False,,0,,,False,False,False,False,,,False,False,False,False,0,0.0,False,False,False,False,4319483.0,False,False,False,False
2022-01-07 00:00:00+00:00,8.4,9.45,7.6893,8.99,3471880,,,,,,,"rgba(239, 83, 80, 0.5)",0.0,0.0,,,,0.0,0.0,0.0,0.0,0.0,0.0,0.0,0.0,0.0,,False,False,False,True,False,,0,,,False,False,False,False,,,False,False,False,False,-3471880,-257176.2962962963,False,False,False,False,4256697.592592592,False,False,False,False
2022-01-14 00:00:00+00:00,8.23,8.98,8.0,8.5,2415719,,,,,,,"rgba(239, 83, 80, 0.5)",0.0,0.0,,,,0.0,0.0,0.0,0.0,0.0,0.0,0.0,0.0,0.0,-50.0,False,False,False,True,True,,0,,,False,False,False,False,,,False,False,False,False,-5887599,-674244.6447187929,False,False,False,False,4120328.807956104,False,False,False,False
2022-01-21 00:00:00+00:00,7.6,8.295,7.28,7.93,2881268,,,,,,,"rgba(239, 83, 80, 0.5)",0.0,0.0,,,,0.0,0.0,0.0,0.0,0.0,0.0,0.0,0.0,0.0,-50.0,False,False,False,True,True,,0,,,False,False,False,False,,,False,False,False,False,-8768867,-1273846.300665549,False,False,False,False,4028546.5258852816,False,False,False,False
2022-01-28 00:00:00+00:00,7.04,8.0,6.9,7.3,4686123,,,,,,,"rgba(239, 83, 80, 0.5)",0.0,0.0,,7.3133333333333335,,0.0,0.0,0.0,0.0,0.0,0.0,0.0,0.0,0.0,-50.0,False,False,False,True,True,,0,,,False,False,False,False,,,False,False,False,False,-13454990,-2176153.24135699,False,False,False,False,4077255.8943382236,False,False,False,False
2022-02-04 00:00:00+00:00,7.72,7.97,6.99,7.01,3233217,,,,,,,"rgba(239, 83, 80, 0.5)",0.0,0.0,,7.41403956137759,,0.0,0.0,0.0,0.0,0.0,0.0,0.0,0.0,8.285162663555244,-42.16793216960794,False,False,False,True,True,,0,,,False,False,False,False,,,False,False,False,False,-10221773,-2772125.075330546,False,False,False,False,4014734.4947576146,False,False,False,False
2022-02-11 00:00:00+00:00,8.4704,8.82,7.53,7.53,3698973,,,,,,,"rgba(239, 83, 80, 0.5)",0.0,0.0,,7.687659118531236,,0.0,0.0,0.0,0.0,0.0,0.0,0.0,0.0,19.38263494562826,-32.017174027833164,False,False,False,True,True,,0,,,False,False,False,False,,,False,False,False,False,-6522800,-3049952.8475282835,False,False,False,False,3991344.7544051986,False,False,False,False
2022-02-18 00:00:00+00:00,8.59,9.28,8.1,8.5,1951144,,,,,,,"rgba(239, 83, 80, 0.5)",1.0,8.27,,8.241829396700743,,0.0,0.0,0.0,0.0,0.0,0.0,0.0,0.0,27.94053931625433,-24.630236050931224,False,False,False,True,True,,0,,,False,False,False,False,,,False,False,False,False,-4571656,-3162671.5995632256,False,False,False,False,3840218.772597406,False,False,False,False
2022-02-25 00:00:00+00:00,7.10204,8.269,6.52,7.89,2678078,,,,,,,"rgba(239, 83, 80, 0.5)",0.0,0.0,,7.8048607886980506,,0.0,0.0,0.0,0.0,0.0,0.0,0.0,0.0,29.011294809384076,-24.474390278914772,False,False,False,True,True,,0,,,False,False,False,False,,,False,False,False,False,-7249734,-3465416.9625585424,False,False,False,False,3754134.270923524,False,False,False,False
2022-03-04 00:00:00+00:00,6.0,7.1,5.7,6.75,5843030,,,,,,,"rgba(239, 83, 80, 0.5)",0.0,0.0,,7.162741426940117,,0.0,0.0,0.0,0.0,0.0,0.0,0.0,0.0,27.774410357551687,-24.474390278914772,False,False,False,True,True,,0,,,False,False,False,False,,,False,False,False,False,-13092764,-4178553.7801467986,False,False,False,False,3908867.2878921516,False,False,False,False
2022-03-11 00:00:00+00:00,5.92,6.22,5.41,6.0,4223422,,,,,,,"rgba(239, 83, 80, 0.5)",0.0,0.0,,6.880640092955071,,0.0,0.0,0.0,0.0,0.0,0.0,0.0,0.0,26.771704287538043,-24.474390278914772,False,False,False,True,False,,0,,,False,False,False,False,,,False,False,False,False,-17316186,-5151711.722358147,False,False,False,False,3932167.6369371777,False,False,False,False
2022-03-18 00:00:00+00:00,6.74,6.75,5.35,5.57,3392030,,,,,,,"rgba(239, 83, 80, 0.5)",-1.0,5.026118,,6.625608327033742,,0.0,0.0,0.0,0.0,0.0,0.0,0.0,0.0,29.44377247471389,-24.474390278914772,False,False,False,True,True,,0,,,False,False,False,False,,,False,False,False,False,-13924156,-5801522.409590877,False,False,False,False,3892157.441608498,False,False,False,False
2022-03-25 00:00:00+00:00,6.73,6.94,6.33,6.74,4499793,,,,,,,"rgba(239, 83, 80, 0.5)",0.0,0.0,,6.689448773740414,,0.0,0.0,0.0,0.0,0.0,0.0,0.0,0.0,31.3313189441739,-24.276769920730946,False,False,False,True,True,,0,,,False,False,False,False,,,False,False,False,False,-18423949,-6736516.971843404,False,False,False,False,3937167.4829708315,False,False,False,False
2022-04-01 00:00:00+00:00,7.157591,7.44,6.42,6.73,2867185,,,,,,,"rgba(239, 83, 80, 0.5)",0.0,0.0,,6.750572089749941,,0.0,0.0,0.0,0.0,0.0,0.0,0.0,0.0,34.24250055429215,-21.736457442152933,False,False,False,True,True,,0,,,False,False,False,False,,,False,False,False,False,-15556764,-7389868.603558707,False,False,False,False,3857909.5212692884,False,False,False,False
2022-04-08 00:00:00+00:00,6.87049,7.63,6.3,7.3,2679518,,,,,,,"rgba(239, 83, 80, 0.5)",0.0,0.0,,6.817403433497463,,0.0,0.0,0.0,0.0,0.0,0.0,0.0,0.0,35.63421828254011,-20.611374737309568,False,False,False,True,True,,0,,,False,False,False,False,,,False,False,False,False,-18236282,-8193306.632924728,False,False,False,False,3770621.2604345265,False,False,False,False
2022-04-15 00:00:00+00:00,6.65,7.01,6.3,6.99,1609024,,,,,,,"rgba(239, 83, 80, 0.5)",0.0,0.0,,6.786692003711176,,0.0,0.0,0.0,0.0,0.0,0.0,0.0,0.0,36.11950758839251,-20.259179739229964,False,False,False,True,True,,0,,,False,False,False,False,,,False,False,False,False,-19845306,-9056417.697152525,False,False,False,False,3610502.9448467838,False,False,False,False
2022-04-22 00:00:00+00:00,6.46,6.85,5.88,6.85,2969419,,,,,,,"rgba(239, 83, 80, 0.5)",0.0,0.0,,6.714826645717909,,0.0,0.0,0.0,0.0,0.0,0.0,0.0,0.0,36.03586278526918,-20.259179739229964,False,False,False,True,True,,0,,,False,False,False,False,,,False,False,False,False,-22814725,-10075551.571437523,False,False,False,False,3563015.245228504,False,False,False,False
2022-04-29 00:00:00+00:00,5.8729,6.46,5.85,6.44,2395464,,,,,,,"rgba(239, 83, 80, 0.5)",0.0,0.0,,6.640147068734626,,0.0,0.0,0.0,0.0,0.0,0.0,0.0,0.0,34.770111772606384,-20.259179739229964,False,False,False,True,True,,0,,,False,False,False,False,,,False,False,False,False,-25210189,-11196635.825405113,False,False,False,False,3476529.96780417,False,False,False,False
2022-05-06 00:00:00+00:00,5.952,6.0,5.1401,5.8,2699280,,,,,,,"rgba(239, 83, 80, 0.5)",0.0,0.0,,6.538122704545875,,0.0,0.0,0.0,0.0,0.0,0.0,0.0,0.0,34.19279093008733,-20.259179739229964,False,False,False,True,True,,0,,,False,False,False,False,,,False,False,False,False,-22510909,-12034730.134634364,False,False,False,False,3418955.8961149724,False,False,False,False
2022-05-13 00:00:00+00:00,5.91272,5.9733,5.08,5.94,2836840,,,,,,,"rgba(239, 83, 80, 0.5)",0.0,0.0,,6.180013277947227,,0.0,0.0,0.0,0.0,0.0,0.0,0.0,0.0,33.6978986031224,-20.259179739229964,False,False,False,True,True,,1,,,False,False,False,False,,,False,False,False,False,-25347749,-13020879.680217005,False,False,False,False,3375836.200106456,False,False,False,False
2022-05-20 00:00:00+00:00,6.26,6.26,5.4708,5.91,1710892,,,,,,,"rgba(239, 83, 80, 0.5)",0.0,0.0,,6.196096603205728,,0.0,0.0,0.0,0.0,0.0,0.0,0.0,0.0,34.832186706833895,-20.259179739229964,False,False,False,True,True,,1,,,False,False,False,False,,,False,False,False,False,-23636857,-13807248.370571302,False,False,False,False,3252507.0000985702,False,False,False,False
2022-05-27 00:00:00+00:00,6.09,6.45,5.7,6.45,1448481,,,,,,,"rgba(239, 83, 80, 0.5)",0.0,0.0,,6.205362498272579,,0.0,0.0,0.0,0.0,0.0,0.0,0.0,0.0,35.224109095735294,-20.259179739229964,False,False,False,True,True,,1,,,False,False,False,False,,,False,False,False,False,-25085338,-14642662.41719565,False,False,False,False,3118875.444535713,False,False,False,False
2022-06-03 00:00:00+00:00,6.21,6.28,5.73,5.73,1172575,,,,,,,"rgba(239, 83, 80, 0.5)",0.0,0.0,,6.207698940203203,,0.0,0.0,0.0,0.0,0.0,0.0,0.0,0.0,36.024537160531175,-19.608461472468562,False,False,False,True,True,,1,,,False,False,False,False,,,False,False,False,False,-23912763,-15329336.534440417,False,False,False,False,2974705.0412367713,False,False,False,False
2022-06-10 00:00:00+00:00,6.05,6.46,5.58,6.46,2207365,,,,,,,"rgba(239, 83, 80, 0.5)",1.0,6.24,,6.105243920615977,,0.0,0.0,0.0,0.0,0.0,0.0,0.0,0.0,36.1704507605358,-19.241578634046697,False,False,False,True,True,,1,,,False,False,False,False,,,False,False,False,False,-26120128,-16128654.420778165,False,False,False,False,2917865.0381821957,False,False,False,False
2022-06-17 00:00:00+00:00,5.21,5.94,5.06,5.37,1742894,,,,,,,"rgba(239, 83, 80, 0.5)",0.0,0.0,,5.990210517944643,,0.0,0.0,0.0,0.0,0.0,0.0,0.0,0.0,34.389031815029796,-19.241578634046697,False,False,False,True,True,,1,,,False,False,False,False,,,False,False,False,False,-27863022,-16997866.834053855,False,False,False,False,2830830.146464996,False,False,False,False
2022-06-24 00:00:00+00:00,5.18,5.42,4.83,5.12,1757189,,,,,,,"rgba(239, 83, 80, 0.5)",0.0,0.0,,5.889061139436119,,0.0,0.0,0.0,0.0,0.0,0.0,0.0,0.0,33.05787493522214,-19.241578634046697,False,False,False,True,False,,1,,,False,False,False,False,-0.34282825441539394,-0.34282825441539394,False,False,False,False,-29620211,-17932855.290790606,False,False,False,False,2751301.1726527745,False,False,False,False
2022-07-01 00:00:00+00:00,5.0,5.3,4.8,5.02,1714969,,,,,,,"rgba(239, 83, 80, 0.5)",0.0,0.0,,5.808057740138956,,0.0,0.0,0.0,0.0,0.0,0.0,0.0,0.0,31.7480313862985,-19.241578634046697,False,False,False,True,False,,1,0.8604830849603728,1.1461958345846066,False,False,False,False,-0.34282825441539394,-0.34282825441539394,False,False,False,False,-31335180,-18925620.084065378,False,False,False,False,2674535.8265303466,False,False,False,False
2022-07-08 00:00:00+00:00,5.1,5.43,4.83,5.06,1186323,,,,,,,"rgba(239, 83, 80, 0.5)",0.0,0.0,,5.769873813675918,,0.0,0.0,0.0,0.0,0.0,0.0,0.0,0.0,31.313948420792826,-19.241578634046697,False,False,False,True,False,,1,0.8676682433366668,1.1441736630728023,False,False,False,False,-0.3266356264411651,-0.33473194042827953,False,False,False,False,-30148857,-19756970.966727205,False,False,False,False,2564297.839379951,False,False,False,False
2022-07-15 00:00:00+00:00,5.29,5.4,4.794472,5.0,1597231,,,,,,,"rgba(239, 83, 80, 0.5)",0.0,0.0,,5.498343690771566,,0.0,0.0,0.0,0.0,0.0,0.0,0.0,0.0,31.95239909377838,-19.241578634046697,False,False,False,True,False,,1,0.851517129098067,1.128421306242881,False,False,False,False,-0.3332468936521393,-0.3339894170402094,False,False,False,False,-28551626,-20408426.895117782,False,False,False,False,2492663.2586851395,False,False,False,False
2022-07-22 00:00:00+00:00,6.15,6.43,5.11,5.68,2907378,,,,,,,"rgba(239, 83, 80, 0.5)",0.0,0.0,,5.659435314189606,,0.0,0.0,0.0,0.0,0.0,0.0,0.0,0.0,35.96809287258406,-18.802188126477436,False,False,False,True,True,,1,0.8950808803945254,1.0577171240204746,False,False,False,False,-0.2021602789124773,-0.26807484797634334,False,False,False,False,-25644248,-20796265.495479427,False,False,False,False,2523382.8691529073,False,False,False,False
2022-07-29 00:00:00+00:00,5.55,6.26,5.35,5.99,1901291,,,,,,,"rgba(239, 83, 80, 0.5)",0.0,0.0,,5.6578386622988734,,0.0,0.0,0.0,0.0,0.0,0.0,0.0,0.0,37.22065411767875,-17.569417073789317,False,False,False,True,True,,1,0.9194539976656345,1.053085365504943,False,False,False,False,-0.19555981777839865,-0.231817332877371,False,False,False,False,-27545539,-21296211.68099947,False,False,False,False,2477301.9899563957,False,False,False,False
2022-08-05 00:00:00+00:00,5.58,5.75,5.15,5.41,1302298,,,,,,,"rgba(239, 83, 80, 0.5)",0.0,0.0,,5.630714148545703,,0.0,0.0,0.0,0.0,0.0,0.0,0.0,0.0,38.226830876586334,-16.558572610079082,False,False,False,True,True,,1,0.9062275989803289,1.073719569266758,False,False,False,False,-0.26339959451674894,-0.24760846369705997,False,False,False,False,-26243241,-21662658.297221728,False,False,False,False,2390264.6573670334,False,False,False,False
2022-08-12 00:00:00+00:00,6.054,6.06,5.44,5.73,2000142,,,,,,,"rgba(239, 83, 80, 0.5)",0.0,0.0,,5.661649095542137,,0.0,0.0,0.0,0.0,0.0,0.0,0.0,0.0,40.63360247393342,-14.205075693493242,False,False,False,True,True,,1,0.8929553065154776,1.0987256325507102,False,False,False,False,-0.20593975277979742,-0.2267741082384287,False,False,False,False,-24243099,-21853802.052983083,False,False,False,False,2361366.682747253,False,False,False,False
2022-08-19 00:00:00+00:00,5.93,6.06,5.55,6.05,1498746,,,,,,,"rgba(239, 83, 80, 0.5)",0.0,0.0,,5.678428061729596,,0.0,0.0,0.0,0.0,0.0,0.0,0.0,0.0,41.99036584457545,-12.887694400774983,False,False,False,True,True,,1,0.8697360625132753,1.1217014801068719,False,False,False,False,-0.11800473121938719,-0.17238941972890795,False,False,False,False,-25741845,-22141805.234243594,False,False,False,False,2297468.8543956047,False,False,False,False
2022-08-26 00:00:00+00:00,6.25,6.5,5.65,5.75,2137116,,,,,,,"rgba(239, 83, 80, 0.5)",0.0,0.0,,5.733907701186232,,0.0,0.0,0.0,0.0,0.0,0.0,0.0,0.0,44.05049785105952,-10.894158075472298,False,False,False,True,True,,1,0.9547028851703103,1.0764281570895309,False,False,False,False,0.023267887251469915,-0.07456076623871902,False,False,False,False,-23604729,-22250169.95763296,False,False,False,False,2285590.8651811155,False,False,False,False
2022-09-02 00:00:00+00:00,6.45,6.75,5.88,6.225,1430536,,,,,,,#000000,0.0,0.0,,5.940804926527303,,0.0,0.0,0.0,0.0,0.0,0.0,0.0,0.0,46.171142403872985,-8.863213341193259,False,False,False,False,True,,1,1.0033100169435039,1.0113486295205847,False,False,False,False,0.10637855538657319,0.015908894573927086,False,False,False,False,-22174193,-22244542.03484533,False,False,False,False,2222253.4677602923,False,False,False,False
2022-09-09 00:00:00+00:00,6.15,6.505,5.64,6.1,1636282,,,,,,,#000000,0.0,0.0,,5.924962108259279,,0.0,0.0,0.0,0.0,0.0,0.0,0.0,0.0,46.69970830548442,-8.353568002374956,False,False,False,False,True,,1,1.0056595956935759,0.9813704975086458,False,False,False,False,0.022405819013065553,0.019157356793496318,False,False,False,False,-23810475,-22360537.06930123,False,False,False,False,2178848.1738521224,False,False,False,False
2022-09-16 00:00:00+00:00,5.95,6.1814,5.52,6.02,1098469,,,,,,,#000000,0.0,0.0,,5.90443182802924,,0.0,0.0,0.0,0.0,0.0,0.0,0.0,0.0,46.45011599413381,-8.353568002374956,False,False,False,False,True,,1,1.002931931114474,1.022409726818296,False,False,False,False,-0.05409344475711094,-0.01746804398180731,False,False,False,False,-24908944,-22549307.953056693,False,False,False,False,2098820.086900113,False,False,False,False
2022-09-23 00:00:00+00:00,5.2,6.0,5.13,5.5,1338134,,,,,,,"rgba(239, 83, 80, 0.5)",0.0,0.0,,5.842736508993658,,0.0,0.0,0.0,0.0,0.0,0.0,0.0,0.0,44.240341223476015,-8.353568002374956,False,False,False,True,True,,1,0.9367892652538602,1.0400495494956459,False,False,False,False,-0.1537056601369758,-0.08558685205939157,False,False,False,False,-26247078,-22823216.845422864,False,False,False,False,2042472.9693519566,False,False,False,False
2022-09-30 00:00:00+00:00,4.94,5.23,4.82,5.15,1370145,,,,,,,"rgba(239, 83, 80, 0.5)",0.0,0.0,,5.755796664894251,,0.0,0.0,0.0,0.0,0.0,0.0,0.0,0.0,42.059185781826926,-8.353568002374956,False,False,False,True,False,,1,0.9149859741772134,1.104403189606931,False,False,False,False,-0.34282825441539394,-0.21420755323739277,False,False,False,False,-27617223,-23178328.41242858,False,False,False,False,1992670.8975481081,False,False,False,False
2022-10-07 00:00:00+00:00,6.01,6.61,4.48,4.85,7800260,,,5.700000000000001,,,,"rgba(239, 83, 80, 0.5)",0.0,0.0,,5.729934022131984,,1.0,6.61,4.48,50.0,0.0,0.0,0.0,0.0,44.009950614122644,-8.353568002374956,False,False,False,True,False,,1,0.9077187658145174,1.0435108409890101,False,False,False,False,-0.12002086478685543,-0.1671142090121241,False,False,False,False,-19816963,-22929338.381878316,False,False,False,False,2422862.682914915,False,False,False,False
2022-10-14 00:00:00+00:00,5.19,6.24,4.91,6.01,1943333,,,5.649473358886536,,,,"rgba(239, 83, 80, 0.5)",0.0,0.0,,5.690469015034268,,0.0,0.0,0.0,0.0,0.0,0.0,0.0,0.0,43.486526161806935,-8.353568002374956,False,False,False,True,False,,1,0.9303437748324445,1.0306487390737247,False,False,False,False,-0.059173466512801726,-0.11314383776246291,False,False,False,False,-21760296,-22842742.649887327,False,False,False,False,2387341.965661959,False,False,False,False
2022-10-21 00:00:00+00:00,5.69,5.75,5.01,5.01,1470304,,,5.627689999887343,,,,"rgba(239, 83, 80, 0.5)",0.0,0.0,,5.671730202554619,,0.0,0.0,0.0,0.0,0.0,0.0,0.0,0.0,44.47194858700924,-8.353568002374956,False,False,False,True,False,,1,0.9539999571917969,1.0464694310001237,False,False,False,False,-0.14947548673194722,-0.13130966224720506,False,False,False,False,-20289992,-22653650.00915493,False,False,False,False,2319413.2274647765,False,False,False,False
2022-10-28 00:00:00+00:00,5.2667,5.905,5.15,5.43,1312439,,,5.608084269981263,,,,"rgba(239, 83, 80, 0.5)",0.0,0.0,,5.654587257924523,,0.0,0.0,0.0,0.0,0.0,0.0,0.0,0.0,44.244491240214245,-8.353568002374956,False,False,False,True,False,,1,0.9622365791599625,1.0207465707084158,False,False,False,False,-0.07303658757422146,-0.10217312491071326,False,False,False,False,-21602431,-22575781.934402715,False,False,False,False,2244822.5439488674,False,False,False,False
2022-11-04 00:00:00+00:00,5.54,5.68,4.88,5.22,1979578,,,5.575138743326804,,,,"rgba(239, 83, 80, 0.5)",0.0,0.0,,5.625665568295929,,0.0,0.0,0.0,0.0,0.0,0.0,0.0,0.0,44.81970971135392,-8.353568002374956,False,False,False,True,False,,1,0.9826970595006094,1.0098179343552338,False,False,False,False,-0.20224811536783724,-0.15221062013927525,False,False,False,False,-19622853,-22357046.457780294,False,False,False,False,2225174.7999526546,False,False,False,False
2022-11-11 00:00:00+00:00,6.32,6.3504,5.0,5.22,2093792,,,5.614870359814406,,,,#000000,0.0,0.0,,5.653764139367207,,0.0,0.0,0.0,0.0,0.0,0.0,0.0,0.0,47.11831625887274,-7.717543544401863,False,False,False,False,True,,1,0.99130296585343,0.9777035508800301,False,False,False,False,0.0026604456054825643,-0.07477508726689634,False,False,False,False,-17529061,-21999417.905352123,False,False,False,False,2215442.7406969024,False,False,False,False
2022-11-18 00:00:00+00:00,6.54,7.06,6.195,6.4,3063289,,,5.768083606763196,,,,#000000,0.0,0.0,,5.774907828644308,,0.0,0.0,0.0,0.0,0.0,0.0,0.0,0.0,49.24259147562294,-5.604515776327304,False,False,False,False,True,,1,1.0280170974542486,0.9584898100238259,False,False,False,False,0.34282820819651355,0.1340265604648086,False,False,False,False,-14465772,-21441370.060511228,False,False,False,False,2278246.167311947,False,False,False,False
2022-11-25 00:00:00+00:00,6.68,6.84,6.05,6.48,1481947,,,5.821015417431744,,,,#000000,0.0,0.0,,5.818139186903584,,0.0,0.0,0.0,0.0,0.0,0.0,0.0,0.0,51.06950587885105,-3.810386031606292,False,False,False,False,True,,1,1.0109278032820566,0.9772337431623825,False,False,False,False,0.26057808653025505,0.19730232349753182,False,False,False,False,-12983825,-20814885.2412141,False,False,False,False,2219261.043807358,False,False,False,False
2022-12-02 00:00:00+00:00,7.25,7.4,6.25,6.75,2295711,,,5.93321724794527,,,,#000000,0.0,0.0,,5.9117841311573684,,0.0,0.0,0.0,0.0,0.0,0.0,0.0,0.0,53.568505530466126,-1.3969028665075172,False,False,False,False,True,,1,1.0181718836815066,0.9454843489554803,False,False,False,False,0.3428282132677514,0.2700652683826416,False,False,False,False,-10688114,-20064754.038161207,False,True,False,False,2224924.0035253316,False,True,False,False
2022-12-09 00:00:00+00:00,5.4502,7.9,5.18,7.25,5296000,,,5.978095863009286,,,6.176733333333334,#000000,0.0,0.0,,6.017780598824334,,-1.0,7.9,5.18,0.0,0.0,0.0,0.0,0.0,51.22315390819926,-1.3969028665075172,False,False,False,False,True,0.0,1,0.9791003546874709,0.9364814701285878,False,False,False,False,0.22944323904114344,0.24975425371189253,False,False,False,False,-15984114,-19762484.405704822,False,False,False,False,2452411.114375307,False,False,False,False
2022-12-16 00:00:00+00:00,5.16,5.6,4.5,5.3,3873346,,,5.872213807878377,,,5.716263702994739,#000000,0.0,0.0,,5.828838329402122,,0.0,0.0,0.0,0.0,0.0,0.0,0.0,0.0,49.02848993543153,-1.3969028665075172,False,False,False,False,False,0.0,1,0.9771543526995886,1.0138705715752498,False,False,False,False,-0.3325757871029537,-0.04141076669553059,False,False,False,False,-19857460,-19769519.634911872,False,False,False,False,2557665.550347507,False,False,False,False
2022-12-23 00:00:00+00:00,4.29,5.36,3.57,4.82,5841877,,,5.649557671760066,,,5.206611371149883,#000000,0.0,0.0,,5.22809834533417,,0.0,0.0,0.0,0.0,0.0,0.0,0.0,0.0,46.04200569630462,1.4341993707929461,False,False,False,False,False,0.0,1,0.9509962691826271,1.0023335109913036,False,False,False,False,-0.34282825441539394,-0.19211951055546228,False,False,False,False,-25699337,-20208765.365659144,False,False,False,False,2800940.472543988,False,False,False,False
2022-12-30 00:00:00+00:00,4.2973,4.36,3.79,4.16,3150791,,,5.535920040594195,,,5.023151689276677,"rgba(239, 83, 80, 0.5)",0.0,0.0,,5.1028534868431485,,0.0,0.0,0.0,0.0,0.0,0.0,0.0,0.0,43.92677880441375,-0.5109602808117586,False,False,False,True,False,0.0,1,0.9608258804247622,1.0364590815848749,False,False,False,False,-0.34282825441539394,-0.26747388248542814,False,False,False,False,-22548546,-20382082.449684393,False,False,False,False,2826855.3264296185,False,False,False,False
2023-01-06 00:00:00+00:00,4.22,4.4,3.85,4.1,1018594,,,5.502957636897074,,,4.977136649236214,"rgba(239, 83, 80, 0.5)",0.0,0.0,,5.070804951276226,,0.0,0.0,0.0,0.0,0.0,0.0,0.0,0.0,42.2890842934567,-2.0157959691500906,False,False,False,True,False,0.0,1,0.9619156105891391,1.0400274705032517,False,False,False,False,-0.32942052909495,-0.2984472057901891,False,False,False,False,-23567140,-20618012.63859666,False,False,False,False,2692910.0429903874,False,False,False,False
2023-01-13 00:00:00+00:00,4.0,4.33,3.9,4.0,1502467,,,5.454390681829969,,,4.911724401139578,"rgba(239, 83, 80, 0.5)",0.0,0.0,,5.022877046761726,,0.0,0.0,0.0,0.0,0.0,0.0,0.0,0.0,40.74997019071922,-3.4580059792234437,False,False,False,True,False,0.0,1,0.9650006260564703,1.0418675264508859,False,False,False,False,-0.33209280547965736,-0.31527000563492324,False,False,False,False,-25069607,-20947760.36907098,False,False,False,False,2604729.076842951,False,False,False,False
2023-01-20 00:00:00+00:00,4.06,4.2011,3.92,3.99,1866290,,,5.397820730514465,,,4.84126208762124,"rgba(239, 83, 80, 0.5)",0.0,0.0,,4.969631447020741,,0.0,0.0,0.0,0.0,0.0,0.0,0.0,0.0,39.82714365306937,-4.346673616994224,False,False,False,True,False,0.0,0,0.9514640324008173,1.0909090909090908,False,False,False,False,-0.34282825441539394,-0.32904913002515856,False,False,False,False,-23203317,-21114838.63802869,False,False,False,False,2550029.8859656956,False,False,False,False
2023-01-27 00:00:00+00:00,3.76,4.3,3.31,3.97,3833152,,,5.27412283556292,,,4.688522780234855,"rgba(239, 83, 80, 0.5)",0.0,0.0,,4.473424346414161,,0.0,0.0,0.0,0.0,0.0,0.0,0.0,0.0,38.6336369612516,-5.539791609038566,False,False,False,True,False,0.0,0,0.917066091007769,1.079681598835673,False,False,False,False,-0.34282825441539394,-0.3359386922202763,False,False,False,False,-27036469,-21553477.924100637,False,False,False,False,2645075.968486755,False,False,False,False
2023-02-03 00:00:00+00:00,3.855,4.04,3.62,3.76,2364604,,,5.20906787460348,,,4.618590164481747,"rgba(239, 83, 80, 0.5)",0.0,0.0,,4.435146971523425,,0.0,0.0,0.0,0.0,0.0,0.0,0.0,0.0,38.08689847781056,-6.147372911991603,False,False,False,True,False,0.0,0,0.9373410489845563,1.070030592311378,False,False,False,False,-0.3367092870825176,-0.336323989651397,False,False,False,False,-24671865,-21784469.559352443,False,False,False,False,2624300.2671173657,False,False,False,False
2023-02-10 00:00:00+00:00,3.8,3.92,3.58,3.8,1209408,,,5.176398518379992,,,4.584196223393126,"rgba(239, 83, 80, 0.5)",0.0,0.0,,4.411762318849654,,0.0,0.0,0.0,0.0,0.0,0.0,0.0,0.0,37.58924655040842,-6.754481792837154,False,False,False,True,False,0.0,0,0.9229427580692604,1.0886572568450446,False,False,False,False,-0.34282825441539394,-0.3395761220333955,False,False,False,False,-25881273,-22087936.48088189,False,False,False,False,2519493.4325160794,False,False,False,False
2023-02-17 00:00:00+00:00,3.9,3.986,3.59,3.67,1055089,,,5.15021973852661,,,4.5583779030523335,"rgba(239, 83, 80, 0.5)",0.0,0.0,,4.3963684075888,,0.0,0.0,0.0,0.0,0.0,0.0,0.0,0.0,37.58848304158359,-6.927385771890023,False,False,False,True,False,0.0,0,0.9184145788152631,1.0863306956822163,False,False,False,False,-0.3337027216881258,-0.3366394218607607,False,False,False,False,-24826184,-22290769.630446196,False,False,False,False,2411019.030107481,False,False,False,False
2023-02-24 00:00:00+00:00,3.67,3.91,3.57,3.9,755919,,,5.130591310126272,,,4.53834910711208,"rgba(239, 83, 80, 0.5)",0.0,0.0,,4.381677864917238,,0.0,0.0,0.0,0.0,0.0,0.0,0.0,0.0,37.09547942930903,-7.610912846426139,False,False,False,True,False,0.0,0,0.9115416838550815,1.1101476148150669,False,False,False,False,-0.34282825441539394,-0.33973383813807734,False,False,False,False,-25582103,-22534572.102264997,False,False,False,False,2288419.0278772973,False,False,False,False
2023-03-03 00:00:00+00:00,3.9,3.9043,3.6,3.61,7143818,,,4.978306516355765,,,4.403057180906876,"rgba(239, 83, 80, 0.5)",0.0,0.0,,4.294676780148926,,0.0,0.0,0.0,0.0,0.0,0.0,0.0,0.0,37.60151409231409,-7.610912846426139,False,False,False,True,False,0.0,0,0.9006458022851463,1.1240053686127889,False,False,False,False,-0.3399140369303353,-0.3398239375342063,False,False,False,False,-18438285,-22231143.428023145,False,False,False,False,2648078.2109974977,False,False,False,False
2023-03-10 00:00:00+00:00,3.71,3.91,3.65,3.91,9579943,,,4.815607743920827,,,4.2753562420258024,"rgba(239, 83, 80, 0.5)",0.0,0.0,,4.203444283920579,,0.0,0.0,0.0,0.0,0.0,0.0,0.0,0.0,37.520993509265885,-7.615297575517438,False,False,False,True,False,0.0,0,0.910934870564646,1.1161427190375595,False,False,False,False,-0.3332549598850716,-0.3365394487096389,False,False,False,False,-28018228,-22659816.359280687,False,False,False,False,3161549.6768495347,False,False,False,False
2023-03-17 00:00:00+00:00,3.396992,3.7,3.3372,3.7,1059697,,,4.796189205887522,,,4.258305359455271,"rgba(239, 83, 80, 0.5)",0.0,0.0,,4.188304278557686,,0.0,0.0,0.0,0.0,0.0,0.0,0.0,0.0,36.76357637434103,-8.582609713091735,False,False,False,True,False,0.0,0,0.900574029907593,1.1120582554206377,False,False,False,False,-0.34282825441539394,-0.33968385156251646,False,False,False,False,-29077925,-23135231.814148784,False,False,False,False,3005856.8859717916,False,False,False,False
2023-03-24 00:00:00+00:00,2.94,3.4,2.85,3.36,9267902,,,4.600954264692771,,,4.070017509874556,"rgba(239, 83, 80, 0.5)",0.0,0.0,,4.006870095159491,,0.0,0.0,0.0,0.0,0.0,0.0,0.0,0.0,35.2948399322286,-10.204441334813481,False,False,False,True,False,0.0,0,0.8946380425680712,1.1191648339513955,False,False,False,False,-0.34282825441539394,-0.3412560529889552,False,False,False,False,-38345827,-24261942.56865628,False,False,False,False,3469712.079603511,False,False,False,False
2023-03-31 00:00:00+00:00,2.81,2.96,2.6828,2.95,1604247,,,4.566840131641168,,,4.036765565338804,"rgba(239, 83, 80, 0.5)",0.0,0.0,,3.974422632162751,,0.0,0.0,0.0,0.0,0.0,0.0,0.0,0.0,33.996390176222036,-11.619419346879283,False,False,False,True,False,0.0,0,0.9006008758529381,1.1046209112203613,False,False,False,False,-0.34282825441539394,-0.3420421537021746,False,False,False,False,-39950074,-25424026.378385447,False,False,False,False,3331529.481114362,False,False,False,False
2023-04-07 00:00:00+00:00,2.436,2.83,2.37,2.83,1911746,,,4.521785243027547,,,3.991024895806741,"rgba(239, 83, 80, 1.0)",0.0,0.0,,3.9288550438993326,,0.0,0.0,0.0,0.0,0.0,0.0,0.0,0.0,32.38012560282947,-13.305014373661344,False,True,False,True,False,0.0,0,0.8936373032039253,1.189144984396793,False,False,False,False,-0.34282825441539394,-0.34243520405878425,False,False,False,False,-41861820,-26641640.720727265,False,False,False,False,3226360.33436515,False,False,False,False
2023-04-14 00:00:00+00:00,2.37,2.77,2.23,2.4,3232111,,,4.446795147603166,,,3.9153890418755206,"rgba(239, 83, 80, 1.0)",0.0,0.0,,3.853709218383228,,0.0,0.0,0.0,0.0,0.0,0.0,0.0,0.0,31.10737909037058,-14.628658377463807,False,True,False,True,False,0.0,0,0.8594698513201475,1.1807562507183231,False,False,False,False,-0.34282825441539394,-0.34263172923708907,False,False,False,False,-45093931,-28008477.037710432,False,False,False,False,3226786.309597361,False,False,False,False
2023-04-21 00:00:00+00:00,2.32,2.59,2.26,2.37,2281835,,,4.395384331231622,,,3.8640884402798203,"rgba(239, 83, 80, 1.0)",0.0,0.0,,3.8029510624092993,,0.0,0.0,0.0,0.0,0.0,0.0,0.0,0.0,30.10478527594789,-15.682015649035257,False,True,False,True,False,0.0,0,0.8526569790409892,1.1681632304423495,False,False,False,False,-0.34282825441539394,-0.34272999182624153,False,False,False,False,-47375766,-29443091.034917068,False,False,False,False,3156789.9162938525,True,False,False,False
2023-04-28 00:00:00+00:00,2.56,2.75,2.19,2.33,2482814,,,4.345200144617771,,,3.815934047815476,"rgba(239, 83, 80, 1.0)",-1.0,2.003838,,3.2947590796506625,,0.0,0.0,0.0,0.0,0.0,0.0,0.0,0.0,30.564358312974214,-15.682015649035257,False,True,False,True,False,0.0,0,0.839778170989599,1.1696625091709465,True,False,False,False,-0.33527209129315244,-0.339001041559697,False,False,False,False,-44892952,-30587525.180478767,False,False,False,False,3106865.77434616,False,False,False,False
2023-05-05 00:00:00+00:00,2.8,2.84,2.289,2.59,3430071,,,4.2851330175304305,,,3.7613902138623003,"rgba(239, 83, 80, 1.0)",0.0,0.0,,3.278534360013636,,0.0,0.0,0.0,0.0,0.0,0.0,0.0,0.0,32.012523901938536,-15.682015649035257,False,True,False,True,False,0.0,0,0.8577740351491159,1.1547479740592088,False,False,False,False,-0.31952239071947525,-0.3292617161395861,False,False,False,False,-41462881,-31393107.093035895,False,False,False,False,3130806.9021723703,False,False,False,False
2023-05-12 00:00:00+00:00,2.465,2.98,2.36,2.7,1698696,,,4.256218289344508,,,3.735283576382056,"rgba(239, 83, 80, 1.0)",0.0,0.0,,2.97850396541649,,0.0,0.0,0.0,0.0,0.0,0.0,0.0,0.0,32.242061309112636,-15.682015649035257,False,True,False,True,False,0.0,0,0.8490664904826456,1.1913950812762708,False,False,False,False,-0.3021183570687733,-0.3156900366041797,False,False,False,False,-43161577,-32264845.604662865,False,False,False,False,3024724.613122565,False,False,False,False
2023-05-19 00:00:00+00:00,2.8273,2.934,2.4,2.47,1995005,,,4.225851412672972,,,3.709144266094218,"rgba(239, 83, 80, 0.75)",0.0,0.0,,2.991113409104561,,0.0,0.0,0.0,0.0,0.0,0.0,0.0,0.0,34.01688221742622,-15.682015649035257,False,True,False,True,True,0.0,0,0.7791180978033717,1.2389355872381924,False,False,False,False,-0.30261076715737223,-0.30915040188077597,False,False,False,False,-41166572,-32924232.74505821,False,False,False,False,2948449.0862245974,False,False,False,False
2023-05-26 00:00:00+00:00,2.68,2.98,2.6,2.82,1357155,,,4.206307430796153,,,3.692685172433938,"rgba(239, 83, 80, 0.75)",0.0,0.0,,2.9949755889801795,,0.0,0.0,0.0,0.0,0.0,0.0,0.0,0.0,34.897141071514326,-19.03326311176412,False,True,False,True,True,0.0,0,0.7942484717299779,1.2289431745201114,False,False,False,False,-0.28253537584695426,-0.2958428888638651,False,False,False,False,-42523727,-33635306.39357241,False,False,False,False,2830575.450207961,False,False,False,False
2023-06-02 00:00:00+00:00,2.835,2.953475,2.7,2.7,850588,,,4.194948947765201,,,3.6834685911233205,"rgba(239, 83, 80, 0.5)",0.0,0.0,1.6714670764521107,3.0002813094651533,-0.09888397551687508,0.0,0.0,0.0,0.0,0.0,0.0,0.0,0.0,36.21315927386729,-17.698495123414816,False,False,False,True,True,0.0,0,0.7754060179267405,1.2770740046581293,False,False,False,False,-0.27208708076136556,-0.28396498481261534,False,False,False,False,-41673139,-34230701.40145594,False,False,False,False,2683909.713155519,False,False,False,False
2023-06-09 00:00:00+00:00,2.96,3.25,2.65,2.83,1805255,,,4.173583466859357,,,3.667289557274356,"rgba(239, 83, 80, 0.5)",0.0,0.0,1.638915322921416,2.906214570891162,0.032817698606273094,0.0,0.0,0.0,0.0,0.0,0.0,0.0,0.0,37.70602859622507,-16.211792187262503,False,False,False,True,True,0.0,0,0.8147595401550303,1.3343011423764686,False,False,False,False,-0.20065009063819544,-0.2423075377254054,False,False,False,False,-39867884,-34648270.48282957,False,False,False,False,2618824.178847703,False,False,False,False
2023-06-16 00:00:00+00:00,3.06,3.23,2.85,2.94,1936734,,,4.1531564782541395,,,3.6528782002325815,"rgba(239, 83, 80, 0.5)",0.0,0.0,1.617375947795258,2.9421855243719803,0.07284297493642074,0.0,0.0,0.0,0.0,0.0,0.0,0.0,0.0,39.21884307346214,-14.725214941445891,False,False,False,True,True,0.0,0,0.8717545014742507,1.178627658660865,False,False,False,False,-0.1317871107795288,-0.1870473242524671,False,False,False,False,-37931150,-34891446.74336071,False,False,False,False,2568298.98041454,False,False,False,False
2023-06-23 00:00:00+00:00,3.11,3.23,2.94,3.03,1816589,,,4.135438637143691,,,3.640950926576425,"rgba(239, 83, 80, 0.5)",0.0,0.0,1.5960291960645308,2.968984924626809,0.0883536941059123,0.0,0.0,0.0,0.0,0.0,0.0,0.0,0.0,40.52894663031118,-13.445219646685388,False,False,False,True,True,0.0,0,0.9431028351598618,1.1810364335822585,False,False,False,False,-0.07389894982133106,-0.13047313703689908,False,False,False,False,-36114561,-34982047.79940807,False,False,False,False,2512616.7596430928,False,False,False,False
2023-06-30 00:00:00+00:00,3.092,3.16,2.96,3.12,1072400,,,4.125032990960693,,,3.633863854162632,"rgba(239, 83, 80, 0.5)",0.0,0.0,1.5869996423451223,2.9787431208486677,0.07136540937335803,0.0,0.0,0.0,0.0,0.0,0.0,0.0,0.0,41.39706696829898,-12.58552992976476,True,False,False,True,True,0.0,0,0.9234185598682088,1.104186377853716,False,False,False,False,-0.08366527325435076,-0.10706920514562493,False,False,False,False,-37186961,-35145374.70315562,False,False,False,False,2405934.0367065673,False,False,False,False
2023-07-07 00:00:00+00:00,4.0,4.08,2.95,2.95,1989695,,,4.117048061017122,,,3.6348285215802996,"rgba(239, 83, 80, 0.5)",0.0,0.0,1.5750413773086018,3.0679866944091208,0.5917389339850133,0.0,0.0,0.0,0.0,0.0,0.0,0.0,0.0,45.663323958770164,-8.496810486182277,True,False,False,True,True,0.0,0,0.921252341790239,1.0245557213772372,False,False,False,False,0.09597403933407544,-0.005547582905774742,False,False,False,False,-35197266,-35149218.50292187,False,False,False,False,2375101.515469044,False,False,False,False
2023-07-14 00:00:00+00:00,3.72,4.27,3.6,4.04,2804349,,,4.110835611446644,,,3.6418635418330885,#000000,0.0,0.0,1.5505826398282938,3.3352947237220816,0.24810369108770594,0.0,0.0,0.0,0.0,0.0,0.0,0.0,0.0,47.59177828673065,-6.74474358791641,True,False,False,False,True,0.0,0,0.9726138237948528,1.0024896523822862,False,False,False,False,0.2869620261548123,0.1407072216245188,False,False,False,False,-38001615,-35360507.13233507,False,False,False,False,2406897.6254343,False,False,False,False
2023-07-21 00:00:00+00:00,3.47,3.75,3.26,3.66,1451904,,,4.103105414202851,,,3.639533183158148,#000000,0.0,0.0,1.5055946412005814,3.322050415962276,0.09826654531643861,0.0,0.0,0.0,0.0,0.0,0.0,0.0,0.0,48.035413567594446,-6.392658083043436,True,False,False,False,True,0.0,0,0.943713788694221,1.0343509037403817,False,False,False,False,0.1430201842817561,0.14186370295313744,False,False,False,False,-39453519,-35663693.19660655,False,False,False,False,2336157.356883611,False,False,False,False
2023-07-28 00:00:00+00:00,3.46,3.46,3.18,3.3,1146525,,,4.095896628048886,,,3.636193877116606,#000000,0.0,0.0,1.452170346001633,3.3091539946451327,0.1038762468674578,0.0,0.0,0.0,0.0,0.0,0.0,0.0,0.0,48.31487024599982,-6.1293883694401075,True,False,False,False,True,0.0,0,0.9852925591163424,1.06921148651133,False,False,False,False,0.06126857624626793,0.10156613959970268,False,False,False,False,-40600044,-36029348.811672725,False,False,False,False,2248036.4415588994,False,False,False,False
2023-08-04 00:00:00+00:00,3.48,3.8,3.42,3.5,1170321,,,4.090660942878674,,,3.6353360679037596,#000000,0.0,0.0,1.4364437959017777,3.3200923274192276,0.1113219139078009,0.0,0.0,0.0,0.0,0.0,0.0,0.0,0.0,48.59721338503878,-5.805437474877664,True,False,False,False,True,0.0,0,0.9791644510809526,1.0173629574325396,False,False,False,False,0.19020812362050937,0.14588713161010602,False,False,False,False,-39429723,-36281228.381178446,False,False,False,False,2168205.668110092,False,False,False,False
2023-08-11 00:00:00+00:00,2.98,3.5,2.67,3.44,2506380,,,4.069069833132759,,,3.6202680252458395,#000000,0.0,0.0,1.4447352716122646,3.2633743679049814,-0.19614276294974606,0.0,0.0,0.0,0.0,0.0,0.0,0.0,0.0,46.9389684436113,-5.805437474877664,True,False,False,False,True,0.0,0,0.9208911816567468,1.0316435273373012,False,False,False,False,-0.041547087063980574,0.05217002227306272,False,False,False,False,-41936103,-36700107.98257264,False,False,False,False,2193255.6186204557,False,False,False,False
2023-08-18 00:00:00+00:00,2.79,2.97,2.57,2.85,1578241,,,4.052403001824681,,,3.6068115335685467,"rgba(239, 83, 80, 0.5)",0.0,0.0,1.4560121086613573,3.148858123126917,-0.24646644144796795,0.0,0.0,0.0,0.0,0.0,0.0,0.0,0.0,45.13076909866542,-5.805437474877664,True,False,False,True,False,0.0,0,0.9110022436583901,1.0803475071270985,False,False,False,False,-0.18116150762353508,-0.06449574267523618,False,False,False,False,-43514344,-37204866.20608577,False,False,False,False,2147698.980204126,False,False,False,False
2023-08-25 00:00:00+00:00,2.9,2.96,2.75,2.77,1007444,,,4.0427489930686775,,,3.5993847824877863,"rgba(239, 83, 80, 0.5)",0.0,0.0,1.4515580233687975,3.139105319915684,-0.16472322571078823,0.0,0.0,0.0,0.0,0.0,0.0,0.0,0.0,44.35968522318947,-5.805437474877664,True,False,False,True,False,0.0,0,0.9268463415813383,1.075676198364133,False,False,False,False,-0.14302022889052476,-0.10375798578288048,False,False,False,False,-42506900,-37597609.45007942,False,False,False,False,2063235.6483371537,False,False,False,False
2023-09-01 00:00:00+00:00,3.84,4.1,2.63,2.8,6051992,,,4.0184639233847825,,,3.5950427216777605,#000000,0.0,0.0,1.434381164486399,3.312382268029252,0.36783648937531116,0.0,0.0,0.0,0.0,0.0,0.0,0.0,0.0,47.41537928713671,-5.805437474877664,True,False,False,False,True,0.0,0,0.9218898071941786,0.9811846329682448,False,False,False,False,0.08103783050901812,-0.011360077636931178,False,False,False,False,-36454908,-37512964.89822168,False,False,False,False,2358699.0817936608,False,False,False,False
2023-09-08 00:00:00+00:00,4.78,5.15,3.88,4.08,6228117,,,4.045313200684923,,,3.6509974721292053,#000000,0.0,0.0,1.4037344454285168,3.643438644930564,0.8096697767664164,0.0,0.0,0.0,0.0,0.0,0.0,0.0,0.0,52.04093091591427,-2.708239534014382,True,False,False,False,True,0.0,0,1.0099231135895268,0.9057304208994948,False,False,False,False,0.34282821897723265,0.16573407067015072,False,False,False,False,-30226791,-36973248.31316822,False,False,False,False,2645322.6312904265,False,False,False,False
2023-09-15 00:00:00+00:00,5.366,5.8,4.52,4.79,6309634,,,4.097902008414452,,,3.73497436247511,"rgba(38, 166, 154, 1.0)",0.0,0.0,1.3814132937283532,4.339693201918067,0.7429397145238057,0.0,0.0,0.0,0.0,0.0,0.0,0.0,0.0,56.517229752054625,1.4042508463906955,True,False,True,False,True,1.3640101204194615,0,1.0734432518018668,0.8548183814580429,False,False,False,False,0.34282822733467794,0.25428114900241433,False,False,False,False,-23917157,-36006130.438118726,False,True,False,False,2916753.103046691,False,True,False,False
2023-09-22 00:00:00+00:00,4.3,5.44,3.94,5.225,6220031,,,4.117296575938055,,,3.7761072206653794,"rgba(38, 166, 154, 1.0)",0.0,0.0,1.3603014203136876,4.321124480593482,-0.015529264527718042,0.0,0.0,0.0,0.0,0.0,0.0,0.0,0.0,56.22957205045217,1.4042508463906955,True,False,True,False,True,0.0,0,1.0632607140005041,0.8672151349692386,False,False,False,False,0.22006638436938225,0.2371737666858983,False,False,False,False,-30137188,-35571393.96122105,False,False,False,False,3161440.3546728618,False,False,False,False
2023-09-29 00:00:00+00:00,4.52,4.7,4.0,4.4,6317100,,,4.129126894752307,,,3.806496543230996,"rgba(38, 166, 154, 1.0)",0.0,0.0,1.3417711637346954,4.308646925484787,0.15751797342769755,0.0,0.0,0.0,0.0,0.0,0.0,0.0,0.0,56.51105557034989,1.4042508463906955,True,False,True,False,True,0.0,0,1.0754920759863258,0.8889463479670927,False,False,False,False,0.13535439160398102,0.18626407914493964,False,False,False,False,-23820088,-34700926.852982454,False,False,False,False,3395192.9209933905,False,False,False,False
2023-10-06 00:00:00+00:00,4.22,4.68,3.7848,4.56,4383094,,,4.131861570462892,,,3.820143908904972,"rgba(38, 166, 154, 1.0)",0.0,0.0,1.3328294250362642,4.287634556248653,-0.050745095342423954,0.0,0.0,0.0,0.0,0.0,0.0,0.0,0.0,55.84565780108918,1.4042508463906955,True,False,True,False,True,0.0,0,1.0793405721401534,0.8852807130427804,False,False,False,False,0.1065564790372524,0.14641027909109602,False,False,False,False,-28203182,-34219612.4194282,False,False,False,False,3468370.778697584,False,False,False,False
2023-10-13 00:00:00+00:00,4.0621,4.59,3.72,4.12,2923423,,,4.13172014902114,,,3.8265637815027134,"rgba(38, 166, 154, 1.0)",0.0,0.0,1.3228362187445,4.27033071716603,-0.15741231923908253,0.0,0.0,0.0,0.0,0.0,0.0,0.0,0.0,54.921081811782685,1.4042508463906955,True,False,True,False,True,0.0,0,1.0821981295553285,0.8892365630105503,False,False,False,False,0.08770129518809784,0.11705578713959694,False,False,False,False,-31126605,-33990500.758729815,False,False,False,False,3428004.276571837,False,False,False,False
2023-10-20 00:00:00+00:00,3.68,4.3,3.55,4.06,4282229,,,4.124285476128567,,,3.827067137276271,#000000,0.0,0.0,1.3151419649181268,4.223909591600739,-0.4135748125371389,0.0,0.0,0.0,0.0,0.0,0.0,0.0,0.0,53.208740466492344,1.4042508463906955,True,False,False,False,False,0.0,0,1.0688529860714961,0.8981431032496048,False,False,False,False,0.0269953900416056,0.07202558859060126,False,False,False,False,-35408834,-34095562.48030538,False,False,False,False,3491280.1820109603,False,False,False,False
2023-10-27 00:00:00+00:00,2.78,3.69,2.71,3.68,3043283,,,4.10513709002971,,,3.811046027242937,#000000,0.0,0.0,1.3116299228871824,4.147430819099622,-1.042543171087169,0.0,0.0,0.0,0.0,0.0,0.0,0.0,0.0,49.88731018667782,5.412892516287137,True,False,False,False,False,0.0,1,1.0244530369699352,0.9433134142969682,False,False,False,False,-0.17002062394895348,-0.04899751767917611,False,False,False,False,-38452117,-34418270.22250498,False,False,True,False,3458095.205565704,False,False,False,False
2023-11-03 00:00:00+00:00,3.08,3.18,2.51,2.71,2420278,,,4.088465684549932,,,3.796541619912226,#000000,0.0,0.0,1.3052149370435142,3.836151785856175,-0.5793312384004426,0.0,0.0,0.0,0.0,0.0,0.0,0.0,0.0,48.36406785273792,3.9590341069646158,True,False,False,False,False,0.0,1,1.007784603875463,0.9768118182433021,False,False,True,False,-0.29080553110865087,-0.16990152439391348,False,False,False,False,-36031839,-34537793.83565276,False,False,False,False,3381219.8570052814,False,False,False,False
2023-11-10 00:00:00+00:00,3.28,3.28,2.91,3.2,1531659,,,4.080220772529708,,,3.7899929678629127,#000000,0.0,0.0,1.2928414495617504,3.834918544219601,-0.42922397360303416,0.0,0.0,0.0,0.0,0.0,0.0,0.0,0.0,47.83156252236277,3.421350881407257,True,False,False,False,False,0.0,1,1.026311848589307,0.9787265905022623,False,False,False,False,-0.2201811774970408,-0.19504135094547714,False,False,False,False,-34500180,-34535007.625604406,False,False,False,False,3244215.349078964,False,False,False,False
2023-11-17 00:00:00+00:00,3.63,3.69,3.1201,3.3,1812726,,,4.074000685965156,,,3.786283570868585,#000000,0.0,0.0,1.2791955461487936,3.854115285682119,-0.1752001766710736,0.0,0.0,0.0,0.0,1.0,3.32,3.28,136.0,48.39427301795731,3.421350881407257,True,False,False,False,False,0.0,1,1.035762623560814,0.9532923710407112,False,False,False,False,-0.15588097676027782,-0.17546116385287747,False,False,False,False,-32687454,-34398151.80148556,False,False,False,False,3138179.1009990405,False,False,False,False
2023-11-24 00:00:00+00:00,3.52,3.68,3.32,3.53,922590,,,4.071023950510143,,,3.784590789004429,#000000,0.0,0.0,1.2776052804630587,3.858040214268682,-0.2645889301163201,0.0,0.0,0.0,0.0,0.0,0.0,0.0,0.0,48.50661518656634,3.421350881407257,True,False,False,False,False,0.0,1,1.0357970363969164,0.9563723618912581,False,False,False,False,-0.1291229067898242,-0.15229203532135083,False,False,False,False,-33610044,-34339773.44581997,False,False,False,False,2974061.3898139265,False,False,False,False
2023-12-01 00:00:00+00:00,3.59,3.8,3.39,3.5,1846610,,,4.066059428608537,,,3.7823010205792067,#000000,0.0,0.0,1.2754021782133724,3.8659793498052566,-0.21638613648273533,0.0,0.0,0.0,0.0,0.0,0.0,0.0,0.0,48.78712713110538,3.421350881407257,True,False,False,False,False,0.0,1,1.0349706634989537,0.9496797131295415,False,False,False,False,-0.10253355331411297,-0.1274127943177319,False,False,False,False,-31763434,-34148933.48687034,False,False,False,False,2890546.472049932,False,False,False,False
2023-12-08 00:00:00+00:00,4.17,4.73,3.4773,3.5,4050413,,,4.067390167627468,,,3.791089690424915,#000000,0.0,0.0,1.2723467455869997,3.970565995333272,0.1567450110266276,0.0,0.0,0.0,0.0,0.0,0.0,0.0,0.0,50.551062374534,3.421350881407257,True,False,False,False,False,0.0,1,1.0411028616119737,0.9175050086244764,False,False,False,False,0.03830699567684356,-0.044552899320444164,False,False,False,False,-27713021,-33672199.22858365,False,False,False,False,2976462.511157344,False,False,False,False
2023-12-15 00:00:00+00:00,3.89,4.24,3.49,4.11,2857591,,,4.064386029882147,,,3.7925480771844216,#000000,0.0,0.0,1.268864167559215,3.9530357120638175,-0.04967884953759299,0.0,0.0,0.0,0.0,0.0,0.0,0.0,0.0,50.97773135234756,3.421350881407257,True,False,False,False,False,0.0,1,1.0304657050709642,0.9437960268518423,False,False,False,False,-0.027622098309360174,-0.03608749881490217,False,False,False,False,-30570612,-33442452.02646634,False,False,False,False,2967657.214034578,False,False,False,False
2023-12-22 00:00:00+00:00,3.75,3.89,3.45,3.89,1979123,,,4.060485276211001,,,3.791384818493629,#000000,0.0,0.0,1.263704506569771,3.9304053998128206,-0.14275916472159872,0.0,0.0,0.0,0.0,0.0,0.0,0.0,0.0,50.87146528113275,3.421350881407257,True,False,False,False,False,0.0,1,1.0234524020471343,0.9624761567245853,False,False,False,False,-0.08164537827807071,-0.05886643854648644,False,False,False,False,-32549735,-33376324.839320686,False,False,False,False,2894432.457439424,False,False,False,False
2023-12-29 00:00:00+00:00,4.06,4.2,3.65,3.65,2895487,,,4.059102440898087,,,3.794499890688593,#000000,0.0,0.0,1.2429012273413163,3.9413668030370204,0.09544861196794127,0.0,0.0,0.0,0.0,1.0,3.9,3.89,115.0,51.66409393654414,3.421350881407257,True,False,False,False,True,0.0,1,1.0322451862543378,0.9436988811432198,False,False,False,False,-0.011046487743515949,-0.03495646314500119,False,False,False,False,-29654248,-33100615.44381545,False,False,False,False,2894510.5717031704,False,False,False,False
2024-01-05 00:00:00+00:00,4.66,4.835,3.9,4.12,2859932,,,4.06513826368337,,,3.805854318303601,#000000,0.0,0.0,1.2337422892884893,3.9995712045925886,0.5353053073898334,0.0,0.0,0.0,0.0,0.0,0.0,0.0,0.0,53.72921474882544,-0.8103185185503321,True,False,False,False,True,0.0,1,1.046011952767955,0.9578654589821537,False,False,False,False,0.11161176760617075,0.03832765223058478,False,False,False,False,-26794316,-32633482.151680976,False,False,False,False,2891949.196021454,False,False,False,False
2024-01-12 00:00:00+00:00,4.6,5.15,4.11,4.67,2571064,,,4.0724579870656346,,,3.818062863042075,"rgba(38, 166, 154, 1.0)",0.0,0.0,1.2236052800971011,4.052224503397522,0.4476733678028983,0.0,0.0,0.0,0.0,0.0,0.0,0.0,0.0,55.00270412762812,0.5333273243867467,True,False,True,False,True,0.0,1,1.0228278073130148,0.9523152469461466,False,False,False,False,0.18574729146941424,0.11203747184999951,False,False,False,False,-29365380,-32391400.510815717,False,False,False,False,2868179.922242087,False,False,False,False
2024-01-19 00:00:00+00:00,4.89,5.0,4.46,4.85,2954343,,,4.083072925822933,,,3.834413672163613,"rgba(38, 166, 154, 1.0)",0.0,0.0,1.2062982814609158,4.114123682253469,0.6431877833788235,0.0,0.0,0.0,0.0,0.0,0.0,0.0,0.0,56.61026938663612,2.176526413696287,True,False,True,False,True,0.672658247441472,1,1.0576841338271905,0.9337138462161231,False,False,False,False,0.2144848254070803,0.1632611486285399,False,False,False,False,-26411037,-31948410.621125665,False,False,False,False,2874562.3724463764,False,False,False,False
2024-01-26 00:00:00+00:00,5.11,5.16,4.67,4.88,3790490,,,4.099933561301055,,,3.8587813959470636,"rgba(38, 166, 154, 1.0)",0.0,0.0,1.1933870791116745,4.195578950066117,0.7662401126502512,0.0,0.0,0.0,0.0,0.0,0.0,0.0,0.0,58.26845889591546,3.840593069463722,True,False,True,False,True,1.7624113859711024,1,1.072134169555373,0.9123369467209009,False,False,False,False,0.2686230017645464,0.21594207519654315,False,False,False,False,-22620547,-31257457.76030154,False,False,False,False,2942408.8633762742,False,False,False,False
2024-02-02 00:00:00+00:00,5.5,5.79,4.98,5.09,9800305,,,4.161273183401076,,,3.9403401411088392,"rgba(38, 166, 154, 1.0)",0.0,0.0,1.1783151804056833,4.710108686657449,0.6703565620453081,0.0,0.0,0.0,0.0,1.0,5.25,5.16,111.0,60.304207693966376,5.838696948939486,True,False,True,False,True,3.6545869714496746,0,1.0740457416343023,0.8999646934212076,False,False,False,False,0.3428282260919684,0.2793851506442558,False,False,False,False,-12820242,-29891738.07435328,False,False,False,False,3450401.169792847,False,False,False,False
2024-02-09 00:00:00+00:00,5.39,5.78,5.25,5.36,4117380,,,4.186334820924569,,,3.9731945270937934,"rgba(38, 166, 154, 1.0)",0.0,0.0,1.1559717508252567,4.774196144969253,0.5327153147048095,0.0,0.0,0.0,0.0,0.0,0.0,0.0,0.0,61.32117990887421,6.841005210451485,True,False,True,False,True,3.0740417388747723,0,1.125915750915751,0.8840380633858895,False,False,False,False,0.34282822743333263,0.31110668903879424,False,False,False,False,-16937622,-28932173.920697484,False,False,False,False,3499807.0090674507,False,False,False,False
2024-02-16 00:00:00+00:00,5.1,5.4411,4.55,5.38,12705144,,,4.233313584826102,,,4.038770764347481,"rgba(38, 166, 154, 1.0)",0.0,0.0,1.1369165241900039,4.793305424883344,0.2697599767363399,0.0,0.0,0.0,0.0,0.0,0.0,0.0,0.0,60.91646807853667,6.841005210451485,True,False,True,False,True,1.553987577913869,0,1.0942942271518767,0.8779473021643928,False,False,False,False,0.20439624366765072,0.2577514663532225,False,False,False,False,-29642766,-28984810.37101619,False,False,False,False,4181683.8232106026,False,False,False,False
2024-02-23 00:00:00+00:00,5.38,5.63,4.8,5.0,1968743,,,4.24217840491196,,,4.050492574101818,"rgba(38, 166, 154, 1.0)",0.0,0.0,1.1260898465105338,4.807327921161388,0.5085491895812552,0.0,0.0,0.0,0.0,0.0,0.0,0.0,0.0,61.31775271990685,6.9497606810365795,True,False,True,False,True,2.9362897051591013,0,1.0948386092224651,0.8721330194065273,False,False,False,False,0.26165480447184836,0.2597031354125354,False,False,False,False,-27674023,-28887715.010200176,False,False,False,False,4017762.2807505582,False,False,False,False
2024-03-01 00:00:00+00:00,4.85,5.5,4.74,5.4,2644087,,,4.251123354841033,,,4.0628586642621185,"rgba(38, 166, 154, 1.0)",0.0,0.0,1.1220650616904395,4.812746032535305,0.03320125430923771,0.0,0.0,0.0,0.0,0.0,0.0,0.0,0.0,59.665182840657565,6.9497606810365795,True,False,True,False,True,0.20253831580734527,0,1.1010549748827128,0.9297008870381128,False,False,False,False,0.2366822206226509,0.24819267801759315,False,False,False,False,-30318110,-28993670.194629792,False,False,False,False,3916008.556250517,False,False,False,False
2024-03-08 00:00:00+00:00,4.24,4.9,4.0,4.77,3645239,,,4.253109582954464,,,4.068284091091223,"rgba(38, 166, 154, 0.75)",0.0,0.0,1.1176003849624299,4.778453598995313,-0.4817943929156875,0.0,0.0,0.0,0.0,0.0,0.0,0.0,0.0,56.606171169098936,11.010710461084095,True,False,True,False,False,0.0,0,1.005977911616577,1.0124539825345351,False,False,False,False,0.06684092253456217,0.15751680027607767,False,False,False,False,-33963349,-29361794.550583143,False,False,False,False,3895951.552083812,False,False,False,False
2024-03-15 00:00:00+00:00,4.96,5.3,3.79,4.215,3157660,,,4.258777571955294,,,4.077265442581705,"rgba(38, 166, 154, 0.75)",0.0,0.0,1.0992278278142091,4.805620658342753,0.14044344379838616,0.0,0.0,0.0,0.0,0.0,0.0,0.0,0.0,56.32036027252323,10.72703091242262,True,False,True,False,False,0.7646707008975149,0,0.9640463162249615,1.0246258108048205,False,False,False,False,0.09047073080166672,0.1239937655388722,False,False,False,False,-30805689,-29468749.69498439,False,False,False,False,3841263.2889664927,False,False,False,False
2024-03-22 00:00:00+00:00,5.315,5.49,4.75,4.85,3017075,,,4.270291881253681,,,4.09250844901132,"rgba(38, 166, 154, 0.75)",0.0,0.0,1.1010839408639708,4.878505983385454,0.39642210772055186,0.0,0.0,0.0,0.0,0.0,0.0,0.0,0.0,56.9326741301675,10.72703091242262,True,False,True,False,False,2.425510841281106,0,1.0414451568008436,0.9974416569876025,False,False,False,False,0.2366822206226509,0.18033799308076154,False,False,False,False,-27788614,-29344295.19905962,False,False,False,False,3780212.3045986043,False,False,False,False
2024-03-29 00:00:00+00:00,5.34,5.5,4.76,5.09,2383777,,,4.279334701363229,,,4.104419734886246,"rgba(38, 166, 154, 0.75)",0.0,0.0,1.0947389053315635,4.906291019995862,0.3961757254555416,0.0,0.0,0.0,0.0,0.0,0.0,0.0,0.0,57.42740160252185,10.72703091242262,True,False,True,False,False,2.5420009658837195,1,1.038807387701122,0.9591501182093454,False,False,False,False,0.23929680173763618,0.20981739740919886,False,False,False,False,-25404837,-29052483.480610758,False,False,False,False,3676772.652406115,False,False,False,False
2024-04-05 00:00:00+00:00,5.21,5.91,5.0,5.01,5241955,,,4.302243939674817,,,4.133737179251793,"rgba(38, 166, 154, 0.75)",0.0,0.0,1.0938994406977116,5.134467178699525,0.06904914518678086,0.0,0.0,0.0,0.0,0.0,0.0,0.0,0.0,57.34125535292645,10.72703091242262,True,False,True,False,False,1.8871594478388403,1,1.062004112517667,0.9372407353548959,False,False,False,False,0.32627364217629523,0.26804551979274704,False,False,False,False,-30646792,-29170580.407972924,False,False,False,False,3792712.0855612177,False,False,False,False
2024-04-12 00:00:00+00:00,4.83,5.74,4.69,5.41,3212514,,,4.3121832835397305,,,4.1470417335727365,"rgba(38, 166, 154, 0.75)",0.0,0.0,1.0837596996817431,5.10587239031962,-0.25455125375176113,0.0,0.0,0.0,0.0,0.0,0.0,0.0,0.0,56.04101986975518,10.151282527822552,True,False,True,False,False,0.0,1,1.0490426569997016,0.94185664376324,False,False,False,False,0.26165480447184836,0.26485016213229773,False,False,False,False,-33859306,-29517893.414789744,False,False,False,False,3749734.44959372,False,False,False,False
2024-04-19 00:00:00+00:00,4.94,5.41,4.73,5.02,2224137,,,4.318396592451225,,,4.155462968467134,"rgba(38, 166, 154, 0.75)",0.0,0.0,1.0556989668564754,5.090256486691543,-0.14232891326867284,0.0,0.0,0.0,0.0,0.0,0.0,0.0,0.0,55.42247344589733,9.439843252829789,True,False,True,False,False,0.5384350506816418,1,1.0598720362073601,0.9436796947540934,False,False,False,False,0.22365608737486936,0.24425312475358354,False,False,False,False,-31635169,-29674728.643323835,False,False,False,False,3636727.2311052964,False,False,False,False
2024-04-26 00:00:00+00:00,5.0,5.26,4.71,4.94,1952390,,,4.323484580170443,,,4.162417924132762,"rgba(38, 166, 154, 0.75)",0.0,0.0,1.0202292464703024,5.077900422651652,-0.07635580230733913,0.0,0.0,0.0,0.0,0.0,0.0,0.0,0.0,55.155418598687646,9.053500475193395,True,False,True,False,False,0.83586061158109,1,1.1037414348477854,0.9185629736444885,False,False,False,False,0.20167938412031267,0.22296625443694812,False,False,False,False,-29682779,-29675324.96604059,False,False,False,False,3511961.510282682,False,False,False,False
2024-05-03 00:00:00+00:00,5.65,6.4,4.77,4.895,8728297,,,4.365520357671983,,5.6066666666666665,4.214294007688891,"rgba(38, 166, 154, 0.75)",0.0,0.0,0.9900237578122257,5.351819785421366,0.30118490816579885,-1.0,6.4,4.77,0.0,0.0,0.0,0.0,0.0,56.69926964042337,9.053500475193395,True,False,True,False,False,3.9721133484178353,1,1.1116672513550772,0.8408988719631202,False,False,False,False,0.34282822467010965,0.28289723955352886,False,False,False,False,-20954482,-29029336.59818573,False,False,False,False,3898356.731743224,False,False,False,False
2024-05-10 00:00:00+00:00,5.5,5.86,5.16,5.84,2885511,,,4.377746438702631,,5.581821146575409,4.229460301867872,"rgba(38, 166, 154, 0.75)",0.0,0.0,0.9306835325659293,5.359043848728972,0.1514544378822374,0.0,0.0,0.0,0.0,0.0,0.0,0.0,0.0,57.24956317488561,9.053500475193395,True,False,True,False,False,3.1934685321310354,1,1.10938950930297,0.8745666959992611,False,False,False,False,0.3175534086818488,0.3002253241176888,False,False,False,False,-23839993,-28644940.776097897,False,False,False,False,3823331.1219844664,False,False,False,False
2024-05-17 00:00:00+00:00,5.59,6.013,5.22,5.65,5489096,,,4.402312675972606,,5.590116143784704,4.259555385129214,"rgba(38, 166, 154, 1.0)",0.0,0.0,0.9338561196823094,5.3913838798355025,0.2126838556586908,0.0,0.0,0.0,0.0,0.0,0.0,0.0,0.0,57.880393930788344,9.053500475193395,True,False,True,False,True,3.6243333060456493,1,1.100996546715532,0.8882732615742744,False,False,False,False,0.34282821942094227,0.32152677176931554,False,False,False,False,-18350897,-27882419.014905464,False,False,False,False,3946721.11294858,False,False,False,False
2024-05-24 00:00:00+00:00,4.68,5.68,4.65,5.55,7362851,,,4.417995120523394,,5.413526686287288,4.280721045632919,"rgba(38, 166, 154, 0.75)",0.0,0.0,0.9271097425160086,5.308530304599503,-0.677945960198612,0.0,0.0,0.0,0.0,-1.0,5.22,4.85,0.0,55.29170619397624,8.971755040542917,True,False,True,False,False,0.0,1,1.0619705709679526,0.9068111714767634,False,False,False,False,0.18466033444383625,0.2530935531065759,False,False,False,False,-25713748,-27721776.71750506,False,False,False,False,4199767.771248685,False,False,False,False
2024-05-31 00:00:00+00:00,4.64,4.85,4.475,4.67,8281886,,,4.424752866004541,,5.2216951114941885,4.2923297485564005,#000000,0.0,0.0,0.9297263813324743,5.192858109206109,-0.594646038131949,0.0,0.0,0.0,0.0,0.0,0.0,0.0,0.0,53.32609683354191,7.069955495477664,True,False,False,False,False,0.0,1,1.0506375193682678,0.9509959489984506,False,False,False,False,0.006527175327159757,0.1298103642168678,False,False,False,False,-33995634,-28186506.88657876,False,False,False,False,4502146.899304338,False,False,False,False
2024-06-07 00:00:00+00:00,4.49,4.73,4.29,4.48,1402691,,,4.425130524845384,,5.192189114276644,4.293432392856098,#000000,0.0,0.0,0.9309542133166915,5.173351102660828,-0.7340329877516387,0.0,0.0,0.0,0.0,0.0,0.0,0.0,0.0,51.47281734176804,5.308383824209379,False,False,False,False,False,0.0,1,1.039424471599536,0.9999999999999998,False,False,False,False,-0.045211889836938246,0.04229923718996478,False,False,False,False,-35398325,-28720715.635721076,False,False,False,False,4272557.573429942,False,False,False,False
2024-06-14 00:00:00+00:00,4.01,4.51,4.0,4.4,1624063,,,4.423737153546521,,5.14593575412433,4.292710111642825,#000000,0.0,0.0,0.930465965036927,5.141907984751267,-1.2164958496964966,0.0,0.0,0.0,0.0,-1.0,4.29,4.06,130.0,48.808050562355064,2.799629551831991,False,False,False,False,False,0.0,1,1.0250317805449076,0.9867478808879904,False,False,False,False,-0.1324124627429362,-0.045056612776485705,False,False,False,False,-37022388,-29335654.329371367,False,False,False,False,4076372.7902129097,False,False,False,False
2024-06-21 00:00:00+00:00,4.0,4.06,3.8375,3.95,1250406,,,4.421794514892642,,5.106081194269394,4.291203530043062,#000000,0.0,0.0,0.930465965036927,5.114271090383952,-1.1975409442727234,0.0,0.0,0.0,0.0,0.0,0.0,0.0,0.0,46.877772267001845,1.0319920047444526,False,True,False,False,False,0.0,1,1.0192244723812547,0.9915660379230625,False,False,False,False,-0.3324640310525073,-0.18876032191449651,False,False,False,False,-38272794,-29997664.675343856,False,False,False,False,3867041.916863805,False,False,False,False
2024-06-28 00:00:00+00:00,3.85,4.27,3.8,4.05,2448710,,,4.4180993344860235,,5.035812020226255,4.28836010127229,"rgba(239, 83, 80, 1.0)",0.0,0.0,0.9304570345310503,5.064391738874808,-1.3051561692871294,0.0,0.0,0.0,0.0,0.0,0.0,0.0,0.0,45.08299193373231,-0.6050241395607259,False,True,False,True,False,0.0,1,1.0074713845969934,0.9965133538547364,False,False,False,False,-0.30498420115733643,-0.24687226153591646,False,False,False,False,-40721504,-30792023.1438369,False,False,False,False,3761980.293392412,False,False,False,False
2024-07-05 00:00:00+00:00,3.83,4.05,3.57,3.84,1332804,,,4.4154140927928065,,4.9959926490381035,4.286074650101066,"rgba(239, 83, 80, 1.0)",0.0,0.0,0.930298283257924,4.721700535289566,-0.9585103523644178,0.0,0.0,0.0,0.0,0.0,0.0,0.0,0.0,43.743916090863486,-1.817455813951625,False,True,False,True,False,0.0,1,0.9831817996493659,1.0400069311371143,False,False,False,False,-0.34282825441539394,-0.29485025797565523,False,False,False,False,-42054308,-31626266.46651565,False,False,False,False,3582041.3086966774,False,False,False,False
2024-07-12 00:00:00+00:00,4.213,4.3,3.67,3.75,1466762,,,4.413681198630923,,4.96355092051457,4.2848808751168805,"rgba(239, 83, 80, 1.0)",0.0,0.0,0.9307142570758072,4.7334322396663016,-0.5591751020355455,0.0,0.0,0.0,0.0,0.0,0.0,0.0,0.0,44.3494949829842,-1.817455813951625,False,True,False,True,False,0.0,1,0.9770971704595142,1.0442441025213935,False,False,False,False,-0.2726233940667424,-0.2837368260211988,False,False,False,False,-40587546,-32290064.95047745,False,False,False,False,3425353.9524969235,False,False,False,False
2024-07-19 00:00:00+00:00,4.15,4.45,4.04,4.2,1633718,,,4.4125960119270085,,4.935636244071104,4.284460681018348,"rgba(239, 83, 80, 1.0)",0.0,0.0,0.9307970267511906,4.545727155255632,-0.4251487100650273,0.0,0.0,0.0,0.0,0.0,0.0,0.0,0.0,44.57358713691828,-1.817455813951625,False,True,False,True,False,0.0,1,0.9779892671474091,1.0288235787355358,False,False,False,False,-0.17277274008582574,-0.22825478305351227,False,False,False,False,-42221264,-33025709.32451616,False,False,False,False,3292640.178237892,False,False,False,False
2024-07-26 00:00:00+00:00,4.03,4.43,3.88,3.88,1174627,,,4.411435078946604,,4.914210584491618,4.2837411201239695,"rgba(239, 83, 80, 1.0)",0.0,0.0,0.9308028551274222,4.52909943979266,-0.5362031680965731,0.0,0.0,0.0,0.0,0.0,0.0,0.0,0.0,44.32814927234485,-1.817455813951625,False,True,False,True,False,0.0,0,0.9587286329251473,1.0381368328666358,False,False,False,False,-0.2068559426456796,-0.21755536284959592,False,False,False,False,-43395891,-33793870.93010756,False,False,False,False,3135750.313183233,False,False,False,False
2024-08-02 00:00:00+00:00,3.6,4.08,3.5,3.97,1597507,,,4.407841263062946,,4.873568912495828,4.280573539497521,"rgba(239, 83, 80, 1.0)",0.0,0.0,0.9311354325931744,4.451847237014077,-0.9148478375929875,0.0,0.0,0.0,0.0,-1.0,3.88,3.55,147.0,42.80738310405809,-2.8064765730863854,False,True,False,True,False,0.0,0,0.9217411535776984,1.0904206941771186,False,False,False,False,-0.34282825441539394,-0.28019180863249493,False,False,False,False,-44993398,-34623465.52787737,False,False,False,False,3021806.364058549,False,False,False,False
2024-08-09 00:00:00+00:00,3.26,3.55,3.0,3.4,2626303,,,4.398107858170246,,4.788152868908516,4.271214236412077,"rgba(239, 83, 80, 1.0)",0.0,0.0,0.9346359090233392,4.295957932297224,-1.1084080146029942,0.0,0.0,0.0,0.0,-1.0,3.5,3.48,147.0,40.7891273343544,-4.810542314137734,False,True,False,True,False,0.0,0,0.8788300248661861,1.1148480633877018,False,False,False,False,-0.34282825441539394,-0.3115100315239444,False,False,False,False,-47619701,-35586149.63692349,False,False,False,False,2992509.8185727308,False,False,False,False
2024-08-16 00:00:00+00:00,3.2,3.48,3.1,3.48,2832604,,,4.387703410298499,,4.705129631636418,4.26121324146617,"rgba(239, 83, 80, 1.0)",0.0,0.0,0.9382782321708274,4.193760573135393,-1.0591320773116515,0.0,0.0,0.0,0.0,0.0,0.0,0.0,0.0,39.188549133143724,-6.381479816025056,False,True,False,True,False,0.0,0,0.9187894209685715,1.1034676917246418,False,False,False,False,-0.33809087307775665,-0.32480045230085053,False,False,False,False,-50452305,-36687346.33048472,False,False,False,False,2980664.943122899,False,False,False,False
2024-08-23 00:00:00+00:00,3.213804,3.38,3.07,3.29,1735109,,,4.381207918932457,,4.65733826489738,4.254951021566303,"rgba(239, 83, 80, 1.0)",0.0,0.0,0.9399649816459381,4.14380110691802,-0.9893954828929225,0.0,0.0,0.0,0.0,0.0,0.0,0.0,0.0,38.1160613463478,-7.441840564230375,False,True,False,True,False,0.0,0,0.9008384167571933,1.1225592601877386,False,False,False,False,-0.34282825441539394,-0.33381435335812226,False,False,False,False,-48717196,-37578446.30600437,False,False,False,False,2888401.5399286104,False,False,False,False
2024-08-30 00:00:00+00:00,2.88,3.24,2.7,3.15,3742362,,,4.364103360854208,,4.5457897581143145,4.238091617496613,"rgba(239, 83, 80, 1.0)",0.0,0.0,0.9408561990802184,3.5900220905330347,-0.7546552716846132,0.0,0.0,0.0,0.0,0.0,0.0,0.0,0.0,36.43770839932029,-9.088531603193594,False,True,False,True,False,0.0,0,0.8821240235751953,1.124643975071205,False,False,False,False,-0.34282825441539394,-0.3383213038867581,False,False,False,False,-52459558,-38680750.875929974,False,False,False,False,2951657.870304269,False,False,False,False
2024-09-06 00:00:00+00:00,2.84,3.15,2.81,2.89,1664128,,,4.356592148611067,,4.500523910265766,4.2306949749850045,"rgba(239, 83, 80, 1.0)",0.0,0.0,0.9403741384562877,3.5554314733384316,-0.7607945009130935,0.0,0.0,0.0,0.0,0.0,0.0,0.0,0.0,35.13352911314938,-10.367049936251043,False,True,False,True,False,0.0,0,0.9277831163914854,1.0990070178503828,False,False,False,False,-0.3400321988219558,-0.33917675135435693,False,False,False,False,-54123686,-39824671.99623146,False,False,False,False,2856285.2873187675,False,False,False,False
2024-09-13 00:00:00+00:00,2.92,3.21,2.8,2.9,2700195,,,4.344936928250653,,4.434135780651567,4.219265040319061,"rgba(239, 83, 80, 1.0)",0.0,0.0,0.9315068373985712,3.5155769797032006,-0.6393694128606449,0.0,0.0,0.0,0.0,0.0,0.0,0.0,0.0,34.667596556722415,-10.858158591124024,False,True,False,True,False,0.0,0,0.9352851498086556,1.1269406676830218,False,False,False,False,-0.3330642972642443,-0.3361205243093006,False,False,False,False,-51423491,-40683843.774288386,False,False,False,False,2844723.043813674,False,False,False,False
2024-09-20 00:00:00+00:00,2.9,3.1,2.86,2.91,1463575,,,4.338595069768279,,4.399975062544185,4.2130416611504184,"rgba(239, 83, 80, 1.0)",0.0,0.0,0.9213121789817542,3.49467121780898,-0.6454611491907317,0.0,0.0,0.0,0.0,0.0,0.0,0.0,0.0,34.273844184379655,-11.319563156791922,False,True,False,True,False,0.0,0,0.8754054140843262,1.1502841912591117,False,False,False,False,-0.3400321988219558,-0.3380763615656282,False,False,False,False,-52887066,-41587786.16137813,False,False,False,False,2742415.7813089574,False,False,False,False
2024-09-27 00:00:00+00:00,3.03,3.18,2.86,2.9,1513621,,,4.332425238262023,,4.367896619690314,4.2070236051499235,"rgba(239, 83, 80, 1.0)",0.0,0.0,0.9078111739751621,3.480028242134673,-0.49572890820903925,0.0,0.0,0.0,0.0,0.0,0.0,0.0,0.0,34.80182880974269,-11.319563156791922,False,True,False,True,False,0.0,0,0.871291376522227,1.149830038612587,False,False,False,False,-0.3288985202982458,-0.333487440931937,False,False,False,False,-51373445,-42312649.77905383,False,False,False,False,2651393.945656442,False,False,False,False
2024-10-04 00:00:00+00:00,2.995,3.12,2.91,3.04,1345184,,,4.326928095536762,,4.340312798629764,4.201658981662092,"rgba(239, 83, 80, 1.0)",0.0,0.0,0.9000591172443633,3.466845555023804,-0.5242384038821967,0.0,0.0,0.0,0.0,0.0,0.0,0.0,0.0,35.05409257747508,-11.319563156791922,False,True,False,True,False,0.0,0,0.8519082384692572,1.1896128161655306,False,False,False,False,-0.3302858820528618,-0.3318866614923994,False,False,False,False,-52718629,-43083463.05467947,False,False,False,False,2554637.6533855945,False,False,False,False
2024-10-11 00:00:00+00:00,2.97,3.0,2.9,3.0,1094105,,,4.322316665745237,,4.317850759813261,4.197143560595383,"rgba(239, 83, 80, 1.0)",0.0,0.0,0.8972763162053208,3.454380654753274,-0.5398344367337947,0.0,0.0,0.0,0.0,0.0,0.0,0.0,0.0,35.14074099605022,-11.319563156791922,False,True,False,True,False,0.0,0,0.8637087515277211,1.1992518795600162,False,False,False,False,-0.34282825441539394,-0.3373574579538967,False,False,False,False,-53812734,-43878223.865443945,False,False,False,False,2446450.049431106,False,False,False,False
2024-10-18 00:00:00+00:00,3.12,3.15,2.93,2.98,1485531,,,4.3166052528290395,,4.290867189225007,4.191603907174703,"rgba(239, 83, 80, 1.0)",0.0,0.0,0.8854936185431538,3.4448582301235975,-0.36686682243748514,0.0,0.0,0.0,0.0,1.0,3.09,3.0,148.0,36.23126662518943,-11.319563156791922,False,True,False,True,False,0.0,0,0.8581342739925616,1.1694720294467233,False,False,False,False,-0.3180289578898627,-0.3276932079218797,False,False,False,False,-52327203,-44504074.171707354,False,False,False,False,2375270.8605843578,False,False,False,False
2024-10-25 00:00:00+00:00,3.41,3.58,3.09,3.09,2724806,,,4.308690210429529,,4.255445346198859,4.184195835287193,"rgba(239, 83, 80, 0.75)",1.0,3.435,0.877734722764815,3.231578141642843,0.20327537891532677,0.0,0.0,0.0,0.0,0.0,0.0,0.0,0.0,38.8141691724957,-15.084913347355226,False,True,False,True,True,0.0,0,0.8713454797580987,1.1255729748468857,False,False,False,False,-0.2391646248245027,-0.28342891637319123,False,False,False,False,-49602397,-44881727.71454384,False,False,False,False,2401162.3523929236,False,False,False,False
2024-11-01 00:00:00+00:00,2.96,3.4699,2.85,3.39,2538803,,,4.299392106942159,,4.215652400697953,4.175215851211294,"rgba(239, 83, 80, 0.75)",0.0,0.0,0.8726630450353964,3.1947120364266635,-0.26896066902562976,0.0,0.0,0.0,0.0,0.0,0.0,0.0,0.0,38.76116421846018,-15.069399651285295,False,True,False,True,True,0.0,0,0.8354273875559715,1.2406018178172826,False,False,False,False,-0.2855502360367771,-0.28448957620498416,False,False,False,False,-52141200,-45419466.40235541,False,False,False,False,2411357.9559193733,False,False,False,False
2024-11-08 00:00:00+00:00,2.13,3.14,2.07,3.04,8345779,,,4.253941394555987,,4.036680659473594,4.129673439624231,"rgba(239, 83, 80, 1.0)",0.0,0.0,0.888971150444041,2.95019365888885,-0.9226324819193106,0.0,0.0,0.0,0.0,-1.0,2.85,2.36,189.0,36.242366418248594,-15.069399651285295,False,True,False,True,False,0.0,0,0.745551197692133,1.2163625166121033,False,False,False,False,-0.34282825441539394,-0.3136589153101891,False,False,False,False,-60486979,-46535578.44662538,False,False,False,False,2850944.6999253454,False,False,False,False
2024-11-15 00:00:00+00:00,2.22,2.36,1.636,2.12,8693907,,,4.19957108336989,,3.8493607933768215,4.0747067288684,"rgba(239, 83, 80, 1.0)",0.0,0.0,0.9044789738048835,2.749665859748468,-0.5856032866306617,0.0,0.0,0.0,0.0,0.0,0.0,0.0,0.0,34.952643194869836,-15.069399651285295,False,True,False,True,False,0.0,0,0.7038642697654709,1.2936095311048454,False,False,False,False,-0.34282825441539394,-0.3282435848627915,False,False,False,False,-51793072,-46925022.41354202,False,False,False,False,3283756.7221530974,False,False,False,False
2024-11-22 00:00:00+00:00,1.95,2.35,1.87,2.15,3635277,,,4.177473621428449,,3.780631361359859,4.052414602066387,"rgba(239, 83, 80, 1.0)",0.0,0.0,0.9284293056852176,2.69181784889916,-0.7990030520974015,0.0,0.0,0.0,0.0,0.0,0.0,0.0,0.0,33.345893289980346,-12.718417600081011,False,True,False,True,False,0.0,0,0.7585612640128313,1.2798300544303582,False,False,False,False,-0.31200218240197186,-0.32012288363238167,False,False,False,False,-55428349,-47554898.45698335,False,False,False,False,3309795.261252868,False,False,False,False
2024-11-29 00:00:00+00:00,1.927,2.06,1.82,1.82,5665407,,,4.142016170536374,,3.676611747648269,4.016590808314845,"rgba(239, 83, 80, 1.0)",0.0,0.0,0.9528097279166564,2.6050628735438632,-0.7116456241756322,0.0,0.0,0.0,0.0,0.0,0.0,0.0,0.0,32.14077538525568,-13.880893889132132,False,True,False,True,False,0.0,0,0.7665366291514191,1.2364841538355313,False,False,False,False,-0.34282825441539394,-0.3314755690238878,False,False,False,False,-61093756,-48557776.793503106,False,False,False,False,3484285.0196785815,False,False,False,False
2024-12-06 00:00:00+00:00,1.71,1.99,0.875704,1.92,3736711,,,4.114999734184492,,3.5994778556996962,3.9890880853869195,"rgba(239, 83, 80, 1.0)",0.0,0.0,0.9824343072191043,2.228346949285782,-0.5276148699988136,0.0,0.0,0.0,0.0,0.0,0.0,0.0,0.0,30.740687282784542,-15.233928604087012,False,True,False,True,False,0.0,0,0.7174470356332137,1.219400268956999,True,False,False,False,-0.34282825441539394,-0.3371519117196409,False,False,False,False,-64830467,-49763161.25324362,False,False,False,False,3502983.240443131,False,False,False,False
2024-12-13 00:00:00+00:00,1.586,1.87,1.5,1.72,3673830,,,4.09025012183405,1.6520000000000001,3.5331668565618286,3.96399487135411,"rgba(239, 83, 80, 1.0)",0.0,0.0,1.0188684572300681,2.201840445044321,-0.6044356763370285,-1.0,1.87,1.5,188.0,0.0,0.0,0.0,0.0,29.443625856529707,-16.486928360544027,False,True,False,True,False,0.0,0,0.7896160418510619,1.2136840986689212,False,False,False,False,-0.27775052521459737,-0.3074512184671191,False,False,False,False,-68504297,-51151393.53078113,False,False,False,False,3515638.555965862,False,False,False,False
2024-12-20 00:00:00+00:00,1.49,1.67,1.43,1.51,3463567,,,4.06622331462988,1.5927970196977974,3.4708633431376246,3.939603771687685,"rgba(239, 83, 80, 1.0)",0.0,0.0,1.0558957113700815,2.156806636679142,-0.6315080452537537,0.0,0.0,0.0,0.0,0.0,0.0,0.0,0.0,28.28746659635622,-17.60971053559605,False,True,False,True,False,0.0,0,0.7975399309749159,1.1927798826118807,False,False,False,False,-0.31227554638218974,-0.3098633824246544,False,False,False,False,-71967864,-52693354.306278825,False,False,False,False,3511781.4036720945,False,False,False,False
2024-12-27 00:00:00+00:00,1.52,1.6,1.43,1.43,2121009,,,4.051655025384638,1.5753563107947524,3.434338478517291,3.9248257664457746,"rgba(239, 83, 80, 1.0)",0.0,0.0,1.089229685351943,2.1319791312785097,-0.561845806727873,0.0,0.0,0.0,0.0,0.0,0.0,0.0,0.0,27.678383519027513,-18.224036658650466,False,True,False,True,False,0.0,0,0.7955769612194289,1.221317504795494,False,False,False,False,-0.3213423652229058,-0.3156028738237801,False,False,False,False,-69846855,-53963983.98729521,False,False,False,False,3408761.22562231,False,False,False,False
2025-01-03 00:00:00+00:00,1.61,1.66,1.43,1.43,4298893,,,4.023205071156387,1.5726009057310506,3.366169467140562,3.8960302362925203,"rgba(239, 83, 80, 1.0)",0.0,0.0,1.1184780925221078,2.0938786052807963,-0.4326223361153869,0.0,0.0,0.0,0.0,0.0,0.0,0.0,0.0,27.911094240290865,-18.224036658650466,False,True,False,True,False,0.0,0,0.8110145876027641,1.2019296187258137,False,False,False,False,-0.31356773367141283,-0.31458530374759647,False,False,False,False,-65547962,-54822056.43268075,False,False,False,False,3474696.91261325,False,False,False,False
2025-01-10 00:00:00+00:00,1.45,1.68,1.42,1.65,3118884,,,4.002556892603486,1.562139734654307,3.3184568504760583,3.8751360813243676,"rgba(239, 83, 80, 1.0)",0.0,0.0,1.150768970591107,2.065609033513711,-0.5349544949908546,0.0,0.0,0.0,0.0,0.0,0.0,0.0,0.0,27.614441330795138,-18.432577242685838,False,True,False,True,False,0.0,0,0.7949759480044742,1.229092092881957,False,False,False,False,-0.31227554638218974,-0.3134304250648931,False,False,False,False,-68666846,-55847596.400630325,False,False,False,False,3448340.400567824,False,False,False,False
2025-01-17 00:00:00+00:00,1.51,1.52,1.33,1.45,2309822,,,3.9870988996567256,1.5489024359433874,3.2834908465704165,3.859487794504168,"rgba(239, 83, 80, 1.0)",0.0,0.0,1.176921685543411,2.0433102501189744,-0.45313996391589395,0.0,0.0,0.0,0.0,0.0,0.0,0.0,0.0,27.869196060516515,-18.432577242685838,False,True,False,True,False,0.0,0,0.7490497532504422,1.261861127043017,False,False,False,False,-0.34282825441539394,-0.3281293397401435,False,False,False,False,-66357024,-56626072.519102156,False,False,False,False,3364005.7042294666,False,False,False,False
2025-01-24 00:00:00+00:00,1.31,1.56,1.27,1.56,3492948,,,3.9634096088826483,1.5226571110021598,3.231014706840327,3.8354950078388317,"rgba(239, 83, 80, 1.0)",0.0,0.0,1.2055901194169092,2.007720176804831,-0.5787374710256316,0.0,0.0,0.0,0.0,0.0,0.0,0.0,0.0,27.44948920994976,-18.83967960931577,False,True,False,True,False,0.0,0,0.7522861381930448,1.2626139437201553,False,False,False,False,-0.34282825441539394,-0.33547879707776873,False,False,False,False,-69849972,-57605620.62879829,False,False,False,False,3373556.9853976546,False,False,False,False
2025-01-31 00:00:00+00:00,1.32,1.43,1.25,1.34,3081570,,,3.94249377160439,1.4998322856435031,3.185956075560229,3.814315189873556,"rgba(239, 83, 80, 1.0)",0.0,0.0,1.2340713838653405,1.9770780015372649,-0.5324473204128392,0.0,0.0,0.0,0.0,0.0,0.0,0.0,0.0,27.232591717093577,-19.199133326802972,False,True,False,True,False,0.0,0,0.7775240477158682,1.2514945547559746,False,False,False,False,-0.34282825441539394,-0.3391535257465813,False,False,False,False,-66768402,-58284345.174813226,False,False,False,False,3351928.3198126433,False,False,False,False
2025-02-07 00:00:00+00:00,1.6,1.74,1.21,1.28,7593733,,,3.8958684886969133,1.5036880740137857,3.0936831643872282,3.767368168637948,"rgba(239, 83, 80, 0.75)",1.0,1.43,1.258161579703133,1.607236026872727,-0.0057512699397753945,0.0,0.0,0.0,0.0,0.0,0.0,0.0,0.0,29.29270852560729,-19.199133326802972,False,True,False,True,True,0.0,0,0.8256753182350628,1.1762724435723664,False,False,False,False,-0.29348402601253926,-0.31631877587956025,False,False,False,False,-59174669,-58350295.08779002,False,False,False,False,3666136.073900596,False,False,False,False
2025-02-14 00:00:00+00:00,1.48,1.67,1.4,1.67,2165137,,,3.882901191009262,1.504483683133135,3.069214091277025,3.754332009853953,"rgba(239, 83, 80, 0.75)",0.0,0.0,1.2773246800914844,1.604527760513351,-0.09749107838770649,0.0,0.0,0.0,0.0,0.0,0.0,0.0,0.0,30.308482374729923,-19.199133326802972,False,True,False,True,True,0.0,0,0.8326474503937511,1.1781812439925357,False,False,False,False,-0.2720041622154641,-0.29416146904751217,False,False,False,False,-61339806,-58571740.34054632,False,False,False,False,3554950.9573153667,False,False,False,False
2025-02-21 00:00:00+00:00,1.41,1.49,1.3,1.47,2561798,,,3.866992096715973,1.4974177466243517,3.039122021003461,3.7383072028093443,"rgba(239, 83, 80, 0.75)",0.0,0.0,1.2872636372495214,1.5865766418784253,-0.13717208873833667,0.0,0.0,0.0,0.0,0.0,0.0,0.0,0.0,30.770031179675946,-19.199133326802972,False,True,False,True,True,0.0,0,0.8236734967119591,1.1882808424940097,False,False,False,False,-0.3225430108578367,-0.30835223995267447,False,False,False,False,-63901604,-58966545.05606141,False,False,False,False,3481384.0715883025,False,False,False,False
2025-02-28 00:00:00+00:00,1.31,1.4435,1.25,1.34,1237285,,,3.859179110262296,1.4922647932185977,3.0244081148393374,3.7304308665374144,"rgba(239, 83, 80, 0.75)",0.0,0.0,1.3113670306469316,1.5759878243447325,-0.20283247796272086,0.0,0.0,0.0,0.0,0.0,0.0,0.0,0.0,30.723199313097965,-19.199133326802972,False,True,False,True,True,0.0,0,0.8503873831783416,1.1853648731862823,False,False,False,False,-0.3403243355727503,-0.3243382877627124,False,False,False,False,-65138889,-59423755.71857538,False,False,False,False,3315154.51072991,False,False,False,False
2025-03-07 00:00:00+00:00,1.01,1.35,1.0,1.29,5394739,,,3.8228221857875013,1.4471484968939377,2.955333944878181,3.693662285822252,"rgba(239, 83, 80, 0.75)",0.0,0.0,1.3389907676114992,1.5021743878073817,-0.3675711586012842,0.0,0.0,0.0,0.0,-1.0,1.25,1.21,184.0,29.66540655624602,-19.199133326802972,False,True,False,True,True,0.0,0,0.8134346819360243,1.1855345704503624,False,False,False,False,-0.34282825441539394,-0.33358327108905317,False,False,False,False,-70533628,-60246709.22090313,False,False,False,False,3469197.806231398,False,False,False,False
2025-03-14 00:00:00+00:00,0.93695,1.21,0.92,1.01,3273451,,,3.800447609232325,1.418046944182784,2.9137072171243945,3.67102449040605,"rgba(239, 83, 80, 1.0)",0.0,0.0,1.3689073970645032,1.4615897413010466,-0.3832543694526661,0.0,0.0,0.0,0.0,0.0,0.0,0.0,0.0,28.680898454521405,-19.199133326802972,False,True,False,True,False,0.0,0,0.8037925644896269,1.2087313143727374,False,False,False,False,-0.34282825441539394,-0.3382057627522236,False,False,False,False,-73807079,-61251181.05639178,False,False,False,False,3454698.04280685,False,False,False,False
2025-03-21 00:00:00+00:00,0.9,1.04,0.9,0.931,2240988,,,3.78492360377871,1.396931471821232,2.885129489053947,3.655310386493137,"rgba(239, 83, 80, 1.0)",0.0,0.0,1.398780961025824,1.4338967506795128,-0.3816871730138284,0.0,0.0,0.0,0.0,0.0,0.0,0.0,0.0,27.859187542960232,-19.199133326802972,False,True,False,True,False,0.0,0,0.7932859269059038,1.2172607094764478,False,False,False,False,-0.34282825441539394,-0.34051700858380873,False,False,False,False,-76048067,-62347246.68184424,False,False,False,False,3364793.5951915276,False,False,False,False
2025-03-28 00:00:00+00:00,1.0,1.01,0.84,0.95,3883557,,,3.758448373221923,1.3647362416693507,2.837605191928544,3.6285363915855857,"rgba(239, 83, 80, 1.0)",0.0,0.0,1.4262043232939599,1.3942593225212971,-0.2764395788751476,0.0,0.0,0.0,0.0,0.0,0.0,0.0,0.0,28.201874130715243,-19.199133326802972,False,True,False,True,False,0.0,0,0.7835334541545287,1.2325407942993427,False,False,False,False,-0.34282825441539394,-0.34167263149960136,False,False,False,False,-72164510,-63074451.372078,False,False,False,False,3403220.5140662296,False,False,False,False
2025-04-04 00:00:00+00:00,0.7713,1.0,0.7,0.94,2990061,,,3.7374976888852087,1.3363092492393378,2.800233262951612,3.6073260854197313,"rgba(239, 83, 80, 1.0)",0.0,0.0,1.4563877475954932,1.3602361336496007,-0.40438141190211097,0.0,0.0,0.0,0.0,-1.0,0.84,0.826,172.0,27.641069144540747,-19.326092925558825,False,True,False,True,False,0.0,0,0.7654350129743094,1.2250125667395764,False,False,False,False,-0.34282825441539394,-0.3422504429574976,False,False,False,False,-75154571,-63969275.04822037,False,False,False,False,3372616.105616879,True,False,False,False
2025-04-11 00:00:00+00:00,0.8,0.826,0.675,0.675,3144475,,0.767,3.7153623506184164,1.3064956689119607,2.761312426671324,3.5849158794160227,"rgba(239, 83, 80, 1.0)",0.0,0.0,1.4859117492383767,1.1031747108702694,-0.2040327839292377,1.0,0.826,0.675,0.0,0.0,0.0,0.0,0.0,27.511894832674802,-19.54624115278878,False,True,False,True,False,0.0,0,0.7651143877096869,1.2295017173569172,True,False,False,False,-0.34282825441539394,-0.34253934868644575,False,False,False,False,-72010096,-64564891.415018864,False,False,False,False,3355716.7644600733,False,False,False,False
2025-04-18 00:00:00+00:00,0.98,0.99,0.76,0.76,1800804,,0.8190728905285222,3.7034412928270224,1.294950789286267,2.7412373187843215,3.5728835939003876,"rgba(239, 83, 80, 1.0)",0.0,0.0,1.5105811321696676,1.10710042883979,-0.08414008763450798,0.0,0.0,0.0,0.0,0.0,0.0,0.0,0.0,29.076505954618106,-19.54624115278878,False,True,False,True,False,0.0,0,0.7711621252015252,1.2277833223800492,False,False,False,False,-0.30755001623088424,-0.325044682458665,False,False,False,False,-70209292,-64982995.16205451,False,False,False,False,3240538.041166735,False,False,False,False
2025-04-25 00:00:00+00:00,0.954,1.12,0.81,0.958,3490568,,0.8779371337183649,3.6810397714123413,1.2771276217849463,2.7045960362637587,3.5503102532752573,"rgba(239, 83, 80, 0.75)",0.0,0.0,1.5341922263259213,1.026826188454387,-0.04746875078932642,0.0,0.0,0.0,0.0,0.0,0.0,0.0,0.0,30.079324549475935,-19.54624115278878,False,True,False,True,True,0.0,0,0.754909759493377,1.2644394700203039,False,False,False,False,-0.2782059715767323,-0.3016253270176987,False,False,False,False,-73699860,-65628688.85375418,False,False,False,False,3259058.778858088,False,False,False,False
2025-05-02 00:00:00+00:00,0.96,1.12,0.87,0.96,5777965,,0.9207810627437594,3.645045543189424,1.2532573959426576,2.647874569429483,3.514100263579102,"rgba(239, 83, 80, 0.75)",0.0,0.0,1.5568245132522263,0.9985168568945161,-0.02474065417562954,0.0,0.0,0.0,0.0,0.0,0.0,0.0,0.0,30.85343586385505,-22.031297061028734,False,True,False,True,True,0.0,0,0.7783448765649637,1.2630643305858547,False,False,False,False,-0.2479435916501332,-0.27478445933391593,False,False,False,False,-67921895,-65798555.97569831,False,False,False,False,3445644.4248686,False,False,False,False
2025-05-09 00:00:00+00:00,0.84,1.02,0.81,0.93,2918464,,0.9155375432312671,3.626602637198945,1.2389374874493837,2.6190940684312918,3.4955357783082612,"rgba(239, 83, 80, 0.75)",0.0,0.0,1.5805310735421816,0.9808985046711614,-0.08914630470085538,0.0,0.0,0.0,0.0,0.0,0.0,0.0,0.0,30.84023910175612,-21.989873118346193,False,True,False,True,True,0.0,0,0.8439202477059992,1.2626103768756203,False,False,False,False,-0.2555618981210342,-0.26517317872747503,False,False,False,False,-70840359,-66172022.86638732,False,False,False,False,3406594.0230264817,False,False,False,False
2025-05-16 00:00:00+00:00,0.8331,0.926,0.802,0.836,2586974,,0.9074250583972515,3.6102456436855577,1.2259305365980586,2.5938399411447945,3.4790719415928826,"rgba(239, 83, 80, 0.75)",0.0,0.0,1.5996327422100534,0.9656778248777089,-0.08288016453985518,0.0,0.0,0.0,0.0,0.0,0.0,0.0,0.0,30.79816424881055,-21.948209459274807,False,True,False,True,True,0.0,0,0.8883951870223675,1.1918960453356413,False,False,False,False,-0.28215549444042387,-0.27366433658394945,False,False,False,False,-73427333,-66709453.24665493,False,False,False,False,3345881.428728224,False,False,False,False
2025-05-23 00:00:00+00:00,0.8573,0.9104,0.8,0.84,1118353,,0.9046597113641142,3.6032396770927733,1.2206072699480583,2.5831583770008897,3.47202386882898,"rgba(239, 83, 80, 0.75)",0.0,0.0,1.6189614885467754,0.9606530937920208,-0.06383913053101309,0.0,0.0,0.0,0.0,0.0,0.0,0.0,0.0,31.040322501062413,-21.612269848991154,False,True,False,True,True,0.0,0,0.8493635822522707,1.2026693336351693,False,False,False,False,-0.2789215838491773,-0.27629296021656335,False,False,False,False,-72308980,-67124233.00616197,False,False,False,False,3180879.322896504,False,False,False,False
2025-05-30 00:00:00+00:00,0.83,0.9356,0.81,0.85,1503386,,0.9015557417519281,3.593886597289523,1.213737994886971,2.569026074702266,3.4626181856341787,"rgba(239, 83, 80, 0.75)",0.0,0.0,1.6384155499308617,0.9549896737101443,-0.07628691861195941,0.0,0.0,0.0,0.0,0.0,0.0,0.0,0.0,31.06551855739761,-21.475203594274113,False,True,False,True,True,0.0,0,0.8554829758945603,1.160886081093224,False,False,False,False,-0.24862361790317303,-0.2624582890598682,False,False,False,False,-73812366,-67619650.26496479,False,False,False,False,3056620.5582375033,False,False,False,False
2025-06-06 00:00:00+00:00,0.88,0.8925,0.81,0.8399,2043806,,0.8981426024304627,3.5812837481845077,1.2048647809238537,2.550206363478908,3.4499507028908973,"rgba(239, 83, 80, 0.75)",0.0,0.0,1.653617787115892,0.9486992936318472,-0.041544844381280546,0.0,0.0,0.0,0.0,0.0,0.0,0.0,0.0,31.694997678222954,-20.754799708612936,False,True,False,True,True,0.0,0,0.9889702870572435,1.184237032063119,False,False,False,False,-0.26486932612177166,-0.2636638075908199,False,False,False,False,-71768560,-67926976.91200444,False,False,False,False,2981597.2576273177,False,False,False,False
2025-06-13 00:00:00+00:00,0.79,0.89,0.79,0.8605,1505476,,0.8937925684272161,3.571947581412548,1.1979270380484397,2.536304903780661,3.4405643868773783,"rgba(239, 83, 80, 0.75)",0.0,0.0,1.6624588977113308,0.9424431874338535,-0.09169741738801392,0.0,0.0,0.0,0.0,0.0,0.0,0.0,0.0,31.607175388024906,-20.73953242305944,False,True,False,True,True,0.0,0,0.8751538596799718,1.1723228415684896,False,False,False,False,-0.26194765062175845,-0.2628057291062892,False,False,False,False,-73274036,-68323055.36296707,False,False,False,False,2872254.9422475165,False,False,False,False
2025-06-20 00:00:00+00:00,0.8,0.8505,0.773,0.8505,1771448,,0.8882877653783314,3.56098112682044,1.1897552514919523,2.5200859658198427,3.4295404402209555,"rgba(239, 83, 80, 0.75)",0.0,0.0,1.6702913300356275,0.9349747876833303,-0.08080912907597457,0.0,0.0,0.0,0.0,0.0,0.0,0.0,0.0,31.67551785629844,-20.55933216753665,False,True,False,True,True,0.0,0,0.8810752104262831,1.1483392162186625,False,False,False,False,-0.28707145038584136,-0.2749385897460653,False,False,False,False,-71502588,-68558576.2990436,False,False,False,False,2790713.687266219,False,False,False,False
2025-06-27 00:00:00+00:00,0.801,0.85,0.72,0.8,2472591,,0.8802503738772627,3.5457224431925867,1.178408087293731,2.4977236456814813,3.4142049710270355,"rgba(239, 83, 80, 0.75)",0.0,0.0,1.6721453048379633,0.8609986401010349,-0.03588123587552035,0.0,0.0,0.0,0.0,0.0,0.0,0.0,0.0,31.738273522710863,-20.37944780164602,False,True,False,True,True,0.0,0,0.8705442610994621,1.136749019965357,False,False,False,False,-0.31119044655945083,-0.293064518152758,False,False,False,False,-69029997,-68593496.35096629,False,False,False,False,2767149.0437650178,False,False,False,False
2025-07-04 00:00:00+00:00,0.83645,0.8819,0.7656,0.77055,1146354,,0.878334924416353,3.5388009068117263,1.1738526098725786,2.487775251780843,3.4072565294953456,"rgba(239, 83, 80, 0.75)",0.0,0.0,1.6677394120443254,0.8621348647612205,-0.01540100604190662,0.0,0.0,0.0,0.0,0.0,0.0,0.0,0.0,32.2981716962136,-19.727403003275636,False,True,False,True,True,0.0,0,0.8762940344082819,1.1448759961272064,False,False,False,False,-0.2763579747765089,-0.28471124646463347,False,False,False,False,-67883643,-68540914.62126508,False,False,False,False,2647090.1516342754,False,False,False,False
2025-07-11 00:00:00+00:00,1.15,1.42,0.8032,0.84,4857877,,0.9114119064445168,3.513021680720323,1.1712705464704307,2.454200086390166,3.381557817595134,"rgba(239, 83, 80, 0.5)",0.0,0.0,1.6487146512980564,0.9364848485697121,0.12950400559744177,0.0,0.0,0.0,0.0,1.0,0.94217,0.8819,0.0,36.49707574498282,-15.655927155329671,False,False,False,True,True,0.0,1,0.8923109155667296,1.045394231440743,False,False,False,False,-0.026212541553428025,-0.15546189400903074,False,False,False,False,-63025766,-68132385.09376396,False,False,False,False,2810852.140402107,False,False,False,False
2025-07-18 00:00:00+00:00,1.0,1.181,0.94217,1.11,2545033,,0.9199413715100369,3.499270907373127,1.1678034841166491,2.436200249743007,3.3678352713617783,"rgba(239, 83, 80, 0.5)",0.0,0.0,1.631899548937645,0.9464266832691999,0.03282880785503983,0.0,0.0,0.0,0.0,0.0,0.0,0.0,0.0,38.24476818327177,-14.067733193197569,False,False,False,True,True,0.0,1,0.9328599152071434,1.0586867667400106,False,False,False,False,-0.06839059142265735,-0.11192624271584405,False,False,False,False,-65570799,-67942637.97570737,False,False,False,False,2791161.833705655,False,False,False,False
2025-07-25 00:00:00+00:00,1.438,1.46,0.974,1.0,3840844,,0.9534256163867233,3.4808841436949285,1.172549725430319,2.414595248821676,3.349617091570032,"rgba(239, 83, 80, 0.5)",0.0,0.0,1.6138287727370775,0.9928237901377851,0.2758509560510496,0.0,0.0,0.0,0.0,1.0,1.34,1.181,0.0,43.19492278922483,-9.474273354057821,True,False,False,True,True,0.0,0,0.9504389335664043,1.0167436035248636,False,False,False,False,0.06254792930205061,-0.02468915670689672,False,False,False,False,-61729955,-67482439.23676609,False,False,False,False,2868916.068245976,False,False,False,False
2025-08-01 00:00:00+00:00,1.423,1.6,1.34,1.44,4403222,,1.0004258038930434,3.4617255537108758,1.1844997281574776,2.3942721484668996,3.330749936674783,#000000,0.0,0.0,1.587911552445796,1.0527290538459406,0.23318108970474208,0.0,0.0,0.0,0.0,0.0,0.0,0.0,0.0,46.600296478680576,-6.486519279346837,True,False,False,False,True,0.0,0,1.0148700604550571,0.971912108029337,False,False,False,False,0.28260614818280033,0.12895849573795182,False,False,False,False,-66133177,-67382493.88589452,False,False,False,False,2982568.359487015,False,False,False,False
2025-08-08 00:00:00+00:00,2.04,2.11,1.35,1.4,12493022,,1.1755421984102097,3.4191885873146153,1.2541847155460235,2.3624970270451664,3.289618348630019,#000000,0.0,0.0,1.5671012130653268,1.2584914907220144,0.4986968951094848,0.0,0.0,0.0,0.0,1.0,2.2,1.6,0.0,52.44201226958302,-1.2357808420791514,True,False,False,False,True,0.0,0,1.0222843708564997,0.941105591307822,False,False,False,False,0.34282817879951644,0.23589333726873413,False,False,False,False,-53640155,-66364542.857309744,False,False,False,False,3687046.406932421,False,False,False,False
2025-08-15 00:00:00+00:00,2.658,3.08,2.2,2.22,15323975,2.646,1.4770121030686123,3.395183696061593,1.4161961505051655,2.380915752592497,3.268639884007905,"rgba(38, 166, 154, 1.0)",0.0,0.0,1.5548051778425342,1.5941899790136838,0.6842079227331049,0.0,0.0,0.0,0.0,1.0,2.41,2.11,0.0,58.70454919046233,4.289272071932686,True,False,True,False,True,0.4078194267624191,0,1.0907488624488297,0.8029048143689481,False,False,False,False,0.34282821521679285,0.28936077624276346,False,False,False,False,-38316180,-64286886.34936087,False,False,False,False,4549041.117530019,False,False,False,False
2025-08-22 00:00:00+00:00,2.82,2.99,2.41,2.68,6161868,2.672958011002873,1.5732017074334135,3.387105206690454,1.4753880535751862,2.3900577130947607,3.2618009081684347,"rgba(38, 166, 154, 1.0)",0.0,0.0,1.5292320360778069,1.694665070183032,0.7358823927748994,0.0,0.0,0.0,0.0,0.0,0.0,0.0,0.0,63.607669018293805,8.428605046398737,True,False,True,False,True,1.61513510968323,0,1.1276464810552467,0.8011402189876157,False,False,False,False,0.34282821642321293,0.3160944963329882,False,False,False,False,-32154312,-61906695.65681562,False,False,False,False,4668509.775490759,False,False,False,False
2025-08-29 00:00:00+00:00,3.3,3.65,2.8,2.8,9028027,2.843685311630416,1.741526153251901,3.3846722980219828,1.5844979854201862,2.4209811565036152,3.2615813890980467,"rgba(38, 166, 154, 1.0)",0.0,0.0,1.4966775050297811,1.8720447705145271,0.9540834446209299,0.0,0.0,0.0,0.0,0.0,0.0,0.0,0.0,68.19277447902309,12.25911111719735,True,False,True,False,True,5.038752554604379,0,1.1716276100670089,0.7300260651715722,False,False,False,False,0.34282822448378847,0.32946136040838836,False,False,False,False,-23126285,-59034072.64519965,False,False,False,False,4991436.977306258,False,False,False,False
2025-09-05 00:00:00+00:00,2.8,3.29,2.65,3.0,2403432,2.848770609450313,1.7720267052722758,3.3824561569098153,1.6058982919582443,2.4256498523052104,3.2598653028112694,"rgba(38, 166, 154, 1.0)",0.0,0.0,1.4594828874037313,1.9024744144630314,0.6149613628794054,0.0,0.0,0.0,0.0,0.0,0.0,0.0,0.0,68.07385115141136,12.25911111719735,True,False,True,False,True,1.257265227546636,0,1.1762129223603481,0.7702088242192756,False,False,False,False,0.2682398307771266,0.2988505955927575,False,False,False,False,-25529717,-56552268.52333301,False,False,False,False,4799732.904913202,False,False,False,False
