date,Close,High,Low,Open,Volume,Gap_Up_aVWAP_957,Gap_Up_aVWAP_940,Gap_Up_aVWAP_937,Gap_Up_aVWAP_934,Gap_Up_aVWAP_929,Gap_Up_aVWAP_927,Gap_Up_aVWAP_923,Gap_Up_aVWAP_921,Gap_Up_aVWAP_917,Gap_Up_aVWAP_913,Gap_Down_aVWAP_966,Gap_Down_aVWAP_963,Gap_Down_aVWAP_960,Gap_Down_aVWAP_958,Gap_Down_aVWAP_948,Gap_Down_aVWAP_936,Gap_Down_aVWAP_933,Gap_Down_aVWAP_915,Gap_Down_aVWAP_906,Gap_Down_aVWAP_897,aVWAP_OB_bull_854,aVWAP_OB_bull_666,aVWAP_OB_bull_203,color,Liquidity,Liquidity_Level,StDev,StDev_Mean,StdDev_ZScore,OB,OB_High,OB_Low,OB_Mitigated_Index,FVG,FVG_High,FVG_Low,FVG_Mitigated_Index,QQEMOD,QQE1_Value,QQE1_Above_Upper,QQE1_Below_Lower,QQE2_Above_Threshold,QQE2_Below_Threshold,QQE2_Above_TL,banker_RSI,TTM_squeeze_Active,VI_plus,VI_minus,VI_Regular_Bullish,VI_Regular_Bearish,VI_Hidden_Bullish,VI_Hidden_Bearish,Fisher,Fisher_Signal,Fisher_Regular_Bullish,Fisher_Regular_Bearish,Fisher_Hidden_Bullish,Fisher_Hidden_Bearish,OBV,OBV_Smoothed,OBV_Regular_Bullish,OBV_Regular_Bearish,OBV_Hidden_Bullish,OBV_Hidden_Bearish,Volume_MA,Vol_Regular_Bullish,Vol_Regular_Bearish,Vol_Hidden_Bullish,Vol_Hidden_Bearish
2022-01-03 00:00:00+00:00,115.3537950488,118.2493154103,110.2165815041,117.8756998798,330642,,,,,,,,,,,,,,,,,,,,,,,,#000000,0.0,0.0,,,,0.0,0.0,0.0,0.0,0.0,0.0,0.0,0.0,,,False,False,False,False,False,,0,,,False,False,False,False,,,False,False,False,False,0,0.0,False,False,False,False,330642.0,False,False,False,False
2022-01-04 00:00:00+00:00,105.0793679594,113.7659290441,102.3706553631,113.7659290441,433552,,,,,,,,,,,,,,,,,,,,,,,,"rgba(239, 83, 80, 0.5)",0.0,0.0,,,,0.0,0.0,0.0,0.0,0.0,0.0,0.0,0.0,0.0,,False,False,False,True,False,,0,,,False,False,False,False,,,False,False,False,False,-433552,-17002.039215686273,False,False,False,False,334677.6862745098,False,False,False,False
2022-01-05 00:00:00+00:00,99.1949233537,107.124912989,98.9147117058,99.8487505321,628790,,,,,,,,,,,,,,,,,,,,,,,,"rgba(239, 83, 80, 0.5)",0.0,0.0,,,,0.0,0.0,0.0,0.0,0.0,0.0,0.0,0.0,0.0,-50.0,False,False,False,True,True,,0,,,False,False,False,False,,,False,False,False,False,-1062342,-57995.7631680123,False,False,False,False,346211.5024990389,False,False,False,False
2022-01-06 00:00:00+00:00,107.974888321,110.9638125651,99.8487505321,103.67830972,433113,,,,,,,,,,,,,,,,,,,,,,,,"rgba(239, 83, 80, 0.5)",0.0,0.0,,,,0.0,0.0,0.0,0.0,0.0,0.0,0.0,0.0,12.937937937957594,-38.14022355687221,False,False,False,True,True,,0,,,False,False,False,False,,,False,False,False,False,-629229,-80397.06657318829,False,False,False,False,349619.40436182165,False,False,False,False
2022-01-07 00:00:00+00:00,113.6725251614,117.5954882319,110.3099853867,111.8978513914,312035,,,,,,,,,,,,,,,,,,,,,,,,"rgba(239, 83, 80, 0.5)",0.0,0.0,,,,0.0,0.0,0.0,0.0,0.0,0.0,0.0,0.0,25.988097284731353,-26.896351818882792,False,False,False,True,True,,0,,,False,False,False,False,,,False,False,False,False,-317194,-89683.22082522012,False,False,False,False,348145.5061515542,False,False,False,False
2022-01-10 00:00:00+00:00,115.7274105793,118.8097387061,110.781674994,117.2218727014,243019,,,,,,,,,,,,,,,,,,,,,,,,"rgba(239, 83, 80, 0.5)",0.0,0.0,,,,0.0,0.0,0.0,0.0,0.0,0.0,0.0,0.0,35.953857443777856,-18.935314481867792,False,False,False,True,True,,0,,,False,False,False,False,,,False,False,False,False,-74175,-89075.05530266247,False,False,False,False,344022.89806717954,False,False,False,False
2022-01-11 00:00:00+00:00,127.5897036734,128.1501269692,115.5499432023,117.2218727014,320712,,,,,,,,,,,,,,,,,,,,,,,,#000000,0.0,0.0,,,,0.0,0.0,0.0,0.0,0.0,0.0,0.0,0.0,47.520408401607924,-9.589001065666395,False,False,False,False,True,,0,,,False,False,False,False,,,False,False,False,False,246537,-75913.79823196982,False,False,False,False,343108.74520179996,False,False,False,False
2022-01-12 00:00:00+00:00,131.4192628612,137.6773229975,127.8970024472,136.0894569928,407534,,,,,,,,,,,,,,,,,,,,,,,,"rgba(38, 166, 154, 0.5)",0.0,0.0,,,,0.0,0.0,0.0,0.0,0.0,0.0,0.0,0.0,56.270803535248234,-2.912153556313953,False,False,True,False,True,,0,,,False,False,False,False,,,False,False,False,False,654071,-47286.94339934356,False,False,False,False,345635.22578212153,False,False,False,False
2022-01-13 00:00:00+00:00,116.0076222272,126.5622609645,115.2603911661,126.5622609645,415622,,,,,,,,,,,,,,,,,,,,,,,,"rgba(38, 166, 154, 0.5)",0.0,0.0,,,,0.0,0.0,0.0,0.0,0.0,0.0,0.0,0.0,54.23810015645496,-2.912153556313953,False,False,True,False,True,,0,,,False,False,False,False,,,False,False,False,False,238449,-36081.612285643816,False,False,False,False,348379.80516321486,False,False,False,False
2022-01-14 00:00:00+00:00,119.5569697672,122.2656823634,115.8320229278,118.6229309409,275831,,,,,,,,,,,,,,,,,,,,,,,,"rgba(38, 166, 154, 0.5)",0.0,0.0,,,,0.0,0.0,0.0,0.0,0.0,0.0,0.0,0.0,54.128051486145516,-2.912153556313953,False,False,True,False,True,,0,,,False,False,False,False,,,False,False,False,False,514280,-14498.803960716607,False,False,False,False,345534.7539803437,False,False,False,False
2022-01-18 00:00:00+00:00,114.5131601051,120.3976047108,110.4033892694,112.0846591567,301499,,,,,,,,,,,,,,,,,,,,,,,,#000000,0.0,0.0,,,,0.0,0.0,0.0,0.0,0.0,0.0,0.0,0.0,52.16988904914287,-2.912153556313953,False,False,False,False,True,,0,,,False,False,False,False,,,False,False,False,False,212781,-5585.870472061055,False,False,False,False,343807.86166738905,False,False,False,False
2022-01-19 00:00:00+00:00,116.8482571709,120.9580280066,114.6999678704,118.342719293,346922,,,,,,,,,,,,,,,,,,,,,,,,#000000,0.0,0.0,,,,0.0,0.0,0.0,0.0,0.0,0.0,0.0,0.0,51.739090966356265,-2.912153556313953,False,False,False,False,True,,0,,,False,False,False,False,,,False,False,False,False,559703,16582.3205268433,False,False,False,False,343929.98473925615,False,False,False,False
2022-01-20 00:00:00+00:00,127.0292803776,135.2488220491,126.0952415513,132.4467055702,523970,,,,,,,,,,,,,,,,,,,,,,,,"rgba(38, 166, 154, 0.5)",0.0,0.0,,,,0.0,0.0,0.0,0.0,0.0,0.0,0.0,0.0,54.65500166938823,-2.912153556313953,False,False,True,False,True,,0,,,False,False,False,False,,,False,False,False,False,1083673,58429.01383951611,False,False,False,False,350990.3774945794,False,False,False,False
2022-01-21 00:00:00+00:00,117.0350649361,128.3360006956,115.9889414507,125.8150299034,408976,,,,,,,,,,,,,,,,,,,,,,,,"rgba(38, 166, 154, 0.5)",0.0,0.0,,,,0.0,0.0,0.0,0.0,0.0,0.0,0.0,0.0,53.08273713566848,-2.912153556313953,False,False,True,False,True,,0,,,False,False,False,False,,,False,False,False,False,674697,82596.3858458096,False,False,False,False,353264.32347518415,False,False,False,False
2022-01-24 00:00:00+00:00,112.8318902178,113.1121018656,102.4640592458,111.3374280957,546889,,,,,,,,,,,,,,,,,,,,,,,,#000000,0.0,0.0,,,,0.0,0.0,0.0,0.0,0.0,0.0,0.0,0.0,50.79184616470214,-2.912153556313953,False,False,False,False,False,,0,,,False,False,False,False,,,False,False,False,False,127808,84369.39032244451,False,False,False,False,360857.44804478483,False,False,False,False
2022-01-25 00:00:00+00:00,111.1506203304,114.6065639877,107.3210611425,108.9089271473,301020,,,,,,,,,,,,,,,,,,,,,,,,#000000,0.0,0.0,,,,0.0,0.0,0.0,0.0,0.0,0.0,0.0,0.0,48.77470386121172,-2.912153556313953,False,False,False,False,False,,0,,,False,False,False,False,,,False,False,False,False,-173212,74268.15932940747,False,False,False,False,358510.88145479327,False,False,False,False
2022-01-26 00:00:00+00:00,104.0519252505,115.6340066967,103.538203896,115.0735834009,310651,,,,,,,,,,,,,,,,,,,,,,,,"rgba(239, 83, 80, 0.5)",0.0,0.0,,,,0.0,0.0,0.0,0.0,0.0,0.0,0.0,0.0,45.510582962340095,5.6571258214259075,False,False,False,True,False,,0,,,False,False,False,False,,,False,False,False,False,-483863,52380.66288511698,False,False,False,False,356634.02335852693,False,False,False,False
2022-01-27 00:00:00+00:00,97.4202495837,104.7048183901,97.1400379358,104.2387330157,455445,,,,,,,,,,,,,,,,,,,,,,,,"rgba(239, 83, 80, 0.5)",0.0,0.0,,,,0.0,0.0,0.0,0.0,0.0,0.0,0.0,0.0,41.81669370253641,1.8134792264494877,False,False,False,True,False,,0,,,False,False,False,False,,,False,False,False,False,-939308,13490.91139942612,False,False,False,False,360508.9636189768,False,False,False,False
2022-01-28 00:00:00+00:00,99.7553466495,100.7827893584,92.0962282738,95.7389796964,347898,,,,,,,,,,,,,,,,,,,,,,,,"rgba(239, 83, 80, 0.5)",0.0,0.0,,97.54478809389998,,0.0,0.0,0.0,0.0,0.0,0.0,0.0,0.0,40.3001612187055,0.04163781340360373,False,False,False,True,False,,0,,,False,False,False,False,,,False,False,False,False,-591410,-10230.692969178825,False,False,False,False,360014.4160260758,False,False,False,False
2022-01-31 00:00:00+00:00,119.2767581193,119.5569697672,104.6123485463,104.8925601942,481133,,,,,,,,,,,,,,,,,,,,,,,,"rgba(239, 83, 80, 0.5)",0.0,0.0,,107.3744130827505,,0.0,0.0,0.0,0.0,0.0,0.0,0.0,0.0,45.24276129579431,0.04163781340360373,False,False,False,True,True,,0,,,False,False,False,False,,,False,False,False,False,-110277,-14154.077558622794,False,False,False,False,364764.1644172101,False,False,False,False
2022-02-01 00:00:00+00:00,120.864624124,122.2656823634,114.9801795183,118.9031425887,240052,,,,,,,,,,,,,,,,,,,,,,,,#000000,0.0,0.0,,110.06793970279747,,0.0,0.0,0.0,0.0,0.0,0.0,0.0,0.0,48.90939077654123,0.04163781340360373,False,False,False,False,True,,0,,,False,False,False,False,,,False,False,False,False,129775,-8509.800007304253,False,False,False,False,359873.4913028097,False,False,False,False
2022-02-02 00:00:00+00:00,114.1395445746,122.0788745982,111.7577455675,121.611855185,261829,,,,,,,,,,,,,,,,,,,,,,,,#000000,0.0,0.0,,111.23338502261244,,0.0,0.0,0.0,0.0,0.0,0.0,0.0,0.0,49.40917371135136,0.04163781340360373,False,False,False,False,True,,0,,,False,False,False,False,,,False,False,False,False,-132054,-13354.670595253107,False,False,False,False,356028.6092909348,False,False,False,False
2022-02-03 00:00:00+00:00,109.5627543257,113.7659290441,107.8814844383,109.2825426778,220814,,,,,,,,,,,,,,,,,,,,,,,,#000000,0.0,0.0,,111.11527481355671,,0.0,0.0,0.0,0.0,0.0,0.0,0.0,0.0,48.53160683444981,0.04163781340360373,False,False,False,False,True,,0,,,False,False,False,False,,,False,False,False,False,-352868,-26668.918807203965,False,False,False,False,350726.07559325115,False,False,False,False
2022-02-04 00:00:00+00:00,113.1121018656,114.6999678704,107.1342533773,110.0297737388,240908,,,,,,,,,,,,,,,,,,,,,,,,#000000,0.0,0.0,,111.18697060389017,,0.0,0.0,0.0,0.0,0.0,0.0,0.0,0.0,48.973933445062386,0.04163781340360373,False,False,False,False,True,,0,,,False,False,False,False,,,False,False,False,False,-111960,-30013.6670892744,False,False,False,False,346419.48439351586,False,False,False,False
2022-02-07 00:00:00+00:00,107.974888321,112.8318902178,107.3210611425,110.6836009173,237123,,,,,,,,,,,,,,,,,,,,,,,,#000000,0.0,0.0,,110.9754007192899,,0.0,0.0,0.0,0.0,0.0,0.0,0.0,0.0,47.86589270816198,0.04163781340360373,False,False,False,False,True,,0,,,False,False,False,False,,,False,False,False,False,-349083,-42526.18994851854,False,False,False,False,342133.3477506329,False,False,False,False
2022-02-08 00:00:00+00:00,116.1944299925,116.4746416403,107.0408494947,108.4419077341,270554,,,,,,,,,,,,,,,,,,,,,,,,#000000,0.0,0.0,,111.24135929360287,,0.0,0.0,0.0,0.0,0.0,0.0,0.0,0.0,49.470624302114544,0.04163781340360373,False,False,False,False,True,,1,,,False,False,False,False,,,False,False,False,False,-78529,-43938.06485249821,False,False,False,False,339326.3145055101,False,False,False,False
2022-02-09 00:00:00+00:00,125.4414143729,125.6282221381,117.6944963475,119.7615242701,271053,,,,,,,,,,,,,,,,,,,,,,,,"rgba(38, 166, 154, 0.5)",0.0,0.0,,112.4725751025235,,0.0,0.0,0.0,0.0,0.0,0.0,0.0,0.0,52.716922524499424,-4.857286138971823,False,False,True,False,True,,1,,,False,False,False,False,,,False,False,False,False,192524,-34665.04270141985,False,False,False,False,336648.92962294107,False,False,False,False
2022-02-10 00:00:00+00:00,121.3316435371,128.8048881864,116.8482571709,118.1559115277,294452,,,,,,,,,,,,,,,,,,,,,,,,"rgba(38, 166, 154, 0.5)",0.0,0.0,,117.90673678093218,,0.0,0.0,0.0,0.0,0.0,0.0,0.0,0.0,53.633851071295666,-3.641745002056119,False,False,True,False,True,,1,,,False,False,False,False,,,False,False,False,False,-101928,-37302.80573273672,False,False,False,False,334994.1480691003,False,False,False,False
2022-02-11 00:00:00+00:00,112.9252941004,122.8261056592,111.8978513914,121.5184513024,255914,,,,,,,,,,,,,,,,,,,,,,,,#000000,0.0,0.0,,116.50655558597936,,0.0,0.0,0.0,0.0,0.0,0.0,0.0,0.0,51.94341430638288,-3.641745002056119,False,False,False,False,True,,1,,,False,False,False,False,,,False,False,False,False,-357842,-49872.970213805864,False,False,False,False,331892.9657918807,False,False,False,False
2022-02-14 00:00:00+00:00,111.5242358609,114.9801795183,108.8155232646,112.0846591567,219942,,,,,,,,,,,,,,,,,,,,,,,,#000000,0.0,0.0,,115.36474969057082,,0.0,0.0,0.0,0.0,0.0,0.0,0.0,0.0,50.455250406112036,-3.641745002056119,False,False,False,False,True,,1,,,False,False,False,False,,,False,False,False,False,-577784,-70575.36353875465,False,False,False,False,327502.73183925793,False,False,False,False
2022-02-15 00:00:00+00:00,120.7712202414,120.9580280066,114.4664581638,115.7274105793,156486,,,,,,,,,,,,,,,,,,,,,,,,#000000,0.0,0.0,,115.6120948389005,,0.0,0.0,0.0,0.0,0.0,0.0,0.0,0.0,51.903862672348794,-3.641745002056119,False,False,False,False,True,,1,,,False,False,False,False,,,False,False,False,False,-421298,-84329.19241958781,False,False,False,False,320796.19333575765,False,False,False,False
2022-02-16 00:00:00+00:00,121.3316435371,122.5458940113,117.2218727014,119.2767581193,178074,,,,,,,,,,,,,,,,,,,,,,,,"rgba(38, 166, 154, 0.5)",0.0,0.0,,116.00754608699228,,0.0,0.0,0.0,0.0,0.0,0.0,0.0,0.0,53.00834477229343,-3.2371156370417182,False,False,True,False,True,,0,,,False,False,False,False,,,False,False,False,False,-243224,-90560.36134430986,False,False,False,False,315199.24457749265,False,False,False,False
2022-02-17 00:00:00+00:00,118.9031425887,126.6556648471,117.7822959972,120.3976047108,267415,,,,,,,,,,,,,,,,,,,,,,,,"rgba(38, 166, 154, 0.5)",0.0,0.0,,116.55740160802748,,0.0,0.0,0.0,0.0,-1.0,117.2218727014,112.271466922,0.0,52.970723318642015,-2.924507772060906,False,False,True,False,True,,0,,,False,False,False,False,,,False,False,False,False,-510639,-107034.03344845457,False,False,False,False,313325.35263327725,False,False,False,False
2022-02-18 00:00:00+00:00,107.1342533773,112.271466922,104.8925601942,111.9912552741,306752,,,,,,,,,,,,,,,,,,,,,,,,#000000,0.0,0.0,,115.37038661951976,,0.0,0.0,0.0,0.0,-1.0,117.7822959972,103.0244825415,0.0,49.71710094538598,-2.924507772060906,False,False,False,False,False,,0,,,False,False,False,False,,,False,False,False,False,-817391,-134891.16939165242,False,False,False,False,313067.57409863896,False,False,False,False
2022-02-22 00:00:00+00:00,97.9806728795,103.0244825415,96.4871447962,100.3157699453,317357,,,,,,,,,,,,,,,,,,,,,,,,"rgba(239, 83, 80, 0.5)",0.0,0.0,,113.46305270117028,,0.0,0.0,0.0,0.0,-1.0,104.8925601942,102.9777806002,0.0,45.59721719149198,1.4456221324656013,False,False,False,True,False,,0,,,False,False,False,False,,,False,False,False,False,-1134748,-174101.24118021506,False,False,False,False,313235.78687908454,False,False,False,False
2022-02-23 00:00:00+00:00,95.2719602832,102.9777806002,94.7115369874,102.0904437152,203482,,,,,,,,,,,,,,,,,,,,,,,,"rgba(239, 83, 80, 0.5)",0.0,0.0,,112.38511046191067,,0.0,0.0,0.0,0.0,0.0,0.0,0.0,0.0,42.324810194255946,-1.6547275603810903,False,False,False,True,False,,0,,,False,False,False,False,,,False,False,False,False,-1338230,-219753.34936922626,False,False,False,False,308931.716805395,False,False,False,False
2022-02-24 00:00:00+00:00,97.1400379358,97.3268457011,83.9700904849,83.9700904849,446230,,,,,,,,,,,,,,,,,,,,,,,,"rgba(239, 83, 80, 0.5)",0.0,0.0,,109.89911443908564,,0.0,0.0,0.0,0.0,0.0,0.0,0.0,0.0,40.807650950931915,-3.093207689973383,False,False,False,True,False,,0,,,False,False,False,False,,,False,False,False,False,-892000,-246115.96311945267,False,False,False,False,314315.96320518345,False,False,False,False
2022-02-25 00:00:00+00:00,97.607057349,97.9339709382,91.535804978,96.2059991095,257867,,,,,,,,,,,,,,,,,,,,,,,,"rgba(239, 83, 80, 0.5)",0.0,0.0,,108.95134763314533,,0.0,0.0,0.0,0.0,0.0,0.0,0.0,0.0,39.971763913805376,-3.974219793889418,False,False,False,True,False,,0,,,False,False,False,False,,,False,False,False,False,-634133,-261332.31750692514,False,False,False,False,312102.27837360767,False,False,False,False
2022-02-28 00:00:00+00:00,94.1511136916,96.6730185227,91.7226127432,94.057709809,253272,,,,,,,,,,,,,,,,,,,,,,,,"rgba(239, 83, 80, 0.5)",0.0,0.0,,108.0519338143625,,0.0,0.0,0.0,0.0,0.0,0.0,0.0,0.0,38.591658789740364,-5.438820128783519,False,False,False,True,False,,0,,,False,False,False,False,,,False,False,False,False,-887405,-285884.1874086144,False,False,False,False,309795.2086334662,False,False,False,False
2022-03-01 00:00:00+00:00,94.7115369874,100.4091738279,93.7774981611,94.80494087,260689,,,,,,,,,,,,,,,,,,,,,,,,"rgba(239, 83, 80, 0.5)",0.0,0.0,,107.36892043349287,,0.0,0.0,0.0,0.0,0.0,0.0,0.0,0.0,37.91470851186517,-6.2838551432858765,False,False,False,True,False,,0,,,False,False,False,False,,,False,False,False,False,-626716,-299250.14084357064,False,False,False,False,307869.4749615656,False,False,False,False
2022-03-02 00:00:00+00:00,91.0687855648,95.5521719311,87.0524186117,95.5521719311,397614,,,,,,,,,,,,,,,,,,,,,,,,"rgba(239, 83, 80, 0.5)",0.0,0.0,,106.05445279607687,,0.0,0.0,0.0,0.0,-1.0,93.7774981611,91.4424010953,0.0,36.54742801067431,-7.8150721238366145,False,False,False,True,False,,0,,,False,False,False,False,,,False,False,False,False,-1024330,-327684.64512421493,False,False,False,False,311388.86810032773,False,False,False,False
2022-03-03 00:00:00+00:00,82.3822244802,91.4424010953,81.3547817712,90.4149583864,562266,,,,,,,,,,,,,,,,,,,,,,,,"rgba(239, 83, 80, 0.5)",0.0,0.0,,103.89531100592743,,0.0,0.0,0.0,0.0,-1.0,87.0524186117,82.0086089497,0.0,33.77975436270877,-10.622548296957412,False,False,False,True,False,,0,,,False,False,False,False,,,False,False,False,False,-1586596,-377053.7178644418,False,False,False,False,321227.18699835415,False,False,False,False
2022-03-04 00:00:00+00:00,74.1626828087,82.0086089497,73.2389184095,78.3658575271,535980,,,,,,,,,,,,,,,,,,,,,,,,"rgba(239, 83, 80, 0.5)",0.0,0.0,,101.45416276622188,,0.0,0.0,0.0,0.0,0.0,0.0,0.0,0.0,30.556964721758696,-13.759904369750963,False,False,False,True,False,,0,,,False,False,False,False,,,False,False,False,False,-2122576,-445505.5720658362,False,False,False,False,329648.86593959515,False,False,False,False
2022-03-07 00:00:00+00:00,66.4101605504,74.3877861658,66.3167566677,72.2946051561,431649,,,,,,,,,,,,,,,,,,,,,,,,"rgba(239, 83, 80, 0.5)",0.0,0.0,,99.29161261838755,,0.0,0.0,0.0,0.0,0.0,0.0,0.0,0.0,27.349086116928106,-16.798995638195038,False,False,False,True,False,,0,,,False,False,False,False,,,False,False,False,False,-2554225,-528200.4515926662,False,False,False,False,333648.871196866,False,False,False,False
2022-03-08 00:00:00+00:00,65.6629294893,69.025469264,62.206985832,67.4376032593,430559,,,,,,,,,,,,,,,,,,,,,,,,"rgba(239, 83, 80, 0.5)",0.0,0.0,,97.19831561230885,,0.0,0.0,0.0,0.0,0.0,0.0,0.0,0.0,25.114331638406505,-18.892860433373556,False,False,False,True,False,,0,,,False,False,False,False,,,False,False,False,False,-2984784,-624537.0613341304,False,False,False,False,337449.26840483205,False,False,False,False
2022-03-09 00:00:00+00:00,72.2012012734,72.574816804,68.100770826,69.6792964424,267330,,,,,,,,,,,,,,,,,,,,,,,,"rgba(239, 83, 80, 0.5)",0.0,0.0,,96.22918939462822,,0.0,0.0,0.0,0.0,0.0,0.0,0.0,0.0,26.722447413597976,-18.892860433373556,False,False,False,True,False,,0,,,False,False,False,False,,,False,False,False,False,-2717454,-706612.2353994587,False,False,False,False,334699.49317327,False,False,False,False
2022-03-10 00:00:00+00:00,58.7510421746,63.3278324235,57.6301955831,63.3278324235,911711,,,,,,,,,,,,,,,,,,,,,,,,"rgba(239, 83, 80, 0.5)",0.0,0.0,,92.16039619499793,,0.0,0.0,0.0,0.0,0.0,0.0,0.0,0.0,25.703823326483455,-18.892860433373556,False,False,False,True,False,,0,,,False,False,False,False,,,False,False,False,False,-3629165,-821222.147736735,False,False,False,False,357327.3954017692,False,False,False,False
2022-03-11 00:00:00+00:00,46.9821529632,60.3389081794,46.7953451979,59.8718887662,946837,,,,,,,,,,,,,,,,,,,,,,,,"rgba(239, 83, 80, 0.5)",0.0,0.0,,87.91956012938516,,0.0,0.0,0.0,0.0,0.0,0.0,0.0,0.0,23.700946794468436,-20.30556082430315,False,False,False,True,False,,0,,,False,False,False,False,,,False,False,False,False,-4576002,-968468.4164529414,False,False,False,False,380445.41911150375,False,False,False,False
2022-03-14 00:00:00+00:00,36.147302578,42.8723821274,34.6341596794,39.1829287635,1235083,,,,,,,,,,,,,,,,,,,,,,,,"rgba(239, 83, 80, 0.5)",0.0,0.0,,81.94980609062145,,0.0,0.0,0.0,0.0,0.0,0.0,0.0,0.0,21.412102721472486,-22.588699183435885,False,False,False,True,False,,0,,,False,False,False,False,,,False,False,False,False,-5811085,-1158374.9491410614,False,False,False,False,413960.61836203304,False,False,False,False
2022-03-15 00:00:00+00:00,38.949419057,41.471323888,33.1583783339,34.6061385146,1481588,,,,,,,,,,,,,,,,,,,,,,,,"rgba(239, 83, 80, 0.5)",-1.0,30.37332,,63.58579800446876,,0.0,0.0,0.0,0.0,0.0,0.0,0.0,0.0,20.986269345708344,-23.141728534789436,False,False,False,True,False,0.0,0,,,False,False,False,False,-0.34282825441539394,-0.34282825441539394,False,False,False,False,-4329497,-1282732.6766257256,False,False,False,False,455828.35881842393,False,False,False,False
2022-03-16 00:00:00+00:00,70.2397197382,70.9402488579,54.6412713389,56.7895606394,3203084,,,,,,,,,,,,,,,,,,,,,,,,"rgba(239, 83, 80, 0.5)",0.0,0.0,,68.28983750862787,,0.0,0.0,0.0,0.0,0.0,0.0,0.0,0.0,29.426316206787902,-26.897581442547686,False,False,False,True,True,0.0,0,0.8236859542043106,1.0344243619127123,False,False,False,False,-0.15511731927607966,-0.24897278684573682,False,False,False,False,-1126413,-1276602.4932286383,False,False,False,False,563563.8741588779,False,False,False,False
2022-03-17 00:00:00+00:00,58.8444460573,61.6465625362,53.8006363952,61.4597547709,2199998,,,,,,,,,,,,,,,,,,,,,,,,"rgba(239, 83, 80, 0.75)",0.0,0.0,,67.10313024760984,,0.0,0.0,0.0,0.0,0.0,0.0,0.0,0.0,33.26185425428551,-23.519824082244284,False,True,False,True,True,0.0,0,0.8248559402143046,1.0299812941986808,False,False,False,False,-0.19121109169009703,-0.22009193926791693,False,False,False,False,-3326411,-1356987.1405530055,False,False,False,False,627737.761446765,False,False,False,False
2022-03-18 00:00:00+00:00,68.6518537335,73.0418362171,58.7510421746,59.2180615878,2721375,,,,,,,,,,,,,,,,,,,,,,,,"rgba(239, 83, 80, 0.75)",0.0,0.0,,67.55782793930265,,0.0,0.0,0.0,0.0,0.0,0.0,0.0,0.0,37.7677946631684,-19.51890200863845,False,True,False,True,True,0.0,0,0.8428320962408381,0.9954032239488766,False,False,False,False,-0.13319767266144197,-0.17664480596467946,False,False,False,False,-605036,-1327498.8605313192,False,False,False,False,709841.1825664997,False,False,False,False
2022-03-21 00:00:00+00:00,60.0586965315,65.2893139588,56.2403458095,63.1410246583,2136291,,,,,,,,,,,,,,,,,,,,,,,,"rgba(239, 83, 80, 0.5)",0.0,0.0,,66.90761875879208,,0.0,0.0,0.0,0.0,0.0,0.0,0.0,0.0,39.41368493609779,-18.15846819484539,False,False,False,True,True,0.0,0,0.8313588146878841,1.0122472684014034,False,False,False,False,-0.16949499693759204,-0.17306990145113577,False,False,False,False,-2741327,-1382943.101294797,False,False,False,False,765780.3910933036,False,False,False,False
2022-03-22 00:00:00+00:00,69.1188731466,71.3605663298,65.1025061935,67.008879438,1771203,,,,,,,,,,,,,,,,,,,,,,,,"rgba(239, 83, 80, 0.5)",0.0,0.0,,67.19659850477079,,0.0,0.0,0.0,0.0,0.0,0.0,0.0,0.0,42.26306419898904,-15.534433269069098,False,False,False,True,True,0.0,0,0.823754498491191,1.008148907743631,False,False,False,False,-0.11680125740532792,-0.14493557942823185,False,False,False,False,-970124,-1366754.116930295,False,False,False,False,805208.7286974877,False,False,False,False
2022-03-23 00:00:00+00:00,69.7727003251,76.731289581,63.8882557193,66.8771799635,1883270,,,,,,,,,,,,,,,,,,,,,,,,"rgba(239, 83, 80, 0.5)",0.0,0.0,,68.20640634347741,,0.0,0.0,0.0,0.0,0.0,0.0,0.0,0.0,44.28806267308662,-13.618076638918986,False,False,False,True,True,0.0,0,0.8221865412947624,1.0002920938767728,False,False,False,False,-0.10226111362481985,-0.12359834652652585,False,False,False,False,913146,-1277346.2692075383,False,False,False,False,847485.6412975863,False,False,False,False
2022-03-24 00:00:00+00:00,65.9431411372,67.5310071419,61.0861392404,67.5310071419,1586916,,,,,,,,,,,,,,,,,,,,,,,,"rgba(239, 83, 80, 0.5)",0.0,0.0,,67.5114747082631,,0.0,0.0,0.0,0.0,0.0,0.0,0.0,0.0,44.92090749830784,-12.89379962654067,False,False,False,True,True,0.0,0,0.8023642219820137,1.0310407651221882,False,False,False,False,-0.14438751274191094,-0.13399292963421838,False,False,False,False,-673770,-1253676.6115915563,False,False,False,False,876482.9102663083,False,False,False,False
2022-03-25 00:00:00+00:00,60.6191198273,61.4597547709,57.8170033483,59.8718887662,1289986,,,,,,,,,,,,,,,,,,,,,,,,"rgba(239, 83, 80, 0.5)",0.0,0.0,,66.7198631606152,,0.0,0.0,0.0,0.0,0.0,0.0,0.0,0.0,44.361677575945734,-12.89379962654067,False,False,False,True,True,0.0,0,0.7641552479122263,1.0527832994963373,False,False,False,False,-0.17391352529507767,-0.153953227464648,False,False,False,False,-1963756,-1281522.8621173776,False,False,False,False,892698.7177068453,False,False,False,False
2022-03-28 00:00:00+00:00,63.4212363062,65.6629294893,60.7125237099,63.3278324235,1010723,,,,,,,,,,,,,,,,,,,,,,,,"rgba(239, 83, 80, 0.5)",0.0,0.0,,66.52520603118343,,0.0,0.0,0.0,0.0,0.0,0.0,0.0,0.0,44.662037359264495,-12.570679084953241,False,False,False,True,True,0.0,0,0.7931763328672433,1.0335041116882495,False,False,False,False,-0.14816328610758372,-0.15105825678611587,False,False,False,False,-953033,-1268640.9067402256,False,False,False,False,897327.1209340278,False,False,False,False
2022-03-29 00:00:00+00:00,69.3056809119,73.1352400998,68.278238203,69.7727003251,1426103,,,,,,,,,,,,,,,,,,,,,,,,#000000,0.0,0.0,,66.93457053659732,,0.0,0.0,0.0,0.0,0.0,0.0,0.0,0.0,46.248083601858326,-10.674211654518231,True,False,False,False,True,0.0,0,0.7985875746795335,1.0113920323994054,False,False,False,False,-0.09420969864251427,-0.12263397771431507,False,False,False,False,473070,-1200338.518240609,False,False,False,False,918063.4299170071,False,False,False,False
2022-03-30 00:00:00+00:00,65.5695256067,71.0766185266,64.9156984283,66.5969683156,876193,,,,,,,,,,,,,,,,,,,,,,,,#000000,0.0,0.0,,66.97668460059376,,0.0,0.0,0.0,0.0,0.0,0.0,0.0,0.0,46.47561860218098,-10.057781655544517,True,False,False,False,True,0.0,0,0.8010930424351489,1.011845512811815,False,False,False,False,-0.11358065861039333,-0.1181073181623542,False,False,False,False,-403123,-1169075.1645841147,False,False,False,False,916421.452273203,False,False,False,False
2022-03-31 00:00:00+00:00,57.8170033483,63.7948518367,57.2565800526,63.5146401888,1102690,,,,,,,,,,,,,,,,,,,,,,,,"rgba(239, 83, 80, 0.5)",0.0,0.0,,66.57438242422778,,0.0,0.0,0.0,0.0,0.0,0.0,0.0,0.0,45.01411814720936,-10.057781655544517,True,False,False,True,True,0.0,0,0.7800061987355734,1.023868730990031,False,False,False,False,-0.16745582962613523,-0.14278157389424473,False,False,False,False,-1505813,-1182280.5698945415,False,False,False,False,923726.1012036656,False,False,False,False
2022-04-01 00:00:00+00:00,63.8882557193,69.2122770293,62.5806013625,67.1106896701,1795577,,,,,,,,,,,,,,,,,,,,,,,,"rgba(239, 83, 80, 0.5)",0.0,0.0,,66.5116095727499,,0.0,0.0,0.0,0.0,0.0,0.0,0.0,0.0,45.614638463353124,-10.057781655544517,True,False,False,True,True,0.0,0,0.7738870257130132,1.030223654311721,False,False,False,False,-0.10984005315435362,-0.12631081352429918,False,False,False,False,289764,-1124553.3318594615,False,False,False,False,957916.3325290121,False,False,False,False
2022-04-04 00:00:00+00:00,73.6956633955,75.0033177524,68.6518537335,70.2397197382,1359348,,,,,,,,,,,,,,,,,,,,,,,,#000000,0.0,0.0,,66.8980412939242,,0.0,0.0,0.0,0.0,0.0,0.0,0.0,0.0,48.259654659974586,-7.406618623960647,True,False,False,False,True,0.0,0,0.7957164280506762,0.9960540747404074,False,False,False,False,-0.06370848027220356,-0.09500964689825137,False,False,False,False,1649112,-1015782.1423747768,False,False,False,False,973658.7508612077,False,False,False,False
2022-04-05 00:00:00+00:00,67.0639877288,72.3693282622,66.5969683156,72.2946051561,945885,,,,,,,,,,,,,,,,,,,,,,,,#000000,0.0,0.0,,66.98464713462717,,0.0,0.0,0.0,0.0,0.0,0.0,0.0,0.0,48.48661665196861,-6.911943803286142,True,False,False,False,True,0.0,0,0.8092181672569368,0.9761137116665507,False,False,False,False,-0.08189998614765691,-0.08845481652295414,False,False,False,False,703227,-948370.0191443934,False,False,False,False,972569.5841607682,False,False,False,False
2022-04-06 00:00:00+00:00,63.0476207756,65.1959100762,60.432312062,64.6354867804,1118682,,,,,,,,,,,,,,,,,,,,,,,,#000000,0.0,0.0,,66.82096018833403,,0.0,0.0,0.0,0.0,0.0,0.0,0.0,0.0,47.75321913116938,-6.911943803286142,True,False,False,False,True,0.0,0,0.7888741480342428,0.989628474619621,False,False,False,False,-0.13398666820250818,-0.11122074236273116,False,False,False,False,-415455,-927471.3909426525,False,False,False,False,978299.4828211303,False,False,False,False
2022-04-07 00:00:00+00:00,58.3774266441,62.0201780667,56.4159451089,62.0201780667,1402333,,,,,,,,,,,,,,,,,,,,,,,,"rgba(239, 83, 80, 0.5)",0.0,0.0,,66.43231385011916,,0.0,0.0,0.0,0.0,0.0,0.0,0.0,0.0,46.26347766828913,-6.911943803286142,True,False,False,True,True,0.0,1,0.7840111515990471,0.9959103282091728,False,False,False,False,-0.1623574571818004,-0.13678909977226578,False,False,False,False,-1817788,-962385.7677684309,False,False,False,False,994928.2482006939,False,False,False,False
2022-04-08 00:00:00+00:00,57.5367917004,60.0474880656,56.7895606394,58.0038111136,652251,,,,,,,,,,,,,,,,,,,,,,,,"rgba(239, 83, 80, 0.5)",0.0,0.0,,66.2476363305256,,0.0,0.0,0.0,0.0,0.0,0.0,0.0,0.0,45.08736009348365,-6.911943803286142,True,False,False,True,False,0.0,1,0.795879097941553,0.9776781309070703,False,False,False,False,-0.1686991305945876,-0.15274411518342668,False,False,False,False,-2470039,-1021509.4239343747,False,False,False,False,981489.9247418431,False,False,False,False
2022-04-11 00:00:00+00:00,56.2291373436,59.0312538225,53.9874441605,56.3225412262,873859,,,,,,,,,,,,,,,,,,,,,,,,"rgba(239, 83, 80, 0.5)",0.0,0.0,,65.96307844977969,,0.0,0.0,0.0,0.0,0.0,0.0,0.0,0.0,44.00075663362188,-6.911943803286142,True,False,False,True,False,0.0,1,0.798945460663958,0.9715641441338878,False,False,False,False,-0.18389762999778134,-0.16832087259060402,False,False,False,False,-3343898,-1112583.4857408698,False,False,False,False,977269.1041637317,False,False,False,False
2022-04-12 00:00:00+00:00,54.1742519257,58.3774266441,53.8940402779,57.8170033483,768370,,,,,,,,,,,,,,,,,,,,,,,,"rgba(239, 83, 80, 0.5)",0.0,0.0,,65.70409245905633,,0.0,0.0,0.0,0.0,0.0,0.0,0.0,0.0,42.782647824877785,-2.796752988386096,False,False,False,True,False,0.0,1,0.776056304671346,1.005774939211862,False,False,False,False,-0.18688153619029993,-0.17760120439045196,False,False,False,False,-4112268,-1230218.172574561,False,False,False,False,969076.9824318206,False,False,False,False
2022-04-13 00:00:00+00:00,57.7235994657,58.8444460573,54.2676558084,55.108290752,606432,,,,,,,,,,,,,,,,,,,,,,,,"rgba(239, 83, 80, 0.5)",0.0,0.0,,65.53903669133223,,0.0,0.0,0.0,0.0,0.0,0.0,0.0,0.0,43.224058108960406,-2.796752988386096,False,False,False,True,False,0.0,1,0.753377841992365,1.0103716816972033,False,False,False,False,-0.1835248703668633,-0.18056303737865764,False,False,False,False,-3505836,-1319458.0873755587,False,False,False,False,954855.6105717492,False,False,False,False
2022-04-14 00:00:00+00:00,54.0808480431,57.3499839352,53.8006363952,56.882964522,490630,,,,,,,,,,,,,,,,,,,,,,,,"rgba(239, 83, 80, 0.5)",0.0,0.0,,65.38104014931346,,0.0,0.0,0.0,0.0,0.0,0.0,0.0,0.0,42.54153331605003,-3.4116946514818522,False,False,False,True,False,0.0,1,0.7551094317764542,1.0125266084805777,False,False,False,False,-0.19136358880523024,-0.18596331309194394,False,False,False,False,-3996466,-1424438.789831419,False,False,False,False,936650.6846669747,False,False,False,False
2022-04-18 00:00:00+00:00,51.83915486,52.4929820384,49.1313763025,52.0072818487,790232,,,,,,,,,,,,,,,,,,,,,,,,"rgba(239, 83, 80, 0.5)",0.0,0.0,,65.04041324443463,,0.0,0.0,0.0,0.0,0.0,0.0,0.0,0.0,41.49579665696186,-4.614003364307592,False,False,False,True,False,0.0,0,0.7557306893782911,1.002473664352936,False,False,False,False,-0.22978505768046267,-0.2078741853862033,False,False,False,False,-4786698,-1556292.0921909714,False,False,False,False,930908.7754643483,False,False,False,False
2022-04-19 00:00:00+00:00,52.1193665079,52.3986441169,48.1964034374,50.2512888553,659408,,,,,,,,,,,,,,,,,,,,,,,,"rgba(239, 83, 80, 0.5)",0.0,0.0,,64.76489995437798,,0.0,0.0,0.0,0.0,0.0,0.0,0.0,0.0,40.91746567847076,-5.360931797984698,False,False,False,True,False,0.0,0,0.7535344091710208,1.0047294825419832,False,False,False,False,-0.23397473245704936,-0.22092445892162632,False,False,False,False,-4127290,-1657115.5395560316,False,False,False,False,920261.6862304523,False,False,False,False
2022-04-20 00:00:00+00:00,47.4491723763,51.5589432121,47.1222587871,51.5589432121,781778,,,,,,,,,,,,,,,,,,,,,,,,"rgba(239, 83, 80, 0.5)",0.0,0.0,27.059726283879378,64.40222596645857,-0.6265049916731134,0.0,0.0,0.0,0.0,0.0,0.0,0.0,0.0,39.24162303150064,-7.117580305018279,False,False,False,True,False,0.0,0,0.7497485595623503,1.0018852942975967,False,False,False,False,-0.24178640771010226,-0.23135543331586428,False,False,False,False,-4909068,-1784643.0870244224,False,False,False,False,914830.9534371012,False,False,False,False
2022-04-21 00:00:00+00:00,42.5921704795,47.8115794409,42.0317471838,46.9821529632,1004614,,,,,,,,,,,,,,,,,,,,,,,,"rgba(239, 83, 80, 1.0)",0.0,0.0,27.38696586416807,63.82957842393784,-0.775456764716823,0.0,0.0,0.0,0.0,0.0,0.0,0.0,0.0,36.925528430043926,-9.397915444272137,False,True,False,True,False,0.0,0,0.7371700413337823,1.018138234775243,False,False,False,False,-0.27825448354251897,-0.2548049584291916,False,False,False,False,-5913682,-1946566.1816509156,False,False,False,False,918351.8572238815,False,False,False,False
2022-04-22 00:00:00+00:00,43.4328054232,47.9161917895,43.1525937753,44.4602481322,931472,,,,,,,,,,,,,,,,,,,,,,,,"rgba(239, 83, 80, 1.0)",0.0,0.0,27.77601958152584,63.347678523789085,-0.7169808129684176,0.0,0.0,0.0,0.0,0.0,0.0,0.0,0.0,35.803991401829094,-10.503284652652752,False,True,False,True,False,0.0,0,0.7157218064113458,1.0350413579145223,False,False,False,False,-0.27315659764875705,-0.26398077803897435,False,False,False,False,-4982210,-2065611.0372724484,False,False,False,False,918866.3726268667,False,False,False,False
2022-04-25 00:00:00+00:00,43.5262093059,44.1800364843,39.6032462354,40.6306889443,869662,,,,,,,,,,,,,,,,,,,,,,,,"rgba(239, 83, 80, 1.0)",0.0,0.0,28.179199615133886,58.77881081271958,-0.5412716370633904,0.0,0.0,0.0,0.0,0.0,0.0,0.0,0.0,35.10685960790742,-11.23367014290492,False,True,False,True,False,0.0,0,0.70489960143806,1.0512067408205281,False,False,False,False,-0.3034015929559632,-0.28369118549746875,False,False,False,False,-4112548,-2145883.0750264702,False,False,False,False,916936.7893865975,False,False,False,False
2022-04-26 00:00:00+00:00,41.8449394185,43.8998248364,41.2845161227,43.7186213041,631445,,,,,,,,,,,,,,,,,,,,,,,,"rgba(239, 83, 80, 1.0)",0.0,0.0,28.51441361101426,58.5009799492618,-0.5841270579146005,0.0,0.0,0.0,0.0,0.0,0.0,0.0,0.0,34.15610489589168,-12.22994009162629,False,True,False,True,False,0.0,0,0.7144984411783352,1.0390939305704867,False,False,False,False,-0.29744957912360964,-0.2905703823105392,False,False,False,False,-4743993,-2247769.7387509225,False,False,False,False,905741.0329400642,False,False,False,False
2022-04-27 00:00:00+00:00,46.1415180195,47.8209198292,43.8998248364,43.8998248364,1198585,,,,,,,,,,,,,,,,,,,,,,,,"rgba(239, 83, 80, 0.75)",0.0,0.0,28.665868692586976,58.41979157340934,-0.4283237911113616,0.0,0.0,0.0,0.0,0.0,0.0,0.0,0.0,35.97005670705539,-12.22994009162629,False,True,False,True,True,0.0,0,0.7227463481131061,1.0073456332978687,False,False,False,False,-0.2699428078254213,-0.2802565950679803,False,False,False,False,-3545408,-2298657.513701867,False,False,False,False,917225.1100796696,False,False,False,False
2022-04-28 00:00:00+00:00,47.542576259,48.28980732,43.8064209537,47.542576259,945918,,,,,,,,,,,,,,,,,,,,,,,,"rgba(239, 83, 80, 0.5)",0.0,0.0,28.73368077729332,58.268840781884066,-0.3732993557637229,0.0,0.0,0.0,0.0,0.0,0.0,0.0,0.0,37.932896988166576,-15.776185755883937,False,False,False,True,True,0.0,0,0.7130418733922141,1.0270760278358884,False,False,False,False,-0.2683750946976704,-0.27431584488282534,False,False,False,False,-2599490,-2310454.8661057153,False,False,False,False,918350.3214490945,False,False,False,False
2022-04-29 00:00:00+00:00,54.361059691,59.4982732357,54.1742519257,57.8917264544,1466429,,,,,,,,,,,,,,,,,,,,,,,,"rgba(239, 83, 80, 0.5)",0.0,0.0,28.45088419909822,58.315722149898,-0.138999632883935,0.0,0.0,0.0,0.0,0.0,0.0,0.0,0.0,42.47630968765905,-11.561111068418313,True,False,False,True,True,0.0,0,0.719643754477644,1.0164009793542788,False,False,False,False,-0.18017552897300004,-0.2272456869279127,False,False,False,False,-1133061,-2264282.5576309813,False,False,False,False,939843.6029608947,False,False,False,False
2022-05-02 00:00:00+00:00,56.6961567568,57.0977934521,52.1193665079,53.8940402779,920362,,,,,,,,,,,,,,,,,,,,,,,,#000000,0.0,0.0,28.013109748405224,58.376718917468516,-0.05999198859970157,0.0,0.0,0.0,0.0,0.0,0.0,0.0,0.0,46.4604006562231,-8.024889612362202,True,False,False,False,True,0.0,0,0.7110801859829416,1.0315867827437202,False,False,False,False,-0.1715060633345798,-0.19937587513124624,False,False,False,False,-212699,-2183828.300468982,False,False,False,False,939079.6185310556,False,False,False,False
2022-05-03 00:00:00+00:00,57.1631761699,59.3581674117,56.0423295784,57.4433878178,647779,,,,,,,,,,,,,,,,,,,,,,,,#000000,0.0,0.0,27.85204178157344,58.54413680299447,-0.04958202504234719,0.0,0.0,0.0,0.0,0.0,0.0,0.0,0.0,49.31162299760623,-5.5976982312085966,True,False,False,False,True,0.0,0,0.7331843773164163,1.008671894875347,False,False,False,False,-0.11503137021353839,-0.15720362267239232,False,False,False,False,435080,-2081126.014176081,False,False,False,False,927656.0648631711,False,False,False,False
2022-05-04 00:00:00+00:00,57.7235994657,58.2840227615,51.6523470947,53.2402130994,777943,,,,,,,,,,,,,,,,,,,,,,,,"rgba(38, 166, 154, 1.0)",0.0,0.0,27.595335523593363,58.58296619354788,-0.031141738686711974,0.0,0.0,0.0,0.0,0.0,0.0,0.0,0.0,51.462500818120546,-3.7841561395405563,True,False,True,False,True,0.0,0,0.7411175335467822,0.9990396126286594,False,False,False,False,-0.14157982471308517,-0.14939172369273873,False,False,False,False,1213023,-1951943.699894666,False,False,False,False,921784.9642803016,False,False,False,False
2022-05-05 00:00:00+00:00,49.8776733247,54.2676558084,48.1029995548,53.2402130994,924075,,,,,,,,,,,,,,,,,,,,,,,,#000000,0.0,0.0,27.50290047269327,58.277392656839275,-0.3054121270038076,0.0,0.0,0.0,0.0,0.0,0.0,0.0,0.0,49.09820864186617,-3.7841561395405563,True,False,False,False,True,0.0,0,0.7294884524455011,1.0002671499110372,False,False,False,False,-0.1787387841561426,-0.16406525392444066,False,False,False,False,288948,-1864065.594016444,False,False,False,False,921874.7696026426,False,False,False,False
2022-05-06 00:00:00+00:00,44.8338636627,48.7568267332,44.5536520148,48.6634228505,762866,,,,,,,,,,,,,,,,,,,,,,,,"rgba(239, 83, 80, 0.5)",0.0,0.0,27.415288076831924,57.84581039266913,-0.47462374619237546,0.0,0.0,0.0,0.0,0.0,0.0,0.0,0.0,45.65476453748133,1.518542699103314,True,False,False,True,False,0.0,0,0.738961292460896,0.9972082635400591,False,False,False,False,-0.23089241112391445,-0.19747883252417756,False,False,False,False,-473918,-1809550.0020942306,False,False,False,False,915639.1315790097,False,False,False,False
2022-05-09 00:00:00+00:00,39.0428229396,42.9657860101,38.6692074091,42.1251510664,788827,,,,,,,,,,,,,,,,,,,,,,,,"rgba(239, 83, 80, 0.5)",0.0,0.0,27.165475972163332,57.203401304012,-0.6685168477453249,0.0,0.0,0.0,0.0,0.0,0.0,0.0,0.0,41.58197475225654,-2.147469272275629,True,False,False,True,False,0.0,0,0.7092901784095483,1.008220994876815,False,False,False,False,-0.30001695122184224,-0.24874789187300989,False,False,False,False,-1262745,-1788106.6686787705,False,False,False,False,910666.1068112054,True,False,False,False
2022-05-10 00:00:00+00:00,41.2845161227,42.9657860101,39.4164384701,42.218554949,789541,,,,,,,,,,,,,,,,,,,,,,,,"rgba(239, 83, 80, 0.5)",0.0,0.0,27.054120094322357,56.692748623851294,-0.5695336772155789,0.0,0.0,0.0,0.0,0.0,0.0,0.0,0.0,40.09418948018836,-3.4029699558192945,False,False,False,True,False,0.0,0,0.7106353654199205,1.006548982740143,False,False,False,False,-0.2955152657769217,-0.2721315788249658,False,False,False,False,-473204,-1736541.8581423482,False,False,False,False,905916.1026225308,False,False,False,False
2022-05-11 00:00:00+00:00,40.5372850617,45.3942869585,40.2570734138,43.5262093059,794950,,,,,,,,,,,,,,,,,,,,,,,,"rgba(239, 83, 80, 0.5)",0.0,0.0,27.00131613744153,56.27356550987983,-0.5827967928703679,0.0,0.0,0.0,0.0,0.0,0.0,0.0,0.0,38.85635567429205,-4.556976662637567,False,False,False,True,False,0.0,0,0.706597715259755,1.009779312745809,False,False,False,False,-0.26893090230297056,-0.27053124056396816,False,False,False,False,-1268154,-1718173.7068426486,False,False,False,False,901564.4907549806,False,False,False,False
2022-05-12 00:00:00+00:00,41.5647277706,43.7130170711,37.7351685828,40.088946425,880396,,,,,,,,,,,,,,,,,,,,,,,,"rgba(239, 83, 80, 0.5)",0.0,0.0,26.92878769368727,53.700738960731655,-0.45067053623719633,0.0,0.0,0.0,0.0,0.0,0.0,0.0,0.0,38.65017588871139,-4.87072452681204,False,False,False,True,False,0.0,0,0.7151423251358747,1.0020049039492507,False,False,False,False,-0.29219946877918357,-0.28136535467157586,False,False,False,False,-387758,-1666000.541868427,False,False,False,False,900734.3538626285,False,False,False,False
2022-05-13 00:00:00+00:00,47.3557684937,47.7760859655,44.0866326016,44.2734403669,773086,,,,,,,,,,,,,,,,,,,,,,,,"rgba(239, 83, 80, 0.5)",0.0,0.0,26.86418658809144,53.90710878320656,-0.24386892445165975,0.0,0.0,0.0,0.0,0.0,0.0,0.0,0.0,41.66773686371325,-4.87072452681204,True,False,False,True,False,0.0,0,0.7361244898627047,0.9772444891180123,False,False,False,False,-0.1912140263539438,-0.23628969051275983,False,False,False,False,385328,-1585556.2853245672,False,False,False,False,895728.536064094,False,False,False,False
2022-05-16 00:00:00+00:00,47.8227879069,49.5974616768,46.2349219021,47.6359801416,591406,,,,,,,,,,,,,,,,,,,,,,,,"rgba(239, 83, 80, 0.5)",0.0,0.0,26.866827508305896,53.99063173171772,-0.2295709764359387,0.0,0.0,0.0,0.0,0.0,0.0,0.0,0.0,43.913254282385736,-4.87072452681204,True,False,False,True,True,0.0,0,0.759155518098646,0.9494094622958602,False,False,False,False,-0.12796043558043446,-0.18212506304659715,False,False,False,False,976734,-1485074.313351055,False,False,False,False,883794.3189635414,False,False,False,False
2022-05-17 00:00:00+00:00,50.7183082684,53.9837080052,48.8502306158,53.0534053342,1050586,,,,,,,,,,,,,,,,,,,,,,,,#000000,0.0,0.0,26.78860011218118,54.26649375021625,-0.1324513213440681,0.0,0.0,0.0,0.0,0.0,0.0,0.0,0.0,46.85161925804806,-9.697597298495722,True,False,False,False,True,0.0,0,0.7796001442293459,0.9160601776293963,False,False,False,False,-0.06039321041767341,-0.12125913673213529,False,False,False,False,2027320,-1347333.3598863077,False,False,False,False,890335.1692002653,False,False,False,False
2022-05-18 00:00:00+00:00,47.6359801416,51.0919237989,47.0755568458,48.4766150853,647637,,,,,,,,,,,,,,,,,,,,,,,,#000000,0.0,0.0,26.344340625461903,54.23974791913795,-0.2506712113779527,0.0,0.0,0.0,0.0,0.0,0.0,0.0,0.0,47.23983983058396,-9.207248968668239,True,False,False,False,True,0.0,0,0.783993386724002,0.9091391272771672,False,False,False,False,-0.10532687696758335,-0.11329300684985932,False,False,False,False,1379683,-1240391.5418515506,False,False,False,False,880817.5939375098,False,False,False,False
2022-05-19 00:00:00+00:00,50.3446927379,51.5458666685,47.9161917895,47.9161917895,691948,,,,,,,,,,,,,,,,,,,,,,,,#000000,0.0,0.0,25.785420706688754,54.25686849342293,-0.1517204547493813,0.0,0.0,0.0,0.0,0.0,0.0,0.0,0.0,48.87651645327774,-7.456954210878344,True,False,False,False,True,0.0,0,0.7748580674056855,0.9219767996190312,False,False,False,False,-0.09282646358336945,-0.10305973521661438,False,False,False,False,2071631,-1110508.3049161958,False,False,False,False,873410.9431948623,False,False,False,False
2022-05-20 00:00:00+00:00,48.6634228505,53.473722806,46.2349219021,52.3061742731,967151,,,,,,,,,,,,,,,,,,,,,,,,#000000,0.0,0.0,25.37063486811175,54.229716387067036,-0.2193990637405487,0.0,0.0,0.0,0.0,0.0,0.0,0.0,0.0,49.07247842034547,-7.022491184356284,True,False,False,False,True,0.0,0,0.7918466310663269,0.9144269279097528,False,False,False,False,-0.09044882686510801,-0.0967542810408612,False,False,False,False,1104480,-1023646.0184488939,False,False,False,False,877087.0238538873,False,False,False,False
2022-05-23 00:00:00+00:00,47.3557684937,48.9436344984,46.3283257848,48.9436344984,563484,,,,,,,,,,,,,,,,,,,,,,,,#000000,0.0,0.0,25.04047266137933,54.15148499645637,-0.27138930621056556,0.0,0.0,0.0,0.0,0.0,0.0,0.0,0.0,48.507355388561145,-7.022491184356284,True,False,False,False,True,0.0,0,0.8152546312674007,0.9160661768426038,False,False,False,False,-0.13341108141992628,-0.11508268123039374,False,False,False,False,540996,-962287.5079214864,False,False,False,False,864788.8660556957,False,False,False,False
2022-05-24 00:00:00+00:00,40.9109005922,45.1140753106,39.7900540006,44.8338636627,913762,,,,,,,,,,,,,,,,,,,,,,,,"rgba(239, 83, 80, 0.5)",0.0,0.0,24.673548736391297,53.78591364080803,-0.5218144007642699,0.0,0.0,0.0,0.0,0.0,0.0,0.0,0.0,45.19038478621289,-7.022491184356284,True,False,False,True,False,0.0,0,0.8185159777613239,0.882713710875025,False,False,False,False,-0.2360476529049734,-0.17556516706768358,False,False,False,False,-372766,-939169.0174147615,False,False,False,False,866709.3811123351,False,False,False,False
2022-05-25 00:00:00+00:00,42.9657860101,43.5262093059,41.6599997309,42.3119588317,452169,,,,,,,,,,,,,,,,,,,,,,,,"rgba(239, 83, 80, 0.5)",0.0,0.0,24.361043231760004,53.63701911440337,-0.4380449967918888,0.0,0.0,0.0,0.0,0.0,0.0,0.0,0.0,44.23447389721249,-7.022491184356284,True,False,False,True,False,0.0,0,0.8228661771131286,0.8792879282732073,False,False,False,False,-0.29893811365059436,-0.23725164035913898,False,False,False,False,79403,-899225.0167318296,False,False,False,False,850452.895578518,False,False,False,False
2022-05-26 00:00:00+00:00,49.5974616768,49.9710772074,44.3668442495,44.8338636627,764882,,,,,,,,,,,,,,,,,,,,,,,,#000000,0.0,0.0,23.723782929008348,53.576301510961066,-0.16771523521638376,0.0,0.0,0.0,0.0,0.0,0.0,0.0,0.0,47.03306590909135,-7.022491184356284,True,False,False,False,False,0.0,0,0.7962036566077701,0.9081320671403537,False,False,False,False,-0.1957040440627157,-0.21647784221092733,False,False,False,False,844285,-830852.074899209,False,False,False,False,847097.1741832821,False,False,False,False
2022-05-27 00:00:00+00:00,51.0919237989,51.0919237989,47.3539004161,50.1578849726,620384,,,,,,,,,,,,,,,,,,,,,,,,#000000,0.0,0.0,22.714046359644247,53.57471461014961,-0.10930640767119139,0.0,0.0,0.0,0.0,0.0,0.0,0.0,0.0,49.568618286926494,-6.041987654833768,True,False,False,False,True,0.0,0,0.8267851955149403,0.8988379524726051,False,False,False,False,-0.1507920756503461,-0.18363495893063672,False,False,False,False,1464669,-740831.640589436,False,False,False,False,838206.4614702122,False,False,False,False
2022-05-31 00:00:00+00:00,55.8275006483,57.7609610188,54.9214829868,57.2192184995,2153291,,,,,,,,,,,,,,,,,,,,,,,,"rgba(38, 166, 154, 1.0)",0.0,0.0,21.7350370047427,54.038718590502796,0.08229947146659491,0.0,0.0,0.0,0.0,0.0,0.0,0.0,0.0,53.206703574509355,-2.5819748591491134,True,False,True,False,True,0.0,0,0.8187168957927271,0.9236386359580472,False,False,False,False,0.0013873872123015038,-0.09112378585916761,False,False,False,False,3617960,-569898.6350761249,False,False,False,False,889778.4041576548,False,False,False,False
2022-06-01 00:00:00+00:00,53.6325094065,57.4433878178,52.2501319436,56.9203260751,1512927,,,,,,,,,,,,,,,,,,,,,,,,"rgba(38, 166, 154, 1.0)",0.0,0.0,20.98054431725188,54.19807055088993,-0.026956457174701718,0.0,0.0,0.0,0.0,0.0,0.0,0.0,0.0,54.38955793389971,-1.460556525924524,True,False,True,False,True,0.0,0,0.8248906594547868,0.9085620652271182,False,False,False,False,-0.03033362547938565,-0.06072870566927663,False,False,False,False,2105033,-464999.35526921804,False,False,False,False,914215.6039946096,False,False,False,False
2022-06-02 00:00:00+00:00,59.5636559535,59.9559522606,54.4544635736,54.4731443502,2884713,,,,,,,,,,,,,,,,,,,,,,,,"rgba(38, 166, 154, 1.0)",0.0,0.0,20.19201798538166,54.72208093101496,0.23977667937846442,0.0,0.0,0.0,0.0,0.0,0.0,0.0,0.0,57.40992418843761,1.4279518131152145,True,False,True,False,True,0.0,0,0.8139268487501882,0.9328425210993283,False,False,False,False,0.019723276699723725,-0.020502714484776453,False,False,False,False,4989746,-251087.7727096409,False,False,False,False,991490.0116810955,False,False,False,False
2022-06-03 00:00:00+00:00,56.4626470502,58.4147881972,55.3791620117,57.2659204408,2234631,,,,,,,,,,,,,,,,,,,,,,,,"rgba(38, 166, 154, 1.0)",0.0,0.0,18.996011711823527,54.95944806702778,0.07913234661971677,0.0,0.0,0.0,0.0,0.0,0.0,0.0,0.0,57.69420485251285,1.7631403242916406,True,False,True,False,True,0.0,0,0.8118075299941444,0.9505246516138548,False,False,False,False,0.013180942364109374,-0.0036608860603335397,False,False,False,False,2755115,-133197.46789749814,False,False,False,False,1040240.6386739936,False,False,False,False
2022-06-06 00:00:00+00:00,61.5905202066,65.8497372546,60.6284602155,64.5981252273,1892654,,,,,,,,,,,,,,,,,,,,,,,,"rgba(38, 166, 154, 1.0)",0.0,0.0,17.64598080945687,55.41080531710127,0.35020523688810096,0.0,0.0,0.0,0.0,0.0,0.0,0.0,0.0,59.68495153939516,3.788095917982396,True,False,True,False,True,0.0,0,0.8331160447979787,0.9025317824235196,False,False,False,False,0.14884634204109323,0.07259272799037984,False,False,False,False,4647769,54291.413196521404,False,False,False,False,1073668.6136279546,False,False,False,False
2022-06-07 00:00:00+00:00,66.718393363,66.9799242344,61.3663508883,61.8987530193,1572064,,,,,,,,,,,,,,,,,,,,,,,,"rgba(38, 166, 154, 1.0)",0.0,0.0,16.285385255575452,55.82988568655082,0.6686060848773231,0.0,0.0,0.0,0.0,0.0,0.0,0.0,0.0,62.52192126305373,6.576209228325638,True,False,True,False,True,0.0,0,0.8608302971219411,0.8923577256637766,False,False,False,False,0.16917217028336867,0.12088244913687426,False,False,False,False,6219833,296077.35777705,False,False,False,False,1093213.530740584,False,False,False,False
2022-06-08 00:00:00+00:00,74.4802560096,75.5777516305,69.8847849842,71.192439341,2078193,,,,,,,,,,,,,,,,,,,,,,,,"rgba(38, 166, 154, 1.0)",1.0,62.784416,15.414098087812341,58.78922764373645,1.017966038393785,0.0,0.0,0.0,0.0,0.0,0.0,0.0,0.0,66.23548152998174,10.111536742505336,True,False,True,False,True,2.1288748963358906,0,0.8712726789229024,0.8881305064951115,False,False,False,False,0.34282825210135776,0.231855350619116,False,False,False,False,8298026,609879.2653152049,False,False,False,False,1131840.1765938946,False,False,False,False
2022-06-09 00:00:00+00:00,64.6728483334,69.7342179254,64.4434483977,68.6611941217,1564701,,,,,,,,,,,,,,,,,,,,,,,,"rgba(38, 166, 154, 1.0)",0.0,0.0,14.7499367235226,58.724959401552695,0.40324843715172354,0.0,0.0,0.0,0.0,0.0,0.0,0.0,0.0,63.976258843996916,10.111536742505336,True,False,True,False,True,0.0,0,0.8287712516440892,0.9160022085711773,False,False,False,False,0.2169937245850313,0.22442453760207365,False,False,False,False,6733325,850014.392165589,False,False,False,False,1148815.1108451146,False,False,False,False
2022-06-10 00:00:00+00:00,64.90635804,69.4924886772,63.4043302034,67.2439770106,1510613,,,,,,,,,,,,,,,,,,,,,,,,"rgba(38, 166, 154, 0.75)",0.0,0.0,14.140856803024153,58.832939789167455,0.42949436059162194,0.0,0.0,0.0,0.0,0.0,0.0,0.0,0.0,62.538019671789314,10.111536742505336,True,False,True,False,False,0.0,0,0.836597292316222,0.909828632268863,False,False,False,False,0.20319622707720567,0.21381038233963967,False,False,False,False,8243938,1139972.180708115,False,False,False,False,1163003.2633609925,False,False,False,False
2022-06-13 00:00:00+00:00,55.7621179305,59.9559522606,53.6885517361,58.4521497502,1510019,,,,,,,,,,,,,,,,,,,,,,,,"rgba(38, 166, 154, 0.75)",0.0,0.0,13.398472989838321,58.47171180317885,-0.2022315434552776,0.0,0.0,0.0,0.0,0.0,0.0,0.0,0.0,58.04041143379549,14.580977901666884,True,False,True,False,False,0.0,0,0.8362529979983306,0.9076185879176989,False,False,False,False,0.0019500999254677886,0.10788024113255373,False,False,False,False,6733919,1359342.6442097574,False,False,False,False,1176611.7236213456,False,False,False,False
2022-06-14 00:00:00+00:00,62.9635572813,63.7948518367,58.7052742722,59.0312538225,1672166,,,,,,,,,,,,,,,,,,,,,,,,"rgba(38, 166, 154, 0.75)",0.0,0.0,12.583212167107089,58.50791408296433,0.35409425980934045,0.0,0.0,0.0,0.0,0.0,0.0,0.0,0.0,57.310545837875964,13.890200036143469,True,False,True,False,False,0.0,0,0.8395176754856872,0.9180934102998012,False,False,False,False,0.09352496132828428,0.100702601230419,False,False,False,False,8406085,1635685.4816917276,False,False,False,False,1196045.2246558026,False,False,False,False
2022-06-15 00:00:00+00:00,65.1585485231,66.2793951147,61.9641357371,65.1025061935,801601,,,,,,,,,,,,,,,,,,,,,,,,"rgba(38, 166, 154, 0.75)",0.0,0.0,11.864741700740653,58.59967645449367,0.5528036120834295,0.0,0.0,0.0,0.0,0.0,0.0,0.0,0.0,57.45473015124504,13.890200036143469,True,False,True,False,False,0.0,0,0.842503292261257,0.9441776514097583,False,False,False,False,0.15366703538051743,0.1271848183054682,False,False,False,False,9207686,1932626.6784881307,False,False,False,False,1180576.8236889082,False,False,False,False
2022-06-16 00:00:00+00:00,58.5642344094,60.7592256512,56.882964522,58.9659645086,1246497,,,,,,,,,,,,,,,,,,,,,,,,"rgba(38, 166, 154, 0.75)",0.0,0.0,11.017959330741263,58.53573175424198,0.002586926880234186,0.0,0.0,0.0,0.0,0.0,0.0,0.0,0.0,55.162811187776086,11.511342868313314,True,False,True,False,False,0.0,0,0.8303872272713132,0.9437588874895173,False,False,False,False,0.043193836122649515,0.08518932721405886,False,False,False,False,7961189,2169040.887174871,False,False,False,False,1183161.9286422844,False,False,False,False
2022-06-17 00:00:00+00:00,61.9921569019,66.3635520129,59.8158464366,65.0744850287,960510,,,,,,,,,,,,,,,,,,,,,,,,"rgba(38, 166, 154, 0.75)",0.0,0.0,10.273834645345156,58.60277670110186,0.3299041027815058,0.0,0.0,0.0,0.0,0.0,0.0,0.0,0.0,54.72615677416524,10.873954635389062,True,False,True,False,False,0.0,0,0.854872287098398,0.9021042521224023,False,False,False,False,0.13194766587466492,0.10856849654436189,False,False,False,False,8921699,2433851.0092464443,False,False,False,False,1174430.480460234,False,False,False,False
2022-06-21 00:00:00+00:00,66.8211376339,68.0914304377,64.7942733808,65.831056478,843697,,,,,,,,,,,,,,,,,,,,,,,,"rgba(38, 166, 154, 0.75)",0.0,0.0,9.88729156331251,58.74507081096492,0.8168128522579317,0.0,0.0,0.0,0.0,0.0,0.0,0.0,0.0,55.867085520614445,10.873954635389062,True,False,True,False,False,0.0,0,0.8795158980496631,0.8788836368749545,False,False,False,False,0.20307683445395083,0.15582266549915635,False,False,False,False,9765396,2721362.5775112896,False,False,False,False,1161460.5400500288,False,False,False,False
2022-06-22 00:00:00+00:00,62.91685534,65.2519524057,61.711945254,62.5899417508,1219818,,,,,,,,,,,,,,,,,,,,,,,,"rgba(38, 166, 154, 0.75)",0.0,0.0,9.69095772578874,58.840614788790944,0.42062308664929104,0.0,0.0,0.0,0.0,0.0,0.0,0.0,0.0,55.14559112818175,10.824252604448773,True,False,True,False,False,0.0,0,0.8630533518118635,0.8772443393598862,False,False,False,False,0.1401867204766957,0.148004692987926,False,False,False,False,8545578,2949763.1823147684,False,False,False,False,1163749.0678912043,False,False,False,False
2022-06-23 00:00:00+00:00,65.8030353133,68.2502170382,63.094322717,65.3360159001,1420383,,,,,,,,,,,,,,,,,,,,,,,,"rgba(38, 166, 154, 0.75)",0.0,0.0,9.682240049169142,59.02781955947128,0.6997570520274506,0.0,0.0,0.0,0.0,0.0,0.0,0.0,0.0,55.567981940062346,10.824252604448773,True,False,True,False,False,0.0,0,0.8769124663960618,0.863009377915195,False,False,False,False,0.18657601015754258,0.1672903515727343,False,False,False,False,9965961,3224908.194773013,False,False,False,False,1173813.1436601765,False,False,False,False
2022-06-24 00:00:00+00:00,70.6880583748,71.0429931288,68.2774909719,69.6139137246,975896,,,,,,,,,,,,,,,,,,,,,,,,"rgba(38, 166, 154, 0.75)",0.0,0.0,9.768348957542662,59.243223513152856,1.1716242848603369,0.0,0.0,0.0,0.0,0.0,0.0,0.0,0.0,57.27743733743513,10.824252604448773,True,False,True,False,False,1.0273080027236112,1,0.8868024943148008,0.8433236508065929,False,False,False,False,0.27328005082639517,0.22028520119956474,False,False,False,False,10941857,3527533.6381152477,False,False,False,False,1166051.687046052,False,False,False,False
2022-06-27 00:00:00+00:00,71.1737585645,74.8071695988,70.5807373137,74.5082771744,673458,,,,,,,,,,,,,,,,,,,,,,,,"rgba(38, 166, 154, 1.0)",0.0,0.0,9.74584079150455,60.83635073045283,1.060699436323472,0.0,0.0,0.0,0.0,0.0,0.0,0.0,0.0,58.55639346317259,10.824252604448773,True,False,True,False,True,1.201048632801026,1,0.893551738231953,0.8321252808437903,False,False,False,False,0.3419650187203789,0.2811251099599718,False,False,False,False,11615315,3844701.534659748,False,False,False,False,1146734.2875540499,False,False,False,False
2022-06-28 00:00:00+00:00,70.5572929391,74.3588309622,69.8194022664,73.0895656011,876849,,,,,,,,,,,,,,,,,,,,,,,,"rgba(38, 166, 154, 1.0)",0.0,0.0,9.88743521269449,60.98120451950417,0.9685108638993736,0.0,0.0,0.0,0.0,0.0,0.0,0.0,0.0,59.11100517381355,10.824252604448773,True,False,True,False,True,0.96995586256444,1,0.8940464927336347,0.8301826807704078,False,False,False,False,0.32804006306973266,0.30458258651485226,False,False,False,False,10738466,4115045.239182895,False,False,False,False,1136150.5507872244,False,False,False,False
2022-06-29 00:00:00+00:00,68.9787673227,70.1369754673,67.1573916114,69.6792964424,622220,,,,,,,,,,,,,,,,,,,,,,,,"rgba(38, 166, 154, 1.0)",0.0,0.0,9.941795714667412,60.97527823759261,0.8050345546026065,0.0,0.0,0.0,0.0,0.0,0.0,0.0,0.0,58.68632341364267,10.824252604448773,True,False,True,False,True,0.37270579107247315,1,0.8954032262987572,0.8311068026280247,False,False,False,False,0.25092143976458114,0.2777520131397167,False,False,False,False,10116246,4350386.4454894485,False,False,False,False,1115996.4115406666,False,False,False,False
2022-06-30 00:00:00+00:00,67.8579207311,68.2315362616,63.4679382475,66.0832469611,754956,,,,,,,,,,,,,,,,,,,,,,,,"rgba(38, 166, 154, 1.0)",0.0,0.0,9.744902031129403,60.925687079086615,0.7113702764654635,0.0,0.0,0.0,0.0,0.0,0.0,0.0,0.0,57.825131853866594,10.824252604448773,True,False,True,False,True,0.0,1,0.8839063941616191,0.8354969319635166,False,False,False,False,0.1903669937034417,0.23405950342157922,False,False,False,False,9361290,4546892.467234961,False,False,False,False,1101837.964029268,False,False,False,False
2022-07-01 00:00:00+00:00,69.6792964424,70.6682567517,66.3541182208,67.5630446737,907515,,,,,,,,,,,,,,,,,,,,,,,,"rgba(38, 166, 154, 1.0)",0.0,0.0,9.632293325012725,61.0302630963091,0.8979204696384676,0.0,0.0,0.0,0.0,0.0,0.0,0.0,0.0,57.995365832392,10.824252604448773,True,False,True,False,True,0.6441284675526049,1,0.8991172777810905,0.825810548202989,False,False,False,False,0.2479390296586447,0.24099926654011194,False,False,False,False,10268805,4771281.19401006,False,False,False,False,1094217.4556359632,False,False,False,False
2022-07-05 00:00:00+00:00,70.090273526,70.090273526,65.0931658053,66.7464145278,803559,,,,,,,,,,,,,,,,,,,,,,,,"rgba(38, 166, 154, 1.0)",0.0,0.0,9.629563218981728,61.11071028763141,0.9324995364969554,0.0,0.0,0.0,0.0,0.0,0.0,0.0,0.0,58.28202444849698,10.824252604448773,True,False,True,False,True,0.8030788032798384,1,0.9119966514268963,0.8144588476608079,False,False,False,False,0.22788512998272464,0.2344421982614183,False,False,False,False,11072364,5018382.48051947,False,False,False,False,1082819.0848267097,False,False,False,False
2022-07-06 00:00:00+00:00,64.8876772635,68.3809824739,62.7020264099,68.100770826,1014167,,,,,,,,,,,,,,,,,,,,,,,,"rgba(38, 166, 154, 0.75)",0.0,0.0,9.669182158629912,61.10167218828471,0.3915538060099748,0.0,0.0,0.0,0.0,0.0,0.0,0.0,0.0,55.57072460278837,9.25266048983471,True,False,True,False,False,0.0,1,0.8967235643808971,0.8180324187980448,False,False,False,False,0.18378604816515853,0.20911412321328843,False,False,False,False,10058197,5216022.265597138,False,False,False,False,1080126.8462060546,False,False,False,False
2022-07-07 00:00:00+00:00,68.278238203,69.3243616884,66.0303803636,67.250795494,1004076,,,,,,,,,,,,,,,,,,,,,,,,"rgba(38, 166, 154, 0.75)",0.0,0.0,9.663310011951184,61.19982940600234,0.732503540530458,0.0,0.0,0.0,0.0,0.0,0.0,0.0,0.0,55.35657550853141,8.908456007371505,True,False,True,False,False,0.10449516365957834,1,0.9162386544511225,0.7980833847144698,False,False,False,False,0.22974538880433462,0.21942975600881154,False,False,False,False,11062273,5445287.000279603,False,False,False,False,1077144.460080327,False,False,False,False
2022-07-08 00:00:00+00:00,65.1492081348,67.2693828667,63.7574902836,65.9244603607,768993,,,,,,,,,,,,,,,,,,,,,,,,#000000,0.0,0.0,9.701320042863442,61.21508979262847,0.40552402402862514,0.0,0.0,0.0,0.0,0.0,0.0,0.0,0.0,53.58966501670406,7.099808467529876,False,False,False,False,False,0.0,1,0.8999580529618848,0.8019833826412311,False,False,False,False,0.18318757283172774,0.20130866442026962,False,False,False,False,10293280,5635404.372817658,False,False,False,False,1065060.0890967848,False,False,False,False
2022-07-11 00:00:00+00:00,56.5093489915,59.899909931,56.0423295784,59.899909931,896958,,,,,,,,,,,,,,,,,,,,,,,,#000000,0.0,0.0,9.602273805273098,61.03298186992254,-0.4711001758706757,0.0,0.0,0.0,0.0,0.0,0.0,0.0,0.0,48.87040061214948,2.64732805082199,False,True,False,False,False,0.0,1,0.8815239336343075,0.8312154536048189,False,False,False,False,0.025645803735422624,0.11347723407784613,False,False,False,False,9396322,5782891.338589515,False,False,False,False,1058467.8503086756,False,False,False,False
2022-07-12 00:00:00+00:00,56.7241779216,58.0411726666,55.1550860972,56.7335183098,328789,,,,,,,,,,,,,,,,,,,,,,,,"rgba(239, 83, 80, 1.0)",0.0,0.0,9.487447189639418,60.96575389935242,-0.4470724203223338,0.0,0.0,0.0,0.0,0.0,0.0,0.0,0.0,45.840749576466436,-0.04950005806816904,False,True,False,True,False,0.0,0,0.8782091255767618,0.838154816570818,False,False,False,False,-0.0026714015563857867,0.05540291626073017,False,False,False,False,9725111,5937488.188056593,False,False,False,False,1029852.9934338256,False,False,False,False
2022-07-13 00:00:00+00:00,57.7049186892,59.1246577052,54.183592314,54.7346752215,414467,,,,,,,,,,,,,,,,,,,,,,,,"rgba(239, 83, 80, 1.0)",0.0,0.0,9.429383733778742,60.89039457665855,-0.33782439843308826,0.0,0.0,0.0,0.0,0.0,0.0,0.0,0.0,44.386377096571266,-1.2657075311843897,False,True,False,True,False,0.0,0,0.8590006528905146,0.8514595182556443,False,False,False,False,-0.00151674545879714,0.026943085400966515,False,False,False,False,10139578,6102276.02381908,False,False,False,False,1005720.2093775971,False,False,False,False
2022-07-14 00:00:00+00:00,54.4918251267,56.9763684047,53.1374688285,56.6587952037,534830,,,,,,,,,,,,,,,,,,,,,,,,"rgba(239, 83, 80, 1.0)",0.0,0.0,9.422704957364038,60.769599030883505,-0.6662390399136179,0.0,0.0,0.0,0.0,0.0,0.0,0.0,0.0,42.14267852311666,-3.2778142847058547,False,True,False,True,False,0.0,0,0.8597693418928909,0.8478565503239337,False,False,False,False,-0.03446538114037824,-0.0037611478697058623,False,False,False,False,9604748,6239627.866022253,False,False,False,False,987253.926656907,False,False,False,False
2022-07-15 00:00:00+00:00,53.3055958173,53.3989996999,49.8776733247,52.8665975689,728610,,,,,,,,,,,,,,,,,,,,,,,,"rgba(239, 83, 80, 1.0)",0.0,0.0,9.398351483614116,59.731170061138116,-0.6836916298609395,0.0,0.0,0.0,0.0,0.0,0.0,0.0,0.0,40.194083308128526,-5.03040744549633,False,True,False,True,False,0.0,0,0.8319034436986268,0.8648733391568464,False,False,False,False,-0.10533201581007033,-0.0545465818398881,False,False,False,False,8876138,6343020.42029589,False,False,False,False,977111.0275723224,False,False,False,False
2022-07-18 00:00:00+00:00,56.4252854971,59.0779557638,56.135733461,56.5093489915,1516342,,,,,,,,,,,,,,,,,,,,,,,,"rgba(239, 83, 80, 1.0)",0.0,0.0,9.280342300671844,59.9050204275729,-0.3749576058440202,0.0,0.0,0.0,0.0,0.0,0.0,0.0,0.0,40.90162660228264,-5.03040744549633,False,True,False,True,False,0.0,0,0.8584014651191032,0.8502804831959282,False,False,False,False,0.018130678667329436,-0.01820795158627933,False,False,False,False,10392480,6501822.756754875,False,False,False,False,998257.3402165452,False,False,False,False
2022-07-19 00:00:00+00:00,58.797744116,59.0686153756,56.2851796732,57.8170033483,671842,,,,,,,,,,,,,,,,,,,,,,,,"rgba(239, 83, 80, 0.75)",0.0,0.0,9.22316073289482,59.90963205399608,-0.12055389363762051,0.0,0.0,0.0,0.0,0.0,0.0,0.0,0.0,42.781929484404,-5.03040744549633,False,True,False,True,True,0.0,0,0.880281676183257,0.8447110893240265,False,False,False,False,0.019575709818762218,0.0006838791162414436,False,False,False,False,11064322,6680744.295705665,False,False,False,False,985456.7386394257,False,False,False,False
2022-07-20 00:00:00+00:00,57.9851303371,59.9559522606,56.4346258854,58.3587458676,1576736,,,,,,,,,,,,,,,,,,,,,,,,"rgba(239, 83, 80, 0.75)",0.0,0.0,9.223540705016317,59.87312383971821,-0.2046929224903191,0.0,0.0,0.0,0.0,0.0,0.0,0.0,0.0,43.61874574210749,-5.03040744549633,False,True,False,True,True,0.0,0,0.8966685328862468,0.8249305819683828,False,False,False,False,0.03027188193184977,0.015477880524045608,False,False,False,False,9487586,6790816.519403483,False,False,False,False,1008644.160653566,False,False,False,False
2022-07-21 00:00:00+00:00,60.0400157549,60.8713103104,58.302703538,58.302703538,351391,,,,,,,,,,,,,,,,,,,,,,,,"rgba(239, 83, 80, 0.75)",0.0,0.0,9.191742619222909,59.88383901273569,0.01699098295438444,0.0,0.0,0.0,0.0,0.0,0.0,0.0,0.0,45.44440268740845,-9.440302759901883,False,True,False,True,True,0.0,0,0.9175154839071747,0.8042949255311982,False,False,False,False,0.05902884870610152,0.037253364615073566,False,False,False,False,9838977,6910352.224524915,False,False,False,False,982869.5269024458,False,False,False,False
2022-07-22 00:00:00+00:00,56.0143084136,59.0032326577,55.3698216234,58.835105669,373674,,,,,,,,,,,,,,,,,,,,,,,,"rgba(239, 83, 80, 0.75)",0.0,0.0,8.963681198996973,59.85048230962688,-0.4279685779605975,0.0,0.0,0.0,0.0,0.0,0.0,0.0,0.0,44.52916173389137,-9.440302759901883,False,True,False,True,True,0.0,0,0.9021368347182014,0.8091479231507268,False,False,False,False,0.009461870262241377,0.023357617438657472,False,False,False,False,9465303,7010546.3725827625,False,False,False,False,958979.5062396049,False,False,False,False
2022-07-25 00:00:00+00:00,57.4060262648,57.6862379127,55.1269715286,56.3318816145,227038,,,,,,,,,,,,,,,,,,,,,,,,"rgba(239, 83, 80, 0.75)",0.0,0.0,8.87255452377721,59.83036720474577,-0.27324046681808223,0.0,0.0,0.0,0.0,0.0,0.0,0.0,0.0,44.82073310270706,-9.440302759901883,False,True,False,True,True,0.0,0,0.897294224093924,0.8209428937917376,False,False,False,False,-0.006620802498179798,0.008368407470238837,False,False,False,False,9692341,7115714.789344222,False,False,False,False,930275.9177596205,False,False,False,False
2022-07-26 00:00:00+00:00,55.6500332713,58.7417017864,55.3418004586,58.1345765493,224957,,,,,,,,,,,,,,,,,,,,,,,,"rgba(239, 83, 80, 0.75)",0.0,0.0,8.833548781603387,59.8095669934119,-0.47087912513422425,0.0,0.0,0.0,0.0,0.0,0.0,0.0,0.0,44.08441996439137,-9.440302759901883,False,True,False,True,True,0.0,0,0.906340452644835,0.8092384921339933,False,False,False,False,-0.011987156491335858,-0.0018093745105485105,False,False,False,False,9467384,7207937.111330723,False,False,False,False,902616.3523572824,False,False,False,False
2022-07-27 00:00:00+00:00,57.9384283958,58.2092062515,54.5572078445,56.9763684047,238676,,,,,,,,,,,,,,,,,,,,,,,,"rgba(239, 83, 80, 0.75)",0.0,0.0,8.831993494458132,59.79078917730853,-0.20973303282784828,0.0,0.0,0.0,0.0,0.0,0.0,0.0,0.0,45.1432447482908,-9.2037578282727,False,True,False,True,True,0.0,0,0.8884096581186084,0.8309674093561294,False,False,False,False,-0.026347053546985702,-0.014078214028767105,False,False,False,False,9706060,7305902.71480795,False,False,False,False,876579.4757942518,False,False,False,False
2022-07-28 00:00:00+00:00,55.9489256957,57.415366653,52.2520000212,56.9857087929,418935,,,,,,,,,,,,,,,,,,,,,,,,"rgba(239, 83, 80, 0.75)",0.0,0.0,8.829772345268488,59.73445037714934,-0.42872279526865104,0.0,0.0,0.0,0.0,0.0,0.0,0.0,0.0,44.71639734104603,-9.2037578282727,False,True,False,True,True,0.0,0,0.8711318991891596,0.8400690650125366,False,False,False,False,-0.06018871822271515,-0.03713346612574113,False,False,False,False,9287125,7383597.706384109,False,False,False,False,858632.633606242,False,False,False,False
2022-07-29 00:00:00+00:00,50.1765657492,51.1759872933,48.4532641146,50.4380966205,697459,,,,,,,,,,,,,,,,,,,,,,,,"rgba(239, 83, 80, 1.0)",0.0,0.0,8.853592440575202,59.52834839670862,-1.0562698373882966,0.0,0.0,0.0,0.0,0.0,0.0,0.0,0.0,41.70285667372501,-9.2037578282727,False,True,False,True,False,0.0,0,0.8425724968877178,0.8659242925476371,False,False,False,False,-0.171169574989595,-0.10415152055766808,False,False,False,False,8589666,7430894.502212184,False,False,False,False,852312.0989550169,False,False,False,False
2022-08-01 00:00:00+00:00,47.5612570355,48.5700189679,45.5810947237,47.7949535498,612466,,,,,,,,,,,,,,,,,,,,,,,,"rgba(239, 83, 80, 1.0)",0.0,0.0,8.902167144727095,59.312227403312285,-1.3200123269728299,0.0,0.0,0.0,0.0,0.0,0.0,0.0,0.0,38.68175883058754,-7.0273081187092,False,True,False,True,False,0.0,0,0.8330689684811963,0.8593238125751734,False,False,False,False,-0.2333672169185653,-0.1687593687381167,False,False,False,False,7977200,7452318.247223471,False,False,False,False,842906.369584232,False,False,False,False
2022-08-02 00:00:00+00:00,49.1491230402,50.8023717628,45.2168195815,45.5250523942,729556,,,,,,,,,,,,,,,,,,,,,,,,"rgba(239, 83, 80, 1.0)",0.0,0.0,8.930182623358796,58.12665975600493,-1.0053027014612523,0.0,0.0,0.0,0.0,0.0,0.0,0.0,0.0,37.87527748268311,-7.790600272661344,False,True,False,True,False,0.0,1,0.8307372716215312,0.8547597766384458,False,False,False,False,-0.21198085629706478,-0.19037011251759073,False,False,False,False,8706756,7501511.884587256,False,False,False,False,838461.257051517,False,False,False,False
2022-08-03 00:00:00+00:00,51.1012641872,51.3725090624,47.2156626698,48.8315498393,374810,,,,,,,,,,,,,,,,,,,,,,,,"rgba(239, 83, 80, 1.0)",0.0,0.0,8.943356894135562,58.09489526689014,-0.7819917244134673,0.0,0.0,0.0,0.0,0.0,0.0,0.0,0.0,38.77810458839943,-7.790600272661344,False,True,False,True,False,0.0,1,0.8422842317017989,0.8580869851463961,False,False,False,False,-0.18287526252876482,-0.1866226875231778,False,False,False,False,9081566,7563474.791074031,False,False,False,False,820278.8548142026,False,False,False,False
2022-08-04 00:00:00+00:00,53.0253841694,55.7527775422,52.1193665079,54.1742519257,401395,,,,,,,,,,,,,,,,,,,,,,,,"rgba(239, 83, 80, 0.75)",0.0,0.0,8.93785095267962,58.1669208974504,-0.5752542479474825,0.0,0.0,0.0,0.0,0.0,0.0,0.0,0.0,40.73619033023298,-7.790600272661344,False,True,False,True,True,0.0,1,0.8572110347605978,0.8285269484866483,False,False,False,False,-0.0798507817333393,-0.13323673462825855,False,False,False,False,9482961,7638748.760051521,False,False,False,False,803852.0369783515,False,False,False,False
2022-08-05 00:00:00+00:00,50.4661177853,50.8396399119,49.4325104201,50.3633735144,339395,,,,,,,,,,,,,,,,,,,,,,,,"rgba(239, 83, 80, 0.75)",0.0,0.0,8.948361370216064,58.10476390840649,-0.8536363035729803,0.0,0.0,0.0,0.0,0.0,0.0,0.0,0.0,40.686165459083966,-7.790600272661344,False,True,False,True,True,0.0,1,0.8699912612638463,0.830214362136005,False,False,False,False,-0.16633255737196795,-0.14978464600011326,False,False,False,False,9143566,7697761.200833814,False,False,False,False,785638.0355282201,False,False,False,False
2022-08-08 00:00:00+00:00,48.7661671214,51.0172006928,48.5793593562,50.06448109,301311,,,,,,,,,,,,,,,,,,,,,,,,"rgba(239, 83, 80, 0.75)",0.0,0.0,8.933651219250821,58.03492587983695,-1.0375107031785629,0.0,0.0,0.0,0.0,0.0,0.0,0.0,0.0,39.80881432822848,-7.790600272661344,False,True,False,True,True,0.0,0,0.8626333218969945,0.8263588225517622,False,False,False,False,-0.266062528446385,-0.20792358722324913,False,False,False,False,8842255,7742643.310605037,False,False,False,False,766644.8184486821,False,False,False,False
2022-08-09 00:00:00+00:00,47.6359801416,49.4199942998,47.2436838346,48.5700189679,193908,,,,,,,,,,,,,,,,,,,,,,,,"rgba(239, 83, 80, 0.75)",0.0,0.0,8.853747492443834,57.975574067659096,-1.167821189262891,0.0,0.0,0.0,0.0,0.0,0.0,0.0,0.0,38.67043821058055,-7.790600272661344,False,True,False,True,True,0.0,0,0.8502366559772515,0.852329052889504,False,False,False,False,-0.3069740780448584,-0.25744883263405377,False,False,False,False,8648347,7778161.102346016,False,False,False,False,744184.5510585377,False,False,False,False
2022-08-10 00:00:00+00:00,48.5233170266,48.5534864807,45.7398813242,47.4491723763,458271,,,,,,,,,,,,,,,,,,,,,,,,"rgba(239, 83, 80, 0.75)",0.0,0.0,8.778609133069123,57.833863400901414,-1.0605947061965066,0.0,0.0,0.0,0.0,0.0,0.0,0.0,0.0,38.681471688455176,-7.790600272661344,False,True,False,True,True,0.0,0,0.8328112265956289,0.8592959258798162,False,False,False,False,-0.3407762670133933,-0.29911254982372354,False,False,False,False,9106618,7830257.451273624,False,False,False,False,732972.2549385951,False,False,False,False
2022-08-11 00:00:00+00:00,50.9424775867,54.1426814134,49.6628443947,49.8589925482,503366,,,,,,,,,,,,,,,,,,,,,,,,"rgba(239, 83, 80, 0.75)",0.0,0.0,8.681526507278482,57.795061710922816,-0.789329401744923,0.0,0.0,0.0,0.0,0.0,0.0,0.0,0.0,40.69547999207031,-7.790600272661344,False,True,False,True,True,0.0,0,0.8285405477148079,0.8524247019423578,False,False,False,False,-0.2088012779642789,-0.2539569138940012,False,False,False,False,9609984,7900050.649262894,False,False,False,False,723968.0880782581,False,False,False,False
2022-08-12 00:00:00+00:00,50.7369890449,50.7891084114,48.0282764486,48.0282764486,364571,,,,,,,,,,,,,,,,,,,,,,,,"rgba(239, 83, 80, 0.75)",0.0,0.0,8.5488989028192,57.73372880688476,-0.8184375369882341,0.0,0.0,0.0,0.0,0.0,0.0,0.0,0.0,41.90259547366449,-7.790600272661344,False,True,False,True,True,0.0,0,0.8304184848862171,0.8621309915801643,False,False,False,False,-0.27684167509805657,-0.2653992944960289,False,False,False,False,9245413,7952809.957134938,False,False,False,False,709874.0846242087,False,False,False,False
2022-08-15 00:00:00+00:00,51.4188373881,51.8017933069,49.494717406,49.5414193473,334872,,,,,,,,,,,,,,,,,,,,,,,,"rgba(239, 83, 80, 0.75)",0.0,0.0,8.489345155369541,57.69469378033802,-0.7392627201956228,0.0,0.0,0.0,0.0,0.0,0.0,0.0,0.0,43.30358063382844,-10.431935709755898,False,True,False,True,True,0.0,0,0.8281072371791545,0.8689756465845987,False,False,False,False,-0.24274981908793294,-0.25407455679198093,False,False,False,False,9580285,8016632.507835529,False,False,False,False,695168.1205212986,False,False,False,False
2022-08-16 00:00:00+00:00,49.2518673111,49.9710772074,48.8875921689,49.2798884759,243587,,,,,,,,,,,,,,,,,,,,,,,,"rgba(239, 83, 80, 0.75)",0.0,0.0,8.468794824014507,57.64998533587513,-0.9916544442617782,0.0,0.0,0.0,0.0,0.0,0.0,0.0,0.0,42.685942899369465,-10.431935709755898,False,True,False,True,True,0.0,0,0.8198673318029717,0.8680952928551781,False,False,False,False,-0.2762689869497101,-0.2651717718708455,False,False,False,False,9336698,8068399.782038057,False,False,False,False,677459.0569714438,False,False,False,False
2022-08-17 00:00:00+00:00,47.8694898482,49.1647214886,47.5026928011,48.5980401327,201474,,,,,,,,,,,,,,,,,,,,,,,,"rgba(239, 83, 80, 1.0)",0.0,0.0,8.51830595985991,57.60368629743763,-1.1427385321808425,0.0,0.0,0.0,0.0,0.0,0.0,0.0,0.0,41.36006100166473,-10.431935709755898,False,True,False,True,False,0.0,0,0.8040804385372852,0.895743463853234,False,False,False,False,-0.3069213494929665,-0.28604656068190604,False,False,False,False,9135224,8110236.0258797025,False,False,False,False,658792.976305897,False,False,False,False
2022-08-18 00:00:00+00:00,46.692600927,47.4865339294,45.5343927824,47.4585127646,353941,,,,,,,,,,,,,,,,,,,,,,,,"rgba(239, 83, 80, 1.0)",0.0,0.0,8.583198689979415,56.59131641794067,-1.1532664975467797,0.0,0.0,0.0,0.0,0.0,0.0,0.0,0.0,39.72335358668898,-10.431935709755898,False,True,False,True,False,0.0,1,0.7890278920649515,0.9042221027085046,False,False,False,False,-0.34282825441539394,-0.31443740754865,False,False,False,False,8781283,8136551.593492264,False,False,False,False,646837.9968429207,False,False,False,False
2022-08-19 00:00:00+00:00,46.0574545251,47.1689607284,45.5437331707,46.4404104439,243640,,,,,,,,,,,,,,,,,,,,,,,,"rgba(239, 83, 80, 1.0)",0.0,0.0,8.653688557540734,56.51659755808269,-1.208634094402288,0.0,0.0,0.0,0.0,0.0,0.0,0.0,0.0,38.22548354930152,-8.106077855587344,False,True,False,True,False,0.0,1,0.7602292463339251,0.9276135315645614,False,False,False,False,-0.34282825441539394,-0.328632830982022,False,False,False,False,8537643,8152280.668257274,False,False,False,False,631026.3106922179,False,False,False,False
2022-08-22 00:00:00+00:00,47.2623646111,47.9921291461,46.0294333604,46.0294333604,554353,,,,,,,,,,,,,,,,,,,,,,,,"rgba(239, 83, 80, 1.0)",0.0,0.0,8.702909156565028,56.420346204684506,-1.0522896917378712,0.0,0.0,0.0,0.0,0.0,0.0,0.0,0.0,38.6366301630332,-8.106077855587344,False,True,False,True,False,0.0,1,0.7968373932264505,0.9167425304257171,False,False,False,False,-0.3245335209043398,-0.32658317594318087,False,False,False,False,9091996,8189132.249894244,False,False,False,False,628019.5141944839,False,False,False,False
2022-08-23 00:00:00+00:00,48.7288055684,49.0370383811,45.6102367351,47.6359801416,344638,,,,,,,,,,,,,,,,,,,,,,,,"rgba(239, 83, 80, 0.75)",0.0,0.0,8.713844626703633,56.37574575102656,-0.8775621450940795,0.0,0.0,0.0,0.0,0.0,0.0,0.0,0.0,40.53297483653327,-8.106077855587344,False,True,False,True,True,0.0,1,0.7971852447807259,0.9101211367441261,False,False,False,False,-0.3158618953367901,-0.3212225356399855,False,False,False,False,9436634,8238053.887153293,False,False,False,False,616906.5136378374,False,False,False,False
2022-08-24 00:00:00+00:00,49.9056944895,51.5682836003,45.9080083129,46.1415180195,415186,,,,,,,,,,,,,,,,,,,,,,,,"rgba(239, 83, 80, 0.75)",0.0,0.0,8.649951344466668,56.35679478997196,-0.745796137292575,0.0,0.0,0.0,0.0,0.0,0.0,0.0,0.0,43.026934348462134,-10.74340948688247,False,True,False,True,True,0.0,1,0.8284155384968249,0.8758451025977718,False,False,False,False,-0.27720250499434945,-0.2992125203171675,False,False,False,False,9851820,8301338.832755124,False,False,False,False,608995.905259883,False,False,False,False
2022-08-25 00:00:00+00:00,57.237899276,57.6862379127,52.9319802868,54.2396346436,951494,,,,,,,,,,,,,,,,,,,,,,,,#000000,0.0,0.0,8.434706067196524,56.65460137379326,0.0691545025469525,0.0,0.0,0.0,0.0,0.0,0.0,0.0,0.0,50.10118253687386,-4.23994560676023,False,False,False,False,True,0.0,0,0.8368889885705489,0.8773493561194369,False,False,False,False,-0.10604646986342812,-0.20262949509029782,False,False,False,False,10803314,8399455.505980413,False,False,False,False,622427.2030928289,False,False,False,False
2022-08-26 00:00:00+00:00,56.0890315197,62.8888341752,55.7247563774,62.5899417508,1724246,,,,,,,,,,,,,,,,,,,,,,,,"rgba(38, 166, 154, 1.0)",0.0,0.0,8.263337345961448,57.16616557025112,-0.1303509714604046,0.0,0.0,0.0,0.0,0.0,0.0,0.0,0.0,53.723449396424414,-1.1953254178278598,True,False,True,False,True,0.0,0,0.8368827091889858,0.8668135469431006,False,False,False,False,-0.00547186101707894,-0.10405067805368838,False,False,False,False,9079068,8426106.976334123,False,False,False,False,665635.7833636983,False,False,False,False
2022-08-29 00:00:00+00:00,54.0528268783,58.5362132446,53.9967845487,56.3785835558,683677,,,,,,,,,,,,,,,,,,,,,,,,"rgba(38, 166, 154, 1.0)",0.0,0.0,8.068024807130051,57.13632447653876,-0.3821874215748248,0.0,0.0,0.0,0.0,0.0,0.0,0.0,0.0,54.29783885024882,-0.9333126393555489,True,False,True,False,True,0.0,0,0.858292257247676,0.8791807512544678,False,False,False,False,-0.08184151379850851,-0.09294609592609845,False,False,False,False,8395391,8424902.428242588,False,False,False,False,666343.282055318,False,False,False,False
2022-08-30 00:00:00+00:00,50.8303929276,54.3984212441,49.7469078891,54.0528268783,614964,,,,,,,,,,,,,,,,,,,,,,,,"rgba(38, 166, 154, 1.0)",0.0,0.0,7.911600353984916,56.98085860333329,-0.7773984276942678,0.0,0.0,0.0,0.0,0.0,0.0,0.0,0.0,52.16380894179011,-0.9333126393555489,True,False,True,False,True,0.0,0,0.8290301759609716,0.927880791068945,False,False,False,False,-0.188971235795584,-0.14095866586084121,False,False,False,False,7780427,8399628.882036997,False,False,False,False,664328.4082492271,False,False,False,False
2022-08-31 00:00:00+00:00,54.6506117272,56.5000086032,53.6885517361,54.5665482328,742103,,,,,,,,,,,,,,,,,,,,,,,,"rgba(38, 166, 154, 1.0)",0.0,0.0,7.845456452837924,56.96896600658962,-0.2955027911156147,0.0,0.0,0.0,0.0,0.0,0.0,0.0,0.0,53.360369659639,-0.9333126393555489,True,False,True,False,True,0.0,0,0.8236680683384315,0.9257625025340213,False,False,False,False,-0.11149387213320575,-0.1262262689970235,False,False,False,False,8522530,8404448.533721821,False,False,False,False,667378.3922394535,False,False,False,False
2022-09-01 00:00:00+00:00,52.5677051445,53.2495534877,50.8313269664,52.194089614,428690,,,,,,,,,,,,,,,,,,,,,,,,"rgba(38, 166, 154, 1.0)",0.0,0.0,7.794829281427834,56.904487390405066,-0.556366546248549,0.0,0.0,0.0,0.0,0.0,0.0,0.0,0.0,52.616572616382584,-0.9333126393555489,True,False,True,False,True,0.0,0,0.8284955577885765,0.92799798517205,False,False,False,False,-0.18980806513863413,-0.1580171670678288,False,False,False,False,8093840,8392267.806909202,False,False,False,False,658018.063132024,False,False,False,False
2022-09-02 00:00:00+00:00,50.4100754557,52.1287068961,50.1672253609,51.876516413,304564,,,,,,,,,,,,,,,,,,,,,,,,#000000,0.0,0.0,7.7979467640642985,56.843569281253316,-0.8250240762351869,0.0,0.0,0.0,0.0,0.0,0.0,0.0,0.0,50.64901076398265,-0.9333126393555489,True,False,False,False,False,0.0,0,0.8153157650871673,0.9450946336184064,False,False,False,False,-0.2130936605059234,-0.18555541378687612,False,False,False,False,7789276,8368621.06938335,False,False,False,False,644157.1194797878,False,False,False,False
2022-09-06 00:00:00+00:00,46.7860048097,48.8128690627,46.5991970444,48.8128690627,387809,,,,,,,,,,,,,,,,,,,,,,,,#000000,0.0,0.0,7.811457828927057,56.70955443336254,-1.2703838183589846,0.0,0.0,0.0,0.0,0.0,0.0,0.0,0.0,47.19479751969237,2.921936044580974,False,False,False,False,False,0.0,0,0.7896887226438262,0.9774418487763502,False,False,False,False,-0.3053247692994652,-0.24544009154317067,False,False,False,False,7401467,8330693.458819297,False,False,False,False,634104.2520492078,False,False,False,False
2022-09-07 00:00:00+00:00,48.8689113923,49.0639386993,45.9080083129,46.4310700557,246419,,,,,,,,,,,,,,,,,,,,,,,,"rgba(239, 83, 80, 0.5)",0.0,0.0,7.828721046445549,56.636251375222805,-0.9921595030454418,0.0,0.0,0.0,0.0,0.0,0.0,0.0,0.0,46.48489471265384,2.204995605661537,False,False,False,True,False,0.0,0,0.7744143269062048,0.9939942667908808,False,False,False,False,-0.3106486442825389,-0.2780443679128548,False,False,False,False,7647886,8303916.695728344,False,False,False,False,618900.9088315918,False,False,False,False
2022-09-08 00:00:00+00:00,46.8140259745,47.2810453876,45.8155384691,46.2816238435,312809,,,,,,,,,,,,,,,,,,,,,,,,"rgba(239, 83, 80, 0.5)",0.0,0.0,7.85617545728316,56.5306010114443,-1.236807284890313,0.0,0.0,0.0,0.0,0.0,0.0,0.0,0.0,44.811299315095724,0.5070875553990888,False,False,False,True,False,0.0,0,0.7684217056034235,0.9927413247338328,False,False,False,False,-0.3364638076269082,-0.3072540877698815,False,False,False,False,7335077,8265922.9821703695,False,False,False,False,606897.3045636863,False,False,False,False
2022-09-09 00:00:00+00:00,49.1491230402,50.06448109,48.5326574149,48.8689113923,338960,,,,,,,,,,,,,,,,,,,,,,,,"rgba(239, 83, 80, 0.5)",0.0,0.0,7.83114550957853,56.45999455689389,-0.9335634879663162,0.0,0.0,0.0,0.0,0.0,0.0,0.0,0.0,45.46749326520224,0.5070875553990888,False,False,False,True,False,0.0,0,0.7877679512071366,0.9650026103459446,False,False,False,False,-0.2472694871120146,-0.27726178744094804,False,False,False,False,7674037,8242711.767183296,False,False,False,False,596389.9592866789,False,False,False,False
2022-09-12 00:00:00+00:00,51.1199449637,51.2226892346,48.9342941102,49.7240239378,245031,,,,,,,,,,,,,,,,,,,,,,,,#000000,0.0,0.0,7.645408054679142,56.423152625406914,-0.693646123761994,0.0,0.0,0.0,0.0,0.0,0.0,0.0,0.0,47.28432470112348,0.5070875553990888,False,False,False,False,False,0.0,0,0.8079424239583194,0.9532060850917123,False,False,False,False,-0.22272742368556378,-0.24999460556325592,False,False,False,False,7919068,8230019.854744736,False,False,False,False,582611.1765695543,False,False,False,False
2022-09-13 00:00:00+00:00,46.7019413153,49.1211018754,46.4123892791,47.8414686834,299782,,,,,,,,,,,,,,,,,,,,,,,,"rgba(239, 83, 80, 0.5)",0.0,0.0,7.56779832087765,56.34400176677933,-1.2740905667212767,0.0,0.0,0.0,0.0,0.0,0.0,0.0,0.0,45.764882416887545,0.5070875553990888,False,False,False,True,False,0.0,1,0.7724080857303819,0.9656038198567418,False,False,False,False,-0.2945754536004152,-0.27228502958183554,False,False,False,False,7619286,8206069.507499845,False,False,False,False,571519.8363119246,False,False,False,False
2022-09-14 00:00:00+00:00,47.0008337397,47.2530242228,45.7398813242,46.7860048097,238171,,,,,,,,,,,,,,,,,,,,,,,,"rgba(239, 83, 80, 0.5)",0.0,0.0,7.605885582744818,56.276805188708025,-1.2195780948969397,0.0,0.0,0.0,0.0,0.0,0.0,0.0,0.0,44.9777953300551,0.23535857670988491,False,False,False,True,False,0.0,0,0.7713999813041036,0.9713733647274229,False,False,False,False,-0.33796897285519883,-0.3051270012185172,False,False,False,False,7857457,8192398.428774361,False,False,False,False,558447.3329271433,False,False,False,False
2022-09-15 00:00:00+00:00,46.4497508322,47.897511013,46.1611328349,46.6178778209,218561,,,,,,,,,,,,,,,,,,,,,,,,"rgba(239, 83, 80, 0.5)",0.0,0.0,7.669253929233564,56.218664306809764,-1.2737762453493346,0.0,0.0,0.0,0.0,0.0,0.0,0.0,0.0,44.11404516847399,-0.8027358794800818,False,False,False,True,False,0.0,0,0.7877790825410693,0.9672843474092426,False,False,False,False,-0.3196250131717668,-0.312376007195142,False,False,False,False,7638896,8170692.4511753665,False,False,False,False,545118.4571260789,False,False,False,False
2022-09-16 00:00:00+00:00,42.9377648453,44.8058424979,42.3119588317,44.8058424979,488951,,,,,,,,,,,,,,,,,,,,,,,,"rgba(239, 83, 80, 1.0)",0.0,0.0,7.826321177982186,56.032561083031354,-1.6731738884638394,0.0,0.0,0.0,0.0,0.0,0.0,0.0,0.0,41.544742879215626,-3.420202597891006,False,True,False,True,False,0.0,0,0.7622228895634264,0.9851836143519314,False,False,False,False,-0.34282825441539394,-0.327602130805268,False,False,False,False,7149945,8130663.1393645685,False,False,False,False,542915.8117485857,False,False,False,False
2022-09-19 00:00:00+00:00,44.0492710486,44.0866326016,42.0317471838,42.0317471838,335729,,,,,,,,,,,,,,,,,,,,,,,,"rgba(239, 83, 80, 1.0)",0.0,0.0,7.947472949167313,55.91245745137625,-1.4926991861003065,0.0,0.0,0.0,0.0,0.0,0.0,0.0,0.0,40.82435854280005,-4.253865052152712,False,True,False,True,False,0.0,0,0.7746456949402097,0.983314188201463,False,False,False,False,-0.34282825441539394,-0.33521519261033095,False,False,False,False,7485674,8105369.447624782,False,False,False,False,534790.8387388373,False,False,False,False
2022-09-20 00:00:00+00:00,43.8437825068,45.2915426876,43.638293965,43.7690594007,269741,,,,,,,,,,,,,,,,,,,,,,,,"rgba(239, 83, 80, 1.0)",0.0,0.0,8.062822101967317,55.827948242555394,-1.4863487726997322,0.0,0.0,0.0,0.0,0.0,0.0,0.0,0.0,40.22028640799287,-5.022979213259305,False,True,False,True,False,0.0,0,0.8023309548186436,0.9648643207244075,False,False,False,False,-0.2810379980854274,-0.3081265953478792,False,False,False,False,7215933,8070489.586933615,False,False,False,False,524396.7274157456,False,False,False,False
2022-09-21 00:00:00+00:00,39.7433520593,42.7789782448,39.5752250706,42.7789782448,521053,,,,,,,,,,,,,,,,,,,,,,,,"rgba(239, 83, 80, 1.0)",0.0,0.0,8.276631643179359,55.60993599719114,-1.9170339604235664,0.0,0.0,0.0,0.0,0.0,0.0,0.0,0.0,37.58718469046785,-7.683399816441494,False,True,False,True,False,0.0,0,0.7903916249693815,0.9629401875553943,False,False,False,False,-0.34282825441539394,-0.32547742488163656,False,False,False,False,6694880,8016544.112936218,False,False,False,False,524265.6008504223,False,False,False,False
2022-09-22 00:00:00+00:00,39.4164384701,41.2560279385,39.1455672105,40.266413802,259421,,,,,,,,,,,,,,,,,,,,,,,,"rgba(239, 83, 80, 1.0)",0.0,0.0,8.4582476412263,55.49994170732033,-1.90151718410653,0.0,0.0,0.0,0.0,0.0,0.0,0.0,0.0,35.672130477808224,-9.589210279005044,False,True,False,True,False,0.0,0,0.790114114386972,0.9764244158973734,False,False,False,False,-0.34282825441539394,-0.3341528396485153,False,False,False,False,6435459,7954540.775174013,False,False,False,False,513879.5380719744,False,False,False,False
2022-09-23 00:00:00+00:00,37.5016588762,38.0807629485,36.8011297565,37.7912109123,324767,,,,,,,,,,,,,,,,,,,,,,,,"rgba(239, 83, 80, 1.0)",0.0,0.0,8.602758549991485,55.340774254579415,-2.073650594133794,0.0,0.0,0.0,0.0,0.0,0.0,0.0,0.0,33.47036926257359,-11.73270154549192,False,True,False,True,False,0.0,0,0.7891032507076928,0.9784609200288604,False,False,False,False,-0.34282825441539394,-0.3384905470319546,False,False,False,False,6110692,7882232.98006915,False,False,False,False,506463.3601083676,False,False,False,False
2022-09-26 00:00:00+00:00,38.9213978922,40.4158600143,38.8186536213,39.2781073199,326660,,,,,,,,,,,,,,,,,,,,,,,,"rgba(239, 83, 80, 1.0)",0.0,0.0,8.495948393268426,55.206512942284945,-1.9168095539502208,0.0,0.0,0.0,0.0,0.0,0.0,0.0,0.0,33.57172245675015,-11.73270154549192,False,True,False,True,False,0.0,0,0.8149173242813696,0.9526312680881688,False,False,False,False,-0.27163041954572154,-0.30506048328883806,False,False,False,False,6437352,7825570.980850752,False,False,False,False,499412.24794725515,False,False,False,False
2022-09-27 00:00:00+00:00,38.4730592555,41.5273662176,38.1087841133,39.9301598246,272540,,,,,,,,,,,,,,,,,,,,,,,,"rgba(239, 83, 80, 1.0)",0.0,0.0,8.612492379562822,55.097938344273295,-1.9303214860571165,0.0,0.0,0.0,0.0,0.0,0.0,0.0,0.0,33.385598927244466,-12.075770772152588,False,True,False,True,False,0.0,0,0.7894399450540763,0.9627289117597676,False,False,False,False,-0.2652039372432636,-0.28513221026605085,False,False,False,False,6164812,7760443.177680135,False,False,False,False,490515.2970473628,False,False,False,False
2022-09-28 00:00:00+00:00,39.9021386598,40.1169675898,36.9038740273,37.3615530522,290703,,,,,,,,,,,,,,,,,,,,,,,,"rgba(239, 83, 80, 1.0)",0.0,0.0,8.67671921629126,54.98194942959557,-1.7379622866534594,0.0,0.0,0.0,0.0,0.0,0.0,0.0,0.0,34.89654335562049,-12.075770772152588,False,True,False,True,False,0.0,0,0.7824159795276512,0.9706041895392383,False,False,False,False,-0.3074630385734376,-0.2962976244197442,False,False,False,False,6455515,7709269.523653463,False,False,False,False,482679.5206925642,False,False,False,False
2022-09-29 00:00:00+00:00,36.2593872372,37.3989146053,35.4654542348,37.2868299461,489390,,,,,,,,,,,,,,,,,,,,,,,,"rgba(239, 83, 80, 1.0)",0.0,0.0,8.90871411553083,54.75620225572019,-2.076260925948239,0.0,0.0,0.0,0.0,0.0,0.0,0.0,0.0,33.75080124526487,-12.075770772152588,False,True,False,True,False,0.0,0,0.760896364909229,0.9768471774267905,False,False,False,False,-0.34282825441539394,-0.3195629394175691,False,False,False,False,5966125,7640910.91488274,False,False,False,False,482942.6767438362,False,False,False,False
2022-09-30 00:00:00+00:00,36.464875779,37.3615530522,35.3907311287,35.4094119053,303681,,,,,,,,,,,,,,,,,,,,,,,,"rgba(239, 83, 80, 1.0)",0.0,0.0,9.057394784086123,54.62179024448028,-2.0046508845327184,0.0,0.0,0.0,0.0,0.0,0.0,0.0,0.0,33.22593812059143,-12.620773872436189,False,True,False,True,False,0.0,0,0.7506479484447443,0.9837889606094823,False,False,False,False,-0.34282825441539394,-0.3311955969164815,False,False,False,False,6269806,7587142.094691261,False,False,False,False,475912.80706760735,False,False,False,False
2022-10-03 00:00:00+00:00,36.7824489799,37.0533202396,35.259965693,36.4461950025,258853,,,,,,,,,,,,,,,,,,,,,,,,"rgba(239, 83, 80, 1.0)",0.0,0.0,9.146192272569007,54.509938144155996,-1.9382370975759784,0.0,0.0,0.0,0.0,0.0,0.0,0.0,0.0,33.27099782006433,-12.793671517489429,False,True,False,True,False,0.0,0,0.7682776228926255,0.980571461729135,False,False,False,False,-0.34282825441539394,-0.33701192566593774,False,False,False,False,6528659,7545632.953722976,False,False,False,False,467400.6577708384,False,False,False,False
2022-10-04 00:00:00+00:00,41.2658353462,42.1344914547,38.7626112917,38.7906324565,700008,,,,,,,,,,,,,,,,,,,,,,,,"rgba(239, 83, 80, 0.75)",0.0,0.0,9.218965488562292,54.30540465693998,-1.4144286934274568,0.0,0.0,0.0,0.0,0.0,0.0,0.0,0.0,38.0414221364638,-16.030769878026838,False,True,False,True,True,0.0,0,0.7816910880705992,0.9532968245676522,False,False,False,False,-0.21070343195170468,-0.2738576788088212,False,False,False,False,7228667,7533202.916322076,False,False,False,False,476522.5143288447,False,False,False,False
2022-10-05 00:00:00+00:00,41.3872603936,42.6855743622,40.2944349668,41.6674720415,515470,,,,,,,,,,,,,,,,,,,,,,,,"rgba(239, 83, 80, 0.75)",0.0,0.0,9.244039352566872,54.17231897682719,-1.3830597313150828,0.0,0.0,0.0,0.0,0.0,0.0,0.0,0.0,41.33208910385065,-12.996251318661656,False,True,False,True,True,0.0,0,0.7878235710391498,0.9558535903876243,False,False,False,False,-0.17986315178927376,-0.2268604152990475,False,False,False,False,7744137,7541474.84117219,False,False,False,False,478049.8667081057,False,False,False,False
2022-10-06 00:00:00+00:00,40.1076272016,41.7328547593,39.8460963302,41.0977083575,371737,,,,,,,,,,,,,,,,,,,,,,,,"rgba(239, 83, 80, 0.5)",0.0,0.0,9.194748563709233,54.07061452326802,-1.5185828328986126,0.0,0.0,0.0,0.0,0.0,0.0,0.0,0.0,42.4360327161652,-12.041952167874129,False,False,False,True,True,0.0,0,0.7876073519968984,0.9577865735231347,False,False,False,False,-0.2005669406555809,-0.2137136779773142,False,False,False,False,7372400,7534844.455243869,False,False,False,False,473880.7346803369,False,False,False,False
2022-10-07 00:00:00+00:00,36.5582796616,38.4356977025,36.1945649426,37.921976348,301092,,,,,,,,,,,,,,,,,,,,,,,,"rgba(239, 83, 80, 0.75)",0.0,0.0,9.276288051346928,53.96249901939189,-1.8762051438522096,0.0,0.0,0.0,0.0,0.0,0.0,0.0,0.0,40.60761393760624,-12.041952167874129,False,True,False,True,True,0.0,0,0.787316184306119,0.9650856740967679,False,False,False,False,-0.3061954812626176,-0.2599545796199659,False,False,False,False,7071308,7516666.555038228,False,False,False,False,467104.7058693433,False,False,False,False
2022-10-10 00:00:00+00:00,32.700699309,35.0264559865,32.0748932953,35.0171155982,551237,,,,,,,,,,,,,,,,,,,,,,,,"rgba(239, 83, 80, 1.0)",0.0,0.0,9.381943423840195,53.71710450678589,-2.2400908051077866,0.0,0.0,0.0,0.0,0.0,0.0,0.0,0.0,37.28464766621404,-7.865009516973679,False,True,False,True,False,0.0,0,0.8016155001270531,0.9668605628223692,False,False,False,False,-0.34282825441539394,-0.3013914170176799,False,False,False,False,6520071,7477584.376409278,False,False,False,False,470404.011521526,False,False,False,False
2022-10-11 00:00:00+00:00,30.253517584,31.5310958907,29.0486074981,31.1968967986,531355,,,,,,,,,,,,,,,,,,,,,,,,"rgba(239, 83, 80, 1.0)",0.0,0.0,9.410687474671615,53.450256176844604,-2.464935601705767,0.0,0.0,0.0,0.0,0.0,0.0,0.0,0.0,33.981580727054734,-10.860567619115798,False,True,False,True,False,0.0,0,0.8085209835754663,0.9744185159138876,False,False,False,False,-0.34282825441539394,-0.32210983571653695,False,False,False,False,5988716,7419197.381255973,False,False,False,False,472794.2463638191,False,False,False,False
2022-10-12 00:00:00+00:00,30.1414329249,31.1315140808,29.2821172047,30.3562618549,321140,,,,,,,,,,,,,,,,,,,,,,,,"rgba(239, 83, 80, 1.0)",0.0,0.0,9.396793753794011,53.293347960468324,-2.463810065664217,0.0,0.0,0.0,0.0,0.0,0.0,0.0,0.0,31.730831429768585,-12.853480328528086,False,True,False,True,False,0.0,0,0.8078193175919967,0.989550467253199,False,False,False,False,-0.34282825441539394,-0.3324690450659654,False,False,False,False,5667576,7350506.346696915,False,False,False,False,466847.0210162184,False,False,False,False
2022-10-13 00:00:00+00:00,29.4128826404,29.9359443831,26.4986815023,27.2645933399,664562,,,,,,,,,,,,,,,,,,,,,,,,"rgba(239, 83, 80, 1.0)",0.0,0.0,9.390225761997842,52.9548519625376,-2.507071706136368,0.0,0.0,0.0,0.0,0.0,0.0,0.0,0.0,29.896684987300368,-14.5061638325922,False,True,False,True,False,0.0,0,0.7773794232158102,0.9988552430206683,False,False,False,False,-0.34282825441539394,-0.33764864974067965,False,False,False,False,5003014,7258447.823297036,False,False,False,False,474600.5496038177,False,False,False,False
2022-10-14 00:00:00+00:00,27.731612753,30.7298773855,27.731612753,30.7298773855,499332,,,,,,,,,,,,,,,,,,,,,,,,"rgba(239, 83, 80, 1.0)",0.0,0.0,9.447608249361515,52.71211328629006,-2.644108421301051,0.0,0.0,0.0,0.0,0.0,0.0,0.0,0.0,27.927733366657492,-16.340496643737197,False,True,False,True,False,0.0,0,0.7591216975296163,1.0176455378625757,False,False,False,False,-0.3188710968711333,-0.32825987330590645,False,False,False,False,4503682,7150417.791010878,False,False,False,False,475570.410403668,False,False,False,False
2022-10-17 00:00:00+00:00,29.9452847714,31.0567909747,29.6278049743,29.639200248,505843,,,,,,,,,,,,,,,,,,,,,,,,"rgba(239, 83, 80, 1.0)",0.0,0.0,9.441940295516616,52.49179182428377,-2.3879103602878837,0.0,0.0,0.0,0.0,0.0,0.0,0.0,0.0,29.402500088332783,-16.340496643737197,False,True,False,True,False,0.0,0,0.7727350350010072,0.9877039910430756,False,False,False,False,-0.2929944815954211,-0.31062717745066376,False,False,False,False,5009525,7066461.210971236,False,False,False,False,476757.57077999477,False,False,False,False
2022-10-18 00:00:00+00:00,30.0200078775,32.2617010606,29.5249672995,31.7180904637,399441,,,,,,,,,,,,,,,,,,,,,,,,"rgba(239, 83, 80, 1.0)",0.0,0.0,9.352418715801706,52.32642132448602,-2.385095676832501,0.0,0.0,0.0,0.0,0.0,0.0,0.0,0.0,30.477415296558092,-16.340496643737197,False,True,False,True,False,0.0,0,0.7776796902324965,0.9815178984684632,False,False,False,False,-0.280308550017819,-0.2954678637342414,False,False,False,False,5408966,7001461.398776286,False,False,False,False,473725.54839646554,False,False,False,False
2022-10-19 00:00:00+00:00,26.0596832539,28.1332494483,25.5926638408,27.8250166357,912071,,,,,,,,,,,,,,,,,,,,,,,,"rgba(239, 83, 80, 1.0)",0.0,0.0,9.329937248507362,51.88290359766893,-2.7677807101971905,0.0,0.0,0.0,0.0,0.0,0.0,0.0,0.0,29.109020543029814,-16.340496643737197,False,True,False,True,False,0.0,0,0.770528355680783,0.9856083218247975,False,False,False,False,-0.34282825441539394,-0.3191480590748177,False,False,False,False,4496895,6903243.108628197,False,False,False,False,490915.5661064081,False,False,False,False
2022-10-20 00:00:00+00:00,26.6948296558,28.9552036155,26.5640642201,26.629446938,677071,,,,,,,,,,,,,,,,,,,,,,,,"rgba(239, 83, 80, 1.0)",0.0,0.0,9.406111325635075,51.581153143312044,-2.645761104239513,0.0,0.0,0.0,0.0,0.0,0.0,0.0,0.0,28.999652438472246,-16.340496643737197,False,True,False,True,False,0.0,0,0.7823845328785415,0.9725481552480244,False,False,False,False,-0.322492634412747,-0.32082034674378235,False,False,False,False,5173966,6835428.320054542,False,False,False,False,498215.77920027444,False,False,False,False
2022-10-21 00:00:00+00:00,26.9563605272,27.0964663511,25.0882828746,25.8635351004,480408,,,,,,,,,,,,,,,,,,,,,,,,"rgba(239, 83, 80, 1.0)",0.0,0.0,9.348138776366186,51.363680656072226,-2.6109283048491343,0.0,0.0,0.0,0.0,0.0,0.0,0.0,0.0,29.2733712958164,-16.340496643737197,False,True,False,True,False,0.0,0,0.751659722122273,1.010730528022624,False,False,False,False,-0.34282825441539394,-0.3318243005795881,False,False,False,False,5654374,6789112.464366129,False,False,False,False,497517.4349179107,False,False,False,False
2022-10-24 00:00:00+00:00,19.3906460341,20.3060040839,16.3924748056,20.0631539891,5189321,,,,,,,,,,,,,,,,,,,,,,,18.69637497453333,"rgba(239, 83, 80, 1.0)",0.0,0.0,9.595778416998783,46.46739241691149,-2.821735267963818,1.0,20.306004,16.392475,0.0,0.0,0.0,0.0,0.0,26.302439131972065,-18.552149953305413,False,True,False,True,False,0.0,0,0.739475094489744,0.9924462218608544,True,False,False,False,-0.34282825441539394,-0.337326277497491,False,False,False,False,465053,6541110.132430202,False,False,False,False,681509.7315877966,False,False,False,False
2022-10-25 00:00:00+00:00,20.6142368966,21.5856372759,20.1845790365,20.6889600027,1837580,,,,,,,,,,,,,,,,,,,,,,,19.245131311107368,"rgba(239, 83, 80, 1.0)",0.0,0.0,9.941242709202673,45.804877860625034,-2.5339529172450335,0.0,0.0,0.0,0.0,0.0,0.0,0.0,0.0,25.739976348000027,-19.267817292711882,False,True,False,True,False,0.0,0,0.748223991853723,0.9862640141755614,False,False,False,False,-0.2976236189913429,-0.3174749482444169,False,False,False,False,2302633,6374895.3429231355,False,False,False,False,726845.820545138,False,False,False,False
2022-10-26 00:00:00+00:00,24.0234786126,25.032240545,21.3241064046,21.3708083459,1940234,,,,,,,,,,,,,,,,,,,,,,,20.157096918741033,"rgba(239, 83, 80, 0.75)",0.0,0.0,10.147480289452812,45.26520412104339,-2.093300494559405,0.0,0.0,0.0,0.0,0.0,0.0,0.0,0.0,28.90043584560723,-19.267817292711882,False,True,False,True,True,0.0,0,0.7652697278013288,0.9602684205598497,False,False,False,False,-0.25774525236190704,-0.287610100303162,False,False,False,False,4242867,6291286.388298699,False,False,False,False,774429.6707198385,False,False,False,False
2022-10-27 00:00:00+00:00,22.2394644543,23.7245861882,21.9685931947,22.5850588201,744715,,,,,,,,,,,,,,,,,,,,,,,20.34781175198426,"rgba(239, 83, 80, 0.75)",0.0,0.0,10.364076180733,45.04913818240847,-2.2008400295736976,0.0,0.0,0.0,0.0,0.0,0.0,0.0,0.0,30.12782519278924,-19.267817292711882,False,True,False,True,True,0.0,0,0.7761326039228594,0.9620029997627455,False,False,False,False,-0.2634596536161512,-0.2755348769596566,False,False,False,False,3498152,6181751.706404633,False,False,False,False,773264.3895151389,False,False,False,False
2022-10-28 00:00:00+00:00,20.59555612,20.6329176731,19.5774537994,20.0911751538,1240985,,,,,,,,,,,,,,,,,,,,,,,20.338841671095615,"rgba(239, 83, 80, 0.75)",0.0,0.0,10.651825599374012,44.635831746629556,-2.2569160002058575,0.0,0.0,0.0,0.0,0.0,0.0,0.0,0.0,30.17953340615395,-19.267817292711882,False,True,False,True,True,0.0,0,0.7822487319400577,0.9631639854701075,False,False,False,False,-0.31139346706590443,-0.2934641720127805,False,False,False,False,2257167,6027846.42380053,False,False,False,False,791606.3742400354,False,False,False,False
2022-10-31 00:00:00+00:00,20.8290658266,21.4361910637,20.1845790365,20.1845790365,521264,,,,,,,,,,,,,,,,,,,,,,,20.36054659624984,"rgba(239, 83, 80, 0.75)",0.0,0.0,10.921773876943817,44.4737551331434,-2.164912913685022,0.0,0.0,0.0,0.0,0.0,0.0,0.0,0.0,30.467489991563127,-19.267817292711882,False,True,False,True,True,0.0,0,0.7852186800169053,0.9566389331597382,False,False,False,False,-0.2989380716369744,-0.29620112182487746,False,False,False,False,2778431,5900418.367965215,False,False,False,False,781004.7125051321,False,False,False,False
2022-11-01 00:00:00+00:00,23.1174609511,24.9712478096,23.0053762919,24.5185191905,1890231,,,,,,,,,,,,,,,,,,,,,,,20.832595062167034,"rgba(239, 83, 80, 0.75)",0.0,0.0,11.064762137726118,44.01536397991665,-1.8886897674522722,0.0,0.0,0.0,0.0,0.0,0.0,0.0,0.0,33.07785073663625,-21.482070332475303,False,True,False,True,True,0.0,0,0.7887793033439829,0.9472371339558031,False,False,False,False,-0.24385179428530648,-0.27002645805509196,False,False,False,False,4668662,5852114.196672461,False,False,False,False,824503.78260297,False,False,False,False
2022-11-02 00:00:00+00:00,23.4163533755,25.0135597685,23.2015244454,23.752607353,1076591,,,,,,,,,,,,,,,,,,,,,,,21.059570612505073,"rgba(239, 83, 80, 0.75)",0.0,0.0,11.137924157974444,43.76731895562502,-1.8271776043253352,0.0,0.0,0.0,0.0,0.0,0.0,0.0,0.0,35.12436261112148,-19.437606349194574,False,True,False,True,True,0.0,0,0.789970849723599,0.9520371744950441,False,False,False,False,-0.24181495167778155,-0.25592070486643675,False,False,False,False,5745253,5847923.561508834,False,False,False,False,834389.5558342261,False,False,False,False
2022-11-03 00:00:00+00:00,24.9481770506,25.602004229,22.6597819262,22.6784627027,1332361,,,,,,,,,,,,,,,,,,,,,,,21.34201548995246,"rgba(239, 83, 80, 0.5)",0.0,0.0,11.173260820552038,43.48203100833162,-1.6587685775347287,0.0,0.0,0.0,0.0,0.0,0.0,0.0,0.0,38.05786666680719,-16.623261751477017,False,False,False,True,True,0.0,0,0.7817621485911452,0.9625858864377274,False,False,False,False,-0.24141627096368384,-0.2486684879150603,False,False,False,False,7077614,5896146.715959468,False,False,False,False,853917.8477622956,False,False,False,False
2022-11-04 00:00:00+00:00,28.9925651685,29.4222230286,27.2290998645,29.1775048561,2513740,,,,,,,,,,,,,,,,,,,,,,,22.33254733858309,"rgba(239, 83, 80, 0.5)",0.0,0.0,11.075431063753351,43.142409835005935,-1.277588618000995,0.0,0.0,0.0,0.0,0.0,0.0,0.0,0.0,43.44583009751987,-11.637013551960386,True,False,False,True,True,0.0,0,0.7673362736829904,0.9830369055262478,False,False,False,False,-0.17088159026741706,-0.20977503909123868,False,False,False,False,9591354,6041056.805529685,False,False,False,False,919008.9125559311,False,False,False,False
2022-11-07 00:00:00+00:00,28.6002688615,30.8419620446,28.4975245906,30.1227521484,776714,,,,,,,,,,,,,,,,,,,,,,,22.616962256523678,#000000,0.0,0.0,11.049490248129608,43.04888312753197,-1.307627224566106,0.0,0.0,0.0,0.0,0.0,0.0,0.0,0.0,46.69049732772665,-8.800514066782526,True,False,False,False,True,0.0,0,0.7511733285084504,1.0056473834709299,False,False,False,False,-0.13374344527721085,-0.17175924218422478,False,False,False,False,8814640,6149824.773940286,False,False,False,False,913428.719906679,False,False,False,False
2022-11-08 00:00:00+00:00,28.2453341075,28.7216939089,26.489341114,27.731612753,775159,,,,,,,,,,,,,,,,,,,,,,,22.820211649552505,#000000,0.0,0.0,10.989764164999995,42.937486908627015,-1.336894275485758,0.0,0.0,0.0,0.0,0.0,0.0,0.0,0.0,48.520958146091715,-7.2535133785927215,True,False,False,False,True,0.0,0,0.7458798594493722,0.9918954411789023,False,False,False,False,-0.1652297649382868,-0.16849450356125578,False,False,False,False,8039481,6223928.939668118,False,False,False,False,908006.3779495544,False,False,False,False
2022-11-09 00:00:00+00:00,24.3410518135,26.0690236422,24.0328190009,26.0690236422,576097,,,,,,,,,,,,,,,,,,,,,,,22.876483395919866,#000000,0.0,0.0,11.018862435414759,42.828104042848324,-1.6777641374240877,0.0,0.0,0.0,0.0,0.0,0.0,0.0,0.0,46.52257383003853,-7.2535133785927215,True,False,False,False,True,0.0,0,0.7480304313212044,0.9691235470174986,False,False,False,False,-0.2127811919855224,-0.1906378477733891,False,False,False,False,7463384,6272535.020465447,False,False,False,False,894990.3239123169,False,False,False,False
2022-11-10 00:00:00+00:00,28.3387379901,28.5162053671,27.3673376108,27.6382088704,1030746,,,,,,,,,,,,,,,,,,,,,,,23.12629601533807,#000000,0.0,0.0,10.917029375495707,42.68828845634089,-1.3144189662482544,0.0,0.0,0.0,0.0,0.0,0.0,0.0,0.0,48.494579894815686,-7.2535133785927215,True,False,False,False,True,0.0,0,0.7408067398765557,0.9818972955781397,False,False,False,False,-0.1430532247649329,-0.166845536269161,False,False,False,False,8494130,6359656.3922119,False,False,False,False,900314.0759157556,False,False,False,False
2022-11-11 00:00:00+00:00,31.813362424,32.4485088259,30.818611074,30.9728208842,1157328,,,,,,,,,,,,,,,,,,,,,,,23.564955895999645,"rgba(38, 166, 154, 1.0)",0.0,0.0,10.800093961757153,42.597366602779054,-0.9985102182411493,0.0,0.0,0.0,0.0,0.0,0.0,0.0,0.0,52.05344446106648,-4.286619694238709,True,False,True,False,True,0.0,0,0.7685204621880988,0.959038196051196,False,False,False,False,-0.06276546614368524,-0.1148055012064231,False,False,False,False,9651458,6488746.651340845,False,False,False,False,910393.053330824,False,False,False,False
2022-11-14 00:00:00+00:00,32.8688262977,34.4193307494,32.3924664963,33.3638668756,1004888,,,,,,,,,,,,,,,,,,,,,,,23.976221780229768,"rgba(38, 166, 154, 1.0)",0.0,0.0,10.760805077180057,42.541090528980114,-0.8988420626437739,0.0,0.0,0.0,0.0,0.0,0.0,0.0,0.0,55.0406737182486,-1.527328031777401,True,False,True,False,True,0.0,0,0.7819339255979273,0.9388852974455045,False,False,False,False,-0.01680809939809642,-0.06580680030225976,False,False,False,False,10656346,6652181.919915714,False,False,False,False,914098.737513929,False,False,False,False
2022-11-15 00:00:00+00:00,39.1455672105,40.1543291429,37.7818705241,38.239549549,1553970,,,,,,,,,,,,,,,,,,,,,,,24.905755430560028,"rgba(38, 166, 154, 1.0)",0.0,0.0,10.72043038487881,42.34464173118478,-0.29840915017713127,0.0,0.0,0.0,0.0,0.0,0.0,0.0,0.0,59.995801226785844,3.0390266811041187,True,False,True,False,True,0.0,0,0.8045173676512031,0.9056625988875938,False,False,False,False,0.09921708797719934,0.016705143837469794,False,False,False,False,12210316,6870147.962271961,False,False,False,False,939191.7281996573,False,False,False,False
2022-11-16 00:00:00+00:00,36.8011297565,38.4076765377,36.3621315081,38.1928476076,580157,,,,,,,,,,,,,,,,,,,,,,,25.182616179859806,"rgba(38, 166, 154, 1.0)",0.0,0.0,10.664667155958533,42.30917284041748,-0.5164758546486882,0.0,0.0,0.0,0.0,0.0,0.0,0.0,0.0,61.30284244432873,4.1604104264708965,True,False,True,False,True,0.0,0,0.7950768067383222,0.9131738670911365,False,False,False,False,0.06605666394025123,0.04138090388886051,False,False,False,False,11630159,7056815.061790708,False,False,False,False,925111.9349369258,False,False,False,False
2022-11-17 00:00:00+00:00,39.481821188,39.9665873388,33.8402266771,34.5407557968,1439350,,,,,,,,,,,,,,,,,,,,,,,25.848784213045032,"rgba(38, 166, 154, 1.0)",0.0,0.0,10.575223863601149,42.290656778860274,-0.2656053079432204,0.0,0.0,0.0,0.0,0.0,0.0,0.0,0.0,63.344207005321735,6.101133363310453,True,False,True,False,True,0.0,0,0.7938015704081396,0.904221780531277,False,False,False,False,0.0560036122222235,0.048692258055542004,False,False,False,False,13069509,7292606.9809361715,False,False,False,False,945278.1335668502,False,False,False,False
2022-11-18 00:00:00+00:00,36.4368546142,38.2675707138,35.7690168534,38.2675707138,754456,,,,,,,,,,,,,,,,,,,,,,,26.145201509164288,"rgba(38, 166, 154, 1.0)",0.0,0.0,10.454190637131617,42.26471375727781,-0.5574663161754658,0.0,0.0,0.0,0.0,0.0,0.0,0.0,0.0,62.26938625131673,6.101133363310453,True,False,True,False,True,0.0,0,0.7926693262797447,0.9193967921994911,False,False,False,False,0.058401200636626474,0.05354672934608424,False,False,False,False,12315053,7489565.648350439,False,False,False,False,937794.9126426601,False,False,False,False
2022-11-21 00:00:00+00:00,33.8589074536,35.43743307,33.4027228908,34.8734604267,800102,,,,,,,,,,,,,,,,,,,,,,,26.370392319920004,"rgba(38, 166, 154, 0.75)",0.0,0.0,10.382463529162191,42.18862352044894,-0.8022870529188469,0.0,0.0,0.0,0.0,0.0,0.0,0.0,0.0,59.7157122642852,6.101133363310453,True,False,True,False,False,0.0,0,0.7750418795032393,0.9376186539501355,False,False,False,False,0.030568749367966344,0.042057739357025295,False,False,False,False,11514951,7647423.897434736,False,False,False,False,932395.1905782421,False,False,False,False
2022-11-22 00:00:00+00:00,32.5419127085,32.8501455212,31.4574936312,32.1309356249,890014,,,,,,,,,,,,,,,,,,,,,,,26.54802233410341,"rgba(38, 166, 154, 0.75)",0.0,0.0,10.339291040323893,42.07543292677264,-0.9220671108968019,0.0,0.0,0.0,0.0,0.0,0.0,0.0,0.0,57.1214622187974,6.101133363310453,True,False,True,False,False,0.0,0,0.788089377212623,0.9456898196073096,False,False,False,False,-0.012322916151826456,0.014867411602599419,False,False,False,False,10624937,7764189.117143178,False,False,False,False,930733.1831045855,False,False,False,False
2022-11-23 00:00:00+00:00,33.9896728893,34.4006499728,33.2798033813,33.7841843475,628340,,,,,,,,,,,,,,,,,,,,,,,26.700505720962905,"rgba(38, 166, 154, 0.75)",0.0,0.0,10.296429920064808,42.026384482252254,-0.780533802040549,0.0,0.0,0.0,0.0,0.0,0.0,0.0,0.0,56.288081389350396,6.101133363310453,True,False,True,False,False,0.0,0,0.7991566028887616,0.9258649875542101,False,False,False,False,0.026492323519607165,0.020679867561103293,False,False,False,False,11253277,7901016.092941485,False,False,False,False,918874.6269044058,False,False,False,False
2022-11-25 00:00:00+00:00,31.1128333042,32.1963183428,31.0381101981,32.1963183428,680536,,,,,,,,,,,,,,,,,,,,,,,26.80496970483747,"rgba(38, 166, 154, 0.75)",0.0,0.0,10.259565587354123,41.94155868875916,-1.055476013322297,0.0,0.0,0.0,0.0,0.0,0.0,0.0,0.0,53.749130160857426,10.740470380826018,True,False,True,False,False,0.0,0,0.7868788299615493,0.9327417521695134,False,False,False,False,0.005310626805954575,0.012995247183528935,False,False,False,False,10572741,8005789.618708487,False,False,False,False,909528.0140846252,False,False,False,False
2022-11-28 00:00:00+00:00,33.4385899818,34.4006499728,31.8600643653,31.8694047536,1352471,,,,,,,,,,,,,,,,,,,,,,,27.074234966803594,"rgba(38, 166, 154, 0.75)",0.0,0.0,10.161907533824909,41.83556718938134,-0.8263189937156161,0.0,0.0,0.0,0.0,0.0,0.0,0.0,0.0,53.56757121521805,10.329461575862965,True,False,True,False,False,0.0,0,0.8030257516852434,0.9058521649105208,False,False,False,False,0.043578554064619614,0.028286900624074275,False,False,False,False,11925212,8159492.457190507,False,False,False,False,926898.3272577771,False,False,False,False
2022-11-29 00:00:00+00:00,37.3615530522,38.4263573142,36.5395988851,36.9879375217,1531021,,,,,,,,,,,,,,,,,,,,,,,27.54362588515395,"rgba(38, 166, 154, 0.75)",0.0,0.0,10.049580746060423,41.841397076130875,-0.4457742205501493,0.0,0.0,0.0,0.0,0.0,0.0,0.0,0.0,55.64271904962728,10.329461575862965,True,False,True,False,False,0.0,0,0.8174711161795908,0.8863348523543783,False,False,False,False,0.15477535832855133,0.0915311294763128,False,False,False,False,13456233,8367207.772594801,False,False,False,False,950589.4124633545,False,False,False,False
2022-11-30 00:00:00+00:00,43.283359211,43.955867166,40.6960716621,40.8174967096,1586063,,,,,,,,,,,,,,,,,,,,,,,28.220148162061736,"rgba(38, 166, 154, 1.0)",0.0,0.0,9.942618379486133,41.978551299142865,0.13123383218139456,0.0,0.0,0.0,0.0,0.0,0.0,0.0,0.0,59.56571457932752,10.329461575862965,True,False,True,False,True,1.5315184187848985,0,0.8181467490944061,0.8716000535871636,False,False,False,False,0.3428282513263254,0.2171796904013191,False,False,False,False,15042296,8628975.938375397,False,False,False,False,975509.9453079288,False,False,False,False
2022-12-01 00:00:00+00:00,41.9943856307,42.713595527,40.6960716621,41.508685441,1137773,,,,,,,,,,,,,,,,,,,,,,,28.64301057505686,"rgba(38, 166, 154, 1.0)",0.0,0.0,9.86239518419742,42.04812978802347,-0.005449402129980171,0.0,0.0,0.0,0.0,0.0,0.0,0.0,0.0,61.2058179507207,4.626275673180416,True,False,True,False,True,0.7340035861674181,0,0.8328841307116697,0.8658351936177838,False,False,False,False,0.32375935554929847,0.2704695229753088,False,False,False,False,13904523,8835860.13687048,False,False,False,False,981873.2023546768,False,False,False,False
2022-12-02 00:00:00+00:00,47.402470435,48.07497839,41.1350699105,42.5641493148,1817770,,,,,,,,,,,,,,,,,,,,,,,29.443592582555343,"rgba(38, 166, 154, 1.0)",0.0,0.0,9.85588866989234,42.24761234596806,0.5230231653061326,0.0,0.0,0.0,0.0,0.0,0.0,0.0,0.0,64.27469529913496,7.6437280419241915,True,False,True,False,True,3.9058049536885875,0,0.8423646699824711,0.830552522916401,False,False,False,False,0.3428282515944626,0.3066488872848857,False,False,False,False,15722293,9105916.327581441,False,False,False,False,1014653.4689290032,False,False,False,False
2022-12-05 00:00:00+00:00,47.2156626698,51.4655393295,46.51513355,51.1647788274,2101327,,,,,,,,,,,,,,,,,,,,,,,30.428015724055626,"rgba(38, 166, 154, 1.0)",0.0,0.0,9.86268675396222,42.53393287049126,0.4746911177553016,0.0,0.0,0.0,0.0,0.0,0.0,0.0,0.0,66.17272966238608,9.53207461838906,True,False,True,False,True,3.7872015913845694,0,0.8831187864195684,0.8035578869859537,False,False,False,False,0.34282825199819056,0.32473856964153813,False,False,False,False,13620966,9282977.099048836,False,False,False,False,1057268.1172062973,False,False,False,False
2022-12-06 00:00:00+00:00,48.999676828,49.8122906069,46.4871123852,48.8232368937,1597793,,,,,,,,,,,,,,,,,,,,,,,31.11201234797775,"rgba(38, 166, 154, 1.0)",0.0,0.0,9.903052795131675,42.72939648757107,0.6331664053645544,0.0,0.0,0.0,0.0,0.0,0.0,0.0,0.0,68.05953525878932,11.439381425490403,True,False,True,False,True,4.815237249358912,0,0.8793276420602463,0.8253421057846626,False,False,False,False,0.3226410027673121,0.3236897862044251,False,False,False,False,15218759,9515752.859870452,False,False,False,False,1078465.1714335014,False,False,False,False
2022-12-07 00:00:00+00:00,46.7393028683,47.5472464531,44.5536520148,45.1140753106,1561108,,,,,,,,,,,,,,,,,,,,,,,31.654856464291672,"rgba(38, 166, 154, 1.0)",0.0,0.0,9.896277102784985,42.86008480070461,0.3919876158786731,0.0,0.0,0.0,0.0,0.0,0.0,0.0,0.0,67.41065507185036,11.439381425490403,True,False,True,False,True,3.3528551047655597,0,0.8651911708215416,0.8369943925167578,False,False,False,False,0.2732815922469186,0.29848568922567187,False,False,False,False,13657651,9678180.237914748,False,False,False,False,1097392.3411812072,False,False,False,False
2022-12-08 00:00:00+00:00,52.408918544,52.8292360159,50.8303929276,51.6523470947,1267773,,,,,,,,,,,,,,,,,,,,,,,32.230110515765894,"rgba(38, 166, 154, 1.0)",0.0,0.0,9.96157430156695,43.052882361485665,0.9392126082965259,0.0,0.0,0.0,0.0,0.0,0.0,0.0,0.0,69.01282146272257,12.683141533883997,True,False,True,False,True,6.562213870939928,0,0.8857924376639291,0.8165574610384309,False,False,False,False,0.34282825220319274,0.32065697071443233,False,False,False,False,14925424,9883954.503094563,False,False,False,False,1104073.9356446895,False,False,False,False
2022-12-09 00:00:00+00:00,50.951817975,53.0534053342,50.7836909863,51.661687483,1004156,,,,,,,,,,,,,,,,,,,,,,,32.653858083327286,"rgba(38, 166, 154, 1.0)",0.0,0.0,9.979814863563789,43.19248310011608,0.777502887675119,0.0,0.0,0.0,0.0,0.0,0.0,0.0,0.0,68.91445938059223,12.854085623114834,True,False,True,False,True,5.615221968275428,0,0.9059176220632487,0.8119419245988907,False,False,False,False,0.3428282522090403,0.33174261146173634,False,False,False,False,13921268,10042280.522581052,False,False,False,False,1100155.5852272508,False,False,False,False
2022-12-12 00:00:00+00:00,48.0189360604,49.7842694421,46.2648111446,49.7842694421,895068,,,,,,,,,,,,,,,,,,,,,,,32.94787296645354,"rgba(38, 166, 154, 1.0)",0.0,0.0,9.789258457473604,43.27208129237746,0.4849044275052888,0.0,0.0,0.0,0.0,0.0,0.0,0.0,0.0,66.6294616046819,12.854085623114834,True,False,True,False,True,3.7375567205243527,0,0.8876668355767707,0.8259400828865178,False,False,False,False,0.25908620012165123,0.29541440579169376,False,False,False,False,13026200,10159296.972675914,False,False,False,False,1092112.9348261822,False,False,False,False
2022-12-13 00:00:00+00:00,50.1485445844,53.8285641561,49.2985692524,52.4649608736,1280569,,,,,,,,,,,,,,,,,,,,,,,33.431246101447705,"rgba(38, 166, 154, 0.75)",0.0,0.0,9.659564013225282,43.907486661090914,0.6461014094180868,0.0,0.0,0.0,0.0,0.0,0.0,0.0,0.0,66.01457600972967,12.854085623114834,True,False,True,False,False,4.946511357492021,0,0.9000945612115934,0.7996961916638922,False,False,False,False,0.335016138426184,0.31521527210893885,False,False,False,False,14306769,10321942.93453176,False,False,False,False,1099503.368754567,False,False,False,False
2022-12-14 00:00:00+00:00,50.5688620562,51.3245928706,48.6634228505,50.1111830313,708470,,,,,,,,,,,,,,,,,,,,,,,33.67460178509162,"rgba(38, 166, 154, 0.75)",0.0,0.0,9.586344621507717,43.95805950052687,0.6896061863706913,0.0,0.0,0.0,0.0,0.0,0.0,0.0,0.0,65.7849024431944,12.854085623114834,True,False,True,False,False,5.185044841469605,0,0.8869983726886791,0.8299624327767182,False,False,False,False,0.30092836708592813,0.30807181959743346,False,False,False,False,15015239,10505993.760628553,False,False,False,False,1084168.7268426232,False,False,False,False
2022-12-15 00:00:00+00:00,47.3370877172,53.0498559866,46.8233663627,51.7644317539,824575,,,,,,,,,,,,,,,,,,,,,,,33.930540028273334,"rgba(38, 166, 154, 0.75)",0.0,0.0,9.528134264632511,43.9966680922025,0.35058486081549123,0.0,0.0,0.0,0.0,0.0,0.0,0.0,0.0,63.128821413127696,12.854085623114834,True,False,True,False,False,3.098630724623913,0,0.871460350290025,0.827202072796414,False,False,False,False,0.29969503166153505,0.3038834256294842,False,False,False,False,14190664,10650490.632760767,False,False,False,False,1073988.5806919322,False,False,False,False
2022-12-16 00:00:00+00:00,47.6920224712,49.5601001238,47.5238954824,48.4579343088,600228,,,,,,,,,,,,,,,,,,,,,,,34.10185412311095,"rgba(38, 166, 154, 0.75)",0.0,0.0,9.38952774472639,44.01859743476709,0.39122575025097317,0.0,0.0,0.0,0.0,0.0,0.0,0.0,0.0,61.55068620164116,16.68291310590753,True,False,True,False,False,3.3076860121688014,0,0.8767666219960832,0.839914194407942,False,False,False,False,0.26998863806337087,0.2869360318464276,False,False,False,False,14790892,10812859.313828971,False,False,False,False,1055409.734390288,False,False,False,False
2022-12-19 00:00:00+00:00,47.579937812,48.4952958618,46.8046855862,48.4952958618,600616,,,,,,,,,,,,,,,,,,,,,,,34.26175446192038,"rgba(38, 166, 154, 0.75)",0.0,0.0,9.29628793800989,44.03613638082145,0.3812060743825439,0.0,0.0,0.0,0.0,0.0,0.0,0.0,0.0,60.40642748359256,15.417359719403123,True,False,True,False,False,3.2343878209199417,0,0.8848293250406428,0.8350206933176526,False,False,False,False,0.2512322825210612,0.2690841571837444,False,False,False,False,14190276,10945307.027012149,False,False,False,False,1037574.6859828256,False,False,False,False
2022-12-20 00:00:00+00:00,46.4404104439,47.5519166472,44.6844174505,44.7684809448,521146,,,,,,,,,,,,,,,,,,,,,,,34.38323847845707,"rgba(38, 166, 154, 0.75)",0.0,0.0,9.230644834295164,44.03732644118867,0.26033760867745775,0.0,0.0,0.0,0.0,0.0,0.0,0.0,0.0,58.66930975309113,13.601576829021099,True,False,True,False,False,2.481999242768971,0,0.890130474682403,0.8284271994349595,False,False,False,False,0.21941432572908443,0.2442492414564144,False,False,False,False,13669130,11052123.614188144,False,False,False,False,1017322.5806501658,False,False,False,False
2022-12-21 00:00:00+00:00,49.9710772074,50.27931002,45.767902489,46.8962213912,496827,,,,,,,,,,,,,,,,,,,,,,,34.520241025698326,"rgba(38, 166, 154, 0.75)",0.0,0.0,9.283158295565666,44.070707475587504,0.6355993880478108,0.0,0.0,0.0,0.0,0.0,0.0,0.0,0.0,59.69656191109134,13.601576829021099,True,False,True,False,False,4.621872764628193,0,0.913112657207421,0.802123190526916,False,False,False,False,0.25906657573025205,0.25165790859333326,False,False,False,False,14165957,11174234.727357237,False,False,False,False,996910.9892521201,False,False,False,False
2022-12-22 00:00:00+00:00,49.4666962412,51.5482017656,48.5886997444,50.6996274919,731150,,,,,,,,,,,,,,,,,,,,,,,34.733775730582245,"rgba(38, 166, 154, 0.75)",0.0,0.0,9.293645262681885,44.13834859167793,0.5733323683999161,0.0,0.0,0.0,0.0,0.0,0.0,0.0,0.0,59.91874134615453,13.601576829021099,True,False,True,False,False,4.280847581228805,0,0.927417495892523,0.7944007682988274,False,False,False,False,0.30252931571708586,0.27709361215520956,False,False,False,False,13434807,11262884.620402051,False,False,False,False,986488.9896736057,False,False,False,False
2022-12-23 00:00:00+00:00,47.0195145162,49.9243752661,46.7020347192,49.4199942998,399508,,,,,,,,,,,,,,,,,,,,,,,34.832978409701454,"rgba(38, 166, 154, 0.75)",0.0,0.0,9.296573470241919,44.15770905818242,0.3078344367608281,0.0,0.0,0.0,0.0,0.0,0.0,0.0,0.0,57.91168588579431,12.455813439208995,True,False,True,False,False,2.6346160037594792,1,0.9331429232921263,0.7973245792627894,False,False,False,False,0.2651605598127346,0.27112708598397206,False,False,False,False,13035299,11332391.066660793,False,False,False,False,963470.1273334643,False,False,False,False
2022-12-27 00:00:00+00:00,51.7924529187,52.6191706838,48.8315498393,49.2612076994,822707,,,,,,,,,,,,,,,,,,,,,,,35.08156802083709,"rgba(38, 166, 154, 0.75)",0.0,0.0,9.347677274971096,44.24923351629023,0.8069618987175713,0.0,0.0,0.0,0.0,0.0,0.0,0.0,0.0,59.445180615973506,12.455813439208995,True,False,True,False,False,5.506458521675821,1,0.9292358511307766,0.7805395514758429,False,False,False,False,0.3167231195111111,0.2939251027475416,False,False,False,False,13858006,11431434.789536841,False,False,False,False,957950.0046929363,False,False,False,False
2022-12-28 00:00:00+00:00,46.8233663627,50.6529255506,46.1882199608,50.6529255506,886397,,,,,,,,,,,,,,,,,,,,,,,35.28924931932669,"rgba(38, 166, 154, 0.75)",0.0,0.0,9.273789265112397,44.29082687878812,0.27308572704354944,0.0,0.0,0.0,0.0,0.0,0.0,0.0,0.0,56.79449675818113,11.328342843053775,True,False,True,False,False,2.2496593460270233,1,0.9103803978594134,0.799022246732731,False,False,False,False,0.2674247606591593,0.28067493170335045,False,False,False,False,12971609,11491833.778182456,False,False,False,False,955144.0045088996,False,False,False,False
2022-12-29 00:00:00+00:00,50.1298638078,50.1298638078,46.8537226246,48.0329466428,454479,,,,,,,,,,,,,,,,,,,,,,,35.40262249965948,"rgba(38, 166, 154, 0.75)",0.0,0.0,9.330056089485375,44.32163280217636,0.6225290555508342,0.0,0.0,0.0,0.0,0.0,0.0,0.0,0.0,56.87512399973606,11.326336453942666,True,False,True,False,False,4.1945382708490975,1,0.914476347754558,0.8084290166010979,False,False,False,False,0.26892815489020144,0.274801543296776,False,False,False,False,13426088,11567686.8849204,False,False,False,False,935510.0827634525,False,False,False,False
2022-12-30 00:00:00+00:00,47.5519166472,48.5700189679,46.5898566561,47.1129183989,352226,,,,,,,,,,,,,,,,,,,,,,,35.479892708590825,"rgba(38, 166, 154, 0.5)",0.0,0.0,9.338140210423795,44.33629699500145,0.3443533272941315,0.0,0.0,0.0,0.0,0.0,0.0,0.0,0.0,55.231863093631745,9.638984700545443,False,False,True,False,False,2.5452651963475468,1,0.9204007702083832,0.7958520117675916,False,False,False,False,0.24976673655859769,0.26228413992768684,False,False,False,False,13073862,11626752.575707836,False,False,False,False,912636.1971648858,False,False,False,False
2023-01-03 00:00:00+00:00,52.4649608736,53.8473383365,50.7650102097,50.9144564219,898202,,,,,,,,,,,,,,,,,,,,,,,35.74887396143864,"rgba(38, 166, 154, 0.75)",0.0,0.0,9.444342276496526,44.44494896288366,0.8491869180424755,0.0,0.0,0.0,0.0,0.0,0.0,0.0,0.0,56.66124749455395,9.638984700545443,True,False,True,False,False,5.3654196035809285,1,0.9243242027282028,0.7851936514147401,False,False,False,False,0.3428282522342264,0.30255619608095663,False,False,False,False,13972064,11718725.5727389,False,False,False,False,912070.1502172432,False,False,False,False
2023-01-04 00:00:00+00:00,61.711945254,61.8408426121,56.9763684047,57.6208551948,1303938,,,,,,,,,,,,,,,,,,,,,,,36.301205026873404,"rgba(38, 166, 154, 1.0)",0.0,0.0,9.838320881125037,44.75090229195935,1.7239774110824806,0.0,0.0,0.0,0.0,0.0,0.0,0.0,0.0,60.93414507907606,6.3499075878326465,True,False,True,False,True,10.208768192586891,1,0.9427582997523735,0.75298481201577,False,False,False,False,0.34282825261152383,0.32269222434624023,False,False,False,False,15276002,11858226.609102082,False,False,False,False,927437.5168753907,False,False,False,False
2023-01-05 00:00:00+00:00,62.3937935972,62.8608130104,58.1625977141,59.2161935101,850113,,,,,,,,,,,,,,,,,,,,,,,36.662031831018666,"rgba(38, 166, 154, 1.0)",0.0,0.0,10.224359898306185,44.94845774117764,1.7062521301614624,0.0,0.0,0.0,0.0,0.0,0.0,0.0,0.0,63.981800851998216,9.124376972367983,True,False,True,False,True,10.546080113108342,0,0.9764826914036072,0.7397180050817962,False,False,False,False,0.3428282525823787,0.33276023846430947,False,False,False,False,16126115,12025594.781294156,False,False,False,False,924405.1828802773,False,False,False,False
2023-01-06 00:00:00+00:00,61.6559029245,61.8800722428,58.0887152429,60.0194669008,607904,,,,,,,,,,,,,,,,,,,,,,,36.90754818091215,"rgba(38, 166, 154, 1.0)",0.0,0.0,10.569513648665115,45.07822096346699,1.5684432143315032,0.0,0.0,0.0,0.0,0.0,0.0,0.0,0.0,65.48187174892293,10.444657632603402,True,False,True,False,True,10.057085465817838,0,0.9586920981426779,0.7552629934243189,False,False,False,False,0.3331929852254405,0.332976611844875,False,False,False,False,15518211,12162560.123204188,False,False,False,False,911993.3717869332,False,False,False,False
2023-01-09 00:00:00+00:00,61.7679875836,64.3213695231,61.0207565226,63.8508941663,980462,,,,,,,,,,,,,,,,,,,,,,,37.32289282103217,"rgba(38, 166, 154, 1.0)",0.0,0.0,10.919886503758928,45.303903024417096,1.5077157215430312,0.0,0.0,0.0,0.0,0.0,0.0,0.0,0.0,66.52172485827754,11.412924599486445,True,False,True,False,True,10.11457373482287,0,0.9711193843631445,0.762557323626796,False,False,False,False,0.34282825267536715,0.33790243226012107,False,False,False,False,16498673,12332603.765431475,False,False,False,False,914678.4160305829,False,False,False,False
2023-01-10 00:00:00+00:00,63.3184920353,63.6080440714,61.0114161343,62.5899417508,422751,,,,,,,,,,,,,,,,,,,,,,,37.49975480500396,"rgba(38, 166, 154, 1.0)",0.0,0.0,11.296568676476127,45.39926673081073,1.5862538278374831,0.0,0.0,0.0,0.0,0.0,0.0,0.0,0.0,67.78548458316851,12.663569533331,True,False,True,False,True,10.91533369748501,0,0.9694074432939281,0.7617156866464672,False,False,False,False,0.3365538991045948,0.3372281656823579,False,False,False,False,16921424,12512557.500120437,False,False,False,False,895387.1448136973,False,False,False,False
2023-01-11 00:00:00+00:00,62.6179629155,63.7014479541,61.2916277822,62.9915784461,503235,,,,,,,,,,,,,,,,,,,,,,,37.70619534486451,"rgba(38, 166, 154, 1.0)",0.0,0.0,11.631708658035539,45.50943013399845,1.4708529317988426,0.0,0.0,0.0,0.0,0.0,0.0,0.0,0.0,68.0097800667626,13.002341650894387,True,False,True,False,True,10.42927467702491,0,0.977484904366363,0.7534372174600046,False,False,False,False,0.33974344341542384,0.3384858045488909,False,False,False,False,16418189,12665719.519723559,False,False,False,False,880008.6293308072,False,False,False,False
2023-01-12 00:00:00+00:00,60.7685660395,61.2822873939,58.2279804319,60.6004390507,690753,,,,,,,,,,,,,,,,,,,,,,,37.95672755294766,"rgba(38, 166, 154, 1.0)",0.0,0.0,11.902476180688495,45.63372824882394,1.2715705170014957,0.0,0.0,0.0,0.0,0.0,0.0,0.0,0.0,66.53574205728479,13.002341650894387,True,False,True,False,True,9.146843677139508,0,0.9530309054989267,0.7666688654006036,False,False,False,False,0.2879520583287663,0.3132189314388286,False,False,False,False,15727436,12785786.832675576,False,False,False,False,872586.8399452855,False,False,False,False
2023-01-13 00:00:00+00:00,64.1497865907,64.4113174621,61.8146895249,61.8146895249,546671,,,,,,,,,,,,,,,,,,,,,,,38.18060910203209,"rgba(38, 166, 154, 1.0)",0.0,0.0,12.245652927729438,45.75385315639532,1.502241941926049,0.0,0.0,0.0,0.0,0.0,0.0,0.0,0.0,67.07236973167326,13.002341650894387,True,False,True,False,True,10.940857214709023,0,0.9623672062468296,0.7634088336242112,False,False,False,False,0.34282825251653765,0.32802359197768316,False,False,False,False,16274107,12922583.701982416,False,False,False,False,859805.8266140978,False,False,False,False
2023-01-17 00:00:00+00:00,60.0867176963,62.4965378681,59.1013067345,61.6465625362,554118,,,,,,,,,,,,,,,,,,,,,,,38.37801164327673,"rgba(38, 166, 154, 0.75)",0.0,0.0,12.473382444239945,45.8517984849893,1.1412236636650397,0.0,0.0,0.0,0.0,0.0,0.0,0.0,0.0,64.20523597409809,13.002341650894387,True,False,True,False,False,8.162851695091604,0,0.9409657892884857,0.7689737428608091,False,False,False,False,0.29946250347825254,0.31374304772796785,False,False,False,False,15719989,13032285.870532125,False,False,False,False,847818.0687076626,False,False,False,False
2023-01-18 00:00:00+00:00,57.0791126756,61.8707318545,56.8923049103,61.4130528296,593918,,,,,,,,,,,,,,,,,,,,,,,38.56752433759645,"rgba(38, 166, 154, 0.5)",0.0,0.0,12.624055497334854,45.939599891444736,0.8824036607338267,0.0,0.0,0.0,0.0,0.0,0.0,0.0,0.0,60.27420349992643,15.218242858291362,False,False,True,False,False,6.180745150616705,0,0.9334472407331553,0.777161081982733,False,False,False,False,0.27179651598080135,0.2927697818543846,False,False,False,False,15126071,13114395.091295572,False,False,False,False,837861.2032681465,False,False,False,False
2023-01-19 00:00:00+00:00,58.9471903282,60.2797835217,57.9197476192,57.9757899488,523156,,,,,,,,,,,,,,,,,,,,,,,38.73509920377629,"rgba(38, 166, 154, 0.5)",0.0,0.0,12.802532262833978,46.01828566565108,1.0098708909394283,0.0,0.0,0.0,0.0,0.0,0.0,0.0,0.0,58.702291912401535,13.774403324572688,False,False,True,False,False,7.204849707292528,0,0.9227556791447471,0.7933647159002352,False,False,False,False,0.2665482730943219,0.27965902747435323,False,False,False,False,15649227,13213800.264185943,False,False,False,False,825519.822747827,False,False,False,False
2023-01-20 00:00:00+00:00,62.1416031141,62.7207071864,60.4790140033,61.5811798183,498911,,,,,,,,,,,,,,,,,,,,,,,38.913521508924454,"rgba(38, 166, 154, 0.5)",0.0,0.0,13.038731013445119,46.10899495871251,1.2296141502463072,0.0,0.0,0.0,0.0,0.0,0.0,0.0,0.0,59.292892507417804,13.774403324572688,False,False,True,False,False,8.920663062007645,0,0.922121484551187,0.7843357558167884,False,False,False,False,0.3136587849068204,0.2966589061905868,False,False,False,False,16148138,13328872.332257083,False,False,False,False,812711.6336204612,False,False,False,False
2023-01-23 00:00:00+00:00,63.4212363062,64.3552751325,62.1084447358,63.5239805771,561424,,,,,,,,,,,,,,,,,,,,,,,39.12410597432347,"rgba(38, 166, 154, 0.5)",0.0,0.0,13.29950480133227,46.21955641629694,1.2934075476389086,0.0,0.0,0.0,0.0,0.0,0.0,0.0,0.0,60.298934364884595,13.774403324572688,False,False,True,False,False,9.597268814715793,0,0.9397908454402709,0.7661178139701106,False,False,False,False,0.34282825247553167,0.31974357933305925,False,False,False,False,16709562,13461448.397658765,False,False,False,False,802857.2166157372,False,False,False,False
2023-01-24 00:00:00+00:00,62.8234514573,62.9448765048,61.1702027348,61.6465625362,582367,,,,,,,,,,,,,,,,,,,,,,,39.330015202320034,"rgba(38, 166, 154, 0.5)",0.0,0.0,13.535724265946747,46.32490011784064,1.2188894377057098,0.0,0.0,0.0,0.0,0.0,0.0,0.0,0.0,60.485171717372154,13.774403324572688,False,False,True,False,False,9.186360362433486,0,0.9508682418250959,0.7661125360111882,False,False,False,False,0.31837594112894524,0.31905976023100224,False,False,False,False,16127195,13565987.48010352,False,False,False,False,794210.5414543358,False,False,False,False
2023-01-25 00:00:00+00:00,63.271790094,63.309151647,60.3949505089,61.8240299132,571481,,,,,,,,,,,,,,,,,,,,,,,39.52865879326173,"rgba(38, 166, 154, 0.5)",0.0,0.0,13.770237943997301,46.42629132365981,1.223326629419897,0.0,0.0,0.0,0.0,0.0,0.0,0.0,0.0,60.85565799937318,13.774403324572688,False,False,True,False,False,9.430101275128244,0,0.9452176930089854,0.7770523724823853,False,False,False,False,0.31083282091311687,0.3149462905720596,False,False,False,False,16698676,13688838.01029554,False,False,False,False,785476.0496325971,False,False,False,False
2023-01-26 00:00:00+00:00,66.9145415166,66.9593753802,64.0283615433,65.4294197827,999122,,,,,,,,,,,,,,,,,,,,,,,39.922012992207044,"rgba(38, 166, 154, 1.0)",0.0,0.0,14.062605621809372,47.77840833313267,1.3607814723744753,0.0,0.0,0.0,0.0,0.0,0.0,0.0,0.0,62.950795371803274,13.774403324572688,True,False,True,False,True,11.383450644826887,0,0.9545226827903014,0.7708477528241788,False,False,False,False,0.34282825222905744,0.3288872714005585,False,False,False,False,17697798,13846052.127538852,False,False,False,False,793854.3221960247,False,True,False,False
2023-01-27 00:00:00+00:00,65.6816102658,66.9519030696,63.841553778,66.7837760809,592944,,,,,,,,,,,,,,,,,,,,,,,40.145805314104024,"rgba(38, 166, 154, 1.0)",0.0,0.0,14.281201401688271,47.88190592747262,1.2463730352702094,0.0,0.0,0.0,0.0,0.0,0.0,0.0,0.0,63.205939994443035,13.774403324572688,True,False,True,False,True,10.503732126901827,0,0.9488094157929182,0.7840284529815771,False,False,False,False,0.3407059285071508,0.3347965999538547,False,False,False,False,17104854,13973848.279400075,False,False,False,False,785975.4860314747,False,False,False,False
2023-01-30 00:00:00+00:00,59.3208058587,60.6191198273,56.8549433572,59.6944213892,905587,,,,,,,,,,,,,,,,,,,,,,,40.39360443998775,"rgba(38, 166, 154, 0.5)",0.0,0.0,14.339755099289572,47.84181704582617,0.8005010359934618,0.0,0.0,0.0,0.0,0.0,0.0,0.0,0.0,58.60807939324884,13.092317654898125,False,True,True,False,False,6.152975991807143,1,0.919437700814661,0.8110726479122176,False,False,False,False,0.20102512122192293,0.2679108605878888,False,False,False,False,16199267,14061119.601776542,False,False,False,False,790666.1336380835,False,False,False,False
2023-01-31 00:00:00+00:00,58.5362132446,60.6191198273,57.9664495605,58.0691938314,422469,,,,,,,,,,,,,,,,,,,,,,,40.507650096577024,"rgba(38, 166, 154, 0.5)",0.0,0.0,14.374547398869424,47.854679819034516,0.7430865911232516,0.0,0.0,0.0,0.0,0.0,0.0,0.0,0.0,55.055970564763314,9.808306071758437,False,True,True,False,False,5.636538640080477,0,0.935395179259129,0.8060117250431593,False,False,False,False,0.21232175896688218,0.24011630977738552,False,False,False,False,15776798,14128401.107589228,False,False,False,False,776227.0303581586,False,False,False,False
2023-02-01 00:00:00+00:00,62.9261957282,63.8135326132,60.1334196376,61.3084404811,762073,,,,,,,,,,,,,,,,,,,,,,,40.7453518055239,"rgba(38, 166, 154, 0.5)",0.0,0.0,14.459983057221837,47.96301740036698,1.0347991604568214,0.0,0.0,0.0,0.0,0.0,0.0,0.0,0.0,55.35844971182281,9.808306071758437,False,True,True,False,False,8.068389656331885,1,0.9503286604508792,0.7893050201408782,False,False,False,False,0.2676256876032973,0.2538709986903414,False,False,False,False,16538871,14222929.338664161,False,False,False,False,775671.9703441132,False,False,False,False
2023-02-02 00:00:00+00:00,60.3389081794,62.6740052451,59.4142097413,62.6179629155,589257,,,,,,,,,,,,,,,,,,,,,,,40.913223171939855,#000000,0.0,0.0,14.464392247694054,48.0252200938543,0.8513104370153385,0.0,0.0,0.0,0.0,0.0,0.0,0.0,0.0,53.86746664902806,8.744334622535355,False,True,False,False,False,6.353105100987076,1,0.9419807900715932,0.7910783390163574,False,False,False,False,0.2482870415865853,0.25107902013846334,False,False,False,False,15949614,14290642.462638116,False,False,False,False,768361.5793502264,False,False,False,False
2023-02-03 00:00:00+00:00,56.5467105446,60.0477682772,56.3361781931,58.6015959624,564957,,,,,,,,,,,,,,,,,,,,,,,41.04636392241997,#000000,0.0,0.0,14.438540417997826,48.04699365723167,0.5886825566366342,0.0,0.0,0.0,0.0,0.0,0.0,0.0,0.0,50.708780310914605,5.744762304973754,False,True,False,False,False,3.915938051556047,0,0.9389903225562963,0.7945406565711162,False,False,False,False,0.18999485015778197,0.22053693514812267,False,False,False,False,15384657,14333544.993515052,False,False,False,False,760384.9291796293,False,False,False,False
2023-02-06 00:00:00+00:00,53.82865756,54.6412713389,51.5589432121,53.2121919346,994422,,,,,,,,,,,,,,,,,,,,,,,41.21622953718784,"rgba(239, 83, 80, 1.0)",0.0,0.0,14.378316592625922,48.01269639519686,0.40449527782591194,0.0,0.0,0.0,0.0,0.0,0.0,0.0,0.0,47.25021815761477,2.5450211233305,False,True,False,True,False,2.2239242130620163,0,0.9327679375501182,0.8064119659446962,False,False,False,False,0.08877170039519504,0.15465431777165886,False,False,False,False,14390235,14335768.131024266,False,False,False,False,769562.8535255262,False,False,False,False
2023-02-07 00:00:00+00:00,55.6687140478,56.3972643324,53.7558025316,55.7434371539,696254,,,,,,,,,,,,,,,,,,,,,,,41.350893535863,"rgba(239, 83, 80, 1.0)",0.0,0.0,14.263392925983746,48.02916343671088,0.5356054236697136,0.0,0.0,0.0,0.0,0.0,0.0,0.0,0.0,46.21222482923271,1.6261861646941327,False,True,False,True,False,3.286083836067281,0,0.9383828930609709,0.8055666968738041,False,False,False,False,0.12773507263588665,0.14119469520377276,False,False,False,False,15086489,14365208.165101746,False,False,False,False,766687.9965245252,False,False,False,False
2023-02-08 00:00:00+00:00,53.1094476638,54.9074724044,52.6237474741,54.4544635736,330715,,,,,,,,,,,,,,,,,,,,,,,41.406135505185524,"rgba(239, 83, 80, 1.0)",0.0,0.0,14.126373429081575,48.028488463639405,0.3596789526815539,0.0,0.0,0.0,0.0,0.0,0.0,0.0,0.0,44.21300958470511,-0.2740667564511412,False,True,False,True,False,1.6973907533780448,0,0.9382891308343372,0.8071840180796748,False,False,False,False,0.09107262710027184,0.1161336611520223,False,False,False,False,14755774,14380524.47235266,False,False,False,False,749591.0162686615,False,False,False,False
2023-02-09 00:00:00+00:00,55.4165235647,57.2939416056,54.9868657046,56.7148375333,593164,,,,,,,,,,,,,,,,,,,,,,,41.522928378554056,"rgba(239, 83, 80, 1.0)",0.0,0.0,14.002489769882798,48.0556959989696,0.5256799102658452,0.0,0.0,0.0,0.0,0.0,0.0,0.0,0.0,44.49387331094492,-0.2740667564511412,False,True,False,True,False,3.040659545274817,0,0.9405258189643759,0.802480308560178,False,False,False,False,0.11005335977438592,0.11309351046320411,False,False,False,False,15348938,14418501.473436868,False,False,False,False,743456.623473812,False,False,False,False
2023-02-10 00:00:00+00:00,50.8584140924,52.763853298,50.1392041961,52.3061742731,573958,,,,,,,,,,,,,,,,,,,,,,,41.59821947097759,"rgba(239, 83, 80, 1.0)",0.0,0.0,13.664605290344765,48.03852009084195,0.20636483393710234,0.0,0.0,0.0,0.0,0.0,0.0,0.0,0.0,42.4336878061152,-2.1365225481048924,False,True,False,True,False,0.26026747278384477,0,0.9184175099705496,0.8253924437675964,False,False,False,False,-0.05965959399832596,0.026716958232439074,False,False,False,False,14774980,14432481.023498166,False,False,False,False,736809.6186317017,False,False,False,False
2023-02-13 00:00:00+00:00,53.8753595013,54.6583642494,52.5677051445,52.9600014515,394132,,,,,,,,,,,,,,,,,,,,,,,41.66218078453852,"rgba(239, 83, 80, 1.0)",0.0,0.0,13.355092241090826,48.045393187002716,0.4365350840752483,0.0,0.0,0.0,0.0,0.0,0.0,0.0,0.0,43.08041612194531,-2.1365225481048924,False,True,False,True,False,2.0164384195619682,0,0.9168119264825865,0.8265230514198232,False,False,False,False,0.00037963662058274603,0.01354829742651091,False,False,False,False,15169112,14461368.512772748,False,False,False,False,723371.2806461448,False,False,False,False
2023-02-14 00:00:00+00:00,52.6704494154,53.1094476638,50.9798391398,51.699049036,282006,,,,,,,,,,,,,,,,,,,,,,,41.70208034190712,"rgba(239, 83, 80, 1.0)",0.0,0.0,13.103033552386048,48.04432109724718,0.3530578090682222,0.0,0.0,0.0,0.0,0.0,0.0,0.0,0.0,42.89956291555143,-2.1365225481048924,False,True,False,True,False,1.2859373635367568,0,0.908287994264351,0.8273179071843484,False,False,False,False,-0.09522598492164924,-0.040838843747569166,False,False,False,False,14887106,14478064.100507151,False,False,False,False,706062.8382678645,False,False,False,False
2023-02-15 00:00:00+00:00,52.0726645666,52.0820049548,50.2886504083,50.4380966205,453480,,,,,,,,,,,,,,,,,,,,,,,41.760964822802194,"rgba(239, 83, 80, 1.0)",0.0,0.0,12.785529212052502,48.038472357645404,0.31552798026941986,0.0,0.0,0.0,0.0,0.0,0.0,0.0,0.0,42.46588982875268,-2.67922551844611,False,True,False,True,False,0.9213801472314707,0,0.8976962084411383,0.8521695163894132,False,False,False,False,-0.15697513371192237,-0.09890698872974577,False,False,False,False,14433626,14476321.42989903,False,False,False,False,696157.6289240267,False,False,False,False
2023-02-16 00:00:00+00:00,52.6891301919,53.6231690182,51.344114282,51.8858568013,398238,,,,,,,,,,,,,,,,,,,,,,,41.8177281655012,"rgba(239, 83, 80, 1.0)",0.0,0.0,12.402561959926954,48.04151067587993,0.37473060251879153,0.0,0.0,0.0,0.0,0.0,0.0,0.0,0.0,42.65249188632833,-2.786919794678198,False,True,False,True,False,1.2920382513505473,0,0.8745978685641916,0.8594764126708443,False,False,False,False,-0.11209470672818854,-0.10550084772896715,False,False,False,False,14831864,14490264.275785342,False,False,False,False,684474.5062211237,False,False,False,False
2023-02-17 00:00:00+00:00,49.139782652,50.2606292435,48.5701123718,50.1111830313,543066,,,,,,,,,,,,,,,,,,,,,,,41.87118471396759,"rgba(239, 83, 80, 1.0)",0.0,0.0,11.989063200072804,48.02052706486731,0.09335638393547671,0.0,0.0,0.0,0.0,0.0,0.0,0.0,0.0,40.85472587145776,-4.765927437870303,False,True,False,True,False,0.0,0,0.8600472134853694,0.8564358633680461,False,False,False,False,-0.21922463944628712,-0.16236274358762715,False,False,False,False,14288798,14482363.637519252,False,False,False,False,678929.074604609,False,False,False,False
2023-02-21 00:00:00+00:00,45.6744986064,47.3043963583,45.0767137575,46.3283257848,549741,,,,,,,,,,,,,,,,,,,,,,,41.90087139166138,"rgba(239, 83, 80, 1.0)",0.0,0.0,11.624802491561118,47.975206559444224,-0.19791372410106706,0.0,0.0,0.0,0.0,0.0,0.0,0.0,0.0,38.09350566478713,-7.544556721726998,False,True,False,True,False,0.0,0,0.8627290576691469,0.8577055109654368,False,False,False,False,-0.3400636601604049,-0.251213201874016,False,False,False,False,13739057,14453214.357616536,False,False,False,False,673862.8756005068,False,False,False,False
2023-02-22 00:00:00+00:00,45.8706467599,47.3174729018,45.1794580284,46.8887490806,413612,,,,,,,,,,,,,,,,,,,,,,,41.92348531026139,"rgba(239, 83, 80, 1.0)",0.0,0.0,11.249076153809147,47.944221270637584,-0.18433287164079115,0.0,0.0,0.0,0.0,0.0,0.0,0.0,0.0,36.42741114331503,-9.205064603719137,False,True,False,True,False,0.0,0,0.8493010572652143,0.8691182491413074,False,False,False,False,-0.33785558572645913,-0.2945343938002376,False,False,False,False,14152669,14441428.265160985,False,False,False,False,663656.9589102909,False,False,False,False
2023-02-23 00:00:00+00:00,45.3382446289,48.7045205589,44.5349712383,48.5139766383,576088,,,,,,,,,,,,,,,,,,,,,,,41.95510053832301,"rgba(239, 83, 80, 1.0)",0.0,0.0,10.902084623617494,47.90472007230147,-0.23541144028928598,0.0,0.0,0.0,0.0,0.0,0.0,0.0,0.0,35.066449516958855,-10.570053268600262,False,True,False,True,False,0.0,0,0.8477232629309734,0.8644872923737491,False,False,False,False,-0.3237730939935268,-0.3091537438968822,False,False,False,False,13576581,14407512.686135065,False,False,False,False,660222.8820902794,False,False,False,False
2023-02-24 00:00:00+00:00,41.9383433011,43.1712745519,41.1724314636,42.1251510664,637350,,,,,,,,,,,,,,,,,,,,,,,41.95622944499274,"rgba(239, 83, 80, 1.0)",0.0,0.0,10.67756445497987,47.828389945174656,-0.5516282920987305,0.0,0.0,0.0,0.0,0.0,0.0,0.0,0.0,32.677348601593856,-12.884067251506082,False,True,False,True,False,0.0,0,0.8518173447456294,0.8705517523084989,False,False,False,False,-0.34282825441539394,-0.32599099915613805,False,False,False,False,12939231,14349933.012168983,False,False,False,False,659325.9063220331,False,False,False,False
2023-02-27 00:00:00+00:00,43.4701669763,44.0305902721,42.7976590213,43.6756555181,319783,,,,,,,,,,,,,,,,,,,,,,,41.96222558919639,"rgba(239, 83, 80, 1.0)",0.0,0.0,10.421115800145806,47.797879125444105,-0.41528299196939683,0.0,0.0,0.0,0.0,0.0,0.0,0.0,0.0,32.617269297653706,-13.01029024776846,False,True,False,True,False,0.0,0,0.843850238421452,0.8867238760017688,False,False,False,False,-0.3038636703010434,-0.3149273347285907,False,False,False,False,13259014,14307151.874436866,False,False,False,False,646010.498230973,False,False,False,False
2023-02-28 00:00:00+00:00,42.8069994096,43.8998248364,42.0803172027,42.358660773,291933,,,,,,,,,,,,,,,,,,,,,,,41.965796536012824,"rgba(239, 83, 80, 1.0)",0.0,0.0,10.150050329805307,47.768932344757026,-0.48885796364836354,0.0,0.0,0.0,0.0,0.0,0.0,0.0,0.0,32.25794283716755,-13.507062635509477,False,True,False,True,False,0.0,0,0.842739571957397,0.873889304643834,False,False,False,False,-0.31705861359083,-0.31599297415971034,False,False,False,False,12967081,14254600.075439341,False,False,False,False,632125.1061434839,False,False,False,False
2023-03-01 00:00:00+00:00,46.5338143266,47.7107032477,46.0200929721,47.3557684937,599475,,,,,,,,,,,,,,,,,,,,,,,42.001845683136594,"rgba(239, 83, 80, 0.75)",0.0,0.0,9.712105960733664,47.74260110744359,-0.12446186087041781,0.0,0.0,0.0,0.0,0.0,0.0,0.0,0.0,35.53542270327052,-13.507062635509477,False,True,False,True,True,0.0,0,0.8550880406617374,0.8674761775079971,False,False,False,False,-0.19979187812026528,-0.2578924261399878,False,False,False,False,13566556,14227617.954833878,False,False,False,False,630844.7098241317,False,False,False,False
2023-03-02 00:00:00+00:00,49.5414193473,49.6441636182,45.767902489,46.1882199608,853474,,,,,,,,,,,,,,,,,,,,,,,42.06881473922383,"rgba(239, 83, 80, 0.75)",0.0,0.0,9.37314991371693,47.7257558124256,0.19370900407954753,0.0,0.0,0.0,0.0,0.0,0.0,0.0,0.0,40.0435289564761,-14.549562396263106,False,True,False,True,True,0.0,0,0.8523561838958602,0.8414346874846077,False,False,False,False,-0.17515530608187638,-0.2165238661109321,False,False,False,False,14420030,14235163.52523255,False,False,False,False,639575.2702231853,False,False,False,False
2023-03-03 00:00:00+00:00,50.0551407017,50.3633735144,49.3360242094,49.7282271125,485488,,,,,,,,,,,,,,,,,,,,,,,42.11587392376336,"rgba(239, 83, 80, 0.75)",0.0,0.0,9.118321569081349,47.7272339098842,0.2552999227082897,0.0,0.0,0.0,0.0,0.0,0.0,0.0,0.0,43.42439910307003,-11.52983222479864,False,True,False,True,True,0.176794179236893,0,0.8741756744931092,0.8315953337695358,False,False,False,False,-0.11320234344354382,-0.16486310477723798,False,False,False,False,14905518,14261451.936007746,False,False,False,False,633532.6321752174,False,False,False,False
2023-03-06 00:00:00+00:00,47.8134475186,49.3826327468,47.5986185885,49.0183576045,296296,,,,,,,,,,,,,,,,,,,,,,,42.13829091487858,"rgba(239, 83, 80, 0.75)",0.0,0.0,8.885630029628663,47.72217776802244,0.010271612735757121,0.0,0.0,0.0,0.0,0.0,0.0,0.0,0.0,44.073127656422464,-11.048338496735795,False,True,False,True,True,0.0,0,0.8725216000629263,0.828040099079162,False,False,False,False,-0.15235013607249107,-0.1586066204248645,False,False,False,False,14609222,14275089.977732932,False,False,False,False,620307.6662075619,False,False,False,False
2023-03-07 00:00:00+00:00,44.9272675453,46.5711758796,44.5349712383,46.5711758796,397921,,,,,,,,,,,,,,,,,,,,,,,42.153911919080365,"rgba(239, 83, 80, 0.75)",0.0,0.0,8.807779299551003,47.70129543028588,-0.31495202032676917,0.0,0.0,0.0,0.0,0.0,0.0,0.0,0.0,42.69628451761755,-11.048338496735795,False,True,False,True,True,0.0,0,0.854176236186138,0.8495004220419896,False,False,False,False,-0.23874854370195722,-0.19867758206341085,False,False,False,False,14211301,14272588.449194387,False,False,False,False,611586.6204739319,False,False,False,False
2023-03-08 00:00:00+00:00,44.0772922134,44.2640999786,42.8537013509,43.6289535767,350860,,,,,,,,,,,,,,,,,,,,,,,42.16066099532097,"rgba(239, 83, 80, 1.0)",0.0,0.0,8.689779792519138,47.676529430325154,-0.41419199368247134,0.0,0.0,0.0,0.0,0.0,0.0,0.0,0.0,41.28163499739867,-11.048338496735795,False,True,False,True,False,0.0,0,0.8290888383261057,0.8641720510710197,False,False,False,False,-0.2993824050502423,-0.24902999355682656,False,False,False,False,13860441,14256425.80412794,False,False,False,False,601362.0471220129,False,False,False,False
2023-03-09 00:00:00+00:00,39.2763326462,41.8449394185,38.9774402217,41.8449394185,935323,,,,,,,,,,,,,,,,,,,,,,,42.13667146608824,"rgba(239, 83, 80, 1.0)",0.0,0.0,8.693487926403456,47.57213118187518,-0.9542543344978451,0.0,0.0,0.0,0.0,0.0,0.0,0.0,0.0,37.92642630495534,-6.6707929246932665,False,True,False,True,False,0.0,0,0.8192440107487128,0.8579940009860623,False,False,False,False,-0.34282825441539394,-0.29592912398611027,False,False,False,False,12925118,14204217.654946454,False,False,False,False,614458.5550780125,False,False,False,False
2023-03-10 00:00:00+00:00,39.6312674002,40.5372850617,38.5571227499,39.2296307048,712981,,,,,,,,,,,,,,,,,,,,,,,42.11484493212493,"rgba(239, 83, 80, 1.0)",0.0,0.0,8.628837547282629,47.49294657392512,-0.9110936589831726,0.0,0.0,0.0,0.0,0.0,0.0,0.0,0.0,36.03522437052405,-8.444744176902375,False,True,False,True,False,0.0,0,0.8118278151967054,0.886232729644886,False,False,False,False,-0.34282825441539394,-0.3193786892007521,False,False,False,False,13638099,14182016.923379926,False,False,False,False,618322.1803690708,False,False,False,False
2023-03-13 00:00:00+00:00,40.798815933,41.6394508767,39.0241421631,39.6406077884,623534,,,,,,,,,,,,,,,,,,,,,,,42.10280719177718,"rgba(239, 83, 80, 1.0)",0.0,0.0,8.478142855574196,47.43314114153749,-0.7825210451809695,0.0,0.0,0.0,0.0,0.0,0.0,0.0,0.0,35.942409051924514,-8.601735007758037,False,True,False,True,False,0.0,0,0.831790795340281,0.8739492866321155,False,False,False,False,-0.32059240435302994,-0.319985546776891,False,False,False,False,14261633,14185139.122463066,False,False,False,False,618526.5654526368,False,False,False,False
2023-03-14 00:00:00+00:00,41.5460469941,41.5927489354,39.696650118,40.3598176847,700132,,,,,,,,,,,,,,,,,,,,,,,42.09327121278171,"rgba(239, 83, 80, 1.0)",0.0,0.0,8.272786325690697,47.37228520729598,-0.7042655260057794,0.0,0.0,0.0,0.0,0.0,0.0,0.0,0.0,36.63287206935926,-8.601735007758037,False,True,False,True,False,0.0,0,0.830700362042252,0.8705462716932775,False,False,False,False,-0.3118104435355341,-0.31589799515621253,False,False,False,False,14961765,14215595.03922922,False,False,False,False,621726.7785721412,False,False,False,False
2023-03-15 00:00:00+00:00,39.2669922579,39.9208194363,37.8752744067,39.2576518696,624953,,,,,,,,,,,,,,,,,,,,,,,42.070846538325995,"rgba(239, 83, 80, 1.0)",0.0,0.0,8.145550842765651,46.846133846691004,-0.9304639716934926,0.0,0.0,0.0,0.0,0.0,0.0,0.0,0.0,35.7571096913251,-9.096571219197507,False,True,False,True,False,0.0,0,0.8219737917457399,0.870893153114282,True,False,False,False,-0.34282825441539394,-0.3293631247858032,False,False,False,False,14336812,14220348.645533957,True,False,False,False,621853.2970595083,False,False,False,False
2023-03-16 00:00:00+00:00,41.4619834997,41.5927489354,38.8373343978,38.9774402217,455796,,,,,,,,,,,,,,,,,,,,,,,42.063220517139634,"rgba(239, 83, 80, 1.0)",0.0,0.0,7.88218574750239,46.84753351658293,-0.683255912687599,0.0,0.0,0.0,0.0,0.0,0.0,0.0,0.0,37.38369353898274,-9.096571219197507,False,True,False,True,False,0.0,0,0.8184705488373889,0.8818521431910943,False,False,False,False,-0.30657445616272844,-0.31796879047426585,False,False,False,False,14792608,14242790.188846352,False,False,False,False,615341.2461944296,False,False,False,False
2023-03-17 00:00:00+00:00,41.6020893237,42.9657860101,40.5559658382,42.7042551387,508347,,,,,,,,,,,,,,,,,,,,,,,42.061134666519116,"rgba(239, 83, 80, 0.75)",0.0,0.0,7.68400761229317,46.849468948726425,-0.6828962033602708,0.0,0.0,0.0,0.0,0.0,0.0,0.0,0.0,38.60670994468376,-9.096571219197507,False,True,False,True,True,0.0,0,0.8112660384963156,0.9052768032943745,False,False,False,False,-0.2649892995294869,-0.2914790450018764,False,False,False,False,15300955,14284286.848107278,False,False,False,False,611145.3934024911,False,False,False,False
2023-03-20 00:00:00+00:00,40.6773908856,41.8546534223,38.5477823616,39.8367559419,713142,,,,,,,,,,,,,,,,,,,,,,,42.04723746772931,"rgba(239, 83, 80, 0.75)",0.0,0.0,7.610417282338106,46.79404088194118,-0.8037207119426173,0.0,0.0,0.0,0.0,0.0,0.0,0.0,0.0,38.759738865475455,-9.096571219197507,False,True,False,True,True,0.0,0,0.7911129213099617,0.9169320705769998,False,False,False,False,-0.3069508134974772,-0.2992149292496768,False,False,False,False,14587813,14296189.834456014,False,False,False,False,615145.2603278836,False,False,False,False
2023-03-21 00:00:00+00:00,41.8938923934,42.3989761597,40.9398452793,41.6319971072,455529,,,,,,,,,,,,,,,,,,,,,,,42.0456645881325,"rgba(239, 83, 80, 0.75)",0.0,0.0,7.632597100719554,46.77870066996069,-0.6399929423891877,0.0,0.0,0.0,0.0,0.0,0.0,0.0,0.0,40.19125950305353,-9.096571219197507,False,True,False,True,True,0.0,0,0.8040013966708465,0.9081225384989055,False,False,False,False,-0.2674237811829724,-0.28331935521632456,False,False,False,False,15043342,14325489.919379307,False,False,False,False,608885.799138555,False,False,False,False
2023-03-22 00:00:00+00:00,41.2485075809,42.9134133291,41.2110939686,42.7356986706,350420,,,,,,,,,,,,,,,,,,,,,,,42.044651713493934,"rgba(239, 83, 80, 0.75)",0.0,0.0,7.645733254891687,46.76523251760281,-0.7215429511843422,0.0,0.0,0.0,0.0,0.0,0.0,0.0,0.0,40.61757183112986,-9.096571219197507,False,True,False,True,True,0.0,0,0.786230485385791,0.9187586708162621,False,False,False,False,-0.2569891921314154,-0.27015427367387,False,False,False,False,14692922,14339899.02058012,False,False,False,False,598749.885446847,False,False,False,False
2023-03-23 00:00:00+00:00,45.1208164558,46.9914970718,44.082588714,45.2143504866,1089655,,,,,,,,,,,,,,,,,,,,,,,42.08562256347206,"rgba(239, 83, 80, 0.75)",0.0,0.0,7.667058673617336,46.80844428550573,-0.22011411436212458,0.0,0.0,0.0,0.0,0.0,0.0,0.0,0.0,44.71378560241493,-9.698135169041983,False,True,False,True,True,0.0,0,0.7904495073129802,0.8892485453518468,False,False,False,False,-0.16677640099536917,-0.2184653373346196,False,False,False,False,15782577,14396474.627616195,False,False,False,False,618001.0664097157,False,False,False,False
2023-03-24 00:00:00+00:00,45.2237038897,46.7108949794,44.316423791,44.3351305972,485450,,,,,,,,,,,,,,,,,,,,,,,42.10365607742417,#000000,0.0,0.0,7.685675259933161,46.81827275953855,-0.20747283952411244,0.0,0.0,0.0,0.0,0.0,0.0,0.0,0.0,47.53373056309259,-7.048149195804932,False,False,False,False,True,0.0,0,0.7901586161455026,0.8914323340758729,False,False,False,False,-0.16737303374812518,-0.19291918554137238,False,False,False,False,16268027,14469868.838297913,False,False,False,False,612802.9853740407,False,False,False,False
2023-03-27 00:00:00+00:00,43.3249630646,43.8206934278,42.3709159504,43.49332432,411868,,,,,,,,,,,,,,,,,,,,,,,42.10854111269291,#000000,0.0,0.0,7.73852682277004,46.80474336728183,-0.4496696053883068,0.0,0.0,0.0,0.0,0.0,0.0,0.0,0.0,47.581793739287065,-6.99484392115771,False,False,False,False,True,0.0,0,0.8002268406266588,0.8928340368609214,False,False,False,False,-0.2297896556410581,-0.21135442059121523,False,False,False,False,15856159,14524233.158364661,False,False,False,False,604923.182026039,False,False,False,False
2023-03-28 00:00:00+00:00,46.9447300564,47.3001593734,45.2891777113,45.9906829422,719137,,,,,,,,,,,,,,,,,,,,,,,42.143407752657474,"rgba(38, 166, 154, 0.5)",0.0,0.0,7.736876837613989,46.8266063684866,0.01526761901380156,0.0,0.0,0.0,0.0,0.0,0.0,0.0,0.0,50.720549431453804,-3.9868820332892128,False,False,True,False,True,0.0,0,0.7912469786593653,0.8966103731066579,False,False,False,False,-0.1475065644198763,-0.17943049250554577,False,False,False,False,16575296,14604666.995291537,False,False,False,False,609402.1552799199,False,False,False,False
2023-03-29 00:00:00+00:00,47.6275284812,47.8987771705,45.5368558248,46.5986541424,335318,,,,,,,,,,,,,,,,,,,,,,,42.16135238320557,"rgba(38, 166, 154, 1.0)",0.0,0.0,7.748495801243531,46.837824567713106,0.10191706025834835,0.0,0.0,0.0,0.0,0.0,0.0,0.0,0.0,53.32396566068675,-1.5604842021232628,True,False,True,False,True,0.0,0,0.8155783373059435,0.8897799698697649,False,False,False,False,-0.13679204195247416,-0.15811126722900998,False,False,False,False,16910614,14695096.28959383,False,False,False,False,598653.7570336484,False,False,False,False
2023-03-30 00:00:00+00:00,49.3017876324,50.1669774173,47.9455441859,47.9829577982,534709,,,,,,,,,,,,,,,,,,,,,,,42.20204332016449,"rgba(38, 166, 154, 1.0)",0.0,0.0,7.7520657698744495,46.992553086146835,0.2978863460146527,0.0,0.0,0.0,0.0,0.0,0.0,0.0,0.0,56.271962938445284,1.154596355575812,True,False,True,False,True,1.1007309793753244,0,0.8390308693409395,0.869145256902693,False,False,False,False,-0.07807273493372203,-0.118092001081366,False,False,False,False,17445323,14802948.317452896,False,False,False,False,596146.1195029172,False,False,False,False
2023-03-31 00:00:00+00:00,47.6836488996,49.0585991523,47.2440389549,48.4786881614,292058,,,,,,,,,,,,,,,,,,,,,,,42.22044032977947,"rgba(38, 166, 154, 1.0)",0.0,0.0,7.754113000927111,46.982526409352,0.0904194316183134,0.0,0.0,0.0,0.0,0.0,0.0,0.0,0.0,56.46983067007976,1.31637645905694,True,False,True,False,True,0.0,0,0.8309611083440624,0.8689325108505068,False,False,False,False,-0.10071057722160588,-0.10940128915148595,False,False,False,False,17153265,14895117.59912141,False,False,False,False,584221.0952086851,False,False,False,False
2023-04-03 00:00:00+00:00,47.4311070165,48.1139054413,46.6734813671,47.2346855518,269420,,,,,,,,,,,,,,,,,,,,,,,42.23558690992768,"rgba(38, 166, 154, 1.0)",0.0,0.0,7.766152763557548,46.97244434792638,0.059059187030917684,0.0,0.0,0.0,0.0,0.0,0.0,0.0,0.0,56.32819635489558,1.31637645905694,True,False,True,False,True,0.0,0,0.8185614085237224,0.8951534940742941,False,False,False,False,-0.11974167176258206,-0.114571480457034,False,False,False,False,16883845,14973106.908959787,False,False,False,False,571875.9542201093,False,False,False,False
2023-04-04 00:00:00+00:00,46.2151646162,46.7670153978,45.0834028435,46.2993452439,386875,,,,,,,,,,,,,,,,,,,,,,,42.25140085945911,"rgba(38, 166, 154, 1.0)",0.0,0.0,7.788052808129401,46.94061700840202,-0.09314939306071138,0.0,0.0,0.0,0.0,0.0,0.0,0.0,0.0,54.9072857436456,1.31637645905694,True,False,True,False,True,0.0,0,0.7945206225214209,0.9096324718278096,False,False,False,False,-0.15688913229605478,-0.13573030637654437,False,False,False,False,16496970,15032866.245863326,False,False,False,False,564621.0148389285,False,False,False,False
2023-04-05 00:00:00+00:00,43.8861672493,45.7381410591,43.2314290338,45.6446070283,273722,,,,,,,,,,,,,,,,,,,,,,,42.25739329955255,#000000,0.0,0.0,7.821651915188084,46.90495909914699,-0.3859532337389115,0.0,0.0,0.0,0.0,0.0,0.0,0.0,0.0,51.70152335399023,1.31637645905694,True,False,False,False,False,0.0,0,0.78979135795397,0.9076761311193446,False,False,False,False,-0.19374838761075389,-0.16473934699364912,False,False,False,False,16223248,15079547.88328045,False,False,False,False,553213.210335441,False,False,False,False
2023-04-06 00:00:00+00:00,45.251764099,45.5978400129,43.5260612308,44.1480625356,269377,,,,,,,,,,,,,,,,,,,,,,,42.26472105021311,#000000,0.0,0.0,7.841542113165594,46.88311131047022,-0.20803908056953016,0.0,0.0,0.0,0.0,0.0,0.0,0.0,0.0,50.976490603617854,5.956288645264237,True,False,False,False,False,0.0,0,0.795348049168601,0.9103324916376231,False,False,False,False,-0.19176141773820168,-0.17825038236592539,False,False,False,False,16492625,15134962.672171412,False,False,False,False,542082.3785575806,False,False,False,False
2023-04-10 00:00:00+00:00,44.1667693417,44.793353814,43.6336253662,43.9703478771,305106,,,,,,,,,,,,,,,,,,,,,,,42.27103099112769,#000000,0.0,0.0,7.872556819424992,46.856338572160695,-0.341638592410584,0.0,0.0,0.0,0.0,0.0,0.0,0.0,0.0,49.44671246460774,4.39137160046559,True,False,False,False,False,0.0,0,0.7723268460718524,0.9300604588328286,False,False,False,False,-0.20024295951943605,-0.18924667094268072,False,False,False,False,16187519,15176239.390909787,False,False,False,False,532789.1872415971,False,False,False,False
2023-04-11 00:00:00+00:00,43.9422876678,45.2844074757,43.8160167262,45.0834028435,302134,,,,,,,,,,,,,,,,,,,,,,,42.27772116206539,#000000,0.0,0.0,7.897926639990809,46.83575214253778,-0.3663574766682238,0.0,0.0,0.0,0.0,0.0,0.0,0.0,0.0,48.20697632647695,3.0931931466076037,False,False,False,False,False,0.0,0,0.7722973432549074,0.9261526810602505,False,False,False,False,-0.1699552985061868,-0.17960098472443375,False,False,False,False,15885385,15204049.022638816,False,False,False,False,523743.88578114234,False,False,False,False
2023-04-12 00:00:00+00:00,39.9951515682,42.8572929106,39.7145494759,42.557984012,612113,,,,,,,,,,,,,,,,,,,,,,,42.268499263972764,"rgba(239, 83, 80, 0.5)",0.0,0.0,8.000543228919913,46.736874699667005,-0.8426581718973036,0.0,0.0,0.0,0.0,0.0,0.0,0.0,0.0,44.09242158311395,-0.8547952212893151,False,False,False,True,False,0.0,0,0.7807511592247526,0.924395066736156,False,False,False,False,-0.26793507495614993,-0.22376802984029184,False,False,False,False,15273272,15206763.649202,False,False,False,False,527209.3412407053,False,False,False,False
2023-04-13 00:00:00+00:00,42.0903138581,42.5766908182,41.6787641226,41.7629447503,273664,,,,,,,,,,,,,,,,,,,,,,,42.268056254663655,"rgba(239, 83, 80, 0.5)",0.0,0.0,8.064327660251976,46.709422995330556,-0.5727829190271556,0.0,0.0,0.0,0.0,0.0,0.0,0.0,0.0,43.740920753894,-1.2016883094338482,False,False,False,True,False,0.0,0,0.7751926769988482,0.9151469792951525,False,False,False,False,-0.2422556356631375,-0.23301183275171466,False,False,False,False,15546936,15220103.741390157,False,False,False,False,517266.38668224635,False,False,False,False
2023-04-14 00:00:00+00:00,40.6031227684,41.768089122,40.2757536606,41.0988531316,284285,,,,,,,,,,,,,,,,,,,,,,,42.263907228091306,"rgba(239, 83, 80, 1.0)",0.0,0.0,8.139404648364883,46.67346738348259,-0.7457971285777094,0.0,0.0,0.0,0.0,0.0,0.0,0.0,0.0,42.35420503568531,-2.6101276458414517,False,True,False,True,False,0.0,0,0.7545414910878466,0.9486366892746352,False,False,False,False,-0.27331204044290147,-0.25316193659730807,False,False,False,False,15262651,15221772.261335643,False,False,False,False,508129.86171431514,False,False,False,False
2023-04-17 00:00:00+00:00,42.9788871506,43.0069473599,42.080960455,42.5112169966,273595,,,,,,,,,,,,,,,,,,,,,,,42.26512842217956,"rgba(239, 83, 80, 0.5)",0.0,0.0,8.188120654710136,46.65449959581631,-0.44889573569020985,0.0,0.0,0.0,0.0,0.0,0.0,0.0,0.0,43.92090733623894,-2.6101276458414517,False,False,False,True,False,0.0,0,0.7614922793069057,0.9280894757546256,False,False,False,False,-0.20824082489249257,-0.23070138074490032,False,False,False,False,15536246,15234104.564812677,False,False,False,False,498932.41615689103,False,False,False,False
2023-04-18 00:00:00+00:00,42.9321201352,43.7645730093,42.5766908182,43.4278504984,184175,,,,,,,,,,,,,,,,,,,,,,,42.26672295681865,"rgba(239, 83, 80, 0.5)",0.0,0.0,8.225043911269587,46.644266107618286,-0.45132232878806494,0.0,0.0,0.0,0.0,0.0,0.0,0.0,0.0,44.9234772194365,-2.6101276458414517,False,False,False,True,False,0.0,0,0.7835312894936574,0.9053493042975209,False,False,False,False,-0.168018122828092,-0.19935975178649618,False,False,False,False,15352071,15238730.699525906,False,False,False,False,486588.9880723071,False,False,False,False
2023-04-19 00:00:00+00:00,41.5571698825,41.7068243318,40.9836192057,41.1643269532,277204,,,,,,,,,,,,,,,,,,,,,,,42.264257957150846,"rgba(239, 83, 80, 0.5)",0.0,0.0,8.291167151424197,46.61791862393235,-0.6103783278043128,0.0,0.0,0.0,0.0,0.0,0.0,0.0,0.0,44.3479454031244,-2.6101276458414517,False,False,False,True,False,0.0,0,0.7945017459108018,0.8845106137190059,False,False,False,False,-0.24088072434616986,-0.22012023806633302,False,False,False,False,15074867,15232304.672093518,False,False,False,False,478377.8120694715,False,False,False,False
2023-04-20 00:00:00+00:00,40.6031227684,42.1651410827,40.1541594206,41.5758766887,199641,,,,,,,,,,,,,,,,,,,,,,,42.26157176527738,"rgba(239, 83, 80, 0.5)",0.0,0.0,8.36306845013625,46.59769636321755,-0.7167911670889038,0.0,0.0,0.0,0.0,0.0,0.0,0.0,0.0,43.14032915629761,-2.6101276458414517,False,False,False,True,False,0.0,0,0.7721567164934455,0.8931831784574542,False,False,False,False,-0.24841773313304086,-0.23426898559968695,False,False,False,False,14875226,15218301.58691338,False,False,False,False,467446.95669419813,False,False,False,False
2023-04-21 00:00:00+00:00,38.8914500048,39.5943582463,38.3274397992,39.3684735619,373181,,,,,,,,,,,,,,,,,,,,,,,42.2486854555623,"rgba(239, 83, 80, 1.0)",0.0,0.0,8.464194236616303,46.54416338135596,-0.904127807399568,0.0,0.0,0.0,0.0,0.0,0.0,0.0,0.0,40.95780214968589,-4.410688603690566,False,True,False,True,False,0.0,0,0.7721719431003603,0.898531814847128,False,False,False,False,-0.3401307947810053,-0.2871998901903461,False,False,False,False,14502045,15190213.093308935,False,False,False,False,463750.25251011195,False,False,False,False
2023-04-24 00:00:00+00:00,37.0955966136,38.6202013155,36.5998662504,38.442486657,311783,,,,,,,,,,,,,,,,,,,,,,,42.233155289759765,"rgba(239, 83, 80, 1.0)",0.0,0.0,8.490031291539323,46.49165542418682,-1.1067166289422734,0.0,0.0,0.0,0.0,0.0,0.0,0.0,0.0,38.224117935938324,-7.071509852016781,False,True,False,True,False,0.0,0,0.7511303113948054,0.931842581313074,False,False,False,False,-0.34282825441539394,-0.31501407230287004,False,False,False,False,14190262,15150999.32494388,False,False,False,False,457790.7524116762,False,False,False,False
2023-04-25 00:00:00+00:00,34.5982379913,35.505424556,34.2428086743,35.4868112839,395883,,,,,,,,,,,,,,,,,,,,,,,42.20273444070625,"rgba(239, 83, 80, 1.0)",0.0,0.0,8.5436933917365,46.406123648823566,-1.3820586854093109,0.0,0.0,0.0,0.0,0.0,0.0,0.0,0.0,34.89271370204676,-10.205374790764907,False,True,False,True,False,0.0,0,0.7562172106672543,0.9280374188624014,False,False,False,False,-0.34282825441539394,-0.328921163359132,False,False,False,False,13794379,15097798.527887257,False,False,False,False,455362.9974151399,False,False,False,False
2023-04-26 00:00:00+00:00,36.0012484533,36.9927091797,35.8422406009,36.5718060411,232751,,,,,,,,,,,,,,,,,,,,,,,42.1885485855098,"rgba(239, 83, 80, 1.0)",0.0,0.0,8.565086094712179,46.365800320130404,-1.2100931330076368,0.0,0.0,0.0,0.0,0.0,0.0,0.0,0.0,34.55412214813718,-10.514734524309873,False,True,False,True,False,0.0,0,0.750974507245513,0.9387616573154858,False,False,False,False,-0.27919013905299456,-0.30405565120606326,False,False,False,False,14027130,15055811.52679364,False,False,False,False,446633.11516356585,False,False,False,False
2023-04-27 00:00:00+00:00,37.0675364043,37.4884395429,35.8328871978,36.2163767241,187908,,,,,,,,,,,,,,,,,,,,,,,42.178143967112824,"rgba(239, 83, 80, 1.0)",0.0,0.0,8.54959962941671,46.33629103104489,-1.0841156344741305,0.0,0.0,0.0,0.0,0.0,0.0,0.0,0.0,35.68873591010356,-10.514734524309873,False,True,False,True,False,0.0,0,0.7662225247583103,0.92861447805968,False,False,False,False,-0.2693723776539286,-0.2867140144299959,False,False,False,False,14215038,15022840.015938988,False,False,False,False,436487.03221597505,False,False,False,False
2023-04-28 00:00:00+00:00,37.8625756661,38.1338243554,36.5437458319,36.8337013273,246539,,,,,,,,,,,,,,,,,,,,,,,42.1663644620823,"rgba(239, 83, 80, 0.75)",0.0,0.0,8.472637559521974,46.302350971818996,-0.9961213667441674,0.0,0.0,0.0,0.0,0.0,0.0,0.0,0.0,37.44156428136405,-10.514734524309873,False,True,False,True,True,0.0,0,0.7798266363144287,0.9200175519720694,False,False,False,False,-0.24225539048111147,-0.26448470245555367,False,False,False,False,14461577,15000829.701588439,False,False,False,False,429038.0897761329,False,False,False,False
2023-05-01 00:00:00+00:00,37.5726201706,38.3949713694,37.3294316906,37.3574918998,101250,,,,,,,,,,,,,,,,,,,,,,,42.16180537829262,"rgba(239, 83, 80, 0.75)",0.0,0.0,8.402617733421634,46.28924441353959,-1.0373700815007914,0.0,0.0,0.0,0.0,0.0,0.0,0.0,0.0,38.35129435372532,-10.514734524309873,False,True,False,True,True,0.0,0,0.7757431767684286,0.9290136453250216,False,False,False,False,-0.20097264363492204,-0.23272867304523787,False,False,False,False,14360327,14975711.94858497,False,False,False,False,416183.65488295123,False,False,False,False
2023-05-02 00:00:00+00:00,34.9256070991,36.674693475,34.160031057,36.674693475,288239,,,,,,,,,,,,,,,,,,,,,,,42.14149066994089,"rgba(239, 83, 80, 0.75)",0.0,0.0,8.409403889785775,46.23845490795151,-1.3452615615944328,0.0,0.0,0.0,0.0,0.0,0.0,0.0,0.0,36.81585861425082,-10.514734524309873,False,True,False,True,True,0.0,0,0.7766550211169962,0.9277762876210097,False,False,False,False,-0.31619040827445377,-0.2744595406598458,False,False,False,False,14072088,14940275.71530713,False,False,False,False,411166.217436561,False,False,False,False
2023-05-03 00:00:00+00:00,34.8227196652,35.3184500285,34.1400147745,34.7291856344,175602,,,,,,,,,,,,,,,,,,,,,,,42.12829122214817,"rgba(239, 83, 80, 0.75)",0.0,0.0,8.322065563218208,46.20672594176049,-1.3679303761887458,0.0,0.0,0.0,0.0,0.0,0.0,0.0,0.0,35.71582626892241,-10.514734524309873,False,True,False,True,True,0.0,0,0.793331902356782,0.9279878333516084,False,False,False,False,-0.34282825441539394,-0.3086438975376199,False,False,False,False,13896486,14899342.785295084,False,False,False,False,401928.4049880684,False,False,False,False
2023-05-04 00:00:00+00:00,35.9638348409,36.6840468781,35.1687955792,35.2810364161,220612,,,,,,,,,,,,,,,,,,,,,,,42.11441700633121,"rgba(239, 83, 80, 0.75)",0.0,0.0,8.293068391868403,46.1728305078284,-1.2310275503019634,0.0,0.0,0.0,0.0,0.0,0.0,0.0,0.0,36.67850116670813,-10.514734524309873,False,True,False,True,True,0.0,0,0.7974279781642404,0.9145228611290682,False,False,False,False,-0.28523514497745056,-0.2969395212575352,False,False,False,False,14117098,14868666.519205082,False,False,False,False,394817.95773363434,False,False,False,False
2023-05-05 00:00:00+00:00,36.9178819551,37.0674428703,35.9170678255,36.562452638,160594,,,,,,,,,,,,,,,,,,,,,,,42.10548898325779,"rgba(239, 83, 80, 0.75)",0.0,0.0,8.292824381899306,46.15081506005004,-1.1133641181528824,0.0,0.0,0.0,0.0,0.0,0.0,0.0,0.0,38.66598876108463,-10.514734524309873,False,True,False,True,True,0.0,0,0.8036968154800114,0.9205061871742555,False,False,False,False,-0.25866348825632796,-0.27780150475693155,False,False,False,False,14277692,14845491.047863707,False,False,False,False,385632.7044891781,False,False,False,False
2023-05-08 00:00:00+00:00,36.3005573518,36.6466332658,35.617758927,36.6466332658,193166,,,,,,,,,,,,,,,,,,,,,,,42.093916741807774,"rgba(239, 83, 80, 0.75)",0.0,0.0,8.258870313983701,46.12321610870824,-1.1893465308780515,0.0,0.0,0.0,0.0,0.0,0.0,0.0,0.0,39.35549248780535,-10.514734524309873,False,True,False,True,True,0.0,0,0.8174060148773868,0.892213084585758,False,False,False,False,-0.2755283213980402,-0.27666491307748586,False,False,False,False,14084526,14815649.281280816,False,False,False,False,378084.9905876417,False,False,False,False
2023-05-09 00:00:00+00:00,34.5327641698,34.7478924406,33.4589934962,33.7938453265,269467,,,,,,,,,,,,,,,,,,,,,,,42.07256570975221,"rgba(239, 83, 80, 0.75)",0.0,0.0,8.169549535900675,46.07599380755811,-1.4129579099841398,0.0,0.0,0.0,0.0,0.0,0.0,0.0,0.0,38.13894457684033,-10.514734524309873,False,True,False,True,True,0.0,0,0.7961739559497777,0.9097280918041025,False,False,False,False,-0.34282825441539394,-0.30974658374643993,False,False,False,False,13815059,14776410.446720785,False,False,False,False,373825.4615449891,False,False,False,False
2023-05-10 00:00:00+00:00,34.2615154805,34.9443139053,33.4664762187,33.9528531788,267568,,,,,,,,,,,,,,,,,,,,,,,42.05141930905554,"rgba(239, 83, 80, 0.75)",0.0,0.0,8.030946094522372,46.03031804514541,-1.4654316472965114,0.0,0.0,0.0,0.0,0.0,0.0,0.0,0.0,37.08498324825224,-10.514734524309873,False,True,False,True,True,0.0,0,0.8015376373537042,0.9067970656933405,False,False,False,False,-0.3380402679591355,-0.3238934258527877,False,False,False,False,13547491,14728217.52724154,False,False,False,False,369658.502268715,False,False,False,False
2023-05-11 00:00:00+00:00,36.5063322196,36.674693475,34.3082824959,34.4953505575,408325,,,,,,,,,,,,,,,,,,,,,,,42.02594237708774,"rgba(239, 83, 80, 0.75)",0.0,0.0,7.849887823483075,45.97452244965498,-1.2061561187830894,0.0,0.0,0.0,0.0,0.0,0.0,0.0,0.0,39.77858181320822,-14.556074388757018,False,True,False,True,True,0.0,0,0.7979782685300744,0.9132667012809869,False,False,False,False,-0.27882848876398053,-0.3013609573083841,False,False,False,False,13955816,14697927.271271283,False,False,False,False,371174.83551307913,False,False,False,False
2023-05-12 00:00:00+00:00,34.5327641698,35.3932772531,34.3364362391,35.3558636408,237524,,,,,,,,,,,,,,,,,,,,,,,42.00866209840068,"rgba(239, 83, 80, 0.75)",0.0,0.0,7.6673348656075,45.93855036809498,-1.4875815910241033,0.0,0.0,0.0,0.0,0.0,0.0,0.0,0.0,39.593118149808596,-14.556074388757018,False,True,False,True,True,0.0,0,0.7879962029330775,0.929830853286123,False,False,False,False,-0.3074171372799759,-0.30438904729418,False,False,False,False,13718292,14659510.201809663,False,False,False,False,365933.6262772721,False,False,False,False
2023-05-15 00:00:00+00:00,38.3583060293,38.6202013155,35.9451280348,36.5250390257,403768,,,,,,,,,,,,,,,,,,,,,,,41.991090496010386,"rgba(239, 83, 80, 0.5)",0.0,0.0,7.266123386752922,45.48606761133015,-0.9809579610256789,0.0,0.0,0.0,0.0,0.0,0.0,0.0,0.0,43.908487503357634,-10.535584351265783,False,False,False,True,True,0.0,0,0.7654944986167477,0.9083322547159269,False,False,False,False,-0.1919977885658079,-0.24819341792999394,False,False,False,False,14122060,14638433.723307325,False,False,False,False,367417.3272075752,False,False,False,False
2023-05-16 00:00:00+00:00,37.6474473953,37.8719290692,36.2023466195,36.9552955674,292914,,,,,,,,,,,,,,,,,,,,,,,41.97726544665502,#000000,0.0,0.0,6.882234223627215,45.44916228408234,-1.13360205934266,0.0,0.0,0.0,0.0,0.0,0.0,0.0,0.0,46.0346762026508,-8.593194421721378,True,False,False,False,True,0.0,0,0.7829760177736053,0.9077201536373404,False,False,False,False,-0.20326398430721931,-0.22572870111860663,False,False,False,False,13829146,14606696.949844291,False,False,False,False,364495.6281013958,False,False,False,False
2023-05-17 00:00:00+00:00,37.4510259306,37.6380939922,36.0573688717,36.328617561,259658,,,,,,,,,,,,,,,,,,,,,,,41.96458374228054,#000000,0.0,0.0,6.698455648576323,45.417865636368354,-1.18935469961074,0.0,0.0,0.0,0.0,0.0,0.0,0.0,0.0,47.23654495597961,-7.490567470596268,True,False,False,False,True,0.0,0,0.7975130027180681,0.8951135949583766,False,False,False,False,-0.21198981858102536,-0.218859259849816,False,False,False,False,13569488,14566022.089066084,False,False,False,False,360384.34856800776,False,False,False,False
2023-05-18 00:00:00+00:00,34.4298767359,37.142363629,33.9809133881,37.1236568228,617127,,,,,,,,,,,,,,,,,,,,,,,41.92337058264831,"rgba(239, 83, 80, 0.5)",0.0,0.0,6.5694971725637785,45.29882082403101,-1.6544560112641544,0.0,0.0,0.0,0.0,0.0,0.0,0.0,0.0,45.08061831501149,-7.490567470596268,False,False,False,True,True,0.0,1,0.7950247618803175,0.8842322338441372,False,False,False,False,-0.27216362733490007,-0.24551144359235805,False,False,False,False,12952361,14502741.262043886,False,False,False,False,370452.6878398506,False,False,False,False
2023-05-19 00:00:00+00:00,33.8312589388,34.2895756897,33.3635887848,34.083800822,332062,,,,,,,,,,,,,,,,,,,,,,,41.89697999055252,"rgba(239, 83, 80, 0.5)",0.0,0.0,6.270855634253092,45.22901069178128,-1.8175752110642949,0.0,0.0,0.0,0.0,0.0,0.0,0.0,0.0,43.13383355818047,-7.490567470596268,False,False,False,True,False,0.0,1,0.8165618777653463,0.9019205222548377,False,False,False,False,-0.34282825441539394,-0.294169849003876,False,False,False,False,12620299,14428919.996865695,False,False,False,False,368947.1706696604,False,False,False,False
2023-05-22 00:00:00+00:00,35.1220285638,36.3099107549,34.9806051092,35.2155625946,509772,,,,,,,,,,,,,,,,,,,,,,,41.86497937625966,"rgba(239, 83, 80, 0.5)",0.0,0.0,6.016238975932954,45.16600591157096,-1.6694777896872715,0.0,0.0,0.0,0.0,0.0,0.0,0.0,0.0,43.48994132039695,-7.490567470596268,False,False,False,True,False,0.0,1,0.8249411277593902,0.8758579826450729,False,False,False,False,-0.25667729377927,-0.27542357139157303,False,False,False,False,13130071,14377984.742086649,False,False,False,False,374469.71299634036,False,False,False,False
2023-05-23 00:00:00+00:00,32.9520390493,34.2476724439,32.8304448093,33.9154395665,486030,,,,,,,,,,,,,,,,,,,,,,,41.82471142458669,"rgba(239, 83, 80, 1.0)",0.0,0.0,5.912816787068102,45.07694315963386,-2.0506138693240414,0.0,0.0,0.0,0.0,0.0,0.0,0.0,0.0,41.79416512569179,-3.302223257258021,False,True,False,True,False,0.0,1,0.8070767322068232,0.8951595202628866,False,False,False,False,-0.34282825441539394,-0.30912591290348346,False,False,False,False,12644041,14309986.94827933,False,False,False,False,378844.6262121702,False,False,False,False
2023-05-24 00:00:00+00:00,31.8670442921,33.0175128709,31.4461411535,32.2224736091,463124,,,,,,,,,,,,,,,,,,,,,,,41.78116612289284,"rgba(239, 83, 80, 1.0)",0.0,0.0,5.895884839817869,44.98331609176938,-2.224648573711721,0.0,0.0,0.0,0.0,0.0,0.0,0.0,0.0,39.8020750466832,-5.276822000339834,False,True,False,True,False,0.0,1,0.788843109199936,0.9050478760489487,False,False,False,False,-0.34282825441539394,-0.32597708365943867,False,False,False,False,12180917,14226494.009131122,False,False,False,False,382149.6996940459,False,False,False,False
2023-05-25 00:00:00+00:00,30.5295076517,31.8015704705,30.333086187,31.8015704705,439479,,,,,,,,,,,,,,,,,,,,,,,41.73502680538656,"rgba(239, 83, 80, 1.0)",0.0,0.0,5.843673613022855,44.887124057494944,-2.456950431625482,0.0,0.0,0.0,0.0,0.0,0.0,0.0,0.0,37.475464334451,-7.534099029741782,False,True,False,True,False,0.0,0,0.8047662974164118,0.9129431776312572,False,False,False,False,-0.34282825441539394,-0.33440266903741633,False,False,False,False,11741438,14129040.832302453,False,False,False,False,384397.9075491814,False,False,False,False
2023-05-26 00:00:00+00:00,32.3066542368,32.7369107785,31.0252380149,31.5677353935,611231,,,,,,,,,,,,,,,,,,,,,,,41.67814827474328,"rgba(239, 83, 80, 1.0)",0.0,0.0,5.80422089064329,44.78167200824613,-2.1493010012000955,0.0,0.0,0.0,0.0,0.0,0.0,0.0,0.0,38.3634440670859,-7.534099029741782,False,True,False,True,False,0.0,0,0.797081609093709,0.9146441332466437,False,False,False,False,-0.30967816908675416,-0.32204041906208525,False,False,False,False,12352669,14059379.191820005,False,False,False,False,393293.3229394095,False,False,False,False
2023-05-30 00:00:00+00:00,29.9495966608,31.9138113075,29.4912799099,31.5396751843,809109,,,,,,,,,,,,,,,,,,,,,,,41.591784609628505,"rgba(239, 83, 80, 1.0)",0.0,0.0,5.738579338007499,44.6241413963941,-2.557173800561111,0.0,0.0,0.0,0.0,0.0,0.0,0.0,0.0,37.120769208869945,-7.951322053648838,False,True,False,True,False,0.0,0,0.765814980468557,0.9307718413216315,False,False,False,False,-0.34282825441539394,-0.33243433673873957,False,False,False,False,11543560,13960719.6156702,False,False,False,False,409599.82007904054,False,False,False,False
2023-05-31 00:00:00+00:00,29.5754605376,29.7999422115,28.0227956264,29.7999422115,585083,,,,,,,,,,,,,,,,,,,,,,,41.52286074675551,"rgba(239, 83, 80, 1.0)",0.0,0.0,5.7911451504569404,43.40690351763816,-2.3883778804865243,0.0,0.0,0.0,0.0,0.0,0.0,0.0,0.0,36.022369960429856,-9.127054496558486,False,True,False,True,False,0.0,0,0.7664088087750662,0.9375007835191376,True,False,False,False,-0.34282825441539394,-0.3376312955770667,False,False,False,False,10958477,13842984.611134114,False,False,False,False,416481.5134092743,False,False,False,False
2023-06-01 00:00:00+00:00,32.3440678492,32.8584114845,29.6502877622,29.8092956146,936516,,,,,,,,,,,,,,,,,,,,,,,41.43592066649193,"rgba(239, 83, 80, 0.75)",0.0,0.0,5.683398708301082,43.352540319856196,-1.9369523476467336,0.0,0.0,0.0,0.0,0.0,0.0,0.0,0.0,38.817132630577134,-9.127054496558486,False,True,False,True,True,0.0,0,0.7645495101254948,0.9179728857094037,False,False,False,False,-0.2588694084568352,-0.29825035201695094,False,False,False,False,11894993,13766592.783246502,False,False,False,False,436875.022687342,False,False,False,False
2023-06-02 00:00:00+00:00,34.326989302,35.4493976716,34.2241018681,34.4205233328,768366,,,,,,,,,,,,,,,,,,,,,,,41.38752341590953,"rgba(239, 83, 80, 0.5)",0.0,0.0,5.5608523489281305,43.3619051590013,-1.6247357940986882,0.0,0.0,0.0,0.0,0.0,0.0,0.0,0.0,42.75355221498738,-12.364411871164215,False,False,False,True,True,0.0,0,0.7883747964076353,0.908365147053295,False,False,False,False,-0.1367142803040808,-0.2174823161605159,False,False,False,False,12663359,13723328.713315267,False,False,False,False,449874.6688564659,False,False,False,False
2023-06-05 00:00:00+00:00,33.6722510864,33.9528531788,32.9800992586,33.9528531788,251200,,,,,,,,,,,,,,,,,,,,,,,41.369211517831374,"rgba(239, 83, 80, 0.5)",0.0,0.0,5.4525666835324085,43.34540908222077,-1.7740558817987855,0.0,0.0,0.0,0.0,0.0,0.0,0.0,0.0,44.718868982140215,-10.575520742464086,False,False,False,True,True,0.0,0,0.7699904739140546,0.9559898208881847,False,False,False,False,-0.18277096106700413,-0.20012663861376,False,False,False,False,12412159,13671910.293185258,False,False,False,False,442083.50537189865,False,False,False,False
2023-06-06 00:00:00+00:00,36.1134892902,36.5156856226,33.3074683663,33.3074683663,572669,,,,,,,,,,,,,,,,,,,,,,,41.33718080958198,#000000,0.0,0.0,5.278900224102524,43.338337032724354,-1.368627448106895,0.0,0.0,0.0,0.0,0.0,0.0,0.0,0.0,48.39199369329275,-7.183941180482975,True,False,False,False,True,0.0,0,0.7724976107241409,0.9309132041664497,False,False,False,False,-0.13421747702443054,-0.16717205781909528,False,False,False,False,12984828,13644965.889530934,False,False,False,False,447204.5051612359,False,False,False,False
2023-06-07 00:00:00+00:00,35.496164687,37.4136123183,35.26232961,35.6832327486,1315791,,,,,,,,,,,,,,,,,,,,,,,41.27379883072031,#000000,0.0,0.0,5.198720090702802,43.32062039727589,-1.5050734745786483,0.0,0.0,0.0,0.0,0.0,0.0,0.0,0.0,50.15369360406902,-5.609679980479996,True,False,False,False,True,0.0,0,0.8098184471664653,0.9090403155546987,False,False,False,False,-0.08690296169645247,-0.12703750975777386,False,False,False,False,11669037,13567478.482098348,False,False,False,False,481266.7206451091,False,False,False,False
2023-06-08 00:00:00+00:00,36.4221515918,36.9552955674,35.5709919116,35.5709919116,375050,,,,,,,,,,,,,,,,,,,,,,,41.25689278014533,"rgba(38, 166, 154, 1.0)",0.0,0.0,5.170716229428036,43.31290034437621,-1.3326487950274608,0.0,0.0,0.0,0.0,0.0,0.0,0.0,0.0,52.216119427368255,-3.6891950364774573,True,False,True,False,True,0.0,0,0.7987951309795487,0.9335137311007634,False,False,False,False,-0.0893735947132924,-0.10820555223553313,False,False,False,False,12044087,13507737.639663119,False,False,False,False,477101.3590511832,False,False,False,False
2023-06-09 00:00:00+00:00,36.6279264596,37.3013714813,36.1242457038,36.9459421643,535101,,,,,,,,,,,,,,,,,,,,,,,41.23475434288541,"rgba(38, 166, 154, 1.0)",0.0,0.0,5.134707636375871,43.30416418185495,-1.3002176939848342,0.0,0.0,0.0,0.0,0.0,0.0,0.0,0.0,53.79280857974505,-2.178430188981274,True,False,True,False,True,0.0,0,0.7994198003560564,0.9351292970365784,False,False,False,False,-0.07454193795968622,-0.09137374509760968,False,False,False,False,12579188,13471323.928303782,False,False,False,False,479375.8547746662,False,False,False,False
2023-06-12 00:00:00+00:00,36.2537903364,37.151717032,36.2537903364,36.9272353581,314257,,,,,,,,,,,,,,,,,,,,,,,41.221479779039974,"rgba(38, 166, 154, 1.0)",0.0,0.0,5.1070327506313165,43.29665919313595,-1.3790530040883977,0.0,0.0,0.0,0.0,0.0,0.0,0.0,0.0,54.33186058571602,-1.5642122072103533,True,False,True,False,True,0.0,0,0.7777956356358934,0.9590709635014697,False,False,False,False,-0.06280974012293661,-0.07709174261027314,False,False,False,False,12264931,13424014.401703633,False,False,False,False,472900.6055678165,False,False,False,False
2023-06-13 00:00:00+00:00,38.1431777585,39.5247689274,37.8251620538,38.4144264478,630486,,,,,,,,,,,,,,,,,,,,,,,41.2060727359429,"rgba(38, 166, 154, 1.0)",0.0,0.0,5.102159705410833,43.30766243666257,-1.012215410012673,0.0,0.0,0.0,0.0,0.0,0.0,0.0,0.0,56.62830462563963,0.7568398901619844,True,False,True,False,True,0.0,0,0.7891301500818327,0.9272121672455483,False,False,False,False,0.01865818522465507,-0.029216778692809038,False,False,False,False,12895417,13403285.091832902,False,False,False,False,479080.4249573139,False,False,False,False
2023-06-14 00:00:00+00:00,40.2196332421,40.4907883974,38.1244709523,38.1805913708,899642,,,,,,,,,,,,,,,,,,,,,,,41.193306599040355,"rgba(38, 166, 154, 1.0)",0.0,0.0,5.082007375034721,43.33665547183624,-0.6133446883702997,0.0,0.0,0.0,0.0,0.0,0.0,0.0,0.0,59.91863663911887,3.95316274062062,True,False,True,False,True,0.0,0,0.7989870757358336,0.9101533928454061,False,False,False,False,0.07342285651259675,0.022103038909893857,False,False,False,False,13795059,13418648.774506124,False,False,False,False,495573.0357433016,False,False,False,False
2023-06-15 00:00:00+00:00,41.6881175256,42.1359584651,40.7808374269,41.7629447503,685969,,,,,,,,,,,,,,,,,,,,,,,41.19537980369272,"rgba(38, 166, 154, 1.0)",0.0,0.0,5.073765549353285,43.37928348563846,-0.3333157481535624,0.0,0.0,0.0,0.0,0.0,0.0,0.0,0.0,63.18136168211636,7.044417497340071,True,False,True,False,True,1.0366930589033636,0,0.838593082038612,0.8883385752650006,False,False,False,False,0.2018162756672314,0.11195965728856262,False,False,False,False,14481028,13460310.704917647,False,False,False,False,503039.5441455251,False,False,False,False
2023-06-16 00:00:00+00:00,40.8182510392,42.7169918644,39.9932808876,42.6964143776,573007,,,,,,,,,,,,,,,,,,,,,,,41.19528294894039,"rgba(38, 166, 154, 1.0)",1.0,41.306454,5.008774451654149,42.96635818240512,-0.4288688109115616,0.0,0.0,0.0,0.0,0.0,0.0,0.0,0.0,63.99204885307796,7.838941488161126,True,False,True,False,True,0.24049014168699756,0,0.8525591156536372,0.877516493491709,False,False,False,True,0.19728591121155423,0.15462278425005843,False,False,False,False,13908021,13477867.971391466,False,False,False,False,505783.3659437398,False,False,False,False
2023-06-20 00:00:00+00:00,36.4782720103,38.6061712109,36.1602563056,38.2273583862,918390,,,,,,,,,,,,,,,,,,,,,,,41.16229864996912,"rgba(38, 166, 154, 0.75)",0.0,0.0,4.876593737540591,42.80729220109027,-1.2978362626496291,0.0,0.0,0.0,0.0,0.0,0.0,0.0,0.0,59.20182261201792,7.838941488161126,True,False,True,False,False,0.0,0,0.8235991176719554,0.8963902998401339,False,False,False,False,0.02754092280447912,0.09108185352726877,False,False,False,False,12989631,13458721.42349376,False,False,False,False,521964.0182596716,False,False,False,False
2023-06-21 00:00:00+00:00,35.4781219724,36.6337917295,35.2338340563,35.5157047288,579413,,,,,,,,,,,,,,,,,,,,,,,41.13521820710402,"rgba(38, 166, 154, 0.75)",0.0,0.0,4.727188198457742,42.732445772747504,-1.534595936483817,0.0,0.0,0.0,0.0,0.0,0.0,0.0,0.0,55.04585621356774,11.773524965523322,True,False,True,False,False,0.0,0,0.8180031703524839,0.9110047655005743,False,False,False,False,-0.0336472294629827,0.028717312032143037,False,False,False,False,12410218,13417603.642180279,False,False,False,False,524216.91950439033,False,False,False,False
2023-06-22 00:00:00+00:00,35.3653737034,35.6472443759,34.3788263499,35.308999569,402436,,,,,,,,,,,,,,,,,,,,,,,41.11429975346363,#000000,0.0,0.0,4.632110897930848,42.681996514305844,-1.5795439643239453,0.0,0.0,0.0,0.0,0.0,0.0,0.0,0.0,52.16361017084857,9.177274659172774,True,False,False,False,False,0.0,0,0.8081998476769331,0.9243322199517559,False,False,False,False,-0.04761604008279666,-0.00944936402532681,False,False,False,False,12007782,13362316.518957524,False,False,False,False,519441.1971708848,False,False,False,False
2023-06-23 00:00:00+00:00,33.364091929,34.1251427447,32.894307475,34.0593729211,506642,,,,,,,,,,,,,,,,,,,,,,,41.08088194891716,#000000,0.0,0.0,4.6199064965737815,42.59889857302437,-1.9989163527168998,0.0,0.0,0.0,0.0,0.0,0.0,0.0,0.0,48.34417905584428,5.679913607110258,True,False,False,False,False,0.0,0,0.8148311522728475,0.913261461581372,False,False,False,False,-0.1177024052029414,-0.0635758846141341,False,False,False,False,11501140,13289329.204488602,False,False,False,False,518939.2678700658,False,False,False,False
2023-06-26 00:00:00+00:00,33.702336736,34.63598636,33.6835453578,33.9466246521,292277,,,,,,,,,,,,,,,,,,,,,,,41.0631081481167,"rgba(239, 83, 80, 0.5)",0.0,0.0,4.612261827832622,42.56146802283773,-1.9207780515358952,0.0,0.0,0.0,0.0,0.0,0.0,0.0,0.0,46.23875687245099,3.769832634063043,False,False,False,True,False,0.0,0,0.8143303125189288,0.9175737406165515,False,False,False,False,-0.08729533426567164,-0.07543560943990288,False,False,False,False,11793417,13230665.980783166,False,False,False,False,510050.5514830044,False,False,False,False
2023-06-27 00:00:00+00:00,35.7975754012,35.9854891828,35.1962513,35.4499349052,483231,,,,,,,,,,,,,,,,,,,,,,,41.04075380326681,"rgba(239, 83, 80, 0.5)",0.0,0.0,4.622532588152759,42.52844141443734,-1.456099202088504,0.0,0.0,0.0,0.0,0.0,0.0,0.0,0.0,47.38465083325567,3.769832634063043,True,False,False,True,False,0.0,0,0.8314529995453969,0.8972752238933404,False,False,False,False,-0.02083760879330286,-0.04813660911660287,False,False,False,False,12276648,13193253.510948533,False,False,False,False,508998.80436602386,False,False,False,False
2023-06-28 00:00:00+00:00,34.8767978712,35.083503031,34.0500711889,35.083503031,302878,,,,,,,,,,,,,,,,,,,,,,,41.02427709051314,"rgba(239, 83, 80, 0.5)",0.0,0.0,4.639691830249827,42.49997110058395,-1.643034388551939,0.0,0.0,0.0,0.0,0.0,0.0,0.0,0.0,47.155805200430294,3.769832634063043,False,False,False,True,False,0.0,0,0.8119502325619788,0.9180830467853383,False,False,False,False,-0.06834119775554257,-0.058238903436072714,False,False,False,False,11973770,13145430.628166238,False,False,False,False,500915.63556735625,False,False,False,False
2023-06-29 00:00:00+00:00,33.364091929,33.8197828495,32.9600772985,33.5050272653,419193,,,,,,,,,,,,,,,,,,,,,,,40.99701593606351,"rgba(239, 83, 80, 0.5)",0.0,0.0,4.668363519936262,42.44769135702041,-1.9457780845962125,0.0,0.0,0.0,0.0,0.0,0.0,0.0,0.0,45.48158467989474,2.671830954987243,False,False,False,True,False,0.0,0,0.792838608068085,0.9276527147144822,False,False,False,False,-0.09470039147269743,-0.07646964745438507,False,False,False,False,11554577,13083044.211375404,False,False,False,False,497710.8263294207,False,False,False,False
2023-06-30 00:00:00+00:00,33.7211281142,34.2472867027,33.1668764152,33.7587108705,278874,,,,,,,,,,,,,,,,,,,,,,,40.97976979412264,"rgba(239, 83, 80, 0.5)",0.0,0.0,4.683611856147952,42.417099082406295,-1.8566805352991653,0.0,0.0,0.0,0.0,0.0,0.0,0.0,0.0,44.84287115476929,1.7565563028379785,False,False,False,True,False,0.0,0,0.8032549947367349,0.9151903381819351,False,False,False,False,-0.07789262529309345,-0.07718113637373926,False,False,False,False,11833451,13034040.55602735,False,False,False,False,489128.9900027768,False,False,False,False
2023-07-03 00:00:00+00:00,35.3277909471,36.239172788,34.9895461402,35.3747693925,379331,,,,,,,,,,,,,,,,,,,,,,,40.9622419561424,"rgba(239, 83, 80, 0.5)",0.0,0.0,4.694193401826282,42.39456557679083,-1.5054289469499693,0.0,0.0,0.0,0.0,0.0,0.0,0.0,0.0,46.470298485382344,1.7565563028379785,False,False,False,True,False,0.0,0,0.8171650734514003,0.9032400725937341,False,False,False,False,0.022595180244817614,-0.02729297806446082,False,False,False,False,12212782,13001834.338143924,False,False,False,False,484823.18647325615,False,False,False,False
2023-07-05 00:00:00+00:00,34.6888840896,34.8767978712,34.2119589118,34.8298194258,284777,,,,,,,,,,,,,,,,,,,,,,,40.94693032438279,"rgba(239, 83, 80, 0.5)",0.0,0.0,4.695803725900379,42.371372618092025,-1.6360327170656976,0.0,0.0,0.0,0.0,0.0,0.0,0.0,0.0,46.7999488202786,1.7565563028379785,False,False,False,True,False,0.0,0,0.8219119541685076,0.8960082842001749,False,False,False,False,-0.033704665806188396,-0.03049882193532461,False,False,False,False,11928005,12959723.383706909,False,False,False,False,476978.23798410886,False,False,False,False
2023-07-06 00:00:00+00:00,32.5466669789,33.6647539797,32.2131200165,32.9882643658,524345,,,,,,,,,,,,,,,,,,,,,,,40.911066648159164,"rgba(239, 83, 80, 0.5)",0.0,0.0,4.721224673905384,41.518620767479376,-1.9003445945218704,0.0,0.0,0.0,0.0,0.0,0.0,0.0,0.0,44.74348869214914,0.8445300362192398,False,False,False,True,False,0.0,0,0.8228872710279227,0.8913160048253309,False,False,False,False,-0.118695786263866,-0.07459730409959531,False,False,False,False,11403660,12898701.290228207,False,False,False,False,478835.75806316343,False,False,False,False
2023-07-07 00:00:00+00:00,34.9425676948,35.4029564598,33.241947971,33.364091929,573357,,,,,,,,,,,,,,,,,,,,,,,40.880463357945516,"rgba(239, 83, 80, 0.5)",0.0,0.0,4.723586685076994,41.52183564333852,-1.3928542836578175,0.0,0.0,0.0,0.0,0.0,0.0,0.0,0.0,46.34879010174302,0.8445300362192398,False,False,False,True,False,0.0,0,0.8426886335722781,0.8538643907895413,False,False,False,False,-0.04539685024002857,-0.05999707716981194,False,False,False,False,11977017,12862556.808258474,False,False,False,False,482542.4734332354,False,False,False,False
2023-07-10 00:00:00+00:00,35.1868556109,35.4405392161,33.9184375849,34.1157470556,463093,,,,,,,,,,,,,,,,,,,,,,,40.857191423503004,#000000,0.0,0.0,4.7107246396032645,41.50931905847426,-1.3421424369450599,0.0,0.0,0.0,0.0,0.0,0.0,0.0,0.0,47.6978931661251,0.8445300362192398,False,False,False,False,True,0.0,0,0.8444426569241335,0.8719229463878195,False,False,False,False,-0.026591105020062147,-0.043294091094937044,False,False,False,False,12440110,12845990.266758142,False,False,False,False,481779.74898487324,False,False,False,False
2023-07-11 00:00:00+00:00,36.1264245191,36.2673598553,34.6794884005,35.4969133506,425365,,,,,,,,,,,,,,,,,,,,,,,40.83894819068161,#000000,0.0,0.0,4.697550165642723,41.507968816240314,-1.1456065624376377,0.0,0.0,0.0,0.0,0.0,0.0,0.0,0.0,49.6815964038814,0.8445300362192398,True,False,False,False,True,0.0,0,0.8516978697705412,0.8686789678725643,False,False,False,False,0.015179007677431076,-0.014057541708752983,False,False,False,False,12865475,12846754.373944098,False,False,False,False,479567.4058874273,False,False,False,False
2023-07-12 00:00:00+00:00,39.0578795125,39.574642412,37.7800657974,38.5223252349,790339,,,,,,,,,,,,,,,,,,,,,,,40.82568457522575,"rgba(38, 166, 154, 1.0)",0.0,0.0,4.620670830804522,41.58484145407628,-0.5468820511363506,0.0,0.0,0.0,0.0,0.0,0.0,0.0,0.0,53.842522185420876,-1.8513223494648443,True,False,True,False,True,0.02452824052417313,0,0.8611885545637694,0.8588648964891341,False,False,False,False,0.1858208951614996,0.08588167672637331,False,False,False,False,13655814,12878482.20241688,False,False,False,False,491754.52722517523,False,False,False,False
2023-07-13 00:00:00+00:00,41.8577948589,41.9517517497,40.4202544294,40.6739380346,871770,,,,,,,,,,,,,,,,,,,,,,,40.8298554337881,"rgba(38, 166, 154, 1.0)",0.0,0.0,4.562361237646813,41.707896293199376,0.03285547940915339,0.0,0.0,0.0,0.0,0.0,0.0,0.0,0.0,58.65694804663256,2.647246821981163,True,False,True,False,True,2.5971094982552074,0,0.8680683741308476,0.8447618884784283,False,False,False,False,0.3268321476243745,0.2063569121753739,False,False,False,False,14527584,12943152.86114563,False,False,False,False,506657.09478497226,False,False,False,False
2023-07-14 00:00:00+00:00,39.339750185,40.3450889167,39.0202967562,40.2793190932,699307,,,,,,,,,,,,,,,,,,,,,,,40.82267265123063,"rgba(38, 166, 154, 1.0)",0.0,0.0,4.518157206909584,41.74270960651732,-0.5318450225331902,0.0,0.0,0.0,0.0,0.0,0.0,0.0,0.0,58.726097556519434,2.658225094391625,True,False,True,False,True,0.22833457999070106,0,0.8673232934347316,0.8371800943943037,False,False,False,False,0.24116325223335291,0.22376008220436341,False,False,False,False,13828277,12977863.61168894,False,False,False,False,514211.99302869884,False,False,False,False
2023-07-17 00:00:00+00:00,38.9451312436,39.1330450252,37.3478640997,37.9867709572,616782,,,,,,,,,,,,,,,,,,,,,,,40.81094327074993,"rgba(38, 166, 154, 1.0)",0.0,0.0,4.386581067392456,41.74777594077816,-0.6389132342752197,0.0,0.0,0.0,0.0,0.0,0.0,0.0,0.0,58.31635421806101,2.658225094391625,True,False,True,False,True,0.0,0,0.8512070086033673,0.8351696147201103,False,False,False,False,0.16213538592394613,0.19294773406415477,False,False,False,False,13211495,12987025.626916826,False,False,False,False,518234.3462432597,False,False,False,False
2023-07-18 00:00:00+00:00,35.9197193593,37.4418209905,35.2808125017,37.4324253014,1285981,,,,,,,,,,,,,,,,,,,,,,,40.76354513051704,"rgba(38, 166, 154, 0.75)",0.0,0.0,4.225681528315404,41.67905243246623,-1.3629359038474982,0.0,0.0,0.0,0.0,0.0,0.0,0.0,0.0,54.903383108534065,2.658225094391625,True,False,True,False,False,0.0,0,0.8151334415300472,0.855056585419132,False,False,False,False,0.06196202779885211,0.12745488093150345,False,False,False,False,11925514,12945397.719978912,False,False,False,False,548342.0581552887,False,False,False,False
2023-07-19 00:00:00+00:00,36.7371443094,38.4753467895,36.690165864,37.6861089066,1099547,,,,,,,,,,,,,,,,,,,,,,,40.73328434186528,"rgba(38, 166, 154, 0.75)",0.0,0.0,3.9863821665293577,41.65292829159432,-1.2331441835829107,0.0,0.0,0.0,0.0,0.0,0.0,0.0,0.0,53.43163996486896,2.658225094391625,True,False,True,False,False,0.0,0,0.816478048135146,0.8441786619060715,False,False,False,False,0.12680849821600745,0.12713168957375545,False,False,False,False,13025061,12948521.770175818,False,False,False,False,569957.9382276303,False,False,False,False
2023-07-20 00:00:00+00:00,36.1921943426,36.8874753347,35.8587413371,36.1734029645,614281,,,,,,,,,,,,,,,,,,,,,,,40.71180712287951,#000000,0.0,0.0,3.7921033129855006,41.624787684064486,-1.432606892027802,0.0,0.0,0.0,0.0,0.0,0.0,0.0,0.0,51.8963393112692,7.870854072199499,True,False,False,False,False,0.0,0,0.8136941634464996,0.8566881748566783,False,False,False,False,0.06258469859921695,0.0948581940864862,False,False,False,False,12410780,12927433.857619904,False,False,False,False,571696.0975128213,False,False,False,False
2023-07-21 00:00:00+00:00,36.3895038133,37.385446856,36.1734029645,37.272698587,557904,,,,,,,,,,,,,,,,,,,,,,,40.693960060892465,#000000,0.0,0.0,3.5904627416876704,41.60398935963836,-1.4523157379673375,0.0,0.0,0.0,0.0,0.0,0.0,0.0,0.0,51.09360914346618,6.938017369390195,True,False,False,False,False,0.0,0,0.8317246982923586,0.8468891114547259,False,False,False,False,0.08407374771452071,0.08946597090050346,False,False,False,False,12968684,12929051.51026226,False,False,False,False,571155.2309436911,False,False,False,False
2023-07-24 00:00:00+00:00,39.7061820592,40.7491035472,35.7881797121,36.1734029645,1547877,,,,,,,,,,,,,,,,,,,,,,,40.67052436544151,"rgba(38, 166, 154, 0.75)",0.0,0.0,3.4363529871862895,41.61187577813515,-0.5545686738356711,0.0,0.0,0.0,0.0,0.0,0.0,0.0,0.0,53.81010584033433,6.938017369390195,True,False,True,False,False,0.7694702949945764,0,0.8334295081189192,0.823672478856632,False,False,False,False,0.1636577780254721,0.12656187446298778,False,False,False,False,14516561,12991306.784369623,False,False,False,False,609458.0454164875,False,False,False,False
2023-07-25 00:00:00+00:00,39.7061820592,42.1866439767,39.5934337902,41.6887664123,1099475,,,,,,,,,,,,,,,,,,,,,,,40.669039280964334,"rgba(38, 166, 154, 1.0)",0.0,0.0,3.352104237074473,41.64925363797049,-0.579657266405978,0.0,0.0,0.0,0.0,0.0,0.0,0.0,0.0,55.621103638246424,6.938017369390195,True,False,True,False,True,0.7694702949945764,0,0.8601846842375951,0.8269405356636025,False,False,False,False,0.30963292471276754,0.21809739958787766,False,False,False,False,14516561,13051120.675178658,False,False,False,False,628674.3965766252,False,False,False,False
2023-07-26 00:00:00+00:00,41.6698810773,41.9605836974,39.7155777483,39.7155777483,712613,,,,,,,,,,,,,,,,,,,,,,,40.67147920640092,"rgba(38, 166, 154, 1.0)",0.0,0.0,3.2527462248849273,41.67831653762844,-0.0025933349069495477,0.0,0.0,0.0,0.0,0.0,0.0,0.0,0.0,58.479604992717775,2.6332168694692086,True,False,True,False,True,2.596672908023166,0,0.8708206169077949,0.8274939178891924,False,False,False,False,0.3066320010526506,0.26236470032026415,False,False,False,False,15229174,13136534.531054005,False,False,False,False,631966.1065147967,False,False,False,False
2023-07-27 00:00:00+00:00,39.8940958408,41.9235646825,39.6798741298,41.867190548,909881,,,,,,,,,,,,,,,,,,,,,,,40.67028483519726,"rgba(38, 166, 154, 1.0)",0.0,0.0,3.155421235522009,41.70199948513771,-0.5729515996106388,0.0,0.0,0.0,0.0,0.0,0.0,0.0,0.0,58.077225817013,2.6332168694692086,True,False,True,False,True,0.8732871862748901,0,0.8666175196614948,0.85658583283017,False,False,False,False,0.30453508117367145,0.2834498907469678,False,False,False,False,14319293,13182917.216110712,False,False,False,False,642864.7297887263,False,False,False,False
2023-07-28 00:00:00+00:00,45.7194230715,45.8321713404,43.4644576919,43.48324907,1356770,,,,,,,,,,,,,,,,,,,,,,,40.71463577747269,"rgba(38, 166, 154, 1.0)",0.0,0.0,3.2173582167566517,41.833475363338124,1.2078069790062786,0.0,0.0,0.0,0.0,0.0,0.0,0.0,0.0,61.79919583131186,5.953529810253514,True,False,True,False,True,6.002784030242886,0,0.8748131168015969,0.8209909329655515,False,False,False,False,0.34282824970890496,0.3131390702279364,False,False,False,False,15676063,13280687.63900833,False,False,False,False,670861.0148950508,False,False,False,False
2023-07-31 00:00:00+00:00,46.3113514836,46.705970425,44.7610627851,45.3905739536,841945,,,,,,,,,,,,,,,,,,,,,,,40.74751323800986,"rgba(38, 166, 154, 1.0)",0.0,0.0,3.3850646185673385,41.84766547260848,1.3186413005258029,0.0,0.0,0.0,0.0,0.0,0.0,0.0,0.0,64.59181095540508,8.614438662240083,True,False,True,False,True,6.494313355302907,0,0.8877032116850179,0.8120711886512837,False,False,False,False,0.34282825001252204,0.3279836601202292,False,False,False,False,16518008,13407641.378655063,False,True,False,False,677570.1907815194,False,False,False,False
2023-08-01 00:00:00+00:00,43.8684723224,45.3811782645,43.8120981879,44.4791921127,627087,,,,,,,,,,,,,,,,,,,,,,,40.76437949189341,"rgba(38, 166, 154, 1.0)",0.0,0.0,3.4292033863019062,41.859986704344436,0.5857003483895252,0.0,0.0,0.0,0.0,0.0,0.0,0.0,0.0,63.61969982109974,8.614438662240083,True,False,True,False,True,4.1206748862550775,0,0.891153880202828,0.8122893653235727,False,False,False,False,0.2935464837588364,0.31076507193953284,False,False,False,False,15890921,13505024.89321761,False,False,False,False,675590.457809695,False,False,False,False
2023-08-02 00:00:00+00:00,39.8659087736,41.8108164135,39.248518044,41.8108164135,1214606,,,,,,,,,,,,,,,,,,,,,,,40.76028625124535,"rgba(38, 166, 154, 0.75)",0.0,0.0,3.419000749784928,41.7572583670143,-0.5531878264528838,0.0,0.0,0.0,0.0,0.0,0.0,0.0,0.0,59.28732080860199,8.614438662240083,True,False,True,False,False,0.4466878365742595,0,0.8787225450461539,0.8077972863698205,False,False,False,False,0.12650272833975035,0.2186339001396416,False,False,False,False,14676315,13550957.838581625,False,False,False,False,696728.3222093148,False,False,False,False
2023-08-03 00:00:00+00:00,43.0510473723,43.5866016499,41.754442279,41.7920250353,936777,,,,,,,,,,,,,,,,,,,,,,,40.774293327556165,"rgba(38, 166, 154, 0.75)",0.0,0.0,3.42079470811002,41.79432558419221,0.36737714342469996,0.0,0.0,0.0,0.0,0.0,0.0,0.0,0.0,58.63093786044944,8.614438662240083,True,False,True,False,False,3.1556580679745103,0,0.881228967591187,0.794128492583536,False,False,False,False,0.21298983969850296,0.21581186991907228,False,False,False,False,15613092,13631825.844911758,False,False,False,False,706141.9958481652,False,False,False,False
2023-08-04 00:00:00+00:00,42.2618094894,43.7463283643,42.0466482094,43.1637956412,556944,,,,,,,,,,,,,,,,,,,,,,,40.78207228268152,"rgba(38, 166, 154, 0.75)",0.0,0.0,3.405195384243273,41.81402318254237,0.13150091443494072,0.0,0.0,0.0,0.0,0.0,0.0,0.0,0.0,57.51235594314639,13.652468889180511,True,False,True,False,False,2.444150664383532,0,0.8961613687826199,0.7818050157748538,False,False,False,False,0.22228205087098274,0.21904696039502752,False,False,False,False,15056148,13687681.615699533,False,False,False,False,700291.094050198,False,False,False,False
2023-08-07 00:00:00+00:00,41.0027871525,42.5913163055,40.0726139334,42.5154930946,530231,,,,,,,,,,,,,,,,,,,,,,,40.783771833862055,"rgba(38, 166, 154, 0.75)",0.0,0.0,3.3951289750643827,41.813173818148286,-0.23869098099076497,0.0,0.0,0.0,0.0,0.0,0.0,0.0,0.0,55.68207916662064,11.759494866504085,True,False,True,False,False,1.313265585089468,0,0.8920731127109491,0.7828995909922576,False,False,False,False,0.15862678703991034,0.18883687371746893,False,False,False,False,14525917,13720553.591554455,False,False,False,False,693622.0707541119,False,False,False,False
2023-08-08 00:00:00+00:00,39.3115631178,39.4337070758,37.7142959739,38.5505123021,600442,,,,,,,,,,,,,,,,,,,,,,,40.77522212965989,#000000,0.0,0.0,3.3783367849654455,41.78035818877815,-0.7307723380229555,0.0,0.0,0.0,0.0,0.0,0.0,0.0,0.0,53.07435710829212,9.156726122657098,False,False,False,False,False,0.0,0,0.881562508833851,0.7896156028360495,False,False,False,False,0.049143166561866604,0.11899002013966777,False,False,False,False,13925475,13728589.725218987,False,False,False,False,689967.950332382,False,False,False,False
2023-08-09 00:00:00+00:00,39.8753044627,40.6833337237,39.0109010671,40.4484414966,480616,,,,,,,,,,,,,,,,,,,,,,,40.77203189582422,#000000,0.0,0.0,3.3888929002828654,41.768637771064526,-0.5586878559090763,0.0,0.0,0.0,0.0,0.0,0.0,0.0,0.0,51.831274003717745,7.851718383677067,False,False,False,False,False,0.3142613921541937,0,0.8901024986471744,0.7901830661368981,False,False,False,False,0.09937893453428782,0.1091844773369778,False,False,False,False,14406091,13755158.402661381,False,False,False,False,681758.0699271905,False,False,False,False
2023-08-10 00:00:00+00:00,40.6927294128,43.4456663137,40.2887147822,41.8202121026,1064285,,,,,,,,,,,,,,,,,,,,,,,40.77740156449427,#000000,0.0,0.0,3.4198311563788457,41.783023605463384,-0.3188152112801571,0.0,0.0,0.0,0.0,0.0,0.0,0.0,0.0,51.73680859363202,7.554887306651246,False,False,False,False,False,1.0398127412087241,0,0.9136298842505167,0.7619618315097626,False,False,False,False,0.18023519322281203,0.14470983527989492,False,False,False,False,15470376,13822421.837851131,False,False,False,False,696759.1260084772,False,False,False,False
2023-08-11 00:00:00+00:00,37.2633028979,38.1558933607,36.4270865697,38.0619364699,1070739,,,,,,,,,,,,,,,,,,,,,,,40.75077181570995,#000000,0.0,0.0,3.4109904974341143,41.710365426859646,-1.303745211927418,0.0,0.0,0.0,0.0,0.0,0.0,0.0,0.0,48.801896399086985,4.562406117581581,False,True,False,False,False,0.0,0,0.9111184620716025,0.7727685473712278,False,False,False,False,-0.054865633352297834,0.04492210096379855,False,False,False,False,14399637,13845057.726562852,False,False,False,False,711425.0034199094,False,False,False,False
2023-08-14 00:00:00+00:00,37.03780636,37.4700080577,35.8445538466,36.577417595,460625,,,,,,,,,,,,,,,,,,,,,,,40.73781350802719,"rgba(239, 83, 80, 1.0)",0.0,0.0,3.4098637874869087,41.677741766196185,-1.3607392246057575,0.0,0.0,0.0,0.0,0.0,0.0,0.0,0.0,46.67435051580985,2.4121630973105894,False,True,False,True,False,0.0,0,0.8925378855168961,0.8007921963776663,False,False,False,False,-0.139081564880448,-0.04707973195832473,False,False,False,False,13939012,13848742.207874112,False,False,False,False,701589.7091681482,False,False,False,False
2023-08-15 00:00:00+00:00,35.5063090397,36.4270865697,35.0928987201,36.3049426116,626767,,,,,,,,,,,,,,,,,,,,,,,40.715410216359196,"rgba(239, 83, 80, 1.0)",0.0,0.0,3.412977198459322,41.62324454769568,-1.7922579473302576,0.0,0.0,0.0,0.0,0.0,0.0,0.0,0.0,44.097567360741216,-0.12503371167863264,False,True,False,True,False,0.0,0,0.8581795511100598,0.8167406977352235,False,False,False,False,-0.18661421013216323,-0.11684697104524398,False,False,False,False,13312245,13827703.10168297,False,False,False,False,698655.4852792012,False,False,False,False
2023-08-16 00:00:00+00:00,34.2378910136,35.1398771655,33.5660992443,34.0123944757,643712,,,,,,,,,,,,,,,,,,,,,,,40.686449694199915,"rgba(239, 83, 80, 1.0)",0.0,0.0,3.423088026691582,41.555166378158205,-2.1376240714529215,0.0,0.0,0.0,0.0,0.0,0.0,0.0,0.0,41.47809986007248,-2.6592050393914946,False,True,False,True,False,0.0,0,0.8521813359727097,0.8159809530383169,False,False,False,False,-0.26295471695907885,-0.18990084400216142,False,False,False,False,12668533,13782245.45063658,False,False,False,False,696500.8387976639,False,False,False,False
2023-08-17 00:00:00+00:00,34.9237763166,36.2767555444,34.7170711568,36.2485684771,517687,,,,,,,,,,,,,,,,,,,,,,,40.666942245899726,"rgba(239, 83, 80, 1.0)",0.0,0.0,3.427954972259271,41.51206728566197,-1.9219304286018117,0.0,0.0,0.0,0.0,0.0,0.0,0.0,0.0,40.574994429358334,-3.590670872452783,False,True,False,True,False,0.0,0,0.8535980110071432,0.8220217719654342,False,False,False,False,-0.20070053166005467,-0.19530068783110804,False,False,False,False,13186220,13758871.903552793,False,False,False,False,689488.531393834,False,False,False,False
2023-08-18 00:00:00+00:00,32.443314399,32.781559206,31.8138032306,32.3117747519,803774,,,,,,,,,,,,,,,,,,,,,,,40.62036639380348,"rgba(239, 83, 80, 1.0)",0.0,0.0,3.4571413061904246,41.40883064746198,-2.5933323096768284,0.0,0.0,0.0,0.0,0.0,0.0,0.0,0.0,38.21138235403458,-5.939074851412535,False,True,False,True,False,0.0,0,0.8291116319971635,0.8418595704428743,False,False,False,False,-0.34282825441539394,-0.269064471123251,False,False,False,False,12382446,13704894.417138958,False,False,False,False,693970.3144764288,False,False,False,False
2023-08-21 00:00:00+00:00,32.4151273318,32.6969980042,31.6164937599,31.8701773651,578070,,,,,,,,,,,,,,,,,,,,,,,40.58677594576147,"rgba(239, 83, 80, 1.0)",0.0,0.0,3.485523309297267,40.668067072938925,-2.3677763735290696,0.0,0.0,0.0,0.0,0.0,0.0,0.0,0.0,36.616655524131446,-7.552833900641879,False,True,False,True,False,0.0,0,0.825036886069105,0.8389110078729167,False,False,False,False,-0.34282825441539394,-0.30594636276932247,False,False,False,False,11804376,13630364.28313351,False,False,False,False,689425.2041048042,False,False,False,False
2023-08-22 00:00:00+00:00,32.7627678278,33.6835453578,32.3305661301,33.6835453578,526019,,,,,,,,,,,,,,,,,,,,,,,40.55892531910063,"rgba(239, 83, 80, 1.0)",0.0,0.0,3.51329269131784,40.628978561170065,-2.238985312214179,0.0,0.0,0.0,0.0,0.0,0.0,0.0,0.0,36.05404933147369,-8.24373168997765,False,True,False,True,False,0.0,0,0.8266090219819782,0.8338878310108457,False,False,False,False,-0.29710859778553106,-0.30152748027742676,False,False,False,False,12330395,13579385.095559647,False,False,False,False,683017.1176693217,False,False,False,False
2023-08-23 00:00:00+00:00,33.9560203412,34.2378910136,33.0728255675,33.1855738365,748961,,,,,,,,,,,,,,,,,,,,,,,40.5238921639188,"rgba(239, 83, 80, 1.0)",0.0,0.0,3.526162220648941,40.58698584583108,-1.8805049483545146,0.0,0.0,0.0,0.0,0.0,0.0,0.0,0.0,37.38126923003662,-8.24373168997765,False,True,False,True,False,0.0,0,0.8298982614038765,0.8263888840592322,False,False,False,False,-0.2630529003143508,-0.28229019029588875,False,False,False,False,13079356,13559776.111420054,False,False,False,False,685603.1522705248,False,False,False,False
2023-08-24 00:00:00+00:00,34.2472867027,35.5908702414,34.2097039464,35.0177332074,661687,,,,,,,,,,,,,,,,,,,,,,,40.497438476933524,"rgba(239, 83, 80, 0.75)",0.0,0.0,3.5360734037571495,40.56187336707048,-1.7857623254260233,0.0,0.0,0.0,0.0,0.0,0.0,0.0,0.0,38.67859005937316,-8.24373168997765,False,True,False,True,True,0.0,0,0.834905398000034,0.8322398126102724,False,False,False,False,-0.19922433493948832,-0.24075726261768854,False,False,False,False,13741043,13566884.616854563,False,False,False,False,684665.2639461905,False,False,False,False
2023-08-25 00:00:00+00:00,33.9560203412,34.3224522154,32.6030411134,34.3224522154,715031,,,,,,,,,,,,,,,,,,,,,,,40.463980128433505,"rgba(239, 83, 80, 0.75)",0.0,0.0,3.5410804468524897,40.5039132431816,-1.8491228878467676,0.0,0.0,0.0,0.0,0.0,0.0,0.0,0.0,39.23808293258933,-8.24373168997765,False,True,False,True,True,0.0,0,0.8181543432062897,0.8499324604142452,False,False,False,False,-0.2731054730945392,-0.25693136785611387,False,False,False,False,13026012,13545673.925997522,False,False,False,False,685856.0771247713,False,False,False,False
2023-08-28 00:00:00+00:00,35.8163667794,36.1827986536,34.7640496022,35.0553159637,564911,,,,,,,,,,,,,,,,,,,,,,,40.44529037848878,"rgba(239, 83, 80, 0.75)",0.0,0.0,3.5322563191859335,40.48987930431649,-1.3230955238247197,0.0,0.0,0.0,0.0,0.0,0.0,0.0,0.0,42.293314955116614,-12.897204499432483,False,True,False,True,True,0.0,0,0.8124621577545892,0.8490001346432756,False,False,False,False,-0.1703984441573044,-0.21366490600670912,False,False,False,False,13590923,13547448.399487816,False,False,False,False,681113.1329237999,False,False,False,False
2023-08-29 00:00:00+00:00,38.071332159,38.7760088401,36.699561553,37.4794037468,795611,,,,,,,,,,,,,,,,,,,,,,,40.43135047861248,#000000,0.0,0.0,3.5367069215369478,40.50992683447758,-0.6895099677690683,0.0,0.0,0.0,0.0,0.0,0.0,0.0,0.0,46.95226859956998,-8.460826778491978,False,True,False,False,True,0.0,0,0.8280715363932273,0.8338704365489956,False,False,False,False,-0.058759576412605055,-0.13621224120965708,False,False,False,False,14386534,13580353.717154961,False,False,False,False,685603.2453581607,False,False,False,False
2023-08-30 00:00:00+00:00,37.4606123687,37.845835621,36.5492305277,36.6243960404,502234,,,,,,,,,,,,,,,,,,,,,,,40.42072342887537,#000000,0.0,0.0,3.5302316423084124,40.51036059415888,-0.8638946489824841,0.0,0.0,0.0,0.0,0.0,0.0,0.0,0.0,49.24331065434096,-6.364907748000796,False,True,False,False,True,0.0,0,0.8481101462652837,0.8192829450627632,False,False,False,False,-0.08516029227836466,-0.11068626674401087,False,False,False,False,13884300,13592273.179227315,False,False,False,False,678412.2945598015,False,False,False,False
2023-08-31 00:00:00+00:00,36.7653313766,37.6485261503,36.3049426116,37.1223675617,727232,,,,,,,,,,,,,,,,,,,,,,,40.40361764743688,#000000,0.0,0.0,3.524263274369531,40.50103153949583,-1.0599946349252578,0.0,0.0,0.0,0.0,0.0,0.0,0.0,0.0,49.844845710188594,-5.793218869158608,False,False,False,False,True,0.0,0,0.8538420822863667,0.8040908225927202,False,False,False,False,-0.09598224935688607,-0.10333425805044846,False,False,False,False,13157068,13575206.309453694,False,False,False,False,680326.7928123584,False,False,False,False
2023-09-01 00:00:00+00:00,39.2833760505,40.7303121691,38.2028718061,38.2498502515,1030230,,,,,,,,,,,,,,,,,,,,,,,40.39678270761011,"rgba(38, 166, 154, 0.5)",0.0,0.0,3.5360443752753494,40.23756474849025,-0.2698463584512978,0.0,0.0,0.0,0.0,0.0,0.0,0.0,0.0,53.02825190157126,-2.739210133885301,False,False,True,False,True,0.8498848301224662,0,0.8680633608509821,0.7719059373032315,False,False,False,False,0.025354910271771433,-0.038989673889338515,False,False,False,False,14187298,13599209.905161392,False,False,False,False,694048.4872118736,False,False,False,False
2023-09-05 00:00:00+00:00,37.1975330744,37.7142959739,36.6980582428,37.5545692595,611732,,,,,,,,,,,,,,,,,,,,,,,40.383849940057054,"rgba(38, 166, 154, 0.5)",0.0,0.0,3.535336234547237,40.18758923348528,-0.8457628810144016,0.0,0.0,0.0,0.0,0.0,0.0,0.0,0.0,52.48805467810263,-2.739210133885301,False,False,True,False,True,0.0,0,0.8691912810833564,0.7818053471039007,False,False,False,False,-0.08473704502533286,-0.06186335945733569,False,False,False,False,13575566,13598282.693194278,False,False,False,False,690820.3896741532,False,False,False,False
2023-09-06 00:00:00+00:00,37.0941804945,38.3719002527,36.6431874186,37.1035761836,477189,,,,,,,,,,,,,,,,,,,,,,,40.374358272147376,"rgba(38, 166, 154, 0.5)",0.0,0.0,3.526695493253803,40.16796322268195,-0.8715758800445825,0.0,0.0,0.0,0.0,0.0,0.0,0.0,0.0,52.003235779180066,-2.739210133885301,False,False,True,False,True,0.0,0,0.8653421290098757,0.7840604287870382,False,False,False,False,-0.06999874213237278,-0.06593105079485423,False,False,False,False,13098377,13578678.54836313,False,False,False,False,682442.6881183041,False,False,False,False
2023-09-07 00:00:00+00:00,34.0029987866,34.7546539131,33.3171134836,34.7546539131,944889,,,,,,,,,,,,,,,,,,,,,,,40.335011271943664,#000000,0.0,0.0,3.524910867707201,40.03195697579856,-1.7103859971132054,0.0,0.0,0.0,0.0,0.0,0.0,0.0,0.0,48.39424878707872,-2.739210133885301,False,True,False,False,False,0.0,0,0.851388526025884,0.8112388387681592,False,False,False,False,-0.24334264237245382,-0.154636846583654,False,False,False,False,12153488,13522788.722937126,False,False,False,False,692734.7003489588,False,False,False,False
2023-09-08 00:00:00+00:00,33.5989841561,34.1293708048,33.0258471221,33.8808548285,463765,,,,,,,,,,,,,,,,,,,,,,,40.31454228587838,"rgba(239, 83, 80, 1.0)",0.0,0.0,3.53807547848375,39.97321713510389,-1.8016102306939976,0.0,0.0,0.0,0.0,0.0,0.0,0.0,0.0,45.61740759525569,1.3820689012600198,False,True,False,True,False,0.0,0,0.8616474292519197,0.8138353343197964,False,False,False,False,-0.26710434736516764,-0.21087059697441082,False,False,False,False,11689723,13450903.792625865,False,False,False,False,683755.4964137056,False,False,False,False
2023-09-11 00:00:00+00:00,34.7640496022,35.3747693925,34.3318479045,35.0365245856,526788,,,,,,,,,,,,,,,,,,,,,,,40.29569409369142,"rgba(239, 83, 80, 1.0)",0.0,0.0,3.518899511214199,39.933260612340256,-1.46898511698523,0.0,0.0,0.0,0.0,0.0,0.0,0.0,0.0,45.34333354722881,1.0464741560561208,False,True,False,True,False,0.0,0,0.8800859379472454,0.7989676928350751,False,False,False,False,-0.2016010344614028,-0.2062358157179068,False,False,False,False,12216511,13402496.232130734,False,False,False,False,677599.9083190506,False,False,False,False
2023-09-12 00:00:00+00:00,34.6137185769,35.5063090397,34.4352004844,34.5667401315,332202,,,,,,,,,,,,,,,,,,,,,,,40.2839353520988,"rgba(239, 83, 80, 1.0)",0.0,0.0,3.482731555266617,39.91007646861935,-1.5207482424851708,0.0,0.0,0.0,0.0,0.0,0.0,0.0,0.0,44.99516724623753,0.5261784346404283,False,True,False,True,False,0.0,0,0.8792251998759779,0.8013886321462639,False,False,False,False,-0.19566343757476054,-0.20094962664633367,False,False,False,False,11884309,13342959.47792953,False,False,False,False,664054.8923065388,False,False,False,False
2023-09-13 00:00:00+00:00,34.1251427447,34.5009703079,33.937228963,34.1157470556,369517,,,,,,,,,,,,,,,,,,,,,,,40.269323926594964,"rgba(239, 83, 80, 1.0)",0.0,0.0,3.4212678596134074,39.878836916317354,-1.6817432623552322,0.0,0.0,0.0,0.0,0.0,0.0,0.0,0.0,44.20041334227562,-0.4755194967416969,False,True,False,True,False,0.0,0,0.8676286609790428,0.8206352335214493,False,False,False,False,-0.23391912708147578,-0.2174343768639047,False,False,False,False,11514792,13271266.635657785,False,False,False,False,652504.3867258902,False,False,False,False
2023-09-14 00:00:00+00:00,34.4727832407,35.0459202747,34.1251427447,34.848610804,441871,,,,,,,,,,,,,,,,,,,,,,,40.25297251899801,"rgba(239, 83, 80, 1.0)",0.0,0.0,3.392548037723656,39.847653429377395,-1.584316604779412,0.0,0.0,0.0,0.0,0.0,0.0,0.0,0.0,44.22456297304766,-0.7409592813633097,False,True,False,True,False,0.0,0,0.8773837739349452,0.8081496101036065,False,False,False,False,-0.2151920795752587,-0.2163132282195817,False,False,False,False,11956663,13219713.5519065,False,False,False,False,644244.2539131102,False,False,False,False
2023-09-15 00:00:00+00:00,33.9936030975,34.7640496022,33.7681065596,34.388222039,580526,,,,,,,,,,,,,,,,,,,,,,,40.23023757296483,"rgba(239, 83, 80, 1.0)",0.0,0.0,3.3142900177405092,39.80357669357873,-1.7530069984761412,0.0,0.0,0.0,0.0,0.0,0.0,0.0,0.0,43.6199291177325,-1.63615734680306,False,True,False,True,False,0.0,0,0.8891677505628844,0.8065393814855008,False,False,False,False,-0.23150946234210262,-0.22391134528084217,False,False,False,False,11376137,13147416.432223894,False,False,False,False,641745.4988576941,False,False,False,False
2023-09-18 00:00:00+00:00,33.8432720722,33.9654160303,32.8473290296,33.3077177946,348859,,,,,,,,,,,,,,,,,,,,,,,40.21525908880941,"rgba(239, 83, 80, 1.0)",0.0,0.0,3.223967738225896,39.773135366070925,-1.8393060276508981,0.0,0.0,0.0,0.0,0.0,0.0,0.0,0.0,43.01457218855982,-2.52462394267188,False,True,False,True,False,0.0,0,0.8765053935944358,0.831253672303433,False,False,False,False,-0.27605782339870205,-0.2499845843397721,False,False,False,False,11027278,13064273.74860727,False,False,False,False,630259.7538044512,False,False,False,False
2023-09-19 00:00:00+00:00,33.4909713144,34.1802413753,33.2832460906,33.4909713144,289771,,,,,,,,,,,,,,,,,,,,,,,40.2030535609681,"rgba(239, 83, 80, 1.0)",0.0,0.0,3.204933389805767,39.749354341496044,-1.9527341962870968,0.0,0.0,0.0,0.0,0.0,0.0,0.0,0.0,42.11532753687631,-3.6694466938309773,False,True,False,True,False,0.0,0,0.8737571818191481,0.8288085261516074,False,False,False,False,-0.2590807288777902,-0.25453265660878116,False,False,False,False,10737507,12973027.993759928,False,False,False,False,616907.253655257,False,False,False,False
2023-09-20 00:00:00+00:00,32.508997529,33.6609283157,32.433461084,33.2171517012,678139,,,,,,,,,,,,,,,,,,,,,,,40.171270453116435,"rgba(239, 83, 80, 1.0)",0.0,0.0,3.2312164600081537,39.68427547385336,-2.220611968792477,0.0,0.0,0.0,0.0,0.0,0.0,0.0,0.0,40.19426689715131,-5.718048898472851,False,True,False,True,False,0.0,0,0.8593876928822999,0.839951616686938,False,False,False,False,-0.2949812768464093,-0.2747569667275952,False,False,False,False,10059368,12858766.81753405,False,False,False,False,619308.4986099529,False,False,False,False
2023-09-21 00:00:00+00:00,31.1210153516,31.439495888,30.7338910709,31.0077106841,1153809,,,,,,,,,,,,,,,,,,,,,,,40.10487112939239,"rgba(239, 83, 80, 1.0)",0.0,0.0,3.278195492428134,38.84999017591514,-2.3576918588800653,0.0,0.0,0.0,0.0,0.0,0.0,0.0,0.0,37.30655224506583,-8.567237977531697,False,True,False,True,False,0.0,0,0.8377023026394448,0.8647738405055596,False,False,False,False,-0.34282825441539394,-0.30879261057149454,False,False,False,False,8905559,12703739.059983695,False,False,False,False,640269.3025860331,False,False,False,False
2023-09-22 00:00:00+00:00,33.3682245912,33.9347479289,33.0471946999,33.755348872,800743,,,,,,,,,,,,,,,,,,,,,,,40.07124310722626,"rgba(239, 83, 80, 0.75)",0.0,0.0,3.301374909789664,38.84533077462792,-1.6590379260430244,0.0,0.0,0.0,0.0,0.0,0.0,0.0,0.0,39.74202842557951,-8.567237977531697,False,True,False,True,True,0.0,0,0.8297412196206835,0.8720979420280125,False,False,False,False,-0.2254021772059524,-0.26709739388872344,False,False,False,False,9706302,12586192.508611785,False,False,False,False,646562.3887591298,False,False,False,False
2023-09-25 00:00:00+00:00,32.8772376986,32.8866797542,31.4533757098,31.5364657993,437494,,,,,,,,,,,,,,,,,,,,,,,40.05013806760719,"rgba(239, 83, 80, 0.75)",0.0,0.0,3.328852839851508,38.81185874742165,-1.7827826384438141,0.0,0.0,0.0,0.0,0.0,0.0,0.0,0.0,40.712793597141925,-8.567237977531697,False,True,False,True,True,0.0,0,0.8372987101065477,0.8752470036703471,False,False,False,False,-0.2889671624932289,-0.2780322781909762,False,False,False,False,9268808,12456098.998470146,False,False,False,False,638363.6284156345,False,False,False,False
2023-09-26 00:00:00+00:00,31.9896844695,32.5750919184,31.9434183969,31.9896844695,204447,,,,,,,,,,,,,,,,,,,,,,,40.04001145725407,"rgba(239, 83, 80, 0.75)",0.0,0.0,3.3736732104309475,38.79436072340735,-2.0169932976520077,0.0,0.0,0.0,0.0,0.0,0.0,0.0,0.0,40.21838939974442,-8.567237977531697,False,True,False,True,True,0.0,0,0.8542881014415034,0.8651344015617735,False,False,False,False,-0.2846066299773891,-0.2813194540841827,False,False,False,False,9064361,12323089.665196806,False,False,False,False,621347.290046394,False,False,False,False
2023-09-27 00:00:00+00:00,32.3390405277,32.5845339741,31.7744056011,32.2635040827,548316,,,,,,,,,,,,,,,,,,,,,,,40.01319774776985,"rgba(239, 83, 80, 0.75)",0.0,0.0,3.41078225474997,38.749637129774456,-1.8795091926923342,0.0,0.0,0.0,0.0,0.0,0.0,0.0,0.0,40.56933823070329,-8.567237977531697,False,True,False,True,True,0.0,0,0.8817584653189137,0.8597765459305186,False,False,False,False,-0.28850522692744185,-0.28491234050581227,False,False,False,False,9612677,12216798.97244399,False,False,False,False,618483.3178877119,False,False,False,False
2023-09-28 00:00:00+00:00,32.1124311926,32.3006113613,31.3287405755,31.4042770205,321193,,,,,,,,,,,,,,,,,,,,,,,39.99693621942763,"rgba(239, 83, 80, 0.75)",0.0,0.0,3.450198533103495,38.72065798233153,-1.9153178364455892,0.0,0.0,0.0,0.0,0.0,0.0,0.0,0.0,40.48124861578219,-8.567237977531697,False,True,False,True,True,0.0,0,0.8695707057242086,0.8768838628159038,False,False,False,False,-0.3064415668413123,-0.2956769536735623,False,False,False,False,9291484,12102080.7382305,False,False,False,False,606824.8740489782,False,False,False,False
2023-09-29 00:00:00+00:00,32.9999844217,33.8875376508,32.8414523077,33.6609283157,348104,,,,,,,,,,,,,,,,,,,,,,,39.98227156172044,"rgba(239, 83, 80, 0.75)",0.0,0.0,3.469598859396597,38.70442847125536,-1.6441220673410732,0.0,0.0,0.0,0.0,0.0,0.0,0.0,0.0,42.24557136213583,-11.582665294716506,False,True,False,True,True,0.0,0,0.8854444423637159,0.8515757605507158,False,False,False,False,-0.23140385715148953,-0.2635404054125259,False,False,False,False,9639588,12005512.395554796,False,False,False,False,596678.9574196065,False,False,False,False
2023-10-02 00:00:00+00:00,32.9527741436,33.3210143131,32.4429031396,32.7450489198,202019,,,,,,,,,,,,,,,,,,,,,,,39.973365576168476,"rgba(239, 83, 80, 0.75)",0.0,0.0,3.4658723908928657,38.692699961486326,-1.656127280672219,0.0,0.0,0.0,0.0,0.0,0.0,0.0,0.0,43.34042954900259,-10.40678477057076,False,True,False,True,True,0.0,1,0.8784570894641518,0.8610129072793851,False,False,False,False,-0.25445689519698145,-0.25899865030475366,False,False,False,False,9437569,11904808.73298402,False,False,False,False,581202.0963443279,False,False,False,False
2023-10-03 00:00:00+00:00,31.6120022443,32.0557788589,31.3287405755,31.5081396324,597857,,,,,,,,,,,,,,,,,,,,,,,39.94253863500164,"rgba(239, 83, 80, 0.75)",0.0,0.0,3.4536298528532487,38.63697330364239,-2.0340833727559557,0.0,0.0,0.0,0.0,0.0,0.0,0.0,0.0,41.90327065814691,-10.40678477057076,False,True,False,True,True,0.0,1,0.8663923421759822,0.8923738859224342,False,False,False,False,-0.31250316079384066,-0.28575090554929716,False,False,False,False,8839712,11784608.861102294,False,False,False,False,581855.229821021,False,False,False,False
2023-10-04 00:00:00+00:00,30.9793845172,31.3287405755,30.7622172378,31.1587835742,319702,,,,,,,,,,,,,,,,,,,,,,,39.9248762597196,"rgba(239, 83, 80, 1.0)",0.0,0.0,3.465444216644029,38.60265524274184,-2.199796115294071,0.0,0.0,0.0,0.0,0.0,0.0,0.0,0.0,40.047549320142835,-10.40678477057076,False,True,False,True,False,0.0,0,0.818689005999762,0.9089030525003858,False,False,False,False,-0.34282825441539394,-0.3142895799823455,False,False,False,False,8520010,11656585.376353184,False,False,False,False,571574.7110045104,False,False,False,False
2023-10-05 00:00:00+00:00,31.2532041304,31.2693500456,30.5072817358,30.9132901278,154757,,,,,,,,,,,,,,,,,,,,,,,39.91633866911714,"rgba(239, 83, 80, 1.0)",0.0,0.0,3.510789186962538,37.945997227398884,-1.9063500371520028,0.0,0.0,0.0,0.0,0.0,0.0,0.0,0.0,39.485357131860866,-6.824977301210389,False,True,False,True,False,0.0,0,0.8123679551570815,0.9059991188546327,False,False,False,False,-0.34282825441539394,-0.32855891719886976,False,False,False,False,8674767,11539651.32237855,False,False,False,False,555228.9184160982,False,False,False,False
2023-10-06 00:00:00+00:00,33.4532030919,33.7459068164,31.5836760774,31.5836760774,573387,,,,,,,,,,,,,,,,,,,,,,,39.89162850028793,"rgba(239, 83, 80, 0.75)",0.0,0.0,3.5231741666016156,37.992404629603506,-1.2883840886248124,0.0,0.0,0.0,0.0,0.0,0.0,0.0,0.0,43.618799749805596,-10.28473816219389,False,True,False,True,True,0.0,1,0.8205513780157813,0.884344026126855,False,False,False,False,-0.2565011150313078,-0.2925300161150888,False,False,False,False,9248154,11449788.682285273,False,False,False,False,555941.0000468396,False,False,False,False
2023-10-09 00:00:00+00:00,33.3210143131,33.3210143131,32.4995554734,32.508997529,284046,,,,,,,,,,,,,,,,,,,,,,,39.87966123358234,#000000,0.0,0.0,3.536378922327236,37.98621762984182,-1.3192034618484036,0.0,0.0,0.0,0.0,0.0,0.0,0.0,0.0,46.127192953280996,-8.0254685788628,False,False,False,False,True,0.0,1,0.8171745551565166,0.9270859061491801,False,False,False,False,-0.2448862327934934,-0.2687081244542911,False,False,False,False,8964108,11352311.008470166,False,False,False,False,545278.451025395,False,False,False,False
2023-10-10 00:00:00+00:00,35.5965497196,35.8609272772,34.1707993197,34.2274516534,695065,,,,,,,,,,,,,,,,,,,,,,,39.859764635985364,"rgba(38, 166, 154, 1.0)",0.0,0.0,3.5231203960783444,38.039839607971054,-0.6935016728610041,0.0,0.0,0.0,0.0,0.0,0.0,0.0,0.0,51.26861499907447,-3.3701491749816626,True,False,True,False,True,0.0,0,0.8133911047410924,0.9191036905309333,False,False,False,False,-0.13203736495215562,-0.20037274470322336,False,False,False,False,9659173,11285913.439510552,False,False,False,False,551152.4333381245,False,False,False,False
2023-10-11 00:00:00+00:00,36.0214422229,37.0695103976,35.5493394414,36.5501973381,540681,,,,,,,,,,,,,,,,,,,,,,,39.84772051097295,"rgba(38, 166, 154, 1.0)",0.0,0.0,3.51242938940494,37.78639144260252,-0.5024867474991526,0.0,0.0,0.0,0.0,0.0,0.0,0.0,0.0,55.233479399652175,0.05559314016588246,True,False,True,False,True,0.0,0,0.8454707696362346,0.9015519797260299,False,False,False,False,-0.032052897598522485,-0.11621282115087292,False,False,False,False,10199854,11243322.873255238,False,False,False,False,550741.7888934922,False,False,False,False
2023-10-12 00:00:00+00:00,33.2926881462,35.9364637222,33.0283105886,35.8609272772,581012,,,,,,,,,,,,,,,,,,,,,,,39.82734118961727,"rgba(38, 166, 154, 1.0)",0.0,0.0,3.527004883598223,37.71310666561341,-1.2533066058314424,0.0,0.0,0.0,0.0,0.0,0.0,0.0,0.0,53.06625864228509,0.05559314016588246,True,False,True,False,True,0.0,0,0.8429372559031023,0.8949212650515391,False,False,False,False,-0.13324358206643427,-0.1247282016086536,False,False,False,False,9618842,11179617.74097072,False,False,False,False,551928.8559957083,False,False,False,False
2023-10-13 00:00:00+00:00,32.508997529,33.4154348694,32.3201564165,32.7167227529,353805,,,,,,,,,,,,,,,,,,,,,,,39.81212698269168,#000000,0.0,0.0,3.5481278132544483,37.65655141652269,-1.450780287083627,0.0,0.0,0.0,0.0,0.0,0.0,0.0,0.0,50.527889895733374,0.05559314016588246,True,False,False,False,False,0.0,0,0.8239649703101014,0.9594337324681613,False,False,False,False,-0.22492034213601975,-0.17482427187233668,False,False,False,False,9265037,11104536.143285593,False,False,False,False,544159.2930154843,False,False,False,False
2023-10-16 00:00:00+00:00,33.0094264774,33.3575550684,31.4231611318,32.0746629701,362122,,,,,,,,,,,,,,,,,,,,,,,39.79629022104775,#000000,0.0,0.0,3.551939456376966,37.60862248378661,-1.2948407659734902,0.0,0.0,0.0,0.0,0.0,0.0,0.0,0.0,49.656635092853826,5.732717280817951,True,False,False,False,False,0.0,0,0.8114657958186733,0.961906903787118,False,False,False,False,-0.2444601042561246,-0.20964218806423063,False,False,False,False,9627159,11046599.784725375,False,False,False,False,537020.5756423281,False,False,False,False
2023-10-17 00:00:00+00:00,32.1407573595,32.6553493913,31.4703714099,31.6403284112,280371,,,,,,,,,,,,,,,,,,,,,,,39.78321474522044,#000000,0.0,0.0,3.5703277842176924,37.56914872294957,-1.5204182057023667,0.0,0.0,0.0,0.0,0.0,0.0,0.0,0.0,47.808130434201075,3.9703256939076823,False,False,False,False,False,0.0,0,0.8277823044256337,0.9526153747041564,False,False,False,False,-0.2654561449046557,-0.23754916648444316,False,False,False,False,9346788,10979940.499049872,False,False,False,False,526955.8864014525,False,False,False,False
2023-10-18 00:00:00+00:00,30.7905434046,31.5270237437,30.6394705146,31.1493415185,457046,,,,,,,,,,,,,,,,,,,,,,,39.75895230616903,"rgba(239, 83, 80, 0.5)",0.0,0.0,3.6197404016169203,37.48807280894635,-1.8502789319793747,0.0,0.0,0.0,0.0,0.0,0.0,0.0,0.0,44.81882351468955,1.118756338073652,False,False,False,True,False,0.0,0,0.837854862854473,0.9396073511905846,False,False,False,False,-0.3297338631404616,-0.28364151481245237,False,False,False,False,8889742,10897971.930459682,False,False,False,False,524214.3222288465,False,False,False,False
2023-10-19 00:00:00+00:00,29.7708013968,30.4223032351,29.7047070074,30.0162948431,480009,,,,,,,,,,,,,,,,,,,,,,,39.73066945194765,"rgba(239, 83, 80, 1.0)",0.0,0.0,3.6863908097472855,37.39298132728046,-2.067653790348665,0.0,0.0,0.0,0.0,0.0,0.0,0.0,0.0,41.656792200207825,-1.859119414963665,False,True,False,True,False,0.0,0,0.8123089317296555,0.9616531065299385,False,False,False,False,-0.34282825441539394,-0.3132348846139231,False,False,False,False,8409733,10800393.933186753,False,False,False,False,522480.78018065647,False,False,False,False
2023-10-20 00:00:00+00:00,28.722733222,29.3389217723,28.648046562,29.0154369465,851442,,,,,,,,,,,,,,,,,,,,,,,39.67548471726288,"rgba(239, 83, 80, 1.0)",0.0,0.0,3.75858116466884,37.215436917866455,-2.2595504324075786,0.0,0.0,0.0,0.0,0.0,0.0,0.0,0.0,38.4577270833308,-4.843823531787557,False,True,False,True,False,0.0,0,0.7881240007322439,1.0050465759143477,False,False,False,False,-0.34282825441539394,-0.3280315695146585,False,False,False,False,7558291,10673252.641689233,False,False,False,False,535381.220173572,False,False,False,False
2023-10-23 00:00:00+00:00,29.2514883372,29.5914023398,27.8635061598,28.3261668856,450605,,,,,,,,,,,,,,,,,,,,,,,39.646503588579215,"rgba(239, 83, 80, 1.0)",0.0,0.0,3.833031909460483,36.540160924562684,-1.9015423715553146,0.0,0.0,0.0,0.0,0.0,0.0,0.0,0.0,37.43235216517341,-5.820956772974981,False,True,False,True,False,0.0,0,0.7978319465721818,0.9692060414575518,True,False,False,False,-0.34282825441539394,-0.33542991196502625,False,False,False,False,8008896,10568768.067505341,False,False,False,False,532056.6625197064,False,False,False,False
2023-10-24 00:00:00+00:00,31.6780966337,32.1205513605,29.6008443955,29.6008443955,735909,,,,,,,,,,,,,,,,,,,,,,,39.609265389282164,"rgba(239, 83, 80, 1.0)",0.0,0.0,3.8611063659999973,36.54845999491651,-1.2613906221552964,0.0,0.0,0.0,0.0,0.0,0.0,0.0,0.0,41.012946687093866,-5.820956772974981,False,True,False,True,False,0.0,0,0.8240520604772561,0.9278188945387644,False,False,False,False,-0.20158312168875692,-0.2685065168268916,False,False,False,False,8744805,10497240.10407376,False,False,False,False,540050.8718326591,False,False,False,False
2023-10-25 00:00:00+00:00,30.04462101,30.7244490152,29.6014109188,29.969084565,487204,,,,,,,,,,,,,,,,,,,,,,,39.58187537304767,"rgba(239, 83, 80, 0.75)",0.0,0.0,3.915236263188795,36.49180956793598,-1.6466920830685752,0.0,0.0,0.0,0.0,0.0,0.0,0.0,0.0,41.347003077732985,-5.820956772974981,False,True,False,True,True,0.0,0,0.8291476535802234,0.9280517700325513,False,False,False,False,-0.24666305071054226,-0.2575847837687169,False,False,False,False,8257601,10409411.11960028,False,False,False,False,537978.4454862804,False,False,False,False
2023-10-26 00:00:00+00:00,30.0540630656,30.6017022921,29.6197285067,30.0257368987,516936,,,,,,,,,,,,,,,,,,,,,,,39.5528895744326,"rgba(239, 83, 80, 0.75)",0.0,0.0,3.9458767777365487,36.435117093683985,-1.6171447785919744,0.0,0.0,0.0,0.0,0.0,0.0,0.0,0.0,41.58540680459923,-5.820956772974981,False,True,False,True,True,0.0,0,0.8499762339831191,0.917720204432807,False,False,False,False,-0.2500740832572176,-0.2538294335129673,False,False,False,False,8774537,10345298.40902772,False,False,False,False,537153.2515456419,False,False,False,False
2023-10-27 00:00:00+00:00,30.4695135133,31.6686545781,30.3373247345,31.3004144086,555801,,,,,,,,,,,,,,,,,,,,,,,39.52432177550802,"rgba(239, 83, 80, 0.75)",0.0,0.0,3.9163664951776016,36.39755966309134,-1.513659703986032,0.0,0.0,0.0,0.0,0.0,0.0,0.0,0.0,42.47486071391238,-5.820956772974981,False,True,False,True,True,0.0,0,0.8463697502984323,0.9204862030881814,False,False,False,False,-0.19249424641755003,-0.22316183996525865,False,False,False,False,9330338,10305496.04004624,False,False,False,False,537884.535798754,False,False,False,False
2023-10-30 00:00:00+00:00,30.7433331265,31.6205000944,30.3939770682,31.5081396324,418390,,,,,,,,,,,,,,,,,,,,,,,39.50317119027378,"rgba(239, 83, 80, 0.5)",0.0,0.0,3.923332936924501,36.370707365716314,-1.4343351251825212,0.0,0.0,0.0,0.0,0.0,0.0,0.0,0.0,43.56382003401521,-5.820956772974981,False,False,False,True,True,0.0,0,0.8579098682377942,0.9026620142018212,False,False,False,False,-0.1922233363311698,-0.20769258814821423,False,False,False,False,9748728,10283661.999260113,False,False,False,False,533198.4755713518,False,False,False,False
2023-10-31 00:00:00+00:00,29.4497715054,30.0162948431,28.4961238869,29.7802434524,625415,,,,,,,,,,,,,,,,,,,,,,,39.46589641146469,"rgba(239, 83, 80, 0.75)",0.0,0.0,3.954558705476627,36.289672692032205,-1.7296243894823704,0.0,0.0,0.0,0.0,0.0,0.0,0.0,0.0,42.432527723483915,-5.820956772974981,False,True,False,True,True,0.0,0,0.8397104447026137,0.9136095310837206,False,False,False,False,-0.3067790614346224,-0.2572358247914183,False,False,False,False,9123313,10238158.116936186,False,False,False,False,536814.8098626714,False,False,False,False
2023-11-01 00:00:00+00:00,29.2892565597,29.3364668379,28.6094285545,29.0720892803,245026,,,,,,,,,,,,,,,,,,,,,,,39.451020068358716,"rgba(239, 83, 80, 0.75)",0.0,0.0,4.009551645518453,36.257421453693,-1.7378912931029185,0.0,0.0,0.0,0.0,0.0,0.0,0.0,0.0,41.45934398294808,-5.820956772974981,False,True,False,True,True,0.0,0,0.8300310285090899,0.9319508584308438,False,False,False,False,-0.32598952791775343,-0.2916126763545859,False,False,False,False,8878287,10184829.83784065,False,False,False,False,525372.1114366843,False,False,False,False
2023-11-02 00:00:00+00:00,29.9218742868,30.1295995106,29.3742350604,30.0729471769,618212,,,,,,,,,,,,,,,,,,,,,,,39.41630397264306,"rgba(239, 83, 80, 0.75)",0.0,0.0,4.046804184005172,36.19689897086114,-1.5506123841778456,0.0,0.0,0.0,0.0,0.0,0.0,0.0,0.0,42.14546402740915,-5.820956772974981,False,True,False,True,True,0.0,0,0.8317428881216006,0.9321791223280117,False,False,False,False,-0.2736728590957945,-0.28264276772519015,False,False,False,False,9496499,10157836.47165082,False,False,False,False,529012.8913803437,False,False,False,False
2023-11-03 00:00:00+00:00,32.3201564165,32.5750919184,31.3759508536,31.3759508536,1080180,,,,,,,,,,,,,,,,,,,,,,,39.370506667752046,#000000,0.0,0.0,4.054960309742464,36.17971737472747,-0.9518122653271037,0.0,0.0,0.0,0.0,0.0,0.0,0.0,0.0,46.67639520280137,-8.653481942160468,True,False,False,False,True,0.0,0,0.8297559814654534,0.9354323509936351,False,False,False,False,-0.13112852237523978,-0.20688564505021495,False,False,False,False,10576679,10174261.668840984,False,False,False,False,550627.2877968008,False,False,False,False
2023-11-06 00:00:00+00:00,32.5750919184,33.6326021488,32.3956928615,33.5098554257,487860,,,,,,,,,,,,,,,,,,,,,,,39.352198379420244,#000000,0.0,0.0,4.059458642919033,36.18165675968311,-0.8884349265570394,0.0,0.0,0.0,0.0,0.0,0.0,0.0,0.0,50.061063471516135,-5.428543572999239,True,False,False,False,True,0.0,0,0.8599316110273049,0.9059114484890339,False,False,False,False,-0.06664928742722376,-0.13676746623871935,False,False,False,False,11064539,10209174.505357025,False,False,False,False,548165.8255302598,False,False,False,False
2023-11-07 00:00:00+00:00,32.4240190284,32.7025596694,31.4042770205,32.2446199714,659294,,,,,,,,,,,,,,,,,,,,,,,39.32500114553249,"rgba(38, 166, 154, 1.0)",0.0,0.0,4.027755007231225,36.16758356401947,-0.9294419667776398,0.0,0.0,0.0,0.0,0.0,0.0,0.0,0.0,52.0176414533633,-3.5934482130927563,True,False,True,False,True,0.0,0,0.8294991736943318,0.9382306829017462,False,False,False,False,-0.12626143629575387,-0.1315144512672366,False,False,False,False,10405245,10216863.544362633,False,False,False,False,552523.7931565241,False,False,False,False
2023-11-08 00:00:00+00:00,32.4051349171,33.0755208668,32.0944912869,32.2635040827,327119,,,,,,,,,,,,,,,,,,,,,,,39.3122366277598,"rgba(38, 166, 154, 1.0)",0.0,0.0,3.993548588632546,36.16342366466921,-0.9410900266161799,0.0,0.0,0.0,0.0,0.0,0.0,0.0,0.0,53.281535803206424,-2.363377722460463,True,False,True,False,True,0.0,0,0.8206822109215368,0.9627822682150426,False,False,False,False,-0.0931935737727024,-0.1123540125199695,False,False,False,False,10078126,10211422.856348412,False,False,False,False,543684.389503327,False,False,False,False
2023-11-09 00:00:00+00:00,31.111573296,32.5467657516,30.9982686285,32.1501994152,496972,,,,,,,,,,,,,,,,,,,,,,,39.2901692077069,#000000,0.0,0.0,3.9270916362043,36.142497534010076,-1.281081447560179,0.0,0.0,0.0,0.0,0.0,0.0,0.0,0.0,51.5079049413931,-2.363377722460463,True,False,False,False,True,0.0,0,0.8116639912476116,0.9605778194740416,False,False,False,False,-0.14384211965594904,-0.12809806608795926,False,False,False,False,9581154,10186706.43060926,False,False,False,False,541852.5310914319,False,False,False,False
2023-11-10 00:00:00+00:00,31.2343200192,31.3570667424,30.4034191239,30.8094275159,574135,,,,,,,,,,,,,,,,,,,,,,,39.26301734121594,#000000,0.0,0.0,3.8927852146012114,36.10963026176817,-1.2523964138277304,0.0,0.0,0.0,0.0,0.0,0.0,0.0,0.0,50.57643440273695,-2.363377722460463,True,False,False,False,False,0.0,0,0.8062946800126337,0.9729502336457172,False,False,False,False,-0.20033276688201032,-0.16421541648498478,False,False,False,False,10155289,10185474.374506935,False,False,False,False,543118.5102643169,False,False,False,False
2023-11-13 00:00:00+00:00,31.9613583026,32.5656498628,31.3098564642,32.0746629701,533168,,,,,,,,,,,,,,,,,,,,,,,39.240833661804835,#000000,0.0,0.0,3.6679391562409536,36.09319208450233,-1.1264728246301636,0.0,0.0,0.0,0.0,0.0,0.0,0.0,0.0,51.42803412973251,-2.363377722460463,True,False,False,False,False,0.0,0,0.8044653441553823,0.9998750981648206,False,False,False,False,-0.0889151696848902,-0.1265652930849375,False,False,False,False,10688457,10205199.183349801,False,False,False,False,542728.2941755202,False,False,False,False
2023-11-14 00:00:00+00:00,33.2360358124,33.5098554257,32.2729461383,33.0471946999,756493,,,,,,,,,,,,,,,,,,,,,,,39.214130714581096,"rgba(38, 166, 154, 1.0)",0.0,0.0,3.3830618553199066,36.089990588869355,-0.8436011218599149,0.0,0.0,0.0,0.0,0.0,0.0,0.0,0.0,54.22138343225832,-1.2250231197801682,True,False,True,False,True,0.0,0,0.8382716281122473,0.9639790931890967,False,False,False,False,-0.016997463714263323,-0.07178137839960042,False,False,False,False,11444950,10253816.862434123,False,False,False,False,551111.2238156958,False,False,False,False
2023-11-15 00:00:00+00:00,35.5021291633,36.4274506149,34.3785245435,34.7656488243,1163066,,,,,,,,,,,,,,,,,,,,,,,39.189414852666665,"rgba(38, 166, 154, 1.0)",0.0,0.0,3.1855155242406052,35.93268145879772,-0.1351593775705609,0.0,0.0,0.0,0.0,0.0,0.0,0.0,0.0,59.00269586843889,3.3166957903363325,True,False,True,False,True,1.4946870284635523,0,0.8546151260417044,0.9429725629665672,False,False,False,False,0.2565820957219285,0.09240035866116406,False,False,False,False,12608016,10346138.397240628,False,False,False,False,575109.4503327274,False,False,False,False
2023-11-16 00:00:00+00:00,32.6600704191,33.7647909276,31.6592125225,32.3390405277,1365652,,,,,,,,,,,,,,,,,,,,,,,39.139906792962066,"rgba(38, 166, 154, 1.0)",0.0,0.0,3.1106570446551447,35.83349788329492,-1.0201791514264247,0.0,0.0,0.0,0.0,0.0,0.0,0.0,0.0,56.907989207647404,3.3166957903363325,True,False,True,False,True,0.0,0,0.8372891564494076,0.9384344454285775,False,False,False,False,0.016850905269118616,0.054625631965141336,False,False,False,False,11242364,10381284.499309624,False,False,False,False,606111.1189471303,False,False,False,False
2023-11-17 00:00:00+00:00,32.8961218098,33.1604049469,32.2021307211,32.3768087502,710658,,,,,,,,,,,,,,,,,,,,,,,39.11467112250261,"rgba(38, 166, 154, 0.75)",0.0,0.0,2.917313771892476,35.807544938469526,-0.9979807988843349,0.0,0.0,0.0,0.0,0.0,0.0,0.0,0.0,55.83742696225275,3.3166957903363325,True,False,True,False,False,0.0,0,0.8478596889429767,0.9380453035382337,False,False,False,False,0.014174917370821336,0.03440027466798134,False,False,False,False,11953022,10442921.26404258,False,False,False,False,610210.9966354781,False,False,False,False
2023-11-20 00:00:00+00:00,35.3132880507,35.7098543871,33.4720872031,33.5192974813,1176346,,,,,,,,,,,,,,,,,,,,,,,39.08684193181744,"rgba(38, 166, 154, 0.75)",0.0,0.0,2.7457190047202937,35.85153802203032,-0.19603243099712153,0.0,0.0,0.0,0.0,0.0,0.0,0.0,0.0,58.03964569106564,3.3166957903363325,True,False,True,False,False,1.2561696074890243,0,0.8514465933642926,0.9269225975760749,False,False,False,False,0.18240743396560796,0.10840385431679465,False,False,False,False,13129368,10548272.11643307,False,False,False,False,632412.3693164397,False,False,False,False
2023-11-21 00:00:00+00:00,33.5759498151,34.5201553779,33.2360358124,33.8120012058,795518,,,,,,,,,,,,,,,,,,,,,,,39.0636134378538,"rgba(38, 166, 154, 0.75)",0.0,0.0,2.6041927605263147,35.84966653841512,-0.8730984732695416,0.0,0.0,0.0,0.0,0.0,0.0,0.0,0.0,56.80280989094761,3.3166957903363325,True,False,True,False,False,0.0,0,0.8389590861128141,0.9345648651351519,False,False,False,False,0.11891350191068298,0.11365867811373881,False,False,False,False,12333850,10618294.778533734,False,False,False,False,638808.6685589324,False,False,False,False
2023-11-22 00:00:00+00:00,33.8686535395,34.340756321,33.2884392212,34.1707993197,319179,,,,,,,,,,,,,,,,,,,,,,,39.05444748349553,"rgba(38, 166, 154, 0.75)",0.0,0.0,2.513397829596777,35.84926961767072,-0.7880233104555789,0.0,0.0,0.0,0.0,0.0,0.0,0.0,0.0,56.33627752624966,3.3166957903363325,True,False,True,False,False,0.0,0,0.8481075742484769,0.9258594572779275,False,False,False,False,0.11331123433930748,0.11348495622652315,False,False,False,False,12653029,10698088.277414765,False,False,False,False,626274.1717526998,False,False,False,False
2023-11-24 00:00:00+00:00,34.8883955474,34.9828161037,33.3398984243,33.4532030919,274693,,,,,,,,,,,,,,,,,,,,,,,39.04744463853687,"rgba(38, 166, 154, 0.75)",0.0,0.0,2.403198221319027,35.853268698723284,-0.4014954500064911,0.0,0.0,0.0,0.0,0.0,0.0,0.0,0.0,57.254266417566576,3.3166957903363325,True,False,True,False,False,0.7297948126489509,0,0.8477722423644266,0.9253136203670227,False,False,False,False,0.1440008508577244,0.12874290354212378,False,False,False,False,12927722,10785524.893986735,False,False,False,False,612486.6748212214,False,False,False,False
2023-11-27 00:00:00+00:00,33.6326021488,34.2463357647,33.5759498151,34.2463357647,299102,,,,,,,,,,,,,,,,,,,,,,,39.038885238563026,"rgba(38, 166, 154, 0.75)",0.0,0.0,2.2438374854039265,35.85247925971308,-0.9893216979185409,0.0,0.0,0.0,0.0,0.0,0.0,0.0,0.0,55.882513243212216,3.3166957903363325,True,False,True,False,False,0.0,0,0.8477623631035253,0.9232695207927943,False,False,False,False,0.12183210034143185,0.12528750194177782,False,False,False,False,12628620,10857803.133438237,False,False,False,False,600197.0797301931,False,False,False,False
2023-11-28 00:00:00+00:00,34.340756321,34.6995544349,33.8025591501,34.1235890415,464422,,,,,,,,,,,,,,,,,,,,,,,39.02682318324266,"rgba(38, 166, 154, 0.75)",0.0,0.0,2.1978330328450286,35.85683232284394,-0.6898049029144981,0.0,0.0,0.0,0.0,0.0,0.0,0.0,0.0,55.88648337394307,3.3166957903363325,True,False,True,False,False,0.03317245553049375,0,0.8601724019639622,0.9057861609454904,False,False,False,False,0.15198137234371134,0.1386344371427446,False,False,False,False,13093042,10945459.559577914,False,False,False,False,594872.5667995973,False,False,False,False
2023-11-29 00:00:00+00:00,33.0566367555,33.7459068164,32.8583535873,33.0660788111,458090,,,,,,,,,,,,,,,,,,,,,,,39.01233969993812,"rgba(38, 166, 154, 0.75)",0.0,0.0,2.151367433588182,35.84797253796061,-1.297470501263955,0.0,0.0,0.0,0.0,0.0,0.0,0.0,0.0,53.93330955779471,3.3166957903363325,True,False,True,False,False,0.0,1,0.8381026644303127,0.9135830221855101,False,False,False,False,0.06832529671384457,0.10347986692829458,False,False,False,False,12634952,11011714.165084662,False,False,False,False,589508.5445721622,False,False,False,False
2023-11-30 00:00:00+00:00,33.7081385939,33.7365591813,32.3484825834,33.3587825356,451149,,,,,,,,,,,,,,,,,,,,,,,38.99825417246738,"rgba(38, 166, 154, 0.75)",0.0,0.0,2.1346231382886525,35.839964824827234,-0.9986897418512649,0.0,0.0,0.0,0.0,0.0,0.0,0.0,0.0,53.553071806937375,3.3166957903363325,True,False,True,False,False,0.0,1,0.8426310229896267,0.9074437604844734,False,False,False,False,0.04565223158225031,0.07456604925527245,False,False,False,False,13086101,11093062.668414677,False,False,False,False,584082.6800791363,False,False,False,False
2023-12-01 00:00:00+00:00,32.7356068641,32.797546749,31.8669377463,32.3673666946,340448,,,,,,,,,,,,,,,,,,,,,,,38.98619810803094,#000000,0.0,0.0,2.1310231058593874,35.82729224918901,-1.4507986218395366,0.0,0.0,0.0,0.0,0.0,0.0,0.0,0.0,51.8336372861374,6.4819400903593305,True,False,False,False,False,0.0,1,0.8352045057546994,0.8936268832336455,False,False,False,False,-0.016209642876215145,0.029178203189528653,False,False,False,False,12745653,11157870.132398415,False,False,False,False,574528.3788995623,False,False,False,False
2023-12-04 00:00:00+00:00,31.0265947954,31.6015215626,30.781101349,31.3759508536,705326,,,,,,,,,,,,,,,,,,,,,,,38.95629416275814,#000000,0.0,0.0,2.133427591211788,35.77965124544109,-2.22789677494578,0.0,0.0,0.0,0.0,0.0,0.0,0.0,0.0,48.44999711677271,3.149843853691614,False,False,False,False,False,0.0,1,0.8074861577212482,0.9083317992321395,False,False,False,False,-0.11604274399344745,-0.0434322704019594,False,False,False,False,12040327,11192476.284069067,False,False,False,False,579657.6973740893,False,False,False,False
2023-12-05 00:00:00+00:00,30.630028459,30.630028459,29.7424752299,29.789685508,485775,,,,,,,,,,,,,,,,,,,,,,,38.93373143897881,"rgba(239, 83, 80, 0.5)",0.0,0.0,2.150561970496401,35.739357117037095,-2.3758109406434547,0.0,0.0,0.0,0.0,0.0,0.0,0.0,0.0,45.71917938786197,0.5518373683152618,False,False,False,True,False,0.0,0,0.813783120258372,0.9077093076877768,False,False,False,False,-0.2058738077761076,-0.1246530390890335,False,False,False,False,11554552,11206675.331752634,False,False,False,False,575976.0229672623,False,False,False,False
2023-12-06 00:00:00+00:00,30.5639340696,31.6120022443,30.5639340696,31.290972353,393434,,,,,,,,,,,,,,,,,,,,,,,38.91676881064951,"rgba(239, 83, 80, 1.0)",0.0,0.0,2.1681769047752115,35.71306216638366,-2.3748653006326075,0.0,0.0,0.0,0.0,0.0,0.0,0.0,0.0,43.81504214858782,-1.2356322369108668,False,True,False,True,False,0.0,0,0.8220204909140111,0.8953706585046411,False,False,False,False,-0.12517018409997016,-0.12491161159450183,False,False,False,False,11161118,11204888.76972312,False,False,False,False,568817.5122626638,False,False,False,False
2023-12-07 00:00:00+00:00,30.9793845172,31.187109741,30.6677966815,30.9038480722,213985,,,,,,,,,,,,,,,,,,,,,,,38.90760925050227,"rgba(239, 83, 80, 1.0)",0.0,0.0,2.180532169074727,35.69922560901412,-2.164536326843969,0.0,0.0,0.0,0.0,0.0,0.0,0.0,0.0,43.37137674976613,-1.6987875959224397,False,True,False,True,False,0.0,0,0.8237320138929328,0.8992909135480556,False,False,False,False,-0.139388934079504,-0.13215027283700292,False,False,False,False,11375103,11211563.837577114,False,False,False,False,554902.511781775,False,False,False,False
2023-12-08 00:00:00+00:00,30.375092957,30.8188695715,30.2523462338,30.4034191239,186553,,,,,,,,,,,,,,,,,,,,,,,38.89917809382919,"rgba(239, 83, 80, 1.0)",0.0,0.0,2.1978727438125203,35.6853956800975,-2.416110185654348,0.0,0.0,0.0,0.0,0.0,0.0,0.0,0.0,42.19796844340311,-2.92488645061794,False,True,False,True,False,0.0,0,0.8219376453139707,0.8984520057225309,False,False,False,False,-0.17434809124415526,-0.15324918204057908,False,False,False,False,11188550,11210661.334142717,False,False,False,False,540457.4328883722,False,False,False,False
2023-12-11 00:00:00+00:00,30.705564904,30.8471957384,29.5347500061,30.0257368987,327019,,,,,,,,,,,,,,,,,,,,,,,38.88422987379436,"rgba(239, 83, 80, 1.0)",0.0,0.0,2.2071327594237378,35.660723094952296,-2.245065762263455,0.0,0.0,0.0,0.0,0.0,0.0,0.0,0.0,42.13630226894215,-3.1534806887152342,False,True,False,True,False,0.0,0,0.8017796921802904,0.9132039507022707,False,False,False,False,-0.20544522057672976,-0.17934720130865442,False,False,False,False,11515569,11222618.49750967,False,False,False,False,532087.2982652988,False,False,False,False
2023-12-12 00:00:00+00:00,31.3853929092,31.4231611318,30.4600714576,30.8094275159,331643,,,,,,,,,,,,,,,,,,,,,,,38.870412458826756,"rgba(239, 83, 80, 1.0)",0.0,0.0,2.210138502831996,35.641509187866966,-1.9257237830178169,0.0,0.0,0.0,0.0,0.0,0.0,0.0,0.0,43.54897742328605,-3.1534806887152342,False,True,False,True,False,0.0,0,0.8188267299234279,0.8987711206107185,False,False,False,False,-0.13813216606578946,-0.15873968368722194,False,False,False,False,11847212,11247112.360352429,False,False,False,False,524226.7375490126,False,False,False,False
2023-12-13 00:00:00+00:00,31.0738050735,31.0738050735,29.7708013968,30.5450499583,594130,,,,,,,,,,,,,,,,,,,,,,,38.844356248787875,"rgba(239, 83, 80, 1.0)",0.0,0.0,2.191734523170288,35.60234844042871,-2.066191556985784,0.0,0.0,0.0,0.0,0.0,0.0,0.0,0.0,43.926009097375456,-3.1534806887152342,False,True,False,True,False,0.0,0,0.8218067032138621,0.894556548924722,False,False,False,False,-0.18453218453726689,-0.17163593411224443,False,False,False,False,11253082,11247346.46386802,False,False,False,False,526968.0419588552,False,False,False,False
2023-12-14 00:00:00+00:00,31.8763798019,32.0746629701,31.0643630179,31.2059938523,578371,,,,,,,,,,,,,,,,,,,,,,,38.82232067901989,"rgba(239, 83, 80, 0.75)",0.0,0.0,2.1046867663533337,35.57793043905258,-1.758718065000255,0.0,0.0,0.0,0.0,0.0,0.0,0.0,0.0,45.90710587353644,-3.1534806887152342,False,True,False,True,True,0.0,0,0.849369843051109,0.8764381933317825,False,False,False,False,-0.08279138793143911,-0.12721366102184178,False,False,False,False,11831453,11270252.602539863,False,False,False,False,528983.8442349785,False,False,False,False
2023-12-15 00:00:00+00:00,31.9047059688,32.7733750866,31.7158648562,32.5825511424,1114619,,,,,,,,,,,,,,,,,,,,,,,38.78293865608477,#000000,0.0,0.0,2.031318504292201,35.54281084903332,-1.7910066159225961,0.0,0.0,0.0,0.0,0.0,0.0,0.0,0.0,47.28847156560791,-6.957280838898242,False,False,False,False,True,0.0,0,0.8613926747913339,0.8673149628176193,False,False,False,False,-0.023840135982178837,-0.0755268985020103,False,False,False,False,12946072,11335971.010283398,False,False,False,False,551949.9287747834,False,False,False,False
2023-12-18 00:00:00+00:00,30.8471957384,31.5443027055,30.6489125702,31.5390151543,560783,,,,,,,,,,,,,,,,,,,,,,,38.75999924914002,"rgba(239, 83, 80, 0.75)",0.0,0.0,1.982665677442052,35.51338597750977,-2.353493224904102,0.0,0.0,0.0,0.0,0.0,0.0,0.0,0.0,46.045693347675446,-6.957280838898242,False,True,False,True,True,0.0,0,0.8356842185649028,0.9043431649683591,False,False,False,False,-0.12440635728312764,-0.09996662789256897,False,False,False,False,12385289,11377120.735370323,False,False,False,False,552296.3237247919,False,False,False,False
2023-12-19 00:00:00+00:00,31.5553499106,31.8197274682,30.9321742391,31.0646462795,440444,,,,,,,,,,,,,,,,,,,,,,,38.743054158471665,"rgba(239, 83, 80, 0.75)",0.0,0.0,1.8220935345398097,35.4943834037945,-2.1618173922061295,0.0,0.0,0.0,0.0,0.0,0.0,0.0,0.0,46.85768143045907,-6.957280838898242,False,True,False,True,True,0.0,0,0.828206934425966,0.8959799122900953,False,False,False,False,-0.09978190136800708,-0.09987426463028802,False,False,False,False,12825733,11433929.059473448,False,False,False,False,547909.9580885256,False,False,False,False
2023-12-20 00:00:00+00:00,29.7991275636,30.960500406,29.7235911186,30.6017022921,736712,,,,,,,,,,,,,,,,,,,,,,,38.709971680801665,"rgba(239, 83, 80, 1.0)",0.0,0.0,1.760427263995656,35.44571835658866,-3.2075115561278826,0.0,0.0,0.0,0.0,0.0,0.0,0.0,0.0,44.29347898027844,-6.957280838898242,False,True,False,True,False,0.0,0,0.7926152874781773,0.920353170197256,False,False,False,False,-0.19176876561258435,-0.14582151512143618,False,False,False,False,12089021,11459618.939494096,False,False,False,False,555313.9597321128,False,False,False,False
2023-12-21 00:00:00+00:00,31.7806184737,31.8093445525,30.4592188505,30.8135071553,492468,,,,,,,,,,,,,,,,,,,,,,,38.69105411283214,"rgba(239, 83, 80, 0.75)",0.0,0.0,1.6713492022792624,35.4249426690974,-2.180468444552185,0.0,0.0,0.0,0.0,0.0,0.0,0.0,0.0,46.48900996995278,-6.957280838898242,False,True,False,True,True,0.0,0,0.7771452775869699,0.9169881532837939,False,False,False,False,-0.09230180708674066,-0.11906166110408842,False,False,False,False,12581489,11503613.843827661,False,False,False,False,552849.4122916379,False,False,False,False
2023-12-22 00:00:00+00:00,29.1665453061,29.4249842614,27.7781181658,28.3334890219,1673289,,,,,,,,,,,,,,,,,,,,,,,38.605335261573785,"rgba(239, 83, 80, 0.75)",0.0,0.0,1.696819625614452,35.281783105070645,-3.6039409885751374,0.0,0.0,0.0,0.0,0.0,0.0,0.0,0.0,44.2483648221141,-6.957280838898242,False,True,False,True,True,0.0,1,0.7753997614856687,0.9050956970529782,False,False,False,False,-0.34282825441539394,-0.23094495775974117,False,False,False,False,10908200,11480264.281324618,False,False,False,False,596788.2196527501,False,False,False,False
2023-12-26 00:00:00+00:00,29.5399843301,30.3535068807,29.3293264191,29.8272451177,650276,,,,,,,,,,,,,,,,,,,,,,,38.57561128152653,"rgba(239, 83, 80, 1.0)",0.0,0.0,1.7164983306124215,35.23974373275037,-3.320573810646689,0.0,0.0,0.0,0.0,0.0,0.0,0.0,0.0,43.42084782475122,-6.957280838898242,False,True,False,True,False,0.0,1,0.8022812893420854,0.8593407668173191,False,False,False,False,-0.2128423968333819,-0.22189367729656154,False,False,False,False,11558476,11483331.407547181,False,False,False,False,598885.7796663677,False,False,False,False
2023-12-27 00:00:00+00:00,29.5016828917,29.7793683198,29.0707917102,29.680742116,473955,,,,,,,,,,,,,,,,,,,,,,,38.55336436572071,"rgba(239, 83, 80, 1.0)",0.0,0.0,1.7159498801743263,35.20745337397601,-3.3251381920877257,0.0,0.0,0.0,0.0,0.0,0.0,0.0,0.0,42.81724356069927,-2.820993196705814,False,True,False,True,False,0.0,1,0.8073899593228384,0.8637754409764558,False,False,False,False,-0.25550470177139356,-0.23869918953397756,False,False,False,False,11084521,11467691.783721803,False,False,False,False,593986.5334049416,False,False,False,False
2023-12-28 00:00:00+00:00,31.052891145,31.6369880799,30.7369042786,30.7847810766,931597,,,,,,,,,,,,,,,,,,,,,,,38.51801881989357,"rgba(239, 83, 80, 0.75)",0.0,0.0,1.6941487736398064,35.17193441396864,-2.4313350356586767,0.0,0.0,0.0,0.0,0.0,0.0,0.0,0.0,45.18811418736051,-2.820993196705814,False,True,False,True,True,0.0,1,0.8183025848020355,0.8452847619043187,False,False,False,False,-0.07928330809598319,-0.1589912488149804,False,False,False,False,12016118,11489198.694164086,False,False,False,False,607226.1595459242,False,False,False,False
2023-12-29 00:00:00+00:00,31.9050981484,32.2881125319,30.9954389875,31.1582201005,877118,,,,,,,,,,,,,,,,,,,,,,,38.487672374133574,#000000,0.0,0.0,1.6764748201254487,35.14772940041627,-1.934196215230733,0.0,0.0,0.0,0.0,0.0,0.0,0.0,0.0,48.09190224339832,-6.467811765838178,False,False,False,False,True,0.0,1,0.8396737138534563,0.8299103626957518,False,False,False,False,-0.034995983164179074,-0.09699361598957973,False,False,False,False,12893236,11544258.980667455,False,False,False,False,617810.1532892213,False,False,False,False
2024-01-02 00:00:00+00:00,29.6740393643,30.5836985252,29.4729568129,30.5836985252,1211558,,,,,,,,,,,,,,,,,,,,,,,38.435033513282015,"rgba(239, 83, 80, 0.5)",0.0,0.0,1.6726823519406155,35.080232406614506,-3.232050027934078,0.0,0.0,0.0,0.0,0.0,0.0,0.0,0.0,46.688244623616995,-6.467811765838178,False,False,False,True,True,0.0,1,0.827867068773469,0.8283400674594192,False,False,False,False,-0.19394363971048068,-0.1454686278500302,False,False,False,False,11681678,11549647.961817753,False,False,False,False,641094.382571997,False,False,False,False
2024-01-03 00:00:00+00:00,30.5932738848,30.6507260423,29.2431481828,29.3963539362,830824,,,,,,,,,,,,,,,,,,,,,,,38.40036506256698,#000000,0.0,0.0,1.662414528006618,35.03877303714116,-2.674121933758429,0.0,0.0,0.0,0.0,0.0,0.0,0.0,0.0,47.20589337614659,-6.467811765838178,False,False,False,False,True,0.0,1,0.8351099511470869,0.819922508915951,False,False,False,False,-0.20215554384167186,-0.17381208584585103,False,False,False,False,12512502,11587406.943707252,False,False,False,False,648534.7597260363,False,False,False,False
2024-01-04 00:00:00+00:00,29.961300152,30.5068083877,29.7314915218,29.9708755115,386787,,,,,,,,,,,,,,,,,,,,,,,38.384137592052795,"rgba(239, 83, 80, 0.5)",0.0,0.0,1.6614670254795332,35.01927453456828,-3.04428213440375,0.0,0.0,0.0,0.0,0.0,0.0,0.0,0.0,46.65857625454119,-6.467811765838178,False,False,False,True,True,0.0,1,0.8483728113633484,0.8218792056421337,False,False,False,False,-0.18481046858695538,-0.17931127721640322,False,False,False,False,12125715,11608517.06356187,False,False,False,False,638270.1416975643,False,False,False,False
2024-01-05 00:00:00+00:00,29.2335728232,29.9325740732,29.1665453061,29.6836147239,609438,,,,,,,,,,,,,,,,,,,,,,,38.35679332062909,"rgba(239, 83, 80, 1.0)",0.0,0.0,1.6771737035804122,34.98329421163149,-3.428220569018609,0.0,0.0,0.0,0.0,0.0,0.0,0.0,0.0,45.2961611166409,-6.467811765838178,False,True,False,True,False,0.0,1,0.8184012948425714,0.8615029487668753,False,False,False,False,-0.24266020555048087,-0.21098574138344206,False,False,False,False,11516277,11604899.806167288,False,False,False,False,637139.4694741304,False,False,False,False
2024-01-08 00:00:00+00:00,28.6015990904,28.6973526863,27.3185009056,27.7781181658,1611270,,,,,,,,,,,,,,,,,,,,,,,38.27536376733238,"rgba(239, 83, 80, 1.0)",0.0,0.0,1.7147921264689854,34.86239562495244,-3.6510527648878126,0.0,0.0,0.0,0.0,0.0,0.0,0.0,0.0,43.550122599667795,-6.467811765838178,False,True,False,True,False,0.0,1,0.8115714081290917,0.8645658983207246,False,False,False,False,-0.34282825441539394,-0.276906997899418,False,False,False,False,9905007,11538237.343180336,False,False,False,False,675340.6667496547,False,False,False,False
2024-01-09 00:00:00+00:00,27.6632138508,27.7876935254,27.0120893987,27.3759530631,1182384,,,,,,,,,,,,,,,,,,,,,,,38.21223253755391,"rgba(239, 83, 80, 1.0)",0.0,0.0,1.7769484848875898,34.765671763901835,-3.996997084330861,0.0,0.0,0.0,0.0,0.0,0.0,0.0,0.0,41.21177247849717,-4.314632144039869,False,True,False,True,False,0.0,1,0.7982806482704012,0.8652833845299303,False,False,False,False,-0.34282825441539394,-0.30986762615740593,False,False,False,False,8722623,11427821.094428167,False,False,False,False,695224.719033982,False,False,False,False
2024-01-10 00:00:00+00:00,27.4142545015,27.9408992788,27.1940212309,27.8068442446,803987,,,,,,,,,,,,,,,,,,,,,,,38.169839345190844,"rgba(239, 83, 80, 1.0)",0.0,0.0,1.833134277579762,34.70236992193854,-3.9757673562576348,0.0,0.0,0.0,0.0,0.0,0.0,0.0,0.0,39.34812340499147,-6.113576044653897,False,True,False,True,False,0.0,0,0.7926705091822638,0.8794599259422861,False,False,False,False,-0.3273981032439422,-0.3186328647006741,False,False,False,False,7918636,11290205.992685886,False,False,False,False,699489.9065228455,False,False,False,False
2024-01-11 00:00:00+00:00,28.5537222925,28.6475608164,27.8164196042,28.3813658199,750260,,,,,,,,,,,,,,,,,,,,,,,38.13361330509931,"rgba(239, 83, 80, 1.0)",0.0,0.0,1.860585173838979,34.65328909115354,-3.2783056021392407,0.0,0.0,0.0,0.0,0.0,0.0,0.0,0.0,40.50679646838677,-6.113576044653897,False,True,False,True,False,0.0,0,0.7948357842284018,0.8642865658755554,False,False,False,False,-0.2675873244160507,-0.2931100945583624,False,False,False,False,8668896,11187409.52238448,False,False,False,False,701480.8905807731,False,False,False,False
2024-01-12 00:00:00+00:00,28.1611325493,29.1473945869,28.1132557514,28.5920237308,1224340,,,,,,,,,,,,,,,,,,,,,,,38.07587154432902,"rgba(239, 83, 80, 1.0)",0.0,0.0,1.900571646694346,34.57775418746857,-3.3761535111443792,0.0,0.0,0.0,0.0,0.0,0.0,0.0,0.0,40.69855073040685,-6.113576044653897,False,True,False,True,False,0.0,0,0.8204077475195454,0.8437270657088886,False,False,False,False,-0.2326363212273135,-0.26287320789283797,False,False,False,False,7444556,11040630.952879207,False,False,False,False,721985.1693815272,False,False,False,False
2024-01-16 00:00:00+00:00,25.958799844,26.9814482481,25.8551944533,26.9814482481,1346921,,,,,,,,,,,,,,,,,,,,,,,37.998710689575695,"rgba(239, 83, 80, 1.0)",0.0,0.0,2.0027060698866115,34.45849247309196,-4.244103893674817,0.0,0.0,0.0,0.0,0.0,0.0,0.0,0.0,38.0786073424699,-7.442163174007256,False,True,False,True,False,0.0,0,0.8084924100732738,0.8522133466084547,False,False,False,False,-0.34282825441539394,-0.302850731154116,False,False,False,False,6097635,10846787.974334925,False,False,False,False,746492.4568567615,False,False,False,False
2024-01-17 00:00:00+00:00,24.6182495017,24.6469755804,23.6319874641,23.9000975325,1840382,,,,,,,,,,,,,,,,,,,,,,,37.877501391558134,"rgba(239, 83, 80, 1.0)",0.0,0.0,2.149202010054625,34.25705656263822,-4.484830656143504,0.0,0.0,0.0,0.0,0.0,0.0,0.0,0.0,35.03551283100895,-10.338518155091734,False,True,False,True,False,0.0,0,0.7890693861419845,0.8784516119209232,False,False,False,False,-0.34282825441539394,-0.322839492784755,False,False,False,False,4257253,10588374.838086497,False,False,False,False,789390.0859996337,False,False,False,False
2024-01-18 00:00:00+00:00,24.3980162311,25.1161682002,24.2065090394,25.029989964,638344,,,,,,,,,,,,,,,,,,,,,,,37.83679870937043,"rgba(239, 83, 80, 1.0)",0.0,0.0,2.283571267294455,34.191982300647155,-4.288881284248648,0.0,0.0,0.0,0.0,0.0,0.0,0.0,0.0,32.804570537137764,-12.410145278764972,False,True,False,True,False,0.0,0,0.7845953485757661,0.8879768042887161,False,False,False,False,-0.3088835661979746,-0.3158615294913648,False,False,False,False,3618909,10315062.452279184,False,False,False,False,783466.7100780794,False,False,False,False
2024-01-19 00:00:00+00:00,24.5129205462,24.8480581318,23.3351513168,23.7085903408,977728,,,,,,,,,,,,,,,,,,,,,,,37.77334361515403,"rgba(239, 83, 80, 1.0)",0.0,0.0,2.4011382285856855,34.09049090353254,-3.9887625973844516,0.0,0.0,0.0,0.0,0.0,0.0,0.0,0.0,31.60112285971532,-13.535594675545234,False,True,False,True,False,0.0,0,0.7613944396202075,0.9066122322647509,False,False,False,False,-0.34282825441539394,-0.32934489195337935,False,False,False,False,4596637,10090810.473758433,False,False,False,False,791084.799878939,False,False,False,False
2024-01-22 00:00:00+00:00,23.1340687655,23.2585484401,22.214834245,22.5212457518,1134000,,,,,,,,,,,,,,,,,,,,,,,37.69315066887983,"rgba(239, 83, 80, 1.0)",0.0,0.0,2.5699128838197383,33.19396122016984,-3.914487731474197,0.0,0.0,0.0,0.0,0.0,0.0,0.0,0.0,29.479312767852665,-15.561512966660572,False,True,False,True,False,0.0,0,0.7485830277594683,0.9001318289624878,False,False,False,False,-0.34282825441539394,-0.3360865731843866,False,False,False,False,3462637,9830882.102238495,False,False,False,False,804532.4547856473,False,False,False,False
2024-01-23 00:00:00+00:00,25.3364014708,25.796018731,24.8225876753,25.1831957174,1860149,,,,,,,,,,,,,,,,,,,,,,,37.58488647902061,"rgba(239, 83, 80, 0.75)",0.0,0.0,2.6511942101934016,33.11984006378026,-2.9358236235784734,0.0,0.0,0.0,0.0,0.0,0.0,0.0,0.0,32.8595389395735,-15.561512966660572,False,True,False,True,True,0.0,0,0.7568238637316786,0.8930867541246473,False,False,False,False,-0.1985167770300608,-0.2673016751072237,False,False,False,False,5322786,9654094.01979777,False,False,False,False,845929.1820489554,False,False,False,False
2024-01-24 00:00:00+00:00,26.8301575666,27.5770356145,26.447143183,27.4908573782,1716505,,,,,,,,,,,,,,,,,,,,,,,37.49972852063052,"rgba(239, 83, 80, 0.75)",0.0,0.0,2.6921724871016792,33.06602630298255,-2.316296138623688,0.0,0.0,0.0,0.0,0.0,0.0,0.0,0.0,37.639428308201566,-17.931185567127642,False,True,False,True,True,0.0,0,0.7791185081121202,0.8674583639209041,False,False,False,False,-0.10763650703823466,-0.1874690910727292,False,False,False,False,7039291,9551552.72490374,False,False,False,False,880069.4102038983,False,False,False,False
2024-01-25 00:00:00+00:00,26.3226635084,27.2706241076,26.1886084741,26.8971850837,812158,,,,,,,,,,,,,,,,,,,,,,,37.45856045951416,"rgba(239, 83, 80, 0.75)",0.0,0.0,2.72449209955114,33.02602252735888,-2.4604068479637946,0.0,0.0,0.0,0.0,0.0,0.0,0.0,0.0,40.12103809156088,-15.78005219136108,False,True,False,True,True,0.0,0,0.7836829141514432,0.8566155874661313,False,False,False,False,-0.12255137484414491,-0.15501023295843705,False,False,False,False,6227133,9421183.323927123,False,False,False,False,877406.2176468828,False,False,False,False
2024-01-26 00:00:00+00:00,25.7768680118,26.0928548783,25.2693739537,25.518333303,640636,,,,,,,,,,,,,,,,,,,,,,,37.42369009749526,"rgba(239, 83, 80, 0.75)",0.0,0.0,2.76717328998497,32.98258240379531,-2.6039982454566295,0.0,0.0,0.0,0.0,0.0,0.0,0.0,0.0,41.01891111414549,-15.02258025140565,False,True,False,True,True,0.0,0,0.760464197549705,0.8841504180594527,False,False,False,False,-0.17844583569525863,-0.16672803432684785,False,False,False,False,5586497,9270803.468086844,False,False,False,False,868121.1110724952,False,False,False,False
2024-01-29 00:00:00+00:00,24.493769827,25.5374840221,23.9872333048,25.4608811454,1017685,,,,,,,,,,,,,,,,,,,,,,,37.36383762769301,"rgba(239, 83, 80, 0.75)",0.0,0.0,2.7957104250856464,32.895692849118255,-3.0052908723051535,0.0,0.0,0.0,0.0,0.0,0.0,0.0,0.0,39.97361206686735,-15.02258025140565,False,True,False,True,True,0.0,0,0.7339760835902871,0.9041826365363465,False,False,False,False,-0.22833622513679114,-0.1975321297318195,False,False,False,False,4568812,9086411.64580893,False,False,False,False,873986.3616186719,False,False,False,False
2024-01-30 00:00:00+00:00,23.4979324298,23.8330700154,23.354302036,23.4309049127,734368,,,,,,,,,,,,,,,,,,,,,,,37.317244852449555,"rgba(239, 83, 80, 0.75)",0.0,0.0,2.8352022212220858,32.82125602317357,-3.2884157340123847,0.0,0.0,0.0,0.0,0.0,0.0,0.0,0.0,38.14614924239695,-15.02258025140565,False,True,False,True,True,0.0,0,0.7019183170668786,0.9449234539563861,False,False,False,False,-0.2901641422718366,-0.24384813600182806,False,False,False,False,3834444,8880452.13028701,False,False,False,False,868511.1317512731,False,False,False,False
2024-01-31 00:00:00+00:00,23.4213295531,24.1969336798,22.6936022244,22.7606297415,563287,,,,,,,,,,,,,,,,,,,,,,,37.28139764166901,"rgba(239, 83, 80, 1.0)",0.0,0.0,2.923704286794852,32.76481086460697,-3.195768242946991,0.0,0.0,0.0,0.0,0.0,0.0,0.0,0.0,36.8413949935597,-15.02258025140565,False,True,False,True,False,0.0,0,0.7267123316425411,0.926132892696341,False,False,False,False,-0.29916601978648694,-0.2715070778941575,False,False,False,False,3271157,8660479.772236539,False,False,False,False,856541.5579571055,False,False,False,False
2024-02-01 00:00:00+00:00,24.005426488,24.4650437482,23.6655969762,24.0628786455,474238,,,,,,,,,,,,,,,,,,,,,,,37.252680002694646,"rgba(239, 83, 80, 1.0)",0.0,0.0,2.996978977947002,32.7230885129968,-2.9088165413054035,0.0,0.0,0.0,0.0,0.0,0.0,0.0,0.0,37.27209632219471,-15.02258025140565,False,True,False,True,False,0.0,0,0.7294675387243893,0.9114348561023753,False,False,False,False,-0.26185218243781794,-0.2666796301659877,False,False,False,False,3745395,8467731.349795891,False,False,False,False,841549.2615666308,False,False,False,False
2024-02-02 00:00:00+00:00,22.8851094162,23.4110839184,22.7319036627,23.191520923,843920,,,,,,,,,,,,,,,,,,,,,,,37.197898616182734,"rgba(239, 83, 80, 1.0)",0.0,0.0,3.0901837628371127,32.636957188803706,-3.1557501174786085,0.0,0.0,0.0,0.0,0.0,0.0,0.0,0.0,36.14523756506439,-15.02258025140565,False,True,False,True,False,0.0,0,0.7006923316199872,0.9496084294445682,False,False,False,False,-0.3214409158553273,-0.2940602730106575,False,False,False,False,2901475,8249446.787058797,False,False,False,False,841642.2317012728,True,False,False,False
2024-02-05 00:00:00+00:00,23.4500556319,23.6224121045,22.8109003794,23.1244934059,712630,,,,,,,,,,,,,,,,,,,,,,,37.15288966126313,"rgba(239, 83, 80, 1.0)",0.0,0.0,3.168983760455955,32.56962718627183,-2.8777590053221673,0.0,0.0,0.0,0.0,0.0,0.0,0.0,0.0,36.67471405583889,-15.02258025140565,False,True,False,True,False,0.0,0,0.7107182278562176,0.9403751330469792,False,False,False,False,-0.31225653232806716,-0.30315840266936234,False,False,False,False,3614105,8067668.677762373,False,False,False,False,836582.9284973014,False,False,False,False
2024-02-06 00:00:00+00:00,26.5811982173,26.609924296,24.9342363681,25.5374840221,1361292,,,,,,,,,,,,,,,,,,,,,,,37.0846017878228,"rgba(239, 83, 80, 0.5)",0.0,0.0,3.189084820704516,32.4996462427347,-1.855845284205149,0.0,0.0,0.0,0.0,0.0,0.0,0.0,0.0,42.45786894760755,-13.091627505330152,False,False,False,True,True,0.0,0,0.7267020024875337,0.914968141486527,False,False,False,False,-0.15729699504760283,-0.2302276988584826,False,False,False,False,4975397,7946403.121771692,False,False,False,False,857159.7548307406,False,False,False,False
2024-02-07 00:00:00+00:00,25.4608811454,25.8008064108,24.7906059742,25.2885246728,881462,,,,,,,,,,,,,,,,,,,,,,,37.0380909804373,"rgba(239, 83, 80, 0.5)",0.0,0.0,3.227870118790209,32.44615695956123,-2.1640510792234973,0.0,0.0,0.0,0.0,0.0,0.0,0.0,0.0,44.63212131211083,-11.057942148416515,False,False,False,True,True,0.0,0,0.7142337620503642,0.9240793392048764,False,False,False,False,-0.18541395583156411,-0.20782082734502336,False,False,False,False,4093935,7795325.940525744,False,False,False,False,858112.7840530645,False,False,False,False
2024-02-08 00:00:00+00:00,24.5129205462,25.2956104389,24.4746191078,25.1544696386,818305,,,,,,,,,,,,,,,,,,,,,,,36.99307943297358,"rgba(239, 83, 80, 0.5)",0.0,0.0,3.281667031741453,32.39065648567225,-2.400528713996875,0.0,0.0,0.0,0.0,0.0,0.0,0.0,0.0,44.77633519603717,-10.86530474729554,False,False,False,True,True,0.0,0,0.7119778078854315,0.9270353904779918,False,False,False,False,-0.20988143381454405,-0.20885113057978372,False,False,False,False,3275630,7618082.962465911,False,False,False,False,856551.6944823562,False,False,False,False
2024-02-09 00:00:00+00:00,25.2310725153,25.2597985941,24.1052017349,24.6948523784,579047,,,,,,,,,,,,,,,,,,,,,,,36.96169727359525,#000000,0.0,0.0,3.321154947066999,32.352823072317896,-2.1443596190256966,0.0,0.0,0.0,0.0,0.0,0.0,0.0,0.0,46.01625348448343,-9.538373319742057,True,False,False,False,True,0.0,0,0.7066164317125293,0.9359354234184304,False,False,False,False,-0.21154992184772867,-0.21020052621375618,False,False,False,False,3854677,7470498.414918228,False,False,False,False,845669.1574438324,False,False,False,False
2024-02-12 00:00:00+00:00,26.5237460597,27.0886922754,25.5470593817,25.5470593817,899476,,,,,,,,,,,,,,,,,,,,,,,36.91935972649585,#000000,0.0,0.0,3.3311797328379953,32.312968387258,-1.7378895141829775,0.0,0.0,0.0,0.0,0.0,0.0,0.0,0.0,48.732401594246745,-6.833849905739406,True,False,False,False,True,0.0,0,0.7420410979140589,0.910580158028499,False,False,False,False,-0.10099786431153174,-0.15559919526264396,False,False,False,False,4754153,7363975.065313592,False,False,False,False,847779.2297009369,False,False,False,False
2024-02-13 00:00:00+00:00,25.0682914023,26.2497950219,24.8576334914,25.5566347413,722714,,,,,,,,,,,,,,,,,,,,,,,36.882397964095546,#000000,0.0,0.0,3.3704277593470846,32.27188889742094,-2.137294732142965,0.0,0.0,0.0,0.0,0.0,0.0,0.0,0.0,48.37728080424017,-6.833849905739406,True,False,False,False,True,0.0,0,0.7369786592692904,0.9182770368672105,False,False,False,False,-0.13709232283209977,-0.14634575904737185,False,False,False,False,4031439,7233287.376477764,False,False,False,False,842874.7108891355,False,False,False,False
2024-02-14 00:00:00+00:00,26.820582207,26.8684590049,26.0641287995,26.121580957,592146,,,,,,,,,,,,,,,,,,,,,,,36.855414642421984,#000000,0.0,0.0,3.3836262058930817,32.247611970050514,-1.6039093661109918,0.0,0.0,0.0,0.0,0.0,0.0,0.0,0.0,50.531977737462384,-4.8642937552949945,True,False,False,False,True,0.0,0,0.7581000219489491,0.8964356203344982,False,False,False,False,-0.07122705051374947,-0.10878640478056066,False,False,False,False,4623585,7130946.10681197,False,False,False,False,833042.2124228949,False,False,False,False
2024-02-15 00:00:00+00:00,26.9737879604,27.2897748268,26.7248286111,26.772705409,418198,,,,,,,,,,,,,,,,,,,,,,,36.83720347475598,"rgba(38, 166, 154, 1.0)",0.0,0.0,3.393257662505893,32.23270073594044,-1.549812392276977,0.0,0.0,0.0,0.0,0.0,0.0,0.0,0.0,52.16432622375975,-3.1812528690544895,True,False,True,False,True,0.0,0,0.7853172890682174,0.8879586433657135,False,False,False,False,-0.03356497858591811,-0.07117569168323938,False,False,False,False,5041783,7049018.141838952,False,False,False,False,816773.8119357226,False,False,False,False
2024-02-16 00:00:00+00:00,27.3759530631,28.5632976521,27.3472269843,28.0462282343,1137155,,,,,,,,,,,,,,,,,,,,,,,36.79185078621527,"rgba(38, 166, 154, 1.0)",0.0,0.0,3.3973736224106843,32.202955300280244,-1.4208040603303251,0.0,0.0,0.0,0.0,0.0,0.0,0.0,0.0,53.79059597488535,-1.506814233539565,True,False,True,False,True,0.0,0,0.8048026969010695,0.860057550468784,False,False,False,False,0.03226220490657195,-0.019456743388333714,False,False,False,False,6178938,7014897.351962915,False,False,False,False,829337.7800951061,False,False,False,False
2024-02-20 00:00:00+00:00,26.5045953406,27.2112568782,25.9396491248,27.1940212309,942122,,,,,,,,,,,,,,,,,,,,,,,36.74962789133016,"rgba(38, 166, 154, 1.0)",0.0,0.0,3.4131226715827663,32.16440542725775,-1.658249829043831,0.0,0.0,0.0,0.0,0.0,0.0,0.0,0.0,53.364019849824786,-1.506814233539565,True,False,True,False,True,0.0,0,0.7774049656224818,0.8898340109396549,False,False,False,False,-0.06361515764350997,-0.04153595051592184,False,False,False,False,5236816,6945168.671493781,False,False,False,False,833760.6906796118,False,False,False,False
2024-02-21 00:00:00+00:00,27.3376516247,28.1802832685,27.1174183542,27.7206660083,894565,,,,,,,,,,,,,,,,,,,,,,,36.71373109067737,"rgba(38, 166, 154, 1.0)",0.0,0.0,3.420675663030367,32.13868775540921,-1.4035344486463186,0.0,0.0,0.0,0.0,0.0,0.0,0.0,0.0,54.30032173924252,-0.6862085308916761,True,False,True,False,True,0.0,0,0.7879585628408279,0.86623815520062,False,False,False,False,0.01098167318714933,-0.015277138664386257,False,False,False,False,6131381,6913255.429474417,False,False,False,False,836145.1733980584,False,False,False,False
2024-02-22 00:00:00+00:00,28.0941050322,28.3716947067,27.3232885854,28.0462282343,1009032,,,,,,,,,,,,,,,,,,,,,,,36.67525987495921,"rgba(38, 166, 154, 1.0)",0.0,0.0,3.422544126842092,32.114220116451555,-1.174598466889842,0.0,0.0,0.0,0.0,0.0,0.0,0.0,0.0,55.969308062182265,1.0973680024914074,True,False,True,False,True,0.0,0,0.7991348542719384,0.8615551741894432,False,False,False,False,0.024775101989008348,0.004748981662311046,False,False,False,False,7140413,6922163.569495029,False,False,False,False,842925.0489510758,False,False,False,False
2024-02-23 00:00:00+00:00,28.4579686966,28.8314077205,27.9025978405,28.5345715733,1109642,,,,,,,,,,,,,,,,,,,,,,,36.63558138667383,"rgba(38, 166, 154, 1.0)",0.0,0.0,3.4048062808294626,32.09312847267286,-1.0676553895416572,0.0,0.0,0.0,0.0,0.0,0.0,0.0,0.0,57.57652657345062,2.7855598411755764,True,False,True,False,True,0.0,0,0.815255818326049,0.8551522411232972,False,False,False,False,0.060907494078283476,0.03282823787029726,False,False,False,False,8250055,6974237.743240322,False,False,False,False,853384.5372275042,False,False,False,False
2024-02-26 00:00:00+00:00,28.1994339877,28.5345715733,27.8738717617,28.285612224,327803,,,,,,,,,,,,,,,,,,,,,,,36.623657209366264,"rgba(38, 166, 154, 1.0)",0.0,0.0,3.383669758207183,32.086131546810684,-1.1486633852737527,0.0,0.0,0.0,0.0,0.0,0.0,0.0,0.0,58.08655436803804,3.4423992061493323,True,False,True,False,True,0.0,0,0.8018557027045554,0.8661519189150408,False,False,False,False,0.04957328512841426,0.04120076149935576,False,False,False,False,7922252,7011414.772917172,False,False,False,False,832773.4965519158,False,False,False,False
2024-02-27 00:00:00+00:00,28.8984352376,29.1461497902,28.5537222925,28.9080105972,394474,,,,,,,,,,,,,,,,,,,,,,,36.610479480743315,"rgba(38, 166, 154, 1.0)",0.0,0.0,3.3619172187570396,31.675985469461676,-0.8261804354863277,0.0,0.0,0.0,0.0,0.0,0.0,0.0,0.0,59.46431318308032,4.936301576092177,True,False,True,False,True,0.0,0,0.8178411821789857,0.8520320456539756,False,False,False,False,0.09463698279727126,0.0679188721483135,False,False,False,False,8316726,7062603.448489048,False,False,False,False,815585.2810008603,False,False,False,False
2024-02-28 00:00:00+00:00,27.1748705117,27.8930224809,27.146144433,27.7781181658,536652,,,,,,,,,,,,,,,,,,,,,,,36.589254409577926,"rgba(38, 166, 154, 0.75)",0.0,0.0,3.3465966352682055,31.618632845742262,-1.3278452166035022,0.0,0.0,0.0,0.0,0.0,0.0,0.0,0.0,56.83319000860813,4.936301576092177,True,False,True,False,False,0.0,0,0.7880162773608338,0.8700379091334078,False,False,False,False,0.0020080441481612893,0.0349634581482374,False,False,False,False,7780074,7090739.548548301,False,False,False,False,804646.7209616108,False,False,False,False
2024-02-29 00:00:00+00:00,27.2035965905,28.2281600665,27.098267635,27.8738717617,413474,,,,,,,,,,,,,,,,,,,,,,,36.573154551233976,"rgba(38, 166, 154, 0.75)",0.0,0.0,3.344140631118636,31.599512993483746,-1.314513020797599,0.0,0.0,0.0,0.0,0.0,0.0,0.0,0.0,55.1296020366076,4.936301576092177,True,False,True,False,False,0.0,0,0.7789577060847307,0.8749772474809361,False,False,False,False,0.035143489176455316,0.03505347366234636,False,False,False,False,8193548,7133986.938801309,False,False,False,False,789306.6142572339,False,False,False,False
2024-03-01 00:00:00+00:00,28.4388179774,28.7164076519,28.2090093473,28.2185847069,465976,,,,,,,,,,,,,,,,,,,,,,,36.55696288590782,"rgba(38, 166, 154, 0.75)",0.0,0.0,3.3341933566966575,31.59921297074745,-0.9478739398840987,0.0,0.0,0.0,0.0,0.0,0.0,0.0,0.0,56.06792232643522,4.936301576092177,True,False,True,False,False,0.0,0,0.7954072369897258,0.8442234769610367,False,False,False,False,0.09466531539171048,0.06485939452702842,False,False,False,False,8659524,7193811.921593415,False,False,False,False,776626.9823255776,False,False,False,False
2024-03-04 00:00:00+00:00,26.7344039707,28.3143383028,26.5620474981,28.3143383028,799994,,,,,,,,,,,,,,,,,,,,,,,36.52504551088453,"rgba(38, 166, 154, 0.75)",0.0,0.0,3.3247729245443374,31.56257856392159,-1.452181758813888,0.0,0.0,0.0,0.0,0.0,0.0,0.0,0.0,53.533267992652384,8.13083082092308,True,False,True,False,False,0.0,0,0.7721303616876279,0.8543814865360314,False,False,False,False,0.018453703443367345,0.04165654898519788,False,False,False,False,7859530,7219918.512903477,False,False,False,False,777543.3359598687,False,False,False,False
2024-03-05 00:00:00+00:00,25.518333303,26.1790331146,25.2693739537,25.8534708886,860275,,,,,,,,,,,,,,,,,,,,,,,36.48530556759159,#000000,0.0,0.0,3.3071709295433536,30.955291286379815,-1.6439906189337903,0.0,0.0,0.0,0.0,0.0,0.0,0.0,0.0,50.00513948819423,4.813054297182191,True,False,False,False,False,0.0,0,0.7804893711944423,0.8709219725907072,False,False,False,False,-0.10901040495813936,-0.03367692798647074,False,False,False,False,6999255,7211265.041809224,False,False,False,False,780787.7149418348,False,False,False,False
2024-03-06 00:00:00+00:00,26.4088417447,27.4621312994,26.3135669168,27.2418980289,576835,,,,,,,,,,,,,,,,,,,,,,,36.46144438952715,#000000,0.0,0.0,3.222484051883808,30.9545221940489,-1.4106137923914859,0.0,0.0,0.0,0.0,0.0,0.0,0.0,0.0,49.24988136569462,4.133258926805979,True,False,False,False,False,0.0,1,0.7825728194342756,0.8668702965050908,False,False,False,False,-0.0223408163429526,-0.028008872164711672,False,False,False,False,7576090,7225571.902914744,False,False,False,False,772789.5692578413,False,False,False,False
2024-03-07 00:00:00+00:00,26.1120055974,26.1311563166,25.5470593817,25.8630462481,487659,,,,,,,,,,,,,,,,,,,,,,,36.43971624859646,#000000,0.0,0.0,3.20085995421358,30.926353949381983,-1.5040796601064734,0.0,0.0,0.0,0.0,0.0,0.0,0.0,0.0,48.271070905178846,3.1527713169435643,True,False,False,False,False,0.0,1,0.8045430014552183,0.8751663575320331,False,False,False,False,-0.10040051857264085,-0.06420469536867626,False,False,False,False,7088431,7220193.828290637,False,False,False,False,761607.9783065534,False,False,False,False
2024-03-08 00:00:00+00:00,26.2460606317,26.6194996556,25.7577172927,26.1886084741,616980,,,,,,,,,,,,,,,,,,,,,,,36.41307717876124,#000000,0.0,0.0,3.1710200050838973,30.900600851333557,-1.467836914359173,0.0,0.0,0.0,0.0,0.0,0.0,0.0,0.0,47.88018230850285,2.657689293728609,True,False,False,False,False,0.0,0,0.7874858556345982,0.8828938712163191,False,False,False,False,-0.07429770345906318,-0.06925119941386973,False,False,False,False,7705411,7239221.952671397,False,False,False,False,755936.2928827672,False,False,False,False
2024-03-11 00:00:00+00:00,27.7685428062,28.4991427428,27.5100080973,27.586610974,922934,,,,,,,,,,,,,,,,,,,,,,,36.38015146661258,#000000,0.0,0.0,3.068987338738357,30.91460287823791,-1.0251134086891474,0.0,0.0,0.0,0.0,0.0,0.0,0.0,0.0,50.3431005373062,2.657689293728609,True,False,False,False,False,0.0,1,0.8019519422783568,0.8592681826992201,False,False,False,False,0.060502745024529465,-0.004374227194670132,False,False,False,False,8628345,7293697.3662921265,False,False,False,False,762485.222573639,False,False,False,False
2024-03-12 00:00:00+00:00,30.1336566245,30.2198348608,29.1378192274,29.2718742616,1287946,,,,,,,,,,,,,,,,,,,,,,,36.34488382981361,"rgba(38, 166, 154, 1.0)",0.0,0.0,3.0153239652521964,30.98133648471741,-0.28112397539562983,0.0,0.0,0.0,0.0,0.0,0.0,0.0,0.0,55.098497381816586,0.057118999984659524,True,False,True,False,True,1.6375768595021363,0,0.8004811084729048,0.8513580088563215,False,False,False,False,0.1866539922560322,0.09113988253068103,False,False,False,False,9916291,7396544.175457141,False,False,False,False,783091.5275707511,False,False,False,False
2024-03-13 00:00:00+00:00,30.775205717,31.7423170354,30.4879449293,30.4879449293,827488,,,,,,,,,,,,,,,,,,,,,,,36.32646303670489,"rgba(38, 166, 154, 1.0)",0.0,0.0,2.959064797248493,30.699378168515853,0.025625511328665158,0.0,0.0,0.0,0.0,0.0,0.0,0.0,0.0,58.960661951083516,3.5543544737749784,True,False,True,False,True,2.5698234963988327,0,0.8111593739998111,0.8427863302494398,False,False,False,False,0.34282824557535174,0.2169840640530164,False,False,False,False,10743779,7527808.286223529,False,False,False,False,784832.5657052315,False,False,False,False
2024-03-14 00:00:00+00:00,29.2814496212,30.0187523095,28.9894011537,29.9708755115,947170,,,,,,,,,,,,,,,,,,,,,,,36.29935433719976,"rgba(38, 166, 154, 1.0)",0.0,0.0,2.8590166076274137,30.672224738401205,-0.48645226945895736,0.0,0.0,0.0,0.0,0.0,0.0,0.0,0.0,58.632451704232494,3.5543544737749784,True,False,True,False,True,0.2965283199392097,0,0.8189884020592201,0.8492796391790073,False,False,False,False,0.20595487198811577,0.2114694680205661,False,False,False,False,9796609,7616780.863234372,False,False,False,False,791198.7395991441,False,False,False,False
2024-03-15 00:00:00+00:00,28.9463120356,29.4729568129,28.8577399594,29.2048467445,252061,,,,,,,,,,,,,,,,,,,,,,,36.291823327356646,"rgba(38, 166, 154, 1.0)",0.0,0.0,2.78918005784237,30.666853869474657,-0.6168629483195219,0.0,0.0,0.0,0.0,0.0,0.0,0.0,0.0,57.81021801512,3.5543544737749784,True,False,True,False,True,0.0,0,0.8183724640959112,0.8559914031760295,False,False,False,False,0.17827345624799384,0.19487146213427997,False,False,False,False,9544548,7692379.574480083,False,False,False,False,770056.0831442757,False,False,False,False
2024-03-18 00:00:00+00:00,29.5399843301,29.7889436794,29.1781314912,29.750642241,298626,,,,,,,,,,,,,,,,,,,,,,,36.28342837708653,"rgba(38, 166, 154, 1.0)",0.0,0.0,2.698661895741071,30.667343641049758,-0.41774751877177124,0.0,0.0,0.0,0.0,0.0,0.0,0.0,0.0,58.10008295736036,3.5543544737749784,True,False,True,False,True,0.6899078081913608,0,0.8140620826660881,0.8477183153682648,False,False,False,False,0.2042679009182268,0.19956968152625337,False,False,False,False,9843174,7776724.453912237,False,False,False,False,751568.6289033238,False,False,False,False
2024-03-19 00:00:00+00:00,29.2985224873,29.5389896778,28.6155956664,28.9618684207,462232,,,,,,,,,,,,,,,,,,,,,,,36.269803911619434,"rgba(38, 166, 154, 1.0)",0.0,0.0,2.6392413667247587,30.66256746760957,-0.5168322221329528,0.0,0.0,0.0,0.0,0.0,0.0,0.0,0.0,57.80397477814988,3.5543544737749784,True,False,True,False,True,0.317818978849882,0,0.814798886707892,0.843958507166593,False,False,False,False,0.17112310161314992,0.18534639156970165,False,False,False,False,9380942,7839634.9459156785,False,False,False,False,740222.0944365268,False,False,False,False
2024-03-20 00:00:00+00:00,30.6355200664,30.8663685692,29.7506008054,30.3277220626,336688,,,,,,,,,,,,,,,,,,,,,,,36.26167232773056,"rgba(38, 166, 154, 1.0)",0.0,0.0,2.5729207565559284,30.6753934930558,-0.015497339571846232,0.0,0.0,0.0,0.0,0.0,0.0,0.0,0.0,59.492543182369076,4.441513939144912,True,False,True,False,True,2.336107946244198,0,0.842973300369612,0.8151710888817231,False,False,False,False,0.2730467369223973,0.22919656424604945,False,False,False,False,9717630,7913281.81078173,False,False,False,False,724397.2279880355,False,False,False,False
2024-03-21 00:00:00+00:00,29.5774644283,30.5816554157,29.5774644283,30.568189253,446447,,,,,,,,,,,,,,,,,,,,,,,36.24999539282157,"rgba(38, 166, 154, 1.0)",0.0,0.0,2.519472359117184,30.68294690774284,-0.43877539495221757,0.0,0.0,0.0,0.0,0.0,0.0,0.0,0.0,58.45500715321846,4.441513939144912,True,False,True,False,True,0.6844324664640844,0,0.8541063282264949,0.8156778896484879,False,False,False,False,0.25373278493915524,0.24146467459260235,False,False,False,False,9271183,7966532.837809898,False,False,False,False,713497.2190473282,False,False,False,False
2024-03-22 00:00:00+00:00,28.750257293,28.9185843264,28.2702847809,28.6059769788,306036,,,,,,,,,,,,,,,,,,,,,,,36.240421981322235,"rgba(38, 166, 154, 0.75)",0.0,0.0,2.4954651620488217,30.675271905293066,-0.7714051238097003,0.0,0.0,0.0,0.0,0.0,0.0,0.0,0.0,56.230992900365905,4.441513939144912,True,False,True,False,False,0.0,0,0.84389567852883,0.8328756350222737,False,False,False,False,0.13220042537455556,0.18683254998357895,False,False,False,False,8965147,8005694.177503628,False,False,False,False,697518.3477121389,False,False,False,False
2024-03-25 00:00:00+00:00,28.423221914,28.9811057959,28.2309443485,28.750257293,221688,,,,,,,,,,,,,,,,,,,,,,,36.23340989261844,"rgba(38, 166, 154, 0.75)",0.0,0.0,2.475969645784205,30.669449531132994,-0.9072112903151344,0.0,0.0,0.0,0.0,0.0,0.0,0.0,0.0,54.15722719340151,8.983811246666065,True,False,True,False,False,0.0,0,0.8392954545047183,0.8461349246399442,False,False,False,False,0.1331296162807875,0.15998108313218323,False,False,False,False,8743459,8034626.131327015,False,False,False,False,678858.3340763687,False,False,False,False
2024-03-26 00:00:00+00:00,28.3462724131,28.7887320435,28.3366537254,28.6155956664,159393,,,,,,,,,,,,,,,,,,,,,,,36.22834040638667,#000000,0.0,0.0,2.45673505424747,30.665211529712536,-0.9439109490473151,0.0,0.0,0.0,0.0,0.0,0.0,0.0,0.0,52.62826582246801,7.445501474085226,True,False,False,False,False,0.0,0,0.8353548511541999,0.8544773157909182,False,False,False,False,0.1296569097584267,0.14481899644530496,False,False,False,False,8584066,8056172.792843603,False,False,False,False,658487.1445047464,False,False,False,False
2024-03-27 00:00:00+00:00,28.423221914,28.423221914,27.6056334664,27.8364819692,174138,,,,,,,,,,,,,,,,,,,,,,,36.222566610971754,#000000,0.0,0.0,2.4304277209480505,30.21649510292873,-0.7378426329951576,0.0,0.0,0.0,0.0,0.0,0.0,0.0,0.0,51.76985218953623,6.5183182635421915,True,False,False,False,False,0.0,0,0.8381542581251694,0.8426422775519529,False,False,False,False,0.08595746008750511,0.11538822826640505,False,False,False,False,8758204,8083703.428418363,False,False,False,False,639493.0604065211,False,False,False,False
2024-03-28 00:00:00+00:00,28.7887320435,29.2215729864,28.702163855,28.7406386054,532659,,,,,,,,,,,,,,,,,,,,,,,36.20660045268718,#000000,0.0,0.0,2.414772021969224,30.239692907906498,-0.6008686746433528,0.0,0.0,0.0,0.0,0.0,0.0,0.0,0.0,51.99054420480177,6.5183182635421915,True,False,False,False,False,0.0,0,0.862551044783531,0.8168909356386475,False,False,False,False,0.16177640907140955,0.1385823186689073,False,False,False,False,9290863,8131043.019460781,False,False,False,False,635303.4894101869,False,False,False,False
2024-04-01 00:00:00+00:00,30.039161434,30.4527650016,29.5678457407,29.7217447426,431116,,,,,,,,,,,,,,,,,,,,,,,36.195695600856915,"rgba(38, 166, 154, 1.0)",0.0,0.0,2.405150990969482,30.273311771703554,-0.09735369570671777,0.0,0.0,0.0,0.0,0.0,0.0,0.0,0.0,54.54765752099531,6.5183182635421915,True,False,True,False,True,1.5440476530356726,0,0.8570597249009508,0.8067385140763436,False,False,False,False,0.24792684955237215,0.19325458411063973,False,False,False,False,9721979,8193432.665756436,False,False,False,False,627296.1368842972,False,False,False,False
2024-04-02 00:00:00+00:00,30.2700099368,30.4623836892,29.7409821178,29.8660250568,330230,,,,,,,,,,,,,,,,,,,,,,,36.18755446574227,"rgba(38, 166, 154, 1.0)",0.0,0.0,2.386011590113921,30.291461992787852,-0.008990759339449223,0.0,0.0,0.0,0.0,0.0,0.0,0.0,0.0,56.654998836891274,2.0634785145903862,True,False,True,False,True,1.91278630663993,0,0.870521471241015,0.8005132653963074,False,False,False,False,0.25559097628671024,0.22442278019867498,False,False,False,False,10052209,8266325.855334615,False,False,False,False,615646.484457462,False,False,False,False
2024-04-03 00:00:00+00:00,29.9814493083,30.0872548721,29.4812775521,29.5101336149,137444,,,,,,,,,,,,,,,,,,,,,,,36.18399990031489,"rgba(38, 166, 154, 1.0)",0.0,0.0,2.368896174290941,30.295190238281897,-0.13244182391227255,0.0,0.0,0.0,0.0,0.0,0.0,0.0,0.0,57.25758847664571,2.7221151034609505,True,False,True,False,True,1.4234558119501592,0,0.8939211123105768,0.7939546670131201,False,False,False,False,0.22449621932895414,0.22445949976381457,False,False,False,False,9914765,8330970.527674435,False,False,False,False,596893.445851287,False,False,False,False
2024-04-04 00:00:00+00:00,29.3369972378,30.5874266283,29.2889037997,30.443146314,123866,,,,,,,,,,,,,,,,,,,,,,,36.18074320862214,"rgba(38, 166, 154, 1.0)",0.0,0.0,2.327099753843386,30.297506106193975,-0.4127493317841752,0.0,0.0,0.0,0.0,0.0,0.0,0.0,0.0,55.93386991122259,2.7221151034609505,True,False,True,False,True,0.3312452903684857,1,0.8749769145963422,0.7987322077826066,False,False,False,False,0.23781100407305458,0.2311352519184346,False,False,False,False,9790899,8388222.624628379,False,False,False,False,578343.3499355502,False,False,False,False
2024-04-05 00:00:00+00:00,29.3466159254,29.5293709902,29.0003431711,29.231191674,119233,,,,,,,,,,,,,,,,,,,,,,,36.17739480719381,"rgba(38, 166, 154, 1.0)",0.0,0.0,2.2834207391495895,30.296818858202517,-0.4161313403662968,0.0,0.0,0.0,0.0,0.0,0.0,0.0,0.0,55.073993124439056,2.7221151034609505,True,False,True,False,True,0.3474941615062406,1,0.8592439577867587,0.8343829583564951,False,False,False,False,0.18010291620529942,0.20561908406186702,False,False,False,False,9910132,8447905.345231188,False,False,False,False,560339.0224870973,False,False,False,False
2024-04-08 00:00:00+00:00,29.5678457407,29.9525932454,29.3369972378,29.3369972378,143492,,,,,,,,,,,,,,,,,,,,,,,36.173560652519235,"rgba(38, 166, 154, 1.0)",0.0,0.0,2.264258869989246,30.298415816924738,-0.3226530702420111,0.0,0.0,0.0,0.0,0.0,0.0,0.0,0.0,55.051522108284075,2.7221151034609505,True,False,True,False,True,0.726824900694421,1,0.867500617452439,0.8218019013348261,False,False,False,False,0.21249707095134024,0.20905807750660363,False,False,False,False,10053624,8510874.70424173,False,False,False,False,543992.0804287797,False,False,False,False
2024-04-09 00:00:00+00:00,30.5393331902,30.5393331902,29.8179316188,29.9525932454,256632,,,,,,,,,,,,,,,,,,,,,,,36.16742449840851,"rgba(38, 166, 154, 1.0)",0.0,0.0,2.2436981401716256,30.30909694551052,0.10261462563402923,0.0,0.0,0.0,0.0,0.0,0.0,0.0,0.0,57.227851943237745,3.083425032326879,True,False,True,False,True,2.3802921849522427,1,0.885884609260285,0.7937100140314168,False,False,False,False,0.25878420369619415,0.2339211406013989,False,False,False,False,10310256,8581438.676624408,False,False,False,False,532723.0576668668,False,False,False,False
2024-04-10 00:00:00+00:00,30.3469594378,30.8856059445,29.9655784737,30.2796286245,354289,,,,,,,,,,,,,,,,,,,,,,,36.15911909876952,"rgba(38, 166, 154, 1.0)",0.0,0.0,2.251616799994041,30.32341318783197,0.010457485469148408,0.0,0.0,0.0,0.0,0.0,0.0,0.0,0.0,58.04560806422146,3.9916589409541103,True,False,True,False,True,2.0337729619666476,1,0.9107319843139978,0.7803892059056643,False,False,False,False,0.2805582324223378,0.25723968651186835,False,False,False,False,9955967,8635341.748129334,False,False,False,False,525725.6436407152,False,False,False,False
2024-04-11 00:00:00+00:00,30.8278938187,31.251116074,30.366196813,30.7894190683,278906,,,,,,,,,,,,,,,,,,,,,,,36.153068327436515,"rgba(38, 166, 154, 1.0)",0.0,0.0,2.230717361022057,30.338027205192525,0.21960048460959336,0.0,0.0,0.0,0.0,0.0,0.0,0.0,0.0,59.6416099393064,5.630102154625163,True,False,True,False,True,2.8579103508260673,1,0.9321096725930438,0.7568754820913695,False,False,False,False,0.31486117956757476,0.28605043303972155,False,False,False,False,10234873,8698068.46388897,False,False,False,False,516046.4419293146,False,False,False,False
2024-04-12 00:00:00+00:00,28.1442799731,29.4957055835,28.0673304721,29.2985224873,954464,,,,,,,,,,,,,,,,,,,,,,,36.12379591012134,"rgba(38, 166, 154, 0.75)",0.0,0.0,2.2245009645723544,30.3052843526474,-0.9714558069264936,0.0,0.0,0.0,0.0,0.0,0.0,0.0,0.0,53.913513324005145,8.2614585697022,True,False,True,False,False,0.0,1,0.9142914839367924,0.7738951576860517,False,False,False,False,0.13941770693899053,0.21273406998935604,False,False,False,False,9280409,8720905.347658029,False,False,False,False,533239.2873438513,False,False,False,False
2024-04-15 00:00:00+00:00,27.894194095,29.0580552969,27.6633455921,28.8464441692,227667,,,,,,,,,,,,,,,,,,,,,,,36.11651221881305,#000000,0.0,0.0,2.2136580310778915,30.296022349156374,-1.0850041968708497,0.0,0.0,0.0,0.0,0.0,0.0,0.0,0.0,49.639454620379894,4.456432293592897,False,False,False,False,False,0.0,0,0.8972268047223639,0.7898408201499114,False,False,False,False,0.1043695904400913,0.15855183021472366,False,False,False,False,9052742,8733918.549710656,False,False,False,False,521256.06038919045,False,False,False,False
2024-04-16 00:00:00+00:00,27.0573682721,27.6102504365,26.8457571445,27.2497420245,228265,,,,,,,,,,,,,,,,,,,,,,,36.10827005403466,"rgba(239, 83, 80, 1.0)",0.0,0.0,2.203614236078634,30.279577891313103,-1.4622385199993424,0.0,0.0,0.0,0.0,0.0,0.0,0.0,0.0,45.33979264160472,0.706987507901367,False,True,False,True,False,0.0,0,0.897235123853595,0.8000526942742451,False,False,False,False,0.005189995992784742,0.0818709131037542,False,False,False,False,8824477,8737469.861486707,False,False,False,False,509766.21488373197,False,False,False,False
2024-04-17 00:00:00+00:00,26.8746132074,27.2401233369,26.7207142054,27.2208859616,180841,,,,,,,,,,,,,,,,,,,,,,,36.10158621167709,"rgba(239, 83, 80, 1.0)",0.0,0.0,2.167446360847309,30.265867424624567,-1.5646312077124904,0.0,0.0,0.0,0.0,0.0,0.0,0.0,0.0,42.16956550141153,-1.9660475105869821,False,True,False,True,False,0.0,0,0.8935801961377945,0.8082203888575026,False,False,False,False,-0.09450962711024648,-0.006319357003246137,False,False,False,False,8643636,8733790.10221272,False,False,False,False,496867.18684907584,False,False,True,False
2024-04-18 00:00:00+00:00,27.3074541502,27.6633455921,27.1246990854,27.1824112112,223369,,,,,,,,,,,,,,,,,,,,,,,36.093722071866935,"rgba(239, 83, 80, 1.0)",0.0,0.0,2.1063603431666724,30.252586613911426,-1.3982092253425895,0.0,0.0,0.0,0.0,0.0,0.0,0.0,0.0,41.35450343328916,-2.530815071515285,False,True,False,True,False,0.0,0,0.8816194553964524,0.8198958681564874,False,False,False,False,-0.05183912382486062,-0.029079240414053378,False,False,False,False,8867005,8739014.215851437,False,False,False,False,486141.76775695523,False,False,False,False
2024-04-19 00:00:00+00:00,26.9900374588,26.9900374588,26.6004806102,26.7399515807,310904,,,,,,,,,,,,,,,,,,,,,,,36.08216772422273,"rgba(239, 83, 80, 1.0)",0.0,0.0,2.091234009867958,29.831804644859243,-1.3588948786456827,0.0,0.0,0.0,0.0,0.0,0.0,0.0,0.0,40.19301566239695,-3.5915488285926926,False,True,False,True,False,0.0,0,0.8853073992081015,0.8220746752035769,False,False,True,False,-0.11371460254007153,-0.07139692147706245,False,False,False,False,8556101,8731841.148563147,False,False,False,False,479269.69843315304,False,False,False,False
2024-04-22 00:00:00+00:00,29.1830982359,29.2600477369,27.6056334664,27.7499137807,752436,,,,,,,,,,,,,,,,,,,,,,,36.05982713964263,"rgba(239, 83, 80, 0.75)",0.0,0.0,2.068707397965322,29.887041771049706,-0.34028182808359886,0.0,0.0,0.0,0.0,0.0,0.0,0.0,0.0,44.84194789576621,-3.5915488285926926,False,True,False,True,True,0.2746975258606703,0,0.9017626367744427,0.793531141853211,False,False,False,False,0.05484689499790735,-0.00827501323957755,False,False,False,False,9308537,8754456.672148906,False,False,False,False,489982.1024161666,False,False,False,False
2024-04-23 00:00:00+00:00,30.8375125064,30.9048433197,29.962211933,30.039161434,848639,,,,,,,,,,,,,,,,,,,,,,,36.041189700016446,#000000,0.0,0.0,2.08565752835748,29.97234369967701,0.4148182503406197,0.0,0.0,0.0,0.0,0.0,0.0,0.0,0.0,50.670103203015046,-6.332907758963323,False,True,False,False,True,3.070554757951065,0,0.9338375310941018,0.7785028132712613,False,False,False,False,0.2544646095398485,0.12309479815013548,False,False,False,False,10157176,8809465.273241106,False,False,False,False,504047.0787920033,False,False,False,False
2024-04-24 00:00:00+00:00,32.2899343368,32.3765025254,31.7128130797,31.9725176454,636759,,,,,,,,,,,,,,,,,,,,,,,36.031246216773724,"rgba(38, 166, 154, 1.0)",0.0,0.0,2.1501996194652326,30.05380825158786,1.0399620876913185,0.0,0.0,0.0,0.0,0.0,0.0,0.0,0.0,56.40205600937082,-1.2332891560911392,True,False,True,False,True,5.403253585085459,0,0.9294642658150868,0.7908789812959921,False,False,False,False,0.3428282430047631,0.2329615205774493,False,False,False,False,10793935,8887287.615466945,False,False,False,False,509251.46785898355,False,False,False,False
2024-04-25 00:00:00+00:00,32.386121213,32.3957399006,31.1260731349,31.2414973864,330981,,,,,,,,,,,,,,,,,,,,,,,36.025890472011,"rgba(38, 166, 154, 1.0)",0.0,0.0,2.2203191785176646,30.086026183148284,1.0359299023788615,0.0,0.0,0.0,0.0,0.0,0.0,0.0,0.0,60.336877232934306,2.1466022454635123,True,False,True,False,True,5.555443944677126,0,0.9351135463092068,0.7800706674213015,False,False,False,False,0.30992609923340847,0.2714438099054289,False,False,False,False,11124916,8975037.748193732,False,False,False,False,502260.4691194156,False,False,False,False
2024-04-26 00:00:00+00:00,34.1463410473,34.6946062416,33.6349154266,33.8673991063,779289,,,,,,,,,,,,,,,,,,,,,,,36.02011159735222,"rgba(38, 166, 154, 1.0)",0.0,0.0,2.348362747181011,30.212279679688994,1.6752358094308368,0.0,0.0,0.0,0.0,0.0,0.0,0.0,0.0,64.82348411322597,6.101464925654476,True,False,True,False,True,8.279900610331968,0,0.9525071342588258,0.790628339543638,False,False,False,False,0.34282824564040937,0.30713602777291915,False,False,False,False,11904205,9089907.052186133,False,False,False,False,513124.333075517,False,False,False,False
2024-04-29 00:00:00+00:00,33.7712122301,34.2232905482,33.2614217863,33.8289243559,551455,,,,,,,,,,,,,,,,,,,,,,,36.01515519049004,"rgba(38, 166, 154, 1.0)",0.0,0.0,2.4535880090055735,30.27981679975941,1.42297542110814,0.0,0.0,0.0,0.0,0.0,0.0,0.0,0.0,66.8407604160063,7.823646375010171,True,False,True,False,True,7.575402488690894,0,0.9362941337147721,0.8062089011900517,False,False,False,False,0.3061938244298252,0.3066649261013722,False,False,False,False,11352750,9178645.99131609,False,False,False,False,514627.49648432026,False,False,False,False
2024-04-30 00:00:00+00:00,31.9532802702,33.1505183181,31.8667120816,32.9440050949,743981,,,,,,,,,,,,,,,,,,,,,,,36.00430364209145,"rgba(38, 166, 154, 1.0)",0.0,0.0,2.5006329541207895,30.326704733422766,0.6504655287761458,0.0,0.0,0.0,0.0,0.0,0.0,0.0,0.0,64.0687997044225,7.823646375010171,True,False,True,False,True,4.259790635942469,0,0.9041606248385516,0.8387028936910956,False,False,False,False,0.20325294778053643,0.2549589369409543,False,False,False,False,10608769,9234729.246558595,False,False,False,False,523621.75152415084,False,False,False,False
2024-05-01 00:00:00+00:00,32.261078274,33.0401919711,31.8862380175,32.0302297711,386308,,,,,,,,,,,,,,,,,,,,,,,35.99880439416956,"rgba(38, 166, 154, 1.0)",0.0,0.0,2.5542153991303116,30.3499316403746,0.7482323668850046,0.0,0.0,0.0,0.0,0.0,0.0,0.0,0.0,62.655399978840954,7.823646375010171,True,False,True,False,True,4.747138538054429,0,0.9247933091854609,0.820787172344836,False,False,False,False,0.19955696501488832,0.22725795097792129,False,False,False,False,10995077,9303762.491791593,False,False,False,False,518236.89852320374,False,False,False,False
2024-05-02 00:00:00+00:00,37.2531771482,37.9745787196,35.0793537463,35.0793537463,1239941,,,,,,,,,,,,,,,,,,,,,,,36.00255369468498,"rgba(38, 166, 154, 1.0)",0.0,0.0,2.7685035578742765,30.564264177003338,2.4160752664275327,0.0,0.0,0.0,0.0,0.0,0.0,0.0,0.0,66.5243634419065,7.823646375010171,True,False,True,False,True,11.937270007247598,0,0.9264960371262659,0.8002631752170115,False,False,False,False,0.342828247559207,0.28504309926856414,False,False,False,False,12235018,9418713.688191922,False,False,False,False,546539.0201497448,False,False,False,False
2024-05-03 00:00:00+00:00,38.4170383501,38.4715763089,37.0992781463,37.637924653,831219,,,,,,,,,,,,,,,,,,,,,,,36.0090374248273,"rgba(38, 166, 154, 1.0)",0.0,0.0,2.9937914613048977,30.71497111308913,2.572679939989469,0.0,0.0,0.0,0.0,0.0,0.0,0.0,0.0,69.8275072881074,10.512872916529005,True,False,True,False,True,13.436229714771478,0,0.9539188048173285,0.7966688062973803,False,False,False,False,0.3428282482745776,0.31393567377157083,False,False,False,False,13066237,9561753.818066748,False,False,False,False,557702.9409281863,False,False,False,False
2024-05-06 00:00:00+00:00,37.9168665939,38.6671242282,37.4936443387,38.4747504758,347219,,,,,,,,,,,,,,,,,,,,,,,36.01177394202247,"rgba(38, 166, 154, 1.0)",0.0,0.0,3.1680398536822176,30.773838549719365,2.2547153363232724,0.0,0.0,0.0,0.0,0.0,0.0,0.0,0.0,71.05240943191073,11.852505764779082,True,False,True,False,True,12.523933409018706,0,0.9513369213238125,0.8013356878158427,False,False,False,False,0.3428282484211663,0.3283819610963686,False,False,False,False,12719018,9685568.09971119,False,False,False,False,549448.6687349242,False,False,False,False
2024-05-07 00:00:00+00:00,36.1855028225,36.3778765749,35.6757123787,36.3009270739,604552,,,,,,,,,,,,,,,,,,,,,,,36.011934027087825,"rgba(38, 166, 154, 1.0)",0.0,0.0,3.2642876463460353,30.842799934253975,1.6367132639877848,0.0,0.0,0.0,0.0,0.0,0.0,0.0,0.0,68.7468382032304,11.852505764779082,True,False,True,False,True,9.446898067223383,0,0.9365245829381886,0.8124825396834431,False,False,False,False,0.2239802101397656,0.2761810856180671,False,False,False,False,12114466,9780818.997761732,False,False,False,False,551609.5836864958,False,False,False,False
2024-05-08 00:00:00+00:00,35.7141871292,35.8007553177,34.720672885,34.7907931178,305848,,,,,,,,,,,,,,,,,,,,,,,36.011219394692944,"rgba(38, 166, 154, 1.0)",0.0,0.0,3.3095771425082576,30.871344490396467,1.4632813892149512,0.0,0.0,0.0,0.0,0.0,0.0,0.0,0.0,66.42399654578574,11.852505764779082,True,False,True,False,True,8.630191127433534,0,0.9129894601985473,0.8300293299590447,False,False,False,False,0.18135083001696056,0.22876595781751383,False,False,False,False,11808618,9860340.527261272,False,False,False,False,541971.8745223195,False,False,False,False
2024-05-09 00:00:00+00:00,37.0896594587,37.6186872777,36.4254890786,37.2627958358,313205,,,,,,,,,,,,,,,,,,,,,,,36.012478161914785,"rgba(38, 166, 154, 0.75)",0.0,0.0,3.427562263006081,30.911660468622568,1.8024469042494151,0.0,0.0,0.0,0.0,0.0,0.0,0.0,0.0,66.22009300342228,11.852505764779082,True,False,True,False,False,10.488149277035198,0,0.9431750194931635,0.8084280944331165,False,False,False,False,0.28061217815876166,0.25468906798813773,False,False,False,False,12121823,9949026.114427496,False,False,False,False,533000.6245410522,False,False,False,False
2024-05-10 00:00:00+00:00,36.954997832,37.7918236549,36.5798690149,37.6186872777,272892,,,,,,,,,,,,,,,,,,,,,,,36.01364056824369,"rgba(38, 166, 154, 0.75)",0.0,0.0,3.546685243234953,30.946244902456947,1.6941883808280742,0.0,0.0,0.0,0.0,0.0,0.0,0.0,0.0,65.83761857652195,11.852505764779082,True,False,True,False,False,10.24973934564813,0,0.9461481324519677,0.8109816796689945,False,False,False,False,0.2900910805838166,0.27239007428597717,False,False,False,False,11848931,10023532.188371517,False,False,False,False,522800.28632375604,False,False,False,False
2024-05-13 00:00:00+00:00,39.7925106796,40.0810713082,38.4170383501,38.4170383501,741020,,,,,,,,,,,,,,,,,,,,,,,36.0234481521592,"rgba(38, 166, 154, 0.75)",0.0,0.0,3.748479823318871,31.07391585039638,2.325901496112164,0.0,0.0,0.0,0.0,0.0,0.0,0.0,0.0,67.98861476469418,11.852505764779082,True,False,True,False,False,13.912739853495026,0,0.951156915573803,0.8011198748916178,False,False,False,False,0.34282824893912217,0.3076091616125497,False,False,False,False,12589951,10124176.06333734,False,False,False,False,531357.922154197,False,False,False,False
2024-05-14 00:00:00+00:00,39.0037782949,39.2923389234,38.5805560396,38.8883540434,359630,,,,,,,,,,,,,,,,,,,,,,,36.02753197787714,"rgba(38, 166, 154, 0.75)",0.0,0.0,3.898014165221541,31.129249629746766,2.020138545265058,0.0,0.0,0.0,0.0,0.0,0.0,0.0,0.0,67.99048059940799,11.852505764779082,True,False,True,False,False,12.50859494567208,0,0.9710350891237783,0.7994011586901586,False,False,False,False,0.32580354568603376,0.3167063536492917,False,False,False,False,12230321,10206769.98242215,False,False,False,False,524623.4938344245,False,False,False,False
2024-05-15 00:00:00+00:00,39.907934931,40.1195460587,38.8883540434,40.1195460587,279895,,,,,,,,,,,,,,,,,,,,,,,36.031437686819636,"rgba(38, 166, 154, 0.75)",0.0,0.0,4.045803791975998,31.17523880777761,2.1584576445703716,0.0,0.0,0.0,0.0,0.0,0.0,0.0,0.0,68.73551559020058,11.891632239122103,True,False,True,False,False,13.642056148367175,0,0.9907052319349315,0.7644987137915322,False,False,False,False,0.34282824899522435,0.32976730132225807,False,False,False,False,12510216,10297101.198797753,False,False,False,False,515026.29799778044,False,False,False,False
2024-05-16 00:00:00+00:00,42.0625209577,42.2356573348,39.5616621768,40.2638263729,437433,,,,,,,,,,,,,,,,,,,,,,,36.040305835382924,"rgba(38, 166, 154, 1.0)",0.0,0.0,4.237868990503148,31.260111848616724,2.549019125718831,0.0,0.0,0.0,0.0,0.0,0.0,0.0,0.0,70.7657123867366,14.262703264540932,True,False,True,False,True,16.233891398993546,0,0.9967739887108948,0.762600048661369,False,False,False,False,0.34282824949720236,0.3362977754097302,False,False,False,False,12947649,10401044.249825291,False,False,False,False,511983.42356649495,False,False,False,False
2024-05-17 00:00:00+00:00,42.3126068358,43.2810163052,41.220885791,41.9615247377,554706,,,,,,,,,,,,,,,,,,,,,,,36.053611609956064,"rgba(38, 166, 154, 1.0)",0.0,0.0,4.415351732745431,31.832431934164845,2.3735764523381837,0.0,0.0,0.0,0.0,0.0,0.0,0.0,0.0,72.28151730333175,16.069548461538318,True,False,True,False,True,16.526438229412875,0,1.0291999903993652,0.7374871556833551,False,False,False,False,0.34282824980425064,0.3395630126069904,False,False,False,False,13502355,10522664.279243909,False,False,False,False,513658.8187207501,False,True,False,False
2024-05-20 00:00:00+00:00,41.4180688872,42.3069318101,40.9275158186,41.398831512,275000,,,,,,,,,,,,,,,,,,,,,,,36.05942490922552,"rgba(38, 166, 154, 1.0)",0.0,0.0,4.55235886146513,31.870820402118348,2.0972091119391605,0.0,0.0,0.0,0.0,0.0,0.0,0.0,0.0,71.51627714226078,16.069548461538318,True,False,True,False,True,14.893091803398512,0,1.0219850631059308,0.7593954968440867,False,False,False,False,0.31275145234858887,0.3261572324777896,False,False,False,False,13227355,10628730.582018659,False,False,False,False,504299.64935915207,False,False,False,False
2024-05-21 00:00:00+00:00,39.3981444872,40.1688899261,38.9075914187,39.3500510491,421373,,,,,,,,,,,,,,,,,,,,,,,36.06497719671286,"rgba(38, 166, 154, 0.75)",0.0,0.0,4.592107690405055,31.886228237387733,1.635831900351114,0.0,0.0,0.0,0.0,0.0,0.0,0.0,0.0,67.5198497486198,16.069548461538318,True,False,True,False,False,11.342767858102537,0,0.991228755642657,0.79107637919864,False,False,False,False,0.21752717024570264,0.27184220136174614,False,False,False,False,12805982,10714112.990566947,False,False,False,False,501047.62389408733,False,False,False,False
2024-05-22 00:00:00+00:00,38.3593262244,39.8886975558,38.2824729103,39.2153894225,643373,,,,,,,,,,,,,,,,,,,,,,,36.07182337759095,"rgba(38, 166, 154, 0.75)",0.0,0.0,4.60822606875208,31.924340875512748,1.3964126874161502,0.0,0.0,0.0,0.0,0.0,0.0,0.0,0.0,63.30883036497194,19.31893104536836,True,False,True,False,False,9.589546529042561,0,0.97888299847272,0.8176261657781181,False,False,False,False,0.19735317564643817,0.23459768850409216,False,False,False,False,12162609,10770916.755642753,False,False,False,False,506629.0111923584,False,False,False,False
2024-05-23 00:00:00+00:00,36.3201644492,38.1284777215,36.0604598835,37.6090685901,915175,,,,,,,,,,,,,,,,,,,,,,,36.074493670263685,"rgba(38, 166, 154, 0.5)",0.0,0.0,4.629587110393074,31.938042037415272,0.9465471341811872,0.0,0.0,0.0,0.0,0.0,0.0,0.0,0.0,57.86567618236963,14.270627805809568,False,False,True,False,False,6.2835713718970005,0,0.9359805323518469,0.8587399211844967,False,False,False,False,0.11024873117144841,0.1724232098377703,False,False,False,False,11247434,10789603.70640186,False,False,False,False,522650.42251814826,False,False,False,False
2024-05-24 00:00:00+00:00,36.1085533215,36.6183437654,35.7627615016,36.0123664454,494725,,,,,,,,,,,,,,,,,,,,,,,36.074660874438216,#000000,0.0,0.0,4.627964849674347,31.946283852689568,0.899373613242398,0.0,0.0,0.0,0.0,0.0,0.0,0.0,0.0,53.98354063253568,10.808290272701996,False,True,False,False,False,5.948565215010316,0,0.949316879273445,0.8644619562969119,False,False,False,False,0.07132524061240665,0.12187422522508848,False,False,False,False,10752709,10788156.855170416,False,False,False,False,521555.30790959345,False,False,False,False
2024-05-28 00:00:00+00:00,36.0700785711,37.1185155215,35.8103740054,36.6760558911,260512,,,,,,,,,,,,,,,,,,,,,,,36.074916970164956,#000000,0.0,0.0,4.604504282262642,31.95429580063694,0.8938601243825037,0.0,0.0,0.0,0.0,0.0,0.0,0.0,0.0,51.34575770896199,8.492272614370371,False,True,False,False,False,5.88671539420897,0,0.9522687855056655,0.8513535178500566,False,False,False,False,0.08309117060326088,0.10248269791417468,False,False,False,False,10492197,10776550.586340204,False,False,False,False,511318.31544255064,False,False,False,False
2024-05-29 00:00:00+00:00,35.0889724339,35.2813461863,34.3579521749,34.4445203635,287038,,,,,,,,,,,,,,,,,,,,,,,36.073645291534476,"rgba(239, 83, 80, 1.0)",0.0,0.0,4.576422254084522,31.95174791741448,0.6855190238806088,0.0,0.0,0.0,0.0,0.0,0.0,0.0,0.0,48.313128601246895,5.737296396899403,False,True,False,True,False,4.309935788343168,0,0.9355313996211313,0.874830138744125,False,False,False,False,0.01266391438096492,0.0575733061475698,False,False,False,False,10205159,10754143.073150393,False,False,False,False,502523.00895460753,False,False,False,False
2024-05-30 00:00:00+00:00,36.021985133,36.1374093844,34.7907931178,34.7907931178,407739,,,,,,,,,,,,,,,,,,,,,,,36.072989786422234,"rgba(239, 83, 80, 1.0)",0.0,0.0,4.576874376208725,31.959929684914293,0.8875173566486504,0.0,0.0,0.0,0.0,0.0,0.0,0.0,0.0,47.82872466132682,5.279847075874073,False,True,False,True,False,5.622314236265293,0,0.9493786019409084,0.8605962975075916,False,False,False,False,0.04020473848438349,0.048889022315976645,False,False,False,False,10612898,10748604.050673906,False,False,False,False,498805.98899560334,False,False,False,False
2024-05-31 00:00:00+00:00,34.5022324892,34.7378903358,33.7808309178,34.0790102339,423103,,,,,,,,,,,,,,,,,,,,,,,36.070211857365535,"rgba(239, 83, 80, 1.0)",0.0,0.0,4.532153130448798,31.954959930817278,0.5620446805446917,0.0,0.0,0.0,0.0,0.0,0.0,0.0,0.0,45.550529972637904,3.0032448072931643,False,True,False,True,False,3.2089846443183774,0,0.9113446781412492,0.8815835793023905,False,False,False,False,-0.011263080679299774,0.018812970818338437,False,False,False,False,10189795,10726689.970255323,False,False,False,False,495837.2443291091,False,False,False,False
2024-06-03 00:00:00+00:00,34.3194774244,35.5506694396,33.6751215408,35.1659219349,338340,,,,,,,,,,,,,,,,,,,,,,,36.06822063299135,"rgba(239, 83, 80, 1.0)",0.0,0.0,4.511404932039967,31.954542464176768,0.5242125226728106,0.0,0.0,0.0,0.0,0.0,0.0,0.0,0.0,43.80915591252884,1.201071242972212,False,True,False,True,False,2.922767145073365,0,0.9139141437330107,0.8690281221642652,False,False,False,False,0.0038343125146943027,0.01132364166651637,False,False,False,False,9851455,10692367.03024531,False,False,False,False,489660.881806399,False,False,False,False
2024-06-04 00:00:00+00:00,34.3194774244,35.0408789958,34.0116794206,35.0408789958,186469,,,,,,,,,,,,,,,,,,,,,,,36.067084669186755,"rgba(239, 83, 80, 1.0)",0.0,0.0,4.490493409451886,31.954589699772022,0.526643179043578,0.0,0.0,0.0,0.0,0.0,0.0,0.0,0.0,42.64823987245613,-0.11065465308723077,False,True,False,True,False,2.922767145073376,0,0.9267037758696808,0.8619632373109963,False,False,False,False,0.00013554340701341883,0.005729592536764895,False,False,False,False,9851455,10659390.087882748,False,False,False,False,477771.004088501,False,False,False,False
2024-06-05 00:00:00+00:00,35.416007813,35.416007813,34.5504221142,34.9735481825,310769,,,,,,,,,,,,,,,,,,,,,,,36.06598168569843,"rgba(239, 83, 80, 1.0)",0.0,0.0,4.483194982738626,31.960801465353306,0.7707017787426302,0.0,0.0,0.0,0.0,0.0,0.0,0.0,0.0,43.977773161378224,-0.11065465308723077,False,True,False,True,False,4.533854722572791,0,0.9316392237222956,0.8553953708274706,False,False,False,False,0.019650469178366766,0.01269003085756583,False,False,False,False,10162224,10639893.378554013,False,False,False,False,471221.9058889519,False,False,False,False
2024-06-06 00:00:00+00:00,35.6660936911,35.6757123787,34.8004118054,35.3486769996,256999,,,,,,,,,,,,,,,,,,,,,,,36.065317116716635,"rgba(239, 83, 80, 1.0)",0.0,0.0,4.463081594507031,31.967997727409188,0.8285969873914634,0.0,0.0,0.0,0.0,0.0,0.0,0.0,0.0,45.32384160381659,-0.11065465308723077,False,True,False,True,False,4.898516858357709,0,0.9339212463522933,0.8502456536976235,False,False,False,False,0.030540095674081714,0.021615063265823773,False,False,False,False,10419223,10631239.638218561,False,False,False,False,462821.00761879695,False,False,False,False
2024-06-07 00:00:00+00:00,33.5307450397,34.4818408714,33.3768460378,34.0309167959,316516,,,,,,,,,,,,,,,,,,,,,,,36.06261038328802,"rgba(239, 83, 80, 1.0)",0.0,0.0,4.435238018284288,31.96485042866891,0.3530576272514989,0.0,0.0,0.0,0.0,0.0,0.0,0.0,0.0,43.0949720832175,-0.23401680824880344,False,True,False,True,False,1.4514520733028498,0,0.9191565589581961,0.8484943791733267,False,False,False,False,-0.025360668976948508,-0.0018728028555623673,False,False,False,False,10102707,10610512.868092343,False,False,False,False,457083.55633962847,False,False,False,False
2024-06-10 00:00:00+00:00,34.1655784225,34.385076874,33.1267601597,33.6173132282,126835,,,,,,,,,,,,,,,,,,,,,,,36.06157341615071,"rgba(239, 83, 80, 1.0)",0.0,0.0,4.41918257795509,31.964137191262864,0.49815575446439625,0.0,0.0,0.0,0.0,0.0,0.0,0.0,0.0,42.83716261510874,-0.7639796220599564,False,True,False,True,False,2.4016247005830422,0,0.9059170712846305,0.8573061575547273,False,False,False,False,-0.03277267698144247,-0.017322739918502417,False,False,False,False,10229542,10595572.834049506,False,False,False,False,444132.63256160385,False,False,False,False
2024-06-11 00:00:00+00:00,33.7135001044,34.4733764263,33.5115076644,34.406045613,112041,,,,,,,,,,,,,,,,,,,,,,,36.06066117364235,"rgba(239, 83, 80, 1.0)",0.0,0.0,4.40330863884,31.963630297596673,0.39739885398183394,0.0,0.0,0.0,0.0,0.0,0.0,0.0,0.0,42.031597959674905,-1.869155317468497,False,True,False,True,False,1.681764182100114,0,0.9089264136105449,0.8719467864485761,False,False,False,False,-0.02266463231578957,-0.01999368611714599,False,False,False,False,10117501,10576824.918988742,False,False,False,False,431109.4312846782,False,False,False,False
2024-06-12 00:00:00+00:00,33.925111232,34.2954307054,33.6654066663,34.0212981082,217315,,,,,,,,,,,,,,,,,,,,,,,36.05894510185488,"rgba(239, 83, 80, 1.0)",0.0,0.0,4.384243551454637,31.963228611836247,0.4474848619011652,0.0,0.0,0.0,0.0,0.0,0.0,0.0,0.0,41.94350770797056,-2.3273914571481527,False,True,False,True,False,2.0060172440055197,0,0.9085686889724587,0.8742295096694837,False,False,False,False,-0.02317833220962634,-0.021586009163386165,False,False,False,False,10334816,10567334.373146046,False,False,False,False,422725.3359401811,False,False,False,False
2024-06-13 00:00:00+00:00,34.3194774244,35.1178284968,33.9058738568,34.5503259273,452718,,,,,,,,,,,,,,,,,,,,,,,36.056205150123226,"rgba(239, 83, 80, 1.0)",0.0,0.0,4.374034666212957,31.968411214112688,0.5375051616412693,0.0,0.0,0.0,0.0,0.0,0.0,0.0,0.0,42.74448775292981,-2.3273914571481527,False,True,False,True,False,2.614792515762197,0,0.9178842517123086,0.8618167730584246,False,False,False,False,-0.0004805727292706431,-0.011033290946328404,False,False,False,False,10787534,10575969.652630515,False,False,False,False,423901.5188444878,False,False,False,False
2024-06-14 00:00:00+00:00,33.2421844111,33.6654066663,33.1556162225,33.4826516016,221557,,,,,,,,,,,,,,,,,,,,,,,36.05395848402152,"rgba(239, 83, 80, 1.0)",0.0,0.0,4.334732302858134,31.965721462964677,0.29447330514359044,0.0,0.0,0.0,0.0,0.0,0.0,0.0,0.0,41.542247220014424,-3.3700054377463076,False,True,False,True,False,0.8514292024913352,0,0.9082879429233314,0.8783682090074474,False,False,False,False,-0.04754656505602567,-0.029289928001177037,False,False,False,False,10565977,10575577.783899907,False,False,False,False,415966.43967411574,False,False,False,False
2024-06-17 00:00:00+00:00,33.723118792,33.8289243559,33.1459975349,33.7135001044,171289,,,,,,,,,,,,,,,,,,,,,,,36.052360065329474,"rgba(239, 83, 80, 1.0)",0.0,0.0,4.2956064670681275,31.96467752295161,0.40935809239727117,0.0,0.0,0.0,0.0,0.0,0.0,0.0,0.0,41.847088450994015,-3.3838054083623703,False,True,False,True,False,1.6109756213742656,0,0.9120701234331207,0.8628441898759774,False,False,False,False,-0.04425368178770664,-0.03677180489444184,False,False,False,False,10737266,10581918.498256773,False,False,False,False,406371.24596140534,False,False,False,False
2024-06-18 00:00:00+00:00,33.3864647254,33.7946818279,32.8574369063,33.0498106587,129930,,,,,,,,,,,,,,,,,,,,,,,36.05104189199645,"rgba(239, 83, 80, 1.0)",0.0,0.0,4.2715142978665375,31.963353322780666,0.333163207092653,0.0,0.0,0.0,0.0,0.0,0.0,0.0,0.0,41.48000372572847,-4.07405352264842,False,True,False,True,False,1.054497109066645,1,0.9043979750165254,0.8692908226645651,False,False,False,False,-0.05116169341707331,-0.04396674915575757,False,False,False,False,10607336,10582915.263031017,False,False,False,False,395530.41278644826,False,False,False,False
2024-06-20 00:00:00+00:00,32.992098533,33.9635859825,32.5496389025,33.6076945406,310110,,,,,,,,,,,,,,,,,,,,,,,36.04769451695749,"rgba(239, 83, 80, 1.0)",0.0,0.0,4.2183727305354415,31.9593631592978,0.24481842636298032,0.0,0.0,0.0,0.0,0.0,0.0,0.0,0.0,40.564822369364464,-5.260887195902541,False,True,False,True,False,0.39983450196376324,1,0.8980546899496925,0.8785659407859875,False,False,False,False,-0.05413549554159745,-0.04905112234867751,False,False,False,False,10297226,10571711.762519997,False,False,False,False,392180.5926771758,False,False,False,False
2024-06-21 00:00:00+00:00,32.2226035235,32.5688762778,31.9917550206,32.4053585883,171613,,,,,,,,,,,,,,,,,,,,,,,36.04526272405391,"rgba(239, 83, 80, 1.0)",0.0,0.0,4.137119645031501,31.953997565847942,0.06492583746632521,0.0,0.0,0.0,0.0,0.0,0.0,0.0,0.0,38.717761584160655,-7.258626203366745,False,True,False,True,False,0.0,1,0.8837486031479774,0.8955141036185523,False,False,False,False,-0.09606764502530377,-0.07255938368699064,False,False,False,False,10125613,10554217.693401566,False,False,False,False,383530.88316042384,False,False,False,False
2024-06-24 00:00:00+00:00,32.4823080892,32.9824798454,32.0302297711,32.0398484587,167427,,,,,,,,,,,,,,,,,,,,,,,36.04304181687987,"rgba(239, 83, 80, 1.0)",0.0,0.0,4.071995511902591,31.949828095042626,0.13076635094535635,0.0,0.0,0.0,0.0,0.0,0.0,0.0,0.0,38.23025425641556,-7.921912580715926,False,True,False,True,False,0.0,1,0.8794447921672808,0.8952100438119031,False,False,False,False,-0.08633457576631719,-0.0794469797266539,False,False,False,False,10293040,10543975.43091523,False,False,False,False,375056.22107570135,False,False,False,False
2024-06-25 00:00:00+00:00,31.517553721,32.0974535135,31.4209037556,31.8944885861,214744,,,,,,,,,,,,,,,,,,,,,,,36.039539539729454,"rgba(239, 83, 80, 1.0)",0.0,0.0,4.000248993244994,31.940988557167977,-0.10585211992628697,0.0,0.0,0.0,0.0,0.0,0.0,0.0,0.0,36.37690453397611,-9.8497695319235,False,True,False,True,False,0.0,0,0.8884572851014815,0.8938914532284826,False,False,False,False,-0.11857984347348034,-0.09901341160006713,False,False,False,False,10078296,10525713.492447967,False,False,False,False,368769.4673080268,False,False,False,False
2024-06-26 00:00:00+00:00,31.4788937349,31.7205186484,31.2952588006,31.6335336795,199316,,,,,,,,,,,,,,,,,,,,,,,36.0361596310546,"rgba(239, 83, 80, 1.0)",0.0,0.0,3.9291292608591193,31.932346765948164,-0.11540802069439007,0.0,0.0,0.0,0.0,0.0,0.0,0.0,0.0,35.082579128052636,-11.192790227722888,False,True,False,True,False,0.0,0,0.890705479902981,0.8917307336796575,False,False,False,False,-0.12947662703207777,-0.11424501931607245,False,False,False,False,9878980,10500351.394704908,False,False,False,False,362124.2332959473,False,False,False,False
2024-06-27 00:00:00+00:00,29.748859354,30.7540189943,29.6909660247,30.7540189943,481398,,,,,,,,,,,,,,,,,,,,,,,36.02544463280235,"rgba(239, 83, 80, 1.0)",0.0,0.0,3.900834869915786,31.898491295120408,-0.5510697101533076,0.0,0.0,0.0,0.0,0.0,0.0,0.0,0.0,31.946623131084905,-14.204694694141153,False,True,False,True,False,0.0,0,0.8884748601127337,0.8807142910101708,False,False,False,False,-0.1857552428639584,-0.15000013109001542,False,False,False,False,9397582,10457105.53608903,False,False,False,False,366801.6359117925,False,False,False,False
2024-06-28 00:00:00+00:00,29.3429294992,29.9614892779,29.1882895546,29.9034992986,257954,,,,,,,,,,,,,,,,,,,,,,,36.01917419497278,"rgba(239, 83, 80, 1.0)",0.0,0.0,3.909502316716553,31.878297700468284,-0.6485143109974281,0.0,0.0,0.0,0.0,0.0,0.0,0.0,0.0,29.416244922238427,-16.54496899422368,False,True,False,True,False,0.0,0,0.8839204056917169,0.8866161491582143,False,False,False,False,-0.2145340542206739,-0.18226709265534466,False,False,False,False,9139628,10405439.750360047,False,False,False,False,362533.1011701536,False,False,False,False
2024-07-01 00:00:00+00:00,29.4782394508,30.106464226,29.3332645027,29.7391943574,301461,,,,,,,,,,,,,,,,,,,,,,,36.01202037171195,"rgba(239, 83, 80, 1.0)",0.0,0.0,3.921879730089084,31.856388166435373,-0.6063798176649731,0.0,0.0,0.0,0.0,0.0,0.0,0.0,0.0,28.195592474887107,-17.644072303307922,False,True,False,True,False,0.0,0,0.883780520889682,0.8934828297267945,False,False,False,False,-0.20806267106416387,-0.19516488185975428,False,False,False,False,9441089,10367622.07387534,False,False,False,False,360138.11681053974,False,False,False,False
2024-07-02 00:00:00+00:00,29.9131642952,29.9228292917,29.0626445995,29.4009194785,247114,,,,,,,,,,,,,,,,,,,,,,,36.006162268104106,"rgba(239, 83, 80, 1.0)",0.0,0.0,3.914711296961891,31.677975065637902,-0.45081505034803615,0.0,0.0,0.0,0.0,0.0,0.0,0.0,0.0,28.90062225217165,-17.644072303307922,False,True,False,True,False,0.0,0,0.8879385790037958,0.8914534136345521,False,False,False,False,-0.28700483801245436,-0.24108485993610432,False,False,False,False,9688203,10340978.188625326,False,False,False,False,355705.79850424407,False,False,False,False
2024-07-03 00:00:00+00:00,31.7591786346,31.9631100616,30.7346890012,30.7636839908,461009,,,,,,,,,,,,,,,,,,,,,,,35.99843100821813,"rgba(239, 83, 80, 0.75)",0.0,0.0,3.8897958562511263,31.723976872693925,0.009049771043769675,0.0,0.0,0.0,0.0,0.0,0.0,0.0,0.0,34.5442078933269,-20.016855827909644,False,True,False,True,True,0.0,0,0.8936330730579539,0.8965754442148932,False,False,False,False,-0.23839390373565328,-0.23973938183587878,False,False,False,False,10149212,10333457.945934137,False,False,False,False,359835.3358178031,False,False,False,False
2024-07-05 00:00:00+00:00,30.5220590773,30.623541541,29.8551743159,30.5897140531,305474,,,,,,,,,,,,,,,,,,,,,,,35.992018557128766,"rgba(239, 83, 80, 0.75)",0.0,0.0,3.8798724652268417,31.700766842951953,-0.3038006471130331,0.0,0.0,0.0,0.0,0.0,0.0,0.0,0.0,36.15214703191303,-18.675334681856743,False,True,False,True,True,0.0,0,0.8500013862900339,0.9127519330023216,False,False,False,False,-0.3000695596868438,-0.26990447076136126,False,False,False,False,9843738,10314253.242172014,False,False,False,False,357703.51872690883,False,False,False,False
2024-07-08 00:00:00+00:00,29.9131642952,29.9663217762,29.5942194093,29.9518242813,146336,,,,,,,,,,,,,,,,,,,,,,,35.988675963382974,"rgba(239, 83, 80, 0.75)",0.0,0.0,3.8727142576628273,31.68666137967964,-0.4579467955763772,0.0,0.0,0.0,0.0,0.0,0.0,0.0,0.0,36.293241933958456,-18.596913468858464,False,True,False,True,True,0.0,0,0.8265904431455718,0.9229788355780487,False,False,False,False,-0.3262258707109013,-0.29806517073613126,False,False,False,False,9697402,10290062.997380955,False,False,False,False,349414.5964238928,False,False,False,False
2024-07-09 00:00:00+00:00,31.391908766,31.4498987452,29.9614892779,29.9614892779,434267,,,,,,,,,,,,,,,,,,,,,,,35.980559967081625,"rgba(239, 83, 80, 0.75)",0.0,0.0,3.8675854555664704,31.675507024231457,-0.07332695333810525,0.0,0.0,0.0,0.0,0.0,0.0,0.0,0.0,39.7553645369489,-15.330986827877268,False,True,False,True,True,0.0,0,0.8390419413628477,0.9034632108190354,False,False,False,False,-0.27390216697121234,-0.28598366885367177,False,False,False,False,10131669,10283851.468071898,False,False,False,False,352742.1416621715,False,False,False,False
2024-07-10 00:00:00+00:00,31.2565988144,31.6431986761,30.927988932,31.2372688213,483984,,,,,,,,,,,,,,,,,,,,,,,35.97215552491575,"rgba(239, 83, 80, 0.75)",0.0,0.0,3.8525671552161223,31.668635940346228,-0.10695131566710168,0.0,0.0,0.0,0.0,0.0,0.0,0.0,0.0,41.81787927922716,-13.435307972050126,False,True,False,True,True,0.0,0,0.8316952161232419,0.9131101464241765,False,False,False,False,-0.24186129106935492,-0.26392247996151336,False,False,False,False,9647685,10258903.763441628,False,False,False,False,357888.8812048315,False,False,False,False
2024-07-11 00:00:00+00:00,32.7546732783,33.2475881019,32.087788517,32.3680734167,727290,,,,,,,,,,,,,,,,,,,,,,,35.96338613151877,#000000,0.0,0.0,3.8207293401842715,31.691921414441843,0.27815418712881074,0.0,0.0,0.0,0.0,0.0,0.0,0.0,0.0,46.09785843510675,-9.481930132216064,False,True,False,False,True,0.7476800561373089,0,0.8432287957461968,0.8877018242436524,False,False,False,False,-0.16729895257353794,-0.21561071626752565,False,False,False,False,10374975,10263455.576639995,False,False,False,False,372375.19958895573,False,False,False,False
2024-07-12 00:00:00+00:00,33.1316081434,34.3977226903,33.0639531676,33.9917928356,498453,,,,,,,,,,,,,,,,,,,,,,,35.95893129584096,#000000,0.0,0.0,3.7823943904838133,31.769763180093303,0.36004837748622553,0.0,0.0,0.0,0.0,0.0,0.0,0.0,0.0,49.59677011072952,-6.346406772167846,False,False,False,False,True,1.3790168560651637,0,0.8752196404733199,0.862039620702827,False,False,False,False,-0.11121345139647339,-0.1634120838319995,False,False,False,False,10873428,10287376.063830584,False,False,False,False,377319.4270560555,False,False,False,False
2024-07-15 00:00:00+00:00,30.9086589389,31.6576961709,30.802343977,31.6142036864,615567,,,,,,,,,,,,,,,,,,,,,,,35.94801751793962,#000000,0.0,0.0,3.750318874855002,31.682812068645166,-0.20642328174696795,0.0,0.0,0.0,0.0,0.0,0.0,0.0,0.0,47.83618150414384,-6.346406772167846,False,False,False,False,True,0.0,0,0.864857478266097,0.8791988580320623,False,False,False,False,-0.24490988745847322,-0.20416098564523638,False,False,False,False,10257861,10286218.610347033,False,False,False,False,386662.4691322886,False,False,False,False
2024-07-16 00:00:00+00:00,30.6187090427,30.8410039631,30.0581392433,30.2514391741,405651,,,,,,,,,,,,,,,,,,,,,,,35.939936209649346,#000000,0.0,0.0,3.721514548531218,31.64095139372199,-0.27468449677979684,0.0,0.0,0.0,0.0,0.0,0.0,0.0,0.0,46.216480641782,-6.346406772167846,False,False,False,False,False,0.0,0,0.8392275785274893,0.9325176638361002,False,False,False,False,-0.28822645316823736,-0.24619371940673687,False,False,False,False,9852210,10269198.664843228,False,False,False,False,387407.11740161065,False,False,False,False
2024-07-17 00:00:00+00:00,29.9614892779,30.57038406,29.7198643643,30.57038406,380297,,,,,,,,,,,,,,,,,,,,,,,35.931795040215206,"rgba(239, 83, 80, 1.0)",0.0,0.0,3.7053166794133063,31.603203733627815,-0.4430699445607875,0.0,0.0,0.0,0.0,0.0,0.0,0.0,0.0,44.13378203032806,-6.346406772167846,False,True,False,True,False,0.0,0,0.8044905778577126,0.9421349267982334,False,False,False,False,-0.3054050044122892,-0.27579936190951304,False,False,False,False,9471913,10237932.560339572,False,False,False,False,387128.28926821414,False,False,False,False
2024-07-18 00:00:00+00:00,29.2076195477,30.5220590773,29.052979603,29.9904842675,244971,,,,,,,,,,,,,,,,,,,,,,,35.92612468642186,"rgba(239, 83, 80, 1.0)",0.0,0.0,3.7160652142438675,31.576798911120296,-0.6375505344575526,0.0,0.0,0.0,0.0,0.0,0.0,0.0,0.0,41.66399851071603,-1.8590952704135617,False,True,False,True,False,0.0,0,0.7905080730326564,0.9457714732437299,False,False,False,False,-0.3258095942397351,-0.30080447807462407,False,False,False,False,9226942,10198285.871698806,False,False,False,False,381553.49361063715,False,False,False,False
2024-07-19 00:00:00+00:00,28.7726947033,29.1108729323,28.6567147448,28.8983396583,204278,,,,,,,,,,,,,,,,,,,,,,,35.92084674875965,"rgba(239, 83, 80, 1.0)",0.0,0.0,3.7358101683767706,31.549759462946156,-0.7433634565143883,0.0,0.0,0.0,0.0,0.0,0.0,0.0,0.0,39.41783679291291,-4.03688765473504,False,True,False,True,False,0.0,0,0.7944792643042774,0.9525145616062132,False,False,False,False,-0.34282825441539394,-0.321816366245009,False,False,False,False,9022664,10152183.053200815,False,False,False,False,374601.51346904354,False,False,False,False
2024-07-22 00:00:00+00:00,30.2031141914,30.4930640876,29.8290788253,30.0484742468,510839,,,,,,,,,,,,,,,,,,,,,,,35.91015444970408,"rgba(239, 83, 80, 1.0)",0.0,0.0,3.7333586201826265,31.519400984479468,-0.3525744314954338,0.0,0.0,0.0,0.0,0.0,0.0,0.0,0.0,41.185764548768915,-4.03688765473504,False,True,False,True,False,0.0,0,0.8159249243505245,0.9357024875778072,False,False,False,False,-0.2735604729802739,-0.2976884196126415,False,False,False,False,9533503,10127921.090330197,False,False,False,False,379944.1599996693,False,False,False,False
2024-07-23 00:00:00+00:00,29.1013045857,29.2559445304,28.6180547586,28.8596796722,250881,,,,,,,,,,,,,,,,,,,,,,,35.90383738458146,"rgba(239, 83, 80, 1.0)",0.0,0.0,3.736709476745129,31.494028198821503,-0.6403290456516015,0.0,0.0,0.0,0.0,0.0,0.0,0.0,0.0,40.678065912588416,-4.03688765473504,False,True,False,True,False,0.0,0,0.7864404650050422,0.957830068371073,False,False,False,False,-0.3398830434320013,-0.31878573152232137,False,False,False,False,9282622,10094772.10639568,False,False,False,False,374882.8596075254,False,False,False,False
2024-07-24 00:00:00+00:00,27.9415050008,29.0143196168,27.8931800181,28.4440848209,468418,,,,,,,,,,,,,,,,,,,,,,,35.89086740822875,"rgba(239, 83, 80, 1.0)",0.0,0.0,3.7594744426727513,31.438705584104344,-0.9302365627515887,0.0,0.0,0.0,0.0,0.0,0.0,0.0,0.0,38.80845278154149,-4.877723750551631,False,True,False,True,False,0.0,0,0.772626798006208,0.9625097915736542,False,False,False,False,-0.34282825441539394,-0.3308069929688576,False,False,False,False,8814204,10044553.749282125,False,False,False,False,378550.90432879893,False,False,False,False
2024-07-25 00:00:00+00:00,27.409930191,28.0574849593,27.3519402117,27.5839001287,346943,,,,,,,,,,,,,,,,,,,,,,,35.8804376100639,"rgba(239, 83, 80, 1.0)",0.0,0.0,3.795179971274468,31.393357855346675,-1.0496017829186084,0.0,0.0,0.0,0.0,0.0,0.0,0.0,0.0,36.91714741881907,-6.865694438186658,False,True,False,True,False,0.0,0,0.7509253339159917,1.0123264497160973,False,False,False,False,-0.34282825441539394,-0.33681762369212576,False,False,False,False,8467261,9982699.131663218,False,False,False,False,377311.37866884604,False,False,False,False
2024-07-26 00:00:00+00:00,27.767535063,28.0574849593,27.0813203086,27.3616052083,163836,,,,,,,,,,,,,,,,,,,,,,,35.875538724553756,"rgba(239, 83, 80, 1.0)",0.0,0.0,3.8337481386228114,31.373317144947528,-0.9405370284034423,0.0,0.0,0.0,0.0,0.0,0.0,0.0,0.0,36.530495961067,-7.459952476287434,False,True,False,True,False,0.0,0,0.7510337933638531,1.0080851729015075,False,False,False,False,-0.34282825441539394,-0.3398229390537598,False,False,False,False,8631097,9929695.126499956,False,False,False,False,368939.7951916364,False,False,False,False
2024-07-29 00:00:00+00:00,27.8351900388,28.0574849593,27.5935651253,27.7868650561,424451,,,,,,,,,,,,,,,,,,,,,,,35.863171275920095,"rgba(239, 83, 80, 1.0)",0.0,0.0,3.86860413336489,31.32709362493398,-0.9026262356538252,0.0,0.0,0.0,0.0,0.0,0.0,0.0,0.0,36.446109202486625,-7.848410229190634,False,True,False,True,False,0.0,0,0.7512353737159305,1.0206019073454915,False,False,False,False,-0.3299614909403479,-0.33489221499705385,False,False,False,False,9055548,9895414.847029371,False,False,False,False,371116.7051841213,False,False,False,False
2024-07-30 00:00:00+00:00,26.9170153674,27.3229452221,26.7623754227,27.303615229,244250,,,,,,,,,,,,,,,,,,,,,,,35.85534002027322,"rgba(239, 83, 80, 1.0)",0.0,0.0,3.9246271892881617,31.295608608366347,-1.1156711274174613,0.0,0.0,0.0,0.0,0.0,0.0,0.0,0.0,35.08585814300328,-9.464953017783529,False,True,False,True,False,0.0,0,0.7223996261335273,1.0570946916673676,False,False,False,False,-0.34282825441539394,-0.3388602347062239,False,False,False,False,8811298,9852900.460871357,False,False,False,False,366141.54027494014,False,False,False,False
2024-07-31 00:00:00+00:00,27.8351900388,28.8016896929,27.7965300526,28.4150898313,376021,,,,,,,,,,,,,,,,,,,,,,,35.844864612700974,"rgba(239, 83, 80, 1.0)",0.0,0.0,3.929929213970323,31.262926136924694,-0.8722131904919798,0.0,0.0,0.0,0.0,0.0,0.0,0.0,0.0,36.5696944279011,-9.464953017783529,False,True,False,True,False,0.0,0,0.6984317133059582,1.0516058943961843,False,False,False,False,-0.28021328333682133,-0.3095367590215226,False,False,False,False,9187319,9826799.227111697,False,False,False,False,366528.97006807977,False,False,False,False
2024-08-01 00:00:00+00:00,26.5594104954,27.8158600457,26.4724255265,27.7288750769,330707,,,,,,,,,,,,,,,,,,,,,,,35.834248706366765,"rgba(239, 83, 80, 1.0)",0.0,0.0,3.9561739770742443,31.22385161401106,-1.1790283100897923,0.0,0.0,0.0,0.0,0.0,0.0,0.0,0.0,35.72082656200219,-9.464953017783529,False,True,False,True,False,0.0,0,0.6822068690599764,1.0515941997297753,False,False,False,False,-0.3368248714935451,-0.32318081525753384,False,False,False,False,8856612,9788752.669185748,False,False,False,False,365124.18692815513,False,False,False,False
2024-08-02 00:00:00+00:00,25.9505157133,26.0278356856,25.3609509242,25.8055407651,536038,,,,,,,,,,,,,,,,,,,,,,,35.81483748602109,"rgba(239, 83, 80, 1.0)",0.0,0.0,3.980461818104544,31.146614275587723,-1.30540093077995,0.0,0.0,0.0,0.0,0.0,0.0,0.0,0.0,34.381160274462744,-10.772285874416482,False,True,False,True,False,0.0,0,0.6913609033378518,1.058451934110506,False,False,False,False,-0.34282825441539394,-0.33300453483646386,False,False,False,False,8320574,9731177.035100034,False,False,False,False,371826.6894015608,False,False,False,False
2024-08-05 00:00:00+00:00,26.250130606,26.4144355472,24.2204813324,24.2204813324,836665,,,,,,,,,,,,,,,,,,,,,,,35.784234276673075,"rgba(239, 83, 80, 1.0)",0.0,0.0,3.9939519250621958,30.701931155379818,-1.114635487083509,0.0,0.0,0.0,0.0,0.0,0.0,0.0,0.0,34.29883002913478,-11.106815641256354,False,True,False,True,False,0.0,0,0.6861477851593537,1.0475068653767878,False,False,False,False,-0.34282825441539394,-0.33791639462592893,False,False,False,False,9157239,9708669.661174541,False,False,False,False,390055.64275836234,False,False,False,False
2024-08-06 00:00:00+00:00,26.8686903847,27.2262952567,25.766880779,25.8055407651,423905,,,,,,,,,,,,,,,,,,,,,,,35.77030702075475,"rgba(239, 83, 80, 1.0)",0.0,0.0,4.002613770164956,30.67711594920098,-0.9514846505772225,0.0,0.0,0.0,0.0,0.0,0.0,0.0,0.0,35.88675958571055,-11.106815641256354,False,True,False,True,False,0.0,0,0.7403672092652122,1.0111051802129079,False,False,False,False,-0.26630695833325935,-0.30211167647959414,False,False,False,False,9581144,9703668.65485397,False,False,False,False,391383.06853254425,False,False,False,False
2024-08-07 00:00:00+00:00,26.3951055542,27.6902150907,26.2694605991,27.6322251114,141417,,,,,,,,,,,,,,,,,,,,,,,35.765753490358215,"rgba(239, 83, 80, 1.0)",0.0,0.0,4.015106957763763,30.668421943960254,-1.0643094778576714,0.0,0.0,0.0,0.0,0.0,0.0,0.0,0.0,36.17348341493954,-11.106815641256354,False,True,False,True,False,0.0,0,0.755213926948934,0.9800587991671997,False,False,False,False,-0.23585039608186872,-0.26898103628073144,False,False,False,False,9439727,9693318.001722442,False,False,False,False,381580.47760969936,False,False,False,False
2024-08-08 00:00:00+00:00,27.8158600457,27.8351900388,26.8590253881,26.946010357,194649,,,,,,,,,,,,,,,,,,,,,,,35.75999424637469,"rgba(239, 83, 80, 0.75)",0.0,0.0,4.035347410922346,30.663415487002673,-0.7056531077337448,0.0,0.0,0.0,0.0,0.0,0.0,0.0,0.0,39.8144537595322,-14.427748211672991,False,True,False,True,True,0.0,0,0.7569400453464166,0.9783989894689069,False,False,False,False,-0.2006283746054827,-0.23480470544310705,False,False,False,False,9634376,9691006.550674504,False,False,False,False,374249.83142892685,False,False,False,False
2024-08-09 00:00:00+00:00,27.4002651944,27.5839001287,27.0233303293,27.4969151599,104859,,,,,,,,,,,,,,,,,,,,,,,35.75683213808196,"rgba(239, 83, 80, 0.5)",0.0,0.0,4.078376577174339,30.65902505773757,-0.7990335864461462,0.0,0.0,0.0,0.0,0.0,0.0,0.0,0.0,41.456597925013,-12.82935236265046,False,False,False,True,True,0.0,0,0.7710979390330902,0.9617482645415707,False,False,False,False,-0.20357452797714276,-0.2191896167101249,False,False,False,False,9529517,9684673.627118642,False,False,False,False,363685.48509838065,False,False,False,False
2024-08-12 00:00:00+00:00,27.9028450146,28.2120282539,27.6128951184,27.6322251114,155082,,,,,,,,,,,,,,,,,,,,,,,35.75247802008998,"rgba(239, 83, 80, 0.5)",0.0,0.0,4.117847999166712,30.65653116895652,-0.6687197183853689,0.0,0.0,0.0,0.0,0.0,0.0,0.0,0.0,43.700396818148405,-10.683863311270592,False,False,False,True,True,0.0,0,0.7682429184574097,0.9625941331902079,False,False,False,False,-0.15867756220659085,-0.18893358945835786,False,False,False,False,9684599,9684670.70056497,False,False,False,False,355504.9562709932,False,False,False,False
2024-08-13 00:00:00+00:00,27.9028450146,27.9511699973,27.4021015438,27.8158600457,152076,,,,,,,,,,,,,,,,,,,,,,,35.748127496271366,"rgba(239, 83, 80, 0.5)",0.0,0.0,4.156234949827445,30.652007606037778,-0.6614550487700207,0.0,0.0,0.0,0.0,0.0,0.0,0.0,0.0,45.19626274690535,-9.2591385964231,True,False,False,True,True,0.0,0,0.7943292032428246,0.963945752766312,False,False,False,False,-0.17480722044551678,-0.18187040495193732,False,False,False,False,9684599,9684667.888778107,False,False,False,False,347527.350142719,False,False,False,False
2024-08-14 00:00:00+00:00,26.6463954642,27.6708850976,26.2211356164,27.3906001979,296970,,,,,,,,,,,,,,,,,,,,,,,35.73868458877979,"rgba(239, 83, 80, 0.5)",0.0,0.0,4.211694464566812,30.629357042896032,-0.9456910068393798,0.0,0.0,0.0,0.0,0.0,0.0,0.0,0.0,43.64361920225849,-9.2591385964231,True,False,False,True,True,0.0,0,0.772091940298083,0.9780452425241466,False,False,False,False,-0.22539632873616627,-0.2036333668440518,False,False,False,False,9387629,9673019.304904455,False,False,False,False,345544.7089606516,False,False,False,False
2024-08-15 00:00:00+00:00,27.5065801564,27.8115107973,27.0040003363,27.0619903155,454844,,,,,,,,,,,,,,,,,,,,,,,35.72522485897363,"rgba(239, 83, 80, 0.5)",0.0,0.0,4.250813155764874,30.606218006187817,-0.7291870369753013,0.0,0.0,0.0,0.0,0.0,0.0,0.0,0.0,44.72501158537821,-9.2591385964231,True,False,False,True,True,0.0,1,0.7740631317989087,0.9614915229860093,False,False,False,False,-0.1933086900713083,-0.19847102845768005,False,False,False,False,9842473,9679664.54784938,False,False,False,False,349830.95566807705,False,False,False,False
2024-08-16 00:00:00+00:00,28.6470497483,28.7823596998,27.99949498,27.99949498,264921,,,,,,,,,,,,,,,,,,,,,,,35.71838289340226,#000000,0.0,0.0,4.274188863268722,30.603041629866954,-0.4576287908979048,0.0,0.0,0.0,0.0,0.0,0.0,0.0,0.0,47.831551174811224,-6.817536780042623,True,False,False,False,True,0.0,1,0.7779269771071811,0.9536939125154864,False,False,False,False,-0.1261932436121712,-0.16233213603492563,False,False,False,False,10107394,9696438.251855288,False,False,False,False,346501.1534850152,False,False,False,False
2024-08-19 00:00:00+00:00,29.3622594923,29.4975694439,28.9080046549,28.9563296376,305479,,,,,,,,,,,,,,,,,,,,,,,35.711357084194205,"rgba(38, 166, 154, 1.0)",0.0,0.0,4.289533401825845,30.468789124190494,-0.2579603719648147,0.0,0.0,0.0,0.0,0.0,0.0,0.0,0.0,51.2053905161132,-3.6898871656774617,True,False,True,False,True,0.0,0,0.7843681455435348,0.9460327992411147,False,False,False,False,-0.0511444689006412,-0.10673830246778342,False,False,False,False,10412873,9724533.732174689,False,False,False,False,344892.44158364204,False,False,False,False
2024-08-20 00:00:00+00:00,26.8880203778,28.3087748693,26.7430454296,28.3087748693,697578,,,,,,,,,,,,,,,,,,,,,,,35.690559430448346,#000000,0.0,0.0,4.300292106302691,30.358930735326275,-0.8071336252807482,0.0,0.0,0.0,0.0,0.0,0.0,0.0,0.0,48.73124774878042,-3.6898871656774617,True,False,False,False,True,0.0,0,0.7847250799959526,0.9483776207822808,False,False,False,False,-0.1731818065311009,-0.13996005449944215,False,False,False,False,9715295,9724171.428952154,False,False,False,False,358723.24779604824,False,False,False,False
2024-08-21 00:00:00+00:00,27.7095450838,27.8545200319,26.8107004054,27.1103152982,771745,,,,,,,,,,,,,,,,,,,,,,,35.66806636138869,#000000,0.0,0.0,4.273177710050209,30.30775031508129,-0.6080264869795837,0.0,0.0,0.0,0.0,0.0,0.0,0.0,0.0,48.61808428434592,-3.6898871656774617,True,False,False,False,False,0.0,1,0.7891781622893193,0.9540581310019035,False,False,False,False,-0.18751387798380617,-0.16373696624162415,False,False,False,False,10487040,9754087.84350305,False,False,False,False,374920.17925502674,False,False,False,False
2024-08-22 00:00:00+00:00,26.7430454296,27.7137010323,26.5111821626,27.641890108,746901,,,,,,,,,,,,,,,,,,,,,,,35.645177344738634,#000000,0.0,0.0,4.265544427248574,30.24820039323287,-0.8217368318195717,0.0,0.0,0.0,0.0,0.0,0.0,0.0,0.0,46.995425503365624,-3.6898871656774617,True,False,False,False,False,0.0,1,0.7788304422389086,0.9579809956933252,False,False,False,False,-0.20393173689846,-0.18383435157004208,False,False,False,False,9740139,9753540.830032343,False,False,False,False,389507.6624214963,False,False,False,False
2024-08-23 00:00:00+00:00,27.2649552429,27.4872501633,26.8396953951,27.1489752844,1122895,,,,,,,,,,,,,,,,,,,,,,,35.61181360491647,#000000,0.0,0.0,4.2727431271355965,30.181067477801623,-0.6824918203909331,0.0,0.0,0.0,0.0,0.0,0.0,0.0,0.0,46.92435456324588,-3.6898871656774617,True,False,False,False,False,0.0,1,0.7805131972342992,0.9572743089656006,False,False,False,False,-0.20011701464745216,-0.19197568310874713,False,False,False,False,10863034,9797050.366109507,False,False,False,False,418267.9501696729,False,False,False,False
2024-08-26 00:00:00+00:00,25.5059258724,25.5832458447,24.8680361006,25.3706159208,985795,,,,,,,,,,,,,,,,,,,,,,,35.57625025839055,"rgba(239, 83, 80, 0.5)",0.0,0.0,4.312674558470178,30.061367232694767,-1.0562914726194192,0.0,0.0,0.0,0.0,0.0,0.0,0.0,0.0,44.2796431963653,-0.6704379086480685,True,False,False,True,False,0.0,1,0.7625862656937935,0.974792888219341,False,False,False,False,-0.34282825441539394,-0.26740196876207056,False,False,False,False,9877239,9800195.01841894,False,False,False,False,440523.91290811705,False,False,False,False
2024-08-27 00:00:00+00:00,25.4479358931,26.2018056233,25.4189409035,26.0278356856,258767,,,,,,,,,,,,,,,,,,,,,,,35.56729143666074,"rgba(239, 83, 80, 0.5)",0.0,0.0,4.328629181262473,30.036117425459274,-1.059961789339761,0.0,0.0,0.0,0.0,0.0,0.0,0.0,0.0,42.438472669664364,-2.5044542806805623,False,False,False,True,False,0.0,1,0.7848551986163202,0.9518373121556661,False,False,False,False,-0.29270762318814225,-0.2800547959751064,False,False,False,False,9618472,9793068.625539765,False,False,False,False,433396.19083328894,False,False,False,False
2024-08-28 00:00:00+00:00,23.89187145,25.0226760453,23.7758914915,24.8873660937,894862,,,,,,,,,,,,,,,,,,,,,,24.230146328933333,35.53187604133742,"rgba(239, 83, 80, 1.0)",0.0,0.0,4.374019434620596,29.538631355800227,-1.290977324221704,1.0,25.022676,23.775892,0.0,0.0,0.0,0.0,0.0,39.266306254016826,-5.547779583439244,False,True,False,True,False,0.0,0,0.7681700731640558,0.9671232733284684,True,False,False,False,-0.34282825441539394,-0.31144152519525015,False,False,False,False,8723610,9751129.071597029,False,False,False,False,451492.88923198346,True,False,False,False
2024-08-29 00:00:00+00:00,25.071001028,25.2546359623,24.8873660937,24.9066960868,553782,,,,,,,,,,,,,,,,,,,,,,24.551584996375805,35.51169235845228,"rgba(239, 83, 80, 0.5)",0.0,0.0,4.324863200345144,29.500199578012808,-1.0241245433287547,0.0,0.0,0.0,0.0,0.0,0.0,0.0,0.0,39.64432490285304,-5.547779583439244,False,False,False,True,False,0.0,0,0.7760871938609388,0.9474919723288278,False,False,False,False,-0.29038696664211755,-0.3009142459186839,False,False,False,False,9277392,9732551.147220675,False,False,False,False,455504.2269091606,False,False,False,False
2024-08-30 00:00:00+00:00,25.6992258032,26.2734232477,25.3999008603,26.1921406268,470153,,,,,,,,,,,,,,,,,,,,,,24.85523574490856,35.49579496746583,"rgba(239, 83, 80, 0.5)",0.0,0.0,4.275472835714354,29.481201997219785,-0.8845749556464867,0.0,0.0,0.0,0.0,0.0,0.0,0.0,0.0,41.11478932451318,-5.547779583439244,False,False,False,True,False,0.0,0,0.7830974740187623,0.9332942835450052,False,False,False,False,-0.23243475459066212,-0.266674500254673,False,False,False,False,9747545,9733139.141447315,False,False,False,False,456078.6885989974,False,False,False,False
2024-09-03 00:00:00+00:00,25.3222909381,25.4672658862,24.8197111179,25.1289910073,433690,,,,,,,,,,,,,,,,,,,,,,24.919363884366152,35.48029120739323,"rgba(239, 83, 80, 0.5)",0.0,0.0,4.199616540198198,29.446743010346903,-0.9821020640261248,0.0,0.0,0.0,0.0,0.0,0.0,0.0,0.0,41.523781219548745,-5.547779583439244,False,False,False,True,False,0.0,0,0.7853552692969066,0.9268830224162675,False,False,False,False,-0.2848241761512654,-0.2757493382029692,False,False,False,False,9313855,9716696.62609644,False,False,False,False,455200.70081080147,False,False,False,False
2024-09-04 00:00:00+00:00,25.2739659554,25.7283174428,25.1579859969,25.534920862,161390,,,,,,,,,,,,,,,,,,,,,,24.94937032008034,35.474636571949944,"rgba(239, 83, 80, 0.5)",0.0,0.0,4.040301300977413,29.43539777364951,-1.0299805653709022,0.0,0.0,0.0,0.0,0.0,0.0,0.0,0.0,41.71942909868287,-5.547779583439244,False,False,False,True,False,0.0,0,0.788821432752414,0.9288661825846138,False,False,False,False,-0.2620046057028672,-0.2688769719529182,False,False,False,False,9152465,9694569.895661285,False,False,False,False,443678.71254371124,False,False,False,False
2024-09-05 00:00:00+00:00,25.3126259415,25.7475507859,25.2159759761,25.409275907,112317,,,,,,,,,,,,,,,,,,,,,,24.969728471392038,35.470720103212784,"rgba(239, 83, 80, 0.5)",0.0,0.0,3.850315363566212,29.4276901175569,-1.0687602929868776,0.0,0.0,0.0,0.0,0.0,0.0,0.0,0.0,41.942075184174215,-5.547779583439244,False,False,False,True,False,0.0,0,0.8039111066991654,0.9199259222513105,False,False,False,False,-0.25908407069012573,-0.26398052132152194,False,False,False,False,9264782,9677715.468380451,False,False,False,False,430684.13558121276,False,False,False,False
2024-09-06 00:00:00+00:00,24.8680361006,25.3609509242,24.7629775882,25.3222909381,240854,,,,,,,,,,,,,,,,,,,,,,24.972046500383705,35.46197441263616,"rgba(239, 83, 80, 0.5)",0.0,0.0,3.6830624303825683,29.406536578028028,-1.2322627061623286,0.0,0.0,0.0,0.0,0.0,0.0,0.0,0.0,41.285061724473614,-5.547779583439244,False,False,False,True,False,0.0,0,0.7992142487018578,0.9203019264856277,False,False,False,False,-0.2910816819391408,-0.27753110163033134,False,False,False,False,9023928,9652076.744130237,False,False,False,False,423239.81653881224,False,False,False,False
2024-09-09 00:00:00+00:00,25.0420060384,25.2159759761,24.5780862044,24.7327261491,228922,,,,,,,,,,,,,,,,,,,,,,24.97007295864229,35.453634303986234,"rgba(239, 83, 80, 0.5)",0.0,0.0,3.570737708067419,29.38628170364341,-1.216632533783796,0.0,0.0,0.0,0.0,0.0,0.0,0.0,0.0,41.326277708106495,-5.547779583439244,False,False,False,True,False,0.0,0,0.8127607876260926,0.917231837838867,False,False,False,False,-0.30381004521136734,-0.29067057342084934,False,False,False,False,9252850,9636420.793380033,False,False,False,False,415619.5100078784,False,False,False,False
2024-09-10 00:00:00+00:00,24.8583711041,25.0903310211,24.5490912148,25.0033460522,149983,,,,,,,,,,,,,,,,,,,,,,24.96372075954443,35.44811872115133,"rgba(239, 83, 80, 0.5)",0.0,0.0,3.4841337700422574,29.372505623022516,-1.2956260628499818,0.0,0.0,0.0,0.0,0.0,0.0,0.0,0.0,40.98030547163631,-5.547779583439244,False,False,False,True,False,0.0,0,0.8198020929559076,0.9060036443263517,False,False,False,False,-0.3098098626459363,-0.30024021803339285,False,False,False,False,9102867,9615497.115208268,False,False,False,False,405202.3919683538,False,False,False,False
2024-09-11 00:00:00+00:00,25.3802809173,25.4769308827,24.7617211387,24.8680361006,250903,,,,,,,,,,,,,,,,,,,,,,24.981126856328004,35.439229006475735,"rgba(239, 83, 80, 0.5)",0.0,0.0,3.4380571426478723,29.353663914651897,-1.155705921249388,0.0,0.0,0.0,0.0,0.0,0.0,0.0,0.0,42.301931436271055,-5.547779583439244,False,False,False,True,True,0.0,0,0.8207391833016063,0.9019562519026028,False,False,False,False,-0.28667651732178984,-0.29345836767759137,False,False,False,False,9353770,9605233.306768728,False,False,False,False,399151.43542057526,False,False,False,False
2024-09-12 00:00:00+00:00,25.3996109104,25.4962608758,25.0516710349,25.3609509242,204499,,,,,,,,,,,,,,,,,,,,,,24.999620099693878,35.43207227037457,"rgba(239, 83, 80, 0.5)",0.0,0.0,3.390290925699521,29.339358797486465,-1.1620677910623776,0.0,0.0,0.0,0.0,0.0,0.0,0.0,0.0,43.24113947593044,-5.547779583439244,False,False,False,True,True,0.0,0,0.8287561611695414,0.897936606114543,False,False,False,False,-0.2748539972068051,-0.2841561824421982,False,False,False,False,9558269,9603391.569248386,False,False,False,False,391518.00658055267,False,False,False,False
2024-09-13 00:00:00+00:00,25.0903310211,25.1579859969,24.7907161283,25.0516710349,504973,,,,,,,,,,,,,,,,,,,,,,25.00122769371083,35.41391554679712,"rgba(239, 83, 80, 0.5)",0.0,0.0,3.3419082684814643,29.298874303111823,-1.259323399658768,0.0,0.0,0.0,0.0,0.0,0.0,0.0,0.0,43.07316994709472,-5.547779583439244,False,False,False,True,True,0.0,0,0.8017263057515044,0.9180021097128505,False,False,False,False,-0.2978313771913312,-0.29099377981676466,False,False,False,False,9053296,9581819.193983743,False,False,False,False,395967.22200876626,False,False,False,False
2024-09-16 00:00:00+00:00,25.3512859277,25.3899459139,25.1483210003,25.2449709657,151959,,,,,,,,,,,,,,,,,,,,,,25.01152347299112,35.40861270945182,"rgba(239, 83, 80, 0.5)",0.0,0.0,3.307248283129331,29.288529180124318,-1.1904891666309618,0.0,0.0,0.0,0.0,0.0,0.0,0.0,0.0,43.85288465215608,-5.547779583439244,False,False,False,True,True,0.0,0,0.8325394507626758,0.9071409149981524,False,False,False,False,-0.275222302758691,-0.2831080412877278,False,False,False,False,9205255,9567051.970690263,False,False,False,False,386398.2721260696,False,False,False,False
2024-09-17 00:00:00+00:00,26.0375006821,26.5787404884,25.8248707582,25.8731957409,348342,,,,,,,,,,,,,,,,,,,,,,25.095563910608018,35.397498405504614,#000000,0.0,0.0,3.23228020124155,29.27545858674918,-1.0017565628764027,0.0,0.0,0.0,0.0,1.0,25.4962608758,25.3899459139,0.0,46.53880187197184,-6.509176456718464,True,False,False,False,True,0.0,0,0.8510216962276551,0.8921767355828507,False,False,False,False,-0.2053502353469022,-0.24422913831731502,False,False,False,False,9553597,9566524.324780842,False,False,False,False,384905.8692975963,False,False,False,False
2024-09-18 00:00:00+00:00,25.7088907997,26.2597956026,25.4962608758,26.2018056233,238233,,,,,,,,,,,,,,,,,,,,,,25.13054516007167,35.38964578701966,#000000,0.0,0.0,3.1946446212696116,29.263673409409666,-1.1127317843250208,0.0,0.0,0.0,0.0,0.0,0.0,0.0,0.0,47.308377137218656,-5.744019162335007,True,False,False,False,True,0.0,0,0.8376662277938204,0.9231248286520446,False,False,False,False,-0.229350248040224,-0.23678969317876952,False,False,False,False,9315364,9556674.900279634,False,False,False,False,379153.99207023956,False,False,False,False
2024-09-19 00:00:00+00:00,28.0381549662,28.105809942,27.1876352705,27.535575146,1271700,,,,,,,,,,,,,,,,,,,,,,25.67196194891537,35.356468015840356,"rgba(38, 166, 154, 1.0)",0.0,0.0,3.135874591219251,29.277514217920036,-0.39521964787442704,0.0,0.0,0.0,0.0,0.0,0.0,0.0,0.0,53.19427435878423,-0.26689262512297063,True,False,True,False,True,0.0,0,0.8294871331221099,0.9036241628374061,False,False,False,False,-0.10065444980258131,-0.16872207149067542,False,False,False,False,10587064,9597082.315954942,False,False,False,False,414155.79630277917,False,False,False,False
2024-09-20 00:00:00+00:00,27.7482050699,28.4199223295,27.641890108,28.3957598382,506092,,,,,,,,,,,,,,,,,,,,,,25.842452932605426,35.343620856349794,"rgba(38, 166, 154, 1.0)",0.0,0.0,3.074901789298679,29.281934992510678,-0.49878988914325306,0.0,0.0,0.0,0.0,0.0,0.0,0.0,0.0,56.222478981801196,2.3212366091722814,True,False,True,False,True,0.0,0,0.8280772665344734,0.9229953202314264,False,False,False,False,-0.07327431034547152,-0.12099819091807347,False,False,False,False,10080972,9616058.381995926,False,False,False,False,417761.13762423885,False,False,False,False
2024-09-23 00:00:00+00:00,28.6663797414,29.2462795338,27.99949498,28.1348049316,617700,,,,,,,,,,,,,,,,,,,,,,26.077649952350697,35.329478384691924,"rgba(38, 166, 154, 1.0)",0.0,0.0,2.977598103625608,29.297559297168583,-0.21197607393692267,0.0,0.0,0.0,0.0,0.0,0.0,0.0,0.0,59.82475969911536,5.426087201559874,True,False,True,False,True,0.0,0,0.8178832018549106,0.9294479147016977,False,False,False,False,0.07825271547762337,-0.02137273772022505,False,False,False,False,10698672,9658513.817996085,False,False,False,False,425601.8773252491,False,False,False,False
2024-09-24 00:00:00+00:00,34.5770760311,34.7611512468,32.2131627356,32.6006895054,1901929,,,,,,,,,,,,,,,,,,,,,,27.677183226698347,35.31993670363429,"rgba(38, 166, 154, 1.0)",0.0,0.0,2.9459916148687832,29.582750706058242,1.6952951596449837,0.0,0.0,0.0,0.0,0.0,0.0,0.0,0.0,67.40702433415456,12.153244210745555,True,False,True,False,True,9.84616778776234,0,0.855066891899725,0.8619917668267228,False,False,False,False,0.34282824626543873,0.16072775427260683,False,False,False,False,12600601,9773889.785917807,False,False,False,False,483497.05860661186,False,False,False,False
2024-09-25 00:00:00+00:00,32.8041410595,33.2109472861,32.0581520277,32.2325390741,935871,,,,,,,,,,,,,,,,,,,,,,28.13820599208195,35.31161783232241,"rgba(38, 166, 154, 1.0)",0.0,0.0,2.931226108275026,29.673862913816624,1.067907431926323,0.0,0.0,0.0,0.0,0.0,0.0,0.0,0.0,68.75712612446225,12.942951115112919,True,False,True,False,True,6.5034191087204505,0,0.8476311969918066,0.8566678408151063,False,False,False,False,0.2747940278980449,0.21776089108532587,False,False,False,False,11664730,9848040.382548483,False,False,False,False,501237.21317105845,False,False,False,False
2024-09-26 00:00:00+00:00,40.3512249004,41.0885914616,38.3554620362,39.7408702381,3942065,,,,,,,,,,,,,,,,,,,,,,31.430715433714795,35.37239074058355,"rgba(38, 166, 154, 1.0)",0.0,0.0,3.163652025034074,30.56433997061715,3.0935402668621363,0.0,0.0,0.0,0.0,0.0,0.0,0.0,0.0,73.33544295106219,16.912083285630672,True,False,True,False,True,16.51251270626015,0,0.8797704900558212,0.823877898118163,False,False,False,False,0.3428282495816798,0.2802945703335028,False,False,False,False,15606795,10073873.896958347,False,False,False,False,636171.6361839582,False,False,False,False
2024-09-27 00:00:00+00:00,43.4998799047,44.1296109055,41.8529880149,42.0563426873,2876872,,,,,,,,,,,,,,,,,,,,,,33.41611560814969,35.446445429887646,"rgba(38, 166, 154, 1.0)",0.0,0.0,3.546601048126799,31.242622412829668,3.4560575958618815,0.0,0.0,0.0,0.0,0.0,0.0,0.0,0.0,77.26705681352561,20.271444416871503,True,False,True,False,True,19.937816636365135,0,0.9202907035554599,0.787281135551417,False,False,False,False,0.3428282504316536,0.31156141038257823,False,False,False,False,18483667,10403669.704920765,False,False,False,False,724042.2386865481,False,False,False,False
2024-09-30 00:00:00+00:00,43.713019628,48.8283729888,43.5208063502,47.7626743719,5102873,,,,,,,,,,,,,,,,,,,,,,36.17258373519,35.61076998555444,"rgba(38, 166, 154, 1.0)",0.0,0.0,3.894884549082185,32.38622845157929,2.9081198771578025,0.0,0.0,0.0,0.0,0.0,0.0,0.0,0.0,79.94313010072398,22.521436433361373,True,False,True,False,True,20.0,0,0.952882911265182,0.7224018384025601,False,False,False,False,0.3428282510140289,0.3271948306983036,False,False,False,False,23586540,10920645.010610146,False,False,False,False,895761.0920713893,False,False,False,False
2024-10-01 00:00:00+00:00,49.0027600352,49.0512008814,43.8389658282,44.2749334442,2801710,,,,,,,,,,,,,,,,,,,,,,37.42427419128834,35.71623365807279,"rgba(38, 166, 154, 1.0)",0.0,0.0,4.4856700458474315,32.9890583125909,3.569968713466484,0.0,0.0,0.0,0.0,0.0,0.0,0.0,0.0,82.86675204435983,25.111691601128953,True,False,True,False,True,20.0,0,0.9559300578740129,0.7428774665918556,False,False,False,False,0.34282825105576237,0.335011540877033,False,False,False,False,26388250,11527217.755292103,False,False,False,False,970504.1864999624,False,False,False,False
2024-10-02 00:00:00+00:00,55.2128765204,56.2398224603,51.9009758644,55.7651021673,4087096,,,,,,,,,,,,,,,,,,,,,,39.82488595686004,35.95966129801717,"rgba(38, 166, 154, 1.0)",0.0,0.0,5.376658302646849,34.16625142484321,3.914443490893935,0.0,0.0,0.0,0.0,0.0,0.0,0.0,0.0,85.68451565171921,27.678555214722962,True,False,True,False,True,20.0,0,1.0301100022573684,0.7056538092017594,False,False,False,False,0.34282825191916955,0.3389198963981013,False,False,False,False,30475346,12270281.608025745,False,False,False,False,1092723.4733038854,False,False,False,False
2024-10-03 00:00:00+00:00,51.899522639,53.2171136562,49.5938352407,49.7099963899,2492925,,,,,,,,,,,,,,,,,,,,,,40.75495278650625,36.08240498328544,"rgba(38, 166, 154, 1.0)",0.0,0.0,5.945665555062524,34.704706994538626,2.891991735024617,0.0,0.0,0.0,0.0,0.0,0.0,0.0,0.0,83.93012903536564,27.678555214722962,True,False,True,False,True,20.0,0,0.9902970135279442,0.7295012674825074,False,False,False,False,0.27764254116275416,0.3082812187804277,False,False,False,False,27982421,12886443.937122775,False,False,False,False,1147633.33709589,False,False,False,False
2024-10-04 00:00:00+00:00,55.2516291974,55.385325933,53.5368232413,54.8737905969,2495468,,,,,,,,,,,,,,,,,,,,,,41.780959272146404,36.22799018005941,"rgba(38, 166, 154, 1.0)",0.0,0.0,6.62073383812023,35.301969674483296,3.0132097152210617,0.0,0.0,0.0,0.0,0.0,0.0,0.0,0.0,83.52569873035338,27.678555214722962,True,False,True,False,True,20.0,0,1.0209349226163857,0.6935653183713157,False,False,False,False,0.3428282519516098,0.32555473536601875,False,False,False,False,30477889,13576304.527823843,False,False,False,False,1200489.5983862472,False,False,False,False
2024-10-07 00:00:00+00:00,56.5498438761,57.460531785,52.7423933633,57.0148759998,3666535,,,,,,,,,,,,,,,,,,,,,,43.125414639418246,36.447569241612904,"rgba(38, 166, 154, 1.0)",0.0,0.0,7.284841168188096,37.24269401349207,2.6503185748125313,0.0,0.0,0.0,0.0,0.0,0.0,0.0,0.0,83.53013945929203,27.678555214722962,True,False,True,False,True,20.0,0,1.0147618449852227,0.6840461944190724,False,False,False,False,0.34282825200299955,0.3341914936845092,False,False,False,False,34144424,14382897.448301341,False,False,False,False,1297197.2611946298,False,False,False,False
2024-10-08 00:00:00+00:00,45.5731481228,46.7259433812,43.8486539974,44.5752666907,3920577,,,,,,,,,,,,,,,,,,,,,,43.338323388276436,36.55465268574984,"rgba(38, 166, 154, 0.75)",0.0,0.0,7.48962403339764,37.31084323403046,1.103166841476471,0.0,0.0,0.0,0.0,0.0,0.0,0.0,0.0,74.99166740219505,32.9506166524321,True,False,True,False,False,13.33191659457842,0,0.9475589779300304,0.7275608243290062,False,False,False,False,0.11959335292453413,0.22689242330452164,False,False,False,False,30223847,15004111.156211093,False,False,False,False,1400074.8980105268,False,False,False,False
2024-10-09 00:00:00+00:00,44.3136861212,45.2921912148,42.1435362105,42.3663641031,2095724,,,,,,,,,,,,,,,,,,,,,,43.36607506566889,36.60151492046404,"rgba(38, 166, 154, 0.75)",0.0,0.0,7.652595537200033,37.37308407651865,0.9069605222100642,0.0,0.0,0.0,0.0,0.0,0.0,0.0,0.0,68.57983672805281,27.050090624733798,True,False,True,False,False,11.862271971626438,0,0.9381038011399261,0.7415844428221617,False,False,False,False,0.0854962379165017,0.15619433061051166,False,False,False,False,28128123,15518778.287340071,False,False,False,False,1427355.2549512903,False,False,False,False
2024-10-10 00:00:00+00:00,44.507449506,45.5247072766,42.957342427,44.9627934605,1211517,,,,,,,,,,,,,,,,,,,,,,43.392096232548376,36.629849912174855,"rgba(38, 166, 154, 0.75)",0.0,0.0,7.815252701615772,37.42613499962145,0.9060890001566442,0.0,0.0,0.0,0.0,0.0,0.0,0.0,0.0,64.3977214188858,23.3362727653423,True,False,True,False,False,12.0267513069541,0,0.9443209282273576,0.7535945456965771,False,False,False,False,0.09683640138084822,0.12651536599567995,False,False,False,False,29339640,16060772.864307128,False,False,False,False,1418891.0096590829,False,False,False,False
2024-10-11 00:00:00+00:00,45.2534385378,45.9280257622,42.2501060722,42.6279446727,1560559,,,,,,,,,,,,,,,,,,,,,,43.42856569979174,36.66673620860435,"rgba(38, 166, 154, 0.75)",0.0,0.0,7.988200279516723,37.50211643881851,0.9703464895412507,0.0,0.0,0.0,0.0,0.0,0.0,0.0,0.0,61.98860833806546,21.20483257731064,True,False,True,False,False,12.664707776577082,0,0.950966140136184,0.7466518821857674,False,False,False,False,0.09354007286375111,0.11002771942971554,False,False,False,False,30900199,16642711.14413822,False,False,False,False,1424446.6171234325,False,False,False,False
2024-10-14 00:00:00+00:00,42.8604607346,45.1856213531,42.4923103033,43.1607939811,1327963,,,,,,,,,,,,,,,,,,,,,,43.43090775542098,36.69401062503344,"rgba(38, 166, 154, 0.75)",0.0,0.0,8.100550726579048,37.550788020444244,0.6554705838374628,0.0,0.0,0.0,0.0,0.0,0.0,0.0,0.0,58.78913382174613,18.208803106253242,True,False,True,False,False,9.851043431208545,0,0.959577030979876,0.7450583508576595,False,False,False,False,0.08811921967578003,0.09907346955274779,False,False,False,False,29572236,17149751.33456417,False,False,False,False,1420662.94586369,False,False,False,False
2024-10-15 00:00:00+00:00,37.3769569426,40.0896443309,37.1347527115,39.7214938996,1803185,,,,,,,,,,,,,,,,,,,,,,43.24061584134433,36.702116091078665,#000000,0.0,0.0,8.127514230283605,37.49305526388355,-0.0142846038769093,0.0,0.0,0.0,0.0,0.0,0.0,0.0,0.0,53.61626175647338,13.346627514393255,False,False,False,False,False,3.9276564334547537,0,0.9426112201674468,0.775101897344398,False,False,False,False,-0.024472049924883117,0.03730070981393234,False,False,False,False,27769051,17566194.45869891,False,False,False,False,1435663.8107317805,False,False,False,False
2024-10-16 00:00:00+00:00,38.4814082364,39.4066283992,37.9776234357,38.4426555594,510112,,,,,,,,,,,,,,,,,,,,,,43.19356346976514,36.70503378674554,#000000,0.0,0.0,8.165171990946877,37.481925561126864,0.12240803701150577,0.0,0.0,0.0,0.0,0.0,0.0,0.0,0.0,50.869884578501335,10.774588603402194,False,False,False,False,False,4.932941315955311,0,0.9320858845389052,0.7835659053793215,False,False,False,False,-0.022752904452966276,0.0072739026804830315,False,False,False,False,28279163,17986310.87208327,False,False,False,False,1399367.6612913185,False,False,False,False
2024-10-17 00:00:00+00:00,35.6524628172,36.5147098799,35.206807032,36.5147098799,797299,,,,,,,,,,,,,,,,,,,,,,43.07754769388804,36.70286846237946,"rgba(239, 83, 80, 1.0)",0.0,0.0,8.176810698967666,37.537489833660764,-0.23053328319056576,0.0,0.0,0.0,0.0,0.0,0.0,0.0,0.0,47.60629570305546,7.628903041177466,False,True,False,True,False,2.083233307018695,0,0.9142442019064315,0.7981627903696058,False,False,False,False,-0.08381012963590646,-0.03826811347771172,False,False,False,False,27481864,18358685.50455059,False,False,False,False,1375757.1255544042,False,False,False,False
2024-10-18 00:00:00+00:00,38.704236129,40.1090206693,38.30702119,40.0024508077,1087895,,,,,,,,,,,,,,,,,,,,,,42.99301244576579,36.710401670963776,"rgba(239, 83, 80, 1.0)",0.0,0.0,8.217918625549315,37.6173716561288,0.13225544354894955,0.0,0.0,0.0,0.0,0.0,0.0,0.0,0.0,47.415017052347494,7.257035819484237,False,True,False,True,False,4.836738892661462,0,0.9188490065340539,0.7866524664224285,False,False,False,False,-0.011659391785024814,-0.024963752631368265,False,False,False,False,28569759,18759119.759274095,False,False,False,False,1364468.4147483492,False,False,False,False
2024-10-21 00:00:00+00:00,37.8613654048,38.1394158621,37.2122580654,37.3091397579,345497,,,,,,,,,,,,,,,,,,,,,,42.95829806888569,36.71145213364265,"rgba(239, 83, 80, 1.0)",0.0,0.0,8.247497523126347,37.608580546610334,0.030649885917618473,0.0,0.0,0.0,0.0,0.0,0.0,0.0,0.0,46.82058225316442,6.313339113517301,False,True,False,True,False,3.996028454157635,0,0.9093534654629634,0.7987967517767177,False,False,False,False,-0.044625585174811605,-0.03479466890308994,False,False,False,False,28224262,19130301.807930015,False,False,False,False,1324508.7514248847,False,False,False,False
2024-10-22 00:00:00+00:00,39.0336338833,39.9927626384,38.0938814666,38.0938814666,603403,,,,,,,,,,,,,,,,,,,,,,42.91361139744171,36.715603425989336,"rgba(239, 83, 80, 1.0)",0.0,0.0,8.286665625659765,37.61693346424816,0.1709614557953207,0.0,0.0,0.0,0.0,0.0,0.0,0.0,0.0,47.21405152759024,6.233366812757794,False,True,False,True,False,5.041528378592133,0,0.9124217726664305,0.7906709900286248,False,False,False,False,-0.01520054043684077,-0.024997604669965354,False,False,False,False,28827665,19510590.56056021,False,False,False,False,1296230.0945062619,False,False,False,False
2024-10-23 00:00:00+00:00,37.9001180818,39.6439885456,37.6094730044,39.5761713609,577057,,,,,,,,,,,,,,,,,,,,,,42.8647460102281,36.71844388586842,"rgba(239, 83, 80, 1.0)",0.0,0.0,8.315226228408733,37.61068309446962,0.03480783076490867,0.0,0.0,0.0,0.0,0.0,0.0,0.0,0.0,46.767578925405616,5.244784853399636,False,True,False,True,False,3.8953110419699364,0,0.9113107112871507,0.7937587471639269,False,False,False,False,-0.02415946756254734,-0.024578536116256346,False,False,False,False,28250608,19853336.34249903,False,False,False,False,1268027.228055036,False,False,False,False
2024-10-24 00:00:00+00:00,36.9119248189,37.5029031428,36.2434411411,37.3866451118,374939,,,,,,,,,,,,,,,,,,,,,,42.823125970319566,36.718629071356936,"rgba(239, 83, 80, 1.0)",0.0,0.0,8.334071852929663,37.59235909522566,-0.081644877598034,0.0,0.0,0.0,0.0,0.0,0.0,0.0,0.0,45.84680415067115,3.788798536078261,False,True,False,True,False,2.902895776936486,0,0.9102313408676649,0.806847208662712,False,False,False,False,-0.06192979925496509,-0.04325416768561072,False,False,False,False,27875669,20167937.623185344,False,False,False,False,1233004.1602881716,False,False,False,False
2024-10-25 00:00:00+00:00,37.5997848352,38.4426555594,37.4157096196,37.8807417433,557220,,,,,,,,,,,,,,,,,,,,,,42.7718882383803,36.720433161846515,"rgba(239, 83, 80, 1.0)",0.0,0.0,8.358201015039048,37.5796297665273,0.002411412292721244,0.0,0.0,0.0,0.0,0.0,0.0,0.0,0.0,45.79770674394187,3.1515069424075435,False,True,False,True,False,3.541349107769136,0,0.9123626926657262,0.8000937148656281,False,False,False,False,-0.039169874066846855,-0.041212020876228786,False,False,False,False,28432889,20492053.363452587,False,False,False,False,1206502.8206690277,False,False,False,False
2024-10-28 00:00:00+00:00,39.9443217922,40.4674829314,38.5104727441,38.7139242982,925197,,,,,,,,,,,,,,,,,,,,,,42.7195424701689,36.728358659758165,"rgba(239, 83, 80, 1.0)",0.0,0.0,8.406075105115605,37.59535283606158,0.2794370650708238,0.0,0.0,0.0,0.0,0.0,0.0,0.0,0.0,47.60912356776184,3.1515069424075435,False,True,False,True,False,5.676472270117486,0,0.9109974597606912,0.7894624069269293,False,False,False,False,-0.005619235347486838,-0.023415628111857812,False,False,False,False,29358086,20839740.917826995,False,False,False,False,1195471.2198584776,False,False,False,False
2024-10-29 00:00:00+00:00,39.2758381144,41.087525763,39.1111392372,41.0778375937,801743,,,,,,,,,,,,,,,,,,,,,,42.678205388557096,36.73562379487515,#000000,0.0,0.0,8.443813006281532,37.60876174388643,0.19743170168185822,0.0,0.0,0.0,0.0,0.0,0.0,0.0,0.0,48.28792594307038,3.1515069424075435,False,True,False,False,False,4.981186071962416,0,0.9114006596129072,0.7920477418607836,False,False,False,False,0.007501664458517568,-0.007956981826670121,False,False,False,False,28556343,21142352.76418672,False,False,False,False,1180030.8975110864,False,False,False,False
2024-10-30 00:00:00+00:00,38.2779566823,38.7720533137,37.3478924349,37.7257310354,401291,,,,,,,,,,,,,,,,,,,,,,42.64594611133369,36.73726245983207,"rgba(239, 83, 80, 1.0)",0.0,0.0,8.469040375474144,37.60183274911302,0.07983477504074665,0.0,0.0,0.0,0.0,0.0,0.0,0.0,0.0,47.9397430035775,3.1515069424075435,False,True,False,True,False,3.944845392890489,0,0.9142125107129512,0.8036989122342111,False,False,False,False,-0.03635428250882185,-0.022155632167745985,False,False,False,False,28155052,21417360.57735587,False,False,False,False,1149492.0780008477,False,False,False,False
2024-10-31 00:00:00+00:00,37.8419890663,38.1616017696,36.9119248189,37.9001180818,293598,,,,,,,,,,,,,,,,,,,,,,42.62008027560906,36.73803523553063,"rgba(239, 83, 80, 1.0)",0.0,0.0,8.486763497603599,37.594288296502,0.029186717630100622,0.0,0.0,0.0,0.0,0.0,0.0,0.0,0.0,47.34975126856152,2.8796746951280667,False,True,False,True,False,3.4914404834806803,0,0.9097205231499401,0.8044807151682388,False,False,False,False,-0.04762159724378385,-0.03488861470576492,False,False,False,False,27861454,21670070.123341914,False,False,False,False,1115927.6043537557,False,False,False,False
2024-11-01 00:00:00+00:00,37.6772901891,38.626730775,37.5707203275,38.3748383747,313599,,,,,,,,,,,,,,,,,,,,,,42.59450034217574,36.73915176685642,"rgba(239, 83, 80, 1.0)",0.0,0.0,8.498120102118865,37.58834544776917,0.01046640201150495,0.0,0.0,0.0,0.0,0.0,0.0,0.0,0.0,46.812447864293944,1.9277155459883488,False,True,False,True,False,3.3180462633578642,0,0.9168955779102748,0.7996629143477811,False,False,False,False,-0.03552014580028255,-0.035204380253023734,False,False,False,False,27547855,21900571.491054,False,False,False,False,1084463.7375163536,False,False,False,False
2024-11-04 00:00:00+00:00,38.5395372518,39.7457143227,38.3845265439,38.5007845749,731461,,,,,,,,,,,,,,,,,,,,,,42.54768648274494,36.74373235335836,"rgba(239, 83, 80, 1.0)",0.0,0.0,8.512625060117069,37.5870833558669,0.1118872133104378,0.0,0.0,0.0,0.0,0.0,0.0,0.0,0.0,47.37888616085657,1.9277155459883488,False,True,False,True,False,4.15411494780864,0,0.9167809912274995,0.786954731054187,False,False,False,False,-0.014731839034270703,-0.024968109643647218,False,False,False,False,28279316,22150718.33454208,False,False,False,False,1070620.4929078692,False,False,False,False
2024-11-05 00:00:00+00:00,40.3124722235,41.2231601324,39.9152572845,40.6709344855,719869,,,,,,,,,,,,,,,,,,,,,,42.52233214688043,36.751554733768856,#000000,0.0,0.0,8.551116512733513,37.60499146947963,0.3166230690446855,0.0,0.0,0.0,0.0,0.0,0.0,0.0,0.0,49.53528054358297,1.9277155459883488,False,True,False,False,True,5.846431971920392,0,0.926676331844126,0.7668894294311184,False,False,False,False,0.017604198386453575,-0.003681955628596821,False,False,False,False,28999185,22419285.654756118,False,False,False,False,1056865.5324016782,False,False,False,False
2024-11-06 00:00:00+00:00,38.6557952828,39.062698391,36.9119248189,37.5610321582,709994,,,,,,,,,,,,,,,,,,,,,,42.47071428206893,36.75455746956431,#000000,0.0,0.0,8.564597990222937,37.595510035296535,0.12379860078825088,0.0,0.0,0.0,0.0,0.0,0.0,0.0,0.0,49.24482688116139,1.9277155459883488,False,True,False,False,True,4.04604369577422,1,0.9052933358606348,0.7826268595305974,False,False,False,False,-0.03791842605783749,-0.020800190843217155,False,False,False,False,28289191,22649478.02123627,False,False,False,False,1043262.7272094556,False,False,False,False
2024-11-07 00:00:00+00:00,42.4632457956,43.2478906226,41.5234933789,42.240417903,951990,,,,,,,,,,,,,,,,,,,,,,42.469779579436505,36.77012970976847,#000000,0.0,0.0,8.611598182883329,38.06576174152103,0.5106466837734654,0.0,0.0,0.0,0.0,0.0,0.0,0.0,0.0,52.400782431805325,-1.8310546584011291,False,True,False,False,True,7.567674468145139,1,0.9290296872056968,0.7664212253007664,False,False,False,False,0.052905209200158544,0.016052509178470696,False,False,False,False,29241181,22907976.17726622,False,False,False,False,1039683.4045737907,False,False,False,False
2024-11-08 00:00:00+00:00,36.9409893266,39.1564798693,36.4081400182,38.4329673902,1447051,,,,,,,,,,,,,,,,,,,,,,42.35329060027946,36.7731787339252,#000000,0.0,0.0,8.594675129817707,37.882512667482054,-0.10954728673985686,0.0,0.0,0.0,0.0,0.0,0.0,0.0,0.0,49.847341860789044,-1.8310546584011291,False,True,False,False,False,1.917660760799066,1,0.9048511639876605,0.7880717045021924,False,False,False,False,-0.0475119283778588,-0.015729709599694053,False,False,False,False,27794130,23099590.052667547,False,False,False,False,1055658.6043944263,False,False,False,False
2024-11-11 00:00:00+00:00,37.1831935577,37.9582470972,36.7762904495,37.7354192046,540680,,,,,,,,,,,,,,,,,,,,,,42.309453156765116,36.774006854126974,#000000,0.0,0.0,8.580498761911839,37.84926937028835,-0.0776267010893358,0.0,0.0,0.0,0.0,0.0,0.0,0.0,0.0,48.35413165920967,-1.8310546584011291,False,True,False,False,False,2.140793328994544,1,0.9061230709381294,0.803754224453955,False,False,False,False,-0.05658246560919869,-0.03615608760444637,False,False,False,False,28334810,23304892.795700192,False,False,False,False,1035463.3650064096,False,False,False,False
2024-11-12 00:00:00+00:00,33.8117106609,35.0227318163,33.3369903679,34.7611512468,1498193,,,,,,,,,,,,,,,,,,,,,,42.115519083935446,36.76235450813005,"rgba(239, 83, 80, 1.0)",0.0,0.0,8.55494044944297,37.6652436845046,-0.4504453358124213,0.0,0.0,0.0,0.0,0.0,0.0,0.0,0.0,45.11944804080605,-0.33115235858565484,False,True,False,True,False,0.0,1,0.8992838044011814,0.8090991111673924,False,False,False,False,-0.12666577833951106,-0.08141093297197871,False,False,False,False,26836617,23443391.78410411,False,False,False,False,1053609.6252022367,False,False,False,False
2024-11-13 00:00:00+00:00,33.4241838911,34.6545813851,33.28845264,34.6545813851,506240,,,,,,,,,,,,,,,,,,,,,,42.04992087512075,36.75805180339389,"rgba(239, 83, 80, 1.0)",0.0,0.0,8.519431597605882,37.61361147321191,-0.49174965889616595,0.0,0.0,0.0,0.0,0.0,0.0,0.0,0.0,42.72622794357993,-2.5211626888323195,False,True,False,True,False,0.0,1,0.8972019314446378,0.8144019804551841,False,False,False,False,-0.13128266387085055,-0.10634679842141463,False,False,False,False,26330377,23556606.89060983,False,False,False,False,1032144.1497041098,False,False,False,False
2024-11-14 00:00:00+00:00,32.3584852743,32.9882162751,31.9225176583,32.9882162751,737857,,,,,,,,,,,,,,,,,,,,,,41.94063258445399,36.748927638589464,"rgba(239, 83, 80, 1.0)",0.0,0.0,8.49360106732373,37.52412967180052,-0.6081807182319404,0.0,0.0,0.0,0.0,0.0,0.0,0.0,0.0,40.46472357038586,-4.585107397401927,False,True,False,True,False,0.0,0,0.8893804964171804,0.8240442742720239,False,False,False,False,-0.1650614445458011,-0.13570412148360786,False,False,False,False,25592520,23636446.620389838,False,False,False,False,1020603.4771666937,False,False,False,False
2024-11-15 00:00:00+00:00,32.9203990904,33.1238506446,32.3972379513,32.9397754289,310626,,,,,,,,,,,,,,,,,,,,,,41.897221244865314,36.74544392292163,"rgba(239, 83, 80, 1.0)",0.0,0.0,8.452776245977068,37.491957547944985,-0.5408351439233626,0.0,0.0,0.0,0.0,0.0,0.0,0.0,0.0,39.58994859864184,-5.387294938628401,False,True,False,True,False,0.0,0,0.8954940054028441,0.8204634530849719,False,False,False,False,-0.15823466549864507,-0.14696939349112648,False,False,False,False,25903146,23725336.792139255,False,False,False,False,992761.2231601567,False,False,False,False
2024-11-18 00:00:00+00:00,34.1217320767,34.1797642104,33.3466785372,33.3854312141,478880,,,,,,,,,,,,,,,,,,,,,,41.83887987514356,36.74154214644223,"rgba(239, 83, 80, 1.0)",0.0,0.0,8.402662209970316,37.45527727337661,-0.39672488473012013,0.0,0.0,0.0,0.0,0.0,0.0,0.0,0.0,40.356929750621276,-5.387294938628401,False,True,False,True,False,0.0,0,0.9006798248005575,0.8132855943965566,False,False,False,False,-0.13590404556710875,-0.14143671952911763,False,False,False,False,26382026,23829520.682643596,False,False,False,False,972609.0183303467,False,False,False,False
2024-11-19 00:00:00+00:00,33.7535816454,33.8601515071,33.4048075526,33.4823129066,296246,,,,,,,,,,,,,,,,,,,,,,41.802271035282835,36.73895692827209,"rgba(239, 83, 80, 1.0)",0.0,0.0,8.35469489960848,37.432318850289775,-0.44031975423329606,0.0,0.0,0.0,0.0,0.0,0.0,0.0,0.0,40.56811586644195,-5.387294938628401,False,True,False,True,False,0.0,0,0.8996277501235458,0.813052340161657,False,False,False,False,-0.1412569231261673,-0.14134682132764248,False,False,False,False,26085780,23918001.440186985,False,False,False,False,946084.9783958233,False,False,False,False
2024-11-20 00:00:00+00:00,34.9452264624,34.9646028009,34.3058072923,34.4898825079,388599,,,,,,,,,,,,,,,,,,,,,,41.76097471176098,36.73674875940771,"rgba(239, 83, 80, 0.75)",0.0,0.0,8.313280187000023,37.411292795466906,-0.2966417921199434,0.0,0.0,0.0,0.0,0.0,0.0,0.0,0.0,42.10722670034393,-5.387294938628401,False,True,False,True,True,0.15640301718660865,0,0.9008693683398721,0.811141760699263,False,False,False,False,-0.11891531999186433,-0.1301310706597534,False,False,False,False,26474379,24018251.54057181,False,False,False,False,924222.7831646145,False,False,False,False
2024-11-21 00:00:00+00:00,33.7923343224,34.1507965844,33.2528970589,33.6470117837,617010,,,,,,,,,,,,,,,,,,,,,,41.68713076296091,36.731491616464055,"rgba(239, 83, 80, 0.75)",0.0,0.0,8.264089637595918,37.36771869671131,-0.432641044700891,0.0,0.0,0.0,0.0,0.0,0.0,0.0,0.0,42.073938288608225,-5.387294938628401,False,True,False,True,True,0.0,0,0.8895858655228335,0.8129589076887083,False,False,False,False,-0.13970709298581724,-0.13491908182278534,False,False,False,False,25857369,24090373.79388272,False,False,False,False,912175.223040512,False,False,False,False
2024-11-22 00:00:00+00:00,31.8740768121,32.3197325973,31.6512489195,32.0969047047,970409,,,,,,,,,,,,,,,,,,,,,,41.5482681464819,36.71836583559395,"rgba(239, 83, 80, 0.75)",0.0,0.0,8.234813368908931,37.27316724059168,-0.6556421119240293,0.0,0.0,0.0,0.0,0.0,0.0,0.0,0.0,40.454792187331165,-5.387294938628401,False,True,False,True,True,0.0,0,0.8860702985053018,0.816554660503044,False,False,False,False,-0.18343993835871977,-0.15917951009075254,False,False,False,False,24886960,24121612.468632415,False,False,False,False,914458.9005683351,False,False,False,False
2024-11-25 00:00:00+00:00,32.1937863972,32.3778616128,31.5349908886,31.9225176583,429324,,,,,,,,,,,,,,,,,,,,,,41.48863537688565,36.712687474682056,"rgba(239, 83, 80, 0.75)",0.0,0.0,8.199252978789243,37.13758494531801,-0.6029571914547812,0.0,0.0,0.0,0.0,0.0,0.0,0.0,0.0,39.80397604771621,-5.931911638060768,False,True,False,True,True,0.0,0,0.8837575370103695,0.8187204075083154,False,False,False,False,-0.19516235085453917,-0.17717093047264587,False,False,False,False,25316284,24168462.332607616,False,False,False,False,895434.0025068317,False,False,False,False
2024-11-26 00:00:00+00:00,32.0969047047,32.5910013362,31.6609370887,32.5619368284,407129,,,,,,,,,,,,,,,,,,,,,,41.43324916495092,36.70740810887783,"rgba(239, 83, 80, 1.0)",0.0,0.0,8.169004386024032,37.104746408495444,-0.6130296260292288,0.0,0.0,0.0,0.0,0.0,0.0,0.0,0.0,39.28307592228789,-6.63874824160073,False,True,False,True,False,0.0,0,0.8830270461712583,0.822160359499699,False,False,False,False,-0.19118860930110554,-0.1841797698868757,False,False,False,False,24909155,24197509.103877906,False,False,False,False,876284.78672225,False,False,False,False
2024-11-27 00:00:00+00:00,34.2089255999,34.5383233542,33.937656861,34.0829793997,813927,,,,,,,,,,,,,,,,,,,,,,41.34912197344477,36.70172853471781,"rgba(239, 83, 80, 0.75)",0.0,0.0,8.133648502176369,37.11886590237607,-0.35776568187049673,0.0,0.0,0.0,0.0,0.0,0.0,0.0,0.0,41.81495206239059,-6.63874824160073,False,True,False,True,True,0.0,0,0.8892486981585696,0.8149384899253637,False,False,False,False,-0.17326198823190936,-0.17872087905939255,False,False,False,False,25723082,24257335.491961125,False,False,False,False,873839.3833213774,False,False,False,False
2024-11-29 00:00:00+00:00,33.9085923533,34.0054740457,33.1238506446,33.8020224916,213490,,,,,,,,,,,,,,,,,,,,,,41.3257037163238,36.699913407541594,"rgba(239, 83, 80, 0.75)",0.0,0.0,8.08219759576164,37.11016273190138,-0.39612621946787185,0.0,0.0,0.0,0.0,0.0,0.0,0.0,0.0,43.16833581277468,-6.63874824160073,False,True,False,True,True,0.0,0,0.8802678828141232,0.8250982811863741,False,False,False,False,-0.19761584587215533,-0.18816836246577395,False,False,False,False,25509592,24306443.590315595,False,False,False,False,847943.3290734803,False,False,False,False
2024-12-02 00:00:00+00:00,34.6352050466,34.7030222313,33.8601515071,34.3154954615,488090,,,,,,,,,,,,,,,,,,,,,,41.27768962910153,36.69675918854405,"rgba(239, 83, 80, 0.75)",0.0,0.0,8.039733823000658,37.10162706858512,-0.3067790646164177,0.0,0.0,0.0,0.0,0.0,0.0,0.0,0.0,45.043090768083005,-9.01174847646292,False,True,False,True,True,0.049109659878922685,0,0.8821597291605928,0.8226692789342845,False,False,False,False,-0.19125047110051696,-0.18970941678314546,False,False,False,False,25997682,24372766.66520518,False,False,False,False,833831.4338156969,False,False,False,False
2024-12-03 00:00:00+00:00,34.5964523696,35.1143818974,34.373624477,34.4026889847,435302,,,,,,,,,,,,,,,,,,,,,,41.23724133848714,36.69431412977623,#000000,0.0,0.0,8.008777967550277,37.095017818575265,-0.31197836412732066,0.0,0.0,0.0,0.0,0.0,0.0,0.0,0.0,46.24165705170724,-7.820930599526633,False,True,False,False,True,0.008217692072005178,0,0.8842453612899565,0.8261593230511762,False,False,False,False,-0.25595680144142485,-0.22283310911228515,False,False,False,False,25562380,24419418.168530468,False,False,False,False,818202.8285680225,False,False,False,False
2024-12-04 00:00:00+00:00,33.4823129066,34.3348718,33.126853977,34.3348718,356338,,,,,,,,,,,,,,,,,,,,,,41.19925958377567,36.691271503126295,"rgba(239, 83, 80, 0.75)",0.0,0.0,7.985411697000634,37.07625568041237,-0.4500635546645989,0.0,0.0,0.0,0.0,0.0,0.0,0.0,0.0,45.5709148445707,-7.820930599526633,False,True,False,True,True,0.0,0,0.8664306993469076,0.845385691856332,False,False,False,False,-0.2870316490212422,-0.2549323790667637,False,False,False,False,25206042,24450266.16192143,False,False,False,False,800090.4823496686,False,False,False,False
2024-12-05 00:00:00+00:00,33.7148289684,34.0316321027,33.5016892451,33.5888827683,284016,,,,,,,,,,,,,,,,,,,,,,41.169660505358934,36.68893138901402,"rgba(239, 83, 80, 0.75)",0.0,0.0,7.932671409965301,37.06239348251813,-0.42199712317754706,0.0,0.0,0.0,0.0,0.0,0.0,0.0,0.0,45.502751592997505,-7.820930599526633,False,True,False,True,True,0.0,0,0.8774945941173062,0.8439817844184668,False,False,False,False,-0.28592475105976417,-0.27042856506326396,False,False,False,False,25490058,24491042.312434316,False,False,False,False,779852.267355564,False,False,False,False
2024-12-06 00:00:00+00:00,34.4317534925,35.168054355,34.4220653232,34.8774092777,380032,,,,,,,,,,,,,,,,,,,,,,41.135310252850566,36.68678901334715,#000000,0.0,0.0,7.88821637901219,37.05384845169777,-0.3324065711704173,0.0,0.0,0.0,0.0,0.0,0.0,0.0,0.0,46.635099507909445,-7.122940096162644,False,True,False,False,True,0.0,0,0.8676409296364981,0.8512573930433847,False,False,False,False,-0.25440399706011424,-0.2624162810616891,False,False,False,False,25870090,24545122.61390748,False,False,False,False,764173.0411847576,False,False,False,False
2024-12-09 00:00:00+00:00,41.3491063325,42.7248263652,40.0726900347,40.1671496848,1824690,,,,,,,,,,,,,,,,,,,,,,41.14142389158384,36.71063734810781,"rgba(38, 166, 154, 0.5)",0.0,0.0,7.862202481890031,37.64917189046152,0.47059770472218093,0.0,0.0,0.0,0.0,0.0,0.0,0.0,0.0,54.323056293448644,0.10612042034239977,False,False,True,False,True,6.848078697681995,0,0.8579662129033399,0.8533273389760001,False,False,False,False,-0.060818914049818006,-0.16161759755575356,False,False,False,False,27694780,24668638.58983268,False,False,False,False,805761.9415304534,False,False,False,False
2024-12-10 00:00:00+00:00,37.4157096196,38.3748383747,37.2025698962,37.8129245586,593539,,,,,,,,,,,,,,,,,,,,,,41.113641437985905,36.71221044272848,"rgba(38, 166, 154, 0.5)",0.0,0.0,7.8112891048107524,37.6114932543701,-0.025064190064290955,0.0,0.0,0.0,0.0,0.0,0.0,0.0,0.0,54.73374057141706,0.2810401514593437,False,False,True,False,True,2.663596088234062,0,0.8280131827369729,0.8949328679503346,False,False,False,False,-0.16517362987100728,-0.1633956137133804,False,False,False,False,27101241,24764034.762780417,False,False,False,False,797439.4732351415,False,False,False,False
2024-12-11 00:00:00+00:00,36.4081400182,36.4564839827,35.6426777663,36.398451849,616477,,,,,,,,,,,,,,,,,,,,,,41.0729443117486,36.71128160697747,"rgba(38, 166, 154, 0.5)",0.0,0.0,7.727238892890008,37.555705727897774,-0.14850915386525343,0.0,0.0,0.0,0.0,0.0,0.0,0.0,0.0,54.00592723745042,0.2810401514593437,False,False,True,False,True,1.6394384181257706,0,0.8148094624725774,0.9016584112588892,False,False,False,False,-0.21660545437597362,-0.190000534044677,False,False,False,False,26484764,24831514.340710595,False,False,False,False,790342.9056572928,False,False,False,False
2024-12-12 00:00:00+00:00,36.4856453722,36.8537958034,35.8074735251,36.2337529718,475356,,,,,,,,,,,,,,,,,,,,,,41.04336252864731,36.71084834941224,"rgba(38, 166, 154, 0.5)",0.0,0.0,7.638537171740807,37.52684602161537,-0.1363089065361039,0.0,0.0,0.0,0.0,0.0,0.0,0.0,0.0,53.592774537754664,0.2810401514593437,False,False,True,False,True,1.7152949952508472,0,0.7684573199008097,0.9271608591886623,False,False,False,False,-0.20822384391679674,-0.19911218898073688,False,False,False,False,26960120,24914989.072447438,False,False,False,False,777990.4779844579,False,False,False,False
2024-12-13 00:00:00+00:00,35.3811940784,35.4780757708,34.6545813851,35.1971188627,397911,,,,,,,,,,,,,,,,,,,,,,41.012526070554046,36.70915296815798,#000000,0.0,0.0,7.5145727623714045,37.491346666532614,-0.28080805853647817,0.0,0.0,0.0,0.0,0.0,0.0,0.0,0.0,52.14501661259712,0.2810401514593437,False,False,False,False,False,0.5789241348108227,0,0.7833971216982168,0.9199034749571953,False,False,False,False,-0.24617371736393964,-0.22264295317233826,False,False,False,False,26562209,24979585.93235146,False,False,False,False,763085.40041644,False,False,False,False
2024-12-16 00:00:00+00:00,33.5307537528,34.7223985698,33.5210655836,34.2864309538,359171,,,,,,,,,,,,,,,,,,,,,,40.979087720522855,36.70638801956187,#000000,0.0,0.0,7.41475043452498,37.44927686112784,-0.5284767360587338,0.0,0.0,0.0,0.0,0.0,0.0,0.0,0.0,49.38389058822573,3.9850607051085944,False,False,False,False,False,0.0,0,0.7484031887447866,0.9445382350922861,False,False,False,False,-0.27498202442415765,-0.24881248879824797,False,False,False,False,26203038,25027564.444808267,False,False,False,False,747245.6200079521,False,False,False,False
2024-12-17 00:00:00+00:00,34.84834477,35.0314511687,33.5888827683,33.617947276,440639,,,,,,,,,,,,,,,,,,,,,,40.941743567927,36.703690663336644,#000000,0.0,0.0,7.3197234195679775,37.41008157996013,-0.34997726869184476,0.0,0.0,0.0,0.0,0.0,0.0,0.0,0.0,49.0200255810218,3.586553989837995,False,False,False,False,False,0.05709841517489522,0,0.7483597857108947,0.9568784263893,False,False,False,False,-0.2168024663413521,-0.23280747756980003,False,False,False,False,26643677,25090941.407756962,False,False,False,False,735221.8309880324,False,False,False,False
2024-12-18 00:00:00+00:00,33.220732337,34.8086232761,32.9979044444,34.3154954615,470777,,,,,,,,,,,,,,,,,,,,,,40.897344415017905,36.69975949906283,"rgba(239, 83, 80, 1.0)",0.0,0.0,7.22020516342871,37.36182943348494,-0.5735428568512352,0.0,0.0,0.0,0.0,0.0,0.0,0.0,0.0,47.21830978987856,1.7840764282210557,False,True,False,True,False,0.0,0,0.7777457028638036,0.9463083108988236,False,False,False,False,-0.22934273646743022,-0.2310751070186151,False,False,False,False,26172900,25133371.156472377,False,False,False,False,724851.44545909,False,False,False,False
2024-12-19 00:00:00+00:00,33.2497968447,33.9417258921,33.1626033215,33.6954526299,429089,,,,,,,,,,,,,,,,,,,,,,40.85610417557864,36.69592012674986,"rgba(239, 83, 80, 1.0)",0.0,0.0,7.116551689044254,37.31910152224212,-0.5718084903123389,0.0,0.0,0.0,0.0,0.0,0.0,0.0,0.0,46.052856272212445,0.5883881786886391,False,True,False,True,False,0.0,0,0.79188507851961,0.9424313713045598,False,False,False,False,-0.249307579244085,-0.24019134313135004,False,False,False,False,26601989,25190964.013081305,False,False,False,False,713252.9181861846,False,False,False,False
2024-12-20 00:00:00+00:00,33.6082591067,33.9473450303,32.5522486592,32.8332055672,211902,,,,,,,,,,,,,,,,,,,,,,40.8356821528519,36.69397954310198,"rgba(239, 83, 80, 1.0)",0.0,0.0,7.008556582256144,37.29873884238803,-0.5265677307980046,0.0,0.0,0.0,0.0,0.0,0.0,0.0,0.0,45.74702920447021,0.16106336094899376,False,True,False,True,False,0.0,0,0.776620021487331,0.9438901438648654,False,False,False,False,-0.26572481473756604,-0.25295807893445804,False,False,False,False,26813891,25254608.208646744,False,False,False,False,693592.0978651578,False,False,False,False
2024-12-23 00:00:00+00:00,33.68,33.89,33.09,33.35,463973,,,,,,,,,,,,,,,,,,,,,,40.79244626586467,36.68997318826364,"rgba(239, 83, 80, 1.0)",0.0,0.0,6.886792852825075,37.25867947478119,-0.519643838759163,0.0,0.0,0.0,0.0,0.0,0.0,0.0,0.0,45.64370478850427,-0.140636184420174,False,True,False,True,False,0.0,0,0.7822790475081471,0.9467020330066976,False,False,False,False,-0.24989469120136787,-0.2514263850679129,False,False,False,False,27277864,25333951.573013537,False,False,False,False,684587.4273606418,False,False,False,False
2024-12-24 00:00:00+00:00,33.92,34.21,33.7,34.21,202147,,,,,,,,,,,,,,,,,,,,,,40.77477531692388,36.688447501429025,"rgba(239, 83, 80, 1.0)",0.0,0.0,6.763479555319744,37.244025116399314,-0.49146672052624674,0.0,0.0,0.0,0.0,0.0,0.0,0.0,0.0,45.93554088210165,-0.140636184420174,False,True,False,True,False,0.0,0,0.78160561518011,0.9358206031812663,False,False,False,False,-0.20640541601965381,-0.22891590054378336,False,False,False,False,27480011,25418110.766228694,False,False,False,False,665668.1949151264,False,False,False,False
2024-12-26 00:00:00+00:00,34.0,34.44,33.61,33.76,277638,,,,,,,,,,,,,,,,,,,,,,40.750912258624965,36.68641071770767,"rgba(239, 83, 80, 1.0)",0.0,0.0,6.6309069658409285,37.22504521916546,-0.4863656262679083,0.0,0.0,0.0,0.0,0.0,0.0,0.0,0.0,46.25880275451543,-0.140636184420174,False,True,False,True,False,0.0,0,0.8034026017021955,0.9069167594380609,False,False,False,False,-0.20178846277977228,-0.21535218166177783,False,False,False,False,27757649,25509857.36363149,False,False,False,False,650451.324526298,False,False,False,False
2024-12-27 00:00:00+00:00,32.95,33.22,32.65,33.1,299640,,,,,,,,,,,,,,,,,,,,,,40.72125905037002,36.683330912940086,"rgba(239, 83, 80, 1.0)",0.0,0.0,6.513196103459086,37.19773199168031,-0.6521732071638962,0.0,0.0,0.0,0.0,0.0,0.0,0.0,0.0,44.99843784278993,-1.4285430936381687,False,True,False,True,False,0.0,0,0.7898537216040062,0.9099026132961746,False,False,False,False,-0.2747858899409107,-0.24506903580134426,False,False,False,False,27458009,25586255.467018493,False,False,False,False,636694.0176821294,False,False,False,False
2024-12-30 00:00:00+00:00,31.65,32.36,31.65,32.3,790009,,,,,,,,,,,,,,,,,,,,,,40.63370760144293,36.672957083652136,"rgba(239, 83, 80, 1.0)",0.0,0.0,6.4047206864673,37.111860444281795,-0.8527866727775191,0.0,0.0,0.0,0.0,0.0,0.0,0.0,0.0,42.54528061902264,-3.893353967461259,False,True,False,True,False,0.0,0,0.7938563983560778,0.901279764452357,False,False,False,False,-0.33938258984323694,-0.2922258128222906,False,False,False,False,26668000,25628676.82125306,False,False,False,False,642706.369929889,False,False,False,False
2024-12-31 00:00:00+00:00,31.93,32.3,31.4324,31.75,679019,,,,,,,,,,,,,,,,,,,,,,40.559838199281614,36.66407797098591,"rgba(239, 83, 80, 1.0)",0.0,0.0,6.282373893092744,37.04400221884582,-0.8140238556110915,0.0,0.0,0.0,0.0,0.0,0.0,0.0,0.0,41.456109780796865,-4.998780198749081,False,True,False,True,False,0.0,0,0.7787741275762075,0.9267549432575625,False,False,False,False,-0.34282825441539394,-0.31752703361884227,False,False,False,False,27347019,25696062.78904706,False,False,False,False,644130.3946385208,False,False,False,False
2025-01-02 00:00:00+00:00,30.78,31.6,30.75,31.12,739319,,,,,,,,,,,,,,,,,,,,,,40.473123026217415,36.65274586996604,"rgba(239, 83, 80, 1.0)",0.0,0.0,6.177295795917911,36.96240771473394,-1.000827533436137,0.0,0.0,0.0,0.0,0.0,0.0,0.0,0.0,39.340531277554305,-7.047824239138237,False,True,False,True,False,0.0,0,0.7813945066204656,0.9153478749200725,False,False,False,False,-0.34282825441539394,-0.33017764401711813,False,False,False,False,26607700,25731813.26790796,False,False,False,False,647863.2811232847,False,False,False,False
2025-01-03 00:00:00+00:00,31.33,31.3899,30.88,31.37,260078,,,,,,,,,,,,,,,,,,,,,,40.44349333884037,36.648881325240254,"rgba(239, 83, 80, 1.0)",0.0,0.0,6.0795383361402795,36.93585468783165,-0.9220855890499483,0.0,0.0,0.0,0.0,0.0,0.0,0.0,0.0,39.073933673003545,-7.346324346420111,False,True,False,True,False,0.0,0,0.7709585831521345,0.9380151382073376,False,False,False,False,-0.34282825441539394,-0.336502949216256,False,False,False,False,26867778,25776360.90446059,False,False,False,False,632656.0151968814,False,False,False,False
2025-01-06 00:00:00+00:00,30.3,32.26,30.07,31.97,575711,,,,,,,,,,,,,,,,,,,,,,40.376302916132474,36.63983977289824,"rgba(239, 83, 80, 1.0)",0.0,0.0,5.9857258502075865,36.87551790698923,-1.0985330888084675,0.0,0.0,0.0,0.0,0.0,0.0,0.0,0.0,37.6342399623845,-8.787635374177967,False,True,False,True,False,0.0,0,0.7677842614455962,0.924777961356817,False,False,False,False,-0.3408512941525794,-0.3386771216844177,False,False,False,False,26292067,25796584.672913115,False,False,False,False,630422.8773460233,False,False,False,False
2025-01-07 00:00:00+00:00,29.91,30.6,29.86,30.12,638369,,,,,,,,,,,,,,,,,,,,,,40.29707333429833,36.62854106039633,"rgba(239, 83, 80, 1.0)",0.0,0.0,5.950992489437731,36.8027256861283,-1.1582480902743577,0.0,0.0,0.0,0.0,0.0,0.0,0.0,0.0,36.21909233473967,-10.185369521516492,False,True,False,True,False,0.0,0,0.7802489272161761,0.9230880734401934,False,False,False,False,-0.34282825441539394,-0.3407526880499058,False,False,False,False,25653698,25790981.273975346,False,False,False,False,630734.4899991205,False,False,False,False
2025-01-08 00:00:00+00:00,29.69,29.76,28.94,29.2,488229,,,,,,,,,,,,,,,,,,,,,,40.23342181863839,36.619052088170065,"rgba(239, 83, 80, 1.0)",0.0,0.0,5.91350151523914,36.74346930318756,-1.192773737355222,0.0,0.0,0.0,0.0,0.0,0.0,0.0,0.0,35.01067757681151,-11.380866414508596,False,True,False,True,False,0.0,0,0.761759680877473,0.9463473853597714,False,False,False,False,-0.34282825441539394,-0.3417904712326499,False,False,False,False,25165469,25766451.380878273,False,False,False,False,625146.0394109196,False,False,False,False
2025-01-10 00:00:00+00:00,27.72,28.54,27.68,28.51,706706,,,,,,,,,,,,,,,,,,,,,,40.13009213062598,36.60252333954565,"rgba(239, 83, 80, 1.0)",0.0,0.0,5.932951289268813,36.340222972653045,-1.4529401224386955,0.0,0.0,0.0,0.0,0.0,0.0,0.0,0.0,32.14115198704174,-14.10252902138862,False,True,False,True,False,0.0,0,0.7393097407330339,0.9780703293700093,True,False,False,False,-0.34282825441539394,-0.3423093628240219,False,False,False,False,24458763,25715169.48358893,True,False,False,False,628344.4692379425,False,False,False,False
2025-01-13 00:00:00+00:00,28.1,28.34,27.8,27.87,449420,,,,,,,,,,,,,,,,,,,,,,40.06581611298795,36.59216649139872,"rgba(239, 83, 80, 1.0)",0.0,0.0,6.018104332984495,36.28204037393642,-1.3595710411817974,0.0,0.0,0.0,0.0,0.0,0.0,0.0,0.0,31.178674066121,-14.986460016102797,False,True,False,True,False,0.0,0,0.7288800942113245,0.9861731970930215,False,False,False,False,-0.34282825441539394,-0.34256880861970795,False,False,False,False,24908183,25683522.954820737,False,False,False,False,621327.8233854742,False,False,False,False
2025-01-14 00:00:00+00:00,29.62,29.85,29.41,29.73,981846,,,,,,,,,,,,,,,,,,,,,,39.94556669622387,36.5737226580976,"rgba(239, 83, 80, 0.75)",0.0,0.0,6.059967662468351,36.21934064872685,-1.0890059182327054,0.0,0.0,0.0,0.0,0.0,0.0,0.0,0.0,33.97178012673555,-14.986460016102797,False,True,False,True,True,0.0,0,0.7499200009527692,0.9576628140069869,False,False,False,False,-0.26404914949014785,-0.30330897905492793,False,False,False,False,25890029,25691621.231102277,False,False,False,False,635465.7910958477,False,False,False,False
2025-01-15 00:00:00+00:00,30.39,30.44,29.9676,30.35,313336,,,,,,,,,,,,,,,,,,,,,,39.91011368656446,36.56839690828497,"rgba(239, 83, 80, 0.75)",0.0,0.0,6.09605145134607,36.20175737306306,-0.9533642259170507,0.0,0.0,0.0,0.0,0.0,0.0,0.0,0.0,37.34629862553301,-16.96455521661362,False,True,False,True,True,0.0,0,0.7571180595198647,0.9436339515676381,False,False,False,False,-0.2359057776118901,-0.26960737833340903,False,False,False,False,26203365,25711689.614196304,False,False,False,False,622833.2502685596,False,False,False,False
2025-01-16 00:00:00+00:00,30.25,30.37,29.91,30.37,387453,,,,,,,,,,,,,,,,,,,,,,39.8662298949546,36.561730790438496,"rgba(239, 83, 80, 0.75)",0.0,0.0,6.095176096268003,36.17655203259594,-0.9723348331518582,0.0,0.0,0.0,0.0,0.0,0.0,0.0,0.0,39.37856128518787,-15.186906465429473,False,True,False,True,True,0.0,0,0.746971029649063,0.9492228963671364,False,False,False,False,-0.2390161664742921,-0.25431177240385056,False,False,False,False,25815912,25715776.766580764,False,False,False,False,613602.652218812,False,False,False,False
2025-01-17 00:00:00+00:00,32.09,32.85,30.68,30.86,2040556,,,,,,,,,,,,,,,,,,,,,,39.680842806210265,36.5361196127538,"rgba(239, 83, 80, 0.5)",0.0,0.0,6.063599452214023,36.121153979764976,-0.6648120495975479,0.0,0.0,0.0,0.0,0.0,0.0,0.0,0.0,44.05466962542917,-10.95047048579579,False,False,False,True,True,0.0,0,0.7512054332926806,0.9441960805832041,False,False,False,False,-0.1610259550936441,-0.20766886374874732,False,False,False,False,27856468,25799725.442401126,False,False,False,False,669561.6070337606,False,False,False,False
2025-01-21 00:00:00+00:00,32.37,33.29,31.76,33.23,631934,,,,,,,,,,,,,,,,,,,,,,39.629441354595535,36.52925812605984,#000000,0.0,0.0,5.906034958362374,36.106378260672884,-0.6326373424834771,0.0,0.0,0.0,0.0,0.0,0.0,0.0,0.0,47.61696309525526,-7.851331163565369,True,False,False,False,True,0.0,0,0.7586464062352614,0.9676361314995263,False,False,False,False,-0.12526104330408644,-0.16646495352641688,False,False,False,False,28488402,25905163.738777556,False,False,False,False,668086.0146010641,False,False,False,False
2025-01-22 00:00:00+00:00,31.99,32.19,31.22,31.96,704016,,,,,,,,,,,,,,,,,,,,,,39.56772576903238,36.520376720231994,#000000,0.0,0.0,5.500146842083205,36.076803657128984,-0.7430353724121829,0.0,0.0,0.0,0.0,0.0,0.0,0.0,0.0,49.2435205088766,-6.530057963053331,True,False,False,False,True,0.0,0,0.7740356733084723,0.9668752468138876,False,False,False,False,-0.1638657926856873,-0.1651653731060521,False,False,False,False,27784386,25978858.72941373,False,False,False,False,669495.0336363165,False,False,False,False
2025-01-23 00:00:00+00:00,32.15,32.2089,31.46,31.8,487954,,,,,,,,,,,,,,,,,,,,,,39.526277144196655,36.51442207224479,#000000,0.0,0.0,5.1964493444738755,36.05748082321215,-0.7519520665331867,0.0,0.0,0.0,0.0,0.0,0.0,0.0,0.0,50.62304253444658,-5.317121852275363,True,False,False,False,True,0.0,0,0.7442495293240371,0.991799771925117,False,False,False,False,-0.14459512727166332,-0.1548802501888577,False,False,False,False,28272340,26068799.171397503,False,False,False,False,662375.7774152845,False,False,False,False
2025-01-24 00:00:00+00:00,34.48,34.59,32.7901,33.1,680338,,,,,,,,,,,,,,,,,,,,,,39.48437422517338,36.509788685778794,"rgba(38, 166, 154, 1.0)",0.0,0.0,4.673309691224082,36.058974359909264,-0.3378706878498536,0.0,0.0,0.0,0.0,0.0,0.0,0.0,0.0,55.115698159859164,-1.1495342923993448,True,False,True,False,True,1.1664321553685326,0,0.7896732503052138,0.9566410303855667,False,False,False,False,-0.05175820583064943,-0.10331922800975357,False,False,False,False,28952678,26181892.45879368,False,False,False,False,663080.1783009596,False,False,False,False
2025-01-27 00:00:00+00:00,35.09,35.9,34.55,35.29,1729100,,,,,,,,,,,,,,,,,,,,,,39.403660645309095,36.50370221935514,"rgba(38, 166, 154, 1.0)",0.0,0.0,3.9735145172864947,36.09364547410296,-0.2525838196228229,0.0,0.0,0.0,0.0,0.0,0.0,0.0,0.0,58.853958917265714,2.2254972578301135,True,False,True,False,True,1.9127770760340077,0,0.8076602280264982,0.922971098764495,False,False,False,False,0.024298849199474556,-0.039510189405139506,False,False,False,False,30681778,26358358.558448832,False,False,False,False,704884.8771911182,False,False,False,False
2025-01-28 00:00:00+00:00,36.89,36.9,34.38,35.54,1054053,,,,,,,,,,,,,,,,,,,,,,39.365834014906646,36.50245840104235,"rgba(38, 166, 154, 1.0)",0.0,0.0,3.7907879591021714,36.124108077514066,0.2020402963048696,0.0,0.0,0.0,0.0,0.0,0.0,0.0,0.0,63.22898683574516,6.167820946436507,True,False,True,False,True,4.071626352740658,0,0.8299119056967134,0.8979219326511051,False,False,False,False,0.04487371490431084,0.002681762749585665,False,False,False,False,31735831,26569239.830666523,False,False,False,False,718577.7447522508,False,False,False,False
2025-01-29 00:00:00+00:00,36.08,37.75,35.86,37.46,1166130,,,,,,,,,,,,,,,,,,,,,,39.33122601570728,36.50264521232126,"rgba(38, 166, 154, 1.0)",0.0,0.0,3.637297186246145,36.16195441455481,-0.022531679529710264,0.0,0.0,0.0,0.0,0.0,0.0,0.0,0.0,64.3059803390511,7.050719439535911,True,False,True,False,True,3.01350112498141,0,0.8513476015613453,0.8824885969347118,False,False,False,False,0.10289248506273097,0.05278712390615831,False,False,False,False,30569701,26726120.660836466,False,False,False,False,736128.8135854959,False,False,False,False
2025-01-30 00:00:00+00:00,38.79,39.39,36.31,36.31,1176897,,,,,,,,,,,,,,,,,,,,,,39.31684975191247,36.507772659459846,"rgba(38, 166, 154, 1.0)",0.0,0.0,3.492777387277086,36.22553483029594,0.7342194721729098,0.0,0.0,0.0,0.0,0.0,0.0,0.0,0.0,67.48450237541059,10.03111146298631,True,False,True,False,True,6.158530637350605,0,0.8732212000128325,0.8451160339596597,False,False,False,False,0.15551793325020674,0.10415252857818252,False,False,False,False,31746598,26923002.125117388,False,False,False,False,753413.8405037118,False,False,False,False
2025-01-31 00:00:00+00:00,36.08,38.47,35.6781,38.38,1476905,,,,,,,,,,,,,,,,,,,,,,39.27769057543831,36.50867939640751,"rgba(38, 166, 154, 1.0)",0.0,0.0,3.2810138906903923,36.262567090640275,-0.055643498236412674,0.0,0.0,0.0,0.0,0.0,0.0,0.0,0.0,64.80613146254997,10.03111146298631,True,False,True,False,True,2.694834818512504,0,0.8595263951796787,0.8594068074072221,False,False,False,False,0.11637600355179173,0.11026426606498713,False,False,False,False,30269693,27054244.90452455,False,False,False,False,781786.0428368996,False,False,False,False
2025-02-03 00:00:00+00:00,35.21,36.42,33.58,34.0,782614,,,,,,,,,,,,,,,,,,,,,,39.24404315859262,36.50574296743861,"rgba(38, 166, 154, 0.75)",0.0,0.0,3.143709205273645,36.25973634657371,-0.33391649100774096,0.0,0.0,0.0,0.0,0.0,0.0,0.0,0.0,61.744447349069624,10.03111146298631,True,False,True,False,False,1.6235821733201234,0,0.8299794414253816,0.9001549421496232,False,False,False,False,0.013153503675335814,0.06170888487016147,False,False,False,False,29487079,27149650.163170647,False,False,False,False,781818.5117452566,False,False,False,False
2025-02-04 00:00:00+00:00,37.42,38.41,36.5843,36.83,860913,,,,,,,,,,,,,,,,,,,,,,39.22858602047942,36.50790633849842,"rgba(38, 166, 154, 0.75)",0.0,0.0,3.144205085037938,36.28709777378598,0.36031435468540746,0.0,0.0,0.0,0.0,0.0,0.0,0.0,0.0,61.959232506289254,10.03111146298631,True,False,True,False,False,4.155518225776621,0,0.8569337015615022,0.8661481059329305,False,False,False,False,0.1376672579066053,0.09968807138838338,False,False,False,False,30347992,27275075.333242387,False,False,False,False,784920.2563826976,False,False,False,False
2025-02-05 00:00:00+00:00,35.8,36.7078,35.64,36.23,399564,,,,,,,,,,,,,,,,,,,,,,39.215770888212106,36.50742997277201,"rgba(38, 166, 154, 0.75)",0.0,0.0,3.1159573330207797,36.29071615371852,-0.15748487584160725,0.0,0.0,0.0,0.0,0.0,0.0,0.0,0.0,59.825226112641474,17.390292007624183,True,False,True,False,False,2.163895665998755,0,0.8340990787303995,0.8878866401114388,False,False,False,False,0.07140183431894528,0.08554495285366434,False,False,False,False,29948428,27379912.69272308,False,False,False,False,769808.2463284741,False,False,False,False
2025-02-06 00:00:00+00:00,37.16,37.41,36.65,36.99,459438,,,,,,,,,,,,,,,,,,,,,,39.20588696275495,36.50810501875794,"rgba(38, 166, 154, 0.75)",0.0,0.0,3.1271398448032732,36.3015074427343,0.27452963406556763,0.0,0.0,0.0,0.0,0.0,0.0,0.0,0.0,59.76298943999291,17.053888822496162,True,False,True,False,False,3.7006665664657596,0,0.8541021465373618,0.8691055455464255,False,False,False,False,0.11416566794087432,0.09985531039726933,False,False,False,False,30407866,27498655.959675115,False,False,False,False,757636.8641195144,False,False,False,False
2025-02-07 00:00:00+00:00,38.52,39.695,37.85,38.79,1369793,,,,,,,,,,,,,,,,,,,,,,39.198864784964684,36.51583145591094,"rgba(38, 166, 154, 0.75)",0.0,0.0,3.1240249255131847,36.36249151671682,0.6906182039916874,0.0,0.0,0.0,0.0,0.0,0.0,0.0,0.0,60.955860064969926,17.053888822496162,True,False,True,False,False,5.203361595114199,0,0.8750968012034865,0.8407021980665231,False,False,False,False,0.2026862965023156,0.15127080344979246,False,False,False,False,31777659,27666460.00047217,False,False,False,False,781642.9870952198,False,False,False,False
2025-02-10 00:00:00+00:00,41.15,41.4,40.16,40.99,997174,,,,,,,,,,,,,,,,,,,,,,39.215535449195514,36.5271213963583,"rgba(38, 166, 154, 0.75)",0.0,0.0,3.1913459680529646,36.43396658019081,1.4777568671711363,0.0,0.0,0.0,0.0,0.0,0.0,0.0,0.0,63.74650635367374,17.053888822496162,True,False,True,False,False,7.990216506092448,0,0.8871139868299983,0.8172341382744641,False,False,False,False,0.3088175004126639,0.23004415193122818,False,False,False,False,32774833,27866788.35339483,False,False,False,False,790095.183679721,False,False,False,False
2025-02-11 00:00:00+00:00,39.47,40.39,38.75,39.37,877408,,,,,,,,,,,,,,,,,,,,,,39.21827548092763,36.53392006170031,"rgba(38, 166, 154, 0.75)",0.0,0.0,3.1996587265321796,36.4775161365075,0.9352509499460853,0.0,0.0,0.0,0.0,0.0,0.0,0.0,0.0,63.2282604457085,17.053888822496162,True,False,True,False,False,5.885101414771576,0,0.8629288504838917,0.8255432656301057,False,False,False,False,0.24418569015772287,0.2371149210444755,False,False,False,False,31897425,28024852.535614643,False,False,False,False,793519.2156922809,False,False,False,False
2025-02-12 00:00:00+00:00,41.67,42.236,39.8351,40.405,894829,,,,,,,,,,,,,,,,,,,,,,39.23577712809277,36.5447535846264,"rgba(38, 166, 154, 1.0)",0.0,0.0,3.2784550159624852,36.540007032004894,1.5647592976013582,0.0,0.0,0.0,0.0,0.0,0.0,0.0,0.0,64.51009522839354,17.053888822496162,True,False,True,False,True,8.150953156143629,0,0.866645357920195,0.8135549905420736,False,False,False,False,0.3227762034507008,0.27994556224758815,False,False,False,False,32792254,28211809.45578662,False,False,False,False,797492.1484102308,False,False,False,False
2025-02-13 00:00:00+00:00,43.31,43.32,40.58,40.58,1996584,,,,,,,,,,,,,,,,,,,,,,39.29559631524661,36.5746473090756,"rgba(38, 166, 154, 1.0)",0.0,0.0,3.4145594610382495,36.69910727048702,1.9360895028909055,0.0,0.0,0.0,0.0,0.0,0.0,0.0,0.0,66.41549197698572,17.053888822496162,True,False,True,False,True,9.777448011215956,0,0.8886646455868579,0.8012858281115957,False,False,False,False,0.342828249079244,0.3113869056634161,False,False,False,False,34788838,28469732.14379499,False,False,False,False,844515.3582764963,False,False,False,False
2025-02-14 00:00:00+00:00,46.24,47.7,45.02,47.39,2189192,,,,,,,,,,,,,,,,,,,,,,39.438098298484064,36.62886718165032,"rgba(38, 166, 154, 1.0)",0.0,0.0,3.6453266899329333,36.96181453981501,2.545227423870669,0.0,0.0,0.0,0.0,0.0,0.0,0.0,0.0,69.25745182515351,13.2087034602376,True,False,True,False,True,12.547604310894293,0,0.9141847139301378,0.7875292210697225,False,False,False,False,0.3428282503658717,0.3271075780146439,False,False,False,False,36978030,28803390.88325401,False,False,False,False,897247.7755989867,False,False,False,False
2025-02-18 00:00:00+00:00,46.34,47.63,45.35,47.46,2429421,,,,,,,,,,,,,,,,,,,,,,39.592260396671016,36.68907125043639,"rgba(38, 166, 154, 1.0)",0.0,0.0,3.8325342859651514,37.23149703685965,2.376626608794068,0.0,0.0,0.0,0.0,0.0,0.0,0.0,0.0,71.20145946978212,15.206454162108443,True,False,True,False,True,12.639844456517771,0,0.9136446248839105,0.7960264841050315,False,False,False,False,0.34282825039445136,0.33496791420454763,False,False,False,False,39407451,29219236.378028363,False,False,False,False,957333.000085301,False,False,False,False
2025-02-19 00:00:00+00:00,44.59,46.0,43.97,46.0,1346263,,,,,,,,,,,,,,,,,,,,,,39.65567603571119,36.71673916793361,"rgba(38, 166, 154, 1.0)",0.0,0.0,3.958107359633819,37.34690202305028,1.8299397461568119,0.0,0.0,0.0,0.0,0.0,0.0,0.0,0.0,69.94064995266903,15.206454162108443,True,False,True,False,True,10.387791335455926,0,0.9114434005684274,0.8059781173210933,False,False,False,False,0.28342813015994517,0.3091980221822464,False,False,False,False,38061188,29565979.578889996,False,False,False,False,972585.156944701,False,False,False,False
2025-02-20 00:00:00+00:00,46.18,49.07,44.4001,47.43,2597411,,,,,,,,,,,,,,,,,,,,,,39.812366422622425,36.78061535597317,"rgba(38, 166, 154, 1.0)",0.0,0.0,4.1431544629996075,37.603074695028305,2.070143747129832,0.0,0.0,0.0,0.0,0.0,0.0,0.0,0.0,70.10615652129069,15.206454162108443,True,False,True,False,True,11.891277449777473,0,0.9158319263596651,0.7804745919420749,False,False,False,False,0.3428282504472415,0.32601313631474393,False,False,False,False,40658599,30000984.262070782,False,False,False,False,1036303.8174566736,False,False,False,False
2025-02-21 00:00:00+00:00,48.81,50.47,47.9101,48.85,2442580,,,,,,,,,,,,,,,,,,,,,,40.00594673702455,36.85519131368312,"rgba(38, 166, 154, 1.0)",0.0,0.0,4.419773291721296,37.88974040973506,2.47077369572773,0.0,0.0,0.0,0.0,0.0,0.0,0.0,0.0,71.63785489660991,16.142091403523082,True,False,True,False,True,14.276210801448617,0,0.9333622061729007,0.7664489813764598,False,False,False,False,0.34282825090850055,0.33442069361162224,False,False,False,False,43101179,30514717.3890484,False,False,False,False,1091451.903046608,False,False,False,False
2025-02-24 00:00:00+00:00,42.73,45.86,42.225,45.86,1544642,,,,,,,,,,,,,,,,,,,,,,40.05295027813117,36.881008527836165,"rgba(38, 166, 154, 0.75)",0.0,0.0,4.492728997314527,37.97470575278863,1.0584422630552133,0.0,0.0,0.0,0.0,0.0,0.0,0.0,0.0,65.97671445416509,21.665281371962223,True,False,True,False,False,6.9688978337116865,0,0.8873698582234317,0.8123535058621589,False,False,False,False,0.1707806274170882,0.2526006605143552,False,False,False,False,41556537,30947729.92281121,False,False,False,False,1109224.063711447,False,False,False,False
2025-02-25 00:00:00+00:00,42.97,43.6,42.2,43.53,675177,,,,,,,,,,,,,,,,,,,,,,40.069243230331814,36.891093769157614,"rgba(38, 166, 154, 0.75)",0.0,0.0,4.5621463339507065,38.00607920083415,1.0880669833462389,0.0,0.0,0.0,0.0,0.0,0.0,0.0,0.0,62.37672137837296,18.341163238596124,True,False,True,False,False,7.192451393605914,0,0.9088265232496376,0.8160971799772117,False,False,False,False,0.13423692755954791,0.19341879403695156,False,False,False,False,42231714,31390239.10230881,False,False,False,False,1092202.6102325667,False,False,False,False
2025-02-26 00:00:00+00:00,45.01,46.5399,44.4201,46.28,834001,,,,,,,,,,,,,,,,,,,,,,40.105825610460386,36.908442975844174,"rgba(38, 166, 154, 0.75)",0.0,0.0,4.659823336225316,38.06405139850979,1.4906034199821756,0.0,0.0,0.0,0.0,0.0,0.0,0.0,0.0,61.42937256300748,17.498661038411868,True,False,True,False,False,9.071508890999997,0,0.9283683992679174,0.7824258463988548,False,False,False,False,0.2174237375557247,0.20542126579633813,False,False,False,False,43065715,31848100.902218267,False,False,False,False,1082077.0568901133,False,False,False,False
2025-02-27 00:00:00+00:00,43.63,44.9,42.88,44.31,666699,,,,,,,,,,,,,,,,,,,,,,40.12629176334216,36.91976472587555,"rgba(38, 166, 154, 0.75)",0.0,0.0,4.738669792681536,38.09945302526778,1.1671095933448823,0.0,0.0,0.0,0.0,0.0,0.0,0.0,0.0,59.45895396160563,15.596662790019224,True,False,True,False,False,7.493517281383362,0,0.9112390454014393,0.8037527862437598,False,False,False,False,0.16587869145053533,0.18564997862343674,False,False,False,False,42399016,32261862.278601866,False,False,False,False,1065787.7213257952,False,False,False,False
2025-02-28 00:00:00+00:00,41.64,41.84,40.43,40.8,884073,,,,,,,,,,,,,,,,,,,,,,40.13486808866855,36.92928890842135,"rgba(38, 166, 154, 0.5)",0.0,0.0,4.723636745329546,38.123863359257264,0.7443706682609085,0.0,0.0,0.0,0.0,0.0,0.0,0.0,0.0,56.356342442905465,12.629624453344533,False,False,True,False,False,5.276385180150111,0,0.9060164764127518,0.8151401213041675,False,False,False,False,0.07844076733150396,0.13204537297747035,False,False,False,False,41514943,32624728.189244933,False,False,False,False,1058661.653822823,False,False,False,False
2025-03-03 00:00:00+00:00,40.21,42.4548,39.86,42.15,587918,,,,,,,,,,,,,,,,,,,,,,40.138276040811846,36.934933530464804,#000000,0.0,0.0,4.750687205864325,38.42772124959884,0.3751623024561768,0.0,0.0,0.0,0.0,0.0,0.0,0.0,0.0,53.10120349610558,9.565637294894586,False,False,False,False,False,3.7249241014740626,0,0.9184904450092094,0.8095774597066089,False,False,False,False,0.07914512051974759,0.10559524674860897,False,False,False,False,40927025,32950308.45633337,False,False,False,False,1040201.1183787907,False,False,False,False
2025-03-04 00:00:00+00:00,42.3,42.98,40.4,41.12,972313,,,,,,,,,,,,,,,,,,,,,,40.152161801591895,36.94673666405838,#000000,0.0,0.0,4.808711798588597,38.49053582381987,0.7922005592637602,0.0,0.0,0.0,0.0,0.0,0.0,0.0,0.0,52.75481451641704,9.20129075545674,False,False,False,False,False,5.721722996847692,0,0.922725172054282,0.8085629454189175,False,False,False,False,0.09591706017959374,0.10075615346410136,False,False,False,False,41899338,33301250.79137912,False,False,False,False,1037538.8392266813,False,False,False,False
2025-03-05 00:00:00+00:00,48.34,48.62,44.86,44.86,1371161,,,,,,,,,,,,,,,,,,,,,,40.230738440485965,36.98128601675026,"rgba(38, 166, 154, 0.5)",0.0,0.0,5.0170816323468514,38.73471686706925,1.9145160148485896,0.0,0.0,0.0,0.0,0.0,0.0,0.0,0.0,56.4492083249504,9.20129075545674,False,False,True,False,True,11.008415829676188,0,0.9490477253594553,0.7740822615811379,False,False,False,False,0.2590813802223615,0.17991876684323144,False,False,False,False,43270499,33692201.70152111,False,False,False,False,1050622.0612177919,False,False,False,False
2025-03-06 00:00:00+00:00,48.9,51.4199,48.2,50.67,1379878,,,,,,,,,,,,,,,,,,,,,,40.332610261030204,37.023316552895864,"rgba(38, 166, 154, 1.0)",0.0,0.0,5.225365300168572,38.95363876943223,1.9034767253969582,0.0,0.0,0.0,0.0,0.0,0.0,0.0,0.0,59.20674610954422,2.5156657750567177,True,False,True,False,True,11.467096790838948,0,0.9785871093202183,0.7461926125324035,False,False,False,False,0.3428282510084972,0.2613735089258643,False,False,False,False,44650377,34121934.06616735,False,False,False,False,1063534.0588170942,False,False,False,False
2025-03-07 00:00:00+00:00,49.09,50.92,48.22,49.42,906931,,,,,,,,,,,,,,,,,,,,,,40.39766354149758,37.05057536728804,"rgba(38, 166, 154, 1.0)",0.0,0.0,5.414405100016163,39.069023940800335,1.8507990950233395,0.0,0.0,0.0,0.0,0.0,0.0,0.0,0.0,61.151399867030456,4.395046967072808,True,False,True,False,True,11.624368154587465,0,0.9844122877227257,0.753596578587685,False,False,False,False,0.3346752160179929,0.2980243624719286,False,False,False,False,45557308,34570380.10278824,False,False,False,False,1057392.7623928944,False,False,False,False
2025-03-10 00:00:00+00:00,44.93,47.26,44.22,46.8,922359,,,,,,,,,,,,,,,,,,,,,,40.43436540962898,37.069376723419566,"rgba(38, 166, 154, 1.0)",0.0,0.0,5.4875637448870425,39.11353696630568,1.0599353928441786,0.0,0.0,0.0,0.0,0.0,0.0,0.0,0.0,58.57182924523891,4.395046967072808,True,False,True,False,True,7.084673126318048,0,0.9469647792768628,0.7773029788484336,False,False,False,False,0.20945101791612084,0.2537376901940247,False,False,False,False,44634949,34965069.079149485,False,False,False,False,1052097.320730428,False,False,False,False
2025-03-11 00:00:00+00:00,46.98,48.63,45.81,47.5,970752,,,,,,,,,,,,,,,,,,,,,,40.48504505193284,37.092989763869184,"rgba(38, 166, 154, 0.5)",0.0,0.0,5.610225400820708,39.186967986769545,1.3890764553043493,0.0,0.0,0.0,0.0,0.0,0.0,0.0,0.0,58.224098267955235,4.395046967072808,False,False,True,False,True,8.82845566196022,1,0.949360825222372,0.7672899854302078,False,False,False,False,0.25687690019242254,0.2553072951932236,False,False,False,False,45605701,35382348.762320094,False,False,False,False,1048907.308152764,False,False,False,False
2025-03-12 00:00:00+00:00,45.74,46.46,44.41,46.03,471410,,,,,,,,,,,,,,,,,,,,,,40.50351747887969,37.1025931289944,"rgba(38, 166, 154, 0.5)",0.0,0.0,5.69468684237437,39.21003786521414,1.1466762467421698,0.0,0.0,0.0,0.0,0.0,0.0,0.0,0.0,56.92760025037899,4.395046967072808,False,False,True,False,False,7.520692378143632,1,0.9350817452093961,0.7860205199165824,False,False,False,False,0.19979835482250305,0.22755282500786334,False,False,False,False,45134291,35764777.86968009,False,False,False,False,1026260.3548918713,False,False,False,False
2025-03-13 00:00:00+00:00,45.65,46.3899,43.979,44.2,503379,,,,,,,,,,,,,,,,,,,,,,40.522327689114604,37.11258466375971,"rgba(38, 166, 154, 0.5)",0.0,0.0,5.77908201998172,39.233273780617914,1.1103365893052997,0.0,0.0,0.0,0.0,0.0,0.0,0.0,0.0,55.983339471421715,4.395046967072808,False,False,True,False,False,7.425457990798037,1,0.9399405280955581,0.7848592885638891,False,False,False,False,0.19189640480737516,0.20972461490761923,False,False,False,False,44630912,36112469.40420245,False,False,False,False,1005755.2037196412,False,False,False,False
2025-03-14 00:00:00+00:00,48.27,48.625,47.33,48.48,619619,,,,,,,,,,,,,,,,,,,,,,40.55831529203563,37.128928309463284,"rgba(38, 166, 154, 0.5)",0.0,0.0,5.910054811544905,39.28628136512945,1.52007365774704,0.0,0.0,0.0,0.0,0.0,0.0,0.0,0.0,57.24849929458746,4.395046967072808,False,False,True,False,False,9.665250887515917,1,0.9622424427559254,0.7692686372466719,False,False,False,False,0.2815823113775674,0.24565346314259331,False,False,False,False,45250531,36470824.76090039,False,False,False,False,990612.6074953416,False,False,False,False
2025-03-17 00:00:00+00:00,52.33,52.58,48.38,48.41,828359,,,,,,,,,,,,,,,,,,,,,,40.625020708012876,37.15671250975192,"rgba(38, 166, 154, 1.0)",0.0,0.0,6.128227590618466,40.162068264159686,1.9855548045356315,0.0,0.0,0.0,0.0,0.0,0.0,0.0,0.0,60.428499946309955,4.395046967072808,True,False,True,False,True,12.91898618856274,1,0.9722885202208679,0.7432812320790592,False,False,False,False,0.342828251110362,0.2942408571264777,False,False,False,False,46078890,36847611.63302194,False,False,False,False,984249.7209268968,False,False,False,False
2025-03-18 00:00:00+00:00,51.05,52.43,50.07,52.01,846893,,,,,,,,,,,,,,,,,,,,,,40.69290846311167,37.18518021742114,"rgba(38, 166, 154, 1.0)",0.0,0.0,6.292689921590867,40.262955343599195,1.7142183693795783,0.0,0.0,0.0,0.0,0.0,0.0,0.0,0.0,61.27963740350053,5.339247970602393,True,False,True,False,True,11.53262707837192,0,0.9934339463350935,0.7439223608414877,False,False,False,False,0.34282825122014965,0.31853455417331367,False,False,False,False,45231997,37176411.05917794,False,False,False,False,978863.1828513322,False,False,False,False
2025-03-19 00:00:00+00:00,50.61,52.1,49.92,52.1,415951,,,,,,,,,,,,,,,,,,,,,,40.72496741379094,37.19881445874711,"rgba(38, 166, 154, 1.0)",0.0,0.0,6.429975122556625,40.305607330073066,1.6025556045743765,0.0,0.0,0.0,0.0,0.0,0.0,0.0,0.0,61.40416392315697,5.71371504699826,True,False,True,False,True,11.056641174265518,0,0.9921377786875979,0.7486732071874436,False,False,False,False,0.33517887330130813,0.3268567137373109,False,False,False,False,44816046,37476004.586269006,False,False,False,False,956788.195288535,False,False,False,False
2025-03-20 00:00:00+00:00,46.94,47.83,46.05,46.42,705873,,,,,,,,,,,,,,,,,,,,,,40.75799334636085,37.215248458935115,"rgba(38, 166, 154, 0.5)",0.0,0.0,6.4966142195158145,40.293532321498674,1.0230663933430664,0.0,0.0,0.0,0.0,0.0,0.0,0.0,0.0,58.154407536472064,5.71371504699826,False,False,True,False,False,7.207930787999427,0,0.9798232688510224,0.7708489637414547,False,False,False,False,0.21032978569739663,0.26859324971735377,False,False,False,False,44110173,37736168.05347414,False,False,False,False,946948.3837085925,False,False,False,False
2025-03-21 00:00:00+00:00,45.05,45.64,44.3,45.3,757053,,,,,,,,,,,,,,,,,,,,,,40.78201336002624,37.22930261744133,"rgba(38, 166, 154, 0.5)",0.0,0.0,6.525500214725206,40.26463788015725,0.7333326124247566,0.0,0.0,0.0,0.0,0.0,0.0,0.0,0.0,54.53919722957228,10.27147090166315,False,False,True,False,False,5.320262738136048,0,0.9651646013823791,0.7683737809496757,False,False,False,False,0.15235874563239105,0.2104759976748724,False,False,False,False,43353120,37956440.6788281,False,False,False,False,939501.5059160987,False,False,False,False
2025-03-24 00:00:00+00:00,45.27,46.14,44.9,46.14,761771,,,,,,,,,,,,,,,,,,,,,,40.808404575883415,37.24419140659169,#000000,0.0,0.0,6.560146291752638,40.26277767072871,0.7632790652193736,0.0,0.0,0.0,0.0,0.0,0.0,0.0,0.0,52.31625749286506,8.145830776509015,False,True,False,False,False,5.509789410262979,0,0.9760861733447908,0.7600504070658481,False,False,False,False,0.1684254478557223,0.18945072276529734,False,False,False,False,44114891,38197948.53456033,False,False,False,False,932531.6821546832,False,False,False,False
2025-03-25 00:00:00+00:00,43.97,45.6,43.8,44.36,534044,,,,,,,,,,,,,,,,,,,,,,40.822848588061746,37.25335235952431,#000000,0.0,0.0,6.5750852665711585,40.25585964984547,0.5648809406378112,0.0,0.0,0.0,0.0,0.0,0.0,0.0,0.0,49.80044722833149,5.745307950830551,False,True,False,False,False,4.210690473471516,0,0.9798199149409378,0.7631529525195347,False,False,False,False,0.1445004291025737,0.16697557593393553,False,False,False,False,43580847,38409042.59202856,False,False,False,False,916904.7142270486,False,False,False,False
2025-03-26 00:00:00+00:00,44.51,45.37,43.47,44.44,493571,,,,,,,,,,,,,,,,,,,,,,40.83607231485593,37.261790555985264,"rgba(239, 83, 80, 1.0)",0.0,0.0,6.583046754536142,40.253365958105256,0.6466054701740721,0.0,0.0,0.0,0.0,0.0,0.0,0.0,0.0,48.652596412618635,4.608037071118176,False,True,False,True,False,4.691557882415516,0,0.9772990290579457,0.7661791935965871,False,False,False,False,0.12210181265201744,0.1445386942929765,False,False,False,False,44074418,38631214.17665489,False,False,False,False,900303.3921004976,False,False,False,False
2025-03-27 00:00:00+00:00,46.52,47.3492,44.91,45.09,901170,,,,,,,,,,,,,,,,,,,,,,40.87193613221764,37.28101221932019,#000000,0.0,0.0,6.617492842244134,40.28689895408007,0.9419127749001315,0.0,0.0,0.0,0.0,0.0,0.0,0.0,0.0,49.770735571320714,4.608037071118176,False,True,False,False,False,6.459948950658081,0,0.9828559677480299,0.7556824622646721,False,False,False,False,0.17157573528762618,0.15805721479030133,False,False,False,False,44975588,38880013.1501194,False,False,False,False,900337.3767240075,False,False,False,False
2025-03-28 00:00:00+00:00,43.48,44.86,43.26,44.86,546224,,,,,,,,,,,,,,,,,,,,,,40.883891105363496,37.28952847631949,"rgba(239, 83, 80, 1.0)",0.0,0.0,6.617615332751141,40.28419293723544,0.4829242713683035,0.0,0.0,0.0,0.0,0.0,0.0,0.0,0.0,47.93133821211565,3.766460633072967,False,True,False,True,False,3.416070110147455,0,0.9587359092479886,0.770874447722489,False,False,False,False,0.10559681096864316,0.13182701287947224,False,False,False,False,44429364,39097634.75207551,False,False,False,False,886450.5776367916,False,False,False,False
2025-03-31 00:00:00+00:00,43.06,43.385,41.8824,42.52,489555,,,,,,,,,,,,,,,,,,,,,,40.890635930891996,37.295879661521205,"rgba(239, 83, 80, 1.0)",0.0,0.0,6.6287285749343825,40.27427579166323,0.42025015458780485,0.0,0.0,0.0,0.0,0.0,0.0,0.0,0.0,46.378226415294264,2.1422056052899947,False,True,False,True,False,3.005151186291471,0,0.9491811523368322,0.7821093119129583,False,False,False,False,0.039062678731818054,0.08544484580564515,False,False,False,False,43939809,39287523.938268624,False,False,False,False,870886.0451804468,False,False,False,False
2025-04-01 00:00:00+00:00,43.5,43.9,42.86,43.4,267473,,,,,,,,,,,,,,,,,,,,,,40.895553100619985,37.299750678285015,"rgba(239, 83, 80, 1.0)",0.0,0.0,6.6458842763974815,40.27277086937032,0.48559815314434834,0.0,0.0,0.0,0.0,0.0,0.0,0.0,0.0,45.8136326550232,1.4151457704849761,False,True,False,True,False,3.4062060215016032,0,0.9531801968283979,0.7923882991677051,False,False,False,False,0.0643326544712253,0.07488875013843523,False,False,False,False,44207282,39480455.62696397,False,False,False,False,847222.7885067038,False,False,False,False
2025-04-02 00:00:00+00:00,43.26,43.81,42.79,43.62,304903,,,,,,,,,,,,,,,,,,,,,,40.90084028480311,37.304061434184995,"rgba(239, 83, 80, 1.0)",0.0,0.0,6.655280374510199,40.27092371871455,0.44912852848899437,0.0,0.0,0.0,0.0,0.0,0.0,0.0,0.0,45.21799688790016,0.6007250678774554,False,True,False,True,False,3.163857259736538,0,0.9447413446054749,0.7954372268230963,False,False,False,False,0.06162046638658249,0.06825460826250886,False,False,False,False,43902379,39653864.38669088,False,False,False,False,825955.3458201664,False,False,False,False
2025-04-03 00:00:00+00:00,42.25,42.73,40.95,40.95,826996,,,,,,,,,,,,,,,,,,,,,,40.90725402349479,37.31316902981084,"rgba(239, 83, 80, 1.0)",0.0,0.0,6.656737782950416,40.25097201087092,0.3003014470915615,0.0,0.0,0.0,0.0,0.0,0.0,0.0,0.0,43.884735245232235,-0.9228856480984078,False,True,False,True,False,2.1399659314187147,0,0.9342903382193578,0.7944911024924429,False,False,False,False,0.010122720127242727,0.039188664194875794,False,False,False,False,43075383,39788041.58721281,False,False,False,False,825996.155788003,False,False,False,False
2025-04-04 00:00:00+00:00,34.42,36.54,32.23,35.73,2072422,,,,,,,,,,,,,,,,,,,,,,40.81141910944588,37.29899264079048,"rgba(239, 83, 80, 1.0)",0.0,0.0,6.665268579765489,39.98849806549322,-0.8354499145613031,0.0,0.0,0.0,0.0,0.0,0.0,0.0,0.0,38.15510910620476,-6.451462551633803,False,True,False,True,False,0.0,0,0.8992430539719436,0.8105688898459291,False,False,False,False,-0.31378875799488404,-0.13730004690000414,False,False,False,False,41002961,39835685.485753484,False,False,False,False,874875.6006590617,False,False,False,False
2025-04-07 00:00:00+00:00,30.0,34.7,28.25,30.0,3111683,,,,,,,,,,,,,,,,,,,,,,40.59890113161052,37.25323316448767,"rgba(239, 83, 80, 1.0)",0.0,0.0,6.718600233047505,39.547952930386955,-1.4211223467981333,0.0,0.0,0.0,0.0,0.0,0.0,0.0,0.0,32.73801028733335,-11.427336398234246,False,True,False,True,False,0.0,0,0.8714599163372847,0.8396054318893929,False,False,False,False,-0.34282825441539394,-0.24006415065769904,False,False,False,False,37891278,39759434.21180237,False,False,False,False,962593.5378881181,False,False,False,False
2025-04-08 00:00:00+00:00,27.79,32.58,26.93,32.57,1027645,,,,,,,,,,,,,,,,,,,,,,40.517366810953455,37.2337705118119,"rgba(239, 83, 80, 1.0)",0.0,0.0,6.829214533904697,39.018469196141226,-1.6441816464244527,1.0,32.58,26.93,0.0,0.0,0.0,0.0,0.0,28.470544411611527,-15.194847590080876,False,True,False,True,False,0.0,0,0.8558289616042075,0.8660891357381487,False,False,False,False,-0.34282825441539394,-0.2914462025365465,False,False,False,False,36863633,39645873.37996698,True,False,False,False,965144.5756179958,True,False,False,False
2025-04-09 00:00:00+00:00,31.18,31.59,27.92,29.22,1496823,,,,,,,,,,,,,,,,,,,,,,40.41220614282016,37.20950306943929,"rgba(239, 83, 80, 1.0)",0.0,0.0,6.857076514090799,38.87483345844923,-1.1221740697565357,0.0,0.0,0.0,0.0,0.0,0.0,0.0,0.0,29.139224899447722,-15.194847590080876,False,True,False,True,False,0.0,0,0.8634649250479863,0.8788608475930667,False,False,False,False,-0.3428282544153937,-0.31713722847597015,False,False,False,False,38360456,39595464.8552624,False,False,False,False,985994.7099074862,False,False,False,False
2025-04-10 00:00:00+00:00,30.45,32.5,29.67,32.05,1031390,,,,,,,,,,,,,,,,,,,,,,40.345487021871755,37.194411454149936,"rgba(239, 83, 80, 1.0)",0.0,0.0,6.896864565588022,38.78499744880549,-1.2085198091888087,0.0,0.0,0.0,0.0,0.0,0.0,0.0,0.0,29.277780704397514,-15.194847590080876,False,True,False,True,False,0.0,0,0.8659546448609989,0.8791975504249816,False,False,False,False,-0.2976522095982856,-0.3073947190371279,False,False,False,False,37329066,39506586.46878152,False,False,False,False,987774.9173620946,False,False,False,False
2025-04-11 00:00:00+00:00,32.3,32.48,29.98,31.59,714266,,,,,,,,,,,,,,,,,,,,,,40.303265161915604,37.185176846326634,"rgba(239, 83, 80, 0.75)",0.0,0.0,6.912484235519279,38.73330077457939,-0.9306785455686629,0.0,0.0,0.0,0.0,0.0,0.0,0.0,0.0,31.19589261534204,-15.194847590080876,False,True,False,True,True,0.0,0,0.8658379458881516,0.8904558278381584,False,False,False,False,-0.2928005511119438,-0.30009763507453585,False,False,False,False,38043332,39449203.94059402,False,False,False,False,977049.0774655419,False,False,False,False
2025-04-14 00:00:00+00:00,33.79,35.63,33.41,33.41,542638,,,,,,,,,,,,,,,,,,,,,,40.28127508953716,37.18154265290191,"rgba(239, 83, 80, 0.75)",0.0,0.0,6.911341943461899,38.72455853678915,-0.7139797997489069,0.0,0.0,0.0,0.0,0.0,0.0,0.0,0.0,33.870243277279314,-15.194847590080876,False,True,False,True,True,0.0,0,0.8865474469772249,0.8717855099521213,False,False,False,False,-0.1858004972515077,-0.24294906616302178,False,False,False,False,38585970,39415351.62919817,False,False,False,False,960013.3489374815,False,False,False,False
2025-04-15 00:00:00+00:00,33.48,34.01,33.17,33.59,227227,,,,,,,,,,,,,,,,,,,,,,40.27101093249288,37.17964528153518,"rgba(239, 83, 80, 0.75)",0.0,0.0,6.915938179372134,38.71625484130688,-0.7571286361299222,0.0,0.0,0.0,0.0,0.0,0.0,0.0,0.0,35.46313625478777,-21.03949273402703,False,True,False,True,True,0.0,0,0.8969106091871066,0.867424550453866,False,False,False,False,-0.2155232125309155,-0.22923613934696863,False,False,False,False,38358743,39373915.996680595,False,False,False,False,931276.6293713058,False,False,False,False
2025-04-16 00:00:00+00:00,31.46,32.2,30.95,31.74,749377,,,,,,,,,,,,,,,,,,,,,,40.22728569248805,37.16992988620563,"rgba(239, 83, 80, 0.75)",0.0,0.0,6.947107524355096,38.65688393953632,-1.0359540160139398,0.0,0.0,0.0,0.0,0.0,0.0,0.0,0.0,35.309564259381816,-21.001040632643154,False,True,False,True,True,0.0,0,0.8761168661138798,0.8896079452215611,False,False,False,False,-0.28131016798621916,-0.25527315366659387,False,False,False,False,37609366,39304717.95759509,False,False,False,False,924143.3105724312,False,False,False,False
2025-04-17 00:00:00+00:00,31.49,33.0,31.49,32.65,304751,,,,,,,,,,,,,,,,,,,,,,40.210556623793195,37.16630797997469,"rgba(239, 83, 80, 0.75)",0.0,0.0,6.966329639677187,38.63571966543243,-1.025751010221153,0.0,0.0,0.0,0.0,0.0,0.0,0.0,0.0,35.24052623662947,-20.767187176409003,False,True,False,True,True,0.0,0,0.8897709293438948,0.87780874823954,False,False,False,False,-0.25919775285979546,-0.25723545326319464,False,False,False,False,37914117,39250184.58670901,False,False,False,False,899853.416040179,False,False,False,False
2025-04-21 00:00:00+00:00,31.59,31.6715,30.66,31.66,183711,,,,,,,,,,,,,,,,,,,,,,40.199665385812935,37.1638377707379,"rgba(239, 83, 80, 0.75)",0.0,0.0,6.967187101557151,38.62062893481113,-1.0091058030061801,0.0,0.0,0.0,0.0,0.0,0.0,0.0,0.0,35.315886558545934,-20.320884648327226,False,True,False,True,True,0.0,0,0.882997305232314,0.8958181387821397,False,False,False,False,-0.2949486717252517,-0.27609206249422313,False,False,False,False,38097828,39204994.132328264,False,False,False,False,871769.3997248779,False,False,False,False
2025-04-22 00:00:00+00:00,33.67,34.61,32.83,33.07,540094,,,,,,,,,,,,,,,,,,,,,,40.17638633827658,37.159553909334946,"rgba(239, 83, 80, 0.75)",0.0,0.0,6.946235309357812,38.60017980375987,-0.7097628548687435,0.0,0.0,0.0,0.0,0.0,0.0,0.0,0.0,37.813623361034715,-17.61711684712901,False,True,False,True,True,0.0,0,0.886045950977013,0.8976344116275962,False,False,False,False,-0.21134696666393976,-0.24371951457908145,False,False,False,False,38637922,39182756.00949186,False,False,False,False,858762.5213042945,False,False,False,False
2025-04-23 00:00:00+00:00,35.27,37.0554,35.17,35.46,782780,,,,,,,,,,,,,,,,,,,,,,40.153938936315996,37.157175944362315,"rgba(239, 83, 80, 0.75)",0.0,0.0,6.893490853271687,38.59758820683014,-0.482714531383014,0.0,0.0,0.0,0.0,0.0,0.0,0.0,0.0,41.15293306101276,-14.262151978374142,False,True,False,True,True,0.0,0,0.887496645634289,0.8953482516822823,False,False,False,False,-0.13561328044196205,-0.18966639751052175,False,False,False,False,39420702,39192087.22480591,False,False,False,False,855782.814586479,False,False,False,False
2025-04-24 00:00:00+00:00,35.4,35.675,34.07,34.68,389262,,,,,,,,,,,,,,,,,,,,,,40.140854567162336,37.15529944809748,"rgba(239, 83, 80, 0.75)",0.0,0.0,6.847601926524382,38.58978783094308,-0.46582553500771534,0.0,0.0,0.0,0.0,0.0,0.0,0.0,0.0,43.51456378353691,-11.936033142204579,False,True,False,True,True,0.0,0,0.8937786573267619,0.9020572092656742,False,False,False,False,-0.17462162047236743,-0.1821440089914446,False,False,False,False,39809964,39216317.68657822,False,False,False,False,837487.8806811268,False,False,False,False
2025-04-25 00:00:00+00:00,35.25,35.3,34.5,34.62,268898,,,,,,,,,,,,,,,,,,,,,,40.13179916015907,37.153985680798236,"rgba(239, 83, 80, 0.75)",0.0,0.0,6.784966667912303,38.5839538880457,-0.491373657561613,0.0,0.0,0.0,0.0,0.0,0.0,0.0,0.0,44.93160584110889,-10.510333484794792,False,True,False,True,True,0.0,0,0.8899646682976267,0.9169922210601326,False,False,False,False,-0.17375135850603762,-0.1779476837487411,False,False,False,False,39541066,39229052.91455554,False,False,False,False,815190.2383014748,False,False,False,False
2025-04-28 00:00:00+00:00,35.25,35.75,34.8,35.16,304269,,,,,,,,,,,,,,,,,,,,,,40.12209003348487,37.15267470129442,#000000,0.0,0.0,6.71390899416862,38.578330084037006,-0.4957365503357037,0.0,0.0,0.0,0.0,0.0,0.0,0.0,0.0,45.876300546156884,-9.487186135116112,False,True,False,False,True,0.0,0,0.8857539093942893,0.920176653386611,False,False,False,False,-0.16190954531725166,-0.16992861453299637,False,False,False,False,39541066,39241288.72182787,False,False,False,False,795154.1113092601,False,False,False,False
2025-04-29 00:00:00+00:00,35.62,35.83,35.24,35.24,146554,,,,,,,,,,,,,,,,,,,,,,40.11771224651174,37.15214312884436,#000000,0.0,0.0,6.634106950224979,38.5762192913697,-0.44560923023248117,0.0,0.0,0.0,0.0,0.0,0.0,0.0,0.0,47.00029839481432,-8.253388029484569,False,False,False,False,True,0.0,0,0.8674261155414538,0.935695779097798,False,False,False,False,-0.1537257607198206,-0.1618271876264085,False,False,False,False,39687620,39258791.90920717,False,False,False,False,769718.812826544,False,False,False,False
2025-04-30 00:00:00+00:00,35.44,35.61,34.8341,35.36,196029,,,,,,,,,,,,,,,,,,,,,,40.11152508100487,37.15131253405336,#000000,0.0,0.0,6.5100964773296965,38.5724538675292,-0.4811685784438738,0.0,0.0,0.0,0.0,0.0,0.0,0.0,0.0,47.50401478264483,-7.569462094844056,False,False,False,False,True,0.0,0,0.8610106021476145,0.9359942911512843,False,False,False,False,-0.1635788080619022,-0.16270299784415534,False,False,False,False,39491591,39267921.2853167,False,False,False,False,747221.1731078561,False,False,False,False
2025-05-01 00:00:00+00:00,35.49,36.0,35.34,36.0,165803,,,,,,,,,,,,,,,,,,,,,,40.10664604377666,37.150729797555734,#000000,0.0,0.0,6.390918297449991,38.570015047633106,-0.48193622642023853,0.0,0.0,0.0,0.0,0.0,0.0,0.0,0.0,47.917931732384616,-6.923962792367618,False,False,False,False,True,0.0,0,0.8746819775837175,0.9236897476449152,False,False,False,False,-0.1494845999485088,-0.15609379889633207,False,False,False,False,39657394,39283194.7251082,False,False,False,False,724420.4604369598,False,False,False,False
2025-05-02 00:00:00+00:00,38.71,38.88,37.8,38.37,435283,,,,,,,,,,,,,,,,,,,,,,40.101983316895726,37.152031355619876,"rgba(38, 166, 154, 0.5)",0.0,0.0,6.285529819920796,38.582356423294854,0.020307528619242975,0.0,0.0,0.0,0.0,0.0,0.0,0.0,0.0,52.358967655683074,-2.5576950475893483,False,False,True,False,True,0.7670884876440809,0,0.8716261729960645,0.9332792693171907,False,False,False,False,-0.06649700406541079,-0.11129540148087143,False,False,False,False,40092677,39314939.128045134,False,False,False,False,713081.7364982555,False,False,False,False
2025-05-05 00:00:00+00:00,38.8,39.18,37.778,37.92,337636,,,,,,,,,,,,,,,,,,,,,,40.09865414327527,37.15313343472086,"rgba(38, 166, 154, 1.0)",0.0,0.0,6.1921799505938955,38.59170385221562,0.03363858115337816,0.0,0.0,0.0,0.0,0.0,0.0,0.0,0.0,55.41577592077434,0.32903081319619076,True,False,True,False,True,0.8565054087490296,0,0.8562459428254289,0.9519496029012734,False,False,False,False,-0.06221132827884908,-0.08675336487986025,False,False,False,False,40430313,39358679.27988651,False,False,False,False,698358.3742826376,False,False,False,False
2025-05-06 00:00:00+00:00,39.55,40.12,39.02,39.11,721983,,,,,,,,,,,,,,,,,,,,,,40.09615207165051,37.15708793175255,"rgba(38, 166, 154, 1.0)",0.0,0.0,6.091142758801883,38.619825410174485,0.15270937271686533,0.0,0.0,0.0,0.0,0.0,0.0,0.0,0.0,58.27233953959485,2.9707331582243057,True,False,True,False,True,1.6082377095723288,0,0.8915410696257494,0.9293536406291018,False,False,False,False,-0.02864006959605108,-0.057696717237955664,False,False,False,False,41152296,39429017.19047919,False,False,False,False,699284.8301931224,False,False,False,False
2025-05-07 00:00:00+00:00,37.31,38.47,37.21,38.38,399595,,,,,,,,,,,,,,,,,,,,,,40.08987486517592,37.15754723355896,"rgba(38, 166, 154, 1.0)",0.0,0.0,6.030219340728315,38.62306708583438,-0.2177478150696567,0.0,0.0,0.0,0.0,0.0,0.0,0.0,0.0,56.478790246539404,2.9707331582243057,True,False,True,False,True,0.0,0,0.8793964528239611,0.9174971574540428,False,False,False,False,-0.0819344290619782,-0.06981557314996693,False,False,False,False,40752701,39480926.35948001,False,False,False,False,687532.2878326079,False,False,False,False
2025-05-08 00:00:00+00:00,38.17,38.59,37.3,38.31,337041,,,,,,,,,,,,,,,,,,,,,,40.08537997264522,37.15820671542319,"rgba(38, 166, 154, 1.0)",0.0,0.0,5.968320759198624,38.62711143624123,-0.07658962289128114,0.0,0.0,0.0,0.0,0.0,0.0,0.0,0.0,56.35443202987618,2.9707331582243057,True,False,True,False,True,0.19048352998331453,0,0.8723046372566785,0.9356298809124205,False,False,False,False,-0.07868958105998143,-0.07425257710497418,False,False,False,False,41089742,39544017.168912165,False,False,False,False,673787.5314470155,False,False,False,False
2025-05-09 00:00:00+00:00,37.05,38.46,36.94,38.02,267024,,,,,,,,,,,,,,,,,,,,,,40.080910962713865,37.158403560522466,"rgba(38, 166, 154, 0.75)",0.0,0.0,5.904273761322829,38.6280345906771,-0.26726988863801493,0.0,0.0,0.0,0.0,0.0,0.0,0.0,0.0,54.60638571795886,2.9707331582243057,True,False,True,False,False,0.0,0,0.8813477640711631,0.9248936195608711,False,False,False,False,-0.08626358450178978,-0.08025808080338198,False,False,False,False,40822718,39594162.29954306,False,False,False,False,657836.0204098776,False,False,False,False
2025-05-12 00:00:00+00:00,41.15,41.57,40.39,40.58,1095219,,,,,,,,,,,,,,,,,,,,,,40.087596636383594,37.16801045213177,"rgba(38, 166, 154, 0.75)",0.0,0.0,5.831231384489564,38.68265720769681,0.42312551665606113,0.0,0.0,0.0,0.0,0.0,0.0,0.0,0.0,57.74183962443154,2.9707331582243057,True,False,True,False,False,3.126374058382961,0,0.8992739747885753,0.897110969274684,False,False,False,False,0.014662598283091594,-0.032797741260145195,False,False,False,False,41917937,39685290.71916882,False,False,False,False,674988.2941192943,False,False,False,False
2025-05-13 00:00:00+00:00,41.02,41.9,39.79,40.26,400419,,,,,,,,,,,,,,,,,,,,,,40.08967754353421,37.17139027809333,"rgba(38, 166, 154, 1.0)",0.0,0.0,5.792796309303282,38.700348165363756,0.40043732090335465,0.0,0.0,0.0,0.0,0.0,0.0,0.0,0.0,59.6375286899447,4.090335178409283,True,False,True,False,True,2.990891031638199,0,0.8986895250974183,0.8988526301429985,False,False,False,False,0.010516785289815672,-0.011140477985164762,False,False,False,False,41517518,39757142.7693975,False,False,False,False,664220.8708204983,False,False,False,False
2025-05-14 00:00:00+00:00,42.3,42.44,41.5201,42.35,351150,,,,,,,,,,,,,,,,,,,,,,40.09413506232407,37.17528745930621,"rgba(38, 166, 154, 1.0)",0.0,0.0,5.764567055150804,38.93601676128307,0.5835621663401611,0.0,0.0,0.0,0.0,0.0,0.0,0.0,0.0,61.99727319593882,6.359628207727468,True,False,True,False,True,4.224034385717243,0,0.904255446618199,0.8953969223948643,False,False,False,False,0.04539906236118656,0.017129292188010896,False,False,False,False,41868668,39839947.68040151,False,False,False,False,651943.5817687141,False,False,False,False
2025-05-15 00:00:00+00:00,40.08,40.56,39.4,40.56,510389,,,,,,,,,,,,,,,,,,,,,,40.09387376628467,37.17855429699357,"rgba(38, 166, 154, 1.0)",0.0,0.0,5.749939246055564,38.88915597894224,0.2071054962667077,0.0,0.0,0.0,0.0,0.0,0.0,0.0,0.0,60.31450599963011,6.359628207727468,True,False,True,False,True,1.8936188890643386,0,0.8722266286687511,0.9278477685447352,False,False,False,False,-0.01604464398874522,0.0005423240996328387,False,False,False,False,41358279,39899490.08509165,False,False,False,False,646392.4216993528,False,False,False,False
2025-05-16 00:00:00+00:00,39.98,40.53,39.96,40.16,288813,,,,,,,,,,,,,,,,,,,,,,40.09398846119831,37.18049286868619,"rgba(38, 166, 154, 0.75)",0.0,0.0,5.727385067525006,38.888751204986896,0.19053176661730306,0.0,0.0,0.0,0.0,0.0,0.0,0.0,0.0,59.05594293319868,6.359628207727468,True,False,True,False,False,1.789794147619645,0,0.8477599293909975,0.9485495734039424,False,False,False,False,-0.007906656137798526,-0.0036821660190828435,False,False,False,False,41069466,39945371.493519425,False,False,False,False,632369.6992797704,False,False,False,False
2025-05-19 00:00:00+00:00,40.12,40.25,38.98,39.35,235156,,,,,,,,,,,,,,,,,,,,,,40.09352713718633,37.18187165684605,"rgba(38, 166, 154, 0.75)",0.0,0.0,5.724039737712836,38.88668611726875,0.2154621454853915,0.0,0.0,0.0,0.0,0.0,0.0,0.0,0.0,58.37581869308799,6.359628207727468,True,False,True,False,False,1.9307383565019478,0,0.8380981096145836,0.9462210144208835,False,False,False,False,-0.027257273125406014,-0.015469719572244429,False,False,False,False,41304622,39998675.43495004,False,False,False,False,616792.6914648775,False,False,False,False
2025-05-20 00:00:00+00:00,40.06,40.42,39.73,40.2,166587,,,,,,,,,,,,,,,,,,,,,,40.09350241282812,37.18295505622741,"rgba(38, 166, 154, 0.75)",0.0,0.0,5.7006318600309855,38.88866889869969,0.20547390711420963,0.0,0.0,0.0,0.0,0.0,0.0,0.0,0.0,57.82462473362577,6.359628207727468,True,False,True,False,False,1.8660230281595496,0,0.8707872222564168,0.9279629059723847,False,False,False,False,-0.013127063883730196,-0.014298391727987313,False,False,False,False,41138035,40043356.2022069,False,False,False,False,599137.5663093921,False,False,False,False
2025-05-21 00:00:00+00:00,39.05,40.6699,38.81,40.13,255864,,,,,,,,,,,,,,,,,,,,,,40.092562059500025,37.184295006166565,"rgba(38, 166, 154, 0.75)",0.0,0.0,5.6688813647777705,38.886725237752216,0.028801936703464856,0.0,0.0,0.0,0.0,0.0,0.0,0.0,0.0,55.81262394071117,11.060973144102228,True,False,True,False,False,0.7711713035352865,0,0.8552241268402266,0.943524169169186,False,False,False,False,-0.023418238183835805,-0.01885831495591156,False,False,False,False,40882171,40076250.900159575,False,False,False,False,585675.8578266709,False,False,False,False
2025-05-22 00:00:00+00:00,38.61,38.89,38.19,38.5,207880,,,,,,,,,,,,,,,,,,,,,,40.090562513786864,37.184939868115904,"rgba(38, 166, 154, 0.75)",0.0,0.0,5.661424940803959,38.87903227679425,-0.04752024085937006,0.0,0.0,0.0,0.0,0.0,0.0,0.0,0.0,53.780550566494,8.974783984699243,True,False,True,False,False,0.29442324505966866,0,0.8627677883119871,0.9424534075386468,False,False,False,False,-0.06033129367349804,-0.0395948043147048,False,False,False,False,40674291,40099703.4530945,False,False,False,False,570860.3339903308,False,False,False,False
2025-05-23 00:00:00+00:00,38.88,38.91,37.94,37.94,212349,,,,,,,,,,,,,,,,,,,,,,40.08854315859164,37.18560433679913,#000000,0.0,0.0,5.636888340401904,38.87297862158907,0.0012456124703779637,0.0,0.0,0.0,0.0,0.0,0.0,0.0,0.0,52.866629200099716,7.955158064175301,True,False,False,False,False,0.5875903998743794,0,0.8626245598422065,0.9409728610363551,False,False,False,False,-0.06387598736429215,-0.051735395839498474,False,False,False,False,40886640,40130563.70983589,False,False,False,False,556801.06599071,False,False,False,False
2025-05-27 00:00:00+00:00,38.22,38.36,37.7,37.9,248305,,,,,,,,,,,,,,,,,,,,,,40.08543599814701,37.18611082529848,#000000,0.0,0.0,5.629239633098205,38.863590083674765,-0.11432984303788628,0.0,0.0,0.0,0.0,0.0,0.0,0.0,0.0,51.133754351752415,6.151935488820357,True,False,False,False,False,0.0,0,0.8393546340594353,0.9579973319775955,False,False,False,False,-0.07606401313240999,-0.06389970448595422,False,False,False,False,40638335,40150476.30945017,False,False,False,False,544703.1810498979,False,False,False,False
2025-05-28 00:00:00+00:00,37.48,38.26,37.48,37.91,222456,,,,,,,,,,,,,,,,,,,,,,40.08216822538336,37.18638756908064,#000000,0.0,0.0,5.635971479924227,38.85422990919494,-0.2438319487758339,0.0,0.0,0.0,0.0,0.0,0.0,0.0,0.0,48.781740326636154,3.807676123789925,False,False,False,False,False,0.0,0,0.823870212889951,0.9940100325902284,False,False,False,False,-0.08100715692240253,-0.07245343070417837,False,False,False,False,40415879,40160884.25809918,False,False,False,False,532066.036695,False,False,False,False
2025-05-29 00:00:00+00:00,38.51,39.43,38.35,39.43,259925,,,,,,,,,,,,,,,,,,,,,,40.08002476135697,37.18730764193225,#000000,0.0,0.0,5.641308093785143,38.85255237811331,-0.06072215387255491,0.0,0.0,0.0,0.0,0.0,0.0,0.0,0.0,49.14110317978697,3.807676123789925,False,False,False,False,False,0.1991238826109516,0,0.8080124902700978,0.9759004377893663,False,False,False,False,-0.04637761324739988,-0.05941552197578913,False,False,False,False,40675804,40181077.18915412,False,False,False,False,521393.83917754906,False,False,False,False
2025-05-30 00:00:00+00:00,36.32,37.2,35.53,37.2,279219,,,,,,,,,,,,,,,,,,,,,36.35,40.07352381143336,37.18678317837637,"rgba(239, 83, 80, 0.5)",0.0,0.0,5.661944535927976,38.754420213148705,-0.42996186163623573,0.0,0.0,0.0,0.0,0.0,0.0,0.0,0.0,46.144216025997565,1.1064876871778608,False,False,False,True,False,0.0,0,0.7943748799435344,0.9813440070045968,False,False,False,False,-0.07628672025109685,-0.06785112111344299,False,False,False,False,40396585,40189528.47585396,False,False,False,False,511896.78666078247,False,False,False,False
2025-06-02 00:00:00+00:00,37.28,37.39,36.41,36.77,147602,,,,,,,,,,,,,,,,,,,,,36.5840029036372,40.07071925275273,37.18673017910758,"rgba(239, 83, 80, 0.5)",0.0,0.0,5.673558712877235,38.75938440271511,-0.26075069944325496,0.0,0.0,0.0,0.0,0.0,0.0,0.0,0.0,45.85876262601815,0.7351847373589848,False,False,False,True,False,0.0,0,0.8178205677977436,0.964420651717826,False,False,False,False,-0.04203602965360473,-0.05494357538352386,False,False,False,False,40544187,40203436.65327145,False,False,False,False,497610.71659565374,False,False,False,False
2025-06-03 00:00:00+00:00,37.27,37.55,36.91,37.55,199289,,,,,,,,,,,,,,,,,,,,,36.793865870214496,40.06720972075258,37.18675546460067,"rgba(239, 83, 80, 0.5)",0.0,0.0,5.676795670189105,38.762523020301096,-0.2629164597448641,0.0,0.0,0.0,0.0,0.0,0.0,0.0,0.0,45.65362703026469,0.3520698618814322,False,False,False,True,False,0.0,0,0.840046412649796,0.9538870594204056,False,False,False,False,-0.028718091616351738,-0.0418308334999378,False,False,False,False,40344898,40208984.15706473,False,False,False,False,485911.8257487654,False,False,False,False
2025-06-04 00:00:00+00:00,38.95,39.265,37.96,38.04,461794,,,,,,,,,,,,,,,,,,,,,37.61359459106686,40.06336024046453,37.18834610428595,#000000,0.0,0.0,5.6390333271635775,38.804708958780516,0.02576523896739725,0.0,0.0,0.0,0.0,0.0,0.0,0.0,0.0,48.32185582241368,0.3520698618814322,False,False,False,False,True,0.7830479658525569,0,0.8389340572713323,0.9440897832384099,False,False,False,False,0.027019872486019912,-0.007405480506958943,False,False,False,False,40806692,40232423.68031709,False,False,False,False,484966.0286605785,False,False,False,False
2025-06-05 00:00:00+00:00,39.65,40.25,39.03,39.85,384546,,,,,,,,,,,,,,,,,,,,,38.14368248157832,40.062359496745174,37.19045824028306,#000000,0.0,0.0,5.596193213826978,38.840320466671095,0.1446839847002354,0.0,0.0,0.0,0.0,0.0,0.0,0.0,0.0,51.117125676156874,-3.630816303121719,True,False,False,False,True,1.5705158776092816,0,0.8577684257883713,0.9287843923836483,False,False,False,False,0.06853515429239342,0.03056483689271724,False,False,False,False,41191238,40270024.24187328,False,False,False,False,481027.988320948,False,False,False,False
2025-06-06 00:00:00+00:00,39.72,39.8,38.49,38.88,205866,,,,,,,,,,,,,,,,,,,,,38.290016594014475,40.06143505121003,37.19144629474012,"rgba(38, 166, 154, 1.0)",0.0,0.0,5.573815591876794,38.85085635408875,0.15593333356380312,0.0,0.0,0.0,0.0,0.0,0.0,0.0,0.0,53.08434063805025,-1.752076263090153,True,False,True,False,True,1.6499311813397064,0,0.8549982799489171,0.9304618690593444,False,False,False,False,0.048514444716280025,0.039539640804498635,False,False,False,False,41397104,40314223.44807433,False,False,False,False,470237.3221122834,False,False,False,False
2025-06-09 00:00:00+00:00,41.42,41.76,40.855,40.92,274553,,,,,,,,,,,,,,,,,,,,,38.71951537711951,40.06361201253037,37.19399490730251,"rgba(38, 166, 154, 1.0)",0.0,0.0,5.532017861650322,38.88820541016376,0.45766204179987013,0.0,0.0,0.0,0.0,0.0,0.0,0.0,0.0,56.70326047042963,1.6381709125519208,True,False,True,False,True,3.5645070287043943,0,0.8557021071714486,0.9431740807180852,False,False,False,False,0.20586571207942958,0.12270267644196411,False,False,False,False,41671657,40367456.13638514,False,False,False,False,462563.42712748796,False,False,False,False
2025-06-10 00:00:00+00:00,41.22,41.48,40.4226,41.48,224751,,,,,,,,,,,,,,,,,,,,,38.95910080693601,40.06496693206031,37.19592620422171,"rgba(38, 166, 154, 1.0)",0.0,0.0,5.440304284017508,38.91112995302397,0.42440090230963906,0.0,0.0,0.0,0.0,0.0,0.0,0.0,0.0,58.68071530507122,3.4327343204024032,True,False,True,False,True,3.319095640074437,0,0.8795602703014659,0.9366331812798683,False,False,False,False,0.21563405013427966,0.1691683632881219,False,False,False,False,41446906,40409787.503585726,False,False,False,False,453237.44959307666,False,False,False,False
2025-06-11 00:00:00+00:00,41.11,42.22,41.01,41.82,406760,,,,,,,,,,,,,,,,,,,,,39.350623063378194,40.06842527176605,37.19978496724629,"rgba(38, 166, 154, 1.0)",0.0,0.0,5.432766096516212,39.11612299592635,0.3670095433249439,0.0,0.0,0.0,0.0,0.0,0.0,0.0,0.0,59.744269569115644,4.426428376745662,True,False,True,False,True,3.182035267239261,0,0.8991618319555342,0.9157538401025781,False,False,False,False,0.2495575928524491,0.2093629780702855,False,False,False,False,41040146,40434507.444621585,False,False,False,False,451414.8045109953,False,False,False,False
2025-06-12 00:00:00+00:00,41.05,41.3275,40.85,41.09,198964,,,,,,,,,,,,,,,,,,,,,39.47394764566172,40.06965714006444,37.20150531470977,"rgba(38, 166, 154, 1.0)",0.0,0.0,5.42327492562524,39.12484816819294,0.354979575663889,0.0,0.0,0.0,0.0,0.0,0.0,0.0,0.0,60.30341866311529,5.0381854906853505,True,False,True,False,True,3.1059569510197704,0,0.8874699460399261,0.9290687383993675,False,False,False,False,0.22602556468485166,0.21769427137756858,False,False,False,False,40841182,40450455.46640113,False,False,False,False,441514.7729615445,False,False,False,False
2025-06-13 00:00:00+00:00,39.02,39.98,38.81,39.56,215116,,,,,,,,,,,,,,,,,,,,,39.45931600083599,40.0686013268463,37.20249745079973,"rgba(38, 166, 154, 0.75)",0.0,0.0,5.39269059188605,39.09887536546062,-0.014626347296708564,0.0,0.0,0.0,0.0,0.0,0.0,0.0,0.0,56.317389806298266,5.0381854906853505,True,False,True,False,False,0.5672857555664734,0,0.8762218292418664,0.9317197706095413,False,False,False,False,0.19279325706105743,0.205243764219313,False,False,False,False,40626066,40457342.15399324,False,False,False,False,432636.38970815064,False,False,False,False
2025-06-16 00:00:00+00:00,40.89,41.5,40.49,40.49,347831,,,,,,,,,,,,,,,,,,,,,39.61530494982854,40.07050032542876,37.205409341070606,"rgba(38, 166, 154, 0.75)",0.0,0.0,5.376554799637961,39.122785689567436,0.32868897952115406,0.0,0.0,0.0,0.0,0.0,0.0,0.0,0.0,56.71535468616753,5.0381854906853505,True,False,True,False,False,2.7739470260552928,0,0.900184084157173,0.9074933648575041,False,False,False,False,0.2842344342239539,0.24473909922163345,False,False,False,False,40973897,40477599.20677782,False,False,False,False,429310.6881509683,False,False,False,False
2025-06-17 00:00:00+00:00,39.84,40.7,39.777,40.63,220475,,,,,,,,,,,,,,,,,,,,,39.64561602140427,40.07054774797392,37.20683327566933,"rgba(38, 166, 154, 0.75)",0.0,0.0,5.37267711214324,39.12332342244821,0.13339282495349913,0.0,0.0,0.0,0.0,0.0,0.0,0.0,0.0,55.08712681792507,5.0381854906853505,True,False,True,False,False,1.4749368288273033,0,0.9405289509112087,0.9001601984939653,False,False,False,False,0.24051067846902263,0.24262488884532804,False,False,False,False,40753422,40488415.78690418,False,False,False,False,421121.0533215185,False,False,False,False
2025-06-18 00:00:00+00:00,38.81,39.21,38.45,38.98,390099,,,,,,,,,,,,,,,,,,,,,39.56454890025311,40.067578959322354,37.20823630778834,#000000,0.0,0.0,5.373916004667517,39.097932844066705,-0.05357970683140901,0.0,0.0,0.0,0.0,0.0,0.0,0.0,0.0,52.33759738090025,7.778258919529293,True,False,False,False,False,0.21740605266970547,0,0.9724145553439336,0.8835793535076577,False,False,False,False,0.16132167471042994,0.201973281777879,False,False,False,False,40363323,40483510.18741774,False,False,False,False,419904.50221087073,False,False,False,False
2025-06-20 00:00:00+00:00,37.36,38.18,37.19,38.18,317209,,,,,,,,,,,,,,,,,,,,,39.41701422129487,40.06276693886952,37.20849615110939,#000000,0.0,0.0,5.373786810497894,39.062796536510405,-0.3168708764523238,0.0,0.0,0.0,0.0,0.0,0.0,0.0,0.0,48.47816380222009,4.133259983515927,False,False,False,False,False,0.0,0,0.9707642741745053,0.8579877160619391,False,False,False,False,0.09843767016244169,0.15020547597016035,False,False,False,False,40046114,40466357.3957543,False,False,False,False,415877.227614366,False,False,False,False
2025-06-23 00:00:00+00:00,38.1,38.19,37.17,37.73,414337,,,,,,,,,,,,,,,,,,,,,39.275878539843596,40.05712190054806,37.20905896351665,"rgba(239, 83, 80, 0.5)",0.0,0.0,5.282848968617371,39.004377930096084,-0.17119132791198766,0.0,0.0,0.0,0.0,0.0,0.0,0.0,0.0,47.24629671918599,2.99587543199506,False,False,False,True,False,0.0,0,0.9591494225652655,0.8427055215761713,False,False,False,False,0.06962398421357058,0.10991473009186546,False,False,False,False,40460451,40466125.77239139,False,False,False,False,415816.8265314497,False,False,False,False
2025-06-24 00:00:00+00:00,40.45,40.555,38.8699,39.12,508229,,,,,,,,,,,,,,,,,,,,,39.34261904453005,40.056817739976985,37.21215918696096,#000000,0.0,0.0,5.171852376954061,39.07938258956483,0.26501479751098234,0.0,0.0,0.0,0.0,0.0,0.0,0.0,0.0,49.9543514294337,2.99587543199506,False,False,False,False,False,2.191876960401377,0,0.9490105307109327,0.8314892046861425,False,False,False,False,0.19400559169400086,0.15196016089293315,False,False,False,False,40968680,40485833.78131721,False,False,False,False,419440.8333341379,False,False,False,False
2025-06-25 00:00:00+00:00,39.84,40.69,39.69,40.69,503632,,,,,,,,,,,,,,,,,,,,,39.407179314408154,40.056867959799625,37.21535288099091,#000000,0.0,0.0,5.04982742368542,39.11453423062393,0.14366149741541445,0.0,0.0,0.0,0.0,0.0,0.0,0.0,0.0,50.801655496136895,2.99587543199506,False,False,False,False,True,1.4416496100879108,0,0.9543712509704829,0.8264480587877505,False,False,False,False,0.2244472325334538,0.18820369671319348,False,False,False,False,40465048,40485018.65263811,False,False,False,False,422742.44771319133,False,False,False,False
2025-06-26 00:00:00+00:00,39.6,39.97,39.38,39.97,200326,,,,,,,,,,,,,,,,,,,,,39.41542310540389,40.056376448477415,37.216433359816584,#000000,0.0,0.0,5.008488732879778,39.11895693421933,0.0960455521488385,0.0,0.0,0.0,0.0,0.0,0.0,0.0,0.0,50.98204724649573,2.99587543199506,False,False,False,False,True,1.1445408923052511,0,0.9191171577885954,0.860287456044716,False,False,False,False,0.19163397070417143,0.18991883370868246,False,False,False,False,40264722,40476379.56822093,False,False,False,False,414020.2340773799,False,False,False,False
2025-06-27 00:00:00+00:00,39.97,40.2,39.59,39.73,283713,,,,,,,,,,,,,,,,,,,,,39.43857120136746,40.056143521960045,37.218131550109916,#000000,0.0,0.0,4.92882049373435,39.12925452222579,0.17057741884554012,0.0,0.0,0.0,0.0,0.0,0.0,0.0,0.0,51.684927761629936,2.99587543199506,False,False,False,False,True,1.5933741330040085,0,0.9246537367680736,0.8361320163865422,False,False,False,False,0.20559749721998474,0.1977581654643336,False,False,False,False,40548435,40479205.27142795,False,False,False,False,408910.1464665023,False,False,False,False
2025-06-30 00:00:00+00:00,39.61,39.64,38.7,39.26,259772,,,,,,,,,,,,,,,,,,,,,39.43365702121362,40.05498890320537,37.21933777675139,#000000,0.0,0.0,4.870215127423389,39.128534843113655,0.09885911490342428,0.0,0.0,0.0,0.0,0.0,0.0,0.0,0.0,51.49832681209878,2.99587543199506,False,False,False,False,True,1.134011330621071,0,0.9278505979837621,0.8295250568762919,False,False,False,False,0.15984950538009912,0.17880383542221637,False,False,False,False,40288663,40471733.025489606,False,False,False,False,403061.5917031101,False,False,False,False
2025-07-01 00:00:00+00:00,39.65,39.91,39.2,39.44,205757,,,,,,,,,,,,,,,,,,,,,39.43839139160742,40.05441042858837,37.220415074805906,#000000,0.0,0.0,4.811220077134991,39.13123807863898,0.10782336144347276,0.0,0.0,0.0,0.0,0.0,0.0,0.0,0.0,51.44731377020487,2.99587543199506,False,False,False,False,True,1.1842045834699277,0,0.9269289810042788,0.8350442319155564,False,False,False,False,0.18404883819348145,0.18142633680784892,False,False,False,False,40494420,40472622.71076453,False,False,False,False,395324.15673436073,False,False,False,False
2025-07-02 00:00:00+00:00,38.54,38.63,38.01,38.43,271069,,,,,,,,,,,,,,,,,,,,,39.397459941302515,40.05171176714649,37.22111783955551,#000000,0.0,0.0,4.689935080900292,39.11807329847939,-0.12325827298411562,0.0,0.0,0.0,0.0,0.0,0.0,0.0,0.0,49.344400419430386,2.99587543199506,False,False,False,False,True,0.0,0,0.9243905980032991,0.8224248948089169,False,False,False,False,0.037569916730859715,0.10949812676935432,False,False,False,False,40223351,40462847.34955807,False,False,False,False,390451.40548987605,False,False,False,False
2025-07-03 00:00:00+00:00,37.88,38.0675,37.505,37.62,319134,,,,,,,,,,,,,,,,,,,,,39.32781685549382,40.04744649958366,37.221538230976876,"rgba(239, 83, 80, 1.0)",0.0,0.0,4.422360044179631,39.09584269749179,-0.27493073502506554,0.0,0.0,0.0,0.0,0.0,0.0,0.0,0.0,46.84001948906503,1.4990473565850593,False,True,False,True,False,0.0,0,0.89676129397847,0.8438964913906205,False,False,False,False,-0.059502210067232934,0.02499795835106069,False,False,False,False,39904217,40440940.277026385,False,False,False,False,387654.6444902731,False,False,False,False
2025-07-07 00:00:00+00:00,38.53,39.1597,37.84,37.84,224176,,,,,,,,,,,,,,,,,,,,,39.30325201769938,40.045387367369635,37.22217586000243,"rgba(239, 83, 80, 1.0)",0.0,0.0,4.182158919173359,39.08903947010245,-0.13367245982439785,0.0,0.0,0.0,0.0,0.0,0.0,0.0,0.0,46.5963207585539,1.1064636158386634,False,True,False,True,False,0.0,0,0.8868413129407481,0.8633803556088365,False,False,False,False,0.006832202641336972,0.01591508049619883,False,False,False,False,40128393,40428683.52106457,False,False,False,False,381243.71725536045,False,False,False,False
2025-07-08 00:00:00+00:00,39.82,40.49,39.62,39.62,274282,,,,,,,,,,,,,,,,,,,,,39.32712040212525,40.045274948113615,37.2238427881035,#000000,0.0,0.0,3.9420770123333684,39.09915259658334,0.1828597973000998,0.0,0.0,0.0,0.0,0.0,0.0,0.0,0.0,48.91882572526859,1.1064636158386634,False,True,False,False,True,1.4322348947182384,0,0.9119947114089535,0.8244635818384729,False,False,False,False,0.15170053110186918,0.083807805799034,False,False,False,False,40402675,40427663.57906204,False,False,False,False,377049.14010809147,False,False,False,False
2025-07-09 00:00:00+00:00,38.75,39.2301,38.3,39.21,174568,,,,,,,,,,,,,,,,,,,,,39.31461005305274,40.04393818855679,37.224434241753144,#000000,0.0,0.0,3.815243002898654,39.09611524568459,-0.0907190565375845,0.0,0.0,0.0,0.0,0.0,0.0,0.0,0.0,48.466188684988666,1.1064636158386634,False,True,False,False,True,0.017631555134940413,1,0.8928405950362772,0.8313296193533976,False,False,False,False,0.016017937620407673,0.049912871709720835,False,False,False,False,40228107,40419837.83086353,False,False,False,False,369108.70324110746,False,False,False,False
2025-07-10 00:00:00+00:00,38.89,39.13,38.2,38.97,229571,,,,,,,,,,,,,,,,,,,,,39.298409680140594,40.0421571050041,37.225201219855165,#000000,0.0,0.0,3.7344084278908554,39.092229271792085,-0.054152960421177405,0.0,0.0,0.0,0.0,0.0,0.0,0.0,0.0,48.44189845694315,1.1064636158386634,False,True,False,False,True,0.20245779582081624,1,0.8873588475526312,0.8387822312855442,False,False,False,False,0.006245563060652844,0.02807921738518684,False,False,False,False,40457678,40421321.75906496,False,False,False,False,363636.63644733856,False,False,False,False
2025-07-11 00:00:00+00:00,38.47,39.08,38.33,38.95,137733,,,,,,,,,,,,,,,,,,,,,39.287236127877335,40.040998062262524,37.225626602449594,"rgba(239, 83, 80, 0.75)",0.0,0.0,3.6434362802063442,39.08941841508515,-0.17000939976643956,0.0,0.0,0.0,0.0,0.0,0.0,0.0,0.0,47.62276536437674,1.1064636158386634,False,True,False,True,True,0.0,1,0.8833874679680747,0.8409013008634343,False,False,False,False,0.010152311787857384,0.019115764586522112,False,False,False,False,40319945,40417346.199885935,False,False,False,False,354777.6703121488,False,False,False,False
2025-07-14 00:00:00+00:00,39.37,39.6,38.9611,39.16,214282,,,,,,,,,,,,,,,,,,,,,39.28781960750221,40.04006848471825,37.22661059516521,#000000,0.0,0.0,3.582738018849216,39.09103319476431,0.07786413736310392,0.0,0.0,0.0,0.0,0.0,0.0,0.0,0.0,48.96736868743163,1.1064636158386634,False,True,False,False,True,0.8534597994983351,1,0.8914566537375874,0.8251108448578145,False,False,False,False,0.04768175729633636,0.03339876094142924,False,False,False,False,40534227,40421929.76067472,False,False,False,False,349268.03618226066,False,False,False,False
2025-07-15 00:00:00+00:00,42.48,42.745,40.86,41.5,915227,,,,,,,,,,,,,,,,,,,,,39.55436834379362,40.0508145886152,37.23627122721502,"rgba(38, 166, 154, 1.0)",0.0,0.0,3.5411714252573185,39.18452307500921,0.9306177332974841,0.0,0.0,0.0,0.0,0.0,0.0,0.0,0.0,54.46089937203375,0.3402558081101503,True,False,True,False,True,4.839417845189839,0,0.8940382217173007,0.808785641065821,False,False,False,False,0.31958379680685683,0.17649127887414304,False,False,False,False,41449454,40462224.82888356,False,False,False,False,371462.50535158376,False,False,False,False
2025-07-16 00:00:00+00:00,41.7,42.0,40.8,42.0,387400,,,,,,,,,,,,,,,,,,,,,39.63130169159501,40.05412238772941,37.239899159178684,"rgba(38, 166, 154, 1.0)",0.0,0.0,3.427934529002997,39.21194809980776,0.7258166336437822,0.0,0.0,0.0,0.0,0.0,0.0,0.0,0.0,56.53152128212835,2.170180129483164,True,False,True,False,True,3.7559073813643344,0,0.882402046227102,0.8291947989501738,False,False,False,False,0.26806155316637753,0.22227641602026027,False,False,False,False,41062054,40485747.54147636,False,False,False,False,372087.5051417178,False,False,False,False
2025-07-17 00:00:00+00:00,42.59,42.79,41.475,41.52,272673,,,,,,,,,,,,,,,,,,,,,39.703158207224696,40.057700683843585,37.24291884608026,"rgba(38, 166, 154, 1.0)",0.0,0.0,3.410272911854592,39.23708219926759,0.9831816653374562,0.0,0.0,0.0,0.0,0.0,0.0,0.0,0.0,59.01170418289114,4.3976783839214235,True,False,True,False,True,4.864125617016157,0,0.8915855982348815,0.8224437535519677,False,False,False,False,0.3428282415734763,0.2825523287968683,False,False,False,False,41334727,40519040.853575334,False,False,False,False,368188.89709694457,False,False,False,False
2025-07-18 00:00:00+00:00,43.76,45.01,43.68,44.18,588340,,,,,,,,,,,,,,,,,,,,,39.94862475702102,40.07181480091923,37.251827505452184,"rgba(38, 166, 154, 1.0)",0.0,0.0,3.4252110186845988,39.321241526257694,1.2959080329733796,0.0,0.0,0.0,0.0,0.0,0.0,0.0,0.0,61.964454156207374,7.057057793929545,True,False,True,False,True,6.297691129657174,0,0.8943827628241036,0.82014166639212,False,False,False,False,0.34282824513397037,0.31269028696541934,False,False,False,False,41923067,40574100.70245474,False,False,False,False,376822.27368137817,False,False,False,False
2025-07-21 00:00:00+00:00,43.55,44.29,42.97,43.75,457609,,,,,,,,,,,,,,,,,,,,,40.09907833568612,40.08126303242241,37.25819289834399,"rgba(38, 166, 154, 1.0)",0.0,0.0,3.4262972265523826,39.373712588197236,1.218892330600587,0.0,0.0,0.0,0.0,0.0,0.0,0.0,0.0,63.45981063219514,8.360388238017642,True,False,True,False,True,5.994483499198697,0,0.9073701786608784,0.819694773751879,False,False,False,False,0.27779670169955156,0.2952434943324854,False,False,False,False,41465458,40609055.89059377,False,False,False,False,379990.38059583394,False,False,False,False
2025-07-22 00:00:00+00:00,44.22,44.38,42.61,43.45,314881,,,,,,,,,,,,,,,,,,,,,40.19928207945765,40.08798006565188,37.2626574076108,"rgba(38, 166, 154, 1.0)",0.0,0.0,3.4478697588322187,39.408942100311734,1.395371123681236,0.0,0.0,0.0,0.0,0.0,0.0,0.0,0.0,65.22141029888124,9.983487143498941,True,False,True,False,True,6.822299273364674,0,0.9019875900056414,0.8212416630719719,False,False,False,False,0.2657858692736564,0.28051468180307093,False,False,False,False,41780339,40654988.56155087,False,False,False,False,377437.0715528601,False,False,False,False
2025-07-23 00:00:00+00:00,45.74,46.23,45.49,45.68,413963,,,,,,,,,,,,,,,,,,,,,40.395720978161236,40.101793988461594,37.27040312649979,"rgba(38, 166, 154, 1.0)",0.0,0.0,3.528196114137606,39.834724196123034,1.6737379705777466,0.0,0.0,0.0,0.0,0.0,0.0,0.0,0.0,67.914485875033,12.501456536228673,True,False,True,False,True,8.664506826621572,0,0.9285992153759934,0.8088141627929982,False,False,False,False,0.3428282466148925,0.31167146420898173,False,False,False,False,42194302,40715353.79443123,False,False,False,False,378869.4609037283,False,False,False,False
2025-07-24 00:00:00+00:00,44.67,45.68,44.43,45.53,251793,,,,,,,,,,,,,,,,,,,,,40.49003392330364,40.10885620727734,37.27461604224107,"rgba(38, 166, 154, 1.0)",0.0,0.0,3.582706244730646,39.85076741431541,1.3451375179789284,0.0,0.0,0.0,0.0,0.0,0.0,0.0,0.0,67.23167881758455,12.501456536228673,True,False,True,False,True,7.071553770285082,0,0.9085063169128027,0.8427746221900929,False,False,False,False,0.28123122866363987,0.29645134643631077,False,False,False,False,41942509,40763477.52798295,False,False,False,False,373886.0702800527,False,False,False,False
2025-07-25 00:00:00+00:00,43.95,43.95,43.1,43.64,183393,,,,,,,,,,,,,,,,,,,,,40.53747491188742,40.11264511886545,37.27717681585625,"rgba(38, 166, 154, 0.75)",0.0,0.0,3.511913120474617,39.84824412325105,1.1679548257716075,0.0,0.0,0.0,0.0,0.0,0.0,0.0,0.0,65.2432990658261,12.501456536228673,True,False,True,False,False,6.012455735092729,0,0.9010231332154132,0.8601865917525062,False,False,False,False,0.16929249425747797,0.23287192034689436,False,False,False,False,41759116,40802522.173944406,False,False,False,False,366415.75379848207,False,False,False,False
2025-07-28 00:00:00+00:00,43.3,44.21,42.9,43.86,309153,,,,,,,,,,,,,,,,,,,,,40.60948958050996,40.11866157369374,37.28135624699673,"rgba(38, 166, 154, 0.75)",0.0,0.0,3.330667887462309,39.85294374701151,1.0349444524217808,0.0,0.0,0.0,0.0,0.0,0.0,0.0,0.0,62.59334525524913,12.501456536228673,True,False,True,False,False,5.0607169536607834,0,0.881003160929522,0.8708117683837584,False,False,False,False,0.17143891585303356,0.20215541809996396,False,False,False,False,41449963,40827912.010260314,False,False,False,False,364170.1556103063,False,False,False,False
2025-07-29 00:00:00+00:00,42.58,43.75,42.42,43.59,338544,,,,,,,,,,,,,,,,,,,,,40.66990907728054,40.12414159374777,37.28551791230214,"rgba(38, 166, 154, 0.75)",0.0,0.0,3.246205507695764,39.856171063243856,0.8390808685090251,0.0,0.0,0.0,0.0,0.0,0.0,0.0,0.0,59.42817324624147,15.16914103027041,True,False,True,False,False,4.011538050707209,0,0.8990859699584535,0.8724761194559857,False,False,False,False,0.1379779877944488,0.17006670294720638,False,False,False,False,41111419,40839029.93142658,False,False,False,False,363165.2083314708,False,False,False,False
2025-07-30 00:00:00+00:00,41.1,42.4,40.9534,41.95,373285,,,,,,,,,,,,,,,,,,,,,40.692769317113196,40.127072925059714,37.28893425794723,"rgba(38, 166, 154, 0.5)",0.0,0.0,3.107816724452868,39.83933701580234,0.40564264111153414,0.0,0.0,0.0,0.0,0.0,0.0,0.0,0.0,54.80371388920452,10.890918675188153,False,False,True,False,False,1.8978191033391667,0,0.8702586514523697,0.8903148794205362,False,False,False,False,0.03923781416640605,0.10465225855680621,False,False,False,False,40738134,40835073.22823338,False,False,False,False,363562.0629067073,False,False,False,False
2025-07-31 00:00:00+00:00,41.81,42.23,41.0,41.48,225792,,,,,,,,,,,,,,,,,,,,,40.70924847747877,40.12909443355473,37.291094216903986,#000000,0.0,0.0,3.027833304942451,39.83594461624891,0.6519696380011294,0.0,0.0,0.0,0.0,0.0,0.0,0.0,0.0,52.98635907013989,9.296363431681236,False,True,False,False,False,2.8427654762461003,0,0.8845602926948116,0.888713243376072,False,False,False,False,0.03494312126985147,0.06979768991332884,False,False,False,False,40963926,40840126.278106585,False,False,False,False,358159.31534173834,False,False,False,False
2025-08-01 00:00:00+00:00,39.61,39.9856,38.87,39.96,371175,,,,,,,,,,,,,,,,,,,,39.48853333333333,40.676646465817846,40.127726620070845,37.292869679547756,"rgba(239, 83, 80, 1.0)",0.0,0.0,2.965725075798742,39.82699326265736,-0.07316701889466934,0.0,0.0,0.0,0.0,0.0,0.0,0.0,0.0,48.61551116393163,5.269196879529261,False,True,False,True,False,0.0,0,0.8517668873381109,0.9001209462311884,False,False,False,False,-0.11764369496633235,-0.023923002526501758,False,False,False,False,40592751,40830425.28680829,False,False,False,False,358669.73434794473,False,False,False,False
2025-08-04 00:00:00+00:00,41.29,41.56,40.82,41.2,294471,,,,,,,,,,,,,,,,,,,,40.255980731499925,40.687989434613876,40.129579510411155,37.29538749556863,"rgba(239, 83, 80, 1.0)",0.0,0.0,2.9019657332769073,39.8628241984961,0.49179622803206885,0.0,0.0,0.0,0.0,0.0,0.0,0.0,0.0,48.48566498891121,5.204014222866363,False,True,False,True,False,2.019174354430035,0,0.874453627479691,0.8885061117799549,False,False,False,False,0.005387094393303213,-0.009267954066599273,False,False,False,False,40887222,40832652.608894244,False,False,False,False,356152.1369225352,False,False,False,False
2025-08-05 00:00:00+00:00,41.76,42.19,41.641,41.9,230512,,,,,,,,,,,,,,,,,,,,40.66951372488631,40.70677957730223,40.13187218486373,37.29767712989614,#000000,0.0,0.0,2.771038521291754,39.88853334294451,0.675366525104486,0.0,0.0,0.0,0.0,0.0,0.0,0.0,0.0,49.10660273634761,5.204014222866363,False,True,False,False,False,2.632506700016684,0,0.8914595280165643,0.8555187590109381,False,False,False,False,0.055874816036748064,0.023303430985074397,False,False,False,False,41117734,40843832.27129055,False,False,False,False,351225.0727294946,False,False,False,False
2025-08-06 00:00:00+00:00,42.92,42.95,41.97,42.49,367763,,,,,,,,,,,,,,,,,,,,41.23510677275979,40.754185264307104,40.137095405074334,37.30192428122615,#000000,0.0,0.0,2.6445174085871836,39.93579368619088,1.128450243556316,0.0,0.0,0.0,0.0,0.0,0.0,0.0,0.0,51.1781250274156,5.204014222866363,False,True,False,False,False,4.132428789087445,0,0.8967673252345341,0.8431136786131169,False,False,False,False,0.09394044590147056,0.05862193844327248,False,False,False,False,41485497,40868995.593985036,False,False,False,False,351873.6188969654,False,False,False,False
2025-08-07 00:00:00+00:00,42.68,43.3,42.4101,42.82,160414,,,,,,,,,,,,,,,,,,,,41.41097931394884,40.77609998683258,40.13953503307222,37.30383859765559,#000000,0.0,0.0,2.5025369686131858,39.95375721666226,1.089391612403841,0.0,0.0,0.0,0.0,0.0,0.0,0.0,0.0,52.148191618236666,5.204014222866363,False,True,False,False,True,3.7876737473876325,0,0.9126382934282395,0.8373423790606426,False,False,False,False,0.12172273738508935,0.09017233791418092,False,False,False,False,41325083,40886881.37461308,False,False,False,False,344365.3985480648,False,False,False,False
2025-08-08 00:00:00+00:00,42.54,42.66,42.1501,42.42,96565,,,,,,,,,,,,,,,,,,,,41.47695094349836,40.78684211764864,40.14081014973125,37.304917634757786,#000000,0.0,0.0,2.424631113392812,39.961289087890684,1.0635477280916759,0.0,0.0,0.0,0.0,0.0,0.0,0.0,0.0,52.54072200805227,5.204014222866363,False,True,False,False,True,3.5838849324632527,0,0.9115243811156931,0.843865594251419,False,False,False,False,0.09008842152219686,0.09013037971818888,False,False,False,False,41228518,40900278.889334135,False,False,False,False,334647.73585990537,False,False,False,False
2025-08-11 00:00:00+00:00,41.82,42.64,41.455,42.32,113296,,,,,,,,,,,,,,,,,,,,41.51124873432154,40.79569619931195,40.14199486038671,37.30606539879864,#000000,0.0,0.0,2.3780399226821927,39.96601186426534,0.7796286841322436,0.0,0.0,0.0,0.0,0.0,0.0,0.0,0.0,51.4894589241957,5.204014222866363,False,True,False,False,True,2.531490398949046,0,0.9010341887394452,0.8680776741755373,False,False,False,False,0.06508383784528071,0.0776071087817348,False,False,False,False,41115222,40908708.03092887,False,False,False,False,325967.27563010517,False,False,False,False
2025-08-12 00:00:00+00:00,43.64,43.89,41.99,41.99,232634,,,,,,,,,,,,,,,,,,,,41.71836849809569,40.831628110288875,40.146017159624,37.30902691037386,"rgba(38, 166, 154, 0.5)",0.0,0.0,2.359820820804578,39.992268925649164,1.5457661201188773,0.0,0.0,0.0,0.0,0.0,0.0,0.0,0.0,53.66323555450954,5.204014222866363,False,False,True,False,True,4.951174991845022,0,0.9303492841624426,0.8338170575455408,False,False,False,False,0.11542053300915804,0.09651382089544641,False,False,False,False,41347856,40925929.51991205,False,False,False,False,322307.1471740226,False,False,False,False
2025-08-13 00:00:00+00:00,46.88,47.17,46.34,46.81,495929,,,,,,,,,,,,,,,,,,,,42.78427294812265,41.01780399688255,40.16477675945085,37.31922490911924,"rgba(38, 166, 154, 1.0)",0.0,0.0,2.427120883635654,40.13644612048805,2.7784169816093325,0.0,0.0,0.0,0.0,1.0,44.19,43.89,0.0,58.61409818498018,2.741203243937804,True,False,True,False,True,8.956928651055179,0,0.9442367769040183,0.8285494990843478,False,False,False,False,0.34282824663946115,0.21967103376745378,False,False,False,False,41843785,40961923.85246452,False,False,False,False,329115.8472848453,False,False,False,False
2025-08-14 00:00:00+00:00,44.36,45.43,44.19,44.88,354669,,,,,,,,,,,,,,,,,,,44.660000000000004,43.02908614566175,41.097326478978836,40.17382656596108,37.32486347546644,"rgba(38, 166, 154, 1.0)",0.0,0.0,2.4081102680441426,40.18508770716615,1.733688173766519,0.0,0.0,0.0,0.0,0.0,0.0,0.0,0.0,57.88803776410113,2.741203243937804,True,False,True,False,True,5.311965896577302,0,0.915858164950075,0.8390518122493907,False,False,False,False,0.19082857356711397,0.20524980366728388,False,False,False,False,41489116,40982598.05432866,False,False,False,False,330117.93170504743,False,False,False,False
2025-08-15 00:00:00+00:00,45.65,45.9,45.2305,45.5,352344,,,,,,,,,,,,,,,,,,,45.12521510071243,43.323425867013356,41.192780440486985,40.18464431926183,37.33116830070341,"rgba(38, 166, 154, 1.0)",0.0,0.0,2.426561107989539,40.24423007966688,2.227749345579813,0.0,0.0,0.0,0.0,0.0,0.0,0.0,0.0,58.71545490531561,2.9443212302254267,True,False,True,False,True,6.85728815139494,0,0.9128488379757183,0.8413095347948166,False,False,False,False,0.2484623667836657,0.2268560852254748,False,False,False,False,41841460,41016278.914943226,False,False,False,False,330989.54222641815,False,False,False,False
2025-08-18 00:00:00+00:00,46.42,47.41,46.32,46.85,194105,,,,,,,,,,,,,,,,,,,45.46802115520202,43.525224220755454,41.25663848569104,40.19181902629011,37.33510909659412,"rgba(38, 166, 154, 1.0)",0.0,0.0,2.4559782330219737,40.284354935051674,2.498248959396796,0.0,0.0,0.0,0.0,0.0,0.0,0.0,0.0,60.00653885196151,4.355634694285882,True,False,True,False,True,7.765377859281873,0,0.9058989242521523,0.8386627183270221,False,False,False,False,0.3428282463516204,0.2848421657885476,False,False,False,False,42035565,41056250.91827878,False,False,False,False,325621.5209626371,False,False,False,False
2025-08-19 00:00:00+00:00,45.58,46.75,45.3,46.36,266231,,,,,,,,,,,,,,,,,,,45.561218736356196,43.70256351853824,41.32875011089995,40.200370549014195,37.34002536445665,"rgba(38, 166, 154, 1.0)",0.0,0.0,2.4531192351735935,40.32659549832163,2.14152024343269,0.0,0.0,0.0,0.0,0.0,0.0,0.0,0.0,59.55402490350289,4.355634694285882,True,False,True,False,True,6.555545153481361,0,0.8997933533004617,0.8417047044821407,False,False,False,False,0.2764763235793015,0.28065924468392456,False,False,False,False,41769334,41084214.96069922,False,False,False,False,323292.48092488665,False,False,False,False
2025-08-20 00:00:00+00:00,45.51,45.61,44.68,45.31,143754,,,,,,,,,,,,,,,,,,,45.52892299893041,43.76376507808404,41.361661302596374,40.20448227249052,37.34248807876803,"rgba(38, 166, 154, 1.0)",0.0,0.0,2.5054142668719224,40.344690048924164,2.0616590315520407,0.0,0.0,0.0,0.0,0.0,0.0,0.0,0.0,59.140193503357644,4.355634694285882,True,False,True,False,True,6.454297888246412,0,0.8737647480391247,0.8675748848690759,False,False,False,False,0.20941571991770044,0.24503748230081251,False,False,False,False,41625580,41105444.96224043,False,False,False,False,316251.7561827343,False,False,False,False
2025-08-21 00:00:00+00:00,46.19,46.47,45.18,45.19,169483,,,,,,,,,,,,,,,,,,,45.57674220702704,43.86002620216678,41.40639809551915,40.209971374693204,37.345638592656115,"rgba(38, 166, 154, 1.0)",0.0,0.0,2.572335027847704,40.37016872431855,2.2624701730827614,0.0,0.0,0.0,0.0,0.0,0.0,0.0,0.0,59.666961554037044,4.75567060331521,True,False,True,False,True,7.2875627143230375,0,0.8864895688897828,0.8528993829185939,False,False,False,False,0.26104153233889876,0.25303950731985564,False,False,False,False,41795063,41132488.80685846,False,False,False,False,310496.1186853722,False,False,False,False
2025-08-22 00:00:00+00:00,48.6,48.8199,47.2,47.38,415985,,,,,,,,,,,,,,,,,,,46.1535702088137,44.284535072683575,41.56544396371094,40.22868968638427,37.355390801219414,"rgba(38, 166, 154, 1.0)",0.0,0.0,2.71895132805299,40.46611455026873,2.991552428985868,0.0,0.0,0.0,0.0,0.0,0.0,0.0,0.0,62.424650362362556,7.613871404903264,True,False,True,False,True,10.139029500200731,0,0.8940708947228302,0.8405485607423233,False,False,False,False,0.34282824724539207,0.2979338772826239,False,False,False,False,42211048,41174785.24580519,False,False,False,False,314632.93756045564,False,False,False,False
2025-08-25 00:00:00+00:00,48.93,50.5,48.86,49.44,406844,,,,,,,,,,49.42999999999999,,,,,,,,,46.73227435112648,44.733168478315065,41.74131755185535,40.24970639741717,37.36598517970628,"rgba(38, 166, 154, 1.0)",0.0,0.0,2.8364755887831308,41.080950934151275,2.767183718022416,0.0,0.0,0.0,0.0,0.0,0.0,0.0,0.0,64.55099171945335,9.766450393042689,True,False,True,False,True,10.518437292782615,0,0.9158841681118027,0.8083443843721311,False,False,False,False,0.34282824824324715,0.32038106276293554,False,False,False,False,42617892,41231377.66753832,False,False,False,False,318249.05765612406,False,False,False,False
2025-08-26 00:00:00+00:00,48.85,50.05,48.6,49.59,175187,,,,,,,,,,49.350738626178554,,,,,,,,,46.904336621141,44.89359676431207,41.8121374423608,40.25846790687235,37.37044194125216,"rgba(38, 166, 154, 1.0)",0.0,0.0,2.9521747244362917,41.11768032381953,2.619194457623756,0.0,0.0,0.0,0.0,0.0,0.0,0.0,0.0,65.80497521562457,11.067059767383704,True,False,True,False,True,10.394869708739073,0,0.9293260684751526,0.8086160702784861,False,False,False,False,0.32107098967287784,0.3207260262179067,False,False,False,False,42442705,41278880.700183876,False,False,False,False,312638.78088529565,False,False,False,False
2025-08-27 00:00:00+00:00,46.16,46.2496,45.5844,46.0,312393,,,,,,,,,,48.17973686678056,,,,,,,,45.998,46.802891360189946,44.96053978099588,41.88213753989418,40.26850661305005,37.376248345078885,"rgba(38, 166, 154, 0.75)",0.0,0.0,2.9639664075123715,41.093953241637884,1.7092119348997605,0.0,0.0,0.0,0.0,0.0,0.0,0.0,0.0,61.88773707683226,11.067059767383704,True,False,True,False,False,6.361217448219467,0,0.9156856194114738,0.850956903631235,False,False,False,False,0.12366151515425966,0.22219377068608318,False,False,False,False,42130312,41312270.162921764,False,False,False,False,312629.14241920563,False,False,False,False
2025-08-28 00:00:00+00:00,46.44,46.67,45.475,45.83,217089,,,,,,,,,,47.79209898789608,,,,,,,,46.078770513445214,46.75902073440546,45.01043655408781,41.931682319458574,40.27570123601126,37.38037083798311,"rgba(38, 166, 154, 0.75)",0.0,0.0,3.0207600499338296,41.099471398688124,1.76794201228557,0.0,0.0,0.0,0.0,0.0,0.0,0.0,0.0,59.63374905735602,14.698635856522984,True,False,True,False,False,6.703860952610864,0,0.9258830393265869,0.8379867416715073,False,False,False,False,0.1323549765213598,0.1772743736037215,False,False,False,False,42347401,41352863.529081695,False,False,False,False,308882.4701674721,False,False,False,False
2025-08-29 00:00:00+00:00,47.95,48.2599,47.05,47.38,442799,,,,,,,,,47.7533,47.781045767537876,,,,,,,,46.841389532141434,46.886601375222895,45.2193481435848,42.064968763981355,40.29417124693084,37.390252025161885,"rgba(38, 166, 154, 0.75)",0.0,0.0,3.1119505195348176,41.17048939980144,2.1785406154889575,0.0,0.0,0.0,0.0,0.0,0.0,0.0,0.0,59.950426189132116,14.698635856522984,True,False,True,False,False,8.529826520619935,0,0.9489392701266288,0.8097312226424177,False,False,False,False,0.22220873950991937,0.19974155655682044,False,False,False,False,42790200,41409229.665196136,False,False,False,False,314134.09878835554,False,False,False,False
2025-09-02 00:00:00+00:00,48.08,48.09,46.1452,46.41,324076,,,,,,,,,47.62022546712307,47.72192950946947,,,,,,,,46.99063604709197,46.933972668824566,45.33651570478908,42.15352462120516,40.307063124875775,37.39725256121515,"rgba(38, 166, 154, 0.75)",0.0,0.0,3.2011829907922404,41.21403849025765,2.144820064798337,0.0,0.0,0.0,0.0,0.0,0.0,0.0,0.0,60.31115961312341,14.698635856522984,True,False,True,False,False,8.685582497052255,0,0.9547657410199568,0.8076077232977062,False,False,False,False,0.19137043675131415,0.1955559966540673,False,False,False,False,43114276,41476094.2273453,False,False,False,False,314523.97726724355,False,False,False,False
2025-09-03 00:00:00+00:00,48.14,48.37,47.37,47.47,149660,,,,,,,,,47.67570687982456,47.73949794454241,,,,,,,,47.09096336633664,46.97309882358856,45.39896314466327,42.197382163016094,40.313435276089834,37.40064991937641,"rgba(38, 166, 154, 0.75)",0.0,0.0,3.2829500137513277,41.23824697226316,2.102302197361334,0.0,0.0,0.0,0.0,0.0,0.0,0.0,0.0,60.62631051099135,14.698635856522984,True,False,True,False,False,8.75868439945161,0,0.970464294773986,0.8041516325219626,False,False,False,False,0.2337256675496163,0.21464083210184182,False,False,False,False,43263936,41546205.6694102,False,False,False,False,308058.7232567634,False,False,False,False
2025-09-04 00:00:00+00:00,47.42,47.61,46.61,47.1,245101,,,,,,,,,47.57814773167613,47.68276454414852,,,,,,,,47.10869897158763,46.987220087983516,45.46703897737749,42.258671518750994,40.32283138720936,37.40581602003801,"rgba(38, 166, 154, 0.75)",0.0,0.0,3.3412488251713306,41.26704557290915,1.8415133828817274,0.0,0.0,0.0,0.0,0.0,0.0,0.0,0.0,59.39640726396606,14.001785625210317,True,False,True,False,False,7.643150543575082,0,0.9417670246822617,0.8274425274513383,False,False,False,False,0.1896279850509085,0.20213440857637516,False,False,False,False,43018835,41603955.83923725,False,False,False,False,305589.79293296876,False,False,False,False
2025-09-05 00:00:00+00:00,48.47,49.16,47.78,49.04,211188,,,,,,,,48.47,47.71534557848153,47.749685691098534,,,,,,,,47.25982630945459,47.0586996360724,45.56108118504368,42.32338458100554,40.33237970896906,37.41083276076395,"rgba(38, 166, 154, 0.75)",0.0,0.0,3.421678282695115,41.305053165103416,2.0939861211186255,0.0,0.0,0.0,0.0,0.0,0.0,0.0,0.0,60.035360652114505,14.001785625210317,True,False,True,False,False,8.952158434708526,1,0.9421843790045199,0.8109050705048494,False,False,False,False,0.26917336911666906,0.2356538888465221,False,False,False,False,43230023,41667723.17887501,False,False,False,False,301887.76183755824,False,False,False,False
2025-09-08 00:00:00+00:00,50.08,50.13,48.9901,49.83,239464,,,,,,,,49.1413180801742,48.015070814829606,47.92408175789396,,,,,,,,47.53638442171661,47.197321908437964,45.704156285678536,42.40990032353091,40.3448560729704,37.4171648942019,"rgba(38, 166, 154, 1.0)",0.0,0.0,3.5408080464236953,41.36108781498212,2.462407470471097,0.0,0.0,0.0,0.0,0.0,0.0,0.0,0.0,62.34841759645918,14.001785625210317,True,False,True,False,True,10.901199123359252,1,0.9554375677878416,0.7858459610615403,False,False,False,False,0.3353768501660852,0.28551536950630363,False,False,False,False,43469487,41738380.583625,False,False,False,False,299439.77117726183,False,False,False,False
2025-09-09 00:00:00+00:00,52.35,52.96,51.3,51.3,514022,,,,,,,52.20333333333332,50.77289849434454,49.027556800544914,48.603436204789446,,,,,,,,48.43966088818953,47.698491083348884,46.14975476611366,42.649344449543946,40.378542080693556,37.43345666830338,"rgba(38, 166, 154, 1.0)",0.0,0.0,3.716026042635704,41.528713714840265,2.9120587856495246,0.0,0.0,0.0,0.0,0.0,0.0,0.0,0.0,65.92675824827977,11.430990418035648,True,False,True,False,True,13.51172781737468,0,0.9673448531580395,0.7737831542893482,False,False,False,False,0.34282824925176797,0.31417180937903577,False,False,False,False,43983509,41826424.835247554,False,False,False,False,307854.76054285944,False,False,False,False
2025-09-10 00:00:00+00:00,52.0,53.01,51.57,52.84,430215,,,,,,,52.198777114926294,51.21099240307531,49.560297356985224,49.02448625747606,,,,,,,,48.96295399510327,48.04599951719878,46.47773728859734,42.84072846336209,40.406565375397896,37.44705541819862,"rgba(38, 166, 154, 1.0)",0.0,0.0,3.8576731165135225,41.65536906495938,2.6815727052555096,0.0,0.0,0.0,0.0,0.0,0.0,0.0,0.0,67.57129576422477,12.968989618598059,True,False,True,False,True,12.948191910827546,0,0.9854592890373575,0.7708575325243179,False,False,False,False,0.34282824930873107,0.32850002934388345,False,False,False,False,43553294,41894145.19464961,False,False,False,False,312653.2013058846,False,False,False,False
2025-09-11 00:00:00+00:00,54.47,54.59,52.6501,52.92,520631,,,,,,,52.80460792214724,51.94276941674671,50.29511109985974,49.630907148293005,,,,,,,,49.676120104263305,48.547134544970014,46.9353619697477,43.102827629936854,40.44519528314836,37.46538317330288,"rgba(38, 166, 154, 1.0)",0.0,0.0,4.077565706409578,41.83094089914516,3.099657984906862,0.0,0.0,0.0,0.0,0.0,0.0,0.0,0.0,70.52312138988675,15.728686671595483,True,False,True,False,True,15.668445156983964,0,0.984954044999307,0.7527465825372177,False,False,False,False,0.3428282497376943,0.3356641395407889,False,False,False,False,44073925,41979626.75564374,False,False,False,False,320809.19341153617,False,False,False,False
2025-09-12 00:00:00+00:00,54.0,54.59,53.46,54.57,435125,,,,,,,53.08218634544091,52.32666598167736,50.75616244114105,50.04363176587596,,,,,,,,50.14341131430352,48.912134075587275,47.282227859073,43.31473837566922,40.47758194117567,37.48077493790815,"rgba(38, 166, 154, 1.0)",0.0,0.0,4.250005943821719,41.968167224810244,2.831015517208997,0.0,0.0,0.0,0.0,0.0,0.0,0.0,0.0,71.51155617145892,16.63450801030544,True,False,True,False,True,14.903192511560132,0,1.0072607001202174,0.7481464006872285,False,False,False,False,0.3428282498543432,0.339246194697566,False,False,False,False,43638800,42044692.37306948,False,False,False,False,325292.1662189269,False,False,False,False
2025-09-15 00:00:00+00:00,54.92,55.65,54.77,55.52,235953,,,,,,55.113333333333344,53.30656244166909,52.58086958100949,51.03044828976348,50.28977859079221,,,,,,,,50.41754545742011,49.12870049067652,47.48485503614016,43.437671357504286,40.49649684146947,37.48966213035009,"rgba(38, 166, 154, 1.0)",0.0,0.0,4.4257942739075045,42.04825727945794,2.9083463721818417,0.0,0.0,0.0,0.0,0.0,0.0,0.0,0.0,72.84614920129684,17.93598806792349,True,False,True,False,True,15.89952329539003,0,1.0251566301541284,0.7315269858054104,False,False,False,False,0.34282824998301237,0.3410372223402892,False,False,False,False,43874753,42116459.45647852,False,False,False,False,321788.6695044592,False,False,False,False
2025-09-16 00:00:00+00:00,56.17,56.535,54.56,54.66,311997,,,,,,55.4786916233233,53.61862247447482,52.92252447530614,51.39349314113737,50.61948027053672,,,,,,,,50.78037202302918,49.42118682836951,47.75844640211708,43.605064252186914,40.522527451815236,37.50182714215714,"rgba(38, 166, 154, 1.0)",0.0,0.0,4.6437516558747,42.157034796700145,3.0175957376127953,0.0,0.0,0.0,0.0,0.0,0.0,0.0,0.0,74.57282513424389,19.63217258501041,True,False,True,False,True,17.227437116956587,0,1.0185665527407932,0.7360237366434429,False,False,False,False,0.3428282500282615,0.34193273618427533,False,False,False,False,44186750,42197647.32093035,False,False,False,False,321404.68246506865,False,False,False,False
2025-09-17 00:00:00+00:00,59.41,59.5999,58.06,58.85,723244,,,,,59.0233,57.49539146676275,54.85125258814234,54.140786605009225,52.54709215269931,51.65052769530094,,,,,,,,51.90246809905168,50.3124937848724,48.5607885954133,44.0759537522952,40.59540313073758,37.53500293002235,"rgba(38, 166, 154, 1.0)",0.0,0.0,4.930223666873855,43.43625703851278,3.2399631417971375,0.0,0.0,0.0,0.0,1.0,57.12,56.535,931.0,77.38103137851499,22.32242739650144,True,False,True,False,True,20.0,0,1.0288664670624137,0.7358255020393093,False,False,False,False,0.3428282507423988,0.3423804934633371,False,False,False,False,44909994,42304013.85736445,False,False,False,False,337163.08707428165,False,False,False,False
2025-09-18 00:00:00+00:00,57.56,58.42,57.12,57.6,339453,,,,,58.600603638854714,57.53851387684576,55.126705455766846,54.44578448564256,52.88853166297347,51.97990951513803,,,,,,,,52.250636331075306,50.62090695007788,48.85642423763583,44.26848627302146,40.62696758076137,37.54958194319139,"rgba(38, 166, 154, 1.0)",0.0,0.0,5.1296802597789,43.535871577385834,2.7339186289202826,0.0,0.0,0.0,0.0,0.0,0.0,0.0,0.0,75.81108194145975,22.32242739650144,True,False,True,False,True,17.446728723556127,0,1.0194644419411834,0.7326612649600016,False,False,False,False,0.3043712270429023,0.3233758602531197,False,False,False,False,44570541,42392897.27472271,False,False,False,False,337252.8875811726,False,False,False,False
2025-09-19 00:00:00+00:00,56.84,58.06,56.8296,58.0,190756,,,,,58.39402797264835,57.507242199219164,55.23578160792126,54.574305108202026,53.04485994920536,52.13616997528118,,,,,,,,52.41362356697266,50.772706679778466,49.006157379526485,44.37071172710108,40.644180968929994,37.557579873603224,"rgba(38, 166, 154, 0.75)",0.0,0.0,5.283589160259554,43.58851700349024,2.5080456853421946,0.0,0.0,0.0,0.0,0.0,0.0,0.0,0.0,73.53945019475907,22.32242739650144,True,False,True,False,False,16.299230193099174,0,1.0172278010847724,0.7365386434531278,False,False,False,False,0.2926519610143605,0.30801391063374006,False,False,False,False,44379785,42470814.44041986,False,False,False,False,331507.91159759724,False,False,False,False
2025-09-22 00:00:00+00:00,56.17,57.44,56.01,56.62,234167,,,,,58.10218451244268,57.39597301954735,55.31338293414013,54.679247724039975,53.19238490261064,52.29102435257582,,,,,,,,52.572617847883826,50.93055147113281,49.16773140338945,44.487283576768355,40.66436985056566,37.56703864473917,"rgba(38, 166, 154, 0.75)",0.0,0.0,5.426549193008579,43.64430810030114,2.308224150227299,0.0,0.0,0.0,0.0,-1.0,56.8296,55.56,934.0,70.89311063873704,26.263500627951416,True,False,True,False,False,15.235686957987529,0,1.0063558914703257,0.7450111341194884,False,False,False,False,0.26496713781530606,0.28649052422452304,False,False,False,False,44145618,42536493.011383794,False,False,False,False,327690.6209467111,False,False,False,False
2025-09-23 00:00:00+00:00,53.96,55.56,53.86,55.1,248682,,,,,57.58053232928372,57.07633944039449,55.26266387375341,54.667484148169855,53.24676793771956,52.36910507206621,,,,,,,54.459999999999994,52.64681273492608,51.03023897815961,49.28558289680584,44.58771390921406,40.682952351865396,37.57597330053099,"rgba(38, 166, 154, 0.75)",0.0,0.0,5.5087672563544245,43.67543709678695,1.866944531256007,0.0,0.0,0.0,0.0,0.0,0.0,0.0,0.0,65.81566988986472,21.559049922881385,True,False,True,False,False,11.831173166166117,0,0.9839512331769749,0.773827340714873,False,False,False,False,0.19218392306574048,0.23933722364513177,False,False,False,False,43896936,42589843.716819726,False,False,False,False,324592.24365468323,False,False,False,False
2025-09-24 00:00:00+00:00,56.54,57.5,55.97,56.49,783056,,,,56.669999999999995,57.29752459332893,56.97260465509169,55.48451936382219,54.956907488104825,53.654176729630585,52.80699311186702,,,,,,,56.13731900928336,53.089962188214656,51.49085634659909,49.76944926407681,44.95907060847883,40.75047372092323,37.607719764371836,"rgba(38, 166, 154, 0.75)",0.0,0.0,5.64900804494824,43.882682936137044,2.2406264893147148,0.0,0.0,0.0,0.0,0.0,0.0,0.0,0.0,64.83805233884206,20.762383030611744,True,False,True,False,False,14.548160693528427,0,0.9805395975576741,0.7629360042510099,False,False,False,False,0.2647536709197379,0.25204544728243483,False,False,False,False,44679992,42671810.31616013,False,False,False,False,342571.2144917545,False,False,False,False
2025-09-25 00:00:00+00:00,56.71,56.8663,55.405,56.48,278187,,,,56.58011453333496,57.20102587522274,56.91892918898399,55.52920443019473,55.02382468892969,53.76260437524255,52.9298708208934,,,,,,,56.177622541519554,53.21186528899266,51.62722358809741,49.91862826665055,45.08185833283345,40.77381040988425,37.61877013539694,"rgba(38, 166, 154, 0.75)",0.0,0.0,5.799280219394573,43.94989390866592,2.2002913479952855,0.0,0.0,0.0,0.0,0.0,0.0,0.0,0.0,64.33066826602224,20.25837640211178,True,False,True,False,False,14.722479143352249,0,0.9802128909347144,0.7664743679939964,False,False,False,False,0.2430223028725738,0.2475338750775043,False,False,False,False,44958179,42761471.83317346,False,False,False,False,340046.34333521506,False,False,False,False
2025-09-26 00:00:00+00:00,55.07,55.3,54.1099,54.685,457356,,,,56.05201913243719,56.86739278610931,56.667295858265284,55.47285971752573,55.009168524429036,53.8291294944279,53.032817570832364,,,,,,54.826633333333334,55.82799901232458,53.30600935442246,51.76896907162135,50.09557214091152,45.25188409155218,40.808338977504654,37.63545445894184,"rgba(38, 166, 154, 0.5)",0.0,0.0,5.896854336259395,44.029092134255244,1.872338578529046,0.0,0.0,0.0,0.0,1.0,57.1,56.8663,938.0,61.66711115265969,17.65446926963797,False,False,True,False,False,12.245924937497623,0,0.9455926405844554,0.7801962496133026,False,False,False,False,0.1920057206841489,0.2197697978808266,False,False,False,False,44500823,42829681.68285294,False,False,False,False,344646.72202795174,False,False,False,False
2025-09-29 00:00:00+00:00,57.43,58.21,57.1,57.68,250161,,,57.580000000000005,56.26812602190234,56.918252523607286,56.72363000699232,55.56140731998937,55.10959891487005,53.95315925990353,53.16391739070422,,,,,,55.8001575860368,56.04524556468042,53.43809280008813,51.906455260572535,50.24030716516122,45.36842537501261,40.83084884890496,37.64602606005349,"rgba(38, 166, 154, 0.5)",0.0,0.0,6.04360481593307,44.101164985028454,2.205444502233509,0.0,0.0,0.0,0.0,0.0,0.0,0.0,0.0,62.052604946708875,17.65446926963797,False,False,True,False,False,14.690343143195314,0,0.9443286042119726,0.7840001398092695,False,False,False,False,0.29860109367144755,0.25918544577613706,False,False,False,False,44750984,42905026.87176067,False,False,False,False,340941.39959548303,False,False,False,False
2025-09-30 00:00:00+00:00,57.55,58.96,57.0501,58.95,190302,,,57.69810804403548,56.42211526021125,56.96640856226883,56.77429586528359,55.63240563532529,55.1887841950185,54.04886014035459,53.26456030337814,,,,,,56.23535643398057,56.201101072361645,53.539508326746194,52.011596740024174,50.35067834500875,45.45756717079478,40.848210910799914,37.65417074806388,"rgba(38, 166, 154, 0.5)",0.0,0.0,6.18163078573684,44.156842214086254,2.166605908721755,0.0,0.0,0.0,0.0,0.0,0.0,0.0,0.0,62.4116825064352,17.65446926963797,False,False,True,False,False,14.81198604092177,0,0.9518488613375702,0.7694295401071374,False,False,False,False,0.3116522878673126,0.2854188668217248,False,False,False,False,44941286,42984880.17090731,False,False,False,False,335033.972160366,False,False,False,False
2025-10-01 00:00:00+00:00,58.77,58.8688,57.76,57.76,111935,,,57.85376363189825,56.53259928683301,57.010504551818315,56.817781496450216,55.68311642070229,55.24349203866529,54.111708632768696,53.32940607834265,,,,,,56.48266116057311,56.3104055540587,53.60518367587979,52.07803009065971,50.419298437431344,45.51197121978946,40.8587741609845,37.65910362989912,"rgba(38, 166, 154, 0.5)",0.0,0.0,6.315627099319278,44.19178782049342,2.3082762725300676,0.0,0.0,0.0,0.0,1.0,59.61,58.96,941.0,63.68777164085596,17.65446926963797,False,False,True,False,False,16.04557038950417,0,0.9609900536578979,0.7679808489290232,False,False,False,False,0.32327214687020217,0.3043455068459635,False,False,False,False,45053221,43065991.57596977,False,False,False,False,326284.9928599595,False,False,False,False
2025-10-02 00:00:00+00:00,60.13,61.24,59.61,60.87,298868,,60.32666666666667,58.72196650173584,57.01107604803085,57.25187192410018,57.04310748053103,55.894862725679,55.460372817016,54.3391592269811,53.55480781775481,,,,,,57.360569553978664,56.768801728044856,53.83619378394136,52.29864465840415,50.638028038827606,45.675570345653064,40.88988970158468,37.67343964614641,"rgba(38, 166, 154, 1.0)",0.0,0.0,6.49793231146053,45.304481327067904,2.281574809079504,0.0,0.0,0.0,0.0,0.0,0.0,0.0,0.0,65.59338817943623,17.65446926963797,True,False,True,False,True,17.388704808585466,0,0.9546737998090111,0.7601451948953902,False,False,False,False,0.3428282508879826,0.323586878866973,False,False,False,False,45352089,43155642.45534351,False,False,False,False,325209.81666937284,False,True,False,False
2025-10-03 00:00:00+00:00,59.25,60.0,58.71,60.0,562207,,59.66940098520261,58.95983352781883,57.453798194098454,57.500934248834106,57.28850728941811,56.16545721319047,55.74713352921978,54.65997378423013,53.88419730284061,,,,,,57.94940237235293,57.21973302511501,54.169203642383145,52.63497930291357,50.984216443535,45.95324176192544,40.945135516915286,37.699162135948406,"rgba(38, 166, 154, 1.0)",0.0,0.0,6.628600064177152,45.44892154593147,2.082050255023455,0.0,0.0,0.0,0.0,0.0,0.0,0.0,0.0,65.4167666368422,17.65446926963797,True,False,True,False,True,16.01954114000503,0,0.9557033231449568,0.7671511564891289,False,False,False,False,0.3055319867295076,0.3145594327982403,False,False,False,False,44789882,43219730.28062416,False,False,False,False,334503.8238588092,False,False,False,False
2025-10-06 00:00:00+00:00,59.95,60.41,58.56,58.765,287584,,59.66204000781201,59.07482379253997,57.64907267688431,57.62505981345416,57.41137483729136,56.30041619127538,55.88966565181579,54.81881870853639,54.04763781114742,,,,,,58.17465529111744,57.42041417490644,54.33402322392004,52.80251806988525,51.15723787410542,46.09425090943267,40.973757309647574,37.712490654573635,"rgba(38, 166, 154, 1.0)",0.0,0.0,6.749644501816338,45.53843219094447,2.1351595339839546,0.0,0.0,0.0,0.0,0.0,0.0,0.0,0.0,65.90329598560069,17.65446926963797,True,False,True,False,True,16.720578258751146,0,0.9659948996131485,0.7525112921700418,False,False,False,False,0.3100177009508531,0.3122885668745467,False,False,False,False,45077466,43292582.661776155,False,False,False,False,332663.83076630684,False,False,False,False
2025-10-07 00:00:00+00:00,57.72,60.2,57.41,60.2,300120,,59.40958035237489,58.98011806854999,57.71679673324854,57.671782911700824,57.464736293134116,56.38389627170019,55.9836494013269,54.935580542991865,54.174148998250395,,,,,,58.20745357124215,57.5018794580082,54.45928346456877,52.9398815470858,51.30612330602739,46.225612113360846,41.00162453695939,37.725624763462534,"rgba(38, 166, 154, 0.5)",0.0,0.0,6.778832852847572,45.60473035276313,1.7872205894776758,0.0,0.0,0.0,0.0,-1.0,58.56,58.5,0.0,62.79782196315953,17.643847524518563,False,False,True,False,False,13.308521644922905,0,0.9564261555806087,0.7614058411861053,False,False,False,False,0.286682918030711,0.2994857424526288,False,False,False,False,44777346,43350808.675039835,False,False,False,False,331387.6021088046,False,False,False,False
2025-10-08 00:00:00+00:00,58.27,58.5,57.3308,58.07,152140,,59.2788169278604,58.91324298283377,57.729922972793126,57.68196128317435,57.47926693168605,56.41584392720566,56.021194424199344,54.985359834213604,54.22964795707522,,,,,,58.19732205253844,57.522513035655955,54.51367436981712,53.00199482209789,51.375096832811614,46.288943823051085,41.01538629260654,37.73214493913213,"rgba(38, 166, 154, 0.5)",0.0,0.0,6.822615368644729,45.635364702810264,1.85187565391064,0.0,0.0,0.0,0.0,0.0,0.0,0.0,0.0,61.307349837582755,16.10418522266974,False,False,True,False,False,13.880736733935976,0,0.960621641317179,0.7742080859822801,False,False,False,False,0.2566039260193598,0.2780448342359943,False,False,False,False,44929486,43412717.58974416,False,False,False,False,324358.2843790476,False,False,False,False
2025-10-09 00:00:00+00:00,55.62,58.05,55.13,58.05,293984,,58.81149802953854,58.59532087528261,57.62145479611184,57.60899403779452,57.42223070659721,56.41046295204972,56.029584915421204,55.02394485782728,54.28472004482704,,,,,,58.0019179848774,57.434912713977326,54.563747819451805,53.07714928041416,51.47012207824004,46.39129178222851,41.03916114711208,37.74363665778503,"rgba(38, 166, 154, 0.5)",0.0,0.0,6.843819727934635,45.66574065081244,1.4544888300545007,0.0,0.0,0.0,0.0,-1.0,57.3308,55.415,957.0,56.9080755313194,11.904111836598105,False,True,True,False,False,10.004304850537945,0,0.9527096312854783,0.7679350686660809,False,False,False,False,0.21260164103566237,0.24532323763582833,False,False,False,False,44635502,43460669.919558115,False,False,False,False,323167.1359720261,False,False,False,False
2025-10-10 00:00:00+00:00,47.74,55.415,46.85,54.27,1241863,,55.323637090663865,55.702486293660755,55.80441109696555,56.24851449287508,56.192211289882174,55.56305662729418,55.26903353600212,54.45716789532924,53.84570969748974,,,,,,55.605880801218056,55.74313844775612,54.07254018682343,52.80458116099717,51.35875688965857,46.54123539558166,41.09779392898584,37.7756579089276,"rgba(239, 83, 80, 1.0)",0.0,0.0,6.785983832619663,45.94298619647038,0.2648125677652703,0.0,0.0,0.0,0.0,-1.0,55.13,52.4,952.0,48.133817639834035,3.8605972888341427,False,True,False,True,False,0.06984420766536203,0,0.8732745402498769,0.8068971749392212,False,False,False,False,0.037929231261330194,0.14162623444857927,False,False,False,False,43393639,43458041.256046034,False,False,False,False,359194.42475743685,False,False,False,False
2025-10-13 00:00:00+00:00,51.27,52.4,51.0,52.17,601819,,54.717248744912844,55.121026748820334,55.36438403386565,55.874318021405216,55.847534239475785,55.32179553685156,55.05512407082568,54.30676642602341,53.73738842973707,,,,,,55.092671023811356,55.32726052285494,53.94777496216846,52.753191505425654,51.36577262616974,46.64018684070084,41.13084712615047,37.79308164938245,"rgba(239, 83, 80, 1.0)",0.0,0.0,6.735190555568472,45.965968555434515,0.7875102271873006,0.0,0.0,0.0,0.0,0.0,0.0,0.0,0.0,45.805454170400616,2.074647551410038,False,True,False,True,False,3.869810559337065,0,0.9022665542755454,0.8037159792267566,False,False,False,False,0.030633439497556102,0.08612983697306768,False,False,False,False,43995458,43479116.422475606,False,False,False,False,368709.11398263543,False,False,False,False
2025-10-14 00:00:00+00:00,49.41,50.7464,48.21,48.54,336006,,54.28334253224433,54.70960105038791,55.04131784575101,55.60068154991167,55.59275205418291,55.13097718592998,54.88059403013253,54.170269247093266,53.62716997226214,,,,,49.45546666666666,54.72012854543376,55.018709591092225,53.82674460695763,52.67907510821424,51.32869785005233,46.670860024034425,41.14550964256431,37.80130828834543,"rgba(239, 83, 80, 1.0)",0.0,0.0,6.676920088923697,45.93313380618207,0.5207290408620704,0.0,0.0,0.0,0.0,0.0,0.0,0.0,0.0,43.14145603256638,-0.16481879940403132,False,True,False,True,False,1.7763595867908144,0,0.8697550513217694,0.8270124431885882,False,False,False,False,-0.06040741572504065,0.012861210624013516,False,False,False,False,43659452,43486188.40590794,False,False,False,False,367426.6389244929,False,False,False,False
2025-10-15 00:00:00+00:00,50.73,51.654,49.97,51.14,311536,,54.03484004144582,54.46200518762181,54.835947764314255,55.41756376588987,55.42139554357345,55.00373489276927,54.76555378389564,54.08419395663134,53.56091252025726,,,,,50.094952060973135,54.49291114537182,54.82200589932067,53.75260657300475,52.64040478690254,51.31908139008199,46.71200124931914,41.16122541470567,37.80979421682632,"rgba(239, 83, 80, 1.0)",0.0,0.0,6.615414685373734,45.93299285314838,0.7251256912824378,0.0,0.0,0.0,0.0,0.0,0.0,0.0,0.0,42.599010015747055,-0.5531840507252284,False,True,False,True,False,3.157283197896323,0,0.8782064570832002,0.8231268314274348,False,False,False,False,-0.01523747526728805,-0.001188132321637267,False,False,False,False,43970988,43505200.15469586,False,False,False,False,365234.849162748,False,False,False,False
2025-10-16 00:00:00+00:00,50.36,51.0941,49.94,50.9,158281,,53.91049263780159,54.33786911840475,54.731360748495355,55.323697418599565,55.33324037901685,54.9372102385571,54.705044880421866,54.03803701297358,53.524673869788614,,,,,50.1675785230338,54.378116278333266,54.721529501651126,53.712393587081884,52.61807195693798,51.311476711106096,46.73097252384095,41.16892562858638,37.81399516758519,"rgba(239, 83, 80, 1.0)",0.0,0.0,6.54877223071079,45.93067633422437,0.6763594013858194,0.0,0.0,0.0,0.0,0.0,0.0,0.0,0.0,41.98804554260036,-1.1964511176673227,False,True,False,True,False,2.7379558644482636,0,0.8767737759066327,0.837358609357821,False,False,False,False,-0.02583472341906342,-0.013511427870350343,False,False,False,False,43812707,43517259.24666858,False,False,False,False,357119.01194067945,False,False,False,False
2025-10-17 00:00:00+00:00,50.3,50.75,48.42,48.71,285401,,53.66897597479182,54.09847791186156,54.5283763532936,55.141945678283356,55.162034820952314,54.8055459293331,54.58426807494667,53.943302152002076,53.448174658236134,,,,,50.07754391841943,54.15550722226419,54.525998005600776,53.6284776041348,52.567285601300476,51.28797032799795,46.75890624563552,41.18182219241553,37.82117930409314,"rgba(239, 83, 80, 1.0)",0.0,0.0,6.456745896159044,45.9180303798401,0.678665335547218,0.0,0.0,0.0,0.0,0.0,0.0,0.0,0.0,41.537201420718155,-1.8214767900764883,False,True,False,True,False,2.6690025897232097,0,0.8603428061585653,0.8459151206347334,False,False,False,False,-0.059371801091465476,-0.03644161448090791,False,False,False,False,43527306,43517653.236995295,False,False,False,False,354306.54088418226,False,False,False,False
2025-10-20 00:00:00+00:00,52.49,52.7267,50.0512,50.63,380372,,53.52931572564689,53.94385518350377,54.38354442948654,54.999119566264625,55.02659156790651,54.70437438395715,54.49398611018308,53.87968236615209,53.402811463027625,,,,,50.511375634186734,54.00876645403852,54.38606945972435,53.576133911331546,52.54810078601441,51.29761946924404,46.818350382996094,41.20278132362347,37.83228032148096,"rgba(239, 83, 80, 1.0)",0.0,0.0,6.358877165884709,45.94206395024853,1.0297314885843463,0.0,0.0,0.0,0.0,1.0,50.83,50.75,954.0,43.49188923920396,-1.8214767900764883,False,True,False,True,False,4.982119217817594,0,0.8803254566226553,0.8254331226771174,False,False,False,False,0.005484041723802013,-0.015478786378552947,False,False,False,False,43907678,43532948.32574058,False,False,False,False,355328.71575146925,False,False,False,False
2025-10-21 00:00:00+00:00,51.38,51.71,50.83,51.69,186448,,53.45252547904132,53.86120325998968,54.306722464229814,54.92431993091065,54.955469620114876,54.65000579298379,54.44488318052083,53.84351470326916,53.37562511619167,,,,,50.60080656751771,53.93012596358456,54.31166230905592,53.54545762877255,52.53387638507078,51.29770998878705,46.844370068966086,41.21258849781575,37.837539901492725,"rgba(239, 83, 80, 1.0)",0.0,0.0,6.26008839703865,45.94951846630758,0.867476813308471,0.0,0.0,0.0,0.0,0.0,0.0,0.0,0.0,43.851008098659264,-1.8214767900764883,False,True,False,True,False,3.6807681987880265,0,0.8870820261102619,0.828129640529405,False,False,False,False,-0.015571749276128833,-0.015525267827340889,False,False,False,False,43721230,43540331.92080958,False,False,False,False,348705.942584745,False,False,False,False
2025-10-22 00:00:00+00:00,50.1,51.4149,49.15,50.35,186699,,53.34448877893853,53.750457756403506,54.20708179628728,54.83082384326058,54.86654315700996,54.5801685820838,54.38072317729035,53.79324269609417,53.33518890481731,,,,,50.56243197352332,53.82511106075531,54.21504031191756,53.501069962082454,52.5076478786749,51.28703601009104,46.86386196033527,41.22133625233699,37.842378513915165,"rgba(239, 83, 80, 1.0)",0.0,0.0,6.176565686178275,45.94741253611788,0.6723133331480066,0.0,0.0,0.0,0.0,0.0,0.0,0.0,0.0,43.043836227240746,-1.8214767900764883,False,True,False,True,False,2.2026983949830985,0,0.8689073501257317,0.8438391386805837,False,False,False,False,-0.09901802427809224,-0.05727164605271656,False,False,False,False,43534531,43540104.43371901,False,False,False,False,342352.7291500491,False,False,False,False
2025-10-23 00:00:00+00:00,52.2,52.76,50.78,51.1,221342,,53.28991637281705,53.68649229401562,54.142617050344214,54.76364060698003,54.80220510778021,54.53122273176342,54.33706910998841,53.76280846472159,53.31390085925639,,,,,50.707155549166664,53.76301385257703,54.152331973556684,53.47632410445231,52.49976151594301,51.2943156188238,46.898177853405564,41.23363041200651,37.848893311093335,"rgba(239, 83, 80, 0.75)",0.0,0.0,6.076233162201786,45.9630759602356,1.0264458050362881,0.0,0.0,0.0,0.0,1.0,52.7,51.4149,960.0,44.707858859045096,-1.8214767900764883,False,True,False,True,True,4.422310275521852,0,0.8615362605183166,0.8340512304155353,False,False,False,False,-0.03583666092712433,-0.046554153489920445,False,False,False,False,43755873,43548565.94612219,False,False,False,False,337607.2103598511,False,False,False,False
2025-10-24 00:00:00+00:00,52.94,53.32,52.7,53.21,165251,,53.28152223875881,53.668761348205535,54.118860812952775,54.73360684271874,54.773148003351665,54.510344528805035,54.31946429687294,53.7535395460262,53.31028349971498,,,,,50.87597436071185,53.7446330327224,54.12909474164816,53.4706919781487,52.504537948574104,51.30887509521494,46.92891342094518,41.243711274601736,37.854124127784736,"rgba(239, 83, 80, 0.75)",0.0,0.0,5.977782037686673,45.982696640071694,1.163860327470336,0.0,0.0,0.0,0.0,0.0,0.0,0.0,0.0,46.54279409585584,-1.8214767900764883,False,True,False,True,True,5.187695515236793,0,0.8889327747379171,0.8192577637383884,False,False,False,False,0.009718890157756418,-0.018417631666082013,False,False,False,False,43921124,43563176.06588211,False,False,False,False,330848.1432869158,False,False,False,False
2025-10-27 00:00:00+00:00,54.91,55.6,54.83,55.49,244965,55.11333333333334,53.35372462586333,53.72105257410012,54.14826153716708,54.74288822195624,54.781031866647545,54.52218972818882,54.33451525575596,53.77719329159853,53.3393532750504,,,,,51.29514983280843,53.79104138928261,54.15734503988974,53.498230470381046,52.54193086050925,51.35678270351341,46.98970476205957,41.26132374776741,37.862960335856584,#000000,0.0,0.0,5.882117878684355,46.72661048764256,1.3912318115916107,0.0,0.0,0.0,0.0,0.0,0.0,0.0,0.0,49.57942905941311,-5.994671959034086,False,True,False,False,True,7.185458245169361,0,0.8907001926568552,0.8228302464898539,False,False,False,False,0.10534874036500204,0.04346555434946001,False,False,False,False,44166089,43586819.71035732,False,False,False,False,327480.17688350735,False,False,False,False
2025-10-28 00:00:00+00:00,54.13,54.39,53.25,54.11,165881,54.63286525040201,53.36853276131222,53.72589228794255,54.143846918469706,54.729544316991394,54.767779661136245,54.51432815594437,54.32930328698307,53.778894677824766,53.34566007155687,,,,53.92333333333333,51.4601519815062,53.794010695502166,54.152883418509035,53.503002262408074,52.555209914998976,51.378483042316496,47.02440465089727,41.27220246460809,37.868526329898096,#000000,0.0,0.0,5.789787956097876,46.727045271278904,1.278622772518675,0.0,0.0,0.0,0.0,0.0,0.0,0.0,0.0,50.76114266029251,-4.747151240453391,False,True,False,False,True,6.2461309938703025,0,0.8756810324666046,0.8411423236140698,False,False,False,False,0.0447353132163893,0.04410043378292466,False,False,False,False,44000208,43603031.01583351,False,False,False,False,321142.9542606247,False,False,False,False
2025-10-29 00:00:00+00:00,54.4,55.33,53.55,55.11,290899,54.54738838656967,53.414669677478834,53.75411110853945,54.1532573214477,54.721136348685185,54.75878082247844,54.512355476973546,54.3314204824796,53.79185524481775,53.36575269084401,,,,54.24387968679306,51.754366889106265,53.81796967565894,54.161741189299256,53.520833491632985,52.58623494552242,51.423019045894385,47.08880417571125,41.29199219747861,37.878583606284856,#000000,0.0,0.0,5.756603719067161,46.770442783493905,1.3253573789064708,0.0,0.0,0.0,0.0,-1.0,53.25,52.58,0.0,51.81462694537392,-3.58274976125994,False,True,False,False,True,6.522578340923843,0,0.8880294833072183,0.8271013071332074,False,False,False,False,0.07160774254471255,0.05785408816381861,False,False,False,False,44291107,43630014.38776161,False,False,False,False,319956.9168386394,False,False,False,False
2025-10-30 00:00:00+00:00,51.83,52.58,51.41,51.65,431326,53.554834166026076,53.325121023431606,53.651899034693194,54.04919839708767,54.61118727246595,54.652672611188734,54.42929630923767,54.25672352060839,53.73850017040376,53.32751348758827,,,51.94,53.12495558338006,51.778165551750035,53.71812467270639,54.06004022359477,53.4768428844943,52.57073107752996,51.43398130565476,47.150586459282785,41.315691243346016,37.89123593174372,#000000,0.0,0.0,5.684543266098313,46.745366127280164,0.8944665621675817,0.0,0.0,0.0,0.0,0.0,0.0,0.0,0.0,49.800667967683,-3.58274976125994,False,True,False,False,True,3.4585088027632445,0,0.8776148196045004,0.8284031731866264,False,False,False,False,-0.051126694514560735,0.0033636968246289374,False,False,False,False,43859781,43639024.84314351,False,False,False,False,324324.33186457516,False,False,False,False
2025-10-31 00:00:00+00:00,51.16,51.95,50.4113,50.91,182325,53.224798091854716,53.27128044475848,53.59425143153329,53.99316531715373,54.554687731514356,54.59818286160655,54.385460272477175,54.21654829143095,53.707640290668365,53.30336978386279,,,51.712340479360414,52.79261233169941,51.74709553385107,53.6621998863542,54.00525208768436,53.45006699097649,52.55670638153775,51.43166965341028,47.17212883101398,41.32495712660336,37.89628600348607,#000000,0.0,0.0,5.622556813151529,46.73377615282682,0.7872261667183067,0.0,0.0,0.0,0.0,0.0,0.0,0.0,0.0,47.82426330479356,-3.58274976125994,False,True,False,False,False,2.6818046620157325,0,0.8645667262079321,0.8420236920916756,False,False,False,False,-0.09079395501565833,-0.0437151290955147,False,False,False,False,43677456,43640531.947333954,False,False,False,False,318755.730614984,False,False,False,False
2025-11-03 00:00:00+00:00,51.16,51.36,50.42,51.36,111807,53.048940739918095,53.236647904775765,53.55748298057417,53.957583497422554,54.51901654066433,54.563761032822896,54.35757101894523,54.190889332843504,53.68766150320428,53.287507158290865,,,51.599472757209924,52.62118936359119,51.723652664893464,53.62652805637242,53.97044183577664,53.4325813380696,52.54705885031388,51.42922242236279,47.18459133604814,41.330519004049584,37.89933578893463,"rgba(239, 83, 80, 1.0)",0.0,0.0,5.5770648000344565,46.727248848015854,0.7948179393498809,0.0,0.0,0.0,0.0,-1.0,50.4113,49.91,964.0,46.5066601962006,-3.58274976125994,False,True,False,True,False,2.6818046620157325,0,0.8534678370329066,0.8620795744385228,False,False,False,False,-0.10414244937408318,-0.07392878923479894,False,False,False,False,43677456,43641979.949399285,False,False,False,False,310640.0941202787,False,False,False,False
2025-11-04 00:00:00+00:00,48.86,49.91,48.58,49.02,263917,52.435268158084575,53.09471770385163,53.41478916874729,53.82630572731699,54.39469410413945,54.444125038365975,54.25817926656852,54.09767713251063,53.60997481559636,53.22135630772858,,49.11666666666666,50.93718117414192,51.981629208141584,51.5482452355446,53.48925931822477,53.84209500495622,53.36164850129714,52.49821838724589,51.40001955680033,47.199402981839405,41.34109200024238,37.90550439811058,"rgba(239, 83, 80, 1.0)",0.0,0.0,5.52682422861933,46.68361928169157,0.3937850433235357,0.0,0.0,0.0,0.0,-1.0,50.42,50.01,965.0,43.47639065697363,-1.1965967053980862,False,True,False,True,False,0.026991365660261835,0,0.8232450449303289,0.881392181109444,False,False,False,False,-0.18053840791511402,-0.12723359857495647,False,False,False,False,43413539,43633021.48079539,False,False,False,False,308807.8159194835,False,False,False,False
2025-11-05 00:00:00+00:00,49.57,50.01,48.69,49.21,115157,52.243245905343784,53.040348510840374,53.35960050553938,53.77481562358959,54.345271464993104,54.396465487911975,54.21849935109772,54.060508233923194,53.579156006091814,53.1952528973591,,49.20982740397213,50.779349462789064,51.79293810856937,51.48764049707091,53.43596744517081,53.79169310942807,53.33360678541036,52.479233929427345,51.38918758428775,47.20681733228911,41.34587800340811,37.90826743783734,"rgba(239, 83, 80, 1.0)",0.0,0.0,5.483904846034437,46.67009614298822,0.5288027306142592,0.0,0.0,0.0,0.0,0.0,0.0,0.0,0.0,42.448974097048435,-2.2389277106252834,False,True,False,True,False,0.8254893144301647,0,0.8263605031462351,0.8763160186412968,False,False,False,False,-0.1756086469062633,-0.15142112274060987,False,False,False,False,43528696,43628930.28547008,False,False,False,False,301213.6662755822,False,False,False,False
2025-11-06 00:00:00+00:00,49.95,51.46,49.4,51.01,275719,51.98192869446754,52.94548442803122,53.260596510243204,53.6793545479625,54.25052407418275,54.30476485798072,54.142406236274205,53.989690472417166,53.52184263428665,53.14789515571641,,49.65624287879274,50.67760179187215,51.564361142608185,51.40980586245157,53.33963671566021,53.69807225276932,53.28225422627009,52.44705182549695,51.374693592822524,47.23107495673906,41.35851278410047,37.91536358847953,"rgba(239, 83, 80, 1.0)",0.0,0.0,5.459137238372655,46.65699395775269,0.603209975946482,0.0,0.0,0.0,0.0,-1.0,48.69,48.65,0.0,42.30551657199911,-2.5283459787226192,False,True,False,True,False,1.2544366115646177,0,0.8392107567967398,0.8509114506518788,False,False,False,False,-0.13035361837043297,-0.14088737055552142,False,False,False,False,43804415,43635812.038981065,False,False,False,False,300213.8754412457,False,False,False,False
2025-11-07 00:00:00+00:00,48.59,48.65,47.1,47.96,280870,51.52207511873292,52.7826089965618,53.09788613240654,53.529089185037535,54.10853556080793,54.16770760401898,54.02632573586877,53.87994065927501,53.42807360449798,53.06621359004411,48.113333333333344,49.193087871024794,50.24402345414131,51.10669566117585,51.208273531210274,53.18251545379,53.550821313850385,53.195475251149155,52.38368311964298,51.33222864165241,47.2381352120866,41.36824090085978,37.92132352967937,"rgba(239, 83, 80, 1.0)",0.0,0.0,5.4235919416516944,46.612974346722275,0.36452330384495096,0.0,0.0,0.0,0.0,0.0,0.0,0.0,0.0,40.852733051071496,-4.104929651391778,False,True,False,True,False,0.0,0,0.8237909805832622,0.8703786330938467,False,False,False,False,-0.300839148915168,-0.2208632597353447,False,False,False,False,43523545,43631409.41000141,False,False,False,False,299455.2920906086,False,False,False,False
