date,Close,High,Low,Open,Volume,aVWAP_OB_bull_854,aVWAP_OB_bull_94,aVWAP_OB_bear_848,aVWAP_OB_bear_452,aVWAP_OB_bear_435,aVWAP_OB_bear_122,Peaks_Valleys_avg,color,Liquidity,Liquidity_Level,StDev,StDev_Mean,StdDev_ZScore,QQEMOD,QQE1_Value,QQE1_Above_Upper,QQE1_Below_Lower,QQE2_Above_Threshold,QQE2_Below_Threshold,QQE2_Above_TL,banker_RSI,SMA_200,OB,OB_High,OB_Low,OB_Mitigated_Index,TTM_squeeze_Active,VI_plus,VI_minus,VI_Regular_Bullish,VI_Regular_Bearish,VI_Hidden_Bullish,VI_Hidden_Bearish,Fisher,Fisher_Signal,Fisher_Regular_Bullish,Fisher_Regular_Bearish,Fisher_Hidden_Bullish,Fisher_Hidden_Bearish,OBV,OBV_Smoothed,OBV_Regular_Bullish,OBV_Regular_Bearish,OBV_Hidden_Bullish,OBV_Hidden_Bearish,Volume_MA,Vol_Regular_Bullish,Vol_Regular_Bearish,Vol_Hidden_Bullish,Vol_Hidden_Bearish
2022-01-03 00:00:00+00:00,12.4620294306,12.5073788827,12.2352821702,12.2352821702,1487515,,,,,,,,"rgba(38, 166, 154, 1.0)",-1.0,12.674801,,,,,,False,False,False,False,False,,,0.0,0.0,0.0,0.0,0,,,False,False,False,False,,,False,False,False,False,0,0.0,False,False,False,False,1487515.0,False,False,False,False
2022-01-04 00:00:00+00:00,12.6162175676,12.6978465814,12.5345885539,12.5345885539,920489,,,,,,,,"rgba(239, 83, 80, 1.0)",0.0,0.0,,,,100.0,,False,False,True,False,False,,,0.0,0.0,0.0,0.0,0,,,False,False,False,False,,,False,False,False,False,920489,36097.60784313725,False,False,False,False,1465278.6862745099,False,False,False,False
2022-01-05 00:00:00+00:00,12.5255186635,12.7522659239,12.5164487731,12.6978465814,1775903,,,,,,,,"rgba(239, 83, 80, 1.0)",0.0,0.0,,,,86.90476190630886,-2.380952374764547,False,False,True,False,True,,,0.0,0.0,0.0,0.0,0,,,False,False,False,False,,,False,False,False,False,-855414,1136.368319876965,False,False,False,False,1477460.0319108036,False,False,False,False
2022-01-06 00:00:00+00:00,12.7704057047,12.842964828,12.711451417,12.8248250472,1469011,,,,,,,,"rgba(239, 83, 80, 1.0)",0.0,0.0,,,,85.22621729622513,-2.380952374764547,False,False,True,False,True,,,0.0,0.0,0.0,0.0,0,,,False,False,False,False,,,False,False,False,False,613597,25154.43230733277,False,False,False,False,1477128.6973260662,False,False,False,False
2022-01-07 00:00:00+00:00,12.734126143,12.8338949376,12.688776691,12.8157551568,1539810,,,,,,,,"rgba(239, 83, 80, 1.0)",0.0,0.0,,,,81.9056175225135,-2.380952374764547,False,False,True,False,True,,,0.0,0.0,0.0,0.0,0,,,False,False,False,False,,,False,False,False,False,-926213,-12154.09444981753,False,False,False,False,1479586.7876270048,False,False,False,False
2022-01-10 00:00:00+00:00,12.6162175676,12.7885454855,12.5708681156,12.7250562526,951341,,,,,,,,"rgba(239, 83, 80, 1.0)",0.0,0.0,,,,74.07592238111881,-2.380952374764547,False,False,True,False,True,,,0.0,0.0,0.0,0.0,0,,,False,False,False,False,,,False,False,False,False,-1877554,-85307.0319223737,False,False,False,False,1458871.2665435928,False,False,False,False
2022-01-11 00:00:00+00:00,12.9880830747,13.0198276911,12.688776691,12.7976153759,1240345,,,,,,,,"rgba(38, 166, 154, 1.0)",0.0,0.0,,,,74.9151457973944,-2.380952374764547,False,False,True,False,True,,,0.0,0.0,0.0,0.0,0,,,False,False,False,False,,,False,False,False,False,-637209,-106950.24635679042,False,False,False,False,1450301.6090320793,False,False,False,False
2022-01-12 00:00:00+00:00,13.0969217597,13.174197226,13.0243626363,13.0515723076,1067219,,,,,,,,"rgba(239, 83, 80, 1.0)",0.0,0.0,,,,76.43717715383885,-2.380952374764547,False,False,True,False,True,,,0.0,0.0,0.0,0.0,0,,,False,False,False,False,,,False,False,False,False,430010,-85892.98179377904,False,False,False,False,1435278.7616190568,False,False,False,False
2022-01-13 00:00:00+00:00,12.9971529651,13.1740158282,12.9790131843,13.1513411021,1335089,,,,,,,,"rgba(239, 83, 80, 1.0)",0.0,0.0,,,,74.52072308526826,-2.380952374764547,False,False,True,False,True,,,0.0,0.0,0.0,0.0,0,,,False,False,False,False,,,False,False,False,False,-905079,-118017.92368421907,False,False,False,False,1431349.7513594858,False,False,False,False
2022-01-14 00:00:00+00:00,13.2873894584,13.300994294,13.1604109926,13.169480883,1236281,,,,,,,,"rgba(38, 166, 154, 1.0)",0.0,0.0,,,,75.79779454458333,-1.3245374791014726,False,False,True,False,True,,,0.0,0.0,0.0,0.0,0,,,False,False,False,False,,,False,False,False,False,331202,-100401.4560887595,False,False,False,False,1423699.996404212,False,False,False,False
2022-01-18 00:00:00+00:00,13.4869270475,13.5322764996,13.3780883625,13.4234378146,1645593,,,,,,,,"rgba(38, 166, 154, 1.0)",0.0,0.0,,,,77.84046502678953,2.844889511304814,False,False,True,False,True,,,0.0,0.0,0.0,0.0,0,,,False,False,False,False,,,False,False,False,False,1976795,-18942.771536259126,False,False,False,False,1432401.6828197332,False,False,False,False
2022-01-19 00:00:00+00:00,13.5050668283,13.6592549654,13.4959969379,13.5866958421,1263911,,,,,,,,"rgba(239, 83, 80, 1.0)",0.0,0.0,,,,79.30009201023584,6.354116696699677,False,False,True,False,True,,,0.0,0.0,0.0,0.0,0,,,False,False,False,False,,,False,False,False,False,3240706,108886.5920533981,False,False,False,False,1425794.2050620965,False,False,False,False
2022-01-20 00:00:00+00:00,13.4778571571,13.7499538696,13.4733222119,13.5322764996,1780095,,,,,,,13.567044412866668,"rgba(239, 83, 80, 1.0)",0.0,0.0,,,,79.55792268036222,8.651183154378018,False,False,True,False,True,,,0.0,0.0,0.0,0.0,0,,,False,False,False,False,,,False,False,False,False,1460611,161895.39236502955,False,False,False,False,1439688.3538831908,False,False,False,False
2022-01-21 00:00:00+00:00,13.5141367188,13.6048356229,13.3735534173,13.5141367188,2303873,,,,,,,13.527817437218761,"rgba(239, 83, 80, 1.0)",0.0,0.0,,,,79.97467868314723,11.030088218452704,False,False,True,False,True,,,0.0,0.0,0.0,0.0,0,,,False,False,False,False,,,False,False,False,False,3764484,303173.3769781657,False,False,False,False,1473577.9478485559,False,False,False,False
2022-01-24 00:00:00+00:00,13.3871582529,13.4143679242,13.1150615405,13.3508786913,2310504,,,,,,,13.376513824595502,"rgba(239, 83, 80, 1.0)",0.0,0.0,,,,76.90456163180926,11.030088218452704,False,False,True,False,True,,,0.0,0.0,0.0,0.0,0,,,False,False,False,False,,,False,False,False,False,1453980,348303.048469218,False,False,False,False,1506398.577344691,False,False,False,False
2022-01-25 00:00:00+00:00,13.5232066092,13.5685560612,13.3327389104,13.3690184721,1804146,,,,,,,13.416638878637286,"rgba(38, 166, 154, 1.0)",0.0,0.0,,,,76.10297281861736,11.030088218452704,False,False,True,False,True,,,0.0,0.0,0.0,0.0,0,,,False,False,False,False,,,False,False,False,False,3258126,462413.75245081726,False,False,False,False,1518074.9468605854,False,False,False,False
2022-01-26 00:00:00+00:00,13.6229754037,13.8134431025,13.5730910065,13.650185075,2454383,,,,,,,13.495748349790933,"rgba(38, 166, 154, 1.0)",0.0,0.0,,,,76.3628096240916,12.090618666699612,False,False,True,False,True,,,0.0,0.0,0.0,0.0,0,,,False,False,False,False,,,False,False,False,False,5712509,668299.8405900009,False,False,False,False,1554792.9097287976,False,False,False,False
2022-01-27 00:00:00+00:00,13.6592549654,13.8291340129,13.5594861708,13.8225129929,2180014,,,,,,,13.535204926259514,"rgba(38, 166, 154, 1.0)",0.0,0.0,,,,76.81366491646185,13.935973868055981,False,False,True,False,True,,,0.0,0.0,0.0,0.0,0,,,False,False,False,False,,,False,False,False,False,7892523,951602.7095864713,False,False,False,False,1579311.3838570802,False,False,False,False
2022-01-28 00:00:00+00:00,13.650185075,13.8406527737,13.5504162804,13.7953033216,2203163,,,,,,,13.600413343753623,"rgba(38, 166, 154, 1.0)",0.0,0.0,,,,76.86008852609915,15.304645198364028,False,False,True,False,True,,,0.0,0.0,0.0,0.0,0,,,False,False,False,False,,,False,False,False,False,5689360,1137397.1131320999,False,False,False,False,1603776.153117587,False,False,False,False
2022-01-31 00:00:00+00:00,13.7136743079,13.7408839791,13.5504162804,13.7136743079,1447026,,,,,,,13.606121758439778,"rgba(38, 166, 154, 1.0)",0.0,0.0,,,,77.43061808517888,17.06684274820111,False,False,True,False,True,,,0.0,0.0,0.0,0.0,0,,,False,False,False,False,,,False,False,False,False,7136386,1372651.5792837823,False,False,False,False,1597629.0882894464,False,False,False,False
2022-02-01 00:00:00+00:00,13.7318140887,13.7680936504,13.547060421,13.5866958421,2306956,,,,,,,13.633524822179975,"rgba(38, 166, 154, 1.0)",0.0,0.0,,,,77.96523739619981,18.6723403140234,False,False,True,False,True,,,0.0,0.0,0.0,0.0,0,,,False,False,False,False,,,False,False,False,False,9443342,1689149.242841281,False,False,False,False,1625445.8299251546,False,False,False,False
2022-02-02 00:00:00+00:00,13.7499538696,13.8134431025,13.6139055133,13.7771635408,2342404,,,,,,,13.650929679057802,"rgba(38, 166, 154, 1.0)",0.0,0.0,,,,78.48382538286623,20.149514119917896,False,False,True,False,True,,,0.0,0.0,0.0,0.0,0,,,False,False,False,False,,,False,False,False,False,11785746,2085094.2137102503,False,False,False,False,1653561.8365947565,False,False,False,False
2022-02-03 00:00:00+00:00,13.9313516779,13.9857710203,13.6320452942,13.6683248558,1735405,,,,,,,13.67795841578243,"rgba(38, 166, 154, 1.0)",0.0,0.0,,,,80.21772575465025,22.63611603693242,False,False,True,False,True,,,0.0,0.0,0.0,0.0,0,,,False,False,False,False,,,False,False,False,False,13521151,2533567.028858868,False,False,False,False,1656771.37241457,False,False,False,False
2022-02-04 00:00:00+00:00,14.1399591574,14.2125182807,14.0855398149,14.0855398149,1986117,,,,,,,13.742302689974562,"rgba(38, 166, 154, 1.0)",0.0,0.0,,,,82.48636196711597,25.44900890803936,False,False,True,False,True,,,0.0,0.0,0.0,0.0,0,,,False,False,False,False,,,False,False,False,False,15507268,3042339.615962442,False,False,False,False,1669686.8872218418,False,False,False,False
2022-02-07 00:00:00+00:00,14.1490290478,14.2306580616,14.1127494862,14.1399591574,1349272,,,,,,,13.776890139334716,"rgba(38, 166, 154, 1.0)",0.0,0.0,,,,84.04070354913725,27.447260067256266,False,False,True,False,True,,,0.0,0.0,0.0,0.0,0,,,False,False,False,False,,,False,False,False,False,16856540,3584072.964356072,False,False,False,False,1657121.5975268679,False,False,False,False
2022-02-08 00:00:00+00:00,13.9585613491,14.022050582,13.8315828833,14.0039108012,1418850,,,,,,,13.787871616386647,"rgba(38, 166, 154, 1.0)",0.0,0.0,,,,79.7633595551083,27.447260067256266,False,False,True,False,False,,,0.0,0.0,0.0,0.0,0,,,False,False,False,False,,,False,False,False,False,15437690,4048920.691244069,False,False,False,False,1647777.613310128,False,False,False,False
2022-02-09 00:00:00+00:00,14.1218193766,14.1762387191,14.022050582,14.0674000341,1963176,,,,,,,13.817955991810072,"rgba(38, 166, 154, 1.0)",0.0,0.0,,,,78.32346184083019,27.447260067256266,False,False,True,False,False,,,0.0,0.0,0.0,0.0,0,,,False,False,False,False,,,False,False,False,False,17400866,4572526.389626655,False,False,False,False,1660146.1774940444,False,False,False,False
2022-02-10 00:00:00+00:00,14.0674000341,14.2941472945,14.0129806916,14.0674000341,1888071,,,,,,,13.84315228116539,"rgba(38, 166, 154, 1.0)",0.0,0.0,,,,76.07661246214374,32.28767510103185,False,False,True,False,False,,,0.0,0.0,0.0,0.0,0,,,False,False,False,False,,,False,False,False,False,15512795,5001556.531209923,False,False,False,False,1669084.4058276115,False,False,False,False
2022-02-11 00:00:00+00:00,14.3122870753,14.4483354315,14.1490290478,14.1671688287,6136866,,,,,,,13.940717547633412,"rgba(38, 166, 154, 1.0)",0.0,0.0,,,,76.49320580733266,32.28767510103185,False,False,True,False,False,,,0.0,0.0,0.0,0.0,0,,,False,False,False,False,,,False,False,False,False,21649661,5654423.373123259,False,False,False,False,1844291.5271677051,False,False,False,False
2022-02-14 00:00:00+00:00,14.3848461986,14.502754774,14.1580989382,14.2034483903,3963979,,,,,,,14.061096049693152,"rgba(38, 166, 154, 1.0)",0.0,0.0,,,,77.2380325486699,32.28767510103185,False,False,True,False,False,,,0.0,0.0,0.0,0.0,0,,,False,False,False,False,,,False,False,False,False,25613640,6437137.750647837,False,False,False,False,1927416.526102305,False,False,False,False
2022-02-15 00:00:00+00:00,13.9767011299,13.9903059656,13.8315828833,13.9857710203,1999561,,,,,,,14.029801398585757,"rgba(38, 166, 154, 1.0)",0.0,0.0,,,,70.47528609084061,26.469796981655605,False,False,True,False,False,,,0.0,0.0,0.0,0.0,0,,,False,False,False,False,,,False,False,False,False,23614079,7110743.2898381185,False,False,False,False,1930245.7211571166,False,False,False,False
2022-02-16 00:00:00+00:00,13.8497226641,14.2125182807,13.8406527737,14.0946097053,2205613,,,,,,,14.01522252078712,"rgba(38, 166, 154, 1.0)",0.0,0.0,,,,64.32511935282967,20.82722410852432,False,False,True,False,False,,,0.0,0.0,0.0,0.0,0,,,False,False,False,False,,,False,False,False,False,21408466,7671438.298079761,False,False,False,False,1941044.4379744846,False,False,False,False
2022-02-17 00:00:00+00:00,13.9767011299,14.0129806916,13.7953033216,13.8406527737,2416224,,,,,,,14.002025955810165,"rgba(38, 166, 154, 1.0)",0.0,0.0,,,,61.614123444469094,18.514026244368694,False,False,True,False,False,,,0.0,0.0,0.0,0.0,0,,,False,False,False,False,,,False,False,False,False,23824690,8304899.149135456,False,False,False,False,1959678.9306029363,False,False,False,False
2022-02-18 00:00:00+00:00,14.1490290478,14.1580989382,13.7771635408,13.8134431025,2313842,,,,,,,14.005815064623738,"rgba(38, 166, 154, 1.0)",0.0,0.0,,14.0280971756,,61.48303856277951,18.47844977796504,False,False,True,False,False,,,0.0,0.0,0.0,0.0,1,,,False,False,False,False,,,False,False,False,False,26138532,9004257.300149754,False,False,False,False,1973567.6784224291,False,False,False,False
2022-02-22 00:00:00+00:00,14.2760075136,14.5843837878,14.2578677328,14.5753138973,2791224,,,,,,,14.061982311787885,"rgba(38, 166, 154, 1.0)",0.0,0.0,,14.21653972279234,,62.49595681876285,18.47844977796504,False,False,True,False,False,,,0.0,0.0,0.0,0.0,1,,,False,False,False,False,,,False,False,False,False,28929756,9785649.406026233,False,False,False,False,2005632.632209785,False,False,False,False
2022-02-23 00:00:00+00:00,14.4846149932,14.6750826919,14.393916089,14.4392655411,2360030,,,,,,,14.103291935415916,"rgba(38, 166, 154, 1.0)",0.0,0.0,,14.311803261682504,,64.74786663212778,18.47844977796504,False,False,True,False,True,,,0.0,0.0,0.0,0.0,1,,,False,False,False,False,,,False,False,False,False,31289786,10628948.880299715,False,False,False,False,2019530.5682015582,False,False,False,False
2022-02-24 00:00:00+00:00,14.3394967465,15.1104374318,14.0900747601,15.092297651,8768964,,,,,,,14.235792906937462,"rgba(38, 166, 154, 1.0)",0.0,0.0,,14.420663033671733,,64.11218616828319,18.47844977796504,False,False,True,False,True,,,0.0,0.0,0.0,0.0,1,,,False,False,False,False,,,False,False,False,False,22520822,11095296.845778158,False,False,False,False,2284214.232193654,False,False,False,False
2022-02-25 00:00:00+00:00,14.2578677328,14.2850774041,14.0401903628,14.1853086095,3791451,,,,,,,14.21716284077878,"rgba(38, 166, 154, 1.0)",0.0,0.0,,14.377820345569873,,62.55356627265258,18.47844977796504,False,False,True,False,True,,,0.0,0.0,0.0,0.0,1,,,False,False,False,False,,,False,False,False,False,18729371,11394672.302806465,False,False,False,False,2343321.556421354,False,False,False,False
2022-02-28 00:00:00+00:00,14.3576365274,14.5571741165,14.3122870753,14.5208945548,3784520,,,,,,,14.229642244164939,"rgba(38, 166, 154, 1.0)",0.0,0.0,,14.382781418455757,,62.432472852271154,18.47844977796504,False,False,True,False,True,,,0.0,0.0,0.0,0.0,1,,,False,False,False,False,,,False,False,False,False,22513891,11830720.09485327,False,False,False,False,2399839.1424440457,False,False,False,False
2022-03-01 00:00:00+00:00,14.7567117056,14.8927600619,14.5726836291,14.7385719248,13951838,,,,,,,14.351154521425064,"rgba(38, 166, 154, 1.0)",0.0,0.0,,14.515028042557564,,65.25067285032961,18.47844977796504,False,False,True,False,True,,,0.0,0.0,0.0,0.0,1,,,False,False,False,False,,,False,False,False,False,36465729,12796798.87544726,False,False,False,False,2852858.7054854557,False,False,False,False
2022-03-02 00:00:00+00:00,15.1557868839,15.3190449114,14.6478730207,14.8836901715,7195133,,,,,,,14.426566344307801,"rgba(38, 166, 154, 1.0)",0.0,0.0,,14.599191355434955,,69.08902169622252,12.89250103069567,False,False,True,False,True,,,0.0,0.0,0.0,0.0,1,,,False,False,False,False,,,False,False,False,False,43660862,14007154.292096388,False,False,False,False,3023143.9719370063,False,False,False,False
2022-03-03 00:00:00+00:00,15.3462545826,15.573001843,15.1195073223,15.2736954593,5924341,,,,,,,14.502882239414609,"rgba(38, 166, 154, 1.0)",0.0,0.0,,14.686175248656555,,72.39025487521802,16.055910998712278,False,False,True,False,True,,,0.0,0.0,0.0,0.0,0,,,False,False,False,False,,,False,False,False,False,49585203,15402371.888484765,False,False,False,False,3136916.404410065,False,False,False,False
2022-03-04 00:00:00+00:00,16.38022209,16.4981306654,15.7997491034,15.8541684459,9663000,,,,,,,14.710275458454687,"rgba(38, 166, 154, 1.0)",0.0,0.0,,14.93193982255616,,77.14005466594178,20.490137573598872,False,False,True,False,True,,,0.0,0.0,0.0,0.0,0,,,False,False,False,False,,,False,False,False,False,59248203,17121816.245799087,False,False,False,False,3392841.251295945,False,False,False,False
2022-03-07 00:00:00+00:00,16.7248779258,16.9153456245,16.271383405,16.2985930762,5803382,,,,,,,14.839283530464977,"rgba(38, 166, 154, 1.0)",0.0,0.0,,15.081097757871179,,80.83100238390634,23.839078167744546,False,False,True,False,True,,,0.0,0.0,0.0,0.0,0,,,False,False,False,False,,,False,False,False,False,65051585,19001415.020473633,False,False,False,False,3487372.2610490457,False,False,False,False
2022-03-08 00:00:00+00:00,16.9425552957,17.4776788302,16.2895231858,17.0967434328,9954812,,,,,,,15.282164433339254,"rgba(38, 166, 154, 1.0)",0.0,0.0,,16.111038820707165,,83.5887556351827,26.323733818100365,False,False,True,False,True,,,0.0,0.0,0.0,0.0,0,,,False,False,False,False,,,False,False,False,False,75006397,21197688.823592313,False,False,False,False,3740997.3488510437,False,False,False,False
2022-03-09 00:00:00+00:00,15.2374158977,16.1897543913,14.4120558699,15.94486735,7697070,,,,,,,15.265754792940998,"rgba(38, 166, 154, 1.0)",0.0,0.0,,15.755283855617368,,73.70915487834685,31.785321708663588,False,False,True,False,False,,,0.0,0.0,0.0,0.0,0,,,False,False,False,False,,,False,False,False,False,67309327,23005988.359922025,False,False,False,False,3896137.4528176696,False,False,False,False
2022-03-10 00:00:00+00:00,15.2102062264,15.5367222814,14.8338057742,15.4550932676,3830966,,,,,,,15.241134104481493,"rgba(38, 166, 154, 1.0)",0.0,0.0,,15.663311449111426,,66.99907173036665,25.973369336919063,False,False,True,False,False,,,0.0,0.0,0.0,0.0,0,,,False,False,False,False,,,False,False,False,False,63478361,24593140.228160378,False,False,False,False,3893581.709569918,False,False,False,False
2022-03-11 00:00:00+00:00,15.6637007472,15.7226550349,15.309975021,15.418813706,3072572,,,,,,,15.251408048471939,"rgba(38, 166, 154, 1.0)",0.0,0.0,,15.639398045595101,,64.25829538813711,23.83540690652363,False,False,True,False,False,,,0.0,0.0,0.0,0.0,0,,,False,False,False,False,,,False,False,False,False,66550933,26238543.866271734,False,False,False,False,3861385.2503710976,False,False,False,False
2022-03-14 00:00:00+00:00,15.092297651,15.2827653497,14.9290396235,15.2736954593,3112866,,,,,,,15.233406984175524,"rgba(239, 83, 80, 1.0)",0.0,0.0,,15.58748875186415,,59.79902283839887,19.900330299193186,False,False,True,False,False,,,0.0,0.0,0.0,0.0,0,,,False,False,False,False,,,False,False,False,False,63438067,27697348.695045393,False,False,False,False,3832031.554278114,False,False,False,False
2022-03-15 00:00:00+00:00,14.5208945548,14.8474106098,14.393916089,14.6932224727,4859114,,,,,,,15.173001529972158,"rgba(239, 83, 80, 1.0)",0.0,0.0,,15.474377377571784,,54.642534532521566,15.256982438233464,False,False,True,False,False,8.227306350185053,,0.0,0.0,0.0,0.0,0,,,False,False,False,False,-0.0009949824960451055,-0.0009949824960451055,False,False,False,False,58578953,28908392.001122043,False,False,False,False,3872309.2972476,False,False,False,False
2022-03-16 00:00:00+00:00,14.393916089,15.0288084181,14.3576365274,14.9290396235,3865520,,,,,,,15.103385478677925,"rgba(239, 83, 80, 1.0)",0.0,0.0,,15.133958470841492,,50.75401144832972,11.754004700425028,False,False,False,False,False,6.9311890109694545,,0.0,0.0,0.0,0.0,0,0.9533850499508959,0.753032586422619,False,False,False,False,-0.008767501030437937,-0.004881241763241522,False,False,False,False,54713433,29920354.393234905,False,False,False,False,3872043.0502967136,False,False,False,False
2022-03-17 00:00:00+00:00,15.3281148018,15.4686981032,15.0288084181,15.0650879798,1723513,,,,,,,15.130969732029957,"rgba(239, 83, 80, 1.0)",0.0,0.0,,15.19990799779118,,51.92577152258619,11.754004700425028,False,True,False,False,False,14.056282060471531,,0.0,0.0,0.0,0.0,0,0.9467657231717761,0.7242138414844692,False,False,False,False,0.07621981897998788,0.03566928860837318,False,False,False,False,56436946,30960220.730755106,False,False,False,False,3787786.969892921,False,False,False,False
2022-03-18 00:00:00+00:00,15.5095126101,15.5548620622,15.309975021,15.418813706,1375843,,,,,,,15.151306527647185,"rgba(239, 83, 80, 1.0)",0.0,0.0,,15.24288469792298,,53.3255498303128,11.754004700425028,False,True,False,False,False,15.29457351538543,,0.0,0.0,0.0,0.0,0,0.9598710608545744,0.722935467003039,False,False,False,False,0.10252600730519595,0.06909764795678457,False,False,False,False,57812789,32013262.62366667,False,False,False,False,3693200.9318579044,False,False,False,False
2022-03-21 00:00:00+00:00,16.2441737338,16.2623135146,15.9267275692,15.94486735,1297059,,,,,,,15.18982757018144,"rgba(239, 83, 80, 1.0)",0.0,0.0,,15.316257086142278,,56.49795432591218,11.754004700425028,False,True,True,False,True,19.919656390662507,,0.0,0.0,0.0,0.0,0,0.9687913404824089,0.7236354722838019,False,False,False,False,0.20911211571098506,0.1391048818338848,False,False,False,False,59109848,33075873.81489543,False,False,False,False,3599234.5815889672,False,False,False,False
2022-03-22 00:00:00+00:00,16.0809157063,16.2804532954,15.899517898,16.1444049392,1561800,,,,,,,15.224681774475304,"rgba(239, 83, 80, 1.0)",0.0,0.0,,15.377732851309057,,57.857174866122136,11.754004700425028,False,True,True,False,True,18.281102256588223,,0.0,0.0,0.0,0.0,0,0.9689112983997283,0.7252476773150712,False,False,False,False,0.20836866585919206,0.17373677384653843,False,False,False,False,57548048,34035566.92019365,False,False,False,False,3519335.1862325375,False,False,False,False
2022-03-23 00:00:00+00:00,16.5434801175,16.640437246,16.38022209,16.4799908845,1364993,,,,,,,15.45581323995304,"rgba(239, 83, 80, 1.0)",0.0,0.0,,15.712818788273164,,60.09158009499829,11.754004700425028,False,True,True,False,True,20.0,,0.0,0.0,0.0,0.0,0,0.9818855574249085,0.7080351278321141,False,False,False,False,0.27563249876412094,0.2246846363053297,False,False,False,False,58913041,35011154.13900959,False,False,False,False,3434851.178929301,False,False,False,False
2022-03-24 00:00:00+00:00,16.1444049392,16.4346414325,16.053706035,16.3892919804,2273850,,,,,,,15.468893256781724,"rgba(239, 83, 80, 1.0)",0.0,0.0,,15.70944305931009,,59.69762276989792,11.754004700425028,False,True,True,False,True,17.12212111364299,,0.0,0.0,0.0,0.0,0,0.9619000419937358,0.7258021193286712,False,False,False,False,0.22276125360692678,0.22372294495612824,False,False,False,False,56639191,35859312.44728372,False,False,False,False,3389321.7209320734,False,False,False,False
2022-03-25 00:00:00+00:00,16.2441737338,16.4709209941,15.8813781171,15.9085877884,1791941,,,,,,,15.487991921258889,"rgba(239, 83, 80, 1.0)",0.0,0.0,,15.726314180381497,,59.75691049629761,11.754004700425028,False,True,True,False,True,17.709171715277854,,0.0,0.0,0.0,0.0,0,0.943183805283155,0.7363000829859163,False,False,False,False,0.2104065001859058,0.217064722571017,False,False,False,False,58431132,36744481.8415079,False,False,False,False,3326679.339719051,False,False,False,False
2022-03-28 00:00:00+00:00,15.2283460072,15.8226959262,15.1467169935,15.7634695417,2324335,,,,,,,15.451155028484184,"rgba(239, 83, 80, 1.0)",0.0,0.0,,15.649482330863348,,55.63735739761113,11.754004700425028,False,True,True,False,True,8.870786830023878,,0.0,0.0,0.0,0.0,0,0.9059157819886918,0.7546756885873788,False,False,False,False,0.07740411241392493,0.14723441749247096,False,False,False,False,56106797,37503788.318311505,False,False,False,False,3287371.718553598,False,False,False,False
2022-03-29 00:00:00+00:00,15.7271899801,15.7453297609,14.9478142967,14.9925288564,2212860,,,,,,,15.487409715861748,"rgba(239, 83, 80, 1.0)",0.0,0.0,,15.614357141144891,,54.66501413496443,11.754004700425028,False,True,True,False,False,11.885844182366355,,0.0,0.0,0.0,0.0,0,0.8992969046856973,0.7736370930457613,False,False,False,False,0.04972288161567712,0.09847864955407404,False,False,False,False,58319657,38320096.894063994,False,False,False,False,3245234.0041005155,False,False,False,False
2022-03-30 00:00:00+00:00,16.0355662542,16.139869994,15.8904480076,15.9811469117,1380710,,,,,,,15.526059704505741,"rgba(239, 83, 80, 1.0)",0.0,0.0,,15.629609101807468,,55.03127233460466,11.754004700425028,False,True,True,False,False,13.65027642128629,,0.0,0.0,0.0,0.0,0,0.9250966708807408,0.7712553579997229,False,False,False,False,0.17333177171147215,0.1359052106327731,False,False,False,False,59700367,39158538.859002665,False,False,False,False,3172115.415704417,False,False,False,False
2022-03-31 00:00:00+00:00,15.7090501992,16.1534748296,15.5639319526,15.9267275692,1372149,,,,,,,15.534603723497,"rgba(239, 83, 80, 1.0)",0.0,0.0,,15.632014881875138,,53.97903347516392,11.484746071525038,False,True,True,False,False,11.051121014818957,,0.0,0.0,0.0,0.0,1,0.9097659502650617,0.7795211649693097,False,False,False,False,0.14407129361921775,0.13998825212599542,False,False,False,False,58328218,39910290.98217903,False,False,False,False,3101528.497441499,False,False,False,False
2022-04-01 00:00:00+00:00,15.9811469117,16.0355662542,15.7090501992,15.7090501992,2879518,,,,,,,15.557924100867726,"rgba(239, 83, 80, 1.0)",0.0,0.0,,15.646654151604805,,54.24150855394217,11.241017135621135,False,True,True,False,False,12.606667569624193,,0.0,0.0,0.0,0.0,1,0.916290027877091,0.7878367425654728,False,False,False,False,0.14660527888482744,0.14329676550541143,False,False,False,False,61207736,40745484.90444652,False,False,False,False,3092822.2034241855,False,False,False,False
2022-04-04 00:00:00+00:00,16.4618511037,16.5072005558,16.2078941721,16.4074317612,1083060,,,,,,,15.582520073976914,"rgba(239, 83, 80, 1.0)",0.0,0.0,,15.667625551412524,,55.99311998345766,11.241017135621135,False,True,True,False,False,15.22773578640225,,0.0,0.0,0.0,0.0,0,0.9311396566758655,0.7714980538330933,False,False,False,False,0.23848063658666172,0.19088870104603656,False,False,False,False,62290796,41590399.06505646,False,False,False,False,3014007.999368335,False,False,False,False
2022-04-05 00:00:00+00:00,16.1171952679,16.5978994599,16.0446361446,16.5434801175,1215782,,,,,,,15.723768960854162,"rgba(239, 83, 80, 1.0)",0.0,0.0,,15.684217425613916,,55.64993246891544,11.241017135621135,False,True,True,False,False,12.537346220309836,,0.0,0.0,0.0,0.0,0,0.9387954964421974,0.7660558823953123,False,False,False,False,0.2256420772980345,0.20826538917203552,False,False,False,False,61075014,42354501.611524835,False,False,False,False,2943489.33272644,False,False,False,False
2022-04-06 00:00:00+00:00,15.8723082267,16.5434801175,15.7407948157,16.4074317612,1878976,,,,,,,15.721613951778814,"rgba(239, 83, 80, 1.0)",0.0,0.0,,15.697034645353437,,54.391509398543334,10.191749091999029,False,True,True,False,False,10.684950567131686,,0.0,0.0,0.0,0.0,0,0.9210442765810818,0.7784980090917679,False,False,False,False,0.18081047835226333,0.19453793376214942,False,False,False,False,59196038,43014954.01891602,False,False,False,False,2901743.7118352074,False,False,False,False
2022-04-07 00:00:00+00:00,15.9992866925,16.0446361446,15.6274211855,15.9357974596,1247570,,,,,,,15.778497927885065,"rgba(239, 83, 80, 1.0)",0.0,0.0,,15.699612915028561,,54.05079675787621,9.463602499649113,False,True,True,False,False,11.39707463455736,,0.0,0.0,0.0,0.0,0,0.9103801535276537,0.8079941535256425,False,False,False,False,0.11700155944733351,0.15576974660474147,False,False,False,False,60443608,43698430.6456252,False,False,False,False,2836874.1545083364,False,False,False,False
2022-04-08 00:00:00+00:00,16.2078941721,16.271383405,15.8450985555,15.8813781171,793080,,,,,,,15.79533755447289,"rgba(239, 83, 80, 1.0)",0.0,0.0,,15.705569167091294,,54.64970972407929,9.463602499649113,False,True,True,False,False,12.556136314511708,,0.0,0.0,0.0,0.0,1,0.9192337781745467,0.8014625252594583,False,False,False,False,0.16319827672881296,0.15948401166677723,False,False,False,False,61236688,44386205.443835974,False,False,False,False,2756725.364135461,False,False,False,False
2022-04-11 00:00:00+00:00,15.94486735,15.9992866925,15.6909104184,15.7816093226,1108471,,,,,,,15.788098127449233,"rgba(239, 83, 80, 1.0)",0.0,0.0,,15.707300695169032,,53.771023621061644,8.490868062146319,False,True,True,False,False,10.55030185062979,,0.0,0.0,0.0,0.0,1,0.9072269715077641,0.8057591096201537,False,False,False,False,0.1188761340330241,0.13918007284990067,False,False,False,False,60128217,45003539.23035221,False,False,False,False,2692087.9380909335,False,False,False,False
2022-04-12 00:00:00+00:00,16.489060775,16.5525500079,16.3258027475,16.3258027475,886090,,,,,,,15.820967826994293,"rgba(239, 83, 80, 1.0)",0.0,0.0,,15.720749572752856,,55.34661178801721,8.490868062146319,False,True,True,False,False,13.523636859230276,,0.0,0.0,0.0,0.0,1,0.9175493203663364,0.7951816864528669,False,False,False,False,0.24379475226944816,0.1914874125596744,False,False,False,False,61014307,45631412.47622075,False,False,False,False,2621264.489538348,False,False,False,False
2022-04-13 00:00:00+00:00,16.8881359532,16.9380203505,16.3540101067,16.6613886929,1173464,,,,,,,15.872843002575266,"rgba(239, 83, 80, 1.0)",0.0,0.0,,15.7448003389371,,57.756715516204906,8.490868062146319,False,True,True,False,True,15.575113918414072,,0.0,0.0,0.0,0.0,1,0.919690714800894,0.7852944242266783,False,False,False,False,0.2882605385429854,0.2398739755513299,False,False,False,False,62187771,46280681.43793759,False,False,False,False,2564487.9997525304,False,False,False,False
2022-04-14 00:00:00+00:00,16.9969746382,17.1602326657,16.643248912,16.6976682545,902797,,,,,,,15.91478463906683,"rgba(239, 83, 80, 1.0)",0.0,0.0,,15.766407582703252,,59.720737175181156,5.319679296138084,False,True,True,False,True,16.12189666592998,,0.0,0.0,0.0,0.0,1,0.928228902742666,0.7815501982327113,False,False,False,False,0.3428282304678458,0.29135110300958783,False,False,False,False,63090568,46939892.67566552,False,False,False,False,2499323.646821059,False,False,False,False
2022-04-18 00:00:00+00:00,17.0604638711,17.3144208028,17.0060445286,17.1783724465,1045731,,,,,,,16.168602178053444,"rgba(239, 83, 80, 1.0)",0.0,0.0,,16.061007012472665,,61.24875817178068,6.852660501277541,False,True,True,False,True,16.44261136449355,,0.0,0.0,0.0,0.0,1,0.9397124187794407,0.7815896728618494,False,False,False,False,0.34282823166855847,0.3170896673390732,False,False,False,False,64136299,47614261.55112962,False,False,False,False,2442320.01361239,False,False,False,False
2022-04-19 00:00:00+00:00,16.3530124187,16.643248912,16.271383405,16.643248912,1258607,,,,,,,16.131519484456042,"rgba(239, 83, 80, 1.0)",0.0,0.0,,15.994781337388613,,58.384843708274516,6.852660501277541,False,True,True,False,False,11.109431138897797,,0.0,0.0,0.0,0.0,1,0.9161576509034947,0.8001051334096266,False,False,False,False,0.18976644705322604,0.2534280571961496,False,False,False,False,62877692,48212827.45108532,False,False,False,False,2395899.895431512,False,False,False,False
2022-04-20 00:00:00+00:00,16.4527812133,16.6251091312,16.2169640625,16.5706897887,1001058,,,,,,,16.128244550974017,"rgba(239, 83, 80, 1.0)",0.0,0.0,1.3092388519698255,15.98421279875212,0.35789375929601513,56.90687805310553,6.852660501277541,False,True,True,False,False,11.641192335379717,,0.0,0.0,0.0,0.0,1,0.9142346598515237,0.803270005277693,False,False,False,False,0.18215540506200453,0.21779173112907707,False,False,False,False,63878750,48827177.35496433,False,False,False,False,2341200.2132577277,False,False,False,False
2022-04-21 00:00:00+00:00,16.643248912,16.8518563916,16.4527812133,16.6976682545,1087728,,,,,,,16.145789301012133,"rgba(239, 83, 80, 1.0)",0.0,0.0,1.30026784975263,15.996560808892372,0.4973499138894019,56.75474455075142,11.278783500425185,False,True,True,False,False,12.652078841152292,,0.0,0.0,0.0,0.0,0,0.9299516394759195,0.7934857514185291,False,False,False,False,0.2310741070104939,0.2244329190697855,False,False,False,False,64966478,49460091.10575005,False,False,False,False,2292044.440188797,False,False,False,False
2022-04-22 00:00:00+00:00,16.1806845008,16.4980399665,16.1806845008,16.4165016516,705022,,,,,,,16.140751903826434,"rgba(239, 83, 80, 1.0)",0.0,0.0,1.2848778245936934,15.990233333554915,0.1482251180615647,54.27034142249717,8.832961094987397,False,True,True,False,False,9.318261119980619,,0.0,0.0,0.0,0.0,1,0.9124513325623722,0.8093170451273176,False,False,False,False,0.16509577109439086,0.19476434508208817,False,False,False,False,64261456,50040536.7878775,False,False,False,False,2229808.2660637465,False,False,False,False
2022-04-25 00:00:00+00:00,15.94486735,16.0128915282,15.441488432,15.5548620622,1414489,,,,,,,16.09680903974514,"rgba(239, 83, 80, 1.0)",0.0,0.0,1.2622817227976182,15.926884438031935,0.014246353760244261,51.524359133748575,6.215863396910109,False,True,False,False,False,7.682313677514575,,0.0,0.0,0.0,0.0,1,0.8953732896971964,0.8264071588232088,False,False,False,False,0.03954705495814682,0.11715570002011749,False,False,False,False,62846967,50542749.7373725,False,False,False,False,2197834.961512227,False,False,False,False
2022-04-26 00:00:00+00:00,16.1897543913,16.2985930762,15.8723082267,16.0809157063,1294485,,,,,,,16.106421090831688,"rgba(239, 83, 80, 1.0)",0.0,0.0,1.246682458263843,15.946773164104437,0.19490225885903872,50.96036019088531,5.658047991052705,False,True,False,False,False,9.038448624307883,,0.0,0.0,0.0,0.0,1,0.9078190202140937,0.8250353175446763,False,False,False,False,0.11261854139745966,0.11488712070878858,False,False,False,False,64141452,51076032.179044165,False,False,False,False,2162409.472825473,False,False,False,False
2022-04-27 00:00:00+00:00,16.16254472,16.2260339529,15.9176576788,15.9811469117,678709,,,,,,,16.105690511827923,"rgba(239, 83, 80, 1.0)",0.0,0.0,1.2279266241017828,15.949397894290799,0.17358270561574932,50.44262963524289,5.05726444351879,False,True,False,False,False,8.846938229941667,,0.0,0.0,0.0,0.0,1,0.9088957482548454,0.8289790097109794,False,False,False,False,0.10982662514190913,0.11235687292534885,False,False,False,False,63462743,51561785.54457185,False,False,False,False,2104225.140557808,False,False,False,False
2022-04-28 00:00:00+00:00,16.3439425283,16.3711521996,16.0718458159,16.1171952679,1325818,,,,,,,16.116840690538176,"rgba(239, 83, 80, 1.0)",0.0,0.0,1.2065364539291228,15.965360323372563,0.3137760186976314,51.09056089166377,5.05726444351879,False,True,False,False,False,9.856809491658442,,0.0,0.0,0.0,0.0,1,0.9259233788975653,0.8188763077505983,False,False,False,False,0.14064145236830294,0.1264991626468259,False,False,False,False,64788561,52080482.62125531,False,False,False,False,2073699.3703398546,False,False,False,False
2022-04-29 00:00:00+00:00,16.1353350488,16.5888295695,16.0945205419,16.4527812133,929687,,,,,,,16.122677669858632,"rgba(239, 83, 80, 1.0)",0.0,0.0,1.189457960994976,15.973606124552104,0.13596859204053655,50.31190706977075,4.643469200182828,False,True,False,False,False,8.363452899866132,,0.0,0.0,0.0,0.0,1,0.9266678776877062,0.8197533658428529,False,False,False,False,0.16557750578879513,0.1460383342178105,False,False,False,False,63858874,52542380.322382554,False,False,False,False,2028836.1401304486,False,False,False,False
2022-05-02 00:00:00+00:00,16.3892919804,16.4346414325,15.8006560924,15.9085877884,976612,,,,,,,16.188897217010815,"rgba(239, 83, 80, 1.0)",0.0,0.0,1.1765732756318754,15.977370657634124,0.35010256589812017,51.243935140664775,4.643469200182828,False,True,False,False,False,9.789064995251309,,0.0,0.0,0.0,0.0,1,0.9196071576370434,0.8207150012873695,False,False,False,False,0.11497266867038848,0.1305055014440995,False,False,False,False,64835486,53024462.8979754,False,False,False,False,1987572.448360627,False,False,False,False
2022-05-03 00:00:00+00:00,16.1534748296,16.2895231858,16.0264963638,16.1444049392,777546,,,,,,,16.184279205237374,"rgba(239, 83, 80, 1.0)",0.0,0.0,1.1563380467523203,15.978102215935294,0.151662062973069,50.451835563447915,4.482989825262443,False,True,False,False,False,8.104443366936628,,0.0,0.0,0.0,0.0,1,0.924233739267668,0.8267826015474116,False,False,False,False,0.10977313958127449,0.120139320512687,False,False,False,False,64057940,53457148.27452539,False,False,False,False,1940120.4307778573,False,False,False,False
2022-05-04 00:00:00+00:00,16.8065069395,16.9108106793,16.5253403366,16.6251091312,762349,,,,,,,16.22493704467573,"rgba(239, 83, 80, 1.0)",0.0,0.0,1.1511340519030218,15.998590001309504,0.7018443567496517,53.2582006011869,4.482989825262443,False,True,True,False,True,11.660512099734351,,0.0,0.0,0.0,0.0,1,0.9171614674866676,0.8226077191929237,False,False,False,False,0.2369866319689758,0.1785629762408314,False,False,False,False,64820289,53902761.63630871,False,False,False,False,1893933.3158453924,False,False,False,False
2022-05-05 00:00:00+00:00,16.8337166107,17.1693025561,16.6341790216,17.1602326657,1423709,,,,,,,16.287391580566943,"rgba(239, 83, 80, 1.0)",0.0,0.0,1.1488273650171092,16.038405759010015,0.6922805600806196,55.250947697180194,1.1393572641476695,False,True,True,False,True,11.803345457272147,,0.0,0.0,0.0,0.0,1,0.9204179109544296,0.8217853615383579,False,False,False,False,0.28019571853740805,0.22937934738911972,False,False,False,False,66243998,54386731.6897868,False,False,False,False,1875493.1465965535,False,False,False,False
2022-05-06 00:00:00+00:00,17.1693025561,17.1829073917,16.8065069395,17.078603652,1241342,,,,,,,16.46843210425073,"rgba(38, 166, 154, 1.0)",0.0,0.0,1.1519037739778009,16.0753700332001,0.9496735296927503,58.04141539763423,3.7666177245624866,False,True,True,False,True,13.547359744700657,,0.0,0.0,0.0,0.0,1,0.934272980785352,0.8317950204284279,False,False,False,False,0.30245230251776717,0.26591582495344346,False,False,False,False,67485340,54900402.60391281,False,False,False,False,1850624.4741810025,False,False,False,False
2022-05-09 00:00:00+00:00,16.16254472,16.7974370491,16.1171952679,16.7702273778,2187675,,,,,,,16.40144952002779,"rgba(38, 166, 154, 1.0)",0.0,0.0,1.1364352695284383,16.080981883651706,0.07177077175907959,54.344841430893695,3.7666177245624866,False,True,True,False,False,6.649642076592944,,0.0,0.0,0.0,0.0,1,0.905972445508902,0.8117226309892543,False,False,False,False,0.16116469649087972,0.2135402607221616,False,False,False,False,65297665,55308138.384151526,False,False,False,False,1863842.141860179,False,False,False,False
2022-05-10 00:00:00+00:00,15.7816093226,16.2895231858,15.7725394322,16.2351038433,1886134,,,,,,,16.30209137863158,"rgba(38, 166, 154, 1.0)",0.0,0.0,1.1175888557257472,16.04675777553825,-0.23725044463338582,50.34146340706121,5.335534555465628,False,True,False,False,False,4.265595368185664,,0.0,0.0,0.0,0.0,1,0.888846207857008,0.8376710306508995,False,False,False,False,0.03655196953778199,0.1250461151299718,False,False,False,False,63411531,55625918.486733824,False,False,False,False,1864716.3323754661,False,False,True,False
2022-05-11 00:00:00+00:00,16.4618511037,16.6069693504,16.3167328571,16.3620823091,1773106,,,,,,,16.341802464550966,"rgba(38, 166, 154, 1.0)",0.0,0.0,1.100649847570672,16.091811674402138,0.33620086362125395,50.78431389745021,5.335534555465628,False,True,False,False,False,7.83885414457076,,0.0,0.0,0.0,0.0,1,0.8887203478987724,0.8304231609497668,False,False,False,False,0.1496062417551919,0.13732617844258185,False,False,False,False,65184637,56000770.19313642,False,False,False,False,1861123.7703215263,False,False,False,False
2022-05-12 00:00:00+00:00,16.6341790216,16.643248912,16.3348726379,16.4346414325,1550945,,,,,,,16.36594841832281,"rgba(38, 166, 154, 1.0)",0.0,0.0,1.0876161401532822,16.11641009611871,0.47605851583658965,51.774942325155266,5.335534555465628,False,True,False,False,False,8.704586231169987,,0.0,0.0,0.0,0.0,1,0.8856341637729035,0.8408290977338363,False,False,False,False,0.15684502649871535,0.1470856024706486,False,False,False,False,66735582,56421743.20517028,False,False,False,False,1848959.896975584,False,False,False,False
2022-05-13 00:00:00+00:00,16.9425552957,16.9615113667,16.6976682545,16.8155768299,881706,,,,,,,16.39486912859494,"rgba(38, 166, 154, 1.0)",0.0,0.0,1.0802490205308166,16.139671592357804,0.7432394643113609,53.64253412640268,5.335534555465628,False,True,True,False,True,10.229145401099085,,0.0,0.0,0.0,0.0,1,0.8796942160498966,0.8395874801793378,False,False,False,False,0.24909773698267318,0.1980916697266609,False,False,False,False,67617288,56860784.17751655,False,False,False,False,1811028.3716039928,False,False,False,False
2022-05-16 00:00:00+00:00,17.1783724465,17.2418616794,16.8337166107,16.8699961724,1086397,,,,,,,16.438419120275704,"rgba(38, 166, 154, 1.0)",0.0,0.0,1.0763877130552624,16.173011750547296,0.9340135378348445,55.765673639962756,0.38819702812516255,False,True,True,False,True,11.370931418523224,,0.0,0.0,0.0,0.0,1,0.8738247894644258,0.8567055695224928,False,False,False,False,0.30751920567787433,0.2528054377022676,False,False,False,False,68703685,57325211.660751194,False,False,False,False,1782611.455070503,False,False,False,False
2022-05-17 00:00:00+00:00,16.7611574874,17.2600014603,16.7248779258,17.1783724465,1287842,,,,,,,16.545784893867587,"rgba(38, 166, 154, 1.0)",0.0,0.0,1.0628317809219725,16.198068197440097,0.5298009525754295,55.033345039174925,0.38819702812516255,False,True,True,False,True,8.706986693133516,,0.0,0.0,0.0,0.0,1,0.8543988139218035,0.8692424017910363,False,False,False,False,0.29463235106455166,0.2737188943834096,False,False,False,False,67415843,57720922.69366291,False,False,False,False,1763208.7313422482,False,False,False,False
2022-05-18 00:00:00+00:00,16.3892919804,16.9470902409,16.2532436242,16.9425552957,1467380,,16.52987528183333,,,,,16.53483436287787,"rgba(38, 166, 154, 1.0)",0.0,0.0,1.0443805961470327,16.20373640448322,0.1776704551974045,52.84449536769179,0.38819702812516255,False,True,False,False,True,6.422943287611439,,0.0,0.0,0.0,0.0,1,0.8357323688828772,0.8961784207478943,False,False,False,False,0.18658182108897836,0.230150357736194,False,False,False,False,65948463,58043571.33312711,False,False,False,False,1751607.6046229443,False,False,False,False
2022-05-19 00:00:00+00:00,16.6069693504,16.7702273778,16.271383405,16.2804532954,1307241,,16.53913389913725,,,,,16.530880185657573,"rgba(38, 166, 154, 1.0)",0.0,0.0,1.0272475121423446,16.209406043510292,0.38701802845993977,52.377824251558486,0.38819702812516255,False,True,False,False,False,7.5227125311887875,,0.0,0.0,0.0,0.0,1,0.9111053652065665,0.8758952812031886,False,False,False,False,0.16531098610407802,0.197730671920136,False,False,False,False,67255704,58404831.43771037,False,False,False,False,1734181.4632651818,False,False,False,False
2022-05-20 00:00:00+00:00,16.7974370491,16.8246467203,16.5253403366,16.7158080353,754756,,16.57691559951633,,,,,16.542172905141996,"rgba(38, 166, 154, 1.0)",0.0,0.0,1.0114126398049559,16.21624854769088,0.574630451050323,52.91942584935656,0.38819702812516255,False,True,False,False,False,8.475262733613306,,0.0,0.0,0.0,0.0,1,0.9037415969657898,0.8485063125240555,False,False,False,False,0.20679090528708532,0.20226078860361066,False,False,False,False,68010460,58781522.75387859,False,False,False,False,1695772.621568508,False,False,False,False
2022-05-23 00:00:00+00:00,16.9153456245,16.969764967,16.6976682545,16.7611574874,996773,,16.639461953484115,,,,,16.56583493271862,"rgba(38, 166, 154, 1.0)",0.0,0.0,1.0000862886264719,16.228810613748173,0.6864757757000339,53.811509632645915,0.38819702812516255,False,True,True,False,False,9.063233703527263,,0.0,0.0,0.0,0.0,1,0.8954548461634957,0.8523056566450675,False,False,False,False,0.2502384911166738,0.22624963986014224,False,False,False,False,69007233,59182530.99882453,False,False,False,False,1668360.8717030764,False,False,False,False
2022-05-24 00:00:00+00:00,16.9879047478,17.1330229944,16.8790660628,16.969764967,682521,,16.686704979323185,,,,,16.586268702423965,"rgba(38, 166, 154, 1.0)",0.0,0.0,0.9931045586407855,16.239479408815463,0.7536218945655324,54.74529097443417,0.38819702812516255,False,True,True,False,False,9.427163192292468,,0.0,0.0,0.0,0.0,1,0.9265858585693887,0.8414208754359975,False,False,False,False,0.298488251458032,0.2623689456590871,False,False,False,False,69689754,59594578.95965494,False,False,False,False,1629700.4845774658,False,False,False,False
2022-05-25 00:00:00+00:00,17.0967434328,17.1375579397,16.9516251861,17.0332541999,474127,,16.718014537646077,,,,,16.600918751207654,"rgba(38, 166, 154, 1.0)",0.0,0.0,0.986646756480799,16.247365736820804,0.8608731447197802,55.89453513224855,1.3683177377883027,False,False,True,False,True,9.976482978798341,,0.0,0.0,0.0,0.0,1,0.9512476402798601,0.8309661918786162,False,False,False,False,0.30848967436103153,0.28542931001005933,False,False,False,False,70163881,60009061.392609656,False,False,False,False,1584383.8773391338,False,False,False,False
2022-05-26 00:00:00+00:00,17.5048885015,17.58198257,17.1783724465,17.1783724465,827699,,16.807482261857185,,,,,16.64354145315796,"rgba(38, 166, 154, 1.0)",0.0,0.0,0.9820249238724482,16.26817487783747,1.2593505455907998,58.48085191189769,3.9791937887830713,True,False,True,False,True,11.99612195899251,,0.0,0.0,0.0,0.0,0,0.9578154165069771,0.8197442101737175,False,False,False,False,0.34282821966597354,0.31412876483801644,False,False,False,False,70991580,60439748.396821044,False,False,False,False,1554709.9605807364,False,False,False,False
2022-05-27 00:00:00+00:00,17.6590766385,17.6772164194,17.4051197069,17.450469159,811595,,16.893161836943648,,,,,16.687655624892606,"rgba(38, 166, 154, 1.0)",0.0,0.0,0.9828310361724872,16.290622907329638,1.3923590940917316,60.82879336794243,6.273574565345065,True,False,True,False,True,12.741560513077339,,0.0,0.0,0.0,0.0,0,0.9639721875426933,0.8525655197101691,False,False,False,False,0.342828220666241,0.3284784927521287,False,False,False,False,71803175,60885372.96949473,False,False,False,False,1525568.1974207074,False,False,False,False
2022-05-31 00:00:00+00:00,17.6409368577,18.1579206114,17.450469159,18.1125711593,1773057,,17.060154695146107,,,,,16.783187521315256,"rgba(38, 166, 154, 1.0)",0.0,0.0,0.9795277066975411,16.34260771999009,1.3254644343723587,62.24953409030583,7.66525916683176,True,False,True,False,True,12.617112346625419,,0.0,0.0,0.0,0.0,0,0.9555104184778553,0.8399649798756821,False,False,False,False,0.34282822427824017,0.3356533585151844,False,False,False,False,70030118,61243990.421671405,False,False,False,False,1535273.640659111,False,False,False,False
2022-06-01 00:00:00+00:00,17.713495981,17.9402432414,17.690821255,17.8404744468,1046750,,17.13460715216906,,,,,16.83151639295516,"rgba(38, 166, 154, 1.0)",0.0,0.0,0.9816420037998826,16.371423458631924,1.3671710431837554,63.52596115854582,8.942480421094984,True,False,True,False,True,12.976179417604634,,0.0,0.0,0.0,0.0,0,0.9543610764445031,0.8586775975912411,False,False,False,False,0.34282822441662886,0.33924079146590663,False,False,False,False,71076868,61629593.4639588,False,False,False,False,1516115.8508293421,False,False,False,False
2022-06-02 00:00:00+00:00,18.0762915976,18.0853614881,17.6953562002,17.7860551043,1068001,,17.212514687918098,,,,,16.883793305713347,"rgba(38, 166, 154, 1.0)",0.0,0.0,0.9925327492533289,16.40303348501296,1.6858467530122463,65.89965057274794,11.246232811558926,True,False,True,False,True,14.745646408971265,,0.0,0.0,0.0,0.0,0,0.9556244432423087,0.853739533238635,False,False,False,False,0.3428282252990555,0.34103450838248106,False,False,False,False,72144869,62041957.21047022,False,False,False,False,1498542.7194242699,False,False,False,False
2022-06-03 00:00:00+00:00,18.4753667759,18.4935065567,17.9991975291,18.0581518168,763442,,17.283301497473225,,,,,16.93049248199269,"rgba(38, 166, 154, 1.0)",0.0,0.0,1.0020643558500253,16.430505757131762,2.0406483943175835,68.85308560088131,14.034242480896026,True,False,True,False,True,16.61525188413985,,0.0,0.0,0.0,0.0,0,0.9603330820661595,0.8553965084388766,False,False,False,False,0.3428282288735397,0.3419313686280104,False,False,False,False,72908311,62468088.731628254,False,False,False,False,1469715.2402311612,False,False,False,False
2022-06-06 00:00:00+00:00,18.3211786388,18.4390872142,18.2123399539,18.4209474334,784236,,17.347287905866803,,,,,16.974836224738873,"rgba(38, 166, 154, 1.0)",0.0,0.0,0.9994064466745929,16.457571545865193,1.8647139000711266,69.42144339209361,14.574215154787254,True,False,True,False,True,15.508069894996726,,0.0,0.0,0.0,0.0,0,0.984306007607362,0.850961139900447,False,False,False,False,0.3428282295539508,0.3423797990909806,False,False,False,False,72124075,62846754.8597997,False,False,False,False,1442833.7013985666,False,False,False,False
2022-06-07 00:00:00+00:00,18.6930441459,18.720344516,18.3483883101,18.4390872142,848789,,17.42463947348924,,,,,17.02850354111054,"rgba(38, 166, 154, 1.0)",0.0,0.0,1.0085573677391224,16.490152418647263,2.184200718488575,71.07378548657027,16.203795416509735,True,False,True,False,True,17.226334386983822,,0.0,0.0,0.0,0.0,0,0.9954454985097404,0.8389253701068515,False,False,False,False,0.34282823118122335,0.34260401513610195,False,False,False,False,72972864,63243857.179023236,False,False,False,False,1419537.8307554857,False,False,False,False
2022-06-08 00:00:00+00:00,19.1193289954,19.1556085571,18.6930441459,18.7656032692,852145,,17.516857874017447,,,,,17.36931471470158,"rgba(38, 166, 154, 1.0)",0.0,0.0,1.0334813862807355,16.835877036049734,2.209475651581777,73.37626245564911,18.433869978476622,True,False,True,False,True,19.114411427026152,,0.0,0.0,0.0,0.0,0,1.0521704455574075,0.8075220249630656,False,False,False,False,0.34282823371364857,0.34271612442487526,False,False,False,False,73825009,63658804.30925762,False,False,False,False,1397287.1315101725,False,True,False,False
2022-06-09 00:00:00+00:00,18.9470010775,19.0467698721,18.8744419542,18.9379311871,501084,,17.565065503017035,,,,,17.399407975177425,"rgba(38, 166, 154, 1.0)",0.0,0.0,1.0511602431938274,16.852987628439877,1.9920972683457945,73.38155047019886,18.52572655568538,True,False,True,False,True,17.862539185825877,,0.0,0.0,0.0,0.0,0,1.0663211802873969,0.8013224577663906,False,False,False,False,0.3428282315090434,0.34277217796695936,False,False,False,False,73323925,64037828.65007105,False,False,False,False,1362141.9106666362,False,False,False,False
2022-06-10 00:00:00+00:00,18.7293237075,18.8290925021,18.4028076526,18.7565333788,1251812,,17.649130835960356,,,,,17.440080841677617,"rgba(38, 166, 154, 1.0)",0.0,0.0,1.0635268962153834,16.871953132985723,1.746425578068433,71.53588934526661,18.52572655568538,True,False,True,False,True,16.29725511873891,,0.0,0.0,0.0,0.0,0,1.0125109503914573,0.8177739685838922,False,False,False,False,0.26573237179225484,0.3042522748796071,False,False,False,False,72072113,64352898.624578066,False,False,False,False,1357815.2475032387,False,False,False,False
2022-06-13 00:00:00+00:00,18.738393598,18.9016516254,18.2032700634,18.520716228,1923445,,17.751514685620783,,,,,17.507806001363342,"rgba(38, 166, 154, 1.0)",0.0,0.0,1.069230007387648,16.91460861199247,1.7056994036890296,70.34245399110603,18.52572655568538,True,False,True,False,False,16.339295105824093,,0.0,0.0,0.0,0.0,0,1.0177395059727188,0.8161456308187464,False,False,False,False,0.25188527003551786,0.27806877245756245,False,False,False,False,73995558,64731042.129496574,False,False,False,False,1379996.8064246804,False,False,False,False
2022-06-14 00:00:00+00:00,18.3665280909,19.0195602008,18.148850721,18.8290925021,1474592,,17.808675102598734,,,,,17.549517567657016,"rgba(38, 166, 154, 1.0)",0.0,0.0,1.0597812838319887,16.94371223440374,1.3425561275734184,66.49497057999315,21.391657442725304,True,False,True,False,False,13.68225167303131,,0.0,0.0,0.0,0.0,0,1.0092251807904213,0.8106198479882287,False,False,False,False,0.25879668493279073,0.2684327286951766,False,False,False,False,72520966,65036529.34010456,False,False,False,False,1383706.4218590066,False,False,False,False
2022-06-15 00:00:00+00:00,18.0762915976,18.4572269951,17.9583830222,18.2758291868,1721338,,17.8373462393735,,,,,17.569001978190045,"rgba(38, 166, 154, 1.0)",0.0,0.0,1.0440850141925007,16.95990569413365,1.0692480864020146,61.89790551434079,17.142324507979083,True,False,True,False,False,11.674218070310562,,0.0,0.0,0.0,0.0,0,0.9903876358529768,0.8477358650989572,False,False,False,False,0.17820206532603616,0.22331739701060638,False,False,False,False,70799628,65262533.209120065,False,False,False,False,1396946.8759037515,False,False,False,False
2022-06-16 00:00:00+00:00,18.2214098443,18.411877543,17.7679153235,18.0490819264,2188678,,17.8649275640358,,,,,17.593527000977655,"rgba(38, 166, 154, 1.0)",0.0,0.0,1.0393944397940844,16.98326101053992,1.1912213365364641,59.68368218811979,15.208422133360258,False,False,True,False,False,12.397437860026717,,0.0,0.0,0.0,0.0,0,0.9893184186337931,0.8538195582332468,False,False,False,False,0.15346562405367967,0.18839151053214304,False,False,False,False,72988306,65565504.69111536,False,False,False,False,1427995.155280075,False,False,False,False
2022-06-17 00:00:00+00:00,17.3869799261,18.0581518168,17.1186018687,18.0128023647,3266745,,17.8230132739157,,,,,17.56324632617318,"rgba(239, 83, 80, 1.0)",0.0,0.0,1.0288979739975146,16.975546850152213,0.3998774284191381,53.52179571564957,9.601228529285166,False,True,False,False,False,6.908829663785184,,0.0,0.0,0.0,0.0,0,0.9690430632390014,0.8610357296223129,False,False,False,False,0.049944138820518055,0.11916782467633055,False,False,False,False,69721561,65728487.29146378,False,False,False,False,1500102.9923279153,False,False,False,False
2022-06-21 00:00:00+00:00,17.5320981727,17.7497755427,17.4323293782,17.5774476248,1093364,,17.81314569819109,,,,,17.558086487350927,"rgba(239, 83, 80, 1.0)",0.0,0.0,1.022514344973733,16.976772614700817,0.5430980609014813,50.32353947390922,6.885823888141033,False,True,False,False,False,7.659323420476749,,0.0,0.0,0.0,0.0,0,0.9843199731623495,0.8512530167940691,False,False,False,False,0.05049166032244852,0.08482974249938954,False,False,False,False,70814925,65927955.43689657,False,False,False,False,1484152.4436091736,False,False,False,False
2022-06-22 00:00:00+00:00,16.8790660628,17.1602326657,16.4255715421,16.5072005558,1115803,,17.774989833507785,,,,,17.52826960615852,"rgba(239, 83, 80, 1.0)",0.0,0.0,1.0221906028828385,16.96137786740438,-0.08052490834120364,45.45598460422868,2.576926524285909,False,True,False,True,False,3.6774015772133453,,0.0,0.0,0.0,0.0,0,0.9435730558744185,0.8726002313751621,False,False,False,False,-0.11294629196074474,-0.014058274730677597,False,False,False,False,69699122,66075844.321724154,False,False,False,False,1469707.367389206,False,False,False,False
2022-06-23 00:00:00+00:00,16.3620823091,17.0241843095,16.3484774735,16.9969746382,1076106,,17.732164502753275,,,,,17.42419487433536,"rgba(239, 83, 80, 1.0)",0.0,0.0,1.0228434912360356,16.943075884665536,-0.568018059990239,40.54492031839983,-1.7347297453466908,False,True,False,True,False,0.7303539436134017,,0.0,0.0,0.0,0.0,0,0.9550305415644454,0.876207908364211,False,False,False,False,-0.13503645152035454,-0.07454736312551608,False,False,False,False,68623016,66175733.40714674,False,False,False,False,1454272.019648453,False,False,False,False
2022-06-24 00:00:00+00:00,16.7248779258,16.9425552957,16.4527812133,16.5525500079,968469,,17.70017045304251,,,,,17.408164597582704,"rgba(239, 83, 80, 1.0)",0.0,0.0,1.0223891807207486,16.930565937215356,-0.2011836737849196,39.521927324755794,-2.4706719209467067,False,True,False,True,False,2.6704010022994744,,0.0,0.0,0.0,0.0,0,0.9456271535881827,0.88666822008006,False,False,False,False,-0.132680571363066,-0.10361396724429103,False,False,False,False,69591485,66309684.45000373,False,False,False,False,1435220.9208387097,False,False,False,False
2022-06-27 00:00:00+00:00,17.0513939807,17.1330229944,16.5795782813,16.7430177066,1034952,,17.67503987831949,,,,,17.402246049602205,"rgba(239, 83, 80, 1.0)",0.0,0.0,1.0093099092508628,16.92258472233837,0.12762111734069204,40.674215060591706,-2.4706719209467067,False,True,False,True,False,4.364887014143996,,0.0,0.0,0.0,0.0,0,0.949404583064599,0.8941327838115856,False,False,False,False,-0.09985823598616429,-0.10173610161522767,False,False,False,False,70626437,66478968.863729075,False,False,False,False,1419524.1004136621,False,False,False,False
2022-06-28 00:00:00+00:00,17.4776788302,17.559307844,17.1965122274,17.3144208028,905997,,17.66779117705301,,,,,17.41791750442752,"rgba(239, 83, 80, 1.0)",0.0,0.0,0.9980234677813364,16.924390628833955,0.5543839591227605,43.57522148517144,-2.4706719209467067,False,True,False,True,True,6.502675914918857,,0.0,0.0,0.0,0.0,0,0.9565045206863931,0.8854323205312427,False,False,False,False,0.006942597618128094,-0.047396751998549785,False,False,False,False,71532434,66677143.96711225,False,False,False,False,1399385.7827503812,False,False,False,False
2022-06-29 00:00:00+00:00,17.078603652,17.7769852139,17.0695337615,17.6772164194,1043652,,17.656766600727156,,,,17.308374209133333,17.437820352237473,"rgba(239, 83, 80, 1.0)",0.0,0.0,0.9909669295383182,16.924753713661403,0.15525234369856936,43.80432031421376,-2.4706719209467067,False,True,False,True,True,4.212511307831061,,0.0,0.0,0.0,0.0,0,0.938696183701827,0.885058392059865,False,False,False,False,0.01620056494185065,-0.015598093528349568,False,False,False,False,70488782,66826619.96840197,False,False,False,False,1385435.4383287977,False,False,False,False
2022-06-30 00:00:00+00:00,16.5434801175,16.9244155149,16.4799908845,16.8972058437,1507863,,17.61401328615168,,,,16.918879970966746,17.35070548730087,"rgba(239, 83, 80, 1.0)",0.0,0.0,0.9721991344219292,16.908797482194476,-0.37576392712146844,42.00157659355652,-2.4706719209467067,False,True,False,True,True,1.2797458809514524,,0.0,0.0,0.0,0.0,0,0.9371918978467464,0.9014038054713477,False,False,False,False,-0.131738630566144,-0.07366836204724678,False,False,False,False,68980919,66911102.2833666,False,False,False,False,1390236.519178649,False,False,False,False
2022-07-01 00:00:00+00:00,16.7611574874,16.8972058437,16.5978994599,16.8427865012,959098,,17.59135949066297,,,,16.873312364316067,17.327551378057326,"rgba(239, 83, 80, 1.0)",0.0,0.0,0.9359989772905615,16.901172689661784,-0.14958905475205575,41.94937114227346,-2.4706719209467067,False,True,False,True,True,2.395529705827677,,0.0,0.0,0.0,0.0,0,0.9416302463628551,0.8994377854655048,False,False,False,False,-0.12233171409486825,-0.0980000380710575,False,False,False,False,69940017,67029883.25264634,False,False,False,False,1373329.1262696825,False,False,False,False
2022-07-05 00:00:00+00:00,15.2555556785,16.0718458159,15.0106686373,16.0718458159,2438160,,17.456997378209422,,,,16.288324684210334,17.116410885535178,"rgba(239, 83, 80, 1.0)",0.0,0.0,0.9110625702252703,16.833996297041672,-1.7325271283523205,37.748023818199265,-4.87899103938814,False,True,False,True,False,0.0,,0.0,0.0,0.0,0.0,0,0.8907457460562037,0.9178078988173485,False,False,False,False,-0.34282825441539394,-0.22041414624322572,False,False,False,False,67501857,67048392.027052365,False,False,False,False,1415087.1997493028,False,False,False,False
2022-07-06 00:00:00+00:00,15.0560180894,15.1285772127,14.611593459,14.9925288564,1711331,,17.350676212284537,,,,15.985324515990639,16.69997106015544,"rgba(239, 83, 80, 1.0)",0.0,0.0,0.9175552005601831,16.778230192629202,-1.876957486784187,34.53893133425475,-8.090039487807566,False,True,False,True,False,0.0,,0.0,0.0,0.0,0.0,0,0.8874916614315208,0.9405896233547678,False,False,False,False,-0.34282825441539394,-0.2816212003293098,False,False,False,False,65790526,66999063.94756012,False,False,False,False,1426704.6036807029,False,False,False,False
2022-07-07 00:00:00+00:00,15.6183512951,15.8360286651,15.4868378841,15.5185825005,2275717,,17.26034032806961,,,,15.907850736833616,16.673143242445253,"rgba(239, 83, 80, 1.0)",0.0,0.0,0.915562999674244,16.733954852033026,-1.2184891234463997,35.144012891273135,-8.090039487807566,False,True,False,True,False,0.0,,0.0,0.0,0.0,0.0,0,0.9247749046384051,0.9136734037931812,False,False,False,False,-0.2051473455590232,-0.2433842729441665,False,False,False,False,68066243,67040914.106479324,False,False,False,False,1459999.2074579303,False,False,False,False
2022-07-08 00:00:00+00:00,16.0627759254,16.1353350488,15.7543996513,16.0809157063,980055,,17.231848099118412,,,,15.914702892336665,16.6711711007775,"rgba(239, 83, 80, 1.0)",0.0,0.0,0.9173055556715266,16.720895697822087,-0.7174488024770551,37.468703880548176,-8.090039487807566,False,True,False,True,False,0.0,,0.0,0.0,0.0,0.0,0,0.9141236817116033,0.9085086916794325,False,False,False,False,-0.157884304539189,-0.20063428874167777,False,False,False,False,69046298,67119556.61210759,False,False,False,False,1441177.865988992,False,False,False,False
2022-07-11 00:00:00+00:00,16.0264963638,16.1806845008,15.6637007472,15.9085877884,2024531,,17.175642173640266,,,,15.921314115009011,16.51622921666705,"rgba(239, 83, 80, 1.0)",0.0,0.0,0.9179063526783975,16.69483767061163,-0.7281149159295488,38.905249028659846,-8.090039487807566,False,True,False,True,True,0.0,,0.0,0.0,0.0,0.0,0,0.9098540947514169,0.9049370453863126,False,False,False,False,-0.16163702081033274,-0.18113565477600524,False,False,False,False,67021767,67115721.72535828,False,False,False,False,1464054.4594796197,False,False,False,False
2022-07-12 00:00:00+00:00,14.9743890756,15.4278835964,14.9199697331,15.309975021,1960479,,17.090960330507983,,,,15.814230964460599,16.379886361956977,"rgba(239, 83, 80, 1.0)",0.0,0.0,0.9414802400451217,16.649571799911968,-1.7793073641478474,37.012843412495336,-8.090039487807566,False,True,False,True,True,0.0,,0.0,0.0,0.0,0.0,0,0.876417771628398,0.9181426992606634,False,False,False,False,-0.2887409923601397,-0.23493832356807248,False,False,False,False,65061288,67035155.696912855,True,False,False,False,1483522.0885196347,False,False,False,False
2022-07-13 00:00:00+00:00,15.0832277606,15.3281148018,14.8253707761,15.0378783085,901518,,17.053777430631246,,,,15.772281012281214,16.33475906433328,"rgba(239, 83, 80, 1.0)",0.0,0.0,0.9590038835588912,16.6294842842962,-1.6123568946957731,36.25778836130954,-8.090039487807566,False,True,False,True,True,0.0,,0.0,0.0,0.0,0.0,0,0.8723372413629938,0.9293115196819464,False,False,False,False,-0.30584901693420097,-0.2703936702511367,False,False,False,False,65962806,66993102.76762216,False,False,False,False,1460698.3987737668,False,False,False,False
2022-07-14 00:00:00+00:00,14.9743890756,15.0650879798,14.3757763082,14.6932224727,1646065,,16.980377840327044,,,,15.681036995294436,15.978049579751648,"rgba(239, 83, 80, 1.0)",0.0,0.0,0.9793676583066786,16.390517032182018,-1.4459615289221375,35.471535249954535,-8.229905714551187,False,True,False,True,True,0.0,,0.0,0.0,0.0,0.0,0,0.8665773159192464,0.9326693429628776,True,False,False,False,-0.34282825441539394,-0.30661096233326535,False,False,False,False,64316741,66888147.404185995,True,False,False,False,1467967.677253227,False,False,False,False
2022-07-15 00:00:00+00:00,15.1376471031,15.309975021,15.0106686373,15.201136336,1493307,,16.92781526987552,,,,15.639389666220287,15.960026961683216,"rgba(239, 83, 80, 1.0)",0.0,0.0,0.9813272679932965,16.383388525815494,-1.2694454371607282,35.80088922502444,-8.238437403020825,False,True,False,True,True,0.0,,0.0,0.0,0.0,0.0,0,0.8830126778628608,0.9211607176986467,False,False,False,False,-0.26774940568329514,-0.28718018400828027,False,False,False,False,65810048,66845868.99617871,False,False,False,False,1468961.376184473,False,False,False,False
2022-07-18 00:00:00+00:00,15.7181200897,15.9176576788,15.6909104184,15.7997491034,2161291,,16.88176921736366,,,,15.653335962033884,16.0053099890306,"rgba(239, 83, 80, 1.0)",0.0,0.0,0.9814555394333244,16.399367677577082,-0.6941196625885098,38.807165568536504,-8.238437403020825,False,True,False,True,True,0.0,,0.0,0.0,0.0,0.0,0,0.8831055798001473,0.9255115719188242,False,False,False,False,-0.16271510073957252,-0.2249476423739264,False,False,False,False,67971339,66890005.07475994,False,False,False,False,1496111.557510572,False,False,False,False
2022-07-19 00:00:00+00:00,15.9675420761,15.9992866925,15.5820717334,15.5820717334,1143751,,16.860393966584088,,,,15.66342798985147,16.020509665681153,"rgba(239, 83, 80, 1.0)",0.0,0.0,0.9821555603261347,16.400829357664392,-0.441159526114696,41.8882344653412,-13.914130298334285,False,True,False,True,True,0.0,,0.0,0.0,0.0,0.0,0,0.8749657112563982,0.9314225202130417,False,False,False,False,-0.164890077738583,-0.1949188600562547,False,False,False,False,69115090,66977263.30712229,False,False,False,False,1482293.496431726,False,False,False,False
2022-07-20 00:00:00+00:00,15.9176576788,16.0446361446,15.7090501992,15.8088189938,856295,,16.845584756704028,,,,15.671842271772737,15.910694471683875,"rgba(239, 83, 80, 1.0)",0.0,0.0,0.9794630344613532,16.400803919626874,-0.49327664631322854,43.73860125675333,-12.050801610916416,False,True,False,True,True,0.0,,0.0,0.0,0.0,0.0,0,0.8731888687254847,0.9302059642808246,False,False,False,False,-0.15114044028725135,-0.17302965017175304,False,False,False,False,68258795,67027519.45194103,False,False,False,False,1457744.5357873447,False,False,False,False
2022-07-21 00:00:00+00:00,15.5276523909,15.7090501992,15.3825341443,15.4913728293,1393394,,16.8139279950941,,,,15.664328435602668,15.875868004139122,"rgba(239, 83, 80, 1.0)",0.0,0.0,0.9856634218992082,16.3872138532722,-0.8720638742137448,43.41329708754256,-12.050801610916416,False,True,False,True,True,0.0,,0.0,0.0,0.0,0.0,0,0.8890566234142885,0.932978488052233,False,False,False,False,-0.20432620360205261,-0.18867792688690282,False,False,False,False,66865401,67021161.8655904,False,False,False,False,1455220.9853643116,False,False,False,False
2022-07-22 00:00:00+00:00,15.4006739251,15.790679213,15.3779991991,15.5457921718,637949,,16.799758395209643,,,,15.660744295576874,15.708145905975558,"rgba(239, 83, 80, 1.0)",0.0,0.0,0.9973375048315893,16.380810217982674,-0.9827528676445197,42.71033034050578,-12.050801610916416,False,True,False,True,True,0.0,,0.0,0.0,0.0,0.0,0,0.9008863082627738,0.911499800794874,False,False,False,False,-0.1980799942757221,-0.19337896058131246,False,False,False,False,66227452,66990035.988508426,False,False,False,False,1423171.1035853191,False,False,False,False
2022-07-25 00:00:00+00:00,15.7362598705,15.790679213,15.5004427197,15.681840528,521213,,16.7897676176373,,,,15.661050039597812,15.718732058809492,"rgba(239, 83, 80, 1.0)",0.0,0.0,1.0014689016285556,16.37732023626162,-0.6401200923155479,44.00641236859164,-11.262475735335833,False,True,False,True,True,0.0,,0.0,0.0,0.0,0.0,0,0.8998055830126108,0.9356366990243986,False,False,False,False,-0.18819061029696607,-0.19078478543913927,False,False,False,False,66748665,66980570.45954732,False,False,False,False,1387800.1975623656,False,False,False,False
2022-07-26 00:00:00+00:00,15.5548620622,16.0174264734,15.5367222814,15.9902168021,680692,,16.777296515739156,,,,15.66213437531126,15.727209722871832,"rgba(239, 83, 80, 1.0)",0.0,0.0,1.0057883721420107,16.37306598628644,-0.8134951116445365,44.079830292193385,-10.923519629360953,False,True,False,True,True,0.0,,0.0,0.0,0.0,0.0,0,0.9010925971070791,0.9291163612589225,False,False,False,False,-0.16706660187069275,-0.178925693654916,False,False,False,False,66067973,66944782.323878795,False,False,False,False,1360070.464324626,False,False,False,False
2022-07-27 00:00:00+00:00,16.1534748296,16.2260339529,15.6727706376,15.8723082267,1016137,,16.764498759782505,,,,15.675333368933037,15.76726336848687,"rgba(239, 83, 80, 1.0)",0.0,0.0,1.004447789086063,16.37275859799046,-0.21831275928237692,47.028144066555754,-7.8975152117264855,False,True,False,False,True,0.30550395488512905,,0.0,0.0,0.0,0.0,0,0.8922192735338542,0.9280669477848148,False,False,False,False,-0.13960583435473964,-0.15926576400482784,False,False,False,False,67084110,66950246.15431492,False,False,False,False,1346582.8774883663,False,False,False,False
2022-07-28 00:00:00+00:00,16.0446361446,16.2804532954,15.8813781171,16.2532436242,1132264,,16.75168365007945,,,,15.69097448958025,15.801001007225839,"rgba(239, 83, 80, 1.0)",0.0,0.0,1.0057576232468055,16.372704286038417,-0.3261900619548303,48.46007318940299,-6.3941378113363925,False,False,False,False,True,0.0,,0.0,0.0,0.0,0.0,0,0.8947899871284912,0.9361573915700411,False,False,False,False,-0.11879092726493348,-0.13902834563488065,False,False,False,False,65951846,66911093.20708688,False,False,False,False,1338178.2156260773,False,False,False,False
2022-07-29 00:00:00+00:00,16.2260339529,16.6659236381,16.2169640625,16.4255715421,622565,,16.74785286468165,,,,15.705490207104967,15.80637207524016,"rgba(239, 83, 80, 1.0)",0.0,0.0,1.0033432101502477,16.375105964836436,-0.14857529350710716,50.267175113511875,-4.553171660366829,False,False,False,False,True,0.6636177384056978,,0.0,0.0,0.0,0.0,0,0.9048562289872782,0.9170333327893602,False,False,False,False,-0.06219773464488518,-0.10061304013988291,False,False,False,False,66574411,66897889.983279556,False,False,False,False,1310114.9522681918,False,False,False,False
2022-08-01 00:00:00+00:00,15.7090501992,15.7725394322,15.4460233772,15.573001843,966391,,16.730912524045923,,,,15.703467285770916,15.741904419747964,"rgba(239, 83, 80, 1.0)",0.0,0.0,1.009850353454374,16.323623167344596,-0.6085782572064659,48.93194796534803,-4.553171660366829,False,False,False,False,True,0.0,,0.0,0.0,0.0,0.0,0,0.9100046939916705,0.9218206244606896,False,False,False,False,-0.19404647371498945,-0.1473297569274362,False,False,False,False,65608020,66847306.84668036,False,False,False,False,1296635.581591008,False,False,False,False
2022-08-02 00:00:00+00:00,15.8813781171,16.1716146104,15.7725394322,15.9176576788,957302,,16.71911195845365,,,,15.710821170891204,15.753187766182602,"rgba(239, 83, 80, 1.0)",0.0,0.0,1.0142031819431319,16.32141827983818,-0.43387771856039575,48.92485628308638,-4.553171660366829,False,False,False,False,True,0.0,,0.0,0.0,0.0,0.0,0,0.9186398923757694,0.8988671172231155,False,False,False,False,-0.13600896700505358,-0.14166936196624488,False,False,False,False,66565322,66836248.617398776,False,False,False,False,1283328.3823129293,False,False,False,False
2022-08-03 00:00:00+00:00,15.4460233772,16.0355662542,15.3916040347,15.9902168021,1502905,,16.693999301519266,,,,15.706828846481482,15.72769370928062,"rgba(239, 83, 80, 1.0)",0.0,0.0,1.0238698350827233,16.298668539960754,-0.832767148269258,46.95572933441488,-4.553171660366829,False,True,False,False,False,0.0,,0.0,0.0,0.0,0.0,0,0.8972158626892106,0.9068218568344311,False,False,False,False,-0.17724482888185394,-0.1594570954240494,False,False,False,False,65062417,66766686.593187064,False,False,False,False,1291939.2300653632,False,False,False,False
2022-08-04 00:00:00+00:00,15.0106686373,15.4460233772,14.8927600619,15.3009051306,1426201,,16.66038980821616,,,,15.682036524625074,15.662515088268918,"rgba(239, 83, 80, 1.0)",0.0,0.0,1.040825754864636,16.26023954448832,-1.2005572511518352,43.96490458168434,-1.433630585674571,False,True,False,True,False,0.0,,0.0,0.0,0.0,0.0,0,0.8747641920625226,0.9334189375539531,False,False,False,False,-0.26623458937944805,-0.21284584240174872,False,False,False,False,63636216,66643923.04051306,False,False,False,False,1297204.3975137803,False,False,False,False
2022-08-05 00:00:00+00:00,15.0015987469,15.3190449114,14.7567117056,14.7657815961,632106,,16.64509906401771,,,,15.67004480204556,15.53963647667879,"rgba(239, 83, 80, 1.0)",0.0,0.0,1.057665569706994,16.133809975269347,-1.0704813135620983,41.93715676956573,-3.3721343514383904,False,True,False,True,False,0.0,,0.0,0.0,0.0,0.0,1,0.8651213123913087,0.9441664967558204,False,False,False,False,-0.2883204640445605,-0.2505831532231546,False,False,False,False,63004110,66501185.27421843,False,False,False,False,1271122.1074152007,False,False,False,False
2022-08-08 00:00:00+00:00,15.4278835964,15.4550932676,14.9925288564,15.0197385277,819065,,16.6288923747878,,,,15.661296796717554,15.542950650034694,"rgba(239, 83, 80, 1.0)",0.0,0.0,1.0666451717043983,16.136371072491134,-0.664220393890724,43.10076963388765,-3.3721343514383904,False,True,False,True,False,0.0,,0.0,0.0,0.0,0.0,1,0.8719920460986016,0.9401904584348607,False,False,False,False,-0.2571704503996954,-0.253876801811425,False,False,False,False,63823175,66396165.26346477,False,False,False,False,1253394.3777126437,False,False,False,False
2022-08-09 00:00:00+00:00,15.418813706,15.7181200897,15.2464857881,15.5639319526,682121,,16.617360613491645,,,,15.657514077969036,15.549400576662572,"rgba(239, 83, 80, 1.0)",0.0,0.0,1.07565025196193,16.13881533092856,-0.6693640647741337,43.83357962432315,-3.3721343514383904,False,True,False,True,False,0.0,,0.0,0.0,0.0,0.0,1,0.8756624858092603,0.9463794470073,False,False,False,False,-0.21464870457453283,-0.23426275319297893,False,False,False,False,63141054,66268513.84136812,False,False,False,False,1230991.5001552852,False,False,False,False
2022-08-10 00:00:00+00:00,15.6002115143,15.7271899801,15.0106686373,15.3643943635,752757,,16.60473324306497,,,,15.65319338239036,15.549745053553824,"rgba(239, 83, 80, 1.0)",0.0,0.0,1.0808264639069174,16.136588378046266,-0.4962654798508523,45.392642194914856,-3.3721343514383904,False,True,False,True,True,0.0,,0.0,0.0,0.0,0.0,1,0.8619127080020653,0.9500926195252615,False,False,False,False,-0.23319595041035418,-0.23372935180166654,False,False,False,False,63893811,66175388.23974584,False,False,False,False,1212237.2060315486,False,False,False,False
2022-08-11 00:00:00+00:00,15.9992866925,16.1353350488,15.7453297609,15.9085877884,419383,,16.60088398203971,,,,15.656645972580888,15.605933010261062,"rgba(239, 83, 80, 1.0)",0.0,0.0,1.0804001987218357,16.145209414130026,-0.13506358273782165,48.56720801869844,-6.179204029498663,False,False,False,False,True,0.025786547042908836,,0.0,0.0,0.0,0.0,1,0.879583006103272,0.9485687008195702,False,False,False,False,-0.14104558169605408,-0.1873874667488603,False,False,False,False,64313194,66102361.014657766,False,False,False,False,1181144.8842263897,False,False,False,False
2022-08-12 00:00:00+00:00,15.7453297609,15.8450985555,15.6183512951,15.8450985555,528352,,16.594429342345954,,,,15.65775896041923,15.59977931444516,"rgba(239, 83, 80, 1.0)",0.0,0.0,1.0838871798316183,16.14821303235956,-0.3717022204489472,49.217170929399536,-5.529187920707727,False,False,False,False,True,0.0,,0.0,0.0,0.0,0.0,1,0.8639455782245201,0.947635939252128,False,False,False,False,-0.17433314315693255,-0.18086030495289643,False,False,False,False,63784842,66011477.916043736,False,False,False,False,1155545.1632763352,False,False,False,False
2022-08-15 00:00:00+00:00,15.3281148018,15.4278835964,14.9925288564,15.0288084181,485673,,16.585263091203515,,,,15.652579281690512,15.564995192963213,"rgba(239, 83, 80, 1.0)",0.0,0.0,1.0926115825259743,16.140196971578643,-0.7432487287945599,47.52102209173823,-5.529187920707727,False,False,False,False,True,0.0,,0.0,0.0,0.0,0.0,1,0.8466346080833823,0.9564630390956619,False,False,False,False,-0.2594325572195134,-0.2201464310862049,False,False,False,False,63299169,65905112.860512614,False,False,False,False,1129275.6666772633,False,False,False,False
2022-08-16 00:00:00+00:00,14.983458966,15.5185825005,14.874620281,15.2736954593,888136,,16.567294343637016,,,,15.640628874255992,15.467723450149808,"rgba(239, 83, 80, 1.0)",0.0,0.0,1.1078010963811435,16.122950262121027,-1.0286063986065774,44.87415109222823,-5.529187920707727,False,True,False,True,False,0.0,,0.0,0.0,0.0,0.0,1,0.8333610058642399,0.9672457774244421,False,False,False,False,-0.2616972641298255,-0.24092184760801522,False,False,False,False,62411033,65768090.12088467,False,False,False,False,1119819.209160508,False,False,False,False
2022-08-17 00:00:00+00:00,15.1557868839,15.3462545826,14.9562492948,15.0650879798,667131,,16.554334546381355,,,,15.632458388942611,15.44834998868378,"rgba(239, 83, 80, 1.0)",0.0,0.0,1.1186398909336752,16.112026866644545,-0.8548237824295873,44.190012757137254,-0.9708582548012856,False,True,False,True,False,0.0,,0.0,0.0,0.0,0.0,1,0.830905893487867,0.9724940253450501,False,False,False,False,-0.26926542319475766,-0.2550936354013864,False,False,False,False,63078164,65662602.822026454,False,False,False,False,1102066.7303698997,False,False,False,False
2022-08-18 00:00:00+00:00,15.6183512951,15.7407948157,15.4278835964,15.4913728293,799877,,16.543918164297565,,,,15.631734354750456,15.478793959526236,"rgba(239, 83, 80, 1.0)",0.0,0.0,1.1236725379697885,16.11116204151355,-0.43857149637557324,46.34010771077324,-0.9708582548012856,False,False,False,True,False,0.0,,0.0,0.0,0.0,0.0,1,0.8349287728820067,0.9662418136698181,False,False,False,False,-0.1980799942757221,-0.22658681483855425,False,False,False,False,63878041,65592620.0054764,False,False,False,False,1090216.152708335,False,False,False,False
2022-08-19 00:00:00+00:00,15.5820717334,15.8450985555,15.5367222814,15.5639319526,352619,,16.53967878279577,,,,15.631931336073535,15.490186150278518,"rgba(239, 83, 80, 1.0)",0.0,0.0,1.1282583099249328,16.111214648495658,-0.46899093092508576,47.57668856359746,-0.9708582548012856,False,False,False,False,True,0.0,,0.0,0.0,0.0,0.0,1,0.8262783630185077,0.9770273029843961,False,False,False,False,-0.1808886291988218,-0.203737722018688,False,False,False,False,63525422,65511553.41702635,False,False,False,False,1061290.7741707533,False,False,False,False
2022-08-22 00:00:00+00:00,15.7090501992,15.7181200897,15.0514831441,15.3281148018,859497,,16.52765494558145,,,,15.629075437059596,15.495777776496997,"rgba(239, 83, 80, 1.0)",0.0,0.0,1.1317698359718225,16.10684860283093,-0.35148348276074165,49.11638002832677,-5.740610442780991,False,False,False,False,True,0.0,,0.0,0.0,0.0,0.0,1,0.8092722135610646,0.980305282929999,False,False,False,False,-0.22096631781472217,-0.2123520199167051,False,False,False,False,64384919,65467371.67518218,False,False,False,False,1053377.2928307238,False,False,False,False
2022-08-23 00:00:00+00:00,16.1534748296,16.2351038433,15.94486735,15.9539372405,516138,,16.524801698316335,,,,15.634948874448783,15.529571798170995,"rgba(239, 83, 80, 1.0)",0.0,0.0,1.1319314016656354,16.112945129290917,0.03580579198478246,52.40439019231478,-2.583507579905465,True,False,True,False,True,1.1529650339206903,,0.0,0.0,0.0,0.0,1,0.8469421017298568,0.967254796212494,False,False,False,False,-0.09635342205784155,-0.15435272098727332,False,False,False,False,64901057,65445163.256547585,False,False,False,False,1032309.0852687346,False,False,False,False
2022-08-24 00:00:00+00:00,16.4165016516,16.4255715421,16.0446361446,16.1806845008,889228,,16.522127801744883,,,,15.648530668758934,15.591053851114351,"rgba(239, 83, 80, 1.0)",0.0,0.0,1.1293313906817262,16.12625400798413,0.2570083909920023,55.75289596562185,0.533600913526243,True,False,True,False,True,2.447808715385513,,0.0,0.0,0.0,0.0,1,0.8552195811346148,0.9630188588847645,False,False,False,False,-0.07138863915849317,-0.11287068007288324,False,False,False,False,65790285,65458697.44256533,False,False,False,False,1026698.0623170196,False,False,False,False
2022-08-25 00:00:00+00:00,16.0990554871,16.5059307711,15.9720770213,16.4981306654,849792,,16.518492251144593,,,,15.659009492128837,15.631247437805378,"rgba(239, 83, 80, 1.0)",0.0,0.0,1.1296106958957128,16.135036463808802,-0.03185254604930271,55.88372650674051,0.6378167721964445,True,False,True,False,True,0.810769235062569,,0.0,0.0,0.0,0.0,0,0.8529857073568026,0.9638565891500088,False,False,False,False,-0.04262971421106676,-0.07775019714197501,False,False,False,False,64940493,65438375.69971963,False,False,False,False,1019760.5696771364,False,False,False,False
2022-08-26 00:00:00+00:00,15.94486735,16.0174264734,15.7362598705,15.8904480076,543223,,16.514160705258686,,,,15.661935890207708,15.64141712121469,"rgba(239, 83, 80, 1.0)",0.0,0.0,1.1283680264211904,16.136228734011155,-0.16959128540542664,55.01315398713978,0.6378167721964445,True,False,True,False,True,0.024792621345024912,,0.0,0.0,0.0,0.0,0,0.8480562146336572,0.9584778244238193,False,False,False,False,-0.1038576882187308,-0.09080394268035291,False,False,False,False,64397270,65397548.02522082,False,False,False,False,1001072.8218466605,False,False,False,False
2022-08-29 00:00:00+00:00,16.4981306654,16.5616198983,16.1171952679,16.16254472,462305,,16.5134393467488,,,,15.66942151511311,15.765765380404666,"rgba(239, 83, 80, 1.0)",1.0,16.132803,1.1283591202357564,16.16320198539358,0.2968280877957024,57.050374179289136,1.8715651211056255,True,False,True,False,True,2.7668109149821305,,0.0,0.0,0.0,0.0,0,0.8613140908473272,0.9395627816328654,False,False,False,False,0.042252601508207886,-0.024275670586072513,False,False,False,False,64859575,65376451.04383961,False,False,False,False,979944.6719703209,False,False,False,False
2022-08-30 00:00:00+00:00,15.8813781171,16.1262651584,15.6274211855,16.0899855967,865636,,16.506476411401557,,,,15.673355553385164,15.733761755340053,"rgba(239, 83, 80, 1.0)",0.0,0.0,1.1305022296849834,16.13585911364347,-0.22510437384487136,54.92721274190792,1.8715651211056255,True,False,True,False,True,0.0,,0.0,0.0,0.0,0.0,0,0.8585649362757062,0.9347921480530923,False,False,False,False,-0.06421133653855868,-0.04424350356231559,False,False,False,False,63993939,65322234.88525767,False,False,False,False,975461.978951877,False,False,False,False
2022-08-31 00:00:00+00:00,15.3734642539,15.7816093226,15.3553244731,15.5457921718,599019,,16.498923941073937,,,,15.671170406549976,15.704942153692123,"rgba(239, 83, 80, 1.0)",0.0,0.0,1.136529841228455,16.11729780768108,-0.6544778032199168,51.24743365361833,6.6297943290159935,True,False,False,False,False,0.0,,0.0,0.0,0.0,0.0,1,0.8377995672610871,0.9345399946932419,False,False,False,False,-0.12354421570246302,-0.08389385963238931,False,False,False,False,63394920,65246653.90936521,False,False,False,False,960699.5091890583,False,False,False,False
2022-09-01 00:00:00+00:00,14.9199697331,15.2918352401,14.9108998427,15.1648567743,1074079,,16.479500818984732,,,,15.656962398593976,15.628627388892664,"rgba(239, 83, 80, 1.0)",0.0,0.0,1.1473681631156325,16.075491195295132,-1.0071060879511942,47.092452034134965,2.795923462532059,True,False,False,True,False,0.0,,0.0,0.0,0.0,0.0,1,0.849180082411042,0.9396408396033615,False,False,False,False,-0.24157184186647798,-0.16273285074943364,False,False,False,False,62320841,65131916.14821363,False,False,False,False,965145.7637306638,False,False,False,False
2022-09-02 00:00:00+00:00,15.0378783085,15.3916040347,15.0016894458,15.3825341443,502993,,16.471219231929318,,,,15.651600833771433,15.607495764042758,"rgba(239, 83, 80, 1.0)",0.0,0.0,1.1580482747084186,16.06381230074069,-0.8859164290875582,44.97950275561164,0.9236171071242509,False,False,False,True,False,0.0,,0.0,0.0,0.0,0.0,0,0.851098385014084,0.9282162277636075,False,False,False,False,-0.21705963387866523,-0.18989624231404945,False,False,False,False,62823834,65041403.12279349,False,False,False,False,947022.1259373045,False,False,False,False
2022-09-06 00:00:00+00:00,15.0560180894,15.2555556785,14.983458966,15.2374158977,738096,,16.458841862814907,,,,15.64324782509515,15.578833030514614,"rgba(239, 83, 80, 1.0)",0.0,0.0,1.1686592396189954,16.04801847101794,-0.8488362971753429,43.677897642744156,-0.26752205949384944,False,True,False,True,False,0.0,,0.0,0.0,0.0,0.0,0,0.8483763109998507,0.9325217269805932,False,False,False,False,-0.23688392971376912,-0.2133900860139093,False,False,False,False,63561930,64983384.568958454,False,False,False,False,938828.9445279985,False,False,False,False
2022-09-07 00:00:00+00:00,14.2306580616,14.6750826919,14.2261231164,14.5662440069,958421,,16.43475535811399,,,,15.618906292201457,15.352595469566829,"rgba(239, 83, 80, 1.0)",0.0,0.0,1.1948610946238545,16.007690313456756,-1.4872291514489144,39.88880861864806,-3.83232398829103,False,True,False,True,False,0.0,,0.0,0.0,0.0,0.0,0,0.8273502338188451,0.946691448174457,False,False,False,False,-0.34282825441539394,-0.27810917021465165,False,False,False,False,62603509,64890056.11527381,False,False,False,False,939597.2604288612,False,False,False,False
2022-09-08 00:00:00+00:00,14.3213569657,14.5662440069,14.2306580616,14.393916089,726066,,16.41683673728188,,,,15.601015119053129,15.304090250230562,"rgba(239, 83, 80, 1.0)",0.0,0.0,1.2168191622329747,15.981521854012556,-1.3643480805035986,37.93006155386128,-5.646500186861914,False,True,False,True,False,0.0,,0.0,0.0,0.0,0.0,0,0.8100126866994518,0.9656699749068665,False,False,False,False,-0.34282825441539394,-0.3104687123150228,False,False,False,False,63329575,64828860.77741994,False,False,False,False,931223.4855100823,False,False,False,False
2022-09-09 00:00:00+00:00,14.9562492948,15.0469481989,14.720432144,14.7657815961,786145,,16.40277132052998,,,,15.590405134370096,15.304145061420929,"rgba(239, 83, 80, 1.0)",0.0,0.0,1.2251745042681677,15.968306816347967,-0.8260517322407874,40.19197276286165,-5.646500186861914,False,True,False,True,False,0.0,,0.0,0.0,0.0,0.0,0,0.817721062731187,0.9533607985309355,False,False,False,False,-0.19614527288255,-0.2533069925987864,False,False,False,False,64115720,64800894.472423084,False,False,False,False,925534.1331371379,False,False,False,False
2022-09-12 00:00:00+00:00,15.2192761168,15.3916040347,15.1739266647,15.2646255689,718092,,16.39313702089003,,,,15.585871177068913,15.320954871298543,"rgba(239, 83, 80, 1.0)",0.0,0.0,1.228927992634166,15.963938151020109,-0.6059443992515389,42.968310395741845,-5.646500186861914,False,True,False,True,True,0.0,,0.0,0.0,0.0,0.0,0,0.8408446986946725,0.9177973727963153,False,False,False,False,-0.08172587963233964,-0.16751643611556302,False,False,False,False,64833812,64802185.35585747,False,False,False,False,917399.1475239168,False,False,False,False
2022-09-13 00:00:00+00:00,15.1195073223,15.2918352401,14.7385719248,15.1557868839,950813,,16.378288374019025,,,,15.576262082639296,15.316153171853731,"rgba(239, 83, 80, 1.0)",0.0,0.0,1.2324711336097767,15.95293290228191,-0.6762232049532024,44.367684752618366,-12.31228565041203,False,False,False,True,True,0.0,,0.0,0.0,0.0,0.0,0,0.8245826215192622,0.9227893229403307,False,False,False,False,-0.13150762769703378,-0.14951203190629841,False,False,False,False,63882999,64766138.83209835,False,False,False,False,918709.4946798417,False,False,False,False
2022-09-14 00:00:00+00:00,15.3009051306,15.5095126101,15.201136336,15.2827653497,750394,,16.36928359825967,,,,15.57292605989348,15.305205633845635,"rgba(239, 83, 80, 1.0)",0.0,0.0,1.228611898529714,15.94987783704889,-0.5282161984801858,46.231900330391014,-10.431407741354214,False,False,False,True,True,0.0,,0.0,0.0,0.0,0.0,0,0.8745322014495114,0.903039323249876,False,False,False,False,-0.02087985247609034,-0.08519594219119438,False,False,False,False,64633393,64760933.113192536,False,False,False,False,912108.887045338,False,False,False,False
2022-09-15 00:00:00+00:00,14.6932224727,14.983458966,14.5934536782,14.983458966,509567,,16.35986759464026,,,,15.565264611497463,15.261959933713126,"rgba(239, 83, 80, 1.0)",0.0,0.0,1.2296824924899719,15.94074679829855,-1.0145093007483987,44.75875531948791,-10.431407741354214,False,False,False,True,True,0.0,,0.0,0.0,0.0,0.0,0,0.876145499527099,0.8811061614658119,False,False,False,False,-0.20690967489333806,-0.1460528085422662,False,False,False,False,64123826,64735948.520518325,False,False,False,False,896322.9306906189,False,False,False,False
2022-09-16 00:00:00+00:00,14.7295020344,14.9108998427,14.6206633494,14.8020611577,431416,,16.351966363021617,,,,15.55886588974249,15.239763716406944,"rgba(239, 83, 80, 1.0)",0.0,0.0,1.2291890682674278,15.933250684913036,-0.9793030881813403,43.98219020478294,-10.431407741354214,False,False,False,True,True,0.0,,0.0,0.0,0.0,0.0,0,0.8584041295865664,0.8972957683793253,False,False,False,False,-0.21456505927718802,-0.18030893390972713,False,False,False,False,64555242,64728861.99030192,False,False,False,False,878091.2863498104,False,False,False,False
2022-09-19 00:00:00+00:00,14.7657815961,14.8020611577,14.2125182807,14.2578677328,366624,,16.34464555233526,,,,15.55244047459404,15.109231566404972,"rgba(239, 83, 80, 1.0)",0.0,0.0,1.2256549240081822,15.925728990933697,-0.9463898623606015,43.68559174222922,-10.431407741354214,False,False,False,True,True,0.0,,0.0,0.0,0.0,0.0,0,0.838803273570578,0.9177208600918614,False,False,False,False,-0.30385782431812486,-0.242083379113926,False,False,False,False,64921866,64736430.77499597,False,False,False,False,858033.7457086415,False,False,False,False
2022-09-20 00:00:00+00:00,14.5753138973,14.6569429111,14.4120558699,14.6569429111,456323,,16.335384553838818,,,,15.544188913182849,15.083036018421863,"rgba(239, 83, 80, 1.0)",0.0,0.0,1.216431273753702,15.916186632424767,-1.102300445619965,42.59170308354622,-10.431407741354214,False,True,False,True,False,0.0,,0.0,0.0,0.0,0.0,0,0.8445801898129079,0.920261234735714,False,False,False,False,-0.29425765931780407,-0.26817051921586504,False,False,False,False,64465543,64725807.72499613,False,False,False,False,842280.383131832,False,False,False,False
2022-09-21 00:00:00+00:00,14.4846149932,14.8837808704,14.3576365274,14.8655503906,646005,,16.322633416127918,,,,15.53304975028739,15.05834341968538,"rgba(239, 83, 80, 1.0)",0.0,0.0,1.1966668404651954,15.903566143293084,-1.1857528780036035,41.43624296321772,-10.431407741354214,False,True,False,True,False,0.0,,0.0,0.0,0.0,0.0,0,0.8722252918047618,0.9039919883843799,False,False,False,False,-0.2641772099807589,-0.26617386459831194,False,False,False,False,63819538,64690267.7357806,False,False,False,False,834583.3092835249,False,False,False,False
2022-09-22 00:00:00+00:00,14.5390343357,14.9199697331,14.4483354315,14.8564805002,607371,,16.311221103112146,,,,15.52345419310025,14.953943798334873,"rgba(239, 83, 80, 1.0)",0.0,0.0,1.1775454529845004,15.892938694671424,-1.1497682365805408,41.081075906870055,-10.431407741354214,False,True,False,True,False,0.0,,0.0,0.0,0.0,0.0,0,0.8791371781615676,0.8986955334091414,False,False,False,False,-0.24233766966547537,-0.2542557671318937,False,False,False,False,64426909,64679939.942220576,False,False,False,False,825673.0226449553,False,False,False,False
2022-09-23 00:00:00+00:00,13.75902376,13.8782928189,13.6229754037,13.8678624449,563919,,16.295254796621634,,,,15.506052242891336,14.830799659902759,"rgba(239, 83, 80, 1.0)",0.0,0.0,1.1605401414431382,15.873304273935709,-1.8218073106084804,37.56223562296394,-7.178133534897512,False,True,False,True,False,0.0,,0.0,0.0,0.0,0.0,0,0.8846938810482509,0.9046398913221261,False,False,False,False,-0.34282825441539394,-0.29854201077364384,False,False,False,False,63862990,64647902.68958448,False,False,False,False,815408.1590118199,False,False,False,False
2022-09-26 00:00:00+00:00,13.3055292392,13.9540264039,13.3055292392,13.75902376,865747,,16.26892732438397,,,,15.476546474823929,14.484024180384953,"rgba(239, 83, 80, 1.0)",0.0,0.0,1.1361703453477512,15.662310004336645,-2.0743199070340963,33.843426642982834,-10.778130344577498,False,True,False,True,False,0.0,,0.0,0.0,0.0,0.0,0,0.8518036388033072,0.9134334733268441,False,False,False,False,-0.34282825441539394,-0.3206851325945189,False,False,False,False,62997243,64583170.93705176,False,False,False,False,817382.2312074348,False,False,False,False
2022-09-27 00:00:00+00:00,13.5957657325,13.8134431025,13.432507705,13.54134639,950178,,16.241552420356385,,,,15.446637604154947,14.407602226294545,"rgba(239, 83, 80, 1.0)",0.0,0.0,1.1045697132926129,15.63644847169466,-1.8474911222321917,33.49235767906418,-11.166836304694925,False,True,False,True,False,0.0,,0.0,0.0,0.0,0.0,0,0.8454862716488629,0.9281269371456113,False,False,False,False,-0.34282825441539394,-0.3317566935049564,False,False,False,False,63947421,64558239.5669713,False,False,False,False,822589.9084149865,False,False,False,False
2022-09-28 00:00:00+00:00,14.1490290478,14.1943784999,13.6864646366,13.7499538696,578113,,16.227640350953024,,,,15.432737551998342,14.40637291047406,"rgba(239, 83, 80, 1.0)",0.0,0.0,1.0632492914745069,15.631365580587829,-1.3941570849599494,36.70639457478394,-11.166836304694925,False,True,False,True,True,0.0,,0.0,0.0,0.0,0.0,0,0.8567419647819701,0.9139893940786366,False,False,False,False,-0.2614633246031294,-0.2966100090540429,False,False,False,False,64525534,64556956.995717525,False,False,False,False,813002.5786732222,False,False,False,False
2022-09-29 00:00:00+00:00,14.0855398149,14.2941472945,13.9857710203,14.1943784999,482064,,16.21675009765862,,,,15.422246134201806,14.40951734065677,"rgba(239, 83, 80, 1.0)",0.0,0.0,1.0174408635509036,15.62727658877127,-1.5153084853409122,38.575071041643916,-11.166836304694925,False,True,False,True,True,0.0,,0.0,0.0,0.0,0.0,0,0.8630650999210617,0.9118585432686986,False,False,False,False,-0.21206067039640916,-0.25433533972522604,False,False,False,False,64043470,64536820.25078743,False,False,False,False,800024.5951958409,False,False,False,False
2022-09-30 00:00:00+00:00,13.7694541339,14.0401903628,13.6864646366,13.8406527737,762261,,16.197407498834195,,,,15.40237372338339,14.381469653416051,"rgba(239, 83, 80, 1.0)",0.0,0.0,0.9879731826674427,15.609901021968955,-1.8628510574547243,38.48794481543028,-11.166836304694925,False,True,False,True,True,0.0,,0.0,0.0,0.0,0.0,0,0.8695492954864825,0.9144862707706457,False,False,False,False,-0.28087726648909106,-0.26760630310715855,False,False,False,False,63281209,64487580.5938938,False,False,False,False,798543.6698940432,False,False,False,False
2022-10-03 00:00:00+00:00,14.3394967465,14.5481042261,14.1853086095,14.502754774,975579,,16.178505143295606,,,,15.385927323911483,14.4046478763847,"rgba(239, 83, 80, 1.0)",0.0,0.0,0.9530552496092278,15.60475047206723,-1.3275764716536744,41.67618274760247,-13.778217744581156,False,True,False,True,True,0.0,,0.0,0.0,0.0,0.0,0,0.8745839269205861,0.8951090735953027,False,False,False,False,-0.15712102255000046,-0.2123636628285795,False,False,False,False,64256788,64478529.90393718,False,False,False,False,805486.2318589827,False,False,False,False
2022-10-04 00:00:00+00:00,14.8564805002,14.9471794044,14.6478730207,14.7748514865,1026695,,16.16394307278534,,,,15.376658428993787,14.463474621402723,"rgba(239, 83, 80, 1.0)",0.0,0.0,0.9015927754685699,15.610047416444976,-0.8358173853526468,46.15784473574408,-9.551811184653403,False,False,False,False,True,0.0,,0.0,0.0,0.0,0.0,0,0.8804475222858777,0.8808828552434501,False,False,False,False,-0.05501118705661327,-0.1336874249425964,False,False,False,False,65283483,64510096.692018084,False,False,False,False,814161.0855115716,False,False,False,False
2022-10-05 00:00:00+00:00,15.1829965552,15.2374158977,14.7476418152,15.0288084181,1491417,,16.14699064207436,,,,15.369243259415862,14.552081994507919,"rgba(239, 83, 80, 1.0)",0.0,0.0,0.873653523694516,15.620456093353331,-0.500724287476569,50.43766007095995,-5.6473062880652165,True,False,False,False,True,0.0,,0.0,0.0,0.0,0.0,0,0.8828308594578688,0.8785794149701375,False,False,False,False,-0.009292314224504288,-0.07148986958355034,False,False,False,False,66774900,64598912.508017376,False,False,False,False,840720.1409817061,False,False,False,False
2022-10-06 00:00:00+00:00,15.4006739251,15.4006739251,15.1195073223,15.1467169935,599419,,16.1418562403192,,,,15.368669611533441,14.591415227670936,"rgba(38, 166, 154, 1.0)",0.0,0.0,0.8385640893428328,15.626542861186657,-0.26935202563189486,54.104970212526474,-2.3772107307033252,True,False,True,False,True,0.055281879040911974,,0.0,0.0,0.0,0.0,0,0.8943659101562097,0.8829197546341875,False,False,False,False,0.05341355678809261,-0.009038156397728866,False,False,False,False,67374319,64707751.978291206,False,False,False,False,831257.3511392862,False,False,False,False
2022-10-07 00:00:00+00:00,15.8632383363,16.0174264734,15.4550932676,15.4732330485,869546,,16.138663610358535,,,,15.374073549289555,14.669712480293056,"rgba(38, 166, 154, 1.0)",0.0,0.0,0.8225533916069996,15.64316670361252,0.2675469275709049,58.120735773587846,1.208124820772774,True,False,True,False,True,2.2439713848013767,,0.0,0.0,0.0,0.0,0,0.897915248868976,0.8649998989244445,False,False,False,False,0.16638584715065585,0.07867384537646349,False,False,False,False,68243865,64846423.07718175,False,False,False,False,832758.8667808828,False,False,False,False
2022-10-10 00:00:00+00:00,15.5820717334,16.0809157063,15.550327117,15.9085877884,418740,,16.13697408774563,,,,15.376367897947297,14.790577306600603,"rgba(38, 166, 154, 1.0)",0.0,0.0,0.8150663047000739,15.656154880830332,-0.09089217282463131,59.13212310474954,2.0283371163705226,True,False,True,False,True,0.8696862302446462,,0.0,0.0,0.0,0.0,0,0.8950348520390914,0.8829667840767127,False,False,False,False,0.20558614455044102,0.14212999496345224,False,False,False,False,67825125,64963234.917292275,False,False,False,False,816522.8327894757,False,False,False,False
2022-10-11 00:00:00+00:00,15.1557868839,15.4369534868,15.0832277606,15.3371846922,798819,,16.129703130206746,,,,15.374571783039237,14.77802466863954,"rgba(38, 166, 154, 1.0)",0.0,0.0,0.8002190917688525,15.63464623766723,-0.5984103087427356,57.525502665441834,2.0283371163705226,True,False,True,False,True,0.0,,0.0,0.0,0.0,0.0,0,0.8920443287515691,0.8839479096176942,False,False,False,False,0.06786692852581225,0.10499846174463225,False,False,False,False,67026306,65044139.66563376,False,False,False,False,815828.5648369472,False,False,False,False
2022-10-12 00:00:00+00:00,14.9743890756,15.1285772127,14.8202009386,15.092297651,487424,,16.124107963824873,,,,15.371689050924948,14.771930998195243,"rgba(38, 166, 154, 1.0)",0.0,0.0,0.7766385058183449,15.624738816028296,-0.8373905434202267,55.553425100179986,2.0283371163705226,True,False,True,False,False,0.0,,0.0,0.0,0.0,0.0,0,0.8705864987959755,0.9115377486061079,False,False,False,False,-0.0016527681745095127,0.051672846785061365,False,False,False,False,66538882,65102757.01207949,False,False,False,False,802949.9544511846,False,False,False,False
2022-10-13 00:00:00+00:00,15.3190449114,15.3825341443,14.851945555,14.874620281,532379,,16.119163961781116,,,,15.370227823678412,14.784552032263452,"rgba(38, 166, 154, 1.0)",0.0,0.0,0.735109834862898,15.623850194052187,-0.4146391031607323,55.75841189486256,2.0283371163705226,True,False,True,False,False,0.0,,0.0,0.0,0.0,0.0,0,0.885714581215121,0.8963326346565581,False,False,False,False,0.03306712543323841,0.04236998610914989,False,False,False,False,67071261,65179953.2468999,False,False,False,False,792339.3287864323,False,False,False,False
2022-10-14 00:00:00+00:00,14.7929912673,15.1195073223,14.7113622536,15.0741578702,424534,,16.113963774354804,,,,15.367161692967379,14.781333088897195,"rgba(38, 166, 154, 1.0)",0.0,0.0,0.7075708239381817,15.617476939436955,-1.165234128151372,53.33795869082485,2.0283371163705226,True,False,True,False,False,0.0,,0.0,0.0,0.0,0.0,0,0.8919710188892703,0.8765928606815229,False,False,False,False,-0.01597799883439487,0.01319599363737751,False,False,False,False,66646727,65237473.786237165,False,False,False,False,777915.5904026506,False,False,False,False
2022-10-17 00:00:00+00:00,14.7657815961,15.0560180894,14.7022923632,15.0015987469,594556,,16.106560105559783,,,,15.362645161264657,14.77792895914386,"rgba(38, 166, 154, 1.0)",0.0,0.0,0.6942353794969276,15.609633364103503,-1.2155124802412032,51.59967181720659,8.373556138055982,True,False,False,False,False,0.0,,0.0,0.0,0.0,0.0,0,0.8959642406456324,0.8731811687682566,False,False,False,False,-0.024796410963238837,-0.005800208662930664,False,False,False,False,66052171,65269422.69658081,False,False,False,False,770725.0182299977,False,False,False,False
2022-10-18 00:00:00+00:00,14.4301956507,14.6569429111,14.239727952,14.5662440069,629879,,16.096365389974515,,,,15.354345268655655,14.687206726904904,"rgba(38, 166, 154, 1.0)",0.0,0.0,0.6778197132412985,15.517022197884428,-1.6034153713046793,48.921668622403885,5.6433310677572095,True,False,False,False,False,0.0,15.521695740410001,0.0,0.0,0.0,0.0,0,0.8688873360394815,0.889747191010494,False,False,False,False,-0.13019648857499533,-0.06799834861896299,False,False,False,False,65422292,65275417.571224704,False,False,False,False,765201.6449660762,False,False,False,False
2022-10-19 00:00:00+00:00,14.7476418152,14.8428756646,14.393916089,14.4483354315,418516,,16.090548916394265,,,,15.35021833943882,14.693796248614333,"rgba(38, 166, 154, 1.0)",0.0,0.0,0.6800199462746134,15.517256592124216,-1.1317532392107537,48.82378383915707,5.330625312759999,True,False,False,False,False,0.0,15.533123802333,0.0,0.0,0.0,0.0,0,0.8649652727362105,0.8925947469396246,False,False,False,False,-0.08837628765922496,-0.07818731813909398,False,False,False,False,65840808,65297589.74490217,False,False,False,False,751606.1294772106,False,False,False,False
2022-10-20 00:00:00+00:00,14.8020611577,15.1557868839,14.6886875275,15.0106686373,421810,,16.085632189592403,,,,15.347425376743903,14.71857434195566,"rgba(38, 166, 154, 1.0)",0.0,0.0,0.6814573145814774,15.5216059159008,-1.0558911656010521,49.04336997738175,5.238583468965537,True,False,False,False,False,0.0,15.5440530202835,0.0,0.0,0.0,0.0,0,0.8841165860421571,0.8798519253921857,False,False,False,False,-0.01432486449786616,-0.04625609131848007,False,False,False,False,66262618,65335433.990200125,False,False,False,False,738672.9479290847,False,False,False,False
2022-10-21 00:00:00+00:00,14.874620281,14.9743890756,14.6478730207,14.7839213769,313460,,16.081853873517986,,,,15.345151097144258,14.721389828005783,"rgba(38, 166, 154, 1.0)",0.0,0.0,0.6808821431805483,15.521794216759357,-0.9504933302205089,49.59079678374337,5.238583468965537,True,False,False,False,False,0.0,15.555798528371,0.0,0.0,0.0,0.0,0,0.8586858463940898,0.9060125734777036,False,False,False,False,-0.041342413391253885,-0.04379925235486698,False,False,False,False,66576078,65384086.69646679,False,False,False,False,721997.9303632382,False,False,False,False
2022-10-24 00:00:00+00:00,14.8202009386,15.0015987469,14.7113622536,14.7929912673,385541,,16.077282521541818,,,,15.342446544790857,14.726269755506006,"rgba(38, 166, 154, 1.0)",0.0,0.0,0.6747576153496615,15.521458834347424,-1.0392737774201046,49.63018828169145,5.085130661163149,True,False,False,False,False,0.0,15.5660475045405,0.0,0.0,0.0,0.0,0,0.8716244889949974,0.8993146421838597,False,False,False,False,-0.03030979014995901,-0.03705452125241299,False,False,False,False,66190537,65415712.19856613,False,False,False,False,708803.540937229,False,False,False,False
2022-10-25 00:00:00+00:00,14.8564805002,15.0288084181,14.7929912673,14.8655503906,414815,,16.07259313923857,,,,15.339848540634671,14.734378516208132,"rgba(38, 166, 154, 1.0)",0.0,0.0,0.6685592011110207,15.521534550996153,-0.9947571579165417,49.89003354067583,4.939136550535558,True,False,False,False,False,0.0,15.5766592763265,0.0,0.0,0.0,0.0,0,0.894608621593482,0.8921904775645219,False,False,False,False,-0.017080136369811455,-0.027067328811112224,False,False,False,False,66605352,65462364.73979884,False,False,False,False,697274.5785475337,False,False,False,False
2022-10-26 00:00:00+00:00,15.3825341443,15.418813706,15.0378783085,15.0378783085,348065,,16.069968137449294,,,,15.339558567997958,14.761992327259204,"rgba(38, 166, 154, 1.0)",0.0,0.0,0.6686034459881859,15.527721999754897,-0.21715092305621086,53.069004013001816,4.939136550535558,True,False,True,False,True,0.44067732682128025,15.59049085921,0.0,0.0,0.0,0.0,0,0.9015070318573469,0.8733723911132764,False,False,False,False,0.060122406088857515,0.016527538638872644,False,False,False,False,66953417,65520837.37745379,False,False,False,False,683580.0852711599,False,False,False,False
2022-10-27 00:00:00+00:00,15.5367222814,15.6546308568,15.4460233772,15.5639319526,349311,,16.068232230844746,,,,15.340552254533286,14.902157922029021,"rgba(38, 166, 154, 1.0)",0.0,0.0,0.6698043053200622,15.537044801437947,-0.0004815138323027238,55.937286453789056,1.0513653534515441,True,False,True,False,True,1.2163575725013303,15.6032340552435,0.0,0.0,0.0,0.0,0,0.9115915771766248,0.8560384469777982,False,False,False,False,0.13917207809171384,0.07784980836529323,False,False,False,False,67302728,65590715.44108305,False,False,False,False,670471.4936918988,False,False,False,False
2022-10-28 00:00:00+00:00,15.3643943635,15.4732330485,15.201136336,15.3462545826,659873,,16.063743613183796,,,,15.340603689113234,14.920736561569182,"rgba(38, 166, 154, 1.0)",0.0,0.0,0.6696856841078059,15.54594279080763,-0.27109498025106804,56.5390289439046,1.742856526761635,True,False,True,False,True,0.3226712839821815,15.614571418262502,0.0,0.0,0.0,0.0,0,0.8901191377486166,0.8797561387799806,False,False,False,False,0.08671080938057721,0.08228030887293522,False,False,False,False,66642855,65631975.81594254,False,False,False,False,670055.8664882949,False,False,False,False
2022-10-31 00:00:00+00:00,15.0650879798,15.3281148018,14.9018299523,15.0560180894,643293,,16.05792767118293,,,,15.338491999949516,14.915044281951566,"rgba(38, 166, 154, 1.0)",0.0,0.0,0.6698104405766205,15.546681068414243,-0.7189990771115087,54.85061906686644,1.742856526761635,True,False,True,False,True,0.0,15.624911093336,0.0,0.0,0.0,0.0,0,0.8729064867030478,0.8890848799495357,False,False,False,False,0.032515614643193705,0.05739796175806446,False,False,False,False,65999562,65646390.960415386,False,False,False,False,669006.3423122833,False,False,False,False
2022-11-01 00:00:00+00:00,15.4278835964,15.5820717334,15.309975021,15.5639319526,922976,,16.052632123749547,,,,15.33974552791744,14.962420941777642,"rgba(38, 166, 154, 1.0)",0.0,0.0,0.6675296918187461,15.557598567583918,-0.19432090103812247,55.770352682746584,1.742856526761635,True,False,True,False,True,0.6611055821754803,15.635613564025999,0.0,0.0,0.0,0.0,0,0.8984061549420537,0.8630608585675706,False,False,False,False,0.11342209985394759,0.08541003080600602,False,False,False,False,66922538,65696435.94235988,False,False,False,False,678965.9367314095,False,False,False,False
2022-11-02 00:00:00+00:00,15.5911416239,15.7816093226,15.3462545826,15.4097438155,769612,,16.049229196525292,,,,15.342123451036922,15.004815644594053,"rgba(38, 166, 154, 1.0)",0.0,0.0,0.6629448982763357,15.568051162304254,0.034830136947703816,57.21583424479338,2.641010579524,True,False,True,False,True,1.490173506919838,15.646134636908,0.0,0.0,0.0,0.0,1,0.8727707875535319,0.8666123346011746,False,False,False,False,0.1425436094343151,0.11397682012016055,False,False,False,False,67692150,65774699.238737926,False,False,False,False,682520.68431057,False,False,False,False
2022-11-03 00:00:00+00:00,15.4097438155,15.573001843,15.3371846922,15.3734642539,403770,,16.04696980247473,,,,15.342644028821727,15.01768896478522,"rgba(38, 166, 154, 1.0)",0.0,0.0,0.6578534802716923,15.571248307304817,-0.2455022229845394,56.83390931975959,2.641010579524,True,False,True,False,True,0.535062123499852,15.655658021844,0.0,0.0,0.0,0.0,1,0.8669209554793011,0.8814888127717782,False,False,False,False,0.11565481020354455,0.11481581516185255,False,False,False,False,67288380,65834059.268591344,False,False,False,False,671589.2849258417,False,False,False,False
2022-11-04 00:00:00+00:00,16.1988242817,16.2351038433,15.8904480076,16.0990554871,622468,,16.047317449016916,,,,15.348871048942566,15.077718684250177,"rgba(38, 166, 154, 1.0)",0.0,0.0,0.667276019110462,15.58759447444204,0.9160074538161607,60.14058662885258,5.660929314693192,True,False,True,False,True,4.445592854417448,15.669262857466999,0.0,0.0,0.0,0.0,0,0.8743488677115785,0.8656158191224227,False,False,False,False,0.26910083028050713,0.19195832272117985,False,False,False,False,67910848,65915501.9639407,False,False,False,False,669662.9600267891,False,True,False,False
2022-11-07 00:00:00+00:00,16.1081253775,16.3892919804,16.0446361446,16.2078941721,557695,,16.047993257817684,,,,15.354889677377487,15.292162990586554,"rgba(38, 166, 154, 1.0)",0.0,0.0,0.6753973146301067,15.638160181184475,0.695835156781618,61.681227387524686,7.162187530033968,True,False,True,False,True,3.959251092285843,15.6822328007605,0.0,0.0,0.0,0.0,0,0.8933193052429872,0.8428401750786301,False,False,False,False,0.3097947853454739,0.25087655403332687,False,False,False,False,67353153,65971880.43594303,False,False,False,False,665272.0596335818,False,False,False,False
2022-11-08 00:00:00+00:00,15.6274211855,16.0627759254,15.5548620622,16.0355662542,537103,,16.04653806039713,,,,15.357612509726952,15.285608053680232,"rgba(38, 166, 154, 1.0)",0.0,0.0,0.6743212396222278,15.631097573067041,-0.005451982454388705,59.51001553883134,7.162187530033968,True,False,True,False,True,1.4289091828974563,15.693434115423502,0.0,0.0,0.0,0.0,0,0.8629073160714474,0.8747785626618666,False,False,False,False,0.23013223174529018,0.24050439288930853,False,False,False,False,66816050,66004985.12472958,False,False,False,False,660245.8220008924,False,False,False,False
2022-11-09 00:00:00+00:00,15.0197385277,15.3825341443,15.0061336921,15.3734642539,464137,,16.04273331901415,,,,15.356295937876139,15.248001272741147,"rgba(38, 166, 154, 1.0)",0.0,0.0,0.6732103989101124,15.613718471508534,-0.8823095198323625,54.921182666553165,9.83502041883456,True,False,True,False,False,0.0,15.700916775016,0.0,0.0,0.0,0.0,0,0.8784009564280165,0.8887226364094225,False,False,False,False,0.0699214031416359,0.15521289801547222,False,False,False,False,66351913,66018590.139446065,False,False,False,False,652555.2799616418,False,False,False,False
2022-11-10 00:00:00+00:00,15.1467169935,15.3190449114,14.9199697331,15.0197385277,455049,,16.039002981180484,,,,15.354976457992127,15.225478420883071,"rgba(38, 166, 154, 1.0)",0.0,0.0,0.6635094643692092,15.603495928482701,-0.6884286653197259,52.54525048070403,7.73728394325115,True,False,False,False,False,0.0,15.708535482964999,0.0,0.0,0.0,0.0,0,0.8895221246812631,0.8806767287677056,False,False,False,False,0.05081290311340785,0.10301290056444004,False,False,False,False,66806962,66049506.682997204,False,False,False,False,644809.9356494205,False,False,False,False
2022-11-11 00:00:00+00:00,15.6183512951,15.8178888842,15.464163158,15.6455609663,483520,,16.037252192904425,,,,15.356680601932197,15.238687095240557,"rgba(38, 166, 154, 1.0)",0.0,0.0,0.657688454369665,15.607726636763097,0.016154545919596468,53.2883390150824,7.73728394325115,True,False,True,False,False,1.3797806357514872,15.718330964613502,0.0,0.0,0.0,0.0,0,0.9159956482401718,0.8435774656185583,False,False,False,False,0.185562436316665,0.14428766844055252,False,False,False,False,67290482,66098172.3817032,False,False,False,False,638484.840133757,False,False,False,False
2022-11-14 00:00:00+00:00,14.983458966,15.6364910759,14.983458966,15.418813706,594636,,16.03283640137119,,,,15.355518807331638,15.225607959663696,"rgba(38, 166, 154, 1.0)",0.0,0.0,0.6460477949274748,15.601501594386573,-0.9566515561839406,50.7659737485822,6.208801762027619,False,False,False,False,False,0.0,15.724997334068501,0.0,0.0,0.0,0.0,0,0.8967770610726679,0.8594234414249318,False,False,False,False,0.09955839044692956,0.12192302944374103,False,False,False,False,66695846,66121610.56281288,False,False,False,False,636765.2777755704,False,False,False,False
2022-11-15 00:00:00+00:00,15.2736954593,15.6002115143,14.8927600619,15.0106686373,1073520,,16.025495358735792,,,,15.354188790837583,15.215818574802668,"rgba(38, 166, 154, 1.0)",0.0,0.0,0.6428552439232843,15.595892743890888,-0.5011972565153978,50.472770494701166,5.885996746042267,False,False,False,False,False,0.0,15.732797439825502,0.0,0.0,0.0,0.0,1,0.8956814276824914,0.8578885054626818,False,False,False,False,0.08326882851831689,0.10259592898102896,False,False,False,False,67769366,66186228.423094735,False,False,False,False,653892.9139412344,False,False,False,False
2022-11-16 00:00:00+00:00,15.0106686373,15.1104374318,14.8383407194,15.0106686373,713408,,16.019014815133378,,,,15.350966065787553,15.195873012161965,"rgba(38, 166, 154, 1.0)",0.0,0.0,0.6370991919960791,15.586852292407414,-0.9043861024249423,49.09565777932961,4.45271924850865,False,False,False,False,False,0.0,15.7391917125685,0.0,0.0,0.0,0.0,0,0.906302487106933,0.8607555943475064,False,False,False,False,0.013847025528740392,0.058221477254884677,False,False,False,False,67055958,66220335.46532632,False,False,False,False,656226.8388847155,False,False,False,False
2022-11-17 00:00:00+00:00,14.4936848836,14.8564805002,14.4029859795,14.8111310481,798786,,16.009065328288344,,,,15.343516480793898,15.153151824325324,"rgba(239, 83, 80, 1.0)",0.0,0.0,0.6401409496747983,15.568471123400053,-1.6789837306081754,46.120391647604194,1.5375813771150533,False,True,False,True,False,0.0,15.7429103676385,0.0,0.0,0.0,0.0,0,0.8835631842000552,0.8619081128507421,False,False,False,False,-0.07398083865282626,-0.007879680698970791,False,False,False,False,66257172,66221780.035313524,False,False,False,False,661817.3942225698,False,False,False,False
2022-11-18 00:00:00+00:00,14.239727952,14.2410884355,13.8406527737,13.8497226641,1139334,,15.990436055846848,,,,15.326613609369424,15.066058602469283,"rgba(239, 83, 80, 1.0)",0.0,0.0,0.6479717835025246,15.531122177343812,-1.992979105298927,43.238000296643904,-1.2133324507434153,False,True,False,True,False,0.0,15.744452249009,0.0,0.0,0.0,0.0,0,0.8598873714959768,0.8989763028980922,False,False,False,False,-0.22751930896805053,-0.11769949483351066,False,False,False,False,65117838,66178488.19079143,False,False,False,False,680543.5356256063,False,False,False,False
2022-11-21 00:00:00+00:00,14.1853086095,14.2714725684,13.3599485817,13.6864646366,2947579,,15.939733555248296,,,,15.279207834792198,14.769755077297944,"rgba(239, 83, 80, 1.0)",0.0,0.0,0.6565170822917882,15.444590109918753,-1.9181245003143226,41.1218296331933,-3.215981369325,False,True,False,True,False,0.0,15.744678996269501,0.0,0.0,0.0,0.0,0,0.8343126195891184,0.9118106919427723,False,False,False,False,-0.2887257157769317,-0.20321260530522117,False,False,False,False,62170259,66021302.73232902,False,False,False,False,769446.8871697002,False,False,False,False
2022-11-22 00:00:00+00:00,14.4120558699,14.6025235686,14.3032171849,14.3757763082,702048,,15.930952808326944,,,,15.272428829356603,14.766505375865309,"rgba(239, 83, 80, 1.0)",0.0,0.0,0.6599901808027913,15.435252146961357,-1.5503204544903588,41.11290226446751,-3.3026132733168723,False,True,False,True,False,0.0,15.745994130380002,0.0,0.0,0.0,0.0,0,0.8833065361288613,0.8921352588982904,False,False,False,False,-0.11941049627545355,-0.16131155079033738,False,False,False,False,62872307,65897812.703610234,False,False,False,False,766803.7935552023,False,False,False,False
2022-11-23 00:00:00+00:00,13.7408839791,13.9540264039,13.6320452942,13.8860022258,953938,,15.913949780407204,,,,15.256192413242433,14.71166897198242,"rgba(239, 83, 80, 1.0)",0.0,0.0,0.6765718660407891,15.409716767610096,-2.4666009219033738,38.66468109095014,-5.755902066926339,False,True,False,True,False,0.0,15.744905743529998,0.0,0.0,0.0,0.0,0,0.8534474227409674,0.9128601521123555,False,False,False,False,-0.2950005224599869,-0.22815603662516215,False,False,False,False,61918369,65741756.08778238,False,False,False,False,774142.3898863709,False,False,False,False
2022-11-25 00:00:00+00:00,13.6411151846,13.9676312395,13.5912307873,13.9313516779,763649,,15.900264971868245,,,,15.243082084173622,14.670976834613365,"rgba(239, 83, 80, 1.0)",0.0,0.0,0.6929507523247446,15.389891175086227,-2.523665620708757,36.71368369356413,-7.702819329653124,False,True,False,True,False,0.0,15.74250222257,0.0,0.0,0.0,0.0,0,0.8692558882288486,0.9029489483858205,False,False,False,False,-0.29877624394561025,-0.2634661402853862,False,False,False,False,61154720,65561872.31963405,False,False,False,False,773730.8844006308,False,False,False,False
2022-11-28 00:00:00+00:00,13.6411151846,13.8134431025,13.1966905542,13.2420400063,1649238,,15.868842470844175,,,,15.212185395434393,14.436456274560069,"rgba(239, 83, 80, 1.0)",0.0,0.0,0.7018757295736292,15.344597644769312,-2.4270428344974,35.413018761973454,-9.047359228341861,False,True,False,True,False,0.0,15.740370798322498,0.0,0.0,0.0,0.0,0,0.8544820174916412,0.9073655111900237,False,False,False,False,-0.34282825441539394,-0.3031471973503901,False,False,False,False,61154720,65389042.81690331,False,False,False,False,808064.4967770767,False,False,False,False
2022-11-29 00:00:00+00:00,13.9404215683,14.1172844314,13.6864646366,13.9676312395,1588542,,15.843993454029688,,,,15.189768189697439,14.419717123134637,"rgba(239, 83, 80, 1.0)",0.0,0.0,0.7068929786791603,15.315737869291844,-1.9455792354334072,36.634103685955864,-9.047359228341861,False,True,False,True,False,0.0,15.7385114707875,0.0,0.0,0.0,0.0,0,0.8872125722587871,0.8890234202991347,False,False,False,False,-0.23781207101803972,-0.2704796341842149,False,False,False,False,62743262,65285286.706436515,False,False,False,False,838671.4576877796,False,False,False,False
2022-11-30 00:00:00+00:00,14.3032171849,14.4029859795,14.1943784999,14.3576365274,512464,,15.837686264950927,,,,15.184837362087361,14.4272927172102,"rgba(239, 83, 80, 1.0)",0.0,0.0,0.7098889975211059,15.310474702559304,-1.4188943921889108,39.69365984911626,-9.047359228341861,False,True,False,True,True,0.0,15.738103325719,0.0,0.0,0.0,0.0,0,0.8940552122110995,0.8730536423919891,False,False,False,False,-0.13772034796827737,-0.20409999107624613,False,False,False,False,63255726,65205696.09049783,False,False,False,False,825879.0083666901,False,False,False,False
2022-12-01 00:00:00+00:00,14.4211257603,14.7884563221,14.3848461986,14.6569429111,2261426,,15.814554061536143,,,,15.16923770737637,14.45739028247068,"rgba(239, 83, 80, 1.0)",0.0,0.0,0.7126244428046349,15.29715171292856,-1.2292954044360795,42.42021502720911,-13.189153316992552,False,True,False,True,True,0.0,15.740325448871,0.0,0.0,0.0,0.0,0,0.9002602829511267,0.8634700851698822,False,False,False,False,-0.0668720882109344,-0.13548603964359027,False,False,False,False,65517152,65217910.04773321,False,False,False,False,882174.9688228985,False,False,False,False
2022-12-02 00:00:00+00:00,14.2215881711,14.5843837878,14.1444941026,14.4664752124,962692,,15.80334727204569,,,,15.160660891072824,14.449602004987575,"rgba(239, 83, 80, 1.0)",0.0,0.0,0.717209608839788,15.28828036104623,-1.4872809521776909,43.182978363766395,-12.407965426417903,False,True,False,True,True,0.0,15.742184776406003,0.0,0.0,0.0,0.0,0,0.8871948517095968,0.8726931054642844,False,False,False,False,-0.12144642948334673,-0.1284662345634685,False,False,False,False,64554460,65191892.398802504,False,False,False,False,885332.4994572946,False,False,False,False
2022-12-05 00:00:00+00:00,13.7680936504,14.6206633494,13.6773947462,14.5843837878,1038052,,15.789090369905423,,,,15.148440219622909,14.4201053468521,"rgba(239, 83, 80, 1.0)",0.0,0.0,0.725409756181382,15.27417323717972,-2.0761777380936386,41.57781523985357,-12.407965426417903,False,True,False,True,True,0.0,15.741141739008501,0.0,0.0,0.0,0.0,0,0.8825862893455129,0.8565356757070999,False,False,False,False,-0.1750437533017219,-0.1517549939325952,False,False,False,False,63516408,65126187.12826123,False,False,False,False,891321.4994785772,False,False,False,False
2022-12-06 00:00:00+00:00,13.2692496775,13.6955345271,13.1286663761,13.6411151846,1449904,,15.76228497167152,,,,15.122091345003339,14.325901652648929,"rgba(239, 83, 80, 1.0)",0.0,0.0,0.7456517349309765,15.240838606066076,-2.6441149885456676,38.63438875419629,-12.407965426417903,False,True,False,True,False,0.0,15.736742842157,0.0,0.0,0.0,0.0,0,0.8706751466068109,0.892748950344825,False,False,False,False,-0.34282825441539394,-0.24729162417399458,False,False,False,False,62066504,65006199.55460393,False,False,False,False,913226.6955774565,False,False,False,False
2022-12-07 00:00:00+00:00,12.9699432938,13.3871582529,12.8792443897,13.2873894584,534776,,15.75138693244712,,,,15.111020390147049,14.287668489407896,"rgba(239, 83, 80, 1.0)",0.0,0.0,0.7714580152061241,15.226752853250026,-2.9253822177828233,35.70984369126684,-8.532366908833573,False,True,False,True,False,0.0,15.730212521058,0.0,0.0,0.0,0.0,0,0.8609314932686919,0.9042641770211028,False,False,False,False,-0.34282825441539394,-0.29505993929469426,False,False,False,False,61531728,64869945.76814887,False,False,False,False,898385.4918293209,False,False,False,False
2022-12-08 00:00:00+00:00,12.7976153759,13.1332013213,12.7159863622,13.1332013213,1201545,,15.725444050770083,,,,15.084214763594604,14.199396367774213,"rgba(239, 83, 80, 1.0)",0.0,0.0,0.7918895511214593,15.19277398202976,-3.024611958495703,33.23382289397496,-10.868873563130194,False,True,False,True,False,0.0,15.7217775229715,0.0,0.0,0.0,0.0,0,0.847092618702872,0.9321283922425923,False,False,False,False,-0.34282825441539394,-0.3189440968550441,False,False,False,False,60330183,64691915.85567244,True,False,False,False,910274.099992877,True,False,False,False
2022-12-09 00:00:00+00:00,12.8520347184,12.9971529651,12.6978465814,12.8248250472,904429,,15.705998852102674,,,,15.064160739845077,13.937095486869605,"rgba(239, 83, 80, 1.0)",0.0,0.0,0.800800075460305,15.031439849102266,-2.7215346220459957,32.01433121921601,-12.053670097437369,False,True,False,True,False,0.0,15.714340212830997,0.0,0.0,0.0,0.0,0,0.8345440591231926,0.9413854034663409,True,False,False,False,-0.34282825441539394,-0.33088617563521905,False,False,False,False,61234612,64556335.312312745,False,False,False,False,910044.8803853133,False,False,False,False
2022-12-12 00:00:00+00:00,13.1059916501,13.1422712117,12.8611046089,12.8792443897,423516,,15.697574862482956,,,,15.055677459471262,13.92560681534702,"rgba(239, 83, 80, 1.0)",0.0,0.0,0.807606944126161,15.025311928961052,-2.3765524712492123,33.190660399688326,-12.053670097437369,False,True,False,True,False,0.0,15.708580832417502,0.0,0.0,0.0,0.0,0,0.853550110247727,0.9267929804402173,False,False,False,False,-0.30929776912302187,-0.32009197237912046,False,False,False,False,61658128,64442680.1235946,False,False,False,False,890965.3164486344,False,False,False,False
2022-12-13 00:00:00+00:00,13.2873894584,13.3871582529,13.214830335,13.214830335,924175,,15.681153920946214,,,,15.039762106394155,13.918288448818124,"rgba(239, 83, 80, 1.0)",0.0,0.0,0.8113364866717098,15.017291551731766,-2.132163561912796,35.31615679723021,-12.053670097437369,False,True,False,True,True,0.0,15.7032295970725,0.0,0.0,0.0,0.0,0,0.8571402450232503,0.9424574876557323,False,False,False,False,-0.2460169831967768,-0.2830544777879486,False,False,False,False,62582303,64369724.15796344,False,False,False,False,892267.6569800605,False,False,False,False
2022-12-14 00:00:00+00:00,13.4597173763,13.5322764996,13.2873894584,13.3871582529,388267,,15.674694365471503,,,,15.033653519912757,13.800987149199766,"rgba(239, 83, 80, 1.0)",0.0,0.0,0.7951474827944456,15.01391494647457,-1.9546028929281618,37.966810203003064,-17.953009158184656,False,True,False,True,True,0.0,15.696744625426,0.0,0.0,0.0,0.0,0,0.8516793468286725,0.9564483206504951,False,False,False,False,-0.22350053932984404,-0.2532775085588963,False,False,False,False,62970570,64314855.36745507,False,False,False,False,872502.9253337836,False,False,False,False
2022-12-15 00:00:00+00:00,13.2057604446,13.4007630886,13.1513411021,13.3327389104,430903,,15.66701769638327,,,,15.026200626324437,13.781411715304838,"rgba(239, 83, 80, 1.0)",0.0,0.0,0.7988022567174643,15.006950411305642,-2.254863392734157,38.431406443806445,-17.395028609720917,False,True,False,True,True,0.0,15.686994493229498,0.0,0.0,0.0,0.0,0,0.8384183959729384,0.9710787062970635,False,False,False,False,-0.2512108379798842,-0.25224417326939025,False,False,False,False,62539667,64245240.1373588,False,False,False,False,855185.281203047,False,False,False,False
2022-12-16 00:00:00+00:00,13.0062228555,13.1241314309,12.8792443897,12.9155239513,591206,,15.655484091960139,,,,15.014652212610486,13.742055635224819,"rgba(239, 83, 80, 1.0)",0.0,0.0,0.8146897681129418,14.992928416801131,-2.438603796268263,37.79120943571636,-17.395028609720917,False,True,False,True,True,0.0,15.675294334593998,0.0,0.0,0.0,0.0,0,0.8111028176982937,0.9858742302635138,False,False,False,False,-0.30929776912302187,-0.2807709711962061,False,False,False,False,61948461,64155170.3672663,False,False,False,False,844833.1525284178,False,False,False,False
2022-12-19 00:00:00+00:00,13.1787412411,13.2152727483,12.9960837048,13.0965453498,383194,,15.64841664897294,,,,15.007704755674801,13.73043733301542,"rgba(239, 83, 80, 1.0)",0.0,0.0,0.8293957173383899,14.985499025985186,-2.178402597355151,38.72777617609801,-16.725950885753626,False,True,False,True,True,0.0,15.659286930349502,0.0,0.0,0.0,0.0,0,0.8010871794777499,1.0053501536917377,False,False,False,False,-0.2870624134670857,-0.2839166923316459,False,False,False,False,62331655,64083659.96070684,False,False,False,False,826729.6563508328,False,False,False,False
2022-12-20 00:00:00+00:00,13.2152727483,13.2974686397,12.9686850744,13.0782795961,722976,,15.635349478753389,,,,14.99494571572597,13.713385590909795,"rgba(239, 83, 80, 1.0)",0.0,0.0,0.8415645384662394,14.972254890200006,-2.0877568642591866,39.64487136406421,-15.59534196830031,False,True,False,True,True,0.0,15.641738904461999,0.0,0.0,0.0,0.0,0,0.7942200605486659,1.0046065064303906,False,False,False,False,-0.2812505162007537,-0.2825836042661998,False,False,False,False,63054631,64043305.88381638,False,False,False,False,822660.8855135452,False,False,False,False
2022-12-21 00:00:00+00:00,13.4709932991,13.4801261759,13.2974686397,13.2974686397,748929,,15.623340970463003,,,,14.98372989925517,13.715318179444745,"rgba(239, 83, 80, 1.0)",0.0,0.0,0.8479828338564975,14.963150950297296,-1.7596554925660333,42.24992008182157,-12.913545738979884,False,True,False,True,True,0.0,15.624381094478998,0.0,0.0,0.0,0.0,0,0.8190995696291217,0.9721123173129942,False,False,False,False,-0.22783434602631358,-0.2552089751462567,False,False,False,False,63803560,64033904.08445103,False,False,False,False,819769.4390228181,False,False,False,False
2022-12-22 00:00:00+00:00,13.3705316542,13.5623220672,13.2152727483,13.5623220672,355134,,15.617606267414057,,,,14.978354562199954,13.713938911643108,"rgba(239, 83, 80, 1.0)",0.0,0.0,0.8575206495326142,14.958453451457704,-1.8517592528217124,43.3174687354688,-11.738232983973305,False,True,False,True,True,0.0,15.6150466732615,0.0,0.0,0.0,0.0,0,0.8280478871447865,0.9566511048600636,False,False,False,False,-0.22783434603662453,-0.2415216605914406,False,False,False,False,63448426,64010944.1595706,False,False,False,False,801548.4414140802,False,False,False,False
2022-12-23 00:00:00+00:00,13.6993152194,13.7358467267,13.5623220672,13.5805878209,374471,,15.61235303878053,,,,14.973724275407156,13.721026391791074,"rgba(239, 83, 80, 1.0)",0.0,0.0,0.8622142940386058,14.955744829673481,-1.4572126894212956,46.43196868200372,-8.668002359276691,False,False,False,False,True,0.0,15.6074922182265,0.0,0.0,0.0,0.0,0,0.8321264933275901,0.9515677034328298,False,False,False,False,-0.17474535684159884,-0.2081335087165197,False,False,False,False,63822897,64003569.76115607,False,False,False,False,784800.3064566653,False,False,False,False
2022-12-27 00:00:00+00:00,13.7997768644,13.9185042629,13.7084480962,13.7084480962,585473,,15.604795797544838,,,,14.967334928558614,13.68364739423879,"rgba(239, 83, 80, 1.0)",0.0,0.0,0.8640356217804122,14.889385262473674,-1.261068838606968,49.17937816360629,-6.038620390159821,False,False,False,False,True,0.0,15.5981725988125,0.0,0.0,0.0,0.0,0,0.850091962313593,0.9396126292284985,False,False,False,False,-0.14172901691526976,-0.17493126281589472,False,False,False,False,64408370,64019444.28032642,False,False,False,False,776983.5493407176,False,False,False,False
2022-12-28 00:00:00+00:00,13.6536508354,13.7906439876,13.5075248064,13.7906439876,439009,,15.5986746691952,,,,14.96194131517348,13.680290774703113,"rgba(239, 83, 80, 1.0)",0.0,0.0,0.8646229255372103,14.882074876309158,-1.420762744806829,49.84989560784726,-5.360998545671599,True,False,False,False,True,0.0,15.590979364734501,0.0,0.0,0.0,0.0,0,0.8408990545119164,0.9418660515674342,False,False,False,False,-0.1747453568315032,-0.17483830982369897,False,False,False,False,63969361,64017480.23011754,False,False,False,False,763729.6454450032,False,False,False,False
2022-12-29 00:00:00+00:00,13.5897206977,13.6079864513,13.425328915,13.4527275455,284910,,15.594500295150851,,,,14.958173953097333,13.675590725033338,"rgba(239, 83, 80, 1.0)",0.0,0.0,0.8666577838374803,14.876730002935268,-1.4850259574621367,49.78929590496685,-5.276967552689271,True,False,False,False,True,0.0,15.586323495449,0.0,0.0,0.0,0.0,0,0.8544348498316217,0.9343087849183773,False,False,False,False,-0.2016155849477229,-0.18822694738571094,False,False,False,False,63684451,64004420.26030901,False,False,False,False,744952.40444716,False,False,False,False
2022-12-30 00:00:00+00:00,13.8911056325,13.894850112,13.4983919295,13.4983919295,410685,,15.589155577629294,,,,14.953617743532622,13.684139268259624,"rgba(239, 83, 80, 1.0)",0.0,0.0,0.8627849915302367,14.874968703880695,-1.140334012574458,51.99114904273723,-3.017434652671291,True,False,True,False,True,0.0,15.5838094431665,0.0,0.0,0.0,0.0,0,0.8504923265468428,0.9296728566476242,False,False,False,False,-0.1651624158548617,-0.17669468162028631,False,False,False,False,64095136,64007977.74029689,False,False,False,False,731843.8787825655,False,False,False,False
2023-01-03 00:00:00+00:00,13.4983919295,13.7997768644,13.4161960382,13.7175809731,293492,,15.584960013668459,,,,14.949867357016144,13.68232315343413,"rgba(239, 83, 80, 1.0)",0.0,0.0,0.8685122218679332,14.870915582178911,-1.5803158759550748,50.43693440363506,-3.017434652671291,True,False,False,False,True,0.0,15.574660828805,0.0,0.0,0.0,0.0,0,0.8297524601536106,0.9437563262110465,False,False,False,False,-0.1830559440633172,-0.17987531284180175,False,False,False,False,63801644,63999886.22106957,False,False,False,False,714653.6090263864,False,False,False,False
2023-01-04 00:00:00+00:00,13.0417480889,13.1970069947,12.9686850744,13.1422097338,396636,,15.577910012896512,,,,14.942995923809304,13.522285627050621,"rgba(239, 83, 80, 1.0)",0.0,0.0,0.8814933345473929,14.763686376915054,-1.9534331350323721,46.710033598787746,1.8072903218438583,False,False,False,False,False,0.0,15.562322006198999,0.0,0.0,0.0,0.0,0,0.8194071990436478,0.9495388217912385,False,False,False,False,-0.2919201076506818,-0.2358977102462418,False,False,False,False,63405008,63976557.66338056,False,False,False,False,702182.330241038,False,False,False,False
2023-01-05 00:00:00+00:00,13.1056782266,13.2609371324,12.986950828,13.0417480889,293585,,15.572817907847396,,,,14.938073396016168,13.512492235118943,"rgba(239, 83, 80, 1.0)",0.0,0.0,0.8922588487093976,14.757211065327855,-1.8509570861826747,44.743653239352234,-0.040747516350023716,False,False,False,True,False,0.0,15.546629528662999,0.0,0.0,0.0,0.0,0,0.8172866432166271,0.9478857959072475,False,False,False,False,-0.2831857409449434,-0.25954172559559263,False,False,False,False,63698593,63965657.088346034,False,False,False,False,686158.9055257032,False,False,False,False
2023-01-06 00:00:00+00:00,13.1422097338,13.3613987773,13.0782795961,13.1970069947,242107,,15.568764191079067,,,,14.934202829544812,13.50860419671826,"rgba(239, 83, 80, 1.0)",0.0,0.0,0.9026586278673249,14.753467219171554,-1.7850131108572105,43.745109179812395,-1.018775021296463,False,False,False,True,False,0.0,15.531935998800499,0.0,0.0,0.0,0.0,0,0.8180926414029159,0.9447753045459852,False,False,False,False,-0.26296568168124673,-0.2612537036384197,False,False,False,False,63940700,63964678.37899913,False,False,False,False,668745.105309009,False,False,False,False
2023-01-09 00:00:00+00:00,13.3613987773,13.5623220672,13.279202886,13.4344617919,407880,,15.562558608194824,,,,14.92849183591658,13.516144073047222,"rgba(239, 83, 80, 1.0)",0.0,0.0,0.9093708153878315,14.752517204685217,-1.529759261948525,44.91648623076835,-1.018775021296463,False,False,False,True,False,0.0,15.516025592099503,0.0,0.0,0.0,0.0,0,0.8169681728828371,0.9539502160746588,False,False,False,False,-0.2212520796307485,-0.2412528916345841,False,False,False,False,64348580,63979733.34452858,False,False,False,False,658515.101179244,False,False,False,False
2023-01-10 00:00:00+00:00,13.3157343933,13.4618604223,13.2426713788,13.425328915,277348,,15.558240938446634,,,,14.924478923922267,13.515638806403988,"rgba(239, 83, 80, 1.0)",0.0,0.0,0.9162640324814968,14.749616535674132,-1.5649224367028602,45.363102688476715,-1.018775021296463,False,False,False,True,False,0.0,15.50188223937,0.0,0.0,0.0,0.0,1,0.7996441111360529,0.9691486622860245,False,False,False,False,-0.23538081003464106,-0.23831685083461257,False,False,False,False,64071232,63983321.52709609,False,False,False,False,643567.3717212345,False,False,False,False
2023-01-11 00:00:00+00:00,13.6810494658,13.6993152194,13.425328915,13.5988535745,319072,,15.553878265608931,,,,14.920646050837282,13.526494666814804,"rgba(239, 83, 80, 1.0)",0.0,0.0,0.9169299920061431,14.750635159679504,-1.1664856676128215,48.479899604085304,-1.018775021296463,True,False,False,False,True,0.0,15.48906661803,0.0,0.0,0.0,0.0,0,0.8169395465303125,0.9486501833596157,False,False,False,False,-0.19231940370366848,-0.2153181272691405,False,False,False,False,64390304,63999281.62407272,False,False,False,False,630842.0630262841,False,False,False,False
2023-01-12 00:00:00+00:00,13.7632453571,13.8819727557,13.7358467267,13.8819727557,227437,,15.551084758346922,,,,14.918322854067435,13.538573697015277,"rgba(239, 83, 80, 1.0)",0.0,0.0,0.9117380543424566,14.752994064474011,-1.0855625721225546,51.123647150473026,-4.074586844993014,True,False,False,False,True,0.0,15.4817411147795,0.0,0.0,0.0,0.0,0,0.8412546451205878,0.9358232202842801,False,False,False,False,-0.1426416816219287,-0.1789799044455346,False,False,False,False,64617741,64023534.932932615,False,False,False,False,615022.2566330965,False,False,False,False
2023-01-13 00:00:00+00:00,13.9915672774,13.9915672774,13.7723782339,13.8819727557,198015,,15.54883206453873,,,,14.916531597644129,13.550946892882385,"rgba(239, 83, 80, 1.0)",0.0,0.0,0.9087183070398519,14.755742654802388,-0.840937583717982,54.37937499040164,-1.0139582002971892,True,False,True,False,True,0.0,15.473063001265999,0.0,0.0,0.0,0.0,0,0.8330187895497144,0.9522144665269744,False,False,False,False,-0.12806628691079874,-0.1535230956781667,False,False,False,False,64815756,64054602.425758794,False,False,False,False,598669.030882779,False,False,False,False
2023-01-17 00:00:00+00:00,14.0372316615,14.1742248137,13.8363083716,14.0920289224,303859,,15.545593147976884,,,,14.914062404927074,13.57108888769778,"rgba(239, 83, 80, 1.0)",0.0,0.0,0.9090778842701838,14.760388689191354,-0.7954841276024561,56.838092370263425,1.2541953231838718,True,False,True,False,True,0.0,15.463071328302501,0.0,0.0,0.0,0.0,0,0.8335369532317005,0.9527710455814963,False,False,False,False,-0.10358925269603164,-0.12855617418709916,False,False,False,False,65119615,64096367.62474865,False,False,False,False,587107.8532011014,False,False,False,False
2023-01-18 00:00:00+00:00,13.8454412484,14.2290220746,13.818042618,14.1376933064,289988,,15.542410676624879,,,,14.911583463154876,13.586111199388522,"rgba(239, 83, 80, 1.0)",0.0,0.0,0.9102963353504132,14.763227164788379,-1.0082276295609633,56.569397133288774,1.2541953231838718,True,False,True,False,True,0.0,15.4537532835485,0.0,0.0,0.0,0.0,0,0.835122983813143,0.942018187219932,False,False,False,False,-0.09997421811933575,-0.11426519615321745,False,False,False,False,64829627,64125122.894366354,False,False,False,False,575456.0942520386,False,False,False,False
2023-01-19 00:00:00+00:00,14.0646302919,14.1285604296,13.8911056325,13.9550357702,203096,,15.540279393982496,,,,14.909971635481236,13.597001994689812,"rgba(38, 166, 154, 1.0)",0.0,0.0,0.9085838617474787,14.765365720094124,-0.771239131241446,57.91967685242351,2.3789996970311122,True,False,True,False,True,0.0,15.444170700449499,0.0,0.0,0.0,0.0,0,0.8288866538341221,0.9666398732129756,False,False,False,False,-0.10268524475161832,-0.10847522045241789,False,False,False,False,65032723,64160715.0553716,False,False,False,False,560853.7376147038,False,False,False,False
2023-01-20 00:00:00+00:00,14.2016234441,14.2381549514,13.9824344006,14.2381549514,209349,,15.53825193765342,,,,14.908527753670521,13.609839793840557,"rgba(38, 166, 154, 1.0)",0.0,0.0,0.9086617109560705,14.768195576943212,-0.623523722868303,59.69856669047353,4.193305665048129,True,False,True,False,True,0.0,15.4328695621515,0.0,0.0,0.0,0.0,0,0.8252531916761563,0.968577042678135,False,False,False,False,-0.0485945250732183,-0.07853487276281809,False,False,False,False,65242072,64203121.210062906,False,False,False,False,547069.2381004018,False,False,False,False
2023-01-23 00:00:00+00:00,14.2472878282,14.35688235,14.2198891978,14.2929522123,370064,,15.535024494311998,,,,14.906431610133266,13.675865182390313,"rgba(38, 166, 154, 1.0)",1.0,14.254899,0.9064090060636177,14.749285145045969,-0.5538309013786826,61.177914753678074,5.726893175057867,True,False,True,False,True,0.0,15.423520024953,0.0,0.0,0.0,0.0,0,0.8577211331638593,0.9481570512306514,False,False,False,False,0.010424859815660308,-0.03405500647357889,False,False,False,False,65612136,64258376.69202122,False,False,False,False,540127.8562141117,False,False,False,False
2023-01-24 00:00:00+00:00,14.0372316615,14.2746864586,14.0007001543,14.2746864586,196604,,15.533085520385441,,,,14.905024623040287,13.677487045902883,"rgba(38, 166, 154, 1.0)",0.0,0.0,0.9009559269849867,14.747834973349791,-0.788721501869461,59.852749920173125,5.726893175057867,True,False,True,False,True,0.0,15.414344642127,0.0,0.0,0.0,0.0,0,0.8664159152365626,0.9302636987801183,False,False,False,False,-0.025183521736082615,-0.029619264104830755,False,False,False,False,65415532,64303755.3315498,False,False,False,False,526656.3324410092,False,False,False,False
2023-01-25 00:00:00+00:00,14.0280987847,14.1422597449,13.9185042629,14.0646302919,172370,,15.531301358307504,,,,14.90368060821758,13.678399380043514,"rgba(38, 166, 154, 1.0)",0.0,0.0,0.8918654204956682,14.746416521002535,-0.805410457446954,58.87122049556176,5.726893175057867,True,False,True,False,True,0.0,15.404488702588,0.0,0.0,0.0,0.0,0,0.8654701722402611,0.9330209859668153,False,False,False,False,-0.05057469974940024,-0.0400969819271155,False,False,False,False,65243162,64340594.80874393,False,False,False,False,512762.7507766559,False,False,False,False
2023-01-26 00:00:00+00:00,14.0783296072,14.2290220746,14.0007001543,14.1833576905,220321,,15.529137678446153,,,,14.902111802459633,13.68545655581601,"rgba(38, 166, 154, 1.0)",0.0,0.0,0.8722648869090507,14.746962730067429,-0.7665482503105104,58.6504121445962,5.726893175057867,True,False,True,False,False,0.0,15.3938408797635,0.0,0.0,0.0,0.0,0,0.8553271462619434,0.9533753045018827,False,False,False,False,0.009682275800712747,-0.015207353063201376,False,False,False,False,65463483,64384629.63977358,False,False,False,False,501294.4468246302,False,False,False,False
2023-01-27 00:00:00+00:00,13.8089097412,14.210756321,13.7632453571,14.2016234441,232246,,15.526584955381828,,,,14.900104070840412,13.685466681647513,"rgba(38, 166, 154, 1.0)",0.0,0.0,0.8593904210972515,14.744686568593796,-1.0888844050635507,55.57025380032292,10.577728000544901,True,False,True,False,False,0.0,15.383161091719499,0.0,0.0,0.0,0.0,0,0.8660461310583206,0.9447046538781647,False,False,False,False,-0.016506269091502965,-0.01585681107735217,False,False,False,False,65231237,64417829.92840991,False,False,False,False,490743.5273413114,False,False,False,False
2023-01-30 00:00:00+00:00,13.571454944,13.8819727557,13.5440563136,13.6993152194,213485,,15.523862570493483,,,,14.897770909290388,13.677313016916532,"rgba(38, 166, 154, 1.0)",0.0,0.0,0.855502240278966,14.739454818210262,-1.3652797377005075,51.411668516843946,6.605323103926075,True,False,False,False,False,0.0,15.3685730625645,0.0,0.0,0.0,0.0,0,0.8569416941001675,0.9586213752581245,False,False,False,False,-0.06149750982660775,-0.03867716045197996,False,False,False,False,65017752,64441356.28415854,False,False,False,False,479870.64391616196,False,False,False,False
2023-01-31 00:00:00+00:00,13.7997768644,13.8226090564,13.5440563136,13.5440563136,286427,,15.520332844939293,,,,14.894796865921549,13.672202659056666,"rgba(38, 166, 154, 1.0)",0.0,0.0,0.8518285474076382,14.734763932465299,-1.0976235428018186,50.89825927606031,6.119721718886119,True,False,False,False,False,0.0,15.3531312671205,0.0,0.0,0.0,0.0,0,0.8670094818960602,0.944511165451103,False,False,False,False,-0.020475685632506714,-0.02957642304224334,False,False,False,False,65304179,64475192.46909351,False,False,False,False,472284.6186645478,False,False,False,False
2023-02-01 00:00:00+00:00,13.4801261759,13.8271754948,13.3689790651,13.7815111107,341286,,15.51576458178336,,,,14.890781780359296,13.66090139733814,"rgba(38, 166, 154, 1.0)",0.0,0.0,0.8450872826509811,14.727205915931204,-1.4756815841781452,47.97966984620402,3.31861846237247,True,False,False,True,False,0.0,15.335547024809,0.0,0.0,0.0,0.0,0,0.8875142338669343,0.9386583098708703,False,False,False,False,-0.04519003695118391,-0.037383229996713625,False,False,False,False,64962893,64494317.980109446,False,False,False,False,467147.4179326048,False,False,False,False
2023-02-02 00:00:00+00:00,13.3613987773,13.52579056,13.2518042556,13.4161960382,306653,,15.511304023387444,,,,14.886712363093606,13.646265766676612,"rgba(38, 166, 154, 1.0)",0.0,0.0,0.846697840571211,14.718709598243816,-1.6030639927321986,45.19743230449644,0.7015175412904497,False,False,False,True,False,0.0,15.31705169934,0.0,0.0,0.0,0.0,0,0.905077457551884,0.9341704241640684,False,False,False,False,-0.12523061705481311,-0.08130692352576337,False,False,False,False,64656240,64500667.86324241,False,False,False,False,460853.5191901497,False,False,False,False
2023-02-03 00:00:00+00:00,12.9778179512,13.6627837122,12.9504193208,13.379664531,321328,,15.506251145017032,,,,14.881957668732033,13.62668134623221,"rgba(239, 83, 80, 1.0)",0.0,0.0,0.8539252959807309,14.708174424489295,-2.0263557965008925,41.035128701934475,-3.1521404755345372,False,True,False,True,False,0.0,15.3001757270025,0.0,0.0,0.0,0.0,0,0.9136716753517298,0.9277564387064314,False,False,False,False,-0.1570516313672069,-0.11917927744648513,True,False,False,False,64334912,64494167.63331134,False,False,False,False,455381.93020230066,False,False,False,False
2023-02-06 00:00:00+00:00,13.1878741179,13.1924405563,12.8499576758,13.0782795961,256497,,15.502024332333155,,,,14.877911944223898,13.534746951099184,"rgba(239, 83, 80, 1.0)",0.0,0.0,0.8597428293039437,14.575489068399573,-1.6139883965336472,40.39553160802889,-3.6855653443676246,False,True,False,True,False,0.0,15.2838511915255,0.0,0.0,0.0,0.0,0,0.8635243047164798,0.9735006014199842,True,False,False,False,-0.2704912670014778,-0.19483527222398145,False,False,False,False,64591409,64497981.02024031,False,False,False,False,447582.5211747595,False,False,False,False
2023-02-07 00:00:00+00:00,13.5531891904,13.5623220672,13.2426713788,13.2426713788,333483,,15.49739932699015,,,,14.873771282197772,13.555095658271426,"rgba(239, 83, 80, 1.0)",0.0,0.0,0.8586022725590736,14.58071911500243,-1.1967472687206677,43.09572352669894,-3.6855653443676246,False,False,False,True,False,0.0,15.2684008929175,0.0,0.0,0.0,0.0,0,0.9027534838764688,0.9446070672922314,False,False,False,False,-0.11995325423173395,-0.1573942632278577,False,False,False,False,64924892,64514722.62728971,False,False,False,False,443108.03014829836,False,False,False,False
2023-02-08 00:00:00+00:00,13.7175809731,13.7312802883,13.5166576832,13.6810494658,264678,,15.494105374830482,,,,14.870967765518056,13.570064706292042,"rgba(239, 83, 80, 1.0)",0.0,0.0,0.8554334699120726,14.584443304010815,-1.0133603154432533,46.11231257945339,-3.6855653443676246,False,False,False,True,True,0.0,15.256085375279,0.0,0.0,0.0,0.0,0,0.9193468938614442,0.935490286515912,False,False,False,False,-0.03534823291745568,-0.09637124807265669,False,False,False,False,65189570,64541187.230141096,False,False,False,False,436110.7740640514,False,False,False,False
2023-02-09 00:00:00+00:00,13.571454944,13.6627837122,13.4435946687,13.5897206977,250696,,15.490834143587108,,,,14.868115709769363,13.573046314560305,"rgba(239, 83, 80, 1.0)",0.0,0.0,0.8520414544424909,14.583491515559567,-1.187778559696682,46.99715283685231,-9.255880195215987,False,False,False,True,True,0.0,15.244218313248998,0.0,0.0,0.0,0.0,0,0.932866531519654,0.9262937139450902,False,False,False,False,-0.06227450122824912,-0.0793228746504529,False,False,False,False,64938874,64556782.78974341,False,False,False,False,428839.60645369644,False,False,False,False
2023-02-10 00:00:00+00:00,13.9276371397,13.9276371397,13.7267138499,13.7632453571,235572,,15.488248378345833,,,,14.866061515867825,13.58740891502689,"rgba(239, 83, 80, 1.0)",0.0,0.0,0.8473575674035014,14.587290873925818,-0.7784833222734403,50.11476035630351,-6.240540198062078,True,False,False,False,True,0.0,15.232907726991002,0.0,0.0,0.0,0.0,0,0.9143808328444817,0.9290325150604327,False,False,False,False,0.04180675415806172,-0.01875806024619559,False,False,False,False,65174446,64581004.87642014,False,False,False,False,421260.48463198286,False,False,False,False
2023-02-13 00:00:00+00:00,13.8545741252,14.0098330311,13.7906439876,13.7997768644,158652,,15.486537535194767,,,,14.864716178374211,13.628910732243966,"rgba(239, 83, 80, 1.0)",0.0,0.0,0.8421614884404006,14.500149977410919,-0.7665701425108644,51.58612012933165,-4.786276725649259,True,False,False,False,True,0.0,15.221367874016998,0.0,0.0,0.0,0.0,0,0.9022042458598097,0.9455480439020983,False,False,False,False,0.06962176357699025,0.02543185166539733,False,False,False,False,65015794,64598055.43028602,False,False,False,False,410962.1126856306,False,False,False,False
2023-02-14 00:00:00+00:00,13.8728398789,13.9185042629,13.6353850817,13.6901823426,333554,,15.482782128714511,,,,14.861680909717276,13.633007146201749,"rgba(239, 83, 80, 1.0)",0.0,0.0,0.8271757775778412,14.499314745545613,-0.7573660685278684,52.70054879061529,-3.599578526705983,True,False,True,False,True,0.0,15.20901236077,0.0,0.0,0.0,0.0,0,0.8856186344455811,0.9775328374853796,False,False,False,False,0.07452672523658094,0.04997928845098913,False,False,False,False,65349348,64627517.884000294,False,False,False,False,407926.50042344903,False,False,False,False
2023-02-15 00:00:00+00:00,13.8271754948,13.8819727557,13.5897206977,13.7632453571,288217,,15.479468396140224,,,,14.858966608400937,13.635601222347988,"rgba(239, 83, 80, 1.0)",0.0,0.0,0.8077086133714961,14.498209052665041,-0.8307866806867971,53.010430019798605,-3.0903300177653747,True,False,True,False,True,0.0,15.197471563,0.0,0.0,0.0,0.0,0,0.8960975690906203,0.9674630801825373,False,False,False,False,0.07706080706589483,0.06352004775844197,False,False,False,False,65061131,64644522.31992185,False,False,False,False,403232.0102107647,False,False,False,False
2023-02-16 00:00:00+00:00,13.6901823426,13.8500076868,13.6901823426,13.8454412484,114136,,15.478142226223126,,,,14.857873057447568,13.636227625514252,"rgba(239, 83, 80, 1.0)",0.0,0.0,0.7919608282511635,14.497610116500066,-1.019529937715553,51.92270963015191,-3.0903300177653747,True,False,False,False,True,0.0,15.183976014810998,0.0,0.0,0.0,0.0,0,0.9261370755200926,0.9701048129201141,False,False,False,False,0.09286211951142997,0.07819108363493597,False,False,False,False,64946995,64656383.99365041,False,False,False,False,391894.9117711269,False,False,False,False
2023-02-17 00:00:00+00:00,13.4435946687,13.4983919295,13.291806256,13.3157343933,237188,,15.474866235152993,,,,14.854932002109676,13.619537526994927,"rgba(239, 83, 80, 1.0)",0.0,0.0,0.7834556370195226,14.488964916491662,-1.3343068814573016,49.11843413805142,-3.0903300177653747,True,False,False,False,False,0.0,15.170426614006498,0.0,0.0,0.0,0.0,0,0.9510319117033424,0.9262013495764826,False,False,False,False,-0.07933736821199051,-0.0005731422885272702,False,False,False,False,64709807,64658479.013507254,False,False,False,False,385827.97405461216,False,False,False,False
2023-02-21 00:00:00+00:00,13.4161960382,13.6079864513,13.379664531,13.4983919295,174981,,15.472522287021006,,,,14.85285483935358,13.612170312102435,"rgba(239, 83, 80, 1.0)",0.0,0.0,0.7659924825642832,14.484597059667312,-1.3947930897319862,47.03001733948959,-3.0903300177653747,False,False,False,True,False,0.0,15.1534750595,0.0,0.0,0.0,0.0,0,0.9716909059199599,0.8981994126013958,False,False,False,False,-0.0339626053801887,-0.017267873834357985,False,False,False,False,64534826,64653629.87572266,False,False,False,False,377559.4652681568,False,False,False,False
2023-02-22 00:00:00+00:00,13.133076857,13.4070631614,13.1193775418,13.3522659005,152122,,15.47023732477722,,,,14.850731468750999,13.552731181197405,"rgba(239, 83, 80, 1.0)",0.0,0.0,0.7454421735381589,14.35623135813567,-1.640844245946136,43.54598959749104,-0.5939085691915338,False,True,False,True,False,0.0,15.1349718607315,0.0,0.0,0.0,0.0,1,0.964641402001393,0.8934112028953104,False,False,False,False,-0.14049575385759655,-0.07888181384597727,False,False,False,False,64382704,64643005.331576675,False,False,False,False,368718.78035568004,False,False,False,False
2023-02-23 00:00:00+00:00,13.3887974078,13.4161960382,13.2518042556,13.3066015165,228122,,15.467020598774837,,,,14.84781530866054,13.55189812881242,"rgba(239, 83, 80, 1.0)",0.0,0.0,0.7255937916084372,14.353994518971962,-1.3302168821378582,43.90842803977181,-0.5939085691915338,False,True,False,True,False,0.0,15.11606933499,0.0,0.0,0.0,0.0,1,0.9666551327877914,0.8763030749187881,False,False,False,False,-0.16091820211424862,-0.11990000798011294,False,False,False,False,64610826,64641743.397005044,False,False,False,False,363205.1811260455,False,False,False,False
2023-02-24 00:00:00+00:00,13.4801261759,13.4892590527,13.1422097338,13.3248672701,200949,,15.464219524730257,,,,14.845287155983437,13.547493484682759,"rgba(239, 83, 80, 1.0)",0.0,0.0,0.6727114079130938,14.35057879856025,-1.2939465756357456,45.02717606748237,-0.5939085691915338,False,False,False,True,False,0.0,15.102657242269501,0.0,0.0,0.0,0.0,1,0.949849741597999,0.8819598409470516,False,False,False,False,-0.17054723569062943,-0.14522362183537119,False,False,False,False,64811775,64648411.303004846,False,False,False,False,356842.19363090646,False,False,False,False
2023-02-27 00:00:00+00:00,13.2974686397,13.4161960382,13.2152727483,13.4161960382,139440,,15.462223837673625,,,,14.843465714180569,13.541146759308527,"rgba(239, 83, 80, 1.0)",0.0,0.0,0.6194159587458252,14.34685648882149,-1.6941569462405517,44.28164781321517,-0.5939085691915338,False,True,False,True,False,0.0,15.090236538854999,0.0,0.0,0.0,0.0,1,0.9346529700337539,0.8958232043179977,False,False,False,False,-0.17054723569062943,-0.15788542876300032,False,False,False,False,64672335,64649349.48720074,False,False,False,False,348316.6174100866,False,False,False,False
2023-02-28 00:00:00+00:00,13.4161960382,13.5623220672,13.402496723,13.5623220672,116612,,15.460674343603158,,,,14.842095107031728,13.54161471510981,"rgba(239, 83, 80, 1.0)",0.0,0.0,0.5816476533062701,14.346137574403254,-1.5988056186888582,44.99349312627055,-0.5939085691915338,False,True,False,True,False,0.0,15.0750082635275,0.0,0.0,0.0,0.0,0,0.9353549232515209,0.8891539130809013,False,False,False,False,-0.08361259695885377,-0.12074901286092704,False,False,False,False,64788947,64654823.89946738,False,False,False,False,339230.1618253773,False,False,False,False
2023-03-01 00:00:00+00:00,13.5897206977,13.5988535745,13.3705316542,13.4709932991,304094,,15.456764504203099,,,,14.838686670907338,13.545549539373049,"rgba(239, 83, 80, 1.0)",0.0,0.0,0.5625207792033675,14.345443360234288,-1.3434573272200347,47.11998336959477,-0.5939085691915338,False,False,False,False,True,0.0,15.059785971908,0.0,0.0,0.0,0.0,1,0.9455348796144718,0.8815468360461022,False,False,False,False,-0.08243334917966634,-0.10159118102029668,False,False,False,False,65093041,64672008.88380199,False,False,False,False,337852.2731263429,False,False,False,False
2023-03-02 00:00:00+00:00,13.6536508354,13.7267138499,13.5805878209,13.6810494658,285349,,15.453362686427951,,,,14.835827464898824,13.555543015727167,"rgba(239, 83, 80, 1.0)",0.0,0.0,0.5375333905925948,14.347506308312665,-1.290813715121465,49.12324149767831,-0.5939085691915338,False,False,False,False,True,0.0,15.043341449606501,0.0,0.0,0.0,0.0,1,0.9781273180747425,0.859087429878889,False,False,False,False,-0.00059462064580221,-0.051092900833049446,False,False,False,False,65378390,64699710.10404505,False,False,False,False,335793.3212390354,False,False,False,False
2023-03-03 00:00:00+00:00,13.9276371397,13.964168647,13.4709932991,13.4709932991,320286,,15.44984267520059,,,,14.832996355358938,13.572024487421238,"rgba(239, 83, 80, 1.0)",0.0,0.0,0.48970450714224667,14.352148350251776,-0.8668721736483144,52.732436701610936,-2.505355903016607,True,False,True,False,True,0.0,15.027087773072502,0.0,0.0,0.0,0.0,1,0.9639971900182223,0.8521835850594922,False,False,False,False,0.03271433967843184,-0.009189280577308803,False,False,False,False,65698676,64738885.23721975,False,False,False,False,335185.19099436735,False,False,False,False
2023-03-06 00:00:00+00:00,14.0646302919,14.0737631688,13.818042618,13.8454412484,236742,,15.447558973286325,,,,14.831307777914443,13.651521599505736,"rgba(38, 166, 154, 1.0)",0.0,0.0,0.46782455659983374,14.274703220482007,-0.44904211550762546,56.12791603826389,0.6711872650908148,True,False,True,False,True,0.3528877970612996,15.013605137094999,0.0,0.0,0.0,0.0,0,0.9879425949802563,0.8497235619356367,False,False,False,False,0.15279975942751517,0.07180523942510318,False,False,False,False,65935418,64785808.090662114,False,False,False,False,331324.6737004706,False,True,False,False
2023-03-07 00:00:00+00:00,13.5897206977,14.0189659079,13.5440563136,14.0007001543,340819,,15.44368367180136,,,,14.8281224401449,13.638406255047265,"rgba(38, 166, 154, 1.0)",0.0,0.0,0.4288069414872944,14.26766464967763,-1.5810004139070533,53.77043718095875,0.6711872650908148,True,False,True,False,True,0.0,14.9996072806815,0.0,0.0,0.0,0.0,1,0.9522624696197487,0.8695174169737405,False,False,False,False,0.06609605185619388,0.06895064564064854,False,False,False,False,65594599,64817525.38122439,False,False,False,False,331697.0002220208,False,False,False,False
2023-03-08 00:00:00+00:00,13.4435946687,13.5805878209,13.3851442571,13.4527275455,238303,,15.440596805237085,,,,14.825411464683725,13.620491930893294,"rgba(38, 166, 154, 1.0)",0.0,0.0,0.3988309400529053,14.258834830152228,-2.0440745177495163,51.063964056862574,0.6711872650908148,True,False,False,False,False,0.0,14.983790407273,0.0,0.0,0.0,0.0,1,0.9463388999254357,0.901027677222269,False,False,False,False,-0.08978646386679105,-0.010417909113071257,False,False,False,False,65356296,64838653.64078422,False,False,False,False,328034.4904093925,False,False,False,False
2023-03-09 00:00:00+00:00,13.2700700092,13.671916589,13.2609371324,13.5988535745,171938,,15.438298047102494,,,,14.82336324964717,13.608608561228309,"rgba(38, 166, 154, 1.0)",0.0,0.0,0.38793926162542064,14.252802466580558,-2.5332121664175555,47.99482661892368,4.089263296679043,False,True,False,False,False,0.0,14.9661535720735,0.0,0.0,0.0,0.0,1,0.9286795528639437,0.9187820214324343,False,False,False,False,-0.09842472709576729,-0.054421318104419275,False,False,False,False,65184358,64852210.67447896,False,False,False,False,321913.05941294576,False,False,False,False
2023-03-10 00:00:00+00:00,13.4527275455,13.5166576832,13.2700700092,13.2700700092,795712,,15.427789936336708,,,,14.8140410117255,13.577017005874417,"rgba(38, 166, 154, 1.0)",0.0,0.0,0.3813902218358453,14.23437709585215,-2.049474542345714,47.65027424875414,3.767706387576446,False,True,False,False,False,0.0,14.948840481678499,0.0,0.0,0.0,0.0,1,0.9206672091117405,0.9410089503675881,False,False,False,False,-0.13701315256956434,-0.09571723533699181,False,False,False,False,65980070,64896440.45195038,False,False,False,False,340493.41002420284,False,False,False,False
2023-03-13 00:00:00+00:00,13.1148111034,13.379664531,12.8956220599,12.941286444,442167,,15.421183725934664,,,,14.807877642193336,13.544615188021915,"rgba(38, 166, 154, 1.0)",0.0,0.0,0.37937120136666186,14.217368442697843,-2.906275793539277,45.04780054014239,1.2281458876782168,False,True,False,True,False,0.0,14.929475013456502,0.0,0.0,0.0,0.0,1,0.907121627795601,0.9385573845514297,False,False,False,False,-0.27616430644862483,-0.1859407708928083,False,False,False,False,65537903,64921595.845991544,False,False,False,False,344480.6096310968,False,False,False,False
2023-03-14 00:00:00+00:00,12.7129645236,13.1148111034,12.5896706867,12.8682234294,444620,,15.413644443514373,,,,14.800536581746732,13.496528825859054,"rgba(239, 83, 80, 1.0)",0.0,0.0,0.3803381345471579,14.19310085782945,-3.8916327335720475,41.115199220774485,-2.5047251864561915,False,True,False,True,False,0.0,14.907556118910502,0.0,0.0,0.0,0.0,0,0.8978732955539517,0.9475338084352027,False,False,False,False,-0.34282825441539394,-0.2643845126541011,False,False,False,False,65093283,64928328.675560504,False,False,False,False,348407.6445475244,False,False,False,False
2023-03-15 00:00:00+00:00,12.1649919149,12.3659152047,11.7814110887,12.2015234221,1082329,,15.390582390452712,,,,14.776681467533487,13.147047280300704,"rgba(239, 83, 80, 1.0)",0.0,0.0,0.4127604772740873,13.930889017594861,-4.278261122181628,36.2895334404913,-6.966774914547223,False,True,False,True,False,0.0,14.8808566359775,0.0,0.0,0.0,0.0,0,0.8546740624534875,0.9901721637081659,True,False,False,False,-0.34282825441539394,-0.30360638353474756,False,False,False,False,64010954,64892353.19808754,False,False,False,False,377188.8741731117,False,False,False,False
2023-03-16 00:00:00+00:00,12.1923905453,12.3659152047,11.7996768423,11.9275371177,1133779,,15.366876549052721,,,,14.752280642767202,13.023039620972186,"rgba(239, 83, 80, 1.0)",0.0,0.0,0.441177525973439,13.861299841798271,-3.7828520226996942,33.336977417776566,-9.608098222595657,False,True,False,True,False,0.0,14.8535232055115,0.0,0.0,0.0,0.0,0,0.8668064343619083,0.9900037283473831,False,False,False,False,-0.3397770621891342,-0.3216917228619409,False,False,False,False,65144733,64902250.445221364,False,False,False,False,406859.0751859309,False,False,False,False
2023-03-17 00:00:00+00:00,11.964068625,12.1832576685,11.8270754728,12.0919289003,850292,,15.348631156045105,,,,14.733398496922264,12.936366756046795,"rgba(239, 83, 80, 1.0)",0.0,0.0,0.4764014446257949,13.811215131035542,-3.87728989253264,30.543619336618853,-12.148512755128294,False,True,False,True,False,0.0,14.825138864348,0.0,0.0,0.0,0.0,0,0.8851415133020175,0.9822665044291378,False,False,False,False,-0.34282825441539394,-0.33225998863866746,False,False,False,False,64294441,64878414.78070288,True,False,False,False,424248.6016492277,False,False,False,False
2023-03-20 00:00:00+00:00,12.1649919149,12.1741247917,11.8544741032,11.9914672554,815686,,15.331689649924574,,,,14.716002222560954,12.874871739999078,"rgba(239, 83, 80, 1.0)",0.0,0.0,0.4980653053298759,13.77275893554183,-3.228024524970642,30.6905413923798,-12.148512755128294,False,True,False,True,False,0.0,14.7973963440175,0.0,0.0,0.0,0.0,0,0.8859981825076584,0.986668045209968,False,False,False,False,-0.3398685090899745,-0.33606424886432096,False,False,False,False,65110127,64887501.534400806,False,False,False,False,439599.08785906195,False,False,False,False
2023-03-21 00:00:00+00:00,12.402446712,12.402446712,12.1923905453,12.2745864366,848948,,15.315672602068952,,,,14.699940964285654,12.84349553515016,"rgba(239, 83, 80, 1.0)",0.0,0.0,0.50397719090808,13.748093213729266,-2.670054371517575,32.963502260065276,-12.148512755128294,False,True,False,True,False,0.0,14.7690271195895,0.0,0.0,0.0,0.0,0,0.8987826637466572,0.9795382743390149,False,False,False,False,-0.25063981501520144,-0.2933520319397612,False,False,False,False,65959075,64929524.02324783,False,False,False,False,455651.9863743929,False,False,False,False
2023-03-22 00:00:00+00:00,12.4481110961,12.6399015091,12.3293836975,12.4481110961,477673,,15.30715488501979,,,,14.691527594911532,12.833653594234523,"rgba(239, 83, 80, 1.0)",0.0,0.0,0.5043845377596395,13.738038546182764,-2.557428615501035,34.887240092374036,-12.148512755128294,False,True,False,True,True,0.0,14.7388908411905,0.0,0.0,0.0,0.0,0,0.9025094881726164,0.9854450785167247,False,False,False,False,-0.19379001030492518,-0.2435710211223432,False,False,False,False,66436748,64988630.84586556,False,False,False,False,456515.5555361814,False,False,False,False
2023-03-23 00:00:00+00:00,12.3476494511,12.7129645236,12.3293836975,12.5211741106,481566,,15.298591753890864,,,,14.683075103392246,12.823626945693801,"rgba(239, 83, 80, 1.0)",0.0,0.0,0.5109716307331631,13.72791270964673,-2.701252233056993,35.58482610794313,-12.148512755128294,False,True,False,True,True,0.0,14.709023195252,0.0,0.0,0.0,0.0,0,0.9056393410607614,0.9752541211457558,False,False,False,False,-0.18285095858560663,-0.2132109898539749,False,False,False,False,65955182,65026534.81269437,False,False,False,False,457497.92590731155,False,False,False,False
2023-03-24 00:00:00+00:00,12.3567823279,12.3933138352,12.1467261612,12.155859038,290920,,15.293145105614567,,,,14.677623981296867,12.813544571753525,"rgba(239, 83, 80, 1.0)",0.0,0.0,0.5232288738936081,13.71983500365082,-2.6050792373281366,36.144616403254155,-12.148512755128294,False,True,False,True,True,0.0,14.677341886162,0.0,0.0,0.0,0.0,0,0.889509730278652,1.015079317205155,False,False,False,False,-0.25908553441386495,-0.23614826213391993,False,False,False,False,66246102,65074360.97690244,False,False,False,False,450965.4582246719,False,False,False,False
2023-03-27 00:00:00+00:00,12.9138878135,12.9595521976,12.5303069874,12.5942371251,340733,,15.287856921875521,,,,14.672612639857215,12.816794971904212,"rgba(239, 83, 80, 1.0)",0.0,0.0,0.5258967823717957,13.717840540644811,-1.528727221944546,41.375727533766266,-15.434727234805429,False,True,False,True,True,0.0,14.646314680252498,0.0,0.0,0.0,0.0,0,0.8894356129809443,0.9970551858102287,False,False,False,False,-0.11668673502452033,-0.17641749857922012,False,False,False,False,66586835,65133673.68369058,False,False,False,False,446642.61672566517,False,False,False,False
2023-03-28 00:00:00+00:00,12.9960837048,13.0965453498,12.7860275381,12.8316919222,357679,,15.282681696470881,,,,14.667823357803366,12.82438707045878,"rgba(239, 83, 80, 1.0)",0.0,0.0,0.5256295178672161,13.717910917102065,-1.373262322159792,45.44640875155745,-11.553775756842299,False,True,False,True,True,0.0,14.616560093389001,0.0,0.0,0.0,0.0,0,0.9032871705005254,0.99600360207484,False,False,False,False,-0.05947002170281923,-0.11794376014101968,False,False,False,False,66944514,65204687.0294282,False,False,False,False,443153.84744230576,False,False,False,False
2023-03-29 00:00:00+00:00,12.9321535671,13.2152727483,12.9047549367,13.1148111034,268615,,15.278906623654226,,,,14.664365392211426,12.830860699474698,"rgba(239, 83, 80, 1.0)",0.0,0.0,0.5238382742032415,13.71841572967038,-1.5009635631651481,47.62169417968907,-9.497071308480024,False,False,False,False,True,0.0,14.587574242687,0.0,0.0,0.0,0.0,0,0.9063345590830983,0.9997331468864967,False,False,False,False,-0.025085273857101135,-0.0715145169990604,False,False,False,False,66675899,65262381.616509445,False,False,False,False,436309.1867582938,False,False,False,False
2023-03-30 00:00:00+00:00,13.1193775418,13.1513426106,12.9230206903,12.9504193208,248922,,15.27549228654789,,,,14.661265290587993,12.837405026599711,"rgba(239, 83, 80, 1.0)",0.0,0.0,0.5210803114300273,13.719208356825357,-1.1511293016986384,50.48901440330339,-6.753298853668696,True,False,False,False,True,0.0,14.559479162406,0.0,0.0,0.0,0.0,0,0.9074818335332866,1.0067433065902187,False,False,False,False,-0.031690617737962765,-0.051602567368511584,False,False,False,False,66924821,65327575.3178228,False,False,False,False,428960.66963051766,False,False,False,False
2023-03-31 00:00:00+00:00,13.3066015165,13.3248672701,13.1056782266,13.233538502,273421,,15.272060291404488,,,,14.658258629133776,12.847961098269213,"rgba(38, 166, 154, 1.0)",0.0,0.0,0.5201358482751676,13.721834665255326,-0.798316728470625,53.695341590824675,-3.69878729186037,True,False,True,False,True,0.0,14.534179529533999,0.0,0.0,0.0,0.0,0,0.916336797194425,0.9932311324504225,False,False,False,False,0.019802572739815595,-0.015899997314347995,False,False,False,False,67198242,65400934.795555234,False,False,False,False,422861.0747430464,False,False,False,False
2023-04-03 00:00:00+00:00,13.8819727557,13.9733015238,13.7997768644,13.8545741252,483362,,15.267926649517866,,,,14.65536603443713,12.887946642834553,"rgba(38, 166, 154, 1.0)",0.0,0.0,0.5230889323804766,13.737479894435356,0.2762300104632001,58.90116080074894,1.1731786016774635,True,False,True,False,True,1.768355047135497,14.513207935324502,0.0,0.0,0.0,0.0,0,0.9246705327062994,0.9886345014233441,False,False,False,False,0.21719189161254884,0.10064594714910043,False,False,False,False,67681604,65490372.80357268,False,False,False,False,425233.6600472407,False,False,False,False
2023-04-04 00:00:00+00:00,13.8728398789,14.0509309767,13.7815111107,14.0463645383,629413,,15.26264551252185,,,,14.651712870336212,13.022512173094825,"rgba(38, 166, 154, 1.0)",0.0,0.0,0.5259264385924017,13.756272451542895,0.22164207539953498,62.27899689742411,4.252351948335544,True,False,True,False,True,1.7041501754308044,14.4914650854975,0.0,0.0,0.0,0.0,0,0.9115109311610292,0.9921226348264557,False,False,False,False,0.26767068450960535,0.18415831582935288,False,False,False,False,67052191,65551620.57598159,False,False,False,False,433240.69298656454,False,False,False,False
2023-04-05 00:00:00+00:00,13.8819727557,13.9459028934,13.7723782339,13.8911056325,306360,,15.260023972841703,,,,14.649865106649866,13.040881308056644,"rgba(38, 166, 154, 1.0)",0.0,0.0,0.528299977406843,13.764330904610736,0.22268002294209457,64.57624720813476,6.37372240533869,True,False,True,False,True,1.7666485297300731,14.4739400496455,0.0,0.0,0.0,0.0,0,0.9231455902519808,0.9933973874760689,False,False,False,False,0.2554127825459218,0.21978554918763735,False,False,False,False,67358551,65622480.592609756,False,False,False,False,428264.979536111,False,False,False,False
2023-04-06 00:00:00+00:00,13.8728398789,13.9185042629,13.818042618,13.9093713861,330649,,15.257211775213575,,,,14.647888298470018,13.060558042449134,"rgba(38, 166, 154, 1.0)",0.0,0.0,0.5287939369339647,13.772611274050211,0.18954189495993748,65.99682632569235,7.781629053658378,True,False,True,False,True,1.6999128648030215,14.4556437581765,0.0,0.0,0.0,0.0,0,0.9300416558162207,0.9872319371874851,False,False,False,False,0.25846273462250824,0.2391241419050728,False,False,False,False,67027902,65677595.15760545,False,False,False,False,424436.9019072439,False,False,False,False
2023-04-10 00:00:00+00:00,13.8089097412,13.9824344006,13.7815111107,13.8728398789,196782,,15.255528879525937,,,,14.646698234484743,13.07156215100003,"rgba(38, 166, 154, 1.0)",0.0,0.0,0.5298655360367869,13.777249872513147,0.05975076039792745,66.12425660490969,8.11783974130445,True,False,True,False,True,1.2265830852791169,14.440292976568498,0.0,0.0,0.0,0.0,0,0.9230027335399035,0.9885436593195825,False,False,False,False,0.3040592890791216,0.2715917154920972,False,False,False,False,66831120,65722831.42593465,False,False,False,False,415509.25869519514,False,False,False,False
2023-04-11 00:00:00+00:00,14.0189659079,14.0646302919,13.7997768644,13.7997768644,411434,,15.252282870697847,,,,14.64454645032738,13.099122978111907,"rgba(38, 166, 154, 1.0)",0.0,0.0,0.5335492613937867,13.7879039081857,0.4330659161830677,67.4906095596304,9.737716812974085,True,False,True,False,True,2.722055720520018,14.4285773945625,0.0,0.0,0.0,0.0,0,0.9372539303929175,0.9824957316583718,False,False,False,False,0.3376090024647661,0.30460035897843163,False,False,False,False,67242554,65782428.389623486,False,False,False,False,415349.4446287169,False,False,False,False
2023-04-12 00:00:00+00:00,14.2746864586,14.3020850891,14.1285604296,14.1376933064,463905,,15.249414886295446,,,,14.64310259096495,13.141487592807216,"rgba(38, 166, 154, 1.0)",0.0,0.0,0.5421383543153168,13.803267312991483,0.8695550533477495,69.71947014400017,12.172255561712475,True,False,True,False,True,4.497420891852162,14.4163264372265,0.0,0.0,0.0,0.0,0,0.962986777914959,0.950018641700826,False,False,False,False,0.3428282209038449,0.32371428994113827,False,False,False,False,67706459,65857880.57042257,False,False,False,False,417253.5840550417,False,True,False,False
2023-04-13 00:00:00+00:00,14.1924905673,14.3340501579,14.1696583753,14.2838193355,418825,,15.246831725297247,,,,14.641798096532414,13.29907239092947,"rgba(38, 166, 154, 1.0)",0.0,0.0,0.5487198912274868,13.758681340351757,0.7905841101874618,70.09659162596085,12.870427161607076,True,False,True,False,True,3.8620774960233035,14.4020319201595,0.0,0.0,0.0,0.0,0,0.9651831421256352,0.9442386260463476,False,False,False,False,0.34282822144874825,0.33327125569494326,False,False,False,False,67287634,65913949.33236678,False,False,False,False,417315.208209746,False,False,False,False
2023-04-14 00:00:00+00:00,14.256420705,14.3020850891,14.1194275528,14.256420705,222625,,15.245455780816727,,,,14.641097807778236,13.314276098952888,"rgba(38, 166, 154, 1.0)",0.0,0.0,0.5556777281594248,13.765241765908268,0.8839277052162364,70.7070114112926,13.85365689295844,True,False,True,False,True,4.310451211327674,14.385925629533501,0.0,0.0,0.0,0.0,0,0.9721629185632206,0.9455205141573567,False,False,False,False,0.3293390961613149,0.3313051759281291,False,False,False,False,67510259,65976549.711489655,False,False,False,False,409680.29808387364,False,False,False,False
2023-04-17 00:00:00+00:00,14.0554974151,14.2153227594,13.987000839,14.1924905673,444727,,15.242342160647496,,,,14.639236369802207,13.330543462907315,"rgba(38, 166, 154, 1.0)",0.0,0.0,0.558498258416378,13.773176974185635,0.5054992323787806,68.3982574024795,13.85365689295844,True,False,True,False,True,2.739086607821875,14.370810098349,0.0,0.0,0.0,0.0,0,0.9687417013502113,0.9300146056548554,False,False,False,False,0.2939122729045646,0.31260872441634685,False,False,False,False,67065532,66019254.89927438,False,False,False,False,411054.6785511727,False,False,False,False
2023-04-18 00:00:00+00:00,14.0280987847,14.1559590601,13.9367700166,14.0828960456,276744,,15.24033687103646,,,,14.637989244725158,13.340115550663835,"rgba(38, 166, 154, 1.0)",0.0,0.0,0.561784078673449,13.777941877813394,0.445290132602735,66.50390772181882,13.85365689295844,True,False,True,False,False,2.5253579183075203,14.358233191685,0.0,0.0,0.0,0.0,0,0.9834618367795797,0.9401204434599495,False,False,False,False,0.2764692143349805,0.2945389693756637,False,False,False,False,66788788,66049432.66793028,False,False,False,False,405787.59311779344,False,False,False,False
2023-04-19 00:00:00+00:00,13.7541124803,13.8911056325,13.6810494658,13.8271754948,503509,,15.23590411503873,,,,14.63473394115007,13.339901171326849,"rgba(38, 166, 154, 1.0)",0.0,0.0,0.5625395761561672,13.779639584569205,-0.045378325990202896,61.99568632605144,18.445027135915538,True,False,True,False,False,0.40979913037759275,14.3431979666495,0.0,0.0,0.0,0.0,0,0.9709239347548312,0.9187580529376451,False,False,False,False,0.19562869614375147,0.24508383275970758,False,False,False,False,66285279,66058681.54369773,False,False,False,False,409619.8051523898,False,False,False,False
2023-04-20 00:00:00+00:00,13.4527275455,13.5897206977,13.4435946687,13.5166576832,360296,,15.232143468076778,,,,14.63166526720745,13.330182949558253,"rgba(38, 166, 154, 1.0)",0.0,0.0,0.5605033483673988,13.776808420685096,-0.5781961448206511,56.197548968543636,12.990233717971172,True,False,True,False,False,0.0,14.334183825984502,0.0,0.0,0.0,0.0,0,0.9358908312649779,0.9473388970982064,False,False,False,False,0.11452242638917484,0.17980312957444122,False,False,False,False,65924983,66053438.46355273,False,False,False,False,407685.53828366863,False,False,False,False
2023-04-21 00:00:00+00:00,13.6353850817,13.6627837122,13.52579056,13.6353850817,276481,,15.229455099243271,,,,14.629553953968639,13.328923180161194,"rgba(38, 166, 154, 1.0)",0.0,0.0,0.5608004907492843,13.776927917762142,-0.25239427995689967,54.09325305817538,11.111043404013003,True,False,False,False,False,0.0,14.327080660946,0.0,0.0,0.0,0.0,0,0.9192680301590871,0.9487552389986886,False,False,False,False,0.13769288684521166,0.15874800820982643,False,False,False,False,66201464,66059243.386550665,False,False,False,False,402540.26227254444,False,False,False,False
2023-04-24 00:00:00+00:00,13.818042618,13.8774063173,13.6079864513,13.6353850817,208149,,15.227635941249883,,,,14.628217969190441,13.332460916392487,"rgba(38, 166, 154, 1.0)",0.0,0.0,0.5598064497000307,13.778764365017576,0.07016398793452784,54.27648318470791,11.111043404013003,True,False,True,False,False,0.9195577775802981,14.318079117560501,0.0,0.0,0.0,0.0,0,0.9324177271933295,0.9344222861240071,False,False,False,False,0.18242382178705177,0.17058591499843911,False,False,False,False,66409613,66072983.37139182,False,False,False,False,394917.0755167584,False,False,False,False
2023-04-25 00:00:00+00:00,13.4618604223,13.6810494658,13.4298953534,13.671916589,566191,,15.221888716100002,,,,14.623582065299413,13.32852984172705,"rgba(38, 166, 154, 1.0)",0.0,0.0,0.5580258025494543,13.777943822860303,-0.5664315146651152,51.31675719795599,8.347342567528017,False,False,False,False,False,0.0,14.305074540045,0.0,0.0,0.0,0.0,0,0.9048310393919445,0.956559513477556,False,False,False,False,0.12609082140445527,0.1483383682014472,False,False,False,False,65843422,66063980.964670576,False,False,False,False,401633.7000062973,False,False,False,False
2023-04-26 00:00:00+00:00,13.0691467193,13.5075248064,13.0371816505,13.3979302846,587593,,15.214849736870795,,,,14.617424886939181,13.30990371220474,"rgba(239, 83, 80, 1.0)",0.0,0.0,0.5587096707048509,13.770424356184984,-1.2551736145899763,46.7670166625839,4.006551050115995,False,True,False,True,False,0.0,14.2902877918225,0.0,0.0,0.0,0.0,0,0.87816681863019,0.9729884863557104,False,False,False,False,0.04228125846473706,0.09530981333309213,False,False,False,False,65255829,66032288.73076193,False,False,False,False,408926.2215746778,False,False,False,False
2023-04-27 00:00:00+00:00,13.133076857,13.2152727483,13.0234823353,13.1513426106,289034,,15.211267061684243,,,,14.614243941185274,13.30041424461823,"rgba(239, 83, 80, 1.0)",0.0,0.0,0.5600509928592488,13.76633399122,-1.130713349845178,44.34861965609579,1.7336924347649472,False,True,False,True,False,0.0,14.281081230729502,0.0,0.0,0.0,0.0,0,0.8862491652909097,0.9852859616900569,False,False,False,False,-0.002682947839177497,0.04631343274695732,False,False,False,False,65544863,66013173.99622225,False,False,False,False,404224.56582665123,False,False,False,False
2023-04-28 00:00:00+00:00,13.4709932991,13.4709932991,13.0782795961,13.1239439802,345437,,15.20744304633237,,,,14.6110087888007,13.296770348569837,"rgba(239, 83, 80, 1.0)",0.0,0.0,0.5596891191061085,13.764593813159516,-0.5245778487322248,45.695871350870505,1.7336924347649472,False,True,False,True,False,0.0,14.273020058422,0.0,0.0,0.0,0.0,0,0.8931395597561242,0.9673794445658188,False,False,False,False,0.04295320909144304,0.04463332091920018,False,False,False,False,65890300,66008355.40813511,False,False,False,False,401919.17108835117,False,False,False,False
2023-05-01 00:00:00+00:00,13.279202886,13.3522659005,13.1148111034,13.233538502,529147,,15.201330549101828,,,,14.605731018600245,13.28858047127849,"rgba(239, 83, 80, 1.0)",0.0,0.0,0.5597682729706882,13.760529241983363,-0.8598671615112549,45.239971547081524,1.7336924347649472,False,True,False,True,False,0.0,14.264544127473998,0.0,0.0,0.0,0.0,0,0.8833022139482453,0.9658242198036053,False,False,False,False,0.030863438410941274,0.037748379665070726,False,False,False,False,65361153,65982974.92154158,False,False,False,False,406908.4977123374,False,False,False,False
2023-05-02 00:00:00+00:00,12.6307686323,13.0782795961,12.6216357555,13.0782795961,600908,,15.192768840102506,,,,14.597719885574252,13.25998084278579,"rgba(239, 83, 80, 1.0)",0.0,0.0,0.5673999671446218,13.746856877352304,-1.9670220473732052,41.420494310556066,-1.3427861702033113,False,True,False,True,False,0.0,14.25200973512,0.0,0.0,0.0,0.0,0,0.8602877619403979,0.9611576125735621,False,False,False,False,-0.08201266046595604,-0.022132140400442656,False,False,False,False,64760245,65935024.72853995,False,False,False,False,414516.3213314614,False,False,False,False
2023-05-03 00:00:00+00:00,12.155859038,12.3887473968,12.1467261612,12.3111179439,649012,,15.181513105358242,,,,14.58657276184803,13.208628142768069,"rgba(239, 83, 80, 1.0)",0.0,0.0,0.5839708323414403,13.722001667668945,-2.681885023930856,37.06295692792904,-5.534651524673535,False,True,False,True,False,0.0,14.2341984298615,0.0,0.0,0.0,0.0,0,0.8423945255885626,0.9946117786653577,False,False,False,False,-0.2584720736317364,-0.14030210701608953,False,False,False,False,64111233,65863503.484283485,True,False,False,False,423712.2302988551,True,False,False,False
2023-05-04 00:00:00+00:00,12.2106562989,12.3659152047,12.0645302699,12.1923905453,673108,,15.169863757187748,,,,14.575040763674588,13.038506598883771,"rgba(239, 83, 80, 1.0)",0.0,0.0,0.5969264425800602,13.546914322295809,-2.2385639637945656,34.635773969480766,-7.850141204458822,False,True,False,True,False,0.0,14.2154140009755,0.0,0.0,0.0,0.0,0,0.8534798535033812,0.9846477052516656,True,False,False,False,-0.27502317143335425,-0.2076626392247219,False,False,False,False,64784341,65821183.3868606,False,False,False,False,433492.45656164514,False,False,False,False
2023-05-05 00:00:00+00:00,12.6307686323,12.6855658932,12.548572741,12.5668384946,335767,,15.164884011351408,,,,14.570316608026458,13.043634773219479,"rgba(239, 83, 80, 1.0)",0.0,0.0,0.6017323153709093,13.546768363115381,-1.5222711285677857,36.3967036613763,-7.850141204458822,False,True,False,True,False,0.0,14.198979555743001,0.0,0.0,0.0,0.0,0,0.86284222863833,0.975231703437055,False,False,False,False,-0.15138997003053256,-0.17952630462762723,False,False,False,False,65120108,65793690.2344347,False,False,False,False,429660.0857160904,False,False,False,False
2023-05-08 00:00:00+00:00,12.8773563063,12.9686850744,12.8225590454,12.9321535671,586379,,15.157145133841786,,,,14.563247679328565,13.058357512138167,"rgba(239, 83, 80, 1.0)",0.0,0.0,0.5997712692592798,13.549676742325426,-1.1209613905910252,39.27822492381879,-7.850141204458822,False,True,False,True,True,0.0,14.18572807532,0.0,0.0,0.0,0.0,0,0.8739607759800748,0.9677574078184911,False,False,False,False,-0.06852168625996126,-0.12402399544379425,False,False,False,False,65706487,65790270.499750994,False,False,False,False,435805.92549193,False,False,False,False
2023-05-09 00:00:00+00:00,13.0143494585,13.0600138425,12.6673001396,12.7951604149,543977,,15.15008939108445,,,,14.556837527441202,13.036956102122119,"rgba(239, 83, 80, 1.0)",0.0,0.0,0.5936880474114922,13.548489793907432,-0.8996986510614612,42.106507000603884,-7.850141204458822,False,True,False,True,True,0.0,14.173796452987,0.0,0.0,0.0,0.0,0,0.8653724079831389,0.9621773169883913,False,False,False,False,-0.07796246191454816,-0.10099322867917121,False,False,False,False,66250464,65808317.30368233,False,False,False,False,440047.9284138151,False,False,False,False
2023-05-10 00:00:00+00:00,12.9230206903,13.0052165816,12.7768946613,13.0052165816,362590,,15.145385482778781,,,,14.552560954556501,13.036464678079806,"rgba(239, 83, 80, 1.0)",0.0,0.0,0.5870141694356358,13.546494707297004,-1.062110677151834,43.43407299062427,-14.128356509474315,False,True,False,True,True,0.0,14.159730257086,0.0,0.0,0.0,0.0,0,0.8662180777941313,0.9793366536093626,False,False,False,False,-0.06986958306124172,-0.08543140587020646,False,False,False,False,65887874,65811437.17412616,False,False,False,False,437010.3625936655,False,False,False,False
2023-05-11 00:00:00+00:00,12.7038316468,12.7677617845,12.5851042482,12.69469877,468395,,15.138755431185727,,,,14.546350019245308,13.016839929778925,"rgba(239, 83, 80, 1.0)",0.0,0.0,0.5862997978131833,13.538946240686087,-1.4243815143736174,43.01810512436204,-14.128356509474315,False,True,False,True,True,0.0,14.145475105009,0.0,0.0,0.0,0.0,0,0.8499526166266204,0.9863114667926138,False,False,False,False,-0.13359402069904114,-0.10951271328462381,False,False,False,False,65419479,65796066.2653369,False,False,False,False,438241.1326880316,False,False,False,False
2023-05-12 00:00:00+00:00,12.4572439729,12.7494960309,12.4459192056,12.69469877,391560,,15.132937553814878,,,,14.540816038724461,12.931091090430554,"rgba(239, 83, 80, 1.0)",0.0,0.0,0.5893779522099947,13.530650890256585,-1.8212539395673395,41.406918973921144,-14.128356509474315,False,True,False,True,True,0.0,14.1269939507255,0.0,0.0,0.0,0.0,0,0.8313506970658928,0.9947825361179692,False,False,False,False,-0.15721428991946299,-0.1333635016020434,False,False,False,False,65027919,65765942.84316683,False,False,False,False,436410.500033599,False,False,False,False
2023-05-15 00:00:00+00:00,12.6673001396,12.7403631541,12.5303069874,12.5851042482,598420,,15.124422114438723,,,,14.532818909885924,12.922913430257617,"rgba(239, 83, 80, 1.0)",0.0,0.0,0.5872783224812239,13.520868369828907,-1.4534305074000018,42.01476026963245,-14.128356509474315,False,True,False,True,True,0.0,14.110107270700498,0.0,0.0,0.0,0.0,0,0.836294121393132,1.004752751325528,False,False,False,False,-0.14590466387638468,-0.13963408273921404,False,False,False,False,65626339,65760468.182650484,False,False,False,False,442763.81375777157,False,False,False,False
2023-05-16 00:00:00+00:00,12.5668384946,12.7494960309,12.548572741,12.6581672627,468168,,15.117735626972348,,,,14.52652919322672,12.912061399619558,"rgba(239, 83, 80, 1.0)",0.0,0.0,0.5901997318605519,13.513099452743386,-1.6032893731760647,41.82664403953352,-14.128356509474315,False,True,False,True,True,0.0,14.091811293409,0.0,0.0,0.0,0.0,0,0.8167023373263949,1.0105952406318914,False,False,False,False,-0.14179641577783458,-0.1407152492585243,False,False,False,False,65158171,65736848.68529164,False,False,False,False,443760.056355506,False,False,False,False
2023-05-17 00:00:00+00:00,12.986950828,13.0508809657,12.6855658932,12.8316919222,431653,,15.112305392144105,,,,14.521632302393664,12.908995081152938,"rgba(239, 83, 80, 1.0)",0.0,0.0,0.590185879391372,13.510512639711811,-0.8871134162879897,44.80913955609951,-11.43104901898009,False,True,False,True,True,0.0,14.078200796552998,0.0,0.0,0.0,0.0,0,0.8359559151552599,0.985666050846484,False,False,False,False,-0.07661296930745026,-0.10866410928298728,False,False,False,False,65589824,65731083.01135864,False,False,False,False,443285.26983176067,False,False,False,False
2023-05-18 00:00:00+00:00,12.8864891831,12.9504193208,12.7951604149,12.9321535671,326621,,15.108157675504803,,,,14.517877067672586,12.911925906082764,"rgba(239, 83, 80, 1.0)",0.0,0.0,0.5886164590368885,13.508145149084758,-1.0561307901616093,46.117025032219345,-9.92252686563976,False,False,False,True,True,0.0,14.063226351883,0.0,0.0,0.0,0.0,0,0.849859741593432,0.9644041142567997,False,False,False,False,-0.07526375514278126,-0.09196393221288426,False,False,False,False,65263203,65712734.77561908,False,False,False,False,438710.2004265936,False,False,False,False
2023-05-19 00:00:00+00:00,12.840824799,13.0143494585,12.7220974004,13.0052165816,767069,,15.098397773590968,,,,14.509027540702872,12.91441616752293,"rgba(239, 83, 80, 1.0)",0.0,0.0,0.590043643592318,13.502054596879773,-1.1206455743749024,46.66883949891539,-9.1096005814914,False,False,False,False,True,0.0,14.050200358991999,0.0,0.0,0.0,0.0,0,0.8518114313962409,0.9657614859593778,False,False,False,False,-0.07661296930745026,-0.08428845076016726,False,False,False,False,64496134,65665024.94128108,False,False,False,False,451587.016096139,False,False,False,False
2023-05-22 00:00:00+00:00,12.8316919222,12.9138878135,12.7403631541,12.7860275381,333019,,15.094129637740862,,,,14.505144545086175,12.913279075105745,"rgba(239, 83, 80, 1.0)",0.0,0.0,0.5919028398770015,13.499093430162645,-1.1275524680728568,46.96797756611232,-8.49355081109659,False,False,False,False,True,0.0,14.0393054754165,0.0,0.0,0.0,0.0,0,0.8517117620678031,0.9623906643006155,False,False,False,False,-0.0887690284050565,-0.08652873958261188,False,False,False,False,64163115,65606126.51221124,False,False,False,False,446937.28997472173,False,False,False,False
2023-05-23 00:00:00+00:00,13.0143494585,13.1148111034,12.9595521976,12.9686850744,304831,,15.090582070452315,,,,14.50203001323703,12.922401991815923,"rgba(239, 83, 80, 1.0)",0.0,0.0,0.5916937373049996,13.498287979427655,-0.8178868397895511,48.68324512107387,-6.549435525794166,False,False,False,False,True,0.0,14.0293692289745,0.0,0.0,0.0,0.0,0,0.8815010594043945,0.9437539590801499,False,False,False,False,-0.026835721899202438,-0.05668223074090716,False,False,False,False,64467946,65561491.98232061,False,False,False,False,441364.49428943853,False,False,False,False
2023-05-24 00:00:00+00:00,13.1787412411,13.2700700092,13.0326152121,13.2152727483,556951,,15.084541454604448,,,,14.496876226343616,12.967625776265212,"rgba(239, 83, 80, 1.0)",0.0,0.0,0.5917070083972373,13.41233982271556,-0.3947875862554214,51.08891657526331,-4.0399624176374545,False,False,False,False,True,0.0,14.018123517198001,0.0,0.0,0.0,0.0,0,0.90148412091763,0.9161921254056052,False,False,False,False,0.00670740266947545,-0.024987414035715857,False,False,False,False,65024897,65540449.04183745,False,False,False,False,445897.29843495076,False,False,False,False
2023-05-25 00:00:00+00:00,12.8773563063,13.0052165816,12.7129645236,12.9595521976,1074362,,15.071223186395011,,,,14.484873364334291,12.93872974263685,"rgba(239, 83, 80, 1.0)",0.0,0.0,0.592125054182158,13.394782636722315,-0.8738463720927735,50.13001429826647,-4.0399624176374545,False,False,False,False,True,0.0,14.0054162301995,0.0,0.0,0.0,0.0,0,0.9154643179533539,0.8943303974448193,False,False,False,False,-0.07931223798180344,-0.05214982600875965,False,False,False,False,63950535,65478099.471569315,False,False,False,False,470542.97300612915,False,False,False,False
2023-05-26 00:00:00+00:00,13.0326152121,13.0654935686,12.9595521976,13.0234823353,282495,,15.067990430565352,,,,14.482043944688243,12.943346879616636,"rgba(239, 83, 80, 1.0)",0.0,0.0,0.5899041759251568,13.394343758317698,-0.6131988227586166,50.73882995660743,-4.0399624176374545,False,False,False,False,True,0.0,13.9925782486885,0.0,0.0,0.0,0.0,0,0.9227772122710334,0.8826447634877397,False,False,False,False,-0.03408637921318529,-0.04311810261097247,False,False,False,False,64233030,65429273.21778229,False,False,False,False,463168.5426921633,False,False,False,False
2023-05-30 00:00:00+00:00,12.5668384946,12.69469877,12.4662855209,12.6764330164,387566,,15.062615797097001,,,,14.477008953039638,12.922124197139604,"rgba(239, 83, 80, 1.0)",0.0,0.0,0.5934121852978884,13.385227909346437,-1.3791247214372768,47.808581079141256,-4.0399624176374545,False,False,False,False,False,0.0,13.975416007699,0.0,0.0,0.0,0.0,0,0.9035377018022731,0.8752418632991276,False,False,False,False,-0.16445992053066302,-0.10378901157081774,False,False,False,False,63845464,65367163.05237906,False,False,False,False,460203.73709639226,False,False,False,False
2023-05-31 00:00:00+00:00,12.2106562989,12.5211741106,12.2106562989,12.4115795888,501793,,15.05496250123166,,,,14.46963714046847,12.805584404231924,"rgba(239, 83, 80, 1.0)",0.0,0.0,0.5986573591459529,13.369241554989909,-1.9353061286054372,43.9053154771524,-1.1162621356244955,False,True,False,True,False,0.0,13.957742640389002,0.0,0.0,0.0,0.0,1,0.8830207162968062,0.8830207162968059,False,False,False,False,-0.2889476274017577,-0.19636831948628775,False,False,False,False,63343671,65287810.422873996,False,False,False,False,461834.6885828083,False,False,False,False
2023-06-01 00:00:00+00:00,12.6216357555,12.7586289077,12.256320683,12.256320683,406541,,15.04931395129636,,,,14.464338550757795,12.804149199819381,"rgba(239, 83, 80, 1.0)",0.0,0.0,0.5971558225583998,13.36166381131746,-1.239254525974395,44.50608620159407,-1.1162621356244955,False,True,False,True,False,0.0,13.944210245157501,0.0,0.0,0.0,0.0,1,0.8660525051686152,0.8813123463562457,False,False,False,False,-0.23978375261963478,-0.21807603605296128,False,False,False,False,63750212,65227512.445506394,False,False,False,False,459666.30863838445,False,False,False,False
2023-06-02 00:00:00+00:00,12.9047549367,12.9686850744,12.7860275381,12.9047549367,776379,,15.04005655030509,,,,14.45608410904551,12.837085013212356,"rgba(239, 83, 80, 1.0)",0.0,0.0,0.5923331164720271,13.35838916568567,-0.765843098031635,46.75781474417155,-1.1162621356244955,False,False,False,True,True,0.0,13.933816725011003,0.0,0.0,0.0,0.0,1,0.8804522513987373,0.8765049200761236,False,False,False,False,-0.11594277002551065,-0.16700940303923595,False,False,False,False,64526591,65200025.32999634,False,False,False,False,472086.4141819772,False,False,False,False
2023-06-05 00:00:00+00:00,12.8864891831,13.1513426106,12.8864891831,13.1513426106,445400,,15.03499762102316,,,,14.451651665416762,12.835495495782695,"rgba(239, 83, 80, 1.0)",0.0,0.0,0.5880250638362805,13.357758148280288,-0.8014436699444837,48.13581920439307,-1.1162621356244955,False,False,False,False,True,0.0,13.922470236507001,0.0,0.0,0.0,0.0,1,0.8858181611746332,0.8687760956757101,False,False,False,False,-0.06966405906464518,-0.11833673105194056,False,False,False,False,64081191,65156149.47391805,False,False,False,False,471039.8881356252,False,False,False,False
2023-06-06 00:00:00+00:00,12.8499576758,12.9595521976,12.69469877,12.7220974004,464391,,15.029392575155379,,,,14.44662285559279,12.830031217309216,"rgba(239, 83, 80, 1.0)",0.0,0.0,0.5856040850576172,13.35469256938581,-0.8619046664200581,48.78971418972883,-1.1162621356244955,False,False,False,False,True,0.0,13.908628268410501,0.0,0.0,0.0,0.0,1,0.885380316069376,0.8609810764152411,False,False,False,False,-0.13247358146558397,-0.12540515625876225,False,False,False,False,63616800,65095782.82788205,False,False,False,False,470779.14742442424,False,False,False,False
2023-06-07 00:00:00+00:00,13.0326152121,13.1056782266,12.9230206903,12.9595521976,299887,,15.026093174972676,,,,14.443764237170546,12.842495212503383,"rgba(239, 83, 80, 1.0)",0.0,0.0,0.5846407139649588,13.354577174401792,-0.550700549262618,50.54070455706021,-4.461786048485955,False,False,False,False,True,0.0,13.895880985804002,0.0,0.0,0.0,0.0,1,0.8793748369080422,0.873575550222211,False,False,False,False,-0.07115122783762315,-0.0982781920481927,False,False,False,False,63916687,65049543.775808245,False,False,False,False,464077.49458425073,False,False,False,False
2023-06-08 00:00:00+00:00,12.7860275381,13.0737131577,12.4846426033,13.0508809657,1470664,,15.00815897519997,,,,14.42758349911425,12.827886744155073,"rgba(239, 83, 80, 1.0)",0.0,0.0,0.5850565007620404,13.342600691861085,-0.951315220044805,49.8153487650041,-4.461786048485955,False,False,False,False,True,0.0,13.8812658724985,0.0,0.0,0.0,0.0,1,0.8381628059551093,0.8863150696817269,False,False,False,False,-0.14832030371153748,-0.1232992478798651,False,False,False,False,62446023,64947444.92185498,False,False,False,False,503551.4751887899,False,False,False,False
2023-06-09 00:00:00+00:00,12.7038316468,12.941286444,12.6764330164,12.8316919222,407074,,15.00322859402423,,,,14.423139797582929,12.825307957814672,"rgba(239, 83, 80, 1.0)",0.0,0.0,0.5870770829416048,13.339341368425318,-1.0824979207858658,48.7337473177786,-4.461786048485955,False,False,False,False,True,0.0,13.8640176565845,0.0,0.0,0.0,0.0,1,0.8422721947772953,0.9017058605106664,False,False,False,False,-0.1385022075460164,-0.13090072771294076,False,False,False,False,62038949,64833386.25825283,False,False,False,False,499768.0447892295,False,False,False,False
2023-06-12 00:00:00+00:00,12.2106562989,12.3750480815,12.1467261612,12.3385165743,447811,,14.9965471420271,,,,14.416717721207059,12.70423080863172,"rgba(239, 83, 80, 1.0)",0.0,0.0,0.5954823644284589,13.228335448943849,-1.7089996460610755,44.959575365604884,-0.16946924246826,False,True,False,True,False,0.0,13.842988429821,0.0,0.0,0.0,0.0,1,0.8286530223935178,0.9143265111967589,False,False,False,False,-0.32631059213894875,-0.22860565992594475,False,False,False,False,61591138,64706239.26773311,False,False,False,False,497730.51362102444,True,False,False,False
2023-06-13 00:00:00+00:00,12.5851042482,12.6729625232,12.548572741,12.5668384946,577435,,14.989093906832863,,,,14.409848017150974,12.719259108868119,"rgba(239, 83, 80, 1.0)",0.0,0.0,0.5968102904710223,13.231820499055198,-1.083621145916884,45.3869277998908,-0.16946924246826,False,True,False,True,False,0.0,13.8254186736265,0.0,0.0,0.0,0.0,1,0.8239970868697427,0.9086219358278372,False,False,False,False,-0.20462696495551025,-0.2166163124407275,False,False,False,False,62168573,64606722.94350828,False,False,False,False,500856.1797535333,False,False,False,False
2023-06-14 00:00:00+00:00,12.5394398642,12.7860275381,12.4207124656,12.7403631541,574204,,14.981666056142021,,,,14.402992551707245,12.715658244901533,"rgba(239, 83, 80, 1.0)",0.0,0.0,0.5996970320242923,13.22763909108016,-1.1475781771957856,45.38552236941116,-0.16946924246826,False,True,False,True,False,0.0,13.808391536197501,0.0,0.0,0.0,0.0,1,0.8005023968013171,0.9117714825352903,False,False,False,False,-0.2071273300644892,-0.21187182125260834,False,False,False,False,61594369,64488591.41631188,False,False,False,False,503732.5648612378,False,False,False,False
2023-06-15 00:00:00+00:00,12.8499576758,12.9047549367,12.5942371251,12.6033700019,306776,,14.978047100377546,,,,14.39975278011051,12.722740159913885,"rgba(239, 83, 80, 1.0)",0.0,0.0,0.5989966572785537,13.228112623580355,-0.6313139534007437,47.60549282727986,-0.16946924246826,False,False,False,False,True,0.0,13.790150671249501,0.0,0.0,0.0,0.0,1,0.8100526824732837,0.906423012687245,False,False,False,False,-0.15816686989595258,-0.18501934557428046,False,False,False,False,61901145,64387122.929397695,False,False,False,False,496008.7780039344,False,False,False,False
2023-06-16 00:00:00+00:00,13.0052165816,13.0508809657,12.8225590454,12.8682234294,344021,,14.974328229984387,,,,14.396530149244693,12.73761379744343,"rgba(239, 83, 80, 1.0)",0.0,0.0,0.5959968314206682,13.23080971479665,-0.37851398078561477,50.090529131837314,-4.579938644328777,False,False,False,False,True,0.0,13.775769863572,0.0,0.0,0.0,0.0,1,0.8251641174635392,0.8914235761316798,False,False,False,False,-0.09648666131085397,-0.14075300344256722,False,False,False,False,62245166,64303124.618440926,False,False,False,False,490048.4729841723,False,False,False,False
2023-06-20 00:00:00+00:00,12.9230206903,12.9321535671,12.6764330164,12.8956220599,578492,,14.967748234590957,,,,14.390709846305844,12.74830404864328,"rgba(239, 83, 80, 1.0)",0.0,0.0,0.5922317716852158,13.230682744404143,-0.5194960297869211,51.098929407490544,-3.554473792239328,False,False,False,False,True,0.0,13.763517645754,0.0,0.0,0.0,0.0,1,0.8116388518415427,0.8940125317946415,False,False,False,False,-0.14001091162479878,-0.140381957533683,False,False,False,False,61666674,64199734.39810991,False,False,False,False,493516.84659263614,False,False,False,False
2023-06-21 00:00:00+00:00,13.1422097338,13.1513426106,12.8864891831,12.9138878135,314279,,14.964552577321733,,,,14.388005375857158,12.798784867077035,"rgba(239, 83, 80, 1.0)",0.0,0.0,0.5835067543445173,13.18129971611385,-0.06699148214275973,53.23843504588234,-1.452148690084755,True,False,True,False,True,0.0,13.7546288457575,0.0,0.0,0.0,0.0,1,0.8271306422105688,0.8851184647577239,False,False,False,False,-0.06966405906464518,-0.10502300829916408,False,False,False,False,61980953,64112723.362889916,False,False,False,False,486487.9114321406,False,False,False,False
2023-06-22 00:00:00+00:00,12.6855658932,12.8590905526,12.6307686323,12.8042932918,688663,,14.956362721273,,,,14.380632759815043,12.768602007595941,"rgba(239, 83, 80, 1.0)",0.0,0.0,0.5726146840884518,13.165431651251074,-0.8380255892581155,51.27013069337824,-1.452148690084755,False,False,False,False,True,0.0,13.742867283681,0.0,0.0,0.0,0.0,1,0.7999967654700048,0.8921815447261107,False,False,False,False,-0.1596843828253055,-0.1323536955622348,False,False,False,False,61292290,64002118.132972665,False,False,False,False,494416.3462779391,False,False,False,False
2023-06-23 00:00:00+00:00,12.7038316468,12.7083980852,12.402446712,12.4389782192,551469,,14.949496364280503,,,,14.374350445599227,12.73011353958027,"rgba(239, 83, 80, 1.0)",0.0,0.0,0.5700030590135499,13.155697327607658,-0.7927425540306045,50.09363752067384,-1.452148690084755,False,False,False,False,False,0.0,13.731106351468,0.0,0.0,0.0,0.0,1,0.7738859847248274,0.9141305108656679,False,False,False,False,-0.22339694833781182,-0.1778753219500233,False,False,False,False,61843759,63917476.59834629,False,False,False,False,496653.7052474317,False,False,False,False
2023-06-26 00:00:00+00:00,12.7586289077,12.8225590454,12.6307686323,12.6399015091,462159,,14.944096092267733,,,,14.369511154353537,12.737388027639902,"rgba(239, 83, 80, 1.0)",0.0,0.0,0.5685487641417238,13.152965695825378,-0.6935848127656469,49.742634696659984,-1.452148690084755,False,False,False,False,False,0.0,13.723746205698498,0.0,0.0,0.0,0.0,1,0.785269313690173,0.9094314877472333,False,False,False,False,-0.1622557523065253,-0.17006553712827432,False,False,False,False,62305918,63854278.22194056,False,False,False,False,495300.9717083167,False,False,False,False
2023-06-27 00:00:00+00:00,12.4937754801,12.7586289077,12.4663768497,12.7038316468,393612,,14.939176454891019,,,,14.36499927872271,12.725582170984959,"rgba(239, 83, 80, 1.0)",0.0,0.0,0.5707587363387765,13.147296380086587,-1.1450037614469146,47.59921042232,2.2403690314215936,False,False,False,False,False,0.0,13.7146082982705,0.0,0.0,0.0,0.0,1,0.7799697725713112,0.9118810982363107,False,False,False,False,-0.1933421652042991,-0.1817038511662867,False,False,False,False,61912306,63778122.448531136,False,False,False,False,491313.16889622586,False,False,False,False
2023-06-28 00:00:00+00:00,12.7312302773,12.8134261686,12.4298453424,12.5394398642,643351,,14.93146729612366,,,,14.358021760603844,12.721371877643723,"rgba(239, 83, 80, 1.0)",0.0,0.0,0.569047319063825,13.141662720899324,-0.7212624150036456,48.122133174816405,2.2403690314215936,False,False,False,False,False,0.0,13.703483203183,0.0,0.0,0.0,0.0,1,0.7893865685062404,0.9066298137416549,False,False,False,False,-0.1856190409022613,-0.183661446034274,False,False,False,False,62555657,63730182.62702011,False,False,False,False,497275.4367826484,False,False,False,False
2023-06-29 00:00:00+00:00,12.8042932918,12.9321535671,12.6764330164,12.7677617845,542152,,14.925426128231447,,,,14.352687615239851,12.730261896424715,"rgba(239, 83, 80, 1.0)",0.0,0.0,0.5692354087622227,13.140620517090502,-0.5908403098497165,49.0431296216001,2.2403690314215936,False,False,False,False,False,0.0,13.691408289058002,0.0,0.0,0.0,0.0,1,0.8070376978108919,0.8965044442282115,False,False,False,False,-0.08268795583504021,-0.1331747009346571,False,False,False,False,63097809,63705383.66125462,False,False,False,False,499035.3020068582,False,False,False,False
2023-06-30 00:00:00+00:00,12.8956220599,12.9778179512,12.8225590454,12.8590905526,440667,,14.92075837091551,,,,14.34864148607617,12.741490669800747,"rgba(239, 83, 80, 1.0)",0.0,0.0,0.5684547060055344,13.141276231901537,-0.43214379159198124,50.383811809335604,2.2403690314215936,True,False,False,False,True,0.0,13.680288862746,0.0,0.0,0.0,0.0,1,0.8302111798756331,0.8842227415466187,False,False,False,False,-0.034049045822817384,-0.08361187337873724,False,False,False,False,63538476,63698838.26277405,False,False,False,False,496746.34898698144,False,False,False,False
2023-07-03 00:00:00+00:00,12.8590905526,12.986950828,12.8225590454,12.8682234294,246588,,14.91814400678188,,,,14.346372968750659,12.74660733207385,"rgba(239, 83, 80, 1.0)",0.0,0.0,0.5605117943775053,13.14142858654443,-0.5037147064103982,50.93875963530982,2.2403690314215936,True,False,False,False,True,0.0,13.668079789856,0.0,0.0,0.0,0.0,1,0.841691073766631,0.8745934400290726,False,False,False,False,-0.03207379365320724,-0.05784283351597224,False,False,False,False,63291888,63682879.42893978,False,False,False,False,486936.2176541586,False,False,False,False
2023-07-05 00:00:00+00:00,13.0691467193,13.133076857,12.9595521976,13.0782795961,380734,,14.914446640681303,,,,14.343277858791666,12.761292130098742,"rgba(239, 83, 80, 1.0)",0.0,0.0,0.552640573195879,13.14390316252038,-0.13527136233966236,53.036066762746486,-1.119472481291993,True,False,True,False,True,0.0,13.659959411088998,0.0,0.0,0.0,0.0,1,0.8438986120287014,0.8691542582655657,False,False,False,False,0.0291113363788674,-0.01436574856855242,False,False,False,False,63672622,63682477.1768245,False,False,False,False,482771.4248049759,False,False,False,False
2023-07-06 00:00:00+00:00,13.0143494585,13.0463145273,12.7860275381,13.0417480889,613884,,14.90818111355299,,,,14.337914517645453,12.7742180558966,"rgba(239, 83, 80, 1.0)",0.0,0.0,0.5390107945939876,13.144971114488166,-0.24233588139279832,53.86047321002651,-0.221954211362835,True,False,True,False,True,0.0,13.651383648209498,0.0,0.0,0.0,0.0,1,0.8276482305894676,0.8856357417864177,False,False,False,False,0.015180015771243494,0.00040713360134553723,False,False,False,False,63058738,63658016.81694904,False,False,False,False,487913.09442046704,False,False,False,False
2023-07-07 00:00:00+00:00,13.279202886,13.3157343933,12.9778179512,12.9778179512,822072,,14.90088176701015,,,,14.332036805509608,12.808167542036255,"rgba(38, 166, 154, 1.0)",0.0,0.0,0.5304023087962569,13.152503845543645,0.23887347086383792,56.45469813110292,2.3202581603910346,True,False,True,False,True,1.0812417419336278,13.643950754659002,0.0,0.0,0.0,0.0,0,0.8570251538984388,0.8659105962942736,False,False,False,False,0.2557806033949008,0.12809386849812315,False,False,False,False,63880810,63666753.80451966,False,False,False,False,501017.36522750754,False,False,False,False
2023-07-10 00:00:00+00:00,13.233538502,13.3750980926,13.1696083643,13.2518042556,354975,,14.89787450773524,,,,14.329668591317715,12.823111767493966,"rgba(38, 166, 154, 1.0)",0.0,0.0,0.5256638742909444,13.156153507552805,0.14721383422358622,57.66060135825154,3.504395180767496,True,False,True,False,True,0.7361613412578834,13.6372418776825,0.0,0.0,0.0,0.0,1,0.8897684316656458,0.8498334217756481,False,False,False,False,0.3412327789492584,0.23466332372369078,False,False,False,False,63525835,63661227.576891445,False,False,False,False,495290.2136499582,False,False,False,False
2023-07-11 00:00:00+00:00,13.52579056,13.5349234368,13.3248672701,13.3522659005,381796,,14.895050433207293,,,,14.327612693157795,12.84494857576849,"rgba(38, 166, 154, 1.0)",0.0,0.0,0.5238169466577952,13.162265625096456,0.6939923139619846,60.48889588243347,6.197333244828158,True,False,True,False,True,2.8726308156983578,13.6324477555165,0.0,0.0,0.0,0.0,0,0.8951069854570229,0.8184753012279079,False,False,False,False,0.3428281934394956,0.2887457585815932,False,False,False,False,63907631,63670890.45622904,False,False,False,False,490839.4601734893,False,False,False,False
2023-07-12 00:00:00+00:00,13.6901823426,13.7084480962,13.5805878209,13.6445179585,434494,,14.892291918588608,,,,14.325816905314108,12.875200177299485,"rgba(38, 166, 154, 1.0)",0.0,0.0,0.5220573827336956,13.171430704742633,0.9936678514936068,63.345123134235905,8.840754090496326,True,False,True,False,True,4.044294772051586,13.628203495550999,0.0,0.0,0.0,0.0,0,0.9025850729734289,0.8233322509523097,False,False,False,False,0.34282820259562014,0.31578698058860666,False,False,False,False,64342125,63697213.37951418,False,False,False,False,488629.8342843329,False,False,False,False
2023-07-13 00:00:00+00:00,13.9367700166,13.9459028934,13.6536508354,13.6993152194,723142,,14.888415662748196,,,,14.32367676331388,13.053295568334242,"rgba(38, 166, 154, 1.0)",0.0,0.0,0.5244102233550995,13.189454574551837,1.425058873312861,66.53121057273967,11.738673378302074,True,False,True,False,True,5.765724558093119,13.629092226834,0.0,0.0,0.0,0.0,0,0.9116007447849728,0.808284115209268,False,False,False,False,0.3428282076730615,0.3293075941308341,False,False,False,False,65065267,63750862.541101865,False,False,False,False,497826.3898025943,False,False,False,False
2023-07-14 00:00:00+00:00,13.6262522049,13.8454412484,13.6262522049,13.8454412484,660780,,14.884405956057412,,,,14.321145329076522,13.078907430953233,"rgba(38, 166, 154, 1.0)",0.0,0.0,0.5274426504124834,13.201822202230389,0.8046941261532193,65.08599929046743,11.738673378302074,True,False,True,False,True,3.324058572440297,13.6306958416625,0.0,0.0,0.0,0.0,0,0.9407439177957667,0.8002223513976546,False,False,False,False,0.3132289288541867,0.3212682614925104,False,False,False,False,64404487,63776494.87282336,False,False,False,False,504216.7274573946,False,False,False,False
2023-07-17 00:00:00+00:00,13.4709932991,13.6216857665,13.4619517511,13.5166576832,276795,,14.882478895748791,,,,14.319783961795446,13.083306942914986,"rgba(38, 166, 154, 1.0)",0.0,0.0,0.528915592238494,13.205324713877246,0.5022891915482813,62.57293917114076,11.738673378302074,True,False,True,False,False,2.1343221547034013,13.6300719794955,0.0,0.0,0.0,0.0,0,0.9453125000157601,0.7818026897605793,False,False,False,False,0.2263426628429519,0.27380546216773116,False,False,False,False,64127692,63790267.30918323,False,False,False,False,495298.2283414184,False,False,False,False
2023-07-18 00:00:00+00:00,13.7267138499,13.7638846585,13.4983919295,13.52579056,524046,,14.879230935159976,,,,14.317682416044631,13.103514219789844,"rgba(38, 166, 154, 1.0)",0.0,0.0,0.5331346020061258,13.21372853135631,0.9622060106648177,62.585331189531395,11.738673378302074,True,False,True,False,False,3.948223029595546,13.627960403506002,0.0,0.0,0.0,0.0,0,0.9510377124940161,0.7695489133261223,False,False,False,False,0.2636155373387689,0.26871049975325,False,False,False,False,64651738,63824050.47352899,False,False,False,False,496425.59193587257,False,False,False,False
2023-07-19 00:00:00+00:00,13.7084480962,13.9276371397,13.6627837122,13.818042618,496479,,14.87642973215504,,,,14.316015966366152,13.127384808644846,"rgba(38, 166, 154, 1.0)",0.0,0.0,0.5373570476015986,13.222636963130094,0.9040751121405037,62.399834302744196,11.738673378302074,True,False,True,False,False,3.805237688899062,13.6260749449125,0.0,0.0,0.0,0.0,0,0.9515478421443693,0.7746682778490208,False,False,False,False,0.34063199871931304,0.3046712492362815,False,False,False,False,64155259,63837039.04319452,False,False,False,False,496427.6863697599,False,False,False,False
2023-07-20 00:00:00+00:00,13.7632453571,13.8545741252,13.5897206977,13.818042618,408856,,14.874070506529293,,,,14.314575590704116,13.144234871935744,"rgba(38, 166, 154, 1.0)",0.0,0.0,0.5419077272263426,13.229328118255282,0.9852548912293212,62.65242064924965,11.738673378302074,True,False,True,False,False,4.197784254192918,13.626043901028499,0.0,0.0,0.0,0.0,0,0.9413500055892475,0.7912060198373544,False,False,False,False,0.3059039439273894,0.30528759658183546,False,False,False,False,64564115,63865551.825814344,False,False,False,False,492993.5025905536,False,False,False,False
2023-07-21 00:00:00+00:00,13.9367700166,13.9915672774,13.7815111107,13.8454412484,180899,,14.873182869602896,,,,14.314124295035368,13.154347801593424,"rgba(38, 166, 154, 1.0)",0.0,0.0,0.5429575138214928,13.232989441895793,1.296198241646562,63.973138421306174,11.738673378302074,True,False,True,False,False,5.437142402262637,13.624030267378998,0.0,0.0,0.0,0.0,0,0.9620635080725268,0.7848289597711791,False,False,False,False,0.3428282088547496,0.32405790271829255,False,False,False,False,64745014,63900040.5385275,False,False,False,False,480754.50248896325,False,False,False,False
2023-07-24 00:00:00+00:00,14.256420705,14.3020850891,13.9915672774,14.0554974151,380128,,14.871860020818302,,,,14.313823479397504,13.184359462712187,"rgba(38, 166, 154, 1.0)",0.0,0.0,0.5516831332823473,13.243194438377921,1.836609106741563,66.63147251501954,11.99001616910774,True,False,True,False,True,7.653072873423643,13.621029968403,0.0,0.0,0.0,0.0,0,0.9659030117327617,0.7601453237207745,False,False,False,False,0.34282821514278006,0.3334430589305363,False,False,False,False,65125142,63948083.73309505,False,False,False,False,476808.36513645493,False,False,False,False
2023-07-25 00:00:00+00:00,14.3294837195,14.3888474188,14.1924905673,14.210756321,253816,,14.871133335920106,,,,14.313807811259233,13.205788092612865,"rgba(38, 166, 154, 1.0)",0.0,0.0,0.5620744277314557,13.25058738109808,1.9194901692225506,68.76478280805021,14.092678964040445,True,False,True,False,True,8.14975392562394,13.6167624042245,0.0,0.0,0.0,0.0,0,1.0000000000324811,0.7469638630059853,False,False,False,False,0.3428282179258785,0.3381356384282074,False,False,False,False,65378958,64004196.44944427,False,False,False,False,468063.5665036528,False,False,False,False
2023-07-26 00:00:00+00:00,14.256420705,14.3614487884,14.210756321,14.2381549514,370878,,14.870023732222514,,,,14.313723740546497,13.234259970739654,"rgba(38, 166, 154, 1.0)",0.0,0.0,0.5704070480349448,13.260854472067502,1.7453610300963656,69.19504766526595,14.595586094031546,True,False,True,False,True,7.528686622616281,13.611041138124001,0.0,0.0,0.0,0.0,0,1.010330838547806,0.7450248383616506,False,False,False,False,0.34116286090924375,0.33964924966872556,False,False,False,False,65008080,64043564.43181901,False,False,False,False,464252.36781723506,False,False,False,False
2023-07-27 00:00:00+00:00,14.402546734,14.5075748174,14.2746864586,14.3386165963,549432,,14.868714658092344,,,,14.313991863712571,13.278164359061902,"rgba(38, 166, 154, 1.0)",0.0,0.0,0.583543680663654,13.277078714308455,1.9286782754832834,70.30305637834552,15.789469591871665,True,False,True,False,True,8.541735990994905,13.603737680112499,0.0,0.0,0.0,0.0,0,1.0126104162322922,0.7378834917732708,False,False,False,False,0.34282821964671295,0.34123873465771926,False,False,False,False,65557512,64102934.92468885,False,False,False,False,467592.7455498925,False,False,False,False
2023-07-28 00:00:00+00:00,14.5578056398,14.5760713935,14.3112179659,14.3934138572,223042,,14.868282236974094,,,,14.314216331265266,13.296294466389403,"rgba(38, 166, 154, 1.0)",0.0,0.0,0.5973550819156046,13.283929603514249,2.132527327298651,71.84524944193048,17.38815924475476,True,False,True,False,True,9.60624799947633,13.598616349644498,0.0,0.0,0.0,0.0,0,1.013753595402489,0.7350937935486758,False,False,False,False,0.34282822048319783,0.34203347757045854,False,False,False,False,65780554,64168723.90803439,False,False,False,False,458002.5202342104,False,False,False,False
2023-07-31 00:00:00+00:00,14.7587289297,14.7769946834,14.649134408,14.6674001616,334724,,14.868047886118227,,,,14.315046384437847,13.532243583503265,"rgba(38, 166, 154, 1.0)",0.0,0.0,0.6118676974162622,13.295947546790092,2.3906824777428266,73.80104263531915,19.344011475628506,True,False,True,False,True,10.960798387445102,13.5966310598735,0.0,0.0,0.0,0.0,0,1.0292096952172232,0.7486749143526343,False,False,False,False,0.34282822421131615,0.3424308508908873,False,False,False,False,66115278,64245059.36262128,False,False,False,False,453168.06846031983,False,False,False,False
2023-08-01 00:00:00+00:00,14.7221974225,14.7495960529,14.5760713935,14.6582672848,310273,,14.867760606238686,,,,14.3157281414531,13.55422188987101,"rgba(38, 166, 154, 1.0)",0.0,0.0,0.6266099261410523,13.30648853499466,2.2593144928678632,74.54228448434068,20.14733058992097,True,False,True,False,True,10.631715886094565,13.595370101608001,0.0,0.0,0.0,0.0,0,1.0188760816028215,0.7454773517533936,False,False,False,False,0.3277309024343589,0.3350808766626231,False,False,False,False,65805005,64306233.70134201,False,False,False,False,447564.34028540534,False,False,False,False
2023-08-02 00:00:00+00:00,14.4299453645,14.6765330384,14.3112179659,14.6765330384,729803,,14.86632568694841,,,,14.316409387342413,13.582355223166111,"rgba(38, 166, 154, 1.0)",0.0,0.0,0.6309228613502996,13.32687131225804,1.7483501071448941,70.97011609622666,20.14733058992097,True,False,True,False,False,8.036709724752296,13.5909246038735,0.0,0.0,0.0,0.0,0,1.0030206187724362,0.7535175105307185,False,False,False,False,0.2779487725361082,0.30651482459936563,False,False,False,False,65075202,64336389.32089723,False,False,False,False,458632.523019311,False,False,False,False
2023-08-03 00:00:00+00:00,14.7404631761,14.7769946834,14.4847426253,14.4847426253,470504,,14.865861119659316,,,,14.317389539266875,13.616396161922008,"rgba(38, 166, 154, 1.0)",0.0,0.0,0.648368196049552,13.341529079300438,2.1576229453004325,70.49290574388468,20.14733058992097,True,False,True,False,False,10.166828767731857,13.5906619634175,0.0,0.0,0.0,0.0,0,1.0095562895576542,0.7395911102634918,False,False,False,False,0.3181984788764998,0.3123566517379327,False,False,False,False,65545706,64383813.50439146,False,False,False,False,459098.0711362008,False,False,False,False
2023-08-04 00:00:00+00:00,14.8683234515,14.9686937677,14.7130645457,14.7678618065,235770,,14.865842611538534,,,,14.31813383843598,13.637365616902375,"rgba(38, 166, 154, 1.0)",0.0,0.0,0.669826415675636,13.349658758888513,2.2672511221876057,70.8525796616295,20.14733058992097,True,False,True,False,False,11.02193725835129,13.591174672694502,0.0,0.0,0.0,0.0,0,1.0185486573497542,0.7421198123592602,False,False,False,False,0.34282822570764715,0.3275924387227899,False,False,False,False,65781476,64438623.7983369,False,False,False,False,450340.1075622322,False,False,False,False
2023-08-07 00:00:00+00:00,14.8865892051,14.8957220819,14.7404631761,14.8683234515,395423,,14.865793857820242,,,,14.31935620216725,13.66936520909364,"rgba(38, 166, 154, 1.0)",0.0,0.0,0.6946050483974852,13.36293375608749,2.1935565434310007,71.19073374716024,20.14733058992097,True,False,True,False,False,11.144708522827703,13.5934566404665,0.0,0.0,0.0,0.0,0,1.0168646252732316,0.7566675500539974,False,False,False,False,0.33630072508693454,0.33194658190486226,False,False,False,False,66176899,64506791.45330408,False,False,False,False,448186.4955009682,False,False,False,False
2023-08-08 00:00:00+00:00,14.9231207124,14.9687850964,14.5395398862,14.6126029007,384603,,14.865688796633547,,,,14.320470571693244,13.6968013070436,"rgba(38, 166, 154, 1.0)",0.0,0.0,0.7214019233974777,13.375271106530127,2.145613361522796,71.6255583011975,20.14733058992097,True,False,True,False,False,11.393805797148818,13.5943340349525,0.0,0.0,0.0,0.0,0,1.0326031830641507,0.7452121621980722,False,False,False,False,0.31813165040035923,0.3250391161526107,False,False,False,False,66561502,64587368.33748824,False,False,False,False,445693.02508916555,False,False,False,False
2023-08-09 00:00:00+00:00,15.1149111254,15.1697083863,14.9687850964,15.0601138646,583909,,14.866317884935595,,,,14.323093386213447,13.970536318748128,"rgba(38, 166, 154, 1.0)",0.0,0.0,0.7518651108536459,13.451867522770266,2.2118909078538875,72.96262846463296,20.14733058992097,True,False,True,False,False,12.695839891672517,13.595898284791001,0.0,0.0,0.0,0.0,0,1.046912214043011,0.7393364928984861,False,False,False,False,0.342828228042077,0.33393367209734387,False,False,False,False,67145411,64687683.736018114,False,False,False,False,451113.2593993944,False,False,False,False
2023-08-10 00:00:00+00:00,14.941386466,15.1240440022,14.9231207124,15.0418481109,663624,,14.866740904116718,,,,14.325709367638703,14.007720117822345,"rgba(38, 166, 154, 1.0)",0.0,0.0,0.7739436798706142,13.471663394465665,1.8990051986470646,71.28054817135728,20.14733058992097,True,False,True,False,False,11.06924586159791,13.596232115716003,0.0,0.0,0.0,0.0,0,1.0653305971358018,0.7337721163364284,False,False,False,False,0.3308321134282992,0.3323828927628215,False,False,False,False,66481787,64758040.7267625,False,False,False,False,459447.0139327515,False,False,False,False
2023-08-11 00:00:00+00:00,14.9596522196,15.0783796182,14.9322535892,14.9596522196,527743,,14.867059614387658,,,,14.327756480569938,14.03676397661322,"rgba(38, 166, 154, 1.0)",0.0,0.0,0.7977209869721492,13.487895318607604,1.8449519631903324,70.28408192069374,20.14733058992097,True,False,True,False,False,11.196360613009713,13.596929372121002,0.0,0.0,0.0,0.0,0,1.0875180506278506,0.7243181406201531,False,False,False,False,0.32605945096603933,0.32922117186443045,False,False,False,False,67009530,64846334.42375221,False,False,False,False,462125.287896173,False,False,False,False
2023-08-14 00:00:00+00:00,14.8683234515,14.9505193428,14.7861275602,14.8591905747,645081,,14.867063593218248,,,,14.329784771027489,14.060924104421929,"rgba(38, 166, 154, 1.0)",0.0,0.0,0.8175639860647528,13.504297819071388,1.6684022971635382,68.245613282113,22.080482931798215,True,False,True,False,False,10.330724261429939,13.596988586877501,0.0,0.0,0.0,0.0,0,1.0789134326381582,0.7452956687486989,False,False,False,False,0.2907016311133146,0.3099614014888725,False,False,False,False,66364449,64905868.328703105,False,False,False,False,469300.02170416625,False,False,False,False
2023-08-15 00:00:00+00:00,14.649134408,14.7769946834,14.5578056398,14.7678618065,878978,,14.866184746400487,,,,14.331471123349292,14.075627686939107,"rgba(38, 166, 154, 1.0)",0.0,0.0,0.8314642548352964,13.520655578678344,1.3572186931177155,63.94642386092724,18.043745466070774,True,False,True,False,False,8.282463313501726,13.593321588196002,0.0,0.0,0.0,0.0,0,1.0321611660613965,0.772942167800928,False,False,False,False,0.2400690355911661,0.2750152185400193,False,False,False,False,65485471,64928597.84522456,False,False,False,False,485365.82477459114,False,False,False,False
2023-08-16 00:00:00+00:00,14.4208124876,14.7587289297,14.402546734,14.7039316689,951767,,14.864624873064587,,,,14.332544155255713,14.206033708730246,"rgba(38, 166, 154, 1.0)",0.0,0.0,0.840641552710955,13.535427813415506,1.0532249700591743,58.56982384912946,13.183639268625988,False,False,True,False,False,6.210441068249551,13.587742039227,0.0,0.0,0.0,0.0,0,1.014060472837915,0.7884537953813618,False,False,False,False,0.21858681180402392,0.24680101517202163,False,False,False,False,64533704,64913111.8120785,False,False,False,False,503656.0669402935,False,False,False,False
2023-08-17 00:00:00+00:00,14.5212741326,14.6856659152,14.5121412558,14.649134408,389854,,14.864076021332275,,,,14.333082523120432,14.21159004776281,"rgba(38, 166, 154, 1.0)",0.0,0.0,0.8513059560947699,13.542236380590973,1.150042173439273,56.06023179882589,11.113694609717946,False,False,True,False,False,6.970357163821465,13.5835264380725,0.0,0.0,0.0,0.0,0,1.0287600580546508,0.7737542101646262,False,False,False,False,0.22309228134033046,0.23494664825617606,False,False,False,False,64923558,64913521.466506794,False,False,False,False,499193.2407857722,False,False,False,False
2023-08-18 00:00:00+00:00,14.6856659152,14.7313302993,14.5092187352,14.5669385167,724885,,14.863301769555212,,,,14.334363381548025,14.227348239061925,"rgba(38, 166, 154, 1.0)",0.0,0.0,0.8601810076921418,13.556280303193205,1.3129627391296705,56.02060714556033,11.113694609717946,False,False,True,False,False,8.202488897975964,13.5816293277495,0.0,0.0,0.0,0.0,0,1.017732336552977,0.7853926034204177,False,False,False,False,0.22837502899037287,0.23166083862327447,False,False,False,False,65648443,64942341.918800645,False,False,False,False,508043.89800985955,False,False,False,False
2023-08-21 00:00:00+00:00,14.649134408,14.8226590674,14.6126029007,14.8135261906,559649,,14.86284928153498,,,,14.335513239798365,14.368748757829348,"rgba(38, 166, 154, 1.0)",0.0,0.0,0.8596895837475595,13.56772470415938,1.257907184505526,55.54885695427716,10.781656274038077,False,True,True,False,False,7.862177336897002,13.5777355818075,0.0,0.0,0.0,0.0,0,1.0572560530395887,0.7706467301598157,False,False,False,False,0.25260499880517506,0.24213291871422477,False,False,False,False,65088794,64948085.13767121,False,False,False,False,510067.627499669,False,False,False,False
2023-08-22 00:00:00+00:00,14.5852042703,14.7039316689,14.5578056398,14.7039316689,413920,,14.862359287688447,,,,14.336172656251172,14.368470932276875,"rgba(38, 166, 154, 1.0)",0.0,0.0,0.8578376888829804,13.575193304135775,1.1773916898887888,54.4343419880019,9.622368777271674,False,True,False,False,False,7.261352050228101,13.572705895039501,0.0,0.0,0.0,0.0,0,1.0398276789267378,0.7676718730388108,False,False,False,False,0.23099846197878288,0.23656569034650382,False,False,False,False,64674874,64937370.9754096,False,False,False,False,506297.1323036036,False,False,False,False
2023-08-23 00:00:00+00:00,14.3934138572,14.525840571,14.2198891978,14.2929522123,885571,,14.860321142134545,,,,14.336390842081464,14.412407235627997,"rgba(38, 166, 154, 1.0)",0.0,0.0,0.858864966973196,13.610349469434976,0.911743309922971,51.48703820156868,6.745469749387105,False,True,False,False,False,5.4750765610043075,13.567624245248,0.0,0.0,0.0,0.0,0,1.0346686951890298,0.7556361873923356,False,False,False,False,0.14824265321779057,0.1924041717821472,False,False,False,False,63789303,64892348.70186412,False,False,False,False,521170.6173113054,False,False,False,False
2023-08-24 00:00:00+00:00,14.402546734,14.4664768717,14.2253689239,14.2929522123,1189876,,14.857525425823631,,,,14.336580820246425,14.3914618363543,"rgba(38, 166, 154, 1.0)",0.0,0.0,0.8622888356548811,13.623541015866943,0.9034162173066134,49.64170960653887,4.956743187718054,False,True,False,True,False,5.548357284256284,13.5586428575095,0.0,0.0,0.0,0.0,0,1.0308635638976897,0.7776728462278129,False,False,False,False,0.14102005341151638,0.16671211259683177,False,False,False,False,64979179,64895753.81159495,False,False,False,False,547394.3578089013,False,False,False,False
2023-08-25 00:00:00+00:00,14.6126029007,14.6582672848,14.2838193355,14.6400015312,1107551,,14.8557528933588,,,,14.337704605537471,14.402561649780926,"rgba(38, 166, 154, 1.0)",0.0,0.0,0.8696628363433816,13.64226784103106,1.1157600613921244,50.98651565716534,4.956743187718054,False,True,False,False,False,7.2249246098508735,13.551165245125501,0.0,0.0,0.0,0.0,0,1.044793369226905,0.7719299445374086,False,False,False,False,0.1746985707014048,0.17070534164911827,False,False,False,False,66086730,64942458.76015986,False,False,False,False,569361.2849536503,False,False,False,False
2023-08-28 00:00:00+00:00,14.5943371471,14.7495960529,14.5395398862,14.5943371471,602758,,14.855106702319686,,,,14.338678130451504,14.414409273248054,"rgba(38, 166, 154, 1.0)",0.0,0.0,0.8753335788305286,13.653840302186248,1.074443923618562,51.64174426217031,4.956743187718054,False,True,False,False,False,7.049177258141043,13.5459998249335,0.0,0.0,0.0,0.0,0,1.0556989351537545,0.7754744788230374,False,False,False,False,0.22208176939168103,0.19639355552039967,False,False,False,False,65483972,64963694.573486924,False,False,False,False,570670.9600535071,False,False,False,False
2023-08-29 00:00:00+00:00,14.7678618065,14.7861275602,14.4847426253,14.6400015312,785878,,14.854460271824706,,,,14.340163080980531,14.43106767786476,"rgba(38, 166, 154, 1.0)",0.0,0.0,0.8807761372938722,13.669199091919864,1.2473802003261634,54.01581167925329,4.956743187718054,False,True,False,False,True,8.428516433632108,13.544740441327502,0.0,0.0,0.0,0.0,0,1.0340611173478826,0.784967693549959,False,False,False,False,0.21956511037162033,0.20797933294601,False,False,False,False,66269850,65014916.35491881,False,False,False,False,579110.4518161146,False,False,False,False
2023-08-30 00:00:00+00:00,14.840924821,14.9139878355,14.7314216281,14.8591905747,406964,,14.854411386637732,,,,14.341262783260486,14.44435422214482,"rgba(38, 166, 154, 1.0)",0.0,0.0,0.8827823611540687,13.678566897929707,1.3166981741125097,56.34238050037687,1.082624533476988,False,True,True,False,True,9.004093735518797,13.543211480465002,0.0,0.0,0.0,0.0,0,1.069931675561803,0.7693527962992004,False,False,False,False,0.271769749324974,0.239874541135492,False,False,False,False,66676814,65080088.81158866,False,False,False,False,572359.6105684239,False,False,False,False
2023-08-31 00:00:00+00:00,15.1149111254,15.1331768791,14.9048549587,14.9961837269,577378,,14.85494079987383,,,,14.343521771474373,14.472763934795566,"rgba(38, 166, 154, 1.0)",0.0,0.0,0.892646140724151,13.69493052308411,1.5907542054278574,60.26612123511955,4.7964593825187265,False,False,True,False,True,11.117591991999035,13.5406942796165,0.0,0.0,0.0,0.0,0,1.0621415577789144,0.7649729909883856,False,False,False,False,0.3280993917726692,0.2839869664540806,False,False,False,False,67254192,65165347.76015381,False,False,False,False,572556.410153976,False,False,False,False
2023-09-01 00:00:00+00:00,15.4619604443,15.4710933211,15.2884357849,15.2975686617,1063211,,14.857666029587161,,,,14.349719669506534,14.547211173959496,"rgba(38, 166, 154, 1.0)",0.0,0.0,0.9079602315439206,13.732863102104119,1.9043756346637308,65.036689466323,9.17564733640181,True,False,True,False,True,13.656739991384018,13.543086787008,0.0,0.0,0.0,0.0,0,1.1162823377310376,0.7460056490034105,False,False,False,False,0.3428282281913198,0.3134075973227002,False,False,False,False,68317403,65288957.76955955,False,False,False,False,591797.766618526,False,False,False,False
2023-09-05 00:00:00+00:00,15.6446179806,15.8455412705,15.5715549661,15.7085481183,1433612,,14.863149746632663,,,,14.360146736629584,14.654957215324995,"rgba(38, 166, 154, 1.0)",0.0,0.0,0.9320375081074794,13.788493447733643,1.9914697817636697,69.10718130312688,12.797946386719595,True,False,True,False,True,14.938836743048853,13.5449413996145,0.0,0.0,0.0,0.0,0,1.146323406151155,0.7143375984830038,False,False,False,False,0.3428282304926949,0.3281179139076975,False,False,False,False,69751015,65463940.406047404,False,False,False,False,624810.0894962308,False,False,False,False
2023-09-06 00:00:00+00:00,15.8090097632,15.8638070241,15.6080864733,15.626352227,546704,,14.865405615569639,,,,14.364296943397372,14.692420945498203,"rgba(38, 166, 154, 1.0)",0.0,0.0,0.9575998379956832,13.80905997106495,2.088502642524534,72.53520593400006,15.80431383319376,True,False,True,False,True,16.069952806507555,13.548933105243998,0.0,0.0,0.0,0.0,0,1.1310155967551372,0.7230253829766734,False,False,False,False,0.3428282307025431,0.3354730723051203,False,False,False,False,70297719,65653500.35090829,False,False,False,False,621747.1055944179,False,False,False,False
2023-09-07 00:00:00+00:00,15.6902823646,15.8090097632,15.6080864733,15.7268138719,349895,,14.86675051165527,,,,14.366830701152196,14.7134830175933,"rgba(38, 166, 154, 1.0)",0.0,0.0,0.9771386134221967,13.821342230090517,1.9126663390815788,72.97809441380682,16.10444667553969,True,False,True,False,True,14.823295215635113,13.554916092649,0.0,0.0,0.0,0.0,0,1.1445309219068465,0.7203869089376675,False,False,False,False,0.3363260712893711,0.3358995717972457,False,False,False,False,69947824,65821905.199892275,False,False,False,False,611086.2387083623,False,False,False,False
2023-09-08 00:00:00+00:00,15.772478256,15.8546741473,15.6994152415,15.7359467487,429146,,14.86853783281431,,,,14.370094565760137,14.739902918284695,"rgba(38, 166, 154, 1.0)",0.0,0.0,0.9968196283554994,13.836740813091248,1.9419134493792312,73.71200753604857,16.868999170976494,True,False,True,False,True,15.39965534110571,13.562579844169,0.0,0.0,0.0,0.0,0,1.1562544491494102,0.7156097838798652,False,False,False,False,0.3428282295005093,0.3393639006488775,False,False,False,False,70376970,66000535.19205336,False,False,False,False,603951.3273864659,False,False,False,False
2023-09-11 00:00:00+00:00,15.8090097632,15.9460029154,15.7542125023,15.918604285,840488,,14.87225166032092,,,,14.376718305217805,14.790416796702944,"rgba(38, 166, 154, 1.0)",0.0,0.0,1.0178203406152002,13.866848425643587,1.9081573240936753,74.40004561541589,17.71106165192286,True,False,True,False,True,15.65741998883242,13.5706983499375,0.0,0.0,0.0,0.0,0,1.1420129349612564,0.7163318452392785,False,False,False,False,0.3428282293076697,0.3410960649782736,False,False,False,False,71217458,66205120.40020814,False,False,False,False,613227.2753320948,False,False,False,False
2023-09-12 00:00:00+00:00,16.0738631908,16.1286604517,15.9916672995,15.9916672995,453893,,14.87471757489013,,,,14.38082616533056,14.821501436483786,"rgba(38, 166, 154, 1.0)",0.0,0.0,1.0457597548786557,13.88472169619323,2.0933502980909675,76.15704095601541,19.614407214221572,True,False,True,False,True,17.497239451094817,13.579007386541997,0.0,0.0,0.0,0.0,0,1.1347470574711522,0.7032735400664434,False,False,False,False,0.34282823094276016,0.3419621479605169,False,False,False,False,71671351,66419482.384513706,False,False,False,False,606978.8723778949,False,False,False,False
2023-09-13 00:00:00+00:00,16.064730314,16.1286604517,15.9824430939,16.1012618212,693838,,14.87844813515246,,,,14.387044419427145,14.865511132601299,"rgba(38, 166, 154, 1.0)",0.0,0.0,1.0678112032345735,13.911050957746465,2.0169102456779715,77.16738561140497,20.823928406225164,True,False,True,False,True,17.396444223786105,13.590626618216502,0.0,0.0,0.0,0.0,0,1.1342215799793853,0.7035636116398503,False,False,False,False,0.3417421069232203,0.3418521274418686,False,False,False,False,70977513,66598228.68316023,False,False,False,False,610385.112676801,False,False,False,False
2023-09-14 00:00:00+00:00,16.3661152488,16.3661152488,16.2564293983,16.2565207271,927768,,14.884536707725935,,,,14.396623624851575,14.932209934821625,"rgba(38, 166, 154, 1.0)",0.0,0.0,1.0980067054969154,13.949817864985127,2.2006217008678015,79.0921553026381,22.9028248070925,True,False,True,False,True,19.435352212901773,13.6042516185375,0.0,0.0,0.0,0.0,0,1.1374781766473716,0.7098397619475721,False,False,False,False,0.34282823259991557,0.34234018002089206,False,False,False,False,71905281,66806348.381859824,False,False,False,False,622831.5004149657,False,False,False,False
2023-09-15 00:00:00+00:00,16.3752481256,16.3889474408,16.1651919589,16.210856343,379523,,14.886978812908172,,,,14.400475250248599,14.957155794405658,"rgba(38, 166, 154, 1.0)",0.0,0.0,1.1188975393384162,13.964972069949738,2.1541526108596267,80.4093154781462,24.389179918986045,True,False,True,False,True,19.496100189564405,13.617922283242502,0.0,0.0,0.0,0.0,0,1.1462858684582833,0.7017546351286393,False,False,False,False,0.334843950618098,0.33859206531949504,False,False,False,False,72284804,67021189.77864964,False,False,False,False,613289.990594771,False,False,False,False
2023-09-18 00:00:00+00:00,16.3935138792,16.4848426474,16.2565207271,16.4665768937,1052453,,14.894031350961487,,,,14.411455769516577,15.024767165240329,"rgba(38, 166, 154, 1.0)",0.0,0.0,1.1303427408672477,14.006890485975802,2.111415685646884,81.3607680522994,25.54606724998193,True,False,True,False,True,19.61966441601269,13.630187744796999,0.0,0.0,0.0,0.0,0,1.1396649644976233,0.712799100464904,False,False,False,False,0.3428282305103241,0.34071014791490956,False,False,False,False,73337257,67268878.68929084,False,False,False,False,630512.069394976,False,False,False,False
2023-09-19 00:00:00+00:00,16.3935138792,16.5213741546,16.3295837416,16.5213741546,633808,,14.898350183445274,,,,14.418131563086702,15.298043876631185,"rgba(38, 166, 154, 1.0)",0.0,0.0,1.1473579973509207,14.031552192072715,2.0586091634700807,81.99506976840155,26.43169298205848,True,False,True,False,True,19.61966441601269,13.6406392282685,0.0,0.0,0.0,0.0,0,1.1304946335071477,0.7142826415903829,False,False,False,False,0.34282822969040927,0.3417691888026594,False,False,False,False,73337257,67506854.30931865,False,False,False,False,630641.3215755651,False,False,False,False
2023-09-20 00:00:00+00:00,16.1195275749,16.3935138792,16.1195275749,16.2199892198,964364,,14.903997062360704,,,,14.427175189825423,15.322553020601976,"rgba(38, 166, 154, 1.0)",0.0,0.0,1.1600912278878934,14.064092947802475,1.7717870609535846,77.12712372935272,26.43169298205848,True,False,True,False,False,16.440259692742426,13.6491312373415,0.0,0.0,0.0,0.0,0,1.109220632702248,0.743484914896511,False,False,False,False,0.3000184890387069,0.3208938389206831,False,False,False,False,72372893,67697679.35601203,False,False,False,False,643728.4854353468,False,False,False,False
2023-09-21 00:00:00+00:00,16.1743248357,16.3843810024,16.1743248357,16.3295837416,1111686,,14.910611862759316,,,,14.437681424481905,15.36323196633283,"rgba(38, 166, 154, 1.0)",0.0,0.0,1.172020322132088,14.100650536911573,1.7693159919071098,74.31933032985275,30.089807254100336,True,False,True,False,False,16.839100371513894,13.6588949206645,0.0,0.0,0.0,0.0,0,1.0928132384147549,0.7522719647065482,False,False,False,False,0.30573846049294345,0.3133161497068133,False,False,False,False,73484579,67924616.59695274,False,False,False,False,662079.7605163136,False,False,False,False
2023-09-22 00:00:00+00:00,16.1743248357,16.3935138792,16.0829960676,16.3752481256,656913,,14.914410384620881,,,,14.443739528044592,15.384703763226737,"rgba(38, 166, 154, 1.0)",0.0,0.0,1.181591713313525,14.121171151832957,1.737616860996261,72.44746806351944,28.30427219171692,True,False,True,False,False,16.839100371513894,13.670926076591,0.0,0.0,0.0,0.0,0,1.0798491555834793,0.7704470440699758,False,False,False,False,0.29545621447630566,0.3043861820915595,False,False,False,False,73484579,68142654.33824871,False,False,False,False,661877.1424568504,False,False,False,False
2023-09-25 00:00:00+00:00,16.1560590821,16.1743248357,16.0190659299,16.1743248357,551263,,14.917336450252403,,,,14.448505348879314,15.572245952606757,"rgba(38, 166, 154, 1.0)",0.0,0.0,1.1919038648573022,14.137032261817756,1.6939510641858413,70.83371392028613,26.72225800404611,True,False,True,False,False,16.622515006526523,13.685360123614,0.0,0.0,0.0,0.0,0,1.0851584317686847,0.784228262993638,False,False,False,False,0.260485287014527,0.28243573455304327,False,False,False,False,72933316,68330523.42302328,False,False,False,False,657539.3329487386,False,False,False,False
2023-09-26 00:00:00+00:00,16.2565207271,16.2747864807,16.0617164646,16.0738631908,473955,,14.920010369236204,,,,14.452779558891809,15.588766704030837,"rgba(38, 166, 154, 1.0)",0.0,0.0,1.198688377363221,14.151067738987507,1.7564640050518385,70.70950683043601,26.466872471830797,True,False,True,False,False,17.385073414487135,13.7017930107805,0.0,0.0,0.0,0.0,0,1.1007612625766843,0.7598967730847658,False,False,False,False,0.27604962358985086,0.27924267907144706,False,False,False,False,73407271,68529611.56329688,False,False,False,False,650339.9473429057,False,False,False,False
2023-09-27 00:00:00+00:00,16.5944371691,16.6766330604,16.4848426474,16.503108401,711963,,14.925218410829505,,,16.5853042923,14.460578707511447,15.826748788920604,"rgba(38, 166, 154, 1.0)",0.0,0.0,1.209677923235266,14.304397772089171,1.893098446308876,73.04790468261106,26.466872471830797,True,False,True,False,False,19.857356938170668,13.7207771197465,0.0,0.0,0.0,0.0,0,1.114238740532825,0.7591242954023307,False,False,False,False,0.34282822850550587,0.31103545378847647,False,False,False,False,74119234,68748812.4431676,False,False,False,False,652756.5376431838,False,False,False,False
2023-09-28 00:00:00+00:00,16.356982372,16.5487727851,16.2930522343,16.4939755242,1192122,,14.932898905123395,,,16.469038876000266,14.472380504324128,15.847079713955337,"rgba(38, 166, 154, 1.0)",0.0,0.0,1.2019087334594838,14.33473902784311,1.682526541209346,70.46887769570422,26.187641302265476,True,False,True,False,False,17.025843565116663,13.738301858014502,0.0,0.0,0.0,0.0,0,1.0826875035439545,0.7789203997089307,False,False,False,False,0.30195317867909394,0.3064943162337852,False,False,False,False,72927112,68912667.32774925,False,False,False,False,673908.1244022747,False,False,False,False
2023-09-29 00:00:00+00:00,16.1195275749,16.4391782633,16.1195275749,16.4300453865,823884,,14.937537877561901,,,16.395661304795542,14.479726353694899,15.847576568783865,"rgba(38, 166, 154, 1.0)",0.0,0.0,1.1959370058497885,14.352916775476723,1.4771771345665399,65.49630937988994,21.482789719106705,False,False,True,False,False,14.305646056485624,13.7533695376385,0.0,0.0,0.0,0.0,0,1.0745632632277848,0.7826845884298466,False,False,False,False,0.26200451958118076,0.284249417907483,False,False,False,False,72103228,69037787.35411203,False,False,False,False,679789.53128846,False,False,False,False
2023-10-02 00:00:00+00:00,15.9368700386,16.2976186727,15.8858172572,16.2839193575,622343,,14.940517460943754,,,16.329613769234978,14.484647976219229,15.838989586103661,"rgba(38, 166, 154, 1.0)",0.0,0.0,1.1839658704823885,14.363925473730541,1.3285387730210394,60.102712269570404,16.558282311790776,False,True,True,False,False,12.280581672934183,13.7666169405395,0.0,0.0,0.0,0.0,0,1.0424491161050686,0.8083727606632304,False,False,False,False,0.20001862970865159,0.24213402380806728,False,False,False,False,71480885,69133595.10493116,False,False,False,False,677536.7261398929,False,False,False,False
2023-10-03 00:00:00+00:00,16.0008001763,16.0968780404,15.9003385313,15.9916672995,921825,,14.944738876899041,,,16.258348354155046,14.49169162295153,15.829512706825378,"rgba(38, 166, 154, 1.0)",0.0,0.0,1.17795538793684,14.380472989142664,1.375542065302914,57.20686937769858,14.050195009043549,False,True,True,False,False,12.78443132450683,13.779322354539499,0.0,0.0,0.0,0.0,0,1.0321250838125162,0.849624113228948,False,False,False,False,0.1640187221156613,0.2030763729618643,False,False,False,False,72402710,69261795.68905151,False,False,False,False,687116.6584481325,False,False,False,False
2023-10-04 00:00:00+00:00,15.1331768791,15.626352227,15.0783796182,15.626352227,2049642,,14.947678632714313,,,15.940923042997671,14.499751856576179,15.71898197884709,"rgba(239, 83, 80, 1.0)",0.0,0.0,1.1642518511024582,14.3859076598179,0.6418449913345586,48.727405292152355,6.356535266647555,False,True,False,True,False,3.9961426232647526,13.788959436712,0.0,0.0,0.0,0.0,0,0.9682585302088469,0.870995555262537,False,False,False,False,-0.023317671325072693,0.08987935081839579,False,False,False,False,70353068,69304590.68163772,False,False,False,False,740549.0247834998,False,False,False,False
2023-10-05 00:00:00+00:00,14.8226590674,15.1057782486,14.7495960529,14.8500576979,1713427,,14.947277571639896,,,15.717395267886952,14.503084849354417,15.621116260093977,"rgba(239, 83, 80, 1.0)",0.0,0.0,1.1468957480452904,14.382593373333773,0.3837015655662273,41.68971629934053,0.23909754002173855,False,True,False,True,False,1.2098473193451156,13.798041617771501,0.0,0.0,0.0,0.0,0,0.9418460223794075,0.9066736766085893,False,False,False,False,-0.15952931062908857,-0.03482497990534639,False,False,False,False,68639641,69278514.22353429,False,False,False,False,778701.1022429704,False,False,False,False
2023-10-06 00:00:00+00:00,14.8500576979,14.941386466,14.7221974225,14.9231207124,1888017,,14.9464055817155,,,15.550056613989248,14.506185147057678,15.471060442738818,"rgba(239, 83, 80, 1.0)",0.0,0.0,1.1330878468985646,14.418821552829787,0.38058491779836257,37.30031799040505,-3.382937009447758,False,True,False,True,False,1.4434398394525871,13.806398200055499,0.0,0.0,0.0,0.0,0,0.936442380505598,0.9301715904250953,False,False,False,False,-0.188718954336464,-0.11177196712090519,False,False,False,False,70527658,69327500.25398393,False,False,False,False,822203.6864687363,False,False,False,False
2023-10-09 00:00:00+00:00,15.4619604443,15.5075334996,15.27026136,15.379764553,1449646,,14.94924536968192,,,15.532618745161491,14.512589006950087,15.491156942058922,"rgba(239, 83, 80, 1.0)",0.0,0.0,1.11188623789135,14.446378370967357,0.9133866745744205,39.98289284283165,-3.382937009447758,False,True,False,True,False,6.392891748788699,13.817631638535499,0.0,0.0,0.0,0.0,0,0.9445981782292919,0.9138514162768692,False,False,False,False,-0.021985574259826543,-0.06687877069036587,False,False,False,False,71977304,69431414.12637672,False,False,False,False,846809.267391531,False,False,False,False
2023-10-10 00:00:00+00:00,15.3706316762,15.4710933211,15.2740971683,15.4710933211,998441,,14.951008905551987,,,15.519651037921392,14.51674741758545,15.491095873889252,"rgba(239, 83, 80, 1.0)",0.0,0.0,1.0887259811442174,14.459144495680173,0.8372053173213363,41.20879819284284,-3.382937009447758,False,True,False,True,False,5.567246774565138,13.827129830420999,0.0,0.0,0.0,0.0,0,0.927459245125181,0.926541819849422,False,False,False,False,-0.02680291559181929,-0.046840843141092575,False,False,False,False,70978863,69492098.39593057,False,False,False,False,852755.6098467652,False,False,False,False
2023-10-11 00:00:00+00:00,15.1788412631,15.3158344153,14.9961837269,15.2701700313,2170423,,14.952919828962933,,,15.466511678006816,14.523481097797845,15.459683186250626,"rgba(239, 83, 80, 1.0)",0.0,0.0,1.064129428969572,14.472428342164477,0.6638411660314331,40.874111783893795,-3.382937009447758,False,True,False,True,False,3.853212609348173,13.8361713784655,0.0,0.0,0.0,0.0,0,0.9110596248466528,0.9332155902065347,False,False,False,False,-0.09101057328677603,-0.0689257082139343,False,False,False,False,68808440,69465288.26275682,False,False,False,False,904428.8408331665,False,False,False,False
2023-10-12 00:00:00+00:00,15.1331768791,15.3980303066,14.9870508501,15.3980303066,2103564,,14.954818260469871,,,15.42938762694133,14.52996612802297,15.435970867399613,"rgba(239, 83, 80, 1.0)",0.0,0.0,1.03011712133495,14.485682989937278,0.6285633698851857,40.37880772458019,-3.382937009447758,False,True,False,True,False,3.447735820773051,13.843340686764,0.0,0.0,0.0,0.0,0,0.931949535025016,0.9256192592375685,False,False,False,False,-0.08014254564617636,-0.07453412693005533,False,False,False,False,66704876,69357036.80147225,False,False,False,False,951453.7490357874,False,False,False,False
2023-10-13 00:00:00+00:00,15.8638070241,15.8912056545,15.4984919516,15.5989535965,1763950,,14.96054362573395,,,15.460220222082452,14.540109476767784,15.463627156011594,"rgba(38, 166, 154, 1.0)",0.0,0.0,1.0071369833262709,14.516022051150832,1.3382340190684274,45.36877317159866,-3.382937009447758,False,True,False,True,True,8.989564688434601,13.853660837562499,0.0,0.0,0.0,0.0,0,0.9356808291754768,0.8938272060984217,False,False,False,False,0.06848034786710923,-0.003026889531473051,False,False,False,False,68468826,69322205.00533608,False,False,False,False,983316.3471128154,False,False,False,False
2023-10-16 00:00:00+00:00,15.7268138719,15.8364083937,15.6354851038,15.7816111328,1406232,,14.964945189541282,,,15.479571481964818,14.547955748524831,15.480501013016475,"rgba(38, 166, 154, 1.0)",0.0,0.0,0.9823107921562971,14.53776048585667,1.2104655629744296,47.74502850893562,-11.607221453983648,False,True,False,False,True,7.763137215065765,13.864026652744998,0.0,0.0,0.0,0.0,0,0.9275460621843316,0.9084243889302401,False,False,False,False,0.08068544770651846,0.038829279087522706,False,False,False,False,67062594,69233592.80904838,False,False,False,False,999901.2746770188,False,False,False,False
2023-10-17 00:00:00+00:00,15.81814264,15.8364083937,15.5441563356,15.6446179806,1551080,,14.969742311819752,,,15.49796174348885,14.556491359352044,15.49626737390904,"rgba(38, 166, 154, 1.0)",0.0,0.0,0.9589994720842304,14.56022691147614,1.3116959551499896,49.90557690022984,-9.28687657399324,False,True,False,False,True,8.42446062897491,13.875168762456502,0.0,0.0,0.0,0.0,0,0.9202673639734563,0.9043819346068788,False,False,False,False,0.0671255483163616,0.05297741370194215,False,False,False,False,68613674,69209282.26751707,False,False,False,False,1021516.126650469,False,False,False,False
2023-10-18 00:00:00+00:00,16.0464645604,16.1377933285,15.9368700386,16.0099330531,1476258,,14.976069901967914,,,15.533016235665205,14.566595436894165,15.525181686453076,"rgba(38, 166, 154, 1.0)",0.0,0.0,0.9354551226829293,14.587820711828527,1.559287894418723,52.73430663780596,-6.3275586008921465,False,True,True,False,True,10.054029067538199,13.885945557095999,0.0,0.0,0.0,0.0,0,0.9516839824506301,0.8938278595695265,False,False,False,False,0.17117010824448936,0.11207376097321575,False,False,False,False,70089932,69243817.55114385,False,False,False,False,1039349.1412916272,False,False,False,False
2023-10-19 00:00:00+00:00,16.4209125097,16.426300907,15.8638070241,15.9460029154,2240487,,14.987279572471122,,,15.59589797317416,14.583681227864856,15.576975206333216,"rgba(38, 166, 154, 1.0)",0.0,0.0,0.9223326873525635,14.633520738849658,1.9379035302118781,56.5758014706723,-2.463783583908473,False,True,True,False,True,12.6096311672161,13.900558159996999,0.0,0.0,0.0,0.0,0,0.9225581717465134,0.8932749154751803,False,False,False,False,0.20411939137373883,0.15809657617347728,False,False,False,False,72330419,69364860.74521665,False,False,False,False,1086452.5867311712,False,False,False,False
2023-10-20 00:00:00+00:00,16.2291220966,16.4757097706,16.1195275749,16.3935138792,1787709,,14.996348035971833,,16.2747864807,15.641063933047,14.597371327529528,15.709908187945619,"rgba(38, 166, 154, 1.0)",0.0,0.0,0.9015537824498959,14.769684094646967,1.6188030380030516,57.56035767157223,-1.2947017981526017,False,False,True,False,True,10.844157964831833,13.9164950300355,0.0,0.0,0.0,0.0,0,0.9430296305330603,0.888147180407849,False,False,False,False,0.25156304810805524,0.20482981214076626,False,False,False,False,70542710,69411050.9120709,False,False,False,False,1113952.8382319096,False,False,False,False
2023-10-23 00:00:00+00:00,15.8546741473,16.1286604517,15.7450796255,16.1286604517,1582865,,15.002007308960097,,16.103229813412625,15.655995212294956,14.606709204999166,15.699985267868,"rgba(38, 166, 154, 1.0)",0.0,0.0,0.8808724188256193,14.78114905685204,1.2187066679635468,55.508389695045494,-1.2947017981526017,False,True,True,False,True,7.5308332940613205,13.930240009638998,0.0,0.0,0.0,0.0,0,0.9133256678341188,0.9034033537437276,False,False,False,False,0.14077132952210386,0.17280057083143507,False,False,False,False,68959845,69393356.56257793,False,False,False,False,1132341.5504581092,False,False,False,False
2023-10-24 00:00:00+00:00,15.4893590748,15.7176809951,15.3432330458,15.6902823646,1112814,,15.004240461405935,,15.957662583319797,15.650754671784599,14.611239817792528,15.67807056271245,"rgba(38, 166, 154, 1.0)",0.0,0.0,0.8539065450205353,14.781515464810141,0.8289473995925812,51.95125729046771,-1.2947017981526017,False,True,False,False,False,4.47700373773208,13.941975756344,0.0,0.0,0.0,0.0,0,0.8945901011552315,0.9151578863177978,False,False,False,False,0.01982685657487291,0.09631371370315399,False,False,False,False,67847031,69332716.34443763,False,False,False,False,1131575.7641656345,False,False,False,False
2023-10-25 00:00:00+00:00,15.7907440096,15.8455412705,15.2153727704,15.5167577052,1722226,,15.008328628127627,,15.863180363242881,15.648908797702,14.618931401971885,15.665181823281262,"rgba(38, 166, 154, 1.0)",0.0,0.0,0.8357702855375759,14.790639002450794,1.1966266622005204,51.49025276327514,-1.2947017981526017,False,True,False,False,False,6.607424544845983,13.9541224825055,0.0,0.0,0.0,0.0,0,0.9072990124732526,0.9039382516201079,False,False,False,False,0.01982685657487291,0.05807028513901345,False,False,False,False,69569257,69341992.44857733,False,False,False,False,1154738.5185120802,False,False,False,False
2023-10-26 00:00:00+00:00,15.480226198,15.6172193501,15.3888974298,15.4619604443,1112838,,15.010418850163502,,15.807263220274615,15.64363817637095,14.623240517096916,15.65439226455549,"rgba(38, 166, 154, 1.0)",0.0,0.0,0.8181994734471087,14.794811702870978,0.8377107507064774,49.40720946794775,-1.2947017981526017,False,True,False,False,False,4.095395015760193,13.964944941529,0.0,0.0,0.0,0.0,0,0.9170534711564089,0.9064407839953118,False,False,False,False,0.0117332570649152,0.034901771101964324,False,False,False,False,68456419,69307264.07804489,False,False,False,False,1153095.3609233713,False,False,False,False
2023-10-27 00:00:00+00:00,16.1651919589,16.1651919589,15.4071631834,15.626352227,2148641,,15.01783125487095,,15.831151207236301,15.66035929457134,14.635363311867449,15.712231617895007,"rgba(38, 166, 154, 1.0)",0.0,0.0,0.812225831246941,14.820196319012245,1.6559380262788457,51.73442923687331,-1.2947017981526017,False,True,False,False,False,8.689823765987033,13.9773656539945,0.0,0.0,0.0,0.0,0,0.9194820827008948,0.8777320515529633,False,False,False,False,0.09563580731216544,0.06526878920706489,False,False,False,False,70605060,69358158.03576863,False,False,False,False,1192136.3663773567,False,False,False,False
2023-10-30 00:00:00+00:00,15.3158344153,15.5989535965,15.1697083863,15.5350234588,1577728,,15.019892360640664,,15.764062410218825,15.647307951016192,14.64034245752655,15.665739786081087,"rgba(38, 166, 154, 1.0)",0.0,0.0,0.7903486784121065,14.823392676645781,0.6230689720941716,49.20086799639299,-1.2947017981526017,False,True,False,False,False,2.348167241480059,13.9851285992855,0.0,0.0,0.0,0.0,0,0.8775628696631094,0.8856914758518267,False,False,False,False,-0.023334857112117153,0.02096696604747387,False,False,False,False,69027332,69345184.46573849,False,False,False,False,1207257.6069115782,False,False,False,False
2023-10-31 00:00:00+00:00,15.1057782486,15.4619604443,15.0053166037,15.3523659226,970787,,15.020521533617773,,15.717763992004038,15.635367980024506,14.642656101881201,15.639148142892726,"rgba(38, 166, 154, 1.0)",0.0,0.0,0.7626786354414221,14.823119407026846,0.3706132942999734,46.69059736158026,4.319835754949111,False,True,False,True,False,0.8968163189023493,13.990699654141501,0.0,0.0,0.0,0.0,0,0.8642631097073563,0.9000506137560033,False,False,False,False,-0.0679384278762129,-0.023485730914369517,False,False,False,False,68056545,69294649.58472914,False,False,False,False,1197984.2497777909,False,False,False,False
2023-11-01 00:00:00+00:00,15.0601138646,15.4436946907,14.9505193428,15.4345618139,990964,,15.021011053750756,,15.674616260264932,15.622777952220634,14.644828860044095,15.615804713111611,"rgba(38, 166, 154, 1.0)",0.0,0.0,0.7414179077883996,14.822622226904866,0.3203208813819404,44.834107745662116,2.3333059592639103,False,True,False,True,False,0.5822167501703532,13.995814065156999,0.0,0.0,0.0,0.0,1,0.8668498838786672,0.896438798591821,False,False,False,False,-0.07878542174922791,-0.051135576331798716,False,False,False,False,67065581,69207235.13042603,False,False,False,False,1189865.8086100344,False,False,False,False
2023-11-02 00:00:00+00:00,15.3432330458,15.4162960603,15.0692467414,15.087512495,1057603,,15.022025566987393,,15.644660415729168,15.613416432677543,14.647693636649446,15.601138688110506,"rgba(38, 166, 154, 1.0)",0.0,0.0,0.7179631911410607,14.824449265779743,0.7225771271027878,45.21434309606529,2.3333059592639103,False,True,False,True,False,2.4838847955166266,14.003303024144,0.0,0.0,0.0,0.0,0,0.8911183698684861,0.8908674905532601,False,False,False,False,-0.06522927074609922,-0.058182423538948966,False,False,False,False,68123184,69164723.32138972,False,False,False,False,1184679.031801798,False,False,False,False
2023-11-03 00:00:00+00:00,15.0692467414,15.3888974298,14.941386466,15.1697083863,1700317,,15.022731318151385,,15.589493135197237,15.593426138046299,14.651209167271155,15.572003737634898,"rgba(38, 166, 154, 1.0)",0.0,0.0,0.695388729777684,14.824302418155563,0.3522408586097541,44.2315084138838,1.1594143517076674,False,True,False,True,False,0.5767573362001421,14.0083261063915,0.0,0.0,0.0,0.0,0,0.8850956791614003,0.8903546852301382,False,False,False,False,-0.11333999240055667,-0.08576120796975281,False,False,False,False,66422867,69057199.54408032,False,False,False,False,1204900.1285938842,False,False,False,False
2023-11-06 00:00:00+00:00,15.087512495,15.3158344153,15.0692467414,15.2793029081,653474,,15.023059463682031,,15.572300025991169,15.586562589111931,14.652614356882129,15.562915521974812,"rgba(38, 166, 154, 1.0)",0.0,0.0,0.676702205444301,14.824647568567494,0.38844993309858883,43.68946932644857,0.2587409864139687,False,True,False,True,False,0.7011609581753788,14.012755551646,0.0,0.0,0.0,0.0,0,0.8880889692510272,0.9040762593767788,False,False,False,False,-0.14193135367619647,-0.11384628082297464,False,False,False,False,67076341,68979518.81686148,False,False,False,False,1183275.574531379,False,False,False,False
2023-11-07 00:00:00+00:00,14.4573439949,14.7221974225,14.4208124876,14.7039316689,978659,,15.021280986767696,,15.513858882740756,15.562300852717318,14.652121124632112,15.528536167342374,"rgba(239, 83, 80, 1.0)",0.0,0.0,0.6727236225038729,14.816902439337117,-0.5344816688595565,40.7367198709254,-2.8794773646608007,False,True,False,True,False,0.0,14.0138058324795,0.0,0.0,0.0,0.0,0,0.8601085011940417,0.9234739884681064,False,False,False,False,-0.34282825441539394,-0.2283372676191843,False,False,False,False,66097682,68866505.60835712,False,False,False,False,1175251.3951379915,False,False,False,False
2023-11-08 00:00:00+00:00,14.1468261833,14.427753474,14.0280987847,14.3386165963,1168652,,15.017737808142977,,15.431209945040228,15.52585036129669,14.649901810947002,15.312651830450278,"rgba(239, 83, 80, 1.0)",0.0,0.0,0.6767750907204805,14.803111965157253,-0.969725084235274,37.72325977992347,-5.947941480112675,False,True,False,True,False,0.0,14.014353805088499,0.0,0.0,0.0,0.0,0,0.8415755304627347,0.9399687256470105,False,False,False,False,-0.34282825441539394,-0.28558276101728913,False,False,False,False,64929030,68712094.80018625,False,False,False,False,1174992.5953286584,False,False,False,False
2023-11-09 00:00:00+00:00,14.1559590601,14.4345118029,14.1285604296,14.2472878282,1289356,,15.01404794473028,,15.353832033993971,15.488947572130536,14.647687790967616,15.271002266324881,"rgba(239, 83, 80, 1.0)",0.0,0.0,0.6790532288823897,14.78957020529233,-0.9330802332464415,35.78039014363367,-7.942902517578666,False,True,False,True,False,0.0,14.0149931064655,0.0,0.0,0.0,0.0,0,0.8349045259763573,0.9467365687052544,False,False,False,False,-0.3260438926434619,-0.30581332683037554,False,False,False,False,66218386,68614302.29821816,False,False,False,False,1179477.4347275344,False,False,False,False
2023-11-10 00:00:00+00:00,14.4573439949,14.548672763,14.3294837195,14.35688235,897075,,15.01217707468334,,15.314551371330415,15.468518874238748,14.646930159736069,15.255808177175677,"rgba(239, 83, 80, 1.0)",0.0,0.0,0.678056296682071,14.783043778784059,-0.48034327750926165,36.64962319784545,-7.942902517578666,False,True,False,True,False,0.0,14.016888178404,0.0,0.0,0.0,0.0,0,0.831472178350792,0.9467776661484486,False,False,False,False,-0.27769301976192107,-0.2917531732961483,False,False,False,False,67115461,68555524.20809196,False,False,False,False,1168402.8294441015,False,False,False,False
2023-11-13 00:00:00+00:00,14.6856659152,14.6856659152,14.4573439949,14.4573439949,805858,,15.01099113002488,,15.288197558570538,15.453677813129008,14.64680498931058,15.24835647085789,"rgba(239, 83, 80, 1.0)",0.0,0.0,0.6762115245153864,14.77911699529285,-0.13819799974545283,38.74076381515134,-7.942902517578666,False,True,False,True,True,0.0,14.021271959274001,0.0,0.0,0.0,0.0,0,0.826000674327941,0.9497904725292171,False,False,False,False,-0.23801593209119068,-0.2648845526936695,False,False,False,False,67921319,68530653.41561776,False,False,False,False,1154185.385152176,False,False,False,False
2023-11-14 00:00:00+00:00,14.6400015312,14.9048549587,14.5760713935,14.7495960529,557570,,15.010372796694815,,15.273543715786886,15.444856789560914,14.646944107281461,15.147948309503253,"rgba(239, 83, 80, 1.0)",0.0,0.0,0.6777410896255955,14.777184246564968,-0.20241168414438634,39.90686321933125,-7.942902517578666,False,True,False,True,True,0.0,14.026614692209998,0.0,0.0,0.0,0.0,0,0.8225979421178853,0.9530264238531627,False,False,False,False,-0.18842415070425073,-0.22665435169896012,False,False,False,False,67363749,68484892.45814256,False,False,False,False,1130788.7033815023,False,False,False,False
2023-11-15 00:00:00+00:00,14.35688235,14.5669385167,14.3203508427,14.4664768717,684065,,15.008890164715913,,15.247775770009188,15.430139976959858,14.646287260587377,15.114192668620294,"rgba(239, 83, 80, 1.0)",0.0,0.0,0.6835578400037472,14.772446601785242,-0.6079430700157942,39.30411057901894,-7.942902517578666,False,True,False,True,True,0.0,14.029400219638,0.0,0.0,0.0,0.0,0,0.8049010639721842,0.9681093832786876,False,False,False,False,-0.27631123542522723,-0.2514827935620937,False,False,False,False,66679684,68414099.96958795,False,False,False,False,1113270.1267783062,False,False,False,False
2023-11-16 00:00:00+00:00,13.6810494658,14.0189659079,13.5623220672,14.0189659079,886766,,15.004854431925187,,15.191855324761491,15.399664963316471,14.643027872266872,14.816466644923729,"rgba(239, 83, 80, 1.0)",0.0,0.0,0.7022327176770611,14.731247026729472,-1.4955121493106385,36.30263382784986,-8.04573544117126,False,True,False,True,False,0.0,14.0304048360875,0.0,0.0,0.0,0.0,0,0.7856122496456536,0.9770132113377382,False,False,False,False,-0.34282825441539394,-0.2971555239887438,False,False,False,False,65792918,68311308.51980019,False,False,False,False,1104387.6120026864,False,False,False,False
2023-11-17 00:00:00+00:00,14.2381549514,14.2701200202,13.9185042629,13.9185042629,1034176,,15.001630975162188,,15.14794511928785,15.37355475654243,14.640903347317494,14.815325413076774,"rgba(239, 83, 80, 1.0)",0.0,0.0,0.7102720226493933,14.731940022263103,-0.6952055763385272,37.9390049483384,-8.04573544117126,False,True,False,True,False,0.0,14.034788616957998,0.0,0.0,0.0,0.0,0,0.791994882559261,0.955798227190283,False,False,False,False,-0.26414345208363255,-0.28064948803618817,False,False,False,False,66827094,68253104.02882762,False,False,False,False,1101634.2154535614,False,False,False,False
2023-11-20 00:00:00+00:00,14.548672763,14.694798792,14.4665682005,14.5304070094,1364240,,14.999513711094805,,15.117718689517357,15.352130620986246,14.6405088143847,14.852010604094925,"rgba(239, 83, 80, 1.0)",0.0,0.0,0.7139829473636353,14.738904030342292,-0.2664367097907808,40.74615804698527,-8.04573544117126,False,True,False,True,True,0.0,14.042642891017,0.0,0.0,0.0,0.0,0,0.8077922077841537,0.9480384199294741,False,False,False,False,-0.14410450770569566,-0.2123769978709419,False,False,False,False,68191334,68250681.67475595,False,False,False,False,1111932.4815142062,False,False,False,False
2023-11-21 00:00:00+00:00,14.5852042703,14.5989035855,14.4299453645,14.4938755022,524510,,14.99864497400748,,15.106291722413582,15.343869986462362,14.640289978542572,14.856430790949762,"rgba(239, 83, 80, 1.0)",0.0,0.0,0.7172851829699474,14.738866047335918,-0.21422689424543148,42.81797207084008,-12.858662085441352,False,True,False,True,True,0.0,14.049629541779,0.0,0.0,0.0,0.0,0,0.8018036436234672,0.9660487938002725,False,False,False,False,-0.16014400013397703,-0.18626049900245947,False,False,False,False,68715844,68268923.33456944,False,False,False,False,1088896.305768551,False,False,False,False
2023-11-22 00:00:00+00:00,14.4116796108,14.4664768717,13.7997768644,13.9367700166,1098355,,14.995611129737282,,15.07139481682074,15.320611231905245,14.638445763292633,14.83417859419317,"rgba(239, 83, 80, 1.0)",0.0,0.0,0.7234573047459136,14.7301450076582,-0.44019929686112996,43.33325381715994,-12.258619804438311,False,True,False,True,True,0.0,14.053921993881,0.0,0.0,0.0,0.0,0,0.7722503291258128,0.9677555711273642,False,False,False,False,-0.25433072874473783,-0.22029561387359864,False,False,False,False,67617489,68243376.89007652,False,False,False,False,1089267.234954098,False,False,False,False
2023-11-24 00:00:00+00:00,14.2381549514,14.4482111181,14.2290220746,14.2655535818,390296,,14.994649077049383,,15.060750814113742,15.313158577063453,14.637919375849824,14.829140938872763,"rgba(239, 83, 80, 1.0)",0.0,0.0,0.7336204321598825,14.727797323677123,-0.6674328451233921,42.82855838499762,-12.258619804438311,False,True,False,True,True,0.0,14.056524863772502,0.0,0.0,0.0,0.0,0,0.7881384029695369,0.9769151536976973,False,False,False,False,-0.2031247064104209,-0.21171016014200977,False,False,False,False,67227193,68203526.54144607,False,False,False,False,1061856.5982892315,False,False,False,False
2023-11-27 00:00:00+00:00,14.0554974151,14.2929522123,13.9824344006,14.1376933064,1122903,,14.991118191048004,,15.024226046068398,15.288285534995035,14.635532920329862,14.80113783539842,"rgba(239, 83, 80, 1.0)",0.0,0.0,0.7464210159153044,14.717057798904085,-0.8863099640795103,41.62394240363968,-12.258619804438311,False,True,False,True,True,0.0,14.058945076128,0.0,0.0,0.0,0.0,0,0.7815362807431828,0.9855959922446679,False,False,False,False,-0.25317947084475834,-0.23244481549338405,False,False,False,False,66104290,68121203.53982075,False,False,False,False,1064250.5748269088,False,False,False,False
2023-11-28 00:00:00+00:00,14.3386165963,14.4436446797,14.1284691009,14.1924905673,1002460,,14.98867624656251,,15.000322916864688,15.27043706719452,14.63419791306154,14.79031775819805,"rgba(239, 83, 80, 1.0)",0.0,0.0,0.7534770622224551,14.711468281046944,-0.49484145362989734,42.76584617475695,-12.258619804438311,False,True,False,True,True,0.0,14.060999973410999,0.0,0.0,0.0,0.0,0,0.7823327173536632,0.9795945113666382,False,False,False,False,-0.21611228187459747,-0.22427854868399077,False,False,False,False,67106750,68081421.04806307,False,False,False,False,1061827.4150297751,False,False,False,False
2023-11-29 00:00:00+00:00,14.5943371471,14.6400015312,14.2016234441,14.503008379,1416679,,14.98612908771604,,14.976964920281723,15.25066193962169,14.633318892622428,14.788287914623876,"rgba(239, 83, 80, 1.0)",0.0,0.0,0.7561375274994807,14.707721343957203,-0.14995181793471044,45.121944516523385,-9.897729605492735,False,True,False,True,True,0.0,14.0646987885205,0.0,0.0,0.0,0.0,0,0.7848745083150193,0.9722765522998824,False,False,False,False,-0.18294699663015807,-0.20361277265707442,False,False,False,False,68523429,68098754.69323707,False,False,False,False,1075743.1634599802,False,False,False,False
2023-11-30 00:00:00+00:00,14.1194275528,14.9368200276,14.0920289224,14.795260437,4564410,,14.976574070524473,,14.902050532348746,15.186024313015304,14.628838308362518,14.654155749203795,"rgba(239, 83, 80, 1.0)",0.0,0.0,0.7644609563843453,14.691185905169046,-0.7479235500440469,44.1841929068206,-9.897729605492735,False,True,False,True,True,0.0,14.065931726889998,0.0,0.0,0.0,0.0,1,0.7951517495541995,0.9534556186716079,False,False,False,False,-0.16014400013397703,-0.18187838639552573,False,False,False,False,63959019,67936412.1170317,False,False,False,False,1212553.62763802,False,False,False,False
2023-12-01 00:00:00+00:00,13.9276371397,14.4102183505,13.8819727557,14.2746864586,1065864,,14.973245998506462,,14.878348783783498,15.167003012339395,14.626528037446638,14.630105562327097,"rgba(239, 83, 80, 1.0)",0.0,0.0,0.7738819269775081,14.67988466175287,-0.9720443078324194,42.67243230659365,-9.897729605492735,False,True,False,True,True,0.0,14.066434035114499,0.0,0.0,0.0,0.0,1,0.7880519890389254,0.9800409565458219,False,False,False,False,-0.251062869679609,-0.21647062803756736,False,False,False,False,62893155,67738637.32812849,False,False,False,False,1206801.093220843,False,False,False,False
2023-12-04 00:00:00+00:00,13.7632453571,14.0189659079,13.6353850817,13.7815111107,2607498,,14.962818036878833,,14.808221315691402,15.112367431895446,14.618263448906593,14.552291178680683,"rgba(239, 83, 80, 1.0)",0.0,0.0,0.7884497527990812,14.644266174963187,-1.1174089594618655,40.92504855375714,-9.897729605492735,False,True,False,True,False,0.0,14.066799350187,0.0,0.0,0.0,0.0,1,0.7817158849419491,0.9982570391230526,False,False,False,False,-0.33316124456105434,-0.27481593629931084,False,False,False,False,60285657,67446363.58977051,False,False,False,False,1261730.383682771,False,False,False,False
2023-12-05 00:00:00+00:00,13.5623220672,13.9002385093,13.5531891904,13.7906439876,967767,,14.958552345678608,,14.78129819533204,15.09122297551975,14.61473946806417,14.523432992613124,"rgba(239, 83, 80, 1.0)",0.0,0.0,0.8096635827733255,14.630696004066113,-1.3195282085018962,38.88716157927034,-6.321793047685823,False,True,False,True,False,0.0,14.0673929871795,0.0,0.0,0.0,0.0,1,0.7827764392857007,0.9937572596025998,False,False,False,False,-0.34282825441539394,-0.3088220953573524,False,False,False,False,59317890,67127599.91958344,False,False,False,False,1250202.4078520741,False,False,False,False
2023-12-06 00:00:00+00:00,13.0782795961,13.3340001469,13.0508809657,13.279202886,964754,,14.952628684793966,,14.74375756583108,15.063289331692333,14.609338426791718,14.476988810953314,"rgba(239, 83, 80, 1.0)",0.0,0.0,0.8445418901170014,14.609871311963698,-1.8135177589018274,35.71359404949973,-9.360666238765702,False,True,False,True,False,0.0,14.065703404969,0.0,0.0,0.0,0.0,0,0.7707990765744703,1.0132801425712352,False,False,False,False,-0.34282825441539394,-0.3258251748863732,False,False,False,False,58353136,66783503.29528605,False,False,False,False,1239008.3526421888,True,False,False,False
2023-12-07 00:00:00+00:00,13.133076857,13.2426713788,13.0052165816,13.1970069947,1146873,,14.945530684662375,,14.700592546050517,15.030651330855044,14.602849631384569,14.188118551887666,"rgba(239, 83, 80, 1.0)",0.0,0.0,0.8751996492707025,14.525210526034446,-1.5906469686025353,34.047714928720815,-10.931010467381554,False,True,False,True,False,0.0,14.065703404969,0.0,0.0,0.0,0.0,0,0.7581764729742713,1.0268629292428255,True,False,False,False,-0.34282825441539394,-0.3343267146508836,False,False,False,False,59500009,66497876.06801994,False,False,False,False,1235395.2015581813,False,False,False,False
2023-12-08 00:00:00+00:00,13.3340001469,13.3979302846,13.2426713788,13.3157343933,973843,,14.940197878439362,,14.67009579475663,15.006581311755298,14.598117023780222,14.170255579272377,"rgba(239, 83, 80, 1.0)",0.0,0.0,0.8965651934856387,14.514266382723667,-1.3164310240899102,34.589462024962565,-10.931010467381554,False,True,False,True,False,0.0,14.0654294186645,0.0,0.0,0.0,0.0,0,0.7741401169525853,1.0113655883225687,False,False,False,False,-0.29765534449116554,-0.31599102957102454,False,False,False,False,60473852,66261639.83005838,False,False,False,False,1225138.2524774685,False,False,False,False
2023-12-11 00:00:00+00:00,13.4618604223,13.4801261759,13.3066015165,13.379664531,945575,,14.935344209567125,,14.643675174140508,14.985085601896037,14.59388242442815,14.154640883110586,"rgba(239, 83, 80, 1.0)",0.0,0.0,0.9139808915390778,14.504249771398865,-1.1404935910022769,35.97329017411229,-10.931010467381554,False,True,False,True,False,0.0,14.0653380898965,0.0,0.0,0.0,0.0,0,0.7833559754464464,1.0027952739715935,False,False,False,False,-0.28115230002124497,-0.29857166479613473,False,False,False,False,61419427,66071749.130840406,False,False,False,False,1214174.9876744305,False,False,False,False
2023-12-12 00:00:00+00:00,13.0782795961,13.1970069947,13.0144407872,13.1787412411,939982,,14.929541077574479,,14.611934281304363,14.96004781842561,14.588568515053721,14.11828165627598,"rgba(239, 83, 80, 1.0)",0.0,0.0,0.9432419787509555,14.48551743200353,-1.4919160380955472,35.13976367116184,-10.931010467381554,False,True,False,True,False,0.0,14.0642421446785,0.0,0.0,0.0,0.0,0,0.7790176736395661,0.9972420879579236,False,False,False,False,-0.34282825441539394,-0.32069995960576436,False,False,False,False,60479445,65852443.08649373,False,False,False,False,1203422.3214911195,True,False,False,False
2023-12-13 00:00:00+00:00,13.2974686397,13.3030396945,13.087412473,13.087412473,676383,,14.925688670716816,,14.591819533165133,14.943692526936005,14.585106157443539,14.099991831190703,"rgba(239, 83, 80, 1.0)",0.0,0.0,0.9651199711058307,14.47519161092923,-1.220286603208303,36.33033382912705,-10.931010467381554,False,True,False,True,True,0.0,14.063648507686,0.0,0.0,0.0,0.0,0,0.7815146402493031,0.9830466033673357,False,False,False,False,-0.32219831844451935,-0.32144913902514183,False,False,False,False,61155828,65668262.102709666,False,False,False,False,1182754.1128051933,False,False,False,False
2023-12-14 00:00:00+00:00,13.5988535745,13.671916589,13.5440563136,13.5531891904,529657,,14.923349429344444,,14.580703366795209,14.93385862324006,14.583154946383392,14.09708680748123,"rgba(239, 83, 80, 1.0)",0.0,0.0,0.9803415959027942,14.471875872715714,-0.890528670684171,39.29831004954421,-15.494412454985316,False,True,False,True,True,0.0,14.063694172069999,0.0,0.0,0.0,0.0,0,0.8155583332170652,0.9720423047940205,False,False,False,False,-0.2301232460819181,-0.27578619255353,False,False,False,False,61685485,65512074.7653485,False,False,False,False,1157142.4613226368,False,False,False,False
2023-12-15 00:00:00+00:00,13.5805878209,13.6810494658,13.3887974078,13.5897206977,688987,,14.920192915751008,,14.565821290885388,14.920762015791153,14.580486839690273,14.09051017099208,"rgba(239, 83, 80, 1.0)",0.0,0.0,0.9957466015524195,14.466379919741797,-0.8895758192504022,41.1707329629168,-13.675130071830154,False,True,False,True,True,0.0,14.0633288569975,0.0,0.0,0.0,0.0,0,0.8240768525225408,0.9486790443299956,False,False,False,False,-0.24610392057211428,-0.26094505656282213,False,False,False,False,60996498,65334993.32357013,False,False,False,False,1138783.42362371,False,False,False,False
2023-12-18 00:00:00+00:00,13.7162201744,14.0882178008,13.6637589707,13.9451417907,536291,,14.918232832560465,,14.55756154317622,14.912731779452638,14.578966486726435,13.968271354870051,"rgba(239, 83, 80, 1.0)",0.0,0.0,1.0084058075944782,14.439783224550471,-0.7175316174313878,43.418138545736056,-11.517304127042742,False,False,False,True,True,0.0,14.062271772171,0.0,0.0,0.0,0.0,0,0.8364038596608647,0.9194554418241271,False,False,False,False,-0.1724180106046733,-0.2166815335837477,False,False,False,False,61532789,65185887.27166542,False,False,False,False,1115156.2697561134,False,False,False,False
2023-12-19 00:00:00+00:00,13.9260649893,13.9594493917,13.7448353764,13.7829889791,587412,,14.916199458140701,,14.549372778896984,14.904499318280852,14.577426718799918,13.975249045578241,"rgba(239, 83, 80, 1.0)",0.0,0.0,1.0160567774514018,14.440052795277168,-0.5058652403917969,46.38799016537999,-8.720052594536284,True,False,False,False,True,0.0,14.061578945658,0.0,0.0,0.0,0.0,0,0.8297397285148449,0.9378598263362372,False,False,False,False,-0.17750122739891386,-0.1970913804913308,False,False,False,False,62120201,65065664.28061971,False,False,False,False,1094460.4160401875,False,False,False,False
2023-12-20 00:00:00+00:00,13.7543737771,14.0500641981,13.7543737771,14.0500641981,523723,,14.914351794242213,,14.541983200036336,14.897101237709265,14.576013050652826,13.977183257072445,"rgba(239, 83, 80, 1.0)",0.0,0.0,1.0246887229933064,14.438569961471137,-0.6677112463699929,47.13165130189586,-8.016334314355639,True,False,False,False,True,0.0,14.062402211055,0.0,0.0,0.0,0.0,0,0.830782551423772,0.932256936808354,False,False,False,False,-0.16683663418229183,-0.1819640073368113,False,False,False,False,61596478,64929617.759811096,False,False,False,False,1072078.556587631,False,False,False,False
2023-12-21 00:00:00+00:00,13.7257585751,13.7734505785,13.6303745683,13.6303745683,397162,,14.912766608707274,,14.535341010767294,14.89080069702352,14.574733276621531,13.972498941608801,"rgba(239, 83, 80, 1.0)",0.0,0.0,1.0315461095826333,14.43488383262164,-0.6874392244167874,47.4195459029134,-7.637169424315374,True,False,False,False,True,0.0,14.063813030587001,0.0,0.0,0.0,0.0,0,0.838724170402492,0.9397732215931146,False,False,False,False,-0.20974649853075797,-0.19585525293378464,False,False,False,False,61199316,64783331.41628909,False,False,False,False,1045611.2406430182,False,False,False,False
2023-12-22 00:00:00+00:00,13.611297767,13.8688345852,13.5826825649,13.8688345852,359250,,14.911309867225123,,14.529264006507365,14.885052589109211,14.573549213776563,13.96841811187715,"rgba(239, 83, 80, 1.0)",0.0,0.0,1.0407454228791053,14.431600217761053,-0.7881874209850269,46.75677680413448,-7.637169424315374,True,False,False,False,True,0.0,14.065519169376,0.0,0.0,0.0,0.0,0,0.8359591153909197,0.9387977118648704,False,False,False,False,-0.2046010851589343,-0.20022816904635948,False,False,False,False,60840066,64628693.55682677,False,False,False,False,1018695.1135589782,False,False,False,False
2023-12-26 00:00:00+00:00,13.8306809825,13.9928337941,13.7066817737,13.8592961846,665197,,14.908963896603199,,14.52027949446008,14.87591901660302,14.571749173841384,13.97049809614387,"rgba(239, 83, 80, 1.0)",0.0,0.0,1.0448140388894591,14.429592936417984,-0.5732234939669953,48.15631577670561,-6.628870647644945,True,False,False,False,True,0.0,14.067408936561002,0.0,0.0,0.0,0.0,0,0.8273607390619669,0.9587091528504187,False,False,False,False,-0.17801004450131686,-0.18911910677383817,False,False,False,False,61505263,64506206.084010035,False,False,False,False,1004832.4424390183,False,False,False,False
2023-12-27 00:00:00+00:00,13.6780665717,13.906988188,13.6780665717,13.8592961846,353529,,14.907617467927453,,14.514984167608281,14.870716784522783,14.57067963266505,13.968923292099518,"rgba(239, 83, 80, 1.0)",0.0,0.0,1.0501082298936648,14.4273989312292,-0.7135763135625347,47.86818263502565,-6.628870647644945,True,False,False,False,True,0.0,14.0702252139025,0.0,0.0,0.0,0.0,0,0.8207369423399111,0.9615135521070615,False,False,False,False,-0.19024968972909242,-0.1896843982514653,False,False,False,False,61151734,64374658.1591469,False,False,False,False,979291.1309708216,False,False,False,False
2023-12-28 00:00:00+00:00,13.37283775,13.7114509741,13.3538563327,13.611297767,1658635,,14.899845847563492,,14.48244752902864,14.841083437725233,14.564020969312503,13.935529134151775,"rgba(239, 83, 80, 1.0)",0.0,0.0,1.056365209280093,14.40579100801067,-0.9778372564111815,45.523217372999156,-6.628870647644945,True,False,False,True,False,0.0,14.0735245800345,0.0,0.0,0.0,0.0,0,0.8101625083310571,0.9709827717777582,False,False,False,False,-0.24660231672637462,-0.21814335748891994,False,False,False,False,59493099,64183224.46663134,False,False,False,False,1005932.0670111816,False,False,False,False
2023-12-29 00:00:00+00:00,13.2679153426,13.4777601575,13.2583769419,13.4777601575,882323,,14.895328407880895,,14.463580203987974,14.824207302517182,14.560043708794186,13.914732388423658,"rgba(239, 83, 80, 1.0)",0.0,0.0,1.0635295978078314,14.39281576177953,-1.057704855133508,43.2915406414454,-2.170791715044629,False,False,False,True,False,0.0,14.079039197173,0.0,0.0,0.0,0.0,0,0.7914981445879535,0.9926002904398603,False,False,False,False,-0.2830807894786546,-0.2506120734837873,False,False,False,False,58610776,63964697.07578305,False,False,False,False,1001084.6526185863,False,False,False,False
2024-01-02 00:00:00+00:00,13.1820697365,13.4396065548,13.1343777331,13.4396065548,834648,,14.890853909282681,,14.445028744794328,14.807720546507442,14.556052742453103,13.74487604054561,"rgba(239, 83, 80, 1.0)",0.0,0.0,1.065683058823008,14.37996632364128,-1.1240645867677532,41.25597287988382,-4.153214140223795,False,True,False,True,False,0.0,14.083987593129,0.0,0.0,0.0,0.0,0,0.7864112013395832,1.0083975674644103,False,False,False,False,-0.3013182060796295,-0.2759651397817084,False,False,False,False,57776128,63722008.09241901,False,False,False,False,994557.7250649163,False,False,False,False
2024-01-03 00:00:00+00:00,13.5349905615,13.5683749639,13.3060689453,13.344222548,916896,,14.886616002253533,,14.42889608417772,14.792483553165678,14.55242403827049,13.750069406950924,"rgba(239, 83, 80, 1.0)",0.0,0.0,1.059618425299208,14.370987070958543,-0.7889599590743993,43.26266128020336,-4.153214140223795,False,False,False,True,False,0.0,14.091842202811499,0.0,0.0,0.0,0.0,0,0.7766193218671139,0.9985077126985378,False,False,False,False,-0.2583171120645711,-0.26714112592313977,False,False,False,False,58693024,63524793.02997121,False,False,False,False,991512.1672192332,False,False,False,False
2024-01-04 00:00:00+00:00,13.3823761507,13.5540673629,13.2297617398,13.5445289622,435154,,14.88449895611092,,14.420793347265093,14.784937083310222,14.550582006624683,13.745109231002093,"rgba(239, 83, 80, 1.0)",0.0,0.0,1.0542384466018575,14.366139145519512,-0.9331503683919788,43.481714955605256,-4.153214140223795,False,False,False,True,False,0.0,14.0979291239905,0.0,0.0,0.0,0.0,1,0.7943849716532342,0.9871254844182156,False,False,False,False,-0.265606694277282,-0.2663739101002109,False,False,False,False,58257870,63318247.028795876,False,False,False,False,969694.1998773026,False,False,False,False
2024-01-05 00:00:00+00:00,13.5636057636,13.6494513697,13.4872985581,13.5636057636,724825,,14.881404081376699,,14.409854175334159,14.774125867201107,14.547994912769243,13.668343556633548,"rgba(239, 83, 80, 1.0)",0.0,0.0,1.0444241351883834,14.360809234562623,-0.7632947612981302,45.214137600372766,-4.153214140223795,True,False,False,True,True,0.0,14.1037349192485,0.0,0.0,0.0,0.0,1,0.823438498049272,0.9634709702990039,False,False,False,False,-0.21954340667856523,-0.24295865838938807,False,False,False,False,58982695,63148225.380607806,False,False,False,False,960091.4861566242,False,False,False,False
2024-01-08 00:00:00+00:00,13.2011465378,13.2106849385,13.0437629266,13.1439161337,480648,,14.878714587607739,,14.399258709775594,14.764634268096518,14.545564556240208,13.539307781127498,"rgba(239, 83, 80, 1.0)",0.0,0.0,1.0448244529778217,14.296150291215127,-1.0480265371798025,43.81624917693075,-4.153214140223795,False,False,False,True,True,0.0,14.107500096456999,0.0,0.0,0.0,0.0,1,0.8167207784796303,0.9739163681677288,False,False,False,False,-0.3368989606703816,-0.28992880952988487,False,False,False,False,58502047,62966022.30685848,False,False,False,False,941289.7808171487,False,False,False,False
2024-01-09 00:00:00+00:00,13.3156073459,13.401452952,13.2106849385,13.3060689453,351969,,14.876929436068657,,14.392577107922104,14.75842533008239,14.54399058189306,13.54069524149918,"rgba(239, 83, 80, 1.0)",0.0,0.0,1.040655105070416,14.29542404355026,-0.9415383568256855,43.9030666564852,-4.153214140223795,False,False,False,True,True,0.0,14.112339885931,0.0,0.0,0.0,0.0,1,0.8227818530191373,0.9608144671032309,False,False,False,False,-0.28840883205149326,-0.28916882079068906,False,False,False,False,58854016,62804767.157569915,False,False,False,False,918179.1619615742,False,False,False,False
2024-01-10 00:00:00+00:00,13.2488385412,13.5159137602,13.1916081371,13.4491449554,1335348,,14.870234440498777,,14.368172316580907,14.735495035461923,14.538101144168536,13.531384478789958,"rgba(239, 83, 80, 1.0)",0.0,0.0,1.0361735115898028,14.283965900206365,-0.998990369304237,43.48814607233149,-4.153214140223795,False,False,False,True,True,0.0,14.1168001669975,0.0,0.0,0.0,0.0,1,0.8169065200277799,0.9822421271120475,False,False,False,False,-0.26413163357200997,-0.2766502271813495,False,False,False,False,57518668,62597469.1513907,False,False,False,False,934538.7242375909,False,False,False,False
2024-01-11 00:00:00+00:00,13.401452952,13.5826825649,13.3346841473,13.4968369588,325830,,14.868736097333631,,14.363051218326305,14.73047813108333,14.536814225937897,13.534254558235379,"rgba(239, 83, 80, 1.0)",0.0,0.0,1.0281398155206227,14.282251475851421,-0.8566913862833027,44.64227958303604,-4.153214140223795,True,False,False,True,True,0.0,14.11923799269,0.0,0.0,0.0,0.0,1,0.8563056348605576,0.9734884834912488,False,False,False,False,-0.22469980638535636,-0.2506750167833529,False,False,False,False,57844498,62411078.12584597,False,False,False,False,910667.7938753325,False,False,False,False
2024-01-12 00:00:00+00:00,13.5063753595,13.7829889791,13.4682217568,13.7257585751,458604,,14.866847776990106,,14.357064817369439,14.72427494545278,14.535248762393941,13.515081030816704,"rgba(239, 83, 80, 1.0)",0.0,0.0,1.0149648406090908,14.281746745065693,-0.7639391578336691,46.35908305140069,-7.651854375729997,True,False,False,False,True,0.0,14.1217894509635,0.0,0.0,0.0,0.0,1,0.8680890764597705,0.9517758068870212,False,False,False,False,-0.17109130182603974,-0.2108831593046963,False,False,False,False,58303102,62249981.02287161,False,False,False,False,892939.8019586528,False,False,False,False
2024-01-16 00:00:00+00:00,13.3537609487,13.5254521609,13.3346841473,13.5254521609,423460,,14.864863109876751,,14.350338616356247,14.717704150210638,14.533532773637923,13.503897888674903,"rgba(239, 83, 80, 1.0)",0.0,0.0,0.9933889313913986,14.278363838737075,-0.9307561830209065,46.193196258266106,-7.651854375729997,True,False,False,True,True,0.0,14.1238974878715,0.0,0.0,0.0,0.0,1,0.8616414113544797,0.9639876987937538,False,False,False,False,-0.2340103965220405,-0.22244677791336842,False,False,False,False,57879642,62078595.17883743,False,False,False,False,874528.8293328234,False,False,False,False
2024-01-17 00:00:00+00:00,13.3919145514,13.4192897613,13.1725313358,13.1820697365,447417,,14.862662139814434,,14.34276611365663,14.710430828272417,14.531602521021314,13.434345398831125,"rgba(239, 83, 80, 1.0)",0.0,0.0,0.9756254677531795,14.273754136216635,-0.9038710180941374,46.46609747359331,-7.207610864286899,True,False,False,False,True,0.0,14.1252601729195,0.0,0.0,0.0,0.0,1,0.8459556669172321,0.9685780525440676,False,False,False,False,-0.27670143315116474,-0.24957410553226658,False,False,False,False,58327059,61931476.11300067,False,False,False,False,857779.3458295756,False,False,False,False
2024-01-18 00:00:00+00:00,13.5159137602,13.5826825649,13.3537609487,13.4300681541,275567,,14.861447335768688,,14.338867052557811,14.706490785544645,14.53057062193138,13.444890911982458,"rgba(239, 83, 80, 1.0)",0.0,0.0,0.9604747574031665,14.27217728884817,-0.7873851163906457,47.89513887191072,-5.664986898073799,True,False,False,False,True,0.0,14.126306734138,0.0,0.0,0.0,0.0,1,0.8611964530112781,0.9576401364768375,False,False,False,False,-0.2187772998298425,-0.23417570268105453,False,False,False,False,58602626,61800932.97131437,False,False,False,False,834947.4891303765,False,False,False,False
2024-01-19 00:00:00+00:00,13.4968369588,13.6303745683,13.4109913527,13.5826825649,1086974,,14.856775469326863,,14.324329976959197,14.691551206760664,14.526630808593511,13.466512192392376,"rgba(239, 83, 80, 1.0)",0.0,0.0,0.948396479290275,14.266388707826916,-0.8114240887975509,48.64807253367927,-4.797028542358831,True,False,False,False,True,0.0,14.1243810551535,0.0,0.0,0.0,0.0,1,0.8570728403334777,0.9508839711169019,False,False,False,False,-0.1639194210844997,-0.1990475618827771,False,False,False,False,57515652,61632882.73714518,False,False,False,False,844830.881713499,False,False,False,False
2024-01-22 00:00:00+00:00,13.668528171,13.7625768017,13.5063753595,13.5159137602,275976,,14.855711407212173,,14.321312143222437,14.68823902416312,14.52576603473707,13.476135825523645,"rgba(239, 83, 80, 1.0)",0.0,0.0,0.9316580135921672,14.265735033645623,-0.641015108476327,50.88902680012761,-2.567244952983998,True,False,False,False,True,0.0,14.123359496614,0.0,0.0,0.0,0.0,1,0.8768081405561478,0.9287926015305956,False,False,False,False,-0.1170564516938451,-0.1580520067883111,False,False,False,False,57791628,61482245.29647282,False,False,False,False,822522.847136499,False,False,False,False
2024-01-23 00:00:00+00:00,13.668528171,13.7543737771,13.5826825649,13.6208361676,201989,,14.85494838675862,,14.319193987896233,14.685880584118658,14.525150476651438,13.483046189925593,"rgba(239, 83, 80, 1.0)",0.0,0.0,0.929728289006816,14.265326219084097,-0.6419058720065698,52.382996311093166,-1.1095227672024137,True,False,True,False,True,0.0,14.1222922736905,0.0,0.0,0.0,0.0,1,0.9036630853692064,0.9129752610154931,False,False,False,False,-0.10314092215403914,-0.13059646447117512,False,False,False,False,57791628,61337515.206415065,False,False,False,False,798188.1864644794,False,False,False,False
2024-01-24 00:00:00+00:00,13.7925273798,13.8497577839,13.6780665717,13.7162201744,324251,,14.85383370774854,,14.316366022296082,14.682505446385102,14.52428497985894,13.498054831001877,"rgba(239, 83, 80, 1.0)",0.0,0.0,0.9295169552501023,14.265392708061617,-0.5087215737064045,54.62559377266198,1.0180342378105678,True,False,True,False,True,0.0,14.121890711194999,0.0,0.0,0.0,0.0,1,0.9021201905704466,0.9066592744279205,False,False,False,False,-0.06435565750293092,-0.09747606098705303,False,False,False,False,58115879,61211176.531653695,False,False,False,False,779602.4144462645,False,False,False,False
2024-01-25 00:00:00+00:00,14.0023721947,14.0596025988,13.865019225,13.9451417907,350112,,14.852857493998105,,14.314470355597173,14.679693493421526,14.523603773119726,13.522129377879084,"rgba(239, 83, 80, 1.0)",0.0,0.0,0.927725150592367,14.26694074248116,-0.28517988071383915,57.959907961558834,4.094809692103674,True,False,True,False,True,0.0,14.1228580234625,0.0,0.0,0.0,0.0,0,0.9064834651220604,0.9080683584796235,False,False,False,False,0.01583469526898114,-0.040820682859035944,False,False,False,False,58465991,61103522.19707905,False,False,False,False,762759.6530954307,False,False,False,False
2024-01-26 00:00:00+00:00,14.1454482049,14.1836018076,13.8497577839,13.9928337941,1751714,,14.848469894706682,,14.307567410999706,14.66759200813196,14.520738984040554,13.670589785688517,"rgba(38, 166, 154, 1.0)",0.0,0.0,0.9173661552132716,14.264317739825662,-0.12957697888693953,61.2664036244115,7.05428154706199,True,False,True,False,True,0.16773615492060756,14.1234904349475,0.0,0.0,0.0,0.0,0,0.8987543685769563,0.9093847202615704,False,False,False,False,0.03780193906431701,-0.001509371897359467,False,False,False,True,60217705,61068784.26778183,False,False,False,False,801542.176503453,False,False,False,False
2024-01-29 00:00:00+00:00,14.0214489961,14.0977562015,13.9260649893,14.0977562015,386749,,14.847453428012555,,14.30582885584225,14.66479261498827,14.520050653471989,13.683231807724404,"rgba(38, 166, 154, 1.0)",0.0,0.0,0.9084332333634704,14.264949021549153,-0.2680439425884885,61.64797011015954,7.280065461219657,True,False,True,False,True,0.0,14.122224247635,0.0,0.0,0.0,0.0,0,0.8928476621051568,0.9238279841307465,False,False,False,False,0.07563512855551446,0.037062878329077495,False,False,False,False,59830956,61020241.98277078,False,False,False,False,785275.7774248862,False,False,False,False
2024-01-30 00:00:00+00:00,14.1263714035,14.1740634069,13.8402193832,13.8402193832,331551,,14.846617216683983,,14.30451600327708,14.662528322171216,14.51949911469866,13.69484741192931,"rgba(38, 166, 154, 1.0)",0.0,0.0,0.9018359650387309,14.265911163651461,-0.15472853773964115,62.77631060355964,8.327525923480316,True,False,True,False,True,0.03489495482835636,14.121893651815999,0.0,0.0,0.0,0.0,0,0.9060403658640515,0.9039928566648211,False,False,False,False,0.07348916796046422,0.055276023144770856,False,False,False,False,60162507,60986605.31677977,False,False,False,False,767482.6488984202,False,False,False,False
2024-01-31 00:00:00+00:00,13.8211425819,14.0691409995,13.8020657805,14.0691409995,291690,,14.84574578657983,,14.302708357620773,14.66006972032539,14.51886185937206,13.698472170169012,"rgba(38, 166, 154, 1.0)",0.0,0.0,0.8967063708269408,14.265084753726288,-0.49508087180967114,59.5728888532258,8.327525923480316,True,False,True,False,False,0.0,14.119717261200499,0.0,0.0,0.0,0.0,0,0.927246070044421,0.8915484053587607,False,False,False,False,0.04136964054045225,0.048322831842611554,False,False,False,False,59870817,60942848.91220017,False,False,False,False,748824.1136475018,False,False,False,False
2024-02-01 00:00:00+00:00,13.5445289622,13.964218592,13.5159137602,13.9165265886,599324,,14.843541257320304,,14.297031868355338,14.653607511938876,14.517089119330857,13.689886594035379,"rgba(38, 166, 154, 1.0)",0.0,0.0,0.8786505752320518,14.259299110113705,-0.8134862345306436,54.709702008869264,9.77274348807832,True,False,True,False,False,0.0,14.117162418936,0.0,0.0,0.0,0.0,0,0.9021394234446085,0.9265220816927484,False,False,False,False,-0.04618375972619383,0.0010695360582088607,False,False,False,False,59271493,60877305.54309428,False,False,False,False,742961.3640926979,False,False,False,False
2024-02-02 00:00:00+00:00,13.3251457466,13.4205297534,13.2679153426,13.37283775,367866,,14.841803177362584,,14.291738123186656,14.648331344969542,14.515570737910188,13.671892009493558,"rgba(38, 166, 154, 1.0)",0.0,0.0,0.8650756548866723,14.252375468869909,-1.0718481291574187,49.69257567818876,5.321067956736954,True,False,False,False,False,0.0,14.113647653745499,0.0,0.0,0.0,0.0,0,0.8704352656317201,0.96728558225057,False,False,False,False,-0.22182767261107114,-0.11037906827643114,False,False,False,False,58903627,60799906.38454156,False,False,False,False,728251.7419714156,False,False,False,False
2024-02-05 00:00:00+00:00,13.4968369588,13.5159137602,13.2631461422,13.3537609487,364515,,14.840184780974436,,14.2870254919524,14.643490862725356,14.514181454690888,13.646676105159408,"rgba(38, 166, 154, 1.0)",0.0,0.0,0.8457250899795712,14.204570535066514,-0.8368364432508562,48.20801273755759,4.1965457529620025,True,False,False,False,False,0.0,14.112361276138001,0.0,0.0,0.0,0.0,0,0.87303364666922,0.9558160240695369,False,False,False,False,-0.1996428713562263,-0.15501096981632873,False,False,False,False,59268142,60739837.192990914,False,False,False,False,713987.5560117522,False,False,False,False
2024-02-06 00:00:00+00:00,13.5540673629,13.611297767,13.4586833561,13.5445289622,268118,,14.839094177564258,,14.284054153696585,14.640291701758905,14.51327049837531,13.64799581418282,"rgba(38, 166, 154, 1.0)",0.0,0.0,0.8172677221881851,14.2043647433028,-0.7956968845676039,47.816991720098294,3.921789970457681,True,False,False,False,False,0.0,14.112867975224999,0.0,0.0,0.0,0.0,0,0.9277045055875335,0.9471452705472957,False,False,False,False,-0.12960212122460096,-0.14230654552046484,False,False,False,False,59536260,60692638.08738343,False,False,False,False,696502.4753838404,False,False,False,False
2024-02-07 00:00:00+00:00,13.639912969,13.6589897703,13.5349905615,13.5445289622,151898,,14.838510384852082,,14.282538826109855,14.638602334424418,14.512792255089233,13.64979845326109,"rgba(38, 166, 154, 1.0)",0.0,0.0,0.7714801153932976,14.204536784350285,-0.7318708597725075,48.46269569735959,3.921789970457681,True,False,False,False,False,0.0,14.1128906146615,0.0,0.0,0.0,0.0,0,0.9048007380654166,0.9426265772568576,False,False,False,False,-0.10016714330590987,-0.12123684441318736,False,False,False,False,59688158,60653246.71140761,False,False,False,False,675145.4371334937,False,False,False,False
2024-02-08 00:00:00+00:00,13.906988188,13.9308341897,13.639912969,13.639912969,270134,,14.837654865677779,,14.280717023353308,14.636236428240247,14.512145180242381,13.66315682840888,"rgba(38, 166, 154, 1.0)",0.0,0.0,0.7279711045839677,14.208296844824224,-0.4139019460070748,51.39603507658501,3.921789970457681,True,False,False,False,True,0.0,14.1133353425115,0.0,0.0,0.0,0.0,0,0.927084609413873,0.9153343709792766,False,False,False,False,-0.011573188976739594,-0.06640501669496347,False,False,False,False,59958292,60625993.58547006,False,False,False,False,659262.6356772783,False,False,False,False
2024-02-09 00:00:00+00:00,13.9832953934,14.0405257974,13.9165265886,13.9737569927,279175,,14.836906757315285,,14.279482667019234,14.634268322082912,14.511627712213635,13.68032377031678,"rgba(38, 166, 154, 1.0)",0.0,0.0,0.6953357307600702,14.213153723151795,-0.33057172180773203,53.99064741152983,-2.2125917570761047,True,False,True,False,True,0.0,14.115942517367,0.0,0.0,0.0,0.0,0,0.9384508173512027,0.920703520207505,False,False,False,False,0.07908705961346936,0.0063410214592529435,False,False,False,False,60237467,60610757.24878496,False,False,False,False,644357.238199738,False,False,False,False
2024-02-12 00:00:00+00:00,14.0214489961,14.0691409995,13.9451417907,13.9451417907,370167,,14.835953562456302,,14.278033715780795,14.63180283752156,14.510984086055709,13.699140312819443,"rgba(38, 166, 154, 1.0)",0.0,0.0,0.6728022306823328,14.218035530781984,-0.29219067018046696,56.04801750559362,-0.21127078815937494,True,False,True,False,True,0.0,14.120704028751002,0.0,0.0,0.0,0.0,0,0.9342257757764965,0.9301478643385437,False,False,False,False,0.0925929949167643,0.04946700818800862,False,False,False,False,60607634,60610634.768440455,False,False,False,False,633604.679838964,False,False,False,False
2024-02-13 00:00:00+00:00,14.0309873968,14.1263714035,13.9928337941,14.0786794002,335276,,14.835131997899078,,14.276921037441594,14.629722952305276,14.51044701304086,13.714507157524544,"rgba(38, 166, 154, 1.0)",0.0,0.0,0.6381906049673369,14.221802690468348,-0.2989942067199708,57.506947604527795,1.2610279182268513,True,False,True,False,True,0.0,14.12519358145,0.0,0.0,0.0,0.0,0,0.9418942421565476,0.9433263835452268,False,False,False,False,0.282405316453895,0.16593616232095182,False,False,False,False,60942910,60623665.169678085,False,False,False,False,621905.5159237105,False,False,False,False
2024-02-14 00:00:00+00:00,13.8783729859,14.202678609,13.8600592566,14.1549866056,411702,,14.834036153953232,,14.275154278640283,14.626884575188146,14.509689646394529,13.770658278925586,"rgba(38, 166, 154, 1.0)",0.0,0.0,0.6124036668061821,14.20929390247062,-0.5403640352064573,56.389665911207366,1.2610279182268513,True,False,True,False,True,0.0,14.127230479884002,0.0,0.0,0.0,0.0,0,0.9465689359734845,0.9002018842389496,False,False,False,False,0.3210596236548942,0.24349789298792301,False,False,False,False,60531208,60620039.398318164,False,False,False,False,613662.2407894473,False,False,False,False
2024-02-15 00:00:00+00:00,14.0214489961,14.1454482049,13.6494513697,13.6494513697,246538,,14.833349374676088,,14.273958497851684,14.625088155892707,14.509201598869446,13.812568067612338,"rgba(38, 166, 154, 1.0)",0.0,0.0,0.5535747778747371,14.20917857435226,-0.3391223476130607,57.121934846203644,1.2610279182268513,True,False,True,False,True,0.0,14.130941710434502,0.0,0.0,0.0,0.0,0,0.9494974587382079,0.8776865290917214,False,False,False,False,0.22135009553671817,0.23242399426232058,False,False,False,False,60777746,60626223.97093314,False,False,False,False,599265.2117388807,False,False,False,False
2024-02-16 00:00:00+00:00,14.0691409995,14.1168330029,13.9832953934,14.0023721947,224951,,14.832805935153509,,14.273255166486344,14.623736760775522,14.508848701753932,13.828607064303617,"rgba(38, 166, 154, 1.0)",0.0,0.0,0.5284873640355263,14.21190999387358,-0.2701464672369763,58.08262700260702,2.304428661323101,True,False,True,False,True,0.17151525806957224,14.1381335722705,0.0,0.0,0.0,0.0,0,0.9781912490784093,0.8694571614682606,False,False,False,False,0.335439824720234,0.2839319094912773,False,False,False,False,61002697,60640987.61913184,False,False,False,False,584586.2230432383,False,False,False,False
2024-02-20 00:00:00+00:00,13.9546801913,14.0834486005,13.8879113866,14.0691409995,267010,,14.832094616706948,,14.27211625749328,14.621912955599534,14.508355600187446,13.831822487374083,"rgba(38, 166, 154, 1.0)",0.0,0.0,0.5087091172623595,14.212587745354877,-0.5069843360441794,57.065472064571566,2.304428661323101,True,False,True,False,True,0.0,14.147127678037,0.0,0.0,0.0,0.0,0,0.9919502296169763,0.8444150918782286,False,False,False,False,0.2864368552669014,0.28518438237908933,False,False,False,False,60735687,60644701.320342354,False,False,False,False,572132.2535121309,False,False,False,False
2024-02-21 00:00:00+00:00,13.964218592,14.0119105954,13.906988188,13.906988188,194032,,14.83156983277262,,14.271254440045249,14.62056486309342,14.507988239138195,13.83344621006379,"rgba(38, 166, 154, 1.0)",0.0,0.0,0.4892301428790492,14.212840016097067,-0.5081890961050874,56.500384796674695,2.304428661323101,True,False,True,False,True,0.0,14.1558954895025,0.0,0.0,0.0,0.0,0,0.9966064627086106,0.84146002166119,False,False,False,False,0.26686224984430434,0.27602331611169684,False,False,False,False,60929719,60655878.4842505,False,False,False,False,557304.7925900866,False,False,False,False
2024-02-22 00:00:00+00:00,14.0214489961,14.0739101998,13.906988188,13.964218592,137497,,14.83121529779854,,14.270724486794837,14.619670254801887,14.507747108651241,13.836342918007656,"rgba(38, 166, 154, 1.0)",0.0,0.0,0.4574335118376892,14.213400370220597,-0.41962682915262034,56.828850514068414,2.304428661323101,True,False,True,False,True,0.0,14.1628488913215,0.0,0.0,0.0,0.0,0,0.9871646665162032,0.8552573124471947,False,False,False,False,0.2900185371367823,0.28302092662423955,False,False,False,False,61067216,60672009.36722107,False,False,False,False,540841.7419002793,False,False,False,False
2024-02-23 00:00:00+00:00,13.8116041812,13.906988188,13.7829889791,13.8116041812,1101393,,14.827817590640084,,14.263973810169105,14.610688367676914,14.505190565364193,13.837635031952825,"rgba(38, 166, 154, 1.0)",0.0,0.0,0.43387057029966297,14.207382160934738,-0.912202870688798,53.97226291409339,2.304428661323101,True,False,True,False,False,0.0,14.167520130696,0.0,0.0,0.0,0.0,0,0.9650597717915342,0.8658169953701078,False,False,False,False,0.1835395148715749,0.23328022074790722,False,False,False,False,59965823,60644315.78419279,False,False,False,False,562824.1441786997,False,False,False,False
2024-02-26 00:00:00+00:00,13.9451417907,14.0214489961,13.7829889791,13.7829889791,181874,,14.82730522808237,,14.263089486229092,14.609380631280093,14.504822020745289,13.86676792218001,"rgba(38, 166, 154, 1.0)",0.0,0.0,0.40783505024876154,14.207385722356943,-0.643014697969157,53.8098947151943,2.304428661323101,True,False,True,False,False,0.0,14.172174092357,0.0,0.0,0.0,0.0,0,0.9896649318600531,0.8538491564736511,False,False,False,False,0.22217833248298824,0.22772927661544773,False,False,False,False,60147697,60624840.537753865,False,False,False,False,547884.9228383586,False,False,False,False
2024-02-27 00:00:00+00:00,14.0214489961,14.0810640003,13.9737569927,14.0214489961,258155,,14.82666579635009,,14.262233959359104,14.607823265046198,14.50439637958843,13.883836399541071,"rgba(38, 166, 154, 1.0)",0.0,0.0,0.4013803024182005,14.208672716638608,-0.46644969723386753,54.62727041337875,2.304428661323101,True,False,True,False,False,0.0,14.177666233886,0.0,0.0,0.0,0.0,0,0.9969636288945082,0.8548946709626842,False,False,False,False,0.3174641634798083,0.272596720047628,False,False,False,False,60405852,60616252.75195959,False,False,False,False,536522.9650799915,False,False,False,False
2024-02-28 00:00:00+00:00,13.964218592,14.1263714035,13.9260649893,14.0214489961,217706,,14.826113991887915,,14.261457111980716,14.606471764419114,14.504023149239917,13.890277865719046,"rgba(38, 166, 154, 1.0)",0.0,0.0,0.39975631573946563,14.209456496045314,-0.6134684916526602,54.29188586158155,2.304428661323101,True,False,True,False,False,0.0,14.183968168612001,0.0,0.0,0.0,0.0,0,0.9773528306809129,0.8596672147202985,False,False,False,False,0.31653248380129856,0.2945646019244633,False,False,False,False,60188146,60599464.25188275,False,False,False,False,524020.3389984232,False,False,False,False
2024-02-29 00:00:00+00:00,13.93560339,14.0357565971,13.8974497873,13.93560339,178894,,14.82563391731431,,14.260700012870334,14.605275031177039,14.503686595076559,13.891529806719728,"rgba(38, 166, 154, 1.0)",0.0,0.0,0.3978406033986841,14.209665418228706,-0.6888739507416801,53.618469707739195,2.304428661323101,True,False,True,False,False,0.0,14.1913599656975,0.0,0.0,0.0,0.0,1,0.9868146815757731,0.8656708224012568,False,False,False,False,0.27058461204761997,0.28257460698604164,False,False,False,False,60009252,60576318.67337754,False,False,False,False,510485.9727631909,False,False,False,False
2024-03-01 00:00:00+00:00,14.0596025988,14.2109770176,14.0596025988,14.0691409995,811138,,14.823847697588276,,14.259024430279638,14.601176464782375,14.502593030616032,13.926744687886128,"rgba(38, 166, 154, 1.0)",0.0,0.0,0.3913930050227297,14.215172981455913,-0.39747869956663784,54.87363318996621,2.304428661323101,True,False,True,False,False,0.22766012679076653,14.198321477993503,0.0,0.0,0.0,0.0,1,0.9745571754817989,0.8819109725094861,False,False,False,False,0.3428281809422667,0.3127013939641542,False,False,False,False,60820390,60585890.09795098,False,False,False,False,522276.248341105,False,False,False,False
2024-03-04 00:00:00+00:00,14.0596025988,14.1930448243,13.9976029944,14.0977562015,302061,,14.823160056614162,,14.25830003485972,14.599585610263238,14.502159810870896,13.934078300775216,"rgba(38, 166, 154, 1.0)",0.0,0.0,0.3783272812028812,14.216597746121925,-0.4149717853356062,55.710408844784226,2.304428661323101,True,False,True,False,True,0.22766012679076653,14.205785298514499,0.0,0.0,0.0,0.0,1,0.9654746302299387,0.8750121700204555,False,False,False,False,0.3137375962394527,0.31321949510180347,False,False,False,False,60820390,60595086.17254114,False,False,False,False,513640.356249297,False,False,False,False
2024-03-05 00:00:00+00:00,13.9451417907,14.0882178008,13.9308341897,13.9832953934,472191,,14.821949440784024,,14.256568600039392,14.596662429249665,14.5013305768109,13.935385468999634,"rgba(38, 166, 154, 1.0)",0.0,0.0,0.36511319185715646,14.217011665820166,-0.7446180559439524,54.22437140270834,2.304428661323101,True,False,True,False,True,0.0,14.210576253328,0.0,0.0,0.0,0.0,1,0.9590384251496563,0.8891538898508934,False,False,False,False,0.25291833141910575,0.2830689132604546,False,False,False,False,60348199,60585404.322637565,False,False,False,False,512014.8912983442,False,False,False,False
2024-03-06 00:00:00+00:00,14.0596025988,14.2217554103,14.0238335963,14.0786794002,267072,,14.82135938992531,,14.256009510661281,14.595327900885483,14.50096634848744,13.975348263447103,"rgba(38, 166, 154, 1.0)",0.0,0.0,0.3601792962659614,14.218245068831683,-0.44045416179207453,54.94271442226312,2.304428661323101,True,False,True,False,True,0.24266047082830866,14.216441820406502,0.0,0.0,0.0,0.0,1,0.9703315227672188,0.851919835191534,False,False,False,False,0.33367496435293875,0.30837193880669667,False,False,False,False,60615271,60586575.56488708,False,False,False,False,502409.287718017,False,False,False,False
2024-03-07 00:00:00+00:00,14.0786794002,14.1740634069,13.9832953934,14.0119105954,352993,,14.820556059212013,,14.255167231593804,14.593493178904465,14.500458223332702,13.978913752962821,"rgba(38, 166, 154, 1.0)",0.0,0.0,0.3619107962474323,14.219486154200812,-0.38906480674465527,55.69667473471581,2.304428661323101,True,False,True,False,True,0.423982746390287,14.2226310934125,0.0,0.0,0.0,0.0,1,0.9706737120306598,0.8621249292432375,False,False,False,False,0.30177487143975884,0.3050734051232278,False,False,False,False,60968264,60601543.73881307,False,False,False,False,496549.82545456535,False,False,False,False
2024-03-08 00:00:00+00:00,13.9832953934,14.0786794002,13.9168127407,14.0691409995,320060,,14.819745160110694,,14.254042708941979,14.591565638180091,14.499905108016591,13.975101759241385,"rgba(38, 166, 154, 1.0)",0.0,0.0,0.35860063396802067,14.219642696602822,-0.6590822235520598,54.40230748564355,2.304428661323101,True,False,True,False,True,0.0,14.228389110768498,0.0,0.0,0.0,0.0,1,0.9624957748270443,0.8850367206534646,False,False,False,False,0.2447183291642716,0.2748958671437497,False,False,False,False,60648204,60603373.552977264,False,False,False,False,489628.6558288961,False,False,False,False
2024-03-11 00:00:00+00:00,14.1072946022,14.1168330029,13.8879113866,13.9928337941,263346,,14.819114920386223,,14.253280823208547,14.590105897002276,14.499490700356139,13.998152508142335,"rgba(38, 166, 154, 1.0)",0.0,0.0,0.349022723847102,14.220116880723003,-0.32325195700560716,55.44693704130104,2.304428661323101,True,False,True,False,True,0.7066950671011547,14.233853836486999,0.0,0.0,0.0,0.0,1,0.9624727283897513,0.8750499339410921,False,False,False,False,0.24793466882986337,0.26141526798680653,False,False,False,False,60911550,60615458.90384091,False,False,False,False,480754.82618854725,False,False,False,False
2024-03-12 00:00:00+00:00,14.0596025988,14.1645250063,14.0214489961,14.0596025988,464106,,14.818069790431615,,14.252225191567401,14.587757625658806,14.498832345962379,14.007510802126177,"rgba(38, 166, 154, 1.0)",0.0,0.0,0.337244294808567,14.221494046589152,-0.48004206529586546,55.22582905907452,2.304428661323101,True,False,True,False,True,0.23554936624134015,14.2382581432755,0.0,0.0,0.0,0.0,1,0.9993277205804917,0.8529193342931631,False,False,False,False,0.3120528309375224,0.28673404946216446,False,False,False,False,60447444,60608870.08408244,False,False,False,False,480101.93104389834,False,False,False,False
2024-03-13 00:00:00+00:00,14.3171394171,14.3362162185,14.21698621,14.259909013,316128,,14.817560487500252,,14.252383456320302,14.586823831352232,14.498608470460203,14.030809382032096,"rgba(38, 166, 154, 1.0)",0.0,0.0,0.3349058079063413,14.224284379831918,0.27725717224363466,58.41373332759202,5.100136063086154,True,False,True,False,True,2.714345149242277,14.2454570588295,0.0,0.0,0.0,0.0,1,1.01023163169159,0.8162585685054142,False,False,False,False,0.3428281899754971,0.31478111971883077,False,False,False,False,60763572,60614936.82588313,False,False,False,False,473671.58080688276,False,False,False,False
2024-03-14 00:00:00+00:00,14.4602154273,14.512676631,14.3934466225,14.4029850232,296814,,14.817232805605892,,14.253176734756009,14.586437980083119,14.498565046031082,14.05948280431857,"rgba(38, 166, 154, 1.0)",0.0,0.0,0.3402313604845047,14.228175961240932,0.6820049325512869,61.937131885663725,8.351118948316419,True,False,True,False,True,4.047904195436903,14.2525950599055,0.0,0.0,0.0,0.0,1,1.0287737589572914,0.8000753691859189,False,False,False,False,0.34282819855202934,0.32880465913543006,False,False,False,False,61060386,60632405.42094654,False,False,False,False,466735.9894026913,False,False,False,False
2024-03-15 00:00:00+00:00,14.5460610334,14.5603686344,14.4220618245,14.4220618245,403058,,14.81685511651967,,14.25452931774361,14.586132340274915,14.498579961079157,14.094372311618528,"rgba(38, 166, 154, 1.0)",0.0,0.0,0.35070718717341404,14.233782611523475,0.8904249279673638,65.03965797207107,11.105535114087346,True,False,True,False,True,4.84035567991965,14.2624911725995,0.0,0.0,0.0,0.0,0,1.027770431096169,0.8131406634355367,False,False,False,False,0.3428282001146407,0.3358164296250354,False,False,False,False,61463444,60664995.16914471,False,False,False,False,464238.8133476838,False,False,False,False
2024-03-18 00:00:00+00:00,14.7177522456,14.7606750486,14.555599434,14.6605218415,973343,,14.816444814414186,,14.259857906522466,14.587005331667223,14.499169188151635,14.181288472073662,"rgba(38, 166, 154, 1.0)",0.0,0.0,0.3617462904921766,14.25032095242992,1.2921522775924326,68.43265030058171,14.083316271946373,True,False,True,False,True,6.403902124418391,14.275026652332999,0.0,0.0,0.0,0.0,0,1.0450158951084556,0.7923930013016359,False,False,False,False,0.3428282060352831,0.3393223178301592,False,False,False,False,62436787,60734477.20172728,False,False,False,False,484203.6834124805,False,False,False,False
2024-03-19 00:00:00+00:00,14.7749826496,14.822674653,14.7559058483,14.7654442489,333496,,14.816412524340402,,14.26211015687726,14.58764627551905,14.499489894262041,14.302600147809574,"rgba(38, 166, 154, 1.0)",0.0,0.0,0.3679041426885152,14.256421607603873,1.40950041553396,71.0930365206589,16.354477383748915,True,False,True,False,True,6.919957014818905,14.2857933868035,0.0,0.0,0.0,0.0,0,1.0464637517225452,0.7981102827160593,False,False,False,False,0.34282820985293866,0.34107526384154896,False,False,False,False,62770283,60814312.72322817,False,False,False,False,478293.5781806185,False,False,False,False
2024-03-20 00:00:00+00:00,14.6605218415,14.6795986428,14.555599434,14.6605218415,388455,,14.816195402313058,,14.263950008613444,14.58781294072356,14.49966301589932,14.310691350476198,"rgba(38, 166, 154, 1.0)",0.0,0.0,0.38004191440353774,14.261737339585732,1.0493171589774397,70.42328945351736,16.354477383748915,True,False,True,False,True,5.681237560854491,14.294572221327499,0.0,0.0,0.0,0.0,0,1.056536418236959,0.7893881606052102,False,False,False,False,0.25981333791131206,0.3004443008764305,False,False,False,False,62381828,60875783.91055256,False,False,False,False,474770.49668333936,False,False,False,False
2024-03-21 00:00:00+00:00,14.6414450401,14.6414450401,14.526984232,14.6414450401,323625,,14.815986879682928,,14.265350762594979,14.587861346788952,14.499775765728902,14.319325482727175,"rgba(38, 166, 154, 1.0)",0.0,0.0,0.3926991009259456,14.265755079050455,0.9566865830955698,69.5788143343801,16.354477383748915,True,False,True,False,True,5.47428868857104,14.3033470006125,0.0,0.0,0.0,0.0,0,1.0386625223621908,0.807619015344745,False,False,False,False,0.24410219054003485,0.27227324570823264,False,False,False,False,62058203,60922153.28660932,False,False,False,False,468843.2223036006,False,False,False,False
2024-03-22 00:00:00+00:00,14.555599434,14.6414450401,14.5079074306,14.6319066395,295601,,14.815765510279599,,14.266488780493733,14.587805678162763,14.49984381497043,14.380823171197472,"rgba(38, 166, 154, 1.0)",0.0,0.0,0.4027097242432327,14.269047290447597,0.7115600302199995,67.23245420008854,16.354477383748915,True,False,True,False,False,4.537484547325967,14.3118752094035,0.0,0.0,0.0,0.0,0,1.0393286983440757,0.8146425094504327,False,False,False,False,0.2396352276962296,0.2559542367022311,False,False,False,False,61762602,60955112.05968347,False,False,False,False,462049.4096642437,False,False,False,False
2024-03-25 00:00:00+00:00,14.7368290469,14.7749826496,14.6128298381,14.6128298381,200811,,14.815700245323626,,14.267613078073085,14.588038216224101,14.499984255836578,14.396845006900993,"rgba(38, 166, 154, 1.0)",0.0,0.0,0.4162321375955818,14.27189350867594,1.1170101878961562,67.59985403379332,16.354477383748915,True,False,True,False,False,6.261250499596809,14.320396278577498,0.0,0.0,0.0,0.0,0,1.0388690118882882,0.8092240996452705,False,False,False,False,0.2962149247204615,0.27608458071134634,False,False,False,False,61963413,60994653.273029216,False,False,False,False,451804.76614799886,False,False,False,False
2024-03-26 00:00:00+00:00,14.6605218415,14.7749826496,14.6459280885,14.7749826496,231108,,14.81561517989754,,14.268857872398907,14.588272787452189,14.500134487808195,14.408466607641147,"rgba(38, 166, 154, 1.0)",0.0,0.0,0.4188084946520239,14.275014952658093,0.9204848845346677,66.32188117337975,21.327247326358574,True,False,True,False,False,5.4160240822383265,14.3297687500945,0.0,0.0,0.0,0.0,0,1.0366403507531896,0.8296740505654719,False,False,False,False,0.3042080728904482,0.29014632680089725,False,False,False,False,61732305,61023580.79173396,False,False,False,False,443149.99100494006,False,False,False,False
2024-03-27 00:00:00+00:00,14.6986754442,14.7082138449,14.6032914374,14.6414450401,300587,,14.815483179474978,,14.270376175451927,14.588508017291042,14.500305617673773,14.418765094217072,"rgba(38, 166, 154, 1.0)",0.0,0.0,0.4226202206424464,14.278796625429127,0.9935133206181974,65.89827873612083,20.757362838528493,True,False,True,False,False,5.78334368463738,14.3397429690815,0.0,0.0,0.0,0.0,0,1.045497008812386,0.810331818256771,False,False,False,False,0.27792435538489013,0.2840353410928937,False,False,False,False,62032892,61063161.62343066,False,False,False,False,437559.2854753346,False,False,False,False
2024-03-28 00:00:00+00:00,14.822674653,14.8608282557,14.7702134493,14.7749826496,171657,,14.81548443330298,,14.271556920358178,14.588884177515451,14.50048817047255,14.430662310002727,"rgba(38, 166, 154, 1.0)",0.0,0.0,0.4328681684083565,14.281488587640283,1.250232992066944,66.92679594983898,20.757362838528493,True,False,True,False,False,6.974217367587659,14.352803060852,0.0,0.0,0.0,0.0,0,1.0703103070758893,0.7892230099762374,False,False,False,False,0.34282820407498715,0.3134317725839404,False,False,False,False,62204549,61107921.912707895,False,False,False,False,427131.7448684588,False,False,False,False
2024-04-01 00:00:00+00:00,14.8608282557,14.9323662608,14.794059451,14.8322130537,349782,,14.815533884454485,,14.274141951806937,14.589795102393685,14.50091157955315,14.454743472903964,"rgba(38, 166, 154, 1.0)",0.0,0.0,0.44499906447506127,14.287185039545088,1.2890885890549095,67.99179419391753,20.757362838528493,True,False,True,False,False,7.339710731072529,14.364181680889502,0.0,0.0,0.0,0.0,0,1.0558503594232418,0.7961895715423211,False,False,False,False,0.34282820565553346,0.3281299891197369,False,False,False,False,62554331,61164643.83769974,False,False,False,False,424098.42154028395,False,False,False,False
2024-04-02 00:00:00+00:00,15.0325194679,15.0501655092,14.9085202591,15.0134426666,295980,,14.815695591917898,,14.27680840928744,14.590939561547144,14.501402250092891,14.479936440313534,"rgba(38, 166, 154, 1.0)",0.0,0.0,0.4540087319043909,14.292745058863115,1.629427711519595,70.23253723921653,20.757362838528493,True,False,True,False,True,8.968787896468967,14.376647078908,0.0,0.0,0.0,0.0,0,1.056927473602761,0.7842892996347,False,False,False,False,0.3428282091185713,0.3354790991191541,False,False,False,False,62850311,61230748.432299756,False,False,False,False,419074.16971517476,False,False,False,False
2024-04-03 00:00:00+00:00,15.1660570774,15.2042106801,15.146980276,15.1565186767,406271,,14.81613122570885,,14.28131988428795,14.593173792236202,14.502311884243634,14.521980145836311,"rgba(38, 166, 154, 1.0)",0.0,0.0,0.4706255190111619,14.301688418284495,1.8366378876598994,72.70590645946321,18.134916335796248,True,False,True,False,True,10.206916926857005,14.388227575916,0.0,0.0,0.0,0.0,0,1.0611435649334315,0.7888028246918397,False,False,False,False,0.3428282139726444,0.33915365654589924,False,False,False,False,63256582,61310192.88593506,False,False,False,False,418572.08462830517,False,False,False,False
2024-04-04 00:00:00+00:00,15.3186714882,15.4045170943,15.0945190723,15.1755954781,715659,,14.817111014423718,,14.290038295035833,14.597741299417704,14.504146840215668,14.591905147649983,"rgba(38, 166, 154, 1.0)",0.0,0.0,0.4950443420318356,14.31818606957917,2.0210016228333947,75.304398345661,20.608100944204324,True,False,True,False,True,11.59340750547776,14.399794850449,0.0,0.0,0.0,0.0,0,1.0480216713503054,0.7716576369305994,False,False,False,False,0.34282821554176235,0.3409909360438308,False,False,False,False,63972241,61414586.92962389,False,False,False,False,430222.5518977834,False,False,False,False
2024-04-05 00:00:00+00:00,15.3282098889,15.4665166987,15.3100869276,15.385440293,341373,,14.817674791002885,,14.294543056240292,14.60020438011013,14.50512767495726,14.746849049627656,"rgba(38, 166, 154, 1.0)",0.0,0.0,0.5174289182240712,14.32638582445207,1.9361578550468517,77.0931929156757,22.291263062737627,True,False,True,False,True,11.679821553536552,14.411820796442,0.0,0.0,0.0,0.0,0,1.0605697672602834,0.77522902227365,False,False,False,False,0.3428282181811059,0.3419095771124684,False,False,False,False,64313614,61528274.26571707,False,False,False,False,426738.2557449292,False,False,False,False
2024-04-08 00:00:00+00:00,15.2995946869,15.4045170943,15.1517494764,15.356825091,430610,,14.81827736457188,,14.29973694770236,14.602955689668446,14.50624309009344,14.769043434896227,"rgba(38, 166, 154, 1.0)",0.0,0.0,0.5381505193062706,14.335669432782414,1.7911814994811905,77.53627305838955,22.757450931500415,True,False,True,False,True,11.319695111154203,14.4226077212075,0.0,0.0,0.0,0.0,0,1.0344691837641482,0.8050408320048528,False,False,False,False,0.3034080514325617,0.3226588142725151,False,False,False,False,63883004,61620616.60823797,False,False,False,False,426890.0888529712,False,False,False,False
2024-04-09 00:00:00+00:00,15.2042106801,15.3759018923,15.146980276,15.3759018923,253406,,14.818598717752206,,14.302636069453035,14.604463277147739,14.506861918209921,14.780226011829214,"rgba(38, 166, 154, 1.0)",0.0,0.0,0.5555004363162103,14.34076291065798,1.5543602002690664,75.4079509132334,22.757450931500415,True,False,True,False,True,10.116862268217051,14.435200945142,0.0,0.0,0.0,0.0,0,1.0358371559975161,0.8178547647042068,False,False,False,False,0.29751701442243483,0.31008791434747496,False,False,False,False,63629598,61699400.19222864,False,False,False,False,420086.7912508939,False,False,False,False
2024-04-10 00:00:00+00:00,15.3282098889,15.356825091,15.1279034747,15.2614410842,498761,,14.81927240792833,,14.308462604628774,14.607542063912009,14.508124148211735,14.804880229523668,"rgba(38, 166, 154, 1.0)",0.0,0.0,0.5745625340425622,14.350782981235133,1.7011671484873774,75.11479152124186,22.757450931500415,True,False,True,False,False,11.294441091097088,14.4483228363525,0.0,0.0,0.0,0.0,0,1.0311841668015784,0.8161751117779604,False,False,False,False,0.290808853559542,0.3004483839535085,False,False,False,False,64128359,61794653.47880791,False,False,False,False,423172.05433909415,False,False,False,False
2024-04-11 00:00:00+00:00,15.3186714882,15.3375575216,15.2042106801,15.3091330876,298248,,14.819688389505611,,14.311970129379585,14.609413173300444,14.508892568237181,14.819332167616919,"rgba(38, 166, 154, 1.0)",0.0,0.0,0.5917722553687943,14.356688816551886,1.6255961020825542,74.67568541465374,22.757450931500415,True,False,True,False,False,11.171682106786381,14.461123049255,0.0,0.0,0.0,0.0,0,1.047820515278277,0.8219757646355328,False,False,False,False,0.30084716945506923,0.3006477767042889,False,False,False,False,63830111,61874475.34238408,False,False,False,False,418273.0718159924,False,False,False,False
2024-04-12 00:00:00+00:00,15.356825091,15.6142665252,15.2995946869,15.5380547038,372427,,14.820358555004251,,14.316924349713164,14.612203995672079,14.510018281004257,14.95740312424784,"rgba(38, 166, 154, 1.0)",0.0,0.0,0.6077333890198087,14.420956601424745,1.5399326521859904,74.74429126425554,22.757450931500415,True,False,True,False,False,11.540153181713642,14.475438297309502,0.0,0.0,0.0,0.0,0,1.066729544955716,0.7897288375201964,False,False,False,False,0.3428282193581332,0.32173799803121106,False,False,False,False,64202538,61965771.91719255,False,False,False,False,416475.1866467378,False,False,False,False
2024-04-15 00:00:00+00:00,15.3663634916,15.3806710926,15.132672675,15.2614410842,437960,,14.820974882004938,,14.3220146256518,14.614938268429372,14.511150188502127,14.963457651730355,"rgba(38, 166, 154, 1.0)",0.0,0.0,0.6245210001979689,14.425572884490432,1.5064194907958957,74.88421529042259,22.757450931500415,True,False,True,False,False,11.633470843868107,14.488613963380999,0.0,0.0,0.0,0.0,0,1.08010584559252,0.7984604281716046,False,False,False,False,0.27410467592951865,0.2979213369803648,False,False,False,False,64640498,62070663.136126176,False,False,False,False,417317.72834686574,False,True,False,False
2024-04-16 00:00:00+00:00,15.356825091,15.414055495,15.2805178855,15.3472866903,195007,,14.82128198596766,,14.32439664618477,14.616250811859588,14.511689935746432,14.971020049284117,"rgba(38, 166, 154, 1.0)",0.0,0.0,0.6387405759111733,14.42929875459212,1.4521174501631573,74.67126051731864,22.757450931500415,True,False,True,False,False,11.503671261692226,14.501376622377,0.0,0.0,0.0,0.0,0,1.1149621674629016,0.7491335123031906,False,False,False,False,0.3040308941111215,0.30097611554574316,False,False,False,False,64445491,62163793.640591815,False,False,False,False,408599.6605685573,False,False,False,False
2024-04-17 00:00:00+00:00,15.0039042659,15.414055495,14.9609814628,15.414055495,306019,,14.821559365717624,,14.327300760429027,14.617675179214189,14.512309568634633,14.967457320102438,"rgba(38, 166, 154, 1.0)",0.0,0.0,0.6402835128842967,14.431174467228928,0.8944940595004314,66.30772255087314,20.486735644767904,True,False,True,False,False,6.872394604197584,14.511918033407001,0.0,0.0,0.0,0.0,0,1.0810810811098155,0.763740731861782,False,False,False,False,0.24210501345960223,0.2715405645026727,False,False,False,False,64139472,62241271.223313704,False,False,False,False,404576.88956586877,False,False,False,False
2024-04-18 00:00:00+00:00,14.9371354611,15.0515962693,14.8894434578,15.0039042659,263557,,14.82166722737098,,14.329266099705691,14.618495053340405,14.512697416736465,14.95801036367173,"rgba(38, 166, 154, 1.0)",0.0,0.0,0.6380573281664949,14.431334509403175,0.7927202296230682,59.66333456981244,14.555314696392031,False,False,True,False,False,6.0348494013188265,14.5223082579495,0.0,0.0,0.0,0.0,0,1.0542413381482956,0.8098446833693294,False,False,False,False,0.15871653234816127,0.215128548425417,False,False,False,False,63875915,62305374.90083082,False,False,False,False,399046.69781818765,False,False,False,False
2024-04-19 00:00:00+00:00,14.8894434578,15.0134426666,14.8751358567,14.9371354611,627923,,14.82186140088539,,14.33365413905859,14.620242886523117,14.513549898886318,14.940741221890816,"rgba(38, 166, 154, 1.0)",0.0,0.0,0.6325238836974928,14.43340487847254,0.720982386722906,54.48632507127182,10.16895031413371,False,True,False,False,False,5.435110372252044,14.531409741642001,0.0,0.0,0.0,0.0,0,1.045096635676875,0.8187067525331955,False,False,False,False,0.12828708347918952,0.17170781595230328,False,False,False,False,63247992,62342340.27726883,False,False,False,False,408022.23908021953,False,False,False,False
2024-04-22 00:00:00+00:00,14.8703666564,14.8800004411,14.5937530367,14.7272906462,370722,,14.821816965353579,,14.33558945041623,14.620781779242437,14.513875639236469,14.945453603413185,"rgba(239, 83, 80, 1.0)",0.0,0.0,0.6323605868404074,14.433548208947636,0.6907743090614314,50.728541963504014,7.115524206018648,False,True,False,True,False,5.192862419283543,14.5406898276315,0.0,0.0,0.0,0.0,0,1.005494872426148,0.8583830192955457,False,False,False,False,0.03519275896104581,0.10345028745667455,False,False,False,False,62877270,62363317.91345436,False,False,False,False,406559.4846064854,False,False,False,False
2024-04-23 00:00:00+00:00,15.0134426666,15.0359532922,14.7559058483,14.7559058483,186903,,14.821879612122268,,14.336893111940338,14.621310871277952,14.514133769369042,14.94926643700952,"rgba(239, 83, 80, 1.0)",0.0,0.0,0.6313046713584345,14.43489550604509,0.9164309830149027,50.99936883230026,7.115524206018648,False,True,False,False,False,6.765588507182173,14.5493610265345,0.0,0.0,0.0,0.0,0,0.9950733821854567,0.8568084165792658,False,False,False,False,0.10063986361447078,0.10204507553557265,False,False,False,False,63064173,62390802.42665224,False,False,False,False,397945.50481799577,False,False,False,False
2024-04-24 00:00:00+00:00,15.0325194679,15.0802114713,14.9466738618,14.9943658652,151158,,14.821968092345163,,14.338092008878538,14.621852626477581,14.514384258915937,14.953990445035478,"rgba(239, 83, 80, 1.0)",0.0,0.0,0.6328503510030478,14.436465713000505,0.941855770412024,51.520043194933336,7.115524206018648,False,True,False,False,False,6.974104891273008,14.558355931364002,0.0,0.0,0.0,0.0,0,1.011046298657494,0.8554024478164557,False,False,False,False,0.1495208705400214,0.125782973037797,False,False,False,False,63215331,62423136.88050902,False,False,False,False,388267.5634525842,False,False,False,False
2024-04-25 00:00:00+00:00,15.118365074,15.1279034747,14.8799050571,14.9848274645,181346,,14.822086068982792,,14.339571573845255,14.62253687742285,14.514697665760924,14.95858035691301,"rgba(239, 83, 80, 1.0)",0.0,0.0,0.6282623361554158,14.43848670433037,1.0821568165777269,53.35974732706467,7.115524206018648,False,True,False,False,False,7.915443191699229,14.566318803934001,0.0,0.0,0.0,0.0,0,0.9997770780663854,0.8579429876768381,False,False,False,False,0.14552980949678518,0.1356563912672911,False,False,False,False,63396677,62461314.924410634,False,False,False,False,380152.9923367966,False,False,False,False
2024-04-26 00:00:00+00:00,15.1755954781,15.2519026835,15.089749872,15.2519026835,105306,,14.822195083259059,,14.340586797542391,14.623056341893612,14.514924432019068,15.022760130769111,"rgba(239, 83, 80, 1.0)",0.0,0.0,0.626218702628861,14.440108974500893,1.1744882427042513,55.51329244990327,7.115524206018648,False,True,True,False,True,8.54105876060266,14.5737458696115,0.0,0.0,0.0,0.0,0,1.0337338918051324,0.8506745832623972,False,False,False,False,0.21616126786195103,0.17590882956462106,False,False,False,False,63501983,62502125.43717885,False,False,False,False,369374.6789118242,False,False,False,False
2024-04-29 00:00:00+00:00,15.0325194679,15.1946722794,15.0325194679,15.146980276,133843,,14.822299602885128,,14.341740775060254,14.62361221150157,14.515174822550915,15.019494662529842,"rgba(239, 83, 80, 1.0)",0.0,0.0,0.6192433027469735,14.44177256643241,0.9539818983056041,53.93551522947092,7.115524206018648,False,True,False,False,True,6.599779953456963,14.579224616868,0.0,0.0,0.0,0.0,0,1.0506116223031658,0.8455641494207128,False,False,False,False,0.19173926981873438,0.1838240496916777,False,False,False,False,63368140,62536086.79258361,False,False,False,False,360138.1424839095,False,False,False,False
2024-04-30 00:00:00+00:00,14.8608282557,15.0134426666,14.7749826496,14.8894434578,952597,,14.822470158508885,,14.34763598597592,14.625808166519269,14.51631821084271,14.97643412724646,"rgba(239, 83, 80, 1.0)",0.0,0.0,0.6124746957449757,14.447717236294318,0.6744948359102395,50.06859376358767,6.955190331082392,False,True,False,False,False,4.342178735736024,14.585397497121999,0.0,0.0,0.0,0.0,0,0.9920439513838691,0.861020189412204,False,False,False,False,0.0999297906110021,0.1418769201513399,False,False,False,False,62415543,62531359.58503131,False,False,False,False,383371.823170815,False,False,False,False
2024-05-01 00:00:00+00:00,14.4792922286,14.8703666564,14.4411386259,14.7272906462,305030,,14.822267701616125,,14.348502277373196,14.625730125597759,14.516398353903345,14.951052114523563,"rgba(239, 83, 80, 1.0)",0.0,0.0,0.6045693315861994,14.447322546101338,0.052880093032148676,43.41193094618812,0.7290031206321501,False,True,False,True,False,0.0,14.5904389917695,0.0,0.0,0.0,0.0,0,0.9686471293003985,0.8750789952490425,False,False,False,False,0.0019624660264493466,0.07191969308889462,False,False,False,False,62110513,62514855.797383025,False,False,False,False,380299.59481117525,False,False,False,False
2024-05-02 00:00:00+00:00,14.5174458313,14.6032914374,14.4268310249,14.526984232,333489,,14.821967279666938,,14.349135673720939,14.625406425325428,14.516397765160765,14.885294834085839,"rgba(239, 83, 80, 1.0)",0.0,0.0,0.5930838537333245,14.446361374222386,0.11985566059530002,39.69213524110126,-2.585120220161677,False,True,False,True,False,0.1095028489875638,14.594392651676499,0.0,0.0,0.0,0.0,0,0.965589262810443,0.8951568338883128,False,False,False,False,-0.05570032000829349,0.008109686540300566,False,False,False,False,62444002,62512077.2170935,False,False,False,False,378463.885210737,False,False,False,False
2024-05-03 00:00:00+00:00,14.4792922286,14.6319066395,14.4697538279,14.6319066395,174823,,14.821815743113602,,14.349487838979904,14.625254654638892,14.516403787178554,14.874265564649251,"rgba(239, 83, 80, 1.0)",0.0,0.0,0.5817678310690642,14.445992030317715,0.057239669338699055,36.859814321391255,-5.114218158546166,False,True,False,True,False,0.0,14.5982468723385,0.0,0.0,0.0,0.0,0,0.9697898218736577,0.898387353674766,False,False,False,False,-0.04102037717210124,-0.016455345315900337,False,False,False,False,62269179,62502551.79681533,False,False,False,False,370477.9681436493,False,False,False,False
2024-05-06 00:00:00+00:00,14.5842146361,14.6319066395,14.4697538279,14.5746762354,272374,,14.82160792900917,,14.350141306761248,14.625102950288298,14.516444124346322,14.861772271360396,"rgba(239, 83, 80, 1.0)",0.0,0.0,0.5729592373078678,14.44575425662848,0.24165834226200336,37.04088844588378,-5.114218158546166,False,True,False,True,False,0.9158461467717416,14.6023517187335,0.0,0.0,0.0,0.0,0,0.9931645880448573,0.8924272321031403,False,False,False,False,-0.054708664633003085,-0.035582004974451714,False,False,False,False,62541553,62504081.25576375,False,False,False,False,366630.7537066434,False,False,False,False
2024-05-07 00:00:00+00:00,14.5651378347,14.6700602422,14.4516308667,14.526984232,216124,,14.821443470146384,,14.350657742879141,14.624983695503575,14.516476303622994,14.852390329819723,"rgba(239, 83, 80, 1.0)",0.0,0.0,0.563159563748822,14.445630725409757,0.21220825674114832,36.9406148494747,-5.2434759013862475,False,True,False,True,False,0.680583947260935,14.605493557824,0.0,0.0,0.0,0.0,0,0.9913536217544072,0.8997814755301692,False,False,False,False,-0.0669361857097164,-0.05125909534208406,False,False,False,False,62325429,62497075.28494949,False,False,False,False,360728.5280710888,False,False,False,False
2024-05-08 00:00:00+00:00,14.5937530367,14.6271374391,14.4125234239,14.4411386259,112421,,14.821352134740705,,14.350902865419283,14.624904279027927,14.51648652411835,14.80800433235408,"rgba(239, 83, 80, 1.0)",0.0,0.0,0.5564874759741818,14.445536256036752,0.26634342561579194,37.472947424833805,-5.2434759013862475,False,True,False,True,False,1.0314424836265736,14.6071802194825,0.0,0.0,0.0,0.0,0,0.9716146957871427,0.913464246124549,False,False,False,False,-0.08520577807483787,-0.06823243670846096,False,False,False,False,62437850,62494752.72475539,False,False,False,False,350990.97795065393,False,False,False,False
2024-05-09 00:00:00+00:00,14.6700602422,14.6795986428,14.5174458313,14.5174458313,133748,,14.821274099556403,,14.351310715370495,14.624901306441393,14.516532492980934,14.810306797686925,"rgba(239, 83, 80, 1.0)",0.0,0.0,0.549797123038571,14.445697510670318,0.40808276749375094,39.404108327350905,-5.2434759013862475,False,True,False,True,False,1.9696007106051177,14.608883102096,0.0,0.0,0.0,0.0,0,0.9865829988555324,0.9124314545454764,False,False,False,False,-0.05019317265718779,-0.059212804682824374,False,False,False,False,62571598,62497766.264961064,False,False,False,False,342471.64548200084,False,False,False,False
2024-05-10 00:00:00+00:00,14.5079074306,14.7082138449,14.4888306293,14.6986754442,147956,,14.821164407342351,,14.351670782084195,14.624828031654296,14.516557351881849,14.756268747184517,"rgba(239, 83, 80, 1.0)",0.0,0.0,0.5444262944044505,14.445695161787032,0.11427124195208341,38.49318213343439,-5.2434759013862475,False,True,False,True,False,0.0,14.610140535724,0.0,0.0,0.0,0.0,0,0.9866895984496614,0.901443206427807,False,False,False,False,-0.058330563426855504,-0.05877168405483994,False,False,False,False,62423642,62494859.431041025,False,False,False,False,334843.58095329494,False,False,False,False
2024-05-13 00:00:00+00:00,14.6128298381,14.6605218415,14.5460610334,14.555599434,148405,,14.8210710656989,,14.35209413587938,14.624804218451295,14.516600624342741,14.75641583396608,"rgba(239, 83, 80, 1.0)",0.0,0.0,0.5420662914370735,14.445846910876202,0.3080489044635267,39.95200333527425,-5.2434759013862475,False,True,False,True,False,1.213442298155904,14.6111919512445,0.0,0.0,0.0,0.0,0,0.9846353255066465,0.9261379225139931,False,False,False,False,-0.05616634048758396,-0.057469012271211956,False,False,False,False,62572047,62497886.39452961,False,False,False,False,327532.26405316574,False,False,False,False
2024-05-14 00:00:00+00:00,14.4888306293,14.555599434,14.4172926242,14.484061429,77592,,14.820995198888149,,14.352211436623387,14.624710981146828,14.516593238541438,14.748831581635777,"rgba(239, 83, 80, 1.0)",0.0,0.0,0.5407615472378773,14.445710184049725,0.07974022093569352,39.311568023424414,-5.2434759013862475,False,True,False,True,False,0.0,14.610847076192002,0.0,0.0,0.0,0.0,0,0.9723362788240395,0.9290904274045151,False,False,False,False,-0.10939166308796769,-0.08343033767958982,False,False,False,False,62494455,62497751.83003825,False,False,False,False,317730.68507068866,False,False,False,False
2024-05-15 00:00:00+00:00,14.5651378347,14.5651378347,14.2885242151,14.4125234239,122000,,14.820870870454632,,14.35237596152728,14.624549405728452,14.51657597619238,14.676773996104505,"rgba(239, 83, 80, 1.0)",0.0,0.0,0.5382831941893417,14.452475129552827,0.20930006056912803,40.35089731006874,-5.2434759013862475,False,True,False,True,True,0.6083385708257829,14.609879120717,0.0,0.0,0.0,0.0,0,0.9665818902570543,0.9187081571890675,False,False,False,False,-0.13676814303785234,-0.11009924035872108,False,False,False,False,62616455,62502406.85631126,False,False,False,False,310054.97193066165,False,False,False,False
2024-05-16 00:00:00+00:00,14.6605218415,14.6891370435,14.5842146361,14.6605218415,79667,,14.820829769540838,,14.352635816120438,14.624563351480491,14.51660902819971,14.687436618901721,"rgba(239, 83, 80, 1.0)",0.0,0.0,0.5370880624528701,14.456030905519544,0.38074005042403986,42.750254298949365,-5.2434759013862475,False,True,False,True,True,1.7957333985364485,14.609570742812,0.0,0.0,0.0,0.0,0,0.9921783042753473,0.9281524091190452,False,False,False,False,-0.04103035025849331,-0.0755647953086072,False,False,False,False,62696122,62510003.528612785,False,False,False,False,301020.1495020083,False,False,False,False
2024-05-17 00:00:00+00:00,14.7845210503,14.8035978517,14.6700602422,14.7082138449,435029,,14.820743155741317,,14.354568997304304,14.625047682614099,14.516941365576958,14.727600570368939,"rgba(239, 83, 80, 1.0)",0.0,0.0,0.5324718900529097,14.465275725138733,0.5995533869957812,46.32226245048925,-9.476584568900051,False,True,False,True,True,3.3135703518374164,14.611343621241002,0.0,0.0,0.0,0.0,0,1.003824584148076,0.9106420722848482,False,False,False,False,0.004292721472422354,-0.035636036918092424,False,False,False,False,63131151,62534362.25298091,False,False,False,False,306275.3985411452,False,False,False,False
2024-05-20 00:00:00+00:00,14.8417514544,14.8894434578,14.6986754442,14.7272906462,487416,,14.820727807562127,,14.357021064652246,14.625827305393807,14.51740272456426,14.735405933098257,"rgba(239, 83, 80, 1.0)",0.0,0.0,0.5220190900322448,14.47082521254851,0.7105606843393004,49.54389114373622,-6.367323485110688,False,True,False,False,True,4.006816083947761,14.6118500626325,0.0,0.0,0.0,0.0,0,1.0132951659816123,0.8928303106562921,False,False,False,False,0.02923319245182943,-0.0032014222331314974,False,False,False,False,63618567,62576880.08619735,False,False,False,False,313378.95153953164,False,False,False,False
2024-05-21 00:00:00+00:00,14.7082138449,14.7845210503,14.5842146361,14.6700602422,181698,,14.820659729868966,,14.357692738084808,14.62593164415574,14.517505329459642,14.730292634690313,"rgba(239, 83, 80, 1.0)",0.0,0.0,0.503475980979462,14.471083998004094,0.47098542106138497,49.413512519195706,-6.367323485110688,False,True,False,False,True,2.2286216484052694,14.611049514599499,0.0,0.0,0.0,0.0,0,0.9990611753198099,0.9016699698984927,False,False,False,False,-0.04386428018179962,-0.02353285120746556,False,False,False,False,63436869,62610605.14164059,False,False,False,False,308214.9926556285,False,False,False,False
2024-05-22 00:00:00+00:00,14.4411386259,14.6175990384,14.4316002252,14.526984232,177951,,14.8204916517575,,14.357965080163236,14.625733454868415,14.517493429072788,14.710937900179008,"rgba(239, 83, 80, 1.0)",0.0,0.0,0.4887654323843339,14.469497616373516,-0.05802167787351998,45.85801607814282,-6.367323485110688,False,True,False,True,False,0.0,14.6088222617035,0.0,0.0,0.0,0.0,1,0.962106110353506,0.9151247999142212,False,False,False,False,-0.1937149995139525,-0.10862392536070903,False,False,False,False,63258918,62636029.175301746,False,False,False,False,303106.6007867803,False,False,False,False
2024-05-23 00:00:00+00:00,14.3552930198,14.6509834408,14.2932934154,14.6128298381,910163,,14.819466369648138,,14.358710982602814,14.624234011261358,14.517246577694598,14.591502569319811,"rgba(239, 83, 80, 1.0)",0.0,0.0,0.47533671220081913,14.462531668968845,-0.22560565261691712,42.58824872210441,-1.328984958799083,False,True,False,True,False,0.0,14.6059831232405,0.0,0.0,0.0,0.0,1,0.9452279922915137,0.9343645833931024,False,False,False,False,-0.31058684852119434,-0.20960538694095168,False,False,False,False,62348755,62624763.52136835,False,False,False,False,326912.7340892595,False,False,False,False
2024-05-24 00:00:00+00:00,14.4792922286,14.512676631,14.3171394171,14.3171394171,142707,,14.819307424034774,,14.358831530777259,14.62400490216203,14.51720946327182,14.58522018787481,"rgba(239, 83, 80, 1.0)",0.0,0.0,0.4631565202008372,14.461835267281845,0.03769127834060327,42.53212820422455,-1.4348355919620417,False,True,False,True,False,0.0,14.6028050287565,0.0,0.0,0.0,0.0,1,0.9378000204086417,0.9612909814806802,False,False,False,False,-0.34282825441539394,-0.2762168206781728,False,False,False,False,62491462,62619536.01072646,False,False,False,False,319688.97981124936,False,False,False,False
2024-05-28 00:00:00+00:00,14.8989818584,14.9170094357,14.7368290469,14.7654442489,295674,,14.819334592848142,,14.360409164688175,14.624576869446662,14.517526469714344,14.634675758892588,"rgba(239, 83, 80, 1.0)",0.0,0.0,0.45813047599412665,14.486456579225793,0.9004536934135215,47.68765657552925,-1.4348355919620417,False,True,False,False,True,4.3718552942353845,14.6025930057185,0.0,0.0,0.0,0.0,1,0.9521923493151454,0.9466979429473745,False,False,False,False,-0.06914888564847038,-0.1726828531633216,False,False,False,False,62787136,62626108.55932543,False,False,False,False,318747.2158970827,False,False,False,False
2024-05-29 00:00:00+00:00,14.7463674476,14.9085202591,14.7368290469,14.8894434578,160156,,14.819324318130363,,14.36116640562099,14.624812267988947,14.517670313289672,14.64224096919143,"rgba(239, 83, 80, 1.0)",0.0,0.0,0.4530932533031374,14.486874533346233,0.5727141429761183,49.236719363674354,-7.137001438490742,False,True,False,False,True,2.4712187069524028,14.6015265818585,0.0,0.0,0.0,0.0,1,0.9402210344886002,0.9672162333100329,False,False,False,False,-0.07185072392793547,-0.12226678854562853,False,False,False,False,62626980,62626142.73346953,False,False,False,False,312527.9525285697,False,False,False,False
2024-05-30 00:00:00+00:00,14.5746762354,14.794059451,14.5603686344,14.6891370435,280714,,14.819180750604339,,14.36202023583268,14.624855708934913,14.517783210364358,14.636111801883036,"rgba(239, 83, 80, 1.0)",0.0,0.0,0.44814749467068615,14.484032163085672,0.20226392737269755,48.38854000326072,-7.137001438490742,False,True,False,False,True,0.39858667694038985,14.600058345778,0.0,0.0,0.0,0.0,1,0.9091730803371163,0.9877483443221317,False,False,False,False,-0.16535032204708217,-0.14380855529635533,False,False,False,False,62346266,62615167.17529426,False,False,False,False,311280.34654705715,False,False,False,False
2024-05-31 00:00:00+00:00,14.5079074306,14.6700602422,14.4220618245,14.6032914374,192565,,14.81902115544184,,14.362375500844506,14.624706300383846,14.517792816786667,14.626538140560612,"rgba(239, 83, 80, 1.0)",0.0,0.0,0.44332414330228914,14.481490454122701,0.05958840021777344,47.13688527002854,-7.137001438490742,False,True,False,False,True,0.0,14.599352210891,0.0,0.0,0.0,0.0,1,0.9098625490492253,0.9949214565718869,False,False,False,False,-0.25214064670229586,-0.1979746009993256,False,False,False,False,62153701,62597070.46253762,False,False,False,False,306624.84276089806,False,False,False,False
2024-06-03 00:00:00+00:00,14.0500641981,14.4220618245,14.0309873968,14.4220618245,180830,,14.818679838322318,,14.361997157131805,14.624006715268902,14.5175899680097,14.596692174077939,"rgba(239, 83, 80, 1.0)",0.0,0.0,0.43994535984497335,14.474736991340915,-0.9652853104089124,42.5894929126791,-1.0139807070064464,False,True,False,True,False,0.0,14.597498469443499,0.0,0.0,0.0,0.0,1,0.8737547561092499,1.0080508474203609,False,False,False,False,-0.34282825441539394,-0.27040142770735975,False,False,False,False,61972871,62572592.052242026,False,False,False,False,301691.7116722354,False,False,False,False
2024-06-04 00:00:00+00:00,13.8497577839,13.906988188,13.7734505785,13.8592961846,257453,,14.817952729859938,,14.360566143648418,14.622309106846902,14.517034259400976,14.439632706400761,"rgba(239, 83, 80, 1.0)",0.0,0.0,0.4434738766188183,14.430748894994796,-1.3100909472378668,38.360750987804934,-4.9695124960994335,False,True,False,True,False,0.0,14.5941408877,0.0,0.0,0.0,0.0,0,0.8634198394854268,1.041241249746704,True,False,False,False,-0.34282825441539394,-0.3066148410613768,False,False,False,False,61715418,62538977.38352665,True,False,False,False,299956.8602341085,False,False,False,False
2024-06-05 00:00:00+00:00,13.9260649893,13.9308341897,13.7829889791,13.8592961846,175452,,14.817476400423333,,14.359664065972948,14.621210535186737,14.516676600710067,14.411328779519241,"rgba(239, 83, 80, 1.0)",0.0,0.0,0.4461152880695251,14.42466578931371,-1.117650108274266,36.54630822370435,-6.628292894346252,False,True,False,True,False,0.0,14.5903428830705,0.0,0.0,0.0,0.0,0,0.8591030156930698,1.056542658266853,False,False,False,False,-0.3352002232308233,-0.32090753214610007,False,False,False,False,61890870,62513561.40770207,False,False,False,False,295074.31669551606,False,False,False,False
2024-06-06 00:00:00+00:00,14.1645250063,14.1979094086,13.9546801913,13.9832953934,216390,,14.81703089112931,,14.359077528601425,14.620271369611777,14.516392239214479,14.4017466037322,"rgba(239, 83, 80, 1.0)",0.0,0.0,0.442630347500153,14.424363869134533,-0.5870335468456399,38.21625343252953,-6.628292894346252,False,True,False,True,False,0.0,14.587919836062,0.0,0.0,0.0,0.0,0,0.8706727628696797,1.033769626802588,False,False,False,False,-0.2380208406767792,-0.27946418641143966,False,False,False,False,62107260,62497628.01916474,False,False,False,False,291988.65721726057,False,False,False,False
2024-06-07 00:00:00+00:00,14.1454482049,14.259909013,14.1216022032,14.1931402083,204934,,14.816650920952853,,14.358677199873224,14.619505554137186,14.516169101416725,14.39571574542964,"rgba(239, 83, 80, 1.0)",0.0,0.0,0.4395572973144821,14.424279001830154,-0.6343445976979535,39.17433210772489,-6.628292894346252,False,True,False,True,False,0.0,14.585721055735,0.0,0.0,0.0,0.0,0,0.889636915664657,1.0222519177198377,False,False,False,False,-0.1891214069980068,-0.23429279670472325,False,False,False,False,61902326,62474282.8419426,False,False,False,False,288574.74909109354,False,False,False,False
2024-06-10 00:00:00+00:00,14.5079074306,14.5222150317,14.231293811,14.2503706124,214936,,14.816404911231569,,14.358818328270804,14.61914665345529,14.516103419396002,14.405808759873066,"rgba(239, 83, 80, 1.0)",0.0,0.0,0.43432029815015644,14.428500309365253,0.18283078542024128,43.539161204949714,-13.397593466493177,False,True,False,True,True,0.1785412659760226,14.586293523602,0.0,0.0,0.0,0.0,0,0.8854731215594412,1.000257289123736,False,False,False,False,-0.11142586929220272,-0.17285933299846298,False,False,False,False,62117262,62460282.02461152,False,False,False,False,285686.95500908984,False,False,False,False
2024-06-11 00:00:00+00:00,14.5460610334,14.6414450401,14.4506770266,14.5079074306,143584,,14.816292814148246,,14.359103562438953,14.61905871999437,14.516117148846645,14.416102287664287,"rgba(239, 83, 80, 1.0)",0.0,0.0,0.4240977351307637,14.432095990090147,0.2687235367449268,46.79110759858756,-10.310760109512671,False,True,False,False,True,0.5976804808117038,14.587011095099,0.0,0.0,0.0,0.0,0,0.9029305088306221,0.9961251517766432,False,False,False,False,-0.041874382827666166,-0.10736685791306458,False,False,False,False,62260846,62452461.00403851,False,False,False,False,280114.2901067726,False,False,False,False
2024-06-12 00:00:00+00:00,14.6223682388,14.8035978517,14.5842146361,14.6795986428,218641,,14.816200541428207,,14.359823203350961,14.619151988707731,14.516224505442695,14.436359965718722,"rgba(38, 166, 154, 1.0)",0.0,0.0,0.41655206391530775,14.438603998280339,0.4411555155732551,49.662170462991426,-7.5963402118183865,False,False,False,False,True,1.4386604896601156,14.587059921789498,0.0,0.0,0.0,0.0,0,0.9059645837274221,0.9931500098176358,False,False,False,False,0.01850794705939054,-0.04442945542683702,False,False,False,False,62479487,62453520.8470174,False,False,False,False,277703.5728476835,False,False,False,False
2024-06-13 00:00:00+00:00,14.6414450401,14.7654442489,14.6414450401,14.7272906462,145632,,14.816144488181655,,14.360320269404415,14.619229396524192,14.516301835099243,14.44814877302972,"rgba(38, 166, 154, 1.0)",0.0,0.0,0.41032017970471407,14.442317555892648,0.48529780901990704,51.75856752641525,-5.581797445150151,False,False,True,False,True,1.6501614245441978,14.5872954612545,0.0,0.0,0.0,0.0,0,0.8983219708026,1.001243289510729,False,False,False,False,0.02240350146788173,-0.011012976979477644,False,False,False,False,62625119,62460250.186350055,False,False,False,False,272524.29548110766,False,False,False,False
2024-06-14 00:00:00+00:00,14.6223682388,14.8131362523,14.6128298381,14.794059451,165845,,14.81608071235194,,14.360884465645096,14.619317319102919,14.516389810326585,14.459918380215715,"rgba(38, 166, 154, 1.0)",0.0,0.0,0.4025696616878034,14.445992495558889,0.4381247769681476,52.907848137817254,-4.381234452679543,False,False,True,False,True,1.4259398618324823,14.586567993415999,0.0,0.0,0.0,0.0,0,0.8994281059165223,1.0145550364681253,False,False,False,False,0.02629973588728394,0.007643379453903147,False,False,False,False,62459274,62460211.9045324,False,False,False,False,268340.7936975348,False,False,False,False
2024-06-17 00:00:00+00:00,14.822674653,14.8609236397,14.7034446445,14.7082138449,104745,,14.816074553014188,,14.36136441405744,14.619471295568262,14.516482996449591,14.46955570690801,"rgba(38, 166, 154, 1.0)",0.0,0.0,0.39418493551100997,14.448904106513552,0.9482111385152308,55.66411922667553,-1.6165653401924587,True,False,True,False,True,3.661825157012551,14.586476742575998,0.0,0.0,0.0,0.0,0,0.8823155583664021,1.0086660118825872,False,False,False,False,0.05459825033018376,0.031120814892043457,False,False,False,False,62564019,62464282.77102134,False,False,False,False,261925.27237606287,False,False,False,False
2024-06-18 00:00:00+00:00,15.0039042659,15.0372886683,14.8417514544,14.851289855,182030,,14.816150547218966,,14.362512461498415,14.619988664229174,14.516740582434188,14.491853568108366,"rgba(38, 166, 154, 1.0)",0.0,0.0,0.3896839308852981,14.455487580314976,1.4073371830835057,59.017217534778,1.6651813077233584,True,False,True,False,True,5.608700077934845,14.5859217082785,0.0,0.0,0.0,0.0,0,0.9060225400016328,0.9863451553590307,False,False,False,False,0.11933757736242806,0.07522919612723576,False,False,False,False,62746049,62475332.42705972,False,False,False,False,258792.12443974667,False,False,False,False
2024-06-20 00:00:00+00:00,15.06113467,15.1517494764,15.0515962693,15.1088266733,230219,,14.816330843111635,,14.364265370994842,14.6208839636686,14.517159074350925,14.523245638317029,"rgba(38, 166, 154, 1.0)",0.0,0.0,0.3854023473604679,14.46466885447612,1.5476444801359852,61.69925596928168,4.278390003862526,True,False,True,False,True,6.213609227261561,14.583917579407,0.0,0.0,0.0,0.0,0,0.9199502972870192,0.9720714184188407,False,False,False,False,0.1871248507424476,0.1311770234348417,False,False,False,False,62976268,62494976.95933189,False,False,False,False,257671.60975583506,False,False,False,False
2024-06-21 00:00:00+00:00,14.9562122625,15.146980276,14.9275970605,15.089749872,209240,,14.816447603057716,,14.365680564524464,14.62155955726182,14.51748708290781,14.545145194862139,"rgba(38, 166, 154, 1.0)",0.0,0.0,0.37659084355975103,14.4711312919197,1.2880848774628646,61.85376272744362,4.57835793513059,True,False,True,False,True,4.910430566969161,14.5804755508165,0.0,0.0,0.0,0.0,0,0.9107025113969556,0.9707961573288783,False,False,False,False,0.1600394403190661,0.1456082318769539,False,False,False,False,62767028,62505645.62759339,False,False,False,False,255772.33094188076,False,False,False,False
2024-06-24 00:00:00+00:00,15.1565186767,15.1850384948,14.9943658652,14.9943658652,185239,,14.81660503639244,,14.367125142037686,14.622311695085726,14.517836964530138,14.566487590139614,"rgba(38, 166, 154, 1.0)",0.0,0.0,0.37253926180769015,14.477417393426848,1.822898558336955,63.63470990695267,6.514002130790722,True,False,True,False,True,7.034952915790868,14.577213095384002,0.0,0.0,0.0,0.0,0,0.9073037892785571,0.9627526610892367,False,False,False,False,0.18206954582543952,0.1638388888511967,False,False,False,False,62952267,62523160.191217184,False,False,False,False,253006.3179637678,False,False,False,False
2024-06-25 00:00:00+00:00,15.0515962693,15.1946722794,15.0372886683,15.1374418754,371501,,14.816901638479592,,14.36993798560845,14.62375966799153,14.518516841456563,14.603008299421301,"rgba(38, 166, 154, 1.0)",0.0,0.0,0.36688137768466955,14.48832083606708,1.5353066890112035,63.22725159540214,6.514002130790722,True,False,True,False,True,5.7270535535656535,14.574019664907501,0.0,0.0,0.0,0.0,0,0.9014056140491206,0.9857340661861844,False,False,False,False,0.23281992022853418,0.19832940453986544,False,False,False,False,62580766,62525419.242542,False,False,False,False,257653.16823969848,False,False,False,False
2024-06-26 00:00:00+00:00,15.0515962693,15.1946722794,14.9943658652,15.1279034747,251467,,14.817091719251241,,14.371792316429971,14.624705127884909,14.518964728678398,14.62404814182208,"rgba(38, 166, 154, 1.0)",0.0,0.0,0.3581037813385299,14.494727434061469,1.5550487435710711,62.955612721035116,6.514002130790722,True,False,True,False,True,5.7270535535656535,14.570415254973998,0.0,0.0,0.0,0.0,0,0.9119453924749916,0.9650360257619665,False,False,False,False,0.22292457575660435,0.21062699014823488,False,False,False,False,62580766,62527589.70361878,False,False,False,False,257410.57340676914,False,False,False,False
2024-06-27 00:00:00+00:00,15.1851338788,15.2328258821,15.118365074,15.2137490808,153280,,14.817250798272312,,14.373074469053282,14.625403793209564,14.519285267690154,14.638474805501946,"rgba(38, 166, 154, 1.0)",0.0,0.0,0.35376857822048063,14.499124980383296,1.9391459294306228,64.01254403028034,7.858638905448288,True,False,True,False,True,7.160369937516897,14.567295875551999,0.0,0.0,0.0,0.0,0,0.9043427180661827,0.9588889354917435,False,False,False,False,0.33628776139119076,0.27345737576971285,False,False,False,False,62734046,62535686.02896706,False,False,False,False,253327.02150846447,False,False,False,False
2024-06-28 00:00:00+00:00,15.118365074,15.2519026835,15.089749872,15.2519026835,215957,,14.817458936012526,,14.37481719153258,14.626340053083979,14.519718950997708,14.656554995354849,"rgba(38, 166, 154, 1.0)",0.0,0.0,0.3465190647774722,14.504724716246708,1.7708704083781364,63.581008462351335,7.858638905448288,True,False,True,False,True,6.3020996157138285,14.562518384968,0.0,0.0,0.0,0.0,0,0.9280971450602442,0.9560866382240862,False,False,False,False,0.340185294381643,0.30682133507567794,False,False,False,False,62518089,62534995.949399725,False,False,False,False,251861.53046891684,False,False,False,False
2024-07-01 00:00:00+00:00,15.4045170943,15.428363096,15.1851338788,15.2614410842,314316,,14.81792891140188,,14.37794246170438,14.628175676423107,14.52053407865453,14.689617046957869,"rgba(38, 166, 154, 1.0)",0.0,0.0,0.34990020170856145,14.514937907917195,2.542379747250764,65.72277425912463,10.179264818500194,True,False,True,False,True,9.303348967409985,14.559217318869498,0.0,0.0,0.0,0.0,0,0.9379679598645678,0.902698338483652,False,False,False,False,0.3428282039112784,0.32482476949347816,False,False,False,False,62832405,62546659.04942326,False,False,False,False,254310.72535248875,False,False,False,False
2024-07-02 00:00:00+00:00,15.3949786937,15.4712858991,15.3472866903,15.4522090977,415621,,14.818626585627436,,14.382322124645675,14.630809599427936,14.521695039949554,14.732321224622027,"rgba(38, 166, 154, 1.0)",0.0,0.0,0.35468382428973105,14.528393800642345,2.443260260861988,66.98453871907921,11.65628185601635,True,False,True,False,True,9.178262237974412,14.554361636093999,0.0,0.0,0.0,0.0,0,0.9536314512879087,0.8953410202711466,False,False,False,False,0.34282820721169904,0.3338264883525886,False,False,False,False,62416784,62541565.9102302,False,False,False,False,260636.61847592058,False,False,False,False
2024-07-03 00:00:00+00:00,15.4426706971,15.4903627004,15.3425174899,15.3949786937,348795,,14.819231411716402,,14.386042591366595,14.633064946287362,14.522689737066981,14.765168190149769,"rgba(38, 166, 154, 1.0)",0.0,0.0,0.36104796999310346,14.539025646127623,2.502839306892207,68.20858439590704,13.075811818166919,True,False,True,False,True,9.672805568770666,14.549698748951498,0.0,0.0,0.0,0.0,0,0.9788729357812801,0.8810072004285883,False,False,False,False,0.34282820742593667,0.33832734788926266,False,False,False,False,62765579,62550350.73728,False,False,False,False,264093.8099082374,False,True,False,False
2024-07-05 00:00:00+00:00,15.4426706971,15.6300048864,15.414055495,15.5380547038,372727,,14.819951334014492,,14.390256446943173,14.635673852463462,14.523832985662372,14.89419016646212,"rgba(38, 166, 154, 1.0)",0.0,0.0,0.3681148504807856,14.598270117804486,2.293850895155858,69.02461484712559,14.102169723750833,True,False,True,False,True,9.672805568770666,14.544944533041,0.0,0.0,0.0,0.0,0,0.9705099181842662,0.8817968133117676,False,True,False,False,0.34282821037610267,0.34057777913268267,False,False,False,False,62765579,62558791.061308235,False,False,False,False,268353.93500987516,False,True,False,False
2024-07-08 00:00:00+00:00,15.3091330876,15.3806710926,15.2900562862,15.3377482896,317049,,14.820409669642535,,14.393271661536957,14.637447050041986,14.524634627200504,14.90277183197044,"rgba(38, 166, 154, 1.0)",0.0,0.0,0.37233511817954873,14.601504585201663,1.900515067872542,66.90301540354554,14.102169723750833,True,False,True,False,False,7.8578150433909215,14.539522629083,0.0,0.0,0.0,0.0,0,0.942420752750724,0.9030244256940296,False,False,False,False,0.2626212684475082,0.30159952379009547,False,False,False,False,62448530,62554467.09811968,False,False,False,False,270263.5454016448,False,False,False,False
2024-07-09 00:00:00+00:00,15.1374418754,15.3329790893,15.118365074,15.3282098889,365916,,14.820801662839935,,14.396244887723196,14.639097306505644,14.52540777579179,14.907297441265058,"rgba(38, 166, 154, 1.0)",0.0,0.0,0.373486857653467,14.603698413876433,1.4290823106252146,62.60665559651318,17.573737174835372,True,False,True,False,False,5.591409837019075,14.5346122005855,0.0,0.0,0.0,0.0,0,0.932692391174411,0.9114145019320095,False,False,False,False,0.21704408518744467,0.25932180448877007,False,False,False,False,62082614,62535963.05505617,False,False,False,False,274014.6220525607,False,False,False,False
2024-07-10 00:00:00+00:00,15.1851338788,15.2614410842,15.0372886683,15.0706730706,299450,,14.82109202044508,,14.398556060444069,14.640356252374788,14.526006247723965,14.955851412341723,"rgba(38, 166, 154, 1.0)",0.0,0.0,0.3749425871482966,14.606052153822592,1.5444543906888095,60.362542507837134,15.483264452675016,True,False,True,False,False,6.125401633725726,14.529666245801,0.0,0.0,0.0,0.0,0,0.9067301131993195,0.9296157798489744,False,False,False,False,0.18586447216403587,0.22259313832640298,False,False,False,False,62382064,62529927.79799515,False,False,False,False,275012.08785442106,False,False,False,False
2024-07-11 00:00:00+00:00,15.2232874815,15.2375950825,15.0891775679,15.1279034747,261335,,14.82136142556691,,14.400619699996774,14.641496334180312,14.526545733515409,14.961977004306952,"rgba(38, 166, 154, 1.0)",0.0,0.0,0.3759572978064608,14.608947631665615,1.634068159918102,59.372100854632706,14.539812026628013,True,False,True,False,False,6.555259968230384,14.52491105903,0.0,0.0,0.0,0.0,0,0.9165059792753417,0.9265017423048403,False,False,False,False,0.19156528050376734,0.20707920941508517,False,False,False,False,62643399,62534377.64905416,False,False,False,False,274475.7314679732,False,False,False,False
2024-07-12 00:00:00+00:00,15.1565186767,15.2709794849,15.146980276,15.2614410842,291526,,14.821668228376437,,14.4029327808339,14.642781508704132,14.527153945002286,14.968847552324947,"rgba(38, 166, 154, 1.0)",0.0,0.0,0.3773456803185313,14.612480852853285,1.4417491764778452,57.52441990479663,12.735188364471071,True,False,True,False,False,5.656348743045658,14.519913357002999,0.0,0.0,0.0,0.0,0,0.9426690824235859,0.9076578350428625,False,False,False,False,0.2101899798976997,0.20863459465639245,False,False,False,False,62351873,62527220.603993215,False,False,False,False,275144.36944962136,False,False,False,False
2024-07-15 00:00:00+00:00,15.1088266733,15.1565186767,15.0525501093,15.146980276,305970,,14.821915343583973,,14.405084223592535,14.643914673769439,14.527709068102396,14.969075822683083,"rgba(38, 166, 154, 1.0)",0.0,0.0,0.377737505571739,14.614787705910818,1.3078896326204366,55.45828161554416,10.726385591886967,True,False,True,False,False,5.013551121485342,14.514174886734002,0.0,0.0,0.0,0.0,0,0.9635507357311116,0.9021102680118988,False,False,False,False,0.16771539158759338,0.18817499312199293,False,False,False,False,62045903,62508345.403836615,False,False,False,False,276353.2177064989,False,False,False,False
2024-07-16 00:00:00+00:00,14.9371354611,15.004858106,14.8035978517,14.8799050571,403803,,14.822022228640677,,14.407136146405684,14.644787750519562,14.528198905619915,14.955325447019993,"rgba(38, 166, 154, 1.0)",0.0,0.0,0.3773369481952322,14.614177917886057,0.8558863497429019,51.420366560449345,6.918443567504674,False,False,False,False,False,2.7377001690419753,14.505888378194,0.0,0.0,0.0,0.0,0,0.9412598382861539,0.8827870824767524,False,False,False,False,0.08777803747794516,0.13797651529996904,False,False,False,False,61642100,62474374.99584302,False,False,False,False,281351.2483846755,False,False,False,False
2024-07-17 00:00:00+00:00,15.089749872,15.1423064597,14.9180586598,14.9180586598,214586,,14.822160985061108,,14.408507483068508,14.645479651688618,14.528549230342279,14.955766462602563,"rgba(38, 166, 154, 1.0)",0.0,0.0,0.37817778037967037,14.615550062708778,1.253907114307857,51.220921338936535,6.742597913361202,False,False,False,False,False,4.555103045300381,14.499552215694,0.0,0.0,0.0,0.0,0,0.9482453030627955,0.8733516483270573,False,False,False,False,0.13784872390264005,0.13791261960130455,False,False,False,False,61856686,62450151.897966824,False,False,False,False,278733.0033499824,False,False,False,False
2024-07-18 00:00:00+00:00,15.0420578686,15.1660570774,15.0039042659,15.0992882727,330526,,14.822393704382858,,14.410675913503905,14.646594897454857,14.529109230052867,14.958068368325833,"rgba(38, 166, 154, 1.0)",0.0,0.0,0.3786971146666315,14.618058198900869,1.1196274100804293,50.352736274164215,5.809770287592379,False,False,False,False,False,3.9221633135300458,14.4941648671625,0.0,0.0,0.0,0.0,0,0.9562211981352096,0.8711449840212339,False,False,False,False,0.1598341383835347,0.14887337899241962,False,False,False,False,61526160,62413916.92157597,False,False,False,False,280764.1012578262,False,False,False,False
2024-07-19 00:00:00+00:00,14.7082138449,15.0515962693,14.6748294425,14.9371354611,345438,,14.822383098626606,,14.412043213294158,14.64704583483796,14.529413814141025,14.94637224877686,"rgba(239, 83, 80, 1.0)",0.0,0.0,0.3786956428764177,14.61679188683848,0.24141275396547052,45.714885146237634,1.36193180815021,False,True,False,True,False,0.0,14.488021586194,0.0,0.0,0.0,0.0,0,0.9283842794448027,0.886986899533612,False,False,False,False,0.07157955233605251,0.11022646566423606,False,False,False,False,61180722,62365556.33641613,False,False,False,False,283300.3325810487,False,False,False,False
2024-07-22 00:00:00+00:00,14.6700602422,14.6939062439,14.526984232,14.5651378347,279375,,14.822231341306928,,14.412643670413035,14.647008929764457,14.52950174239855,14.930972042928557,"rgba(239, 83, 80, 1.0)",0.0,0.0,0.37775130583001904,14.61389743472777,0.1486766732647702,42.25219094265027,-1.8371137242993782,False,True,False,True,False,0.0,14.4813678865235,0.0,0.0,0.0,0.0,0,0.9168637757066695,0.914235654806941,False,False,False,False,-0.027744203364124805,0.04124113115005563,False,False,False,False,60901347,62308136.36243903,False,False,False,False,283146.39797002723,False,False,False,False
2024-07-23 00:00:00+00:00,14.4792922286,14.5937530367,14.3743698212,14.5746762354,261986,,14.821979782580419,,14.412823343071299,14.646669245711474,14.529463342047123,14.912807652572518,"rgba(239, 83, 80, 1.0)",0.0,0.0,0.37645448300834855,14.609904445414823,-0.3469535434166329,38.250851680008864,-5.486104674904169,False,True,False,True,False,0.0,14.478098463271,0.0,0.0,0.0,0.0,0,0.8875811336833069,0.922198182570348,False,False,False,False,-0.07748913162758791,-0.018124000238766143,False,False,False,False,60639361,62242694.19136299,False,False,False,False,282316.5784417909,False,False,False,False
2024-07-24 00:00:00+00:00,14.5365226327,14.6223682388,14.4316002252,14.5079074306,282974,,14.821746598932005,,14.413148552227845,14.646410031578727,14.529463959160239,14.897106740414667,"rgba(239, 83, 80, 1.0)",0.0,0.0,0.3739632181856965,14.606504420533174,-0.18713548399945262,36.63637077409378,-6.895332612108874,False,True,False,True,False,0.0,14.4766677810975,0.0,0.0,0.0,0.0,0,0.8950976138490928,0.9219956615707645,False,False,False,False,-0.060563975154768995,-0.03934398769676757,False,False,False,False,60922335,62190915.399544835,False,False,False,False,282342.35967936774,False,False,False,False
2024-07-25 00:00:00+00:00,14.6223682388,14.6557526412,14.3028318161,14.4029850232,207695,,14.821573821994438,,14.413379647324259,14.646215324784798,14.529462356475829,14.886539457137133,"rgba(239, 83, 80, 1.0)",0.0,0.0,0.37087233653031376,14.604178868951479,0.04904482771266069,37.10357853549286,-6.895332612108874,False,True,False,True,False,0.0,14.475529333802001,0.0,0.0,0.0,0.0,0,0.8837665104146355,0.9195568810952122,False,False,False,False,-0.07937226566349401,-0.05935812668013079,False,False,False,False,61130030,62149312.050543085,False,False,False,False,279415.0122409612,False,False,False,False
2024-07-26 00:00:00+00:00,14.4220618245,14.5079074306,14.2885242151,14.5079074306,244920,,14.821286883967181,,14.413362416029589,14.645754696905605,14.529368456167733,14.871374372643231,"rgba(239, 83, 80, 1.0)",0.0,0.0,0.37122374610066117,14.600509331384604,-0.4807006791968959,35.49481221480401,-8.079509120606005,False,True,False,True,False,0.0,14.470329840703,0.0,0.0,0.0,0.0,0,0.8902356902145341,0.9192760942480964,False,False,False,False,-0.11148271872642566,-0.08542042270327822,False,False,False,False,60885110,62099735.499541394,False,False,False,False,278062.2666628843,False,False,False,False
2024-07-29 00:00:00+00:00,14.2789858144,14.5460610334,14.2119308576,14.4888306293,193254,,14.821027796409712,,14.413235075162637,14.645301012757399,14.529258128165269,14.858842504341911,"rgba(239, 83, 80, 1.0)",0.0,0.0,0.37159273464487796,14.597347269339812,-0.8567483302494106,33.2781815835184,-10.320754528309052,False,True,False,True,False,0.0,14.464871611394,0.0,0.0,0.0,0.0,0,0.8953711380492527,0.9171712603206674,False,False,False,False,-0.11912601424737317,-0.1022732184753257,False,False,False,False,60691856,62044524.538775064,False,False,False,False,274736.45228394767,False,False,False,False
2024-07-30 00:00:00+00:00,14.2122170096,14.231293811,14.1263714035,14.1931402083,396323,,14.820323604763905,,14.412377156037861,14.643893648136395,14.52884075786291,14.82836136749492,"rgba(239, 83, 80, 1.0)",0.0,0.0,0.37293618092507763,14.589113561966636,-1.0106194347561959,31.30273584928308,-12.326480709652785,False,True,False,True,False,0.0,14.4600384901265,0.0,0.0,0.0,0.0,0,0.859736180353151,0.9499594830186716,False,False,False,False,-0.1997308212020774,-0.15100201983870154,False,False,False,False,60295533,61975936.63529369,False,False,False,False,279504.5521943811,False,False,False,False
2024-07-31 00:00:00+00:00,14.7463674476,14.7463674476,14.4602154273,14.526984232,257960,,14.820200701586092,,14.412972417422703,14.643907882379605,14.528938473483885,14.823314068233671,"rgba(239, 83, 80, 1.0)",0.0,0.0,0.3670466191491782,14.588256962408256,0.43076404179460537,37.564288726703104,-12.326480709652785,False,True,False,True,True,0.5610292405934061,14.458104442968999,0.0,0.0,0.0,0.0,0,0.8651890503223919,0.9362697188000609,False,False,False,False,-0.030553986716821524,-0.09077800327776153,False,False,False,False,60553493,61920154.53194884,False,False,False,False,278659.6677946014,False,False,False,False
2024-08-01 00:00:00+00:00,14.5174458313,14.7559058483,14.3934466225,14.7559058483,180966,,14.820066047787412,,14.413221597227215,14.643783678128496,14.52895342803154,14.78860950877995,"rgba(239, 83, 80, 1.0)",0.0,0.0,0.3618786324224945,14.587110585023984,-0.19250861333710975,39.59212317871425,-17.310349890241888,False,True,False,True,True,0.0,14.451372637004999,0.0,0.0,0.0,0.0,0,0.8591594149568843,0.9435523036581268,False,False,False,False,-0.04179838939455769,-0.06628819633615961,False,False,False,False,60372527,61859463.25618615,False,False,False,False,274828.5435673622,False,False,False,False
2024-08-02 00:00:00+00:00,13.9546801913,14.0977562015,13.8068349808,14.0977562015,206831,,14.819562083595667,,14.412304648635635,14.642675165937819,14.528584487001845,14.731307812437027,"rgba(239, 83, 80, 1.0)",0.0,0.0,0.36743622118861186,14.58166706277675,-1.7063828640750873,37.19063446097442,-17.310349890241888,False,True,False,True,True,0.0,14.442511968602,0.0,0.0,0.0,0.0,0,0.8447293119196525,0.9609521836616082,False,False,False,False,-0.2942234985621779,-0.18025584744916875,False,False,False,False,60165696,61793041.01084551,False,False,False,False,272161.9732313872,False,False,False,False
2024-08-05 00:00:00+00:00,14.0023721947,14.0023721947,13.6876049724,13.7162201744,833111,,14.81740807128461,,14.408204842945864,14.637888516255892,14.526959956799104,14.532923600694582,"rgba(239, 83, 80, 1.0)",0.0,0.0,0.37630016883107625,14.524112761865126,-1.3865010180193134,36.11891055770076,-17.310349890241888,False,True,False,True,True,0.0,14.4334331163755,0.0,0.0,0.0,0.0,0,0.8551467270232762,0.9626012404859854,False,False,False,False,-0.34072938403162767,-0.2604926157403982,False,False,False,False,60998807,61761894.57904765,False,False,False,False,294159.97428113676,False,False,False,False
2024-08-06 00:00:00+00:00,13.8116041812,13.9737569927,13.7019125734,13.7257585751,237253,,14.816751048260699,,14.40689455326429,14.636411793877357,14.526448781250526,14.51158314338771,"rgba(239, 83, 80, 1.0)",0.0,0.0,0.39050762341413375,14.517287048618991,-1.807091142675629,34.343800230525886,-17.310349890241888,False,True,False,True,False,0.0,14.4222588144795,0.0,0.0,0.0,0.0,0,0.8644672039701105,0.9651179765164545,False,False,False,False,-0.34282825441539394,-0.3016604350778961,False,False,False,False,60761554,61722665.536732055,False,False,False,False,291928.3282308961,False,False,False,False
2024-08-07 00:00:00+00:00,14.1645250063,14.231198427,14.0119105954,14.0309873968,330618,,14.816120870350924,,14.406042734923023,14.635141501264295,14.526050520235206,14.509415701166208,"rgba(239, 83, 80, 1.0)",0.0,0.0,0.3953241054211482,14.515226680497491,-0.8871244363504742,36.85313445835078,-17.310349890241888,False,True,False,True,False,0.0,14.4109768769625,0.0,0.0,0.0,0.0,0,0.8736622843301103,0.92461245866329,False,False,False,False,-0.2224125857760388,-0.26203651042696746,False,False,False,False,61092172,61697940.29999747,False,False,False,False,293445.57026105706,False,False,False,False
2024-08-08 00:00:00+00:00,14.2789858144,14.3266778178,14.1072946022,14.1072946022,270213,,14.81568362236135,,14.40561128239893,14.634318737625726,14.525810372816885,14.510920145731793,"rgba(239, 83, 80, 1.0)",0.0,0.0,0.3980783009979652,14.51448012403802,-0.5915778605556876,39.57277216141782,-17.310349890241888,False,True,False,True,True,0.0,14.401226195551498,0.0,0.0,0.0,0.0,0,0.8660656001995259,0.9327947286209778,False,False,False,False,-0.18344929169644367,-0.22274290106170558,False,False,False,False,61362385,61684781.26862502,False,False,False,False,292534.48907434894,False,False,False,False
2024-08-09 00:00:00+00:00,14.4220618245,14.4301694651,14.2503706124,14.3362162185,212638,,14.815417214003858,,14.4055346622625,14.63388488814324,14.52570672686435,14.515844732704732,"rgba(239, 83, 80, 1.0)",0.0,0.0,0.39779224212888675,14.515035522779815,-0.23372426214810668,42.65324620917359,-14.428514455934724,False,True,False,True,True,0.0,14.3940631339375,0.0,0.0,0.0,0.0,0,0.8776650447363087,0.9238284547609846,False,False,False,False,-0.13390098860576768,-0.17832194483373665,False,False,False,False,61575023,61680477.022796586,False,False,False,False,289401.2934243745,False,False,False,False
2024-08-12 00:00:00+00:00,14.7654442489,14.851289855,14.526984232,14.5842146361,228560,,14.815352818039562,,14.406201637453357,14.634025683159711,14.525839571443434,14.53536831442653,"rgba(239, 83, 80, 1.0)",0.0,0.0,0.39596259954681406,14.522694268640606,0.6130629017417933,47.340657949298816,-9.987406241806212,False,False,False,False,True,1.3894640599820605,14.390443559808,0.0,0.0,0.0,0.0,0,0.9071387553848355,0.8896092120692066,False,False,False,False,0.0036070638425672193,-0.0873574404955847,False,False,False,False,61803583,61685304.70817711,False,False,False,False,287015.3603489089,False,False,False,False
2024-08-13 00:00:00+00:00,14.5937530367,14.7368290469,14.555599434,14.7368290469,327365,,14.815182283237322,,14.40688739259978,14.634012473832763,14.525943120867257,14.544707230796785,"rgba(239, 83, 80, 1.0)",0.0,0.0,0.3930234446614171,14.52378648296382,0.1780213233753938,48.986145367895844,-8.446529551392622,False,False,False,False,True,0.0,14.3844586049435,0.0,0.0,0.0,0.0,0,0.9178464243366942,0.8862430654419762,False,False,False,False,-0.013214244327396053,-0.05028584241149038,False,False,False,False,61476218,61677105.22942507,False,False,False,False,288597.6991587556,False,False,False,False
2024-08-14 00:00:00+00:00,14.4602154273,14.6509834408,14.4316002252,14.6319066395,294016,,14.814935526337289,,14.407183771185428,14.633744954182879,14.525932575706566,14.54442448058866,"rgba(239, 83, 80, 1.0)",0.0,0.0,0.38972178971510246,14.522204193078645,-0.1590590195738371,48.989648026863435,-8.309501927486153,False,False,False,False,True,0.0,14.37935855109,0.0,0.0,0.0,0.0,0,0.9447573656668519,0.8776770240020928,False,False,False,False,-0.05438386227732272,-0.052334852344406546,False,False,False,False,61182202,61657697.259643696,False,False,False,False,288810.1815446867,False,False,False,False
2024-08-15 00:00:00+00:00,14.6223682388,14.7177522456,14.5746762354,14.6414450401,282350,,14.81479651129417,,14.407794657694659,14.633754632019215,14.52602991286736,14.554477379371763,"rgba(239, 83, 80, 1.0)",0.0,0.0,0.3875725272729672,14.524726807671488,0.2519307336243238,50.30677984271921,-6.806651260789984,False,False,False,False,True,0.0,14.371644432489502,0.0,0.0,0.0,0.0,0,0.9593949538001266,0.8325429297496677,False,False,False,False,-0.013214244307798276,-0.03277454832610241,False,False,False,False,61464552,61650122.935736105,False,False,False,False,288556.8410919539,False,False,False,False
2024-08-16 00:00:00+00:00,14.4125234239,14.6509834408,14.3457546191,14.6509834408,301657,,14.814506688460073,,14.407969159980874,14.63338038378152,14.525977863080778,14.552411184299338,"rgba(239, 83, 80, 1.0)",0.0,0.0,0.38810889960267236,14.52302406187005,-0.2847155478350935,49.43477640489352,-6.806651260789984,False,False,False,False,True,0.0,14.3671278775325,0.0,0.0,0.0,0.0,0,0.940779506942585,0.8419256606746341,False,False,False,False,-0.07127126540705345,-0.05202290686657793,False,False,False,False,61162895,61631015.9578641,False,False,False,False,289070.5728138381,False,False,False,False
2024-08-19 00:00:00+00:00,14.1549866056,14.4506770266,14.0881224168,14.4220618245,615819,,14.813508284794642,,14.406958978373645,14.631515770056323,14.525422446289857,14.524770335445076,"rgba(239, 83, 80, 1.0)",0.0,0.0,0.3920268983861041,14.51143673511535,-0.9092491637252027,46.97642325730749,-6.806651260789984,False,False,False,False,True,0.0,14.362373919317498,0.0,0.0,0.0,0.0,0,0.9092966904273893,0.8787685436234367,False,False,False,False,-0.16228890126297182,-0.10715590406477488,False,False,False,False,60547076,61588508.50853609,False,False,False,False,301884.23662506015,False,False,False,False
2024-08-20 00:00:00+00:00,14.0119105954,14.2122170096,13.9928337941,14.1549866056,927384,,14.811602507898291,,14.404102670919885,14.627637992782073,14.524140153554733,14.476172585360253,"rgba(239, 83, 80, 1.0)",0.0,0.0,0.3988620555806151,14.491464720466292,-1.2023057053351816,44.39397675837503,-6.806651260789984,False,True,False,True,False,0.0,14.3571329029715,0.0,0.0,0.0,0.0,0,0.8891312387135095,0.9033200250567354,False,False,False,False,-0.23025829691244953,-0.1687071004886122,False,False,False,False,59619692,61511300.01800527,False,False,False,False,326413.6391103519,False,False,False,False
2024-08-21 00:00:00+00:00,13.8211425819,14.1549866056,13.7352969758,14.0977562015,486725,,14.810379105388295,,14.401871477832438,14.625013159094479,14.523220139453773,14.356639154530603,"rgba(239, 83, 80, 1.0)",0.0,0.0,0.4099106701968594,14.479124197659775,-1.6051829425269164,41.497573652859515,-1.8884664579135944,False,True,False,True,False,0.0,14.349522450652,0.0,0.0,0.0,0.0,0,0.8673175428030044,0.9356144085324796,False,False,False,False,-0.2963280492634998,-0.232517574876056,False,False,False,False,59132967,61418032.05651487,False,False,False,False,332700.3591452401,False,False,False,False
2024-08-22 00:00:00+00:00,13.9451417907,14.0500641981,13.8211425819,13.8402193832,509293,,14.809151752139538,,14.399720489152998,14.622419130252387,14.522314575312436,14.336328258480663,"rgba(239, 83, 80, 1.0)",0.0,0.0,0.41782436396639266,14.468474584211032,-1.2525186146232645,40.860216410042426,-2.6565944343445977,False,True,False,True,False,0.0,14.343901925898502,0.0,0.0,0.0,0.0,0,0.85721677701334,0.9534304719176282,False,False,False,False,-0.3004087012195948,-0.2664631380478254,False,False,False,False,59642260,61348393.936651535,False,False,False,False,339625.5607473875,False,False,False,False
2024-08-23 00:00:00+00:00,14.2694474137,14.3076010164,14.1454482049,14.1454482049,423059,,14.808487745637974,,14.39910979094437,14.621224674562047,14.521952743205603,14.34489413102162,"rgba(239, 83, 80, 1.0)",0.0,0.0,0.41992685100116606,14.46582940692008,-0.4676576235881946,43.414832271434705,-2.6565944343445977,False,True,False,True,False,0.0,14.339811600491998,0.0,0.0,0.0,0.0,0,0.8606162931485714,0.9486050472760119,False,False,False,False,-0.17958687548675517,-0.22302500676729028,False,False,False,False,60065319,61298077.272469126,False,False,False,False,342897.46032592136,False,False,False,False
2024-08-26 00:00:00+00:00,14.5651378347,14.6605218415,14.5460610334,14.6414450401,456105,,14.808213599322197,,14.399899904293848,14.621121582926904,14.522047710550629,14.372696869810476,"rgba(239, 83, 80, 1.0)",0.0,0.0,0.4199784947350609,14.469499933226782,0.22772094922038807,47.33506368248757,-2.6565944343445977,False,False,False,False,True,0.0,14.340350569691,0.0,0.0,0.0,0.0,0,0.8698275798996981,0.9364460886264722,False,False,False,False,-0.030043034184570896,-0.1265340204759306,False,False,False,False,60521424,61267620.281391904,False,False,False,False,347336.9716856892,False,False,False,False
2024-08-27 00:00:00+00:00,14.3362162185,14.5365226327,14.2885242151,14.4888306293,463169,,14.807676284186696,,14.399846437332446,14.620324965304878,14.521858306953558,14.36815315376148,"rgba(239, 83, 80, 1.0)",0.0,0.0,0.4213723892873475,14.469119833797356,-0.3154065588448506,48.125322037733234,-8.367093702782057,False,False,False,False,True,0.0,14.341297519867,0.0,0.0,0.0,0.0,0,0.8524472429836479,0.9476963924333189,False,False,False,False,-0.10517801300103141,-0.115856016738481,False,False,False,False,60058255,61220194.191925555,False,False,False,False,351879.40416860336,False,False,False,False
2024-08-28 00:00:00+00:00,14.1359098042,14.3076010164,14.0977562015,14.1740634069,378026,,14.807023768918253,,14.399101617754752,14.619106242229549,14.521467666360017,14.35207376510069,"rgba(239, 83, 80, 1.0)",0.0,0.0,0.42501322859005736,14.465841255983431,-0.7762851355896566,47.20896850547235,-8.367093702782057,False,False,False,False,True,0.0,14.3411972735875,0.0,0.0,0.0,0.0,0,0.8350356914629381,0.9727308339599249,False,False,False,False,-0.18925311929820593,-0.15255456801834347,False,False,False,False,59680229,61159803.40008534,False,False,False,False,352904.7608678738,False,False,False,False
2024-08-29 00:00:00+00:00,14.3552930198,14.4411386259,14.2503706124,14.3076010164,390394,,14.806532167715725,,14.39892637050506,14.618335463437932,14.521264051079248,14.35371260220845,"rgba(239, 83, 80, 1.0)",0.0,0.0,0.42615931111538097,14.464970127172233,-0.2573617530147985,48.32732877176054,-7.857556737981106,False,False,False,False,True,0.0,14.340687018711998,0.0,0.0,0.0,0.0,0,0.8300407786588817,0.9689476793617293,False,False,False,False,-0.13171356659594768,-0.14213406730714556,False,False,False,False,60070623,61117090.44321925,False,False,False,False,354374.92710834934,False,False,False,False
2024-08-30 00:00:00+00:00,14.0023721947,14.1072946022,13.964218592,14.0882178008,551525,,14.805348527164556,,14.397088267028792,14.61595217541066,14.520437417262901,14.326831574476197,"rgba(239, 83, 80, 1.0)",0.0,0.0,0.431884641708329,14.457566504263687,-1.0539719767833289,46.647842949320534,-7.857556737981106,False,False,False,True,True,0.0,14.3372705501095,0.0,0.0,0.0,0.0,1,0.8026855703421804,0.985779777571745,False,False,False,False,-0.25801578783468965,-0.2000749275709176,False,False,False,False,59519098,61054424.07289693,False,False,False,False,362106.30251586507,False,False,False,False
2024-09-03 00:00:00+00:00,13.4872985581,13.6303745683,13.4396065548,13.6303745683,760195,,14.802670294395499,,14.391185241351447,14.609916601086047,14.51814537145879,14.247515838394591,"rgba(239, 83, 80, 1.0)",0.0,0.0,0.4511054237554444,14.43560776913695,-2.1021897789263866,42.82056248493234,-7.857556737981106,False,True,False,True,False,0.0,14.331507035244002,0.0,0.0,0.0,0.0,0,0.7999972403710474,0.9933769351771272,False,False,False,False,-0.34282825441539394,-0.27145159099315574,False,False,False,False,58758903,60964403.63866568,False,False,False,False,377717.62398583116,False,False,False,False
2024-09-04 00:00:00+00:00,13.2583769419,13.5492981625,13.232241724,13.4109913527,1011611,,14.798647028726853,,14.381922691868882,14.600733557262584,14.514587811122928,14.150844327527185,"rgba(239, 83, 80, 1.0)",0.0,0.0,0.4769466719192646,14.40403016588613,-2.4020572769193396,39.2840626642019,-4.482879015790154,False,True,False,True,False,0.0,14.3260145082035,0.0,0.0,0.0,0.0,0,0.7843055260176682,1.0047232867040419,False,False,False,False,-0.34282825441539394,-0.3071399227042748,False,False,False,False,57747292,60838242.39793369,False,False,False,False,402576.1877510927,False,False,False,False
2024-09-05 00:00:00+00:00,13.3346841473,13.5445289622,13.2583769419,13.4300681541,697866,,14.795946432688806,,14.375825989458745,14.594638461989456,14.512214237355565,14.101005708063642,"rgba(239, 83, 80, 1.0)",0.0,0.0,0.4976006003140107,14.384873120804395,-2.1105058411136812,37.60178775847107,-6.089073463014735,False,True,False,True,False,0.0,14.324282681611,0.0,0.0,0.0,0.0,0,0.7850879278157342,1.0057056302349807,False,False,False,False,-0.3391202109668887,-0.32313006683558176,False,False,False,False,58445158,60744395.950955905,False,False,False,False,414156.18038830475,False,False,False,False
2024-09-06 00:00:00+00:00,13.0962241304,13.4682217568,12.9436097195,13.4109913527,794845,,14.792429297462334,,14.367528551996605,14.586584206953077,14.50902441643527,14.037530393435585,"rgba(239, 83, 80, 1.0)",0.0,0.0,0.5245089092910177,14.359912915100248,-2.40927992321119,35.41695312658483,-8.214258745462068,False,True,False,True,False,0.0,14.318573027506,0.0,0.0,0.0,0.0,0,0.7710177064398388,1.0108881113764732,False,False,False,False,-0.34282825441539394,-0.3329791606254878,False,False,False,False,57650313,60623059.36464391,False,False,False,False,429085.1537064105,False,False,False,False
2024-09-09 00:00:00+00:00,13.1248393324,13.2011465378,12.9531481202,13.0103785243,574650,,14.789776866939352,,14.361222939891494,14.580507193800775,14.506596869611426,13.993942709298164,"rgba(239, 83, 80, 1.0)",0.0,0.0,0.5489564619943899,14.341791202992814,-2.216845879127752,34.239638924469745,-9.42895105273368,False,True,False,True,False,0.0,14.311453860353001,0.0,0.0,0.0,0.0,0,0.7687727575920487,1.0366104293434493,False,False,False,False,-0.34282825441539394,-0.33790370752044085,False,False,False,False,58224963,60529016.36995199,False,False,False,False,434793.57905125717,False,False,False,False
2024-09-10 00:00:00+00:00,12.7433033053,13.1534545344,12.5620736924,13.1439161337,700315,,14.786036450629833,,14.351983462720618,14.571818606865946,14.503079599382474,13.744435525689408,"rgba(239, 83, 80, 1.0)",0.0,0.0,0.58597927087398,14.222375728258694,-2.5241036611289647,31.847331194535386,-11.823729323276567,False,True,False,True,False,0.0,14.302244355528,0.0,0.0,0.0,0.0,0,0.7510637068764612,1.0400454361687685,True,False,False,False,-0.34282825441539394,-0.34036598096791737,False,False,False,False,57524648,60411198.002502896,False,False,False,False,445206.1837943451,True,False,False,False
2024-09-11 00:00:00+00:00,12.9054561168,13.0008401236,12.6288424972,12.9054561168,432053,,14.783765667803692,,14.346431991682978,14.56657809229299,14.500949632964678,13.714790226210365,"rgba(239, 83, 80, 1.0)",0.0,0.0,0.6139506224060722,14.208132942402926,-2.1217941281625166,31.857948603546852,-11.989746657886393,False,True,False,True,False,0.0,14.294713238058,0.0,0.0,0.0,0.0,0,0.7546541575705296,1.0664012321606642,False,False,False,False,-0.34282825441539394,-0.3415971176916557,False,False,False,False,57956701,60314943.21809102,False,False,False,False,444690.37266515516,False,False,False,False
2024-09-12 00:00:00+00:00,13.2488385412,13.3203765463,12.9913017229,13.077147329,437714,,14.781875169801769,,14.342120236682751,14.56234891392999,14.499241585228868,13.708943915498713,"rgba(239, 83, 80, 1.0)",0.0,0.0,0.6301226707451848,14.20247164513594,-1.513408655505398,34.892248281882736,-11.989746657886393,False,True,False,True,True,0.0,14.289766656006998,0.0,0.0,0.0,0.0,0,0.7668674736387212,1.0413106573999322,False,False,False,False,-0.2520730056073623,-0.296835061649509,False,False,False,False,58394415,60239628.386009015,False,False,False,False,444416.78942338435,False,False,False,False
2024-09-13 00:00:00+00:00,13.2202233392,13.3920099354,13.0962241304,13.2869921439,450506,,14.77999410341463,,14.337903832756282,14.558178212827418,14.497554132578697,13.701487304414938,"rgba(239, 83, 80, 1.0)",0.0,0.0,0.6440125686184259,14.195849821932125,-1.514918388666073,36.75027212177697,-11.989746657886393,False,True,False,True,True,0.0,14.285590285627501,0.0,0.0,0.0,0.0,0,0.7762519090502402,1.0374920843818598,False,False,False,False,-0.22927953995961087,-0.2630573008045599,False,False,False,False,57943909,60149600.174792975,False,False,False,False,444655.5819950164,False,False,False,False
2024-09-16 00:00:00+00:00,13.3823761507,13.4396065548,13.2774537432,13.3251457466,408287,,14.778436849973682,,14.334558987457987,14.554791355830488,14.496186313724285,13.699159130624306,"rgba(239, 83, 80, 1.0)",0.0,0.0,0.6543759481771985,14.191413996523647,-1.236350217451095,39.37785695541544,-16.710949809582367,False,True,False,True,True,0.0,14.280809083399499,0.0,0.0,0.0,0.0,0,0.7797157221647947,1.039749239656552,False,False,False,False,-0.1898845481934131,-0.2264709244989865,False,False,False,False,58352196,60079113.7365658,False,False,False,False,443229.363093251,False,False,False,False
2024-09-17 00:00:00+00:00,13.5445289622,13.6303745683,13.37283775,13.37283775,432565,,14.776964953274637,,14.33158343989871,14.551672648408937,14.494931978382139,13.701832063356038,"rgba(239, 83, 80, 1.0)",0.0,0.0,0.6618599740130935,14.188641239158102,-0.9731851180735702,42.448874134324825,-13.740884452917953,False,False,False,True,True,0.0,14.275560042475002,0.0,0.0,0.0,0.0,0,0.7950804512570245,1.015042229219752,False,False,False,False,-0.14295403965647063,-0.18471248207772856,False,False,False,False,58784761,60028354.80572008,False,False,False,False,442811.1527758686,False,False,False,False
2024-09-18 00:00:00+00:00,13.3346841473,13.5731441642,13.329914947,13.3919145514,661516,,14.77453672260887,,14.326503373292631,14.546467074484436,14.492818125022703,13.69582782256807,"rgba(239, 83, 80, 1.0)",0.0,0.0,0.6731992929371722,14.180530151180921,-1.2564570592320286,43.00024120663569,-13.13363233021304,False,False,False,True,True,0.0,14.271636325447501,0.0,0.0,0.0,0.0,0,0.803765922088931,1.015629807415178,False,False,False,False,-0.155728871092116,-0.1702206765849223,False,False,False,False,58123245,59953644.61726047,False,False,False,False,451387.8134513247,False,False,False,False
2024-09-19 00:00:00+00:00,13.6780665717,13.7829889791,13.5492981625,13.611297767,388622,,14.77338321528385,,14.324378707065922,14.544120632605209,14.491875286278692,13.700814758817023,"rgba(239, 83, 80, 1.0)",0.0,0.0,0.6771035185483353,14.179114804759047,-0.7399876375376997,46.02388810937737,-10.152761563902615,True,False,False,False,True,0.0,14.2703884726075,0.0,0.0,0.0,0.0,0,0.8120223219555982,0.9838650976791401,False,False,False,False,-0.09560899681492122,-0.13291483669992177,False,False,False,False,58511867,59897104.31854437,False,False,False,False,448926.40900225315,False,False,False,False
2024-09-20 00:00:00+00:00,13.7066817737,13.7543737771,13.5731441642,13.6303745683,382445,,14.772258554137279,,14.322326437338043,14.541844610975856,14.490958495533219,13.704912922561652,"rgba(239, 83, 80, 1.0)",0.0,0.0,0.6788339291085945,14.177474057483712,-0.6935308675598015,48.24572544441025,-7.974209388386399,True,False,False,False,True,0.0,14.270105654690502,0.0,0.0,0.0,0.0,0,0.8106341250726568,0.9842013510748618,False,False,False,False,-0.09627243675802928,-0.11459363672897552,False,False,False,False,58894312,59857779.129581854,False,False,False,False,446319.2949237334,False,False,False,False
2024-09-23 00:00:00+00:00,13.6303745683,13.8402193832,13.4396065548,13.6494513697,531645,,14.770640056696154,,14.319313442441361,14.538550013877773,14.489622843535837,13.707507097218702,"rgba(239, 83, 80, 1.0)",0.0,0.0,0.6823790777575757,14.174073698599319,-0.7967699304117214,49.086655930487936,-7.060639613790741,True,False,False,False,True,0.0,14.270445917196,0.0,0.0,0.0,0.0,0,0.8019678294338696,0.9812021129968291,False,False,False,False,-0.09243693912405312,-0.10351528792651432,False,False,False,False,58362667,59799147.28136296,False,False,False,False,449665.40100515564,False,False,False,False
2024-09-24 00:00:00+00:00,13.8306809825,13.9451417907,13.7639121778,13.9451417907,377991,,14.769704573208218,,14.317840944189152,14.53676383075467,14.488908776004854,13.691385526990507,"rgba(239, 83, 80, 1.0)",0.0,0.0,0.6848885006368892,14.173985964141568,-0.5012567466417129,51.21025636264479,-4.892803724390625,True,False,True,False,True,0.0,14.274207924128,0.0,0.0,0.0,0.0,0,0.8220933099957957,0.959721455674917,False,False,False,False,-0.027738217571926693,-0.0656267527492205,False,False,False,False,58740658,59757637.8977801,False,False,False,False,446854.6401814241,False,False,False,False
2024-09-25 00:00:00+00:00,13.5445289622,13.7753582586,13.4682217568,13.7257585751,928377,,14.766793555155685,,14.31236082964599,14.530837311155535,14.486480222285296,13.669729126197751,"rgba(239, 83, 80, 1.0)",0.0,0.0,0.6911045958940716,14.16606356604259,-0.8993350753781643,50.21945036977091,-4.892803724390625,True,False,False,False,True,0.0,14.276265184654001,0.0,0.0,0.0,0.0,0,0.8169839802421162,0.9639584820578609,False,False,False,False,-0.09568592976358917,-0.08065634125640483,False,False,False,False,57812281,59681349.3919848,False,False,False,False,465737.869978231,False,False,False,False
2024-09-26 00:00:00+00:00,13.1153009317,13.3108381456,13.048532127,13.1629929351,643166,,14.764034295577842,,14.306322069612076,14.52487257106562,14.48398205590877,13.533582313109793,"rgba(239, 83, 80, 1.0)",0.0,0.0,0.7058355420148555,14.152645105178365,-1.4696683741898227,46.7157657656501,-4.892803724390625,True,False,False,False,False,0.0,14.275171688578,0.0,0.0,0.0,0.0,0,0.7926486075858369,0.9867693352545489,False,False,False,False,-0.22778827573286342,-0.15422230849463414,False,False,False,False,57169115,59582830.39622069,False,False,False,False,472695.83586143766,False,False,False,False
2024-09-27 00:00:00+00:00,13.344222548,13.3537609487,13.0676089283,13.1629929351,747731,,14.761031318588346,,14.299966812885922,14.518490382956152,14.481301104766732,13.519788372732963,"rgba(239, 83, 80, 1.0)",0.0,0.0,0.7148872069093429,14.139771647767017,-1.11283163564557,46.26881553304134,-4.892803724390625,True,False,False,True,False,0.0,14.274583499206498,0.0,0.0,0.0,0.0,0,0.7901898173773856,0.985719426728942,False,False,False,False,-0.2052925684746263,-0.17975743848463022,False,False,False,False,57916846,59517497.67480028,False,False,False,False,483481.5285727538,False,False,False,False
2024-09-30 00:00:00+00:00,13.3251457466,13.4586833561,13.2106849385,13.2869921439,484012,,14.759192014314168,,14.296191300504704,14.514640722494415,14.479679548862597,13.516637619539097,"rgba(239, 83, 80, 1.0)",0.0,0.0,0.7234340926639758,14.132716279695344,-1.116301458950523,45.84165542901459,-4.892803724390625,True,False,False,True,False,0.0,14.275817829959,0.0,0.0,0.0,0.0,0,0.8170545670162219,0.9723682165543447,False,False,False,False,-0.14801817994856112,-0.16388780921659568,False,False,False,False,57432834,59435746.15814144,False,False,False,False,483502.3313738223,False,False,False,False
2024-10-01 00:00:00+00:00,13.7162201744,13.964218592,13.1820697365,13.2488385412,1116013,,14.755824837068328,,14.29017468585288,14.50800639324112,14.476895812380546,13.545406630982278,"rgba(239, 83, 80, 1.0)",0.0,0.0,0.7256901356355108,14.125095041926613,-0.5634290001317821,48.51852549855279,-4.892803724390625,True,False,False,False,False,0.0,14.2779115876325,0.0,0.0,0.0,0.0,0,0.8312344108486671,0.9238943854177757,False,False,False,False,-0.06306057036954744,-0.11347418979307156,False,False,False,False,58548847,59400965.79899865,False,False,False,False,508306.67131994694,False,False,False,False
2024-10-02 00:00:00+00:00,13.8020657805,14.0786794002,13.6303745683,14.0119105954,765520,,14.753964426467808,,14.287422430021815,14.504607504191386,14.475476365614744,13.57381532962945,"rgba(239, 83, 80, 1.0)",0.0,0.0,0.7269983351816212,14.123857864423291,-0.44263111530083565,50.88022914082407,-4.765594605690978,True,False,False,False,True,0.0,14.2789276486625,0.0,0.0,0.0,0.0,0,0.8718153436163322,0.9165808615102239,False,False,False,False,0.03612255387761291,-0.03867581795772933,False,False,False,False,59314367,59397569.76766537,False,False,False,False,518393.46852308634,False,False,False,False
2024-10-03 00:00:00+00:00,14.3648314205,14.3982158229,13.9451417907,13.9832953934,1208761,,14.752313834977295,,14.286934542044486,14.502476539092823,14.474640665244339,13.647674270218987,"rgba(38, 166, 154, 1.0)",0.0,0.0,0.7244036518686413,14.13249867394346,0.3207227710092636,55.60698444195474,-0.2678223257490089,True,False,True,False,True,1.8678047375386875,14.2828488666605,0.0,0.0,0.0,0.0,0,0.8812028214380342,0.8940079521030642,False,False,False,False,0.14887647896995182,0.055100330506111246,False,False,False,False,60523128,59441709.3061883,False,False,False,False,545466.7050515928,False,False,False,False
2024-10-04 00:00:00+00:00,14.4220618245,14.6223682388,14.3743698212,14.4411386259,759854,,14.75175522440973,,14.28803865638196,14.502329900935647,14.474636926999269,13.697876621798859,"rgba(38, 166, 154, 1.0)",0.0,0.0,0.7197158038293386,14.14123489920984,0.39019141138208335,59.029211139640665,2.8733919037404974,True,False,True,False,True,2.3178493857623295,14.286378074911,0.0,0.0,0.0,0.0,0,0.9116643135745468,0.8820748338065836,False,False,False,False,0.2691399713617147,0.16212015093391297,False,False,False,False,61282982,59513916.078494646,False,False,False,False,553874.0499515303,False,False,False,False
2024-10-07 00:00:00+00:00,14.9752890639,15.0039042659,14.5937530367,14.6414450401,434287,,14.751876098500613,,14.289964661531796,14.503335033854976,14.475115618584995,13.870205057088821,"rgba(38, 166, 154, 1.0)",1.0,14.792968,0.7185217524762568,14.161576540221677,1.1324814048760639,63.5673748077991,7.009222697635437,True,False,True,False,True,6.477265276800853,14.291624195284001,0.0,0.0,0.0,0.0,0,0.9227580909302205,0.8509039117145794,False,False,False,False,0.34282821708362504,0.252474184008769,False,False,False,False,61717269,59600322.07541642,False,True,False,False,549184.361718137,False,False,False,False
2024-10-08 00:00:00+00:00,14.3552930198,14.6223682388,14.1454482049,14.5460610334,955658,,14.750930244733675,,14.290588044559172,14.502537207458609,14.474839304255555,13.866911128357659,"rgba(38, 166, 154, 1.0)",0.0,0.0,0.7141880466233431,14.152622660698436,0.283777304954602,61.83463011141299,7.009222697635437,True,False,True,False,True,1.4726574899731517,14.294628791497498,0.0,0.0,0.0,0.0,0,0.8854095297455918,0.8585591197048459,False,False,False,False,0.19438291717487216,0.22342855059182057,False,False,False,False,60761611,59645862.817556955,False,False,False,False,565124.5043958572,False,False,False,False
2024-10-09 00:00:00+00:00,14.2408322117,14.2551398127,13.93560339,14.0500641981,572693,,14.75002010590986,,14.289941490135037,14.501212396979987,14.474296197170466,13.907283813604252,"rgba(38, 166, 154, 1.0)",0.0,0.0,0.7066051453640693,14.14864211787533,0.13046903837244403,59.93285692939131,7.009222697635437,True,False,True,False,False,0.5979050198865572,14.2972041596805,0.0,0.0,0.0,0.0,0,0.8775708584941427,0.8605852860034418,False,False,False,False,0.09628197467384447,0.1598552626328325,False,False,False,False,60188918,59667159.09922139,False,False,False,False,565421.3081450392,False,False,False,False
2024-10-10 00:00:00+00:00,14.7082138449,14.7511366479,14.3362162185,14.3839082218,426178,,14.7498512722575,,14.290950054548802,14.501479133177094,14.474447704772015,13.95370853675621,"rgba(38, 166, 154, 1.0)",0.0,0.0,0.7024890468155631,14.155280009798593,0.7871066995391569,60.8149717263053,7.009222697635437,True,False,True,False,False,3.9826965927826095,14.30268874007,0.0,0.0,0.0,0.0,0,0.8891962501989152,0.8537472465713534,False,False,False,False,0.25021437055546525,0.20503481659414888,False,False,False,False,60615096,59704333.095330365,False,False,False,False,559960.7862569985,False,False,False,False
2024-10-11 00:00:00+00:00,14.6414450401,14.7225214459,14.4879721732,14.5842146361,512459,,14.749673902047203,,14.292227669931924,14.501859672307656,14.474656913519695,13.989934508681682,"rgba(38, 166, 154, 1.0)",0.0,0.0,0.6977660804459743,14.162763228339813,0.6860204661342099,60.93200384787962,7.009222697635437,True,False,True,False,False,3.4623604174452964,14.306742560358,0.0,0.0,0.0,0.0,0,0.9002470740608671,0.8547988590391874,False,False,False,False,0.272126432847463,0.23858062472080593,False,False,False,False,60102637,59719952.8562978,False,False,False,False,558097.9711096653,False,False,False,False
2024-10-14 00:00:00+00:00,14.3839082218,14.5079074306,14.3076010164,14.3934466225,376273,,14.749330453999237,,14.292536002814701,14.501614092690208,14.474576518278633,13.997997538613287,"rgba(38, 166, 154, 1.0)",0.0,0.0,0.6892939073328381,14.164969572662034,0.31762742541150535,59.22737768385517,7.009222697635437,True,False,True,False,False,1.4793014702315261,14.3102717686085,0.0,0.0,0.0,0.0,0,0.9037484401315198,0.8430910019680063,False,False,False,False,0.2026323679737556,0.22060649634728077,False,False,False,False,59726364,59720204.27369789,False,False,False,False,550967.580085757,False,False,False,False
2024-10-15 00:00:00+00:00,13.8020657805,13.8354501829,13.6017593663,13.7066817737,602521,,14.747756459008247,,14.290041073933722,14.498715305542083,14.473326330662864,13.95932969106598,"rgba(38, 166, 154, 1.0)",0.0,0.0,0.6832681529717574,14.15590510141026,-0.5178630371857631,54.76975484588198,11.365097842461608,True,False,True,False,False,0.0,14.312417908760999,0.0,0.0,0.0,0.0,0,0.8959033769847912,0.848577397494272,False,False,False,False,-0.02935940947098095,0.09562354343814991,False,False,False,False,59123843,59696817.55708229,False,False,False,False,552989.282827492,False,False,False,False
2024-10-16 00:00:00+00:00,13.7448353764,13.7686813781,13.5740980043,13.7352969758,489349,,14.746417383992044,,14.287844601494527,14.496220214462776,14.472243725839308,13.934315923441336,"rgba(38, 166, 154, 1.0)",0.0,0.0,0.6711205858829892,14.14898839688687,-0.6022062636554776,51.508399350982884,8.236257560665173,True,False,False,False,False,0.0,14.314802508929999,0.0,0.0,0.0,0.0,0,0.8929706944795532,0.8497879511015605,False,False,False,False,-0.04508823588282005,0.02526765377766493,False,False,False,False,58634494,59655157.80974573,False,False,False,False,550493.585461708,False,False,False,False
2024-10-17 00:00:00+00:00,13.7639121778,13.7925273798,13.5254521609,13.6589897703,419898,,14.745268990920692,,14.285966736801093,14.494086496455344,14.471314893997489,13.917201773508772,"rgba(38, 166, 154, 1.0)",0.0,0.0,0.6580703857106651,14.143682785999042,-0.5770972474151365,49.46068470689639,6.264325306860442,True,False,False,False,False,0.0,14.317711721136499,0.0,0.0,0.0,0.0,0,0.883456302610405,0.868019328706014,False,False,False,False,-0.04922242076707612,-0.011977383494705595,False,False,False,False,59054392,59631598.36622629,False,False,False,False,545372.1899534058,False,False,False,False
2024-10-18 00:00:00+00:00,13.5349905615,13.639912969,13.3919145514,13.611297767,431822,,14.743898151171704,,14.283491393181432,14.491435667815804,14.470151531361509,13.858490902029217,"rgba(239, 83, 80, 1.0)",0.0,0.0,0.6451544867036382,14.136629527959865,-0.9325502323232494,46.833320912155784,3.7195451382671223,False,False,False,True,False,0.0,14.317711721136499,0.0,0.0,0.0,0.0,0,0.8653509223949307,0.8758116046716241,False,False,False,False,-0.09708271567546992,-0.05453004958508775,False,False,False,False,58622570,59592028.62637429,False,False,False,False,540919.241327782,False,False,False,False
2024-10-21 00:00:00+00:00,13.7066817737,13.8068349808,13.6017593663,13.7162201744,395886,,14.74283176288297,,14.281777748962613,14.489474152734898,14.469292710904206,13.859055533010935,"rgba(239, 83, 80, 1.0)",0.0,0.0,0.6290782433622129,14.13259230293362,-0.6770390388280974,46.33637535667017,3.1300774465044867,False,False,False,True,False,0.0,14.3193332492515,0.0,0.0,0.0,0.0,0,0.866017177279841,0.8694269965496567,False,False,False,False,-0.03412383068022382,-0.044326940132655784,False,False,False,False,59018456,59569535.58220275,False,False,False,False,535231.6632364965,False,False,False,False
2024-10-22 00:00:00+00:00,14.0214489961,14.1263714035,13.8259117822,13.8497577839,328600,,14.742191898321563,,14.281065027105598,14.488444695358998,14.468847698399138,13.902957214129486,"rgba(239, 83, 80, 1.0)",0.0,0.0,0.6137503335394755,14.131925226875584,-0.1800019075158321,48.10004643771572,3.1300774465044867,False,False,False,False,False,0.0,14.321622465414,0.0,0.0,0.0,0.0,0,0.8623573169137185,0.865691932807593,False,False,False,False,0.05638176409310557,0.006027411980224894,False,False,False,False,59347056,59560810.8927046,False,False,False,False,527128.4607566339,False,False,False,False
2024-10-23 00:00:00+00:00,13.9260649893,14.0214489961,13.8305855985,13.9260649893,255160,,14.741652709307566,,14.280390018336968,14.487543785371747,14.468455611093022,13.902955179559486,"rgba(239, 83, 80, 1.0)",0.0,0.0,0.6021585705886415,14.131000334577474,-0.34033451533727754,48.64056724984451,3.1300774465044867,False,False,False,False,False,0.0,14.325247057671502,0.0,0.0,0.0,0.0,0,0.862468288770586,0.8665817610489248,False,False,False,False,0.03966837154400485,0.022847891762114873,False,False,False,False,59091896,59542422.073382854,False,False,False,False,516463.0309230404,False,False,False,False
2024-10-24 00:00:00+00:00,13.8688345852,14.0452949978,13.7162201744,13.9928337941,353594,,14.740861644877448,,14.279329422025269,14.486191004429521,14.467863953541146,13.899269597062222,"rgba(239, 83, 80, 1.0)",0.0,0.0,0.5889395608301434,14.129331755266444,-0.44231562522181084,48.606723753440775,3.1300774465044867,False,False,False,False,False,0.0,14.328013193867998,0.0,0.0,0.0,0.0,0,0.8637913782154056,0.8614940064220471,False,False,False,False,0.024596287146697114,0.023722089454405994,False,False,False,False,58738302,59510887.95285804,False,False,False,False,510076.0101025291,False,False,False,False
2024-10-25 00:00:00+00:00,14.0882178008,14.1168330029,13.9260649893,14.0023721947,304197,,14.740313494222123,,14.278797949485012,14.485349456077435,14.467499372495812,13.909195158381163,"rgba(239, 83, 80, 1.0)",0.0,0.0,0.5734290105003688,14.129223170338502,-0.07150906003642964,50.14767536863926,3.1300774465044867,True,False,False,False,True,0.0,14.332210090165999,0.0,0.0,0.0,0.0,0,0.8703620464117673,0.864232592359455,False,False,False,False,0.07151588480760643,0.04761898713100621,False,False,False,False,59042499,59492519.758628316,False,False,False,False,502002.3234318417,False,False,False,False
2024-10-28 00:00:00+00:00,13.3346841473,13.3823761507,13.2202233392,13.2488385412,521800,,14.738390283132443,,14.275073375999735,14.4815354321882,14.46579884413286,13.849447138053797,"rgba(239, 83, 80, 1.0)",0.0,0.0,0.564896697929382,14.119816585283463,-1.389869051919315,46.629839231082116,2.452052168872598,False,False,False,True,False,0.0,14.3318762461425,0.0,0.0,0.0,0.0,0,0.8691961363721812,0.8662210674635032,False,False,False,False,-0.16978597873041343,-0.06108349579970361,False,False,False,False,58520699,59454409.1406429,False,False,False,False,502778.7029051028,False,False,False,False
2024-10-29 00:00:00+00:00,13.2106849385,13.3156073459,13.105762531,13.2965305446,542912,,14.736252368741617,,14.270822088300873,14.477250268704159,14.463879208597367,13.733139098383592,"rgba(239, 83, 80, 1.0)",0.0,0.0,0.5586775785186587,14.045955389010032,-1.495084969625528,43.6997585059976,-0.43495666481793194,False,True,False,True,False,0.0,14.330397794037498,0.0,0.0,0.0,0.0,0,0.8747771813646047,0.8572962177114569,False,False,False,False,-0.2009803689536704,-0.131031932376687,False,False,False,False,57977787,59396502.39002945,False,False,False,False,504352.557693138,False,False,False,False
2024-10-30 00:00:00+00:00,13.5349905615,13.5731441642,13.344222548,13.401452952,426960,,14.734875852561268,,14.268358733953267,14.474623709544977,14.462702168955627,13.733148373850558,"rgba(239, 83, 80, 1.0)",0.0,0.0,0.5506663303663899,14.046895097855506,-0.9296092899213682,44.08924319760183,-0.43495666481793194,False,True,False,True,False,0.0,14.331303942101501,0.0,0.0,0.0,0.0,0,0.8861107669316967,0.828620988738469,False,False,False,False,-0.11633937093274921,-0.1236856516547181,False,False,False,False,58404747,59357610.02179301,False,False,False,False,501317.555430662,False,False,False,False
2024-10-31 00:00:00+00:00,13.8497577839,13.8879113866,13.5445289622,13.6017593663,591483,,14.733394536569357,,14.266166256058938,14.472017680332092,14.461535836287501,13.755787811331018,"rgba(239, 83, 80, 1.0)",0.0,0.0,0.5356789066087745,14.051917598631153,-0.37738991070409683,46.32845155286103,-0.43495666481793194,False,False,False,True,False,0.0,14.333593158264,0.0,0.0,0.0,0.0,0,0.9090886485006504,0.8081312943069158,False,False,False,False,-0.030153381315609674,-0.07691951648516389,False,False,False,False,58996230,59343438.2562325,False,False,False,False,504853.4552176949,False,False,False,False
2024-11-01 00:00:00+00:00,13.6303745683,13.9737569927,13.6303745683,13.93560339,469456,,14.732202865531725,,14.264385226217463,14.469916870112016,14.460591944532924,13.76312563384572,"rgba(239, 83, 80, 1.0)",0.0,0.0,0.5223375140003409,14.052277940070164,-0.8077217516678079,46.52934649797615,-0.43495666481793194,False,False,False,True,True,0.0,14.3341654623045,0.0,0.0,0.0,0.0,0,0.9096279816948961,0.7993820294271585,False,False,False,False,-0.001586556349703634,-0.03925303641743376,False,False,False,False,58526774,59311412.20696849,False,False,False,False,503465.3197189618,False,False,False,False
2024-11-04 00:00:00+00:00,14.0786794002,14.0977562015,13.8879113866,13.9832953934,349458,,14.731565654166484,,14.263768990184627,14.468954500293862,14.460161848971959,13.781649265249332,"rgba(239, 83, 80, 1.0)",0.0,0.0,0.5151082308301326,14.055940545954144,0.04414383790608705,49.252565367064804,-0.43495666481793194,False,False,False,False,True,0.062437720938962826,14.3370746745115,0.0,0.0,0.0,0.0,0,0.9037246465763288,0.794566687162858,False,False,False,False,0.06195412518830429,0.011350544385435264,False,False,False,False,58876232,59294346.31649914,False,False,False,False,497425.81698488485,False,False,False,False
2024-11-05 00:00:00+00:00,14.1740634069,14.2694474137,14.0357565971,14.1931402083,439371,,14.730921836258895,,14.263438318721654,14.468122517112807,14.459792387074366,13.808865958003718,"rgba(239, 83, 80, 1.0)",0.0,0.0,0.508864641983393,14.061652786438595,0.22090475774316828,51.56821110352259,-3.9415923440504628,True,False,False,False,True,0.7196352292771522,14.339602350691,0.0,0.0,0.0,0.0,0,0.9041764778659306,0.7918949064381167,False,False,False,False,0.11553535740875283,0.06344295089709405,False,False,False,False,59315603,59295179.911930546,False,False,False,False,495149.15749528154,False,False,False,False
2024-11-06 00:00:00+00:00,14.1072946022,14.2694474137,13.8783729859,13.8783729859,867112,,14.729489828192783,,14.26232599641565,14.466098963181288,14.458884988071523,13.841486983317859,"rgba(239, 83, 80, 1.0)",0.0,0.0,0.5053560450060574,14.067603023588712,0.07854181028113037,52.64607525067318,-2.805772041497953,True,False,True,False,True,0.2482621393893787,14.341796182846998,0.0,0.0,0.0,0.0,1,0.9104102500757085,0.7881976099599506,False,False,False,False,0.0890810191914518,0.07626198504427292,False,False,False,False,58448491,59261976.42518817,False,False,False,False,509735.9356327215,False,False,False,False
2024-11-07 00:00:00+00:00,14.1454482049,14.3171394171,13.9451417907,14.0214489961,712660,,14.72841016802028,,14.261681491981992,14.464671683105443,14.458243534982524,13.91093081349528,"rgba(239, 83, 80, 1.0)",0.0,0.0,0.5010847238038199,14.058955866407953,0.172610208180901,53.596550402495716,-1.7428156196267608,True,False,True,False,True,0.5186205345368577,14.3435607869725,0.0,0.0,0.0,0.0,1,0.9257065948776132,0.7769240181137465,False,False,False,False,0.10830610016562152,0.09228404260494721,False,False,False,False,59161151,59258022.486945495,False,False,False,False,517693.7420784972,False,False,False,False
2024-11-08 00:00:00+00:00,13.8688345852,14.0214489961,13.7925273798,14.0214489961,231333,,14.727917963568741,,14.26107445851173,14.463872450479013,14.457880181325004,13.904260901089888,"rgba(239, 83, 80, 1.0)",0.0,0.0,0.49456035945121907,14.05561602242958,-0.3776716707275921,52.20765633178865,-1.7428156196267608,True,False,False,False,True,0.0,14.342893098925002,0.0,0.0,0.0,0.0,0,0.909776638583836,0.7989503234569099,False,False,False,False,0.03332962545374061,0.06280683402934391,False,False,False,False,58929818,59245151.72275156,False,False,False,False,506463.90905581106,False,False,False,False
2024-11-11 00:00:00+00:00,13.4682217568,13.5540673629,13.4205297534,13.5063753595,330364,,14.726868046761842,,14.259238082647155,14.46190952659826,14.456982142897195,13.872887572225636,"rgba(239, 83, 80, 1.0)",0.0,0.0,0.4937808002244689,14.043378236042454,-1.1648012214751806,48.83759529153224,-1.7428156196267608,False,False,False,False,False,0.0,14.339506966684501,0.0,0.0,0.0,0.0,1,0.9119873433017849,0.8029451138008016,False,False,False,False,-0.10670118867828994,-0.021947177324473016,False,False,False,False,58599454,59219830.24342796,False,False,False,False,499558.0302693087,False,False,False,False
2024-11-12 00:00:00+00:00,13.4396065548,13.639912969,13.401452952,13.6208361676,266860,,14.72602988333891,,14.25778513961865,14.460350122062625,14.45626737035394,13.854894677729508,"rgba(239, 83, 80, 1.0)",0.0,0.0,0.4947906083502355,14.036279611587265,-1.2059102309494787,46.429220220406116,1.8112426389118497,False,False,False,True,False,0.0,14.336597754478,0.0,0.0,0.0,0.0,1,0.9213958668322485,0.7897289939477568,False,False,False,False,-0.095481423883628,-0.05871430060405051,False,False,False,False,58332594,59185036.66525432,False,False,False,False,490432.61731757113,False,False,False,False
2024-11-13 00:00:00+00:00,13.4396065548,13.5779133646,13.2297617398,13.3632993493,375082,,14.724779393664173,,14.255545035225984,14.457990856586525,14.455183368127212,13.830409374228095,"rgba(239, 83, 80, 1.0)",0.0,0.0,0.4961948348574247,14.026690286641557,-1.1831717918028084,44.823636839655364,0.2556595223465621,False,True,False,True,False,0.0,14.3331639302345,0.0,0.0,0.0,0.0,1,0.9233707765098775,0.7890793719923613,False,False,False,False,-0.13487444124179346,-0.09679437092292198,False,False,False,False,58332594,59151607.5411267,False,False,False,False,485909.0636972742,False,False,False,False
2024-11-14 00:00:00+00:00,13.5445289622,13.6971433731,13.4539141558,13.6971433731,201093,,14.724186372379231,,14.254561784544695,14.45691109413501,14.454686549857009,13.823660118927688,"rgba(239, 83, 80, 1.0)",0.0,0.0,0.48740865068740147,14.023796121348337,-0.9832963745563766,44.699690079913665,0.0258745459707157,False,True,False,True,False,0.0,14.331780862136002,0.0,0.0,0.0,0.0,0,0.9327892462699737,0.7815897966471991,False,False,False,False,-0.0770995343279155,-0.08694695262541874,False,False,False,False,58533687,59127375.3630433,False,False,False,False,474739.8062973811,False,False,False,False
2024-11-15 00:00:00+00:00,13.2488385412,13.5445289622,13.2106849385,13.4777601575,387890,,14.722817034003286,,14.252041524204486,14.45429919348747,14.453481856074639,13.73512145270254,"rgba(239, 83, 80, 1.0)",0.0,0.0,0.4866968950997058,13.968758339766273,-1.4791953797420243,42.67597613037883,-2.050644904489296,False,True,False,True,False,0.0,14.330302410030999,0.0,0.0,0.0,0.0,0,0.935866354070966,0.7834052316813437,False,False,False,False,-0.1437709343867593,-0.11535894350608902,False,False,False,False,58145797,59088882.09390435,False,False,False,False,471333.9315406211,False,False,False,False
2024-11-18 00:00:00+00:00,13.6971433731,13.7305277754,13.4586833561,13.4586833561,216077,,14.72221676869512,,14.251091750962726,14.45323029159129,14.452988009602446,13.745154079552059,"rgba(239, 83, 80, 1.0)",0.0,0.0,0.48688874438957896,13.97228037603443,-0.5650921408737319,44.994862883664595,-2.050644904489296,False,True,False,True,False,0.0,14.3321623981635,0.0,0.0,0.0,0.0,1,0.9381237623414564,0.751704929866988,False,False,False,False,-0.07071863015880081,-0.09303878683244492,False,False,False,False,58361874,59060371.97257477,False,False,False,False,461323.85579393007,False,False,False,False
2024-11-19 00:00:00+00:00,13.7448353764,13.8020657805,13.5731441642,13.7352969758,301148,,14.721440794100845,,14.249937954775215,14.451885485501533,14.45236567530092,13.754862682174652,"rgba(239, 83, 80, 1.0)",0.0,0.0,0.4867150831109249,13.975366429197937,-0.4736468229512386,46.88582167620148,-2.050644904489296,False,False,False,True,True,0.0,14.3334023902515,0.0,0.0,0.0,0.0,1,0.9636136707807418,0.7406656232369626,False,False,False,False,-0.039684295250663935,-0.06636154104155442,False,False,False,False,58663022,59044789.62070909,False,False,False,False,455042.4496843642,False,False,False,False
2024-11-20 00:00:00+00:00,13.6780665717,13.8287733024,13.5969901659,13.8211425819,200984,,14.720920818772207,,14.249163002451924,14.450984173853861,14.451947904638327,13.75775053220577,"rgba(239, 83, 80, 1.0)",0.0,0.0,0.4870926339815081,13.975989086431236,-0.6116342025047857,47.628337146615465,-2.050644904489296,False,False,False,False,True,0.0,14.334022386295501,0.0,0.0,0.0,0.0,1,0.961060887980573,0.7292007848836537,False,False,False,False,-0.10663458257810829,-0.08649806180983136,False,False,False,False,58462038,59021936.61597541,False,False,False,False,445079.37322615384,False,False,False,False
2024-11-21 00:00:00+00:00,13.8974497873,13.9117573883,13.7543737771,13.8783729859,160548,,14.720568208731004,,14.24871824720019,14.450412606191641,14.451682580073342,13.764217428169422,"rgba(239, 83, 80, 1.0)",0.0,0.0,0.485705428470674,13.978068332201072,-0.1659823839212878,49.8163661157093,-5.398324438609492,False,False,False,False,True,0.0,14.335310070387,0.0,0.0,0.0,0.0,0,0.9501871182671576,0.7397750485253186,False,False,False,False,-0.06375340902163382,-0.07512573541573259,False,False,False,False,58622586,59006275.80750579,False,False,False,False,433921.28015846154,False,False,False,False
2024-11-22 00:00:00+00:00,14.0882178008,14.1645250063,13.8592961846,13.8783729859,257620,,14.720122314108279,,14.248336688246738,14.449778421874381,14.451387516733126,13.802459810868545,"rgba(239, 83, 80, 1.0)",0.0,0.0,0.48388351364687393,13.982775064350594,0.21790933866442047,52.60577941952954,-2.687070515459517,True,False,True,False,True,0.7248229335634271,14.336216218451,0.0,0.0,0.0,0.0,1,0.95021235223997,0.7301898378101921,False,False,False,False,0.00923440943625976,-0.03294566298973641,False,False,False,False,58880206,59001331.89348595,False,False,False,False,427007.5044659729,False,False,False,False
2024-11-25 00:00:00+00:00,13.6780665717,13.9260649893,13.6303745683,13.8402193832,398814,,14.719137951428344,,14.246933571386993,14.448106909418705,14.4506094464263,13.781537187879582,"rgba(239, 83, 80, 1.0)",0.0,0.0,0.4793889186357789,13.973275245881274,-0.6158020402752806,51.15100128413091,-2.687070515459517,False,False,False,False,True,0.0,14.3346900743425,0.0,0.0,0.0,0.0,1,0.9235588339218067,0.7431920376065706,False,False,False,False,-0.08623671939665149,-0.05959119119319395,False,False,False,False,58481392,58980942.0937414,False,False,False,False,425901.8768398563,False,False,False,False
2024-11-26 00:00:00+00:00,13.5922209656,13.9165265886,13.4872985581,13.7925273798,213778,,14.718568135992317,,14.24606610891883,14.447113280577819,14.450146186385664,13.773494360375315,"rgba(239, 83, 80, 1.0)",0.0,0.0,0.46743774838885904,13.96945895816413,-0.8070336507147237,49.57242203425362,-2.687070515459517,False,False,False,False,False,0.0,14.332543934189998,0.0,0.0,0.0,0.0,1,0.9117308366170349,0.7560206278634299,False,False,False,False,-0.1176682224667785,-0.08862970682998622,False,False,False,False,58267614,58952968.44300645,False,False,False,False,417583.29343437176,False,False,False,False
2024-11-27 00:00:00+00:00,13.6303745683,13.7162201744,13.5159137602,13.5922209656,171786,,14.718091361678189,,14.245317625986415,14.44627129575188,14.449753227792423,13.766923926910097,"rgba(239, 83, 80, 1.0)",0.0,0.0,0.4588833265292282,13.966346464868485,-0.7321510221554861,48.84459188056364,-2.687070515459517,False,False,False,False,False,0.0,14.3305408700475,0.0,0.0,0.0,0.0,1,0.9152950622127242,0.7629967884514852,False,False,False,False,-0.15331073829403088,-0.12097022256200855,False,False,False,False,58439400,58932828.504065014,False,False,False,False,407944.1838879258,False,False,False,False
2024-11-29 00:00:00+00:00,13.6208361676,13.8116041812,13.5445289622,13.5445289622,74229,,14.717892633933742,,14.245014485523782,14.44592479573547,14.449591355170424,13.765215848384731,"rgba(239, 83, 80, 1.0)",0.0,0.0,0.4527913015750681,13.965452267535136,-0.7610925800393323,48.280831317981054,-2.687070515459517,False,True,False,False,False,0.0,14.329253185955999,0.0,0.0,0.0,0.0,1,0.9157462762077209,0.7781943459416509,False,False,False,False,-0.12753531442534016,-0.12425276849367436,False,False,False,False,58365171,58910567.425474234,False,False,False,False,394857.31393153657,False,False,False,False
2024-12-02 00:00:00+00:00,13.4968369588,13.668528171,13.4300681541,13.639912969,287202,,14.717032167175583,,14.243590640455443,14.444370805304825,14.448865022573425,13.707714369637053,"rgba(239, 83, 80, 1.0)",0.0,0.0,0.44338903395018486,13.9592678185072,-1.0429460909020933,46.861630307822466,1.811907284337643,False,True,False,True,False,0.0,14.3266301257695,0.0,0.0,0.0,0.0,1,0.9086776441968514,0.7849277704946238,False,False,False,False,-0.18129785145196897,-0.15277530997282168,False,False,False,False,58077969,58877916.50682818,False,False,False,False,390635.53691461356,False,False,False,False
2024-12-03 00:00:00+00:00,13.8879113866,13.9260649893,13.639912969,13.7066817737,184258,,14.716613904218248,,14.243046185396063,14.443688355539635,14.448544855175646,13.725394278119923,"rgba(239, 83, 80, 1.0)",0.0,0.0,0.4372935208818576,13.960184696171643,-0.1652741376682048,49.40814979042864,1.811907284337643,False,False,False,False,False,0.0,14.325723977705,0.0,0.0,0.0,0.0,1,0.9194068993180395,0.7686100464105944,False,False,False,False,-0.08427851835910524,-0.11852691416596346,False,False,False,False,58262227,58853771.8202859,False,False,False,False,382542.300172864,False,False,False,False
2024-12-04 00:00:00+00:00,13.639912969,13.964218592,13.5969901659,13.964218592,262350,,14.715963271686663,,14.242120201020134,14.442588737229341,14.448028719724984,13.718980717093958,"rgba(239, 83, 80, 1.0)",0.0,0.0,0.43517500059046255,13.95952984845384,-0.7344559752287527,49.00767496915175,1.811907284337643,False,True,False,False,False,0.0,14.324150141593499,0.0,0.0,0.0,0.0,1,0.9073077503233267,0.7798118996275749,False,False,False,False,-0.08525753735447425,-0.10189222576021886,False,False,False,False,57999877,58820285.74890214,False,False,False,False,377828.8766366733,False,False,False,False
2024-12-05 00:00:00+00:00,13.5922209656,13.7066817737,13.5349905615,13.6494513697,170261,,14.715488918448724,,14.24137679527655,14.441754007212166,14.447636821963577,13.7085426781783,"rgba(239, 83, 80, 1.0)",0.0,0.0,0.43460611496725055,13.957612821606565,-0.8407425561283226,48.35747390894978,1.811907284337643,False,True,False,False,False,0.0,14.322290153461502,0.0,0.0,0.0,0.0,1,0.9217598943071807,0.7851953462500108,False,False,False,False,-0.15132125066896582,-0.12660673821459234,False,False,False,False,57829616,58781435.954827555,False,False,False,False,369688.9599058234,False,False,False,False
2024-12-06 00:00:00+00:00,13.344222548,13.4586833561,13.3060689453,13.4586833561,930445,,14.71233813123608,,14.235798742297833,14.43590307029674,14.444884733348491,13.580871346821741,"rgba(239, 83, 80, 1.0)",0.0,0.0,0.43711661963700815,13.902911941434084,-1.2781243456220752,46.04112552787968,0.6513904786332958,False,True,False,True,False,0.0,14.318904021220998,0.0,0.0,0.0,0.0,1,0.9278117453423284,0.7764989981096129,False,False,False,False,-0.26465963081497945,-0.1956331845147859,False,False,False,False,56899171,58707621.64287353,False,False,False,False,391679.3928506931,False,False,False,False
2024-12-09 00:00:00+00:00,13.5349905615,13.6792111798,13.344222548,13.5445289622,246237,,14.711599524986447,,14.23458774372283,14.43458139078616,14.444259912156788,13.58262920818882,"rgba(239, 83, 80, 1.0)",0.0,0.0,0.43719885499787725,13.901823065319704,-0.8390518402009173,46.297712283202834,0.6513904786332958,False,True,False,True,False,0.0,14.317520953122498,0.0,0.0,0.0,0.0,1,0.9290260425556418,0.7675436349022757,False,False,False,False,-0.20783916806357214,-0.201736176289179,False,False,False,False,57145408,58646358.36276085,False,False,False,False,385975.7696016463,False,False,False,False
2024-12-10 00:00:00+00:00,13.5731441642,13.6971433731,13.5546396669,13.5826825649,204357,,14.71103286150078,,14.233710280206093,14.433593594085362,14.443791751151974,13.588813230492299,"rgba(239, 83, 80, 1.0)",0.0,0.0,0.43326149594741103,13.90219942397483,-0.7594841980021461,46.821269844864126,0.6513904786332958,False,True,False,True,False,0.0,14.31566096499,0.0,0.0,0.0,0.0,1,0.9312713007255828,0.770101213957099,False,False,False,False,-0.15876941583635937,-0.18025279606276917,False,False,False,False,57349765,58595511.56422121,False,False,False,False,378853.4649113857,False,False,False,False
2024-12-11 00:00:00+00:00,13.9165265886,13.949910991,13.7066817737,13.8020657805,195056,,14.710614735191472,,14.233208119056709,14.432937212688486,14.443478629548634,13.60750506309973,"rgba(239, 83, 80, 1.0)",0.0,0.0,0.422805269954199,13.90622031392482,0.024375937121826195,50.028160242180654,0.6513904786332958,False,False,False,False,True,0.03424177883651325,14.3151363529525,0.0,0.0,0.0,0.0,1,0.9323339929844908,0.7725904248619427,False,False,False,False,-0.07346523216988962,-0.12685901411632938,False,False,False,False,57544821,58554308.01268312,False,False,False,False,371645.72118937055,False,False,False,False
2024-12-12 00:00:00+00:00,13.8783729859,13.9400864383,13.6971433731,13.8497577839,229587,,14.710112061166077,,14.232588685079289,14.43214085976835,14.443098455382946,13.624481140148152,"rgba(239, 83, 80, 1.0)",0.0,0.0,0.41714136671500396,13.909719383267216,-0.07514574163207341,51.7953657772898,-2.5670401594753187,False,False,False,False,True,0.0,14.314707124922,0.0,0.0,0.0,0.0,1,0.9060046103119952,0.7769206607831108,False,False,False,False,-0.07751163182554227,-0.10218532297093583,False,False,False,False,57315234,58505716.87493084,False,False,False,False,366074.79094665014,False,False,False,False
2024-12-13 00:00:00+00:00,14.0500641981,14.1072946022,13.9546801913,13.9832953934,103688,,14.709936970938147,,14.232450390811298,14.431902125779672,14.442983326065878,13.676628758825768,"rgba(239, 83, 80, 1.0)",0.0,0.0,0.4161005863186854,13.913079738810916,0.3292099645929573,54.2967763037286,-0.1838030068005594,True,False,True,False,True,1.0543303707709626,14.3152794289625,0.0,0.0,0.0,0.0,1,0.9045812521160067,0.7864002739315565,False,False,False,False,0.010901311251766625,-0.0456420058595846,False,False,False,False,57418922,58463097.46807081,False,False,False,False,355785.11287031096,False,False,False,False
2024-12-16 00:00:00+00:00,13.9451417907,14.0596025988,13.9403725903,14.0405257974,213249,,14.709547393760861,,14.232085646723302,14.43134292993417,14.4427143010305,13.690584187699736,"rgba(239, 83, 80, 1.0)",0.0,0.0,0.4102745922830421,13.915733728721,0.07167897435557415,54.85009711516457,0.36580343052764874,True,False,True,False,True,0.237961571026986,14.314707124922,0.0,0.0,0.0,0.0,1,0.8788971123758659,0.8008644728004981,False,False,False,False,-0.0019820052257154813,-0.02381200554265004,False,False,False,False,57205673,58413786.70461706,False,False,False,False,350195.46138520073,False,False,False,False
2024-12-17 00:00:00+00:00,13.8783729859,13.8973544033,13.7114509741,13.7543737771,183390,,14.709142504309144,,14.231582105052246,14.430700260290871,14.44240667341643,13.690679962590298,"rgba(239, 83, 80, 1.0)",0.0,0.0,0.40934219514269965,13.914157875880381,-0.08742047706053287,54.51088940310132,0.36580343052764874,True,False,True,False,True,0.0,14.3138009768575,0.0,0.0,0.0,0.0,1,0.8624566071489372,0.8359317789243557,False,False,False,False,-0.049052354112557095,-0.036432179827603564,False,False,False,False,57022283,58359217.931886986,False,False,False,False,343654.07074264385,False,False,False,False
2024-12-18 00:00:00+00:00,13.8116041812,14.0786794002,13.8116041812,13.8783729859,203545,,14.7087300618383,,14.231123803598514,14.43007322550609,14.442105396912464,13.700114642441669,"rgba(239, 83, 80, 1.0)",0.0,0.0,0.4086540070657101,13.916066032297726,-0.25562419379612034,53.56545963501276,0.36580343052764874,True,False,True,False,True,0.0,14.313133288810002,0.0,0.0,0.0,0.0,1,0.912393273536588,0.8176126805758328,False,False,False,False,0.017595922401237155,-0.009418128713183205,False,False,False,False,56818738,58298806.95416593,False,False,False,False,338159.59738018725,False,False,False,False
2024-12-19 00:00:00+00:00,13.7448353764,14.0214489961,13.7448353764,13.9928337941,264070,,14.708153548081226,,14.230417074661277,14.42916450713356,14.44166919038483,13.70606357471958,"rgba(239, 83, 80, 1.0)",0.0,0.0,0.4051405094479506,13.916591344534705,-0.4239417291762372,52.20774365617309,0.36580343052764874,True,False,False,False,False,0.0,14.311559452697999,0.0,0.0,0.0,0.0,1,0.9264967432023351,0.8031885427074588,False,False,False,False,-0.01174879358736761,-0.010583461150275407,False,False,False,False,56554668,58230409.348120205,False,False,False,False,335254.1229731211,False,False,False,False
2024-12-20 00:00:00+00:00,13.8497577839,13.8926805869,13.639912969,13.6876049724,214466,,14.707662846769542,,14.229782538061814,14.428375182586485,14.441290268521469,13.717379099379816,"rgba(239, 83, 80, 1.0)",0.0,0.0,0.4028397540873076,13.916297523233888,-0.1651766953453847,52.44800420886315,0.36580343052764874,True,False,False,False,False,0.0,14.310414844616497,0.0,0.0,0.0,0.0,1,0.8998453690433573,0.8346989436507884,False,False,False,False,-0.06714805418690868,-0.038865757668592044,False,False,False,False,56769134,58173104.43250765,False,False,False,False,330517.3338369203,False,False,False,False
2024-12-23 00:00:00+00:00,13.84,13.84,13.665,13.8,180734,,14.707244103462157,,14.229233994292448,14.427698500315282,14.440965152441054,13.718136759088438,"rgba(239, 83, 80, 1.0)",0.0,0.0,0.3961463634443469,13.915997634721705,-0.19184231318175948,52.48623552360368,0.36580343052764874,True,False,False,False,False,0.0,14.309698367649501,0.0,0.0,0.0,0.0,1,0.8910345444170429,0.8350775743683246,False,False,False,False,-0.03128236945215313,-0.035074063560372584,False,False,False,False,56588400,58110959.160644606,False,False,False,False,324643.47760802147,False,False,False,False
2024-12-24 00:00:00+00:00,13.95,14.015,13.91,13.91,106154,,14.70704524232073,,14.229039361779137,14.427410218827703,14.440825474118618,13.728138015121658,"rgba(239, 83, 80, 1.0)",0.0,0.0,0.39027073468755913,13.917558035428465,0.083126818610948,53.75998606062372,0.36580343052764874,True,False,True,False,False,0.36322172024672383,14.308911894638502,0.0,0.0,0.0,0.0,1,0.9207114829658077,0.8217196021799272,False,False,False,False,0.19939698606580625,0.08216146125271684,False,False,False,False,56694554,58055413.860227175,False,False,False,False,316075.2627998638,False,False,False,False
2024-12-26 00:00:00+00:00,13.86,14.07,13.825,14.01,190448,,14.706669689126834,,14.228639384222406,14.426849879583878,14.440554325474006,13.738697384563654,"rgba(239, 83, 80, 1.0)",0.0,0.0,0.3722251939870911,13.91948197453937,-0.1598010438310977,53.36410544741393,0.36580343052764874,True,False,True,False,False,0.0,14.307913881644499,0.0,0.0,0.0,0.0,1,0.9325916733533773,0.8038244245373429,False,False,False,False,0.18848609584554374,0.1353237785491303,False,False,False,False,56504106,57994578.257865325,False,False,False,False,311148.70347437897,False,False,False,False
2024-12-27 00:00:00+00:00,13.98,14.09,13.94,14.04,196559,,14.7063242120238,,14.228340434134777,14.426369304250192,14.440320273315354,13.753353704834776,"rgba(239, 83, 80, 1.0)",0.0,0.0,0.3591436939431813,13.922613965516925,0.15978572212423153,54.5019044937324,1.1154891355695113,True,False,True,False,True,0.6223160672283399,14.306228184559,0.0,0.0,0.0,0.0,1,0.9388551947359656,0.7951642548711678,False,False,False,False,0.23797527575950628,0.1866495271543183,False,False,False,False,56700665,57943836.56147845,False,False,False,False,306654.98961263866,False,False,False,False
2024-12-30 00:00:00+00:00,14.15,14.2423,14.1,14.16,265682,,14.70596444938588,,14.228225426864201,14.425967659441287,14.440120552989908,13.782340406468679,"rgba(239, 83, 80, 1.0)",0.0,0.0,0.3562185192816914,13.929572898012783,0.6187974236480046,57.00944944837521,3.5936405752301184,True,False,True,False,True,2.0422153522097197,14.3046771074225,0.0,0.0,0.0,0.0,0,0.9446106804132176,0.7802187470376475,False,False,False,False,0.34282817730092635,0.26473885222762233,False,False,False,False,56966347,57905503.63749891,False,False,False,False,305048.2057062607,False,False,False,False
2024-12-31 00:00:00+00:00,14.31,14.331,14.04,14.04,247513,,14.705668574603736,,14.228223386459192,14.425684198056738,14.439977091449954,13.80849830380998,"rgba(38, 166, 154, 1.0)",0.0,0.0,0.3548309873095662,13.936442466992807,1.0527759591675403,60.094446996882404,6.496026411322546,True,False,True,False,True,3.3557490592119557,14.3034968022555,0.0,0.0,0.0,0.0,0,0.957252939957498,0.7713703656387271,False,False,False,False,0.34282817843610836,0.3037835153318653,False,False,False,False,57213860,57878380.357596986,False,False,False,False,302791.9231295446,False,False,False,False
2025-01-02 00:00:00+00:00,14.52,14.655,14.3,14.3,411746,,14.70544888595,,14.228951076121016,14.42584020477474,14.440034908834232,13.869423356715124,"rgba(38, 166, 154, 1.0)",0.0,0.0,0.3607488833942508,13.953553376895195,1.5701964695639903,63.7121276867478,9.785376148565568,True,False,True,False,True,5.042599137697323,14.3025080410275,0.0,0.0,0.0,0.0,0,0.9650999727368169,0.7667266160169143,False,False,False,False,0.3428281959492795,0.3233058556405724,False,False,False,False,57625606,57868467.63769123,False,False,False,False,307064.6320264252,False,False,False,False
2025-01-03 00:00:00+00:00,14.69,14.73,14.54,14.54,360957,,14.705402026979419,,14.229976236949252,14.426310759202094,14.440243859401011,13.924664870447883,"rgba(38, 166, 154, 1.0)",0.0,0.0,0.37292625265545615,13.970219551195129,1.9300879025802204,67.1893050835767,12.853857587953804,True,False,True,False,True,6.377247398271237,14.302083127779499,0.0,0.0,0.0,0.0,0,0.9722157590265099,0.7836774017616706,False,False,False,False,0.3428282024144306,0.3330670290275015,False,False,False,False,57986563,57873098.828370005,False,False,False,False,309178.05822146736,False,False,False,False
2025-01-06 00:00:00+00:00,14.59,14.87,14.5501,14.78,389384,,14.705367754461605,,14.231120000341694,14.426853374451804,14.440486436593575,13.975621165563286,"rgba(38, 166, 154, 1.0)",0.0,0.0,0.3782404392459979,13.98663783573729,1.5951815344374096,67.86502594794368,13.309880840279263,True,False,True,False,True,5.455915425571266,14.301730518572,0.0,0.0,0.0,0.0,0,0.9728057882309517,0.7694685072924916,False,False,False,False,0.34282820501731387,0.3379476170224077,False,False,False,False,57597179,57862278.44294373,False,False,False,False,312323.38927160593,False,False,False,False
2025-01-07 00:00:00+00:00,14.75,14.8,14.68,14.75,334948,,14.705399373921951,,14.232262635102924,14.427458312372456,14.440761193146145,14.017615672753001,"rgba(38, 166, 154, 1.0)",0.0,0.0,0.39155692480561155,14.000789983150757,1.9134127616851337,69.38998481606815,14.681723825132991,True,False,True,False,True,6.718070845437488,14.302273293371499,0.0,0.0,0.0,0.0,0,0.9827721686300814,0.7679108325464271,False,False,False,False,0.34282820598472236,0.34038791150356507,False,False,False,False,57932127,57865017.60204398,False,False,False,False,313210.6289080136,False,False,False,False
2025-01-08 00:00:00+00:00,14.58,14.8,14.545,14.7,225468,,14.705363663834802,,14.23287648831031,14.427733576794903,14.44088381251538,14.039078004949697,"rgba(38, 166, 154, 1.0)",0.0,0.0,0.3996170479299763,14.008459622362073,1.4302202085684697,67.77370512562231,14.681723825132991,True,False,True,False,True,5.1411457954207975,14.302395296201501,0.0,0.0,0.0,0.0,0,0.9638090432858778,0.7765115971430013,False,False,False,False,0.31047512083591394,0.32543151616973953,False,False,False,False,57706659,57858807.460787356,False,False,False,False,309769.74149985623,False,False,False,False
2025-01-10 00:00:00+00:00,15.2,15.42,14.99,15.39,322673,,14.705762652941791,,14.234954439987543,14.429157318166371,14.441549203548544,14.096025065503161,"rgba(38, 166, 154, 1.0)",0.0,0.0,0.4266106206040094,14.028040623435942,2.7471406476115354,70.293104780623,15.321953144011388,True,False,True,False,True,9.821854741893649,14.304711150967,0.0,0.0,0.0,0.0,0,0.9874857782346855,0.731253810999771,False,False,False,False,0.3428282172769506,0.3341298667233451,False,False,False,False,58029332,57865494.69761923,False,False,False,False,310275.7516371168,False,False,False,False
2025-01-13 00:00:00+00:00,15.46,15.57,15.3301,15.35,491501,,14.706673953926046,,14.238915405720155,14.432013141331987,14.442892441232843,14.189612197555519,"rgba(38, 166, 154, 1.0)",0.0,0.0,0.46297243336508337,14.061288359097237,3.021155343389075,72.9849057318144,17.821514322158663,True,False,True,False,True,11.63850439942961,14.308708541759499,0.0,0.0,0.0,0.0,0,1.0100933817417803,0.7122750043740581,False,False,False,False,0.342828218677014,0.3384790427001796,False,False,False,False,58520833,57891194.23888907,False,False,False,False,317382.62412193575,False,False,False,False
2025-01-14 00:00:00+00:00,15.37,15.44,15.3,15.4,699250,,14.707822300119687,,14.244122626568048,14.435719334127153,14.444640151419007,14.292790798208106,"rgba(38, 166, 154, 1.0)",0.0,0.0,0.4900704909886304,14.10075651554376,2.589920241669246,73.60982985898465,18.404289135496768,True,False,True,False,True,10.793870456820848,14.312065164538499,0.0,0.0,0.0,0.0,0,0.9999430358633912,0.7378594888057125,False,False,False,False,0.31447961691836057,0.3264793298092701,False,False,False,False,57821583,57888464.386383615,False,False,False,False,332357.8153328402,False,False,False,False
2025-01-15 00:00:00+00:00,15.88,15.925,15.49,15.49,353580,,14.708746932257617,,14.247654868988986,14.438369886081302,14.445897550211196,14.564350023309423,"rgba(38, 166, 154, 1.0)",0.0,0.0,0.5291629647468717,14.208164756684544,3.159395790510753,75.85492598542292,20.577621914667503,True,False,True,False,True,14.220120164611771,14.3173517912735,0.0,0.0,0.0,0.0,0,0.9920366976685177,0.7294971456683454,False,False,False,False,0.3428282226260561,0.3346537762176631,False,False,False,False,58175163,57899707.46927053,False,True,False,False,333190.0578688073,False,True,False,False
2025-01-16 00:00:00+00:00,15.61,15.75,15.45,15.75,488568,,14.709826763945147,,14.251991563506778,14.441570802437763,14.44741860148896,14.614076386335725,"rgba(38, 166, 154, 1.0)",0.0,0.0,0.5561977918057652,14.231141387082593,2.4790796246075897,74.33228848451648,20.577621914667503,True,False,True,False,True,11.720176700300108,14.321097649995,0.0,0.0,0.0,0.0,0,0.9754249857004832,0.7395411520991377,False,False,False,False,0.3090228995178575,0.3218383378677603,False,False,False,False,57686595,57891350.11753443,False,False,False,False,339283.31050140306,False,False,False,False
2025-01-17 00:00:00+00:00,15.54,15.67,15.495,15.55,518929,,14.710926032679946,,14.256448953341376,14.44484957843584,14.448981017482197,14.664866561080657,"rgba(38, 166, 154, 1.0)",0.0,0.0,0.5775680427379319,14.255683989112987,2.223661830039588,72.57699454744274,20.577621914667503,True,False,True,False,False,11.08207732062883,14.323635052655499,0.0,0.0,0.0,0.0,0,0.9779346540547625,0.7651180358470966,False,False,False,False,0.3035857455060112,0.3127120416868857,False,False,False,False,57167666,57862970.34821936,False,False,False,False,346328.23950134806,False,False,False,False
2025-01-21 00:00:00+00:00,15.26,15.32,15.12,15.19,298549,,14.711310586703606,,14.258348358259347,14.446167390035253,14.449609502357575,14.67520641843302,"rgba(38, 166, 154, 1.0)",0.0,0.0,0.5930804118487919,14.262612686670206,1.6817067186904187,68.63171695883372,24.153445108273118,True,False,True,False,False,8.572135899221689,14.3241047672685,0.0,0.0,0.0,0.0,0,0.9524504427324761,0.7877647901628345,False,False,False,False,0.194312713345649,0.2535123775162674,False,False,False,False,56869117,57823995.70711272,False,False,False,False,344454.54383462854,False,False,False,False
2025-01-22 00:00:00+00:00,15.14,15.29,15.13,15.18,532073,,14.71193339357325,,14.261554070881505,14.44836651108834,14.450660545817254,14.693048145102573,"rgba(38, 166, 154, 1.0)",0.0,0.0,0.6051200929417387,14.27493428441403,1.4295769148575594,64.91284132882888,20.726180648969773,True,False,True,False,False,7.519915396077149,14.3232114098275,0.0,0.0,0.0,0.0,0,0.9628609922845505,0.7864972457450276,False,False,False,False,0.19137330572113007,0.2224428416186987,False,False,False,False,56337044,57765683.87546124,False,False,False,False,351812.1303509176,False,False,False,False
2025-01-23 00:00:00+00:00,14.91,15.26,14.9,15.17,334270,,14.71218950073209,,14.263203151276874,14.449437250868565,14.451173127793343,14.69758392626222,"rgba(38, 166, 154, 1.0)",0.0,0.0,0.6118129066240685,14.280050256306216,1.0296444172284511,60.48283719444595,16.706369635435323,True,False,True,False,False,5.536745825886701,14.321120360382999,0.0,0.0,0.0,0.0,0,0.9430610250937108,0.7915023230843831,False,False,False,False,0.15343794655431492,0.1879403940865068,False,False,False,False,56002774,57696550.15485492,False,False,False,False,351124.2036704895,False,False,False,False
2025-01-24 00:00:00+00:00,14.98,15.1,14.89,15.08,311742,,14.71240242089235,,14.264667510846367,14.450374449344622,14.451622536593428,14.701368995333688,"rgba(38, 166, 154, 1.0)",0.0,0.0,0.6192728790496381,14.28463724062315,1.1228697120467848,58.06108089740858,14.598406795935034,True,False,True,False,False,6.051347255910095,14.319522386948499,0.0,0.0,0.0,0.0,0,0.9604458141866659,0.7887117619328426,False,False,False,False,0.1288754657130224,0.1584079298997646,False,False,False,False,56314516,57642352.737017475,False,False,False,False,349579.8035265487,False,False,False,False
2025-01-27 00:00:00+00:00,14.67,14.97,14.55,14.94,343355,,14.712417263242132,,14.265697857678814,14.450907393678468,14.451878027639838,14.69531022967136,"rgba(239, 83, 80, 1.0)",0.0,0.0,0.614397417006693,14.285445699193584,0.6259048136626958,53.99208073796629,10.904809720332388,False,False,False,False,False,3.425843521459111,14.316851333548,0.0,0.0,0.0,0.0,0,0.9509587597042143,0.7862549994009688,False,False,False,False,0.06167518698802695,0.11004155844389578,False,False,False,False,55971161,57576815.80615405,False,False,False,False,349335.69358433114,False,False,False,False
2025-01-28 00:00:00+00:00,14.85,14.87,14.66,14.84,139384,,14.712444958498743,,14.26617169952035,14.45117212499255,14.45200519722325,14.694384569872739,"rgba(239, 83, 80, 1.0)",0.0,0.0,0.6198970838894237,14.286381744787644,0.9092126255475231,52.74495423262534,9.830286760259433,False,False,False,False,False,4.77367952094826,14.3144602841035,0.0,0.0,0.0,0.0,0,0.9595735394548225,0.7983837624900846,False,False,False,False,0.06309708091544976,0.08656931967967277,False,False,False,False,56110545,57519314.99022644,False,False,False,False,341102.293835926,False,False,False,False
2025-01-29 00:00:00+00:00,14.66,14.81,14.545,14.69,165533,,14.712428389555658,,14.266603709332772,14.45137438480635,14.452102311455759,14.691165928820098,"rgba(239, 83, 80, 1.0)",0.0,0.0,0.6230814241119871,14.286594470481258,0.5992884959632967,50.47036214133501,7.668292790578462,False,True,False,False,False,3.1877834076375393,14.3111669266625,0.0,0.0,0.0,0.0,0,0.9605849570677273,0.7949530126676744,False,False,False,False,0.038245571404984524,0.062407445542328646,False,False,False,False,55945012,57457577.61806069,False,False,False,False,334217.2234894191,False,False,False,False
2025-01-30 00:00:00+00:00,14.64,14.84,14.6,14.67,794643,,14.712391216529829,,14.268775074728477,14.452435182829875,14.452613203198382,14.681391615823149,"rgba(239, 83, 80, 1.0)",0.0,0.0,0.6222364927503733,14.289674269829172,0.5630105823950299,48.80276885982313,6.017916237831201,False,True,False,True,False,3.0211822723159756,14.3075828012075,0.0,0.0,0.0,0.0,0,0.9500476271372931,0.8017239137131692,False,False,False,False,0.05030851324351936,0.056357979392924,False,False,False,False,55150369,57367098.84872498,False,False,False,False,352273.1362937556,False,False,False,False
2025-01-31 00:00:00+00:00,14.72,14.74,14.48,14.62,541971,,14.712304067544665,,14.270081987953782,14.45301423534725,14.45289309762583,14.674585752695755,"rgba(239, 83, 80, 1.0)",0.0,0.0,0.6232205656760639,14.291432613986718,0.687665667047391,48.44816129319709,5.504394602899197,False,True,False,True,False,3.641789630751937,14.3043509837495,0.0,0.0,0.0,0.0,0,0.9581870368278953,0.7971445176586429,False,False,False,False,0.01847029285657887,0.03741413612475143,False,False,False,False,55692340,57301422.03112793,False,False,False,False,359712.26820380444,False,False,False,False
2025-02-03 00:00:00+00:00,14.66,14.85,14.51,14.79,766544,,14.71223111832928,,14.272044883652118,14.453939325647651,14.453341884032696,14.669225974682545,"rgba(239, 83, 80, 1.0)",0.0,0.0,0.6257068931313701,14.295410462375926,0.5826842274335093,47.6831105836517,4.496734646445056,False,True,False,True,False,3.1262708468359826,14.300866858294498,0.0,0.0,0.0,0.0,0,0.9572191370234459,0.8148208436926303,False,False,False,False,0.03835690102286455,0.037885518573807994,False,False,False,False,54925796,57208260.22598566,False,False,False,False,375666.45376443956,False,False,False,False
2025-02-04 00:00:00+00:00,14.59,14.75,14.21,14.25,397470,,14.712041483595021,,14.272660753603699,14.454075599209364,14.45340866175232,14.661775967649202,"rgba(239, 83, 80, 1.0)",0.0,0.0,0.6271199249506698,14.295260443960146,0.4699891429267515,46.544005864109316,3.0948093414336455,False,True,False,True,False,2.5213021833378306,14.298797336964999,0.0,0.0,0.0,0.0,0,0.9302164462128029,0.8302451084273602,False,False,False,False,-0.018435153933505664,0.009725182320151165,False,False,False,False,54528326,57103164.76614309,False,False,False,False,376521.4947932851,False,False,False,False
2025-02-05 00:00:00+00:00,14.34,14.5,14.29,14.4,184745,,14.711890395215397,,14.272782319663532,14.45399751273245,14.453371065333,14.65638845958297,"rgba(239, 83, 80, 1.0)",0.0,0.0,0.6260968614169585,14.294289513927538,0.07300864912341479,43.74237231881155,0.1621641995204186,False,True,False,True,False,0.393717593864757,14.2958116596595,0.0,0.0,0.0,0.0,0,0.9282675639893642,0.8435313906595989,False,False,False,False,-0.04258653826955281,-0.016430677974700825,False,False,False,False,54343581,56994945.7949218,False,False,False,False,369000.8479386465,False,False,False,False
2025-02-06 00:00:00+00:00,14.22,14.44,14.18,14.35,336812,,14.711535963584703,,14.2727976673299,14.4536781055437,14.45321635576995,14.626662858376285,"rgba(239, 83, 80, 1.0)",0.0,0.0,0.6247450263474676,14.295657635967212,-0.12110162190412074,41.00883323849514,-2.612887785105606,False,True,False,True,False,0.0,14.292464442370498,0.0,0.0,0.0,0.0,0,0.9156132341448763,0.8584745105441312,False,False,False,False,-0.06678768513955281,-0.04160918155712682,False,False,False,False,54006769,56877762.39119938,False,False,False,False,367738.54017634667,False,False,False,False
2025-02-07 00:00:00+00:00,14.3,14.36,14.215,14.32,112688,,14.711420712788888,,14.272811081840347,14.453578663328665,14.453168137997869,14.62344109397285,"rgba(239, 83, 80, 1.0)",0.0,0.0,0.6210976061662172,14.294965425266241,0.008105931634217425,40.20848010749846,-3.5525476436342203,False,True,False,True,False,0.06979480507239089,14.2896126090885,0.0,0.0,0.0,0.0,0,0.9099714633065873,0.8794403275511768,False,False,False,False,-0.07320580646995267,-0.05740749401353974,False,False,False,False,54119457,56769593.55232882,False,False,False,False,357736.55820864683,False,False,False,False
2025-02-10 00:00:00+00:00,14.58,14.595,14.44,14.48,111835,,14.71137357415449,,14.272998288220002,14.453630260316418,14.453193357389587,14.628342947068745,"rgba(239, 83, 80, 1.0)",0.0,0.0,0.6210053594161231,14.297687215547208,0.45460603547483985,42.842414821534156,-3.5525476436342203,False,True,False,True,False,2.3888370147264446,14.2874453957555,0.0,0.0,0.0,0.0,0,0.9415157875711168,0.858183105677291,False,False,False,False,-0.0077886294701991245,-0.03259806174186943,False,False,False,False,54231292,56670052.31498259,False,False,False,False,348093.35984752345,False,False,False,False
2025-02-11 00:00:00+00:00,14.745,14.775,14.63,14.63,127966,,14.711375223085996,,14.273355927183768,14.45381336143861,14.453282601344878,14.665740457783874,"rgba(239, 83, 80, 1.0)",0.0,0.0,0.6245282785257839,14.302262494719821,0.7089150651837126,46.17554486447507,-3.5525476436342203,False,True,False,True,True,3.715458208126705,14.286007798416,0.0,0.0,0.0,0.0,0,0.9602313230027175,0.8440962315096263,False,False,False,False,0.044754714564105076,0.006078326411117822,False,False,False,False,54359258,56579432.930081315,False,False,False,False,339460.91436330683,False,False,False,False
2025-02-12 00:00:00+00:00,14.37,14.595,14.37,14.55,473789,,14.711068337347484,,14.273866680628391,14.453790705125684,14.453272227135404,14.632466409808359,"rgba(239, 83, 80, 1.0)",0.0,0.0,0.6243496625273104,14.302419322677,0.10824171354468037,45.12775408683029,-3.5525476436342203,False,True,False,True,True,0.5158068921554388,14.282265973046002,0.0,0.0,0.0,0.0,0,0.9354050403391115,0.8342752824292139,False,False,False,False,-0.01772528231393472,-0.005823477951408449,False,False,False,False,53885469,56473787.2857644,False,False,False,False,344728.6824274909,False,False,False,False
2025-02-13 00:00:00+00:00,14.41,14.42,14.25,14.2617,213936,,14.71088580174931,,14.27398225710049,14.453681961820662,14.45321950488442,14.62188770640683,"rgba(239, 83, 80, 1.0)",0.0,0.0,0.6239539355869095,14.30110003803478,0.17453205397732613,44.83403265930809,-3.5525476436342203,False,True,False,True,True,0.8438962750579009,14.2784379956555,0.0,0.0,0.0,0.0,0,0.92470175876561,0.8518482606645587,False,False,False,False,-0.059662854288000125,-0.032743166119704285,False,False,False,False,54099405,56380674.25495011,False,False,False,False,339599.55762641283,False,False,False,False
2025-02-14 00:00:00+00:00,14.3,14.46,14.265,14.45,153180,,14.710748398610262,,14.27404722338566,14.453589048524963,14.45317437495219,14.615146066601842,"rgba(239, 83, 80, 1.0)",0.0,0.0,0.6240268495093474,14.300084861908294,-0.00013599079648592176,43.74474346626687,-3.5525476436342203,False,True,False,True,True,0.0,14.274775398315999,0.0,0.0,0.0,0.0,0,0.9334481910999118,0.8387125199166754,False,False,False,False,-0.05183249442593766,-0.04228783027282097,False,False,False,False,53946225,56285205.65671678,False,False,False,False,332288.9867391025,False,False,False,False
2025-02-18 00:00:00+00:00,14.52,14.53,14.3,14.3,363905,,14.710518076159044,,14.274447529563313,14.453581990050136,14.453171326979744,14.610923510487394,"rgba(239, 83, 80, 1.0)",0.0,0.0,0.6173122321191191,14.300344446814483,0.35582569363882427,45.309178732179745,-3.5525476436342203,False,True,False,True,True,1.7432475024727765,14.2730712570375,0.0,0.0,0.0,0.0,1,0.9302835002161127,0.8596905964027535,False,False,False,False,-0.03690043434088421,-0.03959413230685259,False,False,False,False,54310130,56207751.70939455,False,False,False,False,333528.8303963926,False,False,False,False
2025-02-19 00:00:00+00:00,14.61,14.735,14.56,14.71,90216,,14.71050154261359,,14.274650772428114,14.453670398910207,14.453214599018787,14.613340047700971,"rgba(239, 83, 80, 1.0)",0.0,0.0,0.6082268189401271,14.301363118596296,0.5074371464604646,47.21598183866367,-8.346602293304514,False,True,False,True,True,2.479235389101813,14.2737247958945,0.0,0.0,0.0,0.0,1,0.9482083967710281,0.8477407484676786,False,False,False,False,0.029121015637925785,-0.005236558334463402,False,False,False,False,54400346,56136873.05412418,False,False,False,False,323987.1507730047,False,False,False,False
2025-02-20 00:00:00+00:00,14.64,14.78,14.64,14.69,73803,,14.710497274454063,,14.274840683823196,14.453763248866201,14.453260040096318,14.634999927768876,"rgba(239, 83, 80, 1.0)",0.0,0.0,0.6049291190006972,14.324253898215408,0.5219555347346873,48.782564248910276,-6.674958799017325,False,True,False,False,True,2.726212376586819,14.274337566738,0.0,0.0,0.0,0.0,1,0.9561599347921945,0.8240951486198229,False,False,False,False,0.046888107140959305,0.02082577440324795,False,False,False,False,54474149,56071668.189256564,False,False,False,False,314176.0076054359,False,False,False,False
2025-02-21 00:00:00+00:00,14.2,14.55,14.19,14.55,172373,,14.710331235043414,,14.274882078338116,14.453632666789781,14.453196455877388,14.595689906610327,"rgba(239, 83, 80, 1.0)",0.0,0.0,0.603313056060288,14.30991197314431,-0.18218066398570867,45.91648538297681,-6.674958799017325,False,True,False,True,False,0.0,14.272941105595,0.0,0.0,0.0,0.0,1,0.9461184265516285,0.8279131310618734,False,False,False,False,-0.07214549896037971,-0.025659862278565877,False,False,False,False,54301776,56002260.65242297,False,False,False,False,308615.10534639924,False,False,False,False
2025-02-24 00:00:00+00:00,14.33,14.35,14.225,14.27,341002,,14.70999353041682,,14.27493893936649,14.45335363101858,14.453060360241706,14.574746567882794,"rgba(239, 83, 80, 1.0)",0.0,0.0,0.5992569001436948,14.303881983166889,0.04358400683721525,45.36987850844686,-6.674958799017325,False,True,False,True,False,0.05256747701616149,14.2716700324145,0.0,0.0,0.0,0.0,1,0.9434057845960796,0.8537930584493578,False,False,False,False,-0.12081314505703604,-0.07323650366780096,False,False,False,False,54642778,55948947.60722991,False,False,False,False,309885.17964654043,False,False,False,False
2025-02-25 00:00:00+00:00,13.99,14.28,13.91,14.28,161355,,14.709739471303994,,14.274723247235093,14.453012167000805,14.452893387184067,14.555977685999094,"rgba(239, 83, 80, 1.0)",0.0,0.0,0.5996724777738089,14.297761984332414,-0.5132167903968723,42.578266282814496,-2.030163501937693,False,True,False,True,False,0.0,14.268794343241002,0.0,0.0,0.0,0.0,1,0.9055903546330623,0.860450913948592,False,False,False,False,-0.21775095112931847,-0.1454937273985597,False,False,False,False,54481423,55891397.62263266,False,False,False,False,304060.46671922517,False,False,False,False
2025-02-26 00:00:00+00:00,13.93,14.005,13.85,13.95,780746,,14.708264412581066,,14.273049429736261,14.450817532088802,14.451817373144985,14.478104137082067,"rgba(239, 83, 80, 1.0)",0.0,0.0,0.6007054392617749,14.271665928059608,-0.568774487008961,40.33569297098472,-4.224309371054325,False,True,False,True,False,0.0,14.2654755780575,0.0,0.0,0.0,0.0,0,0.8985323650696161,0.9038374141882068,False,False,False,False,-0.27785720674186265,-0.21167546707021118,False,False,False,False,53700677,55805487.009980395,False,False,False,False,322754.01704396144,False,False,False,False
2025-02-27 00:00:00+00:00,14.21,14.28,14.09,14.14,510231,,14.707629954057673,,14.272798485826174,14.450115606859663,14.451471328821594,14.468018729816336,"rgba(239, 83, 80, 1.0)",0.0,0.0,0.6005196084767074,14.269006201972113,-0.09825857663796958,41.77106883026185,-4.224309371054325,False,True,False,True,False,0.0,14.2631752768465,0.0,0.0,0.0,0.0,1,0.9056047375144637,0.8852036512922584,False,False,False,False,-0.18610914932178543,-0.1988923081959983,False,False,False,False,54210908,55742954.49978509,False,False,False,False,330106.05559125706,False,False,False,False
2025-02-28 00:00:00+00:00,14.19,14.23,14.0,14.07,168744,,14.707398745448828,,14.272660373210611,14.449836266287292,14.451333485627202,14.463271308915212,"rgba(239, 83, 80, 1.0)",0.0,0.0,0.6004470972344527,14.267531434336155,-0.12912283978597014,42.56946288277756,-4.224309371054325,False,True,False,True,False,0.0,14.261585739693501,0.0,0.0,0.0,0.0,1,0.8865076451915165,0.9038305032042083,False,False,False,False,-0.21068439911268894,-0.2047883536543436,False,False,False,False,54042164,55676256.83312685,False,False,False,False,323778.13184258033,False,False,False,False
2025-03-03 00:00:00+00:00,13.83,14.35,13.7569,14.08,455934,,14.706597946128882,,14.271837392170815,14.44869304845967,14.450769326941783,14.376276390663643,"rgba(239, 83, 80, 1.0)",0.0,0.0,0.6007884440547753,14.259536678712681,-0.7149549612068096,40.53731381611787,-4.224309371054325,False,True,False,True,False,0.0,14.257671590503001,0.0,0.0,0.0,0.0,0,0.8745787152153864,0.8955067040141943,False,False,False,False,-0.23250129891176535,-0.21864482628305448,False,False,False,False,53586230,55594294.99653364,False,False,False,False,328960.7149075772,False,False,False,False
2025-03-04 00:00:00+00:00,13.83,13.88,13.53,13.75,373965,,14.70573315280982,,14.270633111701434,14.447297815409053,14.450080259659044,14.337198298323305,"rgba(239, 83, 80, 1.0)",0.0,0.0,0.5959423512524354,14.248984869692569,-0.703062752314931,39.18254777167809,-5.556542564642427,False,True,False,True,False,0.0,14.2543774373565,0.0,0.0,0.0,0.0,0,0.8731153372037895,0.9203717838272603,False,False,False,False,-0.34282825441539394,-0.28073654034922424,False,False,False,False,53586230,55515547.34961075,False,False,False,False,330725.58883277024,False,False,False,False
2025-03-05 00:00:00+00:00,13.49,13.495,13.24,13.49,550784,,14.704013976132108,,14.26773061678089,14.44426549564172,14.448580876248897,14.127692802293183,"rgba(239, 83, 80, 1.0)",0.0,0.0,0.5950501572831113,14.183770454268625,-1.1659024802820865,36.26104870909816,-8.42294502437747,False,True,False,True,False,0.0,14.249001748183,0.0,0.0,0.0,0.0,0,0.8324693305404235,0.9373824690100848,False,False,False,False,-0.34282825441539394,-0.31178239738230906,False,False,False,False,53035446,55418288.47315543,False,False,False,False,339355.33044717147,False,False,False,False
2025-03-06 00:00:00+00:00,13.44,13.56,13.33,13.47,346448,,14.70296407918428,,14.265988858213365,14.442431327583915,14.44767161803206,14.097471756333412,"rgba(239, 83, 80, 1.0)",0.0,0.0,0.595042959839309,14.172122236483139,-1.230368705951665,34.04821242771088,-10.560783593299206,False,True,False,True,False,0.0,14.242899138975499,0.0,0.0,0.0,0.0,0,0.8423578940302743,0.9290745372239687,False,False,False,False,-0.318490102734017,-0.31513625005816304,False,False,False,False,52688998,55311257.47420816,False,False,False,False,339633.474351204,False,False,False,False
2025-03-07 00:00:00+00:00,13.61,13.805,13.43,13.43,282059,,14.702226915914986,,14.264871016080175,14.441198731145569,14.447058886569934,14.088427618891266,"rgba(239, 83, 80, 1.0)",0.0,0.0,0.5940481665372379,14.16723397328688,-0.9380282688776724,34.66310787520739,-10.560783593299206,False,True,False,True,False,0.0,14.237026533723999,0.0,0.0,0.0,0.0,0,0.8571208681162562,0.9050328124966722,False,False,False,False,-0.2655584881380484,-0.2903473690981057,False,False,False,False,52971057,55219484.90659216,False,False,False,False,337375.6518276274,False,False,False,False
2025-03-10 00:00:00+00:00,13.36,13.6,13.33,13.57,156822,,14.701747825854268,,14.264074712075498,14.440361909433022,14.446642945411764,14.075741074143728,"rgba(239, 83, 80, 1.0)",0.0,0.0,0.5916599929126329,14.161867095438307,-1.3552836173540548,33.565889915648455,-11.178799850039852,False,True,False,True,False,0.0,14.229617776452,0.0,0.0,0.0,0.0,0,0.8498098983725205,0.9155765543507424,False,False,False,False,-0.3122691312595852,-0.30130825017884544,False,False,False,False,52814235,55125161.38084345,False,False,False,False,330295.11646183813,False,False,False,False
2025-03-11 00:00:00+00:00,13.46,13.56,13.39,13.45,309699,,14.700832481841626,,14.262581792468259,14.438778643762042,14.445854804598948,14.055606299825412,"rgba(239, 83, 80, 1.0)",0.0,0.0,0.5952645865609578,14.152723181361344,-1.163723152696578,34.03578109114193,-11.178799850039852,False,True,False,True,False,0.0,14.223376707227501,0.0,0.0,0.0,0.0,0,0.8405819825823351,0.9232276905587894,False,False,False,False,-0.30916743093350957,-0.30523784055617753,False,False,False,False,53123934,55046681.875712335,False,False,False,False,329487.42562019743,False,False,False,False
2025-03-12 00:00:00+00:00,13.7,13.71,13.545,13.59,89059,,14.700608325058381,,14.262251682066394,14.438409503969433,14.44567054563051,14.053555302961977,"rgba(239, 83, 80, 1.0)",0.0,0.0,0.5957954614280139,14.151338028252274,-0.7575385471559307,36.98819728688384,-11.178799850039852,False,True,False,True,True,0.0,14.219671014098001,0.0,0.0,0.0,0.0,0,0.8507572838361208,0.911496737703526,False,False,False,False,-0.2625367113488631,-0.2838872759525203,False,False,False,False,53212993,54974772.50803734,False,False,False,False,320058.85990960145,False,False,False,False
2025-03-13 00:00:00+00:00,13.49,13.632,13.46,13.56,197357,,14.700053090209574,,14.261372715385198,14.437463631389718,14.445198635921312,14.044008088370644,"rgba(239, 83, 80, 1.0)",0.0,0.0,0.5985983580592619,14.146531282058984,-1.0967809604215222,37.45662860476456,-11.178799850039852,False,True,False,True,True,0.0,14.215344548999001,0.0,0.0,0.0,0.0,0,0.8385841932473092,0.9187340499827038,False,False,False,False,-0.28730651330381957,-0.28559689462816995,False,False,False,False,53015636,54897943.62536921,False,False,False,False,315247.0222660877,False,False,False,False
2025-03-14 00:00:00+00:00,13.61,13.62,13.5,13.53,78438,,14.699841839403735,,14.261047399647605,14.43710859449263,14.445021287296148,14.041064967425074,"rgba(239, 83, 80, 1.0)",0.0,0.0,0.6017424066983522,14.144906475353366,-0.8889293315528456,39.03922484686778,-15.841418472642367,False,True,False,True,True,0.0,14.210998087855998,0.0,0.0,0.0,0.0,0,0.8365198498913685,0.9347685825268286,False,False,False,False,-0.28302788025971015,-0.28431238744394005,False,False,False,False,53094074,54827203.64006062,False,False,False,False,305960.3939419274,False,False,False,False
2025-03-17 00:00:00+00:00,13.72,13.78,13.6301,13.78,191110,,14.699388547094161,,14.260410284328163,14.43637867859787,14.444655807706274,14.038619848048,"rgba(239, 83, 80, 1.0)",0.0,0.0,0.6044734571257311,14.142600929251818,-0.6991223920092101,41.22539616168102,-13.644366739862313,False,True,False,True,True,0.0,14.205103178564,0.0,0.0,0.0,0.0,0,0.8464892487390494,0.9295195115476507,False,False,False,False,-0.23925674756692275,-0.2617845675054314,False,False,False,False,53285184,54766732.281626865,False,False,False,False,301456.4569245969,False,False,False,False
2025-03-18 00:00:00+00:00,13.66,13.84,13.61,13.82,156988,,14.699013979433223,,14.259881667124256,14.435774661352195,14.444353119321402,14.0362156810039,"rgba(239, 83, 80, 1.0)",0.0,0.0,0.6047010156962864,14.140583293651904,-0.7947453058244552,42.16563256956846,-12.639656328445668,False,True,False,True,True,0.0,14.199671341326,0.0,0.0,0.0,0.0,0,0.8264605500903429,0.9465970688616744,False,False,False,False,-0.2333097701787112,-0.24754716884207129,False,False,False,False,53128196,54702475.95685718,False,False,False,False,295791.02724127943,False,False,False,False
2025-03-19 00:00:00+00:00,13.69,13.84,13.62,13.84,214835,,14.698508705296947,,14.259177180353856,14.434964704734785,14.44394674256557,14.033205143185608,"rgba(239, 83, 80, 1.0)",0.0,0.0,0.6034061037567616,14.137944935986766,-0.7423606310872478,43.13511772170431,-11.57270774492546,False,True,False,True,True,0.0,14.195247960148999,0.0,0.0,0.0,0.0,0,0.8125326021534137,0.9529860228716646,False,False,False,False,-0.23182185212634138,-0.23968451048420633,False,False,False,False,53343031,54649164.38992161,False,False,False,False,292616.2810749548,False,False,False,False
2025-03-20 00:00:00+00:00,13.89,13.895,13.62,13.64,190094,,14.698100720738259,,14.258652774587127,14.43433417358855,14.443629524549898,14.032919624054568,"rgba(239, 83, 80, 1.0)",0.0,0.0,0.6006362811026278,14.136499446726688,-0.4103971979084785,45.95524950707508,-8.789131073578957,False,True,False,False,True,0.0,14.192158422995998,0.0,0.0,0.0,0.0,0,0.8112905065031757,0.9585460253150971,False,False,False,False,-0.22365611396178026,-0.23167031222299328,False,False,False,False,53533125,54605398.13933645,False,False,False,False,288595.7994641723,False,False,False,False
2025-03-21 00:00:00+00:00,13.87,13.89,13.79,13.82,71265,,14.697956107176834,,14.258477248313815,14.43411614899021,14.443519629947629,14.033262440909272,"rgba(239, 83, 80, 1.0)",0.0,0.0,0.5978637315291443,14.136132189587935,-0.44513854169955136,47.61361309128257,-7.162561601109665,False,False,False,False,True,0.0,14.191258102005499,0.0,0.0,0.0,0.0,0,0.8186794250613251,0.9599272879626438,False,False,False,False,-0.1993294159605856,-0.21549986409178945,False,False,False,False,53461860,54560553.5064213,False,False,False,False,280073.0230145969,False,False,False,False
2025-03-24 00:00:00+00:00,14.14,14.14,13.895,13.93,308736,,14.697483961743686,,14.25810551312628,14.4335097050345,14.443210959879229,14.043471773032515,"rgba(239, 83, 80, 1.0)",0.0,0.0,0.5916326799961034,14.137858710389821,0.0036192889314252304,51.34743476369863,-3.629299459757803,False,False,True,False,True,0.05764403789403971,14.192709313086,0.0,0.0,0.0,0.0,0,0.8333772134124521,0.9420782955627113,False,False,False,False,-0.14773211445391468,-0.18161598927285205,False,False,False,False,53770596,54529574.78067929,False,False,False,False,281197.06132775,False,False,False,False
2025-03-25 00:00:00+00:00,14.03,14.09,13.92,14.06,163220,,14.697217079145464,,14.257865401492413,14.433151525217719,14.443028918263407,14.04707341855379,"rgba(239, 83, 80, 1.0)",0.0,0.0,0.5906872186288136,14.138190244174552,-0.18315995464689327,52.51971462751534,-2.55574441940216,False,False,True,False,True,0.0,14.193228988139499,0.0,0.0,0.0,0.0,0,0.821871190930804,0.9853449915804157,False,False,False,False,-0.15133718381833366,-0.16647658654559286,False,False,False,False,53607376,54493410.12261344,False,False,False,False,276570.50990313233,False,False,False,False
2025-03-26 00:00:00+00:00,14.11,14.18,13.96,13.96,93720,,14.69707960649649,,14.257767149642431,14.432980382565784,14.442941477434797,14.049870442975156,"rgba(239, 83, 80, 1.0)",0.0,0.0,0.5865953130530142,14.13867748825638,-0.048888028284994854,54.06851303909028,-1.0635864737809513,True,False,True,False,True,0.0,14.192956363108001,0.0,0.0,0.0,0.0,0,0.80786293624627,0.9987253526642977,False,False,False,False,-0.13263125694110695,-0.14955392174334992,False,False,False,False,53701096,54462338.98055017,False,False,False,False,269399.90167163697,False,False,False,False
2025-03-27 00:00:00+00:00,14.13,14.165,14.02,14.12,128037,,14.696898522265842,,14.257649750530911,14.432761315661727,14.442829280845245,14.053830250454203,"rgba(239, 83, 80, 1.0)",0.0,0.0,0.5816219884165559,14.1394257532537,-0.01620597818070963,55.298516791596015,0.16714162890564666,True,False,True,False,True,0.0,14.1928791220835,0.0,0.0,0.0,0.0,0,0.8155060200597368,0.9919518680362985,False,False,False,False,-0.12617821751438213,-0.13786606962886602,False,False,False,False,53829133,54437507.37346977,False,False,False,False,263856.2584688277,False,False,False,False
2025-03-28 00:00:00+00:00,13.97,14.12,13.95,14.09,297614,,14.696412909944506,,14.257214108004838,14.43211114041953,14.442498088665568,14.058571611557866,"rgba(239, 83, 80, 1.0)",0.0,0.0,0.5726622956313235,14.139582913041528,-0.2961307464018958,54.029532847827525,0.16714162890564666,True,False,True,False,True,0.0,14.190189584930499,0.0,0.0,0.0,0.0,0,0.799452139074642,1.0312822728904059,False,False,False,False,-0.13345181073318774,-0.13565894018102687,False,False,False,False,53531519,54401978.41764743,False,False,False,False,265180.09147005016,False,False,False,False
2025-03-31 00:00:00+00:00,14.33,14.4,14.03,14.08,322922,,14.696071637570459,,14.257206614225742,14.43181094707853,14.442339948465401,14.072180304410887,"rgba(38, 166, 154, 1.0)",0.0,0.0,0.5661420417441684,14.14320031022342,0.3299519837832353,56.60653923221224,1.4651059996898397,True,False,True,False,True,1.7766805059119264,14.1891092797635,0.0,0.0,0.0,0.0,0,0.8133683925262393,1.003083548791117,False,False,False,False,-0.07762734735877734,-0.10664314376990211,False,False,False,False,53854441,54380506.36205342,False,False,False,False,267444.4800398521,False,False,False,False
2025-04-01 00:00:00+00:00,14.33,14.43,13.91,13.94,205640,,14.69583987825913,,14.2571650120572,14.431588261190058,14.442223418367124,14.07923448001943,"rgba(38, 166, 154, 1.0)",0.0,0.0,0.5600236301430911,14.144993931919107,0.3303540388708645,58.32454348846872,3.1498784439853793,True,False,True,False,True,1.7766805059119264,14.187647438569503,0.0,0.0,0.0,0.0,0,0.8061808388281265,0.995149341696373,False,False,False,False,-0.04411768510773916,-0.07538041443882064,False,False,False,False,53854441,54359876.34785525,False,False,False,False,265020.77494025003,False,False,False,False
2025-04-02 00:00:00+00:00,14.42,14.44,14.24,14.24,501777,,14.695446577461281,,14.25749218922073,14.431419491232083,14.442125448205754,14.094732031705874,"rgba(38, 166, 154, 1.0)",0.0,0.0,0.5584596323902871,14.158114289140201,0.46894295607166925,60.23700983284489,5.02363564148186,True,False,True,False,True,2.571636405398767,14.186540213368998,0.0,0.0,0.0,0.0,0,0.8448189518148365,0.9849108367626885,False,False,False,False,0.018360252843840238,-0.0285100807974902,False,False,False,False,54356218,54359732.88323347,False,False,False,False,274305.3327857304,False,False,False,False
2025-04-03 00:00:00+00:00,13.48,13.57,13.39,13.4,596456,,14.693722774965657,,14.254740583088978,14.428488559369365,14.440644802868501,14.00697612329634,"rgba(239, 83, 80, 1.0)",0.0,0.0,0.5643887419455937,14.11941978847014,-1.1329421388986145,52.782714449997435,8.499345325504116,True,False,True,False,False,0.0,14.180828372174998,0.0,0.0,0.0,0.0,0,0.8287764283422422,0.985124350598371,False,False,False,False,-0.2949041707990403,-0.16170712579826524,False,False,False,False,53759762,54336204.61330275,False,False,False,False,286938.69228432927,False,False,False,False
2025-04-04 00:00:00+00:00,12.81,12.8895,12.41,12.67,1054904,,14.68874227905905,,14.245089249422753,14.419139271001098,14.435928596867909,13.824766318369463,"rgba(239, 83, 80, 1.0)",0.0,0.0,0.5892729621101377,14.036303172270038,-2.081044356555488,44.74896968868806,1.3257678006395395,False,False,False,True,False,0.0,14.170764998909998,0.0,0.0,0.0,0.0,0,0.8145864397288726,0.9897187803178777,False,False,False,False,-0.34282825441539394,-0.2522676901068296,False,False,False,False,52704858,54272230.23631049,False,False,False,False,317054.9788614144,False,False,False,False
2025-04-07 00:00:00+00:00,12.6,13.09,12.42,12.47,1416752,,14.682093037405,,14.232316089692905,14.406742507971613,14.429635403087685,13.680221543647924,"rgba(239, 83, 80, 1.0)",0.0,0.0,0.619258543075874,13.962219834972846,-2.1997594545997914,38.654873247979,-3.8458377478113093,False,True,False,True,False,0.0,14.158745477580501,0.0,0.0,0.0,0.0,0,0.8212427535544723,0.9672274166935345,False,False,False,False,-0.30640153738997083,-0.2793346137484002,False,False,False,False,51288106,54155205.756455176,False,False,False,False,360180.3522393982,False,False,False,False
2025-04-08 00:00:00+00:00,12.09,12.67,11.99,12.67,1409191,,14.674018195199325,,14.216114132851814,14.391353714516148,14.421789053601914,13.520888970816381,"rgba(239, 83, 80, 1.0)",0.0,0.0,0.6667755398322289,13.877244520521629,-2.680429040590372,33.08344099733915,-8.520678885835451,False,True,False,True,False,0.0,14.143889804230499,0.0,0.0,0.0,0.0,0,0.8190451889146818,0.9864078515817053,False,False,False,False,-0.34282825441539394,-0.31108143408189703,False,False,False,False,49878915,53987508.07973144,False,False,False,False,401318.0247005983,False,False,False,False
2025-04-09 00:00:00+00:00,13.32,13.32,11.59,11.75,1416209,,14.667597588588235,,14.204115342488313,14.37962033167138,14.415738671133086,13.288963120705585,"rgba(239, 83, 80, 1.0)",0.0,0.0,0.6733929202451729,13.764201897739351,-0.6596474129511537,37.48973169018661,-8.520678885835451,False,True,False,True,False,0.0,14.135708742918,1.0,13.32,11.59,0.0,0,0.8056867995974549,0.9449400446893068,True,False,False,False,-0.30456120618386695,-0.307821320132882,False,False,False,False,51295124,53881924.39033021,False,False,False,False,441117.6707907709,False,False,False,False
2025-04-10 00:00:00+00:00,12.38,12.395,12.09,12.25,680846,,14.663799762200359,,14.196641063546085,14.372486680425316,14.41205829037438,13.225398245168913,"rgba(239, 83, 80, 1.0)",0.0,0.0,0.7044084860426014,13.726660185077247,-1.9117603091962214,37.2195392678528,-8.520678885835451,False,True,False,True,False,0.0,14.121826149534499,0.0,0.0,0.0,0.0,0,0.8008113173914687,0.9466107783137346,False,False,False,False,-0.34282825441539394,-0.32532478727413794,False,False,False,False,50614278,53753781.39463098,False,False,False,False,450518.78174015245,False,False,False,False
2025-04-11 00:00:00+00:00,12.49,12.52,12.19,12.25,331335,,14.662042600893937,,14.19323636103074,14.36921771449808,14.410365761797408,13.204265347936964,"rgba(239, 83, 80, 1.0)",0.0,0.0,0.7308548924881276,13.712630222706016,-1.672876839537442,37.58937205388902,-8.520678885835451,False,True,False,True,False,0.0,14.109018168188,0.0,0.0,0.0,0.0,0,0.8041939246684692,0.9417623944396364,False,False,False,False,-0.309419404807333,-0.31737209604073546,False,False,False,False,50945613,53643657.14386114,False,False,False,False,445844.907946421,False,False,False,False
2025-04-14 00:00:00+00:00,12.56,12.72,12.42,12.63,176070,,14.661178678907481,,14.191600028910358,14.367631654417611,14.40954198518966,13.197060520634938,"rgba(239, 83, 80, 1.0)",0.0,0.0,0.7538097652339876,13.707026814376244,-1.5216396328060282,38.20415304616009,-8.520678885835451,False,True,False,True,True,0.0,14.0965601868415,0.0,0.0,0.0,0.0,0,0.8233877413091168,0.9257956026626473,False,False,False,False,-0.24732366045648035,-0.2823478782486079,False,False,False,False,51121683,53544756.197043054,False,False,False,False,435265.4997916594,False,False,False,False
2025-04-15 00:00:00+00:00,12.51,12.6888,12.44,12.54,125564,,14.660557013101732,,14.190420466301031,14.366489469580282,14.408948461769201,13.191746975114915,"rgba(239, 83, 80, 1.0)",0.0,0.0,0.7776221377951794,13.702946440986512,-1.5340952668463337,38.43157708214734,-8.520678885835451,False,True,False,True,True,0.0,14.083184517447501,0.0,0.0,0.0,0.0,0,0.8219804979543873,0.933041898673451,False,False,False,False,-0.24891565500751903,-0.2656317666280635,False,False,False,False,50996119,53444809.640296265,False,False,False,False,423120.34293708456,False,False,False,False
2025-04-16 00:00:00+00:00,12.69,12.7,12.57,12.62,284155,,14.659222687528667,,14.187930739390861,14.364061682370922,14.407683820495768,13.183275171380618,"rgba(239, 83, 80, 1.0)",0.0,0.0,0.7952059226762674,13.69539303399261,-1.2643178393452585,39.644462018066015,-8.520678885835451,False,True,False,True,True,0.0,14.071042692077501,0.0,0.0,0.0,0.0,0,0.8388849515709896,0.9223487657881866,False,False,False,False,-0.22893255932398482,-0.24728216297602415,False,False,False,False,51280274,53359925.88969641,False,False,False,False,417670.72164543415,False,False,False,False
2025-04-17 00:00:00+00:00,12.97,13.07,12.67,12.67,217550,,14.658329493124468,,14.186339682103519,14.362478554570592,14.406854635551388,13.068187379949997,"rgba(239, 83, 80, 1.0)",0.0,0.0,0.8064555136493573,13.69230109798209,-0.8956490293104284,42.03350958866718,-16.017939437317047,False,True,False,True,True,0.0,14.058870106606001,0.0,0.0,0.0,0.0,0,0.8457755752135023,0.8938143034329767,False,False,False,False,-0.16360224421306868,-0.2054422035945464,False,False,False,False,51497824,53286902.28617891,False,False,False,False,409822.8502083584,False,False,False,False
2025-04-21 00:00:00+00:00,12.77,12.805,12.62,12.74,143135,,14.657684884675898,,14.185155230963582,14.361316497204465,14.406247346840338,13.057328278433985,"rgba(239, 83, 80, 1.0)",0.0,0.0,0.8215560768367179,13.689053073637615,-1.1186735751213661,42.68338143521962,-14.973689218063747,False,False,False,True,True,0.0,14.0457452131375,0.0,0.0,0.0,0.0,0,0.8408212310854233,0.8965087891952433,False,False,False,False,-0.20720086435396906,-0.20632153397425773,False,False,False,False,51354689,53211129.21613268,False,False,False,False,399364.50314136397,False,False,False,False
2025-04-22 00:00:00+00:00,12.89,13.045,12.805,12.87,360483,,14.656216305220484,,14.182552511620347,14.358722631538978,14.404885560185331,13.062088182918231,"rgba(239, 83, 80, 1.0)",0.0,0.0,0.83316354126092,13.683894395270539,-0.9528674215257288,43.8327039868646,-13.433573268755715,False,False,False,True,True,0.0,14.032981859652002,0.0,0.0,0.0,0.0,0,0.8481473282978527,0.8780686646618325,False,False,False,False,-0.1485294999132643,-0.17742551694376102,False,False,False,False,51715172,53152464.22726473,False,False,False,False,397839.73831229086,False,False,False,False
2025-04-23 00:00:00+00:00,12.23,12.95,12.23,12.84,303849,,14.654665984676752,,14.17960354759483,14.355875091002037,14.4033990468753,12.921605653550143,"rgba(239, 83, 80, 1.0)",0.0,0.0,0.8587963659670119,13.673541587423355,-1.6808892592342473,41.7030763599683,-13.433573268755715,False,False,False,True,True,0.0,14.016918506166498,0.0,0.0,0.0,0.0,0,0.8167193577841227,0.8971652354738768,False,False,False,False,-0.24164792206146118,-0.2095367195026111,False,False,False,False,51411323,53084184.17913671,False,False,False,False,394153.8270059266,False,False,False,False
2025-04-24 00:00:00+00:00,12.82,12.865,12.685,12.79,185574,,14.653858748369469,,14.178143660366645,14.354434573783237,14.402642369232755,12.93613750180635,"rgba(239, 83, 80, 1.0)",0.0,0.0,0.8673751071921088,13.669921621850563,-0.9798778115756084,43.54142463121873,-13.183279995622456,False,False,False,True,True,0.0,14.0044728407285,0.0,0.0,0.0,0.0,0,0.8136576760596071,0.8886670896326901,False,False,False,False,-0.18981569874413162,-0.19967620912337136,False,False,False,False,51596897,53025859.191719584,False,False,False,False,385974.2259468707,False,False,False,False
2025-04-25 00:00:00+00:00,12.93,12.95,12.78,12.8,472476,,14.651913085452572,,14.174698435336873,14.35100480111942,14.40083433895217,12.958499632658667,"rgba(239, 83, 80, 1.0)",0.0,0.0,0.8741881020911813,13.662648802038287,-0.8380905668764974,45.313268667353164,-11.201586543089661,True,False,False,True,True,0.0,13.993435631351499,0.0,0.0,0.0,0.0,0,0.8343438345523643,0.8814820221145976,False,False,False,False,-0.1649760535968779,-0.18232613136012463,False,False,False,False,52069373,52988349.92929921,False,False,False,False,389366.45238032675,False,False,False,False
2025-04-28 00:00:00+00:00,12.73,12.91,12.64,12.87,158285,,14.651215520141543,,14.173435250669241,14.349760287657451,14.40017900191349,12.9569626118551,"rgba(239, 83, 80, 1.0)",0.0,0.0,0.8822674156925067,13.659394040470591,-1.05341535223886,45.54231392285217,-10.664931430537735,True,False,False,True,True,0.0,13.981159961957498,0.0,0.0,0.0,0.0,0,0.8333013848377618,0.8741885513861328,False,False,False,False,-0.18981569874413162,-0.18607091505212814,False,False,False,False,51911088,52946104.36344434,False,False,False,False,380304.4346399218,False,False,False,False
2025-04-29 00:00:00+00:00,12.45,12.59,12.42,12.57,386916,,14.649266408254675,,14.169761678855703,14.346204710518165,14.398312689329469,12.931384673728022,"rgba(239, 83, 80, 1.0)",0.0,0.0,0.8970616046417669,13.647395967166656,-1.3347979235437517,44.428425681552724,-10.664931430537735,False,False,False,True,True,0.0,13.96729352455,0.0,0.0,0.0,0.0,1,0.8201257667289832,0.8862640277284217,False,False,False,False,-0.2658802317413592,-0.22597557339674368,False,False,False,False,51524172,52890342.30997594,False,False,False,False,380563.7117128661,False,False,False,False
2025-04-30 00:00:00+00:00,12.01,12.375,11.98,12.33,355718,,14.64717563254892,,14.165669038536802,14.3423084938973,14.396273072772958,12.889911425392807,"rgba(239, 83, 80, 1.0)",0.0,0.0,0.9128669470755302,13.631771645520194,-1.7765695764489213,41.92825470751086,-10.664931430537735,False,False,False,True,False,0.0,13.951560931166501,0.0,0.0,0.0,0.0,1,0.7989204808489637,0.898335953278492,False,False,False,False,-0.34282825441539394,-0.28440191390606884,False,False,False,False,51168454,52822817.278212175,False,False,False,False,379589.37007706746,False,False,False,False
2025-05-01 00:00:00+00:00,12.18,12.255,11.95,12.0,193508,,14.646042716253273,,14.163456772677216,14.340201052580928,14.395168317694226,12.871106581347117,"rgba(239, 83, 80, 1.0)",0.0,0.0,0.9164368573521284,13.623560074180247,-1.57518770944148,41.321585752777224,-10.664931430537735,False,False,False,True,False,0.0,13.9369167978,0.0,0.0,0.0,0.0,1,0.7871767214094362,0.9142447675331312,False,False,False,False,-0.34282825441539394,-0.31361508416073136,False,False,False,False,51361962,52765528.83592935,False,False,False,False,372292.06144659425,False,False,False,False
2025-05-02 00:00:00+00:00,12.16,12.19,11.95,12.18,157436,,14.645111375170904,,14.161635429796231,14.33846749344596,14.394259070277316,12.856431315903318,"rgba(239, 83, 80, 1.0)",0.0,0.0,0.9204702822690524,13.616829434870292,-1.5827012158166147,40.83046413086009,-10.664931430537735,False,False,False,True,False,0.0,13.9230311204945,0.0,0.0,0.0,0.0,1,0.7854053863116832,0.9216123611664786,False,False,False,False,-0.34282825441539394,-0.3282216692880626,False,False,False,False,51204526,52704313.038441926,False,False,False,False,363866.33354672784,False,False,False,False
2025-05-05 00:00:00+00:00,11.91,11.985,11.81,11.97,76637,,14.644622951830303,,14.160664815550932,14.337549916313813,14.39377848605447,12.677289298990653,"rgba(239, 83, 80, 1.0)",0.0,0.0,0.9150650890057173,13.509695962635627,-1.7481772410023961,39.41589802347692,-10.664931430537735,False,True,False,True,False,0.0,13.907132371134498,0.0,0.0,0.0,0.0,1,0.7865993132794709,0.9156358251043518,False,False,False,False,-0.34282825441539394,-0.3355249618517283,False,False,False,False,51127889,52642492.48791479,False,False,False,False,352602.43811352283,True,False,False,False
2025-05-06 00:00:00+00:00,12.29,12.39,12.25,12.26,301586,,14.642988449786328,,14.157542252005499,14.334549899318601,14.392198646135375,12.704680233578497,"rgba(239, 83, 80, 1.0)",0.0,0.0,0.9054010758266353,13.516032524440263,-1.3541319501093925,41.0173099842749,-10.664931430537735,False,False,False,True,False,0.0,13.8933720817915,0.0,0.0,0.0,0.0,1,0.7946016591093885,0.8975701978859572,False,False,False,False,-0.21928260399791202,-0.27740378292482015,False,False,False,False,51429475,52594923.17466323,False,False,False,False,350601.79348162,False,False,False,False
2025-05-07 00:00:00+00:00,12.08,12.25,12.035,12.21,121321,,14.642278545987581,,14.156161343581477,14.333233532159722,14.391506366549399,12.693450585902141,"rgba(239, 83, 80, 1.0)",0.0,0.0,0.9001562677147913,13.51001679048118,-1.5886317095936402,41.07985607316712,-10.664931430537735,False,False,False,True,False,0.0,13.880231012567002,0.0,0.0,0.0,0.0,0,0.7984297275411303,0.9007438926863126,False,False,False,False,-0.270185399358425,-0.2737945911416226,False,False,False,False,51308154,52544461.63840193,False,False,False,False,341610.38981567416,False,False,False,False
2025-05-08 00:00:00+00:00,12.41,12.42,12.24,12.24,131903,,14.64157909147675,,14.15483528487704,14.33195601143668,14.390832057706527,12.693255036044146,"rgba(239, 83, 80, 1.0)",0.0,0.0,0.892925019298935,13.5076308849518,-1.229253141337204,43.18794146221481,-10.664931430537735,False,False,False,True,True,0.0,13.868930711355999,0.0,0.0,0.0,0.0,0,0.8055205338143909,0.8715097997199367,False,False,False,False,-0.21645015127255385,-0.2451223712070882,False,False,False,False,51440057,52501151.65258225,False,False,False,False,333386.5706072164,False,False,False,False
2025-05-09 00:00:00+00:00,12.55,12.58,12.45,12.45,70272,,14.641234339932529,,14.154196332134575,14.331334596934093,14.390503006059692,12.696261143484737,"rgba(239, 83, 80, 1.0)",0.0,0.0,0.8844733405196566,13.5073942134911,-1.0824455295945938,45.41551717121829,-9.103967460081797,True,False,False,True,True,0.0,13.859284250213001,0.0,0.0,0.0,0.0,0,0.8082858565186126,0.8766323559730274,False,False,False,False,-0.16461320698247367,-0.20486778909478093,False,False,False,False,51510329,52462295.862284906,False,False,False,False,323068.35215203144,False,False,False,False
2025-05-12 00:00:00+00:00,12.76,12.99,12.73,12.96,147923,,14.6406119086719,,14.153100589976784,14.330245129998842,14.38992215741201,12.712648253858685,"rgba(239, 83, 80, 1.0)",0.0,0.0,0.8766800756004799,13.510266835148196,-0.8558045928377035,48.100689489709076,-6.5006914232006,True,False,False,False,True,0.0,13.8504016370495,0.0,0.0,0.0,0.0,0,0.8197433435007389,0.8610034383412365,False,False,False,False,-0.07003239530838153,-0.13745009220158122,False,False,False,False,51658252,52430764.730430596,False,False,False,False,316199.90696959884,False,False,False,False
2025-05-13 00:00:00+00:00,13.06,13.125,12.885,12.9,145383,,14.640066860871087,,14.152184835876337,14.329315760012914,14.389423469366411,12.71763091088727,"rgba(38, 166, 154, 1.0)",0.0,0.0,0.8633093826027817,13.468507273781256,-0.4731875756402087,51.46373655836545,-3.3469545582469777,True,False,True,False,True,0.0,13.842589795855499,0.0,0.0,0.0,0.0,0,0.8314191093573844,0.8523614913834754,False,False,False,False,-0.030746647282197313,-0.08409836974188926,False,False,False,False,51803635,52406171.40766861,False,False,False,False,309501.20473549695,False,False,False,False
2025-05-14 00:00:00+00:00,12.9,13.075,12.9,13.02,601524,,14.637725107719039,,14.14819435293335,14.325293800882744,14.387266012137701,12.756005319877755,"rgba(38, 166, 154, 1.0)",0.0,0.0,0.8566918196608263,13.470026887172343,-0.6653814990296312,52.616524029817874,-2.30195670874771,True,False,True,False,True,0.0,13.834979486733,0.0,0.0,0.0,0.0,0,0.8422041454671011,0.8297230600493556,False,False,False,False,-0.035480604455191765,-0.05978948709854051,False,False,False,False,51202111,52358953.35246592,False,False,False,False,320953.0790595951,False,False,False,False
2025-05-15 00:00:00+00:00,12.7,12.75,12.61,12.7,149061,,14.637052107124436,,14.146984775460773,14.32410343252696,14.38663093559749,12.750995204510502,"rgba(38, 166, 154, 1.0)",0.0,0.0,0.848031568127297,13.465215753590602,-0.9023434767651682,52.07277219810686,-2.30195670874771,True,False,True,False,True,0.0,13.827084557661,0.0,0.0,0.0,0.0,0,0.8611618146005426,0.833534428528705,False,False,False,False,-0.11911701432318288,-0.08945325071086169,False,False,False,False,51053050,52307741.45629079,False,False,False,False,314212.2132141208,False,False,False,False
2025-05-16 00:00:00+00:00,12.76,12.83,12.68,12.72,80726,,14.636700902415114,,14.146361908038546,14.323487022294511,14.386301353414664,12.750640879552662,"rgba(38, 166, 154, 1.0)",0.0,0.0,0.8414643338996163,13.463531917065518,-0.8360804953017146,52.08781317680683,-2.30195670874771,True,False,True,False,True,0.0,13.819823472613,0.0,0.0,0.0,0.0,0,0.8595512017314042,0.832068262071679,False,False,False,False,-0.09860907362427467,-0.09403116216756818,False,False,False,False,51133776,52261703.59525978,False,False,False,False,305055.8911272926,False,False,False,False
2025-05-19 00:00:00+00:00,12.78,12.87,12.7,12.72,139731,,14.636101920150837,,14.145305749577233,14.322439344647492,14.385740514864658,12.751437843756538,"rgba(38, 166, 154, 1.0)",0.0,0.0,0.834230416244388,13.46119622321805,-0.8165564452621128,52.23193757265798,-2.30195670874771,True,False,True,False,True,0.0,13.809991635374999,0.0,0.0,0.0,0.0,0,0.853857908398225,0.8409947249434814,False,False,False,False,-0.09042994283389405,-0.09223055250073112,False,False,False,False,51273507,52222950.78760253,False,False,False,False,298572.56206347723,False,False,False,False
2025-05-20 00:00:00+00:00,12.84,12.86,12.7,12.8,99849,,14.635677984582143,,14.144561265059837,14.321699665262047,14.385344156973908,12.752555649517944,"rgba(38, 166, 154, 1.0)",0.0,0.0,0.8239323804581677,13.459767914345457,-0.7522072551643382,52.75498507417636,-1.5426482961636623,True,False,True,False,True,0.0,13.8016044062185,0.0,0.0,0.0,0.0,0,0.8587272497472193,0.8302473036737444,False,False,False,False,-0.09179226435719931,-0.09201140842896521,False,False,False,False,51373356,52189633.34495145,False,False,False,False,290779.48119824287,False,False,False,False
2025-05-21 00:00:00+00:00,12.7,12.91,12.69,12.91,122948,,14.6351467708446,12.766666666666664,14.14362298479018,14.3207699260747,14.384846122027094,12.72383607956766,"rgba(38, 166, 154, 1.0)",0.0,0.0,0.8154773487388841,13.457678936827909,-0.9291232159907836,51.94232295679189,-1.5426482961636623,True,False,True,False,True,0.0,13.795331005262002,0.0,0.0,0.0,0.0,0,0.8567716005218635,0.8272694751904381,False,False,False,False,-0.08634496557828181,-0.08917818700362351,False,False,False,False,51250408,52152800.97848277,False,False,False,False,284197.8544845863,False,False,False,False
2025-05-22 00:00:00+00:00,12.59,12.6599,12.52,12.58,110783,,14.63462313499693,12.682915020115715,14.142670283388505,14.319837988164018,14.384348653001974,12.709610703469231,"rgba(38, 166, 154, 1.0)",0.0,0.0,0.8088862713632189,13.454151922941765,-1.0683231419979562,50.511558863164915,-1.5426482961636623,True,False,False,False,False,0.0,13.788269144288499,0.0,0.0,0.0,0.0,0,0.8446311276321626,0.850127780007181,False,False,False,False,-0.14387424106475352,-0.11652621403418852,False,False,False,False,51139625,52113068.58716972,False,False,False,False,277397.271955779,False,False,False,False
2025-05-23 00:00:00+00:00,12.71,12.7348,12.54,12.54,69116,,14.634308022159649,12.678050488090244,14.142103891693948,14.319281128524079,14.384050812975902,12.707966241633292,"rgba(38, 166, 154, 1.0)",0.0,0.0,0.804592297853798,13.452469527247832,-0.922789752310983,50.601233186624285,-1.5426482961636623,True,False,False,False,False,0.0,13.7827611233825,0.0,0.0,0.0,0.0,0,0.8534159715459201,0.8452756488969809,False,False,False,False,-0.13080899045112304,-0.12366760224265577,False,False,False,False,51208741,52077604.76022189,False,False,False,False,269229.37893790536,False,False,False,False
2025-05-27 00:00:00+00:00,12.62,12.625,12.4775,12.62,129018,,14.633694015345126,12.647015597852723,14.140985402806278,14.318187871308242,14.383466906230616,12.700058477267525,"rgba(38, 166, 154, 1.0)",0.0,0.0,0.8026066374098223,13.44852727846748,-1.0322955727619076,49.86518584011305,-1.5426482961636623,True,False,False,False,False,0.0,13.775038498351,0.0,0.0,0.0,0.0,0,0.8448628929095972,0.8473107637883566,False,False,False,False,-0.15456623726229043,-0.1391169197524731,False,False,False,False,51079723,52038472.142173976,False,False,False,False,263730.89348936005,False,False,False,False
2025-05-28 00:00:00+00:00,12.7,12.88,12.68,12.78,217315,,14.632750522167147,12.6826057865307,14.139320068321242,14.316538365768807,14.382581547307135,12.706167124694623,"rgba(38, 166, 154, 1.0)",0.0,0.0,0.7978747276866004,13.445258236822639,-0.9340541954292501,50.130538647775154,-1.5426482961636623,True,False,False,False,False,0.0,13.767143569279002,0.0,0.0,0.0,0.0,0,0.8472972477352627,0.8456677896479634,False,False,False,False,-0.09179226435719878,-0.11545459205483594,False,False,False,False,51297038,52009396.29346127,False,False,False,False,261910.66237213026,False,False,False,False
2025-05-29 00:00:00+00:00,12.51,12.6,12.48,12.6,333330,,14.631133425684144,12.63083217931624,14.136363082103989,14.313654498709584,14.381039504029298,12.689306923262091,"rgba(38, 166, 154, 1.0)",0.0,0.0,0.7892526228670931,13.435230893527438,-1.1722873852054883,48.56815720808687,-1.5426482961636623,True,False,False,False,False,0.0,13.757583260156501,0.0,0.0,0.0,0.0,0,0.8409318466562872,0.8581680741870716,False,False,False,False,-0.15768085824588207,-0.136567725150359,False,False,False,False,50963708,51968388.909403965,False,False,False,False,264711.4207104781,False,False,False,False
2025-05-30 00:00:00+00:00,12.4,12.4256,12.24,12.42,95323,12.3552,14.630633004673237,12.606455410160942,14.135427664113054,14.31275085081433,14.38055739618434,12.607950166785614,"rgba(38, 166, 154, 1.0)",0.0,0.0,0.7770514841430326,13.35431749938203,-1.2281264740578868,46.594160990748414,-0.15807085855723813,True,False,False,True,False,0.0,13.745756038911999,0.0,0.0,0.0,0.0,0,0.829552287188711,0.8632444669849053,False,False,False,False,-0.21565767882093928,-0.17611270198564916,False,False,False,False,50868385,51925251.50119205,False,False,False,False,258068.7375453613,False,False,False,False
2025-06-02 00:00:00+00:00,12.81,12.85,12.67,12.85,144009,12.60880166296191,14.630017366528465,12.626516885243754,14.134350473390652,14.311680835295086,14.379980961957052,12.64454473158882,"rgba(38, 166, 154, 1.0)",0.0,0.0,0.7676328889854388,13.365485279683545,-0.7236340282628012,49.13071594629525,-0.15807085855723813,True,False,False,False,True,0.0,13.736837273728499,0.0,0.0,0.0,0.0,0,0.839387392428411,0.8566817435275708,False,False,False,False,-0.09724500087962262,-0.1366788514326359,False,False,False,False,51012394,51889453.16781197,False,False,False,False,253595.8066612295,False,False,False,False
2025-06-03 00:00:00+00:00,12.95,13.005,12.8,12.85,381296,12.79896902213027,14.628513746094999,12.695923539187932,14.131803342902845,14.30911572020377,14.378591402249889,12.690233230715089,"rgba(38, 166, 154, 1.0)",0.0,0.0,0.7558427788278349,13.374124820401931,-0.5611283619851039,51.895901883726125,-1.6963720283655164,True,False,False,False,True,0.0,13.729286196592001,0.0,0.0,0.0,0.0,1,0.8381952066618232,0.8492123610617279,False,False,False,False,-0.05850063752079156,-0.09758974447671373,False,False,False,False,51393690,51870011.4749566,False,False,False,False,258603.65738039697,False,False,False,False
2025-06-04 00:00:00+00:00,12.81,13.005,12.7,12.92,1430946,12.826425113725687,14.622631501967904,12.76308737687113,14.12171480434543,14.299023966275954,14.373115668615782,12.72516164740001,"rgba(38, 166, 154, 1.0)",0.0,0.0,0.7464643870145156,13.363333998809617,-0.741273138324356,52.36417395233557,-1.3214567819794638,True,False,True,False,True,0.0,13.720224355397999,0.0,0.0,0.0,0.0,1,0.8292277700335888,0.8631147414498153,False,False,False,False,-0.07206925600697127,-0.08482950024184249,False,False,False,False,49962744,51795216.67201713,False,False,False,False,304577.8668948912,False,False,False,False
2025-06-05 00:00:00+00:00,12.92,13.015,12.905,12.97,212645,12.837717645510438,14.621813543851182,12.775110929831225,14.120354436355912,14.29764644279586,14.37236247327663,12.733059029199717,"rgba(38, 166, 154, 1.0)",0.0,0.0,0.7307898232499132,13.363076881872606,-0.606298648087611,53.586386651694085,-0.163547635936105,True,False,True,False,True,0.0,13.7127617382785,0.0,0.0,0.0,0.0,1,0.836045320470913,0.8576039452077361,False,False,False,False,-0.04292297482471518,-0.06387623753327884,False,False,False,False,50175389,51731694.01821254,False,False,False,False,300972.6564284249,False,False,False,False
2025-06-06 00:00:00+00:00,13.1,13.13,12.96,12.96,857870,12.899711051243788,14.618751019839962,12.835350030725698,14.115440528128193,14.292594967966291,14.369579924092656,12.774666406558133,"rgba(38, 166, 154, 1.0)",0.0,0.0,0.7112280459411069,13.36660903946363,-0.3748573203561577,55.796645475150356,1.922032548197464,True,False,True,False,True,0.0,13.7074868052505,0.0,0.0,0.0,0.0,1,0.8346732866023558,0.8541828688562584,False,False,False,False,-0.019931003536998494,-0.041903620535138665,False,False,False,False,51033259,51704304.40965519,False,False,False,False,322811.7679410357,False,False,False,False
2025-06-09 00:00:00+00:00,13.11,13.215,13.09,13.13,134245,12.909548447610103,14.618295921149432,12.84494556985348,14.114730220615318,14.291856221007015,14.36917050246876,12.781582852765089,"rgba(38, 166, 154, 1.0)",0.0,0.0,0.6896362796417169,13.367472346980431,-0.3733451307320942,57.34686317580538,3.364111188905831,True,False,True,False,True,0.0,13.702977252273499,0.0,0.0,0.0,0.0,1,0.8381117853589127,0.8488768360649823,False,False,False,False,0.009119993307133957,-0.016391813614002354,False,False,False,False,51167504,51683253.41319812,False,False,False,False,315416.99272766174,False,False,False,False
2025-06-10 00:00:00+00:00,13.11,13.34,13.08,13.2,172469,12.92298451031842,14.617726784770941,12.857914861727865,14.113854946728079,14.290940008719073,14.368661273675324,12.790999731128931,"rgba(38, 166, 154, 1.0)",0.0,0.0,0.6782448732633202,13.368842235167019,-0.3816353729614221,58.38034164290873,4.3470018806459265,True,False,True,False,True,0.0,13.699421539364,0.0,0.0,0.0,0.0,0,0.8423709058795141,0.8412823922653918,False,False,False,False,0.024662097862800034,0.00413514212439884,False,False,False,False,51167504,51663027.94601388,False,False,False,False,309811.18909128284,False,False,False,False
2025-06-11 00:00:00+00:00,13.69,13.695,13.2952,13.32,195601,12.957366413346856,14.61725344335327,12.88772692142723,14.11326954208402,14.290259638816673,14.368269862017943,12.811971243776272,"rgba(38, 166, 154, 1.0)",0.0,0.0,0.6667285466775991,13.374340384099067,0.4734454786343076,62.87628373579204,8.545188948516227,True,False,True,False,True,3.19221483947031,13.6981458304105,0.0,0.0,0.0,0.0,0,0.8441248834757097,0.8323374645333173,False,False,False,False,0.10204814412550396,0.053091643124951404,False,False,False,False,51363105,51651266.261856474,False,False,False,False,305332.3581465267,False,False,False,False
2025-06-12 00:00:00+00:00,13.6,13.67,13.44,13.49,216009,12.991824782386686,14.616736114902924,12.918284557414664,14.112636078222472,14.289519954194489,14.36784335976843,12.833867094512328,"rgba(38, 166, 154, 1.0)",0.0,0.0,0.6612730828409381,13.380116209896556,0.33251586342935113,64.74832245166951,10.174758303680306,True,False,True,False,True,2.5074471611056737,13.694798593342,0.0,0.0,0.0,0.0,0,0.8545950385050438,0.8318070770772323,False,False,False,False,0.11843187460818579,0.08576175886656859,False,False,False,False,51147096,51631494.87903858,False,False,False,False,301829.48135646683,False,False,False,False
2025-06-13 00:00:00+00:00,14.32,14.52,14.095,14.52,2752512,13.542851925056025,14.614827819995849,13.424565843743629,14.115550003140296,14.289806027764838,14.367463486777178,13.221573748407899,"rgba(38, 166, 154, 1.0)",0.0,0.0,0.6693320053106693,13.513609937694373,1.2047684197192141,69.06793526967826,14.09306533491484,True,False,True,False,True,7.344145826331726,13.6935729041685,0.0,0.0,0.0,0.0,0,0.8513428049260251,0.8136855052761055,False,False,False,False,0.3428282236827145,0.21429499127464152,False,False,False,False,53899608,51720440.4916253,False,False,False,False,397934.67816601717,False,False,False,False
2025-06-16 00:00:00+00:00,14.19,14.27,13.77,14.23,1607894,13.647514339888899,14.61286850947513,13.538741106393264,14.115220278205559,14.288209797320269,14.366319323627266,13.328183107482266,"rgba(38, 166, 154, 1.0)",0.0,0.0,0.6688917821412405,13.553202079408987,0.9520193514001779,70.52570507655034,15.288860581920034,True,False,True,False,True,6.3442215219529885,13.692841823076002,0.0,0.0,0.0,0.0,0,0.8469371616899051,0.8183061154731114,False,False,False,False,0.25676317353540573,0.23552908240502363,False,False,False,False,52291714,51742843.374306664,False,False,False,False,445384.0633359773,False,False,False,False
2025-06-17 00:00:00+00:00,14.69,14.79,14.39,14.44,900015,13.74401667488203,14.612889792386278,13.635549196361183,14.117620682628992,14.289608780275657,14.366884120140746,13.413949385200134,"rgba(38, 166, 154, 1.0)",0.0,0.0,0.6821613769072631,13.589043324470405,1.6139240842409426,73.16616393385141,17.67282232605595,True,False,True,False,True,9.467369575484547,13.695612274055001,0.0,0.0,0.0,0.0,0,0.8948988819252421,0.784047963786714,False,False,False,False,0.34282822690722015,0.2891786546561219,False,False,False,False,53191729,51799662.4184515,False,False,False,False,463212.7275188802,False,False,False,False
2025-06-18 00:00:00+00:00,14.71,14.86,14.39,14.84,1196068,13.849641119694706,14.612998806367584,13.74347494968414,14.120962972074116,14.291615485380524,14.367718228560333,13.513212758702975,"rgba(38, 166, 154, 1.0)",0.0,0.0,0.7018797925878142,13.632627491104694,1.5349815171670065,74.98556060933785,19.315072439103716,True,False,True,False,True,9.588820652850575,13.697385808956001,0.0,0.0,0.0,0.0,0,0.8932602965490647,0.7886599299565267,False,False,False,False,0.34282822726021217,0.316003440958167,False,False,False,False,54387797,51901157.892237715,False,False,False,False,491952.1499691203,False,False,False,False
2025-06-20 00:00:00+00:00,14.79,14.815,14.63,14.65,1123717,13.937738795915235,14.613332243179599,13.83421259539965,14.124599487073477,14.293953425616127,14.368747560090279,13.598867806516092,"rgba(38, 166, 154, 1.0)",0.0,0.0,0.7232751336239827,13.672286710485048,1.545350085401981,76.44734659222799,20.68953803756598,True,False,True,False,True,10.079905832564293,13.7013239479825,0.0,0.0,0.0,0.0,0,0.9267361318283152,0.7626450279614453,False,False,False,False,0.3428282281974265,0.3294158345777968,False,False,False,False,55511514,52042740.48469898,False,False,False,False,516727.242127194,False,False,False,False
2025-06-23 00:00:00+00:00,13.92,14.935,13.89,14.86,2306088,13.989918705896955,14.61144989193616,13.899137795993266,14.126061730087065,14.293475709315098,14.368077117865846,13.790903281741704,"rgba(38, 166, 154, 1.0)",0.0,0.0,0.7277677334656609,13.729745261854408,0.26142233214928473,69.62545852476549,25.852457781050333,True,False,True,False,False,3.536837614365254,13.703487455192,0.0,0.0,0.0,0.0,0,0.9047551982694029,0.7833430040955208,False,False,False,False,0.2635095581171957,0.2964626963474962,False,False,False,False,53205426,52088335.99510294,False,False,False,False,586898.2522398531,False,False,False,False
2025-06-24 00:00:00+00:00,13.25,13.43,13.115,13.33,1565473,13.915708183834264,14.60675256015486,13.838139669583057,14.119208980210873,14.286216298988668,14.363923555407135,13.684630374860607,"rgba(239, 83, 80, 1.0)",0.0,0.0,0.7270641445361898,13.692344674498063,-0.6083984168690431,61.349799277490405,18.419291478945013,True,False,True,False,False,0.0,13.703445570482502,0.0,0.0,0.0,0.0,0,0.9070362054934464,0.8366106625264775,False,False,False,False,-0.008761297484681728,0.14385069943140724,False,False,False,False,51639953,52070752.348236166,False,False,False,False,625273.7325441727,False,False,False,False
2025-06-25 00:00:00+00:00,13.2,13.34,13.14,13.19,450547,13.895988246593703,14.605368274102748,13.821667716028978,14.117169308250139,14.284068261840435,14.36269244337427,13.665971487078513,"rgba(239, 83, 80, 1.0)",0.0,0.0,0.7250546546655108,13.684000057979707,-0.6675359641722344,55.59176579401324,13.52978388097398,True,False,True,False,False,0.0,13.702772149746,0.0,0.0,0.0,0.0,0,0.9019719587580908,0.8478782979861715,False,False,False,False,-0.016355451612819583,0.06374762390929382,False,False,False,False,51189406,52036189.74634455,False,False,False,False,618421.7038169502,False,False,False,False
2025-06-26 00:00:00+00:00,13.28,13.41,13.19,13.24,384479,13.881620713966202,14.604246188293146,13.809795311184594,14.115565846225465,14.282357223321558,14.361705495797446,13.655008890621657,"rgba(239, 83, 80, 1.0)",0.0,0.0,0.7247838323275944,13.678417427077438,-0.5497051800920392,52.26780223986985,10.865459763306227,False,False,False,False,False,0.0,13.703691029094,0.0,0.0,0.0,0.0,0,0.8909973650539551,0.8547624750965467,False,False,False,False,-0.002336299035281589,0.030705662437006117,False,False,False,False,51573885,52018060.14844868,False,False,False,False,609247.4801378541,False,False,False,False
2025-06-27 00:00:00+00:00,13.2,13.335,13.12,13.29,419360,13.864810205009709,14.6029545942158,13.795645364260313,14.113665134227203,14.280356667147272,14.36055566076476,13.640611421249652,"rgba(239, 83, 80, 1.0)",0.0,0.0,0.7238434204281805,13.67170171565104,-0.6516626418625328,49.6035692771662,8.642505336062726,False,False,False,False,False,0.0,13.704066832432,0.0,0.0,0.0,0.0,0,0.8855130749372159,0.857039157490502,False,False,False,False,-0.019276734624133516,0.0057144639064363005,False,False,False,False,51154525,51984196.024980105,False,False,False,False,601800.9122893108,False,False,False,False
2025-06-30 00:00:00+00:00,13.22,13.27,13.145,13.26,127109,13.85983107341363,14.602561701680944,13.791441231358872,14.113086335400611,14.279747981603371,14.360205568165572,13.63644729785834,"rgba(239, 83, 80, 1.0)",0.0,0.0,0.7208909652531745,13.669731690661553,-0.6238553572433918,47.97677896768365,7.206642755915034,False,False,False,True,False,0.0,13.7064503159055,0.0,0.0,0.0,0.0,0,0.8824314080377028,0.8644967180457536,False,False,False,False,-0.02395149255399598,-0.00911851432377984,False,False,False,False,51281634,51956644.57302011,False,False,False,False,583185.5431799261,False,False,False,False
2025-07-01 00:00:00+00:00,13.32,13.3452,13.21,13.28,251201,13.851399299945637,14.601830553594876,13.784431435306455,14.112046064725273,14.278637117028058,14.35956250785626,13.630583884420552,"rgba(239, 83, 80, 1.0)",0.0,0.0,0.7200040790674338,13.666626747535048,-0.4814233108012483,47.67263979235882,6.80405210756561,False,False,False,True,False,0.0,13.7085230353215,0.0,0.0,0.0,0.0,0,0.8784838083868081,0.8799522459334429,False,False,False,False,-0.00756971351522479,-0.008344113919502315,False,False,False,False,51532835,51940024.589764416,False,False,False,False,570166.5414865956,False,False,False,False
2025-07-02 00:00:00+00:00,13.57,13.615,13.28,13.4,140777,13.848404317123602,14.6014825984504,13.782121848314057,14.111603676751685,14.278139461794618,14.359268753200078,13.630107919418215,"rgba(239, 83, 80, 1.0)",0.0,0.0,0.7196552477926812,13.665854359051702,-0.13319483092175707,49.31065459042611,6.80405210756561,False,False,False,False,False,1.2991279576748553,13.710128842615502,0.0,0.0,0.0,0.0,0,0.8954025392083645,0.8577505601194922,False,False,False,False,0.03213493784612585,0.011895411963311769,False,False,False,False,51673612,51929577.037224635,False,False,False,False,553327.7359381017,False,False,False,False
2025-07-03 00:00:00+00:00,13.51,13.57,13.44,13.49,177653,13.844883488877754,14.601051034812365,13.779436896409287,14.111062696831063,14.277526898464098,14.358906130631615,13.629739906799756,"rgba(239, 83, 80, 1.0)",0.0,0.0,0.7177156705713296,13.665009497680154,-0.21597619229459072,49.932842848679414,6.80405210756561,False,False,False,False,False,0.8758826045630386,13.711577725919499,0.0,0.0,0.0,0.0,0,0.8950911556426099,0.8757932800964294,False,False,False,False,0.0455890661370805,0.028742239050196135,False,False,False,False,51495959,51912572.40831387,False,False,False,False,538595.3933522938,False,False,False,False
2025-07-07 00:00:00+00:00,13.73,13.765,13.54,13.57,342265,13.841641951313381,14.600350817509614,13.777573256810978,14.110318428230258,14.27661168244969,14.358348922748055,13.634072520432824,"rgba(239, 83, 80, 1.0)",0.0,0.0,0.7184693439514783,13.66531845627664,0.09002686651544611,51.93531593279827,6.80405210756561,False,False,False,False,False,2.3830312761085857,13.713315845166,0.0,0.0,0.0,0.0,0,0.932060145713843,0.852370175166641,False,False,False,False,0.08018912357455274,0.054465681312374434,False,False,False,False,51838224,51909656.78445842,False,False,False,False,530896.1622404391,False,False,False,False
2025-07-08 00:00:00+00:00,13.81,13.91,13.675,13.69,735738,13.839902785406872,14.599044644676809,13.778364498024978,14.109169202984406,14.275046466432157,14.357365048009973,13.680512977858417,"rgba(239, 83, 80, 1.0)",0.0,0.0,0.7198805706753765,13.668646739377772,0.1963565435439016,53.82188928346157,6.80405210756561,False,False,True,False,True,2.926796732566551,13.714643200354999,0.0,0.0,0.0,0.0,0,0.9389159116197746,0.8629216340804327,False,False,False,False,0.11320679273645522,0.08383623702441483,False,False,False,False,52573962,51935707.96938162,False,False,False,False,538929.175485912,False,False,False,False
2025-07-09 00:00:00+00:00,13.79,13.88,13.71,13.73,110054,13.83962471837089,14.598848411186236,13.778449353849522,14.10899527231188,14.274810770467663,14.357216860450677,13.682066480385574,"rgba(239, 83, 80, 1.0)",0.0,0.0,0.7185357483253643,13.669105036030635,0.1682518430727005,54.88334533719711,6.80405210756561,False,False,True,False,True,2.7782218341767404,13.7169197796185,0.0,0.0,0.0,0.0,0,0.9351009378477193,0.8702336671435386,False,False,False,False,0.11379842038801148,0.09881732870621315,False,False,False,False,52463908,51956421.69607254,False,False,False,False,522110.54115313117,False,False,False,False
2025-07-10 00:00:00+00:00,13.58,13.65,13.52,13.59,72935,13.838614541591003,14.59868452584606,13.777719075860622,14.10880349689228,14.274586624449979,14.357082138498468,13.679853342385037,"rgba(239, 83, 80, 1.0)",0.0,0.0,0.7152375778667267,13.668943401070612,-0.12435504484523188,53.58429312054488,6.80405210756561,False,False,True,False,True,1.2211897409075512,13.716429446759998,0.0,0.0,0.0,0.0,0,0.9318351106159481,0.874524908483209,False,False,False,False,0.06433639338854129,0.08157686104737721,False,False,False,False,52390973,51973462.92367754,False,False,False,False,504495.8140490868,False,False,False,False
2025-07-11 00:00:00+00:00,13.89,13.9,13.7,13.7,406403,13.838429409609581,14.597993916536026,13.778787134929267,14.108237878425776,14.273785044963509,14.356571350235706,13.688237174385531,"rgba(239, 83, 80, 1.0)",0.0,0.0,0.7109883490130492,13.671030020523139,0.3079797014688393,55.10979071252274,6.80405210756561,False,False,True,False,True,3.3808480847273152,13.7173460378915,0.0,0.0,0.0,0.0,0,0.9522379513281378,0.8459742325433437,False,False,False,False,0.11498191411967086,0.09827938758352403,False,False,False,False,52797376,52005773.240396075,False,False,False,False,500649.037027554,False,False,False,False
2025-07-14 00:00:00+00:00,13.68,13.89,13.65,13.88,197971,13.837409654356584,14.597618578011751,13.778404940995179,14.10787432393631,14.273316641595613,14.356280422147599,13.688981567049272,"rgba(239, 83, 80, 1.0)",0.0,0.0,0.7060422109218911,13.67149566722517,0.012045076970293254,54.22011255007468,6.80405210756561,False,False,True,False,True,1.8263326744263892,13.71759416505,0.0,0.0,0.0,0.0,0,0.9757417271993547,0.8352929782082327,False,False,False,False,0.10788564299867903,0.10308251529110153,False,False,False,False,52599405,52029052.91724329,False,False,False,False,488779.310085297,False,False,False,False
2025-07-15 00:00:00+00:00,13.63,13.72,13.5848,13.64,292516,13.834507646318702,14.597003180418156,13.776489558379776,14.107199979683218,14.272502943010535,14.355784824495647,13.68647941652052,"rgba(239, 83, 80, 1.0)",0.0,0.0,0.6990115286009132,13.671369044466392,-0.05918220626373938,53.188044630820514,6.80405210756561,False,False,False,False,True,1.4579220061684381,13.716590760137501,0.0,0.0,0.0,0.0,0,0.9731748238965383,0.8367313630636456,False,False,False,False,0.08016561023556516,0.09162406276333335,False,False,False,False,52306889,52039948.44990041,False,False,False,False,481082.70968979516,False,False,False,False
2025-07-16 00:00:00+00:00,13.59,13.6,13.43,13.48,342948,13.829392162496585,14.596203286273527,13.772576546063783,14.106232972216194,14.271392572001288,14.35511901902904,13.676453832813294,"rgba(239, 83, 80, 1.0)",0.0,0.0,0.691050303901525,13.67021120804919,-0.11607144602402304,52.13156549846559,6.80405210756561,False,False,False,False,True,1.1597878515502487,13.7168181153265,0.0,0.0,0.0,0.0,0,0.9610085287706922,0.8379402658777174,False,False,False,False,0.047930462252835294,0.06977726250808432,False,False,False,False,51963941,52036967.76559059,False,False,False,False,475665.6622509797,False,False,False,False
2025-07-17 00:00:00+00:00,13.79,13.79,13.57,13.59,277816,13.827828031968776,14.5956644299631,13.77183705275733,14.105695687359152,14.270712220740219,14.354697184460885,13.687463645471947,"rgba(239, 83, 80, 1.0)",0.0,0.0,0.6882884635157531,13.670674069415876,0.1733661639112921,53.19780854424836,6.80405210756561,False,False,False,False,True,2.6001471931288123,13.720191610668001,0.0,0.0,0.0,0.0,0,0.9907114611459169,0.8220257860929385,False,False,False,False,0.06339874355071129,0.0665880030293978,False,False,False,False,52241757,52044998.71595959,False,False,False,False,467906.8519666276,False,False,False,False
2025-07-18 00:00:00+00:00,13.75,13.945,13.725,13.9,277814,13.827538426485638,14.595181342572909,13.772291710631265,14.105283841342969,14.27014378690622,14.354335334571841,13.71479369435414,"rgba(239, 83, 80, 1.0)",0.0,0.0,0.677405623226029,13.671816100532798,0.11541666733568677,53.48727891047154,6.80405210756561,False,False,True,False,True,2.2924532624188174,13.722220497928001,0.0,0.0,0.0,0.0,0,0.9942435701955308,0.8229478025484127,False,False,False,False,0.10333130399334517,0.08495965351137148,False,False,False,False,51963943,52041820.06043176,False,False,False,False,460452.2303208775,False,False,False,False
2025-07-21 00:00:00+00:00,13.71,13.755,13.63,13.71,109181,13.82684722270744,14.594965589381742,13.771914230518913,14.105063690142117,14.269868645905479,14.354165154334341,13.71137682516336,"rgba(239, 83, 80, 1.0)",0.0,0.0,0.6657265353128757,13.671933209984555,0.057180821247503934,53.23845672266794,6.80405210756561,False,False,True,False,True,1.98098501944731,13.724144769195002,0.0,0.0,0.0,0.0,0,1.0050346598724738,0.8274866679767173,False,False,False,False,0.04589424820770209,0.06542695085953679,False,False,False,False,51854762,52034484.45021876,False,False,False,False,446676.8879553529,False,False,False,False
2025-07-22 00:00:00+00:00,13.67,13.68,13.55,13.63,258108,13.824430454427752,14.594419007940614,13.770262056989754,14.104461168535233,14.269145399331347,14.353723353993006,13.701838969263058,"rgba(239, 83, 80, 1.0)",0.0,0.0,0.650787409414255,13.671752019398312,-0.002692153186996901,52.61095427726797,6.80405210756561,False,False,False,False,True,1.6657373228258336,13.723913668322998,0.0,0.0,0.0,0.0,0,0.994464147293469,0.8510807603394226,False,False,False,False,0.02412945259637812,0.044778201727957455,False,False,False,False,51596654,52017314.62864156,False,False,False,False,439282.0296041626,False,False,False,False
2025-07-23 00:00:00+00:00,13.7,13.7,13.55,13.62,186041,13.82287427225834,14.59403224942102,13.769237415248899,14.104043161934433,14.268638749150298,14.353412605205266,13.699063847260309,"rgba(239, 83, 80, 1.0)",0.0,0.0,0.6531531283006107,13.67170833650816,0.04331551402876776,52.53642641595657,6.80405210756561,False,True,False,False,True,1.8948513139067735,13.723403339420502,0.0,0.0,0.0,0.0,0,0.9827788730362629,0.8591192289990865,False,False,False,False,0.026893105062452377,0.03583565339520492,False,False,False,False,51782695,52008113.85889091,False,False,False,False,429351.00883537193,False,False,False,False
2025-07-24 00:00:00+00:00,13.83,13.859,13.66,13.78,628629,13.821707414201295,14.59291152587571,13.76962254120086,14.103048471678685,14.26729964163765,14.35256276980206,13.712672743605875,"rgba(239, 83, 80, 1.0)",0.0,0.0,0.6582096382823592,13.673759904356931,0.23737132754662726,53.94356566220404,6.80405210756561,False,False,True,False,True,2.8910135954381566,13.720729182318001,0.0,0.0,0.0,0.0,0,0.9831874663854101,0.8658978675253376,False,False,False,False,0.06412127895595943,0.04997846617558217,False,False,False,False,52411324,52023926.021287344,False,False,False,False,437165.8320182985,False,False,False,False
