date,Open,High,Low,Close,Volume,aVWAP_OB_bull_876,aVWAP_OB_bull_564,aVWAP_OB_bull_551,aVWAP_OB_bull_445,aVWAP_OB_bull_400,aVWAP_OB_bull_161,aVWAP_OB_bear_864,aVWAP_OB_bear_820,aVWAP_OB_bear_809,aVWAP_OB_bear_781,aVWAP_OB_bear_407,aVWAP_OB_bear_380,aVWAP_OB_bear_270,aVWAP_OB_bear_233,aVWAP_OB_bear_222,aVWAP_OB_bear_165,aVWAP_OB_bear_108,Peaks_Valleys_avg,color,Liquidity,Liquidity_Level,StDev,StDev_Mean,StdDev_ZScore,QQEMOD,QQE1_Value,QQE1_Above_Upper,QQE1_Below_Lower,QQE2_Above_Threshold,QQE2_Below_Threshold,QQE2_Above_TL,banker_RSI,SMA_50,SMA_200,OB,OB_High,OB_Low,OB_Mitigated_Index,TTM_squeeze_Active,VI_plus,VI_minus,VI_Regular_Bullish,VI_Regular_Bearish,VI_Hidden_Bullish,VI_Hidden_Bearish,Fisher,Fisher_Signal,Fisher_Regular_Bullish,Fisher_Regular_Bearish,Fisher_Hidden_Bullish,Fisher_Hidden_Bearish,OBV,OBV_Smoothed,OBV_Regular_Bullish,OBV_Regular_Bearish,OBV_Hidden_Bullish,OBV_Hidden_Bearish,Volume_MA,Vol_Regular_Bullish,Vol_Regular_Bearish,Vol_Hidden_Bullish,Vol_Hidden_Bearish
2024-12-30 15:00:00+00:00,19.22,19.375,19.195,19.375,36940.0,,,,,,,,,,,,,,,,,,,"rgba(38, 166, 154, 1.0)",0.0,0.0,,,,,,False,False,False,False,False,,,,0.0,0.0,0.0,0.0,0,,,False,False,False,False,,,False,False,False,False,0.0,0.0,False,False,False,False,36940.0,False,False,False,False
2024-12-30 16:00:00+00:00,19.375,19.56,19.365,19.505,53473.0,,,,,,,,,,,,,,,,,,,"rgba(38, 166, 154, 1.0)",0.0,0.0,,,,100.0,,False,False,True,False,False,,,,0.0,0.0,0.0,0.0,0,,,False,False,False,False,,,False,False,False,False,53473.0,829.0387596899225,False,False,False,False,37196.32558139535,False,False,False,False
2024-12-30 17:00:00+00:00,19.505,19.59,19.505,19.565,34342.0,,,,,,,,,,,,,,,,,,,"rgba(38, 166, 154, 1.0)",0.0,0.0,,,,100.0,50.0,False,False,True,False,True,,,,0.0,0.0,0.0,0.0,0,,,False,False,False,False,,,False,False,False,False,87815.0,2177.658313803257,False,False,False,False,37152.072471606276,False,False,False,False
2024-12-30 18:00:00+00:00,19.565,19.63,19.55,19.56,41654.0,,,,,,,,,,,,,,,,,,,"rgba(239, 83, 80, 1.0)",0.0,0.0,,,,98.96512073591364,49.068608662322276,False,False,True,False,False,,,,0.0,0.0,0.0,0.0,0,,,False,False,False,False,,,False,False,False,False,46161.0,2859.5705880078576,False,False,False,False,37221.869797627885,False,False,False,False
2024-12-30 19:00:00+00:00,19.565,19.595,19.55,19.58,49484.0,,,,,,,,,,,,,,,,,,,"rgba(239, 83, 80, 1.0)",0.0,0.0,,,,98.40205963975949,48.623946431628724,False,False,True,False,False,,,,0.0,0.0,0.0,0.0,0,,,False,False,False,False,,,False,False,False,False,95645.0,4298.104377341069,False,False,False,False,37411.9803434011,False,False,False,False
2024-12-30 20:00:00+00:00,19.575,19.615,19.545,19.575,97956.0,,,,,,,,,,,,,,,,,,,"rgba(239, 83, 80, 1.0)",0.0,0.0,,,,96.9460339860012,47.38042314546627,False,False,True,False,False,,,,0.0,0.0,0.0,0.0,0,,,False,False,False,False,,,False,False,False,False,-2311.0,4195.63764280865,False,False,False,False,38350.64731482123,False,False,False,False
2024-12-31 15:00:00+00:00,19.68,19.78,19.52,19.525,24585.0,,,,,,,,,,,,,,,,,,19.608333333333334,"rgba(239, 83, 80, 1.0)",0.0,0.0,,,,87.42791171298626,38.93273904863557,False,False,True,False,False,,,,0.0,0.0,0.0,0.0,0,,,False,False,False,False,,,False,False,False,False,-26896.0,3713.5967491216943,False,False,False,False,38137.22642621935,False,False,False,False
2024-12-31 16:00:00+00:00,19.53,19.565,19.475,19.52,26930.0,,,,,,,,,,,,,,,,,,19.54107808405319,"rgba(239, 83, 80, 1.0)",0.0,0.0,,,,80.40394363104306,33.236055114218615,False,False,True,False,False,,,,0.0,0.0,0.0,0.0,0,,,False,False,False,False,,,False,False,False,False,-53826.0,2821.509977817482,False,False,False,False,37963.47097775083,False,False,False,False
2024-12-31 17:00:00+00:00,19.515,19.575,19.48,19.57,9661.0,,,,,,,,,,,,,,,,,,19.542320507564188,"rgba(38, 166, 154, 1.0)",0.0,0.0,,,,78.53454134547445,32.28977045229665,False,False,True,False,False,,,,0.0,0.0,0.0,0.0,0,,,False,False,False,False,,,False,False,False,False,-44165.0,2093.036954905583,False,False,False,False,37524.67297809578,False,False,False,False
2024-12-31 18:00:00+00:00,19.565,19.605,19.52,19.56,24516.0,,,,,,,,,,,,,,,,,,19.549924095614575,"rgba(239, 83, 80, 1.0)",0.0,0.0,,,,75.95624507775787,30.409889926212685,False,False,True,False,False,,,,0.0,0.0,0.0,0.0,0,,,False,False,False,False,,,False,False,False,False,-68681.0,995.765064131853,False,False,False,False,37322.98812572221,False,False,False,False
2024-12-31 19:00:00+00:00,19.565,19.65,19.555,19.62,42099.0,,,,,,,,,,,,,,,,,,19.57184190958679,"rgba(38, 166, 154, 1.0)",0.0,0.0,,,,76.81719469699436,30.409889926212685,False,False,True,False,False,,,,0.0,0.0,0.0,0.0,0,,,False,False,False,False,,,False,False,False,False,-26582.0,568.2028150755452,False,False,False,False,37397.03482144744,False,False,False,False
2024-12-31 20:00:00+00:00,19.615,19.65,19.57,19.615,87091.0,,,,,,,,,,,,,,,,,,19.59664027515777,"rgba(38, 166, 154, 1.0)",0.0,0.0,,,,76.75641797494683,30.409889926212685,False,False,True,False,False,,,,0.0,0.0,0.0,0.0,0,,,False,False,False,False,,,False,False,False,False,-113673.0,-1202.9786239178738,False,False,False,False,38167.48389398314,False,False,False,False
2025-01-01 15:00:00+00:00,19.615,19.615,19.615,19.615,0.0,,,,,,,,,,,,,,,,,,19.59664027515777,"rgba(38, 166, 154, 1.0)",0.0,0.0,,,,76.71590016024848,30.409889926212685,False,False,True,False,False,,,,0.0,0.0,0.0,0.0,0,,,False,False,False,False,,,False,False,False,False,-113673.0,-2946.699885562558,False,False,False,False,37575.73995764231,False,False,False,False
2025-01-01 16:00:00+00:00,19.615,19.615,19.615,19.615,0.0,,,,,,,,,,,,,,,,,,19.59664027515777,"rgba(38, 166, 154, 1.0)",0.0,0.0,,,,76.68888828378292,30.409889926212685,False,False,True,False,False,,,,0.0,0.0,0.0,0.0,1,,,False,False,False,False,,,False,False,False,False,-113673.0,-4663.386709042208,False,False,False,False,36993.17034589592,False,False,False,False
2025-01-01 17:00:00+00:00,19.615,19.615,19.615,19.615,0.0,,,,,,,,,,,,,,,,,,19.59664027515777,"rgba(38, 166, 154, 1.0)",0.0,0.0,,,,76.67088036613919,30.409889926212685,False,False,True,False,False,,,,0.0,0.0,0.0,0.0,1,,,False,False,False,False,,,False,False,False,False,-113673.0,-6353.458232933026,False,False,False,False,36419.63282115334,False,False,False,False
2025-01-01 18:00:00+00:00,19.615,19.615,19.615,19.615,0.0,,,,,,,,,,,,,,,,,,19.59664027515777,"rgba(38, 166, 154, 1.0)",0.0,0.0,,,,76.65887508771004,30.3054600534969,False,False,True,False,False,,,,0.0,0.0,0.0,0.0,1,,,False,False,False,False,,,False,False,False,False,-113673.0,-8017.327097538715,False,False,False,False,35854.98735105794,False,False,False,False
2025-01-01 19:00:00+00:00,19.615,19.615,19.615,19.615,0.0,,,,,,,,,,,,,,,,,,19.59664027515777,"rgba(38, 166, 154, 1.0)",0.0,0.0,,,,76.65087156875728,29.90263037095346,False,False,True,False,False,,,,0.0,0.0,0.0,0.0,1,,,False,False,False,False,,,False,False,False,False,-113673.0,-9655.39954563889,False,False,False,False,35299.096074297355,False,False,False,False
2025-01-01 20:00:00+00:00,19.615,19.615,19.615,19.615,0.0,,,,,,,,,,,,,,,,,,19.59664027515777,"rgba(38, 166, 154, 1.0)",0.0,0.0,,,,76.64553588945543,29.51506916279591,False,False,True,False,False,,,,0.0,0.0,0.0,0.0,1,,,False,False,False,False,,,False,False,False,False,-113673.0,-11268.075521675495,False,False,False,False,34751.82326694391,False,False,False,False
2025-01-02 15:00:00+00:00,19.705,19.745,19.635,19.68,68542.0,,,,,,,,,,,,,,,,,,19.63976560368405,"rgba(38, 166, 154, 1.0)",0.0,0.0,,,,79.89922735083466,27.063730600757523,False,False,True,False,True,,,,0.0,0.0,0.0,0.0,1,,,False,False,False,False,,,False,False,False,False,-45131.0,-11793.08210273479,False,False,False,False,35275.70197598354,False,False,False,False
2025-01-02 16:00:00+00:00,19.675,19.715,19.58,19.69,97973.0,,,,,,,,,,,,,,,,,,19.644079306393934,"rgba(38, 166, 154, 1.0)",0.0,0.0,,,,82.3741984381682,29.426407824249324,False,False,True,False,True,,,,0.0,0.0,0.0,0.0,1,,,False,False,False,False,,,False,False,False,False,52842.0,-10790.987806568359,False,False,False,False,36247.75310813883,False,False,False,False
2025-01-02 17:00:00+00:00,19.685,19.72,19.56,19.625,48521.0,,,,,,,,,,,,,,,,,,19.64183204300792,"rgba(38, 166, 154, 1.0)",0.0,0.0,,,,74.40489414544899,28.103571636941737,False,False,True,False,False,,,,0.0,0.0,0.0,0.0,0,,,False,False,False,False,,,False,False,False,False,4321.0,-10556.6934219704,False,False,False,False,36438.03600568706,False,False,False,False
2025-01-02 18:00:00+00:00,19.625,19.625,19.455,19.495,62000.0,,,,,,,,,,,,,,,,,,19.602744672081812,"rgba(239, 83, 80, 1.0)",0.0,0.0,,19.525,,60.78087297615325,16.174573086563143,False,False,True,False,False,,,,0.0,0.0,0.0,0.0,0,,,False,False,False,False,,,False,False,False,False,-57679.0,-11287.271818528998,False,False,False,False,36834.34552497874,False,False,False,False
2025-01-02 19:00:00+00:00,19.5,19.63,19.46,19.585,90447.0,,,,,,,,,,,,,,,,,,19.59673670234425,"rgba(239, 83, 80, 1.0)",0.0,0.0,,19.544776709282573,,57.22230881573276,13.840931813875272,False,False,True,False,False,,,,0.0,0.0,0.0,0.0,0,,,False,False,False,False,,,False,False,False,False,32768.0,-10604.244348474283,False,False,False,False,37665.549470327904,False,False,False,False
2025-01-02 20:00:00+00:00,19.585,19.75,19.585,19.735,205790.0,,,,,,,,,,,,,,,,,,19.642152411293974,"rgba(239, 83, 80, 1.0)",0.0,0.0,,19.62820053484146,,60.1482183279829,13.840931813875272,False,False,True,False,True,,,,0.0,0.0,0.0,0.0,0,,,False,False,False,False,,,False,False,False,False,238558.0,-6741.2638159397975,False,False,False,False,40272.13009869491,False,False,False,False
2025-01-03 15:00:00+00:00,19.595,19.695,19.575,19.64,74170.0,,,,,,,,,,,,,,,,,,19.640189292668165,"rgba(239, 83, 80, 1.0)",0.0,0.0,,19.629652715304488,,58.02903687442291,13.840931813875272,False,False,True,False,True,,,,0.0,0.0,0.0,0.0,1,,,False,False,False,False,,,False,False,False,False,164388.0,-4088.0969350725136,False,False,False,False,40797.67846925778,False,False,False,False
2025-01-03 16:00:00+00:00,19.645,19.65,19.55,19.65,81771.0,,,,,,,,,,,,,,,,,,19.636464328822132,"rgba(239, 83, 80, 1.0)",0.0,0.0,,19.627587511847388,,56.94644756807391,13.840931813875272,False,False,True,False,True,,,,0.0,0.0,0.0,0.0,1,,,False,False,False,False,,,False,False,False,False,246159.0,-208.29698259076895,False,False,False,False,41432.92376430804,False,False,False,False
2025-01-03 17:00:00+00:00,19.645,19.655,19.6,19.62,54080.0,,,,,,,,,,,,,,,,,,19.635304307133744,"rgba(239, 83, 80, 1.0)",0.0,0.0,,19.627341263416735,,54.99271080650635,12.852717170350715,False,False,True,False,False,,,,0.0,0.0,0.0,0.0,1,,,False,False,False,False,,,False,False,False,False,192079.0,2772.901420240096,False,False,False,False,41629.00246563659,False,False,False,False
2025-01-03 18:00:00+00:00,19.615,19.62,19.5,19.535,62855.0,,,,,,,,,,,,,,,,,,19.61728658265415,"rgba(239, 83, 80, 1.0)",0.0,0.0,,19.619804535796284,,50.676302817289354,8.60474497015037,False,False,False,False,False,,,,0.0,0.0,0.0,0.0,1,,,False,False,False,False,,,False,False,False,False,129224.0,4733.383568763505,False,False,False,False,41958.0876987275,False,False,False,False
2025-01-03 19:00:00+00:00,19.535,19.59,19.51,19.53,110820.0,,,,,,,,,,,,,,,,,,19.607276991058086,"rgba(239, 83, 80, 1.0)",0.0,0.0,,19.60838229327985,,47.636448901670256,5.595537664949404,False,False,False,True,False,,,,0.0,0.0,0.0,0.0,0,,,False,False,False,False,,,False,False,False,False,18404.0,4945.3311103330625,False,False,False,False,43025.71424603404,False,False,False,False
2025-01-03 20:00:00+00:00,19.525,19.675,19.51,19.635,160493.0,,,,,,,,,,,,,,,,,,19.609973185511848,"rgba(239, 83, 80, 1.0)",0.0,0.0,,19.608077175672392,,49.79382149895564,5.595537664949404,False,False,False,False,False,,,,0.0,0.0,0.0,0.0,1,,,False,False,False,False,,,False,False,False,False,178897.0,7642.256209397666,False,False,False,False,44846.912474777695,False,False,False,False
2025-01-06 15:00:00+00:00,19.695,19.765,19.615,19.73,64927.0,,,,,,,,,,,,,,,,,,19.617278070993255,"rgba(239, 83, 80, 1.0)",0.0,0.0,,19.614470598289007,,53.976213623003105,5.595537664949404,False,False,True,False,True,,,,0.0,0.0,0.0,0.0,1,,,False,False,False,False,,,False,False,False,False,243824.0,11303.988671267469,False,False,False,False,45158.23166121525,False,False,False,False
2025-01-06 16:00:00+00:00,19.725,19.82,19.715,19.77,83600.0,,,,,,,,,,,,,,,,,,19.647511095844546,"rgba(38, 166, 154, 1.0)",0.0,0.0,,19.69752161371631,,57.74761119893915,-0.27067090694092144,False,False,True,False,True,,,,0.0,0.0,0.0,0.0,1,,,False,False,False,False,,,False,False,False,False,327424.0,16205.074118224562,False,False,False,False,45754.228069568504,False,False,False,False
2025-01-06 17:00:00+00:00,19.765,19.765,19.69,19.7,50272.0,,,,,,,,,,,,,,,,,,19.64884287018514,"rgba(38, 166, 154, 1.0)",0.0,0.0,,19.690224891405215,,57.354458528607076,-0.27067090694092144,False,False,True,False,True,,,,0.0,0.0,0.0,0.0,1,,,False,False,False,False,,,False,False,False,False,277152.0,20250.762891585422,False,False,False,False,45824.271045234105,False,False,False,False
2025-01-06 18:00:00+00:00,19.705,19.705,19.61,19.61,71518.0,,,,,,,,,,,,,,,,,,19.644514134534283,"rgba(38, 166, 154, 1.0)",0.0,0.0,,19.671769356231614,,54.038823832191284,-0.27067090694092144,False,False,True,False,False,,,,0.0,0.0,0.0,0.0,1,,,False,False,False,False,,,False,False,False,False,205634.0,23124.92160644456,False,False,False,False,46222.6234321297,False,False,False,False
2025-01-06 19:00:00+00:00,19.615,19.62,19.58,19.62,49327.0,,,,,,,,,,,,,,,,,,19.640926817566974,"rgba(38, 166, 154, 1.0)",0.0,0.0,,19.661069114480163,,52.17622556120611,-0.27067090694092144,False,False,False,False,False,,,,0.0,0.0,0.0,0.0,1,,,False,False,False,False,,,False,False,False,False,254961.0,26719.27941099581,False,False,False,False,46270.75330139901,False,False,False,False
2025-01-06 20:00:00+00:00,19.615,19.67,19.57,19.605,125478.0,,,,,,,,,,,,,,,,,,19.63620246859898,"rgba(38, 166, 154, 1.0)",0.0,0.0,,19.64770614642261,,50.41127689722531,-0.27067090694092144,False,False,False,False,False,,,,0.0,0.0,0.0,0.0,1,,,False,False,False,False,,,False,False,False,False,129483.0,28312.515389119904,False,False,False,False,47498.77263005949,False,False,False,False
2025-01-07 15:00:00+00:00,19.63,19.65,19.51,19.61,62989.0,,,,,,,,,,,,,,,,,,19.633196783234997,"rgba(38, 166, 154, 1.0)",0.0,0.0,,19.641409942472507,,49.44717048576714,6.318779412078584,False,False,False,False,False,,,,0.0,0.0,0.0,0.0,1,,,False,False,False,False,,,False,False,False,False,192472.0,30857.623677660682,False,False,False,False,47738.931193934535,False,False,False,False
2025-01-07 16:00:00+00:00,19.605,19.62,19.49,19.5,74845.0,,,,,,,,,,,,,,,,,,19.62693644198282,"rgba(38, 166, 154, 1.0)",0.0,0.0,,19.630543000805748,,45.17663275981113,1.9748267238459505,False,False,False,True,False,,,,0.0,0.0,0.0,0.0,0,,,False,False,False,False,,,False,False,False,False,117627.0,32202.885326069045,False,False,False,False,48159.18032271074,False,False,False,False
2025-01-07 17:00:00+00:00,19.495,19.51,19.365,19.385,118846.0,,,,,,,,,,,,,,,,,,19.608625084231697,"rgba(38, 166, 154, 1.0)",0.0,0.0,,19.60266303321191,,39.7381304245655,-3.2387387122935465,False,False,False,True,False,,,,0.0,0.0,0.0,0.0,0,,,False,False,False,False,,,False,False,False,False,-1219.0,31684.71656132379,False,False,False,False,49255.10000762995,False,False,False,False
2025-01-07 18:00:00+00:00,19.395,19.53,19.36,19.48,48932.0,,,,,,,,,,,,,,,,,,19.584510914074414,"rgba(38, 166, 154, 1.0)",0.0,0.0,,19.549155797486907,,40.0186851205914,-3.2387387122935465,False,False,False,True,False,,,,0.0,0.0,0.0,0.0,0,,,False,False,False,False,,,False,False,False,False,47713.0,31933.217079752874,False,False,False,False,49250.09070518607,False,False,False,False
2025-01-07 19:00:00+00:00,19.475,19.555,19.47,19.51,43809.0,,,,,,,,,,,,,,,,,,19.585360443506232,"rgba(38, 166, 154, 1.0)",0.0,0.0,,19.555509628156372,,41.30077257125468,-3.2387387122935465,False,False,False,True,False,,,,0.0,0.0,0.0,0.0,0,,,False,False,False,False,,,False,False,False,False,91522.0,32857.07417929159,False,False,False,False,49165.73270975683,False,False,False,False
2025-01-07 20:00:00+00:00,19.505,19.51,19.455,19.49,89294.0,,,,,,,,,,,,,,,,,,19.579713881401037,"rgba(38, 166, 154, 1.0)",0.0,0.0,,19.55040216311915,,41.57334828111385,-3.2387387122935465,False,True,False,True,False,,,,0.0,0.0,0.0,0.0,0,,,False,False,False,False,,,False,False,False,False,2228.0,32382.20481217079,False,False,False,False,49787.87638867532,False,False,False,False
2025-01-08 15:00:00+00:00,19.555,19.63,19.42,19.48,114987.0,,,,,,,,,,,,,,,,,,19.565248350232714,"rgba(38, 166, 154, 1.0)",0.0,0.0,,19.549510771263453,,41.447531355327826,-3.2387387122935465,False,True,False,True,False,,,,0.0,0.0,0.0,0.0,0,,,False,False,False,False,,,False,False,False,False,-112759.0,30131.953574772793,False,False,False,False,50798.71551443229,False,False,False,False
2025-01-08 16:00:00+00:00,19.475,19.59,19.41,19.565,75496.0,,,,,,,,,,,,,,,,,,19.564433764238053,"rgba(38, 166, 154, 1.0)",0.0,0.0,,19.549443300439904,,44.75838805577777,-3.2387387122935465,False,True,False,True,True,,,,0.0,0.0,0.0,0.0,0,,,False,False,False,False,,,False,False,False,False,-37263.0,29087.070573613524,False,False,False,False,51181.619149867445,False,False,False,False
2025-01-08 17:00:00+00:00,19.565,19.6,19.445,19.58,68023.0,,,,,,,,,,,,,,,,,,19.565003346462575,"rgba(38, 166, 154, 1.0)",0.0,0.0,,19.550688341433446,,47.50433670142914,-8.031100075982593,False,True,False,False,True,,,,0.0,0.0,0.0,0.0,0,,,False,False,False,False,,,False,False,False,False,30760.0,29113.007463945098,False,False,False,False,51442.725829714465,False,False,False,False
2025-01-08 18:00:00+00:00,19.585,19.63,19.52,19.54,81441.0,,,,,,,,,,,,,,,,,,19.566851632474332,"rgba(38, 166, 154, 1.0)",0.0,0.0,,19.55345384694488,,47.73310514499999,-7.548973992194995,False,True,False,False,True,,,,0.0,0.0,0.0,0.0,1,,,False,False,False,False,,,False,False,False,False,-50681.0,27875.891069155252,False,False,False,False,51907.81535173439,False,False,False,False
2025-01-08 19:00:00+00:00,19.535,19.62,19.53,19.57,47734.0,,,,,,,,,,,,,,,,,,19.568011603117462,"rgba(38, 166, 154, 1.0)",0.0,0.0,,19.555168621338634,,49.11301353382355,-5.9336243870272725,False,True,False,False,True,,,,0.0,0.0,0.0,0.0,1,,,False,False,False,False,,,False,False,False,False,-2947.0,27398.016789013313,False,False,False,False,51843.105036203626,False,False,False,False
2025-01-08 20:00:00+00:00,19.575,19.74,19.56,19.735,125525.0,,,,,,,,,,,,,,,,,,19.590848175842876,"rgba(38, 166, 154, 1.0)",0.0,0.0,,19.597155762346,,54.93291534640536,-0.34316486040934535,False,True,True,False,True,,,,0.0,0.0,0.0,0.0,0,,,False,False,False,False,,,False,False,False,False,122578.0,28873.675443447217,False,False,False,False,52985.45999688264,False,False,False,False
2025-01-09 15:00:00+00:00,19.735,19.735,19.735,19.735,0.0,,,,,,,,,,,,,,,,,,19.590848175842876,"rgba(38, 166, 154, 1.0)",0.0,0.0,,19.597155762346,,58.81284988812657,3.2129763723954454,False,False,True,False,True,,,,0.0,0.0,0.0,0.0,0,,,False,False,False,False,,,False,False,False,False,122578.0,30326.455669130206,False,False,False,False,52163.97999693097,False,False,False,False
2025-01-09 16:00:00+00:00,19.735,19.735,19.735,19.735,0.0,,,,,,,,,,,,,,,,,,19.590848175842876,"rgba(38, 166, 154, 1.0)",0.0,0.0,,19.597155762346,,61.39947291594071,5.557704320350915,False,False,True,False,True,11.096105560445391,19.5926,,0.0,0.0,0.0,0.0,0,,,False,False,False,False,,,False,False,False,False,122578.0,31756.712170384002,False,False,False,False,51355.236121009555,False,False,False,False
2025-01-09 17:00:00+00:00,19.735,19.735,19.735,19.735,0.0,,,,,,,,,,,,,,,,,,19.590848175842876,"rgba(38, 166, 154, 1.0)",0.0,0.0,,19.597155762346,,63.1238882678168,7.188536029753429,False,False,True,False,True,11.096105560445391,19.599800000000002,,0.0,0.0,0.0,0.0,0,,,False,False,False,False,,,False,False,False,False,122578.0,33164.794152238515,False,False,False,False,50559.03090983111,False,False,False,False
2025-01-09 18:00:00+00:00,19.735,19.735,19.735,19.735,0.0,,,,,,,,,,,,,,,,,,19.590848175842876,"rgba(38, 166, 154, 1.0)",0.0,0.0,,19.597155762346,,64.27349850240086,8.400705799218528,True,False,True,False,True,11.096105560445391,19.604400000000002,,0.0,0.0,0.0,0.0,0,,,False,False,False,False,,,False,False,False,False,122578.0,34551.04540569218,False,False,False,False,49775.16996549264,False,False,False,False
2025-01-09 19:00:00+00:00,19.735,19.735,19.735,19.735,0.0,,,,,,,,,,,,,,,,,,19.590848175842876,"rgba(38, 166, 154, 1.0)",0.0,0.0,,19.597155762346,,65.0399053254569,9.365421750420126,True,False,True,False,True,11.096105560445391,19.6078,,0.0,0.0,0.0,0.0,0,,,False,False,False,False,,,False,False,False,False,122578.0,35915.80439165044,False,False,False,False,49003.46190401213,False,False,False,False
2025-01-09 20:00:00+00:00,19.735,19.735,19.735,19.735,0.0,,,,,,,,,,,,,,,,,,19.590848175842876,"rgba(38, 166, 154, 1.0)",0.0,0.0,,19.597155762346,,65.55084320749427,10.179163029268388,True,False,True,False,True,11.096105560445391,19.6113,,0.0,0.0,0.0,0.0,0,,,False,False,False,False,,,False,False,False,False,122578.0,37259.404323562834,False,False,False,False,48243.71830860109,False,False,False,False
2025-01-10 15:00:00+00:00,19.665,19.665,19.515,19.52,58570.0,,,,,,,,,,,,,,,,,,19.579780680223415,"rgba(38, 166, 154, 1.0)",0.0,0.0,,19.588427464224388,,55.33279978324757,11.317622922810116,False,False,True,False,False,0.0,19.6101,,0.0,0.0,0.0,0.0,0,,,False,False,False,False,,,False,False,False,False,64008.0,37674.11123327504,False,False,False,False,48403.81569916542,False,False,False,False
2025-01-10 16:00:00+00:00,19.525,19.56,19.405,19.41,101424.0,,,,,,,,,,,,,,,,,,19.548445722778176,"rgba(239, 83, 80, 1.0)",0.0,0.0,,19.566053187529192,,46.01996601018152,3.089091096723635,False,True,False,True,False,0.0,19.6068,,0.0,0.0,0.0,0.0,0,,,False,False,False,False,,,False,False,False,False,-37416.0,36509.92346221651,False,False,False,False,49225.83406041867,False,False,False,False
2025-01-10 17:00:00+00:00,19.41,19.495,19.38,19.43,161626.0,,,,,,,,,,,,,,,,,,19.52500443807294,"rgba(239, 83, 80, 1.0)",0.0,0.0,,19.543614439094075,,40.83085965842479,-1.1699163772521786,False,True,False,True,False,0.0,19.6049,,0.0,0.0,0.0,0.0,0,,,False,False,False,False,,,False,False,False,False,124210.0,37869.61457132943,False,False,False,False,50968.47229204008,False,False,False,False
2025-01-10 18:00:00+00:00,19.435,19.505,19.41,19.465,57607.0,,,,,,,,,,,,,,,,,,19.52177462257212,"rgba(239, 83, 80, 1.0)",0.0,0.0,,19.53951188254429,,39.14673253178594,-2.410336468020283,False,True,False,True,False,0.0,19.6038,,0.0,0.0,0.0,0.0,0,,,False,False,False,False,,,False,False,False,False,181817.0,40101.35698107626,False,False,False,False,51071.39520224101,False,False,False,False
2025-01-10 19:00:00+00:00,19.465,19.505,19.385,19.385,97116.0,,,,,,,,,,,,,,,,,,19.51337032268111,"rgba(239, 83, 80, 1.0)",0.0,0.0,,19.53085211126621,,36.06189455744355,-5.240435381978905,False,True,False,True,False,0.0,19.6001,,0.0,0.0,0.0,0.0,0,,,False,False,False,False,,,False,False,False,False,84701.0,40792.82431470298,False,False,False,False,51785.26504406673,False,False,False,False
2025-01-10 20:00:00+00:00,19.385,19.45,19.285,19.435,205927.0,,,,,,,,,,,,,,,,,,19.49442027097604,"rgba(239, 83, 80, 1.0)",0.0,0.0,,19.512163181398925,,36.42835179441217,-5.240435381978905,False,True,False,True,False,0.0,19.5976,,0.0,0.0,0.0,0.0,0,,,False,False,False,False,,,False,False,False,False,290628.0,44666.23789121921,False,False,False,False,54175.05938446879,False,False,False,False
2025-01-13 15:00:00+00:00,19.435,19.435,19.435,19.435,0.0,,,,,,,,,,,,,,,,,,19.49442027097604,"rgba(239, 83, 80, 1.0)",0.0,0.0,,19.512163181398925,,36.672656619057925,-5.240435381978905,False,True,False,True,False,0.0,19.593899999999998,,0.0,0.0,0.0,0.0,0,,,False,False,False,False,,,False,False,False,False,290628.0,48479.59854406852,False,False,False,False,53335.1359831592,False,False,False,False
2025-01-13 16:00:00+00:00,19.435,19.435,19.325,19.33,132112.0,,,,,,,,,,,,,,,,,,19.482976530034332,"rgba(239, 83, 80, 1.0)",0.0,0.0,,19.50088157081035,,34.159442224150595,-8.041633103892678,False,True,False,True,False,0.0,19.5882,,0.0,0.0,0.0,0.0,0,,,False,False,False,False,,,False,False,False,False,158516.0,50185.58926431552,False,False,False,False,54556.482712102465,False,False,False,False
2025-01-13 17:00:00+00:00,19.325,19.41,19.27,19.395,43700.0,,,,,,,,,,,,,,,,,,19.456331947810327,"rgba(239, 83, 80, 1.0)",0.0,0.0,,19.469633052988833,,35.57326627137865,-8.041633103892678,False,True,False,True,False,0.0,19.5838,,0.0,0.0,0.0,0.0,0,,,False,False,False,False,,,False,False,False,False,202216.0,52542.649895876515,False,False,False,False,54388.16515067452,False,False,False,False
2025-01-13 18:00:00+00:00,19.395,19.515,19.39,19.51,55690.0,,,,,,,,,,,,,,,,,,19.464820506971435,"rgba(239, 83, 80, 1.0)",0.0,0.0,,19.482016818361636,,40.75667084488403,-8.041633103892678,False,True,False,True,True,0.0,19.5817,,0.0,0.0,0.0,0.0,0,,,False,False,False,False,,,False,False,False,False,257906.0,55726.577804467575,False,False,False,False,54408.348636710565,False,False,False,False
2025-01-13 19:00:00+00:00,19.51,19.575,19.485,19.505,60685.0,,,,,,,,,,,,,,,,,,19.471967033678133,"rgba(239, 83, 80, 1.0)",0.0,0.0,,19.49060755588811,,44.04183886209491,-13.36089361183447,False,True,False,True,True,0.0,19.5795,,0.0,0.0,0.0,0.0,0,,,False,False,False,False,,,False,False,False,False,197221.0,57920.28977649133,False,False,False,False,54505.66106094761,False,False,False,False
2025-01-13 20:00:00+00:00,19.505,19.515,19.44,19.47,105797.0,,,,,,,,,,,,,,,,,,19.47348326109267,"rgba(239, 83, 80, 1.0)",0.0,0.0,,19.491303454508387,,45.00021142184509,-12.212848882929478,False,True,False,True,True,0.0,19.5766,,0.0,0.0,0.0,0.0,0,,,False,False,False,False,,,False,False,False,False,91424.0,58439.72714429766,False,False,False,False,55300.87561814222,False,False,False,False
2025-01-14 15:00:00+00:00,19.575,19.73,19.55,19.71,33090.0,,,,,,,,,,,,,,,,,,19.47994308255793,"rgba(38, 166, 154, 1.0)",0.0,0.0,,19.49808577901352,,52.014333447134234,-5.490226459719182,True,False,True,False,True,7.283561323567628,19.5785,,0.0,0.0,0.0,0.0,0,,,False,False,False,False,,,False,False,False,False,124514.0,59464.13447539382,False,False,False,False,54956.52095739583,False,False,False,False
2025-01-14 16:00:00+00:00,19.71,19.755,19.67,19.72,40430.0,,,,,,,,,,,,,,,,,,19.488790782610387,"rgba(38, 166, 154, 1.0)",0.0,0.0,,19.50715761337192,,56.87840749199191,-0.9989371684036001,True,False,True,False,True,7.622267168107403,19.5806,,0.0,0.0,0.0,0.0,0,,,False,False,False,False,,,False,False,False,False,164944.0,61099.481227713295,False,False,False,False,54731.303578211395,False,False,False,False
2025-01-14 17:00:00+00:00,19.72,19.88,19.705,19.875,20182.0,,,,,,,,,,,,,,,,,,19.49469396262848,"rgba(38, 166, 154, 1.0)",0.0,0.0,,19.513188431100055,,62.620857020485104,4.2457789513891555,True,False,True,False,True,12.561786313901642,19.584500000000002,,0.0,0.0,0.0,0.0,0,,,False,False,False,False,,,False,False,False,False,185126.0,63022.37299162471,False,False,False,False,54195.65546071974,False,False,False,False
2025-01-14 18:00:00+00:00,19.875,19.955,19.81,19.955,142992.0,,,,,,,,,,,,,,,,,,19.538079102886687,"rgba(38, 166, 154, 1.0)",0.0,0.0,,19.555946365828667,,67.44482778718182,8.603806382611758,True,False,True,False,True,14.882910820969435,19.5898,,0.0,0.0,0.0,0.0,0,,,False,False,False,False,,,False,False,False,False,328118.0,67132.38271268479,False,False,False,False,55572.34297295664,False,False,False,False
2025-01-14 19:00:00+00:00,19.955,20.005,19.875,19.895,98242.0,,,,,,,,,,,,,,,,,,19.562515917623564,"rgba(38, 166, 154, 1.0)",0.0,0.0,,19.578915650311036,,68.38150167763268,9.502250005496904,True,False,True,False,True,12.396476015710395,19.5952,,0.0,0.0,0.0,0.0,0,,,False,False,False,False,,,False,False,False,False,229876.0,69655.53956985247,False,False,False,False,56233.88804314336,False,False,False,False
2025-01-14 20:00:00+00:00,19.895,19.98,19.86,19.9,119141.0,,,,,,,,,,,,,,,,,,19.5865148810231,"rgba(38, 166, 154, 1.0)",0.0,0.0,,19.600843717303928,,69.0877183335532,10.468547691468736,True,False,True,False,True,12.543392665304136,19.6033,,0.0,0.0,0.0,0.0,0,,,False,False,False,False,,,False,False,False,False,349017.0,73986.72500287801,False,False,False,False,57209.192104489965,False,False,False,False
2025-01-15 15:00:00+00:00,20.245,20.245,20.115,20.165,216683.0,,,,,,,,,,,,,,,,,,19.7219947540872,"rgba(38, 166, 154, 1.0)",0.0,0.0,,19.747036385611587,,72.79988185201634,14.320713543001787,True,False,True,False,True,19.577487786041754,19.6149,,0.0,0.0,0.0,0.0,0,,,False,False,False,False,,,False,False,False,False,565700.0,81610.18663074037,False,False,False,False,59681.654242404846,False,False,False,False
2025-01-15 16:00:00+00:00,20.17,20.23,20.065,20.065,166159.0,,,,,,,,,,,,,,,,,,19.751270011717427,"rgba(38, 166, 154, 1.0)",0.0,0.0,,19.769908019751245,,71.99190996877478,14.320713543001787,True,False,True,False,True,15.646437162065908,19.6215,,0.0,0.0,0.0,0.0,0,,,False,False,False,False,,,False,False,False,False,399541.0,86539.34652793819,False,False,False,False,61332.46580453811,False,False,False,False
2025-01-15 17:00:00+00:00,20.065,20.065,19.64,20.01,231162.0,,,,,,,,,,,,,,,,,,19.788071190665928,"rgba(38, 166, 154, 1.0)",0.0,0.0,0.15875308041276212,19.768049438016803,1.5240684549497938,69.79719978171079,14.320713543001787,True,False,True,False,True,13.580135072907868,19.628899999999998,,0.0,0.0,0.0,0.0,0,,,False,False,False,False,,,False,False,False,False,168379.0,87808.17836471435,False,False,False,False,63965.48183857627,False,False,False,False
2025-01-15 18:00:00+00:00,20.02,20.125,20.0,20.125,106875.0,,,,,,,,,,,,,,,,,,19.80791618347688,"rgba(38, 166, 154, 1.0)",0.0,0.0,0.16682196368454655,19.780394517716534,2.0657081038507665,69.97615379810762,14.320713543001787,True,False,True,False,True,16.42876812671191,19.6384,,0.0,0.0,0.0,0.0,0,,,False,False,False,False,,,False,False,False,False,275254.0,90714.31513425366,False,False,False,False,64630.7456860402,False,False,False,False
2025-01-15 19:00:00+00:00,20.125,20.21,20.09,20.12,156088.0,,,,,,,,,,,,,,,,,,19.835515495347128,"rgba(38, 166, 154, 1.0)",0.0,0.0,0.1757023742705975,19.80081197202099,1.8166403800977182,69.93327721657226,14.320713543001787,True,False,True,False,True,16.241025064878762,19.6484,,0.0,0.0,0.0,0.0,0,,,False,False,False,False,,,False,False,False,False,119166.0,91155.42652752105,False,False,False,False,66048.68761338842,False,False,False,False
2025-01-15 20:00:00+00:00,20.12,20.195,20.02,20.045,209736.0,,,,,,,,,,,,,,,,,,19.856848548938594,"rgba(38, 166, 154, 1.0)",0.0,0.0,0.18180588103353354,19.81925598469827,1.2416760889054752,67.47094848098776,14.320713543001787,True,False,True,False,False,13.460693742574271,19.6586,,0.0,0.0,0.0,0.0,0,,,False,False,False,False,,,False,False,False,False,-90570.0,88337.97805422614,False,False,False,False,68276.3978829483,False,False,False,False
2025-01-16 15:00:00+00:00,20.02,20.085,19.885,19.945,73205.0,,,,,,,,,,,,,,,,,,19.858660811077954,"rgba(38, 166, 154, 1.0)",0.0,0.0,0.18492506395640465,19.821581487667853,0.6673974294865883,63.00347651729928,19.211323890060527,True,False,True,False,False,9.93919764312584,19.666900000000002,,0.0,0.0,0.0,0.0,0,,,False,False,False,False,,,False,False,False,False,-163775.0,84429.24971230015,False,False,False,False,68352.81031887158,False,False,False,False
2025-01-16 16:00:00+00:00,19.945,20.135,19.94,20.1,52989.0,,,,,,,,,,,,,,,,,,19.8624366865209,"rgba(38, 166, 154, 1.0)",0.0,0.0,0.19206047283401773,19.825112653880552,1.431254136071049,62.952074664130265,18.873255144588185,True,False,True,False,False,13.792951153352032,19.6762,,0.0,0.0,0.0,0.0,0,,,False,False,False,False,,,False,False,False,False,-110786.0,81402.65669350479,False,False,False,False,68114.61170927667,False,False,False,False
2025-01-16 17:00:00+00:00,20.105,20.145,20.04,20.105,35858.0,,,,,,,,,,,,,,,,,,19.86561120889248,"rgba(38, 166, 154, 1.0)",0.0,0.0,0.19881808426456593,19.827984573351134,1.3933110143051344,63.003127589221094,18.509099331895655,True,False,True,False,False,13.912056772762664,19.6837,,0.0,0.0,0.0,0.0,0,,,False,False,False,False,,,False,False,False,False,-74928.0,78978.92558197757,False,False,False,False,67614.5092021561,False,False,False,False
2025-01-16 18:00:00+00:00,20.105,20.165,20.025,20.115,67089.0,,,,,,,,,,,,,,,,,,19.871451450766706,"rgba(38, 166, 154, 1.0)",0.0,0.0,0.20501483136856857,19.833305928193944,1.374018015797279,63.22490172603581,18.26707842050351,True,False,True,False,False,14.153696829417505,19.690600000000003,,0.0,0.0,0.0,0.0,1,,,False,False,False,False,,,False,False,False,False,-7839.0,77632.9112318694,False,False,False,False,67606.3617726653,False,False,False,False
2025-01-16 19:00:00+00:00,20.115,20.17,20.05,20.155,92472.0,,,,,,,,,,,,,,,,,,19.87997755748168,"rgba(38, 166, 154, 1.0)",0.0,0.0,0.21185980406055854,19.8410623987053,1.481817670354135,64.15120376818416,18.26707842050351,True,False,True,False,False,15.120472485827026,19.6997,,0.0,0.0,0.0,0.0,1,,,False,False,False,False,,,False,False,False,False,84633.0,77741.43973990243,False,False,False,False,67991.87554363173,False,False,False,False
2025-01-16 20:00:00+00:00,20.155,20.295,20.15,20.24,340629.0,,,,,,,,,,,,,,,,,,19.920217880645815,"rgba(38, 166, 154, 1.0)",0.0,0.0,0.22126931126595462,19.87727898342602,1.6392739440401014,66.27815627814485,18.26707842050351,True,False,True,False,True,17.114779691795142,19.7123,,0.0,0.0,0.0,0.0,1,,,False,False,False,False,,,False,False,False,False,425262.0,83129.35540284969,False,False,False,False,72218.80770574596,False,False,False,False
2025-01-17 15:00:00+00:00,20.21,20.29,20.115,20.17,72005.0,,,,,,,,,,,,,,,,,,19.926409952933426,"rgba(38, 166, 154, 1.0)",0.0,0.0,0.22775100992646433,19.883148289011494,1.2594969878777948,65.1135009288808,18.26707842050351,True,False,True,False,True,14.606891649581677,19.7233,,0.0,0.0,0.0,0.0,1,,,False,False,False,False,,,False,False,False,False,353257.0,87317.38090047991,False,False,False,False,72215.49285759486,False,False,False,False
2025-01-17 16:00:00+00:00,20.165,20.335,20.165,20.245,106458.0,,,,,,,,,,,,,,,,,,19.990966807798305,"rgba(38, 166, 154, 1.0)",0.0,0.0,0.23633372723890408,19.943933268918773,1.273905060435521,65.78755542362887,18.26707842050351,True,False,True,False,True,16.35257286626896,19.7361,,0.0,0.0,0.0,0.0,1,,,False,False,False,False,,,False,False,False,False,459715.0,93090.98739814688,False,False,False,False,72746.38444119804,False,False,False,False
2025-01-17 17:00:00+00:00,20.245,20.25,20.19,20.215,131403.0,,,,,,,,,,,,,,,,,,19.998270377794586,"rgba(38, 166, 154, 1.0)",0.0,0.0,0.24343623024973177,19.950527282886757,1.0864147741769201,65.11830312839254,18.26707842050351,True,False,True,False,True,15.28735509623585,19.7482,,0.0,0.0,0.0,0.0,1,,,False,False,False,False,,,False,False,False,False,328312.0,96737.82480282678,False,False,False,False,73655.78933358255,False,False,False,False
2025-01-17 18:00:00+00:00,20.215,20.24,20.19,20.215,67333.0,,,,,,,,,,,,,,,,,,20.00223054434177,"rgba(38, 166, 154, 1.0)",0.0,0.0,0.2500780598853854,19.954295334098045,1.0424931560227213,64.67213493156831,18.13380904345783,True,False,True,False,True,15.28735509623585,19.7625,,0.0,0.0,0.0,0.0,1,,,False,False,False,False,,,False,False,False,False,328312.0,100328.12209270544,False,False,False,False,73557.76159197661,False,False,False,False
2025-01-17 19:00:00+00:00,20.215,20.255,20.165,20.17,68235.0,,,,,,,,,,,,,,,,,,20.005430126851337,"rgba(38, 166, 154, 1.0)",0.0,0.0,0.2551823583950085,19.95738319851864,0.8331955344351851,62.53206576730446,15.903804202968715,True,False,True,False,False,13.672455733307164,19.7782,,0.0,0.0,0.0,0.0,1,,,False,False,False,False,,,False,False,False,False,260077.0,102804.84888196582,False,False,False,False,73475.23815644208,False,False,False,False
2025-01-17 20:00:00+00:00,20.175,20.295,20.16,20.28,175133.0,,,,,,,,,,,,,,,,,,20.06457971766542,"rgba(38, 166, 154, 1.0)",0.0,0.0,0.2627746611119977,19.96974926311375,1.1806721986562363,63.78378549249217,15.903804202968715,True,False,True,False,False,16.291677662032697,19.7942,,0.0,0.0,0.0,0.0,1,,,False,False,False,False,,,False,False,False,False,435210.0,107958.41711635394,False,False,False,False,75051.32748734996,False,False,False,False
2025-01-20 15:00:00+00:00,20.28,20.28,20.28,20.28,0.0,,,,,,,,,,,,,,,,,,20.06457971766542,"rgba(38, 166, 154, 1.0)",0.0,0.0,0.2698585715678706,19.96974926311375,1.1496790155069072,64.61826530928397,15.903804202968715,True,False,True,False,True,16.291677662032697,19.8096,,0.0,0.0,0.0,0.0,0,,,False,False,False,False,,,False,False,False,False,435210.0,113032.08506803837,False,False,False,False,73887.74101467787,False,False,False,False
2025-01-20 16:00:00+00:00,20.28,20.28,20.28,20.28,0.0,,,,,,,,,,,,,,,,,,20.06457971766542,"rgba(38, 166, 154, 1.0)",0.0,0.0,0.27647317123803783,19.96974926311375,1.1221730321859333,65.17458518714517,15.903804202968715,True,False,True,False,True,16.291677662032686,19.825400000000002,,0.0,0.0,0.0,0.0,0,,,False,False,False,False,,,False,False,False,False,435210.0,118027.09150109204,False,False,False,False,72742.19464235728,False,False,False,False
2025-01-20 17:00:00+00:00,20.28,20.28,20.28,20.28,0.0,,,,,,,,,,,,,,,,,,20.06457971766542,"rgba(38, 166, 154, 1.0)",0.0,0.0,0.2826514104331039,19.96974926311375,1.0976443967176943,65.5454651057193,15.903804202968715,True,False,True,False,True,16.291677662032697,19.8414,,0.0,0.0,0.0,0.0,0,,,False,False,False,False,,,False,False,False,False,435210.0,122944.65597394333,False,False,False,False,71614.40867890988,False,False,False,False
2025-01-20 18:00:00+00:00,20.28,20.28,20.28,20.28,0.0,,,,,,,,,,,,,,,,,,20.06457971766542,"rgba(38, 166, 154, 1.0)",0.0,0.0,0.28878858503557603,19.96974926311375,1.0743178676817497,65.79271838476873,15.903804202968715,True,False,True,False,True,16.291677662032697,19.8557,,0.0,0.0,0.0,0.0,0,,,False,False,False,False,,,False,False,False,False,435210.0,127785.979137138,False,False,False,False,70504.10776915934,False,False,False,False
2025-01-20 19:00:00+00:00,20.28,20.28,20.28,20.28,0.0,,,,,,,,,,,,,,,,,,20.06457971766542,"rgba(38, 166, 154, 1.0)",0.0,0.0,0.2946194980795604,19.96974926311375,1.053055683376625,65.95755390413501,13.467994062896587,True,False,True,False,True,16.291677662032708,19.8697,,0.0,0.0,0.0,0.0,0,,,False,False,False,False,,,False,False,False,False,435210.0,132552.2430264847,False,False,False,False,69411.02082700183,False,False,False,False
2025-01-20 20:00:00+00:00,20.28,20.28,20.28,20.28,0.0,,,,,,,,,,,,,,,,,,20.06457971766542,"rgba(38, 166, 154, 1.0)",0.0,0.0,0.29975816078125145,19.96974926311375,1.035003471056974,66.0674442503792,13.807530803711558,True,False,True,False,True,16.291677662032708,19.8845,,0.0,0.0,0.0,0.0,0,,,False,False,False,False,,,False,False,False,False,435210.0,137244.61135165548,False,False,False,False,68334.88096921885,False,False,False,False
2025-01-21 15:00:00+00:00,20.495,20.705,20.41,20.665,66411.0,,,,,,,,,,,,,,,,,,20.25892494737233,"rgba(38, 166, 154, 1.0)",0.0,0.0,0.314575532687731,19.98447494735903,2.163312088599419,72.94774903864013,20.237175343538397,True,False,True,False,True,20.0,19.9064,,0.0,0.0,0.0,0.0,0,,,False,False,False,False,,,False,False,False,False,501621.0,142893.85768728872,False,False,False,False,68305.05335729299,False,False,False,False
2025-01-21 16:00:00+00:00,20.665,20.785,20.61,20.75,84151.0,,,,,,,,,,,,,,,,,,20.30407195008206,"rgba(38, 166, 154, 1.0)",0.0,0.0,0.3320942691520103,20.00543608128476,2.2420257977244082,78.11402780796597,24.706826624737914,True,False,True,False,True,20.0,19.9267,,0.0,0.0,0.0,0.0,0,,,False,False,False,False,,,False,False,False,False,585772.0,149760.1854750827,False,False,False,False,68550.72694865278,False,False,False,False
2025-01-21 17:00:00+00:00,20.755,20.785,20.735,20.775,74984.0,,,,,,,,,,,,,,,,,,20.334214084652398,"rgba(38, 166, 154, 1.0)",0.0,0.0,0.349923093223605,20.023705430876912,2.147027686003564,81.71794612113175,27.64079956151538,True,False,True,False,True,20.0,19.9475,,0.0,0.0,0.0,0.0,0,,,False,False,False,False,,,False,False,False,False,660756.0,157682.60120415117,False,False,False,False,68650.46761611552,False,False,False,False
2025-01-21 18:00:00+00:00,20.775,21.02,20.77,20.935,131624.0,,,,,,,,,,,,,,,,,,20.393316393415105,"rgba(38, 166, 154, 1.0)",0.0,0.0,0.3717254872050648,20.05903536365938,2.3564825832278413,84.96943034656802,30.301456185904172,True,False,True,False,True,20.0,19.971500000000002,,0.0,0.0,0.0,0.0,0,,,False,False,False,False,,,False,False,False,False,792380.0,167522.87095292402,False,False,False,False,69626.80145152459,False,False,False,False
2025-01-21 19:00:00+00:00,20.935,20.94,20.84,20.895,152572.0,,,,,,,,,,,,,,,,,,20.435804784734536,"rgba(38, 166, 154, 1.0)",0.0,0.0,0.3901685706377679,20.09375881051691,2.0535769659083107,85.2848590110411,30.393931285686108,True,False,True,False,True,20.0,19.9947,,0.0,0.0,0.0,0.0,0,,,False,False,False,False,,,False,False,False,False,639808.0,174845.12101566937,False,False,False,False,70912.77352204359,False,False,False,False
2025-01-21 20:00:00+00:00,20.895,20.945,20.81,20.91,255336.0,,,,,,,,,,,,,,,,,,20.484863482720954,"rgba(38, 166, 154, 1.0)",0.0,0.0,0.40735780142079525,20.142977824663408,1.8829200586348127,85.61245425832445,30.741713835852977,True,False,True,False,True,20.0,20.0182,,0.0,0.0,0.0,0.0,0,,,False,False,False,False,,,False,False,False,False,895144.0,186012.5454960466,False,False,False,False,73772.04835115919,False,False,False,False
2025-01-22 15:00:00+00:00,21.185,21.34,21.085,21.31,137818.0,,,,,,,,,,,,,,,,,,20.67922938391885,"rgba(38, 166, 154, 1.0)",0.0,0.0,0.437468680989683,20.312977192076392,2.2790724256375277,87.79204713969554,32.91109691983128,True,False,True,False,True,20.0,20.049699999999998,,0.0,0.0,0.0,0.0,0,,,False,False,False,False,,,False,False,False,False,1032962.0,199143.54479068154,False,False,False,False,74765.00884183889,False,False,False,False
2025-01-22 16:00:00+00:00,21.305,21.31,21.22,21.29,162093.0,,,,,,,,,,,,,,,,,,20.72767293054453,"rgba(38, 166, 154, 1.0)",0.0,0.0,0.4635587759267918,20.35036245811743,2.0270084198146257,88.52224401173643,33.75697784313127,True,False,True,False,True,20.0,20.0808,,0.0,0.0,0.0,0.0,0,,,False,False,False,False,,,False,False,False,False,870869.0,209557.89293346167,False,False,False,False,76118.93118537628,False,False,False,False
2025-01-22 17:00:00+00:00,21.295,21.31,21.045,21.075,145737.0,,,,,,,,,,,,,,,,,,20.74846561078652,"rgba(38, 166, 154, 1.0)",0.0,0.0,0.4807802592220952,20.37060004607865,1.4651182955412354,82.36385644663291,37.4803129321984,True,False,True,False,False,20.0,20.1119,,0.0,0.0,0.0,0.0,0,,,False,False,False,False,,,False,False,False,False,725132.0,217551.2899422452,False,False,False,False,77198.28108947897,False,False,False,False
2025-01-22 18:00:00+00:00,21.075,21.075,20.97,20.98,111600.0,,,,,,,,,,,,,,,,,,20.753650388412304,"rgba(38, 166, 154, 1.0)",0.0,0.0,0.4946321046180959,20.38000025652643,1.2130222399066257,75.94192586953524,31.72067895624248,True,False,True,False,False,20.0,20.1433,,0.0,0.0,0.0,0.0,0,,,False,False,False,False,,,False,False,False,False,613532.0,223690.52575709412,False,False,False,False,77731.64107258784,False,False,False,False
2025-01-22 19:00:00+00:00,20.985,21.115,20.975,21.07,103102.0,,,,,,,,,,,,,,,,,,20.762068238082122,"rgba(38, 166, 154, 1.0)",0.0,0.0,0.5102931678134892,20.39143676616996,1.3297517517970245,72.8368435051137,29.11882452952554,True,False,True,False,False,20.0,20.1761,,0.0,0.0,0.0,0.0,0,,,False,False,False,False,,,False,False,False,False,716634.0,231333.06024148024,False,False,False,False,78124.97997068724,False,False,False,False
2025-01-22 20:00:00+00:00,21.075,21.09,20.92,20.95,203540.0,,,,,,,,,,,,,,,,,,20.848445052362745,"rgba(38, 166, 154, 1.0)",0.0,0.0,0.5212947498452536,20.40933263526019,1.0371624976087097,67.98090595772271,24.819267376028108,False,False,True,False,False,20.0,20.2058,,0.0,0.0,0.0,0.0,0,,,False,False,False,False,,,False,False,False,False,513094.0,235701.446904403,False,False,False,False,80069.3988858704,False,False,False,False
2025-01-23 15:00:00+00:00,21.235,21.27,21.11,21.15,112079.0,,,,,,,,,,,,,,,,,21.176666666666666,20.869873348135304,"rgba(38, 166, 154, 1.0)",0.0,0.0,0.5359527342344129,20.4259665682157,1.3509277694395052,67.39234088949175,24.37210780997991,False,True,True,False,False,20.0,20.241100000000003,,0.0,0.0,0.0,0.0,0,,,False,False,False,False,,,False,False,False,False,625173.0,241739.7655570479,False,False,False,False,80565.67177136078,False,False,False,False
2025-01-23 16:00:00+00:00,21.15,21.175,21.01,21.055,107942.0,,,,,,,,,,,,,,,,,21.129242132947912,20.877583271825877,"rgba(38, 166, 154, 1.0)",0.0,0.0,0.5470542078316525,20.438031910799765,1.127800646385115,64.96152183819497,21.99567950839024,False,True,True,False,False,20.0,20.2735,,0.0,0.0,0.0,0.0,0,,,False,False,False,False,,,False,False,False,False,517231.0,246010.947486396,False,False,False,False,80990.11096870402,False,False,False,False
2025-01-23 17:00:00+00:00,21.055,21.115,21.03,21.09,39069.0,,,,,,,,,,,,,,,,,21.12156543414772,20.88011958210334,"rgba(38, 166, 154, 1.0)",0.0,0.0,0.5579697592632269,20.442272728911313,1.1608644739886638,63.83131632117377,20.73193831607591,False,True,True,False,False,20.0,20.3066,,0.0,0.0,0.0,0.0,0,,,False,False,False,False,,,False,False,False,False,556300.0,250821.63047110304,False,False,False,False,80340.17126376287,False,False,False,False
2025-01-23 18:00:00+00:00,21.095,21.11,21.06,21.095,48076.0,,,,,,,,,,,,,,,,,21.116364121246058,20.88343703058053,"rgba(38, 166, 154, 1.0)",0.0,0.0,0.568153322790785,20.447551585688846,1.1395663605923634,63.153298294990186,19.760234380526995,False,True,True,False,False,20.0,20.3419,,0.0,0.0,0.0,0.0,0,,,False,False,False,False,,,False,False,False,False,604376.0,256303.09356457432,False,False,False,False,79839.95155424716,False,False,False,False
2025-01-23 19:00:00+00:00,21.1,21.195,21.08,21.16,64853.0,,,,,,,,,,,,,,,,,21.121356131452067,20.889925994151614,"rgba(38, 166, 154, 1.0)",0.0,0.0,0.5776395584267684,20.45554459315557,1.2195414884033435,63.711271526205856,19.760234380526995,False,True,True,False,False,20.0,20.377200000000002,,0.0,0.0,0.0,0.0,0,,,False,False,False,False,,,False,False,False,False,669229.0,262705.04560233286,False,False,False,False,79607.59571619681,False,False,False,False
2025-01-23 20:00:00+00:00,21.16,21.16,21.05,21.075,162584.0,,,,,,,,,,,,,,,,,21.113340678347612,20.89993539836765,"rgba(38, 166, 154, 1.0)",0.0,0.0,0.5823619969533631,20.47257611657698,1.0344491683430739,61.82534216131347,17.722291176248092,False,True,True,False,False,20.0,20.4085,,0.0,0.0,0.0,0.0,0,,,False,False,False,False,,,False,False,False,False,506645.0,266487.06039919594,False,False,False,False,80894.05159656586,False,False,False,False
2025-01-24 15:00:00+00:00,21.09,21.13,21.005,21.075,46491.0,,,,,,,,,,,,,,,,,21.109873164525304,20.90198637746515,"rgba(38, 166, 154, 1.0)",0.0,0.0,0.587723712438231,20.476976969468033,1.0175240812575133,60.56805591805188,16.15418489699786,False,True,True,False,False,20.0,20.4399,,0.0,0.0,0.0,0.0,0,,,False,False,False,False,,,False,False,False,False,506645.0,270210.43930773553,False,False,False,False,80360.67095165786,False,False,False,False
2025-01-24 16:00:00+00:00,21.075,21.105,21.04,21.095,73475.0,,,,,,,,,,,,,,,,,21.106519918704777,20.90549462802798,"rgba(38, 166, 154, 1.0)",0.0,0.0,0.5931410281537556,20.483981660833894,1.03014006815208,60.15180822834518,15.357191994071258,False,True,True,False,False,20.0,20.4724,,0.0,0.0,0.0,0.0,0,,,False,False,False,False,,,False,False,False,False,580120.0,275015.23869831325,False,False,False,False,80253.91636326007,False,False,False,False
2025-01-24 17:00:00+00:00,21.095,21.12,21.05,21.07,29969.0,,,,,,,,,,,,,,,,,21.105358879516793,20.906884025495664,"rgba(38, 166, 154, 1.0)",0.0,0.0,0.5969349867266905,20.486790704948685,0.9770063876626821,59.069363346556656,13.93109931337181,False,True,True,False,False,20.0,20.4996,,0.0,0.0,0.0,0.0,0,,,False,False,False,False,,,False,False,False,False,550151.0,279280.9094161688,False,False,False,False,79474.30525685294,False,False,False,False
2025-01-24 18:00:00+00:00,21.07,21.1,20.95,20.955,92570.0,,,,,,,,,,,,,,,,,21.093006943693798,20.907748055209773,"rgba(38, 166, 154, 1.0)",0.0,0.0,0.5976980466380758,20.493588729452558,0.7719805563072869,55.04706510407297,9.89662686516089,False,True,True,False,False,16.966139340302938,20.524299999999997,,0.0,0.0,0.0,0.0,1,,,False,False,False,False,,,False,False,False,False,457581.0,282045.2519058406,False,False,False,False,79677.33928387848,False,False,False,False
2025-01-24 19:00:00+00:00,20.955,21.025,20.93,20.945,114137.0,,,,,,,,,,,,,,,,,21.07682721735699,20.907288603013995,"rgba(38, 166, 154, 1.0)",0.0,0.0,0.5989862908085575,20.500861765763794,0.7414831375133384,52.10329222219779,7.045457309364281,False,True,False,False,False,16.67720899750402,20.5457,,0.0,0.0,0.0,0.0,0,,,False,False,False,False,,,False,False,False,False,343444.0,282997.17048094387,False,False,False,False,80211.59758955477,False,False,False,False
2025-01-24 20:00:00+00:00,20.945,21.035,20.82,21.035,258043.0,,,,,,,,,,,,,,,,,21.051345090757636,20.906947630099246,"rgba(38, 166, 154, 1.0)",0.0,0.0,0.6014410023263274,20.516514730771405,0.8620717031647893,52.73878284916321,7.045457309364281,False,True,True,False,False,18.312770439267123,20.5673,,0.0,0.0,0.0,0.0,1,,,False,False,False,False,,,False,False,False,False,601487.0,287934.9972951928,False,False,False,False,82968.67359591827,False,False,False,False
2025-01-27 15:00:00+00:00,20.395,20.41,20.01,20.135,177983.0,,,,,,,,,,,,,,,,,20.935170851820512,20.85909821274423,"rgba(239, 83, 80, 1.0)",0.0,0.0,0.5959516804283915,20.499079804241614,-0.6109216840867008,42.00383744999399,-2.2979837857689844,False,True,False,True,False,0.0,20.5721,,0.0,0.0,0.0,0.0,0,,,False,False,False,False,,,False,False,False,False,423504.0,290036.8422983681,False,False,False,False,84441.76392776449,False,False,False,False
2025-01-27 16:00:00+00:00,20.135,20.2,19.84,19.92,258189.0,,,,,,,,,,,,,,,,,20.780708836341923,20.784987495254416,"rgba(239, 83, 80, 1.0)",0.0,0.0,0.5919099715450256,20.467665713340637,-0.9252517100043057,33.86986590695242,-9.314718868006842,False,True,False,True,False,0.0,20.5725,,0.0,0.0,0.0,0.0,0,,,False,False,False,False,,,False,False,False,False,165315.0,288103.17032474995,False,False,False,False,87135.51952578365,False,False,False,False
2025-01-27 17:00:00+00:00,19.925,19.975,19.81,19.825,119061.0,,,,,,,,,,,,,,,,,20.717095712910936,20.75112826773385,"rgba(239, 83, 80, 1.0)",0.0,0.0,0.5909322075110583,20.452158546465697,-1.0613037138510697,28.058360740541705,-14.102658791863739,False,True,False,True,False,0.0,20.565700000000003,,0.0,0.0,0.0,0.0,0,,,False,False,False,False,,,False,False,False,False,46254.0,284353.5707848313,False,False,False,False,87630.48821530638,False,False,False,False
2025-01-27 18:00:00+00:00,19.825,19.835,19.52,19.685,243453.0,,,,,,,,,,,,,,,,,20.587482041170293,20.572227690463503,"rgba(239, 83, 80, 1.0)",0.0,0.0,0.5915558733977458,20.33357826622458,-1.0963939255633024,23.641659493578235,-17.736167377600204,False,True,False,True,False,0.0,20.5581,,0.0,0.0,0.0,0.0,0,,,False,False,False,False,,,False,False,False,False,-197199.0,276887.63945483393,False,False,False,False,90046.3411111931,False,False,False,False
2025-01-27 19:00:00+00:00,19.685,19.77,19.6,19.63,169465.0,,,,,,,,,,,,,,,,,20.513786422340065,20.528487428297368,"rgba(239, 83, 80, 1.0)",0.0,0.0,0.592926776391639,20.31193953706734,-1.1501243732276751,20.49027073924946,-20.41606087846368,False,True,False,True,False,0.0,20.550500000000003,,0.0,0.0,0.0,0.0,0,,,False,False,False,False,,,False,False,False,False,-366664.0,266910.09465708456,False,False,False,False,91277.63814822887,False,False,False,False
2025-01-27 20:00:00+00:00,19.63,19.83,19.58,19.82,462489.0,,,,,,,,,,,,,,,,,20.37567168476536,20.44258893721787,"rgba(239, 83, 80, 1.0)",0.0,0.0,0.5920018565834205,20.270612203096587,-0.7611668748763278,22.396595888668827,-20.41606087846368,False,True,False,True,False,0.0,20.5444,,0.0,0.0,0.0,0.0,0,,,False,False,False,False,,,False,False,False,False,95825.0,264257.6125693778,False,False,False,False,97032.85306065943,False,False,False,False
2025-01-28 15:00:00+00:00,19.815,20.09,19.81,19.995,233284.0,,,,,,,,,,,,,,,,,20.34161696961812,20.421889794802865,"rgba(239, 83, 80, 1.0)",0.0,0.0,0.5896715531044034,20.263410734990213,-0.45518684694408007,26.785419564672296,-20.41606087846368,False,True,False,True,True,0.0,20.541900000000002,,0.0,0.0,0.0,0.0,0,,,False,False,False,False,,,False,False,False,False,329109.0,265263.0604365192,False,False,False,False,99145.2739434399,False,False,False,False
2025-01-28 16:00:00+00:00,19.995,20.14,19.98,19.99,159043.0,,,,,,,,,,,,,,,,,20.325299321558884,20.411414196031547,"rgba(239, 83, 80, 1.0)",0.0,0.0,0.5873422732495636,20.260347947244355,-0.460290293338864,29.663197748593916,-29.721712792874875,False,True,False,True,True,0.0,20.5408,,0.0,0.0,0.0,0.0,0,,,False,False,False,False,-0.07178975526966198,-0.07178975526966198,False,False,False,False,170066.0,263787.13701889873,False,False,False,False,100073.92085904547,False,False,False,False
2025-01-28 17:00:00+00:00,19.995,20.26,19.97,20.225,104315.0,,,,,,,,,,,,,,,,,20.31941208662027,20.407960866606732,"rgba(239, 83, 80, 1.0)",0.0,0.0,0.5841173598602506,20.2605532105501,-0.0608665535271961,35.38466932495989,-24.203569962012416,False,True,False,True,True,0.27765762327864607,20.5464,,0.0,0.0,0.0,0.0,0,1.012507271669575,0.915939499709133,False,False,False,False,-0.06437450523277319,-0.06808213025121759,False,False,False,False,274381.0,263951.3829565902,False,False,False,False,100139.6740240215,False,False,False,False
2025-01-28 18:00:00+00:00,20.23,20.235,20.1,20.17,80525.0,,,,,,,,,,,,,,,,,20.315558665482033,20.405544464637572,"rgba(239, 83, 80, 1.0)",0.0,0.0,0.5776473954875355,20.26076318016689,-0.15712557673749078,38.505208363053384,-21.141685653371624,False,True,False,True,True,0.0,20.5478,,0.0,0.0,0.0,0.0,0,1.0102159953298306,0.9279042615294802,False,False,False,False,-0.046318825276384305,-0.05720047776380095,False,False,False,False,193856.0,262864.63283323223,False,False,False,False,99835.57055078086,False,False,False,False
2025-01-28 19:00:00+00:00,20.175,20.28,20.15,20.24,98575.0,,,,,,,,,,,,,,,,,20.31276627186826,20.403906080122493,"rgba(239, 83, 80, 1.0)",0.0,0.0,0.5686901102019112,20.26184984934561,-0.03842136332888327,41.68754282260488,-17.929247905968005,False,True,False,True,True,0.5428862039861535,20.550499999999996,,0.0,0.0,0.0,0.0,0,1.0049490538573507,0.9272197962154292,False,False,False,False,-0.030009020461580008,-0.04360474911269048,False,False,False,False,292431.0,263323.0261226395,False,False,False,False,99816.02682131137,False,False,False,False
2025-01-28 20:00:00+00:00,20.245,20.39,20.22,20.365,226853.0,,,,,,,,,,,,,,,,,20.313563182018704,20.405224003222994,"rgba(38, 166, 154, 1.0)",0.0,0.0,0.5598000930190752,20.26761259462538,0.17396818362318525,45.66710550798993,-13.94370375575319,False,True,False,True,True,2.6299174475418887,20.5555,,0.0,0.0,0.0,0.0,0,1.006371271358239,0.9235447437011293,False,False,False,False,0.0008571258796595226,-0.021373811616515477,False,False,False,False,519284.0,267291.41331453656,False,False,False,False,101785.59229694995,False,False,False,False
2025-01-29 15:00:00+00:00,20.605,20.65,20.475,20.585,44799.0,,,,,,,,,,,,,,,,,20.31682007577798,20.426899018758554,"rgba(38, 166, 154, 1.0)",0.0,0.0,0.5520902132836857,20.27052718275003,0.5696040423893234,51.02879274659975,-8.729924732963582,False,True,True,False,True,6.098393445985575,20.5641,,0.0,0.0,0.0,0.0,0,1.0145672664952867,0.9111682376463865,False,False,False,False,0.08938009048393049,0.0340031394337075,False,False,False,False,564083.0,271892.8332631484,False,False,False,False,100902.07923808252,False,False,False,False
2025-01-29 16:00:00+00:00,20.585,20.61,20.485,20.535,39162.0,,,,,,,,,,,,,,,,,20.319307318729965,20.42733468032512,"rgba(38, 166, 154, 1.0)",0.0,0.0,0.5417663802884354,20.272811790629778,0.4839506822675746,53.72058231678008,-6.011626678743681,False,False,True,False,True,5.206911267769659,20.57,,0.0,0.0,0.0,0.0,0,1.0153758542141225,0.9148633257403187,False,False,False,False,0.08419838700340987,0.059100763218558686,False,False,False,False,524921.0,275815.750576898,False,False,False,False,99944.86870725953,False,False,False,False
2025-01-29 17:00:00+00:00,20.535,20.56,20.48,20.495,38487.0,,,,,,,,,,,,,,,,,20.321360964716035,20.42714975446055,"rgba(38, 166, 154, 1.0)",0.0,0.0,0.531811014322737,20.274780632193128,0.4140932810263871,54.78302519375939,-4.649174299856028,False,False,True,False,True,4.493571663915535,20.5765,,0.0,0.0,0.0,0.0,0,1.0166858457997696,0.9263521288837744,False,False,False,False,0.0747100985152815,0.0669054308669201,False,False,False,False,486434.0,279081.14979276,False,False,False,False,98992.03353350358,False,False,False,False
2025-01-29 18:00:00+00:00,20.495,20.565,20.445,20.52,75003.0,,,,,,,,,,,,,,,,,20.325205691217747,20.428533516647718,"rgba(38, 166, 154, 1.0)",0.0,0.0,0.5213734201541803,20.278438646304007,0.4633173544300705,55.85705951850687,-3.113249346617337,False,False,True,False,True,4.89123067612687,20.581999999999997,,0.0,0.0,0.0,0.0,0,1.0172314761631243,0.9138426191843766,False,False,False,False,0.06954043046405944,0.06822293066548976,False,False,False,False,561437.0,283458.7598734924,False,False,False,False,98620.11053298414,False,False,False,False
2025-01-29 19:00:00+00:00,20.525,20.55,20.41,20.515,26200.0,,,,,,,,,,,,,,,,,20.326382451282644,20.427812129842437,"rgba(38, 166, 154, 1.0)",0.0,0.0,0.5075216411309383,20.279589309746385,0.46384364956149926,56.462943243061645,-1.9135316376787017,False,False,True,False,True,4.799379325291895,20.587999999999997,,0.0,0.0,0.0,0.0,0,1.0148954454311083,0.9154969922658261,False,False,False,False,0.0609324198766861,0.06457767527108793,False,False,False,False,535237.0,287362.29848010495,False,False,False,False,97497.31812162005,False,False,False,False
2025-01-29 20:00:00+00:00,20.515,20.575,20.46,20.54,107447.0,,,,,,,,,,,,,,,,,20.331978408446986,20.435195908261974,"rgba(38, 166, 154, 1.0)",0.0,0.0,0.494690958219543,20.28468488648385,0.5161103296390597,57.304892310026545,-0.44066473217500146,False,False,True,False,True,5.208763694518101,20.594500000000004,,0.0,0.0,0.0,0.0,0,1.0154418072633684,0.9159279382327709,False,False,False,False,0.07384821775214319,0.06921294651161555,False,False,False,False,642684.0,292871.16206956067,False,False,False,False,97651.57675539337,False,False,False,False
2025-01-30 15:00:00+00:00,20.815,20.895,20.75,20.88,172323.0,,,,,,,,,,,,,,,,,20.354013592514097,20.486899348062888,"rgba(38, 166, 154, 1.0)",0.0,0.0,0.48696612716803556,20.30080651048577,1.1893917404123022,62.268659680647325,4.740335599736589,True,False,True,False,True,10.434012061100837,20.6087,,0.0,0.0,0.0,0.0,0,1.0177514792899405,0.9095519864750632,False,False,False,False,0.18021153587666489,0.12471224119414022,False,False,False,False,815007.0,300966.2913398,False,False,False,False,98809.27323980587,False,False,False,False
2025-01-30 16:00:00+00:00,20.88,20.95,20.83,20.84,87590.0,,,,,,,,,,,,,,,,,20.365180116740568,20.503831182339457,"rgba(38, 166, 154, 1.0)",0.0,0.0,0.47779087173903223,20.308896125909722,1.111582295737882,64.59402155062674,7.273323341180607,True,False,True,False,True,9.672974900044224,20.619899999999998,,0.0,0.0,0.0,0.0,0,1.021366319932527,0.9066629181894854,False,False,False,False,0.2042210646347802,0.16446665291446022,False,False,False,False,727417.0,307577.93023375655,False,False,False,False,98635.33101903369,False,False,False,False
2025-01-30 17:00:00+00:00,20.845,20.9,20.815,20.885,108776.0,,,,,,,,,,,,,,,,,20.378223076481657,20.519995997351188,"rgba(38, 166, 154, 1.0)",0.0,0.0,0.4673241539497963,20.31836824185169,1.212502613783544,66.64859388831022,9.548146931210937,True,False,True,False,True,10.334240440926976,20.632,,0.0,0.0,0.0,0.0,0,1.017907106883044,0.9079462786793507,False,False,False,False,0.19263357274191076,0.1785501128281855,False,False,False,False,836193.0,315773.51271075255,False,False,False,False,98792.5506931572,False,False,False,False
2025-01-30 18:00:00+00:00,20.885,20.96,20.87,20.93,123341.0,,,,,,,,,,,,,,,,,20.393742984510357,20.538372545805156,"rgba(38, 166, 154, 1.0)",0.0,0.0,0.4625821865131731,20.3295257765072,1.298091973707465,68.52947937776106,11.665922551502653,True,False,True,False,True,10.99534250417721,20.645,,0.0,0.0,0.0,0.0,0,1.0208797327394208,0.9050668151447658,False,False,False,False,0.21317131721874952,0.19586071502346752,False,False,False,False,959534.0,325754.29545942304,False,False,False,False,99173.14680644158,False,False,False,False
2025-01-30 19:00:00+00:00,20.935,20.995,20.91,20.97,120257.0,,,,,,,,,,,,,,,,,20.40908355227146,20.55550123495489,"rgba(38, 166, 154, 1.0)",0.0,0.0,0.45798749933767746,20.340514011665007,1.3744610698879949,70.24363186771919,13.634811749253458,True,False,True,False,True,11.583398249571914,20.6588,,0.0,0.0,0.0,0.0,0,1.0229980604045439,0.9035743973399831,False,False,False,False,0.22666053442212591,0.21126062472279672,False,False,False,False,1079791.0,337444.7870026878,False,False,False,False,99500.02825130295,False,False,False,False
2025-01-30 20:00:00+00:00,20.975,21.15,20.87,21.09,309579.0,,,,,,,,,,,,,,,,,20.45011133948138,20.656479313680602,"rgba(38, 166, 154, 1.0)",0.0,0.0,0.45783929475291896,20.436492699712506,1.427372678092584,72.64980650570327,16.227753221165074,True,False,True,False,True,13.318236077725402,20.675,,0.0,0.0,0.0,0.0,0,1.020463847203274,0.8965893587994541,False,False,False,False,0.2475044715507557,0.22938254813677622,False,False,False,False,1389370.0,353753.7050336539,False,False,False,False,102757.06657298819,False,False,False,False
2025-01-31 15:00:00+00:00,20.795,20.85,20.705,20.815,57737.0,,,,,,,,,,,,,,,,,20.454205483963754,20.65315652842424,"rgba(38, 166, 154, 1.0)",0.0,0.0,0.45489888986458404,20.43547679407402,0.834302334830843,67.26463805777655,16.227753221165074,True,False,True,False,False,8.00814467913128,20.6857,,0.0,0.0,0.0,0.0,0,1.0005344735435593,0.9019241047568144,False,False,False,False,0.1643202619122424,0.19685140502450932,False,False,False,False,1331633.0,368914.6243354577,False,False,False,False,102059.08104472481,False,False,False,False
2025-01-31 16:00:00+00:00,20.815,20.91,20.755,20.76,95500.0,,,,,,,,,,,,,,,,,20.46112328288527,20.651365444529322,"rgba(38, 166, 154, 1.0)",0.0,0.0,0.45013383395219253,20.436381095032864,0.7189393032862046,62.593454875900775,19.485110650761058,True,False,True,False,False,7.00195527946935,20.695299999999996,,0.0,0.0,0.0,0.0,0,1.003180492976411,0.899549430161675,False,False,False,False,0.18375491656357368,0.1903031607940415,False,False,False,False,1236133.0,382359.8704697917,False,False,False,False,101957.38986573683,False,False,False,False
2025-01-31 17:00:00+00:00,20.765,20.8,20.615,20.615,71403.0,,,,,,,,,,,,,,,,,20.464226115581315,20.646074863604152,"rgba(38, 166, 154, 1.0)",0.0,0.0,0.4444091836613579,20.434999635798874,0.40503295345553725,56.89676831217017,14.279225584808813,False,False,True,False,False,4.41239189985469,20.6943,,0.0,0.0,0.0,0.0,0,0.9957716701902746,0.9114693446088793,False,False,False,False,0.13976003595808298,0.16503159837606224,False,False,False,False,1164730.0,394489.63991987245,False,False,False,False,101483.67839495021,False,False,False,False
2025-01-31 18:00:00+00:00,20.615,20.675,20.55,20.565,52630.0,,,,,,,,,,,,,,,,,20.465616637045578,20.640876237333536,"rgba(38, 166, 154, 1.0)",0.0,0.0,0.44239853012808683,20.433322355970073,0.29764484975075184,52.288621822055816,10.15070841137851,False,False,False,False,False,3.5396869699443947,20.6906,,0.0,0.0,0.0,0.0,0,0.9952406134320465,0.9164463246959278,False,False,False,False,0.10668865044248649,0.13586012440927436,False,False,False,False,1112100.0,405615.3819366186,False,False,False,False,100726.25702448587,False,False,False,False
2025-01-31 19:00:00+00:00,20.565,20.585,20.475,20.505,39941.0,,,,,,,,,,,,,,,,,20.466059706121364,20.63596834754498,"rgba(239, 83, 80, 1.0)",0.0,0.0,0.43901838702288626,20.43153521846332,0.16733873502398136,48.25065480237804,6.509017392773387,False,False,False,True,False,2.49684537126139,20.6852,,0.0,0.0,0.0,0.0,0,0.9923117709437964,0.9212619300106041,False,False,False,False,0.07815874263163201,0.1070094335204532,False,False,False,False,1072159.0,415949.3915189966,False,False,False,False,99783.84993883493,False,False,False,False
2025-01-31 20:00:00+00:00,20.505,20.545,20.44,20.48,148937.0,,,,,,,,,,,,,,,,,20.466697460830428,20.61909109130432,"rgba(239, 83, 80, 1.0)",0.0,0.0,0.43470624854326106,20.425746290173013,0.12480545197773549,45.149293106616526,3.6410740036587157,False,True,False,True,False,2.061803526142885,20.676099999999998,,0.0,0.0,0.0,0.0,0,0.9960095770151637,0.918063314711359,False,False,False,False,0.06523521842704227,0.08612232597374773,False,False,False,False,923222.0,423814.08312335325,False,False,False,False,100545.9142808685,False,False,False,False
2025-02-03 15:00:00+00:00,20.515,20.76,20.365,20.695,74829.0,,,,,,,,,,,,,,,,,20.46868245602864,20.617948291634377,"rgba(239, 83, 80, 1.0)",0.0,0.0,0.43224456082221974,20.442252141015576,0.5847334631664188,47.726997073552155,3.6410740036587157,False,False,False,True,False,5.486247887219712,20.6721,,0.0,0.0,0.0,0.0,0,0.9918506834910618,0.907991587802313,False,False,False,False,0.08938009048393049,0.08775120822883911,False,False,False,False,998051.0,432716.9810594253,False,False,False,False,100147.20243155271,False,False,False,False
2025-02-03 16:00:00+00:00,20.69,20.835,20.635,20.815,85822.0,,,,,,,,,,,,,,,,,20.473371592513594,20.630159345618143,"rgba(239, 83, 80, 1.0)",0.0,0.0,0.43029622103601095,20.452730938496032,0.8419062120316683,51.41430839896378,3.6410740036587157,False,False,False,False,True,7.296596875049531,20.6702,,0.0,0.0,0.0,0.0,0,0.9994752033586984,0.9105221726580948,False,False,False,False,0.14938712498094137,0.11856916660489024,False,False,False,False,1083873.0,442812.42321354273,False,False,False,False,99925.10626982321,False,False,False,False
2025-02-03 17:00:00+00:00,20.815,20.85,20.69,20.76,104693.0,,,,,,,,,,,,,,,,,20.478988212075937,20.636380433005286,"rgba(239, 83, 80, 1.0)",0.0,0.0,0.4266007796819639,20.459123765005092,0.7052875881268111,52.68276620690601,3.6410740036587157,False,False,True,False,True,6.306287091520062,20.659200000000002,,0.0,0.0,0.0,0.0,0,1.004985568092364,0.9089477827341902,False,False,False,False,0.16167990449270342,0.14012453554879684,False,False,False,False,979180.0,451128.19959782885,False,False,False,False,99999.02710284921,False,False,False,False
2025-02-03 18:00:00+00:00,20.76,20.865,20.73,20.78,60233.0,,,,,,,,,,,,,,,,,20.48239563725799,20.639898608928704,"rgba(239, 83, 80, 1.0)",0.0,0.0,0.4208969615621942,20.462644814438416,0.7539973308044196,53.890157806452706,-4.236178412339584,True,False,True,False,True,6.611647385936891,20.649,,0.0,0.0,0.0,0.0,0,1.008381351492928,0.9059717129387111,False,False,False,False,0.17137243431644542,0.1557484849326211,False,False,False,False,1039413.0,460248.8941777075,False,False,False,False,99382.49955086705,False,False,False,False
2025-02-03 19:00:00+00:00,20.785,20.845,20.76,20.825,90129.0,,,,,,,,,,,,,,,,,20.487651977154318,20.645182319852317,"rgba(239, 83, 80, 1.0)",0.0,0.0,0.41798656170480075,20.467822491772253,0.8545191184399837,55.53693745947992,-2.2186617643216167,True,False,True,False,True,7.302561797928671,20.644000000000002,,0.0,0.0,0.0,0.0,0,1.0073221757322175,0.9074267782426777,False,False,False,False,0.17313809152200477,0.16444328822731294,False,False,False,False,1129542.0,470625.5314772779,False,False,False,False,99239.03444155128,False,False,False,False
2025-02-03 20:00:00+00:00,20.825,20.845,20.715,20.735,204912.0,,,,,,,,,,,,,,,,,20.49741313628934,20.6498556489276,"rgba(239, 83, 80, 1.0)",0.0,0.0,0.4143835647546541,20.474716740372664,0.6281215805010099,54.378000711855414,-2.2186617643216167,True,False,True,False,True,5.6399296642340175,20.6391,,0.0,0.0,0.0,0.0,0,1.01019341348667,0.9056455828541556,False,False,False,False,0.16520088412442435,0.16482208617586863,False,False,False,False,924630.0,477664.3604466224,False,False,False,False,100877.37499284506,False,False,False,False
2025-02-04 15:00:00+00:00,20.89,20.975,20.805,20.845,67016.0,,,,,,,,,,,,,,,,,20.501709825956333,20.68820366938165,"rgba(239, 83, 80, 1.0)",0.0,0.0,0.41139224175549655,20.4789670801318,0.8897419122593588,55.788559149425566,-1.1073087956070182,True,False,True,False,True,7.34448123337004,20.6346,,0.0,0.0,0.0,0.0,0,1.010627268014515,0.8945049248315186,False,False,False,False,0.2042210646347802,0.18452157540532443,False,False,False,False,991646.0,485633.0680365973,False,False,False,False,100352.39243481644,False,False,False,False
2025-02-04 16:00:00+00:00,20.845,20.885,20.765,20.88,93946.0,,,,,,,,,,,,,,,,,20.507073858842336,20.690325662849098,"rgba(239, 83, 80, 1.0)",0.0,0.0,0.409066086425042,20.483683605922717,0.9688321941836244,57.372188128401234,0.8677947602549523,True,False,True,False,True,7.880033222020032,20.633200000000002,,0.0,0.0,0.0,0.0,0,1.0085736554949336,0.903351519875292,False,False,False,False,0.1810969580607209,0.18280926673302267,False,False,False,False,1085592.0,494934.7569042469,False,False,False,False,100253.06852109835,False,False,False,False
2025-02-04 17:00:00+00:00,20.875,20.92,20.845,20.885,95504.0,,,,,,,,,,,,,,,,,20.512985348557816,20.697115704686965,"rgba(239, 83, 80, 1.0)",0.0,0.0,0.40775285086363866,20.489121803356493,0.9708778143549964,58.52576830589649,2.4167363839337668,True,False,True,False,True,7.957394774131171,20.6279,,0.0,0.0,0.0,0.0,0,1.0073030777256127,0.90584246218049,False,False,False,False,0.20154233207662653,0.1921757994048246,False,False,False,False,1181096.0,505572.915711933,False,False,False,False,100179.439551779,False,False,False,False
2025-02-04 18:00:00+00:00,20.885,20.92,20.88,20.88,59938.0,,,,,,,,,,,,,,,,,20.516699075764183,20.701177956230353,"rgba(239, 83, 80, 1.0)",0.0,0.0,0.405202018350987,20.492491413631914,0.9563342945454537,59.12656578253849,3.454846715347557,True,False,True,False,True,7.859942496574899,20.6244,,0.0,0.0,0.0,0.0,0,1.0039256739073539,0.9084009421617375,False,False,False,False,0.20779721710844246,0.19998650825663353,False,False,False,False,1121158.0,515116.8705070968,False,False,False,False,99555.54126415451,False,False,False,False
2025-02-04 19:00:00+00:00,20.885,20.95,20.805,20.82,93489.0,,,,,,,,,,,,,,,,,20.52182396293882,20.704623554905893,"rgba(239, 83, 80, 1.0)",0.0,0.0,0.4031038137809206,20.49674402960618,0.801917420135111,57.50140311704815,3.454846715347557,True,False,True,False,True,6.6849526317257535,20.619,,0.0,0.0,0.0,0.0,0,1.0015649452269166,0.9045383411580593,False,False,False,False,0.19975809680282633,0.19987230252972993,False,False,False,False,1027669.0,523063.41515039763,False,False,False,False,99461.48636083429,False,False,False,False
2025-02-04 20:00:00+00:00,20.825,20.9,20.745,20.77,112827.0,,,,,,20.805,,,,,,,,,,,20.52685943002962,20.731087795606555,"rgba(239, 83, 80, 1.0)",0.0,0.0,0.40017831611011057,20.50032656884464,0.6738831673257368,54.85753833435204,3.454846715347557,True,False,True,False,False,5.711715324483027,20.6125,,0.0,0.0,0.0,0.0,0,1.00260010400416,0.9043161726469056,False,False,False,False,0.18021153587666489,0.1900419192031974,False,False,False,False,914842.0,529137.5017372132,False,False,False,False,99668.70362655778,False,False,False,False
2025-02-05 15:00:00+00:00,20.85,21.01,20.835,21.01,145428.0,,,,,,20.887590617800235,,,,,,,,,,,20.536377927701746,20.752465559624582,"rgba(38, 166, 154, 1.0)",0.0,0.0,0.398950458664366,20.5090774628933,1.2556008552633988,58.43809643582928,3.454846715347557,True,False,True,False,True,9.532209422305908,20.609499999999997,,0.0,0.0,0.0,0.0,0,1.005404014410705,0.8919197117858977,False,False,False,False,0.21586290428075272,0.20295241174197506,False,False,False,False,1060270.0,537372.1141133804,False,False,False,False,100378.15008195999,False,False,False,False
2025-02-05 16:00:00+00:00,21.005,21.06,20.975,21.025,85001.0,,,,,,20.920379352436665,,,,,,,,,,,20.542629767477845,20.764670834764644,"rgba(38, 166, 154, 1.0)",0.0,0.0,0.3968694840718137,20.515008005578224,1.28503705850433,61.07580797551633,5.790241844289135,True,False,True,False,True,9.761621786762166,20.6085,,0.0,0.0,0.0,0.0,1,1.0131341746072622,0.8918362091166622,False,False,False,False,0.2502384834233063,0.22659544758264066,False,False,False,False,1145271.0,546796.9030418551,False,False,False,False,100139.7446543327,False,False,False,False
2025-02-05 17:00:00+00:00,21.025,21.06,20.98,21.0,84546.0,,,,,,20.938749737027873,,,,,,,,,,,20.548605205075678,20.773984398028,"rgba(38, 166, 154, 1.0)",0.0,0.0,0.3958958139404057,20.52053386886985,1.21109169192257,61.9634326687612,6.747049273346796,True,False,True,False,True,9.259475147950603,20.607,,0.0,0.0,0.0,0.0,0,1.0165331955567034,0.8904675794368376,False,False,False,False,0.25115063382024166,0.23887304070144116,False,False,False,False,1060725.0,554764.7805140744,False,False,False,False,99897.98117131977,False,False,False,False
2025-02-05 18:00:00+00:00,21.005,21.07,21.0,21.025,94124.0,,,,,,20.955506352113773,,,,,,,,,,21.03166666666667,20.555337096149803,20.84180010010914,"rgba(38, 166, 154, 1.0)",0.0,0.0,0.39495548842607475,20.568807960161752,1.1550467159127307,63.0678862808476,7.993989810961324,True,False,True,False,True,9.654496829222829,20.6056,,-1.0,21.07,21.0,0.0,0,1.018657683337652,0.8880538999740862,False,False,False,False,0.25663219951745775,0.24775262010944946,False,False,False,False,1154849.0,564068.4118239336,False,False,False,False,99808.46208339233,False,False,False,False
2025-02-05 19:00:00+00:00,21.025,21.045,20.925,20.965,127305.0,,,,,,20.959982399690297,,,,,,,,,,21.001004016336314,20.56316249737032,20.844554257654938,"rgba(38, 166, 154, 1.0)",0.0,0.0,0.393159218601336,20.572463369047696,0.9984164490629335,61.56827549558429,7.993989810961324,True,False,True,False,True,8.42683514737175,20.6035,,0.0,0.0,0.0,0.0,0,1.0212765957446808,0.8834976647638813,False,False,False,False,0.23841698636645878,0.24308480323795412,False,False,False,False,1027544.0,571254.079857671,False,False,False,False,100234.7649968281,False,False,False,False
2025-02-05 20:00:00+00:00,20.97,20.98,20.78,20.8,176838.0,,,,,,20.937151852125346,,,,,,,,,,20.93543547000714,20.570432498396077,20.833961544599426,"rgba(38, 166, 154, 1.0)",0.0,0.0,0.39016297126224897,20.571796454021616,0.5848928852476811,55.85915013156118,11.070305018882934,True,False,True,False,False,5.164580846938911,20.6004,,0.0,0.0,0.0,0.0,0,1.0139896373056994,0.8880829015544038,False,False,False,False,0.20065005685668477,0.22186743004731946,False,False,False,False,850706.0,575586.6677668545,False,False,False,False,101422.41205114085,False,False,False,False
2025-02-06 15:00:00+00:00,20.74,20.755,20.41,20.575,97263.0,,,,,,20.899529782714488,,,,,,,,,,20.865670329411603,20.570562547556804,20.81990931279185,"rgba(239, 83, 80, 1.0)",0.0,0.0,0.3872407240702107,20.564652155091963,0.026721995556851962,48.05185648005661,4.015419228263205,False,True,False,True,False,1.0278501240396096,20.593000000000004,,0.0,0.0,0.0,0.0,0,0.9895434838051517,0.9002805406783979,False,False,False,False,0.09629653122217707,0.15908198063474827,False,False,False,False,753443.0,578344.130282097,False,False,False,False,101357.92504259603,False,False,False,False
2025-02-06 16:00:00+00:00,20.575,20.685,20.53,20.665,35426.0,,,,,,20.889447521341847,,,,,,,,,,20.849723727892076,20.570838944588882,20.81606005563711,"rgba(239, 83, 80, 1.0)",0.0,0.0,0.3839421878403656,20.563117959429608,0.2653577642599451,45.28767469231015,1.7706541403294267,False,True,False,True,False,2.5537448858344405,20.5856,,0.0,0.0,0.0,0.0,0,0.9964476021314387,0.9020553159096673,False,False,False,False,0.10495509560142498,0.13201853811808661,False,False,False,False,788869.0,581608.0817505916,False,False,False,False,100335.72465433873,False,False,False,False
2025-02-06 17:00:00+00:00,20.665,20.68,20.48,20.485,60850.0,,,,,,20.869089895332323,,,,,,,,,,20.818734509281757,20.570650098353216,20.803145247569578,"rgba(239, 83, 80, 1.0)",0.0,0.0,0.38149270593908846,20.55953675036454,-0.19538184925727373,40.84676145162918,-2.153060266324097,False,True,False,True,False,0.0,20.592599999999997,,0.0,0.0,0.0,0.0,0,0.9956841838029955,0.9083523736989079,False,False,False,False,0.09543148713386855,0.11372501262597759,False,False,False,False,728019.0,583878.0184676368,False,False,False,False,99723.54287675208,False,False,False,False
2025-02-06 18:00:00+00:00,20.485,20.555,20.43,20.43,81232.0,,,,,,20.839763668350226,,,,,,,,,,20.77684532175994,20.569553597947685,20.78279884649962,"rgba(239, 83, 80, 1.0)",0.0,0.0,0.38293176773255794,20.553937622814434,-0.3236545861637504,37.21346211044911,-5.372029550890467,False,True,False,True,False,0.0,20.602800000000002,,0.0,0.0,0.0,0.0,0,0.9936354378818736,0.912423625254582,False,False,False,False,0.06523521842704227,0.08948011552650993,False,False,False,False,646787.0,584853.3515146502,False,False,False,False,99436.8522895156,False,False,False,False
2025-02-06 19:00:00+00:00,20.435,20.455,20.275,20.345,127623.0,,,,,,20.789748662895555,,,,,,,,,,20.71013574617306,20.5659404125052,20.746601241724726,"rgba(239, 83, 80, 1.0)",0.0,0.0,0.38533864830031855,20.543373956235747,-0.5148042043297543,33.80391556893916,-8.472030535563064,False,True,False,True,False,0.0,20.613200000000003,,0.0,0.0,0.0,0.0,0,0.9839816933638441,0.9181286549707599,False,False,False,False,0.02143183395147501,0.05545597473899247,False,False,False,False,519164.0,583834.9119562835,False,False,False,False,99873.84682766265,False,False,False,False
2025-02-06 20:00:00+00:00,20.345,20.395,20.24,20.39,289889.0,,,,,,20.704199302928433,,,,,,,,,,20.612189633671083,20.557551984831598,20.688020908883153,"rgba(239, 83, 80, 1.0)",0.0,0.0,0.3870719606258572,20.52463470876619,-0.3478286273913976,32.88488510307464,-9.410010954285148,False,True,False,True,False,0.0,20.6273,,0.0,0.0,0.0,0.0,0,0.9784373414510399,0.922881785895484,False,False,False,False,0.0051428850742060205,0.030299429906599246,False,False,False,False,809053.0,587326.6652592869,False,False,False,False,102819.81819467562,False,False,False,False
2025-02-07 15:00:00+00:00,20.08,20.105,19.885,19.935,88103.0,,,,,,20.664207740023837,,,,,,,,,,20.564560417697148,20.55100431420522,20.65672686430367,"rgba(239, 83, 80, 1.0)",0.0,0.0,0.3962816133977943,20.51377381094319,-1.4605113923421091,28.2613456598259,-13.891528580743454,False,True,False,True,False,0.0,20.6334,,0.0,0.0,0.0,0.0,0,0.9599999999999996,0.9242236024844716,False,False,False,False,-0.10582182848422872,-0.03776119928881474,False,False,False,False,720950.0,589398.3448676701,False,False,False,False,102591.65047072715,False,False,False,False
2025-02-07 16:00:00+00:00,19.935,19.975,19.835,19.84,131889.0,,,,,,20.604962421131834,,,,,,,,,,20.496003775537144,20.539956253421472,20.610139665460977,"rgba(239, 83, 80, 1.0)",0.0,0.0,0.407657149270551,20.49679589637355,-1.6111477440020336,24.650144713221934,-17.364600500318375,False,True,False,True,False,0.0,20.6338,,0.0,0.0,0.0,0.0,0,0.9559372666168781,0.9365197908887223,False,False,False,False,-0.13713903546764203,-0.08745011737822839,False,False,False,False,589061.0,589393.1147146829,False,False,False,False,103045.8729440492,False,False,False,False
2025-02-07 17:00:00+00:00,19.825,19.94,19.825,19.915,71115.0,,,,,,20.57699411536818,,,,,,,,,,20.464983841865237,20.534237918715647,20.487073947403815,"rgba(239, 83, 80, 1.0)",0.0,0.0,0.416211268251906,20.442706952273404,-1.2678824254080936,24.14166761839535,-18.053237499822096,False,True,False,True,False,0.0,20.632199999999997,,0.0,0.0,0.0,0.0,0,0.9470297029702966,0.9383663366336628,False,False,False,False,-0.14500790776593847,-0.11622901257208343,False,False,False,False,660176.0,590490.5237888738,False,False,False,False,102550.82065034301,False,False,False,False
2025-02-07 18:00:00+00:00,19.915,19.975,19.86,19.865,119431.0,,,,,,20.535076699552587,,,,,,,,,,20.42003205674817,20.524956294560315,20.457332183950278,"rgba(239, 83, 80, 1.0)",0.0,0.0,0.4195197812343133,20.431134207958355,-1.3494815579200417,23.42344161012369,-19.127147041531263,False,True,False,True,False,0.0,20.6297,,0.0,0.0,0.0,0.0,0,0.9490524243170068,0.9369923701698247,False,False,False,False,-0.1327747825194991,-0.12450189754579126,False,False,False,False,540745.0,589719.2753580386,False,False,False,False,102812.52885731444,False,False,False,False
2025-02-07 19:00:00+00:00,19.865,19.95,19.83,19.92,124460.0,,,,,,20.496582703874154,,,,,,,,,,20.380215828754363,20.515568557191184,20.429646238901665,"rgba(239, 83, 80, 1.0)",0.0,0.0,0.4210409879258215,20.41978045245732,-1.187011399814998,24.437018092849307,-19.127147041531263,False,True,False,True,False,0.0,20.623599999999996,,0.0,0.0,0.0,0.0,0,0.9478835331539022,0.9385857597259599,False,False,False,False,-0.14238301561138875,-0.13344245657859,False,False,False,False,665205.0,590889.596670317,False,False,False,False,103148.14856495298,False,False,False,False
2025-02-07 20:00:00+00:00,19.925,19.935,19.87,19.925,192874.0,,,,,,20.44621526392737,,,,,,,,,,20.330341592875577,20.501792509448553,20.393653952947886,"rgba(239, 83, 80, 1.0)",0.0,0.0,0.4255469400644723,20.40427803808739,-1.126263622092494,25.255767881434608,-19.127147041531263,False,True,False,True,False,0.0,20.6187,,0.0,0.0,0.0,0.0,0,0.9499999999999997,0.9395121951219508,False,False,False,False,-0.13801250416537908,-0.13572748037198454,False,False,False,False,858079.0,595032.0680397694,False,False,False,False,104539.24703681417,False,False,False,False
2025-02-10 15:00:00+00:00,20.25,20.4,20.245,20.325,150822.0,,,,,,20.43848353974016,,,,,,,,,,20.32980483881124,20.49867337965517,20.363565453608572,"rgba(239, 83, 80, 1.0)",0.0,0.0,0.4246766125244739,20.4090090477038,-0.19781887023260644,34.19266011693397,-22.692129608149187,False,True,False,True,True,0.0,20.6204,,0.0,0.0,0.0,0.0,0,0.9537544696066743,0.9330154946364718,False,False,False,False,0.006857232835498718,-0.06443512376824291,False,False,False,False,1008901.0,601448.6406283001,False,False,False,False,105256.8090982589,False,False,False,False
2025-02-10 16:00:00+00:00,20.325,20.335,20.23,20.315,102068.0,,,,,,20.432555362287058,,,,,,,,,,20.328007633165193,20.49627296461221,20.364195022155343,"rgba(239, 83, 80, 1.0)",0.0,0.0,0.4224798838433477,20.40991377076688,-0.22465867464135397,39.984122786838185,-17.41580713886335,False,True,False,True,True,0.0,20.6194,,0.0,0.0,0.0,0.0,0,0.9532732447817833,0.9364326375711571,False,False,False,False,-0.0068572671228245945,-0.035646195445533754,False,False,False,False,906833.0,606183.2818588691,False,False,False,False,105207.3701975107,False,False,False,False
2025-02-10 17:00:00+00:00,20.315,20.365,20.285,20.335,60934.0,,,,,,20.43007468024037,,,,,,,,,,20.328016940822025,20.495109064737804,20.366300635935378,"rgba(239, 83, 80, 1.0)",0.0,0.0,0.4214885889685111,20.410619036539522,-0.1794094514505841,44.186147045393106,-13.66767783753162,False,True,False,True,True,0.0,20.6144,,0.0,0.0,0.0,0.0,0,0.9627507163323779,0.9345749761222538,False,False,False,False,0.007714421201346288,-0.013965887122093734,False,False,False,False,967767.0,611789.2309773362,False,False,False,False,104520.96135723921,False,False,False,False
2025-02-10 18:00:00+00:00,20.335,20.375,20.3,20.365,60276.0,,,,,,20.428156023835218,,,,,,,,,,20.328529652154,20.49409832830084,20.368733823574043,"rgba(239, 83, 80, 1.0)",0.0,0.0,0.4170693765609029,20.411354102871602,-0.11114242731948647,47.53146736415857,-10.633229327948555,False,False,False,False,True,0.0,20.611,,0.0,0.0,0.0,0.0,0,0.9686001917545538,0.9288111217641416,False,False,False,False,0.012000558280979387,-0.0009826644205571736,False,False,False,False,1028043.0,618242.7777838891,False,False,False,False,103834.99296410372,False,False,False,False
2025-02-10 19:00:00+00:00,20.365,20.38,20.3,20.34,112622.0,,,,,,20.424523201336577,,,,,,,,,,20.32909005684677,20.49216250188323,20.37157440215893,"rgba(239, 83, 80, 1.0)",0.0,0.0,0.4141711793036796,20.412127633377672,-0.17414932999185476,49.19666357669319,-9.00692282685985,False,False,False,False,True,0.0,20.6079,,0.0,0.0,0.0,0.0,0,0.9697478991596635,0.925330132052821,False,False,False,False,0.012857833568524156,0.005937584573983491,False,False,False,False,915421.0,622850.1920818132,False,False,False,False,103971.22563132692,False,False,False,False
2025-02-10 20:00:00+00:00,20.335,20.38,20.005,20.095,323237.0,,,,,,20.396545921824707,,,,,,,,,,20.30829544499066,20.48060313414106,20.29902919630167,"rgba(239, 83, 80, 1.0)",0.0,0.0,0.4131613780647443,20.402186039236554,-0.7435013424425592,45.81896853187789,-9.00692282685985,False,False,False,True,False,0.0,20.5994,,0.0,0.0,0.0,0.0,0,0.9547500592276708,0.9267945984363892,False,False,False,False,-0.03773219738478388,-0.015897306405400196,False,False,False,False,592184.0,622374.7472433355,False,False,False,False,107370.69500138387,False,False,False,False
2025-02-11 15:00:00+00:00,19.875,20.065,19.8,20.045,106624.0,,,,,,20.382166279826748,,,,,,,,,,20.295107018085886,20.474808262301398,20.21494602044939,"rgba(239, 83, 80, 1.0)",0.0,0.0,0.41239825936145497,20.395637482216582,-0.8502399664816647,42.84348971688639,-9.00692282685985,False,True,False,True,False,0.0,20.59,,0.0,0.0,0.0,0.0,0,0.945253759398496,0.9407894736842103,False,False,False,False,-0.12754429344353463,-0.07172079992446741,False,False,False,False,485560.0,620253.5883713458,False,False,False,False,107359.11833469574,False,False,False,False
2025-02-11 16:00:00+00:00,20.045,20.06,19.91,19.91,66722.0,,,,,,20.373444333523555,,,,,,,,,,20.287126579427614,20.47117792867894,20.20484015331319,"rgba(239, 83, 80, 1.0)",0.0,0.0,0.41229448060672785,20.391603013734066,-1.1681044408485524,39.08366748174257,-2.647590576524479,False,True,False,True,False,0.0,20.5774,,0.0,0.0,0.0,0.0,0,0.9550905243357627,0.9383964260521983,False,False,False,False,-0.10929021900625498,-0.09050550946536119,False,False,False,False,418838.0,617130.8660710149,False,False,False,False,106729.08549229735,False,False,False,False
2025-02-11 17:00:00+00:00,19.91,20.01,19.87,19.875,86573.0,,,,,,20.3615628158201,,,,,,,,,,20.276072486122168,20.46616534258431,20.189941478280048,"rgba(239, 83, 80, 1.0)",0.0,0.0,0.41390916007359,20.385971693046315,-1.2345020171949517,36.15181014637318,-5.591074978612355,False,True,False,True,False,0.0,20.5573,,0.0,0.0,0.0,0.0,0,0.9465078252744684,0.940434477925718,False,False,False,False,-0.12493166709471434,-0.10771858828003777,False,False,False,False,332265.0,612714.3410156503,False,False,False,False,106416.58804280437,False,False,False,False
2025-02-11 18:00:00+00:00,19.875,19.925,19.805,19.905,122287.0,,,,,,20.344376661570287,,,,,,,,,,20.25991672388142,20.458732019307444,20.169119236089053,"rgba(239, 83, 80, 1.0)",0.0,0.0,0.41430369241605935,20.37763254260712,-1.140787666773879,35.0690408457273,-6.903293266894053,False,True,False,True,False,0.0,20.538600000000002,,0.0,0.0,0.0,0.0,0,0.9486341349521361,0.9444314732664019,False,False,False,False,-0.15114044550234726,-0.12942951689119253,False,False,False,False,454552.0,610262.2116975782,False,False,False,False,106662.64094136555,False,False,False,False
2025-02-11 19:00:00+00:00,19.905,19.915,19.835,19.835,66093.0,,,,,,20.335272961881387,,,,,,,,,,20.251361547187226,20.454679092529087,20.158891128067886,"rgba(239, 83, 80, 1.0)",0.0,0.0,0.4150892881262385,20.37314622629847,-1.2964589588127506,33.363887703508155,-8.905885082473361,False,True,False,True,False,0.0,20.5176,,0.0,0.0,0.0,0.0,0,0.9524701475064385,0.9435729337391711,False,False,False,False,-0.17800838653039247,-0.1537189517107925,False,False,False,False,388459.0,606823.4022138948,False,False,False,False,106033.65426010407,False,False,False,False
2025-02-11 20:00:00+00:00,19.835,19.87,19.805,19.815,242067.0,,,,,,20.30262694282125,,,,,,,,,,20.220627741433738,20.439525388172832,20.12427894207822,"rgba(239, 83, 80, 1.0)",0.0,0.0,0.4161040345485694,20.35664727326109,-1.3017111786688633,31.947451460982332,-10.680247540257838,False,True,False,True,False,0.0,20.495299999999997,,0.0,0.0,0.0,0.0,0,0.9452923221413474,0.9504578539563276,False,False,False,False,-0.19968953372350423,-0.17670424271714835,False,False,False,False,146392.0,599684.9308617414,False,False,False,False,108142.69838010245,False,False,False,False
2025-02-12 15:00:00+00:00,19.735,19.785,19.565,19.605,165672.0,,,,,,20.275060532112068,,,,,,,,,,20.19357562193295,20.42665853013138,20.005464470815582,"rgba(239, 83, 80, 1.0)",0.0,0.0,0.42349175938889155,20.292843862303812,-1.6242201815128259,28.590422499869025,-14.225538422975745,False,True,False,True,False,0.0,20.468000000000004,,0.0,0.0,0.0,0.0,0,0.9305523188068047,0.9561873689116753,True,False,False,False,-0.2629759511238899,-0.21984009692051912,False,False,False,False,-19280.0,590088.5753445051,True,False,False,False,109034.62553700009,True,False,False,False
2025-02-12 16:00:00+00:00,19.605,19.99,19.605,19.965,127212.0,,,,,,20.261779271991884,,,,,,,,,,20.1815913128999,20.419557981624177,19.95748180977442,"rgba(239, 83, 80, 1.0)",0.0,0.0,0.4228491627216994,20.292541129976577,-0.7746051283827424,34.79183549154135,-14.225538422975745,False,True,False,True,True,0.0,20.4455,,0.0,0.0,0.0,0.0,0,0.935446818286239,0.9446358832988743,False,False,False,False,-0.27258740368416823,-0.24621375030234366,False,False,False,False,107932.0,582613.2796027298,False,False,False,False,109316.44529611636,False,False,False,False
2025-02-12 17:00:00+00:00,19.965,19.965,19.76,19.835,86130.0,,,,,,20.25325208462457,,,,,,,,,,20.17394537261872,20.414849514823526,19.95689032049783,"rgba(239, 83, 80, 1.0)",0.0,0.0,0.42227096249421736,20.290108243422385,-1.0777635306349438,37.09589605743113,-20.370854883233388,False,True,False,True,True,0.0,20.4259,,0.0,0.0,0.0,0.0,0,0.9410409949332103,0.95601105481345,False,False,False,False,-0.25772862662191093,-0.2519711884621273,False,False,False,False,21802.0,573918.5310817572,False,False,False,False,108956.96552408354,False,False,False,False
2025-02-12 18:00:00+00:00,19.835,19.86,19.665,19.755,127125.0,,,,,,20.23850736992697,,,,,,,,,,20.16018736636856,20.406909690065984,19.94282462828813,"rgba(239, 83, 80, 1.0)",0.0,0.0,0.4278811508810665,20.28249489641783,-1.2328070431044846,37.59573535818465,-19.667398119571985,False,True,False,True,True,0.0,20.4058,,0.0,0.0,0.0,0.0,0,0.9314848762603113,0.9621906507791016,False,False,False,False,-0.3025880548845225,-0.27727962167332487,False,False,False,False,-105323.0,563387.6546308772,False,False,False,False,109238.64047719853,False,False,False,False
2025-02-12 19:00:00+00:00,19.755,19.795,19.7,19.735,115323.0,,,,,,20.225433924044605,,,,,,,,,,20.147986780650463,20.39969039923968,19.93158431079111,"rgba(239, 83, 80, 1.0)",0.0,0.0,0.4312458068734959,20.275442728257946,-1.2532127145214966,37.66479135249713,-19.18440720931943,False,True,False,True,True,0.0,20.388199999999998,,0.0,0.0,0.0,0.0,0,0.9312327506899722,0.9707911683532656,False,False,False,False,-0.3094159395916731,-0.293347780632499,False,False,False,False,-220646.0,551232.0940939643,False,False,False,False,109332.9716325908,False,False,False,False
2025-02-12 20:00:00+00:00,19.735,19.8,19.67,19.695,232796.0,,,,,,20.199943830144,,,,,,,,,,20.124204010858676,20.385119929595064,19.910858995705482,"rgba(239, 83, 80, 1.0)",0.0,0.0,0.4338594346202874,20.261170081982755,-1.3049620148937522,37.154360097072086,-19.18440720931943,False,True,False,True,True,0.0,20.3708,,0.0,0.0,0.0,0.0,0,0.9249712313003451,0.9739930955120827,False,False,False,False,-0.31512725780492257,-0.3042375192187108,False,False,False,False,-453442.0,535655.7515498719,False,False,False,False,111247.12711115528,False,False,False,False
2025-02-13 15:00:00+00:00,19.61,19.745,19.57,19.67,202003.0,,,,,,20.17730425001197,,,,,,,,,,20.10284772279273,20.371876584585685,19.835264347292938,"rgba(239, 83, 80, 1.0)",0.0,0.0,0.43419805959375424,20.247666490041293,-1.330421629663131,36.4513471008557,-19.18440720931943,False,True,False,True,True,0.0,20.354100000000003,,0.0,0.0,0.0,0.0,0,0.9175470831419382,0.9788700045934771,False,False,False,False,-0.34282825441539394,-0.3235328868170524,False,False,False,False,-655445.0,517189.07323126914,False,False,False,False,112654.19490788154,False,False,False,False
2025-02-13 16:00:00+00:00,19.675,19.715,19.58,19.705,94956.0,,,,,,20.16740420530503,,,,,,,,,,20.09358187448489,20.365860012939304,19.82871203866813,"rgba(239, 83, 80, 1.0)",0.0,0.0,0.43247791174136346,20.241786174555347,-1.241187491851296,36.96313950817691,-18.40074485012442,False,True,False,True,True,0.0,20.3386,20.1447,0.0,0.0,0.0,0.0,0,0.9187514344732611,0.9791140693137479,False,False,False,False,-0.34282825441539394,-0.3331805706162232,False,False,False,False,-560489.0,500480.88604938897,False,False,False,False,112379.8042891547,False,False,False,False
2025-02-13 17:00:00+00:00,19.705,19.79,19.68,19.705,66793.0,,,,,,20.161452114880696,,,,,,,,,,20.088155379492438,20.362037016544896,19.827548333811432,"rgba(239, 83, 80, 1.0)",0.0,0.0,0.4347723024239025,20.23840695991273,-1.2268650899308222,37.30433444639105,-17.5584109916215,False,True,False,True,True,0.0,20.3188,20.146349999999998,0.0,0.0,0.0,0.0,0,0.9206496519721575,0.9851508120649654,False,False,False,False,-0.3032639836114692,-0.3182222771138462,False,False,False,False,-560489.0,484031.74052924337,False,False,False,False,111673.03212963292,False,False,False,False
2025-02-13 18:00:00+00:00,19.705,19.79,19.645,19.775,112402.0,,,,,,20.152047525412677,,,,,,,,,,20.07965749110036,20.35582141719943,19.825884804805355,"rgba(239, 83, 80, 1.0)",0.0,0.0,0.43828289025687295,20.23305921256311,-1.0451222777477054,39.657555728717014,-14.925273111022818,False,False,False,True,True,0.0,20.298,20.1477,0.0,0.0,0.0,0.0,0,0.9212726428239663,0.9844403158383652,False,False,False,False,-0.3110999204989261,-0.31466109880638615,False,False,False,False,-448087.0,469580.2871877047,False,False,False,False,111684.33395708047,False,False,False,False
2025-02-13 19:00:00+00:00,19.775,19.91,19.75,19.885,163471.0,,,,,,20.142573409024294,,,,,,,,,,20.071800084361353,20.348590297519294,19.833453381685647,"rgba(239, 83, 80, 1.0)",0.0,0.0,0.4397721768911645,20.22823384429421,-0.780481036159665,44.079277305071614,-10.58326391581955,True,False,False,True,True,0.0,20.2805,20.149299999999997,0.0,0.0,0.0,0.0,0,0.9452151422525273,0.970844110039972,False,False,False,False,-0.2613237195620115,-0.2879924091841988,False,False,False,False,-284616.0,457887.32149487204,False,False,False,False,112487.22800425751,False,False,False,False
2025-02-13 20:00:00+00:00,19.885,19.9,19.81,19.82,174191.0,,,,,,20.132946713310726,,,,,,,,,,20.06381967924388,20.34103359094698,19.83810560395012,"rgba(239, 83, 80, 1.0)",0.0,0.0,0.44438253547800866,20.22299819328145,-0.9068722578126494,45.390421491699485,-9.26774842295567,True,False,False,True,True,0.0,20.261300000000002,20.1506,0.0,0.0,0.0,0.0,0,0.9309938765897312,0.9740932642487048,False,False,False,False,-0.2504400891963336,-0.2692162491902662,False,False,False,False,-458807.0,443675.00643293606,False,False,False,False,113443.87563209848,False,False,False,False
2025-02-14 15:00:00+00:00,19.805,19.99,19.74,19.96,72929.0,,,,,,20.12980657586479,,,,,,,,,,20.061410409605212,20.338268397217515,19.841448467185543,"rgba(239, 83, 80, 1.0)",0.0,0.0,0.44645825445723203,20.221363230783005,-0.5854147127389298,49.44516971769771,-5.429350586980014,True,False,False,False,True,0.0,20.244,20.1525,0.0,0.0,0.0,0.0,0,0.9239232209737824,0.9740168539325844,False,False,False,False,-0.24610299370746586,-0.257659621448866,False,False,False,False,-385878.0,430813.71951149515,False,False,False,False,112815.73802539929,False,False,False,False
2025-02-14 16:00:00+00:00,19.955,20.09,19.94,19.945,100892.0,,,,,,20.127312641646462,,,,,,,,,,20.060046899849535,20.335310055730435,19.8504613867327,"rgba(239, 83, 80, 1.0)",0.0,0.0,0.44908403274720615,20.20512980087707,-0.579245267941869,51.733083086248506,-3.3137119927116316,True,False,True,False,True,0.0,20.2282,20.15435,0.0,0.0,0.0,0.0,0,0.9364893367705646,0.9685962034216078,False,False,False,False,-0.1820306190704036,-0.21984512025963482,False,False,False,False,-486770.0,416587.6153330223,False,False,False,False,112630.87386996674,False,False,False,False
2025-02-14 17:00:00+00:00,19.945,19.955,19.875,19.93,34564.0,,,,,,20.12603831407199,,,,,,,,,,20.0591151598865,20.334099208805437,19.84975195346531,"rgba(239, 83, 80, 1.0)",0.0,0.0,0.4521505170738113,20.20327447069515,-0.6043882742050224,52.81217626181734,-2.2509121870820223,True,False,True,False,True,0.0,20.2099,20.156375,0.0,0.0,0.0,0.0,0,0.9394296488333722,0.9695969832665569,False,False,False,False,-0.22454960561116963,-0.2221973629354022,False,False,False,False,-521334.0,402046.19494026224,False,False,False,False,111420.53474019982,False,False,False,False
2025-02-14 18:00:00+00:00,19.935,19.96,19.87,19.885,44519.0,,,,,,20.12430203567329,,,,,,,,,,20.057805729944473,20.332493864887432,19.849289310424233,"rgba(239, 83, 80, 1.0)",0.0,0.0,0.4550700371797322,20.201244028903197,-0.6949348519254266,52.170685097647905,-2.2509121870820223,True,False,True,False,True,0.0,20.19,20.1582,0.0,0.0,0.0,0.0,0,0.9362861203221219,0.971577451444813,False,False,False,False,-0.22454960561116963,-0.2233734842732859,False,False,False,False,-565853.0,387040.0058714209,False,False,False,False,110383.30164345253,False,False,False,False
2025-02-14 19:00:00+00:00,19.885,19.99,19.85,19.99,105502.0,,,,,,20.120994835928702,,,,,,,,,,20.05554631855048,20.329073905211708,19.85381468752088,"rgba(239, 83, 80, 1.0)",0.0,0.0,0.4567532994698562,20.199266226855126,-0.45816029593660035,54.41393763156232,-0.4662378691278235,True,False,True,False,True,0.0,20.1721,20.1603,0.0,0.0,0.0,0.0,0,0.9307164814376919,0.9706786474343818,False,False,False,False,-0.22240582047183374,-0.2228896523725598,False,False,False,False,-460351.0,373902.1608191508,False,False,False,False,110307.62254820521,False,False,False,False
2025-02-14 20:00:00+00:00,19.985,20.0,19.91,19.98,109876.0,,,,,,20.118050165691947,,,,,,,,,,20.053688976175145,20.32575686502131,19.859753966411738,"rgba(239, 83, 80, 1.0)",0.0,0.0,0.45861044530250683,20.1980006770561,-0.4753504402026938,55.572132418511146,0.8065228805497497,True,False,True,False,True,0.0,20.1541,20.1624,0.0,0.0,0.0,0.0,0,0.9341076084380183,0.9710831950699218,False,False,False,False,-0.2074543369033898,-0.21517199463797482,False,False,False,False,-570227.0,359264.4994111019,False,False,False,False,110300.93072575242,False,False,False,False
2025-02-17 15:00:00+00:00,19.98,19.98,19.98,19.98,0.0,,,,,,20.118050165691947,,,,,,,,,,20.053688976175145,20.32575686502131,19.859753966411738,"rgba(239, 83, 80, 1.0)",0.0,0.0,0.4602400959781411,20.1980006770561,-0.47366728575176964,56.34426227647703,1.7653863503838991,True,False,True,False,True,0.0,20.1373,20.1642,0.0,0.0,0.0,0.0,0,0.9358760429082238,0.9721096543504173,False,False,False,False,-0.19683078741900437,-0.20600139102848958,False,False,False,False,-570227.0,344853.77848999953,False,False,False,False,108590.83877651594,False,False,False,False
2025-02-17 16:00:00+00:00,19.98,19.98,19.98,19.98,0.0,,,,,,20.118050165691947,,,,,,,,,,20.053688976175145,20.32575686502131,19.859753966411738,"rgba(239, 83, 80, 1.0)",0.0,0.0,0.46177592943876045,20.1980006770561,-0.4720919024970762,56.85901551512095,2.531328813802844,True,False,True,False,True,0.0,20.1215,20.166025,0.0,0.0,0.0,0.0,0,0.9306289006240996,0.9779164666346617,False,False,False,False,-0.19683078741900437,-0.20141608922374699,False,False,False,False,-570227.0,330666.4795986817,False,False,False,False,106907.259880756,False,False,False,False
2025-02-17 17:00:00+00:00,19.98,19.98,19.98,19.98,0.0,,,,,,20.118050165691947,,,,,,,,,,20.053688976175145,20.32575686502131,19.859753966411738,"rgba(239, 83, 80, 1.0)",0.0,0.0,0.4630546053842777,20.1980006770561,-0.47078827101867743,57.202184340883576,3.1740493288979437,True,False,True,False,True,0.0,20.1009,20.16785,0.0,0.0,0.0,0.0,0,0.931735657225853,0.9774872912127814,False,False,False,False,-0.19683078741900437,-0.1991234383213757,False,False,False,False,-570227.0,316699.13882970985,False,False,False,False,105249.78298337993,False,False,False,False
2025-02-17 18:00:00+00:00,19.98,19.98,19.98,19.98,0.0,,,,,,20.118050165691947,,,,,,,,,,20.053688976175145,20.32575686502131,19.859753966411738,"rgba(239, 83, 80, 1.0)",0.0,0.0,0.46037834029875574,20.1980006770561,-0.47352505097140696,57.43096355805865,3.732789106007722,True,False,True,False,True,0.0,20.08,20.169674999999998,0.0,0.0,0.0,0.0,0,0.928728337808152,0.9794971930680987,False,False,False,False,-0.19683078741900437,-0.19797711287019004,False,False,False,False,-570227.0,302948.34597963677,False,False,False,False,103618.00340224226,False,False,False,False
2025-02-17 19:00:00+00:00,19.98,19.98,19.98,19.98,0.0,,,,,,20.118050165691947,,,,,,,,,,20.053688976175145,20.32575686502131,19.859753966411738,"rgba(239, 83, 80, 1.0)",0.0,0.0,0.4580162080613161,20.1980006770561,-0.47596716714207543,57.583483036175366,4.229158372753012,True,False,True,False,True,0.0,20.0596,20.1715,0.0,0.0,0.0,0.0,0,0.9272949816401466,0.9752753977968177,False,False,False,False,-0.19683078741900437,-0.19740395014459722,False,False,False,False,-570227.0,289410.74371638655,False,False,False,False,102011.52272933928,False,False,False,False
2025-02-17 20:00:00+00:00,19.98,19.98,19.98,19.98,0.0,,,,,,20.118050165691947,,,,,,,,,,20.053688976175145,20.32575686502131,19.859753966411738,"rgba(239, 83, 80, 1.0)",0.0,0.0,0.4545963262278292,20.1980006770561,-0.4795478196338196,57.68516268825318,4.674906910882228,True,False,True,False,True,0.0,20.0387,20.173325,0.0,0.0,0.0,0.0,1,0.9271165644171776,0.9747239263803681,False,False,False,False,-0.19683078741900437,-0.1971173687818008,False,False,False,False,-570227.0,276083.02675954334,False,False,False,False,100429.94873353557,False,False,False,False
2025-02-18 15:00:00+00:00,20.255,20.415,20.22,20.38,93938.0,,,,,,20.12151235471078,,,,,,,,,,20.05850763252004,20.325853630468497,19.989025225541187,"rgba(38, 166, 154, 1.0)",0.0,0.0,0.44867520707239883,20.205640879501704,0.3886087703307395,66.32246093800947,12.789089653830622,True,False,True,False,True,3.6782433809910913,20.026999999999997,20.177149999999997,0.0,0.0,0.0,0.0,0,0.9295366795366793,0.9664575289575289,False,False,False,False,-0.05667576942039907,-0.12689656910109995,False,False,False,False,-476289.0,264418.34417412407,False,False,False,False,100329.29836557376,False,False,False,False
2025-02-18 16:00:00+00:00,20.385,20.445,20.33,20.335,118599.0,,,,,,20.126347178213926,,,,,,,,,,20.065025809978515,20.326278345772096,20.079575923259796,"rgba(38, 166, 154, 1.0)",0.0,0.0,0.44163539239947436,20.21371432723105,0.2746285167725981,70.08204474297867,15.979256005313005,True,False,True,False,True,2.8161281976126844,20.0177,20.18075,0.0,0.0,0.0,0.0,0,0.9350241545893716,0.9669082125603865,False,False,False,False,-0.02805993100061582,-0.07747825005085789,False,False,False,False,-594888.0,251095.76519468028,False,False,False,False,100612.5495537044,False,False,False,False
2025-02-18 17:00:00+00:00,20.335,20.385,20.28,20.37,70584.0,,,,,,20.128850150269663,,,,,,,,,,20.068469680107754,20.32638492997193,20.08859627653414,"rgba(38, 166, 154, 1.0)",0.0,0.0,0.4315684572965805,20.217293646999785,0.35384039407512535,73.02933022845357,18.43149732151548,True,False,True,False,True,3.438456841744575,20.0136,20.1842,0.0,0.0,0.0,0.0,0,0.9271809661139147,0.969238163902908,False,False,False,False,-0.05053758892834921,-0.06400791948960355,False,False,False,False,-524304.0,239074.06340871623,False,False,False,False,100146.99064589503,False,False,False,False
2025-02-18 18:00:00+00:00,20.365,20.37,20.29,20.345,81235.0,,,,,,20.131530778314954,,,,,,,,,,20.072190230512255,20.326441009977472,20.09745656205081,"rgba(38, 166, 154, 1.0)",0.0,0.0,0.4269868027582894,20.220760092524348,0.29096896361450675,73.802367181947,18.994315627602745,True,False,True,False,True,2.948639624531708,20.0072,20.187475,0.0,0.0,0.0,0.0,0,0.9279387119942539,0.9700742159444578,False,False,False,False,-0.05156034235780743,-0.05778413092370549,False,False,False,False,-605539.0,225979.2872318369,False,False,False,False,99853.78148859432,False,False,False,False
2025-02-18 19:00:00+00:00,20.345,20.345,20.255,20.255,54150.0,,,,,,20.132849587444248,,,,,,,,,,20.074152167205312,20.326261968170723,20.09955875528172,"rgba(38, 166, 154, 1.0)",0.0,0.0,0.4230744721783921,20.222339284908152,0.07719850106691234,70.42393888376247,18.994315627602745,True,False,True,False,False,1.2006450574340661,20.0026,20.190625,0.0,0.0,0.0,0.0,0,0.9265792610250295,0.9713945172824793,False,False,False,False,-0.06384240869045099,-0.06081326980707824,False,False,False,False,-659689.0,212247.99595692471,False,False,False,False,99145.19572908123,False,False,False,False
2025-02-18 20:00:00+00:00,20.26,20.305,20.24,20.295,73278.0,,,,,,20.134541103364672,,,,,,,,,,20.076688640067758,20.32599306764941,20.102762395030737,"rgba(38, 166, 154, 1.0)",0.0,0.0,0.4210595066117423,20.224236826014767,0.16805979410051672,69.0429068840255,18.994315627602745,True,False,True,False,False,1.9436317298700985,19.9999,20.194625000000002,0.0,0.0,0.0,0.0,0,0.9260931558935358,0.9733840304182511,False,False,False,False,-0.07511780234797123,-0.06796553607752473,False,False,False,False,-586411.0,199865.6859420887,False,False,False,False,98744.1539348319,False,False,False,False
2025-02-19 15:00:00+00:00,20.455,20.495,20.38,20.425,48556.0,,,,,,20.136799799011246,,,,,,,,,20.43333333333333,20.079577040428866,20.3264049090489,20.179746079763913,"rgba(38, 166, 154, 1.0)",0.0,0.0,0.41998096267452956,20.239625973793295,0.4413867357848883,70.46290947730097,18.994315627602745,True,False,True,False,False,4.304004297474904,20.0015,20.198825,-1.0,20.495,20.38,0.0,0,0.9293785310734461,0.9677495291902072,False,False,False,False,-0.007650864726124407,-0.03780820040182457,False,False,False,False,-537855.0,188428.15592748267,False,False,False,False,97966.04302111357,False,False,False,False
2025-02-19 16:00:00+00:00,20.425,20.425,20.325,20.355,56937.0,,,,,,20.13883412842417,,,,,,,,,20.39825133737152,20.08229347876372,20.326592701457457,20.181685792437452,"rgba(38, 166, 154, 1.0)",0.0,0.0,0.41912741832622713,20.239410475016435,0.27578612118760737,68.67242811959622,23.856154965223624,True,False,True,False,False,2.920743154316142,20.0008,20.201925,0.0,0.0,0.0,0.0,0,0.927132146204311,0.9711808809746955,False,False,False,False,-0.03316518670526323,-0.0354866935535439,False,False,False,False,-594792.0,176285.20777356823,False,False,False,False,97329.93382698778,False,False,False,False
2025-02-19 17:00:00+00:00,20.355,20.38,20.205,20.22,74423.0,,,,,,20.140304502203666,,,,,,,,,20.344510215878522,20.08455332686013,20.326253613212607,20.176040185028455,"rgba(38, 166, 154, 1.0)",0.0,0.0,0.4182933256774741,20.23732177070147,-0.04141058352632534,63.23646057715774,18.740454767740843,True,False,True,False,False,0.3348265993024704,20.0065,20.204825,0.0,0.0,0.0,0.0,0,0.9205784732100519,0.9869606448553817,False,False,False,False,-0.06691578867865287,-0.05120124111609839,False,False,False,False,-669215.0,163176.67742048964,False,False,False,False,96974.78756610423,False,False,False,False
2025-02-19 18:00:00+00:00,20.225,20.25,20.095,20.105,86539.0,,,,,,20.140430841684303,,,,,,,,,20.281337374040646,20.085464863621965,20.325068771464007,20.161906723478786,"rgba(239, 83, 80, 1.0)",0.0,0.0,0.4153271260363764,20.233221010425808,-0.30872293762622544,56.85797582718211,12.9846298259111,True,False,True,False,False,0.0,20.0118,20.2071,0.0,0.0,0.0,0.0,0,0.9057902230659705,0.9969150450878027,False,False,False,False,-0.11630209128541412,-0.08375166620075625,False,False,False,False,-755754.0,148929.69017366032,False,False,False,False,96812.9924100406,False,False,False,False
2025-02-19 19:00:00+00:00,20.105,20.135,20.075,20.075,70849.0,,,,,,20.139951292658772,,,,,,,,,20.2421981506297,20.085572364313343,20.323809503281748,20.150372639091483,"rgba(239, 83, 80, 1.0)",0.0,0.0,0.4102657126241098,20.23009123901162,-0.3780263235249154,51.95496977000525,8.725360491716131,False,False,False,False,False,0.0,20.015,20.209375,0.0,0.0,0.0,0.0,0,0.8989563567362427,1.002371916508539,False,False,False,False,-0.14431667283777835,-0.1140341695192673,False,False,False,False,-826603.0,133805.15234151055,False,False,False,False,96410.44989205548,False,False,False,False
2025-02-19 20:00:00+00:00,20.075,20.15,20.05,20.14,138515.0,,,,,,20.13941308634824,,,,,,,,,20.204684494874453,20.086171070002784,20.321581048208305,20.13751004712614,"rgba(239, 83, 80, 1.0)",0.0,0.0,0.40568608331838457,20.226843190825463,-0.2140649985208073,50.564229564035415,7.61487018018326,False,False,False,False,False,0.0,20.0205,20.2124,0.0,0.0,0.0,0.0,0,0.8953655040611561,1.012900143334926,False,False,False,False,-0.14640027060213454,-0.1302172200607009,False,False,False,False,-688088.0,121062.62284784371,False,False,False,False,97063.23361465927,False,False,False,False
2025-02-20 15:00:00+00:00,19.845,19.98,19.77,19.845,110340.0,,,,,,20.13506322266099,,,,,,,,,20.140741456953943,20.08243559716758,20.317762418952558,20.099696194847784,"rgba(239, 83, 80, 1.0)",0.0,0.0,0.40268923703227244,20.218548081595372,-0.9276336371648208,44.3475733443845,1.9172138902911797,False,True,False,True,False,0.0,20.019000000000002,20.213975,0.0,0.0,0.0,0.0,0,0.8792452830188678,1.009433962264151,False,False,False,False,-0.24177495541117255,-0.18599608773593673,False,False,False,False,-798428.0,106806.95427655932,False,False,False,False,97269.07495396688,False,False,False,False
2025-02-20 16:00:00+00:00,19.845,19.89,19.815,19.85,72382.0,,,,,,20.132146666609792,,,,,,,,,20.108968474754544,20.079906841010146,20.315219185896673,20.083355622618754,"rgba(239, 83, 80, 1.0)",0.0,0.0,0.39829396314919496,20.213766516086846,-0.9133116485388028,40.34594579248059,-1.6548765732129525,False,True,False,True,False,0.0,20.0175,20.21505,0.0,0.0,0.0,0.0,0,0.8824503311258278,1.0139545884578998,False,False,False,False,-0.2515258007236057,-0.21876094422977121,False,False,False,False,-726046.0,93894.50537304678,False,False,False,False,96883.22883064956,False,False,False,False
2025-02-20 17:00:00+00:00,19.845,19.89,19.82,19.85,59454.0,,,,,,20.129809530496495,,,,,,,,,20.08780045589918,20.077885694750478,20.31315829945547,20.071933392135726,"rgba(239, 83, 80, 1.0)",0.0,0.0,0.39524963032276283,20.210240936733413,-0.9114263723390134,37.678194091211324,-4.100916473151699,False,True,False,True,False,0.0,20.008,20.21565,0.0,0.0,0.0,0.0,0,0.8758421559191529,1.0281520692974013,False,False,False,False,-0.25044008919633204,-0.23460051671305163,False,False,False,False,-726046.0,81182.24947579023,False,False,False,False,96302.93070924413,False,False,False,False
2025-02-20 18:00:00+00:00,19.845,19.93,19.845,19.91,36723.0,,,,,,20.128600045557786,,,,,,,,,20.07841918880076,20.076883530139416,20.312009029813616,20.067176636247993,"rgba(239, 83, 80, 1.0)",0.0,0.0,0.3888642274462861,20.20851952083443,-0.7676703069213617,37.8669637952965,-4.100916473151699,False,True,False,True,False,0.0,19.999900000000004,20.21635,0.0,0.0,0.0,0.0,0,0.8705174488567989,1.0247894103489772,False,False,False,False,-0.23135060973353958,-0.2329755632232956,False,False,False,False,-689323.0,69236.43165446015,False,False,False,False,95379.21085328684,False,False,False,False
2025-02-20 19:00:00+00:00,19.905,19.935,19.88,19.925,48097.0,,,,,,20.12715752695273,,,,,,,,,20.068528822539022,20.07571810478941,20.310579081606644,20.062122600891566,"rgba(239, 83, 80, 1.0)",0.0,0.0,0.3809605214703063,20.20655387721029,-0.7390631347406809,38.485747166042714,-4.100916473151699,False,True,False,True,False,0.0,19.9917,20.217475,0.0,0.0,0.0,0.0,0,0.8794067590566494,1.0247994164843182,False,False,False,False,-0.2223450459543602,-0.2276603045888279,False,False,False,False,-641226.0,58221.510233460765,False,False,False,False,94646.15332067775,False,False,False,False
2025-02-20 20:00:00+00:00,19.925,20.045,19.91,19.94,116581.0,,,,,,20.124565771215078,,,,,,,,19.964999999999996,20.05540118911401,20.073838248195315,20.307600575996858,20.0577489237145,"rgba(239, 83, 80, 1.0)",0.0,0.0,0.3721978549686324,20.203307223321534,-0.7074388522301497,39.42534480866901,-4.100916473151699,False,True,False,True,False,0.0,19.9832,20.219125000000002,0.0,0.0,0.0,0.0,0,0.8846807477543093,1.0080116533139112,False,False,False,False,-0.19109320231692678,-0.20937675345287735,False,False,False,False,-524645.0,49184.82015232184,False,False,False,False,94986.22846299282,False,False,False,False
2025-02-21 15:00:00+00:00,19.735,19.845,19.72,19.785,44568.0,,,,,,20.12249344986516,,,,,,,,19.914757553568435,20.04282237891318,20.071964785282344,20.30587882457522,20.04293519771526,"rgba(239, 83, 80, 1.0)",0.0,0.0,0.3644846788015758,20.20066211157492,-1.1404103814229352,36.83424613871272,-6.247142473545146,False,True,False,True,False,0.0,19.9721,20.219949999999997,0.0,0.0,0.0,0.0,0,0.8773881499395404,1.014993954050786,False,False,False,False,-0.2792779039628615,-0.24432732870786944,False,False,False,False,-569213.0,39597.257049185064,False,False,False,False,94204.55050232627,False,False,False,False
2025-02-21 16:00:00+00:00,19.785,19.805,19.74,19.755,38731.0,,,,,,20.12062537208311,,,,,,,,19.886061795410576,20.03215533969286,20.07026331583683,20.304344295014833,20.03201090319684,"rgba(239, 83, 80, 1.0)",0.0,0.0,0.35805499351130987,20.198333358113565,-1.2381711361318097,34.59597822598342,-8.741585385661928,False,True,False,True,False,0.0,19.9653,20.2207,0.0,0.0,0.0,0.0,0,0.8804083616917839,1.0157997083130772,False,False,False,False,-0.2839050208056061,-0.26411617475673776,False,False,False,False,-607944.0,29557.857715089172,False,False,False,False,93344.49545577857,False,False,False,False
2025-02-21 17:00:00+00:00,19.755,19.795,19.51,19.525,69812.0,,,,,,20.11583863376229,,,,,,,,19.814600921297874,20.00467625696926,20.06568572657411,20.30080073539599,20.003612153650582,"rgba(239, 83, 80, 1.0)",0.0,0.0,0.35632163575639453,20.19242538568996,-1.873098118987803,30.14611541533108,-13.17691137039121,False,True,False,True,False,0.0,19.9549,20.220275,0.0,0.0,0.0,0.0,0,0.8675432188945703,1.0309228147065983,False,False,False,False,-0.34034485809722004,-0.3022305164269789,False,False,False,False,-677756.0,18591.751393925,False,False,False,False,92979.6505649913,False,False,False,False
2025-02-21 18:00:00+00:00,19.525,19.525,19.355,19.395,100868.0,,,,,,20.10660666231765,,,,,,,,19.7085499019502,19.954844971414364,20.056609559451598,20.294390073397516,19.954475413452855,"rgba(239, 83, 80, 1.0)",0.0,0.0,0.34946520274260634,20.181366740130976,-2.250200403243477,26.06219159636411,-17.11021816744183,False,True,False,True,False,0.0,19.9446,20.21975,0.0,0.0,0.0,0.0,0,0.8648977604673806,1.0394352482960079,False,False,False,False,-0.34282825441539394,-0.3225293854211864,False,False,False,False,-778624.0,6231.817263786625,False,False,False,False,93101.95055623174,False,False,False,False
2025-02-21 19:00:00+00:00,19.395,19.455,19.3,19.345,117280.0,,,,,,20.09528555752575,,,,,,,,19.62635888474363,19.901398038205407,20.045429451278707,20.286561076856316,19.905158347211113,"rgba(239, 83, 80, 1.0)",0.0,0.0,0.3418905836246045,20.16844316427151,-2.408499103840921,22.958405351520508,-20.080334503222375,False,True,False,True,False,0.0,19.934,20.219549999999998,0.0,0.0,0.0,0.0,0,0.8617176128093158,1.039786511402232,False,False,False,False,-0.34282825441539394,-0.3326788199182902,False,False,False,False,-895904.0,-7754.784554256578,False,False,False,False,93476.80403598007,False,False,False,False
2025-02-21 20:00:00+00:00,19.345,19.47,19.34,19.4,150093.0,,,,,,20.08199683353172,,,,,,,,19.57388538974051,19.8495110838259,20.032384121801712,20.277124129467673,19.85978537278737,"rgba(239, 83, 80, 1.0)",0.0,0.0,0.3321258037996289,20.154138200834847,-2.270640197802334,22.922856877215857,-20.305229794106484,False,True,False,True,False,0.0,19.9239,20.21915,0.0,0.0,0.0,0.0,0,0.8627356210729822,1.038666022232963,False,False,False,False,-0.33129899750233377,-0.33198890871031195,False,False,False,False,-745811.0,-19197.516576671205,False,False,False,False,94354.57451604238,False,False,False,False
2025-02-24 15:00:00+00:00,18.915,19.04,18.63,18.955,267796.0,,,,,,20.04200925380558,,,,,,,,19.36724663595108,19.696766893331397,19.99189746098771,20.250894769184935,19.598743928087003,"rgba(239, 83, 80, 1.0)",0.0,0.0,0.3349215048551117,20.11192209004581,-3.454308168555195,19.851174514033303,-23.461802416728744,False,True,False,True,False,0.0,19.9063,20.216375,0.0,0.0,0.0,0.0,0,0.8439915671117358,1.0447411571796674,False,False,False,False,-0.34282825441539394,-0.3374085815628529,False,False,False,False,-1013607.0,-34614.71787005615,False,False,False,False,97043.58886463087,False,False,False,False
2025-02-24 16:00:00+00:00,18.955,19.195,18.93,19.165,198462.0,,,,,,20.01935512557111,,,,,,,,19.318613888659964,19.634314498748296,19.969275648607205,20.235111874933718,19.55980853781325,"rgba(239, 83, 80, 1.0)",0.0,0.0,0.3299852303547065,20.08993134177043,-2.802947697920321,22.843238317873592,-23.461802416728744,False,True,False,True,True,0.0,19.8933,20.21475,0.0,0.0,0.0,0.0,0,0.8604651162790697,1.0355813953488373,False,False,False,False,-0.2696151222272173,-0.3035118518950351,False,False,False,False,-815145.0,-46715.96255424132,False,False,False,False,98615.9673318459,False,False,False,False
2025-02-24 17:00:00+00:00,19.165,19.26,19.08,19.125,120916.0,,,,,,20.006916805581817,,,,,,,,19.30246547308385,19.605735099772076,19.95692940253072,20.226187722146662,19.54161750706752,"rgba(239, 83, 80, 1.0)",0.0,0.0,0.3307982156231413,20.078318702113464,-2.881873774069939,24.490221476384814,-23.461802416728744,False,True,False,True,True,0.0,19.883699999999997,20.212975,0.0,0.0,0.0,0.0,0,0.8698677800974253,1.031083275342148,False,False,False,False,-0.2360203922882858,-0.26976612209166045,False,False,False,False,-936061.0,-60504.25770843913,False,False,False,False,98961.70427243743,False,False,False,False
2025-02-24 18:00:00+00:00,19.12,19.185,19.085,19.095,70993.0,,,,,,19.999500060226236,,,,,,,,19.29256234086876,19.589362130751677,19.94955937187284,20.220855572253477,19.529855250229566,"rgba(239, 83, 80, 1.0)",0.0,0.0,0.3378768899951375,20.071456928037364,-2.8899784417082137,25.313811635930584,-23.461802416728744,False,True,False,True,True,0.0,19.866300000000003,20.210625,0.0,0.0,0.0,0.0,0,0.8686892079666514,1.0333487725798982,False,False,False,False,-0.24689744257993693,-0.2583317823357987,False,False,False,False,-1007054.0,-75179.44751140906,False,False,False,False,98528.08095038414,False,False,False,False
2025-02-24 19:00:00+00:00,19.095,19.145,19.045,19.055,82406.0,,,,,,19.99066007773093,,,,,,,,19.279955164020567,19.570182398647418,19.940760437807025,20.214507519057815,19.514988913886256,"rgba(239, 83, 80, 1.0)",0.0,0.0,0.34252835747667315,20.063314937239873,-2.943741489516067,25.480463828751475,-23.461802416728744,False,True,False,True,True,0.0,19.8507,20.208,0.0,0.0,0.0,0.0,0,0.866558741905643,1.0358464384828863,False,False,False,False,-0.2575472906286564,-0.25793953648222756,False,False,False,False,-1089460.0,-90904.7273949531,False,False,False,False,98278.12620696734,False,False,False,False
2025-02-24 20:00:00+00:00,19.055,19.095,18.95,18.965,178176.0,,,,,,19.970518769770486,,,,,,,,19.248293352999095,19.52737713165136,19.920652167858666,20.200088343289455,19.478867087483746,"rgba(239, 83, 80, 1.0)",0.0,0.0,0.35355672863113613,20.044870956902777,-3.054307468800575,24.754899093563633,-23.461802416728744,False,True,False,True,True,0.0,19.8349,20.205125,0.0,0.0,0.0,0.0,0,0.8667591950034699,1.0372426555632663,False,False,False,False,-0.28091314094935227,-0.2694263387157899,False,False,False,False,-1267636.0,-109148.62309425615,False,False,False,False,99516.85293244071,False,False,False,False
2025-02-25 15:00:00+00:00,18.765,18.765,18.255,18.565,180404.0,,,,,,19.941333353337985,,,,,,,,19.173522347195245,19.456417083448,19.891055589385903,20.1801770375919,19.269368931183152,"rgba(239, 83, 80, 1.0)",0.0,0.0,0.3804618222610342,19.917328911354982,-3.5544405042226557,21.730057259953643,-23.461802416728744,False,True,False,True,False,0.0,19.8115,20.2001,0.0,0.0,0.0,0.0,0,0.8477282950967161,1.0386864597390912,False,False,False,False,-0.34282825441539394,-0.3061272965655919,False,False,False,False,-1448040.0,-129906.62893775606,False,False,False,False,100770.91722806178,False,False,False,False
2025-02-25 16:00:00+00:00,18.565,18.685,18.495,18.6,175563.0,,,,,,19.915298706010034,,,,,,,,19.120266509955567,19.400616096058226,19.86475418316958,20.161994972273195,19.226316738884194,"rgba(239, 83, 80, 1.0)",0.0,0.0,0.404070973161075,19.896332755232024,-3.208180842812643,20.59034663157586,-24.330748025240172,False,True,False,True,False,0.0,19.7896,20.194425000000003,0.0,0.0,0.0,0.0,0,0.8633190722810178,1.0427831569466337,False,False,False,False,-0.3195379902310764,-0.31283264339833416,False,False,False,False,-1272477.0,-147620.89825655054,False,False,False,False,101930.48440282051,False,False,False,False
2025-02-25 17:00:00+00:00,18.6,18.835,18.595,18.75,171345.0,,,,,,19.893308078059643,,,,,,,,19.087904917192663,19.360614189115616,19.842678983217578,20.146121603263026,19.201563725628425,"rgba(239, 83, 80, 1.0)",0.0,0.0,0.4187590203411772,19.88083976007382,-2.7004546890774686,23.390799771116054,-24.330748025240172,False,True,False,True,True,0.0,19.7712,20.1895,0.0,0.0,0.0,0.0,0,0.891690009337068,1.0373482726423904,False,False,False,False,-0.2837972247607437,-0.2983149340795389,False,False,False,False,-1101132.0,-162404.01611303812,False,False,False,False,103006.67844308686,False,False,False,False
2025-02-25 18:00:00+00:00,18.75,18.955,18.745,18.925,92896.0,,,,,,19.883195531248013,,,,,,,,19.0788194718153,19.34547456431649,19.832608677906773,20.13854570043554,19.195678243063348,"rgba(239, 83, 80, 1.0)",0.0,0.0,0.43144124692654723,19.874844488909865,-2.2015616162716474,28.724687653241062,-26.58669290101666,False,True,False,True,True,0.0,19.7556,20.18545,0.0,0.0,0.0,0.0,0,0.9059708509637988,1.0220968500235075,False,False,False,False,-0.24597216176037423,-0.27214354791995654,False,False,False,False,-1008236.0,-175517.6902818282,False,False,False,False,102849.92373854289,False,False,False,False
2025-02-25 19:00:00+00:00,18.925,19.0,18.845,18.98,157690.0,,,,,,19.867586997234245,,,,,,,,19.06955543895119,19.32517859668079,19.817143212859293,20.12655807990186,19.189493276181196,"rgba(239, 83, 80, 1.0)",0.0,0.0,0.44215125209560724,19.86569877992272,-2.003157914231584,33.27535391922919,-22.466525119908795,False,True,False,True,True,0.0,19.7411,20.181675,0.0,0.0,0.0,0.0,0,0.912041392285983,1.0094073377234245,False,False,False,False,-0.2259462764962511,-0.24904491220810382,False,False,False,False,-850546.0,-185983.2454712572,False,False,False,False,103700.15747903059,False,False,False,False
2025-02-25 20:00:00+00:00,18.985,19.15,18.905,18.935,122514.0,,,,,,19.856512333467354,,,,,,,,19.065921107074725,19.31283245125349,19.80622520581534,20.117833699108857,19.186735494557016,"rgba(239, 83, 80, 1.0)",0.0,0.0,0.45325183422155924,19.859182572171708,-2.0390045939007693,35.696692580223754,-20.333164193771537,False,True,False,True,True,0.0,19.7243,20.177675,0.0,0.0,0.0,0.0,0,0.9282680509674375,0.9957527135441248,False,False,False,False,-0.19725172045441242,-0.22314831633125812,False,False,False,False,-973060.0,-198185.98585154777,False,False,False,False,103991.84495997585,False,False,False,False
2025-02-26 15:00:00+00:00,19.445,19.455,19.12,19.21,116852.0,,,,,,19.849384274988154,,,,,,,,19.07480756395045,19.311061871617998,19.79940032842651,20.111574479964744,19.173877553475883,"rgba(239, 83, 80, 1.0)",0.0,0.0,0.45814402314766456,19.804601688298817,-1.2978488384801428,41.86223665937651,-14.727286001882923,False,False,False,True,True,0.0,19.710800000000003,20.17505,0.0,0.0,0.0,0.0,0,0.92711234911792,0.9700557103064067,False,False,False,False,-0.12745803815457432,-0.17530317724291622,False,False,False,False,-856208.0,-208387.8775437718,False,False,False,False,104191.2272086584,False,False,False,False
2025-02-26 16:00:00+00:00,19.205,19.305,19.18,19.18,76801.0,,,,,,19.844479095008857,,,,,,,,19.07906256299325,19.30907388323514,19.79468028548422,20.10731893074208,19.176441395522374,"rgba(239, 83, 80, 1.0)",0.0,0.0,0.4631385098210473,19.801876925896607,-1.3427450162520398,45.47746323014613,-11.568187349588932,False,False,False,True,True,0.0,19.698,20.172275,0.0,0.0,0.0,0.0,0,0.9304226009806209,0.9796871351856175,False,False,False,False,-0.13943125386917402,-0.1573672155560451,False,False,False,False,-933009.0,-219622.3135508451,False,False,False,False,103766.57252325285,False,False,False,False
2025-02-26 17:00:00+00:00,19.185,19.285,19.095,19.105,42762.0,,,,,,19.841521098189205,,,,,,,,19.080373981177218,19.307271010447923,19.791813789292632,20.104807747556443,19.175897674455022,"rgba(239, 83, 80, 1.0)",0.0,0.0,0.4691921176269092,19.799504160575793,-1.4802127625000867,46.630150129363,-10.540864984928746,False,False,False,False,True,0.0,19.680899999999998,20.1702,0.0,0.0,0.0,0.0,0,0.9153575615474793,0.9927315357561547,False,False,False,False,-0.15345063446900248,-0.1554089250125238,False,False,False,False,-975771.0,-231345.5489996692,False,False,False,False,102820.76519731095,False,False,False,False
2025-02-26 18:00:00+00:00,19.105,19.175,19.015,19.055,53993.0,,,,,,19.83738741602103,,,,,,,,19.080399384604632,19.30384003362704,19.787776498570864,20.101388676152,19.172478877229175,"rgba(239, 83, 80, 1.0)",0.0,0.0,0.47159038952832183,19.79531243004172,-1.569820858271029,46.567615659239,-10.403045599609761,False,False,False,True,True,0.0,19.6631,20.168425,0.0,0.0,0.0,0.0,0,0.9036342321219224,1.000234466588511,False,False,False,False,-0.17897595193525634,-0.16719243847389006,False,False,False,False,-1029764.0,-243724.12963533326,False,False,False,False,102063.74558184877,False,False,False,False
2025-02-26 19:00:00+00:00,19.055,19.09,18.94,18.94,58010.0,,,,,,19.832463358601572,,,,,,,,19.078530182726006,19.298794520747887,19.782933172750834,20.09741266548349,19.112107400702712,"rgba(239, 83, 80, 1.0)",0.0,0.0,0.47592817801702797,19.789688917461042,-1.7853301332173703,44.72293885290139,-10.403045599609761,False,False,False,True,True,0.0,19.6433,20.165975,0.0,0.0,0.0,0.0,0,0.8999291951852725,1.0099126740618363,False,False,False,False,-0.20065009084547225,-0.18392126465968117,False,False,False,False,-1087774.0,-256810.17413711103,False,False,False,False,101380.74177437824,False,False,False,False
2025-02-26 20:00:00+00:00,18.945,19.185,18.945,19.17,105288.0,,,,,,19.824818902001095,,,,,,,,19.079306778205304,19.293158320576218,19.775490012147735,20.090978064432452,19.120429677074817,"rgba(239, 83, 80, 1.0)",0.0,0.0,0.4748905706097247,19.784123050944586,-1.2931885553256948,47.57435614501044,-9.046484013169355,False,False,False,False,True,0.0,19.628999999999998,20.1645,0.0,0.0,0.0,0.0,0,0.8943413946935899,1.0039915473115755,False,False,False,False,-0.18708321404549433,-0.18550223935258775,False,False,False,False,-982486.0,-268060.96213498525,False,False,False,False,101441.3194212871,False,False,False,False
2025-02-27 15:00:00+00:00,18.98,19.195,18.975,19.065,88131.0,,,,,,19.818354111565913,,,,,,,,19.07927817112164,19.288178308510524,19.769187475652558,20.085539118017984,19.1200977023355,"rgba(239, 83, 80, 1.0)",0.0,0.0,0.4745106251005427,19.77925662124332,-1.5052489522062378,47.7639762338347,-8.529561374282565,True,False,False,False,True,0.0,19.6105,20.1629,0.0,0.0,0.0,0.0,0,0.8938508300210427,1.005611409866729,False,False,False,False,-0.1816757359870813,-0.18358898766983453,False,False,False,False,-1070617.0,-280503.6914042103,False,False,False,False,101234.95787987178,False,False,False,False
2025-02-27 16:00:00+00:00,19.07,19.155,19.06,19.12,71874.0,,,,,,19.813397932608517,,,,,,,,19.080036242939553,19.284903181434075,19.764375234224996,20.081291898595435,19.12179983836176,"rgba(239, 83, 80, 1.0)",0.0,0.0,0.47304679501106794,19.77599771762119,-1.3867501577847954,48.819218524519556,-7.118628176301478,True,False,False,False,True,0.0,19.593300000000003,20.161324999999998,0.0,0.0,0.0,0.0,0,0.894181135617081,1.0126701079305491,False,False,False,False,-0.17560484368045845,-0.1795969156751465,False,False,False,False,-998743.0,-291639.18456073414,False,False,False,False,100779.74923057144,False,False,False,False
2025-02-27 17:00:00+00:00,19.115,19.17,19.095,19.14,69482.0,,,,,,19.808829469731773,,,,,,,,19.081252371200463,19.282261714677087,19.759953566008335,20.077319058475364,19.12422840972487,"rgba(239, 83, 80, 1.0)",0.0,0.0,0.4745702845258296,19.77323435416089,-1.3343320785320376,49.874537273015164,-5.7036852539530045,True,False,False,False,True,0.0,19.5765,20.15985,0.0,0.0,0.0,0.0,0,0.8879146919431278,1.021563981042654,False,False,False,False,-0.16887438244831876,-0.1742356490617326,False,False,False,False,-929261.0,-301524.79410242813,False,False,False,False,100294.51280839204,False,False,False,False
2025-02-27 18:00:00+00:00,19.145,19.235,19.12,19.195,92432.0,,,,,,19.80327571176909,,,,,,,,19.084171136330333,19.279995806833323,19.754614364090624,20.07235384657877,19.10586488699107,"rgba(239, 83, 80, 1.0)",0.0,0.0,0.4755712733502802,19.770453529432178,-1.2100258398247061,51.57667530080328,-3.7184726565991326,True,False,True,False,True,0.0,19.5608,20.159175,0.0,0.0,0.0,0.0,0,0.8885727833096254,1.0165955429113325,False,False,False,False,-0.15679721974183083,-0.1655164344017817,False,False,False,False,-836829.0,-309824.084116344,False,False,False,False,100172.61338500612,False,False,False,False
2025-02-27 19:00:00+00:00,19.195,19.21,18.995,19.01,71614.0,,,,,,19.798277212922372,,,,,,,,19.083900130021195,19.27636329029292,19.749749788186193,20.06806622634473,19.098866219924908,"rgba(239, 83, 80, 1.0)",0.0,0.0,0.4803989708264799,19.766684300164208,-1.57511640556266,49.210909754219685,-3.7184726565991326,True,False,False,False,False,0.0,19.5414,20.157249999999998,0.0,0.0,0.0,0.0,1,0.8836277974087161,1.0153121319199057,False,False,False,False,-0.17695280877090178,-0.17123462158634173,False,False,False,False,-908443.0,-319104.9975408968,False,False,False,False,99729.84418523857,False,False,False,False
2025-02-27 20:00:00+00:00,19.01,19.055,18.915,18.94,75566.0,,,,,,19.79234870987369,,,,,,,,19.081353610960957,19.27082845133566,19.743932918154087,20.06312407617381,19.049814809757926,"rgba(239, 83, 80, 1.0)",0.0,0.0,0.4864106632602766,19.691547078114915,-1.5450875872611451,46.51889951553066,-3.7184726565991326,True,False,False,True,False,0.0,19.520599999999998,20.1544,0.0,0.0,0.0,0.0,1,0.8816192045187102,1.0228289009178633,False,False,False,False,-0.20882503249481976,-0.19002982704058075,False,False,False,False,-984009.0,-329413.58672630927,False,False,False,False,99355.21094205658,False,False,False,False
2025-02-28 15:00:00+00:00,19.07,19.165,19.01,19.15,41935.0,,,,,,19.789642485691083,,,,,,,,19.081684250804294,19.26921548117567,19.7413124812221,20.060745251478316,19.057289179186384,"rgba(239, 83, 80, 1.0)",0.0,0.0,0.48847725333631975,19.692930213287482,-1.1114749142959024,48.69581162040688,-3.7184726565991326,True,False,False,False,False,0.0,19.503999999999998,20.152625,0.0,0.0,0.0,0.0,1,0.8849038912330052,1.0135958743553681,False,False,False,False,-0.18100054583095734,-0.18551518643576903,False,False,False,False,-942074.0,-338912.1977848161,False,False,False,False,98464.97511349757,False,False,False,False
2025-02-28 16:00:00+00:00,19.145,19.175,19.05,19.065,23972.0,,,,,,19.788078753075386,,,,,,,,19.0817884814177,19.268241908766786,19.739796769649264,20.059374129164265,19.05934261398852,"rgba(239, 83, 80, 1.0)",0.0,0.0,0.4920020416715527,19.692730166261477,-1.275869027146296,48.65480376690856,-3.7184726565991326,True,False,False,False,False,0.0,19.4857,20.1506,0.0,0.0,0.0,0.0,1,0.884489222118088,1.0142924086223055,False,False,False,False,-0.1742575099663434,-0.1798863482010562,False,False,False,False,-966046.0,-348635.2024703228,False,False,False,False,97310.04526677668,False,False,False,False
2025-02-28 17:00:00+00:00,19.065,19.14,19.05,19.05,34290.0,,,,,,19.78580056469874,,,,,,,,19.08177085919469,19.266734799454543,19.737585149123493,20.05738577842832,19.060581056117375,"rgba(239, 83, 80, 1.0)",0.0,0.0,0.4956307020279911,19.691760841743914,-1.2948367385595687,48.360674473939724,-3.7184726565991326,True,False,False,False,False,0.0,19.4591,20.1473,0.0,0.0,0.0,0.0,1,0.8792408066429419,1.0246737841043891,False,False,False,False,-0.17897595193525634,-0.17943115006815627,False,False,False,False,-1000336.0,-358739.09080411616,False,False,False,False,96332.99030140029,False,False,False,False
2025-02-28 18:00:00+00:00,19.055,19.235,19.015,19.155,38064.0,,,,,,19.78348447916214,,,,,,,,19.082346760806786,19.265574331410537,19.73535130520192,20.055311694877634,19.06441146754603,"rgba(239, 83, 80, 1.0)",0.0,0.0,0.49829499385491216,19.69144610053248,-1.0765632951325137,50.164178491049384,-3.7184726565991326,True,False,False,False,True,0.0,19.4355,20.144475,0.0,0.0,0.0,0.0,1,0.8743801652892563,1.0226682408500591,False,False,False,False,-0.17089190299753154,-0.1751615265328439,False,False,False,False,-962272.0,-368096.1901714942,False,False,False,False,95429.59510292897,False,False,False,False
2025-02-28 19:00:00+00:00,19.155,19.215,19.115,19.185,75641.0,,,,,,19.77918801637003,,,,,,,,19.0842267332925,19.26395870938012,19.7312291359771,20.05138074029795,19.07308116313328,"rgba(239, 83, 80, 1.0)",0.0,0.0,0.49860232578603625,19.691064131747808,-1.0149654455582608,51.915162210368194,-2.3552812626042154,True,False,True,False,True,0.0,19.4118,20.141025,0.0,0.0,0.0,0.0,1,0.8798961774421896,1.021236432279377,False,False,False,False,-0.16014729229824556,-0.16765440941554471,False,False,False,False,-886631.0,-376135.4895486803,False,False,False,False,95122.79517885255,False,False,False,False
2025-02-28 20:00:00+00:00,19.185,19.34,19.155,19.32,192149.0,,,,,,19.77029303493223,,,,,,,,19.093739905880074,19.26428147079515,19.722847645309457,20.042667971942432,19.102677883399814,"rgba(38, 166, 154, 1.0)",0.0,0.0,0.49864978051089964,19.692782235293453,-0.7475832735983822,55.35204183160287,0.9885587899675841,True,False,True,False,True,0.0,19.391299999999998,20.13785,0.0,0.0,0.0,0.0,0,0.8797275076344844,1.0180878552971577,False,False,False,False,-0.13809899515450053,-0.15287670228502262,False,False,False,False,-694482.0,-381071.09436187905,False,False,False,False,96627.07742414167,False,False,False,False
2025-03-03 15:00:00+00:00,19.32,19.475,19.21,19.4,37277.0,,,,,,19.768908366483394,,,,,,,19.361666666666665,19.09635222941248,19.265066208146543,19.721574228705517,20.04119487574052,19.13504315525364,"rgba(38, 166, 154, 1.0)",0.0,0.0,0.49862669059782694,19.648396018807794,-0.4981602940467992,58.80680250252068,4.212837391514796,True,False,True,False,True,0.0,19.374200000000002,20.135375,-1.0,19.475,19.21,0.0,0,0.8814348940135104,1.013277428371768,False,False,False,False,-0.11287296330978683,-0.13287483279740472,False,False,False,True,-657205.0,-385352.24018572585,False,False,False,False,95706.92118500768,False,False,False,False
2025-03-03 16:00:00+00:00,19.405,19.445,19.305,19.335,38189.0,,,,,,19.767499519125654,,,,,,,19.361666666666665,19.098976161421955,19.265857137007146,19.720278935420993,20.03969233369845,19.14124020914972,"rgba(38, 166, 154, 1.0)",0.0,0.0,0.49900668900891476,19.64912387958398,-0.6294983343968076,59.40386241456973,4.786441392401983,True,False,True,False,True,0.0,19.355,20.132550000000002,0.0,0.0,0.0,0.0,0,0.8869871043376318,1.0220398593200468,False,False,False,False,-0.10427732452328586,-0.1185760786603453,False,False,False,False,-695394.0,-390159.0891750944,False,False,False,False,94815.17046896105,False,False,False,False
2025-03-03 17:00:00+00:00,19.335,19.37,19.285,19.29,57148.0,,,,,,19.76516901407477,,,,,,,19.341556371624915,19.102126634484808,19.266451966681764,19.718107928379975,20.037302317192065,19.145311857359538,"rgba(38, 166, 154, 1.0)",0.0,0.0,0.49979793214151724,19.648073074783042,-0.716435686816037,58.64667330336929,4.786441392401983,True,False,True,False,True,0.0,19.3323,20.128175000000002,0.0,0.0,0.0,0.0,0,0.9017835909631392,1.0230677764565992,False,False,False,False,-0.11684571382576749,-0.11771089624305639,False,False,False,False,-752542.0,-395777.42887780606,False,False,False,False,94231.18332990739,False,False,False,False
2025-03-03 18:00:00+00:00,19.295,19.295,18.93,19.175,91598.0,,,,,,19.75999591678311,,,,,,,19.25649039004751,19.102839441399123,19.263918524162207,19.71312978150404,20.032549008087265,19.133600182181894,"rgba(38, 166, 154, 1.0)",0.0,0.0,0.5016174918282568,19.63900769375964,-0.9250229533831864,55.452713588203366,4.786441392401983,True,False,True,False,False,0.0,19.308699999999998,20.123725,0.0,0.0,0.0,0.0,0,0.8836825994819874,1.0291970802919708,False,False,False,False,-0.1742575099663434,-0.1459842031046999,False,False,False,False,-844140.0,-402728.786569623,False,False,False,False,94190.3587821569,False,False,False,False
2025-03-03 19:00:00+00:00,19.175,19.275,19.16,19.175,84496.0,,,,,,19.755823180297316,,,,,,,19.24194085241285,19.10491319991397,19.262873249122556,19.70915760050999,20.028546255870268,19.13450663159248,"rgba(38, 166, 154, 1.0)",0.0,0.0,0.5032122042662371,19.63604764359661,-0.9162091850870112,53.32340711142608,8.004165547876354,True,False,True,False,False,0.0,19.2878,20.11955,0.0,0.0,0.0,0.0,0,0.9007795889440113,1.02504134183794,False,False,False,False,-0.14610002713815207,-0.14604211512142598,False,False,False,False,-844140.0,-409572.3712739699,False,False,False,False,94040.05864599942,False,False,False,False
2025-03-03 20:00:00+00:00,19.175,19.18,18.9,19.035,165812.0,,,,,,19.74542200028897,,,,,,,19.170794072606704,19.102321997338322,19.255520036234707,19.699055059569748,20.019254344716767,19.116512598834035,"rgba(38, 166, 154, 1.0)",0.0,0.0,0.50633083939148,19.622279469231493,-1.159872999119112,48.98140978165952,3.959687449308163,True,False,False,True,False,0.0,19.2664,20.114099999999997,0.0,0.0,0.0,0.0,0,0.8923545966228892,1.0234521575984992,False,False,False,False,-0.1938578420400431,-0.16994997858073455,False,False,False,False,-1009952.0,-418880.5825720479,False,False,False,False,95152.80192280564,False,False,False,False
2025-03-04 15:00:00+00:00,18.515,18.57,18.1,18.305,186195.0,,,,,,19.722669795435117,,,,,,,18.932442245648023,19.0697732289255,19.222515209442964,19.676204595502558,20.001587671177766,18.92682562271876,"rgba(239, 83, 80, 1.0)",0.0,0.0,0.5251881516128816,19.57460024333508,-2.417419813139479,39.21243368639175,-4.841109835171828,False,False,False,True,False,0.0,19.230999999999998,20.105025,0.0,0.0,0.0,0.0,0,0.872431700158049,1.0250620907654098,False,False,False,False,-0.34282825441539394,-0.25638911649806423,False,False,False,False,-1196147.0,-430931.22470271384,False,False,False,False,96564.30886973889,False,False,False,False
2025-03-04 16:00:00+00:00,18.3,18.38,18.15,18.27,136135.0,,,,,,19.705815385384586,,,,,,,18.8187001882412,19.045916435730703,19.19835372716641,19.65927210822463,19.988460861268663,18.869404252438745,"rgba(239, 83, 80, 1.0)",0.0,0.0,0.5428245033538928,19.54493443713826,-2.348704653642119,32.523614866617585,-10.479270593201846,False,True,False,True,False,0.0,19.1936,20.09615,0.0,0.0,0.0,0.0,0,0.8769645262685224,1.0316569375841942,False,False,False,False,-0.34282825441539394,-0.2996086854567291,False,False,False,False,-1332282.0,-444905.65532747796,False,False,False,False,97177.80795702976,False,False,False,False
2025-03-04 17:00:00+00:00,18.265,18.625,18.26,18.52,185346.0,,,,,,19.68661489412463,,,,,,,18.752583959820644,19.02346479148639,19.17406593195201,19.640107439775193,19.972961206811505,18.836326098716583,"rgba(239, 83, 80, 1.0)",0.0,0.0,0.5530710900332689,19.518784869139616,-1.805888767535356,32.849237008716514,-10.479270593201846,False,True,False,True,False,0.0,19.1671,20.089025000000003,0.0,0.0,0.0,0.0,0,0.8851169064748201,1.0303507194244605,False,False,False,False,-0.2960651616940808,-0.2978369235754049,False,False,False,False,-1146936.0,-455789.8467177496,False,False,False,False,98544.75667087425,False,False,False,False
2025-03-04 18:00:00+00:00,18.515,18.635,18.495,18.635,49905.0,,,,,,19.682045723186622,,,,,,,18.74464197786844,19.018957733462486,19.168865490359195,19.635569930478276,19.96917028144873,18.832180165069182,"rgba(239, 83, 80, 1.0)",0.0,0.0,0.5586950851745114,19.513617648626,-1.5726246246672397,34.931500696861974,-10.479270593201846,False,True,False,True,True,0.0,19.1428,20.0817,0.0,0.0,0.0,0.0,0,0.8832281334535615,1.0333633904418393,False,False,False,False,-0.2645216067804176,-0.28117926517791125,False,False,False,False,-1097031.0,-465731.5700244512,False,False,False,False,97790.65191628705,False,False,False,False
2025-03-04 19:00:00+00:00,18.635,18.78,18.605,18.645,167302.0,,,,,,19.668216577048184,,,,,,,18.735160256116306,19.00747088788564,19.15463890820031,19.621899228990962,19.957414999877955,18.795959777635964,"rgba(239, 83, 80, 1.0)",0.0,0.0,0.5636911971689116,19.50018631371929,-1.517118447146925,36.48542239616954,-10.479270593201846,False,True,False,True,True,0.0,19.1187,20.0744,0.0,0.0,0.0,0.0,0,0.8857850867312456,1.0274836674926786,False,False,False,False,-0.23222730285761461,-0.25670328401776293,False,False,False,False,-929729.0,-472925.3286287233,False,False,False,False,98868.34723541437,False,False,False,False
2025-03-04 20:00:00+00:00,18.645,18.775,18.47,18.47,266430.0,,,,,,19.644711303364915,,,,,,,18.705443639668818,18.98536195485102,19.128985463609638,19.598584325745232,19.937630617380773,18.76643026834332,"rgba(239, 83, 80, 1.0)",0.0,0.0,0.5718986711735249,19.475608657462942,-1.7583685854689153,35.69379097600545,-10.479270593201846,False,True,False,True,True,0.0,19.089900000000004,20.066175,0.0,0.0,0.0,0.0,0,0.8788285267158504,1.028169014084507,False,False,False,False,-0.24989450998333787,-0.2532988970005504,False,False,False,False,-1196159.0,-484138.25376626244,False,False,False,False,101466.20231703586,False,False,False,False
2025-03-05 15:00:00+00:00,18.36,18.495,18.115,18.135,185008.0,,,,,,19.624231276896563,,,,,,,18.654215772445678,18.960281683932063,19.10287360825881,19.578085628080192,19.921047459217007,18.715310786099714,"rgba(239, 83, 80, 1.0)",0.0,0.0,0.5883995547550894,19.450182493567898,-2.2351860788122395,32.55414825279875,-10.479270593201846,False,True,False,True,True,0.0,19.054100000000002,20.056075,0.0,0.0,0.0,0.0,0,0.8634157105030889,1.0392762577228596,False,False,False,False,-0.3321700509979875,-0.292734473999269,False,False,False,False,-1381167.0,-498045.6761884909,False,False,False,False,102761.42398653917,False,False,False,False
2025-03-05 16:00:00+00:00,18.13,18.155,17.885,18.005,274213.0,,,,,,19.589993633863585,,,,,,,18.56316311906055,18.91489412573808,19.057077265784223,19.54368802658532,19.893712463670607,18.531598046751885,"rgba(239, 83, 80, 1.0)",0.0,0.0,0.6060245587150038,19.406488736796607,-2.3125939644562963,29.66277855609094,-13.227650420241417,False,True,False,True,False,0.0,19.015400000000003,20.0449,0.0,0.0,0.0,0.0,0,0.8561403508771929,1.0539473684210525,False,False,False,False,-0.34282825441539394,-0.3177813642073315,False,False,False,False,-1655380.0,-515988.84399952204,False,False,False,False,105419.5879557401,False,False,False,False
2025-03-05 17:00:00+00:00,18.005,18.105,18.005,18.075,137178.0,,,,,,19.57389829449289,,,,,,,18.52980398180224,18.894880378494836,19.036546744545717,19.527550338215516,19.88066237691414,18.505336807590016,"rgba(239, 83, 80, 1.0)",0.0,0.0,0.6201526040034014,19.387442527697026,-2.116321884685383,29.062830153907367,-14.106572282303674,False,True,False,True,False,0.0,18.981199999999998,20.034425,0.0,0.0,0.0,0.0,0,0.8596646072374226,1.06531332744925,False,False,False,False,-0.33425435570347184,-0.32601785995540167,False,False,False,False,-1518202.0,-531527.0324646457,False,False,False,False,105911.96643704645,False,False,False,False
2025-03-05 18:00:00+00:00,18.075,18.13,18.015,18.11,78525.0,,,,,,19.56497629693233,,,,,,,18.513488149285507,18.88414999200512,19.025443399001198,19.51861434811703,19.8733701869661,18.492726419933415,"rgba(239, 83, 80, 1.0)",0.0,0.0,0.6320111257430588,19.377248857733715,-2.0051052997584566,29.350347949080202,-14.24206962448747,False,True,False,True,False,0.0,18.9483,20.02375,0.0,0.0,0.0,0.0,0,0.861840653277422,1.060251600088281,False,False,False,False,-0.32998518295758056,-0.3280015214564911,False,False,False,False,-1439677.0,-545606.8769225582,False,False,False,False,105487.36230623952,False,False,False,False
2025-03-05 19:00:00+00:00,18.105,18.27,18.105,18.215,55960.0,,,,,,19.559157937360126,,,,,,,18.50541731896583,18.877719487535135,19.01860846141807,19.512804259495347,19.868531758995065,18.48808562219157,"rgba(239, 83, 80, 1.0)",0.0,0.0,0.6401505523934767,19.371043990514828,-1.8058939200981126,31.59759575789846,-14.24206962448747,False,True,False,True,False,0.0,18.9221,20.01375,0.0,0.0,0.0,0.0,0,0.8628269949439435,1.0553967905034074,False,False,False,False,-0.30220953380626653,-0.3151055276313788,False,False,False,False,-1383717.0,-558600.8323191076,False,False,False,False,104719.49622397224,False,False,False,False
2025-03-05 20:00:00+00:00,18.215,18.275,18.18,18.205,130577.0,,,,,,19.54600117402471,,,,,,,18.489403468864122,18.863670802823076,19.00353052511553,19.49968047729241,19.857505712780075,18.415336029916936,"rgba(239, 83, 80, 1.0)",0.0,0.0,0.647544412195571,19.357419795451023,-1.779676843389965,32.98338563527172,-14.24206962448747,False,True,False,True,True,0.0,18.8983,20.003700000000002,0.0,0.0,0.0,0.0,0,0.8649122807017542,1.055043859649123,False,False,False,False,-0.2926555182021212,-0.30388052291675,False,False,False,False,-1514294.0,-573417.7806552455,False,False,False,False,105120.38775538352,False,False,False,False
2025-03-06 15:00:00+00:00,17.495,17.995,17.485,17.975,169896.0,,,,,,19.52419509584137,,,,,,,18.443747298630324,18.83540489521694,18.975113711560404,19.477762452477098,19.839913120233337,18.242832233859122,"rgba(239, 83, 80, 1.0)",0.0,0.0,0.6594957943024674,19.331500224564195,-2.056874715931935,31.58738381864576,-14.24206962448747,False,True,False,True,True,0.0,18.8709,19.992725,0.0,0.0,0.0,0.0,0,0.8485561497326201,1.0579679144385028,False,False,False,False,-0.34282825441539394,-0.32335438866607197,False,False,False,False,-1684190.0,-590639.0553737688,False,False,False,False,106124.6608134396,False,False,False,False
2025-03-06 16:00:00+00:00,17.98,18.045,17.8,17.81,57400.0,,,,,,19.5172347842385,,,,,,,18.431192604945085,18.826801015896653,18.966354168314467,19.47077827565499,19.834231553974917,18.233879735944946,"rgba(239, 83, 80, 1.0)",0.0,0.0,0.6745719229846561,19.323578306884308,-2.2437611992320305,29.353581914664435,-15.303641626051693,False,True,False,True,False,0.0,18.839100000000002,19.980375,0.0,0.0,0.0,0.0,0,0.8651182612401447,1.053483912209674,False,False,False,False,-0.30233129419656785,-0.3128428414313199,False,False,False,False,-1741590.0,-608483.2560656484,False,False,False,False,105369.2397155568,False,False,False,False
2025-03-06 17:00:00+00:00,17.795,17.815,17.585,17.655,103102.0,,,,,,19.503366122179923,,,,,,,18.402244950380503,18.80853153904785,18.94812316556905,19.456822957596387,19.823070177228033,18.197283553021748,"rgba(239, 83, 80, 1.0)",0.0,0.0,0.6925195739907253,19.30708645238748,-2.385616976668453,26.823518692398686,-17.909169395662914,False,True,False,True,False,0.0,18.8131,19.96725,0.0,0.0,0.0,0.0,0,0.8548283947985502,1.070773822212748,False,False,False,False,-0.34282825441539394,-0.3278355479233569,False,False,False,False,-1844692.0,-627649.2831033902,False,False,False,False,105334.08871221483,False,False,False,False
2025-03-06 18:00:00+00:00,17.655,17.78,17.61,17.775,93792.0,,,,,,19.491181659127193,,,,,,,18.379045542938524,18.79293838275589,18.932451788760844,19.444574736547178,19.813189292480036,18.17415150994055,"rgba(239, 83, 80, 1.0)",0.0,0.0,0.6974632090138237,19.292989533839098,-2.176443881513774,27.70606507511077,-17.909169395662914,False,True,False,True,False,0.0,18.7853,19.954725,0.0,0.0,0.0,0.0,0,0.8504672897196259,1.0741291418861514,False,False,False,False,-0.34282825441539394,-0.3353319011693754,False,False,False,False,-1750900.0,-645064.0229002369,False,False,False,False,105155.14160039755,False,False,False,False
2025-03-06 19:00:00+00:00,17.775,17.91,17.715,17.715,150607.0,,,,,,19.472594871796716,,,,,,,18.347957457800828,18.770128174054758,18.909281231677664,19.42591858221031,19.797953087496463,18.149910287063193,"rgba(239, 83, 80, 1.0)",0.0,0.0,0.7032901634844498,19.2722598236436,-2.2142494015957235,27.778615506561156,-17.909169395662914,False,True,False,True,False,0.0,18.7571,19.9419,0.0,0.0,0.0,0.0,0,0.8554216867469878,1.068273092369478,False,False,False,False,-0.31698857016000415,-0.32616023566468977,False,False,False,False,-1901507.0,-664543.758979303,False,False,False,False,105859.82157558519,False,False,False,False
2025-03-06 20:00:00+00:00,17.715,17.815,17.685,17.705,232620.0,,,,,,19.44392452221027,,,,,,,18.30247123472201,18.735335035675547,18.873913568191316,19.397145280389886,19.774348719259624,18.11278729446478,"rgba(239, 83, 80, 1.0)",0.0,0.0,0.706739895066924,19.24074618829527,-2.173000560764784,27.736238961308384,-17.909169395662914,False,True,False,True,False,0.0,18.7293,19.929025,0.0,0.0,0.0,0.0,0,0.8536791060510224,1.072527935905545,False,False,False,False,-0.33049620165567134,-0.3283282186601806,False,False,False,False,-2134127.0,-687327.9952741975,False,False,False,False,107825.09565968464,False,False,False,False
2025-03-07 15:00:00+00:00,17.755,17.79,17.39,17.475,215604.0,,,,,,19.41542201090898,,,,,,,18.254154444184103,18.69957352247056,18.83800490862921,19.368490987099893,19.751024416532427,18.06510568199324,"rgba(239, 83, 80, 1.0)",0.0,0.0,0.7153651496244571,19.208853363647467,-2.4237319424320307,25.851263165713043,-19.974212990531786,False,True,False,True,False,0.0,18.6977,19.915,0.0,0.0,0.0,0.0,0,0.8462179620754323,1.071681600333403,False,False,False,False,-0.34282825441539394,-0.3355782365377873,False,False,False,False,-2349731.0,-713101.6852699463,False,False,False,False,109496.08642465077,False,False,False,False
2025-03-07 16:00:00+00:00,17.475,17.51,17.28,17.345,186822.0,,,,,,19.389176668155567,,,,,,,18.207895944281113,18.66586687189888,18.804445709534768,19.342070834478264,19.729644176502113,17.894726192783235,"rgba(239, 83, 80, 1.0)",0.0,0.0,0.7278770686228193,19.17915208760717,-2.5198651897050177,23.758859802819437,-22.173490966255653,False,True,False,True,False,0.0,18.6653,19.900325,0.0,0.0,0.0,0.0,0,0.8478668054110301,1.0805411030176901,False,False,False,False,-0.34282825441539394,-0.33920324547659064,False,False,False,False,-2536553.0,-741372.2482890169,False,False,False,False,110694.93779791199,False,False,False,False
2025-03-07 17:00:00+00:00,17.35,17.49,17.31,17.435,128043.0,,,,,,19.37186771688092,,,,,,,18.180079688219042,18.644314227282756,18.78283960397119,19.324665182410904,19.71541648250928,17.873053804734937,"rgba(239, 83, 80, 1.0)",0.0,0.0,0.7345439352364915,19.160070202540563,-2.3484915194149223,24.54212653312454,-22.173490966255653,False,True,False,True,False,0.0,18.6427,19.884175,0.0,0.0,0.0,0.0,0,0.8631114843585973,1.0745328574427884,False,False,False,False,-0.3416759178110334,-0.34043958164381205,False,False,False,False,-2408510.0,-767219.3452147685,False,False,False,False,110963.90000259553,False,False,False,False
2025-03-07 18:00:00+00:00,17.435,17.64,17.43,17.635,98180.0,,,,,,19.359844002466065,,,,,,,18.164120211282825,18.63032092138222,18.76856297070107,19.31260584146186,19.705358701799447,17.86781023715433,"rgba(239, 83, 80, 1.0)",0.0,0.0,0.730605068258961,19.147456348618608,-2.0701421524802783,29.222690781095004,-24.905862427921395,False,True,False,True,True,0.0,18.6234,19.8686,0.0,0.0,0.0,0.0,0,0.86342689568496,1.0651445328864686,False,False,False,False,-0.3106067853680193,-0.3255231835059157,False,False,False,False,-2310330.0,-791143.5414129891,False,False,False,False,110765.7000025553,False,False,False,False
2025-03-07 19:00:00+00:00,17.635,17.775,17.615,17.63,137695.0,,,,,,19.344221280815034,,,,,,,18.1467969745791,18.6131786916144,18.75079962060444,19.296970722732446,19.692095948386125,17.866843848535105,"rgba(239, 83, 80, 1.0)",0.0,0.0,0.726774516750629,19.13172939558975,-2.0662934114750007,32.2822854014021,-22.12384227825033,False,True,False,True,True,0.0,18.601000000000003,19.852874999999997,0.0,0.0,0.0,0.0,0,0.8730591691145612,1.05937893411666,False,False,False,False,-0.27263767270313705,-0.2990804281045264,False,False,False,False,-2448025.0,-816831.6260422451,False,False,False,False,111183.20852964745,False,False,False,False
2025-03-07 20:00:00+00:00,17.63,17.665,17.43,17.485,281900.0,,,,,,19.310393550048722,,,,,,,18.105004812387417,18.57474333069182,18.71145920849427,19.263064748246887,19.66354235743871,17.840007154598702,"rgba(239, 83, 80, 1.0)",0.0,0.0,0.7281868881983891,19.096898748892233,-2.2135783752990124,32.61203909521093,-21.828466507843345,False,True,False,True,True,0.0,18.5722,19.835625,0.0,0.0,0.0,0.0,0,0.868003341687552,1.058479532163743,False,False,False,False,-0.3061369324599077,-0.30260868028221705,False,False,False,False,-2729925.0,-846491.988429187,False,False,False,False,113829.98049042812,False,False,False,False
2025-03-10 14:00:00+00:00,17.075,17.27,17.0,17.09,230383.0,,,,,,19.27757594822118,,,,,,,18.05358605323227,18.533868058015123,18.670730375817,19.230037387475665,19.63642446210606,17.783385739168608,"rgba(239, 83, 80, 1.0)",0.0,0.0,0.7417390874652483,19.061024088418556,-2.6573010937769967,29.610336670741056,-21.828466507843345,False,True,False,True,False,0.0,18.5344,19.8166,0.0,0.0,0.0,0.0,0,0.8626520932150958,1.0610435141266241,False,False,False,False,-0.34282825441539394,-0.3227184673488055,False,False,False,False,-2960308.0,-879264.3296938507,False,False,False,False,115637.00404871604,False,False,False,False
2025-03-10 15:00:00+00:00,17.085,17.165,17.085,17.14,7617.0,,,,,,19.276512658367302,,,,,,,18.051994778277543,18.532565098739013,18.66942781111215,19.228967894589985,19.635541276273354,17.781739864595735,"rgba(239, 83, 80, 1.0)",0.0,0.0,0.7520832748121409,19.059876361071794,-2.552744390641249,28.620703265970786,-21.828466507843345,False,True,False,True,False,0.0,18.4985,19.797749999999997,0.0,0.0,0.0,0.0,0,0.8671907323127843,1.0630947455523378,False,False,False,False,-0.34282825441539394,-0.33277336088209974,False,False,False,False,-2952691.0,-911410.4796210778,False,False,False,False,113962.2753037747,False,False,False,False
2025-03-10 16:00:00+00:00,17.14,17.14,17.14,17.14,0.0,,,,,,19.276512658367302,,,,,,,18.051994778277543,18.532565098739013,18.66942781111215,19.228967894589985,19.635541276273354,17.781739864595735,"rgba(239, 83, 80, 1.0)",0.0,0.0,0.7586702864904503,19.059876361071794,-2.5305806689134904,27.960947662790606,-17.558502784331665,False,True,False,True,False,0.0,18.4571,19.776899999999998,0.0,0.0,0.0,0.0,0,0.8823156560321149,1.0652862877667444,False,False,False,False,-0.33947802870639043,-0.3361256947942451,False,False,False,False,-2952691.0,-943058.2396269526,False,False,False,False,112195.41832232082,False,False,False,False
2025-03-10 17:00:00+00:00,17.14,17.14,16.925,16.995,246218.0,,,,,,19.240967441037387,,,,,,,17.997551608864722,18.488507919696275,18.625551240547782,19.193192460940637,19.606085116162216,17.72391566749898,"rgba(239, 83, 80, 1.0)",0.0,0.0,0.773935578248716,19.021267020646903,-2.618133960493195,26.391140148189955,-19.222604130812705,False,True,False,True,False,0.0,18.4134,19.755425,0.0,0.0,0.0,0.0,0,0.875737152485257,1.0596040438079195,False,False,False,False,-0.34282825441539394,-0.3394769746048195,False,False,False,False,-3198909.0,-978032.6700203331,False,False,False,False,114273.28780569568,False,False,False,False
2025-03-10 18:00:00+00:00,16.995,17.025,16.89,16.895,324943.0,,,,,,19.1940392268447,,,,,,,17.928497296871036,18.431062469607017,18.568271412096657,19.14597110490487,19.566991013856487,17.653364103943126,"rgba(239, 83, 80, 1.0)",0.0,0.0,0.7898966462212659,18.970857625211156,-2.628011696393084,24.64820386696239,-21.027045065160856,False,True,False,True,False,0.0,18.3692,19.734525,0.0,0.0,0.0,0.0,0,0.8747895622895623,1.0629208754208759,False,False,False,False,-0.34282825441539394,-0.3411526145101067,False,False,False,False,-3523852.0,-1017502.7371518009,False,False,False,False,117539.48489397946,True,False,False,False
2025-03-10 19:00:00+00:00,16.895,17.33,16.83,17.275,599864.0,,,,,,19.119795032052103,,,,,,,17.84444981771513,18.348798838158675,18.484410232748196,19.071545390647955,19.503234124466037,17.486309892542675,"rgba(239, 83, 80, 1.0)",0.0,0.0,0.7936615454011475,18.73953419114941,-1.8452880823514999,30.779194996177083,-23.946302163908896,False,True,False,True,True,0.0,18.3336,19.715999999999998,0.0,0.0,0.0,0.0,0,0.8728515220542554,1.0507351418513153,True,False,False,False,-0.3169728996241072,-0.32906275706710697,False,False,False,False,-2923988.0,-1047060.6482037109,False,False,False,False,125017.38435298752,False,False,False,False
2025-03-11 14:00:00+00:00,17.86,18.01,17.655,17.72,130790.0,,,,,,19.109411020532058,,,,,,,17.84331967590287,18.34118147745789,18.475665854307827,19.061276290015506,19.49348561525099,17.50421090627637,"rgba(38, 166, 154, 1.0)",0.0,0.0,0.7862211366247808,18.739063978222514,-1.296154390604812,39.94966429286974,-15.760337409495968,False,False,False,True,True,0.0,18.3092,19.69925,0.0,0.0,0.0,0.0,0,0.8951938610662359,1.031906300484653,False,False,False,False,-0.1655476667287633,-0.24730521189793514,False,False,False,False,-2793198.0,-1074132.545130785,False,False,False,False,125106.88226999546,False,False,False,False
2025-03-11 15:00:00+00:00,17.725,17.955,17.69,17.855,87334.0,,,,,,19.102766934123327,,,,,,,17.84316956718847,18.33655953495747,18.47027128030302,19.054715494040153,19.48718336345339,17.520358392329655,"rgba(38, 166, 154, 1.0)",0.0,0.0,0.7754018313106336,18.73805425699014,-1.1388343712027922,47.227324321476516,-9.612126222714274,True,False,False,False,True,0.0,18.282899999999998,19.683775,0.0,0.0,0.0,0.0,0,0.8958333333333333,1.0332532051282055,False,False,False,False,-0.16749729775597802,-0.2074012548269566,False,False,False,False,-2705864.0,-1099430.7072217807,False,False,False,False,124521.2561882901,False,False,False,False
2025-03-11 16:00:00+00:00,17.855,17.88,17.705,17.725,63797.0,,,,,,19.09771705947875,,,,,,,17.842374865528033,18.332817779660033,18.46600131633117,19.049720781851875,19.48243461977496,17.527059680971917,"rgba(38, 166, 154, 1.0)",0.0,0.0,0.7647881411873372,18.736272548276855,-1.3222910945073596,50.36653099819195,-7.236109450670803,True,False,True,False,True,0.0,18.2561,19.66665,0.0,0.0,0.0,0.0,0,0.8929440389294402,1.0433901054339012,False,False,False,False,-0.17335382952780334,-0.19037754217737995,False,False,False,False,-2769661.0,-1125325.7505206678,False,False,False,False,123579.79485203755,False,False,False,False
2025-03-11 17:00:00+00:00,17.725,17.73,17.6,17.61,56480.0,,,,,,19.09286586221146,,,,,,,17.84051097194823,18.328829256125598,18.461602097895277,19.044908177843023,19.477951170013778,17.527912846055322,"rgba(38, 166, 154, 1.0)",0.0,0.0,0.7583300168226846,18.733488350408617,-1.4815295787919676,51.01616437585537,-6.835775331809266,True,False,True,False,True,0.0,18.2259,19.649425,0.0,0.0,0.0,0.0,0,0.8894065221794611,1.0467895483086898,False,False,False,False,-0.19838107667421145,-0.1943793094257957,False,False,False,False,-2826141.0,-1151694.979194766,False,False,False,False,122539.48795510674,False,False,False,False
2025-03-11 18:00:00+00:00,17.61,17.86,17.605,17.815,72332.0,,,,,,19.08718344416468,,,,,,,17.83954082401296,18.324625969348425,18.456810671906858,19.03928851844382,19.47259462343949,17.534911434873038,"rgba(38, 166, 154, 1.0)",0.0,0.0,0.7485081739609548,18.73093116515561,-1.2236755683090075,53.56180902767447,-4.390169082498701,True,False,True,False,True,0.0,18.1994,19.63305,0.0,0.0,0.0,0.0,0,0.8881737731295253,1.0424376508447306,False,False,False,False,-0.18510272776973624,-0.189741018597766,False,False,False,False,-2753809.0,-1176533.9562615135,False,False,False,False,121761.07728913608,False,False,False,False
2025-03-11 19:00:00+00:00,17.815,17.925,17.78,17.845,135712.0,,,,,,19.07736577210803,,,,,,,17.83977206178023,18.31813564229486,18.44913377889892,19.029608778844736,19.463157521973447,17.553036476990304,"rgba(38, 166, 154, 1.0)",0.0,0.0,0.7422215375551192,18.72725512014753,-1.1886681745367857,55.554021482349654,-2.343123326489568,True,False,True,False,True,0.0,18.1724,19.6168,0.0,0.0,0.0,0.0,0,0.8949057360609707,1.0401123144805458,False,False,False,False,-0.16165212773757914,-0.17569657316767257,False,False,False,False,-2618097.0,-1198883.7708931179,False,False,False,False,121977.37066449832,False,False,False,False
2025-03-12 14:00:00+00:00,18.155,18.33,18.09,18.255,123061.0,,,,,,19.071276172708476,,,,,,,17.84734319350603,18.31699491691214,18.446591706188794,19.023713967423088,19.456661876998126,17.58820024190566,"rgba(38, 166, 154, 1.0)",0.0,0.0,0.7346024113100744,18.729154408860268,-0.6454571909377098,60.222656611768905,2.2096273951950565,True,False,True,False,True,0.0,18.1573,19.602275,0.0,0.0,0.0,0.0,0,0.899151371620288,1.0270376948884943,False,False,False,False,-0.09272171204001482,-0.1342091426038437,False,False,False,False,-2495036.0,-1218979.1542901238,False,False,False,False,121994.17111931229,False,False,False,False
2025-03-12 15:00:00+00:00,18.28,18.385,18.14,18.335,116322.0,,,,,,19.06601315627047,,,,,,,17.855355818697163,18.316647816683556,18.44489538770833,19.018644938607068,19.450888584360243,17.61917041277611,"rgba(38, 166, 154, 1.0)",0.0,0.0,0.7272351813608037,18.73105570370146,-0.5446047081500652,63.85829476446501,5.728056880334336,True,False,True,False,True,0.0,18.1452,19.588575000000002,0.0,0.0,0.0,0.0,0,0.9123189843285062,1.0249950406665345,False,False,False,False,-0.08268794713476627,-0.10844854486930498,False,False,False,False,-2378714.0,-1236959.5394949282,False,False,False,False,121906.23048180356,False,False,False,False
2025-03-12 16:00:00+00:00,18.335,18.495,18.315,18.355,94920.0,,,,,,19.062323967387652,,,,,,,17.863171723473208,18.317311097979683,18.444410021926213,19.015127309204825,19.446627288656234,17.64518281059794,"rgba(38, 166, 154, 1.0)",0.0,0.0,0.7185276988773117,18.73326269469863,-0.5264413540210907,66.41962451733062,8.283449626042248,True,False,True,False,True,0.0,18.1293,19.574975000000002,0.0,0.0,0.0,0.0,0,0.928258270227182,1.0093662813870068,False,False,False,False,-0.055531156147036076,-0.08198985050817054,False,False,False,False,-2283794.0,-1253189.531130666,False,False,False,False,121487.83931154304,False,False,False,False
2025-03-12 17:00:00+00:00,18.355,18.59,18.34,18.445,85162.0,,,,,,19.05938828788856,,,,,,,17.87090060471686,18.318472149930138,18.44451639796872,19.01235329732518,19.4430840160751,17.66855348399046,"rgba(38, 166, 154, 1.0)",0.0,0.0,0.7158504675501455,18.735576979766297,-0.40591854435848546,68.76734565444046,10.718045960511716,True,False,True,False,True,0.0,18.1169,19.561725,0.0,0.0,0.0,0.0,0,0.9251687177451368,1.0053592695514093,False,False,False,False,-0.04412344785327226,-0.0630566491807214,False,False,False,False,-2198632.0,-1267847.5539038337,False,False,False,False,120924.64800438732,False,False,False,False
2025-03-12 18:00:00+00:00,18.445,18.6,18.43,18.57,142754.0,,,,,,19.05513692736154,,,,,,,17.885013415625917,18.32139705513535,18.445639483578518,19.008385970705834,19.437649247792514,17.707289724067287,"rgba(38, 166, 154, 1.0)",0.0,0.0,0.7107388111377675,18.73996493261695,-0.23913838663863782,71.17627692060366,13.263656214125895,True,False,True,False,True,0.0,18.1073,19.549225,0.0,0.0,0.0,0.0,0,0.9304123711340203,1.002973830293418,False,False,False,False,-0.034625909106220966,-0.04884127914347118,False,False,False,False,-2055878.0,-1280065.0801998982,False,False,False,False,121263.08757021077,False,False,False,False
2025-03-12 19:00:00+00:00,18.565,18.58,18.4,18.405,150691.0,,,,,,19.05011690567875,,,,,,,17.89769655767817,18.32338415692225,18.445850596440007,19.00364761789951,19.43153321715774,17.73973646418277,"rgba(38, 166, 154, 1.0)",0.0,0.0,0.7057970256676561,18.742664956651282,-0.4784165197237312,69.63920049254794,13.263656214125895,True,False,True,False,True,0.0,18.0923,19.536475,0.0,0.0,0.0,0.0,0,0.9319620253164554,1.0003955696202533,False,False,False,False,-0.03937379102076162,-0.0441075350821164,False,False,False,False,-2206569.0,-1294429.482057264,False,False,False,False,121719.33427454859,False,False,False,False
2025-03-13 14:00:00+00:00,18.52,18.685,18.435,18.455,57665.0,,,,,,19.04842262987499,,,,,,,17.90293225792444,18.32447122863283,18.446247556227956,19.00206540147661,19.42936453408615,17.841768791662076,"rgba(38, 166, 154, 1.0)",0.0,0.0,0.7011399469614414,18.743916038632918,-0.41206615011026915,69.06677137861399,13.263656214125895,True,False,True,False,True,0.0,18.0777,19.524025,0.0,0.0,0.0,0.0,0,0.9315149136577706,0.994701726844584,False,False,False,False,-0.02608350863096525,-0.03509552185654083,False,False,False,False,-2148904.0,-1307677.1490021124,False,False,False,False,120726.2438206796,False,False,False,False
2025-03-13 15:00:00+00:00,18.46,18.485,18.255,18.26,37275.0,,,,,,19.04693433524314,,,,,,,17.905241869923085,18.324502008359563,18.445882678632525,19.00063952961248,19.427672264409168,17.837634123340646,"rgba(38, 166, 154, 1.0)",0.0,0.0,0.696977225059843,18.743946626594177,-0.6943507035723055,65.2631799249583,13.263656214125895,True,False,True,False,False,0.0,18.0565,19.51015,0.0,0.0,0.0,0.0,0,0.9261064534997074,1.0007798791187368,False,False,False,False,-0.062192136331738805,-0.04864382909413982,False,False,False,False,-2186179.0,-1321297.3327385138,False,False,False,False,119432.42608702565,False,False,False,False
2025-03-13 16:00:00+00:00,18.265,18.35,18.225,18.265,36830.0,,,,,,19.04536042953971,,,,,,,17.907218403561163,18.324349812185627,18.4453547208302,18.999124516082947,19.42592408271382,17.8362212571098,"rgba(38, 166, 154, 1.0)",0.0,0.0,0.6937349949678978,18.74375547358237,-0.6901129063044099,62.78872357761333,19.724112599314026,True,False,True,False,False,0.0,18.0338,19.5008,0.0,0.0,0.0,0.0,0,0.9335815047021944,1.0039184952978057,False,False,False,False,-0.07791591899268892,-0.06327987404341437,False,False,False,False,-2149349.0,-1334135.3430836531,False,False,False,False,118151.76831823455,False,False,False,False
2025-03-13 17:00:00+00:00,18.265,18.3,18.125,18.13,21200.0,,,,,,19.04434529787492,,,,,,,17.908059167897452,18.324076026624645,18.444878615701736,18.99814050912438,19.424836987927556,17.887130181880767,"rgba(38, 166, 154, 1.0)",0.0,0.0,0.6939179988940009,18.656566505850698,-0.7588310242564186,58.89304979572349,15.847313707354544,True,False,True,False,False,0.0,18.0097,19.49185,0.0,0.0,0.0,0.0,0,0.9274990122481233,1.0140260766495457,False,False,False,False,-0.09224350722148353,-0.07776169063244895,False,False,False,False,-2170549.0,-1347102.9966792555,False,False,False,False,116648.64012725417,False,False,False,False
2025-03-13 18:00:00+00:00,18.135,18.315,18.13,18.315,48950.0,,,,,,19.042196179761046,,,,,,,17.91045539069077,18.32375655164132,18.444073245021052,18.996067707712957,19.42247212971498,17.894402549683008,"rgba(38, 166, 154, 1.0)",0.0,0.0,0.69340053165336,18.6592680268801,-0.49649230302609837,58.77758128741703,15.477301422968921,True,False,True,False,False,0.0,17.9902,19.4843,0.0,0.0,0.0,0.0,0,0.9215104784499801,1.012455516014235,False,False,False,False,-0.09033110636130333,-0.08404639849687615,False,False,False,False,-2121599.0,-1359110.6866532206,False,False,False,False,115599.04880745178,False,False,False,False
2025-03-13 19:00:00+00:00,18.315,18.335,18.17,18.18,209179.0,,,,,,19.032855454285674,,,,,,,17.919611190270366,18.321949904317833,18.440265338412875,18.987044607774102,19.41225917640531,17.90483237847881,"rgba(38, 166, 154, 1.0)",0.0,0.0,0.6922175685158724,18.657120205354023,-0.6892633574397392,56.53233173916337,13.025680007427887,True,False,True,False,False,0.0,17.970299999999998,19.476775,0.0,0.0,0.0,0.0,0,0.9267616785431513,1.0075217735550277,False,False,False,False,-0.08459779886686633,-0.08432209868187124,False,False,False,False,-2330778.0,-1374175.296162473,False,False,False,False,117049.9007639254,False,False,False,False
2025-03-14 14:00:00+00:00,18.41,18.69,18.39,18.69,58510.0,,,,,,19.03143831861458,,,,,,,17.924969030633203,18.323361965250292,18.4410009546273,18.985743627452834,19.410296812362013,17.92693002567961,"rgba(38, 166, 154, 1.0)",0.0,0.0,0.6901303898212416,18.66238419631105,0.04001534216759495,60.16290283100196,13.025680007427887,True,False,True,False,True,1.5085302784843861,17.960600000000003,19.472075,0.0,0.0,0.0,0.0,0,0.9269717624148004,0.9871470301850049,False,False,False,False,-0.02987958716807476,-0.057100842924973,False,False,False,False,-2272268.0,-1388099.2140514269,False,False,False,False,116142.30540324439,False,False,False,False
2025-03-14 15:00:00+00:00,18.685,18.775,18.655,18.745,52783.0,,,,,,19.030556245531947,,,,,,,17.930695854348823,18.325261631377565,18.442254064899966,18.984975156871702,19.408824569282384,17.94922163758938,"rgba(38, 166, 154, 1.0)",0.0,0.0,0.6877685094000642,18.667869728559477,0.11214568621032675,62.99000562556716,13.025680007427887,True,False,True,False,True,2.115559804445173,17.9548,19.4667,0.0,0.0,0.0,0.0,0,0.9384375608805766,0.9840249366842004,False,False,False,False,0.003318968125809278,-0.02689093739958186,False,False,False,False,-2219485.0,-1400988.9161591567,False,False,False,False,115159.99059079099,False,False,False,False
2025-03-14 16:00:00+00:00,18.745,18.78,18.705,18.715,62938.0,,,,,,19.02953958821316,,,,,,,17.93748873767116,18.327550154754487,18.443777498739475,18.984093921965272,19.40709861889138,18.09735769671172,"rgba(38, 166, 154, 1.0)",0.0,0.0,0.6856994653320215,18.673338006409924,0.06075838716004016,64.36064203314152,8.008411144781071,True,False,True,False,True,1.7626567884513804,17.963,19.4603,0.0,0.0,0.0,0.0,0,0.9440641502053587,0.9816154899276355,False,False,False,False,0.00853468024879937,-0.009178128575391246,False,False,False,False,-2282423.0,-1414654.5608698672,False,False,False,False,114350.34732581748,False,False,False,False
2025-03-14 17:00:00+00:00,18.715,18.745,18.63,18.715,52605.0,,,,,,19.028590634549843,,,,,,,17.94282124069947,18.329272282935502,18.444878939054796,18.983255077238784,19.405584644021477,18.109852761742136,"rgba(38, 166, 154, 1.0)",0.0,0.0,0.6796223116454824,18.676799704447234,0.0562081245688897,65.27439963819108,9.160457278974015,True,False,True,False,True,1.7626567884513804,17.9719,19.453924999999998,0.0,0.0,0.0,0.0,0,0.9406928948913681,0.9817968291250734,False,False,False,False,-0.0018965634263440607,-0.0055373460008676535,False,False,False,False,-2282423.0,-1428108.3351199466,False,False,False,False,113393.05511921566,False,False,False,False
2025-03-14 18:00:00+00:00,18.715,18.74,18.68,18.68,32972.0,,,,,,19.028004544071973,,,,,,,17.946140157858963,18.33035323683928,18.445573501581386,18.982737880360414,19.4046434398143,18.117843109395945,"rgba(38, 166, 154, 1.0)",0.0,0.0,0.6736875796352616,18.678776217115697,0.0018165436343137815,65.16535489477491,9.43757041423666,True,False,True,False,True,1.3382812232194148,17.9751,19.446199999999997,0.0,0.0,0.0,0.0,0,0.9386154147872131,0.9848989998038832,False,False,False,False,0.0023706845454782265,-0.0015833307276947135,False,False,False,False,-2315395.0,-1441864.7175211878,False,False,False,False,112146.21705535185,False,False,False,False
2025-03-14 19:00:00+00:00,18.685,18.72,18.605,18.72,122414.0,,,,,,19.025726150139185,,,,,,,17.957918155724293,18.334115564243344,18.44793597310188,18.9807106687448,19.40108057481371,18.260499828653998,"rgba(38, 166, 154, 1.0)",0.0,0.0,0.6691721589981457,18.684652321029116,0.05282299703532767,65.55591056303545,10.265322937247127,True,False,True,False,True,1.810145530285439,17.976799999999997,19.43895,0.0,0.0,0.0,0.0,0,0.9369723149420773,0.9856666012173572,False,False,False,False,-0.006638037823272499,-0.004110684275483606,False,False,False,False,-2192981.0,-1453509.9312030298,False,False,False,False,112305.4074886022,False,False,False,False
2025-03-17 14:00:00+00:00,18.935,18.975,18.865,18.965,59254.0,,,,,,19.025438166934897,,,,,,,17.965433301617836,18.337214366696667,18.450283752722658,18.980562170663223,19.39997143096389,18.293219784002524,"rgba(38, 166, 154, 1.0)",0.0,0.0,0.6679289288943212,18.68968945869991,0.412185382890714,68.22402996648847,13.15805989242633,True,False,True,False,True,4.627604695176871,17.9832,19.432575,0.0,0.0,0.0,0.0,0,0.9375978090766822,0.986111111111111,False,False,False,False,0.04222333935517483,0.019056327539845614,False,False,False,False,-2133727.0,-1464055.9322696496,False,False,False,False,111482.90504691844,False,False,False,False
2025-03-17 15:00:00+00:00,18.965,19.0,18.905,18.92,46841.0,,,,,,19.025228489802256,,,,,,,17.971333084368208,18.339668547504758,18.452149050119417,18.980462539024202,19.399110886130526,18.462514644553465,"rgba(38, 166, 154, 1.0)",0.0,0.0,0.6676844280761359,18.693421763882355,0.33934928926005986,68.96175466221142,14.168406154644217,True,False,True,False,True,4.05721898925292,17.9922,19.425349999999998,0.0,0.0,0.0,0.0,0,0.9368276941130452,0.9847447682378251,False,False,False,False,0.04839981558336201,0.03372807156160381,False,False,False,False,-2180568.0,-1475164.646498027,False,False,False,False,110480.70496867165,False,False,False,False
2025-03-17 16:00:00+00:00,18.92,18.965,18.86,18.885,28136.0,,,,,,19.025045500808382,,,,,,,17.974704101199393,18.34103988308122,18.453175479468538,18.980344048062932,19.39855234824242,18.469223022966496,"rgba(38, 166, 154, 1.0)",0.0,0.0,0.6636131104493198,18.69537528381487,0.28574588596771616,68.61259148744219,14.168406154644217,True,False,True,False,True,3.6103152643072143,18.007199999999997,19.41685,0.0,0.0,0.0,0.0,0,0.9374508261211645,0.9895751376868607,False,False,False,False,0.040798472915120954,0.037263272238362385,False,False,False,False,-2208704.0,-1486537.3496530964,False,False,False,False,109204.0428761341,False,False,False,False
2025-03-17 17:00:00+00:00,18.885,18.945,18.875,18.92,47471.0,,,,,,19.02476326869759,,,,,,,17.98039738385764,18.34337941303314,18.454934958893816,18.98017080637322,19.397631803501007,18.481944353370594,"rgba(38, 166, 154, 1.0)",0.0,0.0,0.6616272936295299,18.698595676518316,0.3346360188182597,68.79409334229486,14.704401270157135,True,False,True,False,True,4.019749255576897,18.0255,19.408775000000002,0.0,0.0,0.0,0.0,0,0.9299526440410417,0.994277821625888,False,False,False,False,0.04032355451123025,0.03879341337479632,False,False,False,False,-2161233.0,-1496997.7473328933,False,False,False,False,108246.94143619403,False,False,False,False
2025-03-17 18:00:00+00:00,18.925,19.0,18.925,18.99,47388.0,,,,,,19.02462969567309,,,,,,,17.98636332037296,18.34593293384322,18.456899802268314,18.980148915696923,19.396826611538508,18.498302427905607,"rgba(38, 166, 154, 1.0)",0.0,0.0,0.6596705224565204,18.702066054196223,0.4364814494538121,69.73928241686644,15.956970166587112,True,False,True,False,True,4.840925173002518,18.0438,19.40125,0.0,0.0,0.0,0.0,0,0.9342936069455406,0.9865824782951855,False,False,False,False,0.05030099055252884,0.044547201963662575,False,False,False,False,-2113845.0,-1506561.270630058,False,False,False,False,107303.39195656312,False,False,False,False
2025-03-17 19:00:00+00:00,18.995,19.03,18.875,18.88,113890.0,,,,,,19.024050985281928,,,,,,,17.999794198391943,18.35156669585064,18.461169033573277,18.979830328809143,19.394707872729292,18.662202932340698,"rgba(38, 166, 154, 1.0)",0.0,0.0,0.6559666067636745,18.67290271240563,0.31571315591218796,67.40559829417062,15.956970166587112,True,False,True,False,False,3.3867724282694986,18.0592,19.393050000000002,0.0,0.0,0.0,0.0,0,0.9326904152725841,0.985632749458768,False,False,False,False,0.04839981558336201,0.04647350877351229,False,False,False,False,-2227735.0,-1517742.258682305,False,False,False,False,107405.50991072494,False,False,False,False
2025-03-18 14:00:00+00:00,18.84,18.91,18.8,18.8,42842.0,,,,,,19.02362832824714,,,,,,,18.00425885046942,18.353325489028215,18.46244383821861,18.979499973607844,19.39376013914383,18.661531933259788,"rgba(38, 166, 154, 1.0)",0.0,0.0,0.6503658914739089,18.673272471891277,0.19485574162188005,63.9217030017081,17.71767682925298,True,False,True,False,False,2.341407883502402,18.070899999999998,19.384475000000002,0.0,0.0,0.0,0.0,0,0.9304433497536946,0.9915270935960592,False,False,False,False,0.029879568185620764,0.03817653847956653,False,False,False,False,-2270577.0,-1529414.115136843,False,False,False,False,106404.52526094626,False,False,False,False
2025-03-18 15:00:00+00:00,18.805,18.85,18.705,18.705,40474.0,,,,,,19.023053583775255,,,,,,,18.008015289687425,18.354690931492897,18.463373832263915,18.979008004810183,19.392734251854645,18.656623992259313,"rgba(38, 166, 154, 1.0)",0.0,0.0,0.6468709369023066,18.672654973326146,0.05000228767231933,59.51719251387891,13.68389603134267,True,False,True,False,False,1.11147151206141,18.0809,19.3753,0.0,0.0,0.0,0.0,0,0.9244986236728273,0.9942980731419583,False,False,False,False,0.015173568273614888,0.026675053376590707,False,False,False,False,-2311051.0,-1541532.5164525507,False,False,False,False,105382.34657473004,False,False,False,False
2025-03-18 16:00:00+00:00,18.705,18.78,18.68,18.715,33623.0,,,,,,19.02252802050664,,,,,,,18.01098980431834,18.355738059505363,18.464066845815733,18.978549828461485,19.391846857646893,18.652521867940713,"rgba(38, 166, 154, 1.0)",0.0,0.0,0.6444054316656703,18.672240249694596,0.0663553536395211,56.791491472034664,11.301363954532391,False,False,True,False,False,1.2374674979458362,18.0957,19.364475,0.0,0.0,0.0,0.0,0,0.9210732471602037,0.9962788875832355,False,False,False,False,0.006163861503967575,0.01641945744027914,False,False,False,False,-2277428.0,-1552941.7487556117,False,False,False,False,104269.79856581948,False,False,False,False
2025-03-18 17:00:00+00:00,18.715,18.735,18.66,18.68,34518.0,,,,,,19.021930159278405,,,,,,,18.013876563805486,18.35671043198754,18.464684097407957,18.978019559749445,19.390892876486266,18.715571861347144,"rgba(38, 166, 154, 1.0)",0.0,0.0,0.6383084910367304,18.624460649757726,0.08701020121488239,54.15201166464024,8.965065366199234,False,False,True,False,False,0.7759870955531873,18.1131,19.353675,0.0,0.0,0.0,0.0,0,0.920523335286077,0.9980472563952354,False,False,False,False,-9.482758612783445e-09,0.008209723978760264,False,False,False,False,-2311946.0,-1564709.2565268425,False,False,False,False,103188.37533224089,False,False,False,False
2025-03-18 18:00:00+00:00,18.685,18.725,18.665,18.7,28551.0,,,,,,19.02144474030362,,,,,,,18.016263340240258,18.357522412924517,18.465203313618012,18.977590068260326,19.390111397093623,18.712283929991973,"rgba(38, 166, 154, 1.0)",0.0,0.0,0.6337428145192752,18.624493061029533,0.11914444983134406,52.90303909840904,7.842503888728004,False,False,False,False,False,1.0370438520115144,18.134,19.34275,0.0,0.0,0.0,0.0,0,0.9209039548022598,0.998441457237483,False,False,False,False,-0.00047414743570004566,0.003867788271530109,False,False,False,False,-2283395.0,-1575851.6711543333,False,False,False,False,102031.2067224387,False,False,False,False
2025-03-18 19:00:00+00:00,18.7,18.73,18.66,18.685,124945.0,,,,,,19.019304938195237,,,,,,,18.02643968789481,18.360978928135818,18.467399935467444,18.975692668529142,19.386687569027877,18.736839096002818,"rgba(38, 166, 154, 1.0)",0.0,0.0,0.6292234453228845,18.58745017747907,0.15503208478010722,51.656063148078985,6.603550038624576,False,True,False,False,False,0.8329248193562897,18.1522,19.331525,0.0,0.0,0.0,0.0,0,0.9209248105692637,0.9982514085875268,False,False,False,False,-0.00047414743570004566,0.0016968204179150317,False,False,False,False,-2408340.0,-1588758.4669503903,False,False,False,False,102386.45933139314,False,False,False,False
2025-03-19 14:00:00+00:00,18.815,18.885,18.785,18.84,25058.0,,,,,,19.019067578834484,,,,,,,18.028880602691274,18.361963741439837,18.468116872579817,18.97550788847793,19.386147362453176,18.743523595758564,"rgba(38, 166, 154, 1.0)",0.0,0.0,0.6243803919676932,18.59125100300035,0.39839335155246025,54.6003146889649,6.603550038624576,False,False,True,False,True,2.8744821724432583,18.1747,19.320875,0.0,0.0,0.0,0.0,0,0.9224985540775015,0.9926739926739926,False,False,False,False,0.026083489652542483,0.013890155035228757,False,False,False,False,-2383282.0,-1601076.661261237,False,False,False,False,101187.56848904595,False,False,False,False
2025-03-19 15:00:00+00:00,18.835,18.93,18.835,18.89,45027.0,,,,,,19.018755221342484,,,,,,,18.033490191454703,18.363902294613776,18.469566209335245,18.97529224510854,19.3852644717584,18.756718813863245,"rgba(38, 166, 154, 1.0)",0.0,0.0,0.6195270282550994,18.59825400761553,0.47091729509554114,57.54838056940066,2.3413308502544226,False,False,True,False,True,3.522123130822827,18.1984,19.309874999999998,0.0,0.0,0.0,0.0,0,0.9247022666154437,0.9909719554360353,False,False,False,False,0.03510060456681189,0.024495379801020324,False,False,False,False,-2338255.0,-1612505.7827920704,False,False,False,False,100316.86200084368,False,False,False,False
2025-03-19 16:00:00+00:00,18.89,18.915,18.85,18.885,16661.0,,,,,,19.018638575078278,,,,,,,18.035179971919007,18.36461368284152,18.470097804098774,18.975211244395766,19.38493748462442,18.76058062393882,"rgba(38, 166, 154, 1.0)",0.0,0.0,0.6116290682406883,18.60036161414638,0.4653774659081625,59.33726573334207,4.058551562734678,False,False,True,False,True,3.4502422193083504,18.2266,19.300225,0.0,0.0,0.0,0.0,0,0.9242010911925176,0.9990257209664849,False,False,False,False,0.03510060456681189,0.029797992183916107,False,False,False,False,-2354916.0,-1624016.0187177747,False,False,False,False,99019.87189230346,False,False,False,False
2025-03-19 17:00:00+00:00,18.885,18.9,18.795,18.8,34658.0,,,,,,19.01830416196381,,,,,,,18.038460772826088,18.36594050234497,18.47106154222563,18.974948708185988,19.38418873160797,18.76438259039429,"rgba(38, 166, 154, 1.0)",0.0,0.0,0.600505515273364,18.60299627269771,0.328063143953992,57.64332648225463,4.058551562734678,False,False,True,False,True,2.2239432545225633,18.2557,19.290425,0.0,0.0,0.0,0.0,0,0.917738791423002,1.0007797270955168,False,False,False,False,0.028455943720489693,0.0291269679522029,False,False,False,False,-2389574.0,-1635885.1347066464,False,False,False,False,98022.01341335301,False,False,False,False
2025-03-19 18:00:00+00:00,18.78,19.02,18.75,19.005,38472.0,,,,,,19.018119282859242,,,,,,,18.042495919632117,18.367697930655236,18.47240067360722,18.974847506644977,19.383499950256144,18.806477149169847,"rgba(38, 166, 154, 1.0)",0.0,0.0,0.5937267624659702,18.607797082289366,0.6689995176584259,60.66009874415572,5.2842789426311825,False,False,True,False,True,4.91985651445404,18.2871,19.282375,0.0,0.0,0.0,0.0,0,0.9184582607011426,0.9938020530699208,False,False,False,False,0.03557533482981061,0.032351151391006756,False,False,False,False,-2351102.0,-1646973.7682770859,False,False,False,False,97098.75739144055,False,False,False,False
2025-03-19 19:00:00+00:00,19.005,19.045,18.9,18.935,94810.0,,,,,,19.017836859316386,,,,,,,18.052673264090984,18.372251172746786,18.47591994517881,18.974773739549132,19.381940216532396,18.8615876014118,"rgba(38, 166, 154, 1.0)",0.0,0.0,0.5867798979587681,18.605895569610627,0.5608652094835342,60.568803362517414,5.339369999723587,False,False,True,False,True,3.9014515893011357,18.3131,19.274224999999998,0.0,0.0,0.0,0.0,0,0.9240726429675424,0.9922720247295209,False,False,False,False,0.05220252890767655,0.04227684014934165,False,False,False,False,-2445912.0,-1659360.407528604,False,False,False,False,97063.27278072054,False,False,False,False
2025-03-20 14:00:00+00:00,18.94,19.015,18.815,18.91,71662.0,,,,,,19.017454427381544,,,,,,,18.05982920708976,18.375376959365557,18.478293251165113,18.974543875969694,19.38063934848027,18.863685532266935,"rgba(38, 166, 154, 1.0)",0.0,0.0,0.5819455796356828,18.60990167157351,0.5156810858746641,59.7710840044693,5.339369999723587,False,False,True,False,True,3.5367358250350627,18.3387,19.26625,0.0,0.0,0.0,0.0,0,0.9224701808387842,0.992497114274721,False,False,False,False,0.04127340971350663,0.04177512493142414,False,False,False,False,-2517574.0,-1672666.0446211835,False,False,False,False,96669.4545980737,False,False,False,False
2025-03-20 15:00:00+00:00,18.91,18.94,18.865,18.905,35342.0,,,,,,19.017248834426137,,,,,,,18.063273875655412,18.376876854115785,18.479427564891168,18.974412727869275,19.379986774857493,18.864485678932418,"rgba(38, 166, 154, 1.0)",0.0,0.0,0.5769716451257654,18.611706757255938,0.5083321602054339,59.08085257543358,5.339369999723587,False,False,True,False,True,3.462717916399459,18.367099999999997,19.258375,0.0,0.0,0.0,0.0,0,0.9249999999999999,0.9938461538461538,False,False,False,False,0.03889890751388311,0.04033701622265363,False,False,False,False,-2552916.0,-1686313.3307510875,False,False,False,False,95718.64134849116,False,False,False,False
2025-03-20 16:00:00+00:00,18.905,18.94,18.865,18.87,22500.0,,,,,,19.017104966541545,,,,,,,18.06542200433286,18.377806246930344,18.48012677329076,18.974315822569935,19.379562105659726,18.864576389359136,"rgba(38, 166, 154, 1.0)",0.0,0.0,0.574239387253893,18.612681765743073,0.4481027250455011,57.458135638583705,5.339369999723587,False,True,True,False,False,2.938048853781339,18.4027,19.24925,0.0,0.0,0.0,0.0,0,0.9225120772946858,0.9986473429951691,False,False,False,False,0.04565714502922529,0.04299708062593946,False,False,False,False,-2575416.0,-1700097.8682588225,False,False,False,False,94583.46861440603,False,False,False,False
2025-03-20 17:00:00+00:00,18.865,18.925,18.865,18.9,37745.0,,,,,,19.016873949735412,,,,,,,18.069022353563614,18.37937293844484,18.48130860872074,18.974163571110545,19.378858639773387,18.865275382978098,"rgba(38, 166, 154, 1.0)",0.0,0.0,0.5791536229004982,18.61446270673428,0.4930251352580693,57.216916439819386,5.339369999723587,False,True,True,False,False,3.3570571867917387,18.437900000000003,19.239675,0.0,0.0,0.0,0.0,0,0.9245209986452485,0.9965163537836269,False,False,False,False,0.053484211857136456,0.048240646241537954,False,False,False,False,-2537671.0,-1713083.498208298,False,False,False,False,93702.25204674082,False,False,False,False
2025-03-20 18:00:00+00:00,18.895,18.91,18.825,18.865,28532.0,,,,,,19.016656472658013,,,,,,,18.071625377899892,18.38048264057553,18.482133329972946,18.974004478412134,19.37829523890263,18.864429630579835,"rgba(38, 166, 154, 1.0)",0.0,0.0,0.5834351288270222,18.61529092436681,0.4279980126243342,55.781205247852405,5.339369999723587,False,True,True,False,False,2.8183911364434167,18.4724,19.2302,0.0,0.0,0.0,0.0,0,0.9273645368032626,0.9953389007574286,False,False,False,False,0.06217953229394896,0.055210089267743456,False,False,False,False,-2566203.0,-1726310.157150805,False,False,False,False,92691.86054214017,False,False,False,False
2025-03-20 19:00:00+00:00,18.865,18.955,18.82,18.85,152640.0,,,,,,19.015567682655092,,,,,,,18.085410370363366,18.38643479613503,18.486580461268215,18.973226763783956,19.375350847590443,18.868861649886956,"rgba(38, 166, 154, 1.0)",0.0,0.0,0.5866431839074586,18.620708108909824,0.3908540956070287,54.268865243244775,8.158362260613004,False,True,True,False,False,2.58514353059212,18.5095,19.22055,0.0,0.0,0.0,0.0,0,0.9313896987366374,0.9885325558794947,False,False,False,False,0.07484155495952026,0.06502582211363186,False,False,False,False,-2718843.0,-1741698.26324149,False,False,False,False,93621.28906086668,False,False,False,False
2025-03-21 14:00:00+00:00,18.72,18.73,18.55,18.575,94157.0,,,,,,19.013693186631496,,,,,,,18.09099204421547,18.38814387622706,18.48749406346065,18.971515376512233,19.372628782858936,18.831482529607733,"rgba(239, 83, 80, 1.0)",0.0,0.0,0.5861743660270742,18.61401592769323,-0.06656027618142128,46.53616062799731,0.9510263302799373,False,True,False,True,False,0.0,18.5431,19.2093,0.0,0.0,0.0,0.0,0,0.9247063354515692,0.9882534180627768,False,False,False,False,0.023369397190443522,0.044197609652037693,False,False,False,False,-2813000.0,-1758307.59249356,False,False,False,False,93629.59465682223,False,False,False,False
2025-03-21 15:00:00+00:00,18.575,18.585,18.47,18.515,103256.0,,,,,,19.011168696417887,,,,,,,18.095901457722903,18.389227738222175,18.4877645395409,18.969157739927304,19.3692929457535,18.7558865076263,"rgba(239, 83, 80, 1.0)",0.0,0.0,0.5852285531818437,18.605033579831787,-0.15384345029353122,40.46843109236242,-4.350288921537555,False,True,False,True,False,0.0,18.567899999999998,19.1982,0.0,0.0,0.0,0.0,0,0.9226327944572745,0.9944187836797536,False,False,False,False,0.01311332302077224,0.028655466336404967,False,False,False,False,-2916256.0,-1776260.2809820317,False,False,False,False,93778.8412512901,False,False,False,False
2025-03-21 16:00:00+00:00,18.515,18.585,18.5,18.565,42530.0,,,,,,19.010192856132026,,,,,,,18.09801546540239,18.38975690257599,18.487957398490064,18.96825150664149,19.367969630546686,18.746269183697468,"rgba(239, 83, 80, 1.0)",0.0,0.0,0.5857834286023121,18.602365553673742,-0.06378731771722479,38.246103973124335,-6.067129386652695,False,True,False,True,False,0.0,18.5848,19.186799999999998,0.0,0.0,0.0,0.0,0,0.9346176298890833,0.9939676979957189,False,False,False,False,0.016392185062904206,0.02252382569965459,False,False,False,False,-2873726.0,-1793275.2533699072,False,False,False,False,92984.28557297551,False,False,False,False
2025-03-21 17:00:00+00:00,18.565,18.625,18.54,18.555,64693.0,,,,,,19.008791246676918,,,,,,,18.10135770770735,18.390671414522902,18.488357948674953,18.96695699599607,19.366022080220535,18.73550690910792,"rgba(239, 83, 80, 1.0)",0.0,0.0,0.5865302999783119,18.59930082460172,-0.07553032571950355,36.57437871531169,-7.4756413256543155,False,True,False,True,False,0.0,18.5988,19.175175000000003,0.0,0.0,0.0,0.0,0,0.93444855086559,0.9889126629060494,False,False,False,False,0.025137732124803056,0.023830778912228824,False,False,False,False,-2938419.0,-1811029.4199843272,False,False,False,False,92545.66099044876,False,False,False,False
2025-03-21 18:00:00+00:00,18.555,18.585,18.5,18.525,93635.0,,,,,,19.006608965672378,,,,,,,18.105743365023773,18.391716548481664,18.488683776963587,18.96492517506261,19.363090484768332,18.717283965468724,"rgba(239, 83, 80, 1.0)",0.0,0.0,0.5864208663002102,18.594526367367134,-0.11856052770731815,34.86289982521936,-9.085515001059711,False,True,False,True,False,0.0,18.6148,19.163375000000002,0.0,0.0,0.0,0.0,0,0.9327371695178847,0.9904743390357698,False,False,False,False,0.016392185062904206,0.020111481987566515,False,False,False,False,-3032054.0,-1829960.0336279809,False,False,False,False,92562.54996734102,False,False,False,False
2025-03-21 19:00:00+00:00,18.52,18.65,18.45,18.65,212385.0,,,,,,19.002217258434197,,,,,,,18.116413382862312,18.394778210099847,18.490109954981804,18.960881448531786,19.35688836431633,18.674343104657535,"rgba(239, 83, 80, 1.0)",0.0,0.0,0.5874940444396946,18.557568068211864,0.1573325426239655,38.33102223750222,-9.085515001059711,False,True,False,True,True,0.0,18.6356,19.152224999999998,0.0,0.0,0.0,0.0,0,0.9301335397716274,0.9895490613508806,False,False,False,False,0.018031743849355214,0.019071612918460865,False,False,False,False,-2819669.0,-1845304.3586880122,False,False,False,False,94420.26237094813,False,False,False,False
2025-03-24 14:00:00+00:00,18.945,19.0,18.885,18.995,100473.0,,,,,,19.002011053423235,,,,,,,18.125236035318633,18.39901852093137,18.49343572463936,18.96087705176478,19.355400567423775,18.713277828662633,"rgba(38, 166, 154, 1.0)",0.0,0.0,0.5927900666027748,18.573075600450345,0.7117602391141034,47.66856019333058,-9.346357243710884,False,True,False,False,True,4.725981875012813,18.6592,19.1431,0.0,0.0,0.0,0.0,0,0.9372368924607728,0.9854573287409109,False,False,False,False,0.10418324338956138,0.06162742815401112,False,False,False,False,-2719196.0,-1858853.0663052523,False,False,False,False,94514.1032644218,False,False,False,False
2025-03-24 15:00:00+00:00,18.995,19.075,18.915,19.065,133383.0,,,,,,19.002116209441592,,,,,,,18.13746616396692,18.40512565553845,18.49832179831264,18.961255022968192,19.353731449538593,18.754955222156838,"rgba(38, 166, 154, 1.0)",0.0,0.0,0.599289647066376,18.590305785162087,0.7920948028413679,54.80002285807161,-3.155320046612829,False,False,True,False,True,5.679257792384966,18.683600000000002,19.134574999999998,0.0,0.0,0.0,0.0,0,0.9372968839610013,0.986809405467406,False,False,False,False,0.14706891918004988,0.1043481736670305,False,False,False,False,-2585813.0,-1870123.7629516823,False,True,False,False,95116.72181846178,False,True,False,False
2025-03-24 16:00:00+00:00,19.065,19.115,18.825,18.865,115418.0,,,,,,19.001744126781773,,,,,,,18.14680598269455,18.40960879129117,18.501811078316372,18.96110641520359,19.35194487075496,18.79168013339074,"rgba(38, 166, 154, 1.0)",0.0,0.0,0.6025874614099684,18.597143450121848,0.44451065950062124,54.80828291869772,-3.155320046612829,False,False,True,False,True,2.609904607100983,18.695800000000002,19.12385,0.0,0.0,0.0,0.0,0,0.9399428026692084,0.9813155386081985,False,False,False,False,0.1428102351001711,0.1235792043836008,False,False,False,False,-2701231.0,-1883009.1464718112,False,False,False,False,95431.47031740035,False,False,False,False
2025-03-24 17:00:00+00:00,18.865,18.9,18.83,18.88,94417.0,,,,,,19.001149348910893,,,,,,,18.15366844645796,18.412773379155524,18.504202147337892,18.96068651271045,19.350268587424257,18.794527198060713,"rgba(38, 166, 154, 1.0)",0.0,0.0,0.6046998883370313,18.599519453671434,0.46383429489280587,55.07125055311269,-3.047350741492643,False,False,True,False,True,2.820058135573735,18.7067,19.113125,0.0,0.0,0.0,0.0,0,0.9393823865802512,0.9879908501715595,False,False,False,False,0.13801247628883292,0.13079584033621686,False,False,False,False,-2606814.0,-1894230.927146667,False,False,False,False,95415.74209542514,False,False,False,False
2025-03-24 18:00:00+00:00,18.88,18.88,18.775,18.82,88492.0,,,,,,19.000407142628248,,,,,,,18.159586388850556,18.41541208563405,18.506142904933466,18.96010290904811,19.34856182978946,18.79938911743095,"rgba(38, 166, 154, 1.0)",0.0,0.0,0.6042257125541552,18.600546487016295,0.3631979050610758,53.92256958172974,-3.047350741492643,False,False,True,False,True,1.908745938830819,18.715999999999998,19.102224999999997,0.0,0.0,0.0,0.0,0,0.9456813819577731,0.9882917466410751,False,False,False,False,0.1687436935606416,0.14976976694842922,False,False,False,False,-2695306.0,-1906650.6957180363,False,False,False,False,95308.39725673638,False,False,False,False
2025-03-24 19:00:00+00:00,18.82,18.89,18.81,18.865,158243.0,,,,,,18.99931974139035,,,,,,,18.17037845827377,18.420386916749482,18.509876565124003,18.959300697265096,19.345710572967896,18.806533645996282,"rgba(38, 166, 154, 1.0)",0.0,0.0,0.6017634969871248,18.605519680640356,0.43119983292239217,54.07352067819579,-3.047350741492643,False,False,True,False,True,2.5579801111271294,18.7244,19.091425,0.0,0.0,0.0,0.0,0,0.9528120184899842,0.9774653312788907,False,False,False,False,0.18233105460883545,0.16605041077863233,False,False,False,False,-2537063.0,-1916424.5298929503,False,False,False,False,96284.12753182574,False,False,False,False
2025-03-25 14:00:00+00:00,19.01,19.02,18.88,18.995,83878.0,,,,,,18.999184236948494,,,,,,,18.176861630716942,18.423634399205227,18.512443904058756,18.959323662245957,19.344548360713087,18.819385103282368,"rgba(38, 166, 154, 1.0)",0.0,0.0,0.6022564402475818,18.6114826600849,0.6368007285359064,56.545935609948444,-0.4478002320743215,False,False,True,False,True,4.406422468170433,18.7329,19.081575,0.0,0.0,0.0,0.0,0,0.9570493066255773,0.9691833590138677,False,False,False,False,0.21035194945590394,0.18820118011726814,False,False,False,False,-2453185.0,-1924746.397646548,False,False,False,False,96091.78446931682,False,False,False,False
2025-03-25 15:00:00+00:00,18.995,19.0,18.83,18.84,51987.0,,,,,,18.99891770168026,,,,,,,18.18044966955695,18.425351634661233,18.513759330107003,18.95915096345915,19.343689947568873,18.821870366763076,"rgba(38, 166, 154, 1.0)",0.0,0.0,0.5995966962868203,18.613537715114255,0.3776910151242986,54.64826340126493,-0.4478002320743215,False,False,True,False,True,2.0155519164281763,18.741600000000002,19.071775,0.0,0.0,0.0,0.0,0,0.9536538461538457,0.9705769230769232,False,False,False,False,0.20733650586794733,0.19776884299260772,False,False,False,False,-2505172.0,-1933745.2441946634,False,False,False,False,95407.98936126538,False,False,False,False
2025-03-25 16:00:00+00:00,18.845,18.92,18.825,18.86,49378.0,,,,,,18.998615623842205,,,,,,,18.183721317683066,18.42689550783242,18.51492881814399,18.958936580485467,19.342838816903985,18.82301961748957,"rgba(38, 166, 154, 1.0)",0.0,0.0,0.5965868988905147,18.61507605071359,0.4105419507902365,53.78447660352721,-0.4478002320743215,False,False,True,False,True,2.303745753013647,18.7497,19.0632,0.0,0.0,0.0,0.0,0,0.9707798617966431,0.970187561697927,False,False,False,False,0.1952569430059986,0.19651289299930316,False,False,False,False,-2455794.0,-1941839.0233544358,False,False,False,False,94694.34611535429,False,False,False,False
2025-03-25 17:00:00+00:00,18.865,18.885,18.815,18.83,38345.0,,,,,,18.99833717502298,,,,,,,18.186148566662624,18.42801953663896,18.515767818825307,18.958725051438677,19.34214524935804,18.82302231773135,"rgba(38, 166, 154, 1.0)",0.0,0.0,0.5884884209748713,18.615943124774127,0.36374016479588794,52.51975798034512,-0.4478002320743215,False,False,True,False,False,1.8393340704375412,18.7611,19.054025000000003,0.0,0.0,0.0,0.0,0,0.9582172701949857,0.9775169120573022,False,False,False,False,0.18888480217347753,0.19269884758639033,False,False,False,False,-2494139.0,-1950401.8136900258,False,False,False,False,93820.71284224802,False,False,False,False
2025-03-25 18:00:00+00:00,18.835,18.89,18.83,18.865,57547.0,,,,,,18.99797036176222,,,,,,,18.189858660466697,18.429769069103745,18.517088975419792,18.958459250806158,19.341146095365623,18.824015895254522,"rgba(38, 166, 154, 1.0)",0.0,0.0,0.5769002521240387,18.6175779788652,0.42888180447804886,52.50217043590987,-0.4478002320743215,False,False,True,False,False,2.358858497543512,18.7731,19.045925,0.0,0.0,0.0,0.0,0,0.9526189524190319,0.9798080767692925,False,False,False,False,0.19171496377533498,0.19220690568086266,False,False,False,False,-2436592.0,-1957939.6460359169,False,False,False,False,93258.32969740697,False,False,False,False
2025-03-25 19:00:00+00:00,18.865,18.95,18.845,18.865,115265.0,,,,,,18.997375212185272,,,,,,,18.19744066983486,18.43343162093464,18.51989489904772,18.95806759768524,19.339260961325223,18.828085325581178,"rgba(38, 166, 154, 1.0)",0.0,0.0,0.566646186699233,18.62161031884376,0.429526725616924,52.49044540628637,-0.4478002320743215,False,False,True,False,False,2.358858497543533,18.7878,19.0381,0.0,0.0,0.0,0.0,0,0.9530281830901454,0.9744153507895265,False,False,False,False,0.20235553448201857,0.1972812200814406,False,False,False,False,-2436592.0,-1965360.612764042,False,False,False,False,93599.51838426887,False,False,False,False
2025-03-26 14:00:00+00:00,19.055,19.07,18.985,19.015,208374.0,,,,,,18.997623730266827,,,,,,,18.21337306157485,18.441858024538174,18.52671109914976,18.95870496715501,19.336909611318077,18.85207198146498,"rgba(38, 166, 154, 1.0)",0.0,0.0,0.5617830766631449,18.635734710987656,0.6751098507008945,55.83756739470792,1.1022268658462693,True,False,True,False,True,4.590032940665612,18.8018,19.03145,0.0,0.0,0.0,0.0,0,0.9556130573248401,0.9661624203821657,False,False,False,False,0.23961200902504776,0.21844661455324418,False,False,False,False,-2228218.0,-1969435.9210932816,False,False,False,False,95378.96771164455,False,False,False,False
2025-03-26 15:00:00+00:00,19.015,19.12,19.0,19.05,105943.0,,,,,,18.997909734582915,,,,,,,18.221563856473608,18.44629093131892,18.530334236777126,18.959188961240926,19.335853151939304,18.891777138494433,"rgba(38, 166, 154, 1.0)",1.0,18.616667,0.5566082695807277,18.655366737942742,0.7089964048764869,58.72662330552456,4.016438311785379,True,False,True,False,True,5.101209858239169,18.819200000000002,19.024749999999997,0.0,0.0,0.0,0.0,1,0.9599521817095034,0.9621438533572425,False,False,False,False,0.24902512249711892,0.23373586852518155,False,False,False,False,-2122275.0,-1971805.5192158665,False,False,False,False,95542.75115797564,False,False,False,False
2025-03-26 16:00:00+00:00,19.045,19.07,18.945,18.965,100684.0,,,,,,18.99788876343419,,,,,,,18.228622684096976,18.45001392286539,18.533323065937353,18.959348533229758,19.334630398583574,18.893599826250412,"rgba(38, 166, 154, 1.0)",0.0,0.0,0.5462668143245767,18.65837455682014,0.5613107645189531,57.948408957900256,4.016438311785379,True,False,True,False,True,3.685556511115543,18.824699999999996,19.0199,0.0,0.0,0.0,0.0,1,0.9781721746226026,0.9579763361893107,False,False,False,False,0.23384006654693987,0.2337879675360607,False,False,False,False,-2222959.0,-1975699.3716311243,False,False,False,False,95622.4604423481,False,False,False,False
2025-03-26 17:00:00+00:00,18.965,19.0,18.915,18.93,102372.0,,,,,,18.99765894159215,,,,,,,18.235254058057063,18.453438482410508,18.5360292622515,18.95929643873338,19.33323331696821,18.893362569545115,"rgba(38, 166, 154, 1.0)",0.0,0.0,0.5219533046663701,18.660504967991283,0.51632019492812,56.39473922227094,4.016438311785379,True,False,True,False,False,3.105563371514293,18.8284,19.015349999999998,0.0,0.0,0.0,0.0,1,0.9670149559516488,0.9573857816021308,False,False,False,False,0.2194760227191349,0.2266319951275978,False,False,False,False,-2325331.0,-1981120.017032192,False,False,False,False,95727.10446649775,False,False,False,False
2025-03-26 18:00:00+00:00,18.935,18.98,18.855,18.865,81091.0,,,,,,18.997301495105223,,,,,,,18.24007059107144,18.45585623554618,18.5378996038146,18.959075131491282,19.33199574260624,18.891148402078635,"rgba(38, 166, 154, 1.0)",0.0,0.0,0.4966171872081414,18.66120934152827,0.4103576431121704,53.52663233713164,8.039119763402773,True,False,True,False,False,2.029582339265872,18.831400000000002,19.0101,0.0,0.0,0.0,0.0,1,0.9602717167558662,0.9641827912721286,False,False,False,False,0.2080488964068582,0.217340445767228,False,False,False,False,-2406422.0,-1987713.8462254915,False,False,False,False,95500.18811817997,False,False,False,False
2025-03-26 19:00:00+00:00,18.865,19.04,18.865,18.93,207765.0,,,,,,18.996815581423135,,,,,,,18.25291859787092,18.462548666565205,18.543189840485404,18.958941814334747,19.329183917084997,18.894426462110417,"rgba(38, 166, 154, 1.0)",0.0,0.0,0.4693487149403043,18.667294153192785,0.5597242273064029,53.42422034665444,7.790794864147031,True,False,True,False,False,3.0411174941322017,18.8357,19.005425,0.0,0.0,0.0,0.0,1,0.954442383013811,0.966604823747681,False,False,False,False,0.21804460151366706,0.21769252364044753,False,False,False,False,-2198657.0,-1990984.2827181194,False,False,False,False,97240.72783727795,False,False,False,False
2025-03-27 14:00:00+00:00,18.875,19.02,18.755,18.97,64419.0,,,,,,18.996580578429473,,,,,,,18.25663905052292,18.46445993807821,18.5446819135511,18.958813143657306,19.32825293843404,18.90140587989849,"rgba(38, 166, 154, 1.0)",0.0,0.0,0.43253127783572914,18.668614183823642,0.6967954264126529,54.40312532842931,7.790794864147031,True,False,True,False,False,3.662093852162073,18.8415,19.000675,0.0,0.0,0.0,0.0,1,0.9460291401600652,0.9694233531705316,False,False,False,False,0.19951372161767644,0.208603122629062,False,False,False,False,-2134238.0,-1993205.2705829546,False,False,False,False,96731.86383980078,False,False,False,False
2025-03-27 15:00:00+00:00,18.965,19.015,18.94,18.98,47204.0,,,,,,18.996542253057576,,,,,,,18.259598547364277,18.466045668055607,18.545953363381326,18.958854938201874,19.32767754504794,18.906202164233193,"rgba(38, 166, 154, 1.0)",0.0,0.0,0.38466603041451575,18.670439009408568,0.8047526064566961,55.32537664671697,7.790794864147031,True,False,True,False,False,3.8187941887391865,18.846700000000002,18.99595,0.0,0.0,0.0,0.0,1,0.9508162843562715,0.9756147964455466,False,False,False,False,0.22521063248512244,0.2169068775570922,False,False,False,False,-2087034.0,-1994659.9795661645,False,False,False,False,95963.98998181937,False,False,False,False
2025-03-27 16:00:00+00:00,18.985,19.04,18.94,19.01,55976.0,,,,,,18.996542562158066,,,,,,18.99666666666667,18.263165427596384,18.467980281886213,18.547514980457027,18.95895069814679,19.327033352205042,18.92746017212003,"rgba(38, 166, 154, 1.0)",0.0,0.0,0.3519053670907802,18.67282887214668,0.9581301093550564,56.78081242849639,7.790794864147031,True,False,True,False,True,4.294238389925638,18.8476,18.989375,0.0,0.0,0.0,0.0,1,0.9486855941114613,0.9947423764458466,False,False,False,False,0.22880215217906522,0.22285451486807872,False,False,False,False,-2031058.0,-1995224.2899604875,False,False,False,False,95344.02114489193,False,False,False,False
2025-03-27 17:00:00+00:00,19.005,19.02,18.87,18.87,54332.0,,,,,,18.996358424509722,,,,,,18.958904642757854,18.266236256100626,18.46957427658045,18.548763452233043,18.95885518565472,19.326265923823446,18.921349913363404,"rgba(38, 166, 154, 1.0)",0.0,0.0,0.3346418012368547,18.67398919993275,0.5857331610778626,53.0528552624552,7.06420978998549,False,False,True,False,False,1.8499169238160533,18.846600000000002,18.98215,0.0,0.0,0.0,0.0,1,0.9432773109243695,0.9892857142857144,False,False,False,False,0.21589911592911665,0.21937681539859769,False,False,False,False,-2085390.0,-1996622.2079455962,False,False,False,False,94708.17585582384,False,False,False,False
2025-03-27 18:00:00+00:00,18.875,18.94,18.87,18.87,53249.0,,,,,,18.996116089800637,,,,,,18.937556692773775,18.26909651079448,18.471033782547998,18.549891633040954,18.95869809715539,19.325467410550534,18.916585078607817,"rgba(38, 166, 154, 1.0)",0.0,0.0,0.3209049422833737,18.67476914247242,0.6083759761954128,50.567550485094415,4.751781897741282,False,False,False,False,False,1.8499169238160533,18.8463,18.974825,0.0,0.0,0.0,0.0,1,0.9465793918918917,0.9917652027027029,False,False,False,False,0.20448900980847357,0.21193291260353564,False,False,False,False,-2085390.0,-1997998.4527836489,False,False,False,False,94065.3979355785,False,False,False,False
2025-03-27 19:00:00+00:00,18.875,18.955,18.87,18.885,119184.0,,,,,,18.99563016851424,,,,,,18.92313049752247,18.275505901095297,18.474340850091814,18.552462944076538,18.958402585981126,19.323731890733317,18.912533162439715,"rgba(38, 166, 154, 1.0)",0.0,0.0,0.30071761019434295,18.67686778832727,0.6921184680146322,49.473314479831515,3.7102414429734125,False,True,False,False,False,2.1006153594732524,18.8456,18.967425,0.0,0.0,0.0,0.0,1,0.9497987714467271,0.9864435500953191,False,False,False,False,0.20662432275070777,0.2092786176771217,False,False,False,False,-1966206.0,-1997505.546538941,False,False,False,False,94454.83362649975,False,False,False,False
2025-03-28 14:00:00+00:00,18.75,18.755,18.585,18.7,70747.0,,,,,,18.994651987555727,,,,,,18.874470420495182,18.277917861194748,18.475270519918848,18.55301133700793,18.95752330034399,19.322164722283635,18.895390188958153,"rgba(38, 166, 154, 1.0)",0.0,0.0,0.27162222042857337,18.674460165270673,0.09402704494878354,44.00058994547231,-1.3509625641587277,False,True,False,True,False,0.0,18.8398,18.959225,0.0,0.0,0.0,0.0,0,0.9454851610187326,0.9858977057461589,False,False,False,False,0.13840546785858446,0.1738420427678531,False,False,False,False,-2036953.0,-1998117.134964694,False,False,False,False,94087.27031446098,False,False,False,False
2025-03-28 15:00:00+00:00,18.695,18.785,18.65,18.65,50916.0,,,,,,18.993985124699524,,,,,,18.851874412716,18.27970010044675,18.475983052406928,18.55344937673133,18.956927933315406,19.321067793916207,18.886198462256644,"rgba(38, 166, 154, 1.0)",0.0,0.0,0.24996260981640014,18.67304118265264,-0.09217851689724563,39.42843367652893,-5.388467968397208,False,True,False,True,False,0.0,18.8352,18.951999999999998,0.0,0.0,0.0,0.0,0,0.9479805455698875,0.9887925565658702,False,False,False,False,0.15164826052466748,0.1627451516462603,False,False,False,False,-2087869.0,-1999508.636748187,False,False,False,False,93417.94829408174,False,False,False,False
2025-03-28 16:00:00+00:00,18.655,18.655,18.515,18.535,75330.0,,,,,,18.99258824202447,,,,,,18.807351511462603,18.28151339119564,18.47642400270001,18.553517002805076,18.95562844425258,19.319124986414877,18.8670465469063,"rgba(239, 83, 80, 1.0)",0.0,0.0,0.22839358710469868,18.669015499662546,-0.586774354575513,34.58097813310254,-9.61632533827278,False,True,False,True,False,0.0,18.8299,18.944450000000003,0.0,0.0,0.0,0.0,0,0.9408020369191594,0.99469552302143,False,False,False,False,0.11482462421197355,0.13878488792911692,False,False,False,False,-2163199.0,-2002046.4718373623,False,False,False,False,93137.51498719674,False,False,False,False
2025-03-28 17:00:00+00:00,18.535,18.605,18.455,18.605,93135.0,,,,,,18.990819935663175,,,,,,18.76632510224851,18.283621251854772,18.476885139759887,18.55352528696073,18.953978874366978,19.316694385378643,18.84689074107233,"rgba(239, 83, 80, 1.0)",0.0,0.0,0.22166351010401633,18.66418851705008,-0.26701966878672856,34.0730329513126,-9.909041031956193,False,True,False,True,False,0.0,18.8279,18.937925,0.0,0.0,0.0,0.0,0,0.9348010160880607,0.9951312447078747,False,False,False,False,0.09963551549798288,0.1192102017135499,False,False,False,False,-2070064.0,-2003101.0071577132,False,False,False,False,93137.47599514718,False,False,False,False
2025-03-28 18:00:00+00:00,18.605,18.68,18.605,18.64,50180.0,,,,,,18.99006139097192,,,,,,18.756285185167354,18.285101934394856,18.477404531842662,18.553789771544434,18.95328756371215,19.31553948385637,18.840577658039777,"rgba(239, 83, 80, 1.0)",0.0,0.0,0.21664075382101694,18.662667973879707,-0.10463393188907422,35.02108430051582,-9.909041031956193,False,True,False,True,False,0.0,18.8264,18.93175,0.0,0.0,0.0,0.0,0,0.939669771380186,0.9925910245554616,False,False,False,False,0.13076086879701612,0.12498553525528301,False,False,False,False,-2019884.0,-2003361.2085971283,False,False,False,False,92471.46861537745,False,False,False,False
2025-03-28 19:00:00+00:00,18.645,18.73,18.645,18.705,160621.0,,,,,,18.988012184601285,,,,,,18.74338257387251,18.290435170303734,18.479561328988563,18.55511732050657,18.951458677830857,19.312150594150154,18.828556516292068,"rgba(239, 83, 80, 1.0)",0.0,0.0,0.2115836256201164,18.65992643815749,0.21302953718844733,37.91398391085089,-9.909041031956193,False,True,False,True,True,0.0,18.826900000000002,18.92575,0.0,0.0,0.0,0.0,0,0.9400296673023942,0.993006993006993,False,False,False,False,0.1432785398822154,0.1341320375687492,False,False,False,False,-1859263.0,-2001127.1278436845,False,False,False,False,93528.0504973096,False,False,False,False
2025-03-31 14:00:00+00:00,18.365,18.58,18.365,18.55,59127.0,,,,,,18.986770477155254,,,,,,18.72619097679117,18.291430197568197,18.479630098978436,18.554919153259814,18.950288186259417,19.310522184462876,18.777489375419528,"rgba(239, 83, 80, 1.0)",0.0,0.0,0.20980256699344807,18.642023454883716,-0.4386192990984213,36.58159314092735,-9.909041031956193,False,True,False,True,True,0.0,18.8239,18.919325,0.0,0.0,0.0,0.0,0,0.9340219224283303,0.9930438448566612,False,False,False,False,0.08380472695299997,0.10896838226087457,False,False,False,False,-1918390.0,-1999844.3816755654,False,False,False,False,92994.70087719627,False,False,False,False
2025-03-31 15:00:00+00:00,18.555,18.625,18.46,18.465,75239.0,,,,,,18.985258449353317,,,,,,18.70901910164743,18.29279366017259,18.479801951680667,18.554750031893008,18.948867517844825,19.308505996489536,18.768251749738774,"rgba(239, 83, 80, 1.0)",0.0,0.0,0.2114494593840259,18.639206319240838,-0.8238674137466185,34.321377084325526,-9.909041031956193,False,True,False,True,False,0.0,18.8195,18.912575,0.0,0.0,0.0,0.0,0,0.941461360286376,0.9846283428090125,False,False,False,False,0.10308331553939433,0.10602584890013445,False,False,False,False,-1993629.0,-1999748.0191689676,False,False,False,False,92719.4186930537,False,False,False,False
2025-03-31 16:00:00+00:00,18.465,18.625,18.46,18.515,99807.0,,,,,,18.983338448407704,,,,,,18.69179181858106,18.294709837562138,18.480129433419734,18.554625158564505,18.947069378912698,19.30590316958688,18.7579256850197,"rgba(239, 83, 80, 1.0)",0.0,0.0,0.20931563734217087,18.635867540129446,-0.5774415216377838,34.55402042213818,-9.909041031956193,False,True,False,True,False,0.0,18.813,18.907125,0.0,0.0,0.0,0.0,0,0.9402575469706563,0.9921891492505805,False,False,False,False,0.10308331553939433,0.10455458221976438,False,False,False,False,-1893822.0,-1998105.7553058828,False,False,False,False,92829.30367455674,False,False,False,False
2025-03-31 17:00:00+00:00,18.515,18.56,18.43,18.465,90749.0,,,,,,18.981420814090004,,,,,,18.67486390394302,18.296078233695642,18.4801563754274,18.55425798797992,18.945258459548626,19.303404575354147,18.745336336246876,"rgba(239, 83, 80, 1.0)",0.0,0.0,0.20912005690062677,18.631108685840914,-0.7943221147833207,33.808247783387515,-10.852796180407807,False,True,False,True,False,0.0,18.8045,18.899625,0.0,0.0,0.0,0.0,0,0.9373153229210636,0.9953566905867457,False,False,False,False,0.08999395894429882,0.0972742705820316,False,False,False,False,-1984571.0,-1997895.9141383497,False,False,False,False,92797.05090440856,False,False,False,False
2025-03-31 18:00:00+00:00,18.465,18.575,18.455,18.535,127543.0,,,,,,18.978947727106284,,,,,,18.659057187658846,18.29833538071668,18.480476602261575,18.554018208810632,18.94293802864718,19.300074715934425,18.73350602522747,"rgba(239, 83, 80, 1.0)",0.0,0.0,0.20248952814635318,18.626672377302683,-0.4527265095725071,35.75616854899475,-10.852796180407807,False,True,False,True,False,0.0,18.7975,18.893125,0.0,0.0,0.0,0.0,0,0.9384485666104551,0.9932546374367623,False,False,False,False,0.09550126242711737,0.09638776650457448,False,False,False,False,-1857028.0,-1995711.915469538,False,False,False,False,93335.74778961153,False,False,False,False
2025-03-31 19:00:00+00:00,18.535,18.645,18.505,18.6,160097.0,,,,,,18.9762944058737,,,,,,18.65037441724107,18.30187039203202,18.48146305436405,18.554286456195637,18.94048220626496,19.296262847643288,18.726211736577305,"rgba(239, 83, 80, 1.0)",0.0,0.0,0.19482667279496627,18.624109704702192,-0.12374950696593687,39.10060085534195,-10.852796180407807,False,True,False,True,True,0.0,18.7935,18.88735,0.0,0.0,0.0,0.0,0,0.9418358714043991,0.9942893401015229,False,False,False,False,0.11205924482263405,0.10422350566360426,False,False,False,False,-1696931.0,-1991079.6532141962,False,False,False,False,94370.805963416,False,False,False,False
2025-04-01 14:00:00+00:00,18.655,18.695,18.43,18.65,90504.0,,,,,,18.974841627220975,,,,,,18.646800624544863,18.30388825587412,18.482057312973275,18.554478822647464,18.93914074360128,19.294150834932843,18.69887350259029,"rgba(239, 83, 80, 1.0)",0.0,0.0,0.18042759522047203,18.622784532748476,0.15083871853563796,42.79194188962252,-12.473637482228938,False,True,False,True,True,0.0,18.7864,18.881925000000003,0.0,0.0,0.0,0.0,0,0.9348876286494433,0.99138836378912,False,False,False,False,0.10860491412351517,0.10641420989355971,False,False,False,False,-1606427.0,-1985116.0461876197,False,False,False,False,94310.85548336305,False,False,False,False
2025-04-01 15:00:00+00:00,18.645,18.785,18.645,18.785,73227.0,,,,,,18.974121045098304,,,,,,18.651097307008776,18.306322126788682,18.483170582689077,18.555241183844828,18.93851784592854,19.292806089979564,18.70981388558919,"rgba(239, 83, 80, 1.0)",0.0,0.0,0.17210155706986574,18.624250627193284,0.9340378759121799,48.52874050990128,-7.2008312956553695,False,False,False,False,True,1.0746417070647993,18.7834,18.877375,0.0,0.0,0.0,0.0,0,0.9421296296296294,0.992845117845118,False,False,False,False,0.15094999374597876,0.12868210181976925,False,False,False,False,-1533200.0,-1978109.5958591294,False,False,False,False,93983.97400300083,False,False,False,False
2025-04-01 16:00:00+00:00,18.785,18.835,18.73,18.765,52621.0,,,,,,18.973689683055923,,,,,,18.655194820858945,18.308208040229363,18.484083915370807,18.555899007976276,18.938157869803163,19.29191029589354,18.71319528663217,"rgba(239, 83, 80, 1.0)",0.0,0.0,0.15693646502321093,18.625643799190087,0.8879784617889988,51.71669687198328,-4.399442855130637,True,False,True,False,True,0.7175443331199247,18.7805,18.87285,0.0,0.0,0.0,0.0,0,0.943008474576271,0.9963983050847459,False,False,False,False,0.1698568641806785,0.14926948300022386,False,False,False,False,-1585821.0,-1972027.6021248794,False,False,False,False,93342.68758434964,False,False,False,False
2025-04-01 17:00:00+00:00,18.765,18.765,18.64,18.755,94015.0,,,,,,18.972703348591395,,,,,,18.65876487974035,18.311137054283083,18.48538832608907,18.55676543577548,18.937294405419884,19.290142376200812,18.711887901933057,"rgba(239, 83, 80, 1.0)",0.0,0.0,0.15654455659053043,18.626708651170972,0.8195197049527267,53.50142111304418,-2.795948918887916,True,False,True,False,True,0.5366402647943929,18.7775,18.8681,0.0,0.0,0.0,0.0,0,0.935128259486962,0.9980920076319696,False,False,False,False,0.15723236087421305,0.15325092193721845,False,False,False,False,-1679836.0,-1967497.499766354,False,False,False,False,93353.1110326543,False,False,False,False
2025-04-01 18:00:00+00:00,18.755,18.76,18.555,18.59,70512.0,,,,,18.634999999999998,18.971721469316407,,,,,,18.65782193965374,18.312855595953312,18.486006187288876,18.557074016890834,18.936399695534057,19.288626965109025,18.70508955377555,"rgba(239, 83, 80, 1.0)",0.0,0.0,0.15819941230605547,18.626133092915605,-0.22840219435013867,50.009051352180705,-2.795948918887916,True,False,False,False,False,0.0,18.771900000000002,18.862525,0.0,0.0,0.0,0.0,0,0.9327146171693734,0.9951487028053154,False,False,False,False,0.16802371385152284,0.16063731789437063,False,False,False,False,-1750348.0,-1964130.8408552478,False,False,False,False,92998.98528021005,False,False,False,False
2025-04-01 19:00:00+00:00,18.595,18.775,18.575,18.735,105977.0,,,,,18.671028421034737,18.970517485965615,,,,,,18.659914257857306,18.315879200606314,18.48729538691775,18.5578868443953,18.935330616494284,19.286570365408387,18.705589261538584,"rgba(239, 83, 80, 1.0)",0.0,0.0,0.15808673067130502,18.626572818778488,0.6858714881450355,51.39765135939032,-2.795948918887916,True,False,False,False,False,0.20910067795491116,18.7686,18.857325,0.0,0.0,0.0,0.0,0,0.9481733220050975,0.9912914188615125,False,False,False,False,0.17328463043064227,0.16696097416250644,False,False,False,False,-1644371.0,-1959173.3239427633,False,False,False,False,93200.19481074942,False,False,False,False
2025-04-02 14:00:00+00:00,18.69,18.825,18.67,18.825,104886.0,,,,,18.70916383829409,18.969672033025727,,,,,,18.665898276335607,18.319433576482133,18.48903108005571,18.559136159357177,18.934623668700162,19.284816592030296,18.712949667855227,"rgba(239, 83, 80, 1.0)",0.0,0.0,0.1578816126201248,18.628530830160344,1.2444081776158158,54.159865338867135,-2.3905683830392306,True,False,True,False,True,1.7636700774006506,18.7678,18.852025,0.0,0.0,0.0,0.0,0,0.9425360474978794,0.9883375742154369,False,False,False,False,0.2361991301822867,0.20158005217239655,False,False,False,False,-1539485.0,-1952666.5282227204,False,False,False,False,93381.37008500137,False,False,False,False
2025-04-02 15:00:00+00:00,18.825,18.88,18.785,18.82,105847.0,,,,,18.741738778616227,18.969063107121137,,,,,,18.674109705812167,18.323392863692515,18.491096202047657,18.560702297351618,18.934157625671666,19.2832478687839,18.722772186863903,"rgba(239, 83, 80, 1.0)",0.0,0.0,0.1573598904901213,18.63142595107071,1.198361592283443,55.852962693255506,-0.6206169695828905,True,False,True,False,True,1.6733244636364475,18.7672,18.847025000000002,0.0,0.0,0.0,0.0,0,0.9581107074161145,0.9818337251549478,False,False,False,False,0.2645914043695299,0.23308572827096322,False,False,False,False,-1645332.0,-1947901.6518161665,False,False,False,False,93574.63566507887,False,False,False,False
2025-04-02 16:00:00+00:00,18.815,18.93,18.785,18.895,54093.0,,,,,18.75746005309888,18.968845475164514,,,,,,18.679043000945725,18.325557571288083,18.492271104179057,18.561619170841293,18.934014185440407,19.282523378512185,18.72850404834243,"rgba(239, 83, 80, 1.0)",0.0,0.0,0.15753912712880178,18.63323569517322,1.661582805475146,58.50054509764749,2.0703369786869246,True,False,True,False,True,2.970876124899675,18.7736,18.8417,0.0,0.0,0.0,0.0,0,0.9834107498341074,0.9725724397257245,False,False,False,False,0.27302008866555644,0.25305290846825984,False,False,False,False,-1591239.0,-1942371.9982996366,False,False,False,False,92962.51728267454,False,False,False,False
2025-04-02 17:00:00+00:00,18.895,18.935,18.825,18.855,53834.0,,,,,18.769876919203448,18.968633468567372,,,,,,18.683752759928325,18.327701501353943,18.493438296486463,18.562531175741114,18.933875767558273,19.281807777705648,18.74337022780672,"rgba(239, 83, 80, 1.0)",0.0,0.0,0.15645976370168027,18.649683355639617,1.3122648245325108,58.92894059490732,2.7408590390610073,True,False,True,False,True,2.227163085053231,18.7804,18.83625,0.0,0.0,0.0,0.0,0,0.9828774738714698,0.9637536135201247,False,False,False,False,0.2806383764990394,0.2668456424836496,False,False,False,False,-1645073.0,-1937762.7115042934,False,False,False,False,92355.87360387339,False,False,False,False
2025-04-02 18:00:00+00:00,18.855,18.89,18.815,18.825,63972.0,,,,,18.778281457263574,18.968309473654024,,,,,,18.68825847486303,18.33009582509179,18.494712786473606,18.56350928474734,18.93363752780713,19.28090212840376,18.74574982236762,"rgba(239, 83, 80, 1.0)",0.0,0.0,0.15581954219435215,18.650366221547316,1.1207437526344721,58.21085189923174,2.7408590390610073,True,False,True,False,True,1.6675091990382427,18.7856,18.830725,0.0,0.0,0.0,0.0,0,0.9772471277314709,0.9763460238792522,False,False,False,False,0.27133135631530825,0.26908849939947893,False,False,False,False,-1709045.0,-1934216.700473219,False,False,False,False,91915.81354799938,False,False,False,False
2025-04-02 19:00:00+00:00,18.825,18.935,18.825,18.905,93782.0,,,,,18.794089142389197,18.96800745518661,,,,,18.888333333333335,18.696210754783568,18.333870203031864,18.496803492998588,18.56515954525967,18.933463444141854,19.279717047276204,18.76749219303182,"rgba(239, 83, 80, 1.0)",0.0,0.0,0.15599439814358737,18.674465455606676,1.4778386091859952,59.62337860782544,4.0706482722486825,True,False,True,False,True,3.0856125535894705,18.7926,18.825825,-1.0,18.935,18.825,0.0,0,0.9670651928716444,0.9747349424768782,False,False,False,False,0.2806383764990394,0.27486343794925916,False,False,False,False,-1615263.0,-1929271.6818612309,False,False,False,False,91944.74667128621,False,False,False,False
2025-04-03 14:00:00+00:00,17.73,17.98,17.71,17.865,226398.0,,,,,18.551438942220393,18.957922321541435,,,,,18.155310471193285,18.622270118076237,18.32612596962601,18.48863603411009,18.55651478461643,18.92352065264615,19.269385260422624,18.418240089950913,"rgba(239, 83, 80, 1.0)",0.0,0.0,0.18865175982855895,18.565708356025215,-3.7142953591421555,46.87852187534591,3.2886361413330647,False,False,False,True,False,0.0,18.7794,18.8152,0.0,0.0,0.0,0.0,0,0.9486737114513693,0.9833944360577961,False,False,False,False,-0.05144845050435383,0.11170749372245267,False,False,False,False,-1841661.0,-1927913.3767160955,False,False,False,False,94029.29323452208,False,False,False,False
2025-04-03 15:00:00+00:00,17.865,18.145,17.855,18.015,217354.0,,,,,18.44313624916982,18.94972849192439,,,,,18.094531837365945,18.57440926449524,18.321249860279423,18.48282836186906,18.550173270901073,18.91548666262158,19.2606635782389,18.362714057739627,"rgba(239, 83, 80, 1.0)",0.0,0.0,0.2067268075816412,18.534141459943505,-2.5112440230495214,40.90800640531672,-1.792506636870037,False,True,False,True,False,0.0,18.7667,18.805374999999998,0.0,0.0,0.0,0.0,0,0.9607250755287008,0.9760466119982737,False,False,False,False,-0.0027467525559341454,0.05448037058325926,False,False,False,False,-1624307.0,-1923206.301108094,False,False,False,False,95941.30419212638,False,False,False,False
2025-04-03 16:00:00+00:00,18.015,18.05,17.88,17.925,81304.0,,,,,18.40921448878951,18.94652859113,,,,,18.075761965705617,18.556856674402113,18.319162512963462,18.480453118890896,18.547610055765393,18.912343520886505,19.257294705726146,18.342162655454352,"rgba(239, 83, 80, 1.0)",0.0,0.0,0.22800185711254392,18.52319295581409,-2.6236319448872494,36.33775087604535,-5.628517568758106,False,True,False,True,False,0.0,18.7453,18.7951,0.0,0.0,0.0,0.0,0,0.97691637630662,0.9677700348432057,False,False,False,False,-0.013734529008170395,0.02037292078754443,False,False,False,False,-1705611.0,-1919832.7305482784,False,False,False,False,95714.36924341125,False,False,False,False
2025-04-03 17:00:00+00:00,17.925,17.985,17.875,17.925,72674.0,,,,,18.381270593904578,18.94361898321502,,,,,18.060268050301367,18.541410708279457,18.31719938015591,18.478255009583542,18.545248443089605,18.909483490398067,19.254244511192795,18.324453504561433,"rgba(239, 83, 80, 1.0)",0.0,0.0,0.2472172695794101,18.513684811907048,-2.381244695844164,33.290913856531105,-8.222103606203476,False,True,False,True,False,0.0,18.7225,18.784824999999998,0.0,0.0,0.0,0.0,0,0.9866228070175436,0.9554824561403511,False,False,False,False,-0.024725622759805322,-0.002176350986130445,False,False,False,False,-1705611.0,-1916511.463407995,False,False,False,False,95357.15421638162,False,False,False,False
2025-04-03 18:00:00+00:00,17.925,17.945,17.755,17.885,182269.0,,,,,18.315175572602545,18.935919815483604,,,,,18.018840191840596,18.501947027038163,18.311532043446068,18.472159218273088,18.538772334670313,18.901900581759442,19.24627419382068,18.278726498213828,"rgba(239, 83, 80, 1.0)",0.0,0.0,0.2663070435444022,18.489184711575625,-2.2687522775749858,30.95848766053903,-10.370685855562876,False,True,False,True,False,0.0,18.7029,18.77435,0.0,0.0,0.0,0.0,0,0.9761904761904759,0.9552206203582352,False,False,False,False,-0.049874858323889305,-0.026025604655009874,False,False,False,False,-1887880.0,-1916067.5647505065,False,False,False,False,96704.62469364701,False,False,False,False
2025-04-03 19:00:00+00:00,17.885,17.94,17.7,17.71,250721.0,,,,,18.235974933224362,18.924747152806088,,,,,17.966331156666094,18.448802559242434,18.30264483659941,18.462917432654354,18.529054312266627,18.890875328879115,19.23484659352261,18.219636475259108,"rgba(239, 83, 80, 1.0)",0.0,0.0,0.29128092381152126,18.45609139496613,-2.56141523174,28.17174361831847,-13.107928427072395,False,True,False,True,False,0.0,18.6795,18.762999999999998,0.0,0.0,0.0,0.0,0,0.9734955463827936,0.9567673256571801,False,False,False,False,-0.059320387876674714,-0.0426729962658423,False,False,False,False,-2138601.0,-1919517.6955295685,False,False,False,False,99092.47547359047,False,False,False,False
2025-04-04 14:00:00+00:00,16.47,16.505,15.625,16.115,299606.0,,,,,17.91052402336459,18.892191205142325,,,,,17.569832584092403,18.256596278561858,18.25886978221887,18.42534202677283,18.492001963015326,18.858172535437003,19.205685639409495,17.645370970095605,"rgba(239, 83, 80, 1.0)",0.0,0.0,0.4186099046274035,18.31742345716868,-5.261278896706984,21.867008772117458,-19.0993219655826,False,True,False,True,False,0.0,18.6254,18.743675,0.0,0.0,0.0,0.0,0,0.9362342089432523,0.9749348305594546,False,False,False,False,-0.34282825441539394,-0.19275062534061813,False,False,False,False,-2438207.0,-1927559.390172521,False,False,False,False,102201.21228795341,False,False,False,False
2025-04-04 15:00:00+00:00,16.105,16.85,16.105,16.425,241073.0,,,,,17.75331417601267,18.869986051519408,,,,,17.40915895729453,18.146415214561074,18.23078657584987,18.400701199298386,18.467546456864664,18.835917399243794,19.185404979265524,17.539064729690722,"rgba(239, 83, 80, 1.0)",0.0,0.0,0.4932293565858637,18.242120316101673,-3.6841284725625187,21.121832287887827,-19.930789134959152,False,True,False,True,False,0.0,18.5766,18.7259,0.0,0.0,0.0,0.0,0,0.9536837991010356,0.962282587453586,False,False,False,False,-0.2438177323308349,-0.2182841788357265,False,False,False,False,-2197134.0,-1931738.8414876754,False,False,False,False,104354.2632602332,False,False,False,False
2025-04-04 16:00:00+00:00,16.43,16.455,16.17,16.27,298292.0,,,,,17.581265425589688,18.84125954195995,,,,,17.24040165988192,18.016066932864028,18.19416477305732,18.368584331570414,18.435717084883905,18.807109946544745,19.159257450618423,17.401564748312943,"rgba(239, 83, 80, 1.0)",0.0,0.0,0.5648101171795441,18.15299642112047,-3.3338574573052413,20.229662479707983,-21.14686314390116,False,True,False,True,False,0.0,18.522100000000002,18.70535,0.0,0.0,0.0,0.0,0,0.9767395626242543,0.9745526838966203,False,False,False,False,-0.2827616295036462,-0.25052290416968637,False,False,False,False,-2495426.0,-1940478.177278564,False,False,False,False,107361.04987635362,False,False,False,False
2025-04-04 17:00:00+00:00,16.275,16.445,16.175,16.41,416361.0,,,,,17.405887904033914,18.80291007304881,,,,,17.0834561479218,17.866147023584272,18.146468178958287,18.326301062509575,18.393722756845396,18.768678527968447,19.124104101098734,17.263161212468425,"rgba(239, 83, 80, 1.0)",0.0,0.0,0.619199206764313,18.049937422124266,-2.6484811417862146,21.207373405517046,-21.14686314390116,False,True,False,True,False,0.0,18.473499999999998,18.685725,0.0,0.0,0.0,0.0,0,0.9644488579940415,0.9769612711022839,False,False,False,False,-0.2833578803870005,-0.26694039227834343,False,False,False,False,-2079065.0,-1942626.8101889738,False,False,False,False,112151.74677749543,False,False,False,False
2025-04-04 18:00:00+00:00,16.415,16.475,16.0,16.04,298501.0,,,,,17.292089825056053,18.7742641707982,,,,,16.981837018147466,17.763841510999914,18.110644588486373,18.29452598174945,18.362203526049964,18.73995716931824,19.097914276831695,17.167204342386388,"rgba(239, 83, 80, 1.0)",0.0,0.0,0.6845058058176636,17.978011621558757,-2.8312566600421194,20.72616758472314,-21.67432294540227,False,True,False,True,False,0.0,18.4171,18.664074999999997,0.0,0.0,0.0,0.0,0,0.9663650668764749,0.9669551534225018,False,False,False,False,-0.30073669628545563,-0.28383854428189953,False,False,False,False,-2377566.0,-1949370.053441858,False,False,False,False,115040.88248637147,False,False,False,False
2025-04-04 19:00:00+00:00,16.04,16.475,16.005,16.165,311377.0,,,,,17.197585237644788,18.745526398937997,,,,,16.901971328676474,17.672074816431206,18.075439777535255,18.263020357902516,18.330895509875244,18.711160366678314,19.07148263087401,17.0886627155718,"rgba(239, 83, 80, 1.0)",0.0,0.0,0.7366576698320648,17.912286795024965,-2.3719114950955347,21.818241853035957,-21.67432294540227,False,True,False,True,False,0.0,18.3638,18.643175,0.0,0.0,0.0,0.0,0,0.9659797822706063,0.9659797822706064,False,False,False,False,-0.3001345370992842,-0.2919865406905919,False,False,False,False,-2066189.0,-1951181.1999001235,False,False,False,False,118084.85330053626,False,False,False,False
2025-04-07 14:00:00+00:00,15.63,16.78,15.475,15.895,181364.0,,,,,17.14178908290009,18.728011206162282,,,,,16.853244357751123,17.617964642533337,18.05376491140122,18.243662464569887,18.31168762626669,18.69359931822796,19.05543303538626,16.84412504660777,"rgba(239, 83, 80, 1.0)",0.0,0.0,0.7954959074304642,17.8728731370487,-2.4863398020958263,21.636077239587976,-21.944980226736583,False,True,False,True,False,0.0,18.3044,18.621375,0.0,0.0,0.0,0.0,0,0.9437197167349979,0.9608647036898993,False,False,False,False,-0.32744934970207384,-0.3097179451963329,False,False,False,False,-2247553.0,-1955776.111529579,False,False,False,False,119065.9253423884,False,False,False,False
2025-04-07 15:00:00+00:00,15.895,16.045,15.41,15.71,49930.0,,,,,17.12303132363895,18.722642812489152,,,,,16.835703355307835,17.600708056741553,18.04691449741954,18.237603715942992,18.305696862562208,18.688209916476733,19.050564985733864,16.60909372689134,"rgba(239, 83, 80, 1.0)",0.0,0.0,0.8546895121399548,17.708104242696468,-2.3378129885947154,20.942963463808233,-23.22318195795324,False,True,False,True,False,0.0,18.241300000000003,18.59845,0.0,0.0,0.0,0.0,0,0.9434790561551125,0.9850009145783792,False,False,False,False,-0.34282825441539394,-0.3262730998058634,False,False,False,False,-2297483.0,-1961073.8927461745,False,False,False,False,117994.05053087849,False,False,False,False
2025-04-07 16:00:00+00:00,15.705,15.87,15.56,15.735,122372.0,,,,,17.079088251314523,18.709566294938202,,,,,16.794928157988718,17.559713577239457,18.03029398923497,18.22287688632942,18.2911308069309,18.675083480318875,19.038693929257924,16.56812570141349,"rgba(239, 83, 80, 1.0)",0.0,0.0,0.9075017285863716,17.678891839095563,-2.1420254946771196,20.80557277754938,-23.954644050195377,False,True,False,True,False,0.0,18.175700000000003,18.575,0.0,0.0,0.0,0.0,0,0.9596256193797025,0.9904569645806568,False,False,False,False,-0.34282825441539394,-0.3345506771106287,False,False,False,False,-2175111.0,-1964392.2975097995,False,False,False,False,118061.92571644628,False,False,False,False
2025-04-07 17:00:00+00:00,15.735,16.1,15.725,16.055,205672.0,,,,,17.023062073527775,18.689576061225694,,,,,16.7465430002395,17.503130721708114,18.005717836598212,18.200831796985092,18.269252739293094,18.6550408547743,19.020351650618636,16.552507097980452,"rgba(239, 83, 80, 1.0)",0.0,0.0,0.9445077129487502,17.646206260541767,-1.6846937708682401,24.64704701453213,-23.954644050195377,False,True,False,True,True,0.0,18.1158,18.5535,0.0,0.0,0.0,0.0,0,0.969879518072289,0.9718875502008031,False,False,False,False,-0.2996927279741364,-0.31712170254238253,False,False,False,False,-1969439.0,-1964470.54095926,False,False,False,False,119420.2214417727,False,False,False,False
2025-04-07 18:00:00+00:00,16.055,16.12,15.665,15.71,154209.0,,,,,16.979958480160537,18.674081627589903,,,,,16.708446241540223,17.45994832812558,17.986538312327717,18.183651918777798,18.252219726463583,18.639499914648923,19.0061709646301,16.521632382175234,"rgba(239, 83, 80, 1.0)",0.0,0.0,0.9901619760112943,17.61443239341913,-1.9233544001465528,25.56348060411593,-23.954644050195377,False,True,False,True,True,0.0,18.050700000000003,18.530949999999997,0.0,0.0,0.0,0.0,0,0.9669257184167719,0.9707211277787817,False,False,False,False,-0.30400952823552385,-0.3105656153889532,False,False,False,False,-2123648.0,-1966938.4085412868,False,False,False,False,119959.58234965218,False,False,False,False
2025-04-07 19:00:00+00:00,15.71,16.015,15.685,15.865,232578.0,,,,,16.921750907720757,18.651217370742817,,,,,16.658014066639446,17.399757690152118,17.958549802371234,18.15845982287074,18.227219422915102,18.616574116649648,18.985176089112457,16.483673119936604,"rgba(239, 83, 80, 1.0)",0.0,0.0,1.0272605264435284,17.570274919131133,-1.6600218496031904,27.907427702901842,-26.77359486585009,False,True,False,True,True,0.0,17.9894,18.50975,0.0,0.0,0.0,0.0,0,0.9634694979305379,0.9800251934497031,False,False,False,False,-0.31321958003117945,-0.31189259771006633,False,False,False,False,-1891070.0,-1965762.1541452978,False,False,False,False,121705.60432872734,False,False,False,False
2025-04-08 14:00:00+00:00,16.87,16.96,16.425,16.435,172048.0,,,,,16.91013540658258,18.63902381228787,,,,,16.655863515328853,17.378349127116184,17.945544852047583,18.146139762801358,18.214813073159082,18.604406732240243,18.973510893907434,16.462102423714626,"rgba(239, 83, 80, 1.0)",0.0,0.0,1.0460603612025072,17.473409041678227,-0.9926855850694094,34.60500273157089,-20.48700154402586,False,True,False,True,True,0.0,17.9408,18.49155,0.0,0.0,0.0,0.0,0,0.9644846796657381,0.9615250696378829,False,False,False,False,-0.1379994419597631,-0.22494601983491472,False,False,False,False,-1719022.0,-1961936.725398859,False,False,False,False,122486.10658719667,False,False,False,False
2025-04-08 15:00:00+00:00,16.435,16.545,16.075,16.235,144376.0,,,,,16.891376856656432,18.62730129949281,,,,,16.64327167515509,17.354130987545584,17.932247238353785,18.133822348417983,18.20249450159615,18.59268362294349,18.96249142661456,16.446312897700622,"rgba(239, 83, 80, 1.0)",0.0,0.0,1.0685350205257311,17.448918838140145,-1.1360590105347075,37.74606454116291,-17.71939403674986,False,False,False,True,True,0.0,17.8869,18.472025000000002,0.0,0.0,0.0,0.0,1,0.9590744258331892,0.9723709203937142,False,False,False,False,-0.2158938005569652,-0.22041991019593996,False,False,False,False,-1863398.0,-1960408.9932221323,False,False,False,False,122825.48477964323,False,False,False,False
2025-04-08 16:00:00+00:00,16.235,16.35,16.035,16.075,93840.0,,,,,16.8772576171544,18.61931963410271,,,,,16.63269304065107,17.33708835256329,17.923036034175862,18.12533949765972,18.194027764397447,18.584696163473712,18.955027582985814,16.4339944756764,"rgba(239, 83, 80, 1.0)",0.0,0.0,1.0935136442175373,17.4326292559828,-1.2415293244504972,38.822876426819725,-16.77065575002446,False,False,False,True,True,0.0,17.829,18.453174999999998,0.0,0.0,0.0,0.0,0,0.9687337154768106,0.9727288518325515,False,False,False,False,-0.24030599756537743,-0.2303629538806587,False,False,False,False,-1957238.0,-1960359.8305365178,False,False,False,False,122376.09741871852,False,False,False,False
2025-04-08 17:00:00+00:00,16.075,16.215,15.91,16.125,93207.0,,,,,16.862453105432394,18.611219029982397,,,,,16.62115877219302,17.319659828166763,17.91362273687315,18.116688956829154,18.185401014878884,18.576587270983183,18.947468998580433,16.421128416940775,"rgba(239, 83, 80, 1.0)",0.0,0.0,1.1174054648930243,17.416445375608205,-1.1557535882749983,40.00876598805995,-15.561580961150604,False,False,False,True,True,0.0,17.771900000000002,18.434549999999998,0.0,0.0,0.0,0.0,0,0.9617373319544983,0.9739744915546363,False,False,False,False,-0.2676480413562613,-0.24900549761846,False,False,False,False,-1864031.0,-1958866.3602956415,False,False,False,False,121923.86335021125,False,False,False,False
2025-04-08 18:00:00+00:00,16.125,16.17,15.82,15.825,83793.0,,,,,16.847216705278385,18.603565447751023,,,,,16.60850904537985,17.30261040368178,17.904578104488394,18.108424327769082,18.177174718354895,18.568920776932515,18.94036542621568,16.40517813176507,"rgba(239, 83, 80, 1.0)",0.0,0.0,1.147687914700406,17.399979490302446,-1.3723064172141095,38.844864790931155,-15.561580961150604,False,False,False,True,True,0.0,17.708199999999998,18.414425,0.0,0.0,0.0,0.0,1,0.9572547683923703,0.9749659400544958,False,False,False,False,-0.28199810809739473,-0.26550180285792735,False,False,False,False,-1947824.0,-1958695.160911213,False,False,False,False,121332.68717423898,False,False,False,False
2025-04-08 19:00:00+00:00,15.825,15.87,15.325,15.435,303779.0,,,,,16.773675614802148,18.572123921373727,,,,,16.54147236482641,17.227259837013225,17.86602129727729,18.073621496398477,18.142676094900935,18.53737882171107,18.911539470681337,16.31168407208936,"rgba(239, 83, 80, 1.0)",0.0,0.0,1.1866332797205503,17.32350704741177,-1.5914832995889925,36.02045068162882,-15.561580961150604,False,False,False,True,False,0.0,17.6395,18.39205,0.0,0.0,0.0,0.0,1,0.9482990906028964,0.9853486022229706,False,False,False,False,-0.34282825441539394,-0.3041650286366606,False,False,False,False,-2251603.0,-1963236.367718791,False,False,False,False,124161.31217928953,False,False,False,False
2025-04-09 14:00:00+00:00,15.265,15.435,14.915,14.92,117847.0,,,,,16.737625178784008,18.558300144664862,,,,,16.506879623148723,17.192328624009026,17.84854693978828,18.05799950448949,18.127243019613438,18.523492864138056,18.899000672994617,16.26296704936801,"rgba(239, 83, 80, 1.0)",0.0,0.0,1.2389654395341951,17.28759792508098,-1.9109475127660618,32.11268730780765,-12.286422854396058,False,True,False,True,False,0.0,17.5605,18.367025,0.0,0.0,0.0,0.0,0,0.936492103075644,0.996176226101413,False,False,False,False,-0.34282825441539394,-0.3234966415260273,False,False,False,False,-2369450.0,-1969534.2534905926,False,False,False,False,124063.41586643232,True,False,False,False
2025-04-09 15:00:00+00:00,14.915,15.165,14.9,15.115,217023.0,,,,,16.673983951919208,18.532910111883204,,,,,16.446046348299184,17.130024184547363,17.816591989685914,18.02936801521416,18.098949791231576,18.497990599921806,18.875943465452288,15.97634013953759,"rgba(239, 83, 80, 1.0)",-1.0,15.37,1.2814769175017875,17.05228485732613,-1.5117594635280867,31.488593552179267,-12.966584401138483,False,True,False,True,False,0.0,17.4851,18.3429,0.0,0.0,0.0,0.0,0,0.9374999999999998,1.015415549597855,True,False,False,False,-0.34282825441539394,-0.3331624479707106,False,False,False,False,-2152427.0,-1972369.7999481026,False,False,False,False,125504.64972896826,False,False,False,False
2025-04-09 16:00:00+00:00,15.115,15.215,14.96,15.015,154185.0,,,,,16.631714028768403,18.515111528518894,,,,,16.405941718311702,17.087994742572697,17.7943577577835,18.00937914536131,18.07918552326821,18.48011674386809,18.859744097165226,15.934399107649844,"rgba(239, 83, 80, 1.0)",0.0,0.0,1.323086726744045,17.014383431597814,-1.5111506987286103,30.635756015902174,-13.991814451968146,False,True,False,True,False,0.0,17.4114,18.31905,0.0,0.0,0.0,0.0,0,0.9233651226158037,1.0279291553133512,False,False,False,False,-0.33274705593667503,-0.33295475195369284,False,False,False,False,-2306612.0,-1977551.8495613104,False,False,False,False,125949.30632231758,False,False,False,False
2025-04-09 17:00:00+00:00,15.015,16.495,14.965,16.44,151891.0,,,,,16.614953518201943,18.502297523815127,,,,,16.39373907563993,17.065971256480104,17.779932403464404,17.995907041376306,18.06572234151589,18.46729714941515,18.847685087790634,15.969392880647774,"rgba(38, 166, 154, 1.0)",0.0,0.0,1.327694184233186,17.017075253892987,-0.43464471016439465,39.77780368303506,-16.18360222520908,False,False,False,True,True,0.0,17.3672,18.302475,0.0,0.0,0.0,0.0,0,0.9255510204081632,0.9831836734693875,False,False,False,False,-0.21914010588868568,-0.2760474289211893,False,False,False,False,-2154721.0,-1980298.6580952434,False,False,False,False,126351.50312352195,False,False,False,False
2025-04-09 18:00:00+00:00,16.46,16.985,16.34,16.465,243734.0,,,,,16.614242729776876,18.48704497452648,,,,,16.402398768170748,17.05163234836937,17.765133680994744,17.98125383850371,18.050850982937085,18.452111403773646,18.832728946968835,16.07959921491982,"rgba(38, 166, 154, 1.0)",0.0,0.0,1.330205819609242,16.96966248065918,-0.37938676347651973,45.9846904226427,-10.735892803945688,True,False,False,False,True,0.0,17.3258,18.287175,0.0,0.0,0.0,0.0,0,0.9704132497186042,0.9652677279305353,False,False,False,False,-0.06296950883696681,-0.16950846887907806,False,False,False,False,-1910987.0,-1979224.0587449295,False,False,False,False,128171.38679602547,False,False,False,False
2025-04-09 19:00:00+00:00,16.46,16.885,16.42,16.675,440208.0,,,,,16.617244227255135,18.461009737470512,,,,,16.420832188134096,17.03115121518439,17.740721996822174,17.956727607945215,18.025878243115272,18.426215350251347,18.80696530015877,16.188830110643124,"rgba(38, 166, 154, 1.0)",0.0,0.0,1.3314970677553928,16.994116442781827,-0.23966740183647994,51.100150848777055,-6.349028575101556,True,False,True,False,True,0.0,17.2872,18.273574999999997,0.0,0.0,0.0,0.0,0,0.9766146993318485,0.9640470887686922,False,False,False,False,-0.06461492065894035,-0.11706169476900921,False,False,False,False,-1470779.0,-1971341.1896171009,False,False,False,False,133009.1637449243,False,False,False,False
2025-04-10 14:00:00+00:00,15.975,16.315,15.93,16.115,76527.0,,,,,16.61163788030673,18.455224812208897,,,,,16.417135865968664,17.02294217987607,17.7345221111308,17.950819521559875,18.019947842566886,18.42043657768081,18.801437831655864,16.18337477528035,"rgba(38, 166, 154, 1.0)",0.0,0.0,1.3398205204529405,16.985527419012985,-0.6497343530152053,50.94176206604172,-6.349028575101556,True,False,True,False,True,0.0,17.2367,18.257425,0.0,0.0,0.0,0.0,0,0.956766917293233,0.9752506265664159,False,False,False,False,-0.15255048492130854,-0.13480608984515888,False,False,False,False,-1547306.0,-1964767.0006307892,False,False,False,False,132133.4712837627,False,False,False,False
2025-04-10 15:00:00+00:00,16.115,16.225,15.83,15.86,54427.0,,,,,16.606546896306543,18.450867627487266,,,,,16.4132767819426,17.01624882307989,17.72973898756325,17.946302119752797,18.015424930864896,18.41608035412222,18.797303738043137,16.176602982439547,"rgba(38, 166, 154, 1.0)",0.0,0.0,1.352208697043513,16.977824068260773,-0.826665344413772,49.45100443882254,-6.349028575101556,True,False,False,False,True,0.0,17.1798,18.239725,0.0,0.0,0.0,0.0,0,0.9485545539322351,0.9802611128380477,False,False,False,False,-0.16852344669655067,-0.1516647682708548,False,False,False,False,-1601733.0,-1959138.5665124822,False,False,False,False,130928.71979099116,False,False,False,False
2025-04-10 16:00:00+00:00,15.86,15.935,15.515,15.85,60655.0,,,,,16.59916653410596,18.445629807260612,,,,,16.407093933825255,17.007444949026983,17.72382102533448,17.94077190296286,18.00990471439728,18.41083826951518,18.79237757670734,16.084549351824478,"rgba(38, 166, 154, 1.0)",0.0,0.0,1.3629987044998306,16.96674659611181,-0.819330636503881,48.40127436316127,-6.349028575101556,True,False,False,False,False,0.0,17.125799999999998,18.2242,0.0,0.0,0.0,0.0,0,0.9366142345429062,0.9992213050926645,False,False,False,False,-0.21999961410933883,-0.1858321911900968,False,False,False,False,-1662388.0,-1954537.7825355444,False,False,False,False,129839.20475547192,False,False,False,False
2025-04-10 17:00:00+00:00,15.85,16.135,15.665,16.04,90331.0,,,,,16.590737761498243,18.438388693618766,,,,,16.40062941049443,16.99643029806098,17.715878002451337,17.933265382816185,18.00238938393352,18.40359861919659,18.785505537097748,16.089478131760753,"rgba(38, 166, 154, 1.0)",0.0,0.0,1.3676704828098363,16.95501740055672,-0.6690335223707148,48.98312931143418,-6.349028575101556,True,False,False,False,False,0.0,17.0773,18.208575,0.0,0.0,0.0,0.0,0,0.9401484689143211,0.994741725951129,False,False,False,False,-0.19009707205023363,-0.18796463162016522,False,False,False,False,-1572057.0,-1948607.8479225903,False,False,False,False,129226.67444918552,False,False,False,False
2025-04-10 18:00:00+00:00,16.04,16.19,15.815,15.87,69112.0,,,,,16.58454870740683,18.432902618197257,,,,,16.395928685811178,16.988248211028672,17.709888357346827,17.927593720462582,17.99670871404673,18.398114408359604,18.78029164412951,16.087389332465083,"rgba(38, 166, 154, 1.0)",0.0,0.0,1.3759424517872705,16.946725191166497,-0.7825365005403337,48.247244705679705,-6.349028575101556,True,False,False,False,False,0.0,17.0244,18.1923,0.0,0.0,0.0,0.0,0,0.939738662567256,0.9964642582628747,False,False,False,False,-0.17274072930248272,-0.18035268046132397,False,False,False,False,-1641169.0,-1943841.3541563486,False,False,False,False,128294.663992609,False,False,False,False
2025-04-10 19:00:00+00:00,15.87,15.97,15.62,15.915,146675.0,,,,,16.569297505697808,18.42076336937795,,,,,16.383555683802552,16.969274727904303,17.696425322422208,17.91491700181114,17.984033579172394,18.385972232256954,18.768808936359523,16.06834694950117,"rgba(38, 166, 154, 1.0)",0.0,0.0,1.3820261108860783,16.926550222836386,-0.7319327868471585,48.10487979487424,-6.349028575101556,True,False,False,False,False,0.0,16.973399999999998,18.176399999999997,0.0,0.0,0.0,0.0,0,0.9331800766283525,1.0061302681992335,False,False,False,False,-0.20799496659163835,-0.19417382352648116,False,False,False,False,-1494494.0,-1936874.7285105137,False,False,False,False,128579.63044233598,False,False,False,False
2025-04-11 14:00:00+00:00,15.775,15.91,15.51,15.525,96340.0,,,,,16.557151547752877,18.41228037443303,,,,,16.37305567583553,16.95515291497047,17.686810881442728,17.90593403880571,17.975072636742613,18.37748031008113,18.760838600045737,16.04782963446727,"rgba(38, 166, 154, 1.0)",0.0,0.0,1.3942245156357425,16.910680192164573,-0.9938716301604599,45.44951668326793,-6.349028575101556,True,False,False,True,False,0.0,16.9132,18.15875,0.0,0.0,0.0,0.0,0,0.9274193548387099,1.0080645161290325,False,False,False,False,-0.22258006473350103,-0.20837694412999108,False,False,False,False,-1590834.0,-1931509.7559754667,False,False,False,False,128079.79121067186,False,False,False,False
2025-04-11 15:00:00+00:00,15.52,15.725,15.415,15.57,72366.0,,,,15.569999999999999,16.5474683308749,18.405762793409014,,,,,16.364532323849062,16.94411825539508,17.679372886749444,17.899000652600986,17.96816160397721,18.370954059365094,18.75472838942375,15.936766728123063,"rgba(38, 166, 154, 1.0)",0.0,0.0,1.403618473738335,16.771385480341422,-0.8559202538434146,44.086832632624834,-6.349028575101556,True,False,False,True,False,0.0,16.8526,18.141775,0.0,0.0,0.0,0.0,0,0.9257350712337072,1.01303425280388,False,False,False,False,-0.24681040885278022,-0.22759367649138565,False,False,False,False,-1518468.0,-1925106.007820808,False,False,False,False,127216.01150197927,False,False,False,False
2025-04-11 16:00:00+00:00,15.57,15.905,15.53,15.885,82534.0,,,,15.678340305573487,16.538903492909245,18.398896216754704,,,,,16.357461480310914,16.933576605132522,17.671764946591264,17.89182914023862,17.96099204155741,18.36408541207077,18.74823125670907,15.943379679454996,"rgba(38, 166, 154, 1.0)",0.0,0.0,1.406364321078756,16.76825203574693,-0.6280392800845719,45.886710864039344,-6.349028575101556,True,False,False,True,False,0.0,16.7973,18.128375,0.0,0.0,0.0,0.0,0,0.9292730844793714,1.0116366933655734,False,False,False,False,-0.22128947694230278,-0.22444157671684423,False,False,False,False,-1435934.0,-1917521.9456840514,False,False,False,False,126523.2671376075,False,False,False,False
2025-04-11 17:00:00+00:00,15.885,16.135,15.855,15.995,96498.0,,,,15.799888715635499,16.53195760349502,18.391587145857628,,,,,16.35246281756422,16.923798863062352,17.66397614346111,17.884376342286167,17.953512004298585,18.35678376182496,18.74123404239123,15.96074688593551,"rgba(38, 166, 154, 1.0)",0.0,0.0,1.4042094855394547,16.76847414633493,-0.5508253250673539,47.955874073488935,-6.349028575101556,True,False,False,False,True,0.0,16.741500000000002,18.11535,0.0,0.0,0.0,0.0,0,0.9446204919269655,0.998641919420552,False,False,False,False,-0.1740070947704063,-0.19922433574362525,False,False,False,False,-1339436.0,-1908559.3728827483,False,False,False,False,126057.75911997017,False,False,False,False
2025-04-11 18:00:00+00:00,15.995,16.155,15.96,16.095,70506.0,,,,15.85905065899564,16.527687067154766,18.386441078307588,,,,,16.349645039005164,16.917349170334386,17.65858455617054,17.87918258920734,17.94829053726275,18.351645735966144,18.73628300173008,15.97152837058937,"rgba(38, 166, 154, 1.0)",0.0,0.0,1.3990375778169215,16.767820469877314,-0.48091665338052914,50.13614033086492,-4.817738323948419,True,False,False,False,True,0.0,16.6881,18.102075,0.0,0.0,0.0,0.0,0,0.9488028911308538,0.9939768107212769,False,False,False,False,-0.16347052107643628,-0.18134742841003076,False,False,False,False,-1268930.0,-1898642.6384194498,False,False,False,False,125196.49153671482,False,False,False,False
2025-04-11 19:00:00+00:00,16.095,16.2,16.07,16.2,77113.0,,,,15.916567163805048,16.523973334494638,18.381048439379654,,,,,16.347562260911772,16.9111159137475,17.65304877577412,17.873806566105785,17.942874798181723,18.346265055854303,18.731064309276057,15.984552970219976,"rgba(38, 166, 154, 1.0)",0.0,0.0,1.3928902383949369,16.767843094518692,-0.4076725350398272,52.437932319462405,-2.499996745406264,True,False,True,False,True,0.0,16.637,18.08845,0.0,0.0,0.0,0.0,0,0.9550663449939687,0.9911037394451145,False,False,False,False,-0.150454688904983,-0.16590105865750687,False,False,False,False,-1191817.0,-1887684.101389691,False,False,False,False,124451.0110477735,False,False,False,False
2025-04-14 14:00:00+00:00,16.595,16.77,16.565,16.685,65536.0,,,,16.023326624375112,16.52523318976785,18.377545630505573,,,,,16.35052322958672,16.909471428565396,17.649989443375592,17.870630772527566,17.939621709935324,18.342787024456477,18.727532465717868,16.015214197758624,"rgba(38, 166, 154, 1.0)",0.0,0.0,1.3822190280274411,16.77702791552939,-0.06657983551327987,57.196888938001514,1.990789111438275,True,False,True,False,True,0.0,16.5989,18.076975,0.0,0.0,0.0,0.0,0,0.9593083917126246,0.9855418095096138,False,False,False,False,-0.06214693115592864,-0.11402399490671776,False,False,False,False,-1126281.0,-1875879.4021433392,False,False,False,False,123537.600023777,False,False,False,False
2025-04-14 15:00:00+00:00,16.685,16.7,16.435,16.505,76497.0,,,,16.097319680867447,16.52544216191015,18.37317255906918,,,,,16.3525823240429,16.90656609793873,17.64598249574049,17.8665550794242,17.93546783419875,18.3384388941012,18.723171957959938,16.039376208107793,"rgba(38, 166, 154, 1.0)",0.0,0.0,1.3730455396867693,16.782790636446425,-0.20231713254740094,58.45841936679568,3.162781202931029,True,False,True,False,True,0.0,16.5543,18.064825,0.0,0.0,0.0,0.0,0,0.9543765789864762,0.9882597711398424,False,False,False,False,-0.07861594408460737,-0.09631996949566257,False,False,False,False,-1202778.0,-1865443.721489954,False,False,False,False,122808.2883955014,False,False,False,False
2025-04-14 16:00:00+00:00,16.505,16.685,16.415,16.635,73899.0,,,,16.15512354412046,16.525935678521396,18.36904069795815,,,,,16.354848763845443,16.904046380181217,17.642249884100327,17.862735456982396,17.93156945447147,18.334332264574407,18.71903711655821,16.06058381280875,"rgba(38, 166, 154, 1.0)",0.0,0.0,1.361140062693749,16.787703833756204,-0.112188185434786,60.14831616007714,4.838209307566018,True,False,True,False,True,0.0,16.5105,18.05195,0.0,0.0,0.0,0.0,0,0.9531507259392306,1.0022451728783115,False,False,False,False,-0.08150215018836371,-0.08891105984201314,False,False,False,False,-1128879.0,-1854024.1134048384,False,False,False,False,122050.00485448587,False,False,False,False
2025-04-14 17:00:00+00:00,16.635,16.79,16.61,16.745,38723.0,,,,16.188290172033273,16.52685557799661,18.36704785434027,,,,,16.356733502425676,16.903288980176047,17.640554310738988,17.860955015048685,17.929741036898783,18.332354918988525,18.71701474038641,16.07341634043764,"rgba(38, 166, 154, 1.0)",0.0,0.0,1.3471529772612358,16.791212212125718,-0.034303611323835095,61.98605620629024,6.695319662524518,True,False,True,False,True,0.0,16.469,18.039775,0.0,0.0,0.0,0.0,0,0.9511429852084267,1.0016435081428359,False,False,False,False,-0.05680217309550605,-0.0728566164687596,False,False,False,False,-1090156.0,-1842181.1969179416,False,False,False,False,120758.1133063543,False,False,False,False
2025-04-14 18:00:00+00:00,16.745,16.815,16.73,16.775,36892.0,,,,16.219544932354808,16.527992847036007,18.36522058512515,,,,,16.35880025556276,16.902794827947723,17.639046118046878,17.85934997563979,17.928087586189665,18.330543341148534,18.715147814325658,16.085995301468035,"rgba(38, 166, 154, 1.0)",0.0,0.0,1.3320392650381092,16.794808272842857,-0.014870637347384868,63.41302257543897,8.203615854106062,True,False,True,False,True,0.0,16.4266,18.028125,0.0,0.0,0.0,0.0,0,0.9532486930545182,1.0010455563853622,False,False,False,False,-0.04489047173403958,-0.05887354410139959,False,False,False,False,-1053264.0,-1829949.9225471208,False,False,False,False,119457.86348765112,False,False,False,False
2025-04-14 19:00:00+00:00,16.775,16.855,16.76,16.83,95042.0,,,,16.291582621144272,16.53136439697679,18.36065508916573,,,,,16.36455720647173,16.90194313264152,17.63537058354696,17.855394585798603,17.9240025473779,18.32602000926835,18.710457526853208,16.1171816915089,"rgba(38, 166, 154, 1.0)",0.0,0.0,1.3153207638106263,16.803876325787254,0.019861067301227203,64.75887364181368,9.675309169053612,True,False,True,False,True,0.0,16.3861,18.017,0.0,0.0,0.0,0.0,0,0.9563592885966223,0.9988043640711401,False,False,False,False,-0.039144756192736455,-0.049009150147068026,False,False,False,False,-958222.0,-1816434.760957243,False,False,False,False,119079.32296846273,False,False,False,False
2025-04-15 14:00:00+00:00,17.235,17.37,17.115,17.145,29271.0,,,,16.32457287009778,16.533810794918235,18.359612368732815,,,,,16.367830305091193,16.90286077320164,17.634787054805305,17.854642643947678,17.923196430523166,18.324995100886593,18.709317729235554,16.27156433500283,"rgba(38, 166, 154, 1.0)",0.0,0.0,1.2999051663260268,16.790718123215377,0.2725444024397125,67.65671314019109,12.567246335590298,True,False,True,False,True,0.0,16.3525,18.008025,0.0,0.0,0.0,0.0,0,0.957565934875497,0.9904228672462055,False,False,False,False,0.032171234341203454,-0.008418957902932286,False,False,False,False,-928951.0,-1802675.3228028668,False,False,False,False,117686.94586817648,False,False,False,False
2025-04-15 15:00:00+00:00,17.145,17.235,17.11,17.195,31691.0,,,,16.356595508767953,16.536323010069445,18.358456164546205,,,,,16.371220334545814,16.903751695260173,17.63411259398068,17.85379271301997,17.922289091264304,18.323857778789115,18.708060995965223,16.283261752684176,"rgba(38, 166, 154, 1.0)",0.0,0.0,1.2839193303500407,16.794880697124007,0.31163897405213653,69.87069497626119,14.759631167859368,True,False,True,False,True,0.12365580739764681,16.3183,17.99815,0.0,0.0,0.0,0.0,0,0.9596405950802769,0.993813521873619,False,False,False,False,0.02069195695832071,0.006136499527694211,False,False,False,False,-897260.0,-1788637.875937706,False,False,False,False,116353.67538960009,False,False,False,False
2025-04-15 16:00:00+00:00,17.195,17.24,17.09,17.105,23396.0,,,,16.377798123447256,16.53806499737408,18.357578737862017,,,,,16.37359741265055,16.90432288733476,17.63357767510548,17.853134098925707,17.921589147620992,18.32299394820271,18.707113311870252,16.29090041898793,"rgba(38, 166, 154, 1.0)",0.0,0.0,1.2669849931915607,16.797506753250076,0.24269683413956059,69.8449253867165,14.921905089263618,True,False,True,False,True,0.0,16.3031,17.98835,0.0,0.0,0.0,0.0,0,0.9555260047281324,0.9968971631205673,False,False,False,False,0.01946241106628097,0.01279945529698759,False,False,False,False,-920656.0,-1775180.7925898347,False,False,False,False,114912.47111999389,False,False,False,False
2025-04-15 17:00:00+00:00,17.105,17.135,17.055,17.085,12323.0,,,,16.387768804255305,16.538898248979127,18.357096790341675,,,,,16.374757431776782,16.904556228173707,17.63326569148993,17.852761599641337,17.921195699996378,18.322518888805117,18.70659758892757,16.29401160386255,"rgba(38, 166, 154, 1.0)",0.0,0.0,1.2528142194547887,16.798450565952393,0.2287246022577161,69.48033839450392,14.921905089263618,True,False,True,False,True,0.0,16.2845,17.978175,0.0,0.0,0.0,0.0,0,0.9532889874353289,1.000739098300074,False,False,False,False,0.007988988382170697,0.010394221839579144,False,False,False,False,-932979.0,-1762123.400456659,False,False,False,False,113321.93668402499,False,False,False,False
2025-04-15 18:00:00+00:00,17.08,17.105,17.025,17.055,24013.0,,,,16.405624160506086,16.540427033127855,18.356136465631568,,,,,16.376913006849282,16.90493662221653,17.632625163185118,17.852008211303655,17.920402397346933,18.321571687711284,18.705574928658148,16.427334534690306,"rgba(38, 166, 154, 1.0)",0.0,0.0,1.2389834433811504,16.800108891817814,0.20572600024952317,68.67397989949912,14.921905089263618,True,False,True,False,True,0.0,16.2671,17.967750000000002,0.0,0.0,0.0,0.0,0,0.9536982248520707,1.0005917159763313,False,False,False,False,0.0030726270979232373,0.006733424468751191,False,False,False,False,-956992.0,-1749640.743085238,False,False,False,False,111937.30200675328,False,False,False,False
2025-04-15 19:00:00+00:00,17.055,17.195,17.045,17.11,82605.0,,,,16.465018810367695,16.546166250957583,18.352983684128898,,,,,16.384813382436466,16.90668553779859,17.63064386148984,17.849607063666,17.917858644803793,18.318465913746685,18.70218403135789,16.457378490302375,"rgba(38, 166, 154, 1.0)",0.0,0.0,1.2266497881230563,16.809901369340878,0.2446489891122991,68.66617325450716,14.921905089263618,True,False,True,False,True,0.0,16.250799999999998,17.957325,0.0,0.0,0.0,0.0,0,0.9539551357733176,0.9973435655253836,False,False,False,False,0.012086241060119374,0.009409832764435282,False,False,False,False,-874387.0,-1736070.917611048,False,False,False,False,111482.53763455556,False,False,False,False
2025-04-16 14:00:00+00:00,17.045,17.3,17.035,17.21,54625.0,,,,16.502532719072125,16.550324395345452,18.351016760064244,,,,,16.39040152866547,16.908179393311936,17.6295066432534,17.848167881327754,17.916321092851508,18.31653151372217,18.70004124017731,16.61778930854326,"rgba(38, 166, 154, 1.0)",0.0,0.0,1.2128421612508948,16.81769578553347,0.32345858925444865,69.59965408417759,15.892396676730698,True,False,True,False,True,0.3196095371875032,16.2373,17.948325,0.0,0.0,0.0,0.0,0,0.9525906355496845,0.9960369881109642,False,False,False,False,0.019872252975878454,0.014641042870156868,False,False,False,False,-819762.0,-1721864.577803125,False,False,False,False,110601.0254231671,False,False,False,False
2025-04-16 15:00:00+00:00,17.21,17.27,17.18,17.225,17046.0,,,,16.51414450103843,16.551699145971824,18.350427018805682,,,,,16.392223949435063,16.908715578163147,17.629187171038886,17.847749162685815,17.915870829491116,18.315952219394486,18.69939285553758,16.625728123362563,"rgba(38, 166, 154, 1.0)",0.0,0.0,1.1979762477151708,16.820307689480344,0.33781330079916244,70.36399592173717,16.917018102145633,True,False,True,False,True,0.4504713253800645,16.2276,17.93975,0.0,0.0,0.0,0.0,0,0.9582352941176471,0.9977941176470589,False,False,False,False,0.029300738410717026,0.021970890640436946,False,False,False,False,-802716.0,-1707614.2122557894,False,False,False,False,109150.55991273039,False,False,False,False
2025-04-16 16:00:00+00:00,17.225,17.26,17.18,17.19,22236.0,,,,16.528434186482357,16.553444303657415,18.349648405670383,,,,,16.394546709454815,16.90937925131907,17.628755748930086,17.847190665715118,17.915271621783514,18.315187093354247,18.698539317172685,16.63393500033671,"rgba(38, 166, 154, 1.0)",0.0,0.0,1.1812541129151282,16.823468987485057,0.31028972386848214,69.96966559914,16.917018102145633,True,False,True,False,True,0.13699064761570057,16.249100000000002,17.92995,0.0,0.0,0.0,0.0,0,0.9604062408007061,0.994554018251398,False,False,False,False,0.028480687438421273,0.02522578903942911,False,False,False,False,-824952.0,-1693929.5267944592,False,False,False,False,107803.04735594387,False,False,False,False
2025-04-16 17:00:00+00:00,17.195,17.255,16.905,16.925,50481.0,,,,16.55070151614219,16.5562852808681,18.347603565936488,,,,,16.398607334254923,16.909971169602535,17.62735613243974,17.845565910725185,17.913565615276234,18.31316911953754,18.696369163741963,16.63177587431999,"rgba(38, 166, 154, 1.0)",0.0,0.0,1.1666149036134235,16.826910374427463,0.08408055243312854,64.09947453457033,17.571552321032982,True,False,True,False,False,0.0,16.2591,17.919249999999998,0.0,0.0,0.0,0.0,0,0.9553767373811266,0.9929773226042429,False,False,False,False,0.005530774319775457,0.015378281679602285,False,False,False,False,-875433.0,-1681239.658161987,False,False,False,False,106914.33344344862,False,False,False,False
2025-04-16 18:00:00+00:00,16.925,17.055,16.905,16.955,67880.0,,,,16.574490857409103,16.559600077583266,18.344746222314694,,,,,16.40350216605629,16.91038123538914,17.625307306406203,17.843240510501605,17.911135741841765,18.310346340494128,18.693361076982118,16.62975698953033,"rgba(38, 166, 154, 1.0)",0.0,0.0,1.1529619005603633,16.830352505603866,0.10811067940367429,60.663026474842034,14.525545945337399,True,False,True,False,False,0.0,16.2728,17.908775,0.0,0.0,0.0,0.0,0,0.9561723886048211,0.9967859751643534,False,False,False,False,-0.010857045297708678,0.0022606181909468033,False,False,False,False,-807553.0,-1667694.12857808,False,False,False,False,106309.14997920909,False,False,False,False
2025-04-16 19:00:00+00:00,16.955,16.965,16.79,16.925,171202.0,,,,16.614266042444665,16.56618456777396,18.337183934329055,,,,,16.413832038712965,16.910100163104584,17.619583824466158,17.83690794640845,17.90455623658178,18.30286589390706,18.685477630191688,16.71436675919368,"rgba(38, 166, 154, 1.0)",0.0,0.0,1.1378296354370883,16.803192817511203,0.10705221475621575,57.78596139609346,12.031569273424807,True,False,True,False,False,0.0,16.2831,17.897625,0.0,0.0,0.0,0.0,0,0.9535324107793153,0.998106336489439,False,False,False,False,-0.02766069115946149,-0.012700036484257344,False,False,False,False,-978755.0,-1657012.90177842,False,False,False,False,107315.24067720585,False,False,False,False
2025-04-17 14:00:00+00:00,17.31,17.345,17.21,17.295,48763.0,,,,16.637223509140796,16.570192125480187,18.335622301836047,,,,,16.419023618461004,16.91184467615408,17.61883661385385,17.835858809139687,17.903414515819254,18.301335215861336,18.68373072306333,16.74387611455557,"rgba(38, 166, 154, 1.0)",0.0,0.0,1.1240582164076243,16.8153829160015,0.4266834911196229,60.85705802006234,12.031569273424807,True,False,True,False,True,1.1913497088878486,16.3082,17.888175,0.0,0.0,0.0,0.0,0,0.9577627216375952,0.9927922733169958,False,False,False,False,0.03791386393990478,0.012606913727823717,False,False,False,False,-929992.0,-1645741.2598903824,False,False,False,False,106407.45400003986,False,False,False,False
2025-04-17 15:00:00+00:00,17.295,17.42,17.295,17.325,36717.0,,,,16.655091283655324,16.57344562663738,18.334520079856564,,,,,16.423175441579744,16.913369629234115,17.618381970363963,17.835161712344398,17.902645124684767,18.300257209158662,18.682477585151517,16.765220761951724,"rgba(38, 166, 154, 1.0)",0.0,0.0,1.1086651945078492,16.824127440208418,0.4517798179944894,63.2088806447272,8.28597573573677,True,False,True,False,True,1.4578480016234394,16.3314,17.8782,0.0,0.0,0.0,0.0,0,0.9604202648244098,0.9907887161773172,False,False,False,False,0.05104987781113328,0.0318283957694785,False,False,False,False,-893275.0,-1634075.1163261905,False,False,False,False,105326.98184500047,False,False,False,False
2025-04-17 16:00:00+00:00,17.325,17.52,17.305,17.455,17937.0,,,,16.66446912798913,16.575188556259665,18.334026048846198,,,,,16.42536474329635,16.914247545160844,17.618225649858935,17.834877540660013,17.902324006092876,18.299775572114548,18.681902867244098,16.91701744078347,"rgba(38, 166, 154, 1.0)",0.0,0.0,1.0922972609623798,16.83103636070451,0.5712397729037054,66.04822652284776,10.84960875585741,True,False,True,False,True,2.6135358651777096,16.3626,17.868475,0.0,0.0,0.0,0.0,0,0.9600057545676881,0.9920874694288592,False,False,False,False,0.06009083547834104,0.045959615623909766,False,False,False,False,-875338.0,-1622311.7501815984,False,False,False,False,103972.09840554309,False,False,False,False
2025-04-17 17:00:00+00:00,17.455,17.495,17.38,17.455,28315.0,,,,16.679131342827784,16.5779790368548,18.33326157923034,,,,,16.42885855945007,16.915672188145003,17.61800082826782,17.834448038936383,17.901835706346635,18.29903084188287,18.68100873040088,16.934009152384714,"rgba(38, 166, 154, 1.0)",0.0,0.0,1.0743387155247104,16.83857759240798,0.5737691462519399,67.94112377492812,12.584704764289405,True,False,True,False,True,2.613535865177699,16.3975,17.859074999999997,0.0,0.0,0.0,0.0,0,0.9607476635514016,0.9941049604601006,False,False,False,False,0.06420351883879749,0.05508156723135363,False,False,False,False,-875338.0,-1610730.7618066897,False,False,False,False,102799.1201356897,False,False,False,False
2025-04-17 18:00:00+00:00,17.455,17.5,17.405,17.41,31819.0,,,,16.694859345437216,16.58107551674896,18.332399252537904,,,,,16.43273701933683,16.917248920540043,17.617741661181643,17.833960353245526,17.901282247073464,18.298190613709977,18.68000142982899,16.94979345857321,"rgba(38, 166, 154, 1.0)",0.0,0.0,1.0521996821757633,16.845686063978846,0.5363182916518778,68.01953272505897,12.768536783897765,True,False,True,False,True,2.1764107042221035,16.430999999999997,17.849675,0.0,0.0,0.0,0.0,0,0.9610688119523056,0.9935354115787959,False,False,False,False,0.06667216146593499,0.06087686434864431,False,False,False,False,-907157.0,-1599822.6414686013,False,False,False,False,101698.6531568418,False,False,False,False
2025-04-17 19:00:00+00:00,17.41,17.425,17.19,17.265,91541.0,,,,16.728522029427737,16.58837485678111,18.329526795199502,,,,,16.442145475783228,16.92048485174044,17.61640095720769,17.83205221266049,17.899200918961128,18.295376366836084,18.676775228768165,17.059725278250923,"rgba(38, 166, 154, 1.0)",0.0,0.0,1.0287527785036026,16.853696654798522,0.39980776119968253,64.61432589305764,12.768536783897765,True,False,True,False,False,0.7732301734174953,16.4552,17.840125,0.0,0.0,0.0,0.0,0,0.9566337483898669,0.995276942893946,False,False,False,False,0.04283809368037686,0.051857479014510585,False,False,False,False,-998698.0,-1590502.8795853672,False,False,False,False,101541.17016216209,False,False,False,False
2025-04-18 14:00:00+00:00,17.265,17.265,17.265,17.265,0.0,,,,16.728522029427737,16.58837485678111,18.329526795199502,,,,,16.442145475783228,16.92048485174044,17.61640095720769,17.83205221266049,17.899200918961128,18.295376366836084,18.676775228768165,17.059725278250923,"rgba(38, 166, 154, 1.0)",0.0,0.0,1.0046214696575508,16.853696654798522,0.4094112634698926,62.34418800505675,17.712974027112523,True,False,True,False,False,0.7732301734174953,16.4863,17.830575,0.0,0.0,0.0,0.0,0,0.9597576806577239,1.0033174671859222,False,False,False,False,0.03586265750695879,0.043860068260734686,False,False,False,False,-998698.0,-1581327.6101344312,False,False,False,False,99966.88845422158,False,False,False,False
2025-04-18 15:00:00+00:00,17.265,17.265,17.265,17.265,0.0,,,,16.728522029427737,16.58837485678111,18.329526795199502,,,,,16.442145475783228,16.92048485174044,17.61640095720769,17.83205221266049,17.899200918961128,18.295376366836084,18.676775228768165,17.059725278250923,"rgba(38, 166, 154, 1.0)",0.0,0.0,0.9838253708661704,16.853696654798522,0.418065397967286,60.830762746389496,16.171199053305912,True,False,True,False,False,0.7732301734174953,16.5143,17.821725,0.0,0.0,0.0,0.0,0,0.9552433371958287,1.004055619930475,False,False,False,False,0.03586265750695879,0.039861362883846736,False,False,False,False,-998698.0,-1572294.5929230447,False,False,False,False,98417.01421462125,False,False,False,False
2025-04-18 16:00:00+00:00,17.265,17.265,17.265,17.265,0.0,,,,16.728522029427737,16.58837485678111,18.329526795199502,,,,,16.442145475783228,16.92048485174044,17.61640095720769,17.83205221266049,17.899200918961128,18.295376366836084,18.676775228768165,17.059725278250923,"rgba(38, 166, 154, 1.0)",0.0,0.0,0.9583394046025703,16.853696654798522,0.4291833803620425,59.821812573944655,15.03138262813971,True,False,True,False,False,0.7732301734174953,16.530900000000003,17.816525,0.0,0.0,0.0,0.0,0,0.9574592074592073,1.003205128205128,False,False,False,False,0.03586265750695879,0.037862010195402765,False,False,False,False,-998698.0,-1563401.6224901292,False,False,False,False,96891.16903299921,False,False,False,False
2025-04-18 17:00:00+00:00,17.265,17.265,17.265,17.265,0.0,,,,16.728522029427737,16.58837485678111,18.329526795199502,,,,,16.442145475783228,16.92048485174044,17.61640095720769,17.83205221266049,17.899200918961128,18.295376366836084,18.676775228768165,17.059725278250923,"rgba(38, 166, 154, 1.0)",0.0,0.0,0.9290516718722379,16.853696654798522,0.44271309944754095,59.14917912564809,14.133875320763337,False,False,True,False,False,0.7732301734174953,16.5515,17.8115,0.0,0.0,0.0,0.0,0,0.9559059716746969,1.0010220470141626,False,False,False,False,0.03586265750695879,0.036862333851180776,False,False,False,False,-998698.0,-1554646.5275678015,False,False,False,False,95388.98036582093,False,False,False,False
2025-04-18 18:00:00+00:00,17.265,17.265,17.265,17.265,0.0,,,,16.728522029427737,16.58837485678111,18.329526795199502,,,,,16.442145475783228,16.92048485174044,17.61640095720769,17.83205221266049,17.899200918961128,18.295376366836084,18.676775228768165,17.059725278250923,"rgba(38, 166, 154, 1.0)",0.0,0.0,0.8984815418697645,16.853696654798522,0.45777606554447947,58.70075682678372,13.386988134169705,False,False,True,False,False,0.7732301734174953,16.5753,17.805224999999997,0.0,0.0,0.0,0.0,0,0.9558091893473807,1.00102429031314,False,False,False,False,0.03586265750695879,0.03636249567906978,False,False,False,False,-998698.0,-1546027.1705512465,False,False,False,False,93910.0814454206,False,False,False,False
2025-04-18 19:00:00+00:00,17.265,17.265,17.265,17.265,0.0,,,,16.728522029427737,16.58837485678111,18.329526795199502,,,,,16.442145475783228,16.92048485174044,17.61640095720769,17.83205221266049,17.899200918961128,18.295376366836084,18.676775228768165,17.059725278250923,"rgba(38, 166, 154, 1.0)",0.0,0.0,0.863781868944181,16.853696654798522,0.4761657543289524,58.40180862754081,12.739467974408925,False,False,True,False,False,0.7732301734174953,16.5981,17.798375,0.0,0.0,0.0,0.0,0,0.9557314570507182,1.000586338317209,False,False,False,False,0.03586265750695879,0.036112576593014284,False,False,False,False,-998698.0,-1537541.4469768086,False,False,False,False,92454.11119045284,False,False,False,False
2025-04-21 14:00:00+00:00,16.855,16.88,16.72,16.735,35557.0,,,,16.729587041437767,16.589128020096677,18.327862923556328,,,,,16.443567051724852,16.92001134533424,17.61505778152556,17.830609592978234,17.897712380377847,18.29372785154377,18.675061139734588,17.056641275004733,"rgba(239, 83, 80, 1.0)",0.0,0.0,0.8255204091635329,16.845449625039667,-0.133793936302049,47.428986346286884,2.4673354926742306,False,True,False,True,False,0.0,16.616300000000003,17.788825,0.0,0.0,0.0,0.0,0,0.9528492912930286,1.000144634075788,False,False,False,False,-0.0403757505985407,-0.002131587002763207,False,False,False,False,-1034255.0,-1529738.5563260051,False,False,False,False,91571.98543556209,False,False,False,False
2025-04-21 15:00:00+00:00,16.735,16.745,16.41,16.47,100108.0,,,,16.71891720340092,16.58860406607581,18.322484968873344,,,,,16.444721193732054,16.916496131473078,17.610236081702023,17.825660408161355,17.89266108211252,18.288383914150554,18.669651749416886,16.912057649638783,"rgba(239, 83, 80, 1.0)",0.0,0.0,0.7856038132232604,16.81920673346139,-0.4445074318423007,38.08135278418638,-5.69862720737941,False,True,False,True,False,0.0,16.636999999999997,17.778824999999998,0.0,0.0,0.0,0.0,0,0.9443485763589301,1.0053206787460454,False,False,False,False,-0.07696727317952541,-0.03954943009114431,False,False,False,False,-1134363.0,-1523608.7027395554,False,False,False,False,91704.32674663865,False,False,False,False
2025-04-21 16:00:00+00:00,16.47,16.615,16.46,16.475,29065.0,,,,16.715637200225945,16.588374229278095,18.320907778635448,,,,,16.444966109090867,16.915420482624917,17.60881170771316,17.82420275160611,17.8911745391788,18.286816356114695,18.668067950216205,16.887912084780826,"rgba(239, 83, 80, 1.0)",0.0,0.0,0.7388696626455505,16.813440229409043,-0.4580513269380197,31.98537944680419,-10.677534659650753,False,True,False,True,False,0.0,16.6681,17.770525,0.0,0.0,0.0,0.0,0,0.9516245487364621,1.0060649819494585,False,False,False,False,-0.08356455301035877,-0.06155699155075154,False,False,False,False,-1105298.0,-1517123.2654877792,False,False,False,False,90733.17439397758,False,False,False,False
2025-04-21 17:00:00+00:00,16.475,16.5,16.385,16.435,24692.0,,,,16.711891218083956,16.587972593811877,18.319513205315346,,,,,16.444951788511844,16.914336385726326,17.60751981074697,17.822894495926022,17.889843876534226,18.285429240838994,18.666676389552205,16.791260790587476,"rgba(239, 83, 80, 1.0)",0.0,0.0,0.7237941945301887,16.74990451156156,-0.43507465788111827,27.634396960540037,-14.17198016655935,False,True,False,True,False,0.0,16.6945,17.762674999999998,0.0,0.0,0.0,0.0,0,0.9517689530685922,1.005198555956679,False,False,False,False,-0.09926329380108122,-0.08041014267591638,False,False,False,False,-1129990.0,-1511121.1993561857,False,False,False,False,89709.28021732676,False,False,True,False
2025-04-21 18:00:00+00:00,16.435,16.515,16.415,16.495,27784.0,,,,16.70832322223686,16.587629538312417,18.317975645754768,,,,,16.445048972462782,16.9132120060485,17.60611302541719,17.821462553019636,17.888385574533757,18.28390047131595,18.665137230353764,16.775819114043358,"rgba(239, 83, 80, 1.0)",0.0,0.0,0.7037886532674663,16.746209850552447,-0.356939330275017,26.581684434092566,-14.898982688490548,False,True,False,True,False,0.0,16.7241,17.754775,0.0,0.0,0.0,0.0,0,0.951789838337182,1.0047632794457273,False,False,False,False,-0.09554104744251067,-0.08797559505921353,False,False,False,False,-1102206.0,-1504781.4288235316,False,False,False,False,88749.19835349222,False,False,False,False
2025-04-21 19:00:00+00:00,16.495,16.595,16.43,16.57,127544.0,,,,16.696898777703808,16.58686015215338,18.31116617569665,,,,,16.446316178392447,16.908781486299358,17.600020987515258,17.815203001294137,17.881996410344822,18.277134384831633,18.658281382192413,16.736234331343965,"rgba(239, 83, 80, 1.0)",0.0,0.0,0.6851509796128352,16.734765297121303,-0.24048027664560623,28.08844365114137,-14.898982688490548,False,True,False,True,False,0.0,16.726699999999997,17.747075,0.0,0.0,0.0,0.0,0,0.9511808755760369,1.0036002304147467,False,False,False,False,-0.08769150503104571,-0.08783355004512962,False,False,False,False,-974662.0,-1496562.5229502986,False,False,False,False,89350.66814646132,False,False,False,False
2025-04-22 14:00:00+00:00,16.805,16.89,16.75,16.885,93160.0,,,,16.70342861537305,16.589393442580953,18.30708591350261,,,,,16.450496176727253,16.90821703247794,17.596893291066582,17.811764199915945,17.878430229659376,18.273097138997763,18.65402746880732,16.766912863100544,"rgba(38, 166, 154, 1.0)",0.0,0.0,0.6668488287160151,16.744101674826023,0.2112897542989934,35.82310955223268,-23.15828781539446,False,True,False,True,True,0.0,16.7351,17.740425000000002,0.0,0.0,0.0,0.0,0,0.9566585610070089,0.9977113431554855,False,False,False,False,-0.037093360474903955,-0.06246345526001679,False,False,False,False,-881502.0,-1487026.7008890535,False,False,False,False,89409.72755504331,False,False,False,False
2025-04-22 15:00:00+00:00,16.885,16.995,16.855,16.985,76426.0,,,,16.712048612002757,16.592270364365163,18.30399030070577,,,,,16.454748481917612,16.908469079895035,17.59469505846206,17.809259758545753,17.875812611847156,18.270039879068406,18.650750645609808,16.794178935980995,"rgba(38, 166, 154, 1.0)",0.0,0.0,0.649791907091864,16.75291057489475,0.3571750010614387,42.51780774330395,-17.057776336380677,False,True,False,True,True,0.0,16.7413,17.734325,0.0,0.0,0.0,0.0,0,0.9610259349477003,0.9965611119071499,False,False,False,False,-0.019872269369687494,-0.041167862314852144,False,False,False,False,-805076.0,-1476453.8218055023,False,False,False,False,89208.42945341473,False,False,False,False
2025-04-22 16:00:00+00:00,16.985,17.045,16.905,16.945,59121.0,,,,16.718843366846535,16.59458852415556,18.301640357626365,,,,,16.45812027051732,16.90876715532755,17.593056746282752,17.80737690302671,17.87384103846498,18.267720059194104,18.648254015138445,16.814629222073002,"rgba(38, 166, 154, 1.0)",0.0,0.0,0.6365009783928482,16.75890786175104,0.29236740329738076,46.218896337609976,-13.724052734034657,False,True,False,False,True,0.0,16.7579,17.729175,0.0,0.0,0.0,0.0,0,0.9564653308346548,0.9984143001297391,False,False,False,False,-0.011676516191203797,-0.026422189253027972,False,False,False,False,-864197.0,-1466961.4679790603,False,False,False,False,88741.95767894319,False,False,False,False
2025-04-22 17:00:00+00:00,16.945,16.985,16.75,16.775,42885.0,,,,16.721095275192024,16.595675735029594,18.299777752234938,,,,,16.45992612202811,16.9084924392494,17.591631936162873,17.805809097619914,17.87221504817428,18.265877207714695,18.646309919870347,16.81140004989902,"rgba(38, 166, 154, 1.0)",0.0,0.0,0.6357307634550671,16.76028268689282,0.02315022955188558,45.76324836601255,-13.724052734034657,False,True,False,True,True,0.0,16.7762,17.724,0.0,0.0,0.0,0.0,0,0.9512370540851554,1.002301495972382,False,False,False,False,-0.0293007548121269,-0.027861472032577436,False,False,False,False,-907082.0,-1458281.1661499275,False,False,False,False,88030.99709477353,False,False,False,False
2025-04-22 18:00:00+00:00,16.775,16.9,16.775,16.9,27871.0,,,,16.72277903431235,16.596440150626293,18.298587668941718,,,,,16.46115750422002,16.908368539991695,17.59073531741428,17.80481561065879,17.871183098924167,18.264700197423224,18.645063786745283,16.812687605673545,"rgba(38, 166, 154, 1.0)",0.0,0.0,0.6372938635104124,16.761377195503997,0.21751787116295868,47.649966660284484,-11.896672964558938,False,True,False,False,True,0.0,16.7972,17.720225,0.0,0.0,0.0,0.0,0,0.9543286602110135,1.005925711808065,False,False,False,False,-0.034221926755756624,-0.03104169939416703,False,False,False,False,-879211.0,-1449303.3341165953,False,False,False,False,87098.28396152123,False,False,False,False
2025-04-22 19:00:00+00:00,16.895,16.98,16.84,16.97,84684.0,,,,16.730226228488753,16.599363890061937,18.29516304575061,,,,,16.465519467511818,16.908529681055363,17.588289675806358,17.802037318298744,17.86828139587202,18.26131761172308,18.64143957972759,16.827382663207736,"rgba(38, 166, 154, 1.0)",0.0,0.0,0.6388455593085153,16.766797327723364,0.31807792871970714,50.038460628329545,-9.186430087716914,False,True,False,False,True,0.0,16.8158,17.7162,0.0,0.0,0.0,0.0,0,0.9561517380643302,0.9974037213327561,False,False,False,False,-0.022331465832157026,-0.02668658261316203,False,False,False,False,-794527.0,-1439151.7630450202,False,False,False,False,87060.85320242787,False,False,False,False
2025-04-23 14:00:00+00:00,17.525,17.595,17.215,17.29,66807.0,,,,16.74777293747188,16.604633269932968,18.293333747527573,,,,,16.47208538544599,16.911206330902306,17.587644416248484,17.80094925429252,17.8670643282058,18.259532473365507,18.639317983386825,16.93061751927218,"rgba(38, 166, 154, 1.0)",0.0,0.0,0.6448509639950372,16.784181857734914,0.7843954192630741,55.61048768794468,-3.5966908037913825,False,False,True,False,True,2.0165119062754613,16.844199999999997,17.714075,0.0,0.0,0.0,0.0,0,0.9620576950405004,0.9857893988915731,False,False,False,False,0.05885743258372408,0.016085424985281024,False,False,False,False,-727720.0,-1428121.8132303688,False,False,False,False,86746.83997448324,False,False,False,False
2025-04-23 15:00:00+00:00,17.285,17.365,17.16,17.175,63947.0,,,,16.76025731924796,16.60873898675601,18.29133852975943,,,,,16.47735775307567,16.91299775982845,17.58665973900953,17.79959465639197,17.86559594249942,18.257576245553707,18.637081748519574,16.94819833398398,"rgba(38, 166, 154, 1.0)",0.0,0.0,0.6464710719331624,16.78974325161348,0.5959381093951747,57.17753229879231,-1.8067276908004217,False,False,True,False,True,0.7963527877318199,16.8694,17.711425000000002,0.0,0.0,0.0,0.0,0,0.9596431605777399,0.9926366468422542,False,False,False,False,0.035452452967566536,0.02576893897642378,False,False,False,False,-791667.0,-1418254.2967461771,False,False,False,False,86393.35408340598,False,False,False,False
2025-04-23 16:00:00+00:00,17.175,17.26,17.095,17.255,39085.0,,,,16.767112518933228,16.611102870814438,18.290088253958665,,,,,16.480418003212087,16.913981292841573,17.58600971296192,17.79872619723982,17.864659371375367,18.25634933558516,18.63568930451452,16.95755777118422,"rgba(38, 166, 154, 1.0)",0.0,0.0,0.6500127649470909,16.79342107226521,0.7101074819236189,59.15133258931161,0.4717308116223933,True,False,True,False,True,1.6215678069974082,16.904,17.710324999999997,0.0,0.0,0.0,0.0,0,0.9562570781426951,0.9997168742921854,False,False,False,False,0.021511688744201663,0.02364031386031272,False,False,False,False,-752582.0,-1407933.79602143,False,False,False,False,85659.89122939968,False,False,False,False
2025-04-23 17:00:00+00:00,17.255,17.295,17.115,17.195,31595.0,,,,16.772480315099163,16.612994722028606,18.28907812457605,,,,,16.482867353000696,16.91476693914228,17.58548358137443,17.798024050956275,17.863902309592866,18.255358061661138,18.634564367470954,16.964960777204492,"rgba(38, 166, 154, 1.0)",0.0,0.0,0.6493349473680313,16.796581563474852,0.613579229240732,59.29058118296785,1.1392198726388258,True,False,True,False,True,0.9749502627271589,16.9365,17.709575,0.0,0.0,0.0,0.0,0,0.9582507783753182,0.9981602037928101,False,False,False,False,0.026020759861001684,0.024830536860657202,False,False,False,False,-784177.0,-1398263.148021098,False,False,False,False,84821.67586150201,False,False,False,False
2025-04-23 18:00:00+00:00,17.195,17.225,17.085,17.105,33395.0,,,,16.777195387092615,16.61476750080594,18.287950417891906,,,,,16.485211705659083,16.9154104073736,17.58483753456489,17.79720506975635,17.863027647076784,18.25424948297786,18.633324789043694,16.969237795834758,"rgba(38, 166, 154, 1.0)",0.0,0.0,0.6440724177286684,16.798741573034185,0.4755030933413365,57.67063360056804,1.1392198726388258,False,False,True,False,True,0.006096572366793396,16.9609,17.707925,0.0,0.0,0.0,0.0,0,0.9575971731448766,0.9978798586572437,False,False,False,False,0.01782310742254718,0.02132682214160219,False,False,False,False,-817572.0,-1389260.1844858872,False,False,False,False,84024.3630574477,False,False,False,False
2025-04-23 19:00:00+00:00,17.105,17.145,16.925,17.075,151087.0,,,,16.79213383935995,16.621287319882455,18.282478632191452,,,,,16.494178750995317,16.917119034907888,17.581353361746718,17.793022394149684,17.858608484483597,18.248859084561722,18.62740613229892,16.98329341717831,"rgba(38, 166, 154, 1.0)",0.0,0.0,0.6383887233980077,16.80345729643237,0.4253563598715608,56.02216848509599,1.1392198726388258,False,False,True,False,True,0.0,16.9825,17.705125,0.0,0.0,0.0,0.0,0,0.9535538353272343,0.9991555242786767,False,False,False,False,-0.001843585655549943,0.009741618243026124,False,False,False,False,-968659.0,-1382739.2358892066,False,False,False,False,85064.09386275859,False,False,False,False
2025-04-24 14:00:00+00:00,17.28,17.525,17.23,17.525,120719.0,,,,16.818889059455955,16.630849182554396,18.279470898331013,,,,,16.50589390901469,16.922299194142354,17.580554851726895,17.791394731277723,17.856744506011566,18.245933063632062,18.623834228937213,17.050328054270043,"rgba(38, 166, 154, 1.0)",0.0,0.0,0.6435025777470875,16.826684969946065,1.0851782948543038,60.37351953598292,3.335106777468603,True,False,True,False,True,4.35224205788564,17.0111,17.7046,0.0,0.0,0.0,0.0,0,0.957817068077405,0.9891410274258666,False,False,False,False,0.05433645661759163,0.03203903743030888,False,False,False,False,-847940.0,-1374447.7748676685,False,False,False,False,85616.88310519644,False,False,False,False
2025-04-24 15:00:00+00:00,17.525,17.59,17.48,17.56,44624.0,,,,16.830007282580993,16.63483629420801,18.278515797862198,,,,,16.51068956844272,16.92462427288749,17.58048396148824,17.790988006279218,17.856245356375723,18.245009995281524,18.62264739046337,17.074745279748477,"rgba(38, 166, 154, 1.0)",0.0,0.0,0.6430310263902386,16.836296946351418,1.1254558861820532,63.57721298074871,6.594896579583079,True,False,True,False,True,4.698199268061334,17.0383,17.704975,0.0,0.0,0.0,0.0,0,0.9643652561247216,0.9890033407572381,False,False,False,False,0.08026502510348156,0.05615203126689522,False,False,False,False,-803316.0,-1365593.0186681696,False,False,False,False,84981.33452992207,False,False,False,False
2025-04-24 16:00:00+00:00,17.56,17.705,17.515,17.66,37952.0,,,,16.840271769801593,16.638508488974853,18.2777973018246,,,,,16.51505978524624,16.926852559518874,17.5805586467651,17.790759184883804,17.855934810211743,18.244319856011032,18.621717829093996,17.17245015926956,"rgba(38, 166, 154, 1.0)",1.0,17.7475,0.6464571639826194,16.86960743468841,1.2226526510159283,66.57618185082902,9.609162887405134,True,False,True,False,True,5.687754077671059,17.0578,17.707825,0.0,0.0,0.0,0.0,0,0.96476813814232,0.99053056677343,False,True,False,False,0.09264777934138275,0.07439990530413898,False,False,False,False,-765364.0,-1356287.1424097484,False,False,False,False,84252.19756046591,False,True,False,False
2025-04-24 17:00:00+00:00,17.655,17.655,17.475,17.545,38837.0,,,,16.849616108633793,16.641980348226106,18.27698669966148,,,,,16.519223874275745,16.928896981516086,17.580521927293965,17.790428450251277,17.855523433273202,18.24353725949273,18.620703184655905,17.183779874803122,"rgba(38, 166, 154, 1.0)",0.0,0.0,0.653362736054371,16.875121091312717,1.0252787184231744,66.14647336349428,9.609162887405134,True,False,True,False,True,4.3766477212442005,17.078599999999998,17.709850000000003,0.0,0.0,0.0,0.0,0,0.9631637475674173,0.9931887684181259,False,False,False,False,0.09073877131739451,0.08256933831076674,False,False,False,False,-804201.0,-1347727.6673336283,False,False,False,False,83548.08597038117,False,False,False,False
2025-04-24 18:00:00+00:00,17.545,17.565,17.48,17.515,29141.0,,,,16.856098708069844,16.644460005962735,18.276347290667463,,,,,16.52221213717499,16.930329428780727,17.580446992762088,17.790140018581308,17.855175788043315,18.242918430858285,18.619915700667278,17.190946197360567,"rgba(38, 166, 154, 1.0)",0.0,0.0,0.6578023882455684,16.879030903890715,0.9668087368996714,65.23707025633595,9.609162887405134,True,False,True,False,True,4.034789573058365,17.0962,17.711725,0.0,0.0,0.0,0.0,0,0.9647926523796271,0.9942944614528247,False,False,False,False,0.08546966406178873,0.08401950118627774,False,False,False,False,-833342.0,-1339752.6957470602,False,False,False,False,82704.56525766208,False,False,False,False
2025-04-24 19:00:00+00:00,17.515,17.595,17.46,17.58,69298.0,,,,16.87158420565898,16.650467589710374,18.274881206435406,,,,,16.529423391387205,16.93385134141078,17.58034293174392,17.789519834082153,17.854413412767638,18.241501828334613,18.618090023784344,17.21169992237831,"rgba(38, 166, 154, 1.0)",0.0,0.0,0.6609546399229153,16.890558550944633,1.0430994918740155,65.42610078422346,9.609162887405134,True,False,True,False,True,4.704132995733886,17.1129,17.71465,0.0,0.0,0.0,0.0,0,0.9651195108393553,0.9915230683713174,False,False,False,False,0.08630969040412359,0.08516459579520066,False,False,False,False,-764044.0,-1330826.9795339275,False,False,False,False,82496.71153273708,False,False,False,False
2025-04-25 14:00:00+00:00,17.42,17.51,17.38,17.425,42761.0,,,,16.87933781021658,16.65369751228631,18.273847692500986,,,,,16.533360595125174,16.935628704650206,17.580086148005286,17.788972447427174,17.853783316644808,18.24049713491888,18.61685488945439,17.216853921182683,"rgba(38, 166, 154, 1.0)",0.0,0.0,0.6617780785314836,16.894713348216026,0.8013058591494983,62.28575779151207,9.609162887405134,True,False,True,False,False,2.915909022083113,17.125899999999998,17.7173,0.0,0.0,0.0,0.0,0,0.9626958812924701,0.9914020246845097,False,False,False,False,0.0724638945230415,0.07881424515912108,False,False,False,False,-806805.0,-1322702.6077582077,False,False,False,False,81880.65398959388,False,False,False,False
2025-04-25 15:00:00+00:00,17.425,17.505,17.405,17.405,32118.0,,,,16.885023482586117,16.656106160820766,18.273073092884307,,,,,16.536295489216922,16.936955476704934,17.579893886335554,17.78856242345535,17.853311301900643,18.239744156142063,18.61592887335568,17.221011196800067,"rgba(38, 166, 154, 1.0)",0.0,0.0,0.6569792117596153,16.898041940327595,0.7716500775033648,59.79719182942766,9.609162887405134,True,False,True,False,False,2.686421851453801,17.1374,17.717950000000002,0.0,0.0,0.0,0.0,0,0.9630350194552529,0.9931906614785991,False,False,False,False,0.07414059147034445,0.07647741831473276,False,False,False,False,-838923.0,-1315202.1487231967,False,False,False,False,81109.13997425133,False,False,False,False
2025-04-25 16:00:00+00:00,17.405,17.44,17.38,17.44,28801.0,,,,16.889858790536373,16.658203185433408,18.27236448206751,,,,,16.53885797771312,16.938095997055047,17.579699652867706,17.78817635541107,17.85287028658907,18.239054723775602,18.61508682014398,17.224129886002647,"rgba(38, 166, 154, 1.0)",0.0,0.0,0.6423995206596508,16.900812231210303,0.8393340148137585,58.74041013837496,14.15539630158176,True,False,True,False,False,3.064765030951392,17.1433,17.716549999999998,0.0,0.0,0.0,0.0,0,0.9651991614255764,0.994409503843466,False,False,False,False,0.06659859466032612,0.07153800648752945,False,False,False,False,-810122.0,-1307371.448742992,False,False,False,False,80298.16105992185,False,False,False,False
2025-04-25 17:00:00+00:00,17.44,17.445,17.28,17.315,36523.0,,,,16.895035245556954,16.66059155243962,18.27139040702291,,,,,16.541817544897256,16.939315670406785,17.579341226473915,17.78759065516827,17.852217790958303,18.238103981021784,18.613955283571148,17.25869028689666,"rgba(38, 166, 154, 1.0)",0.0,0.0,0.6061644812903411,16.90306070813137,0.6795833549859875,55.42285402962862,10.82965292165241,False,False,True,False,False,1.604155005780381,17.1457,17.71385,0.0,0.0,0.0,0.0,0,0.9573400250941032,0.9941447093266418,False,False,False,False,0.058645779965074155,0.0650918932263018,False,False,False,False,-846645.0,-1300228.4030260462,False,False,False,False,79619.47639232618,False,False,False,False
2025-04-25 18:00:00+00:00,17.315,17.435,17.305,17.37,42106.0,,,,16.901160172344795,16.663417477159175,18.270298244865337,,,,,16.545300860037713,16.940792807766563,17.578970677618532,17.786952979581937,17.85150226032025,18.237039040211148,18.612677252674207,17.261893563109183,"rgba(38, 166, 154, 1.0)",0.0,0.0,0.5749496883586933,16.90632092694463,0.8064689527513851,54.305905786106216,9.60288769324417,False,False,True,False,False,2.21558147790655,17.151,17.712075,0.0,0.0,0.0,0.0,0,0.9580721548962252,0.9951246691739796,False,False,False,False,0.06440197969777675,0.06474693646203927,False,False,False,False,-804539.0,-1292543.2960023866,False,False,False,False,79037.87210717383,False,False,False,False
2025-04-25 19:00:00+00:00,17.375,17.45,17.36,17.44,140391.0,,,,16.922411497679327,16.67329090396933,18.26686354352628,,,,,16.557351620097318,16.946173160235553,17.578018408607626,17.78507722348605,17.849361529676738,18.233697187658716,18.60859423059226,17.278416379494566,"rgba(38, 166, 154, 1.0)",0.0,0.0,0.5365552287632028,16.920133949800302,0.9688956929895669,54.904867801362606,9.60288769324417,False,False,True,False,False,2.9945987960124576,17.1581,17.711225,0.0,0.0,0.0,0.0,0,0.961490163248221,0.9941398074508162,False,False,False,False,0.07370274129927354,0.0692248388806564,False,False,False,False,-664148.0,-1282800.7332736675,False,False,False,False,79989.08339233392,False,False,False,False
2025-04-28 14:00:00+00:00,17.38,17.41,17.315,17.32,35795.0,,,,16.926841703798456,16.675539411759182,18.2659221965324,,,,,16.56013091600119,16.947329141753116,17.577675327279714,17.784513860798185,17.848733417210997,18.23277857947828,18.60749822590704,17.27840943923843,"rgba(38, 166, 154, 1.0)",0.0,0.0,0.5360969893420436,16.922595584906826,0.7412920105761305,52.69429717891781,7.644831359875816,False,False,True,False,False,1.561175627813018,17.163400000000003,17.70875,0.0,0.0,0.0,0.0,0,0.9594594594594595,0.9921983839509615,False,False,False,False,0.06643777531495791,0.06783130709780716,False,False,False,False,-699943.0,-1273764.1792694244,False,False,False,False,79303.90380485587,False,False,False,False
2025-04-28 15:00:00+00:00,17.325,17.375,17.24,17.265,49517.0,,,,16.93204029395214,16.67837303666662,18.264545296921938,,,,,16.56367756591692,16.94869952383077,17.577088999047543,17.783638957457526,17.847771892102667,18.2314321331091,18.60591911874141,17.27561035480204,"rgba(38, 166, 154, 1.0)",0.0,0.0,0.535151052178982,16.925001502341825,0.6353318306556607,50.14040146291397,5.0688275083344365,False,False,False,False,False,0.9087111436199606,17.1665,17.70585,0.0,0.0,0.0,0.0,0,0.9574290484140233,0.9936004451864217,False,False,False,False,0.06032647651032857,0.06407889180406787,False,False,False,False,-749460.0,-1265635.432304007,False,False,False,False,78842.09134276508,False,False,False,False
2025-04-28 16:00:00+00:00,17.265,17.28,17.215,17.24,57092.0,,,,16.93707629230547,16.681353791469697,18.26288382834682,,,,,16.567456354915592,16.950046422458616,17.576301329758294,17.78253501452146,17.846571114454225,18.229804754305228,18.604036277401583,17.286822987171554,"rgba(38, 166, 154, 1.0)",0.0,0.0,0.535672028877882,16.92688022618431,0.5845363523490446,47.93961992992891,2.876837880087038,False,True,False,True,False,0.6098442086600855,17.1671,17.700775,0.0,0.0,0.0,0.0,0,0.9616300238061896,0.9942585072118749,False,False,False,False,0.05000263538967021,0.057040763596869035,False,False,False,False,-806552.0,-1258517.8597101464,False,False,False,False,78504.8806242726,False,False,False,False
2025-04-28 17:00:00+00:00,17.245,17.28,17.225,17.275,69345.0,,,,16.943266861102664,16.685027594879042,18.260902678374826,,,,,16.572090516206398,16.95174837650232,17.575392712517072,17.781237463684324,17.8451552534955,18.227865314674137,18.601781502946743,17.283436939881422,"rgba(38, 166, 154, 1.0)",0.0,0.0,0.5286772376613614,16.92967175978542,0.6531929419586129,47.40734604852654,2.205929487850689,False,True,False,True,False,1.025915557496905,17.1681,17.695475,0.0,0.0,0.0,0.0,0,0.9600000000000003,0.9950877192982459,False,False,False,False,0.05086251858724226,0.05395164109205565,False,False,False,False,-737207.0,-1250435.5207999116,False,False,False,False,78362.8669711831,False,False,False,False
2025-04-28 18:00:00+00:00,17.275,17.335,17.26,17.325,52767.0,,,,16.94849170237673,16.688016383959575,18.259470432959766,,,,,16.575811881838614,16.953225157107916,17.574806589620692,17.780342434073972,17.84416800442221,18.226465623832354,18.60013032607254,17.284802105610297,"rgba(38, 166, 154, 1.0)",0.0,0.0,0.5151173399076202,16.93264997939565,0.7616711576331592,48.374830268058275,2.205929487850689,False,False,False,False,False,1.6241636073002645,17.1708,17.690325,0.0,0.0,0.0,0.0,0,0.9647075365579304,0.9898762654668168,False,False,False,False,0.0586050034189525,0.056278322255504075,False,False,False,False,-684440.0,-1241660.3964464245,False,False,False,False,77966.03182434305,False,False,False,False
2025-04-28 19:00:00+00:00,17.325,17.37,17.255,17.265,109726.0,,,,16.958599093477694,16.694041307114833,18.25647476831586,,,,,16.58332654149788,16.956171247158615,17.57355077913227,17.778452972826777,17.842088642875783,18.22353712528137,18.596683800232366,17.284567862773002,"rgba(38, 166, 154, 1.0)",0.0,0.0,0.49960224719774526,16.938429865949978,0.6536602584991269,47.49793345340854,1.89798963253903,False,True,False,True,False,0.8728123022029948,17.1776,17.684425,0.0,0.0,0.0,0.0,0,0.9662209711470796,0.9874736101337086,False,False,False,False,0.0611873463583422,0.05873283430692314,False,False,False,False,-794166.0,-1234722.4988271,False,False,False,False,78458.43443171759,False,False,False,False
2025-04-29 14:00:00+00:00,17.18,17.27,17.11,17.23,68109.0,,,,16.96293096168596,16.697151484848085,18.254444753888794,,,,,16.587312674303057,16.95748031973666,17.572516120283804,17.7770617874461,17.840586360103504,18.221546499504466,18.594400696052993,17.28626598725272,"rgba(38, 166, 154, 1.0)",0.0,0.0,0.4881560542828156,16.94010800485644,0.5938510699605276,46.056276433978475,0.2871480629970762,False,True,False,True,False,0.4325345740067199,17.1831,17.677725,0.0,0.0,0.0,0.0,0,0.9580174108396521,0.9924178601516431,False,False,False,False,0.04011896666589582,0.04942590048640948,False,False,False,False,-862275.0,-1228948.1190003233,False,False,False,False,78297.97808393902,False,False,False,False
2025-04-29 15:00:00+00:00,17.23,17.275,17.155,17.155,21069.0,,,,16.964194724729992,16.698090203202497,18.2538134023061,,,,,16.58851885407357,16.957868836645325,17.57219002845357,17.776626565826426,17.840117011988934,18.220927259964963,18.593691727801712,17.28392670110481,"rgba(38, 166, 154, 1.0)",0.0,0.0,0.47038308137397933,16.940592709364648,0.4558142057513512,43.37787472755288,-2.400926450018318,False,True,False,True,False,0.0,17.187700000000003,17.671474999999997,0.0,0.0,0.0,0.0,0,0.9583333333333336,0.9938271604938272,False,False,False,False,0.04441513813502052,0.046920519310715,False,False,False,False,-883344.0,-1223589.9156049695,False,False,False,False,77410.70710589345,False,False,False,False
2025-04-29 16:00:00+00:00,17.155,17.24,17.135,17.16,40844.0,,,,16.966431730145796,16.699839240290018,18.252572383854133,,,,,16.5907796624326,16.95856571723173,17.571531612462696,17.775760580083535,17.839185626478702,18.219709471043256,18.592303025527674,17.27868036210961,"rgba(38, 166, 154, 1.0)",0.0,0.0,0.45280032589958896,16.941360332416203,0.48286110914213914,41.77553427844932,-4.018071403326132,False,True,False,True,False,0.0,17.185,17.665,0.0,0.0,0.0,0.0,0,0.9652591441886739,0.9940686343736762,False,False,False,False,0.03968943352834037,0.043304976419527685,False,False,False,False,-842500.0,-1217681.5448203962,False,False,False,False,76843.78141432922,False,False,False,False
2025-04-29 17:00:00+00:00,17.155,17.225,17.13,17.205,54545.0,,,,16.969461907680767,16.70219555028893,18.2509323507661,,,,,16.593814402383266,16.959524552603792,17.57067432060908,17.77462408070817,17.83796152406941,18.218100586363324,18.590463636037562,17.273648063987395,"rgba(38, 166, 154, 1.0)",0.0,0.0,0.41762031766830005,16.942557742522197,0.6284231067662011,42.39480266868645,-4.018071403326132,False,True,False,True,False,0.1372146212832277,17.1826,17.659725,0.0,0.0,0.0,0.0,0,0.9623602660251873,0.9957549172208856,False,False,False,False,0.037971445757231985,0.04063821108837984,False,False,False,False,-787955.0,-1211019.1177689172,False,False,False,False,76498.06387302179,False,False,False,False
2025-04-29 18:00:00+00:00,17.205,17.22,17.12,17.12,59501.0,,,,16.97218082210096,16.70456500768496,18.249093194949378,,,,,16.59690566288964,16.960409205326975,17.569662679001823,17.773319305045725,17.836563351185852,18.216294687630512,18.58841508551512,17.266366497303125,"rgba(38, 166, 154, 1.0)",0.0,0.0,0.3800196415023479,16.943374602978178,0.46477965276626826,40.64013679351761,-5.331544179703535,False,True,False,True,False,0.0,17.1759,17.654,0.0,0.0,0.0,0.0,0,0.9620073717039979,0.9958888573858806,False,False,False,False,0.03668310249057416,0.038660656789477,False,False,False,False,-847456.0,-1205382.4802841279,False,False,False,False,76234.54350289742,False,False,False,False
2025-04-29 19:00:00+00:00,17.125,17.155,17.04,17.04,139591.0,,,,16.97573987242637,16.709114435499664,18.2445089067798,,,,,16.603065824405686,16.961658627581745,17.566884381509553,17.769911963409285,17.832947883985696,18.211784706198117,18.583382000923205,17.24280556766694,"rgba(38, 166, 154, 1.0)",0.0,0.0,0.3537953803695273,16.942867689728452,0.27454374946924387,37.7835347597223,-8.103472515222279,False,True,False,True,False,0.0,17.1676,17.64855,0.0,0.0,0.0,0.0,0,0.9605729683732802,0.9958871082116011,False,False,False,False,0.024234753717128674,0.031447705253302836,False,False,False,False,-987047.0,-1201997.4340781723,False,False,False,False,77216.81414626335,False,False,False,False
2025-04-30 14:00:00+00:00,16.455,16.775,16.455,16.645,76651.0,,,,16.96939932787796,16.708555975331077,18.2410342249288,,,,,16.603218863362713,16.959711307445442,17.563968850702594,17.766837958726214,17.82979334123596,18.208338973777984,18.57980435402892,17.201547342117678,"rgba(239, 83, 80, 1.0)",0.0,0.0,0.33410563685191713,16.934295089186612,-0.8658791031258019,31.273195973902833,-14.07310596456501,False,True,False,True,False,0.0,17.1523,17.6402,0.0,0.0,0.0,0.0,0,0.9514277715565512,0.9995800671892499,False,False,False,False,-0.05860502063193183,-0.013578657689314495,False,False,False,False,-1063698.0,-1199853.2568056425,False,False,False,False,77208.04183391818,False,False,False,False
2025-04-30 15:00:00+00:00,16.645,16.755,16.485,16.515,92746.0,,,,16.961171138974223,16.707571311772266,18.236746248422513,,,,,16.603066342837582,16.957106996685642,17.56031590925618,17.76301095290415,17.825872378630514,18.20408484615777,18.57540469706403,17.157414846118957,"rgba(239, 83, 80, 1.0)",0.0,0.0,0.3203489370063381,16.923851173275775,-1.2762682376801062,26.095912707874714,-18.57275741110649,False,True,False,True,False,0.0,17.1373,17.631875,0.0,0.0,0.0,0.0,0,0.9510460251046025,1.002092050209205,False,False,False,False,-0.05774441480908053,-0.03566153624919752,False,False,False,False,-1156444.0,-1199180.2450722216,False,False,False,False,77448.94041013649,False,False,False,False
2025-04-30 16:00:00+00:00,16.515,16.58,16.44,16.525,29461.0,,,,16.958157907927983,16.707085050173692,18.2353312776459,,,,,16.602832773458864,16.956133088677046,17.559078369294586,17.76172854735651,17.82456206931885,18.202679951742876,18.573962185924838,17.143409243675357,"rgba(239, 83, 80, 1.0)",0.0,0.0,0.3100293069547154,16.920228775236957,-1.2748110142203035,22.974848325341924,-21.161284186155306,False,True,False,True,False,0.0,17.1225,17.62105,0.0,0.0,0.0,0.0,0,0.9517144856543035,1.0083974807557732,False,False,False,False,-0.07669976561619019,-0.05618065093269385,False,False,False,False,-1126983.0,-1198060.907939319,False,False,False,False,76704.94133401033,False,False,False,False
2025-04-30 17:00:00+00:00,16.525,16.56,16.44,16.52,56496.0,,,,16.952385432475044,16.706119247814808,18.232611237053554,,,,,16.602346147837018,16.954242368466478,17.556694498581372,17.759260307222085,17.822040720678896,18.19997910752219,18.571190418770037,17.118228439522156,"rgba(239, 83, 80, 1.0)",0.0,0.0,0.3136165386789781,16.913420632392548,-1.2544639196954417,20.857467485653597,-22.960657572625166,False,True,False,True,False,0.0,17.1076,17.609924999999997,0.0,0.0,0.0,0.0,0,0.9456658731270129,1.01148298557625,False,False,False,False,-0.07842550609284081,-0.06730307851276733,False,False,False,False,-1183479.0,-1197834.8318472365,False,False,False,False,76391.6244141032,False,False,False,False
2025-04-30 18:00:00+00:00,16.525,16.59,16.465,16.485,74067.0,,,,16.945147464291406,16.70490893409286,18.22907189277058,,,,,16.601759522387557,16.951824138719523,17.553605263460174,17.756056225214184,17.818766457069323,18.19646515837807,18.567579533187708,17.0890167917332,"rgba(239, 83, 80, 1.0)",0.0,0.0,0.31414001009994813,16.905065459332977,-1.3371918438511803,19.173115601495113,-24.520324495976837,False,True,False,True,False,0.0,17.092,17.598775,0.0,0.0,0.0,0.0,0,0.9440167949615116,1.0120363890832753,False,False,False,False,-0.07368081035604943,-0.07049194443440837,False,False,False,False,-1257546.0,-1198760.5863922404,False,False,False,False,76355.58372551244,False,False,False,False
2025-04-30 19:00:00+00:00,16.48,16.59,16.355,16.515,189215.0,,,,16.92661909743402,16.701463988814353,18.219956430284583,,,,,16.59985390098153,16.945396720458767,17.545595606417915,17.747771217150696,17.810306431011202,18.187413211547447,18.558293273921432,16.953105862995933,"rgba(239, 83, 80, 1.0)",0.0,0.0,0.31684875750866454,16.84179889915759,-1.0314034422200773,19.32207671893779,-24.52893128797465,False,True,False,True,False,0.0,17.076999999999998,17.587775,0.0,0.0,0.0,0.0,0,0.9436305288126134,1.0100460443700294,False,False,False,False,-0.08317372830521232,-0.07683283636981034,False,False,False,False,-1068331.0,-1196738.422262128,False,False,False,False,78105.34211736495,False,False,False,False
2025-05-01 14:00:00+00:00,16.76,16.975,16.76,16.945,178822.0,,,,16.925394588667555,16.704284212210332,18.213429626743437,,,,,16.60437545970036,16.94472560115787,17.541000540049097,17.74253312327335,17.80483554015169,18.180970687954613,18.551300840979966,16.944920937486,"rgba(239, 83, 80, 1.0)",0.0,0.0,0.314644343764055,16.851940018951524,0.2957624470067072,30.733997232213234,-26.209383670436456,False,True,False,True,True,0.0,17.0706,17.5791,0.0,0.0,0.0,0.0,0,0.9508174009420891,1.0018010529232473,False,False,False,False,-0.015225356082905248,-0.04602909622635779,False,False,False,False,-889509.0,-1191975.1754053507,False,False,False,False,79666.84068918876,False,False,False,False
2025-05-01 15:00:00+00:00,16.945,16.945,16.725,16.73,64171.0,,,,16.923760768604616,16.704786432916475,18.210938596734533,,,,,16.605451075562527,16.944059214624428,17.539131970033463,17.740464159479973,17.802688770402412,18.178507928127495,18.5486654254312,16.93938508836105,"rgba(239, 83, 80, 1.0)",0.0,0.0,0.31532211472664845,16.851181667184058,-0.3843107144232787,34.91571650252919,-22.676509993165865,False,True,False,True,True,0.0,17.0599,17.56915,0.0,0.0,0.0,0.0,0,0.9493215175851564,1.0030462475768485,False,False,False,False,-0.02080222839154698,-0.03341566230895239,False,False,False,False,-953680.0,-1188280.6765618569,False,False,False,False,79426.59509710831,False,False,False,False
2025-05-01 16:00:00+00:00,16.73,16.77,16.64,16.65,88334.0,,,,16.91958328271913,16.704656497600194,18.207249636437467,,,,,16.6060611568198,16.94243806938623,17.53618312643589,17.73728953610976,17.79941629021837,18.174854635342626,18.544816334866915,16.923033505069846,"rgba(239, 83, 80, 1.0)",0.0,0.0,0.3181028787060732,16.84677185175625,-0.6185792865397806,36.63073483139789,-21.244565616905277,False,True,False,True,True,0.0,17.0582,17.557575,0.0,0.0,0.0,0.0,0,0.9442981848413469,1.0092836358597757,False,False,False,False,-0.04312613903538638,-0.038270900672169386,False,False,False,False,-1042014.0,-1186012.9761500452,False,False,False,False,79564.69439792834,False,False,False,False
2025-05-01 17:00:00+00:00,16.655,16.71,16.58,16.59,75107.0,,,,16.915259809560943,16.70418386334596,18.204003860087322,,,,,16.60619193012908,16.940756047171458,17.533515883167418,17.7344519883969,17.79649966507585,18.171637756236997,18.541450823309823,16.907875192550282,"rgba(239, 83, 80, 1.0)",0.0,0.0,0.32347247400836066,16.841949455802826,-0.77888993978608,36.98568845603446,-20.79126266646942,False,True,False,True,True,0.0,17.0606,17.545925,0.0,0.0,0.0,0.0,0,0.9395071982281284,1.0124584717607974,False,False,False,False,-0.05344264145464828,-0.04585677106340884,False,False,False,False,-1117121.0,-1184944.883496556,False,False,False,False,79495.58285687519,False,False,False,False
2025-05-01 18:00:00+00:00,16.595,16.83,16.595,16.79,112393.0,,,,16.911436386674268,16.704490772107476,18.199513677895762,,,,,16.60743509406323,16.93915527713807,17.53004151333736,17.730658059197996,17.792576154624765,18.167194922493852,18.536728967910925,16.899229681909873,"rgba(239, 83, 80, 1.0)",0.0,0.0,0.325130839913273,16.838669620478903,-0.14969241457342675,40.98689410468282,-16.816155969274206,False,True,False,True,True,0.0,17.0669,17.53545,0.0,0.0,0.0,0.0,0,0.9399420129780477,1.0103548253486125,False,False,False,False,-0.041837265956872725,-0.04384701851014078,False,False,False,False,-1004728.0,-1182150.823287307,False,False,False,False,80005.62033196239,False,False,False,False
2025-05-01 19:00:00+00:00,16.795,16.795,16.53,16.53,226657.0,,,,16.899196317125472,16.70295704788553,18.18980491238492,,,,,16.60763800868017,16.93411920125087,17.522078361478385,17.72217960620513,17.783861035107925,18.157573090586155,18.526651087035027,16.8160877778107,"rgba(239, 83, 80, 1.0)",0.0,0.0,0.3314441781701548,16.826062798606078,-0.8932508642649487,40.232458531383756,-16.816155969274206,False,True,False,True,True,0.0,17.0688,17.5235,0.0,0.0,0.0,0.0,0,0.9373109705801485,1.0114105031619465,False,False,False,False,-0.05043258487156429,-0.04713980169085254,False,False,False,False,-1231385.0,-1182914.143856496,False,False,False,False,82279.28513301724,False,False,False,False
2025-05-02 14:00:00+00:00,16.62,16.745,16.605,16.685,79691.0,,,,16.896000393480392,16.7028038903071,18.186548899131324,,,,,16.60809779290102,16.93271524181008,17.519495215966437,17.719389637164845,17.780983680471316,18.154349229419335,18.52324350430482,16.812872908426094,"rgba(239, 83, 80, 1.0)",0.0,0.0,0.33457263314038715,16.82317667038363,-0.4129945389934315,42.24637043991325,-15.09398863522106,False,True,False,True,True,0.0,17.0726,17.511975,0.0,0.0,0.0,0.0,0,0.9378252533552452,1.009449465899754,False,False,False,False,-0.04828310653566116,-0.04771145411325685,False,False,False,False,-1151694.0,-1182430.1106184109,False,False,False,False,82239.15668134256,False,False,False,False
2025-05-02 15:00:00+00:00,16.685,16.71,16.65,16.7,48220.0,,,,16.894183436735684,16.70274338405813,18.184596378896074,,,,,16.60840577543533,16.931900768593668,17.51795526321199,17.717722148830305,17.779262995247457,18.152416302276837,18.521197000294322,16.811057306175382,"rgba(239, 83, 80, 1.0)",0.0,0.0,0.33735991420344574,16.821580989573462,-0.36038955564869884,43.826047414809445,-13.223326830249526,False,False,False,True,True,0.0,17.0752,17.501075,0.0,0.0,0.0,0.0,0,0.9386999451453648,1.0116566099835436,False,False,False,False,0.036435647625817066,-0.005637903243719891,False,False,False,False,-1103474.0,-1181205.984872389,False,False,False,False,81711.72789558531,False,False,False,False
2025-05-02 16:00:00+00:00,16.7,16.79,16.685,16.72,155075.0,,,,16.88977015731212,16.7030879941942,18.178539021683427,,,,,16.60994030334463,16.929791607812447,17.513307184859,17.71262830559205,17.773992198882265,18.14642418995055,18.514806960027965,16.8098941959554,"rgba(239, 83, 80, 1.0)",0.0,0.0,0.33973755106441705,16.818181723493517,-0.28899285105785016,45.22322963365684,-11.497657572236292,False,False,False,True,True,0.0,17.0719,17.490675,0.0,0.0,0.0,0.0,0,0.947695787390444,1.0089058524173031,False,False,False,False,0.049247850687399335,0.021804973721839722,False,False,False,False,-948399.0,-1177596.5742542124,False,False,False,False,82849.14296697157,False,False,False,False
2025-05-02 17:00:00+00:00,16.725,16.8,16.69,16.785,134188.0,,,,16.886752533528973,16.70365175309675,18.17343399748133,,,,,16.61152184782682,16.92824292870748,17.509464989712722,17.708381506255773,17.769589536742625,18.141376762324775,18.509396449816453,16.810129497542484,"rgba(239, 83, 80, 1.0)",0.0,0.0,0.34083123085710737,16.816134506301598,-0.09134874824499524,47.306203123976374,-9.143914237646854,False,False,False,False,True,0.0,17.067899999999998,17.481074999999997,0.0,0.0,0.0,0.0,0,0.9434498437055981,1.013356067064507,False,False,False,False,0.055478831196686895,0.03864190245926331,False,False,False,False,-814211.0,-1171962.6893820541,False,False,False,False,83645.09423880147,False,False,False,False
2025-05-02 18:00:00+00:00,16.785,16.805,16.735,16.735,67753.0,,,,16.88528094155562,16.70393205222436,18.17087033268518,,,,,16.612307647804723,16.927471564250112,17.507539842695422,17.70625157867421,17.76738105379296,18.138842180880562,18.506677267615895,16.78351835608293,"rgba(239, 83, 80, 1.0)",0.0,0.0,0.34230843264913147,16.815137922638073,-0.2341102789022294,47.76178793817412,-8.302590510071212,False,False,False,False,True,0.0,17.063699999999997,17.471175000000002,0.0,0.0,0.0,0.0,0,0.9438586491878028,1.01054431461955,False,False,False,False,0.0658672938473391,0.052254598153301204,False,False,False,False,-881964.0,-1167466.5856707045,False,False,False,False,83398.70518083555,False,False,False,False
2025-05-02 19:00:00+00:00,16.735,16.755,16.61,16.65,278748.0,,,,16.875663403780635,16.70326564911132,18.15977876883169,,,,,16.6135866230628,16.922781303626344,17.498817845189723,17.696796151253373,17.75762377410199,18.127862908248595,18.49502816372875,16.763873199423614,"rgba(239, 83, 80, 1.0)",0.0,0.0,0.3450545328354222,16.80692905165966,-0.45479492870337757,46.537042190085046,-8.302590510071212,False,False,False,True,True,0.0,17.0612,17.461025,0.0,0.0,0.0,0.0,0,0.9404982206405693,1.0101067615658363,False,False,False,False,0.056573129589963904,0.05441386387163255,False,False,False,False,-1160712.0,-1167361.863412244,False,False,False,False,86427.37641834197,False,False,False,False
2025-05-05 14:00:00+00:00,16.36,16.475,16.345,16.385,75910.0,,,,16.86992218933295,16.70157877995857,18.156243749182615,,,,,16.61235040898613,16.920192223336617,17.495709015475658,17.69358074474107,17.754343480873718,18.12435228069304,18.491415435851316,16.74588831377071,"rgba(239, 83, 80, 1.0)",0.0,0.0,0.35314683162152877,16.80123847135983,-1.1786555451980283,42.07069727788575,-8.302590510071212,False,False,False,True,False,0.0,17.050900000000002,17.44945,0.0,0.0,0.0,0.0,0,0.9392735527809307,1.011918274687855,False,False,False,False,-0.0038475643188392024,0.025283149776396674,False,False,False,False,-1236622.0,-1168435.663979496,False,False,False,False,86264.31631883279,False,False,False,False
2025-05-05 15:00:00+00:00,16.385,16.425,16.355,16.36,61089.0,,,,16.865192781433166,16.70013781795354,18.153374226345047,,,,,16.611264745363993,16.918040969697053,17.493170637872137,17.690961496520593,17.75167304996541,18.12150203301194,18.4884870656149,16.732656197053323,"rgba(239, 83, 80, 1.0)",0.0,0.0,0.36163009322229095,16.796580679578728,-1.2072576031728812,38.80945147580552,-5.4207147263576445,False,True,False,True,False,0.0,17.0387,17.437825,0.0,0.0,0.0,0.0,0,0.9408326204733392,1.0132591958939268,False,False,False,False,0.017606073130162807,0.021444611453279742,False,False,False,False,-1297711.0,-1170439.9327550079,False,False,False,False,85874.00133714546,False,False,False,False
2025-05-05 16:00:00+00:00,16.36,16.395,16.35,16.38,101541.0,,,,16.857451519518968,16.697734073000117,18.148611626756228,,,,,16.609443916069633,16.914469976767553,17.488958015519632,17.686614348152563,17.74724109945689,18.116771413896508,18.4836260135573,16.713454392072364,"rgba(239, 83, 80, 1.0)",0.0,0.0,0.36917762271940935,16.789047342099472,-1.1079960347714972,37.14520180880537,-7.092658510031221,False,True,False,True,False,0.0,17.0205,17.425525,0.0,0.0,0.0,0.0,0,0.9639721465334545,1.0080230093854075,False,False,False,False,0.013123921489484483,0.017284266471382113,False,False,False,False,-1196170.0,-1170838.848526248,False,False,False,False,86116.9005412207,False,False,False,False
2025-05-05 17:00:00+00:00,16.375,16.375,16.305,16.375,36042.0,,,,16.85463215982565,16.69682831770301,18.146905110221876,,,,,16.608740688404826,16.913159383394497,17.48743920619666,17.68505089799203,17.745648199289757,18.11507602445498,18.481886921251636,16.706862940390486,"rgba(239, 83, 80, 1.0)",0.0,0.0,0.3752632349366655,16.786315718547804,-1.0960725172483887,35.964531884384584,-8.390671263927459,False,True,False,True,False,0.0,17.004499999999997,17.412950000000002,0.0,0.0,0.0,0.0,0,0.9468479604449941,1.0193139678615581,False,False,False,False,0.004801187820184526,0.01104272714578332,False,False,False,False,-1232212.0,-1171790.3702545231,False,False,False,False,85340.54549406999,False,False,False,False
2025-05-05 18:00:00+00:00,16.375,16.4,16.33,16.335,93320.0,,,,16.847523665544617,16.694527453809666,18.142509795237867,,,,,16.606960973296417,16.909814163187473,17.48353697354338,17.68102985288218,17.741550528142938,18.1107096845237,18.47740424197625,16.691460379623017,"rgba(239, 83, 80, 1.0)",0.0,0.0,0.3814323762573008,16.779497521880106,-1.1653376838159726,34.57515439112129,-9.942002292796232,False,True,False,True,False,0.0,16.9861,17.400199999999998,0.0,0.0,0.0,0.0,0,0.9452480945714729,1.0063773526209365,False,False,False,False,0.011203171255873319,0.01112294920082832,False,False,False,False,-1325532.0,-1174173.9614133677,False,False,False,False,85464.25796703013,False,False,False,False
2025-05-05 19:00:00+00:00,16.335,16.35,16.175,16.195,252071.0,,,,16.825040307512207,16.6864110071311,18.129987553199722,,,,,16.600137941340005,16.899143422692912,17.472069136977705,17.669357465485625,17.72969379658343,18.098257653302667,18.464738797093723,16.644028716180465,"rgba(239, 83, 80, 1.0)",0.0,0.0,0.3887047908298086,16.757855699502883,-1.4480287168606705,31.7970556434239,-12.765255161154691,False,True,False,True,False,0.0,16.9661,17.387175,0.0,0.0,0.0,0.0,0,0.94009360374415,1.0076443057722313,False,False,False,False,-0.015044794170218182,-0.0019609224846949313,False,False,False,False,-1577603.0,-1180428.6751899044,False,False,False,False,88047.30823110719,False,False,False,False
2025-05-06 14:00:00+00:00,16.235,16.29,16.125,16.13,138762.0,,,,16.812194833502204,16.681497668737656,18.12295371109476,,,,,16.595898113148944,16.892906021519096,17.465551405031313,17.662753346978477,17.72299390836289,18.091260482546318,18.457646416182673,16.619346567327728,"rgba(239, 83, 80, 1.0)",0.0,0.0,0.3968977334407931,16.745628580534454,-1.551101275377505,29.21348980714049,-15.336870618849694,False,True,False,True,False,0.0,16.9466,17.372799999999998,0.0,0.0,0.0,0.0,0,0.9434467548834279,1.010554505356018,False,False,False,False,-0.02913531397804934,-0.015548118231372135,False,False,False,False,-1716365.0,-1188737.7654970377,False,False,False,False,88833.58252209777,False,False,False,False
2025-05-06 15:00:00+00:00,16.13,16.175,16.09,16.1,184062.0,,,,16.7943788520695,16.674361190179365,18.113415645214072,,,,,16.589609298347142,16.884113789150828,17.456607505443518,17.653731965604145,17.713853269710405,18.08176831901363,18.4480601567204,16.586726120308366,"rgba(239, 83, 80, 1.0)",0.0,0.0,0.4057056692846618,16.72876307600361,-1.5498010592561844,27.15754356797588,-17.397559574761658,False,True,False,True,False,0.0,16.9271,17.358625,0.0,0.0,0.0,0.0,0,0.9414766384946581,1.0143517780258335,False,False,False,False,-0.04836941413709335,-0.03195876618423274,False,False,False,False,-1900427.0,-1199771.7071172388,False,False,False,False,90309.99209539859,False,False,False,False
2025-05-06 16:00:00+00:00,16.1,16.145,15.95,15.955,135625.0,,,,16.77986963367933,16.668240976468795,18.106078104632555,,,,,16.584065056454616,16.876887826533586,17.449580656298462,17.64670094569027,17.706744755520724,18.074460864972192,18.440730228467128,16.56042704128578,"rgba(239, 83, 80, 1.0)",0.0,0.0,0.41974008474097546,16.71500858914093,-1.8106647822543218,24.36938027161509,-20.127737754495175,False,True,False,True,False,0.0,16.895699999999998,17.34385,0.0,0.0,0.0,0.0,0,0.9522235080178542,1.025954703256737,False,False,False,False,-0.07021215227047978,-0.05108545922735626,False,False,False,False,-2036052.0,-1212737.2930534056,False,False,False,False,91012.55035748544,False,False,False,False
2025-05-06 17:00:00+00:00,15.955,16.015,15.94,15.955,153479.0,,,,16.763124988212546,16.660964729178072,18.097652250568295,,,,,16.577413478793776,16.868418659994433,17.4414547445699,17.638591121057154,17.698551795287173,18.066067441786018,18.432329829552568,16.531326486230537,"rgba(239, 83, 80, 1.0)",0.0,0.0,0.43260602512285096,16.699219451679966,-1.7203168898736976,22.510604740707894,-21.983640536625785,False,True,False,True,False,0.0,16.8636,17.3291,0.0,0.0,0.0,0.0,0,0.9531750042108812,1.0060636685194546,False,False,False,False,-0.08824973321424272,-0.06966759622079949,False,False,False,False,-2036052.0,-1225501.8621533527,False,False,False,False,91981.02244496628,False,False,False,False
2025-05-06 18:00:00+00:00,15.955,16.035,15.9,16.025,129050.0,,,,16.74985706986672,16.65510774169803,18.09067389522908,,,,,16.572081565228814,16.861548834373455,17.43476759042686,17.6319000995154,17.691788329914445,18.05911733438554,18.42535810079184,16.509947791008187,"rgba(239, 83, 80, 1.0)",0.0,0.0,0.4424765785012126,16.686858437236896,-1.4958044547324758,24.014108584818715,-21.983640536625785,False,True,False,True,False,0.0,16.8309,17.314875,0.0,0.0,0.0,0.0,0,0.9464588275160963,0.9994916977295835,False,False,False,False,-0.09083093989850802,-0.08024926805965375,False,False,False,False,-1907002.0,-1236067.7557633782,False,False,False,False,92555.73527527686,False,False,False,False
2025-05-06 19:00:00+00:00,16.025,16.03,15.84,15.89,226520.0,,,15.920000000000002,16.725691233868268,16.644068216072547,18.078151188142233,,,,,16.56191192240706,16.848846262952353,17.422643584879,17.619814938765046,17.67958569498854,18.046640741959976,18.41288442281443,16.379050419409808,"rgba(239, 83, 80, 1.0)",0.0,0.0,0.45521866837339875,16.60098498896554,-1.5618537603171063,23.39323581465873,-21.983640536625785,False,True,False,True,False,0.0,16.7978,17.299825000000002,1.0,16.03,15.84,0.0,0,0.9384484228474002,1.007502131287298,True,False,False,False,-0.09922838466500483,-0.0897388263623293,False,False,False,False,-2133522.0,-1249981.7750538685,True,False,False,False,94632.7006198462,True,False,False,False
2025-05-07 14:00:00+00:00,16.645,16.81,16.59,16.665,232508.0,,,16.309178103877468,16.724607003971673,16.644740184705725,18.069969766725183,,,,,16.56390378172184,16.846653874984728,17.416660051590497,17.613113870489332,17.672627477001395,18.038557258985946,18.404116063110145,16.44426839324268,"rgba(38, 166, 154, 1.0)",0.0,0.0,0.45356156152136967,16.626612593177505,0.08463549400820522,36.93677427176398,-19.31943625774634,False,False,False,True,True,0.0,16.7808,17.288825,0.0,0.0,0.0,0.0,0,0.9431017119838875,0.9959718026183286,False,False,False,False,0.09728929126996111,0.003775232453815905,False,False,False,False,-1901014.0,-1260075.2979212503,False,False,False,False,96770.30216062377,False,False,False,False
2025-05-07 15:00:00+00:00,16.665,16.8,16.635,16.775,270225.0,,,16.467584167177463,16.72500051259133,16.646333934540944,18.060909807692983,,,,,16.56701045385041,16.84493518632136,17.41028069515444,17.605846670507937,17.665053389102248,18.029614549900163,18.394320626616825,16.48329837965308,"rgba(38, 166, 154, 1.0)",0.0,0.0,0.45129106087007054,16.639408710547876,0.3004519725932707,46.914283823080666,-10.740606655536325,True,False,False,False,True,0.0,16.7647,17.27845,0.0,0.0,0.0,0.0,0,0.9436286919831226,0.9927426160337554,False,False,False,False,0.10181494218140842,0.05279508731761216,False,False,False,False,-1630789.0,-1265822.7971782852,False,False,False,False,99459.52228216449,False,False,False,False
2025-05-07 16:00:00+00:00,16.775,16.89,16.77,16.83,90587.0,,,16.50762876496227,16.726136626470158,16.647395219495937,18.058112271154798,,,,,16.568586299474795,16.844857358123054,17.408461467842425,17.603696107776333,17.662794209673972,18.026858558894983,18.391246067558967,16.49599774961868,"rgba(38, 166, 154, 1.0)",0.0,0.0,0.44882507276839734,16.643806062392677,0.41484745150010977,54.03635354401523,-4.919703454978816,True,False,True,False,True,0.0,16.7528,17.269725,0.0,0.0,0.0,0.0,0,0.9401396160558466,1.0132635253054105,False,False,False,False,0.1310160913991946,0.09190558935840337,False,False,False,False,-1540202.0,-1270076.738307304,False,False,False,False,99321.96379716968,False,False,False,False
2025-05-07 17:00:00+00:00,16.835,16.88,16.79,16.84,90375.0,,,16.540298848806785,16.727317040659678,16.6484800807076,18.05534900647296,,,,,16.570179366814635,16.844814996036757,17.40667861606661,17.60158081084503,17.660570411385432,18.024136852843586,18.388203770156156,16.507490098613744,"rgba(38, 166, 154, 1.0)",0.0,0.0,0.4486068826207937,16.647754730252075,0.42853838671581324,58.875723519380536,-1.0387747702315835,True,False,True,False,True,0.049528486499923474,16.741500000000002,17.26135,0.0,0.0,0.0,0.0,0,0.952423063318005,0.9991156703218963,False,False,False,False,0.1323187263164197,0.11211215783741153,False,False,False,False,-1449827.0,-1272863.5640699815,False,False,False,False,99183.25118015929,False,False,False,False
2025-05-07 18:00:00+00:00,16.84,17.085,16.805,17.005,127865.0,,,16.592611206907627,16.73085491587117,16.651026241366846,18.05187020686888,,,,,16.57347118790791,16.845688055992035,17.40473874377568,17.599106666705584,17.657931396123267,18.020721175517743,18.38427407916056,16.52745993129086,"rgba(38, 166, 154, 1.0)",0.0,0.0,0.44661590406676993,16.655485050398443,0.7825850947513561,63.55030903083978,2.9515296956706436,True,False,True,False,True,2.131259284992531,16.7328,17.25355,0.0,0.0,0.0,0.0,0,0.9543120240835844,0.9849477598724992,False,False,False,False,0.16109801968937637,0.13660508876339394,False,False,False,False,-1321962.0,-1273624.780130912,False,False,False,False,99627.92945643589,False,False,False,False
2025-05-07 19:00:00+00:00,17.005,17.095,16.805,16.86,287014.0,,,16.663523283379647,16.736970214002195,16.65579685385285,18.043821748342147,,,,,16.579837302737147,16.84688033899929,17.400006519698486,17.593233282238238,17.651700001478936,18.01281036538499,18.37525459513304,16.560682949595634,"rgba(38, 166, 154, 1.0)",0.0,0.0,0.44428698824919594,16.667957137968642,0.43224957541102327,63.74616492213104,3.1138113020830573,True,False,True,False,True,0.256892995552473,16.7237,17.245075,0.0,0.0,0.0,0.0,0,0.9587172218284906,0.9798015591778884,False,False,False,False,0.16241212231640775,0.14950860553990086,False,False,False,False,-1608976.0,-1278824.0238498126,False,False,False,False,102533.13985246012,False,False,False,False
2025-05-08 14:00:00+00:00,17.145,17.35,17.13,17.205,110425.0,,,16.706970391893105,16.743007205648922,16.65967726934677,18.041596842202292,,,,,16.584388733601493,16.849220541808567,17.39936413346996,17.592023113692605,17.650328988473508,18.01064720362677,18.372542972513394,16.581310106084107,"rgba(38, 166, 154, 1.0)",0.0,0.0,0.44300638557166694,16.677239999749062,1.1913146569431516,66.78639238683304,6.253822622794317,True,False,True,False,True,4.421024263379646,16.720399999999998,17.238474999999998,0.0,0.0,0.0,0.0,0,0.9640338504936531,0.9622708039492246,False,False,False,False,0.23974725812164566,0.19462793183077326,False,False,False,False,-1498551.0,-1282230.643635087,False,False,False,False,102655.49427335222,False,False,False,False
2025-05-08 15:00:00+00:00,17.205,17.38,17.18,17.33,94784.0,,,16.743495035514755,16.748785136017784,16.66336157515673,18.03985639352561,,,,,16.588654030446826,16.851564445988952,17.39903533602301,17.591184713066912,17.64934865053175,18.008961287159185,18.370364033089867,16.59954395592355,"rgba(38, 166, 154, 1.0)",0.0,0.0,0.44369865392528735,16.685693702592346,1.452125878020231,69.62954387832144,9.297823423541352,True,False,True,False,True,5.845446960982223,16.7182,17.231875,0.0,0.0,0.0,0.0,0,0.9830447974299483,0.9500267713724793,False,False,False,False,0.2506179884177072,0.22262296012424024,False,False,False,False,-1403767.0,-1284114.9282298917,False,False,False,False,102533.45560244753,False,False,False,False
2025-05-08 16:00:00+00:00,17.325,17.46,17.325,17.445,130524.0,,,16.79587550258596,16.758152787674693,16.66926146290719,18.03783641154498,,,,,16.59537163817883,16.85556394788429,17.399083465245884,17.590479228194244,17.64843848848912,18.007019981643477,18.367693090766945,16.62673086851396,"rgba(38, 166, 154, 1.0)",0.0,0.0,0.4466416525195382,16.69875881210921,1.670782793501653,72.22795292215115,12.178203939104812,True,False,True,False,True,7.131310113316793,16.7207,17.224125,0.0,0.0,0.0,0.0,0,1.0028954035468696,0.9306912775968154,False,False,False,False,0.2815147924086764,0.2520688762664583,False,False,False,False,-1273243.0,-1283946.3712030717,False,False,False,False,102967.41753109176,False,False,False,False
2025-05-08 17:00:00+00:00,17.445,17.445,17.365,17.38,73432.0,,,16.821314203933785,16.763201790880345,16.672480888457166,18.036681653280834,,,,,16.599041774459526,16.857735454540073,17.39907751167135,17.59005559231369,17.647901009212603,18.005909068158164,18.366176125434574,16.640814834082306,"rgba(38, 166, 154, 1.0)",0.0,0.0,0.4500235529367516,16.705616201639558,1.4985522290101614,72.63040100043328,13.122858910790193,True,False,True,False,True,6.259866050602366,16.723,17.215700000000002,0.0,0.0,0.0,0.0,0,1.0049189287666245,0.9209327746401899,False,False,False,False,0.2837396978583401,0.2679042870623992,False,False,False,False,-1346675.0,-1284918.9080836442,False,False,False,False,102509.50408099731,False,False,False,False
2025-05-08 18:00:00+00:00,17.375,17.44,17.32,17.42,141903.0,,,16.86457871441805,16.772685683759775,16.678593910196867,18.034450334750513,,,,,16.606010427618394,16.861857108343486,17.39905029663227,17.58922814572395,17.64685514296444,18.003762028373643,18.36324803577864,16.666234595398738,"rgba(38, 166, 154, 1.0)",0.0,0.0,0.4538018776335816,16.71818398582136,1.5465251440526617,73.20369707106482,14.366139469722384,True,False,True,False,True,6.714830763356176,16.726599999999998,17.208475,0.0,0.0,0.0,0.0,0,1.0010984987184184,0.9225558403515199,False,False,False,False,0.2613825323948737,0.2646434097286364,False,False,False,False,-1204772.0,-1283676.320361417,False,False,False,False,103120.25595571053,False,False,False,False
2025-05-08 19:00:00+00:00,17.415,17.5,17.36,17.37,412864.0,,,16.962954536121476,16.799422615858894,16.696205485711676,18.028212005756735,,,,,16.626022314645006,16.8738610928394,17.399199182377508,17.587061312009073,17.644057381582265,17.997768233832378,18.354972874137253,16.813276788550603,"rgba(38, 166, 154, 1.0)",0.0,0.0,0.45682582877663425,16.751860456560404,1.3531186384424796,72.4409245427656,14.366139469722384,True,False,True,False,True,6.030759750145329,16.7285,17.200924999999998,0.0,0.0,0.0,0.0,0,1.002507716049383,0.9654706790123461,False,False,False,False,0.27876824062667616,0.2717058251776563,False,False,False,False,-1617636.0,-1288853.9898131778,False,False,False,False,107922.48454554447,False,False,False,False
2025-05-09 14:00:00+00:00,17.17,17.26,17.015,17.125,97528.0,,17.133333333333333,16.969917170670907,16.802699249027107,16.69867781966229,18.026105158019973,,,,,16.628987747893706,16.875196470080038,17.398347960235633,17.5857692043363,17.642636276018074,17.995711824104927,18.352472838074604,16.863868186389617,"rgba(38, 166, 154, 1.0)",0.0,0.0,0.4571059766328761,16.75585373652287,0.807572603176899,67.13429925720617,14.366139469722384,True,False,True,False,False,2.775302362961412,16.7245,17.19245,0.0,0.0,0.0,0.0,0,0.9389387436597739,0.9892703862660949,False,False,False,False,0.1790205644653553,0.2253631948215058,False,False,False,False,-1715164.0,-1295463.4473354542,False,False,False,False,107761.32974638874,False,False,False,False
2025-05-09 15:00:00+00:00,17.125,17.29,17.08,17.265,96703.0,,17.17233363881152,16.979331380118932,16.806640114308053,16.70153862616058,18.02420834174864,,,,,16.63234546350926,16.876904752766954,17.397757194560477,17.584715836987304,17.64145050524508,17.99386678377952,18.350162660689303,16.873166405627593,"rgba(38, 166, 154, 1.0)",0.0,0.0,0.4587733154342974,16.760608500318234,1.0994351299710716,65.26940273909969,14.366139469722384,True,False,True,False,False,4.428509493264865,16.7245,17.18445,0.0,0.0,0.0,0.0,0,0.9377339901477834,0.9840394088669956,False,False,False,False,0.19493205723446216,0.21014762602798398,False,False,False,False,-1618461.0,-1300471.1613302534,False,False,False,False,107589.88277357651,False,False,False,False
2025-05-09 16:00:00+00:00,17.265,17.305,17.225,17.275,127451.0,,17.210368894332497,16.993440038743003,16.812430117920997,16.705674138120997,18.02189526933594,,,,,16.63713927340894,16.879506545016646,17.39721963755879,17.583546078331924,17.640102378818902,17.991623518380674,18.347283022261667,16.886862131959713,"rgba(38, 166, 154, 1.0)",0.0,0.0,0.46048009611550195,16.767519004735348,1.1020693392518734,64.14395525617213,21.36756371579736,True,False,True,False,False,4.54605140884707,16.7254,17.17585,0.0,0.0,0.0,0.0,0,0.9678267907729664,0.9745042492917851,False,False,False,False,0.22195679131461887,0.21605220867130143,False,False,False,False,-1491010.0,-1303425.2518522649,False,False,False,False,107897.80707166059,False,False,False,False
2025-05-09 17:00:00+00:00,17.275,17.35,17.235,17.34,167275.0,,17.243883091969234,17.01240119719955,16.820460200874827,16.711390556251413,18.01904084890184,,,,,16.643714225457114,16.88321520906912,17.39673772107392,17.582217039116973,17.638536513419815,17.988861939870866,18.34366603538608,16.90452583955712,"rgba(38, 166, 154, 1.0)",0.0,0.0,0.4610380277837027,16.77697949717676,1.2212018725001608,64.19352281009665,20.89324364762257,True,False,True,False,False,5.315863411836592,16.7291,17.16835,0.0,0.0,0.0,0.0,0,0.9719607040523945,0.968686041751945,False,False,False,False,0.23131878075081413,0.22368549471105778,False,False,False,False,-1323735.0,-1303740.1316685088,False,False,False,False,108818.38370620848,False,False,False,False
2025-05-09 18:00:00+00:00,17.345,17.355,17.21,17.235,126841.0,,17.248576013021587,17.023503861737122,16.825872571081902,16.71535586783558,18.016765576392547,,,,,16.6483074107981,16.88571345875286,17.396205166138277,17.581065763882346,17.63721038178714,17.98665542658262,18.340830392626355,16.9132911379885,"rgba(38, 166, 154, 1.0)",0.0,0.0,0.4615121541932473,16.783280291102848,0.978781825771818,62.02593397271113,18.33913678233101,True,False,True,False,False,3.89491529376226,16.7306,17.160225,0.0,0.0,0.0,0.0,0,0.983647277996274,0.9561167460153184,False,False,False,False,0.22790989156712158,0.22579769313908968,False,False,False,False,-1450576.0,-1306016.6567589196,False,False,False,False,109097.80411386416,False,False,False,False
2025-05-09 19:00:00+00:00,17.235,17.3,17.21,17.22,143669.0,,17.247584250972505,17.0338639578091,16.83153033152902,16.719592184707604,18.01412535613956,,,,,16.653235589458465,16.88833319387963,17.395499490317157,17.579675825286618,17.635625820387407,17.984091934266758,18.337567148154122,16.92123012290361,"rgba(38, 166, 154, 1.0)",0.0,0.0,0.46120248235384953,16.789805850832437,0.9327663350205109,60.26867073874832,16.257700221519826,True,False,True,False,False,3.6919680395456353,16.730900000000002,17.152175,0.0,0.0,0.0,0.0,0,0.9770767613038908,0.9661409043112518,False,False,False,False,0.2185619821637357,0.2221798376514127,False,False,False,False,-1594245.0,-1310485.3132432774,False,False,False,False,109633.79164698254,False,False,False,False
2025-05-12 14:00:00+00:00,17.69,17.77,17.55,17.595,189723.0,,17.325686725875048,17.069279057769258,16.845715986121263,16.729224832558447,18.01243892350665,,,,,16.663893267691773,16.895518957904287,17.396970801487274,17.579992891145174,17.635640128249232,17.982524419962775,18.33483236010037,17.06560099133879,"rgba(38, 166, 154, 1.0)",0.0,0.0,0.46652943284570547,16.806039262196084,1.691127466474011,63.61598970596633,16.257700221519826,True,False,True,False,True,8.083170438894314,16.7404,17.145825,0.0,0.0,0.0,0.0,0,0.9713987473903966,0.9561586638830902,False,False,False,False,0.34282821897723265,0.28250402831432264,False,False,False,False,-1404522.0,-1311943.2463712886,False,False,False,False,110875.4847997425,False,False,False,False
2025-05-12 15:00:00+00:00,17.595,17.635,17.475,17.485,158927.0,,17.355228528816603,17.090910727533892,16.85567239206451,16.736211114931812,18.010638357741414,,,,,16.671687065446534,16.900583913250504,17.397650988958652,17.579775057777173,17.63518189547913,17.98081869272094,18.332209569820048,17.07841636093482,"rgba(38, 166, 154, 1.0)",0.0,0.0,0.47038724702290435,16.817281062281932,1.419509015059574,63.6503595940362,16.257700221519826,True,False,True,False,True,6.57947034216749,16.749299999999998,17.138925,0.0,0.0,0.0,0.0,0,0.9762205387205387,0.9522306397306399,False,False,False,False,0.3060529523878024,0.2942784903510625,False,False,False,False,-1563449.0,-1315842.560381036,False,False,False,False,111620.46953152942,False,False,False,False
2025-05-12 16:00:00+00:00,17.485,17.485,17.365,17.405,259110.0,,17.367187834695095,17.114114392977363,16.86867963780187,16.745757963224516,18.00704369822272,,,,,16.682462404241523,16.907218631966103,17.397819877306674,17.578597278637336,17.633634870732553,17.97737045515213,18.327369783335726,17.087543739345175,"rgba(38, 166, 154, 1.0)",0.0,0.0,0.4731493107570755,16.831762197861142,1.2115368005537919,62.16017424067869,16.257700221519826,True,False,True,False,True,5.49827057596681,16.7645,17.130875,0.0,0.0,0.0,0.0,0,0.9761448349307772,0.9556975505857297,False,False,False,False,0.2615978481102468,0.2779381692306546,False,False,False,False,-1822559.0,-1323698.6292123378,False,False,False,False,113907.12891863749,False,False,False,False
2025-05-12 17:00:00+00:00,17.405,17.48,17.38,17.44,164779.0,,17.374302290591555,17.127880458734708,16.876860521446705,16.751823754726495,18.00483798117663,,,,,16.68929099947118,16.91147144377533,17.39800334563224,17.57792644725769,17.632730228633587,17.975257733173976,18.324368883235476,17.09642243346123,"rgba(38, 166, 154, 1.0)",0.0,0.0,0.47185342815039805,16.84078480025954,1.2699180804710961,61.62764893304717,16.257700221519826,True,False,True,False,True,5.907070353973797,16.783,17.122825,0.0,0.0,0.0,0.0,0,0.980657640232108,0.9475607135181605,False,False,False,False,0.25739059390744956,0.2676643815690521,False,False,False,False,-1657780.0,-1328878.1853485806,False,False,False,False,114695.8400981935,False,False,False,False
2025-05-12 18:00:00+00:00,17.445,17.55,17.445,17.505,144778.0,,17.385155365867043,17.14146525552157,16.884693202881376,16.7575783989174,18.003138386874756,,,,,16.695717512646887,16.91562184811239,17.398464225729747,17.57761154009009,17.63220561072898,17.97364164739437,18.3219448437047,17.107874053234255,"rgba(38, 166, 154, 1.0)",0.0,0.0,0.4709326380164945,16.849383573760004,1.3921660409891394,62.14153097331247,16.257700221519826,True,False,True,False,True,6.668717551115481,16.802599999999998,17.115525,0.0,0.0,0.0,0.0,0,0.9780434782608696,0.9515217391304351,False,False,False,False,0.27452041182851383,0.27109239669878293,False,False,False,False,-1513002.0,-1331732.8181338739,False,False,False,False,115162.2301741905,False,False,False,False
2025-05-12 19:00:00+00:00,17.5,17.545,17.395,17.43,326929.0,,17.39682326344475,17.16547055427005,16.90048009246482,16.76951330781151,17.999015298278373,,,,,16.709099224066648,16.924102816123938,17.399052101002162,17.576517858506108,17.630652728226384,17.969702215932394,18.316237282967485,17.126452226065258,"rgba(38, 166, 154, 1.0)",0.0,0.0,0.46696655743788584,16.86653755975265,1.2066440974679409,60.8202545270616,15.153256232107111,True,False,True,False,False,5.622318458292725,16.820800000000002,17.108025,0.0,0.0,0.0,0.0,0,0.9615216440752076,0.9615216440752082,False,False,False,False,0.26321944408047476,0.2671559203896289,False,False,False,False,-1839931.0,-1339611.8597131937,False,False,False,False,118445.43590792398,False,False,False,False
2025-05-13 14:00:00+00:00,17.655,17.81,17.645,17.79,59721.0,,17.406996854111483,17.17346813449559,16.90473343963346,16.77255637316119,17.99867027091851,,,,,16.712426969892963,16.926456199631662,17.39969536951796,17.576801208056978,17.630842592120338,17.969394499912845,18.315553811611842,17.135024499695447,"rgba(38, 166, 154, 1.0)",0.0,0.0,0.472049394269557,16.87116139299425,1.9464882661856784,64.10886181703349,15.153256232107111,True,False,True,False,True,9.719100953221723,16.8469,17.102649999999997,0.0,0.0,0.0,0.0,0,0.9587941878117545,0.9505530253741056,False,False,False,False,0.3428282130955856,0.30499206674260726,False,False,False,False,-1780210.0,-1346442.838632369,False,False,False,False,117534.97953725849,False,False,False,False
2025-05-13 15:00:00+00:00,17.795,17.945,17.79,17.935,79793.0,,17.424979209699522,17.18636772013391,16.911293387573615,16.77717881589965,17.998470799347626,,,,,16.717443555586918,16.930118041339213,17.40089888980754,17.577489800370806,17.63140003922997,17.969247317531217,18.31487062419921,17.149318016616235,"rgba(38, 166, 154, 1.0)",0.0,0.0,0.4812640263542341,16.878287595230955,2.1957020406741385,67.46745318397994,13.012169567540425,True,False,True,False,True,11.26590178058117,16.8753,17.097675000000002,0.0,0.0,0.0,0.0,0,0.9603552859618715,0.9467071057192376,False,False,False,False,0.34282821608899977,0.32391014141580354,False,False,False,False,-1700417.0,-1351930.8101264408,False,False,False,False,116949.83256768859,False,False,False,False
2025-05-13 16:00:00+00:00,17.935,17.995,17.905,17.955,90921.0,,17.446413309085468,17.201751109213724,16.91912683393936,16.782688816033787,17.998373110167,,,,,16.723405808671032,16.934522676616954,17.402435070649787,17.5784248438465,17.632183086523927,17.96921025941356,18.314207428617042,17.166280171424106,"rgba(38, 166, 154, 1.0)",0.0,0.0,0.4897298575061152,16.88677504189892,2.1812534844023426,69.86297919175306,15.251991033062126,True,False,True,False,True,11.477742824696378,16.8955,17.0926,0.0,0.0,0.0,0.0,0,0.9588495575221241,0.9524336283185841,False,False,False,False,0.3428282176581945,0.333369179536999,False,False,False,False,-1609496.0,-1355924.0688841704,False,False,False,False,116546.28477594147,False,False,False,False
2025-05-13 17:00:00+00:00,17.955,18.02,17.93,17.945,87990.0,,17.46606349479087,17.21631538623798,16.92669270099829,16.78803244978156,17.998305835476025,,,,,16.729183307995573,16.93880470991534,17.40394948564084,17.579357472823542,17.632968728012365,17.969201688219197,18.313591434056086,17.182071676255486,"rgba(38, 166, 154, 1.0)",0.0,0.0,0.49999079270764624,16.89494578437013,2.100147104596497,71.20805736549764,16.547350008738974,True,False,True,False,True,11.331339590282596,16.9198,17.087425,0.0,0.0,0.0,0.0,0,0.9654403567447046,0.9478260869565217,False,False,False,False,0.3428282181086503,0.3380986988228246,False,False,False,False,-1697486.0,-1361219.6026999196,False,False,False,False,116103.55167864005,False,False,False,False
2025-05-13 18:00:00+00:00,17.945,17.975,17.93,17.95,36783.0,,17.473635576039502,17.222134821388167,16.929782960776286,16.790226847923854,17.998266566114655,,,,,16.73155671942016,16.94056110385619,17.404565164133118,17.57973257948522,17.63328291178542,17.969186778029126,18.313324744871593,17.18828124678387,"rgba(38, 166, 154, 1.0)",0.0,0.0,0.5103130817851627,16.89827473023138,2.060941228646355,72.15404460137077,17.55334652853179,True,False,True,False,True,11.386286213182398,16.9458,17.082125,0.0,0.0,0.0,0.0,0,0.9659909909909911,0.9486486486486488,False,False,False,False,0.3346809832713635,0.336389841047094,False,False,False,False,-1660703.0,-1365862.7561464324,False,False,False,False,114873.77568362237,False,False,False,False
2025-05-13 19:00:00+00:00,17.955,18.04,17.93,17.99,262633.0,,17.525032150141996,17.26302434810823,16.952055084882893,16.80612267993555,17.998197246469676,,,,,16.748717421797533,16.95335506780737,17.409199918763978,17.582639038662208,17.63575296872715,17.969292262600028,18.311615108668455,17.360066277907734,"rgba(38, 166, 154, 1.0)",0.0,0.0,0.5209536300711556,16.922154879804566,2.0497891915055444,73.2042273287462,18.72094484779184,True,False,True,False,True,11.831307812011566,16.973799999999997,17.077725,0.0,0.0,0.0,0.0,0,0.9570718481699052,0.9502937189335744,False,False,False,False,0.34282821828575644,0.33960902966642526,False,False,False,False,-1398070.0,-1366362.0932604412,False,False,False,False,117164.61637069799,False,False,False,False
2025-05-14 14:00:00+00:00,17.895,17.985,17.865,17.975,29788.0,,17.5297130660624,17.267116228993466,16.95441477222,16.80783125660877,17.998158956648723,,,,,16.750564538515093,16.954724099627217,17.409680338177676,17.582929647222617,17.63599529873433,17.969273367167684,18.311395633277808,17.363189419920317,"rgba(38, 166, 154, 1.0)",0.0,0.0,0.5321353549950116,16.92467062814094,1.9738011428857354,73.4011224951062,19.152627775560163,True,False,True,False,True,11.599487836984302,16.9975,17.073249999999998,0.0,0.0,0.0,0.0,0,0.9485791610284166,0.9537663509246732,False,False,False,False,0.3213010854622327,0.33045505756432897,False,False,False,False,-1427858.0,-1367315.5181711318,False,False,False,False,115809.94014789646,False,False,False,False
2025-05-14 15:00:00+00:00,17.975,17.975,17.88,17.885,24165.0,,17.53317789861885,17.27026170840238,16.95626607564973,16.809178995460872,17.998112372963483,,,,,16.752023238665775,16.95580011618202,17.410048710653303,17.58314646045826,17.636173407036107,17.96924234497812,18.311204149420682,17.365330718322966,"rgba(38, 166, 154, 1.0)",0.0,0.0,0.5403737278637795,16.92664164324748,1.7735102713840885,70.60045688400592,19.152627775560163,True,False,True,False,False,10.206736389933045,17.0246,17.06825,0.0,0.0,0.0,0.0,0,0.9479025710419485,0.9560216508795673,False,False,False,False,0.3221922003707254,0.3263236289675272,False,False,False,False,-1452023.0,-1368628.8124630523,False,False,False,False,114389.08836265776,False,False,False,False
2025-05-14 16:00:00+00:00,17.885,17.925,17.85,17.875,27442.0,,17.536732891864904,17.27363189986595,16.958294155116217,16.810664045174633,17.998040836482904,,,,,16.753632642436777,16.9569809330185,17.410441488095096,17.583369991607324,17.636353528361134,17.969188276519574,18.31097054257448,17.36734434339997,"rgba(38, 166, 154, 1.0)",0.0,0.0,0.5474899069369511,16.928797839963806,1.7282549834204672,68.41527720147562,22.64813026853581,True,False,True,False,False,10.05165043973799,17.0484,17.064125,0.0,0.0,0.0,0.0,0,0.942179221377563,0.9702833448514172,False,False,False,False,0.307992528674832,0.31715807882117963,False,False,False,False,-1479465.0,-1370347.202967501,False,False,False,False,113041.0714888181,False,False,False,False
2025-05-14 17:00:00+00:00,17.875,17.95,17.84,17.935,32090.0,,17.541092850961178,17.277685901754854,16.960718305853916,16.812435777957067,17.997975503678095,,,,,16.755550360956313,16.95839510551737,17.4109242042704,17.583652711703444,17.636585111930557,17.96914352213653,18.31071364288558,17.370265801687037,"rgba(38, 166, 154, 1.0)",0.0,0.0,0.5568437680190166,16.931374272763172,1.8023470583270536,68.03903898188906,22.155879023417384,True,False,True,False,False,10.767429519300634,17.0731,17.06055,0.0,0.0,0.0,0.0,0,0.9419087136929462,0.9628861226371603,False,False,False,False,0.3106456546858872,0.3139018667535334,False,False,False,False,-1447375.0,-1371541.4323788576,False,False,False,False,111786.01611689843,False,False,False,False
2025-05-14 18:00:00+00:00,17.935,17.99,17.905,17.98,32400.0,,17.545977725254293,17.28204724446822,16.963281839108024,16.81430018446169,17.997946375318882,,,,,16.757563855096283,16.959893610230928,17.411459531396673,17.583981546306244,17.636861480933224,17.96913550118434,18.310486783416266,17.374115634454505,"rgba(38, 166, 154, 1.0)",0.0,0.0,0.5672886755797946,16.93409902483753,1.8436838600620986,68.55908666716718,22.155879023417384,True,False,True,False,False,11.304651516627796,17.0983,17.057775,0.0,0.0,0.0,0.0,0,0.945664739884393,0.9611560693641622,False,False,False,False,0.32933909308071185,0.3216204799171226,False,False,False,False,-1414975.0,-1372214.8210241466,False,False,False,False,110555.22516934961,False,False,False,False
2025-05-14 19:00:00+00:00,17.98,18.165,17.96,18.155,109304.0,,17.566774910607823,17.299213481413254,16.972994016260618,16.8212823538135,17.998182240277792,,,,,16.76506521310687,16.96559504699028,17.413701718411104,17.58548517707669,17.638180410359173,17.96944560847106,18.310016173749062,17.530084074075138,"rgba(38, 166, 154, 1.0)",0.0,0.0,0.5817458424646137,17.019064845907657,1.952631323121902,71.29957784196876,22.155879023417384,True,False,True,False,True,13.350746390044467,17.125700000000002,17.055525,0.0,0.0,0.0,0.0,0,0.9501149425287356,0.9485057471264372,False,False,False,False,0.34282821960187715,0.3322243497594999,False,False,False,False,-1305671.0,-1371183.1338764853,False,True,False,False,110535.82632951473,False,False,False,False
2025-05-15 14:00:00+00:00,18.01,18.03,17.83,17.85,55378.0,,17.57313137827532,17.305621067554696,16.97702744138934,16.824266760668635,17.99806356391373,,,,,16.768294601429634,16.967978811470317,17.414516076789777,17.58595985083102,17.638567997973865,17.969362080443876,18.309570132951,17.52574604940174,"rgba(38, 166, 154, 1.0)",0.0,0.0,0.5887401650827139,17.019168089795002,1.411203039100064,65.02492698461859,19.420678370141673,True,False,True,False,False,8.576155616040761,17.148,17.051575,0.0,0.0,0.0,0.0,0,0.9404410093203002,0.948170038645147,False,False,False,False,0.29736064485430225,0.31479249730690106,False,False,False,False,-1361049.0,-1371026.015521811,False,False,False,False,109680.66623138273,False,False,False,False
2025-05-15 15:00:00+00:00,17.845,17.95,17.825,17.88,48425.0,,17.578198315006716,17.310945299732122,16.98045665367054,16.82681888996749,17.997939994204323,,,,,16.771058172082547,16.97001270924148,17.415199346386128,17.58634985622482,17.638882590332685,17.969268980327794,18.309163329884235,17.631710987773438,"rgba(38, 166, 154, 1.0)",0.0,0.0,0.5958221059860254,17.02059236022252,1.4423896514467973,61.37794408358282,16.262469815362138,False,False,True,False,False,8.934496220909264,17.1726,17.04745,0.0,0.0,0.0,0.0,0,0.9392353208921258,0.9558488848429679,False,False,False,False,0.2830341242172311,0.29891331076206606,False,False,False,False,-1312624.0,-1370120.5579168217,False,False,False,False,108730.96597973337,False,False,False,False
2025-05-15 16:00:00+00:00,17.875,17.96,17.875,17.915,78501.0,,17.586884060624115,17.319836302720624,16.986153698502406,16.831053147781997,17.99779625534689,,,,,16.775635741420373,16.973404178410313,17.41637715375571,17.587046739643668,17.639456265624677,17.96917504324001,18.308554631338406,17.63601760600924,"rgba(38, 166, 154, 1.0)",0.0,0.0,0.6037120308689052,17.025016059064004,1.474186193796845,59.59754977353981,14.777549488656234,False,False,True,False,False,9.35608322531548,17.2032,17.044275,0.0,0.0,0.0,0.0,0,0.9414869206057824,0.959843965121616,False,False,False,False,0.2931348805489041,0.29602409565548504,False,False,False,False,-1234123.0,-1368012.0686467935,False,False,False,False,108262.28433663673,False,False,False,False
2025-05-15 17:00:00+00:00,17.915,17.98,17.915,17.945,33462.0,,17.59077703088334,17.323733889122714,16.98863872621565,16.832897667432896,17.997757738753506,,,,,16.777626894723163,16.97488820128493,17.41690753332949,17.58736985643124,17.639726468069487,17.969157922495093,18.30831555855396,17.639015537789426,"rgba(38, 166, 154, 1.0)",0.0,0.0,0.6120904440614598,17.02734761869123,1.4992104356666422,58.987929778649296,14.210794853985874,False,True,True,False,False,9.720431630546415,17.2349,17.041675,0.0,0.0,0.0,0.0,0,0.9365954514128189,0.9575005743165635,False,False,False,False,0.30329413369309516,0.2996591146742901,False,False,False,False,-1200661.0,-1365417.478435215,False,False,False,False,107102.59000583616,False,False,False,False
2025-05-15 18:00:00+00:00,17.945,17.98,17.93,17.935,27904.0,,17.593974444515307,17.326955817106604,16.9907047706757,16.834433451805797,17.99772671039088,,,,,16.779284509279865,16.97612439004461,17.417350395807325,17.587640108064623,17.639952648536187,17.96914472188175,18.308117354542656,17.641308956680827,"rgba(38, 166, 154, 1.0)",0.0,0.0,0.6202106079372097,17.029318649835574,1.4602803282850596,58.30118365959065,13.411242574360521,False,True,True,False,False,9.560790758346506,17.266000000000002,17.038774999999998,0.0,0.0,0.0,0.0,0,0.9371980676328503,0.9569818265470443,False,False,False,False,0.30584339300139557,0.30275125383784285,False,False,False,False,-1228565.0,-1363295.7345835061,False,False,False,False,105874.70488946661,False,False,False,False
2025-05-15 19:00:00+00:00,17.935,17.99,17.8,17.98,229598.0,,17.61654754715731,17.351237815073745,17.006937492837732,16.84663129066273,17.997344400346947,,,,,16.792459530579634,16.985919432873064,17.420796242955173,17.589695440487603,17.641651323402858,17.968907019538367,18.306382004941312,17.75492174607843,"rgba(38, 166, 154, 1.0)",0.0,0.0,0.6288867111770945,17.114427851675508,1.3763562386369894,58.828864195553436,13.411242574360521,False,True,True,False,False,10.122147363578136,17.2981,17.03635,0.0,0.0,0.0,0.0,0,0.9434530706836617,0.9559675550405564,False,False,False,False,0.28555396983238335,0.2941526118351131,False,False,False,False,-998967.0,-1357647.2270705835,False,False,False,False,107792.89551133534,False,False,False,False
2025-05-16 14:00:00+00:00,17.99,18.0,17.865,17.925,42744.0,,17.62049661263487,17.355591839072993,17.009918862523005,16.848885911562594,17.997280031655315,,,,,16.794893138311163,16.987733450003933,17.42144101845398,17.59008289397811,17.641972749145026,17.968869472497524,18.30606625638117,17.828558132325856,"rgba(38, 166, 154, 1.0)",0.0,0.0,0.6361737892193756,17.117242488281807,1.2697120274467169,57.45914024407556,12.143640804190895,False,True,True,False,False,9.221103728763907,17.3299,17.0333,0.0,0.0,0.0,0.0,0,0.9464285714285712,0.946196660482375,False,False,False,False,0.29820703280756977,0.29617982232134143,False,False,False,False,-1041711.0,-1352748.9909919698,False,False,False,False,106784.38550340767,False,False,False,False
2025-05-16 15:00:00+00:00,17.93,17.945,17.9,17.925,20689.0,,17.62233211628295,17.357651648905357,17.01134459661054,16.849967120183383,17.997245837219328,,,,,16.79606042391367,16.988602776875677,17.42174843392387,17.590266441114384,17.642124473755235,17.968848212388686,18.305910911702995,17.82873710046699,"rgba(38, 166, 154, 1.0)",0.0,0.0,0.6433336110718804,17.118541507711846,1.2535618820606715,56.54599094309032,11.005320421205269,False,True,True,False,False,9.221103728763907,17.3645,17.029925000000002,0.0,0.0,0.0,0.0,0,0.9531031264582364,0.9442370508632761,False,False,False,False,0.29482395721276855,0.295501889767055,False,False,False,False,-1041711.0,-1347926.6965579859,False,False,False,False,105449.57332506025,False,False,False,False
2025-05-16 16:00:00+00:00,17.925,17.965,17.92,17.93,17087.0,,17.623906074598953,17.359386417514504,17.01253806774864,16.850870904733018,17.99722334643361,,,,,16.797035467223242,16.98933103699584,17.422009628140895,17.590424700110983,17.642256337000365,17.9688364504254,18.305787734502125,17.829665350230943,"rgba(38, 166, 154, 1.0)",0.0,0.0,0.6502558401562494,17.119708511567747,1.246111819983882,56.085521257176175,10.268415032277701,False,True,True,False,False,9.286946797183617,17.4005,17.026325,0.0,0.0,0.0,0.0,0,0.9468059843267633,0.9506055568748516,False,False,False,False,0.30159675213330395,0.2985493209501795,False,False,False,False,-1024624.0,-1342914.25165011,False,False,False,False,104079.61094792753,False,False,False,False
2025-05-16 17:00:00+00:00,17.925,17.99,17.915,17.93,33882.0,,17.627046376976423,17.362835095670604,17.014912525671136,16.852669556620707,17.997183842856565,,,,,16.79897524173454,16.990781935290055,17.422533449930267,17.590744093564886,17.64252334286394,17.96881824582466,18.305548156016208,17.83168329287171,"rgba(38, 166, 154, 1.0)",0.0,0.0,0.6545217152053326,17.122078819307767,1.2343687946835757,55.77854146656675,9.647898619796564,False,True,True,False,False,9.286946797183617,17.437099999999997,17.02205,0.0,0.0,0.0,0.0,0,0.9423946679362059,0.9528683646750777,False,False,False,False,0.3049932129086537,0.3017712669294166,False,False,False,False,-1024624.0,-1337979.519066387,False,False,False,False,102991.27589447128,False,False,False,False
2025-05-16 18:00:00+00:00,17.93,17.95,17.875,17.945,33676.0,,17.62989872279789,17.366096710249117,17.017205895585978,16.854416078783572,17.997128361089043,,,,,16.80086040997391,16.99218700827785,17.423031500478803,17.59104159463954,17.642769282894648,17.968783745048988,18.305296058540364,17.83204947921104,"rgba(38, 166, 154, 1.0)",0.0,0.0,0.6570166877086044,17.124163343069533,1.2493391298677623,56.111368575234465,9.647898619796564,False,True,True,False,False,9.49177437023388,17.4769,17.01795,0.0,0.0,0.0,0.0,0,0.9396117900790797,0.9592619218787444,False,False,False,False,0.29144742862123024,0.29660934777532344,False,False,False,False,-990948.0,-1332599.185437451,False,False,False,False,101916.62045424692,False,False,False,False
2025-05-16 19:00:00+00:00,17.945,17.99,17.94,17.955,88132.0,,17.638051977276366,17.37503059360738,17.023404931715106,16.859122924305773,17.997058775971738,,,,,16.80593168132963,16.995994761798645,17.42442976123046,17.591907185750408,17.64349854970817,17.96876964517856,18.3047039308148,17.83803422915114,"rgba(38, 166, 154, 1.0)",0.0,0.0,0.6592365021488317,17.130559963824325,1.2505982807207245,56.711659638655675,9.647898619796564,False,True,True,False,False,9.630384626973196,17.5169,17.01395,0.0,0.0,0.0,0.0,0,0.938942307692308,0.9560096153846156,False,False,False,False,0.309248419548221,0.30292888366177223,False,False,False,False,-902816.0,-1325935.8802368701,False,False,False,False,101702.90540844464,False,False,False,False
2025-05-19 14:00:00+00:00,17.885,18.075,17.87,18.005,114692.0,,17.648752312379862,17.386678034061223,17.031534823492038,16.865307860509212,17.997023815673387,,,,,16.812587770477997,17.001015661944237,17.4263115252587,17.59309325313961,17.64450690196895,17.968807096400873,18.30398488272598,17.89137590240714,"rgba(38, 166, 154, 1.0)",0.0,0.0,0.6616268306702253,17.13914923333466,1.3086693684840984,58.917696209485975,9.647898619796564,False,True,True,False,True,10.328546427146488,17.5565,17.011025,0.0,0.0,0.0,0.0,1,0.9347202295552368,0.9524151123864183,False,False,False,False,0.3118067547598989,0.30736781921083556,False,False,False,False,-788124.0,-1317597.7115510271,False,False,False,False,101904.28671994162,False,False,False,False
2025-05-19 15:00:00+00:00,18.005,18.07,17.9,18.065,192101.0,,17.666660342089706,17.40609896005202,17.04524394278979,16.875774833389524,17.997086020208727,,,,,16.82383500846571,17.009551177441903,17.429594004431376,17.595206883797186,17.646322597433727,17.968990907773378,18.30289349347064,17.906366021865935,"rgba(38, 166, 154, 1.0)",0.0,0.0,0.6639055411481627,17.153798620481027,1.3724864804459032,62.19800918438995,8.891752238621102,False,True,True,False,True,11.163390059729988,17.6,17.007675000000003,0.0,0.0,0.0,0.0,1,0.9462700887502998,0.9489086111777407,False,False,False,False,0.31607946886005633,0.31172364403544595,False,False,False,False,-596023.0,-1306410.5067207788,False,False,False,False,103302.6853754464,False,False,False,False
2025-05-19 16:00:00+00:00,18.07,18.08,17.97,18.01,81297.0,,17.673888124256006,17.414067286336337,17.050979858422664,16.880179185228215,17.997127141027512,,,,,16.828564490271482,17.013149816511863,17.430991816432204,17.596112726378212,17.647103005416447,17.969083320021912,18.302447214949733,17.95475011121157,"rgba(38, 166, 154, 1.0)",0.0,0.0,0.665052778505487,17.15980031328467,1.2783943082320601,61.34917877559057,8.891752238621102,False,True,True,False,True,10.135401997794052,17.6269,17.0036,0.0,0.0,0.0,0.0,1,0.9463135289906942,0.9410641851586738,False,False,False,False,0.3298284209028537,0.3207760324691498,False,False,False,False,-677320.0,-1296657.1655313093,False,False,False,False,102961.5119587728,False,False,False,False
2025-05-19 17:00:00+00:00,18.015,18.07,17.965,17.995,98175.0,,17.68199073858081,17.423264108438367,17.05774669504635,16.885406665527412,17.997154978030082,,,,,16.834178719973423,17.01741872100496,17.432642520389226,17.597175808441754,17.64801594219203,17.969172642262215,18.301891143836563,17.957396316775032,"rgba(38, 166, 154, 1.0)",0.0,0.0,0.6699052440724049,17.166648885406374,1.236519824144109,60.0068029608916,8.891752238621102,False,True,True,False,False,9.853668549671578,17.6513,16.999475,0.0,0.0,0.0,0.0,1,0.9463437796771129,0.9418328584995255,False,False,False,False,0.32724144913489284,0.32400874080202136,False,False,False,False,-775495.0,-1288577.1319571806,False,False,False,False,102887.30247103989,False,False,False,False
2025-05-19 18:00:00+00:00,17.995,18.01,17.895,17.93,117718.0,,17.689379620896744,17.432743275821352,17.06519039105167,16.891252698676585,17.997020093993065,,,,,16.84047231405471,17.022157387565652,17.43438801078378,17.598243758564237,17.648909092119126,17.969109533452208,18.301079301791095,17.951457224675856,"rgba(38, 166, 154, 1.0)",0.0,0.0,0.671676449082389,17.173303701047242,1.1265785781033686,56.056075852817,9.710896793724295,False,True,True,False,False,8.62993740512702,17.673299999999998,16.99465,0.0,0.0,0.0,0.0,1,0.9433293978748523,0.9449822904368362,False,False,False,False,0.3049932129086537,0.3145009768553375,False,False,False,False,-893213.0,-1282447.4554927282,False,False,False,False,103117.23576606253,False,False,False,False
2025-05-19 19:00:00+00:00,17.925,18.03,17.905,18.01,149797.0,,17.69946803391674,17.445147370295317,17.074871176502736,16.898854828676466,17.99696973193605,,,,,16.84864104346239,17.028354644275783,17.436750307627136,17.59973598926053,17.650177680049403,17.96915111265764,18.300157382746086,17.952771186677893,"rgba(38, 166, 154, 1.0)",0.0,0.0,0.6732124345120636,17.18253457128283,1.2291297461207906,56.555340518584565,9.710896793724295,False,True,True,False,False,9.810645725697785,17.6967,16.990425,0.0,0.0,0.0,0.0,1,0.9441314553990612,0.9443661971830988,False,False,False,False,0.3101007605430573,0.3123008686991974,False,False,False,False,-743416.0,-1274090.3786633834,False,False,False,False,103840.95304100729,False,False,False,False
2025-05-20 14:00:00+00:00,18.155,18.18,18.09,18.14,43496.0,,17.70380621225474,17.44965515892564,17.078117908487158,16.901355556565008,17.997102660329126,,,,,16.85131259697327,17.03042929426384,17.437626449275434,17.600342071880295,17.65071561697152,17.969312017705786,18.30002047873485,18.00131784623997,"rgba(38, 166, 154, 1.0)",0.0,0.0,0.6754426843333936,17.26655676977429,1.2931418912142443,60.41017411121669,6.385647111425158,False,True,True,False,True,11.678524605554028,17.7194,16.987000000000002,0.0,0.0,0.0,0.0,1,0.949464368886819,0.9396832789939454,False,True,False,False,0.34282822074914054,0.32756454472416896,False,False,False,False,-699920.0,-1265188.5123275171,False,False,False,False,102905.37237370484,False,False,False,False
2025-05-20 15:00:00+00:00,18.145,18.17,18.095,18.115,25114.0,,17.706215070158535,17.452193735890233,17.079965877499635,16.9027831957019,17.99717380514764,,,,,16.852838113525316,17.03161283941615,17.43812410103564,17.600684879832848,17.651019292652578,17.969399238469762,18.29993670398961,18.003775960099148,"rgba(38, 166, 154, 1.0)",0.0,0.0,0.6791473390272477,17.268295253924542,1.2467173136365426,61.819704361242366,7.630759753656939,False,True,True,False,True,11.193884815211685,17.744500000000002,16.983050000000002,0.0,0.0,0.0,0.0,0,0.949872360176375,0.9403573915061503,False,False,False,False,0.3419867979300103,0.33477567132708963,False,False,False,False,-725034.0,-1256814.0237642997,False,False,False,False,101699.30458496523,False,False,False,False
2025-05-20 16:00:00+00:00,18.115,18.135,18.045,18.125,36471.0,,17.70945967063525,17.455711191692597,17.082574140929083,16.90480829636853,17.99725706413628,,,,,16.855003657497353,17.033287925945924,17.438819327462447,17.601158293021612,17.651436463673555,17.969505622282554,18.299797656257535,18.00564200684024,"rgba(38, 166, 154, 1.0)",0.0,0.0,0.6790097983873228,17.27030361473775,1.258739398595118,63.02435385650149,8.777274814705478,False,False,True,False,True,11.339167476667598,17.7629,16.98435,0.0,0.0,0.0,0.0,0,0.9540066382171649,0.940730203888099,False,False,False,False,0.3277526287284181,0.3312641500277539,False,False,False,False,-688563.0,-1248003.930372605,False,False,False,False,100688.01304101227,False,False,False,False
2025-05-20 17:00:00+00:00,18.125,18.16,18.1,18.125,20175.0,,17.711352232730768,17.457720309715576,17.084048870578307,16.9059504979547,17.99731481295052,,,,,16.856223923534113,17.034235370280175,17.439218733667268,17.601433723606394,17.65168055103456,17.969576257551807,18.299731162938482,18.007867202274895,"rgba(38, 166, 154, 1.0)",0.0,0.0,0.6805251019720754,17.271918843081455,1.2535631006797903,63.82745352000758,9.63274163563802,False,False,True,False,True,11.339167476667598,17.7788,16.9849,0.0,0.0,0.0,0.0,0,0.9709344222916166,0.9322603891424457,False,False,False,False,0.34114584106574214,0.336204995546748,False,False,False,False,-688563.0,-1239330.4275761305,False,False,False,False,99439.74927293455,False,False,False,False
2025-05-20 18:00:00+00:00,18.125,18.13,18.045,18.075,20890.0,,17.713084383993664,17.459649272424482,17.08550587566507,16.907087478152484,17.9973540356779,,,,,16.857440364714005,17.035174387630338,17.43960483326484,17.601694281307495,17.65190918995574,17.969628617438957,18.29964430536585,18.00852411007363,"rgba(38, 166, 154, 1.0)",0.0,0.0,0.6809800171689884,17.273021342719424,1.177683099446309,61.646588277228204,9.63274163563802,False,True,True,False,False,10.327682844729487,17.7914,16.98565,0.0,0.0,0.0,0.0,0,0.9657748855145819,0.9272113762352376,False,False,False,False,0.3269193555538534,0.33156217555030065,False,False,False,False,-709453.0,-1231115.2736602214,False,False,False,False,98221.92370281153,False,False,False,False
2025-05-20 19:00:00+00:00,18.075,18.14,18.04,18.13,50824.0,,17.717456025910977,17.464441920108275,17.08910368906992,16.909891406388915,17.99747147559468,,,,,16.86043795865025,17.037495409028875,17.440571382931857,17.602353300645138,17.65249018375203,17.96977817602403,18.299452789010154,18.01191603276579,"rgba(38, 166, 154, 1.0)",0.0,0.0,0.6819753899021042,17.27644977402673,1.2515850844644023,62.09397506557127,9.63274163563802,False,True,True,False,False,11.167070957294733,17.8064,16.986675,0.0,0.0,0.0,0.0,0,0.9691268692715871,0.9211287988422577,False,False,False,False,0.32775262872841693,0.3296574021393588,False,False,False,False,-658629.0,-1222239.5174794428,False,False,False,False,97487.07217253538,False,False,False,False
2025-05-21 14:00:00+00:00,17.995,18.02,17.92,17.94,35018.0,,17.719313730486522,17.46697120372617,17.091219598063713,16.911584583319762,17.997442887413495,,,,,16.862257722165317,17.03887447352021,17.441092033735725,17.60267673831944,17.65276263151433,17.96977064575684,18.299224769846624,18.00794362791587,"rgba(38, 166, 154, 1.0)",0.0,0.0,0.6809676342665749,17.276771342024034,0.973950338609392,55.218775114912276,9.76856233535662,False,True,True,False,False,7.397239860709025,17.8168,16.98695,0.0,0.0,0.0,0.0,1,0.9587332053742804,0.9227447216890597,False,False,False,False,0.28822465953624427,0.30894103083780156,False,False,False,False,-693647.0,-1214044.284650304,False,False,False,False,96518.55942567436,False,False,False,False
2025-05-21 15:00:00+00:00,17.945,17.985,17.91,17.935,62155.0,,17.722318371346834,17.471247898963433,17.09487844315944,16.91452890791094,17.997369713427897,,,,,16.86542409565565,17.041268002908105,17.441983994702024,17.603222673850038,17.653218855795707,17.969734557879462,18.29880095443332,18.00165081096002,"rgba(38, 166, 154, 1.0)",0.0,0.0,0.6788879221274376,17.27781132334625,0.9680370724438742,50.49689423419167,5.625692276978242,False,True,False,False,False,7.300551624936396,17.8281,16.988075,0.0,0.0,0.0,0.0,0,0.9573493975903615,0.9279518072289158,False,False,False,False,0.28091310851905815,0.29492706967842985,False,False,False,False,-755802.0,-1206939.753105338,False,False,False,False,95985.79106248562,False,False,False,False
2025-05-21 16:00:00+00:00,17.935,17.96,17.9,17.93,31302.0,,17.723711775180057,17.473312736993787,17.096680440101004,16.91598621678487,17.997323862535104,,,,,16.866992068699666,17.04245087657195,17.44242008382233,17.603486199029494,17.653437539197245,17.969707261189694,18.29857990628535,17.99871842823773,"rgba(38, 166, 154, 1.0)",0.0,0.0,0.6750877286998652,17.27847258361969,0.965100369451348,47.19653413477734,2.820783192092904,False,True,False,True,False,7.202123789501847,17.8442,16.99715,0.0,0.0,0.0,0.0,0,0.9494875549048318,0.9363103953147878,False,False,False,False,0.27524654997142345,0.2850868098249266,False,False,False,False,-787104.0,-1200430.6716618445,False,False,False,False,94982.94158864862,False,False,False,False
2025-05-21 17:00:00+00:00,17.925,17.93,17.7,17.81,31289.0,,17.724308821624675,17.47483567836537,17.098222840404674,16.917271626444236,17.997198778233034,,,,,16.868383271406717,17.043475107525918,17.442751097073693,17.603655220897597,17.65356371994614,17.969599954347064,18.298289359014564,17.97206982417088,"rgba(239, 83, 80, 1.0)",0.0,0.0,0.6647607237341298,17.337025519137114,0.7114958269587088,41.86736765151066,-1.8833479558411739,False,True,False,True,False,4.86303783956172,17.8551,17.004075,0.0,0.0,0.0,0.0,0,0.93488824101069,0.9431486880466476,False,False,True,False,0.2384169902409478,0.26175190003293725,False,False,False,False,-818393.0,-1194507.6069849166,False,False,False,False,93995.43861828197,False,False,False,False
2025-05-21 18:00:00+00:00,17.815,17.815,17.725,17.725,52900.0,,17.72465065069913,17.476941290869576,17.100604023838944,16.91929556713615,17.99692071447604,,,,,16.87058145754289,17.045069845539235,17.44322151424396,17.603861037441025,17.653698875630166,17.969351267328488,18.297739931900356,17.95618052528424,"rgba(239, 83, 80, 1.0)",0.0,0.0,0.652638912071029,17.33357672909019,0.599754724504094,36.69599411150426,-6.387532902939995,False,True,False,True,False,3.2535823366451666,17.8641,17.01135,0.0,0.0,0.0,0.0,0,0.93351193375548,0.951047247929859,False,False,False,False,0.22418157436608124,0.24296673719950923,False,False,False,False,-871293.0,-1189496.527806856,False,False,False,False,93358.3000350528,False,False,True,False
2025-05-21 19:00:00+00:00,17.725,17.82,17.72,17.77,112181.0,,17.725697036525727,17.481538738142074,17.105711369666864,16.923631849003115,17.996369584355637,,,,,16.875285558411182,17.048499100378187,17.44426218668939,17.60433878372425,17.654026565604394,17.968862569766134,18.296610572689456,17.93771540516906,"rgba(239, 83, 80, 1.0)",0.0,0.0,0.6404738532964998,17.33286886530557,0.6825120689073066,35.33036011039269,-7.466261723901788,False,True,False,True,False,4.026259989428798,17.8727,17.018150000000002,0.0,0.0,0.0,0.0,0,0.9404265751409661,0.9475361608237313,False,False,False,False,0.2241815743660801,0.23357415578279467,False,False,False,False,-759112.0,-1182823.8994687651,False,False,False,False,93650.12484071091,False,False,False,False
2025-05-22 14:00:00+00:00,17.73,17.825,17.705,17.745,26229.0,,17.725872161228747,17.48255029918658,17.10687351976983,16.924625457139207,17.99623448944665,,,,,16.876364084507653,17.04928332935424,17.444495870061203,17.60444225068775,17.654095235777685,17.96874196980722,18.29634137995207,17.933705198545518,"rgba(239, 83, 80, 1.0)",0.0,0.0,0.6272683664934139,17.332770231023904,0.6571824612813872,33.872957503639,-8.882439881312472,False,True,False,True,False,3.5467169549960076,17.8829,17.026675,0.0,0.0,0.0,0.0,0,0.9384502206964199,0.9431093673369298,False,False,False,False,0.22260546360911085,0.22808980969595277,False,False,False,False,-785341.0,-1176661.3738956058,False,False,False,False,92604.83608349059,False,False,False,False
2025-05-22 15:00:00+00:00,17.745,17.89,17.745,17.845,84283.0,,17.72758066945705,17.48654447985872,17.11096884584692,16.92806270251139,17.995925811022097,,,,,16.88007914155135,17.052033377856382,17.44540741569083,17.60492100174344,17.654459540689686,17.968480926298003,18.29558782417569,17.928511445716648,"rgba(239, 83, 80, 1.0)",0.0,0.0,0.6127433658817919,17.33536404568718,0.831728228635179,37.151634883370214,-8.882439881312472,False,True,False,True,True,5.273694645393437,17.8954,17.035075000000003,0.0,0.0,0.0,0.0,0,0.937239519490071,0.9438587889188529,False,False,False,False,0.23921058363001454,0.23365019666298364,False,False,False,False,-701058.0,-1169287.678176294,False,False,False,False,92475.81536901787,False,False,False,False
2025-05-22 16:00:00+00:00,17.845,17.91,17.835,17.855,21695.0,,17.728184885879255,17.48767680106688,17.112073975018188,16.928982432696447,17.995865271313924,,,,,16.88107093688197,17.052774503194726,17.445665893627204,17.605066071328196,17.65457479039664,17.96843279614596,18.295410757823255,17.92808312091314,"rgba(239, 83, 80, 1.0)",0.0,0.0,0.5931186320723958,17.33634497394658,0.87445411087695,39.71933401331106,-8.882439881312472,False,True,False,True,True,5.445234624776528,17.9006,17.044875,0.0,0.0,0.0,0.0,0,0.9334845049130766,0.9609473418997231,False,False,False,False,0.25674656239922283,0.24519837953110324,False,False,False,False,-679363.0,-1161691.9467317003,False,False,False,False,91378.43838655247,False,False,False,False
2025-05-22 17:00:00+00:00,17.855,17.91,17.825,17.875,52663.0,,17.729664749963316,17.4904214953277,17.114754986540532,16.931215438931282,17.995722336693813,,,,,16.88347828573678,17.054575277661364,17.446296969443676,17.60542202747385,17.654858419089102,17.96831997348983,18.29498488689063,17.92705225227519,"rgba(239, 83, 80, 1.0)",0.0,0.0,0.5698960550076086,17.338660571427063,0.9411179878509185,42.2360862674103,-15.041361941298995,False,True,False,True,True,5.7927103431502545,17.9084,17.0557,0.0,0.0,0.0,0.0,0,0.9353612167300382,0.9490494296577947,False,False,False,False,0.25514613488125815,0.2501722572061807,False,False,False,False,-626700.0,-1153397.4979451622,False,False,False,False,90778.1990317222,False,False,False,False
2025-05-22 18:00:00+00:00,17.875,17.935,17.845,17.925,41226.0,,17.731058435824632,17.492719737963547,17.116928000499605,16.933014829808798,17.99563879636347,,,,,16.885414889674667,17.056033973636477,17.446826508507176,17.605733284008302,17.655112534806246,17.968260221235074,18.294676895208646,17.927313749134946,"rgba(239, 83, 80, 1.0)",0.0,0.0,0.5439250329238092,17.34082981398171,1.0739902572200957,45.84132857983121,-11.481681698650199,False,True,False,True,True,6.663600926634938,17.918799999999997,17.06665,0.0,0.0,0.0,0.0,0,0.9394402035623413,0.9422391857506368,False,False,False,False,0.26235826700514436,0.25626526210566253,False,False,False,False,-585474.0,-1144592.4824731443,False,False,False,False,90009.94788394356,False,False,False,False
2025-05-22 19:00:00+00:00,17.925,17.99,17.86,17.87,123832.0,,17.735230919822623,17.499553686488188,17.123424720515803,16.938407515384696,17.995402057389548,,,,,16.891216293084227,17.060411186832987,17.448427128080546,17.606680025870304,17.655888110063284,17.96809481126478,18.29376639619755,17.922418556738307,"rgba(239, 83, 80, 1.0)",0.0,0.0,0.5089545015857645,17.40722250170853,0.9092708618345647,46.13184859831384,-10.956452995530732,False,True,False,True,True,5.526194859689948,17.9274,17.075725,0.0,0.0,0.0,0.0,0,0.9390306122448981,0.941071428571429,False,False,False,False,0.2736307099978607,0.2649479860517616,False,False,False,False,-709306.0,-1137843.8548379017,False,False,False,False,90534.32078496768,False,False,False,False
2025-05-23 14:00:00+00:00,17.885,17.94,17.805,17.815,41109.0,,17.736155193187408,17.501482055731735,17.125412640225257,16.940086680974122,17.995276675495322,,,,,16.893027274255193,17.061763411762023,17.448894473650203,17.606937360861608,17.656089992652003,17.9679925903968,18.29342356364133,17.908196140717504,"rgba(239, 83, 80, 1.0)",0.0,0.0,0.46970719267068917,17.407534546532915,0.8674882135619318,44.480474967969684,-10.956452995530732,False,True,False,True,True,4.397778714905755,17.933600000000002,17.08625,0.0,0.0,0.0,0.0,0,0.9377392191885686,0.9400357233988267,False,False,False,False,0.25674656239922283,0.26084727422549225,False,False,False,False,-750415.0,-1131837.205925686,False,False,False,False,89768.03674178988,False,False,False,False
2025-05-23 15:00:00+00:00,17.815,17.905,17.805,17.825,25127.0,,17.73667337314655,17.502622741411862,17.12660854125213,16.941100665755144,17.995195654524675,,,,,16.89412126812732,17.06257898435767,17.44917372292023,17.607089076381833,17.656207981127995,17.96792566518934,18.29321031429088,17.89387228715443,"rgba(239, 83, 80, 1.0)",0.0,0.0,0.42920036690885016,17.40777620634081,0.972095612741627,43.84354356895818,-10.956452995530732,False,True,False,True,True,4.580855842909653,17.941499999999998,17.09605,0.0,0.0,0.0,0.0,1,0.9455712451861363,0.9373555840821567,False,False,False,False,0.25115063780142743,0.25599895601345984,False,False,False,False,-725288.0,-1125534.1174617219,False,False,False,False,88765.8501256381,False,False,False,False
2025-05-23 16:00:00+00:00,17.82,17.92,17.82,17.855,47317.0,,17.737813597063234,17.50487462969459,17.128912198673206,16.943046071693455,17.995063604583898,,,,,16.89621775966643,17.064149339054097,17.449725029863938,17.60739822277476,17.65645326251233,17.96782030749986,18.292827185992103,17.894934093818843,"rgba(239, 83, 80, 1.0)",0.0,0.0,0.37462263294795434,17.408969162384984,1.1906136959882565,44.83473948389703,-10.956452995530732,False,True,False,True,True,5.135440474189259,17.9428,17.10315,0.0,0.0,0.0,0.0,0,0.9375163398692812,0.9545098039215686,False,False,False,False,0.25594618823454357,0.2559725721240017,False,False,False,False,-677971.0,-1118595.1544002998,False,False,False,False,88123.23229423286,False,False,False,False
2025-05-23 17:00:00+00:00,17.855,17.94,17.84,17.88,58510.0,,17.739431298645496,17.507786025274715,17.13182425933977,16.945496638620632,17.994927827243803,,,,,16.898855396505535,17.06613499366893,17.450440195182075,17.607811542348614,17.656787198922665,17.96771771535954,18.292378319191382,17.897626450096368,"rgba(239, 83, 80, 1.0)",0.0,0.0,0.35447827415314154,17.411138551538368,1.3226803520801211,46.6449990289853,-9.07353605200096,False,True,False,True,True,5.600199664992392,17.9417,17.111375,0.0,0.0,0.0,0.0,1,0.92545121632226,0.9568401778707826,False,False,False,False,0.26235826700514436,0.25916541956457306,False,False,False,False,-619461.0,-1110856.6403785897,False,False,False,False,87664.11241370213,False,False,False,False
2025-05-23 18:00:00+00:00,17.885,17.92,17.845,17.89,94251.0,,17.741935835047148,17.512363392319003,17.136458129695637,16.949410544198948,17.994706467632884,,,,,16.903067706597703,17.069307052472812,17.4515829285158,17.608470808775582,17.657319203584734,17.967549611770593,18.291654381640555,17.89864561373284,"rgba(239, 83, 80, 1.0)",0.0,0.0,0.3369219708095027,17.41445531644778,1.41143862601082,48.321843796936705,-7.132188658167635,False,True,False,False,True,5.788125111700932,17.9404,17.12045,0.0,0.0,0.0,0.0,1,0.9234210526315793,0.9636842105263157,False,False,False,False,0.25995129159257896,0.259558355578576,False,False,False,False,-525210.0,-1101776.847504503,False,False,False,False,87766.23470186177,False,False,False,False
2025-05-23 19:00:00+00:00,17.895,17.915,17.79,17.835,123445.0,,17.744243875854995,17.517593468490304,17.142135345439097,16.954279689862616,17.994317052466283,,,,,16.90831737413477,17.073231156953742,17.452938988267377,17.609210510767365,17.657895569743435,17.9672287066995,18.290621075280516,17.8814392704892,"rgba(239, 83, 80, 1.0)",0.0,0.0,0.31967421479273306,17.468523648668143,1.1464057292499188,46.86903848738987,-7.132188658167635,False,True,False,True,True,4.578749806998356,17.9382,17.129,0.0,0.0,0.0,0.0,1,0.9226504751847944,0.9614572333685324,False,False,False,False,0.25035248386212555,0.25495541972035074,False,False,False,False,-648655.0,-1094751.7025819528,False,False,False,False,88319.39385377089,False,False,False,False
2025-05-26 14:00:00+00:00,17.835,17.835,17.835,17.835,0.0,,17.744243875854995,17.517593468490304,17.142135345439097,16.954279689862616,17.994317052466283,,,,,16.90831737413477,17.073231156953742,17.452938988267377,17.609210510767365,17.657895569743435,17.9672287066995,18.290621075280516,17.8814392704892,"rgba(239, 83, 80, 1.0)",0.0,0.0,0.3012563333411052,17.468523648668143,1.216493433573415,45.900501614358646,-7.132188658167635,False,True,False,True,True,4.578749806998356,17.9359,17.13905,0.0,0.0,0.0,0.0,1,0.9244232299124903,0.9607531158843811,False,False,False,False,0.24477408516668658,0.24986475244351866,False,False,False,False,-648655.0,-1087835.4746349459,False,False,False,False,86950.10092580544,False,False,False,False
2025-05-26 15:00:00+00:00,17.835,17.835,17.835,17.835,0.0,,17.744243875854995,17.517593468490304,17.142135345439097,16.954279689862616,17.994317052466283,,,,,16.90831737413477,17.073231156953742,17.452938988267377,17.609210510767365,17.657895569743435,17.9672287066995,18.290621075280516,17.8814392704892,"rgba(239, 83, 80, 1.0)",0.0,0.0,0.28773835399562325,17.468523648668143,1.2736444281509747,45.25481036567116,-7.132188658167635,False,True,False,True,False,4.578749806998356,17.9328,17.15105,0.0,0.0,0.0,0.0,1,0.9249465811965816,0.9620726495726496,False,False,False,False,0.24477408516668658,0.2473194188051026,False,False,False,False,-648655.0,-1081026.4750282026,False,False,False,False,85602.0373455604,False,False,False,False
2025-05-26 16:00:00+00:00,17.835,17.835,17.835,17.835,0.0,,17.744243875854995,17.517593468490304,17.142135345439097,16.954279689862616,17.994317052466283,,,,,16.90831737413477,17.073231156953742,17.452938988267377,17.609210510767365,17.657895569743435,17.9672287066995,18.290621075280516,17.8814392704892,"rgba(239, 83, 80, 1.0)",0.0,0.0,0.2668573023538458,17.468523648668143,1.3733045642720327,44.82434953321284,-7.132188658167635,False,True,False,True,False,4.578749806998356,17.93,17.165625,0.0,0.0,0.0,0.0,1,0.9322354211663068,0.9608531317494602,False,False,False,False,0.24477408516668658,0.2460467519858946,False,False,False,False,-648655.0,-1074323.0413068351,False,False,False,False,84274.87397586179,False,False,False,False
2025-05-26 17:00:00+00:00,17.835,17.835,17.835,17.835,0.0,,17.744243875854995,17.517593468490304,17.142135345439097,16.954279689862616,17.994317052466283,,,,,16.90831737413477,17.073231156953742,17.452938988267377,17.609210510767365,17.657895569743435,17.9672287066995,18.290621075280516,17.8814392704892,"rgba(239, 83, 80, 1.0)",0.0,0.0,0.2578468188319088,17.468523648668143,1.4212948330798119,44.53737564490729,-7.132188658167635,False,True,False,True,False,4.578749806998356,17.929000000000002,17.179225,0.0,0.0,0.0,0.0,1,0.9305103148751357,0.9603691639522257,False,False,False,False,0.24477408516668658,0.2454104185762906,False,False,False,False,-648655.0,-1067723.53679045,False,False,False,False,82968.28678243757,False,False,False,False
2025-05-26 18:00:00+00:00,17.835,17.835,17.835,17.835,0.0,,17.744243875854995,17.517593468490304,17.142135345439097,16.954279689862616,17.994317052466283,,,,,16.90831737413477,17.073231156953742,17.452938988267377,17.609210510767365,17.657895569743435,17.9672287066995,18.290621075280516,17.8814392704892,"rgba(239, 83, 80, 1.0)",0.0,0.0,0.25188285565462193,17.468523648668143,1.4549475802131022,44.34605971937026,-7.132188658167635,False,True,False,True,False,4.578749806998356,17.9282,17.193325,0.0,0.0,0.0,0.0,1,0.9316448801742923,0.9566993464052287,False,False,False,False,0.24477408516668658,0.2450922518714886,False,False,False,False,-648655.0,-1061226.350173544,False,False,False,False,81681.95675480287,False,False,False,False
2025-05-26 19:00:00+00:00,17.835,17.835,17.835,17.835,0.0,,17.744243875854995,17.517593468490304,17.142135345439097,16.954279689862616,17.994317052466283,,,,,16.90831737413477,17.073231156953742,17.452938988267377,17.609210510767365,17.657895569743435,17.9672287066995,18.290621075280516,17.8814392704892,"rgba(239, 83, 80, 1.0)",0.0,0.0,0.24827491301415716,17.468523648668143,1.4760909464540264,44.21851576901224,-7.132188658167635,False,True,False,True,False,4.578749806998356,17.9262,17.2003,0.0,0.0,0.0,0.0,1,0.9365210222588624,0.9565814784281397,False,False,False,False,0.24477408516668658,0.24493316851908759,False,False,False,False,-648655.0,-1054829.8951320937,False,False,False,False,80415.56982837182,False,False,False,False
2025-05-27 14:00:00+00:00,17.94,17.985,17.905,17.935,31228.0,,17.74533839269087,17.519265188265685,17.14374888018825,16.95563331561372,17.99428204040372,,,,,16.909769657514012,17.07433873053899,17.453362973126506,17.60947147836483,17.658113914876353,17.967211551879323,18.290416211398895,17.88995603227828,"rgba(239, 83, 80, 1.0)",0.0,0.0,0.2433935751662076,17.47129624482475,1.9051602116390998,51.274070998066335,-2.279053449167172,False,False,True,False,True,6.719495451136602,17.9253,17.207649999999997,0.0,0.0,0.0,0.0,1,0.9352182267362067,0.9516881690914083,False,False,False,False,0.2801025308955766,0.26251784970733205,False,False,False,False,-617427.0,-1048048.4548974875,False,False,False,False,79652.9718465366,False,False,False,False
2025-05-27 15:00:00+00:00,17.935,17.965,17.885,17.935,77250.0,,17.747814120572386,17.52321574290409,17.14764627264147,16.958920878926246,17.994173731812744,,,,,16.913298558388615,17.077024547729966,17.45438009553937,17.610089447230063,17.65862727292962,17.967147115527936,18.289891127437343,17.89419093619311,"rgba(239, 83, 80, 1.0)",0.0,0.0,0.23914952539207024,17.475992985906245,1.9193306503169556,55.9777744841024,1.8770252368811882,True,False,True,False,True,6.719495451136591,17.9209,17.21395,0.0,0.0,0.0,0.0,0,0.9310628948091183,0.953584180170283,False,False,False,False,0.2736307099978619,0.26807427985259696,False,False,False,False,-617427.0,-1041372.1532711699,False,False,False,False,79615.71646907092,False,False,False,False
2025-05-27 16:00:00+00:00,17.935,18.04,17.93,18.005,65863.0,,17.750594815522494,17.52704141934919,17.151205821412834,16.96188831914086,17.994170226251384,,,,,16.916474557440058,17.07947052588634,17.455359277753274,17.61071891350021,17.659165839725652,17.967181714791867,18.289522853986767,17.908888823770916,"rgba(239, 83, 80, 1.0)",0.0,0.0,0.2338961616063261,17.481380845899707,2.2386821164752693,62.03269267782113,7.140001709124768,True,False,True,False,True,8.199579649766587,17.924,17.223399999999998,0.0,0.0,0.0,0.0,0,0.9376030786146236,0.948873007146784,False,False,False,False,0.2931156968917701,0.28059498837218355,False,False,False,False,-551564.0,-1033778.2284142524,False,False,False,False,79402.49605869772,False,False,False,False
2025-05-27 17:00:00+00:00,18.005,18.05,18.0,18.05,50192.0,,17.75303064181776,17.53017285614495,17.154031825709584,16.964229319597777,17.994211913147367,,,,,16.918975656716157,17.081410500801315,17.45616087482554,17.61124953116423,17.65962638055427,17.967252774111746,18.289281989376185,17.92109141984176,"rgba(38, 166, 154, 1.0)",0.0,0.0,0.21983497086263235,17.48591068534406,2.5659671545544147,67.40242390576935,11.661624751281927,True,False,True,False,True,9.136117695846536,17.9274,17.23435,0.0,0.0,0.0,0.0,0,0.9453189726594863,0.9461474730737365,False,False,False,False,0.30622611499572844,0.293410551683956,False,False,False,False,-501372.0,-1025523.8682837989,False,False,False,False,78949.62015081094,False,False,False,False
2025-05-27 18:00:00+00:00,18.045,18.06,17.96,18.015,42398.0,,17.754899223824737,17.532675396712545,17.15634645292724,16.966158930437263,17.994227593531104,,,,,16.9210387560852,17.083005932260136,17.456810912819666,17.611673760356965,17.659992020816034,17.9672930380624,18.28906168599519,17.939684535097022,"rgba(38, 166, 154, 1.0)",0.0,0.0,0.20974336528014595,17.546561822180504,2.2333873455011193,67.87732358565185,11.775877190449393,True,False,True,False,True,8.210242452305586,17.9294,17.245175,0.0,0.0,0.0,0.0,0,0.944597574421169,0.9404630650496146,False,False,False,False,0.30129795748979266,0.29735425458687437,False,False,False,False,-543770.0,-1018054.8160623446,False,False,False,False,78382.92836552704,False,False,False,False
2025-05-27 19:00:00+00:00,18.01,18.01,17.915,17.925,186371.0,,17.76090455789521,17.54199691864165,17.16565154448322,16.974062019205927,17.994053630232713,,,,,16.92950840045678,17.089493215466675,17.45933479094877,17.61324209472837,17.66131005377514,17.967224398488806,18.2878830570316,17.9353068773231,"rgba(38, 166, 154, 1.0)",0.0,0.0,0.19841495784153512,17.55065099707798,1.88669748991906,62.31113312512337,11.775877190449393,True,False,True,False,False,5.874996292247012,17.929000000000002,17.2546,0.0,0.0,0.0,0.0,0,0.9414352488314542,0.9430849601319771,False,False,False,False,0.2857841777405972,0.29156921616373577,False,False,False,False,-730141.0,-1013591.0359683547,False,False,False,False,80057.16203427856,False,False,False,False
2025-05-28 14:00:00+00:00,17.925,17.95,17.85,17.87,18605.0,,17.76130002283177,17.542771166400158,17.166498343914164,16.97479592648563,17.994012788665117,,,,,16.93029699605952,17.090090716702274,17.459554690448083,17.6133701075368,17.661413763084088,17.967193811473297,18.28774503306765,17.933446516629196,"rgba(38, 166, 154, 1.0)",0.0,0.0,0.18856635508497777,17.550625493109283,1.6936982567584284,56.043677976121714,13.397212709300035,True,False,True,False,False,4.483988271650052,17.9277,17.2646,0.0,0.0,0.0,0.0,0,0.9360241625480505,0.9494783086216367,False,False,False,False,0.2655722023122574,0.2785707092379966,False,False,False,False,-748746.0,-1009484.911379698,False,False,False,False,79104.41533607269,False,False,False,False
2025-05-28 15:00:00+00:00,17.865,17.925,17.815,17.825,46827.0,,17.76201693768831,17.54450981336494,17.168518238399354,16.97656746338151,17.993875593831778,,,,,16.932203919172053,17.09152500109183,17.460062241543444,17.61365108106792,17.661634470225756,17.967082077458972,18.287367531478626,17.926867266909618,"rgba(239, 83, 80, 1.0)",0.0,0.0,0.17320385843375816,17.549906585289808,1.5882637788661105,50.10728393211408,8.213892945117067,False,False,False,False,False,3.3587956864560944,17.924599999999998,17.27415,0.0,0.0,0.0,0.0,0,0.9343586926668498,0.9527602307058505,False,False,False,False,0.25594618823454357,0.2672584487362701,False,False,False,False,-795573.0,-1006168.4476373771,False,False,False,False,78603.99029210256,False,False,False,False
2025-05-28 16:00:00+00:00,17.825,17.86,17.81,17.86,34828.0,,17.762477060762155,17.545742323241193,17.169987482930157,16.977863004530434,17.9937651719955,,,,,16.933599251254332,17.09257203179929,17.46042776665752,17.613849552930294,17.66178841261112,17.96699048326758,18.287079623548017,17.922160927734538,"rgba(239, 83, 80, 1.0)",0.0,0.0,0.15492587591100793,17.54940259860468,2.004812944054178,48.12409083099446,6.586722332677077,False,False,False,True,False,4.154748663143845,17.923299999999998,17.285825,0.0,0.0,0.0,0.0,0,0.9416966012710694,0.9505388228792486,False,False,False,False,0.24477408516668658,0.25601626695147833,False,False,False,False,-760745.0,-1002363.4329453247,False,False,False,False,77925.29276819399,False,False,False,False
2025-05-28 17:00:00+00:00,17.855,17.9,17.82,17.83,57672.0,,17.763289524407686,17.547806265594563,17.172430349328327,16.980016267235325,17.99359076675782,,,,,16.935917283572767,17.094314760166903,17.46104202394254,17.61418697677503,17.662052094298545,17.96684727035378,18.286610844488145,17.916110230311148,"rgba(239, 83, 80, 1.0)",0.0,0.0,0.15118981566271855,17.549086485527525,1.8580187643005581,45.55603924640477,4.164825039234017,False,True,False,True,False,3.392970030791531,17.921400000000002,17.297124999999998,0.0,0.0,0.0,0.0,0,0.9396289116588201,0.948490722791471,False,False,False,False,0.2527478875384208,0.25438207724494954,False,False,False,False,-818417.0,-999511.5502640017,False,False,False,False,77611.28822915223,False,False,False,False
2025-05-28 18:00:00+00:00,17.835,17.835,17.715,17.745,54653.0,,17.763304440125797,17.54919356246821,17.174440808398128,16.981848611296773,17.99332827569237,,,,,16.937899911012217,17.095773944633876,17.461495523028535,17.614390909619434,17.662188591552408,17.966613386627547,18.286081227308348,17.905575933828853,"rgba(239, 83, 80, 1.0)",0.0,0.0,0.14451540645367078,17.547065599818353,1.3696422065913252,40.98119736912059,-0.20334533570107283,False,True,False,True,False,1.2707927151799154,17.9177,17.306425,0.0,0.0,0.0,0.0,0,0.9349750968456004,0.9501936912008854,False,False,False,False,0.2257587813849837,0.24007042931496664,False,False,False,False,-873070.0,-997551.2161513815,False,False,False,False,77255.34577598707,False,False,False,False
2025-05-28 19:00:00+00:00,17.745,17.78,17.68,17.76,180186.0,,17.762653166864574,17.553128805112102,17.18069699967667,16.987638629050828,17.99237283116049,,,,,16.94417425426247,17.10036204294365,17.462858759094974,17.614948409257263,17.66252725038438,17.965750976595785,18.284259311272418,17.875570578548746,"rgba(239, 83, 80, 1.0)",0.0,0.0,0.13356174129782236,17.54128370261223,1.6375669803530624,38.85103380558962,-2.340841073182659,False,True,False,True,False,1.6284593638125848,17.9143,17.315250000000002,0.0,0.0,0.0,0.0,0,0.9333333333333335,0.952420470262794,False,False,False,False,0.2116026348215222,0.22583653206824442,False,False,False,False,-692884.0,-992827.6934203523,False,False,False,False,78851.16987248338,False,False,False,False
2025-05-29 14:00:00+00:00,17.81,17.855,17.615,17.725,49050.0,,17.762419216528706,17.554125575995954,17.182351137899623,16.98918220959051,17.99210544099972,,,,,16.94584757907298,17.101583590029023,17.463216460458685,17.61508925894232,17.66260906832945,17.96550872378276,18.2837578932676,17.86895597992049,"rgba(239, 83, 80, 1.0)",0.0,0.0,0.12393757510251202,17.540082608853435,1.492020406189295,36.32350375736449,-4.972635712762781,False,True,False,True,False,0.753491216267463,17.9099,17.3234,0.0,0.0,0.0,0.0,0,0.9308262421081526,0.9483941806203682,False,False,False,False,0.2131713208870139,0.21950392647762917,False,False,False,False,-741934.0,-988937.8687161608,False,False,False,False,78389.13623104953,False,False,False,False
2025-05-29 15:00:00+00:00,17.725,17.725,17.59,17.605,38756.0,,17.761693248382425,17.55450272868163,17.18343418522332,16.99024730378848,17.991820329333382,,,,,16.947011062254767,17.10240550329737,17.463402139945764,17.61511298850689,17.662587948054153,17.965242771261345,18.28329667545993,17.860952519498152,"rgba(239, 83, 80, 1.0)",0.0,0.0,0.12004045864407634,17.538080952800918,0.557470772395992,31.82101422201498,-9.43976005423945,False,True,False,True,False,0.0,17.902900000000002,17.330425,0.0,0.0,0.0,0.0,0,0.9339182890046616,0.9520153550863728,False,False,False,False,0.1889675717015672,0.20423574908959818,False,False,False,False,-780690.0,-985709.2195887784,False,False,False,False,77774.66900266116,False,False,False,False
2025-05-29 16:00:00+00:00,17.605,17.665,17.585,17.605,25771.0,,17.761130157052175,17.55468859820048,17.184117487768184,16.990930063214325,17.9916193384847,,,,,16.947758448111088,17.102928679959202,17.463510270911065,17.615115027063695,17.662560475558706,17.965054400265455,18.282980034803284,17.826100757932494,"rgba(239, 83, 80, 1.0)",0.0,0.0,0.11207032058723491,17.536657605842354,0.6098170666376302,28.819354531781975,-12.46818908032035,False,True,False,True,False,0.0,17.894900000000003,17.335025,0.0,0.0,0.0,0.0,0,0.9498025944726453,0.9475465313028769,False,False,False,False,0.1788839295008087,0.19155983929520343,False,False,False,False,-780690.0,-982530.6270370145,False,False,False,False,76968.41056851138,False,False,False,False
2025-05-29 17:00:00+00:00,17.605,17.675,17.605,17.64,43930.0,,17.760324527842172,17.555109970356032,17.18533520301346,16.992130573786035,17.9912970793251,,,,,16.94906967548174,17.10385544840069,17.463719993014692,17.61514185079328,17.66253662720529,17.964753805025477,18.28245854716653,17.820449036922227,"rgba(239, 83, 80, 1.0)",0.0,0.0,0.11552243259298596,17.53468880184301,0.9116082114374028,29.152587585476372,-12.46818908032035,False,True,False,True,False,0.0,17.886400000000002,17.3407,0.0,0.0,0.0,0.0,0,0.9486594409583574,0.9452367370222478,False,False,False,False,0.18353332586589072,0.18754658258054707,False,False,False,False,-736760.0,-978720.2297186111,False,False,False,False,76456.18714884453,False,False,False,False
2025-05-29 18:00:00+00:00,17.645,17.68,17.615,17.625,38372.0,,17.759629544165403,17.555474639501984,17.186393543160083,16.99317556861772,17.991016075160687,,,,,16.950210949343028,17.10466234948004,17.463902773790597,17.615165233528,17.662515837349147,17.96449169546101,18.282003729513875,17.814851134291533,"rgba(239, 83, 80, 1.0)",0.0,0.0,0.11999530771510118,17.533103097963952,0.765837463030088,28.958150027019418,-13.190139804895715,False,True,False,True,False,0.0,17.878700000000002,17.34565,0.0,0.0,0.0,0.0,0,0.9515898023488971,0.9346892008020626,False,False,False,False,0.1858609577865331,0.1867037701835401,False,False,False,False,-775132.0,-975563.823056307,False,False,False,False,75865.73463490895,False,False,False,False
2025-05-29 19:00:00+00:00,17.63,17.695,17.625,17.68,91028.0,,17.758372992650912,17.55659633039283,17.189031035599264,16.99574277320803,17.990401763771413,,,,,16.953007399553588,17.10666170873094,17.464400295122328,17.61527990050546,17.662524901114217,17.96392255475074,18.280972068306813,17.8057517520693,"rgba(239, 83, 80, 1.0)",0.0,0.0,0.12257926282794776,17.5304658286758,1.2198977859255409,32.33823101258269,-13.190139804895715,False,True,False,True,True,0.0,17.8724,17.350325,0.0,0.0,0.0,0.0,0,0.9520252800919278,0.9324906636024132,False,False,False,False,0.18974478647262294,0.18822427832808153,False,False,False,False,-684104.0,-971045.0661096976,False,False,False,False,76100.80851653827,False,False,False,False
2025-05-30 14:00:00+00:00,17.475,17.595,17.46,17.52,17853.0,,17.757755960554494,17.55653394053536,17.189392504381214,16.996138146262567,17.990228949982168,,,,,16.953444933769696,17.106953392385318,17.464429443799574,17.615240495016238,17.662466029579438,17.963758110073663,18.28072357013509,17.800773885888162,"rgba(239, 83, 80, 1.0)",0.0,0.0,0.13006581840315964,17.52928351817878,-0.07137554118949282,30.350445972140207,-13.190139804895715,False,True,False,True,True,0.0,17.8642,17.35405,0.0,0.0,0.0,0.0,0,0.9400000000000004,0.9354285714285715,False,False,False,False,0.1488394138551125,0.16853184609159702,False,False,False,False,-701957.0,-966873.1581079968,False,False,False,False,75197.74171783224,False,False,False,False
2025-05-30 15:00:00+00:00,17.53,17.535,17.415,17.435,34312.0,,17.756258989464808,17.556175280021442,17.189954348437766,16.996805564864,17.989852010575493,,,,,16.954190990186813,17.10742808793398,17.46442689211067,17.61511177279598,17.66230096115195,17.963396835858436,18.280206449261506,17.78947008077361,"rgba(239, 83, 80, 1.0)",0.0,0.0,0.1402805425937475,17.526492177002034,-0.6522086050593368,27.593773630467552,-15.380762723807578,False,True,False,True,False,0.0,17.8527,17.357075,0.0,0.0,0.0,0.0,0,0.9433419614610297,0.9384526890997987,False,False,False,False,0.13277475067899827,0.15065329838529765,False,False,False,False,-736269.0,-963297.8998427566,False,False,False,False,74563.8542493387,False,False,False,False
2025-05-30 16:00:00+00:00,17.435,17.455,17.335,17.375,29368.0,,17.754673717266318,17.555633911591695,17.190304105902293,16.997285420195475,17.989485076688144,,,,,16.954735785788824,17.107749475254533,17.46436678651216,17.614949197348306,17.66210833120457,17.963042894831247,18.279724751331447,17.723875299899536,"rgba(239, 83, 80, 1.0)",-1.0,17.4275,0.15171473349719436,17.53599336665389,-1.0611584184529315,24.913281913669678,-18.207432581741212,False,True,False,True,False,0.0,17.8374,17.358225,0.0,0.0,0.0,0.0,0,0.9281314168377826,0.9589322381930188,True,False,False,False,0.10842284721955985,0.12953807280242874,False,False,False,False,-765637.0,-960233.3897676751,True,False,False,False,73863.14333074431,False,False,False,False
2025-05-30 17:00:00+00:00,17.375,17.475,17.37,17.42,59287.0,,17.75180213633252,17.55476723427687,17.19112465864869,16.99833282809113,17.98878668544327,,,,,16.955915672585157,17.108472856364997,17.46429880524544,17.614669876834505,17.661767528228474,17.962371063727296,18.278790206299494,17.71049761086824,"rgba(239, 83, 80, 1.0)",0.0,0.0,0.16027588826808473,17.532374319199437,-0.7011305344411716,25.488654525116203,-18.207432581741212,False,True,False,True,False,0.0,17.8235,17.35935,0.0,0.0,0.0,0.0,0,0.9317779090372122,0.9556999409332544,False,False,False,False,0.11677793692799769,0.12315800486521322,False,False,False,False,-706350.0,-956297.2131821297,False,False,False,False,73637.1566124382,False,False,False,False
2025-05-30 18:00:00+00:00,17.425,17.56,17.425,17.515,117898.0,,17.74755701764233,17.554071609467567,17.19328783232374,17.000782996810607,17.987594085706636,,,,,16.958636018078955,17.11025883109609,17.464411477524596,17.614341282364418,17.66131284434093,17.96123283875932,18.27710710061963,17.69786115737764,"rgba(239, 83, 80, 1.0)",0.0,0.0,0.16547616251328423,17.528878916389953,-0.0838726024289948,30.10332608605667,-18.207432581741212,False,True,False,True,True,0.0,17.8113,17.3614,0.0,0.0,0.0,0.0,0,0.939787485242031,0.9400826446280994,False,False,False,False,0.13812167058959998,0.13063983772740662,False,False,False,False,-588452.0,-950594.1866211664,False,False,False,False,74323.37123860193,False,False,False,False
2025-05-30 19:00:00+00:00,17.515,17.55,17.46,17.465,196602.0,,17.740559808569632,17.552777257964387,17.196732244430507,17.00474867640781,17.98558447691376,,,,,16.963043449622006,17.113138174752905,17.464554164856395,17.61375786847156,17.660521413477333,17.95931312444292,18.27428661874318,17.673934039349334,"rgba(239, 83, 80, 1.0)",0.0,0.0,0.1718554808729358,17.520133807977444,-0.32081495275794375,31.96139303191329,-24.529119639352356,False,True,False,True,True,0.0,17.798099999999998,17.363300000000002,0.0,0.0,0.0,0.0,0,0.9452662721893496,0.9369822485207102,False,False,False,False,0.14194569209555374,0.13629276491148018,False,False,False,False,-785054.0,-948027.672099908,False,False,False,False,76219.1639325771,False,False,False,False
2025-06-02 14:00:00+00:00,17.44,17.605,17.405,17.555,101437.0,,17.737514529078734,17.55244785531007,17.19865609922386,17.006894345229554,17.9846165649458,,,,,16.96541652750613,17.11472323727272,17.464708017287872,17.613532452688567,17.66018799166669,17.95839191884067,18.272894775410954,17.63836702149106,"rgba(239, 83, 80, 1.0)",0.0,0.0,0.17522680283619113,17.517109104811617,0.21623915163141363,36.59584684043085,-20.049103505956776,False,True,False,True,True,0.0,17.7877,17.3658,0.0,0.0,0.0,0.0,0,0.9412811387900359,0.9409845788849347,False,False,False,False,0.14194569209555374,0.13911922850351696,False,False,False,False,-683617.0,-943928.2818347932,False,False,False,False,76610.1381351728,False,False,False,False
2025-06-02 15:00:00+00:00,17.555,17.58,17.505,17.57,82028.0,,17.735446961690986,17.552441223412718,17.20033821396917,17.008716840743435,17.983887332357842,,,,,16.967423550466002,17.116089878445383,17.464897036805503,17.61341023793058,17.659977676010193,17.95770078619339,18.271817804425105,17.63692139278972,"rgba(239, 83, 80, 1.0)",0.0,0.0,0.17769677583992435,17.51555465147977,0.3063946898466819,40.205891323052526,-16.633105569819833,False,True,False,True,True,0.0,17.776500000000002,17.3681,0.0,0.0,0.0,0.0,0,0.950509898020396,0.9397120575884826,False,False,False,False,0.15344300285680568,0.14628111568016133,False,False,False,False,-601589.0,-938620.6960699126,False,False,False,False,76694.13599354221,False,False,False,False
2025-06-02 16:00:00+00:00,17.575,17.605,17.505,17.545,85515.0,,17.73333991930498,17.552434428427286,17.20207485214697,17.01060387281757,17.983129711003844,,,,,16.96950131301979,17.11750554312712,17.465093218624492,17.613283340874283,17.659759286017056,17.956982769887187,18.270698470577393,17.61252051570709,"rgba(239, 83, 80, 1.0)",0.0,0.0,0.17755136295237353,17.513968502300436,0.174774764798001,41.801606172539486,-15.047592119316903,False,False,False,True,True,0.0,17.7686,17.369775,0.0,0.0,0.0,0.0,0,0.9501661129568107,0.9392932648746604,False,False,False,False,0.15728425467626148,0.15178268517821142,False,False,False,False,-687104.0,-934721.212409914,False,False,False,False,76830.89357503767,False,False,False,False
2025-06-02 17:00:00+00:00,17.545,17.575,17.495,17.555,124433.0,,17.73019475268365,17.55229870800034,17.204499976182873,17.013276066534996,17.982006586223243,,,,,16.9724469249936,17.1195020498251,17.465344312454913,17.613069805231984,17.659413821200168,17.955916842181256,18.269053361835184,17.607933377685562,"rgba(239, 83, 80, 1.0)",0.0,0.0,0.1806306020976868,17.51144391112375,0.24113349770431144,43.27914236599978,-13.450370508878159,False,False,False,True,True,0.0,17.761000000000003,17.371425,0.0,0.0,0.0,0.0,0,0.9469079939668178,0.9390648567119156,False,False,False,False,0.1511404136160778,0.15146154939714462,False,False,False,False,-562671.0,-928952.9920624736,False,False,False,False,77568.91072891306,False,False,False,False
2025-06-02 18:00:00+00:00,17.555,17.555,17.375,17.46,288541.0,,17.720412888126504,17.549772312330656,17.20871632100397,17.01846674128245,17.97896468622072,,,,,16.978237918930052,17.123214347107822,17.465329136795507,17.61204163881985,17.658092673648568,17.953002612353604,18.264859272489417,17.554360178405773,"rgba(239, 83, 80, 1.0)",0.0,0.0,0.18577538990741785,17.50112943118969,-0.22139332454199245,41.26976723036712,-13.450370508878159,False,False,False,True,True,0.0,17.7516,17.372775,0.0,0.0,0.0,0.0,0,0.937837837837838,0.9453453453453454,False,False,False,False,0.1297227724318775,0.14059216091451104,False,False,False,False,-851212.0,-927747.7053638306,False,False,False,False,80839.79583389116,False,False,False,False
2025-06-02 19:00:00+00:00,17.455,17.54,17.445,17.5,399908.0,,17.709514910843225,17.547698216432998,17.215037075992306,17.025964208610116,17.975062558542938,,,,,16.986551189165343,17.128695751883413,17.465636253917,17.610938283880678,17.656583750265707,17.949277684258586,18.259344908177837,17.54622366775747,"rgba(239, 83, 80, 1.0)",0.0,0.0,0.18945207861052077,17.4928186723196,0.037905774025118376,41.69299167366092,-13.450370508878159,False,False,False,True,True,0.0,17.7454,17.37565,0.0,0.0,0.0,0.0,0,0.9416892094980464,0.9467989179440939,False,False,False,False,0.13812167058959998,0.1393569157520555,False,False,False,False,-451304.0,-920360.9812496626,False,False,False,False,85786.58969693161,False,False,False,False
2025-06-03 14:00:00+00:00,17.45,17.6,17.45,17.555,81003.0,,17.707822489772134,17.547601559488555,17.216461617631523,17.02758127876991,17.974345037670584,,,,,16.98833252378156,17.12990550458515,17.46578137743958,17.610793557349904,17.656356326331146,17.94859633837691,18.258295508589317,17.546940263244604,"rgba(239, 83, 80, 1.0)",0.0,0.0,0.19153077046728584,17.492039079206794,0.3287248343417464,44.184178712939996,-11.884203434673289,False,False,False,True,True,0.0,17.742,17.37865,0.0,0.0,0.0,0.0,0,0.9395752318276999,0.9437630870475621,False,False,False,False,0.14807276265815833,0.14371483920510691,False,False,False,False,-370301.0,-911832.9195248616,False,False,False,False,85712.42551558383,False,False,False,False
2025-06-03 15:00:00+00:00,17.555,17.74,17.555,17.74,62560.0,,17.707603263195406,17.548365608975026,17.21804432902223,17.029173955062763,17.973972750480073,,,,,16.990059023867154,17.131163742672243,17.46612427533982,17.610892824110763,17.656388029149703,17.94825348609621,18.25764731441373,17.55320201651938,"rgba(38, 166, 154, 1.0)",0.0,0.0,0.19130683810586083,17.493176449320362,1.2901972199397012,50.993217835092814,-5.383716306945118,True,False,True,False,True,2.2689278238958472,17.741400000000002,17.382725,0.0,0.0,0.0,0.0,0,0.953446732318711,0.9325574455386453,False,False,False,False,0.1858609577865331,0.16478789849582,False,False,False,False,-307741.0,-902467.1533306778,False,False,False,False,85353.47318200888,False,False,False,False
2025-06-03 16:00:00+00:00,17.735,17.875,17.68,17.875,71372.0,,17.70846441605983,17.550098535651973,17.220349515941805,17.031348089763693,17.973737814611976,,,,,16.992392980285263,17.13293590806627,17.466756008669076,17.611226123615946,17.656640418699826,17.948053684216696,18.257077256265177,17.56538082918478,"rgba(38, 166, 154, 1.0)",0.0,0.0,0.19050213401119315,17.496176212649665,1.9885540354528346,57.88750596374577,0.8787470980922762,True,False,True,False,True,5.329634366491657,17.744,17.385625,0.0,0.0,0.0,0.0,0,0.9708621207569843,0.9176930009011716,False,False,False,False,0.22654779880357764,0.19566784864969883,False,False,False,False,-236369.0,-892140.0501782642,False,False,False,False,85136.70615593121,False,False,False,False
2025-06-03 17:00:00+00:00,17.875,17.975,17.875,17.915,77463.0,,17.710392856560414,17.5527505715961,17.22330117491059,17.034030551688407,17.973656967144958,,,,,16.99525505250487,17.13516437226187,17.46766124038327,17.61178911832493,17.657112186043573,17.94801236048205,18.256614314298545,17.58224533902024,"rgba(38, 166, 154, 1.0)",0.0,0.0,0.19043009641697167,17.500869902971353,2.1747092755855904,63.07276700950988,5.421464570792168,True,False,True,False,True,6.204938764785528,17.7454,17.388575,0.0,0.0,0.0,0.0,0,0.9820089955022491,0.9088455772113941,False,False,False,False,0.2736307099978619,0.23464927932378035,False,False,False,False,-158906.0,-880772.0804080585,False,False,False,False,85017.73396746717,False,False,False,False
2025-06-03 18:00:00+00:00,17.915,17.955,17.885,17.895,104985.0,,17.71283034807667,17.55618920563352,17.227205388265855,17.037599709688134,17.973526796507056,,,,,16.999064407339834,17.138126424649528,17.468855462719556,17.612524371047236,17.657724827227533,17.94793538111063,18.25597025734378,17.601819519779927,"rgba(38, 166, 154, 1.0)",0.0,0.0,0.19023456360226615,17.506730465843876,2.0410041519473796,65.69955271936679,7.680395920450991,True,False,True,False,True,5.687734057328662,17.746199999999998,17.390775,0.0,0.0,0.0,0.0,0,0.9829341317365271,0.9083832335329342,False,False,False,False,0.2720162630647031,0.25333277119424175,False,False,False,False,-263891.0,-871208.032649794,False,False,False,False,85327.30398347543,False,False,False,False
2025-06-03 19:00:00+00:00,17.895,17.945,17.88,17.9,173425.0,,17.716664694556226,17.56167549237229,17.233527724464803,17.043410206241404,17.973301438009038,,,,,17.005265463792245,17.14294938611377,17.470799448372446,17.6137176254306,17.658717217535308,17.947797308772394,18.2549013402898,17.6287242324562,"rgba(38, 166, 154, 1.0)",0.0,0.0,0.19002730955874153,17.51564334548991,2.0226390375288466,67.54220186077492,9.424119629148166,True,False,True,False,True,5.800168402900926,17.746699999999997,17.393,0.0,0.0,0.0,0.0,0,0.9856201318154585,0.9080287597363689,False,False,False,False,0.2695971823032991,0.26146497674877045,False,False,False,False,-90466.0,-859103.5050118127,False,False,False,False,86693.1597356696,False,False,False,False
2025-06-04 14:00:00+00:00,18.125,18.23,18.045,18.075,103305.0,,17.721283879576117,17.566778684493887,17.23838388344239,17.047659513964657,17.97359603616049,,,,,17.009762155689934,17.14656791435851,17.472496777652093,17.614923252609692,17.65979489962785,17.948147293031017,18.254648614235485,17.70668580231701,"rgba(38, 166, 154, 1.0)",0.0,0.0,0.19191455962994022,17.57645485381196,2.597745304730191,71.3707343922438,13.131209919800213,True,False,True,False,True,9.58962970029669,17.7497,17.396325,0.0,0.0,0.0,0.0,0,0.9855457227138644,0.8973451327433626,False,False,False,False,0.34282822078735437,0.3021465987680624,False,False,False,False,12839.0,-845585.016562017,False,False,False,False,86950.70764674449,False,False,False,False
2025-06-04 15:00:00+00:00,18.075,18.11,17.745,17.78,135122.0,,17.723620744456312,17.57048124924765,17.242953732449198,17.051939148137457,17.97334067896901,,,,,17.01433451279342,17.150107641687043,17.47388701346488,17.61574656869487,17.66046551104132,17.94795855085962,18.253750870662333,17.702256698995306,"rgba(38, 166, 154, 1.0)",0.0,0.0,0.19140189310568492,17.573137212098576,1.0807771257894678,64.97837298930814,13.131209919800213,True,False,True,False,False,2.3075988523325925,17.7479,17.3989,0.0,0.0,0.0,0.0,0,0.9772462077012836,0.9025670945157526,False,False,False,False,0.27370771042628605,0.2879271545971742,False,False,False,False,-122283.0,-834371.0318091175,False,False,False,False,87697.54938865542,False,False,False,False
2025-06-04 16:00:00+00:00,17.775,17.78,17.42,17.605,222511.0,,17.72070395148618,17.571079837656224,17.247122919989504,17.056563810192742,17.97170725105629,,,,,17.0193822336301,17.153676194470897,17.474603786115285,17.615674469626377,17.66016988120367,17.946423703342457,18.25119918736004,17.663945843780933,"rgba(239, 83, 80, 1.0)",0.0,0.0,0.1922648323680658,17.579766423980097,0.1312438458407072,57.502643194062415,16.779964779962583,True,False,True,False,False,0.0,17.7437,17.4006,0.0,0.0,0.0,0.0,0,0.96163830400923,0.9192385347562732,False,False,False,False,0.17056812249307085,0.22924763854512253,False,False,False,False,-344794.0,-826780.6902306817,False,False,False,False,89787.68040588556,False,False,False,False
2025-06-04 17:00:00+00:00,17.605,17.65,17.58,17.6,69875.0,,17.71987868715411,17.571313028668758,17.248442549580147,17.058022035398437,17.97120874966595,,,,,17.02097194349047,17.15480584629843,17.47484187122053,17.6156653594282,17.66009079372631,17.94595610195455,18.250412226665194,17.6601198105832,"rgba(239, 83, 80, 1.0)",0.0,0.0,0.19247725968344767,17.57800326962841,0.11428222953592934,52.43509469022801,12.264346370555927,True,False,False,False,False,0.0,17.7392,17.402275,0.0,0.0,0.0,0.0,0,0.9728637413394918,0.9200346420323325,False,False,False,False,0.1751987121971675,0.20222317537114504,False,False,False,False,-414669.0,-820391.3616999733,False,False,False,False,89478.95667866252,False,False,False,False
2025-06-04 18:00:00+00:00,17.6,17.67,17.56,17.59,77709.0,,17.718947822954092,17.57154703982216,17.24988547524436,17.059625011114885,17.970650869150873,,,,,17.02271991402787,17.15604644596157,17.475099161775805,17.615649321186847,17.659997298190184,17.945432455401544,18.249534758339905,17.656442145098904,"rgba(239, 83, 80, 1.0)",0.0,0.0,0.1916953053411663,17.576319733354325,0.07136464099278812,48.871906498885764,9.017542191568545,False,False,False,True,False,0.0,17.733900000000002,17.4039,0.0,0.0,0.0,0.0,0,0.9796924862199013,0.9167391935015953,False,False,False,False,0.17519871219716876,0.1887109437841569,False,False,False,False,-492378.0,-815305.8832240048,False,False,False,False,89296.47673015612,False,False,False,False
2025-06-04 19:00:00+00:00,17.595,17.635,17.525,17.525,185355.0,,17.71592252305074,17.571393470109452,17.252852487601036,17.06309951225667,17.96916339088179,,,,,17.026529352966012,17.158685478415276,17.475500303177995,17.6154208022534,17.65958854030659,17.944024881121774,18.247305575750826,17.64440798083563,"rgba(239, 83, 80, 1.0)",0.0,0.0,0.19272507609210293,17.570686636007956,-0.237056001919147,45.2793135215773,5.580868852190733,False,False,False,True,False,0.0,17.7268,17.4052,0.0,0.0,0.0,0.0,0,0.978286045165026,0.9114070642733062,False,False,False,False,0.16440521774733574,0.1765580807657463,False,False,False,False,-677733.0,-813172.9703058031,False,False,False,False,90785.75616069634,False,False,False,False
2025-06-05 14:00:00+00:00,17.555,17.65,17.475,17.65,59157.0,,17.715164377685458,17.57149354088307,17.253878413094455,17.06426443334205,17.968725712298006,,,,,17.02780136834178,17.15958269053349,17.475671850130144,17.61538875264971,17.659498546421325,17.943612894402214,18.24662815565043,17.64255945616533,"rgba(239, 83, 80, 1.0)",0.0,0.0,0.19198988805889836,17.569843329974752,0.4175046448313787,46.16779092467877,5.580868852190733,False,False,False,True,False,0.0,17.722,17.407125,0.0,0.0,0.0,0.0,0,0.9777585210860773,0.911900635470826,False,False,False,False,0.15902282635850484,0.16779045356212557,False,False,False,False,-618576.0,-810155.9630142403,False,False,False,False,90295.38784812742,False,False,False,False
2025-06-05 15:00:00+00:00,17.645,17.795,17.635,17.77,174884.0,,17.7154862960005,17.573821217470105,17.258132199213506,17.068595458382426,17.967921644970957,,,,,17.032464941443706,17.163076030837342,17.476791814509415,17.615857324884207,17.65978662470607,17.942888556447517,18.245065081223807,17.66034999444222,"rgba(239, 83, 80, 1.0)",0.0,0.0,0.19129942098244662,17.574391341980427,1.0225261373766616,49.30474612729826,5.580868852190733,False,False,False,False,True,2.1620620746828436,17.7207,17.40965,0.0,0.0,0.0,0.0,0,0.990451388888889,0.9030671296296294,False,False,False,False,0.1368656012871814,0.15232802742465348,False,False,False,False,-443692.0,-804474.3511845621,False,False,False,False,91606.83919931923,False,False,False,False
2025-06-05 16:00:00+00:00,17.765,17.77,17.62,17.675,65824.0,,17.71530641698071,17.574437781635552,17.259564010453186,17.070101736755543,17.967562644338475,,,,,17.034092639480825,17.16427699453477,17.477137335617172,17.615965537550217,17.659828485014412,17.942558948496472,18.24442770557635,17.65993725396136,"rgba(239, 83, 80, 1.0)",0.0,0.0,0.18994574853662177,17.57507620883927,0.5260648997440699,49.25586493437251,5.580868852190733,False,False,False,False,True,0.08984845477094439,17.7175,17.414350000000002,0.0,0.0,0.0,0.0,0,0.986069049061175,0.9218655360387643,False,False,False,False,0.12497760591544044,0.13865281667004697,False,False,False,False,-509516.0,-799901.3534917781,False,False,False,False,91207.10525824451,False,False,False,False
2025-06-05 17:00:00+00:00,17.675,17.73,17.64,17.71,58056.0,,17.7151787769213,17.574999731749546,17.260833598724574,17.071434888278006,17.96725243036709,,,,,17.03553248006526,17.165341744476457,17.47744833839142,17.616067287769937,17.65987176185562,17.9422746493943,18.243871801333995,17.660305020614096,"rgba(239, 83, 80, 1.0)",0.0,0.0,0.18546940691297348,17.575715933232487,0.7240227323880026,49.99765016637801,5.580868852190733,False,False,False,False,True,0.8385816518894806,17.715,17.420550000000002,0.0,0.0,0.0,0.0,0,0.9844843322178277,0.9233343474292668,False,False,False,False,0.10193860113494489,0.12029570890249594,False,False,False,False,-451460.0,-794499.1619647738,False,False,False,False,90693.13463408568,False,False,False,False
2025-06-05 18:00:00+00:00,17.715,17.725,17.615,17.66,61122.0,,17.714883894642405,17.575453610250914,17.26208030959903,17.072772375516653,17.96689486996677,,,,,17.036980401741292,17.166401720938964,17.477734474734756,17.6161372510004,17.659880989514622,17.941944048680178,18.243259459869364,17.659548812223512,"rgba(239, 83, 80, 1.0)",0.0,0.0,0.18168463420458694,17.57596457466651,0.46253457647310375,49.31820693950456,5.580868852190733,False,False,False,False,True,0.0,17.7115,17.426475,0.0,0.0,0.0,0.0,0,0.9747336377473362,0.9290715372907152,False,False,False,False,0.09337984688496997,0.10683777789373296,False,False,False,False,-512582.0,-790128.3532521416,False,False,False,False,90234.66743045645,False,False,False,False
2025-06-05 19:00:00+00:00,17.665,17.73,17.625,17.675,143792.0,,17.714345093586726,17.576618999577548,17.26505500943951,17.075947874103456,17.966084946220253,,,,,17.040414319815294,17.168927265066586,17.478439670651564,17.61633350473166,17.659934445817157,17.941197555997878,18.241848907685213,17.6596377771719,"rgba(239, 83, 80, 1.0)",0.0,0.0,0.17722747128005822,17.576849767990048,0.5538093575507497,49.25672547330767,5.580868852190733,False,False,False,False,True,0.07884177905057044,17.708299999999998,17.432675,0.0,0.0,0.0,0.0,0,0.9741484184914841,0.9282238442822384,False,False,False,False,0.07555219760134427,0.09119498774753862,False,False,False,False,-368790.0,-783595.975682341,False,False,False,False,91065.01367184472,False,False,False,False
2025-06-06 14:00:00+00:00,17.915,18.035,17.865,17.965,147711.0,,17.717780653089903,17.581042185788526,17.27010314985579,17.080670723906376,17.966053259812135,,,,,17.045430083946695,17.172903733631724,17.480168778580506,17.617457741299162,17.660896585729034,17.941237339758622,18.241117195672107,17.683433634223864,"rgba(239, 83, 80, 1.0)",0.0,0.0,0.17377045540286215,17.58625526009861,2.1795692427882707,54.79815904611527,5.580868852190733,True,False,True,False,True,6.033908680660346,17.710900000000002,17.440025000000002,0.0,0.0,0.0,0.0,0,0.9763922518159807,0.9273607748184018,False,False,False,False,0.2297482253238767,0.16047160653570766,False,False,False,False,-221079.0,-774874.7822609094,False,False,False,False,91943.24601801767,False,False,False,False
2025-06-06 15:00:00+00:00,17.965,18.02,17.945,18.0,83976.0,,17.719958796190127,17.58373109739821,17.27307837737482,17.083434684147274,17.966089408553856,,,,,17.048360776280997,17.175242120879425,17.481214837174516,17.618156355204306,17.66150246365899,17.941314388414366,18.240751138166303,17.69608273615474,"rgba(239, 83, 80, 1.0)",0.0,0.0,0.17216101304929984,17.591698173497882,2.3716276947394426,58.979100270870816,1.9761644227166713,True,False,True,False,True,6.702454579023975,17.7142,17.447175,0.0,0.0,0.0,0.0,0,0.98098742716958,0.9279362158846978,False,False,False,False,0.231762292986155,0.19611694976093133,False,False,False,False,-137103.0,-764986.8476522132,False,False,False,False,91819.72282393987,False,False,False,False
2025-06-06 16:00:00+00:00,18.005,18.04,17.935,17.965,118435.0,,17.722878227767314,17.587386720560474,17.277184413768655,17.087268691947283,17.966121166646147,,,,,17.052426858359237,17.17848377861125,17.48265871695036,17.619115098997103,17.66233146797458,17.94140344264416,18.24021968500102,17.751176031121418,"rgba(239, 83, 80, 1.0)",0.0,0.0,0.16841264744539303,17.639590067098318,1.932217905470516,60.7354486358808,3.8378071089632044,True,False,True,False,True,5.90219689093195,17.7148,17.452575,0.0,0.0,0.0,0.0,0,0.9764447236180904,0.9535175879396984,False,False,False,False,0.23524551907711216,0.21568123441902176,False,False,False,False,-255538.0,-757088.4159056672,False,False,False,False,92232.36278015786,False,False,False,False
2025-06-06 17:00:00+00:00,17.965,18.01,17.94,17.97,67658.0,,17.72447428573043,17.58940999610181,17.279486672468092,17.089428006445225,17.96613056058254,,,,,17.054717206665202,17.180308630947035,17.48346880568112,17.6196504452355,17.66279321862355,17.9414453770855,18.23990930132566,17.757689082644582,"rgba(239, 83, 80, 1.0)",0.0,0.0,0.1688806017794943,17.642953146483933,1.936556656418644,61.99366791369326,5.313498485662514,True,False,True,False,True,6.0007148092946565,17.7155,17.4575,0.0,0.0,0.0,0.0,0,0.9734008866371122,0.9569347688410382,False,False,False,False,0.22654776707951021,0.22111450074926597,False,False,False,False,-187880.0,-748263.4792249593,False,False,False,False,91851.36490759726,False,False,False,False
2025-06-06 18:00:00+00:00,17.975,17.985,17.93,17.94,75079.0,,17.72606961930447,17.591505190763677,17.281944469336295,17.091753442736373,17.96610968497396,,,,,17.057185838735233,17.182268798045136,17.48432500095259,17.620206342728935,17.663268374963025,17.94146025170876,18.239537791815543,17.76304696350575,"rgba(239, 83, 80, 1.0)",0.0,0.0,0.1689513763403958,17.645926942138733,1.7405780540596676,61.81907541652592,5.527835659187254,True,False,True,False,True,5.299759377100386,17.7142,17.462474999999998,0.0,0.0,0.0,0.0,0,0.9633991088478677,0.9633991088478674,False,False,False,False,0.21442698305063007,0.21777074189994802,False,False,False,False,-262959.0,-740739.3787718591,False,False,False,False,91591.32824236319,False,False,False,False
2025-06-06 19:00:00+00:00,17.94,17.95,17.855,17.92,250384.0,,17.73024016699036,17.59750065412312,17.289490676774864,17.099032498335255,17.965832922786305,,,,,17.064927127713393,17.188370280830725,17.486895191558308,17.621806229388135,17.664605347222803,17.94130025656795,18.238120258599746,17.800738495382248,"rgba(239, 83, 80, 1.0)",0.0,0.0,0.16881977703119858,17.652719652020835,1.5832288886969226,61.00317077628871,5.527835659187254,True,False,True,False,True,4.829811896681562,17.7116,17.4682,0.0,0.0,0.0,0.0,0,0.9561208267090622,0.964705882352941,False,False,False,False,0.17671681064839187,0.19724377627416995,False,False,False,False,-513343.0,-737213.8535195822,False,False,False,False,94053.23013007849,False,False,False,False
2025-06-09 14:00:00+00:00,17.935,18.01,17.905,17.985,34224.0,,17.730977318949346,17.59845306210508,17.290603934970758,17.100088363255864,17.96583346832961,,,,,17.06604675685118,17.189263238376874,17.487292373848174,17.622067772536457,17.66483042714461,17.941316991438185,18.237961549120982,17.803924112333576,"rgba(239, 83, 80, 1.0)",0.0,0.0,0.17071241820522765,17.65425970551866,1.9374120404277246,61.962085333458816,6.4969622955171005,True,False,True,False,True,6.165782031178672,17.711000000000002,17.473625,0.0,0.0,0.0,0.0,0,0.9621260343730109,0.9605346912794396,False,False,False,False,0.21442698305063246,0.2058353796624012,False,False,False,False,-479119.0,-733212.3829223793,False,False,False,False,93125.64516682146,False,False,False,False
2025-06-09 15:00:00+00:00,17.985,17.995,17.92,17.98,66258.0,,17.732381466479396,17.60027475304412,17.292743556105,17.102121324065433,17.965832413837305,,,,,17.068202490141527,17.19098250854829,17.488056789688358,17.62257055327568,17.665262831237985,17.94134720162596,18.23765292846176,17.809260008419457,"rgba(239, 83, 80, 1.0)",0.0,0.0,0.17247961101522555,17.657112566950552,1.872032474730858,62.39882373781479,7.369203047441026,True,False,True,False,True,6.0446666998917955,17.7121,17.478675,0.0,0.0,0.0,0.0,0,0.9603707254713968,0.9651645893256628,False,False,False,False,0.21442698305063246,0.21013118135651682,False,False,False,False,-545377.0,-730300.2064429626,False,False,False,False,92709.09252857615,False,False,False,False
2025-06-09 16:00:00+00:00,17.975,17.98,17.92,17.95,73769.0,,17.733825557974644,17.60219922339034,17.295057010395233,17.104334375549186,17.965810143556087,,,,,17.070550524204826,17.19285080931392,17.488878310608783,17.623104152646928,17.665718770391205,17.941359472976412,18.237291284228085,17.813578189471315,"rgba(239, 83, 80, 1.0)",0.0,0.0,0.17378061659014313,17.65988060685904,1.6694577268372652,61.417551423663966,7.369203047441026,True,False,True,False,True,5.3109538875458675,17.7137,17.481975,0.0,0.0,0.0,0.0,0,0.9762214983713359,0.95700325732899,False,False,False,False,0.20281451842514148,0.20647284989082915,False,False,False,False,-619146.0,-728576.8854128391,False,False,False,False,92415.44768317186,False,False,False,False
2025-06-09 17:00:00+00:00,17.945,18.0,17.92,17.925,79753.0,,17.735353512470162,17.60424626055217,17.297533557524975,17.10670929600042,17.965783606427546,,,,,17.07307021521041,17.194855920121594,17.489759992609308,17.623676152241053,17.66620717439363,17.941370149178564,18.236899063419642,17.817708688267313,"rgba(239, 83, 80, 1.0)",0.0,0.0,0.17469084661664402,17.662735270703777,1.5013077924555416,59.702441565067005,7.369203047441026,True,False,True,False,False,4.697419932937603,17.715700000000002,17.485725,0.0,0.0,0.0,0.0,0,0.9717477003942186,0.9572930354796317,False,False,False,False,0.19987175162070803,0.2031723007557686,False,False,False,False,-698899.0,-728116.7631583766,False,False,False,False,92219.13066482812,False,False,False,False
2025-06-09 18:00:00+00:00,17.925,17.95,17.9,17.905,67156.0,,17.736444478585923,17.605802626833956,17.29950895677251,17.10862784119414,17.96572301469953,,,,,17.075108390121056,17.19646919071169,17.490451394746938,17.624111883121085,17.666573535069137,17.941340491011825,18.23653536892496,17.81960241558229,"rgba(239, 83, 80, 1.0)",0.0,0.0,0.17517103610939788,17.664603895166252,1.3723507617070725,57.69685376888687,7.369203047441026,True,False,True,False,False,4.203482424268586,17.7166,17.488975,0.0,0.0,0.0,0.0,0,0.9608294930875577,0.9614878209348252,False,False,False,False,0.17277533798706513,0.18797381937141686,False,False,False,False,-766055.0,-728704.9528768513,False,False,False,False,91830.55499560598,False,False,False,False
2025-06-09 19:00:00+00:00,17.905,17.91,17.69,17.69,301097.0,,17.737144554160647,17.609226404270547,17.306033142608737,17.11549387813056,17.96457087475773,,,,,17.08246930054019,17.20208047680546,17.4924110151679,17.625028861592803,17.667199842070115,17.94031889006638,18.23412552712154,17.80791876420255,"rgba(239, 83, 80, 1.0)",0.0,0.0,0.17514812264084542,17.688574380158016,0.008139509693223627,49.966190313074264,4.727833474427555,False,False,False,False,False,0.0,17.713800000000003,17.49145,0.0,0.0,0.0,0.0,0,0.9467146126185032,0.9673095782935598,False,False,False,False,0.07774830154440925,0.13286106045791304,False,False,False,False,-1067152.0,-733952.1939175203,False,False,False,False,95074.99600342604,False,False,False,False
2025-06-10 14:00:00+00:00,17.875,17.91,17.785,17.8,104815.0,,17.73799354813831,17.610896715025643,17.308594389632503,17.118098906046974,17.964308021825165,,,,,17.085248376432993,17.20424250659656,17.49325698903857,17.6255015611085,17.667569593750834,17.940102253051325,18.23341331198588,17.809668265624257,"rgba(239, 83, 80, 1.0)",0.0,0.0,0.17475187042193233,17.690786398846893,0.62496384667824,48.53619609952711,3.57878417829626,False,False,False,True,False,1.600930394264772,17.7149,17.494925000000002,0.0,0.0,0.0,0.0,0,0.9486011711125573,0.9616135328562132,False,False,False,False,0.11360228476159435,0.1232316726097537,False,False,False,False,-962337.0,-737493.0436242255,False,False,False,False,95226.00381732642,False,False,False,False
2025-06-10 15:00:00+00:00,17.795,17.94,17.765,17.925,113025.0,,17.7393237833147,17.61303142276214,17.311563642055468,17.121062644698394,17.9641215088576,,,,,17.08840140300729,17.20672332874515,17.494285189470283,17.62611959996012,17.6680752778549,17.939966157059214,18.23273383818263,17.81407736062964,"rgba(239, 83, 80, 1.0)",0.0,0.0,0.17475187042193233,17.69420453000379,1.3207038610743447,50.82453159089401,3.57878417829626,False,False,False,False,True,4.240018515315011,17.7182,17.499175,0.0,0.0,0.0,0.0,0,0.9475897767712718,0.9563248139760593,False,False,False,False,0.07681735342391427,0.10002451301683399,False,False,False,False,-849312.0,-739226.6708548577,False,False,False,False,95501.95724651514,False,False,False,False
2025-06-10 16:00:00+00:00,17.925,17.98,17.895,17.93,96660.0,,17.74091598539799,17.61522799385187,17.314338053824553,17.12377321129294,17.964068603896788,,,,,17.09127611385377,17.20901394782317,17.49529362872972,17.626768243549854,17.66862620620339,17.939957061927416,18.23224965861407,17.820343310199533,"rgba(239, 83, 80, 1.0)",0.0,0.0,0.17535862866821347,17.69824337427353,1.321615180767425,52.468892051307236,3.57878417829626,False,False,True,False,True,4.343711189571948,17.7223,17.5012,0.0,0.0,0.0,0.0,0,0.9539693128752506,0.9723148765843894,False,False,False,False,0.15341452198619387,0.12671951750151395,False,False,False,False,-752652.0,-739434.8154927668,False,False,False,False,95519.91139773196,False,False,False,False
2025-06-10 17:00:00+00:00,17.935,17.99,17.915,17.975,77898.0,,17.74234327385701,17.617113213860712,17.316645378621985,17.126011461841912,17.96406265588147,,,,,17.093646892883772,17.210912700615133,17.49614899106257,17.627331242146983,17.669110060429592,17.939986600460813,18.23189332538282,17.82572139426927,"rgba(239, 83, 80, 1.0)",0.0,0.0,0.17688745340164524,17.701660072115946,1.545275951615421,54.66908008682849,-0.7295100733804887,False,False,True,False,True,5.2819684097301405,17.7297,17.503275000000002,0.0,0.0,0.0,0.0,0,0.9600805098960083,0.962428715196243,False,False,False,False,0.16709340969375588,0.14690646359763493,False,False,False,False,-674754.0,-738432.0121517937,False,False,False,False,95246.70346908497,False,False,False,False
2025-06-10 18:00:00+00:00,17.975,18.015,17.95,18.01,76906.0,,17.743936632871,17.619124341255432,17.319018529785286,17.12829294551606,17.96410243969414,,,,,17.096059911048673,17.212856726112175,17.49704781798655,17.627937939987056,17.669638010055515,17.9400616854434,18.23158330997784,17.831696404495375,"rgba(239, 83, 80, 1.0)",0.0,0.0,0.1789213174487217,17.70536403140508,1.7026253379909884,56.97458283957543,1.5215947007158235,True,False,True,False,True,6.009065778951161,17.7378,17.505025,0.0,0.0,0.0,0.0,0,0.9696969696969703,0.9505050505050503,False,False,False,False,0.1946435595171748,0.17077501155740488,False,False,False,False,-597848.0,-736252.415064169,False,False,False,False,94962.3514773162,False,False,False,False
2025-06-10 19:00:00+00:00,18.015,18.04,17.95,17.985,204771.0,,17.748081491234952,17.62437537293478,17.32525670602841,17.134309425394992,17.964207811607256,,,,,17.10242206474688,17.21798602158826,17.499425223824755,17.62954353328248,17.67103534563503,17.940260548021243,18.230761746846575,17.844923752932477,"rgba(239, 83, 80, 1.0)",0.0,0.0,0.18034069359275076,17.71407247736388,1.5023094191260693,57.5452490665165,2.2184991241807666,True,False,True,False,True,5.397929298891395,17.7447,17.507225,0.0,0.0,0.0,0.0,0,0.9686657681940706,0.9484501347708895,False,False,False,False,0.20620712827346208,0.18849106991543346,False,False,False,False,-802619.0,-737281.3543654997,False,False,False,False,96664.81114433456,False,False,False,False
2025-06-11 14:00:00+00:00,18.175,18.185,18.065,18.075,56190.0,,17.74972790305505,17.62623999461235,17.327244451322073,17.136168403069664,17.964358838814316,,,,,17.10437906691324,17.219592193757247,17.500227275911485,17.63012278546091,17.67155541043099,17.940438085654037,18.230646813654236,17.850934384727616,"rgba(38, 166, 154, 1.0)",0.0,0.0,0.1832464986814981,17.717645070764192,1.950132372553149,60.130714531626474,4.839280486248455,True,False,True,False,True,7.274787179378514,17.7537,17.510025,0.0,0.0,0.0,0.0,0,0.9671801741460151,0.9420629604822506,False,False,False,False,0.33040963205133356,0.25945035098338354,False,False,False,False,-746429.0,-737423.1783288252,False,False,False,False,96037.29469248441,False,False,False,False
2025-06-11 15:00:00+00:00,18.075,18.14,18.035,18.125,34641.0,,17.75071202132063,17.627362639821992,17.328451850552177,17.137301133078633,17.964446409089394,,,,,17.10557178130938,17.220570253052163,17.500713925532626,17.63047298434684,17.67186930783876,17.940541927147866,18.230571244914202,17.85433619745693,"rgba(38, 166, 154, 1.0)",0.0,0.0,0.18714926354810024,17.7197132217727,2.165580406481989,62.90653444938347,7.571777948097811,True,False,True,False,True,8.294487075524149,17.7626,17.51275,0.0,0.0,0.0,0.0,0,0.968424588511925,0.9445750755794424,False,False,False,False,0.2937204112146816,0.2765853810990326,False,False,False,False,-711788.0,-737025.7337035721,False,False,False,False,95085.41415461643,False,False,False,False
2025-06-11 16:00:00+00:00,18.125,18.19,18.085,18.17,62593.0,,17.752720409090117,17.629583786350036,17.33076003657799,17.13944355161307,17.964660671053952,,,,,17.107824068362763,17.2224288398101,17.501662013478857,17.631169440720058,17.67249922578549,17.940785985808233,18.230485383682797,17.861448082260456,"rgba(38, 166, 154, 1.0)",0.0,0.0,0.19236910841822788,17.72394714190376,2.318734342348158,65.64382048459558,10.220999268059238,True,False,True,False,True,9.204266608718541,17.7756,17.516475,0.0,0.0,0.0,0.0,0,0.9688569472963727,0.95927446954141,False,False,False,False,0.34282815466354344,0.30970676788128804,False,False,False,False,-649195.0,-735664.0169019663,False,False,False,False,94581.65579563013,False,False,False,False
2025-06-11 17:00:00+00:00,18.165,18.25,18.165,18.225,150370.0,,17.758242599021965,17.635502132162138,17.336688997570768,17.144882679009925,17.96535480573473,,,,,17.113530818678107,17.227174841666205,17.504156142761417,17.63304426719379,17.6742115114067,17.94155285331215,18.230442470711537,17.880650058216695,"rgba(38, 166, 154, 1.0)",0.0,0.0,0.19887449072923813,17.73532333027311,2.4622397167747914,68.46909706659316,12.924299622758085,True,False,True,False,True,10.304718700111664,17.7914,17.520575,0.0,0.0,0.0,0.0,0,0.9642365887207706,0.9642365887207706,False,False,False,False,0.3428281632575477,0.3262674655694179,False,False,False,False,-498825.0,-731992.0941593001,False,False,False,False,95446.59136469012,False,False,False,False
2025-06-11 18:00:00+00:00,18.225,18.3,18.155,18.205,178398.0,,17.76471826191415,17.642449061106774,17.343673293598393,17.15130441310311,17.96619531810626,,,,,17.120265901758618,17.232784505680776,17.507120186415822,17.63527832182166,17.67625389389773,17.942479261955715,18.230411566518875,17.90075139272429,"rgba(38, 166, 154, 1.0)",0.0,0.0,0.20448731760873204,17.74776586428581,2.2360024135534124,69.34514230198317,13.856467446891308,True,False,True,False,True,9.778579363029639,17.808,17.5244,0.0,0.0,0.0,0.0,0,0.955806783144913,0.9643713600548136,False,False,False,False,0.3428281654475256,0.33454781550847174,False,False,False,False,-677223.0,-731142.9609165202,False,False,False,False,96732.65971562515,False,False,False,False
2025-06-11 19:00:00+00:00,18.205,18.29,18.17,18.25,150201.0,,17.770225703426362,17.64833633186873,17.349578818045625,17.156735358478816,17.966944879994287,,,,,17.125958185841913,17.237537513739873,17.50965467715691,17.637199363480402,17.678013994252993,17.9433010350226,18.230427113657047,17.916424063455302,"rgba(38, 166, 154, 1.0)",0.0,0.0,0.2110641634215368,17.75780588931688,2.33196437852934,70.83056279037635,15.448811337444496,True,False,True,False,True,10.689263235319373,17.8246,17.529075,0.0,0.0,0.0,0.0,0,0.9552136752136756,0.9668376068376071,False,False,False,False,0.34282816571389635,0.33868799061118404,False,False,False,False,-527022.0,-727978.294855799,False,False,False,False,97561.62623166197,False,False,False,False
2025-06-12 14:00:00+00:00,18.23,18.375,18.23,18.325,45697.0,,17.7721353072408,17.65032477664117,17.351507292605984,17.158488366552973,17.967233880753117,,,,,17.127792083810537,17.23908012911743,17.51049970542272,17.637852586037546,17.678617299287637,17.943612409813834,18.230487240428236,17.921960591316,"rgba(38, 166, 154, 1.0)",0.0,0.0,0.21952616868722433,17.761291597287155,2.5678414837003003,73.12418144432849,17.796769161501103,True,False,True,False,True,12.180996277723462,17.8408,17.53385,0.0,0.0,0.0,0.0,0,0.9595925297113755,0.9582342954159596,False,False,False,False,0.342828172800241,0.34075808170571253,False,False,False,False,-481325.0,-724154.2127650114,False,False,False,False,96757.52349938813,False,False,False,False
2025-06-12 15:00:00+00:00,18.325,18.37,18.295,18.37,56863.0,,17.77464613856753,17.652912865006297,17.353983432505935,17.160728368236004,17.967629470601054,,,,,17.130133500798507,17.241056027737297,17.511594650127925,17.63870588741144,17.67940794095597,17.944036073408274,18.23059481028144,17.929242216360315,"rgba(38, 166, 154, 1.0)",0.0,0.0,0.2289029260391911,17.765859151190057,2.639288449753183,75.33321588987613,20.032773722673937,True,False,True,False,True,13.060625431843057,17.858900000000002,17.5385,0.0,0.0,0.0,0.0,0,0.9639210347174952,0.9628999319264807,False,False,False,False,0.34282817541192556,0.34179312855881905,False,False,False,False,-424462.0,-719507.8218694298,False,False,False,False,96139.00375521157,False,False,False,False
2025-06-12 16:00:00+00:00,18.365,18.425,18.345,18.35,170906.0,,17.782430254159518,17.6608905125782,17.361562576509957,17.167570098101397,17.96890236997259,,,,,17.137279761113152,17.247103800283995,17.514979656623492,17.641360584303165,17.68187369842979,17.945393659243848,18.230996676036057,17.950944547264136,"rgba(38, 166, 154, 1.0)",0.0,0.0,0.2370813142137192,17.779669697722372,2.405631604368024,75.6426543670119,20.540546912784336,True,False,True,False,True,12.504935502994865,17.8748,17.54365,0.0,0.0,0.0,0.0,0,0.9720040969614205,0.9556162512803005,False,False,False,False,0.34282817960150286,0.3423106540801609,False,False,False,False,-595368.0,-717583.1734683533,False,False,False,False,97298.18199156488,False,False,False,False
2025-06-12 17:00:00+00:00,18.35,18.4,18.35,18.37,60743.0,,17.785148333810664,17.66368351829492,17.36422926176571,17.16998321029839,17.969352859014833,,,,,17.139799918912257,17.249237753108208,17.516176350895787,17.64229949481074,17.682745856501576,17.945874103281586,18.231138961696516,17.958082492143845,"rgba(38, 166, 154, 1.0)",0.0,0.0,0.24506630836418727,17.784334058542708,2.389826432554526,76.2202008006936,21.391357217570743,True,False,True,False,True,12.904772436040204,17.8908,17.549175,0.0,0.0,0.0,0.0,0,0.9712328767123292,0.9565068493150688,False,False,False,False,0.3353650771247318,0.33883786560244633,False,False,False,False,-534625.0,-714746.6126393866,False,False,False,False,96731.4349839437,False,False,False,False
2025-06-12 18:00:00+00:00,18.375,18.39,18.33,18.36,123627.0,,17.79048011005686,17.669195327425836,17.369542296611602,17.174810688225104,17.970236463951714,,,,,17.144842352171647,17.25350477175978,17.518563915690056,17.64416827113894,17.684479994603077,17.946818204435754,18.231400599448627,17.97132232451002,"rgba(38, 166, 154, 1.0)",0.0,0.0,0.25237996879388974,17.793221469585266,2.2457350047364604,75.94205329757179,21.45343758496867,True,False,True,False,True,12.61876439720649,17.9071,17.554775000000003,0.0,0.0,0.0,0.0,0,0.9718889269797737,0.9537195749057252,False,False,False,False,0.3242372981965642,0.3315375818995053,False,False,False,False,-658252.0,-713870.7271721093,False,False,False,False,97148.42048806862,False,False,False,False
2025-06-12 19:00:00+00:00,18.365,18.455,18.36,18.455,228933.0,,17.801166186209556,17.680089985255627,17.37985239696355,17.184119803818604,17.972126387901106,,,,,17.15455172222533,17.261767856291236,17.523279840412815,17.647907220327927,17.68796682581164,17.948821422952587,18.23211954014593,17.997272461944128,"rgba(38, 166, 154, 1.0)",0.0,0.0,0.2616873005000435,17.81072103015419,2.4620184801275826,77.52529137677902,23.275642321891937,True,False,True,False,True,14.52611778617377,17.9251,17.560675,0.0,0.0,0.0,0.0,0,0.9746053534660263,0.9509265614275911,False,False,False,False,0.3428281812640335,0.3371828815817694,False,False,False,False,-429319.0,-709459.0724872703,False,False,False,False,99191.59226344738,False,False,False,False
2025-06-13 14:00:00+00:00,18.41,18.55,18.4,18.4,78917.0,,17.80492101664225,17.683905099136947,17.383449492617856,17.187365082244416,17.972812514854404,,,,,17.157934240646256,17.264654061850347,17.524941951726134,17.649231833473507,17.68920448990952,17.949546655683168,18.232400512800503,18.0764245213659,"rgba(38, 166, 154, 1.0)",0.0,0.0,0.26852159474910814,17.878825229311133,1.9409044966227875,75.26929555156492,23.275642321891937,True,False,True,False,False,12.937697980010242,17.9439,17.56605,0.0,0.0,0.0,0.0,0,0.973009907755381,0.9473864024598565,False,False,False,False,0.34282818583599306,0.3400055337088812,False,False,False,False,-508236.0,-706339.3349293282,False,False,False,False,98877.257499673,False,False,False,False
2025-06-13 15:00:00+00:00,18.405,18.435,18.365,18.395,56768.0,,17.807381057330865,17.68644264485916,17.38589747815341,17.189594158783684,17.973251547640025,,,,,17.160259651048182,17.266631445910242,17.526067316907586,17.65012067131038,17.690032012756248,17.95001332156311,18.23255429582983,18.07845700817151,"rgba(38, 166, 154, 1.0)",0.0,0.0,0.27528650104466756,17.881114244097766,1.8667306749590713,73.472012689275,23.275642321891937,True,False,True,False,False,12.793201367293463,17.9618,17.5717,0.0,0.0,0.0,0.0,0,0.9665517241379311,0.9668965517241381,False,False,False,False,0.2922088948051917,0.3161072142570365,False,False,False,False,-565004.0,-704148.0894265479,False,False,False,False,98224.4007942517,False,False,False,False
2025-06-13 16:00:00+00:00,18.395,18.395,18.225,18.225,60432.0,,17.809464956318166,17.68868477116644,17.388191715077163,17.19172994059793,17.973589922765452,,,,,17.16249321783498,17.26851266622621,17.527102326137967,17.650917384497742,17.69076607458488,17.950380040528067,18.232602702156523,18.07605050810827,"rgba(38, 166, 154, 1.0)",0.0,0.0,0.27856089311123666,17.881120180174236,1.2344870666696404,64.76607828380665,19.545058457523027,True,False,True,False,False,8.058222469463097,17.9752,17.576675,0.0,0.0,0.0,0.0,0,0.9742070407807603,0.9686301847333568,False,False,False,False,0.23330971098627903,0.27470846262165777,False,False,False,False,-625436.0,-702927.7469548185,False,False,False,False,97638.47209976718,False,False,False,False
2025-06-13 17:00:00+00:00,18.225,18.285,18.205,18.275,64406.0,,17.811541538019174,17.690949192355102,17.39055132773272,17.193941527899433,17.97391858836957,,,,,17.164807403839333,17.270457365427532,17.528163407756455,17.65172847479693,17.691511190248757,17.950738595058823,18.23262620445044,18.075045251166756,"rgba(38, 166, 154, 1.0)",0.0,0.0,0.2827819011241047,17.88186642669993,1.3902359795209616,60.653337205171596,16.08462995005914,False,False,True,False,False,9.124514101262534,17.9859,17.582275000000003,0.0,0.0,0.0,0.0,0,0.9730769230769232,0.9706293706293707,False,False,False,False,0.1917608201463349,0.23323464138399633,False,False,False,False,-561030.0,-700727.7818857514,False,False,False,False,97123.23997418939,False,False,False,False
2025-06-13 18:00:00+00:00,18.275,18.305,18.225,18.295,42601.0,,17.812965946677714,17.692489813874094,17.392140981292787,17.19542680013791,17.974150999353874,,,,,17.166360712815017,17.271765513306157,17.528882821888306,17.65228151676832,17.692020417115852,17.950990854595275,18.232655594758025,18.07579564091177,"rgba(38, 166, 154, 1.0)",0.0,0.0,0.28719754948848814,17.883083255527367,1.4342627407729516,58.57062751435046,14.410419564074175,False,False,True,False,False,9.550036168589191,17.9943,17.58795,0.0,0.0,0.0,0.0,0,0.970968870234348,0.9699195522910111,False,False,False,False,0.20446921862165957,0.21885193000282793,False,False,False,False,-518429.0,-697901.4441820963,False,False,False,False,96277.93392807792,False,False,False,False
2025-06-13 19:00:00+00:00,18.295,18.39,18.28,18.325,173684.0,,17.8193850239133,17.699290625678707,17.398975496853442,17.201755886908572,17.975272612717067,,,,,17.17297022211863,17.27736301453133,17.532023256516045,17.654730402972653,17.69428827654341,17.952194427389202,18.23293478753988,18.085586461258487,"rgba(38, 166, 154, 1.0)",0.0,0.0,0.29206607915736393,17.891606248496956,1.4838893744642383,58.17831194795142,14.085183427421242,False,False,True,False,False,10.190803082737574,18.0025,17.59355,0.0,0.0,0.0,0.0,0,0.9721059972106001,0.9654811715481173,False,False,False,False,0.24949552648999693,0.23417372824641242,False,False,False,False,-344745.0,-692426.1504738467,False,False,False,False,97478.02797570461,False,False,False,False
2025-06-16 14:00:00+00:00,18.34,18.385,18.11,18.135,147536.0,,17.823448533306784,17.703865131324644,17.40395625989396,17.20650404146016,17.975896482896367,,,,,17.17794268171303,17.281528213346345,17.53426870635257,17.656425392066676,17.695836791707638,17.952884957716268,18.232879983279798,18.086122134463654,"rgba(239, 83, 80, 1.0)",0.0,0.0,0.2936039957256506,17.894525985818238,0.8190420351311151,51.82657628096676,8.175277302993756,False,True,False,False,False,5.121524673399758,18.0073,17.598625,0.0,0.0,0.0,0.0,0,0.9598352214212154,0.9663577068314453,False,False,False,False,0.19334594673610236,0.21375983749125738,False,False,False,False,-492281.0,-689323.1248851048,False,False,False,False,98254.12056522856,False,False,False,False
2025-06-16 15:00:00+00:00,18.135,18.235,18.115,18.17,70763.0,,17.82518563060058,17.70587340528932,17.406215862208576,17.20868294160955,17.976147853001574,,,,,17.180226619057198,17.283434428887308,17.535282272804746,17.657181091441842,17.696523483582443,17.953167802396603,18.232811814158396,18.08585500270236,"rgba(239, 83, 80, 1.0)",0.0,0.0,0.2951530676328736,17.895590006898743,0.9297209590333094,48.847944730537286,5.523331773962738,False,True,False,True,False,5.894480253543129,18.012700000000002,17.604275,0.0,0.0,0.0,0.0,0,0.9689548120041394,0.9772335288030356,False,False,False,False,0.1477320613408355,0.18074594941604644,False,False,False,False,-421518.0,-685171.1074450256,False,False,False,False,97827.90164173664,False,False,False,False
2025-06-16 16:00:00+00:00,18.165,18.185,18.11,18.17,42975.0,,17.826177080555752,17.707037178608253,17.407549030968536,17.209976362435036,17.976286035662028,,,,,17.181583054655764,17.28456435062285,17.535878611381584,17.657622693891064,17.696923556621975,17.953324948254366,18.232757753203156,18.08554044761229,"rgba(239, 83, 80, 1.0)",0.0,0.0,0.2966759083484158,17.896136578116142,0.9231063735793301,46.8621903635843,3.6782164156630515,False,True,False,True,False,5.894480253543129,18.0146,17.611900000000002,0.0,0.0,0.0,0.0,0,0.9639764461378596,0.9812954624177349,False,False,False,False,0.1305985328513788,0.1556722411337126,False,False,False,False,-421518.0,-681083.4623683585,False,False,False,False,96977.4690581438,False,False,False,False
2025-06-16 17:00:00+00:00,18.165,18.2,18.09,18.12,76339.0,,17.827826252476722,17.709005653436993,17.409847746857505,17.21222083978998,17.976505845062302,,,,,17.18393807843359,17.28652216551679,17.536903812640567,17.65837636564745,17.697604136566543,17.953578171822784,18.232639308347036,18.084725460965522,"rgba(239, 83, 80, 1.0)",0.0,0.0,0.2972774358636012,17.896936519371025,0.7503545635105782,44.09957564711235,1.0092310942932556,False,True,False,True,False,4.5850201960930725,18.0214,17.619925,0.0,0.0,0.0,0.0,0,0.9603448275862072,0.9765517241379312,False,False,False,False,0.12904486127476927,0.14235855120424096,False,False,False,False,-497857.0,-678242.7420215623,False,False,False,False,96657.49279367646,False,False,False,False
2025-06-16 18:00:00+00:00,18.125,18.16,18.075,18.12,87570.0,,17.82958557876524,17.711145778547518,17.41240079953186,17.214731376953164,17.976728473882012,,,,,17.186573600908105,17.288708770669135,17.538039724181495,17.659204975057943,17.698349762986055,17.95383878910313,18.232477910674355,18.083591422474765,"rgba(239, 83, 80, 1.0)",0.0,0.0,0.2965132663421346,17.897700101945304,0.7497131605511169,42.257832502797726,-0.8648011406117604,False,True,False,True,False,4.585020196093094,18.0317,17.6279,0.0,0.0,0.0,0.0,0,0.9580467675378267,0.9807427785419534,False,False,False,False,0.11199362906134022,0.12717609013279058,False,False,False,False,-497857.0,-675446.0638506854,False,False,False,False,96516.6014325342,False,False,False,False
2025-06-16 19:00:00+00:00,18.125,18.165,18.065,18.15,171529.0,,17.83306835386879,17.715358066435662,17.417407091446428,17.219653814142116,17.977188076159624,,,,,17.19173891052616,17.29300136209429,17.540283663010005,17.660848707374004,17.699831465681765,17.95437263586969,18.232186071978123,18.1054931126855,"rgba(239, 83, 80, 1.0)",0.0,0.0,0.2958999557004855,17.899806204070593,0.8455350908624515,42.483638169457635,-0.9121745795273313,False,True,False,True,False,5.289985332464788,18.0427,17.63605,0.0,0.0,0.0,0.0,0,0.9577754891864061,0.982148987298318,False,False,False,False,0.11044687455036029,0.11881148234157543,False,False,False,False,-326328.0,-670033.3806902096,False,False,False,False,97679.58435606079,False,False,False,False
2025-06-17 14:00:00+00:00,18.225,18.255,18.115,18.21,114006.0,,17.835853780886595,17.718556993991513,17.421004985750002,17.22313451783228,17.977627538702986,,,,,17.19538329728929,17.296056381834262,17.54193413534465,17.662090269604573,17.700963546429836,17.95486222159756,18.232114978879846,18.132595104283276,"rgba(239, 83, 80, 1.0)",0.0,0.0,0.2963005687250592,17.902623462543144,1.0373808554585517,45.254142373474,-0.9121745795273313,False,True,False,True,True,6.6857676531754855,18.0551,17.644675,0.0,0.0,0.0,0.0,0,0.9641148325358853,0.9733424470266577,False,False,False,False,0.15398332604168133,0.13639740419162838,False,False,False,False,-212322.0,-662937.0802143924,False,False,False,False,97932.70707922263,False,False,False,False
2025-06-17 15:00:00+00:00,18.21,18.21,18.11,18.16,49700.0,,17.836942655907645,17.719841206936113,17.422495791791093,17.224592259804176,17.977789041232278,,,,,17.19691096072369,17.297332478213775,17.542614351973068,17.66259586079102,17.70142214253887,17.955045279666727,18.232057499288572,18.131482458065,"rgba(239, 83, 80, 1.0)",0.0,0.0,0.29570297978211124,17.903569860233038,0.8671882168922104,45.16482012314488,-0.9121745795273313,False,True,False,True,True,5.318260856965498,18.0678,17.652900000000002,0.0,0.0,0.0,0.0,0,0.9594686648501363,0.9792234332425068,False,False,False,False,0.1383764568385957,0.13738693051511203,False,False,False,False,-262022.0,-656721.3425366498,False,False,False,False,97184.91317101763,False,False,False,False
2025-06-17 16:00:00+00:00,18.165,18.2,18.13,18.135,49460.0,,17.838002375116048,17.721097388427147,17.423963421407063,17.226030735368766,17.977945077587567,,,,,17.19841858308055,17.2985913365231,17.543284328852625,17.663092944644053,17.701872649172557,17.95522269334759,18.23199642527286,18.13066508491694,"rgba(239, 83, 80, 1.0)",0.0,0.0,0.295368711402281,17.904474157301152,0.7804680516240665,44.19895075409545,-0.9121745795273313,False,True,False,True,True,4.6380436557387235,18.0775,17.65885,0.0,0.0,0.0,0.0,0,0.9652801650051565,0.9855620488140256,False,False,False,False,0.14149223877486813,0.13943958464499007,False,False,False,False,-311482.0,-651368.7945903451,False,False,False,False,96444.99203658324,False,False,False,False
2025-06-17 17:00:00+00:00,18.135,18.155,18.03,18.045,64040.0,,17.839027556019836,17.722421442864885,17.425652283306082,17.227730158776698,17.97805749917819,,,,,17.200204318745186,17.300067220351778,17.54403882302363,17.66363281666147,17.70235402142774,17.955362050731146,18.231837186804132,18.125253336259423,"rgba(239, 83, 80, 1.0)",0.0,0.0,0.29180190429659736,17.904855661807822,0.48027218509764064,40.78447236647407,-3.623917703501675,False,True,False,True,False,2.23520267839843,18.083000000000002,17.665425,0.0,0.0,0.0,0.0,1,0.9562068965517245,0.9882758620689657,False,False,False,False,0.09654884527007143,0.11799421495753075,False,False,False,False,-375522.0,-647092.1001005722,False,False,False,False,95942.58905927186,False,False,False,False
2025-06-17 18:00:00+00:00,18.04,18.105,18.015,18.015,54697.0,,17.839780467535835,17.723444147473987,17.42701801806487,17.22912233784211,17.978122546511973,,,,,17.201668889194988,17.301272136333527,17.544643340869534,17.664057543244155,17.70272948695989,17.955449818017865,18.231673735373207,18.12039243777577,"rgba(239, 83, 80, 1.0)",0.0,0.0,0.28603809675035075,17.904938980363696,0.384777485540202,37.730821873487244,-6.676298318921894,False,True,False,True,False,1.4506210506813062,18.0898,17.67225,0.0,0.0,0.0,0.0,0,0.950276243093923,0.9924033149171271,False,False,False,False,0.07653795649928861,0.09726608572840968,False,False,False,False,-430219.0,-643729.7264556021,False,False,False,False,95303.12256222889,False,False,False,False
2025-06-17 19:00:00+00:00,18.015,18.05,17.9,17.93,261516.0,,17.841845467094906,17.726976381085475,17.43257865172536,17.23502688081609,17.97803874177506,,,,,17.207902895780357,17.306327294965246,17.547026003317665,17.665625022396824,17.704070335799376,17.95547101997361,18.230542129820098,18.09358144611769,"rgba(239, 83, 80, 1.0)",0.0,0.0,0.2782620937040546,17.902488393796883,0.09886939984134742,33.80190750436127,-10.435223721796277,False,True,False,True,False,0.0,18.0942,17.67895,0.0,0.0,0.0,0.0,0,0.942857142857143,0.9955249569707403,False,False,False,False,0.024449282122190077,0.06085768392529988,False,False,False,False,-691735.0,-644473.9942624919,False,False,False,False,97880.0663984734,False,False,False,False
2025-06-18 14:00:00+00:00,18.015,18.03,17.825,17.9,68732.0,,17.842189216534447,17.727724412197443,17.43390696419234,17.236474641227186,17.97796626543996,,,,,17.209434523955146,17.307559179835156,17.547584964062008,17.665976316290234,17.704363427297213,17.955425595365114,18.230200718362934,18.075225513879538,"rgba(239, 83, 80, 1.0)",0.0,0.0,0.2713716078541042,17.92692219024753,-0.0992078370335864,30.60698967751074,-13.432371578514434,False,True,False,True,False,0.0,18.099,17.6845,0.0,0.0,0.0,0.0,0,0.942866917550462,0.9928156004105373,False,False,False,False,-0.004583395559482908,0.028137144182908486,False,False,False,False,-760467.0,-646272.3354367169,False,False,False,False,97428.15839229552,False,False,False,False
2025-06-18 15:00:00+00:00,17.905,17.925,17.845,17.86,98381.0,,17.842409586320766,17.72855315988914,17.435633227438444,17.238410299029248,17.97779055863652,,,,,17.211487211584323,17.309194156255106,17.548292533354044,17.66639470955396,17.704700134362145,17.95528794774316,18.229648212097263,18.06275264965115,"rgba(239, 83, 80, 1.0)",0.0,0.0,0.2666938387053147,17.923531116562234,-0.23821741391046505,27.744225372540043,-16.120712221862334,False,True,False,True,False,0.0,18.1027,17.69115,0.0,0.0,0.0,0.0,0,0.9433768016472204,1.0013726835964312,False,False,False,False,-0.030565097954751066,-0.0012139768859212897,False,False,False,False,-858848.0,-649568.0821741321,False,False,False,False,97442.93113039945,False,False,False,False
2025-06-18 16:00:00+00:00,17.865,17.92,17.845,17.915,70415.0,,17.842641490695044,17.729206797692836,17.436906917205853,17.23982454095629,17.977685837876482,,,,,17.212985277780753,17.31039281453223,17.54882271148339,17.666716805730754,17.704963599927034,17.95521054549015,18.229272443507032,18.057389795362823,"rgba(239, 83, 80, 1.0)",0.0,0.0,0.26040079987655607,17.922433072642114,-0.028544738133058384,29.036467246877656,-16.120712221862334,False,True,False,True,False,0.0,18.1017,17.6973,0.0,0.0,0.0,0.0,0,0.9357512953367876,1.0093264248704665,False,False,False,False,-0.032094375972772794,-0.016654176429347044,False,False,False,False,-788433.0,-651721.0266365487,False,False,False,False,97023.89343845527,False,False,False,False
2025-06-18 17:00:00+00:00,17.915,18.0,17.915,17.95,59375.0,,17.84307129277746,17.729959513961287,17.4381197781192,17.241124394503263,17.9776621440387,,,,,17.21435739671927,17.311506241746,17.549348296649466,17.667061405888468,17.70525772783128,17.95521032392214,18.22901428523954,18.056365887059428,"rgba(239, 83, 80, 1.0)",0.0,0.0,0.25593759796838844,17.922807774604593,0.10624552864157634,31.744473870039727,-16.120712221862334,False,True,False,True,True,0.0,18.1007,17.70355,0.0,0.0,0.0,0.0,0,0.9402830514325166,1.0031066620642046,False,False,False,False,0.013750834800049258,-0.001451670814648893,False,False,False,False,-729058.0,-652920.0494793928,False,False,False,False,96440.18966421565,False,False,False,False
2025-06-18 18:00:00+00:00,17.945,17.985,17.84,17.845,110351.0,,17.843402574230463,17.730944977312916,17.44007733202938,17.243308891041053,17.977492310631163,,,,,17.21667147953575,17.313357410687306,17.55016557028694,17.66755559172002,17.705660744927545,17.95508303179685,18.22842226651579,18.048721921628974,"rgba(239, 83, 80, 1.0)",0.0,0.0,0.25205551369045043,17.920955772688842,-0.3013454122734425,30.890226349268154,-16.120712221862334,False,True,False,True,True,0.0,18.098300000000002,17.709175000000002,0.0,0.0,0.0,0.0,0,0.9387895460797799,1.0017193947730403,False,False,False,False,-0.013750895922710775,-0.0076012833686798335,False,False,False,False,-839409.0,-655811.3510378519,False,False,False,False,96655.86114228982,False,False,False,False
2025-06-18 19:00:00+00:00,17.845,17.95,17.83,17.885,174921.0,,17.84389977897606,17.732466331993475,17.443134435630327,17.246732785099532,17.977219343643892,,,,,17.220298306064723,17.316259196613316,17.55144673902621,17.66832863297178,17.70629024684524,17.9548771308045,18.2274834621331,18.01857254196442,"rgba(239, 83, 80, 1.0)",0.0,0.0,0.24723476095970517,17.918399189786484,-0.13509099471625746,32.30989337105269,-16.120712221862334,False,True,False,True,True,0.0,18.096600000000002,17.714675,0.0,0.0,0.0,0.0,0,0.9345890410958904,1.0058219178082195,False,False,False,False,-0.027506963469348833,-0.017554123419014335,False,False,False,False,-664488.0,-655945.8727271875,False,False,False,False,97869.27414783572,False,False,False,False
2025-06-19 14:00:00+00:00,17.885,17.885,17.885,17.885,0.0,,17.84389977897606,17.732466331993475,17.443134435630327,17.246732785099532,17.977219343643892,,,,,17.220298306064723,17.316259196613316,17.55144673902621,17.66832863297178,17.70629024684524,17.9548771308045,18.2274834621331,18.01857254196442,"rgba(239, 83, 80, 1.0)",0.0,0.0,0.2424739607079444,17.918399189786484,-0.1377434083600896,33.25633805224238,-16.120712221862334,False,True,False,True,True,0.0,18.0955,17.720425,0.0,0.0,0.0,0.0,0,0.9417843610058562,1.0082673096796417,False,False,False,False,-0.03056509795474888,-0.02405961068688161,False,False,False,False,-664488.0,-656078.3088089364,False,False,False,False,96351.92106027238,False,False,False,False
2025-06-19 15:00:00+00:00,17.885,17.885,17.885,17.885,0.0,,17.84389977897606,17.732466331993475,17.443134435630327,17.246732785099532,17.977219343643892,,,,,17.220298306064723,17.316259196613316,17.55144673902621,17.66832863297178,17.70629024684524,17.9548771308045,18.2274834621331,18.01857254196442,"rgba(239, 83, 80, 1.0)",0.0,0.0,0.23492047724795642,17.918399189786484,-0.1421723222162118,33.8873011730355,-21.34108641217248,False,True,False,True,True,0.0,18.0948,17.7266,0.0,0.0,0.0,0.0,0,0.9417273673257027,1.0090183836281652,False,False,False,False,-0.03056509795474888,-0.027312354320815246,False,False,False,False,-664488.0,-656208.6916181,False,False,False,False,94858.09282677977,False,False,False,False
2025-06-19 16:00:00+00:00,17.885,17.885,17.885,17.885,0.0,,17.84389977897606,17.732466331993475,17.443134435630327,17.246732785099532,17.977219343643892,,,,,17.220298306064723,17.316259196613316,17.55144673902621,17.66832863297178,17.70629024684524,17.9548771308045,18.2274834621331,18.01857254196442,"rgba(239, 83, 80, 1.0)",0.0,0.0,0.22819497353299367,17.918399189786484,-0.14636251302728046,34.307943253564254,-20.54475537064522,False,True,False,True,True,0.0,18.0928,17.7341,0.0,0.0,0.0,0.0,0,0.9542414642731434,1.0084477296726506,False,False,False,False,-0.03056509795474888,-0.02893872613778206,False,False,False,False,-664488.0,-656337.052988362,False,False,False,False,93387.42472093822,False,False,False,False
2025-06-19 17:00:00+00:00,17.885,17.885,17.885,17.885,0.0,,17.84389977897606,17.732466331993475,17.443134435630327,17.246732785099532,17.977219343643892,,,,,17.220298306064723,17.316259196613316,17.55144673902621,17.66832863297178,17.70629024684524,17.9548771308045,18.2274834621331,18.01857254196442,"rgba(239, 83, 80, 1.0)",0.0,0.0,0.2227239838292036,17.918399189786484,-0.14995776032856414,34.588371307250085,-19.85782124232055,False,True,False,True,True,0.0,18.090899999999998,17.741725000000002,0.0,0.0,0.0,0.0,0,0.9547062986553435,1.0060155697098372,False,False,False,False,-0.03056509795474888,-0.02975191204626547,False,False,False,False,-664488.0,-656463.4242598602,False,False,False,False,91939.55767100118,False,False,False,False
2025-06-19 18:00:00+00:00,17.885,17.885,17.885,17.885,0.0,,17.84389977897606,17.732466331993475,17.443134435630327,17.246732785099532,17.977219343643892,,,,,17.220298306064723,17.316259196613316,17.55144673902621,17.66832863297178,17.70629024684524,17.9548771308045,18.2274834621331,18.01857254196442,"rgba(239, 83, 80, 1.0)",0.0,0.0,0.22107032837961027,17.918399189786484,-0.15107947788059276,34.77532334304064,-19.251552820357368,False,True,False,True,True,0.0,18.0896,17.74925,0.0,0.0,0.0,0.0,0,0.9552238805970152,1.004264392324094,False,False,False,False,-0.03056509795474888,-0.030158505000507173,False,False,False,False,-664488.0,-656587.836286839,False,False,False,False,90514.13817222597,False,False,False,False
2025-06-19 19:00:00+00:00,17.885,17.885,17.885,17.885,0.0,,17.84389977897606,17.732466331993475,17.443134435630327,17.246732785099532,17.977219343643892,,,,,17.220298306064723,17.316259196613316,17.55144673902621,17.66832863297178,17.70629024684524,17.9548771308045,18.2274834621331,18.01857254196442,"rgba(239, 83, 80, 1.0)",0.0,0.0,0.22099647382078316,17.918399189786484,-0.15112996695851239,34.89995803356768,-18.709944065196634,False,True,False,True,True,0.0,18.088800000000003,17.756800000000002,0.0,0.0,0.0,0.0,0,0.9689306358381506,1.0021676300578035,False,False,False,False,-0.03056509795474888,-0.030361801477628028,False,False,False,False,-664488.0,-656710.3194451825,False,False,False,False,89110.81820056355,False,False,False,False
2025-06-20 14:00:00+00:00,17.97,17.99,17.87,17.9,28828.0,,17.844038313707834,17.732764608042668,17.443669818789417,17.247321255215912,17.977190487293214,,,,,17.22092042765545,17.316760935464274,17.55167671150691,17.668473778350254,17.706411550531797,17.954859409254006,18.22734363888088,17.997783130562404,"rgba(239, 83, 80, 1.0)",0.0,0.0,0.22108200345580117,17.941384698368182,-0.18719161994774144,36.436220121332155,-16.916048700892468,False,True,False,True,True,0.0,18.088700000000003,17.764625,0.0,0.0,0.0,0.0,1,0.9661139149242971,0.9863013698630141,False,False,False,False,-0.0030555953378393866,-0.01670869840773371,False,False,False,False,-635660.0,-656383.9579033967,False,False,False,False,88176.20086412069,False,False,False,False
2025-06-20 15:00:00+00:00,17.9,17.92,17.805,17.835,35081.0,,17.844058859339082,17.732997519838175,17.444228752800534,17.24796514864129,17.97711452280114,,,,,17.22160394710859,17.31730302871123,17.55190559595064,17.668603425826795,17.7065129634832,17.954796671702518,18.227136787512386,17.990385094950874,"rgba(239, 83, 80, 1.0)",0.0,0.0,0.22157753406738268,17.938337862123493,-0.4663733738099409,34.209787090703756,-16.916048700892468,False,True,False,True,False,0.0,18.0916,17.772825,0.0,0.0,0.0,0.0,1,0.9618293122074183,0.9917176809506663,False,False,False,False,-0.04433460659298945,-0.03052165250036158,False,False,False,False,-670741.0,-656606.547703344,False,False,False,False,87353.01945537463,False,False,False,False
2025-06-20 16:00:00+00:00,17.835,17.835,17.75,17.805,44854.0,,17.843925298378043,17.733154391212214,17.44484249803765,17.24870955229267,17.976973129104575,,,,,17.22239753465166,17.31792144274636,17.552142817343395,17.66871815836617,17.706592457950276,17.954671832649666,18.22683260092665,17.944335393412732,"rgba(239, 83, 80, 1.0)",0.0,0.0,0.22242605816569624,17.93463999324848,-0.5828453478769401,31.598692801831433,-15.044152094844172,False,True,False,True,False,0.0,18.0917,17.781200000000002,0.0,0.0,0.0,0.0,0,0.9588447653429606,0.9981949458483755,False,False,False,False,-0.08730449543478663,-0.05891307396757411,False,False,False,False,-715595.0,-657521.0973513542,False,False,False,False,86694.1199289347,False,False,False,False
2025-06-20 17:00:00+00:00,17.805,17.825,17.79,17.825,30563.0,,17.843866665429186,17.733288773272417,17.445279226989296,17.24923101711758,17.976885805784665,,,,,17.222952679799633,17.31835654755576,17.55231519342337,17.668806386227015,17.706656552047924,17.954595842395207,18.22663359888453,17.94154001936117,"rgba(239, 83, 80, 1.0)",0.0,0.0,0.22313777911471283,17.933319392237248,-0.48543726063331866,31.784727658454607,-15.044152094844172,False,True,False,True,False,0.0,18.0897,17.789825,0.0,0.0,0.0,0.0,0,0.9585152838427947,1.0036390101892287,False,False,False,False,-0.07807494455110796,-0.06849400925934103,False,False,False,False,-685032.0,-657947.6229738138,False,False,False,False,85823.87000755586,False,False,False,False
2025-06-20 18:00:00+00:00,17.825,17.88,17.79,17.805,76071.0,,17.843777090637023,17.73366976774852,17.446396073648824,17.250551522207648,17.97668433819307,,,,,17.224357127979783,17.31946165550667,17.552762382180788,17.669043206742916,17.706833158290063,17.954422649188974,18.22615307380788,17.93699942076651,"rgba(239, 83, 80, 1.0)",0.0,0.0,0.22283031964059405,17.931150518386975,-0.5661281579205422,31.038832142059892,-15.765633472081085,False,True,False,True,False,0.0,18.0872,17.799075,0.0,0.0,0.0,0.0,0,0.9520174482006544,1.0010905125408944,False,False,False,False,-0.06118738155222352,-0.06484069540578227,False,False,False,False,-761103.0,-659546.9311447623,False,False,False,False,85672.66272061701,False,False,False,False
2025-06-20 19:00:00+00:00,17.805,17.86,17.785,17.845,173965.0,,17.84362911134109,17.734576324658097,17.44895904414773,17.253574796365967,17.976240730459313,,,,,17.227570964221368,17.321995689418504,17.553798237588044,17.669599373294794,17.707252066408454,17.954043546631535,18.225072124907257,17.928742108491143,"rgba(239, 83, 80, 1.0)",0.0,0.0,0.21883265233851212,17.927383330575054,-0.37646726708597716,34.16774055182445,-15.765633472081085,False,True,False,True,True,0.0,18.084600000000002,17.808525,0.0,0.0,0.0,0.0,1,0.9523463077482723,1.002546380502001,False,False,False,False,-0.06885864958329208,-0.06684967249453717,False,False,False,False,-587138.0,-658424.3120572466,False,False,False,False,87041.53616680899,False,False,False,False
2025-06-23 14:00:00+00:00,17.82,17.835,17.745,17.81,59793.0,,17.84345637558433,17.734776514702766,17.44975569323628,17.25454697562237,17.97605426592392,,,,,17.228607035235544,17.322804086866295,17.55410973119551,17.669750104203995,17.70735646976974,17.953878907869584,18.22467072387734,17.923935036994134,"rgba(239, 83, 80, 1.0)",0.0,0.0,0.21497039393844222,17.925592858218877,-0.5377152458118447,34.47574831086846,-18.818608407225412,False,True,False,True,True,0.0,18.0806,17.81745,0.0,0.0,0.0,0.0,0,0.9472918938567798,1.0054525627044713,False,False,False,False,-0.08884415514697264,-0.0778469138207549,False,False,False,False,-646931.0,-658246.121172638,False,False,False,False,86619.07824174219,False,False,False,False
2025-06-23 15:00:00+00:00,17.815,17.845,17.8,17.815,51935.0,,17.843381676206487,17.735014512526785,17.450491032281867,17.2554247939463,17.97591364609917,,,,,17.229540727921115,17.32353847836585,17.554405605174388,17.669904752547623,17.707470595049777,17.953757368027674,18.224341658820354,17.921506824978334,"rgba(239, 83, 80, 1.0)",0.0,0.0,0.21067581089692394,17.92449924688756,-0.519752345660285,35.13034951664484,-18.082602173227297,False,True,False,True,True,0.0,18.0772,17.827075,0.0,0.0,0.0,0.0,0,0.9498902706656916,1.0087783467446967,False,False,False,False,-0.06885864958329208,-0.07335278170202349,False,False,False,False,-594996.0,-657265.4991389537,False,False,False,False,86081.3405945834,False,False,False,False
2025-06-23 16:00:00+00:00,17.815,17.82,17.72,17.72,60722.0,,17.843047632205597,17.73507413107909,17.451192640053282,17.25632689679785,17.975679392498407,,,,,17.230505827579453,17.32427944365923,17.554664081586488,17.670005031446493,17.70752485849544,17.953544856981907,18.223894273440518,17.91498182645792,"rgba(239, 83, 80, 1.0)",0.0,0.0,0.20582438066335865,17.92216199007131,-0.9822062353340043,31.83287185469106,-14.80504597489822,False,True,False,True,False,0.0,18.0701,17.832349999999998,0.0,0.0,0.0,0.0,0,0.9479281261459481,1.0069673634030074,False,False,False,False,-0.10117719106918825,-0.08726498638560587,False,False,False,False,-655718.0,-657241.5069042412,False,False,False,False,85688.17252334954,False,False,False,False
2025-06-23 17:00:00+00:00,17.725,17.775,17.69,17.71,45745.0,,17.842718651222928,17.735049491936998,17.451669689298434,17.256965721508653,17.975480796027764,,,,,17.231191267081613,17.324799214790737,17.55483065454013,17.67005478477541,17.707540420972308,17.953362444750475,18.223537536049935,17.909417511537363,"rgba(239, 83, 80, 1.0)",0.0,0.0,0.20452978372895234,17.920173622651216,-1.0275942154700668,29.33906469790016,-17.088512195281766,False,True,False,True,False,0.0,18.0618,17.837024999999997,0.0,0.0,0.0,0.0,0,0.9456681350954482,1.0077092511013221,False,False,False,False,-0.12438759311273907,-0.10582628974917246,False,False,False,False,-701463.0,-657927.1114483614,False,False,False,False,85068.89853073948,False,False,False,False
2025-06-23 18:00:00+00:00,17.715,17.715,17.52,17.635,84279.0,,17.841597994295206,17.734548354123127,17.452218952302474,17.25788345217398,17.974967556884106,,,,,17.232190161179577,17.325510925736758,17.554953851445273,17.66997704057723,17.70740248725633,17.95287785709736,18.222747870620097,17.8378298635404,"rgba(239, 83, 80, 1.0)",0.0,0.0,0.2072288850778051,17.907721412310508,-1.3160395675926733,25.820860875209583,-20.263174360675304,False,True,False,True,False,0.0,18.051099999999998,17.84105,0.0,0.0,0.0,0.0,0,0.9325555960627053,1.0131243164418524,True,False,False,False,-0.19651915307445286,-0.15117272141181265,False,False,False,False,-785742.0,-659908.7376274565,False,False,False,False,85056.6520418908,False,False,False,False
2025-06-23 19:00:00+00:00,17.635,17.72,17.62,17.64,181221.0,,17.8396250214752,17.733836158301987,17.453638726789723,17.26003775285362,17.97398356554987,,,,,17.23452063199358,17.32721685157712,17.555358506826266,17.669941469958797,17.707236113395705,17.95195607819402,18.22116034692071,17.82012681845565,"rgba(239, 83, 80, 1.0)",0.0,0.0,0.20802269453408376,17.900568922297786,-1.252598534411795,23.93173544767381,-21.900159175352,False,True,False,True,False,0.0,18.0394,17.84505,0.0,0.0,0.0,0.0,0,0.9383886255924174,1.0142180094786735,False,False,False,False,-0.16338288212135174,-0.15727780176658218,False,False,False,False,-604521.0,-659050.0130130773,False,False,False,False,86547.57216527234,False,False,False,False
2025-06-24 14:00:00+00:00,17.565,17.725,17.56,17.655,42798.0,,17.83913119348403,17.733639929804724,17.453949718131646,17.26052630904264,17.97374224821179,,,,,17.235050174247228,17.327601153915943,17.55544149855482,17.669921889397703,17.707185949334654,17.951729329792034,18.22077785935372,17.81564814873608,"rgba(239, 83, 80, 1.0)",0.0,0.0,0.20917308234607426,17.898573099293046,-1.1644571880910366,24.105008651697,-21.900159175352,False,True,False,True,False,0.0,18.0284,17.848300000000002,0.0,0.0,0.0,0.0,0,0.9340818544005798,1.0123143788482438,False,False,False,False,-0.18069114654129198,-0.16898447415393708,False,False,False,False,-561723.0,-657541.06707489,False,False,False,False,85869.28422472549,False,False,False,False
2025-06-24 15:00:00+00:00,17.655,17.79,17.655,17.68,65351.0,,17.83862204124768,17.733553239646263,17.454573997403227,17.261388696999163,17.97344379536351,,,,,17.235976893312003,17.328299260422405,17.555653400987115,17.669971169428788,17.707187398532742,17.951453600807564,18.220257424470713,17.777174703356817,"rgba(239, 83, 80, 1.0)",0.0,0.0,0.20873961105886074,17.89714655293154,-1.0402747798083738,26.529203032892234,-21.900159175352,False,True,False,True,True,0.0,18.017,17.8524,0.0,0.0,0.0,0.0,0,0.9449873326094829,1.0072385088671738,False,False,False,False,-0.13059859501073368,-0.14979153458233538,False,False,False,False,-496372.0,-655042.3218489228,False,False,False,False,85551.17129100882,False,False,False,False
2025-06-24 16:00:00+00:00,17.675,17.69,17.625,17.63,42276.0,,17.838144061579094,17.733364806451448,17.45488111531423,17.261870158483315,17.973207466369242,,,,,17.23649855832854,17.328678422708517,17.55573642233881,17.669953225996295,17.707139349751486,17.951231624069486,18.219881920661294,17.770849994301898,"rgba(239, 83, 80, 1.0)",0.0,0.0,0.2097639170607759,17.89527472307196,-1.26463467496701,26.356809206730695,-21.900159175352,False,True,False,True,True,0.0,18.0031,17.854525000000002,0.0,0.0,0.0,0.0,0,0.939841498559078,1.0086455331412107,False,False,False,False,-0.17123764336774802,-0.1605145889750417,False,False,False,False,-538648.0,-653237.7587194821,True,False,False,False,84880.23840277613,False,False,False,False
2025-06-24 17:00:00+00:00,17.625,17.73,17.57,17.73,83292.0,,17.837348866695326,17.733118879159306,17.455571563404977,17.262884522573252,17.972783376032016,,,,,17.237592932390292,17.32948880573989,17.555949472871465,17.66996417658027,17.70709041380254,17.95083605633847,18.219180148892526,17.766156733838123,"rgba(239, 83, 80, 1.0)",0.0,0.0,0.21210650902541858,17.892513177217488,-0.7661866576570364,33.0943521654425,-21.511463292410145,False,True,False,True,True,0.0,17.9903,17.856525,0.0,0.0,0.0,0.0,0,0.9366096866096868,1.005698005698006,False,False,False,False,-0.1759605036647403,-0.16823754631989102,False,False,False,False,-455356.0,-650169.8244757692,False,False,False,False,84855.6145515703,False,False,False,False
2025-06-24 18:00:00+00:00,17.725,17.74,17.69,17.725,41801.0,,17.837055455369125,17.73308676368729,17.455981451540826,17.263442798698353,17.97260088217911,,,,,17.238192032864397,17.329942724223738,17.556092919425776,17.670003739528767,17.707099467582385,17.950668070265888,18.21885563689924,17.766258798047502,"rgba(239, 83, 80, 1.0)",0.0,0.0,0.21449685522328585,17.891685500312136,-0.7770999725782399,37.34717034231014,-17.78327460878672,False,False,False,True,True,0.0,17.977800000000002,17.857925,0.0,0.0,0.0,0.0,0,0.945351312987935,1.0049680624556427,False,False,False,False,-0.13526340458726727,-0.15175047545357914,False,False,False,False,-497157.0,-647797.5326234318,False,False,False,False,84188.10114766998,False,False,False,False
2025-06-24 19:00:00+00:00,17.725,17.76,17.66,17.685,149559.0,,17.835871683921688,17.73284446654384,17.457345063870143,17.265356309362005,17.971907420547314,,,,,17.240249385696615,17.33148882634174,17.556551573993925,17.670096130169284,17.70708385944785,17.950026045650286,18.217659460160828,17.762657151044536,"rgba(239, 83, 80, 1.0)",0.0,0.0,0.21749242505138625,17.887959163512367,-0.9331780794867475,38.32307811289346,-17.035502692894156,True,False,False,True,True,0.0,17.964100000000002,17.85945,0.0,0.0,0.0,0.0,0,0.9436222692036648,1.0035236081747714,False,False,False,False,-0.13837651912734764,-0.1450634972904634,False,False,False,False,-646716.0,-647780.7646757816,False,False,False,False,85201.60345545804,False,False,False,False
2025-06-25 14:00:00+00:00,17.665,17.7,17.595,17.665,70772.0,,17.83511955026009,17.732555374780645,17.457858459013305,17.266156315548702,17.971522037809734,,,,,17.241115267765043,17.332121032504396,17.556695652129125,17.670073016278298,17.707010885334522,17.94966448919865,18.217042509946907,17.75798033541995,"rgba(239, 83, 80, 1.0)",0.0,0.0,0.2207764145578115,17.885365933320436,-0.9981407378220334,38.113884995306506,-17.035502692894156,True,False,False,True,True,0.0,17.9502,17.860675,0.0,0.0,0.0,0.0,1,0.9394893319342428,1.0076949982511372,False,False,False,False,-0.17753650850436684,-0.1613000028974151,False,False,False,False,-717488.0,-648861.4970063897,False,False,False,False,84977.88867320288,False,False,False,False
2025-06-25 15:00:00+00:00,17.665,17.765,17.615,17.76,66417.0,,17.834650433756387,17.732490009711714,17.458484959381728,17.26701997992218,17.971229256012624,,,,,17.24204236935635,17.332822483691096,17.55691418273786,17.67012892408264,17.707018930522143,17.949394521619734,18.21652624544648,17.75726842210353,"rgba(239, 83, 80, 1.0)",0.0,0.0,0.2223011308845952,17.88399541228483,-0.5577812932908475,43.26981185551615,-12.314151246507762,True,False,False,True,True,0.0,17.936300000000003,17.862625,0.0,0.0,0.0,0.0,1,0.941502249913465,1.0031152647975081,False,False,False,False,-0.15085629347681612,-0.15607814818711563,False,False,False,False,-651071.0,-648895.7528667557,False,False,False,False,84690.12295733928,False,False,False,False
2025-06-25 16:00:00+00:00,17.765,17.91,17.765,17.855,90868.0,,17.83469595313479,17.733003310153354,17.459771844700743,17.268538812360273,17.97103113890344,,,,,17.243653149032994,17.33410444611285,17.55745984212383,17.670434631647073,17.70725583264313,17.94922902062041,18.216003670072322,17.7626950084862,"rgba(38, 166, 154, 1.0)",0.0,0.0,0.22269485849425671,17.884850101592015,-0.13404037162709953,50.15609628801489,-6.067728265790436,True,False,True,False,True,0.0,17.9254,17.866275,0.0,0.0,0.0,0.0,0,0.9515403253721013,0.9982692973347183,False,False,False,False,-0.059654019430078975,-0.1078660838085973,False,False,False,False,-560203.0,-647520.671426961,False,False,False,False,84785.90399676036,False,False,False,False
2025-06-25 17:00:00+00:00,17.85,17.91,17.74,17.745,127175.0,,17.834431101490868,17.73342399806887,17.46134891404148,17.270485743097456,17.970657542785556,,,,,17.245725005505296,17.33573025545002,17.55810037723364,17.670749792791153,17.707476823360206,17.948900196013152,18.215186730984716,17.7643299082472,"rgba(38, 166, 154, 1.0)",0.0,0.0,0.22443857884831722,17.884449160806057,-0.6213243797996945,49.951740832741145,-6.067728265790436,True,False,False,False,True,0.0,17.9124,17.868675,0.0,0.0,0.0,0.0,1,0.9514963880288959,0.9969040247678023,False,False,False,False,-0.06732377728722996,-0.08759493054791363,False,False,False,False,-687378.0,-648138.6145056128,False,False,False,False,85443.0992836323,False,False,False,False
2025-06-25 18:00:00+00:00,17.745,17.76,17.635,17.715,116148.0,,17.833564791346046,17.73324806707509,17.462374015726684,17.27193362412267,17.970130426276487,,,,,17.247280763038425,17.336902288080378,17.558452241878314,17.670822956972785,17.70746766162205,17.94841243873493,18.214274013196523,17.75674294658173,"rgba(38, 166, 154, 1.0)",0.0,0.0,0.22657182700540898,17.881688100187972,-0.7356965002713817,48.748954484053144,-6.067728265790436,True,False,False,False,True,0.0,17.9022,17.870875,0.0,0.0,0.0,0.0,1,0.9412371134020623,1.0123711340206187,False,False,False,False,-0.1461711156726686,-0.11688302311029111,False,False,False,False,-803526.0,-650547.7212574638,False,False,False,False,85919.14425597909,False,False,False,False
2025-06-25 19:00:00+00:00,17.715,17.735,17.63,17.675,99860.0,,17.832697252062683,17.732981739208363,17.463163768609853,17.27310382738139,17.969639398804894,,,,,17.248541912135817,17.337840215760956,17.558704900158784,17.670840639536138,17.707415543559318,17.947954849873263,18.213456171039013,17.75071596902076,"rgba(38, 166, 154, 1.0)",0.0,0.0,0.22927406001196543,17.87895429271647,-0.8895654951363752,46.582764127834025,-6.067728265790436,True,False,False,True,False,0.0,17.8902,17.87255,0.0,0.0,0.0,0.0,1,0.9363231769941803,1.0147209859637116,False,False,False,False,-0.15554805363702257,-0.13621553837365685,False,False,False,False,-903386.0,-654467.6945713016,False,False,False,False,86135.281554336,False,False,False,False
2025-06-26 14:00:00+00:00,17.835,18.055,17.835,18.035,60397.0,,17.833181818369752,17.73371165525715,17.464284710596875,17.274319102413248,17.9696448803816,,,,,17.24982020313989,17.338891950522008,17.55922761644053,17.67119468711165,17.707722271368773,17.94798270713615,18.2132356063839,17.761190137638824,"rgba(38, 166, 154, 1.0)",0.0,0.0,0.22929264514347822,17.880757842002346,0.6726868971359206,54.22613230300986,-2.5849625167994645,True,False,True,False,True,4.603506098875158,17.885,17.876549999999998,0.0,0.0,0.0,0.0,0,0.9432314410480352,0.99630500503863,False,False,False,False,0.006111156064788345,-0.06505219115443425,False,False,False,False,-842989.0,-657390.5055081806,False,False,False,False,85736.23842946257,False,False,False,False
2025-06-26 15:00:00+00:00,18.035,18.09,18.01,18.075,56348.0,,17.83389483624461,17.73462250165955,17.465496008009925,17.275583512107477,17.96972940984056,,,,,17.251145328628063,17.339998187384158,17.559811615235294,17.671614657551455,17.708096827422775,17.94808864954439,18.21310204722803,17.773124028842947,"rgba(38, 166, 154, 1.0)",0.0,0.0,0.22940282835534925,17.883215453895424,0.8360164845373974,59.887978481528656,2.4772389041424105,True,False,True,False,True,5.624952385231445,17.88,17.880825,0.0,0.0,0.0,0.0,0,0.9582912882610162,0.9909182643794153,False,False,False,False,0.07039378446070153,0.0026707966531336405,False,False,False,False,-786641.0,-659394.3891437126,False,False,False,False,85280.60682590501,False,False,False,False
2025-06-26 16:00:00+00:00,18.075,18.23,18.06,18.23,79945.0,,17.835413118503972,17.736362037333425,17.467537842224353,17.27763297198952,17.97000435943274,,,,,17.253284736053203,17.341812193748524,17.56082842984407,17.67238566284233,17.708800904240896,17.948395037184117,18.213053458080513,17.834952922405876,"rgba(38, 166, 154, 1.0)",0.0,0.0,0.2286466253393132,17.888161233736934,1.4950527511865757,65.53799051597885,7.474906673393804,True,False,True,False,True,9.389259714154008,17.8819,17.884,0.0,0.0,0.0,0.0,0,0.9661868095078675,0.9775694676933382,False,False,False,False,0.12904486127476927,0.06585782896395145,False,False,False,False,-706696.0,-660127.747451562,False,False,False,False,85197.88423945686,False,False,False,False
2025-06-26 17:00:00+00:00,18.225,18.23,18.13,18.155,59102.0,,17.83652136261161,17.737634332675867,17.46903623215227,17.279139289453727,17.97020548588034,,,,,17.25485713961257,17.34314551125271,17.561575940057132,17.672952241084037,17.70931818528773,17.948619334767642,18.213016109142092,17.893422352163967,"rgba(38, 166, 154, 1.0)",0.0,0.0,0.2283905103654763,17.891600057842773,1.1532875938484883,66.84180713022602,8.553364650192428,True,False,True,False,True,7.1873957300034235,17.8816,17.887349999999998,0.0,0.0,0.0,0.0,0,0.9731993299832497,0.9758793969849251,False,False,False,False,0.1508562309643836,0.10835702996416753,False,False,False,False,-765798.0,-661766.0459406851,False,False,False,False,84793.29688690713,False,False,False,False
2025-06-26 18:00:00+00:00,18.155,18.2,18.135,18.14,62515.0,,17.83763936159707,17.73893093745074,17.47058428142714,17.28070335925118,17.970403739754932,,,,,17.256490393331248,17.344528548697028,17.562347392198596,17.673534155052874,17.7098483386053,17.9488419420111,18.2129639614904,17.90295264521881,"rgba(38, 166, 154, 1.0)",0.0,0.0,0.22888610016037383,17.894926658554244,1.070721818730106,67.22076714508214,9.081736834797212,True,False,True,False,True,6.752078323788684,17.881,17.891025000000003,0.0,0.0,0.0,0.0,0,0.9738955823293177,0.9735609103078988,False,False,False,False,0.14305115002546936,0.12570408999481844,False,False,False,False,-828313.0,-664348.1692594341,False,False,False,False,84447.89693517215,False,False,False,False
2025-06-26 19:00:00+00:00,18.145,18.215,18.1,18.195,131544.0,,17.840051334359575,17.74170849079907,17.473873956608298,17.284019875885534,17.970845356814632,,,,,17.259952082034594,17.347464963936318,17.563995833923688,17.674783429636282,17.710988721399058,17.94933481214626,18.212877920633233,17.924003580413093,"rgba(38, 166, 154, 1.0)",0.0,0.0,0.2299132817322552,17.901710740151373,1.2756516615259172,68.33092060675106,10.502059951349793,True,False,True,False,True,8.078291050448257,17.8825,17.8948,0.0,0.0,0.0,0.0,0,0.970951585976628,0.975292153589316,False,False,False,False,0.13681957015168356,0.13126183007325098,False,False,False,False,-696769.0,-664850.8177980476,False,False,False,False,85178.0690757121,False,False,False,False
2025-06-27 14:00:00+00:00,18.12,18.215,18.12,18.215,45863.0,,17.840917713122945,17.74269837847171,17.47503547201855,17.28518768997703,17.971009145662862,,,,,17.261170437320114,17.348500359789362,17.564581063751977,17.675229201517872,17.711396500487744,17.94951648789065,18.212857306426542,17.93115338471886,"rgba(38, 166, 154, 1.0)",0.0,0.0,0.23124856951055822,17.90403786429472,1.3447094456127235,69.38337540843251,11.96093227820468,True,False,True,False,True,8.557375166530921,17.8844,17.89835,0.0,0.0,0.0,0.0,0,0.9792642140468231,0.9709030100334454,False,False,False,False,0.14305115002546936,0.13715649004936017,False,False,False,False,-650906.0,-664634.6190724964,False,False,False,False,84568.5331210499,False,False,False,False
2025-06-27 15:00:00+00:00,18.215,18.265,18.2,18.2,94111.0,,17.842879401712132,17.744891305361346,17.47753538523943,17.287676449158667,17.971404988007258,,,,,17.263763972973873,17.350714172750735,17.565852684710737,17.67621030999943,17.71229885130152,17.949949379366732,18.212869901179154,17.995678321090026,"rgba(38, 166, 154, 1.0)",0.0,0.0,0.23237905892486502,17.90918524781027,1.251467122447369,69.46196572933724,12.588668508339047,True,False,True,False,True,8.102081260220931,17.8854,17.9022,0.0,0.0,0.0,0.0,0,0.9869259135098896,0.9637948374120019,False,False,False,False,0.18384928315461918,0.1605028866019897,False,False,False,False,-745017.0,-665880.8575364887,False,False,False,False,84716.47834397935,False,False,False,False
2025-06-27 16:00:00+00:00,18.205,18.215,18.15,18.205,56118.0,,17.843942568311682,17.74610318981244,17.47895502342144,17.289104097520276,17.97161064087991,,,,,17.265252927109355,17.35198112298116,17.56657210677238,17.676759799027494,17.71280204547882,17.950176848939492,18.212850420626793,18.000413433234257,"rgba(38, 166, 154, 1.0)",0.0,0.0,0.2335191602373933,17.911837048832428,1.2554128358013261,69.6126877281144,13.350703577985385,True,False,True,False,True,8.225837802336851,17.8853,17.904275000000002,0.0,0.0,0.0,0.0,0,0.9877883310719134,0.9718453188602447,False,False,False,False,0.1524194087448727,0.1564611476734312,False,False,False,False,-688899.0,-666237.7279622795,False,False,False,False,84273.09108283238,False,False,False,False
2025-06-27 17:00:00+00:00,18.205,18.265,18.19,18.235,58055.0,,17.845161940819445,17.7474623285927,17.480500005515857,17.290641642066305,17.971861878183134,,,,,17.266854655690857,17.353350153945534,17.56736225807056,17.677371225978934,17.71336503532345,17.9504508902508,18.21286551952873,18.056094321934772,"rgba(38, 166, 154, 1.0)",0.0,0.0,0.2348744537168494,17.914852383656168,1.3630584819998446,70.33001388715738,14.638016852485507,True,False,True,False,True,8.97365932918035,17.8868,17.905775,0.0,0.0,0.0,0.0,0,0.9921662125340603,0.9594686648501368,False,False,False,False,0.18069108341314163,0.16857611554328641,False,False,False,False,-630844.0,-665688.987993872,False,False,False,False,83866.60905054041,False,False,False,False
2025-06-27 18:00:00+00:00,18.235,18.255,18.115,18.115,58764.0,,17.846170613210464,17.7486365890722,17.481915405698935,17.2920800123976,17.97204849946296,,,,,17.26835589437717,17.35462388487888,17.568077864034603,17.677912388096804,17.713858444867764,17.9506600606219,18.212819932951806,18.053704214446952,"rgba(38, 166, 154, 1.0)",0.0,0.0,0.23481069622749826,17.917190510872285,0.842421117545959,65.62240710374347,14.638016852485507,True,False,True,False,False,5.302910114088647,17.886400000000002,17.906575,0.0,0.0,0.0,0.0,0,0.9874491180461331,0.956241519674356,False,False,False,False,0.15398332604168133,0.16127972079248387,False,False,False,False,-689608.0,-666059.8253893158,False,False,False,False,83477.42131332273,False,False,False,False
2025-06-27 19:00:00+00:00,18.115,18.225,18.105,18.205,99967.0,,17.847961705593047,17.75069896443909,17.484368468437133,17.29456271643996,17.972392961052407,,,,,17.27094563422434,17.356826065639805,17.56932534319474,17.678861840116706,17.714726470185543,17.951042973645645,18.212767775650196,18.096699244272628,"rgba(38, 166, 154, 1.0)",0.0,0.0,0.23516923176161247,17.921249622787894,1.2065795133427069,64.74120888490114,14.638016852485507,True,False,True,False,False,7.559072516580738,17.889599999999998,17.907875,0.0,0.0,0.0,0.0,0,0.9854631507775526,0.9590939824205549,False,False,False,False,0.14149223877486813,0.15138597978367602,False,False,False,False,-589641.0,-664875.0373987838,False,False,False,False,83733.07369606191,False,False,False,False
2025-06-30 14:00:00+00:00,18.195,18.22,18.14,18.18,34996.0,,17.848587307385593,17.751419076748075,17.485225199512694,17.295430199360403,17.972514250641257,,,,,17.27185041767921,17.357595773636753,17.569762042584678,17.679194475468776,17.715030668085127,17.951177698643512,18.212750435870603,18.098081697003394,"rgba(38, 166, 154, 1.0)",0.0,0.0,0.23466911725741407,17.922629892222766,1.0967361653085301,63.18609295611961,18.348940569757474,True,False,True,False,False,6.808443641579597,17.8929,17.909025,0.0,0.0,0.0,0.0,0,0.987166497804796,0.9598108747044922,False,False,False,False,0.1508562309643836,0.1511211053740298,False,False,False,False,-624637.0,-664251.1918577173,False,False,False,False,82977.46015038653,False,False,False,False
2025-06-30 15:00:00+00:00,18.175,18.275,18.175,18.245,36476.0,,17.849338126512873,17.75225724973117,17.486182157085235,17.296385267206997,17.97267196133228,,,,18.23166666666667,17.272845093107954,17.358446807403162,17.57025502714821,17.67957642835588,17.71538249209791,17.951349621063596,18.21276086337893,18.144844679712804,"rgba(38, 166, 154, 1.0)",0.0,0.0,0.23516551579600112,17.944903569735644,1.2761072951047885,63.73043860457352,18.348940569757474,True,False,True,False,False,8.414596119223155,17.8992,17.9103,0.0,0.0,0.0,0.0,0,0.988877654196158,0.9571958206943046,False,False,False,True,0.17911332351234002,0.16511721444318492,False,False,False,False,-588161.0,-663071.4989606985,False,False,False,True,82256.5072798379,False,False,False,False
2025-06-30 16:00:00+00:00,18.245,18.25,18.2,18.235,29709.0,,17.849942170252433,17.75293303503128,17.486956292409328,17.297158945691802,17.972798620492462,,,,18.230170406184687,17.27365090384195,17.35913609315142,17.570653990435538,17.67988525568099,17.715666844283522,17.95148782965237,18.21276785196509,18.14748696041525,"rgba(38, 166, 154, 1.0)",0.0,0.0,0.23496453633072534,17.946111627703146,1.2294977651019934,63.65800071708186,18.178722997042357,True,False,True,False,False,8.107300821643122,17.905900000000003,17.9116,0.0,0.0,0.0,0.0,0,1.0034094783498124,0.9573815206273445,False,False,False,False,0.17911332351234002,0.17211526897776247,False,False,False,False,-617870.0,-662370.7005271992,False,False,False,False,81441.81724449157,False,False,False,False
2025-06-30 17:00:00+00:00,18.235,18.24,18.13,18.15,25396.0,,17.85038216633818,17.753442537175268,17.487567765662202,17.29778028461082,17.972883510085413,,,,18.21440912052355,17.27429903253478,17.35968721741991,17.570966162429702,17.680122527188633,17.715883615429263,17.951582414923415,18.212752729622398,18.14538929773706,"rgba(38, 166, 154, 1.0)",0.0,0.0,0.23264489817837788,17.94602671844179,0.8767580254513679,60.189637388461655,14.642548983684648,True,False,True,False,False,5.53402626944283,17.9117,17.912925,0.0,0.0,0.0,0.0,1,1.0017059024223816,0.9539406345957018,False,False,False,False,0.15398332604168133,0.1630492975097219,False,False,False,False,-643266.0,-662074.5036198008,False,False,False,False,80572.88984535217,False,False,False,False
2025-06-30 18:00:00+00:00,18.145,18.16,18.11,18.125,30953.0,,17.85084784282519,17.754000401543358,17.488266373414458,17.29850040831482,17.972965391009936,,,,18.193507761111203,17.27505116678713,17.360323580433622,17.571319916885738,17.68038700382931,17.716123501997373,17.95167594696726,18.212714848465186,18.140816021585636,"rgba(38, 166, 154, 1.0)",0.0,0.0,0.22917315142291897,17.945621503469752,0.78272038158266,56.97670843856571,11.529397626737378,True,False,True,False,False,4.792538085651987,17.9159,17.914175,0.0,0.0,0.0,0.0,0,1.005827905382242,0.9537195749057255,False,False,False,False,0.11732874239171039,0.14018901995071614,False,False,False,False,-674219.0,-662262.7903853853,False,False,False,False,79803.58922759477,False,False,False,False
2025-06-30 19:00:00+00:00,18.125,18.155,18.12,18.125,67759.0,,17.85186790772412,17.755221256806596,17.48979436138471,17.30007563767786,17.973146220858837,,,,18.172081018919947,17.27669625575674,17.36171598492146,17.57209506106779,17.680967022007437,17.7166497733809,17.95188225136761,18.212633749235604,18.135145061871036,"rgba(38, 166, 154, 1.0)",0.0,0.0,0.22603021403661094,17.946223687806526,0.7909398880829124,54.83475580530174,9.483390348760082,True,False,True,False,False,4.792538085651987,17.9194,17.915125,0.0,0.0,0.0,0.0,0,1.004133654839821,0.9552187392352744,False,False,False,False,0.10989568084841925,0.12504235039956768,False,False,False,False,-674219.0,-662448.1579763095,False,False,False,False,79616.85141011268,False,False,False,False
2025-07-01 14:00:00+00:00,17.89,17.93,17.84,17.865,107625.0,,17.852018836795335,17.75584740338618,17.491250708803918,17.301803512126753,17.972976713334536,,,,18.06596257471295,17.278522336186338,17.363189840182706,17.572764469355036,17.681367641082026,17.71697306764432,17.951749818678966,18.21209215220946,18.089583246179323,"rgba(239, 83, 80, 1.0)",0.0,0.0,0.22237355957887128,17.938850863970146,-0.33210271990071644,46.65939724219665,2.001027287610647,False,False,False,True,False,0.0,17.9198,17.91455,0.0,0.0,0.0,0.0,0,0.9942019099590725,0.9638472032742159,False,False,False,False,-0.05560180966053507,0.034720270369516304,False,False,False,False,-781844.0,-664299.2563022582,False,False,False,False,80051.08627197139,False,False,False,False
2025-07-01 15:00:00+00:00,17.865,17.91,17.765,17.875,154970.0,,17.852002393911015,17.75653190302761,17.493176540242754,17.304152046474837,17.97266094949192,,,,17.992064126965904,17.281009046178223,17.365181428482636,17.573634330996242,17.681859076548385,17.717354974602745,17.951486693457056,18.211249436672038,18.03348867713033,"rgba(239, 83, 80, 1.0)",0.0,0.0,0.21860641748480977,17.93264263284413,-0.26368225373865806,41.60480250068259,-2.318256060316955,False,True,False,True,False,0.0,17.9196,17.913149999999998,0.0,0.0,0.0,0.0,0,0.9867482161060145,0.9646619096160386,False,False,False,False,-0.08680152970115643,-0.02604062966582006,False,False,False,False,-626874.0,-663719.0197704402,False,False,False,False,81212.61981814238,False,False,False,False
2025-07-01 16:00:00+00:00,17.875,17.92,17.82,17.87,103124.0,,17.852099412775026,17.757078202552442,17.494517848614525,17.3057606024998,17.972485837661043,,,,17.969424793589585,17.282709602014588,17.36655201563459,17.574251828883266,17.682223225925636,17.717646035505524,17.95134670863863,18.210721752743428,18.016779379271586,"rgba(239, 83, 80, 1.0)",0.0,0.0,0.21203947448179356,17.930482601816227,-0.28524217938211743,38.13545003549987,-5.213151644646075,False,True,False,True,False,0.0,17.9193,17.91325,0.0,0.0,0.0,0.0,0,0.9941840574751969,0.967499144714335,False,False,False,False,-0.06543981360379743,-0.045740221634808745,False,False,False,False,-729998.0,-664746.6008592705,False,False,False,False,81552.33113879133,False,False,False,False
2025-07-01 17:00:00+00:00,17.875,17.895,17.855,17.88,74552.0,,17.852194782033983,17.757493000786656,17.495498707741756,17.306931473468165,17.972367825447332,,,,17.958457938713067,17.28394677754209,17.367551295394108,17.57470666668041,17.682494921074223,17.717864940657826,17.95125407700566,18.21034873083805,18.007351836383783,"rgba(239, 83, 80, 1.0)",0.0,0.0,0.20654205775434067,17.929337074280397,-0.23887180565945232,36.30197771053905,-6.761680266158685,False,True,False,True,False,0.0,17.9192,17.913249999999998,0.0,0.0,0.0,0.0,0,0.9897119341563789,0.9674211248285326,False,False,False,False,-0.062159166990381494,-0.05394969431259512,False,False,False,False,-655446.0,-664602.4054971114,False,False,False,False,81443.79887307363,False,False,False,False
2025-07-01 18:00:00+00:00,17.885,17.9,17.83,17.845,126284.0,,17.852234883502813,17.758082016293322,17.497069387939458,17.308840427639606,17.97213041779459,,,,17.941751630886696,17.28596625933376,17.369174443969126,17.575427416451763,17.682910128066933,17.718191723047944,17.95105925189041,18.209684152396672,17.991670015356213,"rgba(239, 83, 80, 1.0)",0.0,0.0,0.20103981946068306,17.927253809810736,-0.40914188060551593,34.25235298578464,-8.701432229162883,False,True,False,True,False,0.0,17.918400000000002,17.9129,0.0,0.0,0.0,0.0,0,0.9879725085910654,0.9687285223367703,False,False,False,False,-0.06872186742892691,-0.06133578087076102,False,False,False,False,-781730.0,-666418.3371948305,False,False,False,False,82138.99578977015,False,False,False,False
2025-07-01 19:00:00+00:00,17.845,17.885,17.775,17.81,190825.0,,17.85195237184656,17.758652906089385,17.499189717930577,17.311517915936186,17.971663784480793,,,,17.917906726968763,17.28880609011261,17.371432836223953,17.57637571877684,17.68340939163688,17.71856003650183,17.95065586250763,18.208585105624042,17.96813520401438,"rgba(239, 83, 80, 1.0)",0.0,0.0,0.19950528905303438,17.92347976334997,-0.5688057890024424,32.09377112606445,-10.855685926793015,False,True,False,True,False,0.0,17.916900000000002,17.912225,0.0,0.0,0.0,0.0,0,0.9849108367626886,0.9677640603566533,False,False,False,False,-0.09174169103676501,-0.07653873595376301,False,False,False,False,-972555.0,-671164.642044523,False,False,False,False,83824.05011861092,False,False,False,False
2025-07-02 14:00:00+00:00,17.835,17.85,17.73,17.79,52797.0,,17.85178527272112,17.758728604060924,17.49971167875862,17.312205875591523,17.97150629665416,,,,17.911156807966922,17.28953784667283,17.37200792326464,17.576601571387535,17.683514142329688,17.718629209633875,17.9505156015969,18.208255912767772,17.961433712490965,"rgba(239, 83, 80, 1.0)",0.0,0.0,0.1969994054953963,17.922244062955734,-0.671291685491027,30.2082255712364,-12.831928620286327,False,True,False,True,False,0.0,17.915,17.9115,0.0,0.0,0.0,0.0,0,0.9900137741046835,0.9686639118457304,False,False,False,False,-0.1308951701191503,-0.10371695303645666,False,False,False,False,-1025352.0,-676655.9189120498,False,False,False,False,83343.01058188827,False,False,False,False
2025-07-02 15:00:00+00:00,17.795,17.825,17.7,17.815,72948.0,,17.85151874629544,17.758799340058133,17.50040504330398,17.313133333693894,17.9712771856499,,,,17.902243573022503,17.29052525156517,17.37278096091049,17.576898254140755,17.683644975081062,17.7187112035167,17.950310161703445,18.207791073837477,17.928429846349452,"rgba(239, 83, 80, 1.0)",0.0,0.0,0.193520187739771,17.912991627950426,-0.5063638532750653,30.508448236745714,-12.83812368931094,False,True,False,True,False,0.0,17.913600000000002,17.910675,0.0,0.0,0.0,0.0,0,0.9831615120274916,0.9694158075601379,False,False,False,False,-0.16652233842898095,-0.1351196457327188,False,False,False,False,-952404.0,-680931.082959925,False,False,False,False,83181.84762713031,False,False,False,False
2025-07-02 16:00:00+00:00,17.815,17.885,17.79,17.88,58039.0,,17.851519181966207,17.759044396679215,17.501095028761583,17.313981486561886,17.971163442406016,,,,17.89964918979098,17.291422625708247,17.373501791349003,17.577216757729296,17.683826049213472,17.718852382826043,17.950215694831044,18.207483795101723,17.929267209292206,"rgba(239, 83, 80, 1.0)",0.0,0.0,0.18853376881013803,17.914378546138686,-0.18234688860066897,34.306036121034175,-12.83812368931094,False,True,False,True,True,0.0,17.9132,17.91045,0.0,0.0,0.0,0.0,0,0.9889617109348053,0.9692997585374272,False,False,False,False,-0.1318547635706445,-0.13348720465168165,False,False,False,False,-894365.0,-684240.1359372905,False,False,False,False,82792.036036012,False,False,False,False
2025-07-02 17:00:00+00:00,17.88,17.905,17.87,17.88,59044.0,,17.85161920108217,17.75938161607808,17.50186066384605,17.314894910342804,17.97108016730119,,,,17.898922649651983,17.292386739829688,17.37428384525478,17.57757928151707,17.684046363560878,17.719031668646874,17.950152220788308,18.207200972921356,17.93040416999436,"rgba(239, 83, 80, 1.0)",0.0,0.0,0.18728554101597417,17.91553653928905,-0.18974523658513598,36.837761377226485,-12.83812368931094,False,True,False,True,True,0.0,17.9141,17.910224999999997,0.0,0.0,0.0,0.0,0,0.9871035203903803,0.9773440223074245,False,False,False,False,-0.0952182587932615,-0.11435273172247157,False,False,False,False,-894365.0,-687497.88576772,False,False,False,False,82423.8494308025,False,False,False,False
2025-07-02 18:00:00+00:00,17.885,17.9,17.83,17.89,126005.0,,17.851756757696574,17.760028987660927,17.50343498196295,17.31679480432909,17.970878974692337,,,,17.89647345321632,17.294393504935886,17.375906901008385,17.57832083752453,17.684487720483222,17.719386184356043,17.949992991512566,18.20657726705418,17.928166629917733,"rgba(239, 83, 80, 1.0)",0.0,0.0,0.18537398283816808,17.915735649655417,-0.13883096894931538,39.09882260290851,-17.33545860041294,False,True,False,True,True,0.0,17.9158,17.910025,0.0,0.0,0.0,0.0,0,0.9753867791842477,0.9869901547116743,False,False,False,False,-0.11166734889470563,-0.1130100403085886,False,False,False,False,-768360.0,-688751.5619573678,False,False,False,False,83099.52618381332,False,False,False,False
2025-07-02 19:00:00+00:00,17.895,17.95,17.84,17.905,203346.0,,17.852228100708263,17.76128545994529,17.506117475169955,17.319970234066524,17.970638799411176,,,,17.89672229269692,17.297741521465877,17.37863455560511,17.57961049474564,17.685289373267132,17.720047228139613,17.949820763425834,18.20565077740765,17.927434009337166,"rgba(239, 83, 80, 1.0)",0.0,0.0,0.18332914819075596,17.916513268409744,-0.0628010794975359,41.500254530215386,-14.869307303864268,False,True,False,True,True,0.0,17.9174,17.9099,0.0,0.0,0.0,0.0,0,0.962403373155306,0.9905130007027413,False,False,False,False,-0.08974705880385889,-0.10137854955622375,False,False,False,False,-565014.0,-686833.1501440753,False,False,False,False,84963.81259956815,False,False,False,False
2025-07-03 14:00:00+00:00,17.975,18.0,17.88,17.96,67948.0,,17.852546369350623,17.76184651754253,17.50711518465994,17.321111614948467,17.970612309254715,,,,17.898859602384853,17.298941368345115,17.37962383995261,17.580104119001223,17.6856163758521,17.720326616233393,17.949817253604888,18.205390926505157,17.923476823631987,"rgba(239, 83, 80, 1.0)",0.0,0.0,0.1820200711627091,17.920668796093235,0.21608168624221372,46.037517055763075,-10.489568161193404,False,False,False,True,True,0.6863254853708547,17.9205,17.909975,0.0,0.0,0.0,0.0,0,0.9646358543417368,0.9856442577030816,False,False,False,False,-0.057020651888783684,-0.07919960072250372,False,False,False,False,-497066.0,-683891.0237852524,False,False,False,False,84700.00155151282,False,False,False,False
2025-07-03 15:00:00+00:00,17.965,17.99,17.88,17.935,40996.0,,17.852713685124858,17.76216212370196,17.507699044179027,17.32178544539743,17.970588581680733,,,,17.899769238545936,17.2996501442829,17.38020680723338,17.580391843927476,17.68580447566934,17.720486178729303,17.949807312126186,18.205227340855323,17.923654739584457,"rgba(239, 83, 80, 1.0)",0.0,0.0,0.1806358389303669,17.920747525252338,0.0789016998623116,47.640540197878224,-8.88657888965269,False,False,False,False,True,0.0,17.922299999999996,17.909875,0.0,0.0,0.0,0.0,1,0.9650959860383946,0.9856893542757423,False,False,False,False,-0.06064962680755592,-0.06992461376502981,False,False,False,False,-538062.0,-681630.1086878065,False,False,False,False,84022.42013210952,False,False,False,False
2025-07-03 16:00:00+00:00,17.935,17.99,17.9,17.985,81172.0,,17.853136349024975,17.76286754692566,17.50891326789581,17.323165874852364,17.970572435584916,,,,17.90254926992786,17.301100237768473,17.381405872768973,17.58099756024167,17.6862108718283,17.72083570245669,17.94981862356586,18.2049319422271,17.926839405337603,"rgba(239, 83, 80, 1.0)",0.0,0.0,0.17886529230838424,17.92220459083442,0.35107654679765615,51.13926304681715,-5.476665239274048,False,False,True,False,True,1.4351790454010391,17.9258,17.909775,0.0,0.0,0.0,0.0,0,0.9645012424565143,1.001774937877175,False,False,False,False,-0.05339317659332584,-0.06165889517917783,False,False,False,False,-456890.0,-678145.7659174529,False,False,False,False,83978.22757192177,False,False,False,False
2025-07-03 17:00:00+00:00,18.0,18.0,18.0,18.0,0.0,,17.853136349024975,17.76286754692566,17.50891326789581,17.323165874852364,17.970572435584916,,,,17.90254926992786,17.301100237768473,17.381405872768973,17.58099756024167,17.6862108718283,17.72083570245669,17.94981862356586,18.2049319422271,17.926839405337603,"rgba(239, 83, 80, 1.0)",0.0,0.0,0.17594219976295725,17.92220459083442,0.44216458172282364,54.1369485881656,-2.5709490076953756,True,False,True,False,True,1.8854083120574892,17.929499999999997,17.90945,0.0,0.0,0.0,0.0,0,0.9916272297051333,0.9927193301783771,False,False,False,False,-0.013562510022893853,-0.03761070260103584,False,False,False,False,-456890.0,-674715.4439652442,False,False,False,False,82676.2395475509,False,False,False,False
2025-07-03 18:00:00+00:00,18.0,18.0,18.0,18.0,0.0,,17.853136349024975,17.76286754692566,17.50891326789581,17.323165874852364,17.970572435584916,,,,17.90254926992786,17.301100237768473,17.381405872768973,17.58099756024167,17.6862108718283,17.72083570245669,17.94981862356586,18.2049319422271,17.926839405337603,"rgba(239, 83, 80, 1.0)",0.0,0.0,0.1739623548376815,17.92220459083442,0.4471968043785668,56.13540561573124,-0.562882137304527,True,False,True,False,True,1.8854083120574892,17.9351,17.9094,0.0,0.0,0.0,0.0,0,1.0157009345794397,0.9678504672897205,False,False,False,False,-0.013562510022893853,-0.025586606311964848,False,False,False,False,-456890.0,-671338.3052991164,False,False,False,False,81394.43738402297,False,False,False,False
2025-07-03 19:00:00+00:00,18.0,18.0,18.0,18.0,0.0,,17.853136349024975,17.76286754692566,17.50891326789581,17.323165874852364,17.970572435584916,,,,17.90254926992786,17.301100237768473,17.381405872768973,17.58099756024167,17.6862108718283,17.72083570245669,17.94981862356586,18.2049319422271,17.926839405337603,"rgba(239, 83, 80, 1.0)",0.0,0.0,0.17238567173518266,17.92220459083442,0.4512869798430237,57.46771030077499,0.9102738887644151,True,False,True,False,True,1.8854083120574892,17.9409,17.909425,0.0,0.0,0.0,0.0,0,1.0037579857196548,0.9579105599398728,False,False,False,False,-0.013562510022893853,-0.01957455816742935,False,False,False,False,-456890.0,-668013.5253719983,False,False,False,False,80132.50812225517,False,False,False,False
2025-07-04 14:00:00+00:00,18.0,18.0,18.0,18.0,0.0,,17.853136349024975,17.76286754692566,17.50891326789581,17.323165874852364,17.970572435584916,,,,17.90254926992786,17.301100237768473,17.381405872768973,17.58099756024167,17.6862108718283,17.72083570245669,17.94981862356586,18.2049319422271,17.926839405337603,"rgba(239, 83, 80, 1.0)",0.0,0.0,0.17201181082365635,17.92220459083442,0.4522678343601419,58.35591342413749,2.062099014527213,True,False,True,False,True,1.8854083120574892,17.9482,17.909775,0.0,0.0,0.0,0.0,0,1.005305039787799,0.9590754073512703,False,False,False,False,-0.013562510022893853,-0.016568534095161604,False,False,False,False,-456890.0,-664740.2924204945,False,False,False,False,78890.14365524346,False,False,False,False
2025-07-04 15:00:00+00:00,18.0,18.0,18.0,18.0,0.0,,17.853136349024975,17.76286754692566,17.50891326789581,17.323165874852364,17.970572435584916,,,,17.90254926992786,17.301100237768473,17.381405872768973,17.58099756024167,17.6862108718283,17.72083570245669,17.94981862356586,18.2049319422271,17.926839405337603,"rgba(239, 83, 80, 1.0)",0.0,0.0,0.17190422642516184,17.92220459083442,0.45255088128650256,58.94804883971249,3.015491546465313,True,False,True,False,True,1.8854083120574892,17.9554,17.909725,0.0,0.0,0.0,0.0,0,1.0080244554833784,0.9560565533053124,False,False,False,False,-0.013562510022893853,-0.015065522059027728,False,False,False,False,-456890.0,-661517.8072666883,False,False,False,False,77667.04065283659,False,False,False,False
2025-07-04 16:00:00+00:00,18.0,18.0,18.0,18.0,0.0,,17.853136349024975,17.76286754692566,17.50891326789581,17.323165874852364,17.970572435584916,,,,17.90254926992786,17.301100237768473,17.381405872768973,17.58099756024167,17.6862108718283,17.72083570245669,17.94981862356586,18.2049319422271,17.926839405337603,"rgba(239, 83, 80, 1.0)",0.0,0.0,0.1721703535176744,17.92220459083442,0.45185136451262076,59.342805783429164,3.839279642012592,True,False,True,False,True,1.8854083120574892,17.9623,17.909025,0.0,0.0,0.0,0.0,0,1.0120061967467084,0.9566227730441524,False,False,False,False,-0.03561274984035987,-0.0253391359496938,False,False,False,False,-456890.0,-658345.2831230187,False,False,False,False,76462.90048767632,False,False,False,False
2025-07-04 17:00:00+00:00,18.0,18.0,18.0,18.0,0.0,,17.853136349024975,17.76286754692566,17.50891326789581,17.323165874852364,17.970572435584916,,,,17.90254926992786,17.301100237768473,17.381405872768973,17.58099756024167,17.6862108718283,17.72083570245669,17.94981862356586,18.2049319422271,17.926839405337603,"rgba(239, 83, 80, 1.0)",0.0,0.0,0.1724234260116888,17.92220459083442,0.4511881648860615,59.605977079240276,4.570854791070843,True,False,True,False,True,1.8854083120574892,17.9687,17.908450000000002,0.0,0.0,0.0,0.0,0,0.9996078431372553,0.9674509803921578,False,False,False,False,-0.03561274984035987,-0.030475942895026836,False,False,False,False,-456890.0,-655221.9454001811,False,False,False,False,75277.42916228599,False,False,False,False
2025-07-04 18:00:00+00:00,18.0,18.0,18.0,18.0,0.0,,17.853136349024975,17.76286754692566,17.50891326789581,17.323165874852364,17.970572435584916,,,,17.90254926992786,17.301100237768473,17.381405872768973,17.58099756024167,17.6862108718283,17.72083570245669,17.94981862356586,18.2049319422271,17.926839405337603,"rgba(239, 83, 80, 1.0)",0.0,0.0,0.1725404248226162,17.92220459083442,0.4508822164171711,59.78142460978102,5.229940926162456,True,False,True,False,True,1.8854083120574892,17.9761,17.907825,0.0,0.0,0.0,0.0,0,1.0007936507936512,0.9650793650793659,False,False,False,False,-0.03561274984035987,-0.03304434636769335,False,False,False,False,-456890.0,-652147.0315180077,False,False,False,False,74110.3372372893,False,False,False,False
2025-07-04 19:00:00+00:00,18.0,18.0,18.0,18.0,0.0,,17.853136349024975,17.76286754692566,17.50891326789581,17.323165874852364,17.970572435584916,,,,17.90254926992786,17.301100237768473,17.381405872768973,17.58099756024167,17.6862108718283,17.72083570245669,17.94981862356586,18.2049319422271,17.926839405337603,"rgba(239, 83, 80, 1.0)",0.0,0.0,0.17278435239396892,17.92220459083442,0.4502456853743253,59.898389630141516,5.826797498744199,True,False,True,False,True,1.8854083120574892,17.981499999999997,17.9072,-1.0,18.0,18.0,0.0,0,0.9992006394884098,0.9616306954436459,False,False,False,False,-0.03561274984035987,-0.03432854810402661,False,False,False,False,-456890.0,-649119.7907192789,False,False,False,False,72961.33976074218,False,False,False,False
2025-07-07 14:00:00+00:00,17.77,17.79,17.685,17.745,106875.0,,17.85254336877155,17.76275978816699,17.509730191337034,17.324352676131383,17.97017316255552,,,17.74,17.892987379757084,17.302368758649894,17.382382454785517,17.58133237369974,17.686316274017376,17.72087271100106,17.94945275303598,18.204200679264233,17.74,"rgba(239, 83, 80, 1.0)",0.0,0.0,0.17394339971978476,17.806974153181798,-0.35628919109109564,45.93495828099432,0.9328992686288657,False,True,False,True,False,0.0,17.9819,17.905549999999998,0.0,0.0,0.0,0.0,0,0.9929217459693281,0.9618560755013772,False,False,False,False,-0.24226977178767803,-0.13829915994585232,False,False,False,False,-563765.0,-647796.4606306078,False,False,False,False,73487.13294274618,False,False,False,False
2025-07-07 15:00:00+00:00,17.745,17.745,17.63,17.64,109692.0,,17.851575560050794,17.76232133621556,17.51031562400158,17.325364648348177,17.969643567387795,,,17.70538890966768,17.880385941599815,17.303461007412988,17.38318879233854,17.58152718448831,17.686286869953054,17.72077537657974,17.94895648517971,18.203342397555367,17.70538890966768,"rgba(239, 83, 80, 1.0)",0.0,0.0,0.17670538416404585,17.780600906525343,-0.7956798101568591,35.155326379492614,-8.375823814236234,False,True,False,True,False,0.0,17.980999999999998,17.903100000000002,0.0,0.0,0.0,0.0,0,0.9878192534381144,0.9658153241650301,False,False,False,False,-0.2834795931985182,-0.21088937657218526,False,False,False,False,-673457.0,-648194.2984502882,False,False,False,False,74048.44871107569,False,False,False,False
2025-07-07 16:00:00+00:00,17.645,17.69,17.615,17.645,66033.0,,17.85092836643124,17.76199682612033,17.51061895866824,17.32593306541074,17.969302548302263,,,17.6924466029724,17.87275103283803,17.304076907608977,17.383635737442376,17.581615961632878,17.68624307818005,17.720691198422276,17.948635316713986,18.202806056092964,17.687140777600852,"rgba(239, 83, 80, 1.0)",0.0,0.0,0.1794253088090177,17.751183855694123,-0.5917997655901851,28.342029277062522,-13.82516355474673,False,True,False,True,False,0.0,17.980600000000003,17.901625000000003,0.0,0.0,0.0,0.0,0,0.9823151125401933,0.9875401929260458,False,False,False,False,-0.3128870016901426,-0.26188818913116396,False,False,False,False,-607424.0,-647562.2007998961,False,False,False,False,73924.17818842335,False,False,False,False
2025-07-07 17:00:00+00:00,17.645,17.705,17.63,17.655,38188.0,,17.850580687857065,17.761832251335573,17.51081050548923,17.32627437073242,17.969113884552876,,,17.68898083261635,17.86881297080168,17.30444578540069,17.383906434921265,17.58167718789508,17.68622710004237,17.720651772898595,17.948458172954446,18.202503824802733,17.684718918003682,"rgba(239, 83, 80, 1.0)",0.0,0.0,0.18185480794012782,17.7479549098739,-0.5111490365682448,24.60501411134091,-16.62885677899527,False,True,False,True,False,0.0,17.9785,17.900225,0.0,0.0,0.0,0.0,0,0.9770900321543411,0.985128617363345,False,False,False,False,-0.3002223057396057,-0.2810552474353848,False,False,False,False,-569236.0,-646347.8410975722,False,False,False,False,73370.12891418423,False,False,False,False
2025-07-07 18:00:00+00:00,17.655,17.7,17.615,17.675,45190.0,,17.85017092152487,17.76163820864226,17.511036553754145,17.326677365476264,17.96889092851414,,,17.685813946922128,17.864340010128718,17.304881321757435,17.384226090296576,17.581749521943955,17.6862082209851,17.72060518842733,17.948248832785797,18.20214661476481,17.67945720117229,"rgba(239, 83, 80, 1.0)",0.0,0.0,0.18384550897680502,17.731484716340862,-0.30724012055136973,23.7685577296093,-17.1349866443975,False,True,False,True,False,0.0,17.9749,17.89895,0.0,0.0,0.0,0.0,0,0.9766505636070857,0.9871175523349445,False,False,False,False,-0.3086548081640846,-0.2948550277997347,False,False,False,False,-524046.0,-644451.688522416,False,False,False,False,72933.2276907085,False,False,False,False
2025-07-07 19:00:00+00:00,17.675,17.785,17.675,17.76,72406.0,,17.849785975656935,17.761570123760794,17.51157897241819,17.327467650454484,17.968623835148414,,,17.69476362428069,17.860149373411186,17.305725749159922,17.384877006090953,17.581973814660618,17.68627920126813,17.720630411582935,17.94800413969387,18.201656555323744,17.701093292279694,"rgba(239, 83, 80, 1.0)",0.0,0.0,0.18461142537272043,17.74004876402182,0.10807151257241786,28.993061020716635,-17.1349866443975,False,True,False,True,True,0.0,17.9752,17.898699999999998,0.0,0.0,0.0,0.0,0,0.9811396468699843,0.9779293739967907,False,False,False,False,-0.24839685197833264,-0.27162593988903366,False,False,False,False,-451640.0,-641462.3600181924,False,False,False,False,72925.05361798435,False,False,False,False
2025-07-08 14:00:00+00:00,17.755,17.775,17.685,17.685,106097.0,,17.849099400532136,17.7613563927384,17.51228267296836,17.328550370012394,17.968190911628962,,,17.6987068633555,17.85331847456592,17.306886300381546,17.38575966375785,17.582249513418947,17.68633462655774,17.720619702415195,17.947603656571342,18.200901557285565,17.703202918696128,"rgba(239, 83, 80, 1.0)",0.0,0.0,0.1863435024374871,17.741100880671098,-0.3010616412016816,30.096174709994116,-17.1349866443975,False,True,False,True,True,0.0,17.9746,17.8985,0.0,0.0,0.0,0.0,0,0.9827931172468991,0.9767907162865156,False,False,False,False,-0.24839685197833566,-0.26001139593368466,False,False,False,False,-557737.0,-640164.2924210111,False,False,False,False,73439.34736034117,False,False,False,False
2025-07-08 15:00:00+00:00,17.685,17.74,17.67,17.735,56743.0,,17.848735068085514,17.76124288791722,17.512657032892058,17.329126952774534,17.9679599806888,,,17.700244595469684,17.8499225623257,17.307504291337803,17.38622979397491,17.582396494645323,17.686364181509017,17.720613991620763,17.947390033935218,18.20049872846809,17.704299383799427,"rgba(239, 83, 80, 1.0)",0.0,0.0,0.18733654737330524,17.741277072178296,-0.03350692785955846,33.52897530505294,-25.851629248709113,False,True,False,True,True,0.0,17.975800000000003,17.898325,0.0,0.0,0.0,0.0,0,0.9875701684041704,0.9767441860465126,False,False,False,False,-0.26895594062750466,-0.26448366828059466,False,False,False,False,-500994.0,-638006.6134687474,False,False,False,False,73180.48926173123,False,False,False,False
2025-07-08 16:00:00+00:00,17.735,17.775,17.69,17.77,40867.0,,17.848532482702456,17.761214294688276,17.51296564377506,17.329573352145925,17.96781361603742,,,17.703093131139767,17.84809953392609,17.307980899888012,17.38659837719624,17.58252605434633,17.686407689970764,17.720631826355493,17.947256253330437,18.200226921464562,17.707571157049507,"rgba(239, 83, 80, 1.0)",0.0,0.0,0.18793508079750065,17.743018208021645,0.14356974687140467,37.52688222943394,-21.84353303598914,False,True,False,True,True,0.0,17.9705,17.89845,0.0,0.0,0.0,0.0,0,0.9851405622489964,0.9787148594377522,False,False,False,False,-0.2463524820041317,-0.2554180751423632,False,False,False,False,-460127.0,-635248.7900041156,False,False,False,False,72679.50493209198,False,False,False,False
2025-07-08 17:00:00+00:00,17.775,17.835,17.76,17.785,57061.0,,17.848382376407596,17.761293046937105,17.513484648840286,17.33026737261296,17.967653835317716,,,17.71045804774927,17.84680237389586,17.308718042920802,17.387180982967994,17.58276032040186,17.686518354773813,17.72070599028162,17.947114323623637,18.199888187110258,17.71640234679827,"rgba(239, 83, 80, 1.0)",0.0,0.0,0.18839538163019856,17.748481694764337,0.1938386435997952,40.91540801754199,-18.41252207153802,False,True,False,True,True,0.0,17.9647,17.89815,0.0,0.0,0.0,0.0,0,0.9895582329317273,0.9726907630522097,False,False,False,False,-0.19384994254706972,-0.22463400884471646,False,False,False,False,-403066.0,-631649.0568257571,False,False,False,False,72437.35756880374,False,False,False,False
2025-07-08 18:00:00+00:00,17.785,17.85,17.75,17.835,91910.0,,17.84822225709739,17.761491206564774,17.514371101305947,17.331424982558826,17.967424088156744,,17.811666666666667,17.72221703018642,17.845511176728515,17.309945426837597,17.388158105135584,17.583169325104894,17.686726637203428,17.720855205579536,17.946913451186735,18.199368311516015,17.74094279630682,"rgba(38, 166, 154, 1.0)",0.0,0.0,0.18839538163019856,17.75413214162164,0.4292454394508318,45.440195305334846,-13.93990579610169,False,False,False,True,True,0.0,17.9568,17.898049999999998,0.0,0.0,0.0,0.0,0,0.9887910328262612,0.9703763010408335,False,False,False,False,-0.1918532880348491,-0.20824364843978277,False,False,False,False,-311156.0,-626680.1722238074,False,False,False,False,72739.25900184554,False,False,False,False
2025-07-08 19:00:00+00:00,17.835,17.835,17.77,17.79,69530.0,,17.84805820758666,17.761600520534767,17.51500829053996,17.33227281216913,17.967235893636204,,17.805924182358773,17.72836671151951,17.844235083016926,17.310845401197092,17.388871137253975,17.583459769445735,17.686866977020905,17.72095123617637,17.946746944359006,18.198962455673207,17.745888700157497,"rgba(38, 166, 154, 1.0)",0.0,0.0,0.1885028018520537,17.758113609264427,0.1691560572165818,46.34479342643421,-12.78395289096298,False,False,False,True,True,0.0,17.9495,17.897625,0.0,0.0,0.0,0.0,0,0.9903807615230463,0.9731462925851712,False,False,False,False,-0.1898581435816592,-0.19905089601072098,False,False,False,False,-380686.0,-622866.3090885546,False,False,False,False,72689.50304832855,False,False,False,False
2025-07-09 14:00:00+00:00,17.715,17.73,17.62,17.65,69090.0,,17.847467443535727,17.761321448386173,17.515345694312945,17.332875087781403,17.966903850465272,,17.76418860885785,17.723781427412813,17.83958742068077,17.311495748877984,17.389350162436347,17.5835712280091,17.686841768384653,17.720884460957638,17.946435404588797,18.198427707845987,17.73490355344336,"rgba(38, 166, 154, 1.0)",0.0,0.0,0.19048212892869903,17.750684205353803,-0.5285755987717481,42.30503693825075,-12.78395289096298,False,False,False,True,False,0.0,17.9397,17.89625,0.0,0.0,0.0,0.0,0,0.9817387852322356,0.9730051607780874,False,False,False,False,-0.2939250843907459,-0.24648799020073342,False,False,False,False,-449776.0,-620182.7384050111,False,False,False,False,72633.69679951726,False,False,False,False
2025-07-09 15:00:00+00:00,17.645,17.675,17.6,17.64,64588.0,,17.846832641527616,17.760984391404406,17.515600952298097,17.33338853388873,17.966564875990827,,17.7366445738089,17.718230700245737,17.83478066957617,17.312053243795905,17.389750881684126,17.583639718044214,17.686785243607613,17.72078964106725,17.946115359722356,18.197902191561035,17.72508128285144,"rgba(38, 166, 154, 1.0)",0.0,0.0,0.19247725968348398,17.7434633983355,-0.5375356990516075,39.35271936473449,-12.78395289096298,False,True,False,True,False,0.0,17.9286,17.8951,0.0,0.0,0.0,0.0,0,0.9967871485943779,0.9738955823293182,False,False,False,False,-0.32564967374120257,-0.286068831970968,False,False,False,False,-514364.0,-618542.1378095845,False,False,False,False,72508.95731425342,False,False,False,False
2025-07-09 16:00:00+00:00,17.645,17.68,17.6,17.635,48476.0,,17.846358721894013,17.760732627169926,17.515791839136146,17.333772764204934,17.966310920555916,,17.722774320855432,17.7145163683198,17.831321181568438,17.31247041929837,17.390050791950248,17.583691010246664,17.686742905856853,17.720718617738285,17.945875589093,18.197508416942423,17.71920615084203,"rgba(38, 166, 154, 1.0)",0.0,0.0,0.1946956969585664,17.7389043871247,-0.5336758271900013,37.24384616541577,-12.78395289096298,False,True,False,True,False,0.0,17.917,17.8942,0.0,0.0,0.0,0.0,0,0.996750609260764,0.9809098294069871,False,False,False,False,-0.32351553350966533,-0.30479218274031666,False,False,False,False,-562840.0,-617678.538773777,False,False,False,False,72136.35332488515,False,False,False,False
2025-07-09 17:00:00+00:00,17.635,17.635,17.575,17.585,87580.0,,17.845344356134827,17.760132591008354,17.516023124787473,17.33437364202417,17.965797267256782,,17.697497885617718,17.705514266090784,17.824137039452012,17.31312923229041,17.39050380038764,17.58371577691902,17.686603555123217,17.720528462104,17.94538713056859,18.19674761030408,17.706513966267885,"rgba(38, 166, 154, 1.0)",0.0,0.0,0.1976549910709635,17.72876529950375,-0.72735476460664,34.46965429815009,-7.120333357982709,False,True,False,True,False,0.0,17.904700000000002,17.893,0.0,0.0,0.0,0.0,0,0.9963099630996312,0.9868798687986888,False,False,False,False,-0.34282825441539394,-0.3238102185778553,False,False,False,False,-650420.0,-618186.1583276719,False,False,False,False,72375.78970744506,False,False,False,False
2025-07-09 18:00:00+00:00,17.585,17.64,17.58,17.62,68783.0,,17.84460152428169,17.759707839525525,17.51623680103928,17.334870354073047,17.965411288217986,,17.685918709008977,17.70022660575477,17.81915273985528,17.313671622405835,17.390883780732356,17.58375506913569,17.686512965935282,17.720397814458863,17.945021008771675,18.196166389840087,17.69960069689479,"rgba(38, 166, 154, 1.0)",0.0,0.0,0.19988397535413002,17.72290296148408,-0.5148134626688772,34.73247745422831,-7.307329665262699,False,True,False,True,False,0.0,17.893,17.891824999999997,0.0,0.0,0.0,0.0,0,0.9860312243221037,0.9897288414133123,False,False,False,False,-0.33857754726090694,-0.3311938829193811,False,False,False,False,-581637.0,-617619.5047101886,False,False,False,False,72320.08754143816,False,False,False,False
2025-07-09 19:00:00+00:00,17.625,17.65,17.57,17.63,198231.0,,17.842517541460072,17.758524917541937,17.516868356506755,17.336309040258957,17.964314106582883,,17.66625652403078,17.68837253281234,17.806235122170055,17.315241137999074,17.391987962953042,17.583880423488672,17.686264973750728,17.720034733571314,17.94398091498221,18.194507328660073,17.685308739027455,"rgba(38, 166, 154, 1.0)",0.0,0.0,0.20115002692791287,17.70994941623897,-0.3974616233465542,35.50888358743153,-7.307329665262699,False,True,False,True,False,0.0,17.8809,17.890575,0.0,0.0,0.0,0.0,0,0.9835728952772077,0.9897330595482555,False,False,False,False,-0.33857754726090694,-0.33488571509014403,False,False,False,False,-383406.0,-613988.2875828989,False,False,False,False,74272.19471133834,False,False,False,False
2025-07-10 14:00:00+00:00,17.535,17.585,17.47,17.48,78833.0,,17.841318936855394,17.757715722477098,17.51685538038805,17.336664353211713,17.963748486871026,,17.650572543513412,17.6789357977238,17.798946770821917,17.31564494216699,17.392220268334892,17.583771206663254,17.686018790604138,17.719745094101278,17.943437015011202,18.193730776113608,17.67418982788919,"rgba(239, 83, 80, 1.0)",0.0,0.0,0.2055307784753109,17.700302786616746,-1.0718724866952658,32.07601920458763,-10.78475168535821,False,True,False,True,False,0.0,17.868199999999998,17.888525,0.0,0.0,0.0,0.0,0,0.9690301548492262,0.993480032599838,False,False,False,False,-0.34282825441539394,-0.338856984752769,False,False,False,False,-462239.0,-611635.5854498306,False,False,False,False,74342.90487085248,False,False,False,False
2025-07-10 15:00:00+00:00,17.485,17.515,17.475,17.485,77086.0,,17.840084662546083,17.756865671590234,17.516794086705755,17.336970854563873,17.963172359027435,,17.63623075914376,17.669641901318453,17.7916880069943,17.315998072033405,17.39240866593867,17.583635194952517,17.685751196422505,17.719435503091045,17.942881915670696,18.192950922625307,17.663489235278135,"rgba(239, 83, 80, 1.0)",0.0,0.0,0.20865381476067152,17.690890744465786,-0.9867576334606972,30.08284910067965,-13.05125375896111,False,True,False,True,False,0.0,17.8538,17.886775,0.0,0.0,0.0,0.0,0,0.9693126022913263,1.0012274959083478,False,False,False,False,-0.34282825441539394,-0.34084261958408146,False,False,False,False,-385153.0,-608124.2275358798,False,False,False,False,74385.43347750593,False,False,False,False
2025-07-10 16:00:00+00:00,17.485,17.51,17.45,17.47,145869.0,,17.83767321449093,17.75518175943286,17.516610160645318,17.33749162111504,17.96205143744943,,17.612954745913903,17.653075106760642,17.77820881840816,17.316605704675798,17.39270964123739,17.583337119029743,17.68520786261344,17.718813531602272,17.94180043601399,18.191448482278894,17.644936832499987,"rgba(239, 83, 80, 1.0)",0.0,0.0,0.21216872429114886,17.674227879476238,-0.9625729718579391,28.41956304481377,-14.997779555459516,False,True,False,True,False,0.0,17.8396,17.88495,0.0,0.0,0.0,0.0,0,0.963990066225166,1.016142384105961,False,False,False,False,-0.34282825441539394,-0.34183543699973773,False,False,False,False,-531022.0,-606928.8441632305,False,False,False,False,75493.70582669188,False,False,False,False
2025-07-10 17:00:00+00:00,17.475,17.515,17.47,17.515,37979.0,,17.837090844538817,17.754783098225232,17.516590361866257,17.337649198776496,17.961774426012344,,17.608821707106763,17.649728370215538,17.775143584053144,17.316786109861592,17.392809332523584,17.583276699839217,17.685082637616624,17.71866766944369,17.941533764688135,18.191071070834646,17.641308797398054,"rgba(239, 83, 80, 1.0)",0.0,0.0,0.21473788757489007,17.670847636395198,-0.7257575184111162,30.178994156397817,-14.997779555459516,False,True,False,True,False,0.0,17.825,17.883349999999997,0.0,0.0,0.0,0.0,0,0.9679700499168058,1.0120632279534119,False,False,False,False,-0.33355172872879313,-0.33769358286426543,False,False,False,False,-493043.0,-605163.1721606997,False,False,False,False,74912.0824805416,False,False,False,False
2025-07-10 18:00:00+00:00,17.515,17.54,17.455,17.455,96155.0,,17.83555288766692,17.753713654892,17.51649030020275,17.338005973946906,17.961049313347697,,17.5981822324701,17.64100091349009,17.76722453429968,17.31719987001141,17.393021788093616,17.583093585520807,17.68473786782968,17.71827116344622,17.940834613917247,18.190094382072484,17.63190120264148,"rgba(239, 83, 80, 1.0)",0.0,0.0,0.2190129783470608,17.66206803919296,-0.9454601309737417,29.70093298563073,-14.997779555459516,False,True,False,True,False,0.0,17.809399999999997,17.88145,0.0,0.0,0.0,0.0,0,0.9625000000000004,1.0141666666666678,False,False,False,False,-0.32985664588229424,-0.33377511437327984,False,False,False,False,-589198.0,-604915.6501116966,False,False,False,False,75241.43003898281,False,False,False,False
2025-07-10 19:00:00+00:00,17.455,17.535,17.43,17.45,275748.0,,17.83107200563554,17.75056263573158,17.516106857313872,17.338938126899063,17.95893152474493,,17.57343760269947,17.618860866789,17.745883879578948,17.318292577099623,17.39354756573898,17.582511183271862,17.683698763244077,17.717085360287598,17.938790580708574,18.18726238974392,17.608615615612983,"rgba(239, 83, 80, 1.0)",0.0,0.0,0.22264499274081584,17.63979964074911,-0.852476574535228,29.25198807627939,-15.244348923471733,False,True,False,True,False,0.0,17.7954,17.879525,0.0,0.0,0.0,0.0,0,0.9538269550748759,1.0195507487520807,False,False,False,False,-0.34096844581016855,-0.3373717800917242,False,False,False,False,-864946.0,-608947.1284045384,False,False,False,False,78350.0590306265,False,False,False,False
2025-07-11 14:00:00+00:00,17.395,17.475,17.385,17.47,65123.0,,17.829947665079303,17.749754154621222,17.515960129467583,17.33910978778225,17.9584051151135,,17.567693270851173,17.61360319416215,17.740811148663056,17.318501130503257,17.39362604840379,17.582339594324075,17.683422241917153,17.71677483421679,17.938281318790157,18.18657046570191,17.581853610298438,"rgba(239, 83, 80, 1.0)",0.0,0.0,0.2268162331125538,17.612535365539184,-0.6284178322829936,30.329257359575696,-15.244348923471733,False,True,False,True,False,0.0,17.7823,17.8777,0.0,0.0,0.0,0.0,0,0.9506895110739664,1.0288340994567495,False,False,False,False,-0.34282825441539394,-0.3401000172535591,False,False,False,False,-799823.0,-611906.4442432276,False,False,False,False,78144.98834798113,False,False,False,False
2025-07-11 15:00:00+00:00,17.475,17.475,17.41,17.435,29014.0,,17.82944453812716,17.749391420244105,17.51589195714382,17.339183645346868,17.958169416284147,,17.565229903246575,17.6113169540359,17.738580768347806,17.31859134753562,17.393658595401558,17.5822614532032,17.68329754160102,17.716635029731314,17.938053240476023,18.18626122903308,17.579638330583894,"rgba(239, 83, 80, 1.0)",0.0,0.0,0.23165654913367126,17.610285447149472,-0.7566608749244977,29.943915472959628,-15.357989050387353,False,True,False,True,False,0.0,17.7685,17.875700000000002,0.0,0.0,0.0,0.0,0,0.9513014273719569,1.0281276238455086,False,False,False,False,-0.3339943113048262,-0.3370471642791927,False,False,False,False,-828837.0,-615269.7086735652,False,False,False,False,77383.26759840001,False,False,False,False
2025-07-11 16:00:00+00:00,17.435,17.475,17.41,17.46,35595.0,,17.828842231742925,17.748959523648978,17.515817654088334,17.339281585317508,17.957885194127893,,17.562527278907588,17.608725587107994,17.73596438035037,17.31870942928761,17.393705631484845,17.58217131380004,17.683149964987223,17.716468868282657,17.937778391117902,18.18588643310475,17.57750005361378,"rgba(239, 83, 80, 1.0)",0.0,0.0,0.23539592868825737,17.607908855996804,-0.6283407568730043,31.474128110367747,-15.357989050387353,False,True,False,True,True,0.0,17.7604,17.873325,0.0,0.0,0.0,0.0,0,0.9459002535925619,1.0355029585798823,False,False,False,False,-0.3339943113048262,-0.3355207377920094,False,False,False,False,-793242.0,-618028.9690042075,False,False,False,False,76735.38748059535,False,False,False,False
2025-07-11 17:00:00+00:00,17.455,17.5,17.45,17.5,53481.0,,17.828023756611238,17.748388208419488,17.515764062932977,17.339475531578994,17.95748804103424,,17.55986865829165,17.605799997789624,17.73258848923835,17.318934237511215,17.393821332249384,17.5820714660374,17.682961579110117,17.716252136839074,17.937395502188373,18.185350711302892,17.576374208867065,"rgba(239, 83, 80, 1.0)",0.0,0.0,0.23798279519867493,17.605809453397093,-0.44460967570685195,35.11102255094109,-19.281424641058898,False,True,False,True,True,0.0,17.7529,17.87115,0.0,0.0,0.0,0.0,0,0.9436679373146977,1.0330368487928852,False,False,False,False,-0.3112556195864268,-0.3233881786892181,False,False,False,False,-739761.0,-619916.2873142197,False,False,False,False,76374.85434136132,False,False,False,False
2025-07-11 18:00:00+00:00,17.495,17.53,17.475,17.53,51229.0,,17.827307521146967,17.747901504089448,17.515757598091373,17.339697315619627,17.95713092981257,,17.558366900808856,17.60374219740792,17.729796376886675,17.319186018380794,17.393966873474696,17.582003402730578,17.682807023241736,17.716070117291125,17.93705218899836,18.184858993782203,17.57618734685348,"rgba(239, 83, 80, 1.0)",0.0,0.0,0.24070293081029187,17.60457617349104,-0.3098266117491335,39.300208938333505,-15.332409666405482,False,False,False,True,True,0.0,17.7461,17.868775,0.0,0.0,0.0,0.0,0,0.9414261460101876,1.0352292020373521,False,False,False,False,-0.29225667454538334,-0.30782242661730075,False,False,False,False,-688532.0,-620980.096813224,False,False,False,False,75984.9961345185,False,False,False,False
2025-07-11 19:00:00+00:00,17.525,17.535,17.445,17.46,101269.0,,17.825760081413218,17.74681707367606,17.51564641814466,17.340053636901615,17.956376613175475,,17.553820453387978,17.598616357449373,17.723707683054013,17.319600239552035,17.394176400959488,17.581808841225385,17.682445937164108,17.715655658114738,17.936324757508924,18.183843455869315,17.5721970894775,"rgba(239, 83, 80, 1.0)",0.0,0.0,0.2449411585890248,17.599867336596915,-0.5710242304830089,39.00468491522815,-15.332409666405482,False,False,False,True,True,0.0,17.7377,17.865825,0.0,0.0,0.0,0.0,0,0.9386632825719126,1.032571912013537,False,False,False,False,-0.3008663780609083,-0.30434440233910454,False,False,False,False,-789801.0,-623597.475157205,False,False,False,False,76376.99619444844,False,False,False,False
2025-07-14 14:00:00+00:00,17.575,17.625,17.485,17.545,36262.0,,17.825323484099,17.746534623271952,17.515686476840408,17.34024590120326,17.95614763745046,,17.553776621726005,17.597930141668307,17.722219106514643,17.319814082857906,17.394313623568458,17.58178826832369,17.682362614124102,17.715552629530283,17.936105664271835,18.183517481331847,17.56691821030961,"rgba(239, 83, 80, 1.0)",0.0,0.0,0.2471527047378235,17.5890020586319,-0.1780359178289122,43.114016621624074,-11.740962189203245,True,False,False,True,True,0.0,17.7317,17.863475,0.0,0.0,0.0,0.0,0,0.9421383647798751,1.0218029350104831,False,False,False,False,-0.2565359426981299,-0.2804401725186172,False,False,False,False,-753539.0,-625612.0724415894,False,False,False,False,75755.05826895311,False,False,False,False
2025-07-14 15:00:00+00:00,17.545,17.58,17.515,17.515,26687.0,,17.824985494400398,17.746311315148557,17.51570363426931,17.340377151820135,17.95597304517076,,17.553524142419374,17.597278166584914,17.7210450280465,17.319961043664264,17.394404847401557,17.581765614819805,17.682294330261456,17.715469955988386,17.93593829699286,18.183272105103615,17.566190343389877,"rgba(239, 83, 80, 1.0)",0.0,0.0,0.24964073284473726,17.588269939975795,-0.29350154175907117,44.537958583080524,-10.408833091500554,True,False,False,True,True,0.0,17.7258,17.861425,0.0,0.0,0.0,0.0,1,0.9419924337957134,1.0311055065153436,False,False,False,False,-0.26159788569932363,-0.2710190291089704,False,False,False,False,-780226.0,-628009.1875975338,False,False,False,False,74994.31317951197,False,False,False,False
2025-07-14 16:00:00+00:00,17.515,17.545,17.495,17.53,26835.0,,17.824630747268486,17.74607299662989,17.515709903223,17.340500000692266,17.955792053214676,,17.553082717602553,17.596495248579107,17.719795027557012,17.320099538855658,17.39448787309782,17.581736130821856,17.682219451542316,17.715380707576106,17.93576452753667,18.183020471742868,17.565160784585466,"rgba(239, 83, 80, 1.0)",0.0,0.0,0.2515086372162124,17.587325688733394,-0.22792731640508987,46.21431473097283,-8.761001124216648,True,False,False,True,True,0.0,17.7206,17.859725,0.0,0.0,0.0,0.0,0,0.9364137346333202,1.042390843577788,False,False,False,False,-0.2755299187897481,-0.2732744739493592,False,False,False,False,-753391.0,-629953.091665789,False,False,False,False,74247.65716122497,False,False,False,False
2025-07-14 17:00:00+00:00,17.525,17.53,17.46,17.485,98976.0,,17.823192748706262,17.74507404750843,17.515637260061464,17.340873452171554,17.955077018835983,,17.549940173052256,17.592555401007257,17.714596570605522,17.320529387773476,17.394718140866196,17.581568816966453,17.681888962133762,17.714998086866604,17.935075761237986,18.182049552989124,17.559376540716823,"rgba(239, 83, 80, 1.0)",0.0,0.0,0.2537660836774413,17.582358244354957,-0.3836534927918429,45.3039095517911,-8.761001124216648,True,False,False,True,True,0.0,17.714000000000002,17.858025,0.0,0.0,0.0,0.0,1,0.9364137346333202,1.0339126748622305,False,False,False,False,-0.29050189387113223,-0.2818881839102457,False,False,False,False,-852367.0,-633401.3693143815,False,False,False,False,74631.04232151606,False,False,False,False
2025-07-14 18:00:00+00:00,17.485,17.55,17.48,17.505,56653.0,,17.822424545299732,17.74455063023067,17.515630405182065,17.34111462483885,17.954686351018257,,17.548851107979214,17.590851921007154,17.711983770300474,17.320803102271128,17.39487654291028,17.581494570404796,17.681720143346908,17.714799226705832,17.934700217059618,18.1815110978856,17.55844386284067,"rgba(239, 83, 80, 1.0)",0.0,0.0,0.25495518065711903,17.580967890411465,-0.29796566681118963,45.78628196201502,-8.761001124216648,True,False,False,True,True,0.0,17.706500000000002,17.85625,0.0,0.0,0.0,0.0,1,0.9495510902094919,1.0290722530996161,False,False,False,False,-0.2747197227077102,-0.27830395330897795,False,False,False,False,-795714.0,-635917.8442087321,False,False,False,False,74352.31298319797,False,False,False,False
2025-07-14 19:00:00+00:00,17.505,17.545,17.49,17.5,123811.0,,17.820758809575594,17.74341487128449,17.515615506418385,17.34163932663834,17.95383496653461,,17.546674137058965,17.587367842418146,17.70650146749801,17.321398565167865,17.395221229846065,17.581332857679598,17.68135236522396,17.714365983365372,17.93388180697263,18.180337349035938,17.556489623573803,"rgba(239, 83, 80, 1.0)",0.0,0.0,0.2532314043397917,17.578093428117974,-0.30838761219831323,45.85848988154453,-8.51153755214996,True,False,False,True,True,0.0,17.698900000000002,17.8546,0.0,0.0,0.0,0.0,1,0.9520137103684669,1.0201371036846623,False,False,False,False,-0.27275645403164467,-0.27553020367031134,False,False,False,False,-919525.0,-640314.8543760385,False,False,False,False,75119.11433229568,False,False,False,False
2025-07-15 14:00:00+00:00,17.455,17.47,17.34,17.425,54744.0,,17.819791524927098,17.742701037716717,17.515443033468035,17.341734455037706,17.95337466200466,,17.54326748902339,17.58401488740443,17.702976321076974,17.321522914827565,17.395242662455406,17.581159300207947,17.681094720954654,17.714080795050865,17.933435481600732,18.17974225926019,17.530009411476456,"rgba(239, 83, 80, 1.0)",0.0,0.0,0.2540429842321878,17.573929749178895,-0.5862383865038229,42.64622099821456,-8.51153755214996,True,False,False,True,False,0.0,17.6896,17.853,0.0,0.0,0.0,0.0,1,0.9387234042553196,1.025531914893618,False,False,False,False,-0.34282825441539394,-0.30917922904285267,False,False,False,False,-974269.0,-645492.4380291231,False,False,False,False,74803.22108683373,False,False,False,False
2025-07-15 15:00:00+00:00,17.425,17.475,17.375,17.435,34099.0,,17.81921584046491,17.742280262898216,17.515353099372042,17.341807668782106,17.953097151053086,,17.541489001208305,17.58218609890445,17.700946070346376,17.321614485528002,17.395269502789457,17.5810619865847,17.680944399815267,17.713913203163028,17.933166727371223,18.17938008776903,17.5286733726154,"rgba(239, 83, 80, 1.0)",0.0,0.0,0.25455998071876973,17.571815210625253,-0.5374576563014586,41.16178523201335,-4.578693186309778,True,False,False,True,False,0.0,17.6802,17.851375,0.0,0.0,0.0,0.0,1,0.9369676320272577,1.0323679727427606,False,False,False,False,-0.32534552661117505,-0.31726237782701383,False,False,False,False,-940170.0,-650061.0824007646,False,False,False,False,74172.14789168902,False,False,False,False
2025-07-15 16:00:00+00:00,17.435,17.435,17.385,17.4,19219.0,,17.81887417257782,17.742027267279525,17.515289891715106,17.34183855984381,17.952934415913248,,17.54032331543593,17.581031649935582,17.699725045651874,17.32165556337906,17.395274710775162,17.580999419686783,17.680852493897962,17.713811671099737,17.933008881422598,18.17917022879463,17.527009382130686,"rgba(239, 83, 80, 1.0)",0.0,0.0,0.2542981863233062,17.57045360181227,-0.6702902772399804,38.79091756777159,-6.919919360169729,False,False,False,True,False,0.0,17.669,17.84975,0.0,0.0,0.0,0.0,1,0.951367781155016,1.0360399478940523,False,False,False,False,-0.3383595521309281,-0.327810964978971,False,False,False,False,-959389.0,-654856.8640689697,False,False,False,False,73320.16110267058,False,False,False,False
2025-07-15 17:00:00+00:00,17.395,17.485,17.39,17.485,14786.0,,17.818641412961266,17.741859935191748,17.51526218358047,17.34187939910898,17.952819972655355,,17.539748498530372,17.580388721642958,17.698941026878725,17.321704472887387,17.395295114383668,17.58096419189645,17.680793855935608,17.71374546510064,17.932898269395686,18.17901860152577,17.526969116169397,"rgba(239, 83, 80, 1.0)",0.0,0.0,0.2516124934231229,17.56977988090644,-0.33694622931092894,42.23682359969029,-6.919919360169729,True,False,False,True,True,0.0,17.66,17.849149999999998,0.0,0.0,0.0,0.0,1,0.9512619669277641,1.0187119234116633,False,False,False,False,-0.314007595101458,-0.32090928004021446,False,False,False,False,-944603.0,-659349.0522229391,False,False,False,False,72412.65472898577,False,False,False,False
2025-07-15 18:00:00+00:00,17.485,17.52,17.43,17.43,17724.0,,17.81836787862905,17.741664238123114,17.515232574403907,17.341931239641312,17.952684688496145,,17.539121787382527,17.579666515711363,17.69803310440488,17.32176601985869,17.39532236055319,17.580924194281096,17.680725665295434,17.713668178756876,17.93276758807819,18.178838598129158,17.52696476120319,"rgba(239, 83, 80, 1.0)",0.0,0.0,0.24979180520124944,17.56904568528443,-0.5566463045991631,42.197344691992384,-6.919919360169729,True,False,False,True,True,0.0,17.6489,17.848275,0.0,0.0,0.0,0.0,1,0.9552368535419389,1.0112994350282494,False,False,False,False,-0.2813663440831422,-0.30113781206167833,False,False,False,False,-962327.0,-664046.3847466145,False,False,False,False,71564.76860915653,False,False,False,False
2025-07-15 19:00:00+00:00,17.435,17.63,17.435,17.61,216497.0,,17.81596769026278,17.740122505275597,17.51551282096331,17.343085153617952,17.951366801049915,,17.54080442260396,17.578210019465903,17.691836691195885,17.32304507406557,17.396156516583403,17.580833318189985,17.680265676931032,17.713092406500625,17.931507943537447,18.176946907289558,17.538872920003357,"rgba(239, 83, 80, 1.0)",0.0,0.0,0.24506465409037828,17.565240820868706,0.1826423288067764,48.81620442312316,-6.06371798536162,True,False,False,False,True,0.0,17.6411,17.848125,0.0,0.0,0.0,0.0,1,0.9573091849935322,1.002587322121605,False,False,False,False,-0.23240387115543093,-0.26677084160855463,False,False,False,False,-745830.0,-665314.3477737987,False,False,False,False,73811.77994854945,False,False,False,False
2025-07-16 14:00:00+00:00,17.475,17.57,17.41,17.44,62023.0,,17.815064042509704,17.739481299417612,17.515434396902663,17.34328381872573,17.950909566988123,,17.539152903545347,17.57619805155338,17.68909499181166,17.323277501814704,17.396269491491502,17.580709573681315,17.680043113121123,17.712838076934464,17.931066793842994,18.17633291821283,17.534435665435385,"rgba(239, 83, 80, 1.0)",0.0,0.0,0.2413214931638164,17.56217328208982,-0.5062677198291795,47.687231911768166,-6.06371798536162,True,False,False,False,True,0.0,17.6299,17.8472,0.0,0.0,0.0,0.0,1,0.9534585824081989,1.0008539709649882,False,False,False,False,-0.26847521032744903,-0.2676230259680018,False,False,False,False,-807853.0,-667524.249358701,False,False,False,False,73629.0081664014,False,False,False,False
2025-07-16 15:00:00+00:00,17.445,17.48,17.33,17.465,47784.0,,17.814273086417195,17.738900066205225,17.515305039958502,17.34337973177211,17.950522308307058,,17.537040052384718,17.573995905293216,17.686566430678596,17.32339855954312,17.396301856719262,17.580571605925446,17.679831954028085,17.71260303519245,17.930691673601377,18.175828144520768,17.511854828949303,"rgba(239, 83, 80, 1.0)",0.0,0.0,0.23960953597359083,17.54825963693207,-0.34748048149989486,47.70660645645097,-6.06371798536162,True,False,False,False,True,0.0,17.6192,17.846125,0.0,0.0,0.0,0.0,1,0.9477040816326536,1.0089285714285723,False,False,False,False,-0.34282825441539394,-0.30522564019169784,False,False,False,False,-760069.0,-668959.051694225,False,False,False,False,73228.31036537192,False,False,False,False
2025-07-16 16:00:00+00:00,17.465,17.58,17.445,17.545,41957.0,,17.81375599315019,17.738550801226356,17.515315110577003,17.343565001616273,17.95024628144786,,17.536820854674666,17.573356184694454,17.68520558889057,17.323607264221085,17.396427384329805,17.580527108695502,17.67971826644812,17.712467426196756,17.930426714632183,18.17544345782721,17.51801811477623,"rgba(239, 83, 80, 1.0)",0.0,0.0,0.23431758305658265,17.550824727056998,-0.024858258526804157,50.02811822205838,-4.975946078285531,True,False,False,False,True,0.0,17.6101,17.84625,0.0,0.0,0.0,0.0,1,0.9532113994045096,1.008081667375586,False,False,False,False,-0.24929924474528428,-0.2772624424684911,False,False,False,False,-718112.0,-669721.1129082681,False,False,False,False,72743.48384807933,False,False,False,False
2025-07-16 17:00:00+00:00,17.545,17.57,17.49,17.495,50769.0,,17.81312202007948,17.738119909013903,17.515319684824817,17.343782452121115,17.949908852536282,,17.536469899422737,17.57252813779285,17.683539037785206,17.323852912606885,17.39657297314814,17.58046865940813,17.679576531127147,17.712299264516286,17.9301026361759,18.174975019164076,17.520351228392485,"rgba(239, 83, 80, 1.0)",0.0,0.0,0.22984773651643758,17.55139544423478,-0.24536001567606294,50.02227100819612,-4.773937511837445,True,False,False,False,True,0.0,17.6,17.84655,0.0,0.0,0.0,0.0,1,0.957392415850022,1.0051129100979985,False,False,False,False,-0.23450849223795864,-0.25588546735322487,False,False,False,False,-768881.0,-671258.4754988375,False,False,False,False,72402.79417601608,False,False,False,False
2025-07-16 18:00:00+00:00,17.495,17.53,17.42,17.5,49178.0,,17.81243789869315,17.737637913145683,17.51527279611743,17.34395044056486,17.949556033721862,,17.535510442838632,17.571246579358064,17.681620801854567,17.324047555733035,17.396673225506984,17.58038031347158,17.679409724744648,17.71210730745263,17.92976255750685,18.174497744703437,17.518930890660613,"rgba(239, 83, 80, 1.0)",0.0,0.0,0.2228829733729483,17.550037034488422,-0.22449913392305604,50.176659651450734,-4.3101116927083325,True,False,False,False,True,0.0,17.59,17.847175,0.0,0.0,0.0,0.0,1,0.9498938428874745,1.0076433121019117,False,False,False,False,-0.2813663440831422,-0.26862590571818357,False,False,False,False,-719703.0,-672009.5533980804,False,False,False,False,72042.71984770574,False,False,False,False
2025-07-16 19:00:00+00:00,17.495,17.525,17.43,17.455,136663.0,,17.810475157979173,17.736238269930137,17.515089118858004,17.344370700364973,17.94855040524261,,17.532380332718468,17.567359208474414,17.676132325911045,17.324540902939315,17.39690793118461,17.580102031675956,17.678916243844494,17.71154456382415,17.928792065299504,18.173149357238998,17.513952609679023,"rgba(239, 83, 80, 1.0)",0.0,0.0,0.21619650304219376,17.545666090258493,-0.41936890274677496,48.803042813738685,-4.3101116927083325,True,False,False,False,True,0.0,17.5791,17.84735,0.0,0.0,0.0,0.0,1,0.9591315453384425,1.0042571306939136,False,False,False,False,-0.27921159144586355,-0.2739187485820236,False,False,False,False,-856366.0,-674867.7928802808,False,False,False,False,73044.58465626843,False,False,False,False
2025-07-17 14:00:00+00:00,17.45,17.52,17.425,17.5,51443.0,,17.809767271729367,17.735738119189506,17.515038154216207,17.34454279404631,17.9481821579086,,17.531484333151653,17.56613835891701,17.674252176537145,17.32474057247296,17.397009930644312,17.580008704587964,17.678741428379475,17.711343610392728,17.928437073607988,18.172651529639477,17.513112224584972,"rgba(239, 83, 80, 1.0)",0.0,0.0,0.21089861361557027,17.54459893001345,-0.21147094923414558,49.50275251337873,-4.3101116927083325,True,False,False,False,True,0.0,17.569100000000002,17.847275,0.0,0.0,0.0,0.0,1,0.9600000000000007,1.0004255319148947,False,False,False,False,-0.28352364564860405,-0.27872119711531385,False,False,False,False,-804923.0,-676884.1526805866,False,False,False,False,72709.67636702396,False,False,False,False
2025-07-17 15:00:00+00:00,17.495,17.515,17.425,17.475,46979.0,,17.809103848204053,17.73526517337662,17.51497784160777,17.344688143999928,17.94783917485542,,17.53053451936655,17.564925013874422,17.672479140344475,17.324910881282648,17.397091887042116,17.579914979646798,17.678573966075575,17.71115242470264,17.92810613341311,18.172190956786324,17.511966713189796,"rgba(239, 83, 80, 1.0)",0.0,0.0,0.20616124625933657,17.54341073990814,-0.33183122992030434,49.067154835840796,-4.3101116927083325,True,False,False,False,True,0.0,17.558600000000002,17.847324999999998,0.0,0.0,0.0,0.0,1,0.9696321642429436,0.9961505560307966,False,False,False,False,-0.2856835207835541,-0.28220235894943396,False,False,False,False,-851902.0,-679597.6076777867,False,False,False,False,72310.75115203133,False,False,False,False
2025-07-17 16:00:00+00:00,17.475,17.52,17.47,17.48,96684.0,,17.807820402399802,17.7343644761119,17.514906561489788,17.345029273235262,17.947161975430802,,17.529251834982794,17.56299557943094,17.669250494376204,17.32530377281784,17.397301316741764,17.57975518267215,17.678260637317223,17.710789965360547,17.92745385253642,18.17126974467232,17.511344249153318,"rgba(239, 83, 80, 1.0)",0.0,0.0,0.20086764500673862,17.542011535331373,-0.30871838682278485,48.9808766915874,-4.3101116927083325,True,False,False,False,True,0.0,17.5533,17.84695,0.0,0.0,0.0,0.0,1,0.979627221499784,0.9939315127871707,False,False,False,False,-0.2641976547141793,-0.2732000068318066,False,False,False,False,-755218.0,-680770.0168610768,False,False,False,False,72688.63097913162,False,False,False,False
2025-07-17 17:00:00+00:00,17.485,17.515,17.44,17.47,32716.0,,17.807368056809644,17.734042577057398,17.514868062952633,17.3451324362854,17.946925773786468,,17.528677071479876,17.562235425286687,17.668094428632287,17.32542422677425,17.397360537333352,17.57969222386118,17.678146419650282,17.710659270740134,17.927226019630506,18.170951736416495,17.510749233124784,"rgba(239, 83, 80, 1.0)",0.0,0.0,0.2009863067356511,17.541317383101372,-0.35483702476892687,48.50185642061553,-4.3101116927083325,True,False,False,False,True,0.0,17.5499,17.84645,0.0,0.0,0.0,0.0,1,0.9752818733738083,0.9852558542931494,False,False,False,False,-0.27921159144586355,-0.2762057991388351,False,False,False,False,-787934.0,-682431.4739640058,False,False,False,False,72068.90026627686,False,False,False,False
2025-07-17 18:00:00+00:00,17.465,17.52,17.465,17.5,23352.0,,17.80706531681045,17.733831002328923,17.514854391320043,17.345217296509478,17.946764461349,,17.528424315663962,17.561823391142827,17.667362234241995,17.325521566146012,17.397413627261873,17.57965590751468,17.678072990557883,17.710573981819337,17.92707072341173,18.170731444337235,17.5106994821271,"rgba(239, 83, 80, 1.0)",0.0,0.0,0.20046455057135953,17.541051897668556,-0.20478382612562016,49.588463956521935,-3.314214790775182,True,False,False,False,True,0.0,17.546999999999997,17.846225,0.0,0.0,0.0,0.0,1,0.9774109470026072,0.9843614248479595,False,False,False,False,-0.26633524221560817,-0.2712705206772216,False,False,False,False,-764582.0,-683705.1255304553,False,False,False,False,71313.59948695474,False,False,False,False
2025-07-17 19:00:00+00:00,17.505,17.545,17.505,17.54,55553.0,,17.806427980553497,17.73340272141165,17.51487914413868,17.345465871058934,17.946410866253895,,17.528451955390704,17.561366114303375,17.665993731621278,17.32580041125478,17.397584907667394,17.579605305224188,17.677931894467154,17.71040425335013,17.926731621509358,18.170235073690552,17.51197266634421,"rgba(239, 83, 80, 1.0)",0.0,0.0,0.19950867577990758,17.5412947357174,-0.006489621127201848,52.04349441339001,-0.8592075674534101,True,False,True,False,True,0.0,17.5447,17.84615,0.0,0.0,0.0,0.0,1,0.9742807323452493,0.98866608544028,False,False,False,False,-0.23872388269410105,-0.2549972016856613,False,False,False,False,-709029.0,-684097.7437392854,False,False,False,False,71069.24910731203,False,False,False,False
2025-07-18 14:00:00+00:00,17.54,17.595,17.49,17.5,63320.0,,17.80570074469635,17.732912769056355,17.514904160295302,17.345745833502374,17.946006954965345,17.528333333333332,17.528449630161404,17.560833814954737,17.66444806155308,17.326114729808157,17.397777145845392,17.57954582008175,17.677769590735565,17.71020939973772,17.926344193806827,18.169668770927487,17.51052186998081,"rgba(239, 83, 80, 1.0)",0.0,0.0,0.1986678154624972,17.539424565208943,-0.19844465051957716,51.629744847759945,-0.8592075674534101,True,False,False,False,True,0.0,17.5412,17.84635,0.0,0.0,0.0,0.0,1,0.9794400699912518,0.982939632545933,False,False,False,False,-0.22400537876452534,-0.2395012902250933,False,False,False,False,-772349.0,-685465.9802704592,False,False,False,False,70949.10571029945,False,False,False,False
2025-07-18 15:00:00+00:00,17.505,17.575,17.47,17.545,114945.0,,17.804398138935888,17.732036510942226,17.514954941863163,17.346256484913045,17.945278642177023,17.52940799745697,17.528502902243638,17.559957489569886,17.661762417161185,17.326687509520625,17.398129112306467,17.579441691253336,17.677479134404695,17.7098599766589,17.925645754141808,18.16864597383567,17.512629188955653,"rgba(239, 83, 80, 1.0)",0.0,0.0,0.19780616592770492,17.539784876113053,0.02636481963284448,53.326025580594674,0.4893528108232772,True,False,True,False,True,0.0,17.5369,17.846575,0.0,0.0,0.0,0.0,1,0.9785370127025852,0.9816031537450735,False,False,False,False,-0.240834695583999,-0.24016799290454616,False,False,False,False,-657404.0,-685030.9108089017,False,False,False,False,71631.21259851186,False,False,False,False
2025-07-18 16:00:00+00:00,17.545,17.57,17.49,17.51,107938.0,,17.803156648908068,17.731193606290912,17.514981324854716,17.346716131986703,17.94458610292168,17.527117011352086,17.528341313449747,17.55900545791531,17.659213623320316,17.327204909724866,17.398441298560986,17.579331176681826,17.677195139280315,17.70952096919081,17.924981114792832,18.167678504528205,17.513460504766613,"rgba(239, 83, 80, 1.0)",0.0,0.0,0.19757785556268184,17.539542509018958,-0.14952338122519834,52.65689092929102,0.4893528108232772,True,False,True,False,True,0.0,17.5334,17.84635,0.0,0.0,0.0,0.0,1,0.9756415832970863,0.9765115267507625,False,False,False,False,-0.23450849223795864,-0.2373382425712524,False,False,False,False,-765342.0,-686276.0439746551,False,False,False,False,72194.1085272171,False,False,False,False
2025-07-18 17:00:00+00:00,17.515,17.56,17.48,17.5,119787.0,,17.801742869325214,17.730221484814276,17.51497558582279,17.347194727473795,17.943802014367655,17.523050149018452,17.527838155161852,17.557724841734924,17.656292468346667,17.327746815293004,17.398758342867254,17.57918722764297,17.676860786314982,17.70912605725434,17.924227779695187,18.166591610339644,17.513379754482415,"rgba(239, 83, 80, 1.0)",0.0,0.0,0.19757653323769245,17.53871883389545,-0.19596878870665935,51.702860718394675,0.4893528108232772,True,False,False,False,False,0.0,17.5287,17.84515,0.0,0.0,0.0,0.0,1,0.9749460043196552,0.9775377969762433,False,False,False,False,-0.2429476161208101,-0.24014292934603126,False,False,False,False,-885129.0,-689359.0355409395,False,False,False,False,72931.98281361684,False,False,False,False
2025-07-18 18:00:00+00:00,17.5,17.51,17.45,17.47,180669.0,,17.799368632979284,17.728526462988736,17.51477542346815,17.34775322457161,17.94252451531698,17.508765773643635,17.5253751736323,17.554435948242595,17.65102649843202,17.328397895592516,17.39908125477444,17.57885107416511,17.676246574435012,17.708422445394383,17.9229958337763,18.16486748235818,17.50915619338067,"rgba(239, 83, 80, 1.0)",0.0,0.0,0.19753405453855458,17.53493032554418,-0.32870446412828097,49.55495817958347,2.3853465482232465,True,False,False,False,False,0.0,17.5227,17.843125,0.0,0.0,0.0,0.0,1,0.9724967769660513,0.981951009883972,False,False,False,False,-0.27705936324832786,-0.25860114629717956,False,False,False,False,-1065798.0,-695195.2985558087,False,False,False,False,74602.3241653437,False,False,False,False
2025-07-18 19:00:00+00:00,17.475,17.5,17.43,17.475,415555.0,,17.793899445190828,17.724586273076305,17.514223916567417,17.348937841861094,17.939560414524564,17.49200098814558,17.519689633789437,17.547086327430485,17.639485660701133,17.3297910815044,17.39973522385791,17.578023817150516,17.674789640290605,17.7067625132589,17.920135396826048,18.160886724281955,17.501633448102947,"rgba(239, 83, 80, 1.0)",0.0,0.0,0.19637250867140096,17.527426886915432,-0.2669767131363525,48.4294255882796,1.3086668316953478,True,False,False,True,False,0.0,17.5165,17.840925,0.0,0.0,0.0,0.0,1,0.9709525843656563,0.9829132849209752,False,False,False,False,-0.29001109110355555,-0.2743061187003676,False,False,False,False,-650243.0,-694498.3636944783,False,False,False,False,79888.41216278024,False,False,False,False
2025-07-21 14:00:00+00:00,17.385,17.395,17.29,17.34,78026.0,,17.792500900829204,17.723500581018644,17.51384001847035,17.348924453807143,17.938859500237395,17.4811423032536,17.516419147299217,17.543845946493256,17.63599460042228,17.32981323978816,17.39963244426295,17.577692092243996,17.67435191448809,17.706289174386143,17.919452867619572,18.160008573697954,17.496049624757703,"rgba(239, 83, 80, 1.0)",0.0,0.0,0.19709210358873763,17.523154866340107,-0.9292856639365292,42.47980121753909,-4.129898911851122,False,False,False,True,False,0.0,17.5066,17.83815,0.0,0.0,0.0,0.0,1,0.9587888982338104,0.985281749369219,False,False,False,False,-0.34282825441539394,-0.30856718655788073,False,False,False,False,-728269.0,-695021.939451153,False,False,False,False,79859.53755560535,False,False,False,False
2025-07-21 15:00:00+00:00,17.345,17.415,17.3,17.3,65378.0,,17.79132708837929,17.722587708432254,17.513513460811257,17.348908139165673,17.938270197122872,17.47299249691724,17.513719396420232,17.54116503679133,17.633099425775306,17.329826539410256,17.399541668747695,17.577410940667477,17.67398236275261,17.705889890538213,17.9188789230248,18.159271228241707,17.491626703309024,"rgba(239, 83, 80, 1.0)",0.0,0.0,0.19817596148737898,17.519709972870608,-1.108661066769188,37.48183012930642,-8.436607364680732,False,True,False,True,False,0.0,17.4968,17.83515,0.0,0.0,0.0,0.0,0,0.9600166597251151,0.983756768013329,False,False,False,False,-0.3303958331415791,-0.3194815098497299,False,False,False,False,-793647.0,-696551.0101573366,False,False,False,False,79635.01759350294,False,False,False,False
2025-07-21 16:00:00+00:00,17.305,17.345,17.305,17.32,57930.0,,17.79025778458317,17.721751005470068,17.513200429473994,17.34887327915663,17.937735962827848,17.465788999136997,17.511195878086877,17.538675918563687,17.63045256347039,17.329817570787725,17.39944180233944,17.577146774185127,17.673640986367356,17.705522408423416,17.918358194336207,18.15860707005285,17.487574721397497,"rgba(239, 83, 80, 1.0)",0.0,0.0,0.19823711800439744,17.516537663724527,-0.9914271641104434,35.45166222441593,-9.984612892664728,False,True,False,True,False,0.0,17.4902,17.831375,0.0,0.0,0.0,0.0,0,0.961022632020118,0.9979044425817277,False,False,False,False,-0.34282825441539394,-0.33115488213256195,False,False,False,False,-735717.0,-697158.2348060601,False,False,False,False,79298.50569282848,False,False,False,False
2025-07-21 17:00:00+00:00,17.315,17.325,17.26,17.29,75595.0,,17.78877560044339,17.720578057506255,17.512725618954136,17.34877170595827,17.93700435590232,17.455498689356858,17.507463328584617,17.535046816894315,17.626716651646493,17.32974893053715,17.39925781707176,17.576759972920243,17.673156330858887,17.705004282848307,17.91764395360939,18.157709173571046,17.4816285153634,"rgba(239, 83, 80, 1.0)",0.0,0.0,0.19735213417796688,17.511898762487164,-1.1243798472787838,33.226449631170986,-11.86126930068179,False,True,False,True,False,0.0,17.4832,17.828924999999998,0.0,0.0,0.0,0.0,0,0.9625420875420885,0.99368686868687,False,False,False,False,-0.34282825441539394,-0.3369915682739779,False,False,False,False,-811312.0,-698928.0606230203,False,False,False,False,79241.0869999164,False,False,False,False
2025-07-21 18:00:00+00:00,17.285,17.305,17.25,17.255,104778.0,,17.78664683197921,17.71888124595698,17.512006691917183,17.348578325449402,17.935959098394815,17.441454403827965,17.50199605395348,17.529757124522575,17.621346531553716,17.32960030291635,17.398952696190037,17.57618496618757,17.672448570215728,17.70425074746032,17.916622500035125,18.156436661915322,17.473154955360073,"rgba(239, 83, 80, 1.0)",0.0,0.0,0.197429722927496,17.50522614583302,-1.267418816795456,30.797492804218898,-14.020745729118715,False,True,False,True,False,0.0,17.4756,17.827175,0.0,0.0,0.0,0.0,0,0.9662447257383974,0.9881856540084399,False,False,False,False,-0.34282825441539394,-0.33990991134468596,False,False,False,False,-916090.0,-702294.9123963068,False,False,False,False,79637.00813170064,False,False,False,False
2025-07-21 19:00:00+00:00,17.255,17.265,17.2,17.24,152616.0,,17.783369262161248,17.716241533405864,17.510816766273123,17.34817363990271,17.934362752183183,17.420948392391463,17.493332745827583,17.521430722356357,17.61305666617927,17.329258778968928,17.39839090753994,17.57525597848283,17.6713328359169,17.70306974540678,17.91506021724276,18.15451675280452,17.460146649524,"rgba(239, 83, 80, 1.0)",0.0,0.0,0.19613364169651418,17.494873703903206,-1.299489989063602,28.785907721073986,-15.865975307565932,False,True,False,True,False,0.0,17.468700000000002,17.825374999999998,0.0,0.0,0.0,0.0,0,0.9587542087542095,0.9907407407407417,False,False,False,False,-0.34282825441539394,-0.34136908288004,False,False,False,False,-1068706.0,-707975.704452178,False,False,False,False,80768.46536996885,False,False,False,False
2025-07-22 14:00:00+00:00,17.235,17.285,17.19,17.26,31858.0,17.244999999999997,17.782702376744293,17.715705507760457,17.510578621465545,17.348096959121357,17.934035189626478,17.417374443300318,17.49166204118042,17.519810239561618,17.611415461703427,17.32919532846564,17.39828126933227,17.575068374335448,17.671105969693002,17.7028292163077,17.91473978200471,18.15412133568053,17.424896170664326,"rgba(239, 83, 80, 1.0)",0.0,0.0,0.19342631345933467,17.475742478650552,-1.115372954134846,29.0428088837033,-15.865975307565932,False,True,False,True,False,0.0,17.4615,17.823725000000003,0.0,0.0,0.0,0.0,0,0.957930164072361,0.993689524610855,False,False,False,False,-0.3391294700552491,-0.3402492764676446,False,False,False,False,-1036848.0,-713074.4997319891,False,False,False,False,80010.16358128715,False,False,False,False
2025-07-22 15:00:00+00:00,17.265,17.335,17.23,17.23,35588.0,17.255553035020608,17.78198699861303,17.715133544069896,17.51033309407036,17.348028026060337,17.93368025365894,17.413993670755865,17.48997129709706,17.51815246545857,17.609698453328978,17.32914137203285,17.3981749358882,17.57487174025477,17.670864708526803,17.702572548643342,17.9143928702422,18.153689737098844,17.424075541546053,"rgba(239, 83, 80, 1.0)",0.0,0.0,0.1908375801086118,17.47454941510502,-1.2814531339468824,28.257590809433818,-16.660522353969462,False,True,False,True,False,0.0,17.453500000000002,17.82225,0.0,0.0,0.0,0.0,0,0.9618128409567779,0.9878304657994135,False,False,False,False,-0.3062261498721417,-0.32323771316989314,False,False,False,False,-1072436.0,-718645.9958601752,False,False,False,False,79321.44786684858,False,False,False,False
2025-07-22 16:00:00+00:00,17.235,17.25,17.21,17.225,42127.0,17.245088008298882,17.78108284791541,17.714403361623997,17.50999974334188,17.347910604452814,17.9332375754698,17.40924227927255,17.48768127936837,17.515937532182257,17.607473953317683,17.329041173805507,17.39801468817729,17.57461179388982,17.67055372043441,17.702243682198585,17.91395953508649,18.153158320050693,17.419804441807912,"rgba(239, 83, 80, 1.0)",0.0,0.0,0.18776151732214735,17.471374234157125,-1.3121657604332873,27.575077035090303,-17.596116605256682,False,True,False,True,False,0.0,17.4484,17.820125,0.0,0.0,0.0,0.0,0,0.9641501476170398,0.9936735554618314,False,False,False,False,-0.34282825441539394,-0.33303298379264357,False,False,False,False,-1114563.0,-724784.243986374,False,False,False,False,78744.78976038581,False,False,False,False
2025-07-22 17:00:00+00:00,17.225,17.32,17.225,17.28,60176.0,17.255691805744558,17.77990503820625,17.713463903859687,17.509603602036883,17.3478085766693,17.932647996973234,17.40450792442377,17.485055041992183,17.513335663268553,17.60472663955003,17.328964554845054,17.397849117821895,17.574291101272735,17.67015704782907,17.70182088651305,17.91338355616111,18.15243852984571,17.417969604569493,"rgba(239, 83, 80, 1.0)",0.0,0.0,0.18287525901577528,17.469216792556615,-1.0346768260232067,31.5759449041049,-17.596116605256682,False,True,False,True,True,0.0,17.444300000000002,17.817674999999998,0.0,0.0,0.0,0.0,0,0.960940781184377,0.9886602267954648,False,False,False,False,-0.3117408154782463,-0.3223868996354449,False,False,False,False,-1054387.0,-729894.3642346472,False,False,False,False,78456.9015470465,False,False,False,False
2025-07-22 18:00:00+00:00,17.285,17.345,17.265,17.325,41835.0,17.2667593170246,17.779148667217616,17.71286756619499,17.50937190665518,17.347773450320116,17.932261555600004,17.40228610223968,17.483579237574244,17.51183290804543,17.603052715125536,17.328947521765787,17.397768551279533,17.57409582090019,17.669907290624504,17.701552655504138,17.913006705036196,18.151959700969876,17.417726095175944,"rgba(239, 83, 80, 1.0)",0.0,0.0,0.17653721247123189,17.468367125848545,-0.8121071123852042,37.12164090607908,-18.14052364301942,False,True,False,True,True,0.0,17.441399999999998,17.815925,0.0,0.0,0.0,0.0,0,0.9709718132099292,0.9844341607067743,False,False,False,False,-0.28835868326942077,-0.30537279145243285,False,False,False,False,-1012552.0,-734276.6531612418,False,False,False,False,77889.12012771243,False,False,False,False
2025-07-22 19:00:00+00:00,17.325,17.38,17.315,17.325,112747.0,17.292219933750808,17.777245144435724,17.711382070325374,17.508839272234702,17.347753142425653,17.93126991094876,17.39851228745582,17.480359533431688,17.50845003701484,17.599064736117437,17.328976775005884,17.3976233736215,17.573627640843817,17.669289013781885,17.70088399523587,17.912041165373626,18.150715370339707,17.417733837979085,"rgba(239, 83, 80, 1.0)",0.0,0.0,0.16947927668287252,17.46670325662984,-0.836109637728722,40.81877157406186,-14.851192363662406,False,True,False,True,True,0.0,17.4376,17.814,0.0,0.0,0.0,0.0,0,0.9776654024441641,0.9776654024441643,False,False,False,False,-0.2582344341990698,-0.2818036128257513,False,False,False,False,-1012552.0,-738590.9996238581,False,False,False,False,78429.55237379442,False,False,False,False
2025-07-23 14:00:00+00:00,17.365,17.4,17.29,17.315,50362.0,17.297969946952126,17.77639053536089,17.71071346232165,17.508595421486536,17.34773827760227,17.930824297064632,17.396838702476067,17.47891795828425,17.506938046513294,17.59728855442978,17.32898388760322,17.397553154482644,17.573414655278714,17.669009406975263,17.70058198843212,17.9116071666779,18.150157361928027,17.417039262535862,"rgba(239, 83, 80, 1.0)",0.0,0.0,0.16177019068517515,17.465610059272674,-0.931012435818774,42.662508320801656,-13.226022342808122,False,False,False,True,True,0.0,17.4348,17.812275,0.0,0.0,0.0,0.0,0,0.9898132427843809,0.9707130730050944,False,False,False,False,-0.25999331975843876,-0.270898466292095,False,False,False,False,-1062914.0,-743619.2631955813,False,False,False,False,77994.39652303791,False,False,False,False
2025-07-23 15:00:00+00:00,17.315,17.385,17.31,17.38,43976.0,17.304310374066386,17.77568629537167,17.710167712410932,17.508411595567953,17.34774905010844,17.930450949008353,17.395972649429268,17.47788268797848,17.505815442062033,17.595893269399166,17.329014119417693,17.397514791497922,17.573247158471847,17.668782666463756,17.700335489572847,17.91124404733078,18.149684663463056,17.41693724107085,"rgba(239, 83, 80, 1.0)",0.0,0.0,0.15221005518895014,17.464995931935505,-0.5584120696230861,47.831643302198664,-8.478142337573146,True,False,False,False,True,0.0,17.4334,17.8108,0.0,0.0,0.0,0.0,0,0.9829859634198217,0.9723521905572103,False,False,False,False,-0.2582344341990698,-0.2645664502455824,False,False,False,False,-1018938.0,-747887.7707429366,False,False,False,False,77466.97952268073,False,False,False,False
2025-07-23 16:00:00+00:00,17.385,17.4,17.345,17.375,61033.0,17.31309223920962,17.774747811100294,17.709445250147393,17.508182637985847,17.347785101609023,17.92994716051607,17.3952873411006,17.476651603262493,17.504440859617315,17.594104159219448,17.329077387537744,17.397482008468547,17.573031321162862,17.668483706078888,17.70000894770405,17.9107545244019,18.14904197110415,17.417097614878507,"rgba(239, 83, 80, 1.0)",0.0,0.0,0.14157692971225364,17.464377030851107,-0.631296575174787,50.91496509512196,-5.720364483095011,True,False,True,False,True,0.0,17.4315,17.807850000000002,0.0,0.0,0.0,0.0,0,0.9909832546157155,0.9712322885358534,False,False,False,False,-0.2407293662811585,-0.25264790826337047,False,False,False,False,-1079971.0,-753036.3479407206,False,False,False,False,77212.18914248413,False,False,False,False
2025-07-23 17:00:00+00:00,17.375,17.5,17.375,17.45,64610.0,17.328354062865905,17.773927395646286,17.70883861908631,17.50806349953393,17.347924937314097,17.929480189193544,17.396727411103196,17.476220875798656,17.50375885774097,17.592817875575577,17.329247278049174,17.397545329835722,17.572881352280042,17.668241002394836,17.699736137938153,17.910303049232684,18.14842260230621,17.41928713210288,"rgba(239, 83, 80, 1.0)",0.0,0.0,0.13870192942041631,17.46508006365775,-0.10872281100029488,56.40337248486246,-0.7237327698047835,True,False,True,False,True,0.0,17.4318,17.8051,0.0,0.0,0.0,0.0,0,0.9853889127632149,0.968199398366997,False,False,False,False,-0.1958580922321875,-0.224253000247779,False,False,False,False,-1015361.0,-757103.3968098568,False,False,False,False,77016.80636508128,False,False,False,False
2025-07-23 18:00:00+00:00,17.455,17.48,17.42,17.48,101709.0,17.3490802878957,17.7727148671425,17.707954358650554,17.507928361300003,17.34818711110113,17.928774449716176,17.399675965846807,17.47591247266189,17.503023048471405,17.59107674935168,17.329557128462085,17.39768591020588,17.572678852438845,17.667890818922654,17.699338272496355,17.909621830298466,18.14747502206538,17.42279341508662,"rgba(38, 166, 154, 1.0)",0.0,0.0,0.137659817030773,17.46637347610644,0.0989869388720303,61.12198981568049,3.4933706051899662,True,False,True,False,True,0.0,17.4322,17.802675,0.0,0.0,0.0,0.0,0,0.9918314703353404,0.9613069647463467,False,False,False,False,-0.18732282939269607,-0.20578791482023753,False,False,False,False,-913652.0,-759530.5069368357,False,False,False,False,77399.6310725994,False,False,False,False
2025-07-23 19:00:00+00:00,17.475,17.48,17.435,17.455,170455.0,17.37154100467538,17.77068220946344,17.70646669328493,17.507687944648858,17.348610733830974,17.927588063956406,17.403804438536184,17.475318168653878,17.50175250426319,17.58818728116463,17.330059943744477,17.397907569140223,17.572331113975125,17.667297209063143,17.698665193873893,17.908476349752718,18.145885128183394,17.42684121019363,"rgba(38, 166, 154, 1.0)",0.0,0.0,0.13655619573756075,17.467623132200426,-0.09243910268771427,62.29872670231347,4.536609639852365,True,False,True,False,True,0.0,17.4313,17.8001,0.0,0.0,0.0,0.0,0,0.9978289188015637,0.964394268345637,False,False,False,False,-0.18221466795098748,-0.1940012913856125,False,False,False,False,-1084107.0,-764562.7006277376,False,False,False,False,78842.34997069863,False,False,False,False
2025-07-24 14:00:00+00:00,17.435,17.58,17.42,17.555,43696.0,17.378997929096354,17.77026684551222,17.706181609060508,17.50770072795582,17.34878046766812,17.927324594223517,17.405892491189658,17.475656001408186,17.501868189440845,17.587804436848053,17.330250670241014,17.39802347571002,17.57228965453902,17.667189968850494,17.698537066314316,17.908223590639132,18.145515099050826,17.434082815455394,"rgba(38, 166, 154, 1.0)",0.0,0.0,0.13540473197477884,17.46858116926891,0.6382260757857999,66.3074074413246,8.369468362199648,True,False,True,False,True,0.044963717989965346,17.4318,17.798175,0.0,0.0,0.0,0.0,0,0.9862365591397856,0.9569892473118289,False,False,False,False,-0.15343729933275493,-0.17371929535918373,False,False,False,False,-1040411.0,-768839.4184474626,False,False,False,False,78297.44531999012,False,False,False,False
2025-07-24 15:00:00+00:00,17.555,17.565,17.5,17.55,48603.0,17.387519486855016,17.769842989905946,17.70589917682422,17.507741588799767,17.348991086730106,17.927046246684817,17.408524884213826,17.476198794903436,17.502149000006916,17.587504682996745,17.33048487207811,17.39817352485728,17.57226067985096,17.667086869183684,17.69841055742894,17.907957233448627,18.145117136949352,17.43769149095838,"rgba(38, 166, 154, 1.0)",0.0,0.0,0.13383794153495737,17.4698372191165,0.5989540780748157,68.60430031990798,10.64166342542483,True,False,True,False,True,0.0,17.4336,17.796325,0.0,0.0,0.0,0.0,0,0.9956859361518556,0.9598792062122529,False,False,False,False,-0.13160242296543942,-0.1526608591623116,False,False,False,False,-1089014.0,-773803.3654482771,False,False,False,False,77837.06632278097,False,False,False,False
2025-07-24 16:00:00+00:00,17.545,17.565,17.495,17.51,69208.0,17.39713049715588,17.769203177119785,17.705462790836677,17.507771147627878,17.349266494750612,17.926635313591273,17.411684796700765,17.47677295611023,17.502378777347396,17.58695575348339,17.33079345246626,17.39836382653883,17.572201303205826,17.666923275053996,17.698213912295746,17.90756325185374,18.144537373958194,17.440049116377548,"rgba(38, 166, 154, 1.0)",0.0,0.0,0.1299999306988342,17.471233947244436,0.29820056477855983,67.20638052516183,10.64166342542483,True,False,True,False,True,0.0,17.4329,17.79395,0.0,0.0,0.0,0.0,0,1.0008654262224153,0.9545651233232375,False,False,False,False,-0.13327734700400337,-0.14296910308315747,False,False,False,False,-1158222.0,-779763.3442785364,False,False,False,False,77703.28234878437,False,False,False,False
2025-07-24 17:00:00+00:00,17.505,17.545,17.47,17.52,155083.0,17.412807088613256,17.767713997357898,17.704430304585173,17.5077876263938,17.34983933524755,17.925690965295004,17.41749295931518,17.47770011453082,17.502599165335265,17.585539733342582,17.33143967169874,17.398748550516785,17.57203713221776,17.666528362368055,17.697745575160788,17.90665661450752,18.143217818917105,17.443754803420873,"rgba(38, 166, 154, 1.0)",0.0,0.0,0.1279228371010108,17.47355139146294,0.363098642819983,66.66190471640238,10.64166342542483,True,False,True,False,True,0.0,17.433000000000003,17.79165,0.0,0.0,0.0,0.0,0,0.9969512195121958,0.9616724738675967,False,False,False,False,-0.1483863256621552,-0.14567771437265634,False,False,False,False,-1003139.0,-783226.5327393342,False,False,False,False,78902.96789376445,False,False,False,False
2025-07-24 18:00:00+00:00,17.525,17.625,17.52,17.59,219116.0,17.439629993102507,17.766179309304945,17.703488204925787,17.508206759410108,17.35097244735144,17.924577672251292,17.429693072719548,17.481341380431363,17.505055860489442,17.585353191761996,17.33267972021391,17.39960600154938,17.57206116588339,17.666212537007404,17.697323499099756,17.905597701047743,18.14155859675495,17.456398572930727,"rgba(38, 166, 154, 1.0)",0.0,0.0,0.12510086020865127,17.479533734577927,0.8830176326352173,68.64671333699229,11.539374925467776,True,False,True,False,True,1.374615661325766,17.434199999999997,17.78985,0.0,0.0,0.0,0.0,0,0.9886313948404026,0.9676432006996073,False,False,False,False,-0.10489679058399207,-0.1252872524783242,False,False,False,False,-784023.0,-783238.8810689569,False,False,False,False,81076.81335277586,False,False,False,False
2025-07-24 19:00:00+00:00,17.585,17.735,17.575,17.72,348873.0,17.48824435031985,17.765039074135537,17.703172898047484,17.509785395944817,17.353523889954612,17.923319004356824,17.45630619093862,17.491981263855703,17.513483907533537,17.58896766653335,17.33540872795626,17.401696350905038,17.572693079507747,17.66627180427512,17.69720789809381,17.904428114745816,18.139394563926384,17.483848823816693,"rgba(38, 166, 154, 1.0)",0.0,0.0,0.12365583595400977,17.494300714982653,1.8252214566022402,72.70323856178405,15.686118480653818,True,False,True,False,True,5.819351543007635,17.4389,17.788825,0.0,0.0,0.0,0.0,0,0.9956236323851209,0.9579868708971563,False,False,False,False,-0.050241760511993576,-0.08776450649515889,False,False,False,False,-435150.0,-777842.1542306785,False,False,False,False,85228.69221552352,False,False,False,False
2025-07-25 14:00:00+00:00,17.815,17.83,17.76,17.82,41748.0,17.4957921539803,17.765097358295016,17.703313601179648,17.510114206842587,17.353945164968437,17.923246151049746,17.460724058296286,17.49399766398405,17.515177380353432,17.58997827188304,17.335852535721525,17.402058639022478,17.57285968633162,17.666364725811018,17.697278920428705,17.904366347359186,18.13920747128041,17.52996090550049,"rgba(38, 166, 154, 1.0)",0.0,0.0,0.12488744481969807,17.496937839665684,2.586826568521171,76.72362423202654,19.642890118569625,True,False,True,False,True,8.949225652801076,17.4452,17.788400000000003,0.0,0.0,0.0,0.0,0,1.0175284837861527,0.9373356704645062,False,False,False,False,0.04199470697089987,-0.022884899762129512,False,False,False,False,-393402.0,-771881.8417619857,False,False,False,False,84554.57295636811,False,False,False,False
2025-07-25 15:00:00+00:00,17.815,17.815,17.76,17.77,30949.0,17.500780185166807,17.765116032514136,17.703395113350737,17.510339512126116,17.35424192658976,17.92318245159471,17.463724658179395,17.495372177120796,17.51632664353902,17.59064587437933,17.33616577667424,17.40231231328881,17.57297144497714,17.666422646024632,17.69732076608536,17.904310796829705,18.13905997004405,17.531647219719964,"rgba(38, 166, 154, 1.0)",0.0,0.0,0.12258889034392631,17.498722406136086,2.2129052078278684,76.47232601472541,19.642890118569625,True,False,True,False,True,7.055172627233137,17.450599999999998,17.788800000000002,0.0,0.0,0.0,0.0,0,1.0175978882534102,0.9357677078750559,False,False,False,False,0.03704932498772482,0.007082212612797654,False,False,False,False,-424351.0,-766493.7666959084,False,False,False,False,83723.4788020058,False,False,False,False
2025-07-25 16:00:00+00:00,17.775,17.805,17.765,17.78,38423.0,17.50677107435356,17.765141486717237,17.70349822436065,17.51062042263313,17.35461121628624,17.9231043792441,17.46739183652302,17.49707028691067,17.51774860390508,17.591475431835317,17.336555504100552,17.402628158615098,17.573111133055786,17.666495511472565,17.697373684920933,17.904242837379023,18.13887787056324,17.534605249291946,"rgba(38, 166, 154, 1.0)",0.0,0.0,0.1222502233815393,17.50091134479043,2.282929613457986,76.48752134579232,20.036315563157515,True,False,True,False,True,7.366588434529675,17.4577,17.7887,0.0,0.0,0.0,0.0,0,1.014512471655329,0.9600907029478467,False,False,False,False,0.03540127869886078,0.021241745655829217,False,False,False,False,-385928.0,-760593.5222510105,False,False,False,False,83021.14579732355,False,False,False,False
2025-07-25 17:00:00+00:00,17.775,17.79,17.74,17.785,37964.0,17.512206609881744,17.765150482718443,17.70358499274009,17.510885560637362,17.35496555836034,17.92302089341387,17.470802700051618,17.49866097217134,17.519077712290343,17.5922386767289,17.33692987128782,17.402930169321653,17.57324132080632,17.666560237268854,17.697418819866854,17.904169292817144,18.138692231515936,17.537116423755393,"rgba(38, 166, 154, 1.0)",0.0,0.0,0.12575849155392066,17.50294629354731,2.242820369165729,76.59681854680012,20.656502007339867,True,False,True,False,True,7.5243768396691415,17.4647,17.788,0.0,0.0,0.0,0.0,0,0.996361982719418,0.9645293315143256,False,False,False,False,0.022223073914477965,0.02173240978515359,False,False,False,False,-347964.0,-754196.1653168863,False,False,False,False,82322.58539736505,False,False,False,False
2025-07-25 18:00:00+00:00,17.785,17.785,17.745,17.775,38812.0,17.517469208218387,17.76515496248763,17.70366913923754,17.511152607211034,17.355324300612,17.922933760251553,17.4741738281767,17.500248625030864,17.52040445884579,17.592997942618393,17.337309005863492,17.403235628946312,17.573372007284974,17.666624230588376,17.697462837295394,17.9040923004491,18.138500917913017,17.539690599934666,"rgba(38, 166, 154, 1.0)",0.0,0.0,0.12900474884648527,17.504962421419563,2.0932375047819223,75.9600165366628,20.656502007339867,True,False,True,False,True,7.133322505783369,17.472199999999997,17.787225,0.0,0.0,0.0,0.0,0,0.992176714219973,0.9774505292222743,False,False,False,False,0.022223073914477965,0.021977741849815775,False,False,False,False,-386776.0,-748499.7286453067,False,False,False,False,81648.00267802607,False,False,False,False
2025-07-25 19:00:00+00:00,17.775,17.79,17.71,17.725,111264.0,17.529940420571453,17.765060571452924,17.70381017731654,17.511836037815534,17.356283100005232,17.922641523403822,17.48258898512911,17.504255528215825,17.523729997220446,17.594813127126013,17.338325187398983,17.404044726369268,17.57369457206884,17.66675925586773,17.697541354707194,17.90382880626441,18.13791413398112,17.544986675052336,"rgba(38, 166, 154, 1.0)",0.0,0.0,0.13085501914621264,17.50997870239098,1.6432025230057339,72.17772321732471,20.656502007339867,True,False,True,False,False,5.1944768537636925,17.477,17.785975,0.0,0.0,0.0,0.0,0,0.9824804057169207,0.9769479022591065,False,False,False,False,0.012344732544840304,0.01716123719732804,False,False,False,False,-498040.0,-744616.6320771624,False,False,False,False,82107.16542720396,False,False,False,False
