date,Close,High,Low,Open,Volume,Gap_Up_aVWAP_851,Gap_Up_aVWAP_841,Gap_Up_aVWAP_761,Gap_Up_aVWAP_728,Gap_Up_aVWAP_715,Gap_Up_aVWAP_657,Gap_Up_aVWAP_623,Gap_Up_aVWAP_545,Gap_Up_aVWAP_373,Gap_Up_aVWAP_355,Gap_Down_aVWAP_877,Gap_Down_aVWAP_815,Gap_Down_aVWAP_758,Gap_Down_aVWAP_716,Gap_Down_aVWAP_704,Gap_Down_aVWAP_649,Gap_Down_aVWAP_615,Gap_Down_aVWAP_614,Gap_Down_aVWAP_611,Gap_Down_aVWAP_589,aVWAP_OB_bull_759,aVWAP_OB_bear_876,aVWAP_OB_bear_778,aVWAP_OB_bear_715,aVWAP_OB_bear_277,color,Liquidity,Liquidity_Level,StDev,StDev_Mean,StdDev_ZScore,FVG,FVG_High,FVG_Low,FVG_Mitigated_Index,QQEMOD,QQE1_Value,QQE1_Above_Upper,QQE1_Below_Lower,QQE2_Above_Threshold,QQE2_Below_Threshold,QQE2_Above_TL,banker_RSI,TTM_squeeze_Active,VI_plus,VI_minus,VI_Regular_Bullish,VI_Regular_Bearish,VI_Hidden_Bullish,VI_Hidden_Bearish,Fisher,Fisher_Signal,Fisher_Regular_Bullish,Fisher_Regular_Bearish,Fisher_Hidden_Bullish,Fisher_Hidden_Bearish,OBV,OBV_Smoothed,OBV_Regular_Bullish,OBV_Regular_Bearish,OBV_Hidden_Bullish,OBV_Hidden_Bearish,Volume_MA,Vol_Regular_Bullish,Vol_Regular_Bearish,Vol_Hidden_Bullish,Vol_Hidden_Bearish
2022-01-03 00:00:00+00:00,47.32,47.38,46.3402,46.35,54347,,,,,,,,,,,,,,,,,,,,,,,,,,#000000,1.0,50.3288,,,,0.0,0.0,0.0,0.0,,,False,False,False,False,False,,0,,,False,False,False,False,,,False,False,False,False,0,0.0,False,False,False,False,54347.0,False,False,False,False
2022-01-04 00:00:00+00:00,48.18,48.69,47.06,47.44,58066,,,,,,,,,,,,,,,,,,,,,,,,,,"rgba(38, 166, 154, 0.5)",0.0,0.0,,,,0.0,0.0,0.0,0.0,100.0,,False,False,True,False,False,,0,,,False,False,False,False,,,False,False,False,False,58066,2277.098039215686,False,False,False,False,54492.8431372549,False,False,False,False
2022-01-05 00:00:00+00:00,45.7,48.0,45.57,48.0,56358,,,,,,,,,,,,,,,,,,,,,,,,,,"rgba(38, 166, 154, 0.5)",0.0,0.0,,,,0.0,0.0,0.0,0.0,74.65626161278335,-51.374953548866586,False,False,True,False,True,,0,,,False,False,False,False,,,False,False,False,False,1708,2254.7804690503654,False,False,False,False,54565.98654363707,False,False,False,False
2022-01-06 00:00:00+00:00,45.74,46.26,44.65,45.6,83727,,,,,,,,,,,,,,,,,,,,,,,,,,"rgba(38, 166, 154, 0.5)",0.0,0.0,,,,0.0,0.0,0.0,0.0,58.09775780602159,-51.374953548866586,False,False,True,False,True,,0,,,False,False,False,False,,,False,False,False,False,85435,5516.749862420939,False,False,False,False,55709.55569878856,False,False,False,False
2022-01-07 00:00:00+00:00,50.66,51.1,48.35,48.57,149857,,,,,,,,,,,,,,,,,,,,,,,,,,"rgba(38, 166, 154, 0.5)",0.0,0.0,,,,0.0,0.0,0.0,0.0,63.13693941197414,-51.374953548866586,False,False,True,False,True,,0,,,False,False,False,False,,,False,False,False,False,235292,14527.543985463253,False,False,False,False,59401.61233805175,False,False,False,False
2022-01-10 00:00:00+00:00,51.25,51.9999,50.1101,51.12,109633,,,,,,,,,,,,,,,,,,,,,,,,,,"rgba(38, 166, 154, 0.5)",0.0,0.0,,,,0.0,0.0,0.0,0.0,67.19442612843064,-51.374953548866586,False,False,True,False,True,,0,,,False,False,False,False,,,False,False,False,False,344925,27484.30696642548,False,False,False,False,61371.470677736004,False,False,False,False
2022-01-11 00:00:00+00:00,51.21,52.52,50.75,51.36,83293,,,,,,,,,,,,,,,,,,,,,,,,,,"rgba(38, 166, 154, 0.5)",0.0,0.0,,,,0.0,0.0,0.0,0.0,69.7539002489112,-46.202423120730685,False,False,True,False,True,,0,,,False,False,False,False,,,False,False,False,False,261632,36666.56943833036,False,False,False,False,62231.13849429538,False,False,False,False
2022-01-12 00:00:00+00:00,49.96,52.5,49.91,51.78,55644,,,,,,,,,,,,,,,,,,,,,,,,,,"rgba(38, 166, 154, 0.5)",0.0,0.0,,,,0.0,0.0,0.0,0.0,67.31337967852107,-44.26715460443011,False,False,True,False,True,,0,,,False,False,False,False,,,False,False,False,False,205988,43306.625538788,False,False,False,False,61972.81933765635,False,False,False,False
2022-01-13 00:00:00+00:00,50.99,51.63,49.3237,50.14,68565,,,,,,,,,,,,,,,,,,,,,,,,,,"rgba(38, 166, 154, 0.5)",0.0,0.0,,,,0.0,0.0,0.0,0.0,67.32544960527498,-39.506777686844075,False,False,True,False,True,,0,,,False,False,False,False,,,False,False,False,False,274553,52375.11081177671,False,False,False,False,62231.33622637571,False,False,False,False
2022-01-14 00:00:00+00:00,49.78,51.16,49.28,50.22,31953,,,,,,,,,,,,,,,,,,,,,,,,,,"rgba(38, 166, 154, 0.5)",0.0,0.0,,,,0.0,0.0,0.0,0.0,64.08564725351809,-38.1404551772773,False,False,True,False,True,,0,,,False,False,False,False,,,False,False,False,False,242600,59834.910387785465,False,False,False,False,61043.950492008036,False,False,False,False
2022-01-18 00:00:00+00:00,48.01,49.18,47.179,49.18,65960,,,,,,,,,,,,,,,,,,,,,,,,,,"rgba(38, 166, 154, 0.5)",0.0,0.0,,,,0.0,0.0,0.0,0.0,58.29983832590874,-38.1404551772773,False,False,True,False,True,,0,,,False,False,False,False,,,False,False,False,False,176640,64415.50213728408,False,False,False,False,61236.736747223404,False,False,False,False
2022-01-19 00:00:00+00:00,47.83,48.6,47.28,48.46,49542,,,,,,,,,,,,,,,,,,,,,,,,,,"rgba(38, 166, 154, 0.5)",0.0,0.0,,,,0.0,0.0,0.0,0.0,54.120417524499324,-38.1404551772773,False,False,True,False,True,,0,,,False,False,False,False,,,False,False,False,False,127098,66873.63930837098,False,False,False,False,60778.119619881305,False,False,False,False
2022-01-20 00:00:00+00:00,46.38,48.3802,46.1501,47.8,36661,,,,,,,,,,,,,,,,,,,,,,,,,,#000000,0.0,0.0,,,,0.0,0.0,0.0,0.0,48.97116517374026,-38.1404551772773,False,False,False,False,True,,0,,,False,False,False,False,,,False,False,False,False,90437,67797.69266882703,False,False,False,False,59832.35022302322,False,False,False,False
2022-01-21 00:00:00+00:00,45.33,46.83,45.33,46.24,42783,,,,,,,,,,,,,,,,,,,,,,,,,,"rgba(239, 83, 80, 0.5)",0.0,0.0,,,,0.0,0.0,0.0,0.0,44.122394227916374,-38.1404551772773,False,False,False,True,True,,0,,,False,False,False,False,,,False,False,False,False,47654,67007.74393671617,False,False,False,False,59163.74825349289,False,False,False,False
2022-01-24 00:00:00+00:00,46.14,46.4,43.63,44.43,55985,,,,,,,,,,,,,,,,,,,,,,,,,,"rgba(239, 83, 80, 0.5)",0.0,0.0,,,,0.0,0.0,0.0,0.0,42.753532199045694,-38.1404551772773,False,False,False,True,True,,0,,,False,False,False,False,,,False,False,False,False,103639,68444.26378233514,False,False,False,False,59039.091459238276,False,False,False,False
2022-01-25 00:00:00+00:00,45.06,45.975,44.2434,45.46,39257,,,,,,,,,,,,,,,,,,,,,,,,,,"rgba(239, 83, 80, 0.5)",0.0,0.0,,,,0.0,0.0,0.0,0.0,40.35838027647502,-38.1404551772773,False,False,False,True,False,,0,,,False,False,False,False,,,False,False,False,False,64382,68284.9593202828,False,False,False,False,58263.32316671913,False,False,False,False
2022-01-26 00:00:00+00:00,44.61,46.51,44.2,46.26,47708,,,,,,,,,,,,,,,,,,,,,,,,,,"rgba(239, 83, 80, 0.5)",0.0,0.0,,,,0.0,0.0,0.0,0.0,38.18690305331707,-38.1404551772773,False,False,False,True,False,,0,,,False,False,False,False,,,False,False,False,False,16674,66261.0001312521,False,False,False,False,57849.38892488701,False,False,False,False
2022-01-27 00:00:00+00:00,43.96,45.47,43.61,45.11,29885,,,,,,,,,,,,,,,,,,,,,,,,,,"rgba(239, 83, 80, 0.5)",0.0,0.0,,,,0.0,0.0,0.0,0.0,35.93250211974353,-38.1404551772773,False,False,False,True,False,,0,,,False,False,False,False,,,False,False,False,False,-13211,63144.451106497116,False,False,False,False,56752.74622195027,False,False,False,False
2022-01-28 00:00:00+00:00,44.76,44.79,42.94,43.67,41525,,,,,,,,,,,,,,,,,,,,,,,,,,"rgba(239, 83, 80, 0.5)",0.0,0.0,,44.16333333333333,,0.0,0.0,0.0,0.0,36.4473171698106,-37.39900542297025,False,False,False,True,False,,0,,,False,False,False,False,,,False,False,False,False,28314,61778.55106310507,False,False,False,False,56155.57970344242,False,False,False,False
2022-01-31 00:00:00+00:00,46.81,46.91,44.5113,44.52,48707,,,,,,,,,,,,,,,,,,,,,,,,,,"rgba(239, 83, 80, 0.5)",0.0,0.0,,45.196379625483935,,0.0,0.0,0.0,0.0,40.942866632690944,-30.93212248969119,False,False,False,True,False,,0,,,False,False,False,False,,,False,False,False,False,77021,62376.29415866958,False,False,False,False,55863.47853860154,False,False,False,False
2022-02-01 00:00:00+00:00,46.44,47.38,45.44,46.99,48135,,,,,,,,,,,,,,,,,,,,,,,,,,"rgba(239, 83, 80, 0.5)",0.0,0.0,,45.62205169127513,,0.0,0.0,0.0,0.0,43.30655320443175,-26.78878963553017,False,False,False,True,False,,0,,,False,False,False,False,,,False,False,False,False,28886,61062.94928970215,False,False,False,False,55560.40094885247,False,False,False,False
2022-02-02 00:00:00+00:00,46.33,46.5,45.51,46.46,45743,,,,,,,,,,,,,,,,,,,,,,,,,,"rgba(239, 83, 80, 0.5)",0.0,0.0,,45.7441129380986,,0.0,0.0,0.0,0.0,44.68555286126023,-23.730637175091083,False,False,False,True,False,,0,,,False,False,False,False,,,False,False,False,False,-16857,58007.265003831475,False,False,False,False,55175.4048332112,False,False,False,False
2022-02-03 00:00:00+00:00,45.57,46.8354,45.45,45.68,31720,,,,,,,,,,,,,,,,,,,,,,,,,,"rgba(239, 83, 80, 0.5)",0.0,0.0,,45.774636190674755,,0.0,0.0,0.0,0.0,44.25385345284436,-22.52067236402448,False,False,False,True,False,,0,,,False,False,False,False,,,False,False,False,False,-48577,53827.48990564201,False,False,False,False,54255.58503583037,False,False,False,False
2022-02-04 00:00:00+00:00,46.63,46.69,45.0592,45.31,54055,,,,,,,,,,,,,,,,,,,,,,,,,,"rgba(239, 83, 80, 0.5)",0.0,0.0,,45.845090616497146,,0.0,0.0,0.0,0.0,46.152680953406076,-19.17407684117817,False,False,False,True,True,,0,,,False,False,False,False,,,False,False,False,False,5478,51931.431477969774,False,False,False,False,54247.71895599389,False,False,False,False
2022-02-07 00:00:00+00:00,46.25,47.38,45.9,46.26,90324,,,,,,,,,,,,,,,,,,,,,,,,,,#000000,0.0,0.0,,46.01181958538885,,0.0,0.0,0.0,0.0,46.69097296201149,-17.249504767964893,False,False,False,False,True,,0,,,False,False,False,False,,,False,False,False,False,-84846,46567.61063569645,False,False,False,False,55662.47507536668,False,False,False,False
2022-02-08 00:00:00+00:00,47.2,47.34,46.08,46.27,41503,,,,,,,,,,,,,,,,,,,,,,,,,,#000000,0.0,0.0,,46.10082714573293,,0.0,0.0,0.0,0.0,48.917668544475724,-13.858437168895662,False,False,False,False,True,,0,,,False,False,False,False,,,False,False,False,False,-43343,43041.704336257375,False,False,False,False,55107.20154299936,False,False,False,False
2022-02-09 00:00:00+00:00,47.0,47.83,46.59,47.35,62632,,,,,,,,,,,,,,,,,,,,,,,,,,#000000,0.0,0.0,,46.24099364774104,,0.0,0.0,0.0,0.0,49.97086627662213,-11.729522410858777,False,False,False,False,True,,1,,,False,False,False,False,,,False,False,False,False,-105975,37197.912009345324,False,False,False,False,55402.29167856801,False,False,False,False
2022-02-10 00:00:00+00:00,46.25,47.73,45.915,46.24,45893,,,,,,,,,,,,,,,,,,,,,,,,,,#000000,0.0,0.0,,46.276132528021286,,0.0,0.0,0.0,0.0,49.094950155864424,-11.606395032381215,False,False,False,False,True,,1,,,False,False,False,False,,,False,False,False,False,-151868,29783.562518782765,False,False,False,False,55029.378279408484,False,False,False,False
2022-02-11 00:00:00+00:00,45.22,46.73,44.7601,46.08,31235,,,,,,,,,,,,,,,,,,,,,,,,,,"rgba(239, 83, 80, 0.5)",0.0,0.0,,46.23540095123416,,0.0,0.0,0.0,0.0,46.605494993239475,-11.606395032381215,False,False,False,True,True,,1,,,False,False,False,False,,,False,False,False,False,-183103,21435.06987098736,False,False,False,False,54096.265405706195,False,False,False,False
2022-02-14 00:00:00+00:00,45.98,46.23,45.4,45.41,31754,,,,,,,,,,,,,,,,,,,,,,,,,,"rgba(239, 83, 80, 0.5)",0.0,0.0,,46.21515947264546,,0.0,0.0,0.0,0.0,46.68259801591006,-11.606395032381215,False,False,False,True,True,,1,,,False,False,False,False,,,False,False,False,False,-151349,14659.22399369374,False,False,False,False,53220.098134894186,False,False,False,False
2022-02-15 00:00:00+00:00,47.86,48.64,46.47,46.5,69384,,,,,,,,,,,,,,,,,,,,,,,,,,#000000,0.0,0.0,,47.01373440386341,,0.0,0.0,0.0,0.0,50.19690994075262,-8.382841925963838,False,False,False,False,True,,1,,,False,False,False,False,,,False,False,False,False,-81965,10870.038739039084,False,False,False,False,53853.97663940814,False,False,False,False
2022-02-16 00:00:00+00:00,47.6,47.92,46.72,47.38,42306,,,,,,,,,,,,,,,,,,,,,,,,,,"rgba(38, 166, 154, 0.5)",0.0,0.0,,46.99984705247,,0.0,0.0,0.0,0.0,51.989096315352725,-6.137244883233684,False,False,True,False,True,,1,,,False,False,False,False,,,False,False,False,False,-124271,5570.3901610375515,False,False,False,False,53401.114810411746,False,False,False,False
2022-02-17 00:00:00+00:00,46.8,47.59,46.59,47.06,32345,,,,,,,,,,,,,,,,,,,,,,,,,,#000000,0.0,0.0,,46.948300449300405,,0.0,0.0,0.0,0.0,51.53494859796443,-6.088638024242179,False,False,False,False,True,,1,,,False,False,False,False,,,False,False,False,False,-156616,-789.8604335129412,False,False,False,False,52575.384817846585,False,False,False,False
2022-02-18 00:00:00+00:00,46.69,47.16,46.0968,46.5,44752,,,,,,,,,,,,,,,,,,,,,,,,,,#000000,0.0,0.0,,46.8605226513634,,0.0,0.0,0.0,0.0,51.008000011100954,-6.088638024242179,False,False,False,False,True,,1,,,False,False,False,False,,,False,False,False,False,-201368,-8655.66982827714,False,False,False,False,52268.58541322515,False,False,False,False
2022-02-22 00:00:00+00:00,44.89,46.63,44.22,46.46,71241,,,,,,,,,,,,,,,,,,,,,,,,,,#000000,0.0,0.0,,46.53378840645527,,0.0,0.0,0.0,0.0,47.44337932311734,-6.088638024242179,False,False,False,False,False,,1,,,False,False,False,False,,,False,False,False,False,-272609,-19006.780815403527,False,False,False,False,53012.60167153004,False,False,False,False
2022-02-23 00:00:00+00:00,44.52,45.37,44.2928,45.37,25790,,,,,,,,,,,,,,,,,,,,,,,,,,"rgba(239, 83, 80, 0.5)",0.0,0.0,,46.42015826703485,,0.0,0.0,0.0,0.0,44.50512373018292,-6.088638024242179,False,False,False,True,False,,1,,,False,False,False,False,,,False,False,False,False,-298399,-29963.338430485743,False,False,False,False,51945.04866480338,False,False,False,False
2022-02-24 00:00:00+00:00,45.68,45.85,43.52,43.66,42243,,,,,,,,,,,,,,,,,,,,,,,,,,"rgba(239, 83, 80, 0.5)",0.0,0.0,,46.29270393526451,,0.0,0.0,0.0,0.0,45.1242364671923,-6.088638024242179,False,False,False,True,False,,1,,,False,False,False,False,,,False,False,False,False,-256156,-38833.63888419219,False,False,False,False,51564.57616814442,False,False,False,False
2022-02-25 00:00:00+00:00,46.37,46.39,44.91,46.0,20780,,,,,,,,,,,,,,,,,,,,,,,,,,"rgba(239, 83, 80, 0.5)",0.0,0.0,,46.27550242596209,,0.0,0.0,0.0,0.0,46.89889813583411,-6.088638024242179,False,False,False,True,False,,1,,,False,False,False,False,,,False,False,False,False,-235376,-46541.18245736112,False,False,False,False,50357.33788704072,False,False,False,False
2022-02-28 00:00:00+00:00,46.1,46.685,45.5101,45.85,40910,,,,,,,,,,,,,,,,,,,,,,,,,,#000000,0.0,0.0,,46.261593054565104,,0.0,0.0,0.0,0.0,47.548149012978826,-6.088638024242179,False,False,False,False,True,,1,,,False,False,False,False,,,False,False,False,False,-276286,-55550.783145307745,False,False,False,False,49986.85404833324,False,False,False,False
2022-03-01 00:00:00+00:00,45.53,46.565,45.13,46.26,33257,,,,,,,,,,,,,,,,,,,,,,,,,,"rgba(239, 83, 80, 0.5)",0.0,0.0,,46.232031343688234,,0.0,0.0,0.0,0.0,46.863025563136084,-6.088638024242179,False,False,False,True,True,,1,,,False,False,False,False,,,False,False,False,False,-309543,-65511.26223764862,False,False,False,False,49330.78134055546,False,False,False,False
2022-03-02 00:00:00+00:00,46.4,47.31,45.7,45.7,65015,,,,,,,,,,,,,,,,,,,,,,,,,,#000000,0.0,0.0,,46.254926700129204,,0.0,0.0,0.0,0.0,48.28428788266912,-6.088638024242179,False,False,False,False,True,,1,,,False,False,False,False,,,False,False,False,False,-244528,-72531.52646362319,False,False,False,False,49945.84873896505,False,False,False,False
2022-03-03 00:00:00+00:00,45.65,46.84,45.33,46.84,25871,,,,,,,,,,,,,,,,,,,,,,,,,,#000000,0.0,0.0,,46.243056949462975,,0.0,0.0,0.0,0.0,47.71048294205618,-6.088638024242179,False,False,False,False,True,,1,,,False,False,False,False,,,False,False,False,False,-270399,-80291.03522975561,False,False,False,False,49001.73702371152,False,False,False,False
2022-03-04 00:00:00+00:00,44.03,45.5,43.65,45.04,46703,,,,,,,,,,,,,,,,,,,,,,,,,,"rgba(239, 83, 80, 0.5)",0.0,0.0,,46.12770118232345,,0.0,0.0,0.0,0.0,44.61201867189588,-6.088638024242179,False,False,False,True,False,,1,,,False,False,False,False,,,False,False,False,False,-317102,-89577.73973054951,False,False,False,False,48911.59047376205,False,False,False,False
2022-03-07 00:00:00+00:00,42.4,44.4,42.16,43.8,54690,,,,,,,,,,,,,,,,,,,,,,,,,,"rgba(239, 83, 80, 0.5)",0.0,0.0,,45.91647129901641,,0.0,0.0,0.0,0.0,40.468780995221195,-4.1987259276778275,False,False,False,True,False,,0,,,False,False,False,False,,,False,False,False,False,-371792,-100644.96562346914,False,False,False,False,49138.194768908645,False,False,False,False
2022-03-08 00:00:00+00:00,42.43,43.0945,41.62,42.45,36881,,,,,,,,,,,,,,,,,,,,,,,,,,"rgba(239, 83, 80, 0.5)",0.0,0.0,,44.63688438743984,,0.0,0.0,0.0,0.0,37.78063488331578,-6.7085928448658265,False,False,False,True,False,,0,,,False,False,False,False,,,False,False,False,False,-334911,-109831.86893235269,False,False,False,False,48657.520464245565,False,False,False,False
2022-03-09 00:00:00+00:00,43.73,44.265,43.06,43.06,19498,,,,,,,,,,,,,,,,,,,,,,,,,,"rgba(239, 83, 80, 0.5)",0.0,0.0,,44.756783985028015,,0.0,0.0,0.0,0.0,39.0302177763744,-6.7085928448658265,False,False,False,True,False,,0,,,False,False,False,False,,,False,False,False,False,-315413,-117893.87407226043,False,False,False,False,47514.009857804565,False,False,False,False
2022-03-10 00:00:00+00:00,43.19,43.48,42.31,42.95,16482,,,,,,,,,,,,,,,,,,,,,,,,,,"rgba(239, 83, 80, 0.5)",0.0,0.0,,44.73583173238067,,0.0,0.0,0.0,0.0,39.05900862337607,-6.7085928448658265,False,False,False,True,False,,0,,,False,False,False,False,,,False,False,False,False,-331895,-126286.07508903454,False,False,False,False,46297.06829475341,False,False,False,False
2022-03-11 00:00:00+00:00,42.18,43.585,42.16,43.2,31214,,,,,,,,,,,,,,,,,,,,,,,,,,"rgba(239, 83, 80, 0.5)",0.0,0.0,,44.64599748975471,,0.0,0.0,0.0,0.0,37.68604599017983,-6.937016692170062,False,False,False,True,False,,0,,,False,False,False,False,,,False,False,False,False,-363109,-135573.24861495476,False,False,False,False,45705.57542044936,False,False,False,False
2022-03-14 00:00:00+00:00,42.28,42.82,42.0,42.66,21095,,,,,,,,,,,,,,,,,,,,,,,,,,"rgba(239, 83, 80, 0.5)",0.0,0.0,,44.574835310683824,,0.0,0.0,0.0,0.0,37.02001940294936,-7.771847432409409,False,False,False,True,False,,0,,,False,False,False,False,,,False,False,False,False,-342014,-143668.96435554477,False,False,False,False,44740.454815725854,False,False,False,False
2022-03-15 00:00:00+00:00,42.93,43.16,41.71,42.42,45440,,,,,,,,,,,,,,,,,,,,,,,,,,"rgba(239, 83, 80, 0.5)",0.0,0.0,,44.47697683762268,,0.0,0.0,0.0,0.0,38.20407228271606,-7.771847432409409,False,False,False,True,False,0.0,0,,,False,False,False,False,-0.3366339559569104,-0.3366339559569104,False,False,False,False,-296574,-149665.24026317048,False,False,False,False,44767.8879602072,False,False,False,False
2022-03-16 00:00:00+00:00,45.92,46.13,43.45,43.45,47955,,,,,,,,,,,,,,,,,,,,,,,,,,"rgba(239, 83, 80, 0.5)",0.0,0.0,,44.65345055394476,,0.0,0.0,0.0,0.0,44.492596297128145,-10.822869505318359,False,False,False,True,True,0.0,0,0.9055408948072016,1.005154169343218,False,False,False,False,-0.15824703259466696,-0.24744049427578868,False,False,False,False,-248619,-153545.7798606932,False,False,False,False,44892.872746081426,False,False,False,False
2022-03-17 00:00:00+00:00,46.76,47.092,45.33,45.33,47737,,,,,,,,,,,,,,,,,,,,,,,,,,#000000,0.0,0.0,,44.87360480273023,,0.0,0.0,0.0,0.0,49.81559067694997,-5.98369299349153,True,False,False,False,True,1.1141805644102476,0,0.9182471849726517,1.0089175038790603,False,False,False,False,-0.05591036142177499,-0.15167542784878182,False,False,False,False,-200882,-155402.1022190974,False,False,False,False,45004.40714819588,False,False,False,False
2022-03-18 00:00:00+00:00,47.54,48.19,46.94,46.94,104150,,,,,,,,,,,,,,,,,,,,,,,,,,"rgba(38, 166, 154, 1.0)",0.0,0.0,,45.35145783430941,,0.0,0.0,0.0,0.0,54.34845199310684,-2.0034635378319763,True,False,True,False,True,3.00401293956277,0,0.9512130338578253,0.9894084539196406,False,False,False,False,0.04049070385277677,-0.05559236199800253,False,False,False,False,-96732,-153101.31389677984,False,False,False,False,47323.84216199212,False,False,False,False
2022-03-21 00:00:00+00:00,46.93,48.232,46.59,48.01,38939,,,,,,,,,,,,,,,,,,,,,,,,,,"rgba(38, 166, 154, 1.0)",0.0,0.0,,45.46230838067524,,0.0,0.0,0.0,0.0,56.09439795363184,-0.6103431012811313,True,False,True,False,True,1.4436952944708459,0,0.9574841127729794,0.9698603503967419,False,False,False,False,0.02952192152221367,-0.013035220237894428,False,False,False,False,-135671,-152417.77217533748,False,False,False,False,46995.02482230616,False,False,False,False
2022-03-22 00:00:00+00:00,46.8,47.4836,46.58,47.35,43556,,,,,,,,,,,,,,,,,,,,,,,,,,"rgba(38, 166, 154, 1.0)",0.0,0.0,,45.552059138905555,,0.0,0.0,0.0,0.0,56.98122059755293,0.14380273774539631,True,False,True,False,True,1.1126098186193616,0,0.9426089564635581,1.0146667281914037,False,False,False,False,0.0025378477859109745,-0.005248686225991727,False,False,False,False,-179227,-153469.1144429713,False,False,False,False,46860.161103784354,False,False,False,False
2022-03-23 00:00:00+00:00,45.77,46.8955,45.61,46.6,31655,,,,,,,,,,,,,,,,,,,,,,,,,,"rgba(38, 166, 154, 1.0)",0.0,0.0,,45.57672262218258,,0.0,0.0,0.0,0.0,55.448975212065946,0.14380273774539631,True,False,True,False,True,0.0,0,0.9104908476482227,1.0320555936976155,False,False,False,False,-0.05293154559377491,-0.029090115909883318,False,False,False,False,-210882,-155720.60015109007,False,False,False,False,46263.88027618497,False,False,False,False
2022-03-24 00:00:00+00:00,46.02,46.08,45.1498,45.56,25567,,,,,,,,,,,,,,,,,,,,,,,,,,"rgba(38, 166, 154, 1.0)",0.0,0.0,,45.58474771773444,,0.0,0.0,0.0,0.0,54.874008572640314,0.14380273774539631,True,False,True,False,True,0.0,0,0.8967033817875952,1.0480397550969656,False,False,False,False,-0.08721529579048334,-0.05815270585018333,False,False,False,False,-185315,-156881.16485104733,False,False,False,False,45452.23791241302,False,False,False,False
2022-03-25 00:00:00+00:00,46.19,47.28,45.88,46.5,64554,,,,,,,,,,,,,,,,,,,,,,,,,,"rgba(38, 166, 154, 1.0)",0.0,0.0,,45.64939655772627,,0.0,0.0,0.0,0.0,54.80861520009139,0.14380273774539631,True,False,True,False,True,0.0,0,0.913922231383229,1.0342050566376253,False,False,False,False,0.013246127353745855,-0.02245328924821874,False,False,False,False,-120761,-155464.6877980651,False,False,False,False,46201.32662173016,False,False,False,False
2022-03-28 00:00:00+00:00,47.39,47.43,45.93,46.31,56780,,,,,,,,,,,,,,,,,,,,,,,,,,"rgba(38, 166, 154, 1.0)",0.0,0.0,,45.72339642646633,,0.0,0.0,0.0,0.0,56.84915300063069,0.5657440418425779,True,False,True,False,True,2.597311620550812,0,0.9207321468041555,1.022283460026716,False,False,False,False,0.032863877227543505,0.005205293989662383,False,False,False,False,-63981,-151877.09219814098,False,False,False,False,46616.176558132895,False,False,False,False
2022-03-29 00:00:00+00:00,48.5,48.81,47.54,47.54,55071,,,,,,,,,,,,,,,,,,,,,,,,,,"rgba(38, 166, 154, 1.0)",0.0,0.0,,45.855232245589015,,0.0,0.0,0.0,0.0,59.81255306923308,3.592234454501657,True,False,True,False,True,5.209496160038679,0,0.9384554801801279,1.0009059546587815,False,False,False,False,0.3422558976631834,0.1737305958264229,False,False,False,False,-8910,-146270.53956291976,False,False,False,False,46947.73826173553,False,False,False,False
2022-03-30 00:00:00+00:00,49.3,49.325,48.51,48.8,75365,,,,,,,,,,,,,,,,,,,,,,,,,,"rgba(38, 166, 154, 1.0)",0.0,0.0,,46.06075958293048,,0.0,0.0,0.0,0.0,62.80351494671167,6.550548875972275,True,False,True,False,True,7.013400140114314,0,0.9798295510655527,0.9774100847306988,False,False,False,False,0.3428282431253119,0.2582794194758674,False,False,False,False,66455,-137928.36154084446,False,True,False,False,48062.14068284394,False,True,False,False
2022-03-31 00:00:00+00:00,45.22,49.5064,44.65,48.28,268360,,,,,,,,,,,,,,,,,,,,,,,,,,"rgba(38, 166, 154, 0.75)",0.0,0.0,,46.21271008220258,,0.0,0.0,0.0,0.0,57.1671012236655,6.550548875972275,True,False,True,False,False,0.0,0,0.9338230075934995,0.9693492300049681,False,False,False,False,0.14598378892589492,0.20213160420088117,False,False,False,False,-201905,-140437.24932355646,False,False,False,False,56701.27242077164,False,False,False,False
2022-04-01 00:00:00+00:00,47.16,47.76,45.45,45.85,85507,,,,,,,,,,,,,,,,,,,,,,,,,,"rgba(38, 166, 154, 0.75)",0.0,0.0,,46.25894855014933,,0.0,0.0,0.0,0.0,56.083337715312396,12.784056386569866,True,False,True,False,False,1.5168077080879314,0,0.9540974758384508,0.9847411906538027,False,False,False,False,0.09765807728089711,0.14989484074088913,False,False,False,False,-116398,-139494.53366380915,False,False,False,False,57830.908796427655,False,False,False,False
2022-04-04 00:00:00+00:00,46.67,47.99,46.45,47.38,64864,,,,,,,,,,,,,,,,,,,,,,,,,,"rgba(38, 166, 154, 0.75)",0.0,0.0,,46.303497508302705,,0.0,0.0,0.0,0.0,54.64983475455249,11.373515038925774,True,False,True,False,False,0.458882492898816,0,0.9755583014020702,0.9637791695476463,False,False,False,False,0.16058778321142367,0.1552413119761564,False,False,False,False,-181262,-141132.47352013038,False,False,False,False,58106.716294606966,False,False,False,False
2022-04-05 00:00:00+00:00,44.79,46.91,44.73,46.37,66740,,,,,,,,,,,,,,,,,,,,,,,,,,#000000,0.0,0.0,,46.24270386782611,,0.0,0.0,0.0,0.0,51.22453459734543,8.062833229361594,True,False,False,False,False,0.0,0,0.975150019156429,0.9712357023648406,False,False,False,False,0.018375219043944985,0.08680826551005069,False,False,False,False,-248002,-145323.4353428704,False,False,False,False,58445.276439916495,False,False,False,False
2022-04-06 00:00:00+00:00,43.81,44.75,43.31,44.75,90210,,,,,,,,,,,,,,,,,,,,,,,,,,#000000,0.0,0.0,,46.06145133577725,,0.0,0.0,0.0,0.0,47.819520730898965,4.831213853426107,True,False,False,False,False,0.0,0,0.952277584864816,0.9932649336685372,False,False,False,False,-0.1631436022747531,-0.03816766838235121,False,False,False,False,-338212,-152887.6927804049,False,False,False,False,59690.95187364527,False,False,False,False
2022-04-07 00:00:00+00:00,42.85,44.52,42.66,43.96,35276,,,,,,,,,,,,,,,,,,,,,,,,,,"rgba(239, 83, 80, 0.5)",0.0,0.0,,45.983198356508936,,0.0,0.0,0.0,0.0,44.517037507449075,1.7295811524927984,False,False,False,True,False,0.0,0,0.9447502555750107,1.0023969520357916,False,False,False,False,-0.2089675369527355,-0.12356760266754335,False,False,False,False,-373488,-161538.68522038904,False,False,False,False,58733.50278056114,False,False,False,False
2022-04-08 00:00:00+00:00,42.23,42.78,41.921,42.78,91444,,,,,,,,,,,,,,,,,,,,,,,,,,"rgba(239, 83, 80, 0.5)",0.0,0.0,,45.735737200442856,,0.0,0.0,0.0,0.0,41.67182657750281,-0.9393977716837583,False,False,False,True,False,0.0,0,0.9414725548823574,1.010059594004482,False,False,False,False,-0.34282825441539394,-0.23319792854146865,False,False,False,False,-464932,-173436.46227056987,False,False,False,False,60016.26737740188,False,False,False,False
2022-04-11 00:00:00+00:00,44.11,44.8575,41.83,41.83,89400,,,,,,,,,,,,,,,,,,,,,,,,,,"rgba(239, 83, 80, 0.5)",0.0,0.0,,45.61062284242042,,0.0,0.0,0.0,0.0,42.87343671583931,-0.9393977716837583,False,False,False,True,False,0.0,0,0.9492148010773632,0.9769674186062631,False,False,False,False,-0.2343751793891361,-0.23378655396530237,False,False,False,False,-375532,-181361.77747564556,False,False,False,False,61168.57061750376,False,False,False,False
2022-04-12 00:00:00+00:00,43.97,45.255,43.91,44.3,106814,,,,,,,,,,,,,,,,,,,,,,,,,,"rgba(239, 83, 80, 0.5)",0.0,0.0,,45.53518441062963,,0.0,0.0,0.0,0.0,43.49711729282201,-0.9393977716837583,False,False,False,True,False,0.0,0,0.9547234065211946,0.9975191239239958,False,False,False,False,-0.10607445541954899,-0.16993050469242568,False,False,False,False,-482346,-193165.0803197379,False,False,False,False,62958.58745603303,False,False,False,False
2022-04-13 00:00:00+00:00,44.96,45.345,43.89,44.0,99679,,,,,,,,,,,,,,,,,,,,,,,,,,"rgba(239, 83, 80, 0.5)",0.0,0.0,,45.49464008566377,,0.0,0.0,0.0,0.0,45.45581893322577,-0.9393977716837583,False,False,False,True,True,0.0,0,0.9429072967883224,1.0021303247467046,False,False,False,False,-0.10251846152017746,-0.13622448310630159,False,False,False,False,-382667,-200596.5281503364,False,False,False,False,64398.60363422781,False,False,False,False
2022-04-14 00:00:00+00:00,44.11,45.2699,44.01,45.0,88414,,,,,,,,,,,,,,,,,,,,,,,,,,"rgba(239, 83, 80, 0.5)",0.0,0.0,,45.44941430668371,,0.0,0.0,0.0,0.0,45.555012607314,-0.9393977716837583,False,False,False,True,True,0.0,0,0.9437009354866109,0.9923571593239262,False,False,False,False,-0.10023891039502322,-0.1182316967506624,False,False,False,False,-471081,-211203.7623405193,False,False,False,False,65340.383883865936,False,False,False,False
2022-04-18 00:00:00+00:00,43.97,44.24,43.101,44.02,56469,,,,,,,,,,,,,,,,,,,,,,,,,,"rgba(239, 83, 80, 0.5)",0.0,0.0,,45.40210882703423,,0.0,0.0,0.0,0.0,45.421215891021646,-0.9393977716837583,False,False,False,True,True,0.0,0,0.933199952294373,1.0089496729973984,False,False,False,False,-0.19995979942435232,-0.15909574808750737,False,False,False,False,-527550,-223609.497150695,False,False,False,False,64992.48647665551,False,False,False,False
2022-04-19 00:00:00+00:00,44.27,45.18,44.04,44.12,155489,,,,,,,,,,,,,,,,,,,,,,,,,,"rgba(239, 83, 80, 0.5)",0.0,0.0,,45.34097397635735,,0.0,0.0,0.0,0.0,45.87999595940119,-0.9393977716837583,False,False,False,True,True,0.0,0,0.9482665401016273,0.9948623727519824,False,False,False,False,-0.1032802397098478,-0.13118799389867758,False,False,False,False,-372061,-229431.12471341286,False,False,False,False,68541.36935992392,False,False,False,False
2022-04-20 00:00:00+00:00,43.96,45.08,43.74,44.52,157514,,,,,,,,,,,,,,,,,,,,,,,,,,"rgba(239, 83, 80, 0.5)",0.0,0.0,2.114961605938649,45.2710723476688,-0.6199036162110025,0.0,0.0,0.0,0.0,45.671898562885026,-0.9393977716837583,False,False,False,True,True,0.0,0,0.934199079032175,1.004533769228696,False,False,False,False,-0.12364129136809407,-0.1274146426333858,False,False,False,False,-529575,-241201.47276386726,False,False,False,False,72030.49213012298,False,False,False,False
2022-04-21 00:00:00+00:00,43.5,45.37,43.45,44.5,93827,,,,,,,,,,,,,,,,,,,,,,,,,,"rgba(239, 83, 80, 0.75)",0.0,0.0,2.1283759151136885,45.003593903256785,-0.7064512864385002,0.0,0.0,0.0,0.0,44.763307989435226,-0.9393977716837583,False,True,False,True,True,0.0,0,0.9290140488976514,1.000486205144537,False,False,False,False,-0.12364129136809407,-0.12552796700073993,False,False,False,False,-623402,-256189.72873391167,False,False,False,False,72885.25714462796,False,False,False,False
2022-04-22 00:00:00+00:00,41.95,43.6,41.75,43.31,98346,,,,,,,,,,,,,,,,,,,,,,,,,,"rgba(239, 83, 80, 1.0)",0.0,0.0,2.160931705963387,44.74530036795492,-1.2935625685165808,0.0,0.0,0.0,0.0,41.88044637279313,-3.0372533288075942,False,True,False,True,False,0.0,0,0.9028713872379036,1.0277510322177419,False,False,False,False,-0.30665056804216434,-0.21608926752145213,False,False,False,False,-721748,-274446.91584238573,False,False,False,False,73883.7176487602,False,False,False,False
2022-04-25 00:00:00+00:00,41.99,42.796,41.305,41.63,106298,,,,,,,,,,,,,,,,,,,,,,,,,,"rgba(239, 83, 80, 1.0)",0.0,0.0,2.2064606201943566,44.55893176753347,-1.1642771885533065,0.0,0.0,0.0,0.0,40.05426460499724,-4.970148135368014,False,True,False,True,False,0.0,0,0.905276188953411,1.0363875100235236,False,False,False,False,-0.34282825441539394,-0.27945876096842304,False,False,False,False,-615450,-287819.585809351,False,False,False,False,75154.8659762598,False,False,False,False
2022-04-26 00:00:00+00:00,40.34,41.98,40.28,41.72,94947,,,,,,,,,,,,,,,,,,,,,,,,,,"rgba(239, 83, 80, 1.0)",0.0,0.0,2.294888169761592,44.34997353411146,-1.7473503009639209,0.0,0.0,0.0,0.0,36.78113744720599,-8.182831730808545,False,True,False,True,False,0.0,0,0.9064339778773912,1.0341450789164466,False,False,False,False,-0.34282825441539394,-0.31114350769190846,False,False,False,False,-710397,-304391.2491109451,False,False,False,False,75931.02809483785,False,False,False,False
2022-04-27 00:00:00+00:00,40.26,41.08,40.095,40.33,77063,,,,,,,,,,,,,,,,,,,,,,,,,,"rgba(239, 83, 80, 1.0)",0.0,0.0,2.3072256261774857,44.19301583819835,-1.7046515926205301,0.0,0.0,0.0,0.0,34.508806150180384,-10.363717135393621,False,True,False,True,False,0.0,0,0.8985668079478891,1.041205335057718,False,False,False,False,-0.34282825441539394,-0.32698588105365123,False,False,False,False,-787460,-323335.1216948296,False,False,False,False,75975.41914994224,False,False,False,False
2022-04-28 00:00:00+00:00,40.76,41.2,39.87,40.93,122371,,,,,,,,,,,,,,,,,,,,,,,,,,"rgba(239, 83, 80, 1.0)",0.0,0.0,2.2774022422428972,43.99736963098681,-1.4215185929554948,0.0,0.0,0.0,0.0,34.34776621452532,-10.590262893172223,False,True,False,True,False,0.0,0,0.886954555731404,1.0702982052336953,False,False,False,False,-0.34282825441539394,-0.3349070677345226,False,False,False,False,-665089,-336737.2345695422,False,False,False,False,77794.85369308176,False,False,False,False
2022-04-29 00:00:00+00:00,40.07,41.12,39.75,40.5,123570,,,,,,,,,,,,,,,,,,,,,,,,,,"rgba(239, 83, 80, 1.0)",0.0,0.0,2.260052722019181,43.81201178969598,-1.6557188039192217,0.0,0.0,0.0,0.0,33.3227369921512,-11.715973470498248,False,True,False,True,False,0.0,0,0.8826298315023011,1.062260436020313,False,False,False,False,-0.34282825441539394,-0.33886766107495825,False,False,False,False,-788659,-354459.65674328565,False,False,False,False,79589.95746982365,False,False,False,False
2022-05-02 00:00:00+00:00,38.86,40.69,38.11,40.36,98743,,,,,,,,,,,,,,,,,,,,,,,,,,"rgba(239, 83, 80, 1.0)",0.0,0.0,2.3138535619840566,43.62851942255723,-2.0608561842039728,0.0,0.0,0.0,0.0,31.23208042593756,-13.840139862059317,False,True,False,True,False,0.0,0,0.8667164967967208,1.062408609485383,False,False,False,False,-0.34282825441539394,-0.34084795774517607,False,False,False,False,-887402,-375359.3564788431,False,False,False,False,80341.05717688939,False,False,False,False
2022-05-03 00:00:00+00:00,39.25,39.51,38.495,39.12,104069,,,,,,,,,,,,,,,,,,,,,,,,,,"rgba(239, 83, 80, 1.0)",0.0,0.0,2.3109720508521554,43.450210719899566,-1.817508229210633,0.0,0.0,0.0,0.0,30.949043665741318,-14.25974370739722,False,True,False,True,False,0.0,0,0.8772665058747927,1.0715213226725013,False,False,False,False,-0.34282825441539394,-0.341838106080285,False,False,False,False,-783333,-391358.3228914375,False,False,False,False,81271.56473858,False,False,False,False
2022-05-04 00:00:00+00:00,40.0,40.255,38.5,39.14,199129,,,,,,,,,,,,,,,,,,,,,,,,,,"rgba(239, 83, 80, 1.0)",0.0,0.0,2.313517465476122,43.197634461479495,-1.3821527216443217,0.0,0.0,0.0,0.0,32.805078918825515,-14.25974370739722,False,True,False,True,False,0.0,0,0.8998995333120923,1.05731362086582,False,False,False,False,-0.31506493859321827,-0.3284515223367516,False,False,False,False,-584204,-398920.8984643223,False,False,False,False,85893.4249449102,False,False,False,False
2022-05-05 00:00:00+00:00,39.38,40.21,39.07,39.42,109652,,,,,,,,,,,,,,,,,,,,,,,,,,"rgba(239, 83, 80, 0.75)",0.0,0.0,2.3691452292160373,43.07399762352058,-1.5592111357153668,0.0,0.0,0.0,0.0,33.139481029784065,-14.25974370739722,False,True,False,True,True,0.0,0,0.9060410707424326,1.0424491189978105,False,False,False,False,-0.29590895196433814,-0.3121802371505449,False,False,False,False,-693856,-410486.9808774862,False,False,False,False,86825.1337706,False,False,False,False
2022-05-06 00:00:00+00:00,38.62,39.51,38.4,39.16,80523,,,,,,,,,,,,,,,,,,,,,,,,,,"rgba(239, 83, 80, 0.75)",0.0,0.0,2.445041697170192,42.968153544763304,-1.778355579700629,0.0,0.0,0.0,0.0,32.33769719000857,-14.25974370739722,False,True,False,True,True,0.0,0,0.905894589558014,1.0577014753499545,False,False,False,False,-0.34282825441539394,-0.32750424578296944,False,False,False,False,-774379,-424757.2561371926,False,False,False,False,86577.99126979215,False,False,False,False
2022-05-09 00:00:00+00:00,36.86,38.25,36.57,38.18,96981,,,,,,,,,,,,,,,,,,,,,,,,,,"rgba(239, 83, 80, 1.0)",0.0,0.0,2.5955233255228745,42.7930627403414,-2.2858830363800213,0.0,0.0,0.0,0.0,29.876475297833036,-15.75954779680162,False,True,False,True,False,0.0,0,0.8661018928938098,1.0748796576929935,False,False,False,False,-0.34282825441539394,-0.33516625009918166,False,False,False,False,-871360,-442271.0892298517,False,False,False,False,86985.95239646698,False,False,False,False
2022-05-10 00:00:00+00:00,36.66,37.33,35.605,37.11,58691,,,,,,,,,,,,,,,,,,,,,,,,,,"rgba(239, 83, 80, 1.0)",0.0,0.0,2.7469194408308377,42.67915344247014,-2.191237701768778,0.0,0.0,0.0,0.0,28.044608380051287,-17.582876926066348,False,True,False,True,False,0.0,0,0.8478870452830095,1.0892152719936103,False,False,False,False,-0.34282825441539394,-0.33899725225728783,False,False,False,False,-930051,-461399.71318162227,False,False,False,False,85876.34642013494,False,False,False,False
2022-05-11 00:00:00+00:00,35.47,37.0699,35.46,36.68,50989,,,,,,,,,,,,,,,,,,,,,,,,,,"rgba(239, 83, 80, 1.0)",0.0,0.0,2.9255054233383273,42.57499923400898,-2.4286399120400137,0.0,0.0,0.0,0.0,25.7613051207052,-19.791434635493506,False,True,False,True,False,0.0,0,0.8510764056035242,1.0907324920328314,False,False,False,False,-0.34282825441539394,-0.34091275333634086,False,False,False,False,-981040,-481777.76364508807,False,False,False,False,84508.21518797279,False,False,False,False
2022-05-12 00:00:00+00:00,36.42,36.68,35.32,35.32,96373,,,,,,,,,,,,,,,,,,,,,,,,,,"rgba(239, 83, 80, 1.0)",0.0,0.0,3.060063015308286,42.39284785792254,-1.9518708693392066,0.0,0.0,0.0,0.0,26.94332706691728,-19.791434635493506,False,True,False,True,False,0.0,0,0.8436954511211421,1.1071837619663016,False,False,False,False,-0.34282825441539394,-0.34187050387586737,False,False,False,False,-884667,-497577.34154135914,False,False,False,False,84973.50086687581,False,False,False,False
2022-05-13 00:00:00+00:00,37.27,38.27,36.9,36.9,96555,,,,,,,,,,,,,,,,,,,,,,,,,,"rgba(239, 83, 80, 0.75)",0.0,0.0,3.1602842157509032,42.26285854659476,-1.5798764306419888,0.0,0.0,0.0,0.0,29.899224191196318,-19.791434635493506,False,True,False,True,True,0.0,0,0.8622759239040932,1.081121798586163,False,False,False,False,-0.2543643805064391,-0.2981174421911532,False,False,False,False,-788112,-508970.857559345,False,False,False,False,85427.67730346892,False,False,False,False
2022-05-16 00:00:00+00:00,38.23,38.43,36.96,37.11,74282,,,,,,,,,,,,,,,,,,,,,,,,,,"rgba(239, 83, 80, 0.75)",0.0,0.0,3.230567500978482,42.17705460050975,-1.2217836647320504,0.0,0.0,0.0,0.0,34.0644801969339,-20.86698565897818,False,True,False,True,True,0.0,0,0.8845853975971661,1.0650741907164916,False,False,False,False,-0.24838140365211217,-0.2732494229216327,False,False,False,False,-713830,-517004.54941976286,False,False,False,False,84990.59191901916,False,False,False,False
2022-05-17 00:00:00+00:00,39.06,39.57,38.76,38.76,71032,,,,,,,,,,,,,,,,,,,,,,,,,,"rgba(239, 83, 80, 0.75)",0.0,0.0,3.278123210586167,42.12509554700275,-0.9350153579049498,0.0,0.0,0.0,0.0,38.54795719118144,-16.840026285324285,False,True,False,True,True,0.0,0,0.9175621232719394,1.0396049437895352,False,False,False,False,-0.16990541787113916,-0.22157742039638592,False,False,False,False,-642798,-521937.6259131055,False,False,False,False,84443.196157489,False,False,False,False
2022-05-18 00:00:00+00:00,37.58,38.96,37.35,38.4,75753,,,,,,,,,,,,,,,,,,,,,,,,,,"rgba(239, 83, 80, 0.75)",0.0,0.0,3.3393682414870365,42.04606406401077,-1.3373978971609353,0.0,0.0,0.0,0.0,39.185703677975326,-16.4227852568281,False,True,False,True,True,0.0,0,0.905794679441948,1.0296418712320965,False,False,False,False,-0.22354425396279615,-0.22256083717959102,False,False,False,False,-718551,-529647.95430867,False,False,False,False,84102.40415131296,False,False,False,False
2022-05-19 00:00:00+00:00,37.17,37.75,37.07,37.16,50887,,,,,,,,,,,,,,,,,,,,,,,,,,"rgba(239, 83, 80, 0.75)",0.0,0.0,3.409580022220903,41.98562397213282,-1.4123803931124805,0.0,0.0,0.0,0.0,39.02714731068136,-16.4227852568281,False,True,False,True,True,0.0,0,0.8907392057870547,1.06787983824379,False,False,False,False,-0.26391981335065756,-0.2432403252651243,False,False,False,False,-769438,-539051.4855122516,False,False,False,False,82799.83928263403,False,False,False,False
2022-05-20 00:00:00+00:00,36.82,38.25,36.02,37.66,74413,,,,,,,,,,,,,,,,,,,,,,,,,,"rgba(239, 83, 80, 0.75)",0.0,0.0,3.4840057612099478,41.89407765616798,-1.4563918672757366,0.0,0.0,0.0,0.0,38.41751811654756,-16.4227852568281,False,True,False,True,True,0.0,0,0.8912178626485653,1.0543289074543738,False,False,False,False,-0.2790319622899498,-0.261136143777537,False,False,False,False,-843851,-551004.407649026,False,False,False,False,82470.94362449151,False,False,False,False
2022-05-23 00:00:00+00:00,36.76,37.32,36.4,37.32,30601,,,,,,,,,,,,,,,,,,,,,,,,,,"rgba(239, 83, 80, 0.75)",0.0,0.0,3.5611985430558386,41.85580157482126,-1.4309231886994396,0.0,0.0,0.0,0.0,37.92045149400684,-16.4227852568281,False,True,False,True,True,0.0,0,0.8971613016226494,1.0676208229598028,False,False,False,False,-0.29426939199225577,-0.2777027678848964,False,False,False,False,-874452,-563688.6269569073,False,False,False,False,80436.82818823695,False,False,False,False
2022-05-24 00:00:00+00:00,35.99,36.38,35.31,36.38,106505,,,,,,,,,,,,,,,,,,,,,,,,,,"rgba(239, 83, 80, 0.75)",0.0,0.0,3.641421997264547,40.732990776977246,-1.3025106072683146,0.0,0.0,0.0,0.0,36.437623973229606,-16.4227852568281,False,True,False,True,True,0.0,0,0.8822010650314668,1.0645473616265935,False,False,False,False,-0.34282825441539394,-0.31026551115014517,False,False,False,False,-980957,-580052.0925664405,False,False,False,False,81459.10943575707,False,False,False,False
2022-05-25 00:00:00+00:00,37.58,37.82,35.85,35.93,89646,,,,,,,,,,,,,,,,,,,,,,,,,,"rgba(239, 83, 80, 0.75)",0.0,0.0,3.6822354990236885,40.74374808356182,-0.8591922174452611,0.0,0.0,0.0,0.0,39.33537106931569,-15.849242430357656,False,True,False,True,True,0.0,0,0.8931932265265595,1.050566717233384,False,False,False,False,-0.28770074885837826,-0.2989831300042617,False,False,False,False,-891311,-592258.3242305017,False,False,False,False,81780.16396768816,False,False,False,False
2022-05-26 00:00:00+00:00,38.14,38.89,37.65,37.65,59476,,,,,,,,,,,,,,,,,,,,,,,,,,"rgba(239, 83, 80, 0.5)",0.0,0.0,3.695590871821697,40.776588579090806,-0.7134416851157365,0.0,0.0,0.0,0.0,42.430028518260706,-12.863780201856713,False,False,False,True,True,0.0,0,0.8970842646260306,1.0741245848644416,False,False,False,False,-0.21062788752815914,-0.25480550876621044,False,False,False,False,-831835,-601653.4879861682,False,False,False,False,80905.49087091608,False,False,False,False
2022-05-27 00:00:00+00:00,38.51,39.14,38.3,38.64,43698,,,,,,,,,,,,,,,,,,,,,,,,,,#000000,0.0,0.0,3.701807067847746,40.79797169002243,-0.6180688642297806,0.0,0.0,0.0,0.0,45.24957396938032,-10.207976643635519,False,False,False,False,True,0.0,0,0.8783613204299431,1.081882976960053,False,False,False,False,-0.18699755132279688,-0.22090153004450366,False,False,False,False,-788137,-608966.5668886715,False,False,False,False,79446.37358186055,False,False,False,False
2022-05-31 00:00:00+00:00,38.31,38.37,36.97,38.37,368615,,,,,,,,,,,,,,,,,,,,,,,,,,#000000,0.0,0.0,3.7181726016277743,40.642158126470065,-0.6272323467310447,0.0,0.0,0.0,0.0,46.69520155993656,-8.844929038665768,True,False,False,False,True,0.0,0,0.8416073543080507,1.1060619564802199,False,False,False,False,-0.24250456060114828,-0.23170304532282598,False,False,False,False,-1156752,-630448.3485793119,False,False,False,False,90786.31971590524,False,False,False,False
2022-06-01 00:00:00+00:00,37.94,38.54,37.65,38.48,64268,,,,,,,,,,,,,,,,,,,,,,,,,,#000000,0.0,0.0,3.7488546334931447,40.61558640191746,-0.7137076956820755,0.0,0.0,0.0,0.0,46.84082924848845,-8.614891686411525,True,False,False,False,True,0.0,0,0.8533173923663337,1.105441783331405,False,False,False,False,-0.21987902494932418,-0.22579103513607507,False,False,False,False,-1221020,-653608.0211840447,False,False,False,False,89746.38560939915,False,False,False,False
2022-06-02 00:00:00+00:00,39.48,39.61,38.05,38.05,45584,,,,,,,,,,,,,,,,,,,,,,,,,,#000000,0.0,0.0,3.747039104953938,40.614825458111895,-0.3028592513517011,0.0,0.0,0.0,0.0,50.193668557737205,-5.331290027170759,True,False,False,False,True,0.0,0,0.8585675476809407,1.0798641433725338,False,False,False,False,-0.18125347590086585,-0.20352225551847047,False,False,False,False,-1175436,-674071.8634905528,False,False,False,False,88014.52735020703,False,False,False,False
2022-06-03 00:00:00+00:00,39.26,40.02,38.88,39.33,64347,,,,,,,,,,,,,,,,,,,,,,,,,,"rgba(38, 166, 154, 1.0)",0.0,0.0,3.715639806435915,40.44369399268624,-0.3185707050064299,0.0,0.0,0.0,0.0,51.89379776442429,-3.6674488839656973,True,False,True,False,True,0.0,0,0.8812619646744779,1.0672827610483127,False,False,False,False,-0.1490868144542965,-0.1763045349863835,False,False,False,False,-1239783,-696256.6139419037,False,False,False,False,87086.38902274794,False,False,False,False
2022-06-06 00:00:00+00:00,39.08,39.79,38.88,39.75,39272,,,,,,,,,,,,,,,,,,,,,,,,,,"rgba(38, 166, 154, 1.0)",0.0,0.0,3.687575623900062,40.436035386758654,-0.3677308684789717,0.0,0.0,0.0,0.0,52.57080585799893,-2.9175791020406336,True,False,True,False,True,0.0,0,0.8871021856745384,1.0598308152937264,False,False,False,False,-0.15502819523011474,-0.16566636510824911,False,False,False,False,-1279055,-719111.4526108487,False,False,False,False,85211.3149434245,False,False,False,False
2022-06-07 00:00:00+00:00,38.67,39.3,38.53,38.53,33836,,,,,,,,,,,,,,,,,,,,,,,,,,"rgba(38, 166, 154, 1.0)",0.0,0.0,3.675391905315351,40.41327362110837,-0.47430958820670066,0.0,0.0,0.0,0.0,51.97205088224439,-2.9175791020406336,True,False,True,False,True,0.0,0,0.872295605451293,1.082049751985977,False,False,False,False,-0.17682298059063406,-0.1712446728494416,False,False,False,False,-1312891,-742396.9250574821,False,False,False,False,83196.59671034903,False,False,False,False
2022-06-08 00:00:00+00:00,38.04,38.65,37.81,38.43,37151,,,,,,,,,,,,,,,,,,,,,,,,,,#000000,0.0,0.0,3.670613970294188,40.36812672019531,-0.634260845470689,0.0,0.0,0.0,0.0,50.05184918709796,-2.9175791020406336,True,False,False,False,False,0.0,0,0.8609917048874642,1.0928450926311337,False,False,False,False,-0.21273924852481377,-0.19199196068712768,False,False,False,False,-1350042,-766226.1436826789,False,False,False,False,81390.88703543338,False,False,False,False
2022-06-09 00:00:00+00:00,37.95,38.45,37.6,37.65,50168,,,,,,,,,,,,,,,,,,,,,,,,,,#000000,0.0,0.0,3.688224993625463,40.316219469780435,-0.6415604996631397,0.0,0.0,0.0,0.0,48.55720543941648,-2.9175791020406336,True,False,False,False,False,0.0,1,0.8381401400695253,1.1132627107019544,False,False,False,False,-0.22358979143189697,-0.20779087605951232,False,False,False,False,-1400210,-791088.2556951229,False,False,False,False,80166.46009286736,False,False,False,False
2022-06-10 00:00:00+00:00,37.63,37.88,37.5,37.6,169223,,,,,,,,,,,,,,,,,,,,,,,,,,#000000,0.0,0.0,3.7119727981295867,40.16774159265476,-0.6836638441783539,0.0,0.0,0.0,0.0,46.776220748990035,1.8752862035732107,True,False,False,False,False,0.0,0,0.8225085890351792,1.1272765702147882,False,False,False,False,-0.22675769950761618,-0.21727428778356425,False,False,False,False,-1569433,-821611.5790011965,False,False,False,False,83658.87342255884,False,False,False,False
2022-06-13 00:00:00+00:00,34.78,37.02,34.0,36.71,181800,,,,,,,,,,,,,,,,,,,,,,,,,,"rgba(239, 83, 80, 0.5)",-1.0,34.847553,3.77766519245767,39.271446369881836,-1.1889477073958992,0.0,0.0,0.0,0.0,40.74888575659391,-3.8295665249214608,False,False,False,True,False,0.0,0,0.829077619575616,1.135115409299725,True,False,False,False,-0.34282825441539394,-0.2800512710994791,False,False,False,False,-1751233,-858067.3210011497,False,False,False,False,87507.54505304674,True,False,False,False
2022-06-14 00:00:00+00:00,35.72,35.85,34.77,34.78,59074,,,,,,,,,,,,,,,,,,,,,,,,,,"rgba(239, 83, 80, 0.5)",0.0,0.0,3.8046736171889006,39.208098131594625,-0.9167929979160268,0.0,0.0,0.0,0.0,39.313305254092384,-5.072167850018637,False,False,False,True,False,0.0,0,0.8284033894753171,1.133086031001697,False,False,False,False,-0.34282825441539394,-0.3114397627574365,False,False,False,False,-1692159,-890776.7986089478,False,False,False,False,86392.50407057432,False,False,False,False
2022-06-15 00:00:00+00:00,36.75,37.6057,36.03,36.03,75458,,,,,,,,,,,,,,,,,,,,,,,,,,"rgba(239, 83, 80, 0.5)",0.0,0.0,3.811247848429973,39.21069341251328,-0.6456398298858866,0.0,0.0,0.0,0.0,40.809609041828104,-5.072167850018637,False,False,False,True,False,0.0,0,0.8285296348466785,1.112475620327229,False,False,False,False,-0.23980445223736943,-0.27562210749740296,False,False,False,False,-1616701,-919244.4143497733,False,False,False,False,85963.69998937532,False,False,False,False
2022-06-16 00:00:00+00:00,36.68,36.85,35.41,36.1,85235,,,,,,,,,,,,,,,,,,,,,,,,,,"rgba(239, 83, 80, 0.5)",0.0,0.0,3.8236789133545677,39.16897614782255,-0.6509375405789327,0.0,0.0,0.0,0.0,41.68183145102343,-5.072167850018637,False,False,False,True,False,0.0,0,0.8418431565698022,1.10917747496306,False,False,False,False,-0.27901506817777927,-0.2773185878375911,False,False,False,False,-1701936,-949938.2020223312,False,False,False,False,85935.12351920374,False,False,False,False
2022-06-17 00:00:00+00:00,36.75,37.91,36.49,37.06,112411,,,,,,,,,,,,,,,,,,,,,,,,,,"rgba(239, 83, 80, 0.5)",0.0,0.0,3.816970318775658,39.15853296190768,-0.6310064686801781,0.0,0.0,0.0,0.0,42.43968444358946,-5.072167850018637,False,False,False,True,True,0.0,0,0.8764924964399167,1.0657246138678935,False,False,False,False,-0.19888293426820686,-0.23810076105289898,False,False,False,False,-1589525,-975020.0372371417,False,False,False,False,86973.39318511731,False,False,False,False
2022-06-21 00:00:00+00:00,36.91,37.94,36.78,37.04,78573,,,,,,,,,,,,,,,,,,,,,,,,,,"rgba(239, 83, 80, 0.5)",0.0,0.0,3.8162234905374266,39.151234827283744,-0.5872912927770175,0.0,0.0,0.0,0.0,43.3741274967109,-5.072167850018637,False,False,False,True,True,0.0,0,0.8879246013100797,1.062325529974296,False,False,False,False,-0.1871375202247476,-0.2126191406388233,False,False,False,False,-1510952,-996036.9769533323,False,False,False,False,86643.96600138723,False,False,False,False
2022-06-22 00:00:00+00:00,37.41,37.7,36.605,36.63,59760,,,,,,,,,,,,,,,,,,,,,,,,,,"rgba(239, 83, 80, 0.5)",0.0,0.0,3.826371272774905,39.1438322217298,-0.45312702247851167,0.0,0.0,0.0,0.0,45.333081842418,-10.020225871355137,True,False,False,True,True,0.0,0,0.8969225678358701,1.0424663578204278,False,False,False,False,-0.20238016463498212,-0.20749965263690273,False,False,False,False,-1451192,-1013886.1935433977,False,False,False,False,85589.69282486224,False,False,False,False
2022-06-23 00:00:00+00:00,38.85,38.91,37.37,37.42,93346,,,,,,,,,,,,,,,,,,,,,,,,,,#000000,0.0,0.0,3.8321425099043673,39.177126577939106,-0.08536388641435674,0.0,0.0,0.0,0.0,49.823302717756064,-5.691037676069982,True,False,False,False,True,0.0,0,0.9068137189349733,1.05556689494021,False,False,False,False,-0.13054252343306993,-0.16902108803498633,False,False,False,False,-1357846,-1027374.813404441,False,False,False,False,85893.86173369117,False,False,False,False
2022-06-24 00:00:00+00:00,40.51,40.66,38.795,38.85,196118,,,,,,,,,,,,,,,,,,,,,,,,,,"rgba(38, 166, 154, 1.0)",0.0,0.0,3.829292376942251,39.34361163328695,0.3045963201285846,0.0,0.0,0.0,0.0,55.46291942022379,-0.48004116012725007,True,False,True,False,True,0.0,0,0.898337770138554,1.0362630221980003,False,False,False,False,-0.017508156001370633,-0.09326462201817848,False,False,False,False,-1161728,-1032643.5658199531,False,False,False,False,90216.37695982092,False,False,False,False
2022-06-27 00:00:00+00:00,40.65,41.55,39.7,40.61,94439,,,,,,,,,,,,,,,,,,,,,,,,,,"rgba(38, 166, 154, 1.0)",0.0,0.0,3.816509064766042,39.427217664683376,0.32039288118174075,0.0,0.0,0.0,0.0,59.41736391627313,3.0122956256187052,True,False,True,False,True,0.0,0,0.9117510127787314,1.0249459735530988,False,False,False,False,0.04601516823483882,-0.02362472689166983,False,False,False,False,-1067289,-1034002.210297602,False,False,False,False,90381.9700202201,False,False,False,False
2022-06-28 00:00:00+00:00,38.81,41.0,38.47,40.97,171970,,,,,,,,,,,,,,,,,,,,,,,,,,"rgba(38, 166, 154, 1.0)",0.0,0.0,3.815983799803176,39.48321425019928,-0.17641957762871094,0.0,0.0,0.0,0.0,57.50929446636592,3.0122956256187052,True,False,True,False,True,0.0,0,0.8948455185071885,1.0309987217585106,False,False,False,False,-0.015969102612590505,-0.01979691475213017,False,False,False,False,-1239259,-1042051.4961682843,False,False,False,False,93581.50060766246,False,False,False,False
2022-06-29 00:00:00+00:00,38.03,39.1,37.615,39.1,148146,,,,,,,,,,,,,,,,,,,,,,,,,,"rgba(38, 166, 154, 0.75)",0.0,0.0,3.827785345163515,39.46576589019888,-0.3750904924731475,0.0,0.0,0.0,0.0,54.693089701596236,3.0122956256187052,True,False,True,False,False,0.0,0,0.8960740285653699,1.042679512203078,False,False,False,False,-0.11421994219988829,-0.06700842847600923,False,False,False,False,-1387405,-1055594.7708283516,False,False,False,False,95721.28489755804,False,False,False,False
2022-06-30 00:00:00+00:00,46.18,46.18,40.72,40.87,470330,,,,,,,,,,,,,,,,,,,,,,,,,,"rgba(38, 166, 154, 1.0)",0.0,0.0,3.873259553343604,40.148522395120665,1.557209766557638,0.0,0.0,0.0,0.0,61.269829220667006,3.7708522640679405,True,False,True,False,True,8.415070414603917,0,0.8993933793391261,0.9704390423243358,False,False,False,False,0.26650915637524303,0.0997503639496169,False,False,False,False,-917075,-1050162.62295273,False,False,False,False,110411.82274471263,False,False,False,False
2022-07-01 00:00:00+00:00,47.13,47.5,46.0016,46.04,180323,,,,,,,,,,,,,,,,,,,,,,,,,,"rgba(38, 166, 154, 1.0)",0.0,0.0,3.9324239275472164,40.46013472990362,1.6961206098287063,0.0,0.0,0.0,0.0,66.16594065941266,8.096552452675773,True,False,True,False,True,9.82167951787397,0,0.9687814553117639,0.9528945084913844,False,False,False,False,0.34282824794156674,0.22128930594559182,False,False,False,False,-736752,-1037872.010287917,False,False,False,False,113153.43753903762,False,False,False,False
2022-07-05 00:00:00+00:00,47.49,47.59,45.8,46.81,139353,,,,,,,,,,,,,,,,,,,,,,,,,,"rgba(38, 166, 154, 1.0)",0.0,0.0,3.963083666054007,40.67933813262455,1.718525885716852,0.0,0.0,0.0,0.0,69.62558887592556,11.095927399848478,True,False,True,False,True,10.34978451321718,0,0.9698286565681647,0.9553017134343182,False,False,False,False,0.33922013796821004,0.28025472195690093,False,False,False,False,-597399,-1020598.5589040772,False,False,False,False,114180.87136103614,False,False,False,False
2022-07-06 00:00:00+00:00,47.84,48.35,46.17,47.74,125837,,,,,,,,,,,,,,,,,,,,,,,,,,"rgba(38, 166, 154, 1.0)",0.0,0.0,3.986151830326379,40.875637367206856,1.747139328664989,0.0,0.0,0.0,0.0,72.1308821322153,13.309747044296628,True,False,True,False,True,10.865309336931535,0,0.9955484110300481,0.9241993322616544,False,False,False,False,0.34282824821742236,0.3115414850871616,False,False,False,False,-471562,-999067.7134568584,False,False,False,False,114637.97444491708,False,False,False,False
2022-07-07 00:00:00+00:00,49.2,49.3,47.0,47.0,198761,,,,,,,,,,,,,,,,,,,,,,,,,,"rgba(38, 166, 154, 1.0)",0.0,0.0,4.02721309758166,41.20227922292875,1.985919439394424,0.0,0.0,0.0,0.0,74.54822024364833,15.568259612884646,True,False,True,False,True,12.830925857414396,0,1.0112023898431663,0.9034758016136338,False,False,False,False,0.34282824864703243,0.327184866867097,False,False,False,False,-272801,-970586.6658703149,False,False,False,False,117936.91662354779,False,False,False,False
2022-07-08 00:00:00+00:00,49.37,49.605,48.55,49.0,139490,,,,,,,,,,,,,,,,,,,,,,,,,,"rgba(38, 166, 154, 1.0)",0.0,0.0,4.084823407476779,41.43079868936505,1.9435849530491809,0.0,0.0,0.0,0.0,76.25120486685418,17.26847668581331,True,False,True,False,True,13.073011863123284,0,1.0431970774091623,0.8889835110584517,False,False,False,False,0.34282824903564013,0.3350065579513686,False,False,False,False,-133311,-937752.3260322635,False,False,False,False,118782.13557948709,False,False,False,False
2022-07-11 00:00:00+00:00,49.06,49.46,47.98,49.3,127864,,,,,,,,,,,,,,,,,,,,,,,,,,"rgba(38, 166, 154, 1.0)",0.0,0.0,4.135612629323466,41.61795462385195,1.7995025267551414,0.0,0.0,0.0,0.0,76.69639205147847,17.924163255721993,True,False,True,False,True,12.439449461354261,0,1.0382119505882064,0.8803959813049718,False,False,False,False,0.32371459696459154,0.3293605774579801,False,False,False,False,-261175,-911219.8818741355,False,False,False,False,119138.28712538956,False,False,False,False
2022-07-12 00:00:00+00:00,47.96,49.6,47.91,49.06,118504,,,,,,,,,,,,,,,,,,,,,,,,,,"rgba(38, 166, 154, 1.0)",0.0,0.0,4.176491018214352,41.77360202332505,1.4812429739930177,0.0,0.0,0.0,0.0,74.6111052557666,17.924163255721993,True,False,True,False,True,10.219762239070729,0,1.0399369801780673,0.8806775852172106,False,False,False,False,0.3255755999881131,0.32746808872304656,False,False,False,False,-379679,-890375.1414084831,False,False,False,False,119113.41312047232,False,False,False,False
2022-07-13 00:00:00+00:00,48.11,48.43,47.2295,47.84,112041,,,,,,,,,,,,,,,,,,,,,,,,,,"rgba(38, 166, 154, 1.0)",0.0,0.0,4.216281876827591,41.901241541966876,1.4725672142927761,0.0,0.0,0.0,0.0,73.35518966679832,17.924163255721993,True,False,True,False,True,10.447779671209855,0,1.0331601588554573,0.8937700022641185,False,False,False,False,0.277062436404231,0.3022652625636388,False,False,False,False,-267638,-865954.077039523,False,False,False,False,118836.06358633615,False,False,False,False
2022-07-14 00:00:00+00:00,48.84,49.32,47.38,47.7,83697,,,,,,,,,,,,,,,,,,,,,,,,,,"rgba(38, 166, 154, 1.0)",0.0,0.0,4.26971145722142,42.00161342872753,1.6016039115960912,0.0,0.0,0.0,0.0,73.17872989772735,17.924163255721993,True,False,True,False,True,11.556741302023372,0,1.055507928382437,0.8766490480390279,False,False,False,False,0.30417032992040427,0.3032177962420215,False,False,False,False,-183941,-839208.4661752281,False,False,False,False,117458.06109275435,False,False,False,False
2022-07-15 00:00:00+00:00,49.34,49.92,48.4,49.86,124940,,,,,,,,,,,,,,,,,,,,,,,,,,"rgba(38, 166, 154, 1.0)",0.0,0.0,4.3136125492706405,42.16067944189412,1.6643406138364902,0.0,0.0,0.0,0.0,73.50250143587074,17.924163255721993,True,False,True,False,True,12.309452653439301,0,1.0629485930039413,0.8555921274417865,False,False,False,False,0.34282824906768544,0.3230230226548535,False,False,False,False,-59001,-808612.0949526703,False,False,False,False,117751.47046166594,False,False,False,False
2022-07-18 00:00:00+00:00,49.21,50.5,49.14,49.46,65673,,,,,,,,,,,,,,,,,,,,,,,,,,"rgba(38, 166, 154, 1.0)",0.0,0.0,4.330532967636168,42.2456060252681,1.6082071252614039,0.0,0.0,0.0,0.0,73.37860392142599,17.924163255721993,True,False,True,False,True,12.03549297399027,0,1.0723088957187465,0.8569220061715087,False,False,False,False,0.3428282493109307,0.3329256359828921,False,False,False,False,-124674,-781790.9931898204,False,False,False,False,115709.17750238493,False,False,False,False
2022-07-19 00:00:00+00:00,50.48,50.92,49.21,49.67,76593,,,,,,,,,,,,,,,,,,,,,,,,,,"rgba(38, 166, 154, 1.0)",0.0,0.0,4.362247850169249,42.34962235377424,1.8638046084223099,0.0,0.0,0.0,0.0,74.44870635932321,18.057572115042305,True,False,True,False,True,13.94525433875651,0,1.0656884751588696,0.8522315121193401,False,False,False,False,0.34282824939568807,0.3378769426892901,False,False,False,False,-48081,-753018.0522804158,False,False,False,False,114175.20975719337,False,False,False,False
2022-07-20 00:00:00+00:00,51.33,51.56,50.399,50.67,65228,,,,,,,,,,,,,,,,,,,,,,,,,,"rgba(38, 166, 154, 1.0)",0.0,0.0,4.492438499932482,42.4457031344554,1.9776112384572706,0.0,0.0,0.0,0.0,75.83753046441548,19.832332282295795,True,False,True,False,True,15.184300846851666,0,1.0883735429490038,0.8359423230909344,False,False,False,False,0.3428282496886469,0.3403525961889685,False,False,False,False,17147,-722815.5012105956,False,False,False,False,112255.71133534265,False,False,False,False
2022-07-21 00:00:00+00:00,51.11,51.51,50.42,51.51,91099,,,,,,,,,,,,,,,,,,,,,,,,,,"rgba(38, 166, 154, 1.0)",0.0,0.0,4.583875703863315,42.574555223668355,1.8620585128732714,0.0,0.0,0.0,0.0,76.13320406236005,20.538188628638054,True,False,True,False,True,14.703510983526797,0,1.1131858412553113,0.8236032681638534,False,False,False,False,0.342143026259647,0.34124781122430775,False,False,False,False,-73952,-697369.8737121408,False,False,False,False,111426.0363810155,False,False,False,False
2022-07-22 00:00:00+00:00,50.45,51.41,50.235,51.25,48755,,,,,,,,,,,,,,,,,,,,,,,,,,"rgba(38, 166, 154, 1.0)",0.0,0.0,4.6628428555437536,42.63911415873554,1.6751338364272637,0.0,0.0,0.0,0.0,74.44988014953509,20.538188628638054,True,False,True,False,True,13.263059887493693,0,1.1236759018812932,0.8121820140614392,False,False,False,False,0.33542525087961444,0.3383365310519611,False,False,False,False,-122707,-674834.0747430372,False,False,False,False,108968.3486797992,False,False,False,False
2022-07-25 00:00:00+00:00,50.75,51.31,50.385,50.94,48283,,,,,,,,,,,,,,,,,,,,,,,,,,"rgba(38, 166, 154, 0.75)",0.0,0.0,4.77029245330829,42.70281252325545,1.6869379719399944,0.0,0.0,0.0,0.0,73.66945874085745,20.538188628638054,True,False,True,False,False,13.719477901589343,0,1.1284457374858048,0.8085549257841154,False,False,False,False,0.33660168345290564,0.3374691072524334,False,False,False,False,-74424,-651288.5816158593,False,False,False,False,106588.53108451296,False,False,False,False
2022-07-26 00:00:00+00:00,50.53,51.3799,50.01,50.87,63377,,,,,,,,,,,,,,,,,,,,,,,,,,"rgba(38, 166, 154, 0.75)",0.0,0.0,4.875879400470017,42.78288581947993,1.588865011668106,0.0,0.0,0.0,0.0,72.48075952220623,20.538188628638054,True,False,True,False,False,13.23136976374709,0,1.1254780790172765,0.8028034741978634,False,False,False,False,0.32943692459300017,0.3334530159227168,False,False,False,False,-137801,-631151.8137093551,False,False,False,False,104893.96123806147,False,False,False,False
2022-07-27 00:00:00+00:00,51.51,51.65,50.64,50.64,83789,,,,,,,,,,,,,,,,,,,,,,,,,,"rgba(38, 166, 154, 0.75)",0.0,0.0,5.006504374716354,42.89436006406699,1.7208893253830693,0.0,0.0,0.0,0.0,72.88338354625334,20.538188628638054,True,False,True,False,False,14.738376582290599,0,1.1192868144335777,0.8168231170493944,False,False,False,False,0.34282824973804865,0.33814063283038276,False,False,False,False,-54012,-608518.8798383999,False,False,False,False,104066.31569931397,False,False,False,False
2022-07-28 00:00:00+00:00,52.3,52.3,51.0,51.68,96971,,,,,,,,,,,,,,,,,,,,,,,,,,"rgba(38, 166, 154, 0.75)",0.0,0.0,5.153183569493797,43.02841329723517,1.799195890798741,0.0,0.0,0.0,0.0,73.99479874900017,20.538188628638054,True,False,True,False,False,15.923963869980085,0,1.1233556288151632,0.8102025649332087,False,False,False,False,0.3428282498826056,0.34048444135649414,False,False,False,False,42959,-582970.7276878745,False,False,False,False,103788.06802483108,False,False,False,False
2022-07-29 00:00:00+00:00,52.33,52.98,52.06,52.06,62757,,,,,,,,,,,,,,,,,,,,,,,,,,"rgba(38, 166, 154, 1.0)",0.0,0.0,5.28742076123191,43.11852151621073,1.7421496982667026,0.0,0.0,0.0,0.0,74.76744413192145,20.69375841519539,True,False,True,False,True,15.968966840248918,0,1.1213351980637458,0.8133992375040712,False,False,False,False,0.34282825011174717,0.3416563457341206,False,False,False,False,105716,-555963.4050334481,False,False,False,False,102179.00653366125,False,False,False,False
2022-08-01 00:00:00+00:00,52.15,52.77,51.4313,52.25,61098,,,,,,,,,,,,,,,,,,,,,,,,,,"rgba(38, 166, 154, 1.0)",0.0,0.0,5.412205758391962,43.20117053161742,1.653453299425444,0.0,0.0,0.0,0.0,74.62842103543045,20.798972325455694,True,False,True,False,True,15.546660653008317,0,1.1332230552254625,0.8086602108202586,False,False,False,False,0.3248858290884716,0.3332710874112961,False,False,False,False,44618,-532411.1930713522,False,False,False,False,100567.9866695961,False,False,False,False
2022-08-02 00:00:00+00:00,51.59,52.3526,50.85,51.78,81121,,,,,,,,,,,,,,,,,,,,,,,,,,"rgba(38, 166, 154, 0.75)",0.0,0.0,5.51316281749888,43.30185042170657,1.5033384379628145,0.0,0.0,0.0,0.0,72.53116395617663,20.798972325455694,True,False,True,False,False,14.231610370123914,0,1.128005201481203,0.8005938019068711,False,False,False,False,0.30378003224787725,0.31852555982958664,False,False,False,False,-36503,-512963.81295090704,False,False,False,False,99805.35974137664,False,False,False,False
2022-08-03 00:00:00+00:00,52.35,52.48,51.34,52.2,57107,,,,,,,,,,,,,,,,,,,,,,,,,,"rgba(38, 166, 154, 0.75)",0.0,0.0,5.63326765141089,43.375043733942356,1.5932060788572344,0.0,0.0,0.0,0.0,72.27011292023468,20.798972325455694,True,False,True,False,False,15.429726741892171,0,1.1496327430437514,0.8025929474302314,False,False,False,False,0.3167956018599575,0.31766058084477206,False,False,False,False,20604,-492039.584992048,False,False,False,False,98130.91426132266,False,False,False,False
2022-08-04 00:00:00+00:00,52.45,52.49,51.83,52.22,46587,,,,,,,,,,,,,,,,,,,,,,,,,,"rgba(38, 166, 154, 0.75)",0.0,0.0,5.7516350985007945,43.43512425414433,1.567358775629815,0.0,0.0,0.0,0.0,72.24067536325455,20.798972325455694,True,False,True,False,False,15.58700296365435,0,1.1515566535050543,0.7897845905773881,False,False,False,False,0.32741271006013595,0.322536645452454,False,False,False,False,67191,-470108.9738158892,False,False,False,False,96109.5842902904,False,False,False,False
2022-08-05 00:00:00+00:00,52.34,52.67,51.63,51.63,47305,,,,,,,,,,,,,,,,,,,,,,,,,,"rgba(38, 166, 154, 0.75)",0.0,0.0,5.861775206929766,43.49489066226812,1.5089472089061404,0.0,0.0,0.0,0.0,71.78218917081394,20.798972325455694,True,False,True,False,False,15.31934457314616,0,1.1683405466911212,0.7790530324679035,False,False,False,False,0.32698666867518195,0.324761657063818,False,False,False,False,19886,-450893.4846466387,False,False,False,False,94195.67902400451,False,False,False,False
2022-08-08 00:00:00+00:00,52.88,53.32,50.8144,52.25,120158,,,,,,,,,,,,,,,,,,,,,,,,,,"rgba(38, 166, 154, 0.75)",0.0,0.0,5.981191727949073,43.64482285879055,1.5440362993306285,0.0,0.0,0.0,0.0,72.3473085592516,20.798972325455694,True,False,True,False,False,16.189792275095165,0,1.1496909280414433,0.7907701515948937,False,False,False,False,0.3234634307707907,0.3241125439173044,False,False,False,False,140044,-427719.46564088814,False,False,False,False,95213.80925835727,False,False,False,False
2022-08-09 00:00:00+00:00,51.87,52.79,51.54,52.79,43093,,,,,,,,,,,,,,,,,,,,,,,,,,"rgba(38, 166, 154, 0.75)",0.0,0.0,6.075306990352583,43.69551883417732,1.3455256135703961,0.0,0.0,0.0,0.0,68.90949638017437,21.98959879305042,True,False,True,False,False,13.720156340508435,0,1.1355212733584004,0.8112244108499542,False,False,False,False,0.32762577379623165,0.32586915885676804,False,False,False,False,96951,-407144.1532628141,False,False,False,False,93169.85595410797,False,False,False,False
2022-08-10 00:00:00+00:00,52.61,52.85,51.78,51.99,30442,,,,,,,,,,,,,,,,,,,,,,,,,,"rgba(38, 166, 154, 0.75)",0.0,0.0,6.180717611911915,43.732435007810906,1.4363324050074093,0.0,0.0,0.0,0.0,68.02897454054384,21.15243056023978,True,False,True,False,False,14.936295008676076,0,1.1321783402729109,0.8159036566764231,False,False,False,False,0.3340311586649824,0.3299501587608752,False,False,False,False,127393,-386181.91195839003,False,False,False,False,90709.94003433904,False,False,False,False
2022-08-11 00:00:00+00:00,52.9,53.2508,52.36,53.15,36775,,,,,,,,,,,,,,,,,,,,,,,,,,"rgba(38, 166, 154, 0.75)",0.0,0.0,6.287267665902465,43.77878845266582,1.450743316814862,0.0,0.0,0.0,0.0,67.9577214551739,21.030459236172916,True,False,True,False,False,15.409211850595305,1,1.1599257923537023,0.8009592949234277,False,False,False,False,0.3428282501819519,0.3363892044714135,False,False,False,False,164168,-364599.56246982573,False,False,False,False,88594.84434671792,False,False,False,False
2022-08-12 00:00:00+00:00,53.6,53.76,53.0,53.01,47118,,,,,,,,,,,,,,,,,,,,,,,,,,"rgba(38, 166, 154, 0.75)",0.0,0.0,6.396590679754665,43.8415243725167,1.5255744999236964,0.0,0.0,0.0,0.0,69.07498031804442,21.030459236172916,True,False,True,False,False,16.542875132859873,0,1.1581686230882,0.7951735825907941,False,False,False,False,0.34282825031656916,0.33960872739399134,False,False,False,False,211286,-342015.81492198945,False,False,False,False,86968.30143116035,False,False,False,False
2022-08-15 00:00:00+00:00,53.83,54.1,53.11,53.11,41935,,,,,,,,,,,,,,,,,,,,,,,,,,"rgba(38, 166, 154, 1.0)",0.0,0.0,6.50364003968283,44.98483045605997,1.3600336872843586,0.0,0.0,0.0,0.0,70.18092241401015,21.030459236172916,True,False,True,False,True,16.913372252116954,0,1.157218684765391,0.8043617367222983,False,False,False,False,0.34282825036697834,0.34121848888048484,False,False,False,False,253221,-318673.1947289703,False,False,False,False,85202.28961033052,False,True,False,False
2022-08-16 00:00:00+00:00,53.14,53.87,52.85,53.65,44707,,,,,,,,,,,,,,,,,,,,,,,,,,"rgba(38, 166, 154, 0.75)",0.0,0.0,6.592990413658624,45.01284711141753,1.232695996606569,0.0,0.0,0.0,0.0,68.24457702488536,21.030459236172916,True,False,True,False,False,15.164025684399245,0,1.1431513253974088,0.8124586305802748,False,False,False,False,0.33294166953342064,0.3370800792069527,False,False,False,False,208514,-297999.1870925401,False,False,False,False,83614.23903737638,False,False,False,False
2022-08-17 00:00:00+00:00,52.78,53.13,52.21,52.81,34579,,,,,,,,,,,,,,,,,,,,,,,,,,"rgba(38, 166, 154, 0.75)",0.0,0.0,6.665665825774708,45.024596337498764,1.1634852189128273,0.0,0.0,0.0,0.0,65.67082839986354,18.949967468878583,True,False,True,False,False,14.259586516318851,1,1.1345794294357379,0.8190727280366369,False,False,False,False,0.3054251323672338,0.32125260578709325,False,False,False,False,173935,-279491.96406930324,False,False,False,False,81691.28848689103,False,False,False,False
2022-08-18 00:00:00+00:00,53.42,54.03,52.4,52.64,50278,,,,,,,,,,,,,,,,,,,,,,,,,,"rgba(38, 166, 154, 0.5)",0.0,0.0,6.734332961209472,45.08091999291043,1.238293392251857,0.0,0.0,0.0,0.0,65.33242937096125,18.671094573575544,False,False,True,False,False,15.345120534623046,1,1.1400876618992715,0.803046354864508,False,False,False,False,0.32711997645654767,0.32418629112182046,False,False,False,False,224213,-259738.82822344822,False,False,False,False,80459.39482073845,False,False,False,False
2022-08-19 00:00:00+00:00,53.01,53.255,52.57,52.91,39703,,,,,,,,,,,,,,,,,,,,,,,,,,"rgba(38, 166, 154, 0.5)",0.0,0.0,6.793150280888731,45.115823758060856,1.1620788464150342,0.0,0.0,0.0,0.0,63.62627703450248,17.055718491192977,False,False,True,False,False,14.301833342469525,1,1.1497795183163406,0.802761085112682,False,False,False,False,0.3150428198315779,0.31961455547669915,False,False,False,False,184510,-242317.3055480189,False,False,False,False,78861.10482776833,False,False,False,False
2022-08-22 00:00:00+00:00,51.69,52.57,51.33,52.57,42108,,,,,,,,,,,,,,,,,,,,,,,,,,"rgba(38, 166, 154, 0.5)",0.0,0.0,6.832217536676388,45.129108442535,0.9602872745554617,0.0,0.0,0.0,0.0,58.561256054232246,12.380559395256782,False,True,True,False,False,11.03781532639902,1,1.1292983844446272,0.8054422223135739,False,False,False,False,0.277182218421934,0.2983983869493166,False,False,False,False,142402,-227230.27395790053,False,False,False,False,77419.8065992284,False,False,False,False
2022-08-23 00:00:00+00:00,50.74,51.8,50.67,51.72,74266,,,,,,,,,,,,,,,,,,,,,,,,,,#000000,0.0,0.0,6.8489619335755885,45.139899547676016,0.8176568225427968,0.0,0.0,0.0,0.0,53.01913458357666,7.464927040692665,False,True,False,False,False,8.788752965473382,1,1.1219384844224383,0.8105655398659249,False,False,False,False,0.24955597474710084,0.2739771808482087,False,False,False,False,68136,-215647.2828222966,False,False,False,False,77296.12790906258,False,False,False,False
2022-08-24 00:00:00+00:00,50.37,50.95,50.07,50.86,36928,,,,,,,,,,,,,,,,,,,,,,,,,,"rgba(239, 83, 80, 1.0)",0.0,0.0,6.849589408356018,45.14261027617934,0.7631683320234653,0.0,0.0,0.0,0.0,48.56475928144281,3.6933173316580508,False,True,False,True,False,7.927240864068882,0,1.1600169980943134,0.8116088537899944,False,False,False,False,0.22191921319026042,0.24794819701923457,False,False,False,False,31208,-205966.68349593203,False,False,False,False,75713.0640694915,False,False,False,False
2022-08-25 00:00:00+00:00,50.2,50.595,49.78,50.58,34648,,,,,,,,,,,,,,,,,,,,,,,,,,"rgba(239, 83, 80, 1.0)",0.0,0.0,6.820440283270394,45.145120239039485,0.7411368696181455,0.0,0.0,0.0,0.0,45.241824272456846,0.9789764005671842,False,True,False,True,False,7.529403578011408,0,1.1465403757472699,0.8001541554427201,False,False,False,False,0.20369840296234107,0.22582329999078782,False,False,False,False,-3440,-198024.4606137386,False,False,False,False,74102.66940009968,False,False,False,False
2022-08-26 00:00:00+00:00,48.32,50.08,48.3,50.08,48680,,,,,,,,,,,,,,,,,,,,,,,,,,"rgba(239, 83, 80, 1.0)",0.0,0.0,6.7668201722258825,45.130683705739,0.47131683908956334,0.0,0.0,0.0,0.0,39.86958808014285,-3.682304002963228,False,True,False,True,False,3.290993958087551,0,1.1127478565990268,0.8280075474196432,False,False,False,False,0.1647271794365471,0.19527523971366745,False,False,False,False,-52120,-192302.71706025864,False,False,False,False,73105.70197264479,False,False,False,False
2022-08-29 00:00:00+00:00,47.54,48.23,46.51,47.85,56818,,,,,,,,,,,,,,,,,,,,,,,,,,"rgba(239, 83, 80, 1.0)",0.0,0.0,6.683020011077952,45.09480639800222,0.36588153229296955,0.0,0.0,0.0,0.0,35.31036055647526,-7.546990710694743,False,True,False,True,False,1.6249926288167238,0,1.0974404585433344,0.8420792568435616,False,False,False,False,0.08005050792977664,0.13766287382172204,False,False,False,False,-108938,-189033.5124696603,False,False,False,False,72466.96856195285,False,False,False,False
2022-08-30 00:00:00+00:00,47.12,48.0913,46.67,47.77,68229,,,,,,,,,,,,,,,,,,,,,,,,,,"rgba(239, 83, 80, 1.0)",0.0,0.0,6.6103195654035245,45.06288696071514,0.31119721504103737,0.0,0.0,0.0,0.0,31.7793958283259,-10.499795276343555,False,True,False,True,False,0.7394402782692957,0,1.085316587125694,0.8578764009708302,False,False,False,False,0.08048049620431534,0.1090716850130187,False,False,False,False,-177167,-188568.15903947756,False,False,False,False,72300.77371638606,False,False,False,False
2022-08-31 00:00:00+00:00,47.57,47.94,47.06,47.19,58219,,,,,,,,,,,,,,,,,,,,,,,,,,"rgba(239, 83, 80, 1.0)",0.0,0.0,6.550419399267972,45.04832095522002,0.3849645177012306,0.0,0.0,0.0,0.0,30.986733990576642,-11.039368761858618,False,True,False,True,False,1.6660271771248496,0,1.0873864505356967,0.8600890667047698,False,False,False,False,0.08530126011002408,0.09718647256152138,False,False,False,False,-118948,-185837.95672420392,False,False,False,False,71748.54729613563,False,False,False,False
2022-09-01 00:00:00+00:00,47.1,47.47,46.32,47.2,79245,,,,,,,,,,,,,,,,,,,,,,,,,,"rgba(239, 83, 80, 1.0)",0.0,0.0,6.500554437892192,45.2188266863341,0.2893865948880317,0.0,0.0,0.0,0.0,29.804473670237222,-12.168848734439472,False,True,False,True,False,0.6598997980684445,0,1.078427437456099,0.8620918208368761,False,False,False,False,0.043664972808977166,0.07042572268524927,False,False,False,False,-198193,-186322.46822521553,False,False,False,False,72042.52583354207,False,False,False,False
2022-09-02 00:00:00+00:00,47.46,48.33,47.135,47.32,51252,,,,,,,,,,,,,,,,,,,,,,,,,,"rgba(239, 83, 80, 1.0)",0.0,0.0,6.461412229536193,45.2441800191162,0.3429312203228449,0.0,0.0,0.0,0.0,30.303465477592674,-12.168848734439472,False,True,False,True,False,1.4146787244632044,0,1.0789486243981081,0.8657011645419256,False,False,False,False,0.07594992767337524,0.07318782517931226,False,False,False,False,-146941,-184778.09692226592,False,False,False,False,71227.21109497179,False,False,False,False
2022-09-06 00:00:00+00:00,47.14,47.56,46.4682,47.49,75968,,,,,,,,,,,,,,,,,,,,,,,,,,"rgba(239, 83, 80, 1.0)",0.0,0.0,6.396010237245938,45.22951631963464,0.2986992843194691,0.0,0.0,0.0,0.0,30.12005375950379,-12.30216026294729,False,True,False,True,False,0.7173883795077032,0,1.0517469553523113,0.8980652489565416,False,False,False,False,0.0447375428627714,0.05896268402104183,False,False,False,False,-222909,-186273.42645472608,False,False,False,False,71413.12438536505,False,False,False,False
2022-09-07 00:00:00+00:00,48.22,48.49,46.8999,47.29,65573,,,,,,,,,,,,,,,,,,,,,,,,,,"rgba(239, 83, 80, 0.75)",0.0,0.0,6.32423892226929,45.25385033056956,0.46901290509216087,0.0,0.0,0.0,0.0,33.63044074318667,-12.30216026294729,False,True,False,True,True,2.9806449486421798,0,1.0455658055505894,0.8971714763084421,False,False,False,False,0.07431535370232017,0.066639018861681,False,False,False,False,-157336,-185138.62541728583,False,False,False,False,71184.09989966446,False,False,False,False
2022-09-08 00:00:00+00:00,47.61,48.44,47.43,47.87,52474,,,,,,,,,,,,,,,,,,,,,,,,,,"rgba(239, 83, 80, 0.75)",0.0,0.0,6.238757216273406,45.26829128766242,0.3753485880536236,0.0,0.0,0.0,0.0,34.77943759899182,-12.30216026294729,False,True,False,True,True,1.634929033082063,0,1.070668274884495,0.888165739745896,False,False,False,False,0.0847720828737331,0.07570555086770706,False,False,False,False,-209810,-186106.1303028825,False,False,False,False,70450.37049183449,False,False,False,False
2022-09-09 00:00:00+00:00,48.77,49.1,47.73,48.13,57202,,,,,,,,,,,,,,,,,,,,,,,,,,"rgba(239, 83, 80, 0.75)",0.0,0.0,6.152718898002552,45.30097156306432,0.5638204011013541,0.0,0.0,0.0,0.0,38.803402412413995,-18.438840172734068,False,True,False,True,True,4.012060574425892,0,1.0848647172708277,0.851400988190289,False,False,False,False,-0.0073118026056635645,0.034196874131021744,False,False,False,False,-152608,-184792.478134142,False,False,False,False,69930.82655097824,False,False,False,False
2022-09-12 00:00:00+00:00,49.46,49.71,48.72,49.01,52048,,,,,,,,,,,,,,,,,,,,,,,,,,"rgba(239, 83, 80, 0.75)",0.0,0.0,6.048454294392183,45.343848171990984,0.6805295415434157,0.0,0.0,0.0,0.0,43.12052139921515,-14.276496788592596,False,True,False,True,True,5.381223977075511,0,1.1028595252332978,0.9252899010509625,False,False,False,False,-0.08954391737293076,-0.027673521620954506,False,False,False,False,-100560,-181489.243697509,False,False,False,False,69229.53923525361,False,False,False,False
2022-09-13 00:00:00+00:00,48.63,49.23,48.06,48.53,70685,,,,,,,,,,,,,,,,,,,,,,,,,,"rgba(239, 83, 80, 0.75)",0.0,0.0,5.966981556943242,45.37714116918209,0.5451431012105028,0.0,0.0,0.0,0.0,44.12172314174303,-13.260738854572153,False,True,False,True,True,3.522279005933278,0,1.0089664641440486,0.9491026678430959,False,False,False,False,-0.14475076911744528,-0.0862121453691999,False,False,False,False,-171245,-181087.50865054785,False,False,False,False,69286.61612798876,False,False,False,False
2022-09-14 00:00:00+00:00,49.47,50.41,48.59,48.59,64043,,,,,,,,,,,,,,,,,,,,,,,,,,#000000,0.0,0.0,5.896591970355823,45.79377402883252,0.6234492719945888,0.0,0.0,0.0,0.0,46.72928770202529,-10.655294485879281,False,True,False,False,True,5.189554798193914,0,1.020105921650879,0.9325233083989442,False,False,False,False,-0.07390475608392191,-0.0800584507265609,False,False,False,False,-107202,-178190.0377230754,False,False,False,False,69080.9841229696,False,False,False,False
2022-09-15 00:00:00+00:00,49.5,49.96,48.96,49.47,59606,,,,,,,,,,,,,,,,,,,,,,,,,,#000000,0.0,0.0,5.828807094435708,45.82912992001338,0.6297806773346306,0.0,0.0,0.0,0.0,48.535360897362644,-8.796072462426423,False,True,False,False,True,5.248847880317154,0,1.0204739089500452,0.9500560705915562,False,False,False,False,-0.07786188637000828,-0.07896016854828458,False,False,False,False,-47596,-173068.7029104058,False,False,False,False,68709.41611814727,False,False,False,False
2022-09-16 00:00:00+00:00,49.46,49.52,48.315,48.96,153209,,,,,,,,,,,,,,,,,,,,,,,,,,#000000,0.0,0.0,5.752214746207446,45.877258506353094,0.6228455736999531,0.0,0.0,0.0,0.0,49.632330326950935,-7.5499573168961405,False,True,False,False,True,5.156221750705427,0,0.9975543293892292,0.9711253082728356,False,False,False,False,-0.13182389775579245,-0.10539203315203852,False,False,False,False,-200805,-174156.40083548793,False,False,False,False,72023.12528998463,False,False,False,False
2022-09-19 00:00:00+00:00,48.55,49.422,48.19,48.89,70326,,,,,,,,,,,,,,,,,,,,,,,,,,#000000,0.0,0.0,5.658515031380607,45.889056789113745,0.4702546862788867,0.0,0.0,0.0,0.0,48.05620120891827,-7.5499573168961405,False,True,False,False,True,3.064501375903731,0,0.9706253744557123,0.9769626196882325,False,False,False,False,-0.14299960998702915,-0.12419582156953383,False,False,False,False,-271131,-177959.32629291978,False,False,False,False,71956.57135704406,False,False,False,False
2022-09-20 00:00:00+00:00,46.83,48.23,46.5,48.23,51218,,,,,,,,,,,,,,,,,,,,,,,,,,"rgba(239, 83, 80, 1.0)",0.0,0.0,5.588958848391078,45.86255513617895,0.17309929989904183,0.0,0.0,0.0,0.0,43.75221759642719,-7.5499573168961405,False,True,False,True,False,0.0,0,0.9484432447091203,0.9884979185596525,False,False,False,False,-0.2917780336490536,-0.20798692760929371,False,False,False,False,-322349,-183621.66643829548,False,False,False,False,71143.29404892468,False,False,False,False
2022-09-21 00:00:00+00:00,47.24,48.34,46.83,47.27,59957,,,,,,,,,,,,,,,,,,,,,,,,,,"rgba(239, 83, 80, 1.0)",0.0,0.0,5.512306216078688,45.846672561362645,0.2527666976433929,0.0,0.0,0.0,0.0,42.04851265627202,-0.9192561575557363,False,True,False,True,False,0.19566362480709998,0,0.954549930215075,0.988934439680974,False,False,False,False,-0.26839542907864433,-0.23819117834396902,False,False,False,False,-262392,-186710.69912698978,False,False,False,False,70704.61585092764,False,False,False,False
2022-09-22 00:00:00+00:00,45.68,46.75,45.435,46.75,46599,,,,,,,,,,,,,,,,,,,,,,,,,,"rgba(239, 83, 80, 1.0)",0.0,0.0,5.4322376886791535,45.808957896443914,-0.023739369268149693,0.0,0.0,0.0,0.0,38.54123147643223,-4.345565409037796,False,True,False,True,False,0.0,0,0.9388032848817404,0.9879541949748245,False,False,False,False,-0.34282825441539394,-0.2905097163796815,False,False,False,False,-308991,-191506.00504357842,False,False,False,False,69759.29758226383,False,False,False,False
2022-09-23 00:00:00+00:00,44.33,45.1642,43.85,45.03,87387,,,,,,,,,,,,,,,,,,,,,,,,,,"rgba(239, 83, 80, 1.0)",0.0,0.0,5.348886040464295,45.70269561687757,-0.25663205506588405,0.0,0.0,0.0,0.0,34.63588133191755,-8.06682817777589,False,True,False,True,False,0.0,0,0.9121823663705392,1.018332175294059,False,False,False,False,-0.34282825441539394,-0.31666898539753774,False,False,False,False,-396378,-199540.20092422242,False,False,False,False,70450.58003001819,False,False,False,False
2022-09-26 00:00:00+00:00,43.73,45.57,43.48,44.48,93020,,,,,,,,,,,,,,,,,,,,,,,,,,"rgba(239, 83, 80, 1.0)",0.0,0.0,5.253663586591838,45.60548413446916,-0.3569859591420522,0.0,0.0,0.0,0.0,31.424701832954373,-11.085273443378014,False,True,False,True,False,0.0,0,0.8915826758579974,1.0211570745985965,False,False,False,False,-0.34137171960078,-0.32902035249915884,False,False,False,False,-489398,-210907.173436998,False,False,False,False,71335.65532295866,False,False,False,False
2022-09-27 00:00:00+00:00,43.31,44.76,43.29,44.43,203406,,,,,,,,,,,,,,,,,,,,,,,,,,"rgba(239, 83, 80, 1.0)",0.0,0.0,5.157743821995551,45.28093112252795,-0.38213048002166766,0.0,0.0,0.0,0.0,28.869528236685674,-13.501728931336586,False,True,False,True,False,0.0,0,0.8774924489846031,1.0424545097365123,True,False,False,False,-0.34282825441539394,-0.3359243034572764,False,False,False,False,-692804,-229805.08820417456,True,False,False,False,76514.88452597988,False,False,False,False
2022-09-28 00:00:00+00:00,45.02,45.48,43.2996,43.88,154185,,,,,,,,,,,,,,,,,,,,,,,,,,"rgba(239, 83, 80, 1.0)",0.0,0.0,5.03460752918963,45.2410697988367,-0.043910036195468426,0.0,0.0,0.0,0.0,31.794565530014605,-13.501728931336586,False,True,False,True,False,0.0,0,0.8774502035741275,1.037578930687276,False,False,False,False,-0.3148773092269962,-0.3254008063421363,False,False,False,False,-538619,-241915.43768636382,False,False,False,False,79560.771407314,False,False,False,False
2022-09-29 00:00:00+00:00,45.58,46.33,44.08,44.65,78504,,,,,,,,,,,,,,,,,,,,,,,,,,"rgba(239, 83, 80, 0.75)",0.0,0.0,4.8107680456647595,45.24231863708555,0.07019281738572863,0.0,0.0,0.0,0.0,35.02430263418459,-13.501728931336586,False,True,False,True,True,0.0,0,0.8733261186938103,1.0338178733201233,False,False,False,False,-0.25403263415762745,-0.2897167202498819,False,False,False,False,-460115,-250472.28326729074,False,False,False,False,79519.3293913409,False,False,False,False
2022-09-30 00:00:00+00:00,45.39,46.74,45.03,45.32,148246,,,,,,,,,,,,,,,,,,,,,,,,,,"rgba(239, 83, 80, 0.75)",0.0,0.0,4.607887530690765,45.25685150095659,0.028895778848024002,0.0,0.0,0.0,0.0,36.86685554945553,-21.06594840398222,False,True,False,True,True,0.0,0,0.8882889144323557,1.0266751019511047,False,False,False,False,-0.20466876316672064,-0.24719274170830124,False,False,False,False,-608361,-264507.1349038676,False,False,False,False,82214.49294462166,False,False,False,False
2022-10-03 00:00:00+00:00,46.74,46.77,45.39,45.8,70914,,,,,,,,,,,,,,,,,,,,,,,,,,"rgba(239, 83, 80, 0.75)",0.0,0.0,4.420909804044349,45.27416609398178,0.3315683809421401,0.0,0.0,0.0,0.0,41.05457268445808,-17.029907502827754,False,True,False,True,True,0.0,0,0.8966971270868741,1.0246693869815753,False,False,False,False,-0.19070244489119154,-0.2189475932997464,False,False,False,False,-537447,-275210.6590252846,False,False,False,False,81771.33635855807,False,False,False,False
2022-10-04 00:00:00+00:00,47.85,48.49,47.44,47.44,79504,,,,,,,,,,,,,,,,,,,,,,,,,,#000000,0.0,0.0,4.215596194997717,45.331224745634536,0.5974896877823065,0.0,0.0,0.0,0.0,45.85228924921133,-12.512762475662726,False,True,False,False,True,2.0276314753423996,0,0.915496253996858,1.0071117013963036,False,False,False,False,-0.058626577566301796,-0.1387870854330241,False,False,False,False,-457943,-282376.6331811558,False,False,False,False,81682.42120724206,False,False,False,False
2022-10-05 00:00:00+00:00,47.88,48.2,46.9,47.27,72056,,,,,,,,,,,,,,,,,,,,,,,,,,#000000,0.0,0.0,3.9968398643054055,45.371161230146775,0.6277056011823051,0.0,0.0,0.0,0.0,49.10312032956038,-9.495312782976974,False,False,False,False,True,2.0866797084275284,0,0.9129938225057578,1.012388665271764,False,False,False,False,-0.08737196736418382,-0.11307952639860396,False,False,False,False,-385887,-286435.863252483,False,False,False,False,81304.91449323257,False,False,False,False
2022-10-06 00:00:00+00:00,47.15,47.82,47.02,47.72,24638,,,,,,,,,,,,,,,,,,,,,,,,,,#000000,0.0,0.0,3.768760997922183,45.38147799118056,0.46925820177890587,0.0,0.0,0.0,0.0,49.67217920016899,-8.896900528781444,False,False,False,False,True,0.5683573905401289,0,0.905900232669913,1.0227261035653024,False,False,False,False,-0.0964040193189817,-0.10474177285879283,False,False,False,False,-410525,-291302.10390924837,False,False,False,False,79082.6825523215,False,False,False,False
2022-10-07 00:00:00+00:00,45.83,47.1,45.6,46.85,93973,,,,,,,,,,,,,,,,,,,,,,,,,,#000000,0.0,0.0,3.553248598621204,45.38776387242552,0.12445966424811349,0.0,0.0,0.0,0.0,47.572072870717406,-8.896900528781444,False,False,False,False,True,0.0,0,0.8794458039167443,1.0419732801455044,False,False,False,False,-0.1714839368556907,-0.13811285485724176,False,False,False,False,-504498,-299662.72728535626,False,False,False,False,79666.61656987751,False,False,False,False
2022-10-10 00:00:00+00:00,46.82,47.39,45.98,45.98,46837,,,,,,,,,,,,,,,,,,,,,,,,,,#000000,0.0,0.0,3.3719588874627,45.39763665340266,0.42182108206770874,0.0,0.0,0.0,0.0,48.20611817792012,-8.896900528781444,False,False,False,False,True,0.0,0,0.8685233357948997,1.0450655265116506,False,False,False,False,-0.1478103405045009,-0.14296159768087133,False,False,False,False,-457661,-305858.7379800482,False,False,False,False,78379.18062596075,False,False,False,False
2022-10-11 00:00:00+00:00,47.13,47.48,45.72,46.45,33178,,,,,,,,,,,,,,,,,,,,,,,,,,#000000,0.0,0.0,3.238229145690581,45.40473708221325,0.5327797509582426,0.0,0.0,0.0,0.0,49.23157948656578,-8.702509249237153,False,False,False,False,True,0.5546593378800111,0,0.8746387762518096,1.0404657118631357,False,False,False,False,-0.15380049731824916,-0.14838104749956024,False,False,False,False,-424483,-310510.6698239679,False,False,False,False,76606.58530729564,False,False,False,False
2022-10-12 00:00:00+00:00,47.66,47.77,47.105,47.51,39443,,,,,,,,,,,,,,,,,,,,,,,,,,#000000,0.0,0.0,3.0977936234251118,45.42039762443222,0.7229669396412324,0.0,0.0,0.0,0.0,50.939307295647936,-6.7008749964852115,False,False,False,False,True,1.614948585855391,0,0.9018070354692744,1.030634943803824,False,False,False,False,-0.0951872846616514,-0.12178416608060583,False,False,False,False,-385040,-313433.38865440054,False,False,False,False,75149.18980504877,False,False,False,False
2022-10-13 00:00:00+00:00,47.9,48.485,45.93,46.96,46444,,,,,,,,,,,,,,,,,,,,,,,,,,"rgba(38, 166, 154, 0.5)",0.0,0.0,2.8669830141812063,45.43719127645355,0.8590245255603008,0.0,0.0,0.0,0.0,52.54117862696585,-4.816163959891625,False,False,True,False,True,2.0947427694561824,0,0.8799828387558096,1.0216117268501963,False,False,False,False,-0.11120246899962609,-0.11649331754011596,False,False,False,False,-338596,-314420.15772677696,False,False,False,False,74023.49608720372,False,False,False,False
2022-10-14 00:00:00+00:00,47.05,48.28,46.84,48.24,33735,,,,,,,,,,,,,,,,,,,,,,,,,,"rgba(38, 166, 154, 0.5)",0.0,0.0,2.5739741978448665,45.44852424280685,0.6221801906693669,0.0,0.0,0.0,0.0,51.63821887263248,-4.816163959891625,False,False,True,False,True,0.3151872395441586,0,0.8872470122339297,1.0244141149847956,False,False,False,False,-0.08667780134308901,-0.1015855594416025,False,False,False,False,-372331,-316691.1711492563,False,False,False,False,72443.55506417612,False,False,False,False
2022-10-17 00:00:00+00:00,48.5,48.61,47.35,47.35,40272,,,,,,,,,,,,,,,,,,,,,,,,,,"rgba(38, 166, 154, 1.0)",0.0,0.0,2.551769038378117,45.46912568321566,1.1877541702248806,0.0,0.0,0.0,0.0,53.81205601721,-2.979501632257488,True,False,True,False,True,3.2001059790610142,0,0.8938266058266054,1.0179178659178654,False,False,False,False,-0.057589681291818816,-0.07958762036671066,False,False,False,False,-332059,-317293.83110418747,False,False,False,False,71181.92545381628,False,False,False,False
2022-10-18 00:00:00+00:00,48.78,49.69,48.41,49.37,38058,,,,,,,,,,,,,,,,,,,,,,,,,,"rgba(38, 166, 154, 1.0)",0.0,0.0,2.54102784764797,45.49529888500558,1.2926663192750167,0.0,0.0,0.0,0.0,55.73628096491483,-0.8601379300881575,True,False,True,False,True,3.7424763633210354,0,0.9187621608185211,1.0120886750457858,False,False,False,False,0.01619139027880562,-0.03169811504395252,False,False,False,False,-294001,-316380.3867471605,False,False,False,False,69882.94798503918,False,False,False,False
2022-10-19 00:00:00+00:00,48.31,48.58,47.69,48.36,30293,,,,,,,,,,,,,,,,,,,,,,,,,,"rgba(38, 166, 154, 1.0)",0.0,0.0,2.535360542621312,45.51001566244195,1.104373240211092,0.0,0.0,0.0,0.0,55.843983154981224,-0.44266404039909446,True,False,True,False,True,2.736675787199296,0,0.8961682824511751,1.0188704132221924,False,False,False,False,-0.04688191943176465,-0.03929001723785859,False,False,False,False,-324294,-316690.7245217817,False,False,False,False,68330.40100523373,False,False,False,False
2022-10-20 00:00:00+00:00,47.83,48.9,47.7,48.64,42470,,,,,,,,,,,,,,,,,,,,,,,,,,"rgba(38, 166, 154, 1.0)",0.0,0.0,2.5354334846244555,45.52954701284469,0.907321371712518,0.0,0.0,0.0,0.0,54.751169569869695,-0.44266404039909446,True,False,True,False,True,1.7154936740415572,0,0.8930700607045852,1.0151146117453784,False,False,False,False,-0.035495069325673825,-0.03739254328176621,False,False,False,False,-366764,-318654.3823836727,False,False,False,False,67316.26763247946,False,False,False,False
2022-10-21 00:00:00+00:00,48.95,48.95,47.59,47.9,54986,,,,,,,,,,,,,,,,,,,,,,,,,,"rgba(38, 166, 154, 1.0)",0.0,0.0,2.535602435657385,45.55829790041753,1.3376316617644892,0.0,0.0,0.0,0.0,56.20310964674316,0.4678974101345261,True,False,True,False,True,3.938110980334251,0,0.8839749476180051,1.0200003980178705,False,False,False,False,-0.03756463512025332,-0.037478589201009764,False,False,False,False,-311778,-318384.72032941104,False,False,False,False,66832.7277253234,False,False,False,False
2022-10-24 00:00:00+00:00,49.56,50.26,48.59,49.12,63359,,,,,,,,,,,,,,,,,,,,,,,,,,"rgba(38, 166, 154, 1.0)",0.0,0.0,2.535869344688974,45.60361834291792,1.5601677844200352,0.0,0.0,0.0,0.0,58.21131617076662,2.6435887532572053,True,False,True,False,True,5.116031056136869,1,0.8917600964605823,1.00992430992178,False,False,False,False,0.04204981476968823,0.002285612784339232,False,False,False,False,-248419,-315640.96659100277,False,False,False,False,66696.50310864406,False,False,False,False
2022-10-25 00:00:00+00:00,50.03,51.15,49.77,49.77,47631,,,,,,,,,,,,,,,,,,,,,,,,,,"rgba(38, 166, 154, 1.0)",0.0,0.0,2.5376048720173987,45.6450648534264,1.7279818441897832,0.0,0.0,0.0,0.0,60.31501571186207,4.842947996344407,True,False,True,False,True,6.015063351106225,0,0.9046497562661479,0.9992502640798453,False,False,False,False,0.12562184151174896,0.06395372714804409,False,False,False,False,-200788,-311136.9286854732,False,False,False,False,65948.83632006978,False,False,False,False
2022-10-26 00:00:00+00:00,49.43,50.96,49.33,50.49,92132,,,,,,,,,,,,,,,,,,,,,,,,,,"rgba(38, 166, 154, 1.0)",0.0,0.0,2.5334493951602406,45.71342053141246,1.4670036337364718,0.0,0.0,0.0,0.0,60.026916506623586,4.842947996344407,True,False,True,False,True,4.679780787243782,1,0.9029662035744784,0.9987038577504607,False,False,False,False,0.10996229125256493,0.08695800920030451,False,False,False,False,-292920,-310422.5393252586,False,False,False,False,66975.62705261607,False,False,False,False
2022-10-27 00:00:00+00:00,49.75,50.63,49.53,49.99,65533,,,,,,,,,,,,,,,,,,,,,,,,,,"rgba(38, 166, 154, 1.0)",0.0,0.0,2.5306824062772857,45.76038688340564,1.576496958566686,0.0,0.0,0.0,0.0,60.43067289279134,5.401000630227614,True,False,True,False,True,5.304927752052421,1,0.9136519701646233,0.9918252829762686,False,False,False,False,0.10523990895253967,0.09609895907642209,False,False,False,False,-227387,-307166.24366544455,False,False,False,False,66919.05344270956,False,False,False,False
2022-10-28 00:00:00+00:00,51.11,51.19,49.8,50.09,73851,,,,,,,,,,,,,,,,,,,,,,,,,,"rgba(38, 166, 154, 1.0)",0.0,0.0,2.5391871083421798,45.82179240781965,2.082638012301893,0.0,0.0,0.0,0.0,62.907559856752755,7.983395889530918,True,False,True,False,True,7.89217497167056,0,0.9138396049060988,0.9958066822547292,False,False,False,False,0.15162391700245775,0.12386143803943991,False,False,False,False,-153536,-301141.52822758397,False,False,False,False,67190.89448417192,False,False,False,False
2022-10-31 00:00:00+00:00,50.6,51.06,50.17,50.91,127285,,,,,,,,,,,,,,,,,,,,,,,,,,"rgba(38, 166, 154, 1.0)",0.0,0.0,2.5437045199245594,45.91919391578025,1.8401532283154396,0.0,0.0,0.0,0.0,63.06943724482295,8.34183547722774,True,False,True,False,True,6.731184010058442,0,0.9182890212934904,0.988505430212328,False,False,False,False,0.22241662128157272,0.17313902966050632,False,False,False,False,-280821,-300344.6447676787,False,False,False,False,69547.52607302793,False,False,False,False
2022-11-01 00:00:00+00:00,50.95,51.08,50.6655,50.97,39351,,,,,,,,,,,,,,,,,,,,,,,,,,"rgba(38, 166, 154, 1.0)",0.0,0.0,2.5507594700155134,45.95004432239574,1.9601831283503393,0.0,0.0,0.0,0.0,63.75514372195996,9.238223546777249,True,False,True,False,True,7.394271135326296,0,0.9464918010726311,0.9836792423736938,False,False,False,False,0.30605045411405174,0.23959474188727903,False,False,False,False,-241470,-298035.83516894624,False,False,False,False,68363.348579968,False,False,False,False
2022-11-02 00:00:00+00:00,49.9,52.44,49.9,50.33,68671,,,,,,,,,,,,,,,,,,,,,,,,,,"rgba(38, 166, 154, 0.75)",0.0,0.0,2.54809544137937,46.0003796099566,1.53040593641673,0.0,0.0,0.0,0.0,61.278524227567935,9.238223546777249,True,False,True,False,False,5.015154934791813,0,0.9460786874249127,0.9547166543411145,False,False,False,False,0.3428282440492973,0.2912114929682882,False,False,False,False,-310141,-298510.5475152621,False,False,False,False,68375.41334153789,False,False,False,False
2022-11-03 00:00:00+00:00,50.66,54.7,49.27,49.75,145000,,,,,,,,,,,,,,,,,,,,,,,,,,"rgba(38, 166, 154, 0.75)",1.0,51.076633,2.542119425041066,46.53851456148774,1.6212792357092665,0.0,0.0,0.0,0.0,61.04171000411286,9.238223546777249,True,False,True,False,False,6.476511912277012,1,0.948864533122204,0.9171485641395831,False,True,False,False,0.3428282451106501,0.3170198690394691,False,False,False,False,-165141,-293280.3691813302,False,False,False,False,71380.29909285012,False,False,False,False
2022-11-04 00:00:00+00:00,48.99,50.74,48.15,50.66,59127,,,,,,,,,,,,,,,,,,,,,,,,,,"rgba(38, 166, 154, 0.75)",0.0,0.0,2.5336139341990362,46.510211829865916,0.9787553410018773,0.0,0.0,0.0,0.0,57.04464134439176,11.456722033448187,True,False,True,False,False,2.832417380429426,1,0.9395158434673518,0.9645988041520809,False,False,False,False,0.11996924216054758,0.21849455560000836,False,False,False,False,-224268,-290574.0017624545,False,False,False,False,70899.77755979718,False,False,False,False
2022-11-07 00:00:00+00:00,47.97,49.61,47.66,49.61,53430,,,,,,,,,,,,,,,,,,,,,,,,,,#000000,0.0,0.0,2.5343528057758844,46.48246190441762,0.5869498880314632,0.0,0.0,0.0,0.0,52.52767985718193,7.269923276574794,True,False,False,False,False,0.7216758827849681,1,0.9535827490154644,0.9739104388576857,False,False,False,False,0.05228376489629835,0.13538916024815334,False,False,False,False,-277698,-290069.060516868,False,False,False,False,70214.6882437267,False,False,False,False
2022-11-08 00:00:00+00:00,47.13,48.54,46.45,48.54,50021,,,,,,,,,,,,,,,,,,,,,,,,,,"rgba(239, 83, 80, 0.5)",0.0,0.0,2.5398518648723294,46.51370845853638,0.24264861663284587,0.0,0.0,0.0,0.0,48.16701421057329,3.3701971238229333,True,False,False,True,False,0.0,1,0.9604211899712357,0.965312655849357,False,False,False,False,-0.042311667578120764,0.046538746335016284,False,False,False,False,-327719,-291545.5287318928,False,False,False,False,69422.77890083547,False,False,False,False
2022-11-09 00:00:00+00:00,47.34,48.0,46.99,47.01,38268,,,,,,,,,,,,,,,,,,,,,,,,,,"rgba(239, 83, 80, 0.5)",0.0,0.0,2.544003385458671,46.49887698673208,0.33062967528884585,0.0,0.0,0.0,0.0,45.76363885771002,1.3426670623974388,False,False,False,True,False,0.0,1,0.9650257050370733,0.9702122865140019,False,False,False,False,-0.042311667578120764,0.0021135393784477603,False,False,False,False,-289451,-291463.39035024995,False,False,False,False,68201.0228655086,False,False,False,False
2022-11-10 00:00:00+00:00,50.09,50.305,47.8389,48.73,50524,,,,,,,,,,,,,,,,,,,,,,,,,,#000000,0.0,0.0,2.5315199152052976,46.566427430117656,1.391880248983385,0.0,0.0,0.0,0.0,49.365625092830236,1.3426670623974388,True,False,False,False,True,4.7679988307493275,1,0.9654317546341575,0.9345291468758823,False,False,False,False,0.08869757086356896,0.045405555121008356,False,False,False,False,-238927,-289403.13974827935,False,False,False,False,67507.80628254748,False,False,False,False
2022-11-11 00:00:00+00:00,48.39,50.61,48.28,50.55,36258,,,,,,,,,,,,,,,,,,,,,,,,,,#000000,0.0,0.0,2.5056849380975588,46.588166395125945,0.7190982303793139,0.0,0.0,0.0,0.0,48.893079468762906,1.3426670623974388,True,False,False,False,True,1.3845693895190614,1,0.9814794303123398,0.927173848215557,False,False,False,False,0.11996924216054758,0.08268739864077797,False,False,False,False,-275185,-288845.56564050366,False,False,False,False,66282.3236832319,False,False,False,False
2022-11-14 00:00:00+00:00,48.51,49.11,48.06,48.13,24906,,,,,,,,,,,,,,,,,,,,,,,,,,#000000,0.0,0.0,2.477549734048672,46.591632001420564,0.7743005002949206,0.0,0.0,0.0,0.0,48.780974855346514,1.3426670623974388,True,False,False,False,True,1.608791643708031,1,0.9692402652929533,0.9562293464166298,False,False,False,False,0.04812757182328778,0.06540748523203288,False,False,False,False,-250279,-287333.15130166034,False,False,False,False,64659.722754477705,False,False,False,False
2022-11-15 00:00:00+00:00,49.15,50.235,47.8622,49.18,48506,,,,,,,,,,,,,,,,,,,,,,,,,,#000000,0.0,0.0,2.4506753031442994,46.612557211171506,1.035405541310539,0.0,0.0,0.0,0.0,49.807267027768305,1.3426670623974388,True,False,False,False,True,2.805495389662674,1,0.9753466020805132,0.9341423017284762,False,False,False,False,0.08674657849324736,0.07607703186264012,False,False,False,False,-201773,-283977.85125061485,False,False,False,False,64026.243430772694,False,False,False,False
2022-11-16 00:00:00+00:00,49.49,50.24,48.53,48.92,33153,,,,,,,,,,,,,,,,,,,,,,,,,,#000000,0.0,0.0,2.432573263991168,46.63088311850221,1.1753466684110407,0.0,0.0,0.0,0.0,51.07178799532305,1.3426670623974388,True,False,False,False,True,3.4380494519299987,1,0.9782137297279144,0.9453310337714173,False,False,False,False,0.11492541869457078,0.09550122527860544,False,False,False,False,-168620,-279454.0139466692,False,False,False,False,62815.528002114945,False,False,False,False
2022-11-17 00:00:00+00:00,50.5,51.63,49.43,49.84,93868,,,,,,,,,,,,,,,,,,,,,,,,,,"rgba(38, 166, 154, 1.0)",0.0,0.0,2.4070672372587865,46.719935265653724,1.5704026359691907,0.0,0.0,0.0,0.0,53.54936168372174,-2.2174226839384445,True,False,True,False,True,5.289483266783172,1,0.982894279409991,0.9290726301375691,False,False,False,False,0.2125011716324352,0.15400119845552032,False,False,False,False,-74752,-271426.4839879763,False,False,False,False,64033.272002032005,False,False,False,False
2022-11-18 00:00:00+00:00,51.99,52.18,50.52,51.5,60187,,,,,,,,,,,,,,,,,,,,,,,,,,"rgba(38, 166, 154, 1.0)",0.0,0.0,2.3985838013820184,46.791951868219414,2.1671321755719237,0.0,0.0,0.0,0.0,57.225988744990616,1.351458386709119,True,False,True,False,True,7.902667885416776,1,0.9934330837606272,0.9317092623486577,False,False,False,False,0.2848081188811565,0.21940465866833841,False,False,False,False,-14565,-261353.48461589878,False,False,False,False,63882.43780587389,False,False,False,False
2022-11-21 00:00:00+00:00,51.24,52.21,51.145,51.7,52514,,,,,,,,,,,,,,,,,,,,,,,,,,"rgba(38, 166, 154, 1.0)",0.0,0.0,2.380795899928652,46.84696757540619,1.8451948882831424,0.0,0.0,0.0,0.0,58.063023900165476,2.2070984065290915,True,False,True,False,True,6.33661365264043,1,0.9891363287014991,0.9386065832716436,False,False,False,False,0.31447619183066605,0.26694042524950223,False,False,False,False,-67079,-253734.8773760596,False,False,False,False,63436.61671544746,False,False,False,False
2022-11-22 00:00:00+00:00,51.6,51.79,50.57,51.5,38661,,,,,,,,,,,,,,,,,,,,,,,,,,"rgba(38, 166, 154, 1.0)",0.0,0.0,2.356511393128815,46.88135452481264,2.0023860223829697,0.0,0.0,0.0,0.0,59.13214171394503,3.3627077110982455,True,False,True,False,True,6.966089235500064,1,0.992834293328545,0.9404842345002902,False,False,False,False,0.269601252748644,0.2682708389990731,False,False,False,False,-28418,-244898.92140052785,False,False,False,False,62465.02390307697,False,False,False,False
2022-11-23 00:00:00+00:00,51.97,52.21,50.77,51.4,24337,,,,,,,,,,,,,,,,,,,,,,,,,,"rgba(38, 166, 154, 1.0)",0.0,0.0,2.358238768676754,46.90476206129754,2.147890199237394,0.0,0.0,0.0,0.0,60.37776094572486,4.724850931134938,True,False,True,False,True,7.61397236864525,1,0.9888861464854782,0.9492341574782964,False,False,False,False,0.2974281725504161,0.2828495057747446,False,False,False,False,-4081,-235455.0813456052,False,False,False,False,60969.8072794269,False,False,False,False
2022-11-25 00:00:00+00:00,52.34,52.72,51.69,51.69,7049,,,,,,,,,,,,,,,,,,,,,,,,,,"rgba(38, 166, 154, 1.0)",0.0,0.0,2.3527096358519453,47.26864929568168,2.1555361643605124,0.0,0.0,0.0,0.0,61.74573311115171,6.216770130582098,True,False,True,False,True,8.262480199650394,0,0.9954141717040396,0.9378647548373015,False,False,False,False,0.3428282453609,0.3128388755678223,False,False,False,False,2968,-226105.15658695402,False,True,False,False,58855.265817488595,False,True,False,False
2022-11-28 00:00:00+00:00,51.78,52.43,51.18,52.0,38601,,,,,,,,,,,,,,,,,,,,,,,,,,"rgba(38, 166, 154, 1.0)",0.0,0.0,2.3304505770112045,47.27754437918576,1.93201077303627,0.0,0.0,0.0,0.0,61.20832447279846,6.216770130582098,True,False,True,False,True,7.043076429777287,0,0.9970171266251088,0.9361195615318405,False,False,False,False,0.3070227385070934,0.30993080703745784,False,False,False,False,-35633,-218635.66025021073,False,False,False,False,58060.980883469434,False,False,False,False
2022-11-29 00:00:00+00:00,51.3,52.06,50.99,51.8,30494,,,,,,,,,,,,,,,,,,,,,,,,,,"rgba(38, 166, 154, 1.0)",0.0,0.0,2.2822521435737135,47.289208359623714,1.7573832285226376,0.0,0.0,0.0,0.0,59.651818457443824,6.216770130582098,True,False,True,False,True,6.005453448206424,0,0.9966891745753326,0.9396517097216575,False,False,False,False,0.2824103751325322,0.296170591084995,False,False,False,False,-66127,-212654.92847569266,False,False,False,False,56979.92280960789,False,False,False,False
2022-11-30 00:00:00+00:00,51.96,52.54,50.785,51.24,72651,,,,,,,,,,,,,,,,,,,,,,,,,,"rgba(38, 166, 154, 1.0)",0.0,0.0,2.2369665512365886,47.348810009566435,2.0613584891935526,0.0,0.0,0.0,0.0,59.815388593718865,6.216770130582098,True,False,True,False,True,7.208410396560154,0,1.0182032409019572,0.923315985555709,False,False,False,False,0.29445345196367634,0.29531202152433567,False,False,False,False,6524,-204059.67637860667,False,False,False,False,57594.47485628993,False,False,False,False
2022-12-01 00:00:00+00:00,52.21,52.375,51.36,52.35,39657,,,,,,,,,,,,,,,,,,,,,,,,,,"rgba(38, 166, 154, 1.0)",0.0,0.0,2.215242503960078,47.384282180707864,2.1784151444663253,0.0,0.0,0.0,0.0,60.36812139131879,6.216770130582098,True,False,True,False,True,7.662210067063505,0,1.0212504588630753,0.9261596339652247,False,False,False,False,0.3125651859521618,0.30393860373824877,False,False,False,False,46181,-194246.31652062212,False,False,False,False,56891.04446976876,False,False,False,False
2022-12-02 00:00:00+00:00,50.79,52.0,50.61,52.0,44751,,,,,,,,,,,,,,,,,,,,,,,,,,"rgba(38, 166, 154, 0.75)",0.0,0.0,2.178797817129413,47.40048546048508,1.5556810792020335,0.0,0.0,0.0,0.0,57.1991353018871,6.216770130582098,True,False,True,False,False,4.5748557156648495,0,1.0305027347113522,0.9147332874742042,False,False,False,False,0.2633046275602861,0.28362161564926747,False,False,False,False,1430,-186572.7354805977,False,False,False,False,56414.96429448372,False,False,False,False
2022-12-05 00:00:00+00:00,50.15,50.59,49.8401,50.52,29354,,,,,,,,,,,,,,,,,,,,,,,,,,#000000,0.0,0.0,2.116817686319983,47.398083331819706,1.300025356914137,-1.0,50.61,50.18,0.0,53.74984993615361,8.521418421171596,True,False,False,False,False,3.23108742999867,0,1.0384779472269794,0.9155228136535513,False,False,False,False,0.17109178494901622,0.22735670029914185,False,False,False,False,-27924,-180351.21644214288,False,False,False,False,55353.75000842553,False,False,False,False
2022-12-06 00:00:00+00:00,49.06,50.18,48.44,50.09,45511,,,,,,,,,,,,,,,,,,,,,,,,,,#000000,0.0,0.0,2.0577263758424755,47.37787149394857,0.8174694778661892,0.0,0.0,0.0,0.0,49.440511768202875,4.52755474203564,False,False,False,False,False,1.0006687720841718,1,1.0260683494643146,0.9251200210929514,False,False,False,False,0.09671854731105767,0.16203762380509976,False,False,False,False,-73435,-176158.42364049022,False,False,False,False,54967.75981201669,False,False,False,False
2022-12-07 00:00:00+00:00,48.5,49.1,48.275,48.71,23553,,,,,,,,,,,,,,,,,,,,,,,,,,"rgba(239, 83, 80, 1.0)",0.0,0.0,2.0277968962034203,47.36369691519253,0.5603633613084905,0.0,0.0,0.0,0.0,45.645067135873724,1.1261699192488308,False,True,False,True,False,0.0,0,1.0265828064386346,0.9278477228183235,False,False,False,False,0.03295618398527343,0.09749690389518659,False,False,False,False,-96988,-173053.70114478475,False,False,False,False,53735.80844683957,False,False,False,False
2022-12-08 00:00:00+00:00,49.5,49.8,48.14,48.51,50190,,,,,,,,,,,,,,,,,,,,,,,,,,"rgba(239, 83, 80, 1.0)",0.0,0.0,2.015589628260059,47.35002906776739,1.0666709642123715,0.0,0.0,0.0,0.0,45.541481708317804,1.1261699192488308,False,True,False,True,False,1.8444992324150071,0,1.0249635638459242,0.9276304302871428,False,False,False,False,0.0249909105696049,0.06124390723239574,False,False,False,False,-46798,-168102.4971783226,False,False,False,False,53596.75713519881,False,False,False,False
2022-12-09 00:00:00+00:00,47.42,49.51,47.14,49.14,43627,,,,,,,,,,,,,,,,,,,,,,,,,,"rgba(239, 83, 80, 1.0)",0.0,0.0,2.0101287036917266,47.32259388535586,0.04845765072915574,0.0,0.0,0.0,0.0,42.27011554308409,-1.9117008325571518,False,True,False,True,False,0.0,0,1.0029130403065367,0.9418331629114082,False,False,False,False,-0.0753320558137235,-0.007044074290663879,False,False,False,False,-90425,-165056.3208183884,False,False,False,False,53205.7862671518,False,False,False,False
2022-12-12 00:00:00+00:00,47.11,48.16,47.03,47.37,49765,,,,,,,,,,,,,,,,,,,,,,,,,,"rgba(239, 83, 80, 1.0)",0.0,0.0,2.008549321868486,47.28580938642257,-0.08753052987467681,0.0,0.0,0.0,0.0,39.68935519736844,-4.295230047640558,False,True,False,True,False,0.0,0,0.9897332053097412,0.9633314528311521,False,False,False,False,-0.16832288615541943,-0.08768348022304165,False,False,False,False,-140190,-164081.17098237318,False,False,False,False,53070.85347236154,False,False,False,False
2022-12-13 00:00:00+00:00,47.51,49.5532,47.1,48.36,54832,,,,,,,,,,,,,,,,,,,,,,,,,,"rgba(239, 83, 80, 1.0)",0.0,0.0,2.0120232119449772,47.26324619086316,0.12263964335595799,0.0,0.0,0.0,0.0,38.961563928259096,-4.992500835690379,False,True,False,True,False,0.0,0,0.9863046863190649,0.9470621561270675,False,False,False,False,-0.10760278813567252,-0.09764313417935708,False,False,False,False,-85358,-160993.98780659385,False,False,False,False,53139.91804207285,False,False,False,False
2022-12-14 00:00:00+00:00,46.95,47.995,46.5919,47.85,48971,,,,,,,,,,,,,,,,,,,,,,,,,,"rgba(239, 83, 80, 1.0)",0.0,0.0,2.017162827803906,47.23217150058682,-0.13988533632360323,0.0,0.0,0.0,0.0,37.657932839859356,-6.334243866989098,False,True,False,True,False,0.0,0,0.9633133392575038,0.9793962282780411,False,False,False,False,-0.2274954189537712,-0.16256927656656414,False,False,False,False,-134329,-159948.30201025683,False,False,False,False,52976.43106003078,False,False,False,False
2022-12-15 00:00:00+00:00,45.97,46.59,45.82,46.59,55674,,,,,,,,,,,,,,,,,,,,,,,,,,"rgba(239, 83, 80, 1.0)",0.0,0.0,2.032413849109977,47.18278921540012,-0.5967235540789192,0.0,0.0,0.0,0.0,35.48127243243797,-8.522866514503868,False,True,False,True,False,0.0,0,0.9559625992529746,0.9886907264946697,False,False,False,False,-0.34282825441539394,-0.252698765490979,False,False,False,False,-190003,-161126.91761769773,False,False,False,False,53082.21807728447,False,False,False,False
2022-12-16 00:00:00+00:00,45.89,46.11,45.225,45.54,74925,,,,,,,,,,,,,,,,,,,,,,,,,,"rgba(239, 83, 80, 1.0)",0.0,0.0,2.0522360909439614,47.03012591585553,-0.5555529994266435,0.0,0.0,0.0,0.0,33.92692880493968,-10.122540313471546,False,True,False,True,False,0.0,0,0.9478776938389445,0.990672486059422,False,False,False,False,-0.34282825441539394,-0.29776350995318646,False,False,False,False,-264928,-165197.54829935665,False,False,False,False,53938.79776052822,False,False,False,False
2022-12-19 00:00:00+00:00,46.67,46.83,45.71,46.29,99418,,,,,,,,,,,,,,,,,,,,,,,,,,"rgba(239, 83, 80, 1.0)",0.0,0.0,2.0568013564318255,46.999373623580865,-0.16013876233155874,0.0,0.0,0.0,0.0,35.11420867003488,-10.122540313471546,False,True,False,True,False,0.0,0,0.9719002100709762,0.9733446034133424,False,False,False,False,-0.2759730832971652,-0.2868682966251758,False,False,False,False,-165510,-165209.80130722505,False,False,False,False,55722.29588756633,False,False,False,False
2022-12-20 00:00:00+00:00,47.2,47.42,46.3908,46.58,72247,,,,,,,,,,,,,,,,,,,,,,,,,,"rgba(239, 83, 80, 0.75)",0.0,0.0,2.0587896995630723,46.99199118232623,0.10103451446153852,0.0,0.0,0.0,0.0,37.30646673403092,-10.122540313471546,False,True,False,True,True,0.0,0,0.9773543448175757,0.9712906446841892,False,False,False,False,-0.20797407122182085,-0.24742118392349832,False,False,False,False,-93263,-162388.3581187064,False,False,False,False,56370.32349981864,False,False,False,False
2022-12-21 00:00:00+00:00,47.87,48.04,47.2295,47.52,23979,,,,,,,,,,,,,,,,,,,,,,,,,,"rgba(239, 83, 80, 0.75)",0.0,0.0,2.054027746156794,46.99630100341637,0.425358906771522,0.0,0.0,0.0,0.0,40.4295319633921,-15.441138280604036,False,True,False,True,True,0.0,0,0.9906251028504447,0.9638738604170727,False,False,False,False,-0.13215834758230616,-0.18978976575290224,False,False,False,False,-69284,-158737.2068199336,False,False,False,False,55100.075519433594,False,False,False,False
2022-12-22 00:00:00+00:00,47.06,48.25,46.66,47.29,27585,,,,,,,,,,,,,,,,,,,,,,,,,,"rgba(239, 83, 80, 0.75)",0.0,0.0,2.0605409768109673,46.99514710868867,0.031473720756431234,0.0,0.0,0.0,0.0,40.923353616415476,-14.871086446530668,False,True,False,True,True,0.0,0,0.9662788777226136,0.9652929312139654,False,False,False,False,-0.1506710180590532,-0.17023039190597772,False,False,False,False,-96869,-156311.0026309166,False,False,False,False,54021.05295004404,False,False,False,False
2022-12-23 00:00:00+00:00,47.43,47.69,46.03,46.76,30536,,,,,,,,,,,,,,,,,,,,,,,,,,"rgba(239, 83, 80, 0.75)",0.0,0.0,2.0616808501627757,46.98969466348529,0.21356619599000892,0.0,0.0,0.0,0.0,42.19728246996792,-13.489424036629934,False,True,False,True,True,0.0,0,0.9727932560782099,0.981033352651332,False,False,False,False,-0.21276333095626543,-0.19149686143112157,False,False,False,False,-66333,-152782.45350813554,False,False,False,False,53100.07048141486,False,False,False,False
2022-12-27 00:00:00+00:00,46.94,47.58,46.88,47.32,24985,,,,,,,,,,,,,,,,,,,,,,,,,,"rgba(239, 83, 80, 0.75)",0.0,0.0,2.0690740671845154,46.98600696061078,-0.02223553102349112,0.0,0.0,0.0,0.0,42.05683142838302,-13.408800292366209,False,True,False,True,True,0.0,0,0.9717696919842325,0.979640609951436,False,False,False,False,-0.17399094742592358,-0.18274390442852256,False,False,False,False,-91318,-150372.08278232632,False,False,False,False,51997.51869782997,False,False,False,False
2022-12-28 00:00:00+00:00,46.85,47.63,46.45,47.11,34005,,,,,,,,,,,,,,,,,,,,,,,,,,"rgba(239, 83, 80, 0.75)",0.0,0.0,2.0739753532204146,46.97879541607627,-0.06210074573753978,0.0,0.0,0.0,0.0,41.778969582823684,-13.404470031528682,False,True,False,True,True,0.0,0,0.9634172012702126,0.9869859655337948,False,False,False,False,-0.19382930464536371,-0.18828660453694313,False,False,False,False,-125323,-149389.7658104704,False,False,False,False,51291.92972928762,False,False,False,False
2022-12-29 00:00:00+00:00,47.47,48.115,47.03,47.37,22894,,,,,,,,,,,,,,,,,,,,,,,,,,"rgba(239, 83, 80, 0.75)",0.0,0.0,2.076752922882903,46.97887210169179,0.2364883626244927,0.0,0.0,0.0,0.0,43.37891841948445,-11.597899090304267,False,True,False,True,True,0.0,0,0.9549370163249166,0.9923112672222992,False,False,False,False,-0.13855872994046586,-0.1634226672387045,False,False,False,False,-102429,-147548.16715123627,False,False,False,False,50178.28542617831,False,False,False,False
2022-12-30 00:00:00+00:00,46.77,47.14,46.49,47.14,22875,,,,,,,,,,,,,,,,,,,,,,,,,,"rgba(239, 83, 80, 0.75)",0.0,0.0,2.081526207221838,46.9725486074707,-0.0973077383162198,0.0,0.0,0.0,0.0,42.86718351152601,-11.597899090304267,False,True,False,True,True,0.0,1,0.9555161011632334,0.9888934885682259,False,False,False,False,-0.21751990195205637,-0.19047128459538043,False,False,False,False,-125304,-146675.84687079562,False,False,False,False,49107.56835064191,False,False,False,False
2023-01-03 00:00:00+00:00,48.22,48.82,46.89,47.38,46442,,,,,,,,,,,,,,,,,,,,,,,,,,"rgba(239, 83, 80, 0.75)",0.0,0.0,2.0774126145691785,46.97925517772809,0.5972548802151262,0.0,0.0,0.0,0.0,46.171862493209105,-8.543620121262556,False,True,False,True,True,0.10514083108344607,1,0.9594306221799441,0.970191979977923,False,False,False,False,-0.10959539416401534,-0.15003333937969787,False,False,False,False,-78862,-144016.48032684287,False,False,False,False,49003.03625845987,False,False,False,False
2023-01-04 00:00:00+00:00,48.07,48.88,47.99,48.68,61301,,,,,,,,,,,,,,,,,,,,,,,,,,#000000,0.0,0.0,2.0736356895493846,47.0708614910567,0.48182933674353545,0.0,0.0,0.0,0.0,48.00634438319025,-6.715576810920105,False,False,False,False,True,0.0,1,0.9746671067714731,0.9698848051256858,False,False,False,False,-0.05064747278569352,-0.1003404060826957,False,False,False,False,-140163,-143865.36345128043,False,False,False,False,49485.30934636341,False,False,False,False
2023-01-05 00:00:00+00:00,46.09,47.86,46.065,47.86,57335,,,,,,,,,,,,,,,,,,,,,,,,,,"rgba(239, 83, 80, 1.0)",0.0,0.0,2.089637392571355,47.00721038533794,-0.4389327969525307,0.0,0.0,0.0,0.0,45.2112933143067,-6.715576810920105,False,True,False,True,False,0.0,1,0.9381501741441204,0.9970203138415912,False,False,False,False,-0.20196387239367508,-0.15115213923818538,False,False,False,False,-197498,-145968.60410024982,False,False,False,False,49793.14035238837,False,False,False,False
2023-01-06 00:00:00+00:00,44.03,45.29,41.05,43.0,264014,,,,,,,,,,,,,,,,,,,,,,,,,,"rgba(239, 83, 80, 1.0)",0.0,0.0,2.140743981141316,46.39887750052908,-1.1065673996505354,0.0,0.0,0.0,0.0,40.56507314663345,-4.279938988475934,False,True,False,True,False,0.0,1,0.8768722192799843,1.0321678816618305,True,False,False,False,-0.34282825441539394,-0.24699019682678966,False,False,False,False,-461512,-158342.85491984786,True,False,False,False,58193.95837778491,False,False,False,False
2023-01-09 00:00:00+00:00,44.13,44.7,43.55,43.55,108256,,,,,,,,,,,,,,,,,,,,,,,,,,"rgba(239, 83, 80, 1.0)",0.0,0.0,2.190473946000748,46.33413018867833,-1.0062343780452228,0.0,0.0,0.0,0.0,37.72248650463126,-6.801865996747644,False,True,False,True,False,0.0,1,0.912234466945385,1.037267301842928,False,False,False,False,-0.26636364072626045,-0.25667691877652504,False,False,False,False,-353256,-165986.50766808912,False,False,False,False,60157.17569630315,False,False,False,False
2023-01-10 00:00:00+00:00,44.37,44.82,43.88,43.88,48643,,,,,,,,,,,,,,,,,,,,,,,,,,"rgba(239, 83, 80, 1.0)",0.0,0.0,2.2161290413529415,46.311365660181536,-0.8760165242888293,0.0,0.0,0.0,0.0,36.473872176321265,-7.8758501492362285,False,True,False,True,False,0.0,0,0.9147856989811373,1.033076709002293,False,False,False,False,-0.24881230009868363,-0.25274460943760435,False,False,False,False,-304613,-171422.84070071307,False,False,False,False,59705.63939448734,False,False,False,False
2023-01-11 00:00:00+00:00,44.89,45.66,44.29,44.5,84563,,,,,,,,,,,,,,,,,,,,,,,,,,"rgba(239, 83, 80, 1.0)",0.0,0.0,2.2037910579333526,46.292713807787536,-0.6365003627444413,0.0,0.0,0.0,0.0,37.042879958315005,-7.8758501492362285,False,True,False,True,False,0.0,0,0.9170538661197806,1.0302705753886578,False,False,False,False,-0.2008021513635385,-0.22677338040057143,False,False,False,False,-220050,-173329.7881242145,False,False,False,False,60680.437849605485,False,False,False,False
2023-01-12 00:00:00+00:00,45.52,45.57,44.71,45.1,54902,,,,,,,,,,,,,,,,,,,,,,,,,,"rgba(239, 83, 80, 1.0)",0.0,0.0,2.163874361475784,46.28618961454569,-0.35408230172066874,0.0,0.0,0.0,0.0,39.03415294593015,-7.8758501492362285,False,True,False,True,False,0.0,0,0.9182056843107792,1.030423818935037,False,False,False,False,-0.18828691364487096,-0.2075301470227212,False,False,False,False,-165148,-173008.9336879708,False,False,False,False,60453.83244373861,False,False,False,False
2023-01-13 00:00:00+00:00,46.18,46.5,45.52,45.52,35370,,,,,,,,,,,,,,,,,,,,,,,,,,"rgba(239, 83, 80, 0.75)",0.0,0.0,2.099932800297606,46.291736237414,-0.05320943479627759,0.0,0.0,0.0,0.0,41.93233502502855,-7.8758501492362285,False,True,False,True,True,0.0,0,0.9233663813080719,1.0198827340475882,False,False,False,False,-0.12315906767096282,-0.16534460734684203,False,False,False,False,-129778,-171313.6029551092,False,False,False,False,59470.15274006259,False,False,False,False
2023-01-17 00:00:00+00:00,45.01,46.45,45.01,46.09,32811,,,,,,,,,,,,,,,,,,,,,,,,,,"rgba(239, 83, 80, 0.75)",0.0,0.0,2.100142826545821,46.2892640958889,-0.6091319503221387,0.0,0.0,0.0,0.0,41.65530258134011,-7.8758501492362285,False,True,False,True,True,0.0,0,0.9254942317874375,1.0376791924253836,False,False,False,False,-0.14398066019860956,-0.1546626337727258,False,False,False,False,-162589,-170971.46166275197,False,False,False,False,58424.69576986406,False,False,False,False
2023-01-18 00:00:00+00:00,44.92,46.13,44.79,45.14,65194,,,,,,,,,,,,,,,,,,,,,,,,,,"rgba(239, 83, 80, 0.75)",0.0,0.0,2.1129478575318954,46.27877608173699,-0.6430712792525597,0.0,0.0,0.0,0.0,41.31151155877281,-7.8758501492362285,False,True,False,True,True,0.0,0,0.9268727035598587,1.0734808467398735,False,False,False,False,-0.1641765490128856,-0.1594195913928057,False,False,False,False,-227783,-173199.36512695777,False,False,False,False,58690.15868084979,False,False,False,False
2023-01-19 00:00:00+00:00,45.11,45.87,44.64,44.64,50133,,,,,,,,,,,,,,,,,,,,,,,,,,"rgba(239, 83, 80, 0.75)",0.0,0.0,2.118345716963252,46.26918327608558,-0.5472115655169457,0.0,0.0,0.0,0.0,41.60205146959413,-7.8758501492362285,False,True,False,True,True,0.0,0,0.9384787263259216,1.0254852136166446,False,False,False,False,-0.17959874405703385,-0.16950916772491978,False,False,False,False,-177650,-173373.89982786137,False,False,False,False,58354.58383062039,False,False,False,False
2023-01-20 00:00:00+00:00,45.34,45.68,44.97,45.46,34242,,,,,,,,,,,,,,,,,,,,,,,,,,"rgba(239, 83, 80, 0.75)",0.0,0.0,2.1380534466052334,46.263902429772635,-0.43212316850151195,0.0,0.0,0.0,0.0,42.446870115438976,-12.571537136071825,False,True,False,True,True,0.0,0,0.9485604908348039,1.0131709869564391,False,False,False,False,-0.17432347800349482,-0.1719163228642073,False,False,False,False,-143408,-172198.7665012786,False,False,False,False,57408.99230785096,False,False,False,False
2023-01-23 00:00:00+00:00,45.18,45.6,44.97,45.29,26666,,,,,,,,,,,,,,,,,,,,,,,,,,"rgba(239, 83, 80, 0.75)",0.0,0.0,2.166798609981139,46.25907350789679,-0.49800359983901776,0.0,0.0,0.0,0.0,42.63930998792132,-12.080649505404892,False,True,False,True,True,0.0,0,0.9642557828849287,0.999745533701572,False,False,False,False,-0.17733672123981656,-0.17462652205201193,False,False,False,False,-170074,-172115.44232475787,False,False,False,False,56203.38476636661,False,False,False,False
2023-01-24 00:00:00+00:00,45.05,45.63,45.0,45.56,65087,,,,,,,,,,,,,,,,,,,,,,,,,,"rgba(239, 83, 80, 0.75)",0.0,0.0,2.1970878596594727,46.24679456492984,-0.5447185735737201,0.0,0.0,0.0,0.0,42.451692174539936,-11.945536763014147,False,True,False,True,True,0.0,0,0.9569765404945487,0.9918196201211765,False,False,False,False,-0.17507649298760872,-0.17485150751981032,False,False,False,False,-235161,-174587.81713555168,False,False,False,False,56551.76183435223,False,False,False,False
2023-01-25 00:00:00+00:00,45.28,45.49,44.76,44.88,55431,,,,,,,,,,,,,,,,,,,,,,,,,,"rgba(239, 83, 80, 0.75)",0.0,0.0,2.2193664382853426,46.235587904203406,-0.4305678808685966,0.0,0.0,0.0,0.0,43.12030995765256,-10.986373438720427,False,True,False,True,True,0.0,0,0.9471311404842938,1.033798132385943,False,False,False,False,-0.1894222000354222,-0.18213685377761626,False,False,False,False,-179730,-174789.47136553004,False,False,False,False,56507.81038986783,False,False,False,False
2023-01-26 00:00:00+00:00,45.33,45.87,44.91,45.44,36376,,,,,,,,,,,,,,,,,,,,,,,,,,"rgba(239, 83, 80, 0.5)",0.0,0.0,2.22716480375006,46.230265036851975,-0.4042202154668243,0.0,0.0,0.0,0.0,43.746278423550784,-10.096726735927604,False,False,False,True,True,0.0,0,0.9418103952976439,1.033378120462742,False,False,False,False,-0.16943360847275127,-0.17578523112518377,False,False,False,False,-143354,-173556.7077825681,False,False,False,False,55718.32762948085,False,False,False,False
2023-01-27 00:00:00+00:00,45.0,45.83,44.98,45.35,34726,,,,,,,,,,,,,,,,,,,,,,,,,,"rgba(239, 83, 80, 0.5)",0.0,0.0,2.251552641467056,46.224219618517665,-0.5437224055840835,0.0,0.0,0.0,0.0,43.17353071330828,-10.096726735927604,False,False,False,True,True,0.0,0,0.9458965521290836,1.0120443549334148,False,False,False,False,-0.1683063241689646,-0.17204577764707418,False,False,False,False,-178080,-173734.09179109483,False,False,False,False,54895.09909499141,False,False,False,False
2023-01-30 00:00:00+00:00,45.02,45.72,44.77,44.77,54768,,,,,,,,,,,,,,,,,,,,,,,,,,"rgba(239, 83, 80, 0.5)",0.0,0.0,2.2771069680944116,46.21330248356333,-0.5240432269029239,0.0,0.0,0.0,0.0,42.87636043383806,-10.096726735927604,False,False,False,True,True,0.0,1,0.9445595528662497,1.0308169066452377,False,False,False,False,-0.18035315482700912,-0.17619946623704164,False,False,False,False,-123312,-171756.7548581107,False,False,False,False,54890.11481675645,False,False,False,False
2023-01-31 00:00:00+00:00,46.4,46.6799,45.15,45.26,42564,,,,,,,,,,,,,,,,,,,,,,,,,,#000000,0.0,0.0,2.2849587454631313,46.21494190637545,0.08098968700944269,0.0,0.0,0.0,0.0,47.47938188863384,-5.9993752969085605,True,False,False,False,True,0.0,1,0.9382493402130223,1.0145625751121903,False,False,False,False,-0.13021446165481432,-0.15320696394592798,False,False,False,False,-80748,-168187.7840793613,False,False,False,False,54406.73776511895,False,False,False,False
2023-02-01 00:00:00+00:00,47.24,47.69,46.01,46.17,50089,,,,,,,,,,,,,,,,,,,,,,,,,,"rgba(38, 166, 154, 1.0)",0.0,0.0,2.2869059313270226,46.227896849583495,0.44256439958997984,0.0,0.0,0.0,0.0,52.61513623192775,-1.279197321806791,True,False,True,False,True,0.0,1,0.9371589120267109,1.0204218036210333,False,False,False,False,-0.06125525157353337,-0.10723110775973067,False,False,False,False,-30659,-162794.49842919028,False,False,False,False,54237.41471550645,False,False,False,False
2023-02-02 00:00:00+00:00,47.83,48.71,47.0,47.33,53864,,,,,,,,,,,,,,,,,,,,,,,,,,"rgba(38, 166, 154, 1.0)",0.0,0.0,2.284000978210922,46.252279356788115,0.6907705637007764,0.0,0.0,0.0,0.0,57.27109662855938,2.8083476070202806,True,False,True,False,True,1.2794154434388467,0,0.9359782225896797,1.0136108814500537,False,False,False,False,0.012236356747333837,-0.04749737550619842,False,False,False,False,23205,-155500.40045157497,False,False,False,False,54222.77100117286,False,False,False,False
2023-02-03 00:00:00+00:00,48.57,48.7,47.57,47.57,62253,,,,,,,,,,,,,,,,,,,,,,,,,,"rgba(38, 166, 154, 1.0)",0.0,0.0,2.2841912638239616,46.285030137555175,1.0003408640218507,0.0,0.0,0.0,0.0,61.72076602018322,6.616443502853947,True,False,True,False,True,2.8978539650748054,0,0.93521056152256,1.0142015211709121,False,False,False,False,0.032701188208575455,-0.007398093648811482,False,False,False,False,85458,-146051.0514142583,False,False,False,False,54537.68194230334,False,False,False,False
2023-02-06 00:00:00+00:00,48.16,48.71,47.72,48.71,67669,,,,,,,,,,,,,,,,,,,,,,,,,,"rgba(38, 166, 154, 1.0)",0.0,0.0,2.282730449769811,46.316920740068966,0.8074011805103338,0.0,0.0,0.0,0.0,63.072858089539714,7.55211081983559,True,False,True,False,True,1.9428574023885403,0,0.9459703948614521,1.0077353993390437,False,False,False,False,0.03855256571027119,0.015577236030729856,False,False,False,False,17789,-139625.9513587972,False,False,False,False,55052.63559162478,False,False,False,False
2023-02-07 00:00:00+00:00,48.83,49.04,47.44,47.93,53971,,,,,,,,,,,,,,,,,,,,,,,,,,"rgba(38, 166, 154, 1.0)",0.0,0.0,2.284265411126397,46.343753989993886,1.088422561535928,0.0,0.0,0.0,0.0,65.22619855104966,9.390176477895622,True,False,True,False,True,3.4064330870532658,0,0.9388454137461396,1.0090771260957174,False,False,False,False,0.040381643631018954,0.027979439830874406,False,False,False,False,71760,-131336.30620747182,False,False,False,False,55010.21850960027,False,False,False,False
2023-02-08 00:00:00+00:00,49.14,49.3,48.02,48.68,56657,,,,,,,,,,,,,,,,,,,,,,,,,,"rgba(38, 166, 154, 1.0)",0.0,0.0,2.287375631434255,46.37528129097958,1.2086859154335126,0.0,0.0,0.0,0.0,67.19900625282202,11.141754426378782,True,False,True,False,True,4.0772421689433145,0,0.9339555728232535,1.0128077126373947,False,False,False,False,0.0868199525112035,0.057399696171038954,False,False,False,False,128417,-121149.90204247294,False,False,False,True,55074.79817589046,False,False,False,False
2023-02-09 00:00:00+00:00,46.86,49.77,46.8,49.35,83964,,,,,,,,,,,,,,,,,,,,,,,,,47.81,"rgba(38, 166, 154, 0.75)",0.0,0.0,2.2895132099943685,46.47516785998415,0.16808469954921076,0.0,0.0,0.0,0.0,61.406549848878846,11.141754426378782,True,False,True,False,False,0.0,0,0.9252010633347668,1.0013284345169855,False,False,False,False,0.05821167752592837,0.05780568684848366,False,False,False,False,44453,-114655.67058982694,False,False,False,False,56207.70805134574,False,False,False,False
2023-02-10 00:00:00+00:00,47.27,47.73,46.56,46.82,49604,,,,,,,,,,,,,,,,,,,,,,,,,47.57850872464463,"rgba(38, 166, 154, 0.75)",0.0,0.0,2.28456085633679,46.47037734489055,0.35001153630532655,0.0,0.0,0.0,0.0,58.48102868011581,15.393949405888833,True,False,True,False,False,0.0,0,0.9245778325635797,1.025804210461515,False,False,False,False,-0.02836920980668664,0.01471823852089851,False,False,False,False,94057,-106470.85997846119,False,False,False,False,55948.739108155714,False,False,False,False
2023-02-13 00:00:00+00:00,48.06,48.27,46.96,47.3,38214,,,,,,,,,,,,,,,,,,,,,,,,,47.619624136017364,"rgba(38, 166, 154, 0.75)",0.0,0.0,2.2725923365020635,46.48232906796663,0.6942164270701079,0.0,0.0,0.0,0.0,58.205118537863264,15.218165519957168,True,False,True,False,False,1.509819575155742,0,0.9330085585339692,1.0250884106443907,False,False,False,False,0.007303948939570723,0.011011093730234615,False,False,False,False,132271,-97108.4340969529,False,False,False,False,55253.25914313,False,False,False,False
2023-02-14 00:00:00+00:00,48.07,48.45,47.33,48.15,78885,,,,,,,,,,,,,,,,,,,,,,,,,47.72359354575326,"rgba(38, 166, 154, 0.75)",0.0,0.0,2.2665060223942777,46.509860087926484,0.6883458048019769,0.0,0.0,0.0,0.0,58.041990249285234,14.94335651725865,True,False,True,False,False,1.5315360006163772,0,0.9300923764054958,1.0199675040104412,False,False,False,False,0.052987452648858346,0.031999273189546484,False,False,False,False,211156,-85019.6327598175,False,False,False,False,56179.99407869353,False,False,False,False
2023-02-15 00:00:00+00:00,48.8,49.13,47.09,47.83,29627,,,,,,,,,,,,,,,,,,,,,,,,,47.78874754127214,"rgba(38, 166, 154, 0.75)",0.0,0.0,2.2591760835704147,46.52341127531654,1.00770751834692,0.0,0.0,0.0,0.0,59.425310767353736,14.94335651725865,True,False,True,False,False,3.113879827127878,0,0.9410803904263867,1.0074716100770873,False,False,False,False,0.13358193911628508,0.08279060615291578,False,False,False,False,240783,-72243.05892609915,False,False,False,False,55138.700193254575,False,False,False,False
2023-02-16 00:00:00+00:00,48.35,49.7,48.0,48.43,53952,,,,,,,,,,,,,,,,,,,,,,,,,47.933146255552295,"rgba(38, 166, 154, 0.75)",0.0,0.0,2.2297342547592587,46.55232423292669,0.8062287078544257,0.0,0.0,0.0,0.0,58.95910302322322,14.94335651725865,True,False,True,False,False,2.0697667874359595,0,0.9683563178787238,0.9816215324124073,False,False,False,False,0.2882830156212734,0.1855368108870946,False,False,False,False,186831,-62083.29190938938,False,False,False,False,55092.162930774,False,False,False,False
2023-02-17 00:00:00+00:00,49.08,49.42,48.42,48.53,57824,,,,,,,,,,,,,,,,,,,,,,,,,48.086557068890755,"rgba(38, 166, 154, 0.75)",0.0,0.0,2.2120666868399352,46.58541308407812,1.1277177721461644,0.0,0.0,0.0,0.0,60.14189905986861,14.94335651725865,True,False,True,False,False,3.64849268456015,0,0.9936306198048697,0.9785177778362529,False,False,False,False,0.3364566012923228,0.2609967060897087,False,False,False,False,244655,-50054.33928549176,False,False,False,False,55199.29379623384,False,False,False,False
2023-02-21 00:00:00+00:00,48.38,49.26,48.03,48.51,67130,,,,,,,,,,,,,,,,,,,,,,,,,48.15528193234611,"rgba(38, 166, 154, 0.75)",0.0,0.0,2.184219406198561,46.6118777668024,0.8094984543127288,0.0,0.0,0.0,0.0,58.8216993546576,14.81125704608769,True,False,True,False,False,2.017185022211528,0,0.9903982537523399,0.965274144606048,False,False,False,False,0.30186370532890405,0.2814302057093064,False,False,False,False,177525,-41129.6593135117,False,False,False,False,55667.164627754086,False,False,False,False
2023-02-22 00:00:00+00:00,47.71,49.43,47.71,48.54,58147,,,,,,,,,,,,,,,,,,,,,,,,,48.16967421608063,"rgba(38, 166, 154, 0.75)",0.0,0.0,2.1715238722905883,46.628839422825756,0.4978810461032622,0.0,0.0,0.0,0.0,56.13823021681084,12.01620473711975,True,False,True,False,False,0.4879515345439991,1,0.987720413994982,0.973000011616021,False,False,False,False,0.29837638021457435,0.2899032929619404,False,False,False,False,119378,-34835.241301217124,False,False,False,False,55764.413073724514,False,False,False,False
2023-02-23 00:00:00+00:00,47.74,48.77,47.69,47.99,87601,,,,,,,,,,,,,,,,,,,,,,,,,48.15475795164763,"rgba(38, 166, 154, 0.75)",0.0,0.0,2.146607354672745,46.648120455424845,0.5086535934009303,0.0,0.0,0.0,0.0,54.42671257516966,10.206548182328156,True,False,True,False,False,0.5554881389626551,1,1.0019872625790909,0.9779595859154431,False,False,False,False,0.25626631672800965,0.273084804844975,False,False,False,False,206979,-25352.32987763998,False,False,False,False,57012.906678676496,False,False,False,False
2023-02-24 00:00:00+00:00,47.4,48.15,47.02,47.31,56374,,,,,,,,,,,,,,,,,,,,,,,,,48.10093253614225,#000000,0.0,0.0,2.1427161343566756,46.65248906041512,0.3488613949366226,0.0,0.0,0.0,0.0,52.34079880401067,8.065757546656897,True,False,False,False,False,0.0,1,0.9937008363371632,0.9671576374215012,False,False,False,False,0.1786415785802997,0.22586319171263736,False,False,False,False,150605,-18452.04243145802,False,False,False,False,56987.85151480683,False,False,False,False
2023-02-27 00:00:00+00:00,46.9,48.2,46.9,47.81,45552,,,,,,,,,,,,,,,,,,,,,,,,,48.0514673147784,#000000,0.0,0.0,2.145102765341059,46.65408820815548,0.11463869974799161,0.0,0.0,0.0,0.0,49.62570399852757,5.379785076201472,False,False,False,False,False,0.0,1,0.9907312064937256,0.9868081147481754,False,False,False,False,0.17449762540813024,0.2001804085603838,False,False,False,False,105053,-13608.70743414594,False,False,False,False,56539.38674952029,False,False,False,False
2023-02-28 00:00:00+00:00,46.87,47.88,46.78,46.78,95327,,,,,,,,,,,,,,,,,,,,,,,,,47.94751316689956,"rgba(239, 83, 80, 0.5)",0.0,0.0,2.1463799651867186,46.654629510801236,0.10034126887688592,0.0,0.0,0.0,0.0,47.735869990079024,3.50782549340191,False,False,False,True,False,0.0,1,0.9965579871786535,0.9680222490740894,False,False,False,False,0.14857941338025504,0.1743799109703194,False,False,False,False,9726,-12693.620868101001,False,False,False,False,58060.46962208812,False,False,False,False
2023-03-01 00:00:00+00:00,47.65,47.84,46.97,46.97,38829,,,,,,,,,,,,,,,,,,,,,,,,,47.926236626517486,#000000,0.0,0.0,2.145822994639658,46.65778973488989,0.46239147757698856,0.0,0.0,0.0,0.0,48.98109861585223,3.50782549340191,False,False,False,False,False,0.4119066121412125,1,1.0150157434119467,0.9511931490007444,False,False,False,False,0.15739122101315614,0.16588556599173776,False,False,False,False,48555,-10291.71416739116,False,False,False,False,57306.294342790556,False,False,False,False
2023-03-02 00:00:00+00:00,47.43,48.04,46.9,47.58,42358,,,,,,,,,,,,,,,,,,,,,,,,,47.90372098858787,#000000,0.0,0.0,2.1290842932885288,46.660968879695815,0.36120275872983815,0.0,0.0,0.0,0.0,49.12594312884031,3.50782549340191,False,False,False,False,False,0.0,1,1.0228861461421253,0.9411121564624104,False,False,False,False,0.1650477317564849,0.16546664887411133,False,False,False,False,6197,-9645.097925532682,False,False,False,False,56720.08672150465,False,False,False,False
2023-03-03 00:00:00+00:00,47.58,48.0989,47.21,47.51,45302,,,,,,,,,,,,,,,,,,,,,,,,,47.8903508446665,#000000,0.0,0.0,2.127832225994796,46.666050535589015,0.4295213942366612,0.0,0.0,0.0,0.0,49.71293595246886,3.50782549340191,False,False,False,False,False,0.24955169721187787,1,1.020314299569619,0.9509244104988787,False,False,False,False,0.18688251940689385,0.17617458414050258,False,False,False,False,51499,-7247.290163747086,False,False,False,False,56272.31861477898,False,False,False,False
2023-03-06 00:00:00+00:00,47.28,47.99,47.1,47.69,64624,,,,,,,,,,,,,,,,,,,,,,,,,47.86213579250871,#000000,0.0,0.0,2.1265267795501965,46.67086344587112,0.2864466885565041,0.0,0.0,0.0,0.0,49.084142039012804,3.50782549340191,False,False,False,False,False,0.0,1,1.008347912186707,0.9614343769362542,False,False,False,False,0.17390611934018177,0.17504035174034216,False,False,False,False,-13125,-7477.788588698181,False,False,False,False,56599.835531846475,False,False,False,False
2023-03-07 00:00:00+00:00,47.27,47.77,47.19,47.38,100701,,,,,,,,,,,,,,,,,,,,,,,,,47.820517966024234,#000000,0.0,0.0,2.1205113695683067,46.67737968288117,0.2794704737845767,0.0,0.0,0.0,0.0,48.62986848450404,3.4176872200275454,False,False,False,False,False,0.0,1,0.9974157173175906,0.9745383358134315,False,False,False,False,0.16622733852149083,0.1706338451309165,False,False,False,False,-113826,-11648.306683259038,False,False,False,False,58329.292961970146,False,False,False,False
2023-03-08 00:00:00+00:00,47.45,48.29,47.05,47.26,45205,,,,,,,,,,,,,,,,,,,,,,,,,47.81163539901571,#000000,0.0,0.0,2.1102299691082274,46.681939525881866,0.36397003424357366,0.0,0.0,0.0,0.0,49.05451579119329,3.4176872200275454,False,False,False,False,False,0.0,1,1.0039853584063472,0.9696499629055104,False,False,False,False,0.18873108791035187,0.1796824665206342,False,False,False,False,-68621,-13882.529950582211,False,False,False,False,57814.61480659877,False,False,False,False
2023-03-09 00:00:00+00:00,46.83,47.94,46.73,47.6,33851,,,,,,,,,,,,,,,,,,,,,,,,,47.793023706663966,"rgba(239, 83, 80, 0.5)",0.0,0.0,2.0860726668002627,46.6825065385496,0.07070389435504612,0.0,0.0,0.0,0.0,47.06577578699941,1.4002311123250877,False,False,False,True,False,0.0,1,1.0087978169066258,0.9661978613587534,False,False,False,False,0.14916614037098005,0.1644243034458071,False,False,False,False,-102472,-17356.626815265263,False,False,False,False,56874.86520634,False,False,False,False
2023-03-10 00:00:00+00:00,45.53,47.16,45.42,46.64,56949,,,,,,,,,,,,,,,,,,,,,,,,,47.71170569795614,"rgba(239, 83, 80, 1.0)",0.0,0.0,2.035899323162627,46.67139854007312,-0.5606360427980479,0.0,0.0,0.0,0.0,42.29944639374612,-3.201601078579216,False,True,False,True,False,0.0,1,0.9758464380332013,0.9769098023965195,False,False,False,False,0.028129149609228753,0.09627672652751793,False,False,False,False,-159421,-22927.778704862707,False,False,False,False,56877.772453150195,False,False,False,False
2023-03-13 00:00:00+00:00,45.08,45.99,44.99,45.0,48864,,,,,,,,,,,,,,,,,,,,,,,,,47.6215962687781,"rgba(239, 83, 80, 1.0)",0.0,0.0,2.0083729957580294,46.65612494890473,-0.784777007176324,0.0,0.0,0.0,0.0,38.20893778730265,-6.961970703067678,False,True,False,True,False,0.0,0,0.9757802122811081,0.9954302287322846,False,False,False,False,-0.06379073884779707,0.01624299383986043,False,False,False,False,-208285,-30196.6893438877,False,False,False,False,56563.506866752155,False,False,False,False
2023-03-14 00:00:00+00:00,45.33,46.49,45.215,46.0,108904,,,,,,,,,,,,,,,,,,,,,,,,,47.46910243922944,"rgba(239, 83, 80, 1.0)",0.0,0.0,1.9632937942454038,46.6304150481879,-0.6623639579565411,0.0,0.0,0.0,0.0,36.61544035366756,-8.327554932809697,False,True,False,True,False,0.0,0,0.9711218990239203,0.9958962698612942,False,False,False,False,-0.02209925441564561,-0.002928130287892591,False,False,False,False,-99381,-32909.79956569603,False,False,False,False,58616.07522491874,False,False,False,False
2023-03-15 00:00:00+00:00,45.16,45.62,43.97,44.72,72711,,,,,,,,,,,,,,,,,,,,,,,,,47.34202932417847,"rgba(239, 83, 80, 1.0)",0.0,0.0,1.9041030330211528,46.60470386383017,-0.7587319797174659,0.0,0.0,0.0,0.0,35.162258287951296,-9.641837787943928,False,True,False,True,False,0.0,0,0.9657708406681531,0.9993229397055237,False,False,False,False,-0.14447515503192604,-0.07370164265990932,False,False,False,False,-172092,-38367.92507292364,False,False,False,False,59168.817372961144,False,False,False,False
2023-03-16 00:00:00+00:00,45.68,46.07,44.61,44.86,40017,,,,,,,,,,,,,,,,,,,,,,,,,47.291660019575495,"rgba(239, 83, 80, 1.0)",0.0,0.0,1.8180958061555377,46.594780789580774,-0.5031532367456081,0.0,0.0,0.0,0.0,36.57723129537692,-9.641837787943928,False,True,False,True,False,0.0,0,0.9709292617095111,1.0198106075556594,False,False,False,False,-0.08109907477437008,-0.0774003587171397,False,False,False,False,-132075,-42042.71232496585,False,False,False,False,58417.76571127639,False,False,False,False
2023-03-17 00:00:00+00:00,44.65,45.6,44.6,45.53,69483,,,,,,,,,,,,,,,,,,,,,,,,,47.18802583691667,"rgba(239, 83, 80, 1.0)",0.0,0.0,1.7601781236644838,46.57224634296434,-1.0920748969214842,0.0,0.0,0.0,0.0,35.0642212571736,-9.641837787943928,False,True,False,True,False,0.0,0,0.952999978808364,1.0265652293691854,False,False,False,False,-0.10889800254150357,-0.09314918062932163,False,False,False,False,-201558,-48298.21380241816,False,False,False,False,58851.69646769692,False,False,False,False
2023-03-20 00:00:00+00:00,45.11,45.33,44.6,44.85,84286,,,,,,,,,,,,,,,,,,,,,,,,,47.07722501822036,"rgba(239, 83, 80, 1.0)",0.0,0.0,1.7044416485563036,46.547044161384406,-0.8431172534428573,0.0,0.0,0.0,0.0,35.9615360537249,-9.641837787943928,False,True,False,True,False,0.0,0,0.9810152372014915,1.0187532413009657,False,False,False,False,-0.12460614777462933,-0.10887766420197548,False,False,False,False,-117272,-51003.06816310765,False,False,False,False,59849.12013563038,False,False,False,False
2023-03-21 00:00:00+00:00,46.65,46.89,45.72,45.72,82322,,,,,,,,,,,,,,,,,,,,,,,,,47.04606996820044,"rgba(239, 83, 80, 0.75)",0.0,0.0,1.6033093590760639,46.542272878495076,0.06719047755512508,0.0,0.0,0.0,0.0,41.46758432574018,-14.051021896119963,False,True,False,True,True,0.0,0,1.0576152956014093,0.9683887870395652,False,False,False,False,-0.029946389712691195,-0.06941202695733334,False,False,False,False,-34950,-50373.5360782799,False,False,False,False,60730.409542076246,False,False,False,False
2023-03-22 00:00:00+00:00,46.14,47.22,46.06,46.73,34171,,,,,,,,,,,,,,,,,,,,,,,,,47.03501777331772,"rgba(239, 83, 80, 0.75)",0.0,0.0,1.4822559261580406,46.54065767933738,-0.270302632809079,0.0,0.0,0.0,0.0,43.75047531501767,-11.99726309649003,False,True,False,True,True,0.0,0,1.022506126216306,0.9534440060579668,False,False,False,False,0.0007220935451521649,-0.034344966706090586,False,False,False,False,-69121,-51108.730741876774,False,False,False,False,59688.86406983796,False,False,False,False
2023-03-23 00:00:00+00:00,45.87,46.55,45.65,46.29,45314,,,,,,,,,,,,,,,,,,,,,,,,,47.009774851310766,"rgba(239, 83, 80, 0.75)",0.0,0.0,1.4131346154706717,46.5353482815312,-0.47083149350891434,0.0,0.0,0.0,0.0,44.5611844831451,-11.253573201531033,False,True,False,True,True,0.0,0,1.010488009522137,0.9662595042504896,False,False,False,False,-0.12179874452737209,-0.07807185561673134,False,False,False,False,-114435,-53592.11385003847,False,False,False,False,59125.143910236475,False,False,False,False
2023-03-24 00:00:00+00:00,46.14,46.52,45.55,45.55,54311,,,,,,,,,,,,,,,,,,,,,,,,,46.98248655464446,"rgba(239, 83, 80, 0.75)",0.0,0.0,1.3592022037322606,46.5295542358992,-0.2866050649634857,0.0,0.0,0.0,0.0,45.93270300978335,-9.881368000571932,False,True,False,True,True,0.0,0,1.0022095360301675,0.9802778450640601,False,False,False,False,-0.13236770560610042,-0.10521978061141588,False,False,False,False,-60124,-53848.26624807618,False,False,False,False,58936.3539529723,False,False,False,False
2023-03-27 00:00:00+00:00,45.85,46.75,45.28,46.75,76818,,,,,,,,,,,,,,,,,,,,,,,,,46.94214939098678,"rgba(239, 83, 80, 0.75)",0.0,0.0,1.3354502159493937,46.520353513301046,-0.501968179191524,0.0,0.0,0.0,0.0,46.005073824153285,-9.653049257722365,False,True,False,True,True,0.0,1,0.9910061449906659,0.9752871551545322,False,False,False,False,-0.13562550924759645,-0.12042264492950616,False,False,False,False,-136942,-57106.84404226927,False,False,False,False,59637.59497442437,False,False,False,False
2023-03-28 00:00:00+00:00,44.05,45.95,43.6036,45.42,140055,,,,,,,,,,,,,,,,,,,,,,,,,46.78059976029364,"rgba(239, 83, 80, 1.0)",0.0,0.0,1.352951221962201,46.4749392381521,-1.7923330854716168,0.0,0.0,0.0,0.0,42.02885896174283,-9.653049257722365,False,True,False,True,False,0.0,1,0.9517813657348688,1.003250088782913,False,False,False,False,-0.34282825441539394,-0.23162544967245005,False,False,False,False,-276997,-65729.98741316068,False,False,False,False,62791.21870091753,False,False,False,False
2023-03-29 00:00:00+00:00,44.22,44.55,43.82,44.22,131860,,,,,,,,,,,,,,,,,,,,,,,,,46.62706369142465,"rgba(239, 83, 80, 1.0)",0.0,0.0,1.3392402982947391,46.428396740715506,-1.6489921513917025,0.0,0.0,0.0,0.0,39.95948476363825,-4.257307756299625,False,True,False,True,False,0.0,1,0.9628799394534132,1.0249337771706017,False,False,False,False,-0.34282825441539394,-0.287226852043922,False,False,False,False,-145137,-68843.98790676222,False,False,False,False,65499.79835970508,False,False,False,False
2023-03-30 00:00:00+00:00,36.24,40.4,35.56,39.6,643676,,,,,,,,,,,,,,,,,,,,,,,,,44.55244634014855,"rgba(239, 83, 80, 1.0)",0.0,0.0,1.7894478790151223,45.26592041028614,-5.043969436681125,0.0,0.0,0.0,0.0,31.685727668465145,-11.96111834450501,False,True,False,True,False,0.0,0,0.8947409205972001,1.022458140322479,False,False,False,False,-0.34282825441539394,-0.315027553229658,False,False,False,False,-788813,-97078.0668123794,False,False,False,False,88173.37489461861,False,False,False,False
2023-03-31 00:00:00+00:00,38.47,38.52,36.0701,36.54,262290,,,,,,,,,,,,,,,,,,,,,,,,,43.97620383428552,"rgba(239, 83, 80, 1.0)",0.0,0.0,2.008890841836466,45.0331505067531,-3.2670518328179914,0.0,0.0,0.0,0.0,30.43370988575061,-12.889481626238805,False,True,False,True,False,0.0,0,0.9058614965637168,1.0449191948110923,False,False,False,False,-0.34282825441539394,-0.32892790382252596,False,False,False,False,-526523,-113919.04458444295,False,False,False,False,95001.47783992768,False,False,False,False
2023-04-03 00:00:00+00:00,38.65,39.24,38.04,38.43,227059,,,,,,,,,,,,,,,,,,,,,,,,,43.614981254858186,"rgba(239, 83, 80, 1.0)",0.0,0.0,2.1892932176373283,44.87921209235372,-2.8453073540675593,0.0,0.0,0.0,0.0,29.916301885216267,-13.324479125714511,False,True,False,True,False,0.0,0,0.9294769529001291,1.0318649319070916,False,False,False,False,-0.2593005750993042,-0.2941142394609151,False,False,False,False,-299464,-121195.31734583735,False,False,False,False,100180.2041991462,False,False,False,False
2023-04-04 00:00:00+00:00,38.05,38.7299,37.61,38.72,234328,,,,,,,,,,,,,,,,,,,,,,,,,43.2566105757841,"rgba(239, 83, 80, 1.0)",0.0,0.0,2.380088218517949,44.71037079169011,-2.79837139643397,0.0,0.0,0.0,0.0,29.126704303337647,-14.178803477508893,False,True,False,True,False,0.0,0,0.9239757946720456,1.0376309383042357,False,False,False,False,-0.2880380593887949,-0.291076149424855,False,False,False,False,-533792,-137375.57941070647,False,False,False,False,105440.90207368949,False,False,False,False
2023-04-05 00:00:00+00:00,37.8,38.35,37.79,37.82,91684,,,,,,,,,,,,,,,,,,,,,,,,,43.1250831125489,"rgba(239, 83, 80, 1.0)",0.0,0.0,2.564331688570928,44.645154236951306,-2.6693716212531124,0.0,0.0,0.0,0.0,28.40994691125595,-15.066738349890656,False,True,False,True,False,0.0,0,0.9259903919793916,1.0433753394137717,False,False,False,False,-0.2942073571393346,-0.2926417532820948,False,False,False,False,-625476,-156516.7723749925,False,False,False,False,104901.41571785853,False,False,False,False
2023-04-06 00:00:00+00:00,38.11,38.52,37.67,37.84,88890,,,,,,,,,,,,,,,,,,,,,,,,,43.00650807468134,"rgba(239, 83, 80, 1.0)",0.0,0.0,2.7196963463254926,44.584886593229,-2.380738791658504,0.0,0.0,0.0,0.0,28.60146681775507,-15.159334888582023,False,True,False,True,False,0.0,0,0.9277820254396332,1.0389935358309585,False,False,False,False,-0.29266223516813444,-0.2926519942251146,False,False,False,False,-536586,-171421.44796813006,False,False,False,False,104273.51706225623,False,False,False,False
2023-04-10 00:00:00+00:00,38.58,38.77,37.92,37.92,108806,,,,,,,,,,,,,,,,,,,,,,,,,42.87784611244601,"rgba(239, 83, 80, 1.0)",0.0,0.0,2.844401943188486,44.51763277303498,-2.0874802125817293,0.0,0.0,0.0,0.0,29.767161245325184,-15.159334888582023,False,True,False,True,False,0.0,0,0.9290636964845114,1.040863209189001,False,False,False,False,-0.277284191395895,-0.28496809281050484,False,False,False,False,-427780,-181474.72451839945,False,False,False,False,104451.26149118735,False,False,False,False
2023-04-11 00:00:00+00:00,38.38,39.45,38.38,38.59,127251,,,,,,,,,,,,,,,,,,,,,,,,,42.746206484941744,"rgba(239, 83, 80, 1.0)",0.0,0.0,2.963258785632914,44.446281681611744,-2.0471656782133056,0.0,0.0,0.0,0.0,30.32909365597552,-15.159334888582023,False,True,False,True,False,0.0,0,0.934693594281352,1.0307446734679715,False,False,False,False,-0.24268289566685233,-0.26382549423867857,False,False,False,False,-555031,-196123.99022356025,False,False,False,False,105345.36888368982,False,False,False,False
2023-04-12 00:00:00+00:00,38.63,39.1125,37.98,38.72,86438,,,,,,,,,,,,,,,,,,,,,,,,,42.65802512700231,"rgba(239, 83, 80, 1.0)",0.0,0.0,3.0592662842907643,44.39716483849457,-1.885146405237352,0.0,0.0,0.0,0.0,31.318602175943163,-15.159334888582023,False,True,False,True,False,0.0,0,0.9322280294901529,1.0338167595444951,False,False,False,False,-0.2649974276686338,-0.2644114609536562,False,False,False,False,-468593,-206809.04943047947,False,False,False,False,104603.90343727062,False,False,False,False
2023-04-13 00:00:00+00:00,39.97,40.04,38.67,38.67,94194,,,,,,,,,,,,,,,,,,,,,,,,,42.588275443270376,"rgba(239, 83, 80, 0.75)",0.0,0.0,3.1194770698290464,44.356225057376186,-1.406077031243112,0.0,0.0,0.0,0.0,35.02299123312327,-20.30362881276959,False,True,False,True,True,0.0,0,0.937550015560397,1.0356346974614328,False,False,False,False,-0.21636158612496184,-0.240386523539309,False,False,False,False,-374399,-213381.20435477438,False,False,False,False,104195.67192992668,False,False,False,False
2023-04-14 00:00:00+00:00,39.37,40.4,39.07,39.87,60028,,,,,,,,,,,,,,,,,,,,,,,,,42.54619507506673,"rgba(239, 83, 80, 0.75)",0.0,0.0,3.1870224065449944,44.0748412490568,-1.4762498184495845,0.0,0.0,0.0,0.0,36.59888898732896,-18.682493291243883,False,True,False,True,True,0.0,0,0.9308227554741468,1.0448849326237373,False,False,False,False,-0.19386600095785958,-0.21712626224858428,False,False,False,False,-434427,-222049.66692909697,False,False,False,False,102463.60636404721,False,False,False,False
2023-04-17 00:00:00+00:00,38.8,39.75,38.77,39.46,92662,,,,,,,,,,,,,,,,,,,,,,,,,42.472698512359514,"rgba(239, 83, 80, 0.75)",0.0,0.0,3.268050563636755,44.01635862754498,-1.5961682740122942,0.0,0.0,0.0,0.0,36.82877700100051,-18.29364243255682,False,True,False,True,True,0.0,0,0.9119152129268129,1.0689021913294667,False,False,False,False,-0.22201847743253242,-0.21957236984055833,False,False,False,False,-527089,-234011.9937161912,False,False,False,False,102079.22964388851,False,False,False,False
2023-04-18 00:00:00+00:00,38.73,39.25,38.6263,38.95,97821,,,,,,,,,,,,,,,,,,,,,,,,,42.39319483450425,"rgba(239, 83, 80, 0.75)",0.0,0.0,3.345994528893826,43.9605115506546,-1.5632158108709737,0.0,0.0,0.0,0.0,36.878897834131756,-17.99501804221581,False,True,False,True,True,0.0,0,0.9011426127944789,1.0763588682124072,False,False,False,False,-0.24129008948646957,-0.23043122966351395,False,False,False,False,-624910,-249341.32729594843,False,False,False,False,101912.24024608897,False,False,False,False
2023-04-19 00:00:00+00:00,38.11,38.68,37.83,38.68,56058,,,,,,,,,,,,,,,,,,,,,,,,,42.34092944055298,"rgba(239, 83, 80, 0.75)",0.0,0.0,3.4293512479741723,43.92111142328004,-1.6945220839401762,0.0,0.0,0.0,0.0,35.9903296877378,-17.99501804221581,False,True,False,True,True,0.0,0,0.8868441977602121,1.0839956017883026,False,False,False,False,-0.28280521586286683,-0.2566182227631904,False,False,False,False,-680968,-266267.863480421,False,False,False,False,100114.03474624235,False,False,False,False
2023-04-20 00:00:00+00:00,37.94,38.18,37.66,37.98,45828,,,,,,,,,,,,,,,,,,,,,,,,,42.29633283792779,"rgba(239, 83, 80, 0.75)",0.0,0.0,3.516832819609302,43.887935351097994,-1.6912761158088754,0.0,0.0,0.0,0.0,35.14634524581278,-17.99501804221581,False,True,False,True,True,0.0,0,0.8866678320112451,1.0972966413517224,False,False,False,False,-0.3035071163552427,-0.28006266955921655,False,False,False,False,-726796,-284327.79040275747,False,False,False,False,97985.17063854658,False,False,False,False
2023-04-21 00:00:00+00:00,37.7,37.97,37.505,37.9,51172,,,,,,,,,,,,,,,,,,,,,,,,,42.24533918738918,"rgba(239, 83, 80, 1.0)",0.0,0.0,3.5893431957081803,43.850609726214685,-1.7135752673550522,0.0,0.0,0.0,0.0,34.21423829462515,-17.99501804221581,False,True,False,True,False,0.0,0,0.8745729559996669,1.105326556179767,False,False,False,False,-0.31489110012166044,-0.2974768848404385,False,False,False,False,-777968,-303686.22999480617,False,False,False,False,96149.36002527025,False,False,False,False
2023-04-24 00:00:00+00:00,36.97,37.8,36.93,37.58,61165,,,,,,,,,,,,,,,,,,,,,,,,,42.17939097585034,"rgba(239, 83, 80, 1.0)",0.0,0.0,3.6763874355917134,43.80193607527669,-1.8583286432587582,0.0,0.0,0.0,0.0,32.51691133217997,-17.99501804221581,False,True,False,True,False,0.0,0,0.880328113618163,1.1183145492962208,False,False,False,False,-0.3383780626396575,-0.317927473740048,False,False,False,False,-839133,-324684.14254402946,False,False,False,False,94777.42433800474,False,False,False,False
2023-04-25 00:00:00+00:00,36.27,37.07,36.0,36.91,89746,,,,,,,,,,,,,,,,,,,,,,,,,42.07080847591113,"rgba(239, 83, 80, 1.0)",0.0,0.0,3.793937610793651,43.721329338767035,-1.9640094548650984,0.0,0.0,0.0,0.0,30.46099984934268,-15.453891417402446,False,True,False,True,False,0.0,0,0.8697253886714708,1.0987066185544274,False,False,False,False,-0.34282825441539394,-0.33037786407772096,False,False,False,False,-928879,-348378.058522695,False,False,False,False,94580.11357965162,False,False,False,False
2023-04-26 00:00:00+00:00,36.11,36.32,35.6,36.0,105063,,,,,,,,,,,,,,,,,,,,,,,,,41.93933460927598,"rgba(239, 83, 80, 1.0)",0.0,0.0,3.913372030442377,43.62614932524789,-1.9206324537455859,0.0,0.0,0.0,0.0,28.88502895365251,-17.027068023112264,False,True,False,True,False,0.0,0,0.8563619100741736,1.11925390489863,False,False,False,False,-0.34282825441539394,-0.3366030592465574,False,False,False,False,-1033942,-375262.9189727854,False,False,False,False,94991.20716476333,False,False,False,False
2023-04-27 00:00:00+00:00,36.0,36.76,35.91,36.03,95094,,,,,,,,,,,,,,,,,,,,,,,,,41.82926684723162,"rgba(239, 83, 80, 1.0)",0.0,0.0,4.0295153487666475,43.54939829077814,-1.873525135743399,0.0,0.0,0.0,0.0,27.685342441514702,-18.238393041842098,False,True,False,True,False,0.0,0,0.8548502363561518,1.1157678399542132,False,False,False,False,-0.32154447759036914,-0.32907376841846325,False,False,False,False,-1129036,-404822.64764051937,False,False,False,False,94995.23825634124,False,False,False,False
2023-04-28 00:00:00+00:00,36.72,37.155,36.08,36.08,96757,,,,,,,,,,,,,,,,,,,,,,,,,41.72977240145568,"rgba(239, 83, 80, 0.75)",0.0,0.0,4.121170641875863,43.48195604857138,-1.6407852613192182,0.0,0.0,0.0,0.0,29.654734834592354,-18.238393041842098,False,True,False,True,True,0.0,0,0.8579768015848268,1.1205374387423153,False,False,False,False,-0.30569563009861495,-0.31738469925853907,False,False,False,False,-1032279,-429428.77910559706,False,False,False,False,95064.32695217099,False,False,False,False
2023-05-01 00:00:00+00:00,36.46,36.69,35.89,36.66,88009,,,,,,,,,,,,,,,,,,,,,,,,,41.63729779301361,"rgba(239, 83, 80, 0.75)",0.0,0.0,4.213457962291786,43.41862917703689,-1.6515245290953253,0.0,0.0,0.0,0.0,30.494001295558363,-18.238393041842098,False,True,False,True,True,0.0,0,0.8382640392632327,1.1379905741823175,False,False,False,False,-0.3240833686616484,-0.3207340339600937,False,False,False,False,-1120288,-456521.2975720443,False,False,False,False,94787.64746385056,False,False,False,False
2023-05-02 00:00:00+00:00,35.41,36.3,35.196,36.3,105828,,,,,,,,,,,,,,,,,,,,,,,,,41.51582562627697,"rgba(239, 83, 80, 0.75)",0.0,0.0,4.324269349312721,43.33405275745286,-1.832460496178915,0.0,0.0,0.0,0.0,29.35712753995876,-18.238393041842098,False,True,False,True,True,0.0,0,0.8198801291206594,1.1378844341878145,False,False,False,False,-0.34282825441539394,-0.33178114418774385,False,False,False,False,-1226116,-486701.48198098375,False,False,False,False,95220.6024652682,False,False,False,False
2023-05-03 00:00:00+00:00,35.89,36.53,35.42,35.51,87175,,,,,,,,,,,,,,,,,,,,,,,,,41.424501886029965,"rgba(239, 83, 80, 0.75)",0.0,0.0,4.412015706521754,43.27095928810728,-1.672922260271397,0.0,0.0,0.0,0.0,30.39010647600099,-18.238393041842098,False,True,False,True,True,0.0,0,0.8290545941675972,1.1318407608601762,False,False,False,False,-0.3297714454363778,-0.33077629481206083,False,False,False,False,-1138941,-512279.50229545496,False,False,False,False,94905.08864310081,False,False,False,False
2023-05-04 00:00:00+00:00,34.98,35.875,34.6,35.6,115341,,,,,,,,,,,,,,,,,,,,,,,,,41.291294628321445,"rgba(239, 83, 80, 0.75)",0.0,0.0,4.523084385721808,42.72064838641039,-1.711365016944099,0.0,0.0,0.0,0.0,29.637789474249004,-18.238393041842098,False,True,False,True,True,0.0,0,0.8197494517379157,1.145544411995832,True,False,False,False,-0.34282825441539394,-0.33680227461372736,False,False,False,False,-1254282,-541377.6394603391,False,False,False,False,95706.49693160667,True,False,False,False
2023-05-05 00:00:00+00:00,35.62,35.72,34.94,35.4,66589,,,,,,,,,,,,,,,,,,,,,,,,,41.220266352430144,"rgba(239, 83, 80, 0.75)",0.0,0.0,4.6126955750914815,42.67728807508765,-1.5299704825952427,0.0,0.0,0.0,0.0,31.374074464737916,-18.238393041842098,False,True,False,True,True,0.0,0,0.8246096213696653,1.1382152440293398,False,False,False,False,-0.3373275781793909,-0.33706492639655916,False,False,False,False,-1187693,-566723.3398736591,False,False,False,False,94564.63430683778,False,False,False,False
2023-05-08 00:00:00+00:00,35.25,35.84,34.86,35.68,79967,,,,,,,,,,,,,,,,,,,,,,,,,41.13563234360961,"rgba(239, 83, 80, 0.75)",0.0,0.0,4.704770908056775,42.620388735072915,-1.5665776036940189,0.0,0.0,0.0,0.0,31.88025260953914,-21.960646993979775,False,True,False,True,True,0.0,0,0.8335862715840198,1.1267610792527465,False,False,False,False,-0.336140835178813,-0.3366028807876861,False,False,False,False,-1267660,-594211.0520354763,False,False,False,False,93992.1780595108,False,False,False,False
2023-05-09 00:00:00+00:00,35.2,35.36,34.945,35.24,78812,,,,,,,,,,,,,,,,,,,,,,,,,41.05249537581491,"rgba(239, 83, 80, 0.75)",0.0,0.0,4.791235252337681,42.56207183134627,-1.5365707262556683,0.0,0.0,0.0,0.0,32.127067927043484,-21.570717912810938,False,True,False,True,True,0.0,0,0.8345186503699707,1.1371338856377693,False,False,False,False,-0.34282825441539394,-0.33971556760154,False,False,False,False,-1346472,-623711.4813674184,False,False,False,False,93396.87695913784,False,False,False,False
2023-05-10 00:00:00+00:00,35.69,35.89,35.1595,35.43,77284,,,,,,,,,,,,,,,,,,,,,,,,,40.97873568352722,"rgba(239, 83, 80, 0.75)",0.0,0.0,4.862970589563033,42.51440620806214,-1.4033410407023164,0.0,0.0,0.0,0.0,34.12932599971235,-19.533213848101514,False,True,False,True,True,0.0,0,0.8389604945012089,1.1241452824792657,False,False,False,False,-0.3209577625132132,-0.3303366650573766,False,False,False,False,-1269188,-649024.2860196765,False,False,False,False,92764.99943132851,False,False,False,False
2023-05-11 00:00:00+00:00,35.48,35.64,35.09,35.5,49402,,,,,,,,,,,,,,,,,,,,,,,,,40.93111166643871,"rgba(239, 83, 80, 0.5)",0.0,0.0,4.9353797666888335,42.481964743053645,-1.4187286640661687,0.0,0.0,0.0,0.0,34.99205733992306,-18.616163184885366,False,False,False,True,True,0.0,0,0.8345615882087533,1.1291465862797283,False,False,False,False,-0.3303059793067947,-0.33032132218208565,False,False,False,False,-1318590,-675281.7649992971,False,False,False,False,91064.48964970779,False,False,False,False
2023-05-12 00:00:00+00:00,35.72,35.8823,35.51,35.56,48532,,,,,,,,,,,,,,,,,,,,,,,,,40.88761481579343,"rgba(239, 83, 80, 0.5)",0.0,0.0,4.997304451780367,42.453619870967415,-1.347450397697595,0.0,0.0,0.0,0.0,36.508190113458326,-17.088424709146253,False,False,False,True,True,0.0,0,0.8401538229877336,1.1295266997721443,False,False,False,False,-0.3109877358310662,-0.32065452900657593,False,False,False,False,-1270058,-698606.3232346188,False,False,False,False,89396.548879131,False,False,False,False
2023-05-15 00:00:00+00:00,36.3,36.365,35.79,35.79,51699,,,,,,,,,,,,,,,,,,,,,,,,,40.84600149631029,"rgba(239, 83, 80, 0.5)",0.0,0.0,5.044492753006513,42.428301379409255,-1.2148498728156158,0.0,0.0,0.0,0.0,39.65544013313412,-14.09548004172953,True,False,False,True,True,0.0,0,0.8378446631621619,1.121847441069162,False,False,False,False,-0.2890153407467607,-0.30483493487666835,False,False,False,False,-1218359,-718988.7811469868,False,False,False,False,87918.21362896901,False,False,False,False
2023-05-16 00:00:00+00:00,36.34,36.595,36.0,36.27,64459,,,,,,,,,,,,,,,,,,,,,,,,,40.79686451774637,"rgba(239, 83, 80, 0.5)",0.0,0.0,5.089958894681729,42.39840989424928,-1.1902669588509727,0.0,0.0,0.0,0.0,41.8973472834587,-12.04336275481014,True,False,False,True,True,0.0,0,0.8423887454878769,1.1167892717491845,False,False,False,False,-0.2764631762511889,-0.2906490555639286,False,False,False,False,-1153900,-736044.1230627912,False,False,False,False,86998.24446704866,False,False,False,False
2023-05-17 00:00:00+00:00,36.92,37.05,36.33,36.39,64661,,,,,,,,,,,,,,,,,,,,,,,,,40.753524956155395,#000000,0.0,0.0,5.1233313099693065,42.37359233231573,-1.0644621638471397,0.0,0.0,0.0,0.0,45.40957465000691,-8.846155350664858,True,False,False,False,True,0.0,0,0.8467540168770468,1.1052733275366373,False,False,False,False,-0.2542755281789988,-0.2724622918714637,False,False,False,False,-1089239,-749894.9025505248,False,False,False,False,86122.27409579186,False,False,False,False
2023-05-18 00:00:00+00:00,37.06,37.1,36.47,36.81,41026,,,,,,,,,,,,,,,,,,,,,,,,,40.72725243761214,#000000,0.0,0.0,5.140072572839236,42.35833568269317,-1.0307900535666008,0.0,0.0,0.0,0.0,48.21246807038954,-6.377385522519717,True,False,False,False,True,0.0,0,0.8498928046149549,1.1142632126305445,False,False,False,False,-0.24642753190289707,-0.2594449118871804,False,False,False,False,-1048213,-761593.6514701121,False,False,False,False,84353.79275870198,False,False,False,False
2023-05-19 00:00:00+00:00,36.76,37.43,36.655,37.43,47881,,,,,,,,,,,,,,,,,,,,,,,,,40.69759920423078,#000000,0.0,0.0,5.147741129732424,42.3408560206779,-1.0841368825724125,0.0,0.0,0.0,0.0,48.92949098152337,-5.824648859897813,True,False,False,False,True,0.0,0,0.8573467685610248,1.1035782821262197,False,False,False,False,-0.22514083802527055,-0.24229287495622548,False,False,False,False,-1096094,-774711.3121967744,False,False,False,False,82923.48716032151,False,False,False,False
2023-05-22 00:00:00+00:00,37.14,37.26,36.62,36.77,43620,,,,,,,,,,,,,,,,,,,,,,,,,40.671401126782904,"rgba(38, 166, 154, 1.0)",0.0,0.0,5.137977279292176,42.32514516368421,-1.009180243864086,0.0,0.0,0.0,0.0,50.765862791097476,-4.123336266993135,True,False,True,False,True,0.0,0,0.8766609315727285,1.0950090863235282,False,False,False,False,-0.23134201192264237,-0.23681744343943392,False,False,False,False,-1052474,-785603.9666204304,False,False,False,False,81382.17393834812,False,False,False,False
2023-05-23 00:00:00+00:00,37.66,37.76,36.88,37.02,58114,,,,,,,,,,,,,,,,,,,,,,,,,40.64106733026035,"rgba(38, 166, 154, 1.0)",0.0,0.0,5.105691930589841,42.30809928907815,-0.9103759788619241,0.0,0.0,0.0,0.0,53.66050323834951,-1.4278958947522398,True,False,True,False,True,0.0,0,0.8883488087077542,1.0662983042867133,False,False,False,False,-0.20843597781159437,-0.22262671062551415,False,False,False,False,-994360,-793790.4777333547,False,False,False,False,80469.69652900114,False,False,False,False
2023-05-24 00:00:00+00:00,37.82,38.32,37.425,37.51,57373,,,,,,,,,,,,,,,,,,,,,,,,,40.61553672261798,"rgba(38, 166, 154, 1.0)",0.0,0.0,5.074444866456116,41.989327385682756,-0.821632217002394,0.0,0.0,0.0,0.0,56.07538494961828,0.788756708850336,True,False,True,False,True,0.0,0,0.8952915244645807,1.0682046033304107,False,False,False,False,-0.17550585642751626,-0.1990662835265152,False,False,False,False,-936987,-799406.0276261643,False,False,False,False,79563.94372394228,False,False,False,False
2023-05-25 00:00:00+00:00,37.61,37.78,37.25,37.72,43405,,,,,,,,,,,,,,,,,,,,,,,,,40.59440768072425,"rgba(38, 166, 154, 1.0)",0.0,0.0,5.029064219009244,41.97068846053349,-0.8670973904152234,0.0,0.0,0.0,0.0,56.68516060994469,1.356909412736016,True,False,True,False,True,0.0,0,0.9116142285960459,1.0629292450982835,False,False,False,False,-0.19676618108156438,-0.1979162323040398,False,False,False,False,-980392,-806503.5167388637,False,False,False,False,78145.94593084652,False,False,False,False
2023-05-26 00:00:00+00:00,37.27,38.1392,37.24,37.58,78195,,,,,,,,,,,,,,,,,,,,,,,,,40.55710605296633,"rgba(38, 166, 154, 1.0)",0.0,0.0,4.976127978424369,41.9449049105218,-0.9394663744162883,0.0,0.0,0.0,0.0,55.53481081326496,1.356909412736016,True,False,True,False,True,0.0,0,0.8990351246282372,1.0651965173860976,False,False,False,False,-0.18636202562416415,-0.19213912896410196,False,False,False,False,-1058587,-816389.143533418,False,False,False,False,78147.86961983294,False,False,False,False
2023-05-30 00:00:00+00:00,36.45,37.7,36.28,37.36,74032,,,,,,,,,,,,,,,,,,,,,,,,,40.51414103986906,"rgba(38, 166, 154, 0.75)",0.0,0.0,4.969070524139703,41.903341935971454,-1.0974571420307202,0.0,0.0,0.0,0.0,51.64009393549992,1.356909412736016,True,False,True,False,False,0.0,0,0.884099983200306,1.0656796548556478,False,False,False,False,-0.22831489315788442,-0.21022701106099317,False,False,False,False,-1132619,-828790.3143752448,False,False,False,False,77986.46296807479,False,False,False,False
2023-05-31 00:00:00+00:00,36.92,37.09,36.34,36.45,110287,,,,,,,,,,,,,,,,,,,,,,,,,40.45148384439874,#000000,0.0,0.0,4.945713594109055,41.85023170021607,-0.9968696339570843,0.0,0.0,0.0,0.0,50.915616709887516,6.402072668840383,True,False,False,False,False,0.0,0,0.8852133334762584,1.0717305005591942,False,False,False,False,-0.2450166034635903,-0.22762180726229175,False,False,False,False,-1022332,-836380.184399745,False,False,False,False,79253.15069481696,False,False,False,False
2023-06-01 00:00:00+00:00,36.97,37.175,36.795,36.94,40361,,,,,,,,,,,,,,,,,,,,,,,,,40.43027779617016,#000000,0.0,0.0,4.903388506619376,41.834307843724254,-0.9920298661135327,0.0,0.0,0.0,0.0,50.62750438885158,5.999724245559193,True,False,False,False,False,0.0,0,0.8812608340326973,1.0974833893435263,False,False,False,False,-0.2286174191445069,-0.22811961320339932,False,False,False,False,-981971,-842089.6281487745,False,False,False,False,77727.96831462806,False,False,False,False
2023-06-02 00:00:00+00:00,37.95,37.96,37.23,37.28,92074,,,,,,,,,,37.71333333333333,,,,,,,,,,,,,,,40.39293643363536,"rgba(38, 166, 154, 0.75)",0.0,0.0,4.84651960196721,41.81485522149198,-0.7974496213578148,0.0,0.0,0.0,0.0,53.75923021699694,5.999724245559193,True,False,True,False,False,0.0,0,0.8778568986497167,1.0866673774065592,False,False,False,False,-0.1848233417483914,-0.20647147747589537,False,False,False,False,-889897,-843964.4270449011,False,False,False,False,78290.55779248578,False,False,False,False
2023-06-05 00:00:00+00:00,36.63,37.65,36.56,37.65,59100,,,,,,,,,,37.41361248186416,,,,,,,,,,,,,,,40.36279980557939,#000000,0.0,0.0,4.782271588852907,41.791280916077895,-1.0792529910071245,0.0,0.0,0.0,0.0,51.2800112467485,5.999724245559193,True,False,False,False,False,0.0,0,0.8687456051182839,1.0738704470847131,False,False,False,False,-0.21483016907326125,-0.2106508232745783,False,False,False,False,-948997,-848083.3514745128,False,False,False,False,77537.9868986628,False,False,False,False
2023-06-06 00:00:00+00:00,37.0,37.23,36.49,36.5,108839,,,,,,,,,,37.20140972438558,,,,,,,,,,,,,,,40.308023263151014,#000000,0.0,0.0,4.717768990979996,41.748224093367234,-1.0064554034853055,0.0,0.0,0.0,0.0,50.80372199990138,5.999724245559193,True,False,False,False,False,0.0,0,0.8687421565435008,1.0813158347267093,False,False,False,False,-0.2302369297367079,-0.2204438765056431,False,False,False,False,-840158,-847772.5533774731,False,False,False,False,78765.47760851916,False,False,False,False
2023-06-07 00:00:00+00:00,37.0,37.73,36.77,37.18,91003,,,,,,,,,,37.192402378619015,,,,,,,,,,,,,,,40.26693903171608,#000000,0.0,0.0,4.629793741635825,41.71783855653298,-1.019017005899284,0.0,0.0,0.0,0.0,50.48619583533663,5.74765500710145,True,False,False,False,False,0.0,1,0.877662344377269,1.077095805618853,False,False,False,False,-0.18835734944616286,-0.20440061297590298,False,False,False,False,-840158,-847473.9434411017,False,False,False,False,79245.38044740076,False,False,False,False
2023-06-08 00:00:00+00:00,36.5,37.37,36.49,37.02,47840,,,,,,,,,,37.14373720507317,,,,,,,,,,,,,,,40.243174409013484,#000000,0.0,0.0,4.557149587226705,41.698597316209515,-1.1407563470772897,0.0,0.0,0.0,0.0,48.66134481489081,3.814568316066385,True,False,False,False,False,0.0,1,0.900761098563213,1.0708903524588609,False,False,False,False,-0.2028565322404048,-0.2036285726081539,False,False,False,False,-887998,-849063.122129686,False,False,False,False,78013.79690044386,False,False,False,False
2023-06-09 00:00:00+00:00,35.71,36.57,35.62,36.57,36635,,,,,,,,,,37.04471798498706,,,,,,,,,,,,,,,40.22092866436384,"rgba(239, 83, 80, 0.5)",0.0,0.0,4.503178629120317,41.67855764427672,-1.3254099239324784,0.0,0.0,0.0,0.0,45.27873437493986,0.4955333220583782,True,False,False,True,False,0.0,1,0.8806396129056645,1.0592549190088267,False,False,False,False,-0.19675559659860747,-0.20019208460338067,False,False,False,False,-924633,-852026.6467520512,False,False,False,False,76391.09898277941,False,False,False,False
2023-06-12 00:00:00+00:00,35.19,35.64,35.0,35.64,67810,,,,,,,,,,36.80650753061621,,,,,,,,,,,,,,,40.17377720480187,"rgba(239, 83, 80, 0.5)",0.0,0.0,4.449134557001674,41.63416272202375,-1.448408143080877,0.0,0.0,0.0,0.0,41.80874098290473,-2.7860554206000714,False,False,False,True,False,0.0,0,0.9607402629178992,1.081522343572747,False,False,False,False,-0.3159889444756782,-0.25809051453952947,False,False,False,False,-992443,-857533.1704088335,False,False,False,False,76054.58529718021,False,False,False,False
2023-06-13 00:00:00+00:00,35.39,35.73,35.15,35.41,69360,,,,,,,,,,36.6389791633561,,,,,,,,,,,,,,,40.12788622185568,"rgba(239, 83, 80, 0.5)",0.0,0.0,4.393332589645748,41.59215928869176,-1.4117208661390839,0.0,0.0,0.0,0.0,40.33119570208573,-4.159779910297438,False,False,False,True,False,0.0,0,0.950678973521077,1.0393389204657542,False,False,False,False,-0.2970301769253169,-0.27756034573242316,False,False,False,False,-923083,-860103.7519614283,False,False,False,False,75792.05254042805,False,False,False,False
2023-06-14 00:00:00+00:00,35.2,35.59,34.3561,35.31,92469,,,,,,,,,,36.41789227213727,,,,,,,,,,,,,,,40.063303426532265,"rgba(239, 83, 80, 0.5)",0.0,0.0,4.345088236593586,41.10596892780246,-1.359228767338578,0.0,0.0,0.0,0.0,38.86434448398913,-5.585324210485325,False,False,False,True,False,0.0,0,0.8866236868347207,1.0592518726374618,True,False,False,False,-0.34282825441539394,-0.3101943000739086,False,False,False,False,-1015552,-866199.7616884311,False,False,False,False,76446.05048001911,False,False,False,False
2023-06-15 00:00:00+00:00,36.17,36.25,35.06,35.2,59814,,,,,,,,,,36.36911116854083,,,,,,,,,,,,,,,40.02874187669395,"rgba(239, 83, 80, 0.5)",0.0,0.0,4.279619171404441,41.09243259265595,-1.150203416590584,0.0,0.0,0.0,0.0,41.69707897733133,-5.585324210485325,False,False,False,True,False,0.0,0,0.9130607926169974,1.0320644762462636,False,False,False,False,-0.23998611009447013,-0.27509020508418935,False,False,False,False,-955738,-869711.06515163,False,False,False,False,75793.81320629286,False,False,False,False
2023-06-16 00:00:00+00:00,36.59,36.91,35.76,36.48,154296,,,,,,,,,,36.3780415437954,,,,,,,,,,,,,,,39.95436545941695,"rgba(239, 83, 80, 0.5)",0.0,0.0,4.184349002721541,41.0610506737642,-1.0685176286337925,0.0,0.0,0.0,0.0,44.959891200677376,-10.892449750261434,True,False,False,True,True,0.0,0,0.9261096683272004,1.0078801126513495,False,False,False,False,-0.14218602681082845,-0.20863811594750892,False,False,False,False,-801442,-867033.8469103896,False,False,False,False,78872.33033545785,False,False,False,False
2023-06-20 00:00:00+00:00,36.5,37.05,36.23,36.5,49407,,,,,,,,,,36.389495757770895,,,,,,,,,,,,,,,39.93232964070605,#000000,0.0,0.0,4.088321460007829,41.048930016914426,-1.1126644666796126,0.0,0.0,0.0,0.0,46.823985348828046,-9.154075468301308,True,False,False,False,True,0.0,0,0.9395443771699452,1.0085712130666429,False,False,False,False,-0.09928791131814707,-0.153963013632828,False,False,False,False,-850849,-866399.1470315508,False,False,False,False,77716.82718504773,False,False,False,False
2023-06-21 00:00:00+00:00,35.84,36.39,35.84,36.39,46939,,,,,,,,,,36.37187834829528,,,,,,,,,,,,,,,39.90813214573959,"rgba(239, 83, 80, 0.5)",0.0,0.0,3.986734638909551,41.0292783419596,-1.3016362542200621,0.0,0.0,0.0,0.0,45.916930133542394,-9.154075468301308,True,False,False,True,True,0.0,0,0.9220634924278771,1.026973607186228,False,False,False,False,-0.17344584294496002,-0.163704428288894,False,False,False,False,-897788,-867630.0824420783,False,False,False,False,76509.85356994782,False,False,False,False
2023-06-22 00:00:00+00:00,35.72,35.78,35.0,35.77,65516,,,,,,,,,,36.31701150348381,,,,,,,,,,,,,,,39.87037170411723,"rgba(239, 83, 80, 0.5)",0.0,0.0,3.8863081116580203,40.99370608684984,-1.3569963922906552,0.0,0.0,0.0,0.0,44.946455724077126,-9.154075468301308,True,False,False,True,True,0.0,0,0.893032948621198,1.0555028605320427,False,False,False,False,-0.2792505224435494,-0.2214774753662217,False,False,False,False,-963304,-871382.000777683,False,False,False,False,76078.72205740085,False,False,False,False
2023-06-23 00:00:00+00:00,35.12,35.86,35.06,35.47,173246,,,,,,,,,,36.17857642424852,,,,,,,,,,,,,,,39.77017235696539,"rgba(239, 83, 80, 0.5)",0.0,0.0,3.7842600666778234,40.90037082941025,-1.5274771626583268,0.0,0.0,0.0,0.0,42.57391861704164,-9.154075468301308,False,False,False,True,False,0.0,0,0.902903815473062,1.0462224351490512,False,False,False,False,-0.26880160269690095,-0.24513953903156133,False,False,False,False,-1136550,-881780.7458452248,False,False,False,False,79889.20354534591,False,False,False,False
2023-06-26 00:00:00+00:00,35.02,35.33,34.74,35.0,108042,,,,,,,,,,36.08473535313586,,,,,,,,,,,,,,,39.70558669352471,"rgba(239, 83, 80, 0.5)",0.0,0.0,3.6676055571070774,40.83939018535598,-1.5867001221216872,0.0,0.0,0.0,0.0,40.719963881973506,-3.445570524653391,False,False,False,True,False,0.0,0,0.878018710910272,1.0826248381880859,False,False,False,False,-0.33322300652909853,-0.2891812727803299,False,False,False,False,-1244592,-896008.6381650199,False,False,False,False,80993.23477886176,False,False,False,False
2023-06-27 00:00:00+00:00,35.07,35.4599,35.05,35.15,84278,,,,,,,,,,36.031326596633555,,,,,,,,,,,,,,,39.65813313016878,"rgba(239, 83, 80, 0.5)",0.0,0.0,3.5592443676247725,40.79653005372835,-1.6089173606109803,0.0,0.0,0.0,0.0,39.73040452597557,-4.533265709582622,False,False,False,True,False,0.0,0,0.8724826525545853,1.0892524552841591,False,False,False,False,-0.2948579500968205,-0.2920196114385752,False,False,False,False,-1160314,-906373.5543154114,False,False,False,False,81122.04910125934,False,False,False,False
2023-06-28 00:00:00+00:00,35.73,35.9,34.9,35.29,110490,,,,,,,,,,35.993359967144706,,,,,,,,,,,,,,,39.601719153534525,"rgba(239, 83, 80, 0.5)",0.0,0.0,3.473084450974926,40.748480276826555,-1.4449635036711608,0.0,0.0,0.0,0.0,42.09177314765626,-4.533265709582622,False,False,False,True,False,0.0,0,0.8761756055049202,1.0628200007262427,False,False,False,False,-0.26496459594113775,-0.27849210368985644,False,False,False,False,-1049824,-911999.0619893168,False,False,False,False,82273.73345022957,False,False,False,False
2023-06-29 00:00:00+00:00,45.12,45.88,39.28,40.03,388961,,,,,,,,,43.42666666666666,37.510194124483654,,,,,,,,,,,,,,,39.77647541007418,"rgba(38, 166, 154, 1.0)",0.0,0.0,3.474146148258541,41.06382493065504,1.1675315016261385,0.0,0.0,0.0,0.0,55.98716592119945,-0.6965846539382028,True,False,True,False,True,11.776063807293852,0,0.9185341537686781,0.9080354402889358,False,False,False,False,0.34282824467880296,0.03216807049447326,False,False,False,False,-660863,-902150.5889701279,False,False,False,False,94300.68507963234,False,False,False,False
2023-06-30 00:00:00+00:00,43.68,45.789,43.06,45.55,219886,,,,,,,,,43.69740989881968,38.19965190378197,,,,,,,,,,,,,,,39.887255745686865,"rgba(38, 166, 154, 1.0)",0.0,0.0,3.433874275587378,41.22973033794965,0.713558349957709,0.0,0.0,0.0,0.0,62.32032971356872,4.61521656970865,True,False,True,False,True,8.346020325513305,0,1.009209362028566,0.9030833323839145,False,False,False,False,0.34282824657894967,0.18749815853671148,False,False,False,False,-880749,-901311.3109712993,False,False,False,False,99225.599390235,False,False,False,False
2023-07-03 00:00:00+00:00,44.25,44.9756,43.69,43.88,56944,,,,,,,,,43.749393178139485,38.35892009135348,,,,,,,,,,,,,,,39.915875906148074,"rgba(38, 166, 154, 1.0)",0.0,0.0,3.4106777852730614,41.26895099564198,0.8740341926258376,0.0,0.0,0.0,0.0,66.90675247471576,8.324188793143435,True,False,True,False,True,9.393469688639065,0,1.0238588008098892,0.9101674045741531,False,False,False,False,0.33565910496740936,0.2615786317520604,False,False,False,False,-823805,-898271.8477959542,False,False,False,False,97567.49745336304,False,False,False,False
2023-07-05 00:00:00+00:00,43.5,44.1,43.1,44.1,86014,,,,,,,,,43.728487440404535,38.556340284599905,,,,,,,,,,,,,,,39.95125371379208,"rgba(38, 166, 154, 1.0)",0.0,0.0,3.355284754500575,41.312196761476685,0.6520469642967648,0.0,0.0,0.0,0.0,68.45595944365749,9.373359076861291,True,False,True,False,True,7.649623549561298,0,1.0127484092202408,0.9208305311467655,False,False,False,False,0.2794810375105661,0.27052983463131325,False,False,False,False,-909819,-898724.6772941521,False,False,False,False,97114.41912185862,False,False,False,False
2023-07-06 00:00:00+00:00,43.46,43.62,42.88,43.18,65016,,,,,,,,,43.695973316226365,38.68903817950661,,,,,,,,,,,,,,,39.97574963961304,"rgba(38, 166, 154, 1.0)",0.0,0.0,3.3271360516676367,41.34032997714788,0.6370854662795327,0.0,0.0,0.0,0.0,69.40582382056783,10.149114845590198,True,False,True,False,True,7.556785768900266,0,1.0193538589187028,0.9263812543523031,False,False,False,False,0.25326357138072686,0.2618967030060201,False,False,False,False,-974835,-901709.3958316364,False,False,False,False,95855.65758766809,False,False,False,False
2023-07-07 00:00:00+00:00,43.39,43.72,42.87,43.38,73451,,,,,,,,,43.665504040862416,38.83053282317658,,,,,,,,,,,,,,,40.003052841315224,"rgba(38, 166, 154, 1.0)",0.0,0.0,3.284507548756441,41.371042601975276,0.6146910512625033,0.0,0.0,0.0,0.0,69.88101987189583,10.720933275153136,True,False,True,False,True,7.391521728147303,0,1.0365415513701686,0.910645214079562,False,False,False,False,0.25661464744540585,0.25925567522571297,False,False,False,False,-1048286,-907457.497955886,False,False,False,False,94977.04356462229,False,False,False,False
2023-07-10 00:00:00+00:00,43.71,43.97,43.025,43.23,64908,,,,,,,,,43.65890093329704,38.954917577815,,,,,,,,,,,,,,,40.02854040215268,"rgba(38, 166, 154, 1.0)",0.0,0.0,3.1984162634958575,41.40000092792498,0.7222321554700332,0.0,0.0,0.0,0.0,70.51240261398922,11.62124651242253,True,False,True,False,True,8.017005451947803,0,1.0466671851909466,0.8924988055422838,False,False,False,False,0.27176571344326655,0.26551069433448976,False,False,False,False,-983378,-910434.7725458513,False,False,False,False,93797.86538561751,False,False,False,False
2023-07-11 00:00:00+00:00,44.76,44.85,43.73,44.03,51525,,,,,,,,,43.69922022187897,39.06703236843679,,,,,,,,,,,,,,,40.053471125513205,"rgba(38, 166, 154, 1.0)",0.0,0.0,3.1554311822548367,41.43013695852535,1.0552798806707493,0.0,0.0,0.0,0.0,71.91714985452526,13.342665329607414,True,False,True,False,True,10.02954312118748,0,1.053325326859387,0.8845999403198413,False,False,False,False,0.3323243761633768,0.2989175352489333,False,False,False,False,-931853,-911274.7030342494,False,False,False,False,92140.10595873055,False,False,False,False
2023-07-12 00:00:00+00:00,45.12,45.41,44.64,45.4,121683,,,,,,,,,43.845604405104154,39.34252811499025,,,,,,,,,,,,,,,40.119268238567905,"rgba(38, 166, 154, 1.0)",0.0,0.0,3.1316306951508537,41.50984424158532,1.152803797716248,0.0,0.0,0.0,0.0,73.17328492145168,14.952213417099387,True,False,True,False,True,10.705378971351735,0,1.0689183072253843,0.8821988557520352,False,False,False,False,0.34282824704709625,0.32087289114801476,False,False,False,False,-810170,-907309.8127191808,False,False,False,False,93298.65082309405,False,False,False,False
2023-07-13 00:00:00+00:00,44.89,45.66,44.52,45.34,52291,,,,,,,,,43.89776474960595,39.452636689256366,,,,,,,,,,,,,,,40.14682734692917,"rgba(38, 166, 154, 1.0)",0.0,0.0,3.091373932864318,41.54199450025959,1.0830153751857217,0.0,0.0,0.0,0.0,73.3554742019792,15.593009063652147,True,False,True,False,True,10.128084464103587,0,1.0703687581159251,0.8702374276944871,False,False,False,False,0.34282824709443654,0.3318505691212257,False,False,False,False,-862461,-905551.0357498012,False,False,False,False,91690.50765356096,False,False,False,False
2023-07-14 00:00:00+00:00,45.0,45.21,44.035,44.86,39729,,,,,,,,,43.92545404635171,39.52949062884085,,,,,,,,,,,,,,,40.16639051956081,"rgba(38, 166, 154, 1.0)",0.0,0.0,3.0639821289437537,41.56402118118349,1.1214095494744263,0.0,0.0,0.0,0.0,73.59501335801251,16.34668729804261,True,False,True,False,True,10.340633707369456,0,1.0773019691309442,0.8740886903376234,False,False,False,False,0.30897208053184927,0.32041132482653745,False,False,False,False,-822732,-902303.2304262796,False,False,False,False,89652.80147106838,False,False,False,False
2023-07-17 00:00:00+00:00,45.1,45.73,44.92,45.0,42870,,,,,,,,,43.97040320642012,39.61769198889431,,,,,,,,,,,,,,,40.189605563780304,"rgba(38, 166, 154, 1.0)",0.0,0.0,3.093881931393895,41.59063402123363,1.1342921470779217,0.0,0.0,0.0,0.0,73.86964483214135,17.156816233185694,True,False,True,False,True,10.536562175492751,0,1.0902158118308145,0.8681604150484807,False,False,False,False,0.3428282472606299,0.33161978604358366,False,False,False,False,-779862,-897501.6135468177,False,False,False,False,87818.1818055363,False,False,False,False
2023-07-18 00:00:00+00:00,45.43,45.6,44.5,44.91,67855,,,,,,,,,44.031892935166255,39.750123761757486,,,,,,,,,,,,,,,40.22539398584249,"rgba(38, 166, 154, 1.0)",0.0,0.0,3.129211321642517,41.63070823350893,1.2141371661971445,0.0,0.0,0.0,0.0,74.44545069789964,18.242978974695006,True,False,True,False,True,11.187678387044446,0,1.0982743252264788,0.8581828760251673,False,False,False,False,0.32327708372323644,0.32744843488341,False,False,False,False,-712007,-890227.3149763542,False,False,False,False,87035.31193080939,False,False,False,False
2023-07-19 00:00:00+00:00,46.06,46.33,45.51,45.52,71942,,,,,,,,,44.13109753348895,39.90327268160908,,,,,,,,,,,,,,,40.26874655792659,"rgba(38, 166, 154, 1.0)",0.0,0.0,3.252904138355992,41.68016949577527,1.346437004577174,0.0,0.0,0.0,0.0,75.546667501852,19.779133089900782,True,False,True,False,True,12.419046090230161,0,1.1090325869748856,0.8405444931101081,False,False,False,False,0.342828247649513,0.33513834126646147,False,False,False,False,-640065,-880417.0281145364,False,False,False,False,86443.41734528745,False,False,False,False
2023-07-20 00:00:00+00:00,45.3,46.5699,44.33,46.22,59802,,,,,,,,,44.18296854650117,40.01357786047256,,,,,,,,,,,,,,,40.3007534179813,"rgba(38, 166, 154, 1.0)",0.0,0.0,3.3534505397459977,41.71486961376453,1.069087002698725,0.0,0.0,0.0,0.0,73.5657144723876,19.779133089900782,True,False,True,False,True,10.390705954389244,0,1.0865371155143235,0.8420170419941354,False,False,False,False,0.3113451326000264,0.32324173693324393,False,False,False,False,-699867,-873336.6348551429,False,False,False,False,85398.65588076638,False,False,False,False
2023-07-21 00:00:00+00:00,44.73,45.68,44.69,45.68,68390,,,,,,,,,44.22094784584704,40.12619374467143,,,,,,,,,,,,,,,40.334273900337635,"rgba(38, 166, 154, 0.75)",0.0,0.0,3.433766020141919,41.74969006245056,0.8679420554771108,0.0,0.0,0.0,0.0,70.39931922269702,19.779133089900782,True,False,True,False,False,8.90087700368376,0,1.0905896513692803,0.8510263528624352,False,False,False,False,0.293862839155881,0.3085522880445625,False,False,False,False,-768257,-869215.8648608236,False,False,False,False,84731.64976779516,False,False,False,False
2023-07-24 00:00:00+00:00,45.23,45.35,44.43,44.99,58710,,,,,,,,,44.24983747882307,40.21834837112002,,,,,,,,,,,,,,,40.36249204761663,"rgba(38, 166, 154, 0.75)",0.0,0.0,3.5224471581532875,41.77845410422509,0.9798715894958797,0.0,0.0,0.0,0.0,69.14229322212114,24.408028669251507,True,False,True,False,False,9.917267641076524,0,1.081773648103454,0.8669530821340584,False,False,False,False,0.27460062017607684,0.2915764541103196,False,False,False,False,-709547,-862954.3407486345,False,False,False,False,83711.19291415614,False,False,False,False
2023-07-25 00:00:00+00:00,45.05,45.42,44.88,45.01,32453,,,,,,,,,44.267176413404584,40.26898085017313,,,,,,,,,,,,,,,40.37832159685593,"rgba(38, 166, 154, 0.75)",0.0,0.0,3.6013267975432175,41.79454405060019,0.9039601603555233,0.0,0.0,0.0,0.0,67.69449642004307,22.858102030083558,True,False,True,False,False,9.440297559147055,1,1.092084337046624,0.8619632452458994,False,False,False,False,0.2915666343781125,0.29157154424421605,False,False,False,False,-742000,-858211.0332682959,False,False,False,False,81701.0677018363,False,False,False,False
2023-07-26 00:00:00+00:00,45.66,45.91,45.18,45.21,42310,,,,,,,,,44.300627041900434,40.33964630002806,,,,,,,,,,,,,,,40.40081846955698,"rgba(38, 166, 154, 0.75)",0.0,0.0,3.69167426066372,41.81791528173015,1.040743155269361,0.0,0.0,0.0,0.0,67.81873362939265,22.7783353530654,True,False,True,False,False,10.689430713104624,0,1.0874171006364892,0.856897672141363,False,False,False,False,0.3176615528985107,0.3046165485713634,False,False,False,False,-699690,-851994.5221597353,False,False,False,False,80156.31994882312,False,False,False,False
2023-07-27 00:00:00+00:00,45.72,46.1109,45.53,45.77,60124,,,,,,,,,44.352436740287935,40.440668035760815,,,,,,,,,,,,,,,40.43369790307588,"rgba(38, 166, 154, 0.75)",0.0,0.0,3.7793942362226467,41.85204240567731,1.0234332151039522,0.0,0.0,0.0,0.0,68.00742409800634,22.70331394731727,True,False,True,False,False,10.81218021145525,0,1.0900123700167907,0.8630047376807823,False,False,False,False,0.3361076495923797,0.3203620990818715,False,False,False,False,-639566,-843663.9918789614,False,False,False,False,79370.73877435947,False,False,False,False
2023-07-28 00:00:00+00:00,46.46,46.5,45.6,45.62,64011,,,,,,,,,44.418070667654256,40.551921347014186,,,,,,,,,,,,,,,40.47084555791478,"rgba(38, 166, 154, 0.75)",0.0,0.0,3.881013645804287,41.890831142316706,1.1773132677909965,0.0,0.0,0.0,0.0,69.38612141298358,22.70331394731727,True,False,True,False,False,12.317870021272597,0,1.0870437736223686,0.8609249686216947,False,False,False,False,0.342828247728918,0.3315951734053948,False,False,False,False,-575555,-833149.9137660611,False,False,False,False,78768.39607732577,False,False,False,False
2023-07-31 00:00:00+00:00,47.65,47.73,46.39,46.39,70550,,,,,,,,,44.52577221395503,40.69200964998245,,,,,,,,,,,,,,,40.518797298765506,"rgba(38, 166, 154, 1.0)",0.0,0.0,4.009863815620173,41.94232051061081,1.423409809369405,0.0,0.0,0.0,0.0,71.91872324232257,22.70331394731727,True,False,True,False,True,14.641209031193686,0,1.0941636097102498,0.8488472410237706,False,False,False,False,0.34282824828764785,0.33721171084652135,False,False,False,False,-505005,-820281.4857752351,False,False,False,False,78446.10603507771,False,False,False,False
2023-08-01 00:00:00+00:00,47.58,47.76,46.86,47.32,51363,,,,,,,,,44.603032988972785,40.79251954959812,,,,,,,,,,,,,,,40.55401744252662,"rgba(38, 166, 154, 1.0)",0.0,0.0,4.128512320677042,41.97978431423061,1.3564730466520676,0.0,0.0,0.0,0.0,73.32181066433915,18.91901360972875,True,False,True,False,True,14.44221667439042,0,1.0994792175697754,0.8499085489298132,False,False,False,False,0.3428282484118224,0.34001997962917185,False,False,False,False,-556368,-809931.9373134612,False,False,False,False,77384.02344546682,False,False,False,False
2023-08-02 00:00:00+00:00,47.14,47.79,47.1,47.4,55035,,,,,,,,,44.67975018551178,40.89602974290318,,,,,,,,,,,,,,,40.59104850015707,"rgba(38, 166, 154, 1.0)",0.0,0.0,4.230814340287473,42.01862905384758,1.2104929534214524,0.0,0.0,0.0,0.0,72.44565931506304,18.91901360972875,True,False,True,False,True,13.186592088220852,0,1.1005883237143748,0.8549290900383477,False,False,False,False,0.3428282484768069,0.34142411405298934,False,False,False,False,-611403,-802146.4887913647,False,False,False,False,76507.59115348774,False,False,False,False
2023-08-03 00:00:00+00:00,48.15,48.342,46.78,46.94,58643,,,,,,,,,44.76889898254651,41.0096407378743,,,,,,,,,,,,,,,40.63245748747323,"rgba(38, 166, 154, 1.0)",0.0,0.0,4.353804723178074,42.06214589985823,1.3982836822543385,0.0,0.0,0.0,0.0,73.35351426810563,19.128770696076685,True,False,True,False,True,15.154441244029492,0,1.0940906917299962,0.8448105629272354,False,False,False,False,0.3428282485315319,0.3421261812922606,False,False,False,False,-552760,-792366.6264858211,False,False,False,False,75807.01895139019,False,False,False,False
2023-08-04 00:00:00+00:00,48.36,48.7599,48.01,48.03,45752,,,,,,,,,44.8486302292158,41.10359649975358,,,,,,,,,,,,,,,40.66721240055737,"rgba(38, 166, 154, 1.0)",0.0,0.0,4.475303957667417,42.332347791753875,1.3468699031982199,0.0,0.0,0.0,0.0,74.2381079977812,20.125897128259695,True,False,True,False,True,15.55594479537761,0,1.111024337431235,0.8458778766767864,False,False,False,False,0.3428282488930026,0.3424772150926316,False,False,False,False,-507008,-781176.092113828,False,False,False,False,74628.39075721802,False,True,False,False
2023-08-07 00:00:00+00:00,47.87,48.3,47.36,48.2,32198,,,,,,,,,44.894493393568794,41.16354997675601,,,,,,,,,,,,,,,40.6898057214795,"rgba(38, 166, 154, 1.0)",0.0,0.0,4.575484488696954,42.344397151473956,1.2076541538226633,-1.0,48.01,47.47,0.0,72.80801502070798,20.125897128259695,True,False,True,False,True,14.132165631292345,0,1.089226866837721,0.8626749474705862,False,False,False,False,0.3124792594542739,0.32747823727345277,False,False,False,False,-539206,-771687.068893678,False,False,False,False,72964.4538647781,False,False,False,False
2023-08-08 00:00:00+00:00,46.77,47.47,46.5401,47.47,41829,,,,,,,,,44.934136797256535,41.22938998462247,,,,,,,,,,,,,,,40.71521162154089,"rgba(38, 166, 154, 0.75)",0.0,0.0,4.644809452156995,42.34779292610041,0.9520750247022451,0.0,0.0,0.0,0.0,68.01952379047839,22.29454522443102,True,False,True,False,False,11.033575256294718,0,1.0710053643439297,0.863258490713468,False,False,False,False,0.2683566946732835,0.2979174659733681,False,False,False,False,-581035,-764210.5171723573,False,False,False,False,71743.4556740025,False,False,False,False
2023-08-09 00:00:00+00:00,46.03,46.38,45.39,46.38,47825,,,,,,,,,44.95593654559389,41.29004036541656,,,,,,,,,,,,,,,40.73940184699944,"rgba(38, 166, 154, 0.5)",0.0,0.0,4.694804055242053,42.34443933508816,0.7850297097696064,0.0,0.0,0.0,0.0,62.71332230863075,17.475673784196005,False,False,True,False,False,9.02832593014211,0,1.0500446496267966,0.8822125996192145,False,False,False,False,0.21001136904123943,0.25396441750730375,False,False,False,False,-628860,-758902.6537538335,False,False,False,False,70805.47702012006,False,False,False,False
2023-08-10 00:00:00+00:00,45.9,46.77,45.48,46.04,57279,,,,,,,,,44.98379654446687,41.36242725542082,,,,,,,,,,,,,,,40.768724615634724,"rgba(38, 166, 154, 0.5)",0.0,0.0,4.73394077310261,42.356531421753665,0.748524062316047,0.0,0.0,0.0,0.0,58.81916772377659,14.11216818043387,False,False,True,False,False,8.678702200899838,0,1.067884703061414,0.8679522466692559,False,False,False,False,0.22238259894503268,0.23817350822616823,False,False,False,False,-686139,-756049.1771360361,False,False,False,False,70275.02694089967,False,False,False,False
2023-08-11 00:00:00+00:00,46.65,46.78,45.64,45.72,28432,,,,,,,,,45.00093315387506,41.399844514285995,,,,,,,,,,,,,,,40.783998051121586,"rgba(38, 166, 154, 0.5)",0.0,0.0,4.775983838082129,42.3675757040868,0.8966580376102925,0.0,0.0,0.0,0.0,58.10526682419397,13.679237468889902,False,False,True,False,False,10.264363574252378,0,1.0691181157839997,0.8584153931321401,False,False,False,False,0.22677999784221262,0.2324767530341904,False,False,False,False,-657707,-752192.621169917,False,False,False,False,68634.1239236095,False,False,False,False
2023-08-14 00:00:00+00:00,46.75,46.96,46.215,46.4,18356,,,,,,,,,45.01404966406622,41.425076993658585,,,,,,,,,,,,,,,40.794316503915226,"rgba(38, 166, 154, 0.5)",0.0,0.0,4.813620060836768,42.376559494216124,0.9085554012386315,0.0,0.0,0.0,0.0,57.869495649440864,13.503399560262615,False,False,True,False,False,10.47425905697554,0,1.0706982793117248,0.8576930772308923,False,False,False,False,0.24641676858307207,0.23944676080863125,False,False,False,False,-639351,-747767.4595554105,False,False,False,False,66662.43278935029,False,False,False,False
2023-08-15 00:00:00+00:00,46.55,46.995,46.3,46.46,22242,,,,,,,,,45.02940881689319,41.455172979568005,,,,,,,,,,,,,,,40.806713988129836,"rgba(38, 166, 154, 0.5)",0.0,0.0,4.8419340823329815,42.38731113003989,0.859716138050852,0.0,0.0,0.0,0.0,57.03700232388129,12.625403671342,False,False,True,False,False,9.912390591834392,0,1.0695397195087215,0.8720698379718839,False,False,False,False,0.24955470117715228,0.24450073099289177,False,False,False,False,-661593,-744388.0689846101,False,False,False,False,64920.455032905185,False,False,False,False
2023-08-16 00:00:00+00:00,45.56,46.5,45.49,46.13,31127,,,,,,,,,45.04028026891611,41.49055174034603,,,,,,,,,,,,,,,40.82170199959032,#000000,0.0,0.0,4.8590392888729435,42.39596676598181,0.6511643651994612,-1.0,46.3,45.94,0.0,53.50656350675777,9.202335715881922,False,True,False,False,False,7.183640204969887,0,1.0717797509730251,0.8786878064396557,False,False,False,False,0.21567343469183917,0.23008708284236545,False,False,False,False,-692720,-742361.8702009,False,False,False,False,63595.22150220302,False,False,False,False
2023-08-17 00:00:00+00:00,45.07,45.94,45.01,45.64,29279,,,,,,,,,45.04396933455525,41.51948132057716,,,,,,,,,,,,,,,40.83429739816242,"rgba(239, 83, 80, 1.0)",0.0,0.0,4.863902548365876,42.40089367008714,0.5487581840655085,-1.0,45.49,45.26,0.0,49.90376052251148,5.816113517335651,False,True,False,True,False,5.871075354356474,0,1.0646646848390187,0.8814262441007038,False,False,False,False,0.18902071887921745,0.20955390086079145,False,False,False,False,-721999,-741563.3262714529,False,False,False,False,62249.48732564604,False,False,False,False
2023-08-18 00:00:00+00:00,45.07,45.26,44.74,44.74,33903,,,,,,,,,45.04367935825105,41.54970924675759,,,,,,,,,,,,,,,40.84777564550675,"rgba(239, 83, 80, 1.0)",0.0,0.0,4.851982319880451,42.40493874084247,0.5492726649554646,0.0,0.0,0.0,0.0,47.501891866347286,3.600571878287255,False,True,False,True,False,5.871075354356474,0,1.05584000270723,0.900509297643018,False,False,False,False,0.1649052190719831,0.1872295599663873,False,False,False,False,-721999,-740796.0977902195,False,False,False,False,61137.86037169914,False,False,False,False
2023-08-21 00:00:00+00:00,44.62,45.16,44.31,45.0,38194,,,,,,,,,45.0382715896427,41.57999999274201,,,,,,,,,,,,,,,40.8616764715366,"rgba(239, 83, 80, 1.0)",0.0,0.0,4.838561669238811,42.40779475715958,0.4572030686111802,0.0,0.0,0.0,0.0,44.729534469805586,1.0192302485672258,False,True,False,True,False,4.654580066543531,0,1.0533290447089099,0.896057286993618,False,False,False,False,0.15153518852594358,0.16938237424616542,False,False,False,False,-760193,-741556.7606219756,False,False,False,False,60238.10114143643,False,False,False,False
2023-08-22 00:00:00+00:00,44.59,44.79,43.5772,44.74,30240,,,,,,,,,45.02950589538389,41.60071624478526,,,,,,,,,,,,,,,40.87153472398884,"rgba(239, 83, 80, 1.0)",0.0,0.0,4.807773573988149,42.40836882300587,0.4537716145364188,0.0,0.0,0.0,0.0,42.80295400453328,-0.7888657781607193,False,True,False,True,False,4.57315343908769,0,1.0554051822064323,0.8892705338272622,False,False,False,False,0.12388128914370547,0.14663183169493543,False,False,False,False,-790433,-743473.4758917021,False,False,False,False,59061.70501824285,False,False,False,False
2023-08-23 00:00:00+00:00,45.0,45.17,44.62,44.62,18817,,,,,,,,,45.02875691613543,41.61631137042497,,,,,,,,,,,,,,,40.87872279068867,"rgba(239, 83, 80, 1.0)",0.0,0.0,4.7880896263823525,42.41162862822047,0.5405854054021076,0.0,0.0,0.0,0.0,43.201732238278794,-0.7888657781607193,False,True,False,True,False,5.563034364113292,0,1.0842885085079002,0.867576067752408,False,False,False,False,0.15960092845714346,0.15311638007603945,False,False,False,False,-771616,-744577.104288106,False,False,False,False,57483.48129203725,False,False,False,False
2023-08-24 00:00:00+00:00,44.66,44.98,44.24,44.84,17828,,,,,,,,,45.02590976428717,41.62961238945788,,,,,,,,,,,,,,,40.88500145740028,"rgba(239, 83, 80, 1.0)",0.0,0.0,4.7554358578576394,42.41370432938198,0.47236378278688246,0.0,0.0,0.0,0.0,42.438659844369056,-1.3717299556307907,False,True,False,True,False,4.6161113775276945,0,1.0747712339055435,0.8723557603252067,False,False,False,False,0.14524746781584827,0.14918192394594387,False,False,False,False,-789444,-746336.5903944548,False,False,False,False,55928.36437862402,False,False,False,False
2023-08-25 00:00:00+00:00,44.54,45.09,44.385,44.7,26193,,,,,,,,,45.02226242334786,41.649232732349404,,,,,,,,,,,,,,,40.89429853126145,"rgba(239, 83, 80, 1.0)",0.0,0.0,4.717186186013175,42.41729384870374,0.4499941421837971,0.0,0.0,0.0,0.0,41.56835313593978,-2.449831798669173,False,True,False,True,False,4.280511694705048,0,1.0913959585353135,0.8669609497255115,False,False,False,False,0.15080894371197376,0.1499954338289588,False,False,False,False,-815637,-749054.253516241,False,False,False,False,54762.271657893674,False,False,False,False
2023-08-28 00:00:00+00:00,44.29,44.8942,44.1,44.59,27993,,,,,,,,,45.01579522825651,41.668255913261675,,,,,,,,,,,,,,,40.90354665333929,"rgba(239, 83, 80, 1.0)",0.0,0.0,4.68170059577377,42.42006245800992,0.3994141666551877,0.0,0.0,0.0,0.0,40.22767994901657,-3.9892459264215248,False,True,False,True,False,3.576393834850748,0,1.0750986587203706,0.8806994975974658,False,False,False,False,0.1386730820756188,0.1443342579522888,False,False,False,False,-843630,-752763.1063195256,False,False,False,False,53712.49629876059,False,False,False,False
2023-08-29 00:00:00+00:00,44.41,44.845,44.25,44.54,47273,,,,,,,,,45.00651599863217,41.700637777843326,,,,,,,,,,,,,,,40.9193787964169,"rgba(239, 83, 80, 1.0)",0.0,0.0,4.640358890283232,42.4261586120514,0.427518955937373,0.0,0.0,0.0,0.0,39.945046841988365,-4.546981764677668,False,True,False,True,False,3.885744280868419,0,1.0663200015197545,0.8918038619026979,False,False,False,False,0.14121389525565736,0.14277407660397307,False,False,False,False,-796357,-754472.6707775834,False,False,False,False,53459.96703214253,False,False,False,False
2023-08-30 00:00:00+00:00,43.4,44.44,43.23,44.33,69606,,,,,,,,,44.972435248105256,41.733560240054466,,,,,,,,,,,,,,,40.93721367170961,"rgba(239, 83, 80, 1.0)",0.0,0.0,4.5933199950119485,42.42590255850215,0.21206827361378136,0.0,0.0,0.0,0.0,36.95133460172149,-7.635260753645426,False,True,False,True,False,1.0565696294085818,0,1.0403162584206638,0.9018768623239747,False,False,False,False,0.10544689855893692,0.12411048758145499,False,False,False,False,-865963,-758844.8405510115,False,False,False,False,54093.14479558793,False,False,False,False
2023-08-31 00:00:00+00:00,42.67,43.88,42.56,43.4,84310,,,,,,,,,44.91358335768598,41.75916798376182,,,,,,,,,,,,,,,40.953456380082194,"rgba(239, 83, 80, 1.0)",0.0,0.0,4.550746696476907,42.41852872710909,0.055259343062446016,0.0,0.0,0.0,0.0,33.456525620013934,-11.054879358048332,False,True,False,True,False,0.0,0,1.0369813125804654,0.9031449890677664,False,False,False,False,0.0747923467533827,0.09945141716741884,False,False,False,False,-950273,-766351.8271960699,False,False,False,False,55278.119509486445,False,False,False,False
2023-09-01 00:00:00+00:00,41.92,43.0,41.695,42.92,78650,,,,,,,,,44.838882930346955,41.76719386825973,,,,,,,,,,,,,,,40.96242436281225,"rgba(239, 83, 80, 1.0)",0.0,0.0,4.505855041793693,42.40332925082821,-0.10726693298943804,0.0,0.0,0.0,0.0,29.882776046920355,-14.431061899754155,False,True,False,True,False,0.0,0,1.0352613890146436,0.9094567235114638,False,False,False,False,0.03152864815001877,0.0654900326587188,False,False,False,False,-1028923,-776648.7359334789,False,False,False,False,56194.663842447764,False,False,False,False
2023-09-05 00:00:00+00:00,41.14,41.5922,40.7204,41.55,108743,,,,,,,,,44.70341891706511,41.752226055843195,,,,,,,,,,,,,,,40.96427298554097,"rgba(239, 83, 80, 1.0)",0.0,0.0,4.469496414384755,42.36850466279715,-0.27486422381798875,0.0,0.0,0.0,0.0,26.447689717869277,-17.60064065329074,False,True,False,True,False,0.0,0,1.0156874021000124,0.9294534986551031,False,False,False,False,-0.027379641033022862,0.019055195812847973,False,False,False,False,-1137666,-790806.2757007935,False,False,False,False,58255.38290744981,False,False,False,False
2023-09-06 00:00:00+00:00,40.98,41.9,40.8747,41.33,57083,,,,,,,,,44.63812169189959,41.74592383939141,,,,,,,,,,,,,,,40.96574485984257,"rgba(239, 83, 80, 1.0)",0.0,0.0,4.434687910649953,42.35331407627682,-0.30967547298622544,0.0,0.0,0.0,0.0,23.959328166329982,-19.862582637784474,False,True,False,True,False,0.0,0,1.023445746340492,0.9160586849005877,False,False,False,False,-0.021748746879461683,-0.001346775533306855,False,False,False,False,-1194749,-806647.166849782,False,False,False,False,58209.40710715767,False,False,False,False
2023-09-07 00:00:00+00:00,40.88,41.19,40.43,41.0,86556,,,,,,,,,44.532029938935985,41.72883132497298,,,,,,,,,,,,,,,40.96472415525448,"rgba(239, 83, 80, 1.0)",0.0,0.0,4.394594804472361,42.32711190463395,-0.3292935911090665,0.0,0.0,0.0,0.0,22.170934462458213,-21.516321311326553,False,True,False,True,False,0.0,0,1.0113579896358347,0.9308631907036177,False,False,False,False,-0.05507574184668741,-0.028211258689997132,False,False,False,False,-1281305,-825261.1995223395,False,False,False,False,59321.038200994626,False,False,True,False
2023-09-08 00:00:00+00:00,41.96,42.03,40.37,40.79,53646,,,,,,,,,44.47972811105974,41.72566994854308,,,,,,,,,,,,,,,40.96704745955032,"rgba(239, 83, 80, 0.75)",0.0,0.0,4.357253585782079,42.194001121593544,-0.05370381066575971,0.0,0.0,0.0,0.0,26.285428431865867,-21.516321311326553,False,True,False,True,True,0.0,0,1.0127053390186187,0.9250776936380221,False,False,False,False,-0.30515121873226353,-0.16668123871113033,False,False,False,False,-1227659,-841041.5054234243,False,False,False,False,59098.48768330856,False,False,False,False
2023-09-11 00:00:00+00:00,41.72,42.15,41.3236,42.09,37492,,,,,,,,,44.447478422785224,41.72571394514979,,,,,,,,,,,,,,,40.969578417794544,"rgba(239, 83, 80, 0.75)",0.0,0.0,4.326574818220254,42.19470359396232,-0.10971810587054516,0.0,0.0,0.0,0.0,28.50352789683678,-28.253755493335326,False,True,False,True,True,0.0,0,1.017368355149729,1.039726066980669,False,False,False,False,-0.2546114543821918,-0.21064634654666106,False,False,False,False,-1265151,-857673.2503087802,False,False,False,False,58251.174440825875,False,False,False,False
2023-09-12 00:00:00+00:00,41.92,41.92,41.36,41.57,25979,,,,,,,,,44.425589442473026,41.72575571917451,,,,,,,,,,,,,,,40.97132724612939,"rgba(239, 83, 80, 0.75)",0.0,0.0,4.29699122894399,42.19322547815641,-0.06358530041113253,0.0,0.0,0.0,0.0,30.879599465698277,-26.015423846499896,False,True,False,True,True,0.0,0,0.9428646100338752,1.0442527869083162,False,False,False,False,-0.2636246913045724,-0.23713551892561674,False,False,False,False,-1239172,-872633.9855907889,False,False,False,False,56985.5989725582,False,False,False,False
2023-09-13 00:00:00+00:00,41.61,42.26,41.44,42.26,36751,,,,,,,,,44.39563416025128,41.72609623298851,,,,,,,,,,,,,,,40.973905966569276,"rgba(239, 83, 80, 0.75)",0.0,0.0,4.263952858789827,42.19089184948758,-0.1362331781623974,0.0,0.0,0.0,0.0,31.70279440695061,-25.164952781975632,False,True,False,True,True,0.0,0,0.9313521117040389,1.0214712407567914,False,False,False,False,-0.2441222002498969,-0.24062885958775682,False,False,False,False,-1275923,-888449.2410578168,False,False,False,False,56192.08528735984,False,False,False,False
2023-09-14 00:00:00+00:00,42.61,42.63,41.55,41.61,46028,,,,,,,,,44.365929722251664,41.73122520619921,,,,,,,,,,,,,,,40.97909913690064,"rgba(239, 83, 80, 0.75)",0.0,0.0,4.2240198265982905,42.19599173077376,0.09801286126056091,0.0,0.0,0.0,0.0,36.36636759941583,-20.68029818136239,False,True,False,True,True,0.0,0,0.9485322963905529,0.9992316432873471,False,False,False,False,-0.22205359679396725,-0.23134122819086203,False,False,False,False,-1229895,-901839.2708202553,False,False,False,False,55793.49370746338,False,False,False,False
2023-09-15 00:00:00+00:00,42.5,42.605,41.97,42.51,187020,,,,,,,,,44.25838145604956,41.754642928711476,,,,,,,,,,,,,,,41.00130615154449,"rgba(239, 83, 80, 0.75)",0.0,0.0,4.167718398434399,42.20568675209519,0.0706173545735165,0.0,0.0,0.0,0.0,39.14156322250727,-18.064877166181933,False,True,False,True,True,0.0,0,0.9613613356716142,0.9898606604624827,False,False,False,False,-0.20405215164729681,-0.21769668991907942,False,False,False,False,-1416915,-922038.3190233826,False,False,False,False,60939.63120913148,False,False,False,False
2023-09-18 00:00:00+00:00,43.09,43.1,42.31,42.72,38109,,,,,,,,,44.242993500054844,41.762788966066694,,,,,,,,,,,,,,,41.007297175216735,"rgba(239, 83, 80, 0.75)",0.0,0.0,4.118596183473498,42.21086170442003,0.2134558127129939,0.0,0.0,0.0,0.0,43.10286398383761,-14.344460490770388,False,True,False,True,True,0.8619674523999166,0,0.9684516853978413,0.9817929313013527,False,False,False,False,-0.16640924561409845,-0.19205296776658892,False,False,False,False,-1378806,-939950.777100897,False,False,False,False,60044.312338185155,False,False,False,False
2023-09-19 00:00:00+00:00,42.7,43.17,42.58,42.98,66918,,,,,,,,,44.21645183329687,41.77658118103044,,,,,,,,,,,,,,,41.01762776406147,"rgba(239, 83, 80, 0.75)",0.0,0.0,4.067702882308229,42.21846446670241,0.11838021291868467,0.0,0.0,0.0,0.0,44.43637900726015,-13.082482210226445,False,True,False,True,True,0.0,0,0.9705839456542505,0.9853577070267805,False,False,False,False,-0.1512202555032348,-0.17163661163491187,False,False,False,False,-1445724,-959785.021136156,False,False,False,False,60313.86871707985,False,False,False,False
2023-09-20 00:00:00+00:00,42.51,43.0399,42.4,42.8,42355,,,,,,,,,44.19821657431106,41.78375629682503,,,,,,,,,,,,,,,41.023505407959675,"rgba(239, 83, 80, 0.75)",0.0,0.0,4.03173364002932,42.22118248254852,0.07163606111870444,0.0,0.0,0.0,0.0,44.704221160912105,-12.67778127366988,False,True,False,True,True,0.0,0,0.9523254076312556,1.006585610865739,False,False,False,False,-0.16507055217513908,-0.16835358190502547,False,False,False,False,-1488079,-980502.4320719931,False,False,False,False,59609.59935562574,False,False,False,False
2023-09-21 00:00:00+00:00,41.86,42.475,41.47,42.13,58734,,,,,,,,,44.16226300226893,41.78545988860771,,,,,,,,,,,,,,,41.02803405851947,"rgba(239, 83, 80, 0.75)",0.0,0.0,3.971433467122886,42.215999009898326,-0.08963992796188794,0.0,0.0,0.0,0.0,42.92863717449437,-12.67778127366988,False,True,False,True,True,0.0,0,0.9138920306785441,1.0290438960760193,False,False,False,False,-0.23283016560888126,-0.20059187375695336,False,False,False,False,-1546813,-1002710.6896377974,False,False,False,False,59575.26212599336,False,False,False,False
2023-09-22 00:00:00+00:00,41.77,41.89,41.44,41.66,114709,,,,,,,,,44.08816803248937,41.78362035322092,,,,,,,,,,,,,,,41.0344917320409,"rgba(239, 83, 80, 0.75)",0.0,0.0,3.916834367120899,42.202177759651576,-0.11033853340325156,0.0,0.0,0.0,0.0,41.49086597469927,-12.67778127366988,False,True,False,True,True,0.0,0,0.9145324198924641,1.0469464498082108,False,False,False,False,-0.2612929344681527,-0.23094240411255304,False,False,False,False,-1661522,-1028546.4272990603,False,False,False,False,61737.369493601465,False,False,False,False
2023-09-25 00:00:00+00:00,42.8,43.78,41.7,41.7,72856,,,,,,,,,44.06325922572185,41.79678881869793,,,,,,,,,,,,,,,41.04495990598647,"rgba(239, 83, 80, 0.75)",0.0,0.0,3.8584429618811265,42.14861034502995,0.16882189562094002,0.0,0.0,0.0,0.0,44.54116596722492,-12.430963765073287,False,True,False,True,True,0.17823552518186858,0,0.9314302857448149,0.9979903751710647,False,False,False,False,-0.16327609985591238,-0.1971092519842327,False,False,False,False,-1588666,-1050511.9007383129,False,False,False,False,62173.39421934258,False,False,False,False
2023-09-26 00:00:00+00:00,42.65,42.93,41.99,42.78,61640,,,,,,,,,44.039206730427566,41.804985695845836,,,,,,,,,,,,,,,41.05250929684635,#000000,0.0,0.0,3.786675777174664,42.14572825907287,0.13317003371843483,0.0,0.0,0.0,0.0,46.061021675245954,-10.794731670935263,False,False,False,False,True,0.0,0,0.9194192942835245,1.0260719160255596,False,False,False,False,-0.1884357761832992,-0.19277251408376594,False,False,False,False,-1650306,-1074033.2379642613,False,False,False,False,62152.476798976204,False,False,False,False
2023-09-27 00:00:00+00:00,42.66,43.33,42.39,42.61,49435,,,,,,,,,44.0237932857189,41.81384818995235,,,,,,,,,,,,,,,41.05960964354385,#000000,0.0,0.0,3.6917762662436484,42.15182106528433,0.13765160672445995,0.0,0.0,0.0,0.0,47.112035746528676,-9.560047577839825,False,False,False,False,True,0.0,0,0.9360142117534821,1.0152603637649633,False,False,False,False,-0.15255757898014244,-0.1726650465319542,False,False,False,False,-1600871,-1094693.5423578196,False,False,False,False,61653.7522186242,False,False,False,False
2023-09-28 00:00:00+00:00,42.98,43.43,42.71,42.76,51140,,,,,,,,,44.011361518316775,41.8251177407702,,,,,,,,,,,,,,,41.067930596387775,#000000,0.0,0.0,3.576589230331379,42.16184100372926,0.2287539730121412,0.0,0.0,0.0,0.0,49.043069425420114,-7.477049098031387,False,False,False,False,True,0.7108216677866679,0,0.9222361037236785,1.0289078831809804,False,False,False,False,-0.13388203622014277,-0.15327354137604848,False,False,False,False,-1549731,-1112538.148539866,False,False,False,False,61241.4482100507,False,False,False,False
2023-09-29 00:00:00+00:00,42.92,43.29,42.75,43.29,113254,,,,,,,,,43.9834663029617,41.84828857749038,,,,,,,,,,,,,,,41.08561978493767,#000000,0.0,0.0,3.4606607294972673,42.17739952545761,0.21458343726467244,0.0,0.0,0.0,0.0,50.0699790752494,-6.249069737177415,False,False,False,False,True,0.5329422022896821,0,0.9454769591013099,1.038074259868948,False,False,False,False,-0.1383197036727792,-0.14579662252441383,False,False,False,False,-1662985,-1134124.2995775184,False,False,False,False,63281.156123382054,False,False,False,False
2023-10-02 00:00:00+00:00,43.06,43.13,42.47,42.9,92867,,,,,,,,,43.95951757751843,41.86500029835719,,,,,,,,,,,,,,,41.09913287891869,"rgba(38, 166, 154, 0.5)",0.0,0.0,3.331290364932988,42.18570808445789,0.26244842681544406,0.0,0.0,0.0,0.0,51.33742786909116,-4.772080798710135,False,False,True,False,True,0.9471899056520101,0,0.9313192428764155,1.0226396906783943,False,False,False,False,-0.1579123411989104,-0.15185448186166212,False,False,False,False,-1570118,-1151222.091750949,False,False,False,False,64441.38529501413,False,False,False,False
2023-10-03 00:00:00+00:00,42.12,43.02,42.02,42.87,47419,,,,,,,,,43.942174811228526,41.86925231643154,,,,,,,,,,,,,,,41.10404669336628,#000000,0.0,0.0,3.227994105624389,42.1838420300686,-0.019777616680700355,0.0,0.0,0.0,0.0,48.36756642337991,-4.772080798710135,False,False,False,False,False,0.0,1,0.9265600621513911,1.0170014958397626,False,False,False,False,-0.18302558781477124,-0.16744003483821668,False,False,False,False,-1617537,-1169508.9508979707,False,False,False,False,63773.84077364103,False,False,False,False
2023-10-04 00:00:00+00:00,41.94,42.41,41.71,42.0,39221,,,,,,,,,43.924802918749265,41.870261804360275,,,,,,,,,,,,,,,41.10692893885474,"rgba(239, 83, 80, 0.5)",0.0,0.0,3.133237826798203,42.17919640392586,-0.07634160480255976,0.0,0.0,0.0,0.0,45.781918924781756,-4.772080798710135,False,False,False,True,False,0.0,1,0.9105567425715256,1.0314869353386418,False,False,False,False,-0.22480014629619918,-0.19612009056720792,False,False,False,False,-1656758,-1188616.756745109,False,False,False,False,62810.98427271393,False,False,False,False
2023-10-05 00:00:00+00:00,41.47,41.82,40.92,41.82,50233,,,,,,,,,43.895950627466796,41.86629114752356,,,,,,,,,,,,,,,41.108118716877954,"rgba(239, 83, 80, 1.0)",0.0,0.0,3.034859736729436,42.166880281715905,-0.22962520253634844,0.0,0.0,0.0,0.0,42.57527550933399,-1.2825467560945043,False,True,False,True,False,0.0,1,0.887841861714259,1.0546126153393625,False,False,False,False,-0.2889928833105261,-0.242556486938867,False,False,False,False,-1706991,-1208945.1584413794,False,False,False,False,62317.72998750946,False,False,False,False
2023-10-06 00:00:00+00:00,41.06,41.62,40.93,41.4,28621,,,,,,,,,43.87850949630891,41.86309450230937,,,,,,,,,,,,,,,41.108335981238945,"rgba(239, 83, 80, 1.0)",0.0,0.0,2.9134141576600276,42.15914261071201,-0.3772696057723589,0.0,0.0,0.0,0.0,39.29097302051083,-4.394469808828873,False,True,False,True,False,0.0,1,0.8808718766613504,1.0630111642743223,False,False,False,False,-0.29800393761103033,-0.2702802122749487,False,False,False,False,-1735612,-1229598.7600711293,False,False,False,False,60996.28959584243,False,False,False,False
2023-10-09 00:00:00+00:00,41.13,41.154,40.21,40.515,48177,,,,,,,,,43.84564379176669,41.8547877360208,,,,,,,,,,,,,,,41.10727609603971,"rgba(239, 83, 80, 1.0)",0.0,0.0,2.779438662622204,42.143163489826314,-0.3645209025301761,0.0,0.0,0.0,0.0,37.49501079002911,-6.096464944227122,False,True,False,True,False,0.0,1,0.8641993668869108,1.0811192079712761,False,False,False,False,-0.34282825441539394,-0.3065542333451713,False,False,False,False,-1687435,-1247553.1224212812,False,False,False,False,60493.57235678978,False,False,False,False
2023-10-10 00:00:00+00:00,42.04,42.38,41.03,41.03,42435,,,,,,,,,43.82654962959169,41.854519304558806,,,,,,,,,,,,,,,41.1096588739281,"rgba(239, 83, 80, 1.0)",0.0,0.0,2.600636845082338,42.13876987750292,-0.03797911180474343,0.0,0.0,0.0,0.0,40.71774776963595,-6.096464944227122,False,True,False,True,False,0.0,1,0.8648654389430532,1.0811869410990036,False,False,False,False,-0.24726697920105636,-0.2769106062731138,False,False,False,False,-1645000,-1263139.2744831918,False,False,False,False,59785.39304868038,False,False,False,False
2023-10-11 00:00:00+00:00,40.97,42.54,40.72,41.97,70799,,,,,,,,,43.789193985714455,41.849357643945204,,,,,,,,,,,,,,,41.111332617272495,"rgba(239, 83, 80, 1.0)",0.0,0.0,2.4141903535270104,42.12639982514271,-0.4790010959381359,0.0,0.0,0.0,0.0,39.6273714326579,-6.096464944227122,False,True,False,True,False,0.0,1,0.8512052334423634,1.076922435884081,False,False,False,False,-0.2541054809649048,-0.2655080436190093,False,False,False,False,-1715799,-1280890.6362681647,False,False,False,False,60217.299203634095,False,False,False,False
2023-10-12 00:00:00+00:00,40.39,41.04,40.2,41.04,40035,,,,,,,,,43.76106699237043,41.840838019250356,,,,,,,,,,,,,,,41.10954831624776,"rgba(239, 83, 80, 1.0)",0.0,0.0,2.2233785427011625,42.11322703328798,-0.7750488727818896,0.0,0.0,0.0,0.0,37.534863369418346,-6.096464944227122,False,True,False,True,False,0.0,0,0.8358844420444871,1.108459158030281,False,False,False,False,-0.34282825441539394,-0.30416814901720163,False,False,False,False,-1755834,-1299515.8662184328,False,False,False,False,59425.836489766094,False,False,False,False
2023-10-13 00:00:00+00:00,40.05,40.53,39.72,40.31,39992,,,,,,,,,43.72964807266634,41.82956760095774,,,,,,,,,,,,,,,41.10639025861082,"rgba(239, 83, 80, 1.0)",0.0,0.0,2.058159827096445,42.097353576703426,-0.9947495572254654,0.0,0.0,0.0,0.0,35.40730342584745,-8.011864986510425,False,True,False,True,False,0.0,0,0.829904846298289,1.1325864506192374,False,False,False,False,-0.34282825441539394,-0.3234982017162978,False,False,False,False,-1795826,-1318979.0087196708,False,False,False,False,58663.72525487331,False,False,False,False
2023-10-16 00:00:00+00:00,40.11,40.69,39.79,40.46,84440,,,,,,,,,43.66676973556703,41.80754745592353,,,,,,,,,,,,,,,41.10042102673368,"rgba(239, 83, 80, 1.0)",0.0,0.0,2.1014244418214245,42.06755385267471,-0.9315366347304832,0.0,0.0,0.0,0.0,34.2787853564849,-9.231495654420115,False,True,False,True,False,0.0,0,0.8060449533199713,1.1375919877342677,False,False,False,False,-0.33181339859236314,-0.3276558001543305,False,False,False,False,-1711386,-1334367.5181816446,False,False,False,False,59674.55955860377,False,False,False,False
2023-10-17 00:00:00+00:00,40.6,40.79,39.645,39.93,50012,,,,,,,,,43.632119895153274,41.79595857901266,,,,,,,,,,,,,,,41.09749660813897,"rgba(239, 83, 80, 1.0)",0.0,0.0,2.1358069808527325,42.05238789450749,-0.6800183291505184,0.0,0.0,0.0,0.0,35.83543573850434,-9.231495654420115,False,True,False,True,False,0.0,0,0.8184814675805848,1.1266918420451186,False,False,False,False,-0.33290264714159523,-0.33027922364796286,False,False,False,False,-1661374,-1347191.3017823645,False,False,False,False,59295.6356543448,False,False,False,False
2023-10-18 00:00:00+00:00,39.91,40.59,39.702,40.33,45354,,,,,,,,,43.59871441838185,41.783625712504254,,,,,,,,,,,,,,,41.09389268182176,"rgba(239, 83, 80, 1.0)",0.0,0.0,2.1836192206748666,42.03706812348344,-0.9741021251983901,0.0,0.0,0.0,0.0,35.10332495624512,-9.231495654420115,False,True,False,True,False,0.0,0,0.8436295233621526,1.122771380569697,False,False,False,False,-0.3404454857036717,-0.3353623546758173,False,False,False,False,-1706728,-1361290.7801438402,False,False,False,False,58748.904844370496,False,False,False,False
2023-10-19 00:00:00+00:00,39.4,40.07,38.95,39.71,39509,,,,,,,,,43.56531047161161,41.76935585080327,,,,,,,,,,,,,,,41.08896895779996,"rgba(239, 83, 80, 1.0)",0.0,0.0,2.242068165256684,42.020245240534415,-1.1686733174031023,0.0,0.0,0.0,0.0,33.496437557610115,-10.496102676749771,False,True,False,True,False,0.0,0,0.8527197756605294,1.119620767571202,False,False,False,False,-0.34282825441539394,-0.33909530454560566,False,False,False,False,-1746237,-1376386.710334278,False,False,False,False,57994.398772042245,False,False,False,False
2023-10-20 00:00:00+00:00,38.63,39.53,38.07,39.53,54877,,,,,,,,,43.511681924545755,41.7436158066529,,,,,,,,,,,,,,,41.079111731580625,"rgba(239, 83, 80, 1.0)",0.0,0.0,2.31877142058046,41.99116984651325,-1.4495477288881904,0.0,0.0,0.0,0.0,30.990250971356105,-13.080658412967203,False,True,False,True,False,0.0,0,0.8326867386612736,1.1389054954187179,False,False,False,False,-0.34282825441539394,-0.34096177948049977,False,False,False,False,-1801114,-1393042.6824780318,False,False,False,False,57872.14783980529,False,False,False,False
2023-10-23 00:00:00+00:00,38.27,38.97,38.14,38.58,27415,,,,,,,,,43.48376944147836,41.729721216333544,,,,,,,,,,,,,,,41.07362472736641,"rgba(239, 83, 80, 1.0)",0.0,0.0,2.4016887301972725,41.975853219629364,-1.5430197814705846,0.0,0.0,0.0,0.0,28.729529139845603,-15.372106740873008,False,True,False,True,False,0.0,0,0.8296592844247358,1.1519882544248639,False,False,False,False,-0.34282825441539394,-0.3418950169479469,False,False,False,False,-1828529,-1410120.577282815,False,False,False,False,56677.74988530313,False,False,False,False
2023-10-24 00:00:00+00:00,38.72,38.74,37.85,38.38,54714,,,,,,,,,43.42872012659246,41.70214400806221,,,,,,,,,,,,,,,41.06264522493038,"rgba(239, 83, 80, 1.0)",0.0,0.0,2.467501906312839,41.94603443650672,-1.3074090959173161,0.0,0.0,0.0,0.0,29.386269738138292,-15.372106740873008,False,True,False,True,False,0.0,0,0.811782526188592,1.1602418455830419,False,False,False,False,-0.34282825441539394,-0.34236163568167044,False,False,False,False,-1773815,-1424383.103663881,False,False,False,False,56600.74008587948,False,False,False,False
2023-10-25 00:00:00+00:00,38.77,39.1599,38.31,38.52,48581,,,,,,,,,43.383811319460584,41.68033004505604,,,,,,,,,,,,,,,41.054114506901534,"rgba(239, 83, 80, 1.0)",0.0,0.0,2.5243516695086674,41.922912625378025,-1.248998966135212,0.0,0.0,0.0,0.0,30.063414162258077,-15.372106740873008,False,True,False,True,False,0.0,0,0.8203523741467896,1.1515539619296822,False,False,False,False,-0.301068356583893,-0.32171499613278176,False,False,False,False,-1725234,-1436181.1780300033,False,False,False,False,56286.24047466852,False,False,False,False
2023-10-26 00:00:00+00:00,38.18,38.96,37.7,38.96,52562,,,,,,,,,43.331389947050354,41.65339149494349,,,,,,,,,,,,,,,41.04310298603337,"rgba(239, 83, 80, 1.0)",0.0,0.0,2.5897001252536156,41.89498217719751,-1.4345221444640026,0.0,0.0,0.0,0.0,29.27349353753347,-15.376960542807538,False,True,False,True,False,0.0,0,0.8263897246838585,1.1457387125449483,False,False,False,False,-0.33922208739488857,-0.33046854176383517,False,False,False,False,-1777796,-1449577.8377151014,False,False,False,False,56140.19182860309,False,False,False,False
2023-10-27 00:00:00+00:00,37.69,38.34,36.94,38.18,155489,,,,,,,,,43.16405477033406,41.561869695451,,,,,,,,,,,,,,,41.00380016305214,"rgba(239, 83, 80, 1.0)",0.0,0.0,2.6655154632236795,41.803541442203326,-1.5432442613663937,0.0,0.0,0.0,0.0,27.844925563116156,-16.99062269656836,False,True,False,True,False,0.0,0,0.8222416428148803,1.1455610588311544,False,False,False,False,-0.34282825441539394,-0.33664839808961455,False,False,False,False,-1933285,-1468546.7460399994,False,False,False,False,60036.22352159905,False,False,False,False
2023-10-30 00:00:00+00:00,37.98,38.53,37.31,37.88,47734,,,,,,,,,43.11718804004065,41.53658609484551,,,,,,,,,,,,,,,40.99292277033835,"rgba(239, 83, 80, 1.0)",0.0,0.0,2.727179065931962,41.779101113011684,-1.3930515822999014,0.0,0.0,0.0,0.0,28.387917147898772,-16.99062269656836,False,True,False,True,False,0.0,0,0.837993327852199,1.125534462117325,False,False,False,False,-0.31450281153615894,-0.3255756048128867,False,False,False,False,-1885551,-1484899.8540384308,False,False,False,False,59553.783383497124,False,False,False,False
2023-10-31 00:00:00+00:00,39.41,39.5,38.1,38.1,61803,,,,,,,,,43.069952147314645,41.513894830673706,,,,,,,,,,,,,,,40.98381907278149,"rgba(239, 83, 80, 0.75)",0.0,0.0,2.752519239199254,41.75769569452982,-0.8529261707223534,0.0,0.0,0.0,0.0,34.50803736750218,-20.645058533995776,False,True,False,True,True,0.0,0,0.8625571899244108,1.0996380088658355,False,False,False,False,-0.22836128115219084,-0.27696844298253875,False,False,False,False,-1823748,-1498188.016625159,False,False,False,False,59641.987956693316,False,False,False,False
2023-11-01 00:00:00+00:00,38.63,39.42,38.44,39.26,68484,,,,,,,,,43.01668335436612,41.48751719820978,,,,,,,,,,,,,,,40.97295364839558,"rgba(239, 83, 80, 0.5)",0.0,0.0,2.7871768790220046,41.73310608743874,-1.113350972015666,0.0,0.0,0.0,0.0,36.59147973852509,-18.741670835364584,False,False,False,True,True,0.0,0,0.8838122583846771,1.0941893876117326,False,False,False,False,-0.2159415093878083,-0.24645497618517354,False,False,False,False,-1892232,-1513640.721855545,False,False,False,False,59988.733527019074,False,False,False,False
2023-11-02 00:00:00+00:00,35.08,35.67,32.19,35.36,295623,,,,,,,,,42.568958730209,41.195541165204666,,,,,,,,,,,,,,,40.83102169887101,"rgba(239, 83, 80, 1.0)",0.0,0.0,2.9114354095779014,41.01956164000085,-2.0400801681744913,0.0,0.0,0.0,0.0,32.67108411578528,-18.741670835364584,False,True,False,True,False,0.0,0,0.8108205218932902,1.1060092326268116,True,False,False,False,-0.34282825441539394,-0.29464161530028377,False,False,False,False,-2187855,-1540080.497469053,False,False,False,False,69229.29299654774,False,False,False,False
2023-11-03 00:00:00+00:00,35.93,36.74,34.39,35.69,250736,,,,,,,,,42.28122630626659,41.011727519339196,,,,,,,,,,,,,,,40.73968195607503,"rgba(239, 83, 80, 1.0)",0.0,0.0,3.0058236268410004,40.89575231086321,-1.6520438080666813,0.0,0.0,0.0,0.0,32.395810063196706,-18.741670835364584,False,True,False,True,False,0.0,0,0.8622372924617093,1.081042517100251,False,False,False,False,-0.23435067290615874,-0.26449614410322125,False,False,False,False,-1937119,-1555650.6348232077,False,False,False,False,76347.20307511449,False,False,False,False
2023-11-06 00:00:00+00:00,34.95,36.085,34.43,35.22,107136,,,,,,,,,42.15615883456401,40.929400852241486,,,,,,,,,,,,,,,40.697632184143416,"rgba(239, 83, 80, 1.0)",0.0,0.0,3.128744174282715,40.82908978665019,-1.879057365883231,0.0,0.0,0.0,0.0,31.088913128474797,-13.193355297533913,False,True,False,True,False,0.0,0,0.8626883259278368,1.0930355795026085,False,False,False,False,-0.2527272233793998,-0.2586116837413105,False,False,False,False,-2044255,-1574811.5903203369,False,False,False,False,77554.6068760904,True,False,False,False
2023-11-07 00:00:00+00:00,36.35,36.82,34.65,35.04,95613,,,,,,,,,42.060298512701074,40.867584817900195,,,,,,,,,,,,,,,40.66587594717766,"rgba(239, 83, 80, 1.0)",0.0,0.0,3.1962252905744992,40.784993022393536,-1.3875720949559145,0.0,0.0,0.0,0.0,33.61720987838891,-13.193355297533913,False,True,False,True,False,0.0,0,0.8745010052244432,1.0750113630366798,False,False,False,False,-0.221343754108565,-0.23997771892493774,False,False,False,False,-1948642,-1589471.6063862059,False,False,False,False,78262.7791554594,False,False,False,False
2023-11-08 00:00:00+00:00,36.33,36.46,35.9816,36.17,67151,,,,,,,,,41.998120922798094,40.82781415377876,,,,,,,,,,,,,,,40.64530516821305,"rgba(239, 83, 80, 0.5)",0.0,0.0,3.2605055872800817,40.75785180394879,-1.3580261359535073,0.0,0.0,0.0,0.0,35.2739202973171,-13.193355297533913,False,False,False,True,True,0.0,0,0.8944061132764193,1.0804619071580257,False,False,False,False,-0.17925262050335605,-0.2096151697141469,False,False,False,False,-2015793,-1606190.0924102764,False,False,False,False,77827.02311014727,False,False,False,False
2023-11-09 00:00:00+00:00,36.7,37.35,36.1239,36.21,81222,,,,,,,,,41.93065244775637,40.785444042235795,,,,,,,,,,,,,,,40.62330225878107,"rgba(239, 83, 80, 0.5)",0.0,0.0,3.303052843974805,40.73132684048641,-1.2204851181355056,0.0,0.0,0.0,0.0,37.26921042856751,-18.5349000299505,False,False,False,True,True,0.0,0,0.9142551660397048,1.0583568941349801,False,False,False,False,-0.13133258388093266,-0.17047387679753978,False,False,False,False,-1934571,-1619067.775060854,False,False,False,False,77960.15945876896,False,False,False,False
2023-11-10 00:00:00+00:00,37.83,38.3,36.47,36.77,64807,,,,,,,,,41.886217131240215,40.75886808506713,,,,,,,,,,,,,,,40.609527575821396,"rgba(239, 83, 80, 0.5)",0.0,0.0,3.3174140748697787,40.71837952086846,-0.8706719920038447,0.0,0.0,0.0,0.0,41.09674694934972,-14.876427506625426,True,False,False,True,True,0.0,0,0.9321720431561755,1.032326558764957,False,False,False,False,-0.08068888468098125,-0.1255813807392605,False,False,False,False,-1869764,-1628898.9995682715,False,False,False,False,77444.34928391528,False,False,False,False
2023-11-13 00:00:00+00:00,36.69,37.58,36.28,37.58,66865,,,,,,,,,41.834251385535495,40.72618634496156,,,,,,,,,,,,,,,40.59231504319915,"rgba(239, 83, 80, 0.5)",0.0,0.0,3.338366650308481,40.69729886004077,-1.200377094490348,0.0,0.0,0.0,0.0,41.633502993982205,-14.335885173502682,True,False,False,True,True,0.0,0,0.9396069874877098,1.0252905841313453,False,False,False,False,-0.11385928891179815,-0.11972033482552932,False,False,False,False,-1936629,-1640966.842722457,False,False,False,False,77029.4728414088,False,False,False,False
2023-11-14 00:00:00+00:00,37.82,37.9,36.78,37.04,119540,,,,,,,,,41.75574540199215,40.67867312856707,,,,,,,,,,,,,,,40.567209515915714,"rgba(239, 83, 80, 0.5)",0.0,0.0,3.3078853265089645,40.67115069589089,-0.8619254945273146,0.0,0.0,0.0,0.0,44.26574536420858,-11.754550629135693,True,False,False,True,True,0.0,1,0.964981147320226,1.0002053595475355,False,False,False,False,-0.08396041292765788,-0.1018403738765936,False,False,False,False,-1817089,-1647873.5939882428,False,False,False,False,78696.55233782413,False,False,False,False
2023-11-15 00:00:00+00:00,38.39,38.49,37.895,38.13,52422,,,,,,,,,41.72818409597651,40.6631418994308,,,,,,,,,,,,,,,40.5590183990544,#000000,0.0,0.0,3.2648307103994783,40.66523660536947,-0.6968926744416337,0.0,0.0,0.0,0.0,47.06336291079406,-9.058190090686232,True,False,False,False,True,0.0,0,0.9797689182713066,0.9941577607797778,False,False,False,False,-0.022208248916315558,-0.062024311396454576,False,False,False,False,-1764667,-1652453.7275573316,False,False,False,False,77666.17773634083,False,False,False,False
2023-11-16 00:00:00+00:00,38.37,39.0709,38.15,38.42,89693,,,,,,,,,41.68563953446702,40.63997911036381,,,,,,,,,,,,,,,40.5467784102956,#000000,0.0,0.0,3.227259356629857,40.657880601334476,-0.7089236867915236,0.0,0.0,0.0,0.0,48.88654797320433,-7.287211344641271,True,False,False,False,True,0.0,0,0.9916404339543615,0.9723729008200817,False,False,False,False,0.007975767168938752,-0.02702427211375791,False,False,False,False,-1854360,-1660371.620594299,False,False,False,False,78137.81782511178,False,False,False,False
2023-11-17 00:00:00+00:00,38.91,39.25,38.28,38.28,79698,,,,,,,,,41.652081457502355,40.62252070357605,,,,,,,,,,,,,,,40.5375349163052,"rgba(38, 166, 154, 1.0)",0.0,0.0,3.1519342724202977,40.653720830943556,-0.5532224596817483,0.0,0.0,0.0,0.0,51.14932984074242,-5.077755704711549,True,False,True,False,True,0.0,0,0.9947884272327743,0.9833400542687052,False,False,False,False,0.01913799974788865,-0.003943136182934631,False,False,False,False,-1774662,-1664853.5962572678,False,False,False,False,78199.00143981329,False,False,False,False
2023-11-20 00:00:00+00:00,39.25,39.45,38.9,39.18,59449,,,,,,,,,41.63089638723797,40.612450905467895,,,,,,,,,,,,,,,40.53223578959261,"rgba(38, 166, 154, 1.0)",0.0,0.0,3.059919430135202,40.65327722992821,-0.45859940497394197,0.0,0.0,0.0,0.0,53.30551466799728,-2.965310450415579,True,False,True,False,True,0.0,0,0.9890363828647555,0.9818875413753791,False,False,False,False,0.04878044491533874,0.022418654366202054,False,False,False,False,-1715213,-1666828.4748354142,False,False,False,False,77463.70726570296,False,False,False,False
2023-11-21 00:00:00+00:00,39.67,39.88,38.85,39.11,34988,,,,,,,,,41.619947493193045,40.60769718116781,,,,,,,,,,,,,,,40.529756975823794,"rgba(38, 166, 154, 1.0)",0.0,0.0,2.9716664236305794,40.654060798780634,-0.33114780008799705,0.0,0.0,0.0,0.0,55.53714981713756,-0.7758300138580765,True,False,True,False,True,0.0,0,0.9876526809861503,0.9707922039879284,False,False,False,False,0.06254312387253542,0.04248088911936874,False,False,False,False,-1680225,-1667353.8287634372,False,False,False,False,75797.99325528323,False,False,False,False
2023-11-22 00:00:00+00:00,39.83,40.41,39.52,40.0,39708,,,,,,,,,41.61024295383351,40.604474278613054,,,,,,,,,,,,,,,40.52815139240971,"rgba(38, 166, 154, 1.0)",0.0,0.0,2.9068047719071215,40.52048472296063,-0.2375407972471485,0.0,0.0,0.0,0.0,57.3317680217866,1.0153231186376033,True,False,True,False,True,0.0,0,0.9977035817320775,0.9675949866637634,False,False,False,False,0.10618503769931191,0.07433296340934033,False,False,False,False,-1640517,-1666301.4041060475,False,False,False,False,74382.69940213488,False,False,False,False
2023-11-24 00:00:00+00:00,40.07,40.12,39.84,40.02,9142,,,,,,,,,41.60814247593306,40.60383354447942,,,,,,,,,,,,,,,40.52783746244929,"rgba(38, 166, 154, 1.0)",0.0,0.0,2.8545552469093485,40.52216470696375,-0.15840110554991435,0.0,0.0,0.0,0.0,59.00475107827427,2.721941423176716,True,False,True,False,True,0.0,0,1.0011207437600433,0.9783610243253121,False,False,False,False,0.10728057484343718,0.09080676912638876,False,False,False,False,-1631375,-1664931.7411999279,False,False,False,False,71824.24060205116,False,False,False,False
2023-11-27 00:00:00+00:00,40.03,40.26,39.5,39.93,29823,,,,,,,,,41.6009873797786,40.601472613948964,,,,,,,,,,,,,,,40.52665819633833,"rgba(38, 166, 154, 1.0)",0.0,0.0,2.8023162041618614,40.52436851098107,-0.1764142498433464,0.0,0.0,0.0,0.0,59.98160052378986,3.8152670497988836,True,False,True,False,True,0.0,0,0.9881274390369801,0.975652646720764,False,False,False,False,0.09998170960665068,0.09539423936651972,False,False,False,False,-1661198,-1664785.3199764013,False,False,False,False,70177.13312746091,False,False,False,False
2023-11-28 00:00:00+00:00,39.17,39.58,39.05,39.26,46028,,,,,,,,,41.585726855969085,40.59429339260081,,,,,,,,,,,,,,,40.522833940458845,"rgba(38, 166, 154, 1.0)",0.0,0.0,2.733046262666242,40.51151222685779,-0.4908487079721315,0.0,0.0,0.0,0.0,57.82258757736878,3.8152670497988836,True,False,True,False,True,0.0,0,0.9668994566708738,0.9881661269963227,False,False,False,False,0.05891928378430418,0.07715676157541196,False,False,False,False,-1707226,-1666449.6603694835,False,False,False,False,69230.10829893303,False,False,False,False
2023-11-29 00:00:00+00:00,39.27,39.75,39.01,39.22,70240,,,,,,,,,41.56357694702934,40.58410947113034,,,,,,,,,,,,,,,40.51739601811883,"rgba(38, 166, 154, 0.75)",0.0,0.0,2.6543792338543413,40.50480506935999,-0.4651954225722916,0.0,0.0,0.0,0.0,56.64847049881603,3.8152670497988836,True,False,True,False,False,0.0,0,0.9616813668803839,0.9864858392122782,False,False,False,False,0.06363059156180303,0.0703936765686075,False,False,False,False,-1636986,-1665294.2227079354,False,False,False,False,69269.7118950533,False,False,False,False
2023-11-30 00:00:00+00:00,38.88,39.68,38.73,39.68,46477,,,,,,,,,41.54755786110475,40.57613994848369,,,,,,,,,,,,,,,40.51307509122982,"rgba(38, 166, 154, 0.75)",0.0,0.0,2.5790243773060357,40.4983402309719,-0.6275009438500775,0.0,0.0,0.0,0.0,54.62779763640055,3.8152670497988836,True,False,True,False,False,0.0,0,0.960181937914452,0.9855344724021691,False,False,False,False,0.050952139003089585,0.06067290778584854,False,False,False,False,-1683463,-1666006.7237782124,False,False,False,False,68375.8800560316,False,False,False,False
2023-12-01 00:00:00+00:00,39.3,39.41,38.66,39.06,71055,,,,,,,,,41.52372788728598,40.56433637554576,,,,,,,,,,,,,,,40.5066431571796,"rgba(38, 166, 154, 0.75)",0.0,0.0,2.522302144491844,40.491335048769,-0.4723205153556327,0.0,0.0,0.0,0.0,54.51516048863487,3.8152670497988836,True,False,True,False,False,0.0,0,0.9752895568023826,0.9810182754675744,False,False,False,False,0.03865161742147498,0.04966226260366176,False,False,False,False,-1612408,-1663904.813041812,False,False,False,False,68480.94358324606,False,False,False,False
2023-12-04 00:00:00+00:00,39.54,40.0,39.2,39.35,46374,,,,,,,,,41.5113373885955,40.559144403575054,,,,,,,,,,,,,,,40.503852605450696,"rgba(38, 166, 154, 0.75)",0.0,0.0,2.47251440754054,40.492960119767034,-0.3854214628075568,0.0,0.0,0.0,0.0,55.12557618379576,3.8152670497988836,True,False,True,False,False,0.0,0,0.985125953426385,0.9611574898049032,False,False,False,False,0.07959875431361439,0.06463050845863808,False,False,False,False,-1566034,-1660066.741942133,False,False,False,False,67614.00461919719,False,False,False,False
2023-12-05 00:00:00+00:00,39.05,39.73,38.925,39.5,39973,,,,,,,,,41.4988979052218,40.5531513759727,,,,,,,,,,,,,,,40.50056745670025,"rgba(38, 166, 154, 0.75)",0.0,0.0,2.4227971326435895,40.49064553752971,-0.5946207869074775,0.0,0.0,0.0,0.0,53.80890658135073,9.017656477933947,True,False,True,False,False,0.0,0,0.9755005447219306,0.9978280624753483,False,False,False,False,0.059825095204049265,0.062227801831343674,False,False,False,False,-1606007,-1657946.7520620495,False,False,False,False,66530.04365373848,False,False,False,False
2023-12-06 00:00:00+00:00,38.34,39.395,38.09,39.24,36986,,,,,,,,,41.48435575583559,40.54504091380537,,,,,,,,,,,,,,,40.49604525214697,#000000,0.0,0.0,2.387588387119179,40.48319796986296,-0.8976413109668778,0.0,0.0,0.0,0.0,50.75439457886069,5.922265615060553,True,False,False,False,False,0.0,0,0.9562306944557148,0.988949761124914,False,False,False,False,0.017512727256228842,0.039870264543786255,False,False,False,False,-1642993,-1657360.3304125573,False,False,False,False,65371.45370653305,False,False,False,False
2023-12-07 00:00:00+00:00,40.73,41.09,37.89,38.29,160113,,,,,,,,,41.450656813409886,40.53366143099342,,,,,,,,,,,,,,,40.48997595811716,"rgba(38, 166, 154, 1.0)",0.0,0.0,2.3380165768260865,40.36928016229275,0.15428455096624225,0.0,0.0,0.0,0.0,54.63878174644819,5.922265615060553,True,False,True,False,True,0.8767942003780753,0,0.9479039438459348,0.9678450179718927,False,False,False,False,0.07161011580260869,0.05574019017319747,False,False,False,False,-1482880,-1650517.9645140257,False,False,False,False,69086.8084631396,False,False,False,False
2023-12-08 00:00:00+00:00,39.93,40.483,39.82,40.39,38311,,,,,,,,,41.443690014775804,40.531734779107694,,,,,,,,,,,,,,,40.488968210569276,"rgba(38, 166, 154, 1.0)",0.0,0.0,2.275344915938361,40.374818113175465,-0.19549480611031686,0.0,0.0,0.0,0.0,55.0302918247143,5.922265615060553,True,False,True,False,True,0.0,1,0.9714509767512799,0.9763749372070698,False,False,False,False,0.12233268447618222,0.08903643732468984,False,False,False,False,-1521191,-1645446.3188468092,False,False,False,False,67879.91401360472,False,False,False,False
2023-12-11 00:00:00+00:00,39.73,40.024,39.61,39.94,27424,,,,,,,,,41.43769793508772,40.529492150974434,,,,,,,,,,,,,,,40.4877439465372,"rgba(38, 166, 154, 1.0)",0.0,0.0,2.2188159085503463,40.3750116754956,-0.29070085220229847,0.0,0.0,0.0,0.0,54.76596229260427,5.922265615060553,True,False,True,False,True,0.0,1,0.967237790178979,0.981625251489833,False,False,False,False,0.10846392777960545,0.09875018255214765,False,False,False,False,-1548615,-1641649.0122253657,False,False,False,False,66293.40758169866,False,False,False,False
2023-12-12 00:00:00+00:00,39.46,40.13,39.34,39.64,34041,,,,,,,,,41.42967313660335,40.52618769665719,,,,,,,,,,,,,,,40.48591727083198,"rgba(38, 166, 154, 1.0)",0.0,0.0,2.1630937387276092,40.373563935650246,-0.4223413527088421,0.0,0.0,0.0,0.0,53.86215603797386,5.922265615060553,True,False,True,False,True,0.0,1,0.9674741757886515,0.9772551321009326,False,False,False,False,0.11654341529385287,0.10764679892300026,False,False,False,False,-1582656,-1639335.5607655474,False,False,False,False,65028.60728437715,False,False,False,False
2023-12-13 00:00:00+00:00,40.21,40.21,38.34,39.5,72880,,,,,,,,,41.412194085308094,40.518746422270965,,,,,,,,,,,,,,,40.4817716669048,"rgba(38, 166, 154, 1.0)",0.0,0.0,2.109162978166584,40.370125464243955,-0.07591896211981934,0.0,0.0,0.0,0.0,55.00969167051611,5.922265615060553,True,False,True,False,True,0.0,1,0.9595756754149132,0.975110913422936,False,False,False,False,0.10428787313519561,0.10596733602909794,False,False,False,False,-1509776,-1634254.7936767025,False,False,False,False,65336.50503793098,False,False,False,False
2023-12-14 00:00:00+00:00,40.71,40.93,39.53,40.44,83038,,,,,,,,,41.40126647688185,40.51759497803221,,,,,,,,,,,,,,,40.481292144400356,"rgba(38, 166, 154, 1.0)",0.0,0.0,2.050228069053588,40.38628845473063,0.15789050503966523,0.0,0.0,0.0,0.0,56.83261401903191,2.061262102127884,True,False,True,False,True,0.9311214315643532,1,0.9842848897274589,0.9538894089534089,False,False,False,False,0.20772819632059006,0.156847766174844,False,False,False,False,-1426738,-1626116.8801991846,False,False,False,False,66030.6813109533,False,False,False,False
2023-12-15 00:00:00+00:00,40.32,41.0,39.64,41.0,115281,,,,,,,,,41.385453733937176,40.51517168789645,,,,,,,,,,,,,,,40.48013054757337,"rgba(38, 166, 154, 1.0)",0.0,0.0,2.013426401404815,40.40184869050287,-0.04065144394935847,0.0,0.0,0.0,0.0,56.839243033090646,2.262967808636077,True,False,True,False,True,0.0,1,1.0007718121344942,0.9454586091623746,False,False,False,False,0.2157157186639182,0.1862817424193811,False,False,False,False,-1542019,-1622818.924112942,False,False,False,False,67962.06635758257,False,False,False,False
2023-12-18 00:00:00+00:00,40.7,40.89,39.79,40.38,45276,,,,,,,,,41.380168645978465,40.51490722222858,,,,,,,,,,,,,,,40.480073769395894,"rgba(38, 166, 154, 1.0)",0.0,0.0,1.991421014667096,40.40855206997158,0.14635173972850068,0.0,0.0,0.0,0.0,57.71206423600083,3.32564259285072,True,False,True,False,True,0.9009108257494063,1,1.0030031325228066,0.944378151891414,False,False,False,False,0.21749437636542068,0.2018880593924009,False,False,False,False,-1496743,-1617874.77022616,False,False,False,False,67072.4166965009,False,False,False,False
2023-12-19 00:00:00+00:00,41.15,41.76,40.65,40.65,76759,,,,,,,,,41.37831315168592,40.52032240289891,,,,,,,,,,,,,,,40.48343644245668,"rgba(38, 166, 154, 1.0)",0.0,0.0,1.9834447512046183,40.431248090616435,0.362375563497314,0.0,0.0,0.0,0.0,59.27934787953947,5.016007076532297,True,False,True,False,True,2.057730438248381,1,1.028167533094461,0.9232402859450699,False,False,False,False,0.29590019287219876,0.24889412613229983,False,False,False,False,-1419984,-1610114.34786435,False,False,False,False,67452.28270840284,False,False,False,False
2023-12-20 00:00:00+00:00,41.13,42.33,40.71,41.28,71307,,,,,,,,,41.378416338199166,40.52678668288625,,,,,,,,,,,,,,,40.48742669807012,"rgba(38, 166, 154, 1.0)",0.0,0.0,1.983367851921601,40.45312196188708,0.34127710472725786,0.0,0.0,0.0,0.0,60.25030241209902,6.109947670450225,True,False,True,False,True,2.003210793943225,1,1.0159905325894347,0.9339755985741773,False,False,False,False,0.3322838473751034,0.2905889867537016,False,False,False,False,-1491291,-1605454.608732415,False,False,False,False,67603.44809238704,False,False,False,False
2023-12-21 00:00:00+00:00,41.47,41.88,40.8,41.71,67158,,,,,,,,,41.378456888532774,40.53274123102706,,,,,,,,,,,,,,,40.49112527104721,"rgba(38, 166, 154, 1.0)",0.0,0.0,1.987421635375047,40.47178012683738,0.502268796613077,0.0,0.0,0.0,0.0,61.682592872978496,7.623297433912207,True,False,True,False,True,2.888256383905958,1,1.022601300537904,0.9429830827339223,False,False,False,False,0.3253626944879174,0.3079758406208095,False,False,False,False,-1424133,-1598343.957409575,False,False,False,False,67585.97953974441,False,False,False,False
2023-12-22 00:00:00+00:00,41.61,41.94,40.585,41.49,68646,,,,,,,,,41.37845585570589,40.53870747592923,,,,,,,,,,,,,,,40.49485335456572,"rgba(38, 166, 154, 1.0)",0.0,0.0,1.9935043796570353,40.48927516048185,0.5621883006401809,0.0,0.0,0.0,0.0,62.9617115079175,8.964872238262643,True,False,True,False,True,3.2537536324411356,1,1.0272717286263993,0.9186146662357529,False,False,False,False,0.3179020209226458,0.31293893077172763,False,False,False,False,-1355487,-1588820.1551582192,False,False,False,False,67627.54896955835,False,False,False,False
2023-12-26 00:00:00+00:00,42.5,42.55,41.2,41.2,55227,,,,,,,,,41.38316460354745,40.54742596841504,,,,,,,,,,,,,,,40.500205308992285,"rgba(38, 166, 154, 1.0)",0.0,0.0,2.001555458200527,40.50974272413232,0.9943552988818968,0.0,0.0,0.0,0.0,65.66471607084532,11.597022073861503,True,False,True,False,True,5.537584263701419,0,1.0443235683629477,0.9016294593882146,False,False,False,False,0.3428282450930829,0.32788358793240524,False,False,False,False,-1300260,-1577504.0706422108,False,False,False,False,67141.25293153645,False,False,False,False
2023-12-27 00:00:00+00:00,42.86,42.9,42.34,42.34,45253,,,,,,,,,41.39033343653965,40.557335842236526,,,,,,,,,,,,,,,40.50626166517772,"rgba(38, 166, 154, 1.0)",0.0,0.0,2.0188191446335173,40.5307803308087,1.153753507530823,0.0,0.0,0.0,0.0,68.11127815317093,13.903490810819974,True,False,True,False,True,6.438392030331155,0,1.0615435399120485,0.898083390068288,False,False,False,False,0.34282824589229144,0.33535591691234834,False,False,False,False,-1255007,-1564857.1266954574,False,False,False,False,66282.8900714762,False,False,False,False
2023-12-28 00:00:00+00:00,42.97,43.07,42.44,42.79,46389,,,,,,,,,41.39830462188747,40.567995192423794,,,,,,,,,,,,,,,40.512792019142765,"rgba(38, 166, 154, 1.0)",0.0,0.0,2.035569229991984,40.55244323303184,1.1876563721577191,0.0,0.0,0.0,0.0,69.94004018751866,15.599451945310179,True,False,True,False,True,6.714497403249926,0,1.065970849940717,0.8961235125357413,False,False,False,False,0.3428282460226733,0.3390920814675108,False,False,False,False,-1208618,-1550886.964864263,False,False,False,False,65502.73751965361,False,False,False,False
2023-12-29 00:00:00+00:00,43.53,43.67,42.625,43.12,158112,,,,,,,,,41.433144220447396,40.61065058266276,,,,,,,,,,,,,,,40.53903620452559,"rgba(38, 166, 154, 1.0)",0.0,0.0,2.0671675969485253,40.631691615413935,1.402067441877688,0.0,0.0,0.0,0.0,72.12347333318725,17.629281377333342,True,False,True,False,True,8.1137621685399,0,1.0680189578301613,0.8837563832623236,False,False,False,False,0.3428282463800524,0.3409601639237816,False,False,False,False,-1050506,-1531264.1819284095,False,True,False,False,69134.4733031966,False,False,False,False
2024-01-02 00:00:00+00:00,40.72,43.43,40.32,43.38,132594,,,,,,,,,41.434015793758256,40.622119016280145,,,,,,,,,,,,,,,40.54655335262675,"rgba(38, 166, 154, 0.75)",0.0,0.0,2.0473901206917975,40.653401107780965,0.03252867714167266,0.0,0.0,0.0,0.0,63.97055432544039,19.125986778753244,True,False,True,False,False,0.22143270879612587,0,1.0402877608933743,0.881639254614632,False,False,False,False,0.24359158109925821,0.2922758725115199,False,False,False,False,-1183100,-1517610.6845978836,False,False,False,False,71623.08219326733,False,False,False,False
2024-01-03 00:00:00+00:00,39.89,41.41,39.61,40.98,166418,,,,,,,,,41.412672083631236,40.61698489055981,,,,,,,,,,,,,,,40.54416401585877,"rgba(38, 166, 154, 0.75)",0.0,0.0,2.027429002544954,40.64880670947076,-0.37427042254908066,0.0,0.0,0.0,0.0,56.802078690565196,12.870872446316568,True,False,True,False,False,0.0,1,1.0426896639687246,0.9050008989724051,False,False,False,False,0.1420959734650162,0.21718592298826805,False,False,False,False,-1349518,-1511018.8146136529,False,False,False,False,75340.5299503941,False,False,False,False
2024-01-04 00:00:00+00:00,39.37,40.86,39.03,40.24,304412,,,,,,,,,41.357288265786416,40.59227001961635,,,,,,,,,,,,,,,40.53020392643977,#000000,0.0,0.0,1.996691434519804,40.6195942449826,-0.6258324262722775,0.0,0.0,0.0,0.0,51.0333556759624,8.04857742751988,False,False,False,False,False,0.0,0,1.0322061679049188,0.9062873159458364,False,False,False,False,0.10103399718784423,0.15910996008805614,False,False,False,False,-1653930,-1516623.1748248823,False,False,False,False,84323.72485430022,False,False,False,False
2024-01-05 00:00:00+00:00,40.66,44.96,39.0,39.0,439393,,,,,,,,,41.365686172376385,40.629863928055315,,,,,,,,,,,,,,,40.55529403968524,#000000,1.0,41.825,1.9728197499431703,40.649390324890874,0.005377924217064708,0.0,0.0,0.0,0.0,50.41909626033805,7.947880689408542,False,False,False,False,False,0.1613344025493042,1,1.033565584312446,0.8521034011157601,False,False,False,False,0.2515802808305633,0.2053451204593097,False,False,False,False,-1214537,-1504776.658165083,False,False,False,False,98248.0101541316,False,False,False,False
2024-01-08 00:00:00+00:00,39.05,41.18,38.505,40.33,140873,,,,,,,,,41.33973025032541,40.61665884868652,,,,,,,,,,,,,,,40.54757301819843,"rgba(239, 83, 80, 0.5)",0.0,0.0,1.9524427112057885,40.610980115350664,-0.7995011102715722,0.0,0.0,0.0,0.0,47.05303397733769,5.00983144412362,False,False,False,True,False,0.0,1,1.019638368960139,0.9133595726427788,False,False,False,False,0.09362491890943038,0.14948501968437003,False,False,False,False,-1355410,-1498919.1421586091,False,False,False,False,99919.57838338135,False,False,False,False
2024-01-09 00:00:00+00:00,39.16,39.3128,38.17,38.57,81083,,,,,,,,,41.31934876128505,40.60420296959082,,,,,,,,,,,,,,,40.540026087248286,"rgba(239, 83, 80, 1.0)",0.0,0.0,1.9407014892224772,40.44335068309122,-0.661281856183551,0.0,0.0,0.0,0.0,45.07496701115571,3.272812516126244,False,True,False,True,False,0.0,0,1.0234447278187888,0.9361062534830792,False,False,False,False,0.014511348377395214,0.08199818403088262,False,False,False,False,-1274327,-1490111.6071719972,False,False,False,False,99180.88903501346,False,False,False,False
2024-01-10 00:00:00+00:00,40.04,40.31,38.98,39.21,98966,,,,,,,,,41.30389714055473,40.59701759820005,,,,,,,,,,,,,,,40.53583023463424,"rgba(239, 83, 80, 1.0)",0.0,0.0,1.9280000093454632,40.45470266809056,-0.21509474381763616,0.0,0.0,0.0,0.0,45.822435004738296,3.272812516126244,False,True,False,True,False,0.0,0,1.0450384846844416,0.9138250836056067,False,False,False,False,0.07937702752021215,0.08068760577554739,False,False,False,False,-1175361,-1477768.4461064287,False,False,False,False,99172.46201403254,False,False,False,False
2024-01-11 00:00:00+00:00,41.33,41.58,39.87,39.87,126183,,,,,,,,,41.299140414931074,40.60062710034034,,,,,,,,,,,,,,,40.53855022911357,#000000,0.0,0.0,1.904861329515814,40.49604147816785,0.4378053713989411,0.0,0.0,0.0,0.0,48.869133537869715,3.272812516126244,False,False,False,False,False,1.890742614595979,0,1.051834119898133,0.8996618089807592,False,False,False,False,0.15783974079846497,0.11926367328700618,False,False,False,False,-1049178,-1460960.977631667,False,False,False,False,100231.69879779598,False,False,False,False
2024-01-12 00:00:00+00:00,41.07,42.205,40.92,41.88,52280,,,,,,,,,41.29965594465513,40.60422962865831,,,,,,,,,,,,,,,40.54102221603407,#000000,0.0,0.0,1.8817700791092153,40.513683347058624,0.2956347638414589,0.0,0.0,0.0,0.0,50.329197280958596,3.272812516126244,False,False,False,False,True,1.2557038109154242,0,1.0572037263202856,0.905705585646766,False,False,False,False,0.2199908613768389,0.16962726733192254,False,False,False,False,-1101458,-1446862.8216461113,False,False,False,False,98351.24002141182,False,False,False,False
2024-01-16 00:00:00+00:00,40.46,41.15,40.19,41.07,59027,,,,,,,,,41.2955743326139,40.604208171461885,,,,,,,,,,,,,,,40.5412130489694,#000000,0.0,0.0,1.8535503502470532,40.51724592440878,-0.030884472278377706,0.0,0.0,0.0,0.0,49.981025818087005,3.272812516126244,False,False,False,False,True,0.0,0,1.0425653133782173,0.9190327758391171,False,False,False,False,0.15380517716472747,0.161716222248325,False,False,False,False,-1160485,-1435632.31883646,False,False,False,False,96809.11296174863,False,False,False,False
2024-01-17 00:00:00+00:00,40.06,40.667,39.87,39.87,91407,,,,,,,,,41.28575666665328,40.60104968364551,,,,,,,,,,,,,,,40.53950688986292,#000000,0.0,0.0,1.8155452163007413,40.512495706401424,-0.2492340605668874,0.0,0.0,0.0,0.0,48.91160498737169,3.272812516126244,False,False,False,False,True,0.0,0,1.0958527151342796,0.9076946368194351,False,False,False,False,0.08940857891718712,0.12556240058275606,False,False,False,False,-1251892,-1428426.816136991,False,False,False,False,96597.26539462122,False,False,False,False
2024-01-18 00:00:00+00:00,41.23,41.25,39.62,40.02,100841,,,,,,,,,41.280027696035496,40.60189332383691,,,,,,,,,,,,,,,40.54038480971777,#000000,0.0,0.0,1.7857056848184323,40.51932577988366,0.39797948013398343,0.0,0.0,0.0,0.0,50.69829189273162,3.272812516126244,False,False,False,False,True,1.6243506632598077,0,1.0601312445427291,0.9140039187328028,False,False,False,False,0.10346649343793027,0.11451444701034316,False,False,False,False,-1151051,-1417549.3331512266,False,False,False,False,96763.68635953804,False,False,False,False
2024-01-19 00:00:00+00:00,41.5,41.99,41.03,41.54,77840,,,,,,,,,41.2817259130357,40.607808895711536,,,,,,,,,,,,,,,40.54444772776272,#000000,0.0,0.0,1.7549913169365245,40.5370961005644,0.5486659051489935,0.0,0.0,0.0,0.0,52.415722212769964,3.272812516126244,False,False,False,False,True,2.2550494167484914,1,1.0815352520952344,0.8919483559533768,False,False,False,False,0.18632569208650096,0.15042006954842208,False,False,False,False,-1073211,-1404045.8691060806,False,False,False,False,96021.58101210518,False,False,False,False
2024-01-22 00:00:00+00:00,42.47,42.56,41.655,41.88,76730,,,,,,,,,41.28866647880597,40.618186207631744,,,,,,,,,,,,,,,40.55139817702544,"rgba(38, 166, 154, 0.5)",0.0,0.0,1.76199086825667,40.56392038319696,1.0817761040322151,0.0,0.0,0.0,0.0,55.327640457096265,-1.590007815970587,False,False,True,False,True,4.477239539954692,1,1.0867859588090523,0.8902530794520208,False,False,False,False,0.23514542088197812,0.1927827452152001,False,False,False,False,-996481,-1388062.933062705,False,False,False,False,95265.04842339517,False,False,False,False
2024-01-23 00:00:00+00:00,42.3,43.0,42.14,43.0,68800,,,,,,,,,41.29644748466463,40.628815448378674,,,,,,,,,,,,,,,40.55850968551237,"rgba(38, 166, 154, 1.0)",0.0,0.0,1.7686672133874666,40.58923693969361,0.9672611372886928,0.0,0.0,0.0,0.0,56.807769829628846,0.04749183596246809,True,False,True,False,True,4.04541615098438,1,1.0732997295755986,0.8786309534759649,False,False,False,False,0.2774499512193685,0.2351163482172843,False,False,False,False,-1065281,-1375404.8180406382,False,False,False,False,94227.2033871836,False,False,False,False
2024-01-24 00:00:00+00:00,42.28,42.63,42.15,42.5,44445,,,,,,,,,41.30088803080163,40.63515223974593,,,,,,,,,,,,,,,40.5627749122935,"rgba(38, 166, 154, 1.0)",0.0,0.0,1.7820455095755194,40.60353532442498,0.9407530091497779,0.0,0.0,0.0,0.0,57.736364966592674,1.1957744609203758,True,False,True,False,True,3.9938918751252075,1,1.072096171650019,0.8967662096590351,False,False,False,False,0.2549753748854087,0.2450458615513465,False,False,False,False,-1109726,-1364986.040862574,False,False,False,False,92274.96011709797,False,False,False,False
2024-01-25 00:00:00+00:00,42.21,42.68,42.07,42.68,91133,,,,,,,,,41.30959280461079,40.64775179457807,,,,,,,,,,,,,,,40.57129589005206,"rgba(38, 166, 154, 1.0)",0.0,0.0,1.7986835225838058,40.63042104564252,0.8781861481048191,0.0,0.0,0.0,0.0,58.134655795015824,1.8951182121283807,True,False,True,False,True,3.810423659413022,1,1.0667512846816627,0.9090013862390872,False,False,False,False,0.253278031935361,0.24916194674335376,False,False,False,False,-1200859,-1358549.6863189437,False,False,False,False,92230.17736740786,False,False,False,False
2024-01-26 00:00:00+00:00,42.44,42.65,42.265,42.46,34603,,,,,,,,,41.313284804179986,40.65285939901137,,,,,,,,,,,,,,,40.574751659249564,"rgba(38, 166, 154, 1.0)",0.0,0.0,1.8187516756439654,40.6408672912511,0.9892129491025106,0.0,0.0,0.0,0.0,58.92884260548621,3.0055078065181533,True,False,True,False,True,4.360494592163182,1,1.0772749285251153,0.8994122729254583,False,False,False,False,0.25710328591064097,0.25313261632699735,False,False,False,False,-1166256,-1351008.7574436911,False,False,False,False,89970.28805888207,False,False,False,False
2024-01-29 00:00:00+00:00,42.88,42.89,42.03,42.2,44907,,,,,,,,,41.3186604663213,40.65998802643389,,,,,,,,,,,,,,,40.57957052936989,"rgba(38, 166, 154, 1.0)",0.0,0.0,1.8355942357172166,40.65512868585522,1.2120714212612829,0.0,0.0,0.0,0.0,60.44744025008887,4.781677991763715,True,False,True,False,True,5.41015048907002,0,1.0672764369052836,0.9015932445267105,False,False,False,False,0.2431043868370808,0.24811850158203907,False,False,False,False,-1121349,-1342002.4924458992,False,False,False,False,88203.10029186709,False,False,False,False
2024-01-30 00:00:00+00:00,42.43,43.08,42.15,42.69,79764,,,,,,,,,41.327755063533765,40.67222055726652,,,,,,,,,,,,,,,40.58787712729551,"rgba(38, 166, 154, 1.0)",0.0,0.0,1.8562837038527444,40.72814168788952,0.916809380257042,0.0,0.0,0.0,0.0,59.810078987288335,4.781677991763715,True,False,True,False,True,4.182256326532016,0,1.0521713631097869,0.9096587915513971,False,False,False,False,0.25812159510274385,0.25312004834239143,False,False,False,False,-1201113,-1336477.4143107657,False,False,False,False,87872.1551823821,False,False,False,False
2024-01-31 00:00:00+00:00,40.44,42.46,40.4,42.38,74552,,,,,,,,,41.32619776366839,40.6747882562909,,,,,,,,,,,,,,,40.58988367654558,"rgba(38, 166, 154, 0.5)",0.0,0.0,1.8565168878722944,40.69635673212887,-0.13808478328612206,0.0,0.0,0.0,0.0,54.02021982380067,9.53919028366687,False,False,True,False,False,0.0,0,1.0195083207022362,0.9302874194273127,False,False,False,False,0.07286031450540924,0.16299018142390034,False,False,False,False,-1275665,-1334092.6137495593,False,False,False,False,87349.79615562203,False,False,False,False
2024-02-01 00:00:00+00:00,41.25,41.27,40.5,40.6,64532,,,,,,,,,41.32431770969641,40.67650366824462,,,,,,,,,,,,,,,40.59129241719636,#000000,0.0,0.0,1.8640774352705305,40.68582597213582,0.3026558967934214,0.0,0.0,0.0,0.0,52.26344735300012,7.87019610864418,False,True,False,False,False,1.057578186723834,0,1.0181245024879564,0.9508910024451426,False,False,False,False,-0.00890539691546987,0.07704239225421523,False,False,False,False,-1211133,-1329270.6681123215,False,False,False,False,86454.98062010744,False,False,False,False
2024-02-02 00:00:00+00:00,40.68,41.22,40.51,40.74,35516,,,,,,,,,41.322636094047496,40.676863438711464,,,,,,,,,,,,,,,40.59168613269535,#000000,0.0,0.0,1.8665572973108056,40.6802090838727,-0.00011201578060227125,0.0,0.0,0.0,0.0,49.82129275785381,5.536768525282369,False,True,False,False,False,0.0,0,1.0079520914158515,0.9545165665936274,False,False,False,False,-0.011901570014839515,0.03257041111968786,False,False,False,False,-1246649,-1326030.602696152,False,False,False,False,84457.37353696598,False,False,False,False
2024-02-05 00:00:00+00:00,39.15,40.29,39.14,40.29,43989,,,,,,,,,41.31548474037389,40.672836512381025,,,,,,,,,,,,,,,40.58924246132864,"rgba(239, 83, 80, 1.0)",0.0,0.0,1.8656500738879926,40.65725218423752,-0.8078965103549277,0.0,0.0,0.0,0.0,45.38297182317409,1.3850493220255018,False,True,False,True,False,0.0,0,0.9879712313256108,0.9700927485501176,False,False,False,False,-0.18628760642178177,-0.07685859765104695,False,False,False,False,-1290638,-1324642.6574923813,False,False,False,False,82870.37849630066,False,False,False,False
2024-02-06 00:00:00+00:00,39.99,40.28,38.83,39.17,67646,,,,,,,,,41.30565280553002,40.66762687501152,,,,,,,,,,,,,,,40.586115850759796,"rgba(239, 83, 80, 1.0)",0.0,0.0,1.865748889566598,40.63266166274529,-0.34445238924653815,0.0,0.0,0.0,0.0,44.57803330890518,0.6794936224656638,False,True,False,True,False,0.0,0,0.9728405349186457,0.9787481460983336,False,False,False,False,-0.21121478910828467,-0.14403669337966582,False,False,False,False,-1222992,-1320656.3571985622,False,False,False,False,82273.34404546535,False,False,False,False
2024-02-07 00:00:00+00:00,39.48,40.18,39.42,39.68,47580,,,,,,,,,41.29878031080756,40.66397086791598,,,,,,,,,,,,,,,40.58391338644932,"rgba(239, 83, 80, 1.0)",0.0,0.0,1.86555156204022,40.6183446074736,-0.6101919832377507,0.0,0.0,0.0,0.0,43.129868328248854,-0.7484601082980049,False,True,False,True,False,0.0,0,0.9773589448373143,0.9761242588025395,False,False,False,False,-0.17313942483316044,-0.15858805910641313,False,False,False,False,-1270572,-1318692.264759403,False,False,False,False,80912.82074956475,False,False,False,False
2024-02-08 00:00:00+00:00,39.33,39.9,38.86,39.55,41270,,,,,,,,,41.29165092838317,40.65975125838523,,,,,,,,,,,,,,,40.58130716574028,"rgba(239, 83, 80, 1.0)",0.0,0.0,1.8614615298273296,40.603891122407695,-0.6843499594245518,0.0,0.0,0.0,0.0,41.89385527032242,-2.0374829201788174,False,True,False,True,False,0.0,0,0.9740755880246734,0.9826812019583918,False,False,False,False,-0.23877951336036465,-0.1986837862333889,False,False,False,False,-1311842,-1318423.626925701,False,False,False,False,79358.20032801319,False,False,False,False
2024-02-09 00:00:00+00:00,40.23,40.735,38.96,39.23,54301,,,,,,,,,41.28530032718182,40.65684072705336,,,,,,,,,,,,,,,40.57960856005513,"rgba(239, 83, 80, 1.0)",0.0,0.0,1.8535695973586552,40.594755170172725,-0.19678525731782923,0.0,0.0,0.0,0.0,43.44265083880683,-2.0374829201788174,False,True,False,True,False,0.0,0,0.9895701758647494,0.9667217256121258,False,False,False,False,-0.16581792682508806,-0.18225085652923848,False,False,False,False,-1257541,-1316036.0729286147,False,False,False,False,78375.56502103228,False,False,False,False
2024-02-12 00:00:00+00:00,40.75,40.95,40.0,40.32,128121,,,,,,,,,41.277214029673786,40.655945362760434,,,,,,,,,,,,,,,40.579523573765265,"rgba(239, 83, 80, 0.75)",0.0,0.0,1.8521620966946999,40.59270746283802,0.08492374260475222,0.0,0.0,0.0,0.0,45.71353853339405,-2.0374829201788174,False,True,False,True,True,0.10670863476179449,0,1.0059474445661845,0.9661464796576207,False,False,False,False,-0.07043627049643326,-0.12634356351283588,False,False,False,False,-1129420,-1308717.7955588652,False,False,False,False,80326.3663927565,False,False,False,False
2024-02-13 00:00:00+00:00,38.88,40.13,38.72,39.93,52934,,,,,,,,,41.26780233812626,40.65017401218586,,,,,,,,,,,,,,,40.57590816794304,"rgba(239, 83, 80, 0.75)",0.0,0.0,1.8513438313781847,40.57754627599249,-0.9169265304591165,0.0,0.0,0.0,0.0,43.61539025116787,-2.0374829201788174,False,True,False,True,True,0.0,0,0.9817298700989296,0.9686265984502401,False,False,False,False,-0.23165895659381186,-0.17900126005332387,False,False,False,False,-1182354,-1303762.3525957726,False,False,False,False,79252.15594598174,False,False,False,False
2024-02-14 00:00:00+00:00,39.33,39.72,38.81,39.48,41011,,,,,,,,,41.26072503419531,40.64587166785435,,,,,,,,,,,,,,,40.57321117866198,"rgba(239, 83, 80, 0.75)",0.0,0.0,1.8421061976018966,40.56688451934684,-0.6714512556100479,0.0,0.0,0.0,0.0,43.30697844015697,-2.0374829201788174,False,True,False,True,True,0.0,0,0.9841500442669803,0.9707808219992036,False,False,False,False,-0.2570868321754879,-0.21804404611440587,False,False,False,False,-1141343,-1297392.966219468,False,False,False,False,77752.5027716295,False,False,False,False
2024-02-15 00:00:00+00:00,39.81,40.195,39.2,39.5,60008,,,,,,,,,41.25279135751663,40.64168553349568,,,,,,,,,,,,,,,40.570653300410704,"rgba(239, 83, 80, 0.75)",0.0,0.0,1.8245335081939702,40.55741510791749,-0.4096472356143929,0.0,0.0,0.0,0.0,44.239533397362266,-2.0374829201788174,False,True,False,True,True,0.0,0,0.9819740556745434,0.9725685711661911,False,False,False,False,-0.18900236207046003,-0.20352320409243296,False,False,False,False,-1081335,-1288920.1047990967,False,False,False,False,77056.6399178401,False,False,False,False
2024-02-16 00:00:00+00:00,39.86,40.44,39.55,39.61,86821,,,,,,,,,41.24306313297336,40.63711673371695,,,,,,,,,,,,,,,40.5679250898763,"rgba(239, 83, 80, 0.75)",0.0,0.0,1.8108194153352313,40.54818826861745,-0.38004246187632684,0.0,0.0,0.0,0.0,44.98304957741139,-2.0374829201788174,False,True,False,True,True,0.0,0,0.9912424480907943,0.9649845855251867,False,False,False,False,-0.1431910219823856,-0.17335711303740928,False,False,False,False,-994514,-1277374.767355995,False,False,False,False,77439.55599949343,False,False,False,False
2024-02-20 00:00:00+00:00,38.69,39.71,38.53,39.44,48603,,,,,,,,,41.23362858187244,40.63099950642468,,,,,,,,,,,,,,,40.56401901607562,"rgba(239, 83, 80, 0.75)",0.0,0.0,1.8154286913380562,40.534854036837295,-1.0162084832302356,0.0,0.0,0.0,0.0,43.17696999212313,-2.0374829201788174,False,True,False,True,True,0.0,0,0.9862918085052896,0.9686205152623782,False,False,False,False,-0.2804144540918808,-0.22688578356464506,False,False,False,False,-1043117,-1268188.1882439954,False,False,False,False,76308.71066617996,False,False,False,False
2024-02-21 00:00:00+00:00,38.26,38.69,37.905,38.69,35989,,,,,,,,,41.224567594804626,40.62461716110274,,,,,,,,,,,,,,,40.559884109431856,"rgba(239, 83, 80, 1.0)",0.0,0.0,1.8194361764019298,40.52097673704339,-1.2426798842236073,0.0,0.0,0.0,0.0,41.22554900798663,-3.62562549987765,False,True,False,True,False,0.0,0,0.9792666020537105,1.0090938646317675,False,False,False,False,-0.34282825441539394,-0.2848570189900195,False,False,False,False,-1079106,-1260773.200469721,False,False,False,False,74727.54554201604,False,False,False,False
2024-02-22 00:00:00+00:00,38.07,38.435,37.725,38.22,58507,,,,,,,,,41.208919900383925,40.61339788371487,,,,,,,,,,,,,,,40.552581274699975,"rgba(239, 83, 80, 1.0)",0.0,0.0,1.743589938567537,40.49725967504292,-1.392104657954758,0.0,0.0,0.0,0.0,39.59111694165192,-5.329447461945222,False,True,False,True,False,0.0,0,0.9505451569633648,1.0075066760192466,False,False,False,False,-0.34282825441539394,-0.31384263670270673,False,False,False,False,-1137613,-1255943.3886865948,False,False,False,False,74091.44571683893,False,False,False,False
2024-02-23 00:00:00+00:00,37.69,38.34,37.6,37.79,205207,,,,,,,,,41.15181871694174,40.57177478265267,,,,,,,,,,,,,,,40.52526153252125,"rgba(239, 83, 80, 1.0)",0.0,0.0,1.700207533702204,40.415816149352246,-1.603225544717344,0.0,0.0,0.0,0.0,37.8272567281184,-7.13560218517663,False,True,False,True,False,0.0,0,0.9520929121999302,1.001897916577383,False,False,False,False,-0.34282825441539394,-0.32833544555905037,False,False,False,False,-1342820,-1259350.3146204539,True,False,False,False,79233.23215931584,True,False,False,False
2024-02-26 00:00:00+00:00,39.56,39.57,37.67,37.83,79459,,,,,,,,,41.13719551533691,40.562182234006386,,,,,,,,,,,,,,,40.51899300911402,"rgba(239, 83, 80, 0.75)",0.0,0.0,1.5967255344712523,40.40019680428598,-0.526199892309111,0.0,0.0,0.0,0.0,41.72397978009266,-7.13560218517663,False,True,False,True,True,0.0,1,0.9580102581390868,0.9849499133115007,False,False,False,False,-0.2523660360114911,-0.29035074078527073,False,False,False,False,-1263361,-1259507.5964000442,False,False,False,False,79242.085800127,False,False,False,False
2024-02-27 00:00:00+00:00,39.52,39.67,38.89,39.5,62307,,,,,,,,,41.1280569945845,40.556688370055845,,,,,,,,,,,,,,,40.51542539862596,"rgba(239, 83, 80, 0.75)",0.0,0.0,1.5390728810986851,40.392433363873344,-0.5668564332382652,0.0,0.0,0.0,0.0,44.232325982310925,-11.132981948780184,False,True,False,True,True,0.0,1,0.9912783758805777,0.9843928831547184,False,False,False,False,-0.16447547698130383,-0.22741310888328728,False,False,False,False,-1325668,-1262102.122031415,False,False,False,False,78577.96478835732,False,False,False,False
2024-02-28 00:00:00+00:00,37.94,39.12,37.86,39.12,70957,,,,,,,,,41.11163119679493,40.54503910974837,,,,,,,,,,,,,,,40.507709553090095,"rgba(239, 83, 80, 0.75)",0.0,0.0,1.4969063352717331,40.37289292592847,-1.625280666266155,0.0,0.0,0.0,0.0,42.77521369761445,-11.132981948780184,False,True,False,True,True,0.0,1,0.9513829197071392,0.9977139303937526,False,False,False,False,-0.2700949488153176,-0.24875402884930242,False,False,False,False,-1396625,-1267377.5290105755,False,False,False,False,78279.10342410802,False,False,False,False
2024-02-29 00:00:00+00:00,38.18,38.67,37.77,37.97,41907,,,,,,,,,41.101677033781066,40.53791073188957,,,,,,,,,,,,,,,40.50297197695838,"rgba(239, 83, 80, 0.75)",0.0,0.0,1.4609670005091322,40.36110178427798,-1.492916529612158,0.0,0.0,0.0,0.0,42.422593265813425,-11.132981948780184,False,True,False,True,True,0.0,1,0.9479700651371809,1.005678783451104,False,False,False,False,-0.3074673909921906,-0.2781107099207465,False,False,False,False,-1354718,-1270802.6455199646,False,False,False,False,76852.74642708419,False,False,False,False
2024-03-01 00:00:00+00:00,38.29,38.29,37.77,38.17,47010,,,,,,,,,41.09024700640706,40.52965916018011,,,,,,,,,,,,,,,40.497473286282634,"rgba(239, 83, 80, 0.75)",0.0,0.0,1.4522160512332638,40.3475820480275,-1.4168567041248032,0.0,0.0,0.0,0.0,42.48522210877839,-11.132981948780184,False,True,False,True,True,0.0,1,0.9451798534412805,1.009910986948469,False,False,False,False,-0.33426910018768907,-0.3061899050542178,False,False,False,False,-1307708,-1272249.9143231034,False,False,False,False,75682.4426456299,False,False,False,False
2024-03-04 00:00:00+00:00,37.75,38.39,37.53,38.25,36790,,,,,,,,,41.08068552981627,40.52263767896373,,,,,,,,,,,,,,,40.492779641492845,"rgba(239, 83, 80, 0.75)",0.0,0.0,1.4233169988724765,40.336051975628706,-1.8169191948647596,0.0,0.0,0.0,0.0,41.441462036716544,-11.132981948780184,False,True,False,True,True,0.0,1,0.9278660796457974,1.0219200059697033,False,False,False,False,-0.34282825441539394,-0.32450907973480586,False,False,False,False,-1344498,-1275083.1725849423,False,False,False,False,74157.24881638952,False,False,False,False
2024-03-05 00:00:00+00:00,38.37,38.4,37.07,37.74,109636,,,,,,,,,41.053027782679386,40.50237876276488,,,,,,,,,,,,,,,40.47919438154224,"rgba(239, 83, 80, 0.75)",0.0,0.0,1.4126430789369768,40.140985250887766,-1.2536678778198147,0.0,0.0,0.0,0.0,42.525105415706484,-11.132981948780184,False,True,False,True,True,0.0,1,0.9194188160187896,1.030764521791276,False,False,False,False,-0.34282825441539394,-0.3336686670750999,False,False,False,False,-1234862,-1273505.8716992585,False,False,False,False,75548.57239221738,False,False,False,False
2024-03-06 00:00:00+00:00,39.49,39.76,38.56,38.56,75069,,,,,,,,39.27,41.04231840115561,40.495777994208716,,,,,,,,,,,,,,,40.4747927864387,"rgba(239, 83, 80, 0.75)",0.0,0.0,1.3999333703578591,40.1604089795156,-0.47888634824400644,0.0,0.0,0.0,0.0,45.99219167021198,-8.887072250191693,False,True,False,True,True,0.0,1,0.9386119779686936,1.0045069687060957,False,False,False,False,-0.15752573124904706,-0.24559719916207348,False,False,False,False,-1159793,-1269046.5433973267,False,False,False,False,75529.76563173826,False,False,False,False
2024-03-07 00:00:00+00:00,39.93,40.33,39.5,39.59,80459,,,,,,,,39.606263245203436,41.035139639505125,40.49249149645484,,,,,,,,,,,,,,,40.4726366924641,#000000,0.0,0.0,1.3846385940150985,40.18117389129093,-0.1814003252376435,0.0,0.0,0.0,0.0,49.2520658754626,-5.784183079915437,False,False,False,False,True,0.0,0,0.9560550087889981,0.9963966673873331,False,False,False,False,-0.06425920711117179,-0.15492820313662264,False,False,False,False,-1079334,-1261606.835813118,False,False,False,False,75723.06894029755,False,False,False,False
2024-03-08 00:00:00+00:00,39.7,40.64,39.45,40.25,77247,,,,,,,,39.713696144345406,41.028394378741396,40.48942580976771,,,,,,,,,,,,,,,40.470619554413126,#000000,0.0,0.0,1.377908298574093,40.19163664948057,-0.3567992514373643,0.0,0.0,0.0,0.0,50.80086737031144,-4.333569957386814,False,False,False,False,True,0.0,1,0.9455000643947364,1.0010994223320946,False,False,False,False,-0.04835636786372394,-0.10164228550017329,False,False,False,False,-1156581,-1257488.1755851526,False,False,False,False,75782.83094263883,False,False,False,False
2024-03-11 00:00:00+00:00,39.15,39.37,38.49,39.37,41193,,,,,,,,39.60688814022076,41.02182460726613,40.485119165061185,,,,,,,,,,,,,,,40.46771671469598,#000000,0.0,0.0,1.3788694677195088,40.185544607712174,-0.7510098903160478,0.0,0.0,0.0,0.0,50.37487306483076,-4.333569957386814,False,False,False,False,True,0.0,0,0.9107584289752142,1.0211443443543045,False,False,False,False,-0.18641137725789791,-0.1440268313790356,False,False,False,False,-1197774,-1255146.4432092644,False,False,False,False,74426.36698410398,False,False,False,False
2024-03-12 00:00:00+00:00,38.95,39.53,38.95,39.15,30923,,,,,,,,39.55987296006333,41.01726084378123,40.48220649800002,,,,,,,,,,,,,,,40.465752741165716,#000000,0.0,0.0,1.3849592572145277,40.182189225165374,-0.8896934828563746,0.0,0.0,0.0,0.0,49.571687453676404,-4.333569957386814,False,False,False,False,True,0.0,0,0.9162903883316892,1.0213163881014096,False,False,False,False,-0.14754172251565165,-0.14578427694734364,False,False,False,False,-1228697,-1254109.2101422343,False,False,False,False,72720.3525925705,False,False,False,False
2024-03-13 00:00:00+00:00,39.21,39.3,38.83,38.83,62233,,,,,,,,39.48417782547587,41.00799712804281,40.476252388424584,,,,,,,,,,,,,,,40.46172855347136,#000000,0.0,0.0,1.3888617674229071,40.175106092663135,-0.6948899561501577,0.0,0.0,0.0,0.0,49.78275251386194,-4.333569957386814,False,False,False,False,True,0.0,0,0.9107462461613819,1.034539711248014,False,False,False,False,-0.15126622297098155,-0.1485252499591626,False,False,False,False,-1166464,-1250672.143077833,False,False,False,False,72309.0838634501,False,False,False,False
2024-03-14 00:00:00+00:00,39.05,39.82,38.8703,39.1,38264,,,,,,,,39.461768921954615,41.002743935352214,40.47297304564086,,,,,,,,,,,,,,,40.45950981917703,#000000,0.0,0.0,1.3947550141690197,40.17195947341836,-0.8044132926719149,0.0,0.0,0.0,0.0,49.44969771111148,-4.333569957386814,False,False,False,False,True,0.0,0,0.9472657871391481,1.0250673481512829,False,False,False,False,-0.11270865837707257,-0.13061695416811758,False,False,False,False,-1204728,-1248870.4119767416,False,False,False,False,70973.98253547167,False,False,False,False
2024-03-15 00:00:00+00:00,39.25,39.29,38.89,38.89,73234,,,,,,,,39.4130450607508,40.992189556713804,40.46621986590617,,,,,,,,,,,,,,,40.454925615742525,#000000,0.0,0.0,1.3985516575153065,40.164349692740196,-0.6537832820309595,0.0,0.0,0.0,0.0,49.867313624597436,-4.333569957386814,False,False,False,False,True,0.0,0,0.9581907070101358,1.000832854442029,False,False,False,False,-0.14780889956600007,-0.13921292686705883,False,False,False,False,-1131494,-1244267.415428634,False,False,False,False,71062.61067133554,False,False,False,False
2024-03-18 00:00:00+00:00,39.52,39.95,39.24,39.24,69250,,,,,,,,39.432883872632054,40.98459684214539,40.46193620440151,,,,,,,,,,,,,,,40.45202068657236,#000000,0.0,0.0,1.3958597983238321,40.16305564421779,-0.46068784629371734,0.0,0.0,0.0,0.0,51.01182867380967,-3.090517216777073,True,False,False,False,True,0.0,0,0.9731814748491457,0.9803104498892461,False,False,False,False,-0.07860411699481888,-0.10890852193093886,False,False,False,False,-1062244,-1237129.24227457,False,False,False,False,70991.52789991062,False,False,False,False
2024-03-19 00:00:00+00:00,39.05,39.39,38.71,39.3,39051,,,,,,,,39.40740864315536,40.97879004137915,40.45814079140511,,,,,,,,,,,,,,,40.44943013415561,#000000,0.0,0.0,1.3979477622379237,40.15831277601556,-0.7928141565471006,0.0,0.0,0.0,0.0,50.14610728299424,-3.090517216777073,False,False,False,False,True,0.0,1,0.9588948097722474,1.0626807651889256,False,False,False,False,-0.15334233580487838,-0.13112542886790862,False,False,False,False,-1101295,-1231802.4092441949,False,False,False,False,69738.9581783455,False,False,False,False
2024-03-20 00:00:00+00:00,40.37,40.46,39.0,39.29,67318,,,,,,,,39.46255250954924,40.97345993229373,40.45576624845628,,,,,,,,,,,,,,,40.447823231818646,"rgba(38, 166, 154, 1.0)",0.0,0.0,1.3903721972360203,40.161245704932426,0.15014274270052483,0.0,0.0,0.0,0.0,53.36397279697171,-0.5876657674692396,True,False,True,False,True,0.8833554165877686,1,0.9728827105871605,0.9718360783642088,False,False,False,False,-0.06025725609056415,-0.09569134247923639,False,False,False,False,-1033977,-1224044.550058148,False,False,False,False,69644.01864193981,False,False,False,False
2024-03-21 00:00:00+00:00,40.35,40.91,40.16,40.44,61003,,,,,,,,39.5487617788242,40.97113782144376,40.45583936967273,,,,,,,,,,,,,,,40.44789641988802,"rgba(38, 166, 154, 1.0)",0.0,0.0,1.3868830435824961,40.14625806938344,0.14690635346601932,0.0,0.0,0.0,0.0,55.43616310671466,1.399222314272123,True,False,True,False,True,0.8323750019730625,0,1.0013421094509427,0.9271963141839878,False,True,False,False,0.048727044851314565,-0.02348214881396091,False,False,False,False,-1094980,-1218983.195153907,False,False,False,False,69305.1551657853,False,False,False,False
2024-03-22 00:00:00+00:00,39.72,40.26,39.67,40.25,40300,,,,,,,,39.56660750805601,40.967811397335204,40.45426942243566,,,,,,,,,,,,,,,40.446828417831235,"rgba(38, 166, 154, 1.0)",0.0,0.0,1.3859274320277084,40.135289941593015,-0.2996476813980212,0.0,0.0,0.0,0.0,54.57978208905704,1.399222314272123,True,False,True,False,True,0.0,0,0.974372266132367,0.956510512224623,False,False,False,False,-0.02840928598477678,-0.025945717399368844,False,False,False,False,-1135280,-1215700.7169125774,False,False,False,False,68167.69810046039,False,False,False,False
2024-03-25 00:00:00+00:00,38.9,40.09,38.89,40.0,82325,,,,,,,,39.5397568948527,40.95741630281818,40.44780225764849,,,,,,,,,,,,,,,40.442387967851246,#000000,0.0,0.0,1.3876812210198863,40.10744275433069,-0.8701153665848945,0.0,0.0,0.0,0.0,51.56081069739692,1.399222314272123,True,False,False,False,False,0.0,0,0.9413687552331815,0.9843127104302823,False,False,False,False,-0.0929098678044994,-0.05942779260193412,False,False,False,False,-1217605,-1215775.3946807117,False,False,False,False,68722.88641024625,False,False,False,False
2024-03-26 00:00:00+00:00,39.0,39.58,38.35,39.01,62105,,,,,,,,39.500899418279495,40.948183272829056,40.44164578610236,,,,,,,,,,,,,,,40.43814374607347,#000000,0.0,0.0,1.3779531758935155,40.088862238675304,-0.7902026409346209,0.0,0.0,0.0,0.0,49.8803709901273,4.216087145110123,False,False,False,False,False,0.0,1,0.910093302736265,1.0065761448871944,False,False,False,False,-0.1651323318356955,-0.11228006221881481,False,False,False,False,-1155500,-1213411.6537128408,False,False,False,False,68463.3614529817,False,False,False,False
2024-03-27 00:00:00+00:00,38.3,39.77,37.935,39.24,185485,,,,,,,,39.358629171069566,40.916879356739216,40.41975545984258,,,,,,,,,,,,,,,40.422969193340535,"rgba(239, 83, 80, 0.5)",0.0,0.0,1.39339171393709,40.0380233336534,-1.2473329045014485,0.0,0.0,0.0,0.0,46.84544033413923,1.4029056964006514,False,False,False,True,False,0.0,1,0.9176906286969257,0.982438094282345,False,False,False,False,-0.1808075625720353,-0.14654381239542508,False,False,False,False,-1340985,-1218414.5300378276,False,False,False,False,73052.44531757066,False,False,False,False
2024-03-28 00:00:00+00:00,39.26,39.54,34.16,35.66,312976,,,,,,,,38.97697634479495,40.842980570721636,40.363309268156726,,,,,,,,,,,,,,,40.3834711156429,#000000,0.0,0.0,1.3969661464811836,39.76363700468635,-0.360521982551234,0.0,0.0,0.0,0.0,47.921965657861406,1.4029056964006514,False,False,False,False,False,0.0,1,0.8631198392899251,0.9793793229396608,True,False,False,False,-0.34282825441539394,-0.2446860334054095,False,False,False,False,-1028009,-1210947.6465069323,False,False,False,False,82461.212167862,False,False,False,False
2024-04-01 00:00:00+00:00,37.6,39.45,37.075,39.45,100737,,,,,,,,38.914128125214006,40.822711514267425,40.348161568926685,,,,,,,,,,,,,,,40.372770889539176,"rgba(239, 83, 80, 1.0)",0.0,0.0,1.4267746401846186,39.74544038767145,-1.503699552294985,0.0,0.0,0.0,0.0,44.80091668199542,-0.31294898675835015,False,True,False,True,False,0.0,1,0.9202900706452216,0.9914252765348315,False,False,False,False,-0.16990775673201847,-0.207296895068714,False,False,False,False,-1128746,-1207724.0525262684,False,False,False,False,83177.90972990663,False,False,False,False
2024-04-02 00:00:00+00:00,37.23,37.66,36.845,37.09,273617,,,,,,,,38.65651042212769,40.753754445060245,40.294125875860196,,,,,,,,,,,,,,,40.3344289041726,"rgba(239, 83, 80, 1.0)",0.0,0.0,1.4633330706560799,39.64436952176861,-1.6499111310907089,0.0,0.0,0.0,0.0,42.034170165846035,-2.837940996631616,False,True,False,True,False,0.0,1,0.8913152174485126,1.0357896620508527,False,False,False,False,-0.2919408694976368,-0.24961888228317541,False,False,False,False,-1402363,-1215356.952427199,True,False,False,False,90646.10934834166,False,False,False,False
2024-04-03 00:00:00+00:00,38.13,38.74,36.6101,37.0,129954,,,,,,,,38.59983582992203,40.72720268451113,40.2738868297647,,,,,,,,,,,,,,,40.3199129491978,"rgba(239, 83, 80, 1.0)",0.0,0.0,1.4805069377726232,39.620147925964304,-1.0065119507012796,0.0,0.0,0.0,0.0,42.83485419669967,-2.837940996631616,False,True,False,True,False,0.0,1,0.8811787923457367,1.0290169038533068,False,False,False,False,-0.24005215832389903,-0.24483552030353722,False,False,False,False,-1272409,-1217594.2876261324,False,False,False,False,92187.59525624984,False,False,False,False
2024-04-04 00:00:00+00:00,37.35,39.07,37.14,38.42,113234,,,,,,,,38.55790605408692,40.70466560952212,40.256709530670435,,,,,,,,,,,,,,,40.307534609359934,"rgba(239, 83, 80, 1.0)",0.0,0.0,1.5109566804148191,39.600292934880386,-1.4893166455722526,0.0,0.0,0.0,0.0,41.79181507274005,-2.9822052086007744,False,True,False,True,False,0.0,1,0.8840878193291802,1.030351913100528,False,False,False,False,-0.18852482867986564,-0.21668017449170143,False,False,False,False,-1385643,-1224184.4332094213,False,False,False,False,93012.9444618871,False,False,False,False
2024-04-05 00:00:00+00:00,38.07,38.29,37.33,37.4,86242,,,,,,,,38.53077919087719,40.687993781042415,40.244022467984294,,,,,,,,,,,,,,,40.29835496457584,"rgba(239, 83, 80, 1.0)",0.0,0.0,1.5269837193890972,39.58626424846725,-0.9929799703914761,0.0,0.0,0.0,0.0,43.0570038814441,-2.9822052086007744,False,True,False,True,False,0.0,1,0.8880401747076463,1.036984481613429,False,False,False,False,-0.2237563689071301,-0.22021827169941577,False,False,False,False,-1299401,-1227134.1024953264,False,False,False,False,92747.41722808762,False,False,False,False
2024-04-08 00:00:00+00:00,38.28,39.17,37.91,38.13,148308,,,,,,,,38.525675568374275,40.66540816880261,40.227619942226376,,,,,,,,,,,,,,,40.28635264316194,"rgba(239, 83, 80, 1.0)",0.0,0.0,1.5371129835911241,39.57768405983309,-0.8442346617887103,0.0,0.0,0.0,0.0,44.45088650837256,-2.9822052086007744,False,True,False,True,False,0.0,1,0.9001984416687681,1.0228141550632488,False,False,False,False,-0.1373799124592069,-0.17879909207931133,False,False,False,False,-1151093,-1224152.0984759019,False,False,False,False,94926.26361129987,False,False,False,False
2024-04-09 00:00:00+00:00,40.46,40.51,38.38,38.38,172367,,,,,,,,38.615146546457794,40.65516714028207,40.22293995892005,,,,,,,,,,,,,,,40.282578078777775,#000000,0.0,0.0,1.531879926139184,39.60526287497247,0.5579661371904898,0.0,0.0,0.0,0.0,49.90625116809243,-5.506618796489448,True,False,False,False,True,1.787376226415141,1,0.9067831568363314,0.9993554583013746,False,False,False,False,-0.032926035662753574,-0.10586256387103245,False,False,False,False,-978726,-1214527.5455944939,False,False,False,True,97963.15523438615,False,False,False,True
2024-04-10 00:00:00+00:00,38.41,40.64,38.02,39.9,144814,,,,,,,,38.638167529121944,40.6394035622908,40.212416710686206,,,,,,,,,,,,,,,40.27468912492928,#000000,0.0,0.0,1.5355004231681721,39.60672218448244,-0.7793694918124932,0.0,0.0,0.0,0.0,49.28110483908513,-5.506618796489448,True,False,False,False,True,0.0,1,0.907395220277156,1.0010968417226054,False,False,False,False,-0.0461124528628757,-0.07598750836695407,False,False,False,False,-1123540,-1210959.4065515725,False,False,False,False,99800.44326441023,False,False,False,False
2024-04-11 00:00:00+00:00,39.91,40.71,38.46,38.46,101970,,,,,,,,38.67847023868296,40.63301180872925,40.209230051674176,,,,,,,,,,,,,,,40.27213582677613,#000000,0.0,0.0,1.5245125878885744,39.617605445855176,0.19179543446721048,0.0,0.0,0.0,0.0,51.37145968950239,-4.220074436654066,True,False,False,False,True,0.5070840238034471,1,0.9134831322787682,1.0021475818228671,False,False,False,False,0.06421474750197972,-0.005886380432487175,False,False,False,False,-1021570,-1203532.3710005307,False,False,False,False,99885.52392070787,False,False,False,False
2024-04-12 00:00:00+00:00,38.94,40.06,38.81,39.51,109547,,,,,,,,38.70178620294026,40.62319017911289,40.203076247441736,,,,,,,,,,,,,,,40.26742963236736,#000000,0.0,0.0,1.5147620394095322,39.62108829062362,-0.4496338519871507,0.0,0.0,0.0,0.0,51.036616046976285,-4.220074436654066,True,False,False,False,True,0.0,1,0.94501363786044,1.0026405880123512,False,False,False,False,0.09309326581037997,0.04360344268894639,False,False,False,False,-1131117,-1200692.5525299218,False,False,False,False,100264.40533558207,False,False,False,False
2024-04-15 00:00:00+00:00,39.0,39.91,38.61,39.24,94521,,,,,,,,38.71729596139208,40.61423147825537,40.19728756056055,,,,,,,,,,,,,,,40.263014228531404,#000000,0.0,0.0,1.4855415732203046,39.622218330823976,-0.4188494903411915,0.0,0.0,0.0,0.0,50.91779657272144,-4.220074436654066,True,False,False,False,True,0.0,1,0.9417112827218671,0.9875095605832572,False,False,False,False,0.06626117788780887,0.05493231028837763,False,False,False,False,-1036596,-1194257.3936071799,False,False,False,False,100039.17375379453,False,False,False,False
2024-04-16 00:00:00+00:00,38.35,38.96,38.05,38.54,93948,,,,,,,,38.70893972217711,40.601041188115516,40.18759751692193,,,,,,,,,,,,,,,40.25578424083943,#000000,0.0,0.0,1.4508720335225131,39.61336518317381,-0.8707626544475723,0.0,0.0,0.0,0.0,49.65698236451886,-4.220074436654066,True,False,False,False,True,0.0,1,0.932984524958653,1.0012296417438777,False,False,False,False,-0.03359473029688722,0.010668789995745206,False,False,False,False,-1130544,-1191758.8291519964,False,False,False,False,99800.30419482221,False,False,False,False
2024-04-17 00:00:00+00:00,38.2,38.8,37.53,38.43,144609,,,,,,,,38.68420836591638,40.578474589268936,40.17054466519946,,,,,,,,,,,,,,,40.243076748625846,#000000,0.0,0.0,1.4113678369479976,39.59457229399418,-0.9880998117470661,0.0,0.0,0.0,0.0,48.54234083173699,-4.220074436654066,True,False,False,False,True,0.0,1,0.9450529097262523,0.9953696272241223,False,False,False,False,-0.09476023652469433,-0.04204572326447456,False,False,False,False,-1275153,-1195029.1887930946,False,False,False,False,101557.50795188801,False,False,False,False
2024-04-18 00:00:00+00:00,37.98,38.98,37.38,38.53,132669,,,,,,,,38.66086843580366,40.55760137364181,40.15466332212987,,,,,,,,,,,,,,,40.23120119688888,#000000,0.0,0.0,1.3507698438932052,39.576873865025334,-1.1821953771360545,0.0,0.0,0.0,0.0,47.3766427503394,-4.220074436654066,False,False,False,False,False,0.0,1,0.9476436565670251,0.9924545269758359,False,False,False,False,-0.09205016053551221,-0.06704794189999339,False,False,False,False,-1407822,-1203374.0049188556,False,False,False,False,102777.56646357867,False,False,False,False
2024-04-19 00:00:00+00:00,39.48,39.52,38.32,38.5,133004,,,,,,,,38.678421238990445,40.54538845073662,40.14661481648805,,,,,,,,,,,,,,,40.22494985066034,#000000,0.0,0.0,1.3444764277833097,39.5767850714763,-0.0719871836175498,0.0,0.0,0.0,0.0,49.71981711714879,-4.220074436654066,True,False,False,False,False,0.0,1,0.9484172149556599,0.9776322436533389,False,False,False,False,0.04076883084717506,-0.013139555526409163,False,False,False,False,-1274818,-1206175.7302161555,False,False,False,False,103962.9167983403,False,False,False,False
2024-04-22 00:00:00+00:00,39.91,40.48,39.42,39.58,114731,,,,,,,,38.719753007204254,40.54100047002282,40.14523310977515,,,,,,,,,,,,,,,40.223574040399726,#000000,0.0,0.0,1.3445396010303463,39.588365193580835,0.23921556953226755,0.0,0.0,0.0,0.0,52.05665458044449,-2.7442539257402103,True,False,False,False,True,0.7670191937832982,1,0.9736840504049309,0.9587767494782442,False,False,False,False,0.22915236238825304,0.10800640343092194,False,False,False,False,-1160087,-1204368.3290312083,False,False,False,False,104385.19457095441,False,False,False,False
2024-04-23 00:00:00+00:00,40.3,40.78,39.84,39.84,97365,,,,,,,,38.762791099045735,40.539575668960026,40.14612971428541,,,,,,,,,,,,,,,40.22390921294938,"rgba(38, 166, 154, 1.0)",0.0,0.0,1.3468084128416353,39.59122832302097,0.5262602091143659,0.0,0.0,0.0,0.0,54.312566762593356,-0.5617606314795296,True,False,True,False,True,1.6282554066763701,1,0.9782758078780238,0.9664892781097175,False,False,False,False,0.2982403590025866,0.20312338121675427,False,False,False,False,-1062722,-1198813.5710299844,False,False,False,False,104109.89282307385,False,False,False,False
2024-04-24 00:00:00+00:00,39.58,40.5,39.56,40.14,101459,,,,,,,,38.79349675961906,40.535422987038054,40.14459833797432,,,,,,,,,,,,,,,40.22246969919461,"rgba(38, 166, 154, 1.0)",0.0,0.0,1.3410644152186986,39.588714886373054,-0.006498484542694368,0.0,0.0,0.0,0.0,54.0618625087285,-0.5617606314795296,True,False,True,False,True,0.0,1,0.9579317847709978,0.9741118675513832,False,False,False,False,0.24429902179838264,0.22371120150756846,False,False,False,False,-1164181,-1197455.4309895928,False,False,False,False,104005.93624177684,False,False,False,False
2024-04-25 00:00:00+00:00,39.33,39.85,38.36,39.41,131644,,,,,,,,38.806805287891166,40.5244401132022,40.137449835396176,,,,,,,,,,,,,,,40.216838593805605,"rgba(38, 166, 154, 1.0)",0.0,0.0,1.3399473971119653,39.570108759859906,-0.1791926760538677,0.0,0.0,0.0,0.0,53.304687058295954,-0.5617606314795296,True,False,True,False,True,0.0,1,0.9684560233456503,0.98088714715032,False,False,False,False,0.07401544982110489,0.1488633256643367,False,False,False,False,-1295825,-1201313.0611468637,False,False,False,False,105089.78187935422,False,False,False,False
2024-04-26 00:00:00+00:00,39.54,39.65,38.82,39.65,49660,,,,,,,,38.8135995138445,40.52082056019851,40.135217411137575,,,,,,,,,,,,,,,40.21504873274197,"rgba(38, 166, 154, 1.0)",0.0,0.0,1.3390268080934364,39.56820801462812,-0.02106605667461136,0.0,0.0,0.0,0.0,53.27609209281411,-0.5617606314795296,True,False,True,False,True,0.0,1,0.9741733126304944,0.9775961266192241,False,False,False,False,0.097471682931134,0.12316750429773535,False,False,False,False,-1246165,-1203071.9607097318,False,False,False,False,102916.06494290895,False,False,False,False
2024-04-29 00:00:00+00:00,39.57,39.895,39.2,39.5,64230,,,,,,,,38.825694857260416,40.51702880221385,40.13313282123861,,,,,,,,,,,,,,,40.21331724967173,"rgba(38, 166, 154, 1.0)",0.0,0.0,1.3380044034994383,39.569695720152204,0.00022741318862668397,0.0,0.0,0.0,0.0,53.32930449861306,-0.5617606314795296,True,False,True,False,True,0.0,1,0.9738958899313163,0.9810862436029295,False,False,False,False,0.15434845050304583,0.1387579774003906,False,False,False,False,-1181935,-1202243.0602897422,False,False,False,False,101398.96435691252,False,False,False,False
2024-04-30 00:00:00+00:00,38.94,39.63,38.68,39.49,167951,,,,,,,,38.836235775906026,40.502460459908924,40.12336224993377,,,,,,,,,,,,,,,40.20561902915087,#000000,0.0,0.0,1.3243073593324504,39.55880815665235,-0.46726928782172955,0.0,0.0,0.0,0.0,51.64215005976186,-0.5617606314795296,True,False,False,False,False,0.0,1,0.9603339444612754,0.9890684098909024,False,False,False,False,0.08302606037853023,0.1108920188894604,False,False,False,False,-1349886,-1208032.9794940662,False,False,False,False,104008.84810762183,False,False,False,False
2024-05-01 00:00:00+00:00,38.97,39.485,38.97,39.15,54682,,,,,,,,38.84025086834028,40.49797328599296,40.12039647483898,,,,,,,,,,,,,,,40.20326430614821,#000000,0.0,0.0,1.313992773575683,39.556678936804154,-0.4464856646111257,0.0,0.0,0.0,0.0,50.60429640186052,-0.5617606314795296,True,False,False,False,False,0.0,1,0.9824504819002805,0.9815809111836277,False,False,False,False,0.09611577457219814,0.10350389673082927,False,False,False,False,-1295204,-1211451.4508864558,False,False,False,False,102074.46190732294,False,False,False,False
2024-05-02 00:00:00+00:00,39.83,39.94,39.12,39.28,58426,,,,,,,,38.85118982669388,40.494925943479814,40.11881860611108,,,,,,,,,,,,,,,40.2019118956394,#000000,0.0,0.0,1.3099522307500202,39.559667528043725,0.2063681908473049,0.0,0.0,0.0,0.0,52.26535316547345,-0.5617606314795296,True,False,False,False,False,0.6518214841905667,1,0.9923543302866256,0.9560176938137859,False,False,False,False,0.1511404226108619,0.1273221596708456,False,False,False,False,-1236778,-1212444.6488909086,False,False,False,False,100362.75751880047,False,False,False,False
2024-05-03 00:00:00+00:00,39.53,40.13,39.42,39.99,62710,,,,,,,,38.86352639926394,40.49191664139253,40.11735426763332,,,,,,,,,,,,,,,40.20062736627853,#000000,0.0,0.0,1.3084182459391238,39.5633568246669,-0.02549400757015125,0.0,0.0,0.0,0.0,52.44639084918691,-0.5617606314795296,True,False,False,False,False,0.0,1,0.9999211786627484,0.949002594798422,False,False,False,False,0.196366191356129,0.1618441755134873,False,False,False,False,-1299488,-1215858.1136402846,False,False,False,False,98886.178792573,False,False,False,False
2024-05-06 00:00:00+00:00,39.95,40.11,39.74,39.89,25792,,,,,,,,38.86993337782291,40.491055492591975,40.11709415700992,,,,,,,,,,,,,,,40.20034998793166,"rgba(38, 166, 154, 1.0)",0.0,0.0,1.2939620697060428,39.565845876676214,0.2968820588466397,0.0,0.0,0.0,0.0,53.69159377242909,0.06579164610799637,True,False,True,False,True,0.9396157960452349,1,1.0036349498851036,0.9443694626279736,False,False,False,False,0.22444045395099635,0.1931423147322418,False,False,False,False,-1273696,-1218126.266046548,False,False,False,False,96019.74040855053,False,False,False,False
2024-05-07 00:00:00+00:00,39.52,40.225,39.51,40.0,34512,,,,,,,,38.87694314790269,40.48953335728279,40.116404304026574,,,,,,,,,,,,,,,40.19972782276204,"rgba(38, 166, 154, 1.0)",0.0,0.0,1.272502153133675,39.568047121600735,-0.03775798845008662,0.0,0.0,0.0,0.0,53.126385373066945,0.06579164610799637,True,False,True,False,True,0.0,1,0.9988725970210789,0.9612656547956497,False,False,False,False,0.21363979578276596,0.2033910552575039,False,False,False,False,-1308208,-1221658.8830643303,False,False,False,False,93607.67215723483,False,False,False,False
2024-05-08 00:00:00+00:00,38.97,39.405,38.77,39.24,66122,,,,,,,,38.87951451011891,40.483871343435055,40.11255516719663,,,,,,,,,,39.04833333333334,,,,,40.19667702435595,#000000,0.0,0.0,1.2241667583513136,39.56468504445199,-0.48578761054817715,0.0,0.0,0.0,0.0,51.10503952789405,0.06579164610799637,True,False,False,False,False,0.0,1,0.9688202953290059,0.974218332054992,False,False,False,False,0.07086464261556712,0.1371278489365355,False,False,False,False,-1374330,-1227645.9856892584,False,False,False,False,92529.80266087268,False,False,False,False
2024-05-09 00:00:00+00:00,39.16,39.33,38.825,39.31,39915,,,,,,,,38.88153832373735,40.480608983894804,40.11036801776466,,,,,,,,,,39.0696640952372,,,,,40.19493369439022,#000000,0.0,0.0,1.1771635323871084,39.563122813131045,-0.34245268566345816,0.0,0.0,0.0,0.0,50.37157662675971,0.06579164610799637,True,False,False,False,False,0.0,1,0.9926113955267744,0.9724979722385498,False,False,False,False,0.06906481581712744,0.10309633237683147,False,False,False,False,-1334415,-1231833.0058583072,False,False,False,False,90466.47706632866,False,False,False,False
2024-05-10 00:00:00+00:00,38.46,39.34,38.32,39.34,34512,,,,,,,,38.88019169452633,40.47698743764769,40.10773833133194,,,,,,,,,,38.98052957805937,,,,,40.192881582509,"rgba(239, 83, 80, 0.5)",0.0,0.0,1.1317144293282047,39.559709121560886,-0.9717196256070372,0.0,0.0,0.0,0.0,47.86765898571172,1.3987970200943636,False,False,False,True,False,0.0,1,0.9858253884499034,0.9650141090642131,False,False,False,False,0.024631836442511077,0.06386408440967127,False,False,False,False,-1368927,-1237209.2409226873,False,False,False,False,88272.18384804127,False,False,False,False
2024-05-13 00:00:00+00:00,38.62,39.395,38.55,38.72,68196,,,,,,,,38.87981410837744,40.47047051820441,40.103117994191926,,,,,,,,,,38.93951966114957,,,,,40.189246243323915,"rgba(239, 83, 80, 0.5)",0.0,0.0,1.0830512120523403,39.55476885565178,-0.8630883242173114,0.0,0.0,0.0,0.0,46.77246700374876,0.35372491809902584,False,False,False,True,False,0.0,1,0.9881997929674018,0.9567054473010889,False,False,False,False,0.05019134785774996,0.05702771613371062,False,False,False,False,-1300731,-1239700.2902982682,False,False,False,False,87484.88252066712,False,False,False,False
2024-05-14 00:00:00+00:00,38.64,39.3,38.6,39.11,54592,,,,,,,,38.879421102630225,40.46526452100929,40.09941929743147,,,,,,,,,,38.92027044560139,,,,,40.18633221509537,"rgba(239, 83, 80, 1.0)",0.0,0.0,1.0203039292819691,39.55093648105188,-0.8928089512435196,0.0,0.0,0.0,0.0,46.11858069452041,-0.31034477967028806,False,True,False,True,False,0.0,1,0.9929013896957549,0.9597745416092792,False,False,False,False,0.04615213319649892,0.05158992466510477,False,False,False,False,-1246139,-1239952.788717944,False,False,False,False,86194.96555907233,False,False,False,False
2024-05-15 00:00:00+00:00,38.66,38.95,38.41,38.95,43152,,,,,,,,38.8775076316437,40.46073487342478,40.096108662392176,,,,,,,,,,38.885503030560095,,,,,40.183740902562874,"rgba(239, 83, 80, 1.0)",0.0,0.0,0.9285055317673885,39.5469371655181,-0.9552308900409473,0.0,0.0,0.0,0.0,45.76579873141866,-0.7399965580505921,False,True,False,True,False,0.0,1,0.9972722583716866,0.965200629529704,False,False,False,False,-0.002238818605160065,0.024675553029972354,False,False,False,False,-1202987,-1238503.1499446912,False,False,False,False,84507.00612538322,False,False,False,False
2024-05-16 00:00:00+00:00,38.91,39.05,38.59,38.69,30192,,,,,,,,38.87733008941417,40.45789112823888,40.094087935440164,,,,,,,,,,38.88231928244639,,,,,40.182144569529044,"rgba(239, 83, 80, 1.0)",0.0,0.0,0.847056333683039,39.544967463078684,-0.7496165695589818,0.0,0.0,0.0,0.0,46.6020665074269,-0.7399965580505921,False,True,False,True,False,0.0,1,0.9784249726324554,0.9836298430479719,False,False,False,False,0.0228397819924512,0.023757667511211777,False,False,False,False,-1172795,-1235926.359750782,False,False,False,False,82377.00588517213,False,False,False,False
2024-05-17 00:00:00+00:00,38.19,38.95,37.8654,38.95,48757,,,,,,,,38.87173705817206,40.451856150097235,40.089493674975365,,,,,,,,,,38.81310154750353,,,,,40.17858146923332,"rgba(239, 83, 80, 1.0)",0.0,0.0,0.8397162326354491,39.5383545081799,-1.6057263820518177,0.0,0.0,0.0,0.0,44.643382096145366,-1.9308408623276705,False,True,False,True,False,0.0,1,0.950846261633798,0.9950672360804087,False,False,False,False,-0.05105327230552308,-0.013647802397155653,False,False,False,False,-1221552,-1235362.6593683984,False,False,False,False,81058.57428183204,False,False,False,False
2024-05-20 00:00:00+00:00,37.6,38.16,37.59,38.16,41097,,,,,,,,38.8623550959696,40.445476749862124,40.08442763579457,,,,,,,,,,38.71388252843651,,,,,40.17469301888468,"rgba(239, 83, 80, 1.0)",0.0,0.0,0.8187227582979946,39.52981004934103,-2.357098333693353,0.0,0.0,0.0,0.0,41.66055019669243,-4.751703904794269,False,True,False,True,False,0.0,0,0.9460433477105151,1.0130880768464319,False,False,False,False,-0.14747789613269896,-0.08056284926492731,False,False,False,False,-1262649,-1236432.7119421868,False,False,False,False,79491.45372176019,False,False,False,False
2024-05-21 00:00:00+00:00,37.05,37.775,36.9,37.52,36385,,,,,,,,38.850080317334495,40.43871016187771,40.078909557982506,,,,,,,,,,38.59816799000547,,,,,40.170483518818926,"rgba(239, 83, 80, 1.0)",0.0,0.0,0.828166867461192,39.51973872300525,-2.9821752355010536,0.0,0.0,0.0,0.0,38.33422338314092,-7.788018052601345,False,True,False,True,False,0.0,0,0.9532092827348193,1.0037364638106494,False,False,False,False,-0.24762684631555948,-0.1640948477902434,False,False,False,False,-1299034,-1238887.6644150424,False,False,False,False,77801.00455620098,False,False,False,False
2024-05-22 00:00:00+00:00,36.72,37.12,36.51,37.0188,80461,,,,,,,,38.81603550574103,40.42171698774066,40.06482375324961,,,,,,,,,,38.32943682106416,,,,,40.15976744045331,"rgba(239, 83, 80, 1.0)",0.0,0.0,0.8687331150735244,39.493322082077995,-3.192375234646464,0.0,0.0,0.0,0.0,35.38714905530536,-10.39582068424636,False,True,False,True,False,0.0,0,0.9388041256713717,1.0175694119084964,False,False,False,False,-0.34282825441539394,-0.25346155110281865,False,False,False,False,-1379495,-1244401.677575237,False,False,False,False,77905.31810301662,False,False,False,False
2024-05-23 00:00:00+00:00,37.15,37.43,36.64,36.88,61835,,,,,,,,38.79424976439885,40.40979694848202,40.055029695571285,,,,,,,,,,38.20110055902906,,,,,40.15228139036083,"rgba(239, 83, 80, 1.0)",0.0,0.0,0.8852746914260026,39.47616042153827,-2.6276142807056693,0.0,0.0,0.0,0.0,35.53985862192458,-10.39582068424636,False,True,False,True,False,0.0,0,0.94335564214948,1.0083573642730272,False,False,False,False,-0.2996231912363591,-0.2765423711695889,False,False,False,False,-1317660,-1247274.5529644433,False,False,False,False,77275.10954995714,False,False,False,False
2024-05-24 00:00:00+00:00,37.45,37.91,37.02,37.4,70153,,,,,,,,38.77559103956863,40.39793117719111,40.045426426285374,,,,,,,,,,38.124119786269915,,,,,40.1448932586969,"rgba(239, 83, 80, 1.0)",0.0,0.0,0.8991272044209623,39.460819559040104,-2.2364127669066227,0.0,0.0,0.0,0.0,37.02464097862798,-10.39582068424636,False,True,False,True,False,0.0,0,0.9490396234546512,1.0090418205325378,False,False,False,False,-0.21806963220916714,-0.24730600168937802,False,False,False,False,-1247507,-1247283.6685344651,False,False,False,False,76995.81113623334,False,False,False,False
2024-05-28 00:00:00+00:00,37.0,37.91,36.94,37.54,80842,,,,,,,,38.751924404718345,40.38356013978645,40.03369751288259,,,,,,,,,,38.03423632989558,,,,,40.13587263398311,"rgba(239, 83, 80, 1.0)",0.0,0.0,0.9240468768578552,39.44197426757641,-2.642695223298783,0.0,0.0,0.0,0.0,36.72910701266432,-10.39582068424636,False,True,False,True,False,0.0,0,0.9478569455720248,1.0000836967165776,False,False,False,False,-0.22552131136202958,-0.23641365652570379,False,False,False,False,-1328349,-1250462.7011409567,False,False,False,False,77146.64207206733,False,False,False,False
2024-05-29 00:00:00+00:00,36.57,37.12,36.38,36.5,44108,,,,,,,,38.73423537967285,40.3742850167849,40.025968540934116,,,,,,,,,,37.960151401212094,,,,,40.12995610511891,"rgba(239, 83, 80, 1.0)",0.0,0.0,0.9476461497971443,39.428737358678916,-3.016671739014467,0.0,0.0,0.0,0.0,35.42360701801999,-10.39582068424636,False,True,False,True,False,0.0,0,0.9326579610001753,1.0243435196881352,False,False,False,False,-0.34282825441539394,-0.2896209554705489,False,False,False,False,-1372457,-1255246.7912922918,False,False,False,False,75851.00904963333,False,False,False,False
2024-05-30 00:00:00+00:00,36.69,36.78,36.02,36.7,44866,,,,,,,,38.71487855251848,40.36440559242738,40.01768981291357,,,,,,,,,,37.88246343218742,,,,,40.1236216404702,"rgba(239, 83, 80, 1.0)",0.0,0.0,0.9519822846410525,39.41447668265007,-2.861898510724222,0.0,0.0,0.0,0.0,35.16853215323428,-10.585370752521243,False,True,False,True,False,0.0,0,0.9376250638401189,1.0228568558008688,False,False,False,False,-0.34282825441539394,-0.31622460494297144,False,False,False,False,-1327591,-1258083.819084751,False,False,False,False,74635.91065553005,False,False,False,False
2024-05-31 00:00:00+00:00,37.0,37.09,36.78,36.95,76603,,,,,,,,38.689287407005146,40.349645937264086,40.00547929824766,,,,,,,,,,37.80552729326048,,,,,40.11422247313323,"rgba(239, 83, 80, 0.75)",0.0,0.0,0.973501306004733,39.39500280128897,-2.4601947491145157,0.0,0.0,0.0,0.0,36.575684205088216,-10.585370752521243,False,True,False,True,True,0.0,0,0.9429759885440547,1.034691737911165,False,False,False,False,-0.2496684927414054,-0.2829465488421884,False,False,False,False,-1250988,-1257805.5516696626,False,False,False,False,74713.05141413673,False,False,False,False
2024-06-03 00:00:00+00:00,36.93,37.26,36.555,37.1,39824,,,,,,,,38.67596239230588,40.341929547203684,39.99908353190266,,,,,,,,,,37.768647180567626,,,,,40.1092938970466,"rgba(239, 83, 80, 0.75)",0.0,0.0,0.9931892029180145,39.38491859514115,-2.471753204654803,0.0,0.0,0.0,0.0,37.281795034450695,-10.585370752521243,False,True,False,True,True,0.0,0,0.9193032440778303,1.0394953467145498,False,False,False,False,-0.24937922981481853,-0.26616288932850346,False,False,False,False,-1290812,-1259099.922192421,False,False,False,False,73344.85331946472,False,False,False,False
2024-06-04 00:00:00+00:00,36.48,36.8,36.11,36.8,48556,,,,,,,,38.65588572007157,40.331334161264074,39.99018431311871,,,,,,,,,,37.70590433069878,,,,,40.10245836970379,"rgba(239, 83, 80, 0.75)",0.0,0.0,1.0175268020022477,39.37024870944417,-2.8404644514098885,0.0,0.0,0.0,0.0,36.320002121054486,-10.585370752521243,False,True,False,True,True,0.0,0,0.9195806278668013,1.0354866435762364,False,False,False,False,-0.3324451209497682,-0.2993040051391358,False,False,False,False,-1339368,-1262247.689949581,False,False,False,False,72372.74142458376,False,False,False,False
2024-06-05 00:00:00+00:00,36.83,36.83,36.3,36.82,37394,,,,,,,,38.64198933616642,40.32361268478547,39.98372888353762,,,,,,,,,,37.668331528444135,,,,,40.09748556483488,"rgba(239, 83, 80, 0.75)",0.0,0.0,1.0295812496105776,39.35997153286054,-2.457282058912265,0.0,0.0,0.0,0.0,37.57644477960565,-10.585370752521243,False,True,False,True,True,0.0,0,0.9353528049651796,1.03245271974451,False,False,False,False,-0.311882093140201,-0.3055930491396684,False,False,False,False,-1301974,-1263805.584461362,False,False,False,False,71001.02607460009,False,False,False,False
2024-06-06 00:00:00+00:00,36.06,36.75,35.785,36.61,62017,,,,,,,,38.61418598216222,40.30929933628346,39.97162242146147,,,,,,,,,,37.58616984543987,,,,,40.0881844653311,"rgba(239, 83, 80, 0.75)",0.0,0.0,1.0713184265993465,39.339986662432565,-3.061635626714762,0.0,0.0,0.0,0.0,36.09484202606785,-10.585370752521243,False,True,False,True,True,0.0,0,0.9341963229388851,1.023748046183473,False,False,False,False,-0.34282825441539394,-0.32421065177753117,False,False,False,False,-1363991,-1267734.4242864067,False,False,False,False,70648.71132657657,False,False,False,False
2024-06-07 00:00:00+00:00,35.75,35.92,35.67,35.75,36495,,,,,,,,38.59533604207989,40.300070314151874,39.96374844419472,,,,,,,,,,37.52865508765868,,,,,40.08214537126201,"rgba(239, 83, 80, 1.0)",0.0,0.0,1.1199032776769073,39.32669364075779,-3.193752274908215,0.0,0.0,0.0,0.0,34.31885943852963,-11.865722964939891,False,True,False,True,False,0.0,0,0.9353461637247691,1.0399436714522312,False,False,False,False,-0.34282825441539394,-0.3335194530964626,False,False,False,False,-1400486,-1272940.3684320378,False,False,False,False,69309.35009808338,False,False,False,False
2024-06-10 00:00:00+00:00,35.37,35.49,34.6,35.45,37027,,,,,,,,38.57226552787934,40.28945226104358,39.954597776452985,,,,,,,,,35.153333333333336,37.45431567065421,,,,,40.075145537903786,"rgba(239, 83, 80, 1.0)",0.0,0.0,1.1776947707165484,39.310753157107214,-3.346158321404053,0.0,0.0,0.0,0.0,32.23451915759733,-13.872794450649991,False,True,False,True,False,0.0,0,0.9838198546659133,1.0420300816666506,False,False,False,False,-0.34282825441539394,-0.33817385375592823,False,False,False,False,-1437513,-1279394.1971209776,False,False,False,False,68043.37558443306,False,False,False,False
2024-06-11 00:00:00+00:00,35.05,35.23,34.732,35.23,24871,,,,,,,,38.556272633173,40.28213803490073,39.948280236008294,,,,,,,,,35.09333027453768,37.40386599049205,,,,,40.07031258961748,"rgba(239, 83, 80, 1.0)",0.0,0.0,1.2406565829257057,39.29974879745577,-3.4254030131642486,0.0,0.0,0.0,0.0,30.14138363669108,-15.845973303458436,False,True,False,True,False,0.0,0,0.9253676652636786,1.0440703144342658,False,False,False,False,-0.34282825441539394,-0.3405010540856611,False,False,False,False,-1462384,-1286570.2678221157,False,False,False,False,66350.34124778863,False,False,False,False
2024-06-12 00:00:00+00:00,35.18,35.87,35.13,35.79,30705,,,,,,,,38.53886738744325,40.27380000525648,39.941115406045796,,,,,,,,,35.192804307995786,37.35402781214688,,,,,40.06481621039772,"rgba(239, 83, 80, 1.0)",0.0,0.0,1.2914835383116052,39.28764451197288,-3.180562810225924,0.0,0.0,0.0,0.0,29.548483803034024,-16.417623883127547,False,True,False,True,False,0.0,0,0.9362281526959445,0.994355597365945,False,False,False,False,-0.2722546317687691,-0.3063778429272151,False,False,False,False,-1431679,-1292260.8063388953,False,False,False,False,64952.48472826751,False,False,False,False
2024-06-13 00:00:00+00:00,34.64,35.1,34.56,35.1,29514,,,,,,,,38.51901960670637,40.264786495802966,39.93330363533174,,,,,,,,34.766666666666666,35.08981269875065,37.29381339898064,,,,,40.05883809739011,"rgba(239, 83, 80, 1.0)",0.0,0.0,1.3569926739364708,39.27406814831127,-3.4149544336657347,0.0,0.0,0.0,0.0,27.93030209203722,-17.998253256100725,False,True,False,True,False,0.0,0,0.9270128576269936,1.0303168880377926,False,False,False,False,-0.34282825441539394,-0.3246030486713045,False,False,False,False,-1461193,-1298885.5982471742,False,False,False,False,63562.740229119765,False,False,False,False
2024-06-14 00:00:00+00:00,34.47,34.49,33.81,34.22,49527,,,,,,,,38.481714972331275,40.24833029038433,39.91895893004508,,,,,,,34.256666666666675,34.44710125124935,34.84941266419644,37.17966092765422,,,,,40.04787273784687,"rgba(239, 83, 80, 1.0)",0.0,0.0,1.4288592438511487,39.2488103058082,-3.344493396654004,0.0,0.0,0.0,0.0,26.498610256559633,-19.397655110879388,False,True,False,True,False,0.0,0,0.8983973301366255,1.0475120398641675,False,False,False,False,-0.34282825441539394,-0.33371565154334926,False,False,False,False,-1510720,-1307192.8296884615,False,False,False,False,63012.319043664094,False,False,False,False
2024-06-17 00:00:00+00:00,34.4,34.645,34.005,34.3,76407,,,,,,,,38.42667094978324,40.223511531171205,39.897332946539095,,,,,,,34.313294106436715,34.39937329524986,34.69557888229974,37.024577342969,,,,,40.03130848629181,"rgba(239, 83, 80, 1.0)",0.0,0.0,1.4987037402038605,39.21147389971565,-3.2104236285292598,0.0,0.0,0.0,0.0,25.394071716975468,-20.501717803139535,False,True,False,True,False,0.0,0,0.8978188744938247,1.0281733967445006,False,False,False,False,-0.3219288999587255,-0.3278222757510374,False,False,False,False,-1587127,-1318170.6402889139,False,False,False,False,63537.60064979491,False,False,False,False
2024-06-18 00:00:00+00:00,34.12,34.595,34.0,34.58,50181,,,,,,,,38.390342714658836,40.207017161828155,39.882936958862246,,,,,,,34.29193529795872,34.360073652062695,34.61864200465857,36.927772018718095,,,,,40.020269263184275,"rgba(239, 83, 80, 1.0)",0.0,0.0,1.5733054662366845,39.1868706772003,-3.2205256931574473,0.0,0.0,0.0,0.0,24.0600457617234,-21.838250325920164,False,True,False,True,False,0.0,0,0.8838959776193234,1.0484033298079218,False,False,False,False,-0.32519471488160523,-0.3265084953163213,False,False,False,False,-1637308,-1330685.8308658192,False,False,False,False,63013.81238901864,False,False,False,False
2024-06-20 00:00:00+00:00,33.93,34.265,33.82,34.08,44804,,,,,,,,38.35664245096721,40.19179410845519,39.86961650883826,,,,,,,34.233742706602875,34.296548797482764,34.53849410071635,36.83983232485623,,,,,40.010052081873376,"rgba(239, 83, 80, 1.0)",0.0,0.0,1.6484587177555543,39.1641272622128,-3.1751642948870966,0.0,0.0,0.0,0.0,22.78154327743347,-23.125887828201783,False,True,False,True,False,0.0,0,0.8671102973448654,1.0895536945332343,False,False,False,False,-0.34282825441539394,-0.33466837486585765,False,False,False,False,-1682112,-1344467.2492632382,False,False,False,False,62299.702099253205,False,False,False,False
2024-06-21 00:00:00+00:00,33.95,34.14,33.75,33.85,117074,,,,,,,,38.26983136103947,40.15199464516344,39.83474975052303,,,,,,,34.13430532091888,34.185089422333,34.387904882890325,36.628950834151006,,,,,39.9832596834377,"rgba(239, 83, 80, 1.0)",0.0,0.0,1.7183664146902076,38.80368252698152,-2.8245911264836683,0.0,0.0,0.0,0.0,22.096190612818383,-23.87415400254775,False,True,False,True,False,0.0,0,0.8669623576928632,1.100157173305723,True,False,False,False,-0.34282825441539394,-0.3387483146406258,False,False,False,False,-1565038,-1353117.082625464,False,False,False,False,64447.71378163543,False,False,False,False
2024-06-24 00:00:00+00:00,34.44,34.635,33.95,34.1,64184,,,,,,,,38.22789090173632,40.13176500432468,39.81707893214142,,,,,,,34.16739841330227,34.20836939307668,34.382244406764144,36.541061789936904,,,,,39.969625984798746,"rgba(239, 83, 80, 0.75)",0.0,0.0,1.761592870512817,38.782754252646576,-2.4652428636262362,0.0,0.0,0.0,0.0,25.463950582909515,-23.87415400254775,False,True,False,True,True,0.0,0,0.8571518576316526,1.0949897740600374,False,False,False,False,-0.30290300526170894,-0.3208256599511674,False,False,False,False,-1500854,-1358910.687228387,False,False,False,False,64437.37206470856,False,False,False,False
2024-06-25 00:00:00+00:00,34.5,34.94,34.05,34.37,51267,,,,,,,,38.19633955174198,40.11613734055453,39.803443076005266,,,,,,,34.204625933228066,34.23897275056354,34.392436351663854,36.480183610308416,,,,,39.959081927069164,"rgba(239, 83, 80, 0.75)",0.0,0.0,1.7938819248658777,38.7661652494668,-2.3781750573052727,0.0,0.0,0.0,0.0,28.141294456640836,-26.207907804118197,False,True,False,True,True,0.0,0,0.8497834143288772,1.0724804192863917,False,False,False,False,-0.28006945831924246,-0.30044755913520493,False,False,False,False,-1449587,-1362466.621062568,False,False,False,False,63920.88688570038,False,False,False,False
2024-06-26 00:00:00+00:00,34.93,35.86,34.46,34.46,129683,,,,,,,,38.131146680703104,40.08107735667158,39.77303927504288,,,,,,,34.400043761193245,34.41770583152831,34.5194811663292,36.38233562607829,,,,,39.935435765110576,"rgba(239, 83, 80, 0.75)",0.0,0.0,1.8158201879467861,38.73791407761909,-2.097076628454514,0.0,0.0,0.0,0.0,32.830209142022774,-21.92401165545492,False,True,False,True,True,0.0,0,0.8650250197524357,1.046210946263619,False,False,False,False,-0.20691747594416132,-0.25368251753968313,False,False,False,False,-1319904,-1360797.4986679575,False,False,False,False,66499.79328233958,False,False,False,False
2024-06-27 00:00:00+00:00,36.74,39.95,36.0,38.0,224386,,,,,,,37.56333333333333,38.11129121819321,40.051091083700875,39.74868307991353,,,,,,,35.27903629002464,35.2609698751255,35.25417971558577,36.51000284237701,,,,,39.915696254150234,"rgba(239, 83, 80, 0.5)",0.0,0.0,1.8146791342715407,38.77628412081798,-1.1221180000151332,0.0,0.0,0.0,0.0,43.22932890184677,-12.54068639285206,False,False,False,True,True,0.0,0,0.9009485864376096,0.9135934477434465,False,False,False,False,0.08810629515022261,-0.08278811119473026,False,False,False,False,-1095518,-1350394.3810731359,False,False,False,False,72691.40923205175,False,False,False,False
2024-06-28 00:00:00+00:00,38.0,38.24,36.78,36.93,257476,,,,,,,37.622110244565185,38.094396062109524,40.01903396407071,39.72276225498453,,,,,,,35.857891119063204,35.82846552727585,35.77887927643642,36.63838114216077,,,,,39.89448713756171,"rgba(38, 166, 154, 1.0)",0.0,0.0,1.8103160343277889,38.7870466950094,-0.43475651769369067,0.0,0.0,0.0,0.0,52.851264161531304,-4.265713714136496,True,False,True,False,True,0.4378662635456969,0,0.9292613159823073,0.9473598248417481,False,False,False,False,0.039683026503356415,-0.02155254234568692,False,False,False,False,-838042,-1330302.1308349737,False,False,False,False,79937.86377197129,False,False,False,False
2024-07-01 00:00:00+00:00,36.88,38.02,36.39,38.0,103205,,,,,,,37.529422732781036,38.07920309821155,40.003326175847114,39.70968058376261,,,,,,,35.967331700328316,35.937744832908635,35.8842819643223,36.65779406645501,,,,,39.88392000622647,"rgba(38, 166, 154, 1.0)",0.0,0.0,1.8066970310935673,38.77835076827678,-1.0507299982265061,0.0,0.0,0.0,0.0,54.943818987539075,-3.0852353083115034,True,False,True,False,True,0.0,0,0.9240145045172216,0.9562173560135514,False,False,False,False,0.00803630279918148,-0.0067581197732527205,False,False,False,False,-941247,-1315045.066880661,False,False,False,False,80850.30048679594,False,False,False,False
2024-07-02 00:00:00+00:00,38.24,38.89,36.995,37.0,94909,,,,,,,37.600920196693224,38.07868471619169,39.99367746894424,39.70207427285266,,,,,,,36.123196310989684,36.092223009599905,36.032096192181264,36.70968134806414,,,,,39.87754343160412,"rgba(38, 166, 154, 1.0)",0.0,0.0,1.8016687159859082,38.7821308389277,-0.3009048412271691,0.0,0.0,0.0,0.0,58.97770348583735,0.20213503155306256,True,False,True,False,True,1.124562608077479,0,0.9223927907159508,0.9543743832901092,False,False,False,False,0.08471107526981075,0.03897647774827902,False,False,False,False,-846338,-1296664.3975912235,False,False,False,False,81401.62203633336,False,False,False,False
2024-07-03 00:00:00+00:00,39.02,39.22,38.1,38.1,45258,,,,,,,37.674500301511884,38.08327297139171,39.99083746269176,39.70007355929842,,,,,,,36.21509879154148,36.18314586190788,36.11903540448251,36.74604718952564,,,,,39.87573487735617,"rgba(38, 166, 154, 1.0)",0.0,0.0,1.799380203602692,38.78797586291317,0.12894669877009673,0.0,0.0,0.0,0.0,62.863127048018576,3.4891264772592265,True,False,True,False,True,3.2329686454241333,0,0.9226033191185061,0.9681692523698645,False,False,False,False,0.16026629252643385,0.09962138513735644,False,False,False,False,-801080,-1277229.7153327442,False,False,False,False,79984.22509373205,False,False,False,False
2024-07-05 00:00:00+00:00,37.99,39.02,37.68,39.02,52978,,,,,,,37.71231681298499,38.084388116241755,39.98602743580052,39.69634915684315,,,,,,,36.29351088156587,36.2611111382727,36.19442333802508,36.77594487161837,,,,,39.87256652849705,"rgba(38, 166, 154, 1.0)",0.0,0.0,1.7883446470344373,38.79045056395709,-0.4475930102648001,0.0,0.0,0.0,0.0,62.237882243951105,3.4891264772592265,True,False,True,False,True,0.33581053334760114,0,0.9051171878377091,0.9792511390260139,False,False,False,False,0.1488715593518543,0.12424647224460537,False,False,False,False,-854058,-1260634.746104009,False,False,False,False,78925.15744299746,False,False,False,False
2024-07-08 00:00:00+00:00,38.91,38.95,37.87,38.0,94147,,,,,,,37.80559944739876,38.09094830906872,39.97921883009997,39.69133067401425,,,,,,,36.44119506932164,36.40791424017957,36.33658905567497,36.838188872958625,,,,,39.86814805554851,"rgba(38, 166, 154, 1.0)",0.0,0.0,1.7870814900984235,38.798202091614804,0.06255893142233532,0.0,0.0,0.0,0.0,63.35957190142382,3.8069982846313764,True,False,True,False,True,2.773636307768662,0,0.9155310768063849,0.974788612210069,False,False,False,False,0.16425402242038914,0.14425024733249725,False,False,False,False,-759911,-1240998.5207665968,False,False,False,False,79522.09244523286,False,False,False,False
2024-07-09 00:00:00+00:00,38.64,39.05,38.55,38.9,62016,,,,,,,37.86805962095875,38.09665421533544,39.97530899227933,39.688549860477394,,,,,,,36.53541315047141,36.501668972180425,36.427746436214754,36.88067602385953,,,,,39.865634920727544,"rgba(38, 166, 154, 1.0)",0.0,0.0,1.7642905625744698,38.80400609531124,-0.09295866496724751,0.0,0.0,0.0,0.0,63.30289142584061,4.030887898743188,True,False,True,False,True,2.020546505954364,0,0.9550834918621854,0.9577256393997042,False,False,False,False,0.20881931250629662,0.17653477991939692,False,False,False,False,-821927,-1224564.3434816322,False,False,False,False,78835.57901600805,False,False,False,False
2024-07-10 00:00:00+00:00,39.23,39.25,38.44,38.7,61610,,,,,,,37.9364300416171,38.10416797255482,39.972161304928946,39.686464355228985,,,,,,,36.63053006584291,36.59633313979342,36.51993485337169,36.925956985118894,,,,,39.86365285946926,"rgba(38, 166, 154, 1.0)",0.0,0.0,1.746745308043311,38.811020463002265,0.2398629812076433,0.0,0.0,0.0,0.0,64.26197995629616,5.362448378590571,True,False,True,False,True,3.5629571096071366,0,0.9425079739898142,0.9488959768798351,False,False,False,False,0.21401119204536131,0.19527298598237913,False,False,False,False,-760317,-1206358.565305882,False,False,False,False,78160.0661134195,False,False,False,False
2024-07-11 00:00:00+00:00,39.85,40.2,38.62,39.25,71637,,,,,,,38.045147257175294,38.11850013936489,39.97064912823102,39.686025767058545,,,,,,,36.75751463325638,36.72254517497162,36.642641452127044,36.99052019966152,,,,,39.86286201664261,"rgba(38, 166, 154, 1.0)",0.0,0.0,1.7487924482416939,38.82360680831479,0.5869153842225163,0.0,0.0,0.0,0.0,65.86918420358023,7.3415892250593515,True,False,True,False,True,5.146041331540122,0,0.9392860383815946,0.9346406640940657,False,False,False,False,0.2802760209812465,0.2377745034818128,False,False,False,False,-688680,-1186057.445097808,False,False,False,False,77904.25959916775,False,False,False,False
2024-07-12 00:00:00+00:00,40.16,40.55,40.0,40.01,44624,,,,,,,38.13307237637478,38.13143989558141,39.97125084903301,39.68718234888534,,,,,,,36.84908957301235,36.813457888352495,36.730883908027,37.03939919803768,,,,,39.863460911764335,"rgba(38, 166, 154, 1.0)",0.0,0.0,1.7659650144984702,38.83465665923596,0.7504924105987627,0.0,0.0,0.0,0.0,67.40531250768004,9.244873780432464,True,False,True,False,True,5.92700844485309,0,0.9769728409866051,0.9176670446596544,False,False,False,False,0.34282824271464196,0.2903013730982274,False,False,False,False,-644056,-1164802.4864665214,False,False,False,False,76599.15137959254,False,False,False,False
2024-07-15 00:00:00+00:00,41.53,41.84,40.25,40.52,80914,,,,,,,38.3415077986188,38.165130910515785,39.97629717711702,39.692947469408715,,,,,,,37.047587334329044,37.01030798151809,36.92165125055924,37.1501539086832,,,,,39.86735175697637,"rgba(38, 166, 154, 1.0)",0.0,0.0,1.8133826636109747,38.86289672134483,1.4707890023301466,0.0,0.0,0.0,0.0,70.19860211991264,12.2870377307868,True,False,True,False,True,9.242295697123243,0,0.9754068470729907,0.8879527472247898,False,False,False,False,0.3428282439835966,0.316564808540912,False,False,False,False,-563142,-1141207.9575854815,False,False,False,False,76768.36112941246,False,False,False,False
2024-07-16 00:00:00+00:00,42.2,42.49,41.56,41.73,90786,,,,,,,38.60608697328393,38.212709669009236,39.98590983894035,39.70308029360378,,,,,,,37.29244933826012,37.25314402309693,37.1572287818995,37.29300109068966,,,,,39.874530585082034,"rgba(38, 166, 154, 1.0)",0.0,0.0,1.8825215790252294,38.901925911658154,1.751944904689801,0.0,0.0,0.0,0.0,72.77259876371463,15.039129733221102,True,False,True,False,True,10.78047909348076,0,1.00254465876126,0.8863385753303814,False,False,False,False,0.34282824524883954,0.3296965268948758,False,False,False,False,-472356,-1114978.4690527176,False,False,False,False,77318.0724576708,False,False,False,False
2024-07-17 00:00:00+00:00,41.82,42.33,41.8,42.15,62849,,,,,,,38.763688209168194,38.24414248994584,39.992198408313605,39.709752238265956,,,,,,,37.44521062509262,37.40486506321207,37.305040711864315,37.38517503548707,,,,,39.87924936764788,"rgba(38, 166, 154, 1.0)",0.0,0.0,1.9309856699773316,38.92708866266168,1.4981526700673442,0.0,0.0,0.0,0.0,73.13411540359775,15.70901590301122,True,False,True,False,True,9.634721448835293,0,1.001277204454889,0.893353428016757,False,False,False,False,0.34282824529399497,0.3362623860944354,False,False,False,False,-535205,-1092242.2545800619,False,False,False,False,76750.65785148765,False,False,False,False
2024-07-18 00:00:00+00:00,41.18,42.05,41.18,41.58,54864,,,,,,,38.86961917389798,38.26744783183644,39.99624878090495,39.714236845559824,,,,,,,37.556464958942676,37.51558817455196,37.41349673778685,37.454068801675106,,,,,39.88235062423748,"rgba(38, 166, 154, 1.0)",0.0,0.0,1.9677224040650665,38.945268179894846,1.135694656669294,0.0,0.0,0.0,0.0,71.20617758511861,15.70901590301122,True,False,True,False,True,7.735538956350908,0,0.9858253856764463,0.9039511208523386,False,False,False,False,0.30230834135791373,0.31928536372617455,False,False,False,False,-590069,-1072549.1857730006,False,False,False,False,75892.35754358617,False,False,False,False
2024-07-19 00:00:00+00:00,41.03,41.35,40.54,41.28,53623,,,,,,,38.947135053549765,38.286420461161185,39.9988592153654,39.71736431578787,,,,,,,37.646350125678076,37.6052504437222,37.50184981373363,37.511140573882535,,,,,39.88442549170124,"rgba(38, 166, 154, 0.75)",0.0,0.0,1.9980498420137862,38.95964151916508,1.0361896071362537,0.0,0.0,0.0,0.0,69.42229249664746,15.70901590301122,True,False,True,False,False,7.293896350657221,0,0.9771971977889726,0.9213514460777068,False,False,False,False,0.24367668299706463,0.2814810233616196,False,False,False,False,-643692,-1055731.2569191575,False,False,False,False,75019.04940462201,False,False,False,False
2024-07-22 00:00:00+00:00,41.5,41.55,40.73,41.02,50325,,,,,,,39.0244426965337,38.30585981756709,40.00201341612779,39.720952039586734,,,,,,,37.73341575008274,37.69207940398543,37.58739556427216,37.56734121900251,,,,,39.88687633092597,"rgba(38, 166, 154, 0.75)",0.0,0.0,2.038848217512573,38.97432665667502,1.2387745795056502,0.0,0.0,0.0,0.0,69.0423298304927,15.70901590301122,True,False,True,False,False,8.430051413154327,0,0.9948347760822724,0.9023878092282523,False,False,False,False,0.2605557423678359,0.2710183828647278,False,False,False,False,-593367,-1037599.325275269,False,False,False,False,74050.6553103231,False,False,False,False
2024-07-23 00:00:00+00:00,41.3,42.37,41.25,41.48,61578,,,,,,,39.12721345278318,38.33231847514595,40.00701089359823,39.72639768190305,,,,,,,37.84528772258785,37.803604385548816,37.69721253806683,37.64070262380931,,,,,39.890689967342716,"rgba(38, 166, 154, 0.75)",0.0,0.0,2.071817124699557,38.99429563633285,1.1128899052813392,0.0,0.0,0.0,0.0,68.05588021616404,15.70901590301122,True,False,True,False,False,7.826540165294556,0,1.0045787926972418,0.8850098652169932,False,False,False,False,0.31974174961487783,0.29538006623980284,False,False,False,False,-654945,-1022593.2733036898,False,False,False,False,73561.53157266337,False,False,False,False
2024-07-24 00:00:00+00:00,41.24,42.33,40.4924,41.37,71595,,,,,,,39.224503100477186,38.35994461676292,40.01177264637213,39.731750392571115,,,,,,,37.95835087127109,37.91651090992459,37.80890817101986,37.71687901531705,,,,,39.89438197620339,"rgba(38, 166, 154, 0.75)",0.0,0.0,2.10366224638058,39.01466875243724,1.057836756538042,0.0,0.0,0.0,0.0,67.16656615824513,15.70901590301122,True,False,True,False,False,7.643533497260869,0,0.9993328585578286,0.8879570737457333,False,False,False,False,0.2842766866123558,0.2898283764260793,False,False,False,False,-726540,-1010983.3410172707,False,False,False,False,73484.41268746088,False,False,False,False
2024-07-25 00:00:00+00:00,40.99,41.79,40.96,41.48,64536,,,,,,,39.30111973996605,38.38353920564069,40.0156948238589,39.7362276538394,,,,,,,38.05116523321741,38.00930837201784,37.90102096134896,37.78096391853563,,,,,39.897450205384665,"rgba(38, 166, 154, 0.75)",0.0,0.0,2.1294911036114943,39.031766780706945,0.9195780231117218,0.0,0.0,0.0,0.0,65.57130849871335,21.27510548879036,True,False,True,False,False,6.874388629890021,0,1.0060500162017383,0.9017641437073679,False,False,False,False,0.2810928635361379,0.2854606199811086,False,False,False,False,-791076,-1002359.5237224757,False,False,False,False,73133.49454285456,False,False,False,False
2024-07-26 00:00:00+00:00,42.77,43.1,41.085,41.6,102074,,,,,,,39.4717083996625,38.433757748957234,40.02720442226428,39.74824159560647,,,,,,,38.23352395900887,38.19120819625555,38.08061414102308,37.90762085850625,,,,,39.90610687477373,"rgba(38, 166, 154, 0.75)",0.0,0.0,2.179325195170846,39.06894138577169,1.6982589943113906,0.0,0.0,0.0,0.0,67.8284204010759,21.27510548879036,True,False,True,False,False,11.189065638829113,0,1.005481341513488,0.8746267704733087,False,False,False,False,0.3428282453247821,0.31414443265294534,False,False,False,False,-689002,-990070.9933804178,False,False,False,False,74268.4163254877,False,False,False,False
2024-07-29 00:00:00+00:00,42.6,43.41,42.47,43.14,49635,,,,,,,39.56147719177191,38.46085219430361,40.03399220000737,39.75519074290386,,,,,,,38.32702946575931,38.28444649559543,38.17262412790739,37.9734962614811,,,,,39.91117633250202,"rgba(38, 166, 154, 1.0)",0.0,0.0,2.2379303743326107,39.08900890457811,1.56885626813521,0.0,0.0,0.0,0.0,68.68046978789216,21.27510548879036,True,False,True,False,True,10.660351924777078,0,1.0365828096388783,0.862567282707998,False,False,False,False,0.34282824618129054,0.3284863394171179,False,False,False,False,-738637,-980210.8367772641,False,False,False,False,73302.39999899801,False,False,False,False
2024-07-30 00:00:00+00:00,43.05,43.15,42.43,42.73,39066,,,,,,,39.62985362776481,38.48218493473997,40.03940675837499,39.76072682998838,,,,,,,38.398777744227594,38.356013648846385,38.24332225870591,38.024638140792284,,,,,39.91522218382411,"rgba(38, 166, 154, 1.0)",0.0,0.0,2.298027332653325,39.10473186995048,1.7168064426345506,0.0,0.0,0.0,0.0,69.96968072391178,21.27510548879036,True,False,True,False,True,11.709043024046487,0,1.0320675503932701,0.8703526643609507,False,False,False,False,0.3305266080489776,0.32950647373304776,False,False,False,False,-699571,-969205.3529820773,False,False,False,False,71959.79607746868,False,False,False,False
2024-07-31 00:00:00+00:00,43.71,44.455,42.85,43.29,63833,,,,,,,39.76162638897118,38.52282846147051,40.05067638636117,39.7720277455475,,,,,,,38.53123644678258,38.48801345398126,38.37343328008847,38.11926766863329,,,,,39.92357762941507,"rgba(38, 166, 154, 1.0)",0.0,0.0,2.3808094467264187,39.35042748182447,1.8311303847394789,0.0,0.0,0.0,0.0,71.79394540421671,16.711537039401406,True,False,True,False,True,13.216167393239456,0,1.0540324747909469,0.844305616682181,False,False,False,False,0.34282824678564777,0.3361673602593478,False,False,False,False,-635738,-956128.201884741,False,False,False,False,71641.09819207776,False,True,False,False
2024-08-01 00:00:00+00:00,42.83,43.53,41.87,43.53,196991,,,,,,,40.034198361729665,38.622428859633374,40.07621376279244,39.79828959893168,,,,,,,38.834279708273286,38.79090153225445,38.67440640129913,38.346638198344095,,,,,39.942801212019326,"rgba(38, 166, 154, 1.0)",0.0,0.0,2.4353386430446253,39.38573956534911,1.414283982430025,0.0,0.0,0.0,0.0,69.64219518153854,16.711537039401406,True,False,True,False,True,10.447816973870996,0,1.0365084254600632,0.8476914125337986,False,False,False,False,0.2717374422363831,0.30395240124786543,False,False,False,False,-832729,-951289.0174971041,False,False,False,False,76556.78061591784,False,False,False,False
2024-08-02 00:00:00+00:00,41.34,42.1,40.602,41.57,127107,,,,,,,40.10733904435044,38.663299156652094,40.08394510968701,39.80707365467072,,,,,,,38.94576665262434,38.903156525992834,38.78813839689312,38.43891450673467,,,,,39.948952575180776,"rgba(38, 166, 154, 0.75)",0.0,0.0,2.4588116957089423,39.38590255998295,0.7947324487789341,0.0,0.0,0.0,0.0,63.85960625087277,19.217073084974487,True,False,True,False,False,6.053204471158374,0,1.0113451827464242,0.8573510110559918,False,False,False,False,0.17529787043234432,0.23962513584010486,False,False,False,False,-959836,-951624.1932815315,False,False,False,False,78539.14216039165,False,False,False,False
2024-08-05 00:00:00+00:00,39.92,40.48,39.2275,39.97,89237,,,,,,,40.09862684752418,38.675934200242935,40.083060217532285,39.80734631074823,,,,,,39.87583333333333,38.973859244583025,38.932245557212596,38.81968805994988,38.469281347962,,,,,39.94872843818342,"rgba(38, 166, 154, 0.75)",0.0,0.0,2.464526034875003,39.368241590917066,0.22388013000273307,0.0,0.0,0.0,0.0,56.987733554550196,12.98740322084791,True,False,True,False,False,2.1924647524973224,0,0.9821718750281805,0.8631102999128883,False,False,False,False,0.07185143380253795,0.1557382848213214,False,False,False,False,-1049073,-955445.7151136283,False,False,False,False,78958.66599723905,False,False,False,False
2024-08-06 00:00:00+00:00,38.93,40.16,38.88,39.92,55428,,,,,,,40.08091835487368,38.68009749572938,40.081059020061886,39.80615711255162,,,,,,39.664144465950066,38.98029507410313,38.93937779606764,38.82860142688328,38.48034687814375,,,,,39.947539951047574,#000000,0.0,0.0,2.464434353900467,39.35561478794973,-0.17270283027669686,0.0,0.0,0.0,0.0,50.71746937021621,7.518977750169597,False,False,False,False,False,0.0,0,0.97379152282694,0.8755723048264001,False,False,False,False,0.04907618490863355,0.10240723486497748,False,False,False,False,-1104501,-961291.0204032899,False,False,False,False,78035.89478166105,False,False,False,False
2024-08-07 00:00:00+00:00,38.38,40.62,38.33,39.6,53602,,,,,,,40.059935652592635,38.68275451309054,40.07859170289219,39.8045069542042,,,,,,39.514330065853954,38.9825645809014,38.94233476288395,38.83333643553527,38.48813859762286,,,,,39.946003566522904,"rgba(239, 83, 80, 0.5)",0.0,0.0,2.4616678444860725,39.3438640662618,-0.3915491963795086,0.0,0.0,0.0,0.0,45.68695028053994,3.2755702363396395,False,False,False,True,False,0.0,0,0.9582113188724031,0.8789593292881797,False,False,False,False,0.046009771784867655,0.07420850332492257,False,False,False,False,-1158103,-969009.1372502198,False,False,False,False,77077.70282943905,False,False,False,False
2024-08-08 00:00:00+00:00,38.91,39.04,38.02,38.99,83808,,,,,,,40.0140695378659,38.6825048291986,40.07296519876738,39.80026859542182,,,,,,39.25950757481757,38.97388618610135,38.934798330289325,38.8288075901229,38.491337391034214,,,,,39.942316156295654,"rgba(239, 83, 80, 1.0)",0.0,0.0,2.456434008076782,39.32310085963495,-0.16817095768771784,0.0,0.0,0.0,0.0,43.75262000214403,1.838244410042222,False,True,False,True,False,0.0,0,0.9542397897748758,0.9065975907057631,False,False,False,False,-0.0182739917452242,0.027967255789849182,False,False,False,False,-1074295,-973137.9946129563,False,False,False,False,77341.63605181398,False,False,False,False
2024-08-09 00:00:00+00:00,38.34,38.9,38.27,38.9,48468,,,,,,,39.98604253667692,38.681518564195756,40.069381457343574,39.797504979050494,,,,,,39.148628647911664,38.966749467147224,38.928314327260544,38.82405292031578,38.491467640714,,,,,39.93994006805822,"rgba(239, 83, 80, 1.0)",0.0,0.0,2.446903923494125,39.31182449477916,-0.3971649583165538,0.0,0.0,0.0,0.0,41.49824242303576,-0.10772706818023892,False,True,False,True,False,0.0,0,0.9681249028996562,0.8949134257699511,False,False,False,False,-0.014533604356997076,0.006716825716426053,False,False,False,False,-1122763,-979005.6418830365,False,False,False,False,76209.33659880167,False,False,False,False
2024-08-12 00:00:00+00:00,37.99,38.805,37.82,38.72,74610,,,,,,,39.93659150216616,38.67751467596272,40.062851777874975,39.79229831024681,,,,,,38.97485692853482,38.94937060496757,38.911959935998446,38.810437992918914,38.48675829100834,,,,,39.93554130201113,"rgba(239, 83, 80, 1.0)",0.0,0.0,2.4436457256387567,39.29330418740077,-0.5333441643060154,0.0,0.0,0.0,0.0,39.41918004347936,-2.0325308601802448,False,True,False,True,False,0.0,0,0.9666846921724676,0.8910645075472386,False,False,False,False,-0.03307154495282685,-0.013177359618200397,False,False,False,False,-1197373,-987569.0676915449,False,False,False,False,76146.61751649572,False,False,False,False
2024-08-13 00:00:00+00:00,38.27,38.305,37.69,38.29,82412,,,,,,,39.88159461916163,38.67209675810528,40.055242650755204,39.78616679719225,,,,,,38.825009867060466,38.92820572074842,38.89189129616139,38.79331195449985,38.4796525405954,,,,,39.93038259288597,"rgba(239, 83, 80, 1.0)",0.0,0.0,2.441279512398732,39.27414780537245,-0.4113202934250656,0.0,0.0,0.0,0.0,38.88545336685269,-2.6521087695166443,False,True,False,True,False,0.0,0,0.9529502252880413,0.9070611040759726,False,False,False,False,-0.05452990773386617,-0.033853633676033286,False,False,False,False,-1114961,-992564.8297428569,False,False,False,False,76392.31879035864,False,False,False,False
2024-08-14 00:00:00+00:00,38.01,38.27,37.28,38.21,108947,,,,,,,39.8048288132663,38.662263011310436,40.044081961532854,39.7770158675328,,,,,,38.64754278623062,38.89437683860436,38.85948164199732,38.76473656538806,38.46522595839503,,,,,39.92274253857292,"rgba(239, 83, 80, 1.0)",0.0,0.0,2.4379256653043555,39.167179291315584,-0.4746573317571278,0.0,0.0,0.0,0.0,38.04079792631717,-3.7210628867123674,False,True,False,True,False,0.0,0,0.9499923290542672,0.9110515056601236,False,False,False,False,-0.06971613096892311,-0.0517848823224782,False,False,False,False,-1223908,-1001637.1109294116,False,False,False,False,77668.97295544262,False,False,False,False
2024-08-15 00:00:00+00:00,39.19,39.79,38.67,38.82,80113,,,,,,39.21666666666667,39.78890280585462,38.66711651804526,40.041009494942884,39.77507181536797,,,,,,38.71492755834719,38.901666859084365,38.86749420325851,38.77461826661873,38.47774167721248,,,,,39.92083788656065,"rgba(239, 83, 80, 1.0)",0.0,0.0,2.435790010032291,39.19366569841868,-0.0015049320358410314,0.0,0.0,0.0,0.0,40.918812520009695,-3.7210628867123674,False,True,False,True,False,0.5364967941122956,0,0.9729358957184113,0.8835022578856422,False,False,False,False,0.029328515810752447,-0.011228183255862877,False,False,False,False,-1143795,-1007211.9301086504,False,False,False,False,77764.81715326839,False,False,False,False
2024-08-16 00:00:00+00:00,38.76,39.69,38.73,39.22,112422,,,,,,39.12518833805109,39.762220008678845,38.671884546070046,40.03592406164581,39.77160733674129,,,,,,38.76409286033236,38.90653800676446,38.87336922780747,38.783114168634846,38.49103982812268,,,,,39.91759155349054,"rgba(239, 83, 80, 0.75)",0.0,0.0,2.435303433006028,39.20062280316911,-0.18093137684499053,0.0,0.0,0.0,0.0,41.88772053521963,-3.7210628867123674,False,True,False,True,True,0.0,0,0.9709432990298159,0.8865340877525837,False,False,False,False,0.02796762595654042,0.008369721350338772,False,False,False,False,-1256217,-1016976.834810272,False,False,False,False,79123.92236294414,False,False,False,False
2024-08-19 00:00:00+00:00,39.31,39.415,38.64,39.0,153245,,,,,,39.12362758112094,39.73177582833641,38.67920413241131,40.02950900947532,39.767343130632426,,,,,,38.82224510820425,38.915196681051654,38.88328603449871,38.79631704732016,38.51007990231889,,,,,39.91352101360315,"rgba(239, 83, 80, 0.75)",0.0,0.0,2.436767294356805,39.204195869212825,0.043419874779263644,0.0,0.0,0.0,0.0,44.014726663928954,-3.7210628867123674,False,True,False,True,True,0.8453527431330272,0,0.9793509675957323,0.8906666711764197,False,False,False,False,0.015553658478808248,0.01196168991457351,False,False,False,False,-1102972,-1020349.1942294771,False,False,False,False,82030.63128988752,False,False,False,False
2024-08-20 00:00:00+00:00,39.53,39.56,38.5976,39.35,74914,,,,,,39.14242711757239,39.72036407819244,38.68354502602139,40.02677324339862,39.76562265605548,,,,,,38.852216046995395,38.92125569539622,38.88991043802847,38.80441524191786,38.52053940758255,,,,,39.9118144123622,"rgba(239, 83, 80, 0.5)",0.0,0.0,2.434577100372423,39.20636781453963,0.13293158200282998,0.0,0.0,0.0,0.0,46.01267226408248,-3.7210628867123674,False,False,False,True,True,1.4046273359029797,0,0.9831098679306908,0.8777291113586305,False,False,False,False,0.019042524418545967,0.01550210716655974,False,False,False,False,-1028058,-1020651.500338125,False,False,False,False,81751.54770989194,False,False,False,False
2024-08-21 00:00:00+00:00,39.26,39.97,39.16,39.62,64936,,,,,,39.18533708200344,39.715402801498385,38.68884358696905,40.02510865655176,39.76478725706529,,,,,,38.88888730835078,38.930173293185966,38.89927368041262,38.81492967182613,38.53227777929249,,,,,39.91084702356687,"rgba(239, 83, 80, 0.5)",0.0,0.0,2.4330259734305186,39.21074923645484,0.020242596701800772,0.0,0.0,0.0,0.0,46.62065783172412,-10.536053939737627,False,False,False,True,True,0.6897381503876829,0,1.0088269728031534,0.8672585005937992,False,False,False,False,0.05214352048836195,0.03382281382746084,False,False,False,False,-1092994,-1023488.461109179,False,False,False,False,81092.11446636677,False,False,False,False
2024-08-22 00:00:00+00:00,38.66,39.19,38.17,39.16,68665,,,,,,39.12191104099201,39.694558856160135,38.68873293969306,40.02089888388447,39.76160702245752,,,,,,38.876025887022465,38.92578183176475,38.8954387257764,38.81258009689533,38.53411072974187,,,,,39.908030798397796,"rgba(239, 83, 80, 0.75)",0.0,0.0,2.4261733485299963,39.20474438787575,-0.2245282218625515,0.0,0.0,0.0,0.0,45.49559265143119,-10.536053939737627,False,True,False,True,True,0.0,0,0.9911728565338416,0.878125235097926,False,False,False,False,-0.008073833138357158,0.012874490344551843,False,False,False,False,-1161659,-1028906.9136147015,False,False,False,False,80604.77664415631,False,False,False,False
2024-08-23 00:00:00+00:00,40.04,40.28,39.0,39.0,55655,,,,,,39.181350187938904,39.69581561798765,38.69496822623631,40.02027555358045,39.76163465109451,,,,,,38.91741935480216,38.93736704430589,38.90735234079267,38.82533026127747,38.547026739362245,,,,,39.90778280208906,#000000,0.0,0.0,2.4303266232125327,39.211077964584156,0.34107433441194446,0.0,0.0,0.0,0.0,48.44174012953572,-8.251579963479799,False,False,False,False,True,2.6452293620588527,0,0.9941269147330303,0.8680205557984343,False,False,False,False,0.05725795437709542,0.03506622236082363,False,False,False,False,-1106004,-1031930.3287670661,False,False,False,False,79626.35403065999,False,False,False,False
2024-08-26 00:00:00+00:00,39.82,40.31,39.57,40.31,37386,,,,,,39.22285481903267,39.69798065450514,38.69960393385653,40.02007246931027,39.76185329802892,,,,,,38.946952513195605,38.94612562837922,38.916319605924286,38.83482601177057,38.556433562839906,,,,,39.90777318840595,#000000,0.0,0.0,2.4352420602256415,39.21584990027016,0.24808626197671055,0.0,0.0,0.0,0.0,49.805865703412245,-6.70595052720531,False,False,False,False,True,2.0623909986924893,0,1.0132377275234417,0.8564266368104321,False,False,False,False,0.07774834378605859,0.05640728307344111,False,False,False,False,-1143390,-1036301.2962663969,False,False,False,False,77969.86955886941,False,False,False,False
2024-08-27 00:00:00+00:00,39.75,39.92,39.45,39.72,27855,,,,,,39.242814473435416,39.69804873767667,38.70248216199762,40.019678688904996,39.76178839976562,,,,,,38.96359306350094,38.95124664083543,38.92160361538888,38.84052812452183,38.562361312740705,,,,,39.90758827235189,#000000,0.0,0.0,2.438812899826573,39.21833492015914,0.21800158588576865,0.0,0.0,0.0,0.0,50.51457570619738,-5.7493715582476455,False,False,False,False,True,1.875034845028452,1,1.0239169861947313,0.8544111435930136,False,False,False,False,0.06032803449061807,0.05836765878202959,False,False,False,False,-1171245,-1041593.2062167343,False,False,False,False,76004.58055656082,False,False,False,False
2024-08-28 00:00:00+00:00,39.45,39.7,39.15,39.7,23732,,,,,,39.24928356027774,39.69629267856097,38.70425746542132,40.019051689569864,39.761459645479036,,,,,,38.97219857136792,38.95399646667391,38.92450196518077,38.84381307325291,38.56616878459075,,,,,39.90721703521717,#000000,0.0,0.0,2.4419975946450863,39.219299304644984,0.09447212227436613,0.0,0.0,0.0,0.0,50.099652101703896,-5.7493715582476455,False,False,False,False,True,1.0662838628600149,1,1.0149000174026899,0.8597011709524243,False,False,False,False,0.04260365737396076,0.050485658077995176,False,False,False,False,-1194977,-1047608.2569533329,False,False,False,False,73954.67543669569,False,False,False,False
2024-08-29 00:00:00+00:00,39.93,40.28,39.56,39.8,27395,,,,,,39.27470712617154,39.698018069433466,38.707666216417145,40.01893368195518,39.76164645852038,,,,,,38.991895990389295,38.96033722995427,38.93098993927593,38.8506745114958,38.572983000939,,,,,39.907231584766976,#000000,0.0,0.0,2.4484091323305037,39.22257679235149,0.28893177954092736,0.0,0.0,0.0,0.0,51.222452284472965,-4.441808469094255,False,False,False,False,True,2.314730001485078,0,1.0198776632188937,0.848028330622993,False,False,False,False,0.07638047863012144,0.0634330683540583,False,False,False,False,-1167582,-1052313.1096218298,False,False,False,False,72128.80581172723,False,False,False,False
2024-08-30 00:00:00+00:00,40.26,40.33,39.67,40.31,30332,,,,,,39.30725633225401,39.70126095596996,38.7119223594644,40.01902601397418,39.762061237226064,,,,,,39.016435982018415,38.96843616445065,38.939242159293286,38.85931193482148,38.58135136623784,,,,,39.90741076391664,"rgba(38, 166, 154, 0.5)",0.0,0.0,2.457699964828345,39.226881326830195,0.42035996580321366,0.0,0.0,0.0,0.0,52.88453802558222,-2.5607964380569896,False,False,True,False,True,3.165683572066545,0,1.024578230005511,0.8423143677357264,False,False,False,False,0.08185370264429338,0.07264338549917584,False,False,False,False,-1137250,-1055643.9680680328,False,False,False,False,70489.71538773793,False,False,False,False
2024-09-03 00:00:00+00:00,39.78,40.68,39.605,39.84,40719,,,,,,39.343738907331485,39.70481017914964,38.71732664992901,40.01903083750916,39.76250522655177,,,,,,39.0458014646157,38.97850570911687,38.949519596930806,38.870115024132566,38.59196215938655,,,,,39.90756372220746,"rgba(38, 166, 154, 0.5)",0.0,0.0,2.462577387086042,39.23201872256708,0.22252347491964455,0.0,0.0,0.0,0.0,52.37900140029914,-2.5607964380569896,False,False,True,False,True,1.8306409381925235,0,1.024385680936384,0.8363442626951139,False,False,False,False,0.08268793553670711,0.07766566051794148,False,False,False,False,-1177969,-1060441.0281437961,False,False,False,False,69322.23635292468,False,False,False,False
2024-09-04 00:00:00+00:00,40.25,40.385,39.15,39.91,55934,,,,,,39.38205906397454,39.70816041767992,38.724151967140976,40.01880383017037,39.76289389258283,,,,,,39.079849627688134,38.99081813126753,38.96212156373371,38.88345496156144,38.605350393323015,,,,,39.90760184665835,"rgba(38, 166, 154, 0.5)",0.0,0.0,2.4709195647563322,39.237934533856375,0.4095906158092317,0.0,0.0,0.0,0.0,53.41803850507331,-1.5273507860853357,False,False,True,False,True,3.0583346640041107,0,1.013608403672979,0.8505332914117106,False,False,False,False,0.050041725118486986,0.06385369281821424,False,False,False,False,-1122035,-1062856.47802051,False,False,False,False,68797.2074763394,False,False,False,False
2024-09-05 00:00:00+00:00,41.18,41.28,39.91,40.49,86338,,,,,,39.511426348431655,39.7326233786124,38.74196914444588,40.02177180973843,39.766596362217115,,,,,,39.17596698243383,39.02611172488657,38.997739239672036,38.91984497662056,38.63861937835241,,,,,39.910094932068006,"rgba(38, 166, 154, 0.5)",0.0,0.0,2.4906684438715283,39.25740465121571,0.7719194232837284,0.0,0.0,0.0,0.0,56.42417639804228,1.5314682267708335,False,False,True,False,True,5.415721893729508,0,1.02406380748954,0.8422412620699034,False,False,False,False,0.09264863638069028,0.07825116459945225,False,False,False,False,-1035697,-1061791.4004510783,False,False,False,False,69485.08169295355,False,False,False,False
2024-09-06 00:00:00+00:00,39.0,41.41,38.694,40.96,84600,,,,,,39.52711223771228,39.731945107938174,38.75000880301138,40.02056795411427,39.766366651906665,,,,,,39.20339003411789,39.03884578552245,39.01092164862921,38.934192555260736,38.65424401295449,,,,,39.90951857597798,"rgba(38, 166, 154, 0.5)",0.0,0.0,2.489135621886495,39.26210737491419,-0.1053005600054601,0.0,0.0,0.0,0.0,52.45952793303611,1.5314682267708335,False,False,True,False,False,0.0,1,0.998088268707936,0.8578737473850807,False,False,False,False,-0.03858525287341011,0.01983295586302107,False,False,False,False,-1120297,-1064085.737688291,False,False,False,False,70077.82358734752,False,False,False,False
2024-09-09 00:00:00+00:00,38.56,39.5,38.44,39.06,83889,,,,,,39.47459094642927,39.713036154698116,38.75069550397612,40.0161615322658,39.763121523075924,,,,,,39.18517876948161,39.035073132877784,39.00768252746158,38.932389242137745,38.65681744055281,,,,,39.90658042136606,#000000,0.0,0.0,2.4832579733411277,39.25658084103951,-0.2805108645648615,0.0,0.0,0.0,0.0,48.92788238302438,4.242143624380326,False,True,False,False,False,0.0,1,0.9858661966536633,0.9619088987829225,False,False,False,False,-0.1504503003143572,-0.06530867222566805,False,False,False,False,-1204186,-1069579.8656220834,False,False,False,False,70619.43834862801,False,False,False,False
2024-09-10 00:00:00+00:00,37.92,38.495,37.73,38.28,57916,,,,,,39.40375057141828,39.68919859218182,38.74672189213428,40.011132101452596,39.75901383707364,,,,,,39.14782309648817,39.02272403164246,38.99575230814686,38.921609688618645,38.6508402398696,,,,,39.903084458600944,"rgba(239, 83, 80, 1.0)",0.0,0.0,2.475283527303622,39.24692938231904,-0.5360716732779652,0.0,0.0,0.0,0.0,45.35370589249336,1.0012928967354284,False,True,False,True,False,0.0,1,0.960109146511451,0.9491438081319219,False,False,False,False,-0.24170286459051768,-0.15350576840809288,False,False,False,False,-1262102,-1077129.753244747,True,False,False,False,70121.26429574064,False,False,False,False
2024-09-11 00:00:00+00:00,38.23,38.31,36.93,37.87,40864,,,,,,39.35024022680509,39.67053557344075,38.743050582813616,40.00719389137329,39.75574773813382,,,,,,39.11781129133021,39.01222576536447,38.9855545937618,38.9122415216701,38.645144333207234,,,,,39.90032743225471,"rgba(239, 83, 80, 1.0)",0.0,0.0,2.470181654333447,39.15119905253914,-0.37292765530951216,0.0,0.0,0.0,0.0,43.88751984201787,-0.26811217542513077,False,True,False,True,False,0.0,1,0.9529832955808368,0.9483342241225725,False,False,True,False,-0.34282825441539394,-0.2481670114117434,False,False,False,False,-1221238,-1082781.0570390706,False,False,False,False,68973.92059786845,False,False,False,False
2024-09-12 00:00:00+00:00,38.5,38.8524,38.225,38.54,26581,,,,,,39.33247402853635,39.663135760385714,38.74249017246963,40.00546134736546,39.75439928344304,,,,,,39.10921226054456,39.00947192837066,38.98296801158714,38.91010919273278,38.644612367878224,,,,,39.89914319404995,"rgba(239, 83, 80, 1.0)",0.0,0.0,2.4667695474040783,39.162611395119434,-0.26861503775929846,0.0,0.0,0.0,0.0,43.714835811302734,-0.452095968155227,False,True,False,True,False,0.0,1,0.9658407162677072,0.9547832553484644,False,False,False,False,-0.23364835011292806,-0.24090768076233574,False,False,False,False,-1194657,-1087168.3489198915,False,False,False,False,67311.45312344223,False,False,False,False
2024-09-13 00:00:00+00:00,39.28,39.57,38.605,38.92,49530,,,,,,39.32549410487695,39.65704835694832,38.74444753100031,40.00360474556143,39.75317047243781,,,,,,39.11033103139627,39.01095630717367,38.984718179444954,38.91256755225903,38.64878913985046,,,,,39.897945120248394,"rgba(239, 83, 80, 1.0)",0.0,0.0,2.4611324574213986,39.18439382719129,0.03884641499908432,0.0,0.0,0.0,0.0,45.77046945098763,-0.452095968155227,False,True,False,True,False,0.45571773069823607,1,0.9513772109369971,0.946177563608729,False,False,False,False,-0.1710948699261754,-0.20600127534425555,False,False,False,False,-1145127,-1089441.2371975428,False,False,False,False,66614.14123624843,False,False,False,False
2024-09-16 00:00:00+00:00,39.62,39.68,39.02,39.49,43535,,,,,,39.32925196669672,39.654801270626805,38.747359840956705,40.002529566253095,39.75261028433561,,,,,,39.11779417807032,39.01485722001183,38.988832293341694,38.917243766058824,38.65447656460728,,,,,39.89730086456939,#000000,0.0,0.0,2.4522181538097283,39.19769375194089,0.1722139799850269,0.0,0.0,0.0,0.0,48.01391104589413,-0.452095968155227,False,True,False,False,True,1.3233069429003308,1,0.9654898730991712,0.9400780305470056,False,False,False,False,-0.14166539316445811,-0.17383333425435682,False,False,False,False,-1101592,-1089917.7376996,False,False,False,False,65709.07687404261,False,False,False,False
2024-09-17 00:00:00+00:00,40.59,41.06,39.395,39.98,53880,,,,,,39.36902788099798,39.663575107385135,38.755613303380805,40.00334408457123,39.75392619415703,,,,,,39.151331453550284,39.029695355841355,39.00386836991569,38.932776357096344,38.66941284955799,,,,,39.898084810580514,#000000,0.0,0.0,2.451515986207462,39.22471068615329,0.5569163413691798,0.0,0.0,0.0,0.0,51.740273614433875,-4.2858057896913735,False,False,False,False,True,3.7377989889848244,1,0.9690640301416679,0.9154312310460572,False,False,False,False,-0.044750117843532104,-0.10929172604894447,False,False,False,False,-1047712,-1088262.6107309882,False,False,False,False,65245.1915064331,False,False,False,False
2024-09-18 00:00:00+00:00,41.06,41.76,40.365,40.69,44284,,,,,,39.42163949309338,39.67796261195986,38.76534311366898,40.005388967745674,39.7562961201764,,,,,,39.19318577041131,39.04811058329263,39.022405694202185,38.95159952094088,38.686625836592164,,,,,39.899744682476445,"rgba(38, 166, 154, 0.5)",0.0,0.0,2.4583160353644207,39.250551620042856,0.7360519778283567,0.0,0.0,0.0,0.0,55.1746144201681,-1.085345762701067,False,False,True,False,True,4.874050457185319,1,0.9745128542001478,0.9064385058289409,False,False,False,False,0.04666873964609894,-0.03131149320142276,False,False,False,False,-1003428,-1084935.7632513416,False,False,False,False,64423.1839963769,False,False,False,False
2024-09-19 00:00:00+00:00,41.65,41.96,41.07,41.96,42082,,,,,,39.482988255129186,39.696189026985884,38.7765033976346,40.00823818148656,39.75939696998168,,,,,,39.24145776217289,39.069558513496,39.0439441248114,38.97333300678998,38.70613916290415,,,,,39.90199225500918,"rgba(38, 166, 154, 1.0)",0.0,0.0,2.4714030227587345,39.36858735248005,0.9231244869860581,0.0,0.0,0.0,0.0,58.577137926722365,2.045104693703429,True,False,True,False,True,6.277643942624991,0,0.9883378229575349,0.9064114573611283,False,False,False,False,0.09643959903153229,0.032564052915054764,False,True,False,False,-961346,-1080089.105868936,False,False,False,False,63547.05913377389,False,True,False,False
2024-09-20 00:00:00+00:00,41.43,41.64,40.7,41.41,115759,,,,,,39.61272684924415,39.736681177700405,38.80345227316539,40.014500589273744,39.76644430571478,,,,,,39.348511801929845,39.11975008966034,39.094428136735274,39.024494268397795,38.75291153240977,,,,,39.907018201904975,"rgba(38, 166, 154, 1.0)",0.0,0.0,2.4742776031920437,39.40379121634179,0.8189092367987402,0.0,0.0,0.0,0.0,60.08652261576497,3.4212130747501135,True,False,True,False,True,5.663339886957143,0,0.9785159935530668,0.9272036687273538,False,False,False,False,0.05846269623857964,0.0455133745768172,False,False,False,False,-1077105,-1079972.08210937,False,False,False,False,65594.58622656707,False,False,False,False
2024-09-23 00:00:00+00:00,41.25,41.53,40.61,41.28,40802,,,,,,39.6508623612012,39.749309230849434,38.81232871481177,40.01646941153527,39.768702725068756,,,,,,39.381256114766224,39.13588024299722,39.1106672189681,39.040992543528205,38.768177813128204,,,,,39.908615412155015,"rgba(38, 166, 154, 1.0)",0.0,0.0,2.4773849188279446,39.41401593707283,0.7410976182884712,0.0,0.0,0.0,0.0,60.45353377469591,3.8502344660233945,True,False,True,False,True,5.157538058284757,0,0.9558325673160997,0.9380000310430997,False,False,False,False,0.04749111512494071,0.046502244850878956,False,False,False,False,-1117907,-1081459.7259482183,False,False,False,False,64622.32794317229,False,False,False,False
2024-09-24 00:00:00+00:00,41.49,41.76,40.976,41.19,26074,,,,,,39.67864941184982,39.75886452300601,38.81864347407991,40.01803787567006,39.77043665998347,,,,,,39.404793026214456,39.14747474445478,39.12232303691338,39.05278925646408,38.778970255102095,,,,,39.90986628193603,"rgba(38, 166, 154, 1.0)",0.0,0.0,2.4713985390338893,39.42367909783361,0.8360937621069194,0.0,0.0,0.0,0.0,61.25024225626188,4.807038216270833,True,False,True,False,True,5.748346919852654,0,0.9587478257213875,0.9571713095069183,False,False,False,False,0.08023054543665434,0.06336639514376664,False,False,False,False,-1091833,-1081866.5210090724,False,False,False,False,63110.62880814593,False,False,False,False
2024-09-25 00:00:00+00:00,40.73,41.49,40.53,41.18,52660,,,,,,39.716951570092654,39.77217488589819,38.82889883554888,40.0200779232418,39.77287906156212,,,,,,39.439429306637194,39.16551696227825,39.14051775799535,39.0713579483876,38.79647211853929,,,,,39.91155902783195,"rgba(38, 166, 154, 1.0)",0.0,0.0,2.4493451377059343,39.43175202460858,0.5300388072737527,0.0,0.0,0.0,0.0,59.07074751353698,4.807038216270833,True,False,True,False,True,3.5998946987434834,0,0.9285137480972324,0.9738123139929826,False,False,False,False,0.04091381471502618,0.052140104929396414,False,False,False,False,-1144493,-1084322.4613616578,False,False,False,False,62700.80022743432,False,False,False,False
2024-09-26 00:00:00+00:00,41.14,41.31,40.76,41.08,27148,,,,,,39.73819353336282,39.77982138027165,38.834532177269,40.02130526649281,39.774302392669306,,,,,,39.458462564704746,39.17547724772901,39.1505517368526,39.081570427124696,38.80602790240906,,,,,39.91256226362917,"rgba(38, 166, 154, 1.0)",0.0,0.0,2.4217185320859946,39.43763233074895,0.7029585175551701,0.0,0.0,0.0,0.0,58.694284551878866,4.807038216270833,True,False,True,False,True,4.630566287633446,0,0.9278762432641031,0.9736602150236531,False,False,False,False,0.043653894010525045,0.04789699946996073,False,False,False,False,-1117345,-1085617.4628768868,False,False,False,False,61306.57276753494,False,False,False,False
2024-09-27 00:00:00+00:00,40.99,41.67,40.94,41.49,23856,,,,,,39.75808563032021,39.787136244493944,38.83974560353999,40.02251481755536,39.77567578340992,,,,,,39.47614467535718,39.1847388429424,39.15987459433867,39.091039867202035,38.81483725184598,,,,,39.91354126828096,"rgba(38, 166, 154, 0.75)",0.0,0.0,2.3824199824911356,39.44379756838533,0.6490049793814752,0.0,0.0,0.0,0.0,57.90449057216515,4.807038216270833,True,False,True,False,False,4.203742630278924,0,0.9417346954887811,0.9623670345749579,False,False,False,False,0.07329715736168717,0.06059707841582395,False,False,False,False,-1141201,-1087797.2094307344,False,False,False,False,59837.922855082594,False,False,False,False
2024-09-30 00:00:00+00:00,41.13,41.59,40.87,41.03,34457,,,,,,39.78581574412317,39.79754499549088,38.847224727735245,40.02425255331716,39.7776501780936,,,,,,39.50101140588714,39.19794556893765,39.17316978173235,39.1045474159067,38.827429784178065,,,,,39.9149490350721,"rgba(38, 166, 154, 0.75)",0.0,0.0,2.3443067167036973,39.45238126109138,0.7156140137104162,0.0,0.0,0.0,0.0,57.7833325697958,4.807038216270833,True,False,True,False,False,4.563308390089116,0,0.951658732794568,0.9514127212566268,False,False,False,False,0.06505223083096165,0.0628246546233928,False,False,False,False,-1106744,-1088540.2208256077,False,False,False,False,58842.59254704014,False,False,False,False
2024-10-01 00:00:00+00:00,40.73,41.245,40.282,41.11,42458,,,,,,39.8082398124388,39.806154525653696,38.85464487787336,40.02557790101766,39.779316064174004,,,,,,39.522906321748614,39.21041726660565,39.18576999211267,39.117470274530824,38.83988850360505,,,,,39.91607956424215,"rgba(38, 166, 154, 0.75)",0.0,0.0,2.2849098943339774,39.45679777520094,0.5572220716257958,0.0,0.0,0.0,0.0,56.159128728608025,4.807038216270833,True,False,True,False,False,3.402385995740268,0,0.9381429565528325,0.9610873798660493,False,False,False,False,0.01392298256951607,0.03837381859645444,False,False,False,False,-1149202,-1090919.1141265642,False,False,False,False,58200.05950597975,False,False,False,False
2024-10-02 00:00:00+00:00,40.9,41.04,40.45,40.45,26985,,,,,,39.82260313193154,39.81179886575998,38.859440403233016,40.02646897828186,39.78042000008871,,,,,,39.536915794250945,39.21846533208916,39.19389800561911,39.12579869857484,38.84790502662906,,,,,39.916834516827095,"rgba(38, 166, 154, 0.5)",0.0,0.0,2.2172046519138795,39.46009827019053,0.6494221129143649,0.0,0.0,0.0,0.0,55.645408973265404,4.807038216270833,False,False,True,False,False,3.852593040039345,0,0.9313351344369959,0.9788573784210794,False,False,False,False,0.011898608040332614,0.025136213318393524,False,False,False,False,-1122217,-1092146.4822000323,False,False,False,False,56975.9395253531,False,False,False,False
2024-10-03 00:00:00+00:00,40.51,40.98,40.5,40.73,20900,,,,,,39.8319599943057,39.81554054842195,38.862883798754915,40.02703847767133,39.781161396224235,,,,,,39.54643002108649,39.224120803685146,39.19961802119521,39.131682324080195,38.85364713769315,,,,,39.917329866711,"rgba(38, 166, 154, 0.5)",0.0,0.0,2.1388228218024836,39.461895110023,0.4900382019926791,0.0,0.0,0.0,0.0,53.77685091839756,8.604816920265066,False,False,True,False,False,2.7087322578249307,0,0.9442854216480884,0.978699606441239,False,False,False,False,0.011351497221305714,0.018243855269849618,False,False,False,False,-1143117,-1094145.3260353252,False,False,False,False,55561.19679886866,False,False,False,False
2024-10-04 00:00:00+00:00,40.75,41.09,40.46,41.09,22376,,,,,,39.84296628259985,39.81999404072827,38.86676658143192,40.02774590259788,39.78204658744487,,,,,,39.557365672910294,39.230558029596764,39.20612170155646,39.138353374908405,38.86010338084925,,,,,39.917932829659634,#000000,0.0,0.0,2.045792896794944,39.46453233371472,0.6283469203061391,0.0,0.0,0.0,0.0,53.42534928632356,8.02699721802616,False,False,False,False,False,3.3612997679128327,0,0.9348474345608797,0.966796025711702,False,False,False,False,0.015181434007335305,0.016712644638592462,False,False,False,False,-1120741,-1095188.293641783,False,False,False,False,54259.81653224636,False,False,False,False
2024-10-07 00:00:00+00:00,40.83,40.97,39.93,40.49,29494,,,,,,39.85417992355915,39.82463544813263,38.87135097274029,40.02843706579848,39.78298625672752,,,,,,39.569265869170906,39.23792195965129,39.21357849105427,39.14604744133044,38.86770566067078,,,,,39.91854866651539,"rgba(38, 166, 154, 0.5)",0.0,0.0,1.9372771176655905,39.46654396284397,0.7038002073750733,0.0,0.0,0.0,0.0,53.4952936903295,7.817781442204108,False,False,True,False,False,3.580584587172723,0,0.9231629905758229,0.9944334453447831,False,False,False,False,-0.02037995012828053,-0.0018336527448440335,False,False,False,False,-1091247,-1095033.7331068113,False,False,False,False,53288.60804078572,False,False,False,False
2024-10-08 00:00:00+00:00,40.27,41.24,40.13,40.83,35777,,,,,,39.86678460083397,39.82996816357913,38.87678182157908,40.02922738146524,39.78408014977629,,,,,,39.58291444427532,39.246549406905096,39.222318882615085,39.15507735848161,38.87667722143063,,,,,39.91926016661123,#000000,0.0,0.0,1.8154822157420714,39.468874673637046,0.44127412508720176,0.0,0.0,0.0,0.0,51.227938788899024,5.425442442349109,False,False,False,False,False,1.8992470035008715,1,0.9014858508452129,0.9951908226097924,False,False,False,False,0.005333654632269534,0.0017500009437127501,False,False,False,False,-1127024,-1096288.2533771324,False,False,False,False,52601.87831369609,False,False,False,False
2024-10-09 00:00:00+00:00,40.37,41.1,40.2,40.2,26944,,,,,,39.87611371351387,39.83398788436632,38.88087301251391,40.029832458250695,39.784912680448166,,,,,,39.59304837217968,39.25302150247099,39.22887520098625,39.16184970313489,38.88341083036413,,,,,39.91980346451407,#000000,0.0,0.0,1.7033216938655054,39.470807185831696,0.5279054552095092,0.0,0.0,0.0,0.0,50.1569180587474,4.240281603208366,False,False,False,False,False,2.1831418437933756,1,0.9038406586619914,0.9929945265129516,False,False,False,False,0.0015043470692577613,0.0016271740064852558,False,False,False,False,-1100080,-1096436.949323127,False,False,False,False,51595.68700727664,False,False,False,False
2024-10-10 00:00:00+00:00,40.04,40.21,39.745,39.94,26588,,,,,,39.87772314714292,39.834880077339704,38.883552079013036,40.02979684031501,39.78513938048999,,,,,,39.59716817241885,39.25663713600649,39.232587978856394,39.16581918206148,38.88780316377465,,,,,39.91986946009916,"rgba(239, 83, 80, 1.0)",0.0,0.0,1.5814321027143576,39.46915454659435,0.36096741202221144,0.0,0.0,0.0,0.0,48.1214010904496,2.181700319235688,False,True,False,True,False,1.1868116039295025,1,0.8826396411788229,1.0310720514876095,False,False,False,False,-0.02371508077777738,-0.011043953385646062,False,False,False,False,-1126668,-1097622.4807222201,False,False,False,False,50614.993399148145,False,False,False,False
2024-10-11 00:00:00+00:00,40.85,40.89,40.18,40.19,27941,,,,,,39.88812791462976,39.83944724911204,38.88796625987329,40.03052108483485,39.78609257651035,,,,,,39.60819045362148,39.26365379476131,39.23968857610553,39.173134322636386,38.89502745908032,,,,,39.920504884863405,#000000,0.0,0.0,1.4697154471174179,39.471944417411315,0.9376342783165913,0.0,0.0,0.0,0.0,50.16416473919361,2.181700319235688,False,False,False,False,True,3.498560440504246,1,0.9082514400277006,1.001721720266369,False,False,False,False,0.1654338130036236,0.07719492980898876,False,False,False,False,-1098727,-1097665.7952037016,False,False,False,False,49725.81718741685,False,False,False,False
2024-10-14 00:00:00+00:00,40.68,40.825,40.5,40.59,17864,,,,,,39.89487772859021,39.84244258918103,38.890822297445574,40.03100471229558,39.78672107074248,,,,,,39.615306412797494,39.26819427904879,39.24428199481287,39.17786291684126,38.899689646319885,,,,,39.920926529634485,#000000,0.0,0.0,1.4189869244964683,39.47385743412122,0.8500025934395283,0.0,0.0,0.0,0.0,50.79570345427665,2.181700319235688,False,False,False,False,True,2.975558855179628,1,0.9503326699116783,0.9886894214341415,False,False,False,False,0.18771992068226417,0.13245742524562648,False,False,False,False,-1116591,-1098407.960097674,False,False,False,False,48476.33416045933,False,False,False,False
2024-10-15 00:00:00+00:00,40.94,42.198,40.46,40.46,28663,,,,,,39.912737176283194,39.850264777029025,38.896748996053404,40.03242441689476,39.78833388352728,,,,,,39.632184461474225,39.27815830357298,39.25431608898657,39.188068673309694,38.90934974055456,,,,,39.922082013884655,#000000,0.0,0.0,1.4003291504963336,39.54728976798495,0.9945591945446648,0.0,0.0,0.0,0.0,52.233409436262086,-1.8199563632986653,True,False,False,False,True,3.7167448210434664,1,0.9889545948885264,0.9459624796084828,False,False,False,False,0.3078530230860865,0.22015522416585648,False,False,False,False,-1087928,-1097996.9812703144,False,False,False,False,47699.340663970725,False,False,False,False
2024-10-16 00:00:00+00:00,41.3,41.89,40.93,41.33,31037,,,,,,39.93407429526237,39.85971317887236,38.90361472184919,40.03418647113909,39.790290977201046,,,,,,39.652044112760414,39.28979902748644,39.26602740467898,39.19995019858291,38.9205066975401,,,,,39.923500976121105,"rgba(38, 166, 154, 1.0)",0.0,0.0,1.3529905747992288,39.55984474601583,1.2861547496311223,0.0,0.0,0.0,0.0,54.51375867531699,0.39394415115199166,True,False,True,False,True,4.738316672531678,1,1.0053319061262596,0.9453731127064352,False,False,False,False,0.3229899496571834,0.27157258691152,False,False,False,False,-1056891,-1096384.982004812,False,False,False,False,47045.91553989344,False,False,False,False
2024-10-17 00:00:00+00:00,41.49,41.564,40.69,41.34,26740,,,,,,39.950405799495655,39.86709366202248,38.90920081191507,40.035559128773684,39.79184005505293,,,,,,39.667574823069934,39.29912780436296,39.275420040425345,39.209499260158594,38.92955125066056,,,,,39.9246157732221,"rgba(38, 166, 154, 1.0)",0.0,0.0,1.341018061564233,39.56520857503155,1.4353210296983454,0.0,0.0,0.0,0.0,56.69949151627546,2.4658269333933234,True,False,True,False,True,5.276445106698347,1,1.0119085095102394,0.9600495393995626,False,False,False,False,0.2706764452352009,0.2711245160733604,False,False,False,False,-1030151,-1093787.5709457998,False,False,False,False,46249.60512656428,False,False,False,False
2024-10-18 00:00:00+00:00,40.98,42.14,40.76,41.61,19837,,,,,,39.96267556724617,39.872696438181634,38.91340766099765,40.03661342667264,39.79302281918505,,,,,,39.67922726897508,39.30615075805388,39.28248944409938,39.216682135481285,38.936345954333675,,,,,39.92546985908104,"rgba(38, 166, 154, 1.0)",0.0,0.0,1.335735448803108,39.56992937524056,1.0556511216520719,0.0,0.0,0.0,0.0,55.5936015150513,2.4658269333933234,True,False,True,False,True,3.6270307708454865,1,1.019632108673486,0.9160239121139362,False,False,False,False,0.33051768442312063,0.3008211002482405,False,False,False,False,-1049988,-1092069.9407126312,False,False,False,False,45213.81669022843,False,False,False,False
2024-10-21 00:00:00+00:00,40.54,41.13,40.36,41.13,21046,,,,,,39.9695301433988,39.87603329843378,38.91670242231085,40.03718212804827,39.793760694159054,,,,,,39.686754776062145,39.311252375691765,39.28765218851167,39.22200189118071,38.941637267860536,,,,,39.92596684899524,#000000,0.0,0.0,1.30884103880682,39.56698375666868,0.7434181955498235,0.0,0.0,0.0,0.0,52.95713868713056,2.4658269333933234,True,False,False,False,False,2.230069130386916,1,1.0064582530323034,0.9342898381951334,False,False,False,False,0.20223783057031408,0.2515294654092773,False,False,False,False,-1071034,-1091245.0018611555,False,False,False,False,44266.059172964575,False,False,False,False
2024-10-22 00:00:00+00:00,39.92,40.25,39.79,40.25,23815,,,,,,39.96971430498089,39.87655046482616,38.91895999023244,40.03713138961047,39.7939427992323,,,,,39.986666666666665,39.689294265055075,39.31408539551808,39.290569036638765,39.22514173884586,38.94522031177257,,,,,39.926012257503835,#000000,0.0,0.0,1.299361686672669,39.556500485157464,0.27975237270029585,0.0,0.0,0.0,0.0,48.94320263178641,3.675637175856906,False,False,False,False,False,0.30628314958777736,1,1.0025752063255309,0.9441695268624922,False,False,False,False,0.07682600660027286,0.1641777360047751,False,False,False,False,-1094849,-1091386.3351215024,False,False,False,False,43464.05685245616,False,False,False,False
2024-10-23 00:00:00+00:00,39.79,40.09,39.63,39.87,25857,,,,,,39.968179783604235,39.87634906014111,38.92105752529936,40.03691301360422,39.79398654434865,,,,,39.908583440704355,39.69063678863479,39.316454517424646,39.29303202476981,39.227855973024845,38.94852653874723,,,,,39.92593974750072,"rgba(239, 83, 80, 1.0)",0.0,0.0,1.285894955988975,39.54622948246527,0.18957265241564383,0.0,0.0,0.0,0.0,45.83487057463681,0.9082809796408355,False,True,False,True,False,0.0,1,1.001963426530646,0.9369636745424182,False,False,False,False,0.04960417818067663,0.10689095709272586,False,False,False,False,-1120706,-1092536.1259010513,False,False,False,False,42773.58403471278,False,False,False,False
2024-10-24 00:00:00+00:00,39.37,40.22,39.23,39.9,27570,,,,,,39.96378800734392,39.87490477756601,38.92272432517904,40.036413854915,39.793782263507694,,,,,39.800820235968345,39.68982901230605,39.317850607808275,39.29453306104228,39.229640255274525,38.951118929149416,,,,,39.925663708729594,"rgba(239, 83, 80, 1.0)",0.0,0.0,1.284358429947274,39.53497916738054,-0.1284525904402844,0.0,0.0,0.0,0.0,42.42542973100106,-2.1211790681826415,False,True,False,True,False,0.0,1,1.002170103007556,0.9335535126734017,False,False,False,False,0.026694391376562526,0.06679267423464419,False,False,False,False,-1148276,-1094722.0033166963,False,False,False,False,42177.36505295934,False,False,False,False
2024-10-25 00:00:00+00:00,38.99,39.75,38.92,39.75,29746,,,,,,39.95416520090791,39.87114235706253,38.92350204000474,40.035393196700845,39.79310793425496,,,,,39.63933409977443,39.68500271980693,39.31734535933919,39.294150173584164,39.22959151138523,38.952256798222656,,,,,39.925006062338326,"rgba(239, 83, 80, 1.0)",0.0,0.0,1.292646729608526,39.520524765866,-0.41041744330770535,0.0,0.0,0.0,0.0,39.06587872038497,-5.08837503084488,False,True,False,True,False,0.0,1,0.9802887331663674,0.971223658579777,False,False,False,False,-0.039417071343225175,0.013687801445709507,False,False,False,False,-1178022,-1097988.6698532964,False,False,False,False,41689.86054107858,False,False,False,False
2024-10-28 00:00:00+00:00,39.97,40.375,39.15,39.42,28659,,,,,,39.95265708055986,39.87092505985116,38.92578534941333,40.035148105777395,39.79315154450926,,,,,39.67996941817119,39.686440036687145,39.31989132939035,39.29679746792279,39.23251031095808,38.95582778911527,,,,,39.92492232824449,"rgba(239, 83, 80, 1.0)",0.0,0.0,1.293176827161064,39.5155274159393,0.3514388554722313,0.0,0.0,0.0,0.0,41.47548603671071,-5.08837503084488,False,True,False,True,False,0.5303777072464371,1,0.9806727148880691,0.9529876848628704,False,False,False,False,0.03305438574671225,0.023371093596210882,False,False,False,False,-1149363,-1100003.3494668927,False,False,False,False,41178.84640221275,False,False,False,False
2024-10-29 00:00:00+00:00,40.06,40.42,39.67,39.69,25834,,,,,,39.953725512702256,39.871809238909236,38.928327474341586,40.03516419449371,39.79341314039233,,,,,39.73916752848117,39.689623619125165,39.32313475023287,39.30012658459918,39.236067219758866,38.959818285520385,,,,,39.92502339229382,"rgba(239, 83, 80, 0.75)",0.0,0.0,1.2858729008409688,39.51377800944296,0.4247869211644565,0.0,0.0,0.0,0.0,43.44712715549964,-5.08837503084488,False,True,False,True,True,0.8047350445027064,1,0.9934148360607761,0.9462734243688697,False,False,False,False,0.08108867759066195,0.052229885593436415,False,False,False,False,-1123529,-1100925.923997603,False,False,False,False,40577.08771977304,False,False,False,False
2024-10-30 00:00:00+00:00,40.11,40.975,40.0,40.0,19539,,,,,,39.95708412898662,39.87363173663113,38.93077465024114,40.03543148345322,39.79385053391926,,,,,39.80635905793098,39.69404523485783,39.32661242994797,39.303663420601666,39.239759189784266,38.96367445995728,,,,,39.92529007142628,"rgba(239, 83, 80, 0.75)",0.0,0.0,1.2668903832784013,39.51480342036487,0.4698090596401136,0.0,0.0,0.0,0.0,44.97750819518342,-11.4842730120859,False,True,False,True,True,0.9593704544661854,1,1.0011996472117608,0.9377186639190429,False,False,False,False,0.1571737462668417,0.10470181593013905,False,False,False,False,-1103990,-1101046.0838408342,False,False,False,False,39752.0646719388,False,False,False,False
2024-10-31 00:00:00+00:00,39.81,40.26,39.74,40.11,28932,,,,,,39.95683821779843,39.87397709400192,38.93331122196026,40.035311906687156,39.7940131220743,,,,,39.824315827744755,39.69638611217455,39.32962242789585,39.30677100737811,39.24312757200291,38.96762153835879,,,,,39.92530035059775,"rgba(239, 83, 80, 0.75)",0.0,0.0,1.2551468526119456,39.51226806537275,0.2372088445329519,0.0,0.0,0.0,0.0,44.794139353521814,-11.4842730120859,False,True,False,True,True,0.002324790867579196,1,0.9839141752913324,0.9609945034842109,False,False,False,False,0.07341788229482483,0.08905984911248194,False,False,False,False,-1132922,-1102296.1197686447,False,False,False,False,39327.748410294145,False,False,False,False
2024-11-01 00:00:00+00:00,39.69,40.22,39.345,40.0,32016,,,,,,39.95413965681474,39.8732400143116,38.93558850052519,40.03493239322405,39.793959841299134,,,,,39.81470325277172,39.696970092522456,39.331914243010225,39.309174878377114,39.24583304094714,38.97112543153563,,,,,39.92512691653958,"rgba(239, 83, 80, 0.75)",0.0,0.0,1.2521187377135545,39.50804130131724,0.1453206418865863,0.0,0.0,0.0,0.0,44.197787362771436,-11.4842730120859,False,True,False,True,True,0.0,1,0.9978877285477713,0.9466651458312213,False,False,False,False,0.03644744335288766,0.0627536462326848,False,False,False,False,-1164938,-1104752.664091443,False,False,False,False,39041.013178517904,False,False,False,False
2024-11-04 00:00:00+00:00,40.18,40.29,39.52,39.52,20783,,,,,,39.954499678650436,39.873720970434704,38.93750178224516,40.03489918651965,39.794125269078336,,,,,39.829096140452364,39.69901127000716,39.33424928389858,39.31157780805142,39.24841712024109,38.97409194290103,,,,,39.92517327270324,"rgba(239, 83, 80, 0.75)",0.0,0.0,1.2486818563502995,39.50715783909034,0.5388419455987546,0.0,0.0,0.0,0.0,46.188684276321204,-9.839912207501214,False,True,False,True,True,1.1920267949524401,1,0.9910738099130184,0.9749421410811233,False,False,False,False,0.0572511622523526,0.060002404242518695,False,False,False,False,-1144155,-1106297.8537349158,False,False,False,False,38325.012661713285,False,False,False,False
2024-11-05 00:00:00+00:00,40.94,40.98,40.0,40.0,49006,,,,,,39.96791585209857,39.88069770561346,38.9447098126573,40.03613484030495,39.79574989063353,,,,,39.95656450376415,39.713884495546985,39.344975671974744,39.32243671342121,39.25961928672635,38.98537775373177,,,,,39.92626380569175,#000000,0.0,0.0,1.242615564622258,39.514582297423416,1.1471107743688154,0.0,0.0,0.0,0.0,50.44943782210986,-5.669002390891762,False,False,False,False,True,3.5523142861589356,1,0.9891937927433646,0.9609478648646339,False,False,False,False,0.1576079470891617,0.10880517566584019,False,False,False,False,-1095149,-1105860.643784527,False,False,False,False,38743.87491027355,False,False,False,False
2024-11-06 00:00:00+00:00,44.09,44.16,42.1901,42.84,95028,,,,,43.48003333333333,40.09633078049845,39.94314151758024,38.98164069109327,40.049718144501384,39.80942047485135,,,,,40.779673015475005,39.82588231490798,39.40981129193318,39.38730981570624,39.32448623813389,39.04365680458062,,,,43.48003333333333,39.93674586822566,"rgba(38, 166, 154, 1.0)",0.0,0.0,1.3151008319510142,39.769341225132585,3.2854201517441948,0.0,0.0,0.0,0.0,59.39024308075021,2.6343009568486053,True,False,True,False,True,12.064277416561705,0,1.0112161091620457,0.9146181268491428,False,True,False,False,0.34282824108234383,0.225816708374092,False,False,False,False,-1000121,-1101713.9910870944,False,True,False,False,40951.095502027536,False,True,False,False
2024-11-07 00:00:00+00:00,37.55,38.0,35.58,38.0,214736,,,,,39.017955069881154,39.863334475660835,39.833748608248314,38.94661888125697,40.023159901370924,39.786420523237375,,,,37.04333333333333,39.48876468255564,39.65067081574783,39.32883337487657,39.307477333892265,39.247918029585584,38.98671548441428,,,,39.017955069881154,39.91758848987983,"rgba(38, 166, 154, 0.5)",0.0,0.0,1.3464017846712093,39.39315035184851,-1.3689452679228369,0.0,0.0,0.0,0.0,52.352916194234666,9.950346826695842,False,False,True,False,False,0.0,1,0.9404990904719093,0.9246433325666815,False,False,False,False,-0.34282825441539394,-0.058505773020650964,False,False,False,False,-1214857,-1106150.9718287769,False,False,False,False,47766.18979606568,False,False,False,False
2024-11-08 00:00:00+00:00,38.98,39.26,37.28,37.31,135737,,,,,38.8621737046606,39.80089943881367,39.80284021402998,38.941650867252186,40.01473877337462,39.77972931986971,,,,37.61007735260634,39.31272555403839,39.60687931698956,39.311426381929415,39.290600188040294,39.23251752774477,38.97823030560353,,,,38.8621737046606,39.91170807148207,#000000,0.0,0.0,1.350578027738146,39.35096026688816,-0.274667778735761,0.0,0.0,0.0,0.0,49.88820787248482,8.064358145134264,False,False,False,False,False,0.0,0,0.9655822105004237,0.9163870972150102,False,False,False,False,-0.17890216920573704,-0.118703971113194,False,False,False,False,-1079120,-1105090.9337178443,False,False,False,False,51216.02549033762,False,False,False,False
2024-11-11 00:00:00+00:00,39.17,39.76,38.17,38.88,69966,,,,,38.88540575361759,39.7831134677648,39.793711758827826,38.942181424036875,40.011937691931884,39.777723153216286,,,,37.84692390572711,39.289094764658664,39.59578160134671,39.3084242558624,39.28783547919572,39.230407020681355,38.97872781459122,,,,38.88540575361759,39.90982510789814,#000000,0.0,0.0,1.3208925865585273,39.3436423277559,-0.1314583256223052,0.0,0.0,0.0,0.0,48.530784136153365,6.994826407165355,False,True,False,False,False,0.0,1,0.9792357463293898,0.9101280594023449,False,False,False,False,-0.10556839337712827,-0.11213618224516114,False,False,False,False,-1009154,-1101328.701023027,False,False,False,False,51951.318608363596,False,False,False,False
2024-11-12 00:00:00+00:00,39.66,39.83,38.67,38.67,70595,,,,,38.94578590820311,39.77405621295003,39.788897307190126,38.944761671700654,40.01014219946572,39.77666548877412,,,,38.068289717887836,39.29676678810911,39.591777176379615,39.30926732454801,39.28889561800919,39.23205992329213,38.98241053695333,,,,38.94578590820311,39.908695978097796,#000000,0.0,0.0,1.2898893450690156,39.34341330848527,0.24543709328631602,0.0,0.0,0.0,0.0,48.389983325040504,6.830571710535558,False,True,False,False,False,0.0,1,0.9887520274558662,0.9149576710870524,False,False,False,False,-0.07586372366511546,-0.0939999529551383,False,False,False,False,-938559,-1094945.5754927122,False,False,False,False,52682.44336881993,False,False,False,False
2024-11-13 00:00:00+00:00,37.87,40.15,37.78,40.01,56065,,,,,38.91559486041442,39.753133919012335,39.77783346230953,38.943179537511504,40.006933664412756,39.77414347494982,,,,38.1227777300513,39.255813978359356,39.576920144378974,39.30324938281339,39.283076516137335,39.22679437736043,38.97968834304815,,,,38.91559486041442,39.90645662019203,"rgba(239, 83, 80, 1.0)",0.0,0.0,1.2678416788079554,39.33160479540006,-1.1528291109456879,0.0,0.0,0.0,0.0,45.965951785468796,4.357794590277649,False,True,False,True,False,0.0,1,0.9817950847223047,0.9064149712319831,False,False,False,False,-0.10556839337712827,-0.09978417316613328,False,False,False,False,-994624,-1091011.3960616256,False,False,False,False,52815.09264847405,False,False,False,False
2024-11-14 00:00:00+00:00,36.72,38.05,36.45,38.05,90040,,,,,38.68903831266182,39.67857291694736,39.73800901537931,38.92949957624808,39.99625284933945,39.76487859504585,,,,37.974471044256696,39.067571771763724,39.518103578982725,39.27327209908796,39.25350074738178,39.19836326428061,38.95814069682206,,,,38.68903831266182,39.89869232497798,"rgba(239, 83, 80, 1.0)",0.0,0.0,1.2499133951980623,39.28116671725146,-2.0490753416124607,0.0,0.0,0.0,0.0,43.073547784048145,1.4394664133652668,False,True,False,True,False,0.0,0,0.9475578769057031,0.9559291820414169,False,False,False,False,-0.2903440334081292,-0.19506410328713125,False,False,False,False,-1084664,-1090762.4785690128,False,False,False,False,54274.89293676918,False,False,False,False
2024-11-15 00:00:00+00:00,35.86,37.0,35.82,36.89,49292,,,,,38.53371957786653,39.62678314403256,39.709929478326536,38.91871748042489,39.98875436793404,39.758246424115384,,,,37.84896276537627,38.939478243640785,39.47630961115794,39.25101459455453,39.23148399450816,39.17703897236292,38.94134279517845,,,,38.53371957786653,39.893191445323154,"rgba(239, 83, 80, 1.0)",0.0,0.0,1.289818228690816,39.2462334770475,-2.6253571253094887,0.0,0.0,0.0,0.0,40.260846825987045,-1.3892323264299051,False,True,False,True,False,0.0,0,0.9560690663182143,0.9746591812266783,False,False,False,False,-0.34282825441539394,-0.2689461788512626,False,False,False,False,-1133956,-1092456.3421545418,False,False,False,False,54079.485370621376,False,False,False,False
2024-11-18 00:00:00+00:00,35.83,36.45,35.67,35.67,50164,,,,,38.37987874425471,39.571989201763934,39.679846231004156,38.90684872738479,39.98066219341322,39.751059105896594,,,,37.72190863817068,38.809782033036555,39.43174775820384,39.226898961481815,39.20761613359557,39.15388525428004,38.92294509007569,,,,38.37987874425471,39.887239738184995,"rgba(239, 83, 80, 1.0)",0.0,0.0,1.358137609289212,39.21000113066215,-2.488702991172663,0.0,0.0,0.0,0.0,38.35427603148041,-3.379974037809184,False,True,False,True,False,0.0,0,0.9576204945657324,0.9515297835767363,False,False,False,False,-0.34282825441539394,-0.3058872166333283,False,False,False,False,-1184120,-1096050.9954033832,False,False,False,False,53925.93692471466,False,False,False,False
2024-11-19 00:00:00+00:00,35.5,35.955,35.195,35.42,71197,,,,,38.15671257939936,39.48793530191467,39.63306536560833,38.88769486711374,39.967994086160445,39.73973728596906,,,,37.53048141518279,38.61869764612152,39.362712461761724,39.18878492879369,39.16986420463925,39.117180654314495,38.893431229302735,,,,38.15671257939936,39.87788942307539,"rgba(239, 83, 80, 1.0)",0.0,0.0,1.4443946579546665,39.1552719976542,-2.530660147158285,0.0,0.0,0.0,0.0,36.71597907102022,-5.169802441912317,False,True,False,True,False,0.0,0,0.9626518554654419,0.9439345895074905,False,False,False,False,-0.34282825441539394,-0.3243577355243611,False,False,False,False,-1255317,-1102296.7210738386,False,False,False,False,54603.23351590232,False,False,False,False
2024-11-20 00:00:00+00:00,35.29,35.6,35.13,35.38,50846,,,,,38.00653571683727,39.42693807046887,39.59861468422934,38.873296946288036,39.95856336081413,39.731285582872665,,,,37.40076759161991,38.48695619641285,39.312260655342776,39.16050236484214,39.14184021384873,39.08990564052829,38.87136367028794,,,,38.00653571683727,39.87091362820865,"rgba(239, 83, 80, 1.0)",0.0,0.0,1.5294100964892618,38.90667334117904,-2.3647505332160796,0.0,0.0,0.0,0.0,35.38034155744414,-6.724761956527644,False,True,False,True,False,0.0,0,0.9747120069366073,0.9459815161441275,False,False,False,False,-0.34282825441539394,-0.3335929949698775,False,False,False,False,-1306163,-1110291.4771101587,False,False,False,False,54455.89102508262,False,False,False,False
2024-11-21 00:00:00+00:00,36.03,36.28,35.34,35.34,53208,,,,,37.894335627827644,39.37323349419707,39.567675390167395,38.86065252202204,39.94989175636748,39.72356597636117,,,,37.31222233067134,38.38189756719911,39.26784118280452,39.1354938872762,39.11707896171492,39.06585708380969,38.85207073500269,,,,37.894335627827644,39.86450933346621,"rgba(239, 83, 80, 1.0)",0.0,0.0,1.5791600344532737,38.88821217615879,-1.8099572644949429,0.0,0.0,0.0,0.0,36.24057877654139,-6.724761956527644,False,True,False,True,False,0.0,0,0.9554634204722257,0.9431089606592695,False,False,False,False,-0.30118273911584004,-0.31738786704285876,False,False,False,False,-1252955,-1115886.125066623,False,False,False,False,54406.95412213821,False,False,False,False
2024-11-22 00:00:00+00:00,36.26,36.42,35.72,36.27,58136,,,,,37.798207300964314,39.32045788334187,39.53670856099102,38.84810854517135,39.941038991823376,39.715713522801124,,,,37.24156546203951,38.286948654056935,39.22409413754022,39.110669162178205,39.092509648619355,39.04202217706012,38.83302508944538,,,,37.798207300964314,39.85797329828615,"rgba(239, 83, 80, 1.0)",0.0,0.0,1.6243573143507357,38.86671457133842,-1.6047667273135282,0.0,0.0,0.0,0.0,37.351550003205915,-6.724761956527644,False,True,False,True,False,0.0,0,0.956986527641563,0.9544916464495261,False,False,False,False,-0.27732005123293685,-0.2973539591378978,False,False,False,False,-1194819,-1118981.5319267556,False,False,False,False,54553.19121538769,False,False,False,False
2024-11-25 00:00:00+00:00,36.85,37.52,36.47,36.47,78711,,,,36.946666666666665,37.73960418458697,39.26923541505492,39.50547075602212,38.83634125180693,39.931664638422156,39.70753793052566,,,,37.21943145420062,38.214467355466724,39.181857985112856,39.08671044973609,39.068850209536215,39.019215242312384,38.81530184452362,,,,37.73960418458697,39.85108490263982,"rgba(239, 83, 80, 0.75)",0.0,0.0,1.6487670850975136,38.85826278652759,-1.2180391061171705,0.0,0.0,0.0,0.0,39.46847203151902,-6.724761956527644,False,True,False,True,True,0.0,0,0.9595548289310103,0.9362233689265825,False,False,False,False,-0.19467705003299843,-0.24601550458544813,False,False,False,False,-1116108,-1118868.8444002161,False,False,False,False,55500.55626576465,False,False,False,False
2024-11-26 00:00:00+00:00,36.68,38.025,36.47,36.73,69716,,,,36.999116378197144,37.70046290352665,39.22777225085334,39.479605642631064,38.82664843037603,39.9237192401185,39.70062810285582,,,,37.20938940643957,38.1616209375769,39.147540276270384,39.067012845877876,39.04940598433873,39.00049157803258,38.80080141435706,,,,37.70046290352665,39.845244399319476,"rgba(239, 83, 80, 0.75)",0.0,0.0,1.672489680006959,38.84683680863936,-1.2955755928074508,0.0,0.0,0.0,0.0,40.57096089638592,-6.724761956527644,False,True,False,True,True,0.0,0,0.9530805848931051,0.9510331177805458,False,False,False,False,-0.17261060418633495,-0.20931305438589154,False,False,False,False,-1185824,-1121494.5367766784,False,False,False,False,56058.02464749938,False,False,False,False
2024-11-27 00:00:00+00:00,36.63,37.3,36.62,36.9,46998,,,,36.96325519594048,37.668751585180246,39.19808610160098,39.461001482783566,38.81941074434305,39.918000080059464,39.69562457600298,,,,37.194896114976714,38.12241226533824,39.12277944690622,39.05259348659893,39.0351593281534,38.986737310895286,38.7900077900483,,,,37.668751585180246,39.84102757698423,"rgba(239, 83, 80, 0.75)",0.0,0.0,1.6999673870745782,38.83438991266204,-1.2967248250894416,0.0,0.0,0.0,0.0,41.20883376581428,-6.724761956527644,False,True,False,True,True,0.0,0,0.9383373061111686,0.9750423187204201,False,False,False,False,-0.1977501203850001,-0.2035315873854458,False,False,False,False,-1232822,-1125860.3196481813,False,False,False,False,55702.72956328372,False,False,False,False
2024-11-29 00:00:00+00:00,36.38,37.0,36.38,36.98,26009,,,,36.919022191714014,37.64687426549465,39.18016708334116,39.44979152428904,38.814895571404534,39.91457332179064,39.692607591069006,,,,37.181618267674764,38.0974196597299,39.107743443909754,39.04374962675483,39.02641358744195,38.978272182822764,38.78328185767627,,,,37.64687426549465,39.83849405427775,"rgba(239, 83, 80, 0.75)",0.0,0.0,1.729816425192256,38.8252703912054,-1.4136010940777282,0.0,0.0,0.0,0.0,41.12271899061477,-6.724761956527644,False,True,False,True,True,0.0,0,0.9218089353282188,0.9837730412746902,False,False,False,False,-0.22158568269290063,-0.21255863503917322,False,False,False,False,-1258831,-1131074.8561325665,False,False,False,False,54538.269580409855,False,False,False,False
2024-12-02 00:00:00+00:00,37.4,37.52,36.22,36.43,60583,,,,36.94644282673267,37.61987972347003,39.14660330140046,39.4281572348533,38.80660546453581,39.9077181528449,39.686640193246305,,,,37.17508809245587,38.059043494672395,39.07966787289381,39.02720443078135,39.010077945975155,38.962532293493936,38.771020900815046,,,,37.61987972347003,39.83344060457885,"rgba(239, 83, 80, 0.75)",0.0,0.0,1.746530996725387,38.81243091452268,-0.8087064685201013,0.0,0.0,0.0,0.0,43.81029023787737,-11.982520682082637,False,True,False,True,True,0.0,0,0.9260765302601613,0.9695517907666827,False,False,False,False,-0.2056694086481298,-0.20911402184365152,False,False,False,False,-1198248,-1133709.0970685442,False,False,False,False,54775.31783215849,False,False,False,False
2024-12-03 00:00:00+00:00,36.89,37.34,36.6055,37.11,51203,,,,36.94624673038834,37.59517181944315,39.11771695409893,39.4094075449508,38.79925867569658,39.90174522586182,39.68142456644586,,,,37.1660544455119,38.025690121094485,39.05537358894457,39.01272742584862,38.99577734256502,38.94873379700051,38.76019042058815,,,,37.59517181944315,39.82902877724731,"rgba(239, 83, 80, 0.75)",0.0,0.0,1.7701960190741581,38.79987295102246,-1.0789047825456937,0.0,0.0,0.0,0.0,44.434047816452576,-11.097380491713864,False,True,False,True,True,0.0,0,0.9330999247905807,0.9696586183943221,False,False,False,False,-0.19663022072314393,-0.2028721212833977,False,False,False,False,-1249451,-1138247.995222719,False,False,False,False,54635.226936779734,False,False,False,False
2024-12-04 00:00:00+00:00,36.58,37.46,35.78,36.91,122021,,,,36.85522703103046,37.515830719028195,39.041577684456655,39.35986305258051,38.778828125040576,39.88598927510401,39.66754716986169,,,,37.11816225168505,37.9311759809091,38.99070982441152,38.97350824820301,38.95698738821883,38.911170495385065,38.730172933634975,,,,37.515830719028195,39.817341438989274,"rgba(239, 83, 80, 0.75)",0.0,0.0,1.8011036856568081,38.76016485755122,-1.2104604942586517,0.0,0.0,0.0,0.0,44.15756640763676,-11.061735528958621,False,True,False,True,True,0.0,0,0.9138342881951834,0.9719943133933208,False,False,False,False,-0.22780487430836663,-0.21533849779588216,False,False,False,False,-1371472,-1147394.0346257496,False,False,False,False,57277.806272592294,False,False,False,False
2024-12-05 00:00:00+00:00,36.14,36.83,35.99,36.62,47892,,,,36.80428007869358,37.47930935280349,39.009569250872865,39.33891748793854,38.769868426454714,39.87930932884624,39.661627690255905,,,,37.09221343807735,37.89012994650424,38.96331294162587,38.956639955981295,38.94028953359715,38.89496122354311,38.717059036032886,,,,37.47930935280349,39.812369910835834,"rgba(239, 83, 80, 0.75)",0.0,0.0,1.8404838083092991,38.74207396689145,-1.413798890891501,0.0,0.0,0.0,0.0,43.00986432209521,-11.061735528958621,False,True,False,True,True,0.0,0,0.9248496532427983,0.978078803026555,False,False,False,False,-0.2465689316692503,-0.23095371473256623,False,False,False,False,-1419364,-1158059.5234639554,False,False,False,False,56909.73543837299,False,False,False,False
2024-12-06 00:00:00+00:00,36.18,36.5299,35.95,36.49,56242,,,,36.74553066207822,37.435706419167865,38.97156548943285,39.313882674733414,38.759003369961434,39.87127703720612,39.65449551880585,,,,37.06013662218827,37.841614226487515,38.930657748480286,38.936361200240675,38.92021001437753,38.87545337254948,38.70120463702078,,,,37.435706419167865,39.806382895883885,"rgba(239, 83, 80, 0.75)",0.0,0.0,1.8771402151643972,38.72030028245903,-1.3532821160280524,0.0,0.0,0.0,0.0,42.37485004421731,-11.061735528958621,False,True,False,True,True,0.0,0,0.9207549680624557,0.9806395697985479,False,False,False,False,-0.2618884755839737,-0.24642109515827,False,False,False,False,-1363122,-1166101.189210467,False,False,False,False,56883.549734907385,False,False,False,False
2024-12-09 00:00:00+00:00,36.75,37.85,36.1,36.39,77445,,,,36.764315998398295,37.41132808312228,38.93341993328255,39.287494410757425,38.74815959144226,39.86232335901829,39.64665777865857,,,,37.052418321672484,37.805398600457785,38.89791009421098,38.91579297094107,38.899883163088845,38.85581314497384,38.685593647339324,,,,37.41132808312228,39.79972839920229,"rgba(239, 83, 80, 0.75)",0.0,0.0,1.89926840348291,38.70304371246079,-1.0283136964102946,0.0,0.0,0.0,0.0,43.78815342062571,-10.696144446574166,False,True,False,True,True,0.0,1,0.9216073273144361,0.9648709469702051,False,False,False,False,-0.1964326419873868,-0.2214268685728284,False,False,False,False,-1285677,-1170790.4366924097,False,False,False,False,57689.881117852194,False,False,False,False
2024-12-10 00:00:00+00:00,37.31,37.5268,36.31,36.86,76848,,,,36.7949636846545,37.39567077374319,38.8996045939622,39.26347197119506,38.738380818917726,39.853935892850096,39.63934375174822,,,,37.052259253942324,37.777589631105485,38.868788214270715,38.89726781626856,38.8815856170803,38.83816152173056,38.67163812538777,,,,37.39567077374319,39.79349285699647,#000000,0.0,0.0,1.9112323273241958,38.68868615526431,-0.7213597926080092,0.0,0.0,0.0,0.0,46.3643256245163,-8.07158063798017,False,False,False,False,True,0.0,1,0.9269114868820181,0.9692056702676815,False,False,False,False,-0.20140749063036018,-0.21141717960159429,False,False,False,False,-1208829,-1172282.1450574133,False,False,False,False,58441.179897544265,False,False,False,False
2024-12-11 00:00:00+00:00,37.13,37.86,37.08,37.69,40710,,,,36.82527597954872,37.394798031261054,38.88507582357954,39.252693401085956,38.734181315953066,39.84999813152917,39.63594414091715,,,,37.059445935245535,37.76954898915841,38.85627598716632,38.88921158505301,38.873641509583166,38.83053401997934,38.66572502742031,,,,37.394798031261054,39.790570132573286,#000000,0.0,0.0,1.926043388694862,38.68371396940368,-0.8066868994350701,0.0,0.0,0.0,0.0,47.54180045380684,-6.83540381168379,False,False,False,False,True,0.0,0,0.9493412646251264,0.9577985660953957,False,False,False,False,-0.15330361378963162,-0.18236039669561294,False,False,False,False,-1249539,-1175311.8256433972,False,False,False,False,57745.839509405276,False,False,False,False
2024-12-12 00:00:00+00:00,36.67,37.6,36.36,37.18,58871,,,,36.82899614537901,37.37855803903153,38.85809476202801,39.233428322993284,38.726052868362906,39.84323358818705,39.63001425856257,,,,37.05341172076602,37.74554693839376,38.832868122136496,38.87410675729351,38.85870972396207,38.816094389540275,38.65416633818682,,,,37.37855803903153,39.78552484212548,#000000,0.0,0.0,1.9477100714743392,38.67089982552652,-1.0273088663611598,0.0,0.0,0.0,0.0,46.97599142211947,-6.83540381168379,False,False,False,False,True,0.0,1,0.9352307494282008,0.9591588529032216,False,False,False,False,-0.19599363231364947,-0.1891770145046312,False,False,False,False,-1308410,-1180531.3618926757,False,False,False,False,57789.96345021291,False,False,False,False
2024-12-13 00:00:00+00:00,36.35,36.6,35.89,36.6,74280,,,,36.783048989084676,37.336765843772305,38.815123662052905,39.20351973140426,38.71262149614704,39.833034412965105,39.6209550175821,,,,37.02248376253671,37.697469820126585,38.79534062487303,38.84977154200919,38.83460878099546,38.79266472733998,38.63496905521624,,,,37.336765843772305,39.77788319818069,"rgba(239, 83, 80, 0.5)",0.0,0.0,1.9749865822329153,38.64667623528752,-1.1628819435780184,0.0,0.0,0.0,0.0,45.704651797996725,-6.83540381168379,False,False,False,True,True,0.0,1,0.9258615197165105,0.9736461833026263,False,False,False,False,-0.2614318263955451,-0.22530442045008814,False,False,False,False,-1382690,-1188459.1516223748,False,False,False,False,58436.63155020456,False,False,False,False
2024-12-16 00:00:00+00:00,37.26,37.5685,36.5,36.5,67249,,,,36.806042296464035,37.32919900966504,38.78976827999527,39.18449578206033,38.704691348626454,39.825994884219945,39.614821317646516,,,,37.025524014284024,37.68051094417364,38.773198978653134,38.83511588095911,38.82013431030612,38.77870349244012,38.623882968389076,,,,37.32919900966504,39.772627388555954,#000000,0.0,0.0,1.984892780820013,38.63589721225869,-0.6931846523671027,0.0,0.0,0.0,0.0,47.78828089673497,-6.3748893667114075,False,False,False,False,True,0.0,1,0.9347029520205183,0.9574964992429258,False,False,False,False,-0.1912351323399309,-0.20826977639500951,False,False,False,False,-1315441,-1193438.8319509092,False,False,False,False,58782.21462666713,False,False,False,False
2024-12-17 00:00:00+00:00,37.63,38.0,37.18,37.18,75250,,,,36.86428940287708,37.3390454219287,38.77035554429227,39.168583794695145,38.69862863954893,39.819584995831484,39.60933917931282,,,,37.04726398121341,37.67809793632888,38.7562550587895,38.82361662522672,38.808816354938855,38.76789462385708,38.61565083700339,,,,37.3390454219287,39.76785677327178,#000000,0.0,0.0,1.9877246079669009,38.63069608727514,-0.5034379930017957,0.0,0.0,0.0,0.0,50.21380642998091,-4.0314139544096435,True,False,False,False,True,0.0,1,0.9542181968344958,0.9483422479095496,False,False,False,False,-0.14293862775548472,-0.17560420207524713,False,False,False,False,-1240191,-1195272.2503057756,False,False,False,False,59428.01013150372,False,False,False,False
2024-12-18 00:00:00+00:00,36.37,38.29,35.77,38.09,64376,,,,36.86109594360645,37.323273630099024,38.7432936545082,39.148451476758396,38.689776222863486,39.81217818795062,39.6028274829554,,,,37.03986511973373,37.655483284105664,38.73243477132259,38.80766241652552,38.793036730245035,38.75261160883682,38.603275906770875,,,,37.323273630099024,39.76230240982448,#000000,0.0,0.0,2.0104987772523977,38.38519639335436,-1.0023365426306738,0.0,0.0,0.0,0.0,48.24932064186908,-4.0314139544096435,False,False,False,False,True,0.0,1,0.9295607458593066,0.9491852634232499,False,False,False,False,-0.19160760661618173,-0.18360590434571444,False,False,False,False,-1304567,-1199558.3189212354,False,False,False,False,59622.04894987612,False,False,False,False
2024-12-19 00:00:00+00:00,36.79,37.18,36.11,36.63,93832,,,,36.847848153397145,37.29704100484368,38.702859905226006,39.118281710005604,38.676229252494,39.80103036340864,39.59299613424179,,,,37.024799092770046,37.62028626711158,38.69669646993318,38.78352385754394,38.76915092165908,38.729445746953175,38.58438557879996,,,,37.29704100484368,39.75392538918898,#000000,0.0,0.0,2.0220287466434064,38.35828763418293,-0.7756010574955018,0.0,0.0,0.0,0.0,48.1788823204711,-4.0314139544096435,False,False,False,False,False,0.0,1,0.9340474519744075,0.9647570994181079,False,False,False,False,-0.22558176901105884,-0.20459383667838665,False,False,False,False,-1210735,-1199996.6201400105,False,False,False,False,60963.61565772412,False,False,False,False
2024-12-20 00:00:00+00:00,36.41,37.1444,36.295,36.38,191025,,,,36.81580226179092,37.243852666500565,38.62231539029264,39.05722086132169,38.64816307052662,39.77802459561615,39.57266003345479,,,,36.99159618370683,37.55070981898588,38.62502938999212,38.734300650661936,38.7204251859638,38.68213782776649,38.545543019175554,,,,37.243852666500565,39.73658704349562,#000000,0.0,0.0,2.027356082360654,38.31080066117297,-0.9375761257290726,0.0,0.0,0.0,0.0,47.13417127490638,-4.0314139544096435,False,False,False,False,False,0.0,1,0.9469662016359316,0.9538726928815259,False,False,False,False,-0.21895208260725652,-0.21177295964282158,False,False,False,False,-1401760,-1207908.9095462847,False,False,False,False,66064.06210251925,False,False,False,False
2024-12-23 00:00:00+00:00,36.3,36.9,36.0725,36.2,83296,,,,36.79349770987844,37.216839904804374,38.58592548040373,39.02949380035936,38.63502712190297,39.7674928712975,39.563308080407246,,,,36.97216602902015,37.51766091776306,38.59245625065595,38.71164428098673,38.6979828856919,38.66030692837517,38.52744085613611,,,,37.216839904804374,39.7286242810305,"rgba(239, 83, 80, 0.5)",0.0,0.0,2.0499520715118074,38.28680768130926,-0.9691971382745677,0.0,0.0,0.0,0.0,46.145584003389516,-4.0314139544096435,False,False,False,True,False,0.0,1,0.9387393217295863,0.9707384462145076,False,False,False,False,-0.23973675337375802,-0.2257548565082898,False,False,False,False,-1485056,-1218777.422897411,False,False,False,False,66739.8243730087,False,False,False,False
2024-12-24 00:00:00+00:00,36.87,36.9,36.3,36.62,26521,,,,36.79165437946614,37.211369333267555,38.5759845328364,39.02167611813912,38.63137619775333,39.7644190145272,39.56059328598067,,,,36.969122864048316,37.51000160778642,38.583533364063676,38.705351108707,38.69175381868007,38.65426023409853,38.52246218409694,,,,37.211369333267555,39.7263003202878,#000000,0.0,0.0,2.0629262868229006,38.28225895150631,-0.6845901186713368,0.0,0.0,0.0,0.0,47.34428660728031,-4.0314139544096435,False,False,False,False,False,0.0,1,0.9379148985917539,0.9702220902200049,False,False,False,False,-0.22958495267976783,-0.2276699045940288,False,False,False,False,-1458535,-1228179.6808230027,False,False,False,False,65162.61557406718,False,False,False,False
2024-12-26 00:00:00+00:00,37.12,37.21,36.3449,36.51,33167,,,,36.79383274232029,37.20727051660286,38.565011745128565,39.01281171290859,38.62730183001099,39.760835047969735,39.55744336073508,,,,36.968091619596976,37.502926983549344,38.57366734922345,38.69831773861149,38.68479718289979,38.647521207021214,38.51695466918479,,,,37.20727051660286,39.723591657528765,#000000,0.0,0.0,2.0699714930360846,38.27892716069278,-0.5598759038912914,0.0,0.0,0.0,0.0,48.91316831605046,-4.0314139544096435,True,False,False,False,True,0.0,1,0.9384067779776598,0.9868339481976174,False,False,False,False,-0.21383970476838154,-0.22075480468120517,False,False,False,False,-1425368,-1235912.556084846,False,False,False,False,63907.88555155474,False,False,False,False
2024-12-27 00:00:00+00:00,37.0,37.31,36.55,36.77,61694,,,,36.80004524763896,37.20135632173364,38.545715694789415,38.9969917189113,38.620041248637975,39.75433508563658,39.55173906682614,,,,36.96773510985656,37.49147477226716,38.5562804158537,38.68582088671813,38.67243949769605,38.63555772854683,38.50719363116224,,,,37.20135632173364,39.71867648620735,#000000,0.0,0.0,2.0798897926451785,38.273544160963226,-0.6123132896111521,0.0,0.0,0.0,0.0,49.54813655288552,-4.0314139544096435,True,False,False,False,True,0.0,1,0.9339517273409539,0.9802348547304409,False,False,False,False,-0.20038711637143866,-0.2105709605263219,False,False,False,False,-1487062,-1245761.55388544,False,False,False,False,63821.0665103173,False,False,False,False
2024-12-30 00:00:00+00:00,37.31,37.52,36.48,36.89,47770,,,,36.8089243258653,37.19961993089875,38.53246693647094,38.98579508316276,38.614964539548765,39.74959118829716,39.54759332478642,,,,36.970224847160296,37.48531167954584,38.54430785495839,38.67709398535076,38.663815772728626,38.62722547560301,38.500440480433284,,,,37.19961993089875,39.71508839768416,#000000,0.0,0.0,2.087083296058099,38.271220305231054,-0.4605567525965643,0.0,0.0,0.0,0.0,51.005287933899794,-2.9266892298575655,True,False,False,False,True,0.0,1,0.9368521774530907,0.9716965557918761,False,False,False,False,-0.1942383375599121,-0.202404649043117,False,False,False,False,-1439292,-1253350.9831448346,False,False,False,False,63191.61292167741,False,False,False,False
2024-12-31 00:00:00+00:00,37.58,38.125,36.8,37.66,105096,,,,36.85084293448795,37.21094969526301,38.51204901768136,38.96673716822205,38.60682619183586,39.7407760016247,39.54000012082384,,,,36.99085905645081,37.48586372835873,38.525742623295045,38.66300404628138,38.64993173871337,38.61391865780803,38.489981036251635,,,,37.21094969526301,39.70842768471833,"rgba(38, 166, 154, 1.0)",0.0,0.0,2.0913468051615722,38.276493816547756,-0.3330360200559602,0.0,0.0,0.0,0.0,52.851870421103996,-1.0927806659873056,True,False,True,False,True,0.0,1,0.9408069403738086,0.971206367998306,False,False,False,False,-0.15395248926633304,-0.17817856915472502,False,False,False,False,-1334196,-1256521.3759626842,False,False,False,False,64834.92221886654,False,False,False,False
2025-01-02 00:00:00+00:00,36.39,37.77,36.01,37.77,88660,,,,36.84464999118946,37.195992960937794,38.482650686700886,38.94269500587497,38.59528208448234,39.730826622147184,39.5312087947991,,,,36.9823742486145,37.46475159631366,38.49906879789167,38.64358565827858,38.63070828432997,38.59524910725046,38.474510227493774,,,,37.195992960937794,39.70086884668882,#000000,0.0,0.0,2.107560606889341,38.26045732404421,-0.8874987119848079,0.0,0.0,0.0,0.0,50.00341048269197,-1.0927806659873056,True,False,False,False,False,0.0,1,0.9355737785168025,0.9613133164999913,False,False,False,False,-0.2039074006458859,-0.19104298490030547,False,False,False,False,-1422856,-1263044.30239552,False,False,False,False,65769.23899459727,False,False,False,False
2025-01-03 00:00:00+00:00,37.06,37.28,36.055,36.54,73583,,,,36.84285534532742,37.18612102578065,38.45998488521965,38.92379037670265,38.586187596434506,39.72282354683307,39.52414781496866,,,,36.97765408790892,37.44978217494985,38.47843321450587,38.6283802823855,38.615658762484465,38.5806417983412,38.46241573482712,,,,37.18612102578065,39.69478171729639,#000000,0.0,0.0,2.1056312999125053,38.249028355293085,-0.5646897229075621,0.0,0.0,0.0,0.0,50.298799089942875,-1.0927806659873056,True,False,False,False,False,0.0,1,0.9467898190800559,0.9600339802857918,False,False,False,False,-0.22358284785047827,-0.20731291637539187,False,False,False,False,-1349273,-1266425.819948637,False,False,False,False,66075.66099480914,False,False,False,False
2025-01-06 00:00:00+00:00,36.14,37.52,36.07,37.06,87256,,,,36.831161989554474,37.16869294412178,38.43040386607046,38.89950709861208,38.57419938821491,39.71267474296782,39.51514485309661,,,,36.96581877886645,37.427128901560515,38.45145886802722,38.60852606096968,38.59599201855224,38.56150865866503,38.44641759919895,,,,37.16869294412178,39.687046611744776,#000000,0.0,0.0,2.1082651593151276,38.23128119380536,-0.9919441036936327,0.0,0.0,0.0,0.0,47.92595261539099,2.1017527187307508,True,False,False,False,False,0.0,1,0.9503038197793853,0.9544710202078353,False,False,False,False,-0.21228826374103146,-0.20980059005821167,False,False,False,False,-1436529,-1273096.5328918276,False,False,False,False,66906.26252442447,False,False,False,False
2025-01-07 00:00:00+00:00,35.24,36.45,35.09,36.41,61988,,,,36.79370125507822,37.13732644271795,38.39909605602986,38.87538422904838,38.561619411910705,39.70325627016802,39.50665320384762,,,,36.93763126911826,37.39394018286011,38.42294651095037,38.587939294910875,38.57555726071118,38.54151188090049,38.429325209764514,,,,37.13732644271795,39.6798448432011,"rgba(239, 83, 80, 0.5)",0.0,0.0,2.1149489547223457,38.205321884142435,-1.4020772830102304,0.0,0.0,0.0,0.0,44.32656150957776,-1.2522659733845956,False,False,False,True,False,0.0,1,0.9416850696037703,0.9731452678490584,False,False,False,False,-0.304883026407735,-0.25734180823297337,False,False,False,False,-1498517,-1281936.551209795,False,False,False,False,66713.38948425096,False,False,False,False
2025-01-08 00:00:00+00:00,35.3,35.7339,34.67,34.8,109028,,,,36.71490809626451,37.07294854711756,38.33884504875026,38.82925387728218,38.537105817817256,39.685357885452774,39.49044562232591,,,,36.878259178113694,37.3273247013538,38.367968491040976,38.548147610843294,38.53603944791069,38.50278583070902,38.396013621289,,,,37.07294854711756,39.66613277835856,"rgba(239, 83, 80, 1.0)",0.0,0.0,2.121180505930319,38.15426850060787,-1.3456037770609401,0.0,0.0,0.0,0.0,42.14019620770405,-3.208847004951906,False,True,False,True,False,0.0,1,0.940211573867355,0.9770045691147417,False,False,False,False,-0.34282825441539394,-0.3000850313241836,False,False,False,False,-1389489,-1286154.2942996072,False,False,False,False,68372.78597506465,False,False,False,False
2025-01-10 00:00:00+00:00,31.25,33.19,30.17,33.19,292183,,,,36.09723417807613,36.612683512196426,38.00861523214009,38.589761111738056,38.4015537020965,39.598819644852284,39.410391795284106,,,31.53666666666667,36.42183883271896,36.88513639876434,38.06623103400005,38.33204998435149,38.32098452031846,38.29081672722882,38.20954888013922,,,,36.612683512196426,39.59948065839509,"rgba(239, 83, 80, 1.0)",0.0,0.0,2.2550007450908813,37.83141980700973,-2.9185887505081447,0.0,0.0,0.0,0.0,35.264940313817796,-9.480785741838858,False,True,False,True,False,0.0,0,0.8896466041660039,0.9958794109394481,False,False,False,False,-0.34282825441539394,-0.3214566428697888,False,False,False,False,-1681672,-1301664.7925623676,False,False,False,False,77149.6571132974,False,False,False,False
2025-01-13 00:00:00+00:00,30.38,30.77,28.987,30.67,244505,,,,35.54800102272649,36.18553247067009,37.69774408032615,38.36123516661405,38.26831646738911,39.51466904300592,39.33217610428339,,,30.857394994857348,35.99634477420335,36.474333898786675,37.780340004028474,38.123706917696246,38.11354923048543,38.08608134108939,38.02796605636309,30.045666666666662,,,36.18553247067009,39.534379004228285,"rgba(239, 83, 80, 1.0)",0.0,0.0,2.4058223294917593,37.113161653359086,-2.798694471665951,0.0,0.0,0.0,0.0,30.019489442814756,-14.016097513018337,False,True,False,True,False,0.0,0,0.8611125264671581,1.024062468154489,True,False,False,False,-0.34282825441539394,-0.33214244864259135,False,False,False,False,-1926177,-1326155.4673638435,False,False,False,False,83712.61173630535,True,False,False,False
2025-01-14 00:00:00+00:00,31.54,32.07,30.66,30.66,201344,,,,35.26116989088028,35.94342323340644,37.50231539031055,38.211719412636754,38.179602713807945,39.45639934363893,39.27815219915517,,,31.01178977560142,35.75813808480716,36.23628138717578,37.59906619915848,37.98779298963488,37.978243664819715,37.95257314876122,37.90917188923518,30.667816581398636,,,35.94342323340644,39.48911917857518,"rgba(239, 83, 80, 1.0)",0.0,0.0,2.507221943481262,36.98434514811377,-2.1714651797257045,0.0,0.0,0.0,0.0,29.720873616606042,-14.016097513018337,False,True,False,True,False,0.0,0,0.8773984637501646,1.0094593420635967,False,False,False,False,-0.26205292201290065,-0.297097685327746,False,False,False,False,-1724833,-1341789.8804083988,False,False,False,False,88325.60735448945,False,False,False,False
2025-01-15 00:00:00+00:00,33.05,33.44,32.11,32.25,196762,,,32.86666666666667,35.10879929800993,35.797796406882895,37.36538289861713,38.101473623216926,38.11315352279463,39.410347481027436,39.235636943941195,,,31.402217278173946,35.61807943056162,36.08791938522567,37.470765346464574,37.88825056711532,37.87917570191897,37.85489368340263,37.82206991823884,31.341085698294407,,,35.797796406882895,39.45320254468671,"rgba(239, 83, 80, 1.0)",0.0,0.0,2.547473597454901,36.91905328668957,-1.5187805245773762,0.0,0.0,0.0,0.0,32.967197084932536,-14.016097513018337,False,True,False,True,False,0.0,0,0.8953945505480518,0.973884033507174,False,False,False,False,-0.1884253542561458,-0.24276151979194588,False,False,False,False,-1528071,-1349095.0223531674,False,False,False,False,92578.01490921536,False,False,False,False
2025-01-16 00:00:00+00:00,32.95,33.28,32.62,32.7,119906,,,32.89822074433371,35.02821045092082,35.7179587915368,37.28730720296456,38.03752717238423,38.07409891314769,39.38295134229455,39.21033909073183,,,31.57818052368762,35.54158048766276,36.005924870813715,37.397289727988955,37.83044076929525,37.821637933198794,37.79815088913187,37.771318621169534,31.59408789793102,,,35.7179587915368,39.43178001518786,"rgba(239, 83, 80, 0.75)",0.0,0.0,2.587589528415908,36.876517008655036,-1.5174419920685027,0.0,0.0,0.0,0.0,34.993145274940844,-14.016097513018337,False,True,False,True,True,0.0,0,0.9075614611710985,0.9754610277168099,False,False,False,False,-0.1794416306796172,-0.21110157523578155,False,False,False,False,-1647977,-1360815.8842216707,False,False,False,False,93649.70059905005,False,False,False,False
2025-01-17 00:00:00+00:00,33.16,33.49,33.0101,33.35,93368,,,32.97149967059803,34.97713448612791,35.66459378812486,37.23206525157798,37.9914075666133,38.04567593655657,39.362667730646294,39.19162444633981,,,31.711706162526962,35.490881199716824,35.95037072511126,37.34508405260873,37.788793756722434,37.78018879488294,37.75727845492489,37.73469878908656,31.77146134578049,,,35.66459378812486,39.41588716559306,"rgba(239, 83, 80, 0.75)",0.0,0.0,2.615174374493813,36.84766418045698,-1.410102598290701,0.0,0.0,0.0,0.0,36.8254653351144,-20.165294456499925,False,True,False,True,True,0.0,0,0.9094111496522995,0.9726154714288084,False,False,False,False,-0.1641040064829105,-0.18760279085934603,False,False,False,False,-1554609,-1368415.6142521934,False,False,False,False,93638.65351673437,False,False,False,False
2025-01-21 00:00:00+00:00,33.68,33.95,33.15,33.24,96283,,,33.08974925346801,34.93796652238464,35.61994605743429,37.1818047699405,37.948413146630834,38.01895267074589,39.34315290518361,39.17364639110891,,,31.8572990932087,35.44908886139102,35.902877667506964,37.297347529266155,37.7500725499994,37.74165601895374,37.71929276019231,37.70061963363725,31.955688604601992,,,35.61994605743429,39.400565401337545,"rgba(239, 83, 80, 0.75)",0.0,0.0,2.633548163206443,36.82422148178066,-1.1939107572471563,0.0,0.0,0.0,0.0,39.25023737782607,-17.827820710815338,False,True,False,True,True,0.0,0,0.9044695494955881,0.9757360974771083,False,False,False,False,-0.14884760563279237,-0.16822519824606919,False,False,False,False,-1458326,-1371941.5117324996,False,False,False,False,93742.35337882322,False,False,False,False
2025-01-22 00:00:00+00:00,34.24,34.52,33.34,33.38,133116,,,33.28618225819148,34.903899080246326,35.574030218239336,37.12280618246594,37.896204740425794,37.98615156790864,39.31843719289066,39.15092507340664,,,32.067587233620365,35.40725326163597,35.8522081108681,37.24092193795527,37.70324456615382,37.69506422868457,37.67338320803478,37.65936643041876,32.21052305872626,,,35.574030218239336,39.38110959931753,"rgba(239, 83, 80, 0.75)",0.0,0.0,2.6352472233033533,36.80128275403612,-0.9719326260499704,0.0,0.0,0.0,0.0,42.11589652267159,-15.064977587402375,False,True,False,True,True,0.0,0,0.8909873351254788,0.9955752843746606,False,False,False,False,-0.04469762207272358,-0.10646141015939639,False,False,False,False,-1325210,-1370108.9034292644,False,False,False,False,95286.4179522027,False,False,False,False
2025-01-23 00:00:00+00:00,34.36,35.15,33.88,33.96,142657,,,33.50089976064197,34.88680846302487,35.540619522951616,37.07045033356476,37.84783679873544,37.95535288651935,39.29433848842132,39.128824469489444,,,32.292417544402085,35.378278774422654,35.81300659966511,37.1903996960065,37.66008127107754,37.652128256777075,37.631099943475945,37.621296442395696,32.47224504320647,,,35.540619522951616,39.36207926105835,"rgba(239, 83, 80, 0.5)",0.0,0.0,2.6383780507612715,36.78549924484704,-0.9193145175488369,0.0,0.0,0.0,0.0,44.29676515882872,-12.937779293862228,False,False,False,True,True,0.0,0,0.9557616050003502,0.9839267642210184,False,False,False,False,-0.0034685122984029534,-0.05496496122889967,False,False,False,False,-1182553,-1362753.7699614502,False,False,False,False,97144.08783643004,False,False,False,False
2025-01-24 00:00:00+00:00,35.12,35.24,34.13,34.13,116024,,,33.672600884072885,34.88507096448422,35.52364941018565,37.035143301713845,37.81364655529124,37.9332871414431,39.27638878190953,39.11240357912535,,,32.472364876078856,35.364924273688175,35.790947185011895,37.155990277391936,37.62974551770751,37.621960011601665,37.6014098047658,37.59451431555935,32.67578915418184,,,35.52364941018565,39.34786038416596,#000000,0.0,0.0,2.6245233149337315,36.77823503801064,-0.6318233214295201,0.0,0.0,0.0,0.0,47.4240152527201,-9.907444877593285,True,False,False,False,True,0.0,0,0.9317435165941629,1.002580130894445,False,False,False,False,0.008504176209490028,-0.023230392509704823,False,False,False,False,-1066529,-1351137.1123159032,False,False,False,False,97884.4765487269,False,False,False,False
2025-01-27 00:00:00+00:00,35.03,35.4,34.89,35.13,81032,,,33.791280816519404,34.889705457435376,35.51680886412484,37.014149301103764,37.79239565400497,37.9194176815295,39.26471266995565,39.101745447945554,,,32.59667493250562,35.36060448667851,35.78038809156596,37.13533591677864,37.61099745941117,37.60332025172578,37.583077584949464,37.57795390683255,32.81402022876773,,,35.51680886412484,39.33858751658229,#000000,0.0,0.0,2.608034453704902,36.775942535785425,-0.6694476498595279,0.0,0.0,0.0,0.0,49.28381855899163,-8.066276063795705,True,False,False,False,True,0.0,0,0.9283980582524273,1.0082094013163942,False,False,False,False,0.040922894404828755,0.008846250947561966,False,False,False,False,-1147561,-1343153.7353623384,False,False,False,False,97223.5951154435,False,False,False,False
2025-01-28 00:00:00+00:00,36.12,36.83,34.75,34.9,132658,,,34.04288808383237,34.92315151906497,35.52683088423595,36.994640559904816,37.76838327535446,37.90332529662934,39.24935838329471,39.08785952656649,,,32.83356729648759,35.37498124321061,35.78333528651184,37.11528400065503,37.59043379415609,37.582903447752,37.563070820893344,37.55986563438848,33.07683831396127,,,35.52683088423595,39.32632354299827,"rgba(38, 166, 154, 1.0)",0.0,0.0,2.5890049429452064,36.787028752895615,-0.25763904186942876,0.0,0.0,0.0,0.0,52.771750073687016,-4.677776833354422,True,False,True,False,True,0.0,0,0.919110034037817,0.9860855863434582,False,False,False,False,0.09971230172669432,0.054279276337128146,False,False,False,False,-1014903,-1330281.1575049919,False,False,False,False,98613.17962072023,False,False,False,False
2025-01-29 00:00:00+00:00,36.66,36.85,35.8658,36.01,91267,,,34.226147769198825,34.95734411170959,35.5433004964008,36.98825993364547,37.75704810198889,37.895447851806544,39.24062418812028,39.080037707364596,,,33.00400931778549,35.39449400788715,35.79459140038072,37.108031554272756,37.58115187226787,37.573707667577025,37.55411160449747,37.55175825618453,33.26401711550537,,,35.5433004964008,39.319304071933026,"rgba(38, 166, 154, 1.0)",0.0,0.0,2.5646041227266294,36.80082531390664,-0.05491113137450769,0.0,0.0,0.0,0.0,56.0702179227612,-1.5163001994617247,True,False,True,False,True,0.0,0,0.9504483035953651,0.9907310873472143,False,False,False,False,0.22844145681920877,0.14136036657816847,False,False,False,False,-923636,-1314334.2885832274,False,False,False,False,98325.09414539787,False,False,False,False
2025-01-30 00:00:00+00:00,37.15,37.37,36.81,36.81,113623,,,34.475006991084754,35.015413540167,35.57703389438458,36.99003765253403,37.750151047402824,37.89015204879086,39.23235484280821,39.07276835299506,,,33.23106369154457,35.432108791541786,35.82133421997924,37.10805825194801,37.576390225566534,37.56903352538106,37.54967146578868,37.54774623477575,33.51194957299436,,,35.57703389438458,39.312592045633636,"rgba(38, 166, 154, 1.0)",0.0,0.0,2.5435311908681286,36.82691110202814,0.12702376095556514,0.0,0.0,0.0,0.0,59.10929906014697,1.3851280026609416,True,False,True,False,True,0.11384345520914252,0,0.9853857549321607,0.9440674663827012,False,False,False,False,0.2955192287009245,0.2184397976395465,False,False,False,False,-810013,-1294556.9831485911,False,False,False,False,98925.01202204895,False,False,False,False
2025-01-31 00:00:00+00:00,37.91,38.435,37.22,37.22,178249,,,34.87801872318603,35.13070265315385,35.651465118944415,37.009408604233315,37.751875494302084,37.88978412623365,39.224019284560804,39.06575961093483,,,33.600172743292916,35.51267883929797,35.88419096851245,37.12361984392468,37.58073854927029,37.573485162783015,37.554386381334794,37.552062346463,33.91082982281136,,,35.651465118944415,39.30567803501613,"rgba(38, 166, 154, 1.0)",0.0,0.0,2.508900394433647,36.88168464800859,0.4098669497891879,0.0,0.0,0.0,0.0,62.3338657033152,4.459948749895943,True,False,True,False,True,1.8965387684915953,0,1.0016749716646436,0.9075311688921377,False,False,False,False,0.34282824509777393,0.2806340213686602,False,False,False,False,-631764,-1268565.1014564896,False,False,False,False,102035.75664863526,False,False,False,False
2025-02-03 00:00:00+00:00,36.82,37.775,36.5,37.29,109498,,,35.02499816871027,35.17696070658775,35.67862317912307,37.009710659357,37.74467176393994,37.88430201063881,39.21589908349,39.05859335163157,,,33.760576470812566,35.54308704956344,35.90557188715102,37.122457886471544,37.57552432327984,37.568352954828065,37.549474428745825,37.54761012604847,34.077501395801185,,,35.67862317912307,39.29907106824479,"rgba(38, 166, 154, 1.0)",0.0,0.0,2.47504625855399,36.899811041959495,-0.03224628294669664,0.0,0.0,0.0,0.0,61.27113374918383,4.459948749895943,True,False,True,False,True,0.0,0,0.9899606455980143,0.9080829163403724,False,False,False,False,0.27978898187865037,0.28021150162365527,False,False,False,False,-741262,-1247886.548458196,False,False,False,False,102328.39364280643,False,False,False,False
2025-02-04 00:00:00+00:00,37.67,37.81,36.3,36.67,96013,,,35.15119327803836,35.22047837566322,35.70544487392104,37.0126539133863,37.740457922204605,37.880824295485134,39.209567410376536,39.053054254142964,,,33.89836273480397,35.572704761174954,35.92734519370622,37.123965178595164,37.57291867387826,37.56581297551003,37.54710875108307,37.54546859113629,34.21986757324798,,,35.70544487392104,39.29388950623755,"rgba(38, 166, 154, 1.0)",0.0,0.0,2.4350905046354825,36.917414015744235,0.3090587322414219,0.0,0.0,0.0,0.0,62.023768402544164,4.459948749895943,True,False,True,False,True,1.2825650091153982,0,0.9945905464842649,0.9005273438780258,False,False,False,False,0.27240347058657993,0.2763074861051176,False,False,False,False,-645249,-1224253.7034206197,False,False,False,False,102080.7311470101,False,False,False,False
2025-02-05 00:00:00+00:00,37.72,37.95,37.43,37.77,93756,,,35.28438039473597,35.270050154491976,35.73794102574751,37.020457087736695,37.740117332450524,37.87984600215429,39.20481052274822,39.048997430038646,,,34.03911785296624,35.607945519428576,35.95474182340198,37.13006415201899,37.57393526376682,37.56688371124607,37.54831919595914,37.54658406777766,34.36552579228869,,,35.73794102574751,39.28994421330901,"rgba(38, 166, 154, 1.0)",0.0,0.0,2.385503085928228,36.93891974857452,0.32742789394529376,0.0,0.0,0.0,0.0,62.609342376364296,5.21986626222197,True,False,True,False,True,1.3978281690872834,0,1.0141617872440758,0.8925037005016963,False,False,False,False,0.3300697638778562,0.3031886249914869,False,False,False,False,-551493,-1197870.9307374582,False,False,False,False,101754.2711020293,False,False,False,False
2025-02-06 00:00:00+00:00,37.81,38.2,37.31,37.81,118176,,,35.438185220154075,35.33158176663048,35.778898757873215,37.03107842357057,37.74046608831726,37.879124575402145,39.199147302374385,39.044194576778025,,,34.20561774679736,35.65223578993589,35.98949218754218,37.13853590680364,37.5759257450853,37.568939459196194,37.55054245470762,37.54862856357936,34.53629788346125,,,35.778898757873215,39.28522714086017,"rgba(38, 166, 154, 1.0)",0.0,0.0,2.329413853505003,36.96545645381612,0.36255624775010453,0.0,0.0,0.0,0.0,63.16231990065194,6.129821354004136,True,False,True,False,True,1.6085996805189104,0,1.0095928020363178,0.9001997612049962,False,False,False,False,0.33608789428142916,0.31963825963645803,False,False,False,False,-433317,-1167888.4236497148,False,False,False,False,102398.26047057718,False,False,False,False
2025-02-07 00:00:00+00:00,37.77,38.86,36.89,37.81,329154,,,35.790874102202864,35.492312335566986,35.88828770008371,37.0616623632747,37.743294199974464,37.87840014987275,39.18433385912145,39.03169777260894,,,34.60710851566924,35.77015391055917,36.08300366265606,37.16335640298972,37.58306943795494,37.57625440052524,37.55829500519692,37.55576670479141,34.940938208024065,,,35.88828770008371,39.27281466977316,"rgba(38, 166, 154, 1.0)",0.0,0.0,2.2837166088527003,37.033431881684734,0.32253043808500736,0.0,0.0,0.0,0.0,63.39084483827378,6.782550817213348,True,False,True,False,True,1.5092362554732333,0,0.9965441786037904,0.893881701979988,False,False,False,False,0.3428282451531216,0.33123325239478985,False,False,False,False,-762471,-1151989.7011536476,False,False,False,False,111290.64241290749,False,False,False,False
2025-02-10 00:00:00+00:00,38.75,39.22,37.44,37.92,152641,,,35.961681620327276,35.578239968674005,35.950302391485145,37.08592943134906,37.75274505489344,37.88343667586195,39.18074155362037,39.029007526462664,,,34.7953572850097,35.83599081250198,36.13765967852941,37.18445073627537,37.594058081531486,37.5873010160502,37.569479729590995,37.566036484505396,35.130611958527226,,38.47,35.950302391485145,39.269629862100544,"rgba(38, 166, 154, 1.0)",0.0,0.0,2.2545806185998085,37.072993951469606,0.743821726619777,0.0,0.0,0.0,0.0,65.34914526803546,9.05580974340446,True,False,True,False,True,3.817380797085093,0,0.9967321406948066,0.9083039634942992,False,False,False,False,0.34282824565177084,0.33703074902328034,False,False,False,False,-609830,-1130728.5364025242,False,True,False,False,112912.22506338172,False,False,False,False
2025-02-11 00:00:00+00:00,37.96,38.46,37.3358,38.01,200645,,,36.113000277397965,35.663771142239426,36.01054916902484,37.10437167968755,37.7555326937288,37.8838258258203,39.17245305614784,39.02206043174538,,,34.98338289501108,35.90067419357285,36.18969688965125,37.19970637620372,37.59925883787445,37.59259756878105,37.575020313936115,37.57116666585684,35.314582784952165,,38.15683827550483,36.01054916902484,39.26262126346196,"rgba(38, 166, 154, 1.0)",0.0,0.0,2.2303294953118,37.09263218921237,0.3888967135173793,-1.0,37.44,37.4,0.0,63.94637548590407,9.05580974340446,True,False,True,False,True,1.8324299819182315,0,0.990429880872537,0.9236674012327936,False,False,False,False,0.30541054284459823,0.3212206459339393,False,False,False,False,-810475,-1118169.5741906604,False,False,False,False,116352.72604128832,False,False,False,False
2025-02-12 00:00:00+00:00,36.18,37.4,36.11,37.4,156263,,,36.13857936377483,35.68866615785667,36.02341966247348,37.09519745936284,37.740128576972474,37.8725418099352,39.15917684752234,39.01013846183239,,,35.05414216470251,35.916324503998254,36.19801011844536,37.189571615682794,37.58648958502717,37.57993989435772,37.56266881602563,37.55987344169983,35.375620373065075,,37.668159340253176,36.02341966247348,39.251759703496454,"rgba(38, 166, 154, 0.75)",0.0,0.0,2.2053566482422013,37.07063006275343,-0.4038485400823106,-1.0,37.3358,36.55,0.0,58.42068171557486,14.538612558855917,True,False,True,False,False,0.0,0,0.960259907198395,0.9215403185352395,False,False,False,False,0.21003925795730954,0.26562995194562444,False,False,False,False,-966738,-1112231.0810851443,False,False,False,False,117917.83482398289,False,False,False,False
2025-02-13 00:00:00+00:00,35.65,36.55,35.64,36.55,74006,,,36.13355203513366,35.692003935302985,36.022582551497244,37.0860474657955,37.72922067096769,37.86477911374258,39.15145377666496,39.00311960828174,,,35.07267985118323,35.916660132912206,36.195389242387435,37.180267243931155,37.576972219650315,37.57048243320989,37.55337867554112,37.55135752542904,35.388540443284604,,37.44984095243807,36.022582551497244,39.2454731790563,"rgba(38, 166, 154, 0.75)",0.0,0.0,2.1891310135747304,37.055791692632845,-0.6421688258562769,-1.0,36.11,36.0,0.0,53.65205317580905,10.067728520205812,True,False,True,False,False,0.0,0,0.9568505976717331,0.9304781373864736,False,False,False,False,0.15673385820972008,0.21118190507767226,False,False,False,False,-1040744,-1109427.666140629,False,False,False,False,116195.80208578748,False,False,False,False
2025-02-14 00:00:00+00:00,34.67,36.0,34.65,35.97,105622,,,36.09654347635057,35.681392239532734,36.00854398953758,37.063794657372256,37.70665191767467,37.849003267053824,39.137623174963295,38.99041996899618,,,35.073658319175465,35.904071483310474,36.179424277481544,37.1583469548059,37.556677861762466,37.550287750153174,37.53346727094843,37.533076817286286,35.379723185040746,,37.090730369218164,36.00854398953758,39.234268171939654,#000000,0.0,0.0,2.18692184019806,37.022890523056226,-1.075891456113097,-1.0,35.64,34.75,0.0,48.67000747682084,5.529407106785953,True,False,False,False,False,0.0,0,0.9439421817501406,0.947216678101416,False,False,False,False,0.09562197271390682,0.15340193889578954,False,False,False,False,-1146366,-1110876.2282527613,False,False,False,False,115781.14318046249,False,False,False,False
2025-02-18 00:00:00+00:00,34.67,34.75,34.25,34.75,98777,,,36.046335649164085,35.66264120694743,35.988026822190086,37.037709635401875,37.681503427929435,37.83148587367224,39.12302103647367,38.976946693870445,,,35.06010383876819,35.884768236446725,36.15747144533093,37.13287840754543,37.53380475985304,37.5275152468564,37.51098306812796,37.51240699282476,35.35633009637892,,36.77306308109357,35.988026822190086,39.222455082326036,"rgba(239, 83, 80, 0.5)",0.0,0.0,2.1659618507117977,36.98766692816888,-1.0700405122127261,0.0,0.0,0.0,0.0,45.34864367749536,2.602426610438812,False,False,False,True,False,0.0,0,0.9323187781476406,0.9646743685138045,False,False,False,False,0.03091500560708417,0.09215847225143686,False,False,False,False,-1146366,-1112267.984007555,False,False,False,False,115114.31403613063,False,False,False,False
2025-02-19 00:00:00+00:00,34.38,34.715,34.09,34.55,90278,,,35.998550367366356,35.64361581780665,35.96771432036051,37.01281647740356,37.65769634728665,37.81485561056051,39.10928686713267,38.96425635336999,,,35.04453948836894,35.86551394619811,36.13594618824975,37.1085998904388,37.51208391164885,37.50588685358534,37.48962011974239,37.49274552904196,35.33199018202429,,36.52860970335856,35.96771432036051,39.21133819126908,"rgba(239, 83, 80, 1.0)",0.0,0.0,2.1442311039221416,36.95664354385275,-1.2016631692076725,0.0,0.0,0.0,0.0,42.59180475939563,0.14770759222280816,False,True,False,True,False,0.0,0,0.9417815474057263,0.9665495958268624,False,False,False,False,0.023295340573648397,0.05772690641254263,False,False,False,False,-1236644,-1117145.4748307883,False,False,False,False,114140.34093667453,False,False,False,False
2025-02-20 00:00:00+00:00,33.85,34.535,33.19,34.19,135833,,,35.90925454622338,35.6041910263695,35.9280074497225,36.96873357427804,37.616732725656284,37.78625529849056,39.08643663998301,38.94306714030549,,,35.00419384354302,35.82722667992427,36.094848121327296,37.065804778900265,37.4744329367627,37.468383708518836,37.45254410832104,37.45858079388396,35.27791113023271,,36.1709288346079,35.9280074497225,39.19285470323146,"rgba(239, 83, 80, 1.0)",0.0,0.0,2.1264141198292377,36.90385385670894,-1.4361519838638868,0.0,0.0,0.0,0.0,39.790438045416096,-2.4202925993621562,False,True,False,True,False,0.0,0,0.9247070906577128,0.9597061031009282,False,False,False,False,-0.01888114429279776,0.019422881059872436,False,False,False,False,-1372477,-1127158.4758178163,False,False,False,False,114991.03344896181,False,False,False,False
2025-02-21 00:00:00+00:00,32.8,34.21,32.79,34.21,135416,,,35.803726308786466,35.55383796937028,35.87898428966786,36.91786586360708,37.5704727985638,37.7539181105204,39.06129793849604,38.91967956332587,,,34.94721010751047,35.77944226210204,36.04487109886519,37.01658253633658,37.43164564183359,37.42575240824109,37.41036616495752,37.41966105568278,35.20692761025126,,35.82878871595093,35.87898428966786,39.17252486154039,"rgba(239, 83, 80, 1.0)",0.0,0.0,2.132499721702962,36.8451258240629,-1.8968939516824705,0.0,0.0,0.0,0.0,36.26802054537435,-5.703483815938128,False,True,False,True,False,0.0,0,0.9200796536904546,0.9606222593703801,False,False,False,False,-0.047222555199194716,-0.01389983706966114,False,False,False,False,-1507893,-1142089.2414720196,False,False,False,False,115792.01252939469,False,False,False,False
2025-02-24 00:00:00+00:00,32.86,33.224,32.61,33.0,73705,,,35.74191292615178,35.523060284571905,35.84939361170033,36.88802574151316,37.543583693392,37.73508102648529,39.04684163362703,38.90620595299635,,,34.91127252578464,35.75046887798493,36.01489246101157,36.987742272829564,37.40669161009762,37.40088562196027,37.38575371335776,37.39692613908163,35.1634098609489,,35.652189423358344,35.84939361170033,39.16083104611988,"rgba(239, 83, 80, 1.0)",0.0,0.0,2.1357231827916427,36.81154198173324,-1.8502126181765328,0.0,0.0,0.0,0.0,34.13313783238171,-7.717344040404804,False,True,False,True,False,0.0,0,0.9133995643863626,0.9965217584566831,False,False,False,False,-0.09298254164712505,-0.05344118935839309,False,False,False,False,-1434188,-1153544.0947476267,False,False,False,False,114141.54144981058,False,False,False,False
2025-02-25 00:00:00+00:00,32.77,33.304,32.47,32.88,88962,,,35.669467585748905,35.486158879210286,35.81385885914816,36.852149502730924,37.51119297772457,37.71230537858081,39.029341777398955,38.889888714894234,,,34.86850348099589,35.71566518462536,35.97889195459536,36.95304645617341,37.376605555889384,37.37090353193588,37.35607471541317,37.36948613624563,35.11190805235303,,35.46206887332831,35.81385885914816,39.14666230379586,"rgba(239, 83, 80, 1.0)",0.0,0.0,2.125364426621021,36.772295189892745,-1.8831100867984938,0.0,0.0,0.0,0.0,32.56350208145166,-9.298508920814697,False,True,False,True,False,0.0,0,0.9072798073114322,0.9900605026769399,False,False,False,False,-0.09534615679798088,-0.07439367307818698,False,False,False,False,-1523150,-1168038.44397321,False,False,False,False,113154.1084517788,False,False,False,False
2025-02-26 00:00:00+00:00,32.5,33.38,32.32,32.67,66353,,,35.61565018190852,35.458124012031,35.786894322264665,36.82504857235173,37.486736627435754,37.695058522759865,39.016112632633345,38.87754559766769,,,34.835994874602505,35.6892287519208,35.951605065249126,36.92683227041236,37.35386125227874,37.348236545425365,37.333633287435866,37.34872077665188,35.073091092057204,,35.330723455889164,35.786894322264665,39.13594414308105,"rgba(239, 83, 80, 1.0)",0.0,0.0,2.094494929334796,36.74321425096796,-2.025889006241514,0.0,0.0,0.0,0.0,31.063153040262954,-10.907890465091278,False,True,False,True,False,0.0,0,0.8930636297719151,0.9941945147625649,False,False,False,False,-0.09826274849583301,-0.08632821078701,False,False,False,False,-1589503,-1184566.465778182,False,False,False,False,111318.77086543453,False,False,False,False
2025-02-27 00:00:00+00:00,31.75,32.85,31.63,32.5,72094,,,35.54654671214349,35.42111707572239,35.75194036113344,36.79134295934425,37.456814598774784,37.67399216928045,39.00030599627082,38.86276317371043,,,34.791091168260174,35.65476695233542,35.91652836644544,36.894314031830184,37.325923921225076,37.32038934351453,37.3060503852164,37.323188370312714,35.020885931739095,,35.16899811548594,35.75194036113344,39.12314892568697,"rgba(239, 83, 80, 1.0)",0.0,0.0,1.9364998331019228,36.70656703796054,-2.559549426875506,0.0,0.0,0.0,0.0,28.90400408476401,-13.185853926294271,False,True,False,True,False,0.0,0,0.8935067951034537,0.998487325986817,False,False,False,False,-0.14662604022528936,-0.11647712550614968,False,False,False,False,-1661597,-1203273.5455515867,False,False,False,False,109780.54455698612,False,False,False,False
2025-02-28 00:00:00+00:00,31.98,32.124,30.75,31.51,315185,,,35.237557567905284,35.2474618436324,35.588410282289466,36.63563108429563,37.31896579330786,37.576320719079966,38.92751633085431,38.79456641451578,,,34.58033539748563,35.493153337835835,35.75289030643896,36.74406187719289,37.19680514032439,37.1916684210682,37.17849907278282,37.204898091181924,34.78003764578844,,34.5351584859571,35.588410282289466,39.064144404692264,"rgba(239, 83, 80, 1.0)",0.0,0.0,1.9797828800786281,36.54221567487237,-2.304402023463894,0.0,0.0,0.0,0.0,28.473029300454783,-13.883150385009479,False,True,False,True,False,0.0,0,0.8891460824293917,0.9952870027795809,False,False,False,False,-0.21138585707293528,-0.16393149128954249,False,False,False,False,-1346412,-1208886.8182750538,False,False,False,False,117835.62124102587,False,False,False,False
2025-03-03 00:00:00+00:00,31.07,32.1299,30.84,32.08,102978,,,35.14007573061172,35.190122495584056,35.5342871252734,36.58412568269626,37.27325022861171,37.54366606905755,38.90317302473758,38.77173038528077,,,34.511651946937626,35.43961523202209,35.69875944867863,36.6943072016321,37.15388503264775,37.14887597857081,37.136082298427446,37.1654800627581,34.70243590157682,,34.35945465316179,35.5342871252734,39.04437161132718,"rgba(239, 83, 80, 1.0)",0.0,0.0,2.0212533173684974,36.48956049541389,-2.681287124599357,0.0,0.0,0.0,0.0,26.8176513434844,-15.797854128195809,False,True,False,True,False,0.0,0,0.8834470253816056,1.0128041275407573,False,False,False,False,-0.20747465556238115,-0.18570307342596182,False,False,False,False,-1449390,-1218318.3155976008,False,False,False,False,117252.96942765232,False,False,False,False
2025-03-04 00:00:00+00:00,31.1,31.28,30.415,30.62,86307,,,35.05352601054455,35.13829837375447,35.485587864074674,36.538365453780436,37.2328259628665,37.51474532962929,38.881776931251835,38.75163522846641,,,34.44903788548666,35.39135544981455,35.65017676023918,36.65012700155374,37.11585937231318,37.110960167995685,37.098490488924355,37.13052267118782,34.63233426133351,,34.20813380308753,35.485587864074674,39.02698854224975,"rgba(239, 83, 80, 1.0)",0.0,0.0,2.051223603186757,36.442790133667444,-2.6046844065985524,0.0,0.0,0.0,0.0,25.850770390037198,-17.06937386840348,False,True,False,True,False,0.0,0,0.8661496212597832,1.0329494551677276,False,False,False,False,-0.26003495470704246,-0.22286901406650214,False,False,False,False,-1363083,-1223995.3620447537,False,False,False,False,116039.40199911693,False,False,False,False
2025-03-05 00:00:00+00:00,31.18,31.43,30.79,30.99,100409,,,34.96192229612364,35.082387089078324,35.432664826619295,36.48793365635683,37.18792497472424,37.482436917041824,38.8576567171566,38.72898547416729,,,34.38291605737754,35.33897546822912,35.5972505627114,36.60135584402159,37.07362501330942,37.068847782462015,37.056737236035396,37.09165079692475,34.558258531963276,,34.05793115378739,35.432664826619295,39.007360169972344,"rgba(239, 83, 80, 1.0)",0.0,0.0,2.0603801625949063,36.39235963586679,-2.529804805197786,0.0,0.0,0.0,0.0,25.598857045912595,-17.708511806366893,False,True,False,True,False,0.0,0,0.8910018282246772,1.0362225117991806,False,False,False,False,-0.2382360212319513,-0.23055251764922674,False,False,False,False,-1262674,-1225512.1713763322,False,False,False,False,115426.4450579751,False,False,False,False
2025-03-06 00:00:00+00:00,31.02,31.22,30.76,30.77,97138,,,34.87433929197748,35.02798629469543,35.3811262101479,36.438839598034015,37.14416855047962,37.45084094757291,38.83406441422791,38.70681898104706,,,34.31888686981856,35.28794574350129,35.5457211768773,36.55385651303321,37.03242571608577,37.02776556168315,37.01599988728448,37.05369094739423,34.48684491563332,,33.91994004511728,35.3811262101479,38.988143924834205,"rgba(239, 83, 80, 1.0)",0.0,0.0,2.1064576643958683,36.34366945812771,-2.527309021258936,0.0,0.0,0.0,0.0,25.15536016659577,-18.56986300112095,False,True,False,True,False,0.0,0,0.8838567209915992,1.0218516529926729,False,False,False,False,-0.2481725071815473,-0.23936251241538703,False,False,False,False,-1359812,-1230778.8313223585,False,False,False,False,114709.25113413294,False,False,False,False
2025-03-07 00:00:00+00:00,31.82,31.97,30.99,30.99,83736,,,34.81298487841372,34.98897983045994,35.343538493600335,36.40175905826945,37.110537618430925,37.426332918570566,38.81537222533974,38.68927582847588,,,34.27513104852156,35.250865105995,35.5078975416711,36.517858235495424,37.00080590926971,36.996237448466715,36.9847405892769,37.02451620951048,34.43763615662812,,33.83282447114671,35.343538493600335,38.97287769598278,"rgba(239, 83, 80, 0.75)",0.0,0.0,2.1417999334567095,36.30823941774506,-2.095545595849078,0.0,0.0,0.0,0.0,28.731780858167014,-18.56986300112095,False,True,False,True,True,0.0,0,0.8848395453758425,1.008972587300187,False,False,False,False,-0.2078781273027548,-0.2236203198590709,False,False,False,False,-1276076,-1232555.1908783445,False,False,False,False,113494.61383475518,False,False,False,False
2025-03-10 00:00:00+00:00,31.47,32.55,31.28,31.76,83931,,,34.75693696819757,34.95271247201856,35.30831155358903,36.36647675120087,37.07828111426546,37.40269664517738,38.79718045379338,38.67220585048653,,,34.23540581009826,35.21616392164378,35.472352218907986,36.483548339175364,36.970483412557414,36.96600301025195,36.95476383495257,36.99650804944572,34.392869400779205,,33.75808574761914,35.30831155358903,38.9579969694041,"rgba(239, 83, 80, 0.75)",0.0,0.0,2.1877515875915217,36.27512023587225,-2.1963737853629763,0.0,0.0,0.0,0.0,30.293787969055327,-18.56986300112095,False,True,False,True,True,0.0,0,0.8939773573155722,0.9955386030037802,False,False,False,False,-0.1726598576908196,-0.19814008877494527,False,False,False,False,-1360007,-1237553.3010399782,False,False,False,False,112335.25642947067,False,False,False,False
2025-03-11 00:00:00+00:00,30.96,31.48,30.675,31.42,88147,,,34.68644535307197,34.906983360736646,35.264598273124655,36.32421947281707,37.040232819882256,37.37490414520282,38.77620688229699,38.652487528487256,,,34.18310210786934,35.172916690615715,35.4285457123466,36.44256231941431,36.93460918015486,36.93022831084062,36.91928193202379,36.963360463355976,34.3348429271564,,33.658544380742164,35.264598273124655,38.94085865146341,"rgba(239, 83, 80, 0.75)",0.0,0.0,2.2437407471766337,36.23438521847674,-2.35071062693569,0.0,0.0,0.0,0.0,30.229559112029342,-18.56986300112095,False,True,False,True,True,0.0,0,0.8808724479652419,1.012848467607282,False,False,False,False,-0.2409225195084534,-0.21953130414169933,False,False,False,False,-1448154,-1245812.1519795868,False,False,False,False,111386.69735380515,False,False,False,False
2025-03-12 00:00:00+00:00,30.15,31.28,30.12,31.15,109985,,,34.59009710996447,34.84390697363028,35.20471497100353,36.26731215266963,36.98935684411164,37.33773768971458,38.74844207700639,38.626350578821224,,,34.10975652726105,35.11354270585625,35.36873296762544,36.38742560493972,36.88654433995525,36.882292614837034,36.87172730737549,36.918918082082655,34.25417483489896,,33.521331106029415,35.20471497100353,38.91817334978903,"rgba(239, 83, 80, 0.75)",0.0,0.0,2.3193771142697823,36.17899219903431,-2.5994014349548507,0.0,0.0,0.0,0.0,28.704041092855714,-18.56986300112095,False,True,False,True,True,0.0,0,0.8717870345644139,1.0209918567875653,False,False,False,False,-0.27238952789889354,-0.24596041602029645,False,False,False,False,-1558139,-1258060.263666662,False,False,False,False,111331.72883012652,False,False,False,False
2025-03-13 00:00:00+00:00,29.84,30.23,29.32,30.23,102478,,,34.489073328862325,34.77723443430081,35.14189971804092,36.20876946921911,36.937468258927744,37.29985145461157,38.720491743734236,38.59999953462953,,,34.03083504831655,35.05111402878439,35.30622149082695,36.330779416899325,36.837414241315,36.833289776457576,36.823101418652335,36.87346178211965,34.168121250298285,,33.375694964087884,35.14189971804092,38.89534409403606,"rgba(239, 83, 80, 1.0)",0.0,0.0,2.399748094888117,36.12134444270873,-2.6175015853076804,0.0,0.0,0.0,0.0,27.18622517240567,-18.56986300112095,False,True,False,True,False,0.0,0,0.8559656054512601,1.03939677944287,False,False,False,False,-0.34282825441539394,-0.2943943352178452,False,False,False,False,-1660617,-1273846.8023464007,False,False,False,False,110984.5237779647,False,False,False,False
2025-03-14 00:00:00+00:00,30.6,30.64,29.93,29.93,102996,,,34.40404777988547,34.719750615229536,35.087066844066484,36.15633527157569,36.89033732049566,37.265136272547,38.69443156194453,38.57544765052096,,,33.96508697392232,34.99674995976376,35.251407025094466,36.279901071382696,36.792820905006906,36.788813117275296,36.778968984411314,36.832138334647524,34.096210045566586,,33.26279936147573,35.087066844066484,38.874003047821866,"rgba(239, 83, 80, 0.75)",0.0,0.0,2.4527469212007365,36.07108230622986,-2.230593894110977,0.0,0.0,0.0,0.0,29.622923445619975,-18.56986300112095,False,True,False,True,True,0.0,0,0.8649137617161952,1.0348771269586061,False,False,False,False,-0.29928110614371795,-0.29683772068078157,False,False,False,False,-1557621,-1284975.202254385,False,False,False,False,110671.24833569158,False,False,False,False
2025-03-17 00:00:00+00:00,30.05,30.884,29.82,30.51,81193,,,34.33723645982196,34.67406873617368,35.04347536015579,36.114684065782484,36.85287657742023,37.23746775417365,38.67366152862695,38.55587023574396,,,33.9129609688765,34.95351649916132,35.20784201235453,36.239473306947936,36.75734792659146,36.75343161617181,36.74385749205766,36.79923876483746,34.03937275164716,,33.17563245872901,35.04347536015579,38.85698124241532,"rgba(239, 83, 80, 0.75)",0.0,0.0,2.5147398124506957,36.031258522095925,-2.378480068785722,0.0,0.0,0.0,0.0,30.1211384679634,-18.56986300112095,False,True,False,True,True,0.0,0,0.8573866872023196,1.040864762373162,False,False,False,False,-0.2936444254602134,-0.2952410730704975,False,False,False,False,-1638814,-1298851.2335385268,False,False,False,False,109515.23859703701,False,False,False,False
2025-03-18 00:00:00+00:00,29.25,30.185,29.07,29.66,90331,,,34.25220511438271,34.61590008250852,34.98844843944947,36.063193146016616,36.80701671802094,37.20366485223586,38.64862751978657,38.53224093311843,,,33.84513496399905,34.89881138293593,35.15306034688161,36.18957633285483,36.71383630220724,36.71002852062109,36.700776034903434,36.75887432066244,33.96595161380192,,33.0610120358586,34.98844843944947,38.83647964405247,"rgba(239, 83, 80, 0.75)",0.0,0.0,2.589102303644833,35.981280523079725,-2.5998511196732945,0.0,0.0,0.0,0.0,29.048003133229273,-18.56986300112095,False,True,False,True,True,0.0,0,0.8565367801171236,1.0469197040195402,False,False,False,False,-0.34282825441539394,-0.31903466374294576,False,False,False,False,-1729145,-1315725.4988899573,False,False,False,False,108762.91551480026,False,False,False,False
2025-03-19 00:00:00+00:00,29.0,30.005,27.97,29.36,124694,,,34.12753733820254,34.52992381433593,34.907363844048994,35.98799452514186,36.740288869827815,37.15442752123764,38.6123796411446,38.49799396329687,,,33.74426313775447,34.8181071868103,35.07247425060728,36.116739058493934,36.65043549310591,36.646781880957484,36.6379873098385,36.700018307666234,33.85727633754266,,32.89299692131913,34.907363844048994,38.80678803465495,"rgba(239, 83, 80, 0.75)",0.0,0.0,2.6663505443256095,35.908000287412285,-2.590807237298013,0.0,0.0,0.0,0.0,27.933544721763692,-18.56986300112095,False,True,False,True,True,0.0,0,0.8399369435363899,1.0413045653008735,False,False,False,False,-0.34282825441539394,-0.3309314590791699,False,False,False,False,-1853839,-1336827.989129567,False,False,False,False,109387.66392598457,False,False,False,False
2025-03-20 00:00:00+00:00,28.52,28.98,28.21,28.61,178600,,,33.945086700666366,34.402225415140244,34.786961705916084,35.876705028787825,36.641580682783,37.08133394904668,38.5586781872877,38.44721102042024,,,33.59468690535134,34.69818859350576,34.95290069455456,36.00892060084282,36.55651749908169,36.553086313997404,36.54495334989201,36.612728163459906,33.696846083814954,,32.65162182330359,34.786961705916084,38.7627575101878,"rgba(239, 83, 80, 1.0)",0.0,0.0,2.751934205949359,35.799751129987015,-2.6453216484060733,0.0,0.0,0.0,0.0,26.454491545311697,-18.890351880253263,False,True,False,True,False,0.0,0,0.8415573698304852,1.062053747622977,False,False,False,False,-0.34282825441539394,-0.33687985674728194,False,False,False,False,-2032439,-1364106.8523009568,False,False,False,False,112101.8731837891,False,False,False,False
2025-03-21 00:00:00+00:00,28.49,28.77,28.23,28.37,423906,,,33.55123293685082,34.11643274096336,34.51554939174763,35.62294762727132,36.41453555906535,36.91127869491585,38.43256954359213,38.32785332868514,,,33.267358600864796,34.427993166520814,34.6828964087743,35.76253824261888,36.34014073843597,36.337205180130475,36.33054522229909,36.41104094291372,33.34749786574749,,32.165422396142304,34.51554939174763,38.6590113154195,"rgba(239, 83, 80, 1.0)",0.0,0.0,2.83397025167655,35.556972667171216,-2.493665084518958,0.0,0.0,0.0,0.0,25.422469579289455,-20.045315343762216,False,True,False,True,False,0.0,0,0.8559397119157899,1.048679090587508,False,False,False,False,-0.34282825441539394,-0.33985405558133797,False,False,False,False,-2456345,-1406939.7208381742,False,False,False,False,124329.4860001111,False,False,False,False
2025-03-24 00:00:00+00:00,28.65,29.52,28.61,28.88,131448,,,33.449843569902974,34.03970479915667,34.441759683607316,35.55230413069602,36.35036579298922,36.86253198660631,38.395769081047135,38.29301492140959,,,33.182623444844744,34.35465950065443,34.609204777669845,35.693716895869045,36.278935386244264,36.276137265977226,36.26988435318926,36.353808904788266,33.25728376800786,,32.05201762814647,34.441759683607316,38.62860875428422,"rgba(239, 83, 80, 1.0)",0.0,0.0,2.8937553144348755,35.49097169933298,-2.3640463536112635,0.0,0.0,0.0,0.0,25.585156714794664,-20.080341850134793,False,True,False,True,False,0.0,0,0.8671056178808944,1.022473508285328,False,False,False,False,-0.30082247275163293,-0.3203382641664855,False,False,False,False,-2324897,-1442938.045511187,False,False,False,False,124608.64341187144,False,False,False,False
2025-03-25 00:00:00+00:00,28.97,29.235,27.8,28.73,217088,,,33.282764736825364,33.91167940436283,34.318557526660236,35.43441931551337,36.24315792974957,36.78073771264711,38.33397138730192,38.23446935621346,,,33.04163109402064,34.2321718440985,34.4861989824164,35.5788170217268,36.17656202669261,36.17398835244524,36.168400642691125,36.257960259727405,33.1076703887361,,31.86704396030196,34.318557526660236,38.577486374635,"rgba(239, 83, 80, 1.0)",0.0,0.0,2.9462377169340828,35.38092722362403,-2.1759707937943906,0.0,0.0,0.0,0.0,27.37934408287677,-20.080341850134793,False,True,False,True,False,0.0,0,0.9084842858476623,1.0213133265101562,False,False,False,False,-0.341510260705311,-0.33092426243589823,False,False,False,False,-2107809,-1469011.4162754542,False,False,False,False,128235.28484670001,False,False,False,False
2025-03-26 00:00:00+00:00,28.64,29.31,27.91,29.07,189718,,,33.14459628288641,33.803704240757575,34.214230281162685,35.33394174252121,36.15130490699872,36.71016343709707,38.280337544039796,38.18362964185308,,,32.92415046812961,34.12847520573258,34.38193920103916,35.48075649131319,36.088763072161065,36.08637765981511,36.08134756815847,36.17561140471356,32.98334791897808,,31.71899229744727,34.214230281162685,38.5330213563283,"rgba(239, 83, 80, 0.75)",0.0,0.0,3.0055894596568367,35.287714031050534,-2.211783784938325,0.0,0.0,0.0,0.0,27.833632583335042,-20.080341850134793,False,True,False,True,True,0.0,0,0.9387864618642929,0.9855986033274721,False,False,False,False,-0.3345625411627757,-0.3327434017993369,False,False,False,False,-2297527,-1501502.2234803385,False,False,False,False,130646.37171545689,False,False,False,False
2025-03-27 00:00:00+00:00,28.1,29.17,27.835,28.77,190285,,,33.00673886878751,33.694696549484796,34.108821296092046,35.232429215108375,36.05836913427928,36.63842967719295,38.22574904068252,38.13184750595168,,,32.80589422222441,34.02366873405213,34.27661760794568,35.38163285517368,35.99982847504301,35.997629108634136,35.99315040488149,36.092088671858626,32.85858224666606,,31.572460820929706,34.108821296092046,38.48769842025369,"rgba(239, 83, 80, 0.75)",0.0,0.0,3.0780829414742663,35.19358756980386,-2.3045472473221733,0.0,0.0,0.0,0.0,27.039104044995284,-20.080341850134793,False,True,False,True,True,0.0,0,0.911968287629187,1.0164700545281398,False,False,False,False,-0.3426398994870469,-0.3376916506431919,False,False,False,False,-2487812,-1540181.0382458153,False,False,False,False,132985.14145210563,False,False,False,False
2025-03-28 00:00:00+00:00,28.03,28.18,27.14,28.14,244916,,,32.81964186581288,33.54594552914268,33.96534863439431,35.09527600835408,35.93311387012501,36.54149309111733,38.15224932337443,38.06205189333637,,,32.643517730282255,33.88087077526674,34.13347192149521,35.24773693187499,35.879785534124316,35.87782922024518,35.87407247219063,35.97923533412804,32.6879201552743,,31.370545019114903,33.96534863439431,38.42661656699504,"rgba(239, 83, 80, 0.75)",0.0,0.0,3.146614797633318,35.06576119622762,-2.2359779155425907,0.0,0.0,0.0,0.0,26.373088952193992,-20.080341850134793,False,True,False,True,True,0.0,0,0.8817849195363627,1.068841619841541,False,False,False,False,-0.34282825441539394,-0.3402599525292929,False,False,False,False,-2732728,-1586947.5857655874,False,False,False,False,137374.58688535637,False,False,False,False
2025-03-31 00:00:00+00:00,27.62,27.94,26.9,27.58,183778,,,32.680056348748344,33.433654332645354,33.856928787981445,34.99158885329072,35.83825638209809,36.46771998526144,38.09621451009713,38.008800581312364,,,32.521380216999155,33.77293061895239,34.025309150730294,35.14645221488113,35.78877020742802,35.7869932994661,35.78376978860546,35.89355325641413,32.55991076228638,,31.22121552331646,33.856928787981445,38.379973468708414,"rgba(239, 83, 80, 1.0)",0.0,0.0,3.214172265351009,34.96919173616304,-2.286495909191867,0.0,0.0,0.0,0.0,25.145929260046277,-21.210726529483118,False,True,False,True,False,0.0,0,0.8675635840193766,1.0680737427777365,False,False,False,False,-0.34282825441539394,-0.34154410347234343,False,False,False,False,-2916506,-1639087.131421839,False,False,False,False,139194.32857612672,False,False,False,False
2025-04-01 00:00:00+00:00,28.0,28.39,27.4501,27.7,182218,,,32.560324202641965,33.33465181767341,33.76046215038853,34.89766785347656,35.75135058109196,36.39943691429952,38.04361763873098,37.958813516534775,,,32.416415787792126,33.67701859173277,33.928789550591205,35.05448054567298,35.70534927621734,35.70373472346807,35.700992172295365,35.81484486725147,32.45001921076428,,31.10096795081075,33.76046215038853,38.336053871206126,"rgba(239, 83, 80, 1.0)",0.0,0.0,3.258818677246628,34.88284231889442,-2.112066672181259,0.0,0.0,0.0,0.0,26.57758936537033,-21.210726529483118,False,True,False,True,False,0.0,0,0.8724783654192285,1.0643457789169029,False,False,False,False,-0.30924434797466527,-0.32539422572350435,False,False,False,False,-2734288,-1682036.1850915707,False,False,False,False,140881.53137706293,False,False,False,False
2025-04-02 00:00:00+00:00,27.89,28.13,27.02,27.52,152159,,,32.459371323619685,33.25071886659528,33.67870296127924,34.81820141860892,35.677803875677085,36.341478053583444,37.99896397383178,37.916349559712344,,,32.32737369221905,33.59569851094747,33.847019737931596,34.97664710468488,35.634689233618644,35.63320934055475,35.63086602055734,35.74811743524058,32.356986958050975,,30.999186806431247,33.67870296127924,38.29872742843912,"rgba(239, 83, 80, 0.75)",0.0,0.0,3.303339167820639,34.80966540235808,-2.09474869240366,0.0,0.0,0.0,0.0,27.266596073189135,-21.210726529483118,False,True,False,True,True,0.0,0,0.8629835401258653,1.0768759889169703,False,False,False,False,-0.33234164982106446,-0.3288679377722844,False,False,False,False,-2886447,-1729267.9817546464,False,False,False,False,141323.78504855066,False,False,False,False
2025-04-03 00:00:00+00:00,20.51,23.11,19.995,23.0,734124,,,31.43808312315936,32.44572473517869,32.91878121753854,34.131542609582716,35.06832831328275,35.871130675617785,37.65695691650328,37.58976955783419,,21.205000000000002,31.402444123394762,32.83483338972712,33.09626685853686,34.30934588138494,35.04669767867479,35.046239676012476,35.0469879576366,35.1944762761971,31.39784960986367,,29.76975351308909,32.91878121753854,38.01464104860446,"rgba(239, 83, 80, 1.0)",0.0,0.0,3.6140179631316354,34.14534636411297,-3.7729049781195894,0.0,0.0,0.0,0.0,21.364609964619824,-24.800935538770165,False,True,False,True,False,0.0,0,0.8109746549448581,1.0815701087494924,False,False,False,False,-0.34282825441539394,-0.33584809609383914,False,False,False,False,-3620571,-1803436.7275681896,False,False,False,False,164570.85230154867,False,False,False,False
2025-04-04 00:00:00+00:00,20.65,21.01,19.5385,19.85,427258,,,30.884338405237536,31.99474132726456,32.49009270533653,33.73991715084702,34.717411580706624,35.59629899606388,37.454812241106914,37.396452619541904,,20.908666563628508,30.894501712767905,32.40575157730559,32.672098895252915,33.927839924349634,34.70737718120637,34.707471908836,34.7098927348955,34.87378383487757,30.873567890365187,,29.1318041317477,32.49009270533653,37.84589249556401,"rgba(239, 83, 80, 1.0)",0.0,0.0,3.8854974613970374,33.77016515916436,-3.376701513645303,0.0,0.0,0.0,0.0,17.843314318563657,-27.901879589419316,False,True,False,True,False,0.0,0,0.7957098511285211,1.124789561954394,False,False,False,False,-0.34282825441539394,-0.3393381752546165,False,False,False,False,-3193313,-1857941.6794282608,False,False,False,False,174872.30907403698,False,False,False,False
2025-04-07 00:00:00+00:00,20.06,21.32,19.04,20.21,301731,,,30.516729119590558,31.689390981845502,32.198494223074064,33.4714186470426,34.47522893826315,35.40480651116133,37.31275764872762,37.26048577043177,,20.75014802752761,30.554960175339872,32.11397478768088,32.38324970468627,33.66585668018055,34.472890030313366,34.4733518578407,34.47688307792854,34.65164684606924,30.523999946118195,,28.71931072979135,32.198494223074064,37.726912686155174,"rgba(239, 83, 80, 1.0)",0.0,0.0,4.141405001613304,33.51439469532825,-3.248751254728052,0.0,0.0,0.0,0.0,15.280615385317116,-30.07729850619647,False,True,False,True,False,0.0,0,0.7877437038450051,1.1190667915447725,False,False,False,False,-0.34282825441539394,-0.34108321483500526,False,False,False,False,-3495044,-1922141.7704310743,False,False,False,False,179847.15969858455,False,False,False,False
2025-04-08 00:00:00+00:00,19.72,20.93,19.39,20.79,246849,,,30.23073397651793,31.448424082592922,31.967581037687076,33.25750337300266,34.281302861809834,35.25036711500273,37.1974188675905,37.15002200152232,,20.64378193842904,30.289532281199058,31.882978107180264,32.15431450764674,33.456877746192895,34.28494871680597,34.285696167276285,34.29009094027283,34.47329193337987,30.25122195077743,,28.404392087636598,31.967581037687076,37.63006433994684,"rgba(239, 83, 80, 1.0)",0.0,0.0,4.378311513781542,33.311402787533964,-3.1042566854259963,0.0,0.0,0.0,0.0,13.448587274636864,-31.61665998811869,False,True,False,True,False,0.0,0,0.7847988095842624,1.1256430260811223,False,False,False,False,-0.34282825441539394,-0.34195573462519957,False,False,False,False,-3741893,-1993504.5637475029,False,False,False,False,182474.6828476597,False,False,False,False
2025-04-09 00:00:00+00:00,21.07,21.71,18.94,19.58,335695,,,29.88589864328268,31.15154013753477,31.681317382462023,32.98912565349017,34.035804124255726,35.052786844155825,37.04804486241154,37.006886478555494,,20.63222122982168,29.967850197278946,31.5968047316354,31.869993232521573,33.19415912615951,34.04679359520534,34.0478912044237,34.05334236063612,34.246731537862196,29.92130108852876,,28.037228289195696,31.681317382462023,37.50417817243574,"rgba(239, 83, 80, 0.75)",-1.0,18.925,4.5589135539943175,32.28912091622177,-2.460919862451016,0.0,0.0,0.0,0.0,16.362286936385246,-31.61665998811869,False,True,False,True,True,0.0,0,0.7823395867878072,1.1342201148978996,True,False,False,False,-0.33611720918171,-0.33903647190345476,False,False,False,False,-3406198,-2048904.30634564,False,False,False,False,188483.32273598676,False,False,False,False
2025-04-10 00:00:00+00:00,19.64,20.8177,19.2,20.51,197396,,,29.680252431970594,30.97355368364991,31.50959837758824,32.8281033272156,33.88834438405263,34.9336706194696,36.957843375216704,36.92039518523252,,20.56654252072213,29.775321776023365,31.425112787191097,31.699448679554095,33.03647294155127,33.903626778347515,33.904929394059764,33.91099961202398,34.11039855769682,29.72408710202954,,27.818527716622864,31.50959837758824,37.42804771303969,"rgba(239, 83, 80, 0.75)",0.0,0.0,4.767257224174268,32.129840228781674,-2.6199216114135786,0.0,0.0,0.0,0.0,17.28333001916417,-31.61665998811869,False,True,False,True,True,0.0,0,0.7685884482771571,1.1423495564252606,False,False,False,False,-0.34282825441539394,-0.3409323631594243,False,False,False,False,-3603594,-2109872.5296262032,False,False,False,False,188832.83949143827,True,False,False,False
2025-04-11 00:00:00+00:00,20.21,21.05,19.05,19.59,196192,,,29.488428668738614,30.805500877655838,31.346911494070298,32.674560861811905,33.747027230575554,34.81880459376429,36.87025661581824,36.836379271151614,,20.529285936454382,29.595167982165577,31.262507569853078,31.53771946608612,32.8859388967724,33.766336174660694,33.76783100983865,33.774481015592755,33.979470456367565,29.539774862144487,,27.618134967488647,31.346911494070298,37.35396057386871,"rgba(239, 83, 80, 0.75)",0.0,0.0,4.941985139305604,31.98774795186145,-2.3832018146287535,0.0,0.0,0.0,0.0,19.436460815795908,-36.08379772058613,False,True,False,True,True,0.0,0,0.759072386019469,1.1460940436099423,False,False,False,False,-0.34116562044493365,-0.34104899180217896,False,False,False,False,-3407402,-2160756.038268313,False,False,False,False,189121.43402118576,False,False,False,False
2025-04-14 00:00:00+00:00,20.33,20.485,19.35,20.35,244352,,,29.258824628115338,30.60241117634387,31.149821755318445,32.48771683663174,33.574411585388305,34.67774453415081,36.762123525864666,36.73260736740326,,20.4861003474317,29.37886708493739,31.065554132142356,31.341665245618373,32.702592144609014,33.598525788757506,33.600250057388074,33.60759171627596,33.819229974296476,29.31873738457111,,27.381136921423472,31.149821755318445,37.26231227976264,"rgba(239, 83, 80, 0.75)",0.0,0.0,5.099105849898469,31.816181964053676,-2.252587473602335,0.0,0.0,0.0,0.0,21.203570604370746,-34.40149157734042,False,True,False,True,True,0.0,0,0.7579477559581399,1.1715279572830732,False,False,False,False,-0.34282825441539394,-0.3419386231087864,False,False,False,False,-3163050,-2200061.683826418,False,False,False,False,191287.33856937455,False,False,False,False
2025-04-15 00:00:00+00:00,20.8,21.0,20.18,20.57,118536,,,29.158481951166916,30.512124541801082,31.06174986374852,32.40337129442369,33.495910896995184,34.613073467303614,36.71204864198848,36.68453760144545,,20.493456661074497,29.28401515323556,30.97759772405945,31.253920219224106,32.61968937223585,33.52216201143118,33.52398817298016,33.53163626702148,33.74617652959192,29.221944007494965,,27.280497550395268,31.06174986374852,37.21975316307957,"rgba(239, 83, 80, 0.75)",0.0,0.0,5.222049637299011,31.74280213384988,-2.095499448279814,0.0,0.0,0.0,0.0,23.716955106032174,-32.00075103280403,False,True,False,True,True,0.0,0,0.7809272628387087,1.1575393188946752,False,False,False,False,-0.31600933154586563,-0.32897397732732603,False,False,False,False,-3044514,-2233177.4609312643,False,False,False,False,188434.34489998734,False,False,False,False
2025-04-16 00:00:00+00:00,20.2,20.835,20.14,20.55,76591,,,29.09287443408568,30.45308831849424,31.004177398039825,32.34827824534065,33.444644133367206,34.57080570877495,36.679320391040115,36.65311281685711,,20.4907484481782,29.221944266224423,30.920094358546972,31.196570417585903,32.56553852273211,33.472278371848375,33.47417052641654,33.482017189198544,33.698444423432086,29.15862016651664,,27.214486514633393,31.004177398039825,37.19192609265049,"rgba(239, 83, 80, 0.75)",0.0,0.0,5.346521701658625,31.693668323848186,-2.1497468756710676,0.0,0.0,0.0,0.0,24.726213978876267,-30.99499686573277,False,True,False,True,True,0.0,0,0.7806475454963686,1.1624927409440922,False,False,False,False,-0.32006780349513503,-0.32452089041123056,False,False,False,False,-3121105,-2267998.1487378813,False,False,False,False,184048.33137449765,False,False,False,False
2025-04-17 00:00:00+00:00,20.37,20.71,19.98,20.215,106302,,,29.003033042120816,30.371975226947487,30.92500851267499,32.27240332809604,33.373944204133295,34.51239870328238,36.634006793937814,36.60959580258893,,20.48585485544626,29.136849358600408,30.8410250735182,31.117690981248586,32.490937342587024,33.40346771522026,33.405450021140965,33.41356789086265,33.63256960388978,29.071844307857738,,27.124434379467882,30.92500851267499,37.15336878989562,"rgba(239, 83, 80, 0.75)",0.0,0.0,5.455865995950239,31.62580108385894,-2.063064065762219,0.0,0.0,0.0,0.0,25.917093252542706,-29.746868831530527,False,True,False,True,True,0.0,0,0.761943569425545,1.1659642290603174,False,False,False,False,-0.32572709361585045,-0.3251239920135405,False,False,False,False,-3014803,-2297284.6134932586,False,False,False,False,180999.4556343213,False,False,False,False
2025-04-21 00:00:00+00:00,19.84,20.12,19.6,20.12,76835,,,28.93554958215993,30.311267540603637,30.865842209359815,32.2158802783553,33.32137179807126,34.468999792365196,36.60040938823527,36.57732313122634,,20.469982224013435,29.07290878157988,30.781916910274045,31.05877252108802,32.43538266279851,33.35229073260841,33.35433970120634,33.36265835697569,33.58358120080166,29.006643757248494,,27.056103951086588,30.865842209359815,37.12478319017754,"rgba(239, 83, 80, 0.75)",0.0,0.0,5.563444577558754,31.573659615018574,-2.1090638095593857,0.0,0.0,0.0,0.0,26.071259984906032,-29.40846096304558,False,True,False,True,True,0.0,0,0.7538309746710552,1.175151574491802,False,False,False,False,-0.34282825441539394,-0.33397612321446724,False,False,False,False,-3091638,-2328435.7266896013,False,False,False,False,176914.57502121065,False,False,False,False
2025-04-22 00:00:00+00:00,19.96,20.16,19.4,19.88,106567,,,28.84344885759844,30.22811331289946,30.784721922874937,32.138247809832244,33.24905762216668,34.40917637818102,36.55399631738755,36.53273196556976,,20.448793383469656,28.98554383019714,30.700882447951894,30.977971896279804,32.35905340450979,33.28187744051309,33.28401722227155,33.292609332149986,33.516144632003034,28.917595594855733,,26.963259411200312,30.784721922874937,37.08526166032976,"rgba(239, 83, 80, 0.75)",0.0,0.0,5.651837819571531,31.50224281312448,-2.042210548426441,0.0,0.0,0.0,0.0,26.581666847337047,-28.660428301622925,False,True,False,True,True,0.0,0,0.752636302961957,1.1879158899296522,False,False,False,False,-0.34282825441539394,-0.33840218881493056,False,False,False,False,-2985071,-2354186.129564519,False,False,False,False,174155.8465890063,False,False,False,False
2025-04-23 00:00:00+00:00,20.32,21.4415,20.135,20.56,109291,,,28.759053227764262,30.15059364195422,30.708691024602484,32.06469971596162,33.18003033486629,34.351638266345724,36.50890648003687,36.489405620425266,,20.454907711602694,28.905259964377063,30.6249852044634,30.90211426725398,32.28662093743006,33.21463350500929,33.216858321502556,33.225705734608816,33.45163460663524,28.83586475962278,,26.880807484465052,30.708691024602484,37.04677042280566,"rgba(239, 83, 80, 0.5)",0.0,0.0,5.738476584731688,31.43784839393635,-1.9374215838951936,0.0,0.0,0.0,0.0,28.176026328584566,-26.888300440375172,False,False,False,True,True,0.0,0,0.7516523320694226,1.171879527728968,False,False,False,False,-0.30214177614652793,-0.32027198248072924,False,False,False,False,-2875780,-2374640.7911502244,False,False,False,False,171612.12711492763,False,False,False,False
2025-04-24 00:00:00+00:00,20.74,20.78,20.36,20.47,101280,,,28.682326024649527,30.079825087443655,30.63920487627573,31.997344746059287,33.11670586667779,34.29872387543566,36.467334713304886,36.44945148794315,,20.4600559069614,28.832177847208715,30.555627452279882,30.832766248056423,32.22026070035442,33.15292667419235,33.15522862291286,33.16430752619043,33.39240179318448,28.761501405814897,,26.806228051554392,30.63920487627573,37.01124911556287,"rgba(239, 83, 80, 0.5)",0.0,0.0,5.796263903864591,31.378754258542052,-1.8354502891852094,0.0,0.0,0.0,0.0,30.669316616285066,-24.338658335845114,False,False,False,True,True,0.0,0,0.7570059977660901,1.1768152081071526,False,False,False,False,-0.3087332420258057,-0.3145026122532675,False,False,False,False,-2774500,-2390321.544438451,False,False,False,False,168854.00448296967,False,False,False,False
2025-04-25 00:00:00+00:00,20.78,20.9,20.27,20.51,83357,,,28.620434421846866,30.022506116597253,30.582861449399953,31.94261402533499,33.06516138302582,34.25555239819726,36.43333276296939,36.41676678402266,,20.46462885375353,28.773158030242893,30.49939384700959,30.776517634970503,32.16631671049285,33.10268558358947,33.10504967516571,33.11431500083243,33.34414838126078,28.701473665791134,,26.74639476126154,30.582861449399953,36.98217039267513,"rgba(239, 83, 80, 0.5)",0.0,0.0,5.8582429429291105,31.33074571495369,-1.801008564810106,0.0,0.0,0.0,0.0,32.47107697953062,-22.5088010480681,False,False,False,True,True,0.0,0,0.7793227842650685,1.1703676651175845,False,False,False,False,-0.3067031609679259,-0.31060288661059665,False,False,False,False,-2691143,-2402118.464264394,False,False,False,False,165501.18077775516,False,False,False,False
2025-04-28 00:00:00+00:00,20.68,21.06,20.245,20.7,104379,,,28.544377793442706,29.9517950289558,30.513280432754705,31.874890669299766,33.00127578875779,34.20192301474174,36.39099268109973,36.37605958606756,,20.470395082496083,28.70054816583206,30.429954847145716,30.707033937672442,32.099541339466036,33.04039898694631,33.04283931021386,33.052333230235014,33.284293780201274,28.62765579566478,,26.673232545013683,30.513280432754705,36.945929571262766,"rgba(239, 83, 80, 0.5)",0.0,0.0,5.926380667812369,31.27131742757973,-1.7871476743138999,0.0,0.0,0.0,0.0,33.460850656534134,-21.44366681245696,False,False,False,True,True,0.0,0,0.7860955648407252,1.1544942563984617,False,False,False,False,-0.30179665350909973,-0.3061997700598482,False,False,False,False,-2795522,-2417546.0539010842,False,False,False,False,163104.23251196084,False,False,False,False
2025-04-29 00:00:00+00:00,20.78,21.015,20.41,20.66,89894,,,28.480629941490154,29.892221406412833,30.454573206372935,31.81759104421423,32.94710477432252,34.156322256172,36.35487919912622,36.3413324898076,,20.47690008873382,28.63960950449553,30.371376110839723,30.64838462032812,32.04301552002503,32.987568651352376,32.990072875373755,32.99975828584749,33.23349321685998,28.565735076425504,,26.612370530713417,30.454573206372935,36.914986728640734,"rgba(239, 83, 80, 0.5)",0.0,0.0,5.984587297142341,31.22119192044831,-1.7446803600699432,0.0,0.0,0.0,0.0,34.52896132935662,-20.27599504475352,True,False,False,True,True,0.0,1,0.8021896488738163,1.148191672674488,False,False,False,False,-0.29659069123375786,-0.30139523064680307,False,False,False,False,-2705628,-2428843.38512065,False,False,False,False,160233.24300168786,False,False,False,False
2025-04-30 00:00:00+00:00,20.31,20.58,20.06,20.58,69780,,,28.429224724162033,29.844417352894656,30.40754501202768,31.771853453225827,32.90395419251178,34.12004042509472,36.32621313665163,36.31376204999375,,20.473899589273927,28.5904754075297,30.324437329287004,30.60143049052071,31.99791469783025,32.94548140407961,32.948036366522224,32.9578740163249,33.193031642269254,28.5158028206205,,26.562677882676063,30.40754501202768,36.89042982097326,"rgba(239, 83, 80, 0.5)",0.0,0.0,6.079118890635948,31.180274619388673,-1.788133250055834,0.0,0.0,0.0,0.0,34.149375473457624,-20.27599504475352,True,False,False,True,True,0.0,1,0.8004745199230716,1.1313176706322743,False,False,False,False,-0.31571425412235965,-0.30855474238458136,False,False,False,False,-2775408,-2442434.154331605,False,False,False,False,156686.0570016217,False,False,False,False
2025-05-01 00:00:00+00:00,20.59,20.83,20.13,20.32,72257,,,28.37796815064549,29.796445403917044,30.3602611765338,31.725694341654346,32.86028655049226,34.083212084678166,36.297006778990045,36.28566841889642,,20.474713090832413,28.541420018884804,30.27725414942356,30.55419407223108,31.952370452745505,32.90287935537795,32.9054851348055,32.91547510286191,33.152046709963315,28.465976973280643,,26.513662706059826,30.3602611765338,36.86538360170843,"rgba(239, 83, 80, 0.5)",0.0,0.0,6.165849384361492,31.139403514456234,-1.7109408382911195,0.0,0.0,0.0,0.0,35.124095509074955,-19.343652349350375,True,False,False,True,True,0.0,1,0.8044154649060147,1.1265741938390057,False,False,False,False,-0.30643818767421194,-0.30749646502939665,False,False,False,False,-2703151,-2452658.3443578165,False,False,False,False,153375.11358979341,False,False,False,False
2025-05-02 00:00:00+00:00,21.19,21.27,20.6668,20.79,90397,,,28.318996537835257,29.74048064822297,30.3048643698319,31.67116039976544,32.80839564855559,34.03919206465841,36.26183176152517,36.2518291129752,,20.487905250639205,28.48484744840741,30.22200554358643,30.498780470358547,31.898494193144845,32.85223586540593,32.85490103719001,32.86506858419993,33.10326166427417,28.40857385024513,,26.4587274293715,30.3048643698319,36.83516116339958,"rgba(239, 83, 80, 0.5)",0.0,0.0,6.233517356246873,31.092413736030487,-1.5885756259436505,0.0,0.0,0.0,0.0,38.192655420739044,-16.291264149029658,True,False,False,True,True,0.0,1,0.8244164452351292,1.1166117559819038,False,False,False,False,-0.27992111636506734,-0.293708790697232,False,False,False,False,-2612754,-2458936.6053633923,False,False,False,False,150905.38364509563,False,False,False,False
2025-05-05 00:00:00+00:00,20.86,21.28,20.81,20.92,57029,,,28.281980878819912,29.70530391067351,30.270033410270624,31.636852738255115,32.77573007233231,34.01144835816518,36.23963852636376,36.230475579940745,,20.495065187135356,28.44931522791954,30.187267906509856,30.463936665914993,31.86459498551918,32.820349832224245,32.82305212491549,32.83333065386669,33.07253680609539,28.372528158803604,,26.42426324266721,30.270033410270624,36.81608304467745,"rgba(239, 83, 80, 0.5)",0.0,0.0,6.29293678988132,31.062716380585215,-1.6212964981613347,0.0,0.0,0.0,0.0,39.274710957276895,-15.186056940920388,True,False,False,True,True,0.0,1,0.8306333596503689,1.1129083407384408,False,False,False,False,-0.2730350380239071,-0.2833719143605695,False,False,False,False,-2669783,-2467205.091427573,False,False,False,False,147223.95683548402,False,False,False,False
2025-05-06 00:00:00+00:00,20.53,20.99,20.5,20.65,58328,,,28.242914846858525,29.668348661098833,30.233497086323908,31.600976283216337,32.74163321849834,33.98252212028074,36.21654649848361,36.20825456597573,,20.497661823959525,28.411825602637904,30.150820615512853,30.427405489364975,31.82915916765194,32.78706478321673,32.789805768339654,32.800200102279696,33.0404711327551,28.334490085397046,,26.387477024926643,30.233497086323908,36.79623668856,"rgba(239, 83, 80, 0.5)",0.0,0.0,6.354251254790715,31.031142906446455,-1.6526168836224782,0.0,0.0,0.0,0.0,39.07151838733882,-15.186056940920388,True,False,False,True,True,0.0,0,0.8281341546976322,1.101620660776765,False,False,False,False,-0.2892101198713523,-0.28629101711596094,False,False,False,False,-2728111,-2477436.695685315,False,False,False,False,143737.84088115132,False,False,False,False
2025-05-07 00:00:00+00:00,20.27,20.84,20.1,20.68,81316,,,28.187198063438153,29.615799179243187,30.181597533436285,31.55012425126781,32.69336128277332,33.941590477448514,36.18391039252487,36.176845041311495,,20.495784459503337,28.358357315204888,30.099038069809062,30.375532168072162,31.77894375412019,32.73993731329789,32.74273288711342,32.7532907356854,32.99507370361282,28.280236600855513,,26.334584741385516,30.181597533436285,36.76818788515792,"rgba(239, 83, 80, 0.5)",0.0,0.0,6.41336385432234,30.985817734012567,-1.6708575994469037,0.0,0.0,0.0,0.0,38.229395988621064,-15.186056940920388,True,False,False,True,True,0.0,1,0.8235564219620793,1.10559163740887,False,False,False,False,-0.30420589316978003,-0.29524845514287046,False,False,False,False,-2809427,-2490455.923305499,False,False,False,False,141289.92555247873,False,False,False,False
2025-05-08 00:00:00+00:00,21.33,21.79,20.735,20.77,80156,,,28.13917955533233,29.569481408040957,30.13553662522181,31.504376880288607,32.64953334568444,33.904095456154174,36.153661455924286,36.147729315154834,,20.510969769363516,28.312110447609385,30.053122775572206,30.329396216732356,31.733677890125456,32.69712691959143,32.69997089013107,32.710673089617714,32.95375306575166,28.233383867095522,,26.290969474873027,30.13553662522181,36.74211752695193,"rgba(239, 83, 80, 0.5)",0.0,0.0,6.444725847019687,30.94677232825607,-1.4921926171154778,0.0,0.0,0.0,0.0,41.84246048698083,-12.449565614179399,True,False,False,True,True,0.0,0,0.8301560561841744,1.0827643956318744,False,False,False,False,-0.2569843245444136,-0.27611638984364206,False,False,False,False,-2729271,-2499821.2204307737,False,False,False,False,138892.5167072835,False,False,False,False
2025-05-09 00:00:00+00:00,21.1,21.47,20.935,21.33,49207,,,28.109534876367597,29.540904798399666,30.107126164513442,31.47617613610918,32.62251972104023,33.88097568361017,36.13500746513249,36.129771920661646,,20.518643821359035,28.283551919314377,30.024800131137688,30.300942702951684,31.70577442788049,32.67073712765547,32.67361077924669,32.68440153071619,32.92827869038279,28.204453322000784,,26.263950398385685,30.107126164513442,36.72603616089569,"rgba(239, 83, 80, 0.5)",0.0,0.0,6.468739849711351,30.922521037600955,-1.5184597411255076,0.0,0.0,0.0,0.0,43.51536094210522,-10.85940844002127,True,False,False,True,True,0.0,0,0.8430287117642361,1.0802135745281263,False,False,False,False,-0.25822319857250886,-0.26716979420807546,False,False,False,False,-2778478,-2510748.937276626,False,False,False,False,135375.43762072336,False,False,False,False
2025-05-12 00:00:00+00:00,22.56,22.65,21.62,22.0,92576,,22.276666666666667,28.06323774682693,29.494713171096397,30.060728187627625,31.429195502666264,32.57692493142254,33.84147826578544,36.102627799728765,36.09859815391258,,20.55642539098237,28.238710985229066,29.978609015961993,30.254326480401847,31.65915531551955,32.62616708877919,32.62908928155951,32.64002391317286,32.885138422480495,28.15913514034066,,26.224772842498556,30.060728187627625,36.698020147841525,#000000,0.0,0.0,6.466691867694958,30.884609767557855,-1.2873057720817538,0.0,0.0,0.0,0.0,48.86467010094587,-5.891814284473725,True,False,False,False,True,0.0,0,0.8608237331776073,1.0447087436625702,False,False,False,False,-0.2047291314294698,-0.23594946281877263,False,False,False,False,-2685902,-2517617.684834406,False,False,False,False,133697.0283022636,False,False,False,False
2025-05-13 00:00:00+00:00,23.19,23.62,22.5223,22.83,111765,,22.732880478383358,28.016231081694492,29.446078209546712,30.011364688565646,31.378223284588284,32.52682633911514,33.797564123187506,36.06608375808244,36.06340907218785,,20.62102315736835,28.19290949677567,29.929532408277602,30.204573626804976,31.608432835776515,32.57716107679629,32.58013479872233,32.591221159082544,32.8375780329842,28.11296636577054,,26.188266722420014,30.011364688565646,36.66628934120586,"rgba(38, 166, 154, 1.0)",0.0,0.0,6.443308232032157,30.8457340173019,-1.1881682113610998,0.0,0.0,0.0,0.0,53.80436308250041,-1.4967176818517345,True,False,True,False,True,0.0,0,0.8738978040962242,1.0288060501359748,False,False,False,False,-0.15216411868908947,-0.19405679075393106,False,False,False,False,-2574137,-2519834.12856639,False,False,False,False,132836.94876099838,False,False,False,False
2025-05-14 00:00:00+00:00,23.04,23.41,22.7726,23.06,119730,,22.858983049496356,27.96648641470893,29.394496709853367,29.958979234183822,31.32406855198069,32.473536291280496,33.750757824299164,36.027052926738115,36.025817330049044,,20.685730772057443,28.14439648458297,29.877452766898283,30.151767478847415,31.554528209510867,32.52501893146662,32.52804678868376,32.539292476862954,32.78694943569789,28.0640803555691,,26.149643270213193,29.958979234183822,36.63236997963556,"rgba(38, 166, 154, 1.0)",0.0,0.0,6.418725000389954,30.803912880258004,-1.209572443092098,0.0,0.0,0.0,0.0,56.54569098917095,0.7852265462362169,True,False,True,False,True,0.0,0,0.8847002021484538,1.0182251031625376,False,False,False,False,-0.15104281591467011,-0.1725498033343006,False,False,False,False,-2693867,-2526658.9470539824,False,False,False,False,132322.95077037098,False,False,False,False
2025-05-15 00:00:00+00:00,23.61,23.68,22.81,22.97,109256,,22.986986800191694,27.92462119664859,29.350295570529635,29.913863665815644,31.27699416903998,32.42692656108703,33.70956157532103,35.99244018641436,35.992473828000584,,20.748743140567004,28.103430648963112,29.83262832347829,30.106221949392783,31.507606007530917,32.47939207554582,32.48246619113472,32.493847567756966,32.742583275847956,28.02285793420464,,26.118498340555597,29.913863665815644,36.6022297757413,"rgba(38, 166, 154, 1.0)",0.0,0.0,6.366653220116958,30.76811599164939,-1.1243137868781066,0.0,0.0,0.0,0.0,59.61373183267906,3.4385937771844794,True,False,True,False,True,0.0,0,0.8795230249471598,1.0161582372226938,False,False,False,False,-0.14250193393891497,-0.15752586863660778,False,False,False,False,-2584611,-2528931.5765812774,False,False,False,False,131418.36446565055,False,False,False,False
2025-05-16 00:00:00+00:00,23.62,23.81,23.1037,23.62,91945,,23.078752299760886,27.89107419607911,29.31448373379626,29.877200005248145,31.238524060082057,32.388689997745374,33.67562613855803,35.96378980757301,35.96486896357276,,20.802324845622138,28.07053177201362,29.79621433353721,30.06917607147317,31.469226950344417,32.44194893403388,32.44506034605718,32.45655089026096,32.706139946668515,27.98978330875854,,26.09417211479795,29.877200005248145,36.57724693425027,"rgba(38, 166, 154, 1.0)",0.0,0.0,6.299473022432969,30.73899184486505,-1.1300932347060941,0.0,0.0,0.0,0.0,61.680644689903616,5.216827722459726,True,False,True,False,True,0.0,0,0.8853800471712967,1.0104569118546474,False,False,False,False,-0.13076323835681283,-0.1441445534967103,False,False,False,False,-2492666,-2527509.397107502,False,False,False,False,129870.38938856621,False,False,False,False
2025-05-19 00:00:00+00:00,23.67,23.82,23.09,23.37,79205,,23.137442799863905,27.862682136100226,29.284065479474773,29.84602726255616,31.205754281353993,32.35607032587796,33.64661750040134,35.93924496390834,35.94121612263555,,20.847096728861626,28.04266167586218,29.765256805454097,30.037669712227842,31.43652343966388,32.409999042704435,32.41314192799015,32.424724520613545,32.67502846874392,27.96177475602531,,26.07370065660707,29.84602726255616,36.555827398652625,"rgba(38, 166, 154, 1.0)",0.0,0.0,6.216184971797736,30.71405326398234,-1.1331794816178355,0.0,0.0,0.0,0.0,63.175684637744396,6.566360012666863,True,False,True,False,True,0.0,0,0.880847090622519,1.0228166562089631,False,False,False,False,-0.13086558806428822,-0.13750507078049926,False,False,False,False,-2413461,-2523036.9109464237,False,False,False,False,127883.51137332832,False,False,False,False
2025-05-20 00:00:00+00:00,23.61,24.045,23.5,23.78,75794,,23.202164090487468,27.837042317771868,29.25621418869759,29.817378301373402,31.17543166871292,32.325752233808046,33.61953579603385,35.916208979995076,35.919014128213185,,20.891551490646606,28.017428476279296,29.736818775300094,30.008682207862662,31.406231734523534,32.38029382667633,32.383465464988156,32.39513192768128,32.64607326401029,27.93644374036714,,26.05586548766055,29.817378301373402,36.535696593261186,"rgba(38, 166, 154, 1.0)",0.0,0.0,6.109688445485688,30.16114206983615,-1.0722546866815512,0.0,0.0,0.0,0.0,63.877214051864186,7.291974008505463,True,False,True,False,True,0.0,0,0.8814133827956663,1.0290759674721142,False,False,False,False,-0.0970617962724974,-0.11728343352649834,False,False,False,False,-2489255,-2521712.1301249955,False,False,False,False,125840.78543711937,False,False,False,False
2025-05-21 00:00:00+00:00,22.93,23.5899,22.91,23.29,67521,,23.196849026600983,27.811314975605026,29.229084573184473,29.789696008024,31.146557784415698,32.29712965526153,33.594140279969906,35.89479643173431,35.89837433346024,,20.922186922917845,27.99222253357234,29.709310040355128,29.98074152493376,31.377442463760605,32.35225601351455,32.35545518848735,32.36720240067881,32.61878447204988,27.911089215463004,,26.036350037864693,29.789696008024,36.517014008356675,"rgba(38, 166, 154, 1.0)",0.0,0.0,6.026188561319418,30.125945843253852,-1.1941122933727648,0.0,0.0,0.0,0.0,61.23353723485919,7.291974008505463,True,False,True,False,True,0.0,0,0.8811171698453925,1.0184107889349623,False,False,False,False,-0.12086284514297901,-0.11907313933473868,False,False,False,False,-2556776,-2523087.183845584,False,False,False,False,123553.73502782057,False,False,False,False
2025-05-22 00:00:00+00:00,23.23,23.46,22.78,22.78,61528,,23.19379419014317,27.78818193544306,29.204625606455703,29.764720274090877,31.1204704996333,32.27124035151431,33.571135248876274,35.87536721859397,35.87964411344385,,20.949549901537537,27.969542454810156,29.68449266360138,29.955527488248524,31.351424902991614,32.32689144971619,32.330115328250685,32.341934938514754,32.59408877685284,27.88828168005338,,26.018874203490974,29.764720274090877,36.500051947317445,"rgba(38, 166, 154, 0.75)",0.0,0.0,5.912982714043481,30.10197722773548,-1.162184562355368,0.0,0.0,0.0,0.0,60.4239289231707,7.291974008505463,True,False,True,False,False,0.0,0,0.8873774315888335,1.017368430903148,False,False,False,False,-0.12208997625722018,-0.12058155779597943,False,False,False,False,-2495248,-2521995.451145757,False,False,False,False,121121.3532620237,False,False,False,False
2025-05-23 00:00:00+00:00,22.87,23.085,22.65,22.75,78521,,23.16501030661271,27.757174575037965,29.172221653859093,29.731739634515083,31.086228302114222,32.23737462840811,33.54111473845114,35.850097739434325,35.8552808561748,,20.979074997628818,27.939190090976812,29.651705938580758,29.922265904402778,31.31730008072935,32.293712724657446,32.296968997594945,32.30888375072558,32.5618019668246,27.8577365340287,,25.994661639150376,29.731739634515083,36.47800129579233,"rgba(38, 166, 154, 0.75)",0.0,0.0,5.792861425538844,30.06881315873381,-1.2427041888135941,0.0,0.0,0.0,0.0,58.3377483623393,7.291974008505463,True,False,True,False,False,0.0,0,0.8957245740743592,1.0034358087240112,False,False,False,False,-0.1381219833108062,-0.1293517705533928,False,False,False,False,-2573769,-2524025.786394943,False,False,False,False,119450.75117331688,False,False,False,False
2025-05-27 00:00:00+00:00,23.73,23.86,23.175,23.23,52473,23.588333333333335,23.188633297636038,27.739690076263035,29.153203520125185,29.712168723894365,31.065494354552214,32.21660770166546,33.52249378873337,35.834199186792354,35.839950304465034,,21.005632639596477,27.92195868053276,29.632277904795096,29.90246285122354,31.2965785498303,32.27335376068505,32.2766291734389,32.288599705209236,32.54193873932468,27.840446420848373,,25.98236643079324,29.712168723894365,36.464082764752845,"rgba(38, 166, 154, 0.75)",0.0,0.0,5.654191547343837,30.056522413278067,-1.1189083992476465,0.0,0.0,0.0,0.0,59.57047253153654,7.291974008505463,True,False,True,False,False,0.0,0,0.8909459300431667,0.9966026131907979,False,False,False,False,-0.09697424125815922,-0.11316300590577602,False,False,False,False,-2521296,-2523918.7359480825,False,False,False,False,116824.1726959319,False,False,False,False
2025-05-28 00:00:00+00:00,23.52,23.74,23.41,23.65,69489,23.570290951279908,23.213959297638585,27.7165852435758,29.128074457546088,29.686309402452395,31.038097074364433,32.18915907421938,33.49786312101753,35.81315409553806,35.81965489789398,,21.039560319676806,27.89918319263762,29.606606724791458,29.876297258440776,31.26919577956919,32.24644109964648,32.24974165843211,32.261785461724344,32.51567662700204,27.81759490301011,,25.96606335716547,29.686309402452395,36.44565169431785,"rgba(38, 166, 154, 0.75)",0.0,0.0,5.5080629743794844,30.03876186182431,-1.1834944320981888,0.0,0.0,0.0,0.0,59.48056529262258,7.291974008505463,True,False,True,False,False,0.0,0,0.8955220529436453,1.0028463211126906,False,False,False,False,-0.07579600049444746,-0.09447950320011174,False,False,False,False,-2590785,-2526540.9423814914,False,False,False,False,114967.8914137385,False,False,False,False
2025-05-29 00:00:00+00:00,23.69,23.82,23.5,23.72,51734,23.599988514415994,23.236184438821574,27.700013088584853,29.109889721047146,29.667551355606385,31.01813652332724,32.16910332900148,33.47981285713376,35.79767743153663,35.80472787105454,,21.06535007785263,27.882819277666158,29.587990564041814,29.8573037195327,31.249232742795535,32.22677242195306,32.23009112099357,32.24218768434371,32.4964702486025,27.801188140611515,,25.954631714464306,29.667551355606385,36.432084412137655,"rgba(38, 166, 154, 0.75)",0.0,0.0,5.319900679828872,30.026127328719827,-1.1910236130430245,0.0,0.0,0.0,0.0,59.933138907141306,7.291974008505463,True,False,True,False,False,0.0,0,0.9087774475827566,0.9892442425526624,False,False,False,False,-0.05425349413853195,-0.07436649866932185,False,False,False,False,-2539051,-2527031.5328763346,False,False,False,False,112488.13096614092,False,False,False,False
2025-05-30 00:00:00+00:00,23.38,23.63,23.315,23.59,61463,23.55860827496857,23.24743070255269,27.67939440001177,29.087541831135113,29.644574506214305,30.993829809607412,32.144761484333344,33.4579569390776,35.77899623413047,35.78670849981162,,21.092711044087665,27.862497005648947,29.565177164687693,29.83406165963269,31.224940981441076,32.20290139704444,32.20624219614366,32.21840317745042,32.47317258936155,27.780795811652553,,25.939854669723342,29.644574506214305,36.41571537950309,"rgba(38, 166, 154, 0.75)",0.0,0.0,5.144679865542596,30.008441667759797,-1.2884070225933706,0.0,0.0,0.0,0.0,58.806364837949204,7.291974008505463,True,False,True,False,False,0.0,0,0.9214671300746875,0.98802040967241,False,False,False,False,-0.06763120049331182,-0.07099884958131683,False,False,False,False,-2600514,-2529913.198253733,False,False,False,False,110487.14543805696,False,False,False,False
2025-06-02 00:00:00+00:00,22.59,23.492,22.55,23.27,94198,23.363759715647966,23.21878915698186,27.644021980809498,29.050241956931995,29.606513567689774,30.954117444875873,32.10531562142237,33.42276785647661,35.749170242758765,35.75793599147028,,21.123657041775637,27.827779474743505,29.52734814383561,29.795649989291828,31.18532528162479,32.16422709566874,32.167604245134285,32.17987174390022,32.43548182405724,27.74589331773804,,25.91250123994186,29.606513567689774,36.389620416308404,"rgba(38, 166, 154, 0.75)",0.0,0.0,5.016136135486176,29.97369560670265,-1.471988679586943,0.0,0.0,0.0,0.0,54.94667819039905,10.373853577836222,True,False,True,False,False,0.0,0,0.9039648321920702,0.9724585988635934,False,False,False,False,-0.09995351724406702,-0.08547618341269192,False,False,False,False,-2694712,-2536375.89636143,False,False,False,False,109848.35542087827,False,False,False,False
2025-06-03 00:00:00+00:00,22.67,22.785,22.25,22.57,87421,23.196915568959973,23.175202869675623,27.60955943559071,29.014311387782936,29.569967442416452,30.91621149934492,32.06779110210153,33.3893683867663,35.720951640218395,35.73071017510064,,21.146537748015387,27.794005230823018,29.491007971243697,29.758804056154105,31.14753966578983,32.12743636511632,32.13084814331016,32.14321734032222,32.39964433986002,27.711915663903778,,25.885009023036343,29.569967442416452,36.364940918223475,#000000,0.0,0.0,4.891925043439556,29.93900319981492,-1.4859187610740694,0.0,0.0,0.0,0.0,52.69084426142609,8.138546973852556,True,False,False,False,False,0.0,0,0.8981998981855073,0.981396369575815,False,False,False,False,-0.13624883943397642,-0.11086251142333417,False,False,False,False,-2607291,-2539156.8808178445,False,False,False,False,108968.85128672619,False,False,False,False
2025-06-04 00:00:00+00:00,22.74,23.075,22.61,22.69,46207,23.15813414113488,23.162653554911348,27.592390603713277,28.99618159458386,29.551460515574497,30.896886188543935,32.048574373141285,33.372187452895155,35.70635652014681,35.71662669358493,,21.160333584037392,27.777140099246562,29.472613619715318,29.740125212193192,31.128256331626414,32.10858946657471,32.11201866820926,32.12443889408773,32.38126698919569,27.694965655637585,,25.87169797090127,29.551460515574497,36.35215826023216,#000000,0.0,0.0,4.784658414573042,29.922603611771827,-1.5011737493935116,0.0,0.0,0.0,0.0,51.481721286969524,6.893114258720303,True,False,False,False,False,0.0,0,0.8989719461421174,0.9917457652068191,False,False,False,False,-0.10143937694760956,-0.10615094418547186,False,False,False,False,-2561084,-2540016.7678445955,False,False,False,False,106507.6022166585,False,False,False,False
2025-06-05 00:00:00+00:00,22.31,22.74,22.26,22.72,51288,23.0861828160011,23.136097643249176,27.572007708528005,28.974980593191333,29.52991109690574,30.87456273227611,32.02648353394797,33.35251384320441,35.68972937826468,35.700581412143364,,21.171987151588045,27.757163286355503,29.451182746296922,29.718404263406022,31.106005237901197,32.08692675642384,32.090376172063635,32.10285578488594,32.36016236585252,27.67486794374837,,25.85528116040183,29.52991109690574,36.3376096202693,#000000,0.0,0.0,4.672825319704231,29.902292493790505,-1.6247755852921686,0.0,0.0,0.0,0.0,48.984807971797764,4.42874548401722,True,False,False,False,False,0.0,0,0.905694888045969,0.9925246849992511,False,False,False,False,-0.12737755424728117,-0.11676424921637651,False,False,False,False,-2612372,-2542854.2279291213,False,False,False,False,104342.1276199268,False,False,False,False
2025-06-06 00:00:00+00:00,22.71,22.905,22.47,22.66,56196,23.04764801476212,23.119099938261876,27.550972728925437,28.952819187692636,29.50730337210192,30.85098262721323,32.003043907537936,33.33154691150588,35.671913063969214,35.68338667975659,,21.18707283112029,27.73650016773198,29.42870973107192,29.695591672622392,31.082477879085722,32.0639345942264,32.06740509989148,32.079946500159416,32.33774005487019,27.65409998349786,,25.838818304981725,29.50730337210192,36.32199923166297,#000000,0.0,0.0,4.557280511188459,29.882182353245376,-1.5737855801584169,0.0,0.0,0.0,0.0,49.106321565029305,4.42874548401722,True,False,False,False,False,0.0,0,0.9031432631889204,0.987718313455224,False,False,False,False,-0.11044691834320246,-0.11360558377978949,False,False,False,False,-2556176,-2543376.6503632735,False,False,False,False,102454.04418385125,False,False,False,False
2025-06-09 00:00:00+00:00,23.0,23.32,22.7,22.78,83236,23.042429875861437,23.113029087444257,27.522126012358076,28.921900807289827,29.47561038612486,30.81763030620583,31.96969661061997,33.30154795724136,35.64624524204135,35.65861082120303,,21.213382550148566,27.7080756210646,29.397224670250587,29.66356552512652,31.04915660518671,32.03121136042728,32.03471121086488,32.047338259338616,32.30578652357237,27.62556874850046,,25.817133094517608,29.47561038612486,36.299470400895274,#000000,0.0,0.0,4.446168699915535,29.85580308559006,-1.5419574803178975,0.0,0.0,0.0,0.0,50.38417319022068,4.42874548401722,True,False,False,False,False,0.0,0,0.9076293069819394,0.9769901030041123,False,False,False,False,-0.06821533293414142,-0.09091045835696546,False,False,False,False,-2472940,-2540614.4287804,False,False,False,False,101700.39539232769,False,False,False,False
2025-06-10 00:00:00+00:00,23.09,23.3269,22.75,23.16,58854,23.043520418940748,23.11091838404983,27.502168091845437,28.900411939200385,29.45355518729634,30.79436517184334,31.946394422623314,33.28054186308825,35.62822896276089,35.641218401479335,,21.232026492412775,27.68838987153816,29.375317238721554,29.641270347041136,31.025903910612524,32.008340727994934,32.011860858990964,32.02454703306197,32.28344305108832,27.605817200728882,,25.802263057894088,29.45355518729634,36.2836453178441,#000000,0.0,0.0,4.354668005880808,29.837613069505643,-1.5495126288372056,0.0,0.0,0.0,0.0,51.60671880474124,4.42874548401722,True,False,False,False,True,0.0,0,0.9211107314132567,0.957646837479506,False,False,False,False,-0.06589820127402665,-0.07840432981549605,False,False,False,False,-2414086,-2535652.529612541,False,False,False,False,100020.14459262857,False,False,False,False
2025-06-11 00:00:00+00:00,22.61,23.08,22.415,23.08,77780,23.009877406446265,23.091950455354418,27.47398620086689,28.870547797689348,29.423039200213548,30.76243505611361,31.91456642705719,33.25195602694199,35.60382992187832,35.61766212274995,,21.251422929057547,27.660659455131142,29.344987380235672,29.610464030275246,30.99402488401497,31.97710568014558,31.98065373995888,31.99342160396333,32.25295318119106,27.57796412148601,,25.78035395672417,29.423039200213548,36.26223111610705,#000000,0.0,0.0,4.258448002193743,29.810825973283123,-1.6909507805598687,-1.0,22.75,22.74,864.0,50.228295681667575,4.42874548401722,True,False,False,False,True,0.0,0,0.92012503582966,0.9589566403012014,False,False,False,False,-0.08963264040996122,-0.08401848511272864,False,False,False,False,-2491866,-2533935.410804206,False,False,False,False,99147.9820595843,False,False,False,False
2025-06-12 00:00:00+00:00,22.7,22.74,22.12,22.38,62844,22.97379387485842,23.071305332474843,27.450598954643343,28.84592337525248,29.397922918549995,30.73624259747396,31.888506008697064,33.2285763221118,35.583906741642686,35.59842505907775,,21.26480788726716,27.637665751624425,29.320017707793745,29.585123206486795,30.967884950741883,31.9515300874509,31.955101006031914,31.967935816821928,32.22799373708456,27.554859828267737,,25.761845613977723,29.397922918549995,36.24474718523493,#000000,0.0,0.0,4.157320069727933,29.78828117172741,-1.705012135904967,0.0,0.0,0.0,0.0,49.7382285454912,4.42874548401722,True,False,False,False,True,0.0,0,0.9031576608793429,0.9740963843681851,False,False,False,False,-0.10602086563375304,-0.09501967537324084,False,False,False,False,-2429022,-2529821.1594001194,False,False,False,False,97724.29648862022,False,False,False,False
2025-06-13 00:00:00+00:00,22.64,22.8,22.1,22.25,105918,22.92294306807451,23.03930688411801,27.41162496321927,28.804807152598052,29.35596210153348,30.692436720173838,31.844878125826114,33.18937719103078,35.5504478764868,35.56611379232607,,21.28662253982336,27.599324030389173,29.278303611719164,29.542781025321336,30.924156990560704,31.908706067709353,31.91231487924569,31.92526060354992,32.18618656192688,27.516342672628834,,25.731059293353358,29.35596210153348,36.21536576564494,#000000,0.0,0.0,4.056914129267806,29.750827329015674,-1.7527675229100892,0.0,0.0,0.0,0.0,49.12473081151086,3.7010701990153265,True,False,False,False,True,0.0,0,0.9104340975928868,0.9676013146495414,False,False,False,False,0.11184157531320127,0.008410949969980215,False,False,False,False,-2534940,-2530021.898247174,False,False,False,False,98045.61819494884,False,False,False,False
2025-06-16 00:00:00+00:00,23.27,23.6,22.69,22.88,86058,22.944657970254603,23.0458674056734,27.384699960954386,28.775324886380734,29.325561822234825,30.660088687812927,31.812264764733623,33.1597340209676,35.524786082591504,35.5413264775453,,21.313218402620603,27.572660124539638,29.24812177989569,29.512009471783998,30.89177757463569,31.876669954339135,31.880305831690258,31.89333010785581,32.15482857908677,27.489632204494978,,25.711616995536215,29.325561822234825,36.19275445809618,#000000,0.0,0.0,3.9667311661044855,29.726403685746437,-1.6276383287367886,0.0,0.0,0.0,0.0,51.65604907638442,3.7010701990153265,True,False,False,False,True,0.0,1,0.9992221668793198,0.9377005706383916,False,False,False,False,0.23025255259054322,0.11933175128026172,False,False,False,False,-2448882,-2526839.9414531672,False,False,False,False,97575.51552063711,False,False,False,False
2025-06-17 00:00:00+00:00,22.85,23.35,21.48,23.21,93802,22.9129784949031,23.023381077760273,27.35141729032046,28.73997598623475,29.289417479907392,30.622215846835182,31.774432979492214,33.12560513045369,35.495521623772895,35.51305676769082,,21.331954779150347,27.539861046587635,29.21219671874365,29.475517004838135,30.853946301202253,31.839519160348537,31.843187110501706,31.856305086388875,32.11852574419946,27.456705298962163,,25.68558451459948,29.289417479907392,36.16701447133436,#000000,0.0,0.0,3.866570620118152,29.136688903328313,-1.6259082067758037,0.0,0.0,0.0,0.0,51.25555201397738,3.7010701990153265,True,False,False,False,True,0.0,1,0.9822457332960679,0.8965622943281912,False,False,False,False,0.10598680557161727,0.1126592784259395,False,False,False,False,-2542684,-2527461.277082455,False,False,False,False,97427.53451982781,False,False,False,False
2025-06-18 00:00:00+00:00,22.26,23.06,22.04,22.84,66853,22.887494748664942,23.005178746498352,27.327453643840766,28.714596499716265,29.26348749846974,30.59508491189739,31.74734847082662,33.10117096978959,35.474573925596374,35.492818584223585,,21.34383787373333,27.516250664534088,29.186420667055767,29.44934408716634,30.826848757838658,31.812919698645945,31.816610504118866,31.829795283988005,32.092532942315195,27.432999997949505,,25.666667750266654,29.26348749846974,36.14858539626879,#000000,0.0,0.0,3.787265922954405,29.11252347360543,-1.8093589446868972,0.0,0.0,0.0,0.0,48.536790905502265,2.935002684582251,True,False,False,False,False,0.0,1,1.0062820715061196,0.9074577560848869,False,False,False,False,0.12861304930685033,0.12063616386639492,False,False,False,False,-2609537,-2530679.932883143,False,False,False,False,96228.53316610907,False,False,False,False
2025-06-20 00:00:00+00:00,22.27,22.51,22.04,22.51,97934,22.841360615343863,22.972475283991056,27.291488372071967,28.67672723552368,29.2248607954028,30.55479265676513,31.707191978726957,33.06497662476381,35.44358599739932,35.46287664673225,,21.358046339689608,27.480840813928868,29.148013892083508,29.410375843670526,30.786620721825155,31.773480631767004,31.77720527444942,31.790489077812566,32.05400075381176,27.397435794894886,,25.63782255493716,29.2248607954028,36.121323952982195,"rgba(239, 83, 80, 0.5)",0.0,0.0,3.701645847725373,29.07468063219302,-1.8382851607412503,0.0,0.0,0.0,0.0,46.775694710359346,1.2072976462820861,False,False,False,True,False,0.0,1,0.9981159365127696,0.908908385034065,False,False,False,False,0.08263591641847112,0.10163604014243302,False,False,False,False,-2511603,-2529931.8178681177,False,False,False,False,96295.41421841853,False,False,False,False
2025-06-23 00:00:00+00:00,22.57,22.7499,22.255,22.32,45307,22.830734761963,22.96341126272001,27.27584811894852,28.66004065144045,29.207776706739576,30.53684643357073,31.689221870966396,33.048702384122016,35.429572248117836,35.44933390931723,,21.36624065156591,27.465404332248397,29.131034948353694,29.393121452609606,30.768684164032113,31.755825498121983,31.759564967105923,31.772892017539544,32.03673281245497,27.38194799662963,,25.625628922541125,29.207776706739576,36.10897677317845,"rgba(239, 83, 80, 0.5)",0.0,0.0,3.6063398729570393,29.061199991853506,-1.7999412757874673,0.0,0.0,0.0,0.0,47.154682966369776,1.2072976462820861,False,False,False,True,False,0.0,1,1.0147327704801352,0.9172796937756684,False,False,False,False,0.12062981004218118,0.1111329250923071,False,False,False,False,-2466296,-2527436.29559878,False,False,False,False,94295.86856279428,False,False,False,False
2025-06-24 00:00:00+00:00,22.98,23.15,22.46,22.86,47384,22.831840897430297,22.961335294534827,27.260757502715006,28.64364285371838,29.190902351764596,30.518952177548087,31.671194201148325,33.032281287740204,35.41533200054164,35.435570649248575,,21.377155269659866,27.45046141701293,29.11427530787646,29.37605282241881,30.750775026536715,31.738107169170704,31.741861158878713,31.75523037667478,32.019380150655316,27.366976302210062,,25.614358632817044,29.190902351764596,36.09640859295353,#000000,0.0,0.0,3.5077086281246816,29.05061023114012,-1.730648373261731,0.0,0.0,0.0,0.0,49.314945620528135,1.2072976462820861,True,False,False,False,True,0.0,1,1.0202971875267288,0.887791362226133,False,False,False,False,0.17173113221523856,0.14143202865377283,False,False,False,False,-2418912,-2523180.440869416,False,False,False,False,92456.18744268469,False,False,False,False
2025-06-25 00:00:00+00:00,22.59,23.01,22.33,23.01,63093,22.823692047153926,22.952787996027904,27.23982617162443,28.621126684289333,29.167796186426663,30.494573668678836,31.64670718322333,33.01002692813712,35.396089312663435,35.41697130508124,,21.389328574562555,27.42976745902407,29.091317532195134,29.352700472188047,30.72639249814131,31.71404194323506,31.7178157627102,31.731242693610497,31.995823555540305,27.346228105016856,,25.59830520644648,29.167796186426663,36.079433114700734,#000000,0.0,0.0,3.37914757095733,29.03276388141142,-1.9066240068308562,0.0,0.0,0.0,0.0,48.9117111442597,1.2072976462820861,False,False,False,False,True,0.0,1,1.0215529618884804,0.8938078509568805,False,False,False,False,0.14883510282252718,0.14513356573815,False,False,False,False,-2482005,-2521565.7176980665,False,False,False,False,91304.68989591274,False,False,False,False
2025-06-26 00:00:00+00:00,23.3,23.34,22.29,22.43,103705,22.833840369459868,22.953798301509245,27.208296225017786,28.58652547297667,29.13209157206439,30.45651672927853,31.608225082359997,32.97482373941355,35.365409505410085,35.38731179327195,,21.41402262286665,27.398479535154884,29.05586663347734,29.31655613384901,30.688272030550486,31.676205284517454,31.68000935522862,31.693523886590743,31.958730942702232,27.31490711798794,,25.575226438570773,29.13209157206439,36.05231358527922,#000000,0.0,0.0,3.2510885217995984,29.009246296819054,-1.7561029970536677,1.0,23.325,23.01,874.0,51.603351096977775,-2.740710207151878,True,False,False,False,True,0.0,1,1.0124567269284255,0.8694908370027463,False,False,False,False,0.17343396002620573,0.15928376288217788,False,False,False,False,-2378300,-2515947.4542589267,False,False,False,False,91790.97656666127,False,False,False,False
2025-06-27 00:00:00+00:00,23.38,24.06,23.325,23.4,137502,22.89483990643675,22.987503976414356,27.173142847657353,28.546228211328142,29.090022798611898,30.410725436479826,31.56130409554791,32.93135946038891,35.32696114078561,35.35013122574267,,21.45796532964494,27.36331231194796,29.01415755219641,29.2738227930873,30.64226623718911,31.630032197245278,31.633871088076134,31.64748535143759,31.913335198130877,27.27982315980419,,25.552302784101137,29.090022798611898,36.018202540027815,"rgba(38, 166, 154, 1.0)",0.0,0.0,3.131192318164736,28.989135811937967,-1.791373777777282,0.0,0.0,0.0,0.0,53.69559372137824,-0.7364853105418518,True,False,True,False,True,0.0,1,1.017326432576172,0.8630831943572572,False,False,False,False,0.3280585132051647,0.2436711380436713,False,False,False,False,-2240798,-2505157.279582106,False,False,False,False,93583.56572090984,False,False,False,False
2025-06-30 00:00:00+00:00,22.82,23.7514,22.78,23.39,156568,22.913578885648235,22.994897315190293,27.12878402237319,28.49684091556198,29.038854904889032,30.35577237011177,31.505422855920674,32.87988456752366,35.28174094051722,35.306394830134764,,21.495287656855666,27.31915036270884,28.96337553138084,29.22196492944484,30.587150765366214,31.575051264597448,31.57893224839189,31.59266783541431,31.859348775625715,27.23567261555011,,25.520726264645305,29.038854904889032,35.97812447890015,#000000,0.0,0.0,3.029918156656473,28.951938524020285,-2.0237967519185087,0.0,0.0,0.0,0.0,52.43013237486002,-0.7364853105418518,True,False,False,False,True,0.0,1,1.003693194733788,0.8679355282124243,False,False,False,False,0.2513858081134419,0.2475284730785566,False,False,False,False,-2397366,-2500930.1705788863,False,False,False,False,96053.54353577613,False,False,False,False
2025-07-01 00:00:00+00:00,24.11,24.7,22.28,22.81,129139,22.964487479666364,23.026427149295348,27.098101039140232,28.461092826517476,29.001372385557683,30.31464506813195,31.463031119482547,32.840328422678844,35.246459075363056,35.2722592148722,,21.535387587082063,27.288339692425417,28.92623082086885,29.18384336338082,30.545774832822506,31.533304882716088,31.537215821301842,31.551036707994772,31.818235346791088,27.204981338134356,,25.501423998435982,29.001372385557683,35.946735733976716,"rgba(38, 166, 154, 1.0)",0.0,0.0,2.933133871187408,28.4559468789114,-1.4816735511468662,0.0,0.0,0.0,0.0,55.91063396654402,1.2391843953519555,True,False,True,False,True,0.0,1,0.9948340842973047,0.8461764803713113,False,False,False,False,0.29126632584194967,0.26939739946025315,False,False,False,False,-2268227,-2491804.556046381,False,False,False,False,97351.01241672608,False,False,False,False
2025-07-02 00:00:00+00:00,24.17,24.7,23.66,24.27,533601,23.221157306206322,23.206529593010885,26.99402823528598,28.33318853576591,28.86543844799114,30.16190431555797,31.303172807543277,32.688826530791616,35.10889012324936,35.13907556971219,,21.720274319559163,27.182695162297875,28.79173914426468,29.045053017338567,30.391572193427812,31.375683878071744,31.37969769304603,31.393806742708176,31.66244273371105,27.100219331256003,24.176666666666666,25.44592581170732,28.86543844799114,35.82373719545453,"rgba(38, 166, 154, 1.0)",0.0,0.0,2.805405612144022,27.98331605233157,-1.3592744078875834,0.0,0.0,0.0,0.0,58.392776343667535,3.508198707312424,True,False,True,False,True,0.0,1,1.0459455544798248,0.8385921312425196,False,False,False,False,0.34282823758226677,0.30611281852125993,False,False,False,False,-1734626,-2462111.2793386797,False,True,False,False,114458.85506705055,False,True,False,False
2025-07-03 00:00:00+00:00,22.1,22.44,21.14,22.26,467756,23.013279601332485,23.048038402994017,26.839567352450757,28.168958650302354,28.69739256155013,29.9853855113026,31.12561646944835,32.525838799500086,34.96647255340284,35.00115355097888,21.893333333333334,21.73027950598604,27.029825118221904,28.62465143834575,28.875403250592097,30.214958622637056,31.200871472518333,31.205014487025142,31.219499168896178,31.490917118670207,26.94696624363302,23.110071170088858,25.32008323470374,28.69739256155013,35.69728478993505,"rgba(38, 166, 154, 0.75)",0.0,0.0,2.687923462552658,27.73233590256792,-2.0954227235395395,-1.0,23.66,22.63,0.0,53.04394158463866,8.386578339599545,True,False,True,False,False,0.0,1,1.004759376403968,0.8610891548202803,False,False,False,False,-0.07881565024928204,0.11364858413598894,False,False,False,False,-2202382,-2451925.8174038297,False,False,False,False,128313.64506442111,False,False,False,False
2025-07-07 00:00:00+00:00,21.28,22.63,21.0724,21.95,215989,22.92209992530726,22.974808903812576,26.76815108546896,28.093212211062227,28.619940702950725,29.904125804756397,31.04386212818129,32.45061785080961,34.900589842061045,34.93731929460181,21.819878109334134,21.728472921998687,26.959116993557625,28.547627235482995,28.797233936762858,30.133649941025368,31.12034498494458,31.12454584211995,31.13919866889261,31.411860519016148,26.87608658632279,22.852932582738735,25.261192853047447,28.619940702950725,35.638695606213965,#000000,0.0,0.0,2.5941390767555395,27.638321341050094,-2.4510333304883463,0.0,0.0,0.0,0.0,47.69583843847096,3.653840489228685,False,False,False,False,False,0.0,1,0.9897000422070447,0.8917149489678459,False,False,False,False,-0.06829458885398981,0.022676997640999563,False,False,False,False,-2418371,-2450609.9422115227,False,False,False,False,131751.89427758107,False,False,False,False
2025-07-08 00:00:00+00:00,21.43,22.1631,21.3,21.46,130386,22.871611616446394,22.933309914458786,26.725739044242662,28.048126207194255,28.573808745349695,29.855660807174086,30.99503519508741,32.405587414109846,34.86104460575336,34.89899360703219,21.789633941056987,21.72696710470329,26.917092236656927,28.50175190528255,28.750666664148188,30.085140452590682,31.072237368500705,31.0764720963582,31.091223264958987,31.364605166712373,26.833972357089788,22.734720241165654,25.22626478807958,28.573808745349695,35.603488434443484,"rgba(239, 83, 80, 1.0)",0.0,0.0,2.499615624505257,27.58617114284141,-2.4628471203687106,0.0,0.0,0.0,0.0,44.650745933231136,1.1243426467633952,False,True,False,True,False,0.0,1,0.9903400336638786,0.8886575519380471,False,False,False,False,-0.0888802022833719,-0.03310160232118617,False,False,False,False,-2287985,-2444232.493497345,False,False,False,False,131698.3297961073,False,False,False,False
2025-07-09 00:00:00+00:00,20.82,21.625,20.6601,21.46,95696,22.82036973543829,22.89123731918388,26.69146424151736,28.01239752619709,28.53746268551645,29.817898427741802,30.957259606802925,32.37096036844301,34.83086951267903,34.86974763096908,21.71026472058241,21.719207027642543,26.883237493544733,28.465580072129868,28.714043160650462,30.04740271118759,31.03502890297877,31.039290442555416,31.05411993671124,31.32810597220036,26.799998996975138,22.622034857251858,25.196874950354896,28.53746268551645,35.57666333195803,"rgba(239, 83, 80, 1.0)",0.0,0.0,2.418793921779318,27.541589094109174,-2.778901101737772,-1.0,21.3,21.27,0.0,41.33822268991847,-1.7339072747223625,False,True,False,True,False,0.0,1,0.9774643641125648,0.9050361305031889,False,False,False,False,-0.19166990171518197,-0.11238575201818407,False,False,False,False,-2383681,-2441857.9251249004,False,False,False,False,130286.47372567173,False,False,False,False
2025-07-10 00:00:00+00:00,20.85,21.27,20.69,20.76,100886,22.766545836958613,22.846610339999774,26.655154167767133,27.974597724658437,28.49902555716911,29.777994606282014,30.91735258448738,32.33436819468059,34.798974383536766,34.83883056040621,21.633046743503513,21.710062933354184,26.847372839801317,28.42732422724083,28.675318223850265,30.00752706025951,30.995717086595704,31.000006774960504,31.014918523238038,31.2895404693546,26.764007698637872,22.511934155402766,25.165612373603597,28.49902555716911,35.54829957463826,"rgba(239, 83, 80, 1.0)",0.0,0.0,2.331315214772806,27.4953582968024,-2.850476098080976,0.0,0.0,0.0,0.0,39.246708814311376,-3.5281015770757023,False,True,False,True,False,0.0,0,0.9786391992837888,0.9167049561605031,False,False,False,False,-0.22066339122521142,-0.16652457162169776,False,False,False,False,-2282795,-2435620.1633552965,False,False,False,False,129133.51397172382,False,False,False,False
2025-07-11 00:00:00+00:00,19.87,20.91,19.8,20.7,201511,22.627614171809427,22.73088489808617,26.574731079013254,27.892444117250314,28.4159695993989,29.692742379958577,30.832719468757382,32.25725384714549,34.73231022047045,34.774205267135564,21.393719615021645,21.6754697925192,26.768167816576806,28.344595147468006,28.59179158277375,29.92247269644644,30.912368980518135,30.916719691130545,30.931810857019332,31.207890096267853,26.68442139053088,22.244310785216157,25.093783709515968,28.4159695993989,35.48910769834717,"rgba(239, 83, 80, 1.0)",0.0,0.0,2.2425006794420024,27.389413836875157,-3.353137818779256,-1.0,20.69,20.4255,884.0,35.962231507461965,-6.533100227167367,False,True,False,True,False,0.0,0,0.95420013480874,0.9250617873392124,False,False,False,False,-0.3361271976763124,-0.25132588464900507,False,False,False,False,-2484306,-2437529.411851167,False,False,False,False,131971.8467571464,False,False,False,False
2025-07-14 00:00:00+00:00,20.1,20.4255,19.485,19.61,109487,22.552829037418114,22.667747792733948,26.530593403065115,27.847448007184145,28.370509642024544,29.64614207014435,30.786482914677183,32.21511173798307,34.695874480420834,34.73887690912646,21.278557544803668,21.65500415391703,26.72469899147759,28.299308483838615,28.546084803559054,29.87598561496596,30.86682795324631,30.87121171355841,30.88640011012616,31.163272849135154,26.640741670781008,22.112074454916474,25.05414197235344,28.370509642024544,35.45674113268498,"rgba(239, 83, 80, 1.0)",0.0,0.0,2.1270378675732693,27.332964964810333,-3.400487163429017,0.0,0.0,0.0,0.0,34.71579881013167,-7.69004413989866,False,True,False,True,False,0.0,0,0.9599070497372383,0.9312559229015753,False,False,False,False,-0.34282825441539394,-0.2970770695321995,False,False,False,False,-2374819,-2435070.1800138666,False,False,False,False,131090.08806078773,False,False,False,False
2025-07-15 00:00:00+00:00,19.66,20.485,19.65,20.25,118832,22.474184702397036,22.600688162026028,26.48283472323298,27.798746712096456,28.321303476029094,29.59569591512,30.736413358205986,32.169432368525165,34.656339962560665,34.700537944853004,21.167451012870377,21.632409465061258,26.6776502987869,28.250288912985415,28.49661168712846,29.825657814001303,30.817504236233983,30.821923439826286,30.837216092002386,31.114938676505815,26.593469439368228,21.980826573154403,25.011207513186097,28.321303476029094,35.42160217886927,"rgba(239, 83, 80, 1.0)",0.0,0.0,2.0194239478330536,27.27332417703417,-3.770047485672169,0.0,0.0,0.0,0.0,33.049460470898914,-9.36632476850076,False,True,False,True,False,0.0,0,0.9622377427598549,0.935893061484076,False,False,False,False,-0.3232737439751256,-0.3101754067536625,False,False,False,False,-2493651,-2437367.4670721465,False,False,False,False,130609.37872507056,False,False,False,False
2025-07-16 00:00:00+00:00,20.06,20.07,19.62,19.88,146469,22.382976587496472,22.521982693567445,26.424778825460873,27.739424285804777,28.261330201543515,29.534138278147473,30.675246170721827,32.11352613399024,34.60785183207384,34.653506987298115,21.05201323898832,21.60512356286539,26.620421541551895,28.19054579219139,28.436303439479936,29.764228743132534,30.757235099672027,30.76169696740925,30.77711501484657,31.055853542961064,26.53598254172587,21.838256742004944,24.959114456291204,28.261330201543515,35.37846740583251,"rgba(239, 83, 80, 1.0)",0.0,0.0,1.9154946012892142,27.202945664871898,-3.7290346107289336,0.0,0.0,0.0,0.0,33.629180649810294,-9.36632476850076,False,True,False,True,False,0.0,0,0.9506005455898928,0.957293239399151,False,False,False,False,-0.34282825441539394,-0.3265018305845282,False,False,False,False,-2347182,-2433830.782088925,False,False,False,False,131231.32465742074,False,False,False,False
2025-07-17 00:00:00+00:00,19.99,20.485,19.9308,20.06,90665,22.33442917943152,22.47943253275366,26.390543470642715,27.70416248067376,28.22559478116062,29.497281834436002,30.638491036687178,32.079790497857076,34.578441211299044,34.62497387092366,21.00247043189283,21.59079506164291,26.586619016602054,28.154957620538283,28.400342337789958,29.72741969776108,30.721006606495788,30.72549345222537,30.74098469611459,31.020302608082265,26.502050159119193,21.768432145015986,24.928773997763283,28.22559478116062,35.35226263127141,"rgba(239, 83, 80, 1.0)",0.0,0.0,1.8033531530443938,27.163268988036187,-3.977739454929492,0.0,0.0,0.0,0.0,33.85678087012056,-9.36632476850076,False,True,False,True,False,0.0,0,0.9546008212050708,0.9479445418742389,False,False,False,False,-0.2819931598877338,-0.30424749523613104,False,False,False,False,-2437847,-2433988.280830536,False,False,False,False,129640.48839634543,False,False,False,False
2025-07-18 00:00:00+00:00,19.33,20.29,19.17,20.08,137280,22.247730288784048,22.40366040126279,26.3350069819614,27.647633769047452,28.168517811545083,29.438843680673404,30.58049483131282,32.02678291725207,34.53248389367149,34.580385413911934,20.896138027934914,21.561789385611952,26.53188509841704,28.098087493029084,28.342971280473055,29.66911844596986,30.663852155397127,30.66837903604393,30.683988093460645,30.964269906859208,26.44706201697561,21.641486178653736,24.878472768013935,28.168517811545083,35.31135750807566,"rgba(239, 83, 80, 1.0)",0.0,0.0,1.7080851720436898,26.483291454485414,-4.187900914757456,-1.0,19.9308,19.82,889.0,32.585490110164514,-10.607176328806162,False,True,False,True,False,0.0,0,0.9449100119586198,0.9465167363296447,False,False,False,False,-0.34282825441539394,-0.32353787482576246,False,False,False,False,-2575127,-2439523.1325626723,False,False,False,False,129940.07708668483,False,False,False,False
2025-07-21 00:00:00+00:00,19.68,19.82,19.255,19.49,118175,22.177068823822264,22.34129493681607,26.287840015598505,27.59953003877069,28.11991942822913,29.38902901326549,30.53100309945036,31.981469058669887,34.49311687334428,34.542183901819,20.815986369149478,21.53734357391322,26.48537222364999,28.049667425040724,28.294114912226913,29.619408160818125,30.615068721725567,30.61962928001692,30.635337364688183,30.916424521590393,26.400343683093567,21.542965076385105,24.83583188650459,28.11991942822913,35.276288795241896,"rgba(239, 83, 80, 1.0)",0.0,0.0,1.573162740789897,26.430327408440824,-4.290927590270434,0.0,0.0,0.0,0.0,33.315887313273976,-10.607176328806162,False,True,False,True,False,0.0,0,0.9558650347184611,0.9536756860151319,False,False,False,False,-0.34282825441539394,-0.33318306462057823,False,False,False,False,-2456952,-2440206.617560215,False,False,False,False,129478.70151465798,False,False,False,False
2025-07-22 00:00:00+00:00,19.95,20.23,19.69,19.69,175500,22.09288053196171,22.26543148278867,26.222814194042623,27.532405957748924,28.051852703558417,29.31874198091458,30.460788225361487,31.916779348318947,34.436482643029,34.487210035023956,20.744465777701688,21.508837649336662,26.42109388746059,27.981880424602753,28.225610395005052,29.549183059239265,30.545823392499578,30.5504299269804,30.566272569734167,30.848414214819854,26.33584527744433,21.43760140448123,24.7781528591515,28.051852703558417,35.22572316861983,"rgba(239, 83, 80, 1.0)",0.0,0.0,1.4184207942462366,26.369194334773418,-4.525592377672837,1.0,19.895,19.82,895.0,34.98340624191771,-10.607176328806162,False,True,False,True,False,0.0,0,0.960866910722999,0.9760713216522597,False,False,False,False,-0.27679412375997475,-0.30498859419027646,False,False,False,False,-2281452,-2433980.9462833437,False,False,False,False,131283.45831800473,False,False,False,False
2025-07-23 00:00:00+00:00,20.82,20.85,19.895,20.18,158534,22.040847998853057,22.21671899276495,26.17040608612181,27.47722369945531,27.995558495505453,29.259922016247458,30.401526800298235,31.86167120445842,34.38768288840255,34.43982279099412,20.728886312294733,21.493013812782607,26.369088627045475,27.925858273382673,28.168851628298615,29.49030360776419,30.487337620602815,30.491980765557678,30.507929694240566,30.790849684499964,26.283745043460808,21.38575603579305,24.733179448598936,27.995558495505453,35.182011556452785,"rgba(239, 83, 80, 0.75)",0.0,0.0,1.4153253851841001,26.328879806823046,-3.8923062247671565,0.0,0.0,0.0,0.0,39.41365596501588,-16.78462006422562,False,True,False,True,True,0.0,0,0.9613672596220054,0.9543647690695324,False,False,False,False,-0.21452376575922505,-0.25975617997475076,False,False,False,False,-2122918,-2421782.3993702717,False,False,False,False,132352.10701141632,False,False,False,False
2025-07-24 00:00:00+00:00,20.39,20.895,20.1,20.82,112119,22.00470914731505,22.182717121428148,26.1335321986848,27.4383868709963,27.955935793235533,29.2185133736302,30.359788603130657,31.822813590114713,34.35322822298533,34.40635944511231,20.71629412621859,21.48145307831394,26.332487617777677,27.88642637274441,28.12890175320235,29.44884871397553,30.446138847090495,30.450807450333063,30.4668302527801,30.750288985707996,26.247080814528726,21.35018719582572,24.701497642179877,27.955935793235533,35.15112835314847,"rgba(239, 83, 80, 0.75)",0.0,0.0,1.4182820720987102,26.297329552387303,-4.165130243552964,0.0,0.0,0.0,0.0,41.069013624561734,-15.098891139373123,False,True,False,True,True,0.0,0,0.9616246385454853,0.9857414064708968,False,False,False,False,-0.1959934349864886,-0.22787480748061967,False,False,False,False,-2235037,-2414459.050375359,False,False,False,False,131558.65183449804,False,False,False,False
2025-07-25 00:00:00+00:00,20.36,20.44,19.92,20.29,122486,21.961666535133958,22.14245157491603,26.092236217433438,27.39511502194107,27.91185672243754,29.172585235730192,30.31357770700783,31.779842317014168,34.31518454696002,34.36940636633325,20.6929749006204,21.466434386336278,26.291526926757236,27.84254992607854,28.084480473349178,29.40288731919126,30.400525258944267,30.405222087887047,30.42132694210456,30.705393543157793,26.206036064100285,21.305387945892626,24.665637557857938,27.91185672243754,35.11703043663056,"rgba(239, 83, 80, 0.75)",0.0,0.0,1.4139806693635906,26.258298903163784,-4.17141410131053,0.0,0.0,0.0,0.0,42.08156113121606,-13.97830074725664,False,True,False,True,True,0.0,0,0.9350168155493238,1.019872702918871,False,False,False,False,-0.2433517722627843,-0.235613289871702,False,False,False,False,-2357523,-2412226.2640861296,False,False,False,False,131202.8615664785,False,False,False,False
2025-07-28 00:00:00+00:00,20.22,20.8,20.21,20.52,82928,21.93645928634517,22.118477163830363,26.06540683223136,27.366801452872842,27.8829531963805,29.142342581190963,30.2830538650862,31.75135550452578,34.28985334911483,34.34479658563867,20.683895877276232,21.457851834836347,26.26487644320986,27.81378643737287,28.055334019499806,29.372601683311064,30.370386615546405,30.37510161427069,30.39125911684596,30.67570484786191,26.179346865437346,21.281576019016768,24.64260442252666,27.8829531963805,35.094295947344065,"rgba(239, 83, 80, 0.75)",0.0,0.0,1.4056036118031596,26.234234156887634,-4.278755480125977,0.0,0.0,0.0,0.0,42.306428819764776,-13.528812754558466,False,True,False,True,True,0.0,0,0.9359000332836489,1.0061478276389348,False,False,False,False,-0.19488595119305985,-0.21524962053238092,False,False,False,False,-2440451,-2413333.116474909,False,False,False,False,129309.7297403421,False,False,False,False
2025-07-29 00:00:00+00:00,20.14,20.42,20.09,20.35,103366,21.902326363718757,22.086229122572526,26.03118668873667,27.330857726504,27.846312563776827,29.104109351572276,30.244529809625487,31.715445319052314,34.25797007502836,34.31381891892992,20.665929193217675,21.445409229940843,26.230908254302964,27.777316136375074,28.018401880342218,29.334328240327864,30.332349541447407,30.33708753808649,30.353311794641893,30.63824567318637,26.145318824643223,21.24740878376798,24.612945852374324,27.846312563776827,35.06568485299469,"rgba(239, 83, 80, 0.75)",0.0,0.0,1.4154933816567592,26.201630732053218,-4.282344806839297,0.0,0.0,0.0,0.0,42.18722373828124,-13.339875226775078,False,True,False,True,True,0.0,0,0.9312078158829767,1.0221129080343483,False,False,False,False,-0.23207537347237106,-0.223662497002376,False,False,False,False,-2543817,-2418450.1315151085,False,False,False,False,128292.32857405418,False,False,False,False
2025-07-30 00:00:00+00:00,19.7,20.33,19.58,20.2,186890,21.83192389229884,22.020304976335293,25.96669227095354,27.263656608163604,27.777976237876803,29.033142965861124,30.1732378671536,31.64914222672802,34.19927481521267,34.25678461857773,20.61418883313536,21.417362948966566,26.166966392844273,27.709274523262707,27.949574840722303,29.26333402719583,30.26196328316249,30.266744139560966,30.283093185822686,30.568964290335053,26.081230133557366,21.171885914964182,24.556169013450475,27.777976237876803,35.01303199735258,"rgba(239, 83, 80, 0.75)",0.0,0.0,1.4143248222043183,26.135667070046914,-4.550345839236918,-1.0,20.09,19.86,901.0,40.67411919421033,-13.339875226775078,False,True,False,True,True,0.0,0,0.9116622523831028,1.0274596916917893,False,False,False,False,-0.27756097136886426,-0.2506117341856201,False,False,False,False,-2730707,-2430695.498906673,False,False,False,False,130590.27647311088,False,False,False,False
2025-07-31 00:00:00+00:00,19.71,19.86,19.205,19.6,138823,21.775724206035914,21.967802891041053,25.9175051707396,27.21266776862479,27.72620865023166,28.979550867798345,30.11949926602221,31.59921790175208,34.1551437974879,34.21389590373484,20.567088617155388,21.393535343957176,26.11823304310172,27.657718210088582,27.897462180203938,29.20974242870235,30.20890592533923,30.213719064588965,30.230162283387973,30.516752114003037,26.03237004316631,21.110045672715916,24.512413835406512,27.72620865023166,34.97344218143248,"rgba(239, 83, 80, 0.75)",0.0,0.0,1.4226429281100283,26.083723552721334,-4.480199090567851,0.0,0.0,0.0,0.0,39.718519953472146,-13.339875226775078,False,True,False,True,True,0.0,0,0.9026644330590233,1.039248725254032,False,False,False,False,-0.34282825441539394,-0.296719994300507,False,False,False,False,-2591884,-2437016.6165966075,False,False,False,False,130913.12837612614,False,False,False,False
2025-08-01 00:00:00+00:00,18.62,19.77,18.58,19.33,145816,21.704205044731996,21.901687550890895,25.86181424298134,27.155664157021913,27.66856368604995,28.920344431726758,30.06044584448989,31.544616596988558,34.1071727541743,34.16727346499365,20.49430560965533,21.3610316317463,26.06316894925547,27.60027817150038,27.83950484923834,29.15060550826102,30.150614992100873,30.155464387189813,30.172013929197945,30.459451042395337,25.97711392627565,21.02634129755762,24.46175859058846,27.66856368604995,34.93045834087833,"rgba(239, 83, 80, 1.0)",0.0,0.0,1.4582018669187267,26.020843674384402,-5.07532176599311,-1.0,19.205,18.79,899.0,36.124671650447226,-8.828406323481474,False,True,False,True,False,0.0,0,0.8792575026182418,1.0462231103513862,False,False,False,False,-0.34282825441539394,-0.3197741243579505,False,False,False,False,-2737700,-2448808.1218281128,False,False,False,False,131497.5547143173,False,False,False,False
2025-08-04 00:00:00+00:00,18.53,18.79,18.4,18.66,141149,21.628284179833553,21.831659273966135,25.80553467852761,27.098455354414362,27.610839263633327,28.861320789153606,30.00174720637836,31.49047216235561,34.059753328508165,34.121182888950855,20.41215946382375,21.32501089275672,26.00757901741462,27.542741287060675,27.781508509141183,29.09168869896063,30.092678669556822,30.09756438288945,30.114220738154636,30.402528588268773,25.921305261284083,20.93604172580759,24.409934923071102,27.610839263633327,34.8879880325779,"rgba(239, 83, 80, 1.0)",0.0,0.0,1.4996850960744939,25.955833334995635,-4.9515950744814035,0.0,0.0,0.0,0.0,33.52751723020274,-11.352033446436437,False,True,False,True,False,0.0,0,0.8887824283513842,1.059790663545621,False,False,False,False,-0.34282825441539394,-0.3313011893866722,False,False,False,False,-2878849,-2465672.469991716,False,False,False,False,131876.04276473622,False,False,False,False
2025-08-05 00:00:00+00:00,18.92,19.16,18.56,18.56,129083,21.568659921166947,21.77593757603297,25.75697204717396,27.048658764221834,27.560456763336145,28.809520686245367,29.9500155213451,31.442516623665796,34.01749398885175,34.08009688777413,20.35449597300271,21.296456230602413,25.959526151945674,27.492538483243866,27.730847207791815,29.039934250896675,30.04159737171631,30.046514002710076,30.063260929543684,30.352284526246585,25.873098386587237,20.869079464589607,24.36578206992683,27.560456763336145,34.85006732499534,"rgba(239, 83, 80, 1.0)",0.0,0.0,1.5235019758014254,25.90286368416139,-4.583429358854694,0.0,0.0,0.0,0.0,33.95705548856038,-11.352033446436437,False,True,False,True,False,0.0,0,0.8949618098140882,1.046993964857743,False,False,False,False,-0.30807404957948337,-0.3196876194830778,False,False,False,False,-2749766,-2476813.392737139,False,False,False,False,131766.51167592304,False,False,False,False
2025-08-06 00:00:00+00:00,19.43,19.51,18.7,18.92,158140,21.507679149416788,21.71801037587406,25.70123730454763,26.99092534919829,27.501859984099433,28.74889431964761,29.88917980739345,31.385806715521813,33.96717455089224,34.031160443841294,20.30419910289934,21.267072015453696,25.904262905677875,27.434172278677664,27.67187047968548,28.97929722210569,29.981498414620916,29.986449974338115,30.003298727788547,30.29309565238963,25.81770473737111,20.805550303666863,24.3158709116735,27.501859984099433,34.80481927442099,"rgba(239, 83, 80, 0.75)",0.0,0.0,1.537830143270097,25.84559222206907,-4.171847099073455,0.0,0.0,0.0,0.0,36.74516880923922,-11.352033446436437,False,True,False,True,True,0.0,0,0.9055681008561663,1.0327251210587964,False,False,False,False,-0.27657415113414957,-0.29813088530861365,False,False,False,False,-2591626,-2481315.8479239177,False,False,False,False,132800.7661200045,False,False,False,False
2025-08-07 00:00:00+00:00,19.05,19.86,18.89,19.7,118830,21.464912772727157,21.677067844488953,25.660316899506203,26.948393581321493,27.458647404222496,28.70409197803704,29.844144307281596,31.343723688680218,33.92972376973638,33.994731546636395,20.270938578339173,21.246091192820433,25.863655266740448,27.391134278477615,27.628364728725508,28.93446949275424,29.936997356215183,29.941974229616687,29.958896640611137,30.24924415629733,25.777014555848947,20.762425675811325,24.27938362953657,27.458647404222496,34.77110651757002,"rgba(239, 83, 80, 0.75)",0.0,0.0,1.5528212975041782,25.804353459408638,-4.349730049597329,0.0,0.0,0.0,0.0,37.38742635459261,-11.352033446436437,False,True,False,True,True,0.0,0,0.9047975740295514,1.0460306145872347,False,False,False,False,-0.242466952619394,-0.2702989189640038,False,False,False,False,-2710456,-2490301.736240627,False,False,False,False,132252.89293882786,False,False,False,False
2025-08-08 00:00:00+00:00,18.85,19.4,18.82,19.19,79181,21.43425530907167,21.64785887930434,25.632311000365494,26.91942257648638,27.42925624706446,28.673709062727884,29.81366133966822,31.315282299928374,33.90446225979213,33.97015780529273,20.244845807330577,21.230664709743436,25.8358836275302,27.361855925883063,27.59878797806823,28.904082018070657,29.906877685400595,29.91187178979932,29.92884444378654,30.219574217608212,25.74917763474081,20.73054685089608,24.254196029877132,27.42925624706446,34.74837222215425,"rgba(239, 83, 80, 0.75)",0.0,0.0,1.5739040574261698,25.77546389418822,-4.400181740120512,-1.0,18.89,18.83,904.0,37.202649574871465,-11.352033446436437,False,True,False,True,True,0.0,0,0.8980437367150628,1.0539203324086417,False,False,False,False,-0.27593703046848966,-0.27311797471624677,False,False,False,False,-2789637,-2502040.374035112,False,False,False,False,130171.64223534442,False,False,False,False
2025-08-11 00:00:00+00:00,18.4,18.83,18.32,18.75,73517,21.400633397366157,21.616183668355404,25.604541911058725,26.89099904900987,27.40051646772612,28.644197621188834,29.784190486189733,31.28790905569985,33.88028833248698,33.94664302228245,20.21192684285384,21.213288239089326,25.808396942714094,27.3332141040498,27.569896594136566,28.874596353525682,29.877766037236736,29.882777230403452,29.89979995873481,30.190926422133362,25.721605035708798,20.69349829412597,24.228780980729102,27.40051646772612,34.72664463169176,"rgba(239, 83, 80, 0.75)",0.0,0.0,1.610119462861456,25.745408470908494,-4.5620270050362945,0.0,0.0,0.0,0.0,35.78669391389307,-11.352033446436437,False,True,False,True,True,0.0,0,0.8839779665674923,1.06870511763511,False,False,False,False,-0.34282825441539394,-0.3079731145658203,False,False,False,False,-2863154,-2516201.692700402,False,False,False,False,127949.89155944856,False,False,False,False
2025-08-12 00:00:00+00:00,19.16,19.23,18.42,18.51,85137,21.368184026252614,21.585156745613315,25.574542887381092,26.85996113044185,27.369027438877524,28.611643673113527,29.751518095541993,31.25739287704715,33.85315095696271,33.92023959400582,20.184402893054717,21.19653243587977,25.77864127052394,27.301845204051965,27.538209096142992,28.842034837926093,29.845477898051147,29.850507316099474,29.86758316655783,30.15911262392299,25.691781993823746,20.660098645722982,24.20177228040693,27.369027438877524,34.70220544246372,"rgba(239, 83, 80, 0.75)",0.0,0.0,1.6313138241286904,25.71460796649033,-4.017993269928455,1.0,19.065,18.83,909.0,38.49912804220891,-11.352033446436437,False,True,False,True,True,0.0,0,0.8929090672687082,1.054963889315729,False,False,False,False,-0.31013729975893783,-0.3090552071623791,False,False,False,False,-2778017,-2526468.9596533272,False,False,False,False,126270.95463554861,False,False,False,False
2025-08-13 00:00:00+00:00,19.68,19.92,19.065,19.11,175394,21.320289726446745,21.537855812108887,25.51926228348108,26.80170710339996,27.30959183868634,28.549504067181456,29.68863816062512,31.198129605043274,33.79985840623983,33.86836931558114,20.157608518985523,21.172014455308968,25.723612784988983,27.24267677360877,27.478296664208045,28.779767469879378,29.783293472813302,29.78835569778513,29.805526255628454,30.097715579172768,25.63671033569576,20.618447754167033,24.153424127774407,27.30959183868634,34.65406039907983,"rgba(239, 83, 80, 0.75)",0.0,0.0,1.6432158977100562,25.662674790852424,-3.640833075671753,1.0,19.38,19.23,907.0,42.35675278472338,-12.612038270290732,False,True,False,True,True,0.0,0,0.9260899949068425,1.0354625889821976,False,False,False,False,-0.2257194013792104,-0.26738730427079477,False,False,False,False,-2602623,-2529455.3926080987,False,False,False,False,128197.34857140946,False,False,False,False
2025-08-14 00:00:00+00:00,19.61,20.57,19.38,19.81,120453,21.294152806840696,21.511326513414765,25.48375210529637,26.76386091588845,27.27084530420327,28.508719996013255,29.647160380224765,31.15881058003649,33.76425059449692,33.83370144230599,20.14896542286821,21.1586255257521,25.68818242823405,27.204119894664075,27.439199298429546,28.738853728948772,29.742254368119102,29.74733720915122,29.764566883758526,30.057142464302594,25.601285852948273,20.599143438647186,24.12291591261015,27.27084530420327,34.62182314496322,"rgba(239, 83, 80, 0.5)",0.0,0.0,1.6553274627727255,25.6309783698575,-3.6373337030077266,0.0,0.0,0.0,0.0,44.661863236994265,-10.49349479863293,False,False,False,True,True,0.0,0,0.941565485146436,1.003265801229341,False,False,False,False,-0.16667363678450076,-0.21703047052764776,False,False,False,False,-2723076,-2537048.3576038596,False,False,False,False,127893.64862743262,False,False,False,False
2025-08-15 00:00:00+00:00,19.35,19.71,19.32,19.66,173541,21.248248901072863,21.4658146894485,25.42984706100304,26.70699118510479,27.2128016088622,28.447989122047755,29.585637799282928,31.100684766812087,33.71182609868685,33.782657868267385,20.1218781474283,21.13413594982562,25.634491315090543,27.146336917857848,27.380685675103884,28.677982573803593,29.68139255098881,29.686506541877,29.703825991247793,29.997017510984353,25.547564117107097,20.559187239204572,24.07573519575813,27.2128016088622,34.5743934653422,"rgba(239, 83, 80, 0.5)",0.0,0.0,1.67210902054177,25.580063837028696,-3.7258717945377327,0.0,0.0,0.0,0.0,45.1922785629604,-9.993636763155635,False,False,False,True,True,0.0,0,0.931648498019559,1.0301447649759894,False,False,False,False,-0.22293440264061762,-0.2199824365841327,False,False,False,False,-2896617,-2551149.088678218,False,False,False,False,129683.74083812154,False,False,False,False
2025-08-18 00:00:00+00:00,19.35,19.765,19.31,19.46,84171,21.226982002669146,21.444619747629613,25.40411275759397,26.679782350870948,27.18501263576293,28.41887467957967,29.556108707348475,31.072736109620273,33.68656388436368,33.75805679749529,20.109773638604267,21.12261469805009,25.60884445321133,27.118674482096967,27.352666479690814,28.648793081171274,29.652174973547396,29.657303637967697,29.67466530509708,29.968141851323278,25.52190837956892,20.541051127408377,24.053266986605166,27.18501263576293,34.55151851178085,"rgba(239, 83, 80, 0.5)",0.0,0.0,1.6849685964942351,25.555909629330454,-3.6831010632735466,0.0,0.0,0.0,0.0,45.54588878027114,-9.546661201068147,False,False,False,True,True,0.0,0,0.9395583197914349,1.0210435250242582,False,False,False,False,-0.2201528018406207,-0.2200676192123767,False,False,False,False,-2896617,-2564696.8499065232,False,False,False,False,127898.92747192069,False,False,False,False
2025-08-19 00:00:00+00:00,19.62,19.94,18.91,18.91,128218,21.19581796981394,21.413426294612503,25.3654343757666,26.63881174196452,27.143144719677565,28.37495963708856,29.511523396850738,31.030473865213278,33.64829412981114,33.72078324566458,20.09259700040146,21.10552564252085,25.57027891480595,27.07699945167598,27.31044493763072,28.604754892036325,29.608052952715482,29.613203424168233,29.630627739849572,29.924521221465753,25.48333678534651,20.51493418198172,24.019570489638088,27.143144719677565,34.51684044287177,#000000,0.0,0.0,1.695639314443159,25.519790409753274,-3.4793899619452615,0.0,0.0,0.0,0.0,47.06235065197991,-7.950274385314053,False,False,False,False,True,0.0,0,0.9297510618352679,1.0243035865149814,False,False,False,False,-0.2340952820395092,-0.22708145062594293,False,False,False,False,-2768399,-2572685.169518032,False,False,False,False,127911.44012008066,False,False,False,False
2025-08-20 00:00:00+00:00,18.91,19.61,18.88,19.61,70331,21.17571807950705,21.393639916033976,25.34315742280399,26.61542458289802,27.119310668080225,28.350094394376068,29.486370052995422,31.006710199074114,33.62686303316922,33.69990993961481,20.07823257159914,21.0942667673399,25.54810161065322,27.053266805233058,27.28642982579692,28.57983992991157,29.583165763629438,29.58832879904659,29.605789382059413,29.899935434390496,25.461141336059068,20.49635616042169,23.999858717836577,27.119310668080225,34.49743644792992,"rgba(239, 83, 80, 0.5)",0.0,0.0,1.7210572593875757,25.498126816493908,-3.827953300541691,0.0,0.0,0.0,0.0,45.21206662133457,-7.950274385314053,False,False,False,True,True,0.0,1,0.923713458053943,1.0412016572991565,False,False,False,False,-0.2565930609761437,-0.24183725580104332,False,False,False,False,-2838730,-2583118.300125168,False,False,False,False,125653.38364478337,False,False,False,False
2025-08-21 00:00:00+00:00,19.2,19.31,18.91,18.99,92398,21.14998384171658,21.368236575070434,25.314162953261487,26.584947282563093,27.088239163004047,28.317653580698153,29.45353049951381,30.975651818336466,33.59881663753785,33.67259056964233,20.060131019450893,21.079718867176425,25.51922722417145,27.022328572643165,27.25511893986512,28.54732916533537,29.550669914057114,29.555849166615257,29.57335651609308,29.86782528455466,25.432247079452683,20.472811023217744,23.97423778677237,27.088239163004047,34.472029574572375,"rgba(239, 83, 80, 0.5)",0.0,0.0,1.7392488282264473,25.4700477867416,-3.605032060383973,0.0,0.0,0.0,0.0,45.372191522177694,-7.950274385314053,False,False,False,True,True,0.0,1,0.9229371491612314,1.0484835421562761,False,False,False,False,-0.27363362203869185,-0.2577354389198676,False,False,False,False,-2746332,-2589518.8373751617,False,False,False,False,124349.25095283109,False,False,False,False
