date,Open,High,Low,Close,Volume,Gap_Up_aVWAP_614,Gap_Up_aVWAP_492,Gap_Up_aVWAP_480,Gap_Up_aVWAP_414,Gap_Up_aVWAP_18,Gap_Down_aVWAP_342,Gap_Down_aVWAP_214,aVWAP_OB_bull_688,aVWAP_OB_bull_479,aVWAP_OB_bull_408,aVWAP_OB_bear_687,color,Liquidity,Liquidity_Level,StDev,StDev_Mean,StdDev_ZScore,FVG,FVG_High,FVG_Low,FVG_Mitigated_Index,QQEMOD,QQE1_Value,QQE1_Above_Upper,QQE1_Below_Lower,QQE2_Above_Threshold,QQE2_Below_Threshold,QQE2_Above_TL,banker_RSI,TTM_squeeze_Active,VI_plus,VI_minus,VI_Regular_Bullish,VI_Regular_Bearish,VI_Hidden_Bullish,VI_Hidden_Bearish,Fisher,Fisher_Signal,Fisher_Regular_Bullish,Fisher_Regular_Bearish,Fisher_Hidden_Bullish,Fisher_Hidden_Bearish,OBV,OBV_Smoothed,OBV_Regular_Bullish,OBV_Regular_Bearish,OBV_Hidden_Bullish,OBV_Hidden_Bearish,Volume_MA,Vol_Regular_Bullish,Vol_Regular_Bearish,Vol_Hidden_Bullish,Vol_Hidden_Bearish
2025-01-16 15:00:00+00:00,32.05,32.05,32.05,32.05,0.0,,,,,,,,,,,,"rgba(38, 166, 154, 1.0)",0.0,0.0,,,,0.0,0.0,0.0,0.0,,,False,False,False,False,False,,0,,,False,False,False,False,,,False,False,False,False,0.0,0.0,False,False,False,False,0.0,False,False,False,False
2025-01-16 16:00:00+00:00,32.05,32.05,32.05,32.05,0.0,,,,,,,,,,,,"rgba(38, 166, 154, 1.0)",0.0,0.0,,,,0.0,0.0,0.0,0.0,,,False,False,False,False,False,,0,,,False,False,False,False,,,False,False,False,False,0.0,0.0,False,False,False,False,0.0,False,False,False,False
2025-01-16 17:00:00+00:00,32.05,32.05,32.05,32.05,0.0,,,,,,,,,,,,"rgba(38, 166, 154, 1.0)",0.0,0.0,,,,0.0,0.0,0.0,0.0,,,False,False,False,False,False,,0,,,False,False,False,False,,,False,False,False,False,0.0,0.0,False,False,False,False,0.0,False,False,False,False
2025-01-16 18:00:00+00:00,32.05,32.05,32.05,32.05,0.0,,,,,,,,,,,,"rgba(38, 166, 154, 1.0)",0.0,0.0,,,,0.0,0.0,0.0,0.0,,,False,False,False,False,False,,0,,,False,False,False,False,,,False,False,False,False,0.0,0.0,False,False,False,False,0.0,False,False,False,False
2025-01-16 19:00:00+00:00,32.05,32.05,32.05,32.05,30.0,,,,,,,,,,,,"rgba(38, 166, 154, 1.0)",0.0,0.0,,,,0.0,0.0,0.0,0.0,,,False,False,False,False,False,,0,,,False,False,False,False,,,False,False,False,False,0.0,0.0,False,False,False,False,0.46511627906976744,False,False,False,False
2025-01-16 20:00:00+00:00,32.05,32.05,31.98,31.98,156.0,,,,,,,,,,,,"rgba(239, 83, 80, 1.0)",0.0,0.0,,,,0.0,0.0,0.0,0.0,0.0,,False,False,False,True,False,,0,,,False,False,False,False,,,False,False,False,False,-156.0,-2.4186046511627906,False,False,False,False,2.876509825130701,False,False,False,False
2025-01-17 15:00:00+00:00,31.98,31.98,31.98,31.98,0.0,,,,,,,,,,,,"rgba(239, 83, 80, 1.0)",0.0,0.0,,,,0.0,0.0,0.0,0.0,0.0,-50.0,False,False,False,True,True,,0,,,False,False,False,False,,,False,False,False,False,-156.0,-4.799711555795925,False,False,False,False,2.831912773578287,False,False,False,False
2025-01-17 16:00:00+00:00,31.98,31.98,31.98,31.98,0.0,,,,,,,,,,,,"rgba(239, 83, 80, 1.0)",0.0,0.0,,,,0.0,0.0,0.0,0.0,0.0,-50.0,False,False,False,True,True,,0,,,False,False,False,False,,,False,False,False,False,-156.0,-7.143902074310716,False,False,False,False,2.7880071491817247,False,False,False,False
2025-01-17 17:00:00+00:00,31.98,31.98,31.98,31.98,0.0,,,,,,,,,,,,"rgba(239, 83, 80, 1.0)",0.0,0.0,,,,0.0,0.0,0.0,0.0,0.0,-50.0,False,False,False,True,True,,0,,,False,False,False,False,,,False,False,False,False,-156.0,-9.451748553778767,False,False,False,False,2.7447822321401474,False,False,False,False
2025-01-17 18:00:00+00:00,31.98,31.98,31.98,31.98,0.0,,,,,,,,,,,,"rgba(239, 83, 80, 1.0)",0.0,0.0,,,,0.0,0.0,0.0,0.0,0.0,-50.0,False,False,False,True,True,,0,,,False,False,False,False,,,False,False,False,False,-156.0,-11.72381446767367,False,False,False,False,2.7022274688511527,False,False,False,False
2025-01-17 19:00:00+00:00,31.98,31.98,31.98,31.98,0.0,,,,,,,,,,,,"rgba(239, 83, 80, 1.0)",0.0,0.0,,,,0.0,0.0,0.0,0.0,0.0,-50.0,False,False,False,True,True,,0,,,False,False,False,False,,,False,False,False,False,-156.0,-13.960654553446169,False,False,False,False,2.6603324693340804,False,False,False,False
2025-01-17 20:00:00+00:00,31.98,31.98,31.98,31.98,0.0,,,,,,,,,,,,"rgba(239, 83, 80, 1.0)",0.0,0.0,,,,0.0,0.0,0.0,0.0,0.0,-50.0,False,False,False,True,True,,0,,,False,False,False,False,,,False,False,False,False,-156.0,-16.162814947966382,False,False,False,False,2.6190870046932417,False,False,False,False
2025-01-20 15:00:00+00:00,31.98,31.98,31.98,31.98,0.0,,,,,,,,,,,,"rgba(239, 83, 80, 1.0)",0.0,0.0,,,,0.0,0.0,0.0,0.0,0.0,-50.0,False,False,False,True,True,,0,,,False,False,False,False,,,False,False,False,False,-156.0,-18.330833320866127,False,False,False,False,2.5784810046204782,False,False,False,False
2025-01-20 16:00:00+00:00,31.98,31.98,31.98,31.98,0.0,,,,,,,,,,,,"rgba(239, 83, 80, 1.0)",0.0,0.0,,,,0.0,0.0,0.0,0.0,0.0,-50.0,False,False,False,True,True,,0,,,False,False,False,False,,,False,False,False,False,-156.0,-20.465239005813938,False,False,False,False,2.5385045549364396,False,False,False,False
2025-01-20 17:00:00+00:00,31.98,31.98,31.98,31.98,0.0,,,,,,,,,,,,"rgba(239, 83, 80, 1.0)",0.0,0.0,,,,0.0,0.0,0.0,0.0,0.0,-50.0,False,False,False,True,True,,0,,,False,False,False,False,,,False,False,False,False,-156.0,-22.56655312975481,False,False,False,False,2.4991478951699833,False,False,False,False
2025-01-20 18:00:00+00:00,31.98,31.98,31.98,31.98,0.0,,,,,,,,,,,,"rgba(239, 83, 80, 1.0)",0.0,0.0,,,,0.0,0.0,0.0,0.0,0.0,-50.0,False,False,False,True,True,,0,,,False,False,False,False,,,False,False,False,False,-156.0,-24.63528874014621,False,False,False,False,2.4604014161750998,False,False,False,False
2025-01-20 19:00:00+00:00,31.98,31.98,31.98,31.98,0.0,,,,,,,,,,,,"rgba(239, 83, 80, 1.0)",0.0,0.0,,,,0.0,0.0,0.0,0.0,0.0,-50.0,False,False,False,True,True,,0,,,False,False,False,False,,,False,False,False,False,-156.0,-26.67195093022146,False,False,False,False,2.4222556577847882,False,False,False,False
2025-01-20 20:00:00+00:00,31.98,31.98,31.98,31.98,0.0,,,,,,,,,,,,"rgba(239, 83, 80, 1.0)",0.0,0.0,,,,0.0,0.0,0.0,0.0,0.0,-50.0,False,False,False,True,True,,0,,,False,False,False,False,,,False,False,False,False,-156.0,-28.67703696231105,False,False,False,False,2.384701306501303,False,False,False,False
2025-01-21 15:00:00+00:00,32.27,32.27,32.27,32.27,0.0,,,,,,,,,,,,"rgba(38, 166, 154, 1.0)",0.0,0.0,,,,0.0,0.0,0.0,0.0,31.679486146565097,-21.488462468091413,False,False,False,True,True,,0,,,False,False,False,False,,,False,False,False,False,-156.0,-30.651036389251963,False,False,False,False,2.347729193222213,False,False,False,False
2025-01-21 16:00:00+00:00,32.27,32.27,32.27,32.27,0.0,,,,,,,,,,,,"rgba(38, 166, 154, 1.0)",0.0,0.0,,,,0.0,0.0,0.0,0.0,52.7991435776085,-4.381539948946262,False,False,True,False,True,,0,,,False,False,False,False,,,False,False,False,False,-156.0,-32.59443117391472,False,False,False,False,2.3113302910017137,False,False,False,False
2025-01-21 17:00:00+00:00,32.27,32.27,32.27,32.27,0.0,,,,,,,,,,,,"rgba(38, 166, 154, 1.0)",0.0,0.0,,,,0.0,0.0,0.0,0.0,66.8789151983041,6.009331507127094,False,False,True,False,True,,0,,,False,False,False,False,,,False,False,False,False,-156.0,-34.50769580687728,False,False,False,False,2.275495712846648,False,False,False,False
2025-01-21 18:00:00+00:00,32.27,32.27,32.27,32.27,0.0,,,,,,,,,,,,"rgba(38, 166, 154, 1.0)",0.0,0.0,,,,0.0,0.0,0.0,0.0,76.26542961210117,12.531081721833303,False,False,True,False,True,,0,,,False,False,False,False,,,False,False,False,False,-156.0,-36.391297422274526,False,False,False,False,2.2402167095467003,False,False,False,False
2025-01-21 19:00:00+00:00,32.27,32.27,32.27,32.27,0.0,,,,,,,,,,,,"rgba(38, 166, 154, 1.0)",0.0,0.0,,,,0.0,0.0,0.0,0.0,82.52310588796588,16.8789151983041,False,False,True,False,True,,0,,,False,False,False,False,,,False,False,False,False,-156.0,-38.24569591185166,False,False,False,False,2.205484667538224,False,False,False,False
2025-01-21 20:00:00+00:00,32.27,32.27,32.27,32.27,0.0,,,,,,,,,,,,"rgba(38, 166, 154, 1.0)",0.0,0.0,,,,0.0,0.0,0.0,0.0,86.69489007187569,20.03698919979729,False,False,True,False,True,,0,,,False,False,False,False,,,False,False,False,False,-156.0,-40.071344037249304,False,False,False,False,2.1712911068011973,False,False,False,False
2025-01-22 15:00:00+00:00,32.27,32.27,32.27,32.27,0.0,,,,,,,,,,,,"rgba(38, 166, 154, 1.0)",0.0,0.0,,,,0.0,0.0,0.0,0.0,89.47607952781556,22.55760122827968,False,False,True,False,True,,0,,,False,False,False,False,,,False,False,False,False,-156.0,-41.86868754054776,False,False,False,False,2.1376276787887756,False,False,False,False
2025-01-22 16:00:00+00:00,32.27,32.27,32.27,32.27,0.0,,,,,,,,,,,,"rgba(38, 166, 154, 1.0)",0.0,0.0,,,,0.0,0.0,0.0,0.0,91.33020583177547,24.736284480252237,False,False,True,False,True,,0,,,False,False,False,False,,,False,False,False,False,-156.0,-43.638165253097405,False,False,False,False,2.1044861643889496,False,False,False,False
2025-01-22 17:00:00+00:00,32.27,32.27,32.27,32.27,0.0,,,,,,,,,,,,"rgba(38, 166, 154, 1.0)",0.0,0.0,,,,0.0,0.0,0.0,0.0,92.56629003441542,26.720233563417224,False,False,True,False,True,,0,,,False,False,False,False,,,False,False,False,False,-156.0,-45.38020920266178,False,False,False,False,2.0718584719178033,False,False,False,False
2025-01-22 18:00:00+00:00,32.27,32.27,32.27,32.27,0.0,,,,,,,,,,,,"rgba(38, 166, 154, 1.0)",0.0,0.0,,,,0.0,0.0,0.0,0.0,93.39034616950872,28.57435986737714,False,False,True,False,True,,0,,,False,False,False,False,,,False,False,False,False,-156.0,-47.09524471889958,False,False,False,False,2.0397366351438837,False,False,False,False
2025-01-22 19:00:00+00:00,32.27,32.27,32.27,32.27,0.0,,,,,,,,,,,,"rgba(38, 166, 154, 1.0)",0.0,0.0,,,,0.0,0.0,0.0,0.0,93.93971692623758,30.320677908593012,False,False,True,False,True,,0,,,False,False,False,False,,,False,False,False,False,-156.0,-48.78369053721121,False,False,False,False,2.0081128113432034,False,False,False,False
2025-01-22 20:00:00+00:00,32.27,32.27,32.27,32.27,0.0,,,,,,,,,,,,"rgba(38, 166, 154, 1.0)",0.0,0.0,,,,0.0,0.0,0.0,0.0,94.30596409739016,31.96110818540781,False,False,True,False,True,,0,,,False,False,False,False,,,False,False,False,False,-156.0,-50.44595890097537,False,False,False,False,1.976979279384394,False,False,False,False
2025-01-23 15:00:00+00:00,32.27,32.27,32.27,32.27,0.0,,,,,,,,,,,,"rgba(38, 166, 154, 1.0)",0.0,0.0,,,,0.0,0.0,0.0,0.0,94.55012887815855,33.49012791220247,False,False,True,False,True,,0,,,False,False,False,False,,,False,False,False,False,-156.0,-52.08245566220055,False,False,False,False,1.9463284378435508,False,False,False,False
2025-01-23 16:00:00+00:00,32.27,32.4,32.27,32.4,1.0,,,,,32.35666666666666,,,,,,,"rgba(38, 166, 154, 1.0)",0.0,0.0,,32.35666666666666,,0.0,0.0,0.0,0.0,95.80986876956122,35.888601018559925,False,False,True,False,True,,0,,,False,False,False,False,,,False,False,False,False,-155.0,-53.67807650464705,False,False,False,False,1.9316566791172942,False,False,False,False
2025-01-23 17:00:00+00:00,32.4,32.4,32.4,32.4,0.0,,,,,32.35666666666666,,,,,,,"rgba(38, 166, 154, 1.0)",0.0,0.0,,32.35666666666666,,0.0,0.0,0.0,0.0,96.64969536382966,37.77008492101265,False,False,True,False,True,,0,,,False,False,False,False,,,False,False,False,False,-155.0,-55.248959039458725,False,False,False,False,1.9017085135495841,False,False,False,False
2025-01-23 18:00:00+00:00,32.4,32.4,32.4,32.4,0.0,,,,,32.35666666666666,,,,,,,"rgba(38, 166, 154, 1.0)",0.0,0.0,,32.35666666666666,,0.0,0.0,0.0,0.0,97.20957976000864,39.29582597252434,False,False,True,False,True,,0,,,False,False,False,False,,,False,False,False,False,-155.0,-56.79548680628882,False,False,False,False,1.8722246606263346,False,False,False,False
2025-01-23 19:00:00+00:00,32.4,32.4,32.4,32.4,0.0,,,,,32.35666666666666,,,,,,,"rgba(38, 166, 154, 1.0)",0.0,0.0,,32.35666666666666,,0.0,0.0,0.0,0.0,97.58283602412796,40.56645502114404,False,False,True,False,True,,0,,,False,False,False,False,,,False,False,False,False,-155.0,-58.31803739843938,False,False,False,False,1.8431979217018952,False,False,False,False
2025-01-23 20:00:00+00:00,32.4,32.48,32.4,32.48,125.0,,,,,32.45256613756613,,,,,,,"rgba(38, 166, 154, 1.0)",0.0,0.0,,32.45261126672891,,0.0,0.0,0.0,0.0,98.05183012793935,41.84352353677389,False,False,True,False,True,,0,,,False,False,False,False,,,False,False,False,False,-30.0,-57.878998058928694,False,False,False,False,3.752605705861556,False,False,False,False
2025-01-24 15:00:00+00:00,32.48,32.48,32.48,32.48,0.0,,,,,32.45256613756613,,,,,,,"rgba(38, 166, 154, 1.0)",0.0,0.0,,32.45261126672891,,0.0,0.0,0.0,0.0,98.36449286381361,42.89041988627116,False,False,True,False,True,,0,,,False,False,False,False,,,False,False,False,False,-30.0,-57.44676553088329,False,False,False,False,3.6944257724373455,False,False,False,False
2025-01-24 16:00:00+00:00,32.48,32.48,32.48,32.48,0.0,,,,,32.45256613756613,,,,,,,"rgba(38, 166, 154, 1.0)",0.0,0.0,,32.45261126672891,,0.0,0.0,0.0,0.0,98.57293468772977,43.76688995961612,False,False,True,False,True,,0,,,False,False,False,False,,,False,False,False,False,-30.0,-57.02123428234246,False,False,False,False,3.6371478534848283,False,False,False,False
2025-01-24 17:00:00+00:00,32.48,32.48,32.48,32.48,0.0,,,,,32.45256613756613,,,,,,,"rgba(38, 166, 154, 1.0)",0.0,0.0,,32.45261126672891,,0.0,0.0,0.0,0.0,98.71189590367388,44.5117349227248,False,False,True,False,True,,0,,,False,False,False,False,,,False,False,False,False,-30.0,-56.60230041749994,False,False,False,False,3.5807579642835132,False,False,False,False
2025-01-24 18:00:00+00:00,32.48,32.48,32.48,32.48,0.0,,,,,32.45256613756613,,,,,,,"rgba(38, 166, 154, 1.0)",0.0,0.0,,32.45261126672891,,0.0,0.0,0.0,0.0,98.80453671430328,45.15088368971455,False,False,True,False,True,,0,,,False,False,False,False,,,False,False,False,False,-30.0,-56.18986165133715,False,False,False,False,3.5252423369302806,False,False,False,False
2025-01-24 19:00:00+00:00,32.48,32.48,32.48,32.48,0.0,,,,,32.45256613756613,,,,,,,"rgba(38, 166, 154, 1.0)",0.0,0.0,,32.45261126672891,,0.0,0.0,0.0,0.0,98.8662972547229,45.70237938914637,False,False,True,False,True,,0,,,False,False,False,False,,,False,False,False,False,-30.0,-55.78381728464975,False,False,False,False,3.470587416977873,False,False,False,False
2025-01-24 20:00:00+00:00,32.48,32.48,32.39,32.39,50.0,,,,,32.44331439393939,,,,,,,"rgba(239, 83, 80, 1.0)",0.0,0.0,,32.44088630667578,,0.0,0.0,0.0,0.0,83.26249231688769,37.54680345985685,False,False,True,False,False,,0,,,False,False,False,False,,,False,False,False,False,-80.0,-56.159261977910994,False,False,False,False,4.191973658575115,False,False,False,False
2025-01-27 15:00:00+00:00,32.39,32.39,32.39,32.39,0.0,,,,,32.44331439393939,,,,,,,"rgba(239, 83, 80, 1.0)",0.0,0.0,,32.44088630667578,,0.0,0.0,0.0,0.0,72.85995569166423,28.73019974896826,False,False,True,False,False,,0,,,False,False,False,False,,,False,False,False,False,-80.0,-56.5288858232147,False,False,False,False,4.126981818907284,False,False,False,False
2025-01-27 16:00:00+00:00,32.39,32.39,32.39,32.39,0.0,,,,,32.44331439393939,,,,,,,"rgba(239, 83, 80, 1.0)",0.0,0.0,,32.44088630667578,,0.0,0.0,0.0,0.0,65.92493127484857,23.268865076716338,False,False,True,False,False,,0,,,False,False,False,False,,,False,False,False,False,-80.0,-56.89277906626564,False,False,False,False,4.0629976046606595,False,False,False,False
2025-01-27 17:00:00+00:00,32.39,32.39,32.39,32.39,0.0,,,,,32.44331439393939,,,,,,,"rgba(239, 83, 80, 1.0)",0.0,0.0,,32.44088630667578,,0.0,0.0,0.0,0.0,61.30158166363813,19.757254511073,False,False,True,False,False,,0,,,False,False,False,False,,,False,False,False,False,-80.0,-57.251030553610356,False,False,False,False,4.000005393735688,False,False,False,False
2025-01-27 18:00:00+00:00,32.39,32.39,32.39,32.39,0.0,,,,,32.44331439393939,,,,,,,"rgba(239, 83, 80, 1.0)",0.0,0.0,,32.44088630667578,,0.0,0.0,0.0,0.0,58.21934858949784,17.356530819612303,False,False,True,False,False,,0,,,False,False,False,False,,,False,False,False,False,-80.0,-57.603727754329576,False,False,False,False,3.93798980623591,False,False,False,False
2025-01-27 19:00:00+00:00,32.39,32.39,32.39,32.39,0.0,,,,,32.44331439393939,,,,,,,"rgba(239, 83, 80, 1.0)",0.0,0.0,,32.44088630667578,,0.0,0.0,0.0,0.0,56.16452654007098,15.577869690838497,False,False,True,False,False,,0,,,False,False,False,False,,,False,False,False,False,-80.0,-57.95095678139423,False,False,False,False,3.8769357007128726,False,False,False,False
2025-01-27 20:00:00+00:00,32.39,32.66,32.39,32.66,53.0,,,,,32.472634643377,,,,,,,"rgba(38, 166, 154, 1.0)",0.0,0.0,,32.50919293203312,,0.0,0.0,0.0,0.0,66.66122265181079,6.398000626682048,False,False,True,False,True,,0,,,False,False,False,False,,,False,False,False,False,-27.0,-57.471096986333855,False,False,False,False,4.638533596825851,False,False,False,False
2025-01-28 15:00:00+00:00,32.66,32.66,32.66,32.66,0.0,,,,,32.472634643377,,,,,,,"rgba(38, 166, 154, 1.0)",0.0,0.0,,32.50919293203312,,0.0,0.0,0.0,0.0,73.65902005963733,12.562624695139895,True,False,True,False,True,,0,,,False,False,False,False,,,False,False,False,False,-27.0,-56.9986768780186,False,False,False,False,4.56661834726266,False,False,False,False
2025-01-28 16:00:00+00:00,32.66,32.66,32.66,32.66,0.0,,,,,32.472634643377,,,,,,,"rgba(38, 166, 154, 1.0)",0.0,0.0,,32.50919293203312,,0.0,0.0,0.0,0.0,78.32421833152169,16.671928017219756,True,False,True,False,True,20.0,0,,,False,False,False,False,,,False,False,False,False,-27.0,-56.53358111246792,False,False,False,False,4.495818062808975,False,False,False,False
2025-01-28 17:00:00+00:00,32.66,32.66,32.66,32.66,0.0,,,,,32.472634643377,,,,,,,"rgba(38, 166, 154, 1.0)",0.0,0.0,,32.50919293203312,,0.0,0.0,0.0,0.0,81.43435051277794,19.581365825047584,True,False,True,False,True,20.0,0,,,False,False,False,False,,,False,False,False,False,-27.0,-56.075696133980045,False,False,False,False,4.4261154571840295,False,False,False,False
2025-01-28 18:00:00+00:00,32.66,32.66,32.66,32.66,0.0,,,,,32.472634643377,,,,,,,"rgba(38, 166, 154, 1.0)",0.0,0.0,,32.50919293203312,,0.0,0.0,0.0,0.0,83.50777196694877,21.79312012231634,True,False,True,False,True,20.0,0,,,False,False,False,False,,,False,False,False,False,-27.0,-55.62491014740671,False,False,False,False,4.357493512111409,False,False,False,False
2025-01-28 19:00:00+00:00,32.66,32.66,32.66,32.66,0.0,,,,,32.472634643377,,,,,,,"rgba(38, 166, 154, 1.0)",0.0,0.0,,32.50919293203312,,0.0,0.0,0.0,0.0,84.89005293639599,23.59429208818682,True,False,True,False,True,20.0,0,,,False,False,False,False,,,False,False,False,False,-27.0,-55.181113090857764,False,False,False,False,4.289935473163945,False,False,False,False
2025-01-28 20:00:00+00:00,32.66,32.66,32.66,32.66,0.0,,,,,32.472634643377,,,,,,,"rgba(38, 166, 154, 1.0)",0.0,0.0,,32.50919293203312,,0.0,0.0,0.0,0.0,85.81157358269414,25.14358134149441,True,False,True,False,True,20.0,0,,,False,False,False,False,,,False,False,False,False,-27.0,-54.74419660882896,False,False,False,False,4.223424845673031,False,False,False,False
2025-01-29 15:00:00+00:00,32.66,32.66,32.66,32.66,0.0,,,,,32.472634643377,,,,,,,"rgba(38, 166, 154, 1.0)",0.0,0.0,,32.50919293203312,,0.0,0.0,0.0,0.0,86.42592068022623,26.524985327407308,True,False,True,False,True,20.0,0,,,False,False,False,False,,,False,False,False,False,-27.0,-54.31405402574634,False,False,False,False,4.1579453907013555,False,False,False,False
2025-01-29 16:00:00+00:00,32.66,32.66,32.66,32.66,0.0,,,,,32.472634643377,,,,,,,"rgba(38, 166, 154, 1.0)",0.0,0.0,,32.50919293203312,,0.0,0.0,0.0,0.0,86.83548541191429,27.780547408603056,True,False,True,False,True,20.0,0,,,False,False,False,False,,,False,False,False,False,-27.0,-53.89058031992081,False,False,False,False,4.093481121078079,False,False,False,False
2025-01-29 17:00:00+00:00,32.66,32.66,32.66,32.66,0.0,,,,,32.472634643377,,,,,,,"rgba(38, 166, 154, 1.0)",0.0,0.0,,32.50919293203312,,0.0,0.0,0.0,0.0,87.108528566373,28.929922071433253,True,False,True,False,True,20.0,0,,,False,False,False,False,,,False,False,False,False,-27.0,-53.47367209790653,False,False,False,False,4.0300162974954725,False,False,False,False
2025-01-29 18:00:00+00:00,32.66,32.66,32.66,32.66,0.0,,,,,32.472634643377,,,,,,,"rgba(38, 166, 154, 1.0)",0.0,0.0,,32.50919293203312,,0.0,0.0,0.0,0.0,87.29055733601214,29.981744389263824,True,False,True,False,True,20.0,0,,,False,False,False,False,,,False,False,False,False,-27.0,-53.06322756925681,False,False,False,False,3.967535424666085,False,False,False,False
2025-01-29 19:00:00+00:00,32.66,32.66,32.66,32.66,0.0,,,,,32.472634643377,,,,,,,"rgba(38, 166, 154, 1.0)",0.0,0.0,,32.50919293203312,,0.0,0.0,0.0,0.0,87.4119098491049,30.939982039759755,True,False,True,False,True,20.0,0,,,False,False,False,False,,,False,False,False,False,-27.0,-52.65914652167143,False,False,False,False,3.906023247539479,False,False,False,False
2025-01-29 20:00:00+00:00,32.66,32.66,32.66,32.66,0.0,,,,,32.472634643377,,,,,,,"rgba(38, 166, 154, 1.0)",0.0,0.0,,32.50919293203312,,0.0,0.0,0.0,0.0,87.49281152450007,31.807277147927238,True,False,True,False,True,20.0,0,,,False,False,False,False,,,False,False,False,False,-27.0,-52.26133029652924,False,False,False,False,3.8454647475776262,False,False,False,False
2025-01-30 15:00:00+00:00,32.66,32.66,32.66,32.66,0.0,,,,,32.472634643377,,,,,,,"rgba(38, 166, 154, 1.0)",0.0,0.0,,32.50919293203312,,0.0,0.0,0.0,0.0,87.54674597476352,32.58653132520155,True,False,True,False,True,20.0,0,,,False,False,False,False,,,False,False,False,False,-27.0,-51.8696817648001,False,False,False,False,3.7858451390880505,False,False,False,False
2025-01-30 16:00:00+00:00,32.66,32.66,32.66,32.66,0.0,,,,,32.472634643377,,,,,,,"rgba(38, 166, 154, 1.0)",0.0,0.0,,32.50919293203312,,0.0,0.0,0.0,0.0,87.58270227493915,33.281505206629035,True,False,True,False,True,20.0,0,,,False,False,False,False,,,False,False,False,False,-27.0,-51.484105303330324,False,False,False,False,3.727149865613817,False,False,False,False
2025-01-30 17:00:00+00:00,32.66,32.66,32.66,32.66,0.0,,,,,32.472634643377,,,,,,,"rgba(38, 166, 154, 1.0)",0.0,0.0,,32.50919293203312,,0.0,0.0,0.0,0.0,87.60667314172291,33.89689812146801,True,False,True,False,True,20.0,0,,,False,False,False,False,,,False,False,False,False,-27.0,-51.10450677149574,False,False,False,False,3.669364596379494,False,False,False,False
2025-01-30 18:00:00+00:00,32.66,32.66,32.66,32.66,0.0,,,,,32.472634643377,,,,,,,"rgba(38, 166, 154, 1.0)",0.0,0.0,,32.50919293203312,,0.0,0.0,0.0,0.0,87.62265371957875,34.438181753103805,True,False,True,False,True,20.0,0,,,False,False,False,False,,,False,False,False,False,-27.0,-50.73079348821673,False,False,False,False,3.6124752227922152,False,False,False,False
2025-01-30 19:00:00+00:00,32.66,32.66,32.66,32.66,0.0,,,,,32.472634643377,,,,,,,"rgba(38, 166, 154, 1.0)",0.0,0.0,,32.50919293203312,,0.0,0.0,0.0,0.0,87.6333074381493,34.911342932895465,True,False,True,False,True,20.0,0,,,False,False,False,False,,,False,False,False,False,-27.0,-50.36287420932965,False,True,False,False,3.556467854996987,False,False,False,False
2025-01-30 20:00:00+00:00,32.66,32.66,32.66,32.66,0.0,,,,,32.472634643377,,,,,,,"rgba(38, 166, 154, 1.0)",0.0,0.0,,32.50919293203312,,0.0,0.0,0.0,0.0,87.64040991719634,35.32261851942947,True,False,True,False,True,20.0,0,,,False,False,False,False,,,False,False,False,False,-27.0,-50.000659105309026,False,True,False,False,3.5013288184854057,False,False,False,False
2025-01-31 15:00:00+00:00,32.66,32.66,32.39,32.39,100.0,,,,,32.474873353596756,,,,,,,"rgba(239, 83, 80, 1.0)",0.0,0.0,,32.480000000000004,,0.0,0.0,0.0,0.0,62.09763497695517,16.618321424043828,False,True,True,False,False,5.637758227250217,0,,,False,False,False,False,,,False,False,False,False,-127.0,-51.19444733623447,False,False,False,False,4.9974322476561746,False,False,False,False
2025-01-31 16:00:00+00:00,32.39,32.39,32.39,32.39,0.0,,,,,32.474873353596756,,,,,,,"rgba(239, 83, 80, 1.0)",0.0,0.0,,32.480000000000004,,0.0,0.0,0.0,0.0,45.069118350127724,2.5216818335815248,False,True,False,True,False,5.637758227250217,0,,,False,False,False,False,,,False,False,False,False,-127.0,-52.3697272224944,False,False,False,False,4.919952677925071,False,False,False,False
2025-01-31 17:00:00+00:00,32.39,32.39,32.39,32.39,0.0,,,,,32.474873353596756,,,,,,,"rgba(239, 83, 80, 1.0)",0.0,0.0,,32.480000000000004,,0.0,0.0,0.0,0.0,33.71677393224275,-6.117129378579413,False,True,False,True,False,5.637758227250217,0,,,False,False,False,False,,,False,False,False,False,-127.0,-53.5267857151689,False,False,False,False,4.84367434183321,False,False,False,False
2025-01-31 18:00:00+00:00,32.39,32.39,32.39,32.39,0.0,,,,,32.474873353596756,,,,,,,"rgba(239, 83, 80, 1.0)",0.0,0.0,,32.480000000000004,,0.0,0.0,0.0,0.0,26.148544320319445,-11.598518645214114,False,True,False,True,False,5.637758227250217,0,,,False,False,False,False,,,False,False,False,False,-127.0,-54.66590531648411,False,False,False,False,4.7685786156032375,False,False,False,False
2025-01-31 19:00:00+00:00,32.39,32.39,32.39,32.39,0.0,,,,,32.474873353596756,,,,,,,"rgba(239, 83, 80, 1.0)",0.0,0.0,,32.480000000000004,,0.0,0.0,0.0,0.0,21.103057912370573,-15.293996072762056,False,True,False,True,False,5.637758227250217,0,,,False,False,False,False,,,False,False,False,False,-127.0,-55.78736414878668,False,False,False,False,4.694647164198536,False,False,False,False
2025-01-31 20:00:00+00:00,32.39,32.39,32.39,32.39,0.0,,,,,32.474873353596756,,,,,,,"rgba(239, 83, 80, 1.0)",0.0,0.0,,32.480000000000004,,0.0,0.0,0.0,0.0,17.739400307071325,-18.00140001066947,False,True,False,True,False,5.637758227250217,0,,,False,False,False,False,,,False,False,False,False,-127.0,-56.8914360224489,False,False,False,False,4.621861936846621,False,False,False,False
2025-02-03 15:00:00+00:00,32.39,32.39,32.39,32.39,0.0,,,,,32.474873353596756,,,,,,,"rgba(239, 83, 80, 1.0)",0.0,0.0,,32.480000000000004,,0.0,0.0,0.0,0.0,15.496961903538484,-20.169960214008626,False,True,False,True,False,5.637758227250206,0,,,False,False,False,False,,,False,False,False,False,-127.0,-57.978390502721005,False,False,False,False,4.550205162631944,False,False,False,False
2025-02-03 16:00:00+00:00,32.39,32.39,32.39,32.39,0.0,,,,,32.474873353596756,,,,,,,"rgba(239, 83, 80, 1.0)",0.0,0.0,,32.480000000000004,,0.0,0.0,0.0,0.0,14.002002967849926,-22.041464323302485,False,True,False,True,False,5.637758227250206,0,,,False,False,False,False,,,False,False,False,False,-127.0,-59.048492975547035,False,False,False,False,4.47965934615703,False,False,False,False
2025-02-03 17:00:00+00:00,32.39,32.39,32.39,32.39,0.0,,,,,32.474873353596756,,,,,,,"rgba(239, 83, 80, 1.0)",0.0,0.0,0.2403265796054615,32.480000000000004,-0.37449041278644374,0.0,0.0,0.0,0.0,13.005363677390886,-23.737689904176918,False,True,False,True,False,5.637758227250206,0,,,False,False,False,False,,,False,False,False,False,-127.0,-60.102004712360255,False,False,False,False,4.410207263270874,False,False,False,False
2025-02-03 18:00:00+00:00,32.39,32.39,32.39,32.39,0.0,,,,,32.474873353596756,,,,,,,"rgba(239, 83, 80, 1.0)",0.0,0.0,0.2377535251867655,32.480000000000004,-0.37854328313031144,0.0,0.0,0.0,0.0,12.340937483751524,-25.31368656105548,False,True,False,True,False,5.637758227250206,0,,,False,False,False,False,,,False,False,False,False,-127.0,-61.13918293387405,False,False,False,False,4.341831956863573,False,False,False,False
2025-02-03 19:00:00+00:00,32.39,32.39,32.39,32.39,0.0,,,,,32.474873353596756,,,,,,,"rgba(239, 83, 80, 1.0)",0.0,0.0,0.23506372530645817,32.480000000000004,-0.38287489863724516,0.0,0.0,0.0,0.0,11.897986687991953,-26.789562411919903,False,True,False,True,False,5.637758227250206,0,,,False,False,False,False,,,False,False,False,False,-127.0,-62.160280872883746,False,False,False,False,4.274516732726154,False,False,False,False
2025-02-03 20:00:00+00:00,32.39,32.39,32.39,32.39,0.0,,,,,32.474873353596756,,,,,,,"rgba(239, 83, 80, 1.0)",0.0,0.0,0.23225312379709434,32.480000000000004,-0.387508243284732,0.0,0.0,0.0,0.0,11.60268615748557,-28.168902960646278,False,True,False,True,False,5.637758227250217,0,,,False,False,False,False,,,False,False,False,False,-127.0,-63.16554783609485,False,False,False,False,4.208245155474585,False,False,False,False
2025-02-04 15:00:00+00:00,32.39,32.39,32.39,32.39,0.0,,,,,32.474873353596756,,,,,,,"rgba(239, 83, 80, 1.0)",0.0,0.0,0.22931727892683784,32.480000000000004,-0.3924693351551468,0.0,0.0,0.0,0.0,11.405819137147986,-29.449005325885626,False,True,False,True,False,5.637758227250206,0,,,False,False,False,False,,,False,False,False,False,-127.0,-64.15522926499261,False,False,False,False,4.1430010445369945,False,False,False,False
2025-02-04 16:00:00+00:00,32.39,32.39,32.39,32.39,0.0,,,,,32.474873353596756,,,,,,,"rgba(239, 83, 80, 1.0)",0.0,0.0,0.22625131526170672,32.480000000000004,-0.3977877427846096,0.0,0.0,0.0,0.0,11.274574456922931,-30.62620318030396,False,True,False,True,False,5.637758227250206,0,,,False,False,False,False,,,False,False,False,False,-127.0,-65.12956679576791,False,False,False,False,4.078768470203087,False,False,False,False
2025-02-04 17:00:00+00:00,32.39,32.39,32.39,32.39,0.0,,,,,32.474873353596756,,,,,,,"rgba(239, 83, 80, 1.0)",0.0,0.0,0.22149963902924183,32.480000000000004,-0.4063212039281104,0.0,0.0,0.0,0.0,11.18707800343956,-31.698328914433617,False,True,False,True,False,5.637758227250217,0,,,False,False,False,False,,,False,False,False,False,-127.0,-66.08879831831413,False,False,False,False,4.015531749734822,False,False,False,False
2025-02-04 18:00:00+00:00,32.39,32.39,32.39,32.39,0.0,,,,,32.474873353596756,,,,,,,"rgba(239, 83, 80, 1.0)",0.0,0.0,0.21650391669884417,32.480000000000004,-0.4156968676238451,0.0,0.0,0.0,0.0,11.12874703445064,-32.66557324942234,False,True,False,True,False,5.637758227250217,0,,,False,False,False,False,,,False,False,False,False,-127.0,-67.03315803430925,False,False,False,False,3.953275443537383,False,False,False,False
2025-02-04 19:00:00+00:00,32.39,32.39,32.39,32.39,0.0,,,,,32.474873353596756,,,,,,,"rgba(239, 83, 80, 1.0)",0.0,0.0,0.2112468348288775,32.480000000000004,-0.426041886369132,0.0,0.0,0.0,0.0,11.089859721791367,-33.53050357370064,False,True,False,True,False,5.637758227250206,0,,,False,False,False,False,,,False,False,False,False,-127.0,-67.9628765143975,False,False,False,False,3.8919843513895165,False,False,False,False
2025-02-04 20:00:00+00:00,32.39,32.39,32.39,32.39,0.0,,,,,32.474873353596756,,,,,,,"rgba(239, 83, 80, 1.0)",0.0,0.0,0.20570835648539296,32.480000000000004,-0.4375126102686751,0.0,0.0,0.0,0.0,11.063934846685179,-34.29768895691271,False,True,False,True,False,5.637758227250217,0,,,False,False,False,False,,,False,False,False,False,-127.0,-68.87818075448436,False,False,False,False,3.8316435087323146,False,False,False,False
2025-02-05 15:00:00+00:00,32.39,32.39,32.39,32.39,0.0,,,,,32.474873353596756,,,,,,,"rgba(239, 83, 80, 1.0)",0.0,0.0,0.19986508963310082,32.480000000000004,-0.4503037532228339,0.0,0.0,0.0,0.0,11.046651596614387,-34.973185655020266,False,True,False,True,False,5.637758227250206,0,,,False,False,False,False,,,False,False,False,False,-127.0,-69.77929423115901,False,False,False,False,3.7722381830155345,False,False,False,False
2025-02-05 16:00:00+00:00,32.39,32.39,32.39,32.39,0.0,,,,,32.474873353596756,,,,,,,"rgba(239, 83, 80, 1.0)",0.0,0.0,0.1936894514515357,32.480000000000004,-0.4646613397143256,0.0,0.0,0.0,0.0,11.035129429900525,-35.56401872174089,False,True,False,True,False,5.637758227250206,0,,,False,False,False,False,,,False,False,False,False,-127.0,-70.66643695625731,False,False,False,False,3.713753870100565,False,False,False,False
2025-02-05 17:00:00+00:00,32.39,32.39,32.39,32.39,0.0,,,,,32.474873353596756,,,,,,,"rgba(239, 83, 80, 1.0)",0.0,0.0,0.1871485414759347,32.480000000000004,-0.48090142349079673,0.0,0.0,0.0,0.0,11.027447985424619,-36.077725071707874,False,True,False,True,False,5.637758227250206,0,,,False,False,False,False,,,False,False,False,False,-127.0,-71.5398255305789,False,False,False,False,3.6561762907191606,False,False,False,False
2025-02-05 18:00:00+00:00,32.39,32.39,32.39,32.39,0.0,,,,,32.474873353596756,,,,,,,"rgba(239, 83, 80, 1.0)",0.0,0.0,0.18020258869662767,32.480000000000004,-0.4994378862754244,0.0,0.0,0.0,0.0,11.022327022440681,-36.521982955622406,False,True,False,True,False,5.637758227250206,0,,,False,False,False,False,,,False,False,False,False,-127.0,-72.39967319677146,False,False,False,False,3.5994913869870806,False,False,False,False
2025-02-05 19:00:00+00:00,32.39,32.39,32.39,32.39,0.0,,,,,32.474873353596756,,,,,,,"rgba(239, 83, 80, 1.0)",0.0,0.0,0.17280275690157765,32.480000000000004,-0.5208250239390813,0.0,0.0,0.0,0.0,11.018913047118055,-36.90433076368583,False,True,False,True,False,5.637758227250206,0,,,False,False,False,False,,,False,False,False,False,-127.0,-73.24618989139515,False,False,False,False,3.543685318971777,False,False,False,False
2025-02-05 20:00:00+00:00,32.39,32.39,32.39,32.39,0.0,,,,,32.474873353596756,,,,,,,"rgba(239, 83, 80, 1.0)",0.0,0.0,0.1648879499418588,32.480000000000004,-0.5458252105853603,0.0,0.0,0.0,0.0,11.016637063569638,-37.231967049401355,False,True,False,True,False,5.637758227250206,0,,,False,False,False,False,,,False,False,False,False,-127.0,-74.07958229617972,False,False,False,False,3.4887444613132996,False,False,False,False
2025-02-06 15:00:00+00:00,32.39,32.39,32.39,32.39,0.0,,,,,32.474873353596756,,,,,,,"rgba(239, 83, 80, 1.0)",0.0,0.0,0.1563799945731407,32.480000000000004,-0.5755211863619127,0.0,0.0,0.0,0.0,11.015119741204026,-37.51161906839852,False,True,False,True,False,5.637758227250206,0,,,False,False,False,False,,,False,False,False,False,-127.0,-74.90005388848701,False,False,False,False,3.4346553998975895,False,False,False,False
2025-02-06 16:00:00+00:00,32.39,32.39,32.39,32.39,0.0,,,,,32.474873353596756,,,,,,,"rgba(239, 83, 80, 1.0)",0.0,0.0,0.1471760605288288,32.480000000000004,-0.6115124951477705,0.0,0.0,0.0,0.0,11.014108192960286,-37.749466115277976,False,True,False,True,False,5.637758227250206,0,,,False,False,False,False,,,False,False,False,False,-127.0,-75.7078049909911,False,False,False,False,3.3814049285813477,False,False,False,False
2025-02-06 17:00:00+00:00,32.39,32.39,32.39,32.39,0.0,,,,,32.474873353596756,,,,,,,"rgba(239, 83, 80, 1.0)",0.0,0.0,0.13713608681269432,32.480000000000004,-0.6562823986871438,0.0,0.0,0.0,0.0,11.013433827464459,-37.95110479102155,False,True,False,True,False,5.637758227250206,0,,,False,False,False,False,,,False,False,False,False,-127.0,-76.50303282058812,False,False,False,False,3.3289800459676835,False,False,False,False
2025-02-06 18:00:00+00:00,32.39,32.39,32.39,32.39,0.0,,,,,32.474873353596756,,,,,,,"rgba(239, 83, 80, 1.0)",0.0,0.0,0.1357558752233219,32.480000000000004,-0.6629547329126722,0.0,0.0,0.0,0.0,11.012984250467241,-38.121545024138165,False,True,False,True,False,5.637758227250206,0,,,False,False,False,False,,,False,False,False,False,-127.0,-77.28593153654799,False,False,False,False,3.2773679522317503,False,False,False,False
2025-02-06 19:00:00+00:00,32.39,32.39,32.39,32.39,0.0,,,,,32.474873353596756,,,,,,,"rgba(239, 83, 80, 1.0)",0.0,0.0,0.1343421743899222,32.480000000000004,-0.6699310950467603,0.0,0.0,0.0,0.0,11.012684532469095,-38.26522761926869,False,True,False,True,False,5.637758227250206,0,,,False,False,False,False,,,False,False,False,False,-127.0,-78.05669228791933,False,False,False,False,3.226556045995599,False,False,False,False
2025-02-06 20:00:00+00:00,32.39,32.39,32.39,32.39,0.0,,,,,32.474873353596756,,,,,,,"rgba(239, 83, 80, 1.0)",0.0,0.0,0.132893915559687,32.480000000000004,-0.6772319080295401,0.0,0.0,0.0,0.0,11.012484720470331,-38.38605600536279,False,True,False,True,False,5.637758227250206,0,,,False,False,False,False,,,False,False,False,False,-127.0,-78.81550326019965,False,False,False,False,3.176531921251481,False,False,False,False
2025-02-07 15:00:00+00:00,32.39,32.39,31.8,31.8,1.0,,,,,32.473424242424244,,,,,,,"rgba(239, 83, 80, 1.0)",0.0,0.0,0.15130864584120424,31.996666666666663,-1.2997715072611256,0.0,0.0,0.0,0.0,7.396915316682869,-41.7413291271592,False,True,False,True,False,0.0,0,,,False,False,False,False,,,False,False,False,False,-128.0,-79.57805359725081,False,False,False,False,3.1427872403018458,False,False,False,False
2025-02-07 16:00:00+00:00,31.8,31.8,31.8,31.8,0.0,,,,,32.473424242424244,,,,,,,"rgba(239, 83, 80, 1.0)",0.0,0.0,0.167476016838857,31.996666666666663,-1.174297492732298,0.0,0.0,0.0,0.0,4.9865357141578945,-43.77855137120372,False,True,False,True,False,0.0,0,,,False,False,False,False,,,False,False,False,False,-128.0,-80.32878144845623,False,False,False,False,3.0940618567312743,False,False,False,False
2025-02-07 17:00:00+00:00,31.8,31.8,31.61,31.61,50.0,,,,,32.36814912280701,,,,,,,"rgba(239, 83, 80, 1.0)",0.0,0.0,0.19195269687563923,31.679673202614378,-0.3629706888646519,0.0,0.0,0.0,0.0,3.363787225493112,-45.049600818160066,False,True,False,True,False,0.0,0,,,False,False,False,False,,,False,False,False,False,-178.0,-81.84306390661969,False,False,False,False,3.8212857039137353,False,False,False,False
2025-02-07 18:00:00+00:00,31.61,31.61,31.61,31.61,0.0,,,,,32.36814912280701,,,,,,,"rgba(239, 83, 80, 1.0)",0.0,0.0,0.21327561156044078,31.679673202614378,-0.32668152774061365,0.0,0.0,0.0,0.0,2.2819548997165904,-45.861627002919406,False,True,False,True,False,0.0,0,,,False,False,False,False,,,False,False,False,False,-178.0,-83.33386911736977,False,False,False,False,3.7620409643181736,False,False,False,False
2025-02-07 19:00:00+00:00,31.61,31.61,31.61,31.61,0.0,,,,,32.36814912280701,,,,,,,"rgba(239, 83, 80, 1.0)",0.0,0.0,0.2323147910963828,31.679673202614378,-0.29990859508154366,0.0,0.0,0.0,0.0,1.5607333491989093,-46.41230719202889,False,True,False,True,False,0.0,0,,,False,False,False,False,,,False,False,False,False,-178.0,-84.80156106903846,False,False,False,False,3.7037147478171164,False,False,False,False
2025-02-07 20:00:00+00:00,31.61,31.61,31.515,31.515,5.0,,,,,32.35748051948052,,,,,,,"rgba(239, 83, 80, 1.0)",0.0,0.0,0.2538734699387333,31.661741071428576,-0.5780086885958907,0.0,0.0,0.0,0.0,1.0732401511239809,-46.822982977345966,False,True,False,True,False,0.0,0,,,False,False,False,False,,,False,False,False,False,-183.0,-86.32401748657274,False,False,False,False,3.723812193587394,True,False,False,False
2025-02-10 15:00:00+00:00,31.515,31.515,31.515,31.515,0.0,,,,,32.35748051948052,,,,,,,"rgba(239, 83, 80, 1.0)",0.0,0.0,0.27336404463808944,31.661741071428576,-0.5367972646982455,0.0,0.0,0.0,0.0,0.7482446857406952,-47.1504668268871,False,True,False,True,False,0.0,0,,,False,False,False,False,,,False,False,False,False,-183.0,-87.82286992864137,False,False,False,False,3.666078671206194,True,False,False,False
2025-02-10 16:00:00+00:00,31.515,31.515,31.515,31.515,0.0,,,,,32.35748051948052,,,,,,,"rgba(239, 83, 80, 1.0)",0.0,0.0,0.2912020752821714,31.661741071428576,-0.503914923292992,0.0,0.0,0.0,0.0,0.5315810421518381,-47.431108211472974,False,True,False,True,False,0.0,0,,,False,False,False,False,,,False,False,False,False,-183.0,-89.29848434835235,False,False,False,False,3.609240242195245,True,False,False,False
2025-02-10 17:00:00+00:00,31.515,31.515,31.515,31.515,0.0,,,,,32.35748051948052,,,,,,,"rgba(239, 83, 80, 1.0)",0.0,0.0,0.30767512408704256,31.661741071428576,-0.4769351174034527,0.0,0.0,0.0,0.0,0.38713861309260006,-47.683544581719396,False,True,False,True,False,0.0,0,,,False,False,False,False,,,False,False,False,False,-183.0,-90.75122102512206,False,False,False,False,3.5532830291379542,True,False,False,False
2025-02-10 18:00:00+00:00,31.515,31.515,31.515,31.515,0.0,,,,,32.35748051948052,,,,,,,"rgba(239, 83, 80, 1.0)",0.0,0.0,0.3229921065612846,31.661741071428576,-0.4543178252584722,0.0,0.0,0.0,0.0,0.2908436603864413,-47.91649883372225,False,True,False,True,False,0.0,0,,,False,False,False,False,,,False,False,False,False,-183.0,-92.18143465263954,False,False,False,False,3.4981933697714744,False,False,False,False
2025-02-10 19:00:00+00:00,31.515,31.515,31.515,31.515,0.0,,,,,32.35748051948052,,,,,,,"rgba(239, 83, 80, 1.0)",0.0,0.0,0.33738831318507395,31.661741071428576,-0.43493228927606886,0.0,0.0,0.0,0.0,0.22664702524900218,-48.133444057131484,False,True,False,True,False,0.0,0,,,False,False,False,False,,,False,False,False,False,-183.0,-93.58947442546682,False,False,False,False,3.4439578136509863,False,False,False,False
2025-02-10 20:00:00+00:00,31.515,31.515,31.515,31.515,0.0,,,,,32.35748051948052,,,,,,,"rgba(239, 83, 80, 1.0)",0.0,0.0,0.35079282148242363,31.661741071428576,-0.41831264051658457,0.0,0.0,0.0,0.0,0.1838492684907094,-48.33531749141268,False,True,False,True,False,0.0,0,,,False,False,False,False,,,False,False,False,False,-183.0,-94.97568412429678,False,False,False,False,3.3905631188656997,False,False,False,False
2025-02-11 15:00:00+00:00,31.515,31.71,31.515,31.71,1.0,,,,,32.35563471502591,,,,,,,"rgba(38, 166, 154, 1.0)",0.0,0.0,0.3580973494899227,31.654341374269002,0.15542875648278173,0.0,0.0,0.0,0.0,14.8829381013402,-37.90676225882284,False,False,False,True,True,0.0,0,,,False,False,False,False,,,False,False,False,False,-182.0,-96.32489832392008,False,False,False,False,3.3535001247747585,False,False,False,False
2025-02-11 16:00:00+00:00,31.71,31.71,31.71,31.71,0.0,,,,,32.35563471502591,,,,,,,"rgba(38, 166, 154, 1.0)",0.0,0.0,0.36502089289826767,31.654341374269002,0.15248065744694508,0.0,0.0,0.0,0.0,24.682330656573193,-29.813395901549136,True,False,False,True,True,0.0,0,,,False,False,False,False,,,False,False,False,False,-182.0,-97.65319447393682,False,False,False,False,3.3015078747782507,False,False,False,False
2025-02-11 17:00:00+00:00,31.71,31.71,31.71,31.71,0.0,,,,,32.35563471502591,,,,,,,"rgba(38, 166, 154, 1.0)",0.0,0.0,0.3712038123056752,31.654341374269002,0.14994087853054044,0.0,0.0,0.0,0.0,31.215259026728525,-24.845788072778394,True,False,False,True,True,0.0,0,,,False,False,False,False,,,False,False,False,False,-182.0,-98.9608968851936,False,False,False,False,3.2503217061770373,False,False,False,False
2025-02-11 18:00:00+00:00,31.71,31.71,31.71,31.71,0.0,,,,,32.35563471502591,,,,,,,"rgba(38, 166, 154, 1.0)",0.0,0.0,0.3770021626338867,31.654341374269002,0.14763476512215615,0.0,0.0,0.0,0.0,35.57054460683208,-21.685394313191054,True,False,False,True,True,0.0,0,,,False,False,False,False,,,False,False,False,False,-182.0,-100.24832484046192,False,False,False,False,3.199929121585145,False,False,False,False
2025-02-11 19:00:00+00:00,31.71,31.71,31.71,31.71,0.0,,,,,32.35563471502591,,,,,,,"rgba(38, 166, 154, 1.0)",0.0,0.0,0.3824334364740229,31.654341374269002,0.14553807387806542,0.0,0.0,0.0,0.0,38.47406832690112,-19.54671617345837,True,False,False,True,True,0.0,0,,,False,False,False,False,,,False,False,False,False,-182.0,-101.51579267239273,False,False,False,False,3.1503178173745225,False,False,False,False
2025-02-11 20:00:00+00:00,31.71,31.71,31.71,31.71,0.0,,,,,32.35563471502591,,,,,,,"rgba(38, 166, 154, 1.0)",0.0,0.0,0.38751306865494983,31.654341374269002,0.14363031916365754,0.0,0.0,0.0,0.0,40.409750806947144,-17.973271732817835,True,False,False,True,True,0.0,0,,,False,False,False,False,,,False,False,False,False,-182.0,-102.7636098402626,False,False,False,False,3.1014756806710415,False,False,False,False
2025-02-12 15:00:00+00:00,31.71,31.71,31.71,31.71,0.0,,,,,32.35563471502591,,,,,,,"rgba(38, 166, 154, 1.0)",0.0,0.0,0.3922547205143152,31.654341374269002,0.14189408774487275,0.0,0.0,0.0,0.0,41.70020579364449,-16.708373688419137,True,False,False,True,True,0.0,0,,,False,False,False,False,,,False,False,False,False,-182.0,-103.99208100552984,False,False,False,False,3.0533907863970717,False,False,False,False
2025-02-12 16:00:00+00:00,31.71,31.71,31.71,31.71,0.0,,,,,32.35563471502591,,,,,,,"rgba(38, 166, 154, 1.0)",0.0,0.0,0.39667051251069013,31.654341374269002,0.14031450278144583,0.0,0.0,0.0,0.0,42.560509118109394,-15.614113960189314,True,False,False,True,True,0.0,0,,,False,False,False,False,,,False,False,False,False,-182.0,-105.2015061062193,False,False,False,False,3.0060513943599076,False,False,False,False
2025-02-12 17:00:00+00:00,31.71,31.71,31.71,31.71,0.0,,,,,32.35563471502591,,,,,,,"rgba(38, 166, 154, 1.0)",0.0,0.0,0.40133951388494477,31.654341374269002,0.1386821476714971,0.0,0.0,0.0,0.0,43.13404466775266,-14.62121494396888,True,False,False,True,True,0.0,0,,,False,False,False,False,,,False,False,False,False,-182.0,-106.39218043015387,False,False,False,False,2.9594459463853355,False,False,False,False
2025-02-12 18:00:00+00:00,31.71,31.71,31.71,31.71,0.0,,,,,32.35563471502591,,,,,,,"rgba(38, 166, 154, 1.0)",0.0,0.0,0.40574953442324907,31.654341374269002,0.13717483572745065,0.0,0.0,0.0,0.0,43.51640170084817,-13.698490611104674,True,False,False,True,True,0.0,0,,,False,False,False,False,,,False,False,False,False,-182.0,-107.56439468705071,False,False,False,False,2.91356306349564,False,False,False,False
2025-02-12 19:00:00+00:00,31.71,31.71,31.71,31.71,0.0,,,,,32.35563471502591,,,,,,,"rgba(38, 166, 154, 1.0)",0.0,0.0,0.40990893297576747,31.654341374269002,0.1357829050636697,0.0,0.0,0.0,0.0,43.77130638957851,-12.834645626917286,True,False,False,True,True,0.0,0,,,False,False,False,False,,,False,False,False,False,-182.0,-108.71843507949953,False,False,False,False,2.8683915431313665,False,False,False,False
2025-02-12 20:00:00+00:00,31.71,31.71,31.71,31.71,0.0,,,,,32.35563471502591,,,,,,,"rgba(38, 166, 154, 1.0)",0.0,0.0,0.41382526669036346,31.654341374269002,0.13449789128667256,0.0,0.0,0.0,0.0,43.941242848732074,-12.02774294392674,True,False,False,True,True,0.0,0,,,False,False,False,False,,,False,False,False,False,-182.0,-109.85458337284062,False,False,False,False,2.8239203564161515,False,False,False,False
2025-02-13 15:00:00+00:00,31.71,31.71,31.71,31.71,0.0,,,,,32.35563471502591,,,,,,,"rgba(38, 166, 154, 1.0)",0.0,0.0,0.4175053757004071,31.654341374269002,0.1333123570867222,0.0,0.0,0.0,0.0,44.05453382150112,-11.279363253472575,True,False,False,True,True,0.0,0,,,False,False,False,False,,,False,False,False,False,-182.0,-110.97311696395937,False,False,False,False,2.780138645463963,False,False,False,False
2025-02-13 16:00:00+00:00,31.71,31.71,31.71,31.71,0.0,,,,,32.35563471502591,,,,,,,"rgba(38, 166, 154, 1.0)",0.0,0.0,0.4209554554765802,31.654341374269002,0.13221975153638396,0.0,0.0,0.0,0.0,44.130061136680474,-10.591576007493728,True,False,False,True,True,0.0,1,,,False,False,False,False,,,False,False,False,False,-182.0,-112.07430894901425,False,False,False,False,2.7370357207280875,False,False,False,False
2025-02-13 17:00:00+00:00,31.71,31.71,31.71,31.71,0.0,,,,,32.35563471502591,,,,,,,"rgba(38, 166, 154, 1.0)",0.0,0.0,0.4213070396060592,31.654341374269002,0.1321094130851506,0.0,0.0,0.0,0.0,44.18041268013338,-9.96554777690747,True,False,False,True,True,0.0,0,,,False,False,False,False,,,False,False,False,False,-182.0,-113.1584281901148,False,False,False,False,2.694601058391218,False,False,False,False
2025-02-13 18:00:00+00:00,31.71,31.71,31.71,31.71,0.0,,,,,32.35563471502591,,,,,,,"rgba(38, 166, 154, 1.0)",0.0,0.0,0.4212725038766746,31.654341374269002,0.13212024335510053,0.0,0.0,0.0,0.0,44.21398037576865,-9.401065352788756,True,False,False,True,True,0.0,0,,,False,False,False,False,,,False,False,False,False,-182.0,-114.22573938096573,False,False,False,False,2.6528242977960055,False,False,False,False
2025-02-13 19:00:00+00:00,31.71,31.71,31.71,31.71,0.0,,,,,32.35563471502591,,,,,,,"rgba(38, 166, 154, 1.0)",0.0,0.0,0.4208517532317036,31.654341374269002,0.1322523318569982,0.0,0.0,0.0,0.0,44.236358839525494,-8.896537480035889,True,False,False,True,True,0.0,0,,,False,False,False,False,,,False,False,False,False,-182.0,-115.2765031114934,False,False,False,False,2.611695238915447,False,False,False,False
2025-02-13 20:00:00+00:00,31.71,31.71,31.71,31.71,0.0,,,,,32.35563471502591,,,,,,,"rgba(38, 166, 154, 1.0)",0.0,0.0,0.4200436270777709,31.654341374269002,0.13250677344687725,0.0,0.0,0.0,0.0,44.251277815363395,-8.449218927241866,True,False,False,True,True,0.0,0,,,False,False,False,False,,,False,False,False,False,-182.0,-116.31097593147024,False,False,False,False,2.5712038398624943,False,False,False,False
2025-02-14 15:00:00+00:00,31.71,31.71,31.71,31.71,0.0,,,,,32.35563471502591,,,,,,,"rgba(38, 166, 154, 1.0)",0.0,0.0,0.4188458832003424,31.654341374269002,0.13288569367262026,0.0,0.0,0.0,0.0,44.261223799255326,-8.055511942783006,True,False,False,True,True,0.0,0,,,False,False,False,False,,,False,False,False,False,-182.0,-117.32941041315287,False,False,False,False,2.5313402144382695,False,False,False,False
2025-02-14 16:00:00+00:00,31.71,31.71,31.71,31.71,0.0,,,,,32.35563471502591,,,,,,,"rgba(38, 166, 154, 1.0)",0.0,0.0,0.4172551663836831,31.654341374269002,0.13339229856250218,0.0,0.0,0.0,0.0,44.26785445518328,-7.711267882403476,True,False,False,True,True,0.0,0,,,False,False,False,False,-0.2211336109561014,-0.2211336109561014,False,False,False,False,-182.0,-118.33205521294894,False,False,False,False,2.4920946297182964,False,False,False,False
2025-02-14 17:00:00+00:00,31.71,31.71,31.71,31.71,0.0,,,,,32.35563471502591,,,,,,,"rgba(38, 166, 154, 1.0)",0.0,0.0,0.41526696069956004,31.654341374269002,0.13403095116749977,0.0,0.0,0.0,0.0,44.27227489246859,-7.412052016494222,True,False,False,True,True,0.0,0,0.7224669603524211,1.2775330396475788,False,False,False,False,-0.2211336109561014,-0.2211336109561014,False,False,False,False,-182.0,-119.31915513212803,False,False,False,False,2.453457503676152,False,False,False,False
2025-02-14 18:00:00+00:00,31.71,31.71,31.71,31.71,0.0,,,,,32.35563471502591,,,,,,,"rgba(38, 166, 154, 1.0)",0.0,0.0,0.41287552385458703,31.654341374269002,0.13480727850218,0.0,0.0,0.0,0.0,44.27522185065879,-7.153357603445201,True,False,False,True,True,0.0,0,0.7224669603524211,1.2775330396475788,False,False,False,False,-0.2211336109561014,-0.2211336109561014,False,False,False,False,-182.0,-120.29095117659115,False,False,False,False,2.4154194028439635,False,False,False,False
2025-02-14 19:00:00+00:00,31.71,31.71,31.71,31.71,0.0,,,,,32.35563471502591,,,,,,,"rgba(38, 166, 154, 1.0)",0.0,0.0,0.41007380131206145,31.654341374269002,0.13572831415446412,0.0,0.0,0.0,0.0,44.277186489452255,-6.9307678792572744,True,False,False,True,True,0.0,0,0.7224669603524211,1.2775330396475788,False,False,False,False,-0.2211336109561014,-0.2211336109561014,False,False,False,False,-182.0,-121.24768061571376,False,False,False,False,2.3779710400091734,False,False,False,False
2025-02-14 20:00:00+00:00,31.71,31.71,31.71,31.71,0.0,,,,,32.35563471502591,,,,,,,"rgba(38, 166, 154, 1.0)",0.0,0.0,0.40685331708322503,31.654341374269002,0.13680268390097303,0.0,0.0,0.0,0.0,44.2784962486479,-6.740070866580368,True,False,False,True,True,0.0,0,0.7224669603524211,1.2775330396475788,False,False,False,False,-0.2211336109561014,-0.2211336109561014,False,False,False,False,-182.0,-122.18957704027633,False,False,False,False,2.3411032719470155,False,False,False,False
2025-02-17 15:00:00+00:00,31.71,31.71,31.71,31.71,0.0,,,,,32.35563471502591,,,,,,,"rgba(38, 166, 154, 1.0)",0.0,0.0,0.4032040370525787,31.654341374269002,0.13804084437711314,0.0,0.0,0.0,0.0,44.279369421445,-6.577334484225837,True,False,False,True,True,0.0,0,0.7224669603524211,1.2775330396475788,False,False,False,False,-0.2211336109561014,-0.2211336109561014,False,False,False,False,-182.0,-123.11687041949685,False,False,False,False,2.304807097188147,False,False,False,False
2025-02-17 16:00:00+00:00,31.71,31.71,31.71,31.71,0.0,,,,,32.35563471502591,,,,,,,"rgba(38, 166, 154, 1.0)",0.0,0.0,0.3991141993767524,31.654341374269002,0.1394553885026241,0.0,0.0,0.0,0.0,44.27995153664306,-6.438949970203986,True,False,False,True,True,0.0,0,0.7454545454545427,1.286363636363638,False,False,False,False,-0.2211336109561014,-0.2211336109561014,False,False,False,False,-182.0,-124.02978715717906,False,False,False,False,2.269073653820889,False,False,False,False
2025-02-17 17:00:00+00:00,31.71,31.71,31.71,31.71,0.0,,,,,32.35563471502591,,,,,,,"rgba(38, 166, 154, 1.0)",0.0,0.0,0.3945701047565182,31.654341374269002,0.14106143638364257,0.0,0.0,0.0,0.0,44.28033961344177,-6.321651105564044,True,False,False,True,True,0.0,0,0.7454545454545427,1.2545454545454573,False,False,False,False,-0.2211336109561014,-0.2211336109561014,False,False,False,False,-182.0,-124.92855014699023,False,False,False,False,2.233894217327542,False,False,False,False
2025-02-17 18:00:00+00:00,31.71,31.71,31.71,31.71,0.0,,,,,32.35563471502591,,,,,,,"rgba(38, 166, 154, 1.0)",0.0,0.0,0.3895558570548879,31.654341374269002,0.14287713744516117,0.0,0.0,0.0,0.0,44.28059833130757,-6.222515726506202,True,False,False,True,True,0.0,0,0.7454545454545427,1.2545454545454573,False,False,False,False,-0.2211336109561014,-0.2211336109561014,False,False,False,False,-182.0,-125.81337882688184,False,False,False,False,2.1992601984542466,False,False,False,False
2025-02-17 19:00:00+00:00,31.71,31.71,31.71,31.71,0.0,,,,,32.35563471502591,,,,,,,"rgba(38, 166, 154, 1.0)",0.0,0.0,0.38405304156944464,31.654341374269002,0.14492431957718152,0.0,0.0,0.0,0.0,44.28077080988478,-6.1389548703112595,True,False,False,True,True,0.0,0,0.7454545454545427,1.2545454545454573,False,False,False,False,-0.2211336109561014,-0.2211336109561014,False,False,False,False,-182.0,-126.68448923266662,False,False,False,False,2.1651631411138705,False,False,False,False
2025-02-17 20:00:00+00:00,31.71,31.71,31.71,31.71,0.0,,,,,32.35563471502591,,,,,,,"rgba(38, 166, 154, 1.0)",0.0,0.0,0.3780403238895155,31.654341374269002,0.14722933563898158,0.0,0.0,0.0,0.0,44.28088579560291,-6.068693794281742,True,False,False,True,True,0.0,0,0.7454545454545427,1.2545454545454573,False,False,False,False,-0.2211336109561014,-0.2211336109561014,False,False,False,False,-182.0,-127.5420940507648,False,False,False,False,2.131594720321407,False,False,False,False
2025-02-18 15:00:00+00:00,31.71,31.71,31.71,31.71,0.0,,,,,32.35563471502591,,,,,,,"rgba(38, 166, 154, 1.0)",0.0,0.0,0.37149294610936107,31.654341374269002,0.14982417920423674,0.0,0.0,0.0,0.0,44.28096245274834,-6.009748121456191,True,False,False,True,True,0.0,0,0.7454545454545427,1.2545454545454573,False,False,False,False,-0.2211336109561014,-0.2211336109561014,False,False,False,False,-182.0,-128.38640267013278,False,False,False,False,2.0985467401613853,False,False,False,False
2025-02-18 16:00:00+00:00,31.71,31.71,31.71,31.71,0.0,,,,,32.35563471502591,,,,,,,"rgba(38, 166, 154, 1.0)",0.0,0.0,0.36438208834451546,31.654341374269002,0.15274797392997744,0.0,0.0,0.0,0.0,44.281013557511955,-5.960397534165473,True,False,False,True,True,0.0,0,0.7454545454545427,1.2545454545454573,False,False,False,False,-0.2211336109561014,-0.2211336109561014,False,False,False,False,-182.0,-129.21762123338655,False,False,False,False,2.06601113178679,False,False,False,False
2025-02-18 17:00:00+00:00,31.71,31.71,31.71,31.71,0.0,,,,,32.35563471502591,,,,,,,"rgba(38, 166, 154, 1.0)",0.0,0.0,0.35667405060977275,31.654341374269002,0.1560489910489545,0.0,0.0,0.0,0.0,44.28104762735437,-5.91915875882286,True,False,False,True,True,0.0,0,0.7454545454545427,1.2545454545454573,False,False,False,False,-0.2211336109561014,-0.2211336109561014,False,False,False,False,-182.0,-130.0359526871325,False,False,False,False,2.0339799514490102,False,False,False,False
2025-02-18 18:00:00+00:00,31.71,31.71,31.71,31.71,0.0,,,,,32.35563471502591,,,,,,,"rgba(38, 166, 154, 1.0)",0.0,0.0,0.35428723014165503,31.654341374269002,0.1571002875512751,0.0,0.0,0.0,0.0,44.281070340582644,-5.884759049950198,True,False,False,True,True,0.0,0,0.7454545454545427,1.2545454545454573,False,False,False,False,-0.2211336109561014,-0.2211336109561014,False,False,False,False,-182.0,-130.84159683151805,False,False,False,False,2.002445378558328,False,False,False,False
2025-02-18 19:00:00+00:00,31.71,31.71,31.71,31.71,0.0,,,,,32.35563471502591,,,,,,,"rgba(38, 166, 154, 1.0)",0.0,0.0,0.35164737148723096,31.654341374269002,0.15827965810067163,0.0,0.0,0.0,0.0,44.281085482734824,-5.856110969179511,True,False,False,True,True,0.0,0,0.7454545454545427,1.2545454545454573,False,False,False,False,-0.2211336109561014,-0.2211336109561014,False,False,False,False,-182.0,-131.6347503690139,False,False,False,False,1.9713997137744779,False,False,False,False
2025-02-18 20:00:00+00:00,31.71,31.71,31.71,31.71,0.0,,,,,32.35563471502591,,,,,,,"rgba(38, 166, 154, 1.0)",0.0,0.0,0.3487487285649664,31.654341374269002,0.15959520758691584,0.0,0.0,0.0,0.0,44.281095577502946,-5.832288945095783,True,False,False,True,True,0.0,0,0.7454545454545427,1.2545454545454573,False,False,False,False,-0.2211336109561014,-0.2211336109561014,False,False,False,False,-182.0,-132.41560695244004,False,False,False,False,1.9408353771268114,False,False,False,False
2025-02-19 15:00:00+00:00,31.71,31.71,31.71,31.71,0.0,,,,,32.35563471502591,,,,,,,"rgba(38, 166, 154, 1.0)",0.0,0.0,0.34558478966362516,31.654341374269002,0.16105635258187748,0.0,0.0,0.0,0.0,44.28110230734836,-5.812507872568972,True,False,False,True,True,0.0,0,0.7454545454545427,1.2545454545454573,False,False,False,False,-0.2211336109561014,-0.2211336109561014,False,False,False,False,-182.0,-133.18435723224718,False,False,False,False,1.910744906163605,False,False,False,False
2025-02-19 16:00:00+00:00,31.71,31.71,31.71,31.71,0.0,,,,,32.35563471502591,,,,,,,"rgba(38, 166, 154, 1.0)",0.0,0.0,0.34214819506668864,31.654341374269002,0.16267402994819327,0.0,0.0,0.0,0.0,44.281106793911974,-5.796103848148938,True,False,False,True,True,0.0,0,0.7454545454545427,1.2545454545454573,False,False,False,False,-0.2211336109561014,-0.2211336109561014,False,False,False,False,-182.0,-133.94118890306507,False,False,False,False,1.8811209541300606,False,False,False,False
2025-02-19 17:00:00+00:00,31.71,31.71,31.71,31.71,0.0,,,,,32.35563471502591,,,,,,,"rgba(38, 166, 154, 1.0)",0.0,0.0,0.3384306388276673,31.654341374269002,0.16446095401941663,0.0,0.0,0.0,0.0,44.28110978495438,-5.782517026300219,True,False,False,True,True,0.0,0,0.7068062827225092,1.2931937172774908,False,False,False,False,-0.2211336109561014,-0.2211336109561014,False,False,False,False,-182.0,-134.6862867495292,False,False,False,False,1.8519562881745557,False,False,False,False
2025-02-19 18:00:00+00:00,31.71,31.71,31.71,31.71,0.0,,,,,32.35563471502591,,,,,,,"rgba(38, 166, 154, 1.0)",0.0,0.0,0.3344227512843326,31.654341374269002,0.16643193537893228,0.0,0.0,0.0,0.0,44.28111177898265,-5.77127650750856,True,False,False,True,True,0.0,0,0.7068062827225092,1.2931937172774908,False,False,False,False,-0.2211336109561014,-0.2211336109561014,False,False,False,False,-182.0,-135.41983269139695,False,False,False,False,1.8232437875827021,False,False,False,False
2025-02-19 19:00:00+00:00,31.71,31.71,31.71,31.71,0.0,,,,,32.35563471502591,,,,,,,"rgba(38, 166, 154, 1.0)",0.0,0.0,0.33011395793760595,31.654341374269002,0.1686042785913302,0.0,0.0,0.0,0.0,44.28111310833483,-5.761987123783378,True,False,False,True,True,0.0,0,0.7068062827225092,1.2931937172774908,False,False,False,False,-0.2211336109561014,-0.2211336109561014,False,False,False,False,-182.0,-136.14200582796445,False,False,False,False,1.7949764420387841,False,False,False,False
2025-02-19 20:00:00+00:00,31.71,31.71,31.71,31.71,0.0,,,,,32.35563471502591,,,,,,,"rgba(38, 166, 154, 1.0)",0.0,0.0,0.3254923090385543,31.654341374269002,0.17099828224944652,0.0,0.0,0.0,0.0,44.281113994569615,-5.754317962088621,True,False,False,True,True,0.0,0,0.7068062827225092,1.2931937172774908,False,False,False,False,-0.2211336109561014,-0.2211336109561014,False,False,False,False,-182.0,-136.85298248179447,False,False,False,False,1.7671473499141517,False,False,False,False
2025-02-20 15:00:00+00:00,31.71,31.71,31.71,31.71,0.0,,,,,32.35563471502591,,,,,,,"rgba(38, 166, 154, 1.0)",0.0,0.0,0.32054427249700995,31.654341374269002,0.17363787316311496,0.0,0.0,0.0,0.0,44.28111458539281,-5.747992455787035,True,False,False,True,True,0.0,0,0.7068062827225092,1.2931937172774908,False,False,False,False,-0.2211336109561014,-0.2211336109561014,False,False,False,False,-182.0,-137.55293624176664,False,False,False,False,1.7397497165821494,False,False,False,False
2025-02-20 16:00:00+00:00,31.71,31.71,31.71,31.71,0.0,,,,,32.35563471502591,,,,,,,"rgba(38, 166, 154, 1.0)",0.0,0.0,0.31525448036054043,31.654341374269002,0.17655141861059312,0.0,0.0,0.0,0.0,44.28111497927493,-5.742779873739757,True,False,False,True,True,0.0,0,0.7068062827225092,1.2931937172774908,False,False,False,False,-0.2211336109561014,-0.2211336109561014,False,False,False,False,-182.0,-138.2420380054602,False,False,False,False,1.7127768527591702,False,False,False,False
2025-02-20 17:00:00+00:00,31.71,31.71,31.71,31.71,0.0,,,,,32.35563471502591,,,,,,,"rgba(38, 166, 154, 1.0)",0.0,0.0,0.3096054158336394,31.654341374269002,0.17977277813804746,0.0,0.0,0.0,0.0,44.28111524186302,-5.738488042864198,True,False,False,True,True,0.0,0,0.7068062827225092,1.2931937172774908,False,False,False,False,-0.2211336109561014,-0.2211336109561014,False,False,False,False,-182.0,-138.9204560208794,False,False,False,False,1.686222172871431,False,False,False,False
2025-02-20 18:00:00+00:00,31.71,31.71,31.71,31.71,0.0,,,,,32.35563471502591,,,,,,,"rgba(38, 166, 154, 1.0)",0.0,0.0,0.303577023190189,31.654341374269002,0.18334268234829162,0.0,0.0,0.0,0.0,44.28111541692174,-5.734957150218271,True,False,False,True,True,0.0,0,0.7068062827225092,1.2931937172774908,False,False,False,False,-0.2211336109561014,-0.2211336109561014,False,False,False,False,-182.0,-139.58835592753246,False,False,False,False,1.6600791934470678,False,False,False,False
2025-02-20 19:00:00+00:00,31.71,31.71,31.71,31.71,0.0,,,,,32.35563471502591,,,,,,,"rgba(38, 166, 154, 1.0)",0.0,0.0,0.2971462163209918,31.654341374269002,0.1873105652163971,0.0,0.0,0.0,0.0,44.281115533627556,-5.732054483241633,True,False,False,True,True,0.0,0,0.7068062827225092,1.2931937172774908,False,False,False,False,-0.2211336109561014,-0.2211336109561014,False,False,False,False,-182.0,-140.24590079687306,False,False,False,False,1.6343415315331598,False,False,False,False
2025-02-20 20:00:00+00:00,31.71,32.57,31.71,32.57,100.0,,,,,32.34075788751715,,,,,,,"rgba(38, 166, 154, 1.0)",1.0,31.967,0.30236827971297564,32.283333333333324,0.9480712293590964,0.0,0.0,0.0,0.0,62.81660639802709,10.95227172756605,True,False,True,False,True,20.0,0,0.7978339350180484,0.8916967509025274,False,False,False,False,0.030271220193459167,-0.09543119538132111,False,False,False,False,-82.0,-139.34286357521611,False,True,False,False,3.1593905000365217,False,True,False,False
2025-02-21 15:00:00+00:00,32.57,32.57,32.57,32.57,0.0,,,,,32.34075788751715,,,,,,,"rgba(38, 166, 154, 1.0)",0.0,0.0,0.3074826882990508,32.283333333333324,0.9323018094204717,0.0,0.0,0.0,0.0,75.17360030762678,20.96339425472543,True,False,True,False,True,20.0,0,1.1083032490974727,0.8916967509025274,False,False,False,False,0.28564570712400167,0.09510725587134028,False,False,False,False,-82.0,-138.4538269306391,False,True,False,False,3.110407701586343,False,True,False,False
2025-02-21 16:00:00+00:00,32.57,32.57,32.57,32.57,0.0,,,,,32.34075788751715,,,,,,,"rgba(38, 166, 154, 1.0)",0.0,0.0,0.3124947278834676,32.283333333333324,0.9173488097168052,0.0,0.0,0.0,0.0,83.41159624735991,27.044641157839493,True,False,True,False,True,20.0,0,1.1083032490974727,0.8916967509025274,False,False,False,False,0.28564570712400167,0.19037648149767097,False,False,False,False,-82.0,-137.57857379993152,False,True,False,False,3.0621843263679502,False,True,False,False
2025-02-21 17:00:00+00:00,32.57,32.57,32.57,32.57,0.0,,,,,32.34075788751715,,,,,,,"rgba(38, 166, 154, 1.0)",0.0,0.0,0.31740924786565067,32.283333333333324,0.903145288280992,0.0,0.0,0.0,0.0,88.90359354051533,30.86179754182399,True,False,True,False,True,20.0,0,1.1083032490974727,0.8916967509025274,False,False,False,False,0.28564570712400167,0.23801109431083634,False,False,False,False,-82.0,-136.7168904852039,False,True,False,False,3.0147086003777495,False,True,False,False
2025-02-21 18:00:00+00:00,32.57,32.57,32.57,32.57,0.0,,,,,32.34075788751715,,,,,,,"rgba(38, 166, 154, 1.0)",0.0,0.0,0.3222307102537527,32.283333333333324,0.8896317375861832,0.0,0.0,0.0,0.0,92.56492506928561,33.406769575795494,True,False,True,False,True,20.0,0,1.113636363636363,0.9356060606060597,False,False,False,False,0.28564570712400167,0.261828400717419,False,False,False,False,-82.0,-135.86856660171236,False,True,False,False,2.9679689321548386,False,True,False,False
2025-02-21 19:00:00+00:00,32.57,32.57,32.57,32.57,0.0,,,,,32.34075788751715,,,,,,,"rgba(38, 166, 154, 1.0)",0.0,0.0,0.3269632318089638,32.283333333333324,0.8767550561592439,0.0,0.0,0.0,0.0,95.00581275513247,35.255424636126065,True,False,True,False,True,20.0,0,1.0643939393939403,0.9356060606060597,False,False,False,False,0.28564570712400167,0.27373705392071035,False,False,False,False,-82.0,-135.033395026492,False,True,False,False,2.9219539099508873,False,True,False,False
2025-02-21 20:00:00+00:00,32.57,32.57,32.57,32.57,0.0,,,,,32.34075788751715,,,,,,,"rgba(38, 166, 154, 1.0)",0.0,0.0,0.3316106204626305,32.283333333333324,0.8644676888416506,0.0,0.0,0.0,0.0,96.6330712123637,36.730943892064005,True,False,True,False,True,20.0,0,1.0643939393939403,0.9356060606060597,False,False,False,False,0.28564570712400167,0.279691380522356,False,False,False,False,-82.0,-134.2111718477867,False,True,False,False,2.8766522989438967,False,True,False,False
2025-02-24 15:00:00+00:00,32.57,32.57,32.57,32.57,0.0,,,,,32.34075788751715,,,,,,,"rgba(38, 166, 154, 1.0)",0.0,0.0,0.3361764069303253,32.283333333333324,0.8527269039617329,0.0,0.0,0.0,0.0,97.7179101838512,38.006270970387035,True,False,True,False,True,20.0,0,1.0643939393939403,0.9356060606060597,False,False,False,False,0.28564570712400167,0.28266854382317885,False,False,False,False,-82.0,-133.40169631526285,False,True,False,False,2.832053038495154,False,True,False,False
2025-02-24 16:00:00+00:00,32.57,32.57,32.22,32.22,100.0,,,,,32.34005972696246,,,,,,,"rgba(239, 83, 80, 1.0)",0.0,0.0,0.3330755940493967,32.32066666666666,-0.30223369248643434,0.0,0.0,0.0,0.0,81.4499270969248,42.2779866621683,True,False,True,False,False,11.293244252642697,0,0.9381443298969071,0.9690721649484523,False,False,False,False,0.17914087779791799,0.23090471081054842,False,False,False,False,-182.0,-134.15515838789443,False,False,False,False,4.338532836347943,False,False,False,False
2025-02-24 17:00:00+00:00,32.22,32.22,32.22,32.22,0.0,,,,,32.34005972696246,,,,,,,"rgba(239, 83, 80, 1.0)",0.0,0.0,0.32992985877564784,32.32066666666666,-0.3051153570647726,0.0,0.0,0.0,0.0,70.60460503897386,32.79858345254149,True,False,True,False,False,11.293244252642697,0,0.9106529209621996,1.0893470790378004,False,False,False,False,0.07652453730846688,0.15371462405950764,False,False,False,False,-182.0,-134.8969388780046,False,False,False,False,4.271268761365804,False,False,False,False
2025-02-24 18:00:00+00:00,32.22,32.22,32.22,32.22,0.0,,,,,32.34005972696246,,,,,,,"rgba(239, 83, 80, 1.0)",0.0,0.0,0.32673790361337773,32.32066666666666,-0.3080960780900969,0.0,0.0,0.0,0.0,63.37439033367323,26.677819144155663,True,False,True,False,False,11.293244252642697,0,0.9106529209621996,1.0893470790378004,False,False,False,False,0.07652453730846688,0.11511958068398725,False,False,False,False,-182.0,-135.62721889539986,False,False,False,False,4.205047540259358,False,False,False,False
2025-02-24 19:00:00+00:00,32.22,32.22,32.22,32.22,0.0,,,,,32.34005972696246,,,,,,,"rgba(239, 83, 80, 1.0)",0.0,0.0,0.3234983604119139,32.32066666666666,-0.311181381378508,0.0,0.0,0.0,0.0,58.55424719680616,22.517601422581464,False,False,True,False,False,11.293244252642697,0,0.9106529209621996,1.0893470790378004,False,False,False,False,0.07652453730846688,0.09582205899622706,False,False,False,False,-182.0,-136.34617674198282,False,False,False,False,4.13985300475146,False,False,False,False
2025-02-24 20:00:00+00:00,32.22,32.22,32.22,32.22,0.0,,,,,32.34005972696246,,,,,,,"rgba(239, 83, 80, 1.0)",0.0,0.0,0.32020978483849255,32.32066666666666,-0.31437723465395057,0.0,0.0,0.0,0.0,55.34081843889477,19.489333637217655,False,False,True,False,False,11.293244252642697,0,0.9106529209621996,1.0893470790378004,False,False,False,False,0.07652453730846688,0.08617329815234698,False,False,False,False,-182.0,-137.0539879552854,False,False,False,False,4.0756692372359336,False,False,False,False
2025-02-25 15:00:00+00:00,32.22,32.22,32.06,32.06,151.0,,,,,32.293606965174135,,,,,,,"rgba(239, 83, 80, 1.0)",0.0,0.0,0.31481557592796194,32.210557731088954,-0.47824104841433784,0.0,0.0,0.0,0.0,48.37290656926451,12.770775369047946,False,True,False,True,False,2.0837224334104043,0,0.8631921824104246,1.0846905537459282,False,False,False,False,0.030271220193459167,0.05822225917290307,False,False,False,False,-333.0,-140.09191062264532,False,False,False,False,6.35356583820902,False,False,False,False
2025-02-25 16:00:00+00:00,32.06,32.06,32.06,32.06,0.0,,,,,32.293606965174135,,,,,,,"rgba(239, 83, 80, 1.0)",0.0,0.0,0.309263874618669,32.210557731088954,-0.4868261166118868,0.0,0.0,0.0,0.0,43.727631989511,8.173699800213214,False,True,False,True,False,2.0837224334104043,0,0.8892617449664432,1.1409395973154348,False,False,False,False,-0.015852883704128195,0.02118468773438744,False,False,False,False,-333.0,-143.08273371376708,False,False,False,False,6.255060941492601,False,False,False,False
2025-02-25 17:00:00+00:00,32.06,32.06,32.06,32.06,0.0,,,,,32.293606965174135,,,,,,,"rgba(239, 83, 80, 1.0)",0.0,0.0,0.30354603966813004,32.210557731088954,-0.49599636105797457,0.0,0.0,0.0,0.0,40.63078226967533,4.83953970692103,False,True,False,True,False,2.0837224334104043,0,0.8892617449664432,1.110738255033557,False,False,False,False,-0.015852883704128195,0.0026659020151296228,False,False,False,False,-333.0,-146.0271874546389,False,False,False,False,6.158083252477211,False,False,False,False
2025-02-25 18:00:00+00:00,32.06,32.06,32.06,32.06,0.0,,,,,32.293606965174135,,,,,,,"rgba(239, 83, 80, 1.0)",0.0,0.0,0.30468211169872916,32.210557731088954,-0.49414693317415415,0.0,0.0,0.0,0.0,38.56621578978488,2.261200938517632,False,True,False,True,False,2.0837224334104043,0,0.8892617449664432,1.110738255033557,False,False,False,False,-0.015852883704128195,-0.006593490844499286,False,False,False,False,-333.0,-148.9259907499158,False,False,False,False,6.062609093524076,False,False,False,False
2025-02-25 19:00:00+00:00,32.06,32.06,32.06,32.06,0.0,,,,,32.293606965174135,,,,,,,"rgba(239, 83, 80, 1.0)",0.0,0.0,0.3057741320318437,32.210557731088954,-0.49238217140380214,0.0,0.0,0.0,0.0,37.18983813652458,0.14584737998576713,False,True,False,True,False,2.0837224334104043,0,0.8892617449664432,1.110738255033557,False,False,False,False,-0.015852883704128195,-0.011223187274313741,False,False,False,False,-333.0,-151.77985135844423,False,False,False,False,5.968615154089594,False,False,False,False
2025-02-25 20:00:00+00:00,32.06,32.06,32.06,32.06,0.0,,,,,32.293606965174135,,,,,,,"rgba(239, 83, 80, 1.0)",0.0,0.0,0.3056773309073442,32.210557731088954,-0.4925380977452613,0.0,0.0,0.0,0.0,36.272253034351046,-1.6711641610826646,False,True,False,True,False,2.0837224334104043,0,0.8892617449664432,1.110738255033557,False,False,False,False,-0.015852883704128195,-0.013538035489220968,False,False,False,False,-333.0,-154.58946606606523,False,False,False,False,5.876078485033942,False,False,False,False
2025-02-26 15:00:00+00:00,32.06,32.06,32.06,32.06,0.0,,,,,32.293606965174135,,,,,,,"rgba(239, 83, 80, 1.0)",0.0,0.0,0.30546107521004323,32.210557731088954,-0.4928867973944784,0.0,0.0,0.0,0.0,35.660529632902026,-3.2796114554621667,False,True,False,True,False,2.0837224334104043,0,0.8892617449664432,1.110738255033557,False,False,False,False,-0.015852883704128195,-0.014695459596674582,False,False,False,False,-333.0,-157.35552085573863,False,False,False,False,5.784976493017911,False,False,False,False
2025-02-26 16:00:00+00:00,32.06,32.06,32.06,32.06,0.0,,,,,32.293606965174135,,,,,,,"rgba(239, 83, 80, 1.0)",0.0,0.0,0.30512511095178707,32.210557731088954,-0.49342950050657014,0.0,0.0,0.0,0.0,35.25271403193601,-4.726943144272525,False,True,False,True,False,2.0837224334104043,0,0.8782287822878232,1.2214022140221386,False,False,False,False,-0.015852883704128195,-0.015274171650401389,False,False,False,False,-333.0,-160.0786910750295,False,False,False,False,5.695286934986625,False,False,False,False
2025-02-26 17:00:00+00:00,32.06,32.06,32.06,32.06,0.0,,,,,32.293606965174135,,,,,,,"rgba(239, 83, 80, 1.0)",0.0,0.0,0.30340653012506064,32.210557731088954,-0.4962244254495576,0.0,0.0,0.0,0.0,34.98083696462533,-6.037736514024168,False,True,False,True,False,2.0837224334104043,0,0.7785977859778613,1.2214022140221386,False,False,False,False,-0.015852883704128195,-0.015563527677264792,False,False,False,False,-333.0,-162.759641600998,False,False,False,False,5.60698791273877,False,False,False,False
2025-02-26 18:00:00+00:00,32.06,32.06,32.06,32.06,0.0,,,,,32.293606965174135,,,,,,,"rgba(239, 83, 80, 1.0)",0.0,0.0,0.30150070592899486,32.210557731088954,-0.4993611229700049,0.0,0.0,0.0,0.0,34.79958558641822,-7.225026248826808,False,True,False,True,False,2.0837224334104043,0,0.7785977859778613,1.2214022140221386,False,False,False,False,-0.015852883704128195,-0.015708205690696492,False,False,False,False,-333.0,-165.3990270025329,False,False,False,False,5.52005786758003,False,False,False,False
2025-02-26 19:00:00+00:00,32.06,32.06,32.06,32.06,0.0,,,,,32.293606965174135,,,,,,,"rgba(239, 83, 80, 1.0)",0.0,0.0,0.2994040627526606,32.210557731088954,-0.5028580096901647,0.0,0.0,0.0,0.0,34.678751334280136,-8.296657150562424,False,True,False,True,False,2.0837224334104043,0,0.7785977859778613,1.2214022140221386,False,False,False,False,-0.015852883704128195,-0.015780544697412344,False,False,False,False,-333.0,-167.99749170016804,False,False,False,False,5.434475575059409,False,False,False,False
2025-02-26 20:00:00+00:00,32.06,32.06,32.06,32.06,0.0,,,,,32.293606965174135,,,,,,,"rgba(239, 83, 80, 1.0)",0.0,0.0,0.2971125609493479,32.210557731088954,-0.5067363379316008,0.0,0.0,0.0,0.0,34.598195166188084,-9.25865121819399,False,True,False,True,False,2.0837224334104043,0,0.7785977859778613,1.2214022140221386,False,False,False,False,-0.015852883704128195,-0.01581671420077027,False,False,False,False,-333.0,-170.55567012342124,False,False,False,False,5.35022013978717,False,False,False,False
2025-02-27 15:00:00+00:00,32.06,32.06,32.06,32.06,0.0,,,,,32.293606965174135,,,,,,,"rgba(239, 83, 80, 1.0)",0.0,0.0,0.2946216538527418,32.210557731088954,-0.5110205890168686,0.0,0.0,0.0,0.0,34.544491054126716,-10.116831319379223,False,True,False,True,False,2.0837224334104043,0,0.7785977859778613,1.2214022140221386,False,False,False,False,-0.015852883704128195,-0.015834798952449235,False,False,False,False,-333.0,-173.07418686569378,False,False,False,False,5.267270990333105,False,False,False,False
2025-02-27 16:00:00+00:00,32.06,32.06,32.06,32.06,0.0,,,,,32.293606965174135,,,,,,,"rgba(239, 83, 80, 1.0)",0.0,0.0,0.29192623713522836,32.210557731088954,-0.5157389502445083,0.0,0.0,0.0,0.0,34.50868831275247,-10.877465524715078,False,True,False,True,False,2.0837224334104043,0,0.7785977859778613,1.2214022140221386,False,False,False,False,-0.015852883704128195,-0.015843841328288713,False,False,False,False,-333.0,-175.55365683676828,False,False,False,False,5.185607874203909,False,False,False,False
2025-02-27 17:00:00+00:00,32.06,32.06,32.06,32.06,0.0,,,,,32.293606965174135,,,,,,,"rgba(239, 83, 80, 1.0)",0.0,0.0,0.2890205890605484,32.210557731088954,-0.5209238953471615,0.0,0.0,0.0,0.0,34.48481981850297,-11.547393152976362,False,True,False,True,False,2.0837224334104043,0,0.7785977859778613,1.2214022140221386,False,False,False,False,-0.015852883704128195,-0.015848362516208456,False,False,False,False,-333.0,-177.9946854129424,False,False,False,False,5.105210852898423,False,False,False,False
2025-02-27 18:00:00+00:00,32.06,32.06,32.06,32.06,0.0,,,,,32.293606965174135,,,,,,,"rgba(239, 83, 80, 1.0)",0.0,0.0,0.2886428635922046,32.210557731088954,-0.5216055897424177,0.0,0.0,0.0,0.0,34.46890748900331,-12.13390357643442,False,True,False,True,False,2.0837224334104043,0,0.7785977859778613,1.2214022140221386,False,False,False,False,-0.015852883704128195,-0.015850623110168327,False,False,False,False,-333.0,-180.39786858483475,False,False,False,False,5.026060297039532,False,False,False,False
2025-02-27 19:00:00+00:00,32.06,32.06,32.06,32.06,0.0,,,,,32.293606965174135,,,,,,,"rgba(239, 83, 80, 1.0)",0.0,0.0,0.28818806422259324,32.210557731088954,-0.5224287532347731,0.0,0.0,0.0,0.0,34.45829926933686,-12.644521311650088,False,True,False,True,False,2.0837224334104043,0,0.7785977859778613,1.2214022140221386,False,False,False,False,-0.015852883704128195,-0.015851753407148263,False,False,False,False,-333.0,-182.7637931028993,False,False,False,False,4.948136881581554,False,False,False,False
2025-02-27 20:00:00+00:00,32.06,32.06,31.56,31.56,159.0,,,,,32.19300037202381,,,,,,,"rgba(239, 83, 80, 1.0)",0.0,0.0,0.2901442946392656,31.794321269341737,-0.8076025400846424,0.0,0.0,0.0,0.0,24.434512427892745,-22.10182273566182,False,True,False,True,False,0.0,0,0.6573208722741437,1.1869158878504658,False,False,False,False,-0.16134189629734863,-0.08859682485224844,False,False,False,False,-492.0,-187.5581528997536,False,False,False,False,7.336537860161685,False,False,False,False
2025-02-28 15:00:00+00:00,31.56,31.56,31.56,31.56,0.0,,,,,32.19300037202381,,,,,,,"rgba(239, 83, 80, 1.0)",0.0,0.0,0.29207354374362693,31.794321269341737,-0.8022680395435532,0.0,0.0,0.0,0.0,17.75198786693,-27.892090766829376,False,True,False,True,False,0.0,0,0.6573208722741437,1.3426791277258563,False,False,False,False,-0.3139884055169568,-0.20129261518460262,False,False,False,False,-492.0,-192.2781815369667,False,False,False,False,7.222793087135922,False,False,False,False
2025-02-28 16:00:00+00:00,31.56,31.56,31.56,31.56,0.0,,,,,32.19300037202381,,,,,,,"rgba(239, 83, 80, 1.0)",0.0,0.0,0.2939763427388258,31.794321269341737,-0.7970752583649675,0.0,0.0,0.0,0.0,13.296971492954835,-31.504798178987734,False,True,False,True,False,0.0,0,0.6573208722741437,1.3426791277258563,False,False,False,False,-0.3139884055169568,-0.25764051035077973,False,False,False,False,-492.0,-196.9250314356184,False,False,False,False,7.1108117989632715,False,False,False,False
2025-02-28 17:00:00+00:00,31.56,31.56,31.56,31.56,0.0,,,,,32.19300037202381,,,,,,,"rgba(239, 83, 80, 1.0)",0.0,0.0,0.2958532019720637,31.794321269341737,-0.7920187031265048,0.0,0.0,0.0,0.0,10.326960576971391,-33.846659480932374,False,True,False,True,False,0.0,0,0.6573208722741437,1.3426791277258563,False,False,False,False,-0.3139884055169568,-0.2858144579338683,False,False,False,False,-492.0,-201.49983714979484,False,False,False,False,7.000566654793298,False,False,False,False
2025-02-28 18:00:00+00:00,31.56,31.56,31.56,31.56,0.0,,,,,32.19300037202381,,,,,,,"rgba(239, 83, 80, 1.0)",0.0,0.0,0.2977046120503372,31.794321269341737,-0.7870931784628104,0.0,0.0,0.0,0.0,8.346953299649094,-35.459705475221455,False,True,False,True,False,0.0,0,0.6573208722741437,1.3426791277258563,False,False,False,False,-0.3139884055169568,-0.2999014317254125,False,False,False,False,-492.0,-206.00371564359648,False,False,False,False,6.89203073766472,False,False,False,False
2025-02-28 19:00:00+00:00,31.56,31.56,31.56,31.56,0.0,,,,,32.19300037202381,,,,,,,"rgba(239, 83, 80, 1.0)",0.0,0.0,0.2995310448799134,31.794321269341737,-0.7822937666968071,0.0,0.0,0.0,0.0,7.026948448100896,-36.66058826947875,False,True,False,True,False,0.0,0,0.6573208722741437,1.3426791277258563,False,False,False,False,-0.3139884055169568,-0.30694491862118467,False,False,False,False,-492.0,-210.4377665638508,False,False,False,False,6.7851775479334835,False,False,False,False
2025-02-28 20:00:00+00:00,31.56,31.64,31.56,31.64,1.0,,,,,32.19235414344111,,,,,,,"rgba(239, 83, 80, 1.0)",0.0,0.0,0.3002489657624941,31.697802083333336,-0.19251384658909582,0.0,0.0,0.0,0.0,13.177821197861238,-36.66058826947875,False,True,False,True,True,0.0,0,0.66565349544073,1.3100303951367769,False,False,False,False,-0.2887722179207019,-0.29785856827094326,False,False,False,False,-491.0,-214.7875686326283,False,False,False,False,6.695484872771724,False,False,False,False
2025-03-03 15:00:00+00:00,31.64,31.64,31.64,31.64,0.0,,,,,32.19235414344111,,,,,,,"rgba(239, 83, 80, 1.0)",0.0,0.0,0.300962240605489,31.697802083333336,-0.19205759239779288,0.0,0.0,0.0,0.0,17.2784030310348,-39.89374287995873,False,True,False,True,True,0.0,0,0.689969604863223,1.3100303951367769,False,False,False,False,-0.26390846604746887,-0.28088351715920606,False,False,False,False,-491.0,-219.0699319096418,False,False,False,False,6.591678905752007,False,False,False,False
2025-03-03 16:00:00+00:00,31.64,31.64,31.64,31.64,0.0,,,,,32.19235414344111,,,,,,,"rgba(239, 83, 80, 1.0)",0.0,0.0,0.3016709023643801,31.697802083333336,-0.19160642567879452,0.0,0.0,0.0,0.0,20.01212425315051,-37.41585563528063,False,True,False,True,True,0.0,0,0.689969604863223,1.3100303951367769,False,False,False,False,-0.2573347562360465,-0.26910913669762626,False,False,False,False,-491.0,-223.28590195755433,False,False,False,False,6.489482333569804,False,False,False,False
2025-03-03 17:00:00+00:00,31.64,31.64,31.64,31.64,0.0,,,,,32.19235414344111,,,,,,,"rgba(239, 83, 80, 1.0)",0.0,0.0,0.3023749834735617,31.697802083333336,-0.19116026950817322,0.0,0.0,0.0,0.0,21.834605067894316,-35.642237452034024,False,True,False,True,True,0.0,0,0.7516556291390731,1.3377483443708593,False,False,False,False,-0.2573347562360465,-0.2632219464668364,False,False,False,False,-491.0,-227.43650812875504,False,False,False,False,6.388870204367172,False,False,False,False
2025-03-03 18:00:00+00:00,31.64,31.77,31.64,31.77,153.0,,,,,32.12449682539683,,,,,,,"rgba(38, 166, 154, 1.0)",0.0,0.0,0.301946358818267,31.726211118487477,0.14502205518854422,0.0,0.0,0.0,0.0,32.11038347747642,-26.12623526677121,False,True,False,True,True,0.0,0,0.7619047619047621,1.196825396825397,False,False,False,False,-0.21436157238890932,-0.23879175942787284,False,False,False,False,-338.0,-229.1506707934255,False,False,False,False,8.661910976392488,False,False,False,False
2025-03-03 19:00:00+00:00,31.77,31.77,31.77,31.77,0.0,,,,,32.12449682539683,,,,,,,"rgba(38, 166, 154, 1.0)",0.0,0.0,0.301514973557343,31.726211118487477,0.14522954198888166,0.0,0.0,0.0,0.0,38.960902417197815,-20.117560254816397,False,True,False,True,True,0.0,0,0.803174603174603,1.196825396825397,False,False,False,False,-0.17215475755293985,-0.20547325849040635,False,False,False,False,-338.0,-230.83825729275222,False,False,False,False,8.527617782960046,False,False,False,False
2025-03-03 20:00:00+00:00,31.77,31.77,31.77,31.77,0.0,,,,,32.12449682539683,,,,,,,"rgba(38, 166, 154, 1.0)",0.0,0.0,0.3010808158246945,31.726211118487477,0.14543896260072228,0.0,0.0,0.0,0.0,43.527915043678746,-16.1828904978736,False,False,False,True,True,0.0,0,0.803174603174603,1.196825396825397,False,False,False,False,-0.17215475755293985,-0.18881400802167309,False,False,False,False,-338.0,-232.49967966030644,False,False,False,False,8.395406654542061,False,False,False,False
2025-03-04 15:00:00+00:00,31.77,31.77,31.77,31.77,0.0,,,,,32.12449682539683,,,,,,,"rgba(38, 166, 154, 1.0)",0.0,0.0,0.30064387360920003,31.726211118487477,0.14565033701449323,0.0,0.0,0.0,0.0,46.57259012799937,-13.458950136827355,False,False,False,False,True,0.0,0,0.803174603174603,1.196825396825397,False,False,False,False,-0.17215475755293985,-0.18048438278730647,False,False,False,False,-338.0,-234.135343541542,False,False,False,False,8.265245311060788,False,False,False,False
2025-03-04 16:00:00+00:00,31.77,31.77,31.77,31.77,0.0,,,,,32.12449682539683,,,,,,,"rgba(38, 166, 154, 1.0)",0.0,0.0,0.30020413475255203,31.726211118487477,0.145863685550555,0.0,0.0,0.0,0.0,48.602373517546454,-11.43615369853751,False,False,False,False,True,0.0,0,0.803174603174603,1.196825396825397,False,False,False,False,-0.17215475755293985,-0.17631957017012317,False,False,False,False,-338.0,-235.7456482928359,False,False,False,False,8.137101972904807,False,False,False,False
2025-03-04 17:00:00+00:00,31.77,31.77,30.87,30.87,4.0,,,,,32.12087444655282,,,,,,,"rgba(239, 83, 80, 1.0)",0.0,0.0,0.3223658041910124,31.58010661661941,-2.202797590152111,0.0,0.0,0.0,0.0,35.56408922353353,-3.4906245708199464,False,True,False,True,False,0.0,0,0.6246913580246916,1.1530864197530866,False,False,False,False,-0.34282825441539394,-0.25957391229275856,False,False,False,False,-342.0,-237.39300258286946,False,False,False,False,8.072960857045818,False,False,False,False
2025-03-04 18:00:00+00:00,30.87,30.93,30.87,30.93,2.0,,,,,32.11858112373738,,,,,,,"rgba(239, 83, 80, 1.0)",0.0,0.0,0.3403987063419693,31.553397204806675,-1.8313736015800304,0.0,0.0,0.0,0.0,28.619584062117752,-9.598164910999955,False,True,False,True,False,0.0,0,0.6301703163017032,1.3552311435523117,False,False,False,False,-0.34282825441539394,-0.30120108335407625,False,False,False,False,-340.0,-238.98380874437535,False,False,False,False,7.978806425153635,False,False,False,False
2025-03-04 19:00:00+00:00,30.93,31.07,30.93,31.07,24.0,,,,,32.09424228395062,,,,,,,"rgba(239, 83, 80, 1.0)",0.0,0.0,0.35256649746557395,31.495101554907677,-1.205734401775329,0.0,0.0,0.0,0.0,27.74140051812054,-10.324162656081853,False,True,False,True,False,0.0,0,0.6564705882352939,1.3105882352941176,False,False,False,False,-0.299089374260024,-0.30014522880705014,False,False,False,False,-316.0,-240.17785822120672,False,False,False,False,8.227197023213268,False,False,False,False
2025-03-04 20:00:00+00:00,31.07,31.1,31.07,31.1,6.0,,,,,32.08869398403929,,,,,,,"rgba(239, 83, 80, 1.0)",0.0,0.0,0.3632561948034347,31.488297583739673,-1.0689358895855503,0.0,0.0,0.0,0.0,27.916747644001365,-10.511259379339045,False,True,False,True,False,0.0,0,0.6915887850467289,1.3014018691588782,False,False,False,False,-0.2627717719954055,-0.28145850040122783,False,False,False,False,-310.0,-241.2603720472345,False,False,False,False,8.192666836806861,False,False,False,False
2025-03-05 15:00:00+00:00,31.1,31.1,30.72,30.72,1.0,,,,,32.08755136461208,,,,,,,"rgba(239, 83, 80, 1.0)",0.0,0.0,0.38622809859479756,31.444473717681774,-1.8757664714649365,0.0,0.0,0.0,0.0,25.157150218218696,-13.689740845058168,False,True,False,True,False,0.0,0,0.6416309012875535,1.2768240343347634,False,False,False,False,-0.3383996317730352,-0.30992906608713156,False,False,False,False,-311.0,-242.34160658913785,False,False,False,False,8.081152622282724,False,False,False,False
2025-03-05 16:00:00+00:00,30.72,30.72,30.72,30.72,0.0,,,,,32.08755136461208,,,,,,,"rgba(239, 83, 80, 1.0)",0.0,0.0,0.4074751968353967,31.444473717681774,-1.7779578323007297,0.0,0.0,0.0,0.0,23.317418601030248,-16.059709443556017,False,True,False,True,False,0.0,0,0.6416309012875535,1.3583690987124464,False,False,False,False,-0.34282825441539394,-0.3263786602512627,False,False,False,False,-311.0,-243.40607780481014,False,False,False,False,7.9558634343403565,False,False,False,False
2025-03-05 17:00:00+00:00,30.72,30.72,30.72,30.72,0.0,,,,,32.08755136461208,,,,,,,"rgba(239, 83, 80, 1.0)",0.0,0.0,0.4272548873199095,31.444473717681774,-1.6956475845747816,0.0,0.0,0.0,0.0,22.090930856237947,-17.927814960123662,False,True,False,True,False,0.0,0,0.6416309012875535,1.3583690987124464,False,False,False,False,-0.34282825441539394,-0.3346034573333283,False,False,False,False,-311.0,-244.45404559078207,False,False,False,False,7.8325167144281025,False,False,False,False
2025-03-05 18:00:00+00:00,30.72,30.72,30.72,30.72,0.0,,,,,32.08755136461208,,,,,,,"rgba(239, 83, 80, 1.0)",0.0,0.0,0.4457625514242563,31.444473717681774,-1.6252458071388196,0.0,0.0,0.0,0.0,21.273272359709747,-19.47359314828079,False,True,False,True,False,0.0,0,0.6416309012875535,1.3583690987124464,False,False,False,False,-0.34282825441539394,-0.33871585587436115,False,False,False,False,-311.0,-245.4857658141808,False,False,False,False,7.71108234676255,False,False,False,False
2025-03-05 19:00:00+00:00,30.72,30.72,30.72,30.72,0.0,,,,,32.08755136461208,,,,,,,"rgba(239, 83, 80, 1.0)",0.0,0.0,0.46315070611690506,31.444473717681774,-1.564228895937187,0.0,0.0,0.0,0.0,20.728166695357615,-20.80031022852061,False,True,False,True,False,0.0,0,0.6416309012875535,1.3583690987124464,False,False,False,False,-0.34282825441539394,-0.3407720551448775,False,False,False,False,-311.0,-246.50149037520126,False,False,False,False,7.591530682471658,False,False,False,False
2025-03-05 20:00:00+00:00,30.72,30.8,30.72,30.8,3.0,,,,,32.08393425076453,,,,,,,"rgba(239, 83, 80, 1.0)",0.0,0.0,0.47722161358060905,31.430205583218942,-1.3205721729376192,0.0,0.0,0.0,0.0,23.145146425604565,-20.80031022852061,False,True,False,True,False,0.0,0,0.6476793248945149,1.3354430379746831,False,False,False,False,-0.3268968742043171,-0.3338344646745973,False,False,False,False,-308.0,-247.454955640702,False,False,False,False,7.520344160262796,False,False,False,False
2025-03-06 15:00:00+00:00,30.8,30.8,30.8,30.8,0.0,,,,,32.08393425076453,,,,,,,"rgba(239, 83, 80, 1.0)",0.0,0.0,0.4905853095496829,31.430205583218942,-1.284599377420043,0.0,0.0,0.0,0.0,24.7564662457692,-20.80031022852061,False,True,False,True,True,0.0,0,0.6645569620253169,1.3354430379746831,False,False,False,False,-0.3111241809062646,-0.32247932279043096,False,False,False,False,-308.0,-248.39363849898567,False,False,False,False,7.403749677157946,False,False,False,False
2025-03-06 16:00:00+00:00,30.8,30.8,30.8,30.8,15.0,,,,,32.06650527903469,,,,,,,"rgba(239, 83, 80, 1.0)",0.0,0.0,0.5032981313386944,31.38607154930309,-1.1644620013673208,0.0,0.0,0.0,0.0,25.83067945921229,-20.80031022852061,False,True,False,True,True,0.0,0,0.6645569620253169,1.3354430379746831,False,False,False,False,-0.3111241809062646,-0.3168017518483478,False,False,False,False,-308.0,-249.3177681346603,False,False,False,False,7.521520999992707,False,False,False,False
2025-03-06 17:00:00+00:00,30.8,30.8,30.8,30.8,0.0,,,,,32.06650527903469,,,,,,,"rgba(239, 83, 80, 1.0)",0.0,0.0,0.5154082436842379,31.38607154930309,-1.137101620869965,0.0,0.0,0.0,0.0,26.546821601507684,-20.80031022852061,False,True,False,True,True,0.0,0,0.6645569620253169,1.3354430379746831,False,False,False,False,-0.3111241809062646,-0.3139629663773062,False,False,False,False,-308.0,-250.22757017908415,False,False,False,False,7.404908271310649,False,False,False,False
2025-03-06 18:00:00+00:00,30.8,30.8,30.8,30.8,0.0,,,,,32.06650527903469,,,,,,,"rgba(239, 83, 80, 1.0)",0.0,0.0,0.5269572011956053,31.38607154930309,-1.1121805489579797,0.0,0.0,0.0,0.0,27.024249696371278,-20.80031022852061,False,True,False,True,True,0.0,0,0.6645569620253169,1.3354430379746831,False,False,False,False,-0.3111241809062646,-0.3125435736417854,False,False,False,False,-308.0,-251.12326676545493,False,False,False,False,7.290103491910484,False,False,False,False
2025-03-06 19:00:00+00:00,30.625,30.695,30.625,30.695,50.0,,,,,32.00612265512266,,30.671666666666667,,,,,"rgba(239, 83, 80, 1.0)",0.0,0.0,0.5405546284200337,31.214108320488755,-0.9603253643503831,0.0,0.0,0.0,0.0,25.504267944078737,-20.80031022852061,False,True,False,True,True,0.0,0,0.6622583926754836,1.3234994913530005,False,False,False,False,-0.34282825441539394,-0.3276859140285897,False,False,False,False,-358.0,-252.78027038149438,False,False,False,False,7.952272430020399,False,False,False,False
2025-03-06 20:00:00+00:00,30.695,30.795,30.695,30.795,6.0,,,,,31.999691358024695,,30.68130952380952,,,,,"rgba(239, 83, 80, 1.0)",0.0,0.0,0.5511170065920393,31.206430942789147,-0.7465400956020662,0.0,0.0,0.0,0.0,28.997348278544635,-20.80031022852061,False,False,False,True,True,0.0,0,0.6829511465603195,1.297108673978065,False,False,False,False,-0.31021015809985514,-0.3189480360642224,False,False,False,False,-352.0,-254.31856076317663,False,False,False,False,7.922004640407679,False,False,False,False
2025-03-07 15:00:00+00:00,30.795,30.795,30.795,30.795,0.0,,,,,31.999691358024695,,30.68130952380952,,,,,"rgba(239, 83, 80, 1.0)",0.0,0.0,0.5612119928341842,31.206430942789147,-0.7331114588470796,0.0,0.0,0.0,0.0,31.3260685015219,-23.770449370414738,False,False,False,True,True,0.0,0,0.7028913260219349,1.297108673978065,False,False,False,False,-0.291321631139721,-0.3051348336019717,False,False,False,False,-352.0,-255.833001681577,False,False,False,False,7.799182863037017,False,False,False,False
2025-03-07 16:00:00+00:00,30.795,30.795,30.795,30.795,0.0,,,,,31.999691358024695,,30.68130952380952,,,,,"rgba(239, 83, 80, 1.0)",0.0,0.0,0.5708643833207325,31.206430942789147,-0.7207157335615184,0.0,0.0,0.0,0.0,32.87854865017341,-22.130596188646095,True,False,False,True,True,0.0,0,0.7028913260219349,1.297108673978065,False,False,False,False,-0.291321631139721,-0.29822823237084634,False,False,False,False,-352.0,-257.3239628958161,False,False,False,False,7.678265299269001,False,False,False,False
2025-03-07 17:00:00+00:00,30.795,30.795,30.795,30.795,0.0,,,,,31.999691358024695,,30.68130952380952,,,,,"rgba(239, 83, 80, 1.0)",0.0,0.0,0.5800962719107075,31.206430942789147,-0.7092459695249963,0.0,0.0,0.0,0.0,33.913535415941084,-20.942823564707442,True,False,False,True,True,0.0,0,0.7028913260219349,1.297108673978065,False,False,False,False,-0.291321631139721,-0.2947749317552837,False,False,False,False,-352.0,-258.79180843231507,False,False,False,False,7.559222426412117,False,False,False,False
2025-03-07 18:00:00+00:00,30.795,30.795,30.795,30.795,0.0,,,,,31.999691358024695,,30.68130952380952,,,,,"rgba(239, 83, 80, 1.0)",0.0,0.0,0.5889274340040035,31.206430942789147,-0.698610591107815,0.0,0.0,0.0,0.0,34.60352659311953,-20.02979419679147,True,False,False,True,True,0.0,0,0.7028913260219349,1.297108673978065,False,False,False,False,-0.291321631139721,-0.29304828144750233,False,False,False,False,-352.0,-260.2368966736745,False,False,False,False,7.442025179490999,False,False,False,False
2025-03-07 19:00:00+00:00,30.795,30.795,30.795,30.795,0.0,,,,,31.999691358024695,,30.68130952380952,,,,,"rgba(239, 83, 80, 1.0)",0.0,0.0,0.597375642002313,31.206430942789147,-0.6887306978404596,0.0,0.0,0.0,0.0,35.063520711238496,-19.28772221681595,True,False,False,True,True,0.0,0,0.7028913260219349,1.297108673978065,False,False,False,False,-0.291321631139721,-0.29218495629361163,False,False,False,False,-352.0,-261.65958044617565,False,False,False,False,7.326644944150053,False,False,False,False
2025-03-07 20:00:00+00:00,30.795,30.795,30.795,30.795,0.0,,,,,31.999691358024695,,30.68130952380952,,,,,"rgba(239, 83, 80, 1.0)",0.0,0.0,0.6054569267009079,31.206430942789147,-0.6795379235827788,0.0,0.0,0.0,0.0,35.37018345665114,-18.657146197234194,True,False,False,True,True,0.0,0,0.7028913260219349,1.297108673978065,False,False,False,False,-0.291321631139721,-0.2917532937166663,False,False,False,False,-352.0,-263.06020710592486,False,False,False,False,7.213053549667106,False,False,False,False
2025-03-10 14:00:00+00:00,30.795,31.61,30.795,31.61,2.0,,,,,31.998554026941818,,30.70396551724138,,,,,"rgba(38, 166, 154, 1.0)",0.0,0.0,0.6054096074500399,31.202890683455585,0.6724526858091028,0.0,0.0,0.0,0.0,51.881861117448366,-3.4282386208930475,True,False,True,False,True,2.0981705889442352,0,0.7444253859348204,1.1157804459691252,False,False,False,False,-0.14351656301997917,-0.21763492836832274,False,False,False,False,-350.0,-264.4081108717245,False,False,False,False,7.132231014013352,False,False,False,False
2025-03-10 15:00:00+00:00,31.61,31.61,31.61,31.61,0.0,,,,,31.998554026941818,,30.70396551724138,,,,,"rgba(38, 166, 154, 1.0)",0.0,0.0,0.605359308090584,31.202890683455585,0.6725085599633589,0.0,0.0,0.0,0.0,62.889646224646526,5.870199111067059,True,False,True,False,True,2.0981705889442352,0,0.8842195540308748,1.1157804459691252,False,False,False,False,-0.001727767597358556,-0.10968134798284064,False,False,False,False,-350.0,-265.735116904721,False,False,False,False,7.021653788989889,False,False,False,False
2025-03-10 16:00:00+00:00,31.61,31.61,31.61,31.61,0.0,,,,,31.998554026941818,,30.70396551724138,,,,,"rgba(38, 166, 154, 1.0)",0.0,0.0,0.6053060278796223,31.202890683455585,0.672567755471578,0.0,0.0,0.0,0.0,70.22816962944529,11.66166573977678,True,False,True,False,True,2.0981705889442352,0,0.9837786259541983,1.1288167938931297,False,False,False,False,-0.001727767597358556,-0.0557045577900996,False,False,False,False,-350.0,-267.04154920077184,False,False,False,False,6.912790939548185,False,False,False,False
2025-03-10 17:00:00+00:00,31.61,31.61,31.61,31.61,0.0,,,,,31.998554026941818,,30.70396551724138,,,,,"rgba(38, 166, 154, 1.0)",0.0,0.0,0.6052497660299408,31.202890683455585,0.6726302749603621,0.0,0.0,0.0,0.0,75.1205185659778,15.417323601545789,True,False,True,False,True,2.0981705889442352,0,0.9837786259541983,1.0162213740458017,False,False,False,False,-0.001727767597358556,-0.028716162693729078,False,False,False,False,-350.0,-268.3277267325428,False,False,False,False,6.805615886221856,False,False,False,False
2025-03-10 18:00:00+00:00,31.61,31.61,31.34,31.34,5.0,,,,,31.99612014840183,,30.7615873015873,,,,,"rgba(239, 83, 80, 1.0)",0.0,0.0,0.6061303044279878,31.206227305442166,0.220699565061471,0.0,0.0,0.0,0.0,70.21629615581756,15.417323601545789,True,False,True,False,False,0.0,0,0.9689849624060152,1.0159774436090228,False,False,False,False,-0.04841477057461484,-0.03856546663417196,False,False,False,False,-355.0,-269.6714829072321,False,False,False,False,6.777621841474231,False,False,False,False
2025-03-10 19:00:00+00:00,31.34,31.34,31.25,31.25,100.0,,,,,31.93964379600421,,31.07963190184049,,,,,"rgba(239, 83, 80, 1.0)",0.0,0.0,0.6076271379215697,31.240258518304273,0.01603200562938691,0.0,0.0,0.0,0.0,64.98086970034207,26.147122280204172,True,False,True,False,False,0.0,0,0.9528650646950094,1.030499075785582,False,False,False,False,-0.11102993504230528,-0.07479770083823861,False,False,False,False,-455.0,-272.54479324975557,False,False,False,False,8.222930029978507,False,False,False,False
2025-03-11 14:00:00+00:00,31.25,31.25,31.25,31.25,0.0,,,,,31.93964379600421,,31.07963190184049,,,,,"rgba(239, 83, 80, 1.0)",0.0,0.0,0.6090576978245158,31.240258518304273,0.015994349518152904,0.0,0.0,0.0,0.0,61.49058539669174,22.964516070215723,True,False,True,False,False,0.0,0,0.9528650646950094,1.0471349353049906,False,False,False,False,-0.12680091094560095,-0.10079930589191978,False,False,False,False,-455.0,-275.3735561451082,False,False,False,False,8.095442742692018,False,False,False,False
2025-03-11 15:00:00+00:00,31.25,31.25,31.25,31.25,0.0,,,,,31.93964379600421,,31.07963190184049,,,,,"rgba(239, 83, 80, 1.0)",0.0,0.0,0.6104224500848473,31.240258518304273,0.01595859014420721,0.0,0.0,0.0,0.0,59.16372919425818,20.608302241028156,True,False,True,False,False,0.0,0,0.9698965192850423,1.0479774223894636,False,False,False,False,-0.12680091094560095,-0.11380010841876037,False,False,False,False,-455.0,-278.1584622513856,False,False,False,False,7.969932002495242,False,False,False,False
2025-03-11 16:00:00+00:00,31.25,31.25,31.25,31.25,0.0,,,,,31.93964379600421,,31.07963190184049,,,,,"rgba(239, 83, 80, 1.0)",0.0,0.0,0.6013546869023978,31.240258518304273,0.01619922802282564,0.0,0.0,0.0,0.0,57.61249172596915,18.73561671657467,True,False,True,False,False,0.0,0,0.9698965192850423,1.0301034807149576,False,False,False,False,-0.12680091094560095,-0.12030050968218066,False,False,False,False,-455.0,-280.9001915188059,False,False,False,False,7.846367165247254,False,False,False,False
2025-03-11 17:00:00+00:00,31.25,31.25,30.5,30.5,1.0,,,,,31.93870633044392,,31.07762195121951,,,,,"rgba(239, 83, 80, 1.0)",0.0,0.0,0.6034164892174247,31.237886473332782,-1.2228477121825967,0.0,0.0,0.0,0.0,46.297179803280144,7.901184230585095,True,False,False,True,False,0.0,0,0.8499587798845838,1.0263808738664468,False,False,False,False,-0.26150942941576644,-0.19090496954897354,False,False,False,False,-456.0,-283.61491723169263,False,False,False,False,7.740221937879079,False,False,False,False
2025-03-11 18:00:00+00:00,30.5,30.785,30.5,30.785,50.0,,,,,31.89137098812232,,30.987056074766354,,,,,"rgba(239, 83, 80, 1.0)",0.0,0.0,0.598447112070875,31.136934680485837,-0.5880798376117092,0.0,0.0,0.0,0.0,43.70965117435833,5.416011126950892,False,False,False,True,False,0.0,0,0.8566929133858269,1.0984251968503935,False,False,False,False,-0.34282825441539394,-0.26686661198218375,False,False,False,False,-406.0,-285.5123603753873,False,False,False,False,8.395412295431342,False,False,False,False
2025-03-11 19:00:00+00:00,30.785,30.795,30.67,30.67,25.0,,,,,31.869427083333335,,30.958249651324966,,,,,"rgba(239, 83, 80, 1.0)",0.0,0.0,0.5945358019664128,31.103678484193512,-0.7294404857691152,0.0,0.0,0.0,0.0,40.941167226559635,2.5216287120124434,False,False,False,True,False,0.0,0,0.885714285714286,1.0949806949806946,False,False,False,False,-0.3086219127887947,-0.2877442623854892,False,False,False,False,-431.0,-287.76798269514876,False,False,False,False,8.652847763719228,False,False,False,False
2025-03-12 14:00:00+00:00,30.67,30.67,30.67,30.67,0.0,,,,,31.869427083333335,,30.958249651324966,,,,,"rgba(239, 83, 80, 1.0)",0.0,0.0,0.5894962194898454,31.103678484193512,-0.7356764468630848,0.0,0.0,0.0,0.0,39.09551126136051,0.3167448649456688,False,False,False,True,False,0.0,0,0.885714285714286,1.1142857142857139,False,False,False,False,-0.3322974870807083,-0.31002087473309875,False,False,False,False,-431.0,-289.9886341262317,False,False,False,False,8.518695085211952,False,False,False,False
2025-03-12 15:00:00+00:00,30.67,30.67,30.67,30.67,0.0,,,,,31.869427083333335,,30.958249651324966,,,,,"rgba(239, 83, 80, 1.0)",0.0,0.0,0.5832991212618904,31.103678484193512,-0.7434924353311293,0.0,0.0,0.0,0.0,37.86507395122776,-1.4694039027125,False,False,False,True,False,0.0,0,0.885714285714286,1.1142857142857139,False,False,False,False,-0.3322974870807083,-0.32115918090690354,False,False,False,False,-431.0,-292.1748568529568,False,False,False,False,8.386622293193161,False,False,False,False
2025-03-12 16:00:00+00:00,30.67,30.67,30.295,30.33,102.0,,,,,31.768008298755188,,30.800738025415445,,,,,"rgba(239, 83, 80, 1.0)",0.0,0.0,0.5833440951388502,30.94324738186366,-1.0512618315227722,0.0,0.0,0.0,0.0,34.03747428126191,-5.696519824340427,False,True,False,True,False,0.0,0,0.8324567993989486,1.1404958677685948,False,False,False,False,-0.34282825441539394,-0.3319937176611487,False,False,False,False,-533.0,-295.90858000252337,False,False,False,False,9.837992490197918,False,False,False,False
2025-03-12 17:00:00+00:00,30.33,30.33,30.33,30.33,0.0,,,,,31.768008298755188,,30.800738025415445,,,,,"rgba(239, 83, 80, 1.0)",0.0,0.0,0.5818373120191674,30.94324738186366,-1.0539842825402366,0.0,0.0,0.0,0.0,31.485741167951343,-8.659410263159572,False,True,False,True,False,0.0,0,0.8084147257700974,1.1915852742299025,False,False,False,False,-0.34282825441539394,-0.33741098603827135,False,False,False,False,-533.0,-299.58441597147646,False,False,False,False,9.685465474846012,False,False,False,False
2025-03-12 18:00:00+00:00,30.33,30.4,30.33,30.4,4.0,,,,,31.76417011494253,,30.795821256038646,,,,,"rgba(239, 83, 80, 1.0)",0.0,0.0,0.5853744701217368,30.938133478049537,-0.9192978264624788,0.0,0.0,0.0,0.0,31.312537172408884,-9.472628490228836,False,True,False,True,False,0.0,0,0.8104089219330853,1.1791821561338292,False,False,False,False,-0.3312989973624843,-0.33435499170037786,False,False,False,False,-529.0,-303.1412467316086,False,False,False,False,9.597318723298011,False,False,False,False
2025-03-12 19:00:00+00:00,30.4,30.4,30.4,30.4,0.0,,,,,31.76417011494253,,30.795821256038646,,,,,"rgba(239, 83, 80, 1.0)",0.0,0.0,0.5878760287894554,30.938133478049537,-0.9153859856433566,0.0,0.0,0.0,0.0,31.197067842047247,-10.35475336922596,False,True,False,True,False,0.0,0,0.8208178438661708,1.1791821561338292,False,False,False,False,-0.3198541102204075,-0.3271045509603927,False,False,False,False,-529.0,-306.64293282879294,False,False,False,False,9.448523084177111,False,False,False,False
2025-03-13 14:00:00+00:00,30.4,30.4,30.4,30.4,0.0,,,,,31.76417011494253,,30.795821256038646,,,,,"rgba(239, 83, 80, 1.0)",0.0,0.0,0.5893551751894264,30.938133478049537,-0.9130885766406902,0.0,0.0,0.0,0.0,31.12008828847282,-11.252621670118721,False,True,False,True,False,0.0,0,0.8208178438661708,1.1791821561338292,False,False,False,False,-0.3198541102204075,-0.3234793305904001,False,False,False,False,-529.0,-310.09032921904424,False,False,False,False,9.30203435418987,False,False,False,False
2025-03-13 15:00:00+00:00,30.4,30.4,30.4,30.4,0.0,,,,,31.76417011494253,,30.795821256038646,,,,,"rgba(239, 83, 80, 1.0)",0.0,0.0,0.5898196013716402,30.938133478049537,-0.9123696072461733,0.0,0.0,0.0,0.0,31.06876858608987,-12.129269802203453,False,True,False,True,False,0.0,0,0.8208178438661708,1.1791821561338292,False,False,False,False,-0.3198541102204075,-0.3216667204054038,False,False,False,False,-529.0,-313.4842776032451,False,False,False,False,9.157816767303204,False,False,False,False
2025-03-13 16:00:00+00:00,30.4,30.4,29.97,30.02,8.0,,,,,31.75520347508002,,30.78073182247403,,,,,"rgba(239, 83, 80, 1.0)",0.0,0.0,0.5985423359529116,30.869751344076054,-1.4197013194116075,0.0,0.0,0.0,0.0,27.40891025427588,-16.22343096031345,False,True,False,True,False,0.0,0,0.771488469601677,1.1684136967155836,False,False,False,False,-0.34282825441539394,-0.3322474874103989,False,False,False,False,-537.0,-316.9496376404041,False,False,False,False,9.139866119748117,True,False,False,False
2025-03-13 17:00:00+00:00,30.02,30.02,30.02,30.02,0.0,,,,,31.75520347508002,,30.78073182247403,,,,,"rgba(239, 83, 80, 1.0)",0.0,0.0,0.608865456520721,30.869751344076054,-1.3956307341392677,0.0,0.0,0.0,0.0,24.96900469973322,-18.952006119647717,False,True,False,True,False,0.0,0,0.7784765897973446,1.2215234102026555,False,False,False,False,-0.34282825441539394,-0.33753787091289644,False,False,False,False,-537.0,-320.361271165359,False,False,False,False,8.998162769054348,True,False,False,False
2025-03-13 18:00:00+00:00,30.02,30.02,30.02,30.02,0.0,,,,,31.75520347508002,,30.78073182247403,,,,,"rgba(239, 83, 80, 1.0)",0.0,0.0,0.6178039209043013,30.869751344076054,-1.3754385741551194,0.0,0.0,0.0,0.0,23.34240099670478,-20.843857566664703,False,True,False,True,False,0.0,0,0.7784765897973446,1.2215234102026555,False,False,False,False,-0.34282825441539394,-0.3401830626641452,False,False,False,False,-537.0,-323.7200111472914,False,False,False,False,8.858656369534126,True,False,False,False
2025-03-13 19:00:00+00:00,30.02,30.02,30.02,30.02,0.0,,,,,31.75520347508002,,30.78073182247403,,,,,"rgba(239, 83, 80, 1.0)",0.0,0.0,0.6254171004614398,30.869751344076054,-1.3586954105493727,0.0,0.0,0.0,0.0,22.25799852801915,-22.22212800209966,False,True,False,True,False,0.0,0,0.7784765897973446,1.2215234102026555,False,False,False,False,-0.34282825441539394,-0.34150565853976955,False,False,False,False,-537.0,-327.0266776411318,False,False,False,False,8.721312859928945,True,False,False,False
2025-03-14 14:00:00+00:00,30.02,30.02,30.02,30.02,0.0,,,,,31.75520347508002,,30.78073182247403,,,,,"rgba(239, 83, 80, 1.0)",0.0,0.0,0.6317529095609972,30.869751344076054,-1.345069142089972,0.0,0.0,0.0,0.0,21.5350635488954,-23.28163992082585,False,True,False,True,False,0.0,0,0.7784765897973446,1.2215234102026555,False,False,False,False,-0.34282825441539394,-0.3421669564775818,False,False,False,False,-537.0,-330.2820779877809,False,False,False,False,8.58609870706183,True,False,False,False
2025-03-14 15:00:00+00:00,30.02,30.02,30.02,30.02,0.0,,,,,31.75520347508002,,30.78073182247403,,,,,"rgba(239, 83, 80, 1.0)",0.0,0.0,0.6368494737787735,30.869751344076054,-1.3343048539147224,0.0,0.0,0.0,0.0,21.053106896146232,-24.138142010856814,False,True,False,True,False,0.0,0,0.7784765897973446,1.2215234102026555,False,False,False,False,-0.34282825441539394,-0.3424976054464879,False,False,False,False,-537.0,-333.4870070112261,False,False,False,False,8.452980897650018,True,False,False,False
2025-03-14 16:00:00+00:00,30.02,30.36,30.02,30.36,35.0,,,,,31.719839249832553,,30.7325558419244,,,,,"rgba(38, 166, 154, 1.0)",0.0,0.0,0.6340416262232581,30.827887257376666,-0.7379440686941819,0.0,0.0,0.0,0.0,31.098260403701353,-24.282946916470884,False,True,False,True,True,0.0,0,0.7885256837891929,1.1661107404936624,False,False,False,False,-0.29420447310819203,-0.31835103927734,False,False,False,False,-502.0,-336.09961155368774,False,False,False,False,8.86456258915932,False,False,False,False
2025-03-14 17:00:00+00:00,30.36,30.36,30.36,30.36,0.0,,,,,31.719839249832553,,30.7325558419244,,,,,"rgba(38, 166, 154, 1.0)",0.0,0.0,0.6303958073099196,30.827887257376666,-0.7422118801412662,0.0,0.0,0.0,0.0,37.7950294087381,-18.406978504523103,False,False,False,True,True,0.0,0,0.8338892595063375,1.1661107404936624,False,False,False,False,-0.24689744209118195,-0.28262424068426095,False,False,False,False,-502.0,-338.671710599367,False,False,False,False,8.727127510257624,False,False,False,False
2025-03-14 18:00:00+00:00,30.36,30.36,30.36,30.36,0.0,,,,,31.719839249832553,,30.7325558419244,,,,,"rgba(38, 166, 154, 1.0)",0.0,0.0,0.6258973737942791,30.827887257376666,-0.7475462862869475,0.0,0.0,0.0,0.0,42.2595420787626,-14.666149164547548,False,False,False,True,True,0.0,0,0.8338892595063375,1.1661107404936624,False,False,False,False,-0.24689744209118195,-0.26476084138772144,False,False,False,False,-502.0,-341.20393214046203,False,False,False,False,8.59182320777301,False,False,False,False
2025-03-14 19:00:00+00:00,30.36,30.36,30.36,30.36,0.0,,,,,31.719839249832553,,30.7325558419244,,,,,"rgba(38, 166, 154, 1.0)",0.0,0.0,0.620527783205381,30.827887257376666,-0.7540150014875424,0.0,0.0,0.0,0.0,45.235883858778934,-12.173571244031763,False,False,False,True,True,0.0,0,0.8338892595063375,1.1661107404936624,False,False,False,False,-0.24689744209118195,-0.2558291417394517,False,False,False,False,-502.0,-343.69689443285796,False,False,False,False,8.458616646412187,False,False,False,False
2025-03-17 14:00:00+00:00,30.36,30.36,30.36,30.36,0.0,,,,,31.719839249832553,,30.7325558419244,,,,,"rgba(38, 166, 154, 1.0)",0.0,0.0,0.6142641903086584,30.827887257376666,-0.7617036199710104,0.0,0.0,0.0,0.0,47.220111712123156,-10.400996841989887,True,False,False,False,True,0.0,0,0.8338892595063375,1.1661107404936624,False,False,False,False,-0.24689744209118195,-0.2513632919153168,False,False,False,False,-502.0,-346.1512061470772,False,False,False,False,8.327475303056959,False,False,False,False
2025-03-17 15:00:00+00:00,30.36,30.36,30.36,30.36,0.0,,,,,31.719839249832553,,30.7325558419244,,,,,"rgba(38, 166, 154, 1.0)",0.0,0.0,0.6070789238804766,30.827887257376666,-0.7707189938104091,0.0,0.0,0.0,0.0,48.54293028101931,-9.04107399665233,True,False,False,False,True,0.0,0,0.8338892595063375,1.1661107404936624,False,False,False,False,-0.24689744209118195,-0.24913036700324936,False,False,False,False,-502.0,-348.5674665168899,False,False,False,False,8.198367158823517,False,False,False,False
2025-03-17 16:00:00+00:00,30.36,30.36,30.36,30.36,0.0,,,,,31.719839249832553,,30.7325558419244,,,,,"rgba(38, 166, 154, 1.0)",0.0,0.0,0.5989388138222148,30.827887257376666,-0.7811937489754195,0.0,0.0,0.0,0.0,49.42480932695007,-7.920275947285283,True,False,False,False,True,0.0,0,0.8338892595063375,1.1661107404936624,False,False,False,False,-0.24689744209118195,-0.24801390454721567,False,False,False,False,-502.0,-350.9462654856203,False,False,False,False,8.071260691244857,False,False,False,False
2025-03-17 17:00:00+00:00,30.36,30.36,30.36,30.36,0.0,,,,,31.719839249832553,,30.7325558419244,,,,,"rgba(38, 166, 154, 1.0)",0.0,0.0,0.5898043269968478,30.827887257376666,-0.7932923445289803,0.0,0.0,0.0,0.0,50.01272869090391,-6.944436946558184,True,False,False,False,True,0.0,0,0.8338892595063375,1.1661107404936624,False,False,False,False,-0.24689744209118195,-0.24745567331919882,False,False,False,False,-502.0,-353.28818385018434,False,False,False,False,7.946124866574395,False,False,False,False
2025-03-17 18:00:00+00:00,30.36,30.97,30.36,30.95,132.0,,,,,31.64187076923077,,30.739522435897435,,,,,"rgba(38, 166, 154, 1.0)",0.0,0.0,0.5756449809945411,30.815915406863667,0.2329293185266287,0.0,0.0,0.0,0.0,60.72129849317847,3.2198310685222893,True,False,True,False,True,0.0,0,0.8463911165946946,1.0783466995681679,False,False,False,False,-0.1645274774047844,-0.2059915753619916,False,False,False,False,-370.0,-353.54728177498765,False,False,False,False,9.869440760115877,False,False,False,False
2025-03-17 19:00:00+00:00,30.95,30.95,30.95,30.95,0.0,,,,,31.64187076923077,,30.739522435897435,,,,,"rgba(38, 166, 154, 1.0)",0.0,0.0,0.5607326851042362,30.815915406863667,0.23912391180016054,0.0,0.0,0.0,0.0,67.86034502802818,9.59667850306905,True,False,True,False,True,0.0,0,0.9191856878470079,1.080814312152992,False,False,False,False,-0.08953259613698288,-0.14776208574948724,False,False,False,False,-370.0,-353.802362677701,False,False,False,False,9.716426174687724,False,False,False,False
2025-03-18 14:00:00+00:00,30.95,30.95,30.95,30.95,0.0,,,,,31.64187076923077,,30.739522435897435,,,,,"rgba(38, 166, 154, 1.0)",0.0,0.0,0.5450056368003982,30.815915406863667,0.24602423182907276,0.0,0.0,0.0,0.0,72.61970938459464,13.72284566078335,True,False,True,False,True,0.0,0,0.9191856878470079,1.080814312152992,False,False,False,False,-0.08953259613698288,-0.11864734094323506,False,False,False,False,-370.0,-354.05348883773667,False,False,False,False,9.565783908413495,False,False,False,False
2025-03-18 15:00:00+00:00,30.95,30.95,30.755,30.755,2.0,,,,,31.64086047940996,,30.739830779054916,,,,,"rgba(38, 166, 154, 1.0)",0.0,0.0,0.5286370627795678,30.816100673705154,-0.11558151708828115,0.0,0.0,0.0,0.0,69.50046933773027,13.72284566078335,True,False,True,False,True,0.0,0,0.897590361445783,1.0789156626506025,False,False,False,False,-0.11503415894806535,-0.1168407499456502,False,False,False,False,-372.0,-354.3317293208725,False,False,False,False,9.448484933089254,False,False,False,False
2025-03-18 16:00:00+00:00,30.755,30.8,30.755,30.8,3.0,,,,,31.639285276073622,,30.740088888888888,,,,,"rgba(38, 166, 154, 1.0)",0.0,0.0,0.5230799897489302,30.816140298730016,-0.030856272551664742,0.0,0.0,0.0,0.0,68.11047068154316,13.72284566078335,True,False,True,False,False,0.0,0,0.8981426003594966,1.0964649490713,False,False,False,False,-0.1347508970951272,-0.1257958235203887,False,False,False,False,-369.0,-354.55914437016133,False,False,False,False,9.348508422498723,False,False,False,False
2025-03-18 17:00:00+00:00,30.8,30.8,30.8,30.8,0.0,,,,,31.639285276073622,,30.740088888888888,,,,,"rgba(38, 166, 154, 1.0)",0.0,0.0,0.5172620835351546,30.816140298730016,-0.03120332853262006,0.0,0.0,0.0,0.0,67.18380491075176,13.72284566078335,True,False,True,False,False,0.0,0,0.9035350509286999,1.0964649490713,False,False,False,False,-0.12882562065023423,-0.12731072208531147,False,False,False,False,-369.0,-354.78303360473245,False,False,False,False,9.203570307421224,False,False,False,False
2025-03-18 18:00:00+00:00,30.8,30.8,30.8,30.8,0.0,,,,,31.639285276073622,,30.740088888888888,,,,,"rgba(38, 166, 154, 1.0)",0.0,0.0,0.5111744382364725,30.816140298730016,-0.03157493317877603,0.0,0.0,0.0,0.0,66.56602773022416,13.72284566078335,True,False,True,False,False,0.0,0,0.9035350509286999,1.0964649490713,False,False,False,False,-0.12882562065023423,-0.12806817136777285,False,False,False,False,-369.0,-355.00345168838,False,False,False,False,9.060879294903065,False,False,False,False
2025-03-18 19:00:00+00:00,30.8,30.8,30.8,30.8,0.0,,,,,31.639285276073622,,30.740088888888888,,,,,"rgba(38, 166, 154, 1.0)",0.0,0.0,0.5048072953172063,30.816140298730016,-0.031973188342836634,0.0,0.0,0.0,0.0,66.15417627653909,13.72284566078335,True,False,True,False,False,0.0,0,0.9035350509286999,1.0964649490713,False,False,False,False,-0.12882562065023423,-0.12844689600900355,False,False,False,False,-369.0,-355.22045243739734,False,False,False,False,8.920400546144878,False,False,False,False
2025-03-19 14:00:00+00:00,30.8,30.8,30.8,30.8,0.0,,,,,31.639285276073622,,30.740088888888888,,,,,"rgba(38, 166, 154, 1.0)",0.0,0.0,0.49814993762965465,30.816140298730016,-0.03240048328986113,0.0,0.0,0.0,0.0,65.87960864074904,13.72284566078335,True,False,True,False,False,0.0,0,0.9035350509286999,1.0964649490713,False,False,False,False,-0.12882562065023423,-0.1286362583296189,False,False,False,False,-369.0,-355.43408883371677,False,False,False,False,8.782099762483716,False,False,False,False
2025-03-19 15:00:00+00:00,30.8,30.8,30.8,30.8,0.0,,,,,31.639285276073622,,30.740088888888888,,,,,"rgba(38, 166, 154, 1.0)",0.0,0.0,0.49119056502669145,30.816140298730016,-0.0328595455190348,0.0,0.0,0.0,0.0,65.69656355022235,13.72284566078335,True,False,True,False,False,0.0,0,0.9035350509286999,1.0964649490713,False,False,False,False,-0.12882562065023423,-0.12873093948992656,False,False,False,False,-369.0,-355.6444130378452,False,False,False,False,8.645943177018852,False,False,False,False
2025-03-19 16:00:00+00:00,30.8,30.8,30.8,30.8,0.0,,,,,31.639285276073622,,30.740088888888888,,,,,"rgba(38, 166, 154, 1.0)",0.0,0.0,0.4821907868831848,30.816140298730016,-0.033472847613583975,0.0,0.0,0.0,0.0,65.57453348987121,13.72284566078335,True,False,True,False,False,0.0,0,0.9035350509286999,1.0964649490713,False,False,False,False,-0.12882562065023423,-0.1287782800700804,False,False,False,False,-369.0,-355.85147640159954,False,False,False,False,8.511897546367397,False,False,False,False
2025-03-19 17:00:00+00:00,30.8,30.8,30.8,30.8,0.0,,,,,31.639285276073622,,30.740088888888888,,,,,"rgba(38, 166, 154, 1.0)",0.0,0.0,0.472750958188917,30.816140298730016,-0.034141229013786856,0.0,0.0,0.0,0.0,65.49318011630379,13.72284566078335,True,False,True,False,False,0.0,0,0.9035350509286999,1.0964649490713,False,False,False,False,-0.12882562065023423,-0.12880195036015732,False,False,False,False,-369.0,-356.0553294806445,False,False,False,False,8.379930142547748,False,False,False,False
2025-03-19 18:00:00+00:00,30.8,31.065,30.8,31.065,11.0,,,,,31.634843591306115,,30.744944029850743,,,,,"rgba(38, 166, 154, 1.0)",0.0,0.0,0.4638071982162289,30.814658553013924,0.5397532594338196,0.0,0.0,0.0,0.0,70.75114489689805,15.707045667281406,True,False,True,False,True,1.5020666394711704,0,0.9065040650406505,1.0627177700348431,False,False,False,False,-0.09410030700827732,-0.11145112868421732,False,False,False,False,-358.0,-356.0854794111771,False,False,False,False,8.420551380647783,False,False,False,False
2025-03-19 19:00:00+00:00,31.065,31.065,31.065,31.065,0.0,,,,,31.634843591306115,,30.744944029850743,,,,,"rgba(38, 166, 154, 1.0)",0.0,0.0,0.45455651092212207,30.814658553013924,0.5507377872076449,0.0,0.0,0.0,0.0,74.25645475062755,19.134250281648505,True,False,True,False,True,1.5020666394711704,0,0.937282229965157,1.0627177700348431,False,False,False,False,-0.0595998914395342,-0.08552551006187575,False,False,False,False,-358.0,-356.1151619009263,False,False,False,False,8.290000196451693,False,False,False,False
2025-03-20 14:00:00+00:00,31.065,31.065,31.065,31.065,0.0,,,,,31.634843591306115,,30.744944029850743,,,,,"rgba(38, 166, 154, 1.0)",0.0,0.0,0.4413663980157185,30.814658553013924,0.5671964338734317,0.0,0.0,0.0,0.0,76.59332798644722,21.392337019453436,True,False,True,False,True,1.5020666394711704,0,0.937282229965157,1.0627177700348431,False,False,False,False,-0.0595998914395342,-0.07256270075070498,False,False,False,False,-358.0,-356.14438419703595,False,False,False,False,8.161473061622985,False,False,False,False
2025-03-20 15:00:00+00:00,31.065,31.065,31.065,31.065,0.0,,,,,31.634843591306115,,30.744944029850743,,,,,"rgba(38, 166, 154, 1.0)",0.0,0.0,0.427560364001316,30.814658553013924,0.5855113524632201,0.0,0.0,0.0,0.0,78.15124347699367,22.952077240895562,True,False,True,False,True,1.5020666394711704,0,0.937282229965157,1.0627177700348431,False,False,False,False,-0.0595998914395342,-0.06608129609511959,False,False,False,False,-358.0,-356.1731534342912,False,False,False,False,8.03493859555131,False,False,False,False
2025-03-20 16:00:00+00:00,31.065,31.065,31.065,31.065,0.0,,,,,31.634843591306115,,30.744944029850743,,,,,"rgba(38, 166, 154, 1.0)",0.0,0.0,0.41307665671688343,30.814658553013924,0.60604113768079,0.0,0.0,0.0,0.0,79.18985380402464,24.095961012440597,True,False,True,False,True,1.5020666394711704,0,0.937282229965157,1.0627177700348431,False,False,False,False,-0.0595998914395342,-0.0628405937673269,False,False,False,False,-358.0,-356.20147663686026,False,False,False,False,7.9103659041474135,False,False,False,False
2025-03-20 17:00:00+00:00,31.065,31.065,31.065,31.065,0.0,,,,,31.634843591306115,,30.744944029850743,,,,,"rgba(38, 166, 154, 1.0)",0.0,0.0,0.39784126944769055,30.814658553013924,0.6292495681345921,0.0,0.0,0.0,0.0,79.88226068871195,24.99025792481153,True,False,True,False,True,1.5020666394711704,0,0.937282229965157,1.0627177700348431,False,False,False,False,-0.0595998914395342,-0.06122024260343055,False,False,False,False,-358.0,-356.2293607200097,False,False,False,False,7.787724572300166,False,False,False,False
2025-03-20 18:00:00+00:00,31.065,31.065,30.9,30.9,3.0,,,,,31.63360300081103,,30.74611317254174,,,,,"rgba(239, 83, 80, 1.0)",0.0,0.0,0.3804267163154573,30.813796365358872,0.2265972155584489,0.0,0.0,0.0,0.0,70.39728563967012,25.912896180201187,True,False,True,False,False,0.0,0,0.9196581196581195,1.0615384615384613,False,False,False,False,-0.08105943457186748,-0.07113983858764902,False,False,False,False,-361.0,-356.3033241196994,False,False,False,False,7.713496284357528,False,False,False,False
2025-03-20 19:00:00+00:00,30.9,30.9,30.9,30.9,0.0,,,,,31.63360300081103,,30.74611317254174,,,,,"rgba(239, 83, 80, 1.0)",0.0,0.0,0.38056735739365305,30.813796365358872,0.22651347512172162,0.0,0.0,0.0,0.0,64.07396894030889,20.400395706198452,True,False,True,False,False,0.0,0,0.9196581196581195,1.0803418803418805,False,False,False,False,-0.10259374335707004,-0.08686679097235953,False,False,False,False,-361.0,-356.3761408000141,False,False,False,False,7.593907194677566,False,False,False,False
2025-03-21 14:00:00+00:00,30.9,30.9,30.9,30.9,0.0,,,,,31.63360300081103,,30.74611317254174,,,,,"rgba(239, 83, 80, 1.0)",0.0,0.0,0.38039474518220817,30.813796365358872,0.2266162604318712,0.0,0.0,0.0,0.0,59.858424474068066,16.87227100017556,True,False,True,False,False,0.0,0,0.9196581196581195,1.0803418803418805,False,False,False,False,-0.10259374335707004,-0.09473026716471478,False,False,False,False,-361.0,-356.44782853954877,False,False,False,False,7.4761721994112476,False,False,False,False
2025-03-21 15:00:00+00:00,30.9,30.9,30.9,30.9,0.0,,,,,31.63360300081103,,30.74611317254174,,,,,"rgba(239, 83, 80, 1.0)",0.0,0.0,0.37898296807398235,30.813796365358872,0.22746044519947534,0.0,0.0,0.0,0.0,57.048061496574185,14.50233910592624,False,False,True,False,False,0.0,0,0.9196581196581195,1.0803418803418805,False,False,False,False,-0.10259374335707004,-0.09866200526089242,False,False,False,False,-361.0,-356.51840484126114,False,False,False,False,7.360262552908748,False,False,False,False
2025-03-21 16:00:00+00:00,30.9,30.9,30.6,30.6,1.0,,,,,31.633035460992907,,30.746027777777776,,,,,"rgba(239, 83, 80, 1.0)",0.0,0.0,0.3771457289973948,30.78688468845459,-0.49552380972576576,0.0,0.0,0.0,0.0,46.31593866627075,4.827133347555602,False,True,False,True,False,0.0,0,0.8892561983471077,1.0776859504132232,False,False,False,False,-0.14200573872860955,-0.12033387199475098,False,False,False,False,-362.0,-356.60339081271445,False,False,False,False,7.261653831158224,False,False,False,False
2025-03-21 17:00:00+00:00,30.6,30.6,30.6,30.6,0.0,,,,,31.633035460992907,,30.746027777777776,,,,,"rgba(239, 83, 80, 1.0)",0.0,0.0,0.3775027235747867,30.78688468845459,-0.4950552056548719,0.0,0.0,0.0,0.0,39.16119011273513,-1.276161211840872,False,True,False,True,False,0.0,0,0.8892561983471077,1.1107438016528923,False,False,False,False,-0.18186111088472906,-0.15109749143974002,False,False,False,False,-362.0,-356.6870591722072,False,False,False,False,7.149070050830189,False,False,False,False
2025-03-21 18:00:00+00:00,30.6,30.6,30.6,30.6,0.0,,,,,31.633035460992907,,30.746027777777776,,,,,"rgba(239, 83, 80, 1.0)",0.0,0.0,0.37785251424676025,30.78688468845459,-0.49459691654332466,0.0,0.0,0.0,0.0,34.391357743711374,-5.278585734730157,False,True,False,True,False,0.0,0,0.8892561983471077,1.1107438016528923,False,False,False,False,-0.18186111088472906,-0.16647930116223453,False,False,False,False,-362.0,-356.7694303478319,False,False,False,False,7.03823175546848,False,False,False,False
2025-03-21 19:00:00+00:00,30.6,30.64,30.6,30.64,2.0,,,,,31.63181339809755,,30.74558733087331,,,,,"rgba(239, 83, 80, 1.0)",0.0,0.0,0.3780245237291044,30.743679066552808,-0.27426545116714346,0.0,0.0,0.0,0.0,33.449369028317804,-6.048436817920646,False,True,False,True,False,0.0,0,0.8897421832144818,1.1058694459681842,False,False,False,False,-0.1765166329383728,-0.17149796705030368,False,False,False,False,-360.0,-356.81951669902827,False,False,False,False,6.960119635228659,False,False,False,False
2025-03-24 14:00:00+00:00,30.64,31.07,30.64,31.07,100.0,,,,,31.591450104941803,,30.77379283489097,,,,,"rgba(38, 166, 154, 1.0)",0.0,0.0,0.37993482134248224,30.85193130228136,0.5739634418032632,0.0,0.0,0.0,0.0,44.668186436750446,-16.645969776313876,False,True,False,True,True,2.2415530706550335,0,0.8988999476165532,1.0560502881089575,False,False,False,False,-0.11437854901497779,-0.14293825803264074,False,False,False,False,-260.0,-355.31843892074875,False,True,False,False,8.40259840057395,False,False,False,False
2025-03-24 15:00:00+00:00,31.07,31.07,31.07,31.07,0.0,,,,,31.591450104941803,,30.77379283489097,,,,,"rgba(38, 166, 154, 1.0)",0.0,0.0,0.3817777524323901,30.85193130228136,0.5711927851460054,0.0,0.0,0.0,0.0,52.1473980423722,-9.9817688006855,False,False,True,False,True,2.2415530706550335,0,0.9383995394358089,1.160621761658031,False,False,False,False,-0.058301271170614205,-0.10061976460162747,False,False,False,False,-260.0,-353.84063366616346,False,True,False,False,8.272325557154199,False,False,False,False
2025-03-24 16:00:00+00:00,31.07,31.07,31.07,31.07,0.0,,,,,31.591450104941803,,30.77379283489097,,,,,"rgba(38, 166, 154, 1.0)",0.0,0.0,0.3835347453634101,30.85193130228136,0.5685761208205862,0.0,0.0,0.0,0.0,57.13353911278671,-5.530681966785906,False,False,True,False,True,2.2415530706550335,0,0.8393782383419691,1.160621761658031,False,False,False,False,-0.058301271170614205,-0.07946051788612084,False,False,False,False,-260.0,-352.3857401209516,False,True,False,False,8.144072447740955,False,False,False,False
2025-03-24 17:00:00+00:00,31.07,31.07,31.07,31.07,0.0,,,,,31.591450104941803,,30.77379283489097,,,,,"rgba(38, 166, 154, 1.0)",0.0,0.0,0.38524963241949234,30.85193130228136,0.5660451804952987,0.0,0.0,0.0,0.0,60.45763315972971,-2.3748631927238364,True,False,True,False,True,2.2415530706550335,0,0.8393782383419691,1.160621761658031,False,False,False,False,-0.058301271170614205,-0.06888089452836751,False,False,False,False,-260.0,-350.9534030648128,False,True,False,False,8.017807758628692,False,False,False,False
2025-03-24 18:00:00+00:00,31.07,31.07,31.015,31.015,8.0,,,,,31.58890598290598,,30.776987179487183,,,,,"rgba(38, 166, 154, 1.0)",0.0,0.0,0.3863787177285881,30.907964833133597,0.27702138330918635,0.0,0.0,0.0,0.0,60.52251431321124,-1.9108664751361175,True,False,True,False,True,0.9422415302220308,0,0.8340961098398171,1.1596109839816933,False,False,False,True,-0.06544623171091589,-0.0671635631196417,False,False,False,False,-268.0,-349.66730379249015,False,False,False,False,8.017531669347626,False,False,False,False
2025-03-24 19:00:00+00:00,31.015,31.015,31.015,31.015,0.0,,,,,31.58890598290598,,30.776987179487183,,,,,"rgba(38, 166, 154, 1.0)",0.0,0.0,0.38748301909911403,30.907964833133597,0.27623189040711144,0.0,0.0,0.0,0.0,60.56576841553226,-1.1191685904853443,True,False,True,False,True,0.9422415302220308,0,0.8340961098398171,1.1659038901601828,False,False,False,False,-0.07259787119899493,-0.06988071715931832,False,False,False,False,-268.0,-348.40114404376936,False,False,False,False,7.893228852768593,False,False,False,False
2025-03-25 14:00:00+00:00,31.015,31.015,31.015,31.015,0.0,,,,,31.58890598290598,,30.776987179487183,,,,,"rgba(38, 166, 154, 1.0)",0.0,0.0,0.3885627478401438,30.907964833133597,0.275464303928687,0.0,0.0,0.0,0.0,60.594604483746274,-0.1468146281609819,True,False,True,False,True,0.9422415302220308,0,0.8340961098398171,1.1659038901601828,False,False,False,False,-0.07259787119899493,-0.07123929417915661,False,False,False,False,-268.0,-347.1546146787497,False,False,False,False,7.770853211640397,False,False,False,False
2025-03-25 15:00:00+00:00,31.015,31.015,31.015,31.015,0.0,,,,,31.58890598290598,,30.776987179487183,,,,,"rgba(38, 166, 154, 1.0)",0.0,0.0,0.38954235102658236,30.907964833133597,0.27477157896780025,0.0,0.0,0.0,0.0,60.61382852922228,0.903995229474333,True,False,True,False,True,0.9422415302220308,0,0.8340961098398171,1.1659038901601828,False,False,False,False,-0.07259787119899493,-0.07191858268907578,False,False,False,False,-268.0,-345.927411350397,False,False,False,False,7.65037486727388,False,False,False,False
2025-03-25 16:00:00+00:00,31.015,31.015,31.015,31.015,0.0,,,,,31.58890598290598,,30.776987179487183,,,,,"rgba(38, 166, 154, 1.0)",0.0,0.0,0.39056775490463225,30.907964833133597,0.274050188532688,0.0,0.0,0.0,0.0,60.62664455953962,1.9641379085318178,True,False,True,False,True,0.9422415302220308,0,0.8340961098398171,1.1659038901601828,False,False,False,False,-0.05354586470905109,-0.06273222369906344,False,False,False,False,-268.0,-344.7192344302358,False,False,False,False,7.5317644042153695,False,False,False,False
2025-03-25 17:00:00+00:00,31.015,31.015,31.015,31.015,0.0,,,,,31.58890598290598,,30.776987179487183,,,,,"rgba(38, 166, 154, 1.0)",0.0,0.0,0.391568203072889,30.907964833133597,0.2733499963133598,0.0,0.0,0.0,0.0,60.63518857975118,2.988616847956223,True,False,True,False,True,0.9422415302220308,0,0.8688915375446964,1.172824791418355,False,False,False,False,-0.031510438413785084,-0.04712133105642426,False,False,False,False,-268.0,-343.52978893519344,False,False,False,False,7.414992863064743,False,False,False,False
2025-03-25 18:00:00+00:00,31.015,31.015,31.015,31.015,0.0,,,,,31.58890598290598,,30.776987179487183,,,,,"rgba(38, 166, 154, 1.0)",0.0,0.0,0.39254388633982834,30.907964833133597,0.2726705741475794,0.0,0.0,0.0,0.0,60.64088459322555,3.9498044776511776,False,False,True,False,True,0.9422415302220308,0,0.8688915375446964,1.1311084624553036,False,False,False,False,-0.031510438413785084,-0.03931588473510467,False,False,False,False,-268.0,-342.3587844555781,False,False,False,False,7.300031733404825,False,False,False,False
2025-03-25 19:00:00+00:00,31.015,31.015,31.015,31.015,0.0,,,,,31.58890598290598,,30.776987179487183,,,,,"rgba(38, 166, 154, 1.0)",0.0,0.0,0.3934949889215611,30.907964833133597,0.27201151191213624,0.0,0.0,0.0,0.0,60.6446819355418,4.832379924739946,False,False,True,False,True,0.9422415302220308,0,0.8688915375446964,1.1311084624553036,False,False,False,False,-0.031510438413785084,-0.03541316157444488,False,False,False,False,-268.0,-341.2059350841738,False,False,False,False,7.186852946840409,False,False,False,False
2025-03-26 14:00:00+00:00,31.015,31.015,31.015,31.015,0.0,,,,,31.58890598290598,,30.776987179487183,,,,,"rgba(38, 166, 154, 1.0)",0.0,0.0,0.3944216886386212,30.907964833133597,0.2713724167548792,0.0,0.0,0.0,0.0,60.647213497085964,5.6295683976161826,False,False,True,False,True,0.9422415302220308,0,0.8688915375446964,1.1311084624553036,False,False,False,False,-0.031510438413785084,-0.033461799994114985,False,False,False,False,-268.0,-340.0709593464347,False,False,False,False,7.075428870145209,False,False,False,False
2025-03-26 15:00:00+00:00,31.015,31.015,31.015,31.015,0.0,,,,,31.58890598290598,,30.776987179487183,,,,,"rgba(38, 166, 154, 1.0)",0.0,0.0,0.3953241571030817,30.907964833133597,0.2707529123713365,0.0,0.0,0.0,0.0,60.64890120478208,6.340373561774008,False,False,True,False,True,0.9422415302220308,0,0.8688915375446964,1.1311084624553036,False,False,False,False,-0.020238626476098018,-0.0268502132351065,False,False,False,False,-268.0,-338.95358013176127,False,False,False,False,6.96573229851505,False,False,False,False
2025-03-26 16:00:00+00:00,31.015,31.015,31.015,31.015,0.0,,,,,31.58890598290598,,30.776987179487183,,,,,"rgba(38, 166, 154, 1.0)",0.0,0.0,0.3962025598965018,30.907964833133597,0.2701526383230927,0.0,0.0,0.0,0.0,60.650026343246154,6.967562464247486,False,False,True,False,True,0.9422415302220308,0,0.8857837181044957,1.133657351154313,False,False,False,False,-0.00808842745829936,-0.01746932034670293,False,False,False,False,-268.0,-337.8535246258425,False,False,False,False,6.857736448925669,False,False,False,False
2025-03-26 17:00:00+00:00,31.015,31.015,31.015,31.015,0.0,,,,,31.58890598290598,,30.776987179487183,,,,,"rgba(38, 166, 154, 1.0)",0.0,0.0,0.385360624364872,30.907964833133597,0.27775325266511597,0.0,0.0,0.0,0.0,60.650776435555535,7.516216911451899,False,False,True,False,True,0.9422415302220308,0,0.8857837181044957,1.1142162818955044,False,False,False,False,-0.00808842745829936,-0.012778873902501146,False,False,False,False,-268.0,-336.7705242440465,False,False,False,False,6.751414953593488,False,False,False,False
2025-03-26 18:00:00+00:00,31.015,31.015,31.015,31.015,0.0,,,,,31.58890598290598,,30.776987179487183,,,,,"rgba(38, 166, 154, 1.0)",0.0,0.0,0.3740341917213588,30.907964833133597,0.28616412412408604,0.0,0.0,0.0,0.0,60.651276497095125,7.992708134934496,False,False,True,False,True,0.9422415302220308,0,0.8857837181044957,1.1142162818955044,False,False,False,False,-0.00808842745829936,-0.010433650680400253,False,False,False,False,-268.0,-335.70431456584424,False,False,False,False,6.646741853537775,False,False,False,False
2025-03-26 19:00:00+00:00,31.015,31.015,31.015,31.015,0.0,,,,,31.58890598290598,,30.776987179487183,,,,,"rgba(38, 166, 154, 1.0)",0.0,0.0,0.3621778095988763,30.907964833133597,0.29553209509149125,0.0,0.0,0.0,0.0,60.65160987145485,8.403985249988196,False,False,True,False,True,0.9422415302220308,0,0.8857837181044957,1.1142162818955044,False,False,False,False,-0.00808842745829936,-0.009261039069349806,False,False,False,False,-268.0,-334.6546352702498,False,False,False,False,6.543691592242616,False,False,False,False
2025-03-27 14:00:00+00:00,31.015,31.015,31.015,31.015,0.0,,,,,31.58890598290598,,30.776987179487183,,,,,"rgba(38, 166, 154, 1.0)",0.0,0.0,0.34973758502404767,30.907964833133597,0.3060442212953563,0.0,0.0,0.0,0.0,60.651832121028,8.757094253506843,False,False,True,False,True,0.9422415302220308,0,0.8857837181044957,1.1142162818955044,False,False,False,False,-0.00808842745829936,-0.008674733263824584,False,False,False,False,-268.0,-333.6212300722614,False,False,False,False,6.442239009417149,False,False,False,False
2025-03-27 15:00:00+00:00,31.015,31.015,31.015,31.015,0.0,,,,,31.58890598290598,,30.776987179487183,,,,,"rgba(38, 166, 154, 1.0)",0.0,0.0,0.344399176527569,30.907964833133597,0.31078810334447765,0.0,0.0,0.0,0.0,60.6519802874101,9.058864640476692,False,False,True,False,True,0.9422415302220308,0,0.8857837181044957,1.1142162818955044,False,False,False,False,-0.00808842745829936,-0.008381580361061972,False,False,False,False,-268.0,-332.6038466602884,False,False,False,False,6.342359334852541,False,False,False,False
2025-03-27 16:00:00+00:00,31.015,31.015,31.015,31.015,0.0,,,,,31.58890598290598,,30.776987179487183,,,,,"rgba(38, 166, 154, 1.0)",0.0,0.0,0.34087163048359354,30.907964833133597,0.31400432683280993,0.0,0.0,0.0,0.0,60.65207906499816,9.315716387359451,False,False,True,False,True,0.9422415302220308,0,0.8857837181044957,1.1142162818955044,False,False,False,False,-0.00808842745829936,-0.008235003909680665,False,False,False,False,-268.0,-331.6022366345475,False,False,False,False,6.244028182374207,False,False,False,False
2025-03-27 17:00:00+00:00,31.015,31.015,31.015,31.015,0.0,,,,,31.58890598290598,,30.776987179487183,,,,,"rgba(38, 166, 154, 1.0)",0.0,0.0,0.3372776945534918,30.907964833133597,0.3173502683244518,0.0,0.0,0.0,0.0,60.65214491672354,9.533552061366443,False,False,True,False,True,0.9422415302220308,0,0.8857837181044957,1.1142162818955044,False,False,False,False,-0.00808842745829936,-0.008161715683990014,False,False,False,False,-268.0,-330.616155446415,False,False,False,False,6.1472215438877855,False,False,False,False
2025-03-27 18:00:00+00:00,31.015,31.015,31.015,31.015,0.0,,,,,31.58890598290598,,30.776987179487183,,,,,"rgba(38, 166, 154, 1.0)",0.0,0.0,0.33361522314965275,30.907964833133597,0.3208341809342118,0.0,0.0,0.0,0.0,60.65218881787379,9.717707972876184,True,False,True,False,True,0.9422415302220308,0,0.8857837181044957,1.1142162818955044,False,False,False,False,-0.00808842745829936,-0.008125071571144688,False,False,False,False,-268.0,-329.64536233871866,False,False,False,False,6.051915783517432,False,False,False,False
2025-03-27 19:00:00+00:00,31.015,31.015,31.015,31.015,0.0,,,,,31.58890598290598,,30.776987179487183,,,,,"rgba(38, 166, 154, 1.0)",0.0,0.0,0.3298819335613361,30.907964833133597,0.3244650766741723,0.0,0.0,0.0,0.0,60.6522180853073,9.872945233996319,True,False,True,False,True,0.9422415302220308,0,0.8857837181044957,1.1142162818955044,False,False,False,False,-0.00808842745829936,-0.008106749514722025,False,False,False,False,-268.0,-328.6896202869556,False,False,False,False,5.958087631834991,False,False,False,False
2025-03-28 14:00:00+00:00,31.015,31.015,31.015,31.015,0.0,,,,,31.58890598290598,,30.776987179487183,,,,,"rgba(38, 166, 154, 1.0)",0.0,0.0,0.33015888885802713,30.907964833133597,0.3241928976579205,0.0,0.0,0.0,0.0,60.65223759692963,10.003466824468298,True,False,True,False,True,0.9422415302220308,0,0.8857837181044957,1.1142162818955044,False,False,False,False,-0.00808842745829936,-0.008097588486510692,False,False,False,False,-268.0,-327.7486959414214,False,False,False,False,5.865714180178634,False,False,False,False
2025-03-28 15:00:00+00:00,31.015,31.015,30.87,30.87,1.0,,,,,31.588524107820806,,30.777204301075272,,,,,"rgba(239, 83, 80, 1.0)",0.0,0.0,0.3304340852344985,30.93366666666667,-0.19267584523396752,0.0,0.0,0.0,0.0,45.479366852689196,-2.4640474617876578,False,True,False,True,False,0.0,0,0.8704477611940299,1.1122388059701493,False,False,False,False,-0.03155460100462395,-0.01982609474556732,False,False,False,False,-269.0,-326.8378634462056,False,False,False,False,5.7902767510285775,False,False,False,False
2025-03-28 16:00:00+00:00,30.87,30.87,30.87,30.87,0.0,,,,,31.588524107820806,,30.777204301075272,,,,,"rgba(239, 83, 80, 1.0)",0.0,0.0,0.33059544968348603,30.93366666666667,-0.19258179968183076,0.0,0.0,0.0,0.0,35.364119689862235,-10.749031791393286,False,True,False,True,False,0.0,0,0.8704477611940299,1.1295522388059702,False,False,False,False,-0.05505557272950539,-0.03744083373753636,False,False,False,False,-269.0,-325.9411523850241,False,False,False,False,5.700505018454491,False,False,False,False
2025-03-28 17:00:00+00:00,30.87,30.87,30.87,30.87,0.0,,,,,31.588524107820806,,30.777204301075272,,,,,"rgba(239, 83, 80, 1.0)",0.0,0.0,0.3307349446364542,30.93366666666667,-0.19250057394646533,0.0,0.0,0.0,0.0,28.62062158131093,-15.80228581657758,False,True,False,True,False,0.0,0,0.8704477611940299,1.1295522388059702,False,False,False,False,-0.05505557272950539,-0.04624820323352087,False,False,False,False,-269.0,-325.05834382091524,False,False,False,False,5.612125095687754,False,False,False,False
2025-03-28 18:00:00+00:00,30.87,30.87,30.87,30.87,0.0,,,,,31.588524107820806,,30.777204301075272,,,,,"rgba(239, 83, 80, 1.0)",0.0,0.0,0.33085259775542963,30.93366666666667,-0.19243211961640108,0.0,0.0,0.0,0.0,24.124956175610063,-18.989712172437944,False,True,False,True,False,0.0,0,0.8704477611940299,1.1295522388059702,False,False,False,False,-0.05505557272950539,-0.05065188798151313,False,False,False,False,-269.0,-324.18922221128867,False,False,False,False,5.525115404281743,False,False,False,False
2025-03-28 19:00:00+00:00,30.87,30.87,30.87,30.87,0.0,,,,,31.588524107820806,,30.777204301075272,,,,,"rgba(239, 83, 80, 1.0)",0.0,0.0,0.3272927168798548,30.93366666666667,-0.19452515556599181,0.0,0.0,0.0,0.0,21.127845905142816,-21.125251690038617,False,True,False,True,False,0.0,0,0.8704477611940299,1.1295522388059702,False,False,False,False,-0.05505557272950539,-0.05285373035550926,False,False,False,False,-269.0,-323.33357535529973,False,False,False,False,5.43945470033939,False,False,False,False
2025-03-31 14:00:00+00:00,30.87,30.87,30.87,30.87,1.0,,,,,31.588115158413967,,30.777346625766874,,,,,"rgba(239, 83, 80, 1.0)",0.0,0.0,0.3235313315933966,30.88812500000001,-0.05602239483496851,0.0,0.0,0.0,0.0,19.129772391497983,-22.681988666677103,False,True,False,True,False,0.0,0,0.8704477611940299,1.1295522388059702,False,False,False,False,-0.01659371914727251,-0.034723724751390884,False,False,False,False,-269.0,-322.49119434203925,False,False,False,False,5.370625945295368,False,False,False,False
2025-03-31 15:00:00+00:00,30.87,30.89,30.87,30.89,32.0,,,,,31.575508664058137,,30.782305068226123,,,,,"rgba(239, 83, 80, 1.0)",0.0,0.0,0.32086788277774336,30.88367840166371,0.019701561532324236,0.0,0.0,0.0,0.0,22.704547184767435,-22.681988666677103,False,True,False,True,True,0.0,0,0.9259024699176698,1.1348955034832173,False,False,False,False,-0.0056572217417848,-0.02019047324658784,False,False,False,False,-237.0,-321.16574946851927,False,False,False,False,5.783484457771408,False,False,False,False
2025-03-31 16:00:00+00:00,30.89,30.89,30.89,30.89,0.0,,,,,31.575508664058137,,30.782305068226123,,,,,"rgba(239, 83, 80, 1.0)",0.0,0.0,0.31804614657534286,30.88367840166371,0.019876355693543263,0.0,0.0,0.0,0.0,25.087730380280405,-22.681988666677103,False,True,False,True,True,0.0,0,0.9284357188093734,1.0715642811906267,False,False,False,False,-0.0018857352703207275,-0.011038104258454284,False,False,False,False,-237.0,-319.8608541279221,False,False,False,False,5.693818032069525,False,False,False,False
2025-03-31 17:00:00+00:00,30.89,30.89,30.89,30.89,0.0,,,,,31.575508664058137,,30.782305068226123,,,,,"rgba(239, 83, 80, 1.0)",0.0,0.0,0.31506187008594794,30.88367840166371,0.02006462519430802,0.0,0.0,0.0,0.0,26.67651917728905,-22.681988666677103,False,True,False,True,True,0.0,0,0.9284357188093734,1.0715642811906267,False,False,False,False,-0.0018857352703207275,-0.0064619197643875055,False,False,False,False,-237.0,-318.576189722838,False,False,False,False,5.605541783510308,False,False,False,False
2025-03-31 18:00:00+00:00,30.89,30.97,30.89,30.97,26.0,,,,,31.566452708907256,,30.788201877934277,,,,,"rgba(38, 166, 154, 1.0)",0.0,0.0,0.31236756473034744,30.9096846110137,0.19309107537579223,0.0,0.0,0.0,0.0,39.35540864013694,-19.971864997682935,False,True,False,True,True,0.012632332874737529,0,0.9291536050156742,1.0608150470219435,False,False,False,False,0.013200747121314225,0.0033694136784633596,False,False,False,False,-211.0,-316.90834182015834,False,False,False,False,5.921734934153559,False,False,False,False
2025-03-31 19:00:00+00:00,30.97,30.97,30.97,30.97,0.0,,,,,31.566452708907256,,30.788201877934277,,,,,"rgba(38, 166, 154, 1.0)",0.0,0.0,0.29936175350156385,30.9096846110137,0.20147994284775958,0.0,0.0,0.0,0.0,47.808001615368866,-12.535830140037625,False,False,False,False,True,0.012632332874737529,0,0.9391849529780565,1.0608150470219435,False,False,False,False,0.028293241046055538,0.015831327362259447,False,False,False,False,-211.0,-315.26635202449694,False,False,False,False,5.829925090213194,False,False,False,False
2025-04-01 14:00:00+00:00,30.97,30.97,30.87,30.87,94.0,,,,,31.53380041906758,,30.80166252072969,,,,,"rgba(239, 83, 80, 1.0)",0.0,0.0,0.28473597696225117,30.90567497155694,-0.12529140833393737,0.0,0.0,0.0,0.0,43.94856314673156,-12.535830140037625,False,False,False,True,False,0.0,0,0.9275541795665638,1.060061919504644,False,False,False,False,0.009428831439420072,0.01263007940083976,False,False,False,False,-305.0,-315.10718377605514,False,False,False,False,7.196902995791284,False,False,False,False
2025-04-01 15:00:00+00:00,30.87,31.1,30.87,31.1,32.0,,,,,31.52538468143569,,30.81014752791069,,,,,"rgba(38, 166, 154, 1.0)",0.0,0.0,0.2705573493353112,30.93131228102476,0.6234823019580283,0.0,0.0,0.0,0.0,52.69413964690493,-9.106956923347283,True,False,True,False,True,4.483418300216503,0,0.92887537993921,1.0528875379939209,False,False,False,False,0.03395588072768558,0.02329298006426267,False,False,False,False,-273.0,-314.4543592213876,False,False,False,False,7.581447135391419,False,False,False,False
2025-04-01 16:00:00+00:00,31.1,31.1,31.1,31.1,0.0,,,,,31.52538468143569,,30.81014752791069,,,,,"rgba(38, 166, 154, 1.0)",0.0,0.0,0.25476981308178437,30.93131228102476,0.662118156522301,0.0,0.0,0.0,0.0,58.52452398035385,-3.9216324679165737,True,False,True,False,True,4.483418300216503,0,0.9471124620060791,1.0528875379939209,False,False,False,False,0.07746886584741762,0.050380922955840145,False,False,False,False,-273.0,-313.81165597764516,False,False,False,False,7.4639053193388385,False,False,False,False
2025-04-01 17:00:00+00:00,31.1,31.1,30.87,31.1,126.0,,,,,31.494780680535403,,30.838069993069993,,,,,"rgba(38, 166, 154, 1.0)",0.0,0.0,0.23705212868012956,30.96894923724151,0.5528352075476478,0.0,0.0,0.0,0.0,62.41144686931979,-0.33839393184806,True,False,True,False,True,4.483418300216503,0,0.9213483146067416,1.0514488468361916,False,False,False,False,0.03395588072768558,0.04216840184176286,False,False,False,False,-273.0,-313.1789171252786,False,False,False,False,9.30167422911653,False,False,False,False
2025-04-01 18:00:00+00:00,31.1,31.1,31.1,31.1,0.0,,,,,31.494780680535403,,30.838069993069993,,,,,"rgba(38, 166, 154, 1.0)",0.0,0.0,0.21693188203099553,30.96894923724151,0.6041102005456553,0.0,0.0,0.0,0.0,65.00272879529709,2.3093954477238654,True,False,True,False,True,4.483418300216503,0,0.9485511531638086,1.0514488468361916,False,False,False,False,0.07746886584741762,0.05981863384459024,False,False,False,False,-273.0,-312.55598817759983,False,False,False,False,9.157462225564336,False,False,False,False
2025-04-01 19:00:00+00:00,31.1,31.1,31.1,31.1,0.0,,,,,31.494780680535403,,30.838069993069993,,,,,"rgba(38, 166, 154, 1.0)",0.0,0.0,0.20966188997568425,30.96894923724151,0.6250576238423201,0.0,0.0,0.0,0.0,66.73025007928194,4.4080627075137215,True,False,True,False,True,4.483418300216503,0,0.947747747747748,1.0678678678678677,False,False,False,False,0.07746886584741762,0.06864374984600394,False,False,False,False,-273.0,-311.9427170430634,False,False,False,False,9.015486067028455,False,False,False,False
2025-04-02 14:00:00+00:00,31.1,31.11,31.1,31.11,3.0,,,,,31.494218196457332,,30.83890500863558,,,,,"rgba(38, 166, 154, 1.0)",0.0,0.0,0.2017792478550065,30.97031464068719,0.6922682128995994,0.0,0.0,0.0,0.0,68.2799342340046,6.5331993661500505,True,False,True,False,True,4.834110529292868,0,0.9322135572885425,1.0665866826634673,False,False,False,False,0.0793662002124831,0.07400497502924352,False,False,False,False,-270.0,-311.2924423602252,False,False,False,False,8.922222717152044,False,False,False,False
2025-04-02 15:00:00+00:00,31.11,31.11,31.11,31.11,0.0,,,,,31.494218196457332,,30.83890500863558,,,,,"rgba(38, 166, 154, 1.0)",0.0,0.0,0.19305159652016768,30.97031464068719,0.7235649009420031,0.0,0.0,0.0,0.0,69.31305700381971,8.301168856202572,True,False,True,False,True,4.834110529292847,0,0.9334133173365327,1.0665866826634673,False,False,False,False,0.08126410497011603,0.07763453999967979,False,False,False,False,-270.0,-310.65224945541553,False,False,False,False,8.783893682777594,False,False,False,False
2025-04-02 16:00:00+00:00,31.11,31.33,31.11,31.33,1.0,,,,,31.49410349267665,,30.839337474120086,,,,,"rgba(38, 166, 154, 1.0)",0.0,0.0,0.1881364752869555,30.97126695797663,1.9067702925560222,0.0,0.0,0.0,0.0,75.03145532915931,14.358504775864844,True,False,True,False,True,12.0100191047039,0,0.9351256575102279,1.0391583869082408,False,False,False,False,0.12319082330313658,0.10041268165140818,False,False,False,False,-269.0,-310.0064781460292,False,False,False,False,8.663213160563988,False,False,False,False
2025-04-02 17:00:00+00:00,31.33,31.47,31.33,31.47,19.0,,,,,31.493460127591714,,30.850602368866333,,,,,"rgba(38, 166, 154, 1.0)",0.0,0.0,0.1869099604980918,31.019659919272264,2.409395837052419,0.0,0.0,0.0,0.0,80.07966748395849,19.545733797682402,True,False,True,False,True,15.932651555200255,0,0.9614721104082805,1.02242668200115,False,False,False,False,0.2477794209023279,0.17409605127686806,False,False,False,False,-250.0,-309.07614515151715,False,False,False,False,8.823473421640516,False,True,False,False
2025-04-02 18:00:00+00:00,31.47,31.47,31.47,31.47,0.0,,,,,31.493460127591714,,30.850602368866333,,,,,"rgba(38, 166, 154, 1.0)",0.0,0.0,0.18447583400921982,31.019659919272264,2.4411873953377934,0.0,0.0,0.0,0.0,83.44514225382461,23.084989232904704,True,False,True,False,True,15.932651555200255,0,1.0904425914047464,1.0250160359204619,False,False,False,False,0.2789000587817309,0.22649805502929948,False,False,False,False,-250.0,-308.1602359243618,False,False,False,False,8.686675384095702,False,True,False,False
2025-04-02 19:00:00+00:00,31.47,31.47,31.47,31.47,0.0,,,,,31.493460127591714,,30.850602368866333,,,,,"rgba(38, 166, 154, 1.0)",0.0,0.0,0.18078532388829632,31.019659919272264,2.491021234699287,0.0,0.0,0.0,0.0,85.68879210040203,25.629899841489134,True,False,True,False,True,15.932651555200255,0,1.091144149967679,0.9166127989657402,False,False,False,False,0.2789000587817309,0.2526990569055152,False,False,False,False,-250.0,-307.25852684026313,False,False,False,False,8.551998246357783,False,True,False,False
2025-04-03 14:00:00+00:00,31.47,31.47,29.35,29.36,168.0,,,,,31.386807646885156,,30.735406186759185,,,,,"rgba(239, 83, 80, 1.0)",0.0,0.0,0.24986212414278566,30.557615052335763,-4.793103622425689,0.0,0.0,0.0,0.0,61.4948432875595,23.37796784971563,True,False,True,False,False,0.0,0,0.8481729284611427,0.9480185280494082,False,True,False,False,-0.16972436955832634,0.041487343673594426,False,False,False,False,-418.0,-308.9754489047552,False,False,False,False,11.02406028904991,False,False,False,False
2025-04-03 15:00:00+00:00,29.36,29.36,29.36,29.36,0.0,,,,,31.386807646885156,,30.735406186759185,,,,,"rgba(239, 83, 80, 1.0)",0.0,0.0,0.3103400924357633,30.557615052335763,-3.859040715416604,0.0,0.0,0.0,0.0,45.365544078997814,9.55378225359955,False,True,False,True,False,0.0,0,0.8342798141455858,1.1688177594217866,False,False,False,False,-0.34282825441539394,-0.15067045537089976,False,False,False,False,-418.0,-310.6657520225109,False,False,False,False,10.853144625653787,False,False,False,False
2025-04-03 16:00:00+00:00,29.36,29.36,29.36,29.36,0.0,,,,,31.386807646885156,,30.735406186759185,,,,,"rgba(239, 83, 80, 1.0)",0.0,0.0,0.35955505536413246,30.557615052335763,-3.3308252365493836,0.0,0.0,0.0,0.0,34.61267793995669,0.7839459134436595,False,True,False,True,False,0.0,0,0.8651262761955938,1.1757119828049438,False,False,False,False,-0.34282825441539394,-0.24674935489314687,False,False,False,False,-418.0,-312.32984889037897,False,False,False,False,10.684878817504115,False,False,False,False
2025-04-03 17:00:00+00:00,29.36,29.36,29.33,29.33,2.0,,,,,31.38499631268437,,30.732989898989903,,,,,"rgba(239, 83, 80, 1.0)",0.0,0.0,0.40322517349566434,30.55151904935999,-3.029371997711162,0.0,0.0,0.0,0.0,27.369795856787103,-5.1123596090618975,False,True,False,True,False,0.0,0,0.8623460096411354,1.1344402785216925,False,False,False,False,-0.34282825441539394,-0.2947888046542704,False,False,False,False,-420.0,-313.99915355874515,False,False,False,False,10.550229533511803,False,False,False,False
2025-04-03 18:00:00+00:00,29.33,29.33,29.27,29.27,100.0,,,,,31.296225282485878,,30.61801062416999,,,,,"rgba(239, 83, 80, 1.0)",0.0,0.0,0.44431045878287984,30.306455617563977,-2.3327283818688125,0.0,0.0,0.0,0.0,22.382922709518652,-9.439450224144572,False,True,False,True,False,0.0,0,0.8568387440127727,1.1367748802554551,False,False,False,False,-0.34282825441539394,-0.3188085295348322,False,False,False,False,-520.0,-317.19296513147776,False,False,False,False,11.937047680279061,False,False,False,False
2025-04-03 19:00:00+00:00,29.27,29.28,29.27,29.28,1.0,,,,,31.295369899759994,,30.61694267515924,,,,,"rgba(239, 83, 80, 1.0)",0.0,0.0,0.4807296631258358,30.3045116499225,-2.1311596277642684,0.0,0.0,0.0,0.0,19.25872193060836,-12.556075187218404,False,True,False,True,False,0.0,0,0.8569909622541202,1.1419457735247207,False,False,False,False,-0.34282825441539394,-0.3308183919751131,False,False,False,False,-519.0,-320.3217563697494,False,False,False,False,11.76748104957706,False,False,False,False
2025-04-04 14:00:00+00:00,29.28,29.28,29.28,29.28,0.0,,,,,31.295369899759994,,30.61694267515924,,,,,"rgba(239, 83, 80, 1.0)",0.0,0.0,0.5137680971583674,30.3045116499225,-1.9941130163375949,0.0,0.0,0.0,0.0,17.175921411334834,-15.153155247716171,False,True,False,True,False,0.0,0,0.8580542264752793,1.1419457735247207,False,False,False,False,-0.34124309218365023,-0.33603074207938166,False,False,False,False,-519.0,-323.40203921673,False,False,False,False,11.585039482916951,False,False,False,False
2025-04-04 15:00:00+00:00,29.28,29.28,29.28,29.28,0.0,,,,,31.295369899759994,,30.61694267515924,,,,,"rgba(239, 83, 80, 1.0)",0.0,0.0,0.5440420293780646,30.3045116499225,-1.8831479823235255,0.0,0.0,0.0,0.0,15.787387731819148,-17.43881139930177,False,True,False,True,False,0.0,0,0.8568364611260055,1.1517426273458446,False,False,False,False,-0.34124309218365023,-0.33863691713151595,False,False,False,False,-519.0,-326.43456574050157,False,False,False,False,11.405426467677929,False,False,False,False
2025-04-04 16:00:00+00:00,29.28,29.28,29.28,29.28,0.0,,,,,31.295369899759994,,30.61694267515924,,,,,"rgba(239, 83, 80, 1.0)",0.0,0.0,0.571990581413103,30.3045116499225,-1.7911337759993213,0.0,0.0,0.0,0.0,14.861698612142025,-19.51704202389108,False,True,False,True,False,0.0,0,0.8482573726541555,1.1517426273458446,False,False,False,False,-0.34124309218365023,-0.3399400046575831,False,False,False,False,-519.0,-329.42007634917593,False,False,False,False,11.228598150349589,False,False,False,False
2025-04-04 17:00:00+00:00,29.28,29.28,29.28,29.28,0.0,,,,,31.295369899759994,,30.61694267515924,,,,,"rgba(239, 83, 80, 1.0)",0.0,0.0,0.597939916834643,30.3045116499225,-1.7134023353818366,0.0,0.0,0.0,0.0,14.244572532357276,-21.43493243339983,False,True,False,True,False,0.0,0,0.8482573726541555,1.1517426273458446,False,False,False,False,-0.34124309218365023,-0.3405915484206167,False,False,False,False,-519.0,-332.3592999716693,False,False,False,False,11.054511357320912,False,False,False,False
2025-04-04 18:00:00+00:00,29.28,29.28,29.28,29.28,0.0,,,,,31.295369899759994,,30.61694267515924,,,,,"rgba(239, 83, 80, 1.0)",0.0,0.0,0.6221402466378168,30.3045116499225,-1.646753534205809,0.0,0.0,0.0,0.0,13.83315514583411,-23.210517053663757,False,True,False,True,False,0.0,0,0.8482573726541555,1.1517426273458446,False,False,False,False,-0.34124309218365023,-0.34091732030213345,False,False,False,False,-519.0,-335.2529542356744,False,False,False,False,10.883123584339192,False,False,False,False
2025-04-04 19:00:00+00:00,29.28,29.28,29.28,29.28,0.0,,,,,31.295369899759994,,30.61694267515924,,,,,"rgba(239, 83, 80, 1.0)",0.0,0.0,0.6447885329721137,30.3045116499225,-1.588911088725592,0.0,0.0,0.0,0.0,13.558876888152,-24.84868762719183,False,True,False,True,False,0.0,0,0.8482573726541555,1.1517426273458446,False,False,False,False,-0.34124309218365023,-0.3410802062428918,False,False,False,False,-519.0,-338.1017456428732,False,False,False,False,10.714392986132381,False,False,False,False
2025-04-07 14:00:00+00:00,26.65,26.65,26.65,26.65,0.0,,,,,31.295369899759994,,30.61694267515924,,,,,"rgba(239, 83, 80, 1.0)",0.0,0.0,0.7983403392647647,30.3045116499225,-4.577636216263531,0.0,0.0,0.0,0.0,9.886832934398543,-29.490115687097603,False,True,False,True,False,0.0,0,0.885823429541596,1.1201188455008488,False,False,False,False,-0.34282825441539394,-0.34195423032914285,False,False,False,False,-519.0,-340.9063697414333,False,False,False,False,10.548278366192344,False,False,False,False
2025-04-07 15:00:00+00:00,26.65,26.65,26.65,26.65,0.0,,,,,31.295369899759994,,30.61694267515924,,,,,"rgba(239, 83, 80, 1.0)",0.0,0.0,0.9222084880847616,30.3045116499225,-3.962782491312972,0.0,0.0,0.0,0.0,7.438803631896237,-32.738669942427315,False,True,False,True,False,0.0,0,0.8788527397260274,1.1297089041095891,False,False,False,False,-0.34282825441539394,-0.34239124237226837,False,False,False,False,-519.0,-343.6675112958297,False,False,False,False,10.384739166716493,False,False,False,False
2025-04-07 16:00:00+00:00,26.65,26.65,26.65,26.65,0.0,,,,,31.295369899759994,,30.61694267515924,,,,,"rgba(239, 83, 80, 1.0)",0.0,0.0,1.0278937048491732,30.3045116499225,-3.555340044094094,0.0,0.0,0.0,0.0,5.806784096894699,-35.11272455076529,False,True,False,True,False,0.0,0,0.8702910958904109,1.1297089041095891,False,False,False,False,-0.34282825441539394,-0.3426097483938312,False,False,False,False,-519.0,-346.3858444540339,False,False,False,False,10.223735458705384,False,False,False,False
2025-04-07 17:00:00+00:00,26.65,26.65,26.65,26.65,0.0,,,,,31.295369899759994,,30.61694267515924,,,,,"rgba(239, 83, 80, 1.0)",0.0,0.0,1.1205526387529998,30.3045116499225,-3.2613475918359374,0.0,0.0,0.0,0.0,4.71877107356034,-36.930058372795145,False,True,False,True,False,0.0,0,0.8702910958904109,1.1297089041095891,False,False,False,False,-0.34282825441539394,-0.34271900140461253,False,False,False,False,-519.0,-349.06203291211085,False,False,False,False,10.065227932213828,False,False,False,False
2025-04-07 18:00:00+00:00,26.65,26.65,26.65,26.65,0.0,,,,,31.295369899759994,,30.61694267515924,,,,,"rgba(239, 83, 80, 1.0)",0.0,0.0,1.2031985450202463,30.3045116499225,-3.037330509621757,0.0,0.0,0.0,0.0,3.993429058004102,-38.383678320106654,False,True,False,True,False,0.0,0,0.8702910958904109,1.1297089041095891,False,False,False,False,-0.34282825441539394,-0.3427736279100032,False,False,False,False,-519.0,-351.69673007626415,False,False,False,False,9.909177886753149,False,False,False,False
2025-04-07 19:00:00+00:00,26.65,26.65,26.65,26.65,0.0,,,,,31.295369899759994,,30.61694267515924,,,,,"rgba(239, 83, 80, 1.0)",0.0,0.0,1.277775816031959,30.3045116499225,-2.860056986577915,0.0,0.0,0.0,0.0,3.5098677142999426,-39.589897110639335,False,True,False,True,False,0.0,0,0.8702910958904109,1.1297089041095891,False,False,False,False,-0.34282825441539394,-0.34280094116269855,False,False,False,False,-519.0,-354.29057922236854,False,False,False,False,9.755547221842248,False,False,False,False
2025-04-08 14:00:00+00:00,26.65,26.65,26.65,26.65,0.0,,,,,31.295369899759994,,30.61694267515924,,,,,"rgba(239, 83, 80, 1.0)",0.0,0.0,1.3456266600020286,30.3045116499225,-2.715843672357823,0.0,0.0,0.0,0.0,3.187493485163836,-40.618544089834515,False,True,False,True,False,0.0,0,0.8702910958904109,1.1297089041095891,False,False,False,False,-0.34282825441539394,-0.3428145977890462,False,False,False,False,-519.0,-356.84421365302944,False,False,False,False,9.604298427705158,False,False,False,False
2025-04-08 15:00:00+00:00,26.65,26.65,26.65,26.65,0.0,,,,,31.295369899759994,,30.61694267515924,,,,,"rgba(239, 83, 80, 1.0)",0.0,0.0,1.4088647368881648,30.3045116499225,-2.5939407483463723,0.0,0.0,0.0,0.0,2.9725773324064324,-41.51174168435405,False,True,False,True,False,0.0,0,0.8702910958904109,1.1297089041095891,False,False,False,False,-0.34282825441539394,-0.3428214261022201,False,False,False,False,-519.0,-359.35825685220726,False,False,False,False,9.45539457611283,False,False,False,False
2025-04-08 16:00:00+00:00,26.65,26.65,26.65,26.65,0.0,,,,,31.295369899759994,,30.61694267515924,,,,,"rgba(239, 83, 80, 1.0)",0.0,0.0,1.467167194486263,30.3045116499225,-2.4908624345312935,0.0,0.0,0.0,0.0,2.8292998972348293,-42.29541873806584,False,True,False,True,False,0.0,0,0.8605614358030371,1.214450069028992,False,False,False,False,-0.34282825441539394,-0.342824840258807,False,False,False,False,-519.0,-361.8333226374443,False,False,False,False,9.308799311366895,False,False,False,False
2025-04-08 17:00:00+00:00,26.65,26.65,26.65,26.65,0.0,,,,,31.295369899759994,,30.61694267515924,,,,,"rgba(239, 83, 80, 1.0)",0.0,0.0,1.5211016722420025,30.3045116499225,-2.4025426548483075,0.0,0.0,0.0,0.0,2.7337816071204273,-42.98625220962249,False,True,False,True,False,0.0,0,0.7855499309710079,1.214450069028992,False,False,False,False,-0.34282825441539394,-0.3428265473371005,False,False,False,False,-519.0,-364.270015309732,False,False,False,False,9.164476841423223,False,False,False,False
2025-04-08 18:00:00+00:00,26.65,26.65,26.65,26.65,0.0,,,,,31.295369899759994,,30.61694267515924,,,,,"rgba(239, 83, 80, 1.0)",0.0,0.0,1.571118076087578,30.3045116499225,-2.326057923681345,0.0,0.0,0.0,0.0,2.6701027470441594,-43.59576354714446,False,True,False,True,False,0.0,0,0.7855499309710079,1.214450069028992,False,False,False,False,-0.34282825441539394,-0.3428274008762472,False,False,False,False,-519.0,-366.668929801054,False,False,False,False,9.022391929153095,False,False,False,False
2025-04-08 19:00:00+00:00,26.65,26.65,26.65,26.65,0.0,,,,,31.295369899759994,,30.61694267515924,,,,,"rgba(239, 83, 80, 1.0)",0.0,0.0,1.6193621895366792,30.3045116499225,-2.2567598981473718,0.0,0.0,0.0,0.0,2.6276501736599807,-44.132668996987924,False,True,False,True,False,0.0,0,0.7855499309710079,1.214450069028992,False,False,False,False,-0.34282825441539394,-0.34282782764582054,False,False,False,False,-519.0,-369.0306518196423,False,False,False,False,8.882509883739868,False,False,False,False
2025-04-09 14:00:00+00:00,26.65,26.65,26.65,26.65,0.0,,,,,31.295369899759994,,30.61694267515924,,,,,"rgba(239, 83, 80, 1.0)",0.0,0.0,1.6645219344515712,30.3045116499225,-2.195532287248948,0.0,0.0,0.0,0.0,2.599348458070528,-44.60417761512646,False,True,False,True,False,0.0,0,0.80556866446437,1.2199150542708825,False,False,False,False,-0.34282825441539394,-0.34282804103060727,False,False,False,False,-519.0,-371.3557579929811,False,False,False,False,8.744796552209017,False,False,False,False
2025-04-09 15:00:00+00:00,26.65,26.65,26.26,26.26,3.0,,,,,31.289144811054715,26.39,30.60687053216839,,,,,"rgba(239, 83, 80, 1.0)",0.0,0.0,1.7175462725057313,28.464961636130045,-1.2837858702422156,0.0,0.0,0.0,0.0,2.2791505736254236,-45.287867085830584,False,True,False,True,False,0.0,0,0.7833868747131714,1.1890775585130795,True,False,False,False,-0.34282825441539394,-0.34282814772300063,False,False,False,False,-522.0,-373.6913276365008,False,False,False,False,8.655729938996474,True,False,False,False
2025-04-09 16:00:00+00:00,26.26,26.26,26.26,26.26,0.0,,,,,31.289144811054715,26.39,30.60687053216839,,,,,"rgba(239, 83, 80, 1.0)",0.0,0.0,1.7668335115844378,28.464961636130045,-1.2479736328708793,0.0,0.0,0.0,0.0,2.065685317328687,-45.80993972532518,False,True,False,True,False,0.0,0,0.7833868747131714,1.2166131252868286,True,False,False,False,-0.34282825441539394,-0.3428282010691973,False,False,False,False,-522.0,-375.99068689795035,False,False,False,False,8.52153257560118,True,False,False,False
2025-04-09 17:00:00+00:00,26.26,26.26,26.26,26.26,0.0,,,,,31.289144811054715,26.39,30.60687053216839,,,,,"rgba(239, 83, 80, 1.0)",0.0,0.0,1.809525165429999,28.464961636130045,-1.218530517427801,0.0,0.0,0.0,0.0,1.9233751464641962,-46.2205026026437,False,True,False,True,False,0.0,0,0.7833868747131714,1.2166131252868286,True,False,False,False,-0.34282825441539394,-0.3428282277422956,False,False,False,False,-522.0,-378.25439717860223,False,False,False,False,8.389415791483332,True,False,False,False
2025-04-09 18:00:00+00:00,26.26,26.26,26.26,26.26,0.0,,,,,31.289144811054715,26.39,30.60687053216839,,,,,"rgba(239, 83, 80, 1.0)",0.0,0.0,1.8489793556602527,28.464961636130045,-1.1925290725285969,0.0,0.0,0.0,0.0,1.8285016992212022,-46.551815327328654,False,True,False,True,False,0.0,0,0.7833868747131714,1.2166131252868286,True,False,False,False,-0.34282825441539394,-0.3428282410788448,False,False,False,False,-522.0,-380.48301117583316,False,False,False,False,8.25934732959987,True,False,False,False
2025-04-09 19:00:00+00:00,26.26,26.26,26.26,26.26,0.0,,,,,31.289144811054715,26.39,30.60687053216839,,,,,"rgba(239, 83, 80, 1.0)",0.0,0.0,1.8853993363894574,28.464961636130045,-1.1694931644309097,0.0,0.0,0.0,0.0,1.7652527343925397,-46.82484785217531,False,True,False,True,False,0.0,0,0.841301133563332,1.2326269098077869,True,False,False,False,-0.34282825441539394,-0.3428282477471194,False,False,False,False,-522.0,-382.67707301806826,False,False,False,False,8.131295433016925,True,False,False,False
2025-04-10 14:00:00+00:00,26.26,26.26,26.26,26.26,0.0,,,,,31.289144811054715,26.39,30.60687053216839,,,,,"rgba(239, 83, 80, 1.0)",0.0,0.0,1.9189578745570413,28.464961636130045,-1.1490411881183278,0.0,0.0,0.0,0.0,1.723086757840098,-47.05345468602131,False,True,False,True,False,0.0,0,0.8367139959432052,1.1921906693711966,True,False,False,False,-0.34282825441539394,-0.3428282510812567,False,False,False,False,-522.0,-384.83711839763305,False,False,False,False,8.005228837156197,True,False,False,False
2025-04-10 15:00:00+00:00,26.26,26.26,26.26,26.26,0.0,,,,,31.289144811054715,26.39,30.60687053216839,,,,,"rgba(239, 83, 80, 1.0)",0.0,0.0,1.9503710942806658,28.464961636130045,-1.1305344109107993,0.0,0.0,0.0,0.0,1.6949761068051368,-47.24701476286619,False,True,False,True,False,0.0,0,0.8171545968156139,1.1956856702619414,True,False,False,False,-0.34282825441539394,-0.3428282527483253,False,False,False,False,-522.0,-386.9636747015457,False,False,False,False,7.881116762161527,True,False,False,False
2025-04-10 16:00:00+00:00,26.26,26.26,26.26,26.26,0.0,,,,,31.289144811054715,26.39,30.60687053216839,,,,,"rgba(239, 83, 80, 1.0)",0.0,0.0,1.9792290745969476,28.464961636130045,-1.1140507505828068,0.0,0.0,0.0,0.0,1.6762356727818293,-47.41208915121867,False,True,False,True,False,0.0,0,0.8171545968156139,1.182845403184386,True,False,False,False,-0.34282825441539394,-0.34282825358185964,False,False,False,False,-522.0,-389.0572611402814,False,False,False,False,7.758928905383829,True,False,False,False
2025-04-10 17:00:00+00:00,26.26,26.26,26.26,26.26,0.0,,,,,31.289144811054715,26.39,30.60687053216839,,,,,"rgba(239, 83, 80, 1.0)",0.0,0.0,2.0056421159562494,28.464961636130045,-1.0993794050234944,0.0,0.0,0.0,0.0,1.6637420500996243,-47.553454149443304,False,True,False,True,False,0.0,0,0.8171545968156139,1.182845403184386,True,False,False,False,-0.34282825441539394,-0.3428282539986268,False,False,False,False,-522.0,-391.1183888745406,False,False,False,False,7.63863543398253,True,False,False,False
2025-04-10 18:00:00+00:00,26.26,26.26,26.26,26.26,0.0,,,,,31.289144811054715,26.39,30.60687053216839,,,,,"rgba(239, 83, 80, 1.0)",0.0,0.0,2.029705670314855,28.464961636130045,-1.0863455073207744,0.0,0.0,0.0,0.0,1.6554129683114878,-47.674740155418064,False,True,False,True,False,0.0,0,0.8498931623931625,1.1901709401709402,True,False,False,False,-0.34282825441539394,-0.34282825420701035,False,False,False,False,-522.0,-393.14756114005155,False,False,False,False,7.520206977641715,True,False,False,False
2025-04-10 19:00:00+00:00,26.26,26.26,26.26,26.26,0.0,,,,,31.289144811054715,26.39,30.60687053216839,,,,,"rgba(239, 83, 80, 1.0)",0.0,0.0,2.0515024158314636,28.464961636130045,-1.0748033339441054,0.0,0.0,0.0,0.0,1.6498602471193966,-47.7788239110212,False,True,False,True,False,0.0,0,0.8461538461538467,1.1538461538461533,True,False,False,False,-0.34282825441539394,-0.3428282543112021,False,False,False,False,-522.0,-395.1452733704383,False,False,False,False,7.403614621399208,True,False,False,False
2025-04-11 14:00:00+00:00,26.26,27.32,26.26,27.32,100.0,,,,,31.113719561688317,26.949870550161815,30.339011528084377,,,,,"rgba(38, 166, 154, 1.0)",0.0,0.0,2.05407753566478,26.959948220064724,0.1752863627023451,0.0,0.0,0.0,0.0,27.195541557883416,-25.844429919354944,False,False,False,True,True,0.0,0,0.8608695652173918,1.0434782608695647,False,False,False,False,-0.26917809546005794,-0.30600317488563,False,False,False,False,-422.0,-395.5616257212842,False,False,False,False,8.839217495486043,False,False,False,False
2025-04-11 15:00:00+00:00,27.32,27.32,27.32,27.32,0.0,,,,,31.113719561688317,26.949870550161815,30.339011528084377,,,,,"rgba(38, 166, 154, 1.0)",0.0,0.0,2.0554529607544048,26.959948220064724,0.17516906823454012,0.0,0.0,0.0,0.0,44.22599576505944,-11.975361880449519,True,False,False,False,True,0.0,0,0.9565217391304351,1.0434782608695647,False,False,False,False,-0.19827792624527463,-0.2521405505654523,False,False,False,False,-422.0,-395.97152299692317,False,False,False,False,8.702175363773081,False,False,False,False
2025-04-11 16:00:00+00:00,27.32,27.32,27.32,27.32,0.0,,,,,31.113719561688317,26.949870550161815,30.339011528084377,,,,,"rgba(38, 166, 154, 1.0)",0.0,0.0,2.0556310992530724,26.959948220064724,0.17515388829547437,0.0,0.0,0.0,0.0,55.57963190317678,-3.532322198016736,True,False,True,False,True,0.0,0,0.9565217391304351,1.0434782608695647,False,False,False,False,-0.19827792624527463,-0.22520923840536347,False,False,False,False,-422.0,-396.37506527604063,False,False,False,False,8.567257916272723,False,False,False,False
2025-04-11 17:00:00+00:00,27.32,27.32,27.32,27.32,0.0,,,,,31.113719561688317,26.949870550161815,30.339011528084377,,,,,"rgba(38, 166, 154, 1.0)",0.0,0.0,2.0546122625813688,26.959948220064724,0.17524074322564143,0.0,0.0,0.0,0.0,63.14872266192168,1.7815559172632902,True,False,True,False,True,0.0,0,0.9565217391304351,1.0434782608695647,False,False,False,False,-0.19827792624527463,-0.21174358232531904,False,False,False,False,-422.0,-396.7723510857144,False,False,False,False,8.434432212144463,False,False,False,False
2025-04-11 18:00:00+00:00,27.32,27.32,27.32,27.32,0.0,,,,,31.113719561688317,26.949870550161815,30.339011528084377,,,,,"rgba(38, 166, 154, 1.0)",0.0,0.0,2.0523946681557272,26.959948220064724,0.17543008931065718,0.0,0.0,0.0,0.0,68.19478316775161,5.334360950479045,True,False,True,False,True,0.0,0,0.9979838709677423,1.045362903225806,False,False,False,False,-0.19827792624527463,-0.20501075428529683,False,False,False,False,-422.0,-397.1634774254707,False,False,False,False,8.303665821258502,False,False,False,False
2025-04-11 19:00:00+00:00,27.32,27.32,27.32,27.32,0.0,,,,,31.113719561688317,26.949870550161815,30.339011528084377,,,,,"rgba(38, 166, 154, 1.0)",0.0,0.0,2.0489744237518868,26.959948220064724,0.1757229254604278,0.0,0.0,0.0,0.0,71.55882350497157,7.920730640194847,True,False,True,False,True,0.0,0,0.9929435483870971,1.0070564516129028,False,False,False,False,-0.19827792624527463,-0.20164434026528572,False,False,False,False,-422.0,-397.54853979096725,False,False,False,False,8.174926816277749,False,False,False,False
2025-04-14 14:00:00+00:00,27.32,27.32,27.32,27.32,0.0,,,,,31.113719561688317,26.949870550161815,30.339011528084377,,,,,"rgba(38, 166, 154, 1.0)",0.0,0.0,2.044345493182521,26.959948220064724,0.17612080792408902,0.0,0.0,0.0,0.0,73.80151706311821,9.986969342715227,True,False,True,False,True,0.0,0,0.9929435483870971,1.0070564516129028,False,False,False,False,-0.19827792624527463,-0.19996113325528017,False,False,False,False,-422.0,-397.9276321973088,False,False,False,False,8.04818376486259,False,False,False,False
2025-04-14 15:00:00+00:00,27.32,27.32,27.32,27.32,0.0,,,,,31.113719561688317,26.949870550161815,30.339011528084377,,,,,"rgba(38, 166, 154, 1.0)",0.0,0.0,2.038499642578577,26.959948220064724,0.1766258734683085,0.0,0.0,0.0,0.0,75.29664610188263,11.77223627881851,True,False,True,False,True,0.0,0,0.9929435483870971,1.0070564516129028,False,False,False,False,-0.19827792624527463,-0.1991195297502774,False,False,False,False,-422.0,-398.30084720200165,False,False,False,False,7.923405721996502,False,False,False,False
2025-04-14 16:00:00+00:00,27.32,27.32,27.32,27.32,0.0,,,,,31.113719561688317,26.949870550161815,30.339011528084377,,,,,"rgba(38, 166, 154, 1.0)",0.0,0.0,2.0314263661480023,26.959948220064724,0.1772408717023828,0.0,0.0,0.0,0.0,76.29339879439225,13.395978349296612,True,False,True,False,True,0.0,0,0.9929435483870971,1.0070564516129028,False,False,False,True,-0.19827792624527463,-0.19869872799777602,False,False,False,False,-422.0,-398.668275927552,False,False,False,False,7.800562222430665,False,False,False,True
2025-04-14 17:00:00+00:00,27.32,27.32,27.32,27.32,0.0,,,,,31.113719561688317,26.949870550161815,30.339011528084377,,,,,"rgba(38, 166, 154, 1.0)",0.0,0.0,2.023112789826746,26.959948220064724,0.17796920752308115,0.0,0.0,0.0,0.0,76.95790058939866,14.911199984506041,True,False,True,False,True,0.0,0,0.9929435483870971,1.0070564516129028,False,False,False,True,-0.19827792624527463,-0.1984883271215253,False,False,False,False,-422.0,-399.03000808371394,False,False,False,False,7.679623273245693,False,False,False,True
2025-04-14 18:00:00+00:00,27.32,27.32,27.32,27.32,0.0,,,,,31.113719561688317,26.949870550161815,30.339011528084377,,,,,"rgba(38, 166, 154, 1.0)",0.0,0.0,2.0135435507162076,26.959948220064724,0.1788149949908991,0.0,0.0,0.0,0.0,77.4009017860696,16.336229783435513,True,False,True,False,True,0.0,0,0.9926931106471819,1.042797494780793,False,False,False,True,-0.19827792624527463,-0.19838312668339997,False,False,False,False,-422.0,-399.38613198939277,False,False,False,False,7.560559346528706,False,False,False,True
2025-04-14 19:00:00+00:00,27.32,27.32,27.32,27.32,0.0,,,,,31.113719561688317,26.949870550161815,30.339011528084377,,,,,"rgba(38, 166, 154, 1.0)",0.0,0.0,2.002700649595964,26.959948220064724,0.17978312435656055,0.0,0.0,0.0,0.0,77.69623591718356,17.673115686988908,True,False,True,False,True,0.0,0,0.957202505219207,1.042797494780793,False,False,False,True,-0.19827792624527463,-0.1983305264643373,False,False,False,False,-422.0,-399.7367345942084,False,False,False,False,7.4433413721639194,False,False,False,True
2025-04-15 14:00:00+00:00,27.32,27.32,27.32,27.32,0.0,,,,,31.113719561688317,26.949870550161815,30.339011528084377,,,,,"rgba(38, 166, 154, 1.0)",0.0,0.0,1.9905632730823584,26.959948220064724,0.18087934445697917,0.0,0.0,0.0,0.0,77.8931253379262,18.91783410922629,True,False,True,False,True,0.0,0,0.957202505219207,1.042797494780793,False,False,False,False,-0.19827792624527463,-0.19830422635480596,False,False,False,False,-422.0,-400.0819014997245,False,False,False,False,7.327940730735021,False,False,False,False
2025-04-15 15:00:00+00:00,27.32,27.32,27.32,27.32,0.0,,,,,31.113719561688317,26.949870550161815,30.339011528084377,,,,,"rgba(38, 166, 154, 1.0)",0.0,0.0,1.9771075811365446,26.959948220064724,0.18211036332595482,0.0,0.0,0.0,0.0,78.02438495175463,20.065589971776532,True,False,True,False,True,0.0,0,0.957202505219207,1.042797494780793,False,False,False,False,-0.19827792624527463,-0.19829107630004028,False,False,False,False,-422.0,-400.4217169803489,False,False,False,False,7.214329246537578,False,False,False,False
2025-04-15 16:00:00+00:00,27.32,27.32,27.32,27.32,0.0,,,,,31.113719561688317,26.949870550161815,30.339011528084377,,,,,"rgba(38, 166, 154, 1.0)",0.0,0.0,1.9623064545635664,26.959948220064724,0.18348397066010486,0.0,0.0,0.0,0.0,78.11189136097357,21.113255138454647,True,False,True,False,True,0.0,0,0.957202505219207,1.042797494780793,False,False,False,False,-0.19827792624527463,-0.19828450127265745,False,False,False,False,-422.0,-400.75626400390934,False,False,False,False,7.1024791806997865,False,False,False,False
2025-04-15 17:00:00+00:00,27.32,27.32,27.32,27.32,0.0,,,,,31.113719561688317,26.949870550161815,30.339011528084377,,,,,"rgba(38, 166, 154, 1.0)",0.0,0.0,1.9461291958261822,26.959948220064724,0.18500918680397502,0.0,0.0,0.0,0.0,78.17022896711954,22.060206037660663,True,False,True,False,True,0.0,0,0.957202505219207,1.042797494780793,False,False,False,False,-0.19827792624527463,-0.19828121375896604,False,False,False,False,-422.0,-401.0856242519107,False,False,False,False,6.992363224409867,False,False,False,False
2025-04-15 18:00:00+00:00,27.32,27.32,27.32,27.32,0.0,,,,,31.113719561688317,26.949870550161815,30.339011528084377,,,,,"rgba(38, 166, 154, 1.0)",0.0,0.0,1.9310603724799442,26.959948220064724,0.1864528862310416,0.0,0.0,0.0,0.0,78.20912070455019,22.908322026085017,True,False,True,False,True,0.0,0,0.957202505219207,1.042797494780793,False,False,False,False,-0.19827792624527463,-0.19827957000212032,False,False,False,False,-422.0,-401.40987813947794,False,False,False,False,6.883954492248473,False,False,False,False
2025-04-15 19:00:00+00:00,27.32,27.32,27.32,27.32,0.0,,,,,31.113719561688317,26.949870550161815,30.339011528084377,,,,,"rgba(38, 166, 154, 1.0)",0.0,0.0,1.9146874512662002,26.959948220064724,0.18804728661963618,0.0,0.0,0.0,0.0,78.23504852950396,23.661592536317997,True,False,True,False,True,0.0,0,0.957202505219207,1.042797494780793,False,False,False,False,-0.19827792624527463,-0.19827874812369747,False,False,False,False,-422.0,-401.72910483498987,False,False,False,False,6.7772265156244655,False,False,False,False
2025-04-16 14:00:00+00:00,27.32,27.32,27.32,27.32,0.0,,,,,31.113719561688317,26.949870550161815,30.339011528084377,,,,,"rgba(38, 166, 154, 1.0)",0.0,0.0,1.8969766652409548,26.959948220064724,0.18980295674303505,0.0,0.0,0.0,0.0,78.2523337461398,24.325586789596386,True,False,True,False,True,0.0,0,0.9542920847268677,1.1137123745819395,False,False,False,False,-0.19827792624527463,-0.19827833718448606,False,False,False,False,-422.0,-402.0433822794086,False,False,False,False,6.672153236312458,False,False,False,False
2025-04-16 15:00:00+00:00,27.32,27.32,27.32,27.32,0.0,,,,,31.113719561688317,26.949870550161815,30.339011528084377,,,,,"rgba(38, 166, 154, 1.0)",0.0,0.0,1.877890161713322,26.959948220064724,0.19173207638873674,0.0,0.0,0.0,0.0,78.26385722389702,24.906921581290845,True,False,True,False,True,0.0,0,0.888517279821628,1.1114827201783721,False,False,False,False,-0.19827792624527463,-0.19827813171488035,False,False,False,False,-422.0,-402.3527872053092,False,False,False,False,6.56870900009056,False,False,False,False
2025-04-16 16:00:00+00:00,27.32,27.32,27.32,27.32,0.0,,,,,31.113719561688317,26.949870550161815,30.339011528084377,,,,,"rgba(38, 166, 154, 1.0)",0.0,0.0,1.8573855305265083,26.959948220064724,0.19384870508451352,0.0,0.0,0.0,0.0,78.27153954240184,25.41279233456926,True,False,True,False,True,0.0,0,0.888517279821628,1.1114827201783721,False,False,False,False,-0.19827792624527463,-0.1982780289800775,False,False,False,False,-422.0,-402.65739515561444,False,False,False,False,6.466868550476752,False,False,False,False
2025-04-16 17:00:00+00:00,27.32,27.32,27.32,27.32,0.0,,,,,31.113719561688317,26.949870550161815,30.339011528084377,,,,,"rgba(38, 166, 154, 1.0)",0.0,0.0,1.8354152437847273,26.959948220064724,0.19616911276863389,0.0,0.0,0.0,0.0,78.27666108807172,25.85059221224057,True,False,True,False,True,0.0,0,0.9082621082621086,1.1139601139601136,False,False,False,False,-0.19827792624527463,-0.19827797761267607,False,False,False,False,-422.0,-402.957280502039,False,False,False,False,6.366607022562383,False,False,False,False
2025-04-16 18:00:00+00:00,27.32,27.32,27.32,27.32,0.0,,,,,31.113719561688317,26.949870550161815,30.339011528084377,,,,,"rgba(38, 166, 154, 1.0)",0.0,0.0,1.8115229469668948,26.959948220064724,0.19875640026427757,0.0,0.0,0.0,0.0,78.28007545185164,26.227622027156656,True,False,True,False,True,0.0,0,0.9077892325315009,1.097365406643757,False,False,False,False,-0.19827792624527463,-0.19827795192897535,False,False,False,False,-422.0,-403.2525164632477,False,False,False,False,6.2678999369412605,False,False,False,False
2025-04-16 19:00:00+00:00,27.32,27.32,27.32,27.32,0.0,,,,,31.113719561688317,26.949870550161815,30.339011528084377,,,,,"rgba(38, 166, 154, 1.0)",0.0,0.0,1.7860260079016597,26.959948220064724,0.2015938056570006,0.0,0.0,0.0,0.0,78.28235169437158,26.550882671139547,True,False,True,False,True,0.0,0,0.902634593356243,1.097365406643757,False,False,False,False,-0.19827792624527463,-0.198277939087125,False,False,False,False,-422.0,-403.5431751227322,False,False,False,False,6.170723193732869,False,False,False,False
2025-04-17 14:00:00+00:00,27.32,27.32,27.32,27.32,0.0,,,,,31.113719561688317,26.949870550161815,30.339011528084377,,,,,"rgba(38, 166, 154, 1.0)",0.0,0.0,1.758854643697966,26.959948220064724,0.20470809297707074,0.0,0.0,0.0,0.0,78.28386918938489,26.826937194517086,True,False,True,False,True,0.0,0,0.902634593356243,1.097365406643757,False,False,False,False,-0.19827792624527463,-0.1982779326661998,False,False,False,False,-422.0,-403.82932744641073,False,False,False,False,6.07505306669825,False,False,False,False
2025-04-17 15:00:00+00:00,27.32,27.32,27.32,27.32,0.0,,,,,31.113719561688317,26.949870550161815,30.339011528084377,,,,,"rgba(38, 166, 154, 1.0)",0.0,0.0,1.7281197197434008,26.959948220064724,0.20834886369373642,0.0,0.0,0.0,0.0,78.28488085272708,27.061828669472888,True,False,True,False,True,0.0,0,0.902634593356243,1.097365406643757,False,False,False,False,-0.19827792624527463,-0.19827792945573722,False,False,False,False,-422.0,-404.1110432999547,False,False,False,False,5.9808661974471145,False,False,False,False
2025-04-17 16:00:00+00:00,27.32,27.32,27.32,27.32,0.0,,,,,31.113719561688317,26.949870550161815,30.339011528084377,,,,,"rgba(38, 166, 154, 1.0)",0.0,0.0,1.695412921082419,26.959948220064724,0.2123681938824699,0.0,0.0,0.0,0.0,78.28555529495522,27.261040834241086,True,False,True,False,True,0.0,0,0.902634593356243,1.097365406643757,False,False,False,False,-0.19827792624527463,-0.1982779278505059,False,False,False,False,-422.0,-404.38839146584684,False,False,False,False,5.888139589734756,False,False,False,False
2025-04-17 17:00:00+00:00,27.32,27.32,27.32,27.32,0.0,,,,,31.113719561688317,26.949870550161815,30.339011528084377,,,,,"rgba(38, 166, 154, 1.0)",0.0,0.0,1.6630429398605648,26.959948220064724,0.21650179397380068,0.0,0.0,0.0,0.0,78.2860049231073,27.429490220432157,True,False,True,False,True,0.0,0,0.902634593356243,1.097365406643757,False,False,False,False,-0.19827792624527463,-0.19827792704789027,False,False,False,False,-422.0,-404.6614396601748,False,False,False,False,5.796850603847395,False,False,False,False
2025-04-17 18:00:00+00:00,27.32,27.32,27.32,27.32,0.0,,,,,31.113719561688317,26.949870550161815,30.339011528084377,,,,,"rgba(38, 166, 154, 1.0)",0.0,0.0,1.622718184499872,26.959948220064724,0.22188189136873768,0.0,0.0,0.0,0.0,78.2863046752087,27.571540430575382,True,False,True,False,True,0.0,0,0.902634593356243,1.097365406643757,False,False,False,False,-0.19827792624527463,-0.19827792664658245,False,False,False,False,-422.0,-404.9302545491643,False,False,False,False,5.706976951074568,False,False,False,False
2025-04-17 19:00:00+00:00,27.32,27.32,27.32,27.32,0.0,,,,,31.113719561688317,26.949870550161815,30.339011528084377,,,,,"rgba(38, 166, 154, 1.0)",0.0,0.0,1.5797366298912223,26.959948220064724,0.22791886515923118,0.0,0.0,0.0,0.0,78.28650450994296,27.691031144768317,True,False,True,False,True,0.0,0,0.902634593356243,1.097365406643757,False,False,False,False,-0.19827792624527463,-0.19827792644592854,False,False,False,False,-422.0,-405.19490176545634,False,False,False,False,5.61849668826721,False,False,False,False
2025-04-18 14:00:00+00:00,27.32,27.32,27.32,27.32,0.0,,,,,31.113719561688317,26.949870550161815,30.339011528084377,,,,,"rgba(38, 166, 154, 1.0)",0.0,0.0,1.5338749493881894,26.959948220064724,0.23473346381912572,0.0,0.0,0.0,0.0,78.28663773309913,27.79131614306941,True,False,True,False,True,0.0,0,0.8995865327820438,1.1317188422917897,False,False,False,False,-0.19827792624527463,-0.1982779263456016,False,False,False,False,-422.0,-405.4554459241314,False,False,False,False,5.531388212480121,False,False,False,False
2025-04-18 15:00:00+00:00,27.32,27.32,27.32,27.32,0.0,,,,,31.113719561688317,26.949870550161815,30.339011528084377,,,,,"rgba(38, 166, 154, 1.0)",0.0,0.0,1.4848662996809483,26.959948220064724,0.24248094256879543,0.0,0.0,0.0,0.0,78.28672654853658,27.875306076657054,True,False,True,False,True,0.0,0,0.8682811577082103,1.1317188422917897,False,False,False,False,-0.19827792624527463,-0.1982779262954381,False,False,False,False,-422.0,-405.711950638486,False,False,False,False,5.445630255697483,False,False,False,False
2025-04-18 16:00:00+00:00,27.32,27.32,27.32,27.32,0.0,,,,,31.113719561688317,26.949870550161815,30.339011528084377,,,,,"rgba(38, 166, 154, 1.0)",0.0,0.0,1.4323876997945733,26.959948220064724,0.25136475270411274,0.0,0.0,0.0,0.0,78.28678575882822,27.945512900410833,True,False,True,False,True,0.0,0,0.8682811577082103,1.1317188422917897,False,False,False,False,-0.19827792624527463,-0.19827792627035637,True,False,False,False,-422.0,-405.96447853556367,False,False,False,False,5.3612018796401575,False,False,False,False
2025-04-18 17:00:00+00:00,27.32,27.32,27.32,27.32,0.0,,,,,31.113719561688317,26.949870550161815,30.339011528084377,,,,,"rgba(38, 166, 154, 1.0)",0.0,0.0,1.3757014656250068,26.959948220064724,0.2617223205266395,0.0,0.0,0.0,0.0,78.28682523235597,28.00409381353826,True,False,True,False,True,0.0,0,0.8682811577082103,1.1317188422917897,False,False,False,False,-0.19827792624527463,-0.19827792625781548,True,False,False,False,-422.0,-406.2130912714464,False,False,False,False,5.278082470653488,False,False,False,False
2025-04-18 18:00:00+00:00,27.32,27.32,27.32,27.32,0.0,,,,,31.113719561688317,26.949870550161815,30.339011528084377,,,,,"rgba(38, 166, 154, 1.0)",0.0,0.0,1.3146095505017992,26.959948220064724,0.27388495679028085,0.0,0.0,0.0,0.0,78.28685154804114,28.05289327575143,True,False,True,False,True,0.0,0,0.8682811577082103,1.1317188422917897,False,False,False,False,-0.19827792624527463,-0.19827792625154506,True,False,False,False,-422.0,-406.45784954630767,False,False,False,False,5.196251734674364,False,False,False,False
2025-04-18 19:00:00+00:00,27.32,27.32,27.32,27.32,0.0,,,,,31.113719561688317,26.949870550161815,30.339011528084377,,,,,"rgba(38, 166, 154, 1.0)",0.0,0.0,1.239654892400513,26.959948220064724,0.2904451732030504,0.0,0.0,0.0,0.0,78.28686909183125,28.093482209832032,True,False,True,False,True,0.0,0,0.8682811577082103,1.1317188422917897,False,False,False,False,-0.19827792624527463,-0.19827792624840984,True,False,False,False,-422.0,-406.69881311923314,False,False,False,False,5.1156896922763115,False,False,False,False
2025-04-21 14:00:00+00:00,27.32,27.32,27.32,27.32,0.0,,,,,31.113719561688317,26.949870550161815,30.339011528084377,,,,,"rgba(38, 166, 154, 1.0)",0.0,0.0,1.1509357415083432,26.959948220064724,0.31283395497251204,0.0,0.0,0.0,0.0,78.28688078769133,28.127193901171992,True,False,True,False,True,0.0,0,0.8855421686746991,1.1343373493975903,False,False,False,False,-0.19827792624527463,-0.19827792624684223,True,False,False,False,-422.0,-406.9360408228109,False,False,False,False,5.036376673791407,False,False,False,False
2025-04-21 15:00:00+00:00,27.32,27.32,27.32,27.32,0.0,,,,,31.113719561688317,26.949870550161815,30.339011528084377,,,,,"rgba(38, 166, 154, 1.0)",0.0,0.0,1.0518343993252386,26.959948220064724,0.34230842817676654,0.0,0.0,0.0,0.0,78.28688858493138,28.15515639125593,True,False,True,False,True,0.0,0,0.8855421686746991,1.1144578313253009,False,False,False,False,-0.19827792624527463,-0.19827792624605844,True,False,False,False,-422.0,-407.169590577496,False,False,False,False,4.958293314507819,False,False,False,False
2025-04-21 16:00:00+00:00,27.32,27.32,27.32,27.32,0.0,,,,,31.113719561688317,26.949870550161815,30.339011528084377,,,,,"rgba(38, 166, 154, 1.0)",0.0,0.0,0.9390696565325198,26.959948220064724,0.3834132829557647,0.0,0.0,0.0,0.0,78.28689378309141,28.17832136076707,True,False,True,False,True,0.0,0,0.8855421686746991,1.1144578313253009,False,False,False,False,-0.19827792624527463,-0.19827792624566654,True,False,False,False,-422.0,-407.3995194057519,False,False,False,False,4.881420549941806,False,False,False,False
2025-04-21 17:00:00+00:00,27.32,27.32,27.32,27.32,0.0,,,,,31.113719561688317,26.949870550161815,30.339011528084377,,,,,"rgba(38, 166, 154, 1.0)",0.0,0.0,0.9096074195266574,26.959948220064724,0.3958320613992353,0.0,0.0,0.0,0.0,78.28689724853143,28.19748963022076,True,False,True,False,True,0.0,0,0.8855421686746991,1.1144578313253009,False,False,False,False,-0.19827792624527463,-0.19827792624547058,True,False,False,False,-422.0,-407.62588344597276,False,False,False,False,4.805739611183018,False,False,False,False
2025-04-21 18:00:00+00:00,27.32,27.32,27.32,27.32,0.0,,,,,31.113719561688317,26.949870550161815,30.339011528084377,,,,,"rgba(38, 166, 154, 1.0)",0.0,0.0,0.8783050835672694,26.959948220064724,0.4099393100093556,0.0,0.0,0.0,0.0,78.28689955882479,28.213333488785963,True,False,True,False,True,0.0,0,0.9187500000000001,1.1187499999999997,False,False,True,False,-0.19827792624527463,-0.1982779262453726,False,False,False,False,-422.0,-407.84873796619024,False,False,True,False,4.731232020311963,False,False,True,False
2025-04-21 19:00:00+00:00,27.32,27.32,27.32,27.32,0.0,,,,,31.113719561688317,26.949870550161815,30.339011528084377,,,,,"rgba(38, 166, 154, 1.0)",0.0,0.0,0.8449581683767523,26.959948220064724,0.42611787590262684,0.0,0.0,0.0,0.0,78.28690109902035,28.226416108657517,True,False,True,False,True,0.0,0,0.9187500000000001,1.0812499999999998,False,False,True,False,-0.19827792624527463,-0.19827792624532362,False,False,False,False,-422.0,-408.0681373775671,False,False,True,False,4.657879585888522,False,False,True,False
2025-04-22 14:00:00+00:00,27.32,27.32,27.32,27.32,0.0,,,,,31.113719561688317,26.949870550161815,30.339011528084377,,,,,"rgba(38, 166, 154, 1.0)",0.0,0.0,0.8103591685063319,26.959948220064724,0.44431135467860444,0.0,0.0,0.0,0.0,78.28690212581739,28.237208323381978,True,False,True,False,True,0.0,0,0.9187500000000001,1.0812499999999998,False,False,True,False,-0.19827792624527463,-0.1982779262452991,False,False,False,False,-422.0,-408.28413524768234,False,False,True,False,4.5856643985104055,False,False,True,False
2025-04-22 15:00:00+00:00,27.32,28.26,27.32,28.14,0.0,,,,,31.113719561688317,26.949870550161815,30.339011528084377,,,,,"rgba(38, 166, 154, 1.0)",0.0,0.0,0.782457275119658,26.959948220064724,1.508135737832862,0.0,0.0,0.0,0.0,85.44955503565347,34.69249005460543,True,False,True,False,True,2.5469864443486365,0,0.9269662921348315,0.9719101123595502,False,False,True,False,-0.1370317458677151,-0.1676548360565071,False,False,False,False,-422.0,-408.49678431360974,False,False,False,False,4.514568826440477,False,False,False,False
2025-04-22 16:00:00+00:00,28.14,28.46,28.14,28.39,0.0,,,,,31.113719561688317,26.949870550161815,30.339011528084377,,,,,"rgba(38, 166, 154, 1.0)",0.0,0.0,0.7574859556277374,26.959948220064724,1.8878921375514819,0.0,0.0,0.0,0.0,90.24367482136364,38.58476290667441,True,False,True,False,True,8.307374886959412,0,1.014789533560865,0.997724687144482,False,False,False,False,-0.07169649851178098,-0.11967566728414404,False,False,False,False,-422.0,-408.70613649479407,False,False,False,False,4.444575511301864,False,False,False,False
2025-04-22 17:00:00+00:00,28.39,28.39,28.09,28.11,0.0,,,,,31.113719561688317,26.949870550161815,30.339011528084377,,,,,"rgba(38, 166, 154, 1.0)",0.0,0.0,0.7261028145501102,26.959948220064724,1.5838690566815135,0.0,0.0,0.0,0.0,85.38586048448336,38.041379393803396,True,False,True,False,False,1.3683173994614748,0,0.9614961496149617,1.0055005500550052,False,False,False,False,-0.0793407328204829,-0.09950820005231348,False,False,False,False,-422.0,-408.91224290572745,False,False,False,False,4.37566736383982,False,False,False,False
2025-04-22 18:00:00+00:00,28.11,28.11,28.11,28.11,0.0,,,,,31.113719561688317,26.949870550161815,30.339011528084377,,,,,"rgba(38, 166, 154, 1.0)",0.0,0.0,0.6929446762365807,26.959948220064724,1.6596588723089225,0.0,0.0,0.0,0.0,82.14731759322983,35.658298511866136,True,False,True,False,False,1.3683173994614748,0,0.9636963696369638,1.0363036303630362,False,False,False,False,-0.0959362440183567,-0.0977222220353351,False,False,False,False,-422.0,-409.11515386842933,False,False,False,False,4.3078275597492794,False,False,False,False
2025-04-22 19:00:00+00:00,28.11,28.26,28.11,28.26,0.0,,,,,31.113719561688317,26.949870550161815,30.339011528084377,,,,,"rgba(38, 166, 154, 1.0)",0.0,0.0,0.6608189840871901,26.959948220064724,1.9673341886978009,0.0,0.0,0.0,0.0,81.13149433205658,35.15111402602717,True,False,True,False,False,4.637501403353127,0,0.9642857142857144,1.019480519480519,False,False,False,False,-0.08635606386109372,-0.09203914294821441,False,False,False,False,-422.0,-409.31491892473275,False,False,False,False,4.24103953556712,False,False,False,False
2025-04-23 14:00:00+00:00,29.45,29.45,29.45,29.45,0.0,,,,,31.113719561688317,26.949870550161815,30.339011528084377,,,,,"rgba(38, 166, 154, 1.0)",0.0,0.0,0.6683486978982438,26.959948220064724,3.7256776107528013,0.0,0.0,0.0,0.0,84.33578646854815,35.15111402602717,True,False,True,False,True,20.0,0,0.987951807228916,1.0173493975903611,False,False,False,False,0.07424359071355255,-0.008897776117330933,False,False,False,False,-422.0,-409.51158684838026,False,True,False,False,4.175286984628095,False,True,False,False
2025-04-23 15:00:00+00:00,29.45,29.45,29.45,29.45,0.0,,,,,31.113719561688317,26.949870550161815,30.339011528084377,,,,,"rgba(38, 166, 154, 1.0)",0.0,0.0,0.6757868153642209,26.959948220064724,3.6846705548601753,0.0,0.0,0.0,0.0,86.47198122620921,31.623249656864488,True,False,True,False,True,20.0,0,0.987951807228916,1.012048192771084,False,False,False,False,0.07424359071355255,0.03267290729811081,False,False,False,False,-422.0,-409.7052056569325,False,True,False,False,4.1105538530834735,False,True,False,False
2025-04-23 16:00:00+00:00,29.45,29.45,29.45,29.45,0.0,,,,,31.113719561688317,26.949870550161815,30.339011528084377,,,,,"rgba(38, 166, 154, 1.0)",0.0,0.0,0.6831363284466276,26.959948220064724,3.645029075817652,0.0,0.0,0.0,0.0,87.89611106464992,32.87879504894221,True,False,True,False,True,20.0,0,0.987951807228916,1.012048192771084,False,False,False,False,0.07424359071355255,0.05345824900583168,False,False,False,False,-422.0,-409.89582262349165,False,True,False,False,4.0468243359814045,False,True,False,False
2025-04-23 17:00:00+00:00,29.45,29.45,29.45,29.45,0.0,,,,,31.113719561688317,26.949870550161815,30.339011528084377,,,,,"rgba(38, 166, 154, 1.0)",0.0,0.0,0.7281223043489211,26.959948220064724,3.4198262641629302,0.0,0.0,0.0,0.0,88.84553095694372,33.82607154696262,True,False,True,False,True,20.0,0,0.987951807228916,1.012048192771084,False,False,False,False,0.07424359071355255,0.06385091985969212,False,False,False,False,-422.0,-410.0834842882437,False,True,False,False,3.9840828734080493,False,True,False,False
2025-04-23 18:00:00+00:00,29.45,29.45,29.45,29.45,0.0,,,,,31.113719561688317,26.949870550161815,30.339011528084377,,,,,"rgba(38, 166, 154, 1.0)",0.0,0.0,0.7686505784242942,26.959948220064724,3.2395107085456054,0.0,0.0,0.0,0.0,89.47847755180625,34.59513008640319,True,False,True,False,True,20.0,0,0.987951807228916,1.012048192771084,False,False,False,False,0.07424359071355255,0.06904725528662234,False,False,False,False,-422.0,-410.2682364698213,False,True,False,False,3.9223141466885445,False,True,False,False
2025-04-23 19:00:00+00:00,29.45,29.45,29.45,29.45,0.0,,,,,31.113719561688317,26.949870550161815,30.339011528084377,,,,,"rgba(38, 166, 154, 1.0)",0.0,0.0,0.805394380479772,26.959948220064724,3.091717350265041,0.0,0.0,0.0,0.0,89.90044194838127,35.25734358646676,True,False,True,False,True,20.0,0,0.987951807228916,1.012048192771084,False,False,False,False,0.07424359071355255,0.07164542300008744,False,False,False,False,-422.0,-410.4501242764907,False,True,False,False,3.8615030746468615,False,True,False,False
2025-04-24 14:00:00+00:00,29.45,29.45,29.45,29.45,0.0,,,,,31.113719561688317,26.949870550161815,30.339011528084377,,,,,"rgba(38, 166, 154, 1.0)",0.0,0.0,0.8388511663457137,26.959948220064724,2.968407126120697,0.0,0.0,0.0,0.0,90.18175154609796,35.85000558512104,True,False,True,False,True,20.0,0,0.987951807228916,1.012048192771084,False,False,False,False,0.07424359071355255,0.07294450685682,False,False,False,False,-422.0,-410.62919211716525,False,True,False,False,3.8016348099236543,False,True,False,False
2025-04-24 15:00:00+00:00,29.45,29.45,29.45,29.45,0.0,,,,,31.113719561688317,26.949870550161815,30.339011528084377,,,,,"rgba(38, 166, 154, 1.0)",0.0,0.0,0.8694004975990682,26.959948220064724,2.864102087371457,0.0,0.0,0.0,0.0,90.36929127790907,36.39132671879017,True,False,True,False,True,20.0,0,0.987951807228916,1.012048192771084,False,False,False,False,0.07424359071355255,0.07359404878518627,False,False,False,False,-422.0,-410.80548371224796,False,True,False,False,3.7426947353511943,False,True,False,False
2025-04-24 16:00:00+00:00,29.45,29.45,29.45,29.45,0.0,,,,,31.113719561688317,26.949870550161815,30.339011528084377,,,,,"rgba(38, 166, 154, 1.0)",0.0,0.0,0.8973393705539869,26.959948220064724,2.7749275933340596,0.0,0.0,0.0,0.0,90.49431776578315,36.889389237430734,True,False,True,False,True,20.0,0,0.987951807228916,1.012048192771084,False,False,False,False,0.07424359071355255,0.07391881974936941,False,False,False,False,-422.0,-410.97904210430613,False,True,False,False,3.684668460384509,False,True,False,False
2025-04-24 17:00:00+00:00,29.45,29.45,29.45,29.45,0.0,,,,,31.113719561688317,26.949870550161815,30.339011528084377,,,,,"rgba(38, 166, 154, 1.0)",0.0,0.0,0.9229048929557794,26.959948220064724,2.698058921283219,0.0,0.0,0.0,0.0,90.5776687576992,37.34734533097982,True,False,True,False,True,20.0,0,0.987951807228916,1.012048192771084,False,False,False,False,0.07424359071355255,0.07408120523146097,False,False,False,False,-422.0,-411.14990966858045,False,True,False,False,3.6275418175878498,False,True,False,False
2025-04-24 18:00:00+00:00,29.45,29.45,29.45,29.45,0.0,,,,,31.113719561688317,26.949870550161815,30.339011528084377,,,,,"rgba(38, 166, 154, 1.0)",0.0,0.0,0.9462894439398477,26.959948220064724,2.6313849276052568,0.0,0.0,0.0,0.0,90.63323608564323,37.766316128243375,True,False,True,False,True,20.0,0,0.987951807228916,1.012048192771084,False,False,False,False,0.07424359071355255,0.07416239797250676,False,False,False,False,-422.0,-411.3181281233311,False,True,False,False,3.571300859175635,False,True,False,False
2025-04-24 19:00:00+00:00,29.45,29.45,29.45,29.45,0.0,,,,,31.113719561688317,26.949870550161815,30.339011528084377,,,,,"rgba(38, 166, 154, 1.0)",0.0,0.0,0.967651154475118,26.959948220064724,2.57329489911677,0.0,0.0,0.0,0.0,90.67028097093926,38.146911543670285,True,False,True,False,True,20.0,0,0.987951807228916,1.012048192771084,False,False,False,False,0.07424359071355255,0.07420299434302965,False,False,False,False,-422.0,-411.48373854002364,False,True,False,False,3.5159318536070203,False,True,False,False
2025-04-25 14:00:00+00:00,29.45,29.45,29.45,29.45,0.0,,,,,31.113719561688317,26.949870550161815,30.339011528084377,,,,,"rgba(38, 166, 154, 1.0)",0.0,0.0,0.9871213585860888,26.959948220064724,2.522538650669985,0.0,0.0,0.0,0.0,90.69497756113661,38.48994559122242,True,False,True,False,True,20.0,0,0.987951807228916,1.012048192771084,False,False,False,False,0.07424359071355255,0.0742232925282911,False,False,False,False,-422.0,-411.6467813533566,False,True,False,False,3.461421282233268,False,True,False,False
2025-04-25 15:00:00+00:00,29.45,29.45,29.45,29.45,0.0,,,,,31.113719561688317,26.949870550161815,30.339011528084377,,,,,"rgba(38, 166, 154, 1.0)",0.0,0.0,1.0048100174517756,26.959948220064724,2.4781319221419698,0.0,0.0,0.0,0.0,90.71144195460151,38.79670079684446,True,False,True,False,True,20.0,0,0.987951807228916,1.012048192771084,False,False,False,False,0.07424359071355255,0.07423344162092183,False,False,False,False,-422.0,-411.807296371134,False,True,False,False,3.407755835997093,False,True,False,False
2025-04-25 16:00:00+00:00,29.45,29.45,29.45,29.45,0.0,,,,,31.113719561688317,26.949870550161815,30.339011528084377,,,,,"rgba(38, 166, 154, 1.0)",0.0,0.0,1.020809747475407,26.959948220064724,2.43929075529842,0.0,0.0,0.0,0.0,90.72241821691144,39.068955199014255,True,False,True,False,True,20.0,0,0.987951807228916,1.012048192771084,False,False,False,False,0.07424359071355255,0.07423851616723719,False,False,False,False,-422.0,-411.9653227839846,False,True,False,False,3.3549224121831847,False,True,False,False
2025-04-25 17:00:00+00:00,29.45,29.45,29.45,29.45,0.0,,,,,31.113719561688317,26.949870550161815,30.339011528084377,,,,,"rgba(38, 166, 154, 1.0)",0.0,0.0,1.0351988623858441,26.959948220064724,2.4053849655479733,0.0,0.0,0.0,0.0,90.72973572511806,39.30889748662641,True,False,True,False,True,20.0,0,0.987951807228916,1.012048192771084,False,False,False,False,0.07424359071355255,0.07424105344039486,False,False,False,False,-422.0,-412.12089917493057,False,True,False,False,3.302908111219104,False,True,False,False
2025-04-25 18:00:00+00:00,29.45,29.45,29.45,29.45,0.0,,,,,31.113719561688317,26.949870550161815,30.339011528084377,,,,,"rgba(38, 166, 154, 1.0)",0.0,0.0,1.041674812220528,26.959948220064724,2.3904310162086535,0.0,0.0,0.0,0.0,90.73461406392248,39.5190013799096,True,False,True,False,True,20.0,0,0.987951807228916,1.012048192771084,False,False,False,False,0.07424359071355255,0.0742423220769737,False,False,False,False,-422.0,-412.2740635288076,False,True,False,False,3.2517002335257845,False,True,False,False
2025-04-25 19:00:00+00:00,29.45,29.45,29.45,29.45,0.0,,,,,31.113719561688317,26.949870550161815,30.339011528084377,,,,,"rgba(38, 166, 154, 1.0)",0.0,0.0,1.0463599194738569,26.959948220064724,2.37972779116707,0.0,0.0,0.0,0.0,90.73786628979208,39.70189724541916,True,False,True,False,True,20.0,0,0.987951807228916,1.012048192771084,False,False,False,False,0.07424359071355255,0.07424295639526313,False,False,False,False,-422.0,-412.4248532415392,False,True,False,False,3.2012862764168575,False,True,False,False
2025-04-28 14:00:00+00:00,29.45,29.45,29.45,29.45,0.0,,,,,31.113719561688317,26.949870550161815,30.339011528084377,,,,,"rgba(38, 166, 154, 1.0)",0.0,0.0,1.049278173167124,26.959948220064724,2.37310928942641,0.0,0.0,0.0,0.0,90.74003444037183,39.86025927208543,True,False,True,False,True,20.0,0,0.987951807228916,1.012048192771084,False,False,False,False,0.07424359071355255,0.07424327355440784,False,False,False,False,-422.0,-412.5733051292673,False,True,False,False,3.151653931046053,False,True,False,False
2025-04-28 15:00:00+00:00,29.45,29.45,29.45,29.45,0.0,,,,,31.113719561688317,26.949870550161815,30.339011528084377,,,,,"rgba(38, 166, 154, 1.0)",0.0,0.0,1.0504442989637646,26.959948220064724,2.3704748384960963,0.0,0.0,0.0,0.0,90.74147987409165,39.9967152498601,True,False,True,False,True,20.0,0,0.987951807228916,1.012048192771084,False,False,False,False,0.07424359071355255,0.07424343213398019,False,False,False,False,-422.0,-412.7194554373406,False,True,False,False,3.1027910794019284,False,True,False,False
2025-04-28 16:00:00+00:00,29.45,29.45,29.45,29.45,0.0,,,,,31.113719561688317,26.949870550161815,30.339011528084377,,,,,"rgba(38, 166, 154, 1.0)",0.0,0.0,1.0498641353541653,26.959948220064724,2.371784782509282,0.0,0.0,0.0,0.0,90.74244349657154,40.11377984325637,True,False,True,False,True,20.0,0,0.987951807228916,1.012048192771084,False,True,False,False,0.07424359071355255,0.07424351142376637,False,False,False,False,-422.0,-412.8633398491648,False,True,False,False,3.0546857913491854,False,True,False,False
2025-04-28 17:00:00+00:00,29.45,29.45,29.45,29.45,0.0,,,,,31.113719561688317,26.949870550161815,30.339011528084377,,,,,"rgba(38, 166, 154, 1.0)",0.0,0.0,1.0475347808628412,26.959948220064724,2.377058810290051,0.0,0.0,0.0,0.0,90.74308591155813,40.21380918426338,True,False,True,False,True,20.0,0,1.001955034213099,1.0122189638318668,False,False,False,False,0.07424359071355255,0.07424355106865946,False,False,False,False,-422.0,-413.0049934949142,False,True,False,False,3.0073263217158646,False,True,False,False
2025-04-28 18:00:00+00:00,29.45,29.45,29.45,29.45,0.0,,,,,31.113719561688317,26.949870550161815,30.339011528084377,,,,,"rgba(38, 166, 154, 1.0)",0.0,0.0,1.043444521030567,26.959948220064724,2.3863767835744194,0.0,0.0,0.0,0.0,90.74351418821585,40.2989733350002,True,False,True,False,True,20.0,0,1.001955034213099,0.9980449657869009,False,False,False,False,0.07424359071355255,0.074243570891106,False,False,False,False,-422.0,-413.1444509601093,False,True,False,False,2.960701107425696,False,True,False,False
2025-04-28 19:00:00+00:00,29.45,29.45,29.45,29.45,0.0,,,,,31.113719561688317,26.949870550161815,30.339011528084377,,,,,"rgba(38, 166, 154, 1.0)",0.0,0.0,1.0375725308415769,26.959948220064724,2.3998821344234984,0.0,0.0,0.0,0.0,90.74379970598767,40.37124289453408,True,False,True,False,True,20.0,0,1.001955034213099,0.9980449657869009,False,False,False,False,0.07424359071355255,0.07424358080232928,False,False,False,False,-422.0,-413.28174629406107,False,True,False,False,2.9147987646749103,False,True,False,False
2025-04-29 14:00:00+00:00,29.45,29.45,29.45,29.45,0.0,,,,,31.113719561688317,26.949870550161815,30.339011528084377,,,,,"rgba(38, 166, 154, 1.0)",0.0,0.0,1.0298883347150882,26.959948220064724,2.417788119353863,0.0,0.0,0.0,0.0,90.74399005116888,40.43238626438303,True,False,True,False,True,20.0,0,1.001955034213099,0.9980449657869009,False,False,False,False,0.07424359071355255,0.0742435857579409,False,False,False,False,-422.0,-413.4169130181841,False,True,False,False,2.8696080861528186,False,True,False,False
2025-04-29 15:00:00+00:00,29.45,29.45,29.45,29.45,0.0,,,,,31.113719561688317,26.949870550161815,30.339011528084377,,,,,"rgba(38, 166, 154, 1.0)",0.0,0.0,1.0203509906617312,26.959948220064724,2.4403874771762553,0.0,0.0,0.0,0.0,90.74411694795636,40.483974558750546,True,False,True,False,True,20.0,0,1.001955034213099,0.9980449657869009,False,False,False,False,0.07424359071355255,0.07424358823574673,False,False,False,False,-422.0,-413.5499841341812,False,True,False,False,2.825118038305488,False,True,False,False
2025-04-29 16:00:00+00:00,29.45,29.45,29.45,29.45,0.0,,,,,31.113719561688317,26.949870550161815,30.339011528084377,,,,,"rgba(38, 166, 154, 1.0)",0.0,0.0,1.008907945871908,26.959948220064724,2.4680663782297287,0.0,0.0,0.0,0.0,90.74420154581468,40.52739168684249,True,False,True,False,True,20.0,0,1.001955034213099,0.9980449657869009,False,False,False,False,0.07424359071355255,0.07424358947464964,False,False,False,False,-422.0,-413.68099213210087,False,True,False,False,2.781317758641837,False,True,False,False
2025-04-29 17:00:00+00:00,29.45,29.45,29.45,29.45,0.0,,,,,31.113719561688317,26.949870550161815,30.339011528084377,,,,,"rgba(38, 166, 154, 1.0)",0.0,0.0,1.0153124935012308,26.959948220064724,2.45249792145127,0.0,0.0,0.0,0.0,90.74425794438689,40.56384765926589,True,False,True,False,True,20.0,0,1.001958863858962,0.9999999999999997,False,False,False,False,0.07424359071355255,0.07424359009410109,False,False,False,False,-422.0,-413.8099689982698,False,True,False,False,2.7381965530814982,False,True,False,False
2025-04-29 18:00:00+00:00,29.45,29.45,29.45,29.45,0.0,,,,,31.113719561688317,26.949870550161815,30.339011528084377,,,,,"rgba(38, 166, 154, 1.0)",0.0,0.0,1.0208764649833897,26.959948220064724,2.439131339927392,0.0,0.0,0.0,0.0,90.74429554343503,40.594393637078824,True,False,True,False,True,20.0,0,1.0000000000000004,0.9999999999999997,False,False,False,False,0.07424359071355255,0.07424359040382682,False,False,False,False,-422.0,-413.93694622310284,False,True,False,False,2.6957438933438005,False,True,False,False
2025-04-29 19:00:00+00:00,29.45,29.45,29.45,29.45,0.0,,,,,31.113719561688317,26.949870550161815,30.339011528084377,,,,,"rgba(38, 166, 154, 1.0)",0.0,0.0,1.0256135408307354,26.959948220064724,2.4278655466252532,0.0,0.0,0.0,0.0,90.74432060946712,40.61993763517141,True,False,True,False,True,20.0,0,1.0000000000000004,0.9999999999999997,False,False,False,False,0.07424359071355255,0.07424359055868968,False,False,False,False,-422.0,-414.06195480879114,False,True,False,False,2.6539494143772298,False,True,False,False
2025-04-30 14:00:00+00:00,29.45,29.45,29.45,29.45,0.0,,,,,31.113719561688317,26.949870550161815,30.339011528084377,,,,,"rgba(38, 166, 154, 1.0)",0.0,0.0,1.0295351351920032,26.959948220064724,2.418617582653838,0.0,0.0,0.0,0.0,90.74433732015518,40.64126011028122,True,False,True,False,True,20.0,0,1.0000000000000004,1.0078973346495552,False,False,False,False,0.07424359071355255,0.07424359063612111,False,False,False,False,-422.0,-414.1850252768719,False,True,False,False,2.6128029118287457,False,True,False,False
2025-04-30 15:00:00+00:00,29.45,29.45,29.45,29.45,0.0,,,,,31.113719561688317,26.949870550161815,30.339011528084377,,,,,"rgba(38, 166, 154, 1.0)",0.0,0.0,1.032650538728061,26.959948220064724,2.4113208549741603,0.0,0.0,0.0,0.0,90.74434846061389,40.65902891431894,True,False,True,False,True,20.0,0,0.9921026653504448,1.0078973346495552,False,False,False,False,0.07424359071355255,0.07424359067483682,False,False,False,False,-422.0,-414.30618767568006,False,True,False,False,2.572294339552331,False,True,False,False
2025-04-30 16:00:00+00:00,29.45,29.45,29.45,29.45,0.0,,,,,31.113719561688317,26.949870550161815,30.339011528084377,,,,,"rgba(38, 166, 154, 1.0)",0.0,0.0,1.03496703172467,26.959948220064724,2.4059237672390883,0.0,0.0,0.0,0.0,90.74435588758637,40.67381328513652,True,False,True,False,True,20.0,0,1.0019940179461617,1.0079760717846455,False,False,True,False,0.07424359071355255,0.07424359069419469,False,False,False,False,-422.0,-414.425471587685,False,True,True,False,2.532413807156171,False,True,True,False
2025-04-30 17:00:00+00:00,29.45,29.45,29.45,29.45,0.0,,,,,31.113719561688317,26.949870550161815,30.339011528084377,,,,,"rgba(38, 166, 154, 1.0)",0.0,0.0,1.036489970747269,26.959948220064724,2.4023886870222624,0.0,0.0,0.0,0.0,90.74436083890134,40.68609668947886,True,False,True,False,True,20.0,0,1.0020408163265309,1.0214285714285711,False,False,True,False,0.07424359071355255,0.07424359070387362,False,False,False,False,-422.0,-414.54290613671316,False,True,True,False,2.493151577587858,False,True,True,False
2025-04-30 18:00:00+00:00,29.45,29.45,29.45,29.45,0.0,,,,,31.113719561688317,26.949870550161815,30.339011528084377,,,,,"rgba(38, 166, 154, 1.0)",0.0,0.0,1.0372228512925543,26.959948220064724,2.40069120809694,0.0,0.0,0.0,0.0,90.744364139778,40.69628843618227,True,False,True,False,True,20.0,0,0.9785714285714289,1.0214285714285711,False,False,True,False,0.07424359071355255,0.07424359070871309,False,False,False,False,-422.0,-414.65851999505867,False,True,True,False,2.4544980647570385,False,True,True,False
2025-04-30 19:00:00+00:00,29.45,29.45,29.45,29.45,0.0,,,,,31.113719561688317,26.949870550161815,30.339011528084377,,,,,"rgba(38, 166, 154, 1.0)",0.0,0.0,1.0371673481691943,26.959948220064724,2.400819679033195,0.0,0.0,0.0,0.0,90.74436634036243,40.704734050181216,True,False,True,False,True,20.0,0,1.00208986415883,1.0219435736677114,False,False,True,False,0.07424359071355255,0.07424359071113282,False,False,False,False,-422.0,-414.7723413904841,False,False,True,False,2.416443831194914,False,False,True,False
2025-05-01 14:00:00+00:00,29.45,29.45,29.45,29.45,0.0,,,,,31.113719561688317,26.949870550161815,30.339011528084377,,,,,"rgba(38, 166, 154, 1.0)",0.0,0.0,1.0363233347050824,26.959948220064724,2.4027749801116807,0.0,0.0,0.0,0.0,90.74436780741873,40.7117244467244,True,False,True,False,True,20.0,0,0.9780564263322887,1.0219435736677114,False,False,True,False,0.07424359071355255,0.07424359071234268,False,False,False,False,-422.0,-414.88439811311224,False,False,True,False,2.3789795857500313,False,False,True,False
2025-05-01 15:00:00+00:00,29.45,29.45,29.45,29.45,0.0,,,,,31.113719561688317,26.949870550161815,30.339011528084377,,,,,"rgba(38, 166, 154, 1.0)",0.0,0.0,1.0346888812977972,26.959948220064724,2.4065705401337976,0.0,0.0,0.0,0.0,90.74436878545626,40.717503976257575,True,False,True,False,True,20.0,0,0.9780564263322887,1.0219435736677114,False,False,True,False,0.07424359071355255,0.07424359071294762,False,False,False,False,-422.0,-414.99471752221126,False,False,True,False,2.342096181319798,False,False,True,False
2025-05-01 16:00:00+00:00,29.45,29.45,29.45,29.45,0.0,,,,,31.113719561688317,26.949870550161815,30.339011528084377,,,,,"rgba(38, 166, 154, 1.0)",0.0,0.0,1.0322602332693984,26.959948220064724,2.4122325937605145,0.0,0.0,0.0,0.0,90.74436943748128,40.72227742840525,True,False,True,False,True,20.0,0,0.9780334728033475,1.0230125523012548,False,False,True,False,0.07424359071355255,0.07424359071325008,False,False,False,False,-422.0,-415.10332655287465,False,False,True,False,2.3057846126171655,False,False,True,False
2025-05-01 17:00:00+00:00,29.45,29.45,29.45,29.45,0.0,,,,,31.113719561688317,26.949870550161815,30.339011528084377,,,,,"rgba(38, 166, 154, 1.0)",0.0,0.0,1.0290317674292568,26.959948220064724,2.4198006891040507,0.0,0.0,0.0,0.0,90.74436987216463,40.726216092061804,True,False,True,False,True,20.0,0,0.9769874476987452,1.0230125523012548,False,False,True,False,0.07424359071355255,0.07424359071340131,False,False,False,False,-422.0,-415.2102517225975,False,False,True,False,2.270036013971938,False,False,True,False
2025-05-01 18:00:00+00:00,29.45,29.45,29.45,29.45,0.0,,,,,31.113719561688317,26.949870550161815,30.339011528084377,,,,,"rgba(38, 166, 154, 1.0)",0.0,0.0,1.024995926162074,26.959948220064724,2.429328465000693,0.0,0.0,0.0,0.0,90.74437016195353,40.72946297061877,True,False,True,False,True,20.0,0,0.9764453961456108,1.047109207708779,False,False,True,False,0.07424359071355255,0.07424359071347693,False,False,False,False,-422.0,-415.315519137751,False,False,True,False,2.2348416571661716,False,False,True,False
2025-05-01 19:00:00+00:00,29.45,29.45,29.45,29.45,0.0,,,,,31.113719561688317,26.949870550161815,30.339011528084377,,,,,"rgba(38, 166, 154, 1.0)",0.0,0.0,1.0201431272131363,26.959948220064724,2.4408847283397264,0.0,0.0,0.0,0.0,90.74437035514612,40.73213724895706,True,False,True,False,True,20.0,0,0.9521739130434789,1.063043478260869,False,False,True,False,0.07424359071355255,0.07424359071351475,False,False,False,False,-422.0,-415.4191544999564,False,False,True,False,2.2001929493031303,False,False,True,False
2025-05-02 14:00:00+00:00,29.45,29.45,29.45,29.45,0.0,,,,,31.113719561688317,26.949870550161815,30.339011528084377,,,,,"rgba(38, 166, 154, 1.0)",0.0,0.0,1.0144616466050491,26.959948220064724,2.454554874763741,0.0,0.0,0.0,0.0,90.74437048394118,40.73433810361344,True,False,True,False,True,20.0,0,0.936956521739131,1.063043478260869,False,False,True,False,0.07424359071355255,0.07424359071353365,False,False,False,False,-422.0,-415.5211831123601,False,False,True,False,2.166081430709283,False,False,True,False
2025-05-02 15:00:00+00:00,29.45,29.45,29.45,29.45,0.0,,,,,31.113719561688317,26.949870550161815,30.339011528084377,,,,,"rgba(38, 166, 154, 1.0)",0.0,0.0,1.0079374712481617,26.959948220064724,2.470442711939028,0.0,0.0,0.0,0.0,90.74437056980456,40.73614794065482,True,False,True,False,True,20.0,0,0.936956521739131,1.063043478260869,False,False,True,False,0.17921978282310952,0.12673168676832158,False,False,False,False,-422.0,-415.6216298858119,False,False,True,False,2.132498772868829,False,False,True,False
2025-05-02 16:00:00+00:00,29.45,29.45,29.45,29.45,0.0,,,,,31.113719561688317,26.949870550161815,30.339011528084377,,,,,"rgba(38, 166, 154, 1.0)",0.0,0.0,1.0005541167476806,26.959948220064724,2.488672764676871,0.0,0.0,0.0,0.0,90.7443706270468,40.737635138092756,True,False,True,False,True,20.0,0,1.2175141242937857,1.0819209039548014,False,False,True,False,0.34282823119728784,0.2347799589828047,False,False,False,False,-422.0,-415.7205193449466,False,False,True,False,2.099436776390242,False,False,True,False
2025-05-02 17:00:00+00:00,29.45,29.45,29.45,29.45,0.0,,,,,31.113719561688317,26.949870550161815,30.339011528084377,,,,,"rgba(38, 166, 154, 1.0)",0.0,0.0,0.9922924045947369,26.959948220064724,2.509393167180635,0.0,0.0,0.0,0.0,90.74437066520831,40.7388563617215,True,False,True,False,True,20.0,0,1.2161016949152548,0.7838983050847451,False,False,True,False,0.34282823119728784,0.2888040950900463,False,False,False,False,-422.0,-415.8178756341722,False,False,True,False,2.066887369004347,False,False,True,False
2025-05-02 18:00:00+00:00,29.45,29.45,29.45,29.45,0.0,,,,,31.113719561688317,26.949870550161815,30.339011528084377,,,,,"rgba(38, 166, 154, 1.0)",0.0,0.0,0.9831301912631711,26.959948220064724,2.5327792819951354,0.0,0.0,0.0,0.0,90.7443706906493,40.739858515456916,True,False,True,False,True,20.0,0,1.2161016949152548,0.7838983050847451,False,False,True,False,0.34282823119728784,0.31581616314366706,False,False,False,False,-422.0,-415.91372252356484,False,False,True,False,2.0348426035934266,False,False,True,False
2025-05-02 19:00:00+00:00,29.45,29.45,29.45,29.45,0.0,,,,,31.113719561688317,26.949870550161815,30.339011528084377,,,,,"rgba(38, 166, 154, 1.0)",0.0,0.0,0.9730420395907852,26.959948220064724,2.5590382312592284,0.0,0.0,0.0,0.0,90.74437070760997,40.74068037983764,True,False,True,False,True,20.0,0,1.2212765957446816,0.7829787234042547,False,False,True,False,0.34282823119728784,0.32932219717047745,False,False,False,False,-422.0,-416.00808341467234,False,False,True,False,2.0032946562508926,False,False,True,False
2025-05-05 14:00:00+00:00,29.45,29.45,29.45,29.45,0.0,,,,,31.113719561688317,26.949870550161815,30.339011528084377,,,,,"rgba(38, 166, 154, 1.0)",0.0,0.0,0.9619988200252179,26.959948220064724,2.5884145885646728,0.0,0.0,0.0,0.0,90.74437071891708,40.741353985473765,True,False,True,False,True,20.0,0,1.2317596566523612,0.7768240343347632,False,False,True,False,0.34282823119728784,0.33607521418388264,False,False,False,False,-422.0,-416.1009813462278,False,False,True,False,1.9722358243710338,False,False,True,False
2025-05-05 15:00:00+00:00,29.45,29.45,29.45,29.45,0.0,,,,,31.113719561688317,26.949870550161815,30.339011528084377,,,,,"rgba(38, 166, 154, 1.0)",0.0,0.0,0.9499672256082886,26.959948220064724,2.621197566411652,0.0,0.0,0.0,0.0,90.74437072645516,40.741905761966336,True,False,True,False,True,20.0,0,1.2320916905444133,0.769340974212034,False,False,True,False,0.34282823119728784,0.3394517226905852,False,False,False,False,-422.0,-416.19243899977465,False,False,True,False,1.9416585247683822,False,False,True,False
2025-05-05 16:00:00+00:00,29.45,29.45,29.45,29.45,0.0,,,,,31.113719561688317,26.949870550161815,30.339011528084377,,,,,"rgba(38, 166, 154, 1.0)",0.0,0.0,0.9369091795958602,26.959948220064724,2.657730155882739,0.0,0.0,0.0,0.0,90.74437073148054,40.74235749719962,True,False,True,False,True,20.0,0,1.230659025787966,0.769340974212034,False,False,True,False,0.34282823119728784,0.3411399769439365,False,False,False,False,-422.0,-416.2824787052045,False,False,True,False,1.9115552918262366,False,False,True,False
2025-05-05 17:00:00+00:00,29.45,29.45,29.45,29.45,0.0,,,,,31.113719561688317,26.949870550161815,30.339011528084377,,,,,"rgba(38, 166, 154, 1.0)",0.0,0.0,0.9227811078328096,26.959948220064724,2.698420848453721,0.0,0.0,0.0,0.0,90.7443707348308,40.74272713691913,True,False,True,False,True,20.0,0,1.230659025787966,0.769340974212034,False,False,True,False,0.34282823119728784,0.3419841040706122,False,False,False,False,-422.0,-416.37112244620903,False,False,True,False,1.8819187756738918,False,False,True,False
2025-05-05 18:00:00+00:00,29.45,29.45,29.45,29.45,0.0,,,,,31.113719561688317,26.949870550161815,30.339011528084377,,,,,"rgba(38, 166, 154, 1.0)",0.0,0.0,0.9075330386362739,26.959948220064724,2.7437588208105463,0.0,0.0,0.0,0.0,90.7443707370643,40.74302945012208,True,False,True,False,True,20.0,0,1.230659025787966,0.769340974212034,False,False,True,False,0.34282823119728784,0.34240616763395004,False,False,False,False,-422.0,-416.4583918656476,False,False,True,False,1.852741740392126,False,False,True,False
2025-05-05 19:00:00+00:00,29.45,29.45,29.45,29.45,0.0,,,,,31.113719561688317,26.949870550161815,30.339011528084377,,,,,"rgba(38, 166, 154, 1.0)",0.0,0.0,0.8911074797916976,26.959948220064724,2.7943338333523373,0.0,0.0,0.0,0.0,90.7443707385533,40.743276581960316,True,False,True,False,True,20.0,0,1.230659025787966,0.769340974212034,False,False,True,False,0.34282823119728784,0.34261719941561897,False,False,False,False,-422.0,-416.5443082708314,False,False,True,False,1.8240170622465117,False,False,True,False
2025-05-06 14:00:00+00:00,29.45,29.45,29.45,29.45,0.0,,,,,31.113719561688317,26.949870550161815,30.339011528084377,,,,,"rgba(38, 166, 154, 1.0)",0.0,0.0,0.8734380034931579,26.959948220064724,2.8508626484956703,0.0,0.0,0.0,0.0,90.74437073954597,40.743478512540946,True,False,True,False,True,20.0,0,1.230659025787966,0.769340974212034,False,False,True,False,0.34282823119728784,0.3427227153064534,False,False,False,False,-422.0,-416.62889263872546,False,False,True,False,1.7957377279481161,False,False,True,False
2025-05-06 15:00:00+00:00,29.45,29.45,29.45,29.45,0.0,,,,,31.113719561688317,26.949870550161815,30.339011528084377,,,,,"rgba(38, 166, 154, 1.0)",0.0,0.0,0.8544474427561931,26.959948220064724,2.9142246267401877,0.0,0.0,0.0,0.0,90.74437074020776,40.743643437153054,True,False,True,False,True,20.0,0,1.230659025787966,0.769340974212034,False,False,True,False,0.34282823119728784,0.34277547325187063,False,False,False,False,-422.0,-416.71216562107077,False,False,True,False,1.7678968329411686,False,False,True,False
2025-05-06 16:00:00+00:00,29.45,29.45,29.45,29.45,0.0,,,,,31.113719561688317,26.949870550161815,30.339011528084377,,,,,"rgba(38, 166, 154, 1.0)",0.0,0.0,0.8340455623047001,26.959948220064724,2.9855104954393243,0.0,0.0,0.0,0.0,90.74437074064895,40.743778081000514,True,False,True,False,True,20.0,0,1.3701149425287364,0.6298850574712636,False,False,True,False,0.34282823119728784,0.34280185222457926,False,False,False,False,-422.0,-416.7941475494262,False,False,True,False,1.7404875797172745,False,False,True,False
2025-05-06 17:00:00+00:00,29.45,29.45,29.45,29.45,0.0,,,,,31.113719561688317,26.949870550161815,30.339011528084377,,,,,"rgba(38, 166, 154, 1.0)",0.0,0.0,0.8121260054011382,26.959948220064724,3.066090438398594,0.0,0.0,0.0,0.0,90.74437074094307,40.74388795943118,True,False,True,False,True,20.0,0,1.3701149425287364,0.6298850574712636,False,False,True,False,0.34282823119728784,0.3428150417109336,False,False,False,False,-422.0,-416.87485844013275,False,False,True,False,1.7135032761557663,False,False,True,False
2025-05-06 18:00:00+00:00,29.45,29.45,29.45,29.45,0.0,,,,,31.113719561688317,26.949870550161815,30.339011528084377,,,,,"rgba(38, 166, 154, 1.0)",0.0,0.0,0.7885622222618436,26.959948220064724,3.1577112238435996,0.0,0.0,0.0,0.0,90.74437074113915,40.74397759287551,True,False,True,False,True,20.0,0,1.3701149425287364,0.6298850574712636,False,False,True,False,0.34282823119728784,0.3428216364541107,False,False,False,False,-422.0,-416.95431799920044,False,False,True,False,1.6869373338897853,False,False,True,False
2025-05-06 19:00:00+00:00,29.45,29.45,29.45,29.45,0.0,,,,,31.113719561688317,26.949870550161815,30.339011528084377,,,,,"rgba(38, 166, 154, 1.0)",0.0,0.0,0.763201932118457,26.959948220064724,3.262638202478754,0.0,0.0,0.0,0.0,90.74437074126988,40.74405068420259,True,False,True,False,True,20.0,0,1.3701149425287364,0.6298850574712636,False,False,True,False,0.34282823119728784,0.34282493382569923,False,False,False,False,-422.0,-417.0325456271198,False,False,True,False,1.6607832666976956,False,False,True,False
2025-05-07 14:00:00+00:00,29.45,29.45,29.45,29.45,0.0,,,,,31.113719561688317,26.949870550161815,30.339011528084377,,,,,"rgba(38, 166, 154, 1.0)",0.0,0.0,0.7358594166559504,26.959948220064724,3.383868879807369,0.0,0.0,0.0,0.0,90.74437074135702,40.744110264929375,True,False,True,False,True,20.0,0,1.3701149425287364,0.6298850574712636,False,False,True,False,0.34282823119728784,0.34282658251149356,False,False,False,False,-422.0,-417.10956042359857,False,False,True,False,1.6350346889194367,False,False,True,False
2025-05-07 15:00:00+00:00,29.45,29.45,29.45,29.45,0.0,,,,,31.113719561688317,26.949870550161815,30.339011528084377,,,,,"rgba(38, 166, 154, 1.0)",0.0,0.0,0.706304505191781,26.959948220064724,3.52546495404154,0.0,0.0,0.0,0.0,90.74437074141511,40.744158815648134,True,False,True,False,True,20.0,0,1.3701149425287364,0.6298850574712636,False,False,True,False,0.34282823119728784,0.3428274068543907,False,False,False,False,-422.0,-417.18538119222495,False,False,True,False,1.6096853138974299,False,False,True,False
2025-05-07 16:00:00+00:00,29.45,29.45,29.45,29.45,0.0,,,,,31.113719561688317,26.949870550161815,30.339011528084377,,,,,"rgba(38, 166, 154, 1.0)",0.0,0.0,0.6742463259879571,26.959948220064724,3.693089133688139,0.0,0.0,0.0,0.0,90.74437074145385,40.74419836513651,True,False,True,False,True,20.0,0,1.3701149425287364,0.6298850574712636,False,False,True,False,0.34282823119728784,0.34282781902583925,False,False,False,False,-422.0,-417.26002644505866,False,False,True,False,1.5847289524416557,False,False,True,False
2025-05-07 17:00:00+00:00,29.45,29.45,29.45,29.45,0.0,,,,,31.113719561688317,26.949870550161815,30.339011528084377,,,,,"rgba(38, 166, 154, 1.0)",-1.0,29.9475,0.6393084101147046,26.959948220064724,3.89491478688433,0.0,0.0,0.0,0.0,90.74437074147967,40.7442305718602,True,False,True,False,True,20.0,0,1.3701149425287364,0.6298850574712636,False,False,True,False,0.34282823119728784,0.3428280251115635,False,False,False,False,-422.0,-417.33351440715074,False,False,True,False,1.5601595113185291,False,False,True,False
2025-05-07 18:00:00+00:00,29.45,29.45,29.45,29.45,0.0,,,,,31.113719561688317,26.949870550161815,30.339011528084377,,,,,"rgba(38, 166, 154, 1.0)",0.0,0.0,0.6009887348857758,26.959948220064724,4.143258659263448,0.0,0.0,0.0,0.0,90.74437074149688,40.74425679094712,True,False,True,False,True,20.0,0,1.3701149425287364,0.6298850574712636,False,False,False,False,0.34282823119728784,0.34282812815442565,False,False,False,False,-422.0,-417.40586302099337,False,False,False,False,1.5359709917632032,False,False,False,False
2025-05-07 19:00:00+00:00,29.45,29.45,29.45,29.45,0.0,,,,,31.113719561688317,26.949870550161815,30.339011528084377,,,,,"rgba(38, 166, 154, 1.0)",0.0,0.0,0.5585917621634785,26.959948220064724,4.457730938048692,0.0,0.0,0.0,0.0,90.74437074150836,40.74427812918405,True,False,True,False,True,20.0,0,1.3701149425287364,0.6298850574712636,False,False,False,False,0.34282823119728784,0.34282817967585677,False,False,False,False,-422.0,-417.47708995090045,False,False,False,False,1.5121574880149364,False,False,False,False
2025-05-08 14:00:00+00:00,29.695,29.695,29.695,29.695,0.0,,,,,31.113719561688317,26.949870550161815,30.339011528084377,,,,,"rgba(38, 166, 154, 1.0)",0.0,0.0,0.5129742191861987,26.959948220064724,5.331752898370338,0.0,0.0,0.0,0.0,93.81830755733678,43.51083862438688,True,False,True,False,True,20.0,0,1.3503808487486406,0.6496191512513594,False,False,False,False,0.3428282328533098,0.3428282062645833,False,False,False,False,-422.0,-417.5472125873206,False,False,False,False,1.4887131858751699,False,False,False,False
2025-05-08 15:00:00+00:00,29.695,29.695,29.695,29.695,0.0,,,,,31.113719561688317,26.949870550161815,30.339011528084377,,,,,"rgba(38, 166, 154, 1.0)",0.0,0.0,0.4606817607468552,26.959948220064724,5.936965630028899,0.0,0.0,0.0,0.0,95.86759876788906,45.170778626001564,True,False,True,False,True,20.0,0,1.3503808487486406,0.6496191512513594,False,False,False,False,0.3428282328533098,0.3428282195589466,False,False,False,False,-422.0,-417.61624805108306,False,False,False,False,1.4656323612879578,False,False,False,False
2025-05-08 16:00:00+00:00,29.695,29.695,29.695,29.695,0.0,,,,,31.113719561688317,26.949870550161815,30.339011528084377,,,,,"rgba(38, 166, 154, 1.0)",0.0,0.0,0.39909918837589425,26.959948220064724,6.85306274629466,0.0,0.0,0.0,0.0,97.23379290825724,46.179041384288354,True,False,True,False,True,20.0,0,1.3503808487486406,0.6496191512513594,False,False,False,False,0.3428282328533098,0.3428282262061282,False,False,False,False,-422.0,-417.6842131975779,False,False,False,False,1.4429093789424081,False,False,False,False
2025-05-08 17:00:00+00:00,29.695,29.695,29.695,29.695,0.0,,,,,31.113719561688317,26.949870550161815,30.339011528084377,,,,,"rgba(38, 166, 154, 1.0)",0.0,0.0,0.3229550773437611,26.959948220064724,8.468830409574336,0.0,0.0,0.0,0.0,98.14458900183604,46.811871844935936,True,False,True,False,True,20.0,0,1.4756242568370985,0.617122473246135,False,False,False,False,0.3428282328533098,0.34282822952971903,False,False,False,False,-422.0,-417.7511246208712,False,False,False,False,1.4205386908967894,False,False,False,False
2025-05-08 18:00:00+00:00,29.695,29.695,29.695,29.695,0.0,,,,,31.113719561688317,26.949870550161815,30.339011528084377,,,,,"rgba(38, 166, 154, 1.0)",0.0,0.0,0.29057254757725565,26.959948220064724,9.4126296607841,0.0,0.0,0.0,0.0,98.75178639755524,47.23376018228325,True,False,True,False,True,20.0,0,1.4756242568370985,0.5243757431629015,False,False,False,False,0.3428282328533098,0.3428282311915144,False,False,False,False,-422.0,-417.8169986577569,False,False,False,False,1.398514835223971,False,False,False,False
2025-05-08 19:00:00+00:00,29.695,29.695,29.695,29.695,0.0,,,,,31.113719561688317,26.949870550161815,30.339011528084377,,,,,"rgba(38, 166, 154, 1.0)",0.0,0.0,0.26738599490324844,26.959948220064724,10.228852041876513,0.0,0.0,0.0,0.0,99.15658466136803,47.540201870967636,True,False,True,False,True,20.0,0,1.4756242568370985,0.5243757431629015,False,False,False,False,0.3428282328533098,0.3428282320224121,False,False,False,False,-422.0,-417.88185139174516,False,False,False,False,1.3768324346778629,False,False,False,False
2025-05-09 14:00:00+00:00,29.695,29.695,29.695,29.695,0.0,,,,,31.113719561688317,26.949870550161815,30.339011528084377,,,,,"rgba(38, 166, 154, 1.0)",0.0,0.0,0.22126841553154347,26.959948220064724,12.360787116249647,0.0,0.0,0.0,0.0,99.42645017057656,47.78478793278914,True,False,True,False,True,20.0,0,1.4756242568370985,0.5243757431629015,False,False,False,False,0.3428282328533098,0.342828232437861,False,False,False,False,-422.0,-417.9456986569894,False,False,False,False,1.3554861953805317,False,False,False,False
2025-05-09 15:00:00+00:00,29.695,29.695,29.695,29.695,0.0,,,,,31.113719561688317,26.949870550161815,30.339011528084377,,,,,"rgba(38, 166, 154, 1.0)",0.0,0.0,0.15974619509388419,26.959948220064724,17.121232704965916,0.0,0.0,0.0,0.0,99.60636051004892,47.99619488149807,True,False,True,False,True,20.0,0,1.4756242568370985,0.5243757431629015,False,False,False,False,0.3428282328533098,0.3428282326455854,False,False,False,False,-422.0,-418.00855604215235,False,False,False,False,1.3344709055296706,False,False,False,False
2025-05-09 16:00:00+00:00,29.695,29.695,29.695,29.695,0.0,,,,,31.113719561688317,26.949870550161815,30.339011528084377,,,,,"rgba(38, 166, 154, 1.0)",0.0,0.0,0.08015171425130177,26.959948220064724,34.12343460752438,0.0,0.0,0.0,0.0,99.72630073636381,48.188705540234906,True,False,True,False,True,20.0,0,1.4756242568370985,0.5243757431629015,False,False,False,False,0.3428282328533098,0.3428282327494476,False,False,False,False,-422.0,-418.070438894212,False,False,False,False,1.3137814341261098,False,False,False,False
2025-05-09 17:00:00+00:00,29.695,30.075,29.695,30.075,0.0,,,,,31.113719561688317,26.949870550161815,30.339011528084377,,,,,"rgba(38, 166, 154, 1.0)",0.0,0.0,0.10552729035246479,26.959948220064724,29.518921309652644,1.0,30.075,29.695,0.0,99.81546943848517,48.37690625673933,True,False,True,False,True,20.0,0,1.436205016357688,0.48091603053435145,False,False,False,False,0.3428282339834604,0.342828233366454,False,False,False,False,-422.0,-418.13136232220864,False,False,False,False,1.2934127297210538,False,False,False,False
2025-05-09 18:00:00+00:00,30.075,30.13,30.075,30.13,200.0,,,30.111666666666665,30.111666666666665,31.03849036536537,29.036864686468647,30.309846055163568,,30.111666666666665,30.111666666666665,,"rgba(38, 166, 154, 1.0)",0.0,0.0,0.12887150524840055,30.111666666666668,0.14226056643005192,1.0,30.13,30.075,0.0,99.87515758975965,48.55154860936136,True,False,True,False,True,20.0,0,1.5129310344827585,0.47521551724137967,False,False,False,False,0.34282823513998495,0.3428282342532195,False,False,False,False,-222.0,-415.09056600713564,False,False,False,False,4.374135012981193,False,False,False,False
2025-05-09 19:00:00+00:00,30.13,30.13,30.13,30.13,0.0,,,30.111666666666665,30.111666666666665,31.03849036536537,29.036864686468647,30.309846055163568,,30.111666666666665,30.111666666666665,,"rgba(38, 166, 154, 1.0)",0.0,0.0,0.14803070657878056,30.111666666666668,0.12384817823979001,0.0,0.0,0.0,0.0,99.91494969060932,48.713876548204425,True,False,True,False,True,20.0,0,1.5247844827586203,0.47521551724137967,False,False,False,False,0.3428282352769549,0.34282823476508717,False,False,False,False,-222.0,-412.0969138209785,False,False,False,False,4.306318966268306,False,False,False,False
2025-05-12 14:00:00+00:00,31.43,31.43,31.43,31.43,100.0,,31.43,30.55111111111111,30.55111111111111,31.052654968644482,29.630694789081886,30.377365883062087,,30.55111111111111,30.55111111111111,,"rgba(38, 166, 154, 1.0)",0.0,0.0,0.2668247898314346,30.551111111111112,3.2938801879844894,0.0,0.0,0.0,0.0,99.94289596150983,48.865494054026854,True,False,True,False,True,20.0,0,1.4099326599326596,0.5900673400673404,False,False,False,False,0.342828240089328,0.3428282374272076,False,False,False,False,-122.0,-407.59928725011065,False,False,False,False,5.789941928031588,False,False,False,False
2025-05-12 15:00:00+00:00,31.43,31.43,31.43,31.43,0.0,,31.43,30.55111111111111,30.55111111111111,31.052654968644482,29.630694789081886,30.377365883062087,,30.55111111111111,30.55111111111111,,"rgba(38, 166, 154, 1.0)",0.0,0.0,0.3450580966883819,30.551111111111112,2.5470751080001537,0.0,0.0,0.0,0.0,99.96152680877685,49.00450748321653,True,False,True,False,True,20.0,0,1.4099326599326596,0.5900673400673404,False,False,False,False,0.34282823845294574,0.34282823794007666,False,False,False,False,-122.0,-403.17139132375235,False,False,False,False,5.700175386511718,False,False,False,False
2025-05-12 16:00:00+00:00,31.43,31.43,31.43,31.43,0.0,,31.43,30.55111111111111,30.55111111111111,31.052654968644482,29.630694789081886,30.377365883062087,,30.55111111111111,30.55111111111111,,"rgba(38, 166, 154, 1.0)",0.0,0.0,0.4068438950691915,30.551111111111112,2.1602607278632413,0.0,0.0,0.0,0.0,99.97394737362151,49.13101161702963,True,False,True,False,True,20.0,0,1.498975409836065,0.718237704918033,False,False,False,False,0.34282823639452775,0.3428282371673022,False,False,False,False,-122.0,-398.81214494663993,False,False,False,False,5.611800574317738,False,False,False,False
2025-05-12 17:00:00+00:00,31.43,31.43,31.43,31.43,0.0,,31.43,30.55111111111111,30.55111111111111,31.052654968644482,29.630694789081886,30.377365883062087,,30.55111111111111,30.55111111111111,,"rgba(38, 166, 154, 1.0)",0.0,0.0,0.45887477928425874,30.551111111111112,1.9153131280384517,0.0,0.0,0.0,0.0,99.98222775018462,49.2451948703399,True,False,True,False,True,20.0,0,1.2817622950819672,0.718237704918033,False,False,False,False,0.34282823639452775,0.342828236780915,False,False,False,False,-122.0,-394.5204837846765,False,False,False,False,5.524795914250796,False,False,False,False
2025-05-12 18:00:00+00:00,31.43,31.43,31.43,31.43,0.0,,31.43,30.55111111111111,30.55111111111111,31.052654968644482,29.630694789081886,30.377365883062087,,30.55111111111111,30.55111111111111,,"rgba(38, 166, 154, 1.0)",0.0,0.0,0.5041799424952625,30.551111111111112,1.7432047862497944,0.0,0.0,0.0,0.0,99.98774800122669,49.34742225258974,True,False,True,False,True,20.0,0,1.2817622950819672,0.718237704918033,False,False,False,False,0.34282823639452775,0.3428282365877214,False,False,False,False,-122.0,-390.29536000506914,False,False,False,False,5.439140163642256,False,False,False,False
2025-05-12 19:00:00+00:00,31.43,31.43,31.43,31.43,0.0,,31.43,30.55111111111111,30.55111111111111,31.052654968644482,29.630694789081886,30.377365883062087,,30.55111111111111,30.55111111111111,,"rgba(38, 166, 154, 1.0)",0.0,0.0,0.5444410059952488,30.551111111111112,1.614295909402088,0.0,0.0,0.0,0.0,99.99142816858807,49.43823999713342,True,False,True,False,True,20.0,0,1.2817622950819672,0.718237704918033,False,False,False,False,0.34282823639452775,0.3428282364911246,False,False,False,False,-122.0,-386.13574202049443,False,False,False,False,5.354812409167183,False,False,False,False
2025-05-13 14:00:00+00:00,31.43,31.49,31.43,31.49,75.0,,31.447142857142858,30.734888888888886,30.734888888888886,31.063680286485855,29.91928870292887,30.42462514417532,,30.734888888888886,30.734888888888886,,"rgba(38, 166, 154, 1.0)",0.0,0.0,0.583172690879378,30.73488888888889,1.294832770671174,0.0,0.0,0.0,0.0,99.99390902766908,49.5183683465612,True,False,True,False,True,20.0,0,1.2783400809716599,0.7095141700404861,False,False,False,False,0.34282823652511385,0.3428282365081192,False,False,False,False,-47.0,-380.8778235395565,False,False,False,False,6.434582759412653,False,False,False,False
2025-05-13 15:00:00+00:00,31.49,31.565,31.49,31.53,238.0,,31.49393058918483,31.042947253942362,31.042947253942362,31.099620301159142,30.454138733705772,30.557831304935767,,31.042947253942362,31.042947253942362,,"rgba(38, 166, 154, 1.0)",0.0,0.0,0.6198398005763127,31.042947253942355,0.7857719778639509,0.0,0.0,0.0,0.0,99.99558117011001,49.58858929582429,True,False,True,False,True,20.0,0,1.286141575274177,0.698903290129611,False,False,False,False,0.3428282368121236,0.3428282366601214,False,False,False,False,191.0,-372.011500693982,False,False,False,False,10.024744267018658,False,False,False,False
2025-05-13 16:00:00+00:00,31.53,31.53,31.53,31.53,0.0,,31.49393058918483,31.042947253942362,31.042947253942362,31.099620301159142,30.454138733705772,30.557831304935767,,31.042947253942362,31.042947253942362,,"rgba(38, 166, 154, 1.0)",0.0,0.0,0.6532635810347984,31.042947253942355,0.7455684966949069,0.0,0.0,0.0,0.0,99.9966959317373,49.649743492626456,True,False,True,False,True,20.0,0,1.2941176470588236,0.7058823529411764,False,False,False,False,0.34282823682257696,0.3428282367413492,False,False,False,False,191.0,-363.2826402181063,False,False,False,False,9.869321875281935,False,False,False,False
2025-05-13 17:00:00+00:00,31.53,31.595,31.53,31.595,50.0,,31.502505399568037,31.082946204122678,31.082946204122678,31.10719486195502,30.527193211488253,30.58294263105836,,31.082946204122678,31.082946204122678,,"rgba(38, 166, 154, 1.0)",0.0,0.0,0.6862114821236219,31.10746556058321,0.7104725760461081,0.0,0.0,0.0,0.0,99.99747156105126,49.70274489508536,True,False,True,False,True,20.0,0,1.2903543307086616,0.6968503937007877,False,False,False,False,0.34282823695734804,0.3428282368493486,False,False,False,False,241.0,-353.9139171139496,False,False,False,False,10.491502931479113,False,False,False,False
2025-05-13 18:00:00+00:00,31.595,31.595,31.595,31.595,0.0,,31.502505399568037,31.082946204122678,31.082946204122678,31.10719486195502,30.527193211488253,30.58294263105836,,31.082946204122678,31.082946204122678,,"rgba(38, 166, 154, 1.0)",0.0,0.0,0.7164921933023136,31.10746556058321,0.6804462686044639,0.0,0.0,0.0,0.0,99.99798864726056,49.74842383412515,True,False,True,False,True,20.0,0,1.3031496062992123,0.6968503937007877,False,False,False,False,0.3428282370900701,0.3428282369697093,False,False,False,False,241.0,-344.6904455307876,False,False,False,False,10.328843971301142,False,False,False,False
2025-05-13 19:00:00+00:00,31.595,31.595,31.595,31.595,0.0,,31.502505399568037,31.082946204122678,31.082946204122678,31.10719486195502,30.527193211488253,30.58294263105836,,31.082946204122678,31.082946204122678,,"rgba(38, 166, 154, 1.0)",0.0,0.0,0.7444312600240502,31.10746556058321,0.6549086068753169,0.0,0.0,0.0,0.0,99.99833337140008,49.78762026418764,True,False,True,False,True,20.0,0,1.3031496062992123,0.6968503937007877,False,False,False,False,0.3428282370900701,0.34282823702988974,False,False,False,False,241.0,-335.60997350705446,False,False,False,False,10.168706855467015,False,False,False,False
2025-05-14 14:00:00+00:00,31.595,31.595,31.595,31.595,0.0,,31.502505399568037,31.082946204122678,31.082946204122678,31.10719486195502,30.527193211488253,30.58294263105836,,31.082946204122678,31.082946204122678,,"rgba(38, 166, 154, 1.0)",0.0,0.0,0.7702835268339855,31.10746556058321,0.632928554788973,0.0,0.0,0.0,0.0,99.9985631874931,49.82112071475056,True,False,True,False,True,20.0,0,1.3031496062992123,0.6968503937007877,False,False,False,False,0.3428282370900701,0.3428282370599799,False,False,False,False,241.0,-326.67028399531716,False,False,False,False,10.011052485614814,False,False,False,False
2025-05-14 15:00:00+00:00,31.595,31.595,31.595,31.595,0.0,,31.502505399568037,31.082946204122678,31.082946204122678,31.10719486195502,30.527193211488253,30.58294263105836,,31.082946204122678,31.082946204122678,,"rgba(38, 166, 154, 1.0)",0.0,0.0,0.7942527906753519,31.10746556058321,0.613827795307131,0.0,0.0,0.0,0.0,99.99871639822179,49.84964950937682,True,False,True,False,True,20.0,0,1.3031496062992123,0.6968503937007877,False,False,False,False,0.3428282370900701,0.34282823707502497,False,False,False,False,241.0,-317.86919432097113,False,False,False,False,9.85584236955877,False,False,False,False
2025-05-14 16:00:00+00:00,31.595,31.595,31.595,31.595,0.0,,31.502505399568037,31.082946204122678,31.082946204122678,31.10719486195502,30.527193211488253,30.58294263105836,,31.082946204122678,31.082946204122678,,"rgba(38, 166, 154, 1.0)",0.0,0.0,0.8165049003235306,31.10746556058321,0.5970992203765191,0.0,0.0,0.0,0.0,99.99881853870757,49.873864485062256,True,False,True,False,True,20.0,0,1.3031496062992123,0.6968503937007877,False,False,False,False,0.3428282370900701,0.3428282370825475,False,False,False,False,241.0,-309.20455564932814,False,False,False,False,9.703038611891191,False,False,False,False
2025-05-14 17:00:00+00:00,31.595,31.595,31.595,31.595,0.0,,31.502505399568037,31.082946204122678,31.082946204122678,31.10719486195502,30.527193211488253,30.58294263105836,,31.082946204122678,31.082946204122678,,"rgba(38, 166, 154, 1.0)",0.0,0.0,0.8371767925486621,31.10746556058321,0.5823554161511816,0.0,0.0,0.0,0.0,99.99888663236476,49.89435614602732,True,False,True,False,True,20.0,0,1.3031496062992123,0.6968503937007877,False,False,False,False,0.3428282370900701,0.34282823708630883,False,False,False,False,241.0,-300.67425246096644,False,False,False,False,9.552603904730088,False,False,False,False
2025-05-14 18:00:00+00:00,31.595,31.595,31.595,31.595,0.0,,31.502505399568037,31.082946204122678,31.082946204122678,31.10719486195502,30.527193211488253,30.58294263105836,,31.082946204122678,31.082946204122678,,"rgba(38, 166, 154, 1.0)",0.0,0.0,0.8563829077490778,31.10746556058321,0.5692949205376204,0.0,0.0,0.0,0.0,99.99893202813622,49.91164930475219,True,False,True,False,True,20.0,0,1.3031496062992123,0.6968503937007877,False,False,False,False,0.3428282370900701,0.34282823708818944,False,False,False,False,241.0,-292.276202035215,False,False,False,False,9.40450151861024,False,False,False,False
2025-05-14 19:00:00+00:00,31.595,31.595,31.595,31.595,0.0,,31.502505399568037,31.082946204122678,31.082946204122678,31.10719486195502,30.527193211488253,30.58294263105836,,31.082946204122678,31.082946204122678,,"rgba(38, 166, 154, 1.0)",0.0,0.0,0.8742198581366352,31.10746556058321,0.5576794382776293,0.0,0.0,0.0,0.0,99.99896229198386,49.92620641944059,True,False,True,False,True,20.0,0,1.3031496062992123,0.6968503937007877,False,False,False,False,0.3428282370900701,0.3428282370891298,False,False,False,False,241.0,-284.0083539416458,False,False,False,False,9.258695293515508,False,False,False,False
2025-05-15 14:00:00+00:00,31.595,31.595,31.595,31.595,0.0,,31.502505399568037,31.082946204122678,31.082946204122678,31.10719486195502,30.527193211488253,30.58294263105836,,31.082946204122678,31.082946204122678,,"rgba(38, 166, 154, 1.0)",0.0,0.0,0.8907698967797938,31.10746556058321,0.5473180460849255,0.0,0.0,0.0,0.0,99.99898246788229,49.938431997189,True,False,True,False,True,20.0,0,1.3031496062992123,0.6968503937007877,False,False,False,False,0.3428282370900701,0.3428282370896,False,False,False,False,241.0,-275.86868953944975,False,False,False,False,9.115149630050151,False,False,False,False
2025-05-15 15:00:00+00:00,31.595,31.595,31.595,31.595,0.0,,31.502505399568037,31.082946204122678,31.082946204122678,31.10719486195502,30.527193211488253,30.58294263105836,,31.082946204122678,31.082946204122678,,"rgba(38, 166, 154, 1.0)",0.0,0.0,0.9061035429964411,31.10746556058321,0.5380559906040477,0.0,0.0,0.0,0.0,99.99899591848124,49.948677578739776,True,False,True,False,True,20.0,0,1.3031496062992123,0.6968503937007877,False,False,False,False,0.3428282370900701,0.342828237089835,False,False,False,False,241.0,-267.85522148457454,False,False,False,False,8.973829480747048,False,False,False,False
2025-05-15 16:00:00+00:00,31.595,31.595,31.595,31.595,0.0,,31.502505399568037,31.082946204122678,31.082946204122678,31.10719486195502,30.527193211488253,30.58294263105836,,31.082946204122678,31.082946204122678,,"rgba(38, 166, 154, 1.0)",0.0,0.0,0.9202816010468182,31.10746556058321,0.5297665832525807,0.0,0.0,0.0,0.0,99.99900488554721,49.957246946497975,True,False,True,False,True,20.0,0,1.3031496062992123,0.6968503937007877,False,False,False,False,0.3428282370900701,0.3428282370899526,False,False,False,False,241.0,-259.96599324450364,False,False,False,False,8.83470034151066,False,False,False,False
2025-05-15 17:00:00+00:00,31.595,31.595,31.595,31.595,0.0,,31.502505399568037,31.082946204122678,31.082946204122678,31.10719486195502,30.527193211488253,30.58294263105836,,31.082946204122678,31.082946204122678,,"rgba(38, 166, 154, 1.0)",0.0,0.0,0.9333567339409193,31.10746556058321,0.5223452316653538,0.0,0.0,0.0,0.0,99.99901086359118,49.96440130074254,True,False,True,False,True,20.0,0,1.3031496062992123,0.6968503937007877,False,False,False,False,0.3428282370900701,0.3428282370900113,False,False,False,False,241.0,-252.19907862055783,False,False,False,False,8.697728243192664,False,False,False,False
2025-05-15 18:00:00+00:00,31.595,31.595,31.595,31.595,0.0,,31.502505399568037,31.082946204122678,31.082946204122678,31.10719486195502,30.527193211488253,30.58294263105836,,31.082946204122678,31.082946204122678,,"rgba(38, 166, 154, 1.0)",0.0,0.0,0.9453747052536354,31.10746556058321,0.515704975717524,0.0,0.0,0.0,0.0,99.99901484895383,49.97036423085126,True,False,True,False,True,20.0,0,1.3031496062992123,0.6968503937007877,False,False,False,False,0.3428282370900701,0.34282823709004073,False,False,False,False,241.0,-244.55258127760342,False,False,False,False,8.562879743298204,False,False,False,False
2025-05-15 19:00:00+00:00,31.595,31.595,31.595,31.595,0.0,,31.502505399568037,31.082946204122678,31.082946204122678,31.10719486195502,30.527193211488253,30.58294263105836,,31.082946204122678,31.082946204122678,,"rgba(38, 166, 154, 1.0)",0.0,0.0,0.9563753692180225,31.10746556058321,0.5097731028094321,0.0,0.0,0.0,0.0,99.99901750586227,49.97532637143044,True,False,True,False,True,20.0,0,1.3031496062992123,0.6968503937007877,False,False,False,False,0.3428282370900701,0.3428282370900554,False,False,False,False,241.0,-237.02463428105142,False,False,False,False,8.430121917820712,False,False,False,False
2025-05-16 14:00:00+00:00,31.595,31.595,31.595,31.595,0.0,,31.502505399568037,31.082946204122678,31.082946204122678,31.10719486195502,30.527193211488253,30.58294263105836,,31.082946204122678,31.082946204122678,,"rgba(38, 166, 154, 1.0)",0.0,0.0,0.966393467141305,31.10746556058321,0.5044885504648189,0.0,0.0,0.0,0.0,99.99901927713456,49.97944968050204,True,False,True,False,True,20.0,0,1.3031496062992123,0.6968503937007877,False,False,False,False,0.3428282370900701,0.3428282370900627,False,False,False,False,241.0,-229.6133996410351,False,False,False,False,8.299422353203337,False,False,False,False
2025-05-16 15:00:00+00:00,31.595,31.595,31.595,31.595,0.0,,31.502505399568037,31.082946204122678,31.082946204122678,31.10719486195502,30.527193211488253,30.58294263105836,,31.082946204122678,31.082946204122678,,"rgba(38, 166, 154, 1.0)",0.0,0.0,0.9754592727494312,31.10746556058321,0.4997998922524178,0.0,0.0,0.0,0.0,99.99902045798275,49.982871311322285,True,False,True,False,True,20.0,0,1.3031496062992123,0.6968503937007877,False,False,False,False,0.3428282370900701,0.3428282370900664,False,False,False,False,241.0,-222.3170678636547,False,False,False,False,8.17074913842499,False,False,False,False
2025-05-16 16:00:00+00:00,31.595,31.595,31.435,31.445,6.0,,31.502366737739877,31.08661185849527,31.08661185849527,31.107931162889674,30.534689119170988,30.585631163708086,,31.08661185849527,31.08661185849527,,"rgba(239, 83, 80, 1.0)",0.0,0.0,0.9810005556013432,31.475059759591424,-0.030641939415618085,0.0,0.0,0.0,0.0,79.74480837708522,31.783543677986913,False,True,True,False,False,20.0,0,1.263358778625954,0.7061068702290079,False,False,False,False,0.3290302091358727,0.3359292231129696,False,False,False,False,235.0,-215.22688076499338,False,False,False,False,8.137094113023052,False,False,False,False
2025-05-16 17:00:00+00:00,31.445,31.485,31.445,31.485,1.0,,31.50230141843972,31.087186567164185,31.087186567164185,31.108047223994898,30.53590125053903,30.58606784951536,,31.087186567164185,31.087186567164185,,"rgba(239, 83, 80, 1.0)",0.0,0.0,0.9864294653395863,31.472435560605486,0.01273729124685829,0.0,0.0,0.0,0.0,69.36491826334269,23.65454830229696,False,True,True,False,False,20.0,0,1.263257575757576,0.7291666666666667,False,False,False,False,0.32046775832479585,0.32819849071888274,False,False,False,False,236.0,-208.23111517173768,False,False,False,False,8.026441491115717,False,False,False,False
2025-05-16 18:00:00+00:00,31.485,31.515,31.485,31.515,1.0,,31.502307147912248,31.087809239940395,31.087809239940395,31.108173843700165,30.53715331610681,30.586520525451554,,31.087809239940395,31.087809239940395,,"rgba(38, 166, 154, 1.0)",0.0,0.0,0.9915609997454851,31.474238163146435,0.0411087536359625,0.0,0.0,0.0,0.0,64.4171258371411,20.470522549511003,False,True,True,False,False,20.0,0,1.2693032015065913,0.7250470809792843,False,False,False,False,0.32645663128475394,0.32732756100181837,False,False,False,False,237.0,-201.32830718457896,False,False,False,False,7.917504413734078,False,False,False,False
2025-05-16 19:00:00+00:00,31.515,31.515,31.515,31.515,0.0,,31.502307147912248,31.087809239940395,31.087809239940395,31.108173843700165,30.53715331610681,30.586520525451554,,31.087809239940395,31.087809239940395,,"rgba(38, 166, 154, 1.0)",0.0,0.0,0.9958949164870418,31.474238163146435,0.040929857336104,0.0,0.0,0.0,0.0,61.1185975530067,18.388521896281247,False,True,True,False,False,20.0,0,1.2749529190207156,0.7250470809792843,False,False,False,False,0.3290302091358727,0.3281788850688455,False,False,False,False,237.0,-194.53251947629093,False,False,False,False,7.794752407319596,False,False,False,False
2025-05-19 14:00:00+00:00,31.515,31.515,31.515,31.515,0.0,,31.502307147912248,31.087809239940395,31.087809239940395,31.108173843700165,30.53715331610681,30.586520525451554,,31.087809239940395,31.087809239940395,,"rgba(38, 166, 154, 1.0)",0.0,0.0,0.9994415918379324,31.474238163146435,0.04078461131340999,0.0,0.0,0.0,0.0,58.9195786969171,16.8971856358486,False,True,True,False,False,20.0,0,1.2749529190207156,0.7250470809792843,False,False,False,False,0.3290302091358727,0.3286045471023591,False,False,False,False,237.0,-187.84209281774378,False,False,False,False,7.6739035327875085,False,False,False,False
2025-05-19 15:00:00+00:00,31.515,31.515,31.515,31.515,0.0,,31.502307147912248,31.087809239940395,31.087809239940395,31.108173843700165,30.53715331610681,30.586520525451554,,31.087809239940395,31.087809239940395,,"rgba(38, 166, 154, 1.0)",0.0,0.0,1.0022093836363193,31.474238163146435,0.04067197685344906,0.0,0.0,0.0,0.0,57.4535661261907,15.711586905858042,False,True,True,False,False,20.0,0,1.2749529190207156,0.7250470809792843,False,False,False,False,0.3290302091358727,0.32881737811911593,False,False,False,False,237.0,-181.25539370429038,False,False,False,False,7.5549282842171595,False,False,False,False
2025-05-19 16:00:00+00:00,31.515,31.515,31.515,31.515,0.0,,31.502307147912248,31.087809239940395,31.087809239940395,31.108173843700165,30.53715331610681,30.586520525451554,,31.087809239940395,31.087809239940395,,"rgba(38, 166, 154, 1.0)",0.0,0.0,1.0042047321857153,31.474238163146435,0.04059116188871676,0.0,0.0,0.0,0.0,56.4762244123731,14.681123390306439,False,True,True,False,False,20.0,0,1.2749529190207156,0.7250470809792843,False,False,False,False,0.3290302091358727,0.32892379362749435,False,False,False,False,237.0,-174.77081395693705,False,False,False,False,7.437797613144025,False,False,False,False
2025-05-19 17:00:00+00:00,31.515,31.515,31.515,31.515,0.0,,31.502307147912248,31.087809239940395,31.087809239940395,31.108173843700165,30.53715331610681,30.586520525451554,,31.087809239940395,31.087809239940395,,"rgba(38, 166, 154, 1.0)",0.0,0.0,1.0054322363948849,31.474238163146435,0.04054160526991155,0.0,0.0,0.0,0.0,55.82466326982804,13.732524449788784,False,True,True,False,False,20.0,0,1.2749529190207156,0.7250470809792843,False,False,False,False,0.3290302091358727,0.3289770013816835,False,False,False,False,237.0,-168.38677032969773,False,False,False,False,7.3224829214673735,False,False,False,False
2025-05-19 18:00:00+00:00,31.515,31.515,31.515,31.515,0.0,,31.502307147912248,31.087809239940395,31.087809239940395,31.108173843700165,30.53715331610681,30.586520525451554,,31.087809239940395,31.087809239940395,,"rgba(38, 166, 154, 1.0)",0.0,0.0,1.0058947072940574,31.474238163146435,0.0405229658313032,0.0,0.0,0.0,0.0,55.39028917479799,12.835169126360853,False,True,True,False,False,20.0,0,1.2749529190207156,0.7250470809792843,False,False,False,False,0.3290302091358727,0.32900360525877814,False,False,False,False,237.0,-162.10170412303574,False,False,False,False,7.208956054467879,False,False,False,False
2025-05-19 19:00:00+00:00,31.515,31.515,31.515,31.515,0.0,,31.502307147912248,31.087809239940395,31.087809239940395,31.108173843700165,30.53715331610681,30.586520525451554,,31.087809239940395,31.087809239940395,,"rgba(38, 166, 154, 1.0)",0.0,0.0,1.0055932003970183,31.474238163146435,0.04053511582762557,0.0,0.0,0.0,0.0,55.10070644477796,11.980441485105672,False,True,True,False,False,20.0,0,1.2749529190207156,0.7250470809792843,False,False,False,False,0.3290302091358727,0.32901690719732546,False,False,False,False,237.0,-155.91408080329876,False,False,False,False,7.097189293933493,False,False,False,False
2025-05-20 14:00:00+00:00,31.515,31.515,31.515,31.515,0.0,,31.502307147912248,31.087809239940395,31.087809239940395,31.108173843700165,30.53715331610681,30.586520525451554,,31.087809239940395,31.087809239940395,,"rgba(38, 166, 154, 1.0)",0.0,0.0,1.0045270277845093,31.474238163146435,0.04057813849316361,0.0,0.0,0.0,0.0,54.90765129143128,11.169809702290046,False,True,True,False,False,20.0,0,1.2749529190207156,0.7250470809792843,False,False,False,False,0.3290302091358727,0.3290235581665991,False,False,False,False,237.0,-149.82238962805383,False,False,False,False,6.9871553513918885,False,False,False,False
2025-05-20 15:00:00+00:00,31.515,31.515,31.515,31.515,0.0,,31.502307147912248,31.087809239940395,31.087809239940395,31.108173843700165,30.53715331610681,30.586520525451554,,31.087809239940395,31.087809239940395,,"rgba(38, 166, 154, 1.0)",0.0,0.0,1.0026937502332331,31.474238163146435,0.04065232963114047,0.0,0.0,0.0,0.0,54.77894785586682,10.408241230987564,False,True,True,False,False,20.0,0,1.2749529190207156,0.7250470809792843,False,False,False,False,0.3290302091358727,0.3290268836512359,False,False,False,False,237.0,-143.8251432772313,False,False,False,False,6.878827361447828,False,False,False,False
2025-05-20 16:00:00+00:00,31.515,31.515,31.515,31.515,0.0,,31.502307147912248,31.087809239940395,31.087809239940395,31.108173843700165,30.53715331610681,30.586520525451554,,31.087809239940395,31.087809239940395,,"rgba(38, 166, 154, 1.0)",0.0,0.0,1.000089149179378,31.474238163146435,0.04075820329318932,0.0,0.0,0.0,0.0,54.69314556549051,9.700813811771717,False,True,True,False,False,20.0,0,1.2749529190207156,0.7250470809792843,False,False,False,False,0.3290302091358727,0.3290285463935543,False,False,False,False,237.0,-137.9208774899874,False,False,False,False,6.7721788752238306,False,False,False,False
2025-05-20 17:00:00+00:00,31.515,31.515,31.515,31.515,0.0,,31.502307147912248,31.087809239940395,31.087809239940395,31.108173843700165,30.53715331610681,30.586520525451554,,31.087809239940395,31.087809239940395,,"rgba(38, 166, 154, 1.0)",0.0,0.0,0.9967071777599588,31.474238163146435,0.040896501764114586,0.0,0.0,0.0,0.0,54.63594403857297,9.05118562523738,False,True,True,False,False,20.0,0,1.2749529190207156,0.7250470809792843,False,False,False,False,0.3290302091358727,0.3290293777647135,False,False,False,False,237.0,-132.1081507071969,False,False,False,False,6.6671838539025305,False,False,False,False
2025-05-20 18:00:00+00:00,31.515,31.515,31.515,31.515,0.0,,31.502307147912248,31.087809239940395,31.087809239940395,31.108173843700165,30.53715331610681,30.586520525451554,,31.087809239940395,31.087809239940395,,"rgba(38, 166, 154, 1.0)",0.0,0.0,0.9925398895925815,31.474238163146435,0.041068210236162674,0.0,0.0,0.0,0.0,54.597809687294614,8.461101983465532,False,True,True,False,False,20.0,0,1.2749529190207156,0.7250470809792843,False,False,False,False,0.3290302091358727,0.32902979345029315,False,False,False,False,237.0,-126.38554371948841,False,False,False,False,6.563816662369158,False,False,False,False
2025-05-20 19:00:00+00:00,31.515,31.515,31.515,31.515,0.0,,31.502307147912248,31.087809239940395,31.087809239940395,31.108173843700165,30.53715331610681,30.586520525451554,,31.087809239940395,31.087809239940395,,"rgba(38, 166, 154, 1.0)",0.0,0.0,0.9875773433048313,31.474238163146435,0.04127457675077915,0.0,0.0,0.0,0.0,54.57238678644238,7.930442134935852,False,True,True,False,False,20.0,1,1.2749529190207156,0.7250470809792843,False,False,False,False,0.3290302091358727,0.3290300012930829,False,False,False,False,237.0,-120.75165932073665,False,False,False,False,6.462052062952582,False,False,False,False
2025-05-21 14:00:00+00:00,31.515,31.515,31.515,31.515,0.0,,31.502307147912248,31.087809239940395,31.087809239940395,31.108173843700165,30.53715331610681,30.586520525451554,,31.087809239940395,31.087809239940395,,"rgba(38, 166, 154, 1.0)",0.0,0.0,0.9818074800733315,31.474238163146435,0.041517138217893094,0.0,0.0,0.0,0.0,54.55543818587422,7.457514533971207,False,True,True,False,False,20.0,0,1.2749529190207156,0.7250470809792843,False,False,False,False,0.3290302091358727,0.32903010521447784,False,False,False,False,237.0,-115.20512196692677,False,False,False,False,6.361865209263394,False,False,False,False
2025-05-21 15:00:00+00:00,31.515,31.515,31.515,31.515,0.0,,31.502307147912248,31.087809239940395,31.087809239940395,31.108173843700165,30.53715331610681,30.586520525451554,,31.087809239940395,31.087809239940395,,"rgba(38, 166, 154, 1.0)",0.0,0.0,0.9752159705363751,31.474238163146435,0.041797753610563364,0.0,0.0,0.0,0.0,54.54413911882878,7.039435759452672,False,True,True,False,False,20.0,0,1.2749529190207156,0.7250470809792843,False,False,False,False,0.3290302091358727,0.32903015717517525,False,False,False,False,237.0,-109.74457744030774,False,False,False,False,6.263231640127527,False,False,False,False
2025-05-21 16:00:00+00:00,31.515,31.515,31.515,31.515,0.0,,31.502307147912248,31.087809239940395,31.087809239940395,31.108173843700165,30.53715331610681,30.586520525451554,,31.087809239940395,31.087809239940395,,"rgba(38, 166, 154, 1.0)",0.0,0.0,0.9677860263471494,31.474238163146435,0.04211864579964948,0.0,0.0,0.0,0.0,54.53660640746516,6.67250544081768,False,True,True,False,False,20.0,0,1.2749529190207156,0.7250470809792843,False,False,False,False,0.3273343085740624,0.32818223287461884,False,False,False,False,237.0,-104.36869251875257,False,False,False,False,6.166127273613922,False,False,False,False
2025-05-21 17:00:00+00:00,31.515,31.515,30.905,30.905,64.0,,31.455177570093458,31.089596371882095,31.089596371882095,31.108177034489948,30.58077565632459,30.602468958930274,,31.089596371882095,31.089596371882095,,"rgba(239, 83, 80, 1.0)",0.0,0.0,0.9557830146906683,31.131708333333343,-0.23719644505998477,0.0,0.0,0.0,0.0,37.34891445537815,-9.111867746048404,False,True,False,True,False,11.247259583872964,0,1.1706827309236951,0.8955823293172692,False,False,False,False,0.26298727335586364,0.29558475311524124,False,False,False,False,173.0,-100.06840271226028,False,False,False,False,7.062776463170295,False,False,False,False
2025-05-21 18:00:00+00:00,30.905,30.905,30.905,30.905,0.0,,31.455177570093458,31.089596371882095,31.089596371882095,31.108177034489948,30.58077565632459,30.602468958930274,,31.089596371882095,31.089596371882095,,"rgba(239, 83, 80, 1.0)",0.0,0.0,0.9432230158651068,31.131708333333343,-0.2403549632696452,0.0,0.0,0.0,0.0,25.890453153986808,-18.66792761950216,False,True,False,True,False,11.247259583872964,0,1.0064377682403436,1.0622317596566522,False,False,False,False,0.20203022167265144,0.24880748739394634,False,False,False,False,173.0,-95.83478406555857,False,False,False,False,6.953276052888585,False,False,False,False
2025-05-21 19:00:00+00:00,30.905,30.905,30.625,30.625,21.0,,31.42734712230216,31.079283509700183,31.079283509700183,31.105634575569365,30.58413853317812,30.603619385342785,,31.079283509700183,31.079283509700183,,"rgba(239, 83, 80, 1.0)",0.0,0.0,0.9302716691259533,31.017893864642623,-0.42234314736443695,0.0,0.0,0.0,0.0,17.900076972998097,-24.859394037572383,False,True,False,True,False,0.17849682419758395,0,0.9568965517241381,1.047413793103448,False,False,False,False,0.17456382143011806,0.2116856544120322,False,False,False,False,152.0,-91.99238431260416,False,False,False,False,7.171054718735273,False,False,False,False
2025-05-22 14:00:00+00:00,30.625,30.625,30.625,30.625,0.0,,31.42734712230216,31.079283509700183,31.079283509700183,31.105634575569365,30.58413853317812,30.603619385342785,,31.079283509700183,31.079283509700183,,"rgba(239, 83, 80, 1.0)",0.0,0.0,0.9168661715739022,31.017893864642623,-0.42851822525873917,0.0,0.0,0.0,0.0,12.573159519005623,-28.791938657474958,False,True,False,True,False,0.17849682419758395,0,0.9525862068965519,1.047413793103448,False,False,False,False,0.14322951629917177,0.17745758535560197,False,False,False,False,152.0,-88.20955664884285,False,False,False,False,7.059875575809144,False,False,False,False
2025-05-22 15:00:00+00:00,30.625,30.625,30.625,30.625,0.0,,31.42734712230216,31.079283509700183,31.079283509700183,31.105634575569365,30.58413853317812,30.603619385342785,,31.079283509700183,31.079283509700183,,"rgba(239, 83, 80, 1.0)",0.0,0.0,0.9029862968241871,31.017893864642623,-0.4351050132481914,0.0,0.0,0.0,0.0,9.021881216343974,-31.441086588993684,False,True,False,True,False,0.17849682419758395,0,0.9510022271714924,1.0824053452115816,False,False,False,False,0.031548907746945055,0.10450324655127351,False,False,False,False,152.0,-84.48537747599256,False,False,False,False,6.9504201405252815,False,False,False,False
2025-05-22 16:00:00+00:00,30.625,30.625,30.625,30.625,0.0,,31.42734712230216,31.079283509700183,31.079283509700183,31.105634575569365,30.58413853317812,30.603619385342785,,31.079283509700183,31.079283509700183,,"rgba(239, 83, 80, 1.0)",0.0,0.0,0.8886098161766001,31.017893864642623,-0.4421444119682564,0.0,0.0,0.0,0.0,6.6543623479028735,-33.3759714208457,False,True,False,True,False,0.17849682419758395,0,0.8878787878787876,1.1121212121212123,False,False,False,False,0.031548907746945055,0.06802607714910928,False,False,False,False,152.0,-80.81893751512446,False,False,False,False,6.842661688734192,False,False,False,False
2025-05-22 17:00:00+00:00,30.625,30.625,30.625,30.625,0.0,,31.42734712230216,31.079283509700183,31.079283509700183,31.105634575569365,30.58413853317812,30.603619385342785,,31.079283509700183,31.079283509700183,,"rgba(239, 83, 80, 1.0)",0.0,0.0,0.8737122157987952,31.017893864642623,-0.4496833826266447,0.0,0.0,0.0,0.0,5.076016435608806,-34.918383607743394,False,True,False,True,False,0.17849682419758395,0,0.8878787878787876,1.1121212121212123,False,False,False,False,0.031548907746945055,0.049787492448027174,False,False,False,False,152.0,-77.20934158465741,False,False,False,False,6.736573910614282,False,False,False,False
2025-05-22 18:00:00+00:00,30.625,30.625,30.625,30.625,0.0,,31.42734712230216,31.079283509700183,31.079283509700183,31.105634575569365,30.58413853317812,30.603619385342785,,31.079283509700183,31.079283509700183,,"rgba(239, 83, 80, 1.0)",0.0,0.0,0.8582663596717208,31.017893864642623,-0.4577761439850696,0.0,0.0,0.0,0.0,4.023785827412761,-36.24261756913208,False,True,False,True,False,0.17849682419758395,0,0.8878787878787876,1.1121212121212123,False,False,False,False,0.031548907746945055,0.04066820009748612,False,False,False,False,152.0,-73.6557083817945,False,False,False,False,6.632130904248169,False,False,False,False
2025-05-22 19:00:00+00:00,30.625,30.625,30.625,30.625,0.0,,31.42734712230216,31.079283509700183,31.079283509700183,31.105634575569365,30.58413853317812,30.603619385342785,,31.079283509700183,31.079283509700183,,"rgba(239, 83, 80, 1.0)",0.0,0.0,0.8422420849908488,31.017893864642623,-0.4664856715713655,0.0,0.0,0.0,0.0,3.3222987552820644,-37.43738194423119,False,True,False,True,False,0.17849682419758395,0,0.8878787878787876,1.1121212121212123,False,False,False,False,0.031548907746945055,0.03610855392221558,False,False,False,False,152.0,-70.15717026734806,False,False,False,False,6.529307169298584,False,False,False,False
2025-05-23 14:00:00+00:00,30.625,30.625,30.625,30.625,0.0,,31.42734712230216,31.079283509700183,31.079283509700183,31.105634575569365,30.58413853317812,30.603619385342785,,31.079283509700183,31.079283509700183,,"rgba(239, 83, 80, 1.0)",0.0,0.0,0.8256057126696703,31.017893864642623,-0.4758855935869988,0.0,0.0,0.0,0.0,2.8546407071949336,-38.543584433428876,False,True,False,True,False,0.17849682419756263,0,0.8878787878787876,1.1121212121212123,False,False,False,False,0.031548907746945055,0.03382873083458032,False,False,False,False,152.0,-66.71287305390081,False,False,False,False,6.428077600782327,False,False,False,False
2025-05-23 15:00:00+00:00,30.625,30.625,30.625,30.625,0.0,,31.42734712230216,31.079283509700183,31.079283509700183,31.105634575569365,30.58413853317812,30.603619385342785,,31.079283509700183,31.079283509700183,,"rgba(239, 83, 80, 1.0)",0.0,0.0,0.8083194500525975,31.017893864642623,-0.48606261375630333,0.0,0.0,0.0,0.0,2.542868675136846,-39.57691869896695,False,True,False,True,False,0.17849682419758395,0,0.8878787878787876,1.1121212121212123,False,False,False,False,0.031548907746945055,0.032688819290762686,False,False,False,False,152.0,-63.32197579725118,False,False,False,False,6.328417482940741,False,False,False,False
2025-05-23 16:00:00+00:00,30.625,30.625,30.625,30.625,0.0,,31.42734712230216,31.079283509700183,31.079283509700183,31.105634575569365,30.58413853317812,30.603619385342785,,31.079283509700183,31.079283509700183,,"rgba(239, 83, 80, 1.0)",0.0,0.0,0.7903406552565486,31.017893864642623,-0.4971196433202438,0.0,0.0,0.0,0.0,2.3350206537647873,-40.54099025266484,False,True,False,True,False,0.17849682419756263,0,0.8878787878787876,1.1121212121212123,False,False,False,False,0.031548907746945055,0.032118863518853874,False,False,False,False,152.0,-59.98365059109224,False,False,False,False,6.230302483205225,False,False,False,False
2025-05-23 17:00:00+00:00,30.625,30.625,30.625,30.625,0.0,,31.42734712230216,31.079283509700183,31.079283509700183,31.105634575569365,30.58413853317812,30.603619385342785,,31.079283509700183,31.079283509700183,,"rgba(239, 83, 80, 1.0)",0.0,0.0,0.771620921727013,31.017893864642623,-0.5091799011401388,0.0,0.0,0.0,0.0,2.196455306183415,-41.43464168991943,False,True,False,True,False,0.17849682419756263,0,0.8878787878787876,1.1121212121212123,False,False,False,False,0.031548907746945055,0.03183388563289946,False,False,False,False,152.0,-56.69708236487376,False,False,False,False,6.133708646256307,False,False,False,False
2025-05-23 18:00:00+00:00,30.625,30.625,30.625,30.625,0.0,,31.42734712230216,31.079283509700183,31.079283509700183,31.105634575569365,30.58413853317812,30.603619385342785,,31.079283509700183,31.079283509700183,,"rgba(239, 83, 80, 1.0)",0.0,0.0,0.7521049260707027,31.017893864642623,-0.5223923564698055,0.0,0.0,0.0,0.0,2.1040784077958334,-42.255792116014995,False,True,False,True,False,0.17849682419756263,0,0.8878787878787876,1.1121212121212123,False,False,False,False,0.031548907746945055,0.031691396689922255,False,False,False,False,152.0,-53.4614686847982,False,False,False,False,6.038612388174814,False,False,False,False
2025-05-23 19:00:00+00:00,30.625,30.625,30.445,30.445,1.0,,31.42569120287253,31.078524878907977,31.078524878907977,31.105448101003837,30.584046511627914,30.60357277882797,,31.078524878907977,31.078524878907977,,"rgba(239, 83, 80, 1.0)",0.0,0.0,0.7332604898301438,30.87625529665783,-0.5881338250718092,0.0,0.0,0.0,0.0,1.7330627246053478,-43.281726467667106,False,True,False,True,False,0.0,0,0.8419540229885055,1.1063218390804601,False,False,False,False,0.0038461572474254775,0.017768776968673867,False,False,True,False,151.0,-50.29152343387109,False,False,False,False,5.960494366652723,False,False,False,False
2025-05-26 14:00:00+00:00,30.445,30.445,30.445,30.445,0.0,,31.42569120287253,31.078524878907977,31.078524878907977,31.105448101003837,30.584046511627914,30.60357277882797,,31.078524878907977,31.078524878907977,,"rgba(239, 83, 80, 1.0)",0.0,0.0,0.7136689052398892,30.87625529665783,-0.6042792301744895,0.0,0.0,0.0,0.0,1.4857189358116907,-44.12289225770594,False,True,False,True,False,0.0,0,0.8419540229885055,1.1580459770114944,False,False,False,False,-0.02385068962138826,-0.0030409563263571974,False,False,True,False,151.0,-47.170724620942856,False,False,False,False,5.868083601278262,False,False,False,False
2025-05-26 15:00:00+00:00,30.445,30.445,30.445,30.445,0.0,,31.42569120287253,31.078524878907977,31.078524878907977,31.105448101003837,30.584046511627914,30.60357277882797,,31.078524878907977,31.078524878907977,,"rgba(239, 83, 80, 1.0)",0.0,0.0,0.6932668323963694,30.87625529665783,-0.6220624967260288,0.0,0.0,0.0,0.0,1.3208230766159192,-44.827000164038346,False,True,False,True,False,0.0,0,0.8419540229885055,1.1580459770114944,False,False,False,False,-0.02385068962138826,-0.013445822973872729,False,False,True,False,151.0,-44.098310285734435,False,False,False,False,5.777105560948367,False,False,False,False
2025-05-26 16:00:00+00:00,30.445,30.445,30.445,30.445,0.0,,31.42569120287253,31.078524878907977,31.078524878907977,31.105448101003837,30.584046511627914,30.60357277882797,,31.078524878907977,31.078524878907977,,"rgba(239, 83, 80, 1.0)",0.0,0.0,0.6719804533836709,30.87625529665783,-0.6417676206001239,0.0,0.0,0.0,0.0,1.2108925038187381,-45.42512046009708,False,True,False,True,False,0.0,0,0.8419540229885055,1.1580459770114944,False,False,False,False,-0.02385068962138826,-0.018648256297630495,False,False,True,False,151.0,-41.07353028130444,False,False,False,False,5.687538032871648,False,False,False,False
2025-05-26 17:00:00+00:00,30.445,30.445,30.445,30.445,0.0,,31.42569120287253,31.078524878907977,31.078524878907977,31.105448101003837,30.584046511627914,30.60357277882797,,31.078524878907977,31.078524878907977,,"rgba(239, 83, 80, 1.0)",0.0,0.0,0.6571907041503365,30.87625529665783,-0.6562102810254884,0.0,0.0,0.0,0.0,1.137605455287284,-45.93807970810615,False,True,False,True,False,0.0,0,0.8419540229885055,1.1580459770114944,False,False,False,False,-0.02385068962138826,-0.02124947295950938,False,False,True,False,151.0,-38.09564609089662,False,False,False,False,5.59935914864108,False,False,False,False
2025-05-26 18:00:00+00:00,30.445,30.445,30.445,30.445,0.0,,31.42569120287253,31.078524878907977,31.078524878907977,31.105448101003837,30.584046511627914,30.60357277882797,,31.078524878907977,31.078524878907977,,"rgba(239, 83, 80, 1.0)",0.0,0.0,0.6419024932268169,30.87625529665783,-0.6718392609599141,0.0,0.0,0.0,0.0,1.0887474229329814,-46.380414738354965,False,True,False,True,False,0.0,0,0.8419540229885055,1.1580459770114944,True,False,False,False,-0.02385068962138826,-0.02255008129044882,False,False,False,False,151.0,-35.163930647626906,True,False,False,False,5.512547378894706,False,False,False,False
2025-05-26 19:00:00+00:00,30.445,30.445,30.445,30.445,0.0,,31.42569120287253,31.078524878907977,31.078524878907977,31.105448101003837,30.584046511627914,30.60357277882797,,31.078524878907977,31.078524878907977,,"rgba(239, 83, 80, 1.0)",0.0,0.0,0.6260793059168219,30.87625529665783,-0.6888189604451254,0.0,0.0,0.0,0.0,1.0561754013634463,-46.76278834996851,False,True,False,True,False,0.0,0,0.8419540229885055,1.1580459770114944,True,False,False,False,-0.02385068962138826,-0.023200385455918543,False,False,False,False,151.0,-32.27766815696602,True,False,False,False,5.427081528059129,False,False,False,False
2025-05-27 14:00:00+00:00,30.445,30.445,30.445,30.445,0.0,,31.42569120287253,31.078524878907977,31.078524878907977,31.105448101003837,30.584046511627914,30.60357277882797,,31.078524878907977,31.078524878907977,,"rgba(239, 83, 80, 1.0)",0.0,0.0,0.6096794904546754,30.87625529665783,-0.7073475545917042,0.0,0.0,0.0,0.0,1.0344607203170897,-47.093446030485126,False,True,False,True,False,0.0,0,0.8419540229885055,1.1580459770114944,True,False,False,False,-0.02385068962138826,-0.023525537538653402,False,False,False,False,151.0,-29.4361539219743,True,False,False,False,5.342940729174491,False,False,False,False
2025-05-27 15:00:00+00:00,30.445,30.445,30.445,30.445,0.0,,31.42569120287253,31.078524878907977,31.078524878907977,31.105448101003837,30.584046511627914,30.60357277882797,,31.078524878907977,31.078524878907977,,"rgba(239, 83, 80, 1.0)",0.0,0.0,0.5926551798155089,30.87625529665783,-0.7276664599338842,0.0,0.0,0.0,0.0,1.019984266286185,-47.37908208874181,False,True,False,True,False,0.0,0,0.8419540229885055,1.1580459770114944,True,False,False,False,-0.02385068962138826,-0.023688113580020834,False,False,False,False,151.0,-26.638694171246012,True,False,False,False,5.260104438799693,False,False,False,False
2025-05-27 16:00:00+00:00,30.445,30.445,30.445,30.445,0.0,,31.42569120287253,31.078524878907977,31.078524878907977,31.105448101003837,30.584046511627914,30.60357277882797,,31.078524878907977,31.078524878907977,,"rgba(239, 83, 80, 1.0)",0.0,0.0,0.574950902721729,30.87625529665783,-0.7500732577622451,0.0,0.0,0.0,0.0,1.0103332969322487,-47.625347453663736,False,True,False,True,False,0.0,0,0.8419540229885055,1.1580459770114944,True,False,False,False,-0.02385068962138826,-0.023769401600704548,False,False,False,False,151.0,-23.884605889521268,True,False,False,False,5.1785524319965965,False,False,False,False
2025-05-27 17:00:00+00:00,30.445,30.445,30.445,30.445,0.0,,31.42569120287253,31.078524878907977,31.078524878907977,31.105448101003837,30.584046511627914,30.60357277882797,,31.078524878907977,31.078524878907977,,"rgba(239, 83, 80, 1.0)",0.0,0.0,0.5565017665885763,30.87625529665783,-0.774939672341884,0.0,0.0,0.0,0.0,1.0038993173629578,-47.83714401841577,False,True,False,True,False,0.0,0,0.8419540229885055,1.1580459770114944,True,False,False,False,-0.02385068962138826,-0.023810045611046403,False,False,False,False,151.0,-21.173216650924036,True,False,False,False,5.098264797391998,False,False,False,False
2025-05-27 18:00:00+00:00,30.445,30.445,30.445,30.445,0.0,,31.42569120287253,31.078524878907977,31.078524878907977,31.105448101003837,30.584046511627914,30.60357277882797,,31.078524878907977,31.078524878907977,,"rgba(239, 83, 80, 1.0)",0.0,0.0,0.5372310389294152,30.87625529665783,-0.8027371194285965,0.0,0.0,0.0,0.0,0.9996099976500973,-48.018794727243154,False,True,False,True,False,0.0,0,0.8419540229885055,1.1580459770114944,True,False,False,False,-0.02385068962138826,-0.023830367616217332,False,False,False,False,151.0,-18.503864454785678,True,False,False,False,5.019221932316153,False,False,False,False
2025-05-27 19:00:00+00:00,30.445,30.445,30.445,30.445,0.0,,31.42569120287253,31.078524878907977,31.078524878907977,31.105448101003837,30.584046511627914,30.60357277882797,,31.078524878907977,31.078524878907977,,"rgba(239, 83, 80, 1.0)",0.0,0.0,0.5170468638909326,30.87625529665783,-0.834073904660219,0.0,0.0,0.0,0.0,0.9967504511748569,-48.17414341910843,False,True,False,True,False,0.0,0,0.8419540229885055,1.1580459770114944,True,False,False,False,-0.02385068962138826,-0.023840528618802797,False,False,False,False,151.0,-15.875897564013805,True,False,False,False,4.941404538016678,False,False,False,False
2025-05-28 14:00:00+00:00,30.445,30.445,30.445,30.445,0.0,,31.42569120287253,31.078524878907977,31.078524878907977,31.105448101003837,30.584046511627914,30.60357277882797,,31.078524878907977,31.078524878907977,,"rgba(239, 83, 80, 1.0)",0.0,0.0,0.5085909877227296,30.87625529665783,-0.8479412869441956,0.0,0.0,0.0,0.0,0.99484408685803,-48.30661644523187,False,True,False,True,False,0.0,0,0.8419540229885055,1.1580459770114944,True,False,False,False,-0.02385068962138826,-0.023845609120095528,False,False,False,False,151.0,-13.288674345967078,True,False,False,False,4.8647936149466515,False,False,False,False
2025-05-28 15:00:00+00:00,30.445,30.445,30.445,30.445,0.0,,31.42569120287253,31.078524878907977,31.078524878907977,31.105448101003837,30.584046511627914,30.60357277882797,,31.078524878907977,31.078524878907977,,"rgba(239, 83, 80, 1.0)",0.0,0.0,0.5014743757656399,30.87625529665783,-0.8599747414798611,0.0,0.0,0.0,0.0,0.9935731773134787,-48.4192645060946,False,True,False,True,False,0.0,0,0.8419540229885055,1.1580459770114944,True,False,False,False,-0.02385068962138826,-0.023848149370741895,False,False,False,False,151.0,-10.741563115797044,True,False,False,False,4.789370458125773,False,False,False,False
2025-05-28 16:00:00+00:00,30.445,30.445,30.445,30.445,0.0,,31.42569120287253,31.078524878907977,31.078524878907977,31.105448101003837,30.584046511627914,30.60357277882797,,31.078524878907977,31.078524878907977,,"rgba(239, 83, 80, 1.0)",0.0,0.0,0.49421913110434934,30.87625529665783,-0.8725993582931045,0.0,0.0,0.0,0.0,0.9927259042837778,-48.514794921328644,False,True,False,True,False,0.0,0,0.8419540229885055,1.1580459770114944,True,False,False,False,-0.02385068962138826,-0.023849419496065078,False,False,False,False,151.0,-8.233941982218795,True,False,False,False,4.715116652573435,False,False,False,False
2025-05-28 17:00:00+00:00,30.445,30.445,30.445,30.445,0.0,,31.42569120287253,31.078524878907977,31.078524878907977,31.105448101003837,30.584046511627914,30.60357277882797,,31.078524878907977,31.078524878907977,,"rgba(239, 83, 80, 1.0)",0.0,0.0,0.49941858087070395,30.87625529665783,-0.8635147212704125,0.0,0.0,0.0,0.0,0.9921610555973106,-48.595599663132745,False,True,False,True,False,0.0,0,0.8419540229885055,1.1580459770114944,True,False,False,False,-0.02385068962138826,-0.02385005455872667,False,False,False,False,151.0,-5.765198695672765,True,False,False,False,4.642014068812607,False,False,False,False
2025-05-28 18:00:00+00:00,30.445,30.445,30.445,30.445,0.0,,31.42569120287253,31.078524878907977,31.078524878907977,31.105448101003837,30.584046511627914,30.60357277882797,,31.078524878907977,31.078524878907977,,"rgba(239, 83, 80, 1.0)",0.0,0.0,0.5042178672534792,30.87625529665783,-0.8552955471548795,0.0,0.0,0.0,0.0,0.9917844898063325,-48.66378167519071,False,True,False,True,False,0.0,0,0.8419540229885055,1.1580459770114944,True,False,False,False,-0.02385068962138826,-0.023850372090057467,False,False,False,False,151.0,-3.334730498840629,True,False,False,False,4.570044858443419,False,False,False,False
2025-05-28 19:00:00+00:00,30.445,30.445,30.445,30.445,0.0,,31.42569120287253,31.078524878907977,31.078524878907977,31.105448101003837,30.584046511627914,30.60357277882797,,31.078524878907977,31.078524878907977,,"rgba(239, 83, 80, 1.0)",0.0,0.0,0.5086283178960406,30.87625529665783,-0.8478790532971778,0.0,0.0,0.0,0.0,0.9915334459456804,-48.72118045367629,False,True,False,True,False,0.0,0,0.8419540229885055,1.1580459770114944,True,False,False,False,-0.02385068962138826,-0.023850530855722862,False,False,False,False,151.0,-0.9419439794787587,True,False,False,False,4.499191449785381,False,False,False,False
2025-05-29 14:00:00+00:00,30.445,30.445,30.445,30.445,0.0,,31.42569120287253,31.078524878907977,31.078524878907977,31.105448101003837,30.584046511627914,30.60357277882797,,31.078524878907977,31.078524878907977,,"rgba(239, 83, 80, 1.0)",0.0,0.0,0.5126599684422742,30.87625529665783,-0.841211179347994,0.0,0.0,0.0,0.0,0.9913660833719123,-48.76939707416775,False,True,False,True,False,0.0,0,0.8419540229885055,1.1580459770114944,True,False,False,False,-0.02385068962138826,-0.023850610238555562,False,False,False,False,151.0,1.4137450744666484,True,False,False,False,4.429436543587158,False,False,False,False
2025-05-29 15:00:00+00:00,30.445,30.445,30.445,30.445,0.0,,31.42569120287253,31.078524878907977,31.078524878907977,31.105448101003837,30.584046511627914,30.60357277882797,,31.078524878907977,31.078524878907977,,"rgba(239, 83, 80, 1.0)",0.0,0.0,0.5163216924457861,30.87625529665783,-0.8352453576277213,0.0,0.0,0.0,0.0,0.9912545083227337,-48.80981849047775,False,True,False,True,False,0.0,0,0.8419540229885055,1.1580459770114944,True,False,False,False,-0.02385068962138826,-0.023850649929971914,False,False,False,False,151.0,3.7329118174981737,True,False,False,False,4.360763108802861,False,False,False,False
2025-05-29 16:00:00+00:00,30.445,30.64,30.445,30.64,74.0,,31.325927099841522,31.03368632170077,31.03368632170077,31.09353515427416,30.583329764453968,30.60260730593607,,31.03368632170077,31.03368632170077,,"rgba(38, 166, 154, 1.0)",0.0,0.0,0.516987043941717,30.575000000000006,0.12572848925653543,1.0,30.64,30.445,574.0,29.42050149034381,-23.587594830602907,True,False,False,True,True,4.182106676235243,0,0.8503401360544216,1.0965986394557825,True,False,False,False,0.0061539081651981725,-0.00884837088238687,False,False,False,False,225.0,7.163409308699752,False,False,False,False,5.440441200139251,False,False,False,False
2025-05-29 17:00:00+00:00,30.64,30.64,30.64,30.64,0.0,,31.325927099841522,31.03368632170077,31.03368632170077,31.09353515427416,30.583329764453968,30.60260730593607,,31.03368632170077,31.03368632170077,,"rgba(38, 166, 154, 1.0)",0.0,0.0,0.5167929691597638,30.575000000000006,0.12577570493204557,0.0,0.0,0.0,0.0,48.3733328116912,-8.207591153190599,True,False,True,False,True,4.182106676235243,0,0.9034013605442176,1.0965986394557825,False,False,False,False,0.036169593664698206,0.013660611391155668,False,False,False,False,225.0,10.540720792285802,False,False,False,False,5.356093274555696,False,False,False,False
2025-05-29 18:00:00+00:00,30.64,30.64,30.64,30.64,0.0,,31.325927099841522,31.03368632170077,31.03368632170077,31.09353515427416,30.583329764453968,30.60260730593607,,31.03368632170077,31.03368632170077,,"rgba(38, 166, 154, 1.0)",0.0,0.0,0.5158534605804102,30.575000000000006,0.12600477648605812,0.0,0.0,0.0,0.0,61.00855369258946,1.1407349060946572,True,False,True,False,True,4.182106676235243,0,0.9034013605442176,1.0965986394557825,False,False,False,False,0.036169593664698206,0.024915102527926936,False,False,False,False,225.0,13.865670857521682,False,False,False,False,5.273053068748631,False,False,False,False
2025-05-29 19:00:00+00:00,30.64,30.64,30.64,30.64,0.0,,31.325927099841522,31.03368632170077,31.03368632170077,31.09353515427416,30.583329764453968,30.60260730593607,,31.03368632170077,31.03368632170077,,"rgba(38, 166, 154, 1.0)",0.0,0.0,0.5146349882889459,30.575000000000006,0.12630311090216703,0.0,0.0,0.0,0.0,69.43203427985497,7.012967500261091,True,False,True,False,True,4.182106676235264,0,0.9034013605442176,1.0965986394557825,False,False,False,False,0.036169593664698206,0.030542348096312573,False,False,False,False,225.0,17.139071309343052,False,False,False,False,5.1913003079928375,False,False,False,False
2025-05-30 14:00:00+00:00,30.64,30.64,30.64,30.64,0.0,,31.325927099841522,31.03368632170077,31.03368632170077,31.09353515427416,30.583329764453968,30.60260730593607,,31.03368632170077,31.03368632170077,,"rgba(38, 166, 154, 1.0)",0.0,0.0,0.512196761530679,30.575000000000006,0.12690435567328529,0.0,0.0,0.0,0.0,75.04768800469864,10.931019808220732,True,False,True,False,True,4.182106676235264,0,0.9034013605442176,1.0965986394557825,False,False,False,False,0.036169593664698206,0.03335597088050539,False,False,False,False,225.0,20.361721366562538,False,False,False,False,5.110815031899925,False,False,False,False
2025-05-30 15:00:00+00:00,30.64,30.64,30.64,30.64,0.0,,31.325927099841522,31.03368632170077,31.03368632170077,31.09353515427416,30.583329764453968,30.60260730593607,,31.03368632170077,31.03368632170077,,"rgba(38, 166, 154, 1.0)",0.0,0.0,0.5094243969581839,30.575000000000006,0.12759498835963623,0.0,0.0,0.0,0.0,78.79145715459441,13.778613864180265,True,False,True,False,True,4.182106676235264,0,0.9034013605442176,1.0965986394557825,False,False,False,False,0.036169593664698206,0.034762782272601794,False,False,False,False,225.0,23.534407857003426,False,False,False,False,5.031577589544887,False,False,False,False
2025-05-30 16:00:00+00:00,30.64,30.64,30.64,30.64,0.0,,31.325927099841522,31.03368632170077,31.03368632170077,31.09353515427416,30.583329764453968,30.60260730593607,,31.03368632170077,31.03368632170077,,"rgba(38, 166, 154, 1.0)",0.0,0.0,0.5063124057854456,30.575000000000006,0.1283792363316859,0.0,0.0,0.0,0.0,81.28730325452494,16.051837025615114,True,False,True,False,True,4.182106676235243,0,0.9034013605442176,1.0965986394557825,False,False,False,False,0.036169593664698206,0.035466187968650004,False,False,False,False,225.0,26.657905409608023,False,False,False,False,4.953568634668222,False,False,False,False
2025-05-30 17:00:00+00:00,30.64,30.64,30.64,30.64,0.0,,31.325927099841522,31.03368632170077,31.03368632170077,31.09353515427416,30.583329764453968,30.60260730593607,,31.03368632170077,31.03368632170077,,"rgba(38, 166, 154, 1.0)",0.0,0.0,0.5028544825599395,30.575000000000006,0.12926204747960315,0.0,0.0,0.0,0.0,82.95120065447863,18.016284654092587,True,False,True,False,True,4.182106676235243,0,0.9034013605442176,1.0965986394557825,False,False,False,False,0.036169593664698206,0.03581789081667411,False,False,False,False,225.0,29.732976643567586,False,False,False,False,4.876769120952435,False,False,False,False
2025-05-30 18:00:00+00:00,30.64,30.64,30.64,30.64,0.0,,31.325927099841522,31.03368632170077,31.03368632170077,31.09353515427416,30.583329764453968,30.60260730593607,,31.03368632170077,31.03368632170077,,"rgba(38, 166, 154, 1.0)",0.0,0.0,0.49904343633730475,30.575000000000006,0.13024918327161508,0.0,0.0,0.0,0.0,84.06046558778108,19.804371880335466,True,False,True,False,True,4.182106676235243,0,0.9034013605442176,1.0965986394557825,False,False,False,False,0.036169593664698206,0.03599374224068616,False,False,False,False,225.0,32.76037235452003,False,False,False,False,4.801160297371777,False,False,False,False
2025-05-30 19:00:00+00:00,30.64,30.64,30.64,30.64,0.0,,31.325927099841522,31.03368632170077,31.03368632170077,31.09353515427416,30.583329764453968,30.60260730593607,,31.03368632170077,31.03368632170077,,"rgba(38, 166, 154, 1.0)",0.0,0.0,0.49487110889039476,30.575000000000006,0.13134733233010482,0.0,0.0,0.0,0.0,84.79997554331605,21.474620856096635,True,False,True,False,True,4.182106676235264,0,0.9034013605442176,1.0965986394557825,False,False,False,False,0.036169593664698206,0.03608166795269219,False,False,False,False,225.0,35.740831697860806,False,False,False,False,4.726723703614075,False,False,False,False
2025-06-02 14:00:00+00:00,30.64,30.64,30.64,30.64,0.0,,31.325927099841522,31.03368632170077,31.03368632170077,31.09353515427416,30.583329764453968,30.60260730593607,,31.03368632170077,31.03368632170077,,"rgba(38, 166, 154, 1.0)",0.0,0.0,0.49032827760574316,30.575000000000006,0.13256424923601598,0.0,0.0,0.0,0.0,85.29298218033937,23.047013989851166,True,False,True,False,True,4.182106676235243,0,0.9034013605442176,1.0965986394557825,False,False,False,False,0.036169593664698206,0.0361256308086952,False,False,False,False,225.0,38.6750823692118,False,False,False,False,4.653441165573547,False,False,False,False
2025-06-02 15:00:00+00:00,30.64,30.64,30.64,30.64,0.0,,31.325927099841522,31.03368632170077,31.03368632170077,31.09353515427416,30.583329764453968,30.60260730593607,,31.03368632170077,31.03368632170077,,"rgba(38, 166, 154, 1.0)",0.0,0.0,0.48540454011840767,30.575000000000006,0.13390892467577317,0.0,0.0,0.0,0.0,85.62165327168825,24.523464057592662,True,False,True,False,True,4.182106676235243,0,0.9034013605442176,1.0965986394557825,False,False,False,False,0.036169593664698206,0.0361476122366967,False,False,False,False,225.0,41.56384078209224,False,False,False,False,4.581294790913492,False,False,False,False
2025-06-02 16:00:00+00:00,30.64,30.64,30.64,30.64,0.0,,31.325927099841522,31.03368632170077,31.03368632170077,31.09353515427416,30.583329764453968,30.60260730593607,,31.03368632170077,31.03368632170077,,"rgba(38, 166, 154, 1.0)",0.0,0.0,0.48008817696091344,30.575000000000006,0.13539179492288594,0.0,0.0,0.0,0.0,85.84076733258749,25.89917282585708,True,False,True,False,True,4.182106676235243,0,0.9034013605442176,1.0965986394557825,False,False,False,False,0.036169593664698206,0.03615860295069745,False,False,False,False,225.0,44.407812242835,False,False,False,False,4.510266964697778,False,False,False,False
2025-06-02 17:00:00+00:00,30.64,30.64,30.64,30.64,0.0,,31.325927099841522,31.03368632170077,31.03368632170077,31.09353515427416,30.583329764453968,30.60260730593607,,31.03368632170077,31.03368632170077,,"rgba(38, 166, 154, 1.0)",0.0,0.0,0.4743659874928705,30.575000000000006,0.1370250011884992,0.0,0.0,0.0,0.0,85.98684337318699,27.16852565537954,True,False,True,False,True,4.182106676235243,0,0.9034013605442176,1.0965986394557825,False,False,False,False,0.036169593664698206,0.03616409830769783,False,False,False,False,225.0,47.20769112279105,False,False,False,False,4.4403403450900605,False,False,False,False
2025-06-02 18:00:00+00:00,30.64,30.64,30.64,30.64,0.0,,31.325927099841522,31.03368632170077,31.03368632170077,31.09353515427416,30.583329764453968,30.60260730593607,,31.03368632170077,31.03368632170077,,"rgba(38, 166, 154, 1.0)",0.0,0.0,0.468223093049522,30.575000000000006,0.13882271285820455,0.0,0.0,0.0,0.0,86.08422740025333,28.327801133362257,True,False,True,False,True,4.182106676235243,0,0.9034013605442176,1.0965986394557825,False,False,False,False,0.036169593664698206,0.036166845986198015,False,False,False,False,225.0,49.96416102786406,False,False,False,False,4.371497859119672,False,False,False,False
2025-06-02 19:00:00+00:00,30.64,30.64,30.61,30.61,349.0,,31.0745306122449,30.911333333333335,30.911333333333335,31.04818285766558,30.59330475448169,30.604998030720754,,30.911333333333335,30.911333333333335,,"rgba(239, 83, 80, 1.0)",0.0,0.0,0.4618611975104237,30.616851063829774,-0.01483359906981555,-1.0,30.64,30.61,589.0,73.58745441864889,31.603690404438282,True,False,True,False,False,1.9993497996153238,0,0.8960863697705799,1.095816464237517,False,False,False,False,0.031548907746945055,0.03385787686657153,False,False,False,False,-124.0,47.267042252238255,False,False,False,False,9.71457541169146,False,False,False,False
2025-06-03 14:00:00+00:00,30.61,30.61,30.61,30.61,0.0,,31.0745306122449,30.911333333333335,30.911333333333335,31.04818285766558,30.59330475448169,30.604998030720754,,30.911333333333335,30.911333333333335,,"rgba(239, 83, 80, 1.0)",0.0,0.0,0.455026412459797,30.616851063829774,-0.015056409127414839,0.0,0.0,0.0,0.0,65.2562724309126,23.951255396138976,True,False,True,False,False,1.9993497996153238,0,0.8960863697705799,1.1039136302294201,False,False,False,False,0.02692956818452493,0.03039372252554823,False,False,False,False,-124.0,44.6117392715834,False,False,False,False,9.563961839417173,False,False,False,False
2025-06-03 15:00:00+00:00,30.61,30.61,30.61,30.61,0.0,,31.0745306122449,30.911333333333335,30.911333333333335,31.04818285766558,30.59330475448169,30.604998030720754,,30.911333333333335,30.911333333333335,,"rgba(239, 83, 80, 1.0)",0.0,0.0,0.4476970802626184,30.616851063829774,-0.015302900402557225,0.0,0.0,0.0,0.0,59.70215110575508,19.03914495172782,True,False,True,False,False,1.9993497996153238,0,0.8960863697705799,1.1039136302294201,False,False,False,False,0.02692956818452493,0.028661645355036583,False,False,False,False,-124.0,41.99760377900071,False,False,False,False,9.415683361286675,False,False,False,False
2025-06-03 16:00:00+00:00,30.61,30.61,30.61,30.61,0.0,,31.0745306122449,30.911333333333335,30.911333333333335,31.04818285766558,30.59330475448169,30.604998030720754,,30.911333333333335,30.911333333333335,,"rgba(239, 83, 80, 1.0)",0.0,0.0,0.43984847923425036,30.616851063829774,-0.01557596343563994,0.0,0.0,0.0,0.0,55.99940355565006,15.744079366472079,True,False,True,False,False,1.9993497996153238,0,0.8960863697705799,1.1039136302294201,False,False,False,False,0.02692956818452493,0.027795606769780757,False,False,False,False,-124.0,39.42399751886117,False,False,False,False,9.269703774289981,False,False,False,False
2025-06-03 17:00:00+00:00,30.61,30.61,30.61,30.61,0.0,,31.0745306122449,30.911333333333335,30.911333333333335,31.04818285766558,30.59330475448169,30.604998030720754,,30.911333333333335,30.911333333333335,,"rgba(239, 83, 80, 1.0)",0.0,0.0,0.4314522720569004,30.616851063829774,-0.015879076953547695,0.0,0.0,0.0,0.0,53.53090518891339,13.393560261479713,True,False,False,False,False,1.9993497996153238,0,0.8960863697705799,1.1039136302294201,False,False,False,False,0.02692956818452493,0.027362587477152846,False,False,False,False,-124.0,36.890292130971844,False,False,False,False,9.12598743670409,False,False,False,False
2025-06-03 18:00:00+00:00,30.61,30.61,30.61,30.61,0.0,,31.0745306122449,30.911333333333335,30.911333333333335,31.04818285766558,30.59330475448169,30.604998030720754,,30.911333333333335,30.911333333333335,,"rgba(239, 83, 80, 1.0)",0.0,0.0,0.42247581091798597,30.616851063829774,-0.016216464121077207,0.0,0.0,0.0,0.0,51.885239611088934,11.59346176605142,True,False,False,False,False,1.9993497996153025,0,0.8960863697705799,1.1039136302294201,False,False,False,False,0.02692956818452493,0.02714607783083889,False,False,False,False,-124.0,34.39586899715833,False,False,False,False,8.984499259390848,False,False,False,False
2025-06-03 19:00:00+00:00,30.61,31.08,30.61,31.08,36.0,,31.069173228346457,30.911688596491228,30.911688596491228,31.046961503623198,30.602312357846856,30.60944854368932,,30.911688596491228,30.911688596491228,,"rgba(38, 166, 154, 1.0)",0.0,0.0,0.4171069709621555,30.74401164587048,0.8055208316333882,1.0,31.08,30.61,595.0,66.77134578157116,6.061678963025415,True,False,True,False,True,20.0,0,0.9077844311377242,0.9796407185628749,False,False,False,False,0.09955838695631715,0.06335223239357801,False,False,False,False,-88.0,32.49825862510936,False,False,False,False,9.403344232113469,False,False,False,False
2025-06-04 14:00:00+00:00,31.08,31.08,31.08,31.08,0.0,,31.069173228346457,30.911688596491228,30.911688596491228,31.046961503623198,30.602312357846856,30.60944854368932,,30.911688596491228,30.911688596491228,,"rgba(38, 166, 154, 1.0)",0.0,0.0,0.41073294188505133,30.74401164587048,0.8180214437817103,0.0,0.0,0.0,0.0,76.69541656189264,14.780804753363299,True,False,True,False,True,20.0,0,1.0203592814371252,0.9796407185628749,False,False,False,False,0.1732513137787639,0.11830177308617096,False,False,False,False,-88.0,30.63006856890611,False,False,False,False,9.257555949445042,False,False,False,False
2025-06-04 15:00:00+00:00,31.08,31.08,31.08,31.08,0.0,,31.069173228346457,30.911688596491228,30.911688596491228,31.046961503623198,30.602312357846856,30.60944854368932,,30.911688596491228,30.911688596491228,,"rgba(38, 166, 154, 1.0)",0.0,0.0,0.4034746829973591,30.74401164587048,0.8327371413579329,0.0,0.0,0.0,0.0,83.31146374877363,20.440666900307846,True,False,True,False,True,20.0,0,1.0203592814371252,0.9796407185628749,False,False,False,False,0.1732513137787639,0.14577654343246743,False,False,False,False,-88.0,28.790842699620747,False,False,False,False,9.11402795022884,False,False,False,False
2025-06-04 16:00:00+00:00,31.08,31.08,31.08,31.08,0.0,,31.069173228346457,30.911688596491228,30.911688596491228,31.046961503623198,30.602312357846856,30.60944854368932,,30.911688596491228,30.911688596491228,,"rgba(38, 166, 154, 1.0)",0.0,0.0,0.39599734961347993,30.74401164587048,0.8484611183823989,0.0,0.0,0.0,0.0,87.72216187336096,24.313168660815762,True,False,True,False,True,20.0,0,1.0203592814371252,0.9796407185628749,False,False,False,False,0.1732513137787639,0.15951392860561567,False,False,False,False,-88.0,26.980131960091743,False,False,False,False,8.972725191310563,False,False,False,False
2025-06-04 17:00:00+00:00,31.08,31.08,31.08,31.08,0.0,,31.069173228346457,30.911688596491228,30.911688596491228,31.046961503623198,30.602312357846856,30.60944854368932,,30.911688596491228,30.911688596491228,,"rgba(38, 166, 154, 1.0)",0.0,0.0,0.3882882856754665,30.74401164587048,0.8653064398917765,0.0,0.0,0.0,0.0,90.66262728975252,27.151501591059144,True,False,True,False,True,20.0,0,1.0203592814371252,0.9796407185628749,False,False,False,False,0.1732513137787639,0.16638262119218977,False,False,False,False,-88.0,25.19749425528412,False,False,False,False,8.83361317284063,False,False,False,False
2025-06-04 18:00:00+00:00,31.08,31.08,31.08,31.08,0.0,,31.069173228346457,30.911688596491228,30.911688596491228,31.046961503623198,30.602312357846856,30.60944854368932,,30.911688596491228,30.911688596491228,,"rgba(38, 166, 154, 1.0)",0.0,0.0,0.3803334004468915,30.74401164587048,0.883404806768832,0.0,0.0,0.0,0.0,92.6229375673469,29.390861077706973,True,False,True,False,True,20.0,0,1.0203592814371252,0.9796407185628749,False,False,False,False,0.1732513137787639,0.16981696748547684,False,False,False,False,-88.0,23.442494344349484,False,False,False,False,8.696657929850852,False,False,False,False
2025-06-04 19:00:00+00:00,31.08,31.08,31.08,31.08,0.0,,31.069173228346457,30.911688596491228,30.911688596491228,31.046961503623198,30.602312357846856,30.60944854368932,,30.911688596491228,30.911688596491228,,"rgba(38, 166, 154, 1.0)",0.0,0.0,0.37211692921581685,30.74401164587048,0.9029106921783063,0.0,0.0,0.0,0.0,93.92981108574313,31.2749217976434,True,False,True,False,True,20.0,0,1.0203592814371252,0.9796407185628749,False,False,False,False,0.1732513137787639,0.17153414063212036,False,False,False,False,-88.0,21.71470373435957,False,False,False,False,8.561826023961691,False,False,False,False
2025-06-05 14:00:00+00:00,31.08,31.08,31.08,31.08,0.0,,31.069173228346457,30.911688596491228,30.911688596491228,31.046961503623198,30.602312357846856,30.60944854368932,,30.911688596491228,30.911688596491228,,"rgba(38, 166, 154, 1.0)",0.0,0.0,0.3636211398328399,30.74401164587048,0.9240066578196637,0.0,0.0,0.0,0.0,94.8010600980073,32.934641289190864,True,False,True,False,True,20.0,0,1.0203592814371252,0.9796407185628749,False,False,False,False,0.1732513137787639,0.17239272720544213,False,False,False,False,-88.0,20.01370057568733,False,False,False,False,8.429084535218099,False,False,False,False
2025-06-05 15:00:00+00:00,31.08,31.08,31.08,31.08,0.0,,31.069173228346457,30.911688596491228,30.911688596491228,31.046961503623198,30.602312357846856,30.60944854368932,,30.911688596491228,30.911688596491228,,"rgba(38, 166, 154, 1.0)",0.0,0.0,0.35482596927010424,30.74401164587048,0.9469102693375707,0.0,0.0,0.0,0.0,95.38189277285008,34.43666855564334,True,False,True,False,True,20.0,0,1.0203592814371252,0.9796407185628749,False,False,False,False,0.1732513137787639,0.17282202049210302,False,False,False,False,-88.0,18.33906955901001,False,False,False,False,8.298401054051926,False,False,False,False
2025-06-05 16:00:00+00:00,31.08,31.08,31.08,31.08,0.0,,31.069173228346457,30.911688596491228,30.911688596491228,31.046961503623198,30.602312357846856,30.60944854368932,,30.911688596491228,30.911688596491228,,"rgba(38, 166, 154, 1.0)",0.0,0.0,0.34570856861584304,30.74401164587048,0.9718832121366211,0.0,0.0,0.0,0.0,95.76911455607859,35.812541667867464,True,False,True,False,True,20.0,0,1.0203592814371252,0.9796407185628749,False,False,False,False,0.1732513137787639,0.17303666713543348,False,False,False,False,-88.0,16.69040181390908,False,False,False,False,8.16974367336895,False,False,False,False
2025-06-05 17:00:00+00:00,31.08,31.08,31.08,31.08,0.0,,31.069173228346457,30.911688596491228,30.911688596491228,31.046961503623198,30.602312357846856,30.60944854368932,,30.911688596491228,30.911688596491228,,"rgba(38, 166, 154, 1.0)",0.0,0.0,0.33624272656991694,30.74401164587048,0.9992434856718155,0.0,0.0,0.0,0.0,96.02726241156427,37.07587450389022,True,False,True,False,True,20.0,0,1.0203592814371252,0.9796407185628749,False,False,False,False,0.1732513137787639,0.1731439904570987,False,False,False,False,-88.0,15.067294809042272,False,False,False,False,8.043080980758578,False,False,False,False
2025-06-05 18:00:00+00:00,31.08,31.08,31.08,31.08,0.0,,31.069173228346457,30.911688596491228,30.911688596491228,31.046961503623198,30.602312357846856,30.60944854368932,,30.911688596491228,30.911688596491228,,"rgba(38, 166, 154, 1.0)",0.0,0.0,0.32639812919001177,30.74401164587048,1.0293819850110855,0.0,0.0,0.0,0.0,96.19936098188805,38.23213712103231,True,False,True,False,True,20.0,0,1.0203592814371252,0.9796407185628749,False,False,False,False,0.1732513137787639,0.1731976521179313,False,False,False,False,-88.0,13.46935225386332,False,False,False,False,7.918382050824336,False,False,False,False
2025-06-05 19:00:00+00:00,31.08,31.08,31.08,31.08,0.0,,31.069173228346457,30.911688596491228,30.911688596491228,31.046961503623198,30.602312357846856,30.60944854368932,,30.911688596491228,30.911688596491228,,"rgba(38, 166, 154, 1.0)",0.0,0.0,0.3161393950729932,30.74401164587048,1.062785465417693,0.0,0.0,0.0,0.0,96.3140933621039,39.28395020762453,True,False,True,False,True,20.0,0,1.0203592814371252,0.9796407185628749,False,False,False,False,0.1732513137787639,0.1732244829483476,False,False,False,False,-88.0,11.89618400186544,False,False,False,False,7.795616437633261,False,False,False,False
2025-06-06 14:00:00+00:00,31.08,31.08,31.08,31.08,0.0,,31.069173228346457,30.911688596491228,30.911688596491228,31.046961503623198,30.602312357846856,30.60944854368932,,30.911688596491228,30.911688596491228,,"rgba(38, 166, 154, 1.0)",0.0,0.0,0.3054247964823868,30.74401164587048,1.1000690120747767,0.0,0.0,0.0,0.0,96.39058161558114,40.23372701401408,True,False,True,False,True,20.0,0,1.0203592814371252,0.9796407185628749,False,False,False,False,0.1732513137787639,0.17323789836355574,False,False,False,False,-88.0,10.34740595532489,False,False,False,False,7.674754167282358,False,False,False,False
2025-06-06 15:00:00+00:00,31.08,31.08,31.08,31.08,0.0,,31.069173228346457,30.911688596491228,30.911688596491228,31.046961503623198,30.602312357846856,30.60944854368932,,30.911688596491228,30.911688596491228,,"rgba(38, 166, 154, 1.0)",0.0,0.0,0.2942045314170186,30.74401164587048,1.1420230426474096,0.0,0.0,0.0,0.0,96.44157378456597,41.084798824027004,True,False,True,False,True,20.0,0,1.0203592814371252,0.9796407185628749,False,False,False,False,0.1522713063096901,0.16275460233662292,False,False,False,False,-88.0,8.822639971521403,False,False,False,False,7.555765730580306,False,False,False,False
2025-06-06 16:00:00+00:00,31.08,31.08,31.08,31.08,0.0,,31.069173228346457,30.911688596491228,30.911688596491228,31.046961503623198,30.602312357846856,30.60944854368932,,30.911688596491228,30.911688596491228,,"rgba(38, 166, 154, 1.0)",0.0,0.0,0.2824183370766112,30.74401164587048,1.189683211109539,0.0,0.0,0.0,0.0,96.4755685638892,41.841716094097436,True,False,True,False,True,20.0,0,1.0216284987277346,0.9783715012722654,False,False,False,False,0.1522713063096901,0.1575129543231565,False,False,False,False,-88.0,7.321513770412543,False,False,False,False,7.438622075842626,False,False,False,False
2025-06-06 17:00:00+00:00,31.08,31.08,31.08,31.08,0.0,,31.069173228346457,30.911688596491228,30.911688596491228,31.046961503623198,30.602312357846856,30.60944854368932,,30.911688596491228,30.911688596491228,,"rgba(38, 166, 154, 1.0)",0.0,0.0,0.2699921086601237,30.74401164587048,1.2444376830008534,0.0,0.0,0.0,0.0,96.49823175010468,42.51013745456126,True,False,True,False,True,20.0,0,1.0216284987277346,0.9783715012722654,False,False,False,False,0.1522713063096901,0.1548921303164233,False,False,False,False,-88.0,5.843660843739481,False,False,False,False,7.323294601798554,False,False,False,False
2025-06-06 18:00:00+00:00,31.08,31.12,31.08,31.12,100.0,,31.072532855436084,30.926504559270516,30.926504559270516,31.048541005291018,30.637855297157625,30.628036137071653,,30.926504559270516,30.926504559270516,,"rgba(38, 166, 154, 1.0)",0.0,0.0,0.25766253507637343,31.092107843137246,0.10825072746601588,1.0,31.12,31.08,612.0,96.9399224432475,43.480468081730464,True,False,True,False,True,20.0,0,1.0214105793450874,0.9685138539042821,False,False,False,False,0.15938877517417713,0.1571404527453002,False,False,False,False,12.0,5.939107962441194,False,False,False,False,8.760142747507103,False,False,False,False
2025-06-06 19:00:00+00:00,31.12,31.12,31.12,31.12,0.0,,31.072532855436084,30.926504559270516,30.926504559270516,31.048541005291018,30.637855297157625,30.628036137071653,,30.926504559270516,30.926504559270516,,"rgba(38, 166, 154, 1.0)",0.0,0.0,0.24459762877019361,31.092107843137246,0.11403281790994273,0.0,0.0,0.0,0.0,97.23438290534271,44.22219022985374,True,False,True,False,True,20.0,0,1.0314861460957179,0.9685138539042821,False,False,False,False,0.16652229379270977,0.16183137326900499,False,False,False,False,12.0,6.033075280852959,False,False,False,False,8.624326580879085,False,False,False,False
2025-06-09 14:00:00+00:00,31.12,31.12,31.12,31.12,0.0,,31.072532855436084,30.926504559270516,30.926504559270516,31.048541005291018,30.637855297157625,30.628036137071653,,30.926504559270516,30.926504559270516,,"rgba(38, 166, 154, 1.0)",0.0,0.0,0.24826273862057674,31.092107843137246,0.11234934818544483,0.0,0.0,0.0,0.0,97.43068988007286,44.80560169318838,True,False,True,False,True,20.0,0,1.0314861460957179,0.9685138539042821,False,False,False,False,0.16652229379270977,0.16417683353085738,False,False,False,False,12.0,6.125585741614929,False,False,False,False,8.490616091253052,False,False,False,False
2025-06-09 15:00:00+00:00,31.12,31.12,31.12,31.12,0.0,,31.072532855436084,30.926504559270516,30.926504559270516,31.048541005291018,30.637855297157625,30.628036137071653,,30.926504559270516,30.926504559270516,,"rgba(38, 166, 154, 1.0)",0.0,0.0,0.25184145234079025,31.092107843137246,0.11075284312215515,0.0,0.0,0.0,0.0,97.56156119655962,45.276136278208725,True,False,True,False,True,20.0,0,1.0314861460957179,0.9685138539042821,False,False,False,False,0.16652229379270977,0.16534956366178358,False,False,False,False,12.0,6.21666193166741,False,False,False,False,8.358978632473935,False,False,False,False
2025-06-09 16:00:00+00:00,31.33,31.33,31.33,31.33,1.0,31.33,31.072763354222626,30.926810933940775,30.926810933940775,31.04861544564931,30.638342723004698,30.62829845540608,,30.926810933940775,30.926810933940775,,"rgba(38, 166, 154, 1.0)",0.0,0.0,0.2617422568272275,31.107744935077456,0.8491371153311713,0.0,0.0,0.0,0.0,98.19799234171012,46.157725797439696,True,False,True,False,True,20.0,0,1.0299043062200957,0.9700956937799043,False,False,False,False,0.24259712598106814,0.20397334482142587,False,False,False,False,13.0,6.321829963734582,False,False,False,False,8.244885940497594,False,False,False,False
2025-06-09 17:00:00+00:00,31.33,31.33,31.33,31.33,0.0,31.33,31.072763354222626,30.926810933940775,30.926810933940775,31.04861544564931,30.638342723004698,30.62829845540608,,30.926810933940775,30.926810933940775,,"rgba(38, 166, 154, 1.0)",0.0,0.0,0.27095164290477003,31.107744935077456,0.8202757604265842,0.0,0.0,0.0,0.0,98.62227977181044,46.77809650571231,True,False,True,False,True,20.0,0,1.0299043062200957,0.9700956937799043,False,False,False,False,0.24259712598106814,0.223285235401247,False,False,False,False,13.0,6.425367483676681,False,False,False,False,8.117058251497632,False,False,False,False
2025-06-09 18:00:00+00:00,31.33,31.33,31.33,31.33,0.0,31.33,31.072763354222626,30.926810933940775,30.926810933940775,31.04861544564931,30.638342723004698,30.62829845540608,,30.926810933940775,30.926810933940775,,"rgba(38, 166, 154, 1.0)",0.0,0.0,0.2795379553271248,31.107744935077456,0.7950800980226537,0.0,0.0,0.0,0.0,98.905138058544,47.231929592446704,True,False,True,False,True,20.0,0,1.0299043062200957,0.9700956937799043,False,False,False,False,0.2317826710216565,0.22753395321145176,False,False,False,False,13.0,6.527299770751462,False,False,False,False,7.991212387133327,False,False,False,False
2025-06-09 19:00:00+00:00,31.33,31.33,31.33,31.33,0.0,31.33,31.072763354222626,30.926810933940775,30.926810933940775,31.04861544564931,30.638342723004698,30.62829845540608,,30.926810933940775,30.926810933940775,,"rgba(38, 166, 154, 1.0)",0.0,0.0,0.28755701353998847,31.107744935077456,0.7729078216053845,0.0,0.0,0.0,0.0,99.09371024969971,47.57799677513127,True,False,True,False,True,20.0,0,1.0328947368421053,1.0671052631578946,False,False,False,False,0.2161170342593962,0.22182549373542398,False,False,False,False,13.0,6.6276517122901994,False,False,False,False,7.867317621441337,False,False,False,False
2025-06-10 14:00:00+00:00,31.33,31.33,31.33,31.33,0.0,31.33,31.072763354222626,30.926810933940775,30.926810933940775,31.04861544564931,30.638342723004698,30.62829845540608,,30.926810933940775,30.926810933940775,,"rgba(38, 166, 154, 1.0)",0.0,0.0,0.29505507197046543,31.107744935077456,0.7532663764708641,0.0,0.0,0.0,0.0,99.21942504380351,47.8525654233859,True,False,True,False,True,20.0,0,0.9319092122830444,1.0827770360480637,False,False,False,False,0.21381407129199362,0.21781978251370882,False,False,False,False,13.0,6.726447809774072,False,False,False,False,7.7453437048298435,False,False,False,False
2025-06-10 15:00:00+00:00,31.33,31.33,31.33,31.33,0.0,31.33,31.072763354222626,30.926810933940775,30.926810933940775,31.04861544564931,30.638342723004698,30.62829845540608,,30.926810933940775,30.926810933940775,,"rgba(38, 166, 154, 1.0)",0.0,0.0,0.3020709301585438,31.107744935077456,0.7357711144395477,0.0,0.0,0.0,0.0,99.30323490653939,48.07793515132141,True,False,True,False,True,20.0,0,0.9172229639519363,1.0827770360480637,False,False,False,False,0.17982663860078868,0.19882321055724875,False,False,False,False,13.0,6.823712184816335,False,False,False,False,7.625260856692947,False,False,False,False
2025-06-10 16:00:00+00:00,31.33,31.33,31.33,31.33,0.0,31.33,31.072763354222626,30.926810933940775,30.926810933940775,31.04861544564931,30.638342723004698,30.62829845540608,,30.926810933940775,30.926810933940775,,"rgba(38, 166, 154, 1.0)",0.0,0.0,0.3086374735674381,31.107744935077456,0.7201169137161798,0.0,0.0,0.0,0.0,99.3591081483633,48.26783137289944,True,False,True,False,True,20.0,0,0.8732106339468308,1.1267893660531692,False,False,False,False,0.17982663860078868,0.18932492457901873,False,False,False,False,13.0,6.919468585051741,False,False,False,False,7.507039758139568,False,False,False,False
2025-06-10 17:00:00+00:00,31.33,31.33,31.33,31.33,0.0,31.33,31.072763354222626,30.926810933940775,30.926810933940775,31.04861544564931,30.638342723004698,30.62829845540608,,30.926810933940775,30.926810933940775,,"rgba(38, 166, 154, 1.0)",0.0,0.0,0.3147828223159996,31.107744935077456,0.7060584287519615,0.0,0.0,0.0,0.0,99.3963569762459,48.43078109605494,True,False,True,False,True,20.0,0,0.8732106339468308,1.1267893660531692,False,False,False,False,0.17982663860078868,0.1845757815899037,False,False,False,False,13.0,7.013740389934659,False,False,False,False,7.3906515448350785,False,False,False,False
2025-06-10 18:00:00+00:00,31.33,31.33,31.33,31.33,0.0,31.33,31.072763354222626,30.926810933940775,30.926810933940775,31.04861544564931,30.638342723004698,30.62829845540608,,30.926810933940775,30.926810933940775,,"rgba(38, 166, 154, 1.0)",0.0,0.0,0.32053120324276263,31.107744935077456,0.6933960334408126,0.0,0.0,0.0,0.0,99.42118952816764,48.572202000966826,True,False,True,False,True,20.0,0,0.8732106339468308,1.1267893660531692,False,False,False,False,0.17982663860078868,0.18220121009534618,False,False,False,False,13.0,7.1065506164473,False,False,False,False,7.276067799953914,False,False,False,False
2025-06-10 19:00:00+00:00,31.33,31.33,31.33,31.33,0.0,31.33,31.072763354222626,30.926810933940775,30.926810933940775,31.04861544564931,30.638342723004698,30.62829845540608,,30.926810933940775,30.926810933940775,,"rgba(38, 166, 154, 1.0)",0.0,0.0,0.32590362251925353,31.107744935077456,0.6819656167197475,0.0,0.0,0.0,0.0,99.43774456278214,48.69567757912159,True,False,True,False,True,20.0,0,0.8732106339468308,1.1267893660531692,False,False,False,False,0.17982663860078868,0.18101392434806743,False,False,False,False,13.0,7.197921924719435,False,False,False,False,7.16326054724145,False,False,False,False
2025-06-11 14:00:00+00:00,31.33,31.33,31.33,31.33,0.0,31.33,31.072763354222626,30.926810933940775,30.926810933940775,31.04861544564931,30.638342723004698,30.62829845540608,,30.926810933940775,30.926810933940775,,"rgba(38, 166, 154, 1.0)",0.0,0.0,0.3309183917251847,31.107744935077456,0.6716310440282721,0.0,0.0,0.0,0.0,99.44878125252512,48.80372242710247,True,False,True,False,True,20.0,0,0.8732106339468308,1.1267893660531692,False,False,False,False,0.17982663860078868,0.18042028147442807,False,False,False,False,13.0,7.287876623560995,False,False,False,False,7.052202244183443,False,False,False,False
2025-06-11 15:00:00+00:00,31.33,31.33,31.33,31.33,0.0,31.33,31.072763354222626,30.926810933940775,30.926810933940775,31.04861544564931,30.638342723004698,30.62829845540608,,30.926810933940775,30.926810933940775,,"rgba(38, 166, 154, 1.0)",0.0,0.0,0.33559154441774214,31.107744935077456,0.6622785008131221,0.0,0.0,0.0,0.0,99.45613904568711,48.89823201523741,True,False,True,False,True,20.0,0,0.8732106339468308,1.1267893660531692,False,False,False,False,0.17982663860078868,0.18012346003760837,False,False,False,False,13.0,7.376436675908886,False,False,False,False,6.942865775281374,False,False,False,False
2025-06-11 16:00:00+00:00,31.33,31.33,31.33,31.33,0.0,31.33,31.072763354222626,30.926810933940775,30.926810933940775,31.04861544564931,30.638342723004698,30.62829845540608,,30.926810933940775,30.926810933940775,,"rgba(38, 166, 154, 1.0)",0.0,0.0,0.3378244919886478,31.107744935077456,0.657900981702686,0.0,0.0,0.0,0.0,99.46104424112843,48.980740121135284,True,False,True,False,True,20.0,0,0.8700209643605876,1.1551362683438144,False,False,False,False,0.17982663860078868,0.17997504931919853,False,False,False,False,13.0,7.463623704189369,False,False,False,False,6.83522444543205,False,False,False,False
2025-06-11 17:00:00+00:00,31.33,31.33,31.33,31.33,0.0,31.33,31.072763354222626,30.926810933940775,30.926810933940775,31.04861544564931,30.638342723004698,30.62829845540608,,30.926810933940775,30.926810933940775,,"rgba(38, 166, 154, 1.0)",0.0,0.0,0.3396275119109865,31.107744935077456,0.6544083065355251,0.0,0.0,0.0,0.0,99.46431437142266,49.05256126589201,True,False,True,False,True,20.0,0,0.8398268398268408,1.192640692640693,False,False,False,False,0.17982663860078868,0.17990084395999362,False,False,False,False,13.0,7.549458995597286,False,False,False,False,6.7292519734098475,False,False,False,False
2025-06-11 18:00:00+00:00,31.33,31.545,31.33,31.545,100.0,31.471914191419142,31.105677896466727,30.965379910609272,30.965379910609272,31.059558962466728,30.69327631578948,30.658739193083576,,30.965379910609272,30.965379910609272,,"rgba(38, 166, 154, 1.0)",0.0,0.0,0.3459300038556469,31.390851928476422,0.4456048038779073,1.0,31.545,31.33,630.0,99.6078161354209,49.242055626967655,True,False,True,False,True,20.0,0,0.8376237623762377,1.077227722772276,False,True,False,False,0.2443588803791735,0.21212986216958357,False,False,False,False,113.0,9.184351104192677,False,False,False,False,8.17531008234923,False,False,False,False
2025-06-11 19:00:00+00:00,31.545,31.545,31.545,31.545,0.0,31.471914191419142,31.105677896466727,30.965379910609272,30.965379910609272,31.059558962466728,30.69327631578948,30.658739193083576,,30.965379910609272,30.965379910609272,,"rgba(38, 166, 154, 1.0)",0.0,0.0,0.3515000032037729,31.390851928476422,0.4385435849746378,0.0,0.0,0.0,0.0,99.70348397808641,49.37222236783427,True,False,True,False,True,20.0,0,0.9207317073170747,1.1056910569105667,False,False,False,False,0.31095351068025534,0.2615416864249195,False,False,False,False,113.0,10.79389604831372,False,False,False,False,8.048561088824435,False,False,False,False
2025-06-12 14:00:00+00:00,31.545,31.545,31.545,31.545,0.0,31.471914191419142,31.105677896466727,30.965379910609272,30.965379910609272,31.059558962466728,30.69327631578948,30.658739193083576,,30.965379910609272,30.965379910609272,,"rgba(38, 166, 154, 1.0)",0.0,0.0,0.35637185761631185,31.390851928476422,0.4325483851464582,0.0,0.0,0.0,0.0,99.7672625398634,49.46495283269236,True,False,True,False,True,20.0,0,0.8943089430894333,1.1056910569105667,False,False,False,False,0.31095351068025534,0.2862475985525874,False,False,False,False,113.0,12.37848680725459,False,False,False,False,7.923777195974444,False,False,False,False
2025-06-12 15:00:00+00:00,31.545,31.545,31.545,31.545,0.0,31.471914191419142,31.105677896466727,30.965379910609272,30.965379910609272,31.059558962466728,30.69327631578948,30.658739193083576,,30.965379910609272,30.965379910609272,,"rgba(38, 166, 154, 1.0)",0.0,0.0,0.36057386693091514,31.390851928476422,0.42750760845658714,0.0,0.0,0.0,0.0,99.80978158104807,49.53384157601731,True,False,True,False,True,20.0,0,0.8943089430894333,1.1056910569105667,False,False,False,False,0.31095351068025534,0.2986005546164214,False,False,False,False,113.0,13.938510267607231,False,False,False,False,7.800927937122127,False,False,False,False
2025-06-12 16:00:00+00:00,31.545,31.545,31.545,31.545,0.0,31.471914191419142,31.105677896466727,30.965379910609272,30.965379910609272,31.059558962466728,30.69327631578948,30.658739193083576,,30.965379910609272,30.965379910609272,,"rgba(38, 166, 154, 1.0)",0.0,0.0,0.3641292216920934,31.390851928476422,0.4233334276421418,0.0,0.0,0.0,0.0,99.83812760850452,49.58726721029913,True,False,True,False,True,20.0,0,0.8943089430894333,1.1056910569105667,False,False,False,False,0.31095351068025534,0.30477703264833833,False,False,False,False,113.0,15.474347317721847,False,False,False,False,7.679983317941939,False,False,False,False
2025-06-12 17:00:00+00:00,31.545,31.545,31.545,31.545,0.0,31.471914191419142,31.105677896466727,30.965379910609272,30.965379910609272,31.059558962466728,30.69327631578948,30.658739193083576,,30.965379910609272,30.965379910609272,,"rgba(38, 166, 154, 1.0)",0.0,0.0,0.3670567130984394,31.390851928476422,0.41995709660877095,0.0,0.0,0.0,0.0,99.85702496014216,49.63036019106944,True,False,True,False,True,20.0,0,0.8943089430894333,1.1056910569105667,False,False,False,False,0.31095351068025534,0.30786527166429684,False,False,False,False,113.0,16.986372940702903,False,False,False,False,7.560913809136637,False,False,False,False
2025-06-12 18:00:00+00:00,31.545,31.545,31.545,31.545,0.0,31.471914191419142,31.105677896466727,30.965379910609272,30.965379910609272,31.059558962466728,30.69327631578948,30.658739193083576,,30.965379910609272,30.965379910609272,,"rgba(38, 166, 154, 1.0)",0.0,0.0,0.3693712700456471,31.390851928476422,0.4173255583860908,0.0,0.0,0.0,0.0,99.86962319456723,49.66625039545984,True,False,True,False,True,20.0,0,0.8943089430894333,1.1056910569105667,False,False,False,False,0.31095351068025534,0.30940939117227606,False,False,False,False,113.0,18.47495630596332,False,False,False,False,7.443690339227541,False,False,False,False
2025-06-12 19:00:00+00:00,31.545,31.545,31.42,31.42,2.0,31.471715210355985,31.106261963357948,30.96607939863754,30.96607939863754,31.05976607434116,30.694286027157254,30.659317254619634,,30.96607939863754,30.96607939863754,,"rgba(239, 83, 80, 1.0)",0.0,0.0,0.3686929067116135,31.450910215587186,-0.08383729392266731,-1.0,31.545,31.42,637.0,82.72503044026038,34.61982074205636,False,True,True,False,False,20.0,0,0.8510638297872365,1.1005802707930343,False,False,False,False,0.27194607457731446,0.29067773287479526,False,False,False,False,111.0,19.909453107421253,False,False,False,False,7.359292039394556,False,False,False,False
2025-06-13 14:00:00+00:00,31.42,31.42,31.42,31.42,0.0,31.471715210355985,31.106261963357948,30.96607939863754,30.96607939863754,31.05976607434116,30.694286027157254,30.659317254619634,,30.96607939863754,30.96607939863754,,"rgba(239, 83, 80, 1.0)",0.0,0.0,0.36754757000450305,31.450910215587186,-0.08409854426953604,0.0,0.0,0.0,0.0,71.29530193738916,25.339780679121105,False,True,True,False,False,20.0,0,0.8510638297872365,1.1489361702127636,False,False,False,False,0.23373039656094668,0.26220406471787094,False,False,False,False,111.0,21.321709648391465,False,False,False,False,7.245194488396191,False,False,False,False
2025-06-13 15:00:00+00:00,31.42,31.42,31.42,31.42,0.0,31.471715210355985,31.106261963357948,30.96607939863754,30.96607939863754,31.05976607434116,30.694286027157254,30.659317254619634,,30.96607939863754,30.96607939863754,,"rgba(239, 83, 80, 1.0)",0.0,0.0,0.3659308751737192,31.450910215587186,-0.08447009444751012,0.0,0.0,0.0,0.0,63.67548293547501,19.695965029288118,False,True,True,False,False,20.0,0,0.8510638297872365,1.1489361702127636,False,False,False,False,0.23373039656094668,0.24796723063940881,False,False,False,False,111.0,22.712070739114075,False,False,False,False,7.13286589167687,False,False,False,False
2025-06-13 16:00:00+00:00,31.42,31.42,31.42,31.42,0.0,31.471715210355985,31.106261963357948,30.96607939863754,30.96607939863754,31.05976607434116,30.694286027157254,30.659317254619634,,30.96607939863754,30.96607939863754,,"rgba(239, 83, 80, 1.0)",0.0,0.0,0.3638365388839135,31.450910215587186,-0.08495632594242103,0.0,0.0,0.0,0.0,58.59560360086557,16.147896489719045,False,True,True,False,False,20.0,0,0.8510638297872365,1.1489361702127636,False,False,False,False,0.23373039656094668,0.24084881360017774,False,False,False,False,111.0,24.08087584393401,False,False,False,False,7.022278823588856,False,False,False,False
2025-06-13 17:00:00+00:00,31.42,31.42,31.42,31.42,0.0,31.471715210355985,31.106261963357948,30.96607939863754,30.96607939863754,31.05976607434116,30.694286027157254,30.659317254619634,,30.96607939863754,30.96607939863754,,"rgba(239, 83, 80, 1.0)",0.0,0.0,0.3612562540373236,31.450910215587186,-0.08556312933475353,0.0,0.0,0.0,0.0,55.20901737779262,13.778236082225085,False,True,True,False,False,20.0,0,0.8510638297872365,1.1489361702127636,False,False,False,False,0.23373039656094668,0.2372896050805622,False,False,False,False,111.0,25.428459164183092,False,False,False,False,6.9134062836882535,False,False,False,False
2025-06-13 18:00:00+00:00,31.42,31.42,31.42,31.42,0.0,31.471715210355985,31.106261963357948,30.96607939863754,30.96607939863754,31.05976607434116,30.694286027157254,30.659317254619634,,30.96607939863754,30.96607939863754,,"rgba(239, 83, 80, 1.0)",0.0,0.0,0.3581795186321596,31.450910215587186,-0.08629811024713568,0.0,0.0,0.0,0.0,52.95129322907732,12.054348122174574,False,True,False,False,False,20.0,0,0.8510638297872365,1.1489361702127636,False,False,False,False,0.23373039656094668,0.23551000082075446,False,False,False,False,111.0,26.75514971977715,False,False,False,False,6.806221690142699,False,False,False,False
2025-06-13 19:00:00+00:00,31.42,31.42,31.42,31.42,0.0,31.471715210355985,31.106261963357948,30.96607939863754,30.96607939863754,31.05976607434116,30.694286027157254,30.659317254619634,,30.96607939863754,30.96607939863754,,"rgba(239, 83, 80, 1.0)",0.0,0.0,0.35459341010019385,31.450910215587186,-0.08717086868154181,0.0,0.0,0.0,0.0,51.44614379660045,10.677246597966963,False,True,False,False,False,20.0,0,0.8510638297872365,1.1489361702127636,False,False,False,False,0.23373039656094668,0.23462019869085057,False,False,False,False,111.0,28.061271429548047,False,False,False,False,6.700698873241262,False,False,False,False
2025-06-16 14:00:00+00:00,31.42,31.42,31.42,31.42,0.0,31.471715210355985,31.106261963357948,30.96607939863754,30.96607939863754,31.05976607434116,30.694286027157254,30.659317254619634,,30.96607939863754,30.96607939863754,,"rgba(239, 83, 80, 1.0)",0.0,0.0,0.35048229318730983,31.450910215587186,-0.08819337292644513,0.0,0.0,0.0,0.0,50.44271084161588,9.486863487718509,False,True,False,False,False,20.0,0,0.8510638297872365,1.1489361702127636,False,False,False,False,0.23373039656094668,0.23417529762589862,False,False,False,False,111.0,29.347143190330247,False,False,False,False,6.5968120690049625,False,False,False,False
2025-06-16 15:00:00+00:00,31.42,31.42,31.42,31.42,0.0,31.471715210355985,31.106261963357948,30.96607939863754,30.96607939863754,31.05976607434116,30.694286027157254,30.659317254619634,,30.96607939863754,30.96607939863754,,"rgba(239, 83, 80, 1.0)",0.0,0.0,0.3458274448646593,31.450910215587186,-0.08938045850953476,0.0,0.0,0.0,0.0,49.77375553829282,8.403389509514774,False,True,False,False,False,20.0,0,0.8510638297872365,1.1489361702127636,False,False,False,False,0.23373039656094668,0.23395284709342265,False,False,False,False,111.0,30.613078954821248,False,False,False,False,6.4945359128963585,False,False,False,False
2025-06-16 16:00:00+00:00,31.42,31.42,31.42,31.42,0.0,31.471715210355985,31.106261963357948,30.96607939863754,30.96607939863754,31.05976607434116,30.694286027157254,30.659317254619634,,30.96607939863754,30.96607939863754,,"rgba(239, 83, 80, 1.0)",0.0,0.0,0.34060657339199274,31.450910215587186,-0.09075049632589023,0.0,0.0,0.0,0.0,49.327785336077454,7.391539016748432,False,True,False,False,False,20.0,0,0.8510638297872365,1.1489361702127636,False,False,False,False,0.23373039656094668,0.23384162182718465,False,False,False,False,111.0,31.85938780823487,False,False,False,False,6.393845433626647,False,False,False,False
2025-06-16 17:00:00+00:00,31.42,31.42,31.42,31.42,0.0,31.471715210355985,31.106261963357948,30.96607939863754,30.96607939863754,31.05976607434116,30.694286027157254,30.659317254619634,,30.96607939863754,30.96607939863754,,"rgba(239, 83, 80, 1.0)",0.0,0.0,0.3347931995821949,31.450910215587186,-0.09232629463728205,0.0,0.0,0.0,0.0,49.03047186793387,6.439243362239743,False,True,False,False,False,20.0,0,0.8510638297872365,1.1489361702127636,False,False,False,False,0.26075325971269764,0.24729744076994115,False,False,False,False,111.0,33.086374043766114,False,False,False,False,6.294716047058792,False,False,False,False
2025-06-16 18:00:00+00:00,31.42,31.42,31.42,31.42,0.0,31.471715210355985,31.106261963357948,30.96607939863754,30.96607939863754,31.05976607434116,30.694286027157254,30.659317254619634,,30.96607939863754,30.96607939863754,,"rgba(239, 83, 80, 1.0)",0.0,0.0,0.32835585508342047,31.450910215587186,-0.09413633138757706,0.0,0.0,0.0,0.0,48.83226288917149,5.545315822307693,False,True,False,False,False,20.0,0,0.9072164948453634,1.1587628865979356,False,False,False,False,0.26075325971269764,0.2540253502413194,False,False,False,False,111.0,34.294337236886015,False,False,False,False,6.197123550205167,False,False,False,False
2025-06-16 19:00:00+00:00,31.42,31.42,31.42,31.42,0.0,31.471715210355985,31.106261963357948,30.96607939863754,30.96607939863754,31.05976607434116,30.694286027157254,30.659317254619634,,30.96607939863754,30.96607939863754,,"rgba(239, 83, 80, 1.0)",0.0,0.0,0.3259005817564395,31.450910215587186,-0.09484553669893331,0.0,0.0,0.0,0.0,48.70012356999656,4.7126084385762255,False,True,False,False,False,20.0,0,0.9014675052410921,1.1153039832285092,False,False,False,False,0.26075325971269764,0.2573893049770085,False,False,False,False,111.0,35.48357231848468,False,False,False,False,6.101044115318265,False,False,False,False
2025-06-17 14:00:00+00:00,31.42,31.42,31.42,31.42,0.0,31.471715210355985,31.106261963357948,30.96607939863754,30.96607939863754,31.05976607434116,30.694286027157254,30.659317254619634,,30.96607939863754,30.96607939863754,,"rgba(239, 83, 80, 1.0)",0.0,0.0,0.32308755402764117,31.450910215587186,-0.09567132872143887,0.0,0.0,0.0,0.0,48.61203069054662,3.9444618910119047,False,True,False,False,False,20.0,1,0.8832271762208092,1.1295116772823761,False,False,False,False,0.26075325971269764,0.2590712823448531,False,False,False,False,111.0,36.65436964688027,False,False,False,False,6.006454284073021,False,False,False,False
2025-06-17 15:00:00+00:00,31.42,31.42,31.42,31.42,0.0,31.471715210355985,31.106261963357948,30.96607939863754,30.96607939863754,31.05976607434116,30.694286027157254,30.659317254619634,,30.96607939863754,30.96607939863754,,"rgba(239, 83, 80, 1.0)",0.0,0.0,0.3199073345559601,31.450910215587186,-0.09662240357848718,0.0,0.0,0.0,0.0,48.553302104246654,3.243074567730126,False,True,False,False,False,20.0,0,0.8704883227176239,1.1295116772823761,False,False,False,False,0.26075325971269764,0.25991227102877534,False,False,False,False,111.0,37.80701507871158,False,False,False,False,5.91333096183933,False,False,False,False
2025-06-17 16:00:00+00:00,31.42,31.42,31.42,31.42,0.0,31.471715210355985,31.106261963357948,30.96607939863754,30.96607939863754,31.05976607434116,30.694286027157254,30.659317254619634,,30.96607939863754,30.96607939863754,,"rgba(239, 83, 80, 1.0)",0.0,0.0,0.3163488495231029,31.450910215587186,-0.0977092713748805,0.0,0.0,0.0,0.0,48.51414971338001,2.608944925742442,False,True,False,False,False,20.0,0,0.8704883227176239,1.1295116772823761,False,False,False,False,0.26075325971269764,0.26033276537073646,False,False,False,False,111.0,38.941790038731554,False,False,False,False,5.821651412043371,False,False,False,False
2025-06-17 17:00:00+00:00,31.42,31.42,31.42,31.42,0.0,31.471715210355985,31.106261963357948,30.96607939863754,30.96607939863754,31.05976607434116,30.694286027157254,30.659317254619634,,30.96607939863754,30.96607939863754,,"rgba(239, 83, 80, 1.0)",0.0,0.0,0.31239917292342395,31.450910215587186,-0.09894461402674995,0.0,0.0,0.0,0.0,48.488048119468914,2.0408762420104978,False,True,False,False,False,20.0,0,0.8704883227176239,1.1295116772823761,False,False,False,False,0.26075325971269764,0.2605430125417171,False,False,False,False,111.0,40.05897158851866,False,False,False,False,5.731393250616342,False,False,False,False
2025-06-17 18:00:00+00:00,31.42,31.42,31.42,31.42,0.0,31.471715210355985,31.106261963357948,30.96607939863754,30.96607939863754,31.05976607434116,30.694286027157254,30.659317254619634,,30.96607939863754,30.96607939863754,,"rgba(239, 83, 80, 1.0)",0.0,0.0,0.3080432577555377,31.450910215587186,-0.10034374981099038,0.0,0.0,0.0,0.0,48.47064705686151,1.53624322327682,False,True,False,False,False,20.0,0,0.8704883227176239,1.1295116772823761,False,False,False,False,0.26075325971269764,0.2606481361272074,False,False,False,False,111.0,41.15883249412302,False,False,False,False,5.642534440529267,False,False,False,False
2025-06-17 19:00:00+00:00,31.42,31.42,31.42,31.42,0.0,31.471715210355985,31.106261963357948,30.96607939863754,30.96607939863754,31.05976607434116,30.694286027157254,30.659317254619634,,30.96607939863754,30.96607939863754,,"rgba(239, 83, 80, 1.0)",0.0,0.0,0.30326359954799503,31.450910215587186,-0.10192524138490347,0.0,0.0,0.0,0.0,48.45904634845658,1.091350287134965,False,True,False,False,False,20.0,0,0.8704883227176239,1.1295116772823761,False,False,False,False,0.26075325971269764,0.26070069791995254,False,False,False,False,111.0,42.24164129266374,False,False,False,False,5.555053286412534,False,False,False,False
2025-06-18 14:00:00+00:00,31.42,31.42,31.42,31.42,0.0,31.471715210355985,31.106261963357948,30.96607939863754,30.96607939863754,31.05976607434116,30.694286027157254,30.659317254619634,,30.96607939863754,30.96607939863754,,"rgba(239, 83, 80, 1.0)",0.0,0.0,0.2980398123233295,31.450910215587186,-0.10371169994447267,0.0,0.0,0.0,0.0,48.45131254285329,0.7017906787932304,False,True,False,False,False,20.0,0,0.8704883227176239,1.1295116772823761,False,False,False,False,0.26075325971269764,0.2607269788163251,False,False,False,False,111.0,43.30766235789376,False,False,False,False,5.468928429258851,False,False,False,False
2025-06-18 15:00:00+00:00,31.42,31.42,31.42,31.42,0.0,31.471715210355985,31.106261963357948,30.96607939863754,30.96607939863754,31.05976607434116,30.694286027157254,30.659317254619634,,30.96607939863754,30.96607939863754,,"rgba(239, 83, 80, 1.0)",0.0,0.0,0.2923480894505743,31.450910215587186,-0.10573086229253406,0.0,0.0,0.0,0.0,48.446156672451096,0.3627627562410538,False,True,False,False,False,20.0,0,0.8704883227176239,1.1295116772823761,False,False,False,False,0.26075325971269764,0.26074011926451135,False,False,False,False,111.0,44.35715596474812,False,False,False,False,5.384138841208325,False,False,False,False
2025-06-18 16:00:00+00:00,31.42,31.42,31.42,31.42,0.0,31.471715210355985,31.106261963357948,30.96607939863754,30.96607939863754,31.05976607434116,30.694286027157254,30.659317254619634,,30.96607939863754,30.96607939863754,,"rgba(239, 83, 80, 1.0)",0.0,0.0,0.28616051061918607,31.450910215587186,-0.1080170549049603,0.0,0.0,0.0,0.0,48.442719425516295,0.0693268772721467,False,True,False,False,False,20.0,0,0.8704883227176239,1.1295116772823761,False,False,False,False,0.26075325971269764,0.26074668948860447,False,False,False,False,111.0,45.39037835289155,False,False,False,False,5.300663820414398,False,False,False,False
2025-06-18 17:00:00+00:00,31.42,31.42,31.42,31.42,0.0,31.471715210355985,31.106261963357948,30.96607939863754,30.96607939863754,31.05976607434116,30.694286027157254,30.659317254619634,,30.96607939863754,30.96607939863754,,"rgba(239, 83, 80, 1.0)",0.0,0.0,0.27944413936782136,31.450910215587186,-0.11061321828796056,0.0,0.0,0.0,0.0,48.44042792755976,-0.1833988934607973,False,True,False,False,False,20.0,0,0.8704883227176239,1.1295116772823761,False,False,False,False,0.26075325971269764,0.2607499746006511,False,False,False,False,111.0,46.407581789280826,False,False,False,False,5.218482985989368,False,False,False,False
2025-06-18 18:00:00+00:00,31.42,31.42,31.42,31.42,0.0,31.471715210355985,31.106261963357948,30.96607939863754,30.96607939863754,31.05976607434116,30.694286027157254,30.659317254619634,,30.96607939863754,30.96607939863754,,"rgba(239, 83, 80, 1.0)",0.0,0.0,0.27215982982976794,31.450910215587186,-0.11357376144201,0.0,0.0,0.0,0.0,48.43890026225541,-0.4000986539707938,False,True,False,False,False,20.0,0,0.8704883227176239,1.1295116772823761,False,False,False,False,0.26075325971269764,0.2607516171566744,False,False,False,False,111.0,47.40901462975709,False,False,False,False,5.137576273028293,False,False,False,False
2025-06-18 19:00:00+00:00,31.42,31.42,31.42,31.42,0.0,31.471715210355985,31.106261963357948,30.96607939863754,30.96607939863754,31.05976607434116,30.694286027157254,30.659317254619634,,30.96607939863754,30.96607939863754,,"rgba(239, 83, 80, 1.0)",0.0,0.0,0.2642606207433693,31.450910215587186,-0.11696867849713352,0.0,0.0,0.0,0.0,48.43788181871917,-0.5851654374359683,False,True,False,False,False,20.0,0,0.8704883227176239,1.1295116772823761,False,False,False,False,0.26075325971269764,0.260752438434686,False,False,False,False,111.0,48.39492137968333,False,False,False,False,5.057923927710024,False,False,False,False
2025-06-19 14:00:00+00:00,31.42,31.42,31.42,31.42,0.0,31.471715210355985,31.106261963357948,30.96607939863754,30.96607939863754,31.05976607434116,30.694286027157254,30.659317254619634,,30.96607939863754,30.96607939863754,,"rgba(239, 83, 80, 1.0)",0.0,0.0,0.25568952879445467,31.450910215587186,-0.12088964195335664,0.0,0.0,0.0,0.0,48.43720285636168,-0.7426455508660297,False,True,False,False,False,20.0,0,0.8704883227176239,1.1295116772823761,False,False,False,False,0.26075325971269764,0.2607528490736918,False,False,False,False,111.0,49.365542753641726,False,False,False,False,4.97950650247421,False,False,False,False
2025-06-19 15:00:00+00:00,31.42,31.42,31.42,31.42,0.0,31.471715210355985,31.106261963357948,30.96607939863754,30.96607939863754,31.05976607434116,30.694286027157254,30.659317254619634,,30.96607939863754,30.96607939863754,,"rgba(239, 83, 80, 1.0)",0.0,0.0,0.24637644236279246,31.450910215587186,-0.1254592983434204,0.0,0.0,0.0,0.0,48.436750214790024,-0.8762117286778519,False,True,False,False,False,20.0,0,0.8704883227176239,1.1295116772823761,False,False,False,False,0.26075325971269764,0.26075305439319474,False,False,False,False,111.0,50.32111573420542,False,False,False,False,4.902304851273059,False,False,False,False
2025-06-19 16:00:00+00:00,31.42,31.42,31.42,31.42,0.0,31.471715210355985,31.106261963357948,30.96607939863754,30.96607939863754,31.05976607434116,30.694286027157254,30.659317254619634,,30.96607939863754,30.96607939863754,,"rgba(239, 83, 80, 1.0)",0.0,0.0,0.23512825712213367,31.450910215587186,-0.13146108411431073,0.0,0.0,0.0,0.0,48.43644845374226,-0.9891574990758372,False,True,False,False,False,20.0,0,0.8704883227176239,1.1295116772823761,False,False,False,False,0.26075325971269764,0.2607531570529462,False,False,False,False,111.0,51.26187362979913,False,False,False,False,4.826300124896733,False,False,False,False
2025-06-19 17:00:00+00:00,31.42,31.42,31.42,31.42,0.0,31.471715210355985,31.106261963357948,30.96607939863754,30.96607939863754,31.05976607434116,30.694286027157254,30.659317254619634,,30.96607939863754,30.96607939863754,,"rgba(239, 83, 80, 1.0)",0.0,0.0,0.22278422477995502,31.450910215587186,-0.13874508223243479,0.0,0.0,0.0,0.0,48.436247279710415,-1.0844064835759113,False,True,False,False,False,20.0,0,0.8704883227176239,1.1295116772823761,False,False,False,False,0.26075325971269764,0.2607532083828219,False,False,False,False,111.0,52.18804613166271,False,False,False,False,4.751473766371202,False,False,False,False
2025-06-19 18:00:00+00:00,31.42,31.42,31.42,31.42,0.0,31.471715210355985,31.106261963357948,30.96607939863754,30.96607939863754,31.05976607434116,30.694286027157254,30.659317254619634,,30.96607939863754,30.96607939863754,,"rgba(239, 83, 80, 1.0)",0.0,0.0,0.20915040495271917,31.450910215587186,-0.14778941305024823,0.0,0.0,0.0,0.0,48.43611316368918,-1.1645316361632396,False,True,False,False,False,20.0,0,0.8704883227176239,1.1295116772823761,False,False,False,False,0.26075325971269764,0.26075323404775974,False,False,False,False,111.0,53.0998593699315,False,False,False,False,4.677807506427462,False,False,False,False
2025-06-19 19:00:00+00:00,31.42,31.42,31.42,31.42,0.0,31.471715210355985,31.106261963357948,30.96607939863754,30.96607939863754,31.05976607434116,30.694286027157254,30.659317254619634,,30.96607939863754,30.96607939863754,,"rgba(239, 83, 80, 1.0)",0.0,0.0,0.1939549961731713,31.450910215587186,-0.1593679781240909,0.0,0.0,0.0,0.0,48.43602375300835,-1.2317805771841819,False,True,False,False,False,20.0,0,1.1747851002865344,1.1747851002865304,False,False,False,False,0.26075325971269764,0.2607532468802287,False,False,False,False,111.0,53.99753596884729,False,False,False,False,4.60528335904099,False,False,False,False
2025-06-20 14:00:00+00:00,31.42,31.42,31.42,31.42,0.0,31.471715210355985,31.106261963357948,30.96607939863754,30.96607939863754,31.05976607434116,30.694286027157254,30.659317254619634,,30.96607939863754,30.96607939863754,,"rgba(239, 83, 80, 1.0)",0.0,0.0,0.1767958052577915,31.450910215587186,-0.17483568426362234,0.0,0.0,0.0,0.0,48.4359641458878,-1.288104149802649,False,True,False,False,False,20.0,0,1.1747851002865344,0.8252148997134656,False,False,False,False,0.26075325971269764,0.26075325329646315,False,False,False,False,111.0,54.88129510111322,False,False,False,False,4.533883617040354,False,False,False,False
2025-06-20 15:00:00+00:00,31.42,31.42,31.42,31.42,0.0,31.471715210355985,31.106261963357948,30.96607939863754,30.96607939863754,31.05976607434116,30.694286027157254,30.659317254619634,,30.96607939863754,30.96607939863754,,"rgba(239, 83, 80, 1.0)",0.0,0.0,0.15703038094755606,31.450910215587186,-0.19684226326564974,0.0,0.0,0.0,0.0,48.435924407807434,-1.3351861201660356,False,True,False,False,False,20.0,0,1.3993174061433469,0.7918088737201348,False,False,False,False,0.26075325971269764,0.26075325650458037,False,False,False,False,111.0,55.751352541406035,False,False,False,False,4.463590847783914,False,True,False,False
2025-06-20 16:00:00+00:00,31.42,31.42,31.42,31.42,0.0,31.471715210355985,31.106261963357948,30.96607939863754,30.96607939863754,31.05976607434116,30.694286027157254,30.659317254619634,,30.96607939863754,30.96607939863754,,"rgba(239, 83, 80, 1.0)",0.0,0.0,0.15484808015575102,31.450910215587186,-0.19961639534757963,0.0,0.0,0.0,0.0,48.435897915753856,-1.374472570556442,False,True,False,False,False,20.0,0,1.3993174061433469,0.6006825938566532,False,False,False,False,0.26075325971269764,0.26075325810863903,False,False,False,False,111.0,56.607920719058654,False,False,False,False,4.394387888903543,False,True,False,False
2025-06-20 17:00:00+00:00,31.42,31.42,31.42,31.42,0.0,31.471715210355985,31.106261963357948,30.96607939863754,30.96607939863754,31.05976607434116,30.694286027157254,30.659317254619634,,30.96607939863754,30.96607939863754,,"rgba(239, 83, 80, 1.0)",0.0,0.0,0.15249805788157286,31.450910215587186,-0.20269251960696044,0.0,0.0,0.0,0.0,48.435880254384806,-1.4072000196717482,False,True,False,False,False,20.0,0,1.3993174061433469,0.6006825938566532,False,False,False,False,0.26075325971269764,0.26075325891066836,False,False,False,False,111.0,57.45120876992596,False,False,False,False,4.32625784411434,False,True,False,False
2025-06-20 18:00:00+00:00,31.42,31.42,31.42,31.42,0.0,31.471715210355985,31.106261963357948,30.96607939863754,30.96607939863754,31.05976607434116,30.694286027157254,30.659317254619634,,30.96607939863754,30.96607939863754,,"rgba(239, 83, 80, 1.0)",0.0,0.0,0.14997242989871026,31.450910215587186,-0.206105986334025,0.0,0.0,0.0,0.0,48.43586848013877,-1.4344216696885184,False,True,False,False,False,20.0,0,1.3993174061433469,0.6006825938566532,False,False,False,False,0.26075325971269764,0.260753259311683,False,False,False,False,111.0,58.281422587446485,False,False,False,False,4.259184079089311,False,True,False,False
2025-06-20 19:00:00+00:00,31.42,31.42,31.42,31.42,0.0,31.471715210355985,31.106261963357948,30.96607939863754,30.96607939863754,31.05976607434116,30.694286027157254,30.659317254619634,,30.96607939863754,30.96607939863754,,"rgba(239, 83, 80, 1.0)",0.0,0.0,0.14726216127755948,31.450910215587186,-0.2098992390103835,0.0,0.0,0.0,0.0,48.435860630641415,-1.4570314487363234,False,True,False,False,False,20.0,0,1.3993174061433469,0.6006825938566532,False,False,False,False,0.26075325971269764,0.2607532595121903,False,False,False,False,111.0,59.098764872912426,False,False,False,False,4.193150217398004,False,True,False,False
2025-06-23 14:00:00+00:00,31.42,31.42,31.42,31.42,0.0,31.471715210355985,31.106261963357948,30.96607939863754,30.96607939863754,31.05976607434116,30.694286027157254,30.659317254619634,,30.96607939863754,30.96607939863754,,"rgba(239, 83, 80, 1.0)",0.0,0.0,0.14435685262880538,31.450910215587186,-0.21412364584219387,0.0,0.0,0.0,0.0,48.435855397643174,-1.4757857101719125,False,True,False,False,False,20.0,0,1.3993174061433469,0.6006825938566532,False,False,False,False,0.26075325971269764,0.260753259612444,False,False,False,False,111.0,59.903435184960294,False,False,False,False,4.1281401365081125,False,True,False,False
2025-06-23 15:00:00+00:00,31.42,31.42,31.42,31.42,0.0,31.471715210355985,31.106261963357948,30.96607939863754,30.96607939863754,31.05976607434116,30.694286027157254,30.659317254619634,,30.96607939863754,30.96607939863754,,"rgba(239, 83, 80, 1.0)",0.0,0.0,0.14124446891823297,31.450910215587186,-0.21884195412337282,0.0,0.0,0.0,0.0,48.43585190897768,-1.4913225838581567,False,True,False,False,False,20.0,0,1.3993174061433469,0.6006825938566532,False,False,False,False,0.26075325971269764,0.2607532596625708,False,False,False,False,111.0,60.69562998829424,False,False,False,False,4.064137963849072,False,True,False,False
2025-06-23 16:00:00+00:00,31.42,31.42,31.42,31.42,0.0,31.471715210355985,31.106261963357948,30.96607939863754,30.96607939863754,31.05976607434116,30.694286027157254,30.659317254619634,,30.96607939863754,30.96607939863754,,"rgba(239, 83, 80, 1.0)",0.0,0.0,0.13791099101027113,31.450910215587186,-0.22413163273463835,0.0,0.0,0.0,0.0,48.435849583200685,-1.5041790637573058,False,True,False,False,False,20.0,0,1.3993174061433469,0.6006825938566532,False,False,False,False,0.26075325971269764,0.2607532596876342,False,False,False,False,111.0,61.47554270165402,False,False,False,False,4.001128072936684,False,True,False,False
2025-06-23 17:00:00+00:00,31.42,31.42,31.42,31.42,0.0,31.471715210355985,31.106261963357948,30.96607939863754,30.96607939863754,31.05976607434116,30.694286027157254,30.659317254619634,,30.96607939863754,30.96607939863754,,"rgba(239, 83, 80, 1.0)",0.0,0.0,0.13433996138610002,31.450910215587186,-0.23008950775522805,0.0,0.0,0.0,0.0,48.43584803268269,-1.5148059719833498,False,True,False,False,False,20.0,0,1.3993174061433469,0.6006825938566532,False,False,False,False,0.26075325971269764,0.26075325970016594,False,False,False,False,111.0,62.243363745039225,False,False,False,False,3.9390950795578203,False,True,False,False
2025-06-23 18:00:00+00:00,31.42,31.42,31.42,31.42,0.0,31.471715210355985,31.106261963357948,30.96607939863754,30.96607939863754,31.05976607434116,30.694286027157254,30.659317254619634,,30.96607939863754,30.96607939863754,,"rgba(239, 83, 80, 1.0)",0.0,0.0,0.13051188203127306,31.450910215587186,-0.23683832541605246,0.0,0.0,0.0,0.0,48.43584699900403,-1.5235809710406656,False,True,False,False,False,20.0,0,1.3993174061433469,0.6006825938566532,False,False,False,False,0.26075325971269764,0.2607532597064318,False,False,False,False,111.0,62.99928058620141,False,False,False,False,3.878023838014288,False,False,False,False
2025-06-23 19:00:00+00:00,31.42,31.42,31.42,31.42,0.0,31.471715210355985,31.106261963357948,30.96607939863754,30.96607939863754,31.05976607434116,30.694286027157254,30.659317254619634,,30.96607939863754,30.96607939863754,,"rgba(239, 83, 80, 1.0)",0.0,0.0,0.126403401140212,31.450910215587186,-0.244536264913451,0.0,0.0,0.0,0.0,48.435846309884916,-1.5308198102884134,False,True,False,False,False,20.0,0,1.3993174061433469,0.6006825938566532,False,False,False,False,0.26075325971269764,0.26075325970956476,False,False,False,False,111.0,63.74347778641534,False,False,False,False,3.817899437424919,False,False,False,False
2025-06-24 14:00:00+00:00,31.42,31.42,31.42,31.42,0.0,31.471715210355985,31.106261963357948,30.96607939863754,30.96607939863754,31.05976607434116,30.694286027157254,30.659317254619634,,30.96607939863754,30.96607939863754,,"rgba(239, 83, 80, 1.0)",0.0,0.0,0.12198619032752892,31.450910215587186,-0.25339110520782054,0.0,0.0,0.0,0.0,48.43584585047218,-1.5367859950352738,False,True,False,False,False,20.0,0,1.3993174061433469,0.6006825938566532,False,False,False,False,0.26075325971269764,0.26075325971113117,False,False,False,False,111.0,64.47613704554068,False,False,False,False,3.758707198084998,False,False,False,False
2025-06-24 15:00:00+00:00,31.42,31.42,31.42,31.42,0.0,31.471715210355985,31.106261963357948,30.96607939863754,30.96607939863754,31.05976607434116,30.694286027157254,30.659317254619634,,30.96607939863754,30.96607939863754,,"rgba(239, 83, 80, 1.0)",0.0,0.0,0.11722535469674308,31.450910215587186,-0.2636819966733945,0.0,0.0,0.0,0.0,48.435845544197015,-1.5416990610764572,False,True,False,False,False,20.0,0,1.5953307392996123,0.5447470817120601,False,False,False,False,0.26075325971269764,0.26075325971191443,False,False,False,False,111.0,65.19743724638501,False,False,False,False,3.7004326678821298,False,False,False,False
2025-06-24 16:00:00+00:00,31.42,31.42,31.42,31.42,0.0,31.471715210355985,31.106261963357948,30.96607939863754,30.96607939863754,31.05976607434116,30.694286027157254,30.659317254619634,,30.96607939863754,30.96607939863754,,"rgba(239, 83, 80, 1.0)",0.0,0.0,0.1120771130930517,31.450910215587186,-0.2757941807576805,0.0,0.0,0.0,0.0,48.43584534001358,-1.5457416268808615,False,True,False,False,False,20.0,0,1.5953307392996123,0.4046692607003876,False,False,False,False,0.26075325971269764,0.260753259712306,False,False,False,False,111.0,65.90755449837904,False,False,False,False,3.643061618767678,False,False,False,False
2025-06-24 17:00:00+00:00,31.42,31.42,31.42,31.42,0.0,31.471715210355985,31.106261963357948,30.96607939863754,30.96607939863754,31.05976607434116,30.694286027157254,30.659317254619634,,30.96607939863754,30.96607939863754,,"rgba(239, 83, 80, 1.0)",0.0,0.0,0.10648529061382375,31.450910215587186,-0.2902768580430712,0.0,0.0,0.0,0.0,48.43584520389128,-1.5490653821525768,False,True,False,False,False,20.0,0,1.5953307392996123,0.4046692607003876,False,False,False,False,0.26075325971269764,0.26075325971250185,False,False,False,False,111.0,66.60666218057472,False,False,False,False,3.5865800432829076,False,False,False,False
2025-06-24 18:00:00+00:00,31.42,31.42,31.42,31.42,0.0,31.471715210355985,31.106261963357948,30.96607939863754,30.96607939863754,31.05976607434116,30.694286027157254,30.659317254619634,,30.96607939863754,30.96607939863754,,"rgba(239, 83, 80, 1.0)",0.0,0.0,0.10037578043178856,31.450910215587186,-0.30794495897533236,0.0,0.0,0.0,0.0,48.43584511314309,-1.551796156639817,False,True,False,False,False,20.0,0,1.5953307392996123,0.4046692607003876,False,False,False,False,0.26075325971269764,0.26075325971259977,False,False,False,False,111.0,67.29493098397667,False,False,False,False,3.5309741511389863,False,False,False,False
2025-06-24 19:00:00+00:00,31.42,31.42,31.42,31.42,0.0,31.471715210355985,31.106261963357948,30.96607939863754,30.96607939863754,31.05976607434116,30.694286027157254,30.659317254619634,,30.96607939863754,30.96607939863754,,"rgba(239, 83, 80, 1.0)",0.0,0.0,0.09364731613780024,31.450910215587186,-0.3300704906662814,0.0,0.0,0.0,0.0,48.43584505264429,-1.5540381978904136,False,True,False,False,False,20.0,0,1.5953307392996123,0.4046692607003876,False,False,False,False,0.26075325971269764,0.26075325971264873,False,False,False,False,111.0,67.97252895321735,False,False,False,False,3.4762303658500096,False,False,False,False
2025-06-25 14:00:00+00:00,31.42,31.42,31.42,31.42,0.0,31.471715210355985,31.106261963357948,30.96607939863754,30.96607939863754,31.05976607434116,30.694286027157254,30.659317254619634,,30.96607939863754,30.96607939863754,,"rgba(239, 83, 80, 1.0)",0.0,0.0,0.08615500382843665,31.450910215587186,-0.3587744671074085,0.0,0.0,0.0,0.0,48.43584501231176,-1.5558777718494525,False,True,False,False,False,20.0,0,1.5953307392996123,0.4046692607003876,False,False,False,False,0.26075325971269764,0.26075325971267316,False,False,False,False,111.0,68.63962152758607,False,False,False,False,3.422335321418226,False,False,False,False
2025-06-25 15:00:00+00:00,31.42,31.42,31.42,31.42,0.0,31.471715210355985,31.106261963357948,30.96607939863754,30.96607939863754,31.05976607434116,30.694286027157254,30.659317254619634,,30.96607939863754,30.96607939863754,,"rgba(239, 83, 80, 1.0)",0.0,0.0,0.07975966150628293,31.450910215587186,-0.38754196047771844,0.0,0.0,0.0,0.0,48.43584498542341,-1.5573861862034875,False,True,False,False,False,20.0,0,1.5953307392996123,0.4046692607003876,False,False,False,False,0.26075325971269764,0.26075325971268537,False,False,False,False,111.0,69.29637158142195,False,False,False,False,3.369275859070657,False,False,False,False
2025-06-25 16:00:00+00:00,31.42,31.42,31.42,31.42,0.0,31.471715210355985,31.106261963357948,30.96607939863754,30.96607939863754,31.05976607434116,30.694286027157254,30.659317254619634,,30.96607939863754,30.96607939863754,,"rgba(239, 83, 80, 1.0)",0.0,0.0,0.07258160986147445,31.450910215587186,-0.42586842102535,0.0,0.0,0.0,0.0,48.435844967497836,-1.5586223234494625,False,True,False,False,False,20.0,0,1.5953307392996123,0.4046692607003876,False,False,False,False,0.26075325971269764,0.2607532597126915,False,False,False,False,111.0,69.94293946388053,False,False,False,False,3.3170390240463057,False,False,False,False
2025-06-25 17:00:00+00:00,31.42,31.42,31.42,31.42,0.0,31.471715210355985,31.106261963357948,30.96607939863754,30.96607939863754,31.05976607434116,30.694286027157254,30.659317254619634,,30.96607939863754,30.96607939863754,,"rgba(239, 83, 80, 1.0)",0.0,0.0,0.06435949148445237,31.450910215587186,-0.48027439114635057,0.0,0.0,0.0,0.0,48.43584495554746,-1.5596347589319706,False,True,False,False,False,20.0,0,1.5953307392996123,0.4046692607003876,False,False,False,False,0.26075325971269764,0.2607532597126946,False,False,False,False,111.0,70.57948303808394,False,False,False,False,3.2656120624331844,False,False,False,False
2025-06-25 18:00:00+00:00,31.42,31.42,31.04,31.13,169.0,31.300821078431373,31.11726945244957,30.99061922753988,30.99061922753988,31.06547589667655,30.744494382022474,30.69013233797082,31.196666666666665,30.99061922753988,30.99061922753988,31.196666666666665,"rgba(239, 83, 80, 1.0)",-1.0,31.61,0.06375629274713229,31.196666666666676,-1.045648418283789,-1.0,31.42,31.13,690.0,32.316796400800854,-16.067607220685296,False,True,False,True,False,0.0,0,1.2312312312312312,0.5405405405405398,False,False,False,False,0.14194567025219626,0.20134946498244544,False,False,False,False,-58.0,68.58600268090434,True,False,False,False,5.835137456814065,False,False,False,False
2025-06-25 19:00:00+00:00,31.13,31.13,31.13,31.13,0.0,31.300821078431373,31.11726945244957,30.99061922753988,30.99061922753988,31.06547589667655,30.744494382022474,30.69013233797082,31.196666666666665,30.99061922753988,30.99061922753988,31.196666666666665,"rgba(239, 83, 80, 1.0)",0.0,0.0,0.0709650338971895,31.196666666666676,-0.9394297868336163,0.0,0.0,0.0,0.0,21.570764030969784,-24.77257150915812,False,True,False,True,False,0.0,0,1.285285285285285,0.7147147147147149,False,False,False,False,0.08117781003136462,0.14126363750690502,False,False,False,False,-58.0,66.62342899592909,True,False,False,False,5.744670209421599,False,False,False,False
2025-06-26 14:00:00+00:00,31.13,31.13,31.13,31.13,0.0,31.300821078431373,31.11726945244957,30.99061922753988,30.99061922753988,31.06547589667655,30.744494382022474,30.69013233797082,31.196666666666665,30.99061922753988,30.99061922753988,31.196666666666665,"rgba(239, 83, 80, 1.0)",0.0,0.0,0.07741313062256339,31.196666666666676,-0.8611803466742365,0.0,0.0,0.0,0.0,14.4067424510824,-30.060173937382366,False,True,False,True,False,0.0,0,1.285285285285285,0.7147147147147149,False,False,False,False,0.08117781003136462,0.11122072376913482,False,False,False,False,-58.0,64.69128280994569,True,False,False,False,5.655605555011962,False,False,False,False
2025-06-26 15:00:00+00:00,31.13,31.13,31.13,31.13,0.0,31.300821078431373,31.11726945244957,30.99061922753988,30.99061922753988,31.06547589667655,30.744494382022474,30.69013233797082,31.196666666666665,30.99061922753988,30.99061922753988,31.196666666666665,"rgba(239, 83, 80, 1.0)",0.0,0.0,0.08327745874562009,31.196666666666676,-0.8005367559343706,0.0,0.0,0.0,0.0,9.63072806449081,-33.379001972711805,False,True,False,True,False,0.0,0,1.285285285285285,0.7147147147147149,False,False,False,False,0.08117781003136462,0.09619926690024971,False,False,False,False,-58.0,62.789092378783735,True,False,False,False,5.567921747957513,False,False,False,False
2025-06-26 16:00:00+00:00,31.13,31.13,31.13,31.13,0.0,31.300821078431373,31.11726945244957,30.99061922753988,30.99061922753988,31.06547589667655,30.744494382022474,30.69013233797082,31.196666666666665,30.99061922753988,30.99061922753988,31.196666666666665,"rgba(239, 83, 80, 1.0)",0.0,0.0,0.08867391421977738,31.196666666666676,-0.7518182461354355,0.0,0.0,0.0,0.0,6.446718473429751,-35.591622138370866,False,True,False,True,False,0.0,0,1.285285285285285,0.7147147147147149,False,False,False,False,0.08117781003136462,0.08868853846580717,False,False,False,False,-58.0,60.91639327213592,True,False,False,False,5.481597379772125,False,False,False,False
2025-06-26 17:00:00+00:00,31.13,31.13,31.13,31.13,0.0,31.300821078431373,31.11726945244957,30.99061922753988,30.99061922753988,31.06547589667655,30.744494382022474,30.69013233797082,31.196666666666665,30.99061922753988,30.99061922753988,31.196666666666665,"rgba(239, 83, 80, 1.0)",0.0,0.0,0.0936833847412123,31.196666666666676,-0.711616759480187,0.0,0.0,0.0,0.0,4.324045412722378,-37.1988050362782,False,True,False,True,False,0.0,0,1.285285285285285,0.7147147147147149,False,False,False,False,0.08117781003136462,0.0849331742485859,False,False,False,False,-58.0,59.072728260164816,True,False,False,False,5.396611373884185,False,False,False,False
2025-06-26 18:00:00+00:00,31.13,31.13,31.13,31.13,0.0,31.300821078431373,31.11726945244957,30.99061922753988,30.99061922753988,31.06547589667655,30.744494382022474,30.69013233797082,31.196666666666665,30.99061922753988,30.99061922753988,31.196666666666665,"rgba(239, 83, 80, 1.0)",0.0,0.0,0.09836501245701727,31.196666666666676,-0.6777477580842938,0.0,0.0,0.0,0.0,2.908930038917462,-38.48158115055058,False,True,False,True,False,0.0,0,1.285285285285285,0.7147147147147149,False,False,False,False,0.08117781003136462,0.08305549213997526,False,False,False,False,-58.0,57.257647201867684,True,False,False,False,5.312942980490631,False,False,False,False
2025-06-26 19:00:00+00:00,31.13,31.385,31.13,31.385,47.0,31.30070010449321,31.1232543554007,30.999512742099895,30.999512742099895,31.06816499959341,30.7595166858458,30.69970607882432,31.219151234567903,30.999512742099895,30.999512742099895,31.219151234567903,"rgba(38, 166, 154, 1.0)",0.0,0.0,0.09807847565791822,31.219151234567903,1.690980251472832,1.0,31.385,31.13,697.0,24.17832363827513,-36.298422105872135,False,True,False,True,True,11.995917780309622,0,1.247395833333333,0.6197916666666663,False,False,False,False,0.15882201642142532,0.12093875428070029,False,False,False,False,-11.0,56.1993891057147,False,False,False,False,5.959253942033412,False,False,False,False
2025-06-27 14:00:00+00:00,31.385,31.385,31.385,31.385,0.0,31.30070010449321,31.1232543554007,30.999512742099895,30.999512742099895,31.06816499959341,30.7595166858458,30.69970607882432,31.219151234567903,30.999512742099895,30.999512742099895,31.219151234567903,"rgba(38, 166, 154, 1.0)",0.0,0.0,0.09778552555978037,31.219151234567903,1.6960461630970969,0.0,0.0,0.0,0.0,38.357919371180245,-24.312760554005447,False,False,False,True,True,11.995917780309622,0,1.3802083333333337,0.6197916666666663,False,False,False,False,0.23841696311952795,0.17967785870011413,False,False,False,False,-11.0,55.157538111827655,False,False,False,False,5.866862408048397,False,False,False,False
2025-06-27 15:00:00+00:00,31.385,31.385,31.385,31.385,0.0,31.30070010449321,31.1232543554007,30.999512742099895,30.999512742099895,31.06816499959341,30.7595166858458,30.69970607882432,31.219151234567903,30.999512742099895,30.999512742099895,31.219151234567903,"rgba(38, 166, 154, 1.0)",0.0,0.0,0.09748610434587063,31.219151234567903,1.7012554409158078,0.0,0.0,0.0,0.0,47.81098319311698,-16.702293793119544,True,False,True,False,True,11.995917780309622,0,1.3802083333333337,0.6197916666666663,False,False,False,False,0.23841696311952795,0.20904741090982104,False,False,False,False,-11.0,54.131839846528,False,False,False,False,5.775903300946871,False,False,False,False
2025-06-27 16:00:00+00:00,31.385,31.385,31.385,31.385,0.0,31.30070010449321,31.1232543554007,30.999512742099895,30.999512742099895,31.06816499959341,30.7595166858458,30.69970607882432,31.219151234567903,30.999512742099895,30.999512742099895,31.219151234567903,"rgba(38, 166, 154, 1.0)",0.0,0.0,0.09718015220185344,31.219151234567903,1.7066115011593435,0.0,0.0,0.0,0.0,54.11302574107481,-11.629186539580573,True,False,True,False,True,11.995917780309622,0,1.3802083333333337,0.6197916666666663,False,False,False,False,0.23841696311952795,0.2237321870146745,False,False,False,False,-11.0,53.12204387991517,False,False,False,False,5.686354412560098,False,False,False,False
2025-06-27 17:00:00+00:00,31.385,31.385,31.385,31.385,0.0,31.30070010449321,31.1232543554007,30.999512742099895,30.999512742099895,31.06816499959341,30.7595166858458,30.69970607882432,31.219151234567903,30.999512742099895,30.999512742099895,31.219151234567903,"rgba(38, 166, 154, 1.0)",0.0,0.0,0.09686760724476852,31.219151234567903,1.7121179117496526,0.0,0.0,0.0,0.0,58.314387439713364,-8.004791108007723,True,False,True,False,True,11.995917780309622,0,1.3802083333333337,0.6197916666666663,False,False,False,False,0.2285619063087562,0.22614704666171537,False,False,False,False,-11.0,52.12790366472269,False,False,False,False,5.598193879032034,False,False,False,False
2025-06-27 18:00:00+00:00,31.385,31.385,31.385,31.385,0.0,31.30070010449321,31.1232543554007,30.999512742099895,30.999512742099895,31.06816499959341,30.7595166858458,30.69970607882432,31.219151234567903,30.999512742099895,30.999512742099895,31.219151234567903,"rgba(38, 166, 154, 1.0)",0.0,0.0,0.09654840544818936,31.219151234567903,1.7177783999871212,0.0,0.0,0.0,0.0,61.115295238805736,-5.2004653578378,True,False,True,False,True,11.995917780309622,0,1.4231884057971016,0.6898550724637675,False,False,False,False,0.22056736827333706,0.22335720746752621,False,False,False,False,-11.0,51.149176476122335,False,False,False,False,5.51140017548115,False,False,False,False
2025-06-27 19:00:00+00:00,31.385,31.385,31.385,31.385,0.0,31.30070010449321,31.1232543554007,30.999512742099895,30.999512742099895,31.06816499959341,30.7595166858458,30.69970607882432,31.219151234567903,30.999512742099895,30.999512742099895,31.219151234567903,"rgba(38, 166, 154, 1.0)",0.0,0.0,0.09622248056332319,31.219151234567903,1.7235968607456023,0.0,0.0,0.0,0.0,62.982567104867314,-2.865102765827004,True,False,True,False,True,11.995917780309622,0,1.3101449275362325,0.6898550724637675,False,False,False,False,0.22056736827333706,0.22196228787043165,False,False,False,False,-11.0,50.185623352461526,False,False,False,False,5.4259521107450075,False,False,False,False
2025-06-30 14:00:00+00:00,31.385,31.385,31.385,31.385,0.0,31.30070010449321,31.1232543554007,30.999512742099895,30.999512742099895,31.06816499959341,30.7595166858458,30.69970607882432,31.219151234567903,30.999512742099895,30.999512742099895,31.219151234567903,"rgba(38, 166, 154, 1.0)",0.0,0.0,0.09588976403579355,31.219151234567903,1.7295773652148196,0.0,0.0,0.0,0.0,64.22741501557503,-0.8112547867547875,True,False,True,False,True,11.995917780309611,0,1.3101449275362325,0.6898550724637675,False,False,False,False,0.22056736827333706,0.22126482807188436,False,False,False,False,-11.0,49.23700903691949,False,False,False,False,5.341828822206325,False,False,False,False
2025-06-30 15:00:00+00:00,31.385,31.385,31.385,31.385,0.0,31.30070010449321,31.1232543554007,30.999512742099895,30.999512742099895,31.06816499959341,30.7595166858458,30.69970607882432,31.219151234567903,30.999512742099895,30.999512742099895,31.219151234567903,"rgba(38, 166, 154, 1.0)",0.0,0.0,0.09440816119856521,31.219151234567903,1.7567206407428588,0.0,0.0,0.0,0.0,65.05731362271351,1.0549607955163083,True,False,True,False,True,11.995917780309611,0,1.3101449275362325,0.6898550724637675,False,False,False,False,0.22056736827333706,0.2209160981726107,False,False,False,False,-11.0,48.30310192006802,False,False,False,False,5.25900977069925,False,False,False,False
2025-06-30 16:00:00+00:00,31.385,31.385,31.385,31.385,0.0,31.30070010449321,31.1232543554007,30.999512742099895,30.999512742099895,31.06816499959341,30.7595166858458,30.69970607882432,31.219151234567903,30.999512742099895,30.999512742099895,31.219151234567903,"rgba(38, 166, 154, 1.0)",0.0,0.0,0.0928532698924661,31.219151234567903,1.7861381254981001,0.0,0.0,0.0,0.0,65.61057936080583,2.7762369369721682,True,False,True,False,True,11.995917780309611,0,1.3101449275362325,0.6898550724637675,False,False,False,False,0.22056736827333706,0.22074173322297388,False,False,False,False,-11.0,47.38367398332279,False,False,False,False,5.17747473549461,False,False,False,False
2025-06-30 17:00:00+00:00,31.385,31.385,31.385,31.385,0.0,31.30070010449321,31.1232543554007,30.999512742099895,30.999512742099895,31.06816499959341,30.7595166858458,30.69970607882432,31.219151234567903,30.999512742099895,30.999512742099895,31.219151234567903,"rgba(38, 166, 154, 1.0)",0.0,0.0,0.09122134253192508,31.219151234567903,1.8180916968422807,0.0,0.0,0.0,0.0,65.9794231862007,4.369096734933564,True,False,True,False,True,11.995917780309611,0,1.3101449275362325,0.6898550724637675,False,False,False,False,0.22056736827333706,0.2206545507481555,False,False,False,False,-11.0,46.478500743271276,False,False,False,False,5.09720380936291,False,False,False,False
2025-06-30 18:00:00+00:00,31.385,31.385,31.385,31.385,0.0,31.30070010449321,31.1232543554007,30.999512742099895,30.999512742099895,31.06816499959341,30.7595166858458,30.69970607882432,31.219151234567903,30.999512742099895,30.999512742099895,31.219151234567903,"rgba(38, 166, 154, 1.0)",0.0,0.0,0.08950816561468142,31.219151234567903,1.852889781542965,0.0,0.0,0.0,0.0,66.2253190697973,5.838186310663758,True,False,True,False,True,11.995917780309622,0,1.3101449275362325,0.6898550724637675,False,False,False,False,0.22056736827333706,0.22061095951074627,False,False,False,False,-11.0,45.587361196863974,False,False,False,False,5.018177393713873,False,False,False,False
2025-06-30 19:00:00+00:00,31.385,31.47,31.385,31.47,1.0,31.301140625000006,31.123476090993503,30.999783007334962,30.999783007334962,31.068256097560987,30.759908951504695,30.699953811908742,31.220176651305685,30.999783007334962,30.999783007334962,31.220176651305685,"rgba(38, 166, 154, 1.0)",0.0,0.0,0.08818873086877821,31.253400153609835,2.456094381406359,1.0,31.47,31.385,709.0,71.68606549038333,11.951187362522035,True,False,True,False,True,19.267510550206158,0,1.2955801104972386,0.6574585635359121,False,False,False,False,0.25227793964668216,0.23644444957871422,False,False,False,False,-10.0,44.72554164342422,False,False,False,False,4.955880069780324,False,False,False,False
2025-07-01 14:00:00+00:00,31.47,31.47,31.47,31.47,0.0,31.301140625000006,31.123476090993503,30.999783007334962,30.999783007334962,31.068256097560987,30.759908951504695,30.699953811908742,31.220176651305685,30.999783007334962,30.999783007334962,31.220176651305685,"rgba(38, 166, 154, 1.0)",0.0,0.0,0.08683758268030801,31.253400153609835,2.4943099485803817,0.0,0.0,0.0,0.0,75.32656310410735,16.034473304002333,True,False,True,False,True,19.267510550206158,0,1.3425414364640877,0.6574585635359121,False,False,False,False,0.2844934598318543,0.26046895470528425,False,False,False,False,-10.0,43.87708363344865,False,False,False,False,4.879044719861249,False,False,False,False
2025-07-01 15:00:00+00:00,31.47,31.47,31.47,31.47,0.0,31.301140625000006,31.123476090993503,30.999783007334962,30.999783007334962,31.068256097560987,30.759908951504695,30.699953811908742,31.220176651305685,30.999783007334962,30.999783007334962,31.220176651305685,"rgba(38, 166, 154, 1.0)",0.0,0.0,0.08545321674604087,31.253400153609835,2.5347184651208465,0.0,0.0,0.0,0.0,77.7535615132567,18.873839994004967,True,False,True,False,True,19.267510550206158,0,1.3425414364640877,0.6574585635359121,False,False,False,False,0.2844934598318543,0.2724812072685693,False,False,False,False,-10.0,43.04178001122464,False,False,False,False,4.803400615677353,False,False,False,False
2025-07-01 16:00:00+00:00,31.47,31.47,31.47,31.47,0.0,31.301140625000006,31.123476090993503,30.999783007334962,30.999783007334962,31.068256097560987,30.759908951504695,30.699953811908742,31.220176651305685,30.999783007334962,30.999783007334962,31.220176651305685,"rgba(38, 166, 154, 1.0)",0.0,0.0,0.0858896211833571,31.253400153609835,2.5218395820813613,0.0,0.0,0.0,0.0,79.37156045268961,20.949143600010757,True,False,True,False,True,19.267510550206158,0,1.3425414364640877,0.6574585635359121,False,False,False,False,0.2844934598318543,0.2784873335502118,False,False,False,False,-10.0,42.219426832756035,False,False,False,False,4.728929288302511,False,False,False,False
2025-07-01 17:00:00+00:00,31.47,31.47,31.47,31.47,0.0,31.301140625000006,31.123476090993503,30.999783007334962,30.999783007334962,31.068256097560987,30.759908951504695,30.699953811908742,31.220176651305685,30.999783007334962,30.999783007334962,31.220176651305685,"rgba(38, 166, 154, 1.0)",0.0,0.0,0.08631860112915657,31.253400153609835,2.5093067259752075,0.0,0.0,0.0,0.0,80.45022641231154,22.5495146243843,True,False,True,False,True,19.267510550206158,0,1.3425414364640877,0.6574585635359121,False,False,False,False,0.2844934598318543,0.28149039669103304,False,False,False,False,-10.0,41.40982331596912,False,False,False,False,4.655612555150534,False,False,False,False
2025-07-01 18:00:00+00:00,31.47,31.47,31.47,31.47,0.0,31.301140625000006,31.123476090993503,30.999783007334962,30.999783007334962,31.068256097560987,30.759908951504695,30.699953811908742,31.220176651305685,30.999783007334962,30.999783007334962,31.220176651305685,"rgba(38, 166, 154, 1.0)",0.0,0.0,0.08674026673850717,31.253400153609835,2.4971083734747976,0.0,0.0,0.0,0.0,81.16933705205949,23.846633913115568,True,False,True,False,True,19.267510550206158,0,1.3425414364640877,0.6574585635359121,False,False,False,False,0.2844934598318543,0.2829919282614437,False,False,False,False,-10.0,40.61277179169053,False,False,False,False,4.583432515535797,False,False,False,False
2025-07-01 19:00:00+00:00,31.47,31.47,31.47,31.47,0.0,31.301140625000006,31.123476090993503,30.999783007334962,30.999783007334962,31.068256097560987,30.759908951504695,30.699953811908742,31.220176651305685,30.999783007334962,30.999783007334962,31.220176651305685,"rgba(38, 166, 154, 1.0)",0.0,0.0,0.08715472417453579,31.253400153609835,2.4852335710041547,0.0,0.0,0.0,0.0,81.6487441452248,24.940933957871437,True,False,True,False,True,19.267510550206158,0,1.3425414364640877,0.6574585635359121,False,False,False,False,0.2844934598318543,0.283742694046649,False,False,False,False,-10.0,39.82807765538524,False,False,False,False,4.512371546302684,False,False,False,False
2025-07-02 14:00:00+00:00,31.47,31.47,31.47,31.47,0.0,31.301140625000006,31.123476090993503,30.999783007334962,30.999783007334962,31.068256097560987,30.759908951504695,30.699953811908742,31.220176651305685,30.999783007334962,30.999783007334962,31.220176651305685,"rgba(38, 166, 154, 1.0)",0.0,0.0,0.0875620757926087,31.253400153609835,2.4736718999579423,0.0,0.0,0.0,0.0,81.96834887400166,25.8904221102827,True,False,True,False,True,19.267510550206158,0,1.3425414364640877,0.6574585635359121,False,False,False,False,0.2844934598318543,0.2841180769392516,False,False,False,False,-10.0,39.055549319642836,False,False,False,False,4.4424122975227975,False,False,False,False
2025-07-02 15:00:00+00:00,31.47,31.47,31.47,31.47,0.0,31.301140625000006,31.123476090993503,30.999783007334962,30.999783007334962,31.068256097560987,30.759908951504695,30.699953811908742,31.220176651305685,30.999783007334962,30.999783007334962,31.220176651305685,"rgba(38, 166, 154, 1.0)",0.0,0.0,0.08796242031334056,31.253400153609835,2.462413444498113,0.0,0.0,0.0,0.0,82.18141869318625,26.7284274092236,True,False,True,False,True,19.267510550206158,0,1.365168539325843,0.6516853932584273,False,False,False,False,0.2844934598318543,0.284305768385553,False,False,False,False,-10.0,38.29499816740031,False,False,False,False,4.373537688258878,False,False,False,False
2025-07-02 16:00:00+00:00,31.47,31.47,31.47,31.47,0.0,31.301140625000006,31.123476090993503,30.999783007334962,30.999783007334962,31.068256097560987,30.759908951504695,30.699953811908742,31.220176651305685,30.999783007334962,30.999783007334962,31.220176651305685,"rgba(38, 166, 154, 1.0)",0.0,0.0,0.08835585298524441,31.253400153609835,2.451448761706101,0.0,0.0,0.0,0.0,82.3234652393093,27.474347659136896,True,False,True,False,True,19.26751055020617,0,1.365168539325843,0.6348314606741571,False,False,False,False,0.2844934598318543,0.2843996141087036,False,False,False,False,-10.0,37.54623850589022,False,False,False,False,4.3057309023944,False,False,False,False
2025-07-02 17:00:00+00:00,31.47,31.47,31.47,31.47,0.0,31.301140625000006,31.123476090993503,30.999783007334962,30.999783007334962,31.068256097560987,30.759908951504695,30.699953811908742,31.220176651305685,30.999783007334962,30.999783007334962,31.220176651305685,"rgba(38, 166, 154, 1.0)",0.0,0.0,0.08874246573776591,31.253400153609835,2.440768853890273,0.0,0.0,0.0,0.0,82.41816293672467,28.140019460443384,True,False,True,False,True,19.267510550206158,0,1.365168539325843,0.6348314606741571,False,False,False,False,0.2844934598318543,0.284446536970279,False,False,False,False,-10.0,36.80908752130278,False,False,False,False,4.23897538452782,False,False,False,False
2025-07-02 18:00:00+00:00,31.47,31.47,31.47,31.47,0.0,31.301140625000006,31.123476090993503,30.999783007334962,30.999783007334962,31.068256097560987,30.759908951504695,30.699953811908742,31.220176651305685,30.999783007334962,30.999783007334962,31.220176651305685,"rgba(38, 166, 154, 1.0)",0.0,0.0,0.08912234732538236,31.253400153609835,2.4303651428677675,0.0,0.0,0.0,0.0,82.48129473500158,28.73338724443417,True,False,True,False,True,19.267510550206158,0,1.365168539325843,0.6348314606741571,False,False,False,False,0.2844934598318543,0.2844699984010667,False,False,False,False,-10.0,36.0833652341508,False,False,False,False,4.173254835930489,False,False,False,False
2025-07-02 19:00:00+00:00,31.47,31.47,31.47,31.47,0.0,31.301140625000006,31.123476090993503,30.999783007334962,30.999783007334962,31.068256097560987,30.759908951504695,30.699953811908742,31.220176651305685,30.999783007334962,30.999783007334962,31.220176651305685,"rgba(38, 166, 154, 1.0)",0.0,0.0,0.08949558346339063,31.253400153609835,2.4202294460571543,0.0,0.0,0.0,0.0,82.52338260051953,29.26053365387989,True,False,True,False,True,19.26751055020617,0,1.365168539325843,0.6348314606741571,False,False,False,False,0.2844934598318543,0.2844817291164605,False,False,False,False,-10.0,35.36889445532675,False,False,False,False,4.1085532105672256,False,False,False,False
2025-07-03 14:00:00+00:00,31.47,31.47,31.47,31.47,0.0,31.301140625000006,31.123476090993503,30.999783007334962,30.999783007334962,31.068256097560987,30.759908951504695,30.699953811908742,31.220176651305685,30.999783007334962,30.999783007334962,31.220176651305685,"rgba(38, 166, 154, 1.0)",0.0,0.0,0.08986225695595702,31.253400153609835,2.4103539542337877,0.0,0.0,0.0,0.0,82.55144117753149,29.726737799170024,True,False,True,False,True,19.26751055020617,0,1.365168539325843,0.6348314606741571,False,False,False,False,0.26534239683300676,0.27491206297473364,False,False,False,False,-10.0,34.66550074284107,False,False,False,False,4.044854711178586,False,False,False,False
2025-07-03 15:00:00+00:00,31.47,31.47,31.47,31.47,0.0,31.301140625000006,31.123476090993503,30.999783007334962,30.999783007334962,31.068256097560987,30.759908951504695,30.699953811908742,31.220176651305685,30.999783007334962,30.999783007334962,31.220176651305685,"rgba(38, 166, 154, 1.0)",0.0,0.0,0.09022244781695557,31.253400153609835,2.4007312108135683,0.0,0.0,0.0,0.0,82.57014689553947,30.136974244209696,True,False,True,False,True,19.26751055020617,0,1.4961832061068696,0.8625954198473264,False,False,False,False,0.22738792664831836,0.251149994811526,False,False,False,False,-10.0,33.97301235923113,False,False,False,False,3.9821437854238795,False,False,False,False
2025-07-03 16:00:00+00:00,31.47,32.655,31.47,32.655,3.0,31.31004643962849,31.125845494556405,31.00208968883465,31.00208968883465,31.06912746770657,30.762492345962496,30.70151489882144,31.23435606060606,31.00208968883465,31.00208968883465,31.23435606060606,"rgba(38, 166, 154, 1.0)",0.0,0.0,0.17097660658696068,31.92161931818182,4.289362717262591,1.0,32.655,31.47,724.0,88.23497785962368,35.58322868323896,True,False,True,False,True,20.0,0,1.0721442885771555,0.45290581162324606,False,False,False,False,0.3428281790304047,0.2969890869209654,False,False,False,False,-7.0,33.337771857537625,False,True,False,False,3.966916749990951,False,True,False,False
2025-07-03 17:00:00+00:00,32.655,32.655,32.655,32.655,0.0,31.31004643962849,31.125845494556405,31.00208968883465,31.00208968883465,31.06912746770657,30.762492345962496,30.70151489882144,31.23435606060606,31.00208968883465,31.00208968883465,31.23435606060606,"rgba(38, 166, 154, 1.0)",0.0,0.0,0.22310598216827524,31.92161931818182,3.287140374680937,0.0,0.0,0.0,0.0,92.01153183567982,38.948308252709694,True,False,True,False,True,20.0,0,1.547094188376754,0.45290581162324606,False,False,False,False,0.34282820738951736,0.31990864715524137,False,False,False,False,-7.0,32.712380045792855,False,True,False,False,3.9054141647197733,False,True,False,False
2025-07-03 18:00:00+00:00,32.655,32.655,32.655,32.655,0.0,31.31004643962849,31.125845494556405,31.00208968883465,31.00208968883465,31.06912746770657,30.762492345962496,30.70151489882144,31.23435606060606,31.00208968883465,31.00208968883465,31.23435606060606,"rgba(38, 166, 154, 1.0)",0.0,0.0,0.2641399779055011,31.92161931818182,2.7764849820671884,0.0,0.0,0.0,0.0,94.52923448638391,41.07342596144754,True,False,True,False,True,20.0,0,1.547094188376754,0.45290581162324606,False,False,False,False,0.34282820738951736,0.33136842727237936,False,False,False,False,-7.0,32.0966842311294,False,True,False,False,3.8448651079024123,False,True,False,False
2025-07-03 19:00:00+00:00,32.655,32.655,32.655,32.655,0.0,31.31004643962849,31.125845494556405,31.00208968883465,31.00208968883465,31.06912746770657,30.762492345962496,30.70151489882144,31.23435606060606,31.00208968883465,31.00208968883465,31.23435606060606,"rgba(38, 166, 154, 1.0)",0.0,0.0,0.2986870367892383,31.92161931818182,2.455348212301815,0.0,0.0,0.0,0.0,96.20770292018665,42.47102553000906,True,False,True,False,True,20.0,0,1.547094188376754,0.45290581162324606,False,False,False,False,0.34282820738951736,0.33709831733094836,False,False,False,False,-7.0,31.490534088011117,False,True,False,False,3.785254796151987,False,True,False,False
2025-07-04 14:00:00+00:00,32.655,32.655,32.655,32.655,0.0,31.31004643962849,31.125845494556405,31.00208968883465,31.00208968883465,31.06912746770657,30.762492345962496,30.70151489882144,31.23435606060606,31.00208968883465,31.00208968883465,31.23435606060606,"rgba(38, 166, 154, 1.0)",0.0,0.0,0.32879831710840973,31.92161931818182,2.2304879424804844,0.0,0.0,0.0,0.0,97.32668187605513,43.44781761214341,True,False,True,False,True,20.0,0,1.547094188376754,0.45290581162324606,False,False,False,False,0.34282820738951736,0.3399632623602329,False,False,False,False,-7.0,30.893781621530323,False,True,False,False,3.726568675281414,False,True,False,False
2025-07-04 15:00:00+00:00,32.655,32.655,32.655,32.655,0.0,31.31004643962849,31.125845494556405,31.00208968883465,31.00208968883465,31.06912746770657,30.762492345962496,30.70151489882144,31.23435606060606,31.00208968883465,31.00208968883465,31.23435606060606,"rgba(38, 166, 154, 1.0)",0.0,0.0,0.3556024326267726,31.92161931818182,2.0623612622692953,0.0,0.0,0.0,0.0,98.07266784663412,44.18335995703113,True,False,True,False,True,20.0,0,1.547094188376754,0.45290581162324606,False,False,False,False,0.34282820738951736,0.3413957348748751,False,False,False,False,-7.0,30.306281131274037,False,True,False,False,3.668792416749919,False,True,False,False
2025-07-04 16:00:00+00:00,32.655,32.655,32.655,32.655,0.0,31.31004643962849,31.125845494556405,31.00208968883465,31.00208968883465,31.06912746770657,30.762492345962496,30.70151489882144,31.23435606060606,31.00208968883465,31.00208968883465,31.23435606060606,"rgba(38, 166, 154, 1.0)",0.0,0.0,0.3798002319854527,31.92161931818182,1.9309642808387568,0.0,0.0,0.0,0.0,98.56999182702012,44.779839934520226,True,False,True,False,True,20.0,0,1.547094188376754,0.45290581162324606,False,False,False,False,0.34282820738951736,0.34211197113219627,False,False,False,False,-7.0,29.72788917575041,False,True,False,False,3.6119119141646485,False,True,False,False
2025-07-04 17:00:00+00:00,32.655,32.655,32.655,32.655,0.0,31.31004643962849,31.125845494556405,31.00208968883465,31.00208968883465,31.06912746770657,30.762492345962496,30.70151489882144,31.23435606060606,31.00208968883465,31.00208968883465,31.23435606060606,"rgba(38, 166, 154, 1.0)",0.0,0.0,0.40186280210004305,31.92161931818182,1.8249528893585152,0.0,0.0,0.0,0.0,98.90154114727744,45.2933002365978,True,False,True,False,True,20.0,0,1.547094188376754,0.45290581162324606,False,False,False,False,0.34282820738951736,0.3424700892608568,False,False,False,False,-7.0,29.15846453736668,False,True,False,False,3.5559132798365143,False,True,False,False
2025-07-04 18:00:00+00:00,32.655,32.655,32.655,32.655,0.0,31.31004643962849,31.125845494556405,31.00208968883465,31.00208968883465,31.06912746770657,30.762492345962496,30.70151489882144,31.23435606060606,31.00208968883465,31.00208968883465,31.23435606060606,"rgba(38, 166, 154, 1.0)",0.0,0.0,0.42212507219609974,31.92161931818182,1.7373539979579513,0.0,0.0,0.0,0.0,99.12257402744899,45.75298249354435,True,False,True,False,True,20.0,0,1.547094188376754,0.45290581162324606,False,False,False,False,0.34282820738951736,0.3426491483251871,False,False,False,False,-7.0,28.59786818795014,False,True,False,False,3.5007828413894364,False,True,False,False
2025-07-04 19:00:00+00:00,32.655,32.655,32.655,32.655,0.0,31.31004643962849,31.125845494556405,31.00208968883465,31.00208968883465,31.06912746770657,30.762492345962496,30.70151489882144,31.23435606060606,31.00208968883465,31.00208968883465,31.23435606060606,"rgba(38, 166, 154, 1.0)",0.0,0.0,0.44083535567238225,31.92161931818182,1.6636158429252956,0.0,0.0,0.0,0.0,99.26992928089669,46.17312148413946,True,False,True,False,True,20.0,0,1.547094188376754,0.45290581162324606,False,False,False,False,0.34282820738951736,0.34273867785735224,False,False,False,False,-7.0,28.045963254803628,False,True,False,False,3.446507138422158,False,True,False,False
2025-07-07 14:00:00+00:00,32.655,32.655,32.655,32.655,0.0,31.31004643962849,31.125845494556405,31.00208968883465,31.00208968883465,31.06912746770657,30.762492345962496,30.70151489882144,31.23435606060606,31.00208968883465,31.00208968883465,31.23435606060606,"rgba(38, 166, 154, 1.0)",0.0,0.0,0.45818382164192417,31.92161931818182,1.6006254415314733,0.0,0.0,0.0,0.0,99.3681661165285,46.55998853985271,True,False,True,False,True,20.0,0,1.547094188376754,0.45290581162324606,False,False,False,False,0.34282820738951736,0.3427834426234348,False,False,False,False,-7.0,27.50261498728729,False,True,False,False,3.3930729192218148,False,True,False,False
2025-07-07 15:00:00+00:00,32.655,32.655,32.655,32.655,0.0,31.31004643962849,31.125845494556405,31.00208968883465,31.00208968883465,31.06912746770657,30.762492345962496,30.70151489882144,31.23435606060606,31.00208968883465,31.00208968883465,31.23435606060606,"rgba(38, 166, 154, 1.0)",0.0,0.0,0.47431992092613057,31.92161931818182,1.5461730563334228,0.0,0.0,0.0,0.0,99.43365734028303,46.91598108515096,True,False,True,False,True,20.0,0,1.547094188376754,0.45290581162324606,False,False,False,False,0.34282820738951736,0.34280582500647605,False,False,False,False,-7.0,26.967690723918494,False,True,False,False,3.3404671375284534,False,True,False,False
2025-07-07 16:00:00+00:00,32.655,32.655,32.655,32.655,0.0,31.31004643962849,31.125845494556405,31.00208968883465,31.00208968883465,31.06912746770657,30.762492345962496,30.70151489882144,31.23435606060606,31.00208968883465,31.00208968883465,31.23435606060606,"rgba(38, 166, 154, 1.0)",0.0,0.0,0.48936359665356427,31.92161931818182,1.4986416783620415,0.0,0.0,0.0,0.0,99.4773181561194,47.24190371539693,True,False,True,False,True,20.0,0,1.547094188376754,0.45290581162324606,False,False,False,False,0.34282820738951736,0.3428170161979967,False,False,False,False,-7.0,26.441059859981774,False,True,False,False,3.2886769493497177,False,True,False,False
2025-07-07 17:00:00+00:00,32.655,32.655,32.655,32.655,0.0,31.31004643962849,31.125845494556405,31.00208968883465,31.00208968883465,31.06912746770657,30.762492345962496,30.70151489882144,31.23435606060606,31.00208968883465,31.00208968883465,31.23435606060606,"rgba(38, 166, 154, 1.0)",0.0,0.0,0.5034127942766485,31.92161931818182,1.4568177252466814,0.0,0.0,0.0,0.0,99.50642536667696,47.5381643437498,True,False,True,False,True,20.0,0,1.547094188376754,0.45290581162324606,False,False,False,False,0.34282820738951736,0.34282261179375706,False,False,False,False,-7.0,25.92259381564097,False,True,False,False,3.2376897098249158,False,True,False,False
2025-07-07 18:00:00+00:00,32.655,32.655,32.655,32.655,0.0,31.31004643962849,31.125845494556405,31.00208968883465,31.00208968883465,31.06912746770657,30.762492345962496,30.70151489882144,31.23435606060606,31.00208968883465,31.00208968883465,31.23435606060606,"rgba(38, 166, 154, 1.0)",0.0,0.0,0.5165486642345556,31.92161931818182,1.4197707449402435,0.0,0.0,0.0,0.0,99.52583017371535,47.80533729839043,True,False,True,False,True,20.0,0,1.547094188376754,0.45290581162324606,False,False,False,False,0.34282820738951736,0.3428254095916372,False,False,False,False,-7.0,25.41216600454576,False,True,False,False,3.1874929701377077,False,True,False,False
2025-07-07 19:00:00+00:00,32.655,32.655,32.655,32.655,0.0,31.31004643962849,31.125845494556405,31.00208968883465,31.00208968883465,31.06912746770657,30.762492345962496,30.70151489882144,31.23435606060606,31.00208968883465,31.00208968883465,31.23435606060606,"rgba(38, 166, 154, 1.0)",0.0,0.0,0.5288392695072419,31.92161931818182,1.3867742509014638,0.0,0.0,0.0,0.0,99.53876671174093,48.044371512091885,True,False,True,False,True,20.0,0,1.547094188376754,0.45290581162324606,False,False,False,False,0.34282820678468295,0.3428268081881601,False,False,False,False,-7.0,24.909651802924895,False,True,False,False,3.138074474476658,False,True,False,False
2025-07-08 14:00:00+00:00,32.655,32.655,32.655,32.655,0.0,31.31004643962849,31.125845494556405,31.00208968883465,31.00208968883465,31.06912746770657,30.762492345962496,30.70151489882144,31.23435606060606,31.00208968883465,31.00208968883465,31.23435606060606,"rgba(38, 166, 154, 1.0)",0.0,0.0,0.5403422922488783,31.92161931818182,1.3572520462277495,0.0,0.0,0.0,0.0,99.54739107042465,48.25661175532575,True,False,True,False,True,20.0,0,1.5560081466395121,0.4602851323828921,False,False,False,False,0.3428282061640874,0.34282750717612376,False,False,False,False,-7.0,24.414928519158618,False,True,False,False,3.0894221570429115,False,True,False,False
2025-07-08 15:00:00+00:00,32.655,32.655,32.655,32.655,0.0,31.31004643962849,31.125845494556405,31.00208968883465,31.00208968883465,31.06912746770657,30.762492345962496,30.70151489882144,31.23435606060606,31.00208968883465,31.00208968883465,31.23435606060606,"rgba(38, 166, 154, 1.0)",0.0,0.0,0.5511070512903646,31.92161931818182,1.3307408789291333,0.0,0.0,0.0,0.0,99.55314064288046,48.443731709252035,True,False,True,False,True,20.0,0,1.539714867617108,0.4602851323828921,False,False,False,False,0.3428282061640874,0.34282785667010557,False,False,False,False,-7.0,23.927875363822825,False,True,False,False,3.041524139104262,False,True,False,False
2025-07-08 16:00:00+00:00,32.655,32.655,32.655,32.655,0.0,31.31004643962849,31.125845494556405,31.00208968883465,31.00208968883465,31.06912746770657,30.762492345962496,30.70151489882144,31.23435606060606,31.00208968883465,31.00208968883465,31.23435606060606,"rgba(38, 166, 154, 1.0)",0.0,0.0,0.5611760334694617,31.92161931818182,1.3068638681592808,0.0,0.0,0.0,0.0,99.55697369118434,48.60763485421175,True,False,True,False,True,20.0,0,1.539714867617108,0.4602851323828921,False,False,False,False,0.3428282061640874,0.3428280314170965,False,False,False,False,-7.0,23.448373420197665,False,True,False,False,2.9943687260948932,False,True,False,False
2025-07-08 17:00:00+00:00,32.655,32.655,32.655,32.655,0.0,31.31004643962849,31.125845494556405,31.00208968883465,31.00208968883465,31.06912746770657,30.762492345962496,30.70151489882144,31.23435606060606,31.00208968883465,31.00208968883465,31.23435606060606,"rgba(38, 166, 154, 1.0)",0.0,0.0,0.5705860745483063,31.92161931818182,1.285311216890019,0.0,0.0,0.0,0.0,99.55952905672027,48.75035309853274,True,False,True,False,True,20.0,0,1.539714867617108,0.4602851323828921,False,False,False,False,0.3428282058476854,0.34282811863239093,False,False,False,False,-7.0,22.97630561523336,False,True,False,False,2.9479444047600887,False,True,False,False
2025-07-08 18:00:00+00:00,32.655,32.655,32.655,32.655,0.0,31.31004643962849,31.125845494556405,31.00208968883465,31.00208968883465,31.06912746770657,30.762492345962496,30.70151489882144,31.23435606060606,31.00208968883465,31.00208968883465,31.23435606060606,"rgba(38, 166, 154, 1.0)",0.0,0.0,0.5793692827253978,31.92161931818182,1.265825965726563,0.0,0.0,0.0,0.0,99.56123263374421,48.87395759860422,True,False,True,False,True,20.0,0,1.5902004454342975,0.40979955456570244,False,False,False,False,0.3428282058476854,0.3428281622400382,False,False,False,False,-7.0,22.511556690966177,False,True,False,False,2.9022398403452034,False,True,False,False
2025-07-08 19:00:00+00:00,32.655,32.655,32.655,32.655,0.0,31.31004643962849,31.125845494556405,31.00208968883465,31.00208968883465,31.06912746770657,30.762492345962496,30.70151489882144,31.23435606060606,31.00208968883465,31.00208968883465,31.23435606060606,"rgba(38, 166, 154, 1.0)",0.0,0.0,0.5875537698223099,31.92161931818182,1.2481933049973866,0.0,0.0,0.0,0.0,99.56236835176017,48.98048733697462,True,False,True,False,True,20.0,0,1.5902004454342975,0.40979955456570244,False,True,False,False,0.3428282058476854,0.34282818404386184,False,False,False,False,-7.0,22.054013176377552,False,True,False,False,2.8572438738282235,False,True,False,False
2025-07-09 14:00:00+00:00,32.655,32.655,32.655,32.655,0.0,31.31004643962849,31.125845494556405,31.00208968883465,31.00208968883465,31.06912746770657,30.762492345962496,30.70151489882144,31.23435606060606,31.00208968883465,31.00208968883465,31.23435606060606,"rgba(38, 166, 154, 1.0)",0.0,0.0,0.5951642365502511,31.92161931818182,1.232232444054561,0.0,0.0,0.0,0.0,99.56312549710415,49.07189618140245,True,False,True,False,True,20.0,0,1.5902004454342975,0.40979955456570244,False,True,False,False,0.3428282058476854,0.34282819494577366,False,False,False,False,-7.0,21.603563359689527,False,True,False,False,2.8129455191952277,False,True,False,False
2025-07-09 15:00:00+00:00,32.655,32.655,32.655,32.655,0.0,31.31004643962849,31.125845494556405,31.00208968883465,31.00208968883465,31.06912746770657,30.762492345962496,30.70151489882144,31.23435606060606,31.00208968883465,31.00208968883465,31.23435606060606,"rgba(38, 166, 154, 1.0)",0.0,0.0,0.6022224455081758,31.92161931818182,1.2177903485469246,0.0,0.0,0.0,0.0,99.5636302606668,49.15001672865057,True,False,True,False,True,20.0,0,1.5902004454342975,0.40979955456570244,False,True,False,False,0.3428282058476854,0.34282820039672957,False,False,False,False,-7.0,21.16009726108969,False,True,False,False,2.7693339607580922,False,True,False,False
2025-07-09 16:00:00+00:00,32.655,32.655,32.655,32.655,0.0,31.31004643962849,31.125845494556405,31.00208968883465,31.00208968883465,31.06912746770657,30.762492345962496,30.70151489882144,31.23435606060606,31.00208968883465,31.00208968883465,31.23435606060606,"rgba(38, 166, 154, 1.0)",0.0,0.0,0.6087476066882085,31.92161931818182,1.2047368626351076,0.0,0.0,0.0,0.0,99.56396676970857,49.21653822962752,True,False,True,False,True,20.0,0,1.5902004454342975,0.40979955456570244,False,True,False,False,0.3428282058476854,0.3428282031222075,False,False,False,False,-7.0,20.723506605878995,False,True,False,False,2.7263985505137804,False,True,False,False
2025-07-09 17:00:00+00:00,32.655,32.655,32.655,32.655,0.0,31.31004643962849,31.125845494556405,31.00208968883465,31.00208968883465,31.06912746770657,30.762492345962496,30.70151489882144,31.23435606060606,31.00208968883465,31.00208968883465,31.23435606060606,"rgba(38, 166, 154, 1.0)",0.0,0.0,0.6147566939796305,31.92161931818182,1.1929608721633256,0.0,0.0,0.0,0.0,99.56419110906975,49.27299567149434,True,False,True,False,True,20.0,0,1.5902004454342975,0.40979955456570244,False,True,False,False,0.3428282058476854,0.34282820448494644,False,False,False,False,-7.0,20.29368479803591,False,True,False,False,2.6841288055445744,False,True,False,False
2025-07-09 18:00:00+00:00,32.655,32.655,32.655,32.655,0.0,31.31004643962849,31.125845494556405,31.00208968883465,31.00208968883465,31.06912746770657,30.762492345962496,30.70151489882144,31.23435606060606,31.00208968883465,31.00208968883465,31.23435606060606,"rgba(38, 166, 154, 1.0)",0.0,0.0,0.6202647066424768,31.92161931818182,1.1823672602428215,0.0,0.0,0.0,0.0,99.56434066864387,49.32076727821766,True,False,True,False,True,20.0,0,1.5902004454342975,0.40979955456570244,False,True,False,False,0.3428282058476854,0.34282820516631596,False,False,False,False,-7.0,19.87052689419039,False,True,False,False,2.642514405458612,False,True,False,False
2025-07-09 19:00:00+00:00,32.655,32.655,32.655,32.655,0.0,31.31004643962849,31.125845494556405,31.00208968883465,31.00208968883465,31.06912746770657,30.762492345962496,30.70151489882144,31.23435606060606,31.00208968883465,31.00208968883465,31.23435606060606,"rgba(38, 166, 154, 1.0)",0.0,0.0,0.6252848864231086,31.92161931818182,1.1728744732875718,0.0,0.0,0.0,0.0,99.5644403750266,49.361078059754675,True,False,True,False,True,20.0,0,1.5902004454342975,0.40979955456570244,False,True,False,False,0.3428282058476854,0.34282820550700066,False,False,False,False,-7.0,19.453929578001393,False,True,False,False,2.601545189870106,False,True,False,False
2025-07-10 14:00:00+00:00,32.655,32.655,32.655,32.655,0.0,31.31004643962849,31.125845494556405,31.00208968883465,31.00208968883465,31.06912746770657,30.762492345962496,30.70151489882144,31.23435606060606,31.00208968883465,31.00208968883465,31.23435606060606,"rgba(38, 166, 154, 1.0)",0.0,0.0,0.6298288985442089,31.92161931818182,1.1644125627028614,0.0,0.0,0.0,0.0,99.56450684594844,49.39500746429394,True,False,True,False,True,20.0,0,1.5902004454342975,0.40979955456570244,False,True,False,False,0.3428282058476854,0.34282820567734307,False,False,False,False,-7.0,19.043791134931602,False,True,False,False,2.5612111559186315,False,True,False,False
2025-07-10 15:00:00+00:00,32.655,32.655,32.655,32.655,0.0,31.31004643962849,31.125845494556405,31.00208968883465,31.00208968883465,31.06912746770657,30.762492345962496,30.70151489882144,31.23435606060606,31.00208968883465,31.00208968883465,31.23435606060606,"rgba(38, 166, 154, 1.0)",0.0,0.0,0.6339069829738684,31.92161931818182,1.1569216013012669,0.0,0.0,0.0,0.0,99.56455115989633,49.42349959962836,True,False,True,False,True,20.0,0,1.5902004454342975,0.40979955456570244,False,True,False,False,0.3428282058476854,0.34282820576251427,False,False,False,False,-7.0,18.64001142741328,False,True,False,False,2.5215024558268695,False,True,False,False
2025-07-10 16:00:00+00:00,32.655,32.655,32.655,32.655,0.0,31.31004643962849,31.125845494556405,31.00208968883465,31.00208968883465,31.06912746770657,30.762492345962496,30.70151489882144,31.23435606060606,31.00208968883465,31.00208968883465,31.23435606060606,"rgba(38, 166, 154, 1.0)",0.0,0.0,0.6375280809925336,31.92161931818182,1.1503503981760637,0.0,0.0,0.0,0.0,99.56458070252825,49.447374856095195,True,False,True,False,True,20.0,0,1.5902004454342975,0.40979955456570244,False,False,False,False,0.3428282058476854,0.3428282058050999,False,False,False,False,-7.0,18.24249187039912,False,True,False,False,2.4824093944962202,False,True,False,False
2025-07-10 17:00:00+00:00,32.655,32.655,32.655,32.655,0.0,31.31004643962849,31.125845494556405,31.00208968883465,31.00208968883465,31.06912746770657,30.762492345962496,30.70151489882144,31.23435606060606,31.00208968883465,31.00208968883465,31.23435606060606,"rgba(38, 166, 154, 1.0)",0.0,0.0,0.64069994101325,31.92161931818182,1.1446554539373932,0.0,0.0,0.0,0.0,99.5646003976162,49.46734207238603,True,False,True,False,True,20.0,0,1.5902004454342975,0.40979955456570244,False,False,False,False,0.3428282058476854,0.3428282058263926,False,False,False,False,-7.0,17.85113540729216,False,True,False,False,2.4439224271396895,False,True,False,False
2025-07-10 18:00:00+00:00,32.655,32.655,32.655,32.655,0.0,31.31004643962849,31.125845494556405,31.00208968883465,31.00208968883465,31.06912746770657,30.762492345962496,30.70151489882144,31.23435606060606,31.00208968883465,31.00208968883465,31.23435606060606,"rgba(38, 166, 154, 1.0)",0.0,0.0,0.6434292067851062,31.92161931818182,1.1398001117831114,0.0,0.0,0.0,0.0,99.56461352767484,49.48401063601784,True,False,True,False,True,20.0,0,1.5902004454342975,0.40979955456570244,False,False,False,False,0.3428282058476854,0.342828205837039,False,False,False,False,-7.0,17.465846486248868,False,True,True,False,2.4060321569514773,False,True,True,False
2025-07-10 19:00:00+00:00,32.655,32.655,32.655,32.655,0.0,31.31004643962849,31.125845494556405,31.00208968883465,31.00208968883465,31.06912746770657,30.762492345962496,30.70151489882144,31.23435606060606,31.00208968883465,31.00208968883465,31.23435606060606,"rgba(38, 166, 154, 1.0)",0.0,0.0,0.6457214904610263,31.92161931818182,1.135753870131487,0.0,0.0,0.0,0.0,99.56462228104726,49.497902107206144,True,False,True,False,True,20.0,0,1.5902004454342975,0.40979955456570244,False,False,True,False,0.3428282058476854,0.3428282058423622,False,False,False,False,-7.0,17.08653103684966,False,True,True,False,2.368729332812695,False,True,True,False
2025-07-11 14:00:00+00:00,32.655,32.655,32.655,32.655,0.0,31.31004643962849,31.125845494556405,31.00208968883465,31.00208968883465,31.06912746770657,30.762492345962496,30.70151489882144,31.23435606060606,31.00208968883465,31.00208968883465,31.23435606060606,"rgba(38, 166, 154, 1.0)",0.0,0.0,0.6475814324945373,31.92161931818182,1.1324918303990583,0.0,0.0,0.0,0.0,99.56462811662888,49.5094611055854,True,False,True,False,True,20.0,0,1.6527093596059113,0.4532019704433513,False,False,True,False,0.3428282058476854,0.3428282058450238,False,False,False,False,-7.0,16.71309644713106,False,True,True,False,2.332004847032653,False,True,True,False
2025-07-11 15:00:00+00:00,32.655,32.655,32.655,32.655,0.0,31.31004643962849,31.125845494556405,31.00208968883465,31.00208968883465,31.06912746770657,30.762492345962496,30.70151489882144,31.23435606060606,31.00208968883465,31.00208968883465,31.23435606060606,"rgba(38, 166, 154, 1.0)",0.0,0.0,0.6490127499129074,31.92161931818182,1.1299942596144634,0.0,0.0,0.0,0.0,99.56463200701663,49.51906531156661,True,False,True,False,True,20.0,0,1.5467980295566488,0.4532019704433513,False,False,True,False,0.3428282058476854,0.34282820584635465,False,False,False,False,-7.0,16.34545154097399,False,True,True,False,2.29584973312517,False,True,True,False
2025-07-11 16:00:00+00:00,32.655,32.655,32.655,32.655,0.0,31.31004643962849,31.125845494556405,31.00208968883465,31.00208968883465,31.06912746770657,30.762492345962496,30.70151489882144,31.23435606060606,31.00208968883465,31.00208968883465,31.23435606060606,"rgba(38, 166, 154, 1.0)",0.0,0.0,0.6500182741713654,31.92161931818182,1.1282462523889603,0.0,0.0,0.0,0.0,99.56463460060846,49.527034515597066,True,False,True,False,True,20.0,0,1.5467980295566488,0.4532019704433513,False,False,True,False,0.3428282058476854,0.34282820584702,False,False,False,False,-7.0,15.98350655584261,False,True,True,False,2.260255163619353,False,True,True,False
2025-07-11 17:00:00+00:00,32.655,32.655,32.655,32.655,0.0,31.31004643962849,31.125845494556405,31.00208968883465,31.00208968883465,31.06912746770657,30.762492345962496,30.70151489882144,31.23435606060606,31.00208968883465,31.00208968883465,31.23435606060606,"rgba(38, 166, 154, 1.0)",0.0,0.0,0.650599979506068,31.92161931818182,1.1272374806635583,0.0,0.0,0.0,0.0,99.56463632966967,49.533638705833326,True,False,True,False,True,20.0,0,1.5467980295566488,0.4532019704433513,False,False,True,False,0.3428282058476854,0.34282820584735274,False,False,False,False,-7.0,15.627173120868305,False,True,True,False,2.2252124479043243,False,True,True,False
2025-07-11 18:00:00+00:00,32.655,32.655,32.655,32.655,0.0,31.31004643962849,31.125845494556405,31.00208968883465,31.00208968883465,31.06912746770657,30.762492345962496,30.70151489882144,31.23435606060606,31.00208968883465,31.00208968883465,31.23435606060606,"rgba(38, 166, 154, 1.0)",0.0,0.0,0.6507590024573161,31.92161931818182,1.1269620228823278,0.0,0.0,0.0,0.0,99.56463748237715,49.53910522337556,True,False,True,False,True,20.0,0,1.5467980295566488,0.4532019704433513,False,False,True,False,0.3428282058476854,0.34282820584751905,False,False,False,False,-7.0,15.276364235273446,False,True,True,False,2.190713030107358,False,True,True,False
2025-07-11 19:00:00+00:00,32.655,32.655,32.655,32.655,0.0,31.31004643962849,31.125845494556405,31.00208968883465,31.00208968883465,31.06912746770657,30.762492345962496,30.70151489882144,31.23435606060606,31.00208968883465,31.00208968883465,31.23435606060606,"rgba(38, 166, 154, 1.0)",0.0,0.0,0.650495653017417,31.92161931818182,1.1274182670034638,0.0,0.0,0.0,0.0,99.5646382508488,49.543625038854344,True,False,True,False,True,20.0,0,1.5467980295566488,0.4532019704433513,False,False,True,False,0.3428282058476854,0.3428282058476022,False,False,False,False,-7.0,14.930994247129671,False,True,True,False,2.1567484870049185,False,True,True,False
2025-07-14 14:00:00+00:00,32.655,32.655,32.655,32.655,0.0,31.31004643962849,31.125845494556405,31.00208968883465,31.00208968883465,31.06912746770657,30.762492345962496,30.70151489882144,31.23435606060606,31.00208968883465,31.00208968883465,31.23435606060606,"rgba(38, 166, 154, 1.0)",0.0,0.0,0.6498094176597008,31.92161931818182,1.128608884216337,0.0,0.0,0.0,0.0,99.56463876316323,49.54735821850167,True,False,True,False,True,20.0,0,1.5467980295566488,0.4532019704433513,False,False,True,False,0.3428282058476854,0.34282820584764384,False,False,False,False,-7.0,14.59097883244549,False,True,True,False,2.1233105259660827,False,True,True,False
2025-07-14 15:00:00+00:00,32.655,32.655,32.655,32.655,0.0,31.31004643962849,31.125845494556405,31.00208968883465,31.00208968883465,31.06912746770657,30.762492345962496,30.70151489882144,31.23435606060606,31.00208968883465,31.00208968883465,31.23435606060606,"rgba(38, 166, 154, 1.0)",0.0,0.0,0.6437512739425545,31.92161931818182,1.1392298726287668,0.0,0.0,0.0,0.0,99.56463910470619,49.55043865476985,True,False,True,False,True,20.0,0,1.6482939632545912,0.41732283464567105,False,False,True,False,0.3428282058476854,0.3428282058476646,False,False,False,False,-7.0,14.256234974578117,False,True,True,False,2.0903909829278486,False,True,True,False
2025-07-14 16:00:00+00:00,32.655,32.655,32.655,32.655,0.0,31.31004643962849,31.125845494556405,31.00208968883465,31.00208968883465,31.06912746770657,30.762492345962496,30.70151489882144,31.23435606060606,31.00208968883465,31.00208968883465,31.23435606060606,"rgba(38, 166, 154, 1.0)",0.0,0.0,0.6369780711005844,31.92161931818182,1.1513436884114894,0.0,0.0,0.0,0.0,99.5646393324015,49.55297813831723,True,False,True,False,True,20.0,0,1.6482939632545912,0.35170603674540873,False,False,False,False,0.3428282058476854,0.34282820584767504,False,False,False,False,-7.0,13.926680943964502,False,True,False,False,2.0579818204018356,False,True,False,False
2025-07-14 17:00:00+00:00,32.655,32.655,32.655,32.655,0.0,31.31004643962849,31.125845494556405,31.00208968883465,31.00208968883465,31.06912746770657,30.762492345962496,30.70151489882144,31.23435606060606,31.00208968883465,31.00208968883465,31.23435606060606,"rgba(38, 166, 154, 1.0)",0.0,0.0,0.6294667269684057,31.92161931818182,1.1650825220742649,0.0,0.0,0.0,0.0,99.56463948419837,49.555069846443104,True,False,True,False,True,20.0,0,1.6482939632545912,0.35170603674540873,False,False,False,False,0.3428282058476854,0.34282820584768026,False,False,False,False,-7.0,13.602236278166602,False,False,False,False,2.0260751255118845,False,False,False,False
2025-07-14 18:00:00+00:00,32.655,32.655,32.655,32.655,0.0,31.31004643962849,31.125845494556405,31.00208968883465,31.00208968883465,31.06912746770657,30.762492345962496,30.70151489882144,31.23435606060606,31.00208968883465,31.00208968883465,31.23435606060606,"rgba(38, 166, 154, 1.0)",0.0,0.0,0.6211904656339717,31.92161931818182,1.1806051805217461,0.0,0.0,0.0,0.0,99.56463958539628,49.556791319081995,True,False,True,False,True,20.0,0,1.6482939632545912,0.35170603674540873,False,False,False,False,0.3428282058476854,0.3428282058476828,False,False,False,False,-7.0,13.282821762226034,False,False,False,False,1.9946631080620878,False,False,False,False
2025-07-14 19:00:00+00:00,32.655,32.655,32.655,32.655,0.0,31.31004643962849,31.125845494556405,31.00208968883465,31.00208968883465,31.06912746770657,30.762492345962496,30.70151489882144,31.23435606060606,31.00208968883465,31.00208968883465,31.23435606060606,"rgba(38, 166, 154, 1.0)",0.0,0.0,0.6121182612581663,31.92161931818182,1.1981029291803353,0.0,0.0,0.0,0.0,99.56463965286156,49.558206988175556,True,False,True,False,True,20.0,0,1.6482939632545912,0.35170603674540873,False,False,False,False,0.3428282058476854,0.34282820584768414,False,False,False,False,-7.0,12.968359409323304,False,False,False,False,1.9637380986347686,False,False,False,False
2025-07-15 14:00:00+00:00,32.655,32.655,32.655,32.655,0.0,31.31004643962849,31.125845494556405,31.00208968883465,31.00208968883465,31.06912746770657,30.762492345962496,30.70151489882144,31.23435606060606,31.00208968883465,31.00208968883465,31.23435606060606,"rgba(38, 166, 154, 1.0)",0.0,0.0,0.6022141428709789,31.92161931818182,1.2178071380420994,0.0,0.0,0.0,0.0,99.5646396978384,49.559370320284245,True,False,True,False,True,20.0,0,1.6482939632545912,0.35170603674540873,False,False,False,False,0.3428282058476854,0.3428282058476848,False,False,False,False,-7.0,12.658772441736895,False,False,False,False,1.9332925467179505,False,False,False,False
2025-07-15 15:00:00+00:00,32.655,32.655,32.655,32.655,0.0,31.31004643962849,31.125845494556405,31.00208968883465,31.00208968883465,31.06912746770657,30.762492345962496,30.70151489882144,31.23435606060606,31.00208968883465,31.00208968883465,31.23435606060606,"rgba(38, 166, 154, 1.0)",0.0,0.0,0.5914363185659736,31.92161931818182,1.2399994028036267,0.0,0.0,0.0,0.0,99.56463972782296,49.5603256261369,True,False,True,False,True,20.0,0,1.6482939632545912,0.35170603674540873,False,False,False,False,0.3428282058476854,0.34282820584768514,False,False,False,False,-7.0,12.353985272097562,False,False,False,False,1.903319018861858,False,False,False,False
2025-07-15 16:00:00+00:00,32.655,32.655,32.655,32.655,0.0,31.31004643962849,31.125845494556405,31.00208968883465,31.00208968883465,31.06912746770657,30.762492345962496,30.70151489882144,31.23435606060606,31.00208968883465,31.00208968883465,31.23435606060606,"rgba(38, 166, 154, 1.0)",0.0,0.0,0.5855082646110813,31.92161931818182,1.2525539367156915,0.0,0.0,0.0,0.0,99.56463974781268,49.56110958475067,True,False,True,False,True,20.0,0,1.6482939632545912,0.35170603674540873,False,False,False,False,0.3428282058476854,0.34282820584768525,False,False,False,False,-7.0,12.053923484933259,False,False,False,False,1.8738101968639997,False,False,False,False
2025-07-15 17:00:00+00:00,32.655,32.655,32.655,32.655,0.0,31.31004643962849,31.125845494556405,31.00208968883465,31.00208968883465,31.06912746770657,30.762492345962496,30.70151489882144,31.23435606060606,31.00208968883465,31.00208968883465,31.23435606060606,"rgba(38, 166, 154, 1.0)",0.0,0.0,0.5790178854851231,31.92161931818182,1.266594176454029,0.0,0.0,0.0,0.0,99.56463976113915,49.56175252398636,True,False,True,False,True,20.0,0,1.6482939632545912,0.35170603674540873,False,False,False,False,0.3428282058476854,0.34282820584768536,False,False,False,False,-7.0,11.758513818500186,False,False,False,False,1.8447588759823872,False,False,False,False
2025-07-15 18:00:00+00:00,32.655,32.655,32.655,32.655,0.0,31.31004643962849,31.125845494556405,31.00208968883465,31.00208968883465,31.06912746770657,30.762492345962496,30.70151489882144,31.23435606060606,31.00208968883465,31.00208968883465,31.23435606060606,"rgba(38, 166, 154, 1.0)",0.0,0.0,0.5719460379006231,31.92161931818182,1.282255026208625,0.0,0.0,0.0,0.0,99.56463977002346,49.56227949405026,True,False,True,False,True,20.0,0,1.6482939632545912,0.35170603674540873,False,False,False,False,0.3428282058476854,0.34282820584768536,False,False,False,False,-7.0,11.46768414689553,False,False,False,False,1.8161579631764586,False,False,False,False
2025-07-15 19:00:00+00:00,32.655,32.655,32.655,32.655,0.0,31.31004643962849,31.125845494556405,31.00208968883465,31.00208968883465,31.06912746770657,30.762492345962496,30.70151489882144,31.23435606060606,31.00208968883465,31.00208968883465,31.23435606060606,"rgba(38, 166, 154, 1.0)",0.0,0.0,0.5642708601403708,31.92161931818182,1.2996961807238165,0.0,0.0,0.0,0.0,99.56463977594635,49.562711165574726,True,False,True,False,True,20.0,0,1.6482939632545912,0.35170603674540873,False,False,False,False,0.3428282058476854,0.34282820584768536,False,False,False,False,-7.0,11.181363462447537,False,False,False,False,1.7880004753752732,False,False,False,False
2025-07-16 14:00:00+00:00,32.655,32.655,32.655,32.655,0.0,31.31004643962849,31.125845494556405,31.00208968883465,31.00208968883465,31.06912746770657,30.762492345962496,30.70151489882144,31.23435606060606,31.00208968883465,31.00208968883465,31.23435606060606,"rgba(38, 166, 154, 1.0)",0.0,0.0,0.5559673656894454,31.92161931818182,1.3191074280209418,0.0,0.0,0.0,0.0,99.56463977989493,49.563064579528316,True,False,True,False,True,20.0,0,1.6482939632545912,0.35170603674540873,False,False,False,False,0.3428282058476854,0.34282820584768536,False,False,False,False,-7.0,10.899481858378582,False,False,False,False,1.7602795377725557,False,False,False,False
2025-07-16 15:00:00+00:00,32.655,32.655,32.655,32.655,0.0,31.31004643962849,31.125845494556405,31.00208968883465,31.00208968883465,31.06912746770657,30.762492345962496,30.70151489882144,31.23435606060606,31.00208968883465,31.00208968883465,31.23435606060606,"rgba(38, 166, 154, 1.0)",0.0,0.0,0.5470069419984941,31.92161931818182,1.340715492821299,0.0,0.0,0.0,0.0,99.56463978252732,49.56335377231534,True,False,True,False,True,20.0,0,1.6482939632545912,0.35170603674540873,False,False,False,False,0.3428282058476854,0.34282820584768536,False,False,False,False,-7.0,10.621970511737054,False,False,False,False,1.732988382148175,False,False,False,False
2025-07-16 16:00:00+00:00,32.655,32.655,32.655,32.655,0.0,31.31004643962849,31.125845494556405,31.00208968883465,31.00208968883465,31.06912746770657,30.762492345962496,30.70151489882144,31.23435606060606,31.00208968883465,31.00208968883465,31.23435606060606,"rgba(38, 166, 154, 1.0)",0.0,0.0,0.5373567271861414,31.92161931818182,1.3647929665987755,0.0,0.0,0.0,0.0,99.56463978428225,49.56359029600222,True,False,True,False,True,20.0,0,1.6482939632545912,0.35170603674540873,False,False,False,False,0.3428282058476854,0.34282820584768536,False,False,False,False,-7.0,10.348761666593843,False,False,False,False,1.7061203452156453,False,False,False,False
2025-07-16 17:00:00+00:00,32.655,32.655,32.655,32.655,0.0,31.31004643962849,31.125845494556405,31.00208968883465,31.00208968883465,31.06912746770657,30.762492345962496,30.70151489882144,31.23435606060606,31.00208968883465,31.00208968883465,31.23435606060606,"rgba(38, 166, 154, 1.0)",0.0,0.0,0.5269788275487293,31.92161931818182,1.391670107942558,0.0,0.0,0.0,0.0,99.5646397854522,49.563783650622824,True,False,True,False,True,20.0,0,1.6482939632545912,0.35170603674540873,False,False,False,False,0.3428282058476854,0.34282820584768536,False,False,False,False,-7.0,10.079788617499364,False,False,False,False,1.6796688669952475,False,False,False,False
2025-07-16 18:00:00+00:00,32.655,32.655,32.655,32.655,0.0,31.31004643962849,31.125845494556405,31.00208968883465,31.00208968883465,31.06912746770657,30.762492345962496,30.70151489882144,31.23435606060606,31.00208968883465,31.00208968883465,31.23435606060606,"rgba(38, 166, 154, 1.0)",0.0,0.0,0.5158293243814664,31.92161931818182,1.42175065889785,0.0,0.0,0.0,0.0,99.56463978623216,49.563941642926395,True,False,True,False,True,20.0,0,1.6482939632545912,0.35170603674540873,False,False,False,False,0.3428282058476854,0.34282820584768536,False,False,False,False,-7.0,9.814985693197048,False,False,False,False,1.6536274892123755,False,False,False,False
2025-07-16 19:00:00+00:00,32.655,32.655,32.655,32.655,0.0,31.31004643962849,31.125845494556405,31.00208968883465,31.00208968883465,31.06912746770657,30.762492345962496,30.70151489882144,31.23435606060606,31.00208968883465,31.00208968883465,31.23435606060606,"rgba(38, 166, 154, 1.0)",0.0,0.0,0.5038569974445347,31.92161931818182,1.4555333865317892,0.0,0.0,0.0,0.0,99.56463978675214,49.5640706837017,True,False,True,False,True,20.0,0,1.6482939632545912,0.35170603674540873,False,False,False,False,0.3428282058476854,0.34282820584768536,False,False,False,False,-7.0,9.554288240589342,False,False,False,False,1.6279898537207107,False,False,False,False
2025-07-17 14:00:00+00:00,32.655,32.655,32.655,32.655,0.0,31.31004643962849,31.125845494556405,31.00208968883465,31.00208968883465,31.06912746770657,30.762492345962496,30.70151489882144,31.23435606060606,31.00208968883465,31.00208968883465,31.23435606060606,"rgba(38, 166, 154, 1.0)",0.0,0.0,0.49100166051712923,31.92161931818182,1.4936419584523946,0.0,0.0,0.0,0.0,99.5646397870988,49.56417603389913,True,False,True,False,True,20.0,0,1.6482939632545912,0.35170603674540873,False,False,False,False,0.3428282058476854,0.34282820584768536,False,False,False,False,-7.0,9.297632608952297,False,False,False,False,1.602749700949847,False,False,False,False
2025-07-17 15:00:00+00:00,32.655,32.655,32.655,32.655,0.0,31.31004643962849,31.125845494556405,31.00208968883465,31.00208968883465,31.06912746770657,30.762492345962496,30.70151489882144,31.23435606060606,31.00208968883465,31.00208968883465,31.23435606060606,"rgba(38, 166, 154, 1.0)",0.0,0.0,0.47719195525711594,31.92161931818182,1.536867237049354,0.0,0.0,0.0,0.0,99.5646397873299,49.56426200813959,True,False,True,False,True,20.0,0,1.6482939632545912,0.35170603674540873,False,False,False,False,0.3428282058476854,0.34282820584768536,False,False,False,False,-7.0,9.044956134394896,False,False,False,False,1.577900868376981,False,False,False,False
2025-07-17 16:00:00+00:00,32.655,32.655,32.655,32.655,0.0,31.31004643962849,31.125845494556405,31.00208968883465,31.00208968883465,31.06912746770657,30.762492345962496,30.70151489882144,31.23435606060606,31.00208968883465,31.00208968883465,31.23435606060606,"rgba(38, 166, 154, 1.0)",0.0,0.0,0.46483711183648757,31.92161931818182,1.577715425777275,0.0,0.0,0.0,0.0,99.56463978748397,49.564332142811864,True,False,True,False,True,20.0,0,1.6482939632545912,0.35170603674540873,False,False,False,False,0.3428282058476854,0.34282820584768536,False,False,False,False,-7.0,8.796197124559315,False,False,False,False,1.5534372890222992,False,False,False,False
2025-07-17 17:00:00+00:00,32.655,32.655,32.655,32.655,0.0,31.31004643962849,31.125845494556405,31.00208968883465,31.00208968883465,31.06912746770657,30.762492345962496,30.70151489882144,31.23435606060606,31.00208968883465,31.00208968883465,31.23435606060606,"rgba(38, 166, 154, 1.0)",0.0,0.0,0.4515848667657477,31.92161931818182,1.6240151869363062,0.0,0.0,0.0,0.0,99.56463978758669,49.564389334782845,True,False,True,False,True,20.0,0,1.6482939632545912,0.35170603674540873,False,False,False,False,0.3428282058476854,0.34282820584768536,False,False,False,False,-7.0,8.551294843558395,False,False,False,False,1.5293529899676899,False,False,False,False
2025-07-17 18:00:00+00:00,32.655,32.655,32.655,32.655,0.0,31.31004643962849,31.125845494556405,31.00208968883465,31.00208968883465,31.06912746770657,30.762492345962496,30.70151489882144,31.23435606060606,31.00208968883465,31.00208968883465,31.23435606060606,"rgba(38, 166, 154, 1.0)",0.0,0.0,0.43735365119793146,31.92161931818182,1.6768596302086878,0.0,0.0,0.0,0.0,99.56463978765515,49.5644359557523,True,False,True,False,True,20.0,0,1.6482939632545912,0.35170603674540873,False,False,False,False,0.3428282058476854,0.34282820584768536,False,False,False,False,-7.0,8.310189497146636,False,False,False,False,1.5056420908984234,False,False,False,False
2025-07-17 19:00:00+00:00,32.655,32.655,32.655,32.655,0.0,31.31004643962849,31.125845494556405,31.00208968883465,31.00208968883465,31.06912746770657,30.762492345962496,30.70151489882144,31.23435606060606,31.00208968883465,31.00208968883465,31.23435606060606,"rgba(38, 166, 154, 1.0)",0.0,0.0,0.4220444449503614,31.92161931818182,1.7376859015510535,0.0,0.0,0.0,0.0,99.5646397877008,49.56447394644614,True,False,True,False,True,20.0,0,1.6482939632545912,0.35170603674540873,False,False,False,False,0.3428282058476854,0.34282820584768536,False,False,False,False,-7.0,8.072822218121107,False,False,False,False,1.48229880266744,False,False,False,False
2025-07-18 14:00:00+00:00,32.655,32.655,32.655,32.655,0.0,31.31004643962849,31.125845494556405,31.00208968883465,31.00208968883465,31.06912746770657,30.762492345962496,30.70151489882144,31.23435606060606,31.00208968883465,31.00208968883465,31.23435606060606,"rgba(38, 166, 154, 1.0)",0.0,0.0,0.4055351819309003,31.92161931818182,1.8084267765038062,0.0,0.0,0.0,0.0,99.56463978773124,49.56450489413855,True,False,True,False,True,20.0,0,1.6482939632545912,0.35170603674540873,False,False,False,False,0.3428282058476854,0.34282820584768536,False,False,False,False,-7.0,7.839135051948687,False,False,False,False,1.4593174258818982,False,False,False,False
2025-07-18 15:00:00+00:00,32.655,32.655,32.655,32.655,0.0,31.31004643962849,31.125845494556405,31.00208968883465,31.00208968883465,31.06912746770657,30.762492345962496,30.70151489882144,31.23435606060606,31.00208968883465,31.00208968883465,31.23435606060606,"rgba(38, 166, 154, 1.0)",0.0,0.0,0.38767257708918645,31.92161931818182,1.8917527964570575,0.0,0.0,0.0,0.0,99.56463978775153,49.5645300964042,True,False,True,False,True,20.0,0,1.6482939632545912,0.35170603674540873,False,False,False,False,0.3428282058476854,0.34282820584768536,False,False,False,False,-7.0,7.609070942616149,False,False,False,False,1.4366923495116362,False,False,False,False
2025-07-18 16:00:00+00:00,32.655,32.655,32.655,32.655,0.0,31.31004643962849,31.125845494556405,31.00208968883465,31.00208968883465,31.06912746770657,30.762492345962496,30.70151489882144,31.23435606060606,31.00208968883465,31.00208968883465,31.23435606060606,"rgba(38, 166, 154, 1.0)",0.0,0.0,0.36825974969196257,31.92161931818182,1.991476620596283,0.0,0.0,0.0,0.0,99.56463978776506,49.56455061350728,True,False,True,False,True,20.0,0,1.6482939632545912,0.35170603674540873,False,False,False,False,0.3428282058476854,0.34282820584768536,False,False,False,False,-7.0,7.382573718699619,False,False,False,False,1.4144180495192076,False,False,False,False
2025-07-18 17:00:00+00:00,32.655,32.655,32.655,32.655,0.0,31.31004643962849,31.125845494556405,31.00208968883465,31.00208968883465,31.06912746770657,30.762492345962496,30.70151489882144,31.23435606060606,31.00208968883465,31.00208968883465,31.23435606060606,"rgba(38, 166, 154, 1.0)",0.0,0.0,0.3470366442212921,31.92161931818182,2.113265829502817,0.0,0.0,0.0,0.0,99.56463978777407,49.56456731142302,True,False,True,False,True,20.0,0,1.6482939632545912,0.35170603674540873,False,False,False,False,0.3428282058476854,0.34282820584768536,False,False,False,False,-7.0,7.159588079650012,False,False,False,False,1.3924890875111577,False,False,False,False
2025-07-18 18:00:00+00:00,32.655,32.655,32.655,32.655,0.0,31.31004643962849,31.125845494556405,31.00208968883465,31.00208968883465,31.06912746770657,30.762492345962496,30.70151489882144,31.23435606060606,31.00208968883465,31.00208968883465,31.23435606060606,"rgba(38, 166, 154, 1.0)",0.0,0.0,0.3236473305845999,31.92161931818182,2.2659871178096447,0.0,0.0,0.0,0.0,99.56463978778008,49.56458089714279,True,False,True,False,True,20.0,0,1.6482939632545912,0.35170603674540873,False,False,False,False,0.3428282058476854,0.34282820584768536,False,False,False,False,-7.0,6.940059582291097,False,False,False,False,1.3709001094102096,False,False,False,False
2025-07-18 19:00:00+00:00,32.655,32.655,32.655,32.655,0.0,31.31004643962849,31.125845494556405,31.00208968883465,31.00208968883465,31.06912746770657,30.762492345962496,30.70151489882144,31.23435606060606,31.00208968883465,31.00208968883465,31.23435606060606,"rgba(38, 166, 154, 1.0)",0.0,0.0,0.297581467382752,31.92161931818182,2.464470278570479,0.0,0.0,0.0,0.0,99.56463978778409,49.564591947628685,True,False,True,False,True,20.0,0,1.6482939632545912,0.35170603674540873,False,False,False,False,0.3428282058476854,0.34282820584768536,False,False,False,False,-7.0,6.723934627526893,False,False,False,False,1.3496458441480357,False,False,False,False
2025-07-21 14:00:00+00:00,32.655,32.655,32.655,32.655,0.0,31.31004643962849,31.125845494556405,31.00208968883465,31.00208968883465,31.06912746770657,30.762492345962496,30.70151489882144,31.23435606060606,31.00208968883465,31.00208968883465,31.23435606060606,"rgba(38, 166, 154, 1.0)",0.0,0.0,0.268059392370011,31.92161931818182,2.7358887720146505,0.0,0.0,0.0,0.0,99.56463978778676,49.564600933545705,True,False,True,False,True,20.0,0,1.6482939632545912,0.35170603674540873,False,False,False,False,0.3428282058476854,0.34282820584768536,False,False,False,False,-7.0,6.5111604472551585,False,False,False,False,1.3287211023782985,False,False,False,False
2025-07-21 15:00:00+00:00,32.655,32.655,32.655,32.655,0.0,31.31004643962849,31.125845494556405,31.00208968883465,31.00208968883465,31.06912746770657,30.762492345962496,30.70151489882144,31.23435606060606,31.00208968883465,31.00208968883465,31.23435606060606,"rgba(38, 166, 154, 1.0)",0.0,0.0,0.23377535994809223,31.92161931818182,3.137117110977921,0.0,0.0,0.0,0.0,99.56463978778854,49.564608238702135,True,False,True,False,True,20.0,0,1.6482939632545912,0.35170603674540873,False,False,False,False,0.3428282058476854,0.34282820584768536,False,False,False,False,-7.0,6.30168509148376,False,False,False,False,1.3081207752096426,False,False,False,False
2025-07-21 16:00:00+00:00,32.655,32.655,32.655,32.655,0.0,31.31004643962849,31.125845494556405,31.00208968883465,31.00208968883465,31.06912746770657,30.762492345962496,30.70151489882144,31.23435606060606,31.00208968883465,31.00208968883465,31.23435606060606,"rgba(38, 166, 154, 1.0)",0.0,0.0,0.19219774445324186,31.92161931818182,3.8157611261489106,0.0,0.0,0.0,0.0,99.56463978778973,49.564614175965644,True,False,True,False,True,20.0,0,1.6482939632545912,0.35170603674540873,False,False,False,False,0.3428282058476854,0.34282820584768536,False,False,False,False,-7.0,6.095457415646802,False,False,False,False,1.2878398329583303,False,False,False,False
2025-07-21 17:00:00+00:00,32.655,32.655,32.18,32.18,10.0,31.340925925925934,31.134213250517597,31.010193046290677,31.010193046290677,31.072213307399313,30.771486872146117,30.706956449468088,31.28235507246377,31.010193046290677,31.010193046290677,31.28235507246377,"rgba(239, 83, 80, 1.0)",0.0,0.0,0.1467259196441985,32.338333333333345,-1.0791094969266126,0.0,0.0,0.0,0.0,66.39208246000915,19.709358980290446,False,True,True,False,False,0.0,0,1.3193277310924354,0.4810924369747915,False,False,False,False,0.23124886395657113,0.2870385349021283,False,False,False,False,-17.0,5.737388308427471,False,False,False,False,1.4229120836101392,False,False,False,False
