date,Open,High,Low,Close,Volume,Gap_Up_aVWAP_443,Gap_Up_aVWAP_438,Gap_Up_aVWAP_434,Gap_Up_aVWAP_427,Gap_Up_aVWAP_426,Gap_Up_aVWAP_425,Gap_Up_aVWAP_420,Gap_Up_aVWAP_418,Gap_Up_aVWAP_417,Gap_Up_aVWAP_406,Gap_Down_aVWAP_437,Gap_Down_aVWAP_436,Gap_Down_aVWAP_435,Gap_Down_aVWAP_433,Gap_Down_aVWAP_424,Gap_Down_aVWAP_421,Gap_Down_aVWAP_419,Gap_Down_aVWAP_413,Gap_Down_aVWAP_404,Gap_Down_aVWAP_400,aVWAP_OB_bull_414,aVWAP_OB_bull_296,color,Liquidity,Liquidity_Level,StDev,StDev_Mean,StdDev_ZScore,OB,OB_High,OB_Low,OB_Mitigated_Index,FVG,FVG_High,FVG_Low,FVG_Mitigated_Index,QQEMOD,QQE1_Value,QQE1_Above_Upper,QQE1_Below_Lower,QQE2_Above_Threshold,QQE2_Below_Threshold,QQE2_Above_TL,banker_RSI,TTM_squeeze_Active,VI_plus,VI_minus,VI_Regular_Bullish,VI_Regular_Bearish,VI_Hidden_Bullish,VI_Hidden_Bearish,Fisher,Fisher_Signal,Fisher_Regular_Bullish,Fisher_Regular_Bearish,Fisher_Hidden_Bullish,Fisher_Hidden_Bearish,OBV,OBV_Smoothed,OBV_Regular_Bullish,OBV_Regular_Bearish,OBV_Hidden_Bullish,OBV_Hidden_Bearish,Volume_MA,Vol_Regular_Bullish,Vol_Regular_Bearish,Vol_Hidden_Bullish,Vol_Hidden_Bearish
2024-02-20 17:00:00+00:00,6.465,6.48,6.45,6.46,315.0,,,,,,,,,,,,,,,,,,,,,,,"rgba(38, 166, 154, 1.0)",0.0,0.0,,,,0.0,0.0,0.0,0.0,0.0,0.0,0.0,0.0,,,False,False,False,False,False,,0,,,False,False,False,False,,,False,False,False,False,0.0,0.0,False,False,False,False,315.0,False,False,False,False
2024-02-21 17:00:00+00:00,6.46,6.485,6.46,6.48,300.0,,,,,,,,,,,,,,,,,,,,,,,"rgba(38, 166, 154, 1.0)",0.0,0.0,,,,0.0,0.0,0.0,0.0,0.0,0.0,0.0,0.0,100.0,,False,False,True,False,False,,0,,,False,False,False,False,,,False,False,False,False,300.0,4.651162790697675,False,False,False,False,314.7674418604651,False,False,False,False
2024-02-22 17:00:00+00:00,6.5,6.5,6.46,6.465,149.0,,,,,,,,,,,,,,,,,,,,,,,"rgba(239, 83, 80, 1.0)",0.0,0.0,,,,0.0,0.0,0.0,0.0,0.0,0.0,0.0,0.0,84.74576271186429,-3.3898305084749936,False,False,True,False,True,,0,,,False,False,False,False,,,False,False,False,False,151.0,6.920137010996935,False,False,False,False,312.1974040021633,False,False,False,False
2024-02-23 17:00:00+00:00,6.53,6.53,6.48,6.485,632.0,,,,,,,,,,,,,,,,,,,,,,,"rgba(38, 166, 154, 1.0)",0.0,0.0,,,,0.0,0.0,0.0,0.0,0.0,0.0,0.0,0.0,80.78528234392283,-3.3898305084749936,False,False,True,False,True,,0,,,False,False,False,False,,,False,False,False,False,783.0,18.952382948810936,False,False,False,False,317.15558378507546,False,False,False,False
2024-02-26 17:00:00+00:00,6.445,6.445,6.41,6.41,1428.0,,,,,,,,,,,,,,,,,,,,,,,"rgba(239, 83, 80, 1.0)",0.0,0.0,,,,0.0,0.0,0.0,0.0,0.0,0.0,0.0,0.0,62.795574578469996,-3.3898305084749936,False,False,True,False,False,,0,,,False,False,False,False,,,False,False,False,False,-645.0,8.658547554255726,False,False,False,False,334.37797783491925,False,False,False,False
2024-02-27 17:00:00+00:00,6.48,6.48,6.43,6.44,2548.0,,,,,,,,,,,,,,,,,,,,,,,"rgba(38, 166, 154, 1.0)",0.0,0.0,,,,0.0,0.0,0.0,0.0,0.0,0.0,0.0,0.0,56.20385550108255,-3.3898305084749936,False,False,False,False,False,,0,,,False,False,False,False,,,False,False,False,False,1903.0,38.02818247589517,False,False,False,False,368.6976991087965,False,False,False,False
2024-02-28 17:00:00+00:00,6.435,6.455,6.435,6.45,310.0,,,,,,,,,,,,,,,,,,,,,,,"rgba(239, 83, 80, 1.0)",0.0,0.0,,,,0.0,0.0,0.0,0.0,0.0,0.0,0.0,0.0,53.26551221087031,-3.3898305084749936,False,False,False,False,False,,0,,,False,False,False,False,,,False,False,False,False,2213.0,71.74867577084254,False,False,False,False,367.78765726214846,False,False,False,False
2024-02-29 17:00:00+00:00,6.47,6.47,6.47,6.47,100.0,,,,,,,,,,,,,,,,,,,,,,,"rgba(239, 83, 80, 1.0)",0.0,0.0,,,,0.0,0.0,0.0,0.0,0.0,0.0,0.0,0.0,53.886682306394874,-3.3898305084749936,False,False,True,False,False,,0,,,False,False,False,False,,,False,False,False,False,2313.0,106.49675831703101,False,False,False,False,363.6359106379291,False,False,False,False
2024-03-01 17:00:00+00:00,6.475,6.495,6.475,6.49,924.0,,,,,,,,,,,,,,,,,,,,,,,"rgba(239, 83, 80, 1.0)",0.0,0.0,,,,0.0,0.0,0.0,0.0,0.0,0.0,0.0,0.0,56.42479554085191,-3.3898305084749936,False,False,True,False,False,,0,,,False,False,False,False,,,False,False,False,False,3237.0,155.03169229661194,False,False,False,False,372.3237259768759,False,False,False,False
2024-03-04 17:00:00+00:00,6.5,6.5,6.49,6.49,100.0,,,,,,,,,,,,,,,,,,,,,,,"rgba(239, 83, 80, 1.0)",0.0,0.0,,,,0.0,0.0,0.0,0.0,0.0,0.0,0.0,0.0,58.11687103048993,-3.3898305084749936,False,False,True,False,False,,0,,,False,False,False,False,,,False,False,False,False,3237.0,202.8141466796102,False,False,False,False,368.10165270591654,False,False,False,False
2024-03-05 17:00:00+00:00,6.49,6.505,6.44,6.445,1384.0,,,,,,,,,,,,,,,,,,,,,,,"rgba(239, 83, 80, 1.0)",0.0,0.0,,,,0.0,0.0,0.0,0.0,0.0,0.0,0.0,0.0,53.34193368064524,-3.3898305084749936,False,False,True,False,False,,0,,,False,False,False,False,,,False,False,False,False,1853.0,228.39842347527514,False,False,False,False,383.8520146794682,False,False,False,False
2024-03-06 17:00:00+00:00,6.5,6.52,6.495,6.51,105.0,,,,,,,,,,,,,,,,,,,,,,,"rgba(38, 166, 154, 1.0)",0.0,0.0,,,,0.0,0.0,0.0,0.0,0.0,0.0,0.0,0.0,56.13092775874243,-3.3898305084749936,False,False,True,False,False,,0,,,False,False,False,False,,,False,False,False,False,1958.0,255.21395179348792,False,False,False,False,379.52872763017416,False,False,False,False
2024-03-07 17:00:00+00:00,6.5,6.52,6.49,6.495,1099.0,,,,,,,,,,,,,,,,,,,,,,,"rgba(239, 83, 80, 1.0)",0.0,0.0,,,,0.0,0.0,0.0,0.0,0.0,0.0,0.0,0.0,56.41811788487288,-3.3898305084749936,False,False,True,False,False,,0,,,False,False,False,False,,,False,False,False,False,859.0,264.57497579668967,False,False,False,False,390.68332100024895,False,False,False,False
2024-03-08 17:00:00+00:00,6.545,6.59,6.54,6.555,1650.0,,,,,,,,,,,,,,,,,,,,,,,"rgba(38, 166, 154, 1.0)",0.0,0.0,,6.561666666666666,,0.0,0.0,0.0,0.0,0.0,0.0,0.0,0.0,60.27835599808891,-3.3898305084749936,False,False,True,False,False,,0,,,False,False,False,False,,,False,False,False,False,2509.0,299.3722629936402,False,False,False,False,410.2076105971443,False,False,False,False
2024-03-11 17:00:00+00:00,6.575,6.59,6.575,6.59,505.0,,,,,,,,,,,,,,,,,,,,,,,"rgba(38, 166, 154, 1.0)",0.0,0.0,,6.5760672853828295,,0.0,0.0,0.0,0.0,0.0,0.0,0.0,0.0,64.38572271892747,-1.9211963109929826,False,False,True,False,False,,0,,,False,False,False,False,,,False,False,False,False,3014.0,341.45951473017294,False,False,False,False,411.6772600452506,False,False,False,False
2024-03-12 17:00:00+00:00,6.58,6.58,6.57,6.57,331.0,,,,,,,,,,,,,,,,,,,,,,,"rgba(38, 166, 154, 1.0)",0.0,0.0,,6.5741703451609705,,0.0,0.0,0.0,0.0,0.0,0.0,0.0,0.0,65.07620139866705,0.2812931804594072,False,False,True,False,False,,0,,,False,False,False,False,,,False,False,False,False,2683.0,377.76246799017025,False,False,False,False,410.4264498119909,False,False,False,False
2024-03-13 17:00:00+00:00,6.57,6.58,6.56,6.58,600.0,,,,,,,,,,,,,,,,,,,,,,,"rgba(38, 166, 154, 1.0)",0.0,0.0,,6.573220404952789,,0.0,0.0,0.0,0.0,0.0,0.0,0.0,0.0,66.04452650504709,2.712269024425936,False,False,True,False,False,,0,,,False,False,False,False,,,False,False,False,False,3283.0,422.8049103469118,False,False,False,False,413.36557462110727,False,False,False,False
2024-03-14 17:00:00+00:00,6.58,6.58,6.48,6.5,1267.0,,,,,,,,,,,,,,,,,,,,,,,"rgba(239, 83, 80, 1.0)",0.0,0.0,,6.5526274007515966,,0.0,0.0,0.0,0.0,0.0,0.0,0.0,0.0,60.11326403704058,2.712269024425936,False,False,True,False,False,,0,,,False,False,False,False,,,False,False,False,False,2016.0,447.5056094113008,False,False,False,False,426.6002168750436,False,False,False,False
2024-03-15 17:00:00+00:00,6.51,6.515,6.5,6.5,13.0,,,,,,,,,,,,,,,,,,,,,,,"rgba(239, 83, 80, 1.0)",0.0,0.0,,6.552444422874486,,0.0,0.0,0.0,0.0,0.0,0.0,0.0,0.0,56.159089058369574,2.712269024425936,False,False,True,False,False,,0,,,False,False,False,False,,,False,False,False,False,2016.0,471.82335190104806,False,False,False,False,420.18781041186463,False,False,False,False
2024-03-18 17:00:00+00:00,6.485,6.5,6.47,6.48,300.0,,,,,,,,,,,,,,,,,,,,,,,"rgba(239, 83, 80, 1.0)",0.0,0.0,,6.546823243837789,,0.0,0.0,0.0,0.0,0.0,0.0,0.0,0.0,52.170214532267515,13.465052477100897,False,False,False,False,False,,0,,,False,False,False,False,,,False,False,False,False,1716.0,491.11291233669067,False,False,False,False,418.32443350625437,False,False,False,False
2024-03-19 17:00:00+00:00,6.49,6.515,6.49,6.5,1974.0,,,,,,,,,,,,,,,,,,,,,,,"rgba(239, 83, 80, 1.0)",0.0,0.0,,6.531335894177913,,0.0,0.0,0.0,0.0,0.0,0.0,0.0,0.0,51.11900719294614,11.748753220950164,False,False,False,False,False,,0,,,False,False,False,False,,,False,False,False,False,3690.0,540.7080609826335,False,False,False,False,442.4434345371651,False,False,False,False
2024-03-20 17:00:00+00:00,6.515,6.545,6.5,6.54,1349.0,,,,,,,,,,,,,,,,,,,,,,,"rgba(239, 83, 80, 1.0)",0.0,0.0,,6.530857472505527,,0.0,0.0,0.0,0.0,0.0,0.0,0.0,0.0,53.18534584342988,11.748753220950164,False,False,True,False,False,,0,,,False,False,False,False,,,False,False,False,False,5039.0,610.4490212774763,False,False,False,False,456.49857508697653,False,False,False,False
2024-03-21 17:00:00+00:00,6.485,6.5,6.46,6.485,8545.0,,,,,,,,,,,,,,,,,,,,,,,"rgba(239, 83, 80, 1.0)",0.0,0.0,,6.496640545574267,,0.0,0.0,0.0,0.0,0.0,0.0,0.0,0.0,50.718851242517474,10.139313204944457,False,False,False,False,False,,0,,,False,False,False,False,,,False,False,False,False,-3506.0,546.6281062189107,False,False,False,False,581.9016979538451,False,False,False,False
2024-03-22 17:00:00+00:00,6.49,6.495,6.485,6.485,192.0,,,,,,,,,,,,,,,,,,,,,,,"rgba(239, 83, 80, 1.0)",0.0,0.0,,6.496563162448254,,0.0,0.0,0.0,0.0,0.0,0.0,0.0,0.0,49.07452150857587,7.920953637749882,False,False,False,False,False,,0,,,False,False,False,False,,,False,False,False,False,-3506.0,483.79666271164075,False,False,False,False,575.8567103886692,False,False,False,False
2024-03-25 17:00:00+00:00,6.51,6.515,6.5,6.505,125.0,,,,,,,,,,,,,,,,,,,,,,,"rgba(239, 83, 80, 1.0)",0.0,0.0,,6.496695046207026,,0.0,0.0,0.0,0.0,0.0,0.0,0.0,0.0,49.50982487201622,7.678550959085399,False,False,False,False,False,,0,,,False,False,False,False,,,False,False,False,False,-3381.0,423.87733460758426,False,False,False,False,568.8666838710154,False,False,False,False
2024-03-26 17:00:00+00:00,6.52,6.53,6.51,6.53,1505.0,,,,,,,,,,,,,,,,,,,,,,,"rgba(239, 83, 80, 1.0)",0.0,0.0,,6.499806485981697,,0.0,0.0,0.0,0.0,0.0,0.0,0.0,0.0,51.56130348836112,7.678550959085399,False,False,False,False,False,,0,,,False,False,False,False,,,False,False,False,False,-1876.0,388.2203216679318,False,False,False,False,583.3803786947207,False,False,False,False
2024-03-27 17:00:00+00:00,6.57,6.595,6.56,6.595,500.0,,,,,,,,,,,,,,,,,,,,,,,"rgba(239, 83, 80, 1.0)",0.0,0.0,,6.502708003980081,,0.0,0.0,0.0,0.0,0.0,0.0,0.0,0.0,56.43885556648033,7.678550959085399,False,False,True,False,True,,0,,,False,False,False,False,,,False,False,False,False,-1376.0,360.86806861881655,False,False,False,False,582.0876596451901,False,False,False,False
2024-03-28 17:00:00+00:00,6.62,6.64,6.6,6.64,700.0,,,,,,,,,,,,,,,,,,,,,,,"rgba(38, 166, 154, 1.0)",0.0,0.0,,6.50838392826995,,0.0,0.0,0.0,0.0,0.0,0.0,0.0,0.0,61.4496039494437,3.9151816583214085,False,False,True,False,True,,0,,,False,False,False,False,,,False,False,False,False,-676.0,344.79259468674184,False,False,False,False,583.9157579452647,False,False,False,False
2024-03-29 17:00:00+00:00,6.64,6.64,6.64,6.64,0.0,,,,,,,,,,,,,,,,,,,,,,,"rgba(38, 166, 154, 1.0)",0.0,0.0,,6.50838392826995,,0.0,0.0,0.0,0.0,0.0,0.0,0.0,0.0,64.79010287141928,7.163344912354532,False,False,True,False,True,,0,,,False,False,False,False,,,False,False,False,False,-676.0,328.9663529086528,False,False,False,False,574.8628004577412,False,False,False,False
2024-04-01 17:00:00+00:00,6.635,6.68,6.635,6.67,1422.0,,,,,,,,,,,,,,,,,,,,,,,"rgba(38, 166, 154, 1.0)",0.0,0.0,,6.521304500396943,,0.0,0.0,0.0,0.0,0.0,0.0,0.0,0.0,68.12384532921301,10.409688615248314,False,False,True,False,True,,0,,,False,False,False,False,,,False,False,False,False,746.0,335.43199084805354,False,False,False,False,587.9967105281638,False,False,False,False
2024-04-02 17:00:00+00:00,6.64,6.645,6.63,6.63,100.0,,,,,,,,,,,,,,,,,,,,,,,"rgba(38, 166, 154, 1.0)",0.0,0.0,,6.521971858974164,,0.0,0.0,0.0,0.0,0.0,0.0,0.0,0.0,66.64102862132407,10.409688615248314,False,False,True,False,True,,0,,,False,False,False,False,,,False,False,False,False,646.0,340.2469987418822,False,False,False,False,580.4308700548589,False,False,False,False
2024-04-03 17:00:00+00:00,6.66,6.68,6.655,6.655,474.0,,,,,,,,,,,,,,,,,,,,,,,"rgba(38, 166, 154, 1.0)",0.0,0.0,,6.525789456387758,,0.0,0.0,0.0,0.0,0.0,0.0,0.0,0.0,66.79810303730517,10.409688615248314,False,False,True,False,True,,0,,,False,False,False,False,,,False,False,False,False,1120.0,352.33619255983746,False,False,False,False,578.7807790462565,False,False,False,False
2024-04-04 17:00:00+00:00,6.635,6.65,6.605,6.605,229.0,,,,,,,,,,,,,,,,,,,,,,,"rgba(38, 166, 154, 1.0)",0.0,0.0,,6.527001677619446,,0.0,0.0,0.0,0.0,0.0,0.0,0.0,0.0,62.97633084471981,10.409688615248314,False,False,True,False,False,,0,,,False,False,False,False,,,False,False,False,False,891.0,360.6875694193748,False,False,False,False,573.3578212315858,False,False,False,False
2024-04-05 17:00:00+00:00,6.64,6.655,6.635,6.64,104.0,,,,,,,,,,,,,,,,,,,,,,,"rgba(38, 166, 154, 1.0)",0.0,0.0,,6.527676666002222,,0.0,0.0,0.0,0.0,0.0,0.0,0.0,0.0,62.23655299768062,10.409688615248314,False,False,True,False,False,,0,,,False,False,False,False,,,False,False,False,False,995.0,370.52187066868686,False,False,False,False,566.0809557861348,False,False,False,False
2024-04-08 17:00:00+00:00,6.62,6.635,6.62,6.635,0.0,,,,,,,,,,,,,,,,,,,,,,,"rgba(38, 166, 154, 1.0)",0.0,0.0,,6.527676666002222,,0.0,0.0,0.0,0.0,0.0,0.0,0.0,0.0,61.35567922222521,10.409688615248314,False,False,True,False,False,,0,,,False,False,False,False,,,False,False,False,False,995.0,380.20370213118787,False,False,False,False,557.304506859218,False,False,False,False
2024-04-09 17:00:00+00:00,6.665,6.685,6.665,6.675,100.0,,,,,,,,,,,,,,,,,,,,,,,"rgba(38, 166, 154, 1.0)",0.0,0.0,,6.565120028648576,,0.0,0.0,0.0,0.0,0.0,0.0,0.0,0.0,62.74786905251983,10.409688615248314,False,False,True,False,False,,0,,,False,False,False,False,,,False,False,False,False,1095.0,391.28581527644076,False,False,False,False,550.2145145048115,False,False,False,False
2024-04-10 17:00:00+00:00,6.575,6.575,6.545,6.555,764.0,,,,,,,,,,,,,,,,,,,,,,,"rgba(239, 83, 80, 1.0)",0.0,0.0,,6.540240003778534,,0.0,0.0,0.0,0.0,0.0,0.0,0.0,0.0,56.43347332820922,12.679280374095377,False,False,True,False,False,,0,,,False,False,False,False,,,False,False,False,False,331.0,390.3511514737053,False,False,False,False,553.5290181558997,False,False,False,False
2024-04-11 17:00:00+00:00,6.565,6.595,6.565,6.585,99.0,,,,,,,,,,,,,,,,,,,,,,,"rgba(239, 83, 80, 1.0)",0.0,0.0,,6.540696459711194,,0.0,0.0,0.0,0.0,0.0,0.0,0.0,0.0,53.821623037752786,10.180128520740638,False,False,True,False,False,,0,,,False,False,False,False,,,False,False,False,False,430.0,390.9658623035703,False,False,False,False,546.4820566341028,False,False,False,False
2024-04-12 17:00:00+00:00,6.535,6.535,6.49,6.5,200.0,,,,,,,,,,,,,,,,,,,,,,,"rgba(239, 83, 80, 1.0)",0.0,0.0,,6.5377539977746215,,0.0,0.0,0.0,0.0,0.0,0.0,0.0,0.0,48.61757551288455,5.314272528784791,False,False,False,True,False,,0,,,False,False,False,False,,,False,False,False,False,230.0,388.47026753917385,False,False,False,False,541.1102418025663,False,False,False,False
2024-04-15 17:00:00+00:00,6.465,6.465,6.415,6.415,0.0,,,,,,,,,,,,,,,,,,,,,,,"rgba(239, 83, 80, 1.0)",0.0,0.0,,6.5377539977746215,,0.0,0.0,0.0,0.0,0.0,0.0,0.0,0.0,42.67907949278831,-0.08179918887390158,False,False,False,True,False,,0,,,False,False,False,False,,,False,False,False,False,230.0,386.0133641664735,False,False,False,False,532.7209357281079,False,False,False,False
2024-04-16 17:00:00+00:00,6.375,6.375,6.355,6.37,1123.0,,,,,,,,,,,,,,,,,,,,,,,"rgba(239, 83, 80, 1.0)",0.0,0.0,,6.478966203322831,,0.0,0.0,0.0,0.0,0.0,0.0,0.0,0.0,37.657299763115006,-4.543814244753364,False,False,False,True,False,,0,,,False,False,False,False,,,False,False,False,False,-893.0,366.18369960575296,False,False,False,False,541.8725491276721,False,False,False,False
2024-04-17 17:00:00+00:00,6.41,6.445,6.405,6.445,200.0,,,,,,,,,,,,,,,,,,,,,,,"rgba(239, 83, 80, 1.0)",0.0,0.0,,6.479861938033288,,0.0,0.0,0.0,0.0,1.0,6.44,6.375,0.0,38.23126262840783,-4.543814244753364,False,True,False,True,False,,0,,,False,False,False,False,,,False,False,False,False,-693.0,349.762246898687,False,False,False,False,536.5721995287934,False,False,False,False
2024-04-18 17:00:00+00:00,6.44,6.465,6.44,6.465,945.0,,,,,,,,,,,,,,,,,,,,,,,"rgba(239, 83, 80, 1.0)",0.0,0.0,,6.4845287440524615,,0.0,0.0,0.0,0.0,1.0,6.465,6.445,0.0,39.55340609985461,-4.543814244753364,False,True,False,True,False,,0,,,False,False,False,False,,,False,False,False,False,252.0,348.2465531483198,False,False,False,False,542.9044134895872,False,False,False,False
2024-04-19 17:00:00+00:00,6.5,6.5,6.465,6.465,400.0,,,,,,,,,,,,,,,,,,,,,,,"rgba(239, 83, 80, 1.0)",0.0,0.0,,6.4864119307417925,,0.0,0.0,0.0,0.0,0.0,0.0,0.0,0.0,40.434835080819134,-4.543814244753364,False,True,False,True,True,,0,,,False,False,False,False,,,False,False,False,False,252.0,346.7543585258652,False,False,False,False,540.688841187423,False,False,False,False
2024-04-22 17:00:00+00:00,6.49,6.505,6.49,6.505,300.0,,,,,,,,,,,,,,,,,,,,,,,"rgba(239, 83, 80, 1.0)",0.0,0.0,,6.48843965180375,,0.0,0.0,0.0,0.0,0.0,0.0,0.0,0.0,43.05123646764385,-4.543814244753364,False,True,False,True,True,,0,,,False,False,False,False,,,False,False,False,False,552.0,349.9364614944564,False,False,False,False,536.9572312465327,False,False,False,False
2024-04-23 17:00:00+00:00,6.58,6.58,6.56,6.56,530.0,,,,,,,,,,,,,,,,,,,,,,,"rgba(38, 166, 154, 1.0)",0.0,0.0,,6.495649541896877,,0.0,0.0,0.0,0.0,0.0,0.0,0.0,0.0,47.21004898377493,-10.026786108878056,False,True,False,False,True,,0,,,False,False,False,False,,,False,False,False,False,1082.0,361.2862837968679,False,False,False,False,536.8493671961988,False,False,False,False
2024-04-24 17:00:00+00:00,6.555,6.58,6.555,6.575,416.0,,,,,,,,,,,,,,,,,,,,,,,"rgba(38, 166, 154, 1.0)",0.0,0.0,,6.500313337046725,,0.0,0.0,0.0,0.0,0.0,0.0,0.0,0.0,50.59340306563242,-6.678924276730626,False,True,False,False,True,,0,,,False,False,False,False,,,False,False,False,False,1498.0,378.90975226513353,False,False,False,False,534.9757335962578,False,False,False,False
2024-04-25 17:00:00+00:00,6.54,6.56,6.54,6.56,92.0,,,,,,,,,,,,,,,,,,,,,,,"rgba(38, 166, 154, 1.0)",0.0,0.0,,6.501061342491591,,0.0,0.0,0.0,0.0,0.0,0.0,0.0,0.0,52.001936841306794,-5.1430658247436085,False,False,True,False,True,,0,,,False,False,False,False,,,False,False,False,False,1406.0,394.8336320749764,False,False,False,False,528.1078927653081,False,False,False,False
2024-04-26 17:00:00+00:00,6.585,6.59,6.56,6.56,963.0,,,,,,,,,,,,,,,,,,,,,,,"rgba(38, 166, 154, 1.0)",0.0,0.0,,6.509044440297787,,0.0,0.0,0.0,0.0,0.0,0.0,0.0,0.0,52.940959358423044,-3.9306576598568768,False,False,True,False,True,,0,,,False,False,False,False,,,False,False,False,False,1406.0,410.5106300273023,False,False,False,False,534.8504060557684,False,False,False,False
2024-04-29 17:00:00+00:00,6.585,6.595,6.56,6.565,800.0,,,,,,,,,,,,,,,,,,,,,,,"rgba(38, 166, 154, 1.0)",0.0,0.0,,6.51423441585128,,0.0,0.0,0.0,0.0,0.0,0.0,0.0,0.0,53.84327982526314,-2.6687377443964806,False,False,True,False,True,4.127256995688008,0,,,False,False,False,False,,,False,False,False,False,2206.0,438.34767452300304,False,False,False,False,538.9612524735085,False,False,False,False
2024-04-30 17:00:00+00:00,6.56,6.57,6.555,6.56,45.0,,,,,,,,,,,,,,,,,,,,,,,"rgba(38, 166, 154, 1.0)",0.0,0.0,,6.51444694740894,,0.0,0.0,0.0,0.0,0.0,0.0,0.0,0.0,54.06971339488507,-1.9743231818333697,False,False,True,False,True,3.752425455709556,0,,,False,False,False,False,,,False,False,False,False,2161.0,465.05546251489443,False,False,False,False,531.302938481671,False,False,False,False
2024-05-01 17:00:00+00:00,6.6,6.64,6.6,6.63,1104.0,,,,,,,,,,,,,,,,,,,,,,,"rgba(38, 166, 154, 1.0)",0.0,0.0,,6.52417048396854,,0.0,0.0,0.0,0.0,1.0,6.63,6.57,0.0,57.88258553789315,1.998531045424997,True,False,True,False,True,8.268322368677214,0,,,False,False,False,False,,,False,False,False,False,3265.0,508.46545534412087,False,False,False,False,540.1819626912575,False,False,False,False
2024-05-02 17:00:00+00:00,6.63,6.645,6.63,6.64,0.0,,,,,,,,,,,,,,,,,,,,,,,"rgba(38, 166, 154, 1.0)",0.0,0.0,,6.52417048396854,,0.0,0.0,0.0,0.0,1.0,6.66,6.64,0.0,60.854175010846674,5.01071228470208,True,False,True,False,True,8.879246964781352,0,,,False,False,False,False,,,False,False,False,False,3265.0,551.2024250287081,False,False,False,False,531.8070485410054,False,False,False,False
2024-05-03 17:00:00+00:00,6.665,6.665,6.66,6.66,100.0,,,,,,,,,,,,,,,,,,,,,,,"rgba(38, 166, 154, 1.0)",0.0,0.0,,6.525226146523742,,0.0,0.0,0.0,0.0,0.0,0.0,0.0,0.0,63.69368782941315,7.825991060904769,True,False,True,False,True,10.091959826217835,0,,,False,False,False,False,,,False,False,False,False,3365.0,594.8271936329141,False,False,False,False,525.112365617889,False,False,False,False
2024-05-06 17:00:00+00:00,6.725,6.725,6.705,6.705,0.0,,,,,,,,,,,,,,,,,,,,,,,"rgba(38, 166, 154, 1.0)",0.0,0.0,,6.525226146523742,,0.0,0.0,0.0,0.0,0.0,0.0,0.0,0.0,67.26215712868172,11.256811513873991,True,False,True,False,True,12.71474014210936,0,,,False,False,False,False,,,False,False,False,False,3365.0,637.7756092355046,False,False,False,False,516.9710886315652,False,False,False,False
2024-05-07 17:00:00+00:00,6.75,6.755,6.735,6.735,926.0,,,,,,,,,,,,,,,,,,,,,,,"rgba(38, 166, 154, 1.0)",0.0,0.0,,6.539168418043583,,0.0,0.0,0.0,0.0,0.0,0.0,0.0,0.0,70.57639015124553,14.39173979714215,True,False,True,False,True,14.381045259462162,0,,,False,False,False,False,,,False,False,False,False,4291.0,694.4147470768146,False,False,False,False,523.3126221411533,False,False,False,False
2024-05-08 17:00:00+00:00,6.755,6.765,6.745,6.765,100.0,,,,,,,,,,,,,,,,,,,,,,,"rgba(38, 166, 154, 1.0)",0.0,0.0,,6.540645963663797,,0.0,0.0,0.0,0.0,0.0,0.0,0.0,0.0,73.61989564919719,17.26352572631356,True,False,True,False,True,15.991894306906914,0,,,False,False,False,False,,,False,False,False,False,4391.0,751.7261463469415,False,False,False,False,516.7496357513679,False,False,False,False
2024-05-09 17:00:00+00:00,6.83,6.845,6.815,6.815,288.0,,,,,,,,,,,,,,,,,,,,,,,"rgba(38, 166, 154, 1.0)",0.0,0.0,,6.546037277933252,,0.0,0.0,0.0,0.0,0.0,0.0,0.0,0.0,76.80342891930465,20.27305994230626,True,False,True,False,True,18.54332835154747,0,,,False,False,False,False,,,False,False,False,False,4679.0,812.6141130702447,False,False,False,False,513.2031297707265,False,False,False,False
2024-05-10 17:00:00+00:00,6.82,6.82,6.795,6.795,200.0,,,,,,,,,,,,,,,,,,,,,,,"rgba(38, 166, 154, 1.0)",0.0,0.0,,6.549340415286918,,0.0,0.0,0.0,0.0,0.0,0.0,0.0,0.0,76.94835278164737,20.553346782861198,True,False,True,False,True,16.92106397533006,0,,,False,False,False,False,,,False,False,False,False,4479.0,869.4573051156673,False,False,False,False,508.34726729366093,False,False,False,False
2024-05-13 17:00:00+00:00,6.84,6.845,6.835,6.845,12.0,,,,,,,,,,,,,,,,,,,,,,,"rgba(38, 166, 154, 1.0)",0.0,0.0,,6.54956516315936,,0.0,0.0,0.0,0.0,0.0,0.0,0.0,0.0,78.312709477972,22.12370035556063,True,False,True,False,True,19.381662445228937,0,,,False,False,False,False,,,False,False,False,False,4491.0,925.6052538735638,False,False,False,False,500.65196082399177,False,False,False,False
2024-05-14 17:00:00+00:00,6.845,6.845,6.815,6.84,261.0,,,,,,,,,,,,,,,,,,,,,,,"rgba(38, 166, 154, 1.0)",0.0,0.0,,6.55420372894762,,0.0,0.0,0.0,0.0,0.0,0.0,0.0,0.0,78.72386042096,22.873134570026153,True,False,True,False,True,18.97539671484914,0,,,False,False,False,False,,,False,False,False,False,4230.0,976.8361801700977,False,False,False,False,496.9364265476508,False,False,False,False
2024-05-15 17:00:00+00:00,6.88,6.89,6.88,6.89,2.0,,,,,,,,,,,,,,,,,,,,,,,"rgba(38, 166, 154, 1.0)",0.0,0.0,,6.554245335914108,,0.0,0.0,0.0,0.0,0.0,0.0,0.0,0.0,80.16989723759895,24.62509803278418,True,False,True,False,True,20.0,0,,,False,False,False,False,,,False,False,False,False,4232.0,1027.3038362914915,False,False,False,False,489.26299357791976,False,False,False,False
2024-05-16 17:00:00+00:00,6.855,6.855,6.81,6.81,100.0,,,,,,,,,,,,,,,,,,,,,,,"rgba(38, 166, 154, 1.0)",0.0,0.0,,6.555916695204216,,0.0,0.0,0.0,0.0,0.0,0.0,0.0,0.0,74.5916144296342,30.276656893536654,True,False,True,False,False,15.140498742203633,0,,,False,False,False,False,,,False,False,False,False,4132.0,1075.4386605350344,False,False,False,False,483.22790840616904,False,False,False,False
2024-05-17 17:00:00+00:00,6.84,6.845,6.825,6.835,1114.0,,,,,,,,,,,,,,,,,,,,,,,"rgba(38, 166, 154, 1.0)",0.0,0.0,,6.5735273671907155,,0.0,0.0,0.0,0.0,0.0,0.0,0.0,0.0,71.80760310686263,27.63340069030224,True,False,True,False,False,16.34280042265138,0,,,False,False,False,False,,,False,False,False,False,5246.0,1140.0985262631732,False,False,False,False,493.0073206789416,False,False,False,False
2024-05-20 17:00:00+00:00,6.88,6.88,6.87,6.88,1.0,,,,,,,,,,,,,,,,,,,,,,,"rgba(38, 166, 154, 1.0)",0.0,0.0,,6.573544328936576,,0.0,0.0,0.0,0.0,0.0,0.0,0.0,0.0,71.46447947303378,27.18164079302248,True,False,True,False,False,18.429763584809198,0,,,False,False,False,False,,,False,False,False,False,5247.0,1203.7714173288603,False,False,False,False,485.37930020329907,False,False,False,False
2024-05-21 17:00:00+00:00,6.915,6.92,6.905,6.915,654.0,,,,,,,,,,,,,,,,,,,,,,,"rgba(38, 166, 154, 1.0)",0.0,0.0,,6.640119773403846,,0.0,0.0,0.0,0.0,0.0,0.0,0.0,0.0,72.26094151476711,27.18164079302248,True,False,True,False,False,19.983286128070873,0,,,False,False,False,False,,,False,False,False,False,5901.0,1276.596666672599,False,False,False,False,487.9935746187518,False,False,False,False
2024-05-22 17:00:00+00:00,6.92,6.92,6.875,6.88,260.0,,,,,,,,,,,,,,,,,,,,,,,"rgba(38, 166, 154, 1.0)",0.0,0.0,,6.678138491224251,,0.0,0.0,0.0,0.0,0.0,0.0,0.0,0.0,70.1855684432814,25.531872686043442,True,False,True,False,False,17.394190130436616,0,,,False,False,False,False,,,False,False,False,False,5641.0,1344.2618346311633,False,False,False,False,484.4587905161355,False,False,False,False
2024-05-23 17:00:00+00:00,6.825,6.83,6.8,6.8,0.0,,,,,,,,,,,,,,,,,,,,,,,"rgba(38, 166, 154, 1.0)",0.0,0.0,,6.678138491224251,,0.0,0.0,0.0,0.0,0.0,0.0,0.0,0.0,64.09181250874644,19.736174818456718,True,False,True,False,False,11.87121933297152,0,,,False,False,False,False,,,False,False,False,False,5641.0,1410.877930218277,False,False,False,False,476.9478015158853,False,False,False,False
2024-05-24 17:00:00+00:00,6.83,6.83,6.815,6.82,100.0,,,,,,,,,,,,,,,,,,,,,,,"rgba(38, 166, 154, 1.0)",0.0,0.0,,6.674998396288168,,0.0,0.0,0.0,0.0,0.0,0.0,0.0,0.0,60.93939290177366,16.863979842639665,False,False,True,False,False,12.819412535606688,0,,,False,False,False,False,,,False,False,False,False,5741.0,1478.0116057187688,False,False,False,False,471.1036495543987,False,False,False,False
2024-05-27 17:00:00+00:00,6.82,6.82,6.82,6.82,0.0,,,,,,,,,,,,,,,,,,,,,,,"rgba(38, 166, 154, 1.0)",0.0,0.0,,6.674998396288168,,0.0,0.0,0.0,0.0,0.0,0.0,0.0,0.0,58.837779830458466,14.914888364761026,False,False,True,False,False,12.819412535606688,0,,,False,False,False,False,,,False,False,False,False,5741.0,1544.1044490409583,False,False,False,False,463.7997170031677,False,False,False,False
2024-05-28 17:00:00+00:00,6.835,6.835,6.78,6.795,599.0,,,,,,,,,,,,,,,,,,,,,,,"rgba(38, 166, 154, 1.0)",0.0,0.0,,6.6682114706466304,,0.0,0.0,0.0,0.0,0.0,0.0,0.0,0.0,55.935955180658816,12.157775658368628,False,True,True,False,False,11.13553822991966,0,,,False,False,False,False,,,False,False,False,False,5142.0,1599.8857754124165,False,False,False,False,465.8958454217232,False,False,False,False
2024-05-29 17:00:00+00:00,6.725,6.735,6.715,6.73,773.0,,,,,,,,,,,,,,,,,,,,,,,"rgba(239, 83, 80, 1.0)",0.0,0.0,,6.66702548524727,,0.0,0.0,0.0,0.0,0.0,0.0,0.0,0.0,50.75577730555362,7.3393583954462045,False,True,False,False,False,6.965888573383648,0,,,False,False,False,False,,,False,False,False,False,4369.0,1642.8177788943945,False,False,False,False,470.657150143867,False,False,False,False
2024-05-30 17:00:00+00:00,6.75,6.805,6.75,6.79,720.0,,,,,,,,,,,,,,,,,,,,,,,"rgba(239, 83, 80, 1.0)",0.0,0.0,,6.672745660401678,,0.0,0.0,0.0,0.0,0.0,0.0,0.0,0.0,50.63702914221463,7.20066859664238,False,True,False,False,False,9.93271212055722,0,,,False,False,False,False,,,False,False,False,False,5089.0,1696.246960616962,False,False,False,False,474.52293076179154,False,False,False,False
2024-05-31 17:00:00+00:00,6.825,6.885,6.825,6.885,100.0,,,,,,,,,,,,,,,,,,,,,,,"rgba(38, 166, 154, 1.0)",0.0,0.0,,6.674956960006996,,0.0,0.0,0.0,0.0,0.0,0.0,0.0,0.0,54.36317372460756,7.20066859664238,False,True,True,False,True,14.215293308330754,0,,,False,False,False,False,,,False,False,False,False,5189.0,1750.3981705298772,False,False,False,False,468.7163736957172,False,False,False,False
2024-06-03 17:00:00+00:00,6.89,6.945,6.89,6.92,471.0,,,,,,,,,,,,,,,,,,,,,,,"rgba(38, 166, 154, 1.0)",0.0,0.0,0.14796523818691948,6.713373323338308,1.3964541887917452,0.0,0.0,0.0,0.0,0.0,0.0,0.0,0.0,57.95572567550885,1.139686630784574,False,False,True,False,True,15.68300384936206,0,,,False,False,False,False,,,False,False,False,False,5660.0,1811.0121523821272,False,False,False,False,468.7517787546983,False,False,False,False
2024-06-04 17:00:00+00:00,6.875,6.875,6.86,6.87,1350.0,,,,,,,,,,,,,,,,,,,,,,,"rgba(38, 166, 154, 1.0)",0.0,0.0,0.149697532883316,6.723507025134759,0.9785931140189693,0.0,0.0,0.0,0.0,0.0,0.0,0.0,0.0,57.684831196119035,1.139686630784574,False,False,True,False,True,12.599643310140088,0,,,False,False,False,False,,,False,False,False,False,4310.0,1849.7561500196136,False,False,False,False,482.4145418747805,False,False,False,False
2024-06-05 17:00:00+00:00,6.87,6.87,6.865,6.865,255.0,,,,,,,,,,,,,,,,,,,,,,,"rgba(38, 166, 154, 1.0)",0.0,0.0,0.1513817738086114,6.72537565113402,0.922332625343022,0.0,0.0,0.0,0.0,0.0,0.0,0.0,0.0,57.24472517700437,1.139686630784574,False,False,True,False,True,12.296763392251993,0,,,False,False,False,False,,,False,False,False,False,4055.0,1883.9459771510924,False,False,False,False,478.8887350240087,False,False,False,False
2024-06-06 17:00:00+00:00,6.865,6.865,6.865,6.865,0.0,,,,,,,,,,,,,,,,,,,,,,,"rgba(38, 166, 154, 1.0)",0.0,0.0,0.15266181785446806,6.72537565113402,0.9145990191148087,0.0,0.0,0.0,0.0,0.0,0.0,0.0,0.0,56.95132116426126,1.139686630784574,False,False,True,False,True,12.296763392251993,0,,,False,False,False,False,,,False,False,False,False,4055.0,1917.6057294433235,False,False,False,False,471.4641034732489,False,False,False,False
2024-06-07 17:00:00+00:00,6.865,6.865,6.79,6.81,383.0,,,,,,,,,,,,,,,,,,,,,,,"rgba(38, 166, 154, 1.0)",0.0,0.0,0.15305448597044072,6.725680050677223,0.5509145895864906,0.0,0.0,0.0,0.0,0.0,0.0,0.0,0.0,53.76024465443538,1.139686630784574,False,True,True,False,False,8.971392949067958,0,,,False,False,False,False,,,False,False,False,False,3672.0,1944.8056406147448,False,False,False,False,470.0925669852915,False,False,False,False
2024-06-10 17:00:00+00:00,6.81,6.81,6.81,6.81,0.0,,,,,,,,,,,,,,,,,,,,,,,"rgba(38, 166, 154, 1.0)",0.0,0.0,0.15203869825069516,6.725680050677223,0.5545953121996762,0.0,0.0,0.0,0.0,0.0,0.0,0.0,0.0,51.63286031455147,1.139686630784574,False,True,False,False,False,8.971392949067958,0,,,False,False,False,False,,,False,False,False,False,3672.0,1971.5838477369969,False,False,False,False,462.80431013280634,False,False,False,False
2024-06-11 17:00:00+00:00,6.81,6.81,6.81,6.81,0.0,,,,,,,,,,,,,,,,,,,,,,,"rgba(38, 166, 154, 1.0)",0.0,0.0,0.15141917238502509,6.725680050677223,0.5568644181224942,0.0,0.0,0.0,0.0,0.0,0.0,0.0,0.0,50.21460408796219,5.639057603971686,False,True,False,False,False,8.971392949067958,0,,,False,False,False,False,,,False,False,False,False,3672.0,1997.9468888573535,False,False,False,False,455.62904951059227,False,False,False,False
2024-06-12 17:00:00+00:00,6.81,6.84,6.81,6.84,72.0,,,,,,,,,,,,,,,,,,,,,,,"rgba(38, 166, 154, 1.0)",0.0,0.0,0.15128452997252956,6.725850425903072,0.754535669428031,0.0,0.0,0.0,0.0,0.0,0.0,0.0,0.0,51.20171357379414,5.639057603971686,False,True,False,False,False,10.397562413254978,0,,,False,False,False,False,,,False,False,False,False,3744.0,2025.017479727782,False,False,False,False,449.68131230887764,False,False,False,False
2024-06-13 17:00:00+00:00,6.84,6.84,6.785,6.785,451.0,,,,,,,,,,,,,,,,,,,,,,,"rgba(38, 166, 154, 1.0)",0.0,0.0,0.1505492945519516,6.7255456466265775,0.39491618708918036,0.0,0.0,0.0,0.0,0.0,0.0,0.0,0.0,48.577652080686036,3.68315402614909,False,True,False,True,False,7.080935249203701,0,,,False,False,False,False,,,False,False,False,False,3293.0,2044.6761234529326,False,False,False,False,449.70175707928263,False,False,False,False
2024-06-14 17:00:00+00:00,6.785,6.79,6.765,6.79,3.0,,,,,,,,,,,,,,,,,,,,,,,"rgba(38, 166, 154, 1.0)",0.0,0.0,0.15007280515418855,6.72553703102173,0.4295446394304351,0.0,0.0,0.0,0.0,0.0,0.0,0.0,0.0,47.179361216627086,2.1620949972145382,False,True,False,True,False,7.324751292224452,0,,,False,False,False,False,,,False,False,False,False,3296.0,2064.076493631957,False,False,False,False,442.7761484423945,False,False,False,False
2024-06-17 17:00:00+00:00,6.745,6.785,6.745,6.775,100.0,,,,,,,,,,,,,,,,,,,,,,,"rgba(38, 166, 154, 1.0)",0.0,0.0,0.14932499775642108,6.725104241690848,0.33414203287344135,0.0,0.0,0.0,0.0,0.0,0.0,0.0,0.0,45.37395376284784,0.25934731206933037,False,True,False,True,False,6.429902460867488,0,,,False,False,False,False,,,False,False,False,False,3196.0,2081.625695281074,False,False,False,False,437.4617895518147,False,False,False,False
2024-06-18 17:00:00+00:00,6.775,6.775,6.72,6.72,7.0,,,,,,,,,,,,,,,,,,,,,,,"rgba(239, 83, 80, 1.0)",0.0,0.0,0.14724995602562926,6.726378404535907,-0.043316851889568485,0.0,0.0,0.0,0.0,0.0,0.0,0.0,0.0,41.44459503134255,-3.5347890363285046,False,True,False,True,False,3.247641022952706,0,,,False,False,False,False,,,False,False,False,False,3189.0,2098.7942891526855,False,False,False,False,430.7879633572129,False,False,False,False
2024-06-19 17:00:00+00:00,6.72,6.72,6.72,6.72,0.0,,,,,,,,,,,,,,,,,,,,,,,"rgba(239, 83, 80, 1.0)",0.0,0.0,0.14621460840734046,6.726378404535907,-0.043623579103245325,0.0,0.0,0.0,0.0,0.0,0.0,0.0,0.0,38.82502254367236,-6.0066865873360555,False,True,False,True,False,3.247641022952706,0,,,False,False,False,False,,,False,False,False,False,3189.0,2115.696703274349,False,False,False,False,424.1090802043879,False,False,False,False
2024-06-20 17:00:00+00:00,6.72,6.75,6.72,6.75,100.0,,,,,,,,,,,,,,,,,,,,,,,"rgba(239, 83, 80, 1.0)",0.0,0.0,0.14505202546014412,6.728230740407238,0.15007897699948944,0.0,0.0,0.0,0.0,1.0,6.73,6.72,0.0,39.71471043794742,-6.0066865873360555,False,True,False,True,False,4.805616857971188,0,,,False,False,False,False,,,False,False,False,False,3289.0,2133.8874520607933,False,False,False,False,419.0841332244749,False,False,False,False
2024-06-21 17:00:00+00:00,6.73,6.73,6.73,6.73,300.0,,,,,,,,,,,,,,,,,,,,,,,"rgba(239, 83, 80, 1.0)",0.0,0.0,0.14452936981367817,6.724658828727872,0.03695561171417378,0.0,0.0,0.0,0.0,0.0,0.0,0.0,0.0,39.17388509326055,-6.0066865873360555,False,True,False,True,False,3.643973939272918,0,,,False,False,False,False,,,False,False,False,False,2989.0,2147.1450109435714,False,False,False,False,417.2378675930877,False,False,False,False
2024-06-24 17:00:00+00:00,6.77,6.77,6.77,6.77,0.0,,,,,,,,,,,,,,,,,,,,,,,"rgba(239, 83, 80, 1.0)",0.0,0.0,0.14458209426475394,6.724658828727872,0.31360156665804284,0.0,0.0,0.0,0.0,0.0,0.0,0.0,0.0,42.02709679464024,-6.0066865873360555,False,True,False,True,True,5.702519831230688,0,,,False,False,False,False,,,False,False,False,False,2989.0,2160.1970262777795,False,False,False,False,410.76906344435764,False,False,False,False
2024-06-25 17:00:00+00:00,6.77,6.77,6.77,6.77,0.0,,,,,,,,,,,,,,,,,,,,,,,"rgba(239, 83, 80, 1.0)",0.0,0.0,0.14440627123214347,6.724658828727872,0.313983394801729,0.0,0.0,0.0,0.0,0.0,0.0,0.0,0.0,43.92923792889336,-6.0066865873360555,False,True,False,True,True,5.702519831230688,0,,,False,False,False,False,,,False,False,False,False,2989.0,2173.0466847851008,False,False,False,False,404.4005508328172,False,False,False,False
2024-06-26 17:00:00+00:00,6.75,6.75,6.75,6.75,0.0,,,,,,,,,,,,,,,,,,,,,,,"rgba(239, 83, 80, 1.0)",0.0,0.0,0.1441376969278887,6.724658828727872,0.17581223935336043,0.0,0.0,0.0,0.0,0.0,0.0,0.0,0.0,43.76992930905888,-6.0066865873360555,False,True,False,True,True,4.508365179864672,0,,,False,False,False,False,,,False,False,False,False,2989.0,2185.6971237806806,False,False,False,False,398.13077485091304,False,False,False,False
2024-06-27 17:00:00+00:00,6.81,6.81,6.77,6.77,100.0,,,,,,,,,,,,,,,,,,,,,,,"rgba(239, 83, 80, 1.0)",0.0,0.0,0.14287151665139725,6.727108798184871,0.3002082067889122,0.0,0.0,0.0,0.0,0.0,0.0,0.0,0.0,45.391710882532166,-9.197644541014533,False,True,False,True,True,5.5568848883474615,0,,,False,False,False,False,,,False,False,False,False,3089.0,2199.701819536019,False,False,False,False,393.5085922950849,False,False,False,False
2024-06-28 17:00:00+00:00,6.77,6.805,6.77,6.805,460.0,,,,,,,,,,,,,,,,,,,,,,,"rgba(239, 83, 80, 1.0)",0.0,0.0,0.1418252953968883,6.733279893363178,0.5056933351424955,0.0,0.0,0.0,0.0,1.0,6.82,6.81,0.0,49.090568112571646,-5.58759137716109,False,True,False,False,True,7.353666324253364,0,,,False,False,False,False,,,False,False,False,False,3549.0,2220.6211711711194,False,False,False,False,394.53946683314564,False,False,False,False
2024-07-01 17:00:00+00:00,6.82,6.84,6.82,6.82,380.0,,,,,,,,,,,,,,,,,,,,,,,"rgba(38, 166, 154, 1.0)",0.0,0.0,0.140427532527963,6.738598654590692,0.5796679892036031,0.0,0.0,0.0,0.0,0.0,0.0,0.0,0.0,52.552207083468254,-2.3418245261238937,False,True,True,False,True,8.11053566730892,0,,,False,False,False,False,,,False,False,False,False,3929.0,2247.1076646413344,False,False,False,False,394.3140487427093,False,False,False,False
2024-07-02 17:00:00+00:00,6.825,6.825,6.825,6.825,0.0,,,,,,,,,,,,,,,,,,,,,,,"rgba(38, 166, 154, 1.0)",0.0,0.0,0.1393328052923318,6.738598654590692,0.6201076998918565,0.0,0.0,0.0,0.0,0.0,0.0,0.0,0.0,55.199003276740974,0.0978951554952161,False,False,True,False,True,8.364128748825607,0,,,False,False,False,False,,,False,False,False,False,3929.0,2273.1835148019336,False,False,False,False,388.20065263817116,False,False,False,False
2024-07-03 17:00:00+00:00,6.825,6.825,6.825,6.825,0.0,,,,,,,,,,,,,,,,,,,,,,,"rgba(38, 166, 154, 1.0)",0.0,0.0,0.13880847521960973,6.738598654590692,0.6224500721055517,0.0,0.0,0.0,0.0,0.0,0.0,0.0,0.0,56.963534072256124,1.7574882288503701,False,False,True,False,True,8.364128748825607,0,,,False,False,False,False,,,False,False,False,False,3929.0,2298.855088215857,False,False,False,False,382.1820378685871,False,False,False,False
2024-07-04 17:00:00+00:00,6.825,6.825,6.825,6.825,0.0,,,,,,,,,,,,,,,,,,,,,,,"rgba(38, 166, 154, 1.0)",0.0,0.0,0.1371233744473204,6.738598654590692,0.6300993230187838,0.0,0.0,0.0,0.0,0.0,0.0,0.0,0.0,58.13988793593289,2.9572883977132918,False,False,True,False,True,8.364128748825607,0,,,False,False,False,False,,,False,False,False,False,3929.0,2324.128652739642,False,False,False,False,376.2567349558958,False,False,False,False
2024-07-05 17:00:00+00:00,6.835,6.835,6.835,6.835,0.0,,,,,,,,,,,,,,,,,,,,,,,"rgba(38, 166, 154, 1.0)",0.0,0.0,0.13538077764200934,6.738598654590692,0.7120755774074807,0.0,0.0,0.0,0.0,0.0,0.0,0.0,0.0,59.80256811992865,4.676010180157398,False,False,True,False,True,8.896671867453673,0,,,False,False,False,False,,,False,False,False,False,3929.0,2349.0103790537555,False,False,False,False,370.4232972046416,False,False,False,False
2024-07-08 17:00:00+00:00,6.84,6.84,6.84,6.84,0.0,,,,,,,,,,,,,,,,,,,,,,,"rgba(38, 166, 154, 1.0)",0.0,0.0,0.13395995771226,6.738598654590692,0.7569526531735178,0.0,0.0,0.0,0.0,0.0,0.0,0.0,0.0,61.35550820749629,6.314585199566068,True,False,True,False,True,9.165111557968377,0,,,False,False,False,False,,,False,False,False,False,3929.0,2373.5063421692007,False,False,False,False,364.6803003487557,False,False,False,False
2024-07-09 17:00:00+00:00,6.86,6.87,6.85,6.87,240.0,,,,,,,,,,,,,,,,,,,,,,,"rgba(38, 166, 154, 1.0)",0.0,0.0,0.1332975064478906,6.742889915708144,0.9535818611996827,0.0,0.0,0.0,0.0,0.0,0.0,0.0,0.0,64.71517819116573,9.594731461564038,True,False,True,False,True,10.762236853811626,0,,,False,False,False,False,,,False,False,False,False,4169.0,2401.3434531433213,False,False,False,False,362.7472724363719,False,False,False,False
2024-07-10 17:00:00+00:00,6.84,6.84,6.84,6.84,0.0,,,,,,,,,,,,,,,,,,,,,,,"rgba(38, 166, 154, 1.0)",0.0,0.0,0.1331566847841403,6.742889915708144,0.7292918447863184,0.0,0.0,0.0,0.0,0.0,0.0,0.0,0.0,62.64925860504496,9.594731461564038,True,False,True,False,False,8.690507544199388,0,,,False,False,False,False,,,False,False,False,False,4169.0,2428.748981001564,False,False,False,False,357.1232837164281,False,False,False,False
2024-07-11 17:00:00+00:00,6.84,6.95,6.84,6.95,100.0,,,,,,,,,,,,,,,,,,,,,,,"rgba(38, 166, 154, 1.0)",0.0,0.0,0.13528321976339025,6.745491417600907,1.511706941605749,0.0,0.0,0.0,0.0,0.0,0.0,0.0,0.0,67.1795079891543,11.726583356249328,True,False,True,False,True,14.186919416770543,0,,,False,False,False,False,,,False,False,False,False,4269.0,2457.2800045519275,False,False,False,False,353.13687621694856,False,False,False,False
2024-07-12 17:00:00+00:00,6.93,6.97,6.93,6.96,1250.0,,,,,,,,,,,,,,,,,,,,,,,"rgba(38, 166, 154, 1.0)",0.0,0.0,0.13746901370756218,6.773853577945641,1.3540973127976945,0.0,0.0,0.0,0.0,0.0,0.0,0.0,0.0,70.53124261469101,14.782183980065028,True,False,True,False,True,14.650959158552517,0,,,False,False,False,False,,,False,False,False,False,5519.0,2504.748531613138,False,False,False,False,367.0417308492439,False,False,False,False
2024-07-15 17:00:00+00:00,6.915,6.92,6.885,6.885,1057.0,,,,,,,,,,,,,,,,,,,,,,,"rgba(38, 166, 154, 1.0)",0.0,0.0,0.13837203409583887,6.781148199092581,0.7505259396236789,0.0,0.0,0.0,0.0,0.0,0.0,0.0,0.0,66.04556060340876,14.782183980065028,True,False,True,False,False,9.704441717599487,0,,,False,False,False,False,,,False,False,False,False,4462.0,2535.093515619136,False,False,False,False,377.7387582779378,False,False,False,False
2024-07-16 17:00:00+00:00,6.95,6.95,6.95,6.95,0.0,,,,,,,,,,,,,,,,,,,,,,,"rgba(38, 166, 154, 1.0)",0.0,0.0,0.13998149813393196,6.781148199092581,1.2062437047635037,0.0,0.0,0.0,0.0,0.0,0.0,0.0,0.0,65.95791868481226,14.782183980065028,True,False,True,False,False,12.742274551720527,0,,,False,False,False,False,,,False,False,False,False,4462.0,2564.9680347568237,False,False,False,False,371.8823434209155,False,False,False,False
2024-07-17 17:00:00+00:00,6.95,7.0,6.95,6.99,700.0,,,,,,,,,,,,,,,,,,,,,,,"rgba(38, 166, 154, 1.0)",0.0,0.0,0.14254311818022192,6.80562133379845,1.2934939866296074,0.0,0.0,0.0,0.0,0.0,0.0,0.0,0.0,67.30414730542424,14.782183980065028,True,False,True,False,False,14.509484220241191,0,,,False,False,False,False,,,False,False,False,False,5162.0,2605.232096233462,False,False,False,False,376.969438871754,False,False,False,False
2024-07-18 17:00:00+00:00,6.93,6.93,6.93,6.93,0.0,,,,,,,,,,,,,,,,,,,,,,,"rgba(38, 166, 154, 1.0)",0.0,0.0,0.14317437236077224,6.80562133379845,0.8687215746135027,0.0,0.0,0.0,0.0,0.0,0.0,0.0,0.0,64.18703650843035,20.276453800581592,True,False,True,False,False,10.782490481850168,0,,,False,False,False,False,,,False,False,False,False,5162.0,2644.8719086949586,False,False,False,False,371.1249514473857,False,False,False,False
2024-07-19 17:00:00+00:00,6.865,6.865,6.865,6.865,0.0,,,,,,,,,,,,,,,,,,,,,,,"rgba(239, 83, 80, 1.0)",0.0,0.0,0.14321400857546168,6.80562133379845,0.41461493042604824,0.0,0.0,0.0,0.0,0.0,0.0,0.0,0.0,58.7602644873825,15.152623878527208,True,False,True,False,False,7.007804533373964,0,,,False,False,False,False,,,False,False,False,False,5162.0,2683.897150420618,False,False,False,False,365.37107623114713,False,False,False,False
2024-07-22 17:00:00+00:00,6.9,6.9,6.9,6.9,0.0,,,,,,,,,,,,,,,,,,,,,,,"rgba(239, 83, 80, 1.0)",0.0,0.0,0.14355367517990547,6.80562133379845,0.6574451408734238,0.0,0.0,0.0,0.0,0.0,0.0,0.0,0.0,56.79256956659811,13.3198870175313,True,False,True,False,False,8.61287696005094,0,,,False,False,False,False,,,False,False,False,False,5162.0,2722.3173496389027,False,False,False,False,359.7064083826022,False,False,False,False
2024-07-23 17:00:00+00:00,6.9,6.92,6.9,6.92,0.0,,,,,,,,,,,,,,,,,,,,,,,"rgba(239, 83, 80, 1.0)",0.0,0.0,0.1444778420618435,6.80562133379845,0.7916692592390094,0.0,0.0,0.0,0.0,0.0,0.0,0.0,0.0,56.38550480802748,12.778809195045028,True,False,True,False,False,9.514278021099763,0,,,False,False,False,False,,,False,False,False,False,5162.0,2760.1418868538035,False,False,False,False,354.12956484178665,False,False,False,False
2024-07-24 17:00:00+00:00,6.895,6.895,6.895,6.895,380.0,,,,,,,,,,,,,,,,,,,,,,,"rgba(239, 83, 80, 1.0)",0.0,0.0,0.1433220087711526,6.804767016258477,0.6295821870987072,0.0,0.0,0.0,0.0,0.0,0.0,0.0,0.0,54.72671114959141,10.944394366065858,False,False,True,False,False,8.075508718362506,0,,,False,False,False,False,,,False,False,False,False,4782.0,2791.488524266923,False,False,False,False,354.53065685974343,False,False,False,False
2024-07-25 17:00:00+00:00,6.9,6.9,6.865,6.865,700.0,,,,,,,,,,,,,,,,,,,,,,,"rgba(239, 83, 80, 1.0)",0.0,0.0,0.142253200220498,6.809192201286672,0.39231313339048834,0.0,0.0,0.0,0.0,0.0,0.0,0.0,0.0,52.04723680320199,8.171762576508812,False,False,False,False,False,6.3791052246000355,0,,,False,False,False,False,,,False,False,False,False,4082.0,2811.49645412325,False,False,False,False,359.88677070687913,False,False,False,False
2024-07-26 17:00:00+00:00,6.93,6.93,6.925,6.93,503.0,,,,,,,,,,,,,,,,,,,,,,,"rgba(239, 83, 80, 1.0)",0.0,0.0,0.13998574573508946,6.813662569215495,0.8310662644514025,0.0,0.0,0.0,0.0,0.0,0.0,0.0,0.0,53.511065083699194,8.171762576508812,False,False,True,False,False,9.343264006003963,0,,,False,False,False,False,,,False,False,False,False,4585.0,2838.9926331290912,False,False,False,False,362.1055804633616,False,False,False,False
2024-07-29 17:00:00+00:00,6.93,6.95,6.93,6.95,58.0,,,,,,,,,,,,,,,,,,,,,,,"rgba(239, 83, 80, 1.0)",0.0,0.0,0.13504377001483597,6.81421874127482,1.0054611087224798,0.0,0.0,0.0,0.0,0.0,0.0,0.0,0.0,55.35150044026858,8.171762576508812,False,False,True,False,True,10.221809913530706,0,,,False,False,False,False,,,False,False,False,False,4643.0,2866.961739592206,False,False,False,False,357.39076526237926,False,False,False,False
2024-07-30 17:00:00+00:00,6.98,6.98,6.97,6.97,100.0,,,,,,,,,,,,,,,,,,,,,,,"rgba(239, 83, 80, 1.0)",0.0,0.0,0.12801207009532412,6.815590746384241,1.206208551277845,0.0,0.0,0.0,0.0,0.0,0.0,0.0,0.0,57.43574260229889,8.171762576508812,True,False,True,False,True,11.094375694582933,0,,,False,False,False,False,,,False,False,False,False,4743.0,2896.0476040946523,False,False,False,False,353.4002107621873,False,False,False,False
2024-07-31 17:00:00+00:00,7.005,7.03,7.005,7.03,180.0,,,,,,,,,,,,,,,,,,,,,,,"rgba(38, 166, 154, 1.0)",0.0,0.0,0.12460308153463943,6.819106682298717,1.6925208839450374,0.0,0.0,0.0,0.0,0.0,0.0,0.0,0.0,61.062844941233465,5.320113302873018,True,False,True,False,True,13.625158809939219,0,,,False,False,False,False,,,False,False,False,False,4923.0,2927.4732226358205,False,False,False,False,350.7118354015332,False,False,False,False
2024-08-01 17:00:00+00:00,7.09,7.11,7.09,7.11,950.0,,,,,,,,,,,,,,,,,,,,,,,"rgba(38, 166, 154, 1.0)",0.0,0.0,0.12371385175928032,6.859533428889431,2.0245636810170717,0.0,0.0,0.0,0.0,0.0,0.0,0.0,0.0,65.67509450502737,9.6649795995517,True,False,True,False,True,16.76297629614863,0,,,False,False,False,False,,,False,False,False,False,5873.0,2973.1403044554204,False,False,False,False,360.00312477515286,False,False,False,False
2024-08-02 17:00:00+00:00,7.06,7.1,7.06,7.1,119.0,,,,,,,,,,,,,,,,,,,,,,,"rgba(38, 166, 154, 1.0)",0.0,0.0,0.12188301140219877,6.861391616926914,1.9576836864139124,0.0,0.0,0.0,0.0,0.0,0.0,0.0,0.0,68.04119547651042,11.863749779151725,True,False,True,False,True,16.168457157205765,0,,,False,False,False,False,,,False,False,False,False,5754.0,3016.254408262313,False,False,False,False,356.2666422204993,False,False,False,False
2024-08-05 17:00:00+00:00,7.0,7.0,6.955,6.955,300.0,,,,,,,,,,,,,,,,,,,,,,,"rgba(38, 166, 154, 1.0)",0.0,0.0,0.11751737460194286,6.860833457896068,0.8012988923799114,0.0,0.0,0.0,0.0,0.0,0.0,0.0,0.0,61.94089143328821,11.863749779151725,True,False,True,False,False,8.193478007686313,0,,,False,False,False,False,,,False,False,False,False,5454.0,3054.0489135605717,False,False,False,False,355.39429117832105,False,False,False,False
2024-08-06 17:00:00+00:00,6.955,7.03,6.955,7.03,201.0,,,,,,,,,,,,,,,,,,,,,,,"rgba(38, 166, 154, 1.0)",0.0,0.0,0.11604530802024496,6.861805408029701,1.4493872681259667,0.0,0.0,0.0,0.0,0.0,0.0,0.0,0.0,60.47963226559867,17.30814490500478,True,False,True,False,False,11.141760398122074,0,,,False,False,False,False,,,False,False,False,False,5655.0,3094.373736606144,False,False,False,False,353.00058123757185,False,False,False,False
2024-08-07 17:00:00+00:00,7.01,7.03,7.01,7.01,1669.0,,,,,,,,,,,,,,,,,,,,,,,"rgba(38, 166, 154, 1.0)",0.0,0.0,0.11422772418713842,6.8727244563668375,1.2017708013534858,0.0,0.0,0.0,0.0,0.0,0.0,0.0,0.0,58.65018677300843,15.504370757738556,True,False,True,False,False,10.11959210279774,0,,,False,False,False,False,,,False,False,False,False,3986.0,3108.1973996044985,False,False,False,False,373.4036730013304,False,False,False,False
2024-08-08 17:00:00+00:00,7.01,7.01,7.01,7.01,0.0,,,,,,,,,,,,,,,,,,,,,,,"rgba(38, 166, 154, 1.0)",0.0,0.0,0.11158865097771811,6.8727244563668375,1.230192698185529,0.0,0.0,0.0,0.0,0.0,0.0,0.0,0.0,57.430556444614936,14.148965763802565,False,False,True,False,False,10.11959210279775,0,,,False,False,False,False,,,False,False,False,False,3986.0,3121.806742246289,False,False,False,False,367.61446876875164,False,False,False,False
2024-08-09 17:00:00+00:00,7.09,7.09,7.09,7.09,0.0,,,,,,,,,,,,,,,,,,,,,,,"rgba(38, 166, 154, 1.0)",0.0,0.0,0.11058717160015644,6.8727244563668375,1.964744558426296,0.0,0.0,0.0,0.0,0.0,0.0,0.0,0.0,59.379893126963225,14.148965763802565,True,False,True,False,False,13.175076639116991,0,,,False,False,False,False,,,False,False,False,False,3986.0,3135.205087327742,False,False,False,False,361.9150196405539,False,False,False,False
2024-08-12 17:00:00+00:00,7.09,7.09,7.09,7.09,0.0,,,,,,,,,,,,,,,,,,,,,,,"rgba(38, 166, 154, 1.0)",0.0,0.0,0.10929223573883318,6.8727244563668375,1.9880235971415954,0.0,0.0,0.0,0.0,0.0,0.0,0.0,0.0,60.67945091519542,14.148965763802565,True,False,True,False,True,13.175076639116991,0,,,False,False,False,False,,,False,False,False,False,3986.0,3148.3957061288625,False,False,False,False,356.3039340647314,False,False,False,False
2024-08-13 17:00:00+00:00,7.09,7.09,7.09,7.09,0.0,,,,,,,,,,,,,,,,,,,,,,,"rgba(38, 166, 154, 1.0)",0.0,0.0,0.10733495606181916,6.8727244563668375,2.0242757029501495,0.0,0.0,0.0,0.0,0.0,0.0,0.0,0.0,61.54582277401687,14.148965763802565,True,False,True,False,True,13.175076639116991,0,,,False,False,False,False,,,False,False,False,False,3986.0,3161.3818192121357,False,False,False,False,350.77984206372776,False,False,False,False
2024-08-14 17:00:00+00:00,7.09,7.09,7.09,7.09,0.0,,,,,,,,,,,,,,,,,,,,,,,"rgba(38, 166, 154, 1.0)",0.0,0.0,0.10726543652954429,6.8727244563668375,2.025587651184525,0.0,0.0,0.0,0.0,0.0,0.0,0.0,0.0,62.12340401323118,14.148965763802565,True,False,True,False,True,13.175076639117002,0,,,False,False,False,False,,,False,False,False,False,3986.0,3174.1665972088467,False,False,False,False,345.341394899949,False,False,False,False
2024-08-15 17:00:00+00:00,7.09,7.12,7.09,7.12,100.0,,,,,,,,,,,,,,,,,,,,,,,"rgba(38, 166, 154, 1.0)",0.0,0.0,0.10802068537307223,6.874195233897226,2.2755342206340865,0.0,0.0,0.0,0.0,0.0,0.0,0.0,0.0,63.72743921523393,14.148965763802565,True,False,True,False,True,14.336579746566017,0,,,False,False,False,False,0.342828154326544,0.342828154326544,False,False,False,False,4086.0,3188.303549190105,False,False,False,False,341.53765234336066,False,False,False,False
2024-08-16 17:00:00+00:00,7.12,7.12,7.12,7.12,215.0,,,,,,,,,,,,,,,,,,,,,,,"rgba(38, 166, 154, 1.0)",0.0,0.0,0.1089527544521132,6.877442855203975,2.2262598684701813,0.0,0.0,0.0,0.0,0.0,0.0,0.0,0.0,64.79679601656909,9.791706071209262,True,False,True,False,True,14.336579746566017,0,0.9064814814814813,0.7824074074074073,False,False,False,False,0.3428281563150638,0.3428281553208039,False,False,False,False,4086.0,3202.2213236212665,False,False,False,False,339.5758282760217,False,False,False,False
2024-08-19 17:00:00+00:00,7.12,7.12,7.12,7.12,0.0,,,,,,,,,,,,,,,,,,,,,,,"rgba(38, 166, 154, 1.0)",0.0,0.0,0.11063494063852448,6.877442855203975,2.1924099511069297,0.0,0.0,0.0,0.0,0.0,0.0,0.0,0.0,65.50970055079253,10.828376690231977,True,False,True,False,True,14.336579746566017,0,0.9041860465116277,0.7823255813953487,False,False,False,False,0.3428281563150638,0.34282815581793386,False,False,False,False,4086.0,3215.9233186038828,False,False,False,False,334.3110867523624,False,False,False,False
2024-08-20 17:00:00+00:00,7.11,7.11,7.1,7.1,250.0,,,,,,,,,,,,,,,,,,,,,,,"rgba(38, 166, 154, 1.0)",0.0,0.0,0.11208478933378836,6.8806780459182315,1.9567503796489962,0.0,0.0,0.0,0.0,0.0,0.0,0.0,0.0,64.05800913003873,10.828376690231977,True,False,True,False,True,13.163370470628504,0,0.9019607843137252,0.784313725490196,False,False,False,False,0.3281831708235351,0.3355056633207345,False,False,False,False,3836.0,3225.5369105635127,False,False,False,False,333.0039381205429,False,False,False,False
2024-08-21 17:00:00+00:00,7.1,7.11,7.1,7.11,100.0,,,,,,,,,,,,,,,,,,,,,,,"rgba(38, 166, 154, 1.0)",0.0,0.0,0.11406387494543249,6.881957226656074,1.9992550091167818,0.0,0.0,0.0,0.0,0.0,0.0,0.0,0.0,63.69011160586615,10.828376690231977,True,False,True,False,True,13.574932911936166,0,0.8999999999999997,0.7905660377358491,False,False,False,False,0.3281831708235351,0.3318444170721348,False,False,False,False,3936.0,3236.5518421826832,False,False,False,False,329.39147396363524,False,False,False,False
2024-08-22 17:00:00+00:00,7.135,7.135,7.11,7.11,300.0,,,,,,,,,,,,,,,,,,,,,,,"rgba(38, 166, 154, 1.0)",0.0,0.0,0.11644130099142766,6.885941581726158,1.9242177506273104,0.0,0.0,0.0,0.0,0.0,0.0,0.0,0.0,63.4448465897511,10.828376690231977,True,False,True,False,True,13.574932911936166,0,0.9085714285714285,0.7752380952380953,False,False,False,False,0.34282815663882726,0.337336286855481,False,False,False,False,3936.0,3247.3959996682233,False,False,False,False,328.9357921967572,False,False,False,False
2024-08-23 17:00:00+00:00,7.11,7.11,7.11,7.11,0.0,,,,,,,,,,,,,,,,,,,,,,,"rgba(38, 166, 154, 1.0)",0.0,0.0,0.11842289466982993,6.885941581726158,1.8920194350807817,0.0,0.0,0.0,0.0,0.0,0.0,0.0,0.0,63.281336579007736,10.828376690231977,True,False,True,False,True,13.574932911936155,0,0.9073359073359072,0.7876447876447875,False,False,False,False,0.3306545819139966,0.3339954343847388,False,False,False,False,3936.0,3258.072030681119,False,False,False,False,323.8360124727764,False,False,False,False
2024-08-26 17:00:00+00:00,7.195,7.195,7.195,7.195,0.0,,,,,,,,,,,,,,,,,,,,,,,"rgba(38, 166, 154, 1.0)",0.0,0.0,0.12303526191980615,6.885941581726158,2.5119499357451316,0.0,0.0,0.0,0.0,0.0,0.0,0.0,0.0,67.60872587921862,14.086496925874727,True,False,True,False,True,17.057714540082877,0,0.9075309818875118,0.7855100095328883,False,False,False,False,0.34282816517955017,0.3384117997821445,False,False,False,False,3936.0,3268.5825418333498,False,False,False,False,318.81529910110544,False,False,False,False
2024-08-27 17:00:00+00:00,7.19,7.23,7.18,7.23,2319.0,,,,,,,,,,,,,,,,,,,,,,,"rgba(38, 166, 154, 1.0)",0.0,0.0,0.12839297783273182,6.925168607321938,2.374206111764085,0.0,0.0,0.0,0.0,0.0,0.0,0.0,0.0,71.62254964783871,17.793995124513003,True,False,True,False,True,18.405976311050196,0,0.9023696682464452,0.7810426540284359,False,False,False,False,0.3428281662418816,0.340619983012013,False,False,False,False,6255.0,3314.8835876963985,False,False,False,False,349.82591461891775,False,False,False,False
2024-08-28 17:00:00+00:00,7.26,7.26,7.26,7.26,0.0,,,,,,,,,,,,,,,,,,,,,,,"rgba(38, 166, 154, 1.0)",0.0,0.0,0.13458116543591706,6.925168607321938,2.4879513533228925,0.0,0.0,0.0,0.0,0.0,0.0,0.0,0.0,75.11882292831352,20.897734893085016,True,False,True,False,True,19.53480051571316,0,0.911931818181818,0.7850378787878787,False,False,False,False,0.34282817166036467,0.3417240773361888,False,False,False,False,6255.0,3360.4667878871523,False,False,False,False,344.4022570279268,False,False,False,False
2024-08-29 17:00:00+00:00,7.295,7.295,7.255,7.255,153.0,,,,,,,,,,,,,,,,,,,,,,,"rgba(38, 166, 154, 1.0)",0.0,0.0,0.1396165921113689,6.927825069948719,2.3433814355696416,0.0,0.0,0.0,0.0,0.0,0.0,0.0,0.0,76.84275842749003,22.366898916135213,True,False,True,False,True,19.215205927605904,0,0.9086629001883236,0.7806026365348397,False,False,False,False,0.34282817302445845,0.34227612518032363,False,False,False,False,6102.0,3402.971178772623,False,False,False,False,341.4347801747806,False,False,False,False
2024-08-30 17:00:00+00:00,7.255,7.285,7.255,7.285,300.0,,,,,,,,,,,,,,,,,,,,,,,"rgba(38, 166, 154, 1.0)",0.0,0.0,0.14543349305060527,6.9329928445029925,2.420399511235852,0.0,0.0,0.0,0.0,0.0,0.0,0.0,0.0,78.84736151434637,24.187022330039298,True,False,True,False,True,20.0,0,0.9175355450236964,0.781990521327014,False,False,False,False,0.3387640618525632,0.3405200935164434,False,False,False,False,6402.0,3449.467749644365,False,False,False,False,340.79238048214836,False,False,False,False
2024-09-02 17:00:00+00:00,7.285,7.285,7.285,7.285,0.0,,,,,,,,,,,,,,,,,,,,,,,"rgba(38, 166, 154, 1.0)",0.0,0.0,0.15108636632763933,6.9329928445029925,2.329840633890554,0.0,0.0,0.0,0.0,0.0,0.0,0.0,0.0,80.1837635722506,25.45813075883592,True,False,True,False,True,20.0,0,0.9211538461538459,0.7913461538461536,False,False,False,False,0.3428281739091424,0.34167413371279287,False,False,False,False,6402.0,3495.2434434483284,False,False,False,False,335.5087776839755,False,False,False,False
2024-09-03 17:00:00+00:00,7.31,7.31,7.29,7.305,300.0,,,,,,,,,,,,,,,,,,,,,,,"rgba(38, 166, 154, 1.0)",0.0,0.0,0.1570834115945975,6.938434080714688,2.3335749813694435,0.0,0.0,0.0,0.0,0.0,0.0,0.0,0.0,81.64028699712733,26.916239231132707,True,False,True,False,True,20.0,0,0.9220404234841191,0.787295476419634,False,False,False,False,0.3428281752006864,0.34225115445673965,False,False,False,False,6702.0,3544.9605993638584,False,False,False,False,334.9582539989526,False,False,False,False
2024-09-04 17:00:00+00:00,7.315,7.315,7.315,7.315,0.0,,,,,,,,,,,,,,,,,,,,,,,"rgba(38, 166, 154, 1.0)",0.0,0.0,0.1628647534856067,6.938434080714688,2.312138822096897,0.0,0.0,0.0,0.0,0.0,0.0,0.0,0.0,82.88284068144316,28.22451388800556,True,False,True,False,True,20.0,0,0.9227005870841485,0.7974559686888452,False,False,False,False,0.3428281764514447,0.3425396654540922,False,False,False,False,6702.0,3593.906946660543,False,False,False,False,329.76510277416264,False,False,False,False
2024-09-05 17:00:00+00:00,7.335,7.335,7.32,7.32,7.0,,,,,,,,,,,,,,,,,,,,,,,"rgba(38, 166, 154, 1.0)",0.0,0.0,0.16768898173283203,6.938568256062307,2.274638082932624,0.0,0.0,0.0,0.0,0.0,0.0,0.0,0.0,83.85172649277902,29.324905612381855,True,False,True,False,True,20.0,0,0.919528949950932,0.7978410206084395,False,False,False,False,0.34282817746396343,0.3426839214590278,False,False,False,False,6709.0,3642.2029629913873,False,False,False,False,324.76099265363297,False,False,False,False
2024-09-06 17:00:00+00:00,7.31,7.32,7.31,7.32,100.0,,,,,,,,,,,,,,,,,,,,,,,"rgba(38, 166, 154, 1.0)",0.0,0.0,0.17232577047896994,6.940421152033013,2.202681856068128,0.0,0.0,0.0,0.0,0.0,0.0,0.0,0.0,84.49765036700293,30.17147371874512,True,False,True,False,True,20.0,0,0.9203539823008845,0.8003933136676498,False,False,False,False,0.33323939125978536,0.33796165635940656,False,False,False,False,6709.0,3689.750203875242,False,False,False,False,321.27632610086346,False,False,False,False
2024-09-09 17:00:00+00:00,7.31,7.31,7.31,7.31,0.0,,,,,,,,,,,,,,,,,,,,,,,"rgba(38, 166, 154, 1.0)",0.0,0.0,0.17631674507713108,6.940421152033013,2.096107478647658,0.0,0.0,0.0,0.0,0.0,0.0,0.0,0.0,82.98459730657203,30.17147371874512,True,False,True,False,True,20.0,0,0.920197044334975,0.7999999999999998,False,False,False,False,0.32942045371076917,0.3336910550350879,False,False,False,False,6709.0,3736.560278233765,False,False,False,False,316.29529778922216,False,False,False,False
2024-09-10 17:00:00+00:00,7.31,7.35,7.31,7.35,541.0,,,,,,,,,,,,,,,,,,,,,,,"rgba(38, 166, 154, 1.0)",0.0,0.0,0.1807528550109071,6.950652200571014,2.2093581836087077,0.0,0.0,0.0,0.0,0.0,0.0,0.0,0.0,83.54060814708254,30.17147371874512,True,False,True,False,True,20.0,0,0.9351944167497501,0.78963110667996,False,False,False,False,0.34282817766331947,0.33825961634920365,False,False,False,False,7250.0,3791.032211904559,False,False,False,False,319.77909162194743,False,False,False,False
2024-09-11 17:00:00+00:00,7.35,7.35,7.35,7.35,0.0,,,,,,,,,,,,,,,,,,,,,,,"rgba(38, 166, 154, 1.0)",0.0,0.0,0.18375323739257396,6.950652200571014,2.1732830675293706,0.0,0.0,0.0,0.0,0.0,0.0,0.0,0.0,83.91128204075622,30.19729445150449,True,False,True,False,True,20.0,0,0.9389999999999995,0.7759999999999998,False,False,False,False,0.3428281792217371,0.34054389778547034,False,False,False,False,7250.0,3844.65961947193,False,False,False,False,314.82127624796374,False,False,False,False
2024-09-12 17:00:00+00:00,7.35,7.35,7.34,7.34,46.0,,,,,,,,,,,,,,,,,,,,,,,"rgba(38, 166, 154, 1.0)",0.0,0.0,0.1870591032484318,6.951506831650888,2.0768471654285494,0.0,0.0,0.0,0.0,0.0,0.0,0.0,0.0,82.21150792766728,30.19729445150449,True,False,True,False,False,20.0,0,0.942771084337349,0.7720883534136544,False,False,False,False,0.3390731376598685,0.3398085177226694,False,False,False,False,7204.0,3896.7424160692644,False,False,False,False,310.6535045231891,False,False,False,False
2024-09-13 17:00:00+00:00,7.34,7.34,7.34,7.34,0.0,,,,,,,,,,,,,,,,,,,,,,,"rgba(38, 166, 154, 1.0)",0.0,0.0,0.19106793282744833,6.951506831650888,2.0332724733038092,0.0,0.0,0.0,0.0,0.0,0.0,0.0,0.0,81.078325185608,30.19729445150449,True,False,True,False,False,20.0,0,0.9403437815975728,0.7775530839231545,False,False,False,False,0.33532728533955797,0.3375679015311137,False,False,False,False,7204.0,3948.0177274480357,False,False,False,False,305.8371711197288,False,False,False,False
2024-09-16 17:00:00+00:00,7.34,7.44,7.34,7.44,107.0,,,,,,,,,,,,,,,,,,,,,,,"rgba(38, 166, 154, 1.0)",0.0,0.0,0.1977287248951148,6.953860793154008,2.4586170122922955,0.0,0.0,0.0,0.0,0.0,0.0,0.0,0.0,83.61522264086108,30.19729445150449,True,False,True,False,True,20.0,0,0.9389999999999995,0.7659999999999997,False,False,False,False,0.34282818215612304,0.34019804184361835,False,False,False,False,7311.0,4000.156987487601,False,False,False,False,302.7544242806632,False,False,False,False
2024-09-17 17:00:00+00:00,7.44,7.44,7.44,7.44,0.0,,,,,,,,,,,,,,,,,,,,,,,"rgba(38, 166, 154, 1.0)",0.0,0.0,0.2035639218286718,6.953860793154008,2.3881403073730727,0.0,0.0,0.0,0.0,0.0,0.0,0.0,0.0,85.30648761102981,31.761097667613086,True,False,True,False,True,20.0,0,0.974593495934959,0.7611788617886176,False,False,False,False,0.3428281855170191,0.3415131136803187,False,False,False,False,7311.0,4051.4878869063978,False,False,False,False,298.06055723755213,False,False,False,False
2024-09-18 17:00:00+00:00,7.55,7.55,7.535,7.535,100.0,,,,,,,,,,,,,,,,,,,,,,,"rgba(38, 166, 154, 1.0)",0.0,0.0,0.21179205337753634,6.956784029201742,2.7301117373253923,0.0,0.0,0.0,0.0,0.0,0.0,0.0,0.0,87.78820257317564,34.101729640979244,True,False,True,False,True,20.0,0,0.9701195219123502,0.7619521912350595,False,False,False,False,0.34282819151454147,0.34217065259743007,False,False,False,False,7411.0,4103.573346024128,False,False,False,False,294.9898509237916,False,False,False,False
2024-09-19 17:00:00+00:00,7.535,7.535,7.45,7.45,100.0,,,,,,,,,,,,,,,,,,,,,,,"rgba(239, 83, 80, 1.0)",0.0,0.0,0.2168770565496889,6.95932320789144,2.2624651953266453,0.0,0.0,0.0,0.0,0.0,0.0,0.0,0.0,81.23304281685532,35.51786592021486,True,False,True,False,False,20.0,0,0.9536945812807878,0.7724137931034479,False,False,False,False,0.31169076661218037,0.3269307096048052,False,False,False,False,7311.0,4153.30089104701,False,False,False,False,291.9667524598568,False,False,False,False
2024-09-20 17:00:00+00:00,7.48,7.52,7.48,7.52,100.0,,,,,,,,,,,,,,,,,,,,,,,"rgba(239, 83, 80, 1.0)",0.0,0.0,0.22284402495794842,6.961987388451816,2.504050138447655,0.0,0.0,0.0,0.0,0.0,0.0,0.0,0.0,78.96087692292494,33.684467801087564,True,False,True,False,False,20.0,0,0.9531249999999997,0.7753906249999998,False,False,False,False,0.3163228954700088,0.321626802537407,False,False,False,False,7411.0,4203.807853976514,False,False,False,False,288.99052373954896,False,False,False,False
2024-09-23 17:00:00+00:00,7.535,7.55,7.53,7.53,483.0,,,,,,,,,,,,,,,,,,,,,,,"rgba(239, 83, 80, 1.0)",0.0,0.0,0.22854321254414722,6.975168554513853,2.427687260145483,0.0,0.0,0.0,0.0,0.0,0.0,0.0,0.0,77.70837596197762,32.649084676982454,True,False,True,False,False,20.0,0,0.9567354965585048,0.7767944936086528,False,False,False,False,0.34125648455360247,0.33144164354550476,False,False,False,False,7894.0,4261.020135310211,False,False,False,False,291.99842259630014,False,False,False,False
2024-09-24 17:00:00+00:00,7.53,7.53,7.5,7.51,110.0,,,,,,,,,,,,,,,,,,,,,,,"rgba(239, 83, 80, 1.0)",0.0,0.0,0.2331625887504083,6.9779238196332,2.281996366648541,0.0,0.0,0.0,0.0,0.0,0.0,0.0,0.0,75.25096421030175,30.378741167452972,True,False,True,False,False,20.0,0,0.94378698224852,0.7879684418145955,False,False,False,False,0.32562694055006586,0.3285342920477853,False,False,False,False,7784.0,4315.639978173618,False,False,False,False,289.1767416258149,False,False,False,False
2024-09-25 17:00:00+00:00,7.51,7.515,7.5,7.5,801.0,,,,,,,,,,,,,,,,,,,,,,,"rgba(239, 83, 80, 1.0)",0.0,0.0,0.23747075685304828,6.996599014186237,2.119844112533308,0.0,0.0,0.0,0.0,0.0,0.0,0.0,0.0,72.78913031382896,28.07770325731512,False,False,True,False,False,20.0,0,0.9360865290068823,0.791543756145526,False,False,False,False,0.3209682008989464,0.32475124647336584,False,False,False,False,6983.0,4356.994397116663,False,False,False,False,297.1119859416937,False,False,False,False
2024-09-26 17:00:00+00:00,7.5,7.5,7.5,7.5,0.0,,,,,,,,,,,,,,,,,,,,,,,"rgba(239, 83, 80, 1.0)",0.0,0.0,0.24058331890081766,6.996599014186237,2.0924184939908246,0.0,0.0,0.0,0.0,0.0,0.0,0.0,0.0,71.14790771618044,26.491969432946348,False,False,True,False,False,20.0,0,0.9365079365079357,0.800595238095238,False,False,False,False,0.3163228954700088,0.3205370709716873,False,False,False,False,6983.0,4397.707662277645,False,False,False,False,292.5055985627527,False,False,False,False
2024-09-27 17:00:00+00:00,7.5,7.57,7.5,7.57,234.0,,,,,,,,,,,,,,,,,,,,,,,"rgba(239, 83, 80, 1.0)",0.0,0.0,0.24512039696648708,7.002226453140074,2.3163047787392097,0.0,0.0,0.0,0.0,0.0,0.0,0.0,0.0,72.5960330928815,26.491969432946348,False,False,True,False,False,20.0,0,0.9428007889546344,0.7859960552268244,False,False,False,False,0.33811792572260924,0.32932749834714825,False,False,False,False,7217.0,4441.417621002022,False,False,False,False,291.59853501914415,False,False,False,False
2024-09-30 17:00:00+00:00,7.565,7.57,7.55,7.55,222.0,,,,,,,,,,,,,,,,,,,,,,,"rgba(239, 83, 80, 1.0)",0.0,0.0,0.24837444487077182,7.007540927091151,2.1840373843254604,0.0,0.0,0.0,0.0,0.0,0.0,0.0,0.0,71.77780335160409,26.491969432946348,False,False,True,False,False,20.0,0,0.9523809523809517,0.7926587301587299,False,False,False,False,0.34282819243568363,0.33607784539141594,False,False,False,False,6995.0,4481.008045482611,False,False,False,False,290.5194879645838,False,False,False,False
2024-10-01 17:00:00+00:00,7.55,7.55,7.55,7.55,0.0,,,,,,,,,,,,,,,,,,,,,,,"rgba(239, 83, 80, 1.0)",0.0,0.0,0.2501055092671191,7.007540927091151,2.168920926605773,0.0,0.0,0.0,0.0,0.0,0.0,0.0,0.0,71.23231685741915,26.141862300749438,False,False,True,False,False,20.0,0,0.960921843687374,0.7895791583166332,False,False,False,False,0.3366427936801788,0.33636031953579737,False,False,False,False,6995.0,4519.984664932494,False,False,False,False,286.0153098566057,False,False,False,False
2024-10-02 17:00:00+00:00,7.55,7.62,7.55,7.62,9.0,,,,,,,,,,,,,,,,,,,,,,,"rgba(38, 166, 154, 1.0)",0.0,0.0,0.2530992932669934,7.044577340516549,2.2735055955942185,0.0,0.0,0.0,0.0,0.0,0.0,0.0,0.0,73.246929328239,26.141862300749438,False,False,True,False,True,20.0,0,0.9610778443113766,0.7834331337325346,False,False,False,False,0.3428281937057594,0.33959425662077836,False,False,False,False,7004.0,4558.496530592454,False,False,False,False,281.72049885107697,False,False,False,False
2024-10-03 17:00:00+00:00,7.61,7.61,7.61,7.61,0.0,,,,,,,,,,,,,,,,,,,,,,,"rgba(38, 166, 154, 1.0)",0.0,0.0,0.2558485792329025,7.044577340516549,2.2099894444547203,0.0,0.0,0.0,0.0,0.0,0.0,0.0,0.0,73.63737285239296,26.141862300749438,False,False,True,False,True,20.0,0,0.9749999999999993,0.7799999999999997,False,False,False,False,0.3428281949248283,0.34121122577280333,False,False,False,False,7004.0,4596.411313063889,False,False,False,False,277.3527391789672,False,False,False,False
2024-10-04 17:00:00+00:00,7.575,7.575,7.555,7.555,176.0,,,,,,,,,,,,,,,,,,,,,,,"rgba(38, 166, 154, 1.0)",0.0,0.0,0.25634775437122614,7.046397260668087,1.984034307534395,0.0,0.0,0.0,0.0,0.0,0.0,0.0,0.0,69.27830873943871,23.87932503549378,False,True,True,False,False,20.0,0,0.9680319680319673,0.7842157842157839,False,False,False,False,0.31628564069716303,0.32874843323498315,False,False,False,False,6828.0,4631.009587279952,False,False,False,False,275.7813788816189,False,False,False,False
2024-10-07 17:00:00+00:00,7.535,7.535,7.475,7.48,540.0,,,,,,,,,,,,,,,,,,,,,,,"rgba(38, 166, 154, 1.0)",0.0,0.0,0.2557382001716333,7.05325967232498,1.6686608703299795,0.0,0.0,0.0,0.0,0.0,0.0,0.0,0.0,61.886787226593576,17.104186370346966,False,True,True,False,False,17.85953300719425,0,0.9636730575176581,0.7840565085771944,False,False,False,False,0.2815481266504389,0.305148279942711,False,False,False,False,6288.0,4656.699361120573,False,False,False,False,279.87779161213643,False,False,False,False
2024-10-08 17:00:00+00:00,7.46,7.48,7.46,7.48,100.0,,,,,,,,,,,,,,,,,,,,,,,"rgba(38, 166, 154, 1.0)",0.0,0.0,0.25477092696229015,7.099277148313863,1.4943732247066392,0.0,0.0,0.0,0.0,0.0,0.0,0.0,0.0,56.95910621803015,12.855062519416684,False,True,True,False,False,17.85953300719424,0,0.9584599797365748,0.8004052684903746,False,False,False,False,0.26159104267706296,0.28336966130988694,False,False,False,False,6288.0,4681.990843893896,False,False,False,False,277.0889886414056,False,False,False,False
2024-10-09 17:00:00+00:00,7.49,7.49,7.49,7.49,97.0,,,,,,,,,,,,,,,,,,,,,,,"rgba(38, 166, 154, 1.0)",0.0,0.0,0.2531802228161288,7.101276403800422,1.5353631965237957,0.0,0.0,0.0,0.0,0.0,0.0,0.0,0.0,54.311226771295814,10.67040934618553,False,True,True,False,False,18.246970810340674,0,0.9752577319587622,0.794845360824742,False,False,False,False,0.27296918004608645,0.27816942067798667,False,False,False,False,6385.0,4708.394086624223,False,False,False,False,274.29691129812795,False,False,False,False
2024-10-10 17:00:00+00:00,7.5,7.5,7.49,7.5,570.0,,,,,,,,,,,,,,,,,,,,,,,"rgba(38, 166, 154, 1.0)",0.0,0.0,0.2518049617039707,7.111039917344131,1.5446879204594135,0.0,0.0,0.0,0.0,0.0,0.0,0.0,0.0,53.20996390649848,9.721370279914375,False,True,False,False,False,18.636936789351328,0,0.9874345549738212,0.782198952879581,False,False,False,False,0.27582441657742135,0.27699691862770404,False,False,False,False,6955.0,4743.225186056405,False,False,False,False,278.88145530900965,False,False,False,False
2024-10-11 17:00:00+00:00,7.48,7.48,7.48,7.48,0.0,,,,,,,,,,,,,,,,,,,,,,,"rgba(38, 166, 154, 1.0)",0.0,0.0,0.25045862437241395,7.111039917344131,1.4731378629120477,0.0,0.0,0.0,0.0,0.0,0.0,0.0,0.0,51.10191390843959,7.6610922577814975,False,True,False,False,False,17.342022639656896,0,0.9894403379091861,0.7697993664202744,False,False,False,False,0.26353064383896957,0.27026378123333683,False,False,False,False,6955.0,4777.516268443126,False,False,False,False,274.5577118158467,False,False,False,False
2024-10-14 17:00:00+00:00,7.53,7.55,7.53,7.535,378.0,,,,,,,,,,,,,,,,,,,,,,,"rgba(38, 166, 154, 1.0)",0.0,0.0,0.2500210261428285,7.118949985566207,1.6640601026735962,0.0,0.0,0.0,0.0,0.0,0.0,0.0,0.0,53.23736314294696,7.6610922577814975,False,True,True,False,False,19.49592143794386,0,0.9862579281183924,0.7748414376321352,False,False,False,False,0.2986605336438116,0.2844621574385742,False,False,False,False,7333.0,4817.136171257961,False,False,False,False,276.1614682218025,False,False,False,False
2024-10-15 17:00:00+00:00,7.58,7.58,7.58,7.58,0.0,,,,,,,,,,,,,,,,,,,,,,,"rgba(38, 166, 154, 1.0)",0.0,0.0,0.250178764915038,7.118949985566207,1.8428822869533632,0.0,0.0,0.0,0.0,0.0,0.0,0.0,0.0,56.86299483030519,7.6610922577814975,False,True,True,False,True,20.0,0,0.9799999999999991,0.7768421052631578,False,False,False,False,0.3232459460446898,0.30385405174163205,False,False,False,False,7333.0,4856.141812013651,False,False,False,False,271.8798950710769,False,False,False,False
2024-10-16 17:00:00+00:00,7.575,7.62,7.575,7.595,616.0,,,,,,,,,,,,,,,,,,,,,,,"rgba(38, 166, 154, 1.0)",0.0,0.0,0.2502286701946577,7.184337849174245,1.6411474772506798,0.0,0.0,0.0,0.0,0.0,0.0,0.0,0.0,59.93903978121604,3.209346855323453,False,True,True,False,True,20.0,0,0.9737394957983186,0.7762605042016806,False,False,False,False,0.3345287944891914,0.3191914231154117,False,False,False,False,7949.0,4904.093101749873,False,False,False,False,277.21509049633147,False,False,False,False
2024-10-17 17:00:00+00:00,7.55,7.55,7.55,7.55,100.0,,,,,,,,,,,,,,,,,,,,,,,"rgba(38, 166, 154, 1.0)",0.0,0.0,0.2490014653164297,7.185557009072566,1.4636178564824978,0.0,0.0,0.0,0.0,0.0,0.0,0.0,0.0,58.5359445873016,3.209346855323453,False,True,True,False,True,18.798886790194125,0,0.9695697796432312,0.7880377754459601,False,False,False,False,0.3014526803921686,0.31032205175379013,False,False,False,False,7849.0,4949.750573040573,False,False,False,False,274.4675697134426,False,False,False,False
2024-10-18 17:00:00+00:00,7.57,7.57,7.57,7.57,0.0,,,,,,,,,,,,,,,,,,,,,,,"rgba(38, 166, 154, 1.0)",0.0,0.0,0.24796218107453943,7.185557009072566,1.5504097812878472,0.0,0.0,0.0,0.0,0.0,0.0,0.0,0.0,58.67320328610788,3.209346855323453,False,True,True,False,True,19.5589447895825,0,0.9660297239915069,0.7898089171974524,False,False,False,False,0.3151271900138044,0.31272462088379727,False,False,False,False,7849.0,4994.700176559323,False,False,False,False,270.2122585550946,False,False,False,False
2024-10-21 17:00:00+00:00,7.62,7.62,7.58,7.58,100.0,,,,,,,,,,,,,,,,,,,,,,,"rgba(38, 166, 154, 1.0)",0.0,0.0,0.24681688875880442,7.235726132741781,1.3948553885007935,0.0,0.0,0.0,0.0,0.0,0.0,0.0,0.0,59.302241026899154,3.3127323999878584,False,True,True,False,True,19.938863703049062,0,0.9672650475184789,0.7824709609292504,False,False,False,False,0.3358568110791713,0.3242907159814843,False,False,False,False,7949.0,5040.503274597163,False,False,False,False,267.57330881005436,False,False,False,False
2024-10-22 17:00:00+00:00,7.58,7.58,7.52,7.525,700.0,,,,,,,,,,,,,,,,,,,,,,,"rgba(38, 166, 154, 1.0)",0.0,0.0,0.24501241005524715,7.2410600745342375,1.1588797702195495,0.0,0.0,0.0,0.0,0.0,0.0,0.0,0.0,55.774480538088575,3.3127323999878584,False,True,True,False,False,16.422848148332495,0,0.961134453781512,0.7909663865546219,False,False,False,False,0.30096518969559777,0.31262795283854106,False,False,False,False,7249.0,5074.743533905735,False,False,False,False,274.27759859594494,False,False,False,False
2024-10-23 17:00:00+00:00,7.58,7.58,7.58,7.58,0.0,,,,,,,,,,,,,,,,,,,,,,,"rgba(38, 166, 154, 1.0)",0.0,0.0,0.2430893136573756,7.2410600745342375,1.3943020380710132,0.0,0.0,0.0,0.0,0.0,0.0,0.0,0.0,56.50477656282159,3.3127323999878584,False,True,True,False,False,18.55588969444023,0,0.9582027168234061,0.7868338557993733,False,False,False,False,0.3217603720593186,0.31719416244892984,False,False,False,False,7249.0,5108.4529364808395,False,False,False,False,270.02523272624035,False,False,False,False
2024-10-24 17:00:00+00:00,7.56,7.56,7.56,7.56,0.0,,,,,,,,,,,,,,,,,,,,,,,"rgba(38, 166, 154, 1.0)",0.0,0.0,0.24271827735496498,7.2410600745342375,1.3140334091912091,0.0,0.0,0.0,0.0,0.0,0.0,0.0,0.0,55.664321965304396,3.3127323999878584,False,True,True,False,False,17.308636487226398,0,0.9580712788259954,0.787211740041929,False,False,False,False,0.30786806977995756,0.31253111611444373,False,False,False,False,7249.0,5141.639712659431,False,False,False,False,265.8387950095544,False,False,False,False
2024-10-25 17:00:00+00:00,7.56,7.57,7.51,7.54,2419.0,,,,,,,,,,,,,,,,,,,,,,,"rgba(38, 166, 154, 1.0)",0.0,0.0,0.24194634949929622,7.267981711475178,1.124291765871893,0.0,0.0,0.0,0.0,0.0,0.0,0.0,0.0,53.81312694404878,3.3127323999878584,False,True,True,False,False,16.06974986252716,0,0.9491173416407057,0.781931464174455,False,False,False,False,0.29130258571966305,0.3019168509170534,False,False,False,False,4830.0,5136.808089207347,False,False,False,False,299.22113927297215,False,False,False,False
2024-10-28 17:00:00+00:00,7.55,7.61,7.505,7.61,550.0,,,,,,,,,,,,,,,,,,,,,,,"rgba(38, 166, 154, 1.0)",0.0,0.0,0.24052217968187156,7.275127674983157,1.3922721200172261,0.0,0.0,0.0,0.0,0.0,0.0,0.0,0.0,56.241771653444395,3.3127323999878584,False,True,True,False,True,18.765229906549113,0,0.9473140495867766,0.7851239669421491,False,False,False,False,0.3033443009667291,0.30263057594189124,False,False,False,False,5380.0,5140.578506428938,False,False,False,False,303.10918362532914,False,False,False,False
2024-10-29 17:00:00+00:00,7.52,7.52,7.52,7.52,0.0,,,,,,,,,,,,,,,,,,,,,,,"rgba(38, 166, 154, 1.0)",0.0,0.0,0.2387155946626335,7.275127674983157,1.0257910689199434,0.0,0.0,0.0,0.0,0.0,0.0,0.0,0.0,52.94016150169127,8.005180270152202,False,True,True,False,False,13.457014852741938,0,0.9267548321464898,0.7894201424211601,False,False,False,False,0.27396310470494684,0.28829684032341907,False,False,False,False,5380.0,5144.290467569575,False,False,False,False,298.40981643733954,False,False,False,False
2024-10-30 17:00:00+00:00,7.42,7.46,7.42,7.43,188.0,,,,,,,,,,,,,,,,,,,,,,,"rgba(239, 83, 80, 1.0)",0.0,0.0,0.23651520340443458,7.275385305611742,0.6537198969144942,0.0,0.0,0.0,0.0,0.0,0.0,0.0,0.0,47.4380516841722,2.8928485236116472,False,True,False,True,False,8.62617286228501,0,0.9178356713426848,0.7945891783567137,False,False,False,False,0.20756727430165325,0.24793205731253615,False,False,False,False,5192.0,5145.030150242915,False,False,False,False,296.6980363375358,False,False,False,False
2024-10-31 17:00:00+00:00,7.44,7.44,7.44,7.44,0.0,,,,,,,,,,,,,,,,,,,,,,,"rgba(239, 83, 80, 1.0)",0.0,0.0,0.23301393841462603,7.275385305611742,0.7064585728573118,0.0,0.0,0.0,0.0,0.0,0.0,0.0,0.0,44.32130528183843,0.11904285335992171,False,True,False,True,False,9.034622037508818,0,0.9189463019250248,0.7993920972644377,False,False,False,False,0.20683231529577056,0.22738218630415336,False,False,False,False,5192.0,5145.758364967831,False,False,False,False,292.0980667819151,False,False,False,False
2024-11-01 17:00:00+00:00,7.49,7.49,7.49,7.49,0.0,,,,,,,,,,,,,,,,,,,,,,,"rgba(239, 83, 80, 1.0)",0.0,0.0,0.22809285686174174,7.275385305611742,0.9409093179903769,0.0,0.0,0.0,0.0,0.0,0.0,0.0,0.0,44.87835023285219,0.11904285335992171,False,True,False,True,False,11.042675987014228,0,0.9189463019250248,0.8074974670719349,False,False,False,False,0.24584736461483833,0.23661477545949583,False,False,False,False,5192.0,5146.475289541972,False,False,False,False,287.56941458374587,False,False,False,False
2024-11-04 17:00:00+00:00,7.49,7.49,7.49,7.49,0.0,,,,,,,,,,,,,,,,,,,,,,,"rgba(239, 83, 80, 1.0)",0.0,0.0,0.2236831937611113,7.275385305611742,0.9594582891080402,0.0,0.0,0.0,0.0,0.0,0.0,0.0,0.0,45.24971353352804,0.11904285335992171,False,True,False,True,False,11.042675987014228,0,0.9184505606523949,0.8103975535168193,False,False,False,False,0.24584736461483833,0.2412310700371671,False,False,False,False,5192.0,5147.181099006438,False,False,False,False,283.11097404756373,False,False,False,False
2024-11-05 17:00:00+00:00,7.43,7.445,7.43,7.445,100.0,,,,,,,,,,,,,,,,,,,,,,,"rgba(239, 83, 80, 1.0)",0.0,0.0,0.2190402488827803,7.275572754753258,0.7734982319957641,0.0,0.0,0.0,0.0,0.0,0.0,0.0,0.0,43.55081054372182,-0.942016208421947,False,True,False,True,False,8.6562494510361,0,0.9109518935516883,0.8157625383828041,False,False,False,False,0.20489869536353175,0.2230648827003494,False,False,False,False,5092.0,5146.32557809161,False,False,False,False,280.27204421736894,False,False,False,False
2024-11-06 17:00:00+00:00,7.49,7.49,7.41,7.41,826.0,,,,,,,,,,,,,,,,,,,,,,,"rgba(239, 83, 80, 1.0)",0.0,0.0,0.21318576681188375,7.304583717821936,0.4944808640582646,0.0,0.0,0.0,0.0,0.0,0.0,0.0,0.0,41.079955393496334,-3.4916948203287888,False,True,False,True,False,6.854452191733817,0,0.9119433198380563,0.803643724696356,False,False,False,False,0.21458222023469975,0.21882355146752458,False,False,False,False,4266.0,5132.677119516547,False,False,False,False,288.73294275663454,False,False,False,False
2024-11-07 17:00:00+00:00,7.41,7.495,7.41,7.495,51.0,,,,,,,,,,,,,,,,,,,,,,,"rgba(239, 83, 80, 1.0)",0.0,0.0,0.20661783061470673,7.333148919080539,0.7833354964474231,0.0,0.0,0.0,0.0,0.0,0.0,0.0,0.0,44.00018684733483,-3.4916948203287888,False,True,False,True,True,10.307376824181606,0,0.9125628140703514,0.8110552763819093,False,False,False,False,0.21652363490992155,0.21767359318872306,False,False,False,False,4317.0,5120.030962624817,False,False,False,False,285.04716069839213,False,False,False,False
2024-11-08 17:00:00+00:00,7.5,7.565,7.5,7.55,400.0,,,,,,,,,,,,,,,,,,,,,,,"rgba(239, 83, 80, 1.0)",0.0,0.0,0.20209704653016564,7.342287058708366,1.0277881090193468,0.0,0.0,0.0,0.0,0.0,0.0,0.0,0.0,48.20568310306015,-7.465189738777525,False,True,False,False,True,12.40163532910979,0,0.9341974077766695,0.7996011964107674,False,False,False,False,0.2795926448577079,0.2486331190232155,False,False,False,False,4717.0,5113.782420568618,False,False,False,False,286.82937526120776,False,False,False,False
2024-11-11 17:00:00+00:00,7.69,7.69,7.69,7.69,0.0,,,,,,,,,,,,,,,,,,,,,,,"rgba(38, 166, 154, 1.0)",0.0,0.0,0.20014132394273126,7.342287058708366,1.7373370698353605,0.0,0.0,0.0,0.0,0.0,0.0,0.0,0.0,55.04313968438649,-1.2242156889195996,False,True,True,False,True,17.25692045424516,0,0.9402546523016646,0.8031341821743385,False,False,False,False,0.3428281780589485,0.295730648541082,False,False,False,False,4717.0,5107.630755133446,False,False,False,False,282.38240820289445,False,False,False,False
2024-11-12 17:00:00+00:00,7.57,7.57,7.52,7.52,300.0,,,,,,,,,,,,,,,,,,,,,,,"rgba(38, 166, 154, 1.0)",0.0,0.0,0.19552279192503855,7.369224131145069,0.7711421638902154,0.0,0.0,0.0,0.0,0.0,0.0,0.0,0.0,53.28133423898994,-1.2242156889195996,False,True,True,False,True,9.167948954770754,0,0.9422521655437918,0.8065447545717032,False,False,False,False,0.23560493028444773,0.26566778941276487,False,False,False,False,4417.0,5096.923301565485,False,False,False,False,282.65554916098915,False,False,False,False
2024-11-13 17:00:00+00:00,7.52,7.52,7.52,7.52,0.0,,,,,,,,,,,,,,,,,,,,,,,"rgba(38, 166, 154, 1.0)",0.0,0.0,0.1921109148476561,7.369224131145069,0.7848375974602785,0.0,0.0,0.0,0.0,0.0,0.0,0.0,0.0,52.10679727539224,-1.2242156889195996,False,True,True,False,False,9.167948954770754,0,0.9418604651162786,0.8158914728682168,False,False,False,False,0.21770528632789488,0.24168653787032987,False,False,False,False,4417.0,5086.381855029586,False,False,False,False,278.2732925848498,False,False,False,False
2024-11-14 17:00:00+00:00,7.52,7.52,7.52,7.52,0.0,,,,,,,,,,,,,,,,,,,,,,,"rgba(38, 166, 154, 1.0)",0.0,0.0,0.19020181316099355,7.369224131145069,0.7927152026006635,0.0,0.0,0.0,0.0,0.0,0.0,0.0,0.0,51.32377263299377,-1.2242156889195996,False,True,False,False,False,9.167948954770754,0,0.939393939393939,0.8181818181818178,False,False,False,False,0.21770528632789488,0.2296959120991124,False,False,False,False,4417.0,5076.003841773314,False,False,False,False,273.95897797113116,False,False,False,False
2024-11-15 17:00:00+00:00,7.495,7.495,7.48,7.48,699.0,,,,,,,,,,,,,,,,,,,,,,,"rgba(239, 83, 80, 1.0)",0.0,0.0,0.18758841759131664,7.36815072491042,0.596248300005694,0.0,0.0,0.0,0.0,0.0,0.0,0.0,0.0,49.39833930603197,-1.2242156889195996,False,True,False,False,False,7.36261593199826,0,0.9345063538611923,0.8211143695014659,False,False,False,False,0.1946376295339683,0.21216677081654034,False,False,False,False,3718.0,5054.949518645045,False,False,False,False,280.5487612584004,False,False,False,False
2024-11-18 17:00:00+00:00,7.48,7.48,7.48,7.48,0.0,,,,,,,,,,,,,,,,,,,,,,,"rgba(239, 83, 80, 1.0)",0.0,0.0,0.18086192533542222,7.36815072491042,0.6184235564348204,0.0,0.0,0.0,0.0,0.0,0.0,0.0,0.0,48.114717088057446,4.192047899967477,False,True,False,True,False,7.36261593199826,0,0.9398422090729781,0.8224852071005913,False,False,False,False,0.1893441011839685,0.20075543600025442,False,False,False,False,3718.0,5034.221619131168,False,False,False,False,276.19916806059575,False,False,False,False
2024-11-19 17:00:00+00:00,7.48,7.48,7.48,7.48,0.0,,,,,,,,,,,,,,,,,,,,,,,"rgba(239, 83, 80, 1.0)",0.0,0.0,0.1759651634237259,7.36815072491042,0.6356330589154546,0.0,0.0,0.0,0.0,0.0,0.0,0.0,0.0,47.25896894274109,3.0319380284981747,False,True,False,True,False,7.36261593199826,0,0.9458917835671341,0.8116232464929855,False,False,False,False,0.1893441011839685,0.19504976859211146,False,False,False,False,3718.0,5013.8150824004515,False,False,False,False,271.91701041624543,False,False,False,False
2024-11-20 17:00:00+00:00,7.48,7.48,7.48,7.48,0.0,,,,,,,,,,,,,,,,,,,,,,,"rgba(239, 83, 80, 1.0)",0.0,0.0,0.17009952041921425,7.36815072491042,0.6575519720098305,0.0,0.0,0.0,0.0,0.0,0.0,0.0,0.0,46.688470179196855,2.0927788731402046,False,True,False,True,False,7.36261593199826,0,0.945564516129032,0.8135080645161287,False,False,False,False,0.1893441011839685,0.19219693488803996,False,False,False,False,3718.0,4993.7249260841645,False,False,False,False,267.70124281289276,False,False,False,False
2024-11-21 17:00:00+00:00,7.48,7.48,7.48,7.48,0.0,,,,,,,,,,,,,,,,,,,,,,,"rgba(239, 83, 80, 1.0)",0.0,0.0,0.16378141332688273,7.36815072491042,0.6829179991648177,0.0,0.0,0.0,0.0,0.0,0.0,0.0,0.0,46.30813767016736,1.2983646164951281,False,True,False,True,False,7.36261593199826,0,0.944556451612903,0.8114919354838706,False,False,False,False,0.1893441011839685,0.19077051803600423,False,False,False,False,3718.0,4973.946245059603,False,False,False,False,263.55083594757656,False,False,False,False
2024-11-22 17:00:00+00:00,7.58,7.58,7.58,7.58,0.0,,,,,,,,,,,,,,,,,,,,,,,"rgba(239, 83, 80, 1.0)",0.0,0.0,0.16041267164792525,7.36815072491042,1.320651747229474,0.0,0.0,0.0,0.0,0.0,0.0,0.0,0.0,51.064044481235925,1.2983646164951281,False,True,False,False,True,11.150343850475842,0,0.9530469530469529,0.8161838161838157,False,False,False,False,0.2609186529589644,0.22584458549748432,False,False,False,False,3718.0,4954.474210252477,False,False,False,False,259.4647764755211,False,False,False,False
2024-11-25 17:00:00+00:00,7.705,7.705,7.705,7.705,0.0,,,,,,,,,,,,,,,,,,,,,,,"rgba(38, 166, 154, 1.0)",0.0,0.0,0.15899025410666143,7.36815072491042,2.1186787641939304,0.0,0.0,0.0,0.0,0.0,0.0,0.0,0.0,57.90893855304634,2.4162804217430036,True,False,True,False,True,15.407023686705053,0,0.9603960396039602,0.8099009900990095,False,False,False,False,0.3428281792217371,0.2843363823596107,False,False,False,False,3718.0,4935.304067457864,False,False,False,False,255.4420667627223,False,False,False,False
2024-11-26 17:00:00+00:00,7.7,7.7,7.7,7.7,0.0,,,,,,,,,,,,,,,,,,,,,,,"rgba(38, 166, 154, 1.0)",0.0,0.0,0.15700768902959597,7.36815072491042,2.1135861379822414,0.0,0.0,0.0,0.0,0.0,0.0,0.0,0.0,62.1756506755986,6.161492041166859,True,False,True,False,True,15.161683691629001,0,0.9568273092369475,0.8192771084337345,False,False,False,False,0.3390731376598685,0.31170476000973957,False,False,False,False,3718.0,4916.431136179447,False,False,False,False,251.48172464237,False,False,False,False
2024-11-27 17:00:00+00:00,7.7,7.73,7.7,7.73,526.0,,,,,,,,,,,,,,,,,,,,,,,"rgba(38, 166, 154, 1.0)",0.0,0.0,0.15527212380988528,7.454601611133503,1.773649912869706,0.0,0.0,0.0,0.0,0.0,0.0,0.0,0.0,65.77565634322939,9.308303165409662,True,False,True,False,True,16.13962851841121,0,0.9481180061037637,0.8260427263479139,False,False,False,False,0.34282817997745196,0.32726646999359577,False,False,False,False,4244.0,4906.005847246432,False,False,False,False,255.73782193473636,False,True,False,False
2024-11-28 17:00:00+00:00,7.73,7.73,7.73,7.73,0.0,,,,,,,,,,,,,,,,,,,,,,,"rgba(38, 166, 154, 1.0)",0.0,0.0,0.15395702571096162,7.454601611133503,1.7888003979989144,0.0,0.0,0.0,0.0,0.0,0.0,0.0,0.0,68.17566012164991,11.436956185332612,True,False,True,False,True,16.13962851841121,0,0.9412976313079299,0.8352214212152413,False,False,False,False,0.34282818108296587,0.3350473255382808,False,False,False,False,4244.0,4895.742190699974,False,False,False,False,251.77289446287998,False,True,False,False
2024-11-29 17:00:00+00:00,7.73,7.73,7.73,7.73,0.0,,,,,,,,,,,,,,,,,,,,,,,"rgba(38, 166, 154, 1.0)",0.0,0.0,0.15219069948261937,7.454601611133503,1.8095612268208845,0.0,0.0,0.0,0.0,0.0,0.0,0.0,0.0,69.77566264059693,12.972842124399172,True,False,True,False,True,16.13962851841121,0,0.9499478623566213,0.8279457768508857,False,False,False,False,0.34282818108296587,0.33893775331062337,False,False,False,False,4244.0,4885.637660611602,False,False,False,False,247.8694387347733,False,True,False,False
2024-12-02 17:00:00+00:00,7.73,7.735,7.73,7.73,490.0,,,,,,,,,,,,,,,,,,,,,,,"rgba(38, 166, 154, 1.0)",0.0,0.0,0.14995720110138805,7.500109833221248,1.53303852759509,0.0,0.0,0.0,0.0,0.0,0.0,0.0,0.0,70.8423309865616,14.163921845291796,True,False,True,False,True,16.13962851841121,0,0.9489051094890509,0.8258602711157449,False,False,False,False,0.3428281812640335,0.3408829672873285,False,False,False,False,4244.0,4875.689789904444,False,False,False,False,251.62340092493184,False,True,False,False
2024-12-03 17:00:00+00:00,7.73,7.73,7.73,7.73,0.0,,,,,,,,,,,,,,,,,,,,,,,"rgba(38, 166, 154, 1.0)",0.0,0.0,0.1465577093235363,7.500109833221248,1.5685982527964755,0.0,0.0,0.0,0.0,0.0,0.0,0.0,0.0,71.55344321720473,15.150682498475291,True,False,True,False,True,16.13962851841121,0,0.9489051094890509,0.8258602711157449,False,False,False,False,0.34100049826819706,0.34094173277776274,False,True,False,False,4244.0,4865.896149750886,False,False,False,False,247.72226292609568,False,True,False,False
2024-12-04 17:00:00+00:00,7.73,7.73,7.61,7.61,1012.0,,,,,,,,,,,,,,,,,,,,,,,"rgba(239, 83, 80, 1.0)",0.0,0.0,0.1408336505140626,7.502817344179072,0.7610585639845049,0.0,0.0,0.0,0.0,0.0,0.0,0.0,0.0,63.31760769642227,20.11142654805495,True,False,True,False,False,9.992857537889954,0,0.9400826446280991,0.8274793388429745,False,False,False,False,0.29775762915576004,0.3193496809667614,False,False,False,False,3232.0,4840.564426498935,False,False,False,False,259.57153016755154,False,False,False,False
2024-12-05 17:00:00+00:00,7.7,7.7,7.7,7.7,0.0,,,,,,,,,,,,,,,,,,,,,,,"rgba(239, 83, 80, 1.0)",0.0,0.0,0.13599506482831533,7.502817344179072,1.4499250841922675,0.0,0.0,0.0,0.0,0.0,0.0,0.0,0.0,61.93795057921529,18.848259593561423,True,False,True,False,False,13.183508643751434,0,0.9371196754563894,0.8073022312373219,False,False,False,False,0.3192346809472466,0.319292180957004,False,False,False,False,3232.0,4815.625443142363,False,False,False,False,255.5471653587523,False,False,False,False
2024-12-06 17:00:00+00:00,7.7,7.7,7.69,7.7,350.0,,,,,,,,,,,,,,,,,,,,,,,"rgba(239, 83, 80, 1.0)",0.0,0.0,0.13049811016546106,7.507834171314643,1.4725564105235407,0.0,0.0,0.0,0.0,0.0,0.0,0.0,0.0,61.01817916774397,17.818606666800008,True,False,True,False,False,13.183508643751434,0,0.9352226720647774,0.807692307692307,False,False,False,False,0.31563581918594924,0.3174640000714766,False,False,False,False,3232.0,4791.073110690544,False,False,False,False,257.0115503919499,False,False,False,False
2024-12-09 17:00:00+00:00,7.71,7.71,7.67,7.69,1245.0,,,,,,,,,,,,,,,,,,,,,,,"rgba(239, 83, 80, 1.0)",0.0,0.0,0.12730140866718137,7.521277226035407,1.3253802587974874,0.0,0.0,0.0,0.0,0.0,0.0,0.0,0.0,59.781716749268,16.363449220423732,True,False,True,False,False,12.685597500426208,0,0.9313131313131313,0.8121212121212116,False,False,False,False,0.3120448550802428,0.3147544275758597,False,False,False,False,1987.0,4747.599108974411,False,False,False,False,272.32920077347006,False,False,False,False
2024-12-10 17:00:00+00:00,7.66,7.665,7.62,7.655,1500.0,,,,,,,,,,,,,,,,,,,,,,,"rgba(239, 83, 80, 1.0)",0.0,0.0,0.12420801355239011,7.527511786659801,1.0264089223713868,0.0,0.0,0.0,0.0,0.0,0.0,0.0,0.0,56.843745462559205,13.31604094568339,True,False,True,False,False,10.952335867089786,0,0.9234642497482375,0.8167170191339369,False,False,False,False,0.2783024946010425,0.2965284610884511,False,False,False,False,487.0,4681.543308835273,False,False,False,False,291.36285657543175,False,False,False,False
2024-12-11 17:00:00+00:00,7.6,7.615,7.6,7.61,122.0,,,,,,,,,,,,,,,,,,,,,,,"rgba(239, 83, 80, 1.0)",0.0,0.0,0.12110776230320745,7.52756429524481,0.6806806036825537,0.0,0.0,0.0,0.0,0.0,0.0,0.0,0.0,52.54122613819474,9.114842062090212,False,True,False,False,False,8.77967021621171,0,0.9179179179179177,0.8098098098098092,False,False,False,False,0.2538331268052981,0.2751807939468746,False,False,False,False,365.0,4614.6201567603075,False,False,False,False,288.73707585333204,False,False,False,False
2024-12-12 17:00:00+00:00,7.55,7.565,7.55,7.565,0.0,,,,,,,,,,,,,,,,,,,,,,,"rgba(239, 83, 80, 1.0)",0.0,0.0,0.11724821595292721,7.52756429524481,0.3192859221859735,0.0,0.0,0.0,0.0,0.0,0.0,0.0,0.0,47.705206746096245,4.564325054339378,False,True,False,True,False,6.673042123962027,0,0.91816367265469,0.8113772455089814,False,False,False,False,0.2193787666279185,0.24727978028739656,False,False,False,False,365.0,4548.734572934566,False,False,False,False,284.2605320416525,False,False,False,False
2024-12-13 17:00:00+00:00,7.525,7.54,7.525,7.53,151.0,,,,,,,,,,,,,,,,,,,,,,,"rgba(239, 83, 80, 1.0)",0.0,0.0,0.1139255723533402,7.526540556937302,0.03036581683319089,0.0,0.0,0.0,0.0,0.0,0.0,0.0,0.0,43.14757944530698,0.3708172772818159,False,True,False,True,False,5.075045441170122,0,0.9169169169169163,0.8088088088088082,False,False,False,False,0.20234672685198274,0.22481325356968965,False,False,False,False,214.0,4481.529385757286,False,False,False,False,282.1944772813168,False,False,False,False
2024-12-16 17:00:00+00:00,7.49,7.49,7.44,7.455,1400.0,,,,,,,,,,,,,,,,,,,,,,,"rgba(239, 83, 80, 1.0)",0.0,0.0,0.11072964397149561,7.511544275476704,-0.5106516507111689,0.0,0.0,0.0,0.0,0.0,0.0,0.0,0.0,37.81433888581998,-4.484992244347197,False,True,False,True,False,1.7898000026415417,0,0.9075712881022611,0.8033431661750239,False,False,False,False,0.15512260508211248,0.18996792932590106,False,False,False,False,-1186.0,4393.660713109885,False,False,False,False,299.5247954630018,False,False,False,False
2024-12-17 17:00:00+00:00,7.39,7.39,7.39,7.39,0.0,,,,,,,,,,,,,,,,,,,,,,,"rgba(239, 83, 80, 1.0)",0.0,0.0,0.10884148321512616,7.511544275476704,-1.1167091065496721,0.0,0.0,0.0,0.0,0.0,0.0,0.0,0.0,32.76804876477503,-9.02912424385184,False,True,False,True,False,0.0,0,0.9052734374999996,0.8173828124999993,False,False,False,False,0.10489672402151544,0.14743232667370826,False,False,False,False,-1186.0,4307.154345464771,False,False,False,False,294.88100018450564,False,False,False,False
2024-12-18 17:00:00+00:00,7.36,7.36,7.25,7.26,811.0,,,,,,,,,,,,,,,,,,,,,,,"rgba(239, 83, 80, 1.0)",0.0,0.0,0.11047269443720623,7.494856618102111,-2.1259245942951654,0.0,0.0,0.0,0.0,0.0,0.0,0.0,0.0,27.359817680537844,-13.90326410153444,False,True,False,True,False,0.0,0,0.8883587786259536,0.8215648854961826,False,False,False,False,0.04285059733225271,0.09514146200298049,False,False,False,False,-1997.0,4209.415518403302,False,False,False,False,302.88284514288534,False,False,False,False
2024-12-19 17:00:00+00:00,7.24,7.26,7.2,7.235,330.0,,,,,,,,,,,,,,,,,,,,,,,"rgba(239, 83, 80, 1.0)",0.0,0.0,0.11303949720309286,7.487470853304433,-2.2334746663887786,0.0,0.0,0.0,0.0,0.0,0.0,0.0,0.0,23.44953241466008,-17.430179184546603,False,True,False,True,False,0.0,0,0.8792775665399234,0.8412547528517105,False,False,False,False,-0.0075574286038640175,0.043792016699558234,False,False,False,False,-2327.0,4108.07574292418,False,False,False,False,303.303266148422,True,False,False,False
2024-12-20 17:00:00+00:00,7.09,7.245,7.09,7.245,300.0,,,,,,,,,,,,,,,,,,,,,,,"rgba(239, 83, 80, 1.0)",0.0,0.0,0.11520350188621417,7.472276154674477,-1.9728233165946285,0.0,0.0,0.0,0.0,0.0,0.0,0.0,0.0,21.525209642480448,-19.28152429850602,False,True,False,True,False,0.0,0,0.86241920590951,0.8485687903970446,True,False,False,False,-0.049582605227986784,-0.002895294264214275,False,False,False,False,-2027.0,4012.9582895455105,False,False,False,False,303.25205271976427,False,False,False,False
2024-12-23 17:00:00+00:00,7.245,7.245,7.245,7.245,0.0,,,,,,,,,,,,,,,,,,,,,,,"rgba(239, 83, 80, 1.0)",0.0,0.0,0.11707712865480667,7.472276154674477,-1.9412515261164602,0.0,0.0,0.0,0.0,0.0,0.0,0.0,0.0,20.24232779436069,-20.757142902913404,False,True,False,True,False,0.0,0,0.8906394810009262,0.848007414272474,False,False,False,False,-0.010476607573128694,-0.006685950918671485,False,False,False,False,-2027.0,3919.31552536651,False,False,False,False,298.55047050705474,False,False,False,False
2024-12-24 17:00:00+00:00,7.39,7.39,7.39,7.39,0.0,,,,,,,,,,,,,,,,,,,,,,,"rgba(38, 166, 154, 1.0)",0.0,0.0,0.1163589894009677,7.472276154674477,-0.7070889417143114,0.0,0.0,0.0,0.0,0.0,0.0,0.0,0.0,27.84272563435399,-20.757142902913404,False,True,False,True,True,0.0,0,0.8923357664233571,0.8576642335766417,False,False,False,False,0.0910443326132605,0.04217919084729451,False,False,False,False,-2027.0,3827.1245869887343,False,False,False,False,293.9217810418291,False,False,False,False
2024-12-25 17:00:00+00:00,7.39,7.39,7.39,7.39,0.0,,,,,,,,,,,,,,,,,,,,,,,"rgba(38, 166, 154, 1.0)",0.0,0.0,0.11563389727151074,7.472276154674477,-0.7115228027062941,0.0,0.0,0.0,0.0,0.0,0.0,0.0,0.0,32.90965752768285,-26.680211132852847,False,True,False,True,True,0.0,0,0.8916437098255274,0.8558310376492189,False,False,False,False,0.08108629325755773,0.06163274205242612,False,False,False,False,-2027.0,3736.362965485033,False,False,False,False,289.3648542039713,False,False,False,False
2024-12-26 17:00:00+00:00,7.39,7.39,7.34,7.34,514.0,,,,,,,,,,,,,,,,,,,,,,,"rgba(38, 166, 154, 1.0)",0.0,0.0,0.11563389727151074,7.47304412086322,-1.1505633209856234,0.0,0.0,0.0,0.0,0.0,0.0,0.0,0.0,34.58685494378387,-24.987248964704392,False,True,False,True,True,0.0,0,0.8763736263736258,0.8598901098901092,False,False,False,False,0.06280969528087668,0.0622212186666514,False,False,False,False,-2541.0,3639.0395086558074,False,False,False,False,292.8475696426694,False,False,False,False
2024-12-27 17:00:00+00:00,7.32,7.32,7.27,7.285,400.0,,,,,,,,,,,,,,,,,,,,,,,"rgba(38, 166, 154, 1.0)",0.0,0.0,0.11699495638624735,7.467249530144671,-1.5577554432602378,0.0,0.0,0.0,0.0,0.0,0.0,0.0,0.0,34.087110399737895,-24.987248964704392,False,True,False,True,True,0.0,0,0.8687782805429858,0.8687782805429858,False,False,False,False,0.011818694405994944,0.03701995653632317,False,False,False,False,-2941.0,3537.0233922425386,False,False,False,False,294.5088476327055,False,False,False,False
2024-12-30 17:00:00+00:00,7.305,7.315,7.26,7.285,779.0,,,,,,,,,,,,,,,,,,,,,,,"rgba(38, 166, 154, 1.0)",0.0,0.0,0.11985321352718452,7.456799358463488,-1.433414702931779,0.0,0.0,0.0,0.0,0.0,0.0,0.0,0.0,33.753947370373915,-24.921582055518748,False,True,False,True,True,0.0,0,0.8682795698924725,0.8709677419354832,False,False,False,False,0.006363685199688504,0.021691820868005838,False,False,False,False,-2941.0,3436.5889210449795,False,False,False,False,302.02033836708216,False,False,False,False
2024-12-31 17:00:00+00:00,7.3,7.35,7.28,7.31,943.0,,,,,,,,,,,,,,,,,,,,,,,"rgba(38, 166, 154, 1.0)",0.0,0.0,0.12199172915399664,7.447832280015478,-1.1298493838175352,0.0,0.0,0.0,0.0,0.0,0.0,0.0,0.0,35.060751609208666,-23.042920046347568,False,True,False,True,True,0.0,0,0.8734513274336277,0.8663716814159287,False,False,False,False,0.02298450868562757,0.022338164776816702,False,False,False,False,-1998.0,3352.331728470639,False,False,False,False,311.9580075396855,False,False,False,False
2025-01-01 17:00:00+00:00,7.31,7.31,7.31,7.31,0.0,,,,,,,,,,,,,,,,,,,,,,,"rgba(38, 166, 154, 1.0)",0.0,0.0,0.12439402668084172,7.447832280015478,-1.108029731758066,0.0,0.0,0.0,0.0,0.0,0.0,0.0,0.0,35.931954435098504,-21.56870166380915,False,True,False,True,True,0.0,0,0.8785460992907794,0.8732269503546094,False,False,False,False,0.01756479241912597,0.019951478597971334,False,False,False,False,-1998.0,3269.3808489594667,False,False,False,False,307.1214492832563,False,False,False,False
2025-01-02 17:00:00+00:00,7.34,7.35,7.335,7.35,100.0,,,,,,,,,,,,,,,,,,,,,,,"rgba(38, 166, 154, 1.0)",0.0,0.0,0.12566579443862985,7.447183069288845,-0.7733454415577299,0.0,0.0,0.0,0.0,0.0,0.0,0.0,0.0,39.04506453479378,-18.080946373872006,False,True,False,True,True,0.0,0,0.8792951541850214,0.8713656387665193,False,False,False,False,0.041620613167762,0.030786045882866667,False,False,False,False,-1898.0,3189.266417192653,False,False,False,False,303.9102640230508,False,False,False,False
2025-01-03 17:00:00+00:00,7.39,7.39,7.345,7.345,196.0,,,,,,,,,,,,,,,,,,,,,,,"rgba(38, 166, 154, 1.0)",0.0,0.0,0.12722435315628888,7.448509241729722,-0.8135961328297443,0.0,0.0,0.0,0.0,0.0,0.0,0.0,0.0,40.8661667622987,-15.917141011016156,False,True,False,True,True,0.0,0,0.8813708260105441,0.8681898066783827,False,False,False,False,0.06015644971021692,0.0454712477965418,False,False,False,False,-2094.0,3107.355309949356,False,False,False,False,302.23723667385616,False,False,False,False
2025-01-06 17:00:00+00:00,7.315,7.32,7.31,7.32,500.0,,,,,,,,,,,,,,,,,,,,,,,"rgba(38, 166, 154, 1.0)",0.0,0.0,0.12917820640111505,7.442464063168708,-0.9480241797787526,0.0,0.0,0.0,0.0,0.0,0.0,0.0,0.0,40.79564780267299,-15.504049549047238,False,True,False,True,True,0.0,0,0.8832309043020186,0.876207199297629,False,False,False,False,0.012363702864535933,0.028917475330538865,False,False,False,False,-2594.0,3018.962204368746,False,False,False,False,305.30332602774985,False,False,False,False
2025-01-07 17:00:00+00:00,7.32,7.34,7.3,7.34,927.0,,,,,,,,,,,,,,,,,,,,,,,"rgba(38, 166, 154, 1.0)",0.0,0.0,0.1306939896051803,7.4360245125204125,-0.7347278387514046,0.0,0.0,0.0,0.0,0.0,0.0,0.0,0.0,42.17872123075112,-13.697784899887552,False,True,False,True,True,0.0,0,0.8799999999999992,0.8906666666666663,False,False,False,False,0.016168515852108604,0.022542995591323736,False,False,False,False,-1667.0,2946.3116275568273,False,False,False,False,314.94203415135064,False,False,False,False
2025-01-08 17:00:00+00:00,7.31,7.33,7.285,7.31,208.0,,,,,,,,,,,,,,,,,,,,,,,"rgba(38, 166, 154, 1.0)",0.0,0.0,0.13270851347803425,7.4343257733041215,-0.9368334407927802,0.0,0.0,0.0,0.0,0.0,0.0,0.0,0.0,41.47181793499866,-13.697784899887552,False,True,False,True,True,0.0,0,0.8599290780141838,0.8945035460992904,False,False,False,False,0.0066571200510083,0.014600057821166018,False,False,False,False,-1875.0,2871.5626100753257,False,False,False,False,313.28401811799637,False,False,False,False
2025-01-09 17:00:00+00:00,7.31,7.31,7.31,7.31,0.0,,,,,,,,,,,,,,,,,,,,,,,"rgba(38, 166, 154, 1.0)",0.0,0.0,0.13464461062802036,7.4343257733041215,-0.9233624184750616,0.0,0.0,0.0,0.0,0.0,0.0,0.0,0.0,41.00054907116369,-13.697784899887552,False,True,False,True,True,0.0,0,0.8742138364779868,0.8948787061994606,False,False,False,False,0.00855924779558783,0.011579652808376924,False,False,False,False,-1875.0,2797.9724920896615,False,False,False,False,308.4269015580274,False,False,False,False
2025-01-10 17:00:00+00:00,7.29,7.29,7.28,7.28,200.0,,,,,,,,,,,,,,,,,,,,,,,"rgba(38, 166, 154, 1.0)",0.0,0.0,0.13688457687916267,7.43230786109801,-1.1126736449823842,0.0,0.0,0.0,0.0,0.0,0.0,0.0,0.0,39.07116084243221,-13.697784899887552,False,True,False,True,False,0.0,0,0.8716094032549723,0.9005424954792041,False,False,False,False,-0.010461513566013679,0.0005590696211816223,False,False,False,False,-2075.0,2722.4225309719923,False,False,False,False,306.7458643245696,False,False,False,False
2025-01-13 17:00:00+00:00,7.215,7.24,7.215,7.24,100.0,,,,,,,,,,,,,,,,,,,,,,,"rgba(38, 166, 154, 1.0)",0.0,0.0,0.14001923934726745,7.425255371467968,-1.3230708317769722,0.0,0.0,0.0,0.0,0.0,0.0,0.0,0.0,35.98225178617277,-9.386952532076563,False,True,False,True,False,0.0,0,0.8674481514878262,0.9116321009918842,False,False,False,False,-0.05426071386543577,-0.026850822122127072,False,False,False,False,-2175.0,2646.493499484054,False,False,False,False,303.54050208697936,False,False,False,False
2025-01-14 17:00:00+00:00,7.315,7.32,7.25,7.285,1250.0,,,,,,,,,,,,,,,,,,,,,,,"rgba(38, 166, 154, 1.0)",0.0,0.0,0.1419816318535033,7.417926128212201,-0.9362205975302101,0.0,0.0,0.0,0.0,0.0,0.0,0.0,0.0,37.73091599495538,-9.386952532076563,False,True,False,True,False,0.0,0,0.8796046720575016,0.897574123989218,False,False,False,False,-0.010461513566013679,-0.018656167844070377,False,False,False,False,-925.0,2591.1215072439913,False,False,False,False,318.2142927522975,False,False,False,False
2025-01-15 17:00:00+00:00,7.285,7.39,7.285,7.39,544.0,,,,,,,,,,,,,,,,,,,,,,,"rgba(38, 166, 154, 1.0)",0.0,0.0,0.14168506504800565,7.417799390710565,-0.196205511859321,0.0,0.0,0.0,0.0,0.0,0.0,0.0,0.0,44.76068431249723,-10.302368768631041,False,False,False,True,True,0.5677740885689992,0,0.8867082961641386,0.885816235504014,False,False,False,False,0.023298290685725594,0.002321061420827608,False,False,False,False,-381.0,2545.042104030906,False,False,False,False,321.7148463530371,False,False,False,False
2025-01-16 17:00:00+00:00,7.44,7.44,7.44,7.44,0.0,,,,,,,,,,,,,,,,,,,,,,,"rgba(38, 166, 154, 1.0)",0.0,0.0,0.14109689342197881,7.417799390710565,0.15734300558298014,0.0,0.0,0.0,0.0,0.0,0.0,0.0,0.0,51.344127538165964,-4.4855875199283375,True,False,True,False,True,2.5651691165864428,0,0.9056939501779352,0.8861209964412808,False,False,False,False,0.10324762002123307,0.05278434072103034,False,False,False,False,-381.0,2499.677110169962,False,False,False,False,316.7270192777962,False,False,False,False
2025-01-17 17:00:00+00:00,7.62,7.62,7.575,7.575,300.0,,,,,,,,,,,,,,,,,,,,,,,"rgba(38, 166, 154, 1.0)",0.0,0.0,0.14124469215890195,7.437580328635294,0.9729191891339017,0.0,0.0,0.0,0.0,0.0,0.0,0.0,0.0,59.23061832569981,2.354779125917638,True,False,True,False,True,7.551840497896645,0,0.9083044982698956,0.8849480968858129,False,False,False,False,0.2291023665897535,0.14094335365539193,False,False,False,False,-81.0,2459.666612337869,False,False,False,False,316.4676856455823,False,False,False,False
2025-01-20 17:00:00+00:00,7.575,7.575,7.575,7.575,0.0,,,,,,,,,,,,,,,,,,,,,,,"rgba(38, 166, 154, 1.0)",0.0,0.0,0.14159811802078076,7.437580328635294,0.9704908037304487,0.0,0.0,0.0,0.0,0.0,0.0,0.0,0.0,64.48827885072237,6.692187715748986,True,False,True,False,True,7.551840497896645,0,0.9113814074717629,0.8922675933970458,False,False,False,False,0.2107725291052952,0.17585794138034355,False,False,False,False,-81.0,2420.2764323016227,False,False,False,False,311.56120989913916,False,False,False,False
2025-01-21 17:00:00+00:00,7.565,7.565,7.565,7.565,0.0,,,,,,,,,,,,,,,,,,,,,,,"rgba(38, 166, 154, 1.0)",0.0,0.0,0.14186340340350348,7.437580328635294,0.8981856370827763,0.0,0.0,0.0,0.0,0.0,0.0,0.0,0.0,67.3190951902823,8.962804828229487,True,False,True,False,True,7.115822689815971,0,0.9162303664921457,0.8926701570680626,False,False,False,False,0.19510940297041143,0.18548367217537748,False,False,False,False,-81.0,2381.4969527310545,False,False,False,False,306.7308035441137,False,False,False,False
2025-01-22 17:00:00+00:00,7.565,7.565,7.49,7.52,328.0,,,,,,,,,,,,,,,,,,,,,,,"rgba(38, 166, 154, 1.0)",0.0,0.0,0.14190473901513964,7.439241237283935,0.5691054666430049,0.0,0.0,0.0,0.0,0.0,0.0,0.0,0.0,66.28380570092224,8.962804828229487,True,False,True,False,True,5.171431942778707,0,0.9033101045296158,0.8998257839721252,False,False,False,False,0.16064210717707098,0.17306288967622424,False,False,False,False,-409.0,2338.2334340840616,False,False,False,False,307.0605585279259,False,False,False,False
2025-01-23 17:00:00+00:00,7.5,7.505,7.5,7.505,0.0,,,,,,,,,,,,,,,,,,,,,,,"rgba(38, 166, 154, 1.0)",0.0,0.0,0.1419103257009175,7.439241237283935,0.4633825085755548,0.0,0.0,0.0,0.0,0.0,0.0,0.0,0.0,64.67090340177685,8.962804828229487,True,False,True,False,True,4.53089345760721,0,0.9015679442508702,0.9111498257839721,False,False,False,False,0.13033696166225342,0.15169992566923884,False,False,False,False,-409.0,2295.6406676641536,False,False,False,False,302.2999297135394,False,False,False,False
2025-01-24 17:00:00+00:00,7.505,7.505,7.505,7.505,0.0,,,,,,,,,,,,,,,,,,,,,,,"rgba(38, 166, 154, 1.0)",0.0,0.0,0.14191397597339214,7.439241237283935,0.46337058957741045,0.0,0.0,0.0,0.0,0.0,0.0,0.0,0.0,63.59563520234659,8.962804828229487,True,False,True,False,False,4.53089345760721,0,0.8984238178633965,0.9124343257443084,False,False,False,False,0.13188514027746417,0.1417925329733515,False,False,False,False,-409.0,2253.708254211996,False,False,False,False,297.61310909782566,False,False,False,False
2025-01-27 17:00:00+00:00,7.5,7.5,7.39,7.45,718.0,,,,,,,,,,,,,,,,,,,,,,,"rgba(38, 166, 154, 1.0)",0.0,0.0,0.1418983267524148,7.437981516745136,0.08469785042521272,0.0,0.0,0.0,0.0,0.0,0.0,0.0,0.0,59.4644647380082,8.962804828229487,True,False,True,False,False,2.1767582673185295,0,0.8803122289679088,0.9193408499566351,False,False,False,False,0.0788383771917305,0.11031545508254101,False,False,False,False,-1127.0,2201.294172751345,False,False,False,False,304.1307353133633,False,False,False,False
2025-01-28 17:00:00+00:00,7.465,7.47,7.46,7.46,136.0,,,,,,,,,,,,,,,,,,,,,,,"rgba(38, 166, 154, 1.0)",0.0,0.0,0.14154590507408957,7.438313217152574,0.15321377779225986,0.0,0.0,0.0,0.0,0.0,0.0,0.0,0.0,57.246699104724314,15.088906897515855,True,False,True,False,False,2.57449737093145,0,0.8851884312007001,0.9255039439088523,False,False,False,False,0.09645691787528328,0.10338618647891215,False,False,False,False,-991.0,2151.801239840471,False,False,False,False,301.5240572464894,False,False,False,False
2025-01-29 17:00:00+00:00,7.5,7.5,7.47,7.485,112.0,,,,,,,,,,,,,,,,,,,,,,,"rgba(38, 166, 154, 1.0)",0.0,0.0,0.1409952398404201,7.4388609503647185,0.32723834994360435,0.0,0.0,0.0,0.0,0.0,0.0,0.0,0.0,57.10312735123928,14.54370206625336,True,False,True,False,False,3.569729777521488,0,0.8920105355575058,0.9183494293239688,False,False,False,False,0.11413536569566579,0.10876077608728897,False,False,False,False,-879.0,2104.8120733313167,False,False,False,False,298.58569976979965,False,False,False,False
2025-01-30 17:00:00+00:00,7.565,7.565,7.545,7.55,342.0,,,,,,,,,,,,,,,,,,,,,,,"rgba(38, 166, 154, 1.0)",0.0,0.0,0.1409952398404201,7.442798292837537,0.7603214639288157,0.0,0.0,0.0,0.0,0.0,0.0,0.0,0.0,59.8700967540892,14.54370206625336,True,False,True,False,False,6.082259979161147,0,0.9085257548845462,0.9111900532859685,False,False,False,False,0.17340656949682412,0.14108367279205655,False,False,False,False,-537.0,2063.853746613002,False,False,False,False,299.25878969584926,False,False,False,False
2025-01-31 17:00:00+00:00,7.555,7.565,7.53,7.53,200.0,,,,,,,,,,,,,,,,,,,,,,,"rgba(38, 166, 154, 1.0)",0.0,0.0,0.14075222623173358,7.444634304594039,0.6064962359132855,0.0,0.0,0.0,0.0,0.0,0.0,0.0,0.0,60.310599888370454,14.54370206625336,True,False,True,False,False,5.196582860876596,0,0.9051878354203928,0.9159212880143117,False,False,False,False,0.16241662013633731,0.15175014646419693,False,False,False,False,-737.0,2020.4296575182268,False,False,False,False,297.7198937315725,False,False,False,False
2025-02-03 17:00:00+00:00,7.57,7.59,7.52,7.59,1302.0,,,,,,,,,,,,,,,,,,,,,,,"rgba(38, 166, 154, 1.0)",0.0,0.0,0.14084679556106253,7.456731636169735,0.9461937937557675,0.0,0.0,0.0,0.0,0.0,0.0,0.0,0.0,62.914116006905516,14.54370206625336,True,False,True,False,True,7.455170104243958,0,0.89450354609929,0.9122340425531921,False,False,False,False,0.16945824452677988,0.1606041954954884,False,False,False,False,565.0,1997.8648566264712,False,False,False,False,313.2901279372845,False,False,False,False
2025-02-04 17:00:00+00:00,7.6,7.6,7.58,7.58,1000.0,,,,,,,,,,,,,,,,,,,,,,,"rgba(38, 166, 154, 1.0)",0.0,0.0,0.14119253993512992,7.465124072358828,0.8136118784600903,0.0,0.0,0.0,0.0,0.0,0.0,0.0,0.0,63.91419812827077,14.54370206625336,True,False,True,False,True,7.003919835315575,0,0.9054770318021195,0.9072438162544174,False,False,False,False,0.18572499072328302,0.1731645931093857,False,False,False,False,-435.0,1960.1460216400142,False,False,False,False,323.9367926204274,False,False,False,False
2025-02-05 17:00:00+00:00,7.6,7.6,7.6,7.6,0.0,,,,,,,,,,,,,,,,,,,,,,,"rgba(38, 166, 154, 1.0)",0.0,0.0,0.14138880009672875,7.465124072358828,0.9539364330760207,0.0,0.0,0.0,0.0,0.0,0.0,0.0,0.0,65.35281096129164,9.54234453068075,True,False,True,False,True,7.754961017331624,0,0.9044642857142849,0.902678571428572,False,False,False,False,0.19637698328901837,0.18477078819920204,False,False,False,False,-435.0,1923.011974792882,False,False,False,False,318.9145167658471,False,False,False,False
2025-02-06 17:00:00+00:00,7.61,7.61,7.58,7.595,178.0,,,,,,,,,,,,,,,,,,,,,,,"rgba(38, 166, 154, 1.0)",0.0,0.0,0.14168865754066415,7.466550777456961,0.906559669437015,0.0,0.0,0.0,0.0,0.0,0.0,0.0,0.0,65.88547063956565,10.45685431541294,True,False,True,False,True,7.522438049495616,0,0.9014209591474238,0.9014209591474249,False,False,False,False,0.19104563269813687,0.18790821044866945,False,False,False,False,-613.0,1883.6939596798138,False,False,False,False,316.7297955756789,False,False,False,False
2025-02-07 17:00:00+00:00,7.595,7.6,7.59,7.6,300.0,,,,,,,,,,,,,,,,,,,,,,,"rgba(38, 166, 154, 1.0)",0.0,0.0,0.14215484515133464,7.468886735948891,0.9223270857319634,0.0,0.0,0.0,0.0,0.0,0.0,0.0,0.0,66.46814230627706,11.442787536552544,True,False,True,False,True,7.715351155541111,0,0.9033687943262404,0.9033687943262417,False,False,False,False,0.19104563269813582,0.18947692157340262,False,False,False,False,-313.0,1849.6366889871035,False,False,False,False,316.470418900087,False,False,False,False
2025-02-10 17:00:00+00:00,7.56,7.585,7.56,7.585,0.0,,,,,,,,,,,,,,,,,,,,,,,"rgba(38, 166, 154, 1.0)",0.0,0.0,0.1418958823977686,7.468886735948891,0.8182990379214505,0.0,0.0,0.0,0.0,0.0,0.0,0.0,0.0,65.3872870686491,11.442787536552544,True,False,True,False,True,6.997723240736168,0,0.8978873239436612,0.9040492957746484,False,False,False,False,0.16314526840631985,0.17631109498986125,False,False,False,False,-313.0,1816.1074379950553,False,False,False,False,311.563900777605,False,False,False,False
2025-02-11 17:00:00+00:00,7.6,7.62,7.6,7.62,419.0,,,,,,,,,,,,,,,,,,,,,,,"rgba(38, 166, 154, 1.0)",0.0,0.0,0.14266394078392738,7.472390262434449,1.0346674622504244,0.0,0.0,0.0,0.0,0.0,0.0,0.0,0.0,66.4574797794179,12.087745628381853,True,False,True,False,True,8.374005837071287,0,0.902374670184696,0.9058927000879513,False,False,False,False,0.20393627543758103,0.19012368521372114,False,False,False,False,106.0,1789.594144382729,False,False,False,False,313.22957673454135,False,False,False,False
2025-02-12 17:00:00+00:00,7.63,7.63,7.59,7.59,200.0,,,,,,,,,,,,,,,,,,,,,,,"rgba(38, 166, 154, 1.0)",0.0,0.0,0.14295362443372567,7.486223449038794,0.7259455741139111,0.0,0.0,0.0,0.0,0.0,0.0,0.0,0.0,64.34754231907527,12.087745628381853,True,False,True,False,False,6.92382710465008,0,0.8960698689956326,0.9048034934497822,False,False,False,False,0.20393627543758103,0.19702998032565108,False,False,False,False,-94.0,1760.3911343922991,False,False,False,False,311.4740794208275,False,False,False,False
2025-02-13 17:00:00+00:00,7.59,7.6,7.57,7.59,443.0,,,,,,,,,,,,,,,,,,,,,,,"rgba(38, 166, 154, 1.0)",0.0,0.0,0.14326617953375512,7.488043735610314,0.7116561963297388,0.0,0.0,0.0,0.0,0.0,0.0,0.0,0.0,62.94091734551354,12.087745628381853,True,False,True,False,False,6.92382710465008,0,0.8931364031277145,0.9105125977410953,False,False,False,False,0.17667609318566607,0.18685303675565856,False,False,False,False,-94.0,1731.6408842466822,False,False,False,False,313.51324098019444,False,False,False,False
2025-02-14 17:00:00+00:00,7.62,7.625,7.6,7.6,100.0,,,,,,,,,,,,,,,,,,,,,,,"rgba(38, 166, 154, 1.0)",0.0,0.0,0.14378747455128976,7.488855574073144,0.7729771057854563,0.0,0.0,0.0,0.0,0.0,0.0,0.0,0.0,62.66122453238023,12.087745628381853,True,False,True,False,False,7.332333310620061,0,0.8986135181975731,0.9046793760831895,False,False,False,False,0.20667816007414158,0.19676559841490007,False,False,False,False,6.0,1704.8867620102994,False,False,False,False,310.2029581742999,False,False,False,False
2025-02-17 17:00:00+00:00,7.6,7.6,7.6,7.6,0.0,,,,,,,,,,,,,,,,,,,,,,,"rgba(38, 166, 154, 1.0)",0.0,0.0,0.14429177771833393,7.488855574073144,0.7702755325658015,0.0,0.0,0.0,0.0,0.0,0.0,0.0,0.0,62.474762656958035,12.087745628381853,True,False,True,False,False,7.332333310620061,0,0.8984374999999994,0.9088541666666673,False,False,False,False,0.19183715322702183,0.19430137582096096,False,False,False,False,6.0,1678.5474323667288,False,False,False,False,305.39360998555105,False,False,False,False
2025-02-18 17:00:00+00:00,7.585,7.595,7.535,7.545,311.0,,,,,,,,,,,,,,,,,,,,,,,"rgba(38, 166, 154, 1.0)",0.0,0.0,0.14426805006747073,7.489366903326663,0.3856231275554004,0.0,0.0,0.0,0.0,0.0,0.0,0.0,0.0,57.04461374273293,10.855853229305268,True,False,True,False,False,4.5969968981841625,0,0.8870689655172408,0.9137931034482764,False,False,False,False,0.153606376824492,0.17395387632272646,False,False,False,False,-305.0,1647.7947589967018,False,False,False,False,305.48053076096886,False,False,False,False
2025-02-19 17:00:00+00:00,7.545,7.545,7.525,7.54,200.0,,,,,,,,,,,,,,,,,,,,,,,"rgba(38, 166, 154, 1.0)",0.0,0.0,0.14397469121936568,7.49617090722532,0.3044222036767578,0.0,0.0,0.0,0.0,0.0,0.0,0.0,0.0,53.03126671313384,7.2342322524683595,False,False,False,False,False,4.3524389163407555,0,0.8857388316151197,0.9183848797250864,False,False,False,False,0.09962020624781091,0.1367870412852687,False,False,False,False,-505.0,1614.4180960665203,False,False,False,False,303.8451736949073,False,False,False,False
2025-02-20 17:00:00+00:00,7.53,7.53,7.53,7.53,100.0,,,,,,,,,,,,,,,,,,,,,,,"rgba(38, 166, 154, 1.0)",0.0,0.0,0.14401520190027983,7.496009661628021,0.23601910023023387,0.0,0.0,0.0,0.0,0.0,0.0,0.0,0.0,49.54035784746692,4.17500032556255,False,False,False,True,False,3.85797489199733,0,0.8833768494342902,0.9181897302001746,False,False,False,False,0.09372472775211378,0.11525588451869123,False,False,False,False,-605.0,1580.0085131817682,False,False,False,False,300.6847834050638,False,False,False,False
2025-02-21 17:00:00+00:00,7.55,7.55,7.55,7.55,0.0,,,,,,,,,,,,,,,,,,,,,,,"rgba(38, 166, 154, 1.0)",0.0,0.0,0.14401520190027983,7.496009661628021,0.37489332834018113,0.0,0.0,0.0,0.0,0.0,0.0,0.0,0.0,49.29943704824266,4.049059147944,False,False,False,False,False,4.751314402637245,0,0.8853893263342077,0.9238845144356961,False,False,False,False,0.11734980321866167,0.11630284386867645,False,False,False,False,-605.0,1546.1324122022058,False,False,False,False,296.02300381738837,False,False,False,False
2025-02-24 17:00:00+00:00,7.575,7.575,7.56,7.56,67.0,,,,,,,,,,,,,,,,,,,,,,,"rgba(38, 166, 154, 1.0)",0.0,0.0,0.14247648770779522,7.496584561793432,0.4450940588641301,0.0,0.0,0.0,0.0,0.0,0.0,0.0,0.0,50.124127236665686,4.049059147944,False,False,False,False,False,5.198511454437011,0,0.876532399299474,0.9211908931698779,False,False,False,False,0.13812837255072247,0.12721560820969946,False,False,False,False,-538.0,1513.8202817804663,False,False,False,False,292.47225957215755,False,False,False,False
2025-02-25 17:00:00+00:00,7.56,7.6,7.56,7.6,200.0,,,,,,,,,,,,,,,,,,,,,,,"rgba(38, 166, 154, 1.0)",0.0,0.0,0.14293708059495613,7.4986763640150045,0.7088687943201954,0.0,0.0,0.0,0.0,0.0,0.0,0.0,0.0,53.989935247943244,4.049059147944,False,False,True,False,True,6.966254057226454,0,0.877408056042031,0.9229422066549918,False,False,False,False,0.15304207697399086,0.14012884259184516,False,False,False,False,-338.0,1485.1098898148778,False,False,False,False,291.03858112917834,False,False,False,False
2025-02-26 17:00:00+00:00,7.585,7.61,7.585,7.61,200.0,,,,,,,,,,,,,,,,,,,,,,,"rgba(38, 166, 154, 1.0)",0.0,0.0,0.1434862582490264,7.500681492907373,0.7618744012607859,0.0,0.0,0.0,0.0,0.0,0.0,0.0,0.0,57.266798186758706,2.1300647117910927,True,False,True,False,True,7.402966848372113,0,0.8816827344434701,0.919368974583699,False,False,False,False,0.17403689050199878,0.15708286654692197,False,False,False,False,-138.0,1459.9453953991433,False,False,False,False,289.6271302589585,False,False,False,False
2025-02-27 17:00:00+00:00,7.61,7.61,7.58,7.58,100.0,,,,,,,,,,,,,,,,,,,,,,,"rgba(38, 166, 154, 1.0)",0.0,0.0,0.14376100036249473,7.501350278280187,0.547086633520198,0.0,0.0,0.0,0.0,0.0,0.0,0.0,0.0,56.12919554008356,2.1300647117910927,False,False,True,False,True,5.814938129073333,0,0.8761987794245854,0.9197907585004365,False,False,False,False,0.17102873712114647,0.16405580183403423,False,False,False,False,-238.0,1433.6206605867533,False,False,False,False,286.6871747510677,False,False,False,False
2025-02-28 17:00:00+00:00,7.65,7.65,7.61,7.61,300.0,,,,,,,,,,,,,,,,,,,,,,,"rgba(38, 166, 154, 1.0)",0.0,0.0,0.14427819723783006,7.504445336738191,0.7316050885208383,0.0,0.0,0.0,0.0,0.0,0.0,0.0,0.0,57.66936508096592,2.480141558967098,True,False,True,False,True,7.149210019617438,0,0.8771626297577849,0.9117647058823534,False,False,False,False,0.21344899755803162,0.1887523996960329,False,False,False,False,62.0,1412.355223988509,False,False,False,False,286.893575142524,False,False,False,False
2025-03-03 17:00:00+00:00,7.645,7.685,7.645,7.66,200.0,,,,,,,,,,,,,,,,,,,,,,,"rgba(38, 166, 154, 1.0)",0.0,0.0,0.1453755001230814,7.517428721273715,0.9807104952731218,0.0,0.0,0.0,0.0,0.0,0.0,0.0,0.0,61.55963020169837,6.19693245118296,True,False,True,False,True,9.303945509850337,0,0.8759623609923006,0.9016253207869981,False,False,False,False,0.2566402179422323,0.2226963088191326,False,False,False,False,262.0,1394.5202592755088,False,False,False,False,285.54638793101196,False,False,False,True
2025-03-04 17:00:00+00:00,7.65,7.65,7.63,7.63,0.0,,,,,,,,,,,,,,,,,,,,,,,"rgba(38, 166, 154, 1.0)",0.0,0.0,0.14604509978486505,7.517428721273715,0.7707980541086986,0.0,0.0,0.0,0.0,0.0,0.0,0.0,0.0,61.17805207487819,6.19693245118296,True,False,True,False,True,7.696082051106384,0,0.871904355251921,0.9086251067463711,False,False,False,False,0.22570285586860755,0.22419958234387008,False,False,False,False,262.0,1376.9618056433303,False,False,False,False,281.1193121491358,False,False,False,False
2025-03-05 17:00:00+00:00,7.59,7.595,7.59,7.595,24.0,,,,,,,,,,,,,,,,,,,,,,,"rgba(38, 166, 154, 1.0)",0.0,0.0,0.1463519452958925,7.517061370657826,0.5325424898493711,0.0,0.0,0.0,0.0,0.0,0.0,0.0,0.0,58.01317953541082,6.19693245118296,False,False,True,False,False,5.860150340323443,0,0.8734069668649105,0.9099405267629572,False,False,False,False,0.16802364607163256,0.1961116142077513,False,False,False,False,238.0,1359.3034830752167,False,False,False,False,277.13296622434297,False,False,False,False
2025-03-06 17:00:00+00:00,7.52,7.53,7.47,7.5,513.0,,,,,,,,,,,,,,,,,,,,,,,"rgba(239, 83, 80, 1.0)",0.0,0.0,0.14631586835792404,7.507726293619595,-0.052805575405497504,0.0,0.0,0.0,0.0,0.0,0.0,0.0,0.0,50.628276347408274,6.552696402096203,False,True,False,False,False,1.1761177340707363,0,0.8666666666666665,0.9116666666666673,False,False,False,False,0.05847356332457293,0.12729258876616212,False,False,False,False,-275.0,1333.9654445779265,False,False,False,False,280.7898194611749,False,False,False,False
2025-03-07 17:00:00+00:00,7.5,7.54,7.5,7.53,100.0,,,,,,,,,,,,,,,,,,,,,,,"rgba(239, 83, 80, 1.0)",0.0,0.0,0.14610483093184032,7.507629716730927,0.15311118137845517,0.0,0.0,0.0,0.0,0.0,0.0,0.0,0.0,47.80257031340489,4.133714093137421,False,True,False,True,False,2.5288813194503987,0,0.8716666666666665,0.9166666666666673,False,False,False,False,0.0819528193348168,0.10462270405048946,False,False,False,False,-175.0,1310.570631483695,False,False,False,False,277.9868765237923,False,False,False,False
2025-03-10 17:00:00+00:00,7.53,7.53,7.53,7.53,100.0,,,,,,,,,,,,,,,,,,,,,,,"rgba(239, 83, 80, 1.0)",0.0,0.0,0.14431884120906716,7.507688502377675,0.1545986472410998,0.0,0.0,0.0,0.0,0.0,0.0,0.0,0.0,45.918766290735974,2.4453479055746357,False,True,False,True,False,2.5288813194503987,0,0.8699999999999999,0.9183333333333339,False,False,False,False,0.09372472775211378,0.09917371590130161,False,False,False,False,-175.0,1287.5385286699943,False,False,False,False,275.22739006605906,False,False,False,False
2025-03-11 17:00:00+00:00,7.525,7.54,7.525,7.53,1400.0,,,,,,,,,,,,,,,,,,,,,,,"rgba(239, 83, 80, 1.0)",0.0,0.0,0.14256567950587892,7.50834521922231,0.15189336488798744,0.0,0.0,0.0,0.0,0.0,0.0,0.0,0.0,44.662896942290025,1.1790824418476689,False,True,False,True,False,2.5288813194503987,0,0.870940882597835,0.9167360532889265,False,False,False,False,0.09667162960865829,0.09792267275497996,False,False,False,False,-175.0,1264.8635127216223,False,False,False,False,292.66572510379456,False,False,False,False
2025-03-12 17:00:00+00:00,7.56,7.575,7.555,7.555,0.0,,,,,,,,,,,,,,,,,,,,,,,"rgba(239, 83, 80, 1.0)",0.0,0.0,0.14023651193351638,7.50834521922231,0.3326864033797989,0.0,0.0,0.0,0.0,0.0,0.0,0.0,0.0,45.836246176164025,1.1790824418476689,False,True,False,True,False,3.685901535114695,0,0.8727272727272726,0.9107438016528931,False,False,False,False,0.13515315178867937,0.11653791227182966,False,False,False,False,-175.0,1242.5400474081086,False,False,False,False,288.12827200141015,False,False,False,False
2025-03-13 17:00:00+00:00,7.555,7.555,7.515,7.515,0.0,,,,,,,,,,,,,,,,,,,,,,,"rgba(239, 83, 80, 1.0)",0.0,0.0,0.1376885439502326,7.50834521922231,0.04833213124902488,0.0,0.0,0.0,0.0,0.0,0.0,0.0,0.0,44.080456224481765,0.2716276826257058,False,True,False,True,False,1.68699894238571,0,0.8647746243739564,0.9298831385642745,False,False,False,False,0.09962020624781091,0.10807905925982028,False,False,False,False,-175.0,1220.5626823320138,False,False,False,False,283.66116700914023,False,False,False,False
2025-03-14 17:00:00+00:00,7.515,7.58,7.515,7.565,108.0,,,,,,,,,,,,,,,,,,,,,,,"rgba(239, 83, 80, 1.0)",0.0,0.0,0.13524752083454947,7.508688583520726,0.41635821589780464,0.0,0.0,0.0,0.0,0.0,0.0,0.0,0.0,46.51180556530943,0.2716276826257058,False,True,False,True,False,3.9879670000223513,0,0.8497109826589593,0.9265070189925688,False,False,False,False,0.11439006369406315,0.11123456147694172,False,False,False,False,-67.0,1200.6004702028351,False,False,False,False,280.9377380632621,False,False,False,False
2025-03-17 17:00:00+00:00,7.53,7.56,7.53,7.56,0.0,,,,,,,,,,,,,,,,,,,,,,,"rgba(239, 83, 80, 1.0)",0.0,0.0,0.1326901830757825,7.508688583520726,0.3867009245888841,0.0,0.0,0.0,0.0,0.0,0.0,0.0,0.0,47.78944659469378,0.2716276826257058,False,True,False,False,True,3.735807229358464,0,0.849498327759197,0.9306020066889639,False,False,False,False,0.11143231826220056,0.11133343986957114,False,False,False,False,-67.0,1180.947749734574,False,False,False,False,276.58211421732005,False,False,False,False
2025-03-18 17:00:00+00:00,7.56,7.565,7.545,7.555,0.0,,,,,,,,,,,,,,,,,,,,,,,"rgba(239, 83, 80, 1.0)",0.0,0.0,0.13000873151550343,7.508688583520726,0.3562177396812068,0.0,0.0,0.0,0.0,0.0,0.0,0.0,0.0,48.27112725223486,0.2716276826257058,False,True,False,False,True,3.480155553338424,0,0.8647506339814028,0.9264581572273886,False,False,False,False,0.12327548046708024,0.11730446016832569,False,False,False,False,-67.0,1161.5997226069062,False,False,False,False,272.2940194232531,False,False,False,False
2025-03-19 17:00:00+00:00,7.51,7.51,7.51,7.51,0.0,,,,,,,,,,,,,,,,,,,,,,,"rgba(239, 83, 80, 1.0)",0.0,0.0,0.12929719937324918,7.508688583520726,0.010142651856579185,0.0,0.0,0.0,0.0,0.0,0.0,0.0,0.0,45.5966826584905,0.2716276826257058,False,True,False,True,True,1.2077190514004421,0,0.8624787775891338,0.9303904923599327,False,False,False,False,0.07020353138527405,0.09375399577679987,False,False,False,False,-67.0,1142.5516648920704,False,False,False,False,268.0724067190166,False,False,False,False
2025-03-20 17:00:00+00:00,7.525,7.525,7.525,7.525,0.0,,,,,,,,,,,,,,,,,,,,,,,"rgba(239, 83, 80, 1.0)",0.0,0.0,0.12703503808359676,7.508688583520726,0.1284009256449409,0.0,0.0,0.0,0.0,0.0,0.0,0.0,0.0,45.08969139803625,0.24839274471394646,False,True,False,True,False,1.9273985644656015,0,0.85531914893617,0.9336170212765963,False,False,False,False,0.08783573828944806,0.09079486703312396,False,False,False,False,-67.0,1123.7989259014957,False,False,False,False,263.9162453745357,False,False,False,False
2025-03-21 17:00:00+00:00,7.525,7.525,7.51,7.51,0.0,,,,,,,,,,,,,,,,,,,,,,,"rgba(239, 83, 80, 1.0)",0.0,0.0,0.1246368779749851,7.508688583520726,0.010521897696577246,0.0,0.0,0.0,0.0,0.0,0.0,0.0,0.0,43.764019212835606,-1.320178597730468,False,True,False,True,False,1.1693753199448835,0,0.857508532423208,0.9300341296928334,False,False,False,False,0.0790135062093866,0.08490418662125529,False,False,False,False,-67.0,1105.3369270503097,False,False,False,False,259.8245206400468,False,False,False,False
2025-03-24 17:00:00+00:00,7.515,7.53,7.49,7.515,300.0,,,,,,,,,,,,,,,,,,,,,,,"rgba(239, 83, 80, 1.0)",0.0,0.0,0.12238776803980751,7.5081495510569525,0.05597331377772202,0.0,0.0,0.0,0.0,0.0,0.0,0.0,0.0,43.36291457912568,-2.033260316282771,False,True,False,True,False,1.4160005682637653,0,0.854715378079864,0.9269328802039088,False,False,False,False,0.07020353138527405,0.07755385900326467,False,False,False,False,233.0,1091.8123235301498,False,False,False,False,260.4473962890383,False,False,False,False
2025-03-25 17:00:00+00:00,7.49,7.52,7.49,7.52,92.0,,,,,,,,,,,,,,,,,,,,,,,"rgba(239, 83, 80, 1.0)",0.0,0.0,0.12081953633564531,7.50798899586486,0.09941276468544069,0.0,0.0,0.0,0.0,0.0,0.0,0.0,0.0,43.61091250892902,-2.144280931981875,False,True,False,True,False,1.6659663092457713,1,0.8554522400676245,0.9264581572273887,False,False,False,False,0.06433633733447873,0.0709450981688717,False,False,False,False,325.0,1079.9237603746435,False,False,False,False,257.8358087496734,False,False,False,False
2025-03-26 17:00:00+00:00,7.49,7.49,7.45,7.48,783.0,,,,,,,,,,,,,,,,,,,,,,,"rgba(239, 83, 80, 1.0)",0.0,0.0,0.11988827381440666,7.504207426911174,-0.2019165523114294,0.0,0.0,0.0,0.0,0.0,0.0,0.0,0.0,40.9089701399395,-4.975593195557579,False,True,False,True,False,0.0,1,0.8436179205409974,0.938292476754016,False,False,False,False,0.023367021323292134,0.04715605974608192,False,False,False,False,-458.0,1056.0799811440288,False,False,False,False,265.9778892341746,False,False,False,False
2025-03-27 17:00:00+00:00,7.5,7.5,7.455,7.47,200.0,,,,,,,,,,,,,,,,,,,,,,,"rgba(239, 83, 80, 1.0)",0.0,0.0,0.11948281945176922,7.5034561116116105,-0.28000771797250534,0.0,0.0,0.0,0.0,0.0,0.0,0.0,0.0,38.4922787230812,-7.3980296698453145,False,True,False,True,False,0.0,0,0.8367003367003366,0.9368686868686876,False,False,False,False,0.0321348865189904,0.03964547313253616,False,False,False,False,-658.0,1029.5050977154392,False,False,False,False,264.954976222792,False,False,False,False
2025-03-28 17:00:00+00:00,7.51,7.51,7.48,7.495,389.0,,,,,,,,,,,,,,,,,,,,,,,"rgba(239, 83, 80, 1.0)",0.0,0.0,0.11934947547977424,7.502816745723267,-0.06549459636788986,0.0,0.0,0.0,0.0,0.0,0.0,0.0,0.0,39.702537649110596,-7.3980296698453145,False,True,False,True,False,0.38854071900872,0,0.8403010033444815,0.9306020066889639,False,False,False,False,0.05261480175813756,0.046130137445336866,False,False,False,False,-269.0,1009.3732357353549,False,False,False,False,266.87815488600455,False,False,False,False
2025-03-31 17:00:00+00:00,7.49,7.54,7.49,7.535,300.0,,,,,,,,,,,,,,,,,,,,,,,"rgba(239, 83, 80, 1.0)",0.0,0.0,0.11949311111358489,7.503047644584099,0.26739914224451883,0.0,0.0,0.0,0.0,0.0,0.0,0.0,0.0,44.11246714028218,-10.19856797812978,False,True,False,True,True,2.419657079733966,0,0.841442953020134,0.9370805369127523,False,False,False,False,0.07607555490661123,0.06110284617597405,False,False,False,False,31.0,994.2046584371324,False,False,False,False,267.3916718645161,False,False,False,False
2025-04-01 17:00:00+00:00,7.47,7.59,7.47,7.53,1650.0,,,,,,,,,,,,,,,,,,,,,,,"rgba(239, 83, 80, 1.0)",0.0,0.0,0.11916651231641213,7.506917309458407,0.19370115054054693,0.0,0.0,0.0,0.0,0.0,0.0,0.0,0.0,46.60088229219606,-7.945517493325724,False,True,False,True,True,2.1517654920058753,1,0.8327841845140029,0.9299835255354207,False,False,False,False,0.09372472775211267,0.07741378696404336,False,False,False,False,-1619.0,953.6898575311303,False,False,False,False,288.82745989762435,False,False,False,False
2025-04-02 17:00:00+00:00,7.5,7.5,7.5,7.5,0.0,,,,,,,,,,,,,,,,,,,,,,,"rgba(239, 83, 80, 1.0)",0.0,0.0,0.11632576965008504,7.506917309458407,-0.05946497907741894,0.0,0.0,0.0,0.0,0.0,0.0,0.0,0.0,45.72740122161635,-7.945517493325724,False,True,False,True,True,0.5511966617583894,1,0.8354011579818029,0.9396195202646821,False,False,False,False,0.05847356332457293,0.06794367514430814,False,False,False,False,-1619.0,913.8031930732833,False,False,False,False,284.3495147829325,False,False,False,False
2025-04-03 17:00:00+00:00,7.47,7.49,7.47,7.48,0.0,,,,,,,,,,,,,,,,,,,,,,,"rgba(239, 83, 80, 1.0)",0.0,0.0,0.11259830539745415,7.506917309458407,-0.23905607960433067,0.0,0.0,0.0,0.0,0.0,0.0,0.0,0.0,43.68664519733711,-7.945517493325724,False,True,False,True,False,0.0,1,0.8407005838198496,0.935779816513762,False,False,False,False,0.03505853961756167,0.051501107380934906,False,False,False,False,-1619.0,874.5349265140076,False,False,False,False,279.94099517389475,False,False,False,False
2025-04-04 17:00:00+00:00,7.26,7.26,7.165,7.165,299.0,,,,,,,,,,,,,,,,,,,,,,,"rgba(239, 83, 80, 1.0)",0.0,0.0,0.11527843300946228,7.4976125101419,-2.885296941142485,0.0,0.0,0.0,0.0,0.0,0.0,0.0,0.0,33.9029592447248,-10.610816023333982,False,True,False,True,False,0.0,0,0.8338632750397452,0.9316375198728145,False,False,False,False,-0.28489955342583706,-0.11669922302245107,False,False,False,False,-1918.0,831.2398113742555,False,False,False,False,280.2364836208111,False,False,False,False
2025-04-07 17:00:00+00:00,6.965,6.985,6.965,6.985,200.0,,,,,,,,,,,,,,,,,,,,,,,"rgba(239, 83, 80, 1.0)",0.0,0.0,0.126057615884652,7.488058083297908,-3.990699647677191,0.0,0.0,0.0,0.0,0.0,0.0,0.0,0.0,25.99059986654359,-17.421593552960275,False,True,False,True,False,0.0,0,0.8325617283950613,0.9483024691358029,False,False,False,False,-0.34282825441539394,-0.2297637387189225,False,False,False,False,-2118.0,785.5151631358949,False,False,False,False,278.9925071305659,False,False,False,False
2025-04-08 17:00:00+00:00,7.075,7.075,6.955,6.955,0.0,,,,,,,,,,,,,,,,,,,,,,,"rgba(239, 83, 80, 1.0)",0.0,0.0,0.13968674735774794,7.488058083297908,-3.8160963253923232,0.0,0.0,0.0,0.0,0.0,0.0,0.0,0.0,20.540445566470407,-21.885232303170845,False,True,False,True,False,0.0,0,0.8338391502276171,0.9370257966616089,False,False,False,False,-0.30419676983207017,-0.2669802542754963,False,False,False,False,-2118.0,740.4994241725476,False,False,False,False,274.6670419037354,False,False,False,False
2025-04-09 17:00:00+00:00,6.86,7.155,6.86,7.155,459.0,,,,,,,,,,,,,,,,,,,,,,7.0566666666666675,"rgba(239, 83, 80, 1.0)",0.0,0.0,0.14424119564993357,7.4447974608680045,-2.0091171565946304,1.0,7.155,6.86,0.0,0.0,0.0,0.0,0.0,25.32473850073655,-21.885232303170845,False,True,False,True,True,0.0,0,0.8281136198106333,0.9278951201748001,True,False,False,False,-0.3113702728566955,-0.2891752635660959,False,False,False,False,-1659.0,703.2978827125081,False,False,False,False,277.52491722305734,False,False,False,False
2025-04-10 17:00:00+00:00,7.05,7.085,7.03,7.085,100.0,,,,,,,,,,,,,,,,,,,,,,7.05845557543232,"rgba(239, 83, 80, 1.0)",0.0,0.0,0.1503320049480868,7.44183715059248,-2.373660556949963,0.0,0.0,0.0,0.0,0.0,0.0,0.0,0.0,27.3612317910355,-21.885232303170845,False,True,False,True,True,0.0,0,0.8439306358381499,0.9313583815028905,False,False,False,False,-0.26409189583673004,-0.276633579701413,False,False,False,False,-1759.0,665.1227217402211,False,False,False,False,274.77259292502544,False,False,False,False
2025-04-11 17:00:00+00:00,7.05,7.09,7.05,7.085,200.0,,,,,,,,,,,,,,,,,,,,,,7.062815107597716,"rgba(239, 83, 80, 1.0)",0.0,0.0,0.15536785758698946,7.436365253247727,-2.261505427858526,0.0,0.0,0.0,0.0,0.0,0.0,0.0,0.0,28.718893984568133,-30.07841040147313,False,True,False,True,True,0.0,0,0.8459869848156177,0.9327548806941435,False,False,False,False,-0.2524579037003208,-0.26454574170086687,False,False,False,False,-1759.0,627.5394237287447,False,False,False,False,273.61332791843586,False,False,False,False
2025-04-14 17:00:00+00:00,7.085,7.17,7.085,7.17,239.0,,,,,,,,,,,,,,,,,,,,,,7.081698396793586,"rgba(239, 83, 80, 1.0)",0.0,0.0,0.15775214337288287,7.432294313992889,-1.6626988919757326,0.0,0.0,0.0,0.0,0.0,0.0,0.0,0.0,32.645682761792045,-26.212493853357493,False,True,False,True,True,0.0,0,0.8526240115025157,0.9273903666427034,False,False,False,False,-0.19974342736479475,-0.23214458453283082,False,False,False,False,-1520.0,594.2442388647332,False,False,False,False,273.0766871755144,False,False,False,False
2025-04-15 17:00:00+00:00,7.225,7.225,7.21,7.21,280.0,,,,,,,,,,,,,,,,,,,,,,7.110903755868543,"rgba(38, 166, 154, 1.0)",0.0,0.0,0.1595092982124116,7.429845262474121,-1.3782598565593496,0.0,0.0,0.0,0.0,0.0,0.0,0.0,0.0,36.560948415235444,-22.373385927281753,False,True,False,True,True,0.0,0,0.8679109834888724,0.9217516152189522,False,False,False,False,-0.1192753264165478,-0.17570995547468932,False,False,False,False,-1240.0,565.8063436885359,False,False,False,False,273.18402535883973,False,False,False,False
2025-04-16 17:00:00+00:00,7.215,7.215,7.215,7.215,0.0,,,,,,,,,,,,,,,,,,,,,,7.110903755868543,"rgba(38, 166, 154, 1.0)",0.0,0.0,0.16113057767867306,7.429845262474121,-1.333361212808198,0.0,0.0,0.0,0.0,0.0,0.0,0.0,0.0,39.34008430554152,-19.5635311978209,False,True,False,True,True,0.0,0,0.867625899280575,0.9223021582733816,False,False,False,False,-0.12148526303744747,-0.1485976092560684,False,False,False,False,-1240.0,537.8093461119695,False,False,False,False,268.94861411296625,False,False,False,False
2025-04-17 17:00:00+00:00,7.22,7.25,7.22,7.25,48.0,,,,,,,,,,,,,,,,,,,,,,7.115576923076922,"rgba(38, 166, 154, 1.0)",0.0,0.0,0.16249740122662035,7.429517205808122,-1.1047389339954177,0.0,0.0,0.0,0.0,0.0,0.0,0.0,0.0,42.422964154151316,-16.413134656878526,False,False,False,True,True,0.0,0,0.86733958183129,0.9235760634462872,False,False,False,False,-0.10383696798039459,-0.1262172886182315,False,False,False,False,-1192.0,510.9905965598459,False,False,False,False,265.52305420423806,False,False,False,False
2025-04-18 17:00:00+00:00,7.25,7.25,7.25,7.25,0.0,,,,,,,,,,,,,,,,,,,,,,7.115576923076922,"rgba(38, 166, 154, 1.0)",0.0,0.0,0.16379472430976383,7.429517205808122,-1.0959889371566358,0.0,0.0,0.0,0.0,0.0,0.0,0.0,0.0,44.478217386557844,-14.166752112178614,False,False,False,True,True,0.0,0,0.8792727272727268,0.9170909090909093,False,False,False,False,-0.09064350783821978,-0.10843039822822564,False,False,False,False,-1192.0,484.5876415744219,False,False,False,False,261.40641770494756,False,False,False,False
2025-04-21 17:00:00+00:00,7.145,7.145,7.135,7.135,0.0,,,,,,,,,,,,,,,,,,,,,,7.115576923076922,"rgba(38, 166, 154, 1.0)",0.0,0.0,0.16731321439656682,7.429517205808122,-1.7602746254701434,0.0,0.0,0.0,0.0,0.0,0.0,0.0,0.0,42.32021030636264,-14.166752112178614,False,False,False,True,True,0.0,0,0.8781542898341739,0.9257390050468639,False,False,False,False,-0.18843677690614027,-0.14843358756718295,False,False,False,False,-1192.0,458.59403472830684,False,False,False,False,257.3536050273515,False,False,False,False
2025-04-22 17:00:00+00:00,7.245,7.245,7.2,7.215,0.0,,,,,,,,,,,,,,,,,,,,,,7.115576923076922,"rgba(38, 166, 154, 1.0)",0.0,0.0,0.16913004751661598,7.429517205808122,-1.2683565632360354,0.0,0.0,0.0,0.0,0.0,0.0,0.0,0.0,43.891470694794876,-14.161112731959015,False,False,False,True,True,0.0,0,0.8797153024911026,0.918861209964413,False,False,False,False,-0.11485890754401736,-0.13164624755560014,False,False,False,False,-1192.0,433.0034295387207,False,False,False,False,253.3636266548344,False,False,False,False
2025-04-23 17:00:00+00:00,7.27,7.28,7.27,7.275,0.0,,,,,,,,,,,,,,,,,,,,,,7.115576923076922,"rgba(38, 166, 154, 1.0)",0.0,0.0,0.16959047121795415,7.429517205808122,-0.9111196206863509,0.0,0.0,0.0,0.0,0.0,0.0,0.0,0.0,46.871242976224366,-10.939572587884008,True,False,False,True,True,0.0,0,0.88904694167852,0.9146514935988622,False,False,False,False,-0.06872187609633316,-0.10018406182596665,False,False,False,False,-1192.0,407.8095779179653,False,False,False,False,249.4355084121238,False,False,False,False
2025-04-24 17:00:00+00:00,7.345,7.345,7.3,7.3,0.0,,,,,,,,,,,,,,,,,,,,,,7.115576923076922,"rgba(38, 166, 154, 1.0)",0.0,0.0,0.16971159956534151,7.429517205808122,-0.7631605979781975,0.0,0.0,0.0,0.0,0.0,0.0,0.0,0.0,49.62501692680192,-7.994011977706748,True,False,False,False,True,0.0,0,0.8899213724088629,0.9127948534667623,False,False,False,False,-0.027234494180304516,-0.06370927800313558,False,False,False,False,-1192.0,383.00632864791936,False,False,False,False,245.5682912274397,False,False,False,False
2025-04-25 17:00:00+00:00,7.305,7.32,7.3,7.305,28.0,,,,,,,,,,,,,,,,,,,,,,7.119563023141309,"rgba(38, 166, 154, 1.0)",0.0,0.0,0.1693834872877683,7.4295454982572355,-0.7352871301182002,0.0,0.0,0.0,0.0,0.0,0.0,0.0,0.0,51.62329194065183,-5.768059846917666,True,False,True,False,True,0.0,0,0.8996389891696747,0.9155234657039713,False,False,False,False,-0.038137329350474744,-0.050923303676805164,False,False,False,False,-1164.0,359.02173440531595,False,False,False,False,242.19513942546385,False,False,False,False
2025-04-28 17:00:00+00:00,7.295,7.37,7.295,7.365,300.0,,,,,,,,,,,,,,,,,,,,,,7.1601501410721475,"rgba(38, 166, 154, 1.0)",0.0,0.0,0.16782391028951946,7.4305054964287125,-0.3903227872339897,0.0,0.0,0.0,0.0,1.0,7.36,7.32,0.0,54.84707183174895,-2.425290518586408,True,False,True,False,True,0.0,0,0.9043478260869562,0.9079710144927539,False,False,False,False,-0.018517008683313553,-0.03472015618005936,False,False,False,False,-864.0,340.06015712771415,False,False,False,False,243.09133881421633,False,False,False,False
2025-04-29 17:00:00+00:00,7.38,7.42,7.36,7.39,1100.0,,,,,,,,,,,,,,,,,,,,,,7.251956548051319,"rgba(38, 166, 154, 1.0)",0.0,0.0,0.16678753275074518,7.434058197143261,-0.2641576166793233,0.0,0.0,0.0,0.0,1.0,7.38,7.37,0.0,57.72583636706341,0.5326452970398634,True,False,True,False,True,0.0,0,0.9129496402877695,0.9000000000000004,False,False,False,False,0.0315946192793053,-0.00156276845037703,False,False,False,False,236.0,338.44682135829225,False,False,False,False,256.37674441399594,False,False,False,False
2025-04-30 17:00:00+00:00,7.385,7.4,7.38,7.39,500.0,,,,,,,,,,,,,,,,,,,,,,7.273167895922966,"rgba(38, 166, 154, 1.0)",0.0,0.0,0.16678753275074518,7.434388355094301,-0.26613712885025487,0.0,0.0,0.0,0.0,0.0,0.0,0.0,0.0,59.645012723939715,2.598301280429041,True,False,True,False,True,0.0,0,0.9154624277456643,0.9024566473988442,False,False,False,False,0.0315946192793053,0.015015925414464134,False,False,False,False,236.0,336.85849854653577,False,False,False,False,260.15384915176344,False,False,False,False
2025-05-01 17:00:00+00:00,7.43,7.46,7.43,7.435,755.0,,,,,,,,,,,,,,,,,,,,,,7.304900640226157,"rgba(38, 166, 154, 1.0)",0.0,0.0,0.1667967960458803,7.437051925351362,-0.012301947039786256,0.0,0.0,0.0,0.0,0.0,0.0,0.0,0.0,62.313591622472316,5.375637707817049,True,False,True,False,True,1.2062806553919323,0,0.9177396280400568,0.897711015736767,False,False,False,False,0.07967305222132094,0.047344488817892535,False,False,False,False,991.0,347.00022725124063,False,False,False,False,267.8258824982477,False,False,False,False
2025-05-02 17:00:00+00:00,7.44,7.44,7.44,7.44,0.0,,,,,,,,,,,,,,,,,,,,,,7.304900640226157,"rgba(38, 166, 154, 1.0)",0.0,0.0,0.16627024024999965,7.437051925351362,0.017730621211623217,0.0,0.0,0.0,0.0,0.0,0.0,0.0,0.0,64.24430530731125,7.460402999225764,True,False,True,False,True,1.3922518312208112,0,0.9199711607786587,0.8990627253064167,False,False,False,False,0.07529040438332027,0.0613174466006064,False,False,False,False,991.0,356.98471985199654,False,False,False,False,263.673543234709,False,False,False,False
2025-05-05 17:00:00+00:00,7.44,7.44,7.41,7.435,250.0,,,,,,,,,,,,,,,,,,,,,,7.3121460436722225,"rgba(38, 166, 154, 1.0)",0.0,0.0,0.16573002576914433,7.437505709230697,-0.015119223080239197,0.0,0.0,0.0,0.0,0.0,0.0,0.0,0.0,65.17783480952525,8.670528671746439,True,False,True,False,True,1.1963068774945,0,0.9179375453885253,0.9048656499636891,False,False,False,False,0.062159088401079345,0.061738267500842874,False,False,False,False,741.0,362.938445125609,False,False,False,False,263.46155031634135,False,False,False,False
2025-05-06 17:00:00+00:00,7.465,7.48,7.45,7.455,214.0,,,,,,,,,,,,,,,,,,,,,,7.319299500707951,"rgba(38, 166, 154, 1.0)",0.0,0.0,0.16524437268089495,7.4383234503511355,0.10092052986923075,0.0,0.0,0.0,0.0,0.0,0.0,0.0,0.0,66.51973282196062,10.315550677445692,True,False,True,False,True,1.9609761647237711,0,0.9211102994886774,0.8999269539810079,False,False,False,False,0.09723593177521683,0.07948709963802986,False,False,False,False,955.0,372.11769403839025,False,False,False,False,262.6947045750027,False,False,False,False
2025-05-07 17:00:00+00:00,7.46,7.465,7.455,7.465,0.0,,,,,,,,,,,,,,,,,,,,,,7.319299500707951,"rgba(38, 166, 154, 1.0)",0.0,0.0,0.16507486698983434,7.4383234503511355,0.16160273296180905,0.0,0.0,0.0,0.0,0.0,0.0,0.0,0.0,67.77912313824322,11.891168603569525,True,False,True,False,True,2.345041174378647,0,0.908621960206337,0.9108327192336035,False,False,False,False,0.0928400229409302,0.08616356128948002,False,False,False,False,955.0,381.15462901453924,False,False,False,False,258.62191845756075,False,False,False,False
2025-05-08 17:00:00+00:00,7.46,7.46,7.45,7.45,51.0,,,,,,,,,,,,,,,,,,,,,,7.320810492189802,"rgba(38, 166, 154, 1.0)",0.0,0.0,0.16496947574605345,7.4384808429452836,0.0698259905514199,0.0,0.0,0.0,0.0,0.0,0.0,0.0,0.0,67.29303906008369,11.891168603569525,True,False,True,False,True,1.7274998672452604,0,0.8978978978978974,0.9114114114114115,False,False,False,False,0.08844768903046343,0.08730562515997173,False,False,False,False,904.0,389.26075879725954,False,False,False,False,255.40297398535049,False,False,False,False
2025-05-09 17:00:00+00:00,7.445,7.455,7.445,7.45,499.0,,,,,,,,,,,,,,,,,,,,,,7.333644568319066,"rgba(38, 166, 154, 1.0)",0.0,0.0,0.1648607110686286,7.43976955411546,0.062055087705409476,0.0,0.0,0.0,0.0,0.0,0.0,0.0,0.0,66.96898300797733,11.907013759670946,True,False,True,False,True,1.7274998672452497,0,0.9023076923076919,0.91,False,False,False,False,0.08405875640564911,0.08568219078281042,False,False,False,False,904.0,397.24121214924,False,False,False,False,259.179672063097,False,False,False,False
2025-05-12 17:00:00+00:00,7.46,7.47,7.46,7.46,1.0,,,,,,,,,,,,,,,,,,,,,,7.3336703821656055,"rgba(38, 166, 154, 1.0)",0.0,0.0,0.16486229580039324,7.439772752367432,0.12269177457687541,0.0,0.0,0.0,0.0,0.0,0.0,0.0,0.0,67.26441429755536,12.654862189422111,True,False,True,False,True,2.1313598221037644,0,0.903374233128834,0.9003067484662576,False,False,False,False,0.09723593177521683,0.09145906127901363,False,False,False,False,905.0,405.11344141824407,False,False,False,False,255.17688644971562,False,False,False,False
2025-05-13 17:00:00+00:00,7.475,7.5,7.475,7.475,102.0,,,,,,,,,,,,,,,,,,,,,,7.336648458837301,"rgba(38, 166, 154, 1.0)",0.0,0.0,0.16487983612425183,7.4402218474274235,0.21093029560247517,0.0,0.0,0.0,0.0,0.0,0.0,0.0,0.0,68.22633712884065,13.994521791615014,True,False,True,False,True,2.7409628781534465,0,0.903963414634146,0.8955792682926829,False,False,False,False,0.11706646040604674,0.10426276084253018,False,False,False,False,1007.0,414.44501596989915,False,False,False,False,252.80205100088284,False,False,False,False
2025-05-14 17:00:00+00:00,7.475,7.485,7.47,7.47,0.0,,,,,,,,,,,,,,,,,,,,,,7.336648458837301,"rgba(38, 166, 154, 1.0)",0.0,0.0,0.16485000006831152,7.4402218474274235,0.18063786812397067,0.0,0.0,0.0,0.0,0.0,0.0,0.0,0.0,68.25791388275677,14.433965017009413,True,False,True,False,True,2.5203783621369276,0,0.9051262433052789,0.8974751338944146,False,False,False,False,0.1082424913082559,0.10625262607539304,False,False,False,False,1007.0,423.63191494711,False,False,False,False,248.8826393574583,False,False,False,False
2025-05-15 17:00:00+00:00,7.475,7.51,7.475,7.485,166.0,,,,,,,,,,,,,,,,,,,,,,7.34145880574452,"rgba(38, 166, 154, 1.0)",0.0,0.0,0.16450436068592367,7.440994996685685,0.2675005278330033,0.0,0.0,0.0,0.0,0.0,0.0,0.0,0.0,69.13306007511748,15.635589086510052,True,False,True,False,True,3.1445157627335405,0,0.9057034220532315,0.8912547528517111,False,False,False,False,0.12148517461650488,0.11386890034594896,False,False,False,False,1173.0,435.2500247928912,False,False,False,False,247.59763719687754,False,False,False,False
2025-05-16 17:00:00+00:00,7.525,7.525,7.5,7.5,199.0,,,,,,,,,,,,,,,,,,,,,,7.347506525830147,"rgba(38, 166, 154, 1.0)",0.0,0.0,0.16434919427139713,7.442100869879557,0.3522933615654472,0.0,0.0,0.0,0.0,0.0,0.0,0.0,0.0,70.52597335894362,17.238055722867415,True,False,True,False,True,3.7704067230909963,0,0.9077853363567646,0.8873771730914588,False,False,False,False,0.13920910595225955,0.12653900314910427,False,False,False,False,1372.0,449.77328022245877,False,False,False,False,246.84418545739106,False,False,False,False
2025-05-19 17:00:00+00:00,7.48,7.53,7.48,7.495,1285.0,,,,,,,,,,,,,,,,,,,,,,7.376741440377804,"rgba(38, 166, 154, 1.0)",0.0,0.0,0.1636347283565567,7.449804295743163,0.2761987306163816,0.0,0.0,0.0,0.0,0.0,0.0,0.0,0.0,70.7134492963579,17.672414917603305,True,False,True,False,True,3.537721007475735,0,0.9054763690922728,0.8874718679669917,False,False,False,False,0.13255303208447886,0.12954601761679158,False,False,False,False,87.0,444.1488882810253,False,False,False,False,262.93962444254777,False,False,False,False
2025-05-20 17:00:00+00:00,7.49,7.51,7.49,7.51,200.0,,,,,,,,,,,,,,,,,,,,,,7.380370795107034,"rgba(38, 166, 154, 1.0)",0.0,0.0,0.16308539740530612,7.450575583383978,0.3643760726678536,0.0,0.0,0.0,0.0,0.0,0.0,0.0,0.0,71.7332742468036,18.869904032840452,True,False,True,False,True,4.178147218896061,0,0.9072550486163049,0.8908002991772627,False,False,False,False,0.12812216347255007,0.12883409054467082,False,False,False,False,287.0,441.7124714084512,False,False,False,False,261.96381631165553,False,False,False,False
2025-05-21 17:00:00+00:00,7.465,7.465,7.435,7.435,0.0,,,,,,,,,,,,,,,,,,,,,,7.380370795107034,"rgba(38, 166, 154, 1.0)",0.0,0.0,0.16214019070372782,7.450575583383978,-0.09606244643216934,0.0,0.0,0.0,0.0,0.0,0.0,0.0,0.0,63.97604406010245,17.38689741871066,True,False,True,False,False,0.7161654497687451,0,0.8993993993993992,0.8903903903903905,False,False,False,False,0.08405875640564826,0.10644642347515954,False,False,False,False,287.0,439.31382844087835,False,False,False,False,257.90236179519576,False,False,False,False
2025-05-22 17:00:00+00:00,7.42,7.42,7.42,7.42,0.0,,,,,,,,,,,,,,,,,,,,,,7.380370795107034,"rgba(239, 83, 80, 1.0)",0.0,0.0,0.16124509909445855,7.450575583383978,-0.18962178420112388,0.0,0.0,0.0,0.0,0.0,0.0,0.0,0.0,57.64689504807889,11.904618386117974,True,False,True,False,False,0.04650624893757893,0,0.897709923664122,0.8931297709923666,False,False,False,False,0.05778695858114195,0.08211669102815075,False,False,False,False,287.0,436.9523737363686,False,False,False,False,253.90387556581288,False,False,False,False
2025-05-23 17:00:00+00:00,7.43,7.43,7.39,7.405,446.0,,,,,,,,,,,,,,,,,,,,,,7.38205110931465,"rgba(239, 83, 80, 1.0)",0.0,0.0,0.16028347635608783,7.444916108432334,-0.2490344565752737,0.0,0.0,0.0,0.0,0.0,0.0,0.0,0.0,52.308629824425616,7.471867538144224,True,False,False,False,False,0.0,0,0.893697798025816,0.892179195140471,False,False,False,False,0.04904914759509757,0.06558291931162416,False,False,False,False,-159.0,427.7128020505334,False,False,False,False,256.88211005316464,False,False,False,False
2025-05-26 17:00:00+00:00,7.405,7.405,7.405,7.405,0.0,,,,,,,,,,,,,,,,,,,,,,7.38205110931465,"rgba(239, 83, 80, 1.0)",0.0,0.0,0.15946696119168852,7.444916108432334,-0.25030958221090444,0.0,0.0,0.0,0.0,0.0,0.0,0.0,0.0,48.7497863419901,4.64190809583841,False,False,False,True,False,0.0,0,0.8954996186117465,0.9000762776506485,False,False,False,False,0.04468313000284259,0.055133024657233375,False,False,False,False,-159.0,418.616479538122,False,False,False,False,252.89944168024735,False,False,False,False
2025-05-27 17:00:00+00:00,7.46,7.46,7.46,7.46,0.0,,,,,,,,,,,,,,,,,,,,,,7.38205110931465,"rgba(239, 83, 80, 1.0)",0.0,0.0,0.15809251482357736,7.444916108432334,0.09541180102358707,0.0,0.0,0.0,0.0,0.0,0.0,0.0,0.0,51.380967512001746,4.64190809583841,False,False,False,False,True,1.872393301316695,0,0.8918305597579422,0.900907715582451,False,False,False,False,0.0928400229409302,0.07398652379908179,False,False,False,False,-159.0,409.661185281717,False,False,False,False,248.9785201038094,False,False,False,False
2025-05-28 17:00:00+00:00,7.415,7.42,7.4,7.4,203.0,,,,,,,,,,,,,,,,,,,,,,7.382706448087433,"rgba(239, 83, 80, 1.0)",0.0,0.0,0.15714336141255164,7.444204484587699,-0.28130036286832133,0.0,0.0,0.0,0.0,0.0,0.0,0.0,0.0,48.60532142961999,4.64190809583841,False,False,False,True,True,0.0,0,0.8898050974512742,0.9017991004497752,False,False,False,False,0.04904914759509757,0.06151783569708968,False,False,False,False,-362.0,397.6974459750237,False,False,False,False,248.2656748308821,False,False,False,False
2025-05-29 17:00:00+00:00,7.415,7.455,7.415,7.445,231.0,,,,,,,,,,,,,,,,,,,,,,7.384342116429057,"rgba(239, 83, 80, 1.0)",0.0,0.0,0.15610498315481655,7.4445669292252745,0.002774227740675434,0.0,0.0,0.0,0.0,0.0,0.0,0.0,0.0,49.950445038841785,4.64190809583841,False,False,False,False,True,1.1507327386931543,0,0.8906249999999998,0.8958333333333335,False,False,False,False,0.07224457839585544,0.06688120704647256,False,False,False,False,-131.0,389.50058634750394,False,False,False,False,247.99798994978315,False,False,False,False
2025-05-30 17:00:00+00:00,7.475,7.515,7.475,7.505,0.0,,,,,,,,,,,,,,,,,,,,,,7.384342116429057,"rgba(38, 166, 154, 1.0)",0.0,0.0,0.1551182925534074,7.4445669292252745,0.38959345013366625,0.0,0.0,0.0,0.0,0.0,0.0,0.0,0.0,54.02989007279501,4.64190809583841,True,False,True,False,True,3.7128117798684634,0,0.8961708394698084,0.8888070692194405,False,False,False,False,0.1443740561834901,0.10562763161498134,False,False,False,False,-131.0,381.4308098149845,False,False,False,False,244.1530598730423,False,False,False,False
2025-06-02 17:00:00+00:00,7.5,7.51,7.5,7.51,100.0,,,,,,,,,,,,,,,,,,,,,,7.385879629629629,"rgba(38, 166, 154, 1.0)",0.0,0.0,0.15414825553565142,7.445591041424035,0.41783773907884486,0.0,0.0,0.0,0.0,0.0,0.0,0.0,0.0,56.983322960805644,-0.14713728936951753,True,False,True,False,True,3.9224986145899656,0,0.9161676646706586,0.8877245508982037,False,False,False,False,0.15368124782588483,0.12965443972043308,False,False,False,False,-31.0,375.0365336938219,False,False,False,False,241.91812871221993,False,False,False,False
2025-06-03 17:00:00+00:00,7.515,7.52,7.515,7.52,0.0,,,,,,,,,,,,,,,,,,,,,,7.385879629629629,"rgba(38, 166, 154, 1.0)",0.0,0.0,0.15392542361817896,7.445591041424035,0.4834091524772425,0.0,0.0,0.0,0.0,0.0,0.0,0.0,0.0,59.447890257686595,2.269151942478288,True,False,True,False,True,4.346626184046421,0,0.9166666666666665,0.8946969696969698,False,False,False,False,0.16887897337006963,0.14926670654525137,False,False,False,False,-31.0,368.74139363655337,False,False,False,False,238.16746005001497,False,False,False,False
2025-06-04 17:00:00+00:00,7.51,7.51,7.49,7.49,100.0,,,,,,,,,,,,,,,,,,,,,,7.387254841112214,"rgba(38, 166, 154, 1.0)",0.0,0.0,0.15355361184847305,7.446365947108476,0.2841616837680259,0.0,0.0,0.0,0.0,0.0,0.0,0.0,0.0,58.53484072262923,2.269151942478288,True,False,True,False,True,2.923227813657764,0,0.9146525679758307,0.8950151057401814,False,False,False,False,0.15586536917656796,0.15256603786090966,False,False,False,False,-131.0,360.9934650530409,False,False,False,False,236.02532888644882,False,False,False,False
2025-06-05 17:00:00+00:00,7.48,7.485,7.465,7.47,0.0,,,,,,,,,,,,,,,,,,,,,,7.387254841112214,"rgba(38, 166, 154, 1.0)",0.0,0.0,0.15318177978355477,7.446365947108476,0.15428762431745055,0.0,0.0,0.0,0.0,0.0,0.0,0.0,0.0,56.37591423417442,2.269151942478288,True,False,True,False,True,1.9837645362271417,0,0.91445874337623,0.8993186979560939,False,False,False,False,0.14936167630530187,0.15096385708310578,False,False,False,False,-131.0,353.3656593933038,False,False,False,False,232.3660214618527,False,False,False,False
2025-06-06 17:00:00+00:00,7.46,7.485,7.455,7.475,100.0,,,,,,,,,,,,,,,,,,,,,,7.3882898070949805,"rgba(38, 166, 154, 1.0)",0.0,0.0,0.1526267601960015,7.446754116479275,0.18506507957353732,0.0,0.0,0.0,0.0,0.0,0.0,0.0,0.0,55.29691807724942,2.269151942478288,False,False,True,False,False,2.2076431394959535,0,0.9223153084539223,0.8956587966488957,False,False,False,False,0.14447508165755835,0.14771946937033206,False,False,False,False,-31.0,347.4065018833301,False,False,False,False,230.31383508259916,False,False,False,False
2025-06-09 17:00:00+00:00,7.46,7.475,7.46,7.475,0.0,,,,,,,,,,,,,,,,,,,,,,7.3882898070949805,"rgba(38, 166, 154, 1.0)",0.0,0.0,0.1519494344531445,7.446754116479275,0.1858900207320889,0.0,0.0,0.0,0.0,0.0,0.0,0.0,0.0,54.5775873059661,2.269151942478288,False,False,True,False,False,2.2076431394959535,0,0.9302681992337166,0.8950191570881227,False,False,False,False,0.14203436576037246,0.14487691756535226,False,False,False,False,-31.0,341.5397344122707,False,False,False,False,226.7430779495356,False,False,False,False
2025-06-10 17:00:00+00:00,7.485,7.52,7.475,7.475,650.0,,,,,,,,,,,,,,,,,,,,,,7.395797373003255,"rgba(38, 166, 154, 1.0)",0.0,0.0,0.15070817812897475,7.449802676510964,0.1671928079939515,0.0,0.0,0.0,0.0,0.0,0.0,0.0,0.0,54.09803345844388,2.269151942478288,False,False,True,False,False,2.2076431394959535,0,0.9362519201228882,0.8870967741935486,False,False,False,False,0.17144273654978587,0.15815982705756906,False,False,False,False,-31.0,335.7639245764216,False,False,False,False,233.30520077202343,False,False,False,False
2025-06-11 17:00:00+00:00,7.5,7.52,7.47,7.505,431.0,,,,,,,,,,,,,,,,,,,,,,7.400581718451155,"rgba(38, 166, 154, 1.0)",0.0,0.0,0.14945326787755128,7.451623885453834,0.35714250550812426,0.0,0.0,0.0,0.0,0.0,0.0,0.0,0.0,56.30099447198407,2.269151942478288,False,False,True,False,False,3.6031917585451296,0,0.940184049079755,0.8872699386503069,False,False,False,False,0.1689814785003676,0.16357065277896832,False,False,False,False,400.0,336.7598327225236,False,False,False,False,236.37023641896877,False,False,False,False
2025-06-12 17:00:00+00:00,7.54,7.54,7.52,7.52,158.0,,,,,,,,,,,,,,,,,,,,,,7.402702146531842,"rgba(38, 166, 154, 1.0)",0.0,0.0,0.14876630806205496,7.4562384881845425,0.4286018295813338,0.0,0.0,0.0,0.0,0.0,0.0,0.0,0.0,58.86038091128519,3.529713965992144,True,False,True,False,True,4.294791032999534,0,0.9535962877030165,0.8793503480278424,False,False,False,False,0.20363843535435228,0.1836045440666603,False,False,False,False,558.0,340.1899128353527,False,False,False,False,235.1551939938685,False,False,False,False
2025-06-13 17:00:00+00:00,7.52,7.52,7.52,7.52,0.0,,,,,,,,,,,,,,,,,,,,,,7.402702146531842,"rgba(38, 166, 154, 1.0)",0.0,0.0,0.1475980968650952,7.4562384881845425,0.43199413251063234,0.0,0.0,0.0,0.0,0.0,0.0,0.0,0.0,60.56663853748593,5.373264049196905,True,False,True,False,True,4.294791032999534,0,0.9554687500000002,0.8757812500000003,False,False,False,False,0.1936906379160781,0.18864759099136919,False,False,False,False,558.0,343.56681341154876,False,False,False,False,231.50937703272325,False,False,False,False
2025-06-16 17:00:00+00:00,7.5,7.5,7.45,7.47,103.0,,,,,,,,,,,,,,,,,,,,,,7.403468098547061,"rgba(38, 166, 154, 1.0)",0.0,0.0,0.1450679554957315,7.455071767394642,0.10290510095316482,0.0,0.0,0.0,0.0,0.0,0.0,0.0,0.0,56.15955912078386,5.373264049196905,False,False,True,False,False,1.715585627746293,0,0.9644549763033179,0.8744075829383888,False,False,False,False,0.14936167630530187,0.1690046336483355,False,False,False,False,455.0,345.29445971524564,False,False,False,False,229.51698359035544,False,False,False,False
2025-06-17 17:00:00+00:00,7.47,7.47,7.45,7.46,215.0,,,,,,,,,,,,,,,,,,,,,,7.404719448162255,"rgba(38, 166, 154, 1.0)",0.0,0.0,0.14304906863043837,7.453861017382188,0.04291522256374701,0.0,0.0,0.0,0.0,0.0,0.0,0.0,0.0,52.349336152687556,7.948167221704367,False,True,False,False,False,1.2096964103608094,0,0.9721780604133549,0.8624801271860097,False,False,False,False,0.13472217398953748,0.15186340381893648,False,False,False,False,240.0,343.6619874715984,False,False,False,False,229.29191407732668,False,False,False,False
2025-06-18 17:00:00+00:00,7.455,7.455,7.44,7.44,0.0,,,,,,,,,,,,,,,,,,,,,,7.404719448162255,"rgba(38, 166, 154, 1.0)",0.0,0.0,0.14155850667060124,7.453861017382188,-0.09791723371624289,0.0,0.0,0.0,0.0,0.0,0.0,0.0,0.0,48.16028665304529,4.12069393555155,False,True,False,True,False,0.19769695673234366,0,0.9870024370430548,0.8586515028432171,False,False,False,False,0.12256654480279262,0.13721497431086455,False,False,False,False,240.0,342.0548248751395,False,False,False,False,225.73700068077898,False,False,False,False
2025-06-19 17:00:00+00:00,7.44,7.44,7.44,7.44,0.0,,,,,,,,,,,,,,,,,,,,,,7.404719448162255,"rgba(38, 166, 154, 1.0)",0.0,0.0,0.14124198135574687,7.453861017382188,-0.09813666764753022,0.0,0.0,0.0,0.0,0.0,0.0,0.0,0.0,45.36758698661711,1.6002567210991927,False,True,False,True,False,0.19769695673234366,0,0.9618196588139727,0.8610885458976444,False,False,False,False,0.1152906548632184,0.12625281458704146,False,False,False,False,240.0,340.4725795282381,False,False,False,False,222.23720222061186,False,False,False,False
2025-06-20 17:00:00+00:00,7.435,7.455,7.435,7.455,0.0,,,,,,,,,,,,,,,,,,,,,,7.404719448162255,"rgba(38, 166, 154, 1.0)",0.0,0.0,0.1406768387936437,7.453861017382188,0.00809644734399273,0.0,0.0,0.0,0.0,1.0,7.48,7.44,0.0,45.41275993029347,1.574888139028424,False,True,False,True,False,0.9654360952124286,0,0.9601990049751247,0.8557213930348261,False,False,False,False,0.12013985067928482,0.12319633263316314,False,False,False,False,240.0,338.91486511694757,False,False,False,False,218.79166420168764,False,False,False,False
2025-06-23 17:00:00+00:00,7.49,7.49,7.48,7.48,0.0,,,,,,,,,,,,,,,,,,,,,,7.404719448162255,"rgba(38, 166, 154, 1.0)",0.0,0.0,0.14023458467417582,7.453861017382188,0.18639469485037763,0.0,0.0,0.0,0.0,0.0,0.0,0.0,0.0,48.18949514385699,1.574888139028424,False,True,False,False,True,2.235544153808778,0,0.9637262984336359,0.8549051937345428,False,False,False,False,0.15915638869800344,0.14117636066558328,False,False,False,False,240.0,337.3813013166848,False,False,False,False,215.39954537685526,False,False,False,False
2025-06-24 17:00:00+00:00,7.535,7.55,7.525,7.525,100.0,,,,,,,,,,,,,,,,,,,,,,7.40603009613098,"rgba(38, 166, 154, 1.0)",0.0,0.0,0.140179261038233,7.459086284851921,0.47021017702541595,0.0,0.0,0.0,0.0,0.0,0.0,0.0,0.0,53.65497918593909,-2.7848792051007436,False,True,True,False,True,4.458333436661057,0,0.9720624486442073,0.8496302382908796,False,False,False,False,0.21112535663066906,0.17615085864812619,False,False,False,False,340.0,337.4219012962711,False,False,False,False,213.61040513845438,False,False,False,False
2025-06-25 17:00:00+00:00,7.51,7.53,7.51,7.53,100.0,,,,,,,,,,,,,,,,,,,,,,7.407213423450685,"rgba(38, 166, 154, 1.0)",0.0,0.0,0.1398656047332125,7.459548016703887,0.5037119986039263,0.0,0.0,0.0,0.0,0.0,0.0,0.0,0.0,57.63467675993432,0.867762393039861,False,False,True,False,True,4.701808549216349,0,0.9776304888152447,0.8434134217067112,False,False,False,False,0.1936906379160781,0.18492074828210214,False,False,False,False,440.0,339.0122594157087,False,False,False,False,211.8490035084008,False,False,False,False
2025-06-26 17:00:00+00:00,7.54,7.54,7.515,7.515,100.0,,,,,,,,,,,,,,,,,,,,,,7.40837311495056,"rgba(38, 166, 154, 1.0)",0.0,0.0,0.1398656047332125,7.460132219318425,0.3922893036228039,0.0,0.0,0.0,0.0,0.0,0.0,0.0,0.0,58.37128004094334,1.5920660960767918,False,False,True,False,True,3.868496616193646,0,0.9800166527893425,0.8401332223147381,False,False,False,False,0.2011478304457992,0.19303428936395067,False,False,False,False,340.0,339.0275732232171,False,False,False,False,210.11491043075117,False,False,False,False
2025-06-27 17:00:00+00:00,7.56,7.565,7.56,7.56,228.0,,,,,,,,,,,,,,,,,,,,,,7.411785958402496,"rgba(38, 166, 154, 1.0)",0.0,0.0,0.1397930258993271,7.463599411254109,0.6895951219720635,0.0,0.0,0.0,0.0,0.0,0.0,0.0,0.0,61.91811991407518,5.047518809787974,True,False,True,False,True,6.07454112200659,0,0.9766081871345031,0.8404344193817879,False,False,False,False,0.23625616833116242,0.21464522884755655,False,False,False,False,568.0,342.57753332828344,False,False,False,False,210.3921986411271,False,False,False,False
2025-06-30 17:00:00+00:00,7.575,7.605,7.575,7.605,467.0,,,,,,,,,,,,,,,,,,,,,,7.419776335450128,"rgba(38, 166, 154, 1.0)",0.0,0.0,0.1405303019486033,7.470871477195134,0.9544455604594224,0.0,0.0,0.0,0.0,0.0,0.0,0.0,0.0,66.39348047284975,9.291679574827356,True,False,True,False,True,8.18888171327179,0,0.9718076285240468,0.8291873963515753,False,False,False,False,0.26424399822193007,0.2394446135347433,False,False,False,False,1035.0,353.3127653697054,False,False,False,False,214.37061416607085,False,False,False,False
2025-07-01 17:00:00+00:00,7.63,7.66,7.63,7.64,418.0,,,,,,,,,,,,,,,,,,,,,,7.428175295104556,"rgba(38, 166, 154, 1.0)",0.0,0.0,0.14202683416038483,7.478272861764957,1.1387083236144755,0.0,0.0,0.0,0.0,0.0,0.0,0.0,0.0,70.6236794871449,13.234962855623365,True,False,True,False,True,9.776795318924862,0,0.9768403639371385,0.8271298593879237,False,False,False,False,0.32150760860922156,0.28047611107198245,False,False,False,False,1453.0,370.36217986009757,False,False,False,False,217.52765890768217,False,False,False,False
2025-07-02 17:00:00+00:00,7.62,7.69,7.62,7.685,300.0,,,,,,,,,,,,,,,,,,,,,,7.434393342668764,"rgba(38, 166, 154, 1.0)",0.0,0.0,0.1450310622211974,7.4833813115980465,1.3901759065547612,0.0,0.0,0.0,0.0,0.0,0.0,0.0,0.0,74.69823792703805,17.01398804734862,True,False,True,False,True,11.749052553593245,0,0.9736408566721586,0.8294892915980229,False,False,False,False,0.33213146225961343,0.30630378666579794,False,False,False,False,1753.0,391.79842513358443,False,False,False,False,218.80629985484987,False,False,False,False
2025-07-03 17:00:00+00:00,7.675,7.675,7.675,7.675,0.0,,,,,,,,,,,,,,,,,,,,,,7.434393342668764,"rgba(38, 166, 154, 1.0)",0.0,0.0,0.1475620193327177,7.4833813115980465,1.2985637447119651,0.0,0.0,0.0,0.0,0.0,0.0,0.0,0.0,76.2258939738293,18.50710720582086,True,False,True,False,True,11.158280615111462,0,0.9826302729528541,0.8221670802315963,False,False,False,False,0.34282814860718214,0.32456596763649004,False,False,False,False,1753.0,412.90232551911026,False,False,False,False,215.41395412066615,False,False,False,False
2025-07-04 17:00:00+00:00,7.675,7.675,7.675,7.675,0.0,,,,,,,,,,,,,,,,,,,,,,7.434393342668764,"rgba(38, 166, 154, 1.0)",0.0,0.0,0.1501543650159166,7.4833813115980465,1.276144642093098,0.0,0.0,0.0,0.0,0.0,0.0,0.0,0.0,77.2443313383568,19.710348696091785,True,False,True,False,True,11.158280615111462,0,0.9841798501248964,0.8243130724396335,False,False,False,False,0.34282814860718214,0.3336970581218361,False,False,False,False,1753.0,433.6790336505969,False,False,False,False,212.07420289398914,False,False,False,False
2025-07-07 17:00:00+00:00,7.65,7.65,7.63,7.645,169.0,,,,,,,,,,,,,,,,,,,,,,7.437414402759807,"rgba(38, 166, 154, 1.0)",0.0,0.0,0.151998607153409,7.485486312508797,1.0494417710697073,0.0,0.0,0.0,0.0,0.0,0.0,0.0,0.0,74.21089877453817,19.710348696091785,True,False,True,False,True,9.36363175003239,0,0.9849874895746459,0.824020016680567,False,False,False,False,0.30622604801610886,0.31996155306897245,False,False,False,False,1584.0,451.5134672374094,False,False,False,False,211.40638579485753,False,False,False,False
2025-07-08 17:00:00+00:00,7.51,7.59,7.51,7.58,750.0,,,,,,,,,,,,,,,,,,,,,,7.444861887403804,"rgba(239, 83, 80, 1.0)",0.0,0.0,0.15267633432547048,7.492798602539779,0.5711520246112823,0.0,0.0,0.0,0.0,0.0,0.0,0.0,0.0,66.39472382764424,24.22289955525281,True,False,True,False,False,5.64955832973034,0,0.9657422512234914,0.8254486133768352,False,False,False,False,0.21541404189157706,0.26768779748027477,False,False,False,False,834.0,457.44349100117046,False,False,False,False,219.7566743871853,False,False,False,False
2025-07-09 17:00:00+00:00,7.69,7.77,7.69,7.735,2389.0,,,,,,,,,,,,,,,,,,,,,,7.4913649834849085,"rgba(38, 166, 154, 1.0)",0.0,0.0,0.15674642401484382,7.534994786151253,1.2759794368885071,0.0,0.0,0.0,0.0,1.0,7.67,7.59,0.0,67.85194154857676,24.22289955525281,True,False,True,False,False,12.35983429338916,0,0.9793322734499209,0.8155802861685215,False,False,False,False,0.3428281563150638,0.3052579768976693,False,False,False,False,3223.0,500.3203361019275,False,False,False,False,253.38835385405065,False,False,False,False
2025-07-10 17:00:00+00:00,7.695,7.695,7.67,7.69,100.0,,,,,,,,,,,,,,,,,,,,,,7.492670329423395,"rgba(38, 166, 154, 1.0)",0.0,0.0,0.15960457894941915,7.535758861098204,0.9663954500370424,0.0,0.0,0.0,0.0,0.0,0.0,0.0,0.0,66.06000551844618,23.90673479447686,True,False,True,False,False,9.925479375155785,0,0.9737678855325919,0.8195548489666137,False,False,False,False,0.2969039339280793,0.3010809554128743,False,False,False,False,3123.0,540.9820363174015,False,False,False,False,251.01023984080953,False,False,False,False
2025-07-11 17:00:00+00:00,7.75,7.75,7.72,7.72,300.0,,,,,,,,,,,,,,,,,,,,,,7.497374895379056,"rgba(38, 166, 154, 1.0)",0.0,0.0,0.1629341601400402,7.539094963452372,1.1102953266039617,0.0,0.0,0.0,0.0,0.0,0.0,0.0,0.0,65.87559709805512,23.37777752626849,True,False,True,False,False,11.136105821863314,0,0.972886762360447,0.8245614035087719,False,False,False,False,0.34282815696046065,0.32195455618666746,False,False,False,False,3423.0,585.6644853667441,False,False,False,False,251.76977100606828,False,False,False,False
2025-07-14 17:00:00+00:00,7.72,7.73,7.715,7.73,0.0,,,,,,,,,,,,,,,,,,,,,,7.497374895379056,"rgba(38, 166, 154, 1.0)",0.0,0.0,0.16611824183475452,7.539094963452372,1.149211756873341,0.0,0.0,0.0,0.0,0.0,0.0,0.0,0.0,66.09065541906635,23.09374319964921,True,False,True,False,False,11.537681851023311,0,0.9660194174757286,0.8365695792880258,False,False,False,False,0.33069447046724154,0.3263245133269545,False,False,False,False,3423.0,629.6541832680349,False,False,False,False,247.8663637036486,False,False,False,False
2025-07-15 17:00:00+00:00,7.715,7.715,7.705,7.705,0.0,,,,,,,,,,,,,,,,,,,,,,7.497374895379056,"rgba(38, 166, 154, 1.0)",0.0,0.0,0.1686799571019854,7.539094963452372,0.9835491981262526,0.0,0.0,0.0,0.0,0.0,0.0,0.0,0.0,64.54074402330082,21.099280137753397,True,False,True,False,False,10.171462531851788,0,0.9447603574329818,0.8359057676685621,False,False,False,False,0.31865403927437025,0.3224892763006624,False,False,False,False,3423.0,672.9618703491506,False,False,False,False,244.0234743439021,False,False,False,False
2025-07-16 17:00:00+00:00,7.74,7.74,7.74,7.74,0.0,,,,,,,,,,,,,,,,,,,,,,7.497374895379056,"rgba(38, 166, 154, 1.0)",0.0,0.0,0.17212615842577245,7.539094963452372,1.1671964237455907,0.0,0.0,0.0,0.0,0.0,0.0,0.0,0.0,64.8873935682472,20.933740126292932,True,False,True,False,False,11.601334787180061,0,0.94342762063228,0.8377703826955074,False,False,False,False,0.34282815759742086,0.3326587169490416,False,False,False,False,3423.0,715.5981204212567,False,False,False,False,240.24016466415168,False,False,False,False
2025-07-17 17:00:00+00:00,7.77,7.77,7.76,7.76,500.0,,,,,,,,,,,,,,,,,,,,,,7.505880666069675,"rgba(38, 166, 154, 1.0)",0.0,0.0,0.17598697228605897,7.545547029739243,1.2185729856876735,0.0,0.0,0.0,0.0,0.0,0.0,0.0,0.0,65.85922324638187,20.933740126292932,True,False,True,False,False,12.406337336953161,0,0.9437086092715237,0.8294701986754967,False,False,False,False,0.3428281606612803,0.33774343880516094,False,False,False,False,3923.0,765.3252813449582,False,False,False,False,244.2674489329245,False,False,False,False
2025-07-18 17:00:00+00:00,7.78,7.79,7.775,7.79,200.0,,,,,,,,,,,,,,,,,,,,,,7.5094062355269235,"rgba(38, 166, 154, 1.0)",0.0,0.0,0.17737645110161906,7.548289884969629,1.3626956314054084,0.0,0.0,0.0,0.0,0.0,0.0,0.0,0.0,67.56151367914839,20.933740126292932,True,False,True,False,False,13.59964709562449,0,0.9438943894389443,0.8259075907590759,False,False,False,False,0.3428281626931029,0.34028580074913195,False,False,False,False,4123.0,817.3822537272068,False,False,False,False,243.58113189520475,False,False,False,False
2025-07-21 17:00:00+00:00,7.79,7.79,7.79,7.79,0.0,,,,,,,,,,,,,,,,,,,,,,7.5094062355269235,"rgba(38, 166, 154, 1.0)",0.0,0.0,0.173000807163663,7.548289884969629,1.3971617762552264,0.0,0.0,0.0,0.0,0.0,0.0,0.0,0.0,68.69637396765941,20.933740126292932,True,False,True,False,True,13.59964709562447,0,0.9582289055973271,0.8237259816207185,False,False,False,False,0.3428281635371729,0.34155698214315244,False,False,False,False,4123.0,868.6321412663199,False,False,False,False,239.80468023791474,False,False,False,False
2025-07-22 17:00:00+00:00,7.81,7.82,7.81,7.81,120.0,,,,,,,,,,,,,,,,,,,,,,7.511692261083948,"rgba(38, 166, 154, 1.0)",0.0,0.0,0.16712168518076057,7.550138837131749,1.5549218677826386,0.0,0.0,0.0,0.0,0.0,0.0,0.0,0.0,70.19378539011332,20.933740126292932,True,False,True,False,True,14.40158489149233,0,0.9591326105087578,0.8148457047539615,False,False,False,False,0.3428281662418816,0.34219257419251703,False,False,False,False,4243.0,920.9479220218807,False,False,False,False,237.94724333500133,False,False,False,False
2025-07-23 17:00:00+00:00,7.85,7.85,7.85,7.85,0.0,,,,,,,,,,,,,,,,,,,,,,7.511692261083948,"rgba(38, 166, 154, 1.0)",0.0,0.0,0.16841671291528273,7.550138837131749,1.7804715320568396,0.0,0.0,0.0,0.0,0.0,0.0,0.0,0.0,72.5051811661471,17.97770620193714,True,False,True,False,True,15.974881487301687,0,0.9585749792874901,0.8144159072079533,False,False,False,False,0.3428281697688216,0.3425103719806693,False,False,False,False,4243.0,972.4526054013863,False,False,False,False,234.25813878717184,False,False,False,False
2025-07-24 17:00:00+00:00,7.81,7.81,7.81,7.81,0.0,,,,,,,,,,,,,,,,,,,,,,7.511692261083948,"rgba(38, 166, 154, 1.0)",0.0,0.0,0.16599481702534818,7.550138837131749,1.5654775704747959,0.0,0.0,0.0,0.0,0.0,0.0,0.0,0.0,70.39929307273314,17.97770620193714,True,False,True,False,False,13.626930801159375,0,0.9765100671140945,0.8120805369127514,False,False,False,False,0.3093311527108059,0.32592076234573764,False,False,False,False,4243.0,1023.1587665579539,False,False,False,False,230.62622965868854,False,False,False,False
2025-07-25 17:00:00+00:00,7.805,7.805,7.805,7.805,0.0,,,,,,,,,,,,,,,,,,,,,,7.511692261083948,"rgba(38, 166, 154, 1.0)",0.0,0.0,0.16283073065870082,7.550138837131749,1.5651908078853296,0.0,0.0,0.0,0.0,0.0,0.0,0.0,0.0,68.56388526311551,17.97770620193714,True,False,True,False,False,13.3361338840383,0,0.9663582842724984,0.8082422203532377,False,False,False,False,0.30519231338607683,0.3155565378659072,False,False,False,False,4243.0,1073.0787856810864,False,False,False,False,227.0506291988639,False,False,False,False
2025-07-28 17:00:00+00:00,7.81,7.81,7.81,7.81,0.0,,,,,,,,,,,,,,,,,,,,,,7.511692261083948,"rgba(38, 166, 154, 1.0)",0.0,0.0,0.1618967805966724,7.550138837131749,1.6051039551900237,0.0,0.0,0.0,0.0,0.0,0.0,0.0,0.0,67.59221051434133,21.953460768109565,True,False,True,False,False,13.54190155003359,0,0.9661590524534691,0.8138747884940775,False,False,False,False,0.3093311527108059,0.31244384528835656,False,False,False,False,4243.0,1122.2248510193642,False,False,False,False,223.53046440508305,False,False,False,False
2025-07-29 17:00:00+00:00,7.805,7.805,7.805,7.805,0.0,,,,,,,,,,,,,,,,,,,,,,7.511692261083948,"rgba(38, 166, 154, 1.0)",0.0,0.0,0.16148569791356177,7.550138837131749,1.5782274601473973,0.0,0.0,0.0,0.0,0.0,0.0,0.0,0.0,66.42696997417269,20.668321070302,True,False,True,False,False,13.241437249595926,0,0.9631533847472155,0.8174807197943441,False,False,False,False,0.30519231338607683,0.3088180793372167,False,False,False,False,4243.0,1170.6089618562733,False,False,False,False,220.0648758096554,False,False,False,False
2025-07-30 17:00:00+00:00,7.755,7.795,7.755,7.785,1119.0,,,,,,,,,,,,,,,,,,,,,,7.529168472637107,"rgba(38, 166, 154, 1.0)",0.0,0.0,0.1603592532100645,7.598565619233701,1.1626044461686085,0.0,0.0,0.0,0.0,0.0,0.0,0.0,0.0,63.595302193805765,17.87343056323769,False,False,True,False,False,12.035911663059423,0,0.9589743589743592,0.8179487179487176,False,False,False,False,0.28056562922642997,0.2946918542818233,False,False,False,False,3124.0,1200.8940942305944,False,False,False,False,234.00185447927316,False,False,False,False
2025-07-31 17:00:00+00:00,7.785,7.795,7.785,7.795,0.0,,,,,,,,,,,,,,,,,,,,,,7.529168472637107,"rgba(38, 166, 154, 1.0)",0.0,0.0,0.15996992960671658,7.598565619233701,1.2279456598451295,0.0,0.0,0.0,0.0,0.0,0.0,0.0,0.0,62.42720021019053,16.67455109812036,False,False,True,False,False,12.471748637946845,0,0.96545768566494,0.8203799654576852,False,False,False,False,0.2928357974113013,0.2937638258465623,False,False,False,False,3124.0,1230.7096896688797,False,False,False,False,230.37391875091234,False,False,False,False
2025-08-01 17:00:00+00:00,7.795,7.85,7.795,7.85,180.0,,,,,,,,,,,,,,,,,,,,,,7.532324426669756,"rgba(38, 166, 154, 1.0)",0.0,0.0,0.16054670112849626,7.6018153771508254,1.5458718310912876,0.0,0.0,0.0,0.0,0.0,0.0,0.0,0.0,64.85474847510503,16.67455109812036,False,False,True,False,True,14.81000473220859,0,0.957081545064378,0.8137339055793986,False,False,False,False,0.31972370211975576,0.30674376398315906,False,False,False,False,3304.0,1262.8537254879668,False,False,False,False,229.59292776252607,False,False,False,False
2025-08-04 17:00:00+00:00,7.85,7.85,7.85,7.85,0.0,,,,,,,,,,,,,,,,,,,,,,7.532324426669756,"rgba(38, 166, 154, 1.0)",0.0,0.0,0.15720999326372803,7.6018153771508254,1.5786822306698496,0.0,0.0,0.0,0.0,0.0,0.0,0.0,0.0,66.47311398504803,16.67455109812036,True,False,True,False,True,14.81000473220859,0,0.9664082687338504,0.8165374677002578,False,False,False,False,0.3428281697688216,0.3247859668759903,False,False,False,False,3304.0,1294.4994041625719,False,False,False,False,226.03334748713806,False,False,False,False
2025-08-05 17:00:00+00:00,7.89,7.93,7.89,7.93,100.0,,,,,,,,,,,,,,,,,,,,,,7.534539272748227,"rgba(38, 166, 154, 1.0)",0.0,0.0,0.15816586686589756,7.604763777042971,2.056298425201841,0.0,0.0,0.0,0.0,0.0,0.0,0.0,0.0,70.6550783386707,16.070243676731607,True,False,True,False,True,18.036194661186094,0,0.9701110162254485,0.8129803586678048,False,False,False,False,0.3428281752006864,0.3338070710383384,False,False,False,False,3404.0,1327.2048397569506,False,False,False,False,224.07934209974056,False,False,False,False
2025-08-06 17:00:00+00:00,7.93,7.95,7.93,7.94,100.0,,,,,,,,,,,,,,,,,,,,,,7.5368624305277025,"rgba(38, 166, 154, 1.0)",0.0,0.0,0.1605008489775736,7.6078612259366185,2.069389515252912,0.0,0.0,0.0,0.0,0.0,0.0,0.0,0.0,73.73278963539549,18.856869944481332,True,False,True,False,True,18.422997359278646,0,0.9752770673486788,0.8081841432225058,False,False,False,False,0.34282817766331947,0.3383176243508289,False,False,False,False,3504.0,1360.9536019312613,False,False,False,False,222.155631369512,False,False,False,False
2025-08-07 17:00:00+00:00,7.94,7.99,7.94,7.99,200.0,,,,,,,,,,,,,,,,,,,,,,7.54180743594101,"rgba(38, 166, 154, 1.0)",0.0,0.0,0.16450970014391486,7.614420002127299,2.283026457066906,0.0,0.0,0.0,0.0,0.0,0.0,0.0,0.0,77.05158737945528,21.85253028322768,True,False,True,False,True,20.0,0,0.9829787234042556,0.8017021276595738,False,False,False,False,0.34282817960150286,0.34057290197616585,False,False,False,False,3704.0,1397.279902676513,False,False,False,False,221.81213320874437,False,False,False,False
2025-08-08 17:00:00+00:00,7.995,8.01,7.995,8.01,300.0,,,,,,,,,,,,,,,,,,,,,,7.54954752223398,"rgba(38, 166, 154, 1.0)",0.0,0.0,0.16868804835452023,7.624222861570287,2.2869263246140084,0.0,0.0,0.0,0.0,0.0,0.0,0.0,0.0,79.69026918850358,24.22849825581963,True,False,True,False,True,20.0,0,0.9872013651877136,0.8020477815699654,False,False,False,False,0.34282818233193646,0.34170054215405116,False,False,False,False,4004.0,1437.6941677512957,False,False,False,False,223.02434819775607,False,False,False,False
2025-08-11 17:00:00+00:00,8.04,8.04,8.0,8.0,800.0,,,,,,,,,,,,,,,,,,,,,,7.569332551236245,"rgba(38, 166, 154, 1.0)",0.0,0.0,0.17316286662670394,7.676546216693588,1.8679165435837828,0.0,0.0,0.0,0.0,0.0,0.0,0.0,0.0,80.25340667779275,24.785655978155205,True,False,True,False,True,20.0,0,0.9897610921501708,0.798634812286689,False,False,False,False,0.34282818353907557,0.34226436284656336,False,False,False,False,3204.0,1465.0787542977873,False,False,False,False,231.9697071404265,False,False,False,False
2025-08-12 17:00:00+00:00,8.04,8.04,8.04,8.04,0.0,,,,,,,,,,,,,,,,,,,,,,7.569332551236245,"rgba(38, 166, 154, 1.0)",0.0,0.0,0.17880627697226942,7.676546216693588,2.032667921175824,0.0,0.0,0.0,0.0,0.0,0.0,0.0,0.0,81.61992855851214,26.230408647937836,True,False,True,False,True,20.0,0,0.9931856899488928,0.7870528109028957,False,False,False,False,0.3428281848700861,0.3425462738583247,False,False,False,False,3204.0,1492.038773611,False,False,False,False,228.37327757235786,False,True,False,False
2025-08-13 17:00:00+00:00,8.03,8.03,7.96,7.96,250.0,,,,,,,,,,,,,,,,,,,,,,7.574779069971407,"rgba(38, 166, 154, 1.0)",0.0,0.0,0.18158196223471157,7.708684476734409,1.3840335249860454,0.0,0.0,0.0,0.0,0.0,0.0,0.0,0.0,75.09898832989772,30.874953761910007,True,False,True,False,False,16.797343262938053,0,0.9780219780219783,0.7945900253592557,False,False,False,False,0.3118427832138641,0.32719452853609443,False,False,False,False,2954.0,1514.7048391364108,False,False,False,False,228.70857559449183,False,False,False,False
2025-08-14 17:00:00+00:00,8.0,8.0,7.97,7.97,0.0,,,,,,,,,,,,,,,,,,,,,,7.574779069971407,"rgba(38, 166, 154, 1.0)",0.0,0.0,0.18493790046127973,7.708684476734409,1.412990645042507,0.0,0.0,0.0,0.0,0.0,0.0,0.0,0.0,71.20495329398238,27.386608746026027,True,False,True,False,False,17.18421659935062,0,0.978169605373636,0.7951301427371952,False,False,False,False,0.3050370762727233,0.31611580240440884,False,False,False,False,2954.0,1537.0194927932107,False,False,False,False,225.16270620542994,False,False,False,False
2025-08-15 17:00:00+00:00,7.97,7.97,7.97,7.97,0.0,,,,,,,,,,,,,,,,,,,,,,7.574779069971407,"rgba(38, 166, 154, 1.0)",0.0,0.0,0.18802834269773483,7.708684476734409,1.3897666677074778,0.0,0.0,0.0,0.0,0.0,0.0,0.0,0.0,68.6089299367055,25.062563119215156,False,False,True,False,False,17.18421659935062,0,0.9881154499151106,0.7979626485568756,False,False,False,False,0.29487946298397016,0.3054976326941895,False,False,False,False,2954.0,1558.9881828274245,False,False,False,False,221.6718115355783,False,False,False,False
2025-08-18 17:00:00+00:00,7.98,7.98,7.92,7.935,350.0,,,,,,,,,,,,,,,,,,,,,,7.581474534525223,"rgba(239, 83, 80, 1.0)",0.0,0.0,0.18994468137323853,7.711404002796208,1.1771637699316735,0.0,0.0,0.0,0.0,0.0,0.0,0.0,0.0,63.98220974049438,20.81443536282302,False,True,True,False,False,15.003980139927261,0,0.9814502529510963,0.789207419898819,False,False,False,False,0.28142700950064026,0.2934623210974149,False,False,False,False,2604.0,1575.1899164269992,False,False,False,False,223.66139585285615,False,False,False,False
2025-08-19 17:00:00+00:00,7.94,7.94,7.88,7.88,200.0,,,,,,,,,,,,,,,,,,,,,,7.5847326071020635,"rgba(239, 83, 80, 1.0)",0.0,0.0,0.19084761148835458,7.711764976405798,0.8815149546918375,0.0,0.0,0.0,0.0,0.0,0.0,0.0,0.0,57.340827431385726,14.806201421216215,False,True,True,False,False,11.715375194196856,0,0.9757525083612042,0.7968227424749159,False,False,False,False,0.2548119050949813,0.2741371130961981,False,False,False,False,2404.0,1588.039685164565,False,False,False,False,223.29455250630025,False,False,False,False
2025-08-20 17:00:00+00:00,7.92,7.92,7.895,7.895,0.0,,,,,,,,,,,,,,,,,,,,,,7.5847326071020635,"rgba(239, 83, 80, 1.0)",0.0,0.0,0.1919627873097044,7.711764976405798,0.9545340852890334,0.0,0.0,0.0,0.0,0.0,0.0,0.0,0.0,53.96578752484868,11.875265500940849,False,True,False,False,False,12.352400839576479,0,0.9758333333333336,0.798333333333333,False,False,False,False,0.25316049800814866,0.2636488055521734,False,False,False,False,2404.0,1600.6902326813934,False,False,False,False,219.83262145969093,False,False,False,False
2025-08-21 17:00:00+00:00,7.94,7.94,7.94,7.94,0.0,,,,,,,,,,,,,,,,,,,,,,7.5847326071020635,"rgba(239, 83, 80, 1.0)",0.0,0.0,0.19352933525334778,7.711764976405798,1.1793303753946245,0.0,0.0,0.0,0.0,0.0,0.0,0.0,0.0,54.53124372712377,11.875265500940849,False,True,True,False,False,14.225142346614167,0,0.9759136212624587,0.7973421926910297,False,False,False,False,0.2747380990509458,0.2691934523015596,False,False,False,False,2404.0,1613.144647678581,False,False,False,False,216.42436376264146,False,False,False,False
2025-08-22 17:00:00+00:00,7.955,7.99,7.9,7.9,300.0,,,,,,,,,,,,,,,,,,,,,,7.589949965580348,"rgba(239, 83, 80, 1.0)",0.0,0.0,0.19413587700046017,7.714658775344992,0.9546984695392972,0.0,0.0,0.0,0.0,0.0,0.0,0.0,0.0,52.34878373037712,10.199157470926345,False,True,False,False,False,11.869749377148452,0,0.969522240527183,0.7948929159802304,False,False,False,False,0.278079521611562,0.27363648695656084,False,False,False,False,2104.0,1620.754808179688,False,False,False,False,217.72011006089508,False,False,False,False
2025-08-25 17:00:00+00:00,7.855,7.9,7.855,7.9,14.0,,,,,,,,,,,,,,,,,,,,,,7.590157883256992,"rgba(239, 83, 80, 1.0)",0.0,0.0,0.19469861208942554,7.734740152067774,0.848798284480437,0.0,0.0,0.0,0.0,0.0,0.0,0.0,0.0,50.89381039921268,8.522228258978465,False,True,False,False,False,11.869749377148452,0,0.9581280788177342,0.8119868637110014,False,False,False,False,0.2334459786748937,0.25354123281572727,False,False,False,False,2104.0,1628.246981696282,False,False,False,False,214.56165874212152,False,False,False,False
2025-08-26 17:00:00+00:00,7.91,7.91,7.91,7.91,100.0,,,,,,,,,,,,,,,,,,,,,,7.591759736899217,"rgba(239, 83, 80, 1.0)",0.0,0.0,0.19545396453449415,7.736725942459769,0.8865210687995618,0.0,0.0,0.0,0.0,0.0,0.0,0.0,0.0,50.64895351217697,7.8546685825542895,False,True,False,False,False,12.300600632543418,0,0.9662273476112028,0.8113673805601316,False,False,False,False,0.2548119050949813,0.2541765689553543,False,False,False,False,2204.0,1637.1733850808357,False,False,False,False,212.78550899418164,False,False,False,False
2025-08-27 17:00:00+00:00,7.91,7.91,7.885,7.89,379.0,,,,,,,,,,,,,,,,,,,,,,7.597408417707001,"rgba(239, 83, 80, 1.0)",0.0,0.0,0.19565326012667725,7.73792554149612,0.7772651393869859,0.0,0.0,0.0,0.0,0.0,0.0,0.0,0.0,49.04773716907418,5.854815485738072,False,True,False,False,False,11.101366956255152,0,0.9618257261410789,0.821576763485477,False,False,False,False,0.2465682730240571,0.2503724209897057,False,False,False,False,1825.0,1640.085425622218,False,False,False,False,215.36247784698503,False,False,False,False
2025-08-28 17:00:00+00:00,7.945,7.95,7.945,7.95,200.0,,,,,,,,,,,,,,,,,,,,,,7.600824410266393,"rgba(239, 83, 80, 1.0)",0.0,0.0,0.19688481564262306,7.741283029179314,1.0600968395629866,0.0,0.0,0.0,0.0,0.0,0.0,0.0,0.0,52.04125036028578,5.854815485738072,False,True,True,False,True,13.679967895729,0,0.9625623960066556,0.8286189683860228,False,False,False,False,0.27975250167587673,0.2650624613327912,False,False,False,False,2025.0,1646.0530934420285,False,False,False,False,215.12429989586897,False,False,False,False
2025-08-29 17:00:00+00:00,7.955,7.955,7.955,7.955,0.0,,,,,,,,,,,,,,,,,,,,,,7.600824410266393,"rgba(239, 83, 80, 1.0)",0.0,0.0,0.19820246268958225,7.741283029179314,1.0782760613595497,0.0,0.0,0.0,0.0,0.0,0.0,0.0,0.0,54.325900434842346,5.854815485738072,False,True,True,False,True,13.889668598606374,0,0.9674185463659147,0.8237259816207181,False,False,False,False,0.28478065447591383,0.2749215579043525,False,False,False,False,2025.0,1651.9282392801365,False,False,False,False,211.78903943236713,False,False,False,False
2025-09-01 17:00:00+00:00,7.955,7.955,7.955,7.955,0.0,,,,,,,,,,,,,,,,,,,,,,7.600824410266393,"rgba(239, 83, 80, 1.0)",0.0,0.0,0.19925763123053186,7.741283029179314,1.0725660518036833,0.0,0.0,0.0,0.0,0.0,0.0,0.0,0.0,55.84900048454672,5.854815485738072,False,True,True,False,True,13.889668598606374,0,0.9680403700588729,0.8191757779646758,False,False,False,False,0.28478065447591383,0.2798511061901332,False,False,False,False,2025.0,1657.7122975858706,False,False,False,False,208.5054884334157,False,False,False,False
2025-09-02 17:00:00+00:00,7.92,7.935,7.91,7.935,650.0,,,,,,,,,,,,,,,,,,,,7.926666666666666,,7.610816742152607,"rgba(239, 83, 80, 1.0)",0.0,0.0,0.19998648602991553,7.747542863660099,0.9373490182324579,0.0,0.0,0.0,0.0,0.0,0.0,0.0,0.0,55.00592738911758,5.854815485738072,False,True,True,False,True,12.641381258224676,0,0.9744245524296676,0.8167092924126167,False,False,False,False,0.26308958009836797,0.27147034314425056,False,False,False,False,1375.0,1653.3291611891902,False,False,False,False,215.35036458173485,False,False,False,False
2025-09-03 17:00:00+00:00,7.93,7.93,7.93,7.93,0.0,,,,,,,,,,,,,,,,,,,,7.926666666666666,,7.610816742152607,"rgba(239, 83, 80, 1.0)",0.0,0.0,0.19928954895910453,7.747542863660099,0.9155379059909555,0.0,0.0,0.0,0.0,0.0,0.0,0.0,0.0,53.982937573117205,5.854815485738072,False,True,True,False,True,12.328533261779956,0,0.9716981132075472,0.817324185248713,False,False,False,False,0.26807308723663537,0.26977171519044296,False,False,False,False,1375.0,1649.0139803955592,False,False,False,False,212.01159923938238,False,False,False,False
2025-09-04 17:00:00+00:00,7.94,7.97,7.94,7.96,353.0,,,,,,,,,,,,,,,,,,,,7.9372249916915925,,7.616482203350503,"rgba(239, 83, 80, 1.0)",0.0,0.0,0.19854851677489938,7.752120650924008,1.0469952254121926,0.0,0.0,0.0,0.0,0.0,0.0,0.0,0.0,55.68772643618425,5.854815485738072,False,True,True,False,True,13.668919484218325,0,0.9667802385008517,0.8117546848381597,False,False,False,False,0.28478065447591383,0.2772761848331784,False,False,False,False,1728.0,1650.2385698467908,False,False,False,False,214.19746591784155,False,False,False,False
2025-09-05 17:00:00+00:00,7.98,7.98,7.94,7.94,152.0,,,,,,,,,,,,,,,,,,,,7.939344877344877,,7.618841604841559,"rgba(239, 83, 80, 1.0)",0.0,0.0,0.1969080134625423,7.776721874937776,0.8292101585458578,0.0,0.0,0.0,0.0,0.0,0.0,0.0,0.0,54.84441418740448,5.854815485738072,False,True,True,False,True,12.397347318816124,0,0.9677692960135708,0.812553011026293,False,False,False,False,0.2881405491869869,0.2827083670100826,False,False,False,False,1576.0,1649.0875842677706,False,False,False,False,213.23316412066572,False,False,False,False
2025-09-08 17:00:00+00:00,7.92,7.925,7.92,7.925,192.0,,,,,,,,,,,,,,,,,,,7.923333333333333,7.937062608265281,,7.621511974908265,"rgba(239, 83, 80, 1.0)",0.0,0.0,0.19477667969999365,7.776977416373546,0.7599605037648599,0.0,0.0,0.0,0.0,0.0,0.0,0.0,0.0,52.897068322704655,5.854815485738072,False,True,True,False,False,11.448573665184782,0,0.9659284497444633,0.8236797274275975,False,False,False,False,0.26308958009836797,0.2728989735542253,False,False,False,False,1384.0,1644.977699240363,False,False,False,False,212.90396777770965,False,False,False,False
2025-09-09 17:00:00+00:00,7.925,7.925,7.925,7.925,0.0,,,,,,,,,,,,,,,,,,,7.923333333333333,7.937062608265281,,7.621511974908265,"rgba(239, 83, 80, 1.0)",0.0,0.0,0.1935317093463536,7.776977416373546,0.7648492545557257,0.0,0.0,0.0,0.0,0.0,0.0,0.0,0.0,51.598837746238104,5.854815485738072,False,True,False,False,False,11.448573665184782,0,0.9734133790737564,0.8190394511149223,False,False,False,False,0.2647493187676959,0.2688241461609606,False,False,False,False,1384.0,1640.9315333606673,False,False,False,False,209.60313106797773,False,False,False,False
2025-09-10 17:00:00+00:00,7.96,7.96,7.96,7.96,0.0,,,,,,,,,,,,,,,,,,,7.923333333333333,7.937062608265281,,7.621511974908265,"rgba(239, 83, 80, 1.0)",0.0,0.0,0.1912582330560195,7.776977416373546,0.9569396344514319,0.0,0.0,0.0,0.0,0.0,0.0,0.0,0.0,53.92160397423147,5.854815485738072,False,True,True,False,True,13.081656918560903,0,0.9732758620689654,0.8224137931034478,False,False,False,False,0.28814054918698623,0.2784823476739734,False,False,False,False,1384.0,1636.9480987349204,False,False,False,False,206.35347012118737,False,False,False,False
2025-09-11 17:00:00+00:00,7.96,7.96,7.95,7.95,100.0,,,,,,,,,,7.953333333333334,,,,,,,,,7.933607305936072,7.938187053674269,,7.6230207338698674,"rgba(239, 83, 80, 1.0)",0.0,0.0,0.18955939904358401,7.778247388034259,0.9060622307957995,0.0,0.0,0.0,0.0,0.0,0.0,0.0,0.0,54.36012556119169,5.854815485738072,False,True,True,False,True,12.426669680300524,0,0.9696969696969697,0.8190476190476186,False,False,False,False,0.28478065447591383,0.2816315010749436,False,False,False,False,1284.0,1631.4760351886425,False,False,False,False,204.70457911155654,False,False,False,False
2025-09-12 17:00:00+00:00,7.95,7.95,7.95,7.95,0.0,,,,,,,,,,7.953333333333334,,,,,,,,,7.933607305936072,7.938187053674269,,7.6230207338698674,"rgba(239, 83, 80, 1.0)",0.0,0.0,0.1888049901997383,7.778247388034259,0.9096825872242171,0.0,0.0,0.0,0.0,0.0,0.0,0.0,0.0,54.65247328583183,5.854815485738072,False,True,True,False,True,12.426669680300524,0,0.9669852302345787,0.821025195482189,False,False,False,False,0.28142700950064026,0.28152925528779194,False,False,False,False,1284.0,1626.0888098368805,False,False,False,False,201.5308647067262,False,False,False,False
2025-09-15 17:00:00+00:00,7.95,7.955,7.945,7.945,0.0,,,,,,,,,,7.953333333333334,,,,,,,,,7.933607305936072,7.938187053674269,,7.6230207338698674,"rgba(239, 83, 80, 1.0)",0.0,0.0,0.18788114414257556,7.778247388034259,0.8875430939424077,0.0,0.0,0.0,0.0,0.0,0.0,0.0,0.0,54.207902223489135,5.854815485738072,False,True,True,False,True,12.089513534699897,0,0.9676573426573427,0.8173076923076918,False,False,False,False,0.28142700950064026,0.2814781323942161,False,False,False,False,1284.0,1620.7851073587892,False,False,False,False,198.40635517638935,False,False,False,False
2025-09-16 17:00:00+00:00,7.945,7.945,7.93,7.94,809.0,,,,,,,,,,7.939983498349836,,,,,,,,,7.937079927338783,7.938239509456266,,7.634207818027658,"rgba(239, 83, 80, 1.0)",0.0,0.0,0.18688766679478586,7.784619704433194,0.8314101097822778,0.0,0.0,0.0,0.0,0.0,0.0,0.0,0.0,53.24321529045158,5.854815485738072,False,True,True,False,True,11.74814673961858,1,0.965034965034965,0.8190559440559435,False,False,False,False,0.2730696338339848,0.27727388311410045,False,False,False,False,475.0,1603.02099716718,False,False,False,False,207.87292331318952,False,False,False,False
2025-09-17 17:00:00+00:00,7.92,7.935,7.85,7.85,1658.0,,,,,,,,,,7.900164264381249,,,,,,,,,7.901776609882806,7.912862800204395,,7.65075565549196,"rgba(239, 83, 80, 1.0)",0.0,0.0,0.184318980266508,7.785954679021383,0.3474700266137145,0.0,0.0,0.0,0.0,-1.0,7.93,7.85,414.0,45.20600383927584,-0.7163027470694843,False,True,False,True,False,5.922162323780732,0,0.9534081104400345,0.8222605694564274,False,False,False,False,0.24328005484064544,0.26027696897737296,False,False,False,False,-1183.0,1559.826873180092,False,False,False,False,230.35551364941915,False,False,False,False
2025-09-18 17:00:00+00:00,7.85,7.85,7.85,7.85,0.0,,,,,,,,,,7.900164264381249,,,,,,,,,7.901776609882806,7.912862800204395,,7.65075565549196,"rgba(239, 83, 80, 1.0)",0.0,0.0,0.18114533013751552,7.785954679021383,0.3535576706835147,0.0,0.0,0.0,0.0,0.0,0.0,0.0,0.0,39.84786287182534,-5.37705600510013,False,True,False,True,False,5.922162323780732,0,0.9565595134665507,0.8366637706342306,False,False,False,False,0.2155299515960721,0.23790346028672255,False,False,False,False,-1183.0,1517.302425533889,False,False,False,False,226.78411033702506,False,False,False,False
2025-09-19 17:00:00+00:00,7.81,7.81,7.81,7.81,0.0,,,,,,,,,,7.900164264381249,,,,,,,,,7.901776609882806,7.912862800204395,,7.65075565549196,"rgba(239, 83, 80, 1.0)",0.0,0.0,0.17773441569522025,7.785954679021383,0.13528792881536936,0.0,0.0,0.0,0.0,0.0,0.0,0.0,0.0,34.37640033027468,-10.046047403390006,False,True,False,True,False,3.482949145200859,0,0.9566348655680831,0.8352124891587157,False,False,False,False,0.18970826647492273,0.21380586338082264,False,False,False,False,-1183.0,1475.4372716496425,False,False,False,False,223.26807761862156,False,False,False,False
2025-09-22 17:00:00+00:00,7.805,7.89,7.805,7.89,100.0,,,,,,,,,,7.898720784901887,,,,,,,,7.861666666666666,7.900373673778709,7.911587360903504,7.861666666666666,7.6516144136807815,"rgba(38, 166, 154, 1.0)",0.0,0.0,0.1745441424329572,7.8013511583872015,0.5078878063573425,1.0,7.89,7.805,0.0,1.0,7.85,7.81,416.0,38.52840172096977,-10.046047403390006,False,True,False,True,True,7.627422585213079,0,0.9679930795847749,0.8217993079584769,False,False,True,False,0.2139081220236749,0.21385699270224878,False,False,False,False,-1083.0,1435.7715775155395,False,False,False,False,221.35694463228631,False,False,False,False
2025-09-23 17:00:00+00:00,7.85,7.86,7.85,7.85,700.0,,,,,,,,,,7.889284724284724,,,,,,,,7.854375,7.891121569729324,7.9029369961815865,7.854375,7.657204407495382,"rgba(38, 166, 154, 1.0)",0.0,0.0,0.17086262328559398,7.8005229036484085,0.2895723792610337,0.0,0.0,0.0,0.0,0.0,0.0,0.0,0.0,39.00651760574468,-10.046047403390006,False,True,False,True,True,5.254555638997282,0,0.9696969696969696,0.8233766233766228,False,False,False,False,0.21877697254669815,0.21631698262447346,False,False,False,False,-1783.0,1385.868142205221,False,False,False,False,228.77776719612683,False,False,False,False
2025-09-24 17:00:00+00:00,7.85,7.915,7.85,7.915,400.0,,,,,,,,,,7.889714627024156,,,,,,,,7.867361111111111,7.89134503662541,7.902185829748404,7.867361111111111,7.660885294881788,"rgba(38, 166, 154, 1.0)",0.0,0.0,0.1681430643532133,7.802648683118678,0.6681888266607845,0.0,0.0,0.0,0.0,1.0,7.96,7.86,440.0,43.55700934509028,-13.326929994842473,False,True,False,True,True,8.42477360170082,0,0.9672413793103448,0.8181034482758616,False,False,False,False,0.23671899002543564,0.22651798632495457,False,False,False,False,-1383.0,1342.9399539539772,False,False,False,False,231.432375456652,False,False,False,False
2025-09-25 17:00:00+00:00,7.96,7.97,7.96,7.965,533.0,,,,,,,,,7.965000000000001,7.899046511627906,,,,,,,,7.897390844393152,7.900084594835261,7.90811463313854,7.897390844393152,7.667073709260745,"rgba(38, 166, 154, 1.0)",0.0,0.0,0.16611371335854386,7.809210466340688,0.9378487212735526,0.0,0.0,0.0,0.0,1.0,8.045,7.915,419.0,49.03170226112738,-8.350006555281254,False,True,False,False,True,10.718236054229433,0,0.9767441860465117,0.8217054263565887,False,False,False,False,0.2915067871935505,0.25901238675925253,False,False,False,False,-850.0,1308.9408849004271,False,False,False,False,236.10784250383568,False,False,False,False
2025-09-26 17:00:00+00:00,8.045,8.045,8.045,8.045,0.0,,,,,,,,,7.965000000000001,7.899046511627906,,,,,,,,7.897390844393152,7.900084594835261,7.90811463313854,7.897390844393152,7.667073709260745,"rgba(38, 166, 154, 1.0)",0.0,0.0,0.1651342069539348,7.809210466340688,1.4278660854627583,0.0,0.0,0.0,0.0,0.0,0.0,0.0,0.0,55.58676828705748,-2.473751244232375,False,False,True,False,True,14.141154851643428,0,0.9809193408499567,0.8282740676496093,False,False,False,False,0.3428281851950641,0.3009202859771583,False,False,False,False,-850.0,1275.4689331965446,False,False,False,False,232.44725579834986,False,False,False,False
2025-09-29 17:00:00+00:00,8.025,8.025,8.01,8.01,451.0,,,,,,,,8.015,7.987916666666667,7.910053672910965,,,,,,,8.015,7.92167735042735,7.910569492211207,7.916019733245873,7.92167735042735,7.672963018565782,"rgba(38, 166, 154, 1.0)",0.0,0.0,0.16190023065049444,7.816053781309722,1.1979366422828843,0.0,0.0,0.0,0.0,0.0,0.0,0.0,0.0,57.73981547243577,-0.6480268536643052,False,False,True,False,True,12.07131895001956,0,0.9783362218370883,0.8180242634315421,False,False,False,False,0.3239091682922464,0.31241472713470236,False,False,False,False,-1301.0,1235.5236784183037,False,False,False,False,235.83567043713512,False,False,False,False
2025-09-30 17:00:00+00:00,8.055,8.055,8.055,8.055,0.0,,,,,,,,8.015,7.987916666666667,7.910053672910965,,,,,,,8.015,7.92167735042735,7.910569492211207,7.916019733245873,7.92167735042735,7.672963018565782,"rgba(38, 166, 154, 1.0)",0.0,0.0,0.1587642311135592,7.816053781309722,1.5050381122645116,0.0,0.0,0.0,0.0,0.0,0.0,0.0,0.0,60.7292272501859,2.1684708506762718,False,False,True,False,True,13.931658331973068,0,0.9818496110630943,0.8159031979256693,False,False,False,False,0.34282818583599306,0.3276214564853477,False,False,False,False,-1301.0,1196.1977299156943,False,False,False,False,232.17930345361364,False,False,False,False
2025-10-01 17:00:00+00:00,8.05,8.05,8.025,8.025,80.0,,,,,,,8.033333333333333,8.017762084118015,7.991331453634086,7.912095149382458,,,,,,8.033333333333333,8.017762084118015,7.925622791519435,7.9125247196230655,7.9175388475234705,7.925622791519435,7.674041810108268,"rgba(38, 166, 154, 1.0)",0.0,0.0,0.1539406695117578,7.817309970154195,1.3491563373377573,0.0,0.0,0.0,0.0,-1.0,8.055,8.03,426.0,60.846431915153005,2.5057202981449365,True,False,True,False,True,12.178442746020394,0,0.9954545454545456,0.804545454545454,False,False,False,False,0.3308735650438434,0.3292475107645956,False,False,False,False,-1381.0,1156.2411759635131,False,False,False,False,229.81993440782117,False,False,False,False
2025-10-02 17:00:00+00:00,8.03,8.03,8.0,8.0,0.0,,,,,,,8.033333333333333,8.017762084118015,7.991331453634086,7.912095149382458,,,,,,8.033333333333333,8.017762084118015,7.925622791519435,7.9125247196230655,7.9175388475234705,7.925622791519435,7.674041810108268,"rgba(38, 166, 154, 1.0)",0.0,0.0,0.14815234428491358,7.817309970154195,1.233122774584461,0.0,0.0,0.0,0.0,-1.0,8.025,8.0,425.0,59.43241039677149,2.5057202981449365,False,False,True,False,True,10.741098959358059,0,0.9943714821763604,0.7842401500938083,False,False,False,False,0.31479951459017635,0.32202351267738594,False,False,False,False,-1381.0,1116.9041034679549,False,False,False,False,226.25683464956037,False,False,False,False
2025-10-03 17:00:00+00:00,8.0,8.0,8.0,8.0,0.0,,,,,,,8.033333333333333,8.017762084118015,7.991331453634086,7.912095149382458,,,,,,8.033333333333333,8.017762084118015,7.925622791519435,7.9125247196230655,7.9175388475234705,7.925622791519435,7.674041810108268,"rgba(38, 166, 154, 1.0)",0.0,0.0,0.14230005729550743,7.817309970154195,1.2838366569763333,0.0,0.0,0.0,0.0,0.0,0.0,0.0,0.0,58.48972938451715,2.5057202981449365,False,False,True,False,True,10.741098959358059,0,0.9961612284069099,0.8023032629558537,False,False,False,False,0.3044131114364144,0.3132183120569002,False,False,False,False,-1381.0,1078.176908065351,False,False,False,False,222.7489767480168,False,False,False,False
2025-10-06 17:00:00+00:00,7.985,7.985,7.98,7.98,59.0,,,,,,,8.011402877697842,8.01415254237288,7.990823686553873,7.912934560327197,,,,,7.981666666666667,8.011402877697842,8.01415254237288,7.927046204620463,7.9133274301456105,7.918145475923254,7.927046204620463,7.674719473795568,"rgba(38, 166, 154, 1.0)",0.0,0.0,0.13648987686449432,7.8179120081813345,1.1875458864951953,0.0,0.0,0.0,0.0,0.0,0.0,0.0,0.0,56.55790428590795,2.5057202981449365,False,False,True,False,False,9.579504528362047,0,1.0141843971631206,0.8074974670719347,False,False,False,False,0.28988614137550467,0.3015522267162024,False,False,False,False,-1440.0,1039.1354056147254,False,False,False,False,220.21023292246613,False,False,False,False
2025-10-07 17:00:00+00:00,8.025,8.025,8.02,8.025,100.0,,,,,,8.023333333333333,8.01639470013947,8.015483091787438,7.993481875170346,7.915146960587841,,,,,8.00787211740042,8.01639470013947,8.015483091787438,7.931020085293714,7.915450276598481,7.919805375835043,7.931020085293714,7.676016255626234,"rgba(38, 166, 154, 1.0)",0.0,0.0,0.13239216247453237,7.819320686852028,1.5535610968476923,0.0,0.0,0.0,0.0,0.0,0.0,0.0,0.0,57.616860159309965,2.5057202981449365,False,False,True,False,False,11.552986231207662,0,0.9938208032955717,0.8022657054582898,False,False,False,False,0.3185809941428634,0.3100666104295329,False,False,False,False,-1340.0,1002.2495853726366,False,False,False,False,218.34650838103252,False,False,False,False
2025-10-08 17:00:00+00:00,8.075,8.08,8.07,8.075,700.0,,,,,8.075,8.068541666666667,8.060083422080227,8.045455635491606,8.023155659559716,7.934812536613942,,,,,8.06257469926271,8.060083422080227,8.045455635491606,7.963292240367169,7.934437832936641,7.935243238122307,7.963292240367169,7.686141645216257,"rgba(38, 166, 154, 1.0)",0.0,0.0,0.12895414367584085,7.831401682121204,1.889030557181181,0.0,0.0,0.0,0.0,0.0,0.0,0.0,0.0,60.42811708340178,3.946243686039132,True,False,True,False,True,13.651232839668904,0,0.9907597535934295,0.8018480492813136,False,False,False,False,0.3428281762457352,0.32644739333763406,False,False,False,False,-640.0,976.7883514908902,False,False,False,False,225.81400437512505,False,False,False,False
2025-10-09 17:00:00+00:00,8.13,8.15,8.1,8.115,1537.0,,,,8.121666666666668,8.107063775890332,8.103480958493797,8.098311793214863,8.08547488896481,8.066916184971099,7.974551681195517,,,,,8.100481357818587,8.098311793214863,8.08547488896481,8.01552861230329,7.973226176034506,7.968662040276806,8.01552861230329,7.709129349816851,"rgba(38, 166, 154, 1.0)",0.0,0.0,0.12537504098064764,7.857604751667516,2.0530023066729415,0.0,0.0,0.0,0.0,0.0,0.0,0.0,0.0,63.70221278333772,7.321627683549359,True,False,True,False,True,15.263904982512791,0,0.984567901234568,0.8065843621399169,False,False,False,False,0.3428281792217371,0.33463778627968555,False,False,False,False,897.0,975.5513227856052,False,False,False,False,246.14246942357272,False,False,False,False
2025-10-10 17:00:00+00:00,8.105,8.105,8.065,8.065,100.0,,,,8.119019547953576,8.105834403080873,8.10244904937765,8.097536231884058,8.085238960466908,8.067236891385768,7.975968108821255,,,,,8.099594017094017,8.097536231884058,8.085238960466908,8.016848039215686,7.97462406348362,7.969926408423641,8.016848039215686,7.710392881587955,"rgba(38, 166, 154, 1.0)",0.0,0.0,0.12172957771260118,7.858760256406854,1.6942451248789296,0.0,0.0,0.0,0.0,-1.0,8.1,8.065,430.0,62.414940120305346,7.321627683549359,True,False,True,False,True,12.335605327487979,0,0.957775489186406,0.8166838311019559,False,False,False,False,0.3130375090702385,0.32383764767496204,False,False,False,False,797.0,972.7830852230377,False,False,False,False,243.87669470382738,False,False,False,False
2025-10-13 17:00:00+00:00,8.065,8.065,8.065,8.065,0.0,,,,8.119019547953576,8.105834403080873,8.10244904937765,8.097536231884058,8.085238960466908,8.067236891385768,7.975968108821255,,,,,8.099594017094017,8.097536231884058,8.085238960466908,8.016848039215686,7.97462406348362,7.969926408423641,8.016848039215686,7.710392881587955,"rgba(38, 166, 154, 1.0)",0.0,0.0,0.11915241204984219,7.858760256406854,1.7308902106561972,0.0,0.0,0.0,0.0,0.0,0.0,0.0,0.0,61.556758344950424,7.321627683549359,True,False,True,False,True,12.335605327487979,0,0.9577319587628867,0.823711340206185,False,False,False,False,0.29834451941835816,0.3110910835466601,False,False,False,False,797.0,970.0577660722929,False,False,False,False,240.09566067741144,False,False,False,False
2025-10-14 17:00:00+00:00,8.125,8.125,8.015,8.065,350.0,,,,8.110091427612817,8.100949634040443,8.098164693218516,8.094043062200958,8.08348682262363,8.067335038363172,7.9801791064217795,,,,,8.095749590067932,8.094043062200958,8.08348682262363,8.020374429223745,7.978792095564875,7.973743166371158,8.020374429223745,7.714629579528803,"rgba(38, 166, 154, 1.0)",0.0,0.0,0.11729016148842161,7.862432982402185,1.7270589027009864,0.0,0.0,0.0,0.0,0.0,0.0,0.0,0.0,60.984637161380476,7.321627683549359,True,False,True,False,True,12.335605327487979,0,0.9482233502538074,0.8203045685279181,False,False,False,False,0.3020058274363539,0.306548455491507,False,False,False,False,797.0,967.3746999316372,False,False,False,False,241.79960392272287,False,False,False,False
2025-10-15 17:00:00+00:00,8.125,8.13,8.125,8.13,36.0,,,,8.110416048772452,8.101311666054597,8.098549415515409,8.094459824442945,8.083959859361267,8.067891535732388,7.980870608064307,,,,,8.096156604210039,8.094459824442945,8.083959859361267,8.021129680010365,7.97947311827957,7.974357431935246,8.021129680010365,7.715132630773042,"rgba(38, 166, 154, 1.0)",0.0,0.0,0.11784598285759969,7.862950251522787,2.26609123197611,0.0,0.0,0.0,0.0,0.0,0.0,0.0,0.0,63.48462982010584,8.14316963762954,True,False,True,False,True,15.023117332462249,0,0.9529058116232466,0.809619238476953,False,False,False,False,0.34282817941210064,0.3246883174518038,False,False,False,False,833.0,965.2913712505266,False,False,False,False,238.60891238903722,False,False,False,False
2025-10-16 17:00:00+00:00,8.125,8.17,8.12,8.135,616.0,,,,8.117710622710623,8.108756613756615,8.106272656780073,8.102587106390908,8.0927827417887,8.077853280724828,7.9927628366750705,,,,,8.104170954831332,8.102587106390908,8.0927827417887,8.034015966678236,7.991198411767007,7.985008784621744,8.034015966678236,7.7238264619592805,"rgba(38, 166, 154, 1.0)",0.0,0.0,0.1179689988288561,7.900692728936608,1.9861766514040995,0.0,0.0,0.0,0.0,0.0,0.0,0.0,0.0,65.34339350676709,10.159462322877019,True,False,True,False,True,15.22434351604269,0,0.9532994923857867,0.7989847715736034,False,False,False,False,0.3428281741273165,0.33375824578956015,False,False,False,False,1449.0,972.7907298357898,False,False,False,False,244.45993700316066,False,False,False,False
2025-10-17 17:00:00+00:00,8.065,8.085,8.065,8.085,250.0,,,,8.11430310372678,8.106637410606483,8.104379235565194,8.101003134796239,8.091938537041365,8.077878221113881,7.995256440144538,,,,8.078333333333333,8.10244752757026,8.101003134796239,8.091938537041365,8.035858837879797,7.99368202029415,7.987359292094834,8.035858837879797,7.726734926052334,"rgba(38, 166, 154, 1.0)",0.0,0.0,0.11662436813651421,7.901796528805173,1.570885005613747,0.0,0.0,0.0,0.0,0.0,0.0,0.0,0.0,62.65479595417267,10.159462322877019,True,False,True,False,False,12.237730959625182,0,0.9457523029682697,0.8157625383828038,False,False,False,False,0.2843176994550211,0.3090379726222906,False,False,False,False,1199.0,976.2978503034519,False,False,False,False,244.54582945272406,False,False,False,False
2025-10-20 17:00:00+00:00,8.15,8.15,8.14,8.15,376.0,,,8.146666666666665,8.11803011740684,8.110433375367801,8.108290692906928,8.105087218522042,8.09635911206588,8.082863659727577,8.001613809789689,,,,8.11937699680511,8.106479146459746,8.105087218522042,8.09635911206588,8.042381026925487,7.9999706643343895,7.993173655600853,8.042381026925487,7.73185338865837,"rgba(38, 166, 154, 1.0)",0.0,0.0,0.11562139207907945,7.907037905028796,2.1013593644074984,0.0,0.0,0.0,0.0,0.0,0.0,0.0,0.0,63.70631639152375,10.159462322877019,True,False,True,False,False,14.877753485380616,0,0.9467758444216989,0.8219037871033772,False,False,False,False,0.34282816571389635,0.3259330691680935,False,False,False,False,1575.0,985.5800541747162,False,False,False,False,246.58387860849578,False,False,False,False
2025-10-21 17:00:00+00:00,8.11,8.11,8.02,8.03,499.0,,,8.093439999999998,8.10945315267446,8.104050552568697,8.10228198948291,8.099596002551563,8.092193441986806,8.080272551433094,8.00434366405754,,,8.053333333333333,8.090082962962962,8.100742663494122,8.099596002551563,8.092193441986806,8.04317458012681,8.002731183910427,7.995952998179179,8.04317458012681,7.736970895673165,"rgba(38, 166, 154, 1.0)",0.0,0.0,0.10935404110641815,7.908965964819529,1.1068089844314521,0.0,0.0,0.0,0.0,-1.0,8.14,8.015,438.0,57.97623414569417,13.286801162731408,True,False,True,False,False,8.278656372019427,0,0.9261880687563193,0.8341759352881694,False,False,False,False,0.27337921993919867,0.2996561445536461,False,False,False,False,1076.0,986.9819137999143,False,False,False,False,250.49730684712375,False,False,False,False
2025-10-22 17:00:00+00:00,8.01,8.015,7.995,7.995,0.0,,,8.093439999999998,8.10945315267446,8.104050552568697,8.10228198948291,8.099596002551563,8.092193441986806,8.080272551433094,8.00434366405754,,,8.053333333333333,8.090082962962962,8.100742663494122,8.099596002551563,8.092193441986806,8.04317458012681,8.002731183910427,7.995952998179179,8.04317458012681,7.736970895673165,"rgba(239, 83, 80, 1.0)",0.0,0.0,0.1073871500692605,7.908965964819529,0.8011576350148237,0.0,0.0,0.0,0.0,-1.0,8.02,7.99,438.0,52.79551380716495,8.598448077324868,False,False,False,False,False,6.497759773158574,0,0.9203629032258062,0.8457661290322576,False,False,False,False,0.21974694429101008,0.25970154442232807,False,False,False,False,1076.0,988.3620391673575,False,False,False,False,246.61362767119934,False,False,False,False
2025-10-23 17:00:00+00:00,7.985,7.99,7.975,7.99,0.0,,,8.093439999999998,8.10945315267446,8.104050552568697,8.10228198948291,8.099596002551563,8.092193441986806,8.080272551433094,8.00434366405754,,,8.053333333333333,8.090082962962962,8.100742663494122,8.099596002551563,8.092193441986806,8.04317458012681,8.002731183910427,7.995952998179179,8.04317458012681,7.736970895673165,"rgba(239, 83, 80, 1.0)",0.0,0.0,0.10395737172097515,7.908965964819529,0.7794929194436419,0.0,0.0,0.0,0.0,0.0,0.0,0.0,0.0,49.14498622346,5.3959709231825315,False,True,False,True,False,6.244494979551096,0,0.9174311926605501,0.8583078491335369,False,False,False,False,0.19020808806336648,0.22495481624284727,False,False,False,False,1076.0,989.7207672422821,False,False,False,False,242.7901605755218,False,False,False,False
2025-10-24 17:00:00+00:00,8.045,8.045,8.01,8.02,0.0,,,8.093439999999998,8.10945315267446,8.104050552568697,8.10228198948291,8.099596002551563,8.092193441986806,8.080272551433094,8.00434366405754,,,8.053333333333333,8.090082962962962,8.100742663494122,8.099596002551563,8.092193441986806,8.04317458012681,8.002731183910427,7.995952998179179,8.04317458012681,7.736970895673165,"rgba(239, 83, 80, 1.0)",0.0,0.0,0.10145482285765887,7.908965964819529,1.0944185012894945,0.0,0.0,0.0,0.0,0.0,0.0,0.0,0.0,48.37491335326877,4.7396182269415945,False,True,False,True,False,7.52823301861892,0,0.9071428571428568,0.8612244897959179,False,False,False,False,0.23132437994118255,0.2281395980920149,False,False,False,False,1076.0,991.0584297656576,False,False,False,False,239.0259720394672,False,False,False,False
2025-10-27 17:00:00+00:00,8.01,8.015,8.0,8.01,100.0,,8.008333333333333,8.084711111111108,8.106836180124223,8.10195333041192,8.10026765294454,8.097695884516622,8.090597322674789,8.079029433788378,8.004385423208427,8.008333333333333,8.008333333333333,8.045820812465218,8.083409523809523,8.098786082292328,8.097695884516622,8.090597322674789,8.04267592195029,8.002788665435391,7.996066568816315,8.04267592195029,7.737833815626294,"rgba(239, 83, 80, 1.0)",0.0,0.0,0.09891428630907617,7.909009947558614,1.0209855038110827,0.0,0.0,0.0,0.0,0.0,0.0,0.0,0.0,47.374787543697956,3.657697714709137,False,True,False,True,False,7.007428435949187,0,0.8999999999999999,0.8622448979591834,False,False,False,False,0.2104161528067669,0.2192778754493909,False,False,False,False,976.0,990.824965738283,False,False,False,False,236.8705306124987,False,False,False,False
2025-10-28 17:00:00+00:00,8.01,8.01,7.92,7.92,1196.0,,7.954501028806585,8.010499001996006,8.06976581027668,8.070401909722221,8.06959869169511,8.068250263932878,8.064526873385013,8.056930163730966,7.998334728682169,7.954501028806585,7.954501028806585,7.981975858867224,8.017503786314196,8.068722194064312,8.068250263932878,8.064526873385013,8.029130718155526,7.997018674221652,7.991512082885562,8.029130718155526,7.745607327757868,"rgba(239, 83, 80, 1.0)",0.0,0.0,0.09507820394213765,7.905947423977937,0.14780018384250718,0.0,0.0,0.0,0.0,-1.0,8.0,7.98,443.0,43.07902192656477,-0.512156357254625,False,True,False,True,False,2.515065822953268,0,0.8821138211382114,0.8719512195121951,False,False,False,False,0.17111001955717778,0.19519394750328434,False,False,False,False,-220.0,972.0524856493173,False,False,False,False,251.74075494408785,False,False,False,False
2025-10-29 17:00:00+00:00,7.98,7.98,7.92,7.92,100.0,,7.953462273161414,8.007394686628503,8.067250968992248,8.06817662116041,8.06742421700224,8.066147455867082,8.062625699745547,8.055279307261518,7.997797081413209,7.953462273161414,7.953462273161414,7.9797607739665795,8.014429459209309,8.066583596389211,8.066147455867082,8.062625699745547,8.028054650086524,7.99650229427036,7.991089748845343,8.028054650086524,7.74620102006536,"rgba(239, 83, 80, 1.0)",0.0,0.0,0.09213664939729475,7.905759650374146,0.1545568426788455,0.0,0.0,0.0,0.0,0.0,0.0,0.0,0.0,40.215178181809314,-3.265385207273333,False,True,False,True,False,2.515065822953268,0,0.8824120603015075,0.8763819095477389,False,False,False,False,0.15736731455651687,0.1762806310299006,False,False,False,False,-220.0,953.5710517632813,False,False,False,False,249.38818509999345,False,False,False,False
2025-10-30 17:00:00+00:00,7.935,7.96,7.935,7.945,484.0,,7.951712765957447,7.996725952813065,8.05691028821167,8.058906315678858,8.058354283054005,8.057362904450859,8.054646715951096,8.048332232060263,7.995613640374093,7.951712765957447,7.951712765957447,7.973027882863949,8.003515252357182,8.057658516582089,8.057362904450859,8.054646715951096,8.023561461541387,7.994409595696683,7.989394238098991,8.023561461541387,7.74912109629719,"rgba(239, 83, 80, 1.0)",0.0,0.0,0.08957396661694372,7.905256752757138,0.4436919424682983,0.0,0.0,0.0,0.0,0.0,0.0,0.0,0.0,40.0047115826363,-3.6447890783342203,False,True,False,True,False,3.6456103042927985,0,0.8886659979939819,0.8776328986960885,False,False,False,False,0.15508272069108714,0.16568167586049387,False,False,False,False,264.0,942.8800277049357,False,False,False,False,253.0255775790633,False,False,False,False
2025-10-31 17:00:00+00:00,8.0,8.0,7.97,7.975,199.0,7.9816666666666665,7.954579926246593,7.9957114646806575,8.054347652461635,8.056557134851495,8.056057002358374,8.055141796913398,8.052638831282549,8.046623959138124,7.995372987658601,7.954579926246593,7.954579926246593,7.973694724592708,8.002158239700373,8.055402118770516,8.055141796913398,8.052638831282549,8.022631608298015,7.99419331911869,7.989274844720494,8.022631608298015,7.750505544586053,"rgba(239, 83, 80, 1.0)",0.0,0.0,0.08772397332253794,7.9055788612482445,0.7913588056084956,0.0,0.0,0.0,0.0,0.0,0.0,0.0,0.0,41.77833228286576,-3.6447890783342203,False,True,False,True,False,4.982820526285266,0,0.8858858858858861,0.8758758758758763,False,False,False,False,0.18953465804715292,0.1776081669538234,False,False,False,False,463.0,935.4400272754018,False,False,False,False,252.18797172512436,False,False,False,False
2025-11-03 17:00:00+00:00,7.95,7.97,7.93,7.955,1521.0,7.955137596899225,7.953349074074073,7.980741154562382,8.033139371718269,8.03677310681217,8.036608484403072,8.0361865189289,8.03509500418856,8.031072107964539,7.990280501506561,7.953349074074073,7.953349074074073,7.965520858746035,7.98590476190476,8.036214277027847,8.0361865189289,8.03509500418856,8.012339086488034,7.989310106195579,7.9853027567530015,8.012339086488034,7.7592606899972365,"rgba(239, 83, 80, 1.0)",0.0,0.0,0.08572021322274466,7.905634186723697,0.5758946626512187,0.0,0.0,0.0,0.0,0.0,0.0,0.0,0.0,41.955493303419814,-3.6447890783342203,False,True,False,True,False,3.9759891729430734,0,0.8767395626242548,0.8787276341948315,False,False,False,False,0.15736731455651606,0.16748774075516973,False,False,False,False,-1058.0,904.5339803408993,False,False,False,False,271.8594760394635,False,False,False,False
2025-11-04 17:00:00+00:00,7.955,7.985,7.955,7.985,109.0,7.956321304902496,7.953985350948144,7.980604639325188,8.032291360007138,8.03594926383621,8.035796768604698,8.035393683626564,8.034355936665538,8.030421633319142,7.990153966927497,7.953985350948144,7.953985350948144,7.965766397338403,7.98565887463798,8.035413466154584,8.035393683626564,8.034355936665538,8.011954983012458,7.989193310869834,7.985225361819433,8.011954983012458,7.759931490567476,"rgba(239, 83, 80, 1.0)",0.0,0.0,0.08418357247035625,7.905814724751039,0.9406262163184501,0.0,0.0,0.0,0.0,0.0,0.0,0.0,0.0,44.01477301523322,-3.6447890783342203,False,True,False,True,True,5.31857549981158,0,0.8840436075322105,0.8761149653121906,False,False,False,False,0.17570493189442177,0.17159633632479576,False,False,False,False,-949.0,875.7970194053815,False,False,False,False,269.3345229225726,False,False,False,False
2025-11-05 17:00:00+00:00,7.96,7.98,7.96,7.98,0.0,7.956321304902496,7.953985350948144,7.980604639325188,8.032291360007138,8.03594926383621,8.035796768604698,8.035393683626564,8.034355936665538,8.030421633319142,7.990153966927497,7.953985350948144,7.953985350948144,7.965766397338403,7.98565887463798,8.035413466154584,8.035393683626564,8.034355936665538,8.011954983012458,7.989193310869834,7.985225361819433,8.011954983012458,7.759931490567476,"rgba(239, 83, 80, 1.0)",0.0,0.0,0.08335028656380322,7.905814724751039,0.8900422338941064,0.0,0.0,0.0,0.0,0.0,0.0,0.0,0.0,45.08959185651447,-3.6447890783342203,False,True,False,True,True,5.061191379790451,0,0.8853754940711466,0.8754940711462454,False,False,False,False,0.17570493189442177,0.17365063410960876,False,False,False,False,-949.0,847.5055927479337,False,False,False,False,265.1587938850133,False,False,False,False
