date,Open,High,Low,Close,Volume,Gap_Up_aVWAP_440,Gap_Up_aVWAP_439,Gap_Up_aVWAP_437,Gap_Up_aVWAP_436,Gap_Up_aVWAP_433,Gap_Up_aVWAP_431,Gap_Up_aVWAP_430,Gap_Up_aVWAP_418,Gap_Up_aVWAP_415,Gap_Up_aVWAP_413,Gap_Down_aVWAP_435,Gap_Down_aVWAP_420,Gap_Down_aVWAP_417,Gap_Down_aVWAP_412,Gap_Down_aVWAP_409,Gap_Down_aVWAP_406,Gap_Down_aVWAP_405,Gap_Down_aVWAP_399,Gap_Down_aVWAP_392,Gap_Down_aVWAP_388,aVWAP_OB_bull_382,aVWAP_OB_bull_296,aVWAP_OB_bull_148,color,Liquidity,Liquidity_Level,StDev,StDev_Mean,StdDev_ZScore,FVG,FVG_High,FVG_Low,FVG_Mitigated_Index,QQEMOD,QQE1_Value,QQE1_Above_Upper,QQE1_Below_Lower,QQE2_Above_Threshold,QQE2_Below_Threshold,QQE2_Above_TL,banker_RSI,TTM_squeeze_Active,VI_plus,VI_minus,VI_Regular_Bullish,VI_Regular_Bearish,VI_Hidden_Bullish,VI_Hidden_Bearish,Fisher,Fisher_Signal,Fisher_Regular_Bullish,Fisher_Regular_Bearish,Fisher_Hidden_Bullish,Fisher_Hidden_Bearish,OBV,OBV_Smoothed,OBV_Regular_Bullish,OBV_Regular_Bearish,OBV_Hidden_Bullish,OBV_Hidden_Bearish,Volume_MA,Vol_Regular_Bullish,Vol_Regular_Bearish,Vol_Hidden_Bullish,Vol_Hidden_Bearish
2023-11-27 17:00:00+00:00,40.755,40.95,40.665,40.72,18702.0,,,,,,,,,,,,,,,,,,,,,,,,"rgba(38, 166, 154, 1.0)",0.0,0.0,,,,0.0,0.0,0.0,0.0,,,False,False,False,False,False,,0,,,False,False,False,False,,,False,False,False,False,0.0,0.0,False,False,False,False,18702.0,False,False,False,False
2023-11-28 17:00:00+00:00,40.79,40.94,40.665,40.68,17563.0,,,,,,,,,,,,,,,,,,,,,,,,"rgba(239, 83, 80, 1.0)",0.0,0.0,,,,0.0,0.0,0.0,0.0,0.0,,False,False,False,True,False,,0,,,False,False,False,False,,,False,False,False,False,-17563.0,-272.29457364341084,False,False,False,False,18684.341085271317,False,False,False,False
2023-11-29 17:00:00+00:00,39.965,40.08,39.86,39.98,18051.0,,,,,,,,,,,,,,,,,,,,,,,,"rgba(38, 166, 154, 1.0)",0.0,0.0,,,,0.0,0.0,0.0,0.0,0.0,-50.0,False,False,False,True,True,,0,,,False,False,False,False,,,False,False,False,False,-35614.0,-820.2279911063036,False,False,False,False,18674.521843639202,False,False,False,False
2023-11-30 17:00:00+00:00,39.82,40.195,39.78,40.075,26399.0,,,,,,,,,,,,,,,,,,,,,,,,"rgba(239, 83, 80, 1.0)",0.0,0.0,,,,0.0,0.0,0.0,0.0,4.228835215563658,-46.19404830599271,False,False,False,True,True,,0,,,False,False,False,False,,,False,False,False,False,-9215.0,-950.3794951201594,False,False,False,False,18794.28119490061,False,False,False,False
2023-12-01 17:00:00+00:00,40.47,40.665,40.415,40.63,8684.0,,,,,,,,,,,,,,,,,,,,,,,,"rgba(239, 83, 80, 1.0)",0.0,0.0,,,,0.0,0.0,0.0,0.0,20.281449620091475,-32.000425454851495,False,False,False,True,True,,0,,,False,False,False,False,,,False,False,False,False,-531.0,-943.8774874438777,False,False,False,False,18637.532649243236,False,False,False,False
2023-12-04 17:00:00+00:00,40.805,40.86,40.64,40.655,11732.0,,,,,,,,,,,,,,,,,,,,,,,,"rgba(239, 83, 80, 1.0)",0.0,0.0,,,,0.0,0.0,0.0,0.0,31.340650171009123,-23.145624550195315,False,False,False,True,True,,0,,,False,False,False,False,,,False,False,False,False,11201.0,-755.5848132199417,False,False,False,False,18530.470127549543,False,False,False,False
2023-12-05 17:00:00+00:00,40.7,40.775,40.38,40.5,9755.0,,,,,,,,,,,,,,,,,,,,,,,,"rgba(239, 83, 80, 1.0)",0.0,0.0,,,,0.0,0.0,0.0,0.0,36.29413437365962,-19.918853552569033,False,False,False,True,True,,0,,,False,False,False,False,,,False,False,False,False,1446.0,-721.4517153405627,False,False,False,False,18394.416327122417,False,False,False,False
2023-12-06 17:00:00+00:00,40.88,41.19,40.855,40.955,16539.0,,,,,,,,,,,,,,,,,,,,,,,,"rgba(239, 83, 80, 1.0)",0.0,0.0,,,,0.0,0.0,0.0,0.0,45.147838663967946,-12.807096625457888,False,False,False,False,True,,0,,,False,False,False,False,,,False,False,False,False,17985.0,-431.4292081259803,False,False,False,False,18365.65018251587,False,False,False,False
2023-12-07 17:00:00+00:00,40.97,41.14,40.825,40.84,17408.0,,,,,,,,,,,,,,,,,,,,,,,,"rgba(239, 83, 80, 1.0)",0.0,0.0,,,,0.0,0.0,0.0,0.0,49.355303924970485,-9.817026791424766,False,False,True,False,True,,0,,,False,False,False,False,,,False,False,False,False,577.0,-415.79464675968603,False,False,False,False,18350.80289286446,False,False,False,False
2023-12-08 17:00:00+00:00,40.63,40.725,40.51,40.72,10735.0,,,,,,,,,,,,,,,,,,,,,,,,"rgba(239, 83, 80, 1.0)",0.0,0.0,,,,0.0,0.0,0.0,0.0,50.490086093334476,-9.207962684501794,False,False,True,False,True,,0,,,False,False,False,False,,,False,False,False,False,-10158.0,-566.8365902207761,False,False,False,False,18232.7284294092,False,False,False,False
2023-12-11 17:00:00+00:00,40.595,40.73,40.45,40.73,8794.0,,,,,,,,,,,,,,,,,,,,,,,,"rgba(239, 83, 80, 1.0)",0.0,0.0,,,,0.0,0.0,0.0,0.0,51.37361530591515,-8.361324001387985,False,False,True,False,True,,0,,,False,False,False,False,,,False,False,False,False,-1364.0,-579.1957128530121,False,False,False,False,18086.391554534635,False,False,False,False
2023-12-12 17:00:00+00:00,39.645,39.925,39.47,39.815,37125.0,,,,,,,,,,,,,,,,,,,,,,,,"rgba(239, 83, 80, 1.0)",0.0,0.0,,39.736666666666665,,0.0,0.0,0.0,0.0,43.9272625581127,-8.361324001387985,False,False,False,True,False,,0,,,False,False,False,False,,,False,False,False,False,-38489.0,-1166.9446165297095,False,False,False,False,18381.563778495336,False,False,False,False
2023-12-13 17:00:00+00:00,40.21,41.325,40.055,41.325,17002.0,,,,,,,,,,,,,,,,,,,,,,,,"rgba(38, 166, 154, 1.0)",0.0,0.0,,40.10260843325266,,0.0,0.0,0.0,0.0,49.777379482088364,-8.361324001387985,False,False,False,False,True,,0,,,False,False,False,False,,,False,False,False,False,-21487.0,-1481.984234878086,False,False,False,False,18360.17519278223,False,False,False,False
2023-12-14 17:00:00+00:00,41.505,41.58,41.25,41.43,35904.0,,,,,,,,,,,,,,,,,,,,,,,,"rgba(38, 166, 154, 1.0)",0.0,0.0,,41.02398944067414,,0.0,0.0,0.0,0.0,54.12083228227489,-6.6994247963095575,False,False,True,False,True,,0,,,False,False,False,False,,,False,False,False,False,14417.0,-1235.4883552675728,False,False,False,False,18632.172476615062,False,False,False,False
2023-12-15 17:00:00+00:00,41.17,41.215,40.865,41.035,34508.0,,,,,,,,,,,,,,,,,,,,,,,,"rgba(38, 166, 154, 1.0)",0.0,0.0,,40.98731623552017,,0.0,0.0,0.0,0.0,54.347167077726155,-6.244383549273358,False,False,True,False,True,,0,,,False,False,False,False,,,False,False,False,False,-20091.0,-1527.8218691393936,False,False,False,False,18878.309337442734,False,False,False,False
2023-12-18 17:00:00+00:00,40.45,40.635,40.435,40.53,12284.0,,,,,,,,,,,,,,,,,,,,,,,,"rgba(239, 83, 80, 1.0)",0.0,0.0,,40.926001462571136,,0.0,0.0,0.0,0.0,51.66740752847181,-6.244383549273358,False,False,False,False,True,,0,,,False,False,False,False,,,False,False,False,False,-32375.0,-2006.0726928736665,False,False,False,False,18776.07198337385,False,False,False,False
2023-12-19 17:00:00+00:00,40.79,40.875,40.675,40.86,10717.0,,,,,,,,,,,,,,,,,,,,,,,,"rgba(239, 83, 80, 1.0)",0.0,0.0,,40.91023703615005,,0.0,0.0,0.0,0.0,51.711267671101,-6.244383549273358,False,False,False,False,True,,0,,,False,False,False,False,,,False,False,False,False,-21658.0,-2310.753736395005,False,False,False,False,18651.125130918444,False,False,False,False
2023-12-20 17:00:00+00:00,40.6,40.7,40.05,40.095,16788.0,,,,,,,,,,,,,,,,,,,,,,,,"rgba(239, 83, 80, 1.0)",0.0,0.0,,40.825699275984775,,0.0,0.0,0.0,0.0,48.10496163945393,-6.244383549273358,False,False,False,True,False,,0,,,False,False,False,False,,,False,False,False,False,-38446.0,-2870.9901125749275,False,False,False,False,18622.239469973974,False,False,False,False
2023-12-21 17:00:00+00:00,40.325,40.405,40.195,40.39,16504.0,,,,,,,,,,,,,,,,,,,,,,,,"rgba(239, 83, 80, 1.0)",0.0,0.0,,40.768015823037615,,0.0,0.0,0.0,0.0,47.34984356802178,-6.244383549273358,False,False,False,True,False,,0,,,False,False,False,False,,,False,False,False,False,-21942.0,-3166.6646844729903,False,False,False,False,18589.398547958874,False,False,False,False
2023-12-22 17:00:00+00:00,40.83,40.865,40.6,40.685,6787.0,,,,,,,,,,,,,,,,,,,,,,,,"rgba(239, 83, 80, 1.0)",0.0,0.0,,40.76492283147246,,0.0,0.0,0.0,0.0,48.4000790246844,-6.244383549273358,False,False,False,False,False,,0,,,False,False,False,False,,,False,False,False,False,-15155.0,-3352.5303482796107,False,False,False,False,18406.415624734705,False,False,False,False
2023-12-25 17:00:00+00:00,40.685,40.685,40.685,40.685,0.0,,,,,,,,,,,,,,,,,,,,,,,,"rgba(239, 83, 80, 1.0)",0.0,0.0,,40.76492283147246,,0.0,0.0,0.0,0.0,49.100235995792815,-6.244383549273358,False,False,False,False,False,,0,,,False,False,False,False,,,False,False,False,False,-15155.0,-3535.5143738876786,False,False,False,False,18121.044839855098,False,False,False,False
2023-12-26 17:00:00+00:00,40.925,41.045,40.89,40.96,4138.0,,,,,,,,,,,,,,,,,,,,,,,,"rgba(239, 83, 80, 1.0)",0.0,0.0,,40.76961564319043,,0.0,0.0,0.0,0.0,51.08786728720414,-5.880455048926841,False,False,False,False,False,,0,,,False,False,False,False,,,False,False,False,False,-11017.0,-3651.506399098722,False,False,False,False,17904.25344698913,False,False,False,False
2023-12-27 17:00:00+00:00,41.23,41.23,40.97,41.045,10232.0,,,,,,,,,,,,,,,,,,,,,,,,"rgba(239, 83, 80, 1.0)",0.0,0.0,,40.787299974123414,,0.0,0.0,0.0,0.0,52.878143397185084,-3.664281163096497,False,False,True,False,True,,0,,,False,False,False,False,,,False,False,False,False,-785.0,-3607.0644394227725,False,False,False,False,17785.303781144336,False,False,False,False
2023-12-28 17:00:00+00:00,40.97,41.045,40.81,41.035,5709.0,,,,,,,,,,,,,,,,,,,,,,,,"rgba(239, 83, 80, 1.0)",0.0,0.0,,40.792478178678174,,0.0,0.0,0.0,0.0,53.994622056846744,-2.1251788104461227,False,False,True,False,True,,0,,,False,False,False,False,,,False,False,False,False,-6494.0,-3651.8231302844347,False,False,False,False,17598.0742651576,False,False,False,False
2023-12-29 17:00:00+00:00,40.965,41.185,40.895,41.125,4797.0,,,,,,,,,,,,,,,,,,,,,,,,"rgba(239, 83, 80, 1.0)",0.0,0.0,,40.79937096235688,,0.0,0.0,0.0,0.0,55.31962097961175,-0.4174085817531292,False,False,True,False,True,,0,,,False,False,False,False,,,False,False,False,False,-1697.0,-3621.5157949311874,False,False,False,False,17399.607997480736,False,False,False,False
2024-01-01 17:00:00+00:00,41.125,41.125,41.125,41.125,0.0,,,,,,,,,,,,,,,,,,,,,,,,"rgba(239, 83, 80, 1.0)",0.0,0.0,,40.79937096235688,,0.0,0.0,0.0,0.0,56.20295359478842,0.8520455901543826,False,False,True,False,True,,0,,,False,False,False,False,,,False,False,False,False,-1697.0,-3591.6783407462076,False,False,False,False,17129.84663317871,False,False,False,False
2024-01-02 17:00:00+00:00,41.115,41.255,40.97,41.035,9511.0,,,,,,,,,,,,,,,,,,,,,,,,"rgba(239, 83, 80, 1.0)",0.0,0.0,,40.81296089867443,,0.0,0.0,0.0,0.0,55.86522598958594,0.9416993409247567,False,False,True,False,True,,0,,,False,False,False,False,,,False,False,False,False,-11208.0,-3709.760847091228,False,False,False,False,17011.72497995113,False,False,False,False
2024-01-03 17:00:00+00:00,41.24,41.34,41.095,41.205,11947.0,,,,,,,,,,,,,,,,,,,,,,,,"rgba(239, 83, 80, 1.0)",0.0,0.0,,40.83572532894255,,0.0,0.0,0.0,0.0,57.021389413061925,2.4527115558222192,False,False,True,False,True,,0,,,False,False,False,False,,,False,False,False,False,739.0,-3640.787810702216,False,False,False,False,16933.20211204491,False,False,False,False
2024-01-04 17:00:00+00:00,41.58,41.595,41.315,41.415,9390.0,,,,,,,,,,,,,,,,,,,,,,,,"rgba(239, 83, 80, 1.0)",0.0,0.0,,40.86192209390207,,0.0,0.0,0.0,0.0,59.33587241576579,4.94559659905503,False,False,True,False,True,,0,,,False,False,False,False,,,False,False,False,False,10129.0,-3427.3027283657475,False,False,False,False,16816.253242090723,False,False,False,False
2024-01-05 17:00:00+00:00,41.74,41.74,41.375,41.62,15998.0,,,,,,,,,,,,,,,,,,,,,,,,"rgba(239, 83, 80, 1.0)",0.0,0.0,,40.91117066642792,,0.0,0.0,0.0,0.0,62.21412190101189,7.825809474383476,False,False,True,False,True,,0,,,False,False,False,False,,,False,False,False,False,26127.0,-2969.0964845151157,False,False,False,False,16803.567145314122,False,False,False,False
2024-01-08 17:00:00+00:00,41.935,42.045,41.745,42.0,16456.0,,,,,,,,,,,,,,,,,,,,,,,,"rgba(239, 83, 80, 1.0)",0.0,0.0,,41.29579787895811,,0.0,0.0,0.0,0.0,66.14216159313258,11.537834264009938,False,False,True,False,True,,0,,,False,False,False,False,,,False,False,False,False,42583.0,-2262.8624304916257,False,False,False,False,16798.178507402274,False,False,False,False
2024-01-09 17:00:00+00:00,41.845,41.93,41.71,41.73,7734.0,,,,,,,,,,,,,,,,,,,,,,,,"rgba(239, 83, 80, 1.0)",0.0,0.0,,41.297167198355204,,0.0,0.0,0.0,0.0,65.53555140765224,11.537834264009938,False,False,True,False,True,,0,,,False,False,False,False,,,False,False,False,False,34849.0,-1687.48471839098,False,False,False,False,16657.648608062704,False,False,False,False
2024-01-10 17:00:00+00:00,41.79,41.835,41.695,41.76,15741.0,,,,,,,,,,,,,,,,,,,,,,,,"rgba(239, 83, 80, 1.0)",0.0,0.0,,41.31038007309518,,0.0,0.0,0.0,0.0,65.32240039708357,11.537834264009938,False,False,True,False,True,,0,,,False,False,False,False,,,False,False,False,False,50590.0,-876.9810793461587,False,False,False,False,16643.43700173615,False,False,False,False
2024-01-11 17:00:00+00:00,40.815,41.23,40.8,41.015,16995.0,,,,,,,,,,,,,,,,,,,,,,,,"rgba(239, 83, 80, 1.0)",0.0,0.0,,41.2269492319025,,0.0,0.0,0.0,0.0,58.47421731858211,13.346913003937658,False,False,True,False,False,,0,,,False,False,False,False,,,False,False,False,False,33595.0,-342.5317602865283,False,False,False,False,16648.88759085652,False,False,False,False
2024-01-12 17:00:00+00:00,41.04,41.22,40.975,41.075,10155.0,,,,,,,,,,,,,,,,,,,,,,,,"rgba(239, 83, 80, 1.0)",0.0,0.0,,41.202485884384686,,0.0,0.0,0.0,0.0,54.4116610334166,9.756598220721727,False,False,True,False,False,,0,,,False,False,False,False,,,False,False,False,False,43750.0,341.0733832838055,False,False,False,False,16548.2071630913,False,False,False,False
2024-01-15 17:00:00+00:00,41.075,41.075,41.075,41.075,0.0,,,,,,,,,,,,,,,,,,,,,,,,"rgba(239, 83, 80, 1.0)",0.0,0.0,,41.202485884384686,,0.0,0.0,0.0,0.0,51.70329017663959,7.407501523377952,False,False,False,False,False,,0,,,False,False,False,False,,,False,False,False,False,43750.0,1014.0799974964598,False,False,False,False,16291.645811725544,False,False,False,False
2024-01-16 17:00:00+00:00,40.94,41.015,40.785,41.0,22626.0,,,,,,,,,,,,,,,,,,,,,,,,"rgba(239, 83, 80, 1.0)",0.0,0.0,,41.14787176718389,,0.0,0.0,0.0,0.0,49.258474355626454,5.208934292633863,False,False,False,True,False,,0,,,False,False,False,False,,,False,False,False,False,21124.0,1325.861702961631,False,False,False,False,16389.852853404216,False,False,False,False
2024-01-17 17:00:00+00:00,40.435,40.445,40.09,40.365,28689.0,,,,,,,,,,,,,,,,,,,,,,,,"rgba(239, 83, 80, 1.0)",0.0,0.0,,41.02074730806402,,0.0,0.0,0.0,0.0,43.443655388183586,-0.10482207777282326,False,False,False,True,False,,0,,,False,False,False,False,,,False,False,False,False,-7565.0,1188.0188858614506,False,False,False,False,16580.53730528942,False,False,False,False
2024-01-18 17:00:00+00:00,39.89,39.96,39.775,39.905,17254.0,,,,,,,,,,,,,,,,,,,,,,,,"rgba(239, 83, 80, 1.0)",0.0,0.0,,40.93399014982136,,0.0,0.0,0.0,0.0,37.579881421566526,-5.3195994869867675,False,False,False,True,False,,0,,,False,False,False,False,,,False,False,False,False,-24819.0,784.8092907318157,False,False,False,False,16590.978587377955,False,False,False,False
2024-01-19 17:00:00+00:00,40.14,40.645,40.105,40.48,26242.0,,,,,,,,,,,,,,,,,,,,,,,,"rgba(239, 83, 80, 1.0)",0.0,0.0,,40.88150914596705,,0.0,0.0,0.0,0.0,38.825444067183255,-5.3195994869867675,False,False,False,True,False,,0,,,False,False,False,False,,,False,False,False,False,1423.0,794.7037203328729,False,False,False,False,16740.606826333336,False,False,False,False
2024-01-22 17:00:00+00:00,40.24,40.275,40.075,40.18,23840.0,,,,,,,,,,,,,,,,,,,,,,,,"rgba(239, 83, 80, 1.0)",0.0,0.0,,40.824689469837445,,0.0,0.0,0.0,0.0,38.15376290756979,-5.3195994869867675,False,False,False,True,False,,0,,,False,False,False,False,,,False,False,False,False,-22417.0,434.832344823836,False,False,False,False,16850.674937552973,False,False,False,False
2024-01-23 17:00:00+00:00,39.83,39.895,39.725,39.785,14464.0,,,,,,,,,,,,,,,,,,,,,,,,"rgba(239, 83, 80, 1.0)",0.0,0.0,,40.77770016531531,,0.0,0.0,0.0,0.0,35.99941255568674,-6.824303186178298,False,True,False,True,False,,0,,,False,False,False,False,,,False,False,False,False,-36881.0,-143.70769153002198,False,False,False,False,16813.67222534285,False,False,False,False
2024-01-24 17:00:00+00:00,39.68,39.745,39.365,39.435,16054.0,,,,,,,,,,,,,,,,,,,,,,,,"rgba(239, 83, 80, 1.0)",0.0,0.0,,40.717058204652915,,0.0,0.0,0.0,0.0,33.27694546990969,-9.636334269281981,False,True,False,True,False,,0,,,False,False,False,False,,,False,False,False,False,-52935.0,-962.1773397233549,False,False,False,False,16801.894361384046,False,False,False,False
2024-01-25 17:00:00+00:00,39.675,39.845,39.565,39.805,23101.0,,,,,,,,,,,,,,,,,,,,,,,,"rgba(239, 83, 80, 1.0)",0.0,0.0,,40.65499422666204,,0.0,0.0,0.0,0.0,34.50485305555224,-9.636334269281981,False,True,False,True,False,,0,,,False,False,False,False,,,False,False,False,False,-29834.0,-1409.802497247024,False,False,False,False,16899.55491392073,False,False,False,False
2024-01-26 17:00:00+00:00,39.765,39.785,39.625,39.72,8289.0,,,,,,,,,,,,,,,,,,,,,,,,"rgba(239, 83, 80, 1.0)",0.0,0.0,,40.6341677173844,,0.0,0.0,0.0,0.0,34.93344423974638,-9.636334269281981,False,True,False,True,False,,0,,,False,False,False,False,,,False,False,False,False,-38123.0,-1978.9993577548219,False,False,False,False,16766.057938511105,False,False,False,False
2024-01-29 17:00:00+00:00,39.75,40.225,39.73,40.155,12965.0,,,,,,,,,,,,,,,,,,,,,,,,"rgba(239, 83, 80, 1.0)",0.0,0.0,,40.614718684597186,,0.0,0.0,0.0,0.0,38.51868293364827,-9.636334269281981,False,True,False,True,True,,0,,,False,False,False,False,,,False,False,False,False,-25158.0,-2338.363708797383,False,False,False,False,16707.126807681474,False,False,False,False
2024-01-30 17:00:00+00:00,40.07,40.38,40.06,40.32,6706.0,,,,,,,,,,,,,,,,,,,,,,,,"rgba(239, 83, 80, 1.0)",0.0,0.0,,40.60895108343511,,0.0,0.0,0.0,0.0,42.026260287031484,-14.339404411548806,False,True,False,True,True,,0,,,False,False,False,False,,,False,False,False,False,-18452.0,-2588.1875272656407,False,False,False,False,16552.070578105016,False,False,False,False
2024-01-31 17:00:00+00:00,40.52,40.58,40.045,40.115,11695.0,,,,,,,,,,,,,,,,,,,,,,,,"rgba(239, 83, 80, 1.0)",0.0,0.0,,40.59916186812049,,0.0,0.0,0.0,0.0,43.06634286030311,-13.153454218404462,False,True,False,True,True,,0,,,False,False,False,False,,,False,False,False,False,-30147.0,-3015.455937695631,False,False,False,False,16476.767158289433,False,False,False,False
2024-02-01 17:00:00+00:00,40.4,40.565,40.345,40.43,15223.0,,,,,,,,,,,,,,,,,,,,,,,,"rgba(239, 83, 80, 1.0)",0.0,0.0,,40.59455826374418,,0.0,0.0,0.0,0.0,45.9669967991897,-10.200718513539684,False,False,False,True,True,,0,,,False,False,False,False,,,False,False,False,False,-14924.0,-3200.084527808877,False,False,False,False,16457.328907773317,False,False,False,False
2024-02-02 17:00:00+00:00,39.485,40.1,39.305,40.03,33399.0,,,,,,,,,,,,,,,,,,,,,,,,"rgba(239, 83, 80, 1.0)",0.0,0.0,,40.53850227885735,,0.0,0.0,0.0,0.0,45.36259811874244,-10.200718513539684,False,False,False,True,True,0.0,0,,,False,False,False,False,,,False,False,False,False,-48323.0,-3899.6646126490496,False,False,False,False,16719.99047509466,False,False,False,False
2024-02-05 17:00:00+00:00,39.42,39.53,39.315,39.45,30232.0,,,,,,,,,,,,,,,,,,,,,,,,"rgba(239, 83, 80, 1.0)",0.0,0.0,,40.47095423060378,,0.0,0.0,0.0,0.0,42.1116312853284,-10.200718513539684,False,True,False,True,False,0.0,0,,,False,False,False,False,,,False,False,False,False,-78555.0,-5057.111672918057,False,False,False,False,16929.47899486063,False,False,False,False
2024-02-06 17:00:00+00:00,39.365,39.705,39.365,39.675,14118.0,,,,,,,,,,,,,,,,,,,,,,,,"rgba(239, 83, 80, 1.0)",0.0,0.0,,40.44655409788778,,0.0,0.0,0.0,0.0,41.615774960932235,-10.200718513539684,False,True,False,True,False,0.0,0,,,False,False,False,False,,,False,False,False,False,-64437.0,-5977.730096593746,False,False,False,False,16885.890173234882,False,False,False,False
2024-02-07 17:00:00+00:00,39.625,39.685,39.175,39.34,16482.0,,,,,,,,,,,,,,,,,,,,,,,,"rgba(239, 83, 80, 1.0)",0.0,0.0,,40.41400575331793,,0.0,0.0,0.0,0.0,39.72268653142713,-4.7816325984816785,False,True,False,True,False,0.0,0,,,False,False,False,False,,,False,False,False,False,-80919.0,-7139.610250134928,False,False,False,False,16879.628310083954,False,False,False,False
2024-02-08 17:00:00+00:00,38.99,39.115,38.87,38.95,18153.0,,,,,,,,,,,,,,,,,,,,,,,,"rgba(239, 83, 80, 1.0)",0.0,0.0,,40.36625851642703,,0.0,0.0,0.0,0.0,36.88799438077591,-7.667049688867884,False,True,False,True,False,0.0,0,,,False,False,False,False,,,False,False,False,False,-99072.0,-8564.91861834989,False,False,False,False,16899.370506826835,False,False,False,False
2024-02-09 17:00:00+00:00,38.58,39.075,38.575,39.06,12191.0,,,,,,,,,,,,,,,,,,,,,,,,"rgba(239, 83, 80, 1.0)",0.0,0.0,,40.33435433509639,,0.0,0.0,0.0,0.0,35.91509152275476,-8.792924459731559,False,True,False,True,False,0.0,0,,,False,False,False,False,,,False,False,False,False,-86881.0,-9779.121430468496,False,False,False,False,16826.372514472932,False,False,False,False
2024-02-12 17:00:00+00:00,39.445,39.58,39.345,39.45,9940.0,,,,,,,,,,,,,,,,,,,,,,,,"rgba(239, 83, 80, 1.0)",0.0,0.0,,40.319261534387856,,0.0,0.0,0.0,0.0,38.29439603567913,-8.792924459731559,False,True,False,True,False,0.0,0,,,False,False,False,False,,,False,False,False,False,-76941.0,-10820.390865655032,False,False,False,False,16719.607049132264,False,False,False,False
2024-02-13 17:00:00+00:00,38.605,38.64,38.24,38.485,9721.0,,,,,,,,,,,,,,,,,,,,,,,,"rgba(239, 83, 80, 1.0)",0.0,0.0,,39.82966919639448,,0.0,0.0,0.0,0.0,35.906751475502915,-8.888820905470048,False,True,False,True,False,0.0,0,,,False,False,False,False,,,False,False,False,False,-86662.0,-11996.229766962704,False,False,False,False,16611.101513486803,False,False,False,False
2024-02-14 17:00:00+00:00,38.51,38.855,38.445,38.85,13129.0,,,,,,,,,,,,,,,,,,,,,,,,"rgba(239, 83, 80, 1.0)",0.0,0.0,,39.8411791147269,,0.0,0.0,0.0,0.0,36.73474589347179,-8.888820905470048,False,True,False,True,False,0.0,0,,,False,False,False,False,,,False,False,False,False,-73533.0,-12950.288220188088,False,False,False,False,16557.115443510265,False,False,False,False
2024-02-15 17:00:00+00:00,38.82,39.125,38.75,39.125,32875.0,,,,,,,,,,,,,,,,,,,,,,,,"rgba(239, 83, 80, 1.0)",0.0,0.0,,39.850379136259,,0.0,0.0,0.0,0.0,38.9710612893205,-8.888820905470048,False,True,False,True,True,0.0,0,,,False,False,False,False,,,False,False,False,False,-40658.0,-13379.865147006876,False,False,False,False,16810.105901750416,False,False,False,False
2024-02-16 17:00:00+00:00,39.285,39.365,39.19,39.26,49064.0,,,,,,,,,,,,,,,,,,,,,,,,"rgba(239, 83, 80, 1.0)",0.0,0.0,,39.852035125000924,,0.0,0.0,0.0,0.0,41.278847811988875,-13.712638702151594,False,True,False,True,True,0.0,0,,,False,False,False,False,,,False,False,False,False,8406.0,-13042.09979589049,False,False,False,False,17310.16627536669,False,False,False,False
2024-02-19 17:00:00+00:00,39.26,39.26,39.26,39.26,0.0,,,,,,,,,,,,,,,,,,,,,,,,"rgba(239, 83, 80, 1.0)",0.0,0.0,,39.852035125000924,,0.0,0.0,0.0,0.0,42.81737216043446,-12.120944714895863,False,True,False,True,True,0.0,0,,,False,False,False,False,,,False,False,False,False,8406.0,-12709.571116884435,False,False,False,False,17041.79160443077,False,False,False,False
2024-02-20 17:00:00+00:00,39.64,39.78,39.555,39.65,31686.0,,,,,,,,,,,,,,,,,,,,,,,,"rgba(239, 83, 80, 1.0)",0.0,0.0,,39.87323450105992,,0.0,0.0,0.0,0.0,46.30965860334376,-8.746325672425783,False,False,False,True,True,0.0,0,,,False,False,False,False,,,False,False,False,False,40092.0,-11890.942107320334,False,False,False,False,17268.83359505975,False,False,False,False
2024-02-21 17:00:00+00:00,39.855,39.925,39.665,39.81,12669.0,,,,,,,,,,,,,,,,,,,,,,,,"rgba(239, 83, 80, 1.0)",0.0,0.0,,39.88256396567829,,0.0,0.0,0.0,0.0,49.56223326274395,-5.692076244215933,True,False,False,False,True,0.0,0,,,False,False,False,False,,,False,False,False,False,52761.0,-10888.586415733971,False,False,False,False,17197.518345523942,False,False,False,False
2024-02-22 17:00:00+00:00,39.65,39.935,39.64,39.91,23412.0,,,,,,,,,,,,,,,,,,,,,,,,"rgba(239, 83, 80, 1.0)",0.0,0.0,,39.88303646355594,,0.0,0.0,0.0,0.0,52.317482036003724,-3.1291081159655576,True,False,True,False,True,0.0,0,,,False,False,False,False,,,False,False,False,False,76173.0,-9538.794378280732,False,False,False,False,17293.866898306514,False,False,False,False
2024-02-23 17:00:00+00:00,39.56,39.57,39.225,39.385,33854.0,,,,,,,,,,,,,,,,,,,,,,,,"rgba(239, 83, 80, 1.0)",0.0,0.0,,39.81630770815373,,0.0,0.0,0.0,0.0,50.46505081857413,-3.1291081159655576,True,False,False,False,True,0.0,0,,,False,False,False,False,,,False,False,False,False,42319.0,-8734.797566214365,False,False,False,False,17550.613147945172,False,False,False,False
2024-02-26 17:00:00+00:00,38.625,38.76,38.485,38.59,28273.0,,,,,,,,,,,,,,,,,,,,,,,,"rgba(239, 83, 80, 1.0)",0.0,0.0,,39.70532190784529,,0.0,0.0,0.0,0.0,45.39762803752848,1.27779946707588,False,False,False,True,False,0.0,0,,,False,False,False,False,,,False,False,False,False,14046.0,-8381.606906273057,False,False,False,False,17716.85170379098,False,False,False,False
2024-02-27 17:00:00+00:00,38.58,38.705,38.5,38.695,29380.0,,,,,,,,,,,,,,,,,,,,,,,,"rgba(239, 83, 80, 1.0)",0.0,0.0,,39.63122930315201,,0.0,0.0,0.0,0.0,42.77993071531939,-1.0937240046651269,False,True,False,True,False,0.0,0,,,False,False,False,False,,,False,False,False,False,43426.0,-7578.388194547892,False,False,False,False,17897.67570838337,False,False,False,False
2024-02-28 17:00:00+00:00,38.67,38.735,38.62,38.625,11169.0,,,,,,,,,,,,,,,,,,,,,,,,"rgba(239, 83, 80, 1.0)",0.0,0.0,,39.609133001981334,,0.0,0.0,0.0,0.0,40.71249189920277,-3.041921486071139,False,True,False,True,False,0.0,0,,,False,False,False,False,,,False,False,False,False,32257.0,-6960.785276802964,False,False,False,False,17793.355154765024,False,False,False,False
2024-02-29 17:00:00+00:00,38.63,38.76,38.525,38.58,45458.0,,,,,,,,,,,,,,,,,,,,,,,,"rgba(239, 83, 80, 1.0)",0.0,0.0,,39.53092993523835,,0.0,0.0,0.0,0.0,39.11125775312151,-4.656541227918524,False,True,False,True,False,0.0,0,,,False,False,False,False,,,False,False,False,False,-13201.0,-7057.532791891291,False,False,False,False,18222.264377171767,False,False,False,False
2024-03-01 17:00:00+00:00,38.55,38.655,38.48,38.55,14704.0,,,,,,,,,,,,,,,,,,,,,,,,"rgba(239, 83, 80, 1.0)",0.0,0.0,,39.350049214060235,,0.0,0.0,0.0,0.0,37.88184015341356,-6.020871889704388,False,True,False,True,False,0.0,0,,,False,False,False,False,,,False,False,False,False,-27905.0,-7380.749337753441,False,False,False,False,18167.717642641972,False,False,False,False
2024-03-04 17:00:00+00:00,38.7,39.065,38.695,39.0,7865.0,,,,,,,,,,,,,,,,,,,,,,,,"rgba(239, 83, 80, 1.0)",0.0,0.0,,39.366435136740016,,0.0,0.0,0.0,0.0,41.06298729525627,-6.020871889704388,False,True,False,True,True,0.0,0,,,False,False,False,False,,,False,False,False,False,-20040.0,-7577.016789881295,False,False,False,False,18007.985586166902,False,False,False,False
2024-03-05 17:00:00+00:00,39.14,39.145,38.82,39.015,8656.0,,,,,,,,,,,,,,,,,,,,,,,,"rgba(239, 83, 80, 1.0)",0.0,0.0,,39.377004633756684,,0.0,0.0,0.0,0.0,43.30505081192207,-6.020871889704388,False,False,False,True,True,0.0,0,,,False,False,False,False,,,False,False,False,False,-11384.0,-7636.039785387011,False,False,False,False,17862.993561575164,False,False,False,False
2024-03-06 17:00:00+00:00,39.465,39.495,39.275,39.445,14046.0,,,,,,,,,,,,,,,,,,,,,,,,"rgba(239, 83, 80, 1.0)",0.0,0.0,,39.41415852694611,,0.0,0.0,0.0,0.0,47.975650667791925,-8.29003685529181,True,False,False,False,True,0.0,0,,,False,False,False,False,,,False,False,False,False,2662.0,-7476.380253830624,False,False,False,False,17803.815366822062,False,False,False,False
2024-03-07 17:00:00+00:00,39.975,40.295,39.915,40.265,20691.0,,,,,,,,,,,,,,,,,,,,,,,,"rgba(38, 166, 154, 1.0)",0.0,0.0,,39.60038683612823,,0.0,0.0,0.0,0.0,55.09231697739552,-1.767195976476458,True,False,True,False,True,1.0826718686420769,0,,,False,False,False,False,,,False,False,False,False,23353.0,-6998.405366174335,False,False,False,False,17848.577919274434,False,False,False,False
2024-03-08 17:00:00+00:00,40.1,40.22,40.025,40.065,9865.0,,,,,,,,,,,,,,,,,,,,,,,,"rgba(38, 166, 154, 1.0)",0.0,0.0,0.8888840153770291,39.622688814295984,0.49760281212437296,0.0,0.0,0.0,0.0,58.18065364688967,0.9066392685186813,True,False,True,False,True,0.0,0,,,False,False,False,False,,,False,False,False,False,13488.0,-6680.786678326671,False,False,False,False,17724.801517425214,False,False,False,False
2024-03-11 17:00:00+00:00,39.93,40.07,39.89,40.06,8641.0,,,,,,,,,,,,,,,,,,,,,,,,"rgba(38, 166, 154, 1.0)",0.0,0.0,0.8869004534976921,39.6344307002583,0.47983885684506566,0.0,0.0,0.0,0.0,60.19639179659451,2.746483266708509,True,False,True,False,True,0.0,0,,,False,False,False,False,,,False,False,False,False,4847.0,-6502.061303468893,False,False,False,False,17583.967385372107,False,False,False,False
2024-03-12 17:00:00+00:00,39.675,39.755,39.565,39.73,15516.0,,,,,,,,,,,,,,,,,,,,,,,,"rgba(38, 166, 154, 1.0)",0.0,0.0,0.8865645711050809,39.627484218745465,0.11563261672722637,0.0,0.0,0.0,0.0,58.758089740036226,2.746483266708509,True,False,True,False,True,0.0,0,,,False,False,False,False,,,False,False,False,False,-10669.0,-6566.665004190306,False,False,False,False,17551.905875521377,False,False,False,False
2024-03-13 17:00:00+00:00,39.75,39.825,39.555,39.745,12724.0,,,,,,,,,,,,,,,,,,,,,,,,"rgba(38, 166, 154, 1.0)",0.0,0.0,0.8876793055769334,39.62787811033799,0.13194166961669498,0.0,0.0,0.0,0.0,57.896301270927566,2.746483266708509,True,False,True,False,True,0.0,0,,,False,False,False,False,,,False,False,False,False,2055.0,-6432.995779319139,False,False,False,False,17477.054621637326,False,False,False,False
2024-03-14 17:00:00+00:00,39.135,39.395,39.09,39.39,8880.0,,,,,,,,,,,,,,,,,,,,,,,,"rgba(38, 166, 154, 1.0)",0.0,0.0,0.8922067388586917,39.61320491371703,-0.2501717415882215,0.0,0.0,0.0,0.0,54.52277038394882,2.746483266708509,True,False,True,False,False,0.0,0,,,False,False,False,False,,,False,False,False,False,-6825.0,-6439.073364135897,False,False,False,False,17343.76695308481,False,False,False,False
2024-03-15 17:00:00+00:00,39.485,39.87,39.475,39.71,10791.0,,,,,,,,,,,,,,,,,,,,,,,,"rgba(38, 166, 154, 1.0)",0.0,0.0,0.8920265014444784,39.615445183278894,0.10600000848404448,0.0,0.0,0.0,0.0,54.565285549823784,2.746483266708509,True,False,True,False,False,0.0,0,,,False,False,False,False,,,False,False,False,False,3966.0,-6277.754397250069,False,False,False,False,17242.173666990475,False,False,False,False
2024-03-18 17:00:00+00:00,39.625,39.71,39.47,39.565,6655.0,,,,,,,,,,,,,,,,,,,,,,,,"rgba(38, 166, 154, 1.0)",0.0,0.0,0.8925822545183594,39.61435417508358,-0.05529369963803567,0.0,0.0,0.0,0.0,53.44808778618929,2.746483266708509,True,False,True,False,False,0.0,0,,,False,False,False,False,,,False,False,False,False,-2689.0,-6222.114794191928,False,False,False,False,17078.031439595274,False,False,False,False
2024-03-19 17:00:00+00:00,39.48,39.56,39.36,39.36,2853.0,,,,,,,,,,,,,,,,,,,,,,,,"rgba(38, 166, 154, 1.0)",0.0,0.0,0.8960068472228693,39.61234911202887,-0.2816374816900317,0.0,0.0,0.0,0.0,51.151106853366755,7.2357080661724,True,False,False,False,False,0.0,0,,,False,False,False,False,,,False,False,False,False,-5542.0,-6211.570378778099,False,False,False,False,16857.488316500774,False,False,False,False
2024-03-20 17:00:00+00:00,39.525,39.735,39.385,39.68,9201.0,,,,,,,,,,,,,,,,,,,,,,,,"rgba(38, 166, 154, 1.0)",0.0,0.0,0.8920599604135186,39.61205470309245,0.07616673757676146,0.0,0.0,0.0,0.0,52.07257469911082,7.2357080661724,True,False,False,False,False,0.0,0,,,False,False,False,False,,,False,False,False,False,3659.0,-6058.538279882315,False,False,False,False,16738.78307128371,False,False,False,False
2024-03-21 17:00:00+00:00,39.64,39.8,39.59,39.645,7194.0,,,,,,,,,,,,,,,,,,,,,,,,"rgba(38, 166, 154, 1.0)",0.0,0.0,0.8894082049064704,39.61386187057946,0.03500994172165846,0.0,0.0,0.0,0.0,52.38748189898166,7.2357080661724,True,False,True,False,False,0.0,0,,,False,False,False,False,,,False,False,False,False,-3535.0,-6019.413655388015,False,False,False,False,16590.80193839559,False,False,False,False
2024-03-22 17:00:00+00:00,39.645,39.645,39.485,39.525,6458.0,,,,,,,,,,,,,,,,,,,,,,,,"rgba(38, 166, 154, 1.0)",0.0,0.0,0.8886416651322422,39.61284608123346,-0.09885433542032417,0.0,0.0,0.0,0.0,51.530379333769126,6.501511102515515,True,False,False,False,False,0.0,0,,,False,False,False,False,,,False,False,False,False,-9993.0,-6081.01964522696,False,False,False,False,16433.70423392434,False,False,False,False
2024-03-25 17:00:00+00:00,39.42,39.45,39.305,39.34,5658.0,,,,,,,,,,,,,,,,,,,,,,,,"rgba(38, 166, 154, 1.0)",0.0,0.0,0.8892347302064852,39.60880903494619,-0.3022925509035937,0.0,0.0,0.0,0.0,49.38490504275914,4.123672296676467,True,False,False,False,False,0.0,0,,,False,False,False,False,,,False,False,False,False,-15651.0,-6229.391433673053,False,False,False,False,16266.639052003033,False,False,False,False
2024-03-26 17:00:00+00:00,39.06,39.135,38.935,38.945,9187.0,,,,,,,,,,,,,,,,,,,,,,,,"rgba(38, 166, 154, 1.0)",0.0,0.0,0.8980230689867759,39.59307505276778,-0.7216686020092913,0.0,0.0,0.0,0.0,45.166798436520544,-0.010887628585557252,False,False,False,True,False,0.0,0,,,False,False,False,False,,,False,False,False,False,-24838.0,-6517.896992840912,False,False,False,False,16156.877206235544,False,False,False,False
2024-03-27 17:00:00+00:00,39.195,39.37,39.11,39.365,7239.0,,,,,,,,,,,,,,,,,,,,,,,,"rgba(38, 166, 154, 1.0)",0.0,0.0,0.8886579972272973,39.58741280354901,-0.2502794148513329,0.0,0.0,0.0,0.0,46.18404075362546,-0.010887628585557252,False,False,False,True,False,0.0,0,,,False,False,False,False,,,False,False,False,False,-17599.0,-6689.697039463534,False,False,False,False,16018.615544123364,False,False,False,False
2024-03-28 17:00:00+00:00,39.34,39.545,39.33,39.515,9979.0,,,,,,,,,,,,,,,,,,,,,,,,"rgba(38, 166, 154, 1.0)",0.0,0.0,0.8748878589657996,39.58520742337942,-0.08024733988469554,0.0,0.0,0.0,0.0,48.035789381691615,-0.010887628585557252,False,False,False,False,True,0.0,0,,,False,False,False,False,,,False,False,False,False,-7620.0,-6704.120341177278,False,False,False,False,15924.978093826878,False,False,False,False
2024-03-29 17:00:00+00:00,39.515,39.515,39.515,39.515,0.0,,,,,,,,,,,,,,,,,,,,,,,,"rgba(38, 166, 154, 1.0)",0.0,0.0,0.8679437074368789,39.58520742337942,-0.08088937425072343,0.0,0.0,0.0,0.0,49.27028846706905,-0.010887628585557252,True,False,False,False,True,0.0,0,,,False,False,False,False,,,False,False,False,False,-7620.0,-6718.320025810188,False,False,False,False,15678.079208651267,False,False,False,False
2024-04-01 17:00:00+00:00,39.165,39.345,39.115,39.32,6080.0,,,,,,,,,,,,,,,,,,,,,,,,"rgba(38, 166, 154, 1.0)",0.0,0.0,0.8686442423799371,39.58069950594136,-0.30012229773962285,0.0,0.0,0.0,0.0,48.358061890314914,-0.010887628585557252,False,False,False,False,True,0.0,0,,,False,False,False,False,,,False,False,False,False,-13700.0,-6826.563126185223,False,False,False,False,15529.271779059774,False,False,False,False
2024-04-02 17:00:00+00:00,39.365,39.45,39.305,39.41,7762.0,,,,,,,,,,,,,,,,,,,,,,,,"rgba(38, 166, 154, 1.0)",0.0,0.0,0.8643355673423188,39.57785278429016,-0.1941986314485237,0.0,0.0,0.0,0.0,48.63474399275319,-0.010887628585557252,False,False,False,False,True,0.0,1,,,False,False,False,False,,,False,False,False,False,-5938.0,-6812.786953686227,False,False,False,False,15408.848960779778,False,False,False,False
2024-04-03 17:00:00+00:00,39.325,39.415,39.23,39.32,8185.0,,,,,,,,,,,,,,,,,,,,,,,,"rgba(38, 166, 154, 1.0)",0.0,0.0,0.8670229326642755,39.573696537338925,-0.292606490302789,0.0,0.0,0.0,0.0,47.951858905689235,-0.010887628585557252,False,False,False,True,True,0.0,0,,,False,False,False,False,,,False,False,False,False,-14123.0,-6926.123590063185,False,False,False,False,15296.851302473115,False,False,False,False
2024-04-04 17:00:00+00:00,39.205,39.275,38.895,39.085,9419.0,,,,,,,,,,,,,,,,,,,,,,,,"rgba(38, 166, 154, 1.0)",0.0,0.0,0.8706413034535373,39.56387606910953,-0.5500268218495882,0.0,0.0,0.0,0.0,45.40810456475797,-0.6594849096329014,False,True,False,True,False,0.0,0,,,False,False,False,False,,,False,False,False,False,-23542.0,-7183.734077038949,False,False,False,False,15205.721824915392,False,False,False,False
2024-04-05 17:00:00+00:00,38.785,38.85,38.605,38.805,3251.0,,,,,,,,,,,,,,,,,,,,,,,,"rgba(239, 83, 80, 1.0)",0.0,0.0,0.874993822372012,39.55807849785651,-0.8606672168438867,0.0,0.0,0.0,0.0,41.6593899806261,-4.237723109821225,False,True,False,True,False,0.0,0,,,False,False,False,False,,,False,False,False,False,-26793.0,-7487.753703751523,False,False,False,False,15020.3773004981,False,False,False,False
2024-04-08 17:00:00+00:00,38.945,39.205,38.915,39.185,4039.0,,,,,,,,,,,,,,,,,,,,,,,,"rgba(239, 83, 80, 1.0)",0.0,0.0,0.8735331333928495,39.554359758898556,-0.4228342861637553,0.0,0.0,0.0,0.0,43.310326240178526,-4.237723109821225,False,True,False,True,False,0.0,0,,,False,False,False,False,,,False,False,False,False,-22754.0,-7724.439692840647,False,False,False,False,14850.12338886247,False,False,False,False
2024-04-09 17:00:00+00:00,39.12,39.315,39.1,39.225,4429.0,,,,,,,,,,,,,,,,,,,,,,,,"rgba(239, 83, 80, 1.0)",0.0,0.0,0.8670116326619649,39.55154279855609,-0.3766302391509027,0.0,0.0,0.0,0.0,44.80074177686079,-4.237723109821225,False,True,False,True,True,0.0,0,,,False,False,False,False,,,False,False,False,False,-18325.0,-7888.789465044667,False,False,False,False,14688.555584383981,False,False,False,False
2024-04-10 17:00:00+00:00,38.0,38.36,37.92,38.205,8719.0,,,,,,,,,,,,,,,,,,,,,,,,"rgba(239, 83, 80, 1.0)",0.0,0.0,0.8755978652450087,39.52566894989513,-1.5083053560501558,0.0,0.0,0.0,0.0,39.64832331064193,-5.7104222581375765,False,True,False,True,False,0.0,0,,,False,False,False,False,,,False,False,False,False,-27044.0,-8185.769473338548,False,False,False,False,14596.004335013686,False,False,False,False
2024-04-11 17:00:00+00:00,37.845,38.0,37.825,37.945,8783.0,,,,,,,,,,,,,,,,,,,,,,,,"rgba(239, 83, 80, 1.0)",0.0,0.0,0.8893390500511832,39.496479479609526,-1.7445309294809839,0.0,0.0,0.0,0.0,35.23885625960992,-9.62311528505505,False,True,False,True,False,0.0,0,,,False,False,False,False,,,False,False,False,False,-35827.0,-8614.315683054228,False,False,False,False,14505.880236796418,False,False,False,False
2024-04-12 17:00:00+00:00,37.685,37.745,37.485,37.635,7462.0,,,,,,,,,,,,,,,,,,,,,,,,"rgba(239, 83, 80, 1.0)",0.0,0.0,0.9080493993785285,39.46810448727031,-2.018727712969023,0.0,0.0,0.0,0.0,31.261022891727404,-13.090751078929408,False,True,False,True,False,0.0,0,,,False,False,False,False,,,False,False,False,False,-43289.0,-9151.907687968116,False,False,False,False,14396.672791264691,False,False,False,False
2024-04-15 17:00:00+00:00,37.58,37.595,37.3,37.535,13385.0,,,,,,,,,,,,,,,,,,,,,,,,"rgba(239, 83, 80, 1.0)",0.0,0.0,0.927048411226054,39.416268845058994,-2.0293102520621913,0.0,0.0,0.0,0.0,28.290422305811347,-15.663694200062366,False,True,False,True,False,0.0,0,,,False,False,False,False,,,False,False,False,False,-56674.0,-9888.684312960857,False,False,False,False,14380.98794178772,False,False,False,False
2024-04-16 17:00:00+00:00,37.425,37.465,37.11,37.13,16061.0,,,,,,,,,,,,,,,,,,,,,,,,"rgba(239, 83, 80, 1.0)",0.0,0.0,0.9582227119859761,39.08682714931381,-2.042142317059219,0.0,0.0,0.0,0.0,25.13677798767045,-18.489308648693047,False,True,False,True,False,0.0,0,,,False,False,False,False,,,False,False,False,False,-72735.0,-10863.045796480843,False,False,False,False,14407.034640364654,False,False,False,False
2024-04-17 17:00:00+00:00,37.21,37.71,37.175,37.64,18218.0,,,,,,,,,,,,,,,,,,,,,,,,"rgba(239, 83, 80, 1.0)",0.0,0.0,0.9665856738359291,39.05421585804365,-1.4631045093305408,1.0,37.66,37.465,0.0,27.969802597169366,-18.489308648693047,False,True,False,True,True,0.0,0,,,False,False,False,False,,,False,False,False,False,-54517.0,-11539.85128800827,False,False,False,False,14466.119374622567,False,False,False,False
2024-04-18 17:00:00+00:00,37.755,38.11,37.66,38.065,8756.0,,,,,,,,,,,,,,,,,,,,,,,,"rgba(239, 83, 80, 1.0)",0.0,0.0,0.957336738368805,39.05184909017563,-1.030827555889177,0.0,0.0,0.0,0.0,33.08901032775411,-23.923123343020965,False,True,False,True,True,0.0,0,,,False,False,False,False,,,False,False,False,False,-45761.0,-12070.411733155428,False,False,False,False,14377.590392070279,False,False,False,False
2024-04-19 17:00:00+00:00,38.485,38.51,38.315,38.495,7906.0,,,,,,,,,,,,,,,,,,,,,,,,"rgba(38, 166, 154, 1.0)",0.0,0.0,0.9324338152490019,39.06177450724244,-0.607844222263741,0.0,0.0,0.0,0.0,39.194358656401086,-18.40378306952615,False,True,False,True,True,0.0,0,,,False,False,False,False,,,False,False,False,False,-37855.0,-12470.172791556119,False,False,False,False,14277.255657309499,False,False,False,False
2024-04-22 17:00:00+00:00,38.86,39.015,38.82,38.995,5717.0,,,,,,,,,,,,,,,,,,,,,,,,"rgba(38, 166, 154, 1.0)",0.0,0.0,0.8860727808554791,39.07673633378381,-0.09224562084493979,0.0,0.0,0.0,0.0,45.8101608425997,-12.52068058820769,False,False,False,False,True,0.0,0,,,False,False,False,False,,,False,False,False,False,-32138.0,-12775.100345175404,False,False,False,False,14144.538515335707,False,False,False,False
2024-04-23 17:00:00+00:00,39.07,39.21,39.035,39.1,16186.0,,,,,,,,,,,,,,,,,,,,,,,,"rgba(38, 166, 154, 1.0)",0.0,0.0,0.8452999361066874,39.11413031957494,-0.016716338155685472,0.0,0.0,0.0,0.0,50.709432562612506,-8.247030194087166,True,False,True,False,True,0.0,0,,,False,False,False,False,,,False,False,False,False,-15952.0,-12824.354603389738,False,False,False,False,14176.189080989418,False,False,False,False
2024-04-24 17:00:00+00:00,39.13,39.275,39.075,39.16,7783.0,,,,,,,,,,,,,,,,,,,,,,,,"rgba(38, 166, 154, 1.0)",0.0,0.0,0.7994573046648386,39.12801923455454,0.04000309367222691,0.0,0.0,0.0,0.0,54.27173983089399,-5.083092790936902,True,False,True,False,True,0.0,0,,,False,False,False,False,,,False,False,False,False,-8169.0,-12752.178563027108,False,False,False,False,14077.069870431442,False,False,False,False
2024-04-25 17:00:00+00:00,39.195,39.325,39.115,39.315,8007.0,,,,,,,,,,,,,,,,,,,,,,,,"rgba(38, 166, 154, 1.0)",0.0,0.0,0.7759310013905261,39.141687241538236,0.22336104389587813,0.0,0.0,0.0,0.0,57.436244745299014,-2.1158017767831296,True,False,True,False,True,0.0,0,,,False,False,False,False,,,False,False,False,False,-162.0,-12556.98199615847,False,False,False,False,13982.960260037156,False,False,False,False
2024-04-26 17:00:00+00:00,39.245,39.27,38.975,39.06,3863.0,,,,,,,,,,,,,,,,,,,,,,,,"rgba(38, 166, 154, 1.0)",0.0,0.0,0.749732823281928,39.14588918824458,-0.11455972791560884,0.0,0.0,0.0,0.0,57.37809499567824,-1.9239015366434984,True,False,True,False,True,0.0,0,,,False,False,False,False,,,False,False,False,False,-4025.0,-12424.703205520356,False,False,False,False,13826.06165135441,False,False,False,False
2024-04-29 17:00:00+00:00,39.415,39.595,39.365,39.56,8523.0,,,,,,,,,,,,,,,,,,,,,,,,"rgba(38, 166, 154, 1.0)",0.0,0.0,0.7216977418771755,39.16308938180293,0.549967936943633,0.0,0.0,0.0,0.0,59.955757231742986,0.9281063305543071,True,False,True,False,True,0.31471764954645565,0,,,False,False,False,False,,,False,False,False,False,4498.0,-12162.335713961902,False,False,False,False,13743.843641255891,False,False,False,False
2024-04-30 17:00:00+00:00,39.395,39.485,39.23,39.265,13833.0,,,,,,,,,,,,,,,,,,,,,,,,"rgba(38, 166, 154, 1.0)",0.0,0.0,0.6937323847288697,39.18050650525788,0.12179551740999071,0.0,0.0,0.0,0.0,59.31591347384699,0.9281063305543071,True,False,True,False,True,0.0,0,,,False,False,False,False,,,False,False,False,False,-9335.0,-12118.501051729934,False,False,False,False,13745.225910383708,False,False,False,False
2024-05-01 17:00:00+00:00,39.59,39.845,39.39,39.525,6022.0,,,,,,,,,,,,,,,,,,,,,,,,"rgba(38, 166, 154, 1.0)",0.0,0.0,0.6826181513412332,39.19074664761605,0.4896637332704868,0.0,0.0,0.0,0.0,60.24980225403051,2.2461930935639884,True,False,True,False,True,0.13015874028055663,0,,,False,False,False,False,,,False,False,False,False,-3313.0,-11981.981655579082,False,False,False,False,13625.48597378861,False,False,False,False
2024-05-02 17:00:00+00:00,39.875,40.045,39.715,39.77,9687.0,,,,,,,,,,,,,,,,,,,,,,,,"rgba(38, 166, 154, 1.0)",0.0,0.0,0.6810856000493454,39.2114020738975,0.8201581799145794,0.0,0.0,0.0,0.0,62.05264752894196,4.541755088387951,True,False,True,False,True,1.568653129103172,0,,,False,False,False,False,,,False,False,False,False,6374.0,-11697.392792701887,False,False,False,False,13564.424175745376,False,False,False,False
2024-05-03 17:00:00+00:00,39.79,39.95,39.79,39.9,5907.0,,,,,,,,,,,,,,,,,,,,,,,,"rgba(38, 166, 154, 1.0)",0.0,0.0,0.6702970768033777,39.223482747912314,1.0092797290926145,0.0,0.0,0.0,0.0,63.859480016353835,6.7836787254248065,True,False,True,False,True,2.324683744223112,0,,,False,False,False,False,,,False,False,False,False,12281.0,-11325.634764908058,False,False,False,False,13445.704421082657,False,False,False,False
2024-05-06 17:00:00+00:00,39.85,40.105,39.84,40.085,12375.0,,,,,,,,,,,,,,,,,,,,,,,,"rgba(38, 166, 154, 1.0)",0.0,0.0,0.6686151682718732,39.25008756423629,1.2487189573064235,0.0,0.0,0.0,0.0,65.90978051815586,9.190439564443778,True,False,True,False,True,3.3952219997693653,0,,,False,False,False,False,,,False,False,False,False,24656.0,-10767.779962351344,False,False,False,False,13429.10435253874,False,False,False,False
2024-05-07 17:00:00+00:00,39.975,40.235,39.945,40.215,5231.0,,,,,,,,,,,,,,,,,,,,,,,,"rgba(38, 166, 154, 1.0)",0.0,0.0,0.6750358215386371,39.26181712189833,1.4120478464817499,0.0,0.0,0.0,0.0,67.85728486405665,11.440101729721817,True,False,True,False,True,4.143632195383489,0,,,False,False,False,False,,,False,False,False,False,29887.0,-10137.473296268377,False,False,False,False,13302.001959476122,False,False,False,False
2024-05-08 17:00:00+00:00,40.515,40.65,40.365,40.395,6161.0,,,,,,,,,,,,,,,,,,,,,,,,"rgba(38, 166, 154, 1.0)",0.0,0.0,0.6873776713445423,39.27924969144249,1.6231983596078368,0.0,0.0,0.0,0.0,69.93685751836227,13.761785448371711,True,False,True,False,True,5.174761658863918,0,,,False,False,False,False,,,False,False,False,False,36048.0,-9421.419446713828,False,False,False,False,13191.288750802074,False,False,False,False
2024-05-09 17:00:00+00:00,40.925,41.155,40.925,41.015,3942.0,,,,,,,,,,,,,,,,,,,,,,,,"rgba(38, 166, 154, 1.0)",0.0,0.0,0.7137200665059912,39.29442677099982,2.410711579713918,0.0,0.0,0.0,0.0,73.42395784552289,17.302129706796222,True,False,True,False,True,8.57239130858515,0,,,False,False,False,False,,,False,False,False,False,39990.0,-8655.350928160125,False,False,False,False,13047.888925208243,False,False,False,False
2024-05-10 17:00:00+00:00,41.315,41.345,41.065,41.115,11456.0,,,,,,,,,,,,,,,,,,,,,,,,"rgba(38, 166, 154, 1.0)",0.0,0.0,0.7426813607487314,39.33939534574762,2.3908027696592713,0.0,0.0,0.0,0.0,76.0249386136467,19.92196163966561,True,False,True,False,True,9.100143824885926,0,,,False,False,False,False,,,False,False,False,False,51446.0,-7723.547037801054,False,False,False,False,13023.2084767554,False,True,False,False
2024-05-13 17:00:00+00:00,40.935,40.94,40.705,40.825,11276.0,,,,,,,,,,,,,,,,,,,,,,,,"rgba(38, 166, 154, 1.0)",0.0,0.0,0.7568997934319187,39.37307024522123,1.9182588862859453,0.0,0.0,0.0,0.0,74.47695898566477,19.92196163966561,True,False,True,False,True,7.168361261004055,0,,,False,False,False,False,,,False,False,False,False,40170.0,-6981.01142481189,False,False,False,False,12996.119973239813,False,False,False,False
2024-05-14 17:00:00+00:00,40.705,40.97,40.63,40.77,6161.0,,,,,,,,,,,,,,,,,,,,,,,,"rgba(38, 166, 154, 1.0)",0.0,0.0,0.7666785153804234,39.39012160342287,1.7998135710017156,0.0,0.0,0.0,0.0,72.84511943179982,19.92196163966561,True,False,True,False,False,6.804715559661158,0,,,False,False,False,False,,,False,False,False,False,34009.0,-6345.507371714031,False,False,False,False,12890.149120941522,False,False,False,False
2024-05-15 17:00:00+00:00,41.365,41.37,41.08,41.085,8275.0,,,,,,,,,,,,,,,,,,,,,,,,"rgba(38, 166, 154, 1.0)",0.0,0.0,0.7881018478106155,39.61343640206391,1.8672251588093132,0.0,0.0,0.0,0.0,73.17410308866141,19.92196163966561,True,False,True,False,False,8.524049270263681,0,,,False,False,False,False,,,False,False,False,False,42284.0,-5591.561520989782,False,False,False,False,12818.59642139204,False,False,False,False
2024-05-16 17:00:00+00:00,40.785,40.85,40.7,40.805,9104.0,,,,,,,,,,,,,,,,,,,,,,,,"rgba(38, 166, 154, 1.0)",0.0,0.0,0.7962838916090292,39.61078837884895,1.4997309800377063,0.0,0.0,0.0,0.0,70.37602187584201,19.92196163966561,True,False,True,False,False,6.656727308219242,0,,,False,False,False,False,,,False,False,False,False,33180.0,-4990.452040044203,False,False,False,False,12761.005779199915,False,False,False,False
2024-05-17 17:00:00+00:00,40.77,40.87,40.66,40.78,6255.0,,,,,,,,,,,,,,,,,,,,,,,,"rgba(38, 166, 154, 1.0)",0.0,0.0,0.8096515322060398,39.61804366659035,1.4351313956557228,0.0,0.0,0.0,0.0,68.24794226246584,23.597773439427158,True,False,True,False,False,6.490741165144449,0,,,False,False,False,False,,,False,False,False,False,26925.0,-4495.638830121037,False,False,False,False,12660.137472545652,False,False,False,False
2024-05-20 17:00:00+00:00,40.8,40.915,40.79,40.85,2808.0,,,,,,,,,,,,,,,,,,,,,,,,"rgba(38, 166, 154, 1.0)",0.0,0.0,0.8278993932872458,39.62338886881194,1.4815944318037242,0.0,0.0,0.0,0.0,67.27220600091997,22.44939482653008,True,False,True,False,False,6.886331878848463,0,,,False,False,False,False,,,False,False,False,False,29733.0,-3964.9622591114085,False,False,False,False,12507.391155141842,False,False,False,False
2024-05-21 17:00:00+00:00,40.805,40.94,40.805,40.905,3634.0,,,,,,,,,,,,,,,,,,,,,,,,"rgba(38, 166, 154, 1.0)",0.0,0.0,0.8460153023981755,39.6309945704154,1.5058893449955468,0.0,0.0,0.0,0.0,66.98691550711865,21.875054724219723,True,False,True,False,False,7.200211940410103,0,,,False,False,False,False,,,False,False,False,False,33367.0,-3386.1721465670453,False,False,False,False,12369.819199248172,False,False,False,False
2024-05-22 17:00:00+00:00,40.69,40.77,40.395,40.45,6801.0,,,,,,,,,,,,,,,,,,,,,,,,"rgba(38, 166, 154, 1.0)",0.0,0.0,0.8548624988218142,39.634511743896404,0.953940846893528,0.0,0.0,0.0,0.0,61.766410600369454,16.79608299001562,True,False,True,False,False,4.122335442701537,0,,,False,False,False,False,0.14295727476668452,0.14295727476668452,False,False,False,False,26566.0,-2921.7973846047653,False,False,False,False,12283.480917089286,False,False,False,False
2024-05-23 17:00:00+00:00,39.8,39.8,39.435,39.675,6923.0,,,,,,,,,,,,,,,,,,,,,,,,"rgba(239, 83, 80, 1.0)",0.0,0.0,0.8537944612036122,39.615239667850574,0.0699938156839035,0.0,0.0,0.0,0.0,53.09659784320667,8.882645843412128,False,False,False,False,False,0.0,0,0.8893503137689199,0.8157069029162053,False,False,False,False,0.0037601841077342566,0.07335872943720939,False,False,False,False,19643.0,-2571.9555646884123,False,False,False,False,12200.372685816585,False,False,False,False
2024-05-24 17:00:00+00:00,39.96,40.04,39.87,39.91,3493.0,,,,,,,,,,,,,,,,,,,,,,,,"rgba(239, 83, 80, 1.0)",0.0,0.0,0.8547204537473282,39.61185826879719,0.34881782680602696,0.0,0.0,0.0,0.0,49.324769151843526,5.740638491935023,False,False,False,True,False,0.6926041635948366,0,0.8939561451999277,0.810392482034273,False,False,False,False,0.05215248634653063,0.06275560789187001,False,False,False,False,23136.0,-2173.382610197119,False,False,False,False,12065.374659679894,False,False,False,False
2024-05-27 17:00:00+00:00,39.91,39.91,39.91,39.91,0.0,,,,,,,,,,,,,,,,,,,,,,,,"rgba(239, 83, 80, 1.0)",0.0,0.0,0.8565739792813967,39.61185826879719,0.3480630259781222,0.0,0.0,0.0,0.0,46.810216690934766,3.6239921610405474,False,True,False,True,False,0.6926041635948152,0,0.8974742750233877,0.8050514499532274,False,False,False,False,0.045691012435908646,0.05422331016388933,False,False,False,False,23136.0,-1780.9890813568534,False,False,False,False,11878.314587436795,False,False,False,False
2024-05-28 17:00:00+00:00,39.53,39.55,39.215,39.28,2967.0,,,,,,,,,,,,,,,,,,,,,,,,"rgba(239, 83, 80, 1.0)",0.0,0.0,0.8496385452989068,39.60319976655561,-0.3803967797175534,0.0,0.0,0.0,0.0,41.77231774501588,-0.9280079858815355,False,True,False,True,False,0.0,0,0.8932626093430128,0.8082077051926299,False,False,False,False,-0.02991125684169068,0.012156026661099325,False,False,False,False,20169.0,-1440.6791731187625,False,False,False,False,11740.154671352502,False,False,False,False
2024-05-29 17:00:00+00:00,38.59,38.6,38.38,38.42,5349.0,,,,,,,,,,,,,,,,,,,,,,,,"rgba(239, 83, 80, 1.0)",0.0,0.0,0.855096896674691,39.46302435865532,-1.2197732943616555,0.0,0.0,0.0,0.0,35.556484364596365,-6.503269767665252,False,True,False,True,False,0.0,0,0.8831421169504086,0.8211509992598075,False,False,False,False,-0.15907662693938993,-0.0734603001391453,False,False,False,False,14820.0,-1188.5756200471537,False,False,False,False,11641.067002029207,False,False,False,False
2024-05-30 17:00:00+00:00,38.765,39.055,38.7,39.035,6848.0,,,,,,,,,,,,,,,,,,,,,,,,"rgba(239, 83, 80, 1.0)",0.0,0.0,0.8555976889902112,39.469321235269206,-0.507623198213405,0.0,0.0,0.0,0.0,35.991464339451916,-6.503269767665252,False,True,False,True,False,0.0,0,0.8807971347231165,0.8164202406097897,False,False,False,False,-0.10259941610306371,-0.0880298581211045,False,False,False,False,21668.0,-834.2101065580505,False,False,False,False,11566.755885718676,False,False,False,False
2024-05-31 17:00:00+00:00,39.46,40.0,39.46,39.945,9369.0,,,,,,,,,,,,,,,,,,,,,,,,"rgba(38, 166, 154, 1.0)",0.0,0.0,0.857395369604831,39.51537144398112,0.5010856965753117,0.0,0.0,0.0,0.0,41.10642999115686,-6.503269767665252,False,True,False,True,True,1.0406615157880275,0,0.8928474052531141,0.8065982004907752,False,False,False,False,0.019877813555343904,-0.0340760222828803,False,False,False,False,31037.0,-340.0828180842822,False,False,False,False,11532.682151056371,False,False,False,False
2024-06-03 17:00:00+00:00,39.72,40.015,39.72,39.87,3723.0,,,,,,,,,,,,,,,,,,,,,,,,"rgba(38, 166, 154, 1.0)",0.0,0.0,0.8585502288716022,39.525963696789105,0.4007177351324698,0.0,0.0,0.0,0.0,44.16023225333776,-14.338842427580346,False,True,False,True,True,0.6381044170183934,0,0.8946356645917259,0.8160930062248261,False,False,False,False,0.039592017270424204,0.002757997493771952,False,False,False,False,27314.0,88.66265196353612,False,False,False,False,11411.60180762914,False,False,False,False
2024-06-04 17:00:00+00:00,40.025,40.41,40.025,40.23,5333.0,,,,,,,,,,,,,,,,,,,,,,,,"rgba(38, 166, 154, 1.0)",0.0,0.0,0.8629870970818247,39.54783078026386,0.7904744138619008,0.0,0.0,0.0,0.0,47.8710803743337,-10.753564582822676,False,False,False,False,True,2.5175494670813023,0,0.8983498951590859,0.8062722217157444,False,False,False,False,0.0899487932896407,0.046353395391706326,False,False,False,False,32647.0,593.4430759641014,False,False,False,False,11317.359919138766,False,False,False,False
2024-06-05 17:00:00+00:00,40.645,40.82,40.565,40.7,5661.0,,,,,,,,,,,,,,,,,,,,,,,,"rgba(38, 166, 154, 1.0)",0.0,0.0,0.8739615356328625,39.57929268552084,1.2823302500007892,0.0,0.0,0.0,0.0,52.27074588441216,-6.5292448022583045,False,False,True,False,True,4.87856717201176,0,0.9067235278105448,0.7938481081571546,False,False,False,False,0.15907661224936517,0.10271500382053575,False,False,False,False,38308.0,1178.1648887398517,False,False,False,False,11229.66441651646,False,False,False,False
2024-06-06 17:00:00+00:00,40.765,40.885,40.66,40.67,9236.0,,,,,,,,,,,,,,,,,,,,,,,,"rgba(38, 166, 154, 1.0)",0.0,0.0,0.8835040647514975,39.72229848802941,1.072662311109063,0.0,0.0,0.0,0.0,55.01669368219306,-3.818113423677687,False,False,True,False,True,4.709455517066626,0,0.9094459582198013,0.7925522252497729,False,False,False,False,0.17085100310035295,0.13678300346044436,False,False,False,False,29072.0,1610.62744860435,False,False,False,False,11198.754890678994,False,False,False,False
2024-06-07 17:00:00+00:00,40.085,40.09,39.89,40.0,18114.0,,,,,,,,,,,,,,,,,,,,,,,,"rgba(38, 166, 154, 1.0)",0.0,0.0,0.8854753800352861,39.68676998707728,0.35374220445320687,0.0,0.0,0.0,0.0,53.06242543062136,-3.818113423677687,False,False,True,False,True,1.0407154705141863,0,0.9182701117830319,0.7946673996701483,False,False,False,False,0.0571810593280641,0.09698203139425424,False,False,False,False,10958.0,1755.5479532771508,False,False,False,False,11305.967993149088,False,False,False,False
2024-06-10 17:00:00+00:00,39.865,40.03,39.84,39.88,7317.0,,,,,,,,,,,,,,,,,,,,,,,,"rgba(38, 166, 154, 1.0)",0.0,0.0,0.8803339354119116,39.68216480449396,0.22472744437992934,0.0,0.0,0.0,0.0,51.16263262546511,-3.818113423677687,False,False,False,False,False,0.4064139488112879,0,0.9088262910798132,0.8166197183098591,False,False,False,False,0.04928021500248033,0.07313112319836729,False,False,False,False,3641.0,1784.7797679550242,False,False,False,False,11244.123528139025,False,False,False,False
2024-06-11 17:00:00+00:00,39.815,39.86,39.56,39.65,4416.0,,,,,,,,,,,,,,,,,,,,,,,,"rgba(38, 166, 154, 1.0)",0.0,0.0,0.8753669089160334,39.67529587668977,-0.028897455949184463,0.0,0.0,0.0,0.0,48.74617048179513,-3.818113423677687,False,True,False,False,False,0.0,0,0.8807287753568753,0.8241923365890307,False,False,False,False,0.017011942677495843,0.04507153293793156,False,False,False,False,-775.0,1745.0932599247137,False,False,False,False,11138.2611478578,False,False,False,False
2024-06-12 17:00:00+00:00,39.7,39.71,39.33,39.41,6297.0,,,,,,,,,,,,,,,,,,,,,,,,"rgba(38, 166, 154, 1.0)",0.0,0.0,0.8692320468961883,39.661308481347774,-0.28911552702772253,0.0,0.0,0.0,0.0,45.982186263317885,3.969574144655276,False,True,False,True,False,0.0,0,0.8859673923287162,0.8235793044953349,False,False,False,False,-0.010206546910543735,0.017432493013693914,False,False,False,False,-7072.0,1608.3941396158034,False,False,False,False,11063.202835487911,False,False,False,False
2024-06-13 17:00:00+00:00,39.22,39.43,39.18,39.32,5095.0,,,,,,,,,,,,,,,,,,,,,,,,"rgba(38, 166, 154, 1.0)",0.0,0.0,0.862508947596876,39.64799372242082,-0.38027863169962217,0.0,0.0,0.0,0.0,43.7058320064143,1.4645911049411922,False,True,False,True,False,0.0,0,0.8893843088891004,0.8243050943933211,False,False,False,False,-0.04102680769985298,-0.011797157343079533,False,False,False,False,-12167.0,1394.8221374512173,False,False,False,False,10970.672558968718,False,False,False,False
2024-06-14 17:00:00+00:00,39.035,39.13,38.98,39.085,5786.0,,,,,,,,,,,,,,,,,,,,,,,,"rgba(239, 83, 80, 1.0)",0.0,0.0,0.8564260432562484,39.629017577905344,-0.6352183964851355,0.0,0.0,0.0,0.0,41.061683500332215,-1.3718153354724762,False,True,False,True,False,0.0,0,0.8820683111954465,0.8321631878557874,False,False,False,False,-0.0769666015503759,-0.04438187944672771,False,False,False,False,-17953.0,1094.855902762051,False,False,False,False,10890.29003867463,False,False,False,False
2024-06-17 17:00:00+00:00,38.835,38.9,38.685,38.79,3938.0,,,,,,,,,,,,,,,,,,,,,,,,"rgba(239, 83, 80, 1.0)",0.0,0.0,0.8585698983019706,39.61317282766219,-0.9587720572200515,0.0,0.0,0.0,0.0,38.003214109156715,-4.550142912070456,False,True,False,True,False,0.0,0,0.8900363358194688,0.8314209217823674,False,False,False,False,-0.11491995880699765,-0.07965091912686267,False,False,False,False,-21891.0,738.4860438045,False,False,False,False,10782.502596214557,False,False,False,False
2024-06-18 17:00:00+00:00,38.56,38.56,38.38,38.46,5359.0,,,,,,,,,,,,,,,,,,,,,,,,"rgba(239, 83, 80, 1.0)",0.0,0.0,0.865531784667817,39.58693833801818,-1.3020184330384659,0.0,0.0,0.0,0.0,34.68564585262848,-7.910529300767166,False,True,False,True,False,0.0,0,0.8839473181904949,0.8301202519564801,False,False,False,False,-0.16201600263629182,-0.12083346088157725,False,False,False,False,-27250.0,304.55602762148453,False,False,False,False,10698.41728464534,False,False,False,False
2024-06-19 17:00:00+00:00,38.46,38.46,38.46,38.46,0.0,,,,,,,,,,,,,,,,,,,,,,,,"rgba(239, 83, 80, 1.0)",0.0,0.0,0.8743288442730883,39.58693833801818,-1.2889181746658576,0.0,0.0,0.0,0.0,32.473933681609665,-10.224626853136101,False,True,False,True,False,0.0,0,0.880670326495233,0.8358855822016756,False,False,False,False,-0.16348672880866005,-0.14216009484511866,False,False,False,False,-27250.0,-122.64639141140674,False,False,False,False,10532.550349999676,False,False,False,False
2024-06-20 17:00:00+00:00,38.315,38.6,38.22,38.55,3175.0,,,,,,,,,,,,,,,,,,,,,,,38.456666666666656,"rgba(239, 83, 80, 1.0)",0.0,0.0,0.8770266105858263,39.47951824772163,-1.059851818065979,0.0,0.0,0.0,0.0,31.955595190089557,-11.048715718178435,False,True,False,True,False,0.0,0,0.8753226885935562,0.8309589826943301,False,False,False,False,-0.17085101784704132,-0.15650555634608,False,False,False,False,-24075.0,-494.00071092440817,False,False,False,False,10418.479801937665,False,False,False,False
2024-06-21 17:00:00+00:00,38.39,38.555,38.37,38.475,7074.0,,,,,,,,,,,,,,,,,,,,,,,38.4635688034605,"rgba(239, 83, 80, 1.0)",0.0,0.0,0.8823366704382105,39.45336457920841,-1.1088336368503278,0.0,0.0,0.0,0.0,31.238713286619852,-12.169417234024685,False,True,False,True,False,0.0,0,0.8777820414428247,0.8342287029930928,False,False,False,False,-0.16311898178174952,-0.15981226906391477,False,False,False,False,-31149.0,-969.2720177317817,False,False,False,False,10366.627401907623,False,False,False,False
2024-06-24 17:00:00+00:00,39.075,39.43,39.065,39.4,5440.0,,,,,,,,,,,,,,,,,,,,,,,38.75301485116961,"rgba(239, 83, 80, 1.0)",0.0,0.0,0.8797289201640245,39.472869192865616,-0.08283141680965901,0.0,0.0,0.0,0.0,38.55918488361887,-18.242612424341296,False,True,False,True,True,0.0,0,0.8800303001609701,0.8316447306126311,False,False,False,False,-0.04928022936176583,-0.1045462492128403,False,False,False,False,-25709.0,-1352.8336918754749,False,False,False,False,10290.24558172301,False,False,False,False
2024-06-25 17:00:00+00:00,38.94,39.14,38.92,39.13,4486.0,,,,,,,,,,,,,,,,,,,,,,,38.82201553077241,"rgba(239, 83, 80, 1.0)",0.0,0.0,0.8800422287165043,39.47193572823214,-0.3885446823737454,0.0,0.0,0.0,0.0,41.69013513453042,-15.287039116509497,False,True,False,True,True,0.0,0,0.8759660697455236,0.8295004712535343,False,False,False,False,-0.08056998787697171,-0.092558118544906,False,False,False,False,-30195.0,-1799.9990609936845,False,False,False,False,10200.257278130404,False,False,False,False
2024-06-26 17:00:00+00:00,38.7,38.795,38.62,38.685,3453.0,,,,,,,,,,,,,,,,,,,,,,,38.804184160036115,"rgba(239, 83, 80, 1.0)",0.0,0.0,0.8839065520702857,39.4619268130795,-0.8789694015275491,0.0,0.0,0.0,0.0,41.305872559355926,-15.287039116509497,False,True,False,True,True,0.0,0,0.8676553407171019,0.8330204617983855,False,False,False,False,-0.127275337441024,-0.10991672799296501,False,False,False,False,-33648.0,-2293.7665174123867,False,False,False,False,10095.64863815939,False,False,False,False
2024-06-27 17:00:00+00:00,39.01,39.15,38.995,39.005,7296.0,,,,,,,,,,,,,,,,,,,,,,,38.86218029146725,"rgba(239, 83, 80, 1.0)",0.0,0.0,0.8853521567384525,39.45708205041856,-0.5106239895365311,0.0,0.0,0.0,0.0,43.253453251645816,-13.433920948256528,False,True,False,True,True,0.0,0,0.8657299711547414,0.8284172327161067,False,False,False,False,-0.07444542302966738,-0.09218107551131619,False,False,False,False,-26352.0,-2666.7623853594814,False,False,False,False,10052.243232916608,False,False,False,False
2024-06-28 17:00:00+00:00,38.895,38.985,38.72,38.86,5858.0,,,,,,,,,,,,,,,,,,,,,,,38.861036738984645,"rgba(239, 83, 80, 1.0)",0.0,0.0,0.8872969733515984,39.44675686659093,-0.6612857749019107,0.0,0.0,0.0,0.0,43.70886248754985,-12.653274095348742,False,True,False,True,True,0.0,0,0.8634967898018057,0.8335349399832509,False,False,False,False,-0.10621971870466945,-0.09920039710799282,False,False,False,False,-32210.0,-3124.7970770593347,False,False,False,False,9987.216206049683,False,False,False,False
2024-07-01 17:00:00+00:00,38.735,38.735,38.58,38.615,1818.0,,,,,,,,,,,,,,,,,,,,,,,38.85078324697755,"rgba(239, 83, 80, 1.0)",0.0,0.0,0.8921029260296253,39.44184647987418,-0.9268509896656468,0.0,0.0,0.0,0.0,42.63633860489012,-12.653274095348742,False,True,False,True,True,0.0,0,0.8572891454105386,0.8384844535468254,False,False,False,False,-0.13456106397538323,-0.11688073054168802,False,False,False,False,-34028.0,-3603.9165022212055,False,False,False,False,9860.561691227207,False,False,False,False
2024-07-02 17:00:00+00:00,38.535,38.78,38.5,38.765,3156.0,,,,,,,,,,,,,,,,,,,,,,,38.838001085672325,"rgba(239, 83, 80, 1.0)",0.0,0.0,0.8952543198987012,39.43425102512146,-0.7475540863038648,0.0,0.0,0.0,0.0,43.10971695545629,-12.476655759291184,False,True,False,True,True,0.0,0,0.8534514925373139,0.844123134328358,False,False,False,False,-0.1371143877165296,-0.12699755912910882,False,False,False,False,-30872.0,-4026.677486682892,False,False,False,False,9756.614998339963,False,False,False,False
2024-07-03 17:00:00+00:00,39.19,39.19,39.19,39.19,0.0,,,,,,,,,,,,,,,,,,,,,,,38.838001085672325,"rgba(239, 83, 80, 1.0)",0.0,0.0,0.8950363473418562,39.43425102512146,-0.27289509062604955,0.0,0.0,0.0,0.0,46.415372988891676,-9.009068040949437,False,False,False,True,True,0.0,0,0.8574357062989196,0.8467200894521056,False,False,False,False,-0.057540365040603336,-0.09226896208485608,False,False,False,False,-30872.0,-4442.8840372769555,False,False,False,False,9605.34964952849,False,False,False,False
2024-07-04 17:00:00+00:00,39.19,39.19,39.19,39.19,0.0,,,,,,,,,,,,,,,,,,,,,,,38.838001085672325,"rgba(239, 83, 80, 1.0)",0.0,0.0,0.8949108516675957,39.43425102512146,-0.27293335941375807,0.0,0.0,0.0,0.0,48.6191436778486,-6.705060501354495,False,False,False,False,True,0.0,0,0.8516953132337752,0.8533859303090071,False,False,False,False,-0.05301708124280876,-0.07264302166383242,False,False,False,False,-30872.0,-4852.637773133127,False,False,False,False,9456.429499923397,False,False,False,False
2024-07-05 17:00:00+00:00,39.34,39.34,39.08,39.125,10241.0,,,,,,,,,,,,,,,,,,,,,,,38.9056872832407,"rgba(239, 83, 80, 1.0)",0.0,0.0,0.8953247083228087,39.43278729972074,-0.3437717030029333,0.0,0.0,0.0,0.0,49.55623890352931,-5.584555046665393,False,False,False,False,True,0.0,0,0.8515177145005174,0.8496381918992574,False,False,False,False,-0.046650233074158116,-0.05964662736899527,False,False,False,False,-41113.0,-5414.813931689202,False,False,False,False,9468.593383645515,False,False,False,False
2024-07-08 17:00:00+00:00,39.185,39.26,39.09,39.21,6440.0,,,,,,,,,,,,,,,,,,,,,,,38.93665237777436,"rgba(239, 83, 80, 1.0)",0.0,0.0,0.8955503265519904,39.431320497640584,-0.24713351229818886,0.0,0.0,0.0,0.0,50.86754667679097,-4.08136374615674,False,False,False,False,True,0.0,0,0.8520710059171603,0.8494411571334647,False,False,False,False,-0.013619897762645057,-0.03663326256582017,False,False,False,False,-34673.0,-5868.42921956999,False,False,False,False,9421.638447464964,False,False,False,False
2024-07-09 17:00:00+00:00,39.29,39.37,39.15,39.245,4918.0,,,,,,,,,,,,,,,,,,,,,,,38.96136445426565,"rgba(239, 83, 80, 1.0)",0.0,0.0,0.8942087599136431,39.43122567214636,-0.2082574903027658,0.0,0.0,0.0,0.0,52.040443400706586,-2.70499482027671,True,False,True,False,True,0.0,0,0.8605581483950857,0.8437946471092483,False,False,False,False,0.0006285631144355824,-0.018002349725692292,False,False,False,False,-29755.0,-6238.763650274332,False,False,False,False,9351.814595566282,False,False,False,False
2024-07-10 17:00:00+00:00,39.765,39.92,39.705,39.84,6603.0,,,,,,,,,,,,,,,,,,,,,,,39.042564252837415,"rgba(38, 166, 154, 1.0)",0.0,0.0,0.8956877069986265,39.44369175964159,0.4424625204318261,0.0,0.0,0.0,0.0,56.91630561342252,2.003320909264197,True,False,True,False,True,1.7753011917082837,0,0.8601794992914505,0.8384506376948511,False,False,False,False,0.09350968604673612,0.03775366816052192,False,False,False,False,-23152.0,-6500.98436887473,False,False,False,False,9309.197315014866,False,False,False,False
2024-07-11 17:00:00+00:00,40.13,40.13,39.915,39.945,15183.0,,,,,,,,,,,,,,,,,,,,,,,39.21270715636415,"rgba(38, 166, 154, 1.0)",0.0,0.0,0.89781094139383,39.47535355413811,0.5231017179772566,0.0,0.0,0.0,0.0,60.7306665025246,5.5255353483903775,True,False,True,False,True,2.3505906109769086,0,0.8615991731654613,0.8312505872404397,False,False,False,False,0.1291514102088264,0.08345253918467416,False,False,False,False,-7969.0,-6523.744301140237,False,False,False,False,9400.26402330921,False,False,False,False
2024-07-12 17:00:00+00:00,40.205,40.24,39.915,39.945,6642.0,,,,,,,,,,,,,,,,,,,,,,,39.27209287122888,"rgba(38, 166, 154, 1.0)",0.0,0.0,0.8998921456896168,39.487776530746636,0.5080869651362262,0.0,0.0,0.0,0.0,63.27357376192598,7.835383400032413,True,False,True,False,True,2.3505906109769086,0,0.866009389671362,0.8292957746478873,False,False,False,False,0.1385366634742069,0.11099460132944053,False,False,False,False,-7969.0,-6546.151366238838,False,False,False,False,9357.50024000209,False,False,False,False
2024-07-15 17:00:00+00:00,39.515,39.57,39.385,39.525,5790.0,,,,,,,,,,,,,,,,,,,,,,,39.28522132147213,"rgba(38, 166, 154, 1.0)",0.0,0.0,0.8999235453011417,39.488767915499075,0.04026129185096416,0.0,0.0,0.0,0.0,60.31168866736989,7.835383400032413,True,False,True,False,False,0.0,0,0.8718336483931951,0.8334593572778828,False,False,False,False,0.037102720942277984,0.07404866113585926,False,False,False,False,-13759.0,-6657.978476839786,False,False,False,False,9302.190158761747,False,False,False,False
2024-07-16 17:00:00+00:00,39.67,39.875,39.595,39.825,4849.0,,,,,,,,,,,,,,,,,,,,,,,39.30793564859112,"rgba(38, 166, 154, 1.0)",0.0,0.0,0.90117567354794,39.49318839143521,0.3681985858078537,1.0,40.175,39.57,0.0,60.48189474948303,7.835383400032413,True,False,True,False,False,1.5949556602517312,0,0.8826433725788079,0.8250094948727686,False,False,False,False,0.08042053354227219,0.07723459733906572,False,False,False,False,-8910.0,-6692.893539214363,False,False,False,False,9233.148450873967,False,False,False,False
2024-07-17 17:00:00+00:00,40.28,40.49,40.175,40.255,11112.0,,,,,,,,,,,,,,,,,,,,,,,39.40568521324008,"rgba(38, 166, 154, 1.0)",0.0,0.0,0.9062378921216578,39.51826947924231,0.812954884321684,0.0,0.0,0.0,0.0,63.01546525526312,7.835383400032413,True,False,True,False,False,3.9409354508458065,0,0.8843776742417044,0.8291337833983076,False,False,False,False,0.18239609995343478,0.12981534864625024,False,False,False,False,2202.0,-6554.988213024993,False,False,False,False,9262.277932255767,False,False,False,False
2024-07-18 17:00:00+00:00,40.6,40.715,40.42,40.66,6786.0,,,,,,,,,,,,,,,,,,,,,,,39.47295009142287,"rgba(38, 166, 154, 1.0)",0.0,0.0,0.9162889066011594,39.537283422718374,1.2252866636202944,0.0,0.0,0.0,0.0,66.45073144549755,10.747615555607268,True,False,True,False,True,6.05851383159521,0,0.8904825227963531,0.8187689969604862,False,False,False,False,0.22343592446350422,0.17662563655487723,False,False,False,False,8988.0,-6314.011651582744,False,False,False,False,9223.88602632932,False,False,False,False
2024-07-19 17:00:00+00:00,40.51,40.585,40.44,40.505,6213.0,,,,,,,,,,,,,,,,,,,,,,,39.523871124528775,"rgba(38, 166, 154, 1.0)",0.0,0.0,0.9210651638380551,39.5522901823522,1.0343565852364702,0.0,0.0,0.0,0.0,67.12775531793528,11.51306472979747,True,False,True,False,True,5.126023796664679,0,0.8941894857360944,0.8171930159335942,False,False,False,False,0.21376919848579137,0.19519741752033432,False,False,False,False,2775.0,-6173.09674225588,False,False,False,False,9177.20562282034,False,False,False,False
2024-07-22 17:00:00+00:00,40.695,40.77,40.525,40.58,8969.0,,,,,,,,,,,,,,,,,,,,,,,39.59675584124219,"rgba(38, 166, 154, 1.0)",0.0,0.0,0.9291725806784612,39.57501023748241,1.0815964476521331,0.0,0.0,0.0,0.0,67.94348839873177,12.52840431916141,True,False,True,False,True,5.520667058697676,0,0.9027751196172255,0.810622009569378,False,False,False,False,0.23757082729417203,0.2163841224072532,False,False,False,False,11744.0,-5895.3122966395085,False,False,False,False,9173.977628668086,False,False,False,False
2024-07-23 17:00:00+00:00,40.45,40.46,40.225,40.295,6488.0,,,,,,,,,,,,,,,,,,,,,,,39.630107918398004,"rgba(38, 166, 154, 1.0)",0.0,0.0,0.9331933115687999,39.58591810554555,0.759844595609462,0.0,0.0,0.0,0.0,65.49268486319639,12.52840431916141,True,False,True,False,False,3.795045078982618,0,0.8957754574192935,0.8184692020308459,False,False,False,False,0.18412921903050064,0.20025667071887693,False,False,False,False,5256.0,-5722.423733900911,False,False,False,False,9132.334564657729,False,False,False,False
2024-07-24 17:00:00+00:00,41.055,41.06,40.79,40.875,8111.0,,,,,,,,,,,,,,,,,,,,,,,39.699179319258356,"rgba(38, 166, 154, 1.0)",0.0,0.0,0.9337344520938557,39.60943054508869,1.355384769270672,0.0,0.0,0.0,0.0,66.85617836171534,12.52840431916141,True,False,True,False,False,6.828905687861997,0,0.897499052671467,0.8114816218264495,False,False,False,False,0.2873720627105149,0.24381436671469592,False,False,False,False,13367.0,-5426.463676010975,False,False,False,False,9116.49992024443,False,False,False,False
2024-07-25 17:00:00+00:00,41.03,41.03,40.65,40.72,16241.0,,,,,,,,,,,,,,,,,,,,,,,39.80665926224284,"rgba(38, 166, 154, 1.0)",0.0,0.0,0.9244593160475006,39.64878484437452,1.1587477534494766,0.0,0.0,0.0,0.0,66.27618987096221,12.52840431916141,True,False,True,False,False,5.889067975637964,0,0.8927927072452764,0.8201500332352104,False,False,False,False,0.2719804150593726,0.25789739088703423,False,False,False,False,-2874.0,-5386.890595762743,False,False,False,False,9226.957285822036,False,False,False,False
2024-07-26 17:00:00+00:00,41.085,41.095,40.965,41.015,10542.0,,,,,,,,,,,,,,,,,,,,,,,39.879270397548666,"rgba(38, 166, 154, 1.0)",0.0,0.0,0.910603591526459,39.67697934046774,1.4693777533748984,0.0,0.0,0.0,0.0,67.29467028590668,12.605503822822328,True,False,True,False,False,7.396981560702979,0,0.8879719218364641,0.8173970783532537,False,False,False,False,0.3065708546009369,0.28223412274398557,False,False,False,False,7668.0,-5184.489191177274,False,False,False,False,9247.345544956579,False,False,False,False
2024-07-29 17:00:00+00:00,41.02,41.17,40.95,41.065,6098.0,,,,,,,,,,,,,,,,,,,,,,,39.918674559974924,"rgba(38, 166, 154, 1.0)",0.0,0.0,0.8921122419585086,39.69289902816265,1.5380362551970936,0.0,0.0,0.0,0.0,68.2039040124447,13.770296691123136,True,False,True,False,True,7.651126783602319,0,0.8872984063364829,0.8186849890256703,False,False,False,False,0.31209615057602624,0.2971651366600059,False,False,False,False,13766.0,-4890.6831572055335,False,False,False,False,9198.518482244073,False,False,False,False
2024-07-30 17:00:00+00:00,41.5,41.5,41.235,41.245,6460.0,,,,,,,,,,,,,,,,,,,,,,,39.96668729743139,"rgba(38, 166, 154, 1.0)",0.0,0.0,0.8595493948355417,39.71250410873601,1.7829061371827246,0.0,0.0,0.0,0.0,69.64536233501423,15.408511325016761,True,False,True,False,True,8.56854227824499,0,0.8881252386407029,0.8156739213440243,False,False,False,False,0.34282823626202136,0.31999668646101365,False,False,False,False,20226.0,-4501.277216783743,False,False,False,False,9156.060831356568,False,False,False,False
2024-07-31 17:00:00+00:00,41.72,41.99,41.61,41.835,4773.0,,,,,,,,,,,,,,,,,,,,,,,40.01202924593877,"rgba(38, 166, 154, 1.0)",0.0,0.0,0.8583438222047741,39.73100569163798,2.451225550802731,0.0,0.0,0.0,0.0,72.7639519640469,18.510640070793485,True,False,True,False,True,11.463310206104456,0,0.9044230769230773,0.7995192307692305,False,False,False,False,0.3428282380019291,0.33141246223147136,False,False,False,False,24999.0,-4043.9085777638397,False,False,False,False,9088.106399862667,False,False,False,False
2024-08-01 17:00:00+00:00,42.005,42.035,41.71,41.74,17383.0,,,,,,,,,,,,,,,,,,,,,,,40.161240552053094,"rgba(38, 166, 154, 1.0)",0.0,0.0,0.8637806955993363,39.7948299318109,2.25192583962465,0.0,0.0,0.0,0.0,73.76507177660366,19.571245412540904,True,False,True,False,True,10.848672679228724,0,0.9151327262158501,0.7957760124006974,False,False,False,False,0.34282823826146586,0.3371203502464686,False,False,False,False,7616.0,-3863.1348013644,False,False,False,False,9216.709401415184,False,False,False,False
2024-08-02 17:00:00+00:00,42.35,42.655,42.28,42.56,10660.0,,,,,,,,,,,,,,,,,,,,,,,40.273332845911796,"rgba(38, 166, 154, 1.0)",0.0,0.0,0.9052459324394565,39.843904177656036,3.0003955002864604,0.0,0.0,0.0,0.0,76.72999376732967,22.445498997438847,True,False,True,False,True,14.628593312768594,0,0.9156845836926324,0.788540768420044,False,False,False,False,0.34282824011698454,0.33997429518172656,False,False,False,False,18276.0,-3519.8924013432465,False,False,False,False,9239.085999842857,False,False,False,False
2024-08-05 17:00:00+00:00,41.85,41.98,41.725,41.795,4731.0,,,,,,,,,,,,,,,,,,,,,,,40.30584703076653,"rgba(38, 166, 154, 1.0)",0.0,0.0,0.9254760255532589,39.85926842487779,2.091606396789168,0.0,0.0,0.0,0.0,72.37227699403607,26.979191430190596,True,False,True,False,False,9.868192772466198,0,0.9096362597600463,0.7912778518377451,False,False,False,False,0.257163889677275,0.2985690924295008,False,False,False,False,13545.0,-3255.3204261286223,False,False,False,False,9169.193193643741,False,False,False,False
2024-08-06 17:00:00+00:00,42.41,42.625,42.37,42.445,12861.0,,,,,,,,,,,,,,,,,,,,,,,40.4224273156834,"rgba(38, 166, 154, 1.0)",0.0,0.0,0.9649739435402874,39.913515357006425,2.623370983164673,0.0,0.0,0.0,0.0,71.6496711497658,26.35091817930993,True,False,True,False,False,12.735430805515467,0,0.9193304331378861,0.7778513334594287,False,False,False,False,0.34282824019931724,0.320698666314409,False,False,False,False,26406.0,-2795.454993165388,False,False,False,False,9226.43050847097,False,False,False,False
2024-08-07 17:00:00+00:00,42.68,42.99,42.64,42.695,18849.0,,,,,,,,,,,,,,,,,,,,,,,40.593837497116965,"rgba(38, 166, 154, 1.0)",0.0,0.0,1.0102036856428847,39.99639733924758,2.6713450951577693,0.0,0.0,0.0,0.0,71.886173644532,26.35091817930993,True,False,True,False,False,13.792912625497046,0,0.9263913824057458,0.767268260417651,False,False,False,False,0.34282824101588966,0.33176345366514937,False,False,False,False,45255.0,-2050.486698697707,False,False,False,False,9375.617632370644,False,False,False,False
2024-08-08 17:00:00+00:00,43.14,43.245,43.06,43.085,19928.0,,,,,,,,,,,,,,,,,,,,,,,40.775229273066365,"rgba(38, 166, 154, 1.0)",0.0,0.0,1.0670476107482667,40.087874848921125,2.8088017075237564,0.0,0.0,0.0,0.0,73.08150097039837,26.35091817930993,True,False,True,False,False,15.404102808905659,0,0.9183114552837858,0.763056001511002,False,False,False,False,0.3428282417869608,0.3372958477260551,False,False,False,False,65183.0,-1008.1070599582077,False,False,False,False,9539.22045977575,False,False,False,False
2024-08-09 17:00:00+00:00,43.04,43.11,42.815,42.95,8056.0,,,,,,,,,,,,,,,,,,,,,,,40.836576078804804,"rgba(38, 166, 154, 1.0)",0.0,0.0,1.111106635276262,40.120615536047616,2.5464562753231132,0.0,0.0,0.0,0.0,72.8213960040944,26.35091817930993,True,False,True,False,False,14.57127173688884,0,0.9218719969248518,0.758985200845666,False,False,False,False,0.31901821350252924,0.32815703061429213,False,False,False,False,57127.0,-106.78757065653008,False,False,False,False,9516.224793732716,False,False,False,False
2024-08-12 17:00:00+00:00,42.9,43.04,42.71,42.735,5073.0,,,,,,,,,,,,,,,,,,,,,,,40.87120838988743,"rgba(38, 166, 154, 1.0)",0.0,0.0,1.1493791430221778,40.1396949698589,2.258006025163292,0.0,0.0,0.0,0.0,70.9607936290736,25.056188245428714,True,False,True,False,False,13.250090028854103,0,0.9157844080846976,0.7641000962463907,False,False,False,False,0.30817110276451115,0.31816406668940167,False,False,False,False,52054.0,701.9068102838812,False,False,False,False,9447.337587628333,False,False,False,False
2024-08-13 17:00:00+00:00,42.895,43.48,42.85,43.465,10162.0,,,,,,,,,,,,,,,,,,,,,,,40.9517789764108,"rgba(38, 166, 154, 1.0)",0.0,0.0,1.2060782921712954,40.18339389736689,2.7208897829719305,0.0,0.0,0.0,0.0,72.0244305745924,25.056188245428714,True,False,True,False,False,16.252312770242064,0,0.9110282874617744,0.7603211009174312,False,False,False,False,0.34282824181381844,0.33049615425161005,False,False,False,False,62216.0,1655.6136814422707,False,False,False,False,9458.417625029444,False,False,False,False
2024-08-14 17:00:00+00:00,43.72,43.725,43.425,43.43,5469.0,,,,,,,,,,,,,,,,,,,,,,,40.997591131049774,"rgba(38, 166, 154, 1.0)",0.0,0.0,1.2589548897456158,40.20831695244551,2.559013888262085,0.0,0.0,0.0,0.0,72.45539388918667,25.056188245428714,True,False,True,False,False,16.0357729489015,0,0.9149484536082481,0.7592592592592593,False,False,False,False,0.34282824263555123,0.33666219844358064,False,False,False,False,56747.0,2509.743701885026,False,False,False,False,9396.566188982475,False,False,False,False
2024-08-15 17:00:00+00:00,43.52,43.67,43.5,43.62,12610.0,,,,,,,,,,,,,,,,,,,,,,,41.10001191156999,"rgba(38, 166, 154, 1.0)",0.0,0.0,1.3155707253254436,40.265133306399925,2.5501226418443994,0.0,0.0,0.0,0.0,73.31461204882157,25.056188245428714,True,False,True,False,True,16.800788868423773,0,0.9141011022424941,0.758076776890916,False,False,False,False,0.34282824265425693,0.33974522054891876,False,False,False,False,69357.0,3546.1352723984364,False,False,False,False,9446.386868223057,False,False,False,False
2024-08-16 17:00:00+00:00,43.595,43.83,43.595,43.785,5941.0,,,,,,,,,,,,,,,,,,,,,,,41.148071253837635,"rgba(38, 166, 154, 1.0)",0.0,0.0,1.3740026686048732,40.29218270999301,2.5420746042316686,0.0,0.0,0.0,0.0,74.37933471294562,25.056188245428714,True,False,True,False,True,17.46230221545971,0,0.9154485525938671,0.7580013375370211,False,False,False,False,0.3428282428876492,0.34128673171828394,False,False,False,False,75298.0,4658.567283679081,False,False,False,False,9392.039784994791,False,False,False,False
2024-08-19 17:00:00+00:00,44.085,44.19,43.95,44.035,18695.0,,,,,,,,,,,,,,,,,,,,,,,41.30594165387527,"rgba(38, 166, 154, 1.0)",0.0,0.0,1.4371197107628308,40.664709266879576,2.3451704878026143,0.0,0.0,0.0,0.0,75.80586333534325,22.514064805451042,True,False,True,False,True,18.455963367623276,0,0.9174687887162877,0.7562184313351759,False,False,False,False,0.34282824349526697,0.34205748760677546,False,False,False,False,93993.0,6043.597248273204,False,False,False,False,9536.2717263127,False,False,False,False
2024-08-20 17:00:00+00:00,43.44,43.645,43.325,43.61,16138.0,,,,,,,,,,,,,,,,,,,,,,,41.40527907361363,"rgba(38, 166, 154, 1.0)",0.0,0.0,1.4831674378331756,40.702580196689,1.960277531145491,0.0,0.0,0.0,0.0,72.85087547620797,22.514064805451042,True,False,True,False,False,15.737670160339196,0,0.9109304084720129,0.7612518910741303,False,False,False,False,0.280182606729621,0.3111200471681982,False,False,False,False,77855.0,7156.952329695325,False,False,False,False,9638.624102648937,False,False,False,False
2024-08-21 17:00:00+00:00,43.69,43.77,43.5,43.6,5189.0,,,,,,,,,,,,,,,,,,,,,,,41.436729187160694,"rgba(38, 166, 154, 1.0)",0.0,0.0,1.5265267796566777,40.71895176705481,1.8873224311159154,0.0,0.0,0.0,0.0,70.79323780413682,24.323001185599125,True,False,True,False,False,15.674347563793823,0,0.9252835223482327,0.7565043362241495,False,False,False,False,0.2960246961954206,0.3035723716818094,False,False,False,False,72666.0,8172.596479622529,False,False,False,False,9569.637682452829,False,False,False,False
2024-08-22 17:00:00+00:00,43.695,43.91,43.54,43.655,11733.0,,,,,,,,,,,,,,,,,,,,,,,41.507089271798336,"rgba(38, 166, 154, 1.0)",0.0,0.0,1.5681447493630594,40.75873078993134,1.8469399659980692,0.0,0.0,0.0,0.0,69.68502590463287,23.271168235568467,True,False,True,False,False,15.905795119346458,0,0.933667083854819,0.7477616251083086,False,False,False,False,0.3055992539918707,0.30458581283684005,False,False,False,False,84399.0,9354.401185364815,False,False,False,False,9603.178183500071,False,False,False,False
2024-08-23 17:00:00+00:00,44.05,44.17,44.02,44.035,3224.0,,,,,,,,,,,,,,,,,,,,,,,41.528823518859305,"rgba(38, 166, 154, 1.0)",0.0,0.0,1.6178835384984052,40.772621406066875,2.0164483513819604,0.0,0.0,0.0,0.0,70.63469154578368,23.271168235568467,True,False,True,False,False,17.48764780721019,0,0.9359747344243474,0.7404536319265004,False,False,False,False,0.3428282435353703,0.3237070281861052,False,False,False,False,87623.0,10567.867833653732,False,False,False,False,9504.276196158984,False,False,False,False
2024-08-26 17:00:00+00:00,44.005,44.035,43.825,43.865,8746.0,,,,,,,,,,,,,,,,,,,,,,,41.58223170192362,"rgba(38, 166, 154, 1.0)",0.0,0.0,1.6614351903977078,40.8055138264594,1.8414718739695353,0.0,0.0,0.0,0.0,69.51074941597236,23.04600570431657,True,False,True,False,False,16.371120515495953,0,0.9300726022162787,0.7440771876194119,False,False,False,False,0.324980034456645,0.32434353132137506,False,False,False,False,78877.0,11626.924146310264,False,False,False,False,9492.519976063495,False,False,False,False
2024-08-27 17:00:00+00:00,43.665,43.885,43.665,43.82,6469.0,,,,,,,,,,,,,,,,,,,,,,,41.61828547470707,"rgba(38, 166, 154, 1.0)",0.0,0.0,1.701819045334444,40.827378259813266,1.7584841046355904,0.0,0.0,0.0,0.0,68.28651757204324,21.778153550922156,True,False,True,False,False,16.074146647111203,0,0.9288103201146685,0.7473483038700433,False,False,False,False,0.3083940339785785,0.3163687826499768,False,False,False,False,72408.0,12569.266407607778,False,False,False,False,9445.643697364836,False,False,False,False
2024-08-28 17:00:00+00:00,43.765,43.805,43.58,43.775,11010.0,,,,,,,,,,,,,,,,,,,,,,,41.67512037978558,"rgba(38, 166, 154, 1.0)",0.0,0.0,1.7386807233237596,40.86206526663519,1.675370695889627,0.0,0.0,0.0,0.0,66.95954977828848,20.416300099329916,False,False,True,False,False,15.77309545230726,0,0.9278488261118539,0.7468982630272956,False,False,False,False,0.2996331456741501,0.30800096416206346,False,False,False,False,61398.0,13326.301036947192,False,False,False,False,9469.897283452203,False,False,False,False
2024-08-29 17:00:00+00:00,43.675,43.87,43.655,43.745,6544.0,,,,,,,,,,,,,,,,,,,,,,,41.708047863194125,"rgba(38, 166, 154, 1.0)",0.0,0.0,1.7737872319261174,40.88273245010236,1.6136476226574046,0.0,0.0,0.0,0.0,65.70713206201944,19.128527320830145,False,False,True,False,False,15.56943365980829,0,0.9275292762526401,0.7533115761182573,False,False,False,False,0.3070637033483405,0.30753233375520195,False,False,False,False,54854.0,13970.14133094801,False,False,False,False,9424.53453487155,False,False,False,False
2024-08-30 17:00:00+00:00,43.84,44.055,43.78,44.005,7016.0,,,,,,,,,,,,,,,,,,,,,,,41.745381057533976,"rgba(38, 166, 154, 1.0)",0.0,0.0,1.8133516998606092,40.907057239402626,1.7084070127353195,0.0,0.0,0.0,0.0,66.63002519642146,19.128527320830145,False,False,True,False,False,16.725693776466343,0,0.9268362938070096,0.7505520883341338,False,False,False,False,0.32363614157408727,0.3155842376646446,False,False,False,False,61870.0,14712.77479868525,False,False,False,False,9387.192914175866,False,False,False,False
2024-09-02 17:00:00+00:00,44.005,44.005,44.005,44.005,0.0,,,,,,,,,,,,,,,,,,,,,,,41.745381057533976,"rgba(38, 166, 154, 1.0)",0.0,0.0,1.8510658434417535,40.907057239402626,1.6735994408698396,0.0,0.0,0.0,0.0,67.2452872860228,19.128527320830145,False,False,True,False,True,16.725693776466354,0,0.9267370869270283,0.7559841069871115,False,False,False,False,0.33306745213694466,0.32432584490079464,False,False,False,False,61870.0,15443.894569248268,False,False,False,False,9241.655039537482,False,False,False,False
2024-09-03 17:00:00+00:00,44.38,44.58,44.365,44.565,5339.0,,,,,,,,,,,,,,,,,,,,,,,41.77994277154857,"rgba(38, 166, 154, 1.0)",0.0,0.0,1.900707578060673,40.930736964940934,1.9120579498963062,0.0,0.0,0.0,0.0,70.60735639060859,17.236149368460005,True,False,True,False,True,19.16203324173888,0,0.9230319563522997,0.7588659392049887,False,False,False,False,0.34282824410700696,0.3335770445039008,False,False,False,False,67209.0,16246.45434336845,False,False,False,False,9181.14875985473,False,False,False,False
2024-09-04 17:00:00+00:00,44.73,44.91,44.605,44.795,5640.0,,,,,,,,,,,,,,,,,,,,,,,41.819008476938585,"rgba(38, 166, 154, 1.0)",0.0,0.0,1.9530266139904304,40.95783620703711,1.9647268324330638,0.0,0.0,0.0,0.0,73.71683833795373,20.084634542107622,True,False,True,False,True,20.0,0,0.9258142926592129,0.7525522605736513,False,False,False,False,0.34282824450029875,0.3382026445020998,False,False,False,False,72849.0,17124.013190758087,False,False,False,False,9126.247228694192,False,False,False,False
2024-09-05 17:00:00+00:00,45.105,45.33,45.08,45.255,7269.0,,,,,,,,,,,,,,,,,,,,,,,41.87535640353874,"rgba(38, 166, 154, 1.0)",0.0,0.0,2.009854151850746,40.99744865653095,2.118338457319675,0.0,0.0,0.0,0.0,77.16355513527078,23.16492987636039,True,False,True,False,True,20.0,0,0.9325994592506764,0.7443028196214759,False,False,False,False,0.3428282450607036,0.3405154447814017,False,False,False,False,80118.0,18100.66414904091,False,False,False,False,9097.452698016763,False,False,False,False
2024-09-06 17:00:00+00:00,44.55,44.68,44.46,44.6,7341.0,,,,,,,,,,,,,,,,,,,,,,,41.91984483965244,"rgba(38, 166, 154, 1.0)",0.0,0.0,2.0478031692083563,41.027921075415215,1.744346809447359,0.0,0.0,0.0,0.0,72.52464880767656,27.061729425351103,True,False,True,False,False,17.42735102237988,0,0.9323156682027655,0.7470238095238099,False,False,False,False,0.2845019715155625,0.3125087081484821,False,False,False,False,72777.0,18948.35927851314,False,False,False,False,9070.22087324131,False,False,False,False
2024-09-09 17:00:00+00:00,45.035,45.115,44.925,44.985,9293.0,,,,,,,,,,,,,,,,,,,,,,,41.98284381145957,"rgba(38, 166, 154, 1.0)",0.0,0.0,2.0922707458342575,41.071821897079516,1.8703019724916956,0.0,0.0,0.0,0.0,71.15550913735856,25.99263192696698,False,False,True,False,False,19.006105941666217,0,0.9354992833253708,0.7443860487338751,False,False,False,False,0.32561864430131454,0.3190636762248983,False,False,False,False,82070.0,19926.989367218364,False,False,False,False,9073.674813191057,False,False,False,False
2024-09-10 17:00:00+00:00,44.645,44.65,44.4,44.525,6535.0,,,,,,,,,,,,,,,,,,,,,,,42.01879340602744,"rgba(38, 166, 154, 1.0)",0.0,0.0,2.1168024224040045,41.096587802747244,1.6196184211463553,0.0,0.0,0.0,0.0,66.61609283122338,21.905699329898667,False,True,True,False,False,15.964916620797958,0,0.9389532102191182,0.7450004784231177,False,False,False,False,0.2804434271898322,0.29975355170736523,False,False,False,False,75535.0,20789.129066951413,False,False,False,False,9034.315513761738,False,False,False,False
2024-09-11 17:00:00+00:00,44.52,44.795,44.505,44.765,11306.0,,,,,,,,,,,,,,,,,,,,,,,42.08254546478674,"rgba(38, 166, 154, 1.0)",0.0,0.0,2.1305755683036023,41.14103837130994,1.7009308107177425,0.0,0.0,0.0,0.0,64.79818441840806,20.347587072220648,False,True,True,False,False,16.96447608920696,0,0.9349851147603961,0.7489676366080863,False,False,False,False,0.29173985575847344,0.29574670373291934,False,False,False,False,86841.0,21813.18908141728,False,False,False,False,9069.535428277059,False,False,False,False
2024-09-12 17:00:00+00:00,44.925,45.34,44.925,45.195,8560.0,,,,,,,,,,,,,,,,,,,,,,,42.1370823158397,"rgba(38, 166, 154, 1.0)",0.0,0.0,2.16084615558537,41.17959015540262,1.85825808756367,0.0,0.0,0.0,0.0,65.48687722925537,20.347587072220648,False,True,True,False,False,18.707020402733615,0,0.9404580152671761,0.739026717557252,False,False,False,False,0.33606113663590703,0.31590392018441316,False,False,False,False,95401.0,22954.08537472864,False,False,False,False,9061.635654195245,False,False,False,False
2024-09-13 17:00:00+00:00,45.14,45.57,45.115,45.515,6648.0,,,,,,,,,,,,,,,,,,,,,,,42.181475299457865,"rgba(38, 166, 154, 1.0)",0.0,0.0,2.2062475010832308,41.211140121271214,1.9507602282226555,0.0,0.0,0.0,0.0,67.1550146991995,20.347587072220648,False,True,True,False,True,19.96191905106179,0,0.9465337132003804,0.7331433998100666,False,False,False,False,0.34282824522038957,0.32936608270240136,False,False,False,False,102049.0,24180.363120856877,False,False,False,False,9024.214946378264,False,False,False,False
2024-09-16 17:00:00+00:00,45.575,45.79,45.56,45.655,3468.0,,,,,,,,,,,,,,,,,,,,,,,42.20604835186272,"rgba(38, 166, 154, 1.0)",0.0,0.0,2.2509328756786093,41.5457790597924,1.8255635184006787,0.0,0.0,0.0,0.0,68.76994043292444,20.347587072220648,False,True,True,False,True,20.0,0,0.9540437678401528,0.7313986679352997,False,False,False,False,0.34282824558490077,0.3360971641436511,False,False,False,False,105517.0,25441.396250766073,False,False,False,False,8938.072078992554,False,False,False,False
2024-09-17 17:00:00+00:00,45.295,45.365,45.245,45.34,7717.0,,,,,,,,,,,,,,,,,,,,,,,42.25407511667579,"rgba(38, 166, 154, 1.0)",0.0,0.0,2.288166581852438,41.56028820972252,1.6518516703523956,0.0,0.0,0.0,0.0,67.09680651367164,20.347587072220648,False,True,True,False,True,18.391403877573143,0,0.9462559241706164,0.7362085308056873,False,False,False,False,0.3104926779173645,0.32329492103050783,False,False,False,False,97800.0,26563.235068583654,False,False,False,False,8919.140728930655,False,False,False,False
2024-09-18 17:00:00+00:00,45.115,45.365,44.815,44.89,3678.0,,,,,,,,,,,,,,,,,,,,,,,42.27430433740618,"rgba(38, 166, 154, 1.0)",0.0,0.0,2.316980187483085,41.566635648050124,1.434351648712205,0.0,0.0,0.0,0.0,62.67693512022775,18.156744808698065,False,True,True,False,False,15.473678214818644,0,0.940534437335341,0.7352277004140009,False,False,False,False,0.2919919876954947,0.3076434543630013,False,False,False,False,94122.0,27610.657780698635,False,False,False,False,8837.882733133281,False,False,False,False
2024-09-19 17:00:00+00:00,44.73,44.765,44.445,44.61,4855.0,,,,,,,,,,,,,,,,,,,,,,,42.296579535268606,"rgba(38, 166, 154, 1.0)",0.0,0.0,2.3389942244439053,41.56887841871516,1.3001834504349263,0.0,0.0,0.0,0.0,57.96869369294719,13.80304578761072,False,True,True,False,False,13.713936838871923,0,0.936849995315282,0.7429963459196103,False,False,False,False,0.25094127621132034,0.27929236528716084,False,False,False,False,89267.0,28566.570063168423,False,False,False,False,8776.132613239743,False,False,False,False
2024-09-20 17:00:00+00:00,44.305,44.715,44.28,44.69,21214.0,,,,,,,,,,,,,,,,,,,,,,,42.38731732648494,"rgba(38, 166, 154, 1.0)",0.0,0.0,2.3554650503888963,41.805711262433505,1.2245092480104027,0.0,0.0,0.0,0.0,55.35443107724738,11.443742489658014,False,True,True,False,False,14.059508745671309,0,0.9381964603427292,0.7420170427942692,False,False,False,False,0.24195794487017885,0.26062515507866985,False,False,False,False,110481.0,29836.561224979763,False,False,False,False,8968.967766522848,False,False,False,False
2024-09-23 17:00:00+00:00,45.03,45.075,44.92,45.005,8315.0,,,,,,,,,,,,,,,,,,,,,,,42.42770636573213,"rgba(38, 166, 154, 1.0)",0.0,0.0,2.374268416484007,41.84158168435719,1.332376025254735,0.0,0.0,0.0,0.0,55.59537634019298,11.443742489658014,False,True,True,False,False,15.409552496429587,0,0.9456470808733956,0.7459469590478868,False,False,False,False,0.28409247985035513,0.2723588174645125,False,False,False,False,118796.0,31215.77733001884,False,False,False,False,8958.828731382959,False,False,False,False
2024-09-24 17:00:00+00:00,45.115,45.245,45.025,45.145,14528.0,,,,,,,,,,,,,,,,,,,,,,,42.49899423373061,"rgba(38, 166, 154, 1.0)",0.0,0.0,2.390671082609481,41.901678328128064,1.3566574237104034,0.0,0.0,0.0,0.0,56.58035579460548,11.443742489658014,False,True,True,False,False,16.002298170163865,0,0.9431434994379921,0.7457849381790934,False,False,False,False,0.2958477874727184,0.2841033024686155,False,False,False,False,133324.0,32798.85054970847,False,False,False,False,9045.172471981672,False,False,False,False
2024-09-25 17:00:00+00:00,45.185,45.305,44.96,45.005,12021.0,,,,,,,,,,,,,,,,,,,,,,,42.55417651585348,"rgba(38, 166, 154, 1.0)",0.0,0.0,2.398953371635064,41.94316259336768,1.2763221840137111,0.0,0.0,0.0,0.0,56.074408383133495,11.443742489658014,False,True,True,False,False,15.0879067001746,0,0.9388552815262917,0.7457422056770592,False,False,False,False,0.2956333529232866,0.28986832769595106,False,False,False,False,121303.0,34171.00790552694,False,False,False,False,9091.309332881181,False,False,False,False
2024-09-26 17:00:00+00:00,45.415,45.515,45.185,45.38,7476.0,,,,,,,,,,,,,,,,,,,,,,,42.5908545242071,"rgba(38, 166, 154, 1.0)",0.0,0.0,2.4100946899270115,41.97333444180773,1.4134986365599778,0.0,0.0,0.0,0.0,58.016747204955415,11.443742489658014,False,True,True,False,True,16.689325875984988,0,0.9440884183152228,0.7390173678833473,False,False,False,False,0.31439073075106483,0.30212952922350794,False,False,False,False,128779.0,35637.79848063505,False,False,False,False,9066.265777332634,False,False,False,False
2024-09-27 17:00:00+00:00,45.52,45.705,45.45,45.565,6226.0,,,,,,,,,,,,,,,,,,,,,,,42.622973391843715,"rgba(38, 166, 154, 1.0)",0.0,0.0,2.4180217698108595,42.000840463568686,1.4739981173577708,0.0,0.0,0.0,0.0,60.3007473840198,11.443742489658014,False,True,True,False,True,17.463517069033088,0,0.9443673053781362,0.737017495140239,False,False,False,False,0.33424269671380963,0.3181861129686588,False,False,False,False,135005.0,37178.375248377146,False,False,False,False,9022.230649001896,False,False,False,False
2024-09-30 17:00:00+00:00,45.285,45.51,45.175,45.44,4530.0,,,,,,,,,,,,,,,,,,,,,,,42.64436950473774,"rgba(38, 166, 154, 1.0)",0.0,0.0,2.415083980036841,42.01764434737175,1.4170752159831896,0.0,0.0,0.0,0.0,60.61481647724607,11.443742489658014,False,True,True,False,True,16.624780994228,0,0.9398745850239768,0.7399483585392844,False,False,False,False,0.31374041538983194,0.31596326417924536,False,False,False,False,130475.0,38624.83454685192,False,False,False,False,8952.583662195664,False,False,False,False
2024-10-01 17:00:00+00:00,45.53,45.695,45.38,45.615,3943.0,,,,,,,,,,,,,,,,,,,,,,,42.66399002279788,"rgba(38, 166, 154, 1.0)",0.0,0.0,2.4051132317746733,42.03381498820451,1.4889881126939803,0.0,0.0,0.0,0.0,61.86948201094233,7.151682544745434,False,True,True,False,True,17.37156277930075,0,0.9505636666050642,0.7342450563666606,False,False,False,False,0.3307341846398873,0.3233487244095663,False,False,False,False,134418.0,40109.99990271468,False,False,False,False,8874.915698440693,False,False,False,False
2024-10-02 17:00:00+00:00,45.69,45.84,45.63,45.805,7544.0,,,,,,,,,,,,,,,,,,,,,,,42.70327943542686,"rgba(38, 166, 154, 1.0)",0.0,0.0,2.3947654533537377,42.29790090582287,1.4644854214284864,0.0,0.0,0.0,0.0,63.77382874947458,9.206185866027099,False,True,True,False,True,18.17690333070106,0,0.9627704020053853,0.7264877912914307,False,False,False,False,0.3428282456476212,0.3330884850285938,False,False,False,False,141962.0,41689.10067941677,False,False,False,False,8854.281346526885,False,True,False,False
2024-10-03 17:00:00+00:00,45.085,45.105,44.755,44.9,30903.0,,,,,,,,,,,,,,,,,,,,,,,42.81287579733493,"rgba(38, 166, 154, 1.0)",0.0,0.0,2.3677746898685137,42.32137240495142,1.0890510850049568,0.0,0.0,0.0,0.0,57.71725736378588,12.61175145750471,False,True,True,False,False,12.250648895207473,0,0.9499128520319242,0.736537932299789,False,False,False,False,0.273744497642392,0.30341649133549287,False,False,False,False,111059.0,42764.60299446457,False,False,False,False,9196.121945805537,False,False,False,False
2024-10-04 17:00:00+00:00,44.51,44.555,44.315,44.46,10148.0,,,,,,,,,,,,,,,,,,,,,,,42.83892414293263,"rgba(239, 83, 80, 1.0)",0.0,0.0,2.330289039799347,42.32537710628404,0.9160335294285076,0.0,0.0,0.0,0.0,51.38391526409841,6.925148578610894,False,True,False,False,False,9.581782249182375,0,0.9398633257403194,0.7440546697038725,False,False,False,False,0.2325339687112265,0.26797523002335966,False,False,False,False,100911.0,43666.097521682175,False,False,False,False,9210.879745095373,False,False,False,False
2024-10-07 17:00:00+00:00,43.845,43.94,43.555,43.675,15664.0,,,,,,,,,,,,,,,,,,,,,,,42.8602087843371,"rgba(239, 83, 80, 1.0)",0.0,0.0,2.303180200513192,42.30757917525773,0.5937098731734413,0.0,0.0,0.0,0.0,44.159809640004696,0.615717285653993,False,True,False,True,False,5.120178257503618,0,0.9400642496558059,0.7422670949977055,False,False,False,False,0.17652847189849055,0.2222518509609251,False,False,False,False,85247.0,44310.76267638477,False,False,False,False,9310.928121140405,False,False,False,False
2024-10-08 17:00:00+00:00,43.5,43.61,43.32,43.6,7613.0,,,,,,,,,,,,,,,,,,,,,,,42.86772137481092,"rgba(239, 83, 80, 1.0)",0.0,0.0,2.268351481019067,42.298871183731634,0.5736010610153895,0.0,0.0,0.0,0.0,39.10217388444695,-3.6089996282463943,False,True,False,True,False,4.710263115079368,0,0.9400367309458223,0.7441689623507807,False,False,False,False,0.15384818891720137,0.18805001993906323,False,False,False,False,77634.0,44827.4020147354,False,False,False,False,9284.60365414598,False,False,False,False
2024-10-09 17:00:00+00:00,43.41,43.42,43.295,43.34,9248.0,,,,,,,,,,,,,,,,,,,,,,,42.87442403348289,"rgba(239, 83, 80, 1.0)",0.0,0.0,2.219821249195153,42.28768833076657,0.4740524353548613,0.0,0.0,0.0,0.0,34.8911280764214,-7.157425856300939,False,True,False,True,False,3.29328680640808,0,0.9430886821990979,0.7426098167418732,False,False,False,False,0.14525994630946748,0.16665498312426535,False,False,False,False,68386.0,45192.651595902295,False,False,False,False,9284.036155632088,False,False,False,False
2024-10-10 17:00:00+00:00,43.04,43.19,42.94,43.13,5005.0,,,,,,,,,,,,,,,,,,,,,,,42.87600308593802,"rgba(239, 83, 80, 1.0)",0.0,0.0,2.1758215969195573,42.43073147161573,0.32138137123662625,0.0,0.0,0.0,0.0,31.43832727896006,-10.158927885525813,False,True,False,True,False,2.1627725551298624,0,0.9418690213392205,0.742365710080942,False,False,False,False,0.12199553298324219,0.14432525805375376,False,False,False,False,63381.0,45474.641493640236,False,False,False,False,9217.694509808332,False,False,False,False
2024-10-11 17:00:00+00:00,43.46,43.475,43.365,43.395,5789.0,,,,,,,,,,,,,,,,,,,,,,,42.880573276366036,"rgba(239, 83, 80, 1.0)",0.0,0.0,2.1264635489998827,42.43728477923635,0.4503793263769253,0.0,0.0,0.0,0.0,31.503156115903288,-10.158927885525813,False,True,False,True,False,3.49232260811306,0,0.9500736919675759,0.7377487103905676,False,False,False,False,0.1467945632789224,0.14555991066633808,False,False,False,False,69170.0,45842.01139296364,False,False,False,False,9164.5364553927,False,False,False,False
2024-10-14 17:00:00+00:00,43.64,43.69,43.53,43.635,2588.0,,,,,,,,,,,,,,,,,,,,,,,42.8833765449137,"rgba(239, 83, 80, 1.0)",0.0,0.0,2.0682850057148348,42.44105638506161,0.5772626169214737,0.0,0.0,0.0,0.0,33.539780622661084,-10.158927885525813,False,True,False,True,False,4.678578060549022,0,0.9499953699416616,0.7372904898601723,False,False,False,False,0.15250907933338495,0.14903449499986152,False,False,False,False,71758.0,46243.80966594095,False,False,False,False,9062.574649882734,False,False,False,False
2024-10-15 17:00:00+00:00,44.15,44.515,44.115,44.46,21916.0,,,,,,,,,,,,,,,,,,,,,,,42.92951270135689,"rgba(38, 166, 154, 1.0)",0.0,0.0,2.0161806234328945,42.51155264322437,0.9664051594038554,0.0,0.0,0.0,0.0,40.153986544358915,-18.283825601247365,False,True,False,True,True,8.545509846210646,0,0.9437551695616214,0.738626964433416,False,False,False,False,0.20487368240541398,0.17695408870263774,False,False,False,False,93674.0,46979.1614540659,False,False,False,False,9261.852562287651,False,False,False,False
2024-10-16 17:00:00+00:00,44.715,45.005,44.705,44.86,8238.0,,,,,,,,,,,,,,,,,,,,,,,42.95183350439126,"rgba(38, 166, 154, 1.0)",0.0,0.0,1.97603190512958,42.54075116160648,1.1736899755378358,0.0,0.0,0.0,0.0,46.44629920094388,-12.4322158971205,False,True,False,False,True,10.305562953795608,0,0.9427575451793415,0.7369966058159801,False,False,False,False,0.25617017106084905,0.2165621298817434,False,False,False,False,101912.0,47830.83336950674,False,False,False,False,9245.978879151407,False,False,False,False
2024-10-17 17:00:00+00:00,44.67,44.76,44.49,44.755,7137.0,,,,,,,,,,,,,,,,,,,,,,,42.96888627504475,"rgba(38, 166, 154, 1.0)",0.0,0.0,1.9308615730845031,42.55869414286879,1.1374745283384924,0.0,0.0,0.0,0.0,49.96141222777851,-9.195523458619945,False,True,False,False,True,9.704649505183703,0,0.9334927789531784,0.7428019501425812,False,False,False,False,0.23417504433650982,0.2253685871091266,False,False,False,False,94775.0,48558.64990641361,False,False,False,False,9213.28153218782,False,False,False,False
2024-10-18 17:00:00+00:00,45.025,45.04,44.865,44.955,8752.0,,,,,,,,,,,,,,,,,,,,,,,42.992771174362694,"rgba(38, 166, 154, 1.0)",0.0,0.0,1.8820236616639576,42.846968285611595,1.1200877849349804,0.0,0.0,0.0,0.0,53.292937413307136,-6.009062540722056,False,True,True,False,True,10.586562351436136,0,0.9352319706017458,0.7434083601286177,False,False,False,False,0.2655667333308113,0.24546766021996896,False,False,False,False,103527.0,49410.87238848471,False,False,False,False,9206.129880525994,False,False,False,False
2024-10-21 17:00:00+00:00,44.815,44.975,44.765,44.84,3517.0,,,,,,,,,,,,,,,,,,,,,,,43.001758924962516,"rgba(38, 166, 154, 1.0)",0.0,0.0,1.8298306474092476,42.85415896046999,1.0852594705098277,0.0,0.0,0.0,0.0,54.660924703180584,-4.498635112958453,False,True,True,False,True,9.913643559300546,0,0.9326719941214293,0.7458436667585195,False,False,False,False,0.2576128787046469,0.2515402694623079,False,False,False,False,100010.0,50195.354987112856,False,False,False,False,9117.926316486832,False,False,False,False
2024-10-22 17:00:00+00:00,44.605,44.84,44.585,44.755,7898.0,,,,,,,,,,,,,,,,,,,,,,,43.02020461327657,"rgba(38, 166, 154, 1.0)",0.0,0.0,1.77310291465157,42.865504378161944,1.065643514668386,0.0,0.0,0.0,0.0,54.917153211798556,-3.8104853743070137,False,True,True,False,True,9.413077020793224,0,0.9286894273127755,0.7494493392070487,False,False,False,False,0.24251546479398392,0.2470278671281459,False,False,False,False,92112.0,50845.22545242894,False,False,False,False,9099.01273018471,False,False,False,False
2024-10-23 17:00:00+00:00,44.735,44.89,44.715,44.89,6407.0,,,,,,,,,,,,,,,,,,,,,,,43.035783793373604,"rgba(38, 166, 154, 1.0)",0.0,0.0,1.731120940810219,42.87943106674351,1.1614260366554656,0.0,0.0,0.0,0.0,55.945321892283225,-2.259598431205177,False,False,True,False,True,10.033747261633259,0,0.9342723004694836,0.7475835404584371,False,False,False,False,0.2511288605415681,0.249078363834857,False,False,False,False,98519.0,51584.353739988175,False,False,False,False,9057.276098708979,False,False,False,False
2024-10-24 17:00:00+00:00,44.07,44.235,43.825,44.225,8315.0,,,,,,,,,,,,,,,,,,,,,,,43.04747574405117,"rgba(38, 166, 154, 1.0)",0.0,0.0,1.6830069936100938,42.87171419680814,0.8040880449872796,0.0,0.0,0.0,0.0,51.946027382443496,-2.259598431205177,False,True,False,False,False,6.172612231376036,0,0.9226912207129184,0.7580454006746287,False,False,False,False,0.17823924615624298,0.21365880499554998,False,False,False,False,90204.0,52183.107945569755,False,False,False,False,9045.767942139846,False,False,False,False
2024-10-25 17:00:00+00:00,43.895,43.99,43.785,43.81,10019.0,,,,,,,,,,,,,,,,,,,,,,,43.05816266324295,"rgba(38, 166, 154, 1.0)",0.0,0.0,1.6299771954409676,42.86019851905128,0.5827084474588408,0.0,0.0,0.0,0.0,47.15008068469913,5.0859075849735405,False,True,False,True,False,3.891461161960173,0,0.9216631789646076,0.7580747884632884,False,False,False,False,0.1650175449281067,0.18933817496182834,False,False,False,False,80185.0,52617.245806878745,False,False,False,False,9060.856811253958,False,False,False,False
2024-10-28 17:00:00+00:00,43.995,44.025,43.825,43.89,8910.0,,,,,,,,,,,,,,,,,,,,,,,43.068029825458794,"rgba(38, 166, 154, 1.0)",0.0,0.0,1.5594494726208996,42.85581405671933,0.6631737426814841,0.0,0.0,0.0,0.0,44.588968125841944,2.459449927153706,False,True,False,True,False,4.282381232270424,0,0.9209562190877453,0.7644257189961534,False,False,False,False,0.16849121725952204,0.17891469611067518,False,False,False,False,89095.0,53182.79238351629,False,False,False,False,9058.517945963198,False,False,False,False
2024-10-29 17:00:00+00:00,43.26,43.31,43.025,43.265,10823.0,,,,,,,,,,,,,,,,,,,,,,,43.06985389172258,"rgba(239, 83, 80, 1.0)",0.0,0.0,1.4948786536669567,42.83068741881264,0.2905336698212855,0.0,0.0,0.0,0.0,40.09580250567126,-1.9410392663884792,False,True,False,True,False,0.9536493663040915,0,0.9126240101938657,0.7754619095294443,False,False,False,False,0.09898412566369888,0.13894941088718704,False,False,False,False,78272.0,53571.772346562546,False,False,False,False,9085.874256878496,False,False,False,False
2024-10-30 17:00:00+00:00,43.065,43.275,43.05,43.24,6847.0,,,,,,,,,,,,,,,,,,,,,,,43.0708809130443,"rgba(239, 83, 80, 1.0)",0.0,0.0,1.4409749421081988,42.817571997348224,0.29315430151321714,0.0,0.0,0.0,0.0,37.00247777170334,-4.98424494303498,False,True,False,True,False,0.8237099016054401,0,0.9121498726809751,0.7749181520552932,False,False,False,False,0.09852920562578607,0.11873930825648656,False,False,False,False,71425.0,53848.56657374762,False,False,False,False,9051.163028089682,False,False,False,False
2024-10-31 17:00:00+00:00,43.425,43.675,43.235,43.245,7344.0,,,,,,,,,,,,,,,,,,,,,,,43.073774549094416,"rgba(239, 83, 80, 1.0)",0.0,0.0,1.3968141776366638,42.809280689980724,0.3119379205876098,0.0,0.0,0.0,0.0,34.98913480101283,-7.084708511381194,False,True,False,True,False,0.8495985784452031,0,0.9148762578188743,0.7711902819327353,False,False,False,False,0.1252169048315172,0.12197810654400187,False,False,False,False,78769.0,54234.92988268177,False,False,False,False,9024.69538424333,False,False,False,False
2024-11-01 17:00:00+00:00,42.83,42.885,42.665,42.795,8898.0,,,,,,,,,,,,,,,,,,,,,,,43.070550273095925,"rgba(239, 83, 80, 1.0)",0.0,0.0,1.3488285708396957,42.787395628100924,0.005637760100487399,0.0,0.0,0.0,0.0,31.823547316360212,-10.306540697572437,False,True,False,True,False,0.0,0,0.9092794661376141,0.7824871494273609,False,False,False,False,0.06338165980101741,0.09267988317250964,False,False,False,False,69871.0,54477.34957442313,False,False,False,False,9022.731114720178,False,False,False,False
2024-11-04 17:00:00+00:00,42.45,42.605,42.385,42.57,14985.0,,,,,,,,,,,,,,,,,,,,,,,43.06050292773702,"rgba(239, 83, 80, 1.0)",0.0,0.0,1.3035638709958586,42.850362355462124,-0.21507373877118957,0.0,0.0,0.0,0.0,28.945045601263928,-13.247985329586513,False,True,False,True,False,0.0,0,0.8980512450378927,0.7895164200649587,False,False,False,False,0.03808665977037736,0.0653832714714435,False,False,False,False,54886.0,54483.68523993595,False,False,False,False,9115.169392011338,False,False,False,False
2024-11-05 17:00:00+00:00,43.76,44.155,43.72,44.075,20093.0,,,,,,,,,,,,,,,,,,,,,,,43.082545629979215,"rgba(38, 166, 154, 1.0)",0.0,0.0,1.2367759124666033,42.91981220119222,0.9340316116796736,0.0,0.0,0.0,0.0,37.39143821767867,-20.907607883519,False,True,False,True,True,4.819294846419979,0,0.9023024268823898,0.792870477375767,False,False,False,False,0.16964999972085545,0.11751663559614947,False,False,False,False,74979.0,54801.442057921435,False,False,False,False,9285.368316166201,False,False,False,False
2024-11-06 17:00:00+00:00,43.39,43.635,43.3,43.585,10163.0,,,,,,,,,,,,,,,,,,,,,,,43.08760847248193,"rgba(38, 166, 154, 1.0)",0.0,0.0,1.1866356294655316,42.9203727161753,0.5600938209853453,0.0,0.0,0.0,0.0,40.685715364238675,-17.92572590807788,False,True,False,True,True,2.346762944748381,0,0.8893102840007058,0.8001411183630271,False,False,False,False,0.1263610999733044,0.12193886778472694,False,False,False,False,64816.0,54956.706522139706,False,False,False,False,9298.975008938818,False,False,False,False
2024-11-07 17:00:00+00:00,43.735,43.995,43.58,43.85,8222.0,,,,,,,,,,,,,,,,,,,,,,,43.09450222392846,"rgba(38, 166, 154, 1.0)",0.0,0.0,1.1265526342953438,42.92831970926274,0.8181422355944983,0.0,0.0,0.0,0.0,44.16215900529663,-14.652401889749143,False,True,False,True,True,3.5678633517208773,0,0.8992856512920012,0.7897521827321635,False,False,False,False,0.155773446782263,0.13885615728349496,False,False,False,False,73038.0,55237.0366535794,False,False,False,False,9282.277721978526,False,False,False,False
2024-11-08 17:00:00+00:00,44.02,44.27,43.97,44.16,12050.0,,,,,,,,,,,,,,,,,,,,,,,43.10886355987945,"rgba(38, 166, 154, 1.0)",0.0,0.0,1.0731393996919092,42.949149167769065,1.1283257632499177,0.0,0.0,0.0,0.0,47.905268575378685,-11.061017399420159,False,False,False,False,True,4.972787858430657,0,0.9055041831792164,0.7836195508586528,False,False,False,False,0.18662139395665878,0.16273877562007688,False,False,False,False,85088.0,55699.84228685724,False,False,False,False,9325.188144893587,False,False,False,False
2024-11-11 17:00:00+00:00,44.57,44.595,44.23,44.285,6516.0,,,,,,,,,,,,,,,,,,,,,,,43.11822131071624,"rgba(38, 166, 154, 1.0)",0.0,0.0,1.0174751253129333,42.96321369374064,1.2990846393938411,0.0,0.0,0.0,0.0,50.96822421783759,-8.04280993325716,False,False,True,False,True,5.534932471327071,0,0.9061119943472886,0.7846670199611377,False,False,False,False,0.21404982565574815,0.18839430063791252,False,False,False,False,91604.0,56256.495894812935,False,False,False,False,9281.634840321594,False,False,False,False
2024-11-12 17:00:00+00:00,44.255,44.325,44.055,44.26,9583.0,,,,,,,,,,,,,,,,,,,,,,,43.130042869206676,"rgba(38, 166, 154, 1.0)",0.0,0.0,0.963960570761024,42.97831869344857,1.3295993066807388,0.0,0.0,0.0,0.0,52.848145753496354,-6.019078017949859,True,False,True,False,True,5.403210407662467,0,0.9055668643242767,0.7839631825825296,False,False,False,False,0.19315875397234,0.19077652730512626,False,False,False,False,82021.0,56655.94557086234,False,False,False,False,9286.307168378624,False,False,False,False
2024-11-13 17:00:00+00:00,43.92,44.1,43.79,44.005,9631.0,,,,,,,,,,,,,,,,,,,,,,,43.1390040247241,"rgba(38, 166, 154, 1.0)",0.0,0.0,0.9277385465802027,42.98652879909429,1.0977998107979536,0.0,0.0,0.0,0.0,52.421856038598555,-6.019078017949859,True,False,True,False,True,4.057378768067441,0,0.899215928112061,0.7864505329926881,False,False,False,False,0.1703454856817359,0.1805610064934311,False,False,False,False,72390.0,56899.88439922107,False,False,False,False,9291.651243287482,False,False,False,False
2024-11-14 17:00:00+00:00,44.505,44.56,44.25,44.295,10093.0,,,,,,,,,,,,,,,,,,,,,,,43.15267689150962,"rgba(38, 166, 154, 1.0)",0.0,0.0,0.885764204077564,43.003934647532404,1.4575722822442516,0.0,0.0,0.0,0.0,53.78815321872754,-4.214453524124721,True,False,True,False,True,5.409143976873818,0,0.9016178399650201,0.7818976825535637,False,False,False,False,0.21334272542100208,0.1969518659572166,False,False,False,False,82483.0,57296.52185039593,False,False,False,False,9304.07525501946,False,False,False,False
2024-11-15 17:00:00+00:00,44.05,44.165,43.975,44.165,10871.0,,,,,,,,,,,,,,,,,,,,,,,43.16391078663463,"rgba(38, 166, 154, 1.0)",0.0,0.0,0.8663274821372348,43.01507814337718,1.3273523930996098,0.0,0.0,0.0,0.0,53.775248059217546,-3.613813149871092,True,False,True,False,True,4.714359870399278,0,0.8975767085076712,0.7876569037656905,False,False,False,False,0.1819615179725344,0.1894566919648755,False,False,False,False,71612.0,57518.46724806421,False,False,False,False,9328.36866191838,False,False,False,False
2024-11-18 17:00:00+00:00,44.05,44.225,43.955,44.19,7067.0,,,,,,,,,,,,,,,,,,,,,,,43.1712375986194,"rgba(38, 166, 154, 1.0)",0.0,0.0,0.8209933172852021,43.02233573782303,1.4222579375409694,0.0,0.0,0.0,0.0,53.92846732965173,-2.7876842165080546,True,False,True,False,True,4.833332173750854,0,0.9051120448179275,0.7851015406162467,False,False,False,False,0.18382451955818868,0.18664060576153207,False,False,False,False,78679.0,57846.537523288025,False,False,False,False,9293.308682663832,False,False,False,False
2024-11-19 17:00:00+00:00,44.485,44.825,44.41,44.755,8189.0,,,,,,,,,,,,,,,,,,,,,,,43.184325540833406,"rgba(38, 166, 154, 1.0)",0.0,0.0,0.7976345942509505,43.0394560619892,2.150789284185763,0.0,0.0,0.0,0.0,57.24416074462738,0.8957481030908738,True,False,True,False,True,7.469433044442464,0,0.9160204441311247,0.7700916461050406,False,False,False,False,0.23346165328197127,0.21005112952175167,False,False,False,False,86868.0,58296.48267796573,False,False,False,False,9276.187617816331,False,False,False,False
2024-11-20 17:00:00+00:00,44.605,44.78,44.535,44.695,5835.0,,,,,,,,,,,,,,,,,,,,,,,43.19355343073334,"rgba(38, 166, 154, 1.0)",0.0,0.0,0.7791455530212081,43.05123357543822,2.1097039162810183,0.0,0.0,0.0,0.0,58.93193110604621,2.904030832988184,True,False,True,False,True,7.135055998726788,0,0.9138113740727661,0.7756093253267398,False,False,False,False,0.23726912235811143,0.22366012593993156,False,False,False,False,81033.0,58648.986822493396,False,False,False,False,9222.835871803676,False,False,False,False
2024-11-21 17:00:00+00:00,44.655,44.86,44.565,44.8,6575.0,,,,,,,,,,,,,,,,,,,,,,,43.20431330866808,"rgba(38, 166, 154, 1.0)",0.0,0.0,0.769670679547354,43.06497002239159,2.25424980282318,0.0,0.0,0.0,0.0,60.63635153630072,4.884253146965797,True,False,True,False,True,7.62288524107754,0,0.9140824035842927,0.7730826671352017,False,False,False,False,0.24251546479398328,0.23308779536695742,False,False,False,False,87608.0,59097.96377098187,False,False,False,False,9181.784152860982,False,False,False,False
2024-11-22 17:00:00+00:00,45.065,45.32,45.065,45.195,10362.0,,,,,,,,,,,,,,,,,,,,,,,43.22586396155431,"rgba(38, 166, 154, 1.0)",0.0,0.0,0.7612286358486301,43.33924962326736,2.4378357425608708,0.0,0.0,0.0,0.0,63.72927635961318,8.074482629103187,True,False,True,False,True,9.432121114532872,0,0.9238632358124782,0.7668311596757138,False,True,False,False,0.28889716250878444,0.2609924789378709,False,True,False,False,97970.0,59700.63099933874,False,False,False,False,9200.082072971665,False,True,False,False
2024-11-25 17:00:00+00:00,44.63,45.04,44.63,45.005,15583.0,,,,,,,,,,,,,,,,,,,,,,,43.25257144351447,"rgba(38, 166, 154, 1.0)",0.0,0.0,0.7430550947768297,43.359073583966705,2.215079914804484,0.0,0.0,0.0,0.0,63.89945645198104,8.516111443102616,True,False,True,False,True,8.33378736059241,0,0.9188901693112315,0.762875631592944,False,False,False,False,0.2542481819335405,0.2576203304357057,False,False,False,False,82387.0,60052.35765051178,False,False,False,False,9299.042040832568,False,False,False,False
2024-11-26 17:00:00+00:00,44.615,44.655,44.325,44.575,13503.0,,,,,,,,,,,,,,,,,,,,,,,43.26991541579735,"rgba(38, 166, 154, 1.0)",0.0,0.0,0.736604964600296,43.365207317489066,1.642390074261048,0.0,0.0,0.0,0.0,60.345335992801594,8.516111443102616,True,False,True,False,False,5.903363679779165,0,0.9066430469441986,0.7731620903454385,False,False,False,False,0.22136902404997252,0.23949467724283913,False,False,False,False,68884.0,60189.28233810074,False,False,False,False,9364.219683610358,False,False,False,False
2024-11-27 17:00:00+00:00,45.055,45.11,44.755,44.83,9365.0,,,,,,,,,,,,,,,,,,,,,,,43.28524506448281,"rgba(38, 166, 154, 1.0)",0.0,0.0,0.7308066812812636,43.38280858012914,1.9802657213445551,0.0,0.0,0.0,0.0,59.574416728940356,8.516111443102616,True,False,True,False,False,7.101663926266085,0,0.9044091395930028,0.7736522670474831,False,False,False,False,0.26363554482235224,0.2515651110325957,False,False,False,False,78249.0,60469.27796076584,False,False,False,False,9364.23178153888,False,False,False,False
2024-11-28 17:00:00+00:00,44.83,44.83,44.83,44.83,0.0,,,,,,,,,,,,,,,,,,,,,,,43.28524506448281,"rgba(38, 166, 154, 1.0)",0.0,0.0,0.7275042181233838,43.38280858012914,1.9892550226085697,0.0,0.0,0.0,0.0,59.060470553032864,8.516111443102616,True,False,True,False,False,7.101663926266085,0,0.9005832211754153,0.7777478689995515,False,False,False,False,0.25376797237030124,0.2526665417014485,False,False,False,False,78249.0,60744.93256602528,False,False,False,False,9219.049893453006,False,False,False,False
2024-11-29 17:00:00+00:00,44.615,44.75,44.615,44.7,1964.0,,,,,,,,,,,,,,,,,,,,,,,43.288009640069944,"rgba(38, 166, 154, 1.0)",0.0,0.0,0.7250537600446489,43.38520474730712,1.813376228283978,0.0,0.0,0.0,0.0,57.51733297564507,12.243017829959307,True,False,True,False,False,6.352749838156232,0,0.8948555956678704,0.7860108303249099,False,False,False,False,0.23965221773898632,0.2461593797202174,False,False,False,False,76285.0,60985.8638440714,False,False,False,False,9106.56849975606,False,False,False,False
2024-12-02 17:00:00+00:00,44.53,45.005,44.5,44.89,13418.0,,,,,,,,,,,,,,,,,,,,,,,43.30807064147681,"rgba(38, 166, 154, 1.0)",0.0,0.0,0.726077155704519,43.405458348834784,2.04460592032365,0.0,0.0,0.0,0.0,57.89503182255395,12.243017829959307,True,False,True,False,False,7.274088034204578,0,0.888908975865498,0.7889360932839194,False,False,False,False,0.24633921235221212,0.24624929603621476,False,False,False,False,89703.0,61431.09076121758,False,False,False,False,9173.412398984648,False,False,False,False
2024-12-03 17:00:00+00:00,44.4,44.595,44.27,44.285,14190.0,,,,,,,,,,,,,,,,,,,,,,,43.32296541014039,"rgba(38, 166, 154, 1.0)",0.0,0.0,0.7202632276585036,43.412377548482254,1.2115326980589327,0.0,0.0,0.0,0.0,53.27738286102755,7.820874913983133,True,False,True,False,False,3.8361576498838126,0,0.878567582121702,0.7936636151498834,False,False,False,False,0.2159364595215247,0.23109287777886972,False,False,False,False,75513.0,61649.414935462264,False,False,False,False,9251.188950938375,False,False,False,False
2024-12-04 17:00:00+00:00,44.7,44.86,44.58,44.705,15673.0,,,,,,,,,,,,,,,,,,,,,,,43.343942469234086,"rgba(38, 166, 154, 1.0)",0.0,0.0,0.7146896573382285,43.43241474419736,1.780612385720289,0.0,0.0,0.0,0.0,53.23648415385445,7.6676951238750775,True,False,True,False,False,5.882095349851838,0,0.8821727772272773,0.7789388343392488,False,False,False,False,0.2432318846477453,0.23716238121330752,False,False,False,False,91186.0,62107.346486850445,False,False,False,False,9350.75191293933,False,False,False,False
2024-12-05 17:00:00+00:00,44.6,45.005,44.52,44.895,6888.0,,,,,,,,,,,,,,,,,,,,,,,43.35356593049371,"rgba(38, 166, 154, 1.0)",0.0,0.0,0.7109063685639573,43.442248052042096,2.0435207957026607,0.0,0.0,0.0,0.0,54.40431542277985,7.6676951238750775,True,False,True,False,False,6.7873611258517315,1,0.8826164874551976,0.7764336917562724,False,False,False,False,0.2472962494541954,0.24222931533375147,False,False,False,False,98074.0,62664.969021938035,False,False,False,False,9312.56971273872,False,False,False,False
2024-12-06 17:00:00+00:00,44.53,44.535,44.34,44.48,10327.0,,,,,,,,,,,,,,,,,,,,,,,43.3642917187267,"rgba(38, 166, 154, 1.0)",0.0,0.0,0.7093001753409249,43.449321816797905,1.4530916797062634,0.0,0.0,0.0,0.0,52.188996163759526,6.452770292902706,True,False,False,False,False,4.467595904994152,1,0.8788257339163027,0.7766574462389578,False,False,False,False,0.2164083541046022,0.22931883471917686,False,False,False,False,87747.0,63053.83771927233,False,False,False,False,9328.297314091607,False,False,False,False
2024-12-09 17:00:00+00:00,44.29,44.295,43.76,43.89,14865.0,,,,,,,,,,,,,,,,,,,,,,,43.37285151103061,"rgba(38, 166, 154, 1.0)",0.0,0.0,0.7090272996941935,43.44663518543373,0.6253141659813354,0.0,0.0,0.0,0.0,47.49595299367648,2.036009027692131,False,False,False,True,False,1.3269874337281173,0,0.8716629711751669,0.776319290465632,False,False,False,False,0.1780067674026784,0.20366280106092763,False,False,False,False,72882.0,63206.212328275855,False,False,False,False,9414.137665811118,False,False,False,False
2024-12-10 17:00:00+00:00,43.575,43.795,43.535,43.63,8689.0,,,,,,,,,,,,,,,,,,,,,,,43.375106364539995,"rgba(239, 83, 80, 1.0)",0.0,0.0,0.7116449793095604,43.44054865672206,0.2662160891822084,0.0,0.0,0.0,0.0,43.2107588555491,-1.825447518864749,False,True,False,True,False,0.0,0,0.8688916430594906,0.7789483002832862,False,False,False,False,0.14448514472395899,0.1740739728924433,False,False,False,False,64193.0,63221.511361945995,False,False,False,False,9402.895221379938,False,False,False,False
2024-12-11 17:00:00+00:00,43.355,43.42,42.99,43.05,12966.0,,,,,,,,,,,,,,,,,,,,,,,43.37247743098252,"rgba(239, 83, 80, 1.0)",0.0,0.0,0.7256946780607486,43.42143521745659,-0.5118340104810579,0.0,0.0,0.0,0.0,38.20647071328024,-6.25666653332506,False,True,False,True,False,0.0,0,0.865445579429377,0.7810848890454386,False,False,False,False,0.10239734113339714,0.13823565701292023,False,False,False,False,51227.0,63035.54994548171,False,False,False,False,9458.137155932189,False,False,False,False
2024-12-12 17:00:00+00:00,42.675,42.69,42.2,42.32,8569.0,,,,,,,,,,,,,,,,,,,,,,,43.36494397484674,"rgba(239, 83, 80, 1.0)",0.0,0.0,0.7618450635797466,43.399093029743256,-1.4164205838295105,0.0,0.0,0.0,0.0,32.91101587204343,-10.8772861587765,False,True,False,True,False,0.0,0,0.8624847108160063,0.7884850602830684,False,False,False,False,0.03357574627187935,0.08590570164239979,False,False,False,False,42658.0,62719.61893857502,False,False,False,False,9444.352083747193,False,False,False,False
2024-12-13 17:00:00+00:00,42.55,42.555,42.28,42.32,18493.0,,,,,,,,,,,,,,,,,,,,,,,43.348775867529696,"rgba(239, 83, 80, 1.0)",0.0,0.0,0.7982043360957699,43.35458311790802,-1.2961381830728238,0.0,0.0,0.0,0.0,29.38071264455222,-13.871132444183154,False,True,False,True,False,0.0,0,0.8685524126455912,0.7884228040984325,False,False,False,False,0.031095337662709957,0.05850051965255487,False,False,False,False,42658.0,62408.58608681417,False,False,False,False,9584.641198727857,False,False,False,False
2024-12-16 17:00:00+00:00,42.3,42.325,42.01,42.025,5904.0,,,,,,,,,,,,,,,,,,,,,,,43.34233731880553,"rgba(239, 83, 80, 1.0)",0.0,0.0,0.8428337657905517,43.33897438950699,-1.5589959050519548,0.0,0.0,0.0,0.0,26.310404338850866,-16.561003672830836,False,True,False,True,False,0.0,0,0.8631771468385304,0.791848110085351,False,False,False,False,0.008559931403333722,0.033530225527944296,False,False,False,False,36754.0,62010.840566088365,False,False,False,False,9527.576994096416,False,False,False,False
2024-12-17 17:00:00+00:00,41.955,41.98,41.76,41.9,10944.0,,,,,,,,,,,,,,,,,,,,,,,43.32827053721401,"rgba(239, 83, 80, 1.0)",0.0,0.0,0.8894091469231442,43.30738782613801,-1.5823851497443937,0.0,0.0,0.0,0.0,23.968325123155964,-18.710538917174638,False,True,False,True,False,0.0,0,0.8629897896849644,0.7991098699712018,False,False,False,False,-0.02076269850692491,0.0063837635105096924,False,False,False,False,25810.0,61449.587223978466,False,False,False,False,9549.537040699572,False,False,False,False
2024-12-18 17:00:00+00:00,41.69,41.77,41.055,41.075,7481.0,,,,,,,,,,,,,,,,,,,,,,,43.31502070846256,"rgba(239, 83, 80, 1.0)",0.0,0.0,0.9640013363976727,43.256846963070885,-2.2633235875212727,0.0,0.0,0.0,0.0,20.826517607425018,-21.70778297805456,False,True,False,True,False,0.0,0,0.8475541368303001,0.8020015529289967,False,False,False,False,-0.07221831670743649,-0.0329172765984634,False,False,False,False,18329.0,60781.05098794779,False,False,False,False,9517.466698983299,False,False,False,False
2024-12-19 17:00:00+00:00,41.34,41.48,41.16,41.17,5876.0,,,,,,,,,,,,,,,,,,,,,,,43.3045811643181,"rgba(239, 83, 80, 1.0)",0.0,0.0,1.0221208872281344,43.23529014104366,-2.0205928348108344,0.0,0.0,0.0,0.0,19.611255994045038,-23.0076257955727,False,True,False,True,False,0.0,0,0.8446128386029099,0.8114275759951226,False,False,False,False,-0.08087353643095392,-0.05689540651470866,False,False,False,False,24205.0,60213.980429995114,False,False,False,False,9461.009850937045,False,False,False,False
2024-12-20 17:00:00+00:00,41.675,41.905,41.52,41.755,11851.0,,,,,,,,,,,,,,,,,,,,,,,43.28850094432563,"rgba(239, 83, 80, 1.0)",0.0,0.0,1.0603126684874016,43.2158414379213,-1.3777459058423513,0.0,0.0,0.0,0.0,23.66440472716024,-23.0076257955727,False,True,False,True,True,0.0,0,0.852497398543185,0.7996878251821024,False,False,False,False,-0.04421484065927526,-0.05055512358699196,False,False,False,False,36056.0,59839.43809774712,False,False,False,False,9498.06396177523,False,False,False,False
2024-12-23 17:00:00+00:00,41.53,41.53,41.53,41.53,0.0,,,,,,,,,,,,,,,,,,,,,,,43.28850094432563,"rgba(239, 83, 80, 1.0)",0.0,0.0,1.0997523185527187,43.2158414379213,-1.532928287107297,0.0,0.0,0.0,0.0,25.61642952325651,-23.0076257955727,False,True,False,True,True,0.0,0,0.8547276688453167,0.8011328976034862,False,False,False,False,-0.06123923384056661,-0.05589717871377929,False,False,False,False,36056.0,59470.702623363446,False,False,False,False,9350.807156166311,False,False,False,False
2024-12-24 17:00:00+00:00,41.66,41.855,41.65,41.815,4654.0,,,,,,,,,,,,,,,,,,,,,,,43.282461374741445,"rgba(239, 83, 80, 1.0)",0.0,0.0,1.1312276079113428,43.206653379697755,-1.2302151838985396,0.0,0.0,0.0,0.0,29.071533980712083,-28.307183643467173,False,True,False,True,True,0.0,0,0.8532366558923742,0.8016947671879099,False,False,False,False,-0.040487228296962004,-0.04819220350537065,False,False,False,False,40710.0,59179.83901679967,False,False,False,False,9277.988440566834,False,False,False,False
2024-12-25 17:00:00+00:00,41.815,41.815,41.815,41.815,0.0,,,,,,,,,,,,,,,,,,,,,,,43.282461374741445,"rgba(239, 83, 80, 1.0)",0.0,0.0,1.159111476267202,43.206653379697755,-1.2006208274112105,0.0,0.0,0.0,0.0,31.37493695234913,-25.944182237662606,False,True,False,True,True,0.0,0,0.8602282704126434,0.7988586479367871,False,False,False,False,-0.03466504554428025,-0.04142862452482545,False,False,False,False,40710.0,58893.48492351595,False,False,False,False,9134.143658542542,False,False,False,False
2024-12-26 17:00:00+00:00,41.835,41.88,41.66,41.83,4568.0,,,,,,,,,,,,,,,,,,,,,,,43.27664500103656,"rgba(239, 83, 80, 1.0)",0.0,0.0,1.1799672960805894,43.19741153527508,-1.1588554528732382,0.0,0.0,0.0,0.0,33.04006122706253,-24.114662624952864,False,True,False,True,True,0.0,0,0.8620144137809815,0.7953067322903853,False,False,False,False,-0.03885675753016706,-0.040142691027496256,False,False,False,False,45278.0,58682.39213400407,False,False,False,False,9063.350733603898,False,False,False,False
2024-12-27 17:00:00+00:00,41.73,41.91,41.665,41.865,8810.0,,,,,,,,,,,,,,,,,,,,,,,43.26572849127067,"rgba(239, 83, 80, 1.0)",0.0,0.0,1.1929435658702672,43.179568379290075,-1.1019535348523202,0.0,0.0,0.0,0.0,34.4827766905377,-22.42481673742694,False,True,False,True,True,0.0,0,0.8634245009234024,0.7954445519303496,False,False,False,False,-0.06725825112120996,-0.05370047107435311,False,False,False,False,54088.0,58611.16124820556,False,False,False,False,9059.42281525345,False,False,False,False
2024-12-30 17:00:00+00:00,41.47,41.755,41.465,41.69,5367.0,,,,,,,,,,,,,,,,,,,,,,,43.25835843216922,"rgba(239, 83, 80, 1.0)",0.0,0.0,1.2054037938824578,43.166050087909994,-1.224527494770711,0.0,0.0,0.0,0.0,34.434835307281816,-22.04308505049734,False,True,False,True,True,0.0,0,0.8532465247228584,0.7964103466478977,False,False,False,False,-0.08522095897243916,-0.06946071502339612,False,False,False,False,48721.0,58457.82541490005,False,False,False,False,9002.175949900684,False,False,False,False
2024-12-31 17:00:00+00:00,41.47,41.615,41.435,41.54,5597.0,,,,,,,,,,,,,,,,,,,,,,,43.25024234413143,"rgba(239, 83, 80, 1.0)",0.0,0.0,1.2248267095668612,43.15077754126925,-1.3151064788902864,0.0,0.0,0.0,0.0,33.572989387783345,-22.04308505049734,False,True,False,True,True,0.0,0,0.852062713497417,0.7984584391696598,False,False,False,False,-0.09384157373771253,-0.08165114438055432,False,False,False,False,43124.0,58220.09168753726,False,False,False,False,8949.382524320828,False,False,False,False
2025-01-01 17:00:00+00:00,41.54,41.54,41.54,41.54,0.0,,,,,,,,,,,,,,,,,,,,,,,43.25024234413143,"rgba(239, 83, 80, 1.0)",0.0,0.0,1.2481461279660617,43.15077754126925,-1.2905360239302437,0.0,0.0,0.0,0.0,32.99842544145103,-22.04308505049734,False,True,False,True,True,0.0,0,0.8551693796744398,0.8014958205015404,False,False,False,False,-0.09231931413122707,-0.0869852292558907,False,False,False,False,43124.0,57986.04375439714,False,False,False,False,8810.63240766469,False,False,False,False
2025-01-02 17:00:00+00:00,41.405,41.5,41.28,41.38,12578.0,,,,,,,,,,,,,,,,,,,,,,,43.230781699232445,"rgba(239, 83, 80, 1.0)",0.0,0.0,1.2762630133633095,43.11401684210608,-1.358667315396425,0.0,0.0,0.0,0.0,31.668905205852962,-22.04308505049734,False,True,False,True,False,0.0,0,0.8513572871826415,0.8004041113941848,False,False,False,False,-0.11337127199445751,-0.1001782506251741,False,False,False,False,30546.0,57560.61671944525,False,False,False,False,8869.041207545859,False,False,False,False
2025-01-03 17:00:00+00:00,41.66,41.74,41.545,41.57,6194.0,,,,,,,,,,,,,,,,,,,,,,,43.222532191990325,"rgba(239, 83, 80, 1.0)",0.0,0.0,1.2970948550753638,43.09994614063444,-1.1795175461902079,0.0,0.0,0.0,0.0,33.300960533210215,-21.574650594060195,False,True,False,True,False,0.0,0,0.8524231005170458,0.7973008500569632,False,False,False,False,-0.10200231763771975,-0.10109028413144693,False,False,False,False,36740.0,57237.81646022905,False,False,False,False,8827.567700452124,False,False,False,False
2025-01-06 17:00:00+00:00,41.705,41.73,41.36,41.4,6203.0,,,,,,,,,,,,,,,,,,,,,,,43.21373467189093,"rgba(239, 83, 80, 1.0)",0.0,0.0,1.3164209190209466,43.08460869769377,-1.279688489716991,0.0,0.0,0.0,0.0,33.20964345808037,-21.292250526687383,False,True,False,True,False,0.0,0,0.8466960352422915,0.8023788546255514,False,False,False,False,-0.11240470703637852,-0.10674749558391272,False,False,False,False,30537.0,56823.850313558825,False,False,False,False,8786.87672835209,False,False,False,False
2025-01-07 17:00:00+00:00,41.865,42.05,41.745,41.8,9541.0,,,,,,,,,,,,,,,,,,,,,,,43.20324214402371,"rgba(239, 83, 80, 1.0)",0.0,0.0,1.3233412088176175,43.064783108428266,-0.9557498096491157,0.0,0.0,0.0,0.0,37.7008047463574,-16.830950636645646,False,True,False,True,True,0.0,0,0.8459989493959034,0.7974960602346356,False,False,False,False,-0.07489401513716493,-0.09082075536053882,False,False,False,False,40078.0,56564.2247273021,False,False,False,False,8798.56856202105,False,False,False,False
2025-01-08 17:00:00+00:00,41.745,42.01,41.545,41.965,5719.0,,,,,,,,,,,,,,,,,,,,,,,43.196914641331915,"rgba(239, 83, 80, 1.0)",0.0,0.0,1.327896755321253,43.05449423886308,-0.8204660750146182,0.0,0.0,0.0,0.0,42.23123428677837,-12.59140512981724,False,False,False,True,True,0.0,0,0.8428820960698697,0.8006113537117909,False,False,False,False,-0.08763476419309228,-0.08922775977681555,False,False,False,False,45797.0,56397.291010599736,False,False,False,False,8750.823312997467,False,False,False,False
2025-01-09 17:00:00+00:00,41.965,41.965,41.965,41.965,0.0,,,,,,,,,,,,,,,,,,,,,,,43.196914641331915,"rgba(239, 83, 80, 1.0)",0.0,0.0,1.324990525208317,43.05449423886308,-0.8222656827616057,0.0,0.0,0.0,0.0,45.25152064705901,-9.866407610400074,False,False,False,True,True,0.0,0,0.8525313106367974,0.7942317869112723,False,False,False,False,-0.08490342894559393,-0.08706559436120473,False,False,False,False,45797.0,56232.945413536174,False,False,False,False,8615.151633726187,False,False,False,False
2025-01-10 17:00:00+00:00,40.87,40.89,40.7,40.815,6866.0,,,,,,,,,,,,,,,,,,,,,,,43.1836413028272,"rgba(239, 83, 80, 1.0)",0.0,0.0,1.3415776244863526,43.00972169532773,-1.6359259839086973,0.0,0.0,0.0,0.0,39.86813944582961,-4.4913264487341,False,False,False,True,False,0.0,0,0.8491450394931004,0.8031420883603859,False,False,False,False,-0.28064115626893377,-0.18385337531506923,False,False,False,False,38931.0,55964.698197822436,False,False,False,False,8588.033003745937,False,False,False,False
2025-01-13 17:00:00+00:00,40.385,40.73,40.385,40.72,18957.0,,,,,,,,,,,,,,,,,,,,,,,43.144882733886334,"rgba(239, 83, 80, 1.0)",0.0,0.0,1.3600589944808987,42.829088497752636,-1.5507330978371454,0.0,0.0,0.0,0.0,35.904269995248626,-7.949962575769021,False,True,False,True,False,0.0,0,0.8375457556214057,0.8100052292138754,True,False,False,False,-0.3135747459822509,-0.24871406064866006,False,False,False,False,19974.0,55406.70287692596,False,False,False,False,8748.792181982433,False,False,False,False
2025-01-14 17:00:00+00:00,40.435,40.545,40.385,40.485,7707.0,,,,,,,,,,,,,,,,,,,,,,40.47166666666667,43.12860483864171,"rgba(239, 83, 80, 1.0)",0.0,0.0,1.3780719917385817,42.67446618440527,-1.5887894083407275,0.0,0.0,0.0,0.0,32.356001224324196,-11.065885839690829,False,True,False,True,False,0.0,0,0.8327364835356806,0.8165778670626261,True,False,False,False,-0.326094273635388,-0.28740416714202405,False,False,False,False,12267.0,54737.87027418292,True,False,False,False,8732.640365207511,False,False,False,False
2025-01-15 17:00:00+00:00,40.755,41.04,40.7,41.01,6926.0,,,,,,,,,,,,,,,,,,,,,,40.68229128226155,43.11656656435627,"rgba(239, 83, 80, 1.0)",0.0,0.0,1.3748740384564513,42.67284060183999,-1.2094494152401283,1.0,41.33,40.545,0.0,34.87851537198365,-11.065885839690829,False,True,False,True,False,0.0,0,0.8364015283084411,0.8097429663077462,False,False,False,False,-0.2719497095330426,-0.2796769383375333,False,False,False,False,19193.0,54186.78701411807,False,False,False,False,8704.63043706476,False,False,False,False
2025-01-16 17:00:00+00:00,41.33,41.84,41.33,41.78,14951.0,,,,,,,,,,,,,,,,,,,,,,41.171346617541005,43.099536815039,"rgba(38, 166, 154, 1.0)",0.0,0.0,1.373241627524996,42.708934114220085,-0.6764535065065783,1.0,41.96,41.04,0.0,41.457599537652705,-15.940622132352942,False,False,False,True,True,0.0,0,0.8422048327457224,0.8058302519563164,False,False,False,False,-0.17984179936229047,-0.22975936884991188,False,False,False,False,34144.0,53876.046130178256,False,False,False,False,8801.473376024995,False,False,False,False
2025-01-17 17:00:00+00:00,42.18,42.205,41.96,41.98,9215.0,,,,,,,,,,,,,,,,,,,,,,41.379636330833264,43.09206680501103,"rgba(38, 166, 154, 1.0)",0.0,0.0,1.3739605637100956,42.73110127611294,-0.5466687297667027,0.0,0.0,0.0,0.0,46.85263436495072,-11.143901576800467,True,False,False,False,True,0.0,0,0.8551060723181316,0.7975607661255693,False,False,False,False,-0.1281253798598779,-0.1789423743548949,False,False,False,False,43359.0,53712.9911514158,False,False,False,False,8807.88464151298,False,False,False,False
2025-01-20 17:00:00+00:00,41.98,41.98,41.98,41.98,0.0,,,,,,,,,,,,,,,,,,,,,,41.379636330833264,43.09206680501103,"rgba(38, 166, 154, 1.0)",0.0,0.0,1.3805155552177353,42.73110127611294,-0.5440730263951838,0.0,0.0,0.0,0.0,50.44932424981606,-7.9699403766687595,True,False,True,False,True,0.0,0,0.8523063533507402,0.8063533507397741,False,False,False,False,-0.14119655560338287,-0.16006946497913888,False,False,False,False,43359.0,53552.464156820206,False,False,False,False,8671.32829048177,False,False,False,False
2025-01-21 17:00:00+00:00,42.695,42.73,42.36,42.58,13489.0,,,,,,,,,,,,,,,,,,,,,,41.68328080375357,43.08655488291192,"rgba(38, 166, 154, 1.0)",0.0,0.0,1.381648665919079,42.77591836777797,-0.14180042481902935,0.0,0.0,0.0,0.0,55.70009835466502,-3.178019455474825,True,False,True,False,True,0.0,0,0.855672777585611,0.8006745070909723,False,False,False,False,-0.06961890479150395,-0.11484418488532142,False,False,False,False,56848.0,53603.557735784234,False,False,False,False,8746.020875125463,False,False,False,False
2025-01-22 17:00:00+00:00,42.29,42.335,42.0,42.11,16186.0,,,,,,,,,,,,,,,,,,,,,,41.793210707713875,43.075106143843264,"rgba(38, 166, 154, 1.0)",0.0,0.0,1.387213893884906,42.78539067498947,-0.4868684475888822,0.0,0.0,0.0,0.0,55.86506473429607,-2.968091038940507,True,False,True,False,True,0.0,0,0.8454114605773378,0.8093063334769499,False,False,False,False,-0.1173189878869249,-0.11608158638612315,False,False,False,False,40662.0,53402.91342980308,False,False,False,False,8861.369388689409,False,False,False,False
2025-01-23 17:00:00+00:00,42.21,42.405,42.2,42.25,6759.0,,,,,,,,,,,,,,,,,,,,,,41.83739349753433,43.071100491699895,"rgba(38, 166, 154, 1.0)",0.0,0.0,1.3913607863662731,42.79013969382918,-0.38820965713704664,0.0,0.0,0.0,0.0,56.678998869262045,-1.853448382923574,True,False,True,False,True,0.0,0,0.8477624784853706,0.8080895008605855,False,False,False,False,-0.1002107681796516,-0.10814617728288738,False,False,False,False,47421.0,53310.17058593016,False,False,False,False,8828.77451444616,False,False,False,False
2025-01-24 17:00:00+00:00,42.325,42.445,42.25,42.39,9142.0,,,,,,,,,,,,,,,,,,,,,,41.89419830123457,43.06626889610679,"rgba(38, 166, 154, 1.0)",0.0,0.0,1.3939879211543624,42.796859361363516,-0.2918672071610171,0.0,0.0,0.0,0.0,57.936613206979345,-0.1878441354179614,True,False,True,False,True,0.0,0,0.8460076045627382,0.8129968890425169,False,False,False,False,-0.09452148360350927,-0.10133383044319832,False,False,False,False,56563.0,53360.60204971419,False,False,False,False,8833.630723524515,False,False,False,False
2025-01-27 17:00:00+00:00,42.77,43.58,42.725,43.375,13234.0,,,,,,,,,,,,,,,,,,,,,,42.07485670720254,43.06783480405102,"rgba(38, 166, 154, 1.0)",0.0,0.0,1.3931016079561558,42.83577940465297,0.3870648000601568,0.0,0.0,0.0,0.0,62.58975872673166,4.58607866831953,True,False,True,False,True,3.2518337172102427,0,0.8494125718205991,0.8097075722493788,False,False,False,False,0.006575040922299124,-0.0473793947604496,False,False,False,False,69797.0,53615.429924912416,False,False,False,False,8901.853503004755,False,False,False,False
2025-01-28 17:00:00+00:00,42.74,42.85,42.565,42.68,12759.0,,,,,,,,,,,,,,,,,,,,,,42.146933199236486,43.06438939327389,"rgba(38, 166, 154, 1.0)",0.0,0.0,1.3856547871635012,42.84853657982566,-0.12162955837699281,0.0,0.0,0.0,0.0,61.21528704530081,4.58607866831953,True,False,True,False,True,0.0,0,0.8373022622895056,0.8155298520156494,False,False,False,False,-0.049195251673032556,-0.048287323216741077,False,False,False,False,57038.0,53668.49302685176,False,False,False,False,8961.654223888401,False,False,False,False
2025-01-29 17:00:00+00:00,42.42,42.545,42.16,42.275,7557.0,,,,,,,,,,,,,,,,,,,,,,42.15845107766235,43.06033749185374,"rgba(38, 166, 154, 1.0)",0.0,0.0,1.3740922736761592,42.84759345535227,-0.41670669890340695,0.0,0.0,0.0,0.0,58.17279703140618,4.58607866831953,True,False,True,False,False,0.0,0,0.8271256100693556,0.8286668379142054,False,False,False,False,-0.09388972396792133,-0.0710885235923312,False,False,False,False,49481.0,53603.570654342424,False,False,False,False,8939.876639021913,False,False,False,False
2025-01-30 17:00:00+00:00,42.835,43.16,42.47,42.775,12360.0,,,,,,,,,,,,,,,,,,,,,,42.21947225953358,43.05803446905575,"rgba(38, 166, 154, 1.0)",0.0,0.0,1.3606949171866556,42.859420063003185,-0.062041874292976376,0.0,0.0,0.0,0.0,58.24599064210039,4.58607866831953,True,False,True,False,False,0.2955733610808089,0,0.8383950722901877,0.8133287706390628,False,False,False,False,-0.03570777380965958,-0.05339814870099539,False,False,False,False,61841.0,53731.282737220834,False,False,False,False,8992.901807409171,False,False,False,False
2025-01-31 17:00:00+00:00,42.98,43.19,42.535,42.66,8505.0,,,,,,,,,,,,,,,,,,,,,,42.25474038715564,43.05643282226779,"rgba(38, 166, 154, 1.0)",0.0,0.0,1.3433610463687136,42.86618756960873,-0.1534863394811713,0.0,0.0,0.0,0.0,57.653896336666314,4.58607866831953,True,False,True,False,False,0.0,0,0.8378239231165268,0.8198043590183632,False,False,False,False,-0.02975261479130395,-0.04157538174614967,False,False,False,False,53336.0,53725.15432269027,False,False,False,False,8985.337438302051,False,False,False,False
2025-02-03 17:00:00+00:00,42.805,42.87,42.615,42.76,11899.0,,,,,,,,,,,,,,,,,,,,,,42.293716440262166,43.053830284086786,"rgba(38, 166, 154, 1.0)",0.0,0.0,1.3269966699890803,42.873083138106765,-0.08521734881798691,0.0,0.0,0.0,0.0,57.711965504464004,4.58607866831953,True,False,True,False,False,0.23055462399839044,0,0.8370989996550537,0.8335632976888587,False,False,False,False,-0.0448022536999445,-0.043188817723047085,False,False,False,False,65235.0,53903.60154249352,False,False,False,False,9030.510501274111,False,False,False,False
2025-02-04 17:00:00+00:00,43.06,43.08,42.755,42.78,11848.0,,,,,,,,,,,,,,,,,,,,,,42.33584564335094,43.05231090957045,"rgba(38, 166, 154, 1.0)",0.0,0.0,1.311380635502568,42.8818282448599,-0.07764964809082922,0.0,0.0,0.0,0.0,57.848690583713356,4.58607866831953,True,False,True,False,False,0.3281379832106346,0,0.8379361094277555,0.837589819063285,False,False,False,False,-0.022859774410949236,-0.03302429606699816,False,False,False,False,77083.0,54262.97206121455,False,False,False,False,9074.192509006296,False,False,False,False
2025-02-05 17:00:00+00:00,43.58,43.74,43.47,43.55,7105.0,,,,,,,,,,,,,,,,,,,,,,42.38823292580846,43.05497032329858,"rgba(38, 166, 154, 1.0)",0.0,0.0,1.2940544288648812,42.89686244760727,0.5047218554521291,0.0,0.0,0.0,0.0,61.177623132606314,5.9385164764708875,True,False,True,False,True,3.9700365841977536,0,0.8444026018486823,0.8273707634371794,False,False,False,False,0.0633293015638228,0.01515250274841232,False,False,False,False,84188.0,54726.9259827461,False,False,False,False,9043.662392587594,False,False,False,False
2025-02-06 17:00:00+00:00,43.45,43.645,43.425,43.555,8164.0,,,,,,,,,,,,,,,,,,,,,,42.44119307934864,43.05773774856853,"rgba(38, 166, 154, 1.0)",0.0,0.0,1.2875320340631096,42.91231754904638,0.4991584162185747,0.0,0.0,0.0,0.0,63.41504729848854,8.334400519435484,True,False,True,False,True,3.9929835536374334,0,0.8451380552220892,0.8274738466815301,False,False,False,False,0.05453216197827043,0.034842332363341375,False,False,False,False,92352.0,55310.26046363376,False,False,False,False,9030.024215958329,False,False,False,False
2025-02-07 17:00:00+00:00,43.35,43.54,43.27,43.515,10285.0,,,,,,,,,,,,,,,,,,,,,,42.495899954454664,43.060468423537294,"rgba(38, 166, 154, 1.0)",0.0,0.0,1.2853355575473067,42.92839474629173,0.456382965727361,0.0,0.0,0.0,0.0,64.5673151649049,9.676081791705052,True,False,True,False,True,3.7852090042835123,0,0.8405358686257567,0.8372515125324119,False,False,False,False,0.03821592984948454,0.036529131106412954,False,False,False,False,82067.0,55725.09363474021,False,False,False,False,9049.481204858199,False,False,False,False
2025-02-10 17:00:00+00:00,43.725,43.86,43.665,43.755,13237.0,,,,,,,,,,,,,,,,,,,,,,42.579012548345645,43.06681375615907,"rgba(38, 166, 154, 1.0)",0.0,0.0,1.2840977727922591,42.95503212710125,0.6229805002770402,0.0,0.0,0.0,0.0,66.35049690947997,11.597819276496665,True,False,True,False,True,4.913863783066667,0,0.8349598410916318,0.8378098281371453,False,False,False,False,0.08316080842340628,0.05984496976490962,False,False,False,False,95304.0,56338.72009001556,False,False,False,False,9114.4039768759,False,False,False,False
2025-02-11 17:00:00+00:00,43.77,43.955,43.735,43.935,16682.0,,,,,,,,,,,,,,,,,,,,,,42.67818076387933,43.07594816759541,"rgba(38, 166, 154, 1.0)",0.0,0.0,1.2886417984392071,42.98868193023448,0.7343530769463614,0.0,0.0,0.0,0.0,68.26100359200481,13.596058069826938,True,False,True,False,True,5.753753656163564,0,0.8360259179265662,0.8363714902807781,False,False,False,False,0.09357385956812969,0.07670941466651965,False,False,False,False,111986.0,57201.46861575175,False,False,False,False,9231.731047001855,False,False,False,False
2025-02-12 17:00:00+00:00,43.855,44.07,43.83,43.885,8905.0,,,,,,,,,,,,,,,,,,,,,,42.727241463396716,43.08106002168523,"rgba(38, 166, 154, 1.0)",0.0,0.0,1.2926892598464919,43.006046561141275,0.6799417819585655,0.0,0.0,0.0,0.0,69.00615378890696,14.509439618841455,True,False,True,False,True,5.480383132203482,0,0.8360400829302008,0.837163096060816,False,False,False,False,0.10685646211256208,0.09178293838954087,False,False,False,False,103081.0,57912.779179848614,False,False,False,False,9226.665449373919,False,False,False,False
2025-02-13 17:00:00+00:00,44.35,44.55,44.11,44.34,19815.0,,,,,,,,,,,,,,,,,,,,,,42.85622744160283,43.09755093557164,"rgba(38, 166, 154, 1.0)",0.0,0.0,1.3020161323919746,43.05468093511667,0.9871759903020803,0.0,0.0,0.0,0.0,71.31050961944231,16.87089649847782,True,False,True,False,True,7.5990860689746285,0,0.8344513243894053,0.8320433436532512,False,False,False,False,0.15527779442691705,0.12353036640822895,False,False,False,False,122896.0,58920.27097550988,False,False,False,False,9390.82567496502,False,False,False,False
2025-02-14 17:00:00+00:00,45.37,45.37,44.8,44.89,28084.0,,,,,,,,,,,,,,,,,,,,,,43.077349322329525,43.13277457807027,"rgba(38, 166, 154, 1.0)",0.0,0.0,1.3202932720892993,43.28090719741094,1.2187389246047964,0.0,0.0,0.0,0.0,74.45186756559133,19.91224784627515,True,False,True,False,True,10.04098316771615,0,0.8462196373588783,0.8169688676017794,False,False,False,False,0.2539155734816775,0.18872296994495322,False,False,False,False,150980.0,60347.55359604461,False,False,False,False,9680.642331167113,False,False,False,False
2025-02-17 17:00:00+00:00,44.89,44.89,44.89,44.89,0.0,,,,,,,,,,,,,,,,,,,,,,43.077349322329525,43.13277457807027,"rgba(38, 166, 154, 1.0)",0.0,0.0,1.336918272920379,43.28090719741094,1.203583521282973,0.0,0.0,0.0,0.0,76.54610619635734,21.914643179792137,True,False,True,False,True,10.04098316771615,0,0.8440453686200383,0.8265165836054309,False,False,False,False,0.2280472631027395,0.20838511652384636,False,False,False,False,150980.0,61752.70780385787,False,False,False,False,9530.554853164522,False,False,False,False
2025-02-18 17:00:00+00:00,43.155,43.72,42.94,43.635,11103.0,,,,,,,,,,,,,,,,,,,,,,43.09110850934595,43.1349240939398,"rgba(38, 166, 154, 1.0)",0.0,0.0,1.3332797128857599,43.290652855420205,0.2582707448795461,0.0,0.0,0.0,0.0,68.09045057673852,23.441000344842365,True,False,True,False,False,3.3010149324363596,0,0.834448720093693,0.8334448720093696,False,False,False,False,0.02881251763573731,0.11859881707979184,False,False,False,False,139877.0,62963.93714023216,False,False,False,False,9554.933847689103,False,False,False,False
2025-02-19 17:00:00+00:00,43.45,43.97,43.44,43.94,21467.0,,,,,,,,,,,,,,,,,,,,,,43.13945191790507,43.14381629698338,"rgba(38, 166, 154, 1.0)",0.0,0.0,1.3358860406162847,43.3081165917145,0.473006969961292,0.0,0.0,0.0,0.0,63.93396425519119,19.946356185710357,True,False,True,False,False,4.683051801265581,0,0.8409299991636703,0.8360792841013635,False,False,False,False,0.07591398695419743,0.09725640201699463,False,False,False,False,161344.0,64489.20943263166,False,False,False,False,9739.61704384896,False,False,False,False
2025-02-20 17:00:00+00:00,43.82,43.99,43.76,43.765,17531.0,,,,,,,,,,,,,,,,,,,,,,43.17716051890494,43.15150833817682,"rgba(38, 166, 154, 1.0)",0.0,0.0,1.3352252905695419,43.322057005887444,0.3317365220992919,0.0,0.0,0.0,0.0,60.13452557800326,16.709944682966267,True,False,True,False,False,3.7938282511462376,0,0.8495945155087372,0.8335423459576959,False,False,False,False,0.09736532784766114,0.09731086493232788,False,False,False,False,143813.0,65719.03564297846,False,False,False,False,9860.413678828047,False,False,False,False
2025-02-21 17:00:00+00:00,43.905,44.16,43.8,44.08,11870.0,,,,,,,,,,,,,,,,,,,,,,43.206631461219075,43.157923050634885,"rgba(38, 166, 154, 1.0)",0.0,0.0,1.334349056808355,43.33717561941139,0.556694199916009,0.0,0.0,0.0,0.0,59.19929523479384,15.965558001523306,True,False,True,False,False,5.224030014081897,0,0.852784261420474,0.8281093697899302,False,False,False,False,0.11065819745181886,0.10398453119207338,False,False,False,False,155683.0,67113.82578804856,False,False,False,False,9891.57005590048,False,False,False,False
2025-02-24 17:00:00+00:00,44.005,44.14,43.86,43.95,11151.0,,,,,,,,,,,,,,,,,,,,,,43.231523977589745,43.16365450609968,"rgba(38, 166, 154, 1.0)",0.0,0.0,1.3306726538528,43.349188496161766,0.45150961966390524,0.0,0.0,0.0,0.0,57.71996437112768,14.485649657085133,True,False,True,False,False,4.55115733215413,0,0.8555481506164618,0.8274741752749086,False,False,False,False,0.11319445197853129,0.10858949158530233,False,False,False,False,144532.0,68314.10755877648,False,False,False,False,9911.096101545434,False,False,False,False
2025-02-25 17:00:00+00:00,44.01,44.345,43.975,44.205,17787.0,,,,,,,,,,,,,,,,,,,,,,43.27741009361365,43.17473348328003,"rgba(38, 166, 154, 1.0)",0.0,0.0,1.3300023775633885,43.375127815514205,0.6239629330634348,0.0,0.0,0.0,0.0,58.090026172621904,14.485649657085133,True,False,True,False,False,5.714325803190221,0,0.8562292358803993,0.8252491694352162,False,False,False,False,0.13353958858993745,0.12106454008761988,False,False,False,False,162319.0,69771.54775166366,False,False,False,False,10033.203138730776,False,False,False,False
2025-02-26 17:00:00+00:00,43.935,44.04,43.685,43.935,21118.0,,,,,,,,,,,,,,,,,,,,,,43.31066996087109,43.18387413875354,"rgba(38, 166, 154, 1.0)",0.0,0.0,1.329335023086184,43.389008761150066,0.4107250838711546,0.0,0.0,0.0,0.0,56.439089236200864,12.724855493989374,True,False,True,False,False,4.2997120467809715,0,0.8477073332229771,0.831815924515809,False,False,False,False,0.0957852164615439,0.10842487827458189,False,False,False,False,141201.0,70878.98111985493,False,False,False,False,10205.060454409368,False,False,False,False
2025-02-27 17:00:00+00:00,43.515,43.8,43.27,43.41,24144.0,,,,,,,,,,,,,,,,,,,,,,43.32140082565868,43.18835095519138,"rgba(239, 83, 80, 1.0)",0.0,0.0,1.3218745221284034,43.38553310490505,0.018509241751290362,0.0,0.0,0.0,0.0,52.24408845486291,8.54053008659465,False,False,False,False,False,1.6348007983775545,0,0.8366762177650436,0.8345476872697507,False,False,False,False,0.05453216197827043,0.08147852012642616,False,False,False,False,117057.0,71594.91939706648,False,False,False,False,10421.168044263486,False,False,False,False
2025-02-28 17:00:00+00:00,43.615,43.885,43.535,43.87,14376.0,,,,,,,,,,,,,,,,,,,,,,43.33633689579753,43.193261439950824,"rgba(239, 83, 80, 1.0)",0.0,0.0,1.3188558957952217,43.391815666678596,0.3625751189693653,0.0,0.0,0.0,0.0,52.196833231015525,8.252974959186403,False,False,False,False,False,3.7748175007205127,0,0.838704387043871,0.8343583435834361,False,False,False,False,0.07654381864427218,0.07901116938534916,False,False,False,False,131433.0,72522.64157695693,False,False,False,False,10482.483268383432,False,False,False,False
2025-03-03 17:00:00+00:00,44.25,44.38,43.955,44.13,19881.0,,,,,,,,,,,,,,,,,,,,,,43.37289194041293,43.204487511891784,"rgba(239, 83, 80, 1.0)",0.0,0.0,1.318151985795872,43.41391294966026,0.5432507465422409,0.0,0.0,0.0,0.0,53.52934622479151,8.252974959186403,False,False,True,False,False,4.95324941606896,0,0.8413477265292777,0.832842656198888,False,False,False,False,0.1344958389724521,0.10675350417890063,False,False,False,False,151314.0,73744.2130253762,False,False,False,False,10628.196706082912,False,False,False,False
2025-03-04 17:00:00+00:00,43.99,44.59,43.95,44.2,26191.0,,,,,,,,,,,,,,,,,,,,,,43.42143549560595,43.2202708736412,"rgba(239, 83, 80, 1.0)",0.0,0.0,1.3097826757357884,43.44420947309716,0.5770350615442876,0.0,0.0,0.0,0.0,54.78600139454429,8.252974959186403,False,False,True,False,True,5.270197388177966,0,0.8384357906767905,0.8356600538819496,False,False,False,False,0.14758988860751518,0.1271716963932079,False,False,False,False,177505.0,75352.90739707579,False,False,False,False,10869.480478081627,False,False,False,False
2025-03-05 17:00:00+00:00,43.98,44.43,43.955,44.36,27598.0,,,,,,,,,,,,,,,,,,,,,,43.4671655735482,43.23641915614302,"rgba(239, 83, 80, 1.0)",0.0,0.0,1.3045108572091384,43.472985916338274,0.679959142355777,0.0,0.0,0.0,0.0,56.490740965783715,8.252974959186403,False,False,True,False,True,5.998404612399753,0,0.8441526466967589,0.8361920393926963,False,False,False,False,0.13768511688206528,0.1324284066376366,False,False,False,False,205103.0,77364.53673975678,False,False,False,False,11128.837369894314,False,False,False,False
2025-03-06 17:00:00+00:00,44.07,44.125,43.67,43.675,18504.0,,,,,,,,,,,,,,,,,,,,,,43.479900032525975,43.24253588942082,"rgba(239, 83, 80, 1.0)",0.0,0.0,1.2899562357266372,43.47932413491064,0.15169186339033527,0.0,0.0,0.0,0.0,53.09827681357851,8.252974959186403,False,True,True,False,False,2.464274626476403,0,0.8337970540098206,0.8422258592471362,False,False,False,False,0.10021075552974532,0.11631958108369096,False,False,False,False,186599.0,79058.09430968303,False,False,False,False,11243.180976562619,False,False,False,False
2025-03-07 17:00:00+00:00,44.49,44.745,44.315,44.66,26442.0,,,,,,,,,,,,,,,,,,,,,,43.53305037406606,43.262064234956874,"rgba(239, 83, 80, 1.0)",0.0,0.0,1.2790200781693406,43.51535788605352,0.8949367828414383,0.0,0.0,0.0,0.0,55.6404505246107,8.252974959186403,False,False,True,False,True,6.8287013342274925,1,0.8402208329950481,0.8270682796135425,False,False,False,False,0.18104152327866696,0.14868055218117895,False,False,False,False,213041.0,81135.34866147088,False,False,False,False,11478.821581577151,False,False,False,False
2025-03-10 17:00:00+00:00,45.15,45.195,44.745,44.945,10869.0,,,,,,,,,,,,,,,,,,,,,,43.561035851990155,43.27225447477242,"rgba(239, 83, 80, 1.0)",0.0,0.0,1.2777550978532763,43.534936274765435,1.1035477202192947,0.0,0.0,0.0,0.0,58.38724112922732,2.995673376335901,False,False,True,False,True,8.018605500310034,0,0.8447355652595833,0.8214459000485204,False,False,False,False,0.23862177608828447,0.1936511641347317,False,False,False,False,223910.0,83348.90914733955,False,False,False,False,11469.366983413163,False,False,False,False
2025-03-11 17:00:00+00:00,44.35,44.67,44.255,44.405,10029.0,,,,,,,,,,,,,,,,,,,,,,43.576700488308624,43.27869757996679,"rgba(239, 83, 80, 1.0)",0.0,0.0,1.2750355515269383,43.54550041266236,0.6740985271417184,0.0,0.0,0.0,0.0,57.10450074429273,2.995673376335901,False,False,True,False,True,5.308448336386423,0,0.8308983775930266,0.8329970134797001,False,False,False,False,0.17232131797409586,0.1829862410544138,False,False,False,False,213881.0,85372.66249389242,False,False,False,False,11447.035712352494,False,False,False,False
2025-03-12 17:00:00+00:00,44.42,44.765,44.29,44.575,18279.0,,,,,,,,,,,,,,,,,,,,,,43.60699965760902,43.29125313826356,"rgba(239, 83, 80, 1.0)",0.0,0.0,1.2703613481820444,43.56629295571895,0.7940315924477449,0.0,0.0,0.0,0.0,56.99554055131316,2.995673376335901,False,False,True,False,True,6.031713528033144,0,0.8284515452271448,0.8352295650770599,False,False,False,False,0.1807180744793715,0.18185215776689265,False,False,False,False,232160.0,87648.43516840572,False,False,False,False,11552.957639292765,False,False,False,False
2025-03-13 17:00:00+00:00,44.87,44.92,44.645,44.85,11795.0,,,,,,,,,,,,,,,,,,,,,,43.63075028840007,43.30088911933671,"rgba(239, 83, 80, 1.0)",0.0,0.0,1.2707581513723316,43.582990501153276,0.9970500661187514,0.0,0.0,0.0,0.0,58.10782016062374,3.214112996951478,False,False,True,False,True,7.193289982210029,0,0.8267913274764251,0.8360602885467884,False,False,False,False,0.21391585548291223,0.19788400662490244,False,False,False,False,243955.0,90071.792762694,False,False,False,False,11556.71023403241,False,False,False,False
2025-03-14 17:00:00+00:00,44.8,44.93,44.625,44.915,10934.0,,,,,,,,,,,,,,,,,,,,,,43.65227210534047,43.30982032243688,"rgba(239, 83, 80, 1.0)",0.0,0.0,1.2749383556904847,43.59820022944295,1.0328340697255836,0.0,0.0,0.0,0.0,59.1323189256552,4.484397395149621,False,False,True,False,True,7.467614762720093,0,0.8296463749394483,0.8334409817535932,False,False,False,False,0.21326066589500903,0.20557233625995575,False,False,False,False,254889.0,92627.09830125688,False,False,False,False,11547.05581179935,False,False,False,False
2025-03-17 17:00:00+00:00,45.18,45.37,45.175,45.29,7296.0,,,,,,,,,,,,,,,,,,,,,,43.67162003264952,43.317495985521866,"rgba(38, 166, 154, 1.0)",0.0,0.0,1.2838519146454097,43.742347826840216,1.205475612494789,0.0,0.0,0.0,0.0,61.39344826289782,6.862633465114882,True,False,True,False,True,9.038606938072274,0,0.8410285437050219,0.829788954475621,False,False,False,False,0.2791063520313293,0.2423393441456425,False,False,False,False,262185.0,95255.90297875676,False,False,False,False,11481.147969755948,False,False,False,False
2025-03-18 17:00:00+00:00,44.965,45.225,44.83,45.22,8127.0,,,,,,,,,,,,,,,,,,,,,,43.69019496834088,43.32516847401642,"rgba(38, 166, 154, 1.0)",0.0,0.0,1.3010901769856666,43.74903836051185,1.130560867730198,0.0,0.0,0.0,0.0,62.35217768184751,7.981670843023409,True,False,True,False,True,8.667873838497528,0,0.8408245755860959,0.8234438156831045,False,False,False,False,0.2462545589898559,0.24429695156774922,False,False,False,False,254058.0,97717.95099458998,False,False,False,False,11429.145675651203,False,False,False,False
2025-03-19 17:00:00+00:00,45.03,45.2,44.95,45.17,8122.0,,,,,,,,,,,,,,,,,,,,,,43.70847280652699,43.33283477791853,"rgba(38, 166, 154, 1.0)",0.0,0.0,1.310421368172126,43.76012698004639,1.0758928801048258,0.0,0.0,0.0,0.0,62.569886658629514,8.455026289413837,True,False,True,False,True,8.399714472677758,0,0.8446948204587832,0.8222420361514148,False,False,False,False,0.2525811490281107,0.24843905029792995,False,False,False,False,245936.0,100015.90524273587,False,False,False,False,11377.872099284517,False,False,False,False
2025-03-20 17:00:00+00:00,44.92,45.245,44.91,45.23,7757.0,,,,,,,,,,,,,,,,,,,,,,43.725757987606954,43.340183896613276,"rgba(38, 166, 154, 1.0)",0.0,0.0,1.3175141143234046,43.771736968437864,1.1068291532580723,0.0,0.0,0.0,0.0,63.034050373347426,9.200981787977973,True,False,True,False,True,8.66006857529936,0,0.8372677861604614,0.824288147967876,False,False,False,False,0.25291467239357907,0.2506768613457545,False,False,False,False,253693.0,102398.49585912756,False,False,False,False,11321.734547357626,False,False,False,False
2025-03-21 17:00:00+00:00,45.05,45.16,44.87,44.995,10275.0,,,,,,,,,,,,,,,,,,,,,,43.74611208157003,43.34917938867531,"rgba(38, 166, 154, 1.0)",0.0,0.0,1.326610467821386,43.783716843958146,0.9130661828947197,0.0,0.0,0.0,0.0,61.16178770140896,9.200981787977973,False,False,True,False,False,7.373110683325475,0,0.8344263622378761,0.8279491539146632,False,False,False,False,0.24459289303380638,0.24763487718978044,False,False,False,False,243418.0,104584.84476053643,False,False,False,False,11305.506104762933,False,False,False,False
2025-03-24 17:00:00+00:00,44.985,44.99,44.74,44.92,5516.0,,,,,,,,,,,,,,,,,,,,,,43.755718732388324,43.35360777927384,"rgba(38, 166, 154, 1.0)",0.0,0.0,1.3410653624287847,43.78869366845452,0.8435877648025956,0.0,0.0,0.0,0.0,59.235362239689586,9.200981787977973,False,False,True,False,False,6.962501506525239,0,0.833049541879511,0.8313467931565722,False,False,False,False,0.22475308789072093,0.2361939825402507,False,False,False,False,237902.0,106651.77739990795,False,False,False,False,11215.746320192966,False,False,False,False
2025-03-25 17:00:00+00:00,44.685,44.785,44.365,44.425,10615.0,,,,,,,,,,,,,,,,,,,,,,43.768024385502514,43.3600787478134,"rgba(38, 166, 154, 1.0)",0.0,0.0,1.3490169827766294,43.86343775337869,0.4162751498246264,0.0,0.0,0.0,0.0,54.10542944189504,8.0799092697062,False,True,True,False,False,4.300329951354005,0,0.8241776049262687,0.8389239993518073,False,False,False,False,0.18687008228882737,0.21153203241453905,False,False,False,False,227287.0,108522.09092859154,False,False,False,False,11206.432423755865,False,False,False,False
2025-03-26 17:00:00+00:00,44.875,44.93,44.605,44.62,5643.0,,,,,,,,,,,,,,,,,,,,,,43.77603741740557,43.36405583094083,"rgba(38, 166, 154, 1.0)",0.0,0.0,1.361342153706921,43.8714653035218,0.5498505239406147,0.0,0.0,0.0,0.0,52.26749713407381,6.482087376064442,False,True,False,False,False,5.211517809343729,0,0.8225076749070938,0.8383422200678627,False,False,False,False,0.21195082703849694,0.211741429726518,False,False,False,False,232930.0,110450.89572039631,False,False,False,False,11120.177657496084,False,False,False,False
2025-03-27 17:00:00+00:00,44.63,44.76,44.52,44.715,10149.0,,,,,,,,,,,,,,,,,,,,,,43.78931723343092,43.3708709629521,"rgba(38, 166, 154, 1.0)",0.0,0.0,1.3718415747841448,43.879468614268106,0.6090582185944947,0.0,0.0,0.0,0.0,51.8008537198275,6.047195358638014,False,True,False,False,False,5.655804770183778,0,0.8260447035957247,0.8384353741496603,False,False,False,False,0.19531143300218157,0.20352643136434978,False,False,False,False,243079.0,112507.14539914986,False,False,False,False,11105.120639550407,False,False,False,False
2025-03-28 17:00:00+00:00,45.285,45.585,45.21,45.275,10649.0,,,,,,,,,,,,,,,,,,,,,,43.813505537907425,43.38172659489037,"rgba(38, 166, 154, 1.0)",0.0,0.0,1.3917146660546633,43.91266671222463,0.9788883605268135,0.0,0.0,0.0,0.0,55.206760743755176,6.047195358638014,False,True,True,False,True,8.213262074876901,0,0.8274339834657684,0.836102415924232,False,False,False,False,0.2960922581571933,0.24980934476077155,False,False,False,False,253728.0,114696.61601311651,False,False,False,False,11098.049001727919,False,False,False,False
2025-03-31 17:00:00+00:00,45.36,45.705,45.36,45.575,14142.0,,,,,,,,,,,,,,,,,,,,,,43.84831279390227,43.397330271538685,"rgba(38, 166, 154, 1.0)",0.0,0.0,1.4138343430365086,43.954063431568095,1.1464826670928108,0.0,0.0,0.0,0.0,59.0007308605852,4.239153186356006,False,False,True,False,True,9.533119676090596,0,0.8252800000000006,0.8359200000000006,False,False,False,False,0.3428282397995557,0.2963187922801636,False,False,False,False,267870.0,117071.39716019997,False,False,False,False,11145.24204046082,False,False,False,False
2025-04-01 17:00:00+00:00,46.22,46.375,45.27,46.155,13628.0,,,,,,,,,,,,,,,,,,,,,,43.887898445532336,43.41482254149063,"rgba(38, 166, 154, 1.0)",0.0,0.0,1.4468891513229811,44.00001606617707,1.489391175441807,0.0,0.0,0.0,0.0,63.840128152444386,8.57759986904572,True,False,True,False,True,11.98968958913732,0,0.8323874990008797,0.8247941811206143,False,False,False,False,0.34282824059070705,0.3195735164354353,False,False,False,False,281498.0,119620.64681663096,False,False,False,False,11183.734411926544,False,False,False,False
2025-04-02 17:00:00+00:00,45.98,46.18,45.915,46.17,9854.0,,,,,,,,,,,,,,,,,,,,,,43.917696984106044,43.4280903178401,"rgba(38, 166, 154, 1.0)",0.0,0.0,1.4636814870371933,44.03256892032783,1.4603116173852755,0.0,0.0,0.0,0.0,67.11934379633767,11.418786690017164,True,False,True,False,True,12.05202379689964,0,0.8480758415682498,0.8237326263356637,False,False,False,False,0.3428282411479044,0.3312008787916698,False,False,False,False,291352.0,122283.14841637312,False,False,False,False,11163.118374532334,False,False,False,False
2025-04-03 17:00:00+00:00,47.38,47.59,47.255,47.325,11039.0,,,,,,,,,,,,,,,,,,,,,,43.969586807365246,43.44999465857982,"rgba(38, 166, 154, 1.0)",0.0,0.0,1.5142326037892206,44.31479843931076,1.98793867808453,0.0,0.0,0.0,0.0,72.30577123484967,16.03425522226081,True,False,True,False,True,16.591982865752875,0,0.8618326693227096,0.8181673306772914,False,False,False,False,0.342828243769938,0.33701456128080387,False,False,False,False,302391.0,125075.51820836734,False,False,False,False,11161.194058648112,False,False,False,False
2025-04-04 17:00:00+00:00,47.1,47.11,46.19,46.23,15094.0,,,,,,,,,,,,,,,,,,,,,,44.02045647610495,43.47295358925593,"rgba(38, 166, 154, 1.0)",0.0,0.0,1.5371844860471502,44.33269335586194,1.2342738697662468,0.0,0.0,0.0,0.0,68.39830386861836,16.03425522226081,True,False,True,False,False,10.618291484486942,0,0.8526680308515666,0.8203998111128606,False,False,False,False,0.26259311737064933,0.29980383932572663,False,False,False,False,287297.0,127590.57994157095,False,False,False,False,11222.167794172949,False,False,False,False
2025-04-07 17:00:00+00:00,45.23,46.15,45.005,45.195,34005.0,,,,,,,,,,,,,,,,,,,,,,44.0821624900249,43.50581643536701,"rgba(239, 83, 80, 1.0)",0.0,0.0,1.5337912692597873,44.3181390190174,0.5716951182058657,0.0,0.0,0.0,0.0,61.324506217092875,18.861021028140854,False,False,True,False,False,5.5512137764625535,0,0.8395655546935613,0.8364623739332822,False,False,False,False,0.1562392413846047,0.22802154035516567,False,False,False,False,253292.0,129539.43916728302,False,False,False,False,11575.389998914454,False,False,False,False
2025-04-08 17:00:00+00:00,45.29,45.385,44.205,44.495,17945.0,,,,,,,,,,,,,,,,,,,,,,44.09581128835352,43.516157016703936,"rgba(239, 83, 80, 1.0)",0.0,0.0,1.5253859000738244,44.295859856856,0.13055066467728713,0.0,0.0,0.0,0.0,54.34244331245314,12.761911183012963,False,True,True,False,False,2.390324454558826,0,0.8337421431856512,0.8489192089529364,False,False,False,False,0.08092719036862092,0.1544743653618933,False,False,False,False,235347.0,131179.86646701506,False,False,False,False,11674.143642342136,False,False,False,False
2025-04-09 17:00:00+00:00,43.43,44.54,43.35,44.41,36241.0,,,,,,,,,,,,,,,,,,,,,,44.0959915813519,43.52623302038862,"rgba(239, 83, 80, 1.0)",0.0,0.0,1.5154065490847304,44.24342638933085,0.109920081030238,0.0,0.0,0.0,0.0,49.42788431636394,8.567119329797862,False,True,False,True,False,2.0158586438300325,0,0.8200529701097241,0.8662126371547489,False,False,False,False,0.0001185723308671018,0.0772964688463802,False,False,False,False,199106.0,132232.98481636366,False,False,False,False,12055.025136259312,False,False,False,False
2025-04-10 17:00:00+00:00,45.02,45.485,44.68,45.26,11893.0,,,,,,,,,,,,,,,,,,,,,,44.110556058492705,43.53533047594875,"rgba(239, 83, 80, 1.0)",0.0,0.0,1.5141723812036318,44.267685042143356,0.6553513788620557,0.0,0.0,0.0,0.0,49.74414990168733,8.567119329797862,False,True,False,False,False,5.449837208202943,0,0.8375588961184657,0.8573779074115628,False,False,False,False,0.10844685635191369,0.09287166259914695,False,False,False,False,210999.0,133454.1633463425,False,False,False,False,12052.513118642888,False,False,False,False
2025-04-11 17:00:00+00:00,46.36,46.74,46.28,46.53,21484.0,,,,,,,,,,,,,,,,,,,,,,44.169609542163954,43.565354554227305,"rgba(38, 166, 154, 1.0)",0.0,0.0,1.5372366309255479,44.3734802679121,1.4028547646496634,0.0,0.0,0.0,0.0,53.77152972785867,8.567119329797862,False,True,True,False,True,10.105041608870042,0,0.8460455118226969,0.8552368245497002,False,False,False,False,0.24842623097153496,0.17064894678534095,False,False,False,False,232483.0,134989.4941471744,False,False,False,False,12198.737721454627,False,False,False,False
2025-04-14 17:00:00+00:00,47.26,47.555,47.115,47.43,11613.0,,,,,,,,,,,,,,,,,,,,,,44.21146825710003,43.585935428501706,"rgba(38, 166, 154, 1.0)",0.0,0.0,1.5796101326501522,44.44199190701397,1.8916111205066601,0.0,0.0,0.0,0.0,58.43344866792598,8.567119329797862,False,False,True,False,True,13.101007712552594,0,0.8457348936483408,0.8519172738647242,False,False,False,False,0.3335417475733361,0.2520953471793385,False,False,False,False,244096.0,136681.06788132674,False,False,False,False,12189.656516470834,False,False,False,False
2025-04-15 17:00:00+00:00,47.34,47.485,47.285,47.38,9744.0,,,,,,,,,,,,,,,,,,,,,,44.24593482425837,43.60310821627412,"rgba(38, 166, 154, 1.0)",0.0,0.0,1.6129389073733604,44.49349065953287,1.7895962006197492,0.0,0.0,0.0,0.0,61.3241839263368,1.7695868713733063,True,False,True,False,True,12.871036695156139,0,0.8525049804471337,0.8504390171917661,False,False,False,False,0.33884142876557966,0.2954683879724591,False,False,False,False,234352.0,138195.34589867052,False,False,False,False,12151.739361176713,False,False,False,False
2025-04-16 17:00:00+00:00,47.935,47.945,47.47,47.64,14195.0,,,,,,,,,,,,,,,,,,,,,,44.299526928595526,43.62982367040838,"rgba(38, 166, 154, 1.0)",0.0,0.0,1.6495520631398242,44.56982524781505,1.8612172484820269,0.0,0.0,0.0,0.0,63.83536565610805,4.40416057710614,True,False,True,False,True,13.719805932180929,0,0.8506135645528697,0.8456168711881846,False,False,False,False,0.3428282441888477,0.3191483160806534,False,False,False,False,248547.0,139906.22425683067,False,False,False,False,12183.417820693354,False,False,False,False
2025-04-17 17:00:00+00:00,48.2,48.375,48.08,48.21,14690.0,,,,,,,,,,,,,,,,,,,,,,44.361774438318704,43.66071544807784,"rgba(38, 166, 154, 1.0)",0.0,0.0,1.6960827762180752,44.65593512146397,2.095454849474319,0.0,0.0,0.0,0.0,66.71483081131692,7.451898284569609,True,False,True,False,True,15.53706683724526,0,0.8556949103106317,0.8371007729327697,False,False,False,False,0.34282824487391106,0.33098828047728224,False,False,False,False,263237.0,141818.32930711238,False,False,False,False,12222.27955990741,False,False,False,False
2025-04-18 17:00:00+00:00,48.21,48.21,48.21,48.21,0.0,,,,,,,,,,,,,,,,,,,,,,44.361774438318704,43.66071544807784,"rgba(38, 166, 154, 1.0)",0.0,0.0,1.7403948164473875,44.65593512146397,2.0421026567930323,0.0,0.0,0.0,0.0,68.63447424812281,9.657789112207759,True,False,True,False,True,15.53706683724526,0,0.8596940642611435,0.8369318597672548,False,False,False,False,0.34115940340519924,0.33607384194124074,False,False,False,False,263237.0,143700.78931785483,False,False,False,False,12032.786853552258,False,False,False,False
2025-04-21 17:00:00+00:00,48.01,48.165,47.735,48.12,12003.0,,,,,,,,,,,,,,,,,,,,,,44.40843564575732,43.68447443720307,"rgba(38, 166, 154, 1.0)",0.0,0.0,1.7729351014274837,44.71527071722477,1.9203913781355568,0.0,0.0,0.0,0.0,69.36639849541605,10.858786670340912,True,False,True,False,True,15.097801586852437,0,0.8521460322087011,0.8383735334839325,False,False,False,False,0.31657394678569817,0.3263238943634694,False,False,False,False,251234.0,145367.9708788183,False,False,False,False,12032.325041869277,False,False,False,False
2025-04-22 17:00:00+00:00,48.755,48.935,48.58,48.915,6007.0,,,,,,,,,,,,,,,,,,,,,,44.436455934961785,43.698459446135644,"rgba(38, 166, 154, 1.0)",0.0,0.0,1.833440761799198,44.7522282074902,2.270469752415004,0.0,0.0,0.0,0.0,71.64255947291677,13.54784294203212,True,False,True,False,True,17.607680381376742,0,0.8657939003876257,0.8319315439186723,False,False,False,False,0.3428282454837375,0.33457606992360345,False,False,False,False,257241.0,147102.43644658857,False,False,False,False,11938.909149747273,False,False,False,False
2025-04-23 17:00:00+00:00,48.055,48.33,47.89,48.31,13547.0,,,,,,,,,,,,,,,,,,,,,,44.48939258769385,43.72584678669922,"rgba(38, 166, 154, 1.0)",0.0,0.0,1.8716253306626742,44.81593918996,1.866859115869566,0.0,0.0,0.0,0.0,69.70498695382918,13.54784294203212,True,False,True,False,True,14.689489406769887,0,0.8596809282088473,0.8335025380710663,False,False,False,False,0.2860177790430222,0.3102969244833128,False,False,False,False,243694.0,148599.9800675717,False,False,False,False,11963.84079083646,False,False,False,False
2025-04-24 17:00:00+00:00,48.53,48.67,48.325,48.56,22798.0,,,,,,,,,,,,,,,,,,,,,,44.58312330476739,43.774668530600664,"rgba(38, 166, 154, 1.0)",0.0,0.0,1.9123116924311228,44.926555454263166,1.9000273648474304,0.0,0.0,0.0,0.0,69.09072204680265,13.54784294203212,True,False,True,False,True,15.480324291507216,0,0.8656921629640354,0.8294377306606849,False,False,False,False,0.31977846535356264,0.3150376949184377,False,False,False,False,266492.0,150427.76332233803,False,False,False,False,12131.812251443647,False,False,False,False
2025-04-25 17:00:00+00:00,48.435,48.615,48.33,48.58,9852.0,,,,,,,,,,,,,,,,,,,,,,44.62219274787183,43.795416224932744,"rgba(38, 166, 154, 1.0)",0.0,0.0,1.9234184611197689,44.9706909302859,1.8765074489369549,0.0,0.0,0.0,0.0,68.73825092762345,13.54784294203212,True,False,True,False,True,15.543967585464618,0,0.8697365540392618,0.8268262424286656,False,False,False,False,0.3175797093682454,0.31630870214334156,False,False,False,False,276344.0,152379.9530382708,False,False,False,False,12096.466325064675,False,False,False,False
2025-04-28 17:00:00+00:00,48.6,48.675,48.46,48.62,11657.0,,,,,,,,,,,,,,,,,,,,,,44.66831970826683,43.820126982728944,"rgba(38, 166, 154, 1.0)",0.0,0.0,1.9273588846579717,45.02196312279416,1.866822471853415,0.0,0.0,0.0,0.0,68.6294130016422,13.54784294203212,True,False,True,False,True,15.67343046114576,0,0.8712502737026496,0.8254142033428219,False,False,False,False,0.3259510022933908,0.3211298522183662,False,False,False,False,288001.0,154482.60492915032,False,False,False,False,12089.652893668323,False,False,False,False
2025-04-29 17:00:00+00:00,48.645,48.84,48.615,48.81,9461.0,,,,,,,,,,,,,,,,,,,,,,44.70656598814552,43.840704822198575,"rgba(38, 166, 154, 1.0)",0.0,0.0,1.9238768854243269,45.06425542849365,1.946977272758384,0.0,0.0,0.0,0.0,69.18331975136049,13.756460942801858,True,False,True,False,True,16.293023560718478,0,0.8704056230780498,0.8283057548689414,False,False,False,False,0.34015110939900667,0.33064048080868647,False,False,False,False,297462.0,156699.3397364503,False,False,False,False,12048.898585239356,False,False,False,False
2025-04-30 17:00:00+00:00,49.15,49.65,49.085,49.51,18362.0,,,,,,,,,,,,,,,,,,,,,,44.790562336415746,43.88545513952483,"rgba(38, 166, 154, 1.0)",0.0,0.0,1.950013287087948,45.15948846082329,2.2310163566493144,0.0,0.0,0.0,0.0,71.51156164883349,16.44146920194555,True,False,True,False,True,18.51091477685993,0,0.8770970094821302,0.8140043763676151,False,False,False,False,0.3428282460957354,0.33673436345221097,False,False,False,False,315824.0,159166.38873278437,False,False,False,False,12146.776126553474,False,False,False,False
2025-05-01 17:00:00+00:00,49.045,49.165,48.965,48.965,6846.0,,,,,,,,,,,,,,,,,,,,,,44.818584441943706,43.900812364661704,"rgba(38, 166, 154, 1.0)",0.0,0.0,1.9722266695376953,45.18961791126901,1.914273925530056,0.0,0.0,0.0,0.0,69.31426001208155,16.44146920194555,True,False,True,False,True,15.78606778897645,0,0.8756642643954288,0.815097910751984,False,False,False,False,0.3178633864608733,0.32729887495654214,False,False,False,False,308978.0,161489.04937258616,False,False,False,False,12064.593550947993,False,False,False,False
2025-05-02 17:00:00+00:00,48.44,48.625,48.4,48.54,9864.0,,,,,,,,,,,,,,,,,,,,,,44.853505419714814,43.920595732016864,"rgba(38, 166, 154, 1.0)",0.0,0.0,1.9831876197513028,45.224822676979855,1.6716407918257763,0.0,0.0,0.0,0.0,65.36735049993823,20.291083791093683,True,False,True,False,False,13.728707644922256,0,0.8677307322840467,0.8222123697628023,False,False,False,False,0.2732144063959427,0.3002566406762424,False,False,False,False,299114.0,163622.7695373523,False,False,False,False,12030.475821475931,False,False,False,False
2025-05-05 17:00:00+00:00,48.58,48.785,48.535,48.725,5797.0,,,,,,,,,,,,,,,,,,,,,,44.874604486497525,43.93254500471477,"rgba(38, 166, 154, 1.0)",0.0,0.0,1.9945685324476374,45.24626510449582,1.7441039698120815,0.0,0.0,0.0,0.0,63.48994404956831,18.44609735807427,True,False,True,False,False,14.339305420427085,0,0.8789842120941318,0.817247542448615,False,False,False,False,0.28502392738138543,0.2926402840288139,False,False,False,False,304911.0,165813.28473832356,False,False,False,False,11933.832785484055,False,False,False,False
2025-05-06 17:00:00+00:00,49.22,49.355,48.97,49.03,20105.0,,,,,,,,,,,,,,,,,,,,,,44.95420176950918,43.97729453477164,"rgba(38, 166, 154, 1.0)",0.0,0.0,2.0211732232042556,45.329196009698215,1.8310177216946983,0.0,0.0,0.0,0.0,63.443342703583454,18.226658825451977,True,False,True,False,False,15.339505899242422,0,0.8780342958948857,0.8165689258406951,False,False,False,False,0.3258667739452177,0.3092535289870158,False,False,False,False,325016.0,168281.54388966737,False,False,False,False,12060.517548499807,False,False,False,False
2025-05-07 17:00:00+00:00,49.93,49.99,49.62,49.76,12334.0,,,,,,,,,,,,,,,,,,,,,,45.0092128145391,44.00790421841828,"rgba(38, 166, 154, 1.0)",0.0,0.0,2.054093173584255,45.71989158410067,1.9668574278203783,0.0,0.0,0.0,0.0,65.79063215857359,18.226658825451977,True,False,True,False,True,17.64900389554318,0,0.8759113336770015,0.8136092495765522,False,False,False,False,0.342828246485441,0.3260408877362284,False,False,False,False,337350.0,170902.760263471,False,False,False,False,12064.757586507561,False,False,False,False
2025-05-08 17:00:00+00:00,49.165,49.215,48.49,48.55,14202.0,,,,,,,,,,,,,,,,,,,,,,45.05760018201672,44.03649484092747,"rgba(38, 166, 154, 1.0)",0.0,0.0,2.054957843542879,45.72988911880522,1.3723448829162972,0.0,0.0,0.0,0.0,61.09782045040484,16.05153390009761,False,False,True,False,False,11.955689320950825,0,0.8620689655172418,0.8249672632038415,False,False,False,False,0.26899852272875907,0.2975197052324937,False,False,False,False,323148.0,173263.1515772156,False,False,False,False,12097.893127802017,False,False,False,False
2025-05-09 17:00:00+00:00,47.88,48.18,47.865,48.05,19666.0,,,,,,,,,,,,,,,,,,,,,,45.109910343439786,44.069561717938406,"rgba(239, 83, 80, 1.0)",0.0,0.0,2.046047798707119,45.740430935195576,1.128795263856406,0.0,0.0,0.0,0.0,56.070169495309294,11.480574271578575,False,True,True,False,False,9.759492136517043,0,0.8600043387085116,0.8317304215778442,False,False,False,False,0.20694628349187968,0.2522329943621867,False,False,False,False,303482.0,175282.04845198747,False,False,False,False,12215.228118068653,False,False,False,False
2025-05-12 17:00:00+00:00,46.455,46.85,46.37,46.745,11084.0,,,,,,,,,,,,,,,,,,,,,,45.12507684752886,44.08156641388255,"rgba(239, 83, 80, 1.0)",0.0,0.0,2.035804338905376,45.72104387150803,0.5029737430673394,0.0,0.0,0.0,0.0,48.96931913820886,5.165675208146382,False,True,False,True,False,4.417491619238252,0,0.8590007817496983,0.8355482908108881,False,False,False,False,0.1046090351518147,0.1784210147570007,False,False,False,False,292398.0,177097.79963877838,False,False,False,False,12197.68969763348,False,False,False,False
2025-05-13 17:00:00+00:00,46.42,46.715,46.38,46.555,18102.0,,,,,,,,,,,,,,,,,,,,,,45.147559435920975,44.10014392815274,"rgba(239, 83, 80, 1.0)",0.0,0.0,2.0112235149347946,45.70165470428337,0.4242916261568745,0.0,0.0,0.0,0.0,43.789301324293504,0.758813760772739,False,True,False,True,False,3.680773730254405,0,0.8552697213710543,0.8423715527684748,False,False,False,False,0.1001460879079107,0.1392835513324557,False,False,False,False,274296.0,178604.748481588,False,False,False,False,12289.229392243813,False,False,False,False
2025-05-14 17:00:00+00:00,46.12,46.535,46.11,46.48,17039.0,,,,,,,,,,,,,,,,,,,,,46.375,45.1655220836107,44.116145840643895,"rgba(239, 83, 80, 1.0)",0.0,0.0,1.975771093627511,45.800085547927694,0.3441261258782676,0.0,0.0,0.0,0.0,40.14867235638434,-2.3017127332179896,False,True,False,True,False,3.387876317728967,0,0.8547446293925169,0.8411580594679191,False,False,False,False,0.0841110648001742,0.11169730806631495,False,False,False,False,257257.0,179824.16323381144,False,False,False,False,12362.86924662763,False,False,False,False
2025-05-15 17:00:00+00:00,47.025,47.345,46.96,47.3,15324.0,,,,,,,,,,,,,,,,,,,,,46.7664297191237,45.191972222245795,44.13554289084872,"rgba(239, 83, 80, 1.0)",0.0,0.0,1.9558028281762794,45.83662267559839,0.7482233399601717,0.0,0.0,0.0,0.0,41.555146834674076,-2.3017127332179896,False,True,False,True,False,6.243412959287511,0,0.8614657543909151,0.8371305635889121,False,False,False,False,0.14354203864903275,0.12761967335767385,False,False,False,False,272581.0,181262.25372631048,False,False,False,False,12408.778250555884,False,False,False,False
2025-05-16 17:00:00+00:00,46.92,47.175,46.89,47.13,11883.0,,,,,,,,,,,,,,,,,,,,,46.846615739275876,45.2106516946251,44.14975427336033,"rgba(239, 83, 80, 1.0)",0.0,0.0,1.9295471111257372,45.84891849926434,0.6639285940980474,0.0,0.0,0.0,0.0,41.92458171367596,-2.3017127332179896,False,True,False,True,False,5.563817894066947,0,0.854939145202378,0.8436173223889054,False,False,False,False,0.1348969127700928,0.1312582930638833,False,False,False,False,260698.0,182493.81568404209,False,False,False,False,12400.626649772072,False,False,False,False
2025-05-19 17:00:00+00:00,47.455,47.625,47.43,47.55,5769.0,,,,,,,,,,,,,,,,,,,,,46.9260176946916,45.221851188631796,44.157708394256794,"rgba(239, 83, 80, 1.0)",0.0,0.0,1.907748406363271,45.861630411329486,0.8850064206784163,0.0,0.0,0.0,0.0,44.01487776718528,-2.3017127332179896,False,True,False,True,True,6.997850387201417,0,0.8570723452263436,0.8401494852630103,False,False,False,False,0.1707021049059276,0.15098019898490544,False,False,False,False,266467.0,183795.72551839802,False,False,False,False,12297.810732721342,False,False,False,False
2025-05-20 17:00:00+00:00,47.77,47.89,47.735,47.765,11444.0,,,,,,,,,,,,,,,,,,,,,47.08813726766354,45.246228694499976,44.17459089705179,"rgba(239, 83, 80, 1.0)",0.0,0.0,1.8866641111941682,45.89118515238556,0.993189427040304,0.0,0.0,0.0,0.0,46.31739126268167,-2.3017127332179896,False,True,False,True,True,7.723620142898639,0,0.858431400183215,0.8381368472975836,False,False,False,False,0.19150977541717723,0.17124498720104134,False,False,False,False,277911.0,185254.87706074843,False,False,False,False,12284.573357020236,False,False,False,False
2025-05-21 17:00:00+00:00,48.11,48.28,47.92,48.155,27061.0,,,,,,,,,,,,,,,,,,,,,47.4030732791083,45.309120462003506,44.21738617138461,"rgba(239, 83, 80, 1.0)",0.0,0.0,1.8840984103330232,45.96593494536498,1.1618634369783771,0.0,0.0,0.0,0.0,49.43925481708136,-7.714444318577748,False,True,False,False,True,9.026916199637064,0,0.8555320648343906,0.8357293868921782,False,False,False,False,0.21266736754994478,0.19195617737549306,False,False,False,False,304972.0,187110.9564861632,False,False,False,False,12513.665242957906,False,False,False,False
2025-05-22 17:00:00+00:00,47.595,47.905,47.54,47.73,7680.0,,,,,,,,,,,,,,,,,,,,47.724999999999994,47.42877387387387,45.32404138178211,44.228155310657684,"rgba(239, 83, 80, 1.0)",0.0,0.0,1.873700840005532,45.97840537894082,0.9348315289510171,0.0,0.0,0.0,0.0,49.54782662940809,-7.268815931256363,False,True,False,False,True,7.255008616570549,0,0.8547887323943665,0.835845070422536,False,False,False,False,0.1849220427682652,0.18843911007187913,False,False,False,False,297292.0,188819.18971893587,False,False,False,False,12438.724696555459,False,False,False,False
2025-05-23 17:00:00+00:00,48.115,48.345,47.995,48.335,5374.0,,,,,,,,,,,,,,,,,,,,47.93083729125172,47.47090000065634,45.33652456773914,44.23672353674468,"rgba(38, 166, 154, 1.0)",0.0,0.0,1.869394571261684,45.99198303814787,1.2533560318787007,0.0,0.0,0.0,0.0,52.05575061358636,-4.523302435072765,False,True,True,False,True,9.268440523042692,0,0.866567984774794,0.8278000986818926,False,False,False,False,0.2178466036184672,0.20314285684517316,False,False,False,False,302666.0,190584.25654499885,False,False,False,False,12329.194081104986,False,False,False,False
2025-05-26 17:00:00+00:00,48.335,48.335,48.335,48.335,0.0,,,,,,,,,,,,,,,,,,,,47.93083729125172,47.47090000065634,45.33652456773914,44.23672353674468,"rgba(38, 166, 154, 1.0)",0.0,0.0,1.8671949067570333,45.99198303814787,1.254832558386478,0.0,0.0,0.0,0.0,53.72769993637187,-2.603328634936034,False,True,True,False,True,9.268440523042692,0,0.8668323863636367,0.8328125000000006,False,False,False,False,0.23010100097786462,0.21662192891151888,False,False,False,False,302666.0,192321.95799391362,False,False,False,False,12138.043785273901,False,False,False,False
2025-05-27 17:00:00+00:00,48.79,48.92,48.49,48.525,15833.0,,,,,,,,,,,,,,,,,,,,48.32227074462561,47.62923404623802,45.37794417828414,44.26439127499644,"rgba(38, 166, 154, 1.0)",0.0,0.0,1.8691029379871975,46.041354176727395,1.3287902837214496,0.0,0.0,0.0,0.0,55.62437258013791,-0.4843464471894947,False,True,True,False,True,9.90111365096509,0,0.8668732830879766,0.8241882087765026,False,False,False,False,0.2578354040828774,0.23722866649719815,False,False,False,False,318499.0,194278.1912033103,False,False,False,False,12195.329928137871,False,False,False,False
2025-05-28 17:00:00+00:00,47.93,47.98,47.695,47.87,8362.0,,,,,,,,,,,,,,,,,,,47.84833333333332,48.21587689154966,47.643801294436635,45.39417080958799,44.27623192560047,"rgba(38, 166, 154, 1.0)",0.0,0.0,1.8589278901830688,46.054270363169024,0.976761737999508,0.0,0.0,0.0,0.0,53.42501568714285,-0.4843464471894947,False,True,True,False,True,7.1206361760278405,0,0.8654329608938554,0.8312150837988835,False,False,False,False,0.19334259571268034,0.21528563110493926,False,False,False,False,310137.0,196074.45180480936,False,False,False,False,12135.898456383797,False,False,False,False
2025-05-29 17:00:00+00:00,48.08,48.31,48.07,48.205,4745.0,,,,,,,,,,,,,,,,,,,47.97383370209302,48.213517962883586,47.6638408140123,45.40457144701834,44.28356484269375,"rgba(38, 166, 154, 1.0)",0.0,0.0,1.8586600157246682,46.06421732952988,1.1517881981420104,0.0,0.0,0.0,0.0,53.51223567608518,-0.4843464471894947,False,True,True,False,True,8.261309038722189,0,0.8693646466764525,0.8297336967917809,False,False,False,False,0.21932848950207295,0.2173070603035061,False,False,False,False,314882.0,197916.42929620764,False,False,False,False,12021.310883416605,False,False,False,False
2025-05-30 17:00:00+00:00,48.49,49.03,48.48,48.84,22880.0,,,,,,,,,,,,,,,,,,,48.48850154222358,48.414482535376266,47.83082250066279,45.46400656707776,44.323802821415235,"rgba(38, 166, 154, 1.0)",0.0,0.0,1.8738438189073345,46.37730526429304,1.3142475967623566,0.0,0.0,0.0,0.0,56.08913579954742,0.6641254059719941,False,False,True,False,True,10.362243303719861,0,0.8789378310565935,0.8194870365207699,False,False,False,False,0.26161234242892245,0.23945970136621428,False,False,False,False,337762.0,200084.57767921215,False,False,False,False,12189.662652665958,False,False,False,False
2025-06-02 17:00:00+00:00,48.435,48.725,48.31,48.725,9229.0,,,,,,,,,,,,,,,,,,,48.50853794379571,48.435926840568754,47.873717329857,45.48600735496387,44.339123655080684,"rgba(38, 166, 154, 1.0)",0.0,0.0,1.885464162509505,46.39484807820037,1.2358505497650296,0.0,0.0,0.0,0.0,57.150303306245576,1.952257207277654,False,False,True,False,True,9.868524722325319,0,0.8746774530999377,0.8298347165074278,False,False,False,False,0.2437348305314135,0.2415972659488139,False,False,False,False,328533.0,202076.02608728636,False,False,False,False,12143.760906112999,False,False,False,False
2025-06-03 17:00:00+00:00,48.43,48.635,48.39,48.41,13372.0,,,,,,,,,,,,,,,,,,,48.50164410800847,48.44240937410689,47.919655709916015,45.5162453641114,44.36056659845671,"rgba(38, 166, 154, 1.0)",0.0,0.0,1.8710029275643878,46.41750358063716,1.0649349554768497,0.0,0.0,0.0,0.0,56.075690510676125,1.952257207277654,False,False,True,False,True,8.518373792212294,0,0.875113564889231,0.8315046474246983,False,False,False,False,0.24336013656750202,0.24247870125815796,False,False,False,False,315161.0,203829.28149678578,False,False,False,False,12162.80337268489,False,False,False,False
2025-06-04 17:00:00+00:00,48.535,48.56,48.11,48.14,11552.0,,,,,,,,,,,,,,,,,,,48.46349251497006,48.42229694931685,47.94123524592058,45.54007708954356,44.37798476009314,"rgba(38, 166, 154, 1.0)",0.0,0.0,1.8568965851461618,46.43190742728257,0.9198641358818505,0.0,0.0,0.0,0.0,53.92096154829713,1.952257207277654,False,True,True,False,False,7.3722182382755825,0,0.8785694288913778,0.8307670772676377,False,False,False,False,0.23010100097786462,0.2362898511180113,False,False,False,False,303609.0,205376.25387668057,False,False,False,False,12153.33355295334,False,False,False,False
2025-06-05 17:00:00+00:00,48.005,48.185,47.96,48.05,7788.0,,,,,,,,,,,,,,,,,,,48.423667808746536,48.396246032860546,47.946169742578995,45.554723143513094,44.38902630022617,"rgba(38, 166, 154, 1.0)",0.0,0.0,1.8364415797065854,46.43856862057993,0.8774748934172641,0.0,0.0,0.0,0.0,52.00271899226952,1.952257207277654,False,True,False,False,False,6.989505892256602,0,0.8851222778208476,0.8340968355768559,False,False,False,False,0.21063575371658133,0.22346280241729632,False,False,False,False,295821.0,206778.4980026235,False,False,False,False,12085.65396298507,False,False,False,False
2025-06-06 17:00:00+00:00,47.58,47.63,47.43,47.49,13271.0,,,,,,,,,,,,,,,,,,47.516666666666666,48.29168377211739,48.29904154800171,47.918845814597866,45.57392596534239,44.40490586643926,"rgba(38, 166, 154, 1.0)",0.0,0.0,1.8155934130308415,46.43598615361191,0.5805340770809408,0.0,0.0,0.0,0.0,48.00440000506281,2.87986816167642,False,True,False,True,False,4.640179365815609,0,0.8859710714787254,0.8309226232270756,False,False,False,False,0.1708839679400294,0.19717338517866287,False,False,False,False,282550.0,207953.24997157505,False,False,False,False,12104.031420923286,False,False,False,False
2025-06-09 17:00:00+00:00,47.445,47.52,47.245,47.32,19070.0,,,,,,,,,,,,,,,,,,47.425270296733764,48.13084594642798,48.17058327823929,47.87217683608871,45.598720988895224,44.42632135895399,"rgba(38, 166, 154, 1.0)",0.0,0.0,1.789791970396792,46.43193348779043,0.4961842084992075,0.0,0.0,0.0,0.0,44.60959843219321,-0.2724137585899413,False,True,False,True,False,3.939508035930782,0,0.8901827934222603,0.8292751782059431,False,False,False,False,0.16017275982671053,0.17867307250268671,False,False,False,False,263480.0,208814.129816977,False,False,False,False,12212.030933777187,False,False,False,False
2025-06-10 17:00:00+00:00,47.41,47.51,47.28,47.475,9979.0,,,,,,,,,,,,,,,,,,47.42442056553245,48.07199340806777,48.1204713738112,47.85326016704888,45.611855970759784,44.43763108802709,"rgba(38, 166, 154, 1.0)",0.0,0.0,1.7684164851257165,46.43277072009851,0.5893573650029615,0.0,0.0,0.0,0.0,43.44722742142009,-1.3680546029883445,False,True,False,True,False,4.516442700294533,0,0.8975436098255611,0.8226415094339629,False,False,False,False,0.1610790438709413,0.169876058186814,False,False,False,False,273459.0,209816.37586632615,False,False,False,False,12177.410299144984,False,False,False,False
2025-06-11 17:00:00+00:00,47.315,47.455,47.3,47.385,9317.0,,,,,,,,,,,,,,,,,,47.416405645822444,48.02223226437181,48.07693155235234,47.835406463080844,45.62367142953458,44.44796734223831,"rgba(38, 166, 154, 1.0)",0.0,0.0,1.7395662242778147,46.43358892830165,0.5469243184997604,0.0,0.0,0.0,0.0,42.21269196500364,-2.643817926306994,False,True,False,True,False,4.135766284574451,0,0.896256684491979,0.8209625668449204,False,False,False,False,0.15981031932650042,0.1648431887566572,False,False,False,False,264142.0,210658.63360483272,False,False,False,False,12133.062852646612,False,False,False,False
2025-06-12 17:00:00+00:00,47.75,47.97,47.67,47.96,9063.0,,,,,,,,,,,,,,,,,,47.48363325096101,48.01206194515778,48.065555671631394,47.83651299627005,45.638157256964035,44.459609710618594,"rgba(38, 166, 154, 1.0)",0.0,0.0,1.6997445542048566,46.442322258469304,0.8928857796756816,0.0,0.0,0.0,0.0,45.29025071458524,-2.643817926306994,False,True,False,True,True,6.280523466487757,0,0.9016975637474257,0.8131259322395064,False,False,False,False,0.19205948750761012,0.17845133813213365,False,False,False,False,273205.0,211628.34471173453,False,False,False,False,12085.464978962167,False,False,False,False
2025-06-13 17:00:00+00:00,48.27,48.32,48.12,48.16,10691.0,,,,,,,,,,,,,,,,,,47.59091115593469,48.02551800730873,48.07362130530584,47.85108240291536,45.657526725374346,44.47457560013926,"rgba(38, 166, 154, 1.0)",0.0,0.0,1.6707566446868545,46.45831080723165,1.0185140955026948,0.0,0.0,0.0,0.0,48.485000977826914,-6.893233250108125,False,True,False,False,True,7.010866044125969,0,0.9092779117605339,0.8061427152787636,False,False,False,False,0.22155309953377583,0.20000221883295474,False,False,False,False,283896.0,212748.77347589366,False,False,False,False,12063.845366885234,False,False,False,False
2025-06-16 17:00:00+00:00,47.9,47.91,47.62,47.705,8884.0,,,,,,,,,,,,,,,,,47.74500000000001,47.607964102564104,48.00976532261293,48.0580166675575,47.847662947643414,45.67056008309815,44.485413331139995,"rgba(38, 166, 154, 1.0)",0.0,0.0,1.6418042344151904,46.464908847215526,0.7553221795814118,0.0,0.0,0.0,0.0,47.81470846568631,-6.893233250108125,False,True,False,False,True,5.036222607253702,0,0.9160789342452093,0.8064401225333054,False,False,False,False,0.18803090520881394,0.19401656202088435,False,False,False,False,275012.0,213714.09481735266,False,False,False,False,12014.54543871647,False,False,False,False
2025-06-17 17:00:00+00:00,47.42,47.49,47.195,47.405,8279.0,,,,,,,,,,,,,,,,47.36333333333334,47.56089358892191,47.585093332881634,47.97761884167658,48.028578612778894,47.83353853677553,45.6803523654806,44.49427352424938,"rgba(38, 166, 154, 1.0)",0.0,0.0,1.6111063710190707,46.466282204421965,0.582654139083486,0.0,0.0,0.0,0.0,45.78816177248386,-6.893233250108125,False,True,False,True,False,3.7603459686708973,0,0.910513586569925,0.8067292644757439,False,False,False,False,0.15727439567576804,0.1756454788483262,False,False,False,False,266733.0,214536.0933473162,False,False,False,False,11956.630005558074,False,False,False,False
2025-06-18 17:00:00+00:00,47.32,47.46,47.3,47.325,5792.0,,,,,,,,,,,,,,,,47.362647288749905,47.510624700500976,47.571376935252516,47.956909999961304,48.009376312174496,47.82410373825002,45.687129259057464,44.500436181073695,"rgba(38, 166, 154, 1.0)",0.0,0.0,1.5821482658507804,46.46738248820276,0.5420588767235863,0.0,0.0,0.0,0.0,44.02418290752633,-6.893233250108125,False,True,False,True,False,3.420178650599606,0,0.9111382055511728,0.8155346768988028,False,False,False,False,0.15999153436673563,0.16781850660753092,False,False,False,False,260941.0,215255.54926441205,False,False,False,False,11861.054346557174,False,False,False,False
2025-06-19 17:00:00+00:00,47.325,47.325,47.325,47.325,0.0,,,,,,,,,,,,,,,,47.362647288749905,47.510624700500976,47.571376935252516,47.956909999961304,48.009376312174496,47.82410373825002,45.687129259057464,44.500436181073695,"rgba(38, 166, 154, 1.0)",0.0,0.0,1.5333693630704555,46.46738248820276,0.559302626263466,0.0,0.0,0.0,0.0,42.848196997554645,-2.051776902726907,False,True,False,True,False,3.420178650599606,0,0.9143042164340195,0.8147215426680101,False,False,False,False,0.15600718781057624,0.16191284720905358,False,False,False,False,260941.0,215963.85082620409,False,False,False,False,11677.162031106674,False,False,False,False
2025-06-20 17:00:00+00:00,46.805,47.07,46.78,47.04,10137.0,,,,,,,,,,,,,,,46.96333333333333,47.195436219431585,47.3429741327209,47.51238419966246,47.9016946529175,47.959192506949115,47.795000650394584,45.696069100769556,44.509665664104425,"rgba(239, 83, 80, 1.0)",0.0,0.0,1.5073339090967868,46.46369633453055,0.3823331127837324,0.0,0.0,0.0,0.0,40.470831676843154,-4.479044363369752,False,True,False,True,False,2.1836252795068525,0,0.9104145746664757,0.8182470233825855,False,False,False,False,0.12716934137015404,0.14454109428960382,False,False,False,False,250804.0,216504.0081777358,False,False,False,False,11653.283550004244,False,False,False,False
2025-06-23 17:00:00+00:00,47.405,47.655,47.405,47.545,8609.0,,,,,,,,,,,,,,,47.225868185212846,47.284515190297704,47.38261708352317,47.51410580176612,47.885168245907934,47.94258606289628,47.78774335580219,45.706944428606484,44.519263377354754,"rgba(239, 83, 80, 1.0)",0.0,0.0,1.4869416038744818,46.468032830883544,0.7242834327254242,0.0,0.0,0.0,0.0,42.96753474520791,-4.479044363369752,False,True,False,True,True,4.202111487338389,0,0.912548880199076,0.8152861713473164,False,False,False,False,0.1708839679400294,0.15771253111481662,False,False,False,False,259413.0,217169.2638649027,False,False,False,False,11606.085355430534,False,False,False,False
2025-06-24 17:00:00+00:00,47.435,47.58,47.35,47.36,13576.0,,,,,,,,,,,,,,,47.31160834725574,47.32708846162136,47.39425430106554,47.50509152535237,47.85496548482538,47.91278145875003,47.77266050316302,45.722865191939796,44.533752735657664,"rgba(239, 83, 80, 1.0)",0.0,0.0,1.452476992731346,46.473052383571485,0.6106448645087535,0.0,0.0,0.0,0.0,43.46833560962865,-4.479044363369752,False,True,False,True,True,3.389822271341071,0,0.9139830809696455,0.8173029075140403,False,False,False,False,0.16615912950166295,0.16193583030823977,False,False,False,False,245837.0,217613.72489025304,False,False,False,False,11636.62666774944,False,False,False,False
2025-06-25 17:00:00+00:00,46.75,46.83,46.57,46.625,12325.0,,,,,,,,,,,,,,46.675,47.1358698232804,47.19021407404884,47.26312194905476,47.431484379309275,47.7879223004381,47.85071815536245,47.732195254360995,45.73078564997363,44.54338592109711,"rgba(239, 83, 80, 1.0)",0.0,0.0,1.4219383895876998,46.56367090281316,0.04313062903142033,-1.0,47.35,47.155,414.0,40.16346860277234,-4.870807770798741,False,True,False,True,False,0.2606364801358687,0,0.9107646726862307,0.8222347629796845,False,False,False,False,0.11104302780733277,0.13648942905778627,False,False,False,False,233512.0,217860.20977567547,False,False,False,False,11647.299122513015,False,False,False,False
2025-06-26 17:00:00+00:00,47.085,47.155,46.925,47.13,10280.0,,,,,,,,,,47.07,,,,46.85463282459633,47.1235417918328,47.17230340009855,47.23763090316119,47.40658999506497,47.75543898721103,47.81937821504066,47.712441310126295,45.74001360016196,44.55283134820123,"rgba(239, 83, 80, 1.0)",0.0,0.0,1.3951821444584542,46.57384465112151,0.3986256210972116,1.0,47.01,46.83,420.0,41.49253106922475,-4.870807770798741,False,True,False,True,False,2.295388969218884,0,0.9160681594141675,0.8158005914659912,False,False,False,False,0.13543663321406005,0.13596303113592317,False,False,False,False,243792.0,218262.25303496732,False,False,False,False,11626.100686505062,False,False,False,False
2025-06-27 17:00:00+00:00,47.395,47.435,47.01,47.17,10526.0,,,,,,,,,,47.13829808709026,,,,46.965947451027745,47.136641712373766,47.17663120567376,47.23374581485838,47.39331121179315,47.731066825953015,47.79512238042013,47.697400995117334,45.750277339226066,44.56294469370515,"rgba(239, 83, 80, 1.0)",0.0,0.0,1.3687005509598038,46.58178664395541,0.42976044367930233,0.0,0.0,0.0,0.0,42.639427433144036,-4.870807770798741,False,True,False,True,True,2.4550180848634042,0,0.9189379039055917,0.8113936499016583,False,False,False,False,0.14859480593486893,0.14227891853539604,False,False,False,False,254318.0,218821.25686388253,False,False,False,False,11609.044861908083,False,False,False,False
2025-06-30 17:00:00+00:00,47.73,47.77,47.46,47.745,11343.0,,,,,,,,,47.65833333333333,47.321779993156866,,,,47.14253901155732,47.213697132663164,47.236762466021766,47.282026997223085,47.41087642620358,47.72775443984957,47.789540228644476,47.69619179375513,45.764574874006044,44.575612240210184,"rgba(239, 83, 80, 1.0)",0.0,0.0,1.3502189111798044,46.60032763956139,0.8477679811478901,1.0,47.6,47.435,417.0,46.79502106845535,-8.17919418991928,False,True,False,True,True,4.7184794145559685,0,0.9203817219281142,0.8039147394817501,False,False,False,False,0.17707405825956116,0.1596764883974786,False,False,False,False,265661.0,219547.45443188434,False,False,False,False,11604.920135366872,False,False,False,False
2025-07-01 17:00:00+00:00,47.715,47.865,47.6,47.815,5509.0,,,,,,,,,47.69156865653928,47.385887328057784,,,,47.21059400196067,47.25026334973574,47.26667152610608,47.30704270378111,47.421764118704864,47.72845222242735,47.788966131152705,47.697136773964615,45.7718104427647,44.58192887511339,"rgba(239, 83, 80, 1.0)",0.0,0.0,1.3295165347658078,46.76885937556004,0.7868579269863936,0.0,0.0,0.0,0.0,49.934696268173624,-5.253212844582926,False,False,False,False,True,4.989830119070124,0,0.9254022428083865,0.8026050010447869,False,False,False,False,0.1856532197571357,0.17266485407730714,False,False,False,False,271170.0,220347.80397557607,False,False,False,False,11510.40974567126,False,False,False,False
2025-07-02 17:00:00+00:00,47.13,47.35,47.035,47.07,10253.0,,,,,,,,,47.487340097153044,47.335763881641654,,,47.151666666666664,47.20056375478673,47.239341421955245,47.255613138389485,47.2932514377891,47.40694737226954,47.706121906214754,47.76671959140085,47.68250533915518,45.78106015484111,44.5913809346999,"rgba(239, 83, 80, 1.0)",0.0,0.0,1.305773451371167,46.74341016391131,0.2501121735518118,-1.0,47.6,47.44,430.0,47.75415325117137,-5.253212844582926,False,False,False,False,True,1.770849885857018,0,0.917111003393117,0.8088082542760201,False,False,False,False,0.14642842661334923,0.15954664034532817,False,False,False,False,260917.0,220976.78375890048,False,False,False,False,11490.915020932172,False,False,False,False
2025-07-03 17:00:00+00:00,47.44,47.44,47.355,47.355,0.0,,,,,,,,,47.487340097153044,47.335763881641654,,,47.151666666666664,47.20056375478673,47.239341421955245,47.255613138389485,47.2932514377891,47.40694737226954,47.706121906214754,47.76671959140085,47.68250533915518,45.78106015484111,44.5913809346999,"rgba(239, 83, 80, 1.0)",0.0,0.0,1.2819636472194726,46.74341016391131,0.47707268253292817,0.0,0.0,0.0,0.0,47.98701768611929,-5.253212844582926,False,False,False,False,True,2.9034087373521658,0,0.9201578838030613,0.8036147081227065,False,False,False,False,0.1612603321183731,0.16040348623185063,False,False,False,False,260917.0,221596.0119176772,False,False,False,False,11312.76129967741,False,False,False,False
2025-07-04 17:00:00+00:00,47.355,47.355,47.355,47.355,0.0,,,,,,,,,47.487340097153044,47.335763881641654,,,47.151666666666664,47.20056375478673,47.239341421955245,47.255613138389485,47.2932514377891,47.40694737226954,47.706121906214754,47.76671959140085,47.68250533915518,45.78106015484111,44.5913809346999,"rgba(239, 83, 80, 1.0)",0.0,0.0,1.2512401127758317,46.74341016391131,0.4887869481197337,0.0,0.0,0.0,0.0,48.14226064275124,-5.253212844582926,False,False,False,False,True,2.9034087373521658,0,0.9188735937390825,0.8118929494794218,False,False,False,False,0.15817985074212249,0.15929166848698656,False,False,False,False,260917.0,222205.63963988377,False,False,False,False,11137.369651620395,False,False,False,False
2025-07-07 17:00:00+00:00,46.865,47.02,46.825,46.85,10375.0,,,,,,,,46.89833333333333,47.32429460156528,47.25790055359206,,46.89833333333333,47.02425085644108,47.15615650063965,47.204969948089214,47.22393235843788,47.26070444892814,47.38019910887626,47.6756691690255,47.737092214907236,47.66178324427215,45.788587727558074,44.59993554013505,"rgba(239, 83, 80, 1.0)",0.0,0.0,1.2187430757481816,46.72620848991926,0.1015730981730892,-1.0,47.355,46.96,422.0,45.54889725539392,-5.253212844582926,False,True,False,True,False,0.7421402346403596,0,0.9190170343479479,0.8115051661547057,False,False,False,False,0.12698981353874003,0.14314074101286328,False,False,False,False,250542.0,222644.96305631968,False,False,False,False,11125.549967099147,False,False,False,False
2025-07-08 17:00:00+00:00,46.615,46.96,46.585,46.815,10326.0,,,,,,,,46.842632159477,47.20816804724651,47.18698058162809,,46.842632159477,46.944994723352934,47.10901672494245,47.16683258431266,47.18847170082986,47.224768978714856,47.35067758483659,47.64351933051521,47.70587888811144,47.63935694313463,45.795235895712416,44.60797636984092,"rgba(239, 83, 80, 1.0)",0.0,0.0,1.1691700606114064,46.80405803093103,0.009358748943027394,0.0,0.0,0.0,0.0,43.64707608962266,-1.5436902330387028,False,True,False,True,False,0.5938238372027982,0,0.9102715466351833,0.8126953260643104,False,False,False,False,0.11623260832488419,0.12968667466887374,False,False,False,False,240216.0,222917.38223374108,False,False,False,False,11113.15384357823,False,False,False,False
2025-07-09 17:00:00+00:00,46.885,47.01,46.775,46.835,16439.0,,,,,,,,46.85622119009155,47.12249059589592,47.1263575776103,,46.85622119009155,46.92013785439481,47.06922869427101,47.12963205549302,47.152437787932946,47.18692333811541,47.31565293722066,47.60159131199802,47.66451318134512,47.60933001731926,45.80654836122167,44.621160469394795,"rgba(239, 83, 80, 1.0)",0.0,0.0,1.1233200349412211,46.796224101097266,0.03451901301196296,0.0,0.0,0.0,0.0,42.54350959883234,-2.7748765612476305,False,True,False,True,False,0.6786834147467964,0,0.9143239625167338,0.8092721764249987,False,False,False,False,0.12483611115193932,0.12726139291040653,False,False,False,False,256655.0,223440.44607507842,False,False,False,False,11195.725101817327,False,False,False,False
2025-07-10 17:00:00+00:00,46.95,47.315,46.945,47.15,20128.0,,,,,,,,46.95478944029243,47.12587243549476,47.12833041766893,,46.95478944029243,46.984685060944,47.08078056917212,47.130577102772556,47.150500954867994,47.181068722834105,47.3008984377133,47.572538212770354,47.634242844701745,47.587683563629255,45.823420518618384,44.63895885812899,"rgba(239, 83, 80, 1.0)",0.0,0.0,1.075987156224368,46.807173473220445,0.31861581692343793,0.0,0.0,0.0,0.0,44.329282434452765,-2.7748765612476305,False,True,False,True,False,2.016422782053187,0,0.9208617897627265,0.8025065127085831,False,False,False,False,0.14191949173628976,0.13459044232334816,False,False,False,False,276783.0,224267.4624149997,False,False,False,False,11334.209983959694,False,False,False,False
2025-07-11 17:00:00+00:00,47.12,47.335,47.01,47.215,12285.0,,,,,,,,46.99574542674891,47.13359923648326,47.1344315279575,,46.99574542674891,47.01577725985515,47.09080307267951,47.13482764895659,47.15302275487848,47.18144032399251,47.29542641976367,47.55836164401313,47.61910687675717,47.57677922583844,45.833893728135855,44.649913747652135,"rgba(239, 83, 80, 1.0)",0.0,0.0,1.043870966448456,46.812741353908564,0.38535284438462475,0.0,0.0,0.0,0.0,46.01631560159581,-2.7748765612476305,False,False,False,True,True,2.291983392518283,0,0.9242306879797197,0.8020561932258294,False,False,False,False,0.13638498337919921,0.1354877128512737,False,False,False,False,289068.0,225272.12191244154,False,False,False,False,11348.95091444094,False,False,False,False
2025-07-14 17:00:00+00:00,47.235,47.27,47.04,47.21,14048.0,,,,,,,,47.02558663572606,47.13864128111092,47.138586985725006,,47.02558663572606,47.0393601409281,47.098863482043335,47.1378983285933,47.154522639261245,47.18086835514662,47.28908582096449,47.54283820705845,47.60251028304887,47.56461279981683,45.84555831451895,44.66226062148499,"rgba(239, 83, 80, 1.0)",0.0,0.0,1.0187016909451814,46.81699017758956,0.38579480715870335,0.0,0.0,0.0,0.0,47.10037104376998,-2.7748765612476305,False,False,False,True,True,2.2690837698265973,0,0.9228919071873237,0.8077249575551788,False,False,False,False,0.11776771775183736,0.12662771530155553,False,False,False,False,275020.0,226043.4068440316,False,False,False,False,11390.796636697669,False,False,False,False
2025-07-15 17:00:00+00:00,46.955,47.215,46.87,47.025,19769.0,,,,,,,,47.02770563670956,47.12319053458516,47.12526830864418,,47.02770563670956,47.03889150964153,47.09134805569478,47.12768412375976,47.143427849656426,47.167844396321314,47.271894910785434,47.51566153451999,47.57433986671334,47.54312026754035,45.85997872796476,44.67849787721761,"rgba(239, 83, 80, 1.0)",0.0,0.0,1.0071646849955262,46.81487216650154,0.2086330434623953,0.0,0.0,0.0,0.0,46.29307046105028,-2.7748765612476305,False,False,False,True,True,1.4143235616499226,0,0.9155210485077288,0.8148728541918945,False,False,False,False,0.09730272268706677,0.11196521899431115,False,False,False,False,255251.0,226496.2377456745,False,False,False,False,11520.691262485301,False,False,False,False
2025-07-16 17:00:00+00:00,47.23,47.34,47.05,47.19,7652.0,,,,,,,,47.03912124023468,47.12707632589331,47.12854537236865,,47.03912124023468,47.048636212464785,47.095904872570436,47.13015169302814,47.14518238678741,47.168705372974,47.26987711713647,47.50909926460806,47.56713658858381,47.537693992970596,45.86619789110991,44.68513698063005,"rgba(239, 83, 80, 1.0)",0.0,0.0,0.9945412360831014,46.81708871091281,0.37495809681643516,0.0,0.0,0.0,0.0,47.33129146465653,-6.721936616031321,False,False,False,True,True,2.1477685282873367,0,0.9111792823000644,0.8167938931297714,False,False,False,False,0.11030461545452404,0.1111349172244176,False,False,False,False,262903.0,227060.68367209815,False,False,False,False,11460.711552989405,False,False,False,False
2025-07-17 17:00:00+00:00,46.775,47.055,46.75,47.005,21297.0,,,,,,,,47.02263097766258,47.10164003955908,47.105871895170985,,47.02263097766258,47.03191052006472,47.07829278214883,47.11182767320209,47.12659776046113,47.148765541442046,47.247646942732814,47.478402887063105,47.53562034372521,47.51281812092451,45.87991625066293,44.70155957119111,"rgba(239, 83, 80, 1.0)",0.0,0.0,0.9964363438709073,46.81079080623452,0.19490376375777949,0.0,0.0,0.0,0.0,46.420414007190736,-6.721936616031321,False,False,False,True,True,1.2779374991110082,0,0.9052818149592347,0.816873449131514,False,False,False,False,0.07934447809203224,0.09523969765822492,False,False,False,False,241606.0,227286.1924523757,False,False,False,False,11613.212149067089,False,False,False,False
2025-07-18 17:00:00+00:00,47.135,47.36,47.045,47.25,25205.0,,,,,,,,47.053944795713676,47.1175706597194,47.119669887474544,,47.053944795713676,47.059916665176594,47.09450201291943,47.12256205297996,47.135351002386244,47.155187587518654,47.24550179331142,47.46288267875125,47.517897699613435,47.4990667354623,45.899912588984286,44.72309946291143,"rgba(239, 83, 80, 1.0)",0.0,0.0,0.9843849408189579,46.818726243178816,0.4381149476569468,1.0,47.975,47.055,0.0,48.15200618531392,-5.6194125413137215,True,False,False,False,True,2.384332340889202,0,0.9083844289177246,0.816198488521318,False,False,False,False,0.1054927023326915,0.1003661999954582,False,False,False,False,266811.0,227898.98016629234,False,False,False,False,11823.937542104808,False,False,False,False
2025-07-21 17:00:00+00:00,48.085,48.17,47.975,48.115,12005.0,,,,,,,48.08666666666668,47.12707580020725,47.176736407064226,47.17305839158695,,47.12707580020725,47.1284782217723,47.146341660682296,47.16672325093067,47.176706112684286,47.19441831963944,47.27383302051156,47.480123008281126,47.53263725909232,47.511851342714095,45.9153635297446,44.73675498026897,"rgba(38, 166, 154, 1.0)",0.0,0.0,0.9444014740265761,46.84133396909852,1.3486489230803964,1.0,48.8,47.36,432.0,54.704256323064236,0.49169153886719386,True,False,True,False,True,6.109094170524536,0,0.9196111820632898,0.810628636299135,False,False,False,False,0.17949392319719976,0.13993006159632898,False,False,False,False,278816.0,228688.39132650485,False,False,False,False,11826.744711994656,False,False,False,False
2025-07-22 17:00:00+00:00,48.965,49.09,48.8,49.05,21384.0,,,,,,48.98,48.65880239999201,47.33462023714119,47.35360707219893,47.33484966614187,,47.33462023714119,47.325295485651985,47.30246790417907,47.30351011802501,47.306306762294625,47.31902549609585,47.3704000746393,47.55049869993088,47.59650098425197,47.566627197788144,45.95345510077473,44.76722014952307,"rgba(38, 166, 154, 1.0)",0.0,0.0,0.8831326153051039,46.91025830033348,2.4228996444970834,1.0,48.67,48.17,435.0,62.17632239812578,7.102720120946046,True,False,True,False,True,9.79800763561089,0,0.9208011243851022,0.8098383696416026,False,False,False,False,0.2595650827054593,0.19974757215089414,False,False,False,False,300200.0,229797.09843772184,False,False,False,False,11974.919212583885,False,False,False,False
2025-07-23 17:00:00+00:00,48.695,48.85,48.67,48.775,21818.0,,,,,,48.87142007314477,48.700772063929094,47.481322060881276,47.48200218760597,47.454565675012724,,47.481322060881276,47.466164216565616,47.419366742744245,47.40795798953342,47.4059616002839,47.4151377532161,47.44653800342812,47.605984550729424,47.646840231019844,47.61057243502474,45.98866363879171,44.796292528117085,"rgba(38, 166, 154, 1.0)",0.0,0.0,0.8027280176184695,46.96458981483207,2.255322033655995,0.0,0.0,0.0,0.0,64.9121805114768,9.216872518540242,True,False,True,False,True,8.456808234057096,0,0.9156795401976595,0.8114530034344996,False,False,False,False,0.24207410272474802,0.22091083743782108,False,False,False,False,278382.0,230550.3527255091,False,False,False,False,12127.525116264755,False,False,False,False
2025-07-24 17:00:00+00:00,48.98,49.155,48.95,49.07,13090.0,,,,,49.05833333333334,48.914884412231466,48.769303288089766,47.572735514707084,47.56358405225244,47.5312586398375,,47.572735514707084,47.55444794852462,47.4943660354405,47.47581238084171,47.47102265002256,47.47815353876261,47.497657758394396,47.644731374990734,47.68240331511208,47.641739080025,46.011554838761135,44.81480708374718,"rgba(38, 166, 154, 1.0)",0.0,0.0,0.7611808749066967,47.00032373652999,2.719033454070562,1.0,48.89,48.85,435.0,67.67752204698387,11.535600562129687,True,False,True,False,True,9.589260763880212,0,0.9142148174406244,0.8182204891882315,False,False,False,False,0.26971317665577577,0.24531200704679842,False,False,False,False,291472.0,231494.87438867948,False,False,False,False,12142.447207485457,False,False,False,False
2025-07-25 17:00:00+00:00,48.89,49.19,48.89,49.085,7680.0,,,,,49.05710078639063,48.93170564205174,48.79818243240279,47.62148815922274,47.607535743612964,47.57284298466306,,47.62148815922274,47.601726105007515,47.53517011816694,47.51300859660369,47.50678822803046,47.5128518053717,47.52610744004787,47.666465562853205,47.70239789524929,47.659366396531006,46.024812532543486,44.8255865536618,"rgba(38, 166, 154, 1.0)",0.0,0.0,0.7597764488661435,47.020221012195464,2.7176138334978948,0.0,0.0,0.0,0.0,69.56953642192738,13.19825772414574,True,False,True,False,True,9.646967337851773,0,0.9225166035849466,0.8134685424551886,False,False,False,False,0.2685240360649034,0.2569180215558509,False,False,False,False,299152.0,232543.82207257592,False,False,False,False,12073.261979462426,False,False,False,False
2025-07-28 17:00:00+00:00,48.465,48.495,48.28,48.355,14919.0,,,,,48.77266029682348,48.82674276322183,48.72899793903656,47.666840820653206,47.649182288358595,47.613312073323414,48.37666666666666,47.666840820653206,47.646420905931436,47.57584415984139,47.55079670829204,47.5433401305172,47.548262867066185,47.555256977178665,47.68710939915154,47.72095294441707,47.676335000372625,46.04454728914562,44.84303719093561,"rgba(38, 166, 154, 1.0)",0.0,0.0,0.7602841040810419,47.042109170474646,1.7268424033568963,0.0,0.0,0.0,0.0,65.23109709337494,13.19825772414574,True,False,True,False,False,6.0941624953718545,0,0.9241109530583221,0.8133001422475112,False,False,False,False,0.20016380199632994,0.22854091177609043,False,False,False,False,284233.0,233345.20467610186,False,False,False,False,12117.381948773085,False,False,False,False
2025-07-29 17:00:00+00:00,48.805,48.915,48.645,48.8,22474.0,,,,48.78666666666666,48.778072314014054,48.81785734721058,48.74042994913411,47.75974419268547,47.734967220247945,47.69602712211749,48.623085515114234,47.75974419268547,47.737568537692624,47.658023439938,47.627216542120195,47.617355543017695,47.62029025526625,47.61570875145805,47.73323643056337,47.763372885498555,47.71454099190619,46.0787762052426,44.87201626250987,"rgba(38, 166, 154, 1.0)",0.0,0.0,0.7656345598774066,47.0856272126785,2.2391528245485675,0.0,0.0,0.0,0.0,64.30457086895373,13.19825772414574,True,False,True,False,False,7.84737286953159,0,0.9231868524473033,0.818149339049661,False,False,False,False,0.2386417133795163,0.23359131257780336,False,False,False,False,306707.0,234482.59685166617,False,False,False,False,12277.949670497534,False,False,False,False
2025-07-30 17:00:00+00:00,49.005,49.39,48.93,49.005,9439.0,,,49.10833333333333,48.88180694387867,48.82418535447668,48.84260196683634,48.768706704448924,47.80515209292759,47.77713247874369,47.73663946637258,48.720887320635455,47.80515209292759,47.78209459505965,47.698219332939885,47.664708091640726,47.653724332104964,47.65577283842706,47.64586236392522,47.75704489160773,47.78548774907731,47.73439695610439,46.09457633416545,44.885050455431525,"rgba(38, 166, 154, 1.0)",0.0,0.0,0.7758458737527758,47.10696026433649,2.4464133919829574,0.0,0.0,0.0,0.0,64.50950448824119,13.19825772414574,True,False,True,False,False,8.641052581835002,0,0.924402803604635,0.8101845229580894,False,False,False,False,0.2765660203758732,0.2550786664768383,False,False,False,False,316146.0,235748.69612528372,False,False,False,False,12233.93494692393,False,False,False,False
2025-07-31 17:00:00+00:00,49.055,49.065,48.76,48.955,11040.0,,,49.010398863876816,48.89333701953298,48.8385719886744,48.85021887276627,48.78173540083726,47.84764580680664,47.816980937458794,47.775361894460104,48.76014298797345,47.84764580680664,47.82398778619881,47.73679075336525,47.70099592114208,47.68903391188989,47.69025588248305,47.67542698756855,47.78026047650295,47.80702045718165,47.7539373704744,46.11174713520473,44.89954263743899,"rgba(38, 166, 154, 1.0)",0.0,0.0,0.784525150464342,47.12830858459126,2.3284038941614082,0.0,0.0,0.0,0.0,64.26278496226644,13.19825772414574,True,False,True,False,False,8.395742037378856,0,0.920883361921098,0.8103916523727849,False,False,False,False,0.24952860263916357,0.2523036345580009,False,False,False,False,305106.0,236824.00316210103,False,False,False,False,12215.424327591774,False,False,False,False
2025-08-01 17:00:00+00:00,49.83,49.995,49.605,49.87,12517.0,,49.82333333333333,49.31878475168707,49.10319394868096,48.97378911206426,48.9408737034308,48.870811288140686,47.92902288657081,47.892853723872975,47.84822825498886,48.949205960211586,47.92902288657081,47.90365153237009,47.80851662153577,47.76800419811258,47.754110134569494,47.75391715923189,47.730206271198625,47.82522645803514,47.84925239858614,47.791689206159965,46.13708669250189,44.91947906975741,"rgba(38, 166, 154, 1.0)",0.0,0.0,0.8157586421004351,47.16612825421402,3.3145486988945407,1.0,50.185,49.065,441.0,67.32571661388934,13.19825772414574,True,False,True,False,True,11.85407700953018,0,0.9224619738238419,0.8082065794128055,False,False,False,False,0.34225641447220617,0.29728002451510355,False,False,False,False,317623.0,238076.7007874948,False,False,False,False,12220.099919412056,False,False,False,False
2025-08-04 17:00:00+00:00,50.28,50.49,50.185,50.46,10273.0,50.37833333333334,50.07350950709376,49.570344588504476,49.30244720603967,49.11604089439229,49.04297295241783,48.969680496768575,48.009114323880716,47.9676727283738,47.920014048693545,49.13121763242501,48.009114323880716,47.98201513386106,47.87902890143047,47.833936154431825,47.81817657338225,47.81666357131109,47.784498829497835,47.87052575583553,47.89199301015657,47.82984618319112,46.16071885083956,44.93755936753724,"rgba(38, 166, 154, 1.0)",0.0,0.0,0.8660506195800884,47.20319591480532,3.760523936549769,1.0,50.12,49.995,0.0,70.8046411649383,14.871593015911074,True,False,True,False,True,13.940132058441968,0,0.9254993957489164,0.809269922513685,False,False,False,False,0.34282824384589533,0.32005413418049944,False,False,False,False,327896.0,239469.24806210728,False,False,False,False,12189.912323762257,False,False,False,False
2025-08-05 17:00:00+00:00,50.82,50.885,50.12,50.425,10561.0,50.42817965825094,50.201174127712314,49.748157471050845,49.46496728000279,49.244348634884915,49.14053562722166,49.06486758373205,48.08936653896849,48.04298626131824,47.99247317974247,49.286981938034636,48.08936653896849,48.06066535413875,47.950292545545864,47.900821083424006,47.883265523442134,47.88047531973308,47.84007042551748,47.91721081062131,47.93613085064697,47.86938583537375,46.18530062215665,44.95635579740553,"rgba(38, 166, 154, 1.0)",0.0,0.0,0.9050329743628468,47.24123893067645,3.5178398572327683,0.0,0.0,0.0,0.0,72.84603814610253,16.950291670647758,True,False,True,False,True,13.762631152659438,0,0.9257900677200909,0.8038233634311519,False,False,False,False,0.3428282440890418,0.3314411891347706,False,False,False,False,317335.0,240676.46902238467,False,False,False,False,12164.657869130284,False,False,False,False
2025-08-06 17:00:00+00:00,50.55,50.65,50.315,50.435,11053.0,50.44152042107024,50.2672602693451,49.87055751634995,49.59170907883741,49.35414725658154,49.2287034630993,49.151789460298936,48.16762174498751,48.116808990250284,48.06374791497259,49.41447084359967,48.16762174498751,48.13751861110309,48.02052630847978,47.967031622445056,47.94780880006148,47.94381634868931,47.89561437728428,47.9641284152141,47.98056324159856,47.90936787620332,46.210670207826944,44.97585636077009,"rgba(38, 166, 154, 1.0)",0.0,0.0,0.9475057346087621,47.27949486207484,3.330328274190458,0.0,0.0,0.0,0.0,74.23337875447993,18.458601148291976,True,False,True,False,True,13.798241202911246,0,0.9309882983222898,0.8060059213308901,False,False,False,False,0.34076437735829146,0.33610278324653103,False,False,False,False,328388.0,242036.33771971203,False,False,False,False,12147.422863407333,False,False,False,False
2025-08-07 17:00:00+00:00,50.665,50.875,50.53,50.795,13252.0,50.527191453067196,50.37438529092086,50.01688765171392,49.74208135786393,49.48824294315885,49.33978622098421,49.26123109057204,48.265037174561435,48.20899470224265,48.15287308745235,49.56575508390462,48.265037174561435,48.23326439491357,48.10836699530459,48.05004817472737,48.02882081151507,48.023392961956795,47.96578257294598,48.02390986993254,48.0373190918784,47.96054362878361,46.242574710832564,45.00018208136684,"rgba(38, 166, 154, 1.0)",0.0,0.0,0.9985942055643804,47.32781824038763,3.4720627661291195,1.0,50.765,50.65,445.0,76.09403077546973,20.44159914776108,True,False,True,False,True,15.078261609734643,0,0.9293206617388247,0.8048574445617745,False,False,False,False,0.34282824436917336,0.33946551380785217,False,False,False,False,341640.0,243580.580545763,False,False,False,False,12164.548090331251,False,False,False,False
2025-08-08 17:00:00+00:00,51.01,51.095,50.765,50.825,16415.0,50.625277317477334,50.4897596000234,50.16933835713027,49.90380168455473,49.63945415037793,49.47009188508621,49.39021491439015,48.38316974693798,48.321313869945755,48.2617674113857,49.73112615548633,48.38316974693798,48.349561277660825,48.21582466484997,48.152012542157756,48.128484065670634,48.121400537539394,48.05283476479802,48.09868495971076,48.1084833291108,48.02496812597496,46.28287593007239,45.03087204700975,"rgba(38, 166, 154, 1.0)",0.0,0.0,1.0472646352358035,47.38805092051928,3.2818343748491596,0.0,0.0,0.0,0.0,77.41060984102997,21.930918998100395,True,False,True,False,True,15.184641216558742,0,0.9317494904055672,0.8034019821466232,False,False,False,False,0.3428282446698991,0.34114687923887566,False,False,False,False,358055.0,245355.3777466039,False,False,False,False,12230.44656955092,False,False,False,False
2025-08-11 17:00:00+00:00,50.875,50.89,50.59,50.66,9103.0,50.63662189639148,50.51422868524618,50.217113011683224,49.962228243490024,49.69986549537746,49.525293023051624,49.445712935188126,48.439802103162855,48.3755263553192,48.31459302857721,49.79451704881149,48.439802103162855,48.40547972106723,48.2681147070301,48.20192787845703,48.17738484809439,48.16954640588227,48.09597035182053,48.135910367716164,48.14396613025351,48.05730512544718,46.30405709010304,45.04723094638044,"rgba(38, 166, 154, 1.0)",0.0,0.0,1.0873006372089717,47.41829465139202,2.981425042598357,-1.0,50.765,50.625,0.0,76.5422450868236,21.930918998100395,True,False,True,False,True,14.294953679785085,0,0.9280146077673996,0.8080623639300517,False,False,False,False,0.3244221825688119,0.33278453090384374,False,False,False,False,348952.0,246961.52692882708,False,False,False,False,12181.959025836954,False,False,False,False
2025-08-12 17:00:00+00:00,50.565,50.625,50.45,50.555,10220.0,50.62483351261792,50.51741357403401,50.24639099406064,50.005785446935626,49.7499726898246,49.57363194076634,49.49507718609594,48.4956751098717,48.4293173081281,48.367236624772545,49.84510939889554,48.4956751098717,48.46079050005908,48.32036769040509,48.25205968330453,48.22659158465542,48.21803945457211,48.139722876736194,48.17378583043794,48.18010767601198,48.090430300849455,46.32668968910351,45.06493763483433,"rgba(38, 166, 154, 1.0)",0.0,0.0,1.1207757850523525,47.449355992680864,2.7709770756459267,0.0,0.0,0.0,0.0,74.84738621752275,21.930918998100395,True,False,True,False,False,13.726574814713032,0,0.9243002544529265,0.8189143341815103,False,False,False,False,0.30503601456580887,0.3189102727348263,False,False,False,False,338732.0,248384.32496093828,False,False,False,False,12151.541056444132,False,False,False,False
