date,Close,High,Low,Open,Volume,Gap_Up_aVWAP_165,Gap_Up_aVWAP_150,Gap_Up_aVWAP_87,aVWAP_OB_bull_120,color,Liquidity,Liquidity_Level,StDev,StDev_Mean,StdDev_ZScore,FVG,FVG_High,FVG_Low,FVG_Mitigated_Index,QQEMOD,QQE1_Value,QQE1_Above_Upper,QQE1_Below_Lower,QQE2_Above_Threshold,QQE2_Below_Threshold,QQE2_Above_TL,banker_RSI,TTM_squeeze_Active,VI_plus,VI_minus,VI_Regular_Bullish,VI_Regular_Bearish,VI_Hidden_Bullish,VI_Hidden_Bearish,Fisher,Fisher_Signal,Fisher_Regular_Bullish,Fisher_Regular_Bearish,Fisher_Hidden_Bullish,Fisher_Hidden_Bearish,OBV,OBV_Smoothed,OBV_Regular_Bullish,OBV_Regular_Bearish,OBV_Hidden_Bullish,OBV_Hidden_Bearish,Volume_MA,Vol_Regular_Bullish,Vol_Regular_Bearish,Vol_Hidden_Bullish,Vol_Hidden_Bearish
2021-12-31 00:00:00+00:00,32.1,32.1,29.403,31.5,23263,,,,,#000000,1.0,32.1,,,,0.0,0.0,0.0,0.0,,,False,False,False,False,False,,0,,,False,False,False,False,,,False,False,False,False,0,0.0,False,False,False,False,23263.0,False,False,False,False
2022-01-07 00:00:00+00:00,30.0,32.4,28.521,32.4,21824,,,,,"rgba(239, 83, 80, 0.5)",0.0,0.0,,,,0.0,0.0,0.0,0.0,0.0,,False,False,False,True,False,,0,,,False,False,False,False,,,False,False,False,False,-21824,-1616.5925925925926,False,False,False,False,23156.407407407405,False,False,False,False
2022-01-14 00:00:00+00:00,33.6,34.5,29.4,29.4,63003,,,,,"rgba(239, 83, 80, 0.5)",0.0,0.0,,,,0.0,0.0,0.0,0.0,18.499486125385406,-96.24871531346352,False,False,False,True,True,,0,,,False,False,False,False,,,False,False,False,False,41179,1553.4513031550066,False,False,False,False,26108.006858710563,False,False,False,False
2022-01-21 00:00:00+00:00,29.4,34.5,28.5,33.3,20869,,,,,"rgba(239, 83, 80, 0.5)",0.0,0.0,,,,0.0,0.0,0.0,0.0,23.43828673824035,-90.56831471164206,False,False,False,True,True,,0,,,False,False,False,False,,,False,False,False,False,20310,2942.8252806990804,False,False,False,False,25719.932276583855,False,False,False,False
2022-01-28 00:00:00+00:00,28.68,31.8,26.403,27.6,16188,,,,,"rgba(239, 83, 80, 0.5)",0.0,0.0,,28.961000000000006,,0.0,0.0,0.0,0.0,26.18974376238181,-86.39943735430144,False,False,False,True,True,,0,,,False,False,False,False,,,False,False,False,False,4122,3030.1715562028526,False,False,False,False,25013.863219059123,False,False,False,False
2022-02-04 00:00:00+00:00,31.8,34.2,27.8328,27.8328,24810,,,,,"rgba(239, 83, 80, 0.5)",0.0,0.0,,30.362893897263284,,0.0,0.0,0.0,0.0,33.13911433446212,-77.766942087828,False,False,False,True,True,,0,,,False,False,False,False,,,False,False,False,False,28932,4948.825515002642,False,False,False,False,24998.762239869557,False,False,False,False
2022-02-11 00:00:00+00:00,30.6,33.0,29.7,31.2,23179,,,,,"rgba(239, 83, 80, 0.5)",0.0,0.0,,30.629116724060022,,0.0,0.0,0.0,0.0,36.70325116266349,-72.15741951667584,False,False,False,True,True,,0,,,False,False,False,False,,,False,False,False,False,5753,5008.393995372816,False,False,False,False,24863.965036916255,False,False,False,False
2022-02-18 00:00:00+00:00,29.997,33.9,28.95,31.2,25649,,,,,"rgba(239, 83, 80, 0.5)",0.0,0.0,,30.720456493665534,,0.0,0.0,0.0,0.0,38.602331347188944,-67.87649884093028,False,False,False,True,True,,0,,,False,False,False,False,,,False,False,False,False,-19896,3163.6240697896446,False,False,False,False,24922.11577492246,False,False,False,False
2022-02-25 00:00:00+00:00,27.603,30.0,25.2,29.4,11254,,,,,"rgba(239, 83, 80, 0.5)",0.0,0.0,,30.3731438365651,,0.0,0.0,0.0,0.0,37.800014530868694,-66.01661401036327,False,False,False,True,True,,0,,,False,False,False,False,,,False,False,False,False,-31150,621.8741386941156,False,False,False,False,23909.66275455783,False,False,False,False
2022-03-04 00:00:00+00:00,26.154,28.41,25.5,27.0,11502,,,,,"rgba(239, 83, 80, 0.5)",0.0,0.0,,29.996649153505892,,0.0,0.0,0.0,0.0,36.18835932524514,-64.83727365318956,False,False,False,True,True,,0,,,False,False,False,False,,,False,False,False,False,-42652,-2583.598019727671,False,False,False,False,22990.576624590583,False,False,False,False
2022-03-11 00:00:00+00:00,27.0,27.72,24.9,26.1,14101,,,,,"rgba(239, 83, 80, 0.5)",0.0,0.0,,29.611891848156425,,0.0,0.0,0.0,0.0,36.19497071565854,-61.89689233013468,False,False,False,True,True,,0,,,False,False,False,False,,,False,False,False,False,-28551,-4507.109277525621,False,False,False,False,22332.089467213504,False,False,False,False
2022-03-18 00:00:00+00:00,26.4,27.57,24.06,25.56,21961,,,,,"rgba(239, 83, 80, 0.5)",-1.0,19.8675,,27.544870109119778,,0.0,0.0,0.0,0.0,35.750479472848845,-59.36808872301639,False,False,False,True,True,,0,,,False,False,False,False,,,False,False,False,False,-50512,-7914.878960671871,False,False,False,False,22304.60135853102,False,False,False,False
2022-03-25 00:00:00+00:00,27.579,32.1,24.84,26.16,55020,,,,,"rgba(239, 83, 80, 0.5)",0.0,0.0,,28.187908958114818,,0.0,0.0,0.0,0.0,36.99707223840902,-55.20826250178628,False,False,False,True,True,,0,,,False,False,False,False,,,False,False,False,False,4508,-6994.6657043258065,False,False,False,False,24727.964220862057,False,False,False,False
2022-04-01 00:00:00+00:00,27.9,28.6497,25.2,28.17,29159,,,,,"rgba(239, 83, 80, 0.5)",0.0,0.0,,27.987134108888807,,0.0,0.0,0.0,0.0,38.295573879227454,-51.09086994963725,False,False,False,True,True,,0,,,False,False,False,False,,,False,False,False,False,33667,-3982.6904669683395,False,False,False,False,25056.189093390796,False,False,False,False
2022-04-08 00:00:00+00:00,26.406,29.4,26.406,29.4,15598,,,,,"rgba(239, 83, 80, 0.5)",0.0,0.0,,27.935034382124346,,0.0,0.0,0.0,0.0,37.96151962621991,-48.66956625579265,False,False,False,True,True,,0,,,False,False,False,False,,,False,False,False,False,18069,-2349.2319138595735,False,False,False,False,24355.582493880367,False,False,False,False
2022-04-15 00:00:00+00:00,25.08,27.051,24.603,26.7,8029,,,,,"rgba(239, 83, 80, 0.5)",0.0,0.0,,27.81030474045065,,0.0,0.0,0.0,0.0,36.749170535334706,-47.266284042620526,False,False,False,True,True,,0,,,False,False,False,False,,,False,False,False,False,10040,-1431.5110313514572,False,False,False,False,23146.20601285219,False,False,False,False
2022-04-22 00:00:00+00:00,23.1,25.578,21.6,25.323,10541,,,,,"rgba(239, 83, 80, 0.5)",0.0,0.0,,27.521320453225638,,0.0,0.0,0.0,0.0,34.64953745058499,-46.94665661674305,False,False,False,True,True,,0,,,False,False,False,False,,,False,False,False,False,-501,-1362.5842882883862,False,False,False,False,22212.487048937215,False,False,False,False
2022-04-29 00:00:00+00:00,22.497,25.05,21.6,22.2,15453,,,,,"rgba(239, 83, 80, 0.5)",0.0,0.0,,27.132236938175954,,0.0,0.0,0.0,0.0,32.812881221902714,-46.53781812218044,False,False,False,True,True,,0,,,False,False,False,False,,,False,False,False,False,-15954,-2443.4298965633207,False,False,False,False,21711.784304571498,False,False,False,False
2022-05-06 00:00:00+00:00,22.512,24.6,21.0,22.368,7266,,,,,"rgba(239, 83, 80, 0.5)",0.0,0.0,,26.959773301478307,,0.0,0.0,0.0,0.0,31.52288369177706,-45.72055081749917,False,False,False,True,True,,0,,,False,False,False,False,,,False,False,False,False,-8688,-2905.990644966038,False,False,False,False,20641.726207936572,False,False,False,False
2022-05-13 00:00:00+00:00,17.98797,22.2,15.675,21.70053,10388,,,,,"rgba(239, 83, 80, 0.5)",0.0,0.0,,24.541556578492973,,0.0,0.0,0.0,0.0,28.527260763824096,-45.72055081749917,False,False,False,True,True,,0,,,False,False,False,False,,,False,False,False,False,-19076,-4103.769115709294,False,False,False,False,19882.190933274604,False,False,False,False
2022-05-20 00:00:00+00:00,19.593,21.0,18.0,19.53,19178,,,,,"rgba(239, 83, 80, 0.5)",0.0,0.0,,24.22578515901595,,0.0,0.0,0.0,0.0,28.39210386988598,-45.151390562472955,False,False,False,True,True,,0,,,False,False,False,False,,,False,False,False,False,102,-3792.2306626937907,False,False,False,False,19830.02864192093,False,False,False,False
2022-05-27 00:00:00+00:00,19.5,20.511,17.403,18.903,19801,,,,,"rgba(239, 83, 80, 0.5)",0.0,0.0,,23.798201846997763,,0.0,0.0,0.0,0.0,28.251591146425508,-43.534676955941606,False,False,False,True,True,,0,,,False,False,False,False,,,False,False,False,False,-19699,-4970.509872864621,False,False,False,False,19827.87837214901,False,False,False,False
2022-06-03 00:00:00+00:00,19.8,22.50303,19.203,19.203,12227,,,,,"rgba(239, 83, 80, 0.5)",0.0,0.0,,23.690083783698604,,0.0,0.0,0.0,0.0,28.534540603407528,-41.58141444938882,False,False,False,True,True,,0,,,False,False,False,False,,,False,False,False,False,-7472,-5155.805437837612,False,False,False,False,19264.850344582417,False,False,False,False
2022-06-10 00:00:00+00:00,20.93988,21.897,18.336,21.117,24028,,,,,"rgba(239, 83, 80, 0.5)",0.0,0.0,,23.45427001216167,,0.0,0.0,0.0,0.0,30.160248515509252,-38.45146721245259,False,False,False,True,True,,0,,,False,False,False,False,,,False,False,False,False,16556,-3547.523553553344,False,False,False,False,19617.67624498372,False,False,False,False
2022-06-17 00:00:00+00:00,17.10003,20.13,17.1,18.6,9880,,,,,"rgba(239, 83, 80, 0.5)",0.0,0.0,,23.24351323699083,,0.0,0.0,0.0,0.0,29.339865056191904,-37.87422410087554,False,False,False,True,True,,0,,,False,False,False,False,,,False,False,False,False,6676,-2790.225512549392,False,False,False,False,18896.36689350344,False,False,False,False
2022-06-24 00:00:00+00:00,19.197,20.7,17.2125,17.235,22222,,,,,"rgba(239, 83, 80, 0.5)",0.0,0.0,,22.930289318340964,,0.0,0.0,0.0,0.0,30.956076177063395,-35.00737153925651,False,False,False,True,True,,0,,,False,False,False,False,-0.32399000476074774,-0.32399000476074774,False,False,False,False,28898,-442.9495486568444,False,False,False,False,19142.71008657726,False,False,False,False
2022-07-01 00:00:00+00:00,18.9,20.4,18.009,18.246,7072,,,,,"rgba(239, 83, 80, 0.5)",0.0,0.0,,22.843201140365174,,0.0,0.0,0.0,0.0,31.95221346930476,-32.85875928154476,False,False,False,True,True,,0,0.8805954668638294,1.0987477920507878,False,False,False,False,-0.31042468232471476,-0.3172073435427313,False,False,False,False,21826,1206.602269762181,False,False,False,False,18248.58341349746,False,False,False,False
2022-07-08 00:00:00+00:00,17.394,19.2,16.5,18.9,9765,,,,,"rgba(239, 83, 80, 0.5)",0.0,0.0,,22.672218233748172,,0.0,0.0,0.0,0.0,31.884366152358385,-31.816531903966343,False,False,False,True,True,,0,0.8732611400095202,1.1141889485007137,False,False,False,False,-0.34282825441539394,-0.3300177989790626,False,False,False,False,12061,2010.6317312612787,False,False,False,False,17620.169827312464,False,False,False,False
2022-07-15 00:00:00+00:00,14.595,17.394,13.8,17.394,8570,,,,,"rgba(239, 83, 80, 0.5)",0.0,0.0,,22.448650986165312,,0.0,0.0,0.0,0.0,30.601511862278464,-31.816531903966343,False,False,False,True,True,,0,0.8367231939037465,1.153713029119625,False,False,False,False,-0.34282825441539394,-0.33642302669722823,False,False,False,False,3491,2120.2886400567395,False,False,False,False,16949.78687714117,False,False,False,False
2022-07-22 00:00:00+00:00,11.424,14.778,11.253,14.778,19673,,,,,"rgba(239, 83, 80, 0.5)",0.0,0.0,,21.789079121293042,,0.0,0.0,0.0,0.0,28.574602698554553,-31.816531903966343,False,False,False,True,True,,0,0.8163550387028794,1.1834685990251812,False,False,False,False,-0.34282825441539394,-0.33962564055631106,False,False,False,False,-16182,764.5635556080922,False,False,False,False,17151.506367723305,False,False,False,False
2022-07-29 00:00:00+00:00,10.19997,11.709,8.25,11.703,33742,,,,,"rgba(239, 83, 80, 0.5)",0.0,0.0,,20.59723931619127,,0.0,0.0,0.0,0.0,26.7545161404028,-31.816531903966343,False,False,False,True,True,,0,0.8035780515150236,1.190804911232161,False,False,False,False,-0.34282825441539394,-0.34122694748585247,False,False,False,False,-49924,-2990.1448559184328,False,False,False,False,18380.431821966024,False,False,False,False
2022-08-05 00:00:00+00:00,11.436,14.4,9.363,10.2,73309,,,,,"rgba(239, 83, 80, 0.5)",0.0,0.0,,19.05614919530652,,0.0,0.0,0.0,0.0,26.71205944910525,-31.816531903966343,False,False,False,True,True,,0,0.7976449810286205,1.1904232020141716,False,False,False,False,-0.27844430958629696,-0.3098356285360747,False,False,False,False,23385,-1036.4304221466969,False,False,False,False,22449.21464996854,False,False,False,False
2022-08-12 00:00:00+00:00,9.585,11.781,9.45,11.7,39093,,,,,"rgba(239, 83, 80, 0.5)",0.0,0.0,,18.313587166553326,,0.0,0.0,0.0,0.0,26.04907405808281,-31.816531903966343,False,False,False,True,True,,0,0.7771578613130764,1.2070460866425523,False,False,False,False,-0.3210175030080817,-0.31542656577207817,False,False,False,False,-15708,-2123.2133538395337,False,False,False,False,23682.08763885976,False,False,False,False
2022-08-19 00:00:00+00:00,7.5,9.681,7.46097,9.681,57818,,,,,"rgba(239, 83, 80, 0.5)",0.0,0.0,,17.187242138661883,,0.0,0.0,0.0,0.0,24.939410559369126,-31.816531903966343,False,False,False,True,True,,0,0.7574492204802833,1.2450814341421699,False,False,False,False,-0.34282825441539394,-0.32912741009373603,False,False,False,False,-73526,-7412.308660962532,False,False,False,False,26210.673739684964,False,False,False,False
2022-08-26 00:00:00+00:00,6.909,7.494,6.45,7.35,25076,,,,,"rgba(239, 83, 80, 0.5)",0.0,0.0,,16.715132624233902,,0.0,0.0,0.0,0.0,23.975977608447867,-31.816531903966343,False,False,False,True,False,,0,0.7777133964196556,1.2361916433738025,False,False,False,False,-0.34282825441539394,-0.335977832254565,False,False,False,False,-98602,-14167.100612002345,False,False,False,False,26126.623833041634,False,False,False,False
2022-09-02 00:00:00+00:00,7.791,9.3,6.42,6.42,76253,,,,,"rgba(239, 83, 80, 0.5)",0.0,0.0,,15.633770171438861,,0.0,0.0,0.0,0.0,24.214340768808157,-31.816531903966343,False,False,False,True,False,,0,0.7739707479236203,1.198518053098762,False,False,False,False,-0.312531044913569,-0.324254438584067,False,False,False,False,-22349,-14773.167233335505,False,False,False,False,29839.688734297808,False,False,False,False
2022-09-09 00:00:00+00:00,7.76697,8.1,7.164,7.95,10361,,,,,"rgba(239, 83, 80, 0.5)",0.0,0.0,,15.504650402723511,,0.0,0.0,0.0,0.0,24.37605504600893,-31.816531903966343,False,False,False,True,False,,0,0.7843960257357048,1.2085555413245548,False,False,False,False,-0.32025519324228074,-0.32225481591317384,False,False,False,False,-32710,-16101.821512347691,False,False,False,False,28396.822902127602,False,False,False,False
2022-09-16 00:00:00+00:00,7.059,8.68797,6.9,8.094,19516,,,,,"rgba(239, 83, 80, 0.5)",0.0,0.0,,15.26878880402644,,0.0,0.0,0.0,0.0,24.23202805286828,-31.816531903966343,False,False,False,True,False,,0,0.7867669207413993,1.2041683126109384,False,False,False,False,-0.314763740811585,-0.3185092783623794,False,False,False,False,-52226,-18777.686585507123,False,False,False,False,27738.98416863667,False,False,False,False
2022-09-23 00:00:00+00:00,4.683,7.494,4.341,6.648,37064,,,,,"rgba(239, 83, 80, 0.5)",0.0,0.0,,14.744652002576204,,0.0,0.0,0.0,0.0,23.334821750196117,-31.816531903966343,False,False,False,True,False,,0,0.7355185531995301,1.2839635556745548,False,False,False,False,-0.34282825441539394,-0.33066876638888665,False,False,False,False,-89290,-24000.820912506595,False,False,False,False,28429.726082070993,False,False,False,False
2022-09-30 00:00:00+00:00,4.782,6.0,4.275,4.68,27333,,,,,"rgba(239, 83, 80, 0.5)",0.0,0.0,,14.374397648905482,,0.0,0.0,0.0,0.0,22.810569832985752,-31.816531903966343,False,False,False,True,False,,0,0.7245624552656081,1.265749393512493,False,False,False,False,-0.34282825441539394,-0.33674851040214027,False,False,False,False,-61957,-26812.389733802403,False,False,False,False,28348.4871130287,False,False,False,False
2022-10-07 00:00:00+00:00,6.21,13.791,4.209,4.95,2268319,,,,,"rgba(239, 83, 80, 0.5)",0.0,0.0,,8.608589701845332,,0.0,0.0,0.0,0.0,24.09623107758591,-31.590342373732966,False,False,False,True,False,,0,0.730791524840563,1.1648198706594153,False,False,False,False,-0.2098107262865244,-0.27327961834433234,False,False,False,False,2206362,138607.93543166443,False,False,False,False,194272.22880835988,False,False,False,False
2022-10-14 00:00:00+00:00,5.7,9.0,4.818,5.7,1531257,,,,,"rgba(239, 83, 80, 0.5)",0.0,0.0,,7.838270906436073,,0.0,0.0,0.0,0.0,24.799641640127476,-30.570895326063784,False,False,False,True,False,,0,0.7631963291760333,1.1890907936623718,False,False,False,False,-0.27323713852733106,-0.2732583784358317,False,False,False,False,675105,178348.45873302262,False,False,False,False,293308.1377855184,False,False,False,False
2022-10-21 00:00:00+00:00,4.932,6.105,4.77,5.529,122917,,,,,"rgba(239, 83, 80, 0.5)",0.0,0.0,,7.764270953172657,,0.0,0.0,0.0,0.0,24.97921653042112,-30.0752608635605,False,False,False,True,False,,0,0.7902176564990149,1.2113861318941932,False,False,False,False,-0.33065967775471145,-0.30195902809527153,False,False,False,False,552188,206040.27660465057,False,False,False,False,280686.57202362816,False,False,False,False
2022-10-28 00:00:00+00:00,4.794,5.4,4.212,4.866,85114,,,,,"rgba(239, 83, 80, 0.5)",0.0,0.0,,7.706249349893087,,0.0,0.0,0.0,0.0,25.048454601128128,-29.688849930591317,False,False,False,True,False,,0,0.7779159817527861,1.219191742646089,False,False,False,False,-0.34282825441539394,-0.32239364125533276,False,False,False,False,467074,225376.10796726905,False,False,False,False,266199.7148366927,False,False,False,False
2022-11-04 00:00:00+00:00,3.93,5.088,3.75,4.944,71118,,,,,"rgba(239, 83, 80, 0.5)",0.0,0.0,,7.650611151361369,,0.0,0.0,0.0,0.0,24.725452142769566,-29.688849930591317,False,False,False,True,False,,0,0.7734547900251139,1.2235728293852808,False,False,False,False,-0.34282825441539394,-0.3326109478353634,False,False,False,False,395956,238011.65552524914,False,False,False,False,251749.21744138215,False,False,False,False
2022-11-11 00:00:00+00:00,2.88,4.35,2.55,4.35,142541,,,,,"rgba(239, 83, 80, 0.5)",0.0,0.0,,7.51291307625611,,0.0,0.0,0.0,0.0,24.06383053536738,-29.688849930591317,False,False,False,True,False,,0,0.8164624973135611,1.2206516586239875,False,False,False,False,-0.34282825441539394,-0.3377196011253787,False,False,False,False,253415,239152.6440048603,False,False,False,False,243659.71985313162,False,False,False,False
2022-11-18 00:00:00+00:00,2.84,4.09,2.6515,2.85,517098,,,,,"rgba(239, 83, 80, 0.5)",0.0,0.0,,7.0719446213910135,,0.0,0.0,0.0,0.0,23.574807021319337,-29.688849930591317,False,False,False,True,False,,0,0.7831528010809287,1.2129144175073787,False,False,False,False,-0.34282825441539394,-0.34027392777038634,False,False,False,False,-263683,201905.55926375955,False,False,False,False,263914.40727141814,False,False,False,False
2022-11-25 00:00:00+00:00,2.5703,2.879,2.5408,2.71,28704,,,,,"rgba(239, 83, 80, 0.5)",0.0,0.0,,7.0470929194033705,,0.0,0.0,0.0,0.0,23.109225595972617,-29.688849930591317,False,False,False,True,False,,0,0.7815713807887447,1.23105941245163,False,False,False,False,-0.34282825441539394,-0.34155109109289017,False,False,False,False,-292387,165291.29561459218,False,False,False,False,246491.414140202,False,False,False,False
2022-12-02 00:00:00+00:00,2.7,2.809,2.5,2.58,27789,,,,,"rgba(239, 83, 80, 0.5)",0.0,0.0,,7.023334335180404,,0.0,0.0,0.0,0.0,22.98394194992577,-29.688849930591317,False,False,False,True,False,,0,0.7455813842747279,1.2707868840867784,False,False,False,False,-0.34282825441539394,-0.342189672754142,False,False,False,False,-264598,133447.64408758536,False,False,False,False,230291.23531500183,False,False,False,False
2022-12-09 00:00:00+00:00,2.4601,2.7,2.4,2.7,44166,,,,,"rgba(239, 83, 80, 0.5)",0.0,0.0,,6.9848153620903695,,0.0,0.0,0.0,0.0,22.777304461688306,-29.688849930591317,False,False,False,True,False,0.0,0,0.7446325724509026,1.2766319576677916,False,False,False,False,-0.34282825441539394,-0.342508963584768,False,False,False,False,-308764,100691.22600702349,False,False,False,False,216504.18084722394,False,False,False,False
2022-12-16 00:00:00+00:00,2.3,3.2199,2.3,2.42,112381,,,,,"rgba(239, 83, 80, 0.5)",0.0,0.0,,6.891576667441562,,0.0,0.0,0.0,0.0,22.548506131509047,-29.688849930591317,False,False,False,True,False,0.0,0,0.7636474709824544,1.2660289035555852,False,False,False,False,-0.3335197858892866,-0.33801437473702733,False,False,False,False,-421145,62036.69074724398,False,False,False,False,208791.35263631845,False,False,False,False
2022-12-23 00:00:00+00:00,1.85,2.52,1.84,2.52,21536,,,,,"rgba(239, 83, 80, 0.5)",0.0,0.0,,6.871969300888315,,0.0,0.0,0.0,0.0,22.15260379137839,-29.688849930591317,False,False,False,True,False,0.0,0,0.7445414919700464,1.3018956936590942,False,False,False,False,-0.34282825441539394,-0.3404213145762106,False,False,False,False,-442681,24650.195136337017,True,False,False,False,194920.58577436896,True,False,False,False
2022-12-30 00:00:00+00:00,2.0888,2.0901,1.82,1.95,14391,,,,,"rgba(239, 83, 80, 0.5)",0.0,0.0,,6.858764416308759,,0.0,0.0,0.0,0.0,22.334209788580253,-29.688849930591317,False,False,False,True,False,0.0,0,0.7211542269368978,1.3151568475189699,False,False,False,False,-0.34282825441539394,-0.34162478449580225,False,False,False,False,-428290,-8900.930429317574,False,False,False,False,181548.02386515643,False,False,False,False
2023-01-06 00:00:00+00:00,2.95,2.95,1.8,1.8,61820,,,,,"rgba(239, 83, 80, 0.5)",-1.0,1.8173219,,5.596899039340888,,0.0,0.0,0.0,0.0,24.091662155235866,-28.562302619772957,False,False,False,True,True,0.0,0,0.7398489616778734,1.2873584568546597,True,False,False,False,-0.3201944611376815,-0.33090962281674186,False,False,False,False,-366470,-35387.52817529405,False,False,False,False,172679.28135662634,False,False,False,False
2023-01-13 00:00:00+00:00,3.94,4.45,2.65,3.0,445522,,,,,"rgba(239, 83, 80, 0.5)",0.0,0.0,,5.6694495135265335,,0.0,0.0,0.0,0.0,27.049195230899983,-25.664314793523012,False,False,False,True,True,0.0,0,0.7961804851401396,1.2363765581979984,False,False,False,False,-0.23929107133597996,-0.2851003470763609,False,False,False,False,79052,-26910.52608823523,False,False,False,False,192889.85310798735,False,False,False,False
2023-01-20 00:00:00+00:00,3.62,4.69,3.2001,4.0559,263933,,,,,"rgba(239, 83, 80, 0.5)",0.0,0.0,,5.610026277163077,,0.0,0.0,0.0,0.0,28.885759878629052,-23.931378012417742,False,False,False,True,True,0.0,0,0.8470785357004608,1.1913107499867173,False,False,False,False,-0.2003241662859393,-0.2427122566811501,False,False,False,False,-184881,-38612.04267429188,False,False,False,False,198152.30843332162,False,False,False,False
2023-01-27 00:00:00+00:00,3.7463,4.2399,3.63,3.65,37954,,,,,"rgba(239, 83, 80, 0.5)",0.0,0.0,,5.601335169617439,,0.0,0.0,0.0,0.0,30.420338195827377,-22.51604425277744,False,False,False,True,True,0.0,0,0.9070205874389548,1.1494790465398461,False,False,False,False,-0.20102311325506253,-0.22186768496810633,False,False,False,False,-146927,-46635.372846566555,False,False,False,False,186285.7670678904,False,False,False,False
2023-02-03 00:00:00+00:00,4.38,4.6199,3.68,3.68,106529,,,,,"rgba(239, 83, 80, 0.5)",0.0,0.0,,5.591486569238699,,0.0,0.0,0.0,0.0,32.629735907061885,-20.47288861749698,False,False,False,True,True,0.0,0,0.8754681688860529,1.2133604583575521,False,False,False,False,-0.16418962341825183,-0.19302865419317908,False,False,False,True,-40398,-46173.345228302365,False,False,False,False,180377.85839619482,False,False,False,True
2023-02-10 00:00:00+00:00,3.85,6.1,3.77,6.02,2489827,,,,,"rgba(239, 83, 80, 0.5)",0.0,0.0,,5.03927736209258,,0.0,0.0,0.0,0.0,33.658130194703894,-19.579535223666483,False,False,False,True,True,0.0,0,0.8755310036186914,1.123791584357464,False,False,False,False,-0.050869819586950554,-0.12194923689006482,False,False,False,False,-2530225,-230177.17150768737,False,False,False,False,351448.16518166184,False,False,False,False
2023-02-17 00:00:00+00:00,3.91,4.1405,3.7861,3.8501,62478,,,,,"rgba(239, 83, 80, 0.5)",0.0,0.0,,5.027453971888753,,0.0,0.0,0.0,0.0,34.503473130154546,-18.833224142160685,False,False,False,True,True,0.0,0,0.9159193261827694,1.125852084333312,False,False,False,False,-0.14282209554690825,-0.13238566621848652,False,False,False,False,-2467747,-395923.08472934016,False,False,False,False,330042.967760798,False,False,False,False
2023-02-24 00:00:00+00:00,3.6,3.9,3.3625,3.9,14906,,,,,"rgba(239, 83, 80, 0.5)",0.0,0.0,,5.023579346926904,,0.0,0.0,0.0,0.0,34.76664611033671,-18.60812880262884,False,False,False,True,True,0.0,0,0.9283891629010005,1.0823611043577872,False,False,False,False,-0.17472321488828313,-0.15355444055338482,False,False,False,False,-2482653,-550495.6710456853,False,False,False,False,306699.48866740556,False,False,False,False
2023-03-03 00:00:00+00:00,3.44,3.85,3.4,3.59,67773,,,,,"rgba(239, 83, 80, 0.5)",0.0,0.0,,5.005442461769622,,0.0,0.0,0.0,0.0,34.77560940901891,-18.576078019951133,True,False,False,True,True,0.0,0,0.9257889863532293,1.1325545408230149,False,False,False,False,-0.17532686146538262,-0.1644406510093837,False,False,False,False,-2550426,-698638.6583756346,False,False,False,False,289001.2302475978,False,False,False,False
2023-03-10 00:00:00+00:00,2.78,3.6001,2.6101,3.51,30410,,,,,"rgba(239, 83, 80, 0.5)",0.0,0.0,,4.99367198035923,,0.0,0.0,0.0,0.0,34.061162296448956,-18.576078019951133,True,False,False,True,True,0.0,0,0.8884911528448176,1.109217185415182,False,False,False,False,-0.22603079787967942,-0.19523572444453158,False,False,False,False,-2580836,-838060.6836811432,False,False,False,False,269846.32430333126,False,False,False,False
2023-03-17 00:00:00+00:00,2.53,3.3,2.52,2.63,66522,,,,,"rgba(239, 83, 80, 0.5)",0.0,0.0,,4.9654449168706964,,0.0,0.0,0.0,0.0,33.28725744785141,-18.576078019951133,True,False,False,True,True,0.0,0,0.89002831770819,1.134164702589083,False,False,False,False,-0.2453433149424966,-0.22028951969351407,False,False,False,False,-2647358,-972082.7071121696,False,False,False,False,254785.26324382526,False,False,False,False
2023-03-24 00:00:00+00:00,2.7376,3.3,2.475,2.53,58811,,,,,"rgba(239, 83, 80, 0.5)",0.0,0.0,,4.941935997632997,,0.0,0.0,0.0,0.0,33.22090153937829,-18.576078019951133,True,False,False,True,True,0.0,0,0.9499499765141723,1.1107681855937668,False,False,False,False,-0.24758186367432589,-0.23393569168391998,False,False,False,False,-2588547,-1091820.8028816385,False,False,False,False,240268.65115169005,False,False,False,False
2023-03-31 00:00:00+00:00,2.58,2.99,2.5356,2.96,9036,,,,,"rgba(239, 83, 80, 0.5)",0.0,0.0,,4.938120648171115,,0.0,0.0,0.0,0.0,32.98675716363868,-18.576078019951133,True,False,False,True,True,0.0,0,0.9516803664756108,1.0821164625656037,False,False,False,False,-0.2600332651712874,-0.24698447842760368,False,False,False,False,-2597583,-1203358.7434089247,False,False,False,False,223140.30662193525,False,False,False,False
2023-04-07 00:00:00+00:00,2.73,2.765,2.23,2.765,7062,,,,,"rgba(239, 83, 80, 0.5)",0.0,0.0,,4.934958983330108,,0.0,0.0,0.0,0.0,33.20126455257117,-18.576078019951133,True,False,False,True,True,0.0,0,0.9269496833511787,1.4021969910139704,False,False,False,False,-0.2636764401541932,-0.2553304592908985,False,False,False,False,-2590521,-1306111.5031564117,False,False,False,False,207134.50613142154,False,False,False,False
2023-04-14 00:00:00+00:00,2.58,3.2801,2.36,2.73,36999,,,,,"rgba(239, 83, 80, 0.5)",0.0,0.0,,4.91986150146526,,0.0,0.0,0.0,0.0,33.15458060209887,-18.576078019951133,True,False,False,True,True,0.0,0,0.8971903679240586,1.2364828982524851,False,False,False,False,-0.16761598341788078,-0.21147322135438962,False,False,False,False,-2627520,-1403993.6140337144,False,False,False,False,194531.87604761252,False,False,False,False
2023-04-21 00:00:00+00:00,2.5001,3.5699,2.4099,2.62,51102,,,,,"rgba(239, 83, 80, 0.5)",0.0,0.0,,4.900363731203245,,0.0,0.0,0.0,0.0,33.01081996783235,-18.576078019951133,True,False,False,True,True,0.0,0,0.9005299275319921,1.1051120454032548,False,False,False,False,-0.10114470192380842,-0.15630896163909902,False,False,False,False,-2678622,-1498410.5315126986,False,False,False,False,183907.4407848264,False,False,False,False
2023-04-28 00:00:00+00:00,2.5,2.9789,2.21,2.24,34793,,,,,"rgba(239, 83, 80, 0.5)",0.0,0.0,,4.152656794028007,,0.0,0.0,0.0,0.0,32.90798747246584,-18.576078019951133,True,False,False,True,True,0.0,0,0.9139892890717053,1.10213665579126,False,False,False,False,-0.19066278415447666,-0.17348587289678785,True,False,False,False,-2713415,-1588410.862511758,False,False,False,False,172861.92665261705,False,False,False,False
2023-05-05 00:00:00+00:00,5.8,44.0,2.8984,4.0,44211006,,,,,"rgba(239, 83, 80, 0.5)",0.0,0.0,,17.090516504382432,,0.0,0.0,0.0,0.0,39.699195385554,-13.132637418178795,True,False,False,True,True,0.0,1,0.9800536196398029,0.38228415896165735,False,False,False,False,0.3428282509695372,0.08467118903637466,False,False,False,False,41497591,1603144.8310076315,False,False,False,False,3434946.672826497,False,False,False,False
2023-05-12 00:00:00+00:00,4.0,7.0,3.43,5.92,2906458,,,,,"rgba(239, 83, 80, 0.5)",0.0,0.0,,16.35750671684613,,0.0,0.0,0.0,0.0,41.75638311730985,-11.314394068921949,True,False,False,True,True,0.0,1,1.0070537142787288,0.9531117484990229,False,False,False,False,-0.23408375736678214,-0.07470628416520374,False,False,False,False,38591133,4342995.8064885475,False,False,False,False,3395799.363728238,False,False,False,False
2023-05-19 00:00:00+00:00,5.67,10.49,3.69,3.71,62592617,,,,,"rgba(239, 83, 80, 0.5)",0.0,0.0,,10.880053721623675,,0.0,0.0,0.0,0.0,45.446734864652704,-7.960819332077833,True,False,False,True,True,0.0,1,1.008758202428738,0.9036979076921338,False,False,False,False,-0.1740629435157972,-0.12438461384050048,False,False,False,False,101183750,11516385.006007914,False,False,False,False,7780748.818266887,False,False,False,False
2023-05-26 00:00:00+00:00,4.44,5.87,4.2,5.81,1547751,,,,,#000000,0.0,0.0,,10.797208659044959,,0.0,0.0,0.0,0.0,46.46506751703471,-7.202778610962149,True,False,False,False,True,0.0,1,1.017201319765991,0.9527351872903206,False,False,False,False,-0.23992717854188547,-0.182155896191193,False,False,False,False,99635999,18043763.820377696,False,False,False,False,7319045.276173044,False,False,False,False
2023-06-02 00:00:00+00:00,4.87,6.12,4.31,4.42,3346649,,,,,#000000,0.0,0.0,10.48693665716697,10.63319791114573,-0.5495597141046,0.0,0.0,0.0,0.0,47.736432887392475,-6.14291694842165,True,False,False,False,True,0.0,1,1.018898621579412,0.9493528892510356,False,False,False,False,-0.23408375736678214,-0.20811982677898755,False,False,False,False,102982648,24335533.018868238,False,False,False,False,7024793.700160227,False,False,False,False
2023-06-09 00:00:00+00:00,4.21,5.2,4.1,4.77,1028865,,,,,#000000,0.0,0.0,10.269718013454154,10.579424386514534,-0.6202141459161855,0.0,0.0,0.0,0.0,47.80294121209684,-6.14291694842165,True,False,False,False,True,0.0,1,1.0172177067239874,0.960792637871969,False,False,False,False,-0.25248032736988146,-0.2303000770744345,False,False,False,False,101953783,30085033.01747059,False,False,False,False,6580650.833481691,False,False,False,False
2023-06-16 00:00:00+00:00,4.18,4.44,3.75,4.41,696260,,,,,#000000,0.0,0.0,10.088921613582785,10.541324580699698,-0.6305257216128434,0.0,0.0,0.0,0.0,47.81193946208923,-6.14291694842165,True,False,False,False,True,0.0,1,1.0139020094306186,0.977919307433047,False,False,False,False,-0.2707156601129087,-0.2505078685936716,False,False,False,False,101257523,35357069.31247277,False,False,False,False,6144770.031001565,False,False,False,False
2023-06-23 00:00:00+00:00,4.14,4.58,4.0222,4.06,284035,,,,,#000000,0.0,0.0,9.791627723891885,10.52620875801906,-0.6522111479418796,0.0,0.0,0.0,0.0,47.7637296529467,-6.14291694842165,True,False,False,False,True,0.0,1,1.023808463221607,0.9665455860934169,False,False,False,False,-0.2639240165004097,-0.2572159425470406,False,False,False,False,100973488,40217544.770808116,False,False,False,False,5710641.510186634,False,False,False,False
2023-06-30 00:00:00+00:00,4.27,4.37,3.86,4.12,445007,,,,,#000000,0.0,0.0,9.59006138917729,10.50236919436348,-0.6498779248062917,0.0,0.0,0.0,0.0,47.93467630730952,-5.935096973845994,True,False,False,False,True,0.0,1,1.021818338383376,0.9636948554144892,False,False,False,False,-0.28281327729350986,-0.27001460992027526,False,False,False,False,101418495,44750948.491489,False,False,False,False,5320594.509432068,False,False,False,False
2023-07-07 00:00:00+00:00,4.0,4.31,3.92,4.25,201976,,,,,#000000,0.0,0.0,9.39367974244068,10.491455143327983,-0.6910449708009061,0.0,0.0,0.0,0.0,47.647135619615646,-5.935096973845994,True,False,False,False,True,0.0,1,1.0231312565590216,0.9758247375031943,False,False,False,False,-0.28664840245566514,-0.2783315061879702,False,False,False,False,101216519,48933583.3439713,False,False,False,False,4941437.582807471,False,False,False,False
2023-07-14 00:00:00+00:00,3.87,4.46,3.82,4.04,520325,,,,,#000000,0.0,0.0,9.090046754969988,10.463392588414333,-0.7253419884567032,0.0,0.0,0.0,0.0,47.23977830344396,-5.935096973845994,True,False,False,False,True,0.0,1,1.0103808140016681,0.9940831017584953,False,False,False,False,-0.2857945794294707,-0.2820630428087204,False,False,False,False,100696194,52767850.79997343,False,False,False,False,4613947.76185877,False,False,False,False
2023-07-21 00:00:00+00:00,3.31,3.9367,3.25,3.89,315855,,,,,#000000,0.0,0.0,8.804704373522485,10.44502334318324,-0.8103648959117457,0.0,0.0,0.0,0.0,46.09035845777359,-5.935096973845994,True,False,False,False,True,0.0,1,0.9948533232029227,1.0046774004324046,False,False,False,False,-0.30455948628088525,-0.29331126454480283,False,False,False,False,100380339,56294701.777753174,False,False,False,False,4295570.520239602,False,False,False,False
2023-07-28 00:00:00+00:00,3.12,3.5299,3.08,3.41,325948,,,,,"rgba(239, 83, 80, 0.5)",0.0,0.0,8.515848059364695,10.425474769261502,-0.8578681439986272,0.0,0.0,0.0,0.0,44.984301149268646,-5.935096973845994,True,False,False,True,False,0.0,1,0.9865825932106578,1.0042223391983154,False,False,False,False,-0.3145431380907489,-0.30392720131777584,False,False,False,False,100054391,59536160.23866035,False,False,False,False,4001524.407629261,False,False,False,False
2023-08-04 00:00:00+00:00,3.09,3.49,3.01,3.29,212383,,,,,"rgba(239, 83, 80, 0.5)",0.0,0.0,8.278439759633619,10.412711896517713,-0.8845521751844936,0.0,0.0,0.0,0.0,44.14733507485087,-5.935096973845994,True,False,False,True,False,0.0,1,0.9848047828862176,1.0101663104113445,False,False,False,False,-0.31645221277532026,-0.310189707046548,False,False,False,False,99842008,62521778.59135218,False,False,False,False,3720847.26632339,False,False,False,False
2023-08-11 00:00:00+00:00,2.46,3.13,2.419,3.03,193462,,,,,"rgba(239, 83, 80, 0.5)",0.0,0.0,8.070845218593163,8.495196983991434,-0.7477775648686563,0.0,0.0,0.0,0.0,42.582438815437875,-3.997583734297997,True,False,False,True,False,0.0,1,0.9746303930601998,1.0369369018625623,False,False,False,False,-0.33306733643152514,-0.32162852173903655,False,False,False,False,99648546,65271909.51051128,False,False,False,False,3459559.468817954,False,False,False,False
2023-08-18 00:00:00+00:00,2.53,2.9499,2.42,2.57,210278,,,,,"rgba(239, 83, 80, 0.5)",0.0,0.0,7.817807140868944,8.480205796124812,-0.761109309670621,0.0,0.0,0.0,0.0,41.63095455511978,-4.958845761599427,True,False,False,True,False,0.0,1,0.9744772474261499,1.0112504350877798,False,False,False,False,-0.33621612502658177,-0.32892232338280913,False,False,False,False,99858824,67833903.17639934,False,False,False,False,3218871.952609217,False,False,False,False
2023-08-25 00:00:00+00:00,2.54,2.65,2.44,2.58,67729,,,,,"rgba(239, 83, 80, 0.5)",0.0,0.0,7.561769465023633,8.473015119629906,-0.7846067176568393,0.0,0.0,0.0,0.0,40.9764986969078,-5.638281537963316,True,False,False,True,False,0.0,1,0.9809087322062707,1.0123083682740102,False,False,False,False,-0.3411500237420497,-0.33503617356242943,False,False,False,False,99926553,70211136.49666604,False,False,False,False,2985453.9561196454,False,False,False,False
2023-09-01 00:00:00+00:00,2.79,5.34,2.69,4.98,47759977,,,3.6066666666666665,,"rgba(239, 83, 80, 0.5)",1.0,6.08398,7.238321799024181,6.052964383818642,-0.4507901796046884,0.0,0.0,0.0,0.0,41.157218682255355,-5.638281537963316,True,False,False,True,False,0.0,1,0.9824095210005213,0.9726246073803408,False,False,False,False,-0.2900677804911398,-0.3125519770267846,False,False,False,False,147686530,75950054.53395003,False,False,False,False,6302085.292703375,False,False,False,False
2023-09-08 00:00:00+00:00,3.95,4.2,3.14,3.98,18627622,,,3.6506255910836596,,"rgba(239, 83, 80, 0.5)",0.0,0.0,6.861386209135392,5.837516915217675,-0.275092650039812,0.0,0.0,0.0,0.0,43.90189147935226,-5.638281537963316,True,False,False,True,True,0.0,1,0.9948790069859519,0.9802900830615341,False,False,False,False,-0.3019160166144535,-0.307233996820619,False,False,False,False,166314152,82643691.38328707,False,False,False,False,7215088.011762384,False,False,False,False
2023-09-15 00:00:00+00:00,3.38,4.35,3.34,3.89,605948,,,3.650981727538624,,"rgba(239, 83, 80, 0.5)",0.0,0.0,6.512781640322678,5.830648784347195,-0.3762829647434298,0.0,0.0,0.0,0.0,44.756483922579996,-8.649967420093212,True,False,False,True,True,0.0,1,0.9989139574476338,0.9741178328464151,False,False,False,False,-0.2958959505895351,-0.30156497370507707,False,False,False,False,165708204,88796618.24378432,False,False,False,False,6725522.084965171,False,False,False,False
2023-09-22 00:00:00+00:00,3.09,3.41,3.04,3.4,176214,,,3.6497461481216225,,"rgba(239, 83, 80, 0.5)",0.0,0.0,6.18592361248481,5.8277516105008855,-0.44257766212556965,0.0,0.0,0.0,0.0,44.832259936884846,-8.550195051441072,True,False,False,True,True,0.0,1,0.9953522542403358,0.9870576869727895,False,False,False,False,-0.3173215023190025,-0.30944323801203977,False,False,False,False,165531990,94480719.85535586,False,False,False,False,6240388.152745529,False,False,False,False
2023-09-29 00:00:00+00:00,2.99,3.18,2.85,3.03,149165,,,3.648321215245373,,"rgba(239, 83, 80, 0.5)",0.0,0.0,5.906144287883502,5.825044317875448,-0.48001609505063425,0.0,0.0,0.0,0.0,44.69949374411683,-8.550195051441072,True,False,False,True,True,0.0,1,0.9918446347052687,0.985918030199988,False,False,False,False,-0.32464203229628064,-0.3170426351541602,False,False,False,False,165382825,99732727.64384802,False,False,False,False,5789186.437727341,False,False,False,False
2023-10-06 00:00:00+00:00,2.61,2.9934,2.46,2.98,130937,,,3.646456604099156,,"rgba(239, 83, 80, 0.5)",0.0,0.0,5.626526524941644,5.822252743874408,-0.5709122190457858,0.0,0.0,0.0,0.0,43.8966789419311,-8.550195051441072,True,False,False,True,True,0.0,1,0.9906658082859802,0.9853814603736748,False,False,False,False,-0.33640399354230877,-0.3267233143482345,False,False,False,False,165251888,104585998.78134076,False,False,False,False,5370056.849747539,False,False,False,False
2023-10-13 00:00:00+00:00,2.39,2.64,2.315,2.61,138132,,,3.644007956767076,,"rgba(239, 83, 80, 0.5)",0.0,0.0,5.3203047335497855,4.43182947754925,-0.38378055013907286,0.0,0.0,0.0,0.0,42.92248896822292,-8.550195051441072,True,False,False,True,True,0.0,0,0.986715033670081,0.997489177976866,False,False,False,False,-0.34282825441539394,-0.3347757843818142,False,False,False,False,165113756,109069536.35309331,True,False,False,False,4982506.860877351,True,False,False,False
2023-10-20 00:00:00+00:00,2.68,2.9909,2.33,2.39,231057,,,3.6406792132546077,,"rgba(239, 83, 80, 0.5)",0.0,0.0,5.151078458188217,4.462737292896574,-0.34609010663829304,0.0,0.0,0.0,0.0,42.99444388461026,-8.550195051441072,True,False,False,True,True,0.0,0,0.9861260609670488,0.9966049054436384,False,False,False,False,-0.3363806666365914,-0.3355782255092028,False,False,False,False,165344813,113238075.36397529,False,False,False,False,4630547.611923473,False,False,False,False
2023-10-27 00:00:00+00:00,3.01,3.2,2.5841,2.6,119468,,,3.6394319068470535,,"rgba(239, 83, 80, 0.5)",0.0,0.0,4.907653451785804,4.482470892740528,-0.3000356294930978,0.0,0.0,0.0,0.0,43.893044847838986,-8.550195051441072,True,False,False,True,True,0.0,1,0.9925483758642989,0.9852260856588568,False,False,False,False,-0.32825695433947905,-0.33191758992434095,False,False,False,False,165464281,117106683.188866,False,False,False,False,4296393.566595809,False,False,False,False
2023-11-03 00:00:00+00:00,2.98,3.14,2.7,3.0,112924,,,3.6382712753599566,,"rgba(239, 83, 80, 0.5)",0.0,0.0,4.6448620035491155,4.4938136653606255,-0.32591144025461427,0.0,0.0,0.0,0.0,44.468239521717734,-8.550195051441072,True,False,False,True,True,0.0,1,0.9761642292793639,2.380181225576355,False,False,False,False,-0.2732893597033197,-0.3026034748138303,False,False,False,False,165351357,120680362.7304315,False,False,False,False,3986506.932033156,False,False,False,False
2023-11-10 00:00:00+00:00,3.01,3.24,2.99,3.07,48491,,,3.6378737546807742,,"rgba(239, 83, 80, 0.5)",0.0,0.0,4.341399643256164,4.500002796737017,-0.34320793273467814,0.0,0.0,0.0,0.0,44.962379697388734,-7.989979400342904,True,False,False,True,True,0.0,1,0.9634481829899385,1.1281237375194781,False,False,False,False,-0.24348046636246776,-0.27304197058814905,False,False,False,False,165399848,123992917.19484398,False,False,False,False,3694802.0481788483,False,False,False,False
2023-11-17 00:00:00+00:00,3.3,3.45,2.84,2.89,108645,,,3.637170984676219,,#000000,0.0,0.0,3.941121996418607,4.515046655576935,-0.3082996813296004,0.0,0.0,0.0,0.0,46.12794770552556,-6.790011832232402,True,False,False,False,True,0.0,1,0.9313148657862176,1.3338299537890457,False,False,False,False,-0.17070759709853894,-0.221874783843344,False,False,False,False,165508493,127068145.03226295,False,False,False,False,3429160.7853507856,False,False,False,False
2023-11-24 00:00:00+00:00,3.34,5.16,2.9,4.49,11069759,,,3.659907055847458,,#000000,0.0,0.0,3.6844331288344896,3.712590684132709,-0.10112564704100692,0.0,0.0,0.0,0.0,47.07335654423592,-5.824374758506693,True,False,False,False,True,0.0,1,0.9112331723106349,1.013731884946421,False,False,False,False,0.044330372463413696,-0.08877220568996515,False,False,False,False,176578252,130735560.36320645,False,False,False,False,3995131.02347295,False,False,False,False
2023-12-01 00:00:00+00:00,3.05,3.67,2.91,3.22,2872907,,,3.6441733793297146,,#000000,0.0,0.0,3.2858490841157995,3.648679352524052,-0.18219928462878662,0.0,0.0,0.0,0.0,46.94644179779409,-5.824374758506693,True,False,False,False,True,0.0,1,0.9012435045629638,1.1044440422946666,False,False,False,False,-0.083357099552309,-0.08606465262113708,False,False,False,False,173705345,133918507.37333931,False,False,False,False,3912003.318030509,False,False,False,False
2023-12-08 00:00:00+00:00,2.49,3.0284,2.4001,2.95,710435,,,3.635559565035456,,"rgba(239, 83, 80, 0.5)",0.0,0.0,2.8402626133084254,3.6203468099433618,-0.3979726397999158,0.0,0.0,0.0,0.0,45.45492245374108,-5.824374758506693,True,False,False,True,True,0.0,1,0.8818712150086816,1.0910515394062594,False,False,False,False,-0.2493580188022714,-0.16771133571170424,False,False,False,False,172994910,136813055.71605492,False,False,False,False,3674850.1092875083,False,False,False,False
2023-12-15 00:00:00+00:00,2.99,3.05,2.25,2.42,1018921,,,3.624964390429626,,"rgba(239, 83, 80, 0.5)",0.0,0.0,2.4055998609031857,3.3742181509060973,-0.1597182295986008,0.0,0.0,0.0,0.0,45.91126470016442,-5.824374758506693,True,False,False,True,True,0.0,1,0.8930759352434685,1.0493884339277069,False,False,False,False,-0.27424303106670095,-0.22097718338920258,False,False,False,False,174013831,139568668.70005086,False,False,False,False,3478114.619710656,False,False,False,False
2023-12-22 00:00:00+00:00,2.71,3.5998,2.54,2.97,1423258,,,3.613701789273468,,"rgba(239, 83, 80, 0.5)",0.0,0.0,2.0841564829292407,3.373950719939067,-0.3185704746151773,0.0,0.0,0.0,0.0,45.53834159321241,-5.824374758506693,True,False,False,True,True,0.0,1,0.8967409139387975,1.0271043563869062,False,False,False,False,-0.09510739652996072,-0.15804228995958164,False,False,False,False,172590573,142014735.68523228,False,False,False,False,3325903.0182506074,False,False,False,False
2023-12-29 00:00:00+00:00,2.57,2.7,2.43,2.61,321689,,,3.6097681539801485,,"rgba(239, 83, 80, 0.5)",0.0,0.0,1.905684475397755,3.355592892290547,-0.41223660182600685,0.0,0.0,0.0,0.0,44.926648014431414,-5.824374758506693,True,False,False,True,False,0.0,1,0.897698262800689,1.0627010647350617,False,False,False,False,-0.3043223546389302,-0.23118232229925592,False,False,False,False,172268884,144255783.7085484,False,False,False,False,3103368.6465283404,False,False,False,False
2024-01-05 00:00:00+00:00,2.6018,2.9738,2.5,2.63,335232,,,3.6061884988418935,,"rgba(239, 83, 80, 0.5)",0.0,0.0,1.7664793999990152,3.343419669443154,-0.4198292204503306,0.0,0.0,0.0,0.0,44.59566701749748,-5.824374758506693,True,False,False,True,False,0.0,1,0.8986577944017937,1.045184488690962,False,False,False,False,-0.23104544981056707,-0.2311138860549115,False,False,False,False,172604116,146355660.17458186,False,False,False,False,2898321.487526241,False,False,False,False
2024-01-12 00:00:00+00:00,2.34,2.68,2.32,2.55,237459,,,3.602994246908832,,"rgba(239, 83, 80, 0.5)",0.0,0.0,1.5366795615834963,3.3293225281942616,-0.643805353391177,0.0,0.0,0.0,0.0,43.676121937317596,-3.6795010131165853,True,False,False,True,False,0.0,1,0.8929765886287626,1.069112296998354,False,False,False,False,-0.33213156799875393,-0.2816227270268327,False,False,False,False,172366657,148282400.68016836,False,False,False,False,2701220.5625242973,False,False,False,False
2024-01-19 00:00:00+00:00,2.06,2.3799,2.02,2.31,186136,,,3.599870530551344,,"rgba(239, 83, 80, 0.5)",0.0,0.0,1.3883743500869772,3.313516467629963,-0.9028663397241776,0.0,0.0,0.0,0.0,42.322856022190194,-5.0265705618053715,True,False,False,True,False,0.0,1,0.9055116430392438,1.0584125358678145,False,False,False,False,-0.34282825441539394,-0.31222549072111333,False,False,False,False,172180521,150052631.8149707,False,False,False,False,2514918.0023373123,False,False,False,False
2024-01-26 00:00:00+00:00,1.95,2.65,1.64,2.37,1641763,,,3.571523641431857,,"rgba(239, 83, 80, 0.5)",0.0,0.0,1.3263435738825122,2.8238899859000077,-0.6588715044186712,0.0,0.0,0.0,0.0,41.08703465595207,-6.231479063647853,True,False,False,True,False,0.0,1,0.8973769388125016,1.0216629120381158,False,False,False,False,-0.34282825441539394,-0.32752687256825364,False,False,False,False,170538758,151570122.6434914,False,False,False,False,2450239.85401603,False,False,False,False
2024-02-02 00:00:00+00:00,2.03,2.1,1.79,1.97,264980,,,3.5667271401230454,,"rgba(239, 83, 80, 0.5)",0.0,0.0,1.2789346346901649,2.804394536198253,-0.6054996988848131,0.0,0.0,0.0,0.0,40.53213219601271,-6.774265856637612,False,False,False,True,False,0.0,1,0.907959978055853,1.0485070142898192,False,False,False,False,-0.34282825441539394,-0.3351775634918238,False,False,False,False,170803738,152994834.89212167,False,False,False,False,2288368.7537185466,False,False,False,False
2024-02-09 00:00:00+00:00,2.23,2.42,1.98,2.11,457140,,,3.5597386735117076,,"rgba(239, 83, 80, 0.5)",0.0,0.0,1.1845352428243525,2.793337566925912,-0.4755768731563575,0.0,0.0,0.0,0.0,40.9569281242816,-6.774265856637612,False,False,False,True,False,0.0,1,0.9480297850915548,1.0131647984736465,False,False,False,False,-0.2546455769613858,-0.2949115702266048,False,False,False,False,171260878,154347875.12233487,False,False,False,False,2152722.1793690245,False,False,False,False
2024-02-16 00:00:00+00:00,2.36,2.4499,1.9,2.2,1335459,,,3.5401241085967774,,"rgba(239, 83, 80, 0.5)",0.0,0.0,1.0763766415220466,2.7627227432076373,-0.3741466766114218,0.0,0.0,0.0,0.0,41.7878707718215,-6.774265856637612,True,False,False,True,False,0.0,1,0.9437964899277339,1.0020329830320036,False,False,False,False,-0.2631185269084685,-0.27901504856753667,False,False,False,False,172596337,155699613.03919896,False,False,False,False,2092184.1660824302,False,False,False,False
2024-02-23 00:00:00+00:00,1.96,2.3999,1.95,2.32,524080,,,3.5318134466509545,,"rgba(239, 83, 80, 0.5)",0.0,0.0,0.9973318510310129,2.742677211503665,-0.7847710976988811,0.0,0.0,0.0,0.0,41.190716538297416,-6.774265856637612,False,False,False,True,False,0.0,1,0.9460697183245854,0.9889431421342088,False,False,False,False,-0.2631185269084685,-0.2710667877380026,False,False,False,False,172072257,156912401.48073977,False,False,False,False,1976028.301928176,False,False,False,False
2024-03-01 00:00:00+00:00,2.08,2.1299,1.86,1.94,478505,,,3.523888751026962,,"rgba(239, 83, 80, 0.5)",0.0,0.0,0.9933463971266769,2.7217587942749812,-0.6460574036723874,0.0,0.0,0.0,0.0,41.27471822339829,-6.774265856637612,False,False,False,True,False,0.0,1,0.9264021014200249,1.1698065464535523,False,False,False,False,-0.325185906482762,-0.29812634711038233,False,False,False,False,172550762,158070798.55624056,False,False,False,False,1865100.6499334965,False,False,False,False
2024-03-08 00:00:00+00:00,1.87,2.11,1.74,2.1,297277,,,3.5186278176123116,,"rgba(239, 83, 80, 0.5)",0.0,0.0,0.9896139967292232,2.7061383268803456,-0.8449136023175392,0.0,0.0,0.0,0.0,40.710835910572456,-6.774265856637612,False,False,False,True,False,0.0,1,0.9073420617933836,1.1316596286226643,False,False,False,False,-0.34282825441539394,-0.32047730076288816,False,False,False,False,172253485,159121367.92244497,False,False,False,False,1748965.5647532374,False,False,False,False
2024-03-15 00:00:00+00:00,1.4,1.86,1.33,1.78,485277,,,3.5081233292257035,,"rgba(239, 83, 80, 0.5)",0.0,0.0,0.9477068441888487,2.665233544394254,-1.3350473853306182,0.0,0.0,0.0,0.0,39.04960330717194,-8.3587622476186,False,False,False,True,False,0.0,1,0.8633643286520019,1.1616086636665497,False,False,False,False,-0.34282825441539394,-0.331652777589141,False,False,False,False,171768208,160058170.89115274,False,False,False,False,1655359.0044011457,False,False,False,False
2024-03-22 00:00:00+00:00,1.45,1.49,1.33,1.37,140039,,,3.5049502457639177,,"rgba(239, 83, 80, 1.0)",0.0,0.0,0.9197249252891114,2.6528127716465963,-1.3077962101206484,0.0,0.0,0.0,0.0,38.09762646451846,-9.287191861805184,False,True,False,True,False,0.0,0,0.8815993762728269,1.1255788631765729,False,False,False,False,-0.34282825441539394,-0.33724051600226745,False,False,False,False,171908247,160935954.3066229,False,False,False,False,1543113.078149209,False,False,False,False
2024-03-29 00:00:00+00:00,1.03,1.425,0.9549,1.42,2607223,,,3.4396893748823083,,"rgba(239, 83, 80, 1.0)",0.0,0.0,0.9245700999543478,2.4183971710513017,-1.5016678249922382,0.0,0.0,0.0,0.0,36.377279310944715,-10.93629139727409,False,True,False,True,False,0.0,0,0.8689325551404603,1.111570522621216,False,False,False,False,-0.34282825441539394,-0.34003438520883067,False,False,False,False,169301024,161555589.0987249,False,False,False,False,1621936.0353233418,False,False,False,False
2024-04-05 00:00:00+00:00,0.92,1.06,0.83,1.0,2362743,,,3.378707019957608,,"rgba(239, 83, 80, 1.0)",0.0,0.0,0.9334114986251392,2.2448887947751626,-1.4194048356235667,0.0,0.0,0.0,0.0,34.893574671806206,-12.326282439032276,False,True,False,True,False,0.0,0,0.8842198100407056,1.1259701492537313,False,False,False,False,-0.34282825441539394,-0.3414313198121123,False,False,False,False,166938281,161954307.0173379,False,False,False,False,1676810.6252993906,False,False,False,False
2024-04-12 00:00:00+00:00,0.681,1.14,0.68,1.0,2713412,,,3.309436425978541,,"rgba(239, 83, 80, 1.0)",0.0,0.0,0.9639978091447605,2.082955172158459,-1.4543136497397702,0.0,0.0,0.0,0.0,33.292011108370005,-13.811950754741893,False,True,False,True,False,0.0,0,0.8849344537815125,1.0956907563025209,False,False,False,False,-0.34282825441539394,-0.3421297871137531,False,False,False,False,164224869,162122496.79383138,False,False,False,False,1753595.9123142506,False,False,False,False
2024-04-19 00:00:00+00:00,0.67,0.76,0.585175,0.698,901820,,,3.2857895017547794,0.6717250000000001,"rgba(239, 83, 80, 1.0)",0.0,0.0,0.9991398351933186,1.561304744000751,-0.8920720730029714,0.0,0.0,0.0,0.0,32.12302035797567,-14.873530620322256,False,True,False,True,False,0.0,0,0.8734147964493525,1.1497193153762353,True,False,False,False,-0.34282825441539394,-0.3424790207645735,False,False,False,False,163323049,162211426.58688092,True,False,False,False,1690501.4002909728,False,False,False,False
2024-04-26 00:00:00+00:00,0.7104,0.78,0.59,0.69,556559,,,3.2715258211755365,0.6800222397835771,"rgba(239, 83, 80, 1.0)",0.0,0.0,1.0310589532379386,1.5418328054456443,-0.8063872612081121,0.0,0.0,0.0,0.0,31.523229860096762,-15.405212507626807,False,True,False,True,False,0.0,0,0.8517011893912674,1.167828962563628,False,False,False,False,-0.3400924763650619,-0.3412857485648177,False,False,False,False,163879608,162334995.5804453,False,False,False,False,1606505.666936086,False,False,False,False
2024-05-03 00:00:00+00:00,0.698,0.76,0.6762,0.717,309420,,,3.263718275722774,0.6855143271567261,"rgba(239, 83, 80, 1.0)",0.0,0.0,1.0610573668538454,1.5319429076279758,-0.7859545899018735,0.0,0.0,0.0,0.0,31.062132456904585,-15.836941079615237,False,True,False,True,False,0.0,0,0.8456362891416624,1.1692826945301347,False,False,False,False,-0.3328208510020995,-0.3370532997834586,False,False,False,False,163570188,162426491.31522712,False,False,False,False,1510425.2471630427,False,False,False,False
2024-05-10 00:00:00+00:00,0.7299,0.78,0.69,0.6979,407206,,,3.253603138511894,0.6944607951859114,"rgba(239, 83, 80, 1.0)",0.0,0.0,1.089134967355735,1.5201900337056047,-0.7256125800683056,0.0,0.0,0.0,0.0,30.940849771470372,-15.977557582791277,False,True,False,True,False,0.0,0,0.8238720828767212,1.1781224359177114,False,False,False,False,-0.3291212431549286,-0.3330872714691936,False,False,False,False,163977394,162541372.99558067,False,False,False,False,1428705.3029287432,False,False,False,False
2024-05-17 00:00:00+00:00,0.825,0.92,0.6899,0.7,431709,,,3.2432978523772564,0.7138662379276489,"rgba(239, 83, 80, 1.0)",0.0,0.0,1.1128606155114922,1.5119996896480914,-0.6173277049007014,1.0,0.82,0.78,0.0,31.490798941049633,-15.977557582791277,False,True,False,True,False,0.0,0,0.8302280207629287,1.1886661675700825,False,False,False,False,-0.31389921008360194,-0.32349324077639774,False,False,False,False,164409103,162679723.36627838,False,False,False,False,1354853.7249340215,False,False,False,False
2024-05-24 00:00:00+00:00,1.01,1.1,0.82,0.87,703532,,,3.227816215895495,0.7697196431524023,"rgba(239, 83, 80, 0.75)",0.0,0.0,1.1307352166166744,1.509793226596174,-0.4420073057347843,0.0,0.0,0.0,0.0,33.087224485659,-15.977557582791277,False,True,False,True,True,0.0,0,0.8062097558663619,1.3605152151883306,False,False,False,False,-0.2634577259541268,-0.2934754833652623,False,False,False,False,165112635,162859939.04285035,False,False,False,False,1306607.6712352051,False,False,False,False
2024-05-31 00:00:00+00:00,0.969,1.15,0.84,1.02,564164,,,3.2156060735976326,0.8012613865164847,"rgba(239, 83, 80, 0.75)",0.0,0.0,1.145186227260076,1.5055729112963592,-0.468546423737684,0.0,0.0,0.0,0.0,34.07199956003382,-19.008304356243475,False,True,False,True,True,0.0,0,0.7989446617906873,1.2308664077331875,False,False,False,False,-0.24608731400647635,-0.2697813986858693,False,False,False,False,164548471,162985015.4841207,False,False,False,False,1251611.843736301,False,False,False,False
2024-06-07 00:00:00+00:00,1.17,1.25,0.9105,0.9497,921900,,,3.1970298376592674,0.8606361512357069,"rgba(239, 83, 80, 0.75)",0.0,0.0,1.1575808379095414,1.5054715268720367,-0.2898039738441593,0.0,0.0,0.0,0.0,36.073625193599085,-17.081098458512308,False,True,False,True,True,0.0,0,0.8512483612456713,1.168021693351201,False,False,False,False,-0.2213108880280096,-0.24554614335693947,False,False,False,False,165470371,163169115.89270434,False,False,False,False,1227188.7442002788,False,False,False,False
2024-06-14 00:00:00+00:00,1.17,1.3,1.04,1.04,343473,,,3.190388452959258,0.8813098118214977,"rgba(239, 83, 80, 0.75)",0.0,0.0,1.1720524651909658,1.5059837536794884,-0.2866627251406751,0.0,0.0,0.0,0.0,37.50335778900285,-15.737239417603426,False,True,False,True,True,0.0,0,0.8716312800304813,1.1743973446597844,False,False,False,False,-0.19551185218084227,-0.22052899776889087,False,False,False,False,165470371,163339579.23398548,False,False,False,False,1161728.3187039618,False,False,False,False
2024-06-21 00:00:00+00:00,1.18,1.18,1.06,1.18,136570,,,3.1877207839706885,0.8880055956326904,"rgba(239, 83, 80, 0.75)",0.0,0.0,1.1774663268603265,1.50570833887189,-0.2766179647280276,0.0,0.0,0.0,0.0,38.59315097146269,-14.722156908616277,False,True,False,True,True,0.0,0,0.8274247529486323,1.2687420961951403,False,False,False,False,-0.18917868002265342,-0.20485383889577213,False,False,False,False,165606941,163507531.95739394,False,False,False,False,1085790.6654666313,False,False,False,False
2024-06-28 00:00:00+00:00,1.15,1.2,1.11,1.14,105275,,,3.1856825029628526,0.8931959167746265,"rgba(239, 83, 80, 0.75)",0.0,0.0,1.1862399626163196,1.50556031994271,-0.29973726324183303,0.0,0.0,0.0,0.0,39.21905163129627,-14.135883864868653,False,True,False,True,True,0.0,0,0.8432932699952873,1.169428309562291,False,False,False,False,-0.17760779990150802,-0.19123081939864006,False,False,False,False,165501666,163655245.59017956,False,False,False,False,1013159.875432066,False,False,False,False
2024-07-05 00:00:00+00:00,1.4,1.44,1.07,1.17,582078,,,3.175312299213291,0.933226724322091,"rgba(239, 83, 80, 0.5)",0.0,0.0,1.1886536824809548,1.510438480336069,-0.09291056088394248,0.0,0.0,0.0,0.0,41.41600235743172,-12.036997908006953,False,False,False,True,True,0.0,0,0.828513067830983,1.1754434224811758,False,False,False,False,-0.12022814524438473,-0.1557294823215124,False,False,False,False,166083744,163835134.36127737,False,False,False,False,981227.8846593203,False,False,False,False
2024-07-12 00:00:00+00:00,1.33,1.5,1.24,1.39,469166,,,3.167272294285153,0.9641092949670588,"rgba(239, 83, 80, 0.5)",0.0,0.0,1.1807413026240678,1.2735786071519142,0.04778472026234328,0.0,0.0,0.0,0.0,42.581915379970845,-10.955973463715686,False,False,False,True,True,0.0,0,0.8679367636216122,1.1356165073123354,False,False,False,False,-0.02865360791008962,-0.09219154511580101,False,False,False,False,165614578,163966945.00118273,False,False,False,False,943297.3746845559,False,False,False,False
2024-07-19 00:00:00+00:00,1.28,1.45,1.1383,1.3,242938,,,3.162983428449272,0.9759480937394364,"rgba(239, 83, 80, 0.5)",0.0,0.0,1.181479468290774,1.2703079898690763,0.008203282740871454,0.0,0.0,0.0,0.0,43.12206328016825,-10.455078206348738,True,False,False,True,True,0.0,0,0.8908004729160275,1.1066026582169157,False,False,False,False,-0.06149821500106628,-0.07684488005843365,False,False,False,False,165371640,164070996.4825766,False,False,False,False,891418.9024857,False,False,False,False
2024-07-26 00:00:00+00:00,1.23,1.33,1.12,1.28,91554,,,3.1613182194730007,0.9793400035326408,"rgba(239, 83, 80, 0.5)",0.0,0.0,1.181022768823335,1.267789986788,-0.03199767844073879,0.0,0.0,0.0,0.0,43.20861043799312,-10.347424065157647,True,False,False,True,True,0.0,0,0.926922962977593,1.1691963830158432,False,False,False,False,-0.09155571027157504,-0.08420029516500435,False,False,False,False,165280086,164160558.66905242,False,False,False,False,832169.6504497222,False,False,False,False
2024-08-02 00:00:00+00:00,1.37,1.49,1.15,1.19,357232,,,3.1552159631204963,0.9972566009824744,"rgba(239, 83, 80, 0.5)",0.0,0.0,1.1819759391203006,1.273112072550887,0.0819711503782581,0.0,0.0,0.0,0.0,44.33720095716889,-9.208830266747817,True,False,False,True,True,0.0,0,0.9114722170307782,1.0754125558626704,False,False,False,False,-0.05029329420446119,-0.06724679468473277,False,False,False,False,165637318,164269948.24912262,False,False,False,False,796989.0837497428,False,False,False,False
2024-08-09 00:00:00+00:00,1.56,1.61,1.21,1.26,293510,,,3.1505706352135703,1.0155658318084608,#000000,0.0,0.0,1.1818678336238835,1.2849922956856519,0.23268905074699442,0.0,0.0,0.0,0.0,46.46528128662188,-7.134063831774512,True,False,False,False,True,0.0,0,0.8938656312522867,1.1021790506577367,False,False,False,False,-0.006048818594381094,-0.03664780663955693,False,False,False,False,165930828,164392976.37881723,False,False,False,False,759694.3368053174,False,False,False,False
2024-08-16 00:00:00+00:00,2.0,2.19,1.4142,1.58,709557,,,3.1421305480299706,1.0899904154654707,#000000,0.0,0.0,1.182645607716914,1.3533523107381347,0.5467806120805813,0.0,0.0,0.0,0.0,50.44399605271876,-3.357513712434617,True,False,False,False,True,0.0,0,0.933321597183324,1.0287941105865408,False,False,False,False,0.16776021446476538,0.06555620391260422,False,False,False,False,166640385,164559451.09149742,False,False,False,False,755980.4600049235,False,False,False,False
2024-08-23 00:00:00+00:00,5.45,12.18,1.15,1.82,166816784,,,5.035952149947082,6.019808920314763,"rgba(38, 166, 154, 1.0)",0.0,0.0,1.2316291315880903,6.043517339091731,-0.4818961519093304,0.0,0.0,0.0,0.0,60.07500226450846,5.6514131295550385,True,False,True,False,True,0.6923611837797097,0,0.9545966784887491,0.46630162758673194,False,False,False,False,0.3428282420554703,0.20419222298403727,False,False,False,False,333457169,177070393.15879393,False,False,False,False,13056780.72222678,False,False,False,False
2024-08-30 00:00:00+00:00,6.08,6.6,4.9,5.55,9446551,,,5.063354009926945,6.011621735840561,"rgba(38, 166, 154, 1.0)",0.0,0.0,1.2985908052046342,6.033591745932765,0.03573739616916675,0.0,0.0,0.0,0.0,67.4299131651955,12.196941403091245,True,False,True,False,True,3.012451030167032,0,1.151608220142199,0.7727087545548684,False,False,False,False,0.23336874643039188,0.21878048470721456,False,False,False,False,342903720,189354343.29517955,False,False,False,False,12789356.29835813,False,False,False,False
2024-09-06 00:00:00+00:00,5.62,7.46,5.2,5.93,4205501,,,5.078379149579417,6.013443817410418,"rgba(38, 166, 154, 1.0)",0.0,0.0,1.3459455515846432,6.034727943314258,-0.308131293146279,0.0,0.0,0.0,0.0,70.82151770011959,14.865149174882191,True,False,True,False,True,1.2389180342714603,0,1.1577554054256345,0.7519670486957543,False,False,False,False,0.3019578947919975,0.26036918974960604,False,False,False,False,338698219,200416852.60664773,False,False,False,False,12153515.165146416,False,False,False,False
2024-09-13 00:00:00+00:00,5.47,6.18,5.34,5.44,1031738,,,5.080465138773726,6.011538920247762,"rgba(38, 166, 154, 1.0)",0.0,0.0,1.3862138615641713,6.032653868684952,-0.40589254247542084,0.0,0.0,0.0,0.0,72.6585158640359,16.140904113142355,True,False,True,False,True,0.6665352672804552,0,1.1810472801451104,0.802597131184315,False,False,False,False,0.23453152934846672,0.24745035954903638,False,False,False,False,337666481,210583491.74689603,False,False,False,False,11329679.819580015,False,False,False,False
2024-09-20 00:00:00+00:00,3.88,5.838,3.25,5.48,1776035,,,5.075841667187056,5.995867920841391,"rgba(38, 166, 154, 1.0)",0.0,0.0,1.3936549076167253,6.016661558637414,-1.5331353170429374,0.0,0.0,0.0,0.0,68.96217578014225,16.140904113142355,True,False,True,False,True,0.0,0,1.077540552788442,0.8210634103726344,False,False,False,False,0.09669481844600661,0.17207258899752148,False,False,False,False,335890446,219865488.3582371,False,False,False,False,10622002.42553705,False,False,False,False
2024-09-27 00:00:00+00:00,3.57,4.17,3.3301,3.88,697847,,,5.07252740820349,5.987491543955154,"rgba(38, 166, 154, 0.75)",0.0,0.0,1.3975706749515546,6.008154756340201,-1.7445663393192745,0.0,0.0,0.0,0.0,65.54970459453517,22.662884927299757,True,False,True,False,False,0.0,0,1.0958374733316858,0.8892413841800787,False,False,False,False,0.008949738182251438,0.09051116358988646,False,False,False,False,335192599,228408237.29466397,False,False,False,False,9886879.801423196,False,False,False,False
2024-10-04 00:00:00+00:00,3.23,4.07,3.1,3.56,533560,,,5.069596374587096,5.980509393356116,"rgba(38, 166, 154, 0.75)",0.0,0.0,1.3989529930951752,6.001072100220552,-1.9808185935465716,-1.0,3.3301,3.3287,150.0,62.28958623813328,20.249377810466754,True,False,True,False,False,0.0,0,1.0889372101337487,0.8820700429504039,False,False,False,False,-0.009229250708839521,0.04064095644052347,False,False,False,False,334659039,236278667.05061477,False,False,False,False,9194041.29761407,False,False,False,False
2024-10-11 00:00:00+00:00,2.73,3.3287,2.659,3.22,1902279,,,5.055607485179725,5.950444490124305,"rgba(38, 166, 154, 0.75)",0.0,0.0,1.3503169538330133,5.97064044265128,-2.3999109493903554,-1.0,3.1,2.7199,150.0,58.820911978375136,17.17515518098547,True,False,True,False,False,0.0,0,1.0769041699819204,0.9149468636485957,False,False,False,False,-0.07447521200168516,-0.016917127780580847,False,False,False,False,332756760,243425192.45427296,False,False,False,False,8653910.757050065,False,False,False,False
2024-10-18 00:00:00+00:00,1.96,2.7199,1.8,2.71,2314359,,,5.0330086835408405,5.905880491088318,"rgba(38, 166, 154, 0.75)",0.0,0.0,1.342934927534708,5.925621281025933,-2.952951181563071,-1.0,2.659,2.08,150.0,54.78980085748232,13.535962428906423,True,False,True,False,False,0.0,0,1.0454810578175435,0.9256281027615758,False,False,False,False,-0.15746476447685007,-0.08719094612871546,False,False,False,False,330442401,249870911.6058083,False,False,False,False,8184314.330601912,False,False,False,False
2024-10-25 00:00:00+00:00,1.73,2.08,1.68,1.94,899846,,,5.023318757647725,5.887333716677644,#000000,0.0,0.0,1.297751826435268,5.906898153735493,-3.2185646505378562,0.0,0.0,0.0,0.0,51.48203120521534,10.572490156067332,True,False,False,False,False,0.0,0,1.040447965241493,0.9509298275183999,False,False,False,False,-0.20382632788888175,-0.1455086370087986,False,False,False,False,329542555,255772514.82019287,False,False,False,False,7644724.08389066,False,False,False,False
2024-11-01 00:00:00+00:00,1.49,1.82,1.45,1.7,1025193,,,5.011514435489021,5.865153052623525,#000000,0.0,0.0,1.2844315878695036,5.884516409866556,-3.421370551276907,-1.0,1.68,1.67,150.0,48.67316701930061,8.038799990337225,False,False,False,False,False,0.0,0,1.0283012225446273,0.9603441950438583,False,False,False,False,-0.23401142276067347,-0.18976002988473603,False,False,False,False,328517362,261161022.0186971,False,False,False,False,7154388.448046907,False,False,False,False
2024-11-08 00:00:00+00:00,1.64,1.67,1.2794,1.47,1198792,,,4.997586203132431,5.839164020388238,#000000,0.0,0.0,1.2582494591274225,4.849823345448289,-2.5510230281952633,0.0,0.0,0.0,0.0,47.06073327012071,6.578888305847009,False,False,False,False,False,0.0,0,1.0212312124110787,0.9670115410129264,False,False,False,False,-0.2602913811381653,-0.22502570551145068,False,False,False,False,329716154,266239179.94323805,False,False,False,False,6713233.155598988,False,False,False,False
2024-11-15 00:00:00+00:00,2.8,3.3699,1.74,1.74,11224255,,2.636633333333333,4.912347987458387,5.668965381719781,#000000,0.0,0.0,1.2423464376429711,4.206316678181176,-1.1319843125636486,1.0,2.46,1.67,152.0,48.5738957521485,6.578888305847009,False,False,False,False,False,0.0,0,1.0326557837214392,0.9159287270150183,False,False,False,False,-0.14652308034042333,-0.185774392925937,False,False,False,False,340940409,271772604.31781304,False,False,False,False,7047382.921850915,False,False,False,False
2024-11-22 00:00:00+00:00,2.51,2.99,2.46,2.83,665339,,2.637567861568696,4.907523811947651,5.65949515027745,#000000,0.0,0.0,1.2258138358385375,4.202960978290899,-1.3810914257896283,0.0,0.0,0.0,0.0,49.026278616048415,6.578888305847009,False,False,False,False,False,0.0,0,1.0526913976531853,0.9359361600270019,False,False,False,False,-0.1293407975201504,-0.1575575952230437,False,False,False,False,340275070,276846861.03501207,False,False,False,False,6574638.927639736,False,False,False,False
2024-11-29 00:00:00+00:00,2.61,2.705,2.3,2.57,481064,,2.633708878554937,4.903871281474852,5.6524242711971855,#000000,0.0,0.0,1.2095918874509877,4.198171985612538,-1.3129816776130536,0.0,0.0,0.0,0.0,49.56706700064534,6.578888305847009,False,False,False,False,False,0.0,0,1.046340383314853,0.9476452192062507,False,False,False,False,-0.1633577260903623,-0.160457660656703,False,False,False,False,340756134,281580881.2546408,False,False,False,False,6123263.00707383,False,False,False,False
2024-12-06 00:00:00+00:00,2.34,2.65,2.03,2.6,568129,,2.6208124199097385,4.89921172921458,5.643585603826241,#000000,0.0,0.0,1.1898424341698386,4.188186686578332,-1.5533037261928089,0.0,0.0,0.0,0.0,49.33733208372739,6.578888305847009,False,False,False,False,False,0.0,0,1.0343209591099807,0.9534147552243069,False,False,False,False,-0.18693556978753884,-0.17369661522212093,False,False,False,False,340188005,285922149.680223,False,False,False,False,5711771.599142435,False,False,False,False
2024-12-13 00:00:00+00:00,2.07,2.7,1.9784,2.34,531589,,2.606157794261521,4.894713483270445,5.63513254374415,#000000,0.0,0.0,1.175193166927313,4.177422052035804,-1.7932558760071062,0.0,0.0,0.0,0.0,48.56859970648835,6.578888305847009,False,False,False,False,False,0.0,0,1.0277281217988632,0.9541346134533111,False,False,False,False,-0.18703415892872133,-0.18036538707542113,False,False,False,False,339656416,289902465.7039102,False,False,False,False,5328054.369576328,False,False,False,False
2024-12-20 00:00:00+00:00,1.85,2.125,1.8,2.07,437045,,2.58475220021263,4.890574457710062,5.627551340170814,#000000,0.0,0.0,1.1631567903993454,4.163693752521535,-1.9891503635783934,0.0,0.0,0.0,0.0,47.532989138564304,5.933323393394353,False,False,False,False,False,0.0,0,1.0209427739284243,0.969574960435147,False,False,False,False,-0.23765107065529645,-0.2090082288653588,False,False,False,False,339219371,293555569.7999168,False,False,False,False,4965757.379237341,False,False,False,False
2024-12-27 00:00:00+00:00,2.03,2.25,1.772,1.85,203022,,2.5765881395101013,4.888715405923533,5.624127708280744,#000000,0.0,0.0,1.1579771113469635,4.15820197452603,-1.8378618658968977,0.0,0.0,0.0,0.0,47.28103570949769,5.322054987528922,False,False,False,False,False,0.0,0,1.0181157517429724,0.9665158935441094,False,False,False,False,-0.23909388921240743,-0.22405105903888312,False,False,False,False,339422393,296953112.2591822,False,False,False,False,4612962.165960501,False,False,False,False
2025-01-03 00:00:00+00:00,2.02,2.06,1.64,1.94,317387,,2.5618510399946954,4.885702114624513,5.618624667625338,#000000,0.0,0.0,1.1545909315564047,4.1485671884262985,-1.8435682545652425,0.0,0.0,0.0,0.0,47.07651278595503,4.727975456036681,False,False,False,False,False,0.0,0,1.0150711776426176,0.9806620962667786,False,False,False,False,-0.25986878158108584,-0.24195992030998448,False,False,False,False,339105006,300075474.758502,False,False,False,False,4294771.41292639,False,False,False,False
2025-01-10 00:00:00+00:00,1.93,2.36,1.91,2.09,208940,,2.5547822794031743,4.8838281103716765,5.6151665994361695,#000000,0.0,0.0,1.1516210469633068,4.143561276769585,-1.922126451758149,0.0,0.0,0.0,0.0,46.69819504641496,3.9525385856962743,False,False,False,False,False,0.0,0,1.0182346964032152,0.9729654911871606,False,False,False,False,-0.22323117002154683,-0.23259554516576564,False,False,False,False,338896066,302951074.1097241,False,False,False,False,3992117.2341911015,False,False,False,False
2025-01-17 00:00:00+00:00,1.9674,2.17,1.725,1.94,188694,,2.5471374021683237,4.882070315225674,5.611950538789873,#000000,0.0,0.0,1.152007208865957,4.138376751975376,-1.8845166378016847,0.0,0.0,0.0,0.0,46.547495456948866,3.392686927708837,False,False,False,False,False,0.0,0,1.015454707589539,0.9776221281839259,False,False,False,False,-0.24726260610993242,-0.23992907563784904,False,False,False,False,339084760,305627643.4349297,False,False,False,False,3710382.1798065756,False,False,False,False
2025-01-24 00:00:00+00:00,1.65,2.0,1.59,1.97,542438,,2.518883334383141,4.876671693051815,5.6022141339389995,"rgba(239, 83, 80, 0.5)",0.0,0.0,1.153877894261225,4.1201479234147005,-2.1407359788240186,-1.0,1.725,1.71,165.0,45.57544438020195,2.0535817250292325,False,False,False,True,False,0.0,0,1.01159527683361,0.9793772250592008,False,False,False,False,-0.27831737030798687,-0.25912322297291795,False,False,False,False,338542322,308065767.7730831,False,False,False,False,3475719.6479690517,False,False,False,False
2025-01-31 00:00:00+00:00,1.4199,1.71,1.2998,1.71,289408,,2.499617267468039,4.873551054627431,5.59667698124812,"rgba(239, 83, 80, 0.5)",0.0,0.0,1.1575200144779227,4.108194875905188,-2.322460814742535,-1.0,1.59,1.39,165.0,44.28408892643782,0.4506005614626929,False,False,False,True,False,0.0,0,1.0012761703317723,0.9938891692677612,False,False,False,False,-0.32951071702675633,-0.29431696999983714,False,False,False,False,338252914,310301852.6787806,False,False,False,False,3239696.5629343074,False,False,False,False
2025-02-07 00:00:00+00:00,1.14,1.39,1.071,1.31,286170,,2.47629638122292,4.870220493553399,5.590850268441243,"rgba(239, 83, 80, 1.0)",0.0,0.0,1.1627969356885577,4.094112321650229,-2.5405229674955523,-1.0,1.2998,1.08,164.0,42.6652186275087,-1.4146779463584735,False,True,False,True,False,0.0,0,0.9910166915666376,1.0070836123847304,False,False,False,False,-0.34282825441539394,-0.31857261220761557,False,False,False,False,337966744,312351103.8877598,False,False,False,False,3020916.8175317664,False,False,False,False
2025-02-14 00:00:00+00:00,1.065,1.08,1.03,1.05,275629,,2.4521993894013128,4.866894415304099,5.5850717276552775,"rgba(239, 83, 80, 1.0)",0.0,0.0,1.1527565520270504,2.9149772602909056,-1.6048291003315802,0.0,0.0,0.0,0.0,41.323954797907824,-2.9637493112443565,False,True,False,True,False,0.0,0,0.9807777097769793,1.0345487927664698,True,False,False,False,-0.34282825441539394,-0.3307004333115048,False,False,False,False,337691115,314228141.74792576,True,False,False,False,2817562.164381265,True,False,False,False
2025-02-21 00:00:00+00:00,1.12,1.25,1.0401,1.22,194028,,2.436648205278085,4.864604619707347,5.581083042773891,"rgba(239, 83, 80, 1.0)",0.0,0.0,1.1507686743020105,2.914658011295818,-1.559529774638985,0.0,0.0,0.0,0.0,40.596260816631485,-3.90000479541672,False,True,False,True,False,0.0,0,0.9841659130274836,1.555393757312855,False,False,False,False,-0.3302362930927929,-0.33046836320214884,False,False,False,False,337885143,315980512.21104234,False,False,False,False,2623226.300353023,False,False,False,False
2025-02-28 00:00:00+00:00,1.92,2.7,1.2699,1.32,13585494,1.9632999999999998,2.2222827829787746,4.745042606626208,5.367366695117757,"rgba(239, 83, 80, 1.0)",0.0,0.0,1.1459107022061024,2.969043093586217,-0.9154667039644572,1.0,1.6,1.25,0.0,43.02288984272163,-3.90000479541672,False,True,False,True,False,0.0,1,0.7953906342376243,1.1917518777279106,False,False,False,False,-0.21698870101347145,-0.2737285321078101,False,False,False,False,351470637,318609410.3435577,False,False,False,False,3435246.129956503,False,False,False,False
2025-03-07 00:00:00+00:00,1.89,2.17,1.6,1.78,493963,1.9606113997767574,2.2168459892556207,4.740766111564688,5.359906520634946,"rgba(239, 83, 80, 0.5)",0.0,0.0,1.141973809101472,2.964056577142263,-0.9405264539187222,0.0,0.0,0.0,0.0,44.6619135243014,-3.90000479541672,False,False,False,True,True,0.0,1,0.7776170073810502,1.2882550656750198,False,False,False,False,-0.21690969971866036,-0.24531911591323524,False,False,False,False,350976674,321006985.4292201,False,False,False,False,3217373.3055152805,False,False,False,False
2025-03-14 00:00:00+00:00,2.02,2.14,1.76,1.83,274324,1.9608545365294343,2.2146747816675476,4.738468617508951,5.355880318161615,#000000,0.0,0.0,1.1406518552599472,2.9621444791637943,-0.8259702334408474,0.0,0.0,0.0,0.0,46.27573857567711,-8.977146206791843,False,False,False,False,True,0.0,1,0.7728604703584039,1.2236716623221993,False,False,False,False,-0.1621015558065207,-0.20371033585987797,False,False,False,False,351250998,323247282.65668523,False,False,False,False,2999369.6532548894,False,False,False,False
2025-03-21 00:00:00+00:00,2.64,2.85,1.92,1.98,410519,1.9750112447051333,2.2180366953907513,4.735653864224126,5.350755116654006,#000000,0.0,0.0,1.1418108136583918,2.9660918652769395,-0.28559185232458295,1.0,2.3,2.14,170.0,49.33002235632787,-5.9643364211892305,False,False,False,False,True,0.0,1,0.8926149184655802,1.1801300203915952,False,False,False,False,-0.004291795546410257,-0.10400106570314412,False,False,False,False,351661517,325352040.75619006,False,False,False,False,2807602.9381989716,False,False,False,False
2025-03-28 00:00:00+00:00,2.51,2.96,2.3,2.52,328173,1.9883836525796668,2.221911189919298,4.733527653840626,5.346841178481402,#000000,0.0,0.0,1.1408628432726748,2.2424362691475466,0.2345275178608858,0.0,0.0,0.0,0.0,51.03621433241294,-4.3004809903563554,False,False,False,False,True,0.0,1,0.9107593217708454,1.0672473777467375,False,False,False,False,0.08104653647342736,-0.01147726461485838,False,False,False,False,351333344,327276581.737213,False,False,False,False,2623941.461295344,False,False,False,False
2025-04-04 00:00:00+00:00,2.19,2.58,1.9301,2.38,245808,1.9923096977946875,2.2219998740791147,4.7316733304183005,5.3435385202952785,#000000,0.0,0.0,1.1361660428343832,2.2054026293770708,-0.013556671117054352,0.0,0.0,0.0,0.0,51.124716827894254,-4.165846528137109,False,False,False,False,True,0.0,1,0.8996414350522001,1.0871583562801694,False,False,False,False,0.0786684529748551,0.033595594179998356,False,False,False,False,351087536,329040356.1270491,False,False,False,False,2447783.4271253184,False,False,False,False
2025-04-11 00:00:00+00:00,2.66,2.75,1.9598,2.06,227768,1.9991033596643566,2.2236707859491274,4.730110862033716,5.340703697738921,#000000,0.0,0.0,1.1334598728567447,2.2093827654480407,0.3975590537812642,0.0,0.0,0.0,0.0,52.59438259471599,-2.6585682684667233,True,False,False,False,True,0.0,0,0.9312705546310976,1.026768517183999,False,False,False,False,0.1858432879584968,0.10971944106924758,False,False,False,False,351315304,330690352.2657862,False,False,False,False,2283337.8399308505,False,False,False,False
2025-04-18 00:00:00+00:00,2.49,2.84,2.0,2.615,152710,2.003419117624574,2.2247147538373295,4.729058380232274,5.338797441407933,#000000,0.0,0.0,1.129449257380804,2.211057296073459,0.24697232045059753,0.0,0.0,0.0,0.0,53.03757176194525,-2.128741586745832,True,False,False,False,True,0.0,0,0.9907869937130128,0.9815410367597633,False,False,False,False,0.2126075943835399,0.16116351772639376,False,False,False,False,351162594,332206814.61646867,False,False,False,False,2125513.555491528,False,False,False,False
2025-04-25 00:00:00+00:00,2.36,2.52,1.9834,2.52,209126,2.0071529113082702,2.2251226805005317,4.7275206812021695,5.3360510112110955,#000000,0.0,0.0,1.1211466966675232,2.205320930939485,0.13796505802521672,0.0,0.0,0.0,0.0,52.89024540762081,-2.128741586745832,True,False,False,False,True,0.0,0,0.997622593202184,0.9608119758601772,False,False,False,False,0.14393304944358778,0.15254828358499078,False,False,False,False,350953468,333595455.6078414,False,False,False,False,1983558.921751415,False,False,False,False
2025-05-02 00:00:00+00:00,2.62,2.85,2.26,2.31,196804,2.014103903362105,2.227248983058467,4.726246482790716,5.3337154187853955,#000000,0.0,0.0,1.1133387565336306,2.214015288231107,0.3646551504529697,0.0,0.0,0.0,0.0,53.6040285206713,-1.277348675509721,True,False,False,False,True,0.0,0,1.030275323872563,0.9233780616581246,False,False,False,False,0.2691291648004027,0.21083872419269675,False,False,False,False,351150272,334895812.37763095,False,False,False,False,1851206.7053253842,False,False,False,False
2025-05-09 00:00:00+00:00,2.2,2.6782,2.2,2.62,60196,2.015388153687839,2.2274930151232284,4.72581768628282,5.332945591719263,#000000,0.0,0.0,1.1076286874771586,2.2136451599001723,-0.012319254687463583,0.0,0.0,0.0,0.0,52.61662713224605,-1.277348675509721,True,False,False,False,True,0.0,0,1.0371869077498335,0.9252036060031757,False,False,False,False,0.22051571843099108,0.21567722131184391,False,False,False,False,351090076,336095387.4607694,False,False,False,False,1718539.245671652,False,False,False,False
2025-05-16 00:00:00+00:00,2.17,3.95,1.8,3.375,14178165,2.307053510691449,2.352526551850696,4.640456082875574,5.1782113845012505,#000000,0.0,0.0,1.106594255967557,2.5474647276830114,-0.3411049042116823,0.0,0.0,0.0,0.0,51.808342036275135,-1.277348675509721,False,False,False,False,True,0.0,1,0.9887894753249993,0.9513607881036258,False,False,False,False,0.34282821371992334,0.27925271751588365,False,False,False,False,336911911,336155870.6858976,False,False,False,False,2641474.486733011,False,False,False,False
2025-05-23 00:00:00+00:00,2.28,2.5899,1.9701,2.16,761731,2.3063914177516627,2.3513644117067423,4.63527751219491,5.16929206330143,#000000,0.0,0.0,1.1015826870232666,2.5342627427397137,-0.23081584862847762,0.0,0.0,0.0,0.0,51.625022787490046,-1.277348675509721,False,False,False,False,True,0.0,1,0.9547565459471861,1.0124067632670526,False,False,False,False,0.1147315242433436,0.19699212087961362,False,False,False,False,337673642,336268298.19064593,False,False,False,False,2502234.2284564916,False,False,False,False
2025-05-30 00:00:00+00:00,2.68,2.7377,2.29,2.4,317430,2.3090449814359433,2.3528095611974935,4.633390376809333,5.165961830235921,#000000,0.0,0.0,1.101346526768517,2.5342438107808016,0.13234362271687977,0.0,0.0,0.0,0.0,52.842768055607706,-1.277348675509721,False,False,False,False,True,0.0,1,0.9839441320066745,0.9850009270131636,False,False,False,False,0.20172597245415871,0.19935904666688617,False,False,False,False,337991072,336395911.0654129,False,False,False,False,2340396.8782004556,False,False,False,False
2025-06-06 00:00:00+00:00,2.73,2.9,2.5,2.74,313020,2.3129973047527197,2.3551307473990684,4.631659508560035,5.162863775987161,#000000,0.0,0.0,1.1025155173870025,2.5366448624099425,0.17537634123129212,0.0,0.0,0.0,0.0,53.87366837242898,-0.3400281988939611,True,False,False,False,True,0.0,1,1.0137961280621515,0.9711797506421904,False,False,False,False,0.27313380310450136,0.23624642488569375,False,False,False,False,338304092,336537257.8013082,False,False,False,False,2190220.81314857,False,False,False,False
2025-06-13 00:00:00+00:00,2.4,2.74,2.37,2.63,832581,2.317860170692037,2.3576488753071567,4.626577318718655,5.153970289228115,#000000,0.0,0.0,1.101409458285088,2.5337278537988808,-0.1214152037581893,0.0,0.0,0.0,0.0,53.27317182642045,-0.3400281988939611,True,False,False,False,True,0.0,1,1.0090842697349034,0.9839840096352197,False,False,False,False,0.21731349306044248,0.22677995897306813,False,False,False,False,337471511,336606461.74195206,False,False,False,False,2089654.9010634907,False,False,False,False
2025-06-20 00:00:00+00:00,2.96,3.2,2.32,2.32,639593,2.327654166737768,2.3636919297167767,4.623281639614131,5.148007037708896,"rgba(38, 166, 154, 1.0)",0.0,0.0,1.1059131457628226,2.5421190885840312,0.3778605155540747,1.0,2.93,2.74,189.0,54.6488723062765,0.6300030803171381,True,False,True,False,True,0.0,1,1.0167157457128009,0.9205043181312019,False,False,False,False,0.29670752964332625,0.2617437443081972,False,False,False,False,338111104,336717916.7240297,False,False,False,False,1982242.908392121,False,False,False,False
2025-06-27 00:00:00+00:00,3.51,3.57,2.93,3.16,1341383,2.3668071799759565,2.3892918216701315,4.618359803753928,5.138325336092827,"rgba(38, 166, 154, 1.0)",0.0,0.0,1.1185003092654369,2.5902439516320204,0.8223118409077771,0.0,0.0,0.0,0.0,57.08192683362249,3.0526123502109,True,False,True,False,True,0.0,1,1.0556276950215602,0.9062867502940024,False,False,False,False,0.34282822067245206,0.3022859824903246,False,False,False,False,339452487,336920477.48521274,False,False,False,False,1934771.8040667786,False,False,False,False
2025-07-04 00:00:00+00:00,3.51,3.851,3.2,3.44,414755,2.380483060081517,2.398418970002862,4.617062574362158,5.135655714724265,"rgba(38, 166, 154, 1.0)",0.0,0.0,1.1304871034275745,2.607397481069601,0.7984191205664868,0.0,0.0,0.0,0.0,58.8198229245839,4.750428137264308,True,False,True,False,True,0.0,1,1.0791307814028774,0.8791476922705257,False,False,False,False,0.3428282244353261,0.3225571034628254,False,False,False,False,339452487,337108033.7455674,False,False,False,False,1822177.9667284987,False,False,False,False
2025-07-11 00:00:00+00:00,3.84,4.0,3.38,3.49,294555,2.3918343668395425,2.4060637747805154,4.616327307346027,5.1340222198941055,"rgba(38, 166, 154, 1.0)",0.0,0.0,1.1481327404768171,2.6221128040992268,1.0607546958333294,0.0,0.0,0.0,0.0,60.87157547743607,6.722873283254671,True,False,True,False,True,1.0690010058449602,1,1.072946184105121,0.8894030154118393,False,False,False,False,0.3428282263069468,0.33269266488488614,False,False,False,False,339747042,337303515.83848834,False,False,False,False,1709020.7099337953,False,False,False,False
2025-07-18 00:00:00+00:00,3.38,4.37,3.11,3.84,1059331,2.427638604072218,2.4304419070530296,4.613332461895707,5.12767603413939,"rgba(38, 166, 154, 1.0)",0.0,0.0,1.157195421615926,2.9687146846035617,0.3554156089056357,0.0,0.0,0.0,0.0,60.39213768934415,6.722873283254671,True,False,True,False,True,0.0,1,1.0647117840204303,0.8626185698650127,False,False,False,False,0.3428282268303816,0.3377604458576339,False,False,False,False,338687711,337406048.8134151,False,False,False,False,1660895.5462349956,False,False,False,False
2025-07-25 00:00:00+00:00,3.32,3.69,3.0528,3.43,207897,2.432909953801844,2.4340685303568326,4.612590158875815,5.126218398563888,"rgba(38, 166, 154, 1.0)",0.0,0.0,1.1649399281685273,2.9623283081446807,0.30703015941571893,0.0,0.0,0.0,0.0,59.80936786116605,6.722873283254671,True,False,True,False,True,0.0,1,1.0682626508193769,0.8930758148748424,False,False,False,False,0.24413158879069718,0.29094601732416553,False,False,False,False,338479814,337485586.97538435,False,False,False,False,1553266.0242916625,False,False,False,False
2025-08-01 00:00:00+00:00,3.31,3.55,2.96,3.37,116690,2.4355849022868794,2.435913721643598,4.612147123509479,5.125363974352642,"rgba(38, 166, 154, 1.0)",0.0,0.0,1.1723195480447215,2.9580947296680096,0.30017862528943007,0.0,0.0,0.0,0.0,59.35090727304204,6.722873283254671,True,False,True,False,True,0.0,1,1.0785764426666071,0.8857900542636523,False,False,False,False,0.21398967206106273,0.25246784469261413,False,False,False,False,338363124,337550589.7179485,False,False,False,False,1446852.985455243,False,False,False,False
2025-08-08 00:00:00+00:00,3.32,3.58,3.0932,3.27,117721,2.4384510731021996,2.4378947821112287,4.611719731573414,5.124529644497869,"rgba(38, 166, 154, 1.0)",0.0,0.0,1.179735360700161,2.956179305327475,0.308391785812541,0.0,0.0,0.0,0.0,59.05573007609159,6.722873283254671,True,False,True,False,True,0.0,1,1.0996445019433527,0.868963305744915,False,False,False,False,0.23507677989053244,0.24377231229157328,False,False,False,False,338480845,337619497.51661897,False,False,False,False,1348398.7643104102,False,False,False,False
2025-08-15 00:00:00+00:00,3.09,3.5617,2.82,3.29,177132,2.441896152265136,2.4402822256549874,4.610989963751388,5.123154170172772,"rgba(38, 166, 154, 0.75)",0.0,0.0,1.1836983484085284,2.948712093986513,0.11936141180178832,0.0,0.0,0.0,0.0,57.80382810178333,6.722873283254671,True,False,True,False,False,0.0,1,1.0870826433035952,0.8610075324536567,False,False,False,False,0.19267859681830532,0.2182254545549393,False,False,False,False,338303713,337670180.14501756,False,False,False,False,1261638.26325038,False,False,False,False
2025-08-22 00:00:00+00:00,3.05,3.32,2.9,3.08,33259,2.4424788830378388,2.440686863151533,4.610846688017119,5.1228872950002975,"rgba(38, 166, 154, 0.75)",0.0,0.0,1.1838852969106823,2.947129116743935,0.08689260988754895,0.0,0.0,0.0,0.0,56.72983917599163,6.722873283254671,True,False,True,False,False,0.0,1,1.0898088128859797,0.8842998346461268,False,False,False,False,0.10624702349228418,0.16223623902361173,False,False,False,False,338270454,337714644.8750163,False,False,False,False,1170647.2067133149,False,False,False,False
