date,Close,High,Low,Open,Volume,Gap_Up_aVWAP_182,Gap_Up_aVWAP_173,Gap_Up_aVWAP_158,Gap_Up_aVWAP_152,Gap_Up_aVWAP_138,Gap_Up_aVWAP_134,Gap_Up_aVWAP_112,Gap_Up_aVWAP_109,Gap_Down_aVWAP_24,aVWAP_OB_bull_42,color,Liquidity,Liquidity_Level,StDev,StDev_Mean,StdDev_ZScore,FVG,FVG_High,FVG_Low,FVG_Mitigated_Index,QQEMOD,QQE1_Value,QQE1_Above_Upper,QQE1_Below_Lower,QQE2_Above_Threshold,QQE2_Below_Threshold,QQE2_Above_TL,banker_RSI,TTM_squeeze_Active,VI_plus,VI_minus,VI_Regular_Bullish,VI_Regular_Bearish,VI_Hidden_Bullish,VI_Hidden_Bearish,Fisher,Fisher_Signal,Fisher_Regular_Bullish,Fisher_Regular_Bearish,Fisher_Hidden_Bullish,Fisher_Hidden_Bearish,OBV,OBV_Smoothed,OBV_Regular_Bullish,OBV_Regular_Bearish,OBV_Hidden_Bullish,OBV_Hidden_Bearish,Volume_MA,Vol_Regular_Bullish,Vol_Regular_Bearish,Vol_Hidden_Bullish,Vol_Hidden_Bearish
2021-12-31 00:00:00+00:00,43.2462647335,43.2462647335,43.2118740658,43.2204717327,2290170,,,,,,,,,,,#000000,1.0,43.02931,,,,0.0,0.0,0.0,0.0,,,False,False,False,False,False,,0,,,False,False,False,False,,,False,False,False,False,0,0.0,False,False,False,False,2290170.0,False,False,False,False
2022-01-07 00:00:00+00:00,43.2032763988,43.2376670666,43.2032763988,43.2204717327,2420313,,,,,,,,,,,"rgba(239, 83, 80, 0.5)",0.0,0.0,,,,0.0,0.0,0.0,0.0,0.0,,False,False,False,True,False,,0,,,False,False,False,False,,,False,False,False,False,-2420313,-179282.44444444444,False,False,False,False,2299810.2222222225,False,False,False,False
2022-01-14 00:00:00+00:00,43.1860810649,43.2118740658,43.1860810649,43.2032763988,2585566,,,,,,,,,,,"rgba(239, 83, 80, 0.5)",0.0,0.0,,,,0.0,0.0,0.0,0.0,0.0,-50.0,False,False,False,True,True,,0,,,False,False,False,False,,,False,False,False,False,-5005879,-536808.1152263375,False,False,False,False,2320977.316872428,False,False,False,False
2022-01-21 00:00:00+00:00,43.168885731,43.1861670416,43.1602880641,43.177483398,2074673,,,,,,,,,,,"rgba(239, 83, 80, 0.5)",0.0,0.0,,,,0.0,0.0,0.0,0.0,0.0,-50.0,False,False,False,True,True,,0,,,False,False,False,False,,,False,False,False,False,-7080552,-1021529.8844688309,False,False,False,False,2302732.5526596555,False,False,False,False
2022-01-28 00:00:00+00:00,43.1261258785,43.1949350143,43.1261258785,43.1691315883,3612665,,,,,,,,,,,"rgba(239, 83, 80, 0.5)",0.0,0.0,,,,0.0,0.0,0.0,0.0,0.0,-50.0,False,False,False,True,True,,0,,,False,False,False,False,,,False,False,False,False,-10693217,-1737951.1522859544,False,False,False,False,2399764.585795977,False,False,False,False
2022-02-04 00:00:00+00:00,43.1089235945,43.1433281624,43.1003224525,43.1261258785,3904099,,,,,,,,,,,"rgba(239, 83, 80, 0.5)",0.0,0.0,,,,0.0,0.0,0.0,0.0,0.0,-50.0,False,False,False,True,True,,0,,,False,False,False,False,,,False,False,False,False,-14597316,-2690496.6965610688,False,False,False,False,2511196.764625905,False,False,False,False
2022-02-11 00:00:00+00:00,43.0573167426,43.1175247365,43.0401144587,43.1089235945,4131538,,,,,,,,,,,"rgba(239, 83, 80, 0.5)",0.0,0.0,,,,0.0,0.0,0.0,0.0,0.0,-50.0,False,False,False,True,True,,0,,,False,False,False,False,,,False,False,False,False,-18728854,-3878523.1634824714,False,False,False,False,2631222.0413202825,False,False,False,False
2022-02-18 00:00:00+00:00,43.0659178846,43.0831201686,43.0401144587,43.0401144587,2124097,,,,,,,,,,,"rgba(239, 83, 80, 0.5)",0.0,0.0,,,,0.0,0.0,0.0,0.0,1.5343698393397296,-48.54954101124916,False,False,False,True,True,,0,,,False,False,False,False,,,False,False,False,False,-16604757,-4821207.151372658,False,False,False,False,2593657.2234447063,False,False,False,False
2022-02-25 00:00:00+00:00,43.0401144587,43.0659282019,43.0229052966,43.0487190397,2313358,,,,,,,,,,,"rgba(239, 83, 80, 0.5)",0.0,0.0,,,,0.0,0.0,0.0,0.0,2.4044793180377892,-47.78994878260907,False,False,False,True,True,,0,,,False,False,False,False,,,False,False,False,False,-18918115,-5865422.547567276,False,False,False,False,2572894.3180043576,False,False,False,False
2022-03-04 00:00:00+00:00,43.0487190397,43.1003465261,43.0229052966,43.0315098776,2424516,,,,,,,,,,,"rgba(239, 83, 80, 0.5)",0.0,0.0,,,,0.0,0.0,0.0,0.0,4.388225434562977,-45.99626561233438,False,False,False,True,True,,0,,,False,False,False,False,,,False,False,False,False,-16493599,-6652694.877377108,False,False,False,False,2561903.3314855164,False,False,False,False
2022-03-11 00:00:00+00:00,42.9626732291,43.0401144587,42.945464067,43.0315098776,2747850,,,,,,,,,,,"rgba(239, 83, 80, 0.5)",0.0,0.0,,,,0.0,0.0,0.0,0.0,4.873937146293677,-45.67662553045422,False,False,False,True,True,,0,,,False,False,False,False,,,False,False,False,False,-19241449,-7585195.182756581,False,False,False,False,2575677.1587828854,False,False,False,False
2022-03-18 00:00:00+00:00,42.9196503238,42.9540686481,42.8852319996,42.936859486,2321201,,,,,,,,,,,"rgba(239, 83, 80, 0.5)",0.0,0.0,,,,0.0,0.0,0.0,0.0,4.947086525505961,-45.67662553045422,False,False,False,True,True,,0,,,False,False,False,False,,,False,False,False,False,-21562650,-8620562.206256093,False,False,False,False,2556827.072947116,False,False,False,False
2022-03-25 00:00:00+00:00,42.8967580984,42.9225839612,42.8795408565,42.9139753402,2209879,,,,,,,,,,,"rgba(239, 83, 80, 0.5)",0.0,0.0,,,,0.0,0.0,0.0,0.0,4.878646511040598,-45.67662553045422,False,False,False,True,True,,0,,,False,False,False,False,,,False,False,False,False,-23772529,-9742930.116903791,False,False,False,False,2531127.215691774,False,False,False,False
2022-04-01 00:00:00+00:00,42.8623236146,42.9139753402,42.8451063728,42.8795408565,2710401,,,,,,,,,,,"rgba(239, 83, 80, 0.5)",0.0,0.0,,,,0.0,0.0,0.0,0.0,4.672180556275907,-45.67662553045422,False,False,False,True,True,,0,,,False,False,False,False,,,False,False,False,False,-26482930,-10982930.108244251,False,False,False,False,2544406.755270161,False,False,False,False
2022-04-08 00:00:00+00:00,42.875236546,42.9053667193,42.8623236146,42.8623236146,2395423,,,,,,,,,,,"rgba(239, 83, 80, 0.5)",0.0,0.0,,,,0.0,0.0,0.0,0.0,5.755794306112786,-45.167354829214936,False,False,False,True,True,,0,,,False,False,False,False,,,False,False,False,False,-24087507,-11953639.507633567,False,False,False,False,2533370.9215464457,False,False,False,False
2022-04-15 00:00:00+00:00,42.8709322356,42.9053667193,42.8623236146,42.8623236146,1887094,,,,,,,,,,,"rgba(239, 83, 80, 0.5)",0.0,0.0,,,,0.0,0.0,0.0,0.0,6.491586187366581,-44.531588352075715,False,False,False,True,True,,0,,,False,False,False,False,,,False,False,False,False,-25974601,-12992229.247808859,False,False,False,False,2485498.5569874495,False,False,False,False
2022-04-22 00:00:00+00:00,42.8444222638,42.878876966,42.8099675615,42.8616496149,2498010,,,,,,,,,,,"rgba(239, 83, 80, 0.5)",0.0,0.0,,,,0.0,0.0,0.0,0.0,6.792380554240795,-44.307838524986366,False,False,False,True,True,,0,,,False,False,False,False,,,False,False,False,False,-28472611,-14138924.19241561,False,False,False,False,2486425.330543935,False,False,False,False
2022-04-29 00:00:00+00:00,42.8271949126,42.8702632904,42.8271949126,42.8358085882,2460458,,,,,,,,,,,"rgba(239, 83, 80, 0.5)",0.0,0.0,,,,0.0,0.0,0.0,0.0,6.874255291809916,-44.27223761478792,False,False,False,True,True,,0,,,False,False,False,False,,,False,False,False,False,-30933069,-15382934.918903342,False,False,False,False,2484501.8245777176,False,False,False,False
2022-05-06 00:00:00+00:00,42.8228880748,42.8444222638,42.7755128592,42.8358085882,2588267,,,,,,,,,,,"rgba(239, 83, 80, 0.5)",-1.0,42.738083,,42.81427439926667,,0.0,0.0,0.0,0.0,6.8998587475597635,-44.26554879543947,False,False,False,True,True,,0,,,False,False,False,False,,,False,False,False,False,-33521336,-16726520.18416976,False,False,False,False,2492188.133868257,False,False,False,False
2022-05-13 00:00:00+00:00,42.8358085882,42.8577734609,42.7755128592,42.8358085882,2038102,,,,,,,,,,,"rgba(239, 83, 80, 0.5)",0.0,0.0,,42.82058197556634,,0.0,0.0,0.0,0.0,8.238105597651536,-42.99675934559755,False,False,False,True,True,,0,,,False,False,False,False,,,False,False,False,False,-31483234,-17819610.09645348,False,False,False,False,2458552.12395209,False,False,False,False
2022-05-20 00:00:00+00:00,42.8185812371,42.8358085882,42.7927402104,42.8271949126,2331540,,,,,,,,,,,"rgba(239, 83, 80, 0.5)",0.0,0.0,,42.81822280355888,,0.0,0.0,0.0,0.0,8.974768982201965,-42.33426579721775,False,False,False,True,True,,0,,,False,False,False,False,,,False,False,False,False,-33814774,-19004437.052271742,False,False,False,False,2449143.8184741572,False,False,False,False
2022-05-27 00:00:00+00:00,42.8600785401,42.8686988295,42.8083568042,42.8169770935,2268921,,,,,,,,,,,"rgba(239, 83, 80, 0.5)",0.0,0.0,,42.826256852302976,,0.0,0.0,0.0,0.0,13.221068934722963,-38.356517985739956,False,False,False,True,True,,0,,,False,False,False,False,,,False,False,False,False,-31545853,-19933430.826177537,False,False,False,False,2435793.980068664,False,False,False,False
2022-06-03 00:00:00+00:00,42.8428379615,42.8600785401,42.8255973828,42.8255973828,1739307,,,,,,,,,,,"rgba(239, 83, 80, 0.5)",0.0,0.0,,42.82924507966494,,0.0,0.0,0.0,0.0,15.838545796706772,-36.063144826999846,False,False,False,True,True,,0,,,False,False,False,False,,,False,False,False,False,-33285160,-20922447.80201624,False,False,False,False,2384202.35191543,False,False,False,False
2022-06-10 00:00:00+00:00,42.7911162255,42.8514582508,42.7824959362,42.8342176721,1801995,,,,,,,,,,,"rgba(239, 83, 80, 0.5)",0.0,0.0,,42.825886360643956,,0.0,0.0,0.0,0.0,16.659532628300482,-35.505483694559466,False,False,False,True,True,,0,,,False,False,False,False,,,False,False,False,False,-35087155,-21971685.372237258,False,False,False,False,2341075.8814031756,False,False,False,False
2022-06-17 00:00:00+00:00,42.7049133322,42.7652553575,42.6876727536,42.7480147789,3499829,,,,,,,,,42.71928048109999,,"rgba(239, 83, 80, 0.5)",0.0,0.0,,42.773596974326246,,0.0,0.0,0.0,0.0,16.03502924370809,-35.505483694559466,False,False,False,True,True,,0,,,False,False,False,False,,,False,False,False,False,-38586984,-23202448.23355302,False,False,False,False,2426909.445743681,False,False,False,False
2022-06-24 00:00:00+00:00,42.7381611193,42.7554186041,42.7036461497,42.7036461497,1463888,,,,,,,,,42.723152202914584,,"rgba(239, 83, 80, 0.5)",0.0,0.0,,42.770809922264725,,0.0,0.0,0.0,0.0,17.68037780492397,-34.89417268995811,False,False,False,True,True,,0,,,False,False,False,False,-0.33831337081811175,-0.33831337081811175,False,False,False,False,-37123096,-24233607.327363905,False,False,False,False,2355574.5238367417,False,False,False,False
2022-07-01 00:00:00+00:00,42.7813048313,42.7899335737,42.7122748921,42.7381611193,2160569,,,,,,,,,42.73468212301722,,"rgba(239, 83, 80, 0.5)",0.0,0.0,,42.772057021368234,,0.0,0.0,0.0,0.0,21.231776298825558,-31.655708683390106,False,False,False,True,True,,0,0.6619943013181777,1.2646717063085429,False,False,False,False,-0.30631437410978957,-0.32231387246395066,False,False,False,False,-34962527,-25028342.11792954,False,False,False,False,2341129.6702192053,False,False,False,False
2022-07-08 00:00:00+00:00,42.7467898617,42.7899335737,42.7381611193,42.7640473465,1593137,,,,,,,,,42.7389974248585,,"rgba(239, 83, 80, 0.5)",0.0,0.0,,42.77178707108762,,0.0,0.0,0.0,0.0,23.04984187555887,-30.131542081902047,False,False,False,True,True,,0,0.6919418460039113,1.2631597777178116,False,False,False,False,-0.28497601964498365,-0.3036449460544671,False,False,False,False,-36555664,-25882217.812897723,False,False,False,False,2285722.8057585238,False,False,False,False
2022-07-15 00:00:00+00:00,42.7467898617,42.7813048313,42.7209036345,42.7467898617,2094604,,,,,,,,,42.741064259211264,,"rgba(239, 83, 80, 0.5)",0.0,0.0,,42.77006062546726,,0.0,0.0,0.0,0.0,24.34846014465409,-29.07924927798479,False,False,False,True,True,,0,0.69868296559202,1.2464508564582124,False,False,False,False,-0.3025005404908295,-0.3030727432726483,False,False,False,False,-36555664,-26672843.456386782,False,False,False,False,2271565.8571838182,False,False,False,False
2022-07-22 00:00:00+00:00,42.8061566468,42.8061566468,42.7370447895,42.7370447895,1605136,,,,,,,,,42.74650061837948,,"rgba(239, 83, 80, 0.5)",0.0,0.0,,42.77181228113539,,1.0,42.7975176647,42.7813048313,40.0,28.205102362231585,-25.568552156229213,False,False,False,True,True,,0,0.7327029074205538,1.2085606189063705,False,False,False,False,-0.26757776665307215,-0.2853252549628602,False,False,False,False,-34950528,-27286005.274432205,False,False,False,False,2222200.6825776096,False,False,False,False
2022-07-29 00:00:00+00:00,42.8407125755,42.8493515577,42.7975176647,42.7975176647,1737007,,,,,,,,,42.756648784306,,"rgba(239, 83, 80, 0.5)",0.0,0.0,,42.777224791714,,1.0,42.814795629,42.8061566468,32.0,32.40068909694126,-21.808312433211682,False,False,False,True,True,,0,0.7890640866000707,1.189239315905358,False,False,False,False,-0.16973272581132787,-0.22752899038709404,False,False,False,False,-33213521,-27725080.513363153,False,False,False,False,2186260.409794083,False,False,False,False
2022-08-05 00:00:00+00:00,42.8234346112,42.866629522,42.814795629,42.8320735933,1316418,,,,,,,,,42.76331184155201,,"rgba(239, 83, 80, 0.5)",0.0,0.0,,42.78099668538662,,0.0,0.0,0.0,0.0,34.88707921149782,-19.725443684963086,False,False,False,True,True,,0,0.8170244290846513,1.1453452805713809,False,False,False,False,-0.11652478246545955,-0.17202688642627678,False,False,False,False,-34529939,-28229144.10496588,False,False,False,False,2121827.638698225,False,False,False,False
2022-08-12 00:00:00+00:00,42.866629522,42.8752685042,42.814795629,42.8234346112,1551042,,,,,,,,,42.771414337500104,,"rgba(239, 83, 80, 0.5)",0.0,0.0,,42.78596817292809,,0.0,0.0,0.0,0.0,38.352202465666,-16.686694734579568,False,False,False,True,True,,0,0.8529314118528641,1.1252375756018504,False,False,False,False,-0.0968175805001943,-0.13442223346323554,False,False,False,False,-32978897,-28580977.652746186,False,False,False,False,2079547.221016875,False,False,False,False
2022-08-19 00:00:00+00:00,42.8925464685,42.9011854507,42.866629522,42.8839074864,1374701,,,,,,,,,42.780035791239115,,"rgba(239, 83, 80, 0.5)",0.0,0.0,,42.79171867324137,,1.0,42.8777956531,42.8752685042,38.0,41.74494740820999,-13.727200588662242,False,False,False,True,True,,0,0.8849103324205418,1.0877769890704208,False,False,False,False,-0.01996548228114164,-0.07719385787218859,False,False,False,False,-31604196,-28804919.752542764,False,False,False,False,2027336.3898304398,False,False,False,False
2022-08-26 00:00:00+00:00,42.9037507352,42.9124024292,42.8777956531,42.8950990411,1988098,,,,,,,,,42.79153920342203,,"rgba(239, 83, 80, 0.5)",0.0,0.0,,42.799739142221064,,0.0,0.0,0.0,0.0,44.556719408904804,-11.315402697971585,False,False,False,True,True,,0,0.9023268732973733,1.0701929857588928,False,False,False,False,0.0020755520395220376,-0.03755915291633328,False,False,False,False,-29616098,-28865007.03013219,False,False,False,False,2024429.8424355923,False,False,False,False
2022-09-02 00:00:00+00:00,42.9297058173,42.9383575113,42.8950990411,42.9037507352,1854319,,,,,,,,,42.80233846139238,,#000000,0.0,0.0,,42.80764399255009,,1.0,42.9210541233,42.9124024292,37.0,47.44324499870956,-8.801212246411268,False,False,False,False,True,,0,0.9113982561924782,1.077249309208286,False,False,False,False,0.1424635682717616,0.05245220767771416,False,False,False,False,-27761779,-28783286.435307585,False,False,False,False,2011829.0392922151,False,False,False,False
2022-09-09 00:00:00+00:00,42.9210541233,42.9729642875,42.9210541233,42.9210541233,2799757,,,,,,,,,42.81754784738803,,#000000,0.0,0.0,,42.84904091330103,,0.0,0.0,0.0,0.0,49.15882717726237,-7.3669504140114555,False,False,False,False,True,,0,0.9836068321090212,1.0219644572541589,False,False,False,False,0.3428279185852037,0.19764006313145893,False,False,False,False,-30561536,-28915008.625284802,False,False,False,False,2070194.0734187178,False,False,False,False
2022-09-16 00:00:00+00:00,42.9037507352,42.9383575113,42.8864473471,42.9297058173,2132806,,,,,,,,,42.824767065712024,,#000000,0.0,0.0,,42.85019751839134,,-1.0,42.9210541233,42.8984199434,45.0,49.691687413093675,-6.976651587486906,False,False,False,False,True,,0,1.0067250276432893,0.993060213224024,False,False,False,False,0.2304296845956974,0.21403487386357817,False,False,False,False,-32694342,-29194959.245634075,False,False,False,False,2074831.9939062202,False,False,False,False
2022-09-23 00:00:00+00:00,42.8377432532,42.8984199434,42.8377432532,42.8897518448,2409524,,,,,,,,,42.827471533507016,,#000000,0.0,0.0,,42.84626734956755,,-1.0,42.8864473471,42.863747549,45.0,47.79262808217004,-6.976651587486906,False,False,False,False,True,,0,0.9740774590891342,0.9952691950450354,False,False,False,False,0.09407885265034546,0.15405686325696183,False,False,False,False,-35103866,-29632656.042253774,False,False,False,False,2099623.994357611,False,False,False,False
2022-09-30 00:00:00+00:00,42.8117389575,42.863747549,42.7987368096,42.8377432532,3905604,,,,,,,,,42.82715307709943,,"rgba(239, 83, 80, 0.5)",0.0,0.0,,42.83924354515504,,-1.0,42.8377432532,42.8290751547,45.0,45.67464358483581,-6.976651587486906,False,False,False,True,False,,0,0.9709242312040699,1.0128479413307907,False,False,False,False,-0.0164442337545541,0.06880631475120387,False,False,False,False,-39009470,-30327234.85393868,False,False,False,False,2233400.291071862,False,False,False,False
2022-10-07 00:00:00+00:00,42.8030708589,42.8290751547,42.790068711,42.8030708589,2741982,,,,,,,,,42.82565841842648,,"rgba(239, 83, 80, 0.5)",0.0,0.0,,42.8349399354093,,0.0,0.0,0.0,0.0,43.91218824887584,-6.976651587486906,False,False,False,True,False,,0,0.953326435268549,1.0305221624601961,False,False,False,False,-0.08147255440966622,-0.006333119829231175,False,False,False,False,-41751452,-31173473.161054336,False,False,False,False,2271073.010251724,False,False,False,False
2022-10-14 00:00:00+00:00,42.7770665631,42.8204070561,42.7599037279,42.8030708589,1923634,,,,,,,,,42.82364836853093,,"rgba(239, 83, 80, 0.5)",0.0,0.0,,42.83133848356866,,0.0,0.0,0.0,0.0,41.919373066330074,-1.1028622379784707,False,False,False,True,False,,0,0.9336952379433727,1.0359634891385405,False,False,False,False,-0.14031198051280044,-0.07332255017101581,False,False,False,False,-43675086,-32099518.556531794,False,False,False,False,2245336.7872701148,False,False,False,False
2022-10-21 00:00:00+00:00,42.7857346617,42.7944027603,42.7510622673,42.7770665631,1622919,,,,,,,,,42.82174771368479,42.7770665631,"rgba(239, 83, 80, 0.5)",0.0,0.0,,42.817008505085475,,0.0,0.0,0.0,0.0,40.90484463361472,-2.134990468871756,False,False,False,True,False,,0,0.9621533296625793,1.036258888170198,False,False,False,False,-0.1939330388532394,-0.1336277945121276,False,False,False,False,-42052167,-32836751.774566475,False,False,False,False,2199231.765990847,False,False,False,False
2022-10-28 00:00:00+00:00,42.7966639033,42.8053518172,42.7706001615,42.7879759894,2341976,,,,,,,,,42.82003082125667,42.78522110685755,"rgba(239, 83, 80, 0.5)",0.0,0.0,,42.81662541477991,,0.0,0.0,0.0,0.0,40.7039911921086,-2.447087159799139,False,False,False,True,False,,0,0.9635191944085888,1.0230770116724845,False,False,False,False,-0.14696954247073993,-0.14029866849143377,False,False,False,False,-39710191,-33345895.420894887,False,False,False,False,2209805.412954488,False,False,False,False
2022-11-04 00:00:00+00:00,42.7966639033,42.8053518172,42.7706001615,42.7966639033,1838548,,,,,,,,,42.818811179408456,42.787011314148124,"rgba(239, 83, 80, 0.5)",0.0,0.0,,42.815472562574406,,0.0,0.0,0.0,0.0,40.560524448175656,-2.7748930797628546,False,False,False,True,False,,0,0.9988625314512054,1.005521113624666,False,False,False,False,-0.14696954247073993,-0.14363410548108685,False,False,False,False,-39710191,-33817324.72305082,False,False,False,False,2182304.863846748,False,False,False,False
2022-11-11 00:00:00+00:00,42.8835430423,42.9182946979,42.7879759894,42.7879759894,3937723,,,,,,,,,42.822466632353944,42.81783826819099,"rgba(239, 83, 80, 0.5)",0.0,0.0,,42.82587886040326,,0.0,0.0,0.0,0.0,44.10568075864618,-2.7748930797628546,False,False,False,True,False,,0,1.010679120219629,0.9378254178888613,False,False,False,False,0.049113815384211716,-0.04726014504843756,False,False,False,False,-35772468,-33962150.150972985,False,False,False,False,2312335.836895137,False,False,False,False
2022-11-18 00:00:00+00:00,42.9182946979,42.9356705258,42.8661672145,42.8922309562,2871542,,,,,,,,,42.82723195948085,42.83807192810765,#000000,0.0,0.0,,42.83479216600137,,0.0,0.0,0.0,0.0,47.764384371990495,-8.906211520469903,False,False,False,False,True,,0,1.0510925063746706,0.9127194721838829,False,False,False,False,0.19448613527421574,0.07361299511288909,False,False,False,False,-32900926,-33883540.95460462,False,False,False,False,2353758.5156436455,False,False,False,False
2022-11-25 00:00:00+00:00,42.9794351678,42.9794351678,42.9184837808,42.9184837808,1126257,,,,,,,,,42.83009445129611,42.847994730115666,#000000,0.0,0.0,,42.83965482533991,,0.0,0.0,0.0,0.0,52.05766707940978,-4.787441476930155,False,False,False,False,True,,0,1.0753683557848255,0.9054015940760402,False,False,False,False,0.34282792152889924,0.20822045832089417,False,False,False,False,-31774669,-33727328.2172265,False,False,False,False,2262832.47744782,False,False,False,False
2022-12-02 00:00:00+00:00,43.0665085778,43.0665085778,42.9794351678,42.9794351678,2222394,,,,,,,,,42.83861177619224,42.87437845195473,"rgba(38, 166, 154, 0.5)",0.0,0.0,,42.85342848276607,,0.0,0.0,0.0,0.0,56.95639928737228,-0.18326512368057024,False,False,True,False,True,,0,1.1009305800761362,0.8470583958525543,False,False,False,False,0.3428280046218774,0.27552423147138577,False,False,False,False,-29552275,-33418065.01595046,False,False,False,False,2259837.0346739073,False,False,False,False
2022-12-09 00:00:00+00:00,43.0926306008,43.1013379418,43.0490938958,43.0490938958,2329775,,,,,,,,,42.84861756295356,42.900698865234645,"rgba(38, 166, 154, 0.5)",0.0,0.0,,42.86834193460179,,0.0,0.0,0.0,0.0,60.91731683739499,3.447077677983401,False,False,True,False,True,5.440337967831724,0,1.175334431171781,0.8171489231927619,False,False,False,False,0.34282804204166106,0.30917613675652345,False,False,False,False,-27222500,-32959134.274028204,False,False,False,False,2265017.6246980624,False,False,False,False
2022-12-16 00:00:00+00:00,43.1709966697,43.1709966697,43.0926306008,43.0926306008,4085185,,,,,,,,,42.868612565541945,42.94527738773165,"rgba(38, 166, 154, 0.5)",0.0,0.0,,42.89591114491802,,0.0,0.0,0.0,0.0,64.95003193606354,7.122879864847157,False,False,True,False,True,10.622648225965364,0,1.2639835997111952,0.7282025845968872,False,False,False,False,0.3428280703010783,0.3260021035288009,False,False,False,False,-23137315,-32231592.10558167,False,False,False,False,2399844.837683391,False,False,False,False
2022-12-23 00:00:00+00:00,43.207819052,43.2165638039,43.1640952926,43.1815847964,3335425,,,,,,,,,42.88571940635271,42.9778227521578,"rgba(38, 166, 154, 0.5)",0.0,0.0,,42.91787057777314,,0.0,0.0,0.0,0.0,68.31384390481497,10.151771169569713,False,False,True,False,True,12.842960270429984,0,1.3005188651946682,0.6917286523032199,False,False,False,False,0.342828085787271,0.3344150946580359,False,False,False,False,-19801890,-31310873.43109414,False,False,False,False,2469147.0719290655,False,False,False,False
2022-12-30 00:00:00+00:00,43.2515428115,43.2602875633,43.1990743002,43.1990743002,1953145,,,,,,,,,42.89614286013533,42.99611845847906,"rgba(38, 166, 154, 0.5)",0.0,0.0,,42.93079540637533,,0.0,0.0,0.0,0.0,71.2442984195894,12.793075206158505,False,False,True,False,True,15.336240322754332,0,1.3214171608535803,0.6821929548776325,False,False,False,False,0.3428280996528609,0.3386215971554484,False,False,False,False,-17848745,-30313678.732494574,False,False,False,False,2430924.696230616,False,False,False,False
2023-01-06 00:00:00+00:00,43.3040113228,43.3127560746,43.2340533077,43.2602875633,3811062,,,,,,,,,42.917350554711184,43.030927137695734,"rgba(38, 166, 154, 0.5)",0.0,0.0,,42.95636296248223,,0.0,0.0,0.0,0.0,73.90431906247036,15.218295497980904,False,False,True,False,True,18.129571384023805,0,1.321703794988071,0.6533863300701791,False,False,False,False,0.34282811260861856,0.34072485488203347,False,False,False,False,-14037683,-29108049.418976456,False,False,False,False,2533157.0891024224,False,False,False,False
2023-01-13 00:00:00+00:00,43.4176930972,43.4264378491,43.3277096004,43.3302455784,2166354,,,,,,,,,42.9316309955188,43.054088690492016,"rgba(38, 166, 154, 0.5)",0.0,0.0,,42.97350858045276,,0.0,0.0,0.0,0.0,76.78716100879174,17.899432124778755,False,False,True,False,True,20.0,0,1.3641048193559036,0.5937497228535419,False,False,False,False,0.34282813208831187,0.3417764934851727,False,False,False,False,-11871329,-27831255.313867092,False,False,False,False,2505986.4899096503,False,False,False,False
2023-01-20 00:00:00+00:00,43.4789063604,43.4876511123,43.4089483453,43.4264378491,1537212,,,,,,,,,42.94267551993297,43.07176002176919,"rgba(38, 166, 154, 0.5)",0.0,0.0,,42.98669830631469,,0.0,0.0,0.0,0.0,79.26982540044895,20.23076593606973,False,False,True,False,True,20.0,0,1.4027068372169555,0.5734070591442924,False,False,False,False,0.3428281447804885,0.3423023191328306,False,False,False,False,-10334117,-26535170.994321384,False,False,False,False,2434225.4165830095,False,False,False,False
2023-01-27 00:00:00+00:00,43.505372195,43.5272958859,43.4790637659,43.4790637659,3290077,,,,,,,,,42.96677454030053,43.108719307830256,"rgba(38, 166, 154, 0.5)",0.0,0.0,,43.01497905039709,,0.0,0.0,0.0,0.0,81.21384479025532,22.09384459403408,False,False,True,False,True,20.0,0,1.4095341018047316,0.5746148618723349,False,False,False,False,0.34282815301759617,0.3425652360752134,False,False,False,False,-7044040,-25091383.513260543,False,False,False,False,2497621.8301694533,False,False,False,False
2023-02-03 00:00:00+00:00,43.5842974822,43.6018364349,43.5141416714,43.5141416714,2398481,,,,,,,,,42.984985725202385,43.13560088643237,"rgba(38, 166, 154, 0.5)",0.0,0.0,,43.036021323654985,,0.0,0.0,0.0,0.0,83.06462647666321,23.923941412215953,False,False,True,False,True,20.0,0,1.4038855858850967,0.5458768612441706,False,False,False,False,0.3428281600949445,0.34269669808507897,False,False,False,False,-4645559,-23576877.993759762,False,False,False,False,2490278.064971716,False,False,False,False
2023-02-10 00:00:00+00:00,43.5755280058,43.5930669585,43.5492195768,43.5667585295,1613348,,,,,,,,,42.99674305179281,43.152197304726265,"rgba(38, 166, 154, 0.5)",0.0,0.0,,43.04936421603157,,0.0,0.0,0.0,0.0,84.0448615866682,24.977556266538983,False,False,True,False,True,20.0,0,1.4296759996237973,0.5519605352180422,False,False,False,False,0.3428281616489207,0.34276242986699984,False,False,False,False,-6258907,-22294065.327555336,False,False,False,False,2425320.282381219,False,False,False,False
2023-02-17 00:00:00+00:00,43.6018364349,43.6193753876,43.5755280058,43.5755280058,1483294,,,,,,,,,43.0076201900307,43.16726873393717,"rgba(38, 166, 154, 0.5)",0.0,0.0,,43.06161780364077,,0.0,0.0,0.0,0.0,84.90709187409036,25.99049134748826,False,False,True,False,True,20.0,0,1.4115643302690852,0.5542746439007233,False,False,False,False,0.3428281646081579,0.34279529723757884,False,False,False,False,-4775613,-20996402.19218087,False,False,False,False,2355540.5577603877,False,False,False,False
2023-02-24 00:00:00+00:00,43.6027848929,43.6379626137,43.5851960326,43.6291681835,1650776,,,,,,,,,43.01946441914041,43.18324177287275,"rgba(38, 166, 154, 0.5)",0.0,0.0,,43.074819655295215,,0.0,0.0,0.0,0.0,85.52895792464204,26.83305433917276,False,False,True,False,True,20.0,0,1.4061198899831142,0.5547140071643771,False,False,False,False,0.3428281661206664,0.3428117316791226,False,False,False,False,-3124837,-19672582.54831562,False,False,False,False,2303335.775704063,False,False,False,False
2023-03-03 00:00:00+00:00,43.6203737533,43.6203737533,43.5939904627,43.6115793231,1987346,,,,,,,,,43.03318651861528,43.20112421297457,"rgba(38, 166, 154, 1.0)",0.0,0.0,,43.089912969942816,,0.0,0.0,0.0,0.0,86.08821500088771,27.66657163313903,True,False,True,False,True,20.0,0,1.4051048313179286,0.576803859157852,False,False,False,False,0.3389506056795947,0.34088116867935864,False,False,False,False,-1137491,-18299612.803995945,False,False,False,False,2279929.1256519104,False,False,False,False
2023-03-10 00:00:00+00:00,43.6819347647,43.6907291949,43.6027848929,43.6467570439,2327477,,,,,,,,,43.049709269395564,43.222443764469396,"rgba(38, 166, 154, 1.0)",0.0,0.0,,43.10801729204027,,0.0,0.0,0.0,0.0,86.86196811273693,28.739578778497375,True,False,True,False,True,20.0,0,1.3860546541648369,0.5645074475626382,False,False,False,False,0.34282816967435015,0.34185466917685436,False,False,False,False,1189986,-16855938.818514764,False,False,False,False,2283451.1904184357,False,False,False,False
2023-03-17 00:00:00+00:00,43.743495776,43.7962623572,43.7083180552,43.7610846364,2562032,,,,,,,,,43.06948461399666,43.248161284318236,"rgba(38, 166, 154, 1.0)",0.0,0.0,,43.12975040116828,,0.0,0.0,0.0,0.0,87.73747724376328,29.92323720667366,True,False,True,False,True,20.0,0,1.4378962318621178,0.5042801759398042,False,False,False,False,0.3428281788039698,0.3423414239904121,False,False,False,False,3752018,-15329423.498624781,False,False,False,False,2304086.8059429964,False,False,False,False
2023-03-24 00:00:00+00:00,43.816405323,43.8340589915,43.7281369802,43.7722711516,2445038,,,,,,,,,43.088484595557325,43.272403908709634,"rgba(38, 166, 154, 1.0)",0.0,0.0,,43.150479256351176,,0.0,0.0,0.0,0.0,88.68938818620893,31.181114825664253,True,False,True,False,True,20.0,0,1.469757237813731,0.4745432610803549,False,False,False,False,0.34282818096409634,0.3425848024772542,False,False,False,False,6197056,-13734869.461689612,False,False,False,False,2314527.635132404,False,False,False,False
2023-03-31 00:00:00+00:00,43.7810979859,43.816405323,43.7369638145,43.816405323,2538892,,,,,,,,,43.10679507336837,43.29474441580886,"rgba(38, 166, 154, 1.0)",0.0,0.0,,43.170121670441425,,0.0,0.0,0.0,0.0,87.92278966054464,31.181114825664253,True,False,True,False,True,20.0,0,1.4927717195127674,0.46925358110389404,False,False,False,False,0.33958992176294023,0.3410873621200972,False,False,False,False,3658164,-12446496.612675566,False,False,False,False,2331147.217715189,False,False,False,False
2023-04-07 00:00:00+00:00,43.8958468314,43.9135004999,43.7766845687,43.7810979859,2004788,,,,,,,,,43.12230258840552,43.31386392025248,"rgba(38, 166, 154, 1.0)",0.0,0.0,,43.18682142449417,,0.0,0.0,0.0,0.0,88.02367971682105,31.181114825664253,True,False,True,False,True,20.0,0,1.4928732807896572,0.42681463100674355,False,False,False,False,0.3428281853474023,0.34195777373374975,False,False,False,False,5662952,-11105055.9746996,False,False,False,False,2306972.4608473973,False,False,False,False
2023-04-14 00:00:00+00:00,43.8958468314,43.9311541685,43.85171266,43.8781931629,1453092,,,,,,,,,43.13360340934185,43.32767225599015,"rgba(38, 166, 154, 1.0)",0.0,0.0,,43.198949987079644,,0.0,0.0,0.0,0.0,88.09574404273278,31.607720685628095,True,False,True,False,True,20.0,0,1.5433095683592872,0.4186768214872366,False,False,False,False,0.3428281882084629,0.3423929809711063,False,False,False,False,5662952,-9862981.309907038,False,False,False,False,2243722.0563401827,False,False,False,False
2023-04-21 00:00:00+00:00,43.9399810028,43.9576346713,43.8870199971,43.9135004999,1010728,,,,,,,,,43.141626961638444,43.337471002308085,"rgba(38, 166, 154, 1.0)",0.0,0.0,,43.20755940665616,,0.0,0.0,0.0,0.0,88.3710631048001,32.25000965599615,True,False,True,False,True,20.0,0,1.558523502877013,0.3996767321684739,False,False,False,False,0.34282818912190816,0.3426105850465072,False,False,False,False,6673680,-8638043.43509911,False,False,False,False,2152389.163277947,False,False,False,False
2023-04-28 00:00:00+00:00,44.0049092731,44.0226281816,43.9517525476,43.9606120018,1755602,,,,,,,,,43.156303491790794,43.355540215984206,"rgba(38, 166, 154, 1.0)",0.0,0.0,,43.22335507136504,,0.0,0.0,0.0,0.0,88.86559831264572,33.09410276584302,True,False,True,False,True,20.0,0,1.5619005935101058,0.38091781674726155,False,False,False,False,0.34282819265349773,0.34271938885000247,False,False,False,False,8429282,-7373797.10657325,False,False,False,False,2122997.521553654,False,False,False,False
2023-05-05 00:00:00+00:00,44.0757849071,44.1200821784,43.9960498188,44.0226281816,1732254,,,,,,,,,43.1714824849608,43.374295112634385,"rgba(38, 166, 154, 1.0)",0.0,0.0,,43.23971336333652,,0.0,0.0,0.0,0.0,89.50242215394631,34.05391018996099,True,False,True,False,True,20.0,0,1.55905823006956,0.36049119299607685,False,False,False,False,0.34282819294650063,0.34277379089825155,False,False,False,False,10161536,-6074883.54312338,False,False,False,False,2094053.556994124,False,False,False,False
2023-05-12 00:00:00+00:00,44.1023632699,44.1289416326,44.0580659986,44.0580659986,940729,,,,,,,,,43.17980724880409,43.38453050621696,"rgba(38, 166, 154, 1.0)",0.0,0.0,,43.24866827629295,,0.0,0.0,0.0,0.0,90.05584061793726,34.90948088673426,True,False,True,False,True,20.0,0,1.5978857155464836,0.39343344618147047,False,False,False,False,0.34282819231017103,0.3428009916042113,False,False,False,False,11102265,-4802502.169558685,False,False,False,False,2008622.1083278926,False,False,False,False
2023-05-19 00:00:00+00:00,44.0846443613,44.1378010869,44.0757849071,44.1112227241,1667617,,,,,,,,,43.194248344860945,43.40205146934861,"rgba(38, 166, 154, 1.0)",0.0,0.0,,43.264125375851485,,0.0,0.0,0.0,0.0,89.74786242341409,34.90948088673426,True,False,True,False,True,20.0,0,1.5698613703352005,0.39542278604851094,False,False,False,False,0.342828190446134,0.34281459102517264,False,False,False,False,9434648,-3747898.4532950786,False,False,False,False,1983362.4706739746,False,False,False,False
2023-05-26 00:00:00+00:00,44.088930705,44.1245895618,44.080038222,44.097823188,1384321,,,,,,,,,43.205876046587754,43.4159255314348,"rgba(38, 166, 154, 1.0)",0.0,0.0,,43.27649425966618,,0.0,0.0,0.0,0.0,89.5496977857071,34.988995875573835,True,False,True,False,True,20.0,0,1.5504719379126524,0.4192104327465005,False,False,False,False,0.33977035163956754,0.34129247133237006,False,False,False,False,10818969,-2668871.23453248,False,False,False,False,1938989.0284018284,False,False,False,False
2023-06-02 00:00:00+00:00,44.1689630519,44.1956405009,44.097823188,44.097823188,1431185,,,,,,,,,43.218325924412966,43.43083627763819,"rgba(38, 166, 154, 1.0)",0.0,0.0,0.42874278235412366,43.28975587758622,2.0506634991877144,0.0,0.0,0.0,0.0,89.78886439142578,35.50895194712837,True,False,True,False,True,20.0,0,1.5190561045640858,0.4284723478626053,False,False,False,False,0.34282818529299347,0.34206032831268174,False,False,False,False,12250154,-1563758.2541967407,False,False,False,False,1901373.915186878,False,False,False,False
2023-06-09 00:00:00+00:00,44.1867480179,44.2045329839,44.1600705689,44.1689630519,1638447,,,,,,,,,43.232622292869934,43.447853506477315,"rgba(38, 166, 154, 1.0)",0.0,0.0,0.44435869779967296,43.30494966567691,1.9844291483197838,0.0,0.0,0.0,0.0,90.03706613224756,36.02543322197168,True,False,True,False,True,20.0,0,1.5173643835764976,0.4392527589126855,False,False,False,False,0.3428281839093599,0.3424442561110208,False,False,False,False,13888601,-419139.0501821673,False,False,False,False,1881897.8473952576,False,False,False,False
2023-06-16 00:00:00+00:00,44.2312104329,44.2312104329,44.1867480179,44.1956405009,2021246,,,,,,,,,43.25027086881915,43.468699963323466,"rgba(38, 166, 154, 1.0)",0.0,0.0,0.46044827358164053,43.32365283591078,1.9710305132207329,0.0,0.0,0.0,0.0,90.40162274138208,36.638136424002454,True,False,True,False,True,20.0,0,1.51771207174671,0.45148556262422407,False,False,False,False,0.3428281817056546,0.34263621890833773,False,False,False,False,15909847,790415.4720535488,False,False,False,False,1892219.9327733866,False,False,False,False
2023-06-23 00:00:00+00:00,44.2973540401,44.3062795598,44.2259498829,44.2393381624,1969643,,,,,,,,,43.267903417359356,43.48950290705543,"rgba(38, 166, 154, 1.0)",0.0,0.0,0.4775537479652878,43.34233068170861,1.999823815560976,0.0,0.0,0.0,0.0,90.91165149583293,37.36906468983952,True,False,True,False,True,20.0,0,1.494219901434541,0.44433039356910137,False,False,False,False,0.3428281829532771,0.3427322009308074,False,False,False,False,17879490,2056272.8444940266,False,False,False,False,1897954.9747901727,False,False,False,False
2023-06-30 00:00:00+00:00,44.3062795598,44.3152050794,44.2884285205,44.2884285205,1374512,,,,,,,,,43.280170811767626,43.50386937956025,"rgba(38, 166, 154, 1.0)",0.0,0.0,0.49385397973499956,43.355290022676364,1.9256492326617078,0.0,0.0,0.0,0.0,91.30795421375267,37.96817371012175,True,False,True,False,True,20.0,0,1.5170162040550514,0.4523506698543817,False,False,False,False,0.34282818239586793,0.3427801916633377,False,False,False,False,19254002,3330178.7078648396,False,False,False,False,1859181.4211020116,False,False,False,False
2023-07-07 00:00:00+00:00,44.3598326777,44.3598326777,44.3062795598,44.3062795598,941061,,,,,,,,,43.28871461988607,43.5138782592185,"rgba(38, 166, 154, 1.0)",0.0,0.0,0.510607101411597,43.36431672599048,1.9496711834938665,0.0,0.0,0.0,0.0,91.776666110185,38.61871057033345,True,False,True,False,True,20.0,0,1.5148763062008799,0.4492733675066966,False,False,False,False,0.3428281769393313,0.3428041843013345,False,False,False,False,20195063,4579429.396171148,False,False,False,False,1791172.5010203812,False,False,False,False
2023-07-14 00:00:00+00:00,44.4401623546,44.4580133939,44.3509071581,44.3509071581,1303277,,,,,,,,,43.30114210917885,43.528561340033185,"rgba(38, 166, 154, 1.0)",0.0,0.0,0.5285813305153066,43.37748767825729,2.0104279417260584,0.0,0.0,0.0,0.0,92.35201982228826,39.351152419509816,True,False,True,False,True,20.0,0,1.5057557906288463,0.4497204382948411,False,False,False,False,0.3428281769537667,0.3428161806275506,False,False,False,False,21498340,5832682.033491803,False,False,False,False,1755032.09353739,False,False,False,False
2023-07-21 00:00:00+00:00,44.4758644332,44.4847899529,44.4401623546,44.4401623546,1709123,,,,,,,,,43.31775090524836,43.54816439812968,"rgba(38, 166, 154, 1.0)",0.0,0.0,0.5461631153383953,43.39508335171011,1.978861353206269,0.0,0.0,0.0,0.0,92.85843443361186,39.997031639891674,True,False,True,False,True,20.0,0,1.519198481815091,0.4580712683155101,False,False,False,False,0.3428281772069759,0.34282217891726324,False,False,False,False,23207463,7119702.845825744,False,False,False,False,1751631.4199420277,False,False,False,False
2023-07-28 00:00:00+00:00,44.5343773189,44.5343773189,44.4895651059,44.4895651059,1154984,,,,,,,,,43.32920996060097,43.561685221677386,"rgba(38, 166, 154, 1.0)",0.0,0.0,0.5642897107820085,43.40722192287031,1.997476428318429,0.0,0.0,0.0,0.0,93.36505855736567,40.62743676683981,True,False,True,False,True,20.0,0,1.4982758487757548,0.45359708020391754,False,False,False,False,0.3428281767768856,0.34282517784707445,False,False,False,False,24362447,8396943.153542355,False,False,False,False,1707435.3147611367,False,False,False,False
2023-08-04 00:00:00+00:00,44.6060768598,44.6060768598,44.5433397615,44.5523022041,1666809,,,,,,,,,43.3462591882504,43.58184154510292,"rgba(38, 166, 154, 1.0)",0.0,0.0,0.5830979129905637,43.42529521782331,2.0250143512274845,0.0,0.0,0.0,0.0,93.88305708340772,41.25465241953654,True,False,True,False,True,20.0,0,1.5148252856425088,0.4573752452650752,False,False,False,False,0.34282818061275117,0.34282667922991283,False,False,False,False,26029256,9703040.401428105,False,False,False,False,1704425.9581121635,False,False,False,False
2023-08-11 00:00:00+00:00,44.6508890728,44.668813958,44.6150393024,44.6150393024,1122748,,,,,,,,,43.358026247773594,43.5957592719368,"rgba(38, 166, 154, 1.0)",0.0,0.0,0.6019338805736428,43.437771134101,2.015367431291455,0.0,0.0,0.0,0.0,94.34096952392304,41.81221095892917,True,False,True,False,True,20.0,0,1.524351602100938,0.4295977192127197,False,False,False,False,0.34282818350344535,0.3428274313666791,False,False,False,False,27152004,10995556.223544542,False,False,False,False,1661338.7019557068,False,False,False,False
2023-08-18 00:00:00+00:00,44.668813958,44.6777764006,44.624001745,44.6329641876,1200226,,,,,,,,,43.37048640162093,43.61040491365133,"rgba(38, 166, 154, 1.0)",0.0,0.0,0.619279026807801,43.450951530115546,1.9665810969930202,0.0,0.0,0.0,0.0,94.70238383468424,42.26966382160158,True,False,True,False,True,20.0,0,1.5124356253582703,0.4417552547640183,False,False,False,False,0.3428281834512677,0.3428278074089734,False,False,False,False,28352230,12281235.762541242,False,False,False,False,1627182.2055145435,False,False,False,False
2023-08-25 00:00:00+00:00,44.7076336119,44.7346309751,44.6626380064,44.6716371275,1229314,,,,,,,,,43.38343873751432,43.625616322001626,"rgba(38, 166, 154, 1.0)",0.0,0.0,0.635985456086787,43.464648351283486,1.954424033946612,0.0,0.0,0.0,0.0,95.03357267615806,42.69428153981873,True,False,True,False,True,20.0,0,1.5224347695549814,0.4273526411846044,False,False,False,False,0.3428281865555822,0.34282799698227784,False,False,False,False,29581544,13562740.076427076,False,False,False,False,1597710.4865875402,False,False,False,False
2023-09-01 00:00:00+00:00,44.7976248228,44.8150831178,44.7076336119,44.7166327329,1406560,,,,,,,,,43.39874349158236,43.64363631412846,"rgba(38, 166, 154, 1.0)",0.0,0.0,0.6536303638776205,43.480848007879075,2.014558820537702,0.0,0.0,0.0,0.0,95.41941704979497,43.167107957034304,True,False,True,False,True,20.0,0,1.5193483795964438,0.40145038831369,False,False,False,False,0.34282818796494946,0.3428280924736137,False,False,False,False,30988104,14853507.774469513,False,False,False,False,1583551.1912847594,False,False,False,False
2023-09-08 00:00:00+00:00,44.8336213072,44.8336213072,44.7706274595,44.7886257017,1214053,,,,,,,,,43.41205394765406,43.65926492501354,"rgba(38, 166, 154, 1.0)",0.0,0.0,0.6704455163645682,43.4949224608516,1.9967302542455305,0.0,0.0,0.0,0.0,95.7480511243133,43.57955781229171,True,False,True,False,True,20.0,0,1.5534752532706408,0.4201930329496341,False,False,False,False,0.34282818386544006,0.34282813816952684,False,False,False,False,32202157,16138592.902286585,False,False,False,False,1556180.954893296,False,False,False,False
2023-09-15 00:00:00+00:00,44.8606186705,44.8606186705,44.8246221861,44.8336213072,2290536,,,,,,,,,43.43712424186131,43.68852685439127,"rgba(38, 166, 154, 1.0)",0.0,0.0,0.6867140353544454,43.521373987063626,1.9502218019253523,0.0,0.0,0.0,0.0,96.02161507057201,43.93621539536808,True,False,True,False,True,20.0,0,1.563106779770024,0.43306622242369164,False,False,False,False,0.34282818493114475,0.3428281615503358,False,False,False,False,34492693,17498155.87248758,False,False,False,False,1610577.6249011997,False,False,False,False
2023-09-22 00:00:00+00:00,44.884368002,44.8934063363,44.8572529992,44.8662913335,1434880,,,,,,,,,43.45270971520969,43.70658641350307,"rgba(38, 166, 154, 1.0)",0.0,0.0,0.7021719846075358,43.53777452546672,1.9177544904271977,0.0,0.0,0.0,0.0,96.25089720497094,44.24916159865565,True,False,True,False,True,20.0,0,1.5917362077146469,0.4140829635494756,False,False,False,False,0.3428281869998535,0.34282817427509465,False,False,False,False,35927573,18863297.881932944,False,False,False,False,1597562.9860196293,False,False,False,False
2023-09-29 00:00:00+00:00,44.9205213391,44.9295596734,44.884368002,44.8934063363,1866623,,,,,,,,,43.47294698994541,43.72991704474495,"rgba(38, 166, 154, 1.0)",0.0,0.0,0.7168847709012857,43.55903066715596,1.8991764467702938,0.0,0.0,0.0,0.0,96.46498545607184,44.54687432011602,True,False,True,False,True,20.0,0,1.6133293220812492,0.3727088105281974,False,False,False,False,0.34282818466517784,0.3428281794701362,False,False,False,False,37794196,20265586.631419394,False,False,False,False,1617493.3574255826,False,False,False,False
2023-10-06 00:00:00+00:00,44.947636342,44.9566746762,44.9083195879,44.9205213391,2452494,,,,,,,,,43.499164349821726,43.75987762082879,"rgba(38, 166, 154, 1.0)",0.0,0.0,0.7307037514428056,43.5864803910079,1.8628013723816788,0.0,0.0,0.0,0.0,96.6544665379163,44.81998862691539,True,False,True,False,True,20.0,0,1.636007586230651,0.38124677296195025,False,False,False,False,0.34282818327109077,0.3428281813706135,False,False,False,False,40246690,21745668.362425365,False,False,False,False,1679345.2568755394,False,False,False,False
2023-10-13 00:00:00+00:00,45.0109046819,45.0199430161,44.9566746762,44.9566746762,2105758,,,,,,,,,43.52181992473408,43.78565682051783,"rgba(38, 166, 154, 1.0)",0.0,0.0,0.7447244319960317,43.61016407365549,1.8808844561339375,0.0,0.0,0.0,0.0,96.86888106776767,45.11537276738099,True,False,True,False,True,20.0,0,1.6175609357851986,0.3462939971471358,False,False,False,False,0.3428281849341205,0.34282818315236696,False,False,False,False,42352448,23272096.483727187,False,False,False,False,1710931.38599587,False,False,False,False
2023-10-20 00:00:00+00:00,45.0289813504,45.0380196847,44.983789679,45.0289813504,2222794,,,,,,,,,43.545333929983514,43.812181559325765,"rgba(38, 166, 154, 1.0)",0.0,0.0,0.7579822658231194,43.63466841744732,1.8395060093372324,0.0,0.0,0.0,0.0,97.04328033779638,45.36962550265007,True,False,True,False,True,20.0,0,1.6187119043891405,0.3449155322953933,False,False,False,False,0.34282818206537286,0.34282818260886994,False,False,False,False,44575242,24850107.262710355,False,False,False,False,1748847.135181361,False,False,False,False
2023-10-27 00:00:00+00:00,45.1072547202,45.1072547202,45.0346328571,45.0346328571,2357035,,,,,,,,,43.57055785003737,43.840564274489694,"rgba(38, 166, 154, 1.0)",0.0,0.0,0.7716003568003481,43.66093115123353,1.8744464750690968,0.0,0.0,0.0,0.0,97.25236039838856,45.654560163552446,True,False,True,False,True,20.0,0,1.6156785373818172,0.34432439947581833,False,False,False,False,0.34282818129131803,0.342828181950094,False,False,False,False,46932277,26485823.539546624,False,False,False,False,1793898.08813089,False,False,False,False
2023-11-03 00:00:00+00:00,45.207109782,45.207109782,45.0890992544,45.0981769873,3352683,,,,,,,,,43.60697535585341,43.88142801513882,"rgba(38, 166, 154, 1.0)",0.0,0.0,0.7869250760359273,43.6988105062552,1.91669997777011,0.0,0.0,0.0,0.0,97.48956789448619,45.96183718173904,True,False,True,False,True,20.0,0,1.6240221325248783,0.3405066809602074,False,False,False,False,0.34282818418430777,0.34282818306720086,False,False,False,False,50284960,28248722.53661724,False,False,False,False,1909363.6371582313,False,False,False,False
2023-11-10 00:00:00+00:00,45.207109782,45.2161875149,45.1889543162,45.1980320491,2698998,,,,,,,,,43.63576206664847,43.9134186305836,"rgba(38, 166, 154, 1.0)",0.0,0.0,0.8004702762871823,43.72864958166648,1.846989506207598,0.0,0.0,0.0,0.0,97.6590018202702,46.19952295994278,True,False,True,False,True,20.0,0,1.6642027306737024,0.32259988114028365,False,False,False,False,0.3428281870986202,0.3428281850829105,False,False,False,False,50284960,29881036.422793742,False,False,False,False,1967855.0714428069,False,False,False,False
2023-11-17 00:00:00+00:00,45.3069648438,45.3069648438,45.1980320491,45.207109782,4463770,,,,,,,,,43.68308688293403,43.96562172020611,"rgba(38, 166, 154, 1.0)",0.0,0.0,0.8142831170413654,43.77757524393147,1.8782037449400262,0.0,0.0,0.0,0.0,97.85504635090432,46.45990598700931,True,False,True,False,True,20.0,0,1.6403172442656528,0.29251354659808276,False,False,False,False,0.3428281900207251,0.3428281875518178,False,False,False,False,54748730,31723087.798883095,False,False,False,False,2152737.6587433396,False,False,False,False
2023-11-24 00:00:00+00:00,45.3446134751,45.3706002333,45.3081408321,45.3081408321,1916292,,,,,,,,,43.70343802902361,43.98796504973327,"rgba(38, 166, 154, 1.0)",0.0,0.0,0.8259995373109058,43.79857969809921,1.8717126428835522,0.0,0.0,0.0,0.0,98.01986255081819,46.68676703050731,True,False,True,False,True,20.0,0,1.695172929523938,0.25562896236919674,False,False,False,False,0.3428281923129698,0.34282818993239383,False,False,False,False,56665022,33570638.48044731,False,False,False,False,2135223.165503092,False,False,False,False
2023-12-01 00:00:00+00:00,45.5087403689,45.5087403689,45.3628497967,45.3628497967,4424209,,,,,,,,,43.75184689429754,44.04117878673452,"rgba(38, 166, 154, 1.0)",0.0,0.0,0.8409133524413908,43.84856461843227,1.9742530495535673,0.0,0.0,0.0,0.0,98.22570842923675,46.94968841332381,True,False,True,False,True,20.0,0,1.6880959413901258,0.23629741881552208,False,False,False,False,0.3428281953279191,0.34282819263015646,False,False,False,False,61089231,35609052.74115492,False,False,False,False,2304777.6717621223,False,False,False,False
2023-12-08 00:00:00+00:00,45.5269766904,45.5725674942,45.4905040473,45.5087403689,6656433,,,,,,,,,43.82263661048287,44.117972750667896,"rgba(38, 166, 154, 1.0)",0.0,0.0,0.8551726465158476,43.921319326849265,1.87758269642103,0.0,0.0,0.0,0.0,98.38097555973343,47.16010061842478,True,False,True,False,True,20.0,0,1.7102993659615753,0.2215721903762496,False,False,False,False,0.34282819841343715,0.3428281955217968,False,False,False,False,67745664,37989542.46403233,False,False,False,False,2627122.510890854,False,False,False,False
2023-12-15 00:00:00+00:00,45.6819854234,45.6956626645,45.5269766904,45.5360948512,3723873,,,,,,,,,43.862118635842414,44.16051654368863,"rgba(38, 166, 154, 1.0)",0.0,0.0,0.8711771351698132,43.9618019179006,1.9745507957622126,0.0,0.0,0.0,0.0,98.55252116328322,47.383561440482296,True,False,True,False,True,20.0,0,1.6691176985408307,0.2217199010619376,False,False,False,False,0.3428281993563084,0.3428281974390526,False,False,False,False,71469537,40469542.059289195,False,False,False,False,2708363.287861902,False,False,False,False
2023-12-22 00:00:00+00:00,45.7669225213,45.7669225213,45.6842112156,45.7025915057,2206627,,,,,,,,,43.88604439405919,44.18632673622414,"rgba(38, 166, 154, 1.0)",0.0,0.0,0.8874707173373207,43.98634373297483,2.0063521573618166,0.0,0.0,0.0,0.0,98.70180782226171,47.58269657013663,True,False,True,False,True,20.0,0,1.7281553861051697,0.22442727572619198,False,False,False,False,0.342828202393795,0.34282819991642377,False,False,False,False,73676164,42929291.83267518,False,False,False,False,2671197.636909168,False,False,False,False
2023-12-29 00:00:00+00:00,45.840443682,45.840443682,45.7669225213,45.7761126664,2985333,,,,,,,,,43.91875733985635,44.22158828775704,"rgba(38, 166, 154, 1.0)",0.0,0.0,0.9047276392326704,44.019889793284634,2.012267349607489,0.0,0.0,0.0,0.0,98.82920252976247,47.758775728246604,True,False,True,False,True,20.0,0,1.72109814902444,0.2099383463836841,False,False,False,False,0.3428282040520074,0.3428282019842156,False,False,False,False,76661497,45427973.69692147,False,False,False,False,2694466.9230640447,False,False,False,False
2024-01-05 00:00:00+00:00,45.840443682,45.8588239722,45.8220633918,45.8220633918,2419595,,,,,,,,,43.944800464736154,44.249489642806076,"rgba(38, 166, 154, 1.0)",0.0,0.0,0.9204602971195229,44.04653940125076,1.9489208674866916,0.0,0.0,0.0,0.0,98.92019874940587,47.898795043399616,True,False,True,False,True,20.0,0,1.7465705846025446,0.21663154207040214,False,False,False,False,0.34282820283697396,0.34282820241059475,False,False,False,False,76661497,47741568.01566802,False,False,False,False,2674106.0398741155,False,False,False,False
2024-01-12 00:00:00+00:00,45.9691057132,45.9782958583,45.8496338271,45.8496338271,3531114,,,,,,,,,43.983347498327184,44.29077960848207,"rgba(38, 166, 154, 1.0)",0.0,0.0,0.9373424818336512,44.085981752626466,2.0090031093968173,0.0,0.0,0.0,0.0,99.01838915092914,48.045108397745466,True,False,True,False,True,20.0,0,1.721595978037171,0.21338497365526077,False,False,False,False,0.3428282033879517,0.34282820289927324,False,False,False,False,80192611,50145348.97747038,False,False,False,False,2737588.1109945513,False,False,False,False
2024-01-19 00:00:00+00:00,45.9599155681,45.9782958583,45.9323451328,45.9782958583,3738143,,,,,,,,,44.02305111177955,44.332958907181926,"rgba(38, 166, 154, 1.0)",0.0,0.0,0.9525736498354318,44.12649130594857,1.9247060450057352,0.0,0.0,0.0,0.0,98.79572633087281,48.045108397745466,True,False,True,False,True,20.0,0,1.7177922136191577,0.22749559244195777,False,False,False,False,0.3428282031001953,0.34282820299973427,False,False,False,False,76454468,52094172.60876887,False,False,False,False,2811703.287957918,False,False,False,False
2024-01-26 00:00:00+00:00,46.034959243,46.0441902354,45.9795732884,45.9980352733,1632106,,,,,,,,,44.04043554576461,44.35139801148254,"rgba(38, 166, 154, 1.0)",0.0,0.0,0.9681921270131149,44.14421891455085,1.952856541275659,0.0,0.0,0.0,0.0,98.67836071524556,48.045108397745466,True,False,True,False,True,20.0,0,1.7044615184972207,0.22280968163447776,False,False,False,False,0.34282820287968324,0.3428282029397087,False,False,False,False,78086574,54019535.674785994,False,False,False,False,2724325.711072146,False,False,False,False
2024-02-02 00:00:00+00:00,46.1180381749,46.1365001597,46.0534212279,46.0534212279,1781469,,,,,,,,46.1026531875,44.05985077295321,44.37204949743483,"rgba(38, 166, 154, 1.0)",0.0,0.0,0.9841216479833809,44.164036899531766,1.9855281909226252,0.0,0.0,0.0,0.0,98.63581373401124,48.045108397745466,True,False,True,False,True,20.0,0,1.699306875636727,0.2196619462189509,False,False,False,False,0.34282820344222187,0.3428282031909653,False,False,False,False,79868043,55934239.92109814,False,False,False,False,2654484.47321495,False,False,False,False
2024-02-09 00:00:00+00:00,46.1272691673,46.1365001597,46.0903451976,46.09957619,1860114,,,,,,,,46.11051181117837,44.079886530364654,44.39328633200511,"rgba(38, 166, 154, 1.0)",0.0,0.0,0.9986287212549161,44.1844634545037,1.9454734992549525,0.0,0.0,0.0,0.0,98.60985107825863,48.045108397745466,True,False,True,False,True,20.0,0,1.6922350789290397,0.23997383537347816,False,False,False,False,0.3428282037733062,0.3428282034821357,False,False,False,False,81728157,57844900.44546124,False,False,False,False,2595642.215939768,False,False,False,False
2024-02-16 00:00:00+00:00,46.164193137,46.1734241294,46.1272691673,46.1457311522,1849326,,,,,,,,46.12548258509643,44.09977703074899,44.41433516325102,"rgba(38, 166, 154, 1.0)",0.0,0.0,1.0118837151489852,44.20473063030609,1.936450283129033,0.0,0.0,0.0,0.0,98.60927219190538,48.045108397745466,True,False,True,False,True,20.0,0,1.708830098016865,0.2231209009376643,False,False,False,False,0.3428282033958065,0.34282820343897114,False,False,False,False,83577483,59751017.67172337,False,False,False,False,2540359.533277563,False,False,False,False
2024-02-23 00:00:00+00:00,46.2049100976,46.2095468171,46.1817265,46.2002733781,2335809,,,,,,,46.198727804899995,46.147341919190765,44.124884993153685,44.44086357054152,"rgba(38, 166, 154, 1.0)",0.0,0.0,1.0238098742050303,44.2303002456201,1.9286880325442726,0.0,0.0,0.0,0.0,98.62818131298172,48.045108397745466,True,False,True,False,True,20.0,0,1.7175189790335443,0.22266939349585246,False,False,False,False,0.34282820277565595,0.34282820310731354,False,False,False,False,85913292,61688963.91826238,False,False,False,False,2525207.6419236693,False,False,False,False
2024-03-01 00:00:00+00:00,46.2651874515,46.2744608905,46.2095468171,46.2280936953,2573425,,,,,,,46.225464104176865,46.172677385479595,44.15252415192896,44.4700140731925,"rgba(38, 166, 154, 1.0)",0.0,0.0,1.0339113650271363,44.25843026967493,1.9409373469575855,0.0,0.0,0.0,0.0,98.66876133392701,48.045108397745466,True,False,True,False,True,20.0,0,1.7202952279894597,0.21309448239865952,False,False,False,False,0.3428282029765361,0.34282820304192485,False,False,False,False,88486717,63673982.665057756,False,False,False,False,2528779.2980774716,False,False,False,False
2024-03-08 00:00:00+00:00,46.348648403,46.357921842,46.2744608905,46.2837343296,1673594,,,,,,,46.25128085579632,46.19407016313584,44.17076454031069,44.48927427696328,"rgba(38, 166, 154, 1.0)",0.0,0.0,1.0434225306567202,44.27700212910635,1.9854337174315895,0.0,0.0,0.0,0.0,98.73145981376169,48.0988393993774,True,False,True,False,True,20.0,0,1.7056735498758093,0.1872846779926961,False,False,False,False,0.3428282041526252,0.34282820359727506,False,False,False,False,90160311,65635932.91209051,False,False,False,False,2465432.238960622,False,False,False,False
2024-03-15 00:00:00+00:00,46.357921842,46.3671025467,46.348648403,46.357921842,1411090,,,,,,,46.27009971413433,46.211212826272266,44.18612467784489,44.50547346730508,"rgba(38, 166, 154, 1.0)",0.0,0.0,1.0507499127669386,44.29263485933695,1.9655361923604975,0.0,0.0,0.0,0.0,98.77983181277254,48.18583782408945,True,False,True,False,True,20.0,0,1.7223733584567955,0.18910976978401153,False,False,False,False,0.34282820445690015,0.3428282040270876,False,False,False,False,91571401,67557078.69638011,False,False,False,False,2387332.8138524275,False,False,False,False
2024-03-22 00:00:00+00:00,46.4343735571,46.4436883762,46.3505401846,46.3691698229,1835514,,,,,,,46.29613719584458,46.23497348297106,44.206252381503276,44.52670527176479,"rgba(38, 166, 154, 1.0)",0.0,0.0,1.0571674798577595,44.31312135566037,2.0065431843637898,0.0,0.0,0.0,0.0,98.8428709728645,48.28428404336452,True,False,True,False,True,20.0,0,1.6865512021610143,0.19031449562316705,False,False,False,False,0.34282820471185166,0.3428282043694696,False,False,False,False,93406915,69471881.38553713,False,False,False,False,2346457.346159655,False,False,False,False
2024-03-29 00:00:00+00:00,46.4716328337,46.4902624721,46.4436883762,46.4530031954,1869437,,,,,,,46.32368460658895,46.26037318606732,44.22691986530402,44.54851068888552,"rgba(38, 166, 154, 1.0)",0.0,0.0,1.0623781529415863,44.334158724124734,2.0119710704299396,0.0,0.0,0.0,0.0,98.90081337709549,48.37489417282464,True,False,True,False,True,20.0,0,1.7110164975011595,0.184827152966112,False,False,False,False,0.3428282061476824,0.342828205258576,False,False,False,False,95276352,71383323.65327512,False,False,False,False,2311122.5057033845,False,False,False,False
2024-04-05 00:00:00+00:00,46.5182069296,46.5275217488,46.4623180146,46.4902624721,2265901,,,,,,,46.35272847169741,46.288593651013414,44.25184379576579,44.574751446971696,"rgba(38, 166, 154, 1.0)",0.0,0.0,1.0666411131080886,44.359510316897556,2.0238265581308883,0.0,0.0,0.0,0.0,98.95777171512304,48.4619663164366,True,False,True,False,True,20.0,0,1.7025143903376356,0.1865914385390014,False,False,False,False,0.3428282052548916,0.3428282052567338,False,False,False,False,97542253,73321022.12340288,False,False,False,False,2307772.764540171,False,False,False,False
2024-04-12 00:00:00+00:00,46.5228643392,46.5368365679,46.4809476529,46.5182069296,2496542,,,,,,,46.377118781629655,46.31417702023475,44.27880967208847,44.603017550665335,"rgba(38, 166, 154, 1.0)",0.0,0.0,1.0686649356282498,44.38689750609481,1.9987245411486136,0.0,0.0,0.0,0.0,99.00001971665934,48.532706722143914,True,False,True,False,True,20.0,0,1.697979773352397,0.2111819731421048,False,False,False,False,0.34282820497188454,0.34282820511430917,False,False,False,False,100038795,75300116.41055821,False,False,False,False,2321755.6708705286,False,False,False,False
2024-04-19 00:00:00+00:00,46.5368365679,46.5553730581,46.4995772913,46.4995772913,2831938,,,,,,,46.39964670952106,46.338905884775684,44.30885771110718,44.63437687327851,"rgba(38, 166, 154, 1.0)",0.0,0.0,1.0707021178639373,44.417369289406636,1.9795116149781427,0.0,0.0,0.0,0.0,99.03509598898187,48.59498102330653,True,False,True,False,True,20.0,0,1.6932383723390498,0.2115657504184498,False,False,False,False,0.3428282035646152,0.34282820433946215,False,False,False,False,102870733,77342384.30607241,False,False,False,False,2359546.9545097486,False,False,False,False
2024-04-26 00:00:00+00:00,46.5981981423,46.6122323351,46.5467394354,46.5654516924,2334010,,,,,,,46.41972806207807,46.36014899765939,44.33362595170042,44.66019493208984,"rgba(38, 166, 154, 1.0)",0.0,0.0,1.0727116880812069,44.442476564885396,2.009600157588112,0.0,0.0,0.0,0.0,99.08088977785619,48.66597075152117,True,False,True,False,True,20.0,0,1.690294993516145,0.2144685130494281,False,False,False,False,0.34282820267114394,0.3428282035053031,False,False,False,False,105204743,79406262.72784483,False,False,False,False,2357655.3282497674,False,False,False,False
2024-05-03 00:00:00+00:00,46.7057936204,46.7245058774,46.6028762065,46.6215884636,2253916,,,,,,,46.444077949850666,46.38451874063255,44.357994538658374,44.685647436229786,"rgba(38, 166, 154, 1.0)",0.0,0.0,1.0763811128640206,44.46719581830929,2.0797445954196254,0.0,0.0,0.0,0.0,99.14453026821249,48.751904653405035,True,False,True,False,True,20.0,0,1.6859824738417895,0.20924581169236112,False,False,False,False,0.3428282037243153,0.34282820361480915,False,False,False,False,107458659,81484218.00726373,False,False,False,False,2349970.9335645996,False,False,False,False
2024-05-10 00:00:00+00:00,46.7478961987,46.7618368303,46.7057936204,46.7151497489,2758770,,,,,,,46.47456852313532,46.414912497207865,44.38790421457329,44.716864565861144,"rgba(38, 166, 154, 1.0)",0.0,0.0,1.0806940913122896,44.497528376020014,2.082335640372898,0.0,0.0,0.0,0.0,99.20061157191222,48.82812217924082,True,False,True,False,True,20.0,0,1.6778530149718494,0.20658240752012993,False,False,False,False,0.3428282044154504,0.3428282040151298,False,False,False,False,110217429,83612604.00672568,False,False,False,False,2380252.345893148,False,False,False,False
2024-05-17 00:00:00+00:00,46.8087110342,46.8274232912,46.752574263,46.7619303915,2113419,,,,,,,46.498211619232066,46.43844626377157,44.41086396571037,44.740809052450665,"rgba(38, 166, 154, 1.0)",0.0,0.0,1.0847596359441993,44.5208065337244,2.1091349868343516,0.0,0.0,0.0,0.0,99.25504537644696,48.90081607692349,True,False,True,False,True,20.0,0,1.704005540028965,0.20519067145137423,False,False,False,False,0.3428282033576846,0.3428282036864072,False,False,False,False,112330848,85739881.33956082,False,False,False,False,2360486.9128640257,False,False,False,False
2024-05-24 00:00:00+00:00,46.8447824723,46.8634865112,46.7976934094,46.807092424,1840552,,,,,,,46.51849234930415,46.45868934924601,44.43082747485996,44.76160530446885,"rgba(38, 166, 154, 1.0)",0.0,0.0,1.0891265673819979,44.541039133642755,2.1152209556276778,0.0,0.0,0.0,0.0,99.30197475511544,48.96469422181747,True,False,True,False,True,20.0,0,1.671776049799395,0.21905827850308168,False,False,False,False,0.34282820131385466,0.3428282025001309,False,False,False,False,114171400,87845919.75885262,False,False,False,False,2321973.2156148385,False,False,False,False
2024-05-31 00:00:00+00:00,46.8963830621,46.9010825694,46.8446884821,46.8540874967,2084792,,,,,,,46.54160113299905,46.48174019648809,44.45346619686624,44.785172827851184,"rgba(38, 166, 154, 1.0)",0.0,0.0,1.0932714668150247,44.563977900872146,2.133418123517609,0.0,0.0,0.0,0.0,99.3464813428113,49.025013262972905,True,False,True,False,True,20.0,0,1.714964430045424,0.2371096410998056,False,False,False,False,0.34282819919806196,0.34282820084909643,False,False,False,False,116256192,89950384.36930798,False,False,False,False,2304404.2366804057,False,False,False,False
2024-06-07 00:00:00+00:00,46.9480776421,46.9668756712,46.8916835548,46.8916835548,1959923,,,,,,,46.563891299252965,46.50390401073051,44.4748428962467,44.80742297141082,"rgba(38, 166, 154, 1.0)",0.0,0.0,1.0973402064486693,44.58563679689058,2.152879144795948,0.0,0.0,0.0,0.0,99.38855209964812,49.08191262372266,True,False,True,False,True,20.0,0,1.6753585589875906,0.23334073654414503,False,False,False,False,0.3428281982181207,0.34282819953360855,False,False,False,False,118216115,92044142.19380368,False,False,False,False,2278887.1080374126,False,False,False,False
2024-06-14 00:00:00+00:00,47.0420677875,47.0420677875,46.9480776421,46.9480776421,1278482,,,,,,,46.57979695163983,46.519552615799824,44.48900992554667,44.8221946473325,"rgba(38, 166, 154, 1.0)",0.0,0.0,1.1025241735684281,44.59999948152942,2.2149793759773853,0.0,0.0,0.0,0.0,99.43516012978328,49.14211616889199,True,False,True,False,True,20.0,0,1.7136475814682086,0.22824597705656363,False,False,False,False,0.3428281960732015,0.342828197803405,False,False,False,False,119494597,94077509.21648489,False,False,False,False,2204783.0259605674,False,False,False,False
2024-06-21 00:00:00+00:00,47.0796638457,47.0890628602,47.0232697584,47.032668773,2842198,,,,,,,46.615303195556734,46.554522473165264,44.52059792222991,44.855116593342686,"rgba(38, 166, 154, 1.0)",0.0,0.0,1.1087537866396626,44.632019095983324,2.2075638245483087,0.0,0.0,0.0,0.0,99.474441532615,49.1942372480933,True,False,True,False,True,20.0,0,1.6772722463787717,0.2346881310804679,False,False,False,False,0.34282819528026637,0.3428281965418357,False,False,False,False,122336795,96170789.64489341,False,False,False,False,2251998.9499634886,False,False,False,False
2024-06-28 00:00:00+00:00,47.1157629407,47.134647014,47.0779947941,47.0968788674,2202488,,,,,,,46.64187411288824,46.58083442438534,44.54497643801028,44.880482728012524,"rgba(38, 166, 154, 1.0)",0.0,0.0,1.1149061081166372,44.65671686164879,2.205608222207315,0.0,0.0,0.0,0.0,99.50810415667507,49.24026751656622,True,False,True,False,True,20.0,0,1.6680806377426252,0.2430281459747778,False,False,False,False,0.34282819590596436,0.34282819622390004,False,False,False,False,124539283,98272159.52304946,False,False,False,False,2248331.4721884155,False,False,False,False
2024-07-05 00:00:00+00:00,47.2007412707,47.2007412707,47.106320904,47.1157629407,1585016,,,,,,,46.66152135174056,46.60024992208574,44.56264071916445,44.8988673707184,"rgba(38, 166, 154, 1.0)",0.0,0.0,1.1214274862998064,44.674614104689674,2.252599652560132,0.0,0.0,0.0,0.0,99.54423621173088,49.288077525116435,True,False,True,False,True,20.0,0,1.6329433978798098,0.24084087646372215,False,False,False,False,0.3428281946640459,0.34282819544397297,False,False,False,False,126124299,100335280.96578655,False,False,False,False,2199196.9927670513,False,False,False,False
2024-07-12 00:00:00+00:00,47.2951616373,47.2951616373,47.2007412707,47.2101833073,1845099,,,,,,,46.68654972494578,46.624789616740934,44.583640389487705,44.92077485079061,"rgba(38, 166, 154, 1.0)",0.0,0.0,1.1295952734634482,44.69590792970405,2.301048675271441,0.0,0.0,0.0,0.0,99.58152361321234,49.33626918445189,True,False,True,False,True,20.0,0,1.689952528531834,0.24154021191453873,False,False,False,False,0.3428281971169409,0.3428281962804569,False,False,False,False,127969398,102382252.59795052,False,False,False,False,2172967.5118213436,False,False,False,False
2024-07-19 00:00:00+00:00,47.3234877473,47.3329297839,47.2951616373,47.3140457106,1728597,,,,,,,46.710186239874716,46.64797995882008,44.60340689807843,44.941394340414945,"rgba(38, 166, 154, 1.0)",0.0,0.0,1.1360055691833852,44.71595087213579,2.2953557147071284,0.0,0.0,0.0,0.0,99.61132935923827,49.37662560161088,True,False,True,False,True,20.0,0,1.6995521820125394,0.21721600883852693,False,False,False,False,0.34282819753641613,0.3428281969084365,False,False,False,False,129697995,104405640.92402825,False,False,False,False,2140051.177612355,False,False,False,False
2024-07-26 00:00:00+00:00,47.3997503225,47.3997503225,47.3333641176,47.3333641176,2863694,,,,,,47.37762158753332,46.749205563786546,46.68633637815571,44.636246944755904,44.975633181992166,"rgba(38, 166, 154, 1.0)",0.0,0.0,1.1425086235797448,44.74924419553673,2.319900324829596,0.0,0.0,0.0,0.0,99.64066444540754,49.416101529054444,True,False,True,False,True,20.0,0,1.7030861565103943,0.21771453290245593,False,False,False,False,0.34282819616912424,0.3428281965387804,False,False,False,False,132561689,106491274.11484097,False,False,False,False,2193654.3496410693,False,False,False,False
2024-08-02 00:00:00+00:00,47.542006476,47.5514902195,47.3997503225,47.4282015532,2674941,,,,,,47.43563836547241,46.78796558326302,46.72431500946516,44.66754155639181,45.00831375771512,"rgba(38, 166, 154, 1.0)",0.0,0.0,1.150141794137376,44.78098856369086,2.400589150296848,0.0,0.0,0.0,0.0,99.67403220035274,49.45891736206973,True,False,True,False,True,20.0,0,1.6899544888895799,0.20681738114571013,False,False,False,False,0.34282820004313885,0.3428281982909596,False,False,False,False,135236630,108620559.73596387,False,False,False,False,2229305.2126306198,False,False,False,False
2024-08-09 00:00:00+00:00,47.542006476,47.5704577067,47.5230389888,47.5514902195,3232658,,,,,,47.47600538508289,46.83255831540822,46.768260303045764,44.70507799949236,45.04742644683135,"rgba(38, 166, 154, 1.0)",0.0,0.0,1.1556927955472616,44.819035932352854,2.3561369891189123,0.0,0.0,0.0,0.0,99.69786631102788,49.492042898937896,True,False,True,False,True,20.0,0,1.7361345383818672,0.19711329518079945,False,False,False,False,0.34282820137495795,0.34282819983295876,False,False,False,False,135236630,110592120.49626283,False,False,False,False,2303627.641324648,False,False,False,False
2024-08-16 00:00:00+00:00,47.6083926809,47.6178764245,47.5435238749,47.5514902195,2077865,,,,,,47.49782477735233,46.86018210504268,46.79559467612422,44.72906488394681,45.07237577071467,"rgba(38, 166, 154, 1.0)",0.0,0.0,1.161756385800273,44.84333447335304,2.380067147762877,0.0,0.0,0.0,0.0,99.72010627023576,49.523396349369534,True,False,True,False,True,20.0,0,1.7149593340168718,0.20341078355988204,False,False,False,False,0.34282820094076594,0.34282820038686235,False,False,False,False,137314495,112571555.64468782,False,False,False,False,2286904.4827080076,False,False,False,False
2024-08-23 00:00:00+00:00,47.6941145122,47.7036419023,47.617895392,47.617895392,1952848,,,,,47.6718839355,47.52437616928812,46.88708404932491,46.822161493126416,44.75188323331055,45.09613062782358,"rgba(38, 166, 154, 1.0)",0.0,0.0,1.168790954018744,44.866456355383846,2.4193018837916234,0.0,0.0,0.0,0.0,99.74203536089294,49.55417730211313,True,False,True,False,True,20.0,0,1.7109568294832473,0.19386462954189035,False,False,False,False,0.34282820221100085,0.3428282012989316,False,False,False,False,139267343,114549021.37471093,False,False,False,False,2262159.5580629697,False,False,False,False
2024-08-30 00:00:00+00:00,47.7512788524,47.7608062425,47.6988782072,47.7036419023,2398209,,,,,47.70776776683503,47.557920895334185,46.920323165125694,46.854999255164145,44.78004000797794,45.12543808346253,"rgba(38, 166, 154, 1.0)",0.0,0.0,1.176319339163275,44.894986130991896,2.428160981727807,0.0,0.0,0.0,0.0,99.76136288313575,49.582160339561625,True,False,True,False,True,20.0,0,1.7395185241246867,0.19662284839125765,False,False,False,False,0.3428282020221495,0.3428282016605405,False,False,False,False,141665552,116557653.2728805,False,False,False,False,2272237.2945027496,False,False,False,False
2024-09-06 00:00:00+00:00,47.8656075329,47.8656075329,47.7512788524,47.7512788524,2116373,,,,,47.74694774637058,47.590867665681,46.9505881089693,46.884858960358855,44.805197433386,45.15164408651558,"rgba(38, 166, 154, 1.0)",0.0,0.0,1.1834328397127905,44.92048373756364,2.4886277416901117,0.0,0.0,0.0,0.0,99.78164738766213,49.61076245381943,True,False,True,False,True,20.0,0,1.7296657372423212,0.19933179209134627,False,False,False,False,0.34282820335555414,0.34282820250804735,False,False,False,False,143781925,118574265.99340788,False,False,False,False,2260691.7912062495,False,False,False,False
2024-09-13 00:00:00+00:00,47.913244483,47.9227718731,47.8465527528,47.8465527528,1935503,,,,,47.78086295772804,47.62136205266123,46.9785255572607,46.912426923407445,44.82834367310245,45.17575569855947,"rgba(38, 166, 154, 1.0)",0.0,0.0,1.1916269355095028,44.94394324412566,2.4918043981648967,0.0,0.0,0.0,0.0,99.79855546111708,49.635784114049216,True,False,True,False,True,20.0,0,1.7191732064987697,0.19846846005624805,False,False,False,False,0.3428282046248972,0.34282820356647226,False,False,False,False,145717428,120584870.58648877,False,False,False,False,2236603.7325983793,False,False,False,False
2024-09-20 00:00:00+00:00,47.9894636033,47.9894636033,47.9227718731,47.9227718731,2426768,,,,,47.82262559911725,47.66007943218764,47.01391472994008,46.94735337883034,44.857559143425775,45.206191153038354,"rgba(38, 166, 154, 1.0)",0.0,0.0,1.1991827356928118,44.97355471609259,2.514970235512112,0.0,0.0,0.0,0.0,99.81425653508005,49.659381802702256,True,False,True,False,True,20.0,0,1.757844844932459,0.19183562952536454,False,False,False,False,0.3428282046782031,0.34282820412233767,False,False,False,False,148144196,122626302.09860072,False,False,False,False,2250689.974628129,False,False,False,False
2024-09-27 00:00:00+00:00,48.025061012,48.0346296633,47.9867864067,47.996355058,2704819,,,,,47.861169240200006,47.69950447880267,47.0523392009618,46.985370601660875,44.88998321859724,45.239920513677866,"rgba(38, 166, 154, 1.0)",0.0,0.0,1.2060048067125677,45.006402185141965,2.503023876900257,1.0,48.0059237094,47.9894636033,145.0,99.82707648773425,49.679966427511175,True,False,True,False,True,20.0,0,1.7509232935923067,0.19396465526728018,False,False,False,False,0.3428282055525266,0.34282820483743215,False,False,False,False,150849015,124716873.42463028,False,False,False,False,2284329.161692712,False,False,False,False
2024-10-04 00:00:00+00:00,48.0154923607,48.0633356173,48.0059237094,48.025061012,3288451,,,,,47.893829270422316,47.73857141823371,47.09582912962083,47.02862622845851,44.92867511662122,45.28003614062113,"rgba(38, 166, 154, 0.75)",0.0,0.0,1.2114895398520524,45.04555487562807,2.451475961925863,0.0,0.0,0.0,0.0,99.52459503926886,49.680003631895445,True,False,True,False,False,20.0,0,1.7541434957734965,0.19511566990477802,False,False,False,False,0.3428282058711634,0.3428282053542978,False,False,False,False,147560564,126408998.65243545,False,False,False,False,2358708.5571228815,False,False,False,False
2024-10-11 00:00:00+00:00,48.0633356173,48.0633356173,47.996355058,47.996355058,2421025,,,,,47.912345447307985,47.76290281186291,47.12585397483438,47.05862459058931,44.956671367427816,45.3089738103377,"rgba(38, 166, 154, 0.75)",0.0,0.0,1.217185628582777,45.073855081188384,2.4560596723380628,0.0,0.0,0.0,0.0,99.3279892299506,49.498075007385935,True,False,True,False,False,20.0,0,1.7357306104953891,0.2043023813611697,False,False,False,False,0.3404788733259789,0.34165353934013837,False,False,False,False,149981589,128155116.45595875,False,False,False,False,2363324.589928594,False,False,False,False
2024-10-18 00:00:00+00:00,48.1016102226,48.1016102226,48.053766966,48.0633356173,3207229,,,,,47.937104336083735,47.793988464448056,47.16461361914995,47.097417143768695,44.99351853632796,45.34699895088484,"rgba(38, 166, 154, 0.75)",0.0,0.0,1.221951357573713,45.11108209451125,2.447338111745053,0.0,0.0,0.0,0.0,99.20259566145644,49.38811852901556,True,False,True,False,False,20.0,0,1.7582979726329773,0.19112297389025748,False,False,False,False,0.3428282049789892,0.3422408721595638,False,False,False,False,153188818,130009464.71848033,False,False,False,False,2425836.027711661,False,False,False,False
2024-10-25 00:00:00+00:00,48.1280443895,48.1376527034,48.0896111339,48.1088277617,2303752,,,,,47.95397946214724,47.814981723604234,47.191501106246605,47.124386809664585,45.019729680565334,45.37399519066879,"rgba(38, 166, 154, 0.75)",0.0,0.0,1.224554830975227,45.13754592925741,2.4421107039045133,0.0,0.0,0.0,0.0,99.12330983346371,49.322088872061585,True,False,True,False,False,20.0,0,1.7682073826878768,0.19552893573418104,False,False,False,False,0.3428282033334799,0.34253453774652187,False,False,False,False,155492570,131897102.14674105,False,False,False,False,2416792.766399686,False,False,False,False
2024-11-01 00:00:00+00:00,48.1568693313,48.185694273,48.1184360756,48.1184360756,3470511,,,,,47.97853231556612,47.84506285217362,47.230695889956685,47.16377683741273,45.058835560010905,45.41419488593379,"rgba(38, 166, 154, 0.75)",0.0,0.0,1.2254866374633735,45.17700313820443,2.4315778744544936,0.0,0.0,0.0,0.0,99.07787583787645,49.28618288158148,True,False,True,False,False,20.0,0,1.7802243360144048,0.20684685505598702,False,False,False,False,0.3428282021920499,0.3426813699692859,False,False,False,False,158963081,133901989.46920466,False,False,False,False,2494845.9688885985,False,False,False,False
2024-11-08 00:00:00+00:00,48.2145192147,48.2337358426,48.1664776452,48.185694273,2716498,,,,,47.99840683086456,47.868453609423234,47.260799442193445,47.19405693305051,45.089266520337745,45.44543210282116,"rgba(38, 166, 154, 0.75)",0.0,0.0,1.2270699992743335,45.207692653530515,2.450411600762519,0.0,0.0,0.0,0.0,99.06686946031073,49.27981849664114,True,False,True,False,False,20.0,0,1.73800531333358,0.2048581124974964,False,False,False,False,0.34282820189051155,0.3427547859298987,False,False,False,False,161679579,135959588.69370803,False,False,False,False,2511264.6378598134,False,False,False,False
2024-11-15 00:00:00+00:00,48.2433441565,48.2529524704,48.2049109008,48.2049109008,2388456,,,,,48.015270483316996,47.88820165018062,47.286533804329004,47.219980316093974,45.11578348861283,45.472605965673424,"rgba(38, 166, 154, 0.75)",0.0,0.0,1.227284708756565,45.23441979736918,2.451692209364641,0.0,0.0,0.0,0.0,99.06926598828835,49.27981849664114,True,False,True,False,False,20.0,0,1.7484094510143284,0.21868929663388528,False,False,False,False,0.342828201448545,0.34279149368922185,False,False,False,False,164068035,138041695.82750744,False,False,False,False,2502167.701722049,False,False,False,False
2024-11-22 00:00:00+00:00,48.2845956613,48.2942487192,48.2459834296,48.2652895454,2075251,,,,,48.03049077082289,47.90555300971349,47.30873881962742,47.24235075584696,45.13876247628457,45.496136023966024,"rgba(38, 166, 154, 0.75)",0.0,0.0,1.2269988965036813,45.25757492930106,2.46701178022605,0.0,0.0,0.0,0.0,99.08529844822809,49.27981849664114,True,False,True,False,False,20.0,0,1.7507981221604407,0.20823551926314698,False,False,False,False,0.34282820140642195,0.3428098475478219,False,False,False,False,166143286,140123295.09954393,False,False,False,False,2470544.2423352306,False,False,False,False
2024-11-29 00:00:00+00:00,48.3521670666,48.3618201245,48.3039017771,48.3039017771,1285991,,,,48.33929632273333,48.04131396336174,47.91728586873298,47.322888600912634,47.25657798661128,45.15312384956602,45.51085296270346,"rgba(38, 166, 154, 0.75)",0.0,0.0,1.2272846610289232,45.272050139040346,2.509700500108401,0.0,0.0,0.0,0.0,99.11845641994111,49.27981849664114,True,False,True,False,False,20.0,0,1.7380653783080755,0.2010892092187556,False,False,False,False,0.3428282016462719,0.34281902459704694,False,False,False,False,167429277,142145960.42550364,False,False,False,False,2382799.5577178057,False,False,False,False
2024-12-06 00:00:00+00:00,48.419738472,48.4293915299,48.3521670666,48.3618201245,3083828,,,,48.38244067532795,48.06915670627972,47.94671698731705,47.3572361470641,47.29108096983623,45.18769398844207,45.546280859876816,"rgba(38, 166, 154, 0.75)",0.0,0.0,1.2268403967659336,45.3068950180647,2.537284770000275,0.0,0.0,0.0,0.0,99.16156906989357,49.27981849664114,True,False,True,False,False,20.0,0,1.7379437125751946,0.20100733223058112,False,False,False,False,0.34282820134854175,0.34282361297279434,False,False,False,False,170513105,144247230.39398485,False,False,False,False,2434727.59047945,False,False,False,False
2024-12-13 00:00:00+00:00,48.4583507036,48.4680037615,48.4293915299,48.4486976457,2630147,,,,48.40854488196914,48.092896732352315,47.97166770510463,47.38620880257445,47.32019582198021,45.21706518338907,45.57635019520104,"rgba(38, 166, 154, 1.0)",0.0,0.0,1.226006255803867,45.33648954169719,2.546366421153265,0.0,0.0,0.0,0.0,99.20270681557454,49.27981849664114,True,False,True,False,True,20.0,0,1.7623173922986715,0.19579452025932265,False,False,False,False,0.3428282012275389,0.3428259071001666,False,False,False,False,173143252,146387676.43887487,False,False,False,False,2449203.102295787,False,False,False,False
2024-12-20 00:00:00+00:00,48.4776568194,48.4873098774,48.4390445878,48.4583507036,2312240,,,,48.42330864467838,48.112292488784284,47.99232109481207,47.410807380360325,47.344958325420045,45.242579372436865,45.60242065822567,"rgba(38, 166, 154, 1.0)",0.0,0.0,1.2249870315270914,45.3621810913132,2.54327241669081,0.0,0.0,0.0,0.0,99.23722111600478,49.27981849664114,True,False,True,False,True,20.0,0,1.733733840200071,0.20324097762942037,False,False,False,False,0.34282819982910273,0.34282705346463466,False,False,False,False,175455492,148540847.9619212,False,False,False,False,2439057.6873109136,False,False,False,False
2024-12-27 00:00:00+00:00,48.5303965127,48.5303965127,48.472241454,48.4916264735,2336972,,,,48.44090294198927,48.13209479892198,48.0132551292563,47.435524107597175,47.36984096621144,45.26830119598819,45.6286849841105,"rgba(38, 166, 154, 1.0)",0.0,0.0,1.2235271899332492,45.38807569782595,2.5682476374272376,0.0,0.0,0.0,0.0,99.27547237143956,49.27981849664114,True,False,True,False,True,20.0,0,1.7213464988481753,0.20526344761657828,False,False,False,False,0.3428281994618252,0.34282762646322995,False,False,False,False,177792464,150707634.3351122,False,False,False,False,2431495.784547142,False,False,False,False
2025-01-03 00:00:00+00:00,48.5788590616,48.5885515714,48.5303965127,48.5400890225,2937073,,,,48.466079416904606,48.157583354469914,48.039935501132156,47.466564228323804,47.40108097309678,45.30059741629024,45.661644814878905,"rgba(38, 166, 154, 1.0)",0.0,0.0,1.2220466123584333,45.420583122028795,2.5844152814073382,0.0,0.0,0.0,0.0,99.31443448408156,49.125114611758676,True,False,True,False,True,20.0,0,1.7526134812917027,0.19360178751473914,False,False,False,False,0.34282819794228747,0.3428279122027587,False,False,False,False,180729537,152931478.97695574,False,False,False,False,2468945.9486547615,False,False,False,False
2025-01-10 00:00:00+00:00,48.607936591,48.6176291008,48.5982440812,48.607936591,2161306,,,48.607936591,48.48438637125714,48.17624664299425,48.059420854192595,47.48917043182061,47.423838997245056,45.3242626459501,45.685774396320134,"rgba(38, 166, 154, 1.0)",0.0,0.0,1.2204357006640565,45.44439588681962,2.592140415475432,0.0,0.0,0.0,0.0,99.34898279447762,49.16375259739081,True,False,True,False,True,20.0,0,1.7502650153595296,0.20539792459819264,False,False,False,False,0.3428281971727349,0.3428280546877468,False,False,False,False,182890843,155150691.12681088,False,False,False,False,2446157.804309964,False,False,False,False
2025-01-17 00:00:00+00:00,48.6757841595,48.6854766693,48.6176291008,48.6273216106,3530900,,,48.64000222161486,48.514899918016134,48.20689770280917,48.09127374793527,47.52585605514369,47.46077212499186,45.36280138625336,45.72503806800554,"rgba(38, 166, 154, 1.0)",0.0,0.0,1.2189391262062785,45.483164605781155,2.619178829426271,0.0,0.0,0.0,0.0,99.38831915644822,49.20696313149824,True,False,True,False,True,20.0,0,1.6857123998221037,0.2007950861941244,False,False,False,False,0.34282819677648013,0.34282812573211346,False,False,False,False,186421743,157467065.3396397,False,False,False,False,2526509.0780647816,False,False,False,False
2025-01-24 00:00:00+00:00,48.7331116695,48.7428446656,48.6844466888,48.7039126811,2647193,,,48.66543872924637,48.53859805214433,48.23018940786654,48.11533710880528,47.55327545968236,47.48837144445194,45.39163522584713,45.75439456726481,"rgba(38, 166, 154, 1.0)",0.0,0.0,1.216690374457831,45.512164048646895,2.6473026239632973,0.0,0.0,0.0,0.0,99.42756446174756,49.24986206009615,True,False,True,False,True,20.0,0,1.7061808896834698,0.20217897470951154,False,False,False,False,0.3428281945896797,0.34282816016089657,False,False,False,False,189068936,159807944.6478145,False,False,False,False,2535448.627837761,False,False,False,False
2025-01-31 00:00:00+00:00,48.7817766502,48.7817766502,48.7428446656,48.7525776618,3187905,,,48.69402336191002,48.56670068999579,48.25809997722714,48.144122812013315,47.58597872563928,47.52129520738779,45.426206178536134,45.789560213575484,"rgba(38, 166, 154, 1.0)",0.0,0.0,1.2139552550146944,45.54692302772368,2.66472228619099,0.0,0.0,0.0,0.0,99.46435971459914,49.29021897792116,True,False,True,False,True,20.0,0,1.73930442416599,0.2147139617579113,False,False,False,False,0.34282819348412513,0.3428281768225109,False,False,False,False,192256841,162211566.59982827,False,False,False,False,2583778.729479408,False,False,False,False
2025-02-07 00:00:00+00:00,48.8207086348,48.8304416309,48.7720436541,48.7720436541,2810416,,,48.716311886660385,48.59012058283811,48.282112113870205,48.168930542186615,47.61428583078442,47.549810182283785,45.456449906212555,45.82028454565578,"rgba(38, 166, 154, 1.0)",0.0,0.0,1.2117186526120851,45.57731814440922,2.6766861130667983,0.0,0.0,0.0,0.0,99.49729849174696,49.32680426444958,True,False,True,False,True,20.0,0,1.678230533729836,0.20212015818264115,False,False,False,False,0.3428281937327431,0.342828185277627,False,False,False,False,195067257,164645321.44428545,False,False,False,False,2600566.6754438966,False,False,False,False
2025-02-14 00:00:00+00:00,48.8791066116,48.8791066116,48.8207086348,48.8207086348,1841196,,,48.7326230096851,48.60625048758119,48.29818177314537,48.185442257766866,47.63290636340074,47.56855874468908,45.47627435532739,45.84042006557504,"rgba(38, 166, 154, 1.0)",0.0,0.0,1.2091673700921317,45.59724056130948,2.7141536659564878,0.0,0.0,0.0,0.0,99.53017341235562,49.363337168883504,True,False,True,False,True,20.0,0,1.7033193050230186,0.19386579268805879,False,False,False,False,0.34282819213019833,0.34282818870391263,False,False,False,False,196908453,167035183.04100505,False,False,False,False,2544316.995781386,False,False,False,False
2025-02-21 00:00:00+00:00,48.9277715923,48.9375045884,48.8693736155,48.8693736155,1956520,,,48.75192632845714,48.62450518420257,48.31579682116707,48.203430437837774,47.65290437066763,47.58867996519095,45.49740830371199,45.86188932404607,"rgba(38, 166, 154, 1.0)",0.0,0.0,1.205856415843075,45.618480223916855,2.7443494307483123,0.0,0.0,0.0,0.0,99.56085164853009,49.39774514918766,True,False,True,False,True,20.0,0,1.7050805908726732,0.20305684748410643,False,False,False,False,0.34282819130534736,0.34282819000463,False,False,False,False,198864973,169392945.26018986,False,False,False,False,2500776.477575357,False,False,False,False
2025-02-28 00:00:00+00:00,49.0040460492,49.0040460492,48.9258740914,48.9356455862,3262412,,,48.78639281739214,48.65655292177117,48.34605804996379,48.234157097976706,47.68658300290341,47.6225423859817,45.53275044344658,45.897794044062856,"rgba(38, 166, 154, 1.0)",0.0,0.0,1.2022819545741932,45.65399986647568,2.786406441499649,0.0,0.0,0.0,0.0,99.59295234368066,49.433494461973694,True,False,True,False,True,20.0,0,1.6881253190476915,0.2058218509553734,False,False,False,False,0.34282819037330775,0.3428281901889689,False,False,False,False,202127385,171817718.5742499,False,False,False,False,2557193.923680886,False,False,False,False
2025-03-07 00:00:00+00:00,49.0431320281,49.0577892702,48.9942745545,49.0040460492,4164189,,,48.82635984040997,48.69546657074838,48.38384925140961,48.272596123083865,47.72885058616482,47.665060593374356,45.57751989646236,45.943217637290836,"rgba(38, 166, 154, 1.0)",0.0,0.0,1.197888621913844,45.69897486903288,2.791709594606733,0.0,0.0,0.0,0.0,99.62066616179764,49.464977682941225,True,False,True,False,True,20.0,0,1.7201882310650627,0.2125549544151585,False,False,False,False,0.3428281895233963,0.3428281898561826,False,False,False,False,206291574,174371337.49467584,False,False,False,False,2676230.5960008204,False,False,False,False
2025-03-14 00:00:00+00:00,49.0724465123,49.0773322597,49.0431320281,49.0529035229,4463304,,,48.861730473972536,48.73236800632493,48.42180448340766,48.31148430921765,47.77236226783269,47.708893696519375,45.624690964786744,45.99096263521344,"rgba(38, 166, 154, 1.0)",0.0,0.0,1.1922259169555367,45.746324335666266,2.7898422013231383,0.0,0.0,0.0,0.0,99.64396532987516,49.49232125930408,True,False,True,False,True,20.0,0,1.709749200233374,0.21548460853403129,False,False,False,False,0.3428281873338008,0.3428281885949917,False,False,False,False,210754878,177066414.5691443,False,False,False,False,2808606.403704463,False,False,False,False
2025-03-21 00:00:00+00:00,49.121303986,49.121303986,49.0529035229,49.0529035229,2730054,,,48.88146475139997,48.753481986485795,48.44413058820749,48.33444035847288,47.798274918745655,47.735019756035,45.65320068236415,46.01977036339349,"rgba(38, 166, 154, 1.0)",0.0,0.0,1.1866104851848776,45.774925711790964,2.8201152071293736,1.0,49.1079471157,49.0773322597,171.0,99.66622015925793,49.51882496640113,True,False,True,False,True,20.0,0,1.6763856110016455,0.23244441421645323,False,False,False,False,0.3428281856063569,0.3428281871006743,False,False,False,False,213484932,179764082.52698547,False,False,False,False,2802787.707133762,False,False,False,False
2025-03-28 00:00:00+00:00,49.1569962039,49.1668060216,49.1079471157,49.1177569334,3547171,,,48.9071092483694,48.780696959786766,48.47289557111029,48.36399812755622,47.83159253244124,47.768615900664535,45.69003098729752,46.05695251850885,"rgba(38, 166, 154, 1.0)",0.0,0.0,1.179618931654495,45.811863513392176,2.835773995095222,1.0,49.1471863863,49.121303986,171.0,99.68601826878914,49.54309646370572,True,False,True,False,True,20.0,0,1.6657960228106083,0.23768005216603938,False,False,False,False,0.3428281875407532,0.34282818732071374,False,False,False,False,217032103,182524676.63609764,False,False,False,False,2857927.210309039,False,False,False,False
2025-04-04 00:00:00+00:00,49.1569962039,49.2256649274,49.1471863863,49.1569962039,4483206,,,48.936733637115836,48.812752604488395,48.50764994770445,48.399846249781724,47.87240554932264,47.8098089573508,45.735913219135725,46.10318353543259,"rgba(38, 166, 154, 1.0)",0.0,0.0,1.172001421550464,45.85785003704282,2.8149677177803003,0.0,0.0,0.0,0.0,99.70015977559716,49.5621226975786,True,False,True,False,True,20.0,0,1.6696615504186016,0.22871369590997667,False,False,False,False,0.3428281903768207,0.3428281888487672,False,False,False,False,217032103,185080782.29268298,False,False,False,False,2978318.231767629,False,False,False,False
2025-04-11 00:00:00+00:00,49.1079471157,49.1766158392,49.0687078452,49.1569962039,5669666,,,48.958826672337274,48.841081975802055,48.543515128917676,48.4377814319764,47.918428636770365,47.8564751414911,45.79127351964757,46.15864055757271,"rgba(38, 166, 154, 0.5)",0.0,0.0,1.1633669207321533,45.91322854387144,2.7460971383112693,0.0,0.0,0.0,0.0,97.6617791632317,47.905393482485906,False,True,True,False,False,20.0,0,1.6099387299735821,0.27870056704166424,False,False,False,False,0.30079845474248923,0.3218133217956282,False,False,False,False,211362437,187027571.530262,False,False,False,False,3177677.3257107674,False,False,False,False
2025-04-18 00:00:00+00:00,49.2060452921,49.2060452921,49.1177569334,49.1177569334,3218471,,,48.972937664038405,48.85788719397868,48.5639596062867,48.459298120903405,47.944281259125965,47.88268206222008,45.82244249556725,46.18983137039943,"rgba(38, 166, 154, 0.5)",0.0,0.0,1.1542789645998308,45.94439704861247,2.82570188274919,0.0,0.0,0.0,0.0,96.48931445085572,46.87407403565069,False,True,True,False,False,20.0,0,1.5805790245548446,0.29991780953953073,False,False,False,False,0.32598891253275836,0.3239011171641933,False,False,False,False,214580908,189068559.41690925,False,False,False,False,3180699.079361822,False,False,False,False
2025-04-25 00:00:00+00:00,49.2905642236,49.2905642236,49.2117938453,49.2117938453,2827871,,49.26430743083334,48.988631534109025,48.875018476332365,48.5832826753065,48.47938286237204,47.96769016593885,47.906367763300366,45.85006255465941,46.21749863406473,"rgba(38, 166, 154, 0.5)",0.0,0.0,1.1469846337391527,45.972026044827736,2.893271697942352,0.0,0.0,0.0,0.0,95.85374860160425,46.3753181691974,False,True,True,False,False,20.0,0,1.5989766108492605,0.28980246972537477,False,False,False,False,0.3428281870286055,0.3333646520963994,False,False,False,False,217408779,191167834.94158265,False,False,False,False,3154563.666075761,False,False,False,False
2025-05-02 00:00:00+00:00,49.3299494127,49.3594883046,49.2807179263,49.2807179263,3314157,,49.296185020840056,49.008508048109924,48.8961251749477,48.606464464677146,48.50336046653043,47.99529216761268,47.93427684563895,45.88242371438347,46.24991302494252,"rgba(38, 166, 154, 0.5)",0.0,0.0,1.1389498048407505,46.00439708037431,2.919840995794082,0.0,0.0,0.0,0.0,95.48486227795611,46.12320093495997,False,True,True,False,False,20.0,0,1.6183827484835136,0.2823759941761644,False,False,False,False,0.3428281882850428,0.3380964201907211,False,False,False,False,220722936,193357101.6866506,False,False,False,False,3166385.3945145933,False,False,False,False
2025-05-09 00:00:00+00:00,49.3693346019,49.3791808992,49.3299494127,49.3299494127,1989377,,49.31167239316212,49.02058707686004,48.908858757275674,48.620361370177235,48.51771539681434,48.011763315380946,47.95092972310146,45.90176180540154,46.269272124314995,"rgba(38, 166, 154, 0.5)",0.0,0.0,1.1333905215708242,46.02373752624953,2.9518484687992905,0.0,0.0,0.0,0.0,95.30324967418076,46.030947563017975,False,True,True,False,False,20.0,0,1.6349492689122505,0.2931436485378672,False,False,False,False,0.34282818861621916,0.34046230440347014,False,False,False,False,222712313,195531561.78393573,False,False,False,False,3079199.5875135125,False,False,False,False
2025-05-16 00:00:00+00:00,49.4185660883,49.4284123856,49.3496420073,49.3496420073,4467312,,49.342592567255636,49.047724577847,48.93734016108742,48.65134048096621,48.54968915152237,48.048379155916976,47.98795024715818,45.94489873146105,46.312421331107785,"rgba(38, 166, 154, 0.5)",0.0,0.0,1.1269216494390126,46.06686832459073,2.9742065611906208,0.0,0.0,0.0,0.0,95.270555593174,46.030947563017975,False,True,True,False,False,20.0,0,1.6126329705559777,0.2883048951349301,False,False,False,False,0.342828188220902,0.34164524631218607,False,False,False,False,227179625,197875862.76290345,False,False,False,False,3182022.7291791784,False,False,False,False
2025-05-23 00:00:00+00:00,49.4760670469,49.485952375,49.4168539317,49.4266404065,2752616,,49.36357731406918,49.06516091713489,48.95539845944784,48.67068450655391,48.569588851356805,48.07096586091332,48.01077538224388,45.97141070911275,46.33893281250592,"rgba(38, 166, 154, 0.5)",0.0,0.0,1.1230933589144716,46.093373947275104,3.011942927785135,0.0,0.0,0.0,0.0,95.35197471756314,46.030947563017975,False,True,True,False,False,20.0,0,1.6228117934392527,0.28792621819984016,False,False,False,False,0.3428281881990696,0.3422367172556278,False,False,False,False,229932241,200250409.29898468,False,False,False,False,3150214.823314054,False,False,False,False
2025-05-30 00:00:00+00:00,49.5156083592,49.5353790154,49.4661817188,49.4760670469,2059937,,49.38039465260749,49.07868894542597,48.96927888185778,48.68537675990905,48.584662981698216,48.08794698035832,48.02792775715291,45.991249684924185,46.35877125708499,"rgba(38, 166, 154, 0.5)",0.0,0.0,1.1198389090862337,46.11320815797153,3.038294323961975,0.0,0.0,0.0,0.0,95.47765014478331,46.030947563017975,False,True,True,False,False,20.0,0,1.6319259065975804,0.2951344895093493,False,False,False,False,0.3428281876895543,0.34253245247259106,False,False,False,False,231992178,202601651.42498583,False,False,False,False,3069453.503068568,False,False,False,False
2025-06-06 00:00:00+00:00,49.5650349996,49.5749203277,49.5156083592,49.5156083592,2146531,,49.399212924207966,49.093359457890095,48.98419831848819,48.70097703217849,48.60062409362078,48.10578149834202,48.04593238019961,46.011955315010646,46.3794801076543,"rgba(38, 166, 154, 0.5)",0.0,0.0,1.1171210939985399,46.13391011043515,3.0713992490140316,0.0,0.0,0.0,0.0,95.64734564976865,46.030947563017975,False,True,True,False,False,20.0,0,1.6392402583181809,0.3041621484967121,False,False,False,False,0.3428281868720759,0.3426803196723335,False,False,False,False,234138709,204937729.76387578,False,False,False,False,3001088.873211637,False,False,False,False
2025-06-13 00:00:00+00:00,49.6243469681,49.6243469681,49.5650349996,49.5650349996,2282362,,49.420674009106264,49.109674875105156,49.000643403808894,48.71795018895898,48.61793646852569,48.12494821177512,48.065269530410596,46.034032636475004,46.4015678432679,"rgba(38, 166, 154, 0.5)",0.0,0.0,1.1134167027177235,46.15598587738815,3.115061128727436,1.0,49.61446164,49.5749203277,0.0,95.85693528565123,46.030947563017975,False,True,True,False,True,20.0,0,1.6245631046065163,0.30796174284210676,False,False,False,False,0.3428281889581661,0.34275425431524975,False,False,False,False,236421071,207269829.11469978,False,False,False,False,2947849.8455663305,False,False,False,False
2025-06-20 00:00:00+00:00,49.6836589366,49.6836589366,49.61446164,49.61446164,2751001,,49.447513643638096,49.13008254080702,49.02107666679185,48.738819930153724,48.63916680556503,48.14825913186415,48.08877420819559,46.06069699702903,46.42825068693954,"rgba(38, 166, 154, 0.5)",0.0,0.0,1.1117564665958115,46.182650384816185,3.149078648945366,1.0,49.6837281675,49.6243469681,0.0,96.0870904571151,45.21408626506225,False,True,True,False,True,20.0,0,1.6399229632351338,0.2932807729363446,False,False,False,False,0.3428281898836453,0.3427912220994475,False,False,False,False,239172072,209632958.2173146,False,False,False,False,2933268.449598454,False,False,False,False
2025-06-27 00:00:00+00:00,49.7532020183,49.7631268541,49.6837281675,49.7035778391,4170779,49.73335234663333,49.48896320981795,49.16216104793504,49.05301256537817,48.77111803887057,48.67193321770808,48.18391805232211,48.12470710334258,46.1011851996698,46.46877335089891,"rgba(38, 166, 154, 0.5)",0.0,0.0,1.1091402672123534,46.22314106043011,3.182700206838704,1.0,49.7532020183,49.6836589366,0.0,96.33638899347328,45.45933087120555,False,True,True,False,True,20.0,0,1.6526312659745122,0.28120442226993553,False,False,False,False,0.34282819078247756,0.34280970644096254,False,False,False,False,243342851,212129987.3123283,False,False,False,False,3024935.8977763467,False,False,False,False
2025-07-04 00:00:00+00:00,49.7829765258,49.7829765258,49.7532020183,49.7532020183,2570206,49.74848893133593,49.51226725819999,49.18154373155475,49.072372374735345,48.79077616985221,48.69188498342626,48.20564732505724,48.14660628778148,46.12596201702674,46.49355165397998,"rgba(38, 166, 154, 0.5)",0.0,0.0,1.1066468752152185,46.24791293917932,3.1943916942187975,1.0,49.7829765258,49.7631268541,0.0,96.5485463282135,45.67048609454184,False,True,True,False,True,20.0,0,1.6698679036847521,0.29154702641945657,False,False,False,False,0.3428281905740093,0.34281894850748595,False,False,False,False,245913057,214632436.9188225,False,False,False,False,2991252.2016447657,False,False,False,False
2025-07-11 00:00:00+00:00,49.8326007049,49.8326007049,49.7829765258,49.8028261974,2054814,49.76427425838807,49.53096426172688,49.19724079162947,49.08802197385395,48.806610228968815,48.707937363281175,48.22306156463446,48.164151967688646,46.1457619841021,46.51335185626499,"rgba(38, 166, 154, 0.5)",0.0,0.0,1.104924626941726,46.267708681426804,3.2263667009941774,1.0,49.8326007049,49.7829765258,0.0,96.75473878568846,45.878354851606105,False,True,True,False,True,20.0,0,1.6549669750786482,0.2841668444095033,False,False,False,False,0.34282819035773554,0.3428235694326107,False,False,False,False,247967871,217101728.33224306,False,False,False,False,2921886.4089303385,False,False,False,False
2025-07-18 00:00:00+00:00,49.8921497199,49.8921497199,49.8326007049,49.8326007049,2143187,49.78543887716179,49.55155371660605,49.21422094773897,49.10486583948975,48.82350401662525,48.72502418048613,48.241455206031326,48.18267338864642,46.16650137620738,46.53410115368124,"rgba(38, 166, 154, 0.5)",0.0,0.0,1.102462486050232,46.288446898494854,3.2687759148304902,1.0,49.8915145304,49.8326007049,0.0,96.96258488582288,46.08981128398253,False,True,True,False,True,20.0,0,1.684962338838455,0.2871321262586008,False,False,False,False,0.34282818993916064,0.3428258796858857,False,False,False,False,250111058,219546863.86318803,False,False,False,False,2864204.971231795,False,False,False,False
2025-07-25 00:00:00+00:00,49.9214016198,49.9313639829,49.8915145304,49.8915145304,2228379,49.807324544738776,49.57298890952495,49.23207549517369,49.122556237749706,48.841199071756314,48.74290452794811,48.26063664354951,48.201983223215656,46.18806606442808,46.55567611058831,"rgba(38, 166, 154, 0.5)",0.0,0.0,1.0992121729010853,46.310010393491204,3.285435983462107,1.0,49.9313639829,49.8921497199,0.0,97.13929302736541,46.273256947186,False,True,True,False,True,20.0,0,1.696393394383479,0.2915038592263734,False,False,False,False,0.3428281899615516,0.3428270348237187,False,False,False,False,252339437,221975943.35480374,False,False,False,False,2817106.7511405507,False,False,False,False
2025-08-01 00:00:00+00:00,50.0011005248,50.0110628879,49.9313639829,49.9313639829,2421579,49.83433051418178,49.59758956013789,49.252263858744676,49.14246441241451,48.860938960433195,48.76280279489299,48.281805803057914,48.223279892010176,46.211633473396766,46.57926897023075,"rgba(38, 166, 154, 0.5)",0.0,0.0,1.096379418296819,46.33358127712639,3.345118657344875,1.0,50.0110628879,49.9313639829,0.0,97.33658590001674,46.47845059463867,False,True,True,False,True,20.0,0,1.6691607331195668,0.28462738287390127,False,False,False,False,0.3428281911097507,0.3428276129667347,False,False,False,False,254761016,224404467.2544479,False,False,False,False,2787808.3992042136,False,False,False,False
2025-08-08 00:00:00+00:00,50.0509123404,50.0608747036,50.0110628879,50.0110628879,2686038,49.864699229700896,49.625370992324335,49.27515600944106,49.16499264530003,48.88317645414661,48.78518593483461,48.30549045754315,48.2470970026987,46.23784355783688,46.605514296998614,"rgba(38, 166, 154, 0.5)",0.0,0.0,1.09375759374264,46.35979758788184,3.3747100579094753,1.0,50.0509123404,50.0110628879,0.0,97.51745745351658,46.668888129910286,False,True,True,False,True,20.0,0,1.6919384990250057,0.2788061423464146,False,False,False,False,0.3428281919685695,0.3428279024676521,False,False,False,False,257447054,226852066.27263695,False,False,False,False,2780269.851115013,False,False,False,False
2025-08-15 00:00:00+00:00,50.1206488823,50.1206488823,50.0509123404,50.0608747036,3767061,49.904469167777,49.66350207677669,49.30731828453231,49.19666674958366,48.91444163694124,48.81664160884838,48.33869893600235,48.280485721808496,46.27454020699137,46.64225288045839,"rgba(38, 166, 154, 0.5)",0.0,0.0,1.092362915072437,46.39650058334107,3.4092591826151235,1.0,50.12,50.0608747036,0.0,97.69777255917614,46.859925103704455,False,True,True,False,True,20.0,0,1.6824211622800924,0.277131355135132,False,False,False,False,0.342828191772111,0.3428280471198816,False,False,False,False,261214115,229397403.21540457,False,False,False,False,2853365.49177316,False,False,False,False
2025-08-22 00:00:00+00:00,50.14,50.15,50.12,50.13,1172305,49.916194945685376,49.67510519933191,49.3172921769205,49.20649997132882,48.9241575605273,48.8264159068742,48.3490088356783,48.290851034305014,46.28593404296834,46.65365681290225,"rgba(38, 166, 154, 0.5)",0.0,0.0,1.0892726312890184,46.40789543911281,3.4262355021907727,0.0,0.0,0.0,0.0,97.84007463748527,47.01574533388836,False,False,True,False,True,20.0,0,1.709542159293248,0.27799745441144,False,False,False,False,0.3428281911134914,0.3428281191166865,False,False,False,False,262386420,231841034.08833757,False,False,False,False,2728842.4923825557,False,False,False,False
