date,Close,High,Low,Open,Volume,Gap_Up_aVWAP_947,Gap_Up_aVWAP_927,Gap_Up_aVWAP_887,Gap_Up_aVWAP_708,Gap_Up_aVWAP_459,Gap_Up_aVWAP_379,Gap_Up_aVWAP_311,Gap_Up_aVWAP_260,Gap_Up_aVWAP_247,Gap_Up_aVWAP_189,Gap_Down_aVWAP_845,Gap_Down_aVWAP_844,Gap_Down_aVWAP_833,Gap_Down_aVWAP_779,Gap_Down_aVWAP_694,Gap_Down_aVWAP_611,Gap_Down_aVWAP_452,Gap_Down_aVWAP_369,Gap_Down_aVWAP_367,Gap_Down_aVWAP_340,aVWAP_OB_bull_897,aVWAP_OB_bear_777,aVWAP_OB_bear_394,aVWAP_OB_bear_313,aVWAP_OB_bear_261,aVWAP_OB_bear_154,aVWAP_OB_bear_96,color,Liquidity,Liquidity_Level,StDev,StDev_Mean,StdDev_ZScore,OB,OB_High,OB_Low,OB_Mitigated_Index,FVG,FVG_High,FVG_Low,FVG_Mitigated_Index,QQEMOD,QQE1_Value,QQE1_Above_Upper,QQE1_Below_Lower,QQE2_Above_Threshold,QQE2_Below_Threshold,QQE2_Above_TL,banker_RSI,TTM_squeeze_Active,VI_plus,VI_minus,VI_Regular_Bullish,VI_Regular_Bearish,VI_Hidden_Bullish,VI_Hidden_Bearish,Fisher,Fisher_Signal,Fisher_Regular_Bullish,Fisher_Regular_Bearish,Fisher_Hidden_Bullish,Fisher_Hidden_Bearish,OBV,OBV_Smoothed,OBV_Regular_Bullish,OBV_Regular_Bearish,OBV_Hidden_Bullish,OBV_Hidden_Bearish,Volume_MA,Vol_Regular_Bullish,Vol_Regular_Bearish,Vol_Hidden_Bullish,Vol_Hidden_Bearish
2022-01-03 00:00:00+00:00,9.06,9.49,9.06,9.49,32821,,,,,,,,,,,,,,,,,,,,,,,,,,,,#000000,-1.0,7.915,,,,0.0,0.0,0.0,0.0,0.0,0.0,0.0,0.0,,,False,False,False,False,False,,0,,,False,False,False,False,,,False,False,False,False,0,0.0,False,False,False,False,32821.0,False,False,False,False
2022-01-04 00:00:00+00:00,9.88,9.88,9.1,9.1,84720,,,,,,,,,,,,,,,,,,,,,,,,,,,,"rgba(38, 166, 154, 0.5)",0.0,0.0,,,,0.0,0.0,0.0,0.0,0.0,0.0,0.0,0.0,100.0,,False,False,True,False,False,,0,,,False,False,False,False,,,False,False,False,False,84720,3322.3529411764707,False,False,False,False,34856.25490196078,False,False,False,False
2022-01-05 00:00:00+00:00,10.21,10.4699,9.88,9.88,185022,,,,,,,,,,,,,,,,,,,,,,,,,,,,"rgba(38, 166, 154, 0.5)",0.0,0.0,,,,0.0,0.0,0.0,0.0,0.0,0.0,0.0,0.0,100.0,50.0,False,False,True,False,True,,0,,,False,False,False,False,,,False,False,False,False,269742,13770.182237600922,False,False,False,False,40745.107650903505,False,False,False,False
2022-01-06 00:00:00+00:00,10.2,10.4257,10.067,10.36,83895,,,,,,,,,,,,,,,,,,,,,,,,,,,,"rgba(38, 166, 154, 0.5)",0.0,0.0,,,,0.0,0.0,0.0,0.0,0.0,0.0,0.0,0.0,99.6625108080216,49.69063490735313,False,False,True,False,False,,0,,,False,False,False,False,,,False,False,False,False,185847,20518.292738087162,False,False,False,False,42437.26029204454,False,False,False,False
2022-01-07 00:00:00+00:00,10.43,10.6,10.12,10.12,134893,,,,,,,,,,,,,,,,,,,,,,,,,,,,"rgba(38, 166, 154, 0.5)",0.0,0.0,,,,0.0,0.0,0.0,0.0,0.0,0.0,0.0,0.0,99.50633862469493,49.566226472191374,False,False,True,False,False,,0,,,False,False,False,False,,,False,False,False,False,320740,32291.693022868058,False,False,False,False,46062.97557470946,False,False,False,False
2022-01-10 00:00:00+00:00,10.41,10.76,10.2001,10.42,106625,,,,,,,,,,,,,,,,,,,,,,,,,,,,"rgba(38, 166, 154, 0.5)",0.0,0.0,,,,0.0,0.0,0.0,0.0,0.0,0.0,0.0,0.0,98.76962538948145,48.911300613707525,False,False,True,False,False,,0,,,False,False,False,False,,,False,False,False,False,214115,39422.01878667715,False,False,False,False,48437.95692472086,False,False,False,False
2022-01-11 00:00:00+00:00,10.67,10.67,10.23,10.51,49941,,,,,,,,,,,,,,,,,,,,,,,,,,,,"rgba(38, 166, 154, 0.5)",0.0,0.0,,,,0.0,0.0,0.0,0.0,0.0,0.0,0.0,0.0,98.4720915081564,48.691422588993305,False,False,True,False,False,,0,,,False,False,False,False,,,False,False,False,False,264056,48231.19452053295,False,False,False,False,48496.89979041808,False,False,False,False
2022-01-12 00:00:00+00:00,10.86,11.07,10.72,10.72,128153,,,,,,,,,,,,,,,,,,,,,,,,,,,,"rgba(38, 166, 154, 0.5)",0.0,0.0,,,,0.0,0.0,0.0,0.0,0.0,0.0,0.0,0.0,98.37794034291393,48.65295250236643,False,False,True,False,False,,0,,,False,False,False,False,,,False,False,False,False,392209,61720.52022561009,False,False,False,False,51620.668426087956,False,False,False,False
2022-01-13 00:00:00+00:00,10.56,10.9999,10.53,10.81,107198,,,,,,,,,,,,,,,,,,,,,,,,,,,,"rgba(38, 166, 154, 0.5)",0.0,0.0,,,,0.0,0.0,0.0,0.0,0.0,0.0,0.0,0.0,91.64920047878203,42.51596914929934,False,False,True,False,False,,0,,,False,False,False,False,,,False,False,False,False,285011,70477.00962852735,False,False,False,False,53800.1716250649,False,False,False,False
2022-01-14 00:00:00+00:00,10.32,10.45,9.998,10.44,81122,,,,,,,,,,,,,,,,,,,,,,,,,,,,"rgba(38, 166, 154, 0.5)",0.0,0.0,,,,0.0,0.0,0.0,0.0,0.0,0.0,0.0,0.0,83.20201553031724,35.15958139393169,False,False,True,False,False,,0,,,False,False,False,False,,,False,False,False,False,203889,75708.85238819294,False,False,False,False,54871.61587506235,False,False,False,False
2022-01-18 00:00:00+00:00,9.25,9.85,8.78,9.85,248294,,,,,,,,,,,,,,,,,,,,,,,,,,,,"rgba(38, 166, 154, 0.5)",0.0,0.0,,,,0.0,0.0,0.0,0.0,0.0,0.0,0.0,0.0,68.1315679616516,22.048125677205235,False,False,True,False,False,,0,,,False,False,False,False,,,False,False,False,False,-44405,70998.5052357148,False,False,False,False,62456.807409373636,False,False,False,False
2022-01-19 00:00:00+00:00,8.96,9.52,8.935,9.3,83926,,,,,,,,,,,,,,,,,,,,,,,,,,,,"rgba(38, 166, 154, 0.5)",0.0,0.0,,,,0.0,0.0,0.0,0.0,0.0,0.0,0.0,0.0,56.65439434997756,12.77900093825199,False,False,True,False,False,,0,,,False,False,False,False,,,False,False,False,False,-128331,63181.66189313774,False,False,False,False,63298.73653057467,False,False,False,False
2022-01-20 00:00:00+00:00,8.7,9.19,8.62,9.0,98606,,,,,,,,,,,,,,,,,,,,,,,,,,,,"rgba(239, 83, 80, 0.5)",0.0,0.0,,,,0.0,0.0,0.0,0.0,0.0,0.0,0.0,0.0,47.87715392289448,6.0964365253632025,False,False,False,True,False,,0,,,False,False,False,False,,,False,False,False,False,-226937,51804.459465955864,False,False,False,False,64683.33509800312,False,False,False,False
2022-01-21 00:00:00+00:00,8.12,8.61,8.05,8.59,177073,,,,,,,,,,,,,,,,,,,,,,,,,,,,"rgba(239, 83, 80, 0.5)",0.0,0.0,,,,0.0,0.0,0.0,0.0,0.0,0.0,0.0,0.0,40.030620176015944,0.13010330606867626,False,False,False,True,False,,0,,,False,False,False,False,,,False,False,False,False,-404010,33929.38262415367,False,False,False,False,69090.77293729712,False,False,False,False
2022-01-24 00:00:00+00:00,7.89,7.92,7.39,7.85,246997,,,,,,,,,,,,,,,,,,,,,,,,,,,,"rgba(239, 83, 80, 0.5)",0.0,0.0,,7.7333333333333325,,0.0,0.0,0.0,0.0,0.0,0.0,0.0,0.0,34.15648927503421,-4.2293630737327135,False,False,False,True,False,,0,,,False,False,False,False,,,False,False,False,False,-651007,7069.132325167255,False,False,False,False,76067.4877240698,False,False,False,False
2022-01-25 00:00:00+00:00,8.02,8.18,7.49,7.82,147169,,,,,,,,,,,,,,,,,,,,,,,,,,,,"rgba(239, 83, 80, 0.5)",0.0,0.0,,7.794316785313802,,0.0,0.0,0.0,0.0,0.0,0.0,0.0,0.0,31.455291169118016,-5.976226188092667,False,False,False,True,False,,0,,,False,False,False,False,,,False,False,False,False,-503838,-12966.441491505971,False,False,False,False,78855.78232312588,False,False,False,False
2022-01-26 00:00:00+00:00,8.02,8.115,7.8343,8.11,137630,,,,,,,,,,,,,,,,,,,,,,,,,,,,"rgba(239, 83, 80, 0.5)",0.0,0.0,,7.8448996538773015,,0.0,0.0,0.0,0.0,0.0,0.0,0.0,0.0,29.654492431840552,-7.313350248760443,False,False,False,True,False,,0,,,False,False,False,False,,,False,False,False,False,-503838,-32216.30653105476,False,False,False,False,81160.65360457193,False,False,False,False
2022-01-27 00:00:00+00:00,8.28,8.425,7.9931,8.1,79643,,,,,,,,,,,,,,,,,,,,,,,,,,,,"rgba(239, 83, 80, 0.5)",0.0,0.0,,7.895412596241544,,0.0,0.0,0.0,0.0,0.0,0.0,0.0,0.0,30.96989720226436,-7.313350248760443,False,False,False,True,False,,0,,,False,False,False,False,,,False,False,False,False,-424195,-47588.02000042517,False,False,False,False,81101.13777694166,False,False,False,False
2022-01-28 00:00:00+00:00,8.18,8.28,7.98,8.21,63117,,,,,,,,,,,,,,,,,,,,,,,,,,,,"rgba(239, 83, 80, 0.5)",0.0,0.0,,7.9189219908107455,,0.0,0.0,0.0,0.0,0.0,0.0,0.0,0.0,31.383188680608463,-7.313350248760443,False,False,False,True,False,,0,,,False,False,False,False,,,False,False,False,False,-487312,-64832.09764746732,False,False,False,False,80395.87747196355,False,False,False,False
2022-01-31 00:00:00+00:00,8.38,8.62,7.99,8.08,226823,,,,,,,,,,,,,,,,,,,,,,,,,,,,"rgba(239, 83, 80, 0.5)",0.0,0.0,,8.02236565577114,,0.0,0.0,0.0,0.0,0.0,0.0,0.0,0.0,33.5448561375108,-7.313350248760443,False,False,False,True,False,,0,,,False,False,False,False,,,False,False,False,False,-260489,-72504.91734756665,False,False,False,False,86138.11757110224,False,False,False,False
2022-02-01 00:00:00+00:00,8.24,8.56,8.19,8.26,114274,,,,,,,,,,,,,,,,,,,,,,,,,,,,"rgba(239, 83, 80, 0.5)",0.0,0.0,,8.056978468466427,,0.0,0.0,0.0,0.0,0.0,0.0,0.0,0.0,34.22367884002669,-7.313350248760443,False,False,False,True,False,,0,,,False,False,False,False,,,False,False,False,False,-374763,-84358.17549079932,False,False,False,False,87241.48550949038,False,False,False,False
2022-02-02 00:00:00+00:00,8.04,8.41,8.02,8.41,75510,,,,,,,,,,,,,,,,,,,,,,,,,,,,"rgba(239, 83, 80, 0.5)",0.0,0.0,,8.063877030684997,,0.0,0.0,0.0,0.0,0.0,0.0,0.0,0.0,33.64823986751043,-7.313350248760443,False,False,False,True,False,,0,,,False,False,False,False,,,False,False,False,False,-450273,-98707.77645194445,False,False,False,False,86781.42725421625,False,False,False,False
2022-02-03 00:00:00+00:00,8.03,8.06,7.82,8.0,60694,,,,,,,,,,,,,,,,,,,,,,,,,,,,"rgba(239, 83, 80, 0.5)",0.0,0.0,,8.05893043358102,,0.0,0.0,0.0,0.0,0.0,0.0,0.0,0.0,33.213220040418285,-7.313350248760443,False,False,False,True,False,,0,,,False,False,False,False,,,False,False,False,False,-510967,-114874.80482637801,False,False,False,False,85758.39089130581,False,False,False,False
2022-02-04 00:00:00+00:00,8.23,8.31,7.91,8.12,89188,,,,,,,,,,,,,,,,,,,,,,,,,,,,"rgba(239, 83, 80, 0.5)",0.0,0.0,,8.065475170065012,,0.0,0.0,0.0,0.0,0.0,0.0,0.0,0.0,35.05467921276761,-7.313350248760443,False,False,False,True,False,,0,,,False,False,False,False,,,False,False,False,False,-421779,-126910.2634606377,False,False,False,False,85892.88536615657,False,False,False,False
2022-02-07 00:00:00+00:00,8.64,8.64,8.25,8.26,78717,,,,,,,,,,,,,,,,,,,,,,,,,,,,"rgba(239, 83, 80, 0.5)",0.0,0.0,,8.091988784669761,,0.0,0.0,0.0,0.0,0.0,0.0,0.0,0.0,39.86990928245721,-7.313350248760443,False,False,False,True,True,,0,,,False,False,False,False,,,False,False,False,False,-343062,-135386.80214845584,False,False,False,False,85611.47809689553,False,False,False,False
2022-02-08 00:00:00+00:00,9.36,9.36,8.5959,8.65,73634,,,,,,,,,,,,,,,,,,,,,,,,,,,,#000000,0.0,0.0,,8.145537207393541,,0.0,0.0,0.0,0.0,0.0,0.0,0.0,0.0,47.345252099008505,-12.3190242182405,False,False,False,False,True,,0,,,False,False,False,False,,,False,False,False,False,-269428,-140643.3197112615,False,False,False,False,85141.77307348787,False,False,False,False
2022-02-09 00:00:00+00:00,10.27,10.33,9.2,9.45,146842,,,,,,,,,,,,,,,,,,,,,,,,,,,,"rgba(38, 166, 154, 0.5)",0.0,0.0,,8.315980709453127,,0.0,0.0,0.0,0.0,0.0,0.0,0.0,0.0,55.60280239538281,-4.573901273688207,False,False,True,False,True,,0,,,False,False,False,False,,,False,False,False,False,-122586,-139935.18952650612,False,False,False,False,87561.38981570404,False,False,False,False
2022-02-10 00:00:00+00:00,10.3,10.5,10.0505,10.11,88948,,,,,,,,,,,,,,,,,,,,,,,,,,,,"rgba(38, 166, 154, 0.5)",0.0,0.0,,8.423400553384736,,0.0,0.0,0.0,0.0,0.0,0.0,0.0,0.0,61.194812753010034,0.4789421061789909,False,False,True,False,True,,0,,,False,False,False,False,,,False,False,False,False,-33638,-135766.67229017254,False,False,False,False,87615.76668567644,False,False,False,False
2022-02-11 00:00:00+00:00,10.41,10.5637,10.16,10.16,120241,,,,,,,,,,,,,,,,,,,,,,,,,,,,"rgba(38, 166, 154, 0.5)",0.0,0.0,,9.467818260255118,,0.0,0.0,0.0,0.0,0.0,0.0,0.0,0.0,65.25770293387308,4.1264996664931815,False,False,True,False,True,,0,,,False,False,False,False,,,False,False,False,False,86603,-127046.29298467559,False,False,False,False,88895.18759996364,False,False,False,False
2022-02-14 00:00:00+00:00,9.37,10.31,9.37,10.22,91297,,,,,,,,,,,,,,,,,,,,,,,,,,,,"rgba(38, 166, 154, 0.5)",0.0,0.0,,9.345849282788219,,0.0,0.0,0.0,0.0,0.0,0.0,0.0,0.0,61.252816904590524,4.1264996664931815,False,False,True,False,True,,0,,,False,False,False,False,,,False,False,False,False,-4694,-122248.16384802164,False,False,False,False,88989.3763215337,False,False,False,False
2022-02-15 00:00:00+00:00,9.41,9.66,9.29,9.52,75195,,,,,,,,,,,,,,,,,,,,,,,,,,,,"rgba(38, 166, 154, 0.5)",0.0,0.0,,9.280402470626493,,0.0,0.0,0.0,0.0,0.0,0.0,0.0,0.0,58.76178908943461,4.1264996664931815,False,False,True,False,False,,0,,,False,False,False,False,,,False,False,False,False,70501,-114689.37310888353,False,False,False,False,88448.4203873559,False,False,False,False
2022-02-16 00:00:00+00:00,9.1,9.56,9.06,9.33,22823,,,,,,,,,,,,,,,,,,,,,,,,,,,,"rgba(38, 166, 154, 0.5)",0.0,0.0,,9.259038911421253,,0.0,0.0,0.0,0.0,0.0,0.0,0.0,0.0,55.50329781458471,4.1264996664931815,False,False,True,False,False,,0,,,False,False,False,False,,,False,False,False,False,47678,-108322.02514382928,False,False,False,False,85874.87448981253,False,False,False,False
2022-02-17 00:00:00+00:00,9.0,9.14,8.8786,9.0,103362,,,,,,,,,,,,,,,,,,,,,,,,,,,,#000000,0.0,0.0,,9.160530955669085,,0.0,0.0,0.0,0.0,0.0,0.0,0.0,0.0,52.83037300775196,14.325115886357253,False,False,False,False,False,,0,,,False,False,False,False,,,False,False,False,False,-55684,-106257.78886367912,False,False,False,False,86560.64411766303,False,False,False,False
2022-02-18 00:00:00+00:00,8.76,8.97,8.76,8.92,56215,,,,,,,,,,,,,,,,,,,,,,,,,,,,#000000,0.0,0.0,,9.113544647805227,,0.0,0.0,0.0,0.0,0.0,0.0,0.0,0.0,49.863282300825496,11.22941765106085,False,False,False,False,False,,0,,,False,False,False,False,,,False,False,False,False,-111899,-106479.01282980935,False,False,False,False,85370.61885814683,False,False,False,False
2022-02-22 00:00:00+00:00,8.45,8.8775,8.25,8.76,76329,,,,,,,,,,,,,,,,,,,,,,,,,,,,"rgba(239, 83, 80, 0.5)",0.0,0.0,,9.039154497473046,,0.0,0.0,0.0,0.0,0.0,0.0,0.0,0.0,46.47720815776848,7.720479587717364,False,False,False,True,False,,0,,,False,False,False,False,,,False,False,False,False,-188228,-109684.85546393448,False,False,False,False,85016.04556959205,False,False,False,False
2022-02-23 00:00:00+00:00,8.35,8.65,8.3,8.51,48641,,,,,,,,,,,,,,,,,,,,,,,,,,,,"rgba(239, 83, 80, 0.5)",0.0,0.0,,8.996664133187288,,0.0,0.0,0.0,0.0,0.0,0.0,0.0,0.0,43.78314817294258,4.853289339484988,False,False,False,True,False,,0,,,False,False,False,False,,,False,False,False,False,-236869,-114672.46897515275,False,False,False,False,83589.57319431394,False,False,False,False
2022-02-24 00:00:00+00:00,8.57,8.58,8.0891,8.12,78209,,,,,,,,,,,,,,,,,,,,,,,,,,,,"rgba(239, 83, 80, 0.5)",0.0,0.0,,8.763779460033314,,0.0,0.0,0.0,0.0,0.0,0.0,0.0,0.0,43.5055009525695,4.171046116595662,False,False,False,True,False,,0,,,False,False,False,False,,,False,False,False,False,-158660,-116397.47019181342,False,False,False,False,83378.57032394869,False,False,False,False
2022-02-25 00:00:00+00:00,9.69,9.71,8.62,8.74,86984,,,,,,,,,,,,,,,,,,,,,,,,,,,,#000000,0.0,0.0,,8.939293900929227,,0.0,0.0,0.0,0.0,0.0,0.0,0.0,0.0,48.888905357270815,4.171046116595662,False,False,False,False,False,,0,,,False,False,False,False,,,False,False,False,False,-71676,-114643.68704703642,False,False,False,False,83519.95972300952,False,False,False,False
2022-02-28 00:00:00+00:00,10.27,10.27,9.55,9.55,67388,,,,,,,,,,,,,,,,,,,,,,,,,,,,"rgba(38, 166, 154, 0.5)",0.0,0.0,,9.082248454757979,,0.0,0.0,0.0,0.0,0.0,0.0,0.0,0.0,54.400361635557644,-6.213843815027417,False,False,True,False,True,,0,,,False,False,False,False,,,False,False,False,False,-4288,-110316.01304519187,False,False,False,False,82887.33385151897,False,False,False,False
2022-03-01 00:00:00+00:00,10.98,11.06,10.22,10.27,174879,,,,,,,,,,,,,,,,,,,,,,,,,,,,"rgba(38, 166, 154, 0.5)",0.0,0.0,,9.430112017051673,,0.0,0.0,0.0,0.0,0.0,0.0,0.0,0.0,59.935197066596196,-0.8990707979972115,False,False,True,False,True,,0,,,False,False,False,False,,,False,False,False,False,170591,-99300.05174930199,False,False,False,False,86494.85017106724,False,False,False,False
2022-03-02 00:00:00+00:00,11.53,11.59,10.805,10.96,175231,,,,,,,,,,,,,,,,,,,,,,,,,,,,"rgba(38, 166, 154, 0.5)",0.0,0.0,,9.711194602802003,,0.0,0.0,0.0,0.0,0.0,0.0,0.0,0.0,64.7937883653382,3.702768656804757,False,False,True,False,True,,0,,,False,False,False,False,,,False,False,False,False,345822,-81844.28501403525,False,False,False,False,89974.69918396657,False,False,False,False
2022-03-03 00:00:00+00:00,11.58,11.81,11.05,11.69,139400,,,,,,,,,,,,,,,,,,,,,,,,,,,,"rgba(38, 166, 154, 0.5)",0.0,0.0,,9.884181256623647,,0.0,0.0,0.0,0.0,0.0,0.0,0.0,0.0,68.13435988178978,6.89474320271961,False,False,True,False,True,,0,,,False,False,False,False,,,False,False,False,False,485222,-59606.39148407309,False,False,False,False,91912.94627479142,False,False,False,False
2022-03-04 00:00:00+00:00,11.66,11.84,11.1701,11.71,175307,,,,,,,,,,,,,,,,,,,,,,,,,,,,"rgba(38, 166, 154, 0.5)",0.0,0.0,,10.057455147871217,,0.0,0.0,0.0,0.0,0.0,0.0,0.0,0.0,70.5342963099956,9.303704162343053,False,False,True,False,True,,0,,,False,False,False,False,,,False,False,False,False,660529,-31365.78789646238,False,False,False,False,95183.30132283883,False,False,False,False
2022-03-07 00:00:00+00:00,12.47,12.64,11.53,11.88,360509,,,,,,,,,,,,,,,,,,,,,,,,,,,,"rgba(38, 166, 154, 0.5)",0.0,0.0,,10.432720480796773,,0.0,0.0,0.0,0.0,0.0,0.0,0.0,0.0,73.66828170633454,12.494752037684115,False,False,True,False,True,,0,,,False,False,False,False,,,False,False,False,False,1021038,9904.948883791047,False,False,False,False,105588.23068272752,False,False,False,False
2022-03-08 00:00:00+00:00,11.8,13.25,11.65,13.25,338918,,,,,,,,,,,,,,,,,,,,,,,,,,,,"rgba(38, 166, 154, 0.5)",0.0,0.0,,10.673214018973654,,0.0,0.0,0.0,0.0,0.0,0.0,0.0,0.0,71.89067704168511,12.494752037684115,False,False,True,False,True,,0,,,False,False,False,False,,,False,False,False,False,682120,36266.32343736787,False,False,False,False,114738.41771477742,False,False,False,False
2022-03-09 00:00:00+00:00,12.95,13.14,11.95,11.96,252351,,,,,,,,,,,,,,,,,,,,,,,,,,,,"rgba(38, 166, 154, 0.5)",0.0,0.0,,10.855155934283792,,0.0,0.0,0.0,0.0,0.0,0.0,0.0,0.0,72.97568026087836,12.494752037684115,False,False,True,False,True,,0,,,False,False,False,False,,,False,False,False,False,934471,71490.03624374559,False,False,False,False,120134.98956909988,False,False,False,False
2022-03-10 00:00:00+00:00,14.15,14.27,13.0,13.19,453266,,,,,,,,,,,,,,,,,,,,,,,,,,,,"rgba(38, 166, 154, 0.5)",0.0,0.0,,11.908202580979088,,0.0,0.0,0.0,0.0,0.0,0.0,0.0,0.0,75.33931944322956,15.066353864682029,False,False,True,False,True,,0,,,False,False,False,False,,,False,False,False,False,1387737,123107.56423418694,False,False,False,False,133198.95076246854,False,False,False,False
2022-03-11 00:00:00+00:00,13.81,14.09,13.19,13.99,325790,,,,,,,,,,,,,,,,,,,,,,,,,,,,"rgba(38, 166, 154, 0.5)",0.0,0.0,,12.061683181897639,,0.0,0.0,0.0,0.0,0.0,0.0,0.0,0.0,75.36390829403001,15.613251828407371,False,False,True,False,True,,0,,,False,False,False,False,,,False,False,False,False,1061947,159924.79700931686,False,False,False,False,140751.54092864625,False,False,False,False
2022-03-14 00:00:00+00:00,11.46,13.97,11.16,13.82,277885,,,,,,,,,,,,,,,,,,,,,,,,,,,,"rgba(38, 166, 154, 0.5)",0.0,0.0,,11.990427964952861,,0.0,0.0,0.0,0.0,0.0,0.0,0.0,0.0,67.67649457451549,15.613251828407371,False,False,True,False,False,,0,,,False,False,False,False,,,False,False,False,False,784062,184400.76575404953,False,False,False,False,146129.3236373268,False,False,False,False
2022-03-15 00:00:00+00:00,11.86,11.97,11.43,11.43,108669,,,,,,,,,,,,,,,,,,,,,,,,,,,,"rgba(38, 166, 154, 0.5)",0.0,0.0,,11.954896365649013,,0.0,0.0,0.0,0.0,0.0,0.0,0.0,0.0,63.41436242747724,23.261097636391284,False,False,True,False,False,10.96863890630177,0,,,False,False,False,False,0.11659058480209931,0.11659058480209931,False,False,False,False,892731,212178.42199898878,False,False,False,False,144660.2913378238,False,False,False,False
2022-03-16 00:00:00+00:00,11.44,12.45,10.87,12.29,263718,,,,,,,,,,,,,,,,,,,,,,,,,,,,"rgba(38, 166, 154, 0.5)",0.0,0.0,,11.876487351590526,,0.0,0.0,0.0,0.0,0.0,0.0,0.0,0.0,59.493779542175744,19.455533988210888,False,False,True,False,False,8.554875792034935,0,1.0315406162464986,0.8823529411764707,False,False,False,False,0.11212161386027704,0.11435609933118818,False,False,False,False,629013,228524.8760382441,False,False,False,False,149329.22108928167,False,False,False,False
2022-03-17 00:00:00+00:00,11.99,12.47,11.15,11.69,175764,,,,,,,,,,,,,,,,,,,,,,,,,,,,"rgba(38, 166, 154, 0.5)",0.0,0.0,,11.85510395324069,,0.0,0.0,0.0,0.0,0.0,0.0,0.0,0.0,58.142051831472024,18.01960932234337,False,False,True,False,False,10.957629828226345,0,1.038839779005525,0.8953038674033151,False,False,False,False,0.12890474630876997,0.12163042281997907,False,False,False,False,804777,251122.99854654828,False,False,False,False,150365.87908578044,False,False,False,False
2022-03-18 00:00:00+00:00,12.29,12.54,11.76,11.96,134313,,,,,,,,,,,,,,,,,,,,,,,,,,,,"rgba(38, 166, 154, 0.5)",0.0,0.0,,11.856269364220289,,0.0,0.0,0.0,0.0,0.0,0.0,0.0,0.0,57.90748285274627,17.47174105379014,False,False,True,False,False,12.221178130910847,0,1.0339652817661948,0.9101376473271577,False,False,False,False,0.16723090732022283,0.14443066507010094,False,False,False,False,939090,278102.0966427621,False,False,False,False,149736.35441574984,False,False,False,False
2022-03-21 00:00:00+00:00,12.42,12.4799,11.87,12.27,102847,,,,,,,,,,,,,,,,,,,,,,,,,,,,"rgba(38, 166, 154, 0.5)",0.0,0.0,,11.859722722257356,,0.0,0.0,0.0,0.0,0.0,0.0,0.0,0.0,58.048226703503644,17.140970768590336,False,False,True,False,False,12.764129884135166,0,1.0316309737918687,0.9111876489098366,False,False,False,False,0.17006128549656516,0.15724597528333306,False,False,False,False,1041937,308056.40657834004,False,False,False,False,147897.5562033675,False,False,False,False
2022-03-22 00:00:00+00:00,12.49,12.7682,12.23,12.5,100333,,,,,,,,,,,,,,,,,,,,,,,,,,,,"rgba(38, 166, 154, 0.5)",0.0,0.0,,11.870436671152692,,0.0,0.0,0.0,0.0,0.0,0.0,0.0,0.0,58.312247373954456,16.846976565356044,False,False,True,False,False,13.05847618056858,0,1.039946048311285,0.9082221828635269,False,False,False,False,0.20709728152713267,0.18217162840523288,False,False,False,False,1142270,340770.66514389537,False,False,False,False,146032.27948950997,False,False,False,False
2022-03-23 00:00:00+00:00,12.66,13.21,12.42,12.42,129657,,,,,,,,,,,,,,,,,,,,,,,,,,,,"rgba(38, 166, 154, 0.5)",0.0,0.0,,11.89361362677247,,0.0,0.0,0.0,0.0,0.0,0.0,0.0,0.0,58.92311104793381,16.846976565356044,False,False,True,False,False,13.77604571487473,0,1.0426730860881246,0.901163294484641,False,False,False,False,0.24373717482734442,0.21295440161628865,False,False,False,False,1271927,377286.59984413476,False,False,False,False,145390.11166639195,False,False,False,False
2022-03-24 00:00:00+00:00,13.21,13.96,12.76,12.79,179399,,,,,,,,,,,,,,,,,,,,,,,,,,,,"rgba(38, 166, 154, 0.5)",0.0,0.0,,11.94961680850603,,0.0,0.0,0.0,0.0,0.0,0.0,0.0,0.0,60.67696528902337,16.846976565356044,False,False,True,False,False,16.03127917244092,0,1.0472616804623494,0.8785380104579039,False,False,False,False,0.30855592270615545,0.2607551621612221,False,False,False,False,1451326,419405.7920071099,False,False,False,False,146723.79356182757,False,False,False,False
2022-03-25 00:00:00+00:00,12.6,13.45,12.43,13.3,212699,,,,,,,,,,,,,,,,,,,,,,,,,,,,"rgba(38, 166, 154, 0.5)",0.0,0.0,,11.984270286615846,,0.0,0.0,0.0,0.0,0.0,0.0,0.0,0.0,59.491623780560644,16.54135173204419,False,False,True,False,False,12.388237170902006,1,1.0264517204032324,0.9028888611180538,False,False,False,False,0.25840920541030626,0.25958218378576414,False,False,False,False,1238627,451532.113889184,False,False,False,False,149311.05655940296,False,False,False,False
2022-03-28 00:00:00+00:00,12.37,12.52,12.11,12.52,58751,,,,,,,,,,,,,,,,,,,,,,,,,,,,"rgba(38, 166, 154, 0.5)",0.0,0.0,,11.986251202223338,,0.0,0.0,0.0,0.0,0.0,0.0,0.0,0.0,57.8702383993777,14.555127393434077,False,False,True,False,False,11.063095170493156,1,1.0209733617488557,0.9232338529834996,False,False,False,False,0.1860003957766588,0.2227912897812115,False,False,False,False,1179876,480094.61922686314,False,False,False,False,145759.68179236757,False,False,False,False
2022-03-29 00:00:00+00:00,12.09,12.49,11.93,12.06,169866,,,,,,,,,,,,,,,,,,,,,,,,,,,,"rgba(38, 166, 154, 0.5)",0.0,0.0,,11.985622375832135,,0.0,0.0,0.0,0.0,0.0,0.0,0.0,0.0,55.783659729406054,12.203378531245193,False,False,True,False,False,9.471891473958067,1,1.0288333675968115,0.9125630729916181,False,False,False,False,0.17404200222633912,0.1984166460037753,False,False,False,False,1010010,500875.6145512999,False,False,False,False,146705.02760443158,False,False,False,False
2022-03-30 00:00:00+00:00,12.44,12.77,12.135,12.24,70969,,,,,,,,,,,,,,,,,,,,,,,,,,,,"rgba(38, 166, 154, 0.5)",0.0,0.0,,11.990091165853674,,0.0,0.0,0.0,0.0,0.0,0.0,0.0,0.0,55.531032096240764,11.609331711752837,False,False,True,False,False,10.981615158227783,1,1.070805505793541,0.8984499982697903,False,False,False,False,0.20174067783146934,0.2000786619176223,False,False,False,False,1080979,523624.7669218372,False,False,False,False,143734.9873062186,False,False,False,False
2022-03-31 00:00:00+00:00,12.7,12.79,12.18,12.43,112543,,,,,,,,,,,,,,,,,,,,,,,,,,,,"rgba(38, 166, 154, 0.5)",0.0,0.0,,11.99977001324443,,0.0,0.0,0.0,0.0,0.0,0.0,0.0,0.0,56.18006797794978,11.609331711752837,False,False,True,False,False,12.080455595954554,1,1.0678323185086467,0.8892072131025439,False,False,False,False,0.20547528341192323,0.20277697266477276,False,False,False,False,1193522,549895.2466503927,False,False,False,False,142511.77211773946,False,False,False,False
2022-04-01 00:00:00+00:00,12.67,12.89,12.36,12.83,92765,,,,,,,,,,,,,,,,,,,,,,,,,,,,"rgba(38, 166, 154, 0.5)",0.0,0.0,,12.009203273710607,,0.0,0.0,0.0,0.0,0.0,0.0,0.0,0.0,56.48107009304475,11.609331711752837,False,False,True,False,False,11.904826829942667,1,1.0810860470751773,0.8776386251854064,False,False,False,False,0.2216290222887433,0.21220299747675803,False,False,False,False,1100757,571497.6683503772,False,False,False,False,140560.91830920067,False,False,False,False
2022-04-04 00:00:00+00:00,12.65,13.17,12.5305,12.75,159712,,,,,,,,,,,,,,,,,,,,,,,,,,,,"rgba(38, 166, 154, 0.5)",0.0,0.0,,12.029616525561634,,0.0,0.0,0.0,0.0,0.0,0.0,0.0,0.0,56.58631138208734,11.531917559869797,False,False,True,False,False,11.7857558102891,1,1.1026977641161149,0.8570941500498106,False,False,False,False,0.24786402346513142,0.23003351047094472,False,False,False,False,941045,585989.720571931,False,False,False,False,141311.94112060458,False,False,False,False
2022-04-05 00:00:00+00:00,11.9,12.8,11.57,12.6,151027,,,,,,,,,,,,,,,,,,,,,,,,,,,,#000000,0.0,0.0,,12.026686753591871,,0.0,0.0,0.0,0.0,0.0,0.0,0.0,0.0,53.41122037797334,8.204515003569512,False,False,False,False,False,7.4623777014810955,1,1.0918716583162908,0.8558180126280814,False,False,False,False,0.16608405447583113,0.19805878247338793,False,False,False,False,790018,593990.8295691102,False,False,False,False,141692.92382175734,False,False,False,False
2022-04-06 00:00:00+00:00,11.34,11.8,11.1,11.77,175681,,,,,,,,,,,,,,,,,,,,,,,,,,,,#000000,0.0,0.0,,12.000678195709185,,0.0,0.0,0.0,0.0,0.0,0.0,0.0,0.0,49.35851405339169,4.250615221862617,False,True,False,False,False,4.446924807714716,1,1.0740455334161596,0.8866382541504816,False,False,False,False,0.07657033978481244,0.13731456112910018,False,False,False,False,614337,594788.7186056157,False,False,False,False,143025.78955423748,False,False,False,False
2022-04-07 00:00:00+00:00,11.62,11.76,11.0601,11.38,80828,,,,,,,,,,,,,,,,,,,,,,,,,,,,"rgba(239, 83, 80, 1.0)",0.0,0.0,,11.990499498925175,,0.0,0.0,0.0,0.0,0.0,0.0,0.0,0.0,47.90141217984346,2.8476624600933604,False,True,False,True,False,5.739121485168464,1,1.0632800468741086,0.8872221386830657,False,False,False,False,0.07191899665469818,0.10461677889189919,False,False,False,False,695165,598725.0433661798,False,False,False,False,140586.66055211052,False,False,False,False
2022-04-08 00:00:00+00:00,11.77,11.94,11.61,11.74,98663,,,,,,,,,,,,,,,,,,,,,,,,,,,,"rgba(239, 83, 80, 1.0)",0.0,0.0,,11.98405373216408,,0.0,0.0,0.0,0.0,0.0,0.0,0.0,0.0,47.59207534274198,2.4643114014787884,False,True,False,True,False,6.4256859101611035,1,1.0736141618684933,0.8903027073395807,False,False,False,False,0.11455105195747416,0.10958391542468668,False,False,False,False,793828,606376.139704761,False,False,False,False,138942.5954324199,False,False,False,False
2022-04-11 00:00:00+00:00,11.73,11.8,11.415,11.67,101765,,,,,,,,,,,,,,,,,,,,,,,,,,,,"rgba(239, 83, 80, 1.0)",0.0,0.0,,11.975419935889162,,0.0,0.0,0.0,0.0,0.0,0.0,0.0,0.0,47.221763567717645,1.9381202855797,False,True,False,True,False,6.206643848197132,1,1.0687338702356404,0.8904148672658185,False,False,False,False,0.09494213218400131,0.10226302380434399,False,False,False,False,692063,609736.4087359468,False,False,False,False,137484.6505135015,False,False,False,False
2022-04-12 00:00:00+00:00,12.03,12.34,11.71,11.92,203419,,,,,,,,,,,,,,,,,,,,,,,,,,,,"rgba(239, 83, 80, 1.0)",0.0,0.0,,11.973032111295247,,0.0,0.0,0.0,0.0,0.0,0.0,0.0,0.0,48.39450599495865,1.9381202855797,False,True,False,True,False,7.5943502146723105,1,1.0761260034496625,0.885227405361242,False,False,False,False,0.14398686412703668,0.12312494396569033,False,False,False,False,895482,620942.1181972822,False,False,False,False,140070.31127767792,False,False,False,False
2022-04-13 00:00:00+00:00,12.28,12.3,11.86,12.1,66304,,,,,,,,,,,,,,,,,,,,,,,,,,,,#000000,0.0,0.0,,11.973748790083082,,0.0,0.0,0.0,0.0,0.0,0.0,0.0,0.0,50.29266451215523,1.9381202855797,False,True,False,False,True,8.731070773777805,1,1.074693523540758,0.8849176041113803,False,False,False,False,0.15049437328842105,0.13680965862705569,False,False,False,False,961786,634308.5449346437,False,False,False,False,137177.51475698466,False,False,False,False
2022-04-14 00:00:00+00:00,12.17,12.37,12.03,12.37,68200,,,,,,,,,,,,,,,,,,,,,,,,,,,,#000000,0.0,0.0,,11.975008529442885,,0.0,0.0,0.0,0.0,0.0,0.0,0.0,0.0,50.98373333432954,1.9381202855797,False,True,False,False,True,8.10186199859712,1,1.083604453719426,0.8790651855500394,False,False,False,False,0.16473738461711435,0.15077352162208502,False,False,False,False,893586,644476.28827054,False,False,False,False,134472.51417827938,False,False,False,False
2022-04-18 00:00:00+00:00,11.9,12.13,11.81,12.12,46727,,,,,,,,,,,,,,,,,,,,,,,,,,,,#000000,0.0,0.0,,11.973925140182477,,0.0,0.0,0.0,0.0,0.0,0.0,0.0,0.0,50.06196275043797,1.9381202855797,False,True,False,False,True,6.566659024864737,1,1.081794570287767,0.8755637106048664,False,False,False,False,0.13143887878046553,0.1411062002012753,False,False,False,False,846859,652412.865201107,False,False,False,False,131031.51362226842,False,False,False,False
2022-04-19 00:00:00+00:00,11.34,11.8,11.0805,11.8,223020,,,,,,,,,,,,,,,,,,,,,,,,,,,,"rgba(239, 83, 80, 1.0)",0.0,0.0,,11.94937661117672,,0.0,0.0,0.0,0.0,0.0,0.0,0.0,0.0,46.98762989071247,1.3075097042983757,False,True,False,True,False,3.4975702588534396,0,1.0579204376949431,0.8891701181162756,False,False,False,False,0.05641001302773905,0.09875810661450717,False,False,False,False,623839,651292.3214677303,False,False,False,False,134638.90524492456,False,False,False,False
2022-04-20 00:00:00+00:00,11.06,11.44,10.92,11.27,90915,,,,,,,,,,,,,,,,,,,,,,,,,,,,"rgba(239, 83, 80, 1.0)",0.0,0.0,1.7000877030901074,11.936058854844518,-0.5153021536784123,0.0,0.0,0.0,0.0,0.0,0.0,0.0,0.0,43.88118680500096,-1.6245732460362063,False,True,False,True,False,2.019011312041208,0,1.0455078523353052,0.9075820925963698,False,False,False,False,0.02397965193881706,0.06136887927666211,False,False,False,False,532924,646650.4265082115,False,False,False,False,132924.24229414322,False,False,False,False
2022-04-21 00:00:00+00:00,10.06,11.12,9.64,11.07,247550,,,,,,,,,,,,,,,,,,,,,,,,,,,,"rgba(239, 83, 80, 1.0)",0.0,0.0,1.69160912785473,11.868688539488229,-1.069211858523119,0.0,0.0,0.0,0.0,0.0,0.0,0.0,0.0,38.875604168710765,-6.216780567206101,False,True,False,True,False,0.0,0,1.0039834851864928,0.9352777548266272,False,False,False,False,-0.07568945449917064,-0.007160287611254264,False,False,False,False,285374,632482.7235078895,False,False,False,False,137419.37004731406,False,False,False,False
2022-04-22 00:00:00+00:00,9.68,10.44,9.64,10.01,110998,,,,,,,,,,,,,,,,,,,,,,,,,,,,"rgba(239, 83, 80, 1.0)",0.0,0.0,1.692965573315781,11.834323032865534,-1.2725143776232586,0.0,0.0,0.0,0.0,0.0,0.0,0.0,0.0,34.68223408972477,-9.909959594778691,False,True,False,True,False,0.0,0,0.9887654349039005,0.9763947901913412,False,False,False,False,-0.11839143668377695,-0.06277586214751561,False,False,False,False,174376,614517.7539585606,False,False,False,False,136383.23788859588,False,False,False,False
2022-04-25 00:00:00+00:00,9.0,9.505,8.55,9.5,212808,,,,,,,,,,,,,,,,,,,,,,,,,,,,"rgba(239, 83, 80, 1.0)",0.0,0.0,1.70273999644558,11.743564940752584,-1.6112647535617275,0.0,0.0,0.0,0.0,0.0,0.0,0.0,0.0,30.579996981387563,-13.473205556036731,False,True,False,True,False,0.0,0,0.9431502293350278,0.9998759009590376,False,False,False,False,-0.24880685150978823,-0.15579135682865192,False,False,False,False,-38432,588911.8812543034,False,False,False,False,139380.28738316076,False,False,False,False
2022-04-26 00:00:00+00:00,8.45,8.89,8.26,8.87,129229,,,,,,,,,,,,,,,,,,,,,,,,,,,,"rgba(239, 83, 80, 1.0)",0.0,0.0,1.720359558060177,11.682315578286397,-1.8788604760803929,0.0,0.0,0.0,0.0,0.0,0.0,0.0,0.0,26.971776345983724,-16.571630549201267,False,True,False,True,False,0.0,0,0.9310798071219174,1.0138751116876341,False,False,False,False,-0.3096162322953415,-0.23270379456199672,False,False,False,False,-167661,559242.3564992327,False,False,False,False,138982.19768186033,False,False,False,False
2022-04-27 00:00:00+00:00,8.52,8.72,8.24,8.42,76727,,,,,,,,,,,,,,,,,,,,,,,,,,,,"rgba(239, 83, 80, 1.0)",0.0,0.0,1.7367965022103449,11.646653497181969,-1.8002417054633715,0.0,0.0,0.0,0.0,0.0,0.0,0.0,0.0,24.997735547678136,-18.20649300456006,False,True,False,True,False,0.0,0,0.9518303229365036,1.014475861500947,False,False,False,False,-0.32265539323046627,-0.2776795938962315,False,False,False,False,-90934,533745.2444796549,False,False,False,False,136540.8173806109,False,False,False,False
2022-04-28 00:00:00+00:00,8.66,8.7499,8.23,8.64,64199,,,,,,,,,,,,,,,,,,,,,,,,,,,,"rgba(239, 83, 80, 1.0)",0.0,0.0,1.750581350027202,11.617932532487433,-1.689685847756501,0.0,0.0,0.0,0.0,0.0,0.0,0.0,0.0,24.583563242910234,-18.53938186376653,False,True,False,True,False,0.0,0,0.9537504413600354,0.99751595112466,False,False,False,False,-0.3212847991386955,-0.2994821965174635,False,False,False,False,-26735,511765.6270490802,False,False,False,False,133703.883365685,False,False,False,False
2022-04-29 00:00:00+00:00,8.37,9.0096,8.26,8.67,60729,,,,,,,,,,,,,,,,,,,,,,,,,,,,"rgba(239, 83, 80, 1.0)",0.0,0.0,1.7683242742038963,11.591269474434817,-1.821650882378483,0.0,0.0,0.0,0.0,0.0,0.0,0.0,0.0,23.733924655151405,-19.45279970127566,False,True,False,True,False,0.0,0,0.9604608290375671,0.9886423731410411,False,False,False,False,-0.30146070316417356,-0.3004714498408185,False,False,False,False,-87464,488266.42598833196,False,False,False,False,130842.12323369735,False,False,False,False
2022-05-02 00:00:00+00:00,8.26,8.38,7.91,8.35,54087,,,,,,,,,,,,,,,,,,,,,,,,,,,,"rgba(239, 83, 80, 1.0)",0.0,0.0,1.7867411373480744,11.565190856193809,-1.8498431513696805,0.0,0.0,0.0,0.0,0.0,0.0,0.0,0.0,22.952044383833943,-20.403072085742515,False,True,False,True,False,0.0,0,0.956518532359102,0.9938536882787379,False,False,False,False,-0.34282825441539394,-0.32164985212810626,False,False,False,False,-141551,463567.70340055425,False,False,False,False,127832.11840100333,False,False,False,False
2022-05-03 00:00:00+00:00,8.34,8.48,8.11,8.26,168913,,,,,,,,,,,,,,,,,,,,,,,,,,,,"rgba(239, 83, 80, 1.0)",0.0,0.0,1.8036130105684782,11.489265699266586,-1.7460872597464647,0.0,0.0,0.0,0.0,0.0,0.0,0.0,0.0,23.031622657699128,-20.618381354587406,False,True,False,True,False,0.0,0,0.9652001725287223,0.987991608830334,False,False,False,False,-0.32274142143650325,-0.3221956367823048,False,False,False,False,27362,446461.59738484625,False,False,False,False,129443.13336566988,False,False,False,False
2022-05-04 00:00:00+00:00,8.55,8.6,7.88,8.34,47680,,,,,,,,,,,,,,,,,,,,,,,,,,,,"rgba(239, 83, 80, 1.0)",0.0,0.0,1.8167999488259712,11.468710452679494,-1.6065117431149114,0.0,0.0,0.0,0.0,0.0,0.0,0.0,0.0,24.674535777733286,-20.618381354587406,False,True,False,True,False,0.0,0,0.9721252992251322,0.9828228269347854,False,False,False,False,-0.3300766260523459,-0.32613613141732534,False,False,False,False,75042,431896.12297759735,False,False,False,False,126236.73597878088,False,False,False,False
2022-05-05 00:00:00+00:00,8.17,8.6,7.88,8.6,68207,,,,,,,,,,,,,,,,,,,,,,,,,,,,"rgba(239, 83, 80, 1.0)",0.0,0.0,1.8304372243899625,11.438631427404419,-1.7857107492412199,0.0,0.0,0.0,0.0,0.0,0.0,0.0,0.0,24.744553075555594,-20.618381354587406,False,True,False,True,False,0.0,0,0.9711636089591518,0.9774639969176565,False,False,False,False,-0.3300766260523459,-0.3281063787348356,False,False,False,False,6835,415227.0593314171,False,False,False,False,123961.06005804439,False,False,False,False
2022-05-06 00:00:00+00:00,8.23,8.33,7.87,8.2,88724,,,,,,,,,,,,,,,,,,,,,,,,,,,,"rgba(239, 83, 80, 1.0)",0.0,0.0,1.8401496511802338,11.399499191405118,-1.7224138207304318,0.0,0.0,0.0,0.0,0.0,0.0,0.0,0.0,25.260650009770497,-20.618381354587406,False,True,False,True,False,0.0,0,0.9760139100406438,0.9822971937414516,False,False,False,False,-0.34282825441539394,-0.33546731657511475,False,False,False,False,95559,402691.0570046949,False,False,False,False,122579.21456557207,False,False,False,False
2022-05-09 00:00:00+00:00,7.42,7.96,7.32,7.86,136786,,,,,,,,,,,,,,,,,,,,,,,,,,,,"rgba(239, 83, 80, 1.0)",0.0,0.0,1.861909075493592,11.330797238586452,-2.100423318227664,0.0,0.0,0.0,0.0,0.0,0.0,0.0,0.0,23.696063848705638,-21.142990910455026,False,True,False,True,False,0.0,0,0.9441550587225409,1.0114616255023605,False,False,False,False,-0.34282825441539394,-0.3391477854952544,False,False,False,False,-41227,385282.5057496088,True,False,False,False,123136.34340613786,True,False,False,False
2022-05-10 00:00:00+00:00,7.58,7.7,7.35,7.68,90264,,,,,,,,,,,,,,,,,,,,,,,,,,,,"rgba(239, 83, 80, 1.0)",0.0,0.0,1.8717844932548156,11.286572484630817,-1.9802346359785887,0.0,0.0,0.0,0.0,0.0,0.0,0.0,0.0,23.849303467108772,-21.30265580691088,False,True,False,True,False,0.0,0,0.9214989516787905,1.0317449380358499,False,False,False,False,-0.34282825441539394,-0.34098801995532413,False,False,False,False,49037,372096.40748491825,False,False,False,False,121847.23190001481,False,False,False,False
2022-05-11 00:00:00+00:00,7.53,8.145,7.47,7.88,74545,,,,,,,,,,,,,,,,,,,,,,,,,,,,"rgba(239, 83, 80, 1.0)",0.0,0.0,1.8786862862548817,11.252470449042038,-1.9814220587422808,0.0,0.0,0.0,0.0,0.0,0.0,0.0,0.0,23.82832067992706,-21.673852628423425,False,True,False,True,False,0.0,0,0.9075890628937967,1.0403988989755732,False,False,False,False,-0.30898057441414467,-0.3249842971847344,False,False,False,False,-25508,356504.07777962735,False,False,False,False,119992.24241373972,False,False,False,False
2022-05-12 00:00:00+00:00,7.46,7.5,6.77,7.43,219338,,,,,,,,,,,,,,,,,,,,,,,,,,,,"rgba(239, 83, 80, 1.0)",0.0,0.0,1.8892275651156454,10.363204556196955,-1.5367151156399947,0.0,0.0,0.0,0.0,0.0,0.0,0.0,0.0,23.631889808792685,-22.22205808112772,False,True,False,True,False,0.0,0,0.8750197792634201,1.0687329403853,False,False,False,False,-0.34282825441539394,-0.33390627580006416,False,False,False,False,-244846,332921.7217882694,False,False,False,False,123888.15447594601,False,False,False,False
2022-05-13 00:00:00+00:00,8.03,8.25,7.36,7.36,175932,,,,,,,,,,,,,,,,,,,,,,,,,,,,"rgba(239, 83, 80, 0.75)",0.0,0.0,1.8890604938830167,10.364027740318324,-1.2355494955699726,0.0,0.0,0.0,0.0,0.0,0.0,0.0,0.0,27.873363247246527,-26.26668896466734,False,True,False,True,True,0.0,0,0.883922674263858,1.0554509517847814,False,False,False,False,-0.2682777186537965,-0.30109199722693036,False,False,False,False,-68914,317163.4581887294,False,False,False,False,125929.08959453637,False,False,False,False
2022-05-16 00:00:00+00:00,8.91,9.168,7.9,8.03,236482,,,,,,,,,,,,,,,,,,,,,,,,,,,,"rgba(239, 83, 80, 0.75)",0.0,0.0,1.8810672454705013,10.39478480341423,-0.7893310603273246,0.0,0.0,0.0,0.0,0.0,0.0,0.0,0.0,35.4727821079658,-19.181386962728645,False,True,False,True,True,0.0,0,0.8958068707573864,1.0330787259104546,False,False,False,False,-0.19032204611950265,-0.2457070216732165,False,False,False,False,167568,311296.96963230864,False,False,False,False,130264.49784573104,False,False,False,False
2022-05-17 00:00:00+00:00,9.45,9.72,8.95,9.21,211663,,,,,,,,,,,,,,,,,,,,,,,,,,,,"rgba(239, 83, 80, 0.75)",0.0,0.0,1.866756835016569,10.434203774884901,-0.5272265548587994,0.0,0.0,0.0,0.0,0.0,0.0,0.0,0.0,42.70645348974432,-12.778264651621114,False,True,False,True,True,0.0,0,0.9109469228981396,1.0384102557829455,False,False,False,False,-0.10719580532902592,-0.1764514135011212,False,False,False,False,379231,313961.04925457103,False,False,False,False,133456.59596942787,False,False,False,False
2022-05-18 00:00:00+00:00,9.52,9.6948,9.18,9.45,103371,,,,,,,,,,,,,,,,,,,,,,,,,,,,#000000,0.0,0.0,1.8548052713410623,10.445284005915704,-0.4988577616272923,0.0,0.0,0.0,0.0,0.0,0.0,0.0,0.0,47.79226729983393,-8.540685565300336,False,False,False,False,True,0.0,0,0.9112826815249327,1.0554219350428382,False,False,False,False,-0.09669781082456348,-0.13657461216284233,False,False,False,False,482602,320574.4198720388,False,False,False,False,132276.76867650915,False,False,False,False
2022-05-19 00:00:00+00:00,9.91,10.18,9.34,9.34,98460,,,,,,,,,,,,,,,,,,,,,,,,,,,,"rgba(38, 166, 154, 0.5)",0.0,0.0,1.8384618227947707,10.461039784855043,-0.29972870691291786,0.0,0.0,0.0,0.0,0.0,0.0,0.0,0.0,52.606158850705185,-4.541088177809648,False,False,True,False,True,0.0,0,0.91040817729,1.0447959113549998,False,False,False,False,-0.06375264644201582,-0.10016362930242909,False,False,False,False,581062,330789.6190927432,False,False,False,False,130950.6208852735,False,False,False,False
2022-05-20 00:00:00+00:00,9.55,10.19,9.5,9.98,125189,,,,,,,,,,,,,,,,,,,,,,,,,,,9.746666666666666,"rgba(38, 166, 154, 1.0)",1.0,9.05,1.8201846060221467,10.351989047028905,-0.4406086307814572,0.0,0.0,0.0,0.0,0.0,0.0,0.0,0.0,53.87580764354741,-3.7441908692598176,True,False,True,False,True,0.0,0,0.8872198927554301,1.075790301428117,False,False,False,False,-0.05509796699020296,-0.07763079814631602,False,False,False,False,455873,335694.8497165572,False,False,False,False,130724.67496820395,False,False,False,False
2022-05-23 00:00:00+00:00,9.4,9.9449,9.25,9.64,95187,,,,,,,,,,,,,,,,,,,,,,,,,,,9.653787324542298,"rgba(38, 166, 154, 1.0)",0.0,0.0,1.8024230637952063,10.337358948731433,-0.520054901404622,0.0,0.0,0.0,0.0,0.0,0.0,0.0,0.0,53.949486665983635,-3.7441908692598176,True,False,True,False,True,0.0,0,0.8765438529777937,1.0795719145079206,False,False,False,False,-0.06903040728727963,-0.07333060271679782,False,False,False,False,360686,336674.8948257118,False,False,False,False,129331.04065572537,False,False,False,False
2022-05-24 00:00:00+00:00,8.92,9.38,8.75,9.27,127402,,,,,,,,,,,,,,,,,,,,,,,,,,,9.420390024958452,"rgba(38, 166, 154, 0.5)",0.0,0.0,1.7926113922441755,10.28512009005669,-0.7615259481017201,0.0,0.0,0.0,0.0,0.0,0.0,0.0,0.0,51.71989843462727,-3.7441908692598176,False,False,True,False,True,0.0,0,0.9108576979759453,1.0960418610042446,False,False,False,False,-0.12603665794606994,-0.09968363033143388,False,False,False,False,233284,332620.3499305859,False,False,False,False,129255.39200255967,False,False,False,False
2022-05-25 00:00:00+00:00,8.72,9.13,8.6,8.72,74599,,,,,,,,,,,,,,,,,,,,,,,,,,,9.313762157424923,#000000,0.0,0.0,1.7915305952938319,10.256687528534124,-0.8577512059078674,0.0,0.0,0.0,0.0,0.0,0.0,0.0,0.0,49.37103203961535,-3.7441908692598176,False,False,False,False,False,0.0,0,0.8992386305287626,1.0477581285439017,False,False,False,False,-0.1476418148775802,-0.12366272260450704,False,False,False,False,158685,325799.35581566097,False,False,False,False,127112.00408089066,False,False,False,False
2022-05-26 00:00:00+00:00,8.9,9.2114,8.59,8.59,107053,,,,,,,,,,,,,,,,,,,,,,,,,,,9.2301920496257,#000000,0.0,0.0,1.796170852043237,10.229294383685572,-0.740071236638447,0.0,0.0,0.0,0.0,0.0,0.0,0.0,0.0,48.753305028951104,-3.7441908692598176,False,False,False,False,False,0.0,0,0.9120956399437414,1.0603591034889526,False,False,False,False,-0.14377581901987158,-0.13371927081218932,False,False,False,False,265738,323444.0085287723,False,False,False,False,126325.37646987534,False,False,False,False
2022-05-27 00:00:00+00:00,8.81,9.06,8.54,9.06,91699,,,,,,,,,,,,,,,,,,,,,,,,,,,9.16717371136538,#000000,0.0,0.0,1.8062073848584264,10.205879512084381,-0.7728234995527894,0.0,0.0,0.0,0.0,0.0,0.0,0.0,0.0,47.905908015299644,-3.7441908692598176,False,False,False,False,False,0.0,0,0.9004804790863936,1.0667332064435266,False,False,False,False,-0.15469209375653775,-0.14420568228436353,False,False,False,False,174039,317584.98858646746,False,False,False,False,124967.47935340965,False,False,False,False
2022-05-31 00:00:00+00:00,9.04,9.21,8.85,8.85,120940,,,,,,,,,,,,,,,,,,,,,,,,,,,9.145360840433977,#000000,0.0,0.0,1.813434082389313,10.190080888964111,-0.6342005480832303,0.0,0.0,0.0,0.0,0.0,0.0,0.0,0.0,48.62757180357146,-3.7441908692598176,False,False,False,False,False,0.0,0,0.8893961086206493,1.0639566268453542,False,False,False,False,-0.12980856243731684,-0.13700712236084017,False,False,False,False,294979,316698.4792301354,False,False,False,False,124809.53898660927,False,False,False,False
2022-06-01 00:00:00+00:00,8.66,9.3,8.61,9.14,48027,,,,,,,,,,,,,,,,,,,,,,,,,,,9.12781219434094,#000000,0.0,0.0,1.8249136521594207,10.180981289301856,-0.833453839036208,0.0,0.0,0.0,0.0,0.0,0.0,0.0,0.0,47.1831688630111,-3.7441908692598176,False,False,False,False,False,0.0,0,0.8794112223662914,1.0594133882812296,False,False,False,False,-0.1379037406309134,-0.1374554314958768,False,False,False,False,246952,313963.32318189484,False,False,False,False,121798.4590263501,False,False,False,False
2022-06-02 00:00:00+00:00,9.31,9.33,8.64,8.64,79564,,,,,,,,,,,,,,,,,,,,,,,,,,,9.124657770661331,#000000,0.0,0.0,1.8253872154933275,10.17325509849629,-0.47291615234797535,0.0,0.0,0.0,0.0,0.0,0.0,0.0,0.0,49.532048430913676,-3.7441908692598176,True,False,False,False,False,0.0,0,0.8703285495738327,1.066677351205653,False,False,False,False,-0.13466357214586086,-0.13605950182086884,False,False,False,False,326516,314455.58501789893,False,False,False,False,120142.20573119912,False,False,False,False
2022-06-03 00:00:00+00:00,8.91,9.42,8.87,9.42,28685,,,,,,,,,,,,,,,,,,,,,,,,,,,9.122806060218142,#000000,0.0,0.0,1.8299797468480004,10.170230765500342,-0.688658313115756,0.0,0.0,0.0,0.0,0.0,0.0,0.0,0.0,49.15062731784539,-3.7441908692598176,True,False,False,False,False,0.0,0,0.8705890983786957,1.0774704717188763,False,False,False,False,-0.11742836543152758,-0.1267439336261982,False,False,False,False,297831,313803.6405073931,False,False,False,False,116555.64864370112,False,False,False,False
2022-06-06 00:00:00+00:00,8.79,9.1,8.65,9.1,72056,,,,,,,,,,,,,,,,,,,,,,,,,,,9.10230165003952,#000000,0.0,0.0,1.8333003469595919,10.157629768754406,-0.745993296200773,0.0,0.0,0.0,0.0,0.0,0.0,0.0,0.0,48.34263636447896,-3.7441908692598176,False,False,False,False,False,0.0,0,0.8534346550297195,1.1146640583853735,False,False,False,False,-0.13294834636299935,-0.12984613999459876,False,False,False,False,225775,310351.5369580836,False,False,False,False,114810.56438316383,False,False,False,False
2022-06-07 00:00:00+00:00,9.03,9.13,8.66,8.66,53523,,,,,,,,,,,,,,,,,,,,,,,,,,,9.09381774770393,#000000,0.0,0.0,1.8329951563610964,10.150211899238522,-0.6111374028191068,0.0,0.0,0.0,0.0,0.0,0.0,0.0,0.0,49.05095413355241,-3.7441908692598176,True,False,False,False,False,0.0,1,0.8613725040165254,1.1000688547165483,False,False,False,False,-0.12743976044338223,-0.1286429502189905,False,False,False,False,279298,309133.7511950215,False,False,False,False,112407.13048578486,False,False,False,False
2022-06-08 00:00:00+00:00,8.83,9.13,8.68,9.02,40262,,,,,,,,,,,,,,,,,,,,,,,,,,,9.085728250042756,#000000,0.0,0.0,1.8321689209663372,10.144026283447628,-0.7171971254454933,0.0,0.0,0.0,0.0,0.0,0.0,0.0,0.0,48.505792410518346,-3.7441908692598176,True,False,False,False,False,0.0,1,0.8740712370739184,1.0741478360781314,False,False,False,False,-0.12626627255536824,-0.12745461138717937,False,False,False,False,239036,306384.8197756089,False,False,False,False,109577.90968242074,False,False,False,False
2022-06-09 00:00:00+00:00,8.56,9.03,8.55,8.85,51623,,,,,,,,,,,,,,,,,,,,,,,,,,,9.068499366976488,"rgba(239, 83, 80, 0.5)",0.0,0.0,1.8306333566518675,10.133771934978746,-0.8596871291895894,0.0,0.0,0.0,0.0,-1.0,8.68,8.55,0.0,46.839891387456106,-3.7441908692598176,False,False,False,True,False,0.0,1,0.875297550487599,1.0764800737157338,False,False,False,False,-0.13978311745696562,-0.1336188644220725,False,False,False,False,187413,301719.25821578107,False,False,False,False,107305.16812624739,False,False,False,False
2022-06-10 00:00:00+00:00,8.51,8.55,8.16,8.5,60193,,,,,,,,,,,,,,,,,,,,,,,,,,,9.03462383298101,"rgba(239, 83, 80, 0.5)",0.0,0.0,1.8283066847039997,10.11703992413604,-0.8789772184179365,0.0,0.0,0.0,0.0,0.0,0.0,0.0,0.0,45.48985804207761,0.3887748699790379,False,False,False,True,False,0.0,1,0.8568662380915498,1.1017736813569825,False,False,False,False,-0.19141791572031316,-0.16251839007119284,False,False,False,False,127220,294876.15005045634,False,False,False,False,105457.63212129651,False,False,False,False
2022-06-13 00:00:00+00:00,7.65,8.32,7.64,8.17,86749,,,,,,,,,,,,,,,,,,,,,,,,,,,8.954616014426703,"rgba(239, 83, 80, 0.5)",0.0,0.0,1.843769708705167,10.081708092156566,-1.3188784264518005,0.0,0.0,0.0,0.0,-1.0,8.16,7.96,0.0,41.19497779316268,-3.821659131349989,False,False,False,True,False,0.0,0,0.8348059930849022,1.1028044563964656,False,False,False,False,-0.23674505287041578,-0.19963172147080432,False,False,False,False,40471,284899.47749945807,False,False,False,False,104723.96027340254,False,False,False,False
2022-06-14 00:00:00+00:00,7.56,7.96,7.35,7.96,45169,,,,,,,,,,,,,,,,,,,,,,,,,,,8.908640184542378,"rgba(239, 83, 80, 1.0)",0.0,0.0,1.870863489995514,10.06136399638041,-1.3370104284767497,0.0,0.0,0.0,0.0,0.0,0.0,0.0,0.0,38.04187915284381,-6.791783076248947,False,True,False,True,False,0.0,0,0.8208017168697785,1.1166551697708287,False,False,False,False,-0.2768100368604598,-0.23822087916563206,False,False,False,False,-4698,273542.7136759499,False,False,False,False,102388.47163522989,False,False,False,False
2022-06-15 00:00:00+00:00,7.82,7.87,7.4,7.7,101773,,,,,,,,,,,,,,,,,,,,,,,,,,,8.821141572550431,"rgba(239, 83, 80, 1.0)",0.0,0.0,1.8936898344737412,10.019982891021954,-1.1617440464495767,0.0,0.0,0.0,0.0,0.0,0.0,0.0,0.0,37.717551561789705,-7.105526989865474,False,True,False,True,False,0.0,0,0.8161519970414202,1.128667406311637,False,False,False,False,-0.2713138919128836,-0.2547673855392578,False,False,False,False,97075,266622.4111788538,False,False,False,False,102364.33549267186,False,False,False,False
2022-06-16 00:00:00+00:00,7.33,7.55,7.22,7.46,34235,,,,,,,,,,,,,,,,,,,,,,,,,,,8.786656509304251,"rgba(239, 83, 80, 1.0)",0.0,0.0,1.9233350633121005,10.003964912305882,-1.3902751337050712,0.0,0.0,0.0,0.0,0.0,0.0,0.0,0.0,35.77903822716605,-9.018951144170643,False,True,False,True,False,0.0,0,0.8285561631780755,1.1211578351876297,False,False,False,False,-0.30669067559329843,-0.2807290305662781,False,False,False,False,62840,258630.94407380075,False,False,False,False,99692.59684590042,False,False,False,False
2022-06-17 00:00:00+00:00,7.38,7.51,7.1,7.27,81690,,,,,,,,,,,,,,,,,,,,,,,,,,,8.708659087770771,"rgba(239, 83, 80, 1.0)",0.0,0.0,1.9463797579511963,9.966599269638687,-1.328928365120998,0.0,0.0,0.0,0.0,0.0,0.0,0.0,0.0,34.836364633212725,-10.010145858647327,False,True,False,True,False,0.0,0,0.8407471044928091,1.095297187221586,False,False,False,False,-0.31816634062916,-0.29944768559771906,False,False,False,False,144530,254156.3972473772,False,False,False,False,98986.6126558651,False,False,False,False
2022-06-21 00:00:00+00:00,7.81,7.85,7.47,7.61,104056,,,,,,,,,,,,,,,,,,,,,,,,,,,8.644893899127474,"rgba(239, 83, 80, 1.0)",0.0,0.0,1.9594823456880281,9.930906091747035,-1.0823808116537672,0.0,0.0,0.0,0.0,0.0,0.0,0.0,0.0,37.05057764490094,-10.010145858647327,False,True,False,True,False,0.0,0,0.8498273933348507,1.0809344158778902,False,False,False,False,-0.26781373310569856,-0.2836307093517088,False,False,False,False,248586,253937.95029649968,False,False,False,False,99185.41215955667,False,False,False,False
2022-06-22 00:00:00+00:00,7.29,7.59,7.19,7.59,60027,,,,,,,,,,,,,,,,,,,,,,,,,,,8.599129343100744,"rgba(239, 83, 80, 1.0)",0.0,0.0,1.979511879044749,9.906586478536614,-1.3218341886381086,0.0,0.0,0.0,0.0,0.0,0.0,0.0,0.0,36.52592369506264,-10.010145858647327,False,True,False,True,False,0.0,0,0.8178677024018599,1.087175790219162,False,False,False,False,-0.3059760692616458,-0.29480338930667727,False,False,False,False,188559,251374.0698927154,False,False,False,False,97649.78815329955,False,False,False,False
2022-06-23 00:00:00+00:00,7.08,7.25,6.85,7.25,63726,,,,,,,,,,,,,,,,,,,,,,,,,,,8.543191709815504,"rgba(239, 83, 80, 1.0)",0.0,0.0,1.9906273627420301,9.877611804053055,-1.4053920168159588,0.0,0.0,0.0,0.0,0.0,0.0,0.0,0.0,35.461875721743084,-10.010145858647327,False,True,False,True,False,0.0,0,0.8123202855775115,1.092096211215765,False,False,False,False,-0.34282825441539394,-0.31881582186103563,False,False,False,False,124833,246411.67499496185,False,False,False,False,96319.44351983683,False,False,False,False
2022-06-24 00:00:00+00:00,7.1,7.4,7.05,7.15,56906,,,,,,,,,,,,,,,,,,,,,,,,,,,8.500445927259426,"rgba(239, 83, 80, 1.0)",0.0,0.0,2.008436485706508,9.854140436293717,-1.3712858016144298,0.0,0.0,0.0,0.0,0.0,0.0,0.0,0.0,34.892242209371226,-10.330148210337015,False,True,False,True,False,0.0,0,0.8076006538059246,1.1053958180730639,False,False,False,False,-0.31786240112994774,-0.31833911149549166,False,False,False,False,181739,243875.4916618261,False,False,False,False,94773.8182837648,False,False,False,False
2022-06-27 00:00:00+00:00,7.29,7.4,7.05,7.13,40905,,,,,,,,,,,,,,,,,,,,,,,,,,,8.472742390137485,"rgba(239, 83, 80, 1.0)",0.0,0.0,2.0016310196284253,9.838269001733046,-1.2730962783570852,0.0,0.0,0.0,0.0,0.0,0.0,0.0,0.0,35.87403572377377,-10.330148210337015,False,True,False,True,False,0.0,0,0.8022333357927189,1.1044169492286622,False,False,False,False,-0.31786240112994774,-0.3181007563127197,False,False,False,False,222644,243042.88414567604,False,False,False,False,92661.31560597011,False,False,False,False
2022-06-28 00:00:00+00:00,7.34,7.57,7.21,7.3298,57466,,,,,,,,,,,,,,,,,,,,,,,,,,,8.439642108030721,"rgba(239, 83, 80, 0.75)",0.0,0.0,1.960448082629243,9.818044057794284,-1.2640192207849086,0.0,0.0,0.0,0.0,0.0,0.0,0.0,0.0,36.89191091201323,-10.330148210337015,False,True,False,True,True,0.0,0,0.8020395536192301,1.1011441632925232,False,False,False,False,-0.2924521916852648,-0.30527647399899227,False,False,False,False,280110,244496.49653212013,False,False,False,False,91281.10715083404,False,False,False,False
2022-06-29 00:00:00+00:00,7.18,7.31,7.0179,7.26,47853,,,,,,,,,,,,,,,,,,,,,,,,,,,8.408572386629508,"rgba(239, 83, 80, 0.75)",0.0,0.0,1.926977280987358,9.799679455501087,-1.3594760464216773,0.0,0.0,0.0,0.0,0.0,0.0,0.0,0.0,36.81612827882867,-10.330148210337015,False,True,False,True,True,0.0,0,0.803015226992605,1.102230125308135,False,False,False,False,-0.32372316935171824,-0.3144998216753553,False,False,False,False,232257,244016.51627595857,False,False,False,False,89578.04412531113,False,False,False,False
2022-06-30 00:00:00+00:00,6.84,7.09,6.71,7.09,69050,,,,,,,,,,,,,,,,,,,,,,,,,,,8.35646557454959,"rgba(239, 83, 80, 0.75)",0.0,0.0,1.9445182640642047,9.770019430870088,-1.5068099307774583,0.0,0.0,0.0,0.0,0.0,0.0,0.0,0.0,35.303481197826606,-10.629750397390424,False,True,False,True,True,0.0,0,0.8141415387412071,1.1001438045556506,False,False,False,False,-0.34282825441539394,-0.3286640380453746,False,False,False,False,163207,240847.5156376857,False,False,False,False,88773.02278706364,False,False,False,False
2022-07-01 00:00:00+00:00,6.97,6.97,6.6501,6.85,25192,,,,,,,,,,,,,,,,,,,,,,,,,,,8.338124358424857,"rgba(239, 83, 80, 0.75)",0.0,0.0,1.951826790424757,9.759375603106784,-1.4291102144877108,0.0,0.0,0.0,0.0,0.0,0.0,0.0,0.0,35.37649199274111,-10.76796189763781,False,True,False,True,True,0.0,0,0.8162133727161043,1.092956844499046,False,False,False,False,-0.34282825441539394,-0.33574614623038423,False,False,False,False,188399,238790.7111028745,False,False,False,False,86279.64934443371,False,False,False,False
2022-07-05 00:00:00+00:00,6.79,6.9,6.6,6.78,44690,,,,,,,,,,,,,,,,,,,,,,,,,,,8.304539161408151,"rgba(239, 83, 80, 1.0)",0.0,0.0,1.9663205406211004,9.739959251585281,-1.500243317731645,0.0,0.0,0.0,0.0,0.0,0.0,0.0,0.0,34.61994599039676,-11.715243052249804,False,True,False,True,False,0.0,0,0.84862148930688,1.0856059886898386,False,False,False,False,-0.34282825441539394,-0.33928720032288906,False,False,False,False,143709,235062.0165498206,False,False,False,False,84648.68270347553,False,False,False,False
2022-07-06 00:00:00+00:00,6.38,6.6651,6.285,6.66,55686,,,,,,,,,,,,,,,,,,,,,,,,,,,8.256360258463399,"rgba(239, 83, 80, 1.0)",-1.0,5.19115,1.9783692255978864,9.24589538202814,-1.4486150233973805,0.0,0.0,0.0,0.0,0.0,0.0,0.0,0.0,32.50899847119257,-13.884533549410442,False,True,False,True,False,0.0,0,0.8320274240940256,1.0669506790956351,True,False,False,False,-0.34282825441539394,-0.34105772736914153,False,False,False,False,88023,229295.7806066904,False,False,False,False,83512.89122490786,False,False,False,False
2022-07-07 00:00:00+00:00,6.59,6.6763,6.49,6.49,36605,,,,,,,,,,,,,,,,,,,,,,,,,,,8.228403023232074,"rgba(239, 83, 80, 1.0)",0.0,0.0,1.9777098230387924,9.239925112991122,-1.339895813896225,0.0,0.0,0.0,0.0,0.0,0.0,0.0,0.0,32.91376755943719,-13.884533549410442,False,True,False,True,False,0.0,0,0.8655157948171992,1.0378539776993612,False,False,False,False,-0.31925017338645767,-0.3301539503777996,False,False,False,False,124628,225191.1617593692,False,False,False,False,81673.36607883305,False,False,False,False
2022-07-08 00:00:00+00:00,6.71,6.82,6.3589,6.64,99861,,,,,,,,,,,,,,,,,,,,,,,,,,,8.158612903190086,"rgba(239, 83, 80, 0.75)",0.0,0.0,1.9691859844721187,9.21322154432714,-1.2711961003511718,0.0,0.0,0.0,0.0,0.0,0.0,0.0,0.0,34.18840707921388,-13.884533549410442,False,True,False,True,True,0.0,0,0.8737539162631729,1.0151345770435776,False,False,False,False,-0.31788681541383584,-0.3240203828958177,False,False,False,False,224489,225163.62600409982,False,False,False,False,82386.60662476116,False,False,False,False
2022-07-11 00:00:00+00:00,6.62,6.75,6.37,6.66,24664,,,,,,,,,,,,,,,,,,,,,,,,,,,8.14177476607397,"rgba(239, 83, 80, 0.75)",0.0,0.0,1.957663619431804,9.204514164112293,-1.3202033988159965,0.0,0.0,0.0,0.0,0.0,0.0,0.0,0.0,34.59528865697299,-13.884533549410442,False,True,False,True,True,0.0,0,0.8744140345862512,1.011615692439617,False,False,False,False,-0.32426989177071086,-0.3241451373332643,False,False,False,False,199825,224169.9543960959,False,False,False,False,80122.97499241758,False,False,False,False
2022-07-12 00:00:00+00:00,6.7,6.74,6.54,6.61,28409,,,,,,,,,,,,,,,,,,,,,,,,,,,8.123790621351722,"rgba(239, 83, 80, 0.75)",0.0,0.0,1.9374383756546796,9.196226865677787,-1.2884161359889894,0.0,0.0,0.0,0.0,0.0,0.0,0.0,0.0,35.601889680861774,-13.884533549410442,False,True,False,True,True,0.0,0,0.8794676902280969,1.0131920876388334,False,False,False,False,-0.306988306970481,-0.31556672215187265,False,False,False,False,228234,224329.32873350393,False,False,False,False,78094.9759731071,False,False,False,False
2022-07-13 00:00:00+00:00,6.74,6.9,6.5509,6.61,26739,,,,,,,,,,,,,,,,,,,,,,,,,,,8.108051958018459,"rgba(239, 83, 80, 0.75)",0.0,0.0,1.8979123476281148,9.189522480982157,-1.290640468219414,0.0,0.0,0.0,0.0,0.0,0.0,0.0,0.0,36.65638188808173,-16.52861336730937,False,True,False,True,True,0.0,0,0.8769968754125776,1.0170422039343399,False,False,False,False,-0.288723512755345,-0.30214511745360884,False,False,False,False,254973,225531.04133219004,False,False,False,False,76081.01613102446,False,False,False,False
2022-07-14 00:00:00+00:00,6.36,6.69,6.36,6.69,53603,,,,,,,,,,,,,,,,,,,,,,,,,,,8.071784932759371,"rgba(239, 83, 80, 0.75)",0.0,0.0,1.8775129994391637,9.167113786994632,-1.4951234893357068,0.0,0.0,0.0,0.0,0.0,0.0,0.0,0.0,35.27182755605704,-16.52861336730937,False,True,False,True,True,0.0,0,0.8806038796656072,0.9998197044624987,False,False,False,False,-0.3318892871976861,-0.31701720232564745,True,False,False,False,201370,224583.5495152414,False,False,False,False,75199.52530235684,False,False,False,False
2022-07-15 00:00:00+00:00,6.49,6.6,6.45,6.5,61166,,,,,,,,,,,,,,,,,,,,,,,,,,,8.033382142625978,"rgba(239, 83, 80, 0.75)",0.0,0.0,1.8567679950352893,9.144442008383729,-1.4296034913792657,0.0,0.0,0.0,0.0,0.0,0.0,0.0,0.0,35.638228394452774,-16.52861336730937,False,True,False,True,True,0.0,0,0.8726356497434155,1.0035160236028338,False,False,False,False,-0.3318892871976861,-0.3244532447616668,False,False,False,False,262536,226071.88090680056,False,False,False,False,74649.19097677422,False,False,False,False
2022-07-18 00:00:00+00:00,6.9,7.0929,6.7,6.74,56998,,,,,,,,,,,,,,,,,,,,,,,,,,,8.007887931556413,"rgba(239, 83, 80, 0.5)",0.0,0.0,1.8329595720562886,9.134373939376228,-1.218997938328567,0.0,0.0,0.0,0.0,0.0,0.0,0.0,0.0,39.40009684828843,-13.883033924184211,False,False,False,True,True,0.0,0,0.8821076474629139,0.9893132322088339,False,False,False,False,-0.2527153201861706,-0.2885842824739187,False,False,False,False,319534,229737.06204771035,False,False,False,False,73956.98740905758,False,False,False,False
2022-07-19 00:00:00+00:00,7.02,7.23,6.91,7.02,51299,,,,,,,,,,,,,,,,,,,,,,,,,,,7.988985272925363,"rgba(239, 83, 80, 0.5)",0.0,0.0,1.795331553609908,9.127857780099506,-1.1740771646669916,0.0,0.0,0.0,0.0,0.0,0.0,0.0,0.0,42.80479749511478,-10.79608786923815,True,False,False,True,True,0.0,0,0.8879109285808484,0.9836137224242196,False,False,False,False,-0.2168145674186848,-0.25269942494630176,False,False,False,False,370833,235270.23608505505,False,False,False,False,73068.43888321219,False,False,False,False
2022-07-20 00:00:00+00:00,6.96,7.19,6.88,7.17,57268,,,,,,,,,,,,,,,,,,,,,,,,,,,7.967811164656877,"rgba(239, 83, 80, 0.5)",0.0,0.0,1.7468754603216141,9.118423755135325,-1.2355910905852105,0.0,0.0,0.0,0.0,0.0,0.0,0.0,0.0,44.62604141552127,-9.247252593105934,True,False,False,True,True,0.0,0,0.8865159811295733,0.9748053276747316,False,False,False,False,-0.2240077313913974,-0.23835357816884958,False,False,False,False,313565,238340.61898368032,False,False,False,False,72448.81382896857,False,False,False,False
2022-07-21 00:00:00+00:00,6.88,6.92,6.7,6.91,28835,,,,,,,,,,,,,,,,,,,,,,,,,,,7.95558954043567,#000000,0.0,0.0,1.695587033268232,9.111423811827342,-1.3160184455564563,0.0,0.0,0.0,0.0,0.0,0.0,0.0,0.0,45.22465132164955,-8.780108015216939,True,False,False,False,True,0.0,0,0.9069598492647775,0.9792195178803832,False,False,False,False,-0.2708337946540077,-0.25459368641142865,False,False,False,False,284730,240159.81039608503,False,False,False,False,70738.46818861687,False,False,False,False
2022-07-22 00:00:00+00:00,6.55,7.0,6.52,6.92,48395,,,,,,,,,,,,,,,,,,,,,,,,,,,7.933113274852967,"rgba(239, 83, 80, 0.5)",0.0,0.0,1.6446236405083368,9.097115319976199,-1.5487527098837708,0.0,0.0,0.0,0.0,0.0,0.0,0.0,0.0,43.334850340143575,-8.780108015216939,True,False,False,True,True,0.0,1,0.8993100249318722,0.9661815581453781,False,False,False,False,-0.28139202588645995,-0.2679928561489443,False,False,False,False,236335,240009.81783153268,False,False,False,False,69862.25374984757,False,False,False,False
2022-07-25 00:00:00+00:00,6.51,6.77,6.48,6.58,47305,,,,,,,,,,,,,,,,,,,,,,,,,,,7.910138433979412,"rgba(239, 83, 80, 0.5)",0.0,0.0,1.612685667780004,9.081677243927201,-1.5946549878299152,0.0,0.0,0.0,0.0,0.0,0.0,0.0,0.0,41.819971267462805,-8.780108015216939,False,False,False,True,False,0.0,1,0.8915108591159682,0.9921563241843403,False,False,False,False,-0.31021480734008,-0.28910383174451215,False,False,False,False,189030,238010.60928911966,False,False,False,False,68977.65556357904,False,False,False,False
2022-07-26 00:00:00+00:00,6.75,6.8,6.47,6.67,36767,,,,,,,,,,,,,,,,,,,,,,,,,,,7.8939504053568035,"rgba(239, 83, 80, 0.5)",0.0,0.0,1.588634270953142,9.071019786362385,-1.4610158101208714,0.0,0.0,0.0,0.0,0.0,0.0,0.0,0.0,43.11970365973224,-8.780108015216939,True,False,False,True,False,0.0,1,0.9183851848895455,0.9662788609287385,False,False,False,False,-0.3080631155335708,-0.2985834736390415,False,False,False,False,225797,237531.6442189581,False,False,False,False,67714.49260030143,False,False,False,False
2022-07-27 00:00:00+00:00,7.21,7.25,6.73,6.88,55972,,,,,,,,,,,,,,,,,,,,,,,,,,,7.8777234214443155,#000000,0.0,0.0,1.5487190638520314,9.062063657548856,-1.195868056884594,0.0,0.0,0.0,0.0,0.0,0.0,0.0,0.0,47.47243796517327,-7.128530848144827,True,False,False,False,True,0.0,1,0.903793725061271,0.9779263130177636,False,False,False,False,-0.2332898161872878,-0.26593664491316465,False,False,False,False,281769,239266.44248488132,False,False,False,False,67254.00269440726,False,False,False,False
2022-07-28 00:00:00+00:00,7.29,7.48,7.04,7.3,45520,,,,,,,,,,,,,,,,,,,,,,,,,,,7.8682189375821086,"rgba(38, 166, 154, 1.0)",0.0,0.0,1.500071493791699,9.057454384664059,-1.1782467648901864,0.0,0.0,0.0,0.0,0.0,0.0,0.0,0.0,50.89355004758421,-4.064439520365887,True,False,True,False,True,0.0,0,0.8908142093681234,1.0059981138006917,False,False,False,False,-0.17812904388125447,-0.22203284439720955,False,False,False,False,327289,242718.30748547422,False,False,False,False,66401.68886325404,False,False,False,False
2022-07-29 00:00:00+00:00,7.6,7.75,7.21,7.29,69458,,,,,,,,,,,,,,,,,,,,,,,,,,,7.860102738107344,"rgba(38, 166, 154, 1.0)",0.0,0.0,1.4463780423670065,8.862997787641778,-0.8732141602308027,0.0,0.0,0.0,0.0,0.0,0.0,0.0,0.0,55.02815518207046,-0.38459396091599274,True,False,True,False,True,0.0,0,0.8539523052464231,1.019718071012189,False,False,False,False,-0.13397787535915467,-0.1780053598781821,False,False,False,False,396747,248758.64836839683,False,False,False,False,66521.54420194996,False,False,False,False
2022-08-01 00:00:00+00:00,7.35,7.61,7.23,7.6,71666,,,,,,,,,,,,,,,,,,,,,,,,,,,7.849219441885766,"rgba(38, 166, 154, 1.0)",0.0,0.0,1.379182653890617,8.849695952809201,-1.0873802310220633,0.0,0.0,0.0,0.0,0.0,0.0,0.0,0.0,55.57903448302551,-0.045072385955045036,True,False,True,False,True,0.0,0,0.8441586682983195,1.0247263641286506,False,False,False,False,-0.14596065044114612,-0.16198300515966413,False,False,False,False,325081,251751.6817657146,False,False,False,False,66723.28756657937,False,False,False,False
2022-08-02 00:00:00+00:00,6.95,7.4,6.95,7.24,60435,,,,,,,,,,,,,,,,,,,,,,,,,,,7.8346702644803905,"rgba(38, 166, 154, 1.0)",0.0,0.0,1.2988844832781985,8.827042540152728,-1.4451189188243603,0.0,0.0,0.0,0.0,0.0,0.0,0.0,0.0,53.0104497290587,-0.045072385955045036,True,False,True,False,True,0.0,0,0.8224449002068276,1.0552884094230077,False,False,False,False,-0.19536389401691384,-0.17867344958828899,False,False,False,False,264646,252257.34130431403,False,False,False,False,66476.6880541645,False,False,False,False
2022-08-03 00:00:00+00:00,6.98,7.24,6.9,6.96,35098,,,,,,,,,,,,,,,,,,,,,,,,,,,7.82580810123035,#000000,0.0,0.0,1.213869280701428,8.815423125043075,-1.5120434747162277,0.0,0.0,0.0,0.0,0.0,0.0,0.0,0.0,51.517986817594,-0.045072385955045036,True,False,False,False,False,0.0,0,0.8104628687914693,1.0636251964759806,False,False,False,False,-0.207155171824326,-0.1929143107063075,False,False,False,False,299744,254119.56321394877,False,False,False,False,65246.15126772667,False,False,False,False
2022-08-04 00:00:00+00:00,7.01,7.05,6.83,7.03,50246,,,,,,,,,,,,,,,,,,,,,,,,,,,7.812254974087962,#000000,0.0,0.0,1.1310095625725725,8.798737586507903,-1.5815406391783948,0.0,0.0,0.0,0.0,0.0,0.0,0.0,0.0,50.75858918303358,-0.045072385955045036,True,False,False,False,False,0.0,0,0.8145095288202971,1.062506183165601,False,False,False,False,-0.21847742902933873,-0.20569586986782312,False,False,False,False,349990,257879.1881859508,False,False,False,False,64657.91004154132,False,False,False,False
2022-08-05 00:00:00+00:00,7.23,7.23,6.85,6.98,52374,,,,,,,,,,,,,,,,,,,,,,,,,,,7.800830148137757,"rgba(38, 166, 154, 0.75)",0.0,0.0,1.0621193669025721,8.788091029702194,-1.4669641457023888,0.0,0.0,0.0,0.0,0.0,0.0,0.0,0.0,51.939650794700675,-0.045072385955045036,True,False,True,False,False,0.0,0,0.836811150866268,1.0302761314287279,False,False,False,False,-0.19269701145669604,-0.19919644066225958,False,False,False,False,402364,263545.25923748215,False,False,False,False,64176.18807912793,False,False,False,False
2022-08-08 00:00:00+00:00,7.37,7.6899,7.27,7.5,75613,,,,,,,,,,,,,,,,,,,,,,,,,,,7.7927007953058895,"rgba(38, 166, 154, 0.75)",0.0,0.0,0.9971193283428647,8.787073348545515,-1.4211672648052884,0.0,0.0,0.0,0.0,0.0,0.0,0.0,0.0,53.720983128417494,-0.045072385955045036,True,False,True,False,False,0.0,0,0.8604921978107292,0.9997807988966879,False,False,False,False,-0.08177490398082284,-0.14048567232154122,False,False,False,False,477977,271954.3471105221,False,False,False,False,64624.69050739743,False,False,False,False
2022-08-09 00:00:00+00:00,7.4,7.4453,7.15,7.37,39626,,,,,,,,,,,,,,,,,,,,,,,,,,,7.787273024343729,"rgba(38, 166, 154, 1.0)",0.0,0.0,0.9641486371896011,8.783624922078536,-1.4350742911504462,0.0,0.0,0.0,0.0,0.0,0.0,0.0,0.0,55.12422295815727,-0.045072385955045036,True,False,True,False,True,0.0,0,0.8532839474123387,1.014889947894454,False,False,False,False,-0.12734074337395443,-0.13391320784774782,False,False,False,False,517603,281587.6276159918,False,False,False,False,63644.34970318577,False,False,False,False
2022-08-10 00:00:00+00:00,7.55,7.75,7.46,7.46,68632,,,,,,,,,,,,,,,,,,,,,,,,,,,7.783263384811868,"rgba(38, 166, 154, 1.0)",0.0,0.0,0.9394596491773358,8.784934020589853,-1.3145152340191066,0.0,0.0,0.0,0.0,0.0,0.0,0.0,0.0,57.13816589605654,1.5392251555492678,True,False,True,False,True,0.0,0,0.8661361767344499,0.9922669333133974,False,False,False,False,-0.05072475684856105,-0.09231898234815444,False,False,False,False,586235,293534.58339575684,False,False,False,False,63839.9438324726,False,False,False,False
2022-08-11 00:00:00+00:00,7.43,7.75,7.21,7.6,106398,,,,,,,,,,,,,,,,,,,,,,,,,,,7.773647933835896,"rgba(38, 166, 154, 1.0)",0.0,0.0,0.9294454803273139,8.779078999330135,-1.451488040863939,0.0,0.0,0.0,0.0,0.0,0.0,0.0,0.0,57.188421046596844,1.7782349838021503,True,False,True,False,True,0.0,0,0.8428668251197683,1.001137334274149,False,False,False,False,-0.0817624613759734,-0.08704072186206392,False,False,False,False,479837,300840.5605174919,False,False,False,False,65508.887211591325,False,False,False,False
2022-08-12 00:00:00+00:00,7.87,7.88,7.36,7.51,100943,,,,,,,,,,,,,,,,,,,,,,,,,,,7.771698570951215,"rgba(38, 166, 154, 1.0)",0.0,0.0,0.9260628274368488,8.780910988775883,-0.9836384333632059,0.0,0.0,0.0,0.0,0.0,0.0,0.0,0.0,60.120669704929654,4.747492170763039,True,False,True,False,True,0.0,0,0.8598654288869343,0.9992747384379274,False,False,False,False,-0.047007956829738885,-0.06702433934590141,False,False,False,True,580780,311818.5777521001,False,False,False,False,66898.46026211715,False,False,False,False
2022-08-15 00:00:00+00:00,7.53,7.91,7.37,7.91,96969,,,,,,,,,,,,,,,,,,,,,,,,,,7.6033333333333335,7.76733098443685,"rgba(38, 166, 154, 1.0)",0.0,0.0,0.9220689036417146,8.647101623706327,-1.2115164271285253,-1.0,7.91,7.37,0.0,0.0,0.0,0.0,0.0,58.83051711688546,4.747492170763039,True,False,True,False,True,0.0,0,0.8579324838843442,0.9992696120933389,False,False,False,False,-0.04205422378772613,-0.05453928156681377,False,False,False,False,483811,318563.3786245668,False,False,False,False,68077.69711458315,False,False,False,False
2022-08-16 00:00:00+00:00,7.3,7.65,7.06,7.6,76160,,,,,,,,,,,,,,,,,,,,,,,,,,7.486025815047354,7.758731696764294,"rgba(38, 166, 154, 0.75)",0.0,0.0,0.9171419177517008,8.625583366993611,-1.4453416001780528,0.0,0.0,0.0,0.0,-1.0,7.37,7.35,0.0,56.11562577554008,4.747492170763039,True,False,True,False,False,0.0,0,0.8328018587500472,1.0157325883282537,False,False,False,False,-0.09124874178826912,-0.07289401167754145,False,False,False,False,407651,322057.01083536807,False,False,False,False,68394.65016891323,False,False,False,False
2022-08-17 00:00:00+00:00,7.13,7.35,6.84,7.35,89156,,,,,,,,,,,,,,,,,,,,,,,,,,7.357073933570988,7.743837968209401,"rgba(38, 166, 154, 0.75)",0.0,0.0,0.9165229436878689,8.596218769290633,-1.599762209324428,0.0,0.0,0.0,0.0,0.0,0.0,0.0,0.0,53.04800349453978,8.515365928845284,True,False,True,False,False,0.0,1,0.8332723622992647,1.0147503001650908,False,False,False,False,-0.1630446298786967,-0.11796932077811907,False,False,False,False,318495,321917.32413594186,False,False,False,False,69208.82075052448,False,False,False,False
2022-08-18 00:00:00+00:00,7.19,7.25,7.0201,7.25,21798,,,,,,,,,,,,,,,,,,,,,,,,,,7.341443251678793,7.740558836560003,#000000,0.0,0.0,0.9161400223440251,8.591183366380655,-1.5294423692959107,0.0,0.0,0.0,0.0,0.0,0.0,0.0,0.0,51.499972307082786,7.034468377880799,True,False,False,False,False,0.0,1,0.8394421649313382,1.0210848374166925,False,False,False,False,-0.15189454651787823,-0.13493193364799866,False,False,False,False,340293,322637.93887570885,False,False,False,False,67349.5728779549,False,False,False,False
2022-08-19 00:00:00+00:00,6.7,7.19,6.65,7.19,53260,,,,,,,,,,,,,,,,,,,,,,,,,,7.263327503263247,7.728592080728338,"rgba(239, 83, 80, 0.5)",0.0,0.0,0.9200666446679833,8.57055050749713,-2.0330597988063563,0.0,0.0,0.0,0.0,0.0,0.0,0.0,0.0,47.21700841078914,3.00130271854259,True,False,False,True,False,0.0,1,0.8216989821221926,1.0238292043549113,False,False,False,False,-0.20600895080464268,-0.17047044222632068,False,False,False,False,287033,321241.666762936,False,False,False,False,66797.04060823118,False,False,False,False
2022-08-22 00:00:00+00:00,6.71,6.76,6.5,6.73,50485,,,,,,,,,,,,,,,,,,,,,,,,,,7.184356226471529,7.715160081574003,"rgba(239, 83, 80, 0.5)",0.0,0.0,0.9208626390509989,8.548537006977423,-1.9965377343054544,0.0,0.0,0.0,0.0,0.0,0.0,0.0,0.0,44.453780664822105,0.4811401074098143,False,False,False,True,False,0.0,1,0.8188721571247882,1.0398300837648857,False,False,False,False,-0.2829154201840509,-0.2266929312051858,False,False,False,False,337518,321879.9543408601,False,False,False,False,66157.35274124172,False,False,False,False
2022-08-23 00:00:00+00:00,7.09,7.113,6.76,6.76,50824,,,,,,,,,,,,,,,,,,,,,,,,,,7.1615669762514855,7.706097178435198,"rgba(239, 83, 80, 0.5)",0.0,0.0,0.9210211137057945,8.537086553711374,-1.5711763087481432,0.0,0.0,0.0,0.0,0.0,0.0,0.0,0.0,45.83635130063015,0.4811401074098143,False,False,False,True,False,0.0,1,0.8480087809301107,0.9981626858192754,False,False,False,False,-0.12832969141628633,-0.17751131131073605,False,False,False,False,388342,324486.309072591,False,False,False,False,65556.04479060479,False,False,False,False
2022-08-24 00:00:00+00:00,7.14,7.33,6.99,7.33,56870,,,,,,,,,,,,,,,,,,,,,,,,,,7.160622018665838,7.698497763295648,"rgba(239, 83, 80, 0.5)",0.0,0.0,0.9200695821708303,8.529412444427878,-1.510116703510262,0.0,0.0,0.0,0.0,0.0,0.0,0.0,0.0,47.142064323377745,0.4811401074098143,True,False,False,True,False,0.0,1,0.8900878846483391,0.9855320815687042,False,False,False,False,0.05155282644140575,-0.06297924243466516,False,False,False,False,445212,329220.6498932737,False,False,False,False,65215.415583130096,False,False,False,False
2022-08-25 00:00:00+00:00,7.12,7.31,6.92,7.31,42537,,,,,,,,,,,,,,,,,,,,,,,,,,7.157147067390998,7.692575632306796,#000000,0.0,0.0,0.9215940557553385,8.523112190273276,-1.5224839846902927,0.0,0.0,0.0,0.0,0.0,0.0,0.0,0.0,47.850584733710434,0.4811401074098143,True,False,False,False,True,0.0,1,0.8997797520354377,0.9685466109035118,False,False,False,False,0.02644902355837807,-0.018265109438143544,False,False,False,False,402675,332101.2126425571,False,False,False,False,64326.065952419114,False,False,False,False
2022-08-26 00:00:00+00:00,7.08,7.16,6.94,7.16,53828,,,,,,,,,,,,,,,,,,,,,,,,,,7.148312218266887,7.6845315437096735,#000000,0.0,0.0,0.923651449411503,8.514113411468243,-1.5526564835490446,0.0,0.0,0.0,0.0,0.0,0.0,0.0,0.0,47.977530827418406,0.4811401074098143,True,False,False,False,True,0.0,1,0.8970207221428752,0.9711593876068058,False,False,False,False,-0.009761508419571473,-0.014013308928857509,False,False,False,False,348847,332757.91018598626,False,False,False,False,63914.37709153994,False,False,False,False
2022-08-29 00:00:00+00:00,7.06,7.25,6.98,7.04,47339,,,,,,,,,,,,,,,,,,,,,,,,,,7.144487516569518,7.67802990564204,#000000,0.0,0.0,0.9257770050411889,8.507143868913369,-1.5631667896622516,0.0,0.0,0.0,0.0,0.0,0.0,0.0,0.0,47.87831326776972,0.4811401074098143,True,False,False,False,True,0.0,1,0.9202578409641011,0.9635404723687229,False,False,False,False,0.02644902355837807,0.0062178573147602815,False,False,False,False,301508,331532.423512026,False,False,False,False,63264.362303636415,False,False,False,False
2022-08-30 00:00:00+00:00,7.17,7.25,6.95,7.0,38128,,,,,,,,,,,,,,,,,,,,,,,,,,7.143296755610803,7.673132408103821,#000000,0.0,0.0,0.9269801206844268,8.502029633828895,-1.436955986548454,0.0,0.0,0.0,0.0,0.0,0.0,0.0,0.0,48.940667169046606,0.4811401074098143,True,False,False,False,True,0.0,1,0.9244203028517257,0.9612851981859644,False,False,False,False,0.01809004867126901,0.012153952993014645,False,False,False,False,339636,331850.2108252799,False,False,False,False,62278.6226054546,False,False,False,False
2022-08-31 00:00:00+00:00,6.82,7.14,6.82,7.14,34306,,,,,,,,,,,,,,,,,,,,,,,,,,7.132853971372096,7.667249145478815,"rgba(239, 83, 80, 0.5)",0.0,0.0,0.9298755123501418,8.495050145957343,-1.8013703164672734,0.0,0.0,0.0,0.0,0.0,0.0,0.0,0.0,46.50573207541362,0.4811401074098143,False,False,False,True,True,0.0,1,0.9012658227848099,0.9873417721518988,False,False,False,False,-0.04394992808559539,-0.015897987546290373,False,False,False,False,305330,330810.2025576219,False,False,False,False,61181.65701308384,False,False,False,False
2022-09-01 00:00:00+00:00,6.3,6.8,6.1401,6.8,136715,,,,,,,,,,,,,,,,,,,,,,,,,,7.016909127567407,7.62906524009835,"rgba(239, 83, 80, 1.0)",0.0,0.0,0.9283165427824572,8.44614542214989,-2.3118681217477994,0.0,0.0,0.0,0.0,0.0,0.0,0.0,0.0,41.66508412488702,-3.0619154832261017,False,True,False,True,False,0.0,0,0.8933506044905009,1.0017733777448805,False,False,False,False,-0.34282825441539394,-0.17936312098084214,False,False,False,False,168615,324449.60637889156,False,False,False,False,64143.74889492369,False,False,False,False
2022-09-02 00:00:00+00:00,6.56,6.57,6.29,6.43,51572,,,,,,,,,,,,,,,,,,,,,,,,,,6.985759192226505,7.615939676838912,"rgba(239, 83, 80, 1.0)",0.0,0.0,0.9079960114211554,8.430361244763384,-2.0598782607381474,0.0,0.0,0.0,0.0,0.0,0.0,0.0,0.0,41.001818663355856,-3.7013222657195968,False,True,False,True,False,0.0,0,0.9199301351687539,0.9981600879011527,False,False,False,False,-0.34282825441539394,-0.26109568769811803,False,False,False,False,220187,320360.87671697425,False,False,False,False,63650.739134338444,False,False,False,False
2022-09-06 00:00:00+00:00,6.3,6.7,6.3,6.63,40657,,,,,,,,,,,,,,,,,,,,,,,,,,6.961880941501418,7.6054454282066635,"rgba(239, 83, 80, 1.0)",0.0,0.0,0.8874704004707323,8.417907077704577,-2.386453764070549,0.0,0.0,0.0,0.0,0.0,0.0,0.0,0.0,39.09654685371261,-5.578387871642093,False,True,False,True,False,0.0,0,0.910315129960092,0.9991987345174831,False,False,False,False,-0.3005525445624289,-0.28082411613027347,False,False,False,False,179530,314838.09723787726,False,False,False,False,62749.02387416831,False,False,False,False
2022-09-07 00:00:00+00:00,6.24,6.45,6.23,6.28,27539,,,,,,,,,,,,,,,,,,,,,,,,,,6.943243254801545,7.597685520319125,"rgba(239, 83, 80, 1.0)",0.0,0.0,0.8512802653004827,8.408658525511232,-2.547525901761324,0.0,0.0,0.0,0.0,0.0,0.0,0.0,0.0,37.505075615600326,-7.165567344956862,False,True,False,True,False,0.0,0,0.9060652427346158,1.012204388375385,False,False,False,False,-0.34282825441539394,-0.3118261852728337,False,False,False,False,151991,308451.9365618821,False,False,False,False,61368.23862420093,False,False,False,False
2022-09-08 00:00:00+00:00,6.25,6.38,6.24,6.33,35124,,,,,,,,,,,,,,,,,,,,,,,,,,6.920373454357945,7.587795810288244,"rgba(239, 83, 80, 1.0)",0.0,0.0,0.8243544457648192,8.396996816522638,-2.6044583462283604,0.0,0.0,0.0,0.0,0.0,0.0,0.0,0.0,36.55318499845036,-8.183191047330581,False,True,False,True,False,0.0,0,0.897080192056606,1.024981047045445,False,False,False,False,-0.34282825441539394,-0.32732721984411384,False,False,False,False,187115,303693.6253241612,False,False,False,False,60339.0527958009,False,False,False,False
2022-09-09 00:00:00+00:00,6.73,6.8,6.2801,6.2801,67332,,,,,,,,,,,,,,,,,,,,,,,,,,6.900436296721118,7.5737278477258645,"rgba(239, 83, 80, 0.75)",0.0,0.0,0.79263926789491,8.381509727962234,-2.0835577984274107,0.0,0.0,0.0,0.0,0.0,0.0,0.0,0.0,40.456045434262876,-8.183191047330581,False,True,False,True,True,0.0,0,0.9103749291187839,0.989304089521025,False,False,False,False,-0.21928854815920593,-0.2733078840016599,False,False,False,False,254447,301762.38511537056,False,False,False,False,60613.28601949498,False,False,False,False
2022-09-12 00:00:00+00:00,6.96,7.04,6.73,6.73,67689,,,,,,,,,,,,,,,,,,,,,,,,,,6.901005008252159,7.564327615668606,"rgba(239, 83, 80, 0.5)",0.0,0.0,0.7717625317449502,8.372230102782744,-1.8298764771460216,0.0,0.0,0.0,0.0,0.0,0.0,0.0,0.0,44.76408478310695,-10.934628369168237,False,False,False,True,True,0.0,0,0.9540978790597148,0.9698042733563107,False,False,False,False,-0.044691406210062644,-0.15899964510586126,False,False,False,False,322136,302561.3504049639,False,False,False,False,60890.76499912263,False,False,False,False
2022-09-13 00:00:00+00:00,6.6,6.93,6.54,6.74,45998,,,,,,,,,,,,,,,,,,,,,,,,,,6.892809514621749,7.555993034413767,"rgba(239, 83, 80, 0.5)",0.0,0.0,0.7581401377505601,8.363325575931334,-2.3258570389944135,0.0,0.0,0.0,0.0,0.0,0.0,0.0,0.0,45.04646593157078,-10.727002632152782,False,False,False,True,True,0.0,0,0.9459827579008894,0.9678745877343132,False,False,False,False,-0.11966570684491712,-0.13933267597538918,False,False,False,False,276138,301525.1405851614,False,False,False,False,60306.73499915704,False,False,False,False
2022-09-14 00:00:00+00:00,6.26,6.6,6.17,6.6,83984,,,,,,,,,,,,,,,,,,,,,,,,,,6.856423565565691,7.535248084515096,"rgba(239, 83, 80, 0.5)",0.0,0.0,0.7431470214536726,8.340122841797156,-2.7990731063258787,0.0,0.0,0.0,0.0,0.0,0.0,0.0,0.0,43.23784641738479,-10.727002632152782,False,False,False,True,True,0.0,0,0.9331509072748462,0.9851423339437325,False,False,False,False,-0.3016063541754161,-0.22046951507540263,False,False,False,False,192154,297236.07624848845,False,False,False,False,61235.25519526853,False,False,False,False
2022-09-15 00:00:00+00:00,6.14,6.37,6.08,6.37,42140,,,,,,,,,,,,,,,,,,,,,,,,,,6.8352071861732835,7.523855971258427,"rgba(239, 83, 80, 1.0)",0.0,0.0,0.7311123205261931,8.327373240146139,-2.991842947704468,0.0,0.0,0.0,0.0,0.0,0.0,0.0,0.0,41.39133935271521,-10.727002632152782,False,True,False,True,False,0.0,0,0.9508033713185392,0.9912876037753716,False,False,False,False,-0.34282825441539394,-0.2816488847453983,False,False,False,False,150014,291462.6614936458,False,False,False,False,60486.421658199186,False,False,False,False
2022-09-16 00:00:00+00:00,5.67,6.28,5.64,6.21,122137,,,,,,,,,,,,,,,,,,,,,,,,,,6.7523465493046055,7.483882269375085,"rgba(239, 83, 80, 1.0)",0.0,0.0,0.720689684692095,8.282527660585167,-3.6250382322335226,0.0,0.0,0.0,0.0,0.0,0.0,0.0,0.0,37.987785530878625,-6.038284680737554,False,True,False,True,False,0.0,0,0.9240301584922821,1.0023564551885942,False,False,False,False,-0.34282825441539394,-0.3122385695803961,False,False,False,False,27877,281125.96888605185,False,False,False,False,62904.09139709334,False,False,False,False
2022-09-19 00:00:00+00:00,6.02,6.04,5.25,5.47,76886,,,,,,,,,,,,,,,,,,,,,,,,,,6.702308755782248,7.45829767071294,"rgba(239, 83, 80, 1.0)",0.0,0.0,0.7111618966474603,8.25434424181506,-3.1418222100314206,0.0,0.0,0.0,0.0,0.0,0.0,0.0,0.0,38.56451024072393,-6.038284680737554,False,True,False,True,False,0.0,0,0.9121443089430896,1.021814024390244,False,False,False,False,-0.34282825441539394,-0.327533411997895,False,False,False,False,104763,274209.7740277753,False,False,False,False,63452.4015383838,False,False,False,False
2022-09-20 00:00:00+00:00,5.9,6.02,5.7599,6.02,24320,,,,,,,,,,,,,,,,,,,,,,,,,,6.689480684417025,7.450942686136321,"rgba(239, 83, 80, 1.0)",0.0,0.0,0.6782253737937171,8.246379744818753,-3.45958708636048,0.0,0.0,0.0,0.0,0.0,0.0,0.0,0.0,38.35726429356025,-6.038284680737554,False,True,False,True,False,0.0,0,0.9371066610088905,1.0193915164032905,False,False,False,False,-0.2543079581184468,-0.2909206850581709,False,False,False,False,80443,266611.0770070782,False,False,False,False,61917.797556486395,False,False,False,False
2022-09-21 00:00:00+00:00,5.75,6.02,5.75,5.9,45342,,,,,,,,,,,,,,,,,,,,,,,,,,6.665088768039076,7.436950146958959,"rgba(239, 83, 80, 1.0)",0.0,0.0,0.6613083673723826,8.231273836010573,-3.75206780744295,0.0,0.0,0.0,0.0,0.0,0.0,0.0,0.0,37.48683916412455,-6.928485938762982,False,True,False,True,False,0.0,0,0.9281664382759132,1.0188129454256474,False,False,False,False,-0.25605452315810245,-0.27348760410813666,False,False,False,False,35101,257532.25045778105,False,False,False,False,61267.76627976144,False,False,False,False
2022-09-22 00:00:00+00:00,5.58,5.75,5.53,5.75,35918,,,,,,,,,,,,,,,,,,,,,,,,,,6.641845922086488,7.424533825645449,"rgba(239, 83, 80, 1.0)",0.0,0.0,0.6505418946975868,8.217824455048369,-4.05481103761134,0.0,0.0,0.0,0.0,0.0,0.0,0.0,0.0,36.104420748734924,-8.4912034864225,False,True,False,True,False,0.0,0,0.9158504692067072,1.040987641659402,False,False,False,False,-0.34282825441539394,-0.30815792926176533,False,False,False,False,-817,247400.90730257396,False,False,False,False,60273.65779820217,False,False,False,False
2022-09-23 00:00:00+00:00,5.27,5.52,5.14,5.51,60005,,,,,,,,,,,,,,,,,,,,,,,,,,6.594134545519311,7.400666161639914,"rgba(239, 83, 80, 1.0)",0.0,0.0,0.6367852820970855,8.191925015922031,-4.588556139833253,0.0,0.0,0.0,0.0,0.0,0.0,0.0,0.0,33.86067144906011,-10.823302957557466,False,True,False,True,False,0.0,0,0.906441388477072,1.0413731404324935,False,False,False,False,-0.34282825441539394,-0.32549309183857966,False,False,False,False,-60822,235313.73446717893,False,False,False,False,60263.12219827267,False,False,False,False
2022-09-26 00:00:00+00:00,5.11,5.38,5.0696,5.27,33549,,,,,,,,,,,,,,,,,,,,,,,,,,6.566495235461451,7.386780744319664,"rgba(239, 83, 80, 1.0)",0.0,0.0,0.6332916439574073,7.877899809992611,-4.3706558209044815,0.0,0.0,0.0,0.0,0.0,0.0,0.0,0.0,31.745351533179377,-12.971367877111646,False,True,False,True,False,0.0,0,0.903190806564993,1.0483562048554866,True,False,False,False,-0.34282825441539394,-0.33416067312698683,False,False,False,False,-94371,222384.92135081897,False,False,False,False,59215.5095630463,False,False,False,False
2022-09-27 00:00:00+00:00,5.27,5.4,5.12,5.12,51795,,,,,,,,,,,,,,,,,,,,,,,,,,6.528152399885174,7.36641874427004,"rgba(239, 83, 80, 1.0)",0.0,0.0,0.63076864307054,7.862982852469298,-4.11083030355921,0.0,0.0,0.0,0.0,0.0,0.0,0.0,0.0,31.907322496525506,-12.971367877111646,False,True,False,True,False,0.0,0,0.9016435023423144,1.0736185521650232,False,False,False,False,-0.3320715438569765,-0.3331161084919817,False,False,False,False,-42576,211994.2969841202,False,False,False,False,58924.50918802488,False,False,False,False
2022-09-28 00:00:00+00:00,5.49,5.54,5.25,5.29,53046,,,,,,,,,,,,,,,,,,,,,,,,,,6.49593162430444,7.347554228048955,"rgba(239, 83, 80, 1.0)",0.0,0.0,0.6201372414217415,7.852514295413494,-3.8096636318714494,0.0,0.0,0.0,0.0,0.0,0.0,0.0,0.0,34.0393058074788,-12.971367877111646,False,True,False,True,False,0.0,0,0.8978084394532772,1.0741395855486684,False,False,False,False,-0.2914725328454922,-0.31229432066873697,False,False,False,False,10470,204091.38337689982,False,False,False,False,58693.979415945476,False,False,False,False
2022-09-29 00:00:00+00:00,5.46,5.51,5.33,5.38,48760,,,,,,,,,,,,,,,,,,,,,,,,,,6.468107983973519,7.330593774798282,"rgba(239, 83, 80, 0.75)",0.0,0.0,0.6318304026062902,7.8398339975179905,-3.7665708831059943,0.0,0.0,0.0,0.0,0.0,0.0,0.0,0.0,35.29130700027967,-12.971367877111646,False,True,False,True,True,0.0,0,0.902859231793613,1.0741206883045669,False,False,False,False,-0.284059255134728,-0.2981767879017325,False,False,False,False,-38290,194586.23108760963,False,False,False,False,58304.41159571232,False,False,False,False
2022-09-30 00:00:00+00:00,5.27,5.5,5.2,5.39,57573,,,,,,,,,,,,,,,,,,,,,,,,,,6.4337762116347985,7.309811913052494,"rgba(239, 83, 80, 0.75)",0.0,0.0,0.6491024156062855,7.819938942466834,-3.928407722970955,0.0,0.0,0.0,0.0,0.0,0.0,0.0,0.0,35.060457137086665,-12.971367877111646,False,True,False,True,True,0.0,0,0.9077520389816819,1.062500977147771,False,False,False,False,-0.3048959777883194,-0.30153638284502593,False,False,False,False,-95863,183196.06516260531,False,False,False,False,58275.728788037326,False,False,False,False
2022-10-03 00:00:00+00:00,5.56,5.65,5.34,5.5,28430,,,,,,,,,,,,,,,,,,,,,,,,,,6.420392671707634,7.300690975280308,"rgba(239, 83, 80, 0.75)",0.0,0.0,0.6515506935813017,7.8133635536265675,-3.458462366513296,0.0,0.0,0.0,0.0,0.0,0.0,0.0,0.0,37.61725131618175,-17.126807904126615,False,True,False,True,True,0.0,0,0.9203656651910839,1.055494145689813,False,False,False,False,-0.2619972098228097,-0.2817667963339178,False,False,False,False,-67433,173367.47437191493,False,False,False,False,57105.30805125155,False,False,False,False
2022-10-04 00:00:00+00:00,6.06,6.17,5.7106,5.79,71409,,,,,,,,,,5.9802,,,,,,,,,,,,,,,,6.404828188748816,7.284033004896379,"rgba(239, 83, 80, 0.75)",0.0,0.0,0.652172032795281,7.811310885210103,-2.6853510993162226,0.0,0.0,0.0,0.0,0.0,0.0,0.0,0.0,42.96449272283094,-12.062644876505352,False,True,False,True,True,0.0,0,0.9350748383440245,1.0144215163459307,False,False,False,False,-0.1352953474512722,-0.208531071892595,False,False,False,False,3976,166724.67145536924,False,False,False,False,57666.2371472809,False,False,False,False
2022-10-05 00:00:00+00:00,6.17,6.24,5.78,5.98,24713,,,,,,,,,,6.001573609232711,,,,,,,,,,,,,,,,6.4006999339625,7.278726896740517,#000000,0.0,0.0,0.6503408669637885,7.810437789749926,-2.5224276576813485,0.0,0.0,0.0,0.0,0.0,0.0,0.0,0.0,47.21115516181515,-8.226810470668767,False,False,False,False,True,0.0,0,0.9395705913964736,1.0122783222867668,False,False,False,False,-0.11594574908261195,-0.16223841048760348,False,False,False,False,28689,161311.50786888416,False,False,False,False,56373.95333758361,False,False,False,False
2022-10-06 00:00:00+00:00,5.8,6.25,5.8,6.15,38552,,,,,,,,,,5.986810063313384,,,,,,,,,,,,,,,,6.392357794314988,7.269777588561912,#000000,0.0,0.0,0.6451242495033542,7.637640765599351,-2.848506728764343,0.0,0.0,0.0,0.0,0.0,0.0,0.0,0.0,47.4354700867777,-8.155431100458834,False,False,False,False,True,0.0,0,0.9270257081952898,1.0349230808742325,False,False,False,False,-0.11179332472995077,-0.13701586760877713,False,False,False,False,-9863,154598.7820701044,False,False,False,False,55675.05320669798,False,False,False,False
2022-10-07 00:00:00+00:00,5.64,5.75,5.58,5.73,19673,,,,,,,,,,5.944730132752823,,,,,,,,,,,,,,,,6.385474023734082,7.264252343511876,#000000,0.0,0.0,0.6516991512835907,7.624429088120814,-3.04500793688663,0.0,0.0,0.0,0.0,0.0,0.0,0.0,0.0,46.58583333410843,-8.155431100458834,False,False,False,False,True,0.0,0,0.9012546432189522,1.0706496610125464,False,False,False,False,-0.21286470405323277,-0.17494028583100496,False,False,False,False,-29536,147377.81022421797,False,False,False,False,54263.20798290591,False,False,False,False
2022-10-10 00:00:00+00:00,5.68,5.8711,5.6253,5.71,34851,,,,,,,,,,5.904340958149663,,,,,,,,,,,,,,,,6.374712233701029,7.254971598379196,#000000,0.0,0.0,0.6590851426220999,7.613562191275609,-2.933706233436151,0.0,0.0,0.0,0.0,0.0,0.0,0.0,0.0,46.330315394970285,-8.155431100458834,False,False,False,False,True,0.0,0,0.8931429807484319,1.079601990049751,False,False,False,False,-0.18919644387602824,-0.1820683648535166,False,False,False,False,5315,141806.7196271898,False,False,False,False,53501.94492475274,False,False,False,False
2022-10-11 00:00:00+00:00,5.33,5.74,5.32,5.68,129345,,,,,,,,,,5.725268960862427,,,,,,,,,,,,,,,,6.322706420939445,7.215745477147892,"rgba(239, 83, 80, 0.5)",0.0,0.0,0.673435671466527,7.560652153908043,-3.3123462988683054,0.0,0.0,0.0,0.0,0.0,0.0,0.0,0.0,44.02061569774407,-8.155431100458834,False,False,False,True,False,0.0,0,0.8762418199143955,1.0789657950016582,False,False,False,False,-0.2517875137495483,-0.21692793930153242,False,False,False,False,-124030,131381.75023004512,False,False,False,False,56476.182378684,False,False,False,False
2022-10-12 00:00:00+00:00,5.4,5.47,5.13,5.31,36760,,,,,,,,,,5.684718912965366,,,,,,,,,,,,,,,,6.306917506152302,7.204104976142832,"rgba(239, 83, 80, 1.0)",0.0,0.0,0.6826767137492415,7.361895263240449,-2.8738277192227253,0.0,0.0,0.0,0.0,0.0,0.0,0.0,0.0,43.084680891311784,-8.155431100458834,False,True,False,True,False,0.0,0,0.8802867990870723,1.0826030088486203,False,False,False,False,-0.3199372153732358,-0.2684325773373841,False,False,False,False,-87270,122807.17178965118,False,False,False,False,55702.99875599051,False,False,False,False
2022-10-13 00:00:00+00:00,5.58,5.6916,5.16,5.21,56975,,,,,,,,,,5.656040715083835,,,,,,,,,,,,,,,,6.286890318565098,7.1877107247848455,"rgba(239, 83, 80, 0.5)",0.0,0.0,0.6863597144774933,7.355001971943557,-2.586110365313059,0.0,0.0,0.0,0.0,0.0,0.0,0.0,0.0,43.98854457348591,-8.155431100458834,False,False,False,True,False,0.0,0,0.88568298219219,1.0617690384202056,False,False,False,False,-0.28234373914166355,-0.27538815823952384,False,False,False,False,-30295,116803.16505280211,False,False,False,False,55752.88115771638,False,False,False,False
2022-10-14 00:00:00+00:00,5.68,5.72,5.5144,5.6,35868,,,,,,,,,,5.654607472415983,,,,,,,,,,,,,,,,6.277179743734518,7.17850471531807,"rgba(239, 83, 80, 0.5)",0.0,0.0,0.6897260978751337,7.354268813000471,-2.4274401362489497,0.0,0.0,0.0,0.0,0.0,0.0,0.0,0.0,45.41284088282583,-8.155431100458834,False,False,False,True,False,0.0,0,0.9078613960076596,1.0503580515699182,False,False,False,False,-0.22656795753178444,-0.25097805788565414,False,False,False,False,5573,112441.19779582949,False,False,False,False,54973.08189662947,False,False,False,False
2022-10-17 00:00:00+00:00,5.63,5.79,5.59,5.72,45838,,,,,,,,,,5.656035783210252,,,,,,,,,,,,,,,,6.265783290563731,7.167137909201126,"rgba(239, 83, 80, 0.5)",0.0,0.0,0.6965953754634648,7.351569990505703,-2.471406000018724,0.0,0.0,0.0,0.0,0.0,0.0,0.0,0.0,45.96979173991238,-8.155431100458834,False,False,False,True,False,0.0,0,0.909927707014803,1.0566639303021474,False,False,False,False,-0.2057292845552097,-0.22835367122043193,False,False,False,False,-40265,106452.719450895,False,False,False,False,54614.843390879294,False,False,False,False
2022-10-18 00:00:00+00:00,5.88,5.9966,5.74,5.79,41533,,,,,,,,,,5.67280079424805,,,,,,,,,,,,,,,,6.259201668875748,7.1583567204287935,#000000,0.0,0.0,0.6984086931751862,7.354237622319013,-2.110852337213421,0.0,0.0,0.0,0.0,0.0,0.0,0.0,0.0,48.428385770778405,-6.406722210950669,True,False,False,False,True,0.0,0,0.8913839537582099,1.0624434485474925,False,False,False,False,-0.15538993708037133,-0.19187180415040161,False,False,False,False,1268,102327.82849203638,False,False,False,False,54101.8299245703,False,False,False,False
2022-10-19 00:00:00+00:00,5.86,5.94,5.7,5.82,34523,,,,,,,,,,5.6825230327696294,,,,,,,,,,,,,,,,6.253363296893443,7.150929914866148,#000000,0.0,0.0,0.7015040983486616,7.353747121203651,-2.129349101052904,0.0,0.0,0.0,0.0,0.0,0.0,0.0,0.0,49.884184990560975,-4.897871398752386,True,False,False,False,True,0.0,0,0.895333877829914,1.05259196387105,False,False,False,False,-0.16893918411483577,-0.1804054941326187,False,False,False,False,-33255,97010.854825682,False,False,False,False,53334.032672626374,False,False,False,False
2022-10-20 00:00:00+00:00,5.9,6.1,5.75,5.85,28119,,,,,,,,,,5.69352994705421,,,,,,,,,,,,,,,,6.249645172162812,7.145320733582229,"rgba(38, 166, 154, 1.0)",0.0,0.0,0.7047145483063076,7.354304091904738,-2.0636782586651203,0.0,0.0,0.0,0.0,0.0,0.0,0.0,0.0,51.203571972463735,-3.518757048683021,True,False,True,False,True,0.0,0,0.8846574742832131,1.061949831579734,False,False,False,False,-0.13955583378551395,-0.15998066395906632,False,False,False,False,-5136,93005.09581291016,False,False,False,False,52345.207861935145,False,False,False,False
2022-10-21 00:00:00+00:00,6.06,6.09,5.7401,5.92,21422,,,,,,,,,,5.702859545940455,,,,,,,,,,,,,,,,6.247256834759224,7.141242694298534,"rgba(38, 166, 154, 1.0)",0.0,0.0,0.7063009337449425,7.354963946884212,-1.833445044477098,0.0,0.0,0.0,0.0,0.0,0.0,0.0,0.0,53.45068536339832,-1.286249961845428,True,False,True,False,True,0.0,0,0.8964234096252991,1.0631242315076468,False,False,False,False,-0.1423292363965979,-0.1511549501778321,False,False,False,False,16286,89996.50382024703,False,False,False,False,51132.53304382005,False,False,False,False
2022-10-24 00:00:00+00:00,6.06,6.16,5.9423,6.03,32878,,,,,,,,,,5.720558870570155,,,,,,,,,,,,,,,,6.2448148839960576,7.135516197109764,"rgba(38, 166, 154, 1.0)",0.0,0.0,0.7073994500859826,7.357153148932329,-1.8336926170562666,0.0,0.0,0.0,0.0,0.0,0.0,0.0,0.0,54.94876095735472,0.20842426935956837,True,False,True,False,True,0.0,0,0.8975685973520462,1.067459773580768,False,False,False,False,-0.10456334951077205,-0.12785914984430208,False,False,False,False,16286,87105.89582729618,False,False,False,False,50416.66900288593,False,False,False,False
2022-10-25 00:00:00+00:00,6.14,6.29,6.1,6.13,31031,,,,,,,,,,5.74126653420923,,,,,,,,,,,,,,,,6.244011320265034,7.1307727990939425,"rgba(38, 166, 154, 1.0)",0.0,0.0,0.7081863652513344,7.3606605341202025,-1.7236430889021592,0.0,0.0,0.0,0.0,0.0,0.0,0.0,0.0,56.662825936160445,1.9089644615762111,True,False,True,False,True,0.0,0,0.9018041883940769,1.060818159002816,False,False,False,False,-0.029411364702540473,-0.07863525727342127,False,False,False,False,47317,85545.54697132378,False,False,False,False,49656.44668904727,False,False,False,False
2022-10-26 00:00:00+00:00,6.32,6.55,6.23,6.24,51357,,,,,,,,,,5.784974509614473,,,,,,,,,,,,,,,,6.246359128078902,7.124567604187884,"rgba(38, 166, 154, 1.0)",1.0,5.9425,0.7078246843560574,7.2928100496880734,-1.3743658157006573,0.0,0.0,0.0,0.0,0.0,0.0,0.0,0.0,59.297272460269575,4.446533270061167,True,False,True,False,True,0.0,0,0.9205261823610603,1.0270696600095772,False,False,False,True,0.06749376436118261,-0.005570746456119331,False,False,False,False,98674,86060.38826656599,False,False,False,False,49723.13505418267,False,False,False,False
2022-10-27 00:00:00+00:00,6.11,6.44,6.11,6.32,41303,,,,,,,,,,5.808124490712706,,,,,,,,,,,,,,,,6.245959501505146,7.118698152373254,"rgba(38, 166, 154, 1.0)",0.0,0.0,0.7081661890766318,7.290310873045727,-1.666714524432066,0.0,0.0,0.0,0.0,0.0,0.0,0.0,0.0,58.34603188067188,4.446533270061167,True,False,True,False,True,0.0,0,0.9254033749751003,1.0165333940411483,False,False,False,False,0.02817816873956279,0.011303711141721729,False,False,False,False,57371,84935.31421689675,False,False,False,False,49392.93367950884,False,False,False,False
2022-10-28 00:00:00+00:00,6.2,6.22,6.03,6.09,28458,,,,,,,,,,5.8202162089696685,,,,,,,,,,,,,,,,6.244967480171855,7.114386631719539,"rgba(38, 166, 154, 1.0)",0.0,0.0,0.7086793452714583,7.287957419853443,-1.5351899658324357,0.0,0.0,0.0,0.0,0.0,0.0,0.0,0.0,58.524732123486054,4.446533270061167,True,False,True,False,True,0.0,0,0.9103966778090882,1.02341619796242,False,False,False,False,-0.02299083722301438,-0.005843563040646326,False,False,False,False,85829,84970.36071819492,False,False,False,False,48571.95588815555,False,False,False,False
2022-10-31 00:00:00+00:00,6.34,6.48,6.11,6.2,25999,,,,,,,,,,5.835547031829334,,,,,,,,,,,,,,,,6.245575942050786,7.1111290393220115,"rgba(38, 166, 154, 1.0)",0.0,0.0,0.7087681993150713,7.290486893393817,-1.3410405465599817,0.0,0.0,0.0,0.0,0.0,0.0,0.0,0.0,59.84209876427659,5.191482964044191,True,False,True,False,True,0.0,0,0.935445779523749,1.00521295346935,False,False,False,False,0.03500600527898343,0.014581221119168554,False,False,False,True,111828,86023.60147434415,False,False,False,False,47686.74193175729,False,False,False,False
2022-11-01 00:00:00+00:00,6.27,6.5,6.27,6.42,45699,,,,,,,,,,5.862201712035143,,,,,,,,,,,,,,,,6.247211552829072,7.105725758521799,"rgba(38, 166, 154, 1.0)",0.0,0.0,0.7070347927776727,7.29520073799166,-1.4500004079912872,0.0,0.0,0.0,0.0,0.0,0.0,0.0,0.0,59.76491815778982,5.306460520655357,True,False,True,False,True,0.0,0,0.9532214695394273,0.979256344269673,False,False,False,False,0.06578093049366648,0.04018107580641752,False,False,False,False,66129,85243.42102436988,False,False,False,False,47608.791267766814,False,False,False,False
2022-11-02 00:00:00+00:00,5.98,6.49,5.94,6.33,40886,,,,,,,,,,5.874436635731668,,,,,,,,,,,,,,,,6.245634182626541,7.09963625448332,"rgba(38, 166, 154, 0.75)",0.0,0.0,0.7056366877757302,7.292077685143427,-1.8594238478150664,0.0,0.0,0.0,0.0,0.0,0.0,0.0,0.0,56.27755244660622,5.306460520655357,True,False,True,False,False,0.0,0,0.922718222181535,1.0030610610152422,False,False,False,False,0.0077078656572144326,0.023944470731815975,False,False,False,False,25243,82890.46333713969,False,False,False,False,47345.15239452106,False,False,False,False
2022-11-03 00:00:00+00:00,5.98,6.17,5.85,5.92,17906,,,,,,,,,,5.876841022866054,,,,,,,,,,,,,,,,6.244108717720523,7.096618310937962,"rgba(38, 166, 154, 0.75)",0.0,0.0,0.7046275100561262,7.289139875341522,-1.8579176325903655,0.0,0.0,0.0,0.0,0.0,0.0,0.0,0.0,53.95264197248383,8.53653709527142,True,False,True,False,False,0.0,0,0.9042995600769863,1.0338248098249472,False,False,False,False,-0.055890324349021636,-0.01597292680860283,False,False,False,False,25243,80629.77850038912,False,False,False,False,46190.675830030035,False,False,False,False
2022-11-04 00:00:00+00:00,6.1,6.55,6.0,6.03,86164,,,,,,,,,,5.9055121540473134,,,,,,,,,,,,,,,,6.243312432070366,7.085148661279382,"rgba(38, 166, 154, 0.75)",0.0,0.0,0.7033478500700535,7.211374127321948,-1.5801201741233093,0.0,0.0,0.0,0.0,0.0,0.0,0.0,0.0,53.749213757034354,8.28669809622766,True,False,True,False,False,0.0,1,0.9166156393160064,1.0096668480972464,False,False,False,True,0.03671417170680585,0.010370622449101509,False,False,False,False,111407,81836.72836311895,False,False,False,False,47758.25717002885,False,False,False,False
2022-11-07 00:00:00+00:00,5.96,6.25,5.96,6.25,36400,,,,,,,,,,5.91071421695526,,,,,,,,,,,,,,,,6.241052191444657,7.079516452624628,#000000,0.0,0.0,0.7049375922796125,7.204246042117377,-1.7650442475251742,0.0,0.0,0.0,0.0,0.0,0.0,0.0,0.0,51.96408164108411,6.492056047466306,True,False,False,False,False,0.0,1,0.9135568908265376,1.0180995730646725,False,False,False,False,-0.022664990541859557,-0.006147184046379024,False,False,False,False,75007,81568.89587829076,False,False,False,False,47312.8353202238,False,False,False,False
2022-11-08 00:00:00+00:00,6.03,6.25,5.9,6.04,42653,,,,,,,,,,5.916501183873104,,,,,,,,,,,,,,,,6.238518993286067,7.073015956141185,#000000,0.0,0.0,0.7060249848831467,7.198142403671449,-1.6545340868705751,0.0,0.0,0.0,0.0,0.0,0.0,0.0,0.0,51.60908830071383,6.034264298608562,True,False,False,False,False,0.0,1,0.9083237761136971,1.023077874474353,False,False,False,False,-0.030771243168228643,-0.018459213607303834,False,False,False,False,117660,82984.23329482837,False,False,False,False,47130.09668021502,False,False,False,False
2022-11-09 00:00:00+00:00,5.48,6.25,5.32,6.25,182243,,,,,,,,,,5.883369576112738,,,,,,,,,,,,,,,,6.207201386570441,7.036160988435004,"rgba(239, 83, 80, 0.5)",0.0,0.0,0.7123556152108936,7.137945455384599,-2.3274126292859525,0.0,0.0,0.0,0.0,0.0,0.0,0.0,0.0,46.35775750156867,1.026235060223236,False,False,False,True,False,0.0,1,0.8815969507427679,1.022288463209104,False,False,False,False,-0.11992210453495482,-0.06919065907112933,False,False,False,False,-64583,77197.28296954099,False,False,False,False,52428.64190844188,False,False,False,False
2022-11-10 00:00:00+00:00,4.9,5.66,4.885,5.5,220279,,,,,,,,,,5.775631312732741,,,,,,,,,,,,,,,,6.139613483007477,6.977525312397862,"rgba(239, 83, 80, 1.0)",0.0,0.0,0.7252852809334455,7.037603200679844,-2.947258488313369,0.0,0.0,0.0,0.0,0.0,0.0,0.0,0.0,39.80538240446136,-4.940829293782315,False,True,False,True,False,0.0,0,0.8696729750671349,1.0488520692473435,False,False,False,False,-0.3216933185034217,-0.1954419887872755,False,False,False,False,-284862,62998.87971583351,False,False,False,False,59011.00889242455,False,False,False,False
2022-11-11 00:00:00+00:00,4.98,5.195,4.825,4.92,154408,,,,,,,,,,5.703364581056714,,,,,,,,,,,,,,,,6.09080762019325,6.935388236795048,"rgba(239, 83, 80, 1.0)",0.0,0.0,0.7332867388964631,6.976049394772666,-2.722058492120773,0.0,0.0,0.0,0.0,0.0,0.0,0.0,0.0,36.3483238606442,-7.849272395731731,False,True,False,True,False,0.0,0,0.8998634845435365,1.0574929718821326,False,False,False,False,-0.34282825441539394,-0.26913512160133474,False,False,False,False,-130454,55412.4922759969,False,False,False,False,62752.06736723143,False,False,False,False
2022-11-14 00:00:00+00:00,5.26,5.3,5.08,5.09,62567,,,,,,,,,,5.685537176040173,,,,,,,,,,,,,,,,6.07584001164491,6.920647091923764,"rgba(239, 83, 80, 1.0)",0.0,0.0,0.7272650235054499,6.959149766060226,-2.3363556766008746,0.0,0.0,0.0,0.0,0.0,0.0,0.0,0.0,36.996854231705576,-7.849272395731731,False,True,False,True,False,0.0,0,0.9003537450128413,1.0339476758898813,False,False,False,False,-0.2732431489076684,-0.27118913525450156,False,False,False,False,-67887,50577.21806909506,False,False,False,False,62744.80982341843,False,False,False,False
2022-11-15 00:00:00+00:00,5.35,5.4299,5.14,5.27,90009,,,,,,,,,,5.666692905817759,,,,,,,,,,,,,,,,6.0574164695223764,6.901012743083741,"rgba(239, 83, 80, 1.0)",0.0,0.0,0.7239873325256636,6.939341153034135,-2.195260996473025,0.0,0.0,0.0,0.0,0.0,0.0,0.0,0.0,38.303477973532445,-7.849272395731731,False,True,False,True,False,0.0,0,0.9024676914410755,1.0341555360566768,False,False,False,False,-0.2375894601312455,-0.25438929769287355,False,False,False,False,22122,49461.32716442467,False,False,False,False,63813.993751911825,False,False,False,False
2022-11-16 00:00:00+00:00,5.0,5.39,4.96,5.39,62127,,,,,,,,,,5.648438402936407,,,,,,,,,,,,,,,,6.042116955815599,6.886155048326301,"rgba(239, 83, 80, 1.0)",0.0,0.0,0.7334135910217805,6.922373927988678,-2.6211321299765613,0.0,0.0,0.0,0.0,0.0,0.0,0.0,0.0,37.07618579630054,-7.849272395731731,False,True,False,True,False,0.0,0,0.8976735966067929,1.0225196276897703,False,False,False,False,-0.278935961630602,-0.2666626296617378,False,False,False,False,-40005,45952.84374621194,False,False,False,False,63747.837134189795,False,False,False,False
2022-11-17 00:00:00+00:00,4.81,5.0,4.7675,5.0,87474,,,,,,,,,,5.61320313669031,,,,,,,,,,,,,,,,6.015635847472685,6.862666281945116,"rgba(239, 83, 80, 1.0)",0.0,0.0,0.7458312491792096,6.892580638775618,-2.7922946927572516,0.0,0.0,0.0,0.0,0.0,0.0,0.0,0.0,35.286953610781865,-8.495922927710645,False,True,False,True,False,0.0,0,0.8873866912513123,1.039461553628811,False,False,False,False,-0.34282825441539394,-0.3047454420385659,False,False,False,False,-127479,39151.59497185069,False,False,False,False,64678.27489363333,True,False,False,False
2022-11-18 00:00:00+00:00,5.12,5.16,4.75,4.79,71110,,,,,,,,,,5.592078734292294,,,,,,,,,,,,,,,,5.997662461393407,6.8453766462421735,"rgba(239, 83, 80, 1.0)",0.0,0.0,0.7497976183400668,6.748972940145576,-2.1725501659392625,0.0,0.0,0.0,0.0,0.0,0.0,0.0,0.0,37.080728528599266,-8.495922927710645,False,True,False,True,False,0.0,0,0.8850637043559496,1.0553339310929872,True,False,False,False,-0.31668033669784384,-0.31071288936820485,False,False,False,False,-56369,35405.68928668007,False,False,False,False,64930.49940760849,False,False,False,False
2022-11-21 00:00:00+00:00,5.28,5.31,5.0041,5.1,60594,,,,,,,,,,5.580660585875743,,,,,,,,,,,,,,,,5.985667124733173,6.832379985965081,"rgba(239, 83, 80, 0.75)",0.0,0.0,0.7462937131627696,6.74318027324649,-1.9605957378973182,0.0,0.0,0.0,0.0,0.0,0.0,0.0,0.0,39.647606915490286,-8.495922927710645,False,True,False,True,True,0.0,0,0.8745233875731702,1.0601793673809141,False,False,False,False,-0.23689860272575639,-0.2738057460469806,False,False,False,False,4225,34182.91715779066,False,False,False,False,64760.44060731013,False,False,False,False
2022-11-22 00:00:00+00:00,5.24,5.43,5.2072,5.3493,46976,,,,,,,,,,5.574327244771298,,,,,,,,,,,,,,,,5.977697290987003,6.823018152302372,"rgba(239, 83, 80, 0.75)",0.0,0.0,0.7394484674647747,6.7391176828565635,-2.0273457161880954,0.0,0.0,0.0,0.0,0.0,0.0,0.0,0.0,41.07961245828413,-8.495922927710645,False,True,False,True,True,0.0,0,0.896145203486794,1.0499679762046916,False,False,False,False,-0.14037475115778314,-0.20709024860238187,False,False,False,False,-42751,31165.900798661616,False,False,False,False,64063.0115638862,False,False,False,False
2022-11-23 00:00:00+00:00,5.55,5.6,5.24,5.24,52324,,,,,,,,,,5.571675867631837,,,,,,,,,,,,,,,,5.971194222502618,6.813873268791582,"rgba(239, 83, 80, 0.5)",0.0,0.0,0.7267214294597372,6.738084403476707,-1.634855331512597,0.0,0.0,0.0,0.0,0.0,0.0,0.0,0.0,44.60436423685505,-11.661299725413386,False,False,False,True,True,0.0,0,0.9176955180943454,1.0229162353300132,False,False,False,False,-0.09531667526626177,-0.15120346193432183,False,False,False,False,9573,30319.120375184688,False,False,False,False,63602.658169224,False,False,False,False
2022-11-25 00:00:00+00:00,5.64,5.74,5.55,5.65,37605,,,,,,,,,,5.572885311754341,,,,,,,,,,,,,,,,5.968241968579745,6.8082423844788815,#000000,0.0,0.0,0.7080750456485795,6.6711575264860965,-1.4562828231597706,0.0,0.0,0.0,0.0,0.0,0.0,0.0,0.0,47.63228915334915,-8.778103889626756,True,False,False,False,True,0.0,0,0.9391578739769253,1.0027720255508439,False,False,False,False,0.0035601588713075677,-0.07382165153150713,False,False,False,False,47178,30980.252909491173,False,False,False,False,62583.14216258777,False,False,False,False
2022-11-28 00:00:00+00:00,5.1199,5.64,5.08,5.51,44903,,,,,,,,,,5.567098550713162,,,,,,,,,,,,,,,,5.9609202777234875,6.799513990038803,"rgba(239, 83, 80, 0.5)",0.0,0.0,0.6980243805261939,6.652225974028819,-2.1952327408301993,0.0,0.0,0.0,0.0,0.0,0.0,0.0,0.0,45.87430012961143,-8.778103889626756,False,False,False,True,True,0.0,0,0.9372393225412405,1.0033344705014908,False,False,False,False,-0.12192003889858598,-0.09787084521504655,False,False,False,False,2275,29854.55671696211,False,False,False,False,61889.803254251,False,False,False,False
2022-11-29 00:00:00+00:00,5.18,5.25,5.1,5.19,16010,,,,,,,,,,5.564367678108334,,,,,,,,,,,,,,,,5.9579569641686225,6.7962160495046335,"rgba(239, 83, 80, 0.5)",0.0,0.0,0.6709537598680319,6.646474562623183,-2.185656673138877,0.0,0.0,0.0,0.0,0.0,0.0,0.0,0.0,45.204238609279045,-8.778103889626756,False,False,False,True,True,0.0,0,0.9583319075157694,1.012011087157376,False,False,False,False,-0.20521478167135138,-0.15154281344319898,False,False,False,False,18285,29400.848610414578,False,False,False,False,60090.595283496055,False,False,False,False
2022-11-30 00:00:00+00:00,5.58,5.59,5.19,5.33,84429,,,,,,,,,,5.560417806472056,,,,,,,,,,,,,,,,5.948098249661078,6.781977227323421,#000000,0.0,0.0,0.6481536869717727,6.641641483981155,-1.6379471494503577,0.0,0.0,0.0,0.0,0.0,0.0,0.0,0.0,47.76168714797372,-8.623669523210111,True,False,False,False,True,0.0,0,0.9343745935522542,0.9909860492996372,False,False,False,False,-0.10859921620366988,-0.13007101482343442,False,False,False,False,102714,32275.874155104204,False,False,False,False,61045.04252728052,False,False,False,False
2022-12-01 00:00:00+00:00,5.34,5.61,5.23,5.61,28558,,,,,,,,,,5.558431238837975,,,,,,,,,,,,,,,,5.944456271500454,6.777014639567261,#000000,0.0,0.0,0.6331990533903079,6.638441476865208,-2.050605524302388,0.0,0.0,0.0,0.0,0.0,0.0,0.0,0.0,47.77796508381635,-8.41908084464486,True,False,False,False,True,0.0,0,0.9375846507471745,0.9899177798883873,False,False,False,False,-0.09531667526626177,-0.11269384504484808,False,False,False,False,74156,33918.23203137463,False,False,False,False,59771.04085954404,False,False,False,False
2022-12-02 00:00:00+00:00,5.49,5.49,5.26,5.26,32050,,,,,,,,,,5.556520629070921,,,,,,,,,,,,,,,,5.940571766771212,6.771567203878108,#000000,0.0,0.0,0.6199087481147179,6.635302718619034,-1.847534370344276,0.0,0.0,0.0,0.0,0.0,0.0,0.0,0.0,48.86388982193107,-7.120738320913958,True,False,False,False,True,0.0,0,0.9516617332352265,0.9814982278964485,False,False,False,False,-0.11525453718239814,-0.11397419111362311,False,False,False,False,106206,36753.0464615168,False,False,False,False,58683.9412179933,False,False,False,False
2022-12-05 00:00:00+00:00,5.09,5.39,5.01,5.39,68284,,,,,,,,,,5.54579098960342,,,,,,,,,,,,,,,,5.928646429750553,6.757995361798738,#000000,0.0,0.0,0.6092576535601248,6.61950511824795,-2.5104405489376598,0.0,0.0,0.0,0.0,0.0,0.0,0.0,0.0,46.97724302833114,-7.120738320913958,False,False,False,False,True,0.0,1,0.956253467610417,0.9720125310333618,False,False,False,False,-0.19381844099498874,-0.15389631605430593,False,False,False,False,37922,36798.887776751435,False,False,False,False,59060.41411140533,False,False,False,False
2022-12-06 00:00:00+00:00,5.04,5.18,5.0,5.01,46166,,,,,,,,,,5.537232201800507,,,,,,,,,,,,,,,,5.919865046739739,6.748438069835369,"rgba(239, 83, 80, 0.5)",0.0,0.0,0.6097826667541816,6.6078820190433,-2.5712144744766126,0.0,0.0,0.0,0.0,0.0,0.0,0.0,0.0,45.42188523965773,-7.120738320913958,False,False,False,True,False,0.0,1,0.9593412859263943,0.9757583284876336,False,False,False,False,-0.24437788760488333,-0.19913710182959463,False,False,False,False,-8244,35032.500020800406,False,False,False,False,58554.75081291885,False,False,False,False
2022-12-07 00:00:00+00:00,5.02,5.0763,4.9323,5.0,38887,,,,,,,,,,5.529300967256441,,,,,,,,,,,,,,,,5.912059919367754,6.740167990883043,"rgba(239, 83, 80, 0.5)",0.0,0.0,0.6096677518951353,6.597617385452202,-2.5876674312331964,0.0,0.0,0.0,0.0,0.0,0.0,0.0,0.0,44.25790026603076,-7.120738320913958,False,False,False,True,False,0.0,1,0.9528498972522811,0.9831675897832903,False,False,False,False,-0.2846227227162765,-0.24187991227293554,False,False,False,False,-47131,31810.40198076902,False,False,False,False,57783.46646731419,False,False,False,False
2022-12-08 00:00:00+00:00,4.82,5.02,4.78,5.02,175093,,,,,,,,,,5.487723033731524,,,,,,,,,,,,,,,,5.873450305072,6.701029664634015,"rgba(239, 83, 80, 1.0)",0.0,0.0,0.6036267426627361,6.449807678327674,-2.7000256336195743,0.0,0.0,0.0,0.0,0.0,0.0,0.0,0.0,42.221547762106454,-2.3444158474938277,False,True,False,True,False,0.0,1,0.9365998184651741,0.9943256095402828,False,False,False,False,-0.3348586035753823,-0.2883692579241589,False,False,False,False,-222224,21848.268569758475,False,False,False,False,62383.84033134108,False,False,False,False
2022-12-09 00:00:00+00:00,5.18,5.36,4.92,5.03,149466,,,,,,,,,,5.470558884641533,,,,,,,,,,,,,,,,5.851303815305254,6.6738181872901885,"rgba(239, 83, 80, 0.5)",0.0,0.0,0.5879484433393736,6.437639269888558,-2.139029848851267,0.0,0.0,0.0,0.0,0.0,0.0,0.0,0.0,43.98744455059726,-2.3444158474938277,False,False,False,True,False,0.0,1,0.9356390506396377,0.9681495527848164,False,False,False,False,-0.22125914481265582,-0.2548142013684074,False,False,False,False,-72758,18138.21882192481,False,False,False,False,65798.82698501399,False,False,False,False
2022-12-12 00:00:00+00:00,5.01,5.18,4.98,5.14,43360,,,,,,,,,,5.464486151195318,,,,,,,,,,,,,,,,5.844276974633426,6.665611753856311,"rgba(239, 83, 80, 0.5)",0.0,0.0,0.5739703813715994,6.4311951508210425,-2.476077506690949,0.0,0.0,0.0,0.0,0.0,0.0,0.0,0.0,44.00913287060931,-2.3444158474938277,False,False,False,True,False,0.0,1,0.9459647978039408,0.9775331462033042,False,False,False,False,-0.24903177875645593,-0.2519229900624317,False,False,False,False,-116118,12873.269064202266,False,False,False,False,64918.87298560168,False,False,False,False
2022-12-13 00:00:00+00:00,5.4,5.42,5.12,5.12,120255,,,,,,,,,,5.458575915658372,,,,,,,,,,,,,,,,5.8315673984567304,6.646843923219176,#000000,0.0,0.0,0.5544522427609703,6.426349296468352,-1.8511049596580331,0.0,0.0,0.0,0.0,0.0,0.0,0.0,0.0,46.92313073070108,-2.3444158474938277,False,False,False,False,True,0.0,1,0.9438095612473535,0.9702706193527374,False,False,False,False,-0.1621618313637692,-0.20704241071310042,False,False,False,False,4137,12530.670277370806,False,False,False,False,67088.91718224475,False,False,False,False
2022-12-14 00:00:00+00:00,5.12,5.5,5.09,5.33,49724,,,,,,,,,,5.455045210741699,,,,,,,,,,,,,,,,5.825736807573849,6.6387975637151,#000000,0.0,0.0,0.5371996741091996,6.422234827966054,-2.424116935896245,0.0,0.0,0.0,0.0,0.0,0.0,0.0,0.0,46.942843944041414,-2.3444158474938277,False,False,False,False,True,0.0,1,0.9289726420291584,0.9965923225025984,False,False,False,False,-0.15093669979585303,-0.17898955525447674,False,False,False,False,-45587,10251.545952768029,False,False,False,False,66407.940037843,False,False,False,False
2022-12-15 00:00:00+00:00,4.94,5.23,4.88,5.17,112977,,,,,,,,,,5.439750664439497,,,,,,,,,,,,,,,,5.80811245314958,6.618036889395038,"rgba(239, 83, 80, 0.5)",0.0,0.0,0.5170766619830512,6.403811420088612,-2.830936933944608,0.0,0.0,0.0,0.0,0.0,0.0,0.0,0.0,45.83182670722436,-2.3444158474938277,False,False,False,True,True,0.0,1,0.9125579375103586,1.0160024689523528,False,False,False,False,-0.2607133807270948,-0.21985146799078578,False,False,False,False,-158564,3631.328464424185,False,False,False,False,68234.17768341779,False,False,False,False
2022-12-16 00:00:00+00:00,4.97,5.04,4.89,4.93,42522,,,,,,,,,,5.433618928597373,,,,,,,,,,,,,,,,5.801269703521299,6.610120326493164,"rgba(239, 83, 80, 0.5)",0.0,0.0,0.5063676605993592,6.396470887137482,-2.817065539787923,0.0,0.0,0.0,0.0,0.0,0.0,0.0,0.0,45.33530093581891,-2.3444158474938277,False,False,False,True,True,0.0,1,0.910451059177894,1.0279113581783188,False,False,False,False,-0.3033752061396844,-0.2616133370652351,False,False,False,False,-116042,-1061.7432400630382,False,False,False,False,67225.85698995042,False,False,False,False
2022-12-19 00:00:00+00:00,4.96,5.04,4.92,5.02,43599,,,,,,,,,,5.427582196908394,,,,,,,,,,,,,,,,5.794423368670877,6.602114286690327,"rgba(239, 83, 80, 0.5)",0.0,0.0,0.5072441856907618,6.389242795356049,-2.817662253554894,0.0,0.0,0.0,0.0,0.0,0.0,0.0,0.0,44.93422168871091,-2.3444158474938277,False,False,False,True,True,0.0,1,0.921625051908781,1.0017546630169676,False,False,False,False,-0.2961939748534935,-0.2789036559593643,False,False,False,False,-159641,-7280.537622805664,False,False,False,False,66299.31357857982,False,False,False,False
2022-12-20 00:00:00+00:00,5.3,5.3,4.91,4.91,66996,,,,,,,,,,5.422493609647402,,,,,,,,,,,,,,,,5.786588549517578,6.591430540364394,#000000,0.0,0.0,0.4973184005088205,6.382656062069884,-2.176987742585411,0.0,0.0,0.0,0.0,0.0,0.0,0.0,0.0,47.47110626456451,-2.3444158474938277,False,False,False,False,True,0.0,1,0.9190731664878344,0.9936838442130904,False,False,False,False,-0.23741639693278824,-0.2581600264460763,False,False,False,False,-92645,-10628.163598381912,False,False,False,False,66326.63461471396,False,False,False,False
2022-12-21 00:00:00+00:00,5.34,5.54,5.27,5.27,81499,,,,,,,,,,5.421574606224144,,,,,,,,,,,,,,,,5.780526011588311,6.580565591012335,#000000,0.0,0.0,0.4921368081856284,6.3799416872225,-2.1131150320913323,0.0,0.0,0.0,0.0,0.0,0.0,0.0,0.0,49.46472822905206,-4.823653808640778,True,False,False,False,True,0.0,1,0.9572887107626598,0.9719158646110642,False,False,False,False,-0.10195346437954574,-0.180056745412811,False,False,False,False,-11146,-10648.47090824929,False,False,False,False,66921.62933570557,False,False,False,False
2022-12-22 00:00:00+00:00,5.13,5.29,5.02,5.27,46629,,,,,,,,,,5.417932353593576,,,,,,,,,,,,,,,,5.775120316449111,6.573225199179083,#000000,0.0,0.0,0.48980261123348245,6.374971780194724,-2.5417826521166966,0.0,0.0,0.0,0.0,0.0,0.0,0.0,0.0,49.02251764193154,-4.823653808640778,True,False,False,False,True,0.0,1,0.9507951849573851,0.9677825615792404,False,False,False,False,-0.21436971968233934,-0.19721323254757517,False,False,False,False,-57775,-12496.570088317945,False,False,False,False,66125.83994999163,False,False,False,False
2022-12-23 00:00:00+00:00,5.23,5.28,5.022,5.12,18739,,,,,,,,,,5.416658085788247,,,,,,,,,,,,,,,,5.77307853377754,6.57035937034621,#000000,0.0,0.0,0.4856878867920666,6.373157170255842,-2.3536868045161934,0.0,0.0,0.0,0.0,0.0,0.0,0.0,0.0,49.58337200663222,-4.490518193825459,True,False,False,False,True,0.0,1,0.9483268741926073,0.9810452497038318,False,False,False,False,-0.21620491503596298,-0.20670907379176906,False,False,False,False,-39036,-13537.33204563881,False,False,False,False,64267.53250097235,False,False,False,False
2022-12-27 00:00:00+00:00,5.35,5.5,5.35,5.35,63117,,,,,,,,,5.3999999999999995,5.41636613284003,,,,,,,,,,,,,,,,5.7688353143291,6.562321799913352,#000000,0.0,0.0,0.4676283152401927,6.371034988133483,-2.183432770979745,0.0,0.0,0.0,0.0,0.0,0.0,0.0,0.0,50.965002679935736,-3.021118785909124,True,False,False,False,True,0.0,1,0.939842133042349,0.9709410934451408,False,False,False,False,-0.09310629982154185,-0.14990768680665545,False,False,False,False,24081,-12062.1033379667,False,False,False,False,64222.413579365595,False,False,False,False
2022-12-28 00:00:00+00:00,5.27,5.55,5.21,5.33,46332,,,,,,,,,5.3760118411314854,5.415438473132937,,,,,,,,,,,,,,,,5.765312249110062,6.5562073702443335,#000000,0.0,0.0,0.43958137348741666,6.36864085329558,-2.4992889134030376,0.0,0.0,0.0,0.0,0.0,0.0,0.0,0.0,51.115293323749206,-2.711676255992181,True,False,False,False,True,0.0,1,0.9276568464266599,0.9723566811549026,False,False,False,False,-0.11303499597430851,-0.13147134139048197,False,False,False,False,-22251,-12461.667912948398,False,False,False,False,63520.828733115966,False,False,False,False
2022-12-29 00:00:00+00:00,5.24,5.4514,5.24,5.4514,47924,,,,,,,,,5.356051702219143,5.414077195690313,,,,,,,,,,,,,,,,5.761449900192917,6.549777405641118,#000000,0.0,0.0,0.4232918037527904,6.365687884625759,-2.65936612673743,0.0,0.0,0.0,0.0,0.0,0.0,0.0,0.0,50.91652541129804,-2.710181307471828,True,False,False,False,True,0.0,1,0.9263968279407137,0.9967472146541542,False,False,False,False,-0.12828452859162223,-0.1298779349910521,False,False,False,False,-70175,-14724.935837930814,False,False,False,False,62909.18839064083,False,False,False,False
2022-12-30 00:00:00+00:00,5.38,5.45,5.17,5.18,94108,,,,,,,,,5.347550144411175,5.412072095652607,,,,,,,,,,,,,,,,5.754428221109413,6.53757158929138,"rgba(38, 166, 154, 1.0)",0.0,0.0,0.4148544415826681,6.3603667030862585,-2.3631582666589357,0.0,0.0,0.0,0.0,0.0,0.0,0.0,0.0,52.13955034149801,-1.3492618369258054,True,False,True,False,True,0.0,1,0.9247946657507802,0.9934861521516424,False,False,False,False,-0.14421987299961544,-0.13704890399533376,False,False,False,False,23933,-13208.938354090391,False,False,False,False,64132.67119885099,False,False,False,False
2023-01-03 00:00:00+00:00,5.43,5.59,5.31,5.48,55723,,,,,,,,,5.364924028332964,5.412525098865366,,,,,,,,,,,,,,,,5.751436077355194,6.531108771985425,"rgba(38, 166, 154, 1.0)",0.0,0.0,0.40849334480002536,6.358698356196415,-2.2734724274419995,0.0,0.0,0.0,0.0,0.0,0.0,0.0,0.0,53.42837907442973,0.02483604845813403,True,False,True,False,True,0.0,1,0.9298333244138408,0.9946483044044455,False,False,False,False,-0.08206758302530562,-0.10955824351031969,False,False,False,False,79656,-9567.17606569469,False,False,False,False,63802.880171445075,False,False,False,False
2023-01-04 00:00:00+00:00,5.45,5.56,5.4,5.54,40249,,,,,,,,,5.3770960423424174,5.413120448215605,,,,,,,,,,,,,,,,5.749494372336893,6.526601210144884,"rgba(38, 166, 154, 1.0)",0.0,0.0,0.40809916802673174,6.357694529814759,-2.2242008828484106,0.0,0.0,0.0,0.0,0.0,0.0,0.0,0.0,54.486673222202384,1.1486965682852102,True,False,True,False,True,0.0,1,0.9350401751347189,0.9957900307929176,False,False,False,False,-0.06884717773681794,-0.08920271062356881,False,False,False,False,119905,-4489.83582782431,False,False,False,False,62879.19859609429,False,False,False,False
2023-01-05 00:00:00+00:00,5.51,5.52,5.27,5.4,44509,,,,,,,,,5.383482032782089,5.413349360043839,,,,,,,,,,,,,,,,5.747100485031697,6.521489505398462,"rgba(38, 166, 154, 1.0)",0.0,0.0,0.4036161464148991,6.356124339131269,-2.0963589951663923,0.0,0.0,0.0,0.0,0.0,0.0,0.0,0.0,55.81244627803056,2.502242312663199,True,False,True,False,True,0.0,1,0.9152255469852036,1.002401032443951,False,False,False,False,-0.10638293240646349,-0.09779282151501614,False,False,False,False,164414,2133.8440085609573,False,False,False,False,62158.79865114942,False,False,False,False
2023-01-06 00:00:00+00:00,6.16,6.16,5.42,5.59,100274,,,,,,,,,5.4914186918470005,5.425788629403488,,,,,,,,,,,,,,,,5.749888575427449,6.515150165958845,"rgba(38, 166, 154, 1.0)",0.0,0.0,0.4082095197630644,6.363624234611059,-0.49882284648640224,0.0,0.0,0.0,0.0,0.0,0.0,0.0,0.0,61.3783196665965,7.715529618268434,True,False,True,False,True,2.0703486320796465,0,0.9196249162759543,0.9749555898541018,False,False,False,False,0.06719636538809652,-0.01529822806345981,False,False,False,False,264688,12430.08541998994,False,False,False,False,63653.51242953572,False,False,False,False
2023-01-09 00:00:00+00:00,6.06,6.38,6.06,6.19,61761,,,,,,,,,5.566697060092383,5.436970306541218,,,,,,,,,,,,,,,,5.75415002600569,6.512927072599064,"rgba(38, 166, 154, 1.0)",0.0,0.0,0.4123130051154752,6.37129663849348,-0.7550007752151716,0.0,0.0,0.0,0.0,0.0,0.0,0.0,0.0,63.78057020348824,9.774485331927828,True,False,True,False,True,1.275113164347431,0,0.9543312157850053,0.9824350829942327,False,False,False,False,0.2633866151570459,0.12404419354679305,False,False,False,False,202927,19900.552658421708,False,False,False,False,63579.296255828434,False,False,False,False
2023-01-10 00:00:00+00:00,6.36,6.42,6.05,6.05,35062,,,,,,,,,5.6089559074161786,5.444103757058397,,,,,,,,,,,,,,,,5.757165540596705,6.512074524669109,"rgba(38, 166, 154, 1.0)",0.0,0.0,0.4238996427933467,6.376294484381233,-0.038439485992150066,0.0,0.0,0.0,0.0,0.0,0.0,0.0,0.0,66.96912579143135,12.570208906729896,True,False,True,False,True,3.5325312362018018,0,0.9608633429714654,0.97371418557785,False,False,False,False,0.27046225760722487,0.19725322557700897,False,False,False,False,237989,28453.040789463994,False,False,False,False,62460.97091246261,False,False,False,False
2023-01-11 00:00:00+00:00,6.45,6.45,6.21,6.43,49034,,,,,,,,,5.667438034685644,5.454974796616758,,,,,,,,,,,,,,,,5.762072065924058,6.511361148559797,"rgba(38, 166, 154, 1.0)",0.0,0.0,0.43637556573155445,6.384005890951955,0.15123236549097435,0.0,0.0,0.0,0.0,0.0,0.0,0.0,0.0,69.51801753701085,14.756085133404852,True,False,True,False,True,4.196197351970927,0,0.9749555898541018,0.9592300299950491,False,False,False,False,0.3159277096385414,0.25659046760777515,False,False,False,False,287023,38593.03918987717,False,False,False,False,61934.42303354251,False,False,False,False
2023-01-12 00:00:00+00:00,6.42,6.5,6.2,6.4,69365,,,,,,,,,5.736649814594412,5.46997889845296,,,,,,,,,,,,,,,,5.768917636775622,6.510387643718131,"rgba(38, 166, 154, 1.0)",0.0,0.0,0.44540715915956863,6.394373255398413,0.057535547138355875,0.0,0.0,0.0,0.0,0.0,0.0,0.0,0.0,70.79034778141684,15.80256964719348,True,False,True,False,True,3.946836286653628,0,0.9695897540863768,0.9713441913506242,False,False,False,False,0.3256567367524517,0.29112360218011346,False,False,False,False,217658,45615.194515764335,False,False,False,False,62225.8182086977,False,False,False,False
2023-01-13 00:00:00+00:00,6.48,6.62,6.31,6.31,42719,,,,,,,,,5.778410607807668,5.479940739624885,,,,,,,,,,,,,,,,5.773719916486612,6.510212973694507,"rgba(38, 166, 154, 1.0)",0.0,0.0,0.45693697689508644,6.401315279696726,0.17220037834964042,0.0,0.0,0.0,0.0,0.0,0.0,0.0,0.0,71.96200710397122,16.85830277255691,True,False,True,False,True,4.4004956588391195,0,0.9668209202828952,0.9656567420472074,False,False,False,False,0.34282820757539023,0.31697590487775185,False,False,False,False,260377,54037.226103381414,False,False,False,False,61460.84494561152,False,False,False,False
2023-01-17 00:00:00+00:00,6.83,6.96,6.65,6.78,99994,,,,,,,,6.813333333333333,5.900134429269719,5.5103237582494975,,,,,,,,,,,,,,,,5.79012562820375,6.513250803499055,"rgba(38, 166, 154, 1.0)",0.0,0.0,0.4796029406434459,6.423673279115965,0.8472148238684655,0.0,0.0,0.0,0.0,0.0,0.0,0.0,0.0,74.36442135555473,19.12178109766515,True,False,True,False,True,6.985370515613091,0,0.9959087056898216,0.9386305853473218,False,False,False,False,0.3428282158645771,0.3299020603711645,False,False,False,False,360371,66050.31527579784,False,False,False,False,62971.94906539146,False,False,False,False
2023-01-18 00:00:00+00:00,6.49,7.06,6.42,6.82,68154,,,,,,,,6.74983296461054,5.9562808895180535,5.527854964244752,,,,,,,,,,,,,,,6.656666666666666,5.799346745025078,6.514223789244194,"rgba(38, 166, 154, 0.75)",0.0,0.0,0.49065860293874874,6.448075290131218,0.08544578576158367,-1.0,7.06,6.42,0.0,0.0,0.0,0.0,0.0,71.52608324677465,19.12178109766515,True,False,True,False,False,4.114084383674722,0,0.9879514616024555,0.9156602312171893,False,False,False,False,0.3179705759246767,0.32393631814792057,False,False,False,False,292217,74919.59702968811,False,False,False,False,63175.166749101605,False,False,False,False
2023-01-19 00:00:00+00:00,6.32,6.54,6.32,6.39,50768,,,,,,,,6.667158453470736,5.979176812270167,5.537603349817813,,,,,,,,,,,,,,,6.544249227785158,5.804018077489466,6.513615919192284,"rgba(38, 166, 154, 0.75)",0.0,0.0,0.4961647065130248,6.447476079968743,-0.25692290946009894,0.0,0.0,0.0,0.0,0.0,0.0,0.0,0.0,67.7747671334996,23.496692441365738,True,False,True,False,False,2.7252634906938553,0,0.974238121724875,0.9677976521560937,False,False,False,False,0.20395951306702767,0.2639479156074741,False,False,False,False,241449,81450.16185205328,False,False,False,False,62688.61119031331,False,False,False,False
2023-01-20 00:00:00+00:00,6.81,7.01,6.3,6.3,100130,,,,,,,,6.6795577858156285,6.047304376979046,5.563009937028839,,,,,,,,,,,,,,,6.618491225827656,5.817805160755639,6.515511658322906,"rgba(38, 166, 154, 0.75)",0.0,0.0,0.5150782340191898,6.467793892009633,0.6643769536136477,0.0,0.0,0.0,0.0,0.0,0.0,0.0,0.0,68.07725340204655,23.496692441365738,True,False,True,False,False,6.273695669198165,0,0.975999314266122,0.9245692734078116,False,False,False,False,0.2860237872529197,0.27498585143019694,False,False,False,False,341579,91651.2927598159,False,False,False,False,64156.90094755593,False,False,False,False
2023-01-23 00:00:00+00:00,6.62,6.83,6.6,6.74,40062,,,,,,,,6.6799789849664535,6.0702746614861525,5.572667336250769,,,,,,,,,,,,,,,6.628516560278486,5.823062395300043,6.516168439314234,"rgba(38, 166, 154, 0.75)",0.0,0.0,0.5253926409461094,6.474343234505115,0.27723411814941157,0.0,0.0,0.0,0.0,0.0,0.0,0.0,0.0,66.38292360197178,22.202058824363945,True,False,True,False,False,4.724965434833205,0,0.996547656722,0.9344054777180011,False,False,False,False,0.30851177213705233,0.29174881178362466,False,False,False,False,301517,99881.32049472508,False,False,False,False,63212.00287118119,False,False,False,False
2023-01-24 00:00:00+00:00,6.23,6.55,6.21,6.55,92915,,,,,,,,6.608039509788956,6.090348176565186,5.587511633329305,,,,,,,,,,,,,,,6.549725704416397,5.830104597515038,6.514493852651021,"rgba(38, 166, 154, 0.75)",0.0,0.0,0.5262637527234776,6.477466574616212,-0.4702329836237869,0.0,0.0,0.0,0.0,0.0,0.0,0.0,0.0,61.945495509870376,17.992381424049242,True,False,True,False,False,1.6650588235291082,0,1.0094901984044602,0.9448382217740737,False,False,False,False,0.18612104938386093,0.2389349305837428,False,False,False,False,208602,104144.87655375546,False,False,False,False,64376.82628799762,False,False,False,False
2023-01-25 00:00:00+00:00,5.92,6.35,5.91,6.26,73054,,,,,,,,6.531790734184383,6.088609655697349,5.594682644015602,,,,,,,,,,,,,,,6.465562325475259,5.832588443611441,6.511302115575049,"rgba(38, 166, 154, 0.75)",0.0,0.0,0.5269527145546776,6.4749119540242654,-1.0530583460286678,0.0,0.0,0.0,0.0,0.0,0.0,0.0,0.0,56.84555639070351,13.30762838093763,True,False,True,False,False,0.0,0,1.0178522799479561,0.9201186117582983,False,False,False,False,0.09843640454364076,0.16868566756369177,False,False,False,False,135548,105376.3715908631,False,False,False,False,64717.10761003693,False,False,False,False
2023-01-26 00:00:00+00:00,5.94,6.08,5.85,6.08,61355,,,,,,,,6.471618817981738,6.082553013783388,5.599238644978467,,,,,,,,,,,,,,,6.401374714420611,5.833704209015731,6.508050054206345,#000000,0.0,0.0,0.5281126375794639,6.471913582871124,-1.007197224647152,0.0,0.0,0.0,0.0,0.0,0.0,0.0,0.0,53.59709611219208,10.438694789834024,False,False,False,False,False,0.0,0,1.0180048216301991,0.9075345601025359,False,False,False,False,0.041461588679693226,0.10507362812169249,False,False,False,False,196903,108965.65113631944,False,False,False,False,64585.26025278059,False,False,False,False
2023-01-27 00:00:00+00:00,6.04,6.1,5.87,5.88,41658,,,,,,,,6.440559834843201,6.080158605843426,5.602662618998609,,,,,,,,,,,,,,,6.369975862974408,5.8347336054291965,6.506048710252274,#000000,0.0,0.0,0.5301035575761797,6.470832315765771,-0.8127323607026667,0.0,0.0,0.0,0.0,0.0,0.0,0.0,0.0,52.22062915327189,9.250449202700338,False,False,False,False,False,0.2569794312875118,0,1.0098192641688912,0.9183773665960906,False,False,False,False,0.048346005055724284,0.07670981658870839,False,False,False,False,238561,114047.82167999318,False,False,False,False,63686.15200757351,False,False,False,False
2023-01-30 00:00:00+00:00,5.85,6.11,5.83,6.02,28826,,,,,,,,6.418156060541479,6.077082425397611,5.604570669993752,,,,,,,,,,,,,,,6.3472029356594515,5.8351319767346,6.504472445333881,#000000,0.0,0.0,0.5293164711397019,6.441245319070144,-1.1169977722346327,0.0,0.0,0.0,0.0,0.0,0.0,0.0,0.0,49.892551700220764,7.051814710882205,False,False,False,False,False,0.0,0,1.0036844626211268,0.9256905297029094,False,False,False,False,0.043182299130703025,0.059946057859705706,False,False,False,False,209735,117800.26004548365,False,False,False,False,62319.087222962786,False,False,False,False
2023-01-31 00:00:00+00:00,6.28,6.335,5.85,5.89,102697,,,,,,,,6.382578288768974,6.082382434775698,5.615768730698913,,,,,,,,,,,,,,,6.317278593147458,5.83982735100899,6.501098461134412,#000000,0.0,0.0,0.5333748692282863,6.452631541696762,-0.32365893418738334,0.0,0.0,0.0,0.0,0.0,0.0,0.0,0.0,51.54522356129225,7.051814710882205,False,False,False,False,False,2.0337465366508134,0,1.0159122622340817,0.9097285123258831,False,False,False,False,0.08544478729633107,0.07269542257801839,False,False,False,False,312432,125432.87729860195,False,False,False,False,63902.534782846604,False,False,False,False
2023-02-01 00:00:00+00:00,6.26,6.52,6.1,6.33,75967,,,,,,,,6.374464557552837,6.092488211960177,5.625814244588891,,,,,,,,,,,,,,,6.314805667408932,5.8446988127532995,6.499625201016505,#000000,0.0,0.0,0.5376806890493128,6.460236022694851,-0.37240694481494985,0.0,0.0,0.0,0.0,0.0,0.0,0.0,0.0,52.48424375648475,7.051814710882205,False,False,False,False,False,1.8799558561518772,0,1.0425059447816012,0.8759612999255767,False,False,False,False,0.15985167728242425,0.11627354993022132,False,False,False,False,236465,129787.07818885286,False,False,False,False,64375.651065872225,False,False,False,False
2023-02-02 00:00:00+00:00,6.1,6.42,5.93,6.38,83471,,,,,,,,6.354078005464332,6.095364132121756,5.634216569583762,,,,,,,,,,,,,,,6.298010140523391,5.848260202556254,6.496922179619486,#000000,0.0,0.0,0.5399307244085371,6.461474416055855,-0.6694829534878374,0.0,0.0,0.0,0.0,0.0,0.0,0.0,0.0,51.793836381775556,7.051814710882205,False,False,False,False,False,0.6471198574899937,0,1.0331183650366407,0.8922147756080228,False,False,False,False,0.11220073322111576,0.11423714157566854,False,False,False,False,152994,130697.15355399589,False,False,False,False,65124.48827897528,False,False,False,False
2023-02-03 00:00:00+00:00,6.26,6.32,6.01,6.03,29542,,,,,,,,6.349175749416943,6.097125806436423,5.637389391605452,,,,,,,,,,,,,,,6.294482103247039,5.849692694515712,6.496102856293154,#000000,0.0,0.0,0.5440399618900257,6.462469783451024,-0.3721597633152394,0.0,0.0,0.0,0.0,0.0,0.0,0.0,0.0,52.55668486061319,7.051814710882205,False,False,False,False,False,1.844177337421904,0,1.0226293103448274,0.907291465998844,False,False,False,False,0.10869372804927549,0.11146543481247201,False,False,False,False,182536,132730.0494930549,False,False,False,False,63729.09658176056,False,False,False,False
2023-02-06 00:00:00+00:00,5.95,6.21,5.86,6.16,33496,,,,,,,,6.337493830328344,6.09537664127026,5.639736312273307,,,,,,,,,,,,,,,6.283552820274461,5.850421089214634,6.494593221702707,#000000,0.0,0.0,0.5444344000787942,6.461297278996812,-0.9391347771610572,0.0,0.0,0.0,0.0,0.0,0.0,0.0,0.0,50.60945525007524,7.002282847723471,False,False,False,False,False,0.0,0,0.998379833694694,0.9189916847346978,False,False,False,False,0.06331278701749744,0.08738911091498472,False,False,False,False,149040,133369.65539528805,False,False,False,False,62543.48495110329,False,False,False,False
2023-02-07 00:00:00+00:00,6.19,6.4,6.0444,6.09,45270,,,,,,,,6.331940513815845,6.0983332033031505,5.644605317267254,,,,,,,,,,,,,,,6.280033882020564,5.852671198562644,6.493417871568586,#000000,0.0,0.0,0.547165537272173,6.4630578251237765,-0.49904061298354524,0.0,0.0,0.0,0.0,0.0,0.0,0.0,0.0,51.15765646097933,7.002282847723471,False,False,False,False,False,1.2704591036234234,0,1.0017774196606315,0.9126457484121717,False,False,False,False,0.1287924364468883,0.1080907736809365,False,False,False,False,194310,135759.47283076696,False,False,False,False,61866.09338439335,False,False,False,False
2023-02-08 00:00:00+00:00,6.18,6.22,6.05,6.1103,16306,,,,,,,,6.329097913921933,6.098802853800206,5.646150879219798,,,,,,,,,,,,,,,6.2777869840230345,5.8533371486870545,6.4929051311142985,#000000,0.0,0.0,0.5495475044004478,6.463336483175368,-0.5155814209082551,0.0,0.0,0.0,0.0,0.0,0.0,0.0,0.0,51.44053017264626,7.002282847723471,False,False,False,False,False,1.193391546661534,0,0.9837232477577943,0.931523750771129,False,False,False,False,0.09818832397288235,0.10313954882690943,False,False,False,False,178004,137416.1209550506,False,False,False,False,60079.42305559361,False,False,False,False
2023-02-09 00:00:00+00:00,6.08,6.3,6.01,6.2,17490,,,,,,,,6.325816373982438,6.099104089623917,5.647732804051113,,,,,,,,,,,,,,,6.275097742209683,5.854000213286963,6.492324881017789,#000000,0.0,0.0,0.5497310160826026,6.463522728754708,-0.6976552487209129,0.0,0.0,0.0,0.0,0.0,0.0,0.0,0.0,50.76971589210352,6.20438069927674,False,True,False,False,False,0.41580005761106875,0,1.009380048708736,0.9195582455209664,False,False,False,False,0.10518938405465382,0.10416446644078162,False,False,False,False,160514,138321.92013328391,False,False,False,False,58409.249602433076,False,False,False,False
2023-02-10 00:00:00+00:00,6.12,6.22,5.98,5.98,35291,,,,,,,,6.318762663794357,6.099248618803081,5.650740573131778,,,,,,,,,,,,,,,6.269132476359458,5.855216207705355,6.491084657471817,#000000,0.0,0.0,0.5503098663136339,6.463654288359762,-0.6244741542829354,0.0,0.0,0.0,0.0,0.0,0.0,0.0,0.0,50.68236228795892,5.7370174795931135,False,True,False,False,False,0.7251924593323551,1,1.0063315425940136,0.9014054105909437,False,False,False,False,0.0859591021216702,0.09506178428122591,False,False,False,False,195805,140576.15855942963,False,False,False,False,57502.651578808254,False,False,False,False
2023-02-13 00:00:00+00:00,6.14,6.22,6.0748,6.22,91311,,,,,,,,6.3053992148786895,6.101401177645886,5.658980953052266,,,,,,,,,,,,,,,6.258706723737923,5.858779429099453,6.488228225651265,#000000,0.0,0.0,0.5503098663136339,6.46508294751028,-0.5907270928793562,0.0,0.0,0.0,0.0,0.0,0.0,0.0,0.0,50.81557447536072,5.477028027608675,False,True,False,False,False,0.8820589148575699,1,1.0073353804162402,0.9211385680167666,False,False,False,False,0.10252780763735832,0.09879479595929211,False,False,False,False,287116,146322.81900807947,False,False,False,False,58828.46916395303,False,False,False,False
2023-02-14 00:00:00+00:00,6.52,6.52,6.122,6.14,35360,,,,,,,,6.307767909311483,6.10652487488771,5.663653850753576,,,,,,,,,,,,,,,6.262756357585055,5.861284866498957,6.487906836951841,"rgba(38, 166, 154, 0.5)",0.0,0.0,0.5538392303785221,6.467969958743086,0.09394430441728313,0.0,0.0,0.0,0.0,0.0,0.0,0.0,0.0,54.08724500941829,5.477028027608675,False,False,True,False,True,3.7975454430015425,1,1.0077655249640933,0.9041846198787701,False,False,False,False,0.16376335811435533,0.13127907703682373,False,False,False,False,322476,153230.7868901156,False,False,False,False,57908.13703987644,False,False,False,False
2023-02-15 00:00:00+00:00,6.87,6.87,6.4,6.52,69934,,,,,,,,6.329702707214693,6.127294237255951,5.6768061457285395,,,,,,,,,,,,,,,6.289168046399571,5.869198613233115,6.48931812297755,"rgba(38, 166, 154, 1.0)",0.0,0.0,0.5682012488831751,6.49092538206988,0.6671485123892434,0.0,0.0,0.0,0.0,0.0,0.0,0.0,0.0,58.43513430378894,3.7573453041434277,True,False,True,False,True,6.336032528057437,1,1.02252933131793,0.8773722977998513,False,False,False,False,0.27805321448816134,0.20466614576249254,False,False,False,False,392410,162610.36387481695,False,False,False,False,58379.73950890089,False,True,False,False
2023-02-16 00:00:00+00:00,6.61,6.84,6.48,6.72,54221,,,,,,,,6.342324780692638,6.140634326015397,5.686105213949021,,,,,,,,,,,,,,,6.304564129728898,5.874733355085851,6.490062083571533,"rgba(38, 166, 154, 1.0)",0.0,0.0,0.5749067986729048,6.496131692527844,0.19806394312087797,0.0,0.0,0.0,0.0,0.0,0.0,0.0,0.0,58.67355019271771,4.004277791804334,True,False,True,False,True,4.195798029272542,1,1.0467747382641,0.8767067110532155,False,False,False,False,0.2874257404968395,0.24604594312966602,False,False,False,False,338189,169495.80058560846,False,False,False,False,58216.65168502243,False,False,False,False
2023-02-17 00:00:00+00:00,6.66,6.87,6.35,6.51,85184,,,,,,,,6.359233767226822,6.159603240581445,5.70011036126003,,,,,,,,,,,,,,,6.325156073443996,5.883085532150015,6.491090949383576,"rgba(38, 166, 154, 1.0)",0.0,0.0,0.5807580638974801,6.4083962127173875,0.43323339428831026,0.0,0.0,0.0,0.0,0.0,0.0,0.0,0.0,59.16651903916973,4.591782216863592,True,False,True,False,True,4.559521439650442,0,1.0387433812405447,0.8650009455370651,False,False,False,False,0.2687280785901824,0.2573870108599242,False,False,False,False,423373,179451.7691900944,False,False,False,False,59274.19475619803,False,False,False,False
2023-02-21 00:00:00+00:00,6.38,6.74,6.28,6.53,54394,,,,,,,,6.3631640259160855,6.167069582292332,5.70733020382772,,,,,,,,,,,,,,,6.330706272749298,5.887195563351517,6.4909740466721715,"rgba(38, 166, 154, 0.5)",0.0,0.0,0.5823019907415646,6.40724715738767,-0.046792141914147725,0.0,0.0,0.0,0.0,0.0,0.0,0.0,0.0,56.863029860995205,4.591782216863592,False,False,True,False,False,2.290694434024733,1,1.0378997076159093,0.8690014851255394,False,False,False,False,0.2318628087131452,0.24462490978653473,False,False,False,False,368979,186884.20961401227,False,False,False,False,59082.81456968046,False,False,False,False
2023-02-22 00:00:00+00:00,6.32,6.4,6.06,6.32,40090,,,,,,,,6.360455441558498,6.168705677603158,5.711140248879362,,,,,,,,,,,,,,,6.3287197823884025,5.889120699855028,6.490162110935109,"rgba(38, 166, 154, 0.5)",0.0,0.0,0.5856536649492053,6.402522347642166,-0.14090639670004113,0.0,0.0,0.0,0.0,0.0,0.0,0.0,0.0,54.80456188700798,4.591782216863592,False,False,True,False,False,1.8117292929151425,1,1.0337763012181616,0.8861203396087117,False,False,False,False,0.12438754867466767,0.1845062292306012,False,False,False,False,328889,192453.0249232667,False,False,False,False,58337.99831204593,False,False,False,False
2023-02-23 00:00:00+00:00,6.48,6.51,6.25,6.51,37738,,,,,,,,6.361730787591227,6.172693728030482,5.71566770791617,,,,,,,,,,,,,,,6.330899874603214,5.891656556999395,6.489908720336132,"rgba(38, 166, 154, 0.5)",0.0,0.0,0.5913986772462518,6.403097678759242,0.13003465208755743,0.0,0.0,0.0,0.0,0.0,0.0,0.0,0.0,54.762330107836846,4.591782216863592,False,False,True,False,False,3.0253937999364773,1,1.0431244723759496,0.9035972235249976,False,False,False,False,0.17945625952744357,0.18198124437902238,False,False,False,False,366627,199283.37688706015,False,False,False,False,57530.1552409853,False,False,False,False
2023-02-24 00:00:00+00:00,6.45,6.52,6.24,6.42,21393,,,,,,,,6.362291924678445,6.1748056926319475,5.718171992288606,,,,,,,,,,,,,,,6.331942599160969,5.893055875240566,6.489747157075814,"rgba(38, 166, 154, 0.5)",0.0,0.0,0.5956995833864706,6.403461244393102,0.07812453945717313,0.0,0.0,0.0,0.0,0.0,0.0,0.0,0.0,54.43499101302489,8.794854952570972,False,False,True,False,False,2.778623655226763,1,1.0388385771636637,0.8929605078890861,False,False,False,False,0.17945625952744357,0.18071875195323298,False,False,False,False,345234,205006.93073462642,False,False,False,False,56113.01189820156,False,False,False,False
2023-02-27 00:00:00+00:00,6.39,6.568,6.25,6.5,52412,,,,,,,,6.363583436996294,6.1798054202495685,5.724225091922273,,,,,,,,,,,,,,,6.334351969540677,5.896447582372829,6.489350836152726,"rgba(38, 166, 154, 0.5)",0.0,0.0,0.5999233210371906,6.404674835934751,-0.024461185988536235,0.0,0.0,0.0,0.0,0.0,0.0,0.0,0.0,53.591928664537704,7.787176224464389,False,True,True,False,False,2.2798233767098566,1,1.0378748768010513,0.9100999671469471,False,False,False,False,0.19021797982217017,0.18546836588770158,False,False,False,False,292822,208450.65894111167,False,False,False,False,55967.874176703466,False,False,False,False
2023-02-28 00:00:00+00:00,6.42,6.49,6.21,6.33,60185,,,,,,,,6.363928882669636,6.18456173494035,5.730750302537722,,,,,,,,,,,,,,,6.33581949411408,5.900064554124059,6.4887476610687465,#000000,0.0,0.0,0.6041172293520255,6.405650672193476,0.023752555148800116,0.0,0.0,0.0,0.0,0.0,0.0,0.0,0.0,53.33143169896879,7.317535754625901,False,True,False,False,False,2.5169861963052114,1,1.0375747830405073,0.9187495566222895,False,False,False,False,0.168366528157285,0.1769174470224933,False,False,False,False,353007,214119.53506106808,False,False,False,False,56133.251659969996,False,False,False,False
2023-03-01 00:00:00+00:00,6.82,6.84,6.38,6.38,77602,,,,,,,,6.377737453915601,6.199779548828849,5.742896756303441,,,,,,,,,,,,,,,6.351753084774424,5.907618042073128,6.490021192554288,"rgba(38, 166, 154, 0.5)",0.0,0.0,0.6157708560498202,6.416827560250911,0.6547442701907765,0.0,0.0,0.0,0.0,0.0,0.0,0.0,0.0,56.558936731099365,7.317535754625901,False,False,True,False,True,5.59652415803647,1,1.0596513485574666,0.8828587538765155,False,False,False,False,0.26616666146466217,0.22154205424357773,False,False,False,False,430609,222609.31799984974,False,False,False,False,56975.16335957902,False,False,False,False
2023-03-02 00:00:00+00:00,6.53,6.86,6.36,6.86,71630,,,,,,,,6.385706950556486,6.210354276823461,5.752707378877514,,,,,,,,,,,,,,,6.361243350958231,5.913605046258704,6.490591228074665,"rgba(38, 166, 154, 0.5)",0.0,0.0,0.613539490823507,6.423395562495666,0.17375317986662447,0.0,0.0,0.0,0.0,0.0,0.0,0.0,0.0,55.62130988878606,7.317535754625901,False,False,True,False,True,3.1404736729061575,1,1.056723221068625,0.8731324385920486,False,False,False,False,0.26555016498068784,0.2435461096121328,False,False,False,False,358979,227957.14866652232,False,False,False,False,57549.862835673965,False,False,False,False
2023-03-03 00:00:00+00:00,6.53,6.66,6.41,6.55,28341,,,,,,,,6.387936876943489,6.213839460613911,5.7562962148310906,,,,,,,,,,,,,,,6.363989141487641,5.915769994610965,6.4906942883866465,"rgba(38, 166, 154, 0.5)",0.0,0.0,0.6120538062580146,6.425352062124546,0.1709783303452567,0.0,0.0,0.0,0.0,0.0,0.0,0.0,0.0,54.99622532724385,7.317535754625901,False,False,True,False,True,3.1404736729061575,1,1.0574444749108858,0.8854994973037199,False,False,False,False,0.22910240099150825,0.23632425530182052,False,False,False,False,358979,233095.26048352144,False,False,False,False,56404.41723427499,False,False,False,False
2023-03-06 00:00:00+00:00,6.65,6.7316,6.48,6.5,28544,,,,,,,,6.3914224321380075,6.218211903572756,5.760279458919513,,,,,,,,,,,,,,,6.368046562769132,5.918240943971755,6.491008836525389,"rgba(38, 166, 154, 0.5)",0.0,0.0,0.6162419687892622,6.428136116759861,0.3600272205997884,0.0,0.0,0.0,0.0,0.0,0.0,0.0,0.0,55.637005582635,7.317535754625901,False,False,True,False,True,4.071734665939164,1,1.0625086369708416,0.8954350730111934,False,False,False,False,0.25595972552816015,0.24614199041499035,False,False,False,False,387523,239151.2502684814,False,False,False,False,55311.85185253872,False,False,False,False
2023-03-07 00:00:00+00:00,6.1,6.57,6.07,6.57,54307,,,,,,,,6.38740973066434,6.218782276178555,5.76450746346587,,,,,,,,,,,,,,,6.364500876625833,5.9204172066890575,6.48988778886919,#000000,0.0,0.0,0.6144741780161453,6.426570361414098,-0.5314631161043147,0.0,0.0,0.0,0.0,-1.0,6.48,6.16,0.0,51.189135906463065,5.173366234900556,False,True,False,False,False,0.0,1,1.0133279026090105,0.9154617247075327,False,False,False,False,0.13732592448813224,0.1917339574515613,False,False,False,False,333216,242840.06398344293,False,False,False,False,55272.4458975372,False,False,False,False
2023-03-08 00:00:00+00:00,6.04,6.16,5.9375,6.16,53431,,,,,,,,6.3783411294678345,6.215437419710186,5.766893087332658,,,,,,,,,,,,,,,6.35559814861195,5.921229556073221,6.487892327292296,"rgba(239, 83, 80, 1.0)",0.0,0.0,0.6070123807663008,6.422002187722667,-0.6293153151842172,0.0,0.0,0.0,0.0,0.0,0.0,0.0,0.0,47.802201856510415,2.0906364201569687,False,True,False,True,False,0.0,1,1.0229298565959604,0.9269384574253259,False,False,False,False,0.028239042149701972,0.10998649980063163,False,False,False,False,279785,244288.8850037001,False,False,False,False,55200.2323329279,False,False,False,False
2023-03-09 00:00:00+00:00,5.8,6.1228,5.66,6.05,47992,,,,,,,,6.366290047601366,6.209384333810558,5.76760395087167,,,,,,,,,,,,,,,6.343489146048422,5.920880788763225,6.4853719102381655,"rgba(239, 83, 80, 1.0)",0.0,0.0,0.5947040700584729,6.415677654907713,-1.035267263005578,0.0,0.0,0.0,0.0,-1.0,5.9375,5.79,0.0,43.953657975254686,-1.345065712200224,False,True,False,True,False,0.0,0,1.00694987207962,0.929309229947426,False,False,False,False,-0.07346030142854545,0.01826309918604309,False,False,False,False,231793,243798.85029767264,False,False,False,False,54917.556555166026,False,False,False,False
2023-03-10 00:00:00+00:00,5.19,5.79,5.163,5.75,174210,,,,,,,,6.289480874574423,6.1610367382134035,5.757279030035765,,,,,,,,,,,,,,,6.264942840151756,5.909778220404311,6.46948786568827,"rgba(239, 83, 80, 1.0)",0.0,0.0,0.5935738728040888,6.374254302852013,-1.9951253872706765,0.0,0.0,0.0,0.0,0.0,0.0,0.0,0.0,38.42243970133315,-6.259244479686124,False,True,False,True,False,0.0,0,0.967418670633281,0.9595405338401785,False,False,False,False,-0.2623529307834107,-0.12204491579868382,False,False,False,False,57583,236496.26793305803,False,False,False,False,59595.69159221834,False,False,False,False
2023-03-13 00:00:00+00:00,5.06,5.3,4.8001,5.062,71066,,,,,,,,6.251383019088313,6.135278064920837,5.749692870493446,,,,,,,,,,,,,,,6.225908480985934,5.902653484738021,6.461227594764435,"rgba(239, 83, 80, 1.0)",0.0,0.0,0.5970390508512909,6.353932040746682,-2.1672485893539513,0.0,0.0,0.0,0.0,0.0,0.0,0.0,0.0,34.23888625876191,-9.813399806434475,False,True,False,True,False,0.0,0,0.955530434592658,0.9893836626363903,False,False,False,False,-0.34282825441539394,-0.23243658510703888,False,False,False,False,-13483,226693.1593866636,False,False,False,False,60045.50760820978,False,False,False,False
2023-03-14 00:00:00+00:00,5.08,5.23,4.91,5.06,60527,,,,,,,,6.221250207974299,6.11465350792049,5.743541100172431,,,,,,,,,,,,,,,6.195126511610872,5.896818639117328,6.454366628342863,"rgba(239, 83, 80, 1.0)",0.0,0.0,0.5995735278249344,6.338159837677693,-2.0984245956320047,0.0,0.0,0.0,0.0,0.0,0.0,0.0,0.0,31.675230063766012,-11.891550236270476,False,True,False,True,False,0.0,0,0.9601302931596091,0.9878935939196524,False,False,False,False,-0.3344317056611791,-0.283434145384109,False,False,False,False,47044,219648.0943126768,False,False,False,False,60064.389662789785,False,False,False,False
2023-03-15 00:00:00+00:00,4.88,5.18,4.75,4.9,101829,,,,,,,,6.1682518017092685,6.07738155455034,5.731380483798739,,,,,,,,,,,,,,,6.141013577374434,5.885586588650328,6.441848476789272,"rgba(239, 83, 80, 1.0)",0.0,0.0,0.6091732650075583,6.310431081223223,-2.3481514429322097,0.0,0.0,0.0,0.0,0.0,0.0,0.0,0.0,29.15920749576147,-14.03944802280148,False,True,False,True,False,0.0,0,0.9556058158319869,0.9906085083467958,False,False,False,False,-0.34282825441539394,-0.31313119989975147,False,False,False,False,-54785,208886.01218276794,False,False,False,False,61702.21751915097,False,False,False,False
2023-03-16 00:00:00+00:00,4.94,4.97,4.75,4.83,52606,,,,,,,,6.141506195291642,6.058231420676485,5.724854368837695,,,,,,,,,,,,,,,6.1137551127421865,5.879585959069324,6.435249864272241,"rgba(239, 83, 80, 1.0)",0.0,0.0,0.6177568883519431,6.2965010672155115,-2.1958493588544123,0.0,0.0,0.0,0.0,0.0,0.0,0.0,0.0,28.22065406471632,-14.833072694165047,False,True,False,True,False,0.0,0,0.9478984332793084,1.0094867639113991,False,False,False,False,-0.34282825441539394,-0.32797972715757273,False,False,False,False,-2179,200608.95288148292,False,False,False,False,61345.50310663524,False,False,False,False
2023-03-17 00:00:00+00:00,4.87,5.0,4.76,5.0,48971,,,,,,,,6.117402261734462,6.040802464942981,5.7187977739778795,,,,,,,,,,,,,,,6.089225525178865,5.874008787600716,6.429117991395043,"rgba(239, 83, 80, 1.0)",0.0,0.0,0.622361095613553,6.28398259436577,-2.271964948213543,0.0,0.0,0.0,0.0,0.0,0.0,0.0,0.0,27.277653278883573,-15.78979714365282,False,True,False,True,False,0.0,0,0.9438192576654117,1.006218396987628,False,False,False,False,-0.335231185291121,-0.3316054562243469,False,False,False,False,-51150,190736.0527684836,False,False,False,False,60860.228475002485,False,False,False,False
2023-03-20 00:00:00+00:00,4.92,4.9305,4.76,4.87,65332,,,,,,,,6.086479049515454,6.0182102303839455,5.710789759501941,,,,,,,,,,,,,,,6.057808718274608,5.866616304406924,6.420978276801616,"rgba(239, 83, 80, 1.0)",0.0,0.0,0.6267879506939359,6.267952149153517,-2.1505712540599395,0.0,0.0,0.0,0.0,0.0,0.0,0.0,0.0,27.33556047853163,-15.929165487612956,False,True,False,True,False,0.0,0,0.9506010102374328,1.0078387941978875,False,False,False,False,-0.34282825441539394,-0.33721685531987045,False,False,False,False,14182,183812.3644246215,False,False,False,False,61035.59206421807,False,False,False,False
2023-03-21 00:00:00+00:00,4.86,5.03,4.83,4.94,47670,,,,,,,,6.065514681074398,6.002775106909032,5.7052909633562265,,,,,,,,,,,,,,,6.036561859676755,5.861485739157546,6.415231032407533,"rgba(239, 83, 80, 1.0)",0.0,0.0,0.6361927295947022,6.257133638394412,-2.196085515287922,0.0,0.0,0.0,0.0,0.0,0.0,0.0,0.0,27.052433882551274,-16.51278605126329,False,True,False,True,False,0.0,0,0.9446648674216075,1.0381514148187305,False,False,False,False,-0.3111226790173925,-0.32416976716863144,False,False,False,False,-33488,175290.7815060089,False,False,False,False,60511.451198954615,False,False,False,False
2023-03-22 00:00:00+00:00,4.81,4.94,4.76,4.81,33215,,,,,,,,6.050486303507082,5.991600561829305,5.701171868427394,,,,,,,,,,,,,,,6.021326643200339,5.857683505729038,6.411067625449545,"rgba(239, 83, 80, 1.0)",0.0,0.0,0.6445482250494395,6.249323657055778,-2.233073649291915,0.0,0.0,0.0,0.0,0.0,0.0,0.0,0.0,26.588016575108263,-17.32592217358424,False,True,False,True,False,0.0,0,0.9044109811839263,1.055836908667732,False,False,False,False,-0.34103412541248634,-0.3326019462905589,False,False,False,False,-66703,165800.82929008701,False,False,False,False,59441.00213232895,False,False,False,False
2023-03-23 00:00:00+00:00,4.74,4.93,4.72,4.89,43228,,,,,,,,6.030842666143319,5.976881408340282,5.695623826815935,,,,,,,,,,,,,,,6.001418362825563,5.852584884553285,6.405545062501763,"rgba(239, 83, 80, 1.0)",0.0,0.0,0.6554402138058378,6.239072088487488,-2.2871225428526425,0.0,0.0,0.0,0.0,0.0,0.0,0.0,0.0,25.88600284169342,-18.380657863193846,False,True,False,True,False,0.0,0,0.901847712288843,1.0591720664384143,False,False,False,False,-0.34282825441539394,-0.3377151003529764,False,False,False,False,-109931,154987.81637675027,False,False,False,False,58805.19812713958,False,False,False,False
2023-03-24 00:00:00+00:00,4.76,4.835,4.66,4.74,52639,,,,,,,,6.006895602390584,5.958775189816914,5.688625541290465,,,,,,,,,,,,,,,5.97715944258468,5.846180253548731,6.398684337463842,"rgba(239, 83, 80, 1.0)",0.0,0.0,0.6614094151237817,6.045267298078089,-1.9432249809107325,0.0,0.0,0.0,0.0,0.0,0.0,0.0,0.0,25.775798778841228,-18.885883481918963,False,True,False,True,False,0.0,0,0.888989236318196,1.0664905853284485,False,False,False,False,-0.34282825441539394,-0.3402716773841852,False,False,False,False,-57292,146663.11769530908,False,False,False,False,58563.386435879205,False,False,False,False
2023-03-27 00:00:00+00:00,4.83,4.8687,4.7,4.78,43135,,,,,,,,5.98865421065616,5.944905343696373,5.683256934251321,,,,,,,,,,,,,,,5.9587215461338845,5.841214534363429,6.393266883321562,"rgba(239, 83, 80, 1.0)",0.0,0.0,0.6651220845734683,6.037139961445482,-1.8149148696808057,0.0,0.0,0.0,0.0,0.0,0.0,0.0,0.0,26.989840706654757,-18.885883481918963,False,True,False,True,False,0.0,0,0.8910164699957651,1.067922995044122,False,False,False,False,-0.32962006204959815,-0.33494586971689166,False,False,False,False,-14157,140356.4464131401,False,False,False,False,57958.35167368787,False,False,False,False
2023-03-28 00:00:00+00:00,4.88,4.9299,4.8,4.8,21407,,,,,,,,5.980328469959032,5.938560095954063,5.680826951832203,,,,,,,,,,,,,,,5.950326738081619,5.838932981823338,6.390710083230458,"rgba(239, 83, 80, 0.75)",0.0,0.0,0.6675366035784746,6.033850696455806,-1.728520489019388,0.0,0.0,0.0,0.0,0.0,0.0,0.0,0.0,28.720761859300737,-18.885883481918963,False,True,False,True,True,0.0,0,0.8893032884047162,1.0720303456091964,False,False,False,False,-0.30110626260823237,-0.318026066162562,False,False,False,False,7250,135136.58576948757,False,False,False,False,56524.965333543245,False,False,False,False
2023-03-29 00:00:00+00:00,5.19,5.23,4.91,4.91,95788,,,,,,,,5.952278956955115,5.917238387696904,5.673296005986922,,,,,,,,,,,,,,,5.922301256912373,5.83135066151659,6.38116306326884,"rgba(239, 83, 80, 0.75)",0.0,0.0,0.6615404626957841,6.027444930541398,-1.265901298204498,0.0,0.0,0.0,0.0,0.0,0.0,0.0,0.0,34.64045527103214,-20.36648467424901,False,True,False,True,True,0.0,0,0.8832213748463362,1.0795614101525859,False,False,False,False,-0.22699443663514313,-0.27251025139885254,False,False,False,False,103038,133877.8177000959,False,False,False,False,58064.69218320822,False,False,False,False
2023-03-30 00:00:00+00:00,5.28,5.38,5.2301,5.25,59860,,,,,,,5.2967,5.939336020857092,5.907417205999194,5.670216504220015,,,,,,,,,,,,,,,5.909528937625369,5.827897663816915,6.376134557802612,"rgba(239, 83, 80, 0.75)",0.0,0.0,0.6603647094973488,6.025414966775316,-1.1287928565151597,0.0,0.0,0.0,0.0,0.0,0.0,0.0,0.0,39.71225680452265,-15.722969423358187,False,True,False,True,True,0.0,0,0.9105904595521146,1.0763247796770388,False,False,False,False,-0.14395549083443285,-0.20823287111664268,False,False,False,False,162898,135015.86406479805,False,False,False,False,58135.0964113177,False,False,False,False
2023-03-31 00:00:00+00:00,5.18,5.35,5.17,5.21,29634,,,,,,,5.275717500614567,5.93250251387713,5.902176701692032,5.668455059247731,,,,,,,,,,,,,,,5.90276295861727,5.826002737825716,6.373517263007032,"rgba(239, 83, 80, 0.75)",0.0,0.0,0.6578835845427208,6.023238120997804,-1.2817436713881818,0.0,0.0,0.0,0.0,0.0,0.0,0.0,0.0,41.90392165731531,-13.860385831551348,False,True,False,True,True,0.0,0,0.9127689050683392,1.0471209840411173,False,False,False,False,-0.15941823556690116,-0.18382555334177192,False,False,False,False,133264,134947.16351323735,False,False,False,False,57017.406355971914,False,False,False,False
2023-04-03 00:00:00+00:00,5.36,5.44,5.15,5.18,24738,,,,,,,5.284585422648645,5.927566441018628,5.898401341388494,5.66727500949188,,,,,,,,,,,,,,5.3166666666666655,5.897907960428738,5.824651231053589,6.371500567493563,#000000,0.0,0.0,0.6582349316355017,5.87234557800694,-0.7783627902182678,0.0,0.0,0.0,0.0,0.0,0.0,0.0,0.0,45.58753438157224,-10.552149835309677,False,True,False,False,True,0.0,0,0.9105148854750493,1.0717172897914986,False,False,False,False,-0.14739882955998873,-0.16561219145088033,False,False,False,False,158002,135851.27474801237,False,False,False,False,55751.5472831887,False,False,False,False
2023-04-04 00:00:00+00:00,5.14,5.43,5.11,5.43,24113,,,,,,,5.274490406833158,5.922132945237121,5.894205805337258,5.665839055574995,,,,,,,,,,,,,,5.272242396948544,5.892531544399155,5.823108576783789,6.369375127543893,#000000,0.0,0.0,0.6579566512734127,5.868270179103443,-1.106866505101735,0.0,0.0,0.0,0.0,0.0,0.0,0.0,0.0,45.518731472611265,-10.552149835309677,False,False,False,False,True,0.0,0,0.8902050281141207,1.0609210663175093,False,False,False,False,-0.15081951422694945,-0.15821585283891487,False,False,False,False,133889,135774.32279710993,False,False,False,False,54510.819938749926,False,False,False,False
2023-04-05 00:00:00+00:00,5.09,5.18,5.06,5.18,26248,,,,,,,5.248258767586309,5.9153370594737,5.888910121987281,5.663874140219719,,,,,,,,,,,,,,5.215536735952986,5.885767742338789,5.821111653417627,6.3668351513401475,#000000,0.0,0.0,0.655506763593699,5.862412271658174,-1.1783437098704546,0.0,0.0,0.0,0.0,0.0,0.0,0.0,0.0,44.95066365384391,-10.552149835309677,False,False,False,False,True,0.0,0,0.9075314094218921,1.0645131150298053,False,False,False,False,-0.20424445714745226,-0.18123015499318357,False,False,False,False,107641,134671.05523643896,False,False,False,False,53402.47405879895,False,False,False,False
2023-04-06 00:00:00+00:00,5.09,5.16,5.02,5.02,22930,,,,,,,5.22890714916748,5.909347499589353,5.884224759295228,5.662107369605638,,,,,,,,,,,,,,5.186172391163159,5.879804036376072,5.819327483732942,6.364589446414186,"rgba(239, 83, 80, 0.5)",0.0,0.0,0.6535729933661779,5.858186228790595,-1.1753640933572098,0.0,0.0,0.0,0.0,0.0,0.0,0.0,0.0,44.57195177466568,-10.552149835309677,False,False,False,True,True,0.0,0,0.9222742016363995,1.0543160193219545,False,False,False,False,-0.21505924809844695,-0.19814470154581526,False,False,False,False,107641,133611.0530703041,False,False,False,False,52207.475076100956,False,False,False,False
2023-04-10 00:00:00+00:00,5.18,5.24,5.045,5.1,19941,,,,,,,5.221803350621474,5.904616579339174,5.8805244313823595,5.660753287168983,,,,,,,,,,,,,,5.180903181599842,5.87511080357197,5.817920604412694,6.36274215689631,#000000,0.0,0.0,0.6501853651144245,5.85593221512426,-1.0395992456786605,0.0,0.0,0.0,0.0,0.0,0.0,0.0,0.0,45.62913862619625,-10.161678925730769,False,False,False,False,True,0.0,0,0.9275085723737365,1.0321710530501111,False,False,False,False,-0.19616430910843502,-0.19715450532712514,False,False,False,False,127582,133374.6196165667,False,False,False,False,50942.123112332294,False,False,False,False
2023-04-11 00:00:00+00:00,5.16,5.29,5.13,5.1788,23933,,,,,,,5.218858744927549,5.899302717643685,5.876364658351444,5.659260104107255,,,,,,,,,,,,,,5.182999619458362,5.869853267037018,5.816337113718912,6.360602627560975,#000000,0.0,0.0,0.6518805229612131,5.853920032399207,-1.0644895927355318,0.0,0.0,0.0,0.0,0.0,0.0,0.0,0.0,46.06646386645339,-9.458099898663761,False,False,False,False,True,0.0,0,0.9313379044162284,1.0303979142570496,False,False,False,False,-0.17207052731934344,-0.18461251632323428,False,False,False,False,103649,132208.909043368,False,False,False,False,49882.94181380946,False,False,False,False
2023-04-12 00:00:00+00:00,4.86,5.2,4.77,5.2,83318,,,,,,,5.1459158402575875,5.875069976732556,5.857108347663176,5.6513857863906125,,,,,,,,,,,,,,5.094337746776129,5.845630109427496,5.808699390111369,6.351632707739311,"rgba(239, 83, 80, 1.0)",0.0,0.0,0.6588995740237028,5.836570176373334,-1.4821229438800683,0.0,0.0,0.0,0.0,0.0,0.0,0.0,0.0,42.9610060666693,-9.458099898663761,False,True,False,True,False,0.0,0,0.9117354786032116,1.036438784487724,False,False,False,False,-0.2533224031615519,-0.2189674597423931,False,False,False,False,20331,127821.54006127515,False,False,False,False,51194.120566209094,False,False,False,False
2023-04-13 00:00:00+00:00,4.97,5.14,4.83,4.85,47343,,,,,,,5.124220549377908,5.862360676526914,5.846941563066515,5.647215867231657,,,,,,,,,,,,,,5.074477853519418,5.8329588148483005,5.804600104882383,6.346717612784925,"rgba(239, 83, 80, 1.0)",0.0,0.0,0.6613722289491702,5.829050299917183,-1.2988907944957055,0.0,0.0,0.0,0.0,0.0,0.0,0.0,0.0,42.58821005202,-9.458099898663761,False,True,False,True,False,0.0,0,0.9133070064835735,1.0550879730672487,False,False,False,False,-0.2533224031615519,-0.23614493145197252,False,False,False,False,67674,125462.81300004869,False,False,False,False,51043.09623027933,False,False,False,False
2023-04-14 00:00:00+00:00,5.14,5.27,5.0,5.12,24399,,,,,,,5.125006336194367,5.857088767247416,5.842723758526069,5.645586865920862,,,,,,,,,,,,,,5.079587395287179,5.827745279308514,5.802901646920521,6.344487059050479,"rgba(239, 83, 80, 0.5)",0.0,0.0,0.6625082015470342,5.82698247832868,-1.0369418472473182,0.0,0.0,0.0,0.0,0.0,0.0,0.0,0.0,44.67363978949689,-9.458099898663761,False,False,False,True,False,0.0,0,0.9055411149308892,1.0571268245173857,False,False,False,False,-0.19885483259609713,-0.2174998820240348,False,False,False,False,92073,124153.40856867423,False,False,False,False,49998.229711444845,False,False,False,False
2023-04-17 00:00:00+00:00,5.11,5.19,5.1,5.17,26174,,,,,,,5.125534534083317,5.851492056001459,5.838233352849914,5.643839503867374,,,,,,,,,,,,,,5.083940800135339,5.822212011954144,5.801080137148568,6.34209678099621,"rgba(239, 83, 80, 0.5)",0.0,0.0,0.665297928249669,5.824703951755798,-1.0742615021154673,0.0,0.0,0.0,0.0,0.0,0.0,0.0,0.0,45.69210326750677,-9.35857072510342,False,False,False,True,True,0.0,0,0.9209155130064024,1.0573155633238656,False,False,False,False,-0.19526809258045358,-0.2063839873022442,False,False,False,False,65899,121868.92195813799,False,False,False,False,49063.94619334897,False,False,False,False
2023-04-18 00:00:00+00:00,5.06,5.215,5.02,5.16,37429,,,,,,,5.123272360722273,5.843254666513549,5.831595953807286,5.641191476792669,,,,,,,,,,,,,,5.085434834861486,5.814056566032672,5.7983568879033,6.338596514331716,"rgba(239, 83, 80, 0.5)",0.0,0.0,0.667992825121934,5.820928357891223,-1.1391265433911282,0.0,0.0,0.0,0.0,0.0,0.0,0.0,0.0,45.731738874600566,-9.095515086040024,False,False,False,True,True,0.0,0,0.9096343342829122,1.0494159088937962,False,False,False,False,-0.20514385871402557,-0.2057639230081349,False,False,False,False,28470,118206.21913625023,False,False,False,False,48607.6737936098,False,False,False,False
2023-04-19 00:00:00+00:00,5.18,5.29,5.01,5.16,30285,,,,,,,5.125587980860978,5.8372611923746875,5.826756332362522,5.639308878841741,,,,,,,,,,,,,,5.0912124995629195,5.8081480893449635,5.796361571318759,6.335918825916348,#000000,0.0,0.0,0.6687040579487203,5.818585268388449,-0.954959463454339,0.0,0.0,0.0,0.0,0.0,0.0,0.0,0.0,47.490664876779746,-7.193923062934651,False,False,False,False,True,0.0,1,0.9216832222528598,1.040735484999092,False,False,False,False,-0.19347658686566296,-0.19962025493689894,False,False,False,False,58755,115874.79877796592,False,False,False,False,47889.137566409416,False,False,False,False
2023-04-20 00:00:00+00:00,4.92,5.23,4.88,5.16,46399,,,,,,,5.115406247943339,5.826290804672274,5.8178374924346015,5.635559242556239,,,,,,,,,,,,,,5.08259459500667,5.797252386633512,5.792613768011962,6.33131960987436,"rgba(239, 83, 80, 0.5)",0.0,0.0,0.6746530105799966,5.812564016945214,-1.3229971599443102,0.0,0.0,0.0,0.0,0.0,0.0,0.0,0.0,45.49968554203636,-7.193923062934651,False,False,False,True,True,0.0,1,0.906256982483699,1.064330257090818,False,False,False,False,-0.2277396187654389,-0.21367993685116893,False,False,False,False,12356,111815.2380415751,False,False,False,False,47830.70079909924,False,False,False,False
2023-04-21 00:00:00+00:00,4.8,4.89,4.74,4.89,34680,,,,,,,5.096540847321572,5.816316460057397,5.8096783108790415,5.631898963600053,,,,,,,,,,,,,,5.06256285183537,5.787280860580017,5.789125872205644,6.327385619386406,"rgba(239, 83, 80, 0.5)",0.0,0.0,0.6830621303174713,5.805910209132328,-1.4726481889206842,0.0,0.0,0.0,0.0,0.0,0.0,0.0,0.0,42.977905992903175,-7.193923062934651,False,False,False,True,False,0.0,1,0.8944387682605842,1.0730829346847912,False,False,False,False,-0.3169051685090686,-0.26529255268011875,False,False,False,False,-22324,106554.8757654349,False,False,False,False,47314.98704227182,False,False,False,False
2023-04-24 00:00:00+00:00,4.83,4.89,4.66,4.89,89587,,,,,,,5.054815820316399,5.791021891886497,5.788858619526651,5.622403349540536,,,,,,,,,,,,,,5.0196087384709625,5.762006702297611,5.780077898998827,6.317206095787512,"rgba(239, 83, 80, 0.5)",0.0,0.0,0.6908337566153289,5.789421911303879,-1.388788405483356,0.0,0.0,0.0,0.0,0.0,0.0,0.0,0.0,41.776380671298185,-3.5675097246611926,False,False,False,True,False,0.0,1,0.8912909077321303,1.0788159602149587,False,False,False,False,-0.33221517593512856,-0.29875386430762363,False,False,False,False,67263,105014.0178922806,False,False,False,False,48972.71304061411,False,False,False,False
2023-04-25 00:00:00+00:00,4.67,4.84,4.58,4.84,104861,,,,,,,5.005130320124747,5.760240004694194,5.7632839080711324,5.610293910111035,,,,,,,,,,,,,,4.968790691369362,5.731215046065583,5.768676706145013,6.304716288456118,"rgba(239, 83, 80, 1.0)",0.0,0.0,0.7018771998031933,5.768980687549473,-1.565773454184903,0.0,0.0,0.0,0.0,0.0,0.0,0.0,0.0,39.40394646110251,-5.873676292161051,False,True,False,True,False,0.0,1,0.8880460815110827,1.0766736096505214,False,False,False,False,-0.34282825441539394,-0.32079105936150876,False,False,False,False,-37598,99421.38973964214,False,False,False,False,51164.41056843316,False,False,False,False
2023-04-26 00:00:00+00:00,4.53,4.73,4.51,4.63,52987,,,,,,,4.977935827299112,5.743840227828797,5.749563668142812,5.6035941998846415,,,,,,,,,,,,,,4.94088971986868,5.714787577344183,5.762442176025837,6.298064235889028,"rgba(239, 83, 80, 1.0)",0.0,0.0,0.714505108133957,5.757823023252871,-1.7184244161102284,0.0,0.0,0.0,0.0,0.0,0.0,0.0,0.0,36.62850611041318,-8.50298789638574,False,True,False,True,False,0.0,0,0.8774866848027866,1.083711919211011,False,False,False,False,-0.34282825441539394,-0.3318096568884513,False,False,False,False,-90585,91970.15876946009,False,False,False,False,51235.88466378872,False,False,False,False
2023-04-27 00:00:00+00:00,4.69,4.79,4.5,4.5,44708,,,,,,,4.961283033825503,5.731174241061452,5.738918242304618,5.598395049929183,,,,,,,,,,,,,,4.924454094482245,5.7021302770307924,5.757543859767337,6.292719933723993,"rgba(239, 83, 80, 1.0)",0.0,0.0,0.7236706233993052,5.749611207690586,-1.464217523040059,0.0,0.0,0.0,0.0,0.0,0.0,0.0,0.0,37.419549286504164,-8.50298789638574,False,True,False,True,False,0.0,0,0.8726973527631768,1.1006466792239848,False,False,False,False,-0.3337784276256654,-0.33279404225705833,False,False,False,False,-45877,86564.3878373244,False,False,False,False,50979.88918677739,False,False,False,False
2023-04-28 00:00:00+00:00,4.73,4.8,4.56,4.61,33914,,,,,,,4.951171043286184,5.722084149558113,5.731250458321079,5.594641819967576,,,,,,,,,,,,,,4.914773256540101,5.693060411583604,5.753980262702277,6.288779647833493,"rgba(239, 83, 80, 1.0)",0.0,0.0,0.7287058008168398,5.743880628750501,-1.3913442539005392,0.0,0.0,0.0,0.0,0.0,0.0,0.0,0.0,38.570066328523495,-8.50298789638574,False,True,False,True,False,0.0,0,0.8556151949101608,1.1257331150394791,False,False,False,False,-0.3211963165082577,-0.326995179382658,False,False,False,False,-11963,82700.56870644893,False,False,False,False,50310.63863043318,False,False,False,False
2023-05-01 00:00:00+00:00,4.73,4.88,4.71,4.71,37971,,,,,,,4.943874418842539,5.712841254014233,5.723424534355245,5.590832130511358,,,,,,,,,,,,,,4.908348752768281,5.683864342046917,5.750305926605335,6.284602352791148,"rgba(239, 83, 80, 0.75)",0.0,0.0,0.731846166083268,5.738349025504986,-1.3778155468129591,0.0,0.0,0.0,0.0,0.0,0.0,0.0,0.0,39.337077689869716,-8.50298789638574,False,True,False,True,True,0.0,0,0.8604016582607904,1.1220617428573434,False,False,False,False,-0.2789789386516053,-0.30298705901713163,False,False,False,False,-11963,78988.27189443134,False,False,False,False,49826.73123316129,False,False,False,False
2023-05-02 00:00:00+00:00,4.66,4.78,4.58,4.75,64794,,,,,,,4.9261723134116835,5.695842932747895,5.708986607869198,5.58362690631634,,,,,,,,,,,,,,4.891443334754368,5.666912054427441,5.743463884754735,6.2770589479314465,"rgba(239, 83, 80, 0.75)",0.0,0.0,0.7359123283074704,5.7276143020435235,-1.45073572078747,0.0,0.0,0.0,0.0,0.0,0.0,0.0,0.0,39.01816624219451,-8.50298789638574,False,True,False,True,True,0.0,0,0.857196162429409,1.1341929835891473,False,False,False,False,-0.32065660188661027,-0.31182183045187095,False,False,False,False,-76757,72880.61417308109,False,False,False,False,50413.68294950791,False,False,False,False
2023-05-03 00:00:00+00:00,4.67,4.79,4.62,4.62,18225,,,,,,,4.921964467661109,5.691252997527096,5.705073879428635,5.581664677150771,,,,,,,,,,,,,,4.887514449944521,5.662339719322841,5.741590695140147,6.274976181699542,"rgba(239, 83, 80, 0.75)",0.0,0.0,0.7381247971828229,5.724759671037601,-1.4289720045489172,0.0,0.0,0.0,0.0,0.0,0.0,0.0,0.0,39.000394269298724,-8.50298789638574,False,True,False,True,True,0.0,0,0.8622223525014838,1.1267853347892038,False,False,False,False,-0.3115087564772893,-0.31166529346458016,False,False,False,False,-58532,67727.17832315635,False,False,False,False,49151.381657370344,False,False,False,False
2023-05-04 00:00:00+00:00,4.48,4.65,4.47,4.63,44825,,,,,,,4.905425535968363,5.67835904647797,5.694075649049586,5.576012445883072,,,,,,,,,,,,,,4.871042012086853,5.649447480172076,5.736312937136729,6.26936092040087,"rgba(239, 83, 80, 0.75)",0.0,0.0,0.7363558432768051,5.71618350609924,-1.6787854912621953,0.0,0.0,0.0,0.0,0.0,0.0,0.0,0.0,36.83962528917495,-8.878786816294038,False,True,False,True,True,0.0,0,0.8644962571913017,1.1118103939759663,False,False,False,False,-0.34282825441539394,-0.327246773939987,False,False,False,False,-103357,61017.99485950316,False,False,False,False,48981.71963159111,False,False,False,False
2023-05-05 00:00:00+00:00,4.61,4.7,4.55,4.6,28973,,,,,,,4.897784520607477,5.67079595854585,5.687598669194532,5.572692376113055,,,,,,,,,,,,,,4.863715638823836,5.641904974661644,5.733170079451179,6.265930908407851,"rgba(239, 83, 80, 0.75)",0.0,0.0,0.7375876677165463,5.711351294657047,-1.4931801911312514,0.0,0.0,0.0,0.0,0.0,0.0,0.0,0.0,37.88996933369409,-8.878786816294038,False,True,False,True,True,0.0,0,0.8507266502795953,1.1113999064303166,False,False,False,False,-0.31952036885412743,-0.3233835713970572,False,False,False,False,-74384,55708.112708150096,False,False,False,False,48197.06395976401,False,False,False,False
2023-05-08 00:00:00+00:00,4.66,4.7399,4.59,4.61,24122,,,,,,,4.892672190874052,5.664837237273538,5.6824817429417624,5.570070567860615,,,,,,,,,,,,,,4.858961542745561,5.6359716576998,5.730668162732515,6.263160894127911,"rgba(239, 83, 80, 0.5)",0.0,0.0,0.7397782234019776,5.7076285648914675,-1.416138690963077,0.0,0.0,0.0,0.0,0.0,0.0,0.0,0.0,39.48538916662969,-8.878786816294038,False,False,False,True,True,0.0,0,0.8530196913570989,1.1102446047481214,False,False,False,False,-0.3053612809201997,-0.3143724261586285,False,False,False,False,-50262,51552.422013712836,False,False,False,False,47252.94380447915,False,False,False,False
2023-05-09 00:00:00+00:00,5.23,5.28,4.53,4.69,66779,,,,,,,4.899540445630215,5.654341809864713,5.673353931980184,5.565662238977563,,,,,,,,,,,,,,4.868474343438445,5.625693304854294,5.726054054359509,6.257209042740056,#000000,0.0,0.0,0.7258080306095157,5.702755269787625,-0.6513502880239783,0.0,0.0,0.0,0.0,0.0,0.0,0.0,0.0,47.417648670528976,-7.204934841555371,True,False,False,False,True,0.0,0,0.8525472479263211,1.071042577608623,False,False,False,False,-0.2225286399414635,-0.26845053305004596,False,False,False,False,16517,50178.48389552802,False,False,False,False,48018.67149842115,False,False,False,False
2023-05-10 00:00:00+00:00,5.13,5.4,5.02,5.25,69916,,,,,,,4.915502063359521,5.646529406859518,5.666454130700289,5.562518749523238,,,,,,,,,,,,,,4.887557070379591,5.6181777978792615,5.722423574721004,6.2518814291448725,"rgba(38, 166, 154, 1.0)",0.0,0.0,0.7158938720480865,5.567256202221783,-0.6107835522754866,0.0,0.0,0.0,0.0,0.0,0.0,0.0,0.0,51.33743973584828,-3.835153844773629,True,False,True,False,True,0.0,0,0.8918285524740767,1.0562526139690507,False,False,False,False,-0.12132350289457532,-0.19488701797231064,False,False,False,False,-53399,46116.6217819779,False,False,False,False,48877.39026318895,False,False,False,False
2023-05-11 00:00:00+00:00,4.41,5.0,4.11,4.97,316560,,,,,,,4.832521096411194,5.566906249834503,5.596945416112187,5.5246235901335465,,,,,,,,,,4.506666666666667,,,,4.8055419684041745,5.538783249920838,5.6866835149944785,6.213540763304235,#000000,0.0,0.0,0.7219831796598017,5.488894238091048,-1.4943481627915804,0.0,0.0,0.0,0.0,0.0,0.0,0.0,0.0,47.25574866047913,-3.835153844773629,True,False,False,False,False,0.0,1,0.8149336697209555,1.09704182203801,False,False,False,False,-0.34282825441539394,-0.2688576361938523,False,False,False,False,-369959,29799.930731704255,False,False,False,False,59374.74750776978,False,False,False,False
2023-05-12 00:00:00+00:00,4.27,4.5,4.2,4.5,62868,,,,,,,4.812791456920146,5.549890610322611,5.581964685312354,5.516121657807426,,,,,,,,,,4.476289888990797,,,,4.785766954073225,5.521782422414937,5.678770146094619,6.205329629213764,"rgba(239, 83, 80, 0.5)",0.0,0.0,0.7336209591551195,5.475469652074546,-1.6431777705244888,0.0,0.0,0.0,0.0,0.0,0.0,0.0,0.0,43.65268962411179,-0.05412968989534761,True,False,False,True,False,0.0,1,0.8200635375813549,1.134954103937362,False,False,False,False,-0.34282825441539394,-0.3058429453046231,False,False,False,False,-432827,11657.698153990365,False,False,False,False,59511.737801582734,False,False,False,False
2023-05-15 00:00:00+00:00,4.14,4.29,4.1,4.19,78790,,,,,,,4.783331541335353,5.526739298180371,5.561549639401295,5.504345484956362,,,,,,,,,,4.424770058501994,,,,4.755992345623865,5.4986091688007255,5.667922200070206,6.1943449581680445,"rgba(239, 83, 80, 0.5)",0.0,0.0,0.7471522391510541,5.456653745891579,-1.7622295389057747,0.0,0.0,0.0,0.0,0.0,0.0,0.0,0.0,40.46509495642361,-2.7743896120007037,False,False,False,True,False,0.0,1,0.8087141263992998,1.1362314544248224,False,False,False,False,-0.34282825441539394,-0.3243355998600085,False,False,False,False,-511617,-8862.878244205334,False,False,False,False,60267.74808387361,False,False,False,False
2023-05-16 00:00:00+00:00,3.96,4.14,3.9,4.14,91654,,,,,,,4.743288512391256,5.4973733077290925,5.535599469636409,5.489116010990284,,,,,,,,,,4.353968353847199,,,,4.715316568239776,5.4691663988983175,5.654026816714859,6.1806097442790175,"rgba(239, 83, 80, 1.0)",0.0,0.0,0.7630102073868619,5.432319347300198,-1.9296194638634787,0.0,0.0,0.0,0.0,0.0,0.0,0.0,0.0,37.32126638405144,-5.5194865475642345,False,True,False,True,False,0.0,0,0.7894844661703,1.1519970048459334,False,False,False,False,-0.34282825441539394,-0.3335819271377012,False,False,False,False,-603271,-32173.000666001204,False,False,False,False,61498.581492349156,False,False,False,False
2023-05-17 00:00:00+00:00,4.01,4.13,3.935,3.95,103904,,,,,,,4.7039429777179365,5.465953000444993,5.507667029121882,5.472503405426938,,,,,,,,,,4.301685725182122,,,,4.675630874619889,5.437701840977626,5.638785537949206,6.165421392332716,"rgba(239, 83, 80, 1.0)",0.0,0.0,0.7781715228141441,5.4075896699077015,-1.7959917947826232,0.0,0.0,0.0,0.0,0.0,0.0,0.0,0.0,35.8383502941969,-6.800797300713349,False,True,False,True,False,0.0,0,0.8217221447658882,1.1510471128151505,False,False,False,False,-0.3382715755856482,-0.3359267513616747,False,False,False,False,-499367,-50494.33397321684,False,False,False,False,63161.53908088448,False,False,False,False
2023-05-18 00:00:00+00:00,3.92,4.1,3.9,4.1,47905,,,,,,,4.685946037717287,5.451410530099729,5.494696993449777,5.464701588845389,,,,,,,,,,4.279268528006317,,,,4.657496851370841,5.423138446852491,5.63163226869821,6.158323350596505,"rgba(239, 83, 80, 1.0)",0.0,0.0,0.7892348215857993,5.39622058907578,-1.8704453335062294,0.0,0.0,0.0,0.0,0.0,0.0,0.0,0.0,34.30025430253109,-8.275183042725175,False,True,False,True,False,0.0,0,0.8285219693498295,1.1236553274127736,False,False,False,False,-0.34282825441539394,-0.3393775028885343,False,False,False,False,-547272,-69975.81107230637,False,False,False,False,62563.24343065372,False,False,False,False
2023-05-19 00:00:00+00:00,3.88,3.98,3.87,3.9,31985,,,,,,,4.673390778374492,5.441448292950542,5.485803163400842,5.45931825910773,,,,,,,,,,4.263169848405133,,,,4.644828373191865,5.413157260779913,5.62670921415671,6.1534730693350435,"rgba(239, 83, 80, 1.0)",0.0,0.0,0.800172684065314,5.388366977431569,-1.88505182377414,0.0,0.0,0.0,0.0,0.0,0.0,0.0,0.0,33.025797087283166,-9.605430112630053,False,True,False,True,False,0.0,0,0.8424816548346883,1.1330929612791973,False,False,False,False,-0.34282825441539394,-0.3411028786519641,False,False,False,False,-579257,-89947.62240280416,False,False,False,False,61364.09662945161,False,False,False,False
2023-05-22 00:00:00+00:00,3.88,3.99,3.83,3.92,44001,,,,,,,4.656550537316206,5.427863925429176,5.4736533986770395,5.451925763519153,,,,,,,,,,4.2426214176504855,,,,4.627858514022891,5.399549691965042,5.6199433296145305,6.146805158916797,"rgba(239, 83, 80, 1.0)",0.0,0.0,0.812066699430711,5.37773152367677,-1.8443454518289395,0.0,0.0,0.0,0.0,0.0,0.0,0.0,0.0,32.17615894378456,-10.62769616546241,False,True,False,True,False,0.0,0,0.8728142488911595,1.1122463986871949,False,False,False,False,-0.34282825441539394,-0.34196556653367904,False,False,False,False,-579257,-109136.22544583144,False,False,False,False,60683.19087927704,False,False,False,False
2023-05-23 00:00:00+00:00,3.9,4.0,3.8388,3.9,92176,,,,,,,4.6241104224830405,5.400403079336681,5.448999599668271,5.436791676802595,,,,,,,,,,4.207684849948018,,,,4.595290656169666,5.372061558998236,5.6060455179448265,6.1330436123821634,"rgba(239, 83, 80, 1.0)",0.0,0.0,0.8198472720876211,5.356620705724606,-1.7766976305422533,0.0,0.0,0.0,0.0,0.0,0.0,0.0,0.0,31.940450584719258,-11.16353556749717,False,True,False,True,False,0.0,0,0.8989364239042307,1.0755234415987027,False,False,False,False,-0.3378457868561358,-0.33990567669490745,False,False,False,False,-487081,-123957.58915383805,False,False,False,False,61918.20300165834,False,False,False,False
2023-05-24 00:00:00+00:00,4.26,4.2921,3.95,3.99,183851,,,,,,,4.587549325534009,5.357378120985499,5.409852602259976,5.412372045600458,,,,,,,,,,4.200650038784189,,,,4.559647674972795,5.329212339189615,5.583056177552949,6.109183884922335,"rgba(239, 83, 80, 0.75)",0.0,0.0,0.8239338073649382,5.326857228654012,-1.294833661536451,0.0,0.0,0.0,0.0,0.0,0.0,0.0,0.0,36.8160116077729,-11.16353556749717,False,True,False,True,True,0.0,0,0.8956632390948681,1.0425219130118637,False,False,False,False,-0.23434993413019967,-0.28712780541255356,False,False,False,False,-303230,-130987.87977525617,False,False,False,False,66699.8813153188,False,False,False,False
2023-05-25 00:00:00+00:00,3.95,4.3,3.87,4.3,105006,,,,,,,4.5636104881534,5.331636668934409,5.386364625436453,5.397457622829729,,,,,,,,,,4.186091293662438,,,,4.536049390777635,5.303543619489326,5.569100631391029,6.094937649972219,"rgba(239, 83, 80, 0.75)",0.0,0.0,0.8296403866562518,5.308257942563601,-1.6371646853377846,0.0,0.0,0.0,0.0,0.0,0.0,0.0,0.0,37.386396007852746,-11.16353556749717,False,True,False,True,True,0.0,0,0.9019862001375245,1.037945669957241,False,False,False,False,-0.2524361127030844,-0.269781959057819,False,False,False,False,-408236,-141860.3550781873,False,False,False,False,68202.0820480514,False,False,False,False
2023-05-26 00:00:00+00:00,4.0,4.1,3.9,3.96,104084,,,,,,,4.540200321604872,5.306335122998482,5.363196017619902,5.382564361734696,,,,,,,,,,4.170752861904068,,,,4.512959373003208,5.278315341152578,5.5551591221462555,6.08073765467671,"rgba(239, 83, 80, 0.5)",0.0,0.0,0.833409949631097,5.289836690210278,-1.5476617369173653,0.0,0.0,0.0,0.0,0.0,0.0,0.0,0.0,38.37567599263228,-11.16353556749717,False,False,False,True,True,0.0,0,0.9042058849140696,1.0372141256936585,False,False,False,False,-0.2957526177018887,-0.2827672883798539,False,False,False,False,-304152,-148224.73331041526,False,False,False,False,69609.21608538272,False,False,False,False
2023-05-30 00:00:00+00:00,3.9,4.0,3.82,4.0,56821,,,,,,,4.526153362448563,5.291966013969598,5.350027938822442,5.374027212123265,,,,,,,,,,4.159381548746279,,,,4.499029969940392,5.263974804718084,5.54720175464097,6.072722504846306,"rgba(239, 83, 80, 0.75)",0.0,0.0,0.8396549484356035,5.279139551200577,-1.6425075011707018,0.0,0.0,0.0,0.0,0.0,0.0,0.0,0.0,38.209623582606255,-11.16353556749717,False,True,False,True,True,0.0,0,0.8965901227301287,1.0477319185829166,False,False,False,False,-0.34282825441539394,-0.3127977713976239,False,False,False,False,-360973,-156567.80259235975,False,False,False,False,69107.7174153677,False,False,False,False
2023-05-31 00:00:00+00:00,3.77,3.88,3.62,3.88,86516,,,,,,,4.501023989405132,5.268336800973196,5.328392410635954,5.359906948233239,,,,,,,,,,4.134603253892565,,,,4.4739387571575415,5.240356260837854,5.534137862586901,6.059794144139318,"rgba(239, 83, 80, 0.75)",0.0,0.0,0.8468904861287904,5.261022871948859,-1.7605852189513356,0.0,0.0,0.0,0.0,0.0,0.0,0.0,0.0,37.08021716796162,-11.16353556749717,False,True,False,True,True,0.0,0,0.8801353120219528,1.049724802472835,False,False,False,False,-0.34282825441539394,-0.3278130129065089,False,False,False,False,-447489,-167976.47700050252,False,False,False,False,69790.39516378466,True,False,False,False
2023-06-01 00:00:00+00:00,3.8,3.8799,3.6,3.84,46818,,,,,,,4.48815510957799,5.255877936796573,5.3169516710551346,5.352383634196576,,,,,,,,,,4.122531352910665,,,,4.461114530116849,5.227908923118774,5.527160514919277,6.052867925241512,"rgba(239, 83, 80, 0.75)",-1.0,1.754375,0.8519484398390007,5.128961345634357,-1.5599081863281554,0.0,0.0,0.0,0.0,0.0,0.0,0.0,0.0,36.76333061798764,-11.16353556749717,False,True,False,True,True,0.0,0,0.8738334234467195,1.0572180822304238,True,False,False,False,-0.34282825441539394,-0.33532063366095144,False,False,False,False,-400671,-177101.75241224753,False,False,False,False,68889.51692206762,False,False,False,False
2023-06-02 00:00:00+00:00,3.82,3.94,3.79,3.79,47575,,,,,,,4.477089272962532,5.244176098321279,5.30615811349206,5.345238967654434,,,,,,,,,,4.113890527756934,,,,4.450160267638143,5.2162356671766625,5.52048471540773,6.046147011788092,"rgba(239, 83, 80, 0.75)",0.0,0.0,0.8477524710976756,5.122826449952519,-1.5368005336104893,0.0,0.0,0.0,0.0,0.0,0.0,0.0,0.0,36.860880705415,-11.16353556749717,False,True,False,True,True,0.0,0,0.893957601891342,1.0455634361475687,False,False,False,False,-0.28471863033846345,-0.31001963199970745,False,False,False,False,-353096,-184003.48761176722,False,False,False,False,68053.65351335908,False,False,False,False
2023-06-05 00:00:00+00:00,3.84,3.9,3.7166,3.75,48914,,,,,,,4.465559769237803,5.232082118400209,5.294991377752716,5.337812236313528,,,,,,,,,,4.104576899023382,,,,4.438736343583597,5.204169465246918,5.513549316885059,6.0391822073836305,"rgba(239, 83, 80, 0.75)",0.0,0.0,0.8321072132930811,5.114323510134869,-1.5314414894827173,0.0,0.0,0.0,0.0,0.0,0.0,0.0,0.0,37.25541826807913,-11.16353556749717,False,True,False,True,True,0.0,0,0.8911067209230941,1.0480200864219882,False,False,False,False,-0.31081342939073986,-0.3104165306952237,False,False,False,False,-304182,-188716.37045052147,False,False,False,False,67303.07886577638,False,False,False,False
2023-06-06 00:00:00+00:00,4.065,4.15,3.84,3.84,60280,,,,,,,4.456109802098108,5.219521495072103,5.283287093167076,5.3299475137820345,,,,,,,,,,4.101347268469397,,,,4.429565463310776,5.191683355872152,5.506076619391838,6.031424426096087,"rgba(239, 83, 80, 0.5)",0.0,0.0,0.8179087098555805,5.108843360828471,-1.2762345580263892,0.0,0.0,0.0,0.0,0.0,0.0,0.0,0.0,40.878927419016414,-13.870988944526808,False,False,False,True,True,0.0,1,0.9065349958333657,1.0206462566490915,False,False,False,False,-0.22622782632019842,-0.26832217850771106,False,False,False,False,-243902,-190880.51278579514,False,False,False,False,67027.66400829495,False,False,False,False
2023-06-07 00:00:00+00:00,4.22,4.27,4.0401,4.15,63421,,,,,,,4.450033278570568,5.208289698670126,5.272715346103231,5.322760502249564,,,,,,,,,,4.104203560833226,,,,4.423892112262465,5.180562542630822,5.49912311482227,6.023963506027885,#000000,0.0,0.0,0.7984750499579606,5.105263425761912,-1.1086926583473344,0.0,0.0,0.0,0.0,0.0,0.0,0.0,0.0,45.192685896735675,-9.717454425715474,True,False,False,False,True,0.0,0,0.9193879686543216,1.0138590684659685,False,False,False,False,-0.1562113917300146,-0.21226678511886282,False,False,False,False,-180481,-190472.68875497964,False,False,False,False,66886.22620404809,False,False,False,False
2023-06-08 00:00:00+00:00,4.29,4.38,4.16,4.17,65551,,,,,,,4.446221995332073,5.198032761142941,5.262976205572896,5.316065445650102,,,,,,,,,,4.11070569408977,,,,4.420555366899563,5.170440884018831,5.492549659316064,6.016728748591652,#000000,0.0,0.0,0.7841436081472324,5.102274560149365,-1.0358747450210042,0.0,0.0,0.0,0.0,0.0,0.0,0.0,0.0,48.86453245144722,-6.326468935292311,True,False,False,False,True,0.0,0,0.9214788244530998,1.010006619763844,False,False,False,False,-0.10688400319131923,-0.15957539415509103,False,False,False,False,-114930,-187510.2303724314,False,False,False,False,66833.86439212464,False,False,False,False
2023-06-09 00:00:00+00:00,4.33,4.36,4.2301,4.25,37297,,,,,,,4.44449836390739,5.192483950813869,5.257685561191398,5.3124031953847535,,,,,,,,,,4.114821738175664,,,,4.419105848687413,5.1649725744260335,5.488932581640009,6.012709606733869,"rgba(38, 166, 154, 1.0)",0.0,0.0,0.7696493585621293,5.1004285937949865,-1.0010124548590709,0.0,0.0,0.0,0.0,0.0,0.0,0.0,0.0,51.771967149052344,-3.7121683852784457,True,False,True,False,True,0.0,0,0.9193504185165174,1.0375921010390485,False,False,False,False,-0.09621105826394277,-0.1278932262095169,False,False,False,False,-77633,-183201.3193774341,False,False,False,False,65675.55598459035,False,False,False,False
2023-06-12 00:00:00+00:00,4.31,4.38,4.25,4.3,27111,,,,,,,4.443330992922051,5.1885235957524305,5.253902983831893,5.309775208504217,,,,,,,,,,4.117806533069935,,,,4.418135977526595,5.161071332305339,5.486331839482375,6.009811263773749,"rgba(38, 166, 154, 1.0)",0.0,0.0,0.749713320585292,5.098979293813658,-1.052374650616734,0.0,0.0,0.0,0.0,0.0,0.0,0.0,0.0,53.383549841764484,-2.2861125323881737,True,False,True,False,True,0.0,0,0.8985076270719753,1.05113560375414,False,False,False,False,-0.08614767664263456,-0.10702045142607573,False,False,False,False,-104744,-180124.56175478964,False,False,False,False,64163.22045578289,False,False,False,False
2023-06-13 00:00:00+00:00,4.47,4.49,4.3797,4.38,52600,,,,,,,4.443385916720613,5.182095083122053,5.247677307802319,5.305392198231031,,,,,,,,,,4.1271253318266155,,,,4.418632925051839,5.154776999438502,5.481888050894214,6.004655504315648,"rgba(38, 166, 154, 1.0)",0.0,0.0,0.7276490900139708,5.097749426316094,-0.8627090103335955,0.0,0.0,0.0,0.0,0.0,0.0,0.0,0.0,56.34214134843138,0.4545822203510994,True,False,True,False,True,0.0,0,0.907955913242548,1.034638471281458,False,False,False,False,-0.03508240898364404,-0.07105143020485988,False,False,False,False,-52144,-175105.71619577828,False,False,False,False,63709.76083006591,False,False,False,False
2023-06-14 00:00:00+00:00,4.51,4.52,4.3401,4.44,53012,,,,,,,4.443609855205906,5.175815670747493,5.2415774135701545,5.301071254167434,,,,,,,,,,4.136278898290286,,,,4.419291912430297,5.148633757751724,5.47749118238612,5.999527227606745,"rgba(38, 166, 154, 1.0)",0.0,0.0,0.7054950150186589,5.096193499201889,-0.8308967274366719,0.0,0.0,0.0,0.0,0.0,0.0,0.0,0.0,58.74960864075985,2.673653357204685,True,False,True,False,True,0.0,0,0.9055962924165951,1.039702568009396,False,False,False,False,-0.03233081172092298,-0.051691120962891426,False,False,False,False,868,-168204.78614888503,False,False,False,False,63290.240797514314,False,False,False,False
2023-06-15 00:00:00+00:00,4.59,4.62,4.36,4.48,33120,,,,,,,4.444438903722747,5.1723058346938355,5.238133446171768,5.298605222721047,,,,,,,,,,4.142880562135867,,,,4.420405125101279,5.145214609807306,5.474941335125768,5.996478107400276,"rgba(38, 166, 154, 1.0)",0.0,0.0,0.680348499727193,5.095588302400413,-0.7431313548911256,0.0,0.0,0.0,0.0,0.0,0.0,0.0,0.0,61.21330950594745,4.969991689090065,True,False,True,False,True,0.0,0,0.9099209007112556,1.0311214237871975,False,False,False,False,0.006745768336134448,-0.02247267631337849,False,False,False,False,33988,-160275.6572803013,False,False,False,False,62107.094099572576,False,False,False,False
2023-06-16 00:00:00+00:00,4.58,4.63,4.465,4.58,24071,,,,,,,4.44529324229082,5.169914853118464,5.235772635443244,5.296903218096987,,,,,,,,,,4.14796749913059,,,,4.421469426429529,5.142891548120817,5.473164534444548,5.994322418502689,"rgba(38, 166, 154, 1.0)",0.0,0.0,0.637784559349084,5.0234669453497895,-0.6953240539444653,0.0,0.0,0.0,0.0,0.0,0.0,0.0,0.0,62.64350193077529,6.338202925301751,True,False,True,False,True,0.0,0,0.9225580397578298,1.0103526084123882,False,False,False,False,0.03257262741899216,0.005049975552806835,False,False,False,False,9917,-153601.43542617184,False,False,False,False,60615.48256625601,False,False,False,False
2023-06-20 00:00:00+00:00,4.34,4.58,4.34,4.58,38790,,,,,,,4.444991150155374,5.1652380618889415,5.2312326859091,5.293666233185406,,,,,,,,,,4.153231249676799,,,,4.421451378891777,5.138309624764152,5.469884922847076,5.990528788025054,"rgba(38, 166, 154, 0.75)",0.0,0.0,0.6048583558409287,5.017482402317043,-1.1200678568375664,0.0,0.0,0.0,0.0,0.0,0.0,0.0,0.0,59.17171138066455,6.338202925301751,True,False,True,False,False,0.0,0,0.9164682883763458,1.0126357774589712,False,False,False,False,-0.006723364001938611,-0.0008366942245658878,False,False,False,False,-28873,-148710.12423298863,False,False,False,False,59759.581289147936,False,False,False,False
2023-06-21 00:00:00+00:00,4.27,4.325,4.2,4.28,27777,,,,,,,4.443464803943,5.161235631444324,5.227397363517423,5.290954277573334,,,,,,,,,4.265000000000001,4.154758760000617,,,,4.420087385874882,5.134363763906042,5.467204088693819,5.98755643516904,"rgba(38, 166, 154, 0.75)",0.0,0.0,0.5691713986850022,5.012050800842067,-1.3037387376745928,0.0,0.0,0.0,0.0,0.0,0.0,0.0,0.0,55.794276429364686,12.46789978063999,True,False,True,False,False,0.0,0,0.9042292102096395,1.0380248907467224,False,False,False,False,-0.09568465993626936,-0.048260677080417626,False,False,False,False,-56650,-145099.92328267536,False,False,False,False,58505.362415063704,False,False,False,False
2023-06-22 00:00:00+00:00,4.19,4.23,4.12,4.22,30275,,,,,,,4.441051968594369,5.156503692575999,5.22288550372925,5.287771128719062,,,,,,,,,4.220671208571626,4.1551292289566,,,,4.4178274632590515,5.12968692091552,5.464090088147476,5.984169130849463,"rgba(38, 166, 154, 0.75)",0.0,0.0,0.5243366723260031,5.006172529202042,-1.556581052363606,0.0,0.0,0.0,0.0,0.0,0.0,0.0,0.0,52.377441553006015,9.29702908500343,True,False,True,False,False,0.0,0,0.8879108167210727,1.0463743542610846,False,False,False,False,-0.1355013356532676,-0.09188100636684261,False,False,False,False,-86925,-142818.5537421783,False,False,False,False,57398.28937917885,False,False,False,False
2023-06-23 00:00:00+00:00,4.02,4.0928,3.97,4.09,37420,,,,,,,4.436424308811505,5.149814689500459,5.216555131963704,5.28332405215359,,,,,,,,4.0276000000000005,4.144997454751132,4.1528569451051105,,,,4.413339615663387,5.1230517557807795,5.459807593024546,5.979647736205146,#000000,0.0,0.0,0.5020074386584613,4.997437288825283,-1.9470573811362968,0.0,0.0,0.0,0.0,0.0,0.0,0.0,0.0,47.93129831389983,5.199995476546519,True,False,False,False,False,0.0,0,0.8994859481758413,1.0431303983498776,False,False,False,False,-0.201846624951938,-0.1468638156593903,False,False,False,False,-124345,-142094.10065424975,False,False,False,False,56614.827050583604,False,False,False,False
2023-06-26 00:00:00+00:00,4.1,4.17,3.97,3.97,44072,,,,,,,4.431786904056541,5.142400702377413,5.20950971807331,5.278343409890908,,,,,,,,4.055938644284102,4.124469393166313,4.151359457068793,,,,4.408884867706931,5.1157077654524254,5.454979790090071,5.974491546751571,"rgba(239, 83, 80, 0.5)",0.0,0.0,0.47823320670982283,4.9901451709436415,-1.8613202898805699,0.0,0.0,0.0,0.0,0.0,0.0,0.0,0.0,46.366112725869456,3.805771009840484,False,False,False,True,False,0.0,0,0.8937095567912074,1.0323626963223103,False,False,False,False,-0.18386358365558897,-0.16536369965748965,False,False,False,False,-80273,-139669.74376584782,False,False,False,False,56122.951479972486,False,False,False,False
2023-06-27 00:00:00+00:00,4.05,4.2,4.0262,4.2,7202,,,,,,,4.431066133463033,5.141212557193205,5.208378901808503,5.277541574030231,,,,,,,,4.058872258927699,4.122879132196676,4.151160971748828,,,,4.4081944859923645,5.114531338660045,5.454200962569541,5.973656960524154,"rgba(239, 83, 80, 0.5)",0.0,0.0,0.46193021390950656,4.989087015705064,-2.032962961563355,0.0,0.0,0.0,0.0,0.0,0.0,0.0,0.0,44.671372228600625,2.164324713708986,False,False,False,True,False,0.0,0,0.8857248459958932,1.043375770020534,False,False,False,False,-0.16392157061004195,-0.1646426351337658,False,False,False,False,-87475,-137622.8910691479,False,False,False,False,54204.482794483374,False,False,False,False
2023-06-28 00:00:00+00:00,4.0,4.16,3.99,4.03,23443,,,,,,,4.428452485608358,5.137209283379348,5.204575702098702,5.274846682682725,,,,,,,,4.057017453055935,4.1128402607297385,4.150070554086757,,,,4.405671653123875,5.11056386466564,5.451593876447316,5.970884821830971,"rgba(239, 83, 80, 0.5)",0.0,0.0,0.46145419379710145,4.985348684015047,-2.135312014193762,0.0,0.0,0.0,0.0,0.0,0.0,0.0,0.0,42.889901552194374,0.36018221987339416,False,False,False,True,False,0.0,0,0.8753569971440228,1.0398286413708693,False,False,False,False,-0.18154299053244152,-0.17309281283310368,False,False,False,False,-110918,-136575.64043898525,False,False,False,False,52998.15013587619,False,False,False,False
2023-06-29 00:00:00+00:00,4.18,4.18,3.98,3.98,12988,,,,,,,4.427259587225362,5.135132455245771,5.202594359624521,5.273435671534985,,,,,,,,4.062863052680653,4.112875221598054,4.149852467253359,,,,4.40453535298548,5.108508994078248,5.450218728633467,5.969402949871187,"rgba(239, 83, 80, 0.5)",0.0,0.0,0.4601001164062849,4.983699191394627,-1.7467919757814885,0.0,0.0,0.0,0.0,0.0,0.0,0.0,0.0,44.89597957972201,0.36018221987339416,False,False,False,True,False,0.0,0,0.8811174551386622,1.040220228384992,False,False,False,False,-0.17922432987443987,-0.17615857135377178,False,False,False,False,-97930,-135060.12512765249,False,False,False,False,51429.124640351634,False,False,False,False
2023-06-30 00:00:00+00:00,4.29,4.3,4.1,4.18,30876,,,,,,,4.425500227404467,5.130788803999033,5.198414340255763,5.270430991220299,,,,,,,,4.095943099510046,4.12976984422861,4.150967803846698,,,,4.402937359921115,5.104226550461398,5.447245245028676,5.96611044881502,#000000,0.0,0.0,0.45710647920729924,4.981274526952227,-1.512283370279535,0.0,0.0,0.0,0.0,0.0,0.0,0.0,0.0,47.86773668996902,0.36018221987339416,True,False,False,False,True,0.0,0,0.8910098522167487,1.0367898193760265,False,False,False,False,-0.12408695929499662,-0.1501227653243842,False,False,False,False,-67054,-132393.21825990142,False,False,False,False,50623.119752494706,False,False,False,False
2023-07-03 00:00:00+00:00,4.28,4.4099,4.201,4.39,17908,,,,,,,4.424838744953629,5.128474421332785,5.196172875585441,5.2688078588148075,,,,,,,,4.116643178520567,4.142677879183713,4.152136765010523,,,,4.4023775982129845,5.101950621412608,5.445621777657493,5.964279951969428,#000000,0.0,0.0,0.45652312138633244,4.980303061442363,-1.5339925375865728,0.0,0.0,0.0,0.0,0.0,0.0,0.0,0.0,49.67840813773749,0.36018221987339416,True,False,False,False,True,0.0,0,0.9089202501889706,1.0231084235270664,False,False,False,False,-0.07625817234267845,-0.11319046883353133,False,False,False,False,-84962,-130533.17048500333,False,False,False,False,49340.173879847855,False,False,False,False
2023-07-05 00:00:00+00:00,4.2999,4.38,4.2,4.38,26352,,,,,,,4.423850088389313,5.1250771110923825,5.192881341846979,5.266420229484368,,,,,,,,4.139889145332009,4.158043711053386,4.153780575629748,,,,4.401536286778673,5.098609634771896,5.4432335277742805,5.961587718713014,#000000,0.0,0.0,0.45498418341775354,4.97878546292097,-1.4921078306971318,0.0,0.0,0.0,0.0,0.0,0.0,0.0,0.0,51.20282408660379,-6.046429037586968,True,False,False,False,True,0.0,0,0.9229580775652261,0.9998421782721015,False,False,False,False,-0.08323890698613672,-0.09821468790983402,False,False,False,False,-58610,-127712.65399539536,False,False,False,False,48438.67686495186,False,False,False,False
2023-07-06 00:00:00+00:00,3.98,4.29,3.96,4.26,53052,,,,,,,4.418675013430241,5.116561114831675,5.18474869720263,5.260586495704469,,,,,,,,4.126648297297547,4.144178263881083,4.152014182778177,,,,4.396568914653344,5.09017956298771,5.437555248547876,5.955493523188023,#000000,0.0,0.0,0.4577162643951506,4.895115952564152,-1.9993083570526646,0.0,0.0,0.0,0.0,0.0,0.0,0.0,0.0,47.42792844975424,-6.046429037586968,False,False,False,False,True,0.0,0,0.9096700908731725,1.0064368497300145,False,False,False,False,-0.15843887905448906,-0.12832678348216153,False,False,False,False,-111662,-127083.21658381123,False,False,False,False,48619.59149769885,False,False,False,False
2023-07-07 00:00:00+00:00,4.13,4.195,4.015,4.04,30695,,,,,,,4.416064173723878,5.111868301512327,5.180251096555108,5.257340974921257,,,,,,,,4.125209243401595,4.141410371864585,4.151508243403653,,,,4.394085174915263,5.085539446989164,5.434379327662873,5.952053947735421,#000000,0.0,0.0,0.4575404937014166,4.892470016523924,-1.6664536298321595,0.0,0.0,0.0,0.0,0.0,0.0,0.0,0.0,47.320698599728146,-6.046429037586968,False,False,False,False,True,0.0,0,0.9175961268362002,1.0072869677291432,False,False,False,False,-0.167659061991219,-0.14799292273669026,False,False,False,False,-80967,-125274.73750209315,False,False,False,False,47916.66634092635,False,False,False,False
2023-07-10 00:00:00+00:00,4.28,4.32,4.2,4.2,21583,,,,,,4.266666666666667,4.4151713240073365,5.109097457146208,5.177562436597136,5.255374279158633,,,,,,,,4.135199968149149,4.1488446043693035,4.1525577046468305,,,,4.393304329016743,5.082813514388355,5.4324134463170894,5.949844155032246,#000000,0.0,0.0,0.45648287570178187,4.892988543244367,-1.342851125142379,0.0,0.0,0.0,0.0,0.0,0.0,0.0,0.0,49.308545523739056,-6.046429037586968,True,False,False,False,True,0.0,0,0.9327138100680813,0.9828720038430323,False,False,False,False,-0.09681750124730043,-0.12240521199199535,False,False,False,False,-59384,-122690.787011815,False,False,False,False,46883.973543242966,False,False,False,False
2023-07-11 00:00:00+00:00,4.395,4.4399,4.28,4.35,18802,,,,,,4.315535882134456,4.414945827176669,5.106997326063196,5.175501501764858,5.253848565369753,,,,,,,,4.148903778441582,4.159797483036776,4.154283235670565,,,,4.393189251210254,5.0807570890305005,5.430859977832949,5.948043571361028,#000000,0.0,0.0,0.45524279923950345,4.894291863670597,-1.0967594973598251,0.0,0.0,0.0,0.0,0.0,0.0,0.0,0.0,52.03009461728398,-4.862193073476618,True,False,False,False,True,0.0,0,0.9395162303138893,0.977670236191465,False,False,False,False,-0.05168812187562673,-0.08704666693381104,False,False,False,False,-40582,-119470.83457997911,False,False,False,False,45782.71967880207,False,False,False,False
2023-07-12 00:00:00+00:00,4.63,4.65,4.43,4.49,62774,,,,,,4.4703816109113115,4.417581464204486,5.10193973521473,5.170375647632735,5.249929453116776,,,,,,,,4.217178952235082,4.217634306711977,4.164935182347579,,,,4.396269351830576,5.075873367686551,5.42667139509841,5.942814364049424,"rgba(38, 166, 154, 1.0)",0.0,0.0,0.45463243498908384,4.902485496554341,-0.5993534019650049,0.0,0.0,0.0,0.0,0.0,0.0,0.0,0.0,56.22240016477971,-0.778655779908064,True,False,True,False,True,0.0,0,0.9441912582471338,0.9580389172736168,False,False,False,False,0.029202178591605454,-0.02892224417110279,False,False,False,False,22192,-113915.42930233288,False,False,False,False,46449.04439728041,False,False,False,False
2023-07-13 00:00:00+00:00,4.68,4.68,4.53,4.64,37891,,,,,,4.513260734491316,4.419738798991944,5.09927194042283,5.167628452382102,5.247792344726725,,,,,,,,4.253979112027065,4.24997673076525,4.172018482755719,,,,4.398701473908861,5.073314752807844,5.424338493323566,5.9398142422765705,"rgba(38, 166, 154, 1.0)",0.0,0.0,0.4541016865801253,4.9063837783917705,-0.49853102307697744,0.0,0.0,0.0,0.0,0.0,0.0,0.0,0.0,59.462953181425334,2.310791418586774,True,False,True,False,True,0.0,0,0.9399097054118122,0.9621566837260342,False,False,False,False,0.058443007651655283,0.014760381740276246,False,False,False,False,60083,-107091.96148655513,False,False,False,False,46113.43481307334,False,False,False,False
2023-07-14 00:00:00+00:00,4.33,4.68,4.27,4.6,37469,,,,,,4.49508567678137,4.419807683397438,5.095533062472468,5.163922090934298,5.245002680209825,,,,,,,,4.267968414240322,4.26269409971077,4.175796871041662,,,,4.398986298579014,5.069666037556466,5.42145787840891,5.936402528653682,"rgba(38, 166, 154, 1.0)",0.0,0.0,0.4528063040220636,4.9058119825898245,-1.271651868525592,0.0,0.0,0.0,0.0,0.0,0.0,0.0,0.0,56.6701028405959,2.310791418586774,True,False,True,False,True,0.0,0,0.9302476808218164,0.9545795023335834,False,False,False,False,1.1201659045637574e-05,0.007385791699660942,False,False,False,False,22614,-102005.45319296473,False,False,False,False,45774.43736942341,False,False,False,False
2023-07-17 00:00:00+00:00,4.49,4.59,4.3,4.3,37124,,,,,,4.489045505457322,4.420199776768705,5.09205196273769,5.160450631042198,5.242369159554313,,,,,,,,4.282236334428098,4.275827943786089,4.179914426005886,,,,4.399595848439279,5.066276617027181,5.418715232219721,5.933111667084853,"rgba(38, 166, 154, 1.0)",0.0,0.0,0.450497406525771,4.905570158207749,-0.9224695906966912,0.0,0.0,0.0,0.0,0.0,0.0,0.0,0.0,56.46773895750955,2.310791418586774,True,False,True,False,True,0.0,0,0.9301148450936122,0.9631745824741008,False,False,False,False,-0.013458539586127402,-0.00303637394323323,False,False,False,False,59738,-95662.57267559356,False,False,False,False,45435.20453140681,False,False,False,False
2023-07-18 00:00:00+00:00,4.43,4.6759,4.41,4.59,58010,,,,,,4.492491194809972,4.421477553268039,5.087072532734666,5.155440571041004,5.238525444202842,,,,,,,,4.305440258030118,4.297447877068266,4.1871177767796235,,,,4.401220628666879,5.061445252694233,5.414661786841938,5.928155866257831,"rgba(38, 166, 154, 0.75)",0.0,0.0,0.4428979030947483,4.905809473726934,-1.0743096104140846,0.0,0.0,0.0,0.0,0.0,0.0,0.0,0.0,55.57985793405002,2.310791418586774,True,False,True,False,False,0.0,0,0.95318859144196,0.9466784492403483,False,False,False,False,0.03052780508882356,0.013745715572795166,False,False,False,False,1728,-91843.33453145264,False,False,False,False,45928.33376546929,False,False,False,False
2023-07-19 00:00:00+00:00,4.46,4.65,4.43,4.49,48216,,,,,,4.495613348701905,4.422609777830385,5.083053927806318,5.151385056505682,5.235395720390668,,,,,,,,4.321984494762688,4.3131259588500175,4.1930117849991815,,,,4.402634898809639,5.057549558765145,5.411349495408878,5.924085981569152,"rgba(38, 166, 154, 0.75)",0.0,0.0,0.43274706066208113,4.905781213778338,-1.0301195647552537,0.0,0.0,0.0,0.0,0.0,0.0,0.0,0.0,55.32178557147434,2.310791418586774,True,False,True,False,False,0.0,0,0.9539993189888604,0.9585069641496278,False,False,False,False,0.029202178591605454,0.02147394708220031,False,False,False,False,49944,-86283.04690276823,False,False,False,False,46018.046166823435,False,False,False,False
2023-07-20 00:00:00+00:00,4.5,4.7077,4.43,4.54,42027,,,,,,4.501421044016239,4.4239203193546945,5.079794409874336,5.148069971240372,5.232811728854848,,,,,,,,4.336509018362802,4.326983472104966,4.198483131037711,,,,4.404193036903351,5.054399322171578,5.408586147947137,5.920639010764609,"rgba(38, 166, 154, 0.75)",0.0,0.0,0.4245781513688369,4.906011257610667,-0.9562697852013581,0.0,0.0,0.0,0.0,0.0,0.0,0.0,0.0,55.61400317976154,2.310791418586774,True,False,True,False,False,0.0,0,0.9512613942739762,0.9575041725510336,False,False,False,False,0.04217148227326673,0.031822714677733524,False,False,False,False,91971,-79292.69212226752,False,False,False,False,45861.53455243821,False,False,False,False
2023-07-21 00:00:00+00:00,4.53,4.57,4.4001,4.54,17588,,,,,,4.501357064778602,4.4242574059464665,5.078325854720521,5.146588528239697,5.231664263357062,,,,,,,,4.340830731699254,4.331189990242473,4.200427129409537,,,,4.40462727662501,5.052974575605452,5.407373730767602,5.919153632529188,"rgba(38, 166, 154, 0.75)",0.0,0.0,0.4112628104173675,4.905780696169911,-0.9137239902352273,0.0,0.0,0.0,0.0,0.0,0.0,0.0,0.0,56.17082630345876,2.310791418586774,True,False,True,False,False,0.0,0,0.9514151300674111,1.0124723327975225,False,False,False,False,0.004523323627075876,0.0181730191524047,False,False,False,False,109559,-71886.74341159036,False,False,False,False,44752.76849155828,False,False,False,False
2023-07-24 00:00:00+00:00,4.46,4.69,4.45,4.63,58415,,,,,,4.505603252489019,4.425838573077509,5.073779102864609,5.141967383664938,5.2280511354903245,,,,,,,,4.356364549543887,4.346290786302947,4.20740568275773,,,,4.406535378559774,5.048576514910694,5.403516987336349,5.9143577031823105,"rgba(38, 166, 154, 0.75)",0.0,0.0,0.403111404524378,4.905485114656024,-1.1051166244766548,0.0,0.0,0.0,0.0,0.0,0.0,0.0,0.0,55.39957181095253,2.310791418586774,True,False,True,False,False,0.0,0,0.9133559864762438,1.012621036764518,False,False,False,False,0.31314583321157324,0.16565942618198898,False,False,False,False,51144,-67062.00837584173,False,False,False,False,45288.54227620305,False,False,False,False
2023-07-25 00:00:00+00:00,4.45,4.64,4.45,4.55,41665,,,,,,4.506272060411493,4.426733959736776,5.070463865149606,5.138606718314325,5.225423265327275,,,,,,,,4.364907318057609,4.354741035108253,4.211912437001431,,,,4.407652870244174,5.045364763668651,5.4007241145103775,5.910907951240905,"rgba(38, 166, 154, 0.75)",0.0,0.0,0.39574954240462806,4.904878050723234,-1.1494089114022283,0.0,0.0,0.0,0.0,0.0,0.0,0.0,0.0,54.71818494131674,2.310791418586774,True,False,True,False,False,0.0,1,0.9984054690578518,0.9934202688709071,False,False,False,False,0.2922694000886695,0.22896441313532923,False,False,False,False,9479,-64060.4002042401,False,False,False,False,45146.442579097056,False,False,False,False
2023-07-26 00:00:00+00:00,4.44,4.61,4.43,4.53,34773,,,,,,4.505400694701329,4.427297955723803,5.067628642806331,5.135740504913747,5.22318364769433,,,,,,,,4.370487109059218,4.360355302150404,4.215330383990004,,,,4.4083946206849625,5.042613983833904,5.39835437289572,5.90800080205331,"rgba(38, 166, 154, 0.75)",0.0,0.0,0.38804827106151735,4.904106487725047,-1.1960019470141419,0.0,0.0,0.0,0.0,0.0,0.0,0.0,0.0,54.083549537454914,2.310791418586774,True,False,True,False,False,0.0,1,0.9881952873808176,0.9497975408393022,False,False,False,False,0.2716378387696013,0.25030112595246523,False,False,False,False,-25294,-62540.14921583852,False,False,False,False,44739.64090932855,False,False,False,False
2023-07-27 00:00:00+00:00,4.35,4.5428,4.27,4.47,36881,,,,,,4.4975473576420155,4.4269445682261885,5.064103767005478,5.132232442986292,5.220481226462161,,,,,,,,4.371240956324815,4.361477648171853,4.217521268657016,,,,4.408205422027913,5.039170374440376,5.3955623981141585,5.904700935369915,#000000,0.0,0.0,0.37769341223644043,4.902143878971751,-1.461883795384027,0.0,0.0,0.0,0.0,0.0,0.0,0.0,0.0,52.05411951140264,6.7347033296784105,True,False,False,False,False,0.0,1,0.9827679745473604,0.937048854723175,False,False,False,False,0.18040784640124077,0.215354486176853,False,False,False,False,-62175,-62525.829638746814,False,False,False,False,44431.45891288429,False,False,False,False
2023-07-28 00:00:00+00:00,4.62,4.64,4.31,4.43,97041,,,,,,4.50139551178838,4.429150575876685,5.056827661375095,5.1248115433732435,5.214598745712314,,,,,,,,4.387038577729921,4.377305862227772,4.227423273517962,,,,4.410897117005638,5.032132168096364,5.389268728667626,5.896857125352429,"rgba(38, 166, 154, 1.0)",0.0,0.0,0.3681521015328066,4.900571420545366,-0.7621073447012868,0.0,0.0,0.0,0.0,0.0,0.0,0.0,0.0,54.71287886231965,6.7347033296784105,True,False,True,False,True,0.0,1,1.0047970378747115,0.9150212948354325,False,False,False,False,0.23505007120205024,0.2252022786894516,False,False,False,False,34866,-58706.54220193322,False,False,False,False,46494.57817120256,False,False,False,False
2023-07-31 00:00:00+00:00,4.76,4.76,4.59,4.62,57124,,,,,,4.517702796693353,4.4327953630378785,5.054049831782255,5.121809305551138,5.21207181385192,,,,,,,,4.405263497684903,4.395052412787862,4.236324643029119,,,4.703333333333333,4.414867234385591,5.029512363768526,5.386367518688599,5.892880973271251,"rgba(38, 166, 154, 1.0)",0.0,0.0,0.3666371682007501,4.862843132955797,-0.280503838332851,-1.0,4.76,4.59,0.0,0.0,0.0,0.0,0.0,58.03894597895061,3.2924897315240287,True,False,True,False,True,1.1433445534448268,1,1.0272026763923547,0.9029442144038903,False,False,False,False,0.3428281752049222,0.2840152269471869,False,False,False,False,91990,-52796.87388028878,False,True,False,False,46911.4182429201,False,True,False,False
2023-08-01 00:00:00+00:00,4.51,4.64,4.47,4.61,88680,,,,,,4.52018666541886,4.434962974903612,5.047854430095492,5.115446016855764,5.2069544024144125,,,,,,,,4.4163261343312925,4.406346404767615,4.2448934022187395,,,4.603991751483727,4.417450044176561,5.023531411293105,5.380846493351664,5.885920187188282,"rgba(38, 166, 154, 1.0)",0.0,0.0,0.36073002076489263,4.8566036407161635,-0.9608394665385062,0.0,0.0,0.0,0.0,-1.0,4.59,4.54,0.0,56.23768440562773,3.2924897315240287,True,False,True,False,True,0.0,1,1.0083952094722624,0.9010163099155947,False,False,False,False,0.2504042072678573,0.26720971710752206,False,False,False,False,3310,-50596.604316355886,False,False,False,False,48549.40184123696,False,False,False,False
2023-08-02 00:00:00+00:00,4.4,4.54,4.3171,4.54,91491,,,,,,4.509759559568583,4.4346374679081375,5.040131586383855,5.107675546727585,5.200812941646239,,,,,,,,4.416537548105293,4.40729039188992,4.2498194329109324,,,4.532679542482282,4.417483057038615,5.01600628094106,5.374416786723273,5.878174699673971,"rgba(38, 166, 154, 0.75)",0.0,0.0,0.34993445273989987,4.849057624061574,-1.2832621096481474,0.0,0.0,0.0,0.0,0.0,0.0,0.0,0.0,53.58523239570712,3.2924897315240287,True,False,True,False,False,0.0,1,0.9972808040922551,0.9002243560979987,False,False,False,False,0.15732993328410658,0.21226982519581433,False,False,False,False,-88181,-52070.50218630272,False,False,False,False,50233.38608275708,False,False,False,False
2023-08-03 00:00:00+00:00,4.23,4.49,4.1,4.48,120434,,,,,,4.481511449342651,4.430412308317465,5.027932226518888,5.0955984313305995,5.191393377863015,,,,,,,,4.403188701513008,4.395340457968901,4.250663576531317,,,4.445367355456225,4.413632282476485,5.00403257750143,5.364812028389862,5.867097070593147,#000000,0.0,0.0,0.33978249448244907,4.835846845315037,-1.7830431383401666,0.0,0.0,0.0,0.0,0.0,0.0,0.0,0.0,49.83247982274362,5.112372293225455,False,False,False,False,False,0.0,1,0.981763826606876,0.9075178053284095,False,False,False,False,0.061857784021137306,0.1370638046084758,False,False,False,False,-208615,-58209.50210056536,False,False,False,False,52986.351334413666,False,False,False,False
2023-08-04 00:00:00+00:00,4.15,4.4485,4.15,4.23,59710,,,,,,4.468536428653047,4.42809299195746,5.021840189656259,5.089569612482657,5.186674433965536,,,,,,,,4.396399686470282,4.38916341641615,4.250643228487411,,,4.417350711600976,4.411486863895334,4.998049161736061,5.360009318285602,5.861580117505169,"rgba(239, 83, 80, 1.0)",0.0,0.0,0.33093294678594215,4.829965988891269,-2.054694147243949,0.0,0.0,0.0,0.0,0.0,0.0,0.0,0.0,46.48410193806873,2.0915875647024933,False,True,False,True,False,0.0,1,0.9855607586248838,0.9130952277525347,False,False,False,False,0.06486968590167402,0.10096674525507492,False,False,False,False,-268325,-66449.32554760201,False,False,False,False,53250.023831103324,False,False,False,False
2023-08-07 00:00:00+00:00,4.33,4.44,4.15,4.2,36511,,,,,,4.463184156682899,4.427148517615403,5.018434096799786,5.086173298634209,5.1839867524785,,,,,,,,4.394039650333245,4.387080789442812,4.251235955635404,,,4.408448442266035,4.410655708436003,4.994712859100189,5.357243050127653,5.858344128419611,"rgba(239, 83, 80, 1.0)",0.0,0.0,0.3166337710954991,4.827274691292226,-1.5705042755601846,0.0,0.0,0.0,0.0,0.0,0.0,0.0,0.0,46.84700596739624,2.0915875647024933,False,True,False,True,False,0.0,1,0.9800669693729073,0.9430497361546957,False,False,False,False,0.061857784021137306,0.08141226463810611,False,False,False,False,-231814,-72934.2147418137,False,False,False,False,52593.59152400124,False,False,False,False
2023-08-08 00:00:00+00:00,4.15,4.25,4.11,4.24,70661,,,,,,4.445550983910277,4.4233349757672595,5.0106852949041825,5.078545440743259,5.1780284828898155,,,,,,,,4.383188252387566,4.376968822731877,4.249605959062484,,,4.376331301415081,4.40701843899256,4.987082081487184,5.351239355871935,5.851571267506243,"rgba(239, 83, 80, 1.0)",0.0,0.0,0.31019734803490284,4.819492425622467,-2.1582790112929557,0.0,0.0,0.0,0.0,0.0,0.0,0.0,0.0,45.11436599110276,0.8804310597038736,False,True,False,True,False,0.0,1,0.9761211623296601,0.9525102248575662,False,False,False,False,-0.01939554555479724,0.031008359541654436,False,False,False,False,-302475,-81935.81416370336,False,False,False,False,53302.11734658943,False,False,False,False
2023-08-09 00:00:00+00:00,4.1,4.165,4.0832,4.15,104570,,,,,,4.418621878165448,4.416736231627198,4.998755000530304,5.066830903722581,5.168873367184511,,,,,,,,4.365322033479847,4.360143328769658,4.245755019518698,,,4.333075270391191,4.400653110172108,4.975316515503439,5.342064568945861,5.8413290576687915,"rgba(239, 83, 80, 1.0)",0.0,0.0,0.3065572123725298,4.807502953927409,-2.3078985760988977,0.0,0.0,0.0,0.0,0.0,0.0,0.0,0.0,43.45041839235368,-0.7657132120103185,False,True,False,True,False,0.0,1,0.970740072202166,0.9416245487364621,False,False,False,False,-0.05891790288213134,-0.013954771670238453,False,False,False,False,-407045,-94685.19400042087,False,False,False,False,55312.62254868396,False,False,False,False
2023-08-10 00:00:00+00:00,3.74,4.12,3.7,3.97,220584,,,,,,4.3354941359604915,4.392319472685284,4.9674151298064695,5.036454927138987,5.1453770899696165,,,,,,,,4.302017947323815,4.299454361256055,4.223252489412098,,,4.2085427285190615,4.376508836942375,4.944232404265514,5.319097826326568,5.816884786895467,"rgba(239, 83, 80, 1.0)",0.0,0.0,0.30820559791110613,4.771793239219318,-3.3477433447425944,0.0,0.0,0.0,0.0,0.0,0.0,0.0,0.0,39.332180028442636,-4.689064635033333,False,True,False,True,False,0.0,0,0.9445759717314488,0.9380035335689045,False,False,False,False,-0.21314115256802063,-0.11354796211912954,False,False,False,False,-627629,-115584.95109844359,False,False,False,False,61793.85303697086,False,False,False,False
2023-08-11 00:00:00+00:00,3.61,3.77,3.53,3.7,145522,,,,,,4.2736941188314805,4.3713154090517214,4.943820500709655,5.013714685768618,5.1278072332034075,,,,,,,,4.251838864974324,4.250928551366149,4.2018709749825085,,,4.124928104523286,4.355586597553758,4.920762878235922,5.302147526063122,5.799341638334881,"rgba(239, 83, 80, 1.0)",0.0,0.0,0.3157840865567503,4.744490306452652,-3.592613924352296,0.0,0.0,0.0,0.0,0.0,0.0,0.0,0.0,35.73636316614972,-8.015968475866366,False,True,False,True,False,0.0,0,0.9488120567375886,0.9599468085106383,False,False,False,False,-0.34282825441539394,-0.22818810826726174,False,False,False,False,-773151,-141371.854976936,False,False,False,False,65077.30978061906,False,False,False,False
2023-08-14 00:00:00+00:00,3.77,3.794,3.54,3.59,60387,,,,,,4.253433563021916,4.363675673186349,4.934745633968876,5.00492669357189,5.120946867594987,,,,,,,,4.235133154835578,4.234723219399024,4.194412697665786,,,4.100697501659289,4.347997974178295,4.911747383939217,5.295482775134637,5.792359605522979,"rgba(239, 83, 80, 1.0)",0.0,0.0,0.32039895421649195,4.734796764387039,-3.0112356850426263,0.0,0.0,0.0,0.0,0.0,0.0,0.0,0.0,35.72009336621263,-8.01768364862778,False,True,False,True,False,0.0,0,0.9513599488186526,0.9577131889711306,False,False,False,False,-0.33059316309388026,-0.279390635680571,False,False,False,False,-712764,-163779.3900758797,False,False,False,False,64893.376063732045,False,False,False,False
2023-08-15 00:00:00+00:00,3.51,3.7593,3.4404,3.74,132431,,,,,,4.204193568502575,4.344310012292002,4.91322887288105,4.984158222401398,5.104758687330537,,,,,,,,4.1936241771784895,4.194344282197712,4.174650985339674,,,4.04153266021662,4.3286965804452535,4.890338345520592,5.2798700859260235,5.776256980956917,"rgba(239, 83, 80, 1.0)",0.0,0.0,0.32923545963495443,4.711200068012792,-3.6484529015940246,0.0,0.0,0.0,0.0,0.0,0.0,0.0,0.0,33.90589493281804,-9.844542137733036,False,True,False,True,False,0.0,0,0.9258595205401575,0.9657328773712797,False,False,False,False,-0.34282825441539394,-0.31110944504798244,False,False,False,False,-845195,-190501.57085721774,False,False,False,False,67541.91033574255,False,False,False,False
2023-08-16 00:00:00+00:00,3.62,3.64,3.48,3.48,69392,,,,,,4.1814893861514095,4.334662681751842,4.902305795491965,4.973590063472863,5.0964654256252055,,,,,,,,4.17419662526014,4.175395808886889,4.164952066484004,,,4.0160640711402635,4.319089942479374,4.879474550504057,5.271849182086758,5.767950443672523,"rgba(239, 83, 80, 1.0)",0.0,0.0,0.33329858667723106,4.699683170730884,-3.2393871858102337,0.0,0.0,0.0,0.0,0.0,0.0,0.0,0.0,34.2280165312455,-9.844542137733036,False,True,False,True,False,0.0,0,0.9356108077789366,0.9726124641771033,False,False,False,False,-0.34282825441539394,-0.32696884973168816,False,False,False,False,-775803,-213454.5680785033,False,False,False,False,67614.46287159578,False,False,False,False
2023-08-17 00:00:00+00:00,3.59,3.73,3.54,3.65,49585,,,,,,4.1672652672000785,4.3282744582340635,4.89484237853412,4.966349339982966,5.090749273093859,,,,,,,,4.161936223304209,4.1634190805199545,4.158673968572159,,,4.001039124757795,4.31273845010408,4.872056955623769,5.266298363451483,5.7621610923709365,"rgba(239, 83, 80, 1.0)",0.0,0.0,0.337420603337608,4.692097800467613,-3.266243346038069,0.0,0.0,0.0,0.0,0.0,0.0,0.0,0.0,34.217408953700335,-9.964988470786913,False,True,False,True,False,0.0,0,0.9293110014791457,0.9864928301285174,False,False,False,False,-0.2937747558507325,-0.31037180279121035,False,False,False,False,-825388,-237451.95756562083,False,False,False,False,66907.42511192536,False,False,False,False
2023-08-18 00:00:00+00:00,3.56,3.58,3.46,3.57,40193,,,,,,4.1545097265094535,4.322556003916698,4.888449114973513,4.960162528287772,5.08587708013938,,,,,,,,4.15086238115859,4.152594537271566,4.152888350453565,,,3.9870861464313783,4.307040489447998,4.865696380324065,5.2615908107024785,5.757302231526652,"rgba(239, 83, 80, 1.0)",0.0,0.0,0.34287445834787117,4.685419515376834,-3.282307818434856,0.0,0.0,0.0,0.0,0.0,0.0,0.0,0.0,33.972327931699525,-10.543199718645432,False,True,False,True,False,0.0,0,0.9027559336574207,1.0096064483843292,False,False,False,False,-0.34282825441539394,-0.3266000286033022,False,False,False,False,-865581,-262084.46903363572,False,False,False,False,65859.80059773222,False,False,False,False
2023-08-21 00:00:00+00:00,3.54,3.62,3.4491,3.57,51165,,,,,,4.139071983016214,4.315421980336706,4.880414972836783,4.952380266495285,5.079730821540055,,,,,,,,4.137384188984442,4.1394065501095385,4.145711746529735,,,3.9705955839602236,4.299934470570723,4.857704629404422,5.255645503928947,5.751155943324173,"rgba(239, 83, 80, 1.0)",0.0,0.0,0.34795542759490256,4.677141078847297,-3.2680653574146348,0.0,0.0,0.0,0.0,0.0,0.0,0.0,0.0,33.64062221619835,-11.230950179968673,False,True,False,True,False,0.0,0,0.8905872743755217,1.015931713534327,False,False,False,False,-0.3335262649671539,-0.330063146785228,False,False,False,False,-916746,-287757.47024800297,False,False,False,False,65283.533907625075,False,False,False,False
2023-08-22 00:00:00+00:00,3.455,3.53,3.37,3.53,114970,,,,,,4.102545606190227,4.29816187475696,4.8615896138129715,4.934172110742463,5.06534794859705,,,,,,,,4.105175305401815,4.107851080863093,4.12802059143921,,,3.9311738425806633,4.282716018067555,4.838963737763226,5.241783637675551,5.736944846845314,"rgba(239, 83, 80, 1.0)",0.0,0.0,0.3573066368623799,4.657495874181051,-3.365445111069134,0.0,0.0,0.0,0.0,0.0,0.0,0.0,0.0,32.695508119260055,-12.487014386867237,False,True,False,True,False,0.0,0,0.8767417318046041,1.0212406317634644,False,False,False,False,-0.34282825441539394,-0.336445700600311,False,False,False,False,-1031716,-316932.3145520029,False,False,False,False,67232.02277399272,False,False,False,False
2023-08-23 00:00:00+00:00,3.54,3.63,3.47,3.51,149526,,,,,,4.066613333160413,4.2791261888853995,4.8394361913850945,4.91261773409769,5.0480970581918045,,,,,,,,4.073020882849742,4.076248970814479,4.109366359502217,,,3.89660016086007,4.263784567953688,4.816943412238583,5.225010917743453,5.719480557722495,"rgba(239, 83, 80, 1.0)",0.0,0.0,0.3619943924058659,4.6359173225361685,-3.0274428154882376,0.0,0.0,0.0,0.0,0.0,0.0,0.0,0.0,33.62355000220825,-12.487014386867237,False,True,False,True,False,0.0,0,0.883034632651607,1.0126932943775386,False,False,False,False,-0.2834795911580146,-0.3099626458791628,False,False,False,False,-882190,-339099.2826087871,False,False,False,False,70459.23756716948,False,False,False,False
2023-08-24 00:00:00+00:00,3.37,3.52,3.3,3.52,68755,,,,,,4.047275318905379,4.268966147000019,4.828345117881823,4.901865905495154,5.0395162096185695,,,,,,,,4.055577722029629,4.059096067072685,4.099003731159424,,,3.876750818573676,4.253649269923486,4.80590180211545,5.216730010932927,5.710995315620264,"rgba(239, 83, 80, 1.0)",0.0,0.0,0.3696599629949126,4.624676940064356,-3.394138034044069,0.0,0.0,0.0,0.0,0.0,0.0,0.0,0.0,32.71202563326456,-12.982387948152535,False,True,False,True,False,0.0,0,0.8615058831868443,1.0365218315849163,False,False,False,False,-0.34282825441539394,-0.32639545014727833,False,False,False,False,-950945,-363093.2323104033,False,False,False,False,70392.40472139812,False,False,False,False
2023-08-25 00:00:00+00:00,3.46,3.46,3.23,3.37,95344,,,,,,4.021722080302137,4.255048545062258,4.813103469912006,4.887076190381822,5.027668093969012,,,,,,,,4.0323660381950255,4.036243341914495,4.084858958492906,,,3.8510017788931252,4.239767607073286,4.790729037006957,5.205286842266163,5.699263523217618,"rgba(239, 83, 80, 1.0)",0.0,0.0,0.357185609442418,4.518299318930503,-2.962883416783094,0.0,0.0,0.0,0.0,0.0,0.0,0.0,0.0,33.718546260648644,-12.982387948152535,False,True,False,True,False,0.0,0,0.8594363339655097,1.044299386936003,False,False,False,False,-0.34282825441539394,-0.33461185228133616,False,False,False,False,-855601,-382407.2624158777,False,False,False,False,71370.89865389232,False,False,False,False
2023-08-28 00:00:00+00:00,3.59,3.64,3.45,3.45,42897,,,,,,4.013862956894934,4.250168772623366,4.807184789419312,4.881286355218712,5.022959331309473,,,,,,,,4.0251400581770405,4.029105809029327,4.080232866584807,,,3.8443260798253633,4.234924176328616,4.784851322543504,5.2006795350396,5.6944233759311125,"rgba(239, 83, 80, 0.75)",0.0,0.0,0.34372960977750616,4.515827020903381,-2.69347473877116,0.0,0.0,0.0,0.0,0.0,0.0,0.0,0.0,36.5356981802923,-12.982387948152535,False,True,False,True,True,0.0,0,0.8763236142546487,1.0374739271290996,False,False,False,False,-0.2349834955146571,-0.28479767389799665,False,False,False,False,-812704,-399281.64428192173,False,False,False,False,70254.2751772691,False,False,False,False
2023-08-29 00:00:00+00:00,3.53,3.69,3.425,3.69,45978,,,,,,4.005522071695201,4.244926893027005,4.800844011309796,4.8750822061450245,5.017905821468824,,,,,,,,4.017448388643933,4.021504978115547,4.075255027230974,,,3.8372228471587917,4.229720506441219,4.778554053769659,5.195734968833344,5.68923162938045,"rgba(239, 83, 80, 0.75)",0.0,0.0,0.34878728687359517,4.511619528426722,-2.814378749941289,0.0,0.0,0.0,0.0,0.0,0.0,0.0,0.0,37.73347015391698,-16.323389037589266,False,True,False,True,True,0.0,0,0.8659745744072493,1.0336251264681302,False,False,False,False,-0.22844142191612543,-0.25661954790706104,False,False,False,False,-858682,-417297.3445061601,False,False,False,False,69302.26438600365,False,False,False,False
2023-08-30 00:00:00+00:00,3.4,3.55,3.35,3.55,77552,,,,,,3.9887372517246216,4.234829801652821,4.789323610972611,4.863851586701558,5.008799077632294,,,,,,,,4.00197588734021,4.006227940919533,4.0652795357423805,,,3.8215102629328612,4.219668280655302,4.767096983037277,5.186884048998334,5.680063948798948,"rgba(239, 83, 80, 0.75)",0.0,0.0,0.35779225381504426,4.500541943123124,-3.075924454451811,0.0,0.0,0.0,0.0,0.0,0.0,0.0,0.0,37.14858646635835,-16.323389037589266,False,True,False,True,True,0.0,0,0.8699156844568048,1.0416898424049796,False,False,False,False,-0.28539917619233257,-0.27100936204969683,False,False,False,False,-936234,-437647.80158434995,False,False,False,False,69625.78342968978,False,False,False,False
2023-08-31 00:00:00+00:00,3.35,3.45,3.28,3.45,134592,,,,,,3.9582788389453123,4.216340086812372,4.768727272892734,4.843792392863684,4.992516066581979,,,,,,,,3.973760419847124,3.9783539941111736,4.046757782942383,,,3.7923213469990267,4.201240028253438,4.746601509398052,5.171098783053662,5.663815426030755,"rgba(239, 83, 80, 0.75)",0.0,0.0,0.36807373912110275,4.479725362408047,-3.0692908576027134,0.0,0.0,0.0,0.0,0.0,0.0,0.0,0.0,36.25590904974221,-16.323389037589266,False,True,False,True,True,0.0,0,0.8751023642847707,1.029251970237309,False,False,False,False,-0.331730877345766,-0.3013701196977314,False,False,False,False,-1070826,-462478.31916927744,False,False,False,False,72173.47819715293,False,False,False,False
2023-09-01 00:00:00+00:00,3.44,3.4943,3.3051,3.34,43270,,,,,,3.9499188346399876,4.210919320362708,4.762476273828762,4.837683620669266,4.987517501578539,,,,,,,,3.965949238647329,3.9706233184338426,4.041452982017638,,,3.784764913527415,4.195845876118359,4.740386306903584,5.166228948897996,5.658759287142683,"rgba(239, 83, 80, 0.75)",0.0,0.0,0.375366904169647,4.474045702753594,-2.754759919607237,0.0,0.0,0.0,0.0,0.0,0.0,0.0,0.0,37.334890482302754,-16.323389037589266,False,True,False,True,True,0.0,0,0.8882648718376228,1.0204375334556015,False,False,False,False,-0.3126606387418439,-0.30701537921978767,False,False,False,False,-1027556,-484638.22822146263,False,False,False,False,71040.00846393126,False,False,False,False
2023-09-05 00:00:00+00:00,3.46,3.54,3.38,3.53,102959,,,,,,3.93267115849251,4.199051109902843,4.748340232535888,4.823827089794572,4.976100204921606,,,,,,,,3.949713858908229,3.9545291428218063,4.03009600923216,,,3.770062490507998,4.184053902646615,4.726341976088458,5.1550560640275975,5.647068476102495,"rgba(239, 83, 80, 0.75)",0.0,0.0,0.38211104601233886,4.462041793682134,-2.6223837393326157,0.0,0.0,0.0,0.0,0.0,0.0,0.0,0.0,38.425123178224375,-15.300411252016204,False,True,False,True,True,0.0,1,0.9112891131557821,1.012985523611246,False,False,False,False,-0.2800294479760792,-0.2935224135979334,False,False,False,False,-924597,-501891.51338924846,False,False,False,False,72291.73362220847,False,False,False,False
2023-09-06 00:00:00+00:00,3.43,3.44,3.3658,3.43,38359,,,,,,3.925929461002354,4.194443402885028,4.742958190179963,4.818556179239346,4.971756548842339,,,,,,,,3.9433605169511474,3.9482315094590623,4.025630152196073,,,3.764122324957056,4.179471402164923,4.720992364854752,5.1508137706394885,5.6426495753794645,"rgba(239, 83, 80, 0.75)",0.0,0.0,0.388925275423213,4.457216854715811,-2.641167647430562,0.0,0.0,0.0,0.0,0.0,0.0,0.0,0.0,38.75333191446303,-14.845959556042274,False,True,False,True,True,0.0,1,0.9074079021184518,1.0271062075352406,False,False,False,False,-0.31091323294257245,-0.3022178232702529,False,False,False,False,-962956,-519972.47364849364,False,False,False,False,70961.03818604343,False,False,False,False
2023-09-07 00:00:00+00:00,3.3,3.45,3.26,3.45,32743,,,,,,3.9194886984568265,4.190178531978453,4.738140436769629,4.813848911518599,4.967889880412554,,,,,,,,3.9373034789666708,3.942232035674823,4.021407556593792,,,3.758154784182555,4.175223241271739,4.716199721430826,5.147052841510651,5.638764625245678,"rgba(239, 83, 80, 0.75)",0.0,0.0,0.39837485442456944,4.452595990975768,-2.893244837555396,0.0,0.0,0.0,0.0,0.0,0.0,0.0,0.0,37.35504469896176,-14.845959556042274,False,True,False,True,True,0.0,1,0.8931362872462453,1.028845555348076,False,False,False,False,-0.33726955857102925,-0.3197436909206411,False,False,False,False,-995699,-538628.4158583566,False,False,False,False,69462.29159051232,False,False,False,False
2023-09-08 00:00:00+00:00,3.29,3.34,3.23,3.27,52043,,,,,,3.9086824847608486,4.183094333285022,4.7302796891153465,4.8061770526907335,4.961594308248247,,,,,,,,3.9271401562067756,3.93216709911782,4.014319109007787,,,3.74791979230798,4.168161083579464,4.708376391846408,5.140942845535129,5.632483069207602,"rgba(239, 83, 80, 1.0)",0.0,0.0,0.4077079845598231,4.444832212622992,-2.8324983967870834,0.0,0.0,0.0,0.0,0.0,0.0,0.0,0.0,36.30410285694791,-14.845959556042274,False,True,False,True,False,0.0,1,0.8931173509981137,1.035258043464657,False,False,False,False,-0.34282825441539394,-0.3312859726680175,False,False,False,False,-1047742,-558593.6544521466,False,False,False,False,68779.18211637458,False,False,False,False
2023-09-11 00:00:00+00:00,3.3,3.35,3.23,3.35,24094,,,,,,3.903855896389316,4.17987620614022,4.726685886092492,4.802666774679793,4.958707166227317,,,,,,,,3.922589529933696,3.9276583769035134,4.011113173647721,,,3.743396684055181,4.164953881176336,4.704800250212787,5.138137833346806,5.629594519735982,"rgba(239, 83, 80, 1.0)",0.0,0.0,0.4165389513252396,4.441341420914371,-2.7400592844513976,0.0,0.0,0.0,0.0,0.0,0.0,0.0,0.0,35.84939130951193,-14.845959556042274,False,True,False,True,False,0.0,1,0.8932478547825069,1.036412422002323,False,False,False,False,-0.34016635263040135,-0.3357261626492094,False,False,False,False,-1023648,-576831.0797677487,False,False,False,False,67026.8220333795,False,False,False,False
2023-09-12 00:00:00+00:00,3.21,3.31,3.21,3.31,35632,,,,,,3.8962818339885956,4.174893422837866,4.721219679459561,4.797334285031045,4.95432807366316,,,,,,,,3.9154529176413075,3.920589508716259,4.006097266273253,,,3.7361451005919872,4.1599840800730945,4.699358417260713,5.133893140420886,5.625244625837121,"rgba(239, 83, 80, 1.0)",0.0,0.0,0.42673120930880765,4.435878463736747,-2.872718088096599,0.0,0.0,0.0,0.0,0.0,0.0,0.0,0.0,34.38260976594996,-12.289805368386872,False,True,False,True,False,0.0,1,0.8795576998210084,1.0512806534558106,False,False,False,False,-0.34282825441539394,-0.3392772085323017,False,False,False,False,-1059280,-595750.6452670527,False,False,False,False,65795.65254187443,False,False,False,False
2023-09-13 00:00:00+00:00,3.19,3.21,3.13,3.21,34519,,,,,,3.888375744372148,4.169774732552567,4.715725348115298,4.791982895178791,4.949942568135271,,,,,,,,3.9080090737335356,3.9132188050565753,4.00088086608548,,,3.7283942295665082,4.154873905487561,4.6938854552223885,5.129654764507907,5.620928179338938,"rgba(239, 83, 80, 1.0)",0.0,0.0,0.4375635679408747,4.430206117269692,-2.834345014384912,0.0,0.0,0.0,0.0,0.0,0.0,0.0,0.0,33.1548332853587,-13.536013868580724,False,True,False,True,False,0.0,1,0.8614900893612326,1.0711855992350972,False,False,False,False,-0.34282825441539394,-0.34105273147384785,False,False,False,False,-1093799,-615281.9532957957,False,False,False,False,64569.117148075435,False,False,False,False
2023-09-14 00:00:00+00:00,3.24,3.27,3.15,3.2,22444,,,,,,3.8836351493206465,4.166618661570186,4.7122738898831535,4.788615212891662,4.947172131033414,,,,,,,,3.9035311282231526,3.908781649249171,3.9977007321564746,,,3.7238556977128234,4.1517256345075735,4.690449064953368,5.126969764738154,5.618179423575959,"rgba(239, 83, 80, 1.0)",0.0,0.0,0.44675390967395945,4.426770371634818,-2.6564297389158202,0.0,0.0,0.0,0.0,0.0,0.0,0.0,0.0,33.757626202157155,-13.536013868580724,False,True,False,True,False,0.0,1,0.8626631660688534,1.0632696076618717,False,False,False,False,-0.323267561778655,-0.33216014662625143,False,False,False,False,-1071355,-633167.1708136076,False,False,False,False,62917.15176971954,False,False,False,False
2023-09-15 00:00:00+00:00,3.18,3.25,3.15,3.25,24216,,,,,,3.8783926006421234,4.163141585646054,4.708501524415476,4.784936294256508,4.94414689920987,,,,,,,,3.8985785999155294,3.903874539622332,3.9941817819993837,,,3.718794450990737,4.148255954706225,4.686692376917975,5.124040841259629,5.615187798438691,"rgba(239, 83, 80, 1.0)",0.0,0.0,0.4567857770106668,4.422975191262425,-2.7211337432544416,0.0,0.0,0.0,0.0,0.0,0.0,0.0,0.0,33.284053622461855,-13.550063700455112,False,True,False,True,False,0.0,1,0.8831743450597033,1.0590226239210385,False,False,False,False,-0.32813484153584915,-0.33014749408105026,False,False,False,False,-1095571,-651300.6543111132,False,False,False,False,61399.45954345603,False,False,False,False
2023-09-18 00:00:00+00:00,3.1,3.22,3.0884,3.22,25601,,,,,,3.8724805164883804,4.159277335060744,4.704383935679708,4.780926256137581,4.940855853256764,,,,,,,,3.892998771520943,3.8983476711396334,3.9902315645836945,,,3.7129765526855754,4.1443969553919375,4.682589939001998,5.120862584367238,5.611958579400415,"rgba(239, 83, 80, 1.0)",0.0,0.0,0.46778363400337214,4.41872166585764,-2.8190846579470827,0.0,0.0,0.0,0.0,-1.0,3.15,3.1488,0.0,31.89866168327586,-14.969601653822764,False,True,False,True,False,0.0,0,0.8744699301498967,1.056632901018687,False,False,False,False,-0.34282825441539394,-0.33648787424822213,False,False,False,False,-1121172,-669726.9815930303,False,False,False,False,59995.598384889134,False,False,False,False
2023-09-19 00:00:00+00:00,3.03,3.1488,3.03,3.13,56490,,,,,,3.858613467808815,4.1503048428323845,4.694991863012554,4.771791377670895,4.933370035809073,,,,,,,,3.879913584481277,3.8853891086449646,3.980973499484223,,,3.6991069111843493,4.135430017489251,4.67322786760254,5.113651521085331,5.604672122498269,"rgba(239, 83, 80, 1.0)",0.0,0.0,0.48033727410024046,4.408802685286915,-2.8704886329499715,0.0,0.0,0.0,0.0,0.0,0.0,0.0,0.0,30.128531950688394,-16.70292577029025,False,True,False,True,False,0.0,0,0.8569756397094804,1.0816007368532146,False,False,False,False,-0.34282825441539394,-0.339658064331808,False,False,False,False,-1177662,-689646.0019227155,False,False,False,False,59858.12393842289,False,False,False,False
2023-09-20 00:00:00+00:00,3.04,3.0699,3.0,3.04,24941,,,,,,3.8523927925940593,4.146270817883487,4.690795997259911,4.767711670710558,4.930025860726759,,,,,,,,3.8740380495816336,3.8795697967443026,3.976799223611611,,,3.692860985383871,4.131397459881907,4.669044633488067,5.110432772254502,5.601426677437278,"rgba(239, 83, 80, 1.0)",0.0,0.0,0.4921857248040219,4.404356635529133,-2.7720361781569176,0.0,0.0,0.0,0.0,0.0,0.0,0.0,0.0,29.279185176445782,-17.54394925434658,False,True,False,True,False,0.0,0,0.8450840535387651,1.1015513854074928,False,False,False,False,-0.34282825441539394,-0.34124315937360095,False,False,False,False,-1152721,-707805.8057688836,False,False,False,False,58488.82496044553,False,False,False,False
2023-09-21 00:00:00+00:00,3.02,3.02,2.88,2.88,26251,,,,,,3.8454460562282855,4.1418159409361115,4.6862344996647725,4.763282091019789,4.926401500551008,,,,,,,,3.8674808763438344,3.873076883141577,3.972152236924615,,,3.6857909871528456,4.12694137449342,4.664494876946482,5.106952640298984,5.597935530241941,"rgba(239, 83, 80, 1.0)",0.0,0.0,0.5041073294376429,4.399424504320235,-2.736370657135758,0.0,0.0,0.0,0.0,0.0,0.0,0.0,0.0,28.44748108865157,-18.388810871339903,False,True,False,True,False,0.0,0,0.8187385838616097,1.1293552262715258,False,False,False,False,-0.34282825441539394,-0.34203570689449747,False,False,False,False,-1178972,-726282.9114250058,False,False,False,False,57224.596530624134,False,False,False,False
2023-09-22 00:00:00+00:00,3.0,3.08,2.95,3.08,25232,,,,,,3.8391480875972404,4.137699139504572,4.681966214108311,4.759131816106368,4.9229956266509145,,,,,,,,3.8615223877055214,3.867173882297368,3.967888507853856,,,3.679468213979185,4.122825578698025,4.6602390014467545,5.103675566740166,5.594635389328917,"rgba(239, 83, 80, 1.0)",0.0,0.0,0.5159828450147439,4.394916999578731,-2.703417396636263,0.0,0.0,0.0,0.0,0.0,0.0,0.0,0.0,27.61815442847191,-19.246044928448654,False,True,False,True,False,0.0,0,0.8154477034949158,1.1266723430909107,False,False,False,False,-0.31516705798065053,-0.328601382437574,False,False,False,False,-1204204,-745024.9148985349,False,False,False,False,55969.98490197221,False,False,False,False
2023-09-25 00:00:00+00:00,2.92,3.0,2.91,2.95,19377,,,,,,3.833991906105402,4.134372199949083,4.6785729862908765,4.7558369421028495,4.920297416915743,,,,,,,,3.8566485928015553,3.862346850902493,3.9644136218452206,,,3.674216776567971,4.119497250414566,4.656854086815612,5.1010859584019945,5.592041520510943,"rgba(239, 83, 80, 1.0)",0.0,0.0,0.5283501918030674,4.391254461738036,-2.7846199065759376,0.0,0.0,0.0,0.0,0.0,0.0,0.0,0.0,26.032963717330396,-20.805622123836898,False,True,False,True,False,0.0,0,0.8317083766935752,1.138850440001212,False,False,False,False,-0.3406829374427096,-0.3346421599401418,False,False,False,False,-1223581,-763791.8201966316,False,False,False,False,54534.96588620859,False,False,False,False
2023-09-26 00:00:00+00:00,2.75,2.9103,2.75,2.88,71812,,,,,,3.8124677347635783,4.120772924311845,4.665107584862035,4.742795054139498,4.909658440110068,,,,,,,,3.836329593006554,3.842231629604902,3.950001904776062,,,3.6517878415769487,4.105876521879659,4.6434102220037765,5.090923908454952,5.581967218174835,"rgba(239, 83, 80, 1.0)",0.0,0.0,0.5438262800159587,4.376178768721962,-2.9902541095922057,0.0,0.0,0.0,0.0,0.0,0.0,0.0,0.0,23.314417311496317,-23.367652892101496,False,True,False,True,False,0.0,0,0.809218936968817,1.1395317917301615,False,False,False,False,-0.34282825441539394,-0.33873520717776784,False,False,False,False,-1295393,-784638.9252869597,False,False,False,False,55212.49663576904,False,False,False,False
2023-09-27 00:00:00+00:00,2.81,2.82,2.6851,2.74,33334,,,,,,3.802474460229538,4.114404550637827,4.658817232457559,4.7367021506049385,4.904682392042683,,,,,,,,3.8268802363717347,3.832874523667804,3.9432513012662818,,,3.6413897591868176,4.0994976239738135,4.6371293588464715,5.086172314135768,5.57726245429831,"rgba(239, 83, 80, 1.0)",0.0,0.0,0.5560867896387854,4.369175149748192,-2.803834183439203,0.0,0.0,0.0,0.0,0.0,0.0,0.0,0.0,23.638574190982496,-23.367652892101496,False,True,False,True,False,0.0,0,0.7884976209480964,1.159691915370023,False,False,False,False,-0.34282825441539394,-0.3407817307965809,False,False,False,False,-1262059,-803361.2811580594,False,False,False,False,54354.51637554281,False,False,False,False
2023-09-28 00:00:00+00:00,2.83,2.9,2.7801,2.84,21406,,,,,,3.79655600760103,4.110543041017924,4.654938143685913,4.732938080634426,4.901596138437158,,,,,,,,3.8212684939245265,3.827314268630216,3.9391951811173604,,,3.635330476666538,4.09563232729938,4.633257941091017,5.083216654588812,5.574319311323019,"rgba(239, 83, 80, 1.0)",0.0,0.0,0.567065367434923,4.364980431123918,-2.7068844603705653,0.0,0.0,0.0,0.0,0.0,0.0,0.0,0.0,24.556833115868272,-23.367652892101496,False,True,False,True,False,0.0,0,0.7941361322355602,1.1502733957639368,False,False,False,False,-0.3094758779525875,-0.32512880437458425,False,False,False,False,-1240653,-820509.9760146061,False,False,False,False,53062.41769414897,False,False,False,False
2023-09-29 00:00:00+00:00,2.83,2.9217,2.82,2.9217,13486,,,,,,3.792943394993673,4.108161233877684,4.6525302499207015,4.730599921854182,4.899675780275524,,,,,,,,3.817838636312073,3.8239149616923847,3.9367023258536866,,,3.6316566489850564,4.093248797337274,4.63085522406446,5.081375526776673,5.572482227654198,"rgba(239, 83, 80, 0.75)",0.0,0.0,0.5751164157497376,4.3624069443972315,-2.664516091754299,0.0,0.0,0.0,0.0,0.0,0.0,0.0,0.0,25.169005732458793,-23.367652892101496,False,True,False,True,True,0.0,0,0.794527564937144,1.1569376560732505,False,False,False,False,-0.29789623547793886,-0.31151251992626156,False,False,False,False,-1240653,-836986.1730336412,False,False,False,False,51510.40131398627,False,False,False,False
2023-10-02 00:00:00+00:00,2.74,2.83,2.7,2.83,15565,,,,,,3.788363824052805,4.105203378518545,4.649603934519576,4.727764069749063,4.897354948477889,,,,,,,,3.813498980652524,3.8196160259344865,3.9335726967292266,,,3.626914297049361,4.090286299955476,4.627933391589538,5.079158442576304,5.570286608765297,"rgba(239, 83, 80, 0.75)",0.0,0.0,0.5837739434663307,4.359184523431582,-2.77364987175891,0.0,0.0,0.0,0.0,0.0,0.0,0.0,0.0,24.419692310529083,-23.367652892101496,False,True,False,True,True,0.0,0,0.7839926264910458,1.1526787915161778,False,False,False,False,-0.3380392173467488,-0.3247758686365052,False,False,False,False,-1256218,-853426.6368362436,False,False,False,False,50100.77773304564,False,False,False,False
2023-10-03 00:00:00+00:00,2.64,2.73,2.61,2.72,69214,,,,,,3.76661722756368,4.0912740478283265,4.636040964070084,4.714638103728641,4.886632031976558,,,,,,,,3.7928971967826746,3.79921066176399,3.9187278942452735,,,3.604159094588473,4.076326775822516,4.614384713928626,5.068942349372645,5.56023049698163,"rgba(239, 83, 80, 1.0)",0.0,0.0,0.5925077723654552,4.343995470709258,-2.875903996847899,0.0,0.0,0.0,0.0,0.0,0.0,0.0,0.0,22.861800084863773,-23.849101918148264,False,True,False,True,False,0.0,0,0.7651588274209117,1.1772750441940418,False,False,False,False,-0.34282825441539394,-0.3338020615259496,False,False,False,False,-1325432,-871936.6510779595,False,False,False,False,50850.3158611615,False,False,False,False
2023-10-04 00:00:00+00:00,2.65,2.69,2.58,2.61,20266,,,,,,3.7602953111396444,4.087189905250752,4.632064786850821,4.710789171483177,4.883483739647326,,,,,,,,3.786899464845798,3.793268633527308,3.9143785555563744,,,3.597560777827457,4.072233833227876,4.610412635735992,5.065942667796135,5.557278972548523,"rgba(239, 83, 80, 1.0)",0.0,0.0,0.599903553620753,4.226958940864032,-2.6286874470841255,0.0,0.0,0.0,0.0,0.0,0.0,0.0,0.0,22.224705874844414,-24.52358170517781,False,True,False,True,False,0.0,0,0.7598214578752173,1.177732558775586,False,False,False,False,-0.34282825441539394,-0.3383151579706718,False,False,False,False,-1305166,-888926.0373101963,False,False,False,False,49650.93092542968,False,False,False,False
2023-10-05 00:00:00+00:00,2.76,2.76,2.65,2.66,27536,,,,,,3.7524489311331224,4.081994785839675,4.62691249992321,4.7057918781197925,4.879378544727317,,,,,,,,3.779434379866727,3.7858683491314813,3.9088995251574645,,,3.58950658466395,4.067031276027966,4.605268369327195,5.062018365093557,5.553392482341409,"rgba(239, 83, 80, 0.75)",0.0,0.0,0.6073551290191818,4.22399428903651,-2.4104419623502897,0.0,0.0,0.0,0.0,0.0,0.0,0.0,0.0,25.849761021770846,-27.58775177586101,False,True,False,True,True,0.0,0,0.7678900195133782,1.1680796410420364,False,False,False,False,-0.3176195719747046,-0.3279673649726882,False,False,False,False,-1277630,-904169.3299646984,False,False,False,False,48783.67873227558,False,False,False,False
2023-10-06 00:00:00+00:00,2.79,2.8247,2.705,2.73,81855,,,,,,3.7309077869552247,4.067341274801543,4.6121566850463305,4.691454150764517,4.867547150932617,,,,,,,,3.758869264791096,3.765467445365326,3.8935790624694233,,,3.567747354277752,4.052365777767438,4.590541641106732,5.050677277983701,5.5421045815472905,"rgba(239, 83, 80, 0.75)",0.0,0.0,0.614240072023342,4.211752486989463,-2.3146527746164924,0.0,0.0,0.0,0.0,0.0,0.0,0.0,0.0,29.249353778865306,-24.504999988627755,False,True,False,True,True,0.0,0,0.7880147124786938,1.1561743069884274,False,False,False,False,-0.2963727747291372,-0.31217006985091267,False,False,False,False,-1195775,-915604.846436671,False,False,False,False,50080.59329179418,False,False,False,False
2023-10-09 00:00:00+00:00,2.81,2.85,2.7286,2.76,22711,,,,,,3.7252373741731275,4.063404695373121,4.608154777713498,4.6875608934523205,4.864323743790934,,,,,,,,3.753441028695532,3.7600796595009935,3.88948696097088,,,3.562082857181343,4.048427515329234,4.586548624205178,5.047582069343748,5.539014776692403,"rgba(239, 83, 80, 0.75)",0.0,0.0,0.6209194621782063,4.208183657084957,-2.2517955101295777,0.0,0.0,0.0,0.0,0.0,0.0,0.0,0.0,32.183192147604956,-21.931388997256327,False,True,False,True,True,0.0,0,0.7810540819841543,1.1681708577333791,False,False,False,False,-0.2877682444657882,-0.29996915715835043,False,False,False,False,-1173064,-925701.2838313114,False,False,False,False,49007.27590780226,False,False,False,False
2023-10-10 00:00:00+00:00,2.82,2.9,2.8,2.81,29458,,,,,,3.7183260450372697,4.058510049078128,4.603115025436316,4.682651184107485,4.860245872621267,,,,,,,,3.7468087263877923,3.7534933958367716,3.8844352528464103,,,3.5552714527906204,4.043533302980975,4.581521820419631,5.043657832342692,5.535081228555442,"rgba(239, 83, 80, 0.5)",0.0,0.0,0.628292723242312,4.204011992389941,-2.202813976975145,0.0,0.0,0.0,0.0,0.0,0.0,0.0,0.0,34.488664421668865,-19.95390339295731,False,False,False,True,True,0.0,0,0.755133696029633,1.1776363004977426,False,False,False,False,-0.2619234876861752,-0.2809463224222628,False,False,False,False,-1143606,-934246.5668183189,False,False,False,False,48240.63763690805,False,False,False,False
2023-10-11 00:00:00+00:00,2.93,2.93,2.823,2.86,33227,,,,,,3.7111331234562015,4.053280039194101,4.597638950743446,4.6773068967841205,4.855789105663108,,,,,,,,3.7398838625529973,3.7466118957268977,3.8790886562995244,,,3.5483131733677236,4.038307341147453,4.576062292029128,5.039356942486179,5.5307473105947835,"rgba(239, 83, 80, 0.5)",0.0,0.0,0.6326362057153726,4.19982977570184,-2.0072037677102927,0.0,0.0,0.0,0.0,0.0,0.0,0.0,0.0,39.476979342537206,-15.485645241314003,True,False,False,True,True,0.0,0,0.7806596524411868,1.177515072703629,False,False,False,False,-0.2459751805880777,-0.26346075150517023,False,False,False,False,-1110379,-941153.7210607379,False,False,False,False,47651.8675334999,False,False,False,False
2023-10-12 00:00:00+00:00,2.89,2.94,2.73,2.94,106090,,,,,,3.6878729874046345,4.03631153112171,4.579971759883223,4.6600674765198455,4.84139880942341,,,,,,,,3.7174710848910784,3.7243371669490344,3.861702625656001,,,3.5257116313861228,4.021348259215136,4.558445461082223,5.0254788884710635,5.516790608893681,"rgba(239, 83, 80, 0.5)",0.0,0.0,0.6376381425652135,4.184150276386467,-2.0295998466781024,0.0,0.0,0.0,0.0,0.0,0.0,0.0,0.0,41.75285676610079,-13.622724121013341,True,False,False,True,True,0.0,0,0.787416677519802,1.1647624347331904,False,False,False,False,-0.2561436100448881,-0.25980218077502915,False,False,False,False,-1216469,-951950.3986661991,False,False,False,False,49943.55900277442,False,False,False,False
2023-10-13 00:00:00+00:00,2.85,2.89,2.745,2.855,21199,,,,,,3.683240797567718,4.032907791914281,4.576433805435569,4.656614544412268,4.838512237134626,,,,,,,,3.7130020495926925,3.719894766420088,3.858214559380444,,,3.5212090442563744,4.017946213874423,4.554917372506007,5.0226951854833235,5.513993179064674,"rgba(239, 83, 80, 0.5)",0.0,0.0,0.6432740151068387,4.180849359649453,-2.068868520094687,0.0,0.0,0.0,0.0,0.0,0.0,0.0,0.0,42.259765863054106,-13.295510968096664,True,False,False,True,True,0.0,0,0.8093670361292996,1.16968455451098,False,False,False,False,-0.2635629621322854,-0.26168257145365725,False,False,False,False,-1237668,-963155.0104832109,False,False,False,False,48816.32139482249,False,False,False,False
2023-10-16 00:00:00+00:00,2.93,2.95,2.7795,2.84,28040,,,,,,3.677601625538104,4.028650991024754,4.571931018578348,4.652211955954019,4.834816961969982,,,,,,,,3.707543546496123,3.7144649837285053,3.853895433677253,,,3.515834546275763,4.013694581093545,4.550429270433061,5.019121301550206,5.510381883971479,#000000,0.0,0.0,0.6455353033576419,4.176971066326486,-1.9316853158000469,0.0,0.0,0.0,0.0,0.0,0.0,0.0,0.0,44.977958333885816,-10.774310141216631,True,False,False,False,True,0.0,0,0.8044245704871734,1.1598023064250411,False,False,False,False,-0.24334592986611456,-0.2525142506598859,False,False,False,False,-1209628,-972820.6179152419,False,False,False,False,48001.56369306474,False,False,False,False
2023-10-17 00:00:00+00:00,3.01,3.01,2.7906,2.94,35930,,,,,,3.670944000832498,4.023480892707774,4.5663675517272875,4.646762469537727,4.830224177324265,,,,,,,,3.701076271533609,3.7080269162676545,3.8487020217713774,,,3.509619991163171,4.008534444308704,4.544886477875219,5.0146669701477755,5.50585746164762,#000000,0.0,0.0,0.6448489436552526,4.078199602733129,-1.6565113632320798,0.0,0.0,0.0,0.0,0.0,0.0,0.0,0.0,48.80040776712279,-7.247412678074106,True,False,False,False,True,0.0,0,0.8040862230552951,1.1526522961574508,False,False,False,False,-0.22015728567749487,-0.2363357681686904,False,False,False,False,-1173698,-980698.1623107226,False,False,False,False,47528.16903843475,False,False,False,False
2023-10-18 00:00:00+00:00,2.89,3.0,2.89,3.0,20517,,,,,,3.667143641445151,4.020523024061081,4.563187831407311,4.643647698278263,4.827597454829796,,,,,,,,3.6973830934293606,3.704350203041611,3.8457298642240083,,,3.5060686516496635,4.005582154566254,4.541718472541438,5.012119519933254,5.503270793380547,#000000,0.0,0.0,0.6454777838955146,4.075513764093607,-1.83664534035382,0.0,0.0,0.0,0.0,0.0,0.0,0.0,0.0,48.20391398743031,-7.247412678074106,True,False,False,False,True,0.0,0,0.8281050300537806,1.1406643467257198,False,False,False,False,-0.1950375756739958,-0.2156866719213431,False,False,False,False,-1194215,-989071.3716318707,False,False,False,False,46468.907507515745,False,False,False,False
2023-10-19 00:00:00+00:00,2.93,2.95,2.86,2.91,26937,,,,,,3.6621238511006133,4.016616700188198,4.558997957122533,4.639543742980045,4.824135675951373,,,,,,,,3.6925044649954097,3.6994933522097724,3.841800465006666,,,3.5013654368376668,4.001682837565493,4.537543765026832,5.008763043417726,5.4998650615914695,#000000,0.0,0.0,0.6447101241209929,4.071813677602238,-1.7710497088268982,0.0,0.0,0.0,0.0,0.0,0.0,0.0,0.0,48.82622723433907,-7.247412678074106,True,False,False,False,True,0.0,0,0.827878695943469,1.136094150960092,False,False,False,False,-0.1925812982773021,-0.20413398509932262,False,False,False,False,-1167278,-996059.8668619934,False,False,False,False,45702.95035035827,False,False,False,False
2023-10-20 00:00:00+00:00,2.79,2.85,2.67,2.85,35294,,,,,,3.654407225243062,4.0108804535907945,4.553064959589975,4.633751892245862,4.819279991913739,,,,,,,2.7699999999999996,3.685044309223167,3.6920753478241903,3.8359147445665753,,,3.49384005953759,3.995948400313569,4.531626318142893,5.004081747110627,5.495169728822702,#000000,0.0,0.0,0.6493362723539758,4.0638316652498165,-1.9617441986290372,0.0,0.0,0.0,0.0,0.0,0.0,0.0,0.0,46.2053732678647,-7.247412678074106,True,False,False,False,False,0.0,0,0.8415110893209645,1.1356780677874256,False,False,False,False,-0.2554748366114265,-0.22980441085537456,False,False,False,False,-1202572,-1004158.3818870133,False,False,False,False,45294.75621897167,False,False,False,False
2023-10-23 00:00:00+00:00,2.6,2.7,2.58,2.7,36422,,,,,,3.645314599611721,4.0043385584452835,4.5464945939792445,4.627355660046767,4.813944332242805,,,,,,,2.6972061092829125,3.6762849224453826,3.6833725711206555,3.829100623741269,,,3.484728860735809,3.98940104311133,4.52506765911499,4.998962692155976,5.4900872772149505,"rgba(239, 83, 80, 0.5)",0.0,0.0,0.6552950851704985,4.053900393061487,-2.21869570818344,0.0,0.0,0.0,0.0,0.0,0.0,0.0,0.0,41.542264519003865,-2.1459610835448757,True,False,False,True,False,0.0,0,0.8396000362661417,1.0986439053453703,False,False,False,False,-0.33924402637346984,-0.28452421861442223,False,False,False,False,-1238994,-1013367.6218130129,False,False,False,False,44946.80499469827,False,False,False,False
2023-10-24 00:00:00+00:00,2.55,2.6599,2.55,2.59,13777,,,,,,3.641783492012384,4.001808669090466,4.543969371116738,4.624898632720954,4.8118960102697095,,,,,,,2.6793875611648517,3.672884333770976,3.679994288038481,3.826457937866403,,,3.481173690628102,3.986868452137035,4.522546466615643,4.996999518701085,5.488142666051532,"rgba(239, 83, 80, 0.5)",0.0,0.0,0.6594299818031201,4.050233093713325,-2.2750453196124703,0.0,0.0,0.0,0.0,0.0,0.0,0.0,0.0,37.80834995244797,-5.5871383978199844,True,False,False,True,False,0.0,0,0.831269962780139,1.1089802813927092,False,False,False,False,-0.34282825441539394,-0.31367623651490806,False,False,False,False,-1252771,-1022755.9895850517,False,False,False,False,43724.45970078854,False,False,False,False
2023-10-25 00:00:00+00:00,2.4,2.58,2.4,2.58,35654,,,,,,3.6316699192040236,3.994721078103292,4.537043513153537,4.618174037678682,4.806311865091182,,,,,,,2.6148210089120383,3.6631670257274065,3.670345877949448,3.818977509809294,,,3.4708183457031367,3.9797676063726386,4.515627314218436,4.991667614245826,5.482903095889528,"rgba(239, 83, 80, 0.5)",0.0,0.0,0.6638685626450699,4.039341159618891,-2.469376096206783,0.0,0.0,0.0,0.0,0.0,0.0,0.0,0.0,33.68922267219494,-9.343173969793938,False,False,False,True,False,0.0,0,0.8225259189443919,1.1187020331223911,False,False,False,False,-0.34282825441539394,-0.32825224546515097,False,False,False,False,-1288425,-1033174.3821503437,False,False,False,False,43407.97108507134,False,False,False,False
2023-10-26 00:00:00+00:00,2.33,2.41,2.3,2.4,67810,,,,,,3.611089953064352,3.980437246568218,4.523285676427299,4.604833599404339,4.795254801425554,,,,,,,2.518589877238384,3.6434080046872923,3.650731140257333,3.8038064167413146,,,3.4495477754075226,3.965449599753412,4.501876632630563,4.981137312362303,5.472616142632385,"rgba(239, 83, 80, 1.0)",0.0,0.0,0.6637655547794525,4.018297811760137,-2.543515251135776,0.0,0.0,0.0,0.0,0.0,0.0,0.0,0.0,30.29493669085843,-12.396000304103346,False,True,False,True,False,0.0,0,0.8023993493289955,1.126379286973024,False,False,False,False,-0.34282825441539394,-0.33554024994027243,False,False,False,False,-1356235,-1045843.4259875851,False,False,False,False,44364.9133954607,False,False,False,False
2023-10-27 00:00:00+00:00,2.24,2.42,2.211,2.4,44636,,,,,,3.5973115054947122,3.9708497009230195,4.514091551477275,4.595920494523732,4.78786437047514,,,,,,,2.474973591246313,3.630171047488006,3.637589743135269,3.7936099947359145,,,3.4352873075495256,3.9558377528642414,4.492685883343354,4.974104129049634,5.465760130123789,"rgba(239, 83, 80, 1.0)",0.0,0.0,0.6630796767038035,4.005110784916831,-2.6619889689445313,0.0,0.0,0.0,0.0,0.0,0.0,0.0,0.0,27.26795345606683,-15.136639709033453,False,True,False,True,False,0.0,0,0.7827609518658734,1.1368712817739317,False,False,False,False,-0.34282825441539394,-0.3391842521778332,False,False,False,False,-1400871,-1059766.0759488563,False,False,False,False,44375.54424269754,False,False,False,False
2023-10-30 00:00:00+00:00,2.3,2.3,2.15,2.24,82743,,,,,,3.5717507866390714,3.952941997737038,4.496941371492139,4.579292426573647,4.774059851065291,,,,,,,2.4161279655176773,3.6055877559380654,3.6131793591020065,3.774570015600936,,,3.4088603546507508,3.937884194873329,4.475540900822609,4.960968817078285,5.452968335799322,"rgba(239, 83, 80, 1.0)",0.0,0.0,0.6672615341490307,3.9818893583721184,-2.520584916553086,0.0,0.0,0.0,0.0,0.0,0.0,0.0,0.0,27.00276081606627,-15.391866603710696,False,True,False,True,False,0.0,0,0.7872572815533981,1.1338052858683927,False,False,False,False,-0.34282825441539394,-0.3410062532966136,False,False,False,False,-1318128,-1069897.9161077247,False,False,False,False,45880.15035082705,False,False,False,False
2023-10-31 00:00:00+00:00,2.35,2.37,2.31,2.31,24211,,,,,2.3433333333333333,3.5649692470503194,3.9480557180474407,4.492178582914695,4.574664632524391,4.770197250742698,,,,,,,2.4109526715353047,3.599043234384568,3.606676321428536,3.7694229799329735,,,3.4019540566648523,3.932988692670645,4.470781972691004,4.95728078232844,5.44935312600349,"rgba(239, 83, 80, 1.0)",0.0,0.0,0.6658992768030388,3.9762517620915068,-2.4421888095435236,0.0,0.0,0.0,0.0,0.0,0.0,0.0,0.0,28.23900715190895,-15.391866603710696,False,True,False,True,False,0.0,0,0.8063184372052329,1.1329168432420607,False,False,False,False,-0.28014513813730874,-0.3105756957169612,False,False,False,False,-1293917,-1078682.9782211473,False,False,False,False,45030.379748833824,False,False,False,False
2023-11-01 00:00:00+00:00,2.32,2.35,2.27,2.28,10189,,,,,2.33444757751938,3.562068089212977,3.9459699481860957,4.490152599680885,4.572696677891238,4.7685553259007945,,,,,,,2.4081167965839456,3.5962439550585845,3.603894925743245,3.7672226090626904,,,3.3989926826828554,3.9308987250641745,4.468757409996439,4.9557140310489425,5.447819535939927,"rgba(239, 83, 80, 1.0)",0.0,0.0,0.6652681028341974,3.973822138333508,-2.4859483436645164,0.0,0.0,0.0,0.0,0.0,0.0,0.0,0.0,28.687912906005735,-15.391866603710696,False,True,False,True,False,0.0,0,0.8107015819850243,1.1262681485377364,False,False,False,False,-0.29627352788554256,-0.3034246118012519,False,False,False,False,-1304106,-1087523.0967222787,False,False,False,False,43664.051131232496,False,False,False,False
2023-11-02 00:00:00+00:00,2.44,2.45,2.31,2.31,32881,,,,,2.36648380176672,3.553440252853144,3.9396304871731584,4.483899437776605,4.566611889694416,4.7634581040682615,,,,,,,2.4074210808349648,3.5878976219041405,3.5955974214014974,3.7605875054922735,,,3.390299145455229,3.9245502103644534,4.462511430080806,4.950836014895224,5.443017246194741,"rgba(239, 83, 80, 0.75)",0.0,0.0,0.6604388862888725,3.966976785201166,-2.3120637153598413,0.0,0.0,0.0,0.0,0.0,0.0,0.0,0.0,32.247071889020745,-15.391866603710696,False,True,False,True,True,0.0,0,0.8035215087411858,1.128968999040347,False,False,False,False,-0.25885794766651676,-0.28114127973388436,False,False,False,False,-1271225,-1094727.0929292482,False,False,False,False,43241.18638098808,False,False,False,False
2023-11-03 00:00:00+00:00,2.37,2.45,2.37,2.45,45039,,,,,2.3785867758784427,3.541794488117989,3.93101225481746,4.4753809949955095,4.558319569792572,4.756501850649671,,,,,,,2.4062911116761847,3.5766208492171305,3.584384573508953,3.751580841039552,,,3.378594520222153,3.915920430623177,4.45400318338888,4.944175766247592,5.436456603193288,"rgba(239, 83, 80, 0.5)",0.0,0.0,0.6547515380482435,3.9577981350989306,-2.4250391833091625,0.0,0.0,0.0,0.0,0.0,0.0,0.0,0.0,33.54612581689507,-15.391866603710696,False,False,False,True,True,0.0,0,0.8346111719605694,1.1191021464844026,False,False,False,False,-0.24304280250014182,-0.2620920411170131,False,False,False,False,-1316264,-1103414.81477516,False,False,False,False,43311.6888758513,False,False,False,False
2023-11-06 00:00:00+00:00,2.25,2.42,2.22,2.42,26142,,,,,2.363120037748023,3.534560908553184,3.925730834663833,4.470232122704833,4.553314143517976,4.752312649309824,,,,,,,2.3999898477272694,3.5696263988543735,3.5774320656694734,3.7460256263322274,,,3.3712473376929157,3.91062924509285,4.4488583252446645,4.94017473939381,5.432536706227603,"rgba(239, 83, 80, 0.5)",0.0,0.0,0.6493490364750958,3.9518662416468855,-2.6208805219535525,0.0,0.0,0.0,0.0,0.0,0.0,0.0,0.0,32.801622839987964,-15.391866603710696,False,False,False,True,True,0.0,0,0.8224739646576477,1.1153269239010872,False,False,False,False,-0.29088112089128715,-0.27648658100415013,False,False,False,False,-1342406,-1112787.0181173105,False,False,False,False,42638.36774346498,False,False,False,False
2023-11-07 00:00:00+00:00,2.25,2.51,2.195,2.2499,70151,,,,,2.3480594609795813,3.5158914814375577,3.911911874897593,4.456671387021472,4.540119053971509,4.741239862434892,,,,,,,2.3890777664750926,3.551542545161156,3.559450455618629,3.731545712978879,,,3.3524035751025743,3.89678831324395,4.435310588222533,4.92958518169227,5.422138377350718,"rgba(239, 83, 80, 0.5)",0.0,0.0,0.6443040452322699,3.9368717374580067,-2.6181299806210183,0.0,0.0,0.0,0.0,0.0,0.0,0.0,0.0,32.305287522049895,-15.391866603710696,False,False,False,True,True,0.0,0,0.7912029304851862,1.1259350745954444,False,False,False,False,-0.27346711608338153,-0.2749768485437658,False,False,False,False,-1342406,-1121791.6840734943,False,False,False,False,43717.29449862322,False,False,False,False
2023-11-08 00:00:00+00:00,2.15,2.28,2.0956,2.28,60387,,,,,2.309254761090459,3.4984069695085593,3.899153737961103,4.444361997922751,4.52816093558785,4.731230287353519,,,,,,,2.3670127701582224,3.534630407109486,3.5426397257522746,3.7180755812789092,,,3.3345429669713815,3.8840020718173602,4.423006522556248,4.920041887234793,5.412832577060842,"rgba(239, 83, 80, 0.75)",0.0,0.0,0.6402228989659186,3.9223270999071005,-2.768296952154859,0.0,0.0,0.0,0.0,0.0,0.0,0.0,0.0,30.734629932009213,-15.391866603710696,False,True,False,True,True,0.0,0,0.7782525374405566,1.1671232876712327,False,False,False,False,-0.34282825441539394,-0.3089025514795799,False,False,False,False,-1402793,-1132811.3435215927,False,False,False,False,44371.008439853686,False,False,False,False
2023-11-09 00:00:00+00:00,2.0,2.1999,1.98,2.07,83003,,,,,2.250472137926855,3.4730760600862043,3.8807683639172033,4.4268094077968705,4.511124911208481,4.716984154483151,,,,,,,2.328879805108884,3.5101374364554685,3.518296507555716,3.6985819341580264,,,3.308505598238675,3.8655694906586793,4.405455490751379,4.906485683866933,5.399676127551093,"rgba(239, 83, 80, 1.0)",0.0,0.0,0.6383695659276586,3.9010239345872515,-2.9779363491815958,0.0,0.0,0.0,0.0,0.0,0.0,0.0,0.0,28.1802849065567,-15.722438319214277,False,True,False,True,False,0.0,0,0.7731300605854708,1.1581733763660043,False,False,False,False,-0.34282825441539394,-0.3258654029474869,False,False,False,False,-1485796,-1146653.8790697656,False,False,False,False,45885.9885010359,False,False,False,False
2023-11-10 00:00:00+00:00,2.0,2.068,1.97,1.98,82090,,,,,2.205501472341948,3.4480765590740443,3.8624801634117136,4.409360351390744,4.4941853200764665,4.7027952213674995,,,,,,,2.294289008997964,3.4859367712936806,3.4942389296648706,3.6792047020235614,,,3.2828435147696844,3.847234398069198,4.388007157607776,4.892983706366101,5.3865827028554385,"rgba(239, 83, 80, 1.0)",0.0,0.0,0.6372310101998531,3.746745678280007,-2.7411498347077927,0.0,0.0,0.0,0.0,0.0,0.0,0.0,0.0,26.47738822292169,-17.552998711606776,False,True,False,True,False,0.0,0,0.7793747497282764,1.1643641668096791,False,False,False,False,-0.34282825441539394,-0.3343468286814404,False,False,False,False,-1485796,-1159953.5700866375,False,False,False,False,47305.753657858026,False,False,False,False
2023-11-13 00:00:00+00:00,2.03,2.03,1.98,2.0,57639,,,,,2.1829762363102936,3.4310366117434077,3.8498562792654996,4.397261937772483,4.482431060172325,4.692923641919793,,,,,,,2.274248611172987,3.4694140874671655,3.477808763392584,3.665868477924711,,,3.265433223019985,3.834580465179252,4.375910600619503,4.883580596575855,5.3774513683573915,"rgba(239, 83, 80, 1.0)",0.0,0.0,0.6258253433349639,3.7332372482502416,-2.7215856091315382,0.0,0.0,0.0,0.0,0.0,0.0,0.0,0.0,26.32024056820986,-17.951528666881742,False,True,False,True,False,0.0,0,0.7726901301581742,1.1797116675421702,False,False,False,False,-0.34282825441539394,-0.3385875415484172,False,False,False,False,-1428157,-1170471.3516518674,False,False,False,False,47710.97900460869,False,False,False,False
2023-11-14 00:00:00+00:00,2.05,2.14,2.01,2.01,51202,,,,,2.172007531854701,3.4167923887367464,3.839107384548575,4.3868548214178675,4.472306050464022,4.684388412102848,,,,,,,2.26187926193164,3.4555708535573486,3.4640367789932784,3.654576042353057,,,3.251004892082376,3.823810176481249,4.365508110390815,4.87543321836111,5.369509107471483,"rgba(239, 83, 80, 1.0)",0.0,0.0,0.6067425430225565,3.7228683856732503,-2.757130524158843,0.0,0.0,0.0,0.0,0.0,0.0,0.0,0.0,26.886627438274715,-17.951528666881742,False,True,False,True,False,0.0,0,0.7651102122171415,1.1710780865283152,False,False,False,False,-0.30617177941122886,-0.322379660479823,False,False,False,False,-1376955,-1178568.749626304,False,False,False,False,47847.88178874168,False,False,False,False
2023-11-15 00:00:00+00:00,2.07,2.19,2.07,2.09,65837,,,,,2.1653015785903076,3.3994820711307105,3.8258084091306372,4.373856253599904,4.459643361811133,4.673675091734917,,,,,,,2.2510704852519763,3.4387103130801333,3.447255568034089,3.6406780740289206,,,3.2336155825519737,3.81048959005248,4.352518781838405,4.865186650200597,5.3594858021324905,"rgba(239, 83, 80, 1.0)",0.0,0.0,0.5935307167381291,3.710644889830065,-2.7642122700010687,0.0,0.0,0.0,0.0,0.0,0.0,0.0,0.0,27.961524951444794,-17.951528666881742,False,True,False,True,False,0.0,0,0.7774785267142232,1.1481001601397582,False,False,False,False,-0.27566573432486496,-0.299022697402344,False,False,False,False,-1311118,-1183766.7594448803,False,False,False,False,48553.33740486946,False,False,False,False
2023-11-16 00:00:00+00:00,2.13,2.17,2.05,2.06,36670,,,,,2.1625384411071917,3.390086763251796,3.8185178861251443,4.366701572236174,4.452669008937369,4.6677619596729425,,,,,,,2.2459460249794567,3.429547452256587,3.4381335693941537,3.6330783116942267,,,3.2242140635306495,3.803188403466077,4.3453699441369205,4.85952608647311,5.353941088077047,"rgba(239, 83, 80, 0.75)",0.0,0.0,0.5806316458031493,3.703887972290827,-2.7106479360314095,0.0,0.0,0.0,0.0,0.0,0.0,0.0,0.0,30.716834932420745,-17.951528666881742,False,True,False,True,True,0.0,0,0.7878070304456537,1.1540373584350638,False,False,False,False,-0.28342285601669404,-0.291222776709519,False,False,False,False,-1274448,-1187322.886525473,False,False,False,False,48087.324173305955,False,False,False,False
2023-11-17 00:00:00+00:00,2.06,2.19,2.05,2.12,76709,,,,,2.1558954150338114,3.3706198145404747,3.8033189915158023,4.351770814248023,4.438109850535475,4.655400215323262,,,,,,,2.2351655487571973,3.410546595905788,3.4192146218070962,3.6172510908316666,,,3.2047618601353025,3.78796803832592,4.330451601492204,4.847688485670604,5.342343947508891,"rgba(239, 83, 80, 0.75)",0.0,0.0,0.5726749073859578,3.6894188949959537,-2.845277266352787,0.0,0.0,0.0,0.0,0.0,0.0,0.0,0.0,31.33443427950021,-17.951528666881742,False,True,False,True,True,0.0,0,0.7931322301947575,1.1343242055937912,False,False,False,False,-0.27787138505482895,-0.28454708088217395,False,False,False,False,-1351157,-1193747.7537205527,False,False,False,False,49209.74283317631,False,False,False,False
2023-11-20 00:00:00+00:00,2.17,2.1799,2.07,2.09,125129,,,,,2.153543004134412,3.3410556373186164,3.7796634365739314,4.328258016592744,4.415142962856651,4.635800385638348,,,,,,,2.2249283647082585,3.3816015078040085,3.3903768524820643,3.5927850718263317,,,3.1755331646492677,3.764289957207177,4.306965924263193,4.828872953532068,5.323833887118098,"rgba(239, 83, 80, 0.5)",0.0,0.0,0.5632940841382867,3.66788569058784,-2.659153953088764,0.0,0.0,0.0,0.0,0.0,0.0,0.0,0.0,35.086132251271295,-19.928025652682006,False,False,False,True,True,0.0,0,0.7945935655815725,1.135805180922257,False,False,False,False,-0.2735432330119679,-0.27904515694707094,False,False,False,False,-1226028,-1195013.6457315115,False,False,False,False,52186.9686044243,False,False,False,False
2023-11-21 00:00:00+00:00,2.12,2.17,2.09,2.17,147938,,,,,2.1495478637657253,3.307516899170249,3.7523295646864057,4.300931029276266,4.388419546132447,4.612896848818888,,,,,,,2.2138448331354765,3.348688053747443,3.3575708768053882,3.564629228601211,,,3.1425634855323126,3.7369366773200663,4.279674252051986,4.8068538639387635,5.302133638530541,"rgba(239, 83, 80, 0.5)",0.0,0.0,0.5475903232911703,3.642716774655838,-2.780759100167962,0.0,0.0,0.0,0.0,0.0,0.0,0.0,0.0,36.60543845360377,-18.4433156225406,True,False,False,True,True,0.0,0,0.799864882727019,1.1317834011367476,False,False,False,False,-0.2677556980918318,-0.27340042751945137,False,False,False,False,-1373966,-1202031.3851145895,False,False,False,False,55941.91101209394,False,False,False,False
2023-11-22 00:00:00+00:00,2.04,2.1,2.0,2.1,48811,,,,,2.1447379026233016,3.296131431351174,3.743074120127145,4.291736639970243,4.379431722763979,4.605191251635059,,,,,,,2.207846340464758,3.3375177141190897,3.3464379241133213,3.5550714852216023,,,3.1313142984102376,3.727672590657765,4.270489821184114,4.799452848669248,5.29485954085004,"rgba(239, 83, 80, 0.5)",0.0,0.0,0.5375598604839931,3.633706211871817,-2.9647046385437346,0.0,0.0,0.0,0.0,0.0,0.0,0.0,0.0,36.1843479166572,-18.4433156225406,True,False,False,True,True,0.0,0,0.7966534772007184,1.1237132970258,False,False,False,False,-0.315412157403677,-0.2944062924615642,False,False,False,False,-1422777,-1210688.0758944096,False,False,False,False,55662.26744299221,False,False,False,False
2023-11-24 00:00:00+00:00,2.21,2.21,2.09,2.13,46068,,,,,2.145805491442956,3.286615035442546,3.7350588822553976,4.283600421846133,4.371457187864078,4.598309541228262,,,,,,,2.20660667497611,3.328140128832551,3.3370833732598557,3.546889193681307,,,3.122090467254294,3.7196564816751096,4.262367471853289,4.7928153852805035,5.288283521420013,"rgba(239, 83, 80, 0.5)",0.0,0.0,0.5242078794723212,3.626680037040434,-2.7025157242323306,0.0,0.0,0.0,0.0,0.0,0.0,0.0,0.0,40.26432279562826,-14.848974066438942,True,False,False,True,True,0.0,0,0.8010262505616839,1.1083216164895855,False,False,False,False,-0.2553235602136754,-0.27486492633761983,False,False,False,False,-1376709,-1217198.7003691387,False,False,False,False,55286.02166091409,False,False,False,False
2023-11-27 00:00:00+00:00,2.1,2.18,2.05,2.16,168678,,,,,2.1410074906218277,3.2513013663270756,3.705296497554905,4.253504025665875,4.341960693419846,4.572826211716187,,,,,,,2.1962610986534274,3.2933388072866956,3.302367884889513,3.5164669406329168,,,3.087740323884621,3.68988691440135,4.232318424248734,4.768246184178255,5.26398103278082,"rgba(239, 83, 80, 0.5)",0.0,0.0,0.5214072693590945,3.599417198538557,-2.875712109617529,0.0,0.0,0.0,0.0,0.0,0.0,0.0,0.0,40.95239380044791,-14.177365980469496,True,False,False,True,True,0.0,0,0.7926827515843021,1.1045136443978216,False,False,False,False,-0.27344298657706534,-0.2741539564573426,False,False,False,False,-1545387,-1230068.8297664274,False,False,False,False,59732.765909505695,False,False,False,False
2023-11-28 00:00:00+00:00,2.03,2.1,2.02,2.09,177411,,,,,2.129765394430384,3.214540548431521,3.6740133587006287,4.221874576550894,4.310944109662568,4.545941323360745,,,,,,,2.1814548122961157,3.2570683971608765,3.2661795172785144,3.484522336429842,,,3.0519729290667077,3.658596696150317,4.200737574239008,4.742313470098369,5.238339453698526,"rgba(239, 83, 80, 0.5)",0.0,0.0,0.5219175230827836,3.5700529436879407,-2.9507592207124773,0.0,0.0,0.0,0.0,0.0,0.0,0.0,0.0,40.2684993912702,-14.177365980469496,True,False,False,True,True,0.0,0,0.795708887698522,1.1125331171369424,False,False,False,False,-0.3057055706729814,-0.289929763565162,False,False,False,False,-1722798,-1249391.5423246068,False,False,False,False,64347.59861893684,False,False,False,False
2023-11-29 00:00:00+00:00,2.01,2.08,2.01,2.04,108020,,,,,2.1230197931405916,3.1929349824381625,3.655348994578271,4.202912888891847,4.292330690884101,4.529743358599813,,,,,,,2.172855118896422,3.2357120058121,3.2448640368801067,3.465526843617494,,,3.0310355090911516,3.639931796120486,4.181807191332003,4.726668554509638,5.22284595814182,"rgba(239, 83, 80, 0.5)",0.0,0.0,0.5182682789916592,3.552613960581616,-2.9764776721101285,0.0,0.0,0.0,0.0,0.0,0.0,0.0,0.0,39.49073624390045,-14.177365980469496,True,False,False,True,True,0.0,0,0.8013122402857769,1.1058686301669463,False,False,False,False,-0.31432622180963354,-0.30212799268739776,False,False,False,False,-1830818,-1272192.5798805046,False,False,False,False,66060.24181035109,False,False,False,False
2023-11-30 00:00:00+00:00,2.05,2.15,1.99,2.03,209481,,,,,2.115890136356604,3.1542388844654052,3.6209852728589644,4.1675575717276265,4.257555643411014,4.499289269991814,,,,,,,2.161771790718489,3.1973329881648405,3.2065331522575464,3.4308141515960475,,,2.9939409938949018,3.605584117715616,4.146522313765432,4.6971702704742775,5.193501326613415,"rgba(239, 83, 80, 0.5)",0.0,0.0,0.518600637891614,3.4022365253488145,-2.607471774131192,0.0,0.0,0.0,0.0,0.0,0.0,0.0,0.0,40.04338335974305,-14.177365980469496,True,False,False,True,True,0.0,1,0.8053276919091616,1.0830670926517572,False,False,False,False,-0.29586584776115604,-0.29899692022427693,False,False,False,False,-1621337,-1285884.5179244066,False,False,False,False,71684.58526876869,False,False,False,False
2023-12-01 00:00:00+00:00,2.355,2.38,2.05,2.05,132747,,,,,2.12614833109189,3.135274512769969,3.602642962595215,4.1478069682659395,4.2380166534513055,4.481916770577485,,,,,,,2.1677918250922668,3.1783173936129927,3.1874997424187974,3.412756157446723,,,2.9765750478585065,3.5872831414118207,4.126836024855977,4.680195563809346,5.176346768390693,#000000,0.0,0.0,0.5113998893691848,3.3924565103790782,-2.028660021140771,0.0,0.0,0.0,0.0,0.0,0.0,0.0,0.0,46.35151904930076,-8.667402991725524,True,False,False,False,True,0.0,1,0.8380720928272413,1.0445733711684884,False,False,False,False,-0.1952148684132649,-0.24710589431877092,False,False,False,False,-1488590,-1293833.7525156063,False,False,False,False,74079.18976803265,False,False,False,False
2023-12-04 00:00:00+00:00,2.24,2.415,2.2064,2.38,119464,,,,,2.1357360179510714,3.119361592401803,3.586859690738771,4.1306146905050936,4.220979385048503,4.466688322988597,,,,,,,2.1739311805921284,3.1623108558647406,3.1714682024962135,3.397324579254713,,,2.962168388017509,3.571542679978741,4.109705024790575,4.66527915356476,5.1612128571988105,#000000,0.0,0.0,0.5055926234636623,3.2778761142428054,-2.052791251447914,0.0,0.0,0.0,0.0,0.0,0.0,0.0,0.0,48.36394722488269,-6.870331711800645,True,False,False,False,True,0.0,0,0.8518451620074473,1.0475601622853332,False,False,False,False,-0.11816590579537252,-0.18263590005707173,False,False,False,False,-1608054,-1306156.1151620531,False,False,False,False,75858.98624771765,False,False,False,False
2023-12-05 00:00:00+00:00,2.07,2.23,2.035,2.18,81349,,,,,2.134797931277227,3.1066496314137537,3.5749051393392115,4.117991196887403,4.208509863468846,4.455613751562132,,,,,,,2.171823844148719,3.149616186561511,3.1587723565781807,3.3854334652130245,,,2.9502362026125657,3.559605835203373,4.0971155114755655,4.654486182090055,5.150374196425763,#000000,0.0,0.0,0.5023644723336145,3.2644347720431446,-2.3776258828469348,0.0,0.0,0.0,0.0,0.0,0.0,0.0,0.0,47.023926397681514,-6.870331711800645,True,False,False,False,True,0.0,0,0.8348376685539235,1.0598041629058286,False,False,False,False,-0.2452821679887884,-0.21395903402293007,False,False,False,False,-1689403,-1321185.4047635412,False,False,False,False,76074.2809046699,False,False,False,False
2023-12-06 00:00:00+00:00,2.16,2.19,2.0745,2.13,66680,,,,,2.1350054100589655,3.09677197559274,3.5654466555027287,4.10791323786863,4.1985421537049925,4.446728099558005,,,,,,,2.171005309949579,3.1397297539108098,3.14888058571078,3.3760738592225046,,,2.941041678081706,3.5501646922123893,4.087067162257686,4.645810222217916,5.141633934975679,#000000,0.0,0.0,0.49733028704713167,3.2560953780532254,-2.2039586299101646,0.0,0.0,0.0,0.0,0.0,0.0,0.0,0.0,47.6534494014406,-6.870331711800645,True,False,False,False,True,0.0,1,0.8618875822753436,1.0540882928038338,False,False,False,False,-0.2454684823129595,-0.2297137581679448,False,False,False,False,-1622723,-1333010.4084983042,False,False,False,False,75705.87773193774,False,False,False,False
2023-12-07 00:00:00+00:00,2.19,2.2128,2.11,2.2,24712,,,,,2.1354129356965226,3.0932736298595076,3.5620447145082905,4.104259854760663,4.194924942672693,4.443494156139758,,,,,,,2.171004597041893,3.1362214413026632,3.145369007996249,3.372722653726998,,,2.937810502901467,3.546770041242155,4.083425302891583,4.6426476677468385,5.138439277537206,#000000,0.0,0.0,0.4930126636167215,3.2534369936628793,-2.1570176024720085,0.0,0.0,0.0,0.0,0.0,0.0,0.0,0.0,48.57070512281932,-6.681023602359332,True,False,False,False,True,0.0,1,0.8751607861578679,1.038685495359677,False,False,False,False,-0.22385288690461694,-0.22678332253628086,False,False,False,False,-1598011,-1343402.5885571942,False,False,False,False,73706.11782088137,False,False,False,False
2023-12-08 00:00:00+00:00,2.21,2.29,2.1009,2.16,56688,,,,,2.137058475497534,3.0855999950733164,3.5544666297879934,4.096057545606983,4.186795505082092,4.436205691619958,,,,,,,2.1716554268943145,3.128510709928311,3.1376480538174594,3.365291276935386,,,2.930779777885032,3.53921054584657,4.075250629519018,4.635509217565418,5.131209066136184,#000000,0.0,0.0,0.4858567894141113,3.248046977417514,-2.1365287056485966,0.0,0.0,0.0,0.0,0.0,0.0,0.0,0.0,49.52900387478143,-5.599301888621483,True,False,False,False,True,0.0,1,0.8620826654610716,1.0387023413204006,False,False,False,False,-0.19886032900730916,-0.212821825771795,False,False,False,False,-1541323,-1351164.1733196573,False,False,False,False,73038.74065143504,False,False,False,False
2023-12-11 00:00:00+00:00,2.14,2.25,2.1023,2.16,24287,,,,,2.1373491259343966,3.0822197781428113,3.5511595733248136,4.09249830108481,4.183269728245862,4.433047224855262,,,,,,,2.171584191534848,3.1251185938528234,3.1342523474395505,3.3620381410015145,,,2.927661186429126,3.5359108562669515,4.071702807042459,4.632418350286559,5.128084158159504,#000000,0.0,0.0,0.48270141667248717,3.24544006532413,-2.290111499867776,0.0,0.0,0.0,0.0,0.0,0.0,0.0,0.0,48.88638098118041,-5.599301888621483,True,False,False,False,True,0.0,1,0.8577049269600969,1.0468598968047595,False,False,False,False,-0.21299441396773908,-0.21290811986976704,False,False,False,False,-1565610,-1359573.8135816315,False,False,False,False,71126.9076847121,False,False,False,False
2023-12-12 00:00:00+00:00,2.11,2.1699,2.0785,2.15,40689,,,,,2.137032811213484,3.0763393824553935,3.5454770906793893,4.08642731744919,4.17726035353519,4.427671645234532,,,,,,,2.1707737584641054,3.119227338158084,3.128356859146473,3.3564257422904373,,,2.9221908508701584,3.5302393858758108,4.065650041314643,4.62716406115663,5.122784983542385,#000000,0.0,0.0,0.4774140458460976,3.24053123689322,-2.3680309507644144,0.0,0.0,0.0,0.0,0.0,0.0,0.0,0.0,47.91800370605995,-5.599301888621483,True,False,False,False,True,0.0,1,0.8701192056605579,1.0455198653290814,False,False,False,False,-0.25147681968210955,-0.2321924697759383,False,False,False,False,-1606299,-1369249.3110882342,False,False,False,False,69933.26424609593,False,False,False,False
2023-12-13 00:00:00+00:00,2.11,2.1506,2.04,2.15,84395,,,,,2.135729289171748,3.064127692266644,3.533676101753298,4.073831372474761,4.164791261842459,4.416508750699026,,,,,,,2.168568649401914,3.106994124642182,3.1161151351831786,3.3447661112113716,,,2.910810646258656,3.518460830941524,4.0530914961465605,4.616252441524736,5.111782878806696,#000000,0.0,0.0,0.46797881487428455,3.230223643046544,-2.393748621606889,0.0,0.0,0.0,0.0,0.0,0.0,0.0,0.0,47.27241885597965,-5.599301888621483,True,False,False,False,True,0.0,1,0.8782127811397913,1.0359392367543536,False,False,False,False,-0.27319780102998487,-0.25269513540296157,False,False,False,False,-1606299,-1378545.3773200682,False,False,False,False,70500.3911384059,False,False,False,False
2023-12-14 00:00:00+00:00,1.99,2.1749,1.98,2.07,235843,,,,,2.1278608399795464,3.029814056302093,3.500539213988448,4.038560356496317,4.129870548227932,4.38518768462277,,,,,,,2.158910591288158,3.0726303368272094,3.0817300147883606,3.311989520529725,,,2.8786837905366105,3.4853833637147744,4.017921973280995,4.585634628069059,5.080935114998097,"rgba(239, 83, 80, 0.5)",0.0,0.0,0.46111876291632553,3.2004918652857706,-2.6251195193838295,0.0,0.0,0.0,0.0,0.0,0.0,0.0,0.0,44.67454807955396,-5.599301888621483,True,False,False,True,False,0.0,1,0.875545969995388,1.0268033965437724,False,False,False,False,-0.28673924005787005,-0.2697171877304158,False,False,False,False,-1842142,-1396725.6370330069,False,False,False,False,76984.41501533116,False,False,False,False
2023-12-15 00:00:00+00:00,1.96,1.99,1.9,1.97,232173,,,,,2.1133853267398437,2.995062235165058,3.4672186623223262,4.003361135204804,4.095029704509355,4.3538894552399015,,,,,,,2.143605242992456,3.0378690481112343,3.046956188355062,3.2789153732069543,,,2.8458349180367595,3.452112911664114,3.982815758447573,4.5550577407559985,5.050203375946015,"rgba(239, 83, 80, 0.5)",0.0,0.0,0.45717726764792577,3.169058434912856,-2.644616258225589,0.0,0.0,0.0,0.0,0.0,0.0,0.0,0.0,42.45002560862329,-3.0040326022026136,True,False,False,True,False,0.0,1,0.8548053643807296,1.0615462038573487,False,False,False,False,-0.34282825441539394,-0.3062727210729049,False,False,False,False,-2074315,-1423297.7689140656,False,False,False,False,83070.24187747504,True,False,False,False
2023-12-18 00:00:00+00:00,2.0,2.0899,1.86,1.92,175956,,,,,2.1058277845482616,2.970972397359594,3.4434384442941286,3.9778851507943482,4.069756537360064,4.331021555193997,,,,,,,2.1351727685010933,3.0136892439614913,3.022751132326763,3.255502034714369,,,2.823316757067297,3.4283813383493684,3.9574168483522607,4.532643256503357,5.027557619166475,"rgba(239, 83, 80, 0.5)",0.0,0.0,0.4529035157675019,3.0386729082782296,-2.293364639746874,0.0,0.0,0.0,0.0,0.0,0.0,0.0,0.0,42.04258881956582,-3.4869829485533472,True,False,False,True,False,0.0,1,0.8442190180102915,1.055920347341338,False,False,False,False,-0.3208032039722948,-0.3135379625225998,False,False,False,False,-1898359,-1441927.6211135138,False,False,False,False,86712.82062737798,False,False,False,False
2023-12-19 00:00:00+00:00,1.98,2.05,1.975,1.99,127976,,,,,2.101604907657761,2.9544723869591336,3.426827509708202,3.959922913350056,4.0519101126485895,4.314792484791922,,,,,,,2.1302531974212737,2.997089183496419,3.006126131044679,3.2392360167527814,,,2.8080059354958844,3.4118103705435483,3.939513504640683,4.516700369971167,5.011394009655162,"rgba(239, 83, 80, 0.5)",0.0,0.0,0.44586424831768845,3.025993718394048,-2.3459914589266497,0.0,0.0,0.0,0.0,0.0,0.0,0.0,0.0,41.38853410143521,-4.263151639178972,True,False,False,True,False,0.0,1,0.8555690399136999,1.065062028047465,False,False,False,False,-0.29360558317532465,-0.3035717728489622,False,False,False,False,-2026335,-1464845.5575404349,False,False,False,False,88330.98452434356,False,False,False,False
2023-12-20 00:00:00+00:00,1.96,2.0804,1.94,1.94,107829,,,,,2.0980329881424487,2.9408838795896317,3.413047022424985,3.944977651722275,4.0370513888555095,4.301244986072887,,,,,,,2.1261341420051143,2.9834076176623725,2.992421949223912,3.225766127176099,,,2.7954147995107164,3.3980645772100284,3.9246183776850327,4.503379136221615,4.997871708461665,"rgba(239, 83, 80, 0.5)",0.0,0.0,0.4376013344676836,3.0152185959906754,-2.4113696940030747,0.0,0.0,0.0,0.0,0.0,0.0,0.0,0.0,40.55567799074711,-5.232190950969766,True,False,False,True,False,0.0,1,0.8420819698514028,1.0673381256370367,False,False,False,False,-0.29525902622414735,-0.29941539953655477,False,False,False,False,-2134164,-1491093.339597673,False,False,False,False,89095.61258221243,True,False,False,False
2023-12-21 00:00:00+00:00,2.3,2.34,1.99,2.14,297160,,,,,2.1073748007047697,2.9134714803216673,3.381995022402766,3.909384563161722,4.0014150113169,4.2681430537353,,,,,,,2.1325605915036303,2.9554041392283503,2.9642910626255605,3.1963745412672657,,,2.7714952103492427,3.3671590502277344,3.8891984462457954,4.470490607103099,4.963866961066038,#000000,0.0,0.0,0.4251191989704805,3.0020051372844327,-1.651313652699037,0.0,0.0,0.0,0.0,0.0,0.0,0.0,0.0,47.274326926295984,-7.286116235342597,True,False,False,False,True,0.0,1,0.8476004348726445,1.031774176848209,False,False,False,False,-0.186947905555942,-0.2431816525462484,False,False,False,False,-1837004,-1504658.463535019,False,False,False,False,97255.00032408645,False,False,False,False
2023-12-22 00:00:00+00:00,2.43,2.47,2.3,2.33,140932,,,,,2.1185130909032632,2.9044976657317685,3.3701195337210295,3.894840494710742,3.986737007212031,4.254223357849892,,,,,,,2.1419389666713275,2.9460277099270082,2.95483039242826,3.1855938493788276,,,2.7644332180424303,3.3553724625662658,3.8747501065565,4.4565038387053635,4.949120885161748,"rgba(38, 166, 154, 1.0)",0.0,0.0,0.4148758307673812,2.9163811595096085,-1.1723535656679887,0.0,0.0,0.0,0.0,0.0,0.0,0.0,0.0,53.463467975852026,-1.7279413683119955,True,False,True,False,True,0.0,1,0.8992376144879267,1.0163275395503746,False,False,False,False,-0.03962074829572679,-0.14140120042098758,False,False,False,False,-1696072,-1512164.8767297242,False,False,False,False,98967.82384078894,False,False,False,False
2023-12-26 00:00:00+00:00,2.42,2.43,2.33,2.43,66100,,,,,2.1233332628220873,2.900341740072154,3.3646104773398444,3.888085158903117,3.9799164824281528,4.24774273002392,,,,,,,2.146006814774305,2.9416858078630215,2.950449562579449,3.1805953412345924,,,2.7611537627649203,3.3499048281334836,3.8680394856487967,4.449987595976703,4.942245015885258,"rgba(38, 166, 154, 1.0)",0.0,0.0,0.4043265449546008,2.915437248305723,-1.2253394057057334,0.0,0.0,0.0,0.0,0.0,0.0,0.0,0.0,57.349722211533795,1.540493202758185,True,False,True,False,True,0.0,0,0.9006072185725128,1.0151150312769912,False,False,False,False,-0.04292637572558602,-0.0921637880732868,False,False,False,False,-1762172,-1521969.077642284,False,False,False,False,97678.88957252272,False,False,False,False
2023-12-27 00:00:00+00:00,2.29,2.45,2.2501,2.42,113510,,,,,2.1293769159186318,2.8924888757702623,3.354686466314094,3.8761400076327264,3.967877295285766,4.236342271426186,,,,,,,2.1509821131947064,2.933544152740199,2.9422470925965247,3.1714787806852534,,,2.7547090877156957,3.3400473280624032,3.8561678400218513,4.438551647907496,4.930232275200758,"rgba(38, 166, 154, 1.0)",0.0,0.0,0.39337386796782775,2.911032356678249,-1.578733127054185,0.0,0.0,0.0,0.0,0.0,0.0,0.0,0.0,57.00679069107484,1.540493202758185,True,False,True,False,True,0.0,0,0.8860744642019086,1.020271679616207,False,False,False,False,-0.06274925497601025,-0.07745652152464852,False,False,False,False,-1875682,-1535840.1726367043,False,False,False,False,98299.71743242379,False,False,False,False
2023-12-28 00:00:00+00:00,2.35,2.41,2.24,2.32,51394,,,,,2.132041705439757,2.889024459436658,3.350269780890998,3.8708030393947936,3.9624947660751735,4.231233796644796,,,,,,,2.153187281640269,2.9299484768839874,2.938623798145343,3.1674309696727416,,,2.7518762563604966,3.3356609171422367,3.850864265200618,4.433422305700423,4.924836376914813,"rgba(38, 166, 154, 1.0)",0.0,0.0,0.3838782300358612,2.9092555145088665,-1.4568565517680485,0.0,0.0,0.0,0.0,0.0,0.0,0.0,0.0,57.71303537467631,1.540493202758185,True,False,True,False,True,0.0,0,0.8825543863332197,1.0335240244574488,False,False,False,False,-0.07936624898124485,-0.07841138525294669,False,False,False,False,-1824288,-1547151.8521411475,False,False,False,False,96460.27753311305,False,False,False,False
2023-12-29 00:00:00+00:00,2.31,2.43,2.2901,2.35,110250,,,,,2.137803232158371,2.8818671512185547,3.341015040948836,3.859551770279093,3.9511373360632223,4.220424578650304,,,,,,,2.1579961181128997,2.9225058568665823,2.9311212286336987,3.158981063273648,,,2.7460685979027986,3.3264718930332466,3.839685181222944,4.422554933830059,4.913380972552663,"rgba(38, 166, 154, 1.0)",0.0,0.0,0.37449695989813203,2.905833409686872,-1.591023355300257,0.0,0.0,0.0,0.0,0.0,0.0,0.0,0.0,57.29758792017142,1.540493202758185,True,False,True,False,True,0.0,0,0.8777171423710625,1.0308193631973617,False,False,False,False,-0.044682868317355025,-0.061547126785150855,False,False,False,False,-1934538,-1562343.465782671,False,False,False,False,97001.05096318705,False,False,False,False
2024-01-02 00:00:00+00:00,2.26,2.3612,2.23,2.31,67342,,,,,2.1401936086196547,2.8771130386724693,3.335112441799824,3.8524934342233066,3.944023721578529,4.213675034335795,,,,,,,2.1599085742105366,2.917593407752097,2.9261753125402388,3.153533307878834,,,2.74208836734334,3.320606972102047,3.832669167512134,4.415783641845687,4.906272557219957,"rgba(38, 166, 154, 1.0)",0.0,0.0,0.3633132939344771,2.9026448292013747,-1.7688447957461055,0.0,0.0,0.0,0.0,0.0,0.0,0.0,0.0,55.92456497333663,1.540493202758185,True,False,True,False,True,0.0,0,0.8744549300357957,1.0331012040351448,False,False,False,False,-0.046111215908560314,-0.05382917134685558,False,False,False,False,-2001880,-1579580.1926147232,False,False,False,False,95837.95092541502,False,False,False,False
2024-01-03 00:00:00+00:00,2.32,2.38,2.1604,2.2,94322,,,,,2.1434817457396096,2.8706136525554746,3.326978753194873,3.8427319971953806,3.9341797534198504,4.204314948904934,,,,,,,2.1625554405305834,2.9108711840892934,2.9194060323739723,3.146042488229699,,,2.7366638722951255,3.312526341996471,3.8229672013602096,4.40638479084174,4.896392149557801,"rgba(38, 166, 154, 1.0)",0.0,0.0,0.35280361022438206,2.898402017002181,-1.6394447228992897,0.0,0.0,0.0,0.0,0.0,0.0,0.0,0.0,56.12325032008156,1.540493202758185,True,False,True,False,True,0.0,0,0.8973973122571021,1.028199055233509,False,False,False,False,-0.0211801894313389,-0.03750468038909724,False,False,False,False,-1907558,-1592442.067414146,False,False,False,False,95778.50186951639,False,False,False,False
2024-01-04 00:00:00+00:00,2.3301,2.38,2.2922,2.38,44243,,,,,2.1454662316661746,2.8678571068373153,3.3233783852337697,3.838332999795581,3.9297339128582776,4.200063265487918,,,,,,,2.1642176265198274,2.908002416061449,2.91651368955646,3.142764226283857,,,2.734426600343105,3.30895216465316,3.8185970354872563,4.402102412359486,4.8918667855230025,"rgba(38, 166, 154, 1.0)",0.0,0.0,0.34385151513062734,2.8969588270373006,-1.648557013983068,0.0,0.0,0.0,0.0,0.0,0.0,0.0,0.0,56.44476602182147,1.540493202758185,True,False,True,False,True,0.0,0,0.9371933137408741,1.0206784664689692,False,False,False,False,0.061205886438765615,0.011850603024834188,False,False,False,False,-1863315,-1603064.5353586893,False,False,False,False,93757.50179620202,False,False,False,False
2024-01-05 00:00:00+00:00,2.34,2.35,2.3,2.34,47377,,,,,2.1475007778029105,2.8649140987470485,3.3195359616227527,3.833637988199927,3.924988295219978,4.195521834479767,,,,,,,2.1659201026565866,2.904940187989621,2.913426410825007,3.1392653200576044,,,2.7320340022312015,3.3051376711073304,3.8139328137774475,4.397527215001237,4.887030812987838,"rgba(38, 166, 154, 1.0)",0.0,0.0,0.3361896144886997,2.895358629731864,-1.6519208381153938,0.0,0.0,0.0,0.0,0.0,0.0,0.0,0.0,56.85750680898843,1.668217038882105,True,False,True,False,True,0.0,0,0.9417560321715818,1.019490616621984,False,False,False,False,0.1309264091289947,0.07138850607691444,False,False,False,False,-1815938,-1611412.514364231,False,False,False,False,91938.65858850782,False,False,False,False
2024-01-08 00:00:00+00:00,2.37,2.4,2.23,2.3,114694,,,,,2.1523318872789123,2.8579646256518396,3.31038678520343,3.822416985304669,3.913639250676842,4.184637862187818,,,,,,,2.16998117475802,2.8977017686721527,2.906127311498084,3.1309527260453915,,,2.726404444058981,3.296056331803048,3.802786508582465,4.386552152681643,4.87541392665272,"rgba(38, 166, 154, 1.0)",0.0,0.0,0.3277769566129642,2.8915468226282486,-1.5911637841097104,0.0,0.0,0.0,0.0,0.0,0.0,0.0,0.0,57.755999428409964,2.85817791382361,True,False,True,False,True,0.0,0,0.9524161073825502,1.0020805369127517,False,False,False,False,0.19769714736250346,0.13454282671970896,False,False,False,False,-1701244,-1614935.3177224963,False,False,False,False,92831.02491837027,False,False,False,False
2024-01-09 00:00:00+00:00,2.45,2.47,2.291,2.33,112511,,,,,2.158582107448157,2.8522122990331757,3.302209504265373,3.812083715318491,3.9031509152837978,4.174484916533281,,,,,,,2.175412721252368,2.89164003686772,2.900000984405192,3.1236677917726414,,,2.7219952694729335,3.28795014022905,3.7925298221149513,4.376263721089048,4.86443284988607,"rgba(38, 166, 154, 1.0)",0.0,0.0,0.31952493839985324,2.8894232739280734,-1.3752393666943745,0.0,0.0,0.0,0.0,0.0,0.0,0.0,0.0,59.902094142093425,5.163890509771939,True,False,True,False,True,0.0,0,0.9742651948397394,0.9701423061577339,False,False,False,False,0.2965245610662401,0.21553369389297453,False,False,False,False,-1588733,-1613907.775851026,False,False,False,False,93602.78864706164,False,False,False,False
2024-01-10 00:00:00+00:00,2.59,2.63,2.44,2.44,97567,,,,,2.166915237297582,2.8489661876693364,3.296398243199943,3.8041833891145953,3.8950690343665655,4.166510019768808,,,,,,,2.1828795088991733,2.8880783072974867,2.896373950287491,3.1187564304417212,,,2.720020494526596,3.282208664284556,3.7847018695844996,4.368098275521144,4.855563382297045,"rgba(38, 166, 154, 1.0)",1.0,2.4042857,0.31227673559322894,2.819908502207905,-0.7362332060092476,0.0,0.0,0.0,0.0,0.0,0.0,0.0,0.0,63.492243203780205,8.697323002122133,True,False,True,False,True,0.0,0,1.0059333333333333,0.9500666666666667,False,False,False,False,0.3428281288802316,0.27918091138660306,False,False,False,False,-1491166,-1609094.372876476,False,True,False,False,93758.24791580433,False,False,False,False
2024-01-11 00:00:00+00:00,2.4,2.62,2.38,2.62,60854,,,,,2.1708106302591292,2.846393862046627,3.2924016747955505,3.7989679122780506,3.889754621538216,4.161310466274713,,,,,,,2.186334070951121,2.8853291438812234,2.8935880063976245,3.11527274073672,,,2.71818372716023,3.278252418341282,3.7795292153679174,4.362800847683598,4.849858796202205,"rgba(38, 166, 154, 0.75)",0.0,0.0,0.3058085486404726,2.8178863549646627,-1.3664966424988851,0.0,0.0,0.0,0.0,0.0,0.0,0.0,0.0,60.875929467481456,8.697323002122133,True,False,True,False,False,0.0,0,1.0059947299077734,0.9361660079051384,False,False,False,False,0.2994916704107745,0.2893362908986888,False,False,False,False,-1552020,-1606856.162175438,False,False,False,False,92467.88525243946,False,False,False,False
2024-01-12 00:00:00+00:00,2.41,2.55,2.38,2.38,96829,,,,,2.176399192749791,2.8421596047987085,3.2859691060755667,3.7906292135557487,3.8812618311454576,4.153005483493858,,,,,,,2.1912807476213705,2.880822471816887,2.8890245933416585,3.109637109527754,,,2.715087313889087,3.2718826898641833,3.7712577097652087,4.354344056847906,4.8407620822762425,"rgba(38, 166, 154, 0.75)",0.0,0.0,0.30263395894426154,2.8154357770888927,-1.3396902928648693,0.0,0.0,0.0,0.0,0.0,0.0,0.0,0.0,59.31154486098221,8.697323002122133,True,False,True,False,False,0.0,0,0.9864109232769831,0.9539011703511054,False,False,False,False,0.2572214357030745,0.27327886330088164,False,False,False,False,-1455191,-1600908.5087567933,False,False,False,False,92638.90936018692,False,False,False,False
2024-01-16 00:00:00+00:00,2.19,2.43,2.17,2.42,131972,,,,,2.1787350982751947,2.833921774064894,3.275476857311842,3.777900348540271,3.868387530194816,4.140612665443964,,,,,,,2.1930996393111513,2.8722955521616296,2.880436576857632,3.1000251021392575,,,2.7081731165753875,3.261462468030561,3.758610426810118,4.341841244741008,4.82753316613705,"rgba(38, 166, 154, 0.75)",0.0,0.0,0.2988283160539617,2.8056630778013885,-2.0602568254951232,0.0,0.0,0.0,0.0,0.0,0.0,0.0,0.0,54.0100383084995,9.367639637108027,True,False,True,False,False,0.0,0,0.965120711562897,0.9676620076238882,False,False,False,False,0.06721963762920669,0.17024925046504416,False,False,False,False,-1587163,-1600369.4691977035,False,False,False,False,94181.3835029247,False,False,False,False
2024-01-17 00:00:00+00:00,2.11,2.2,2.06,2.2,86841,,,,,2.1777725559375467,2.827328858019202,3.267750496627875,3.7688759420264364,3.8592978585326043,4.1319445932182814,,,,,,,2.1919596753136146,2.865551245695457,2.8736597554861185,3.092779830369683,,,2.702341785463932,3.253776974861589,3.7496348625408764,4.333146635955774,4.818430783549261,#000000,0.0,0.0,0.2950426616700985,2.797168284521296,-2.329047198230784,0.0,0.0,0.0,0.0,0.0,0.0,0.0,0.0,49.26934939655384,5.122126105904982,True,False,False,False,False,0.0,1,0.9460609911054638,1.0095933926302416,False,False,False,False,-0.12367764567232606,0.02328580239635905,False,False,False,False,-1674004,-1603257.097856617,False,False,False,False,93893.52532633941,False,False,False,False
2024-01-18 00:00:00+00:00,2.07,2.14,2.03,2.14,47718,,,,,2.1768479765455364,2.8235381522013014,3.263389822412107,3.7638294475116183,3.854219725235229,4.127111164410709,,,,,,,2.190963392700742,2.861683430550817,2.8697752844532123,3.088668305284715,,,2.6989506570187207,3.249437724418761,3.7446144260364846,4.328304893476977,4.813375180493494,"rgba(239, 83, 80, 0.5)",0.0,0.0,0.2913506935289338,2.792413820967565,-2.479533555309086,0.0,0.0,0.0,0.0,0.0,0.0,0.0,0.0,45.527381349842614,1.87328339112009,False,False,False,True,False,0.0,1,0.9348734177215189,1.0171518987341772,False,False,False,False,-0.1751594898508363,-0.07593684372723862,False,False,False,False,-1721722,-1607902.7802936127,False,False,False,False,92082.72041158102,False,False,False,False
2024-01-19 00:00:00+00:00,2.12,2.17,2.07,2.11,39907,,,,,2.1764019219764905,2.820566318994292,3.259889901942593,3.7597318270399853,3.8500902862222204,4.123165017297423,,,,,,,2.190439186563781,2.858641901445985,2.866718805109441,3.0853906909116975,,,2.6963243283206078,3.245956615311215,3.7405392499720236,4.324343405607354,4.80922310843374,"rgba(239, 83, 80, 0.5)",0.0,0.0,0.28861749734370556,2.789061560756284,-2.318160080085232,0.0,0.0,0.0,0.0,0.0,0.0,0.0,0.0,44.20701343933018,0.8291192302859471,False,False,False,True,False,0.0,0,0.958397435897436,1.0096794871794872,False,False,False,False,-0.1350524562661228,-0.1054946499966807,False,False,False,False,-1681815,-1610801.2987134713,False,False,False,False,90036.61372877393,False,False,False,False
2024-01-22 00:00:00+00:00,2.07,2.2078,2.07,2.11,25099,,,,,2.1761049795777656,2.818699273845266,3.2576918121142175,3.75715876326975,3.847497105625712,4.12068605458488,,,,,,,2.1900946364321108,2.8567312542900862,2.8647988039605248,3.0833319789963918,,,2.6946731338866337,3.243770319030313,3.7379802703572818,4.3218545675766755,4.806614327708702,"rgba(239, 83, 80, 0.5)",0.0,0.0,0.2878817780814241,2.7869995867500075,-2.4906042734917815,0.0,0.0,0.0,0.0,0.0,0.0,0.0,0.0,42.51118234444075,-0.7175318302793343,False,False,False,True,False,0.0,0,0.9607099753371464,1.0167523744555806,False,False,False,False,-0.11358086567064894,-0.10953775783366482,False,False,False,False,-1706914,-1614570.4242541196,False,False,False,False,87490.04064137103,False,False,False,False
2024-01-23 00:00:00+00:00,2.09,2.11,2.06,2.06,37351,,,,,2.1754561216939137,2.8158241338682184,3.254352877863578,3.753276529041679,3.843587415398445,4.116954619047281,,,,,,,2.189387721244681,2.853794446097408,2.8618487147433003,3.080192253076789,,,2.6921098496947184,3.2404483843181393,3.734118580797184,4.318112177811822,4.802699295918478,"rgba(239, 83, 80, 0.5)",0.0,0.0,0.2865626852291428,2.7837563754342955,-2.420958523889984,0.0,0.0,0.0,0.0,0.0,0.0,0.0,0.0,41.89296346149801,-1.3687264998428432,False,False,False,True,False,0.0,0,0.9719432722610972,0.9993990705624699,False,False,False,False,-0.1751594898508363,-0.14234862384225055,False,False,False,False,-1669563,-1616726.9958519973,False,False,False,False,85523.80375347413,False,False,False,False
2024-01-24 00:00:00+00:00,2.12,2.13,2.08,2.08,21594,,,,,2.1751827274419417,2.8142250512584113,3.2524695880477834,3.7510715945018234,3.841364902529267,4.114828297686184,,,,,,,2.189075256670599,2.8521580978916377,2.860204372355211,3.078428487694036,,,2.690694489008694,3.23857520137379,3.7319257272612925,4.3159768390164786,4.800460408711958,"rgba(239, 83, 80, 0.5)",0.0,0.0,0.28267116659042657,2.782053012916191,-2.342131392111406,0.0,0.0,0.0,0.0,0.0,0.0,0.0,0.0,42.271875955123576,-1.3687264998428432,False,False,False,True,False,0.0,0,0.9898203183712508,0.9857074537131926,False,False,False,False,-0.152180986922188,-0.14726480538221928,False,False,False,False,-1647969,-1617952.1724852524,False,False,False,False,83016.7526258869,False,False,False,False
2024-01-25 00:00:00+00:00,2.08,2.1351,2.06,2.13,56261,,,,,2.174284038133783,2.8099852481033443,3.2475137239456773,3.7452908011309205,3.835540122158107,4.109259108553412,,,,,,,2.1880868411696146,2.847824084833774,2.8558501077282963,3.073776882462745,,,2.6869238336171963,3.233645177048945,3.726176032398826,4.310386785001497,4.794605103924669,"rgba(239, 83, 80, 1.0)",0.0,0.0,0.2781524074224886,2.7775150795695294,-2.50767227230957,0.0,0.0,0.0,0.0,0.0,0.0,0.0,0.0,41.729823443724584,-1.9713692364115971,False,True,False,True,False,0.0,0,0.9884176764076977,0.9668841493502933,False,False,False,False,-0.16072058926259533,-0.1539926973224073,False,False,False,False,-1704230,-1621335.6167015173,False,False,False,False,81967.50742487173,False,False,False,False
2024-01-26 00:00:00+00:00,2.06,2.14,2.06,2.14,19604,,,,,2.173956611193567,2.8085092950065422,3.2457893160354385,3.743279847050234,3.8335137611833066,4.107320912090423,,,,,,,2.187729387987794,2.8463155162553178,2.8543345269735196,3.0721580747222337,,,2.685610070547782,3.231929737558186,3.724175884190206,4.308441136502203,4.792566992352641,"rgba(239, 83, 80, 1.0)",0.0,0.0,0.27293674076171726,2.7759572510444186,-2.6231618691067786,0.0,0.0,0.0,0.0,0.0,0.0,0.0,0.0,40.9678145679087,-3.0260967628912425,False,True,False,True,False,0.0,0,0.9871000327618217,0.9611635906956427,False,False,False,False,-0.1579097575032694,-0.15595122741283834,False,False,False,False,-1723834,-1625355.161144595,False,False,False,False,79521.87968271991,False,False,False,False
2024-01-29 00:00:00+00:00,2.07,2.09,2.03,2.07,36566,,,,,2.1731908616016637,2.8056838639205375,3.242522075662073,3.7394893046148794,3.829696330620176,4.103674003614548,,,,,,,2.1869169532455244,2.843431666143393,2.8514380781535897,3.069081611803762,,,2.683080034667555,3.22867880786224,3.7204051807627283,4.304783116862532,4.788740918142104,"rgba(239, 83, 80, 1.0)",0.0,0.0,0.26686094085670575,2.7729192953761403,-2.6340283936628315,0.0,0.0,0.0,0.0,0.0,0.0,0.0,0.0,40.78284762434531,-3.5657624315964043,False,True,False,True,False,0.0,0,0.9787061028722642,0.9828408401786207,False,False,False,False,-0.20414540620220906,-0.1800483168075237,False,False,False,False,-1687268,-1627783.1156095127,False,False,False,False,77837.33538143677,False,False,False,False
2024-01-30 00:00:00+00:00,2.06,2.09,2.0417,2.0899,16206,,,,,2.1728565956388866,2.804439428258073,3.2410804996633433,3.737815372715624,3.8280102524126227,4.102062305280894,,,,,,,2.1865619028851344,2.842161254124603,2.8501620671380925,3.067724885336018,,,2.68196631325976,3.2272444756778413,3.71874005011066,4.303166106065546,4.787048987899868,"rgba(239, 83, 80, 1.0)",0.0,0.0,0.25686705705124885,2.771599963819526,-2.770304499099513,0.0,0.0,0.0,0.0,0.0,0.0,0.0,0.0,40.426496395245074,-4.295719338066135,False,True,False,True,False,0.0,0,0.9744831725735982,0.9923924119543823,False,False,False,False,-0.19733405251918418,-0.18869118466335394,False,False,False,False,-1703474,-1630751.3855856103,False,False,False,False,75420.42026843925,False,False,False,False
2024-01-31 00:00:00+00:00,2.0,2.11,2.0,2.04,29375,,,,,2.1721057436553277,2.8021118130780516,3.2384162250677737,3.7347404881722857,3.8249152070038743,4.099108475607283,,,,,,,2.185781805594902,2.839788818278183,2.847779931936509,3.0652085311110575,,,2.6798692600459986,3.224592937951218,3.7156808216202815,4.30020547902418,4.783956928073113,"rgba(239, 83, 80, 1.0)",0.0,0.0,0.2480861808047311,2.7690711106274155,-3.1000159224215404,0.0,0.0,0.0,0.0,0.0,0.0,0.0,0.0,38.832360680149556,-6.163063915818313,False,True,False,True,False,0.0,0,0.971414193656607,0.9867904220075763,False,False,False,False,-0.20998189834721634,-0.19933654150528513,False,False,False,False,-1732849,-1634755.213601861,False,False,False,False,73614.71751281418,False,False,False,False
2024-02-01 00:00:00+00:00,2.0,2.0792,1.99,2.0,61926,,,,,2.17039341900961,2.7971644989705053,3.2327749269850026,3.728242918233354,3.8183760376793594,4.092868167340482,,,,,,,2.18401599040712,2.834749020526357,2.8427200927196092,3.0598741765919653,,,2.6754002338173004,3.2189781389704395,3.709215975998302,4.293952046716714,4.777429064725249,"rgba(239, 83, 80, 1.0)",0.0,0.0,0.23980215183604323,2.7637203508232457,-3.1847935682637836,0.0,0.0,0.0,0.0,0.0,0.0,0.0,0.0,37.76960353675254,-7.46600232422248,False,True,False,True,False,0.0,0,0.9698019174726529,0.9938477566133098,False,False,False,False,-0.23394611485346165,-0.21664132817937337,False,False,False,False,-1732849,-1638602.028754729,False,False,False,False,73156.33643388031,False,False,False,False
2024-02-02 00:00:00+00:00,1.98,2.05,1.96,2.0,24549,,,,,2.169605756993038,2.7951543148473537,3.2305045565591315,3.7256410859411355,3.8157589407516377,4.0903733051798845,,,,,,,2.1832134519856,2.8327038705801297,2.840667336835939,3.0577211297091362,,,2.673574370435406,3.216717975694567,3.706626887026415,4.29145381835485,4.774825072447936,"rgba(239, 83, 80, 1.0)",0.0,0.0,0.2278366095996108,2.761521425064462,-3.4301837024254813,0.0,0.0,0.0,0.0,0.0,0.0,0.0,0.0,36.58951080392369,-8.846890822765701,False,True,False,True,False,0.0,0,0.9640191144036645,0.9979358706101906,False,False,False,False,-0.2692011711986056,-0.24292124968898948,False,False,False,False,-1757398,-1643260.6942937595,False,False,False,False,71250.1663776497,False,False,False,False
2024-02-05 00:00:00+00:00,1.85,2.02,1.85,2.02,81508,,,,,2.1657062848326802,2.7878076955857067,3.22248036943222,3.7166114666585948,3.806696035076996,4.081777997049862,,,,,,,2.1793353837240064,2.8252612008687388,2.8332033891828083,3.050033587639643,,,2.6667852001228036,3.208724152915121,3.6976369077538136,4.2828741996969795,4.765935166214209,"rgba(239, 83, 80, 1.0)",0.0,0.0,0.21311929228936,2.7529805100188067,-4.236972168586203,0.0,0.0,0.0,0.0,0.0,0.0,0.0,0.0,33.28055401757169,-12.146309335704196,False,True,False,True,False,0.0,0,0.9463228724592361,1.0007678132678133,False,False,False,False,-0.34282825441539394,-0.2928747520521917,False,False,False,False,-1838906,-1650933.059223416,False,False,False,False,71652.43436283991,False,False,False,False
2024-02-06 00:00:00+00:00,1.92,1.9876,1.85,1.92,43686,,,,,2.1637623472922765,2.7839752022287034,3.2182601256555747,3.7118419053349037,3.801905709580484,4.077225331588166,,,,,,,2.1773947823205764,2.8213749296122757,2.829305270378956,3.04600010163403,,,2.663254827176902,3.204520569085343,3.6928888579500274,4.278325247166817,4.761213858758795,"rgba(239, 83, 80, 1.0)",0.0,0.0,0.20068942692441746,2.748682076800899,-4.12917655653575,0.0,0.0,0.0,0.0,0.0,0.0,0.0,0.0,33.904809216878675,-12.146309335704196,False,True,False,True,False,0.0,0,0.9617730614973261,0.9983149509803922,False,False,False,False,-0.34282825441539394,-0.31785150323379285,False,False,False,False,-1795220,-1656591.3706264193,False,False,False,False,70555.71144665011,False,False,False,False
2024-02-07 00:00:00+00:00,1.87,1.9788,1.8601,1.91,16831,,,,,2.1629723877435043,2.782480110431357,3.21662124056183,3.7099944948320243,3.8000507553584426,4.0754632715427705,,,,,,,2.1766083040447954,2.8198597576832594,2.8277856621211246,3.0444315022838846,,,2.6618740731417248,3.2028879873357914,3.6910496446005734,4.276565303720189,4.759388680753019,"rgba(239, 83, 80, 1.0)",0.0,0.0,0.18550188932761863,2.7470008564409474,-4.727719268088199,0.0,0.0,0.0,0.0,0.0,0.0,0.0,0.0,33.34393234710241,-12.277200350428231,False,True,False,True,False,0.0,0,0.9573041587769128,1.021979100918718,False,False,False,False,-0.34204717136196117,-0.329949337297877,False,False,False,False,-1812051,-1662687.8266802854,False,False,False,False,68448.86001736972,False,False,False,False
2024-02-08 00:00:00+00:00,1.86,1.9184,1.86,1.9,25420,,,,,2.1616813181826564,2.780171578425678,3.214109605343736,3.7071752851354804,3.7972214431619298,4.072778696545592,,,,,,,2.1753277098232733,2.817522425636898,2.8254419336817613,3.042021972242682,,,2.6597339089457295,3.200385599789958,3.6882426061819964,4.273885917281367,4.756613871399046,"rgba(239, 83, 80, 1.0)",0.0,0.0,0.17554674629085373,2.744376061094676,-5.037837953597852,0.0,0.0,0.0,0.0,0.0,0.0,0.0,0.0,32.77653615995312,-13.006367362553924,False,True,False,True,False,0.0,0,0.966632991362996,1.0308911623671364,False,False,False,False,-0.34282825441539394,-0.3363887958566355,False,False,False,False,-1837471,-1669542.0687712547,False,False,False,False,66761.45374217875,False,False,False,False
2024-02-09 00:00:00+00:00,1.79,1.9,1.78,1.85,210770,,,,,2.1493704656613737,2.7603104500828204,3.192781426450222,3.68342231004568,3.7734020490864073,4.050206562515792,,,,,,,2.1631835134996074,2.7974474933275237,2.8053190026250117,3.0214743899452885,,,2.6411848511421354,3.1791294752464245,3.6645868430793227,4.251382925985783,4.733365981879318,"rgba(239, 83, 80, 1.0)",0.0,0.0,0.17400617455123285,2.6297134578559005,-4.82576816610989,0.0,0.0,0.0,0.0,0.0,0.0,0.0,0.0,31.11352520166649,-14.760276493813969,False,True,False,True,False,0.0,0,0.9597475912222866,1.0220008772053935,False,False,False,False,-0.34282825441539394,-0.3396085251360147,False,False,False,False,-2048241,-1684393.0072508133,False,False,False,False,72408.8477130737,False,False,False,False
2024-02-12 00:00:00+00:00,2.02,2.11,1.8,1.8,120216,,,,,2.145859235514176,2.7511413628862478,3.182236528947588,3.6712356058776954,3.761120111713694,4.038406494523315,,,,,,,2.1595840196148473,2.7881022072788384,2.7959356841002236,3.011522596883964,,,2.6328842627065274,3.1686352124699186,3.6524626213679348,4.239531019258764,4.720960489159919,"rgba(239, 83, 80, 0.75)",0.0,0.0,0.16884500688359652,2.6243431850814334,-3.5792778017893876,0.0,0.0,0.0,0.0,0.0,0.0,0.0,0.0,37.36274715364425,-17.10647929607191,False,True,False,True,True,0.0,0,0.9638557509668074,0.9884529714808893,False,False,False,False,-0.22448789508728373,-0.2820482101116492,False,False,False,False,-1928025,-1693947.203044899,False,False,False,False,74283.63799883552,False,False,False,False
2024-02-13 00:00:00+00:00,1.98,2.05,1.84,1.99,103632,,,,,2.1426005123776344,2.743207941290646,3.173143610591325,3.660746548123287,3.7505492987240645,4.0282438941395515,,,,,,,2.1562634806096246,2.7800208612103683,2.787822373587546,3.0029317044402095,,,2.6256803471071817,3.1595852221981318,3.6420268083257104,4.229323353653065,4.710278333083618,"rgba(239, 83, 80, 0.75)",0.0,0.0,0.16766892288338095,2.6181783479523815,-3.8061814734520287,0.0,0.0,0.0,0.0,0.0,0.0,0.0,0.0,40.61067413087487,-14.243281710838268,False,True,False,True,True,0.0,0,0.9722444658586571,1.0061754366915945,False,False,False,False,-0.23449334623777615,-0.25827077817471267,False,False,False,False,-2031657,-1707190.7244941187,False,False,False,False,75434.55415574393,False,False,False,False
2024-02-14 00:00:00+00:00,1.935,2.12,1.9184,2.06,102789,,,,,2.1400562742576312,2.735832061370479,3.1645087572062143,3.6506767006588374,3.740385224651558,4.018427591285874,,,,,,,2.1536260797814366,2.7724880665557436,2.7802558894614537,2.9948240023795694,,,2.6190454563324073,3.1509947776867975,3.6320110995807804,4.2194406861832245,4.699895917251125,"rgba(239, 83, 80, 0.75)",0.0,0.0,0.16821564599266337,2.5352059938450657,-3.568074719228218,0.0,0.0,0.0,0.0,0.0,0.0,0.0,0.0,41.77113450654481,-13.311867448646687,False,True,False,True,True,0.0,1,0.9742938048207749,1.0283859382554041,False,False,False,False,-0.16120657500434765,-0.20973867658953016,False,False,False,False,-2134446,-1723945.8333374867,False,False,False,False,76507.27752218534,False,False,False,False
2024-02-15 00:00:00+00:00,1.95,2.0152,1.92,1.99,30930,,,,,2.1391594855489666,2.7335543285539354,3.1618706167009654,3.6476170776325993,3.7372987036380922,4.0154497119624795,,,,,,,2.1527082558201993,2.770165234769097,2.777923345500838,2.992338984010052,,,2.6169838268846237,3.148369618129524,3.6289674650162373,4.216444964162973,4.6967535288110485,"rgba(239, 83, 80, 0.75)",0.0,0.0,0.16937960604546362,2.5331624232831644,-3.442931748977125,0.0,0.0,0.0,0.0,0.0,0.0,0.0,0.0,42.97202411300192,-12.228917278332325,False,True,False,True,True,0.0,1,0.9521617715159765,1.0484556770182847,False,False,False,False,-0.21194341360289953,-0.21084104509621485,False,False,False,False,-2103516,-1738830.9379124874,False,False,False,False,74719.93330562905,False,False,False,False
2024-02-16 00:00:00+00:00,2.03,2.08,1.97,1.97,50679,,,,,2.138240112273488,2.7301626385071374,3.1578054590755933,3.642819925489757,3.73244861238527,4.010742716386228,,,,,,,2.1517281509924193,2.7666912928221965,2.7744318415512,2.9885479232648686,,,2.6139656386336503,3.1443272448428967,3.624197653531393,4.211694468255377,4.691742138075792,"rgba(239, 83, 80, 0.5)",0.0,0.0,0.16887049611353075,2.5317293439517994,-2.971089417623843,0.0,0.0,0.0,0.0,0.0,0.0,0.0,0.0,45.93133547394022,-9.453646989478727,False,False,False,True,True,0.0,1,0.9816340712796585,1.0121257676107274,False,False,False,False,-0.15555932217973423,-0.18320018363797452,False,False,False,False,-2052837,-1751144.9011316055,False,False,False,False,73777.15160736909,False,False,False,False
2024-02-20 00:00:00+00:00,1.95,2.07,1.94,1.94,37307,,,,,2.137333654719173,2.727545809083825,3.154726309361332,3.6392196854648438,3.7288124765436814,4.007222336814198,,,,,,,2.1507886705157517,2.7640175366536424,2.7717458789578533,2.9856608605634687,,,2.6116134818542567,3.1412642132703428,3.62061703284614,4.2081467957327785,4.688009851972396,"rgba(239, 83, 80, 0.5)",0.0,0.0,0.16845176642227053,2.529808744885873,-3.441986731278457,0.0,0.0,0.0,0.0,0.0,0.0,0.0,0.0,45.910323655667916,-9.453646989478727,False,False,False,True,True,0.0,1,0.9724547166872016,1.0084972596337682,False,False,False,False,-0.17507651444320246,-0.1791383490405885,False,False,False,False,-2090144,-1764438.9834401698,False,False,False,False,72346.94958355068,False,False,False,False
2024-02-21 00:00:00+00:00,1.93,2.0589,1.9,1.99,38008,,,,,2.136277724273181,2.724814005693772,3.151542595268676,3.635515485481351,3.7250733772597933,4.003606459324522,,,,,,,2.1497058359119667,2.7612298479558084,2.7689461765324044,2.9826672361197013,,,2.609145006608964,3.1380965370470957,3.6169325204759213,4.204505641566616,4.684184745052,"rgba(239, 83, 80, 0.5)",0.0,0.0,0.1686602559440355,2.5275076880621214,-3.5426703506271524,0.0,0.0,0.0,0.0,0.0,0.0,0.0,0.0,45.42616930652526,-9.453646989478727,False,False,False,True,True,0.0,1,0.9620637329286797,1.013193390659248,False,False,False,False,-0.2002053692770717,-0.18967185915883011,False,False,False,False,-2128152,-1778702.2389915357,False,False,False,False,71000.32410968596,False,False,False,False
2024-02-22 00:00:00+00:00,1.96,1.98,1.8619,1.92,34303,,,,,2.1351780081588556,2.7222719881852946,3.1486140449648943,3.6321286737253975,3.7216570174840595,4.0003077989514955,,,,,,,2.148589106716828,2.758639709010458,2.7663456571851586,2.979904023609227,,,2.6068339690871736,3.135182038933152,3.6135631472004857,4.201187165247152,4.680705022898585,"rgba(239, 83, 80, 0.5)",0.0,0.0,0.16578470828962236,2.5251121415037288,-3.4087108957992065,0.0,0.0,0.0,0.0,0.0,0.0,0.0,0.0,45.99739046379116,-9.061829913096808,False,False,False,True,True,0.0,1,0.9575657801368114,1.0354801169424654,False,False,False,False,-0.25875067902568066,-0.2242112690922554,False,False,False,False,-2093849,-1791060.9355016716,False,False,False,False,69561.2133602865,False,False,False,False
2024-02-23 00:00:00+00:00,1.98,2.0,1.8796,1.92,25501,,,,,2.134445599370044,2.7204386547331754,3.146480389726903,3.629648044527346,3.7191529480051604,3.9978851282704544,,,,,,,2.1478401161788563,2.7567693377057707,2.7644673208436576,2.9778968575941835,,,2.6051749761759084,3.1330590599812185,3.611095653099163,4.198747349182241,4.678141956840759,#000000,0.0,0.0,0.16402913317365989,2.5235718709563857,-3.313873946897584,0.0,0.0,0.0,0.0,0.0,0.0,0.0,0.0,46.98080268111069,-7.892647661333825,False,False,False,False,True,0.0,1,0.9597230335237715,1.0270697687671857,False,False,False,False,-0.23971433928068517,-0.23196280418647028,False,False,False,False,-2068348,-1801934.938031018,False,False,False,False,67833.36185596156,False,False,False,False
2024-02-26 00:00:00+00:00,1.96,1.98,1.9,1.93,25775,,,,,2.13368481801169,2.718578779598593,3.144319769691843,3.627138457306752,3.716619831857238,3.9954344411531255,,,,,,,2.1470636747861476,2.7548723777130575,2.762562381598069,2.9758632001142753,,,2.6034899760585057,3.1309091666286424,3.6085992890863756,4.19627953469443,4.675550042296743,#000000,0.0,0.0,0.1642806304428836,2.521982599543584,-3.4208695086483236,0.0,0.0,0.0,0.0,0.0,0.0,0.0,0.0,47.04486903498824,-7.569539581292432,False,False,False,False,True,0.0,1,0.9659650374598644,1.0185372814841243,False,False,False,False,-0.23951329627276358,-0.2357380502296169,False,False,False,False,-2094123,-1813393.2934023505,False,False,False,False,66184.01433219836,False,False,False,False
2024-02-27 00:00:00+00:00,1.85,1.945,1.84,1.93,70708,,,,,2.130877956394243,2.7130746006065976,3.1380964324477247,3.6200138430629694,3.7094409637797185,3.9885182602084255,,,,,,,2.144248207233536,2.749277657406092,2.7569479990219157,2.9699575835851886,,,2.598435193387841,3.1247132028717863,3.6015093555358972,4.189332519704154,4.668287472047653,"rgba(239, 83, 80, 0.5)",0.0,0.0,0.1662735056822478,2.5162031080164904,-4.006670246609334,0.0,0.0,0.0,0.0,0.0,0.0,0.0,0.0,44.25895352489256,-7.569539581292432,False,False,False,True,False,0.0,1,0.9608089042169619,1.0186122076700537,False,False,False,False,-0.28783821216275157,-0.26178813119618427,False,False,False,False,-2164831,-1827175.164249317,False,False,False,False,66361.42553485725,False,False,False,False
2024-02-28 00:00:00+00:00,1.8,1.9885,1.77,1.85,66944,,,,,2.128014148560884,2.7077722969385034,3.1321423772190142,3.613223807438978,3.7026017961090427,3.9819331374886895,,,,,,,2.141385993832141,2.743893013206764,2.7515454226597797,2.964295364976691,,,2.593546823973869,3.118784429159043,3.594751635592305,4.182721429971451,4.661383650664538,"rgba(239, 83, 80, 1.0)",0.0,0.0,0.16995720009177515,2.510582232106771,-4.180948095891576,0.0,0.0,0.0,0.0,0.0,0.0,0.0,0.0,41.33749862265837,-4.059330334479313,False,True,False,True,False,0.0,1,0.9595199204601947,1.0158227398622257,False,False,False,False,-0.30154583364100923,-0.2816669824185968,False,False,False,False,-2231775,-1843041.8244748341,False,False,False,False,66384.27159231383,False,False,False,False
2024-02-29 00:00:00+00:00,1.81,1.88,1.76,1.83,46326,,,,,2.1258106976403357,2.703987538503393,3.1279387250679,3.6084595842380907,3.697806478917772,3.9773228765728836,,,,,,,2.139193846397396,2.7400547821522583,2.74769548525464,2.9602841210486925,,,2.590038026798922,3.114597616641645,3.590009252622045,4.178097664240783,4.656564650147305,"rgba(239, 83, 80, 1.0)",0.0,0.0,0.17291266594213361,2.5064066399267375,-4.027505076810248,0.0,0.0,0.0,0.0,0.0,0.0,0.0,0.0,39.77326264566869,-5.576168824665324,False,True,False,True,False,0.0,1,0.9695919666218796,1.0049501449685312,False,False,False,False,-0.34282825441539394,-0.31224761841699533,False,False,False,False,-2185449,-1856469.5568483702,False,False,False,False,65597.67270634075,False,False,False,False
2024-03-01 00:00:00+00:00,1.8,1.85,1.77,1.85,58805,,,,,2.1229691815452894,2.699175699924924,3.1226008603707154,3.602414728750145,3.6917222687803886,3.9714719796038924,,,,,,,2.136368495269905,2.7351758921561165,2.7428019082820865,2.9551883918671797,,,2.5855724392364743,3.1092809608820944,3.5839919689362656,4.172229598276995,4.6504495468990426,"rgba(239, 83, 80, 1.0)",0.0,0.0,0.17600692284698,2.5011813000398426,-3.9838279580028106,0.0,0.0,0.0,0.0,0.0,0.0,0.0,0.0,38.49546146164967,-6.8437541144487,False,True,False,True,False,0.0,1,0.9761581365777535,1.0238274138080514,False,False,False,False,-0.34282825441539394,-0.32753793641619466,False,False,False,False,-2244254,-1871676.78991314,False,False,False,False,65331.293384523466,False,False,False,False
2024-03-04 00:00:00+00:00,1.79,1.83,1.7601,1.82,43417,,,,,2.1208166283373213,2.695603552160989,3.1186478414178342,3.597944782602188,3.6872237108369044,3.9671459209601037,,,,,,,2.1342301818811693,2.7315551764464274,2.739170541251973,2.951411665562436,,,2.582252191690237,3.1053434168705563,3.5795422210561294,4.167891426401245,4.645930411064192,"rgba(239, 83, 80, 1.0)",0.0,0.0,0.17941605617777667,2.497322818758366,-3.942360755369108,0.0,0.0,0.0,0.0,0.0,0.0,0.0,0.0,37.39534444140831,-7.9745665793369085,False,True,False,True,False,0.0,1,0.9580796760899428,1.020967392090232,False,False,False,False,-0.34282825441539394,-0.3351830954157943,False,False,False,False,-2287671,-1887990.288347919,False,False,False,False,64471.90933022843,False,False,False,False
2024-03-05 00:00:00+00:00,1.83,1.97,1.8,1.8,171157,,,,,2.1144376850841637,2.6829139107413895,3.104140155343736,3.5812437221668123,3.670373837656145,3.950827444820609,,,,,,,2.127812288136702,2.7186431634537622,2.726210461862406,2.9376867872137473,,,2.570621326974719,3.0909024017408644,3.562925032624606,4.15146586480142,4.628707856809256,"rgba(239, 83, 80, 1.0)",0.0,0.0,0.18194564911644673,2.486077562971516,-3.6058986084994027,0.0,0.0,0.0,0.0,0.0,0.0,0.0,0.0,38.466933524787024,-7.9745665793369085,False,True,False,True,False,0.0,1,0.967649638394847,1.0036519963767596,False,False,False,False,-0.2551663354901111,-0.2951747154529527,False,False,False,False,-2116514,-1896952.0025303536,False,False,False,False,68655.63837610182,False,False,False,False
2024-03-06 00:00:00+00:00,1.8,1.8796,1.7808,1.83,60505,,,,,2.1118493791509225,2.678270031056141,3.0989018731157816,3.5752584776718543,3.664339931986905,3.944991813931292,,,,,,,2.12522530847925,2.713926148146426,2.7214775591413596,2.9327104754609037,,,2.566333842132297,3.0856866515401897,3.556968590047136,4.145598169338765,4.622568823026489,"rgba(239, 83, 80, 1.0)",0.0,0.0,0.185037065067033,2.4816515023349495,-3.68386464672907,0.0,0.0,0.0,0.0,0.0,0.0,0.0,0.0,38.30834271739019,-7.9745665793369085,False,True,False,True,False,0.0,1,0.9604129519471374,1.0607440926594645,False,False,False,False,-0.30803442540741466,-0.3016045704301837,False,False,False,False,-2177019,-1907935.022038967,False,False,False,False,68336.00549860764,False,False,False,False
2024-03-07 00:00:00+00:00,1.82,1.875,1.78,1.8,28341,,,,,2.110672555606092,2.676124190552622,3.0964721749395014,3.572476647568953,3.6615345413830105,3.942275574803058,,,,,,,2.124047541528813,2.711745591388189,2.719289472908969,2.930404872325158,,,2.564355342521697,3.0832675891851187,3.554200305776663,4.142865572940986,4.619707450988301,"rgba(239, 83, 80, 1.0)",0.0,0.0,0.1875466705831368,2.4796516830215127,-3.5172668273473744,0.0,0.0,0.0,0.0,0.0,0.0,0.0,0.0,39.13599616717633,-7.9745665793369085,False,True,False,True,False,0.0,1,0.9128642652563306,1.0818318204549242,False,False,False,False,-0.31068062034954336,-0.30614259538986355,False,False,False,False,-2148678,-1917375.9231354783,False,False,False,False,66767.57391042696,False,False,False,False
2024-03-08 00:00:00+00:00,1.71,1.83,1.7001,1.82,114102,,,,,2.104758444998434,2.666808223474181,3.0861865003724156,3.5608679369198706,3.6498481073265934,3.931008120530005,,,,,,,2.1181804067775305,2.702308034263662,2.709825230451313,2.9205680312828552,,,2.555663157290456,3.073021296939794,3.542643404408708,4.131559379557393,4.60792532407634,"rgba(239, 83, 80, 1.0)",0.0,0.0,0.19245563557567671,2.4699663011770916,-3.9487869446060486,0.0,0.0,0.0,0.0,0.0,0.0,0.0,0.0,36.77012800381791,-9.011405873119358,False,True,False,True,False,0.0,1,0.8966781317885589,1.0822169925174994,False,False,False,False,-0.34282825441539394,-0.32448542490262877,False,False,False,False,-2262780,-1930921.181051734,False,False,False,False,68623.82591393963,False,False,False,False
2024-03-11 00:00:00+00:00,1.78,1.79,1.71,1.74,94473,,,,,2.1001818093297775,2.659344517635263,3.077871546590915,3.551437054264159,3.6403463690144395,3.9218224284818692,,,,,,,2.1136279526907744,2.6947394131124747,2.702233699347542,2.91263718932021,,,2.5487209667487254,3.064739699050127,3.533255927163278,4.122330379046656,4.59828796922331,"rgba(239, 83, 80, 1.0)",0.0,0.0,0.19523609211628296,2.462599003085678,-3.496274667693721,0.0,0.0,0.0,0.0,0.0,0.0,0.0,0.0,38.15123776381715,-9.011405873119358,False,True,False,True,False,0.0,1,0.9085713407795479,1.0929496535512913,False,False,False,False,-0.34282825441539394,-0.3336568396590114,False,False,False,False,-2168307,-1940230.4288536268,False,False,False,False,69637.51901535376,False,False,False,False
2024-03-12 00:00:00+00:00,1.81,1.8894,1.7531,1.76,24495,,,,,2.099212177673568,2.6575517877340755,3.0758259587671115,3.549085883087758,3.6379731916884213,3.9195164445327033,,,,,,,2.1126552859817576,2.6929163225192436,2.700404045564207,2.910700240488688,,,2.547070509464969,3.0627033492298237,3.5309164592542452,4.120007153405872,4.595850237091895,"rgba(239, 83, 80, 0.75)",0.0,0.0,0.1975314059827511,2.4610176665725567,-3.2957678974319915,0.0,0.0,0.0,0.0,0.0,0.0,0.0,0.0,40.214185453847264,-9.011405873119358,False,True,False,True,True,0.0,1,0.9163114652829257,1.0719051148999261,False,False,False,False,-0.2769668877954858,-0.3053118637272486,False,False,False,False,-2143812,-1948214.0198789749,False,False,False,False,67867.22415200654,False,False,False,False
2024-03-13 00:00:00+00:00,1.91,1.92,1.8105,1.85,33037,,,,,2.0982034779428616,2.6553254205620016,3.0732143957031814,3.5460392800591567,3.6348920445413664,3.916506784279309,,,,,,,2.1116298942482348,2.690644604246753,2.698122603646152,2.908247790466883,,,2.545046456166984,3.060105075163629,3.527886281847615,4.116966249787779,4.592643175865279,"rgba(239, 83, 80, 0.5)",0.0,0.0,0.19837155453043095,2.459311628624287,-2.7691048241496765,0.0,0.0,0.0,0.0,0.0,0.0,0.0,0.0,44.842887360137425,-9.682766922970174,False,False,False,True,True,0.0,1,0.9169782632305712,1.0705165003956372,False,False,False,False,-0.23746712772636874,-0.2713894957268087,False,False,False,False,-2110775,-1954588.9602758777,False,False,False,False,66501.3330087906,False,False,False,False
2024-03-14 00:00:00+00:00,1.82,1.92,1.77,1.92,60040,,,,,2.096032871860776,2.6510865610821184,3.068325356386346,3.540387061370791,3.6291819366858795,3.9109434834234773,,,,,,,2.1094434640356248,2.6863285796779772,2.6937899573418522,2.9036332451369895,,,2.5411606948486116,3.0552391906320597,3.5222631211655013,4.111353866422595,4.58674099385049,"rgba(239, 83, 80, 0.5)",0.0,0.0,0.19972722242235663,2.4557426023083107,-3.1830543408045124,0.0,0.0,0.0,0.0,0.0,0.0,0.0,0.0,45.26115600573602,-9.378167975017334,False,False,False,True,True,0.0,1,0.9202518525394101,1.059668012561687,False,False,False,False,-0.25554870845785604,-0.2634691020923324,False,False,False,False,-2170815,-1963068.4128140786,False,False,False,False,66247.94740060274,False,False,False,False
2024-03-15 00:00:00+00:00,1.79,1.9,1.78,1.8169,24197,,,,,2.095123789492585,2.6493628577507673,3.066344702513622,3.5381019436361574,3.626873877507938,3.908695438870787,,,,,,,2.1085295075077792,2.684574364716957,2.6920291625469868,2.9017616324590403,,,2.5395772907285803,3.053267755528169,3.5199896199110814,4.109086584069128,4.5843579709831905,"rgba(239, 83, 80, 0.5)",0.0,0.0,0.20215670878820982,2.454260873600797,-3.2858710333314356,0.0,0.0,0.0,0.0,0.0,0.0,0.0,0.0,44.749464883062004,-9.378167975017334,False,False,False,True,True,0.0,1,0.9315107235446618,1.0666980909733679,False,False,False,False,-0.26003815488223225,-0.26175362848728234,False,False,False,False,-2195012,-1972164.2397625463,False,False,False,False,64598.890639794794,False,False,False,False
2024-03-18 00:00:00+00:00,1.748,1.84,1.73,1.83,215275,,,,,2.0858356309264727,2.633416169935529,3.048289745447874,3.5174435443761447,3.606026786812728,3.888425439371274,,,,,,,2.0992480578899824,2.6683759118184307,2.6757761420334623,2.8846224062015224,,,2.524816547459277,3.0352910048494857,3.4994314232306336,4.088668421942799,4.562950580964085,"rgba(239, 83, 80, 0.5)",0.0,0.0,0.2053101284740406,2.4396204945921682,-3.3686623243217966,0.0,0.0,0.0,0.0,0.0,0.0,0.0,0.0,43.338320719963306,-9.378167975017334,False,False,False,True,True,0.0,1,0.9032833857860867,1.0758607731692422,False,False,False,False,-0.3101496707835937,-0.285951649635438,False,False,False,False,-2410287,-1989345.5244777405,False,False,False,False,70507.75767352834,False,False,False,False
2024-03-19 00:00:00+00:00,1.69,1.81,1.65,1.79,128593,,,,,2.0795911316157296,2.623562399026857,3.0372801914373815,3.5049437345968206,3.593422487953791,3.8761841519586033,,,,,,,2.0930352074360306,2.6583835820723696,2.665753619674557,2.874127207491797,,,2.5156308003081653,3.024325828523571,3.4869894852464545,4.076350334996606,4.550064307539661,"rgba(239, 83, 80, 1.0)",0.0,0.0,0.20955403746955784,2.430137617351841,-3.5319654361675648,0.0,0.0,0.0,0.0,0.0,0.0,0.0,0.0,41.042580595272256,-9.378167975017334,False,True,False,True,False,0.0,1,0.8914064063293671,1.0745763233641694,False,False,False,False,-0.34282825441539394,-0.314389952025416,False,False,False,False,-2538880,-2010895.896066849,False,False,False,False,72785.61031378213,False,False,False,False
2024-03-20 00:00:00+00:00,1.75,1.78,1.63,1.67,131207,,,,,2.073490292008604,2.613760446693766,3.026260790594592,3.492390874715894,3.5807566709245697,3.8638545091084358,,,,,,,2.086954984179191,2.648437436977519,2.6557761480611672,2.863641592690234,,,2.5065093034045876,3.0133521809228,3.4744959301938656,4.063930589873666,4.537051124760177,"rgba(239, 83, 80, 0.5)",0.0,0.0,0.21242547188668165,2.4209455568479745,-3.158498606070605,0.0,0.0,0.0,0.0,0.0,0.0,0.0,0.0,41.68268135791329,-9.378167975017334,False,False,False,True,False,0.0,1,0.8987910509981935,1.087158583846712,False,False,False,False,-0.34282825441539394,-0.32860910322040493,False,False,False,False,-2407673,-2026455.7824956002,False,False,False,False,75076.64520343774,False,False,False,False
2024-03-21 00:00:00+00:00,1.66,1.7819,1.62,1.74,108565,,,,,2.068143903994736,2.6055184340802007,3.017056616784755,3.481947756318469,3.570223406998277,3.853604670804986,,,,,,,2.081636721842478,2.640081397369093,2.647395267550609,2.854864434841531,,,2.498811232718446,3.0041847946839555,3.4641009497068493,4.053610644196216,4.526249781520458,"rgba(239, 83, 80, 1.0)",0.0,0.0,0.21398083779655896,2.4130580521342613,-3.5192779871729774,0.0,0.0,0.0,0.0,0.0,0.0,0.0,0.0,40.03829117913626,-5.353698153920043,False,True,False,True,False,0.0,1,0.8875317357111896,1.0979317604805252,False,False,False,False,-0.34282825441539394,-0.3357186788178994,False,False,False,False,-2516238,-2045662.9282800865,False,False,False,False,76389.9140189892,False,False,False,False
2024-03-22 00:00:00+00:00,1.58,1.7403,1.5,1.58,226276,,,,,2.0552046230375676,2.5873367672643006,2.9971363162254323,3.4596059878902983,3.5477188182851047,3.831766009671161,,,,,,,2.0688214836968974,2.621690741955086,2.6289586249971846,2.83575200891416,,,2.481675662653194,2.9843354188718765,3.4418546866757858,4.031664519940001,4.503367039114097,"rgba(239, 83, 80, 1.0)",0.0,0.0,0.21907914409306462,2.311876262945279,-3.340693455669056,0.0,0.0,0.0,0.0,0.0,0.0,0.0,0.0,37.424409501513374,-7.891288416183791,False,True,False,True,False,0.0,1,0.8470790641945345,1.1281432894514507,False,False,False,False,-0.34282825441539394,-0.3392734666166467,False,False,False,False,-2742514,-2072990.4212887108,False,False,False,False,82267.79974373472,False,False,False,False
2024-03-25 00:00:00+00:00,1.54,1.6536,1.5,1.56,84106,,,,,2.050142538711053,2.5804624742815068,2.989654144975458,3.451250542059704,3.539305733263587,3.823604459792442,,,,,,,2.063813251211389,2.614743231967712,2.6219949391311315,2.828557336646076,,,2.4751736566214837,2.976878664011355,3.433533890008267,4.023466917719396,4.494830099770036,"rgba(239, 83, 80, 1.0)",0.0,0.0,0.2261837179361784,2.2213419852000027,-3.012338781133021,0.0,0.0,0.0,0.0,0.0,0.0,0.0,0.0,34.99718928319399,-10.193379635707792,False,True,False,True,False,0.0,1,0.8543628862769518,1.141807425858177,False,False,False,False,-0.34282825441539394,-0.3410508605160203,False,False,False,False,-2826620,-2102544.522414644,False,False,False,False,82339.88602829415,False,False,False,False
2024-03-26 00:00:00+00:00,1.51,1.6,1.5,1.6,98679,,,,,2.0440016489860597,2.5722959372081773,2.9808048574319925,3.441397391672833,3.529387458032777,3.8139861608375853,,,,,,,2.0577416436036464,2.6064942364317503,2.613727670500519,2.820035367538422,,,2.467431740367113,2.9680584658625104,3.423720740952387,4.013809890046145,4.484782334902719,"rgba(239, 83, 80, 1.0)",0.0,0.0,0.23318124727184344,2.1389574505238143,-2.697290017453992,0.0,0.0,0.0,0.0,0.0,0.0,0.0,0.0,32.876690094077325,-12.183870728820665,False,True,False,True,False,0.0,0,0.8527583221846226,1.1407885417486425,False,False,False,False,-0.34282825441539394,-0.34193955746570714,False,False,False,False,-2925299,-2134809.4038885795,False,False,False,False,82980.63559581203,False,False,False,False
2024-03-27 00:00:00+00:00,1.56,1.565,1.5,1.52,54368,,,,,2.0407133518808838,2.56787234159018,2.9759918925879867,3.4360260632395385,3.5239783701912866,3.8087329267816106,,,,,,,2.054487352104666,2.6020240837310533,2.609247235193195,2.815406088053823,,,2.4632432165400386,2.9632617229847904,3.418371575012984,4.008531923668533,4.479284885138791,"rgba(239, 83, 80, 1.0)",0.0,0.0,0.23803913605848276,2.0639207252215765,-2.116965863536702,0.0,0.0,0.0,0.0,0.0,0.0,0.0,0.0,33.46040074253416,-12.183870728820665,False,True,False,True,False,0.0,0,0.8821953397742958,1.131444345213932,False,False,False,False,-0.34282825441539394,-0.34238390594055057,False,False,False,False,-2870931,-2163676.9174615764,False,False,False,False,81858.57145479979,False,False,False,False
2024-03-28 00:00:00+00:00,1.65,1.71,1.56,1.57,99713,,,,,2.035959595466876,2.560625241650456,2.9678473487082346,3.4267606569425526,3.5146223560103844,3.799576324729533,,,,,,,2.0497485399877786,2.5946737597303464,2.6018745183043546,2.8076511415510006,,,2.4564682380852245,2.955150404488906,3.409149536280689,3.999293806958089,4.469591263370386,"rgba(239, 83, 80, 0.75)",0.0,0.0,0.24030171355758612,2.0660519206775936,-1.731373091427792,0.0,0.0,0.0,0.0,0.0,0.0,0.0,0.0,36.95585186749432,-12.183870728820665,False,True,False,True,True,0.0,0,0.9099456918213504,1.0704385182783498,False,False,False,False,-0.22201734592994266,-0.28220062593524664,False,False,False,False,-2771218,-2187502.0579532795,False,False,False,False,82558.74512323902,False,False,False,False
2024-04-01 00:00:00+00:00,1.67,1.69,1.6371,1.67,25705,,,,,2.034830711989376,2.558826971021155,2.965804167335332,3.424421740047058,3.5122583758570607,3.7972563091455207,,,,,,,2.0486199607960733,2.5928476147687127,2.6000423521881757,2.8057121934158706,,,2.454794164996646,2.9531160321465144,3.406821983927289,3.99694980030852,4.467125666736679,"rgba(239, 83, 80, 0.75)",0.0,0.0,0.2426594336635595,2.066201218100255,-1.6327459935045308,0.0,0.0,0.0,0.0,0.0,0.0,0.0,0.0,39.91530686836297,-15.393930394550836,False,True,False,True,True,0.0,0,0.9266289229963676,1.064551493929378,False,False,False,False,-0.1896063965119405,-0.23590351122359357,False,False,False,False,-2745513,-2209384.8399943276,False,False,False,False,80329.18649095514,False,False,False,False
2024-04-02 00:00:00+00:00,1.6,1.67,1.5543,1.67,76686,,,,,2.030984238267034,2.5531616190507127,2.95947826915189,3.417253469920092,3.5050227969290946,3.7901786355303093,,,,,,,2.044791544290292,2.587106242062339,2.5942844450503335,2.7996763353890324,,,2.4494802331559318,2.9468149897256084,3.399686452491943,3.989812706149181,4.459645012709479,"rgba(239, 83, 80, 0.5)",0.0,0.0,0.24641090202710467,2.062671473198877,-1.8776420580124493,0.0,0.0,0.0,0.0,0.0,0.0,0.0,0.0,40.13493368908408,-15.192940620211417,False,False,False,True,True,0.0,0,0.9067748200616931,1.0725465554666973,False,False,False,False,-0.24828909202276178,-0.2420963016231777,False,False,False,False,-2822199,-2233416.7678376874,False,False,False,False,80186.31643248632,False,False,False,False
2024-04-03 00:00:00+00:00,1.59,1.61,1.55,1.59,93830,,,,,2.026100972372859,2.5461416283597202,2.9516774893421482,3.408440231494976,3.4961294643509193,3.7814830933098373,,,,,,,2.039936224093717,2.5799963212369676,2.5871549234958318,2.7922215596050317,,,2.44287961952238,2.9390439777279007,3.3909127018353393,3.9810476309526908,4.450466021824659,"rgba(239, 83, 80, 0.5)",0.0,0.0,0.25012557932087676,2.0570603487673433,-1.867303416289819,0.0,0.0,0.0,0.0,0.0,0.0,0.0,0.0,40.041766754605575,-15.15881735062554,False,False,False,True,True,0.0,0,0.9048650257054537,1.0896467359859818,False,False,False,False,-0.2825247541412064,-0.26231052788219206,False,False,False,False,-2916029,-2260185.8749813074,False,False,False,False,80721.36284689863,False,False,False,False
2024-04-04 00:00:00+00:00,1.5539,1.69,1.55,1.68,74029,,,,,2.0224476390383206,2.5407574777806374,2.9456502015033017,3.4016016830953686,3.4892240122200233,3.774716136704657,,,,,,,2.036297511973319,2.5745388205687916,2.5816814928977223,2.786474565339231,,,2.4378299666160914,2.9330406262374877,3.384105628734283,3.974219116279479,4.44330207047157,"rgba(239, 83, 80, 0.75)",0.0,0.0,0.25486170335656844,2.0534049595697077,-1.9599059136431614,0.0,0.0,0.0,0.0,0.0,0.0,0.0,0.0,39.10653681533558,-15.15881735062554,False,True,False,True,True,0.0,0,0.9078885214926784,1.059371589594905,False,False,False,False,-0.23326753677772585,-0.24778903232995897,False,False,False,False,-2990058,-2288808.3112565507,False,False,False,False,80458.91724505948,False,False,False,False
2024-04-05 00:00:00+00:00,1.54,1.56,1.5,1.54,42454,,,,,2.0200657786562752,2.537487492192828,2.9420532265700157,3.3975634814930293,3.48515194583491,3.770739659269674,,,,,,,2.033933969176419,2.5712310112369465,2.5783653975273326,2.78302580020649,,,2.4347404731170346,2.9294565236632626,3.3800847740706987,3.9702147059745267,4.43911695853807,"rgba(239, 83, 80, 0.75)",0.0,0.0,0.25969645742669206,2.0501065199250585,-1.9642413492261557,0.0,0.0,0.0,0.0,0.0,0.0,0.0,0.0,38.14690561939334,-15.15881735062554,False,True,False,True,True,0.0,0,0.8966549038101899,1.083668059779162,False,False,False,False,-0.34282825441539394,-0.2953086433726765,False,False,False,False,-3032512,-2317973.1617955095,False,False,False,False,78968.52833348852,False,False,False,False
2024-04-08 00:00:00+00:00,1.55,1.57,1.51,1.56,33294,,,,,2.01825204889381,2.5349632532356443,2.9392650722569083,3.3944256892337585,3.4819866246898274,3.767644910003777,,,,,,,2.0321325934161236,2.5686764248760934,2.5758041790164645,2.780355939551764,,,2.4323590201979504,2.9266785946012623,3.3769606820098965,3.9670963289443897,4.435854517565706,"rgba(239, 83, 80, 0.75)",0.0,0.0,0.26407028394887333,2.0477685031694204,-1.8849849204001816,0.0,0.0,0.0,0.0,0.0,0.0,0.0,0.0,37.95318049451058,-15.15881735062554,False,True,False,True,True,0.0,0,0.901291121906687,1.083075217632291,False,False,False,False,-0.3298890219532642,-0.31259883266297034,False,False,False,False,-2999218,-2344688.645646666,False,False,False,False,77177.37035962622,False,False,False,False
2024-04-09 00:00:00+00:00,1.6471,1.66,1.54,1.55,77744,,,,,2.014707347393587,2.5295451131231705,2.9331328842560174,3.3874247275248623,3.474909800184196,3.7606858375931953,,,,,,,2.02859250496157,2.563177969165894,2.5702883617538537,2.7745282739629578,,,2.4272960343372123,2.9205721532343283,3.3699931893819404,3.9600622748288896,4.428454898700299,"rgba(239, 83, 80, 0.5)",0.0,0.0,0.26652211930579617,2.0447718334683302,-1.492078160357334,0.0,0.0,0.0,0.0,0.0,0.0,0.0,0.0,41.634203195281884,-13.021840525820217,True,False,False,True,True,0.0,1,0.906789543584594,1.068753846652198,False,False,False,False,-0.24879101024502775,-0.28069492145399905,False,False,False,False,-2921474,-2367307.6791507187,False,False,False,False,77199.59112983696,False,False,False,False
2024-04-10 00:00:00+00:00,1.56,1.67,1.55,1.6599,90193,,,,,2.0104462912129746,2.523186961611781,2.9259700010023493,3.379269789246307,3.466668768546629,3.7525850093794784,,,,,,,2.0243417981532024,2.5567293110349287,2.563820107514884,2.76771100056092,,,2.4213407006167427,2.9134385804132,3.3618765824705643,3.9518770661931306,4.419851023433851,"rgba(239, 83, 80, 0.5)",0.0,0.0,0.27041316484019917,2.040515728195974,-1.776968693369403,0.0,0.0,0.0,0.0,0.0,0.0,0.0,0.0,41.589280607364515,-12.950903988470905,True,False,False,True,True,0.0,1,0.914102852009881,1.058467806615123,False,False,False,False,-0.23573682516168687,-0.25821587330784296,False,False,False,False,-3011667,-2392576.6721252003,False,False,False,False,77709.13657572572,False,False,False,False
2024-04-11 00:00:00+00:00,1.56,1.64,1.52,1.64,56407,,,,,2.0076992484549323,2.5191696738893787,2.9214624597875973,3.3741505442103854,3.4614967573177577,3.7475027897326387,,,,,,,2.0216039230303697,2.5526568817383106,2.559735721372864,2.7634153771004772,,,2.4175703301415914,2.90894906240454,3.3567810359311716,3.9467435585726403,4.414458736507025,"rgba(239, 83, 80, 0.5)",0.0,0.0,0.27099146306152544,2.0375154012208783,-1.762104960156859,0.0,0.0,0.0,0.0,0.0,0.0,0.0,0.0,41.5593322154196,-12.776774115091719,True,False,False,True,True,0.0,1,0.9084666740671435,1.0625604592524462,False,False,False,False,-0.273784581462297,-0.26600022738507,False,False,False,False,-3011667,-2416854.724198722,False,False,False,False,76873.7586707953,False,False,False,False
2024-04-12 00:00:00+00:00,1.54,1.57,1.51,1.56,54952,,,,,2.004853227523093,2.5151517753269284,2.916992120295201,3.3690993826812785,3.456396784862699,3.7424988481270494,,,,,,,2.018772474849437,2.5485878660397447,2.5556555812938466,2.759143783170729,,,2.413785557778362,2.904495746564212,3.3517525099459995,3.9416937931211598,4.409163748972602,"rgba(239, 83, 80, 0.5)",0.0,0.0,0.26875373651367906,2.034061545074408,-1.8383429807654463,0.0,0.0,0.0,0.0,0.0,0.0,0.0,0.0,40.975273297717,-12.776774115091719,True,False,False,True,True,0.0,1,0.9128023146150034,1.077446890135712,False,False,False,False,-0.32821985937367343,-0.29711004337937175,False,False,False,False,-3066619,-2442335.676190929,False,False,False,False,76014.08186017588,False,False,False,False
2024-04-15 00:00:00+00:00,1.43,1.58,1.4,1.56,132465,,,,,1.997121092085379,2.504914996166674,2.905792309610793,3.356575238797872,3.443768567645059,3.7301488849945024,,,,,,,2.0111038609010827,2.538240879573484,2.5452843952646127,2.748384209490007,,,2.4040747113309666,2.8933342928564545,3.3392806774908905,3.929255446051259,4.396170250655336,"rgba(239, 83, 80, 1.0)",0.0,0.0,0.26861704092229133,2.0234110255829494,-2.209133953473258,0.0,0.0,0.0,0.0,0.0,0.0,0.0,0.0,37.96010993025479,-12.776774115091719,False,True,False,True,False,0.0,1,0.8982936013991523,1.0699103471095217,False,False,False,False,-0.34282825441539394,-0.3199691488973828,False,False,False,False,-3199084,-2472012.081046187,False,False,False,False,78227.84335585525,False,False,False,False
2024-04-16 00:00:00+00:00,1.43,1.46,1.38,1.41,48140,,,,,1.9941223069544298,2.5010787620505184,2.901634043840523,3.3519530051990256,3.439111380465161,3.7256019063267543,,,,,,,2.008133991512451,2.5343674942264247,2.5414028014679664,2.7443772412507155,,,2.4004211005690057,2.8891893575570613,3.334676930244693,3.9246809106825546,4.391401757508215,"rgba(239, 83, 80, 1.0)",0.0,0.0,0.2707682558342867,1.95255257439818,-1.9298886155915862,0.0,0.0,0.0,0.0,0.0,0.0,0.0,0.0,35.95000101861331,-9.893589028125803,False,True,False,True,False,0.0,1,0.8997112061483107,1.0843498982120032,True,False,False,False,-0.34282825441539394,-0.3313987016563884,False,False,False,False,-3199084,-2500524.7053188854,False,False,False,False,77047.92793013543,False,False,False,False
2024-04-17 00:00:00+00:00,1.44,1.4872,1.38,1.44,54350,,,,,1.990846869205967,2.4968296902133904,2.897006458689807,3.346794383113223,3.4339113438988784,3.7205174014251,,,,,,,2.0048872126700235,2.5300751129404393,2.537100885615814,2.739924596002801,,,2.396380692453843,2.884577083002354,3.329539370774861,3.9195618004209125,4.38605890134235,"rgba(239, 83, 80, 1.0)",0.0,0.0,0.2709099782131875,1.8901663992111613,-1.6616826082976954,0.0,0.0,0.0,0.0,0.0,0.0,0.0,0.0,35.09331724192951,-10.762869244228376,False,True,False,True,False,0.0,1,0.9162402971038748,1.0760770812413332,True,False,False,False,-0.326268228046327,-0.32883346485135767,False,False,False,False,-3144734,-2525787.8149142233,False,False,False,False,76157.8131093458,False,False,False,False
2024-04-18 00:00:00+00:00,1.4,1.49,1.38,1.49,35016,,,,,1.98871019879948,2.494078271782507,2.894015326382872,3.3434640613015647,3.430554696346112,3.717235843645306,,,,,,,2.0027697034038194,2.5272962529528415,2.5343159776105866,2.7370447877011594,,,2.3937620927938186,2.881595712759576,3.3262225249779482,3.9162584476709874,4.382612461620882,"rgba(239, 83, 80, 1.0)",0.0,0.0,0.2723129699312303,1.8312358195743936,-1.5836036736821522,0.0,0.0,0.0,0.0,0.0,0.0,0.0,0.0,33.568598054304275,-12.284381957865719,False,True,False,True,False,0.0,1,0.915870195155532,1.070777900517106,True,False,False,False,-0.32457342864857214,-0.3267034467499649,True,False,False,False,-3179750,-2551433.39079994,False,False,False,False,74544.40867368519,True,False,False,False
2024-04-19 00:00:00+00:00,1.46,1.49,1.3905,1.42,21832,,,,,1.9874411724534473,2.4924074202258373,2.8921862352352927,3.3414188226042865,3.4284919745917466,3.7152154896478273,,,,,,,2.00151048047037,2.5256074543184805,2.532623242188261,2.73528763857557,,,2.392175916921888,2.8797728746404005,3.3241858194052463,3.9142226468302486,4.38048474023893,"rgba(239, 83, 80, 1.0)",0.0,0.0,0.2728914982350741,1.830588935498372,-1.3580083582491802,0.0,0.0,0.0,0.0,0.0,0.0,0.0,0.0,35.421484083493205,-12.284381957865719,False,True,False,True,False,0.0,1,0.9156750333220922,1.069582951935893,False,False,False,False,-0.3182338583992387,-0.3224686525746018,False,False,False,False,-3157918,-2575217.1009646486,False,False,False,False,72477.25539236421,False,False,False,False
2024-04-22 00:00:00+00:00,1.46,1.47,1.39,1.46,55681,,,,,1.9841907881042018,2.488142377544141,2.8875201751492567,3.3362037576090566,3.4232324426081053,3.7100634864979294,,,,,,,1.9982853501144202,2.5212969658240056,2.5283027821655426,2.7308040932437003,,,2.3881253733771337,2.87512268510532,3.3189924398586816,3.9090313061645987,4.37505946485508,"rgba(239, 83, 80, 0.75)",0.0,0.0,0.27176151257838815,1.827466214048202,-1.35216429494301,0.0,0.0,0.0,0.0,0.0,0.0,0.0,0.0,36.65674143628583,-12.284381957865719,False,True,False,True,True,0.0,1,0.9159025077216061,1.0628770784323138,False,False,False,False,-0.3306346366910475,-0.3265516446328246,False,False,False,False,-3157918,-2598068.1166130938,False,False,False,False,71818.57871031071,False,False,False,False
2024-04-23 00:00:00+00:00,1.49,1.51,1.44,1.45,73690,,,,,1.9802598658580615,2.4827641421566304,2.8815602430627987,3.3294904652085573,3.4164539681210506,3.70340044064886,,,,,,,1.994375400801281,2.515853773791581,2.522845441888742,2.7251003334978563,,,2.383041376298379,2.8691847124565135,3.3123085931526166,3.902305085322589,4.3680076204273,"rgba(239, 83, 80, 0.5)",0.0,0.0,0.26933348179234795,1.825833062789096,-1.2469042487930193,0.0,0.0,0.0,0.0,0.0,0.0,0.0,0.0,38.895091773155464,-15.389165280461953,False,False,False,True,True,0.0,1,0.9361962992240307,1.0539629277106488,False,False,False,False,-0.276863833352278,-0.3017077389925513,False,False,False,False,-3084228,-2617133.210079247,False,False,False,False,71891.96778049461,False,False,False,False
2024-04-24 00:00:00+00:00,1.53,1.54,1.45,1.45,21048,,,,,1.9792075618484266,2.4812790543210363,2.8798993827694033,3.3276093799601,3.4145530561673927,3.701527324072441,,,,,,,1.9933267516724098,2.51434922916068,2.5213366775908517,2.7235154008799194,,,2.3816422475076617,2.8675303042309244,3.310436058649751,3.9004117907258657,4.366018252682391,"rgba(239, 83, 80, 0.5)",0.0,0.0,0.26549345201537033,1.8256250776143346,-1.1134929143081833,0.0,0.0,0.0,0.0,0.0,0.0,0.0,0.0,42.13863621525678,-12.352762637770553,True,False,False,True,True,0.0,1,0.9337376648181346,1.0878750816760767,False,False,False,False,-0.2534743697834578,-0.2775910543880046,False,False,False,False,-3063180,-2634625.2410565317,False,False,False,False,69898.08669106346,False,False,False,False
2024-04-25 00:00:00+00:00,1.495,1.54,1.47,1.53,33358,,,,,1.9775318133667201,2.4789226140146927,2.8772658114378333,3.3246279103119125,3.411540252772425,3.6985584948053094,,,,,,,1.9916570212214455,2.5119621272929638,2.518942924472831,2.721001656466778,,,2.3794213415065033,2.8649069194897705,3.3074681033091875,3.8974110631002885,4.362865552457228,"rgba(239, 83, 80, 0.5)",0.0,0.0,0.26088634110077086,1.8249694170982256,-1.264801429258308,0.0,0.0,0.0,0.0,0.0,0.0,0.0,0.0,42.97222959539952,-11.607722765201402,True,False,False,True,True,0.0,1,0.9287148077615935,1.0796918695420936,False,False,False,False,-0.24188216433330048,-0.2597366093606525,False,False,False,False,-3096538,-2652739.466897452,False,False,False,False,68465.14211494334,False,False,False,False
2024-04-26 00:00:00+00:00,1.6,1.63,1.48,1.48,60400,,,,,1.9749587764619099,2.474980959548141,2.872758439871195,3.319455617440385,3.4063034886986125,3.6933698656241254,,,,,,,1.9890800159812647,2.5079588255178034,2.514926361229462,2.7167299464462986,,,2.3757392800974273,2.860419234059944,3.3023212767277457,3.8921512548707016,4.357310621604511,#000000,0.0,0.0,0.25162808265763353,1.8261505847194595,-0.8987493857240132,0.0,0.0,0.0,0.0,0.0,0.0,0.0,0.0,47.45723464305756,-7.430742730646486,True,False,False,False,True,0.0,1,0.9162382510256012,1.0769417181630923,False,False,False,False,-0.1848027472038948,-0.22226967828227367,False,False,False,False,-3036138,-2667774.7034897087,False,False,False,False,68148.86203200438,False,False,False,False
2024-04-29 00:00:00+00:00,1.56,1.67,1.5,1.63,127844,,,,,1.9697062983138933,2.4668103367525074,2.863368114109159,3.3086491195169643,3.3953567712605963,3.6825047231371704,,,,,,,1.9838131763694173,2.499656017624958,2.5065951626637033,2.707844076550078,,,2.368118763344984,2.851070894675379,3.291568875388461,3.88112800494482,4.345653457143914,#000000,0.0,0.0,0.2362754464106492,1.8267411021137812,-1.12894126819332,0.0,0.0,0.0,0.0,0.0,0.0,0.0,0.0,48.90644004819534,-6.180433552433364,True,False,False,False,True,0.0,1,0.920453186144671,1.0512141355798972,False,False,False,False,-0.1511404663733582,-0.18670507232781594,False,False,False,False,-3163982,-2687233.813156779,False,False,False,False,70489.84783467089,False,False,False,False
2024-04-30 00:00:00+00:00,1.6,1.64,1.51,1.52,45960,,,,,1.9678831799600758,2.4639309234028377,2.8600427696207,3.304811681173134,3.391467668855206,3.6786381845560174,,,,,,,1.9819829349359646,2.4967285140872404,2.5036573449319808,2.7047019832810015,,,2.3654373586439434,2.847760751949804,3.2877509514273977,3.877202134139136,4.341496580119572,"rgba(38, 166, 154, 1.0)",0.0,0.0,0.22664063728388062,1.8266483536736389,-1.0000340468057742,0.0,0.0,0.0,0.0,0.0,0.0,0.0,0.0,51.2005300384607,-4.074338063370334,True,False,True,False,True,0.0,1,0.9170354927459459,1.07083169568858,False,False,False,False,-0.1563908921826214,-0.17154798225521867,False,False,False,False,-3118022,-2704127.467542788,False,False,False,False,69527.89301762497,False,False,False,False
2024-05-01 00:00:00+00:00,1.59,1.65,1.55,1.61,35777,,,,,1.96652465682433,2.46173618040333,2.8574930404185896,3.3018593153629556,3.3884740205106434,3.6756572607537743,,,,,,,1.980617010474776,2.4944956283375856,2.501416291148032,2.702297125716238,,,2.363398070532645,2.8452229986315944,3.284813885200412,3.8741730712277054,4.338284960815355,"rgba(38, 166, 154, 1.0)",0.0,0.0,0.21576611482408783,1.8266891371758358,-1.096970844420155,0.0,0.0,0.0,0.0,0.0,0.0,0.0,0.0,52.31659362262026,-3.0353074008970395,True,False,True,False,True,0.0,1,0.9286315464023774,1.0677613837407034,False,False,False,False,-0.11819597352692388,-0.14487197789107126,False,False,False,False,-3153799,-2721761.645286208,False,False,False,False,68204.32858556125,False,False,False,False
2024-05-02 00:00:00+00:00,1.63,1.63,1.51,1.5501,28790,,,,,1.9654190675362893,2.459964556514328,2.855437907177034,3.2994816670264817,3.3860633166300427,3.6732570096028434,,,,,,,1.979505890102744,2.4926935559372785,2.4996076961472222,2.7003578637826036,,,2.361750680121041,2.8431774502833305,3.282448500996845,3.871734281966887,4.335699729508961,"rgba(38, 166, 154, 1.0)",0.0,0.0,0.21093221681399288,1.8265620859184206,-0.9318732286958127,0.0,0.0,0.0,0.0,0.0,0.0,0.0,0.0,54.410304780524285,-1.020903340002782,True,False,True,False,True,0.0,1,0.9281514784713817,1.0697561819125023,False,False,False,False,-0.14053333038199073,-0.142702654136531,False,False,False,False,-3125009,-2737575.26703969,False,False,False,False,66658.66864102944,False,False,False,False
2024-05-03 00:00:00+00:00,1.67,1.68,1.601,1.66,23322,,,,,1.9646713777055402,2.458633846463319,2.853857120725067,3.2976282419570935,3.384180644586143,3.6713728717231464,,,,,,,1.9787491301818434,2.4913362199127285,2.498244685918265,2.698876961885662,,,2.3605252366212603,2.8416048304886337,3.2806053374371724,3.8698146371354953,4.3336550063792165,"rgba(38, 166, 154, 1.0)",0.0,0.0,0.20743753667452974,1.827054106791643,-0.7571151745696902,0.0,0.0,0.0,0.0,0.0,0.0,0.0,0.0,57.03779363137707,1.4834206259256817,True,False,True,False,True,0.0,0,0.950138407702084,1.0477898292101187,False,False,False,False,-0.050176736912334034,-0.09643969552443252,False,False,False,False,-3101687,-2751854.15852833,False,False,False,False,64959.19143942044,False,False,False,False
2024-05-06 00:00:00+00:00,1.73,1.74,1.675,1.69,53363,,,,,1.963323084723686,2.455847727935948,2.8504491910698655,3.2935689217833675,3.3800483259953134,3.6672124753094413,,,,,,,1.9773689955269778,2.4884844429638253,2.4953789833576794,2.6957121867164937,,,2.3579909940733326,2.8382165606565675,3.276570286166177,3.8655623711784015,4.3291006426756855,"rgba(38, 166, 154, 1.0)",0.0,0.0,0.20435477916051062,1.8294329626063621,-0.4865702824021671,0.0,0.0,0.0,0.0,0.0,0.0,0.0,0.0,60.40277689683006,4.636745588211575,True,False,True,False,True,0.0,0,0.9587072977957319,1.040309124440151,False,False,False,False,0.034917960465850675,-0.03076086752929092,False,False,False,False,-3048324,-2763480.4268213366,False,False,False,False,64504.438833952976,False,False,False,False
2024-05-07 00:00:00+00:00,1.67,1.77,1.6201,1.7,30575,,,,,1.962469810815052,2.4542001531413886,2.8484573117475325,3.2912109244877192,3.377649783617169,3.664802247758923,,,,,,,1.9765001246881286,2.48680046479503,2.4936872708210465,2.6938559855648476,,,2.3564844001569574,2.836235694783418,3.274225982672253,3.8631015743259045,4.326470121749429,"rgba(38, 166, 154, 1.0)",0.0,0.0,0.20019358221565373,1.8302602464511035,-0.800526393890425,0.0,0.0,0.0,0.0,0.0,0.0,0.0,0.0,59.87746699472656,4.636745588211575,True,False,True,False,True,0.0,0,0.9461429017593782,1.031144810354999,False,False,False,False,0.05424990159870332,0.0117445170347062,False,False,False,False,-3078899,-2775849.782632265,False,False,False,False,63173.87260517051,False,False,False,False
2024-05-08 00:00:00+00:00,1.56,1.664,1.54,1.63,35001,,,,,1.9611521610346494,2.4520812848418556,2.8459924325101595,3.2883545422468843,3.3747525768073507,3.6619129986729635,,,,,,,1.9751752400182885,2.4846446414234755,2.491523536825377,2.691532031408452,,,2.354515063026809,2.8337824489118355,3.2713844709921487,3.8601639273015618,4.323352880295195,"rgba(38, 166, 154, 0.75)",0.0,0.0,0.19794973449682318,1.8297163531780734,-1.3625497092162144,0.0,0.0,0.0,0.0,0.0,0.0,0.0,0.0,55.611634843579246,4.636745588211575,True,False,True,False,False,0.0,0,0.9443135760557039,1.0449475179270447,False,False,False,False,-0.07180060620394833,-0.030028044584621067,False,False,False,False,-3113900,-2789106.6539015877,False,False,False,False,62069.05407163441,False,False,False,False
2024-05-09 00:00:00+00:00,1.65,1.68,1.55,1.66,44459,,,,,1.9596638183441906,2.449524526000873,2.842971165869793,3.2848222842724826,3.3711653294574884,3.658322793411554,,,,,,,1.9736720897042879,2.4820385832112457,2.4889069620089503,2.688697082893381,,,2.3521535311928194,2.8307764432162634,3.267871490881722,3.8565067015708525,4.319459340744001,"rgba(38, 166, 154, 0.75)",0.0,0.0,0.1941236071806835,1.8296541311934142,-0.9254625637890528,0.0,0.0,0.0,0.0,0.0,0.0,0.0,0.0,55.45501054036633,4.636745588211575,True,False,True,False,False,0.0,0,0.9575190416717974,1.0504846171436613,False,False,False,False,-0.053276214414588775,-0.04165212949960492,False,False,False,False,-3069441,-2800100.157670153,False,False,False,False,61378.46371588405,False,False,False,False
2024-05-10 00:00:00+00:00,1.58,1.7,1.53,1.67,44253,,,,,1.9580925788001582,2.44692357491193,2.839921323760897,3.2812720086108893,3.3675617310432324,3.6547208818845736,,,,,,,1.9720889813011107,2.479389941763098,2.4862481309653055,2.6858285522799625,,,2.349742997775365,2.827741503161194,3.264340157323357,3.8528403279625976,4.315561505965723,"rgba(38, 166, 154, 0.75)",0.0,0.0,0.18984060668340022,1.8291340635245128,-1.3123328453116303,0.0,0.0,0.0,0.0,0.0,0.0,0.0,0.0,53.23119858202864,9.254918633743038,True,False,True,False,False,0.0,0,0.9561457043714797,1.0276377966485901,False,False,False,False,-0.053276214414588775,-0.047464171957096846,False,False,False,False,-3113694,-2812397.9554085783,False,False,False,False,60706.87690349644,False,False,False,False
2024-05-13 00:00:00+00:00,1.59,1.6,1.53,1.6,21509,,,,,1.9572697183386838,2.445620406264754,2.8384085416466656,3.2795210641376387,3.3657858226813664,3.652949206839672,,,,,,,1.9712621927973126,2.478064450165219,2.4849178587766896,2.684401294880679,,,2.3485300975980192,2.8262357856325364,3.2625982692098043,3.8510388987817215,4.31365010508031,#000000,0.0,0.0,0.1861583170556303,1.8286317778745438,-1.2818754576688216,0.0,0.0,0.0,0.0,0.0,0.0,0.0,0.0,52.052491404887526,8.017901485306204,True,False,False,False,False,0.0,1,0.9543223462418556,1.0399133609320685,False,False,False,False,-0.12483809036609056,-0.0861511311615937,False,False,False,False,-3092185,-2823369.996372948,False,False,False,False,59169.70526022208,False,False,False,False
2024-05-14 00:00:00+00:00,1.63,1.69,1.55,1.63,50266,,,,,1.9556090236114285,2.4427637431121756,2.835026431426318,3.2755626199669097,3.361764633863073,3.648919847311369,,,,,,,1.9695844212088303,2.4751522378881723,2.4819938017298964,2.681229527619218,,,2.345892178597354,2.8228708823415776,3.25866155457898,3.8469322569492794,4.309274895499309,#000000,0.0,0.0,0.18235246560353202,1.8283392253016515,-1.0876695560172889,0.0,0.0,0.0,0.0,0.0,0.0,0.0,0.0,52.4844081515305,8.017901485306204,True,False,False,False,False,0.0,1,0.9600345125107853,1.0204486626402072,False,False,False,False,-0.046161854405106395,-0.06615649278335005,False,False,False,False,-3041919,-2831940.545534793,False,False,False,False,58820.54034805651,False,False,False,False
2024-05-15 00:00:00+00:00,1.62,1.7197,1.6,1.68,50244,,,,,1.9540804003583823,2.440008496085061,2.8317290261623294,3.2716801461667666,3.3578171806375106,3.64495422119935,,,,,,,1.9680349255622271,2.47233992131463,2.4791693404054778,2.678147254266816,,,2.343358691773801,2.819590993875091,3.254801050567928,3.842885247181116,4.304953505122653,#000000,0.0,0.0,0.17808239843007026,1.8283816002662188,-1.1701414744144203,0.0,0.0,0.0,0.0,0.0,0.0,0.0,0.0,52.42417359579561,7.945221038676728,True,False,False,False,False,0.0,1,0.9631192564563098,1.0416412366819539,False,False,False,False,0.025538317495537956,-0.020309087643906047,False,False,False,False,-3092163,-2842145.3476706836,False,False,False,False,58484.20543244645,False,False,False,False
2024-05-16 00:00:00+00:00,1.67,1.67,1.57,1.61,114748,,,,,1.95053479342825,2.433709338763611,2.8242042062862733,3.262828719645461,3.3488179415376673,3.6359115239898423,,,,,,,1.9644440212688723,2.4659119964452816,2.4727140045690708,2.6711094097778187,,,2.337559707332013,2.812105843982977,3.2459994796763163,3.8336568042043075,4.295100093471747,"rgba(38, 166, 154, 0.75)",0.0,0.0,0.17352127397670358,1.827847797716536,-0.9096740364972663,0.0,0.0,0.0,0.0,0.0,0.0,0.0,0.0,53.929672001047095,7.945221038676728,True,False,True,False,False,0.0,1,0.9612440942136368,1.0345368643107447,False,False,False,False,-0.03354998746604955,-0.026929537554977796,False,False,False,False,-2977415,-2847450.0399188926,False,False,False,False,60690.628748821095,False,False,False,False
2024-05-17 00:00:00+00:00,1.62,1.68,1.55,1.68,193168,,,,,1.9443725455361673,2.42306492582625,2.811538860422128,3.24796201927711,3.3337047244832836,3.6207210386203275,,,,,,,1.9582133751235802,2.4550559901448668,2.4618129256105417,2.6592492912805508,,,2.327737152438048,2.7995061668636665,3.231215652071853,3.818154854861133,4.278552547205023,"rgba(38, 166, 154, 0.75)",0.0,0.0,0.17046756078285108,1.8253420099004267,-1.2045811470371193,0.0,0.0,0.0,0.0,0.0,0.0,0.0,0.0,53.099677386611745,7.945221038676728,True,False,True,False,False,0.0,1,0.9581521079900881,1.0317974665996639,False,False,False,False,-0.04097188107532853,-0.03395070931515316,False,False,False,False,-3170583,-2860121.9207063867,False,False,False,False,65885.8197782791,False,False,False,False
2024-05-20 00:00:00+00:00,1.8,1.9197,1.57,1.57,505066,,,,,1.9360334090249554,2.401329117261495,2.7835575808276567,3.2137115779389784,3.298676525709224,3.584889777804834,,,,,,,1.9494886180798656,2.4326808180653625,2.4393028973851503,2.633651246381649,,,2.308317988061325,2.7717146196497455,3.1971961520352155,3.781260283886281,4.238567325908632,"rgba(38, 166, 154, 1.0)",0.0,0.0,0.16732882903732638,1.8350380924908252,-0.209396627541146,0.0,0.0,0.0,0.0,0.0,0.0,0.0,0.0,57.02539152064581,7.945221038676728,True,False,True,False,True,0.0,1,0.9763633632129802,0.9831071494149265,False,False,False,False,0.1527053770391515,0.059377333861999164,False,False,False,False,-2665517,-2852490.3551884894,False,False,False,False,83108.57194383678,False,False,False,False
2024-05-21 00:00:00+00:00,1.81,1.83,1.73,1.8,98426,,,,,1.9347349041373472,2.3974296936661608,2.77841618258425,3.2073398858026274,3.292147295242396,3.5781676605933628,,,,,,,1.9481098733168016,2.4286555022140255,2.4352510732877195,2.628980303898191,,,2.304866392513077,2.7666104899744743,3.19086960825616,3.77431739737706,4.231005323273574,"rgba(38, 166, 154, 1.0)",0.0,0.0,0.1646492096920846,1.8367862707325358,-0.16268690741139605,0.0,0.0,0.0,0.0,0.0,0.0,0.0,0.0,59.83722054280415,4.626294235013518,True,False,True,False,True,0.0,1,1.001414144775151,0.9914319463623207,False,False,False,False,0.2065194701018099,0.13294840198190452,False,False,False,False,-2567091,-2841298.22361247,False,False,False,False,83709.25539701965,False,False,False,False
2024-05-22 00:00:00+00:00,1.85,1.87,1.77,1.81,115470,,,,,1.9336536314893213,2.3932150687577347,2.7726932591577915,3.2001460757247515,3.2847611661342264,3.5705203850159273,,,,,,,1.946924057095128,2.4242887208984962,2.4308523128604755,2.6238241578727086,,,2.301185317244401,2.760932248650752,3.183729527716483,3.7663966586310424,4.222337569516241,"rgba(38, 166, 154, 1.0)",0.0,0.0,0.1646492096920846,1.8395745377387804,0.06331923658010033,0.0,0.0,0.0,0.0,0.0,0.0,0.0,0.0,62.496716232599084,7.131692259531249,True,False,True,False,True,0.052045661609021465,1,1.0009038564542045,1.0013223085163363,False,False,False,False,0.269248247394724,0.2010983246883143,False,False,False,False,-2451621,-2826016.7638629614,False,False,False,False,84954.77479321497,False,False,False,False
2024-05-23 00:00:00+00:00,1.94,1.95,1.77,1.9,177278,,,,,1.9329205077888976,2.387503845871074,2.7645603377562944,3.1896974732858787,3.2740016489238015,3.559287101123099,,,,,,,1.9460093458651357,2.4183346954311684,2.424847374629859,2.616592241537872,,,2.2963100892918926,2.7528699233290066,3.173365011974778,3.754713187442854,4.2094636622849375,"rgba(38, 166, 154, 1.0)",0.0,0.0,0.16502568759906247,1.8453159209598706,0.57375357992853,0.0,0.0,0.0,0.0,0.0,0.0,0.0,0.0,65.81862748832263,10.218793753420556,True,False,True,False,True,2.46545745487305,1,0.9914797167626233,0.9932168618886904,False,False,False,False,0.3428280860841655,0.27196320538623986,False,False,False,False,-2274343,-2804382.4986134334,False,False,False,False,88575.29342877516,False,False,False,False
2024-05-24 00:00:00+00:00,2.05,2.095,1.92,1.93,287227,,,,,1.935108660018674,2.380940813519681,2.75367390454538,3.1748347643160293,3.25857876767991,3.5428451644544454,,,,,,,1.9478254590059294,2.4113425957639376,2.4177657048985917,2.6072837930922157,,,2.2911744724065786,2.742105653826778,3.1586449185139744,3.7374347122020066,4.19009877502739,"rgba(38, 166, 154, 1.0)",0.0,0.0,0.16878973566197866,1.8602848300382564,1.123973381543001,0.0,0.0,0.0,0.0,0.0,0.0,0.0,0.0,69.5253670754071,13.60912697738815,True,False,True,False,True,5.265988529498511,0,1.0229017695324083,0.9693544666688632,False,False,False,False,0.3428281283460395,0.30739566686613967,False,False,False,False,-1987116,-2772332.832001142,False,False,False,False,96365.55643156829,False,False,False,False
2024-05-28 00:00:00+00:00,1.94,2.17,1.87,2.12,170823,,,,,1.935950120855331,2.376848952786991,2.7471045967135344,3.1659606551309367,3.2493791124192697,3.5330532717672725,,,,,,,1.9484659946986431,2.407005907313323,2.4133778492973876,2.6016234016322906,,,2.287898607040362,2.735606878684635,3.1498537579121373,3.727154064705935,4.178595208123178,"rgba(38, 166, 154, 1.0)",0.0,0.0,0.17004393735328052,1.8671099970467708,0.42865393549311925,0.0,0.0,0.0,0.0,0.0,0.0,0.0,0.0,68.10629132245639,13.60912697738815,True,False,True,False,True,2.223567564629022,0,1.0126412135565013,0.9550356834256087,False,False,False,False,0.3428281309724839,0.3251118989193118,False,False,False,False,-2157939,-2748238.956236392,False,False,False,False,99285.45617934993,False,False,False,False
2024-05-29 00:00:00+00:00,2.0,2.049,1.91,1.95,82146,,,,,1.9362978531253723,2.3748764935414486,2.743956812524412,3.1617153429559637,3.244978226925814,3.5283672344106494,,,,,,,1.9487205792204632,2.4049175957634654,2.4112653171632688,2.598907513348087,,,2.2863119911695198,2.732492629501569,3.1456479875940064,3.7222335156292123,4.173088537760442,"rgba(38, 166, 154, 1.0)",0.0,0.0,0.17317945725284553,1.8700487778914927,0.7503847406033607,0.0,0.0,0.0,0.0,0.0,0.0,0.0,0.0,68.12602402473547,13.60912697738815,True,False,True,False,True,3.727208039865573,0,1.0269176860346585,0.9649592252803261,False,False,False,False,0.29360546665072257,0.3093586827850172,False,False,False,False,-2075793,-2721868.5265800627,False,False,False,False,98613.32064290484,False,False,False,False
2024-05-30 00:00:00+00:00,2.225,2.24,1.97,1.97,186910,,,,,1.9395246014174787,2.3722646471634063,2.73837052944525,3.153457464056785,3.236326124635788,3.5188962717560046,,,,,,,1.951677875844914,2.4020145431501825,2.408301647005794,2.594394096185853,,,2.2846403330684644,2.7269886903765714,3.137485140335789,3.7121545154551807,4.161563175166463,"rgba(38, 166, 154, 1.0)",0.0,0.0,0.17968536089201767,1.8812032858592769,1.9133262299944882,0.0,0.0,0.0,0.0,0.0,0.0,0.0,0.0,70.85586266353573,14.785879218373665,True,False,True,False,True,8.949203572890962,0,1.0483689186650806,0.9309686306430407,False,False,False,False,0.3428281462902144,0.3260934145376158,False,False,False,False,-1888883,-2689202.427498492,False,True,False,False,102075.93551965368,False,False,False,False
2024-05-31 00:00:00+00:00,2.21,2.3,2.1,2.22,174868,,,,,1.9432861624355349,2.370487804923821,2.7337422871940964,3.146292077413313,3.228779922972263,3.510523424056283,,,,,,,1.9551759191403388,2.399959886784799,2.4061892249285433,2.590789649099014,,,2.2837503247455437,2.7224387618410915,3.13040969698865,3.703187492268182,4.151206836541049,"rgba(38, 166, 154, 1.0)",0.0,0.0,0.1862082823463825,1.8835811961251174,1.752976826603674,0.0,0.0,0.0,0.0,0.0,0.0,0.0,0.0,72.2069662122704,16.174227817393017,True,False,True,False,True,8.5328591646011,0,1.0712910039761432,0.9175260934393639,False,False,False,False,0.3428281594593046,0.3344607869984602,False,False,False,False,-2063751,-2664674.920537767,False,False,False,False,104930.52628358883,False,False,False,False
2024-06-03 00:00:00+00:00,2.16,2.22,2.1,2.21,106997,,,,,1.9451605279243924,2.369141817980576,2.7307215175245587,3.1417617805564024,3.2240239020301833,3.5052845618244683,,,,,,,1.9569032796860353,2.3984510478046843,2.4046464797467144,2.5883737515060097,,,2.282926993400124,2.7194644072315506,3.1259331358283378,3.697596175869392,4.144784144220007,"rgba(38, 166, 154, 1.0)",0.0,0.0,0.19157514955730454,1.8884892083663918,1.4172547549148238,0.0,0.0,0.0,0.0,0.0,0.0,0.0,0.0,71.52727580177081,16.174227817393017,True,False,True,False,True,7.147121016197399,0,1.0733213476119752,0.9297897287579142,False,False,False,False,0.30529830076166736,0.3198795438800638,False,False,False,False,-2170748,-2645305.2373794233,False,False,False,False,105011.56446854613,False,False,False,False
2024-06-04 00:00:00+00:00,2.06,2.19,2.0044,2.19,96775,,,,,1.9462444130541257,2.3675067280981574,2.727660196547844,3.137388861231194,3.2194571052385377,3.500318159701474,,,,,,,1.957871452470559,2.3966773498667293,2.4028438615347767,2.5858323655732023,,,2.281741885283266,2.7164431973008805,3.121607210858213,3.692328178524758,4.138791878767339,"rgba(38, 166, 154, 0.75)",0.0,0.0,0.19380215624636746,1.8910304821607675,0.8718660365390007,0.0,0.0,0.0,0.0,0.0,0.0,0.0,0.0,68.21535553705513,16.174227817393017,True,False,True,False,False,4.457071341182562,0,1.077801255164149,0.9273550096187201,False,False,False,False,0.24797619109801003,0.2839278674890369,False,False,False,False,-2267523,-2630490.2476782696,False,False,False,False,104688.56194036786,False,False,False,False
2024-06-05 00:00:00+00:00,2.13,2.13,2.0,2.08,58995,,,,,1.946905734905137,2.3665256756794375,2.725813558320739,3.1347454900361402,3.2166956106795035,3.4973115635970466,,,,,,,1.9584630763238908,2.3956123071784177,2.4017612934933066,2.5843013830509736,,,2.281033144029182,2.7146209102652508,3.118992392715755,3.6891373154266462,4.135159312037719,"rgba(38, 166, 154, 0.75)",0.0,0.0,0.19631202434103864,1.8928105397517754,1.2082268574449238,0.0,0.0,0.0,0.0,0.0,0.0,0.0,0.0,67.10869302727889,16.174227817393017,True,False,True,False,False,6.069394202805757,0,1.0773954607324872,0.9228577759488462,False,False,False,False,0.2192143974335437,0.2515711324612903,False,False,False,False,-2208528,-2613942.7085536313,False,False,False,False,102896.65755054951,False,False,False,False
2024-06-06 00:00:00+00:00,2.09,2.14,2.02,2.14,82428,,,,,1.9477975819113915,2.3651501786415405,2.7232378132145016,3.131062683425078,3.2128483979436853,3.4931222162243314,,,,,,,1.9592593934939504,2.3941204989862124,2.4002452113447545,2.582163726343033,,,2.2800346340739197,2.7120789728334835,3.1153492846360544,3.6846909815648563,4.130097138489234,"rgba(38, 166, 154, 0.75)",0.0,0.0,0.19918865180773887,1.8953227551375929,0.9773510844900624,0.0,0.0,0.0,0.0,0.0,0.0,0.0,0.0,65.26130488963196,21.064029019813844,True,False,True,False,False,5.0031868121433405,0,1.0803067116847054,0.9130668013000535,False,False,False,False,0.23256560458610748,0.2420683685236989,False,False,False,False,-2290956,-2601276.5631201556,False,False,False,False,102093.9650975868,False,False,False,False
2024-06-07 00:00:00+00:00,1.99,2.08,1.98,2.07,70680,,,,,1.9481814717346104,2.3637048149206374,2.720817172174118,3.1277256173895815,3.2093767624333136,3.489380732478747,,,,,,,1.9595716039239184,2.392580641623664,2.398685593491738,2.5801021760902465,,,2.2788989589956636,2.709686181340718,3.112045275185179,3.6807400111167152,4.125635560811832,"rgba(38, 166, 154, 0.75)",0.0,0.0,0.2001605574000891,1.8964273644869891,0.4674878843686175,0.0,0.0,0.0,0.0,0.0,0.0,0.0,0.0,61.492681741080375,17.41330161878105,True,False,True,False,False,2.4061728224203414,0,1.071907507206417,0.9160295776413084,False,False,False,False,0.1883499023035084,0.21520913541360365,False,False,False,False,-2361636,-2591878.8939781887,False,False,False,False,100862.04489768144,False,False,False,False
2024-06-10 00:00:00+00:00,1.9,1.97,1.9,1.96,48857,,,,,1.948086096366447,2.3624458865439215,2.718933091948055,3.125237760240866,3.206801909361715,3.4866423218828895,,,,,,1.923333333333333,1.9594358824361964,2.3912610920233366,2.397353327913471,2.5784513043133783,,,2.277842266599473,2.7078203237857514,3.1095793831275094,3.6778672901941705,4.122426526333061,"rgba(38, 166, 154, 0.75)",0.0,0.0,0.19931073141613145,1.8962407837210076,0.018861083155345255,0.0,0.0,0.0,0.0,0.0,0.0,0.0,0.0,57.01912613135687,13.229952693486432,True,False,True,False,False,0.16538206069308714,0,1.0504491396761133,0.9523975202429148,False,False,False,False,0.10616626110508257,0.1606876982593431,False,False,False,False,-2410493,-2584765.721665319,False,False,False,False,98822.63137228217,False,False,False,False
2024-06-11 00:00:00+00:00,1.89,1.92,1.82,1.86,51662,,,,,1.9477973981745278,2.3609818418581607,2.716834210927476,3.1225165155294836,3.2039918301380865,3.483670962922448,,,,,,1.8993488793163478,1.9591093864267723,2.3897354804811086,2.3958147802919227,2.5765909473683064,,,2.2765855275230296,2.7057401555125344,3.106880882048092,3.6747593142459047,4.118971617753185,#000000,0.0,0.0,0.19799230147007507,1.8956292197548705,-0.028431508261049433,0.0,0.0,0.0,0.0,0.0,0.0,0.0,0.0,53.82600641645811,10.33193574784569,False,False,False,False,False,0.0,0,1.0254148156287772,0.9574588323940788,False,False,False,False,0.050812868889988885,0.10575028357466598,False,False,False,False,-2462155,-2579957.458070601,False,False,False,False,96973.19484787894,False,False,False,False
2024-06-12 00:00:00+00:00,1.96,1.99,1.82,1.93,101575,,,,,1.9476044974279758,2.3584037961376154,2.712965389202743,3.117399715914995,3.1986943235144993,3.4780294324735777,,,,,,1.9114037692031098,1.958834051194331,2.387032574806812,2.3930856826908027,2.573203794202022,,,2.2744230859705556,2.7019089665606177,3.101809495873262,3.6688375368817545,4.112350397908501,#000000,0.0,0.0,0.19799230147007507,1.8956955603222945,0.32478252538230423,0.0,0.0,0.0,0.0,0.0,0.0,0.0,0.0,53.308378759936275,9.881655948813538,False,False,False,False,False,1.6338447927444761,0,1.0380879743485976,0.943809731345142,False,False,False,False,0.08055837686737179,0.09315433022101888,False,False,False,False,-2360580,-2571354.4204992047,False,False,False,False,97153.65779502095,False,False,False,False
2024-06-13 00:00:00+00:00,1.97,2.07,1.95,1.95,85149,,,,,1.94792666627182,2.35662628770715,2.7100496627239847,3.1134052646387036,3.1945405578393626,3.473553142741716,,,,,,1.9366787122169498,1.9590765645095904,2.385145321343976,2.391175461237977,2.5707087010098975,,,2.273005029872955,2.699025911298056,3.0978540547740034,3.6641114199537794,4.1070155236506505,#000000,0.0,0.0,0.19954358755246676,1.8971175275442616,0.36524587610000325,0.0,0.0,0.0,0.0,0.0,0.0,0.0,0.0,53.189913031693564,9.637240677045625,False,False,False,False,False,1.8772349546556697,0,1.0584461647595844,0.9227400302254575,False,False,False,False,0.1708745809700367,0.13201445559552777,False,False,False,False,-2275431,-2559749.580479628,False,False,False,False,96682.88690109857,False,False,False,False
2024-06-14 00:00:00+00:00,1.93,1.99,1.85,1.98,86475,,,,,1.9477637447001726,2.354474748113813,2.7068108178834547,3.109113162716622,3.1900949265617995,3.468810391506983,,,,,,1.9335907109995594,1.9588453814740776,2.3828889661814663,2.3888971164574127,2.5678758607383427,,,2.2712013691394084,2.695818785891177,3.093600299734034,3.6591290789663917,4.10143772093064,#000000,0.0,0.0,0.20080279443331428,1.8973751798590264,0.16247194284842548,0.0,0.0,0.0,0.0,0.0,0.0,0.0,0.0,52.069875652965145,8.343982351170077,False,False,False,False,False,0.8501704131140784,0,1.0430250131079788,0.9474138728680257,False,False,False,False,0.09334705906523076,0.11268075733037927,False,False,False,False,-2361906,-2551991.0086961132,False,False,False,False,96282.57761085941,False,False,False,False
2024-06-17 00:00:00+00:00,1.87,1.9,1.85,1.87,54523,,,,,1.9474541520920206,2.3529730865687544,2.7046529285451153,3.1063094040092363,3.187197870824262,3.4657386839587736,,,,,,1.9259188323085987,1.958498076370362,2.3813240639154136,2.3873189230086824,2.565964875398405,,,2.2699115986024503,2.6936802672579168,3.090820168860786,3.6559122499707164,4.0978551107760035,#000000,0.0,0.0,0.20127552739442403,1.8970749407418654,-0.13451680436444058,0.0,0.0,0.0,0.0,0.0,0.0,0.0,0.0,49.85010433484653,6.014618910203474,False,False,False,False,False,0.0,0,1.0459674691756604,0.936813947052855,False,False,False,False,0.05505550969948018,0.08386813351492972,False,False,False,False,-2416429,-2546674.8514923444,False,False,False,False,94644.94711631592,False,False,False,False
2024-06-18 00:00:00+00:00,1.82,1.9166,1.81,1.81,67191,,,,,1.9469513780548409,2.3510416265046774,2.70193117666128,3.102803447412458,3.1835790361217944,3.46191160758236,,,,,,1.9154689379504484,1.957952089827795,2.3793164912049556,2.385295339280544,2.5635416241916014,,,2.2682362634355915,2.6909819827461012,3.0873429706436393,3.651909728680574,4.093407539693388,"rgba(239, 83, 80, 1.0)",0.0,0.0,0.2013918865842355,1.8964681104108692,-0.37969806881413287,0.0,0.0,0.0,0.0,0.0,0.0,0.0,0.0,47.23220828499199,3.3675387076546883,False,True,False,True,False,0.0,0,1.0380083038222006,0.9362559531078275,False,False,False,False,0.045130567134399,0.06449935032466436,False,False,False,False,-2483620,-2544202.1122181346,False,False,False,False,93568.3217392055,False,False,False,False
2024-06-20 00:00:00+00:00,2.04,2.0899,1.83,1.83,177092,,,,,1.9474776780760192,2.3473984859772936,2.6959850699890846,3.094660966524641,3.175109038495804,3.452765162214107,,,,,,1.9342082619108512,1.958323684315388,2.375452625160421,2.381385255449101,2.55844874360531,,,2.2653136765219597,2.68510219389318,3.0792800623589014,3.6422445311144918,4.082483488141515,#000000,0.0,0.0,0.20455235260179858,1.8992606262720184,0.6880359572395558,0.0,0.0,0.0,0.0,0.0,0.0,0.0,0.0,50.6454585383279,3.3675387076546883,False,False,False,False,True,3.4659237243642878,0,1.0341734939039862,0.9237587858709764,False,False,False,False,0.12756823606368897,0.09603379319417667,False,False,False,False,-2306528,-2534881.558797816,False,False,False,False,96843.76010237391,False,False,False,False
2024-06-21 00:00:00+00:00,1.96,2.0273,1.96,2.02,18814,,,,,1.947526862598836,2.347011263781002,2.695355462228135,3.09379964404377,3.1742130817637797,3.4517973524579513,,,,,,1.9355206539589414,1.9583568238959335,2.3750422112240956,2.380969984371302,2.557909026857263,,,2.2650021201413364,2.6844795754798088,3.078427140493724,3.641221714929772,4.0813272735682,#000000,0.0,0.0,0.20598456187225608,1.899536649675838,0.293533407429141,0.0,0.0,0.0,0.0,0.0,0.0,0.0,0.0,51.073615709086276,3.3675387076546883,False,False,False,False,True,1.4805215494304456,0,1.0504871567759078,0.9322934650433111,False,False,False,False,0.15666536532214168,0.12634957925815918,False,False,False,False,-2325342,-2526664.3211979014,False,False,False,False,93783.76951012397,False,False,False,False
2024-06-24 00:00:00+00:00,1.95,1.9986,1.69,1.8,49209,,,,,1.9472775486191998,2.345717574935967,2.6934770004887953,3.0913451009167896,3.171674226545851,3.4490951588372716,,,,,,1.9318003228244345,1.9580744551538447,2.3736925073540385,2.379608508906637,2.5562505766561867,,,2.2638948917197292,2.6826183620297788,3.0759936760123647,3.6383868525975136,4.078161178902745,#000000,0.0,0.0,0.2074112424954083,1.8801991381050915,0.33653364714043255,0.0,0.0,0.0,0.0,0.0,0.0,0.0,0.0,51.132541704516285,3.3675387076546883,False,False,False,False,True,1.2344832030942463,0,1.0140590098836446,0.9339679110034015,False,False,False,False,0.029031184066543106,0.07769038166235115,False,False,False,False,-2374551,-2520699.092915631,False,False,False,False,92035.73933325635,False,False,False,False
2024-06-25 00:00:00+00:00,1.91,2.01,1.89,1.92,77283,,,,,1.9472167944342642,2.3439474574969412,2.6907501224273336,3.087690998979078,3.1678823938447085,3.4450238446777095,,,,,,1.9322601808036712,1.9579546885603654,2.3718309358831373,2.377727755216013,2.5538807998118167,,,2.262425344873379,2.6799193475025698,3.072373331483633,3.634097079758346,4.073335883013109,#000000,0.0,0.0,0.20819480677371158,1.8825710755826024,0.13174643903202746,0.0,0.0,0.0,0.0,0.0,0.0,0.0,0.0,50.241764205236436,3.3675387076546883,False,True,False,False,True,0.24644921359790573,0,1.0443289867866912,0.9227607566175087,False,False,False,False,0.11902032209600877,0.09835535187917996,False,False,False,False,-2451834,-2517998.5010365867,False,False,False,False,91457.20053587375,False,False,False,False
2024-06-26 00:00:00+00:00,1.88,1.94,1.837,1.94,49966,,,,,1.946989787264457,2.342668860689247,2.688879011004295,3.0852366528710276,3.1653421814945726,3.44231464641161,,,,,,1.9295774171963609,1.95769416151555,2.370495718908068,2.376380641516676,2.5522324819341407,,,2.2613345893944463,2.678065691846558,3.0699403198377437,3.6312521086051492,4.070153539665972,#000000,0.0,0.0,0.20887943006979368,1.8821702830474674,-0.010390123368022905,0.0,0.0,0.0,0.0,0.0,0.0,0.0,0.0,48.953571549757264,3.3675387076546883,False,True,False,False,True,0.0,0,1.0531707816822047,0.9335987237841555,False,False,False,False,0.06652097205194761,0.08243816196556378,False,False,False,False,-2501800,-2517363.2657018187,False,False,False,False,89830.09463250615,False,False,False,False
2024-06-27 00:00:00+00:00,1.89,1.93,1.83,1.9,37157,,,,,1.9468156749006436,2.3417178225486053,2.6874891703040205,3.083414439603656,3.1634562467839027,3.4403030474216747,,,,,,1.927678654029546,1.9574953990617887,2.369502779999669,2.375378897839982,2.551007707594294,,,2.2605225269255214,2.67668878600932,3.068133927309044,3.6291396333514383,4.067790478480874,"rgba(239, 83, 80, 0.75)",0.0,0.0,0.20959185584371245,1.8819683095429205,0.03832062283502297,0.0,0.0,0.0,0.0,0.0,0.0,0.0,0.0,48.372119357274244,3.3675387076546883,False,True,False,True,True,0.0,1,1.0549126621623592,0.9177404526682912,False,False,False,False,0.05577199029952375,0.06910507613254377,False,False,False,False,-2464643,-2515295.804301747,False,False,False,False,87764.48307829023,False,False,False,False
2024-06-28 00:00:00+00:00,1.85,1.89,1.85,1.8648,18206,,,,,1.9467039438076443,2.341233004783828,2.686793039098304,3.0825087700464247,3.1625198044976432,3.439306671414236,,,,,,1.9264096733787641,1.9573722385196792,2.3689977872975043,2.3748696626629107,2.550391307472046,,,2.2601048787282374,2.6759989130752633,3.067235939423487,3.6280945997808733,4.066623917186198,"rgba(239, 83, 80, 1.0)",0.0,0.0,0.20983486450143565,1.8817600121045044,-0.15135717403285479,0.0,0.0,0.0,0.0,0.0,0.0,0.0,0.0,46.97879218406611,1.9981949072506495,False,True,False,True,False,0.0,1,1.0584039495984086,0.9268292682926829,False,False,False,False,0.04717777889683139,0.05814142751468758,False,False,False,False,-2482849,-2514023.3806036394,False,False,False,False,85036.6994281612,False,False,False,False
2024-07-01 00:00:00+00:00,1.88,1.9,1.82,1.82,24948,,,,,1.9465574237236705,2.3405748669528657,2.685844879700696,3.08127328382101,3.161242056679683,3.4379462465150286,,,,,,1.9248376266251241,1.9572099555012819,2.3683119720687933,2.3741780279953524,2.5495525252992155,,,2.2595387885803024,2.675059336268601,3.0660109837220197,3.626667280290683,4.065029776936972,"rgba(239, 83, 80, 1.0)",0.0,0.0,0.2095270351731346,1.881541428355622,-0.0073567038943132025,0.0,0.0,0.0,0.0,0.0,0.0,0.0,0.0,46.98160060824889,1.7184611057201096,False,True,False,True,False,0.0,1,1.0542224853822812,0.9254385315668715,False,False,False,False,0.038590526006663135,0.04836597676067536,False,False,False,False,-2457901,-2511822.5029329085,False,False,False,False,82680.27984274313,False,False,False,False
2024-07-02 00:00:00+00:00,1.83,1.859,1.8,1.83,49515,,,,,1.9461342575023826,2.3391724727388366,2.6838848149507117,3.0787541303460966,3.158641255889983,3.435189715738501,,,,,,1.920114003767626,1.9567586627479816,2.3668563596264427,2.3727112106550527,2.547803981556607,,,2.258314705351354,2.67311592171679,3.0635123933115236,3.6237818692368537,4.061819538665888,"rgba(239, 83, 80, 1.0)",0.0,0.0,0.2095846516713276,1.880616639347383,-0.24150928488198872,0.0,0.0,0.0,0.0,0.0,0.0,0.0,0.0,45.66628596482401,0.18496667868330263,False,True,False,True,False,0.0,1,1.0467339667458433,0.9281918052256533,False,False,False,False,0.012429166954387682,0.030397571857531523,False,False,False,False,-2507416,-2511649.698896324,False,False,False,False,81379.68063322379,False,False,False,False
2024-07-03 00:00:00+00:00,1.84,1.89,1.83,1.85,18929,,,,,1.9460060027746933,2.338663194477056,2.683158568919885,3.077811961209661,3.157667340936817,3.434153918453449,,,,,,1.918870493790605,1.9566189514623389,2.3663263969790855,2.3721768968306374,2.5471597313504293,,,2.257874327881159,2.6723961163951944,3.062578148372924,3.6226957758780163,4.060607723452021,"rgba(239, 83, 80, 1.0)",0.0,0.0,0.20983901186594545,1.880446942520408,-0.19275225402913754,0.0,0.0,0.0,0.0,0.0,0.0,0.0,0.0,45.134340118785396,-0.5796829941898096,False,True,False,True,False,0.0,1,1.0514145324597977,0.9203841572364503,False,False,False,False,0.020485575447969813,0.025441573652750668,False,False,False,False,-2488487,-2510741.357763135,False,False,False,False,78930.63433388168,False,False,False,False
2024-07-05 00:00:00+00:00,1.85,1.9,1.83,1.84,25001,,,,,1.9458492960876839,2.338001402466472,2.682208994194339,3.076576546478643,3.1563898042646352,3.432793698358503,,,,,,1.917457389869477,1.9564468746136896,2.365637183042295,2.3714819157918217,2.546318808254057,,,2.2573037139393453,2.67145507105036,3.0613532176020035,3.62126872589891,4.05901404968954,"rgba(239, 83, 80, 1.0)",0.0,0.0,0.21024544236680023,1.880289542288485,-0.14406753339100217,0.0,0.0,0.0,0.0,0.0,0.0,0.0,0.0,45.144942589181206,-0.8488517778689939,False,True,False,True,False,0.0,1,1.0439696247766528,0.924851101846337,False,False,False,False,0.01638439555534699,0.020912984604048827,False,False,False,False,-2463486,-2508888.206478306,False,False,False,False,76815.74671294515,False,False,False,False
2024-07-08 00:00:00+00:00,1.78,1.85,1.71,1.85,50487,,,,,1.9452413017174415,2.336447806429308,2.6801121582334186,3.0739258249453876,3.153658871040066,3.4299146718654643,,,,,,1.9111024783302917,1.9558145543015608,2.364031787135258,2.3698655925403194,2.544429693616602,,,2.2559253703137125,2.6693746576267907,3.058722968461099,3.6182633988167794,4.055685988440372,"rgba(239, 83, 80, 1.0)",0.0,0.0,0.21022608186300523,1.8789120167903572,-0.4705030694279584,0.0,0.0,0.0,0.0,0.0,0.0,0.0,0.0,43.17861432048056,-2.956888440423043,False,True,False,True,False,0.0,1,1.0244309784215193,0.937230268992019,False,False,False,False,-0.06895805435211057,-0.02402253487403087,False,False,False,False,-2513973,-2509087.6101458236,False,False,False,False,75783.24684184926,False,False,False,False
2024-07-09 00:00:00+00:00,1.79,1.81,1.7504,1.79,48875,,,,,1.9446692108402843,2.334961352847615,2.6780993182358985,3.071376890063973,3.1510320834898877,3.4271429445264006,,,,,,1.9056347565782055,1.955218710696806,2.362495187697827,2.368318416438808,2.542618001504415,,,2.2546082624511614,2.6673777133136163,3.0561938419956616,3.6153688288692942,4.052478329084701,"rgba(239, 83, 80, 1.0)",0.0,0.0,0.21030522670241425,1.8777818174181615,-0.4174019770910134,0.0,0.0,0.0,0.0,0.0,0.0,0.0,0.0,42.27644005779449,-3.989637266925044,False,True,False,True,False,0.0,1,1.027488305997987,0.9430546509562436,False,False,False,False,-0.09989377773130544,-0.061958156302668155,False,False,False,False,-2465098,-2507362.5273950067,False,False,False,False,74728.02147550225,False,False,False,False
2024-07-10 00:00:00+00:00,1.78,1.81,1.71,1.75,87367,,,,,1.943551048823823,2.3322437032908736,2.674456525480041,3.0667864060289323,3.1463041745577303,3.4221610920754157,,,,,,1.895750027341735,1.9540606200774233,2.3596894841198193,2.365494128678974,2.539329700047553,,,2.252188754059308,2.6637629733818824,3.0516384337216667,3.6101700579075464,4.046724664512072,"rgba(239, 83, 80, 1.0)",0.0,0.0,0.21014879349018606,1.8602528579657225,-0.3818858849145392,0.0,0.0,0.0,0.0,0.0,0.0,0.0,0.0,41.38199986058322,-5.003937635776445,False,True,False,True,False,0.0,1,1.0201771653543308,0.9560516583154378,False,False,False,False,-0.12801765223594289,-0.09498790426930552,False,False,False,False,-2552465,-2509131.2518108888,False,False,False,False,75223.66769214923,False,False,False,False
2024-07-11 00:00:00+00:00,1.82,1.83,1.73,1.74,75074,,,,,1.942744549773946,2.330038251514941,2.6714407454764024,3.062947933324331,3.142345258596105,3.4179726041779857,,,,,,1.8898507666752342,1.953216786212428,2.3574070487239527,2.363195463643821,2.536623017152785,,,2.2502419119308854,2.6607715886566283,3.0478303317712063,3.605790365728499,4.041861213951947,"rgba(239, 83, 80, 1.0)",0.0,0.0,0.20948907408773756,1.8597946127190368,-0.18996032557941456,0.0,0.0,0.0,0.0,0.0,0.0,0.0,0.0,42.54201747326915,-5.003937635776445,False,True,False,True,False,0.0,1,1.0203900174814635,0.9586020857194526,False,False,False,False,-0.10694128775014183,-0.10096459600972368,False,False,False,False,-2477391,-2507886.536053599,False,False,False,False,75217.79837088847,False,False,False,False
2024-07-12 00:00:00+00:00,1.79,1.82,1.77,1.77,30869,,,,,1.9424154396576538,2.329136640062193,2.67020669504991,3.0613763316018803,3.1407241413319293,3.4162566207095537,,,,,,1.8876177108691394,1.9528723828820758,2.356473883216559,2.362255646063052,2.5355157705819384,,,2.2494461920853044,2.65954754499345,3.0462711916530987,3.603995639733116,4.039867540954497,"rgba(239, 83, 80, 1.0)",0.0,0.0,0.20817957446685453,1.8594986345059616,-0.33383983363375974,0.0,0.0,0.0,0.0,0.0,0.0,0.0,0.0,42.31151074611994,-5.003937635776445,False,True,False,True,False,0.0,1,1.025215083287571,0.9550460674842881,False,False,False,False,-0.0911969057146809,-0.0960807508622023,False,False,False,False,-2508260,-2507901.181698556,False,False,False,False,73478.62980732422,False,False,False,False
2024-07-15 00:00:00+00:00,1.87,1.88,1.74,1.8,145243,,,,,1.9412623083950606,2.3252223166797727,2.664687423232164,3.054245964019248,3.1333547109923194,3.4084124093084904,,,,,,1.8819612351385104,1.9516395301343945,2.352407531926893,2.3581572899136556,2.530605196774021,,,2.246037124482584,2.654076146682393,3.039200101977254,3.5957687267364564,4.03068661464249,"rgba(239, 83, 80, 0.75)",0.0,0.0,0.20677239107696915,1.859837484240149,0.04914832056117274,0.0,0.0,0.0,0.0,0.0,0.0,0.0,0.0,45.346699989955304,-8.103437438166246,False,True,False,True,True,0.0,1,1.0144490266238098,0.9477378858633028,False,False,False,False,-0.07549748648735433,-0.08578911867477831,False,False,False,False,-2363017,-2502219.449082927,False,False,False,False,76292.91883448798,False,False,False,False
2024-07-16 00:00:00+00:00,2.02,2.02,1.87,1.87,417740,,,,,1.9420858546017374,2.317386909828942,2.6518058990996405,3.0364841879718956,3.1148416223051507,3.388240977670463,,,,,,1.9013462119139697,1.9521545169222752,2.3440971063797966,2.3497473096512658,2.5196028496084484,,,2.2397318720873183,2.6413407950717382,3.0216158499516497,3.5743694258486998,4.006354243043648,#000000,0.0,0.0,0.20780757753088455,1.8723761359367899,0.7103873006809396,0.0,0.0,0.0,0.0,0.0,0.0,0.0,0.0,51.472993376630754,-2.435017361645812,False,True,False,False,True,3.56758066239842,1,1.0400416566046846,0.9238257667230136,False,False,False,False,0.06505217494382304,-0.010368471865477638,False,False,False,False,-1945277,-2480378.568726734,False,False,False,False,89683.00044882178,False,False,False,False
2024-07-17 00:00:00+00:00,2.0,2.08,1.95,2.0,143103,,,,,1.9427460862369916,2.3150816490001405,2.647754787395664,3.0307559221951164,3.108851325500835,3.3816516695784977,,,,,,1.9089669573087749,1.9527050348064152,2.3416282771188905,2.3472442313511612,2.516199608597188,,,2.2379482048570107,2.637339946525019,3.0159484571662167,3.567347294177253,3.9983115849026976,"rgba(38, 166, 154, 0.5)",0.0,0.0,0.20926186900578686,1.8763983090653036,0.5906555815540306,0.0,0.0,0.0,0.0,0.0,0.0,0.0,0.0,54.796161062770096,0.40180796132639074,False,False,True,False,True,3.008478505945405,1,1.0380882485097205,0.9229098643021897,False,False,False,False,0.13859714077883378,0.06411433445667808,False,False,False,False,-2088380,-2465006.0758354897,False,False,False,False,91777.90239200524,False,False,False,False
2024-07-18 00:00:00+00:00,1.96,2.02,1.92,1.92,133299,,,,,1.9429607560046205,2.3126645949998648,2.6437736609930833,3.025253227404097,3.1031118137987264,3.3753780981402,,,,,,1.9125054564398043,1.952827717484369,2.3390649492204867,2.3446502342784683,2.5128022648079984,,,2.236000328569663,2.6334042522996755,3.0105012047109474,3.560682290765348,3.9907159995479944,"rgba(38, 166, 154, 0.5)",0.0,0.0,0.21019341607704417,1.8785576720295996,0.3874637440620337,0.0,0.0,0.0,0.0,0.0,0.0,0.0,0.0,55.51526804764903,0.8453169758616781,False,False,True,False,True,1.8917909316493677,1,1.0231562938001373,0.9418930605672026,False,False,False,False,0.09119680091086008,0.07765556768376908,False,False,False,False,-2221679,-2455463.8375674314,False,False,False,False,93406.18072957368,False,False,False,False
2024-07-19 00:00:00+00:00,2.05,2.08,1.94,1.94,110260,,,,,1.9435529803044331,2.311013808096258,2.6407882850017925,3.020985784317493,3.0986422722805753,3.3704377747823306,,,,,,1.9178559742261925,1.9533364818290293,2.3372896251308193,2.342848837703574,2.5103119927707813,,,2.2347447018016244,2.630457261418781,3.0062802902940167,3.5554055468257353,3.984650697792602,"rgba(38, 166, 154, 0.5)",0.0,0.0,0.21177633982124466,1.8813827272341554,0.796204490587429,0.0,0.0,0.0,0.0,0.0,0.0,0.0,0.0,58.19196966916144,3.237293512614606,False,False,True,False,True,4.218105814861147,0,1.0343751399943255,0.9373273403318051,False,False,False,False,0.13330363549217597,0.10547960158797252,False,False,False,False,-2111419,-2441971.8831530223,False,False,False,False,94067.11481861002,False,False,False,False
2024-07-22 00:00:00+00:00,2.11,2.13,2.02,2.08,161401,,,,,1.9450801540381857,2.309155608686282,2.636912638817785,3.0151965800937726,3.0925474220205986,3.363607732508952,,,,,,1.9289983898165302,1.9547301081547122,2.335243610892,2.3407635626112273,2.507180222516391,,,2.2334758759944733,2.6266390650325158,3.0005602459790404,3.54806294812131,3.97612384318114,"rgba(38, 166, 154, 1.0)",0.0,0.0,0.21419975542749894,1.8869822440156168,1.0411671831243936,0.0,0.0,0.0,0.0,0.0,0.0,0.0,0.0,61.20326496157987,5.937551670597053,True,False,True,False,True,5.717813458160208,0,1.0593556697170758,0.9146734165081554,False,False,False,False,0.20281448943914018,0.15414704551355635,False,False,False,False,-1950018,-2422679.574009767,False,False,False,False,96707.65933552728,False,False,False,False
2024-07-23 00:00:00+00:00,2.03,2.12,2.03,2.08,43527,,,,,1.9454099207481708,2.30860031087813,2.63582650535413,3.0136031103993903,3.090873054854876,3.361740009101708,,,,,,1.9312894995721495,1.9550260129935313,2.3346389631094655,2.3401485905156676,2.5062904937629114,,,2.233075930737948,2.625568127814497,2.9989851564726737,3.546059427147929,3.973805132657248,"rgba(38, 166, 154, 1.0)",0.0,0.0,0.21446279264852847,1.8881932156974766,0.6612185850574218,0.0,0.0,0.0,0.0,0.0,0.0,0.0,0.0,60.320593626513215,5.937551670597053,True,False,True,False,True,3.456169757548608,0,1.0597134117859779,0.9180767550137869,False,False,False,False,0.20281448943914018,0.17848076747634828,False,False,False,False,-1993545,-2405850.7671858543,False,False,False,False,94622.14328315367,False,False,False,False
2024-07-24 00:00:00+00:00,2.055,2.09,1.96,2.09,81458,,,,,1.9458884634704356,2.3074638898758377,2.633717052728437,3.010557467966522,3.087678491913963,3.3581921728714628,,,,,,1.9345763524112072,1.9554445106680853,2.3334121547296407,2.3389028589801697,2.504542158818372,,,2.232224991764345,2.623486662723523,2.9959735027217747,3.542261590948579,3.969424370040924,"rgba(38, 166, 154, 1.0)",0.0,0.0,0.214712690217685,1.8900334785132529,0.7683128618038231,0.0,0.0,0.0,0.0,0.0,0.0,0.0,0.0,60.318640365929824,5.937551670597053,True,False,True,False,True,4.089729952249524,0,1.052495944942168,0.9251595494717054,False,False,False,False,0.14920765483269877,0.16384421115452352,False,False,False,False,-1912087,-2386487.4821981736,False,False,False,False,94105.90237008882,False,False,False,False
2024-07-25 00:00:00+00:00,2.12,2.28,2.05,2.05,400961,,,,,1.9511175478588147,2.3043090134770785,2.62549956234915,2.9975731864959854,3.0739190114676216,3.342495668750037,,,,,,1.963647440195081,1.9603300358158777,2.3297888113051055,2.3351816888978325,2.498184261866271,,,2.230522241504337,2.6154123526742548,2.983161056816402,3.525247686182409,3.9494112691300374,"rgba(38, 166, 154, 1.0)",0.0,0.0,0.21607062131296229,1.9134185910223285,0.9560828201556091,0.0,0.0,0.0,0.0,0.0,0.0,0.0,0.0,61.749599466641435,6.455912507077393,True,False,True,False,True,5.717476073115549,0,1.0645729424127164,0.8840114256959759,False,False,False,False,0.2991261476468802,0.23148517940070187,False,False,False,False,-1511126,-2352159.5809355,False,False,False,False,106139.43561047749,False,False,False,False
2024-07-26 00:00:00+00:00,2.16,2.18,2.0438,2.17,34032,,,,,1.951501185453984,2.304009588856844,2.624783157878868,2.996460924743136,3.0727422798624997,3.341157861815612,,,,,,1.9655078448988794,1.960686495992839,2.32945091793142,2.3348357559674584,2.49762157525979,,,2.230342242461075,2.6147078043189214,2.982063101962808,3.5237998734469778,3.947712304412657,"rgba(38, 166, 154, 1.0)",0.0,0.0,0.21923289685409436,1.9143600449590665,1.1204520788885706,0.0,0.0,0.0,0.0,0.0,0.0,0.0,0.0,63.509092567572075,8.260776786752686,True,False,True,False,True,6.701954858684562,0,1.060729464378267,0.9120822165291947,False,False,False,False,0.23482838700859848,0.23315678320465016,False,False,False,False,-1477094,-2317843.283643912,False,False,False,False,103311.69303751759,False,False,False,False
2024-07-29 00:00:00+00:00,2.04,2.18,2.0,2.17,83582,,,,,1.9521469574527162,2.3030517995144946,2.6228400108997025,2.9935702945905645,3.0696983362175136,3.3377373995486033,,,,,,1.9684255418826333,1.961271838625835,2.3284022885429567,2.3337681153585565,2.4960438232817665,,,2.229668565124565,2.6127929352207877,2.979206856255101,3.5201181809658304,3.943428305084997,"rgba(38, 166, 154, 0.75)",0.0,0.0,0.21891114656422805,1.9155577958594776,0.5684598801551266,0.0,0.0,0.0,0.0,0.0,0.0,0.0,0.0,60.57317847892669,8.260776786752686,True,False,True,False,False,3.296161368753186,0,1.0464245875653144,0.9172195150590031,False,False,False,False,0.20888325532407573,0.22102001926436293,False,False,False,False,-1560676,-2288150.4489912093,False,False,False,False,102537.97958506593,False,False,False,False
2024-07-30 00:00:00+00:00,2.03,2.08,1.94,2.04,177078,,,,,1.9528634500899567,2.300554527908417,2.618348233714938,2.9871321203502554,3.0629469451713613,3.3302293297944066,,,,,,1.9710411825848537,1.9618750329590517,2.3257214543597553,2.331048803116501,2.4922966925159247,,,2.227749750934014,2.608359002373958,2.9728396469551095,3.512076407219047,3.9341434750108117,"rgba(38, 166, 154, 0.5)",0.0,0.0,0.2182660992689082,1.9162800615837263,0.5210151223537846,0.0,0.0,0.0,0.0,0.0,0.0,0.0,0.0,58.31361572041288,8.260776786752686,False,False,True,False,False,3.0196058728744006,0,1.0417761045934746,0.9250423159983657,False,False,False,False,0.11616060768145618,0.16859031347290956,False,False,False,False,-1737754,-2266566.274520966,False,False,False,False,105461.11764055355,False,False,False,False
2024-07-31 00:00:00+00:00,2.1,2.15,2.0032,2.02,59408,,,,,1.9533516875380472,2.299924018878057,2.6170241283957525,2.985140571094749,3.060846648357772,3.327858426604415,,,,,,1.973066379776639,1.9623210067093888,2.325027216025221,2.3303412280633555,2.491229814881556,,,2.227317818169934,2.6070547966083244,2.9708723235496235,3.50951903532441,3.9311578432313623,"rgba(38, 166, 154, 0.75)",0.0,0.0,0.21812505711292154,1.9174753843197838,0.8367888499198182,0.0,0.0,0.0,0.0,0.0,0.0,0.0,0.0,58.55077198835635,8.260776786752686,True,False,True,False,False,4.790965683507817,0,1.0537845705967976,0.9164919941775838,False,False,False,False,0.15222611997052451,0.16040821672171704,False,False,False,False,-1678346,-2243498.812775046,False,False,False,False,103655.11302719852,False,False,False,False
2024-08-01 00:00:00+00:00,1.99,2.1199,1.93,2.11,79349,,,,,1.9536474277243432,2.2988116538169976,2.615031059410714,2.982285309686265,3.057852139122527,3.3245254737238237,,,,,,1.9740040630820752,1.9625676482496388,2.323834002017051,2.329131062285571,2.489565978897098,,,2.226459948450998,2.6050873136196038,2.968048527338551,3.5059478040379624,3.9270320979855073,"rgba(38, 166, 154, 0.5)",0.0,0.0,0.21386705477256612,1.9179511204221271,0.3368862944060843,0.0,0.0,0.0,0.0,0.0,0.0,0.0,0.0,55.488954542534486,10.881097190045573,False,False,True,False,False,1.7619123388776288,0,1.0411761199368126,0.9547107388751453,False,False,False,False,0.06752736315625683,0.11396778993898693,False,False,False,False,-1757695,-2224447.6828622995,False,False,False,False,102701.93212417113,False,False,False,False
2024-08-02 00:00:00+00:00,1.9,1.97,1.82,1.97,129133,,,,,1.9531936066717106,2.2962877145796208,2.611192242853355,2.977119333752686,3.0524752142342115,3.318658122985795,,,,,,1.9711779790752049,1.9620528268562565,2.321189520838016,2.326461218724475,2.4862258014133505,,,2.224322551618596,2.601287562462822,2.9629314425743414,3.4997209767377107,3.9199487559260935,#000000,0.0,0.0,0.20865394429160233,1.9160786944136476,-0.07705914435615512,0.0,0.0,0.0,0.0,0.0,0.0,0.0,0.0,51.33522673932043,6.964464726976445,False,True,False,False,False,0.0,1,0.9979794106368545,0.9611073419663136,False,False,False,False,-0.12819775543336276,-0.007114982747187915,False,False,False,False,-1886828,-2211207.695299072,False,False,False,False,103738.44458988991,False,False,False,False
2024-08-05 00:00:00+00:00,1.91,1.9399,1.8101,1.87,52933,,,,,1.952977121741697,2.2952365955403247,2.609608643658949,2.9749964565624656,3.050266572261236,3.316250128052734,,,,,,1.9699307605634957,1.9618121927956276,2.320089645042332,2.325351080825693,2.484844437407727,,,2.2234278984296294,2.599719818570606,2.960828452186533,3.497166600419781,3.9170451994019135,#000000,0.0,0.0,0.20342380205673527,1.9153300032979153,-0.026201473200411343,0.0,0.0,0.0,0.0,0.0,0.0,0.0,0.0,48.85945445404714,4.703288618697236,False,True,False,False,False,0.0,1,0.990660792951542,0.9715712187958885,False,False,False,False,-0.15882210206872882,-0.08296854240795837,False,False,False,False,-1833895,-2196411.119012834,False,False,False,False,101746.07421381581,False,False,False,False
2024-08-06 00:00:00+00:00,1.81,1.91,1.75,1.88,111860,,,,,1.952091692497873,2.2926913937186684,2.6059936033342006,2.970277904099872,3.0453740583217086,3.3109637466082384,,,,,,1.965497075354732,1.9608843432347707,2.3174465922632526,2.3226873890367674,2.4816392591935807,,,2.2212001486209267,2.5961370651151494,2.956150816327147,3.491583885222138,3.910745943390671,"rgba(239, 83, 80, 1.0)",0.0,0.0,0.19662265502337972,1.9127117362518518,-0.5223799680644055,0.0,0.0,0.0,0.0,0.0,0.0,0.0,0.0,45.08304995740254,1.2282808928897424,False,True,False,True,False,0.0,1,0.9817820324005891,0.9876730486008836,False,False,False,False,-0.22891657194888876,-0.15594255717842356,False,False,False,False,-1945755,-2186581.4672868405,False,False,False,False,102142.6987544505,False,False,False,False
2024-08-07 00:00:00+00:00,1.84,1.96,1.8,1.81,89713,,,,,1.9516263256157727,2.2908565035672144,2.6032774321726113,2.9666633455336995,3.0416164543050805,3.3068736987945218,,,,,,1.9631566157573417,1.960380750429533,2.3155311975014743,2.320755038789897,2.479258765696673,,,2.219623966141148,2.5934472474835557,2.9525694530120172,3.4872489269330518,3.905825503111097,"rgba(239, 83, 80, 1.0)",0.0,0.0,0.19117229623253815,1.9114679955241212,-0.37384075481935336,0.0,0.0,0.0,0.0,0.0,0.0,0.0,0.0,43.51791030701017,-0.167827999541025,False,True,False,True,False,0.0,1,0.9669815498154983,1.001667896678967,False,False,False,False,-0.1511404777871902,-0.15354151748280687,False,False,False,False,-1856042,-2173619.1352363764,False,False,False,False,101655.2595876093,False,False,False,False
2024-08-08 00:00:00+00:00,1.95,1.95,1.84,1.91,71033,,,,,1.9514618637554073,2.28957344896354,2.6012762906171907,2.9639388656060777,3.038775704122894,3.3037560765459966,,,,,,1.9622395936832329,1.9601824819815281,2.3141826085175765,2.3193926673082688,2.4775295618444004,,,2.2185495768769585,2.5914673828798938,2.949871604353124,3.483931330930734,3.9020351412316083,"rgba(239, 83, 80, 1.0)",0.0,0.0,0.18566893912264748,1.9111031054648469,0.20949597018733948,0.0,0.0,0.0,0.0,0.0,0.0,0.0,0.0,45.56940042953709,-0.167827999541025,False,True,False,True,False,0.7962894164071095,1,0.9796962794229309,1.014624145785877,False,False,False,False,-0.12819775543336276,-0.1408696364580848,False,False,False,False,-1785009,-2158379.522089852,False,False,False,False,100454.38666260501,False,False,False,False
2024-08-09 00:00:00+00:00,1.78,1.92,1.77,1.91,90705,,,,,1.9507630080107932,2.287558789952288,2.5984056606899677,2.9601840064792317,3.0348805346188588,3.2995388993622523,,,,,,1.9590498827016694,1.959449994545493,2.312089925036883,2.31728352631982,2.4749869803376803,,,2.2167872240488524,2.5886225908723985,2.9461495466939507,3.479473636880852,3.8969978898159936,"rgba(239, 83, 80, 1.0)",0.0,0.0,0.18071011079659743,1.9094063673330328,-0.7160992086308287,0.0,0.0,0.0,0.0,0.0,0.0,0.0,0.0,43.4707937647448,-0.167827999541025,False,True,False,True,False,0.0,0,0.9586930274675521,0.996272260790824,False,False,False,False,-0.20533811387678289,-0.17310387516743386,False,False,False,False,-1875714,-2147294.599654956,False,False,False,False,100072.05777387541,False,False,False,False
2024-08-12 00:00:00+00:00,1.78,1.805,1.76,1.79,69698,,,,,1.9500572617034875,2.2858846209084978,2.5960964042364947,2.95721038252282,3.0318020419582994,3.2962236910870932,,,,,,1.9559742471154853,1.9587217861909394,2.310357930115266,2.315539316421014,2.4729225758564684,,,2.2153013869072247,2.5863326817345262,2.9432006595037272,3.4759787891824807,3.8930663653964745,"rgba(239, 83, 80, 1.0)",0.0,0.0,0.17663730845637646,1.9077368022119952,-0.7231586765461945,0.0,0.0,0.0,0.0,0.0,0.0,0.0,0.0,42.071722654883274,-1.4383767020579938,False,True,False,True,False,0.0,0,0.9463052648023744,1.0439462583971255,False,False,False,False,-0.3054037984533275,-0.23925383681038068,False,False,False,False,-1875714,-2136644.380060644,False,False,False,False,98880.91825333127,False,False,False,False
2024-08-13 00:00:00+00:00,1.72,1.87,1.72,1.76,357447,,,,,1.9462839854345189,2.277275152821559,2.5842888833804896,2.942043885506939,3.016103533250824,3.2793174316278133,,,,,,1.94078733901476,1.9548389465847653,2.301458045390447,2.306578062948358,2.462350069647399,,,2.2076371810632462,2.574622810576405,2.9281593821003016,3.458157291784236,3.873020836765016,"rgba(239, 83, 80, 1.0)",0.0,0.0,0.17199641207228739,1.8996961260327772,-1.0447667126756908,0.0,0.0,0.0,0.0,0.0,0.0,0.0,0.0,40.0646572737992,-3.466856434350504,False,True,False,True,False,0.0,0,0.9191150999842543,1.0435049598488426,False,False,False,False,-0.28006255650370354,-0.2596581966570421,False,False,False,False,-2233161,-2140429.3455484617,False,False,False,False,109020.76459633789,False,False,False,False
2024-08-14 00:00:00+00:00,1.6,1.77,1.5601,1.77,314510,,,,,1.9407997010476108,2.268101500773127,2.5726025900630742,2.92760853857778,3.001239079991335,3.263526419009531,,,,,,1.9208496116508236,1.9493006283697607,2.2920572788576976,2.297129071602552,2.4516531538404727,,,2.199219437530796,2.5630155487154727,2.9138277193301034,3.4416283044790505,3.8546503272136245,"rgba(239, 83, 80, 1.0)",0.0,0.0,0.17199641207228739,1.8730590696985785,-1.5875858479176645,0.0,0.0,0.0,0.0,0.0,0.0,0.0,0.0,36.888819340578124,-6.572592458471519,False,True,False,True,False,0.0,0,0.895418342157152,1.0460028877951841,True,False,False,False,-0.34282825441539394,-0.301243225536218,False,False,False,False,-2547671,-2156399.6065073456,True,False,False,False,117079.1659847168,True,False,False,False
2024-08-15 00:00:00+00:00,1.68,1.74,1.61,1.61,136964,,,,,1.938733465451905,2.2643975417267987,2.567782786572817,2.92158241633521,2.995022290086215,3.256883965315816,,,,,,1.9139234114315888,1.9472057419703905,2.288252699939806,2.293303162319298,2.4472700038267043,,,2.195846578536755,2.5582304999478853,2.907846948813284,3.43465549494706,3.8468636026311813,"rgba(239, 83, 80, 1.0)",0.0,0.0,0.16956688334666717,1.8698726369116376,-1.1197507034640537,0.0,0.0,0.0,0.0,0.0,0.0,0.0,0.0,37.10653080033309,-6.572592458471519,False,True,False,True,False,0.0,0,0.9158600847497381,1.0447672509499164,False,False,False,False,-0.32815800107692966,-0.31470061330657384,False,False,False,False,-2410707,-2166372.445467842,False,False,False,False,117858.96339708085,False,False,False,False
2024-08-16 00:00:00+00:00,1.77,1.77,1.66,1.66,39148,,,,,1.938275227544545,2.263448614847388,2.5665016710673156,2.9199485599742885,2.9933319903806392,3.255063297432678,,,,,,1.912471065955957,1.946737052006104,2.2872738367429406,2.2923179672839926,2.4461177357213195,,,2.194994862421019,2.5569595893577284,2.906226286903083,3.4327365076238716,3.844706015994767,"rgba(239, 83, 80, 1.0)",0.0,0.0,0.1669343885784603,1.8694490040107692,-0.5957370728561866,0.0,0.0,0.0,0.0,0.0,0.0,0.0,0.0,39.56152094116596,-6.572592458471519,False,True,False,True,False,0.0,0,0.924129060593227,1.0307907078882563,False,False,False,False,-0.2704670997255608,-0.29258385651606733,False,False,False,False,-2371559,-2174418.9770181226,False,False,False,False,114772.2589501365,False,False,False,False
2024-08-19 00:00:00+00:00,1.83,1.88,1.76,1.77,109860,,,,,1.9375600923300504,2.2612527282347923,2.563313523890315,2.9157333607770775,2.9889497410720494,3.250277977482191,,,,,,1.9105037452470224,1.9459827825677274,2.2849885542906594,2.290013835798654,2.443309723346926,,,2.1930840864430143,2.5538013401120567,2.9020492197313863,3.427658329716368,3.8389317896532207,"rgba(239, 83, 80, 0.75)",0.0,0.0,0.1635876765771254,1.870123179221994,-0.24527018209148085,0.0,0.0,0.0,0.0,0.0,0.0,0.0,0.0,42.59083031803523,-6.572592458471519,False,True,False,True,True,0.0,0,0.9366774896867599,1.0151051715213404,False,False,False,False,-0.12610989803992012,-0.20934687727799373,False,False,False,False,-2261699,-2177841.7230174122,False,False,False,False,114579.62134424881,False,False,False,False
2024-08-20 00:00:00+00:00,1.858,2.0,1.84,1.88,111174,,,,,1.9373209176902497,2.2594345698528246,2.5604434794417057,2.9117950852764807,2.9848353460299206,3.2457240656635262,,,,,,1.9102597095449791,1.945696014726652,2.2830757039762632,2.288081065909997,2.4408389784013926,,,2.1915637099082805,2.5509625341431676,2.898150378827052,3.422793833235179,3.833341050227908,"rgba(239, 83, 80, 0.75)",0.0,0.0,0.16093589233423247,1.8719708452502388,-0.08681000271352773,0.0,0.0,0.0,0.0,0.0,0.0,0.0,0.0,45.24689047565285,-11.2315091010707,False,True,False,True,True,0.0,0,0.9559150311562785,0.9869936133513587,False,False,False,False,0.006567683874988296,-0.10138959670150272,False,False,False,False,-2150525,-2176770.478977514,False,False,False,False,114446.06756604297,False,False,False,False
2024-08-21 00:00:00+00:00,1.92,1.95,1.8,1.85,76887,,,,,1.93711703736902,2.2581554807187483,2.558445233154244,2.909064267736737,2.9819836831217708,3.242570827579435,,,,,,1.9099581629508318,1.9454602302124437,2.2817319478795843,2.2867237021635547,2.439114093425378,,,2.190488113975367,2.5489856876121926,2.895446630118192,3.4194271623723327,3.829474788558298,#000000,0.0,0.0,0.15899629209788224,1.8728457585952643,0.2965744721625728,0.0,0.0,0.0,0.0,0.0,0.0,0.0,0.0,48.386349185314984,-8.222265537249719,False,True,False,False,True,0.6206806203650288,0,0.9624805628685358,0.9809554601019198,False,False,False,False,-0.0528875947475267,-0.0771385957245147,False,False,False,False,-2073638,-2172726.0680372193,False,False,False,False,112973.16295560992,False,False,False,False
2024-08-22 00:00:00+00:00,1.87,1.95,1.851,1.95,56779,,,,,1.9369686585247612,2.2572174285623254,2.5569779428801254,2.907057639570933,2.9798879633484123,3.240252216248764,,,,,,1.9097448022460723,1.945288425953649,2.280746341853228,2.2857280894063914,2.4378479991195086,,,2.1896996029627824,2.547534147543836,2.8934599333842446,3.416950983471608,3.826630006880201,#000000,0.0,0.0,0.15792846253685072,1.873399661653476,-0.021526592476531378,0.0,0.0,0.0,0.0,0.0,0.0,0.0,0.0,49.228928585094536,-7.35675564088136,False,False,False,False,True,0.0,1,0.9826463206196202,0.9732534684261585,False,False,False,False,-0.01917733026607096,-0.04815796299529283,False,False,False,False,-2130417,-2171066.888898505,False,False,False,False,110769.47029068404,False,False,False,False
2024-08-23 00:00:00+00:00,2.07,2.085,1.87,1.9,223605,,,,,1.9378490251959686,2.2547426293466377,2.552273462056775,2.900139779262654,2.972597761221803,3.2319893995444784,,,,,,1.9137926221216326,1.9460528183264585,2.2780713650426407,2.2830111204888692,2.4339806723214688,,,2.187842470722929,2.5428947227581165,2.8866232068913114,3.408024633349128,3.8161853040165603,"rgba(38, 166, 154, 1.0)",0.0,0.0,0.15713789548728319,1.8792414324634088,1.213956486721745,0.0,0.0,0.0,0.0,0.0,0.0,0.0,0.0,53.58516395595128,-3.1646802553544546,True,False,True,False,True,4.115381298412203,0,0.9856712492162769,0.9634976220696405,False,False,False,False,0.08266293485556947,0.01725248593013832,False,False,False,False,-1906812,-2160703.9520789557,False,False,False,False,115194.3930243827,False,False,False,False
2024-08-26 00:00:00+00:00,2.07,2.1299,2.04,2.04,125364,,,,,1.9388251970175834,2.253773679160585,2.5500137490906427,2.8966154865677,2.968858270344771,3.2276735299324435,,,,,,1.9175317094733806,1.9469569693314919,2.2769867043375265,2.281902225161816,2.432202565609417,,,2.1872267048912577,2.5406722909540926,2.8831450740252826,3.4033229982338455,3.8106117695225508,"rgba(38, 166, 154, 1.0)",0.0,0.0,0.15340472642674396,1.8907048202582242,1.168772200949071,0.0,0.0,0.0,0.0,0.0,0.0,0.0,0.0,56.489320869855774,-0.42904073488477934,True,False,True,False,True,4.115381298412192,0,0.9917501382658392,0.96872119461685,False,False,False,False,0.2282038988659128,0.12272819239802556,False,False,False,False,-1906812,-2150747.4049386047,False,False,False,False,115593.20114107359,False,False,False,False
2024-08-27 00:00:00+00:00,1.99,2.04,1.95,1.96,62034,,,,,1.9390098358069905,2.253061162247489,2.5486989330199483,2.894698918010701,2.9668401993956635,3.2253895371281343,,,,,,1.9183664068938402,1.947111395385354,2.2762202805329452,2.2811244862892854,2.4311145092149378,,,2.1866805868885764,2.5393751183624804,2.881250607399226,3.4008572733092635,3.8077296275200494,"rgba(38, 166, 154, 1.0)",0.0,0.0,0.15084432999574734,1.8903474133274707,0.6606319685687804,0.0,0.0,0.0,0.0,0.0,0.0,0.0,0.0,56.32978856407897,-0.42904073488477934,True,False,True,False,True,2.1059867042639198,0,0.9886426678172964,0.9655273377303828,False,False,False,False,0.10597239192638325,0.11435029216220441,False,False,False,False,-1968846,-2143614.01650964,False,False,False,False,113492.84031201187,False,False,False,False
2024-08-28 00:00:00+00:00,2.06,2.09,1.92,1.98,68316,,,,,1.9393232262821933,2.2523711025497786,2.5473359665425535,2.8926675885544193,2.96469559356514,3.2229450194002363,,,,,,1.9196240597985998,1.947389883614045,2.275470024098714,2.280361603474153,2.4300041795214784,,,2.1861754803452182,2.538031775411267,2.879243781030015,3.3982094749074374,3.8046184843791595,"rgba(38, 166, 154, 1.0)",0.0,0.0,0.1469126638883959,1.8913947057146117,1.1476566405022208,0.0,0.0,0.0,0.0,0.0,0.0,0.0,0.0,57.52160733225301,0.7991981826823888,True,False,True,False,True,3.7223524533545316,0,0.9887980301556422,0.9492795476653697,False,False,False,False,0.11934215771963955,0.11684622494092198,False,False,False,False,-1900530,-2134081.3099798504,False,False,False,False,111721.19951546239,False,False,False,False
2024-08-29 00:00:00+00:00,1.97,2.0499,1.93,2.04,54428,,,,,1.9394530566986918,2.2517287078302504,2.5461725544825664,2.890981759565571,2.962921564624371,3.2209397966234485,,,,,,1.920226144569201,1.9474941108607016,2.274781064732837,2.279662866770849,2.4290372303694774,,,2.185676903562551,2.536883660806288,2.8775771614780807,3.3960460102931584,3.8020920287878415,"rgba(38, 166, 154, 1.0)",0.0,0.0,0.1420804276735605,1.8916434526585557,0.5514943094165918,0.0,0.0,0.0,0.0,0.0,0.0,0.0,0.0,56.09410335022945,0.7991981826823888,True,False,True,False,True,1.4969413931440627,0,0.9948808045315483,0.956517129615606,False,False,False,False,0.0992352716489578,0.1080407482949399,False,False,False,False,-1954958,-2127056.866451229,False,False,False,False,109474.40737760112,False,False,False,False
2024-08-30 00:00:00+00:00,1.97,1.99,1.95,1.98,34758,,,,,1.939510539143765,2.2512998268649373,2.545414605373124,2.8898927200682025,2.9617766769218568,3.219648917108214,,,,,,1.9205248901199912,1.9475357487592788,2.274322791139237,2.2791984191920505,2.428403559117675,,,2.185338949646827,2.5361353967044047,2.876500309345206,3.394654894699928,3.800470513999376,"rgba(38, 166, 154, 1.0)",0.0,0.0,0.13811965435408824,1.891744222516915,0.5665795925210312,0.0,0.0,0.0,0.0,0.0,0.0,0.0,0.0,55.142434028880416,0.7991981826823888,True,False,True,False,True,1.4969413931440627,0,0.9962653192524361,0.9931112401336953,False,False,False,False,0.07270199741896975,0.09037137285695482,False,False,False,False,-1954958,-2120307.8912962787,False,False,False,False,106544.35218632265,False,False,False,False
2024-09-03 00:00:00+00:00,1.85,1.965,1.83,1.96,81076,,,,,1.9392577489345584,2.2499919263606487,2.5433841305372207,2.8871194522057424,2.9588794202656796,3.216436047719659,,,,,,1.919988374275598,1.94725271280159,2.2729504369226574,2.27781249271191,2.4266487259479588,,,2.1842330593042614,2.534126524530723,2.873754564348886,3.3912199822484617,3.796517338679282,#000000,0.0,0.0,0.1337856871644495,1.8903342805683543,-0.301484272519939,0.0,0.0,0.0,0.0,0.0,0.0,0.0,0.0,51.80692214246049,0.7991981826823888,False,False,False,False,False,0.0,0,0.9586332333234878,0.9885273679792312,False,False,False,False,-0.023139503938851464,0.03361593445905168,False,False,False,False,-2036034,-2117003.0328140715,False,False,False,False,105545.5932770551,False,False,False,False
2024-09-04 00:00:00+00:00,1.79,1.875,1.75,1.835,71326,,,,,1.9387435498599326,2.2486110281360103,2.5414023063638704,2.8845072006173207,2.956162910179393,3.2134606639057766,,,,,,1.9186084168935837,1.946716993262689,2.2715160181490304,2.2763667770235974,2.4248983413453873,,,2.1830219607194525,2.532162935076045,2.87116581474276,3.38805819561563,3.7929143017933487,#000000,0.0,0.0,0.1313772958842117,1.888186997612499,-0.7473665594322724,0.0,0.0,0.0,0.0,0.0,0.0,0.0,0.0,48.42106240707955,4.794680695077425,False,False,False,False,False,0.0,0,0.987822246403482,0.9979997119585221,False,False,False,False,-0.13618223547340422,-0.05128315050717627,False,False,False,False,-2107360,-2116624.8746645004,False,False,False,False,104203.6484426608,False,False,False,False
2024-09-05 00:00:00+00:00,1.75,1.79,1.7,1.76,114851,,,,,1.9375662588118263,2.246115357149062,2.537982358724272,2.880101416296622,2.951595194189625,3.208498556794503,,,,,,1.915348791334771,1.9455111871848838,2.2689381581034604,2.2737715348516265,2.42183716179434,,,2.180789556145082,2.5287713742897187,2.8667969608787827,3.3828067781279847,3.78697047195799,"rgba(239, 83, 80, 1.0)",0.0,0.0,0.12807886506231034,1.884050344593657,-1.0466234575739055,0.0,0.0,0.0,0.0,0.0,0.0,0.0,0.0,45.41954842762645,1.9177980944881483,False,True,False,True,False,0.0,0,0.9475647601743017,1.0134906980109661,False,False,False,False,-0.22834305041843136,-0.13981310046280382,False,False,False,False,-2222211,-2120765.5070305984,False,False,False,False,104621.19164098782,False,False,False,False
2024-09-06 00:00:00+00:00,1.68,1.79,1.67,1.76,83292,,,,,1.936573941772242,2.2442011599985667,2.5354168045269194,2.8768342062550962,2.948213084041631,3.2048393199421668,,,,,,1.9126090518764587,1.9445006943728502,2.2669661214501513,2.2717872515473974,2.4195256175368285,,,2.1790615958558686,2.5262259676247356,2.8635561114010812,3.3789421662608157,3.7826113849474003,"rgba(239, 83, 80, 1.0)",0.0,0.0,0.1304453950166694,1.8810003151844945,-1.5408770478927911,0.0,0.0,0.0,0.0,0.0,0.0,0.0,0.0,42.18946003947997,-1.1370736278479683,False,True,False,True,False,0.0,0,0.9513959044915893,1.0022289572008145,False,False,False,False,-0.24929670714669472,-0.19455490380474927,False,False,False,False,-2305503,-2128010.114598026,False,False,False,False,103784.75275310595,False,False,False,False
2024-09-09 00:00:00+00:00,1.67,1.72,1.66,1.7023,74460,,,,,1.9355760362664016,2.2424054974982166,2.5330535649898613,2.8738539803332577,2.9451321308406984,3.201517733188164,,,,,,1.9098626204381504,1.943488498341514,2.2651201177486042,2.269930577327825,2.417384669205096,,,2.1774288317265973,2.5238803998443955,2.8605991257124823,3.3754405062572594,3.7786737350116932,"rgba(239, 83, 80, 1.0)",0.0,0.0,0.13312856754081503,1.8781409151598265,-1.563457933970588,0.0,0.0,0.0,0.0,0.0,0.0,0.0,0.0,39.863530548778655,-3.332871485641192,False,True,False,True,False,0.0,0,0.9505979567792645,1.0119268572166364,False,False,False,False,-0.30629492751958626,-0.25042491566216774,False,False,False,False,-2379963,-2137890.619907907,False,False,False,False,102634.76244906257,False,False,False,False
2024-09-10 00:00:00+00:00,1.65,1.7,1.5901,1.7,70536,,,,,1.934501707430928,2.2406042705776836,2.5307309305619263,2.870958055979028,2.94214302032242,3.198308937960942,,,,,,1.9069099001334326,1.9424028503427972,2.263272700589507,2.2680733559620996,2.415267358191851,,,2.175778058873165,2.5215741354089145,2.8577248654759693,3.372065169353157,3.774892220372687,"rgba(239, 83, 80, 1.0)",0.0,0.0,0.13662801870578883,1.8751871793653365,-1.6481771564751204,0.0,0.0,0.0,0.0,0.0,0.0,0.0,0.0,37.95038232571218,-5.185210332976517,False,True,False,True,False,0.0,0,0.9368017874241941,1.008601978933929,False,False,False,False,-0.34282825441539394,-0.2966265850387808,False,False,False,False,-2450499,-2150149.7720683813,False,False,False,False,101375.98745106012,False,False,False,False
2024-09-11 00:00:00+00:00,1.79,1.8,1.6407,1.68,73831,,,,,1.9337613320472844,2.2390361420777163,2.5285777642183502,2.8681801383909886,2.9392618355134896,3.195173202944305,,,,,,1.9050138211423016,1.941644437580282,2.2616527148778807,2.2664424033942807,2.4133413214450012,,,2.1743754804938455,2.519438936514056,2.8549703624886122,3.3687438093749535,3.771127906404666,"rgba(239, 83, 80, 1.0)",0.0,0.0,0.13747559717925842,1.873572306940946,-0.6079064841738685,0.0,0.0,0.0,0.0,0.0,0.0,0.0,0.0,40.893972116085564,-5.185210332976517,False,True,False,True,False,0.0,0,0.9502939183332546,0.994310749688746,False,False,False,False,-0.23885901338794394,-0.26774279921336236,False,False,False,False,-2376668,-2159032.8398304055,False,False,False,False,100295.79186474404,False,False,False,False
2024-09-12 00:00:00+00:00,1.83,1.869,1.77,1.77,80675,,,,,1.9332940076298641,2.2376068233979285,2.526475142275083,2.865373617507642,2.9363374645850806,3.1919488635745235,,,,,,1.9039865889796725,1.9411519996320459,2.260163704427853,2.264940802139724,2.411497437542472,,,2.173133927251151,2.517356664790523,2.8521900590727,3.3653066510343423,3.7671910871285488,"rgba(239, 83, 80, 0.75)",0.0,0.0,0.13703893442932005,1.8730066345637675,-0.31382785295918036,0.0,0.0,0.0,0.0,0.0,0.0,0.0,0.0,43.86657505731448,-5.185210332976517,False,True,False,True,True,0.0,0,0.9772009490438855,0.9803434784658173,False,False,False,False,-0.10899097095478241,-0.1883668850840724,False,False,False,False,-2295993,-2164403.826503723,False,False,False,False,99526.3490465188,False,False,False,False
2024-09-13 00:00:00+00:00,1.76,1.86,1.73,1.81,43669,,,,,1.9329523027076048,2.236763599730516,2.5252783403035592,2.863803167741915,2.9347047281305563,3.1901594673668536,,,,,,1.9031740945472413,1.940798228694195,2.2592891681049627,2.2640596526868464,2.4104371976533225,,,2.1723898109486752,2.516170633364069,2.8506335708197716,3.3634048151782974,3.7650233929330836,"rgba(239, 83, 80, 0.75)",0.0,0.0,0.13822611453235853,1.8724255448446647,-0.8133451860744162,0.0,0.0,0.0,0.0,0.0,0.0,0.0,0.0,44.20797066280534,-5.185210332976517,False,True,False,True,True,0.0,0,0.9665697900315496,0.9867740080506037,False,False,False,False,-0.14057938811373366,-0.16447313659890303,False,False,False,False,-2339662,-2171276.6960525964,False,False,False,False,97335.86477018472,False,False,False,False
2024-09-16 00:00:00+00:00,1.72,1.81,1.71,1.81,88674,,,,,1.9320943340204197,2.234923266073281,2.5227404277522156,2.8605204627073513,2.931298359646163,3.1864455444047834,,,,,,1.9010628383913923,1.9399185772241017,2.257387125455954,2.262144561483741,2.408170017010894,,,2.170745937352661,2.513654129220903,2.8473787794834653,3.3594677035951466,3.7605550557671963,"rgba(239, 83, 80, 0.75)",0.0,0.0,0.13969937220534884,1.8707788831553658,-1.079309668863299,0.0,0.0,0.0,0.0,0.0,0.0,0.0,0.0,43.56068721657428,-5.185210332976517,False,True,False,True,True,0.0,0,0.9636310195999568,0.996117135652739,False,False,False,False,-0.1862107338603007,-0.17534193522960187,False,False,False,False,-2428336,-2181357.453070142,False,False,False,False,96996.18379880494,False,False,False,False
2024-09-17 00:00:00+00:00,1.69,1.7776,1.69,1.76,68147,,,,,1.9313434512466006,2.2334392784729467,2.52073259574295,2.857948859158794,2.928633381418587,3.183550110634348,,,,,,1.8991967973344377,1.93915263836779,2.2558568496763747,2.2606044887960812,2.4063662500785803,,,2.169409936678451,2.5116624658754487,2.8448283544401947,3.356403686432246,3.7570878570468875,"rgba(239, 83, 80, 0.75)",0.0,0.0,0.1371492157737748,1.8692871374080144,-1.307241433328685,0.0,0.0,0.0,0.0,0.0,0.0,0.0,0.0,42.48086012945841,-5.185210332976517,False,True,False,True,True,0.0,0,0.9789298023986649,0.9933405074938786,False,False,False,False,-0.2208677320934811,-0.19810483366154147,False,False,False,False,-2496483,-2193715.3176556267,False,False,False,False,95864.84325767534,False,False,False,False
2024-09-18 00:00:00+00:00,1.68,1.75,1.67,1.67,43057,,,,,1.930829057664154,2.232471208604337,2.519438896744773,2.856302725908944,2.926928978571338,3.1817026766574354,,,,,,1.8979137278555949,1.938629428122443,2.2548600293942966,2.2596015794271143,2.4051997379305567,,,2.1685340600646987,2.510378858417911,2.8431954823636034,3.354451022969011,3.7548826760520178,"rgba(239, 83, 80, 0.75)",0.0,0.0,0.13486233621624627,1.8682508020015465,-1.3958738020057284,0.0,0.0,0.0,0.0,0.0,0.0,0.0,0.0,41.53796491866899,-5.185210332976517,False,True,False,True,True,0.0,0,0.9696065171089658,0.991433857251683,False,False,False,False,-0.25280709124108697,-0.22545596245131422,False,False,False,False,-2539540,-2207277.0699044256,False,False,False,False,93793.94744364885,False,False,False,False
2024-09-19 00:00:00+00:00,1.64,1.8,1.6359,1.7,195228,,,,,1.9284449387507328,2.2280599711782956,2.513566837630295,2.8488457640721836,2.9192096622011787,3.1733383864250317,,,,,,1.8920696012133622,1.9362066360817458,2.2503199720973415,2.255034232852314,2.3998988415552898,,,2.1645359524301244,2.5045521382695424,2.8357982001398327,3.3456120474307487,3.7449041713266293,"rgba(239, 83, 80, 1.0)",0.0,0.0,0.13457928170055466,1.8636401967870828,-1.6617728521147337,0.0,0.0,0.0,0.0,0.0,0.0,0.0,0.0,40.010059359829384,-5.185210332976517,False,True,False,True,False,0.0,0,0.9708761775752723,0.9838218090019087,False,False,False,False,-0.24208505013466441,-0.23377050629298932,False,False,False,False,-2734768,-2227962.9887317033,False,False,False,False,97771.75342625086,False,False,False,False
2024-09-20 00:00:00+00:00,1.61,1.652,1.58,1.65,159329,,,,,1.925904234385763,2.2239970207388113,2.5083870112878284,2.842425026002925,2.91258523514677,3.166225802533075,,,,,,1.88577559453903,1.9336443225554683,2.2461588148351233,2.2508522114146023,2.3951606683156514,,,2.160792216513104,2.4994075807098106,2.8294245055367253,3.338130915235062,3.7365252231150214,"rgba(239, 83, 80, 1.0)",0.0,0.0,0.1369579313326877,1.8584974482149963,-1.8144071379945517,0.0,0.0,0.0,0.0,0.0,0.0,0.0,0.0,38.33675679418735,-5.793231134341092,False,True,False,True,False,0.0,0,0.9590161400037106,1.0097241976377467,False,False,False,False,-0.34282825441539394,-0.2882993803541916,False,False,False,False,-2894097,-2254085.8911343818,True,False,False,False,100185.76309580964,True,False,False,False
2024-09-23 00:00:00+00:00,1.67,1.7,1.55,1.59,99536,,,,,1.9244683192106244,2.221593016254756,2.505274427969105,2.838531822009531,2.9085630186554736,3.161889142235444,,,,,,1.882348707829804,1.9321927040048696,2.243692549807064,2.2483727341662227,2.392327082716423,,,2.15858914650941,2.496317223279915,2.825560827189873,3.3335600052071768,3.731387797934152,"rgba(239, 83, 80, 1.0)",0.0,0.0,0.136140326385839,1.8424425961815274,-1.2666533183768285,0.0,0.0,0.0,0.0,0.0,0.0,0.0,0.0,39.48979910760872,-5.793231134341092,False,True,False,True,False,0.0,0,0.9489830095609281,1.0007459959807565,True,False,False,False,-0.3307341954520374,-0.30951678790311454,False,False,False,False,-2794561,-2275280.993442837,False,False,False,False,100160.28219009162,False,False,False,False
2024-09-24 00:00:00+00:00,1.69,1.72,1.65,1.71,62143,,,,,1.9237249998314938,2.2202217684350045,2.503446644349134,2.8362080912283907,2.906156613120673,3.1592767618325173,,,,,,1.8806599795246222,1.9314372601838457,2.242281186126996,2.246952872811075,2.390677824909912,,,2.157346060926484,2.4945036075553677,2.823255781141994,3.330797012231797,3.728264397804045,"rgba(239, 83, 80, 1.0)",0.0,0.0,0.13559554724402564,1.8421511906534203,-1.1220957748678884,0.0,0.0,0.0,0.0,0.0,0.0,0.0,0.0,40.97569510141868,-5.793231134341092,False,True,False,True,False,0.0,0,0.9684383848331898,1.006909393081374,False,False,False,False,-0.25226775142731095,-0.28089226966521275,False,False,False,False,-2732418,-2293207.9348764517,False,False,False,False,98669.40837871548,False,False,False,False
2024-09-25 00:00:00+00:00,1.73,1.76,1.668,1.67,115036,,,,,1.922549129030888,2.2178561290735166,2.500219057307979,2.8320527051939184,2.9018455770906573,3.154571925100183,,,,,,1.8781232550196738,1.9302360243014776,2.2398398292341253,2.2444954957010674,2.387785781105151,,,2.155220634198789,2.491302581487121,2.819135258811947,3.325807826185609,3.722599738384866,"rgba(239, 83, 80, 0.75)",0.0,0.0,0.135903719231209,1.8417774041019235,-0.8224749457500856,0.0,0.0,0.0,0.0,0.0,0.0,0.0,0.0,43.37152512983924,-5.793231134341092,False,True,False,True,True,0.0,1,0.9507639277063538,1.022498602571269,False,False,False,False,-0.21545910443867486,-0.24817568705194382,False,False,False,False,-2617382,-2305920.6433126694,False,False,False,False,99311.23550111879,False,False,False,False
2024-09-26 00:00:00+00:00,1.87,1.91,1.71,1.71,230657,,,,,1.9214937205571332,2.214217668007684,2.494732763163364,2.824632728980879,2.894095446015943,3.1459506481566892,,,,,,1.876652386244622,1.9291105583077317,2.236039042082006,2.2406604837691115,2.3830091181736255,,,2.1520868772842867,2.485872028231004,2.811787345828007,3.3165793469453484,3.711959486570025,#000000,0.0,0.0,0.1358588867799656,1.845046860240598,0.18366954382465736,0.0,0.0,0.0,0.0,0.0,0.0,0.0,0.0,48.84856367360136,-6.8315216890687225,False,False,False,False,True,0.440937618627693,1,0.945456500368641,1.0084326615876138,False,False,False,False,-0.09707982950429972,-0.17262775827812177,False,False,False,False,-2386725,-2309089.441614134,False,False,False,False,104462.04979519256,False,False,False,False
2024-09-27 00:00:00+00:00,1.87,2.12,1.86,1.9,389517,,,,,1.9220323182482826,2.2100972375342294,2.487305254264534,2.813830822282246,2.882706549900367,3.132948305868962,,,,,,1.880252430103592,1.9294992788223428,2.231628462034517,2.2361889193034585,2.376836372905697,,,2.148851126640142,2.4785423746676525,2.801110231077585,3.3024881596404354,3.695388626513255,"rgba(38, 166, 154, 1.0)",0.0,0.0,0.13583827559672387,1.8567797158112196,0.09732370446183257,0.0,0.0,0.0,0.0,0.0,0.0,0.0,0.0,52.499922702776104,-3.503856910615582,True,False,True,False,True,0.440937618627693,1,0.9737497001679061,0.9677530582873591,False,False,False,False,0.12019286104175575,-0.02621744861818301,False,False,False,False,-2386725,-2312133.9733155407,False,False,False,False,115640.67529342031,False,False,False,False
2024-09-30 00:00:00+00:00,2.09,2.1,1.93,1.98,280314,,,,,1.9236148049170476,2.208209465542913,2.482958737801177,2.807013776144404,2.875453736460566,3.124463505089074,,,,,,1.8857024635378226,1.9309594940003612,2.2295253803440573,2.2340406701853293,2.3734159012660045,,,2.147611152613137,2.474267746851151,2.79438410968202,3.2931889154590093,3.684260090919007,"rgba(38, 166, 154, 1.0)",0.0,0.0,0.13782351033105483,1.8667443083680617,1.6198665314478895,0.0,0.0,0.0,0.0,0.0,0.0,0.0,0.0,58.94322318268171,2.3444858444465524,True,False,True,False,True,5.7402751007612025,0,0.9726199633157803,0.971140760901722,False,False,False,False,0.1508049477186638,0.06229374955024039,False,False,False,False,-2106411,-2304066.405734539,False,False,False,False,122098.45273289402,False,False,False,False
2024-10-01 00:00:00+00:00,2.05,2.12,2.01,2.06,219018,,,,,1.9250294614711134,2.206935336108973,2.4797717124473677,2.8019071415732766,2.870006781153984,3.1180457741497896,,,,,,1.8902279586178194,1.9322782114639312,2.2280840693402246,2.2325642970498296,2.370948777789454,,,2.1468382482939647,2.471136568035948,2.789348094689812,3.286132360753216,3.6757731056691054,"rgba(38, 166, 154, 1.0)",0.0,0.0,0.1389035221599612,1.873491130016863,1.270729980337498,0.0,0.0,0.0,0.0,0.0,0.0,0.0,0.0,61.88687300038761,4.812964683375519,True,False,True,False,True,4.68944339404522,0,0.97261996331578,0.9755783681438968,False,False,False,False,0.21294259140778174,0.13761817047901106,False,False,False,False,-2325429,-2304904.1545292633,False,False,False,False,125899.21929238837,False,False,False,False
2024-10-02 00:00:00+00:00,2.04,2.105,1.9913,2.06,69436,,,,,1.9254241034871926,2.206496362555939,2.4787366075258954,2.8002712114820834,2.8682642923587793,3.115999475023142,,,,,,1.8914951033503895,1.9326436379397698,2.2275930707421407,2.2320623828103927,2.3701384441479916,,,2.146555423640059,2.4701189163616273,2.7877342986175884,3.283885649421869,3.67307684392037,"rgba(38, 166, 154, 1.0)",0.0,0.0,0.14009654714694747,1.8752066620094232,1.1762840794193512,0.0,0.0,0.0,0.0,0.0,0.0,0.0,0.0,63.50389216042422,6.161749853619881,True,False,True,False,True,4.425738531371582,0,0.9684851343582791,0.976400701640601,False,False,False,False,0.19184390234427623,0.16473103641164366,False,False,False,False,-2394865,-2308432.0308222333,False,False,False,False,123684.97539856922,False,False,False,False
2024-10-03 00:00:00+00:00,1.96,2.03,1.91,1.98,84772,,,,,1.9255884807933572,2.2057031449222393,2.47725104332966,2.7980761153937794,2.8659442167686477,3.113328748156926,,,,,,1.892236982857785,1.9327772536653434,2.2267395352038504,2.2311961677893293,2.368915926158572,,,2.1459449685433123,2.468653865915647,2.785565478895354,3.2809799715023305,3.6696384224714773,"rgba(38, 166, 154, 1.0)",0.0,0.0,0.14044879545271466,1.8760157832701896,0.5979703596538541,0.0,0.0,0.0,0.0,0.0,0.0,0.0,0.0,61.9437030994725,6.161749853619881,True,False,True,False,True,2.3366042533616707,0,0.9653454400731123,0.981559823705429,False,False,False,False,0.09586629888673967,0.13029866764919168,False,False,False,False,-2479637,-2315145.9511821456,False,False,False,False,122158.97636333121,False,False,False,False
2024-10-04 00:00:00+00:00,2.0,2.07,1.9506,1.96,78208,,,,,1.9258862467101765,2.2050982762924147,2.475995438548985,2.796158639562642,2.86390956221328,3.110961799067442,,,,,,1.8932712656334327,1.9330447198281822,2.2260779812093734,2.2305227087481345,2.36790668213465,,,2.1455109080203356,2.4674174330149254,2.783672456610809,3.278392274909525,3.6665531006611,"rgba(38, 166, 154, 1.0)",0.0,0.0,0.1410334226567611,1.8772919478567744,0.8700636333691286,0.0,0.0,0.0,0.0,0.0,0.0,0.0,0.0,61.744018738324385,6.161749853619881,True,False,True,False,True,3.2988262635327317,0,0.9573686970854873,1.0037311755450662,False,False,False,False,0.19729995488392746,0.16379931126655956,False,False,False,False,-2401429,-2318529.600155395,False,False,False,False,120435.40866280842,False,False,False,False
2024-10-07 00:00:00+00:00,1.975,2.03,1.971,2.0,26744,,,,,1.9259689693231146,2.2048768299166723,2.4755540507933405,2.7954927601539947,2.863203970705795,3.110143851913757,,,,,,1.8935749504114419,1.933117409847226,2.2258373883192304,2.23027809317811,2.3675486929045073,,,2.1453472481960123,2.4669825409406596,2.7830148804634764,3.2774994785891103,3.6654912426250688,"rgba(38, 166, 154, 1.0)",0.0,0.0,0.14021791663021693,1.8776505895348141,0.694272264235077,0.0,0.0,0.0,0.0,0.0,0.0,0.0,0.0,60.784862460007155,6.161749853619881,True,False,True,False,True,2.6431092422512137,0,0.9609023240301382,0.9946788351045285,False,False,False,False,0.20834268573711429,0.18607099850183692,False,False,False,False,-2428173,-2322829.3413257715,False,False,False,False,116761.23577407084,False,False,False,False
2024-10-08 00:00:00+00:00,1.93,1.96,1.91,1.95,40064,,,,,1.9259827472014546,2.204454763855922,2.4748142919841554,2.7944246132455643,2.8620780541474518,3.1088565833836297,,,,,1.9333333333333333,1.89375731457577,1.9331178079346665,2.2253876976565183,2.2298225901491593,2.366930101479208,,,2.1450091817307126,2.4662522507440636,2.781958927471088,3.276103404185497,3.663847360769323,"rgba(38, 166, 154, 0.75)",0.0,0.0,0.14001916599816316,1.8777894397267443,0.37288152590439355,0.0,0.0,0.0,0.0,0.0,0.0,0.0,0.0,58.69218596020994,6.161749853619881,True,False,True,False,False,1.4669092517908737,0,0.9586348417755697,1.003070371684693,False,False,False,False,0.11952631960655667,0.1527986590541968,False,False,False,False,-2468237,-2328531.602450251,False,False,False,False,113753.50103783277,False,False,False,False
2024-10-09 00:00:00+00:00,1.905,1.95,1.8899,1.95,96273,,,,,1.9259334438641806,2.203377547685142,2.4729848754203463,2.7918141495102153,2.859330329950588,3.105726636014035,,,,,1.9203638965700192,1.8939885358425275,1.9330377484221843,2.224245130183797,2.2286662655494602,2.365388159551755,,,2.1441310995982676,2.464445323658425,2.7793775066946074,3.2727147674570247,3.659868083381193,"rgba(38, 166, 154, 0.75)",0.0,0.0,0.13979447977853385,1.8778561800213975,0.19416946950698236,0.0,0.0,0.0,0.0,0.0,0.0,0.0,0.0,56.51035687287667,6.161749853619881,True,False,True,False,False,0.8158215121373082,0,0.9643515480988535,0.9890492704720844,False,False,False,False,0.09809240241880285,0.12544553073649983,False,False,False,False,-2564510,-2337785.6572561236,False,False,False,False,113067.99119321188,False,False,False,False
2024-10-10 00:00:00+00:00,1.95,1.97,1.88,1.93,79368,,,,,1.925960646808649,2.2025516662294407,2.4715350064962656,2.789718528860329,2.8571208751965993,3.1031982150297406,,,,,1.9251359614597099,1.8943389993577806,1.933038819339328,2.2233650603009543,2.2277747933778578,2.3641763768917285,,,2.1434698438194357,2.4630140618079985,2.7773058736572733,3.269971437620891,3.6566355248138604,"rgba(38, 166, 154, 0.75)",0.0,0.0,0.14000399994276708,1.8781670541355182,0.5130778113042962,0.0,0.0,0.0,0.0,0.0,0.0,0.0,0.0,56.315362613826345,6.161749853619881,True,False,True,False,False,1.9581323043067052,0,0.952510796582921,0.996831951580872,False,False,False,False,0.10527353804113422,0.11535953438881702,False,False,False,False,-2485142,-2343564.3373637265,False,False,False,False,111746.42291112515,False,False,False,False
2024-10-11 00:00:00+00:00,2.09,2.14,1.94,1.94,234255,,,,,1.9273635992288731,2.2012465948220283,2.468271091895521,2.784474773813317,2.851523199741398,3.096578852650594,,,,,1.9936125490413963,1.8984973505804101,1.9343468379027764,2.221889795093681,2.226263816234248,2.3616516883060803,,,2.142673537693505,2.4598075469113,2.7721351216095633,3.2626807320860207,3.647842613030757,"rgba(38, 166, 154, 0.75)",0.0,0.0,0.14216749162748132,1.8911728041757154,1.3985419138242055,0.0,0.0,0.0,0.0,0.0,0.0,0.0,0.0,59.31087295328435,6.161749853619881,True,False,True,False,False,5.362269413332527,0,0.9735471383385526,0.965348482225754,False,False,False,False,0.2733478574958395,0.19435369594232826,False,False,False,False,-2250887,-2339929.9319769135,False,False,False,False,116550.68083617906,False,False,False,False
2024-10-14 00:00:00+00:00,2.11,2.13,2.07,2.09,127515,,,,,1.9283857798236665,2.200772103976048,2.4667148977048825,2.7818327933180607,2.8486858989488715,3.093170848242524,,,,,2.0178405170209386,1.9013143912601864,1.935314509394879,2.221321401490613,2.225675735883246,2.3605023706788186,,,2.1424780631798095,2.458282880565301,2.769533089202974,3.2589009442852763,3.643235945730668,"rgba(38, 166, 154, 1.0)",0.0,0.0,0.14464883603313244,1.8953388478301914,1.4840157588315432,0.0,0.0,0.0,0.0,0.0,0.0,0.0,0.0,61.682034164819264,6.161749853619881,True,False,True,False,True,5.832179910950828,0,1.0147164795746795,0.9455378160680258,False,False,False,False,0.34282810138700065,0.26859089866466446,False,False,False,False,-2123372,-2331437.46405625,False,False,False,False,116980.65413672106,False,False,False,False
2024-10-15 00:00:00+00:00,2.06,2.13,1.98,2.07,85506,,,,,1.928883515262846,2.2003053446161256,2.4655457343834084,2.7799515844042264,2.8466769836056525,3.0907915338587704,,,,,2.0228480040403367,1.9027339491904929,1.935778697858913,2.220793759265022,2.2251353157875893,2.359598585630285,,,2.1421930997005325,2.4571343317307113,2.767678160540337,3.2562783577211682,3.640069128806661,"rgba(38, 166, 154, 1.0)",0.0,0.0,0.14605119181507858,1.8967848609317612,1.1175200766241757,0.0,0.0,0.0,0.0,0.0,0.0,0.0,0.0,61.45399905282058,6.161749853619881,True,False,True,False,True,4.464273491258162,0,1.0018835097128447,0.940908873246181,False,False,False,False,0.27539340996676415,0.27199215431571433,False,False,False,False,-2208878,-2326631.2105638483,False,False,False,False,115746.35397449671,False,False,False,False
2024-10-16 00:00:00+00:00,1.97,2.1,1.96,2.05,93558,,,,,1.9292264332058684,2.1996332791780606,2.464128949981411,2.777772288062189,2.84436137881097,3.0880837275156505,,,,,2.0212591453535995,1.9037957952305649,1.936088044832464,2.220057234588234,2.2243852476521244,2.3584644391501626,,,2.1417145112670157,2.4557395580465347,2.7655270960243254,3.2533107618557593,3.636516851818027,"rgba(38, 166, 154, 0.75)",0.0,0.0,0.14638246584301187,1.8973900630708815,0.49602892334788984,0.0,0.0,0.0,0.0,0.0,0.0,0.0,0.0,58.47102721149795,6.161749853619881,True,False,True,False,False,2.0687692209087203,0,1.0083107815977839,0.9407356402824705,False,False,False,False,0.2389940235063872,0.25549308891105077,False,False,False,False,-2302436,-2325682.378777031,False,False,False,False,114876.22244608508,False,False,False,False
2024-10-17 00:00:00+00:00,1.96,2.03,1.91,1.98,129810,,,,,1.9294447599434614,2.198497330590204,2.461991533594451,2.774599396021296,2.8410039036095274,3.08419897839759,,,,,2.0132638188418635,1.9046476225203035,1.936263860749368,2.218834740199518,2.2231445494630684,2.3567087880506854,,,2.1408396054329444,2.453631944679642,2.7623926598376713,3.2490739138106033,3.6314830702411474,"rgba(38, 166, 154, 0.75)",0.0,0.0,0.14648276103096056,1.8972863518777223,0.42812988832878773,0.0,0.0,0.0,0.0,0.0,0.0,0.0,0.0,56.189532776720185,6.161749853619881,True,False,True,False,False,1.80625487833478,0,0.9922480620155039,0.9596931457396574,False,False,False,False,0.15393155803678324,0.204712323473917,False,False,False,False,-2432246,-2329861.3443151866,False,False,False,False,115461.86078153273,False,False,False,False
2024-10-18 00:00:00+00:00,2.01,2.07,1.92,1.96,111608,,,,,1.929796735787233,2.1976686446862193,2.4602911427046332,2.772002921867598,2.838246956130972,3.0809793896035957,,,,,2.011780440005598,1.9057455936167018,1.9365773853331547,2.217930753323763,2.222224735515551,2.355339776065068,,,2.1402369705840734,2.451957379675102,2.759829404942662,3.2455475109022798,3.627265498775634,"rgba(38, 166, 154, 0.75)",0.0,0.0,0.14705189131294072,1.8981226756041143,0.7608016693766941,0.0,0.0,0.0,0.0,0.0,0.0,0.0,0.0,56.02739596825684,11.972776174129429,True,False,True,False,False,3.0565422609335684,1,0.9874937949366682,0.951944786946148,False,False,False,False,0.18903813195308916,0.19687522771350308,False,False,False,False,-2320638,-2329499.644538121,False,False,False,False,115310.72898617851,False,False,False,False
2024-10-21 00:00:00+00:00,1.98,2.14,1.94,2.08,233477,,,,,1.930728370847395,2.196130424728594,2.4569270153419636,2.766766430221036,2.83267387254108,3.074429143867291,,,,,2.0133388493144304,1.9084330638754725,1.9374270981572272,2.216234967369992,2.2204958435351396,2.3526688958148223,,,2.1391702612080556,2.4486472334069753,2.7546622723567573,3.2383519387905735,3.618620319845301,"rgba(38, 166, 154, 0.75)",0.0,0.0,0.14734262088038919,1.9007585549992325,0.537803960098515,0.0,0.0,0.0,0.0,0.0,0.0,0.0,0.0,54.94097962915869,10.690927757215562,True,False,True,False,False,2.248652753547127,1,1.0066880556752702,0.9409248351929,False,False,False,False,0.253474228072174,0.22517472789283854,False,False,False,False,-2554115,-2338308.0898503517,False,False,False,False,119944.70039848523,False,False,False,False
2024-10-22 00:00:00+00:00,1.9,2.03,1.85,2.03,152514,,,,,1.930701151527635,2.194615034871325,2.4542935657120837,2.7629623789268942,2.8286607680917624,3.0698189378168994,,,,,2.0037873912651825,1.908708986021787,1.9373559762104064,2.214623392118091,2.2188640114946048,2.3504639742389424,,,2.137945841290292,2.446047327274914,2.7509018659724087,3.2333404362147786,3.612696290894042,#000000,0.0,0.0,0.1467658157905268,1.9001915183383757,-0.0013049247016020116,0.0,0.0,0.0,0.0,0.0,0.0,0.0,0.0,51.86207644462013,7.5731623360149385,True,False,False,False,False,0.13266045474803434,1,0.9940467819809684,0.9413897092142064,False,False,False,False,0.1122876493816541,0.16873118863724632,False,False,False,False,-2706629,-2352752.0471111224,False,False,False,False,121221.92783383875,False,False,False,False
2024-10-23 00:00:00+00:00,1.888,1.9,1.7801,1.9,97272,,,,,1.930383370254959,2.193404964274258,2.452404571240921,2.760350731647142,2.8259207824641392,3.0667173986204057,,,,,1.994084354090997,1.908205449866542,1.9370145973420048,2.2133550479531716,2.217583371433899,2.348837176741094,,,2.1369136420554136,2.444178942469311,2.7483172979206767,3.2299923992544253,3.6087822392787827,#000000,0.0,0.0,0.14627086068201975,1.8968048704273144,-0.06019565610169965,0.0,0.0,0.0,0.0,0.0,0.0,0.0,0.0,49.48024198805795,5.204185145056655,False,False,False,False,False,0.0,1,0.9893246255769413,0.9717259568589282,False,False,False,False,-0.024482226059954513,0.0721244812886459,False,False,False,False,-2803901,-2370444.162910686,False,False,False,False,120282.71497760978,False,False,False,False
2024-10-24 00:00:00+00:00,1.91,1.96,1.86,1.88,37415,,,,,1.930350056900129,2.1930159048213236,2.451746618553996,2.759409890226942,2.8249293862636504,3.0655816196553443,,,,,1.9920127462929975,1.9082120240272509,1.9369710480722053,2.2129428958252277,2.2171663535991653,2.3482824997477296,,,2.1365945202393446,2.443529082155525,2.7473870196783614,3.2287593429440826,3.607327578675681,"rgba(239, 83, 80, 0.5)",0.0,0.0,0.14566573112849623,1.8973883763801596,0.0865792079038498,0.0,0.0,0.0,0.0,0.0,0.0,0.0,0.0,48.66192292445321,4.303989572393938,False,False,False,True,False,0.40163195046134703,1,1.0274445278678574,0.9456700586271347,False,False,False,False,0.07102821347290793,0.07157634738077692,False,False,False,False,-2766486,-2385975.215345561,False,False,False,False,117033.00066476234,False,False,False,False
2024-10-25 00:00:00+00:00,2.07,2.07,1.93,1.93,215627,,,,,1.9312176841538171,2.1916839769994474,2.4487724462209988,2.754746107909716,2.819960013500582,3.059716937525991,,,,,1.9959069469511141,1.910592282879628,1.9377660125150624,2.2114697808294057,2.215663569016511,2.345932556098284,,,2.1356839182033354,2.44060352889879,2.742785895117916,3.2223046192974474,3.599549057972294,#000000,0.0,0.0,0.14675603583508295,1.9046423170046278,1.1267521778878837,0.0,0.0,0.0,0.0,0.0,0.0,0.0,0.0,52.53845764041313,4.303989572393938,True,False,False,False,True,4.4587894633772756,1,1.0289654293858184,0.9219573560088536,False,False,False,False,0.19611233359271338,0.13384434048674515,False,False,False,False,-2550859,-2392441.2461163234,False,False,False,False,120899.43201124224,False,False,False,False
2024-10-28 00:00:00+00:00,2.385,2.45,2.1,2.1,641456,,,,2.3116666666666665,1.9414930555236252,2.1944217732283735,2.4459982006296186,2.746549182856896,2.8107557757263377,3.0474012631496183,,,,,2.0811636848172497,1.9338321595371766,1.9477317855371068,2.213733232008696,2.2178278576874613,2.3452109108392327,,,2.1397946247651203,2.4379871899804852,2.7347871654609457,3.208026104961611,3.5810058516425234,"rgba(38, 166, 154, 1.0)",0.0,0.0,0.15651552840087354,1.9443091030170283,2.8156368986868645,0.0,0.0,0.0,0.0,0.0,0.0,0.0,0.0,59.77704104223388,3.5060468522559916,True,False,True,False,True,11.406904540638688,1,1.0415120841539565,0.8763187224232429,False,False,False,False,0.3428281420242748,0.23833624125550998,False,False,False,False,-1909403,-2373498.569798036,False,False,False,False,141313.4150696249,False,False,False,False
2024-10-29 00:00:00+00:00,2.67,2.6999,2.32,2.4,701073,,,,2.4430704098260323,1.9593217191656083,2.203397381779185,2.448536193836669,2.742917446999128,2.805953399784939,3.038844394801091,,,,,2.1910225451994196,1.9713217758243315,1.9651561434400233,2.2221559276463507,2.2261353200647367,2.3501178310929935,,,2.1503373650575015,2.440706022219323,2.7313789017006074,3.1971636130211523,3.5652389536838407,"rgba(38, 166, 154, 1.0)",0.0,0.0,0.17950350143381869,1.9947409773283424,3.761815325483327,0.0,0.0,0.0,0.0,0.0,0.0,0.0,0.0,66.82749796686855,9.78241988374441,True,False,True,False,True,16.707727633805536,0,1.0575494140797086,0.8604951687274223,False,False,False,False,0.3428281715631638,0.2905822064093369,False,False,False,False,-1208330,-2327805.6847079173,False,True,False,False,163264.7713414043,False,False,False,False
2024-10-30 00:00:00+00:00,2.55,2.84,2.51,2.72,554613,,,,2.4986921243814817,1.9742708727048588,2.211516916874889,2.451646027565265,2.7412258752024687,2.803343284405985,3.033252262994331,,,,,2.2585752915034147,2.001109355357328,1.9797907578848648,2.2298468210718063,2.2337368981088175,2.3550706991289765,,,2.1596655096414374,2.443956451393483,2.729861218353005,3.1897474518959488,3.5539557524088097,"rgba(38, 166, 154, 1.0)",0.0,0.0,0.1934600100678932,2.065039097514815,2.5067759601324937,0.0,0.0,0.0,0.0,0.0,0.0,0.0,0.0,68.63606955532862,11.098415527456915,True,False,True,False,True,13.53693289644691,0,1.0734454360239891,0.8622485580647937,False,False,False,False,0.3428281844760617,0.3167051954426993,False,False,False,False,-1762943,-2305654.206876234,False,False,False,False,178611.76070056492,False,False,False,False
2024-10-31 00:00:00+00:00,2.43,2.5717,2.32,2.55,245141,,,,2.492040840293587,1.9787977613907115,2.2134130679235566,2.451564225526391,2.739188410136037,2.800934817211198,3.0296615076007387,,,,,2.270083876518911,2.0096789381208033,1.9842087117163527,2.231574659530412,2.2354295523683856,2.3557264927587056,,,2.1620431140516136,2.443931356016346,2.72789533354462,3.1854170746732233,3.54802902047258,"rgba(38, 166, 154, 1.0)",0.0,0.0,0.201896077093934,2.070240101578156,1.781906333199641,0.0,0.0,0.0,0.0,0.0,0.0,0.0,0.0,67.30140781058441,11.098415527456915,True,False,True,False,True,10.519743920134221,0,1.0511772608357492,0.8951000494944498,False,False,False,False,0.18942034281017398,0.25306276912643666,False,False,False,False,-2008084,-2293984.786998735,False,False,False,False,181220.75047701335,False,False,False,False
2024-11-01 00:00:00+00:00,2.31,2.5,2.295,2.43,167484,,,,2.4830706592771765,1.9813644414845615,2.214284351070214,2.4511464854845144,2.737479295650498,2.798981461293128,3.026935406781202,,,,,2.274152890867004,2.0143944477227627,1.9867086268361098,2.232336534584404,2.236168525101278,2.355792215426567,,,2.1632292045956176,2.4435509054016618,2.726233692095838,3.1822030341261445,3.5437541881150962,"rgba(38, 166, 154, 0.75)",0.0,0.0,0.20656916211940368,2.072487546482976,1.149796276850531,0.0,0.0,0.0,0.0,0.0,0.0,0.0,0.0,64.1718425464837,11.098415527456915,True,False,True,False,False,7.645835415310888,0,1.0398328108672936,0.9066388018112157,False,False,False,False,0.1583645225271203,0.20571364582677848,False,False,False,False,-2175568,-2289340.991430157,False,False,False,False,180682.05437987557,False,False,False,False
2024-11-04 00:00:00+00:00,2.28,2.4,2.2008,2.32,119044,,,,2.4737840803037647,1.982819940618243,2.2146001506377697,2.4505864469599405,2.736030037613048,2.7973646651421014,3.024793053290173,,,,,2.274708985285629,2.016979509993257,1.9881217097836523,2.232578163183478,2.2363946051570625,2.355562614917039,,,2.1637598232217266,2.4430164389841296,2.724817266201198,3.1797255309566395,3.5405425269539386,"rgba(38, 166, 154, 0.75)",0.0,0.0,0.20997051873706568,2.0730118854888,0.9857960810698344,0.0,0.0,0.0,0.0,0.0,0.0,0.0,0.0,61.548899131164234,11.098415527456915,True,False,True,False,False,6.9433550012978635,0,1.024114386249075,0.9392462683441082,False,False,False,False,0.09683979150815439,0.15127671866746645,False,False,False,False,-2294612,-2289547.697648582,False,False,False,False,178264.8757767432,False,False,False,False
2024-11-05 00:00:00+00:00,2.46,2.5,2.21,2.29,158702,,,,2.4686452844359303,1.9853347230628677,2.2155262501023865,2.4503006837545627,2.7345304105142265,2.7956346659050886,3.022330376532596,,,,,2.278942642664183,2.0215275768245107,1.9905735641399624,2.233401559836061,2.2371965056064154,2.355731273974106,,,2.1649807699028933,2.4427657137557426,2.7233622600131238,3.176801067116096,3.5366155454671935,"rgba(38, 166, 154, 0.75)",0.0,0.0,0.21758257581265777,2.0762395245840297,1.7637463569067884,0.0,0.0,0.0,0.0,0.0,0.0,0.0,0.0,62.05812320943022,11.098415527456915,True,False,True,False,False,10.309839723593115,0,1.0016164524980304,0.9334130239886984,False,False,False,False,0.13131616093778967,0.14129643980262807,False,False,False,False,-2135910,-2283522.6898976574,False,False,False,False,177497.70417765525,False,False,False,False
2024-11-06 00:00:00+00:00,2.58,2.659,2.41,2.54,234485,,,,2.4753774999840537,1.9904378471559656,2.2181127664310396,2.4509883618180694,2.7333542086896636,2.79410090641459,3.019636498720468,,,,,2.292875281005327,2.0308734758197597,1.9955683813047906,2.235826967063012,2.2395882687300475,2.357124552372283,,,2.1680238732343455,2.443507498089216,2.7222541092396377,3.173388402398394,3.531663337668942,"rgba(38, 166, 154, 0.75)",0.0,0.0,0.22948767224338068,2.086021745737294,2.1525263184456502,0.0,0.0,0.0,0.0,0.0,0.0,0.0,0.0,63.653893180510195,11.098415527456915,True,False,True,False,False,12.415815516092263,0,1.044307684092487,0.9053372136487425,False,False,False,False,0.2473608321313154,0.19432863596697175,False,False,False,False,-1901425,-2268538.466764416,False,False,False,False,179732.50009225702,False,False,False,False
2024-11-07 00:00:00+00:00,2.46,2.62,2.39,2.62,169912,,,,2.4762079187542407,1.9936899446392713,2.2196293097159105,2.451183022455024,2.732237396154129,2.792733028160527,3.0174581738670816,,,,,2.2999621697715047,2.036686212960687,1.9987485364234647,2.2372316074146443,2.240969514988323,2.3578126967378625,,,2.169858977515193,2.443740098122896,2.7211853513065303,3.1707042913924597,3.527889663714987,"rgba(38, 166, 154, 0.75)",0.0,0.0,0.23663094159998618,2.091456337264962,1.5574618443518855,0.0,0.0,0.0,0.0,0.0,0.0,0.0,0.0,62.46849161365432,11.098415527456915,True,False,True,False,False,9.605295900822366,0,1.0452799703342692,0.9178762515230174,False,False,False,False,0.22791710221727915,0.21112286909212546,False,False,False,False,-2071337,-2260805.0759109096,False,False,False,False,179347.3824415803,False,False,False,False
2024-11-08 00:00:00+00:00,2.39,2.45,2.35,2.45,92260,,,,2.47382851816426,1.9951093647452856,2.2201638826336185,2.4510357148796973,2.7314032656261515,2.791768027402429,3.0160748906549424,,,,,2.3018138005268103,2.03914398330997,2.000133413032804,2.2377085956323772,2.241434445143018,2.3579216499575373,,,2.170558726518507,2.4436125676610168,2.7203765138517984,3.169057042891767,3.5256688038396,"rgba(38, 166, 154, 0.75)",0.0,0.0,0.24116977833459047,2.09327651544496,1.2303510274134615,0.0,0.0,0.0,0.0,0.0,0.0,0.0,0.0,60.45958309670424,17.94328966714447,True,False,True,False,False,8.01655874614529,0,1.0387741010251232,0.9349205927657087,False,False,False,False,0.15996240146860835,0.1855426352803669,False,False,False,False,-2163597,-2256992.9945026385,False,False,False,False,175932.19097328302,False,False,False,False
2024-11-11 00:00:00+00:00,2.32,2.4176,2.25,2.37,243593,,,,2.463241678108287,1.9981877741789968,2.221026295234196,2.4501726630869913,2.728780823363592,2.7888113645265715,3.0120574750604545,,,,,2.3031316696578936,2.0442801189991306,2.003129676376206,2.238425627459716,2.2421209946516183,2.3577105627993933,,,2.1718405513890686,2.442799984718326,2.7178191232298383,3.1643643691515413,3.5194988728236494,"rgba(38, 166, 154, 0.75)",0.0,0.0,0.24366110122919854,2.0961436194116785,0.9187202202527683,0.0,0.0,0.0,0.0,0.0,0.0,0.0,0.0,57.940313816770264,15.28605962362991,True,False,True,False,False,6.455748291268332,0,1.022458999268777,0.9324140812702393,False,False,False,False,0.11789729380173117,0.15171996454104902,False,False,False,False,-2407190,-2262883.073149594,False,False,False,False,178585.55603315428,False,False,False,False
2024-11-12 00:00:00+00:00,2.08,2.2936,2.04,2.21,310782,,,,2.435450157924848,1.9998107356181145,2.2201955118695436,2.4473754453858168,2.7239057853943924,2.7835459315363402,3.005582505982616,,,,,2.293572162279419,2.046347673176325,2.004676917671126,2.2374301095021765,2.241090798202391,2.355668332672203,,,2.1714938986158505,2.440061739102136,2.7130217850051355,3.1570986419918414,3.5104683166467474,#000000,0.0,0.0,0.24387837908219184,2.093453643249671,-0.055165379154569816,0.0,0.0,0.0,0.0,0.0,0.0,0.0,0.0,52.887557354268644,10.354511619215259,False,False,False,False,False,1.4285264400630382,0,1.0077708247845711,0.9435781698810013,False,False,False,False,0.013275534958112283,0.08249774974958066,False,False,False,False,-2717972,-2280729.6977319634,False,False,False,False,183769.73030636393,False,False,False,False
2024-11-13 00:00:00+00:00,2.05,2.18,2.0169,2.1,102787,,,,2.4257479328128775,2.000126520568309,2.2197413871798175,2.446297178431618,2.722159879539803,2.78167489456944,3.00332626330002,,,,,2.289606194067712,2.046608463247363,2.0049706137192613,2.2369238337909927,2.240573529055786,2.3548310183131536,,,2.171193910661965,2.439002349210676,2.711300940717592,3.1545884031445017,3.5073876411261447,#000000,0.0,0.0,0.2439643468265312,2.0921280562822395,-0.17268120047145455,0.0,0.0,0.0,0.0,0.0,0.0,0.0,0.0,49.153570877055145,6.808447825859211,False,True,False,False,False,0.8315731960432302,0,1.0149939386205575,0.9468640336885089,False,False,False,False,-0.02933138323122646,0.0265831832591771,False,False,False,False,-2820759,-2301907.317428749,False,False,False,False,180593.93696101633,False,False,False,False
2024-11-14 00:00:00+00:00,2.03,2.07,1.98,2.02,157991,,,,2.4095781391538997,2.0002817748096837,2.2187689720288244,2.444400744424611,2.7192630235221693,2.7785911358625177,2.9996714907472,,,,,2.2822321899702116,2.0463885724337194,2.0050960617075653,2.2358743811480237,2.2395078142673692,2.3532932672243208,,,2.1704505951921136,2.4371341000548883,2.708441776879688,3.1505537632401834,3.502494402574319,"rgba(239, 83, 80, 1.0)",0.0,0.0,0.243564958499745,2.089352581708249,-0.24368276156732677,0.0,0.0,0.0,0.0,0.0,0.0,0.0,0.0,46.40791292633956,4.209461097359707,False,True,False,True,False,0.43078389784813,0,1.0166656032667647,0.9500542333950106,False,False,False,False,-0.07524083749326214,-0.024328827117042522,False,False,False,False,-2978750,-2328450.167725661,False,False,False,False,179707.5472762706,False,False,False,False
2024-11-15 00:00:00+00:00,1.95,2.08,1.92,2.08,123712,,,,2.396470722137226,2.0002044952502107,2.217844127738034,2.44277489457574,2.716870613107613,2.776055835779439,2.99670212197398,,,,,2.275809492764863,2.045848801157517,2.004997974145056,2.234891209296537,2.238512315661887,2.35194076431683,,,2.169700059575143,2.4355297818831714,2.7060783346991157,3.1472935692885855,3.4985735174367543,"rgba(239, 83, 80, 1.0)",0.0,0.0,0.2435457535126153,2.0867974052277707,-0.5616907839893207,0.0,0.0,0.0,0.0,0.0,0.0,0.0,0.0,43.55352627806572,1.4780853471192898,False,True,False,True,False,0.0,0,1.012772170380245,0.9490382784231577,False,False,False,False,-0.09092969177587877,-0.05762925944646065,False,False,False,False,-3102462,-2358803.57291289,False,False,False,False,177511.6434615149,False,False,False,False
2024-11-18 00:00:00+00:00,1.95,2.04,1.8701,1.92,172033,,,,2.37829973659545,1.9999093834773973,2.2164072523249256,2.440386737968219,2.7134346244689227,2.7724247536724937,2.992480406810681,,,,,2.2664541681831394,2.0447608557289,2.0046763858939842,2.233375315281038,2.236979708243498,2.349924765500033,,,2.168500103625548,2.4331709913811475,2.7026820304220682,3.142674179032449,3.4930475166750714,"rgba(239, 83, 80, 1.0)",0.0,0.0,0.24344471004074075,2.082728909076736,-0.5452117199610693,0.0,0.0,0.0,0.0,0.0,0.0,0.0,0.0,41.65060184588316,-0.4009644551096656,False,True,False,True,False,0.0,0,1.0076004207152158,0.9459831713913652,False,False,False,False,-0.11925622909037235,-0.0884427442684165,False,False,False,False,-3102462,-2387966.6484849337,False,False,False,False,177296.79469831823,False,False,False,False
2024-11-19 00:00:00+00:00,2.04,2.13,1.9,1.92,101271,,,,2.369932658805556,1.9999959431102856,2.2157917344699554,2.4391921701608985,2.7116112427368537,2.770483503421546,2.99017740258208,,,,,2.262371475584827,2.044613489687629,2.0047445430584143,2.2327116370246136,2.23630586155829,2.3489552201553585,,,2.1680276420145654,2.4319941127414206,2.7008823640249777,3.1401305453196704,3.4899599438373787,"rgba(239, 83, 80, 1.0)",0.0,0.0,0.2435340788627765,2.0825864011263677,-0.17486834419737918,0.0,0.0,0.0,0.0,0.0,0.0,0.0,0.0,42.30301898406377,-0.4009644551096656,False,True,False,True,False,0.6763931631000446,0,1.0197989267871461,0.9332140874606798,False,False,False,False,-0.08151151403853059,-0.08497712915347355,False,False,False,False,-3001191,-2412014.662269838,False,False,False,False,174315.3909846587,False,False,False,False
2024-11-20 00:00:00+00:00,2.0,2.04,1.98,2.03,69801,,,,2.364125165340553,2.0000128903907415,2.2153332269670125,2.4383399518636475,2.7103297796787373,2.769121627809727,2.988569165919905,,,,,2.259445692764728,2.0444344605897444,2.0047493707178643,2.232220414722447,2.235807728876412,2.348256272694187,,,2.167666480694006,2.4311539545724608,2.6996171092543246,3.1383580024089626,3.48781527861996,"rgba(239, 83, 80, 1.0)",0.0,0.0,0.2429033560087917,2.081803139179932,-0.33677237121816905,0.0,0.0,0.0,0.0,0.0,0.0,0.0,0.0,42.10761852470962,-0.4009644551096656,False,True,False,True,False,0.0,0,1.0237161554600862,0.9561144969527428,False,False,False,False,-0.08464922183642211,-0.08481317549494782,False,False,False,False,-3070992,-2437856.9108082764,False,False,False,False,170216.78741663287,False,False,False,False
2024-11-21 00:00:00+00:00,2.04,2.06,1.98,1.98,87027,,,,2.357530308070639,2.000097050196971,2.214818896690452,2.437331120408412,2.7087838047487898,2.7674748070631376,2.9866120805985923,,,,,2.2561716252474713,2.044330557861663,2.004817789730182,2.231664989109074,2.2352436267687685,2.3474396108706204,,,2.167274103838267,2.4301602286387616,2.698091394822983,3.136194687635984,3.4851859974102966,"rgba(239, 83, 80, 1.0)",0.0,0.0,0.2425988881683384,2.0811105619284294,-0.1694589873796242,0.0,0.0,0.0,0.0,0.0,0.0,0.0,0.0,42.86188106729287,-0.4009644551096656,False,True,False,True,False,0.6781499191152847,0,1.0075861896297038,0.9621441626398939,False,False,False,False,-0.07837540687974637,-0.0815942911873471,False,False,False,False,-2983965,-2459272.914305991,False,False,False,False,166954.44281205905,False,False,False,False
2024-11-22 00:00:00+00:00,2.025,2.06,2.0,2.01,61634,,,,2.3530362614136635,2.0001600515330025,2.2144595438886627,2.436622522034602,2.707695806506983,2.766315526804654,2.985233247933134,,,,,2.253924474709249,2.044264578288952,2.004869664012257,2.231276622806857,2.234849134913106,2.346866733629257,,,2.1670008125393108,2.429462298246283,2.6970177078416104,3.134669971026735,3.483331733673691,"rgba(239, 83, 80, 1.0)",0.0,0.0,0.24267541217776697,2.080576099027448,-0.22901413261734452,0.0,0.0,0.0,0.0,0.0,0.0,0.0,0.0,43.092072654437395,-0.4009644551096656,False,True,False,True,False,0.36297867955089913,0,1.015230734257786,0.9606728802000457,False,False,False,False,-0.072107743194788,-0.07685101719106754,False,False,False,False,-3045599,-2482266.094137129,False,False,False,False,162824.2293684489,False,False,False,False
2024-11-25 00:00:00+00:00,2.07,2.11,2.0,2.03,117094,,,,2.3456283240588722,2.000412638347528,2.2138961425937858,2.435386937007853,2.705734254678835,2.764217158299502,2.9827109309698483,,,,,2.2503575830285056,2.0443869180940615,2.0050997476342083,2.230657358782668,2.234218085351322,2.3458916497412585,,,2.166602450837237,2.428247156897077,2.6950834923830773,3.1318673842912474,3.4798983099567824,"rgba(239, 83, 80, 1.0)",0.0,0.0,0.2419214912485067,2.08013664601758,-0.041900560240708214,0.0,0.0,0.0,0.0,0.0,0.0,0.0,0.0,44.324539486435384,-0.4009644551096656,False,True,False,True,False,1.3025371008564015,0,1.0177341641230038,0.9481092807951365,False,False,False,False,-0.056462215883879445,-0.0666566165374735,False,False,False,False,-2928505,-2499765.659072928,False,False,False,False,161030.88704027442,False,False,False,False
2024-11-26 00:00:00+00:00,2.17,2.19,2.05,2.07,225491,,,,2.3359278446061325,2.001511258256201,2.213357450206431,2.433511551782962,2.7024346520443174,2.7606473187224716,2.978292560887234,,,,,2.2464683768055176,2.045748162939272,2.0061487099896995,2.230007462831802,2.23354476743877,2.344531031138856,,,2.166389355878934,2.4264120231270803,2.691837298911888,3.1268944396823386,3.4736874177928736,"rgba(239, 83, 80, 0.75)",0.0,0.0,0.24189650977518212,2.081537658593795,0.3657032566878354,0.0,0.0,0.0,0.0,0.0,0.0,0.0,0.0,47.32682294142107,-0.4009644551096656,False,True,False,True,True,3.3478516952591164,0,1.0263889933087738,0.9343658371551012,False,False,False,False,-0.015893719106103817,-0.04127516782178866,False,False,False,False,-2703014,-2507736.182246539,False,False,False,False,163558.7346073225,False,False,False,False
2024-11-27 00:00:00+00:00,2.1,2.25,2.07,2.21,95677,,,,2.33214315856673,2.00198343832866,2.2131409806306577,2.4327317683761316,2.7010543280265282,2.759152886357638,2.976439107490097,,,,,2.244945110792931,2.046334420164707,2.0065999913466013,2.229744167261644,2.233271609149117,2.343968218679992,,,2.1663098901434843,2.4256492056709136,2.6904795002022075,3.1248064317011672,3.47107595255641,#000000,0.0,0.0,0.2403785692954966,2.081955781903249,0.07506583531816163,0.0,0.0,0.0,0.0,0.0,0.0,0.0,0.0,47.79097725162358,-0.4009644551096656,False,True,False,False,True,1.8249157505291258,0,1.0310125485731256,0.9243373016855184,False,False,False,False,0.009037041185326694,-0.016119063318230983,False,False,False,False,-2798691,-2519146.1750996155,False,False,False,False,160896.7057991922,False,False,False,False
2024-11-29 00:00:00+00:00,2.1,2.14,2.04,2.07,73178,,,,2.328666280838239,2.0022210365395603,2.2128711873804985,2.4320435123449418,2.6999157265008833,2.7579289415494603,2.9749482436837162,,,,,2.2433040129854245,2.046556954979566,2.0068230738105988,2.2294396469326077,2.2329597664969083,2.343441830742683,,,2.1661421996770898,2.42497363674055,2.68935783965754,3.1231399899670578,3.469015695782993,#000000,0.0,0.0,0.23649212089035118,2.0817574169527715,0.07713822760161512,0.0,0.0,0.0,0.0,0.0,0.0,0.0,0.0,48.10041345842525,-0.4009644551096656,False,True,False,False,True,1.8249157505291258,0,1.0317719703112331,0.943691137029876,False,False,False,False,-0.034603067328955336,-0.02536106532359316,False,False,False,False,-2798691,-2530108.7172525716,False,False,False,False,157456.75655216505,False,False,False,False
2024-12-02 00:00:00+00:00,1.97,2.075,1.95,2.06,96824,,,,2.3224231124792163,2.0022077032080485,2.212233862484722,2.4308829229997255,2.69818083060455,2.7560858997285718,2.972771626397189,,,,,2.239845079047079,2.0462567207928366,2.0067942798909564,2.228759033014573,2.232270003669834,2.342485479611531,,,2.16563354390614,2.423829135290603,2.687644676585696,3.1207406863131695,3.4661115649049643,"rgba(239, 83, 80, 0.75)",0.0,0.0,0.23370144348004757,2.0802842062519096,-0.471902118402299,0.0,0.0,0.0,0.0,0.0,0.0,0.0,0.0,45.66428914070391,-0.4009644551096656,False,True,False,True,True,0.0,0,1.0241645561801225,0.9308913459756626,False,False,False,False,-0.08664476871208719,-0.05600291701784017,False,False,False,False,-2895515,-2544438.37539953,False,False,False,False,155079.00139325662,False,False,False,False
2024-12-03 00:00:00+00:00,2.2,2.2363,2.0,2.03,166825,,,,2.316841461460762,2.0030490706040216,2.211893691129918,2.4295728703618282,2.6958357746858086,2.7535436790309906,2.9696067595417235,,,,,2.237602781403364,2.0473092976911946,2.0075997317558745,2.228338356782448,2.2318323708692662,2.3415490991471644,,,2.1655285942943836,2.422548302119573,2.685338456148228,3.117169325412663,3.461633428362725,#000000,0.0,0.0,0.23339757056558896,2.0809525272789826,0.5100630329293127,0.0,0.0,0.0,0.0,0.0,0.0,0.0,0.0,48.786804427446114,-0.4009644551096656,False,True,False,False,True,3.704597421638141,0,1.0299118234520388,0.9144175963365324,False,False,False,False,-0.04125675455493334,-0.04862983578638676,False,False,False,False,-2728690,-2551663.929305431,False,False,False,False,155539.6287895995,False,False,False,False
2024-12-04 00:00:00+00:00,2.16,2.28,2.09,2.24,201035,,,,2.3117093498636394,2.0042694803051986,2.211678835178596,2.428181848140359,2.6931950014533763,2.7506640303813485,2.9659682306958692,,,,,2.2359072831655897,2.048942827516851,2.008775152345416,2.228025894191161,2.2314993612096594,2.3406102922945315,,,2.165597894564296,2.421192596661949,2.682744515190865,3.113037417619983,3.456404270125872,#000000,0.0,0.0,0.2332584322509892,2.0928008384695858,0.28808888442715413,0.0,0.0,0.0,0.0,0.0,0.0,0.0,0.0,50.061607628057516,-5.261240026387483,False,True,False,False,True,2.856454534635578,1,1.0282805973015796,0.9128054928698326,False,False,False,False,-0.006524579936896524,-0.02757720786164164,False,False,False,False,-2929725,-2566489.853646395,False,False,False,False,157323.76099392894,False,False,False,False
2024-12-05 00:00:00+00:00,2.06,2.17,2.03,2.17,104848,,,,2.307492725056336,2.0045704505279405,2.2112824358541894,2.4272049954834194,2.6915902371709426,2.748939853104755,2.963868934749156,,,,,2.2337725620955426,2.0491896526342863,2.0090565635282394,2.227581477377737,2.231044815450527,2.339858427222523,,,2.165342591970978,2.420233393831876,2.6811634113593303,3.1106910860549384,3.4535032885349857,#000000,0.0,0.0,0.23270979336482814,2.090820708862953,-0.1324426807196475,0.0,0.0,0.0,0.0,0.0,0.0,0.0,0.0,49.01908033194,-5.261240026387483,False,True,False,False,True,0.7734047141404368,1,1.0188093760443024,0.9312073327922853,False,False,False,False,-0.1091598711617327,-0.06836853951168717,False,False,False,False,-3034573,-2584846.055464183,False,False,False,False,155265.88801377488,False,False,False,False
2024-12-06 00:00:00+00:00,2.13,2.15,2.04,2.08,162356,,,,2.301830240673664,2.005144672070869,2.210771273621833,2.425791521334079,2.689203570376955,2.7463676764593186,2.96071157026554,,,,,2.231018247116753,2.0497661507135856,2.009599602864125,2.2269956834329583,2.230443284740513,2.338794192488804,,,2.1650501735433303,2.4188472930618765,2.6788133835002546,3.1071494581454804,3.4491006935116624,#000000,0.0,0.0,0.23291002631989333,2.0898441157751715,0.17240942719089208,0.0,0.0,0.0,0.0,0.0,0.0,0.0,0.0,49.68105097416099,-5.261240026387483,False,True,False,False,True,2.1653275823422575,1,1.0151529775118233,0.9509699835923174,False,False,False,False,-0.12918446324226932,-0.09877650137697824,False,False,False,False,-2872217,-2596115.504269509,False,False,False,False,155543.93162107782,False,False,False,False
2024-12-09 00:00:00+00:00,2.06,2.25,2.06,2.13,161519,,,,2.296959910212004,2.0058022961068,2.2103483023708534,2.4244704463810725,2.686915836809993,2.7438952612815,2.957654328004706,,,,,2.228745792960722,2.050492977624308,2.010225616836543,2.2264984577439484,2.2299304065042773,2.3378203683228715,,,2.1648443649090785,2.417553417763879,2.6765620211181047,3.103709077564674,3.444803287481905,#000000,0.0,0.0,0.23239972399227313,2.089724642045146,-0.12790308669271092,0.0,0.0,0.0,0.0,0.0,0.0,0.0,0.0,48.799299320259486,-5.261240026387483,False,True,False,False,True,0.7164889385610422,1,0.9994646420402005,0.9639363410716894,False,False,False,False,-0.08122073639983154,-0.0899986188884049,False,False,False,False,-3033736,-2613277.092337372,False,False,False,False,155778.2480280944,False,False,False,False
2024-12-10 00:00:00+00:00,2.02,2.0793,2.0,2.06,84016,,,,2.293267422721636,2.0058810752428364,2.2099034253339394,2.4235832843553036,2.6855437863755625,2.7424310734829405,2.955901840135781,,,,,2.2266215316352214,2.050404050747811,2.0102909210007573,2.2260171291280577,2.2294413774464945,2.337105654460518,,,2.1645071478335467,2.4166798259376185,2.675208317410238,3.1017651834916307,3.442427053301042,#000000,0.0,0.0,0.2323042645999517,2.088392151365515,-0.29440764457463703,0.0,0.0,0.0,0.0,0.0,0.0,0.0,0.0,47.480306684453595,-5.261240026387483,False,True,False,False,True,0.0,1,0.9907784980354731,0.9893779204521511,False,False,False,False,-0.17395661895406303,-0.13197761892123397,False,False,False,False,-3117752,-2633060.422049632,False,False,False,False,152964.04222307107,False,False,False,False
2024-12-11 00:00:00+00:00,2.03,2.05,1.99,2.04,105318,,,,2.2886137965649054,2.0059439837003965,2.2093182631359376,2.422449176167315,2.683806344367536,2.7405789890205132,2.953691224526289,,,,,2.2238918057120247,2.0502316556565288,2.010337430166879,2.2253867591863763,2.228801454728468,2.3361858173419425,,,2.1640556236597592,2.4155625886508005,2.673493721403388,3.0993161900145734,3.4394390430111996,"rgba(239, 83, 80, 1.0)",0.0,0.0,0.2322148337401856,2.086760153743481,-0.24442949155861207,0.0,0.0,0.0,0.0,0.0,0.0,0.0,0.0,46.83378062031497,-5.261240026387483,False,True,False,True,False,0.10343350670508045,1,0.9794963894189397,0.9954602711365534,False,False,False,False,-0.19000970758916327,-0.16099366325519862,False,False,False,False,-3012434,-2647937.817263372,False,False,False,False,151095.56997902907,False,False,False,False
2024-12-12 00:00:00+00:00,1.98,2.03,1.97,2.01,71086,,,,2.2852173441295474,2.0059133766822024,2.2088619943681453,2.4216300526020986,2.6825857424366846,2.7392822176697966,2.9521571277253544,,,,,2.2218209444303354,2.049988130800261,2.0102966008970666,2.2249006484629548,2.228309033222227,2.335508758226247,,,2.1636878657486185,2.4147546690719857,2.6722883525365155,3.097623569388338,3.4373867670973075,"rgba(239, 83, 80, 1.0)",0.0,0.0,0.23223010334767957,2.085438308948839,-0.45402515620889855,0.0,0.0,0.0,0.0,0.0,0.0,0.0,0.0,45.41442409731776,-5.261240026387483,False,True,False,True,False,0.0,1,0.9791949173823515,0.9960574556777662,False,False,False,False,-0.20644876787065639,-0.1837212155629275,False,False,False,False,-3083520,-2665019.4714883375,False,False,False,False,147957.939783773,False,False,False,False
2024-12-13 00:00:00+00:00,1.94,1.98,1.92,1.98,149764,,,,2.2772072257473295,2.0056119677759328,2.2077002328084023,2.4197275936127993,2.6798550908016434,2.7363948572209407,2.9487845511311006,,,,,2.21671085949643,2.049064795985831,2.009976334457296,2.22367809388625,2.2270736064602277,2.3338976942318497,,,2.162707403673609,2.412875250859491,2.6695892227752585,3.0939244733320903,3.432942925175989,"rgba(239, 83, 80, 1.0)",0.0,0.0,0.23230252720131392,2.0819368606371786,-0.6110000711020069,0.0,0.0,0.0,0.0,0.0,0.0,0.0,0.0,43.699136029097765,-1.9430922456492752,False,True,False,True,False,0.0,1,0.9842419943250913,0.9941224158897446,False,False,False,False,-0.2480536766224878,-0.21588744609270766,False,False,False,False,-3233284,-2687304.354959383,False,False,False,False,148028.76567460544,False,False,False,False
2024-12-16 00:00:00+00:00,1.81,1.92,1.8,1.92,461264,,,,2.2477376957759594,2.0031084929304996,2.2027946975429904,2.4127034725496044,2.670403159758027,2.726486163395134,2.937481334066924,,,,,2.196509290104494,2.0435539338237105,2.007432444526637,2.2185995445344817,2.2219583146397466,2.3277165238559703,,,2.158324428138426,2.405918185467805,2.6602303626417223,3.081666569600497,3.4184810069959357,"rgba(239, 83, 80, 1.0)",0.0,0.0,0.23340292501461601,2.0675028664609134,-1.1032546676301858,0.0,0.0,0.0,0.0,0.0,0.0,0.0,0.0,40.377248877591704,-5.1601335421108345,False,True,False,True,False,0.0,1,0.9614655716993051,1.00424510423247,False,False,False,False,-0.32523218033113577,-0.2705598132119217,False,False,False,False,-3694548,-2726804.1057452895,False,False,False,False,160312.50035403267,False,False,False,False
2024-12-17 00:00:00+00:00,1.77,1.81,1.7506,1.81,136355,,,,2.2384694065922184,2.0020814224763366,2.201106278627795,2.4104211458370948,2.6674285574061205,2.7233817177418898,2.9339838051139173,,,,,2.1899031638199054,2.0414587736677574,2.006396653423254,2.216862813283523,2.2202113021932113,2.3256723640767416,,,2.1567831570044347,2.4036548823487776,2.657282428988892,3.0778968440274355,3.4140778756400803,"rgba(239, 83, 80, 1.0)",0.0,0.0,0.2349736945215149,2.0628550308730764,-1.246331132807982,0.0,0.0,0.0,0.0,0.0,0.0,0.0,0.0,37.577178267205596,-7.778016912858796,False,True,False,True,False,0.0,0,0.9526492659878213,1.0130884099350632,False,False,False,False,-0.34282825441539394,-0.3066940338136578,False,False,False,False,-3830903,-2770102.1015984155,False,False,False,False,159372.99053622747,False,False,False,False
2024-12-18 00:00:00+00:00,1.65,1.84,1.65,1.7795,155948,,,,2.22690801913507,2.000589981166461,2.198904843331097,2.4075711177631054,2.6638097397110965,2.7196193208605033,2.9297912469789877,,,,,2.1814746120843918,2.038536782957548,2.004898618680839,2.214608791655913,2.217946065955814,2.323084490996731,,,2.154743376013173,2.400825880424847,2.653693366150249,3.073402817226224,3.4088766208589623,"rgba(239, 83, 80, 1.0)",0.0,0.0,0.23787093782771399,2.056782012978206,-1.7100954689674273,0.0,0.0,0.0,0.0,0.0,0.0,0.0,0.0,34.147533214219365,-10.924361651123448,False,True,False,True,False,0.0,0,0.9475896721556142,1.002313317745386,False,False,False,False,-0.34282825441539394,-0.32476114411452583,False,False,False,False,-3986851,-2817817.7446729876,False,False,False,False,159238.6771818656,True,False,False,False
2024-12-19 00:00:00+00:00,1.67,1.73,1.65,1.7,102212,,,,2.2191759201131265,1.9995195664221195,2.1973842383029365,2.405635575369477,2.661378342571006,2.717095461665414,2.9269915508890647,,,,,2.17576645722796,2.036475627548846,2.0038248788233295,2.2130546068170895,2.2163847124834977,2.3213173025093656,,,2.153326432257347,2.3989038673489165,2.6512812038085105,3.070408732742943,3.4054248072592648,"rgba(239, 83, 80, 1.0)",0.0,0.0,0.2397133633666461,2.0526837711452623,-1.5964223511391828,0.0,0.0,0.0,0.0,0.0,0.0,0.0,0.0,32.49559661128277,-12.378792350110267,False,True,False,True,False,0.0,0,0.9502127712368027,1.0147140925275735,False,False,False,False,-0.34282825441539394,-0.33379469926495986,False,False,False,False,-3884639,-2859653.8723328705,False,False,False,False,157002.33690022383,False,False,False,False
2024-12-20 00:00:00+00:00,1.7,1.77,1.6405,1.68,145147,,,,2.2089656781740716,1.9981080299339908,2.1953243497900425,2.402980947944358,2.6580170322118213,2.7136019926001427,2.923101481104241,,,,,2.168204636132445,2.0337542539853346,2.0024075423355976,2.2109465640986943,2.214266398019575,2.318903299588277,,,2.151414576360535,2.396268547800491,2.647947265772487,3.0662405485964315,3.4006038190945342,"rgba(239, 83, 80, 1.0)",0.0,0.0,0.24048773863215056,2.0474524741962297,-1.444782491500293,0.0,0.0,0.0,0.0,0.0,0.0,0.0,0.0,32.3715994783825,-12.497677595265024,False,True,False,True,False,0.0,0,0.9505049507395246,1.0121731400775327,False,False,False,False,-0.3314039535192641,-0.332599326392112,False,False,False,False,-3739492,-2894157.328319817,False,False,False,False,156537.42172766602,False,False,False,False
2024-12-23 00:00:00+00:00,1.72,1.77,1.65,1.74,174540,,,,2.1974394643623745,1.9964844380973032,2.192919036312314,2.39985971102956,2.6540474679489914,2.7094734233741167,2.9184937388231345,,,,,2.1596118852665427,2.0306358232427817,2.0007762933996274,2.2084832923262687,2.211790768438381,2.3160713000335322,,,2.149186973491277,2.3931705008585173,2.644010537705765,3.061297752264889,3.3948759841897775,"rgba(239, 83, 80, 1.0)",0.0,0.0,0.2398122448766241,2.041691955452383,-1.341432567873603,0.0,0.0,0.0,0.0,0.0,0.0,0.0,0.0,32.95569628096009,-12.497677595265024,False,True,False,True,False,0.0,0,0.9437143070899524,1.0334921070350882,False,False,False,False,-0.3278626708618612,-0.33023099862698657,False,False,False,False,-3564952,-2920463.00171904,False,False,False,False,157243.40518932618,False,False,False,False
2024-12-24 00:00:00+00:00,1.74,1.76,1.69,1.7,57369,,,,2.1938935546150584,1.9959859939076432,2.1921609680522023,2.3988647178764118,2.6527729862719456,2.7081464289703656,2.917007728285114,,,,,2.1569608588635383,2.029677192750084,2.0002749918276614,2.2077060374608006,2.2110094251984114,2.3151718137189015,,,2.1484875375466257,2.3921831558740543,2.642746861459242,3.059700987274238,3.393020378646955,"rgba(239, 83, 80, 1.0)",0.0,0.0,0.23864244277887495,2.03996791627962,-1.2569763902289963,0.0,0.0,0.0,0.0,0.0,0.0,0.0,0.0,34.03456751379207,-12.497677595265024,False,True,False,True,False,0.0,0,0.9325761538269945,1.0334503972701687,False,False,False,False,-0.316731149362382,-0.3234810739946843,False,False,False,False,-3507583,-2943487.3153771167,False,False,False,False,153326.76184856828,False,False,False,False
2024-12-26 00:00:00+00:00,1.75,1.768,1.72,1.72,80342,,,,2.1891853743728418,1.9953328790013822,2.1911401099953074,2.3975094588180887,2.651024890600984,2.706324381242987,2.91496085800933,,,,,2.153439853944003,2.028416047120957,1.999617435602912,2.206658087054559,2.2099557051013647,2.3139510815327493,,,2.1475492319049776,2.390838657909675,2.6410139364234815,3.057498066811871,3.3904535862060245,"rgba(239, 83, 80, 0.75)",0.0,0.0,0.2369262994083275,2.0377332531811287,-1.2144420180439264,0.0,0.0,0.0,0.0,0.0,0.0,0.0,0.0,35.11488328585251,-12.497677595265024,False,True,False,True,True,0.0,0,0.9468452786397236,1.0328716667928053,False,False,False,False,-0.30273910356862854,-0.3131100887816564,False,False,False,False,-3427241,-2962458.048107426,False,False,False,False,150464.614325095,False,False,False,False
2024-12-27 00:00:00+00:00,1.69,1.75,1.67,1.71,100767,,,,2.1828631547451787,1.9943791806836566,2.189744214970283,2.395706793007302,2.6487389733609628,2.7039477542541484,2.9123103793990825,,,,,2.1486544876305977,2.0266134630844634,1.9986595647500704,2.205229309624743,2.208519914835891,2.3123129248441012,,,2.1462541605940424,2.3890491880105738,2.638746739773982,3.0546559819795718,3.3871623015426735,"rgba(239, 83, 80, 0.75)",0.0,0.0,0.23841582872653508,2.0345880692612646,-1.4453237903784903,0.0,0.0,0.0,0.0,0.0,0.0,0.0,0.0,34.58321395238249,-12.497677595265024,False,True,False,True,True,0.0,0,0.9426269096825034,1.031597142784514,False,False,False,False,-0.3278626708618612,-0.3204863798217588,False,False,False,False,-3528008,-2984636.47759341,False,False,False,False,148515.68827313048,False,False,False,False
2024-12-30 00:00:00+00:00,1.725,1.76,1.59,1.66,176533,,,,2.171915047843041,1.9926569595943089,2.1872597223273207,2.392518345733177,2.644711668816211,2.6997629653008444,2.907650330369545,,,,,2.1402985046461414,2.02339101031946,1.9969306176615205,2.202687969061385,2.2059664460613018,2.3094095617784602,,,2.1439441597760975,2.385883623840182,2.6347519603525216,3.0496628658770604,3.3813874354023543,"rgba(239, 83, 80, 0.75)",0.0,0.0,0.23973995897201003,2.015332455317075,-1.211030720794324,0.0,0.0,0.0,0.0,0.0,0.0,0.0,0.0,35.574421620365726,-12.497677595265024,False,True,False,True,True,0.0,0,0.9392002829068682,1.021293793730582,True,False,False,False,-0.34282825441539394,-0.3316573171185764,False,False,False,False,-3351475,-2999022.302001511,False,False,False,False,149614.40638006653,False,False,False,False
2024-12-31 00:00:00+00:00,1.72,1.77,1.6818,1.71,68310,,,,2.1680843943949095,1.992066666478011,2.1863671391273303,2.3913487481985354,2.6432148245362277,2.698204451510166,2.9059042399156536,,,,,2.13737324979088,2.022280325644835,1.9963369755956464,2.2017729923952016,2.2050466975239407,2.3083516744206256,,,2.1431199070397473,2.3847229727810313,2.6332677750407303,3.0477862415979833,3.3792058454103633,"rgba(239, 83, 80, 0.75)",0.0,0.0,0.2403246550393716,2.013975540786867,-1.2232433694275193,0.0,0.0,0.0,0.0,0.0,0.0,0.0,0.0,36.116895159373314,-12.497677595265024,False,True,False,True,True,0.0,0,0.9491344195519349,1.0252800407331977,False,False,False,False,-0.30557481078462084,-0.3186160639515986,False,False,False,False,-3419785,-3015522.7999622365,False,False,False,False,146425.9982867306,False,False,False,False
2025-01-02 00:00:00+00:00,1.78,1.812,1.72,1.73,43241,,,,2.1659448227434246,1.9917592356201772,2.185860819987462,2.3906621861358395,2.642317859113048,2.6972676645108273,2.9048452014815083,,,,,2.1357496002643974,2.021690963102381,1.9960267662979345,2.2012520762958276,2.204522675797163,2.3077373849389224,,,2.1426577985549775,2.3840421812039723,2.6323789220484533,3.0466428988846834,3.3778667454091202,"rgba(239, 83, 80, 0.75)",0.0,0.0,0.23948048350952336,2.0135573250424383,-0.975266633922386,0.0,0.0,0.0,0.0,0.0,0.0,0.0,0.0,38.80058105939293,-15.4317708965837,False,True,False,True,True,0.0,0,0.950774393391843,1.029246257098606,False,False,False,False,-0.27679911232624455,-0.29770758813892156,False,False,False,False,-3376544,-3029680.494081365,False,False,False,False,142379.52776568237,False,False,False,False
2025-01-03 00:00:00+00:00,1.81,1.843,1.77,1.78,45383,,,,2.1639317921143806,1.991491336610775,2.1853779821517487,2.389986150813886,2.641418319121778,2.696325684105452,2.9037720161342166,,,,,2.134232056546541,2.0211661042524223,1.9957554095267904,2.200753571394551,2.204020841486167,2.307138485903157,,,2.1422221484649517,2.3833722905446044,2.631487978019493,3.0454798514085253,3.3764960071262604,"rgba(239, 83, 80, 0.75)",0.0,0.0,0.23777496591186278,2.013385829786677,-0.8553710816725218,0.0,0.0,0.0,0.0,0.0,0.0,0.0,0.0,41.65986490398921,-12.672034338713985,False,True,False,True,True,0.0,0,0.9684072765344851,1.0112027221567859,False,False,False,False,-0.2481831188343284,-0.27294535348662496,False,False,False,False,-3331161,-3041503.2590193506,False,False,False,False,138575.7423631066,False,False,False,False
2025-01-06 00:00:00+00:00,1.8,1.89,1.8,1.86,62349,,,,2.161373885857343,1.9911691162605965,2.1847557503282524,2.3890954611171265,2.640218670676221,2.695067243375177,2.902331020739945,,,,,2.1323109663123105,2.0205242064349456,1.9954279956738437,2.2001095548411316,2.2033721986008823,2.3063547153394284,,,2.141665309965197,2.3824901065056117,2.6303001947955695,3.04391433076888,3.3746434820527647,"rgba(239, 83, 80, 0.75)",0.0,0.0,0.2359774252448702,2.0132192336591723,-0.9035577595522873,0.0,0.0,0.0,0.0,0.0,0.0,0.0,0.0,43.23995047210158,-11.172422093651555,False,True,False,True,True,0.0,0,0.9814087319835503,0.9879912233448516,False,False,False,False,-0.22134539620527538,-0.24714537484595017,False,False,False,False,-3393510,-3055307.4449401605,False,False,False,False,135586.45834886713,False,False,False,False
2025-01-07 00:00:00+00:00,1.89,1.9,1.7868,1.84,143240,,,,2.156143599314824,1.9905657218013681,2.1834503791016817,2.3871652332258457,2.6375739424074394,2.692286151704172,2.8991240256530797,,,,,2.1284017874478707,2.019287207611589,1.9948113815620092,2.1987534427674458,2.202005320034967,2.304672582854113,,,2.1405115924487883,2.3805795816344304,2.6276828565337076,3.040418309572355,3.370483679388127,#000000,0.0,0.0,0.23251549052333348,2.0129051469692607,-0.5285890703136915,0.0,0.0,0.0,0.0,0.0,0.0,0.0,0.0,47.32579791198354,-7.360380287940188,False,False,False,False,True,0.0,0,0.9692299620948808,0.9945699933108614,False,False,False,False,-0.22245425219540424,-0.2347998135206772,False,False,False,False,-3250270,-3062953.0353346644,False,False,False,False,135886.59723714687,False,False,False,False
2025-01-08 00:00:00+00:00,1.8,1.91,1.7532,1.91,124796,,,,2.151169989530143,1.9898945513024107,2.1821898733669056,2.3853752338361627,2.6351729607128336,2.689768783743523,2.8962448694379153,,,,,2.1246200274669387,2.0179739479998577,1.994130236203782,2.197450025129258,2.2006927870592246,2.3030936952787857,,,2.1393799332720826,2.3788063852396615,2.6253053583553885,3.037292135779557,3.366787746699926,#000000,0.0,0.0,0.2291454654238162,2.0040469283252134,-0.8904689776331298,0.0,0.0,0.0,0.0,0.0,0.0,0.0,0.0,47.13927472633144,-7.360380287940188,False,False,False,False,True,0.0,0,0.958247497080474,1.0103134718085316,False,False,False,False,-0.2306488999731307,-0.23272435674690395,False,False,False,False,-3375066,-3075192.7594391876,False,False,False,False,135451.671855298,False,False,False,False
2025-01-10 00:00:00+00:00,1.77,1.815,1.715,1.78,103404,,,,2.146498501795474,1.9891645424609945,2.1809957251822176,2.3837584674275845,2.6330619931282824,2.687563994877663,2.89375075513483,,,,,2.121007265420267,2.016601910109412,1.9933937438174578,2.1962217170243052,2.1994572106209467,2.301646478233394,,,2.138289100311368,2.3772031582172537,2.623213457852923,3.034598637041895,3.3636313780157305,#000000,0.0,0.0,0.22742935780757462,2.000669385476554,-1.0142463035564686,0.0,0.0,0.0,0.0,0.0,0.0,0.0,0.0,46.16470991744054,-7.360380287940188,False,False,False,False,True,0.0,0,0.9323807058887634,1.0713244609118526,False,False,False,False,-0.277511121638244,-0.25511773919257397,False,False,False,False,-3478470,-3091007.5531866704,False,False,False,False,134194.90040999217,False,False,False,False
2025-01-13 00:00:00+00:00,1.68,1.7597,1.67,1.73,48918,,,,2.1439653508412237,1.9887228690814316,2.180347066537905,2.3829182336752734,2.63199406065884,2.686453032926659,2.8925084915613732,,,,,2.1190220075676187,2.015794623817242,1.9929499704850748,2.1955576207947742,2.1987898228068294,2.300883694265353,,,2.1376875682372343,2.376369134294831,2.6221543501959816,3.033264831554162,3.3620833694498184,"rgba(239, 83, 80, 1.0)",0.0,0.0,0.2276226868472046,1.9984147772703693,-1.3988710074585422,0.0,0.0,0.0,0.0,0.0,0.0,0.0,0.0,43.266927315991495,-7.360380287940188,False,True,False,True,False,0.0,1,0.8907126267489945,1.1159151419022262,False,False,False,False,-0.3135894276527105,-0.2843535834226422,False,False,False,False,-3527388,-3108120.5118852323,False,False,False,False,130850.70823705131,False,False,False,False
2025-01-14 00:00:00+00:00,1.65,1.73,1.64,1.73,159274,,,,2.1353683192755075,1.9871445879189082,2.1781156299008817,2.3800770839268215,2.6284224758654666,2.682743646285263,2.8883804192323774,,,,,2.1122312950818514,2.012946018823239,1.9913662762128754,2.1932771373177493,2.196498871084669,2.2982899539089363,,,2.1356064884663435,2.37354785965124,2.6186111367331253,3.028843285326324,3.356972598867463,"rgba(239, 83, 80, 1.0)",0.0,0.0,0.22913702812428785,1.9914358244434287,-1.4900944960245717,0.0,0.0,0.0,0.0,0.0,0.0,0.0,0.0,40.673508474289385,-4.296042443132869,False,True,False,True,False,0.0,1,0.8546150237494871,1.1448865302292852,False,False,False,False,-0.33423517165955363,-0.3092943775410979,False,False,False,False,-3686662,-3130808.413379929,False,False,False,False,131965.34712971596,False,False,False,False
2025-01-15 00:00:00+00:00,1.7226,1.7377,1.68,1.7,21844,,,,2.134313900315156,1.9869568642350601,2.1778353150019742,2.3797112091818913,2.6279551956411193,2.6822571568270104,2.8878350568805238,,,,,2.111399689521317,2.012604725269653,1.991177531738986,2.192989928999956,2.1962101936056144,2.29795861800541,,,2.1353471599020137,2.3731847518850118,2.618147783892951,3.028256996078775,3.3562907185412856,"rgba(239, 83, 80, 1.0)",0.0,0.0,0.23097337728878894,1.990826196707496,-1.1612862047392134,0.0,0.0,0.0,0.0,0.0,0.0,0.0,0.0,41.601897337112476,-4.296042443132869,False,True,False,True,False,0.0,1,0.8810761281019047,1.102490536561918,False,False,False,False,-0.3139287360589576,-0.3116115568000277,False,False,False,False,-3664818,-3151749.965796402,False,False,False,False,127646.86292855063,False,False,False,False
2025-01-16 00:00:00+00:00,1.72,1.7433,1.685,1.7433,28414,,,,2.1329588453913244,1.9867154409282208,2.1774732865461424,2.379237793533991,2.627349855962256,2.6816268164180754,2.887128032572869,,,,,2.1103303522090155,2.0121658900784034,1.9909347555554033,2.1926189259461024,2.195837278029732,2.2975301515312054,,,2.1350124387128333,2.372714936522206,2.6175475526381384,3.0274966958879945,3.3554060342379497,"rgba(239, 83, 80, 1.0)",0.0,0.0,0.23282130588854777,1.9900663134162737,-1.1599725050316283,0.0,0.0,0.0,0.0,0.0,0.0,0.0,0.0,42.150646422120865,-4.296042443132869,False,True,False,True,False,0.0,1,0.8830043775439677,1.0929268105368253,False,False,False,False,-0.30945056856970815,-0.31053106268486796,False,False,False,False,-3693232,-3172984.555373014,False,False,False,False,123755.37810782316,False,False,False,False
2025-01-17 00:00:00+00:00,1.73,1.75,1.7,1.72,52646,,,,2.130534299064051,1.9862866846159037,2.17681933969564,2.3783763712804276,2.626243373665167,2.6804738385766793,2.885832097195698,,,,,2.1084169747770467,2.0113851284512423,1.9905033168650952,2.191948256987289,2.1951630468394354,2.2967523433488113,,,2.1344092792009186,2.3718602067366477,2.6164505527032818,3.0261016552502755,3.353779943545589,"rgba(239, 83, 80, 1.0)",0.0,0.0,0.23475668931545166,1.9888172916470495,-1.1024916580726978,0.0,0.0,0.0,0.0,0.0,0.0,0.0,0.0,42.896410859351626,-4.296042443132869,False,True,False,True,False,0.0,1,0.8974266266329209,1.0783330451322843,False,False,False,False,-0.30032017501879166,-0.30542561885182984,False,False,False,False,-3640586,-3191321.8669270133,False,False,False,False,120966.77504477128,False,False,False,False
2025-01-21 00:00:00+00:00,1.77,1.78,1.7152,1.76,50505,,,,2.128397053809544,1.9859215409590716,2.1762332351980787,2.377588035039944,2.625217872553855,2.6794032198499282,2.8846219751967404,,,,,2.10673448830847,2.010714434283256,1.990135155868449,2.1913458357725846,2.194557153032514,2.296045229578027,,,2.133872507291158,2.37107835964923,2.615434210463507,3.02479534531535,3.3522502057680055,"rgba(239, 83, 80, 0.5)",0.0,0.0,0.23618268186805647,1.987944299155402,-0.922778492612581,0.0,0.0,0.0,0.0,0.0,0.0,0.0,0.0,44.89870679104217,-4.296042443132869,False,False,False,True,True,0.0,1,0.8946399178631378,1.0926158309023646,False,False,False,False,-0.2814551455255612,-0.2934403821886955,False,False,False,False,-3590081,-3206959.4799886993,False,False,False,False,118203.56818027043,False,False,False,False
2025-01-22 00:00:00+00:00,1.72,1.77,1.69,1.77,39636,,,,2.1266104172498985,1.9856006312954064,2.1757434639670654,2.3769425878409085,2.624388543017086,2.6785389763693113,2.8836502593668274,,,,,2.1053195327535956,2.010132330333344,1.9898122208152793,2.1908435215917295,2.1940521669647355,2.2954625177854124,,,2.1334208119810203,2.370437933524692,2.6146119963940775,3.0237491524271034,3.3510304155583657,"rgba(239, 83, 80, 0.5)",0.0,0.0,0.23827424680788542,1.9870325218786007,-1.1206940131213692,0.0,0.0,0.0,0.0,0.0,0.0,0.0,0.0,44.59645982246228,-4.296042443132869,False,False,False,True,True,0.0,1,0.8539156374118081,1.1235608587085855,False,False,False,False,-0.2944931733079803,-0.2939667777483379,False,False,False,False,-3629717,-3223538.2062636525,False,False,False,False,115122.4870751618,False,False,False,False
2025-01-23 00:00:00+00:00,1.745,1.77,1.69,1.7137,36402,,,,2.125017398307898,1.9853160672557086,2.1753029230439718,2.3763585130246603,2.623635285834452,2.677753565524878,2.8827656813539715,,,,,2.1040576722110558,2.009615474291916,1.9895257017166217,2.190391413273262,2.193597595279676,2.294936225884698,,,2.133015334431676,2.3698584808411596,2.613865282122488,3.022795968949297,3.3499175015289926,"rgba(239, 83, 80, 0.5)",0.0,0.0,0.23995922350290552,1.9862669179591186,-1.0054496528081869,0.0,0.0,0.0,0.0,0.0,0.0,0.0,0.0,45.37220645343999,-4.296042443132869,False,False,False,True,True,0.0,1,0.85358683880284,1.12004263292706,False,False,False,False,-0.28760724913734154,-0.29078701344283975,False,False,False,False,-3593315,-3238039.2569984114,False,False,False,False,112035.40915064565,False,False,False,False
2025-01-24 00:00:00+00:00,1.79,1.82,1.72,1.8,71630,,,,2.122251153267132,1.984850893307698,2.1745204065012684,2.3752867635209935,2.6222261086590977,2.6762800230837644,2.8810920707498564,,,,,2.101877107763468,2.008757536630597,1.9890557694567703,2.18958555037538,2.1927867672767487,2.2939803449915415,,,2.1323031363606155,2.368795975540882,2.61246911741962,3.0209850070165936,3.347788423220793,#000000,0.0,0.0,0.24106058176162384,1.9853319332836772,-0.8103022562055952,0.0,0.0,0.0,0.0,0.0,0.0,0.0,0.0,47.550832168489755,-6.916437333286851,True,False,False,False,True,0.0,1,0.8671109503883178,1.0840867214272183,False,False,False,False,-0.23929207406386663,-0.2650395437533532,False,False,False,False,-3521685,-3249162.619469062,False,False,False,False,110450.88330160071,False,False,False,False
2025-01-27 00:00:00+00:00,1.74,1.8,1.73,1.75,55691,,,,2.12000789813389,1.9844560527179602,2.1738836567521744,2.374428390205635,2.621107897508421,2.675112301002148,2.879770864774556,,,,,2.1000986930587695,2.008037755210682,1.9886575667705295,2.188930930690277,2.1921283448226268,2.293210959974305,,,2.1317203503020985,2.367944710462044,2.611360940725611,3.0195580782681666,3.3461160606673053,#000000,0.0,0.0,0.24273932729615427,1.9843914638350733,-1.0068062170119771,0.0,0.0,0.0,0.0,0.0,0.0,0.0,0.0,47.22174809115901,-6.916437333286851,True,False,False,False,True,0.0,1,0.8841054383045801,1.0833523075575797,False,False,False,False,-0.21686649191302976,-0.24095301783319148,False,False,False,False,-3577376,-3262033.7324310597,False,False,False,False,108303.43689761637,False,False,False,False
2025-01-28 00:00:00+00:00,1.78,1.78,1.7,1.76,34958,,,,2.118600996610306,1.9842052865689375,2.1734817652736007,2.37388789267267,2.620404754999155,2.674378164946458,2.8789406540277085,,,,,2.098980944189934,2.007582071103438,1.988404724451243,2.1885178665018077,2.1917129028256737,2.29272613772891,,,2.131352207384672,2.3674086610127674,2.6106640808679047,3.01866166011587,3.3450658929054105,#000000,0.0,0.0,0.24380426894689533,1.9837828980298968,-0.8358463078195081,0.0,0.0,0.0,0.0,0.0,0.0,0.0,0.0,48.48216009853982,-5.735136579158294,True,False,False,False,True,0.0,1,0.9173609220437426,1.0722933115527724,False,False,False,False,-0.25102546189536357,-0.2459892398642775,False,False,False,False,-3542418,-3273029.1939043514,False,False,False,False,105427.14525457259,False,False,False,False
2025-01-29 00:00:00+00:00,1.74,1.7951,1.725,1.7401,29887,,,,2.117406821676542,1.9839913584755733,2.1731388078683977,2.373426569747863,2.619804536177783,2.673751471799938,2.8782318642188613,,,,,2.098031125350369,2.007193830244066,1.988189020403335,2.1881653689917315,2.191358374981327,2.292312359192266,,,2.131038062449737,2.36695113650411,2.6100692274013566,3.017896302155804,3.3441691784757683,#000000,0.0,0.0,0.24524690358675733,1.9832648991129633,-0.9919183302834531,0.0,0.0,0.0,0.0,0.0,0.0,0.0,0.0,47.89887423147208,-5.735136579158294,True,False,False,False,True,0.0,1,0.9248223022246838,1.0497738391950522,False,False,False,False,-0.22358813578323875,-0.2347886878237581,False,False,False,False,-3572305,-3284765.500025749,False,False,False,False,102464.78661713838,False,False,False,False
2025-01-30 00:00:00+00:00,1.75,1.93,1.73,1.77,53576,,,,2.1155767101499574,1.9836917295902419,2.1725984293007907,2.372667810772043,2.618792580112751,2.6726910555563412,2.8770198467563697,,,,,2.0965864187500625,2.006637243230013,1.9878854027723953,2.1876073552982227,2.190796613985707,2.2916408205692504,,,2.1305505575404364,2.366199324490786,2.6090670191680614,3.0165807437037184,3.3426146484560477,#000000,0.0,0.0,0.24665648237066232,1.9827815507979447,-0.943747954891098,0.0,0.0,0.0,0.0,0.0,0.0,0.0,0.0,47.9096763071837,-5.735136579158294,True,False,False,False,True,0.0,1,0.9339002985614766,1.0044693748303628,False,False,False,False,-0.13014158913276389,-0.182465138478261,False,False,False,False,-3518729,-3293940.539240426,False,False,False,False,100547.57929881923,False,False,False,False
2025-01-31 00:00:00+00:00,1.7543,1.81,1.7101,1.74,40829,,,,2.1139964531700057,1.9834069982306395,2.172137400725189,2.3720451343918296,2.6179804222215224,2.671842744759397,2.8760592239804956,,,,,2.0953266807505613,2.0061212678263107,1.9875981866575374,2.1871332996190946,2.1903197863319157,2.2910830373462976,,,2.1301288295525236,2.3655818308666836,2.608262178717873,3.0155428203032564,3.341397357092516,#000000,0.0,0.0,0.24762115270800653,1.9821039832794523,-0.9199698038239789,0.0,0.0,0.0,0.0,0.0,0.0,0.0,0.0,48.099714977184675,-5.518532297654353,True,False,False,False,True,0.0,1,0.9405092931362508,1.0283001609834626,False,False,False,False,-0.22358813578323875,-0.20302663713074987,False,False,False,False,-3477900,-3301154.635740801,False,False,False,False,98205.67422827729,False,False,False,False
2025-02-03 00:00:00+00:00,1.89,2.04,1.72,1.72,844647,,,,2.094667975229357,1.9808601283526952,2.165641054841241,2.3620113192718932,2.603913533413349,2.6569969803342843,2.8587348806786004,,,,,2.0801703191198424,2.0010642688123954,1.9849697045627992,2.180350934871692,2.183476782775391,2.2824506289664694,,,2.124479593820492,2.3556591293105154,2.5943498362227984,2.9965488401409166,3.3185864571189376,"rgba(38, 166, 154, 1.0)",0.0,0.0,0.24727271363432227,1.981367542823331,-0.3695011126801863,0.0,0.0,0.0,0.0,0.0,0.0,0.0,0.0,52.82492012700965,-0.9201933988558721,True,False,True,False,True,0.0,1,0.9527463722959139,0.9794712009258436,False,False,False,False,-0.06479646675995068,-0.13391155194535026,False,False,False,False,-2633253,-3274962.4147313577,False,False,False,False,127477.88308207033,False,False,False,False
2025-02-04 00:00:00+00:00,2.14,2.28,1.96,2.01,1350289,,,,2.0984480984314797,1.9865604056293333,2.1642881921448853,2.354532317810572,2.589738656679414,2.641501151912706,2.8388656848968528,,,,,2.0849394932459466,2.008823070441906,1.9904590427678988,2.1785009753859206,2.1815220026272857,2.2773507804376694,,,2.124556801183674,2.34836663395878,2.5804283940432615,2.97382889591833,3.289503661469484,"rgba(38, 166, 154, 1.0)",0.0,0.0,0.2478401394607043,2.013217248531273,0.5115505169768069,0.0,0.0,0.0,0.0,0.0,0.0,0.0,0.0,60.39842167167887,6.038112385152118,True,False,True,False,True,5.906198488372674,0,0.978308664416169,0.941954470700251,False,True,False,False,0.2510253241561742,0.05855688610541196,False,False,False,False,-1282964,-3196844.829839932,False,False,False,False,175431.26021610678,False,False,False,False
2025-02-05 00:00:00+00:00,2.05,2.19,1.99,2.19,242989,,,,2.0979946954840965,1.9871898961102163,2.163744264988987,2.352952316324935,2.58701093952766,2.638546734481141,2.83516108753307,,,,,2.084789561006315,2.009568942591479,1.9910558689644688,2.1778733733310625,2.1808767321496165,2.2761754595445685,,,2.1242544920869944,2.3468184495292572,2.5777443020905624,2.969631873861117,3.2842015519869276,"rgba(38, 166, 154, 1.0)",0.0,0.0,0.2480096241012035,2.0147154267918816,0.14227098378133848,0.0,0.0,0.0,0.0,0.0,0.0,0.0,0.0,62.36853770446811,7.537952506042146,True,False,True,False,True,3.598509281669525,0,0.9703709963660948,0.9433279810698892,False,False,False,False,0.21009634738653446,0.1343266167459732,False,False,False,False,-1525953,-3131319.660042288,False,False,False,False,178080.58334488692,False,False,False,False
2025-02-06 00:00:00+00:00,2.12,2.1558,1.95,2.04,234676,,,,2.0975467786875144,1.9877801750146105,2.1632169751983796,2.35143568628802,2.584396781256523,2.63571554639729,2.8316107136942477,,,,,2.084625745029818,2.0102591838946657,1.991615185809711,2.1772662586497353,2.180252760153283,2.2750454686876673,,,2.1239576430084885,2.3453322251714286,2.5751718816535294,2.9656092495058757,3.2791187703181603,"rgba(38, 166, 154, 1.0)",0.0,0.0,0.2485953786687695,2.0160667206552767,0.4180821055535588,0.0,0.0,0.0,0.0,0.0,0.0,0.0,0.0,64.745462267663,9.524402450108177,True,False,True,False,True,5.179067946951882,0,0.9643678731608825,0.9534779802393127,False,False,False,False,0.1604087730482674,0.14736769489712032,False,False,False,False,-1291277,-3059161.124354355,False,False,False,False,180300.011449009,False,False,False,False
2025-02-07 00:00:00+00:00,2.15,2.28,2.11,2.15,263865,,,,2.099334245100742,1.9892178040451385,2.163328686973715,2.350389324891209,2.5820873110425278,2.6331545803383336,2.8282054822182188,,,,,2.086435466163094,2.0122409377821273,1.9930116116193444,2.1772843256391172,2.1802510921151574,2.274448182187,,2.1799999999999997,2.1243368951844253,2.3443210230851217,2.572910199206383,2.961656279540396,3.2739473708735356,"rgba(38, 166, 154, 1.0)",0.0,0.0,0.24939521576570034,2.030724110604102,0.47826053531016455,-1.0,2.28,2.11,947.0,0.0,0.0,0.0,0.0,66.76457236535552,11.24911988241891,True,False,True,False,True,5.848493255533043,0,0.9877606748695609,0.9341221982022982,False,True,False,False,0.34282811198127144,0.24509790343919588,False,False,False,False,-1027412,-2979484.6881051646,False,True,False,False,183577.0698235577,False,False,False,False
2025-02-10 00:00:00+00:00,2.09,2.2498,2.09,2.2,130718,,,,2.0998010439485673,1.9897864665845146,2.163262750264584,2.34976494268826,2.580849317507187,2.6317945364297546,2.826436836185111,,,,,2.0869647121552704,2.0129944129884594,1.9935613585108545,2.177173314431034,2.1801305739987815,2.2740410573527727,,2.1678309307125074,2.124400144690962,2.3437136806255148,2.5716954744998097,2.9596213497867425,3.271318035745869,"rgba(38, 166, 154, 1.0)",0.0,0.0,0.24974425684487803,2.031572484941022,0.23394938405037433,0.0,0.0,0.0,0.0,0.0,0.0,0.0,0.0,66.082393923998,11.24911988241891,True,False,True,False,True,4.296904443866996,0,0.9846342367907644,0.9475822705212751,False,False,False,False,0.30747929812620245,0.2762886007826992,False,False,False,False,-1158130,-2908059.014061825,False,False,False,False,181504.16512459467,False,False,False,False
2025-02-11 00:00:00+00:00,1.96,2.06,1.92,2.0,168259,,,,2.0981846448611283,1.9897401852100687,2.1624907165121687,2.348335688040618,2.5786752873389602,2.629473614000178,2.8236327877879477,,,,1.98,2.085697704576676,2.012751979370605,1.9934977904037459,2.1763485441561485,2.1792946400048407,2.272871088335951,,2.111679746950891,2.123781760361136,2.3423049197023955,2.569549951851604,2.9564959708716545,3.2674642811039276,"rgba(38, 166, 154, 0.75)",0.0,0.0,0.2495898934413841,2.027943130297749,-0.2722190765056178,0.0,0.0,0.0,0.0,0.0,0.0,0.0,0.0,61.960205875190525,11.24911988241891,True,False,True,False,False,1.069301068789681,0,0.9542208886250219,0.9863127998587956,False,False,False,False,0.06992134136356624,0.17310497107313272,False,False,False,False,-1326389,-2846032.739000577,False,False,False,False,180984.7468844145,False,False,False,False
2025-02-12 00:00:00+00:00,1.84,1.98,1.83,1.98,350844,,,,2.0923055259556014,1.9887011646955428,2.1600599193353682,2.344617866638824,2.573468499258867,2.623974490136659,2.817182140902707,,,,1.9146662993664072,2.0808200359247624,2.0107990719589703,1.992431466483211,2.1738149371716875,2.1767392151671467,2.269665827527429,,2.0239975791829288,2.121653681477513,2.3386278166772634,2.564400505316192,2.9494040123732557,3.25890436289321,"rgba(38, 166, 154, 0.75)",0.0,0.0,0.24988498043824486,2.019025945494728,-0.7164333974004943,0.0,0.0,0.0,0.0,0.0,0.0,0.0,0.0,56.5762972700705,12.929550679282144,True,False,True,False,False,0.0,0,0.9362635236452171,1.0088195933635384,False,False,False,False,-0.03809539729074678,0.06750478689119296,False,False,False,False,-1677233,-2800197.4551182017,False,False,False,False,187645.89406541784,False,False,False,False
2025-02-13 00:00:00+00:00,1.86,1.9195,1.81,1.84,117496,,,,2.0902247741670386,1.9882919899992468,2.1591966539261356,2.34333218521644,2.5716917108916,2.62210128040841,2.81499536184404,,,,1.9051610993210273,2.0790771816975977,2.010056760205363,1.9920137982587893,2.1729179809067394,2.1758351052178915,2.268548739535279,,2.005672017936698,2.1208897960832913,2.3373555434505886,2.5626426579505015,2.94700532137526,3.25601962251053,#000000,0.0,0.0,0.2501335081853099,2.0165108955011375,-0.6257094326809955,0.0,0.0,0.0,0.0,0.0,0.0,0.0,0.0,53.46172004114773,10.22259648166009,True,False,False,False,False,0.0,0,0.9379708931676218,1.0008371434091057,False,False,False,False,-0.08940092859520969,-0.010948070852008364,False,False,False,False,-1559737,-2751551.947074351,False,False,False,False,184894.91782755835,False,False,False,False
2025-02-14 00:00:00+00:00,1.81,1.905,1.8,1.85,196401,,,,2.086458491225687,1.9874793876755839,2.157644699363445,2.341088004520451,2.568638073258253,2.618888834406048,2.811267553476792,,,,1.88940474869948,2.075897401962973,2.0086254956558305,1.9911882335172035,2.171310899358294,2.1742163103478416,2.2665815603676522,,1.9788995023554417,2.119500882314988,2.3351334228279415,2.5596202924007265,2.9429280169674965,3.2511386556255903,#000000,0.0,0.0,0.25062314127813007,2.012219686196722,-0.8068675748194692,0.0,0.0,0.0,0.0,0.0,0.0,0.0,0.0,50.32423855747628,7.441841214461419,True,False,False,False,False,0.0,0,0.9545454545454545,0.996708072519703,False,False,False,False,-0.10509682328741363,-0.05802244706971099,False,False,False,False,-1756138,-2712516.1060126116,False,False,False,False,185346.13673628157,False,False,False,False
2025-02-18 00:00:00+00:00,1.74,1.8599,1.72,1.8,186141,,,,2.0820827571461122,1.9863850337147202,2.1558908517438105,2.3387066356035473,2.5655116998954366,2.615616767827131,2.807526247917447,,,,1.8681987977783907,2.0721562739919532,2.0067811574890912,1.9900845131102722,2.169507247685004,2.1724020564042745,2.2644530627785477,,1.9518288032883364,2.1178955017906347,2.3327722669126727,2.5565228260435524,2.9388654076547884,3.2463320745360895,"rgba(239, 83, 80, 0.5)",0.0,0.0,0.24734502769997505,2.0072247644678383,-1.0803724940530317,0.0,0.0,0.0,0.0,0.0,0.0,0.0,0.0,46.85192513108162,4.3089025945672645,False,False,False,True,False,0.0,0,0.9370385086586536,1.0357769610277805,False,False,False,False,-0.18622525603543252,-0.12212385155257176,False,False,False,False,-1942279,-2682310.729306235,False,False,False,False,185377.3078446627,False,False,False,False
2025-02-19 00:00:00+00:00,1.89,1.91,1.75,1.75,100114,,,,2.0803516227860475,1.986011260841432,2.155141948609875,2.337606711009675,2.5640021712028687,2.6140266687651166,2.8056735622392854,,,,1.8665709699457826,2.070688799931485,2.0061230582442136,1.989703897507289,2.168730403414108,2.1716192773546075,2.263493441922087,,1.945094602658937,2.117229023181973,2.331683508201244,2.5550291138138133,2.9368350446028932,3.243893748967331,#000000,0.0,0.0,0.23328115393652268,2.005635497191334,-0.495691551760754,0.0,0.0,0.0,0.0,0.0,0.0,0.0,0.0,48.171266577213075,4.3089025945672645,False,False,False,False,False,0.0,0,0.9252018205375236,1.03317165542673,False,False,False,False,-0.13406676959055253,-0.12809531057156215,False,False,False,False,-1842165,-2649363.8379608924,False,False,False,False,182033.64871349945,False,False,False,False
2025-02-20 00:00:00+00:00,1.83,1.9,1.79,1.9,66662,,,,2.0791637585778076,1.985745299113957,2.154629038230687,2.3368620920911183,2.562986534546634,2.612957731995322,2.8044310354540594,,,,1.8650773797547948,2.0696785801444624,2.005660039245476,1.9894335464378576,2.1681990614541125,2.1710840193941645,2.262841535151707,,1.9406619443846884,2.116770539187995,2.330946271714414,2.554023949540768,2.9354748988269352,3.2422632667681417,"rgba(239, 83, 80, 0.5)",0.0,0.0,0.2230187133665815,2.0045447739446938,-0.7826463138893194,0.0,0.0,0.0,0.0,0.0,0.0,0.0,0.0,47.79873793534537,4.3089025945672645,False,False,False,True,False,0.0,0,0.941521151213649,1.0166438516243197,False,False,False,False,-0.11473159101700854,-0.12141345079428534,False,False,False,False,-1908827,-2620323.177648701,False,False,False,False,177509.27033257793,False,False,False,False
2025-02-21 00:00:00+00:00,1.76,1.82,1.72,1.82,98231,,,,2.0769044029937196,1.9851588384315968,2.153700809991617,2.3356075500891853,2.5613438300074227,2.611239019720181,2.80246712472536,,,,1.857549444690176,2.0677357903859375,2.0046824758662303,1.9888423093683596,2.1672449658718067,2.170124416268091,2.261718586812058,,1.9304806049529872,2.115919409898471,2.3297022520381345,2.5523963157936107,2.933343009003529,3.2397422422109434,"rgba(239, 83, 80, 0.5)",0.0,0.0,0.2166385369708601,2.002207617368989,-1.11802646359991,0.0,0.0,0.0,0.0,0.0,0.0,0.0,0.0,46.191272509990036,3.57008474414431,False,False,False,True,False,0.0,0,0.9264966111315147,1.0249908183366165,False,False,False,False,-0.2125679080743003,-0.1669906794342928,False,False,False,False,-2007058,-2596273.562838948,False,False,False,False,174400.3185548298,False,False,False,False
2025-02-24 00:00:00+00:00,1.74,1.796,1.73,1.76,54759,,,,2.075613553323564,1.9848163890017756,2.1531701979055393,2.3348967141817725,2.5604180230995404,2.6102711322117322,2.801363620018561,,,,1.853368981041999,2.066623193042827,2.0041152124797814,1.988497340830235,2.1667000776519356,2.1695764874340133,2.2610805210611233,,1.9249478995744613,2.115431402554767,2.3289972386500786,2.551478861916074,2.932146444992303,3.2383298461316077,"rgba(239, 83, 80, 0.5)",0.0,0.0,0.21329993480393117,2.000882913175973,-1.2230801355648833,0.0,0.0,0.0,0.0,0.0,0.0,0.0,0.0,44.73983606556585,1.9423583828409008,False,False,False,True,False,0.0,0,0.9232382121305105,1.0466571204527635,False,False,False,False,-0.221878443862519,-0.1944345616484059,False,False,False,False,-2061817,-2575314.4819433033,False,False,False,False,169708.5021409149,False,False,False,False
2025-02-25 00:00:00+00:00,1.67,1.79,1.65,1.74,101605,,,,2.0728611919469713,1.9840403009656744,2.1520611868823716,2.333464438646698,2.558595225648296,2.608372128817615,2.7992207416352217,,,,1.8427863743122814,2.064238261259573,2.0028508874769178,1.9877177955527754,2.1655655289959737,2.1684364907103313,2.259779551454666,,1.9126776094788913,2.114399144374126,2.3275755021663658,2.5496712924681777,2.9298348340873774,3.235624618253311,"rgba(239, 83, 80, 1.0)",0.0,0.0,0.21131817227846056,1.9979496544331634,-1.5519235799608089,0.0,0.0,0.0,0.0,0.0,0.0,0.0,0.0,42.480609178948924,-0.4510932143150441,False,True,False,True,False,0.0,0,0.9206499181697009,1.0183907270242456,False,False,False,False,-0.2799778999814422,-0.23720623081492404,False,False,False,False,-2163422,-2559161.8355925856,False,False,False,False,167037.77656676137,False,False,False,False
2025-02-26 00:00:00+00:00,1.72,1.76,1.67,1.67,64897,,,,2.071187073150859,1.9835702740629293,2.1513766608241554,2.332572297954833,2.557453110433459,2.607181164434888,2.797873016484604,,,,1.8373494527400858,2.062786954285083,2.0020845892161425,1.9872453521823954,2.1648645941527374,2.1677320569177243,2.2589716044761663,,1.905982569628363,2.1137638221164106,2.3266901132610593,2.548538916111303,2.928378912666567,3.2339167154075494,"rgba(239, 83, 80, 1.0)",0.0,0.0,0.202865825777637,1.996230954385633,-1.361643605209347,0.0,0.0,0.0,0.0,0.0,0.0,0.0,0.0,42.37721777985702,-0.8354218682107231,False,True,False,True,False,0.0,0,0.9260857157246217,1.0184156188621598,False,False,False,False,-0.28684760906618173,-0.2620269199405529,False,False,False,False,-2098525,-2541097.645961504,False,False,False,False,163032.25591708446,False,False,False,False
2025-02-27 00:00:00+00:00,1.68,1.765,1.68,1.76,53250,,,,2.069793101348126,1.983173831882953,2.150805855095573,2.331832315721898,2.5565090158985644,2.6061971922356757,2.7967611660664446,,,,1.832941748195083,2.061576679495065,2.0014406071954824,1.9868470248760994,2.164280425046888,2.167145037534507,2.258300292577468,,1.90059418363589,2.113233126426198,2.3259556406019426,2.5476027783084816,2.927178693579585,3.232510512937553,"rgba(239, 83, 80, 1.0)",0.0,0.0,0.18883289487629432,1.9948080481510388,-1.6671250438503935,0.0,0.0,0.0,0.0,0.0,0.0,0.0,0.0,41.51645113369404,-2.0080910639164102,False,True,False,True,False,0.0,0,0.9314097527541416,1.0141593807987428,False,False,False,False,-0.27655271735417036,-0.2692898186473616,False,False,False,False,-2151775,-2525830.091217916,False,False,False,False,158727.06941053213,False,False,False,False
2025-02-28 00:00:00+00:00,1.7,1.76,1.65,1.68,164099,,,,2.065505408475686,1.9819371825476946,2.1490362598980925,2.3295447282614488,2.5535957118453316,2.6031616057528413,2.7933333607950663,,,,1.8205960726733914,2.057846384987137,1.9994401524012915,1.985604726153266,2.162469934333683,2.165325823090105,2.256223071104514,,1.8853059951609117,2.1115863113297384,2.3236849354913724,2.5447138749973433,2.923479707223698,3.228179154116712,"rgba(239, 83, 80, 1.0)",0.0,0.0,0.17837021079000734,1.9905176687937112,-1.6287342348646627,0.0,0.0,0.0,0.0,0.0,0.0,0.0,0.0,41.545684712573525,-2.3728941740457827,False,True,False,True,False,0.0,0,0.9352940201263283,1.0065816740993718,False,False,False,False,-0.30066721219423853,-0.2849785154208001,False,False,False,False,-1987676,-2504726.0092093702,False,False,False,False,158937.73335521715,False,False,False,False
2025-03-03 00:00:00+00:00,1.7,1.73,1.69,1.69,128749,,,,2.0622412889430324,1.980986073167117,2.1476679472540514,2.327771046703822,2.551332785863387,2.6008029639206005,2.7906671564840635,,,,1.8126737169415688,2.0550006219817076,1.9979067882611883,1.9846490577703406,2.161069623975112,2.163918688120927,2.2546139365044575,,1.8750661406117595,2.1103139598040275,2.3219244554281246,2.5424700241970117,2.92060105415369,3.2248053820298086,"rgba(239, 83, 80, 1.0)",0.0,0.0,0.16970650082302705,1.9873632954940266,-1.6932957435360367,0.0,0.0,0.0,0.0,0.0,0.0,0.0,0.0,41.56517376515985,-2.7943459875939993,False,True,False,True,False,0.0,0,0.9645476154351894,1.0050068274920345,False,False,False,False,-0.2937437754935638,-0.28936114545718195,False,False,False,False,-1987676,-2484449.538259983,False,False,False,False,157753.86145893415,False,False,False,False
2025-03-04 00:00:00+00:00,1.64,1.72,1.6,1.7,198566,,,,2.05658407084369,1.979249322564597,2.145320935556065,2.3248220630444254,2.5476474723349436,2.596973995153245,2.7863796404973695,,,,1.7972403237835919,2.0500426651352206,1.9951458131176576,1.982907596758814,2.1586752432526066,2.1615141868603738,2.2519108402196215,,1.8570560006943038,2.108110031336195,2.3189952634845934,2.538813525979559,2.915994107494396,3.2194495711290343,"rgba(239, 83, 80, 1.0)",0.0,0.0,0.16387527070770655,1.9657555393982338,-1.987826094757533,0.0,0.0,0.0,0.0,0.0,0.0,0.0,0.0,40.21415351923154,-4.495670154711874,False,True,False,True,False,0.0,0,0.958130997079683,0.9882686691697958,False,False,False,False,-0.34282825441539394,-0.3160946999362879,False,False,False,False,-2186242,-2472755.124994886,False,False,False,False,159354.3374801524,False,False,False,False
2025-03-05 00:00:00+00:00,1.795,1.8,1.66,1.66,85175,,,,2.054785211837677,1.9787330444192113,2.144520856545535,2.3237490713400675,2.5462487085809333,2.595511190891206,2.784709152975899,,,,1.795422391512992,2.0484711664804176,1.994311825571733,1.9823874024571386,2.1578535907263268,2.1606879400294123,2.250948038318382,,1.8535077255226404,2.107374163232139,2.317931086762138,2.5374274264196903,2.9141813049747327,3.217306911382478,"rgba(239, 83, 80, 0.75)",0.0,0.0,0.16222715813331207,1.9657352369599121,-1.0524454655095945,0.0,0.0,0.0,0.0,0.0,0.0,0.0,0.0,43.86347680644225,-4.495670154711874,False,True,False,True,True,0.0,0,0.9815010482180293,0.976469601677149,False,False,False,False,-0.24864537818381918,-0.28237003906005353,False,False,False,False,-2101067,-2458179.120093126,False,False,False,False,156445.34385347978,False,False,False,False
2025-03-06 00:00:00+00:00,1.79,1.876,1.76,1.79,74718,,,,2.0535180544002203,1.9783952808995366,2.143923122273828,2.322904568415606,2.5451134462225156,2.5943185359076244,2.783328798809159,,,,1.795870174759853,2.0473683109252314,1.9937556761088735,1.982045258046656,2.1572363035083897,2.1600664958318774,2.250202561724669,,1.8522213476370255,2.1068341767855343,2.3170944797962796,2.536303426226165,2.9126734478224074,3.215505351162387,"rgba(239, 83, 80, 0.5)",0.0,0.0,0.1610117505307723,1.9661412486675514,-1.0939651800996195,0.0,0.0,0.0,0.0,0.0,0.0,0.0,0.0,46.1651867016955,-9.026339972586001,False,False,False,True,True,0.0,0,0.9982829040593482,0.9456030674335252,False,False,False,False,-0.13591492314295148,-0.20914248110150252,False,False,False,False,-2175785,-2447104.8408737876,False,False,False,False,153240.34997687273,False,False,False,False
2025-03-07 00:00:00+00:00,1.755,1.82,1.71,1.76,69220,,,,2.05213261408958,1.977997248381195,2.1432939014259382,2.322053393845218,2.543997911902317,2.593150956827309,2.7819919975892784,,,,1.794831397393631,2.046156223370769,1.9931133357869761,1.9816438908609133,2.156589536360009,2.159415993231108,2.2494409027246585,,1.8498770183337954,2.106257083144673,2.3162504618654607,2.53519816288879,2.911220896376363,3.2137848419219894,"rgba(239, 83, 80, 0.5)",0.0,0.0,0.1602720632531888,1.965456580664266,-1.3131208046644955,0.0,0.0,0.0,0.0,0.0,0.0,0.0,0.0,46.753441803364055,-8.334185963866972,False,False,False,True,True,0.0,1,0.99150359591905,0.9614818531527013,False,False,False,False,-0.2032193868343009,-0.20618093396790171,False,False,False,False,-2245005,-2439179.356917953,False,False,False,False,149945.43429150517,False,False,False,False
2025-03-10 00:00:00+00:00,1.7,1.76,1.68,1.7,46554,,,,2.051054388581589,1.9776707460079392,2.1428184328893387,2.321433136497071,2.543203201605821,2.592322000736568,2.7810523998957484,,,,1.7932000624747393,2.045209283416454,1.992593525284949,1.9813156414229653,2.15610264964136,2.158926672077564,2.2488793554750517,,1.8475402904115918,2.105815754622044,2.315634911691519,2.534410252342719,2.9102050532332018,3.2125915611654463,"rgba(239, 83, 80, 0.5)",0.0,0.0,0.1609457102467213,1.9645038563971755,-1.6434352676545716,0.0,0.0,0.0,0.0,0.0,0.0,0.0,0.0,45.73754890979673,-8.334185963866972,False,False,False,True,True,0.0,1,0.9847954201043947,0.9713251389122749,False,False,False,False,-0.2618031685346559,-0.2339920512512788,False,False,False,False,-2291559,-2433390.323313328,False,False,False,False,145890.8682408579,False,False,False,False
2025-03-11 00:00:00+00:00,1.71,1.73,1.6701,1.69,102346,,,,2.0486386919929633,1.9769288184673364,2.141752662379475,2.3200516979117887,2.5414404979714433,2.5904844724315534,2.7789733242840367,,,,1.7894135043679125,2.0430843696791703,1.9914169747234811,1.9805700881393002,2.155012001894335,2.1578307187563395,2.247626057989246,,1.8423127579960668,2.1048244492280426,2.314263752872027,2.5326624197627314,2.9079592863820745,3.2099574757257696,"rgba(239, 83, 80, 0.5)",0.0,0.0,0.1614237650319552,1.9622854179083173,-1.5628765557436683,0.0,0.0,0.0,0.0,0.0,0.0,0.0,0.0,45.38531484959994,-8.334185963866972,False,False,False,True,True,0.0,1,0.9763531177790147,0.9746495977331378,False,False,False,False,-0.28832512732360627,-0.2611585892874425,False,False,False,False,-2189213,-2423814.742006923,False,False,False,False,144183.22634905958,False,False,False,False
2025-03-12 00:00:00+00:00,1.71,1.7572,1.71,1.72,36425,,,,2.0478421945413134,1.9766872435275975,2.141393889186707,2.3195793098608988,2.5408316298888067,2.5898487690127086,2.7782506608316773,,,,1.7884723236509532,2.042383844129548,1.9910328810347397,1.9803270413077165,2.154644266614709,2.1574610735240416,2.2471996706736816,,1.8408275303178794,2.104492410869173,2.313795049994352,2.5320588671585895,2.907176835298694,3.209036105036283,"rgba(239, 83, 80, 0.5)",0.0,0.0,0.16073048962617614,1.9616551750225573,-1.5656965620390508,0.0,0.0,0.0,0.0,0.0,0.0,0.0,0.0,45.15049214280209,-8.334185963866972,False,False,False,True,True,0.0,1,0.9780199389349032,0.971407364922994,False,False,False,False,-0.24392937213352894,-0.2525439807104857,False,False,False,False,-2189213,-2414614.6736929263,False,False,False,False,139957.41355105722,False,False,False,False
2025-03-13 00:00:00+00:00,1.75,1.77,1.71,1.7596,57483,,,,2.046661434493445,1.9763336238871028,2.140852879763561,2.3188573997782385,2.539893317862843,2.5888678467099453,2.777131263482191,,,,1.7874434851285668,2.041345698671347,1.9904690516066557,1.9799708761677532,2.154088977201864,2.156902742522095,2.246550858997467,,1.8389060110419395,2.103993890203811,2.3130789896999575,2.531128973692566,2.9059625023275033,3.207601621979211,"rgba(239, 83, 80, 0.5)",0.0,0.0,0.16012172235879188,1.9608265635924582,-1.3166643506372593,0.0,0.0,0.0,0.0,0.0,0.0,0.0,0.0,46.42025568388188,-7.897479376128544,False,False,False,True,True,0.0,1,0.9864084900390987,0.966097391716457,False,False,False,False,-0.23557141837779177,-0.24405769954413875,False,False,False,False,-2131730,-2403521.157077518,False,False,False,False,136723.1228235648,False,False,False,False
2025-03-14 00:00:00+00:00,1.8502,1.8651,1.76,1.78,76079,,,,2.045530185642328,1.9760309152092739,2.140285925702257,2.3180400749382972,2.538781976145155,2.5876982909693655,2.7757703393033406,,,,1.788546175466715,2.0403567000010794,1.989972349818597,1.9796634458064988,2.153502190106766,2.156311741115852,2.2458338309945125,,1.8385550360170588,2.1034853136660123,2.312269654021229,2.530029010762328,2.904471975803076,3.2058131656090367,#000000,0.0,0.0,0.15848041305630614,1.9606580553070265,-0.6969823789377813,0.0,0.0,0.0,0.0,0.0,0.0,0.0,0.0,50.255873859932585,-4.1274256073161695,True,False,False,False,True,0.0,1,1.0067826146381467,0.9495318799972665,False,False,False,False,-0.14276970144753426,-0.1934137004958365,False,False,False,False,-2055651,-2389879.1901333015,False,False,False,False,134344.92192852305,False,False,False,False
2025-03-17 00:00:00+00:00,1.975,1.985,1.859,1.86,159889,,,,2.0444062828460985,1.9758785864681805,2.1395317175891213,2.3167283364606654,2.5368307186675296,2.5856194841099285,2.7732659959769794,,,,1.7973071751532477,2.039398107309966,1.9896567915964594,1.9794972776662108,2.1527036293586272,2.1555037837118016,2.2447430149836625,,1.8436831586966511,2.102859891547622,2.3109754089252377,2.528102336449681,2.9016838915255123,3.2023801852301887,"rgba(38, 166, 154, 1.0)",0.0,0.0,0.15780346959490818,1.962543880298816,0.07893438422589676,0.0,0.0,0.0,0.0,0.0,0.0,0.0,0.0,55.5337842146898,0.7868863647193436,True,False,True,False,True,2.8788751036513887,0,1.006457846028679,0.9298111800400014,False,False,False,False,-0.006785211269374681,-0.10009945588260559,False,False,False,False,-1895762,-2370502.0454221917,False,False,False,False,135346.65048034568,False,False,False,False
2025-03-18 00:00:00+00:00,1.902,1.99,1.88,1.99,84909,,,,2.043731249727225,1.9757634360624818,2.139102281307229,2.31600663894049,2.53577261228669,2.5844943037128414,2.7719172742342897,,,,1.801091153063224,2.0388176218900815,1.9894388034198385,1.9793751054518327,2.1522509654508535,2.1550461967837222,2.244137305578583,,1.8457896357858161,2.102498000036682,2.3102629032371755,2.527057175228601,2.9001858155291793,3.2005421338117532,"rgba(38, 166, 154, 1.0)",0.0,0.0,0.15569041870214945,1.9608201019862672,-0.3778016815459643,0.0,0.0,0.0,0.0,0.0,0.0,0.0,0.0,56.60757468309591,1.650553690811833,True,False,True,False,True,1.0319047375915034,0,1.0035317178681264,0.9362769948291594,False,False,False,False,0.009252537062762502,-0.04542345940992154,False,False,False,False,-1980671,-2355214.553444851,False,False,False,False,133368.70340268506,False,False,False,False
2025-03-19 00:00:00+00:00,1.9301,1.9301,1.89,1.8993,47182,,,,2.043336843015108,1.9756907186907728,2.1388563557078717,2.3155993406183097,2.535179259262903,2.583863858568985,2.7711632632089485,,,,1.8029790870732596,2.0384773212437444,1.9893049151616249,1.9792985710865219,2.1519922207460733,2.1547847346034557,2.2437940969668824,,1.8468087032068903,2.102289376570846,2.309860685841427,2.5264709852273706,2.8993491694793607,3.1995172520778614,"rgba(38, 166, 154, 1.0)",0.0,0.0,0.1511974086125359,1.9609197817809592,-0.2038380291287872,0.0,0.0,0.0,0.0,0.0,0.0,0.0,0.0,57.94047902471749,2.864158849366156,True,False,True,False,True,1.7145816459376277,0,0.9967544053424866,0.9513670580638584,False,False,False,False,-0.021530486749597396,-0.03347697307975947,False,False,False,False,-1933489,-2338676.296447014,False,False,False,False,129988.83268101113,False,False,False,False
2025-03-20 00:00:00+00:00,1.88,1.95,1.83,1.95,70081,,,,2.0426174615595283,1.9755281256258477,2.138442767598138,2.3149504105762815,2.5342572836261903,2.582887527189408,2.7700064322968156,,,,1.8049603856447043,2.0378513782007794,1.9890249382023295,1.9791307720103009,2.1515599628295727,2.154348515921437,2.2432389017708614,,1.8476413474917062,2.101930293739505,2.3092191984406467,2.5255595410831995,2.8980711507959684,3.1979623681087097,"rgba(38, 166, 154, 1.0)",0.0,0.0,0.1481047175553067,1.9603495687841064,-0.5425186321570181,0.0,0.0,0.0,0.0,0.0,0.0,0.0,0.0,57.19471134713268,2.864158849366156,True,False,True,False,True,0.44773996773822233,0,0.981555055875839,0.9561953710121895,False,False,False,False,-0.04629478004339106,-0.039885876561575266,False,False,False,False,-2003570,-2325534.873056935,False,False,False,False,127639.50590920677,False,False,False,False
2025-03-21 00:00:00+00:00,1.85,1.89,1.8113,1.89,69461,,,,2.041746780405966,1.9753020836128212,2.1379753739455607,2.314254905290643,2.5332950632563245,2.581872306506782,2.7688159084605197,,,,1.8060029660620207,2.037088573270465,1.9886512424852465,1.9789001182340664,2.1510745032562024,2.1538592200503874,2.242634574495886,,1.8476979841877381,2.10151585783933,2.3085309466027413,2.524607631224933,2.8967623519367844,3.1963823864470835,"rgba(38, 166, 154, 1.0)",0.0,0.0,0.14478713226127354,1.9592914637434222,-0.7548423816158041,0.0,0.0,0.0,0.0,0.0,0.0,0.0,0.0,55.75815174647559,2.864158849366156,True,False,True,False,True,0.0,0,0.9805115298279028,0.9678423236514525,False,False,False,False,-0.09509123439513946,-0.06748855547835736,False,False,False,False,-2073031,-2315632.760388036,False,False,False,False,125357.9958735516,False,False,False,False
2025-03-24 00:00:00+00:00,1.84,1.9,1.835,1.85,35340,,,,2.0413249883221107,1.9751946485061607,2.1377446749835074,2.3139078619634628,2.532812200066058,2.5813624343716532,2.768216582595651,,,,1.806606357383327,2.0367191808344733,1.9884727107463116,1.9787902813927856,2.150834588392864,2.1536173486016033,2.2423340000521286,,1.8478066274261329,2.1013121449326055,2.3081875984565148,2.524130016180524,2.8961027405893693,3.195584662798701,"rgba(38, 166, 154, 0.75)",0.0,0.0,0.14385783952488604,1.958956844498836,-0.8269055401618026,0.0,0.0,0.0,0.0,0.0,0.0,0.0,0.0,54.47938731187053,2.864158849366156,True,False,True,False,False,0.0,0,0.9901012334588675,0.9673323428808349,False,False,False,False,-0.07415436285551633,-0.07082145916693684,False,False,False,False,-2108371,-2307504.8482159562,False,False,False,False,121827.87838831428,False,False,False,False
2025-03-25 00:00:00+00:00,1.815,1.86,1.81,1.8215,45445,,,,2.0406969777080173,1.975021391545444,2.1374167771983688,2.3134330254378623,2.532164709960141,2.5806806652983654,2.767421673634118,,,,1.8069238049048673,2.036166894295475,1.988191090023762,1.9786142282872967,2.150495067216543,2.1532753577243047,2.2419180278722424,,1.847554138640931,2.1010184022180147,2.3077174503167157,2.5234892099894335,2.8952312679845105,3.1945372556776483,"rgba(38, 166, 154, 0.75)",0.0,0.0,0.1371072880747715,1.9582303647599797,-1.0446590168268008,0.0,0.0,0.0,0.0,0.0,0.0,0.0,0.0,52.80139232890829,7.783986747617632,True,False,True,False,False,0.0,0,0.9923151988289827,0.9574634928379744,False,False,False,False,-0.11461140351773268,-0.09271643134233476,False,False,False,False,-2153816,-2301477.8345604287,False,False,False,False,118832.47139269412,False,False,False,False
2025-03-26 00:00:00+00:00,1.81,1.86,1.75,1.8093,81553,,,,2.039465182707246,1.9746657242291987,2.136788963271102,2.3125452801521122,2.5309700631643754,2.5794251467008857,2.765965707318657,,,,1.8069172350944296,2.0350805373511895,1.9876200231746366,1.978253923272678,2.1498467145190387,2.1526226384090674,2.24113464359465,,1.846624407391463,2.10045109178924,2.3068380269171915,2.5223064607948866,2.8936392473642956,3.1926319119191287,#000000,0.0,0.0,0.13130365526008736,1.956731727709247,-1.1174991847606954,0.0,0.0,0.0,0.0,0.0,0.0,0.0,0.0,51.5115799943223,6.4409685585984775,False,False,False,False,False,0.0,0,0.9915109765856035,0.949709494485614,False,False,False,False,-0.15228797793629367,-0.12250220463931422,False,False,False,False,-2235369,-2298885.3312443336,False,False,False,False,117370.53133807867,False,False,False,False
2025-03-27 00:00:00+00:00,1.775,1.87,1.77,1.82,25721,,,,2.039076610034656,1.9745527520777137,2.1365904539633456,2.3122650186665368,2.5305932340849546,2.579029160943851,2.765506628827841,,,,1.806901909268886,2.0347375569291484,1.9874390069547478,1.97813949895029,2.1496417468482876,2.152416297608212,2.2408872110919438,,1.8463280200330159,2.1002716086056545,2.3065603834846944,2.5219333758599953,2.8931373370723255,3.192031348944662,#000000,0.0,0.0,0.12829463616396322,1.9563038486260793,-1.4131833882312064,0.0,0.0,0.0,0.0,0.0,0.0,0.0,0.0,49.44409977646334,4.3719023887526305,False,False,False,False,False,0.0,0,1.0002083839822178,0.9429027888722955,False,False,False,False,-0.1334026222410722,-0.1279524134401932,False,False,False,False,-2261090,-2297403.1613916145,False,False,False,False,113776.43206991872,False,False,False,False
2025-03-28 00:00:00+00:00,1.7,1.8004,1.7,1.79,67072,,,,2.037761560940275,1.9741348741666638,2.135962491439396,2.311432786659181,2.5295157299630633,2.5779032072143986,2.7642225600412047,,,,1.8054024086737632,2.033570975427679,1.9867842383893057,1.977718842918594,2.1489977019469735,2.151768826231062,2.240137635234357,,1.844270612869609,2.099691459917184,2.3057347699853925,2.5208654254097773,2.8917447948347803,3.1903870775185017,"rgba(239, 83, 80, 1.0)",0.0,0.0,0.12350957424307249,1.9542941031670729,-2.05890194930646,0.0,0.0,0.0,0.0,0.0,0.0,0.0,0.0,45.821667353234865,0.9133545726831471,False,True,False,True,False,0.0,0,0.9863462304853324,0.9616204321383396,False,False,False,False,-0.22231692159952535,-0.1751346675198593,False,False,False,False,-2328162,-2298609.390356649,False,False,False,False,111944.88571423563,False,False,False,False
2025-03-31 00:00:00+00:00,1.61,1.72,1.52,1.7,219550,,,,2.0319126884785956,1.9721181348408638,2.133328020192298,2.308178103768328,2.525494439617099,2.5737315520700417,2.7595678498949687,,,,1.7935777315770796,2.0283528277256213,1.983686935806977,1.9756983083688267,2.1463147083869236,2.1490754553356832,2.237137360657728,,1.831453928196258,2.0972036161238767,2.3025006040776383,2.516874233725701,2.8867525144955337,3.184601217376726,"rgba(239, 83, 80, 1.0)",0.0,0.0,0.1220462863457393,1.944597945022143,-2.7415659668191434,0.0,0.0,0.0,0.0,0.0,0.0,0.0,0.0,41.2981866146732,-3.2607964387893134,False,True,False,True,False,0.0,0,0.9553864366649755,0.9770843903263996,False,False,False,False,-0.34282825441539394,-0.25898146096762664,False,False,False,False,-2547712,-2308378.1201465847,False,False,False,False,116164.69411759895,False,False,False,False
2025-04-01 00:00:00+00:00,1.635,1.68,1.57,1.61,36209,,,,2.0309903071769235,1.971798555863199,2.1329058521885003,2.3076532630825235,2.524843104380483,2.57305536749103,2.758811602133266,,,,1.79188775565118,2.0275287870296315,1.9831971696598907,1.9753780025847563,2.145884504600136,2.14864353377008,2.236654567804995,,1.8295848896893272,2.096805673253301,2.3019791514559835,2.5162278608131934,2.8859404505203967,3.1836581460430953,"rgba(239, 83, 80, 1.0)",0.0,0.0,0.1208635421895539,1.9433048859041342,-2.550850987145573,0.0,0.0,0.0,0.0,0.0,0.0,0.0,0.0,39.36002068911165,-4.945997808590377,False,True,False,True,False,0.0,0,0.9616942909760589,0.9851330989452535,False,False,False,False,-0.33640132543661144,-0.297691393202119,False,False,False,False,-2511503,-2316343.801709464,False,False,False,False,113029.17670122252,False,False,False,False
2025-04-02 00:00:00+00:00,1.6,1.61,1.575,1.61,49268,,,,2.0296386756319986,1.9713225632749807,2.132294685812387,2.3069054579225434,2.5239254832306592,2.57210445647564,2.7577539382479803,,,,1.7891855457928911,2.0263198176024297,1.9824705366443884,1.9749013543393505,2.1452626647735995,2.1480194096650083,2.23596295242026,,1.826684148299742,2.096226843636512,2.3012358835636966,2.515316917123533,2.884807950113329,3.1823493224908956,"rgba(239, 83, 80, 1.0)",0.0,0.0,0.11987176997113023,1.9413507106930297,-2.8476321887567027,0.0,0.0,0.0,0.0,0.0,0.0,0.0,0.0,37.2583154933575,-6.855057227150731,False,True,False,True,False,0.0,0,0.955765557454509,0.9976877450487586,False,False,False,False,-0.34282825441539394,-0.3202598238087565,False,False,False,False,-2560771,-2325929.182034583,False,False,False,False,110528.73839921379,False,False,False,False
2025-04-03 00:00:00+00:00,1.58,1.7,1.54,1.57,293374,,,,2.021972024380837,1.968600010883705,2.12876236622665,2.3025572746183984,2.518566804617022,2.566547328868945,2.7515582998313266,,,,1.7753960679713372,2.0194494719262814,1.9783279955346904,1.9721740384971327,2.1416665926916796,2.1444097005429863,2.231949698044834,,1.811594904602385,2.092887161543442,2.2969147205902694,2.5099979390183105,2.8781658573733306,3.1746571192417465,"rgba(239, 83, 80, 1.0)",0.0,0.0,0.12027344884583999,1.931634464509586,-2.92362502184744,0.0,0.0,0.0,0.0,0.0,0.0,0.0,0.0,35.40267761959403,-8.585794246146328,False,True,False,True,False,0.0,0,0.9547303329916338,0.9811844846400583,False,False,False,False,-0.3093828226417446,-0.3148213232252506,False,False,False,False,-2854145,-2346643.5278371484,False,False,False,False,117699.1408149309,False,False,False,False
2025-04-04 00:00:00+00:00,1.44,1.64,1.38,1.54,246666,,,,2.0139364917868563,1.9655935889912681,2.1251547366594123,2.29831967665816,2.5135229431810253,2.5613462583068576,2.745859835420672,,,,1.7581507177801248,2.01221530238942,1.9738130477872882,1.9691693590339396,2.1380101145297896,2.140742726902375,2.2279747821581117,,1.7938800310510594,2.0894298902459876,2.2926984840379894,2.504986030639523,2.87211240315814,3.167756934802987,"rgba(239, 83, 80, 1.0)",0.0,0.0,0.1253850637396045,1.9209238147613283,-3.8355749912931802,0.0,0.0,0.0,0.0,0.0,0.0,0.0,0.0,31.619105864307958,-12.134318543076972,False,True,False,True,False,0.0,0,0.9303490575126039,0.991361870203269,False,False,False,False,-0.34282825441539394,-0.3288247888203223,False,False,False,False,-3100811,-2376218.7228239267,False,False,False,False,122756.66470454146,False,False,False,False
2025-04-07 00:00:00+00:00,1.3,1.44,1.3,1.44,254937,,,,2.0037423180518794,1.9616286655212525,2.1206602189201793,2.2932384920913527,2.5076578088595527,2.5553297321055526,2.7393751587952013,,,,1.734226209420725,2.003004666566203,1.9679167861989577,1.96521297791105,2.133470574802662,2.1361934541047245,2.223143407854154,,1.7700248800123923,2.085077533307582,2.2876378274750198,2.4991523052870295,2.865284421329875,3.160095417441398,"rgba(239, 83, 80, 1.0)",0.0,0.0,0.13700452603812294,1.907016957705786,-4.430634339312828,0.0,0.0,0.0,0.0,0.0,0.0,0.0,0.0,27.41639094544967,-15.997095805745104,False,True,False,True,False,0.0,0,0.9132446316326858,1.0313008519192115,False,False,False,False,-0.34282825441539394,-0.3358265216178581,False,False,False,False,-3355748,-2414631.635654361,False,False,False,False,127940.20726514768,False,False,False,False
2025-04-08 00:00:00+00:00,1.18,1.375,1.115,1.34,205580,,,,1.9942449530851598,1.9578343292735243,2.11650194989792,2.2886516506248644,2.5024730736821996,2.5500306102534087,2.7337303432426943,,,,1.7113455417825816,1.994399692609261,1.9623141941111857,1.9614301359157065,2.129279771063446,2.131995570934297,2.218743001720435,,1.747478990227741,2.081024752011296,2.2830664653509753,2.493991773248553,2.8593791609908403,3.1535469949344015,"rgba(239, 83, 80, 1.0)",0.0,0.0,0.15315368766968263,1.8578928821566048,-4.426226312086355,0.0,0.0,0.0,0.0,0.0,0.0,0.0,0.0,23.568948553822295,-19.470808882627182,False,True,False,True,False,0.0,0,0.8856027995416679,1.0373478678269488,False,False,False,False,-0.34282825441539394,-0.339327388016626,False,False,False,False,-3561328,-2459600.1205306607,True,False,False,False,130984.9050194556,True,False,False,False
2025-04-09 00:00:00+00:00,1.4,1.4165,1.19,1.25,162306,,,,1.9879759413550546,1.955319406953435,2.1136549875654067,2.2854363862787404,2.498765546038081,2.5462278311895004,2.7296321142901916,,,,1.698510087265624,1.988707977072132,1.9586125400638303,1.9589204492493906,2.126404569901311,2.1291142655437416,2.215684542437216,,1.7344881068389497,2.0782668361229053,2.2798640850557557,2.490303972866094,2.8550644503996017,3.1487068153667868,"rgba(239, 83, 80, 0.75)",0.0,0.0,0.15832210800978042,1.853005247178374,-2.8612886278042073,0.0,0.0,0.0,0.0,0.0,0.0,0.0,0.0,28.005424980993304,-19.470808882627182,False,True,False,True,True,0.0,0,0.9026713229624925,1.025654980573571,False,False,False,False,-0.2980549115790407,-0.3186911497978333,False,False,False,False,-3399022,-2496440.1942353407,False,False,False,False,132213.18325398676,False,False,False,False
2025-04-10 00:00:00+00:00,1.3991,1.4372,1.24,1.39,219594,,,,1.9799774757743083,1.9520755064069633,2.109950214883175,2.2812263294347286,2.4938863181826467,2.541218704013613,2.724217351832953,,,,1.6835055688114542,1.9814307886671452,1.9538578043449508,1.955682332421793,2.1226609876075595,2.125362305835928,2.2116886141746677,,1.7191146475061243,2.0746836652504497,2.275671581709324,2.4854515035781555,2.8493543392672342,3.142282612302315,"rgba(239, 83, 80, 0.75)",0.0,0.0,0.16344712639842848,1.8457830769128605,-2.732890364948963,0.0,0.0,0.0,0.0,0.0,0.0,0.0,0.0,30.949279907039077,-26.789444735925656,False,True,False,True,True,0.0,0,0.908214423447744,1.0243406805304223,False,False,False,False,-0.27144902303462326,-0.2950700864162283,False,False,False,False,-3618616,-2540447.0885790526,False,False,False,False,135639.88194990886,False,False,False,False
2025-04-11 00:00:00+00:00,1.555,1.555,1.3716,1.45,123620,,,,1.9765235078466097,1.9506771334977062,2.10825279794104,2.2792177218934047,2.49148262885997,2.538737437052512,2.721487637832391,,,,1.6789051090074305,1.9782805145233184,1.9518143223434075,1.9542838732837573,2.120939447308836,2.1236355897767534,2.209809189571753,,1.7140430517279244,2.07305988089362,2.2736734545007895,2.4830634455180336,2.8464485883997748,3.1389587789569826,"rgba(239, 83, 80, 0.75)",0.0,0.0,0.16499243900768812,1.844320217442279,-1.753536217673573,0.0,0.0,0.0,0.0,0.0,0.0,0.0,0.0,36.62103014556682,-21.613279621180467,False,True,False,True,True,0.0,0,0.9268125854993161,1.02694343662642,False,False,False,False,-0.1802665608633165,-0.2376683236397724,False,False,False,False,-3494996,-2577880.3792230114,False,False,False,False,135168.5140303046,False,False,False,False
2025-04-14 00:00:00+00:00,1.52,1.59,1.4814,1.59,123867,,,,1.9733702528017478,1.9493960799838508,2.106662107692267,2.2773086708390635,2.4891736361355816,2.5363496524175617,2.718845775878819,,,,1.6753825626723802,1.9753999448892743,1.9499470832855847,1.9530018059576555,2.1193240268808524,2.1220148712639224,2.208031622523612,,1.7099928340529273,2.071544173409026,2.2717750422654546,2.480770233317131,2.8436279477992383,3.1357155195844335,"rgba(239, 83, 80, 0.75)",0.0,0.0,0.16718454083877335,1.843149172174932,-1.9328890730786241,0.0,0.0,0.0,0.0,0.0,0.0,0.0,0.0,39.73561293366847,-18.873670907859964,False,True,False,True,True,0.0,0,0.9461678967611635,1.0038907616685724,False,False,False,False,-0.1287466921757642,-0.1832075079077683,False,False,False,False,-3618863,-2618703.227096619,False,False,False,False,134725.3174016652,False,False,False,False
2025-04-15 00:00:00+00:00,1.5,1.52,1.4672,1.52,22484,,,,1.9727581451325749,1.9491451738833918,2.106356960015912,2.2769471211831664,2.4887405619169543,2.535902516130642,2.718353509440287,,,,1.6746120373371316,1.9748405332301038,1.9495820030136934,1.9527508583505577,2.1190145076376043,2.1217044142826116,2.207693471406073,,1.7091381928768592,2.0712523509762963,2.2714153901993845,2.4803399882900954,2.8431037408286586,3.135115506236684,"rgba(239, 83, 80, 0.75)",0.0,0.0,0.16972166210405615,1.8427799166938328,-2.019659202274809,0.0,0.0,0.0,0.0,0.0,0.0,0.0,0.0,41.420728605718224,-17.35023343148103,False,True,False,True,True,0.0,0,0.94021680300617,1.0504430389534074,False,False,False,False,-0.15860512698391976,-0.17090631744584403,False,False,False,False,-3641347,-2658806.904465379,False,False,False,False,130323.69711140383,False,False,False,False
2025-04-16 00:00:00+00:00,1.49,1.6016,1.4401,1.4401,108075,,,,1.9699284706369258,1.9479823228211834,2.1049299627643103,2.2752468093166276,2.4866951573932883,2.533789168051831,2.7160214670427387,,,,1.6712983260987888,1.97225237915441,1.9478923995604684,1.951587475790583,2.1175663090069614,2.120251670579695,2.2061063049419607,,1.7054025585631445,2.0698897983497884,2.2697242442292858,2.4783082188863266,2.8406173653341216,3.132263548205993,"rgba(239, 83, 80, 0.75)",0.0,0.0,0.17236015214318798,1.8411600561886108,-2.037362185065171,0.0,0.0,0.0,0.0,0.0,0.0,0.0,0.0,42.33733923894,-16.37864570809917,False,True,False,True,True,0.0,0,0.9064313423744029,1.0889038504696869,False,False,False,False,-0.13924998059235807,-0.15507814901910105,False,False,False,False,-3749422,-2701576.1238981094,False,False,False,False,129451.19918546644,False,False,False,False
2025-04-17 00:00:00+00:00,1.61,1.64,1.52,1.52,70391,,,,1.9684195029214169,1.947365186819353,2.1041279287252284,2.2742580377617494,2.4854755816381386,2.532523880763994,2.714607175681544,,,,1.670242608862005,1.9708695008095052,1.9469975249374383,1.9509689169276807,2.116749724781177,2.1194319762117515,2.2051940531688508,,1.7040056574087932,2.069131429704698,2.2687416387938355,2.477097711251242,2.839099349544614,3.130502121610296,#000000,0.0,0.0,0.17296234572245459,1.8408210354356704,-1.3345161021697702,0.0,0.0,0.0,0.0,0.0,0.0,0.0,0.0,45.82497330294109,-12.901358588291458,False,False,False,False,True,0.0,0,0.9088911153485666,1.0640250799909505,False,False,False,False,-0.09757164247963457,-0.1263248957493678,False,False,False,False,-3679031,-2739907.687666811,False,False,False,False,127135.11294289913,False,False,False,False
2025-04-21 00:00:00+00:00,1.54,1.6496,1.53,1.61,52476,,,,1.9672527575997782,1.9468849355961233,2.1035121569072617,2.273504717614818,2.4845515358837127,2.5315660491555256,2.713539424781473,,,,1.6693121697064002,1.9697998797493892,1.9463020508687112,1.9504877630807502,2.1161232465873185,2.118803208242943,2.2044972076369564,,1.7028358377760127,2.0685478600099354,2.2679928741214135,2.476180380915748,2.8379548864607034,3.12917731402957,#000000,0.0,0.0,0.17457241010866312,1.840395219370412,-1.7207485374317175,0.0,0.0,0.0,0.0,0.0,0.0,0.0,0.0,46.56193554574762,-11.99059713554108,False,False,False,False,True,0.0,0,0.9157980989839397,1.0577515568666014,False,False,False,False,-0.09070268251770307,-0.10851378913353543,False,False,False,False,-3731507,-2778793.935209289,False,False,False,False,124207.30459219721,False,False,False,False
2025-04-22 00:00:00+00:00,1.56,1.605,1.51,1.51,29176,,,,1.9665826751850035,1.946607853145149,2.103160832531012,2.2730777043363184,2.484030219642416,2.531026085391965,2.712938904024817,,,,1.6687237032253854,1.9691854698028428,1.945901131320215,1.9502102570290527,2.115766036142278,2.1184447383119775,2.2041013262614357,,1.702120882810046,2.0682142762456532,2.267568374386948,2.475662777862471,2.837312004942145,3.128434683766417,#000000,0.0,0.0,0.17583255105578982,1.8400857740749637,-1.592911963076139,0.0,0.0,0.0,0.0,0.0,0.0,0.0,0.0,47.53091910010171,-10.744097962664142,False,False,False,False,True,0.0,0,0.8848846855815498,1.086477517836403,False,False,False,False,-0.10741415335056236,-0.1079639712420489,False,False,False,False,-3702331,-2815011.0750050037,False,False,False,False,120480.58676505223,False,False,False,False
2025-04-23 00:00:00+00:00,1.64,1.69,1.555,1.62,57590,,,,1.9654921233949787,1.9461604771990992,2.102557614352774,2.272318727368537,2.48308060589004,2.5300385927979385,2.711827130544228,,,,1.668305334908665,1.9681837808579177,1.945254683687646,1.9497612839501888,2.1151506597263556,2.117826766513906,2.203405875548057,,1.701407230117689,2.0676473214338547,2.2668145037999445,2.474720634525055,2.836114275032066,3.12703613878351,#000000,0.0,0.0,0.17615623254100096,1.8239513152340414,-1.0442509616639661,0.0,0.0,0.0,0.0,0.0,0.0,0.0,0.0,49.999558889190126,-8.058597391393178,True,False,False,False,True,0.0,0,0.8952384125820533,1.0676418646496286,False,False,False,False,0.0044295142811556654,-0.05176722848044662,False,False,False,False,-3644741,-2847549.50343618,False,False,False,False,118014.28924485411,False,False,False,False
2025-04-24 00:00:00+00:00,1.63,1.685,1.5504,1.63,91878,,,,1.963733328392982,1.9454347217219388,2.1015852033539746,2.2710993154457566,2.4815584191462956,2.5284562484318256,2.710047472339064,,,,1.667549320522237,1.9665673488414053,1.944207635511597,1.9490330815344679,2.1141589775672833,2.1168309698397283,2.2022872725095564,,1.7001975493865449,2.066732425263899,2.265603197964396,2.4732103177498876,2.8341980348889275,3.1248006142001556,"rgba(38, 166, 154, 1.0)",0.0,0.0,0.1764042957536367,1.8234634643154108,-1.0967049497796744,0.0,0.0,0.0,0.0,0.0,0.0,0.0,0.0,51.376848132447506,-6.421646811875384,True,False,True,False,True,0.0,0,0.9173091104109407,1.0420996178856337,False,False,False,False,0.026501803240050057,-0.01263271262019828,False,False,False,False,-3736619,-2882414.973889663,False,False,False,False,116989.33672544807,False,False,False,False
2025-04-25 00:00:00+00:00,1.63,1.6731,1.58,1.6047,40846,,,,1.9629705838759215,1.9451189790484638,2.10115946331792,2.2705635836058993,2.48088806231746,2.5277591243393056,2.7092624375741625,,,,1.6672633911351433,1.965865784415439,1.9437528036628289,1.9487162017825652,2.1137246543087747,2.1163948144035594,2.201796398506829,,1.6997110799345603,2.0663322739648744,2.26507107172147,2.472545236683049,2.833352213075514,3.1238127957106214,"rgba(38, 166, 154, 1.0)",0.0,0.0,0.17667293615929794,1.8233710683939937,-1.094514375533103,0.0,0.0,0.0,0.0,0.0,0.0,0.0,0.0,52.295040961285764,-5.183024820139394,True,False,True,False,True,0.0,0,0.9367501988189311,1.0309819117074739,False,False,False,False,0.03497507084798746,0.011171179113894592,False,False,False,False,-3736619,-2915913.170992029,False,False,False,False,114003.32352052855,False,False,False,False
2025-04-28 00:00:00+00:00,1.6,1.65,1.5842,1.62,32793,,,,1.9623310696982297,1.9448529464964448,2.1008064649786653,2.2701232300992427,2.4803403635543018,2.527190100620833,2.708623514011518,,,,1.6669434263701126,1.965277587817025,1.9433698053365853,1.9484493536516885,2.113364845506831,2.116033551085866,2.201391737297014,,1.6992378788807196,2.0659996233566056,2.2646335898888617,2.472001749241038,2.8326648380770707,3.1230120435452595,"rgba(38, 166, 154, 1.0)",0.0,0.0,0.17639716416173068,1.8230898888531377,-1.2647022411800026,0.0,0.0,0.0,0.0,0.0,0.0,0.0,0.0,51.99542995348381,-5.077359110428496,True,False,True,False,True,0.0,0,0.9404043503460503,1.0248372029593265,False,False,False,False,0.02592749577615122,0.018549337445022906,False,False,False,False,-3769412,-2949383.713306067,False,False,False,False,110818.60495109606,False,False,False,False
2025-04-29 00:00:00+00:00,1.595,1.65,1.581,1.625,48228,,,,1.9613874720984539,1.9444592667259795,2.100285346701468,2.269473996170871,2.4795335967153425,2.5263520378032847,2.70768287458337,,,,1.6664566321661543,1.964409422650137,1.9428035138886903,1.948054495298248,2.112833741139992,2.1155003138244277,2.2007948645872797,,1.6985297214954234,2.065508347526549,2.263988569349903,2.47120116380214,2.831653074029767,3.1218338062016517,"rgba(38, 166, 154, 1.0)",0.0,0.0,0.17689551471957732,1.8226646109333746,-1.2870004719694492,0.0,0.0,0.0,0.0,0.0,0.0,0.0,0.0,51.63843981192498,-4.9861899026246235,True,False,True,False,True,0.0,0,0.9412027031662723,1.0225035161744023,False,False,False,False,0.02439609176972214,0.021472714607372524,False,False,False,False,-3817640,-2983432.9794509276,False,False,False,False,108364.0714236021,False,False,False,False
2025-04-30 00:00:00+00:00,1.55,1.57,1.5,1.52,24949,,,,1.96080666491575,1.9442144005574156,2.0999786047731375,2.26910379045128,2.4790839696812377,2.5258867011832282,2.7071665363916138,,,1.54,1.6659125394945633,1.9638755962816594,1.9424512668038947,1.9478093344378935,2.1125220716720863,2.115187589423397,2.2004508136100682,,1.697891088844274,2.0652164804319195,2.263620477381056,2.470754667967893,2.831100980604091,3.121197380332648,#000000,0.0,0.0,0.17800869518182716,1.8219616273666719,-1.5277996790486912,0.0,0.0,0.0,0.0,0.0,0.0,0.0,0.0,49.98645346825004,-4.9861899026246235,True,False,False,False,True,0.0,0,0.9400549668988643,1.024389400722521,False,False,False,False,-0.05265735130992565,-0.015592318351276564,False,False,False,False,-3842589,-3017125.3724136367,False,False,False,False,105092.89215208829,False,False,False,False
2025-05-01 00:00:00+00:00,1.49,1.535,1.45,1.53,39803,,,,1.959777318525395,1.9437777220811747,2.0994477524487576,2.2684748496573026,2.4783306626079544,2.525108872162668,2.70630965512196,,,1.5102895406062102,1.6647246241227176,1.9629299227196153,1.9418232367692192,1.9473725368245354,2.11198362588046,2.114647515057998,2.1998625497100393,,1.6965741641690615,2.0647087248837797,2.2629948345282767,2.470006281021287,2.830188224538824,3.120152098234215,#000000,0.0,0.0,0.17999831548754758,1.820430485402328,-1.8357420985152917,0.0,0.0,0.0,0.0,0.0,0.0,0.0,0.0,47.1910000308246,-4.9861899026246235,True,False,False,False,False,0.0,0,0.9244484104071526,1.0387031301943905,False,False,False,False,-0.09353270559855663,-0.0545625119749166,False,False,False,False,-3882392,-3051057.3970248667,False,False,False,False,102532.5042245554,False,False,False,False
2025-05-02 00:00:00+00:00,1.46,1.51,1.457,1.49,59380,,,,1.958197857687434,1.9431048291834316,2.0986367186752073,2.267519168178847,2.477190787913767,2.5239327102798823,2.7050167528582874,,,1.4937272822479295,1.6628211471937004,1.961478481303441,1.940856371802483,1.946699629516005,2.1111614062010005,2.1138228949290556,2.1989669761980277,,1.6944894916244055,2.0639317964304085,2.262044031485083,2.468873701644469,2.8288125923552503,3.1185798903346735,"rgba(239, 83, 80, 0.5)",0.0,0.0,0.1823533291207424,1.8181941183071573,-1.9642861473068292,0.0,0.0,0.0,0.0,0.0,0.0,0.0,0.0,44.54394703876133,0.5417633335294809,False,False,False,True,False,0.0,0,0.9178551861866638,1.0417439867097893,False,False,False,False,-0.10222418979244775,-0.07839335088368218,False,False,False,False,-3941772,-3085987.3814552645,False,False,False,False,100840.24915692578,False,False,False,False
2025-05-05 00:00:00+00:00,1.42,1.49,1.39,1.49,39804,,,,1.9570524787340946,1.942614101174295,2.0980573771610898,2.266845658880607,2.476395913383323,2.523113992551387,2.70412181391285,,,1.4790635064903375,1.661282717677434,1.9604260121969637,1.940151722699464,1.9462091930586458,2.110574802988912,2.113234730781095,2.1983328249384293,,1.6928478604565205,2.0633747513456315,2.2613737259266835,2.4680836490580518,2.827863232723594,3.117500566714102,"rgba(239, 83, 80, 0.5)",0.0,0.0,0.18561150931223416,1.8164582483815508,-2.135957246673923,0.0,0.0,0.0,0.0,0.0,0.0,0.0,0.0,41.77810370091842,-2.2156116772594885,False,False,False,True,False,0.0,1,0.9200113308429084,1.0329656710868758,False,False,False,False,-0.14447517932020087,-0.11143426510194153,False,False,False,False,-3981576,-3121108.5037511364,False,False,False,False,98446.67075861497,False,False,False,False
2025-05-06 00:00:00+00:00,1.41,1.4255,1.39,1.42,76876,,,,1.9547502013389608,1.9416229116426917,2.09689961434925,2.265509277645253,2.4748276748319724,2.5215002721836313,2.7023632148986887,,,1.4565370538013054,1.6580516762474888,1.9583099291807287,1.9387299000870142,1.9452188940632829,2.1094032901720037,2.112060259392447,2.19707135499113,,1.68943712130704,2.0622593801305755,2.2600434530072393,2.4665246393921465,2.82600073937898,3.115389229359426,"rgba(239, 83, 80, 1.0)",0.0,0.0,0.18894023735050863,1.813031021486406,-2.1331137672846854,0.0,0.0,0.0,0.0,0.0,0.0,0.0,0.0,39.68520136922106,-4.295065938134108,False,True,False,True,False,0.0,1,0.9177970023852752,1.0403538751824557,False,False,False,False,-0.1761249241915931,-0.14377959464676732,False,False,False,False,-4058452,-3157867.0722314836,False,False,False,False,97600.7621014144,False,False,False,False
2025-05-07 00:00:00+00:00,1.42,1.44,1.41,1.41,41113,,,,1.953560084793255,1.9411090422808157,2.096295348391798,2.2648086328239767,2.474002515937438,2.5206506527965398,2.701435440221178,,,1.451694969702344,1.656458103262364,1.9572152535685348,1.9379938160414956,1.9447053768484326,2.1087915978000105,2.1114469701862686,2.196411036791007,,1.6877409842243274,2.0616779403129013,2.259346092561628,2.465704430806535,2.825017091613569,3.11427202742967,"rgba(239, 83, 80, 1.0)",0.0,0.0,0.1919030478563409,1.8114746580629286,-2.0399606073791365,0.0,0.0,0.0,0.0,0.0,0.0,0.0,0.0,38.76654719179004,-5.295041459725773,False,True,False,True,False,0.0,1,0.9343113402810562,1.037437815461709,False,False,False,False,-0.1591564867936333,-0.15146804072020031,False,False,False,False,-4017339,-3191571.853712602,False,False,False,False,95385.55574449617,False,False,False,False
2025-05-08 00:00:00+00:00,1.44,1.48,1.43,1.45,25665,,,,1.9528570758926167,1.9408052676063619,2.0959336073612955,2.2643856844931025,2.4735011197031143,2.520133812655996,2.7008690238957844,,,1.4515535431364261,1.6555867741976513,1.9565681844550582,1.9375591304173567,1.9444016929432077,2.1084251322430183,2.111079489902848,2.196013599902459,,1.6867987661563526,2.0613306501778697,2.2589252179159334,2.465206147094521,2.8244154123816245,3.113586342793824,"rgba(239, 83, 80, 1.0)",0.0,0.0,0.19422235319153103,1.810674720921067,-1.9085070015371954,0.0,0.0,0.0,0.0,0.0,0.0,0.0,0.0,39.13173950507267,-5.295041459725773,False,True,False,True,False,0.0,0,0.9321260359998539,1.0230384460914967,False,False,False,False,-0.1298554676036489,-0.1406617541619246,False,False,False,False,-3991674,-3222948.4084689706,False,False,False,False,92651.41630353555,False,False,False,False
2025-05-09 00:00:00+00:00,1.49,1.505,1.44,1.44,95592,,,,1.9504023933034325,1.9397422513711358,2.094648764362578,2.2628688974545548,2.4716895071595317,2.5182640214038012,2.6988115344374517,,,1.4579028685143018,1.6528436115521876,1.954306556491474,1.9360405806571739,1.9433384972706023,2.107122354468131,2.1097728646178617,2.1945931008164496,,1.6837662874323522,2.0601003841574492,2.2574162415223538,2.4634062072797915,2.8222251229636166,3.11108081395195,"rgba(239, 83, 80, 0.5)",0.0,0.0,0.1957633300650936,1.8083377403152157,-1.6261357027864443,0.0,0.0,0.0,0.0,0.0,0.0,0.0,0.0,41.648015411723385,-5.295041459725773,False,False,False,True,True,0.0,0,0.9318773132031221,1.0194583898274028,False,False,False,False,-0.11286819068371787,-0.12676497242282125,False,False,False,False,-3896082,-3249345.8042152855,False,False,False,False,92766.73331124004,False,False,False,False
2025-05-12 00:00:00+00:00,1.5,1.56,1.48,1.48,85243,,,,1.9483954926068048,1.9388700260169935,2.0935723321765956,2.2615813717674844,2.470136302440066,2.516658236613187,2.6970350740170765,,,1.467576941529747,1.650944511807805,1.9524547239393626,1.9347977817145485,1.9424655422454236,2.106029566615612,2.1086765728672296,2.1933927891844274,,1.681583773139671,2.0590734194812046,2.256135772981775,2.4618634943447035,2.8203286739135,3.108900762271496,"rgba(239, 83, 80, 0.5)",0.0,0.0,0.19704463058713337,1.8068644835543473,-1.5573349176782132,0.0,0.0,0.0,0.0,0.0,0.0,0.0,0.0,43.75807051381492,-5.295041459725773,False,False,False,True,True,0.0,0,0.9443973617303509,1.0085117358782563,False,False,False,False,-0.06705688933402269,-0.09691093087842198,False,False,False,False,-3810839,-3271365.1452264506,False,False,False,False,92471.68494609337,False,False,False,False
2025-05-13 00:00:00+00:00,1.55,1.58,1.49,1.54,132649,,,,1.9454980831054982,1.9376044189686041,2.0919817913189855,2.2596576826912202,2.4677963895527237,2.5142357546602305,2.6943432776899674,,,1.483045060116293,1.6486431278279903,1.9497768987591433,1.932999744385948,1.9411981170421286,2.104413176841671,2.107054651117965,2.1916062531889478,,1.6788175128743204,2.057560695426803,2.254223161456196,2.4595399868552006,2.8174484511747147,3.105576630491818,#000000,0.0,0.0,0.19746022099565352,1.80516954196113,-1.2922579579547149,0.0,0.0,0.0,0.0,0.0,0.0,0.0,0.0,47.2118345609818,-8.518645593692,True,False,False,False,True,0.0,0,0.9394282376136406,0.9993062908466903,False,False,False,False,-0.05265735130992565,-0.07478414109417382,False,False,False,False,-3678190,-3287319.061099923,False,False,False,False,94047.26592859952,False,False,False,False
2025-05-14 00:00:00+00:00,1.505,1.57,1.5,1.555,44254,,,,1.9445051618677678,1.9371681137322412,2.091438826089283,2.2590048572801096,2.4670057924490214,2.5134178417549644,2.693436398783177,,,1.4858356745344652,1.647793347540593,1.9488588289114126,1.9323807694332924,1.9407613133883463,2.103861696112661,2.1065013470841625,2.190998734854789,,1.6778213915032398,2.0570434144043737,2.2535739986643564,2.458754825583393,2.816479190557766,3.1044601786603723,#000000,0.0,0.0,0.19857656510521499,1.8044946825437251,-1.50820758927439,0.0,0.0,0.0,0.0,0.0,0.0,0.0,0.0,47.62665440772686,-8.051810915172702,True,False,False,False,True,0.0,0,0.9572939312428606,0.9992999005121781,False,False,False,False,-0.05265735130992565,-0.06372074620204973,False,False,False,False,-3722444,-3304382.784194044,False,False,False,False,92094.58883336032,False,False,False,False
2025-05-15 00:00:00+00:00,1.39,1.49,1.39,1.46,189575,,,,1.9392861379124402,1.9348510086559205,2.08870922926248,2.255835829081808,2.4632700857748,2.5095705028121307,2.689230737235464,,1.4233333333333331,1.4719757613826754,1.641373830354019,1.9440378557149331,1.9290938681935432,1.9384454313494777,2.1010982589296225,2.103730636338505,2.188013364006465,,1.670951998181246,2.05441754403662,2.2504199188762297,2.4550416418233625,2.8120179105540446,3.0993886216962188,"rgba(239, 83, 80, 0.5)",0.0,0.0,0.20129014769813522,1.7989129577393286,-2.031460369101398,0.0,0.0,0.0,0.0,0.0,0.0,0.0,0.0,44.23190333394776,-8.051810915172702,False,False,False,True,False,0.0,0,0.9299992568923239,1.0299472393549824,False,False,False,False,-0.14447517932020087,-0.1040979627611253,False,False,False,False,-3912019,-3328211.6554021207,False,False,False,False,95917.35005558148,False,False,False,False
2025-05-16 00:00:00+00:00,1.27,1.32,1.18,1.32,345540,,,,1.927049876382314,1.9293221917330428,2.082558959854908,2.248976916909394,2.4554490162015923,2.501562017379502,2.6806363805830924,1.2566666666666668,1.3157116071623232,1.4100003868016502,1.6223129978824922,1.932733448632957,1.9212720179117673,1.9329284863046536,2.094894105861403,2.0975148153109653,2.1814581420352024,,1.6515248359222263,2.0484375676752498,2.2435860347573167,2.4472593103273663,2.8029922065432626,3.089311502485165,"rgba(239, 83, 80, 1.0)",0.0,0.0,0.20680609526272345,1.7493778353919194,-2.3180063178646875,0.0,0.0,0.0,0.0,0.0,0.0,0.0,0.0,39.38629705406437,-4.54077330756698,False,True,False,True,False,0.0,0,0.8873794916739702,1.061568799298861,True,False,False,False,-0.3374706088067991,-0.2207842857839622,False,False,False,False,-4257559,-3364656.64930792,False,False,False,False,105706.47358281357,False,False,False,False
2025-05-19 00:00:00+00:00,1.3,1.355,1.24,1.28,99137,,,,1.9238329982854747,1.9278497809951856,2.0808993461093905,2.247108314572752,2.4533011416088137,2.4993594836995667,2.678261219043448,1.2659558998254163,1.3129952894643346,1.4014819911048184,1.617772152376558,1.9297541584292197,1.9191999690560713,1.9314586049519478,2.0932185462137953,2.0958358111331066,2.1796783902383456,,1.6468361243795644,2.0468278184484547,2.2417247260866904,2.445122637278981,2.8004912529011956,3.086505917286854,"rgba(239, 83, 80, 1.0)",0.0,0.0,0.21120173258907118,1.7462141299920326,-2.1127389653579116,0.0,0.0,0.0,0.0,0.0,0.0,0.0,0.0,37.417576344814414,-6.30202578692662,False,True,False,True,False,0.0,0,0.9075486154182931,1.0449122550986905,False,False,False,False,-0.28744621126014747,-0.2541152485220548,False,False,False,False,-4158422,-3395784.7022762373,False,False,False,False,105448.84716780129,False,False,False,False
2025-05-20 00:00:00+00:00,1.32,1.335,1.255,1.28,169083,,,,1.918465004845552,1.9253741248539435,2.0781029239679527,2.2439549202597457,2.449671955515236,2.495637062985155,2.674243652261803,1.2762529028719152,1.310961676428057,1.3901824148902777,1.6104310755275575,1.9247766131012969,1.9157258178668801,1.9289869737002323,2.090394876844929,2.0930062584472138,2.176676557550856,,1.6392308611806572,2.044116429359897,2.238583764950303,2.4415125239421007,2.796259016164157,3.0817544041200553,"rgba(239, 83, 80, 1.0)",0.0,0.0,0.2148666196537247,1.7409228755088733,-1.9589961260023785,0.0,0.0,0.0,0.0,0.0,0.0,0.0,0.0,36.947268230968554,-6.763521894646466,False,True,False,True,False,0.0,0,0.915757597869313,1.037615381808895,False,False,False,False,-0.29004248997852006,-0.27207886925028746,False,False,False,False,-3989339,-3419061.341402659,False,False,False,False,107944.304141613,False,False,False,False
2025-05-21 00:00:00+00:00,1.295,1.37,1.26,1.37,70343,,,,1.9162769677433988,1.924358190560992,2.076952923932612,2.242656163795277,2.448175412576544,2.494101719361314,2.6725852163721293,1.2795515782467455,1.3107500589462018,1.386441357386954,1.6075250851493674,1.9227455201493915,1.9143037040096744,1.9279726016253134,2.089233518282865,2.091842448269814,2.1754408797391576,,1.6362107948349236,2.043001810365711,2.2372901797790523,2.440023905121889,2.794511206753845,3.079790636073039,"rgba(239, 83, 80, 1.0)",0.0,0.0,0.2175005861190705,1.7388029155918627,-2.0404676764820455,0.0,0.0,0.0,0.0,0.0,0.0,0.0,0.0,36.03803073819368,-7.765570421946613,False,True,False,True,False,0.0,0,0.9192140132684973,1.0255246841049186,False,False,False,False,-0.2693753351609108,-0.27072710220559915,False,False,False,False,-4059682,-3444183.7201711824,False,False,False,False,106469.74319488308,False,False,False,False
2025-05-22 00:00:00+00:00,1.28,1.34,1.27,1.27,23128,,,,1.9155472495705719,1.9240185807996422,2.0765698390778304,2.242224612097456,2.4476791952647736,2.493592824215563,2.672036164871632,1.2801112790587517,1.3103868581016032,1.3851122082569953,1.6065450195989481,1.9220680148723495,1.9138286081088702,1.9276335453922382,2.08884673606491,2.0914548676198943,2.175029914417149,,1.6351949319593213,2.042630265331412,2.2368603171855375,2.43953028084193,2.793932938877497,3.079141674522299,"rgba(239, 83, 80, 1.0)",0.0,0.0,0.21446682707844186,1.738060205100354,-2.1358091194812943,0.0,0.0,0.0,0.0,0.0,0.0,0.0,0.0,35.07007625739689,-8.889436326648998,False,True,False,True,False,0.0,0,0.9141627810682845,1.035717500495076,False,False,False,False,-0.2796798018378593,-0.27520345202172924,False,False,False,False,-4082810,-3469227.888007607,False,False,False,False,103201.43954018179,False,False,False,False
2025-05-23 00:00:00+00:00,1.34,1.34,1.26,1.26,97893,,,,1.9125602072606038,1.9226232683675348,2.0749870896248175,2.240434471307925,2.4456139468302402,2.4914735513281734,2.6697451627835482,1.2841506649907344,1.3106768345667046,1.3808793557775465,1.6026837496804518,1.9192925190394732,1.911879843363175,1.9262402604305862,2.0872481452508636,2.089852858876518,2.1733276109126485,,1.631170019415168,2.041096773866345,2.235077373109839,2.4374760484294704,2.7915174534691256,3.076425697742213,"rgba(239, 83, 80, 1.0)",0.0,0.0,0.21213462432147495,1.7352341873417363,-1.863129079498059,0.0,0.0,0.0,0.0,0.0,0.0,0.0,0.0,37.154436075768345,-8.889436326648998,False,True,False,True,False,0.0,0,0.9126769153497052,1.0378854467504977,False,False,False,False,-0.2848536989192374,-0.2800285754704833,False,False,False,False,-3984917,-3489450.9904386816,False,False,False,False,102993.26544056681,False,False,False,False
2025-05-27 00:00:00+00:00,1.33,1.3699,1.3,1.33,90640,,,,1.9099120573573896,1.921379160365047,2.0735657137775174,2.2388186699421606,2.443742011015964,2.4895512129303503,2.667661905550791,1.289123956756467,1.3125661647343976,1.378415955937556,1.5994386717561324,1.916829071656529,1.9101465249140899,1.9249976717198372,2.08581189659835,2.088413404560353,2.171793874330018,,1.6277605821055938,2.039721436934375,2.2334682839911406,2.4356143516298316,2.7893180656705554,3.0739467840879873,"rgba(239, 83, 80, 0.75)",0.0,0.0,0.20746088768029147,1.7329418317754122,-1.9422544474810473,0.0,0.0,0.0,0.0,0.0,0.0,0.0,0.0,38.241529431660005,-8.889436326648998,False,True,False,True,True,0.0,0,0.9119631069716971,1.0517949181661996,False,False,False,False,-0.24898135465682572,-0.2645049650636545,False,False,False,False,-4075557,-3512435.539833243,False,False,False,False,102508.8236585838,False,False,False,False
2025-05-28 00:00:00+00:00,1.31,1.3306,1.2701,1.3305,27405,,,,1.9090751083821393,1.9209850716707733,2.07311981452885,2.2383152608784855,2.4431621496164477,2.4889563358378286,2.6670193040717924,1.2895526999931757,1.312344522339969,1.3772623216795121,1.5983649577768704,1.9160505766833156,1.909597591388637,1.9246041722041702,2.085361608028842,2.087962168692347,2.1713148463997216,,1.6266425087190604,2.0392891973946305,2.2329668734749433,2.4350375533941513,2.788640833512091,3.073185893114798,"rgba(239, 83, 80, 0.75)",0.0,0.0,0.20148103102535628,1.7321204305849716,-2.0950877034764024,0.0,0.0,0.0,0.0,0.0,0.0,0.0,0.0,38.345409667052415,-8.889436326648998,False,True,False,True,True,0.0,0,0.8887483501979763,1.083296671066139,False,False,False,False,-0.2844910452987891,-0.2744980051812218,False,False,False,False,-4102962,-3535593.4402319393,False,False,False,False,99563.57567197268,False,False,False,False
2025-05-29 00:00:00+00:00,1.33,1.36,1.31,1.31,60070,,,,1.9073384177315584,1.9201645721354115,2.0721819721448913,2.2372487924016227,2.4419263373173767,2.4876871798725726,2.6656435835289822,1.2922274338521287,1.3134195418028773,1.3758267338250618,1.5962734025760443,1.9144336571268967,1.9084567621175337,1.9237846453257097,2.08441392661052,2.0870123668326728,2.170302649955002,,1.6244418726789551,2.038381790335639,2.231904843179799,2.4338085098257025,2.787188252641864,3.071548370763372,"rgba(239, 83, 80, 0.75)",0.0,0.0,0.1964021387288716,1.7306132179001499,-2.0397599562456223,0.0,0.0,0.0,0.0,0.0,0.0,0.0,0.0,39.40287882461212,-8.889436326648998,False,True,False,True,True,0.0,0,0.8910142348754447,1.079700474495848,False,False,False,False,-0.24549943076195133,-0.2599987179715866,False,False,False,False,-4042892,-3555487.501399314,False,False,False,False,98014.80799856198,False,False,False,False
2025-05-30 00:00:00+00:00,1.295,1.33,1.2801,1.33,46890,,,,1.905915730765964,1.9194912503470531,2.071420280844089,2.236388991601314,2.4409361146561124,2.486671330629285,2.664546231179298,1.292658611526647,1.3129689986258959,1.3739828380455434,1.5944698839414948,1.9131093606354599,1.9075205686922283,1.9231123204165206,2.083644748593033,2.0862415730868635,2.1694844398679396,,1.6225627098205961,2.037643390462493,2.2310484514838813,2.432823512851214,2.7860317699520953,3.0702490556154753,"rgba(239, 83, 80, 0.75)",0.0,0.0,0.19523734806449564,1.729217514982595,-2.2240494418063577,0.0,0.0,0.0,0.0,0.0,0.0,0.0,0.0,38.931752042069746,-8.889436326648998,False,True,False,True,True,0.0,0,0.8838297872340427,1.0740240518038853,False,False,False,False,-0.2753042345111373,-0.26765147624136193,False,False,False,False,-4089782,-3576440.2268346353,False,False,False,False,96009.91356724582,False,False,False,False
2025-06-02 00:00:00+00:00,1.275,1.31,1.242,1.28,199878,,,,1.899667374539352,1.9165171929264386,2.0680809950004257,2.232639986813709,2.4366382952564622,2.4822658119927574,2.659799308431995,1.289897394757374,1.3077168078349823,1.3645573761777088,1.5863612890844248,1.907290250301982,1.9033919446064613,1.9201432423320277,2.0802742613107976,2.08286434484788,2.1659097608171565,,1.614161422973378,2.0344015882496294,2.227313761647582,2.428547725402802,2.781036053766762,3.064650581951569,"rgba(239, 83, 80, 0.75)",0.0,0.0,0.19665641347827936,1.722704889413701,-2.27658422878311,0.0,0.0,0.0,0.0,0.0,0.0,0.0,0.0,37.975527878178355,-8.889436326648998,False,True,False,True,True,0.0,0,0.8867924528301887,1.0821968989351767,False,False,False,False,-0.3063715097443855,-0.2870114929928737,False,False,False,False,-4289660,-3604409.6297038654,False,False,False,False,100083.17185872639,False,False,False,False
2025-06-03 00:00:00+00:00,1.4,1.41,1.24,1.24,506535,,,,1.8861957066451243,1.909962009912837,2.060524877049259,2.22399682919028,2.42657568085055,2.471922525393221,2.6485519286063397,1.3074288297278922,1.318836546014598,1.3617119287373134,1.5720487804319208,1.8946891453562553,1.8943776158446806,1.9135934325547361,2.0726349094302563,2.0752070784678036,2.1577233194751027,,1.5988860611630913,2.0271012515659197,2.2187078713918105,2.4185417406988847,2.7691404726035764,3.051201075407552,"rgba(239, 83, 80, 0.5)",0.0,0.0,0.19529519008016138,1.6848860403250676,-1.4587458104223285,0.0,0.0,0.0,0.0,0.0,0.0,0.0,0.0,42.84737505544749,-12.022431578954269,False,False,False,True,True,0.0,0,0.8917583527726246,1.0514299358962587,False,False,False,False,-0.2502788168899046,-0.2686451549413892,False,False,False,False,-3783125,-3611418.0755978315,False,False,False,False,116022.45923681556,False,False,False,False
2025-06-04 00:00:00+00:00,1.37,1.42,1.36,1.4,79896,,,,1.8842592379675234,1.9090026095046426,2.0594027754527806,2.2227003775369387,2.4250541080799737,2.4703562632634974,2.6468405743565078,1.31076748825632,1.3214053405935053,1.3623585941168375,1.5702633862346156,1.8928718739223145,1.8930679507088224,1.9126343345241448,2.0714994297389824,2.0740687241778284,2.1564997135687984,,1.5969377962450166,2.026019950290545,2.2174173469421388,2.4170291243397424,2.767325857960824,3.049140108960986,"rgba(239, 83, 80, 0.5)",0.0,0.0,0.19502358579462684,1.683861988934416,-1.6093540053403284,0.0,0.0,0.0,0.0,0.0,0.0,0.0,0.0,44.97534018206203,-10.00525371942092,True,False,False,True,True,0.0,0,0.909363337194124,1.051477212141268,False,False,False,False,-0.16939859989814918,-0.2190218774197692,False,False,False,False,-3863021,-3621284.856946936,False,False,False,False,114605.73534517574,False,False,False,False
2025-06-05 00:00:00+00:00,1.3841,1.44,1.38,1.3999,102712,,,,1.881880408568208,1.907816491307291,2.058004018088815,2.2210752413399586,2.4231382757393445,2.4683826252874854,2.6446785996817535,1.3156163134200036,1.3253001053084998,1.3638029057964407,1.5682338641124012,1.8906365460530403,1.8914533290827586,1.9114482657935439,2.0700832826532007,2.0726488434536603,2.1549689075311664,,1.5946914424823533,2.024674040974702,2.2157998754843127,2.415124841206335,2.765030317088497,3.046526662535293,#000000,0.0,0.0,0.19536187028265872,1.65850149093745,-1.4045805895512413,0.0,0.0,0.0,0.0,0.0,0.0,0.0,0.0,46.935054872758336,-8.14743435782561,True,False,False,False,True,0.0,0,0.9161064605352336,1.0384664700602644,False,False,False,False,-0.1415465283214313,-0.18028420287060026,False,False,False,False,-3760309,-3626736.784125488,False,False,False,False,114139.31435124729,False,False,False,False
2025-06-06 00:00:00+00:00,1.36,1.44,1.36,1.39,96166,,,,1.8796068436689863,1.90667889146267,2.0566705876311815,2.219532314155567,2.4213253184008767,2.4665159982831786,2.642637351374078,1.319006664248518,1.327976598949033,1.3645689506271124,1.5662138631811537,1.8884997025173826,1.8899061361083487,1.910310905080179,2.068733776138485,2.071295883623127,2.153513429533819,,1.592478126971673,2.0233895602148135,2.2142640602363692,2.4133226228107305,2.762864964180631,3.0440654818791306,#000000,0.0,0.0,0.1933303083018444,1.6321675269942904,-1.4077850978717636,0.0,0.0,0.0,0.0,0.0,0.0,0.0,0.0,47.28030469798415,-7.760535740172529,True,False,False,False,True,0.0,0,0.9230103328237526,1.0386790193947657,False,False,False,False,-0.15327614869053013,-0.1667801757805652,False,False,False,False,-3856475,-3635746.125924488,False,False,False,False,113434.47849433562,False,False,False,False
2025-06-09 00:00:00+00:00,1.31,1.375,1.3,1.36,135255,,,,1.876069980619056,1.9049087221593977,2.054641586375629,2.2172205415901,2.4186429908536997,2.463760277065944,2.6396447512031522,1.3195932427093393,1.327997217367349,1.3629382433186912,1.5625489656694058,1.8851789635756429,1.8874956408671566,1.9085422798261011,2.066683164544948,2.0692406191615444,2.1513206324030754,,1.5885836308453534,2.021426988187249,2.2119620023518074,2.41065509502898,2.759702335097399,3.040494821572064,"rgba(239, 83, 80, 0.5)",0.0,0.0,0.19307109972631256,1.6262431509426545,-1.637962136181666,0.0,0.0,0.0,0.0,0.0,0.0,0.0,0.0,45.678291559320186,-7.760535740172529,True,False,False,True,True,0.0,1,0.9078511555613124,1.052735784467924,False,False,False,False,-0.21228940228856474,-0.18953478903456497,False,False,False,False,-3991730,-3649706.277849018,False,False,False,False,114290.18522004795,False,False,False,False
2025-06-10 00:00:00+00:00,1.305,1.35,1.3,1.31,90932,,,,1.8736746002788074,1.9037041802774308,2.0532651369868087,2.215655657009909,2.416830577644137,2.461898842492866,2.6376251893591705,1.3195421314329419,1.327635749613957,1.361628333160014,1.560045367503041,1.882928777217766,1.8858578883212098,1.9073388732843641,2.065292325375806,2.0678466807837608,2.1498351198999943,,1.5859311321896215,2.0200948213704084,2.2104036022966973,2.4088525743849405,2.7575691256562926,3.0380886359987005,"rgba(239, 83, 80, 0.5)",0.0,0.0,0.19382989198522832,1.6232319750852198,-1.641810619744204,0.0,0.0,0.0,0.0,0.0,0.0,0.0,0.0,44.43405678232584,-7.760535740172529,True,False,False,True,False,0.0,1,0.9200582752759671,1.0449018472515366,False,False,False,False,-0.19401539478299587,-0.19177509190878042,False,False,False,False,-4082662,-3666684.933619645,False,False,False,False,113374.17795651665,False,False,False,False
2025-06-11 00:00:00+00:00,1.29,1.39,1.28,1.315,126304,,,,1.8703912502678155,1.9020440038280078,2.0513660897804935,2.213495080559293,2.4143268348954554,2.4593270900178292,2.634833782223188,1.3195665551429374,1.327258635158924,1.3599968413436725,1.5566752551443868,1.8798418993686965,1.8836052702762232,1.9056801747361714,2.0633733050681706,2.065923359549853,2.1477846393383775,,1.5823544708312616,2.0182571781218144,2.2082520177031855,2.406362543086916,2.7546199845193846,3.0347608211202455,"rgba(239, 83, 80, 0.5)",0.0,0.0,0.19493547095851016,1.619833334962837,-1.6920129176133287,0.0,0.0,0.0,0.0,0.0,0.0,0.0,0.0,43.05291863174786,-7.760535740172529,True,False,False,True,False,0.0,1,0.9490871787078022,1.022796785653223,False,False,False,False,-0.1761178651807934,-0.1839464785447869,False,False,False,False,-4208966,-3687950.857791424,False,False,False,False,113881.22980135915,False,False,False,False
2025-06-12 00:00:00+00:00,1.3,1.38,1.29,1.2901,37317,,,,1.8694344412575108,1.9015581028706,2.0508094386769127,2.2128610974454124,2.413591527164152,2.45857168788429,2.634013397419481,1.3196249990575675,1.3272021814090957,1.3595771601175901,1.5557113468799275,1.8789417296244615,1.8829470698360549,1.9051946762930343,2.0628107468767687,2.0653595296386382,2.14718318656451,,1.5813292648875026,2.017718667225215,2.2076206904300064,2.405631282482673,2.753752982906709,3.033781977643731,"rgba(239, 83, 80, 0.5)",0.0,0.0,0.19646519073655147,1.6189554266321218,-1.6234704246403762,0.0,0.0,0.0,0.0,0.0,0.0,0.0,0.0,42.691830585286084,-7.760535740172529,True,False,False,True,False,0.0,1,0.9412650889605065,1.0171627986803715,False,False,False,False,-0.1761178651807934,-0.18003217186279014,False,False,False,False,-4171649,-3706919.4123878386,False,False,False,False,110878.71098561959,False,False,False,False
2025-06-13 00:00:00+00:00,1.27,1.31,1.2501,1.28,72432,,,,1.8674290273823537,1.9005414229935178,2.049662304486973,2.2115687384942304,2.412106200474917,2.4570482099691473,2.632367411656074,1.318370075442627,1.3258306799703499,1.3577758000823617,1.5534920251711324,1.8770568406407149,1.8815678181243025,1.904179294733893,2.0616525578696114,2.0641989558954186,2.1459523336969246,,1.5790068083681632,2.016605763882533,2.206333370047853,2.4041536906758547,2.7520183691398836,3.031833530336277,"rgba(239, 83, 80, 0.5)",0.0,0.0,0.19783491161124897,1.6163010230057018,-1.7504545592346854,0.0,0.0,0.0,0.0,0.0,0.0,0.0,0.0,41.26314813034648,-4.121714453956969,False,False,False,True,False,0.0,1,0.9374690110225407,1.0219306609710515,False,False,False,False,-0.2761854899606527,-0.2281088309117214,False,False,False,False,-4244081,-3727984.5726863546,False,False,False,False,109370.9968293208,False,False,False,False
2025-06-16 00:00:00+00:00,1.305,1.34,1.27,1.27,79936,,,,1.8653368189507638,1.8994739728444778,2.0484464726772806,2.210189675539495,2.410512236711071,2.4554116533259696,2.630593352115842,1.3179521854353144,1.3252245348584506,1.3565395169570542,1.5513296698678691,1.8750877370421368,1.8801238182077187,1.9031128882809345,2.0604242744868846,2.0629679900986986,2.144642090567153,,1.5767206278784702,2.015428265103562,2.2049599320074114,2.4025683212965423,2.7501454018385916,3.0297228236445672,"rgba(239, 83, 80, 0.5)",0.0,0.0,0.19889272086829352,1.614243761951035,-1.5548269469138385,0.0,0.0,0.0,0.0,0.0,0.0,0.0,0.0,42.32823752654121,-4.121714453956969,False,False,False,True,False,0.0,1,0.947029376382475,1.033955527959952,False,False,False,False,-0.23019443250409236,-0.22915163170790687,False,False,False,False,-4164145,-3745088.9031692427,False,False,False,False,108216.68322817096,False,False,False,False
2025-06-17 00:00:00+00:00,1.295,1.31,1.28,1.3,56011,,,,1.8638540653022744,1.8987157461936375,2.0475854771822686,2.2092152184628278,2.40938800326011,2.4542577449970606,2.6293437387075507,1.3174602882159818,1.3246205893307283,1.3555457204164296,1.5497761945378588,1.8736919866283055,1.8790987943023896,1.9023554629537058,2.0595546304790107,2.062096482277313,2.1437155305097084,,1.5750831814319193,2.014593932115841,2.203989392204592,2.4014500819157654,2.748826842289425,3.0282383700589977,"rgba(239, 83, 80, 0.5)",0.0,0.0,0.1997495954961598,1.6127186939470897,-1.590584917871325,0.0,0.0,0.0,0.0,0.0,0.0,0.0,0.0,42.59432866128381,-4.121714453956969,False,False,False,True,False,0.0,1,0.9790811974491247,1.029448799707543,False,False,False,False,-0.24850274241787615,-0.23882718706289152,False,False,False,False,-4220156,-3763718.9853979,False,False,False,False,106169.40153294857,False,False,False,False
2025-06-18 00:00:00+00:00,1.27,1.2999,1.25,1.28,67204,,,,1.8620176687903636,1.8977758953936212,2.0465253051812473,2.2080210779446183,2.4080158864136187,2.4528504098657167,2.6278231573602784,1.3163532116092258,1.3234189830476584,1.353982414114302,1.5477802960333484,1.8719636879649937,1.8778281483971602,1.9014167824249344,2.058484263601585,2.061023916344346,2.142578117740324,,1.5729931774649328,2.0135653052490095,2.2027998982897894,2.400085099209983,2.747224370645063,3.026438361707187,"rgba(239, 83, 80, 0.5)",0.0,0.0,0.20085604185467806,1.6105986649882755,-1.6957352233133371,0.0,0.0,0.0,0.0,0.0,0.0,0.0,0.0,41.67753188333725,-4.186511001697532,False,False,False,True,False,0.0,1,0.9890353145623435,0.9907110495065893,False,False,False,False,-0.28572232880767473,-0.2622747579352831,False,False,False,False,-4287360,-3784253.927147002,False,False,False,False,104641.34657087215,False,False,False,False
2025-06-20 00:00:00+00:00,1.23,1.29,1.23,1.27,110331,,,,1.8589090913892619,1.8961816793474593,2.0447388090937286,2.2060185081703456,2.405724302316966,2.4505017053485076,2.625291335768336,1.3137302390126302,1.3207012904727984,1.3508357686442722,1.5442924106625482,1.8690381633127138,1.8756736487252916,1.899824839070699,2.05668135423397,2.0592174631586335,2.140667343276561,,1.5693620804046569,2.0118297925250306,2.2008048597724086,2.3978051201478903,2.7445596056760633,3.023452054147391,"rgba(239, 83, 80, 1.0)",0.0,0.0,0.2031201171276757,1.6067404226388469,-1.8547666669670058,0.0,0.0,0.0,0.0,0.0,0.0,0.0,0.0,39.49732637677795,-6.419792787033607,False,True,False,True,False,0.0,1,1.0241707490774115,0.978418974038026,False,False,False,False,-0.3232830532276856,-0.29277890558148434,False,False,False,False,-4397691,-3808310.282945159,False,False,False,False,104864.47023475952,False,False,False,False
2025-06-23 00:00:00+00:00,1.21,1.24,1.195,1.23,233177,,,,1.852070395287464,1.8926569930258943,2.0408242910348484,2.201659696181988,2.4007651423488285,2.4454240906303104,2.6198356006098575,1.3061178103518876,1.3130321179977533,1.3426705679401005,1.5363378484360388,1.8626004148135187,1.8709165475028289,1.89630600297143,2.052733181022987,2.055262012821955,2.136498209366159,,1.5611380999339632,2.0080204139195637,2.196461647337892,2.3928701282282585,2.738827739345049,3.0170497056179353,"rgba(239, 83, 80, 1.0)",0.0,0.0,0.20344704027873448,1.5978185491578336,-1.9062383440255475,0.0,0.0,0.0,0.0,0.0,0.0,0.0,0.0,37.32927796842327,-8.557442378181165,False,True,False,True,False,0.0,1,1.0027013641889155,1.0003376705236147,False,False,False,False,-0.34282825441539394,-0.3178035799984391,False,False,False,False,-4630868,-3840567.4483198584,False,False,False,False,109896.33414712189,False,False,False,False
2025-06-24 00:00:00+00:00,1.1846,1.2699,1.17,1.24,174372,,,,1.846996691530855,1.8900186052136634,2.037897006714671,2.1984027083282207,2.3970623301878877,2.4416332561366327,2.6157635442971157,1.3007779722212756,1.3076352100342308,1.336884513386407,1.5305147952917528,1.8578184913919018,1.867367074208716,1.893671968882229,2.0497809345063027,2.052304368535899,2.1333820133472585,,1.5551167636971013,2.0051710996688104,2.1932162397836397,2.3891852679390864,2.7345502948206506,3.0122734716133763,"rgba(239, 83, 80, 1.0)",0.0,0.0,0.204076221513841,1.591699155606748,-1.9948387547891622,0.0,0.0,0.0,0.0,0.0,0.0,0.0,0.0,35.02017048408204,-10.767271717250004,False,True,False,True,False,0.0,1,0.985500241662639,0.9982278073143226,False,False,False,False,-0.33839855149754156,-0.32810106574799036,False,False,False,False,-4805240,-3878397.7444641776,False,False,False,False,112424.79163154849,False,False,False,False
2025-06-25 00:00:00+00:00,1.2,1.2,1.16,1.17,105338,,,,1.8438683715609439,1.8883846421361659,2.036093023486682,2.19640299557668,2.3947963333475415,2.439314729200078,2.6132775806159376,1.2971397974126735,1.3039876976766376,1.333079680020429,1.5268681390877714,1.8548689587254157,1.865171865818041,1.8920408976937293,2.0479621583419876,2.0504823907839103,2.1314661275513296,,1.5513584963204226,2.0034134774530123,2.191223431795858,2.386930009943814,2.7319416230771996,3.009366113755598,"rgba(239, 83, 80, 1.0)",0.0,0.0,0.20472695032009441,1.5544127933568532,-1.731148697339174,0.0,0.0,0.0,0.0,0.0,0.0,0.0,0.0,34.63545219398212,-11.16800248780988,False,True,False,True,False,0.0,0,0.9513031060335592,1.0428418421992145,True,False,False,False,-0.34282825441539394,-0.3354646600816922,False,False,False,False,-4699902,-3910613.5976224453,False,False,False,False,112146.87823423286,False,False,False,False
2025-06-26 00:00:00+00:00,1.25,1.28,1.195,1.21,149764,,,,1.8398393548877436,1.8862556464143283,2.0337065598567152,2.193727603088293,2.3917352296938246,2.436177167200437,2.6098937108342497,1.2947342889974558,1.3014258611234322,1.3299022200678707,1.5226316824445982,1.8510613400213611,1.8623261240813966,1.8899146503564208,2.0455537596837594,2.0480692582015796,2.1289133266992932,,1.546931510281423,2.0010949426289804,2.188558090476287,2.3838843901562554,2.7283793227695416,3.0053727412961044,"rgba(239, 83, 80, 0.75)",0.0,0.0,0.2051285816218142,1.5524118993520974,-1.474255303483938,0.0,0.0,0.0,0.0,0.0,0.0,0.0,0.0,37.70616285892904,-11.16800248780988,False,True,False,True,True,0.0,0,0.9331242968955694,1.0323128844634863,False,False,False,False,-0.25010263129526894,-0.2927836456884806,False,False,False,False,-4550138,-3935692.9859509766,False,False,False,False,113622.05947994922,False,False,False,False
2025-06-27 00:00:00+00:00,1.22,1.3,1.195,1.25,94533,,,,1.8373098072757816,1.884912085705649,2.0322012516244006,2.1920406803476795,2.389805797784271,2.43419964330184,2.607761167474176,1.2932316345576276,1.29983018165513,1.3279362796120182,1.5199908047509694,1.8486691561800337,1.8605336139612023,1.8885728132379571,2.0440346671223297,2.0465471907472703,2.127303467188019,,1.5441719068685893,1.9996323134402503,2.186877486214753,2.38196469446212,2.7261344846682913,3.002856601356965,"rgba(239, 83, 80, 0.75)",0.0,0.0,0.20568524332703525,1.550428082488454,-1.606474422489708,0.0,0.0,0.0,0.0,0.0,0.0,0.0,0.0,38.429259328578055,-11.16800248780988,False,True,False,True,True,0.0,0,0.9373064466561076,1.0106380463818825,False,False,False,False,-0.23443777403328778,-0.2636107098608842,False,False,False,False,-4644671,-3963496.0453254483,False,False,False,False,112873.46891210809,False,False,False,False
2025-06-30 00:00:00+00:00,1.29,1.34,1.23,1.23,177618,,,,1.832993040547982,1.8825902660794553,2.029559547340961,2.1890469980006553,2.3863494315861726,2.430651140076523,2.6039130043399132,1.292918669839106,1.2992330349401022,1.3263360531613906,1.5159883846383682,1.8445766018703966,1.8574528457249875,1.8862528221867891,2.0413661519093638,2.0438729025411457,2.124457994385967,,1.5399168379359498,1.9970728103779318,2.1838959089113525,2.378526832004808,2.722071331068151,2.9982773226878465,"rgba(239, 83, 80, 0.5)",0.0,0.0,0.2050274915602167,1.5487135021001597,-1.2618478630909618,0.0,0.0,0.0,0.0,0.0,0.0,0.0,0.0,42.692147809530454,-11.916300726128753,False,False,False,True,True,0.0,1,0.9491238122523037,1.0182877333715323,False,False,False,False,-0.17662427840474415,-0.22011749413281417,False,False,False,False,-4467053,-3983243.376881313,False,False,False,False,115412.47013124112,False,False,False,False
2025-07-01 00:00:00+00:00,1.335,1.35,1.241,1.29,57954,,,,1.8316552841866915,1.881864410850705,2.0287270520895757,2.1880981947509652,2.3852488225427364,2.429520237092289,2.602683143885368,1.293159872031441,1.2993706301881351,1.3261152990088958,1.5148344525511792,1.8433062799656692,1.856493252083774,1.8855273430840713,2.0405247837625735,2.043029625843528,2.1235579950730465,,1.5386767177290397,1.996267395184249,2.182951084676328,2.3774322832627104,2.7207707888876964,2.996807595044308,#000000,0.0,0.0,0.20305224741026062,1.548324051513902,-1.0505870003146907,0.0,0.0,0.0,0.0,0.0,0.0,0.0,0.0,47.4479681102598,-7.60555421211653,True,False,False,False,True,0.0,1,0.939241971260488,1.032548943967596,False,False,False,False,-0.1606594315147868,-0.19038846282380048,False,False,False,False,-4409099,-3999943.5973957716,False,False,False,False,113159.19679276107,False,False,False,False
2025-07-02 00:00:00+00:00,1.33,1.35,1.24,1.24,144470,,,,1.8283373633500368,1.8800566528720373,2.0266543810915008,2.1857365016219967,2.382509864532731,2.426705965411966,2.5996227206920297,1.293656612225316,1.2996266038651183,1.3255278756731683,1.511985672885186,1.8401538876827643,1.8541070058906535,1.8837205071281486,2.0384300679037612,2.040930168210894,2.12131757787582,,1.5356160550696916,1.994261989458076,2.180599279144154,2.374708387007231,2.717534565214619,2.9931505805441527,#000000,0.0,0.0,0.19865281554587572,1.5470734608712784,-1.0927278341099005,0.0,0.0,0.0,0.0,0.0,0.0,0.0,0.0,50.3492549804877,-5.114744646228509,True,False,False,False,True,0.0,1,0.9364427259545675,1.0349444175930402,False,False,False,False,-0.16141776139249361,-0.17590311210814705,False,False,False,False,-4553569,-4021654.3974978984,False,False,False,False,114387.07142833907,False,False,False,False
2025-07-03 00:00:00+00:00,1.38,1.39,1.33,1.33,112933,,,,1.8260677527958467,1.878798457623,2.0251767620421206,2.1840245545415673,2.3804973419468545,2.42463316253413,2.597350969236433,1.2956969098099733,1.3014161201549035,1.3264767793073402,1.5104475547531617,1.8379895786488212,1.8524589069544315,1.8824619722548523,2.0369345053179897,2.0394307555477074,2.11970313080831,,1.5338915960470045,1.9928385424990063,2.178895247019372,2.3727078108879724,2.7151222337856225,2.9904041869207485,"rgba(38, 166, 154, 1.0)",0.0,0.0,0.18951650394740813,1.5472976540968861,-0.8827603433593956,0.0,0.0,0.0,0.0,0.0,0.0,0.0,0.0,54.25583245388651,-1.6669912117735066,True,False,True,False,True,0.0,1,0.9627102120399709,1.014623446258835,False,False,False,False,-0.0640478563942818,-0.11997548425121443,False,False,False,False,-4440636,-4038085.0485764123,False,False,False,False,114330.0490193846,False,False,False,False
2025-07-07 00:00:00+00:00,1.37,1.47,1.35,1.38,70202,,,,1.8247595182039051,1.8780650694323346,2.0243032608398215,2.1830028947333715,2.379287221634648,2.4233851583519823,2.595977327329843,1.2974209650210715,1.3029708328470095,1.327468960304871,1.5097038216521965,1.8367391358497147,1.8515029341918219,1.881728041985457,2.036049638440836,2.0385434528291166,2.118742869650668,,1.5330264069452249,1.9919991795168916,2.177878561132594,2.3715051647379135,2.71366027079237,2.9887330854880623,"rgba(38, 166, 154, 1.0)",0.0,0.0,0.18230262625293778,1.5477228419245967,-0.9748781220409471,0.0,0.0,0.0,0.0,0.0,0.0,0.0,0.0,56.26368774431599,0.019437879233095146,True,False,True,False,True,0.0,1,0.9564579256360078,1.0159001956947162,False,False,False,False,0.009939787655699212,-0.05501784829775761,False,False,False,False,-4510838,-4056624.3800047883,False,False,False,False,112599.53729313423,False,False,False,False
2025-07-08 00:00:00+00:00,1.365,1.38,1.355,1.37,46930,,,,1.8238284243651404,1.8775455674855215,2.0236928320844765,2.1822953926741873,2.378455268154218,2.4225282287809202,2.5950378735977484,1.2982024570045647,1.3036583469874221,1.327835898910457,1.5090815154435655,1.8358504435625924,1.8508240960108104,1.881208377376071,2.0354317772338653,2.0379239970372556,2.118075745490311,,1.532328173414734,1.9914111734016928,2.177174336335758,2.37067815715376,2.7126625347133384,2.9875968943308933,"rgba(38, 166, 154, 1.0)",0.0,0.0,0.17348485701753363,1.5476942689108248,-1.0530848170359932,0.0,0.0,0.0,0.0,0.0,0.0,0.0,0.0,57.288600126076716,0.9091796425001775,True,False,True,False,True,0.0,0,0.9576714256987734,1.03770359943696,False,False,False,False,-0.05292479938170184,-0.053971323839729725,False,False,False,False,-4557768,-4076277.0709849927,False,False,False,False,110024.26132085445,False,False,False,False
2025-07-09 00:00:00+00:00,1.33,1.3697,1.31,1.36,140445,,,,1.8208824815178337,1.8759059385090109,2.0217894038560567,2.180107527825744,2.3758998450106064,2.4198991517137713,2.592166295349228,1.2994558519087849,1.3046880817423068,1.3280738247016,1.5068642409524786,1.8330415222016299,1.8486782847565142,1.8795688395015,2.0335066149038314,2.035994166768448,2.116006637187148,,1.529899805438914,1.9895736014432754,2.1749961287691773,2.368137371928616,2.709618897190178,2.9841431984151607,"rgba(38, 166, 154, 1.0)",0.0,0.0,0.16602881854475493,1.5467359214198173,-1.3054114539843795,0.0,0.0,0.0,0.0,0.0,0.0,0.0,0.0,55.84951560458339,0.9091796425001775,True,False,True,False,True,0.0,0,0.9384030418250949,1.037617237008872,False,False,False,False,-0.08886743960204455,-0.07141938172088713,False,False,False,False,-4698213,-4100666.7152600912,False,False,False,False,111217.23146513467,False,False,False,False
2025-07-10 00:00:00+00:00,1.35,1.365,1.26,1.29,134451,,,,1.8180288879958781,1.8743121078242462,2.0199464726313594,2.177995042649629,2.373438105544401,2.4173674335247575,2.5894043117599437,1.3002305557090683,1.305278840096911,1.3279956725076754,1.5046537586567736,1.8303199720381127,1.8465947444553288,1.877975258988263,2.0316431042714873,2.034126234689867,2.1140068318924885,,1.5274951132145556,1.9877931017626873,2.172892812301299,2.3656895515837153,2.706693305952564,2.9808272950610557,"rgba(38, 166, 154, 1.0)",0.0,0.0,0.15886234375409083,1.5454857960313144,-1.2305357670784107,0.0,0.0,0.0,0.0,0.0,0.0,0.0,0.0,55.88062488553285,0.9091796425001775,True,False,True,False,True,0.0,0,0.925405351136991,1.032628884092164,False,False,False,False,-0.12992249409590018,-0.10067093790839365,False,False,False,False,-4563762,-4118827.3146616565,False,False,False,False,112128.35964297251,False,False,False,False
2025-07-11 00:00:00+00:00,1.38,1.38,1.3087,1.37,121646,,,,1.8156369958432519,1.8729595401174997,2.0183620035094814,2.176162377980513,2.371286793184811,2.4151521073092788,2.5869772045578543,1.3017262103361438,1.3065852961687554,1.328630634058527,1.5030393356598755,1.8280332740314167,1.8448359022355776,1.8766223130782818,2.0300396490389176,2.0325187056285565,2.1122774594823093,,1.5256957241430464,1.9862659028325005,2.171068533328444,2.3635509088384286,2.7041165727047676,2.977894970539483,"rgba(38, 166, 154, 1.0)",0.0,0.0,0.1512986913121615,1.5449287461242764,-1.0900870635027062,0.0,0.0,0.0,0.0,0.0,0.0,0.0,0.0,57.28787290227216,1.1831897021070787,True,False,True,False,True,0.0,0,0.9384673272293993,1.0288473598394583,False,False,False,False,-0.024452846021453697,-0.06256189196492368,False,False,False,False,-4442116,-4131505.3023219835,False,False,False,False,112501.60044128733,False,False,False,False
2025-07-14 00:00:00+00:00,1.36,1.39,1.34,1.39,82674,,,,1.8140503976167395,1.872056896769163,2.0173009660020624,2.1749322517378045,2.369840078497185,2.413661841674664,2.585342605356925,1.3028244869645471,1.3075572188109403,1.3291529896565857,1.5020141297332414,1.8265149184167042,1.8436649938208833,1.8757193020726455,2.0289656719148006,2.031441953003319,2.111117623526577,,1.5245445763913699,1.985243833960524,2.1698441101629995,2.362112800916575,2.702380153322006,2.9759168146116304,"rgba(38, 166, 154, 1.0)",0.0,0.0,0.14412674580950505,1.5446042268172229,-1.2808464229201257,0.0,0.0,0.0,0.0,0.0,0.0,0.0,0.0,56.92878214311001,1.1831897021070787,True,False,True,False,True,0.0,0,0.9670176328808829,1.0126855258150451,False,False,False,False,0.013944468841700692,-0.024308711561611494,False,False,False,False,-4524790,-4146928.23164269,False,False,False,False,111331.89062006038,False,False,False,False
2025-07-15 00:00:00+00:00,1.37,1.39,1.34,1.36,100180,,,,1.8121568029161552,1.8709745354714056,2.0160263838059063,2.1734527314156544,2.368098368586449,2.4118673785337266,2.5833731137739893,1.304174440700266,1.3087590097484085,1.3298249671531883,1.500821203787138,1.8247014440816243,1.8422635509579144,1.8746364203246557,2.0276754044718337,2.030148321758894,2.109723243643721,,1.5231997572906828,1.9840164441988193,2.1683714955535702,2.360381506814626,2.7002872920909837,2.9735312167376327,"rgba(38, 166, 154, 1.0)",0.0,0.0,0.1364657787415866,1.5442229156898846,-1.2766784266097602,0.0,0.0,0.0,0.0,0.0,0.0,0.0,0.0,57.191347008185346,1.6535672186475168,True,False,True,False,True,0.0,0,0.9832969292046768,1.0077091095978417,False,False,False,False,0.013944468841700692,-0.005182121359955401,False,False,False,False,-4424610,-4157817.7127547413,False,False,False,False,110894.56157613645,False,False,False,False
2025-07-16 00:00:00+00:00,1.38,1.39,1.35,1.38,98346,,,,1.8103409880803794,1.8699304758447395,2.0147927797967924,2.1720175143049265,2.3664057605165847,2.4101229380001716,2.5814564199239207,1.305580851080695,1.3100226535520674,1.3305768373568392,1.499727584004617,1.822960738502596,1.840914924678073,1.8735917280047054,2.026426364436103,2.028895972397174,2.1083716980635727,,1.5219569437353138,1.9828292136617631,2.1669430612948766,2.3586991185253665,2.6982493532500063,2.971205849862751,"rgba(38, 166, 154, 1.0)",0.0,0.0,0.12948808123515523,1.5439067053820041,-1.2658053453147051,0.0,0.0,0.0,0.0,0.0,0.0,0.0,0.0,57.88012327856142,2.657785072451553,True,False,True,False,True,0.0,0,0.9840144385716129,1.0012891581797088,False,False,False,False,0.02324352206991908,0.00903070035498184,False,False,False,False,-4326264,-4164423.4495094577,False,False,False,False,110402.46112217031,False,False,False,False
2025-07-17 00:00:00+00:00,1.54,1.55,1.36,1.36,445557,,,,1.804323435079706,1.8662904398755746,2.0102110594496816,2.166465962412077,2.3596504740251767,2.403123378549412,2.5736321251723595,1.3205760121815977,1.3241365123416795,1.3416680753996029,1.4991142782152895,1.817128687588175,1.8363157172068392,1.869941619693082,2.0217699388926222,2.0242235922005505,2.1032172778009492,,1.5205583762896517,1.9784681822575063,2.1614234780848887,2.3519912699540306,2.6898544289866253,2.9614743400297874,"rgba(38, 166, 154, 1.0)",0.0,0.0,0.12576042693854053,1.5484081761615656,-0.06685868016076811,0.0,0.0,0.0,0.0,1.0,1.57,1.39,889.0,63.64671577323843,8.307949797900172,True,False,True,False,True,2.2910783284086733,0,1.0037797656545295,0.9559027340304902,False,False,False,False,0.18329290072959084,0.09616180054228635,False,False,False,False,-3880707,-4153297.314234577,False,False,False,False,123545.77637228128,False,False,False,False
2025-07-18 00:00:00+00:00,1.78,1.86,1.57,1.58,629030,,,1.7366666666666666,1.8026102563368671,1.8645899860521509,2.006921782377016,2.1616296594840554,2.352994261989971,2.396092275724622,2.5652967915748297,1.3648576309778033,1.3666748617744056,1.3783931842065031,1.5110311180848004,1.815224215589248,1.834538527531565,1.8682047268789779,2.0183601823576427,2.0207882823392427,2.0989988737308543,,1.531068731260632,1.9755240048279494,2.1566362515721478,2.3454057067108613,2.6806456733824,2.9502681319157467,"rgba(38, 166, 154, 1.0)",0.0,0.0,0.13103785276643473,1.5660880415096747,1.6324440150252426,0.0,0.0,0.0,0.0,1.0,1.58,1.55,889.0,70.73454015561923,14.8725685857667,True,False,True,False,True,9.79068271558097,0,1.0458499882435928,0.8731483658593934,False,False,False,False,0.34282811597475066,0.2194949582585185,False,False,False,False,-3251677,-4117939.654852829,False,True,False,False,143368.68710278007,False,False,False,False
2025-07-21 00:00:00+00:00,1.59,1.85,1.58,1.76,652442,,,1.7044214621934775,1.799301811770841,1.862022560604027,2.0028124517207844,2.155996365904032,2.345544766932155,2.3882689931974905,2.556177313933317,1.3955233993184115,1.3963041370617324,1.4043343088968825,1.5190583842930185,1.81182424254644,1.8316106702533124,1.8656056933090635,2.0141326163930593,2.016535601546549,2.0939777615782313,,1.5379006095538965,1.9717551785136258,2.151051727838156,2.3380269917891368,2.6706519581418307,2.9382640739490182,"rgba(38, 166, 154, 1.0)",0.0,0.0,0.1300520350883092,1.5776432510952518,0.09501388345332427,0.0,0.0,0.0,0.0,0.0,0.0,0.0,0.0,68.25633068569412,14.8725685857667,True,False,True,False,True,3.2690408490968075,0,1.0411751613621192,0.8853772535054532,False,False,False,False,0.34282811597475066,0.2811615371166346,False,False,False,False,-3904119,-4109554.53113311,False,False,False,False,163332.34643208282,False,False,False,False
2025-07-22 00:00:00+00:00,1.67,1.67,1.51,1.61,227087,,,1.6912115226075568,1.797689361814433,1.860881513124947,2.0011638958851905,2.1538394001440393,2.3427747262221037,2.3853729413713927,2.552845871960739,1.4029191840224724,1.4034736459590837,1.4106413527811097,1.5207102233217806,1.8102100708693292,1.830260433859055,1.8644554339491,2.0124447440465425,2.014839366133807,2.0920261027053306,,1.5391955020522365,1.9702204522537954,2.148911163597676,2.335280926354323,2.667024932412814,2.933953945411349,"rgba(38, 166, 154, 0.75)",0.0,0.0,0.13174279450005175,1.579596090322829,0.6862152121506382,0.0,0.0,0.0,0.0,0.0,0.0,0.0,0.0,67.89416629204436,14.8725685857667,True,False,True,False,False,5.56363612232256,0,1.0228608752449382,0.9379490529065974,False,False,False,False,0.17763952967565347,0.22940053339614402,False,False,False,False,-3677032,-4092592.8632455375,False,False,False,False,165832.52892494234,False,False,False,False
2025-07-23 00:00:00+00:00,1.6,1.68,1.58,1.68,148089,,,1.6848458715027776,1.7966721753443655,1.860153186641598,2.000105648477655,2.152450730731047,2.340987869479027,2.3835041761400615,2.5506937450923077,1.4075525080581976,1.4079722208091423,1.4146196667282163,1.521794024192221,1.8091896199060629,1.829402612021154,1.8637210446378691,2.0113609476987695,2.013750135858448,2.090770817408565,,1.5400525980974018,1.969236114872964,2.1475331476665396,2.333509639084898,2.6646805410166317,2.9311653914758478,"rgba(38, 166, 154, 0.75)",0.0,0.0,0.13212865533388476,1.5809088624416934,0.1444890021022619,0.0,0.0,0.0,0.0,0.0,0.0,0.0,0.0,65.58968383792195,14.8725685857667,True,False,True,False,False,3.326511297067846,0,1.0356525496974938,0.9416594641313744,False,False,False,False,0.22906410473583508,0.22923231906598956,False,False,False,False,-3825121,-4082103.770569242,False,False,False,False,165136.7042612191,False,False,False,False
2025-07-24 00:00:00+00:00,1.6,1.62,1.54,1.58,119770,,,1.6782264140534493,1.7957043677694662,1.859486037267091,1.9991793775352984,2.151262908421324,2.3394826464444702,2.381933741404814,2.548898338266076,1.4105919474124518,1.4109252220464248,1.4172237615078778,1.5223617185823521,1.808228276848475,1.8286043081531569,1.863049518387233,2.0104144885053943,2.01279937918657,2.0896889130562255,,1.540449082805596,1.968368450207289,2.1463537993908566,2.332016851654263,2.662731877136823,2.9288616180963793,"rgba(38, 166, 154, 0.75)",0.0,0.0,0.13403220109253544,1.5814632284912447,0.13830088111406677,0.0,0.0,0.0,0.0,0.0,0.0,0.0,0.0,64.05336220184034,20.595029620815993,True,False,True,False,False,3.326511297067846,0,1.0183664649956787,0.9665082108902335,False,False,False,False,0.1649374254882766,0.1970848722771331,False,False,False,False,-3825121,-4072026.0148606445,False,False,False,False,163357.61781960266,False,False,False,False
2025-07-25 00:00:00+00:00,1.59,1.61,1.55,1.61,70825,,,1.674588125835818,1.7951271891690985,1.8590882517571148,1.998629174814374,2.150558710152662,2.3385914396897407,2.3810041066823096,2.5478361153721685,1.4123081250032439,1.412593718948895,1.4186973390946855,1.5226756087144713,1.8076551988690919,1.8281282335217248,1.8626491755345698,2.009852402894047,2.0122347638790488,2.089047095045445,,1.540663701161672,1.9678527486602928,2.145654592617359,2.331132973385673,2.6615793027562686,2.927499637567584,"rgba(38, 166, 154, 0.75)",0.0,0.0,0.1351724141988314,1.5817636247178841,0.060932367975618844,0.0,0.0,0.0,0.0,0.0,0.0,0.0,0.0,62.71047094253605,19.198730467674935,True,False,True,False,False,3.0043157025524145,0,1.018486298390605,0.9728142670726403,False,False,False,False,0.1649374254882766,0.18101114888270486,False,False,False,False,-3895946,-4065120.9162386586,False,False,False,False,159728.88770903,False,False,False,False
2025-07-28 00:00:00+00:00,1.47,1.6,1.4,1.59,612849,,,1.6286042161566858,1.7881163874152932,1.8545444740427703,1.992871933213785,2.1435466767389726,2.3300244209275824,2.3721187116262583,2.5378613005896975,1.4184583587884863,1.418574881159592,1.4237804705095634,1.5212820905522662,1.8008021327976884,1.8225429714688992,1.858090527908202,2.003998829235143,2.006360630068969,2.0825480910776184,,1.5385607864945827,1.9623781187704086,2.1386838121791842,2.322627241322029,2.6508534598294484,2.915018178114832,"rgba(38, 166, 154, 0.75)",0.0,0.0,0.13269395368336934,1.5782813051148734,-0.8160229016406528,0.0,0.0,0.0,0.0,-1.0,1.55,1.5,895.0,58.38457419394407,15.016006868380671,True,False,True,False,False,0.0,0,0.9841370558375636,0.9735617597292726,False,False,False,False,0.06485706770491896,0.1229341082938119,False,False,False,False,-4508795,-4082519.899915574,False,False,False,False,177498.30387730335,False,False,False,False
2025-07-29 00:00:00+00:00,1.42,1.5,1.41,1.5,169424,,,1.6166669113251262,1.7859401601856355,1.8531497200139877,1.9911576760902412,2.1414978192290075,2.327556595374268,2.3695651978632997,2.5350155022864307,1.4189910779106873,1.4190926964301973,1.4241583745101982,1.5203737906904564,1.798682766482099,1.8208191819206287,1.8566925993238197,2.0022589604205545,2.004615287883534,2.08063668269751,,1.5374804643558828,1.9607393653452765,2.136646034028454,2.3201759769567367,2.6478050188840814,2.9114940420111073,"rgba(38, 166, 154, 0.75)",0.0,0.0,0.13269034715082723,1.5766861193970803,-1.1808403758185775,0.0,0.0,0.0,0.0,0.0,0.0,0.0,0.0,54.292790370008994,11.180424364718135,True,False,True,False,False,0.0,0,1.0085052094407825,0.9808632787582396,False,False,False,False,0.009252537062762502,0.0660933226782872,False,False,False,False,-4678219,-4105880.648938493,False,False,False,False,177181.66450956598,False,False,False,False
2025-07-30 00:00:00+00:00,1.4,1.5,1.365,1.48,208575,,,1.6023360896461745,1.7831314197660513,1.8513555064004301,1.988979026790177,2.1389141451691764,2.324463314383729,2.366367741956875,2.5314632161207222,1.4190598070039944,1.4191573067138235,1.4241004658914882,1.5189778399832499,1.79595091704654,1.8185978807271201,1.8548949903782053,2.000049352190945,2.002399059525581,2.0782197538700284,,1.5358852639543576,1.9586521912300747,2.1340758160740916,2.3171028673030514,2.644006077924401,2.9071149636509688,#000000,0.0,0.0,0.13268921425028635,1.5744029656054386,-1.3143718318843107,0.0,0.0,0.0,0.0,-1.0,1.41,1.3901,904.0,51.087507110373934,8.228842460388897,False,False,False,False,False,0.0,0,1.0291702679343133,0.9589455488331896,False,False,False,False,-0.018506843715978,0.0237932394811546,False,False,False,False,-4886794,-4136504.7019212972,False,False,False,False,178412.77570526928,False,False,False,False
2025-07-31 00:00:00+00:00,1.35,1.3901,1.315,1.38,171555,,,1.5880494013249402,1.7804125316299306,1.8496524094539495,1.9869800543673124,2.136596959352672,2.3217388933993246,2.3635603411765147,2.5283752364907714,1.417666063208943,1.41779274542364,1.4227424491019582,1.5170544007494469,1.7933189184035438,1.8164704851680291,1.8531905416245007,1.998026161236239,2.0003706781089505,2.0760346173421387,,1.5338219826415165,1.9567254379582475,2.1317693303284884,2.3143946397209794,2.640721162121393,2.903363631876621,"rgba(239, 83, 80, 0.5)",0.0,0.0,0.131810463199964,1.5714813682275075,-1.6803018732398165,0.0,0.0,0.0,0.0,0.0,0.0,0.0,0.0,47.77862701356766,5.173513442000662,False,False,False,True,False,0.0,0,1.003284036537625,0.9880382775119618,False,False,False,False,-0.11767478901909285,-0.04694077476896913,False,False,False,False,-5058349,-4172655.4587086975,False,False,False,False,178143.84332467048,False,False,False,False
2025-08-01 00:00:00+00:00,1.28,1.3899,1.25,1.34,215296,,,1.569262163050788,1.7766948954169204,1.8473394789749595,1.9843123738825144,2.1335423317544917,2.318183505073887,2.3599031070402003,2.5243751684110274,1.4148558938208937,1.4150407010654338,1.4200721611901603,1.5140611735373486,1.7897270427673933,1.8135717128931634,1.8508770196977948,1.9953291186773363,1.9976673333139328,2.073141403976389,1.3066333333333335,1.5306723507144493,1.9541458379937646,2.1287278173598287,2.3108592233614473,2.636478947253112,2.8985453650249102,"rgba(239, 83, 80, 1.0)",0.0,0.0,0.13199690554650884,1.5425489808864512,-1.989054060013116,1.0,1.3899,1.25,0.0,0.0,0.0,0.0,0.0,44.08958713798885,1.7625571819428103,False,True,False,True,False,0.0,0,0.9860666824105286,0.983941261083321,False,False,False,False,-0.15866972055365638,-0.10280524766131276,False,False,False,False,-5273645,-4215831.519151494,False,False,False,False,179600.79064527166,False,False,False,False
2025-08-04 00:00:00+00:00,1.275,1.36,1.26,1.29,66581,,,1.5637818086946382,1.775536894429683,1.8466172625491508,1.983481562557459,2.1325927886114924,2.3170800455479754,2.3587683413971443,2.523135036030203,1.4139509536653054,1.4141539344073217,1.4192124405205997,1.51311631956267,1.788608051597438,1.8126673510686386,1.8501546644526878,1.994489303277964,1.9968255848889773,2.0722414272113356,1.304672824671754,1.529680487716156,1.9533420548283966,2.127782302925421,2.3097619054747645,2.6351643306910817,2.8970534431794226,"rgba(239, 83, 80, 1.0)",0.0,0.0,0.1323875222474799,1.541154599511232,-2.010420581886058,0.0,0.0,0.0,0.0,0.0,0.0,0.0,0.0,41.52716830650702,-0.6063511818024807,False,True,False,True,False,0.0,0,0.9871124593902623,0.9978700058090749,False,False,False,False,-0.17128176250303778,-0.13704350508217528,False,False,False,False,-5340226,-4259925.420361239,False,False,False,False,175168.6419925159,False,False,False,False
2025-08-05 00:00:00+00:00,1.32,1.339,1.26,1.3,136396,,,1.5535380012285398,1.7732215431963194,1.8451651685758872,1.981805653535039,2.1306728957177072,2.314844661557642,2.356468731058814,2.5206188954054105,1.4122656062020218,1.4125013782670546,1.4176027025112092,1.5112774737074943,1.786368703408715,1.8108532409581546,1.8487021173776768,1.9927948826939772,1.9951271916360112,2.0704232636136384,1.3052143053300918,1.5277441562302612,1.9517216198390541,2.1258706732052928,2.307539102416957,2.632495361051821,2.894021053930925,"rgba(239, 83, 80, 1.0)",0.0,0.0,0.13233283799114634,1.538694685051904,-1.6526108588900337,0.0,0.0,0.0,0.0,0.0,0.0,0.0,0.0,41.450364854669516,-0.7608854242723311,False,True,False,True,False,0.0,0,0.9849900148167237,0.9959415061521614,False,False,False,False,-0.18464981476997916,-0.16084665992607722,False,False,False,False,-5203830,-4296941.286229426,False,False,False,False,173648.14622810352,False,False,False,False
2025-08-06 00:00:00+00:00,1.305,1.3499,1.3,1.33,126048,,,1.5451948512840257,1.7711563988353654,1.8438598120434013,1.9802915573417075,2.12893221650352,2.3128120510148245,2.3543766179337586,2.5183257057443114,1.4109250992264812,1.4111857359769033,1.4163110344208663,1.5097045160655211,1.7843687886969457,1.8092277728080053,1.8473961182771372,1.9912635828970817,1.9935922017937486,2.068776891700876,1.308244549692798,1.526079455338385,1.9502589554942102,2.124137647268161,2.3055181226458217,2.630060563936545,2.8912500290368413,"rgba(239, 83, 80, 1.0)",0.0,0.0,0.13048806238581923,1.5367568209459836,-1.7760768051006777,0.0,0.0,0.0,0.0,0.0,0.0,0.0,0.0,41.02138038741865,-1.4244550605541448,False,True,False,True,False,0.0,0,0.9956989712112045,0.9935592634218035,False,False,False,False,-0.1523511023742681,-0.15659888115017268,False,False,False,False,-5329878,-4337448.608338077,False,False,False,False,171781.4738270014,False,False,False,False
2025-08-07 00:00:00+00:00,1.32,1.35,1.29,1.31,72532,,,1.5406908288223256,1.7699809553880284,1.843114016627597,1.9794256560774934,2.1279360452704172,2.3116481696484583,2.3531785366348044,2.517011956483109,1.4101847663487512,1.4104587519756822,1.4155955155759365,1.5088188917153218,1.7832298715737949,1.8083005029376478,1.8466499215389667,1.9903877901274798,1.9927142876353514,2.0678349189057803,1.3096268017393664,1.5251412139656535,1.949422605953599,2.1231458734266395,2.3043609217802956,2.628665400253768,2.8896616255775447,"rgba(239, 83, 80, 1.0)",0.0,0.0,0.12969237619545532,1.5356637994477687,-1.662887255012958,0.0,0.0,0.0,0.0,0.0,0.0,0.0,0.0,41.31986901134938,-1.4738366562347665,False,True,False,True,False,0.0,0,0.984859970976196,1.0,False,False,False,False,-0.15860647295881128,-0.157602677054492,False,False,False,False,-5257346,-4373523.015854231,False,False,False,False,167889.33759849155,False,False,False,False
2025-08-08 00:00:00+00:00,1.28,1.37,1.27,1.31,124448,,,1.5329264325426801,1.767919036878189,1.841806851480845,1.9779153174708868,2.12620443916707,2.30963080063132,2.351102916858614,2.514739534361994,1.408758526271117,1.4090581330926086,1.4142244907919561,1.5072125281248658,1.7812328435877394,1.8066744671737418,1.8453422400727666,1.9888606656717587,1.9911835616924913,2.066195505567316,1.3091298606998598,1.5234478135577445,1.9479624962689406,2.121421752975515,2.30235494547801,2.6262542167305334,2.886920678213832,"rgba(239, 83, 80, 1.0)",0.0,0.0,0.1288684615068849,1.5335504087628284,-1.9675132751490345,0.0,0.0,0.0,0.0,0.0,0.0,0.0,0.0,40.41290326902925,-2.7469733039921067,False,True,False,True,False,0.0,0,0.9871145090627954,0.9872648397903961,False,False,False,False,-0.15860647295881128,-0.15810457500665165,False,False,False,False,-5381794,-4413063.054448184,False,False,False,False,166185.75573188404,False,False,False,False
2025-08-11 00:00:00+00:00,1.285,1.36,1.28,1.3,190743,,,1.5220581091782124,1.764805380526913,1.8398218632355932,1.975619235169077,2.1235698809112273,2.3065595381664217,2.3479425721207514,2.5112778615878204,1.4066816811946998,1.4070170442923342,1.4122203675397345,1.5048194445234753,1.7782148888053848,1.8042108209143113,1.843356351710539,1.9865389048674211,1.988856292346164,2.063701902086698,1.3089668512073107,1.520922239564144,1.945743181823103,2.118798636418251,2.2993010895959594,2.622580235969756,2.8827423800526897,"rgba(239, 83, 80, 1.0)",0.0,0.0,0.1260499851230849,1.5304831652524478,-1.947506499209335,0.0,0.0,0.0,0.0,0.0,0.0,0.0,0.0,40.02861665441935,-3.5435248135764255,False,True,False,True,False,0.0,0,0.9808168316831682,0.9957536701946057,False,False,False,False,-0.15860647295881128,-0.15835552398273145,False,False,False,False,-5191051,-4443572.385646294,False,False,False,False,167148.78491886897,False,False,False,False
2025-08-12 00:00:00+00:00,1.41,1.42,1.28,1.32,353642,,,1.5095389060418771,1.7599078029524156,1.8366029609514076,1.9717932241741183,2.119096089824124,2.3012636149635974,2.342478188225665,2.5052384479972942,1.405327161273863,1.4056766731599286,1.4107890896157924,1.501877367646711,1.7734413603812014,1.8002671107160984,1.8401329881155735,1.982663570416167,1.9849704011811231,2.059495759473369,1.3257546864993994,1.5177070476708552,1.9420631650577975,2.114346482374087,2.2940377950456394,2.616139589506167,2.875355092640437,"rgba(239, 83, 80, 0.75)",0.0,0.0,0.12279518658574962,1.527719723230019,-0.9586672450537282,0.0,0.0,0.0,0.0,0.0,0.0,0.0,0.0,44.397596521662216,-3.5435248135764255,False,True,False,True,True,0.0,0,0.9874385009944523,0.9769915209881713,False,False,False,False,-0.1208655481053075,-0.13961053604401946,False,False,False,False,-4837409,-4459016.958758204,False,False,False,False,174462.2443338153,False,False,False,False
2025-08-13 00:00:00+00:00,1.38,1.4288,1.36,1.4,106697,,,1.5066318099146254,1.758527014682237,1.835680864110673,1.9706856442627805,2.117791763375741,2.299710909867223,2.3408744921282385,2.503460076915312,1.4051538754040271,1.4055029374676906,1.410574561986331,1.5011429686875153,1.7720918964494297,1.799144848892365,1.8392092588477496,1.981540995092792,1.9838446187938026,2.058272515874137,1.3306470928377225,1.5168888983853683,1.9409998156813255,2.1130487018576853,2.2924949339945546,2.61423973377824,2.873169263458493,"rgba(239, 83, 80, 0.75)",0.0,0.0,0.1193249791176261,1.5270906557737947,-1.2326895580580683,0.0,0.0,0.0,0.0,0.0,0.0,0.0,0.0,46.30283055456934,-3.5435248135764255,False,True,False,True,True,0.0,0,1.0121616812844076,0.9709668641282735,False,False,False,False,-0.06560053221949752,-0.10260553413175849,False,False,False,False,-4944106,-4478040.058414746,False,False,False,False,171804.7837717049,False,False,False,False
2025-08-14 00:00:00+00:00,1.36,1.39,1.33,1.38,105502,,,1.5031997871044411,1.7570630446788016,1.834712574317777,1.9695390284517136,2.1164543841871097,2.2981310217318676,2.3392448791313907,2.501660607725227,1.404667232561381,1.4050218492947104,1.410073276157793,1.500235967761047,1.7706643016814905,1.7979614025032085,1.8382397043577619,1.9803798662256293,1.982680383185549,2.0570140086465325,1.3327145348719471,1.5159043743623342,1.9398961656630178,2.1117177008186023,2.2909246755442982,2.612321668290579,2.8709712331716273,"rgba(239, 83, 80, 0.5)",0.0,0.0,0.11650246647807935,1.526103220137907,-1.4257485284155784,0.0,0.0,0.0,0.0,0.0,0.0,0.0,0.0,46.90413111016253,-9.152386811507768,False,False,False,True,True,0.0,0,1.0064491247616394,1.0000214256636601,False,False,False,False,-0.10836617316495246,-0.10548585364835547,False,False,False,False,-5049608,-4500454.487496521,False,False,False,False,169204.67460418708,False,False,False,False
2025-08-15 00:00:00+00:00,1.34,1.39,1.3275,1.38,181134,,,1.4973779049189202,1.754527510495275,1.8330331813136105,1.9675563403507983,2.114146587921679,2.295409315296733,2.3364382942109603,2.4985641040171993,1.4037194911557098,1.4040854697423237,1.4091099238264757,1.4986238055312737,1.7681918847757023,1.795909836920172,1.836558254437629,1.9783724576782549,1.9806676819232503,2.0548407175654644,1.3348490077043005,1.5141626354929412,1.937986700673438,2.109420785169336,2.288219411984655,2.6090225912110694,2.8671936828306377,"rgba(239, 83, 80, 0.5)",0.0,0.0,0.11370577176781262,1.5242823274201274,-1.6206945747348,0.0,0.0,0.0,0.0,0.0,0.0,0.0,0.0,46.628512233606905,-9.152386811507768,False,False,False,True,True,0.0,0,0.9802132853655403,1.002162833526061,False,False,False,False,-0.10992667274207632,-0.1077062631952159,False,False,False,False,-5230742,-4529093.21347705,False,False,False,False,169672.49128637582,False,False,False,False
2025-08-18 00:00:00+00:00,1.4,1.405,1.35,1.35,116951,,,1.4946430404690405,1.7530382175186299,1.8320279813161235,1.9663502396125714,2.112727195097615,2.2937206098310696,2.334694235623092,2.4966301099493857,1.4035024583160014,1.4038682756113543,1.4088522340237861,1.4978288431133833,1.766734614007739,1.7946915871657194,1.835551256688069,1.977150109336812,1.979441858870367,2.0535092222913836,1.3381147686579768,1.5132797963327962,1.9368284870451977,2.1080084880297987,2.2865413817115865,2.606956530365785,2.864816757195433,#000000,0.0,0.0,0.11184333803603883,1.5235211131949389,-1.104411897605714,0.0,0.0,0.0,0.0,0.0,0.0,0.0,0.0,48.64127401058546,-6.960104103239402,False,False,False,False,True,0.0,0,0.9807280054879094,1.00323700908935,False,False,False,False,-0.0865708078026192,-0.09713853549891754,False,False,False,False,-5113791,-4552022.538438735,False,False,False,False,167604.98182416504,False,False,False,False
2025-08-19 00:00:00+00:00,1.355,1.42,1.35,1.4,129607,,,1.4915010192177067,1.7513572544365292,1.830894456246916,1.9649965483076488,2.111139115847842,2.2918359482912534,2.332748622453398,2.494475448672376,1.403140887210094,1.4035087352084186,1.4084559565690016,1.4968838083139833,1.7650905681826556,1.7933171654796596,1.8344158662751389,1.975778575397686,1.9780665080996682,2.0520178272010137,1.3405974448524607,1.51224023370457,1.9355274328870888,2.1064282176267453,2.284668483411107,2.604656349697575,2.862173758986177,#000000,0.0,0.0,0.11097518029461387,1.5225449049546473,-1.5097511399382613,0.0,0.0,0.0,0.0,0.0,0.0,0.0,0.0,48.37529894845345,-6.960104103239402,False,False,False,False,True,0.0,0,0.9849832431038928,1.0000214832001375,False,False,False,False,-0.0772561866009548,-0.08719736104993617,False,False,False,False,-5243398,-4579135.301637216,False,False,False,False,166114.86488988405,False,False,False,False
2025-08-20 00:00:00+00:00,1.4,1.44,1.32,1.34,177540,,,1.4878606605795472,1.7491493640576896,1.8293903143219092,1.963188714348601,2.109009078344515,2.28929948380813,2.330128535402662,2.491567942937761,1.4028595014978111,1.4032262191035008,1.4081120709412227,1.4957343026984942,1.7629274577477054,1.791501085705188,1.8329088925795227,1.9739462001659565,1.9762288854098744,2.0500204966158395,1.3444864960278797,1.5109602384692056,1.9337918471227098,2.104308889788236,2.2821481258284626,2.601549154090481,2.85859675885936,#000000,0.0,0.0,0.1105226054574255,1.5214211566564715,-1.098609249700002,0.0,0.0,0.0,0.0,0.0,0.0,0.0,0.0,49.7891504178833,-5.3410081523299695,False,False,False,False,True,0.0,1,0.9915102770330652,0.9819354015064471,False,False,False,False,-0.08346434810178607,-0.08533085457586112,False,False,False,False,-5065858,-4598222.466278893,False,False,False,False,166562.90940400626,False,False,False,False
2025-08-21 00:00:00+00:00,1.41,1.435,1.38,1.41,32135,,,1.4873639334022435,1.7487763034343056,1.8291324210740498,1.9628749532166523,2.10863640057045,2.2888528824189396,2.3296667014579158,2.49105359840185,1.40287637208213,1.4032416783682324,1.4081127012041945,1.495569622559198,1.7625609656132464,1.7911916048876477,1.8326504027589052,1.9736279464036857,1.9759096717176852,2.0496720240739683,1.3454473747048745,1.5107712423373332,1.9334912700062679,2.103938162822336,2.2817044499064703,2.600998440762577,2.8579606724539466,#000000,0.0,0.0,0.11046477654726997,1.5212852443348355,-1.007427415445995,0.0,0.0,0.0,0.0,0.0,0.0,0.0,0.0,51.07734011492656,-3.8710301740133986,False,False,False,False,True,0.0,1,1.004272232613501,0.9777036218330216,False,False,False,False,-0.0493859580566509,-0.067358406316256,False,False,False,False,-5033723,-4615300.918581682,False,False,False,False,161291.22668228054,False,False,False,False
2025-08-22 00:00:00+00:00,1.51,1.5167,1.38,1.4,172402,,,1.48676528012964,1.7471423240042872,1.8279525864031005,1.9613808771530767,2.1068160963958804,2.286628885494196,2.327359236680997,2.4884563896997234,1.4039503113994172,1.4042909088282842,1.4090276659777272,1.4953027291846677,1.7609416114028937,1.789801076200369,1.8314661627742566,1.97210891557307,1.9743853185902425,2.0479848828587732,1.3546703689259016,1.5103616028946623,1.9320698521744804,2.1021285541220056,2.2794963683149234,2.598202160235295,2.854699800772107,"rgba(38, 166, 154, 1.0)",0.0,0.0,0.11158073961142603,1.521521853926893,-0.10326023977809548,0.0,0.0,0.0,0.0,1.0,1.46,1.435,914.0,54.93333064245463,-0.0726755982023164,True,False,True,False,True,1.8915797404383419,0,1.008475113600338,0.9690161682341754,False,False,False,False,0.001048536636873842,-0.03315493483969108,False,False,False,False,-4861321,-4624948.764911812,False,False,False,False,161726.94328297544,False,False,False,False
2025-08-25 00:00:00+00:00,1.49,1.56,1.46,1.495,230563,,,1.4874538299461735,1.7452534639648516,1.8265369170197592,1.9595355537541101,2.1045283620199533,2.283797847085457,2.324415604029199,2.4851201656766726,1.406066204721287,1.406363273085033,1.4108885581714097,1.4954087869928192,1.7590557414869197,1.7881576306900073,1.8300436818756383,1.9702296980917555,1.9724988795812,2.0458770904693075,1.3681744070214115,1.510270834159777,1.930322762677303,2.0998552446270113,2.276686704603637,2.5945974220711863,2.8504704703429637,"rgba(38, 166, 154, 1.0)",0.0,0.0,0.11230366897321503,1.5097215409569165,-0.17560905300093227,0.0,0.0,0.0,0.0,0.0,0.0,0.0,0.0,56.64920016345451,1.5992355584845868,True,False,True,False,True,1.2322080613894961,0,1.0232204998418222,0.9578403458821048,False,False,False,False,0.07725606249872398,0.02205056382951645,False,False,False,False,-5091884,-4643259.950601544,False,False,False,False,164426.39648756466,False,False,False,False
2025-08-26 00:00:00+00:00,1.51,1.51,1.46,1.5,63359,,,1.4875202182400438,1.7447182739287324,1.8261380797113056,1.9590199994311221,2.103892318175011,2.2830135329369954,2.323600563239052,2.4841980237382995,1.4065737998870822,1.406860487011342,1.4113332064807063,1.4954012819552094,1.7585222518473203,1.7876935671783116,1.8296430413623075,1.9697049188948477,1.9719721344478993,2.0452900975692443,1.371222538005168,1.5102109354707938,1.9298339659912402,2.0992231347411265,2.275908227224247,2.593601950047779,2.84930428503822,"rgba(38, 166, 154, 1.0)",0.0,0.0,0.11318144171872936,1.5098136451221167,0.0016465144378213297,0.0,0.0,0.0,0.0,0.0,0.0,0.0,0.0,58.366458459342475,3.2831391490803696,True,False,True,False,True,1.872102765652059,0,1.0317017499365966,0.9535252345929496,False,False,False,False,0.04629465641434438,0.034172610121930416,False,False,False,False,-5028525,-4658368.383911288,False,False,False,False,160462.96917432683,False,False,False,False
2025-08-27 00:00:00+00:00,1.5,1.53,1.46,1.46,119287,,,1.4877106118671137,1.7437300886013791,1.825397262536414,1.9580593705926759,2.10270493172204,2.281547323198355,2.3220765463082333,2.4824723624317215,1.4075497147162872,1.4078168327692533,1.4121909749271937,1.4954098385413168,1.7575361859246135,1.786833669105589,1.8288987811338782,1.9687269279282271,1.9709904438158357,2.044194988028709,1.3767222099017844,1.5101213523174826,1.9289236667962952,2.098043147451492,2.2744529913710623,2.5917382976506285,2.8471195033178076,"rgba(38, 166, 154, 1.0)",0.0,0.0,0.11332949733298188,1.5101355519655404,-0.08943436796300584,0.0,0.0,0.0,0.0,0.0,0.0,0.0,0.0,59.03440327678979,4.013462222794786,True,False,True,False,True,1.5333860817560883,0,1.027495984445008,0.9556386845887226,False,False,False,False,0.058665266743596005,0.04641893843276321,False,False,False,False,-5147812,-4677562.251208886,False,False,False,False,158848.22528513754,False,False,False,False
2025-08-28 00:00:00+00:00,1.56,1.56,1.5,1.5,99686,,,1.4886046677169462,1.7430540847975935,1.8248619975044398,1.957334755733696,2.1017869064298647,2.2803936423752944,2.320873891606901,2.481098065424702,1.4087379481086648,1.4089827780097062,1.41325565798866,1.4956603979907965,1.7568537653224832,1.786225690553065,1.8283601546612323,1.9679874747247674,1.9702478324689403,2.043355336773207,1.382492898439275,1.5102855923083598,1.9282418434167303,2.097131392228279,2.273308561756271,2.590247164322086,2.845357538926846,"rgba(38, 166, 154, 1.0)",0.0,0.0,0.11445869238744444,1.5111913982987077,0.42642983842655163,0.0,0.0,0.0,0.0,0.0,0.0,0.0,0.0,61.23052019186236,6.209358213296653,True,False,True,False,True,3.463230623798065,0,1.0336231518817207,0.9433173723118282,False,False,False,False,0.10212922718397541,0.07427408280836931,False,False,False,False,-5048126,-4692094.162926184,False,False,False,False,156528.1380190537,False,False,False,False
2025-08-29 00:00:00+00:00,1.535,1.54,1.5,1.54,99115,,,1.4892130561060226,1.7423370619855714,1.824303865905293,1.9565909717198933,2.1008528123220205,2.2792269561571157,2.3196588877632345,2.479713892229861,1.4097658115464262,1.409991420950385,1.41417358326701,1.495823406972459,1.7561328446159998,1.785587511311012,1.827798846422552,1.9672291024145039,1.9694863540702667,2.042498467241243,1.3873306439371103,1.510365575519906,1.9275401910714056,2.0962034807625245,2.272151014607288,2.588747643104786,2.8435902932731816,"rgba(38, 166, 154, 1.0)",0.0,0.0,0.11415577949790087,1.5118414691471975,0.2028677913169367,0.0,0.0,0.0,0.0,0.0,0.0,0.0,0.0,61.4419044359341,6.542450405481809,True,False,True,False,True,2.5965928048951312,0,1.0356476727371795,0.9413207033132845,False,False,False,False,0.08967881071519311,0.0819764467617812,False,False,False,False,-5147241,-4709943.058497706,False,False,False,False,154276.64241046336,False,False,False,False
2025-09-02 00:00:00+00:00,1.475,1.515,1.46,1.5,100799,,,1.4891147709546657,1.7414738018651317,1.8236596557591167,1.9557643972750243,2.09983743362543,2.2779787940678,2.318362449468275,2.4782490490796287,1.4104213724588308,1.4106341990461615,1.4147465626308224,1.495753230400309,1.7552729155852875,1.7848384139604547,1.8271518691802286,1.9663880864906071,1.968642259917244,2.041560009866439,1.3905344491446066,1.510216961163101,1.9267555145790494,2.0951942735828664,2.270912021844548,2.5871674037939036,2.8417412272957496,"rgba(38, 166, 154, 0.75)",0.0,0.0,0.11373374950540036,1.5117998667921655,-0.3235615369421902,0.0,0.0,0.0,0.0,0.0,0.0,0.0,0.0,58.87456288510779,6.542450405481809,True,False,True,False,False,0.5529360113227781,0,1.0271794764660411,0.9404809158710593,False,False,False,False,0.04938583439106129,0.06568114057642124,False,False,False,False,-5248040,-4731044.899340933,False,False,False,False,152179.4799629942,False,False,False,False
2025-09-03 00:00:00+00:00,1.455,1.52,1.43,1.5,65319,,,1.4888920757273596,1.7408851371205296,1.823225155531472,1.9552133490667518,2.099165270997522,2.2771568296355116,2.317509432736749,2.477287833580605,1.4107538619334683,1.4109600372053024,1.41503271747123,1.495653759071788,1.7546879819916674,1.784330917503711,1.8267156817250745,1.9658277822146006,1.9680799819095443,2.040937262219615,1.392181274913998,1.5100682779827763,1.9262313623212521,2.0945260786169917,2.2700959634312285,2.5861319168255448,2.84053249005497,"rgba(38, 166, 154, 0.75)",0.0,0.0,0.11412605569004806,1.5116501419715171,-0.496382194486522,0.0,0.0,0.0,0.0,0.0,0.0,0.0,0.0,56.34001866211376,11.303471725080364,True,False,True,False,False,0.0,0,1.0279611730860774,0.9296520893267378,False,False,False,False,0.03393818963143813,0.04980966510392969,False,False,False,False,-5313359,-4753880.746425603,False,False,False,False,148773.18663111207,False,False,False,False
2025-09-04 00:00:00+00:00,1.49,1.5,1.41,1.45,58850,,,1.4886795462765903,1.7403537106838363,1.8228327617267297,1.9547162450491142,2.09855930476621,2.2764161749530345,2.3167408555003934,2.4764219515853987,1.4110415932735605,1.4112420328615511,1.415279947568952,1.495559325471591,1.7541599615176575,1.7838726694113514,1.826321776740587,1.965322359717319,1.9675727855561311,2.040375717505898,1.3935752266719919,1.5099299074736308,1.9257584307801323,2.0939236793220695,2.2693606194294205,2.5851992328230837,2.839443962590192,"rgba(38, 166, 154, 0.75)",0.0,0.0,0.1142948384699914,1.511519958729331,-0.1882846068764624,0.0,0.0,0.0,0.0,0.0,0.0,0.0,0.0,55.97012467558736,10.875604414141264,True,False,True,False,False,1.0545114192419511,0,1.029055539425111,0.9398564851300344,False,False,False,False,0.009252537062762502,0.029531101083346094,False,False,False,False,-5254509,-4773513.226957932,False,False,False,False,145246.7871553822,False,False,False,False
2025-09-05 00:00:00+00:00,1.49,1.509,1.41,1.49,178325,,,1.4881441468908339,1.7387734206020522,1.821658972019955,1.9532253189107849,2.096738882347043,2.274188398700758,2.3144285867982637,2.4738149940690746,1.4119417231412053,1.4121246780713501,1.4160577491133977,1.4953062219742825,1.7525883034697551,1.7825051977780106,1.8251433387890612,1.9638062548670943,1.9660513121544665,2.0386896949836006,1.3976586397396453,1.5095446626812297,1.924340622642147,2.0921140465417856,2.267148901833512,2.582390070087471,2.83616324094482,"rgba(38, 166, 154, 0.75)",0.0,0.0,0.11471528803123235,1.5112704234525172,-0.18541925681890015,0.0,0.0,0.0,0.0,0.0,0.0,0.0,0.0,55.72352868456976,10.473035509906488,True,False,True,False,False,1.0545114192419511,1,1.0307531552204554,0.9244181281757087,False,False,False,False,-0.02315603460483751,0.003187533239254293,False,False,False,False,-5254509,-4792375.806292915,False,False,False,False,146543.9719728182,False,False,False,False
2025-09-08 00:00:00+00:00,1.49,1.51,1.4201,1.5,129958,,,1.4878469811426154,1.73764900136762,1.8208173922201456,1.9521528064334759,2.0954266259500867,2.2725800271501053,2.312758755832177,2.4719305784782954,1.4126214348531576,1.4127915997863991,1.416648883165549,1.495151034293986,1.7514686570153128,1.7815277974198416,1.824298309842641,1.9627154215041094,1.9649565730172982,2.037475182302196,1.4005080767409563,1.509294140882603,1.923321269373454,2.0908096349176892,2.2655522009878135,2.5803585091561856,2.833788677068333,"rgba(38, 166, 154, 0.75)",0.0,0.0,0.11524178035208932,1.5111866838330912,-0.18384550957440218,0.0,0.0,0.0,0.0,0.0,0.0,0.0,0.0,55.559131357224686,10.082092691624446,True,False,True,False,False,1.0545114192419511,0,1.0256258059234091,0.9406635691917226,False,False,False,False,-0.022874642810030345,-0.009843554785388026,False,False,False,False,-5254509,-4810498.676634369,False,False,False,False,145893.54169937436,False,False,False,False
2025-09-09 00:00:00+00:00,1.5,1.53,1.47,1.51,140256,,,1.4881051336573468,1.7365673444790979,1.8199829491938082,1.9510647626936723,2.0940769410701874,2.2709090438756703,2.311020974785442,2.469958819838211,1.4136526456529244,1.4138046427812225,1.4175665513415603,1.4951877704899192,1.7503850826516298,1.7805704277184775,1.8234597323484887,1.9616073595399188,1.963844246679004,2.036231880859023,1.4043916489919348,1.509225197101443,1.9222911118736095,2.089468475814658,2.2638938607836545,2.5782268502465633,2.831285207251319,"rgba(38, 166, 154, 0.75)",0.0,0.0,0.11563416221104685,1.5115419602138869,-0.09981444923535093,0.0,0.0,0.0,0.0,0.0,0.0,0.0,0.0,55.896832429175674,10.082092691624446,True,False,True,False,False,1.4032001311714417,1,1.0361724543970912,0.9401119672774598,False,False,False,False,-7.674416835905583e-08,-0.0049218157647781926,False,False,False,False,-5114253,-4822410.6108840015,False,False,False,False,145672.46163273224,False,False,False,False
2025-09-10 00:00:00+00:00,1.54,1.54,1.49,1.51,73738,,,1.488494205115263,1.736058316177899,1.8195778522059023,1.9505243156999976,2.093397584400479,2.270059941300203,2.310136532655776,2.46895025540895,1.4143289720269379,1.4144694919314882,1.418175228358987,1.4952994307243743,1.749871882378647,1.7801113500771748,1.823052274570813,1.9610562736565804,1.9632908959052484,2.03560887583478,1.406783451439164,1.5092800039684673,1.9217813408995323,2.0887936296965504,2.2630514285649217,2.577133704500467,2.829995804310742,"rgba(38, 166, 154, 1.0)",0.0,0.0,0.11641396007730893,1.5119102493465348,0.2412919432928076,0.0,0.0,0.0,0.0,0.0,0.0,0.0,0.0,57.80864790285311,10.082092691624446,True,False,True,False,True,2.792959675325598,1,1.0356551449472824,0.9476177500157209,False,False,False,False,0.01571549706155464,0.005396840648388223,False,False,False,False,-5040515,-4830963.724182668,False,False,False,False,142851.50235301725,False,False,False,False
2025-09-11 00:00:00+00:00,1.6,1.6,1.5,1.55,189659,,,1.4906534898222903,1.7350246004074679,1.81869264968226,1.9492808748298662,2.0917899024896967,2.2680110524313424,2.307995573277356,2.4664844311590834,1.4167073545271116,1.4168091683777897,1.42034113545768,1.496020306597277,1.7488129591756827,1.7791360662127196,1.8221601196140391,1.9597848835594973,1.962013562456903,2.0341483582541513,1.4146462171720209,1.509847732236912,1.9206180885721091,2.0871977014187726,2.2610198345180637,2.574447632192697,2.8268006215216577,"rgba(38, 166, 154, 1.0)",0.0,0.0,0.11887145154650516,1.5136604734985484,0.726326846170241,0.0,0.0,0.0,0.0,1.0,1.57,1.54,937.0,61.14547085354377,6.944818761862898,True,False,True,False,True,4.821347263217348,1,1.0355125270386627,0.9370182917865469,False,False,False,False,0.07083241390741936,0.03811462727790379,False,False,False,False,-4850856,-4831743.813430406,False,False,False,False,144687.0904960362,False,False,False,False
2025-09-12 00:00:00+00:00,1.615,1.6155,1.57,1.6,228861,,,1.4941859817502516,1.734038780462479,1.8177735859225932,1.947921539832834,2.089985865439317,2.265671838395659,2.3055444499199873,2.463636924300863,1.420099750841023,1.4201485326999774,1.4234514949180526,1.497274436516807,1.7477833782399121,1.778154691606194,1.8212318687319882,1.9583913826885473,1.960612802389645,2.0325234528657106,1.4250388578449573,1.510913230703188,1.9193563988693692,2.0854079474912193,2.258701560335149,2.5713324227986263,2.8230683856247003,"rgba(38, 166, 154, 1.0)",0.0,0.0,0.12147222502379931,1.5163226446667175,0.812345005732374,0.0,0.0,0.0,0.0,1.0,1.62,1.6,937.0,63.82549866891355,9.470480791883858,True,False,True,False,True,5.320679083430491,1,1.0511155582048881,0.9328536149195265,False,False,False,False,0.13665654275904296,0.08738558501847338,False,False,False,False,-4621995,-4823518.369766468,False,False,False,False,147988.0281236426,False,False,False,False
2025-09-15 00:00:00+00:00,1.74,1.75,1.62,1.62,538535,,1.7033333333333334,1.5089408839504945,1.7335195361742923,1.816652118629914,1.945700912698496,2.086675758080119,2.2610748878973412,2.3006769801213545,2.4578015242402547,1.4319099240137896,1.4317858545457058,1.4343973643794454,1.5029524556301608,1.7470705260992563,1.7772015535435273,1.8200831241975892,1.9560867341124433,1.958290343679217,2.0296484649329556,1.4574507268294763,1.516110497196744,1.9173733768853016,2.0821323713598927,2.254154688272761,2.564850422226577,2.815108383757838,"rgba(38, 166, 154, 1.0)",0.0,0.0,0.1274885976600007,1.5266507573238075,1.673477052788466,0.0,0.0,0.0,0.0,1.0,1.69,1.6155,930.0,68.49000018921632,13.760048108919975,True,False,True,False,True,9.29596987999479,0,1.0408826117933028,0.9149448891496582,False,False,False,False,0.290229926221961,0.18880775562021718,False,False,False,False,-4083460,-4794496.4729128815,False,False,False,False,163303.59564820564,False,False,False,False
2025-09-16 00:00:00+00:00,1.74,1.7697,1.69,1.76,248532,,1.712774850764505,1.5160130543110406,1.7335173199052096,1.8162765577147324,1.9448143992844023,2.0852848583208825,2.2590910388279575,2.2985682128179534,2.455244141830133,1.4375989104944866,1.4373963847011124,1.4396953195451054,1.505844092623126,1.7469688681814701,1.7769445780083692,1.8196943443560032,1.955161298751169,1.957356663116379,2.0284585632332623,1.4715176040028217,1.5187836168655342,1.9165965789321842,2.08075740274659,2.2521938831607344,2.561994230032314,2.8115706843797033,"rgba(38, 166, 154, 1.0)",0.0,0.0,0.13315507254372355,1.5314390947012269,1.5663008649579526,0.0,0.0,0.0,0.0,0.0,0.0,0.0,0.0,71.59966786941817,16.481593399066952,True,False,True,False,True,9.29596987999479,0,1.0517973752615226,0.926963798896849,False,False,False,False,0.34282808230957307,0.26581791896489515,False,False,False,False,-4083460,-4766612.689661396,False,False,False,False,166645.8860149427,False,False,False,False
2025-09-17 00:00:00+00:00,1.705,1.78,1.7,1.74,126003,,1.71492191011277,1.5193537770524053,1.7334970473124292,1.8160762824451238,1.9443574232797909,2.084574104265107,2.2580816158679347,2.2974958523767155,2.453945708482278,1.4403554217968966,1.440116021313989,1.442266552399881,1.5072515570012388,1.746899713905641,1.77680096187351,1.8194874684529576,1.9546847486028136,1.9568759659424988,2.0278489859011515,1.4779914579223348,1.5200834756756056,1.916194791737629,2.0800546698281037,2.2511960715972235,2.560545136345265,2.8097778233693123,"rgba(38, 166, 154, 1.0)",0.0,0.0,0.13696273121006533,1.533680649879757,1.2508464792329785,0.0,0.0,0.0,0.0,0.0,0.0,0.0,0.0,71.42396309591402,16.481593399066952,True,False,True,False,True,7.916813610293406,0,1.0522467567736946,0.9068499446405816,False,False,False,False,0.3428280862752337,0.3043230026200644,False,False,False,False,-4209463,-4744763.682223694,False,False,False,False,165052.04734769004,False,False,False,False
2025-09-18 00:00:00+00:00,1.77,1.8,1.67,1.73,224372,,1.7211838861234243,1.5255490448749354,1.733588120944662,1.8157959490976041,1.9436171054567446,2.0833802302774083,2.2563555007186604,2.295657453118079,2.4517031802572182,1.4454410314772663,1.4451351972311173,1.4470197456829899,1.509918433586286,1.7468981840566384,1.7766432601118107,1.8191950231703518,1.9539094318575545,1.956093236989493,2.026835694865298,1.4895336143218292,1.5225589232938277,1.9155529724568583,2.0788751013319486,2.2494906310672262,2.55803375770658,2.806653820873597,"rgba(38, 166, 154, 1.0)",0.0,0.0,0.14219997342905244,1.537819203067469,1.6327766548308986,0.0,0.0,0.0,0.0,0.0,0.0,0.0,0.0,72.75760718283613,17.433893162680192,True,False,True,False,True,9.93415309907552,0,1.0545787696615334,0.9019599769414478,False,False,False,False,0.33444414143556755,0.319383572027816,False,False,False,False,-3985091,-4714972.596646295,False,False,False,False,167378.3200007218,False,False,False,False
2025-09-19 00:00:00+00:00,1.82,1.82,1.72,1.77,439237,,1.739426318525627,1.5387750336244934,1.734297092377339,1.8155674445161818,1.9424748784035295,2.081342086080931,2.2532724778501545,2.29235349304533,2.4476008032490846,1.4561824362724396,1.4557421203830765,1.45709420701542,1.5158244943211245,1.7474027621003532,1.7767449070878445,1.818941288053506,1.9526980016640072,1.9548671620881208,2.025153251692303,1.5125836569054023,1.528089201548794,1.9146047698051472,2.07686509001271,2.2464481225295154,2.5534021851104547,2.80081981987518,"rgba(38, 166, 154, 1.0)",0.0,0.0,0.14961735702886955,1.546620993277915,1.827187781891743,0.0,0.0,0.0,0.0,0.0,0.0,0.0,0.0,74.57181249138318,19.200603430036352,True,False,True,False,True,11.434586607633008,0,1.0752442191171014,0.8967684761551462,False,False,False,False,0.3428280969961763,0.33110583451199616,False,False,False,False,-3545854,-4669124.808542519,False,False,False,False,178039.44470657586,False,False,False,False
2025-09-22 00:00:00+00:00,1.895,1.9,1.76,1.83,368195,,1.7606751680571595,1.5515190363647702,1.7355966890519228,1.815803272579247,1.9419242576006102,2.0800271717102348,2.251074808285666,2.2899685545661956,2.444535119228421,1.466349983897258,1.4657880104901395,1.4666668883474083,1.5217268683438514,1.7485000172407856,1.777376431034132,1.8191538823404785,1.952088244285912,1.9542449052328397,2.0241404475770755,1.533287205098428,1.5336708973099977,1.914219010026678,2.0755740102822267,2.244284581925472,2.549887880689208,2.7962907421173746,"rgba(38, 166, 154, 1.0)",0.0,0.0,0.1591253271497669,1.5551040594194343,2.1360266569045896,0.0,0.0,0.0,0.0,1.0,1.83,1.82,934.0,76.92264881664593,21.471754312404272,True,False,True,False,True,13.601717165629076,0,1.0724257757727245,0.8850007112520067,False,False,False,False,0.34282811480041936,0.33696697465620773,False,False,False,False,-3177659,-4610635.953305557,False,False,False,False,185496.52530631798,False,False,False,False
2025-09-23 00:00:00+00:00,1.87,1.9697,1.83,1.89,392000,,1.7823520467085519,1.5655824433811791,1.737394511161889,1.816315066030988,1.9415905647136245,2.0788753209172257,2.2489827914348126,2.2876766602373606,2.4415139673303443,1.477634228803325,1.476943496248311,1.4773235086319716,1.5284892662773089,1.7500667405357577,1.7783772453819464,1.8196398242123495,1.9516912028778255,1.9538344826553815,2.0233112458855413,1.5550538853066675,1.540095139606538,1.9140613460054636,2.074447580167403,2.2422288584139,2.5463876179924534,2.7917093612088184,"rgba(38, 166, 154, 1.0)",0.0,0.0,0.16696611720787907,1.5644971380099952,1.8297296906631801,0.0,0.0,0.0,0.0,0.0,0.0,0.0,0.0,77.00822312890845,21.646274055085783,True,False,True,False,True,12.586049080412494,0,1.078852831996168,0.8751446932503093,False,False,False,False,0.3428281310444502,0.33989755285032897,False,False,False,False,-3569659,-4569813.327685731,False,False,False,False,193594.7007845016,False,False,False,False
2025-09-24 00:00:00+00:00,1.86,1.9951,1.83,1.87,384671,,1.7982787439365018,1.5784922028797423,1.7391764826382041,1.816845023360717,1.9412993545089339,2.07778883058403,2.246982327000181,2.2854816974594754,2.438608418903152,1.4882686634038604,1.4874634398479547,1.4873955537080632,1.5349788998249556,1.7516259974965689,1.7793866069103663,1.820144603532296,1.9513384433946044,1.953468722496014,2.0225383739787572,1.574266568394904,1.546267200480851,1.9139410560645005,2.073385797507389,2.240263678907581,2.54301528100948,2.787283772092773,"rgba(38, 166, 154, 1.0)",0.0,0.0,0.173751167130638,1.5808548389571278,1.60658006304494,0.0,0.0,0.0,0.0,0.0,0.0,0.0,0.0,76.46327247819482,21.646274055085783,True,False,True,False,True,12.178151397387687,0,1.077082154632538,0.8729929570595236,False,False,False,False,0.3428281336002136,0.3413628432252713,False,False,False,False,-3954330,-4545676.7266000165,False,False,False,False,201087.88898903094,False,False,False,False
2025-09-25 00:00:00+00:00,1.91,1.955,1.77,1.86,590243,,1.812546463068691,1.5954982044349004,1.741549031813152,1.8174737125863132,1.9407007791964606,2.075996376513861,2.2438128035566836,2.2820190069644033,2.4340745666709607,1.502943939756008,1.5019934347818773,1.501343615868667,1.5440599723986552,1.7536832319764306,1.7806830523236006,1.8207363136658323,1.9506475933296736,1.9527583746525685,2.0212174404576984,1.598528838859263,1.5548971347665892,1.9135989749735498,2.0716305206146846,2.2371473811733846,2.5377764734609682,2.780451887131729,"rgba(38, 166, 154, 1.0)",0.0,0.0,0.18123103956243372,1.5918147357223653,1.7556885677302558,0.0,0.0,0.0,0.0,0.0,0.0,0.0,0.0,77.03599053934263,22.050754882945142,True,False,True,False,True,13.636201559820297,0,1.0616806116834576,0.8840950917335461,False,False,False,False,0.28347353324606417,0.3124181882356677,False,False,False,False,-3364087,-4499339.874576487,False,False,False,False,216348.87373455914,False,False,False,False
2025-09-26 00:00:00+00:00,1.89,1.9,1.85,1.88,201348,,1.8164124206501921,1.6008981599536434,1.7423496114650074,1.81769103796875,1.9405045709707882,2.0753973622044746,2.2427488969860647,2.280856043980802,2.432549272757213,1.5077218033717443,1.5067268700857719,1.5058967887770387,1.5470637792752024,1.7543789940904844,1.7811249847243602,1.8209411803637918,1.950420269637509,1.9525244760640583,2.0207775440865134,1.605987307050739,1.5577539814841614,1.9134892244919681,2.0710440527882166,2.2361014474636445,2.5360126818576068,2.7781490393830413,"rgba(38, 166, 154, 1.0)",0.0,0.0,0.18737926844083058,1.5954538616278975,1.5719249030215543,0.0,0.0,0.0,0.0,0.0,0.0,0.0,0.0,76.17278443390954,22.050754882945142,True,False,True,False,True,12.804414763838466,0,1.074911976968117,0.9210418814558329,False,False,False,False,0.29810138339302183,0.30525978581434476,False,False,False,False,-3565435,-4462716.15400486,False,False,False,False,215760.60417634115,False,False,False,False
2025-09-29 00:00:00+00:00,1.59,1.95,1.52,1.885,1109200,,1.785277948747127,1.6090172254746946,1.7406306156695068,1.815229392958486,1.9360636134643219,2.068960867656647,2.2339325948827997,2.271535519751148,2.4214067988759913,1.5193980894469001,1.518338581324824,1.5171273589533716,1.5536174571765924,1.752384888654666,1.7788649360650097,1.8184319176126698,1.9458264132234013,1.947898187358889,2.0151408326398665,1.616264289225383,1.5637064002656886,1.909479784636155,2.064671125321624,2.227378068124782,2.523649001531616,2.762985237981301,"rgba(38, 166, 154, 0.75)",0.0,0.0,0.18694472654226257,1.5969377707242691,-0.037111347576314874,0.0,0.0,0.0,0.0,-1.0,1.85,1.6075,939.0,64.65861970559774,20.109288497725856,True,False,True,False,False,1.7764782782045678,0,0.9762126954501305,0.9703087207419964,False,False,False,False,0.1397552068873112,0.22250749635082798,False,False,False,False,-4674635,-4471026.696985061,False,False,False,False,250797.44322824932,False,False,False,False
2025-09-30 00:00:00+00:00,1.5,1.6075,1.4609,1.53,609630,,1.7546939518528981,1.6047533792551405,1.7369963131064543,1.812240644766806,1.9321276801841463,2.0640354476233713,2.227789509237199,2.2651356338072945,2.414088904864337,1.519515867044428,1.5184913949769432,1.5173146581477666,1.552842316410839,1.7487280400551861,1.7755413241465956,1.815426377748016,1.9418152959251622,1.9438710617598225,2.010617597956862,1.6101489925528183,1.5626939781150293,1.9057592403171266,2.059777913244399,2.22128296721599,2.5157052184450066,2.7535873373067115,"rgba(38, 166, 154, 0.5)",0.0,0.0,0.18602595761905763,1.5918609525035383,-0.49380717443557204,0.0,0.0,0.0,0.0,0.0,0.0,0.0,0.0,55.22027552876635,11.777450417632323,False,False,True,False,False,0.0,0,0.9621633218263022,1.0344430792034793,False,False,False,False,-0.07748038020962758,0.0725135580706002,False,False,False,False,-5284265,-4502918.39514251,False,False,False,False,264869.30819969054,False,False,False,False
2025-10-01 00:00:00+00:00,1.6,1.6165,1.4,1.54,960761,,1.7212045918811967,1.5999870974246406,1.7319193726431956,1.8079066540464404,1.926311777362979,2.0566755933210237,2.218536051899153,2.2554818177505167,2.4029981266972955,1.5205153305836532,1.5195332274748408,1.5183790089231555,1.5523081747243082,1.7435882306615569,1.7707964128771225,1.811064652602175,1.9358820720847942,1.9379128708200586,2.0038842232978245,1.603482689368923,1.5617982339652237,1.90027840992791,2.0524681797327777,2.212104069033783,2.5036369002621277,2.7392514078930676,#000000,0.0,0.0,0.18525899078005398,1.5787563232129032,0.11467015283656692,0.0,0.0,0.0,0.0,0.0,0.0,0.0,0.0,51.77896471241851,9.209178767357372,False,True,False,False,False,1.9983235526271557,0,0.9643311856167289,0.9976079324047996,False,False,False,False,-0.10565445368225768,-0.01657044780582874,False,False,False,False,-4323504,-4495882.53650947,False,False,False,False,292159.17846636934,False,False,False,False
2025-10-02 00:00:00+00:00,1.57,1.65,1.5214,1.62,277972,,1.715158691345917,1.5995871104295267,1.730804988482163,1.8068683056282802,1.9248384046379878,2.054752640103891,2.216066138968694,2.2528959049551065,2.3999936001050433,1.5213995263361324,1.520422958547113,1.519254979039255,1.5526154164837662,1.742440667696766,1.7696989342879172,1.81001732807286,1.9343744899759934,1.9363980165132693,2.002143000910032,1.6028766139345791,1.5619988213973166,1.8989022299444578,2.0505597351460727,2.209655644404129,2.5003489360968154,2.7353082369068775,"rgba(239, 83, 80, 1.0)",0.0,0.0,0.1846123388260548,1.5788835199654032,-0.04811986036195214,0.0,0.0,0.0,0.0,0.0,0.0,0.0,0.0,48.849387927776945,6.923615745238251,False,True,False,True,False,1.0602983612039303,0,0.9743879978512776,0.9931125776993324,False,False,False,False,-0.021885119339495107,-0.019227783572661923,False,False,False,False,-4601476,-4500023.456646353,False,False,False,False,291602.8185265117,False,False,False,False
2025-10-03 00:00:00+00:00,1.62,1.68,1.56,1.56,881959,,1.703744307015685,1.6008332112311323,1.7282771913318664,1.8042001351654589,1.9207728762389924,2.049253030009261,2.2088342106167977,2.245295564500632,2.3910573043313668,1.5258072501925772,1.5248319725578388,1.5235715277359447,1.5548701653219852,1.7397673478404574,1.7670093710993557,1.807318018682956,1.9301997112634088,1.9322000355084468,1.9972211465779417,1.604196950495306,1.563910967843818,1.8951456654443632,2.0451061649037636,2.2024916384056596,2.490511831133865,2.7233952328511997,"rgba(239, 83, 80, 1.0)",0.0,0.0,0.18419964777767792,1.5815332126969084,0.20883203506186773,0.0,0.0,0.0,0.0,0.0,0.0,0.0,0.0,48.26865114436042,6.61422136726199,False,True,False,True,False,2.561115092226455,0,0.9895476353666895,0.9760300053308965,False,False,False,False,0.015046344549487386,-0.0020907195115872686,False,False,False,False,-3719517,-4469415.36030728,False,False,False,False,314754.0413293936,False,False,False,False
2025-10-06 00:00:00+00:00,1.73,1.765,1.63,1.64,478362,,1.7040246301162982,1.6042784508205261,1.728033432923628,1.8034634124530629,1.9192472057663028,2.0469298628940913,2.2055621283720503,2.241820737338768,2.3868410233430386,1.530128050818327,1.5291354875598397,1.5277677294274707,1.5576056786899524,1.7393994556578907,1.7664431050949088,1.8065611816646432,1.9286131053905762,1.9306005130861434,1.9952170574457908,1.6083772972048973,1.566448023769714,1.8937908145661275,2.042808326791149,2.1992566005045564,2.4857998619752233,2.7175484307364983,#000000,0.0,0.0,0.18487129676492953,1.5856429005567407,0.7808518789523853,0.0,0.0,0.0,0.0,1.0,1.681,1.68,0.0,50.50430721101238,6.61422136726199,False,True,False,False,False,5.718057295263655,0,0.9990819500131148,0.9567392363322966,False,False,False,False,0.09880071155377855,0.04835499602109564,False,False,False,False,-3241155,-4421248.287354054,False,False,False,False,321170.0397086331,False,False,False,False
2025-10-07 00:00:00+00:00,1.75,1.815,1.681,1.76,412168,,1.7062567785182141,1.6081584339808666,1.7282484563131457,1.803102964965449,1.9181981625617532,2.045188845385755,2.203002868957046,2.2390862565536866,2.383463203046377,1.534496387402501,1.5334836878947309,1.5320074661701844,1.5604957252384133,1.739491974420029,1.766296507883545,1.806182270293064,1.927511133112143,1.9294873302856763,1.9937521070428705,1.6130674249647523,1.5691649743076113,1.8928895800478716,2.041089188569239,2.1967292264199214,2.4819934855731636,2.7127636264348944,#000000,0.0,0.0,0.18500068947516193,1.5898881889189929,0.8654660235874615,0.0,0.0,0.0,0.0,0.0,0.0,0.0,0.0,52.42837094282028,6.61422136726199,False,True,False,False,False,6.273742462738749,0,1.0372007436354667,0.9448154190537619,False,False,False,False,0.1540552485291886,0.10120512227514211,False,False,False,False,-2828987,-4358806.66824213,False,False,False,False,324738.58717103966,False,False,False,False
2025-10-08 00:00:00+00:00,1.88,1.97,1.795,1.81,580078,,1.7177889500630115,1.6181253085816754,1.7304660606445241,1.8038236064508364,1.917884689121771,2.04385643183781,2.2004894841551796,2.2363186346968256,2.3797528620849833,1.543995733427724,1.5429263055568965,1.541204055917139,1.5671904503293619,1.741461926144821,1.767620163641399,1.8068712199737564,1.9271193917193752,1.9290790514101646,1.9928225802284,1.625137468522832,1.5755879196025169,1.8927923419091621,2.0397885448589146,2.19426158483774,2.4776621596723203,2.7070270977939854,"rgba(38, 166, 154, 0.5)",0.0,0.0,0.18745454792753788,1.6001297838241253,1.4930030733853454,0.0,0.0,0.0,0.0,0.0,0.0,0.0,0.0,56.20643077719366,6.61422136726199,False,False,True,False,True,9.745174454392323,0,1.04722849631577,0.8906024364053763,False,False,False,False,0.30693757770715985,0.20407134999115098,False,False,False,False,-2248909,-4276065.583213028,False,False,False,False,334751.89747805777,False,False,False,False
2025-10-09 00:00:00+00:00,1.85,1.98,1.75,1.98,458859,,1.724819109661491,1.6249021922388036,1.7319304144244858,1.804228279446075,1.9174944310147637,2.0426789782200925,2.19839577132271,2.2340276354268003,2.376730523349282,1.5506905278900598,1.5495854704559724,1.5477015301965429,1.5719402139482894,1.7427470644568608,1.7684510237622673,1.8072520478926621,1.9266687537957576,1.9286156499982652,1.9919569392382381,1.6331994360548936,1.580137995587562,1.8925691235265318,2.0386357028519515,2.1922034101695713,2.4741570194493794,2.7024274682880653,"rgba(38, 166, 154, 0.5)",0.0,0.0,0.18811866103767955,1.6067952017686415,1.2928265430437305,0.0,0.0,0.0,0.0,0.0,0.0,0.0,0.0,57.83986614055571,-0.7302643681426702,False,False,True,False,True,8.749040750951394,0,1.0464121970744487,0.8906738956407831,False,False,False,False,0.28638948158819544,0.2452304157896732,False,False,False,False,-2707768,-4214563.717204673,False,False,False,False,339618.8426749967,False,False,False,False
2025-10-10 00:00:00+00:00,2.0,2.105,1.82,1.86,3371298,,1.7914757238627577,1.684667954632972,1.750570990132507,1.8128122141018037,1.9202084906211478,2.0396376156455958,2.188739358978581,2.2229376837278125,2.3602705201368166,1.6078406067472455,1.6064536764915127,1.603353408224242,1.6148616301368555,1.759882152380591,1.7812537350910331,1.8156444084023853,1.9289407842719055,1.930794394096198,1.9911820879722868,1.7020399728866316,1.621668812333911,1.8964953107977336,2.0357726218383134,2.1828026135999403,2.454178221232499,2.674518570575175,"rgba(38, 166, 154, 1.0)",0.0,0.0,0.19304244970307954,1.6622825103587524,1.749446767592797,0.0,0.0,0.0,0.0,1.0,2.28,1.98,0.0,61.34520836834287,2.746760849416205,True,False,True,False,True,12.497428180485862,0,1.0675865458886313,0.8550136928586475,False,False,False,False,0.342828142702351,0.2940292792460121,False,False,False,False,663530,-4023265.9243731177,False,False,False,False,458508.22139362426,False,False,False,False
2025-10-13 00:00:00+00:00,2.46,2.6999,2.28,2.32,3767426,2.479966666666667,1.9494358073324956,1.8120807258888347,1.8081454660210277,1.8482943597357078,1.9482522050921718,2.060692834027814,2.2021587574291916,2.2346735848277617,2.3655111028726443,1.7219360824119125,1.719983228782901,1.714729534814796,1.7068621670110602,1.814728751901656,1.826516294114843,1.8508188480419794,1.9564431433061102,1.9581831731449466,2.014928971812928,1.8449611432833726,1.711939973415351,1.9259820266200236,2.057036806180116,2.1965123371577566,2.455282304127853,2.66652015527414,"rgba(38, 166, 154, 1.0)",0.0,0.0,0.21910033079603816,1.7774988991515865,3.1150162958163574,0.0,0.0,0.0,0.0,1.0,2.33,2.105,0.0,67.7539522841756,8.840623946241195,True,False,True,False,True,20.0,0,1.1006968863883384,0.7840611214116746,False,False,False,False,0.34282819219879196,0.31842873572240205,False,False,False,False,4430956,-3691727.8096918194,False,False,False,False,588269.7029075997,False,False,False,False
2025-10-14 00:00:00+00:00,2.52,2.64,2.33,2.45,2400744,2.4864665563908472,2.0192365517307698,1.8754961151590426,1.8411194850729111,1.8695480477756874,1.9652188828964554,2.0735844771842347,2.2105597468205787,2.2420810451967332,2.3690709921177047,1.7815524730560073,1.7793889177956674,1.7732956354299196,1.7569884467797419,1.846295416209785,1.8530835140692308,1.8718987329965144,1.973095466069686,1.9747694967361638,2.0293953358609143,1.9132623884224964,1.761229824436646,1.943786891766652,2.070050902525603,2.2050845784686066,2.456381371192228,2.6621839198116533,"rgba(38, 166, 154, 1.0)",0.0,0.0,0.24389020569184525,1.8347288062335132,2.8097528222692367,0.0,0.0,0.0,0.0,0.0,0.0,0.0,0.0,72.36631905534858,13.0975520382259,True,False,True,False,True,20.0,0,1.1036125201039217,0.7957132252876408,False,False,False,False,0.3397515875312006,0.3290901616268013,False,False,False,False,6831700,-3279044.366174493,False,False,False,False,659347.1263229881,False,False,False,False
