date,Open,High,Low,Close,Volume,Gap_Up_aVWAP_840,Gap_Up_aVWAP_810,Gap_Up_aVWAP_786,Gap_Up_aVWAP_780,Gap_Up_aVWAP_744,Gap_Up_aVWAP_714,Gap_Up_aVWAP_702,Gap_Up_aVWAP_684,Gap_Up_aVWAP_630,Gap_Up_aVWAP_588,Gap_Down_aVWAP_864,Gap_Down_aVWAP_774,Gap_Down_aVWAP_768,Gap_Down_aVWAP_762,Gap_Down_aVWAP_738,Gap_Down_aVWAP_732,Gap_Down_aVWAP_672,Gap_Down_aVWAP_642,Gap_Down_aVWAP_636,Gap_Down_aVWAP_624,aVWAP_OB_bull_779,aVWAP_OB_bull_674,aVWAP_OB_bull_625,aVWAP_OB_bull_99,aVWAP_OB_bear_858,color,Liquidity,Liquidity_Level,StDev,StDev_Mean,StdDev_ZScore,OB,OB_High,OB_Low,OB_Mitigated_Index,FVG,FVG_High,FVG_Low,FVG_Mitigated_Index,QQEMOD,QQE1_Value,QQE1_Above_Upper,QQE1_Below_Lower,QQE2_Above_Threshold,QQE2_Below_Threshold,QQE2_Above_TL,banker_RSI,TTM_squeeze_Active,VI_plus,VI_minus,VI_Regular_Bullish,VI_Regular_Bearish,VI_Hidden_Bullish,VI_Hidden_Bearish,Fisher,Fisher_Signal,Fisher_Regular_Bullish,Fisher_Regular_Bearish,Fisher_Hidden_Bullish,Fisher_Hidden_Bearish,OBV,OBV_Smoothed,OBV_Regular_Bullish,OBV_Regular_Bearish,OBV_Hidden_Bullish,OBV_Hidden_Bearish,Volume_MA,Vol_Regular_Bullish,Vol_Regular_Bearish,Vol_Hidden_Bullish,Vol_Hidden_Bearish
2025-03-28 14:00:00+00:00,30.97,31.075,30.83,30.855,13739.0,,,,,,,,,,,,,,,,,,,,,,,,,,"rgba(38, 166, 154, 1.0)",0.0,0.0,,,,0.0,0.0,0.0,0.0,0.0,0.0,0.0,0.0,,,False,False,False,False,False,,0,,,False,False,False,False,,,False,False,False,False,0.0,0.0,False,False,False,False,13739.0,False,False,False,False
2025-03-28 15:00:00+00:00,30.85,31.04,30.81,30.92,12658.0,,,,,,,,,,,,,,,,,,,,,,,,,,"rgba(239, 83, 80, 1.0)",0.0,0.0,,,,0.0,0.0,0.0,0.0,0.0,0.0,0.0,0.0,100.0,,False,False,True,False,False,,0,,,False,False,False,False,,,False,False,False,False,12658.0,196.24806201550388,False,False,False,False,13722.24031007752,False,False,False,False
2025-03-28 16:00:00+00:00,30.92,30.985,30.815,30.835,15455.0,,,,,,,,,,,,,,,,,,,,,,,,,,"rgba(239, 83, 80, 1.0)",0.0,0.0,,,,0.0,0.0,0.0,0.0,0.0,0.0,0.0,0.0,80.15564202334639,-19.45525291828764,False,False,True,False,True,,0,,,False,False,False,False,,,False,False,False,False,-2797.0,149.84111531758907,False,False,False,False,13749.104801394145,False,False,False,False
2025-03-28 17:00:00+00:00,30.835,30.835,30.69,30.75,9091.0,,,,,,,,,,,,,,,,,,,,,,,,,,"rgba(239, 83, 80, 1.0)",0.0,0.0,,,,0.0,0.0,0.0,0.0,0.0,0.0,0.0,0.0,61.51554890108719,-19.45525291828764,False,False,True,False,True,,0,,,False,False,False,False,,,False,False,False,False,-11888.0,-36.79208026873013,False,False,False,False,13676.886122302763,False,False,False,False
2025-03-28 18:00:00+00:00,30.75,30.795,30.715,30.78,7792.0,,,,,,,,,,,,,,,,,,,,,,,,,,"rgba(38, 166, 154, 1.0)",0.0,0.0,,,,0.0,0.0,0.0,0.0,0.0,0.0,0.0,0.0,52.55841124678729,-19.45525291828764,False,False,False,True,True,,0,,,False,False,False,False,,,False,False,False,False,-4096.0,-99.72553638859478,False,False,False,False,13585.647577770937,False,False,False,False
2025-03-28 19:00:00+00:00,30.78,30.875,30.75,30.775,28301.0,,,,,,,,,,,,,,,,,,,,,,,,,,"rgba(239, 83, 80, 1.0)",0.0,0.0,,,,0.0,0.0,0.0,0.0,0.0,0.0,0.0,0.0,46.2969866212259,-19.45525291828764,False,False,False,True,False,,0,,,False,False,False,False,,,False,False,False,False,-32397.0,-600.4584738089267,False,False,False,False,13813.792576565185,False,False,False,False
2025-03-31 14:00:00+00:00,30.615,30.785,30.5,30.785,5803.0,,,,,,,,,,,,,,,,,,,,,,,,,,"rgba(239, 83, 80, 1.0)",0.0,0.0,,,,0.0,0.0,0.0,0.0,0.0,0.0,0.0,0.0,43.30331492112664,-19.45525291828764,False,False,False,True,False,,0,,,False,False,False,False,,,False,False,False,False,-26594.0,-1003.4591176258425,False,False,False,False,13689.594242044794,False,False,False,False
2025-03-31 15:00:00+00:00,30.79,30.955,30.775,30.865,5172.0,,,,,,,,,,,,,,,,,,,,,,,,,,"rgba(38, 166, 154, 1.0)",0.0,0.0,,,,0.0,0.0,0.0,0.0,0.0,0.0,0.0,0.0,48.0968631221906,-19.45525291828764,False,False,False,True,False,,0,,,False,False,False,False,,,False,False,False,False,-21422.0,-1320.0256429339688,False,False,False,False,13557.538517361929,False,False,False,False
2025-03-31 16:00:00+00:00,30.865,30.97,30.765,30.92,4983.0,,,,,,,,,,,,,,,,,,,,,,,,,,"rgba(38, 166, 154, 1.0)",0.0,0.0,,,,0.0,0.0,0.0,0.0,0.0,0.0,0.0,0.0,54.125479683997035,-19.45525291828764,False,False,True,False,False,,0,,,False,False,False,False,,,False,False,False,False,-16439.0,-1554.428346144295,False,False,False,False,13424.599935697403,False,False,False,False
2025-03-31 17:00:00+00:00,30.92,31.015,30.89,30.96,7363.0,,,,,,,,,,,,,,,,,,,,,,,,,,"rgba(38, 166, 154, 1.0)",0.0,0.0,,,,0.0,0.0,0.0,0.0,0.0,0.0,0.0,0.0,59.73546083409819,-19.45525291828764,False,False,True,False,False,,0,,,False,False,False,False,,,False,False,False,False,-9076.0,-1671.0418601575616,False,False,False,False,13330.6216421207,False,False,False,False
2025-03-31 18:00:00+00:00,30.955,31.295,30.95,31.205,7112.0,,,,,,,,,,,,,,,,,,,,,,,,,,"rgba(38, 166, 154, 1.0)",0.0,0.0,,,,0.0,0.0,0.0,0.0,0.0,0.0,0.0,0.0,68.2486965239226,-13.895168038596829,False,False,True,False,True,,0,,,False,False,False,False,,,False,False,False,False,-1964.0,-1675.5838468217853,False,False,False,False,13234.20890348317,False,False,False,False
2025-03-31 19:00:00+00:00,31.205,31.28,31.105,31.16,12949.0,,,,,,,,,,,,,,,,,,,,,,,,,,"rgba(239, 83, 80, 1.0)",0.0,0.0,,,,0.0,0.0,0.0,0.0,0.0,0.0,0.0,0.0,71.29611031644075,-8.363371368526998,False,False,True,False,True,,0,,,False,False,False,False,,,False,False,False,False,-14913.0,-1880.8151050105948,False,False,False,False,13229.787060018314,False,False,False,False
2025-04-01 14:00:00+00:00,31.04,31.44,30.77,31.42,6735.0,,,,,,,,,,,,,,,,,,,,,,,,,,"rgba(38, 166, 154, 1.0)",0.0,0.0,,,,0.0,0.0,0.0,0.0,0.0,0.0,0.0,0.0,76.15669499044081,-1.2124608528951555,False,False,True,False,True,,0,,,False,False,False,False,,,False,False,False,False,-8178.0,-1978.445878576322,False,False,False,False,13129.092686994774,False,False,False,False
2025-04-01 15:00:00+00:00,31.42,31.705,31.41,31.69,8047.0,,,,,,,,,,,,,,,,,,,,,,,,,,"rgba(38, 166, 154, 1.0)",0.0,0.0,,,,0.0,0.0,0.0,0.0,0.0,0.0,0.0,0.0,80.83213637800138,5.556011168287135,False,False,True,False,True,,0,,,False,False,False,False,,,False,False,False,False,-131.0,-1949.8033068154487,False,False,False,False,13050.300552312685,False,False,False,False
2025-04-01 16:00:00+00:00,31.69,31.825,31.565,31.565,7882.0,,,,,,,,,,,,,,,,,,,,,,,,,,"rgba(38, 166, 154, 1.0)",0.0,0.0,,,,0.0,0.0,0.0,0.0,0.0,0.0,0.0,0.0,79.83010601569424,6.804362383655757,False,False,True,False,True,,0,,,False,False,False,False,,,False,False,False,False,-8013.0,-2043.8063563221858,False,False,False,False,12970.171861579154,False,False,False,False
2025-04-01 17:00:00+00:00,31.565,31.705,31.55,31.63,6292.0,,,,,,,,,,,,,,,,,,,,,,,,,,"rgba(38, 166, 154, 1.0)",0.0,0.0,,,,0.0,0.0,0.0,0.0,0.0,0.0,0.0,0.0,79.7105876400116,9.034166125398869,False,False,True,False,True,,0,,,False,False,False,False,,,False,False,False,False,-1721.0,-2038.8016066117643,False,False,False,False,12866.634313337616,False,False,False,False
2025-04-01 18:00:00+00:00,31.635,31.635,31.47,31.59,5745.0,,,,,,,,,,,,,,,,,,,,,,,,,,"rgba(38, 166, 154, 1.0)",0.0,0.0,,,,0.0,0.0,0.0,0.0,0.0,0.0,0.0,0.0,78.33645067438462,9.853238478946196,False,False,True,False,True,,0,,,False,False,False,False,,,False,False,False,False,-7466.0,-2122.9442173619695,False,False,False,False,12756.22137824711,False,False,False,False
2025-04-01 19:00:00+00:00,31.585,31.8,31.56,31.77,21750.0,,,,,,,,,,,,,,,,,,,,,,,,,,"rgba(38, 166, 154, 1.0)",0.0,0.0,,,,0.0,0.0,0.0,0.0,0.0,0.0,0.0,0.0,79.03413504170885,12.624136861627086,False,False,True,False,True,,0,,,False,False,False,False,,,False,False,False,False,14284.0,-1868.572989185815,False,False,False,False,12895.659806491341,False,False,False,False
2025-04-02 14:00:00+00:00,31.555,31.92,31.555,31.89,7701.0,,,,,,,,,,,,,,,,,,,,,,,,,,"rgba(38, 166, 154, 1.0)",0.0,0.0,,,,0.0,0.0,0.0,0.0,0.0,0.0,0.0,0.0,80.34392315973336,15.78620306488068,False,False,True,False,True,,0,,,False,False,False,False,,,False,False,False,False,21985.0,-1498.7501521441743,False,False,False,False,12815.122445150391,False,False,False,False
2025-04-02 15:00:00+00:00,31.885,31.95,31.845,31.915,5915.0,,,,,,,,,,,,,,,,,,,,,,,,,,"rgba(38, 166, 154, 1.0)",0.0,0.0,,,,0.0,0.0,0.0,0.0,0.0,0.0,0.0,0.0,81.38437479766598,18.490376317360756,False,False,True,False,True,,0,,,False,False,False,False,,,False,False,False,False,27900.0,-1042.9555761419392,False,False,False,False,12708.14380258992,False,False,False,False
2025-04-02 16:00:00+00:00,31.915,32.045,31.915,32.025,3848.0,,,,,,,,,,,,,,,,,,,,,,,,,,"rgba(38, 166, 154, 1.0)",0.0,0.0,,,,0.0,0.0,0.0,0.0,0.0,0.0,0.0,0.0,82.77931342656007,21.32636285588802,False,False,True,False,True,,0,,,False,False,False,False,,,False,False,False,False,31748.0,-534.5686679846999,False,False,False,False,12570.77723200713,False,False,False,False
2025-04-02 17:00:00+00:00,32.025,32.165,32.025,32.065,4444.0,,,,,,,,,,,,,,,,,,,,,,,,,,"rgba(38, 166, 154, 1.0)",0.0,0.0,,,,0.0,0.0,0.0,0.0,0.0,0.0,0.0,0.0,83.94727538757104,23.757917305790016,False,False,True,False,True,,0,,,False,False,False,False,,,False,False,False,False,36192.0,34.835497410411676,False,False,False,False,12444.780685774462,False,False,False,False
2025-04-02 18:00:00+00:00,32.065,32.215,31.98,32.1,8835.0,,,,,,,,,,,,,,,,,,,,,,,,,,"rgba(38, 166, 154, 1.0)",0.0,0.0,,,,0.0,0.0,0.0,0.0,0.0,0.0,0.0,0.0,84.93826636459013,25.86608270126868,False,False,True,False,True,,0,,,False,False,False,False,,,False,False,False,False,45027.0,732.3884354350564,False,False,False,False,12388.815093746949,False,False,False,False
2025-04-02 19:00:00+00:00,32.1,32.38,32.1,32.36,32847.0,,,,,,,,,,,,,,,,,,,,,,,,,,"rgba(38, 166, 154, 1.0)",0.0,0.0,,32.279999999999994,,0.0,0.0,0.0,0.0,0.0,0.0,0.0,0.0,86.81798894953761,28.635712002068402,False,False,True,False,True,,0,,,False,False,False,False,,,False,False,False,False,77874.0,1928.3824131802494,False,False,False,False,12705.996255084205,False,False,False,False
2025-04-03 14:00:00+00:00,31.62,31.73,31.13,31.13,11760.0,,,,,,,,,,,,,,,,,,,,,,,,,,"rgba(239, 83, 80, 1.0)",0.0,0.0,,32.02954603537561,,0.0,0.0,0.0,0.0,0.0,0.0,0.0,0.0,70.01341703247114,28.97931979560279,False,False,True,False,False,,0,,,False,False,False,False,,,False,False,False,False,66114.0,2923.50826723947,False,False,False,False,12691.329646478249,False,False,False,False
2025-04-03 15:00:00+00:00,31.125,31.25,30.95,31.04,12903.0,,,,,,,,,,,,,,,,,,,,,,,,,,"rgba(239, 83, 80, 1.0)",0.0,0.0,,31.816504955659884,,0.0,0.0,0.0,0.0,0.0,0.0,0.0,0.0,58.24097447186142,18.527005902552744,False,False,True,False,False,,0,,,False,False,False,False,,,False,False,False,False,53211.0,3703.1593018559124,False,False,False,False,12694.611357385562,False,False,False,False
2025-04-03 16:00:00+00:00,31.035,31.325,31.025,31.065,7445.0,,,,,,,,,,,,,,,,,,,,,,,,,,"rgba(239, 83, 80, 1.0)",0.0,0.0,,31.738774407923433,,0.0,0.0,0.0,0.0,0.0,0.0,0.0,0.0,50.707257355390496,12.180101587739443,False,False,False,True,False,,0,,,False,False,False,False,,,False,False,False,False,60656.0,4586.149080121712,False,False,False,False,12613.222034015242,False,False,False,False
2025-04-03 17:00:00+00:00,31.07,31.11,30.84,30.855,9568.0,,,,,,,,,,,,,,,,,,,,,,,,,,"rgba(239, 83, 80, 1.0)",0.0,0.0,,31.63557789765128,,0.0,0.0,0.0,0.0,0.0,0.0,0.0,0.0,44.25732634258728,6.675810099983472,False,False,False,True,False,,0,,,False,False,False,False,,,False,False,False,False,51088.0,5307.108009112073,False,False,False,False,12566.009289301828,False,False,False,False
2025-04-03 18:00:00+00:00,30.855,30.9,30.63,30.82,13669.0,,,,,,,,,,,,,,,,,,,,,,,,,,"rgba(239, 83, 80, 1.0)",0.0,0.0,,31.5034873344521,,0.0,0.0,0.0,0.0,0.0,0.0,0.0,0.0,39.727073000345435,2.7070520377002083,False,False,False,True,False,,0,,,False,False,False,False,,,False,False,False,False,37419.0,5804.966799668475,False,False,False,False,12583.109920475443,False,False,False,False
2025-04-03 19:00:00+00:00,30.815,30.845,30.545,30.625,16564.0,,,,,,,,,,,,,,,,,,,,,,,,,,"rgba(239, 83, 80, 1.0)",0.0,0.0,,31.371959999109038,,0.0,0.0,0.0,0.0,0.0,0.0,0.0,0.0,35.46652124882969,-1.2872867209846675,False,False,False,True,False,,0,,,False,False,False,False,,,False,False,False,False,20855.0,6038.300647735629,False,False,False,False,12644.829146514583,False,False,False,False
2025-04-04 14:00:00+00:00,28.83,28.83,27.56,28.1,11526.0,,,,,,,,,,,,,,,,,,,,,,,,,,"rgba(239, 83, 80, 1.0)",0.0,0.0,,31.053917387615165,,0.0,0.0,0.0,0.0,0.0,0.0,0.0,0.0,26.889654390684438,-9.365938259111061,False,False,False,True,False,,0,,,False,False,False,False,,,False,False,False,False,9329.0,6089.31924234438,False,False,False,False,12627.482958196528,False,False,False,False
2025-04-04 15:00:00+00:00,28.095,28.485,28.015,28.09,10026.0,,,,,,,,,,,,,,,,,,,,,,,,,,"rgba(239, 83, 80, 1.0)",0.0,0.0,,30.82711626869768,,0.0,0.0,0.0,0.0,0.0,0.0,0.0,0.0,21.162534499205684,-14.75126465063805,False,False,False,True,False,,0,,,False,False,False,False,,,False,False,False,False,-697.0,5984.1049905250875,False,False,False,False,12587.149889077202,False,False,False,False
2025-04-04 16:00:00+00:00,28.09,28.33,27.915,28.06,4197.0,,,,,,,,,,,,,,,,,,,,,,,,,,"rgba(239, 83, 80, 1.0)",0.0,0.0,,30.739466661558303,,0.0,0.0,0.0,0.0,0.0,0.0,0.0,0.0,17.313757531914217,-18.559864115237495,False,False,False,True,False,,0,,,False,False,False,False,,,False,False,False,False,-4894.0,5815.452199974311,False,False,False,False,12457.070045835695,False,False,False,False
2025-04-04 17:00:00+00:00,28.06,28.205,27.665,28.025,11647.0,,,,,,,,,,,,,,,,,,,,,,,,,,"rgba(239, 83, 80, 1.0)",0.0,0.0,,30.512145109929275,,0.0,0.0,0.0,0.0,0.0,0.0,0.0,0.0,14.708489284421331,-21.443947070372126,False,False,False,True,False,,0,,,False,False,False,False,,,False,False,False,False,-16541.0,5468.840537959205,False,False,False,False,12444.510820318863,False,False,False,False
2025-04-04 18:00:00+00:00,28.025,28.14,27.575,27.685,14421.0,,,,,,,,,,,,,,,,,,,,,,,,,,"rgba(239, 83, 80, 1.0)",0.0,0.0,,30.262345689657003,,0.0,0.0,0.0,0.0,0.0,0.0,0.0,0.0,12.596575286942919,-24.077013626801673,False,False,False,True,False,,0,,,False,False,False,False,,,False,False,False,False,-30962.0,4904.021304812551,False,False,False,False,12475.154063414695,False,False,False,False
2025-04-04 19:00:00+00:00,27.685,27.945,27.495,27.7,60988.0,,,,,,,,,,,,,,,,,,,,,,,,,,"rgba(239, 83, 80, 1.0)",0.0,0.0,,29.54779130910411,,0.0,0.0,0.0,0.0,0.0,0.0,0.0,0.0,11.367167882915371,-26.05007437160541,False,False,False,True,False,,0,,,False,False,False,False,,,False,False,False,False,30026.0,5293.509346598402,False,False,False,False,13227.291209718342,False,False,False,False
2025-04-07 14:00:00+00:00,26.825,27.895,26.64,27.34,27797.0,,,,,,,,,,,,,,,,,,,,,,,,,,"rgba(239, 83, 80, 1.0)",0.0,0.0,,29.29219134217483,,0.0,0.0,0.0,0.0,0.0,0.0,0.0,0.0,10.142785381498724,-28.131267070796323,False,False,False,True,False,,0,,,False,False,False,False,,,False,False,False,False,2229.0,5245.997573782923,False,False,False,False,13453.178167707205,False,False,False,False
2025-04-07 15:00:00+00:00,27.32,27.53,26.61,27.145,10091.0,,,,,,,,,,,,,,,,,,,,,,,,,,"rgba(239, 83, 80, 1.0)",0.0,0.0,,28.150197854235742,,0.0,0.0,0.0,0.0,0.0,0.0,0.0,0.0,9.129831480092998,-30.060322010545207,False,False,False,True,False,,0,,,False,False,False,False,,,False,False,False,False,-7862.0,5042.772805197142,False,False,False,False,13401.051374409419,False,False,False,False
2025-04-07 16:00:00+00:00,27.13,27.235,26.755,26.84,9644.0,,,,,,,,,,,,,,,,,,,,,,,,,,"rgba(239, 83, 80, 1.0)",0.0,0.0,,28.071993445362068,,0.0,0.0,0.0,0.0,0.0,0.0,0.0,0.0,8.172959023487092,-31.94020574640461,False,False,False,True,False,,0,,,False,False,False,False,,,False,False,False,False,-17506.0,4693.179428372379,False,False,False,False,13342.802515891444,False,False,False,False
2025-04-07 17:00:00+00:00,26.84,27.51,26.83,27.44,8408.0,,,,,,,,,,,,,,,,,,,,,,,,,,"rgba(239, 83, 80, 1.0)",0.0,0.0,,28.079074677407363,,0.0,0.0,0.0,0.0,0.0,0.0,0.0,0.0,14.0447811709826,-31.94020574640461,False,False,False,True,True,,0,,,False,False,False,False,,,False,False,False,False,-9098.0,4479.362693048776,False,False,False,False,13266.293949753592,False,False,False,False
2025-04-07 18:00:00+00:00,27.435,27.49,27.045,27.07,10725.0,,,,,,,,,,,,,,,,,,,,,,,,,,"rgba(239, 83, 80, 1.0)",0.0,0.0,,28.058989399023048,,0.0,0.0,0.0,0.0,0.0,0.0,0.0,0.0,16.8738154346416,-31.94020574640461,False,False,False,True,True,,0,,,False,False,False,False,,,False,False,False,False,-19823.0,4102.581876102284,False,False,False,False,13226.894043555862,False,False,False,False
2025-04-07 19:00:00+00:00,27.07,27.475,27.05,27.42,28946.0,,,,,,,,,,,,,,,,,,,,,,,,,,"rgba(239, 83, 80, 1.0)",0.0,0.0,,28.022412077729463,,0.0,0.0,0.0,0.0,0.0,0.0,0.0,0.0,21.818925902639073,-37.22071963922327,False,True,False,True,True,,0,,,False,False,False,False,,,False,False,False,False,9123.0,4180.417816007674,False,False,False,False,13470.601112648019,False,False,False,False
2025-04-08 14:00:00+00:00,28.33,28.55,27.725,27.745,17315.0,,,,,,,,,,,,,,,,,,,,,,,,,,"rgba(239, 83, 80, 1.0)",0.0,0.0,,28.08214025827089,,0.0,0.0,0.0,0.0,0.0,0.0,0.0,0.0,27.62251527227414,-31.57434162850967,False,True,False,True,True,,0,,,False,False,False,False,,,False,False,False,False,26438.0,4525.496609557942,False,False,False,False,13530.204196172856,False,False,False,False
2025-04-08 15:00:00+00:00,27.75,27.935,27.58,27.79,11992.0,,,,,,,,,,,,,,,,,,,,,,,,,,"rgba(239, 83, 80, 1.0)",0.0,0.0,,28.088868195416197,,0.0,0.0,0.0,0.0,0.0,0.0,0.0,0.0,31.83320168914302,-27.517464847006064,False,True,False,True,True,,0,,,False,False,False,False,,,False,False,False,False,38430.0,5051.147824913633,False,False,False,False,13506.356069100408,False,False,False,False
2025-04-08 16:00:00+00:00,27.785,27.88,27.435,27.435,15131.0,,,,,,,,,,,,,,,,,,,,,,,,,,"rgba(239, 83, 80, 1.0)",0.0,0.0,,28.075158428952697,,0.0,0.0,0.0,0.0,0.0,0.0,0.0,0.0,32.89342231088606,-26.287677792625143,False,True,False,True,True,,0,,,False,False,False,False,,,False,False,False,False,23299.0,5334.060261736677,False,False,False,False,13531.544347098852,False,False,False,False
2025-04-08 17:00:00+00:00,27.44,27.51,27.09,27.3,5953.0,,,,,,,,,,,,,,,,,,,,,,,,,,"rgba(239, 83, 80, 1.0)",0.0,0.0,,28.06009303003883,,0.0,0.0,0.0,0.0,0.0,0.0,0.0,0.0,32.98447482958413,-25.729964004768185,False,True,False,True,True,,0,,,False,False,False,False,,,False,False,False,False,17346.0,5520.29188558572,False,False,False,False,13414.047535515923,False,False,False,False
2025-04-08 18:00:00+00:00,27.29,27.375,26.86,26.89,5878.0,,,,,,,,,,,,,,,,,,,,,,,,,,"rgba(239, 83, 80, 1.0)",0.0,0.0,,28.03773972831487,,0.0,0.0,0.0,0.0,0.0,0.0,0.0,0.0,31.356686850834873,-25.729964004768185,False,True,False,True,True,,0,,,False,False,False,False,,,False,False,False,False,11468.0,5612.504414491367,False,False,False,False,13297.209589228854,False,False,False,False
2025-04-08 19:00:00+00:00,26.9,27.0,26.605,26.93,10479.0,,,,,,,,,,,,,,,,,,,,,,,,,,"rgba(239, 83, 80, 1.0)",0.0,0.0,,27.990531066433938,,0.0,0.0,0.0,0.0,0.0,0.0,0.0,0.0,30.66661475003321,-25.729964004768185,False,True,False,True,True,,0,,,False,False,False,False,,,False,False,False,False,21947.0,5865.752408065145,False,False,False,False,13253.516417302826,False,False,False,False
2025-04-09 14:00:00+00:00,27.05,27.295,26.345,26.35,9167.0,,,,,,,,,,,,,,,,,,,,,,,,,,"rgba(239, 83, 80, 1.0)",0.0,0.0,,27.94505575047293,,0.0,0.0,0.0,0.0,0.0,0.0,0.0,0.0,28.137594531444876,-25.729964004768185,False,True,False,True,False,,0,,,False,False,False,False,,,False,False,False,False,12780.0,5972.950045149406,False,False,False,False,13190.159573623712,False,False,False,False
2025-04-09 15:00:00+00:00,26.35,26.83,26.34,26.56,6892.0,,,,,,,,,,,,,,,,,,,,,,,,,,"rgba(239, 83, 80, 1.0)",0.0,0.0,,27.4659786457552,,0.0,0.0,0.0,0.0,0.0,0.0,0.0,0.0,28.489149337627847,-25.729964004768185,False,True,False,True,False,0.0,0,,,False,False,False,False,,,False,False,False,False,19672.0,6185.338416542438,False,False,False,False,13092.513688761328,False,False,False,False
2025-04-09 16:00:00+00:00,26.56,26.71,26.45,26.6,4920.0,,,,,,,,,,,,,,,,,,,,,,,,,,"rgba(239, 83, 80, 1.0)",0.0,0.0,,27.451993131960403,,0.0,0.0,0.0,0.0,0.0,0.0,0.0,0.0,29.11871387303039,-25.729964004768185,False,True,False,True,False,0.0,0,,,False,False,False,False,,,False,False,False,False,24592.0,6470.713014735577,False,False,False,False,12965.808050175881,False,False,False,False
2025-04-09 17:00:00+00:00,26.6,28.68,26.415,28.66,18652.0,,,,,,,,,,,,,,,,,,,,,,,,,,"rgba(38, 166, 154, 1.0)",0.0,0.0,,27.739442598702425,,0.0,0.0,0.0,0.0,0.0,0.0,0.0,0.0,40.96593939614894,-15.804885760531398,False,False,False,True,True,0.0,0,,,False,False,False,False,,,False,False,False,False,43244.0,7040.841495127274,False,False,False,False,13053.966064901837,False,False,False,False
2025-04-09 18:00:00+00:00,28.75,29.165,28.485,28.67,10127.0,,,,,,,,,,,,,,,,,,,,,,,,,,"rgba(38, 166, 154, 1.0)",0.0,0.0,,27.8822635870733,,0.0,0.0,0.0,0.0,0.0,0.0,0.0,0.0,48.89568232545869,-8.776111594442611,True,False,False,False,True,0.0,0,,,False,False,False,False,,,False,False,False,False,53371.0,7759.138526210572,False,False,False,False,13008.58674606615,False,False,False,False
2025-04-09 19:00:00+00:00,28.67,29.21,28.6,29.13,24395.0,,,,,,,,,,,,,,,,,,,,,,,,,,"rgba(38, 166, 154, 1.0)",0.0,0.0,,28.325132933689922,,0.0,0.0,0.0,0.0,0.0,0.0,0.0,0.0,55.61398928211608,-2.9993835851163198,True,False,True,False,True,0.0,0,,,False,False,False,False,,,False,False,False,False,77766.0,8844.516223478626,False,False,False,False,13185.12028488683,False,False,False,False
2025-04-10 14:00:00+00:00,27.185,27.55,26.93,27.26,20878.0,,,,,,,,,,,,,,,,,,,,,,,,,,"rgba(38, 166, 154, 1.0)",0.0,0.0,,28.044972991042737,,0.0,0.0,0.0,0.0,0.0,0.0,0.0,0.0,51.855257854186334,-2.9993835851163198,True,False,True,False,False,0.0,0,,,False,False,False,False,,,False,False,False,False,56888.0,9589.376437068104,False,False,False,False,13304.38973783432,False,False,False,False
2025-04-10 15:00:00+00:00,27.255,27.46,27.06,27.135,22515.0,,,,,,,,,,,,,,,,,,,,,,,,,,"rgba(38, 166, 154, 1.0)",0.0,0.0,,27.90402335567157,,0.0,0.0,0.0,0.0,0.0,0.0,0.0,0.0,48.96209508741186,-2.9993835851163198,True,False,False,False,False,0.0,0,,,False,False,False,False,,,False,False,False,False,34373.0,9973.618662849993,False,False,False,False,13447.189896937665,False,False,False,False
2025-04-10 16:00:00+00:00,27.115,27.345,26.77,27.21,14526.0,,,,,,,,,,,,,,,,,,,,,,,,,,"rgba(38, 166, 154, 1.0)",0.0,0.0,,27.834883376236967,,0.0,0.0,0.0,0.0,0.0,0.0,0.0,0.0,47.36258206486489,-2.9993835851163198,True,False,False,True,False,0.0,0,,,False,False,False,False,,,False,False,False,False,48899.0,10577.112947146892,False,False,False,False,13463.91563496964,False,False,False,False
2025-04-10 17:00:00+00:00,27.205,27.67,26.84,27.645,25544.0,,,,,,,,,,,,,,,,,,,,,,,,,,"rgba(38, 166, 154, 1.0)",0.0,0.0,,27.785153042038925,,0.0,0.0,0.0,0.0,0.0,0.0,0.0,0.0,48.19227102157765,-2.9993835851163198,True,False,False,False,False,0.0,0,,,False,False,False,False,,,False,False,False,False,74443.0,11567.281738663994,False,False,False,False,13651.203764660033,False,False,False,False
2025-04-10 18:00:00+00:00,27.63,27.735,27.29,27.43,14125.0,,,,,,,,,,,,,,,,,,,,,,,,,,"rgba(38, 166, 154, 1.0)",0.0,0.0,,27.770850516275928,,0.0,0.0,0.0,0.0,0.0,0.0,0.0,0.0,47.854596574659766,-2.9993835851163198,True,False,False,True,False,0.0,0,,,False,False,False,False,,,False,False,False,False,60318.0,12323.106827987032,False,False,False,False,13658.549442727319,False,False,False,False
2025-04-10 19:00:00+00:00,27.43,27.585,27.03,27.3,16872.0,,,,,,,,,,,,,,,,,,,,,,,,,,"rgba(38, 166, 154, 1.0)",0.0,0.0,,27.742845153201284,,0.0,0.0,0.0,0.0,0.0,0.0,0.0,0.0,47.07618807153251,-2.9993835851163198,True,False,False,True,False,0.0,0,,,False,False,False,False,,,False,False,False,False,43446.0,12805.632303522118,False,False,False,False,13708.370381599763,False,False,False,False
2025-04-11 14:00:00+00:00,27.66,27.81,27.165,27.45,12222.0,,,,,,,,,,,,,,,,,,,,,,,,,,"rgba(38, 166, 154, 1.0)",0.0,0.0,,27.733856070681252,,0.0,0.0,0.0,0.0,0.0,0.0,0.0,0.0,47.3503924181517,-2.9993835851163198,True,False,False,True,False,0.0,0,,,False,False,False,False,,,False,False,False,False,55668.0,13470.165136025651,False,False,False,False,13685.325879559456,False,False,False,False
2025-04-11 15:00:00+00:00,27.44,27.725,27.305,27.56,4995.0,,,,,,,,,,,,,,,,,,,,,,,,,,"rgba(38, 166, 154, 1.0)",0.0,0.0,,27.731532369739327,,0.0,0.0,0.0,0.0,0.0,0.0,0.0,0.0,48.13719706280453,-2.9993835851163198,True,False,False,False,False,0.0,0,,,False,False,False,False,,,False,False,False,False,60663.0,14201.836994381842,False,False,False,False,13550.592144992643,False,False,False,False
2025-04-11 16:00:00+00:00,27.56,27.845,27.46,27.8,4345.0,,,,,,,,,,,,,,,,,,,,,,,,,,"rgba(38, 166, 154, 1.0)",0.0,0.0,,27.732517548944724,,0.0,0.0,0.0,0.0,0.0,0.0,0.0,0.0,49.9801729227775,-2.9993835851163198,True,False,False,False,False,0.0,0,,,False,False,False,False,,,False,False,False,False,65008.0,14989.529444081347,False,False,False,False,13407.869786155547,False,False,False,False
2025-04-11 17:00:00+00:00,27.8,28.165,27.69,28.01,2596.0,,,,,,,,,,,,,,,,,,,,,,,,,,"rgba(38, 166, 154, 1.0)",0.0,0.0,,27.735640940535106,,0.0,0.0,0.0,0.0,0.0,0.0,0.0,0.0,52.31865911979216,-2.9993835851163198,True,False,True,False,True,0.0,0,,,False,False,False,False,,,False,False,False,False,67604.0,15805.257669754505,False,False,False,False,13240.243897998096,False,False,False,False
2025-04-11 18:00:00+00:00,28.01,28.05,27.785,27.895,6109.0,,,,,,,,,,,,,,,,,,,,,,,,,,"rgba(38, 166, 154, 1.0)",0.0,0.0,,27.74162211226277,,0.0,0.0,0.0,0.0,0.0,0.0,0.0,0.0,53.07223484862527,-2.455790842423035,True,False,True,False,True,0.0,0,,,False,False,False,False,,,False,False,False,False,61495.0,16513.625767897844,False,False,False,False,13129.6819770989,False,False,False,False
2025-04-11 19:00:00+00:00,27.895,28.1,27.89,28.03,36579.0,,,,,,,,,,,,,,,,,,,,,,,,,,"rgba(38, 166, 154, 1.0)",0.0,0.0,,27.782324116119398,,0.0,0.0,0.0,0.0,0.0,0.0,0.0,0.0,54.37733300708116,-0.8174922774292313,True,False,True,False,True,0.0,0,,,False,False,False,False,,,False,False,False,False,98074.0,17778.127693976945,False,False,False,False,13493.237295283414,False,False,False,False
2025-04-14 14:00:00+00:00,28.595,29.04,28.575,28.96,4544.0,,,,,,,,,,,,,,,,,,,,,,,,,,"rgba(38, 166, 154, 1.0)",0.0,0.0,,27.79894932181498,,0.0,0.0,0.0,0.0,0.0,0.0,0.0,0.0,59.42290706800544,4.144565648967301,True,False,True,False,True,0.0,0,,,False,False,False,False,,,False,False,False,False,102618.0,19093.474551434665,False,False,False,False,13354.48943024026,False,False,False,False
2025-04-14 15:00:00+00:00,28.96,29.0,28.56,28.56,3769.0,,,,,,,,,,,,,,,,,,,,,,,,,,"rgba(38, 166, 154, 1.0)",0.0,0.0,,27.81050125111262,,0.0,0.0,0.0,0.0,0.0,0.0,0.0,0.0,59.92466789107753,4.753833720395946,True,False,True,False,True,0.0,0,,,False,False,False,False,,,False,False,False,False,98849.0,20329.994325831027,False,False,False,False,13205.877191011728,False,False,False,False
2025-04-14 16:00:00+00:00,28.565,28.87,28.54,28.7,6883.0,,,,,,,,,,,,,,,,,,,,,,,,,,"rgba(38, 166, 154, 1.0)",0.0,0.0,,27.83070889988628,,0.0,0.0,0.0,0.0,0.0,0.0,0.0,0.0,60.863194309734794,5.874145502962946,True,False,True,False,True,0.0,0,,,False,False,False,False,,,False,False,False,False,105732.0,21654.056429306514,False,False,False,False,13107.848087275113,False,False,False,False
2025-04-14 17:00:00+00:00,28.705,28.945,28.67,28.89,6027.0,,,,,,,,,,,,,,,,,,,,,,,,,,"rgba(38, 166, 154, 1.0)",0.0,0.0,,27.84999366838197,,0.0,0.0,0.0,0.0,0.0,0.0,0.0,0.0,62.310162625816275,7.492321572609384,True,False,True,False,True,0.0,0,,,False,False,False,False,,,False,False,False,False,111759.0,23051.03229861959,False,False,False,False,12998.067496774724,False,False,False,False
2025-04-14 18:00:00+00:00,28.895,29.065,28.875,29.03,8730.0,,,,,,,,,,,,,,,,,,,,,,,,,,"rgba(38, 166, 154, 1.0)",0.0,0.0,,27.88049519064269,,0.0,0.0,0.0,0.0,0.0,0.0,0.0,0.0,63.87755098290107,9.205257698395542,True,False,True,False,True,0.0,0,,,False,False,False,False,,,False,False,False,False,120489.0,24561.698464532466,False,False,False,False,12931.89590767744,False,False,False,False
2025-04-14 19:00:00+00:00,29.03,29.1,28.76,28.765,20378.0,,,,,,,,,,,,,,,,,,,,,,,,,,"rgba(38, 166, 154, 1.0)",0.0,0.0,,27.93870337888977,,0.0,0.0,0.0,0.0,0.0,0.0,0.0,0.0,62.69687507393485,9.205257698395542,True,False,True,False,True,0.0,0,,,False,False,False,False,,,False,False,False,False,100111.0,25733.00546508235,False,False,False,False,13047.339381977015,False,False,False,False
2025-04-15 14:00:00+00:00,29.16,29.25,28.96,29.05,5542.0,,,,,,,,,,,,,,,,,,,,,,,,,,"rgba(38, 166, 154, 1.0)",0.0,0.0,,28.182486478011196,,0.0,0.0,0.0,0.0,0.0,0.0,0.0,0.0,63.33213533681061,9.205257698395542,True,False,True,False,True,0.0,0,,,False,False,False,False,,,False,False,False,False,105653.0,26972.075147794254,False,False,False,False,12930.97753109365,False,False,False,False
2025-04-15 15:00:00+00:00,29.055,29.155,28.985,29.04,2655.0,,,,,,,,,,,,,,,,,,,,,,,,,,"rgba(38, 166, 154, 1.0)",0.0,0.0,,28.187236159864916,,0.0,0.0,0.0,0.0,0.0,0.0,0.0,0.0,63.66458151383182,9.654311919061378,True,False,True,False,True,0.0,0,,,False,False,False,False,,,False,False,False,False,102998.0,28150.771657130776,False,False,False,False,12771.66004999142,False,False,False,False
2025-04-15 16:00:00+00:00,29.04,29.075,28.845,28.855,2886.0,,,,,,,,,,,,,,,,,,,,,,,,,,"rgba(38, 166, 154, 1.0)",0.0,0.0,1.8346859907582829,28.185360643619788,0.36498853741366827,0.0,0.0,0.0,0.0,0.0,0.0,0.0,0.0,62.1516803686757,9.654311919061378,True,False,True,False,True,0.0,0,,,False,False,False,False,,,False,False,False,False,100112.0,29266.449615934947,False,False,False,False,12618.39400270473,False,False,False,False
2025-04-15 17:00:00+00:00,28.855,28.885,28.725,28.84,5561.0,,,,,,,,,,,,,,,,,,,,,,,,,,"rgba(38, 166, 154, 1.0)",0.0,0.0,1.824833387433469,28.180746990846615,0.36126750732053925,0.0,0.0,0.0,0.0,0.0,0.0,0.0,0.0,60.998725447702995,9.654311919061378,True,False,True,False,False,0.0,0,,,False,False,False,False,,,False,False,False,False,94551.0,30278.613187780917,False,False,False,False,12508.977041422488,False,False,False,False
2025-04-15 18:00:00+00:00,28.84,28.985,28.8,28.945,4422.0,,,,,,,,,,,,,,,,,,,,,,,,,,"rgba(38, 166, 154, 1.0)",0.0,0.0,1.8134827872962669,28.187192625016582,0.41787403789657035,0.0,0.0,0.0,0.0,0.0,0.0,0.0,0.0,60.980974218892854,9.654311919061378,True,False,True,False,False,0.0,0,,,False,False,False,False,,,False,False,False,False,98973.0,31343.642440683536,False,False,False,False,12383.597552408186,False,False,False,False
2025-04-15 19:00:00+00:00,28.945,29.045,28.92,28.995,9745.0,,,,,,,,,,,,,,,,,,,,,,,,,,"rgba(38, 166, 154, 1.0)",0.0,0.0,1.8027343295846674,28.20928758727777,0.43584481630371485,0.0,0.0,0.0,0.0,0.0,0.0,0.0,0.0,61.33866748650597,9.654311919061378,True,False,True,False,False,0.0,0,,,False,False,False,False,,,False,False,False,False,108718.0,32543.244883463638,False,False,False,False,12342.689063223563,False,False,False,False
2025-04-16 14:00:00+00:00,28.735,28.895,28.715,28.82,2385.0,,,,,,,,,,,,,,,,,,,,,,,,,,"rgba(38, 166, 154, 1.0)",0.0,0.0,1.7929169498861923,28.210957861304685,0.3396934468905406,0.0,0.0,0.0,0.0,0.0,0.0,0.0,0.0,59.497663448050815,12.550196413156513,True,False,True,False,False,0.0,0,,,False,False,False,False,,,False,False,False,False,106333.0,33687.27209457273,False,False,False,False,12188.306287049552,False,False,False,False
2025-04-16 15:00:00+00:00,28.82,28.925,28.77,28.795,7943.0,,,,,,,,,,,,,,,,,,,,,,,,,,"rgba(38, 166, 154, 1.0)",0.0,0.0,1.7823330241593536,28.219084843089025,0.32312432587204637,0.0,0.0,0.0,0.0,0.0,0.0,0.0,0.0,57.97450474765142,10.988366873478647,True,False,True,False,False,0.0,1,,,False,False,False,False,,,False,False,False,False,98390.0,34690.41516287392,False,False,False,False,12122.487584924753,False,False,False,False
2025-04-16 16:00:00+00:00,28.795,28.825,28.655,28.72,5036.0,,,,,,,,,,,,,,,,,,,,,,,,,,"rgba(38, 166, 154, 1.0)",0.0,0.0,1.7715140824007474,28.22174909349841,0.28125709609170124,0.0,0.0,0.0,0.0,0.0,0.0,0.0,0.0,56.026578209787445,9.089929167229755,True,False,True,False,False,0.0,0,,,False,False,False,False,,,False,False,False,False,93354.0,35599.92810608518,False,False,False,False,12012.619560352276,False,False,False,False
2025-04-16 17:00:00+00:00,28.72,28.77,28.27,28.295,8320.0,,,,,,,,,,,,,,,,,,,,,,,,,,"rgba(38, 166, 154, 1.0)",0.0,0.0,1.761703592988777,28.25262009332791,0.024056207208043336,0.0,0.0,0.0,0.0,0.0,0.0,0.0,0.0,50.46891533008649,3.997171389434854,True,False,False,False,False,0.0,0,,,False,False,False,False,,,False,False,False,False,85034.0,36366.347825370685,False,False,False,False,11955.369644687898,False,False,False,False
2025-04-16 18:00:00+00:00,28.3,28.525,28.3,28.43,5265.0,,,,,,,,,,,,,,,,,,,,,,,,,,"rgba(38, 166, 154, 1.0)",0.0,0.0,1.7494190876242781,28.247849726460597,0.1041204333644055,0.0,0.0,0.0,0.0,0.0,0.0,0.0,0.0,48.39181701802291,2.284191931423578,False,False,False,True,False,0.0,0,,,False,False,False,False,,,False,False,False,False,90299.0,37202.51297536494,False,False,False,False,11851.642983529946,False,False,False,False
2025-04-16 19:00:00+00:00,28.435,28.655,28.34,28.605,19291.0,,,,,,,,,,,,,,,,,,,,,,,,,,"rgba(38, 166, 154, 1.0)",0.0,0.0,1.7350169404889975,28.260601303953745,0.19849875122786403,0.0,0.0,0.0,0.0,0.0,0.0,0.0,0.0,48.96063445064897,2.284191931423578,False,False,False,False,False,0.0,0,,,False,False,False,False,,,False,False,False,False,109590.0,38324.79959590192,False,False,False,False,11966.981852002351,False,False,False,False
2025-04-17 14:00:00+00:00,28.87,28.94,28.56,28.66,526.0,,,,,,,,,,,,,,,,,,,,,,,,,,"rgba(38, 166, 154, 1.0)",0.0,0.0,1.7191743251806604,28.26168883632309,0.2316874780194585,0.0,0.0,0.0,0.0,0.0,0.0,0.0,0.0,49.93582369692642,2.284191931423578,False,False,False,False,True,0.0,0,,,False,False,False,False,,,False,False,False,False,110116.0,39437.84146263212,False,False,False,False,11789.602288405416,False,False,False,False
2025-04-17 15:00:00+00:00,28.66,28.93,28.66,28.715,2682.0,,,,,,,,,,,,,,,,,,,,,,,,,,"rgba(38, 166, 154, 1.0)",0.0,0.0,1.6982557771680635,28.267998443758103,0.2632121511091205,0.0,0.0,0.0,0.0,0.0,0.0,0.0,0.0,51.20735478608915,2.284191931423578,False,False,False,False,True,0.0,0,,,False,False,False,False,,,False,False,False,False,112798.0,40575.20826166108,False,False,False,False,11648.399152151069,False,False,False,False
2025-04-17 16:00:00+00:00,28.72,28.965,28.68,28.93,2629.0,,,,,,,,,,,,,,,,,,,,,,,,,,"rgba(38, 166, 154, 1.0)",0.0,0.0,1.6772090233802486,28.27551293677529,0.3902239101395106,0.0,0.0,0.0,0.0,0.0,0.0,0.0,0.0,54.299487533205166,0.13607109820496532,True,False,True,False,True,0.0,0,,,False,False,False,False,,,False,False,False,False,115427.0,41735.70115682913,False,False,False,False,11508.563506381284,False,False,False,False
2025-04-17 17:00:00+00:00,28.93,29.02,28.88,28.93,1961.0,,,,,,,,,,,,,,,,,,,,,,,,,,"rgba(38, 166, 154, 1.0)",0.0,0.0,1.650102502958616,28.281987873502498,0.39271022578029124,0.0,0.0,0.0,0.0,0.0,0.0,0.0,0.0,56.36090936461584,2.0715147173478385,True,False,True,False,True,0.0,0,,,False,False,False,False,,,False,False,False,False,115427.0,42878.20191408759,False,False,False,False,11360.539265972273,False,False,False,False
2025-04-17 18:00:00+00:00,28.93,28.955,28.775,28.78,2370.0,,,,,,,,,,,,,,,,,,,,,,,,,,"rgba(38, 166, 154, 1.0)",0.0,0.0,1.6155132562381223,28.287527102142178,0.30483989899568725,0.0,0.0,0.0,0.0,0.0,0.0,0.0,0.0,55.43863983597903,2.0715147173478385,True,False,True,False,True,0.0,0,,,False,False,False,False,,,False,False,False,False,113057.0,43966.24529526453,False,False,False,False,11221.151060298283,False,False,False,False
2025-04-17 19:00:00+00:00,28.78,28.815,28.545,28.615,9418.0,,,,,,,,,,,,,,,,,,,,,,,,,,"rgba(38, 166, 154, 1.0)",0.0,0.0,1.5823467632852477,28.296243777881145,0.20144523913143794,0.0,0.0,0.0,0.0,0.0,0.0,0.0,0.0,52.616662444724554,2.0715147173478385,False,False,True,False,False,0.0,0,,,False,False,False,False,,,False,False,False,False,103639.0,44891.40428293485,False,False,False,False,11193.195229906061,False,False,False,False
2025-04-18 14:00:00+00:00,28.615,28.615,28.615,28.615,0.0,,,,,,,,,,,,,,,,,,,,,,,,,,"rgba(38, 166, 154, 1.0)",0.0,0.0,1.545811685091618,28.296243777881145,0.20620637377311674,0.0,0.0,0.0,0.0,0.0,0.0,0.0,0.0,50.73534418388824,5.220742264347479,False,False,False,False,False,0.0,0,,,False,False,False,False,,,False,False,False,False,103639.0,45802.21972040873,False,False,False,False,11019.657319364882,False,False,False,False
2025-04-18 15:00:00+00:00,28.615,28.615,28.615,28.615,0.0,,,,,,,,,,,,,,,,,,,,,,,,,,"rgba(38, 166, 154, 1.0)",0.0,0.0,1.5083632708193273,28.296243777881145,0.21132589760403572,0.0,0.0,0.0,0.0,0.0,0.0,0.0,0.0,49.48113200999736,3.965871655627353,False,True,False,False,False,0.0,0,,,False,False,False,False,,,False,False,False,False,103639.0,46698.91398830937,False,False,False,False,10848.809919064652,False,False,False,False
2025-04-18 16:00:00+00:00,28.615,28.615,28.615,28.615,0.0,,,,,,,,,,,,,,,,,,,,,,,,,,"rgba(38, 166, 154, 1.0)",0.0,0.0,1.463798689575731,28.296243777881145,0.21775960341325504,0.0,0.0,0.0,0.0,0.0,0.0,0.0,0.0,48.64499056073677,3.0335333671769007,False,True,False,False,False,0.0,0,,,False,False,False,False,,,False,False,False,False,103639.0,47581.70601949837,False,False,False,False,10680.6113156683,False,False,False,False
2025-04-18 17:00:00+00:00,28.615,28.615,28.615,28.615,0.0,,,,,,,,,,,,,,,,,,,,,,,,,,"rgba(38, 166, 154, 1.0)",0.0,0.0,1.4128377552014055,28.296243777881145,0.22561417328022468,0.0,0.0,0.0,0.0,0.0,0.0,0.0,0.0,48.087562927896386,2.294740808281432,False,True,False,True,False,0.0,0,,,False,False,False,False,,,False,False,False,False,103639.0,48450.8113525294,False,False,False,False,10515.020442557163,False,False,False,False
2025-04-18 18:00:00+00:00,28.615,28.615,28.615,28.615,0.0,,,,,,,,,,,,,,,,,,,,,,,,,,"rgba(38, 166, 154, 1.0)",0.0,0.0,1.3577080183393955,28.296243777881145,0.23477523724778646,0.0,0.0,0.0,0.0,0.0,0.0,0.0,0.0,47.71594450600279,1.6759235606865488,False,True,False,True,False,0.0,0,,,False,False,False,False,,,False,False,False,False,103639.0,49306.44218427313,False,False,False,False,10351.996869804338,False,False,False,False
2025-04-18 19:00:00+00:00,28.615,28.615,28.615,28.615,0.0,,,,,,,,,,,,,,,,,,,,,,,,,,"rgba(38, 166, 154, 1.0)",0.0,0.0,1.294738834147132,28.296243777881145,0.24619345130620424,0.0,0.0,0.0,0.0,0.0,0.0,0.0,0.0,47.46819889140706,1.1363460969142096,False,True,False,True,False,0.0,0,,,False,False,False,False,,,False,False,False,False,103639.0,50148.80742172626,False,False,False,False,10191.500794303494,False,False,False,False
2025-04-21 14:00:00+00:00,28.65,28.65,28.325,28.33,1197.0,,,,,,,,,,,,,,,,,,,,,,,,,,"rgba(38, 166, 154, 1.0)",0.0,0.0,1.225138833831574,28.295630434791644,0.02805360850481343,0.0,0.0,0.0,0.0,0.0,0.0,0.0,0.0,42.17723011044987,-3.959024077640578,False,True,False,True,False,0.0,0,,,False,False,False,False,,,False,False,False,False,102442.0,50959.55459348244,False,False,False,False,10052.05116958561,False,False,False,False
2025-04-21 15:00:00+00:00,28.33,28.45,28.23,28.235,3512.0,,,,,,,,,,,,,,,,,,,,,,,,,,"rgba(38, 166, 154, 1.0)",0.0,0.0,1.1477449492236924,28.291327079655023,-0.049076303662343966,0.0,0.0,0.0,0.0,0.0,0.0,0.0,0.0,37.49837003114601,-8.199364873392888,False,True,False,True,False,0.0,0,,,False,False,False,False,,,False,False,False,False,98930.0,51703.282429242405,False,False,False,False,9950.655027421491,False,False,False,False
2025-04-21 16:00:00+00:00,28.235,28.305,28.225,28.245,1927.0,,,,,,,,,,,,,,,,,,,,,,,,,,"rgba(38, 166, 154, 1.0)",0.0,0.0,1.0492197358294797,28.288652061120874,-0.041604308068379565,0.0,0.0,0.0,0.0,0.0,0.0,0.0,0.0,34.685315365406026,-10.622552334904334,False,True,False,True,False,0.0,0,,,False,False,False,False,,,False,False,False,False,100857.0,52465.3555698743,False,False,False,False,9826.257275058368,False,False,False,False
2025-04-21 17:00:00+00:00,28.245,28.285,28.125,28.145,4362.0,,,,,,,,,,,,,,,,,,,,,,,,28.184999999999995,,"rgba(239, 83, 80, 1.0)",0.0,0.0,0.9968331612418307,28.26760893195588,-0.12299844820886346,1.0,28.285,28.125,0.0,0.0,0.0,0.0,0.0,31.59211934312751,-13.344599036236318,False,True,False,True,False,0.0,0,,,False,False,False,False,,,False,False,False,False,96495.0,53147.9857160778,False,False,False,False,9741.540108003199,False,False,True,False
2025-04-21 18:00:00+00:00,28.145,28.285,28.14,28.19,2448.0,,,,,,,,,,,,,,,,,,,,,,,,28.192189427312776,,"rgba(239, 83, 80, 1.0)",0.0,0.0,0.9434378622887843,28.26567354059309,-0.08021041302021317,0.0,0.0,0.0,0.0,0.0,0.0,0.0,0.0,31.017889508544258,-13.826401586780904,False,True,False,True,False,0.0,0,,,False,False,False,False,,,False,False,False,False,98943.0,53857.98593753395,False,False,False,False,9628.461966793848,False,False,False,False
2025-04-21 19:00:00+00:00,28.19,28.425,28.175,28.405,19846.0,,,,,,,,,,,,,,,,,,,,,,,,28.298515156062425,,"rgba(239, 83, 80, 1.0)",0.0,0.0,0.8843712735890858,28.272469594412332,0.1498583338757882,0.0,0.0,0.0,0.0,1.0,28.93,28.285,0.0,36.324144036967795,-19.215115426147143,False,True,False,True,True,0.0,0,,,False,False,False,False,,,False,False,False,False,118789.0,54864.668326099316,False,False,False,False,9786.873409169137,False,False,False,False
2025-04-22 14:00:00+00:00,29.06,29.1,28.93,29.07,3656.0,,,,,,,,,,,,,,,,,,,,,,,,28.387143265593384,,"rgba(38, 166, 154, 1.0)",0.0,0.0,0.8350204291615564,28.293692953151943,0.9296862923791537,0.0,0.0,0.0,0.0,1.0,29.045,28.425,0.0,47.97200415422609,-8.755943299491747,False,True,False,False,True,1.150517263332123,0,,,False,False,False,False,,,False,False,False,False,122445.0,55912.425406314826,False,False,False,False,9691.821108251785,False,False,False,False
2025-04-22 15:00:00+00:00,29.07,29.225,29.045,29.21,2639.0,,,,,,,,,,,,,,,,,,,,,,,,28.449040292150972,,"rgba(38, 166, 154, 1.0)",0.0,0.0,0.7857832610417241,28.309704327843367,1.1457302755000143,0.0,0.0,0.0,0.0,0.0,0.0,0.0,0.0,56.67545372548833,-1.4144811011928695,True,False,True,False,True,2.2931531112102164,0,,,False,False,False,False,,,False,False,False,False,125084.0,56984.85291939521,False,False,False,False,9582.475044557958,False,False,False,False
2025-04-22 16:00:00+00:00,29.21,29.34,29.21,29.29,1630.0,,,,,,,,,,,,,,,,,,,,,,,,28.488208168261956,,"rgba(38, 166, 154, 1.0)",0.0,0.0,0.7434035922034102,28.32032285854152,1.3043751087944115,0.0,0.0,0.0,0.0,0.0,0.0,0.0,0.0,62.989573085624244,3.7201517973001472,True,False,True,False,True,2.943239386125029,0,,,False,False,False,False,,,False,False,False,False,126714.0,58065.92496715653,False,False,False,False,9459.180857820626,False,False,False,False
2025-04-22 17:00:00+00:00,29.295,29.355,29.065,29.135,4808.0,,,,,,,,,,,,,,,,,,,,,,,,28.573261739741216,,"rgba(38, 166, 154, 1.0)",0.0,0.0,0.7519735715118486,28.34509181138156,1.0504467424703823,0.0,0.0,0.0,0.0,0.0,0.0,0.0,0.0,64.31631776606727,4.5301275257803795,True,False,True,False,True,1.5893606545236665,0,,,False,False,False,False,,,False,False,False,False,121906.0,59055.693572316886,False,False,False,False,9387.069526691623,False,False,False,False
2025-04-22 18:00:00+00:00,29.135,29.315,29.13,29.295,2576.0,,,,,,,,,,,,,,,,,,,,,,,,28.61459835577267,,"rgba(38, 166, 154, 1.0)",0.0,0.0,0.763112551178264,28.35801910141263,1.2278410270420148,0.0,0.0,0.0,0.0,0.0,0.0,0.0,0.0,66.49163272274185,6.548626467142796,True,False,True,False,True,2.9083714782511407,0,,,False,False,False,False,,,False,False,False,False,124482.0,60070.05491228096,False,False,False,False,9281.471549533613,False,False,False,False
2025-04-22 19:00:00+00:00,29.295,29.335,29.145,29.2,14795.0,,,,,,,,,,,,,,,,,,,,,,,,28.77413941743012,,"rgba(38, 166, 154, 1.0)",0.0,0.0,0.7719453196804869,28.41656780922666,1.0148804206722923,0.0,0.0,0.0,0.0,0.0,0.0,0.0,0.0,66.2268669824095,6.554742153201381,True,False,True,False,True,2.069396787537432,0,,,False,False,False,False,,,False,False,False,False,109687.0,60839.309874881255,False,False,False,False,9366.952610781154,False,False,False,False
2025-04-23 14:00:00+00:00,30.07,30.35,30.035,30.265,6723.0,,,,,,,,,,,,,,,,,,,,,,,,28.926906468398368,,"rgba(38, 166, 154, 1.0)",0.0,0.0,0.807685364884545,28.691234200021313,1.9484886917613646,0.0,0.0,0.0,0.0,0.0,0.0,0.0,0.0,71.51662343611687,11.875772067596536,True,False,True,False,True,10.068152283138168,0,,,False,False,False,False,,,False,False,False,False,116410.0,61700.8709620924,False,False,False,False,9325.96109743571,False,False,False,False
2025-04-23 15:00:00+00:00,30.27,30.3,29.84,29.905,6123.0,,,,,,,,,,,,,,,,,,,,,,,,29.02262230746392,,"rgba(38, 166, 154, 1.0)",0.0,0.0,0.8279635551452009,28.71407320510115,1.438380696225205,0.0,0.0,0.0,0.0,0.0,0.0,0.0,0.0,70.83346038050523,11.875772067596536,True,False,True,False,True,6.967306983821924,0,,,False,False,False,False,,,False,False,False,False,110287.0,62454.14428050957,False,False,False,False,9276.302785847558,False,False,False,False
2025-04-23 16:00:00+00:00,29.905,30.03,29.82,29.99,2525.0,,,,,,,,,,,,,,,,,,,,,,,,29.054969176452108,,"rgba(38, 166, 154, 1.0)",0.0,0.0,0.8491002285939093,28.7231642124718,1.491974380487506,0.0,0.0,0.0,0.0,0.0,0.0,0.0,0.0,70.77756600578104,12.056491676960832,True,False,True,False,True,7.55958239130074,0,,,False,False,False,False,,,False,False,False,False,112812.0,63234.88622964896,False,False,False,False,9171.631424826666,False,False,False,False
2025-04-23 17:00:00+00:00,29.99,30.09,29.88,29.985,3532.0,,,,,,,,,,,,,,,,,,,,,,,,29.09838364414135,,"rgba(38, 166, 154, 1.0)",0.0,0.0,0.8640114019518103,28.73816015081823,1.4430826333600975,0.0,0.0,0.0,0.0,0.0,0.0,0.0,0.0,70.67926696232425,12.669970038746555,True,False,True,False,True,7.5164630969306785,0,,,False,False,False,False,,,False,False,False,False,109280.0,63948.76396252262,False,False,False,False,9084.195278705323,False,False,False,False
2025-04-23 18:00:00+00:00,29.98,30.01,29.825,29.86,3476.0,,,,,,,,,,,,,,,,,,,,,,,,29.13351960895808,,"rgba(38, 166, 154, 1.0)",0.0,0.0,0.8708465126810108,28.74994932815239,1.2746800448567899,0.0,0.0,0.0,0.0,0.0,0.0,0.0,0.0,69.01784524309781,12.669970038746555,True,False,True,False,True,6.431510949396376,0,,,False,False,False,False,,,False,False,False,False,105804.0,64597.68235070056,False,False,False,False,8997.246514694389,False,False,False,False
2025-04-23 19:00:00+00:00,29.86,29.895,29.665,29.755,8179.0,,,,,,,,,,,,,,,,,,,,,,,,29.193294280675236,,"rgba(38, 166, 154, 1.0)",0.0,0.0,0.8671778447437659,28.769939643713137,1.1359381034209057,0.0,0.0,0.0,0.0,0.0,0.0,0.0,0.0,66.5893459505057,12.669970038746555,True,False,True,False,False,5.524006909468831,0,,,False,False,False,False,,,False,False,False,False,97625.0,65109.733787123805,False,False,False,False,8984.560522218506,False,False,False,False
2025-04-24 14:00:00+00:00,29.905,30.015,29.84,29.925,1931.0,,,,,,,,,,,,,,,,,,,,,,,,29.209161596581854,,"rgba(38, 166, 154, 1.0)",0.0,0.0,0.8774972087427855,28.777203072366554,1.3080348475158428,0.0,0.0,0.0,0.0,0.0,0.0,0.0,0.0,66.2330626761534,12.669970038746555,True,False,True,False,False,6.7800399994530025,0,,,False,False,False,False,,,False,False,False,False,99556.0,65643.78442608312,False,False,False,False,8875.202994742249,False,False,False,False
2025-04-24 15:00:00+00:00,29.93,30.075,29.93,30.035,3561.0,,,,,,,,,,,,,,,,,,,,,,,,29.240016628955217,,"rgba(38, 166, 154, 1.0)",0.0,0.0,0.8821302430853358,28.792455249403893,1.408572895369947,0.0,0.0,0.0,0.0,0.0,0.0,0.0,0.0,66.76806512559867,12.669970038746555,True,False,True,False,False,7.584755047450319,0,,,False,False,False,False,,,False,False,False,False,103117.0,66224.76451250043,False,False,False,False,8792.812250637719,False,False,False,False
2025-04-24 16:00:00+00:00,30.05,30.195,29.995,30.165,3617.0,,,,,,,,,,,,,,,,,,,,,,,,29.272962500129637,,"rgba(38, 166, 154, 1.0)",0.0,0.0,0.8948086664475134,28.80980789845976,1.5145048906605902,0.0,0.0,0.0,0.0,0.0,0.0,0.0,0.0,68.00420644296631,12.669970038746555,True,False,True,False,False,8.530293112794666,0,,,False,False,False,False,,,False,False,False,False,106734.0,66852.81467509732,False,False,False,False,8712.56709946504,False,False,False,False
2025-04-24 17:00:00+00:00,30.165,30.18,30.08,30.085,3733.0,,,,,,,,,,,,,,,,,,,,,,,,29.304345547124605,,"rgba(38, 166, 154, 1.0)",0.0,0.0,0.9085652237268349,28.826705733784415,1.3849245308489806,0.0,0.0,0.0,0.0,0.0,0.0,0.0,0.0,67.56579426654504,12.669970038746555,True,False,True,False,False,7.801041731888542,0,,,False,False,False,False,,,False,False,False,False,103001.0,67413.25165687875,False,False,False,False,8635.36450877566,False,False,False,False
2025-04-24 18:00:00+00:00,30.085,30.155,30.07,30.135,6885.0,,,,,,,,,,,,,,,,,,,,,,,,29.35680741744127,,"rgba(38, 166, 154, 1.0)",0.0,0.0,0.922704148655447,28.855995023071326,1.3861485057723273,0.0,0.0,0.0,0.0,0.0,0.0,0.0,0.0,67.67781755792001,13.198964122020577,True,False,True,False,False,8.173123473414023,0,,,False,False,False,False,,,False,False,False,False,109886.0,68071.74387925272,False,False,False,False,8608.227074531074,False,False,False,False
2025-04-24 19:00:00+00:00,30.135,30.23,30.09,30.205,17899.0,,,,,,,,,,,,,,,,,,,,,,,,29.474018560315027,,"rgba(38, 166, 154, 1.0)",0.0,0.0,0.932065772144665,28.927169947817074,1.37096553738119,0.0,0.0,0.0,0.0,0.0,0.0,0.0,0.0,68.3328045845862,14.278605611001069,True,False,True,False,False,8.697577201735776,0,,,False,False,False,False,,,False,False,False,False,127785.0,68997.53079585345,False,False,False,False,8752.270065623616,False,False,False,False
2025-04-25 14:00:00+00:00,30.215,30.275,30.075,30.185,1463.0,,,,,,,,,,,,,,,,,,,,,,,,29.482170106613303,,"rgba(38, 166, 154, 1.0)",0.0,0.0,0.9369357761600712,28.932445458288395,1.3368627536511215,0.0,0.0,0.0,0.0,0.0,0.0,0.0,0.0,68.37169358351365,14.747552524860325,True,False,True,False,False,8.506511718615474,0,,,False,False,False,False,,,False,False,False,False,126322.0,69886.28225638285,False,False,False,False,8639.258126621698,False,False,False,False
2025-04-25 15:00:00+00:00,30.18,30.195,30.02,30.09,1611.0,,,,,,,,,,,,,,,,,,,,,,,,29.489965955308378,,"rgba(38, 166, 154, 1.0)",0.0,0.0,0.928761647678361,28.937584077567493,1.2408091196629594,0.0,0.0,0.0,0.0,0.0,0.0,0.0,0.0,66.48370698257762,14.747552524860325,True,False,True,False,False,7.592654579484137,0,,,False,False,False,False,,,False,False,False,False,124711.0,70736.2778803149,False,False,False,False,8530.292884348493,False,False,False,False
2025-04-25 16:00:00+00:00,30.085,30.15,30.05,30.1,3599.0,,,,,,,,,,,,,,,,,,,,,,,,29.506647026346656,,"rgba(38, 166, 154, 1.0)",0.0,0.0,0.9197794584857164,28.94878639093009,1.251619177237573,0.0,0.0,0.0,0.0,0.0,0.0,0.0,0.0,65.34731559028035,14.747552524860325,True,False,True,False,False,7.671796268288837,0,,,False,False,False,False,,,False,False,False,False,128310.0,71628.89372713171,False,False,False,False,8453.83873110278,False,False,False,False
2025-04-25 17:00:00+00:00,30.095,30.175,29.98,30.015,5854.0,,,,,,,,,,,,,,,,,,,,,,,,29.530068802389845,,"rgba(38, 166, 154, 1.0)",0.0,0.0,0.888452891570828,28.965201253440366,1.1816031626657653,0.0,0.0,0.0,0.0,0.0,0.0,0.0,0.0,62.78223689037941,16.023501999897363,True,False,True,False,False,6.838406615321819,0,,,False,False,False,False,,,False,False,False,False,122456.0,72416.91087864905,False,False,False,False,8413.53115387638,False,False,False,False
2025-04-25 18:00:00+00:00,30.015,30.195,30.0,30.15,2018.0,,,,,,,,,,,,,,,,,,,,,,,,29.538531055017486,,"rgba(38, 166, 154, 1.0)",0.0,0.0,0.8636586746547101,28.97120804843808,1.3648817364489498,0.0,0.0,0.0,0.0,0.0,0.0,0.0,0.0,62.951771041840075,16.023501999897363,True,False,True,False,False,7.934080674226273,0,,,False,False,False,False,,,False,False,False,False,124474.0,73223.99753169325,False,False,False,False,8314.375632110854,False,False,False,False
2025-04-25 19:00:00+00:00,30.15,30.275,30.135,30.26,6488.0,,,,,,,,,,,,,,,,,,,,,,,,29.568967337320267,,"rgba(38, 166, 154, 1.0)",0.0,0.0,0.8391989316287708,28.992815493794147,1.5099929926583937,0.0,0.0,0.0,0.0,0.0,0.0,0.0,0.0,64.3958647475814,16.023501999897363,True,False,True,False,True,8.818606250550712,0,,,False,False,False,False,,,False,False,False,False,130962.0,74119.16036065924,False,False,False,False,8286.059730837818,False,False,False,False
2025-04-28 14:00:00+00:00,30.43,30.79,30.39,30.705,9587.0,,,,,,,,,,,,,,,,,,,,,,,,29.634253276250725,,"rgba(38, 166, 154, 1.0)",0.0,0.0,0.8649313725835722,29.214611314183976,1.7231294100989687,0.0,0.0,0.0,0.0,0.0,0.0,0.0,0.0,68.96973254365736,15.570520925285578,True,False,True,False,True,12.235741478566993,0,,,False,False,False,False,,,False,False,False,False,140549.0,75149.08035506762,False,False,False,False,8306.229347413975,False,False,False,False
2025-04-28 15:00:00+00:00,30.705,30.735,30.57,30.62,12328.0,,,,,,,,,,,,,,,,,,,,,,,,29.708225784035776,,"rgba(38, 166, 154, 1.0)",0.0,0.0,0.8868712440955712,29.262701253221955,1.530434948493809,0.0,0.0,0.0,0.0,0.0,0.0,0.0,0.0,70.28919666345888,16.69921830665514,True,False,True,False,True,11.366571384545452,0,,,False,False,False,False,0.14591190957346709,0.14591190957346709,False,False,False,False,128221.0,75971.90081467897,False,False,False,False,8368.582380787402,False,False,False,False
2025-04-28 16:00:00+00:00,30.615,30.625,30.45,30.48,4397.0,,,,,,,,,,,,,,,,,,,,,,,,29.728900597252295,,"rgba(38, 166, 154, 1.0)",0.0,0.0,0.9045353045167112,29.274530107469975,1.3326952375552688,0.0,0.0,0.0,0.0,0.0,0.0,0.0,0.0,68.50452936071233,16.69921830665514,True,False,True,False,False,9.944154656468722,0,0.9836503856041137,0.9548586118251929,False,False,False,False,0.13224076125055248,0.13907633541200978,False,False,False,False,123824.0,76713.7938253041,False,False,False,False,8307.007460155039,False,False,False,False
2025-04-28 17:00:00+00:00,30.48,30.51,30.3,30.415,8213.0,,,,,,,,,,,,,,,,,,,,,,,,29.759815385240426,,"rgba(38, 166, 154, 1.0)",0.0,0.0,0.8983742222722472,29.291283373668836,1.2508335596372744,0.0,0.0,0.0,0.0,0.0,0.0,0.0,0.0,66.1427407814922,20.076432155704126,True,False,True,False,False,9.286499191760715,0,0.9809690361073967,0.9564859582347495,False,False,False,False,0.1165496045928606,0.1278129700024352,False,False,False,False,115611.0,77316.8512853769,False,False,False,False,8305.549980152635,False,False,False,False
2025-04-28 18:00:00+00:00,30.415,30.435,30.365,30.395,5009.0,,,,,,,,,,,,,,,,,,,,,,,,29.77705606855299,,"rgba(38, 166, 154, 1.0)",0.0,0.0,0.8862520892871208,29.301743446145395,1.2335728931640584,0.0,0.0,0.0,0.0,0.0,0.0,0.0,0.0,64.19154623169538,18.282532419556432,True,False,True,False,False,9.082109449256414,0,0.9821667869291831,0.9568085764354191,False,False,False,False,0.11595865037178811,0.12188581018711164,False,False,False,False,110602.0,77832.90010265788,False,False,False,False,8254.440678134764,False,False,False,False
2025-04-28 19:00:00+00:00,30.395,30.515,30.375,30.49,16020.0,,,,,,,,,,,,,,,,,,,,,,,,29.831344301042193,,"rgba(38, 166, 154, 1.0)",0.0,0.0,0.8759832313587068,29.340160398374962,1.3126274116475498,0.0,0.0,0.0,0.0,0.0,0.0,0.0,0.0,64.07565560768447,18.1152600911676,True,False,True,False,False,9.847877395841412,0,0.9849484536082478,0.9520618556701032,False,False,False,False,0.12128019226398334,0.1215830012255475,False,False,False,False,126622.0,78589.32025610504,False,False,False,False,8374.836946690815,False,False,False,False
2025-04-29 14:00:00+00:00,30.365,30.47,30.225,30.455,4776.0,,,,,,,,,,,,,,,,,,,,,,,,29.84412282827696,,"rgba(38, 166, 154, 1.0)",0.0,0.0,0.8740419362400901,29.349472773464015,1.2648446037860437,0.0,0.0,0.0,0.0,0.0,0.0,0.0,0.0,63.23707108647951,17.16606555194194,True,False,True,False,False,9.478933213032331,0,0.9810003081031122,0.951935914552737,False,False,False,False,0.10975841658262231,0.1156707089040849,False,False,False,False,121846.0,79259.96645368481,False,False,False,False,8319.041025036693,False,False,False,False
2025-04-29 15:00:00+00:00,30.455,30.57,30.335,30.465,2941.0,,,,,,,,,,,,,,,,,,,,,,,,29.852732188599177,,"rgba(38, 166, 154, 1.0)",0.0,0.0,0.8652605814862322,29.35611205902331,1.2815653049535505,0.0,0.0,0.0,0.0,0.0,0.0,0.0,0.0,62.82367929786708,16.566062752039016,True,False,True,False,False,9.561890837395097,0,0.9825801823957376,0.9516343887693411,False,False,False,False,0.1221677728257493,0.11891924086491709,False,False,False,False,124787.0,79965.81193502304,False,False,False,False,8235.660544028371,False,False,False,False
2025-04-29 16:00:00+00:00,30.465,30.575,30.465,30.505,9866.0,,,,,,,,,,,,,,,,,,,,,,,,29.882551982073263,,"rgba(38, 166, 154, 1.0)",0.0,0.0,0.8514960337520745,29.380070686849827,1.3211210253008787,0.0,0.0,0.0,0.0,0.0,0.0,0.0,0.0,63.164585373345695,16.566062752039016,True,False,True,False,False,9.898326029824812,0,0.9903331962155495,0.9495063759769641,False,False,False,False,0.13016479465494368,0.12454201775993039,False,False,False,False,134653.0,80813.6753158754,False,False,False,False,8260.937124741109,False,False,False,False
2025-04-29 17:00:00+00:00,30.505,30.71,30.49,30.635,5128.0,,,,,,,,,,,,,,,,,,,,,,,,29.899225487048223,,"rgba(38, 166, 154, 1.0)",0.0,0.0,0.8425834521718856,29.393947099956208,1.4729139254334909,0.0,0.0,0.0,0.0,0.0,0.0,0.0,0.0,65.21230723396505,16.566062752039016,True,False,True,False,True,10.98971045916852,0,0.985203452527744,0.9502671598849157,False,False,False,False,0.13966431569492097,0.13210316672742567,False,False,False,False,139781.0,81727.89740400137,False,False,False,False,8212.36445614047,False,False,False,False
2025-04-29 18:00:00+00:00,30.635,30.685,30.605,30.675,5631.0,,,,,,,,,,,,,,,,,,,,,,,,29.917739041412727,,"rgba(38, 166, 154, 1.0)",0.0,0.0,0.8354390063513623,29.40957217582924,1.5146860687021326,0.0,0.0,0.0,0.0,0.0,0.0,0.0,0.0,67.0858368536963,13.668941512548308,True,False,True,False,True,11.324865712099559,0,0.9877408056042035,0.9509632224168125,False,False,False,False,0.1450187145413637,0.13856094063439467,False,False,False,False,145412.0,82715.24783184631,False,False,False,False,8172.343301781703,False,False,False,False
2025-04-29 19:00:00+00:00,30.675,30.725,30.625,30.695,22542.0,,,,,,,,,,,,,,,,,,,,,,,,29.985961835337314,,"rgba(38, 166, 154, 1.0)",0.0,0.0,0.8329784938227333,29.468768165650562,1.472105034455299,0.0,0.0,0.0,0.0,0.0,0.0,0.0,0.0,68.5992218824449,15.170548790542895,True,False,True,False,True,11.494514752068959,0,0.9855699855699861,0.9510410224695939,False,False,False,False,0.14859288816601515,0.14357691440020492,False,False,False,False,167954.0,84036.77887321303,False,False,False,False,8395.128676947877,False,False,False,False
2025-04-30 14:00:00+00:00,30.075,30.445,30.07,30.39,4672.0,,,,,,,,,,,,,,,,,,,,,,,,29.991699087598107,,"rgba(38, 166, 154, 1.0)",0.0,0.0,0.827744411524976,29.557050236091946,1.006288598643014,0.0,0.0,0.0,0.0,0.0,0.0,0.0,0.0,62.01326238874284,15.970922266821518,False,False,True,False,False,8.051241920115803,0,0.9753023160483709,0.9576757532281206,False,False,False,False,0.09914870089546679,0.12136280764783586,False,False,False,False,163282.0,85265.3869526981,False,False,False,False,8337.40575172388,False,False,False,False
2025-04-30 15:00:00+00:00,30.385,30.47,30.32,30.335,6247.0,,,,,,,,,,,,,,,,,,,,,,,,30.000792029640436,,"rgba(38, 166, 154, 1.0)",0.0,0.0,0.8176336874461966,29.569173552022033,0.9366375917924278,0.0,0.0,0.0,0.0,0.0,0.0,0.0,0.0,56.635675436387366,11.311339157731524,False,True,True,False,False,7.447298748869471,0,0.9772377729929256,0.9568337947298268,False,False,False,False,0.11536777677040931,0.11836529220912259,False,False,False,False,157035.0,86378.09413172604,False,False,False,False,8304.996360224284,False,False,False,False
2025-04-30 16:00:00+00:00,30.335,30.37,30.255,30.34,2720.0,,,,,,,,,,,,,,,,,,,,,,,,30.004072487790705,,"rgba(38, 166, 154, 1.0)",0.0,0.0,0.8094247762877576,29.571740549245796,0.9491424938555146,0.0,0.0,0.0,0.0,0.0,0.0,0.0,0.0,53.16177417496105,8.45732393328398,False,True,False,False,False,7.492837491696026,0,0.9825762289981336,0.9617299315494713,False,False,False,False,0.10562962102866592,0.11199745661889426,False,False,False,False,159755.0,87515.72057929618,False,False,False,False,8218.407269368094,False,False,False,False
2025-04-30 17:00:00+00:00,30.34,30.405,30.24,30.375,5917.0,,,,,,,,,,,,,,,,,,,,,,,,30.0113809254173,,"rgba(38, 166, 154, 1.0)",0.0,0.0,0.8151623283871989,29.57853876702032,0.9770584400722757,0.0,0.0,0.0,0.0,0.0,0.0,0.0,0.0,51.675544995163044,7.304622744799268,False,True,False,False,False,7.816337248554749,0,0.9689059900166391,0.9664101497504158,False,False,False,False,0.1068089047409186,0.10940318067990643,False,False,False,False,165672.0,88727.44584163267,False,False,False,False,8182.726536509673,False,False,False,False
2025-04-30 18:00:00+00:00,30.375,30.5,30.285,30.315,9457.0,,,,,,,,,,,,,,,,,,,,,,,,30.023319813001315,,"rgba(38, 166, 154, 1.0)",0.0,0.0,0.8149470054068789,29.590709073407652,0.888758314082929,0.0,0.0,0.0,0.0,0.0,0.0,0.0,0.0,49.354520378444285,5.203995394207446,False,True,False,False,False,7.127888063754973,0,0.9665868637451863,0.9668991360466328,False,False,False,False,0.11507237006802976,0.11223777537396809,False,False,False,False,156215.0,89773.76451075464,False,False,False,False,8202.482714238206,False,False,False,False
2025-04-30 19:00:00+00:00,30.315,30.715,30.315,30.66,18059.0,,,,,,,,,,,,,,,,,,,,,,,,30.055882509090548,,"rgba(38, 166, 154, 1.0)",0.0,0.0,0.8217545884286996,29.62827173876162,1.2555187105327619,0.0,0.0,0.0,0.0,0.0,0.0,0.0,0.0,54.19140167099104,5.203995394207446,False,True,True,False,True,10.284394360417679,0,0.9676884838442423,0.9601284175642087,False,False,False,False,0.12957186696523418,0.12090482116960113,False,False,False,False,174274.0,91083.84568113054,False,False,False,False,8355.296935722885,False,False,False,False
2025-05-01 14:00:00+00:00,30.665,30.945,30.645,30.775,1630.0,,,,,,,,,,,,,,,,,,,,,,,,30.05984739597344,,"rgba(38, 166, 154, 1.0)",0.0,0.0,0.8321415604190159,29.632887446698724,1.3724979109638218,0.0,0.0,0.0,0.0,0.0,0.0,0.0,0.0,58.80081743639394,2.099158438408395,False,True,True,False,True,11.2921629706821,0,0.9762470308788603,0.9540431684395333,False,False,False,False,0.16292829065806078,0.14191655591383096,False,False,False,False,175904.0,92398.88683336107,False,False,False,False,8251.028766176794,False,False,False,False
2025-05-01 15:00:00+00:00,30.77,30.895,30.62,30.7,6995.0,,,,,,,,,,,,,,,,,,,,,,,,30.0752509152516,,"rgba(38, 166, 154, 1.0)",0.0,0.0,0.8414727169275016,29.650137049920765,1.2476494233973918,0.0,0.0,0.0,0.0,0.0,0.0,0.0,0.0,60.10996278858812,3.2501464292052944,False,True,True,False,True,10.407081929321592,1,0.9738906088751296,0.958513931888545,False,False,False,False,0.1584416132362512,0.1501790845750411,False,False,False,False,168909.0,93585.0901382702,False,False,False,False,8231.555451972503,False,False,False,False
2025-05-01 16:00:00+00:00,30.705,30.92,30.68,30.71,14951.0,,,,,,,,,,,,,,,,,,,,,,,,30.10740313808762,,"rgba(38, 166, 154, 1.0)",0.0,0.0,0.8475231374236851,29.68482346790259,1.2096148020380424,0.0,0.0,0.0,0.0,0.0,0.0,0.0,0.0,61.12602669526327,4.33777588829399,False,True,True,False,True,10.497094594540219,0,0.9751681324366274,0.9603724780134508,False,False,False,False,0.16352700204241885,0.15685304330872996,False,False,False,False,183860.0,94984.70114387841,False,False,False,False,8335.732886825643,False,False,False,False
2025-05-01 17:00:00+00:00,30.71,30.905,30.71,30.815,3553.0,,,,,,,,,,,,,,,,,,,,,,,,30.11504613980944,,"rgba(38, 166, 154, 1.0)",0.0,0.0,0.857724346194086,29.692924672836,1.308200393451462,0.0,0.0,0.0,0.0,0.0,0.0,0.0,0.0,63.275977858863,6.590063921357185,False,False,True,False,True,11.446004108978464,0,0.9698440565940311,0.9613756067334503,False,False,False,False,0.1644252871816751,0.16063916524520253,False,False,False,False,187413.0,96417.69802536866,False,False,False,False,8261.581989355478,False,False,False,False
2025-05-01 18:00:00+00:00,30.82,31.0,30.82,30.97,3268.0,,,,,,,,,,,,,,,,,,,,,,,,30.123119490487568,,"rgba(38, 166, 154, 1.0)",0.0,0.0,0.8701779615025325,29.70153849092251,1.4577035562785834,0.0,0.0,0.0,0.0,0.0,0.0,0.0,0.0,66.50413777804111,9.828340002574336,True,False,True,False,True,12.823803532878074,0,0.9706003713637307,0.9613162781101713,False,False,False,False,0.17672888229124373,0.1686840237682231,False,False,False,False,190681.0,97879.144567611,False,False,False,False,8184.162113551517,False,False,False,False
2025-05-01 19:00:00+00:00,30.97,31.025,30.85,30.85,17476.0,,,,,,,,,,,,,,,,,,,,,,,,30.162624318670353,,"rgba(38, 166, 154, 1.0)",0.0,0.0,0.877393596125787,29.74281958391658,1.2618970789988413,0.0,0.0,0.0,0.0,0.0,0.0,0.0,0.0,65.58309802306995,9.828340002574336,True,False,True,False,True,11.345022349808563,0,0.9689722708999077,0.963302752293578,False,False,False,False,0.1800387258264491,0.1743613747973361,False,False,False,False,173205.0,99046.987287493,False,False,False,False,8328.221615666997,False,False,False,False
2025-05-02 14:00:00+00:00,31.395,31.73,31.38,31.68,1429.0,,,,,,,,,,,,,,,,,,,,,,,,30.168499637316543,,"rgba(38, 166, 154, 1.0)",0.0,0.0,0.903645185690512,29.916992316331495,1.950995492020819,0.0,0.0,0.0,0.0,0.0,0.0,0.0,0.0,70.96121260415873,14.304878928364218,True,False,True,False,True,18.106270115980315,0,0.9702950152594104,0.95412004069176,False,False,False,False,0.2555447252068325,0.2149530500020843,False,False,False,False,174634.0,100218.87895745435,False,False,False,False,8221.256939455106,False,True,False,False
2025-05-02 15:00:00+00:00,31.68,31.73,31.555,31.6,10483.0,,,,,,,,,,,,,,,,,,,,,,,,30.21109532146489,,"rgba(38, 166, 154, 1.0)",0.0,0.0,0.9265809863818395,30.098857738069913,1.6200874872166593,0.0,0.0,0.0,0.0,0.0,0.0,0.0,0.0,73.15697605801356,16.44367894895059,True,False,True,False,True,17.14367022802028,0,0.9713528392292796,0.957386074013661,False,False,False,False,0.34282823978512045,0.2788906448936024,False,False,False,False,164151.0,101210.07463253257,False,False,False,False,8256.322723339523,False,False,False,False
2025-05-02 16:00:00+00:00,31.595,31.69,31.565,31.585,9493.0,,,,,,,,,,,,,,,,,,,,,,,,30.247192688207033,,"rgba(38, 166, 154, 1.0)",0.0,0.0,0.9477761643223975,30.128487986774925,1.536767929025092,0.0,0.0,0.0,0.0,0.0,0.0,0.0,0.0,74.34560588782253,17.74552108284938,True,False,True,False,True,16.961763247967813,0,0.9888402169378393,0.9568210262828536,False,False,False,False,0.3406352833884505,0.30976296414102644,False,False,False,False,154658.0,102038.72463822973,False,False,False,False,8275.496014450538,False,False,False,False
2025-05-02 17:00:00+00:00,31.59,31.59,31.335,31.4,10884.0,,,,,,,,,,,,,,,,,,,,,,,,30.2814365681634,,"rgba(38, 166, 154, 1.0)",0.0,0.0,0.9606762726855077,30.14679160332069,1.3045064527054955,0.0,0.0,0.0,0.0,0.0,0.0,0.0,0.0,71.84636319507206,17.74552108284938,True,False,True,False,True,14.73236645541327,0,0.9877857813968061,0.9488464349096986,False,False,False,False,0.3167146985539118,0.3132388313474691,False,False,False,False,143774.0,102685.78317097036,False,False,False,False,8315.93793670712,False,False,False,False
2025-05-02 18:00:00+00:00,31.405,31.51,31.385,31.425,6844.0,,,,,,,,,,,,,,,,,,,,,,,,30.301952355325106,,"rgba(38, 166, 154, 1.0)",0.0,0.0,0.9723818068939781,30.160266693559176,1.3006550487412833,0.0,0.0,0.0,0.0,0.0,0.0,0.0,0.0,70.39228481233012,17.74552108284938,True,False,True,False,False,14.93316337571503,0,0.9872170997485337,0.9519069572506288,False,False,False,False,0.31455776137409286,0.313898296360781,False,False,False,False,150618.0,103428.91831560648,False,False,False,False,8293.117193502358,False,False,False,False
2025-05-02 19:00:00+00:00,31.425,31.59,31.415,31.55,12753.0,,,,,,,,,,,,,,,,,,,,,,,,30.34080686260267,,"rgba(38, 166, 154, 1.0)",0.0,0.0,0.9843793123743766,30.19152121381063,1.3800358958302816,0.0,0.0,0.0,0.0,0.0,0.0,0.0,0.0,70.47896636441479,17.74552108284938,True,False,True,False,False,15.937157523761602,0,0.991706036745407,0.9456167979002625,False,False,False,False,0.32248056402780767,0.31818943019429435,False,False,False,False,163371.0,104358.25291536452,False,False,False,False,8362.262663370537,False,False,False,False
2025-05-05 14:00:00+00:00,31.455,31.49,31.265,31.455,5822.0,,,,,,,,,,,,,,,,,,,,,,,,30.356078444442247,,"rgba(38, 166, 154, 1.0)",0.0,0.0,0.9846829278851587,30.20187312166497,1.2726196858377716,0.0,0.0,0.0,0.0,0.0,0.0,0.0,0.0,68.72567661977929,17.74552108284938,True,False,True,False,False,14.773481714548996,0,0.9917086481947947,0.9420654911838792,False,False,False,False,0.3045290669159358,0.3113592485551151,False,False,False,False,157549.0,105182.91566086274,False,False,False,False,8322.878746108978,False,False,False,False
2025-05-05 15:00:00+00:00,31.455,31.515,31.41,31.485,5632.0,,,,,,,,,,,,,,,,,,,,,,,,30.371353843032217,,"rgba(38, 166, 154, 1.0)",0.0,0.0,0.9866961113819372,30.213682490354188,1.2884590250033945,0.0,0.0,0.0,0.0,0.0,0.0,0.0,0.0,67.86513259151062,17.74552108284938,True,False,True,False,False,15.020803769557602,0,0.9965222889661717,0.9401412161450099,False,False,False,False,0.3167146985539118,0.31403697355451343,False,False,False,False,163181.0,106082.11076689587,False,False,False,False,8281.159695781707,False,False,False,False
2025-05-05 16:00:00+00:00,31.485,31.595,31.41,31.535,6245.0,,,,,,,,,,,,,,,,,,,,,,,,30.388458405784935,,"rgba(38, 166, 154, 1.0)",0.0,0.0,0.9915264553766238,30.227700913082455,1.3184712115633648,0.0,0.0,0.0,0.0,0.0,0.0,0.0,0.0,67.82742904849599,17.74552108284938,True,False,True,False,False,15.436787053865835,0,1.0265903736115787,0.9295411197127791,False,False,False,False,0.32248056402780767,0.31825876879116055,False,False,False,False,169426.0,107064.18656895949,False,False,False,False,8249.591328405246,False,False,False,False
2025-05-05 17:00:00+00:00,31.535,31.545,31.49,31.495,9364.0,,,,,,,,,,,,,,,,,,,,,,,,30.41309339000584,,"rgba(38, 166, 154, 1.0)",0.0,0.0,0.9949875502865578,30.247832051448203,1.253450807693636,0.0,0.0,0.0,0.0,0.0,0.0,0.0,0.0,66.87650825060749,21.453154290633037,True,False,True,False,False,14.927652694512066,0,1.018346545866365,0.9221970554926388,False,False,False,False,0.32464810014111883,0.3214534344661397,False,False,False,False,160062.0,107885.85809502212,False,False,False,False,8266.86898222842,False,False,False,False
2025-05-05 18:00:00+00:00,31.49,31.585,31.465,31.5,3206.0,,,,,,,,,,,,,,,,,,,,,,,,30.421330717980357,,"rgba(38, 166, 154, 1.0)",0.0,0.0,0.9980944141009304,30.254614373721527,1.247763346516972,0.0,0.0,0.0,0.0,0.0,0.0,0.0,0.0,66.3094780392669,20.52149727531031,True,False,True,False,False,14.970758332408607,0,1.0201801390947443,0.917227226085965,False,False,False,False,0.3257329734362733,0.3235932039512065,False,False,False,False,163268.0,108744.49595401401,False,False,False,False,8188.405897232629,False,False,False,False
2025-05-05 19:00:00+00:00,31.495,31.53,31.34,31.35,16287.0,,,,,,,,,,,,,,,,,,,,,,,,30.457329135655144,,"rgba(38, 166, 154, 1.0)",0.0,0.0,1.0007143709631994,30.281366531099632,1.067870613141887,0.0,0.0,0.0,0.0,0.0,0.0,0.0,0.0,62.4100960837863,16.61021159138744,False,True,True,False,False,13.036922924120123,0,1.023215722330767,0.9149523043328355,False,False,False,False,0.3127624768497187,0.3181778404004626,False,False,False,False,146981.0,109337.30997023084,False,False,False,False,8313.965495725146,False,False,False,False
2025-05-06 14:00:00+00:00,31.1,31.225,31.045,31.16,11543.0,,,,,,,,,,,,,,,,,,,,,,,,30.47464329991582,,"rgba(38, 166, 154, 1.0)",0.0,0.0,0.9993301945992912,30.355486197448045,0.8050530314202579,0.0,0.0,0.0,0.0,0.0,0.0,0.0,0.0,56.3948404305578,11.020858496974704,False,True,True,False,False,10.657243329510791,0,1.0210428951323853,0.9171002428026361,False,False,False,False,0.2702280517479387,0.2942029460742006,False,False,False,False,135438.0,109741.97183115748,False,False,False,False,8364.028046179019,False,False,False,False
2025-05-06 15:00:00+00:00,31.155,31.425,31.155,31.235,14619.0,,,,,,,,,,,,,,,,,,,,,,,,30.4993309553271,,"rgba(38, 166, 154, 1.0)",0.0,0.0,0.9955162226451001,30.37690930497554,0.861955511628429,0.0,0.0,0.0,0.0,0.0,0.0,0.0,0.0,53.81109081405812,8.783020757110407,False,True,True,False,False,11.350241327676684,0,1.025542784163474,0.9075815627539766,False,False,False,False,0.29207598976452254,0.2931394679193616,False,False,False,False,150057.0,110367.01102757364,False,False,False,False,8461.004355540585,False,False,False,False
2025-05-06 16:00:00+00:00,31.235,31.33,31.07,31.075,5716.0,,,,,,,,,,,,,,,,,,,,,,,,30.507216689694634,,"rgba(38, 166, 154, 1.0)",0.0,0.0,0.9851122632325665,30.380545541376897,0.7049495621385385,0.0,0.0,0.0,0.0,0.0,0.0,0.0,0.0,49.56185288350215,4.981213022934583,False,True,False,True,False,9.37207106131283,0,1.0444497266460664,0.9064654147848826,False,False,False,False,0.2793583330355752,0.2862489004774684,False,False,False,False,144341.0,110893.73953877404,False,False,False,False,8418.44614847794,False,False,False,False
2025-05-06 17:00:00+00:00,31.075,31.265,31.075,31.195,4378.0,,,,,,,,,,,,,,,,,,,,,,,,30.513311700390133,,"rgba(38, 166, 154, 1.0)",0.0,0.0,0.975025880922392,30.38394701940638,0.8318271304002189,0.0,0.0,0.0,0.0,0.0,0.0,0.0,0.0,49.01192085227221,4.555855114933635,False,True,False,True,False,10.502845177357703,0,1.046081277213353,0.8975568456700534,False,False,False,False,0.27513880033587723,0.28069385040667283,False,False,False,False,148719.0,111480.17768545971,False,False,False,False,8355.803572532546,False,False,False,False
2025-05-06 18:00:00+00:00,31.195,31.245,31.165,31.24,8325.0,,,,,,,,,,,,,,,,,,,,,,,,30.525252224621706,,"rgba(38, 166, 154, 1.0)",0.0,0.0,0.9642066103213588,30.391936622640888,0.8795452844660142,0.0,0.0,0.0,0.0,0.0,0.0,0.0,0.0,49.45670152546606,4.555855114933635,False,True,False,False,False,10.925298705833601,0,1.0451880801172448,0.8898387884709331,False,False,False,False,0.280062528417435,0.28037818941205395,False,False,False,False,157044.0,112186.59353529754,False,False,False,False,8355.3259977646,False,False,False,False
2025-05-06 19:00:00+00:00,31.235,31.305,31.18,31.29,21041.0,,,,,,,,,,,,,,,,,,,,,,,,30.555412638697703,,"rgba(38, 166, 154, 1.0)",0.0,0.0,0.9526628966190568,30.414687665747984,0.9188059463199902,0.0,0.0,0.0,0.0,0.0,0.0,0.0,0.0,50.66671351294181,4.555855114933635,False,True,False,False,False,11.397626090002625,0,1.044323387396311,0.8936486319177915,False,False,False,False,0.28535268557078086,0.2828654374914174,False,False,False,False,178085.0,113208.27425568052,False,False,False,False,8552.003114078327,False,False,False,False
2025-05-07 14:00:00+00:00,31.46,31.475,31.345,31.36,7572.0,,,,,,,,,,,,,,,,,,,,,,,,30.567637656809172,,"rgba(38, 166, 154, 1.0)",0.0,0.0,0.9406251515219505,30.42587155006542,0.9930932087273459,0.0,0.0,0.0,0.0,0.0,0.0,0.0,0.0,52.72401698098488,4.555855114933635,False,True,True,False,True,12.060425778762934,0,1.0419937694704051,0.8888473520249219,False,False,False,False,0.3091777452433118,0.2960215913673646,False,False,False,False,185657.0,114331.51031373198,False,False,False,False,8536.80926734843,False,False,False,False
2025-05-07 15:00:00+00:00,31.36,31.47,31.33,31.445,4832.0,,,,,,,,,,,,,,,,,,,,,,,,30.57545406762016,,"rgba(38, 166, 154, 1.0)",0.0,0.0,0.9282709491064401,30.43308042278663,1.0901122976943853,0.0,0.0,0.0,0.0,0.0,0.0,0.0,0.0,55.51255785893957,0.33040818481804735,False,True,True,False,True,12.862760771374312,0,1.041792168674699,0.8878012048192772,False,False,False,False,0.30774601111887223,0.3018838012431184,False,False,False,False,190489.0,115512.24658793768,False,False,False,False,8479.370363978685,False,False,False,False
2025-05-07 16:00:00+00:00,31.45,31.495,31.35,31.48,2777.0,,,,,,,,,,,,,,,,,,,,,,,,30.580021955102335,,"rgba(38, 166, 154, 1.0)",0.0,0.0,0.9147283208149383,30.43736545964904,1.1398297359177303,0.0,0.0,0.0,0.0,0.0,0.0,0.0,0.0,57.93752104940075,2.718399833935983,False,True,True,False,True,13.193805730081458,0,1.0338437781495307,0.9069617809805686,False,False,False,False,0.31096914303740936,0.30642647214026386,False,False,False,False,193266.0,116717.7311369619,False,False,False,False,8390.961521126303,False,False,False,False
2025-05-07 17:00:00+00:00,31.485,31.51,31.37,31.39,6498.0,,,,,,,,,,,,,,,,,,,,,,,,30.590301089407987,,"rgba(38, 166, 154, 1.0)",0.0,0.0,0.8895485088231919,30.44676327752684,1.0603544529808644,0.0,0.0,0.0,0.0,0.0,0.0,0.0,0.0,57.20844342533145,2.718399833935983,False,True,True,False,True,11.977920909301066,0,1.0383022774327124,0.8901397515527949,False,False,False,False,0.31348035574840943,0.3099534139443366,False,False,False,False,186768.0,117803.781817009,False,False,False,False,8361.613280488686,False,False,False,False
2025-05-07 18:00:00+00:00,31.425,31.455,31.22,31.425,14760.0,,,,,,,,,,,,,,,,,,,,,,,,30.61121718690013,,"rgba(38, 166, 154, 1.0)",0.0,0.0,0.8589274004706645,30.464652621942108,1.1180774737558188,0.0,0.0,0.0,0.0,0.0,0.0,0.0,0.0,57.41184042795066,2.718399833935983,False,True,True,False,True,12.320828469138302,0,1.0383814728077023,0.8895394223263077,False,False,False,False,0.2988250720240748,0.3043892429842057,False,False,False,False,201528.0,119101.83171131894,False,False,False,False,8460.813074589636,False,False,False,False
2025-05-07 19:00:00+00:00,31.425,31.425,31.155,31.36,21309.0,,,,,,,,,,,,,,,,,,,,,,,,30.63750342895762,,"rgba(38, 166, 154, 1.0)",0.0,0.0,0.8243911922369446,30.485907125178098,1.060288953900749,0.0,0.0,0.0,0.0,0.0,0.0,0.0,0.0,55.832731466828804,2.718399833935983,False,True,True,False,False,11.429646671251444,0,1.045846394984326,0.8802246603970743,False,False,False,False,0.29207598976452254,0.29823261637436416,False,False,False,False,180219.0,120049.38470804268,False,False,False,False,8660.009771107625,False,False,False,False
2025-05-08 14:00:00+00:00,31.09,31.28,30.89,30.975,8396.0,,,,,,,,,,,,,,,,,,,,,,,,30.64347558786729,,"rgba(38, 166, 154, 1.0)",0.0,0.0,0.7779620697578992,30.488458296046534,0.6254054315332856,0.0,0.0,0.0,0.0,0.0,0.0,0.0,0.0,48.24495256755404,3.3411682415805686,False,True,False,True,False,6.408101387678794,1,1.0428926376356744,0.8782529096377665,False,False,False,False,0.2632346435631933,0.2807336299687787,False,False,False,False,171823.0,120852.0764179955,False,False,False,False,8655.916596361769,False,False,False,False
2025-05-08 15:00:00+00:00,30.97,31.235,30.885,31.155,12085.0,,,,,,,,,,,,,,,,,,,,,,,,30.652661310974427,,"rgba(38, 166, 154, 1.0)",0.0,0.0,0.7302051235937299,30.49365441509934,0.9056983627365235,0.0,0.0,0.0,0.0,0.0,0.0,0.0,0.0,46.83894148793313,2.1566095622967936,False,True,False,True,False,8.258048227165322,1,1.0494893951296154,0.8694684472374968,False,False,False,False,0.2597473952768538,0.27024051262281623,False,False,False,False,183908.0,121829.68763632115,False,False,False,False,8709.080680139105,False,False,False,False
2025-05-08 16:00:00+00:00,31.15,31.36,31.095,31.28,11021.0,,,,,,,,,,,,,,,,,,,,,,,,30.66352937699984,,"rgba(38, 166, 154, 1.0)",0.0,0.0,0.6881457458762489,30.502363218565623,1.1300466305203642,0.0,0.0,0.0,0.0,0.0,0.0,0.0,0.0,48.017350405245395,2.1566095622967936,False,True,False,True,False,9.509675446560554,1,1.0629249433408878,0.8716171177176377,False,False,False,False,0.2832347714550139,0.27673764203891504,False,False,False,False,194929.0,122963.01030862625,False,False,False,False,8744.924390524544,False,False,False,False
2025-05-08 17:00:00+00:00,31.275,31.44,31.19,31.41,4203.0,,,,,,,,,,,,,,,,,,,,,,,,30.668276170196588,,"rgba(38, 166, 154, 1.0)",0.0,0.0,0.6692765153911086,30.506590570282086,1.3498298669421929,0.0,0.0,0.0,0.0,0.0,0.0,0.0,0.0,50.74059616067692,2.1566095622967936,False,True,False,False,True,10.787591482871342,1,1.066013685764122,0.8561653025627265,False,False,False,False,0.2956248767088044,0.28618125937385974,False,False,False,False,199132.0,124143.92487748475,False,False,False,False,8674.50695811331,False,False,False,False
2025-05-08 18:00:00+00:00,31.41,31.425,31.185,31.22,8226.0,,,,,,,,,,,,,,,,,,,,,,,,30.676438942559408,,"rgba(38, 166, 154, 1.0)",0.0,0.0,0.6503815719938562,30.51345541503072,1.0863539426605304,0.0,0.0,0.0,0.0,0.0,0.0,0.0,0.0,49.53147298190293,2.1566095622967936,False,True,False,False,True,8.36167533982048,1,1.0629614713384348,0.853268895153712,False,False,False,False,0.28922098841182087,0.2877011238928403,False,False,False,False,190906.0,125178.99580961675,False,False,False,False,8667.55336186349,False,False,False,False
2025-05-08 19:00:00+00:00,31.22,31.37,31.155,31.165,33900.0,,,,,,,,,,,,,,,,,,,,,,,,30.705443011856207,,"rgba(38, 166, 154, 1.0)",0.0,0.0,0.6317095851734481,30.537282481741123,0.9936805345236678,0.0,0.0,0.0,0.0,0.0,0.0,0.0,0.0,47.94073564702083,2.1566095622967936,False,True,False,True,False,7.671136311511386,1,1.0667708481318372,0.9022588435857367,False,False,False,False,0.28258934168042754,0.28514523278663395,False,False,False,False,157006.0,125672.43773504905,False,False,False,False,9058.754084935375,False,False,False,False
2025-05-09 14:00:00+00:00,31.245,31.3,30.82,31.0,7970.0,,,,,,,,,,,,,,,,,,,,,,,,30.709514048670712,,"rgba(38, 166, 154, 1.0)",0.0,0.0,0.6049163965763007,30.539745126630024,0.7608569977188945,0.0,0.0,0.0,0.0,0.0,0.0,0.0,0.0,44.72738196320624,0.1096948718562274,False,True,False,True,False,5.626597740333892,0,0.998428346906701,0.9175596513787685,False,False,False,False,0.25131084306000306,0.2682280379233185,False,False,False,False,149036.0,126034.66350659868,False,False,False,False,9041.874176641804,False,False,False,False
2025-05-09 15:00:00+00:00,30.995,31.015,30.825,30.92,2794.0,,,,,,,,,,,,,,,,,,,,,,,,30.710408130842687,,"rgba(239, 83, 80, 1.0)",0.0,0.0,0.5811965135712673,30.539975218380544,0.6538662444554709,0.0,0.0,0.0,0.0,0.0,0.0,0.0,0.0,41.65362052209167,-2.836971276076696,False,True,False,True,False,4.652016287581581,0,0.9952277657266818,0.9261026753434565,False,False,False,False,0.22996781025612487,0.2490979240897217,False,False,False,False,146242.0,126347.95554525606,False,False,False,False,8945.007910337281,False,False,False,False
2025-05-09 16:00:00+00:00,30.92,30.92,30.61,30.625,3439.0,,,,,,,,,,,,,,,,,,,,,,,,30.71044935063102,,"rgba(239, 83, 80, 1.0)",0.0,0.0,0.5521090357777129,30.55177134910291,0.13263440036611235,0.0,0.0,0.0,0.0,0.0,0.0,0.0,0.0,36.85442712786505,-7.295280671317656,False,True,False,True,False,1.1868370364992593,0,1.0235582071286524,0.9222885115496404,False,False,False,False,0.20657502436339853,0.22783647422656012,False,False,False,False,142803.0,126603.07251354666,False,False,False,False,8859.643446611122,False,False,False,False
2025-05-09 17:00:00+00:00,30.625,30.92,30.625,30.91,2895.0,,,,,,,,,,,,,,,,,,,,,,,,30.71091964676056,,"rgba(239, 83, 80, 1.0)",0.0,0.0,0.5490261484772105,30.55477970306128,0.6470006900836464,0.0,0.0,0.0,0.0,0.0,0.0,0.0,0.0,38.54389268887479,-7.295280671317656,False,True,False,True,False,4.222281281838324,0,1.0201043585021488,0.9192756292203806,False,False,False,False,0.20770162010403792,0.21776904716529902,False,False,False,False,145698.0,126899.11790093353,False,False,False,False,8767.1683544156,False,False,False,False
2025-05-09 18:00:00+00:00,30.91,30.925,30.81,30.825,3279.0,,,,,,,,,,,,,,,,,,,,,,,,30.71161935978503,,"rgba(239, 83, 80, 1.0)",0.0,0.0,0.539254891343459,30.556888243446913,0.49718928999444534,0.0,0.0,0.0,0.0,0.0,0.0,0.0,0.0,38.78475089145667,-7.295280671317656,False,True,False,True,False,3.2430568426189517,0,1.0351805728518055,0.9143835616438356,False,False,False,False,0.21675056543568924,0.21725980630049413,False,False,False,False,142419.0,127139.73622805084,False,False,False,False,8682.080472951793,False,False,False,False
2025-05-09 19:00:00+00:00,30.82,30.91,30.77,30.815,12017.0,,,,,,,,,,,,,,,,,,,,,,,,30.713742725779866,,"rgba(239, 83, 80, 1.0)",0.0,0.0,0.5308830226931274,30.557851482228806,0.48437886837424493,0.0,0.0,0.0,0.0,0.0,0.0,0.0,0.0,38.8364693559388,-7.295280671317656,False,True,False,True,False,3.1271279312460294,0,1.0324530703149857,0.9233216671969458,False,False,False,False,0.21089192038670865,0.2140758633436014,False,False,False,False,130402.0,127190.31396094928,False,False,False,False,8733.78465166572,False,False,False,False
2025-05-12 14:00:00+00:00,31.46,31.73,31.415,31.645,6885.0,,,,,,,,,,,,,,,,,,,,,,,,30.722600500474535,,"rgba(38, 166, 154, 1.0)",0.0,0.0,0.5306350691167931,30.579902537613624,2.0072127237258557,0.0,0.0,0.0,0.0,0.0,0.0,0.0,0.0,47.76767564657695,-8.286074167563577,False,True,False,False,True,11.140633956228797,0,1.019278996865204,0.9136363636363637,False,False,False,False,0.3309148220735318,0.27249534270856657,False,False,False,False,137287.0,127346.85172899657,False,False,False,False,8705.121323732918,False,False,False,False
2025-05-12 15:00:00+00:00,31.645,31.74,31.615,31.655,5215.0,,,,,,,,,,,,,,,,,,,,,,,,30.72974541706857,,"rgba(38, 166, 154, 1.0)",0.0,0.0,0.5266706836430294,30.594248251382062,2.014070236984945,0.0,0.0,0.0,0.0,0.0,0.0,0.0,0.0,53.78929085884914,-2.9279748927224105,False,True,True,False,True,11.228048381770478,0,1.034159517000318,0.907372100413092,False,False,False,False,0.3428282367386017,0.30766178972358416,False,False,False,False,142502.0,127581.81526808189,False,False,False,False,8651.010915613026,False,False,False,False
2025-05-12 16:00:00+00:00,31.655,31.915,31.645,31.905,7441.0,,,,,,,,,,,,,,,,,,,,,,,,30.741370176372346,,"rgba(38, 166, 154, 1.0)",0.0,0.0,0.524448341653465,30.61505527773013,2.459622082516218,0.0,0.0,0.0,0.0,0.0,0.0,0.0,0.0,59.422222493015006,1.9857040081338653,True,False,True,False,True,13.37981629334298,0,1.0311947258401677,0.9078630004823928,False,False,False,False,0.342828237049448,0.32524501338651607,False,False,False,False,149943.0,127928.50030268528,False,False,False,False,8632.251056456234,False,False,False,False
2025-05-12 17:00:00+00:00,31.905,31.96,31.855,31.905,9081.0,,,,,,,,,,,,,,,,,,,,,,,,30.75631618407604,,"rgba(38, 166, 154, 1.0)",0.0,0.0,0.5253285286971089,30.63865887686862,2.4105698700051366,0.0,0.0,0.0,0.0,0.0,0.0,0.0,0.0,63.17751024912558,5.202601978710497,True,False,True,False,True,13.37981629334298,0,1.0337881741390516,0.9026965562053283,False,False,False,False,0.34282823700863496,0.3340366251975755,False,False,False,False,149943.0,128269.81037551186,False,False,False,False,8639.208404418152,False,False,False,False
2025-05-12 18:00:00+00:00,31.885,31.905,31.81,31.825,5323.0,,,,,,,,,,,,,,,,,,,,,,,,30.764452443568448,,"rgba(38, 166, 154, 1.0)",0.0,0.0,0.5256568863452356,30.65005166570387,2.2352001178283025,0.0,0.0,0.0,0.0,0.0,0.0,0.0,0.0,64.39869335918091,6.276093645835175,True,False,True,False,True,12.397251226910598,0,1.0275500163988196,0.9075106592325353,False,False,False,False,0.33357488935160934,0.3338057572745924,False,False,False,False,144620.0,128523.30168751943,False,False,False,False,8587.794320628724,False,False,False,False
2025-05-12 19:00:00+00:00,31.825,31.84,31.58,31.6,19304.0,,,,,,,,,,,,,,,,,,,,,,,,30.788399938942778,,"rgba(38, 166, 154, 1.0)",0.0,0.0,0.5233696005107139,30.677996373022125,1.7616682858121058,0.0,0.0,0.0,0.0,0.0,0.0,0.0,0.0,61.93981791414747,6.276093645835175,True,False,True,False,True,9.69495941932751,0,1.0125516102394716,0.9195706028075972,False,False,False,False,0.30658900025163316,0.32019737876311277,False,False,False,False,125316.0,128473.57607996099,False,False,False,False,8753.937044339906,False,False,False,False
2025-05-13 14:00:00+00:00,31.71,31.88,31.7,31.86,5827.0,,,,,,,,,,,,,,,,,,,,,,,,30.796487285249434,,"rgba(38, 166, 154, 1.0)",0.0,0.0,0.5236781041410478,30.68763746027451,2.2387083409729995,0.0,0.0,0.0,0.0,0.0,0.0,0.0,0.0,62.59772163706716,6.276093645835175,True,False,True,False,True,11.992133969397294,0,1.0100693298118195,0.9111918124793663,False,False,False,False,0.32074333866886623,0.3204703587159895,False,False,False,False,131143.0,128514.96249732593,False,False,False,False,8708.558175435412,False,False,False,False
2025-05-13 15:00:00+00:00,31.855,31.995,31.785,31.965,9131.0,,,,,,,,,,,,,,,,,,,,,,,,30.81014844757385,,"rgba(38, 166, 154, 1.0)",0.0,0.0,0.5265132630962125,30.784822877474557,2.2414955239404537,0.0,0.0,0.0,0.0,0.0,0.0,0.0,0.0,63.853128667151125,6.3147023527831365,True,False,True,False,True,12.892422582714296,0,1.009409045889733,0.9090458897325853,False,False,False,False,0.33933151488516267,0.3299009368005761,False,False,False,False,140274.0,128697.27315628211,False,False,False,False,8715.107661087575,False,False,False,False
2025-05-13 16:00:00+00:00,31.965,31.975,31.865,31.88,7615.0,,,,,,,,,,,,,,,,,,,,,,,,30.821204824913924,,"rgba(38, 166, 154, 1.0)",0.0,0.0,0.5277728148968542,30.79657861504733,2.052817716964842,0.0,0.0,0.0,0.0,0.0,0.0,0.0,0.0,63.4017324843133,6.343620090539034,True,False,True,False,True,11.867134212142911,0,1.0076556651922426,0.925144607009187,False,False,False,False,0.3428282344784465,0.3363645856395113,False,False,False,False,132659.0,128758.69527789015,False,False,False,False,8698.051728357535,False,False,False,False
2025-05-13 17:00:00+00:00,31.885,31.91,31.79,31.795,5607.0,,,,,,,,,,,,,,,,,,,,,,,,30.828651546696182,,"rgba(38, 166, 154, 1.0)",0.0,0.0,0.525911718005161,30.802932401433225,1.8863766761649556,0.0,0.0,0.0,0.0,0.0,0.0,0.0,0.0,61.819769170102106,6.343620090539034,True,False,True,False,True,10.845289294811824,0,1.0056759545923637,0.9251805985552118,False,False,False,False,0.3289354559365517,0.3326500207880315,False,False,False,False,127052.0,128732.23488598486,False,False,False,False,8650.128445747341,False,False,False,False
2025-05-13 18:00:00+00:00,31.795,31.87,31.715,31.855,9283.0,,,,,,,,,,,,,,,,,,,,,,,,30.840521036632477,,"rgba(38, 166, 154, 1.0)",0.0,0.0,0.5220394862701766,30.813358445948605,1.9953309691066232,0.0,0.0,0.0,0.0,0.0,0.0,0.0,0.0,61.40675166300786,6.343620090539034,True,False,True,False,True,11.384303277975249,0,1.0038068870046724,0.9216127357674341,False,False,False,False,0.31761474319392774,0.3251323819909796,False,False,False,False,136335.0,128850.10721333393,False,False,False,False,8659.940407828777,False,False,False,False
2025-05-13 19:00:00+00:00,31.855,31.935,31.765,31.77,18338.0,,,,,,,,,,,,,,,,,,,,,,,,30.86337965857777,,"rgba(38, 166, 154, 1.0)",0.0,0.0,0.5157126792774948,30.83485364173044,1.8133088361908893,0.0,0.0,0.0,0.0,0.0,0.0,0.0,0.0,59.73652913278261,6.343620090539034,True,False,True,False,False,10.347718099949152,0,1.0010420284821122,0.9216741924279267,False,False,False,False,0.3289354559365517,0.32703391896376566,False,False,False,False,117997.0,128681.84198522022,False,False,False,False,8809.987843366314,False,False,False,False
2025-05-14 14:00:00+00:00,31.71,31.76,31.55,31.625,6298.0,,,,,,,,,,,,,,,,,,,,,,,,30.86957365150667,,"rgba(38, 166, 154, 1.0)",0.0,0.0,0.5036608504264123,30.83876041045632,1.561049640602459,0.0,0.0,0.0,0.0,0.0,0.0,0.0,0.0,56.42270847065856,6.343620090539034,True,False,True,False,False,8.601465557522328,0,0.9864677307425402,0.9316446911866763,False,False,False,False,0.29085392499897156,0.3089439219813686,False,False,False,False,111699.0,128418.54210948036,False,False,False,False,8771.042295407147,False,False,False,False
2025-05-14 15:00:00+00:00,31.63,31.78,31.515,31.675,16349.0,,,,,,,,,,,,,,,,,,,,,,,,30.885438870217264,,"rgba(38, 166, 154, 1.0)",0.0,0.0,0.49496325279926207,30.85023952955709,1.6663064697802965,0.0,0.0,0.0,0.0,0.0,0.0,0.0,0.0,54.94036417114573,10.344112181426759,False,False,True,False,False,9.076072554381145,0,0.9892155157418685,0.9319881718559753,False,False,False,False,0.28940614785869306,0.29917503492003084,False,False,False,False,128048.0,128412.79727057369,False,False,False,False,8888.530011757422,False,False,False,False
2025-05-14 16:00:00+00:00,31.675,31.71,31.57,31.62,9608.0,,,,,,,,,,,,,,,,,,,,,,,,30.894194508684844,,"rgba(38, 166, 154, 1.0)",0.0,0.0,0.4873875291835113,30.856653801864482,1.5661996920895849,0.0,0.0,0.0,0.0,0.0,0.0,0.0,0.0,53.068408086256454,8.332863766975969,False,False,True,False,False,8.406890657534486,0,0.9908450704225356,0.9457746478873242,False,False,False,False,0.2879595502080474,0.29356729256403913,False,False,False,False,118440.0,128258.1802586268,False,False,False,False,8899.684585218549,False,False,False,False
2025-05-14 17:00:00+00:00,31.615,31.625,31.475,31.485,10275.0,,,,,,,,,,,,,,,,,,,,,,,,30.9020356118962,,"rgba(38, 166, 154, 1.0)",0.0,0.0,0.486050612794802,30.90284668228812,1.1977216001528799,0.0,0.0,0.0,0.0,0.0,0.0,0.0,0.0,49.79053682236685,5.0830543113271816,False,True,False,False,False,6.776670734566011,0,0.9866102889358708,0.9453840732910505,False,False,False,False,0.2706896842189891,0.2821284883915141,False,False,False,False,108165.0,127946.65808407444,False,False,False,False,8921.007304827563,False,False,False,False
2025-05-14 18:00:00+00:00,31.485,31.63,31.485,31.625,9217.0,,,,,,,,,,,,,,,,,,,,,,,,30.90947293918627,,"rgba(38, 166, 154, 1.0)",0.0,0.0,0.4847598551005657,30.90933696365073,1.4763248829687061,0.0,0.0,0.0,0.0,0.0,0.0,0.0,0.0,49.98761028130434,5.0830543113271816,False,True,False,False,False,8.159136882999682,0,0.9918713553631388,0.9422159392118753,False,False,False,False,0.27212270316885784,0.277125595780186,False,False,False,False,117382.0,127782.86493548413,False,False,False,False,8925.596338861244,False,False,False,False
2025-05-14 19:00:00+00:00,31.625,31.745,31.58,31.73,21498.0,,,,,,,,,,,,,,,,,,,,,,,,30.92882124548756,,"rgba(38, 166, 154, 1.0)",0.0,0.0,0.48201084993956694,30.929586706882542,1.6605711120772728,0.0,0.0,0.0,0.0,0.0,0.0,0.0,0.0,51.70727315671579,5.0830543113271816,False,False,False,False,False,9.179877672138353,0,0.9994699646643112,0.9314487632508838,False,False,False,False,0.2923028891487309,0.2847142424644584,False,False,False,False,138880.0,127954.91354113554,False,False,False,False,9120.517325855642,False,False,False,False
2025-05-15 14:00:00+00:00,31.77,31.785,31.485,31.69,10457.0,,,,,,,,,,,,,,,,,,,,,,,,30.937508090169608,,"rgba(38, 166, 154, 1.0)",0.0,0.0,0.4766911573120103,30.936883201511627,1.5798841386844404,0.0,0.0,0.0,0.0,0.0,0.0,0.0,0.0,52.127087127201335,5.0830543113271816,False,False,True,False,True,8.683107130957808,0,0.9934893542143237,0.9338377617455572,False,False,False,False,0.2869958033472873,0.28585502290587284,False,False,False,False,128423.0,127962.17069553654,False,False,False,False,9141.237987470284,False,False,False,False
2025-05-15 15:00:00+00:00,31.695,31.85,31.675,31.835,8615.0,,,,,,,,,,,,,,,,,,,,,,,,30.94581394864761,,"rgba(38, 166, 154, 1.0)",0.0,0.0,0.47244307536407365,30.945895296931788,1.8819298015598007,0.0,0.0,0.0,0.0,0.0,0.0,0.0,0.0,54.58342354960321,5.0830543113271816,True,False,True,False,True,10.099799381194018,0,0.9959599508167929,0.9337783242578609,False,False,False,False,0.31173957492197074,0.2987972989139218,False,False,False,False,137038.0,128102.88122738869,False,False,False,False,9133.079258982372,False,False,False,False
2025-05-15 16:00:00+00:00,31.835,31.915,31.805,31.91,8232.0,,,,,,,,,,,,,,,,,,,,,,,,30.954433537008786,,"rgba(38, 166, 154, 1.0)",0.0,0.0,0.4709106856654224,30.955924982764458,2.0260211676602378,0.0,0.0,0.0,0.0,0.0,0.0,0.0,0.0,57.23011829050693,2.5939976703619294,True,False,True,False,True,10.823393918671613,0,1.0095423219650117,0.929316133592508,False,False,False,False,0.3309125374795677,0.31485491819674477,False,False,False,False,145270.0,128369.0381075842,False,False,False,False,9119.109037912878,False,False,False,False
2025-05-15 17:00:00+00:00,31.915,31.95,31.835,31.855,8761.0,,,,,,,,,,,,,,,,,,,,,,,,30.963465923035592,,"rgba(38, 166, 154, 1.0)",0.0,0.0,0.46681644636259223,30.96602227671335,1.9043410535629488,0.0,0.0,0.0,0.0,0.0,0.0,0.0,0.0,57.78408455228362,3.269095421262975,True,False,True,False,True,10.113289903197796,0,1.0086710316758098,0.9290391081224566,False,False,False,False,0.3373554211296709,0.3261051696632078,False,False,False,False,136509.0,128495.23906715654,False,False,False,False,9113.556959805703,False,False,False,False
2025-05-15 18:00:00+00:00,31.855,31.99,31.825,31.97,9464.0,,,,,,,,,,,,,,,,,,,,,,,,30.97353128216094,,"rgba(38, 166, 154, 1.0)",0.0,0.0,0.46426807648905954,30.977396974672992,2.1379954289198206,0.0,0.0,0.0,0.0,0.0,0.0,0.0,0.0,59.80048448446091,5.341979078502945,True,False,True,False,True,11.238882629432961,0,1.0123893805309736,0.9240707964601774,False,False,False,False,0.3403381587768842,0.333221664220046,False,False,False,False,145973.0,128766.21210487504,False,False,False,False,9118.99018523507,False,False,False,False
2025-05-15 19:00:00+00:00,31.975,31.995,31.875,31.88,24060.0,,,,,,,,,,,,,,,,,,,,,,,,30.997897544708128,,"rgba(38, 166, 154, 1.0)",0.0,0.0,0.46014615774391837,31.003244806727103,1.9053841448369313,0.0,0.0,0.0,0.0,0.0,0.0,0.0,0.0,59.108427093169595,5.341979078502945,True,False,True,False,True,10.060538227894526,0,1.0281664872622895,0.920882669537137,False,False,False,False,0.34282823455862205,0.33802494938933403,False,False,False,False,121913.0,128659.96075441186,False,False,False,False,9350.633748254682,False,False,False,False
2025-05-16 14:00:00+00:00,32.065,32.14,31.985,32.045,6445.0,,,,,,,,,,,,,,,,,,,,,,,,31.005174475273154,,"rgba(38, 166, 154, 1.0)",0.0,0.0,0.461238051921722,31.011529086421852,2.2406453875005585,0.0,0.0,0.0,0.0,0.0,0.0,0.0,0.0,60.97006182293502,6.736187658077718,True,False,True,False,True,11.679108289748008,0,1.0274193548387098,0.9034050179211472,False,False,False,False,0.34282823521493794,0.340426592302136,False,False,False,False,128358.0,128655.27919232796,False,False,False,False,9305.585163010423,False,False,False,False
2025-05-16 15:00:00+00:00,32.05,32.095,31.995,32.035,4717.0,,,,,,,,,,,,,,,,,,,,,,,,31.010362198739514,,"rgba(38, 166, 154, 1.0)",0.0,0.0,0.46215094449270583,31.01729159437157,2.202112573296901,0.0,0.0,0.0,0.0,0.0,0.0,0.0,0.0,61.97147056393631,7.857592686742031,True,False,True,False,True,11.545707521366111,0,1.026548672566372,0.9089759797724404,False,False,False,False,0.33947186445054617,0.3399492283763411,False,False,False,False,123641.0,128577.5384296562,False,False,False,False,9234.44430776995,False,False,False,False
2025-05-16 16:00:00+00:00,32.035,32.15,32.03,32.14,5300.0,,,,,,,,,,,,,,,,,,,,,,,,31.016492989133123,,"rgba(38, 166, 154, 1.0)",0.0,0.0,0.4649620443678249,31.024289780734474,2.3995726807818833,0.0,0.0,0.0,0.0,0.0,0.0,0.0,0.0,64.03272736988384,9.954076551286931,True,False,True,False,True,12.575062654874898,0,1.0200546946216957,0.9164995442114864,False,False,False,False,0.3428282353508485,0.3413887318635948,False,False,False,False,128941.0,128583.1734927623,False,False,False,False,9173.445171215377,False,False,False,False
2025-05-16 17:00:00+00:00,32.135,32.175,32.06,32.075,4854.0,,,,,,,,,,,,,,,,,,,,,,,,31.022031032010382,,"rgba(38, 166, 154, 1.0)",0.0,0.0,0.45809769208706996,31.030521047876164,2.2800353945579723,0.0,0.0,0.0,0.0,0.0,0.0,0.0,0.0,63.708019806417184,9.954076551286931,True,False,True,False,True,11.68677210412551,0,1.0176017601760179,0.9147414741474152,False,False,False,False,0.3428282354848484,0.34210848367422164,False,False,False,False,124087.0,128513.46537659544,False,False,False,False,9106.477029025991,False,False,False,False
2025-05-16 18:00:00+00:00,32.075,32.085,31.995,32.03,3270.0,,,,,,,,,,,,,,,,,,,,,,,,31.025502078217986,,"rgba(38, 166, 154, 1.0)",0.0,0.0,0.4473889514436832,31.034234911812298,2.225725702377004,0.0,0.0,0.0,0.0,0.0,0.0,0.0,0.0,62.33470573154348,9.954076551286931,True,False,True,False,False,11.070035607174141,0,1.0145891043397972,0.9187442289935368,False,False,False,False,0.3282267132923247,0.33516759848327315,False,False,False,False,120817.0,128394.14033199707,False,False,False,False,9015.9890130721,False,False,False,False
2025-05-16 19:00:00+00:00,32.03,32.08,31.99,32.005,17745.0,,,,,,,,,,,,,,,,,,,,,,,,31.043718873637538,,"rgba(38, 166, 154, 1.0)",0.0,0.0,0.43494123036782595,31.053235555392497,2.1882598800822044,0.0,0.0,0.0,0.0,0.0,0.0,0.0,0.0,60.75864963801429,9.954076551286931,True,False,True,False,False,10.724293597404081,0,1.0070305272895468,0.9208140610545795,False,False,False,False,0.3272893634809829,0.33122848098212804,False,False,False,False,103072.0,128001.54900902037,False,False,False,False,9151.3225167454,False,False,False,False
2025-05-19 14:00:00+00:00,31.945,32.035,31.93,31.975,1860.0,,,,,,,,,,,,,,,,,,,,,,,,31.045504145685364,,"rgba(38, 166, 154, 1.0)",0.0,0.0,0.4216473484874426,31.055011231038023,2.1818915078257093,0.0,0.0,0.0,0.0,0.0,0.0,0.0,0.0,58.882941636488965,12.613792688270294,True,False,True,False,False,10.304700531439998,0,1.0087198515769946,0.9198515769944345,False,False,False,False,0.3174802993560912,0.3243543901691096,False,False,False,False,101212.0,127586.20716391927,False,False,False,False,9038.27875679586,False,False,False,False
2025-05-19 15:00:00+00:00,31.98,32.095,31.97,32.045,2252.0,,,,,,,,,,,,,,,,,,,,,,,,31.04778709874497,,"rgba(38, 166, 154, 1.0)",0.0,0.0,0.4057950931907161,31.057370571956348,2.4338131352896535,0.0,0.0,0.0,0.0,0.0,0.0,0.0,0.0,59.148281399895524,12.613792688270294,True,False,True,False,False,11.04997427436902,0,1.0188397686998696,0.9119567244916997,False,False,False,False,0.32682089687443144,0.3255876435217705,False,False,False,False,103464.0,127212.21945595153,False,False,False,False,8933.065132659489,False,False,False,False
2025-05-19 16:00:00+00:00,32.045,32.1,32.02,32.09,2258.0,,,,,,,,,,,,,,,,,,,,,,,,31.050142403976118,,"rgba(38, 166, 154, 1.0)",0.0,0.0,0.40068655045024404,31.059848965914476,2.5709648425383027,0.0,0.0,0.0,0.0,0.0,0.0,0.0,0.0,60.24304706943894,12.613792688270294,True,False,True,False,False,11.529600282011213,0,1.0180397991445047,0.9045936395759719,False,False,False,False,0.3319817065580215,0.328784675039896,False,False,False,False,105722.0,126879.03775896004,False,False,False,False,8829.575750757791,False,False,False,False
2025-05-19 17:00:00+00:00,32.095,32.14,32.07,32.075,2832.0,,,,,,,,,,,,,,,,,,,,,,,,31.053153183952737,,"rgba(38, 166, 154, 1.0)",0.0,0.0,0.3973935122817278,31.063051940393997,2.5464634633707766,0.0,0.0,0.0,0.0,0.0,0.0,0.0,0.0,60.453240656491715,12.613792688270294,True,False,True,False,False,11.309422809011853,0,1.0198478946392138,0.9033574475978485,False,False,False,False,0.34046375929277123,0.3346242171663336,False,False,False,False,102890.0,126507.11469292965,False,False,False,False,8736.590080203405,False,False,False,False
2025-05-19 18:00:00+00:00,32.075,32.095,32.04,32.075,1150.0,,,,,,,,,,,,,,,,,,,,,,,,31.05434161547915,,"rgba(38, 166, 154, 1.0)",0.0,0.0,0.3912615079043319,31.0642940661694,2.5831979722312304,0.0,0.0,0.0,0.0,0.0,0.0,0.0,0.0,60.5933697145269,12.613792688270294,True,False,True,False,True,11.309422809011853,0,1.0186967789707517,0.905220288781933,False,False,False,False,0.3333921558643844,0.334008186515359,False,False,False,False,102890.0,126140.95787598501,False,False,False,False,8618.968528572344,False,False,False,False
2025-05-19 19:00:00+00:00,32.075,32.085,32.0,32.08,12182.0,,,,,,,,,,,,,,,,,,,,,,,,31.0665787980209,,"rgba(38, 166, 154, 1.0)",0.0,0.0,0.3845350767163238,31.076860166112624,2.608708267795821,0.0,0.0,0.0,0.0,0.0,0.0,0.0,0.0,60.82274626485604,12.613792688270294,True,False,True,False,True,11.365621549946297,1,1.017161837977487,0.9058866949621704,False,False,False,False,0.328695597032658,0.3313518917740085,False,False,False,False,115072.0,125969.34612596974,False,False,False,False,8674.209326578974,False,False,False,False
2025-05-20 14:00:00+00:00,32.095,32.19,31.985,32.005,5916.0,,,,,,,,,,,,,,,,,,,,,,,,31.072443784250204,,"rgba(38, 166, 154, 1.0)",0.0,0.0,0.3785076432993656,31.140318311168897,2.284449743983689,0.0,0.0,0.0,0.0,0.0,0.0,0.0,0.0,57.91982415821664,10.736267797136286,True,False,True,False,False,10.214738222167462,1,1.0164835164835166,0.9027472527472531,False,True,False,False,0.3371596347167998,0.3342557632454042,False,False,False,False,109156.0,125708.67409300896,False,False,False,False,8631.446391283174,False,False,False,False
2025-05-20 15:00:00+00:00,32.005,32.035,31.89,31.965,6559.0,,,,,,,,,,,,,,,,,,,,,,,,31.07823718390422,,"rgba(38, 166, 154, 1.0)",0.0,0.0,0.37493606662210777,31.142491154037103,2.1937309295770975,0.0,0.0,0.0,0.0,0.0,0.0,0.0,0.0,54.55375049118231,7.604386792289191,False,True,True,False,False,9.60120287839646,1,1.0129349608307527,0.9089087265439975,False,False,False,False,0.3137591014403033,0.32400743234285373,False,False,False,False,102597.0,125350.35356443518,False,False,False,False,8599.315439480335,False,False,False,False
2025-05-20 16:00:00+00:00,31.965,31.98,31.87,31.925,10673.0,,,,,,,,,,,,,,,,,,,,,,,,31.08710361452796,,"rgba(38, 166, 154, 1.0)",0.0,0.0,0.3673478480152632,31.147824472743878,2.11563925433376,0.0,0.0,0.0,0.0,0.0,0.0,0.0,0.0,50.95789769444197,4.395977126978437,False,True,False,False,False,8.984187030704408,0,1.0229526257803896,0.9114946749908192,False,False,False,False,0.30680438304006363,0.3154059076914587,False,False,False,False,91924.0,124832.1155246765,False,False,False,False,8631.465587705445,False,False,False,False
2025-05-20 17:00:00+00:00,31.925,32.02,31.915,31.995,5754.0,,,,,,,,,,,,,,,,,,,,,,,,31.092097083908907,,"rgba(38, 166, 154, 1.0)",0.0,0.0,0.3701974394078754,31.152358480899146,2.2761948879188525,0.0,0.0,0.0,0.0,0.0,0.0,0.0,0.0,51.242442692698965,4.395977126978437,False,True,False,False,False,9.832898668817254,0,1.0282131661442007,0.9022681172782595,False,False,False,False,0.3146886086533662,0.3150472581724124,False,False,False,False,97678.0,124411.12148553423,False,False,False,False,8586.853718128617,False,False,False,False
2025-05-20 18:00:00+00:00,31.995,31.995,31.805,31.845,8275.0,,,,,,,,,,,,,,,,,,,,,,,,31.09842007129748,,"rgba(38, 166, 154, 1.0)",0.0,0.0,0.37134161441265645,31.156366631750885,1.8544470684717405,0.0,0.0,0.0,0.0,0.0,0.0,0.0,0.0,47.00311564709915,0.9498364895168265,False,True,False,True,False,7.513349712700094,0,1.0242424242424244,0.8982552800734622,False,False,False,False,0.3021838803149004,0.3086155692436564,False,False,False,False,89403.0,123868.35991211509,False,False,False,False,8582.018776762281,False,False,False,False
2025-05-20 19:00:00+00:00,31.845,31.98,31.785,31.825,23622.0,,,,,,,,,,,,,,,,,,,,,,,,31.115515361095728,,"rgba(38, 166, 154, 1.0)",0.0,0.0,0.37227844853448966,31.168116915413393,1.764493988766986,0.0,0.0,0.0,0.0,0.0,0.0,0.0,0.0,43.701215868071955,-1.9431043960294616,False,True,False,True,False,7.2075313884299455,0,1.0271460014673517,0.8982024944974325,False,False,False,False,0.29887382932138434,0.30374469928252035,False,False,False,False,65781.0,122967.78068867144,False,False,False,False,8815.19678022333,False,False,False,False
2025-05-21 14:00:00+00:00,31.41,31.5,31.08,31.145,6121.0,,,,,,,,,,,,,,,,,,,,,,,,31.11624172440845,,"rgba(239, 83, 80, 1.0)",0.0,0.0,0.3752747101898975,31.16288576219459,-0.04766045168762103,0.0,0.0,0.0,0.0,0.0,0.0,0.0,0.0,34.25058047378917,-10.361169748492124,False,True,False,True,False,0.0,0,1.0095118449389808,0.9059583632447958,False,False,False,False,0.18915944703943194,0.24645207316097614,False,False,False,False,59660.0,121986.2647090021,False,False,False,False,8773.42628750669,False,False,False,False
2025-05-21 15:00:00+00:00,31.145,31.225,31.075,31.195,4736.0,,,,,,,,,,,,,,,,,,,,,,,,31.116457980973994,,"rgba(239, 83, 80, 1.0)",0.0,0.0,0.3776217302687633,31.158548433096016,0.09652931487295797,0.0,0.0,0.0,0.0,0.0,0.0,0.0,0.0,29.25522910154597,-14.411671147854875,False,True,False,True,False,0.0,0,1.008105187319885,0.92056916426513,False,False,False,False,0.1248264142039455,0.18563924368246082,False,False,False,False,64396.0,121093.3923879323,False,False,False,False,8710.830531111238,False,False,False,False
2025-05-21 16:00:00+00:00,31.195,31.285,31.165,31.265,9288.0,,,,,,,,,,,,,,,,,,,,,,,,31.117508940757034,,"rgba(239, 83, 80, 1.0)",0.0,0.0,0.3794869343381097,31.152501343150476,0.2964493548262511,0.0,0.0,0.0,0.0,0.0,0.0,0.0,0.0,27.75230220675651,-15.41292536054587,False,True,False,True,False,0.0,0,1.0031267242964872,0.9236711421739935,False,False,False,False,0.13328152397954762,0.15946038383100422,False,False,False,False,73684.0,120358.3630485845,False,False,False,False,8719.778894969979,False,False,False,False
2025-05-21 17:00:00+00:00,31.265,31.325,30.925,31.06,7193.0,,,,,,,,,,,,,,,,,,,,,,,,31.11741490152171,,"rgba(239, 83, 80, 1.0)",0.0,0.0,0.3840839693289724,31.146611513871267,-0.22550150692981638,0.0,0.0,0.0,0.0,0.0,0.0,0.0,0.0,25.242385156007014,-17.624171086985307,False,True,False,True,False,0.0,0,0.9901477832512317,0.9273855135924106,False,False,False,False,0.10508848856749388,0.13227443619924906,False,False,False,False,66491.0,119523.21013310256,False,False,False,False,8696.10790435029,False,False,False,False
2025-05-21 18:00:00+00:00,31.055,31.095,30.99,31.01,5756.0,,,,,,,,,,,,,,,,,,,,,,,,31.116962104108197,,"rgba(239, 83, 80, 1.0)",0.0,0.0,0.3896094140231971,31.14155439406285,-0.33765712359049094,0.0,0.0,0.0,0.0,0.0,0.0,0.0,0.0,23.24712836577344,-19.51409030091739,False,True,False,True,False,0.0,0,0.9864864864864866,0.9399196493791093,False,False,False,False,0.08618869510013533,0.10923156564969219,False,False,False,False,60735.0,118611.76501475989,False,False,False,False,8650.52483606579,False,False,False,False
2025-05-21 19:00:00+00:00,31.01,31.065,30.795,30.8,33929.0,,,,,,,,,,,,,,,,,,,,,,,,31.11001022122812,,"rgba(239, 83, 80, 1.0)",0.0,0.0,0.3997992514268193,31.1097129041948,-0.7746710457547995,0.0,0.0,0.0,0.0,0.0,0.0,0.0,0.0,20.7350264617437,-21.997117219043567,False,True,False,True,False,0.0,0,0.9846491228070178,0.9415204678362576,False,False,False,False,0.05934416466205112,0.08428786515587165,False,False,False,False,26806.0,117188.41982073261,False,False,False,False,9042.439179692676,False,False,False,False
2025-05-22 14:00:00+00:00,30.735,30.81,30.65,30.785,3784.0,,,,,,,,,,,,,,,,,,,,,,,,31.108796669539633,,"rgba(239, 83, 80, 1.0)",0.0,0.0,0.40982024185078303,31.08602989000214,-0.7345412921593734,0.0,0.0,0.0,0.0,0.0,0.0,0.0,0.0,18.983933507516326,-23.845207139638433,False,True,False,True,False,0.0,0,0.9769526248399489,0.9493323577830625,True,False,False,False,0.011755525257198245,0.048021695206534945,False,False,False,False,23022.0,115728.47532738792,False,False,False,False,8960.91299086023,True,False,False,False
2025-05-22 15:00:00+00:00,30.79,30.945,30.765,30.905,5136.0,,,,,,,,,,,,,,,,,,,,,,,,31.107721629734506,,"rgba(239, 83, 80, 1.0)",0.0,0.0,0.41666141978678856,31.08620323132376,-0.4348932315751345,0.0,0.0,0.0,0.0,0.0,0.0,0.0,0.0,21.084681455086546,-23.845207139638433,False,True,False,True,False,0.0,0,0.9806038426349499,0.945105215004575,False,False,False,False,-0.026476786407002115,0.010772454399766415,False,False,False,False,28158.0,114370.7935393664,False,False,False,False,8901.612014257746,False,False,False,False
2025-05-22 16:00:00+00:00,30.905,30.975,30.865,30.88,4700.0,,,,,,,,,,,,,,,,,,,,,,,,31.106890961402545,,"rgba(239, 83, 80, 1.0)",0.0,0.0,0.42319535241577266,31.08479914554285,-0.4839352426102334,0.0,0.0,0.0,0.0,0.0,0.0,0.0,0.0,22.262082461018473,-23.845207139638433,False,True,False,True,True,0.0,0,0.9815484116416209,0.9589119269545373,False,False,False,False,-0.008117839144496175,0.0013273076276351199,False,False,False,False,23458.0,112961.29286433746,False,False,False,False,8836.470742718866,False,False,False,False
2025-05-22 17:00:00+00:00,30.875,30.97,30.805,30.945,5195.0,,,,,,,,,,,,,,,,,,,,,,,,31.10598075779333,,"rgba(239, 83, 80, 1.0)",0.0,0.0,0.42654567893277257,31.082398351115312,-0.32211872702376454,0.0,0.0,0.0,0.0,0.0,0.0,0.0,0.0,24.852636135346028,-23.845207139638433,False,True,False,True,True,0.0,0,0.9865332820315508,0.956714120815699,False,False,False,False,-0.017295855484055756,-0.007984273928210318,False,False,False,False,28653.0,111654.1875486113,False,False,False,False,8780.013831979039,False,False,False,False
2025-05-22 18:00:00+00:00,30.945,31.0,30.92,30.985,4248.0,,,,,,,,,,,,,,,,,,,,,,,,31.105470984073953,,"rgba(239, 83, 80, 1.0)",0.0,0.0,0.42993268905390397,31.081242272329867,-0.22385427947257258,0.0,0.0,0.0,0.0,0.0,0.0,0.0,0.0,27.68490805726547,-28.828897215528734,False,True,False,True,True,0.0,0,0.9916860015467907,0.9448955916473323,False,False,False,False,0.003176467018110854,-0.002403903455049732,False,False,False,False,32901.0,110433.20789669485,False,False,False,False,8709.750051638277,False,False,False,False
2025-05-22 19:00:00+00:00,30.985,31.08,30.94,30.97,37083.0,,,,,,,,,,,,,,,,,,,,,,,,31.102063549905946,,"rgba(239, 83, 80, 1.0)",0.0,0.0,0.4316272582797498,31.069670230880597,-0.23091736902306298,0.0,0.0,0.0,0.0,0.0,0.0,0.0,0.0,29.355197047330115,-27.006105092055048,False,True,False,True,True,0.0,0,0.9901124466847618,0.9439705312136493,False,False,False,False,0.01729582724031463,0.007445961892632448,False,False,False,False,-4182.0,108656.22792930424,False,False,False,False,9149.645399674893,False,False,False,False
2025-05-23 14:00:00+00:00,30.835,31.055,30.82,31.005,6044.0,,,,,,,,,,,,,,,,,,,,,,,,31.10134210611812,,"rgba(239, 83, 80, 1.0)",0.0,0.0,0.43420717851490853,31.067230678187666,-0.143320242655847,0.0,0.0,0.0,0.0,0.0,0.0,0.0,0.0,31.56655350259848,-24.663830191356325,False,True,False,True,True,0.0,0,0.9876160990712077,0.9419504643962854,False,False,False,False,-0.0031764952536885802,0.002134733319471934,False,False,False,False,1862.0,107000.50346528401,False,False,False,False,9101.495858594662,False,False,False,False
2025-05-23 15:00:00+00:00,31.005,31.15,30.995,31.075,11258.0,,,,,,,,,,,,,,,,,,,,,,,,31.10107964685005,,"rgba(239, 83, 80, 1.0)",0.0,0.0,0.43612929936633416,31.06542344708845,0.02195805905602862,0.0,0.0,0.0,0.0,0.0,0.0,0.0,0.0,35.15703268821682,-21.0993957714662,False,True,False,True,True,0.0,0,1.0005821851348733,0.9336308946244911,False,False,False,False,0.015069618027389379,0.008602175673430657,False,False,False,False,13120.0,105544.9917836517,False,False,False,False,9134.930031329628,False,False,False,False
2025-05-23 16:00:00+00:00,31.075,31.16,31.045,31.105,4108.0,,,,,,,,,,,,,,,,,,,,,,,,31.10108732661758,,"rgba(239, 83, 80, 1.0)",0.0,0.0,0.43803283640130164,31.06498381798395,0.09135429741935878,0.0,0.0,0.0,0.0,0.0,0.0,0.0,0.0,38.42787061013962,-17.922053153414417,False,True,False,True,True,0.0,0,0.9990241998438724,0.9408665105386422,False,False,False,False,0.013263172778885172,0.010932674226157915,False,False,False,False,17228.0,104175.73609708346,False,False,False,False,9056.99313161909,False,False,False,False
2025-05-23 17:00:00+00:00,31.11,31.265,31.1,31.225,4090.0,,,,,,,,,,,,,,,,,,,,,,,,31.101410503681336,,"rgba(239, 83, 80, 1.0)",0.0,0.0,0.4390132465320772,31.065254185347143,0.36387470290417767,0.0,0.0,0.0,0.0,0.0,0.0,0.0,0.0,43.733767401855715,-12.952586084805219,False,False,False,True,True,0.0,0,0.9978544958065149,0.939340745075093,False,False,False,False,0.02750691790112257,0.019219796063640243,False,False,False,False,21318.0,102891.12003356278,False,False,False,False,8979.98548616763,False,False,False,False
2025-05-23 18:00:00+00:00,31.225,31.29,31.195,31.265,5874.0,,,,,,,,,,,,,,,,,,,,,,,,31.10212858127764,,"rgba(239, 83, 80, 1.0)",0.0,0.0,0.4399600514215473,31.066148087977314,0.4519771997029712,0.0,0.0,0.0,0.0,0.0,0.0,0.0,0.0,48.184957150265845,-8.894376194558085,False,False,False,False,True,0.4205453875140428,0,0.9990207598903253,0.9428123775949868,False,False,False,False,0.04694620482126234,0.03308300044245129,False,False,False,False,27192.0,101717.49026560057,False,False,False,False,8931.830672428598,False,False,False,False
2025-05-23 19:00:00+00:00,31.265,31.33,31.175,31.21,15879.0,,,,,,,,,,,,,,,,,,,,,,,,31.10388499935437,,"rgba(239, 83, 80, 1.0)",0.0,0.0,0.4414343124998961,31.067810818989496,0.32210722407433595,0.0,0.0,0.0,0.0,0.0,0.0,0.0,0.0,49.53492099117069,-7.647742513175082,False,False,False,False,True,0.0,0,0.9949188977916751,0.9407856165722108,False,False,False,False,0.05018913907667982,0.04163606975956556,False,False,False,False,11313.0,100315.87026148273,False,False,False,False,9039.538724018852,False,False,False,False
2025-05-26 14:00:00+00:00,31.21,31.21,31.21,31.21,0.0,,,,,,,,,,,,,,,,,,,,,,,,31.10388499935437,,"rgba(239, 83, 80, 1.0)",0.0,0.0,0.4426452833215898,31.067810818989496,0.32122601633417036,0.0,0.0,0.0,0.0,0.0,0.0,0.0,0.0,50.43489688510725,-6.616588970552321,True,False,False,False,True,0.0,0,0.9966666666666669,0.9443137254901965,False,False,False,False,0.03641312591088932,0.03902459783522744,False,False,False,False,11313.0,98935.9808000644,False,False,False,False,8899.390836824761,False,False,False,False
2025-05-26 15:00:00+00:00,31.21,31.21,31.21,31.21,0.0,,,,,,,,,,,,,,,,,,,,,,,,31.10388499935437,,"rgba(239, 83, 80, 1.0)",0.0,0.0,0.44395565276458104,31.067810818989496,0.32027789290455094,0.0,0.0,0.0,0.0,0.0,0.0,0.0,0.0,51.03488081439829,-5.710590304804839,True,False,False,False,True,0.0,0,0.9958596214511044,0.9469637223974768,False,False,False,False,0.03641312591088932,0.03771886187305838,False,False,False,False,11313.0,97577.4849737068,False,False,False,False,8761.415785091043,False,False,False,False
2025-05-26 16:00:00+00:00,31.21,31.21,31.21,31.21,0.0,,,,,,,,,,,,,,,,,,,,,,,,31.10388499935437,,"rgba(239, 83, 80, 1.0)",0.0,0.0,0.4450045550936053,31.067810818989496,0.31952297877174635,0.0,0.0,0.0,0.0,0.0,0.0,0.0,0.0,51.43487010059232,-4.884931671129962,True,False,False,False,True,0.0,0,0.9964228934817173,0.9483306836248017,False,False,False,False,0.03641312591088932,0.03706599389197385,False,False,False,False,11313.0,96240.05109814544,False,False,False,False,8625.579881446221,False,False,False,False
2025-05-26 17:00:00+00:00,31.21,31.21,31.21,31.21,0.0,,,,,,,,,,,,,,,,,,,,,,,,31.10388499935437,,"rgba(239, 83, 80, 1.0)",0.0,0.0,0.44197512261326727,31.067810818989496,0.3217130868583331,0.0,0.0,0.0,0.0,0.0,0.0,0.0,0.0,51.70152962472167,-4.119717646156914,True,False,True,False,True,0.0,0,0.9985991594956977,0.94476686011607,False,False,False,False,0.03641312591088932,0.03673955990143159,False,False,False,False,11313.0,94923.35263150753,False,False,False,False,8491.849960803644,False,False,False,False
2025-05-26 18:00:00+00:00,31.21,31.21,31.21,31.21,0.0,,,,,,,,,,,,,,,,,,,,,,,,31.10388499935437,,"rgba(239, 83, 80, 1.0)",0.0,0.0,0.4414114135769936,31.067810818989496,0.3221239339016389,0.0,0.0,0.0,0.0,0.0,0.0,0.0,0.0,51.87930264080791,-3.4077971603041917,True,False,True,False,True,0.0,0,0.9973879847297571,0.942736588306209,False,False,False,False,0.03641312591088932,0.03657634290616045,False,False,False,False,11313.0,93627.06809458493,False,False,False,False,8360.193372264052,False,False,False,False
2025-05-26 19:00:00+00:00,31.21,31.21,31.21,31.21,0.0,,,,,,,,,,,,,,,,,,,,,,,,31.10388499935437,,"rgba(239, 83, 80, 1.0)",0.0,0.0,0.4419947820816339,31.067810818989496,0.3216987773947136,0.0,0.0,0.0,0.0,0.0,0.0,0.0,0.0,51.99781798486539,-2.747794977957419,True,False,True,False,True,0.0,0,1.0002025111381128,0.9432968813284736,False,False,False,False,0.033502610111277635,0.03503947650871904,False,False,False,False,11313.0,92350.8809923433,False,False,False,False,8230.577971143679,False,False,False,False
2025-05-27 14:00:00+00:00,31.68,31.82,31.65,31.755,4580.0,,,,,,,,,,,,,,,,,,,,,,,,31.106248401697915,,"rgba(38, 166, 154, 1.0)",0.0,0.0,0.4426616160300213,31.072073908583377,1.5427723269557347,0.0,0.0,0.0,0.0,0.0,0.0,0.0,0.0,62.54775920183094,7.283528212329628,True,False,True,False,True,7.683910785215332,0,0.9994025094602671,0.9382593108942445,False,False,False,False,0.20065005667009744,0.11784476658940823,False,False,False,False,15893.0,91165.48748858603,False,False,False,False,8173.979863063932,False,False,False,False
2025-05-27 15:00:00+00:00,31.755,31.82,31.705,31.795,5249.0,,,,,,,,,,,,,,,,,,,,,,,,31.109069494261984,,"rgba(38, 166, 154, 1.0)",0.0,0.0,0.44234788193078584,31.077033109454458,1.6230820127627148,0.0,0.0,0.0,0.0,0.0,0.0,0.0,0.0,69.86179428290458,13.744813487801721,True,False,True,False,True,8.218355485472028,0,0.9962121212121214,0.9413875598086128,False,False,False,False,0.20693634909429445,0.16239055784185136,False,False,False,False,21142.0,90079.8520236467,False,False,False,False,8128.631338055188,False,False,False,False
2025-05-27 16:00:00+00:00,31.795,31.87,31.75,31.835,10688.0,,,,,,,,,,,,,,,,,,,,,,,,31.115124857148636,,"rgba(38, 166, 154, 1.0)",0.0,0.0,0.4416582491123797,31.087290008038938,1.692960549166169,0.0,0.0,0.0,0.0,0.0,0.0,0.0,0.0,75.02097727409311,18.08699753609052,True,False,True,False,True,8.755029702663634,0,0.9929063640048644,0.9552087555735712,False,False,False,False,0.22458848541040324,0.19348952162612731,False,False,False,False,31830.0,89176.75354265992,False,False,False,False,8168.311472348905,False,False,False,False
2025-05-27 17:00:00+00:00,31.835,31.915,31.825,31.905,8835.0,,,,,,,,,,,,,,,,,,,,,,,,31.1204967099462,,"rgba(38, 166, 154, 1.0)",0.0,0.0,0.4391126186889827,31.137416852300344,1.7480325434312454,0.0,0.0,0.0,0.0,0.0,0.0,0.0,0.0,78.93608287749247,21.36507244521421,True,False,True,False,True,9.692225812974755,0,0.988615572270787,0.9510063020939218,False,False,False,False,0.2470858704418599,0.22028769603399362,False,False,False,False,40665.0,88424.63333269619,False,False,False,False,8178.647728591558,False,False,False,False
2025-05-27 18:00:00+00:00,31.905,31.915,31.83,31.83,6275.0,,,,,,,,,,,,,,,,,,,,,,,,31.12415096940737,,"rgba(38, 166, 154, 1.0)",0.0,0.0,0.43400658026315203,31.17813048840933,1.50198071005149,0.0,0.0,0.0,0.0,0.0,0.0,0.0,0.0,78.50930129274522,21.36507244521421,True,False,True,False,True,8.402218072430465,0,0.9936747602530098,0.9463374821465009,False,False,False,False,0.24802845224731382,0.2341580741406537,False,False,False,False,34390.0,87586.8870794761,False,False,False,False,8149.133810318821,False,False,False,False
2025-05-27 19:00:00+00:00,31.835,31.865,31.73,31.775,44452.0,,,,,,,,,,,,,,,,,,,,,,,,31.14672019536704,,"rgba(38, 166, 154, 1.0)",0.0,0.0,0.42054929759983667,31.200457821679823,1.3661708189722555,0.0,0.0,0.0,0.0,0.0,0.0,0.0,0.0,76.1612063494243,21.36507244521421,True,False,True,False,False,7.462322332336935,0,0.9957020057306593,0.9435120753172332,False,False,False,False,0.2199302533048668,0.22704416372276026,False,False,False,False,-10062.0,86072.95084568577,False,False,False,False,8711.96894504256,False,False,False,False
2025-05-28 14:00:00+00:00,31.575,31.595,31.455,31.465,9221.0,,,,,,,,,,,,,,,,,,,,,,,,31.149221732907176,,"rgba(239, 83, 80, 1.0)",0.0,0.0,0.41346549035163266,31.198284765960675,0.6450725399415942,0.0,0.0,0.0,0.0,0.0,0.0,0.0,0.0,66.59725764290529,24.996244832008287,True,False,True,False,False,2.442868760612516,0,0.9856158833063213,0.9446920583468398,False,False,False,False,0.12033554084604435,0.1736898522844023,False,False,False,False,-19283.0,84439.52525117902,False,False,False,False,8719.860899382986,False,False,False,False
2025-05-28 15:00:00+00:00,31.46,31.5,31.35,31.445,11045.0,,,,,,,,,,,,,,,,,,,,,,,,31.151564284670147,,"rgba(239, 83, 80, 1.0)",0.0,0.0,0.4041568913092999,31.19500025655659,0.6185710272897135,0.0,0.0,0.0,0.0,0.0,0.0,0.0,0.0,59.84485239303626,19.005487251851164,True,False,True,False,False,2.1337768044564243,0,0.9809639530174165,0.9518023491292024,False,False,False,False,0.08447453464953249,0.1290821934669674,False,False,False,False,-30328.0,82660.18377441654,False,False,False,False,8755.909567609606,False,False,False,False
2025-05-28 16:00:00+00:00,31.445,31.575,31.44,31.575,6991.0,,,,,,,,,,,,,,,,,,,,,,,,31.15354055878462,,"rgba(239, 83, 80, 1.0)",0.0,0.0,0.3937724453777122,31.19519686931185,0.9645243976475714,0.0,0.0,0.0,0.0,0.0,0.0,0.0,0.0,57.993834091794255,17.460599894996378,True,False,True,False,False,4.012974749370372,0,0.9914495114006519,0.9474755700325734,False,False,False,False,0.11404017527237645,0.12156118436967192,False,False,False,False,-23337.0,81016.81658411551,False,False,False,False,8728.546628576898,False,False,False,False
2025-05-28 17:00:00+00:00,31.575,31.655,31.575,31.64,9372.0,,,,,,,,,,,,,,,,,,,,,,,,31.156806621787847,,"rgba(239, 83, 80, 1.0)",0.0,0.0,0.39376574185607366,31.19771012506926,1.1232309668330733,0.0,0.0,0.0,0.0,0.0,0.0,0.0,0.0,57.932117241389136,17.22230790191152,True,False,True,False,False,4.934892109093262,0,0.9924195861503794,0.9479614833026021,False,False,False,False,0.1528733918493678,0.13721728810951986,False,False,False,False,-13965.0,79544.23028048582,False,False,False,False,8738.522649839271,False,False,False,False
2025-05-28 18:00:00+00:00,31.645,31.665,31.525,31.605,7379.0,,,,,,,,,,,,,,,,,,,,,,,,31.159210263375456,,"rgba(239, 83, 80, 1.0)",0.0,0.0,0.3937195233450681,31.199338757133113,1.0303305241771148,0.0,0.0,0.0,0.0,0.0,0.0,0.0,0.0,57.032831670859025,15.928335170698475,True,False,True,False,False,4.368535472056177,0,0.9850624104767755,0.9478207489257215,False,False,False,False,0.1456173363360533,0.14141731222278658,False,False,False,False,-21344.0,77980.07167148605,False,False,False,False,8717.444779299129,False,False,False,False
2025-05-28 19:00:00+00:00,31.605,31.65,31.465,31.515,18221.0,,,,,,,,,,,,,,,,,,,,,,,,31.16430543250768,,"rgba(239, 83, 80, 1.0)",0.0,0.0,0.3922461077040963,31.20162223477426,0.7989314847762575,0.0,0.0,0.0,0.0,0.0,0.0,0.0,0.0,54.332081176508666,12.88923980295251,True,False,True,False,False,2.9199286151450536,0,0.9815573770491808,0.9538934426229511,False,False,False,False,0.13205255342874633,0.13673493282576646,False,False,False,False,-39565.0,76157.66745952502,False,False,False,False,8864.786720705344,False,False,False,False
2025-05-29 14:00:00+00:00,31.675,31.735,31.555,31.715,5183.0,,,,,,,,,,,,,,,,,,,,,,,,31.166200026882137,,"rgba(239, 83, 80, 1.0)",0.0,0.0,0.3908445464113116,31.203564851553125,1.3085385305815622,0.0,0.0,0.0,0.0,0.0,0.0,0.0,0.0,56.31039478590202,12.88923980295251,True,False,True,False,False,5.78454618413242,0,0.9790138549307258,0.9480440097799513,False,False,False,False,0.16378774924136066,0.15026134103356356,False,False,False,False,-34382.0,74443.87416557889,False,False,False,False,8807.704756043246,False,False,False,False
2025-05-29 15:00:00+00:00,31.72,31.81,31.65,31.675,9584.0,,,,,,,,,,,,,,,,,,,,,,,,31.169965220009182,,"rgba(239, 83, 80, 1.0)",0.0,0.0,0.39003464849552977,31.20782508648104,1.197777980292216,0.0,0.0,0.0,0.0,0.0,0.0,0.0,0.0,56.67364006669021,12.88923980295251,True,False,True,False,False,5.134602912354939,0,0.9821138211382118,0.9467479674796752,False,False,False,False,0.19493205466042474,0.17259669784699416,False,False,False,False,-43966.0,72608.06216301177,False,False,False,False,8819.74034122087,False,False,False,False
2025-05-29 16:00:00+00:00,31.68,31.77,31.64,31.75,1895.0,,,,,,,,,,,,,,,,,,,,,,,,31.170714905810595,,"rgba(239, 83, 80, 1.0)",0.0,0.0,0.3904553820930246,31.208677533390034,1.3863875142614828,0.0,0.0,0.0,0.0,0.0,0.0,0.0,0.0,58.210727917249464,12.88923980295251,True,False,True,False,True,6.193735521389513,0,0.9997925741547402,0.9460692802323172,False,False,False,False,0.18112394027076423,0.1768603190588792,False,False,False,False,-42071.0,70830.09220699608,False,False,False,False,8712.380025853105,False,False,False,False
2025-05-29 17:00:00+00:00,31.75,31.815,31.69,31.725,2715.0,,,,,,,,,,,,,,,,,,,,,,,,31.171830915141705,,"rgba(239, 83, 80, 1.0)",0.0,0.0,0.3895272949531495,31.2099994991032,1.3221165950867242,0.0,0.0,0.0,0.0,0.0,0.0,0.0,0.0,58.55996520438799,12.88923980295251,True,False,True,False,True,5.777221345411721,0,0.9914867109634556,0.9451827242524918,False,False,False,False,0.19912822910330374,0.18799427408109148,False,False,False,False,-44786.0,69037.59465339924,False,False,False,False,8619.397389793367,False,False,False,False
2025-05-29 18:00:00+00:00,31.725,31.735,31.635,31.705,1710.0,,,,,,,,,,,,,,,,,,,,,,,,31.172468241893586,,"rgba(239, 83, 80, 1.0)",0.0,0.0,0.3873244095047491,31.21067079310091,1.2762665991827387,0.0,0.0,0.0,0.0,0.0,0.0,0.0,0.0,58.22194145377045,12.88923980295251,True,False,True,False,True,5.440364632592768,0,0.9918969457718685,0.9443174735092461,False,False,False,False,0.17267075081507166,0.18033251244808157,False,False,False,False,-46496.0,67246.37613164111,False,False,False,False,8512.27494964153,False,False,False,False
2025-05-29 19:00:00+00:00,31.705,31.785,31.705,31.735,13399.0,,,,,,,,,,,,,,,,,,,,,,,,31.177884305606142,,"rgba(239, 83, 80, 1.0)",0.0,0.0,0.38621626066234493,31.216923455920135,1.3414156700481348,0.0,0.0,0.0,0.0,0.0,0.0,0.0,0.0,58.65463600856724,12.88923980295251,True,False,True,False,True,5.881544317309938,0,0.9954128440366977,0.94349457881568,False,False,False,False,0.18972224861158676,0.18502738052983417,False,False,False,False,-33097.0,65690.6648737862,False,False,False,False,8588.038128716855,False,False,False,False
2025-05-30 14:00:00+00:00,31.73,31.92,31.7,31.855,10498.0,,,,,,,,,,,,,,,,,,,,,,,,31.18267292680387,,"rgba(38, 166, 154, 1.0)",0.0,0.0,0.3867130719280179,31.223014203133538,1.6342498941543397,0.0,0.0,0.0,0.0,0.0,0.0,0.0,0.0,61.278014295548004,12.88923980295251,True,False,True,False,True,7.625704476881548,0,0.9933291640608718,0.9418386491557225,False,False,False,False,0.2062288664985906,0.19562812351421238,False,False,False,False,-22599.0,64321.83286023912,False,False,False,False,8617.649940674733,False,False,False,False
2025-05-30 15:00:00+00:00,31.85,31.955,31.805,31.87,14856.0,,,,,,,,,,,,,,,,,,,,,,,,31.18986501827093,,"rgba(38, 166, 154, 1.0)",0.0,0.0,0.3868565625655126,31.232377677808426,1.6482137926343083,0.0,0.0,0.0,0.0,0.0,0.0,0.0,0.0,63.292012178911065,8.376875211781424,True,False,True,False,True,7.841864264584647,0,0.9964187908152522,0.948809774594481,False,False,False,False,0.2205340198919911,0.20808107170310175,False,False,False,False,-7743.0,63204.54862984781,False,False,False,False,8714.368546245669,False,False,False,False
2025-05-30 16:00:00+00:00,31.865,31.895,31.625,31.635,4820.0,,,,,,,,,,,,,,,,,,,,,,,,31.191635966818104,,"rgba(38, 166, 154, 1.0)",0.0,0.0,0.3863157579815625,31.23415298836657,1.0376149648354802,0.0,0.0,0.0,0.0,0.0,0.0,0.0,0.0,58.01198249522012,13.123031509591058,True,False,True,False,False,3.800215218544679,0,0.974899810166632,0.9609786964775366,False,False,False,False,0.16133118619194473,0.18470612894752325,False,False,False,False,-12563.0,62029.85795341606,False,False,False,False,8653.99073932713,False,False,False,False
2025-05-30 17:00:00+00:00,31.635,31.79,31.615,31.745,7433.0,,,,,,,,,,,,,,,,,,,,,,,,31.1943352610285,,"rgba(38, 166, 154, 1.0)",0.0,0.0,0.38672355515033274,31.236832563315165,1.3140328017704894,0.0,0.0,0.0,0.0,0.0,0.0,0.0,0.0,56.84802769501199,11.996413939063352,True,False,True,False,False,5.421584779036582,1,0.9754289345477657,0.9631434018216483,False,False,False,False,0.1333799250580725,0.15904302700279788,False,False,False,False,-5130.0,60988.61984561116,False,False,False,False,8635.060650345313,False,False,False,False
2025-05-30 18:00:00+00:00,31.745,31.93,31.745,31.93,5467.0,,,,,,,,,,,,,,,,,,,,,,,,31.196874303610365,,"rgba(38, 166, 154, 1.0)",0.0,0.0,0.38860978830643467,31.23997323894783,1.775628874556438,0.0,0.0,0.0,0.0,0.0,0.0,0.0,0.0,59.14752847195987,11.996413939063352,True,False,True,False,False,8.03845257866898,0,0.9783439490445865,0.9581740976645439,False,False,False,False,0.19941263605401705,0.17922783152840746,False,False,False,False,337.0,60048.284654206334,False,False,False,False,8585.943430960115,False,False,False,False
2025-05-30 19:00:00+00:00,31.925,31.97,31.77,31.835,26918.0,,,,,,,,,,,,,,,,,,,,,,,,31.2089198456903,,"rgba(38, 166, 154, 1.0)",0.0,0.0,0.389610836096236,31.25426312734457,1.4905562650007689,0.0,0.0,0.0,0.0,0.0,0.0,0.0,0.0,58.45146109467188,11.996413939063352,True,False,True,False,False,6.4335944125675155,1,0.9781362767989815,0.9558480152833796,False,False,False,False,0.21554750336965664,0.19738766744903205,False,False,False,False,-26581.0,58705.19496964499,False,False,False,False,8870.16136226306,False,False,False,False
2025-06-02 14:00:00+00:00,31.69,31.835,31.6,31.745,8472.0,,,,,,,,,,,,,,,,,,,,,,,,31.21187038874407,,"rgba(38, 166, 154, 1.0)",0.0,0.0,0.3897767321184083,31.33285598875535,1.0573848495385458,0.0,0.0,0.0,0.0,0.0,0.0,0.0,0.0,56.07476235763355,11.128745159835617,False,False,True,False,False,4.940061776994224,1,0.9665325142978187,0.9658970557085365,False,False,False,False,0.1406498787036933,0.16901877307636268,False,False,False,False,-35053.0,57251.57954375902,False,False,False,False,8863.988317886888,False,False,False,False
2025-06-02 15:00:00+00:00,31.745,31.815,31.695,31.725,13262.0,,,,,,,,,,,,,,,,,,,,,,,,31.216584320463244,,"rgba(38, 166, 154, 1.0)",0.0,0.0,0.3900401342250703,31.337552658917655,0.9933524965376309,0.0,0.0,0.0,0.0,0.0,0.0,0.0,0.0,54.070764990704674,9.10076008458281,False,False,True,False,False,4.608980527751211,1,0.969214437367304,0.9677282377919322,False,False,False,False,0.15889131288936484,0.16395504298286376,False,False,False,False,-48315.0,55614.88838804182,False,False,False,False,8932.174545516547,False,False,False,False
2025-06-02 16:00:00+00:00,31.725,31.735,31.635,31.715,10739.0,,,,,,,,,,,,,,,,,,,,,,,,31.21998536478695,,"rgba(38, 166, 154, 1.0)",0.0,0.0,0.3899762409025363,31.339447302841233,0.9630143013061814,0.0,0.0,0.0,0.0,0.0,0.0,0.0,0.0,52.50769984288741,7.47744951446483,False,False,False,False,False,4.441115831109592,1,0.9655248133509008,0.9931927975406237,False,False,False,False,0.12491593669635466,0.14443548983960922,False,False,False,False,-59054.0,53837.076164971404,False,False,False,False,8960.187343260477,False,False,False,False
2025-06-02 17:00:00+00:00,31.715,31.735,31.635,31.705,2924.0,,,,,,,,,,,,,,,,,,,,,,,,31.220896597403442,,"rgba(38, 166, 154, 1.0)",0.0,0.0,0.3900271415827054,31.34000452959423,0.935820694233333,0.0,0.0,0.0,0.0,0.0,0.0,0.0,0.0,51.21748105760334,6.078905550573609,False,True,False,False,False,4.270553500182377,1,0.9576999339061472,0.9931703018285967,False,False,False,False,0.12491593669635466,0.13467571326798194,False,False,False,False,-61978.0,52041.493588770296,False,False,False,False,8866.603043364967,False,False,False,False
2025-06-02 18:00:00+00:00,31.705,31.92,31.65,31.915,9767.0,,,,,,,,,,,,,,,,,,,,,,,,31.224791278943677,,"rgba(38, 166, 154, 1.0)",0.0,0.0,0.39078809261969316,31.345048325694723,1.4584673511532535,0.0,0.0,0.0,0.0,0.0,0.0,0.0,0.0,54.8540331002267,6.078905550573609,False,False,True,False,True,7.381527364925322,1,0.9581873905429074,0.9833625218914186,False,False,False,False,0.1735597695874044,0.1541177414276932,False,False,False,False,-52211.0,50425.17585871184,False,False,False,False,8880.562686103494,False,False,False,False
2025-06-02 19:00:00+00:00,31.92,31.985,31.905,31.975,24496.0,,,,,,,,,,,,,,,,,,,,,,,,31.236347709100933,,"rgba(38, 166, 154, 1.0)",0.0,0.0,0.3915545593821857,31.361640236118934,1.5664733028491797,0.0,0.0,0.0,0.0,0.0,0.0,0.0,0.0,58.26118602496319,3.0937110428621537,False,False,True,False,True,8.237645365344775,1,0.9792631811162589,0.9759541142731084,False,False,False,False,0.2532229724629694,0.20367035694533128,False,False,False,False,-27715.0,49213.70026400313,False,False,False,False,9122.662489419718,False,False,False,False
2025-06-03 14:00:00+00:00,31.71,31.85,31.65,31.765,6131.0,,,,,,,,,,,,,,,,,,,,,,,,31.23839402299352,,"rgba(38, 166, 154, 1.0)",0.0,0.0,0.3909048408431382,31.363088124145854,1.0281578375628901,0.0,0.0,0.0,0.0,0.0,0.0,0.0,0.0,55.44342536554113,3.0937110428621537,False,True,True,False,False,4.636644758865408,1,0.9654493767767331,0.9731029958451782,False,False,False,False,0.1564533141424561,0.1800618355438937,False,False,False,False,-33846.0,47925.95297308835,False,False,False,False,9076.280125242667,False,False,False,False
2025-06-03 15:00:00+00:00,31.765,31.925,31.765,31.905,5634.0,,,,,,,,,,,,,,,,,,,,,,,,31.240657646919,,"rgba(38, 166, 154, 1.0)",0.0,0.0,0.39014565309719296,31.365510708162947,1.3827894468496265,0.0,0.0,0.0,0.0,0.0,0.0,0.0,0.0,56.068349783397245,3.0937110428621537,False,True,True,False,False,6.648218293188606,1,0.9691466083150988,0.9733041575492342,False,False,False,False,0.20312668946653373,0.19159426250521372,False,False,False,False,-28212.0,46745.519593660625,False,False,False,False,9022.911441130376,False,False,False,False
2025-06-03 16:00:00+00:00,31.905,32.0,31.87,31.925,6358.0,,,,,,,,,,,,,,,,,,,,,,,,31.24346327585119,,"rgba(38, 166, 154, 1.0)",0.0,0.0,0.3906171255062217,31.368892490785974,1.4236639228076262,0.0,0.0,0.0,0.0,0.0,0.0,0.0,0.0,56.81906674310729,3.0937110428621537,False,True,True,False,False,6.931885399443008,1,0.9828155981493726,0.9680546375853714,False,False,False,False,0.24816094663597202,0.21987760457059286,False,False,False,False,-21854.0,45681.961150348056,False,False,False,False,8981.594984678743,False,False,False,False
2025-06-03 17:00:00+00:00,31.925,32.0,31.91,31.955,9911.0,,,,,,,,,,,,,,,,,,,,,,,,31.247938355267557,,"rgba(38, 166, 154, 1.0)",0.0,0.0,0.3893682455345263,31.37433390747488,1.491303153722709,0.0,0.0,0.0,0.0,0.0,0.0,0.0,0.0,57.84911428772305,3.0937110428621537,False,False,True,False,False,7.361538590900977,1,0.9781746031746036,0.969135802469136,False,False,False,False,0.25829773716038484,0.23908767086548885,False,False,False,False,-11943.0,44788.550899955066,False,False,False,False,8996.004364761242,False,False,False,False
2025-06-03 18:00:00+00:00,31.955,31.96,31.875,31.955,9331.0,,,,,,,,,,,,,,,,,,,,,,,,31.251953246470308,,"rgba(38, 166, 154, 1.0)",0.0,0.0,0.3882655239872859,31.378880904110417,1.4838275878144835,0.0,0.0,0.0,0.0,0.0,0.0,0.0,0.0,58.53581265080022,3.796334496767031,False,False,True,False,True,7.361538590900999,1,0.976527900797166,0.9743135518157663,False,False,False,False,0.23933213513792276,0.2392099030017058,False,False,False,False,-11943.0,43908.991971273594,False,False,False,False,9001.198095540136,False,False,False,False
2025-06-03 19:00:00+00:00,31.955,32.0,31.925,31.95,35907.0,,,,,,,,,,,,,,,,,,,,,,,,31.267599551123666,,"rgba(38, 166, 154, 1.0)",0.0,0.0,0.38528888190879196,31.396477969629608,1.4366415859916375,0.0,0.0,0.0,0.0,0.0,0.0,0.0,0.0,58.8343283526391,4.42150568180881,False,False,True,False,True,7.271418855866468,1,0.9752212389380536,0.9703539823008852,False,False,False,False,0.2621123572123425,0.2506611301070242,False,False,False,False,-47850.0,42486.37194071121,False,False,False,False,9418.342311113158,False,False,False,False
2025-06-04 14:00:00+00:00,32.115,32.185,32.02,32.035,9481.0,,,,,,,,,,,,,,,,,,,,,,,,31.27232329039935,,"rgba(38, 166, 154, 1.0)",0.0,0.0,0.3846430777971986,31.402331133491202,1.6448206220998633,0.0,0.0,0.0,0.0,0.0,0.0,0.0,0.0,60.823162535732465,6.597028862675899,False,False,True,False,True,8.533026195436396,0,0.977547875852961,0.9627999119524545,False,False,False,False,0.3348420245603719,0.29275157733369805,False,False,False,False,-38369.0,41232.80028271568,False,False,False,False,9419.313748150164,False,False,False,False
2025-06-04 15:00:00+00:00,32.035,32.06,31.82,31.845,6796.0,,,,,,,,,,,,,,,,,,,,,,,,31.274963100198146,,"rgba(38, 166, 154, 1.0)",0.0,0.0,0.3824011383751819,31.404891563124853,1.150907758133676,0.0,0.0,0.0,0.0,0.0,0.0,0.0,0.0,56.755046644589875,6.597028862675899,False,True,True,False,False,5.128566461795305,0,0.9743026575884035,0.9659565121897652,False,False,False,False,0.2506903864346719,0.271720981884185,False,False,False,False,-45165.0,39893.299503138696,False,False,False,False,9378.642217171091,False,False,False,False
2025-06-04 16:00:00+00:00,31.845,32.0,31.825,31.985,4128.0,,,,,,,,,,,,,,,,,,,,,,,,31.276627144647023,,"rgba(38, 166, 154, 1.0)",0.0,0.0,0.38211634471834,31.40657921429057,1.5137295059592033,0.0,0.0,0.0,0.0,0.0,0.0,0.0,0.0,56.98030192349647,6.597028862675899,False,True,True,False,False,7.206011446487089,0,0.982770046388337,0.9604594654296447,False,False,False,False,0.236816384671822,0.2542686832780035,False,False,False,False,-41037.0,38638.56617750864,False,False,False,False,9297.236911478516,False,False,False,False
2025-06-04 17:00:00+00:00,31.985,32.01,31.955,31.965,3405.0,,,,,,,,,,,,,,,,,,,,,,,,31.278076255120624,,"rgba(38, 166, 154, 1.0)",0.0,0.0,0.3819826419338228,31.408132735078972,1.4578339531394287,0.0,0.0,0.0,0.0,0.0,0.0,0.0,0.0,56.61697260265633,6.597028862675899,False,True,True,False,False,6.85125434215027,1,0.9834968777876898,0.968554861730598,False,False,False,False,0.27232157553655,0.26329512940727673,False,False,False,False,-44442.0,37350.49538405889,False,False,False,False,9205.884401223035,False,False,False,False
2025-06-04 18:00:00+00:00,31.965,32.005,31.92,31.935,7304.0,,,,,,,,,,,,,,,,,,,,,,,,31.28106141471657,,"rgba(38, 166, 154, 1.0)",0.0,0.0,0.3804275451608642,31.411204996761057,1.3768587735082487,0.0,0.0,0.0,0.0,0.0,0.0,0.0,0.0,55.567984250148825,9.478561756099232,False,True,True,False,False,6.314149790260398,1,0.9856147448864918,0.964261631827377,False,False,False,False,0.26211235721234427,0.2627037433098105,False,False,False,False,-51746.0,35969.15437035255,False,False,False,False,9176.39782135911,False,False,False,False
2025-06-04 19:00:00+00:00,31.935,32.015,31.905,31.945,19916.0,,,,,,,,,,,,,,,,,,,,,,,,31.289088470788975,,"rgba(38, 166, 154, 1.0)",0.0,0.0,0.37821663080809126,31.419358823293663,1.389788639339473,0.0,0.0,0.0,0.0,0.0,0.0,0.0,0.0,55.116504073170375,8.80347383330917,False,True,True,False,False,6.467112368275512,1,0.9846605007895335,0.9607489284908642,False,False,False,False,0.26083999346094255,0.2617718683853765,False,False,False,False,-31830.0,34918.00469019205,False,False,False,False,9342.903281493078,False,False,False,False
2025-06-05 14:00:00+00:00,31.93,32.15,31.905,32.1,4254.0,,,,,,,,,,,,,,,,,,,,,,,,31.291023610155822,,"rgba(38, 166, 154, 1.0)",0.0,0.0,0.3786619162879349,31.421541678494247,1.7917257910612117,0.0,0.0,0.0,0.0,0.0,0.0,0.0,0.0,58.14148997728471,8.80347383330917,False,True,True,False,True,8.79889870326517,1,0.9807433945364985,0.9540976265114199,False,False,False,False,0.29550002862745317,0.2786359485064148,False,False,False,False,-27576.0,33949.10539266969,False,False,False,False,9264.005556198612,False,False,False,False
2025-06-05 15:00:00+00:00,32.105,32.18,32.095,32.145,3331.0,,,,,,,,,,,,,,,,,,,,,,,,31.29270720862851,,"rgba(38, 166, 154, 1.0)",0.0,0.0,0.37996038200304,31.423580844127194,1.8986694140839055,0.0,0.0,0.0,0.0,0.0,0.0,0.0,0.0,60.951270287883254,7.111743938791832,False,False,True,False,True,9.45952227276047,1,0.9885598923283987,0.9553611484970842,False,False,False,False,0.34282820179318796,0.3107320751498014,False,False,False,False,-24245.0,33046.87120053528,False,False,False,False,9172.020973931967,False,False,False,False
2025-06-05 16:00:00+00:00,32.145,32.215,32.0,32.045,6428.0,,,,,,,,,,,,,,,,,,,,,,,,31.29573400813381,,"rgba(38, 166, 154, 1.0)",0.0,0.0,0.3793712199449594,31.42706265141515,1.628846143559613,0.0,0.0,0.0,0.0,0.0,0.0,0.0,0.0,59.663375837025576,7.111743938791832,False,False,True,False,True,7.590643587544552,1,0.9793906810035846,0.9603494623655916,False,False,False,False,0.32712206485830797,0.3189270700040547,False,False,False,False,-30673.0,32058.966220682018,False,False,False,False,9129.478013095812,False,False,False,False
2025-06-05 17:00:00+00:00,32.045,32.205,32.045,32.165,4798.0,,,,,,,,,,,,,,,,,,,,,,,,31.29812488246084,,"rgba(38, 166, 154, 1.0)",0.0,0.0,0.3821797133984713,31.429909005301205,1.9234170965332416,0.0,0.0,0.0,0.0,0.0,0.0,0.0,0.0,61.1119433331131,7.176786618404648,False,False,True,False,True,9.368911801958717,1,0.9820948970456586,0.9606087735004479,False,False,False,False,0.33626457913521196,0.3275958245696333,False,False,False,False,-25875.0,31160.765194004776,False,False,False,False,9062.323315218357,False,False,False,False
2025-06-05 18:00:00+00:00,32.165,32.23,32.06,32.205,5063.0,,,,,,,,,,,,,,,,,,,,,,,,31.30071274636804,,"rgba(38, 166, 154, 1.0)",0.0,0.0,0.3863317903722869,31.43302667122673,1.9982133182189297,0.0,0.0,0.0,0.0,0.0,0.0,0.0,0.0,62.7619055847663,8.79969734747474,True,False,True,False,True,9.952571740950575,0,0.9818913480885316,0.9606528057232288,False,False,False,False,0.34282820207210424,0.3352120133208688,False,False,False,False,-20812.0,30354.985888671366,False,False,False,False,9000.318302579311,False,False,False,False
2025-06-05 19:00:00+00:00,32.205,32.22,32.0,32.055,11769.0,,,,,,,,,,,,,,,,,,,,,,,,31.3061635987066,,"rgba(38, 166, 154, 1.0)",0.0,0.0,0.38812139365953613,31.439148639199782,1.5867493285887977,0.0,0.0,0.0,0.0,0.0,0.0,0.0,0.0,59.590987433117604,8.79969734747474,False,False,True,False,False,7.156816954460599,1,0.978391623969704,0.9619068834929833,False,False,False,False,0.32461612936917245,0.3299140713450206,False,False,False,False,-32581.0,29379.23416946716,False,False,False,False,9043.243600213742,False,False,False,False
2025-06-06 14:00:00+00:00,32.46,32.46,32.265,32.275,4894.0,,,,,,,,,,,,,,,,,,,,,,,,31.30909879434545,,"rgba(38, 166, 154, 1.0)",0.0,0.0,0.393319185880865,31.535406097158063,1.8803911158962787,0.0,0.0,0.0,0.0,0.0,0.0,0.0,0.0,61.25504198475061,8.79969734747474,True,False,True,False,False,10.341411257573625,0,0.9876188370550524,0.9438425823568432,False,False,False,False,0.342828209045865,0.3363711401954428,False,False,False,False,-27687.0,28494.486352886273,False,False,False,False,8978.914242070892,False,False,False,False
2025-06-06 15:00:00+00:00,32.275,32.345,32.165,32.235,4396.0,,,,,,,,,,,,,,,,,,,,,,,,31.311503430111827,,"rgba(38, 166, 154, 1.0)",0.0,0.0,0.39913532668634283,31.536184916495095,1.7508224323477688,0.0,0.0,0.0,0.0,0.0,0.0,0.0,0.0,61.34731478721281,8.79969734747474,True,False,True,False,False,9.604605286859634,0,0.9860155382907883,0.9473917869034412,False,False,False,False,0.294791599298191,0.3155813697468169,False,False,False,False,-32083.0,27555.300517957803,False,False,False,False,8907.861308085297,False,False,False,False
2025-06-06 16:00:00+00:00,32.24,32.285,32.19,32.215,1327.0,,,,,,,,,,,,,,,,,,,,,,,,31.312212731020093,,"rgba(38, 166, 154, 1.0)",0.0,0.0,0.404539756284125,31.536599965767202,1.6769675259218109,0.0,0.0,0.0,0.0,0.0,0.0,0.0,0.0,60.87785430138174,8.79969734747474,True,False,True,False,False,9.233563843689666,0,1.0024830699774268,0.9462753950338606,False,False,False,False,0.28710054265320517,0.301340956200011,False,False,False,False,-33410.0,26610.102060315046,False,False,False,False,8790.32857462661,False,False,False,False
2025-06-06 17:00:00+00:00,32.21,32.325,32.205,32.315,3454.0,,,,,,,,,,,,,,,,,,,,,,,,31.31415746182305,,"rgba(38, 166, 154, 1.0)",0.0,0.0,0.4088807839645937,31.53883986360815,1.8982553517581255,0.0,0.0,0.0,0.0,0.0,0.0,0.0,0.0,62.262261798568574,8.79969734747474,True,False,True,False,True,10.672913236908599,0,1.0034215328467155,0.9418339416058397,False,False,False,False,0.2992017029542819,0.3002713295771464,False,False,False,False,-29956.0,25733.108229922564,False,False,False,False,8707.59479827581,False,False,False,False
2025-06-06 18:00:00+00:00,32.315,32.375,32.315,32.365,4808.0,,,,,,,,,,,,,,,,,,,,,,,,31.31704651392658,,"rgba(38, 166, 154, 1.0)",0.0,0.0,0.414490482834487,31.543195618070463,1.9826857695492592,0.0,0.0,0.0,0.0,0.0,0.0,0.0,0.0,63.963003531283235,10.179053278746906,True,False,True,False,True,11.383271086501452,0,0.9988487220815107,0.9447386599125032,False,False,False,False,0.3349091243681793,0.31759022697266287,False,False,False,False,-25148.0,24944.25383876097,False,False,False,False,8647.135964194014,False,False,False,False
2025-06-06 19:00:00+00:00,32.365,32.445,32.33,32.445,22714.0,,,,,,,,,,,,,,,,,,,,,,,,31.331194407716527,,"rgba(38, 166, 154, 1.0)",0.0,0.0,0.4223185467806987,31.563261208462603,2.087852400181862,0.0,0.0,0.0,0.0,0.0,0.0,0.0,0.0,66.26334445277871,12.445295861996968,True,False,True,False,True,12.509919199052984,0,0.9951343836886007,0.9448563484708067,False,False,False,False,0.34282820973017153,0.3302092183514172,False,False,False,False,-2434.0,24519.784786997236,False,False,False,False,8865.226879477828,False,False,False,False
2025-06-09 14:00:00+00:00,32.275,32.335,32.11,32.275,4377.0,,,,,,,,,,,,,,,,,,,,,,,,31.333462628374132,,"rgba(38, 166, 154, 1.0)",0.0,0.0,0.42239370431085743,31.56515399801633,1.6805316810812632,0.0,0.0,0.0,0.0,0.0,0.0,0.0,0.0,62.97713737979036,12.445295861996968,True,False,True,False,False,9.273671658067343,0,0.9801614763552483,0.9444059976931953,False,False,False,False,0.27072423272996143,0.3004667255406893,False,False,False,False,-6811.0,24034.03618564844,False,False,False,False,8795.641966617706,False,False,False,False
2025-06-09 15:00:00+00:00,32.275,32.345,32.185,32.325,7191.0,,,,,,,,,,,,,,,,,,,,,,,,31.337348386458046,,"rgba(38, 166, 154, 1.0)",0.0,0.0,0.4217649851548964,31.569038447915307,1.7923762727886545,0.0,0.0,0.0,0.0,0.0,0.0,0.0,0.0,61.70538377573993,15.814240503526861,True,False,True,False,False,9.995153154334037,1,0.9849676225716932,0.9412580943570773,False,False,False,False,0.28900817587920224,0.2947374507099458,False,False,False,False,380.0,23667.306942460094,False,False,False,False,8770.763796592624,False,False,False,False
2025-06-09 16:00:00+00:00,32.325,32.355,32.285,32.33,2115.0,,,,,,,,,,,,,,,,,,,,,,,,31.338531210023923,,"rgba(38, 166, 154, 1.0)",0.0,0.0,0.41502455153687745,31.570341806273944,1.8303933849526817,0.0,0.0,0.0,0.0,0.0,0.0,0.0,0.0,60.953718006752666,15.032962361917583,True,False,True,False,False,10.06788411176067,1,1.0051862329090053,0.9363507779349369,False,False,False,False,0.31295406890803734,0.30384575980899153,False,False,False,False,2495.0,23339.05412164676,False,False,False,False,8667.573660211343,False,False,False,False
2025-06-09 17:00:00+00:00,32.335,32.43,32.31,32.41,4871.0,,,,,,,,,,,,,,,,,,,,,,,,31.341409889106025,,"rgba(38, 166, 154, 1.0)",0.0,0.0,0.4083606756795392,31.57385733409265,2.0475592183697637,0.0,0.0,0.0,0.0,0.0,0.0,0.0,0.0,61.9775217899389,15.032962361917583,True,False,True,False,False,11.232721638474661,1,1.006149479659414,0.9191106906338699,False,False,False,False,0.3350282656803319,0.31943701274466174,False,False,False,False,7366.0,23091.409871698746,False,False,False,False,8608.712053076284,False,False,False,False
2025-06-09 18:00:00+00:00,32.405,32.465,32.395,32.46,5514.0,,,,,,,,,,,,,,,,,,,,,,,,31.34482567853394,,"rgba(38, 166, 154, 1.0)",0.0,0.0,0.40520265200168426,31.5783006964015,2.175946527602779,0.0,0.0,0.0,0.0,0.0,0.0,0.0,0.0,63.541386688685954,15.032962361917583,True,False,True,False,True,11.95402360321394,1,1.0205741626794262,0.9119617224880385,False,False,False,False,0.3428282108473022,0.33113261179598197,False,False,False,False,12880.0,22933.093439579385,False,True,False,False,8560.732021245643,False,True,False,False
2025-06-09 19:00:00+00:00,32.455,32.47,32.33,32.35,22335.0,,,,,,,,,,,,,,,,,,,,,,,,31.35774229655063,,"rgba(38, 166, 154, 1.0)",1.0,32.174,0.39784092977648067,31.674393988154964,1.6981812611000418,0.0,0.0,0.0,0.0,0.0,0.0,0.0,0.0,61.16371517969478,15.032962361917583,True,False,True,False,False,9.800671106661781,1,1.0168715353097135,0.9110629067245124,False,False,False,False,0.3298131824583643,0.3304728971271731,False,False,False,False,-9455.0,22430.952456020015,False,False,False,False,8774.286563551914,False,False,False,False
2025-06-10 14:00:00+00:00,32.22,32.26,32.035,32.045,4413.0,,,,,,,,,,,,,,,,,,,,,,,,31.35959458205821,,"rgba(38, 166, 154, 1.0)",0.0,0.0,0.38700992840584103,31.673121310664158,0.9609021940798134,0.0,0.0,0.0,0.0,0.0,0.0,0.0,0.0,53.479709572941445,8.107206399544232,False,True,False,False,False,4.248085021053175,0,0.9961804726665076,0.917880162329912,False,False,False,False,0.22399608511276395,0.2772344911199685,False,False,False,False,-13868.0,21868.177999337535,False,False,False,False,8706.669717605371,False,False,False,False
2025-06-10 15:00:00+00:00,32.045,32.15,32.015,32.065,7865.0,,,,,,,,,,,,,,,,,,,,,,,,31.36271386973976,,"rgba(38, 166, 154, 1.0)",0.0,0.0,0.37667224742737776,31.671535072535242,1.0445816758523345,0.0,0.0,0.0,0.0,0.0,0.0,0.0,0.0,48.839130180304316,4.153656543992582,False,True,False,True,False,4.556716120006094,0,0.9971346704871062,0.9223973256924549,False,False,False,False,0.19762128606836224,0.23742788859416536,False,False,False,False,-6003.0,21436.066712526102,False,False,False,False,8693.62057469676,False,False,False,False
2025-06-10 16:00:00+00:00,32.065,32.115,32.06,32.07,3933.0,,,,,,,,,,,,,,,,,,,,,,,,31.36427440835409,,"rgba(38, 166, 154, 1.0)",0.0,0.0,0.36504843563610895,31.671297609434795,1.0921903825459576,0.0,0.0,0.0,0.0,0.0,0.0,0.0,0.0,45.876965460708234,1.7148261455432916,False,True,False,True,False,4.635017965910642,0,0.9970119521912353,0.9412350597609563,False,False,False,False,0.19964006302888448,0.21853397581152492,False,False,False,False,-2070.0,21071.63156969624,False,False,False,False,8619.812503771229,False,False,False,False
2025-06-10 17:00:00+00:00,32.075,32.1,32.015,32.015,6951.0,,,,,,,,,,,,,,,,,,,,,,,,31.366869436704782,,"rgba(38, 166, 154, 1.0)",0.0,0.0,0.3531107321920412,31.670711958653317,0.9750143792271944,0.0,0.0,0.0,0.0,0.0,0.0,0.0,0.0,42.90652795981248,-0.8571480671223526,False,True,False,True,False,3.653681200267222,0,0.9847804391217566,0.9423652694610779,False,False,False,False,0.18755087049961466,0.2030424231555698,False,False,False,False,-9021.0,20605.07914225909,False,False,False,False,8593.939441697257,False,False,False,False
2025-06-10 18:00:00+00:00,32.015,32.095,31.975,32.085,5046.0,,,,,,,,,,,,,,,,,,,,,,,,31.36876393166816,,"rgba(38, 166, 154, 1.0)",0.0,0.0,0.34301198991469056,31.670718283618726,1.20777619605749,0.0,0.0,0.0,0.0,0.0,0.0,0.0,0.0,42.95796198048981,-0.8571480671223526,False,True,False,True,False,4.777508293521649,0,0.9811463046757166,0.950980392156863,False,False,False,False,0.17851958992060946,0.19078100653808963,False,False,False,False,-3975.0,20223.99264392949,False,False,False,False,8538.932628647686,False,False,False,False
2025-06-10 19:00:00+00:00,32.085,32.125,32.015,32.035,12541.0,,,,,,,,,,,,,,,,,,,,,,,,31.373472821262283,,"rgba(38, 166, 154, 1.0)",0.0,0.0,0.33257729576395995,31.67164134796978,1.092553991683499,0.0,0.0,0.0,0.0,0.0,0.0,0.0,0.0,41.957357229807485,-1.938580164801877,False,True,False,True,False,3.8719912646613928,0,0.9726061824579041,0.9517466700175926,False,False,False,False,0.19258125515263075,0.1916811308453602,False,False,False,False,-16516.0,19654.380354876317,False,False,False,False,8600.980184792683,False,False,False,False
2025-06-11 14:00:00+00:00,32.185,32.305,32.135,32.215,4359.0,,,,,,,,,,,,,,,,,,,,,,,,31.375473376965058,,"rgba(38, 166, 154, 1.0)",0.0,0.0,0.32676337968982616,31.673509409307144,1.6571336457801944,0.0,0.0,0.0,0.0,0.0,0.0,0.0,0.0,45.81377080888262,-1.938580164801877,False,True,False,True,True,6.719022985194638,0,0.976083707025411,0.9364723467862481,False,False,False,False,0.2537820666946613,0.22273159877001075,False,False,False,False,-12157.0,19161.18065945188,False,False,False,False,8535.213050144735,False,False,False,False
2025-06-11 15:00:00+00:00,32.215,32.255,32.155,32.175,6315.0,,,,,,,,,,,,,,,,,,,,,,,,31.37827511747204,,"rgba(38, 166, 154, 1.0)",0.0,0.0,0.3208413769905631,31.675890633576763,1.5556265563525309,0.0,0.0,0.0,0.0,0.0,0.0,0.0,0.0,47.43050381908252,-1.938580164801877,False,True,False,True,True,5.983980930614241,0,0.9884480160723256,0.9352084379708687,False,False,False,False,0.247584827554221,0.23515821316211588,False,False,False,False,-18472.0,18577.72049418906,False,False,False,False,8500.791142390552,False,False,False,False
2025-06-11 16:00:00+00:00,32.175,32.235,32.09,32.225,5755.0,,,,,,,,,,,,,,,,,,,,,,,,31.380775538443928,,"rgba(38, 166, 154, 1.0)",0.0,0.0,0.3134340886501335,31.67791600629628,1.7454514793200993,0.0,0.0,0.0,0.0,0.0,0.0,0.0,0.0,49.6586194745687,-6.388069400305753,False,True,False,False,True,6.766813012586574,0,0.9840707964601771,0.9428571428571427,False,False,False,False,0.2301250666950662,0.23264163992859105,False,False,False,False,-12717.0,18092.53102916287,False,False,False,False,8458.22073708217,False,False,False,False
2025-06-11 17:00:00+00:00,32.225,32.325,32.21,32.305,3605.0,,,,,,,,,,,,,,,,,,,,,,,,31.382521641098446,,"rgba(38, 166, 154, 1.0)",0.0,0.0,0.30649607965985304,31.679801985500017,2.039823854170737,0.0,0.0,0.0,0.0,0.0,0.0,0.0,0.0,52.854391567986475,-3.23490223267558,False,True,True,False,True,8.00743429872751,0,0.9857723577235772,0.9438516260162599,False,False,False,False,0.2735356954772306,0.25308866770291083,False,False,False,False,-9112.0,17670.755354292127,False,False,False,False,8382.977004724307,False,False,False,False
2025-06-11 18:00:00+00:00,32.305,32.315,32.115,32.165,2998.0,,,,,,,,,,,,,,,,,,,,,,,,31.383836918010854,,"rgba(38, 166, 154, 1.0)",0.0,0.0,0.2966971034088192,31.68091674424763,1.6315739189585268,0.0,0.0,0.0,0.0,0.0,0.0,0.0,0.0,51.42162506270892,-3.23490223267558,False,True,False,False,True,5.397101172249254,0,0.9769853313100658,0.943601416287304,False,False,False,False,0.25171422108669333,0.25240144439480205,False,False,False,False,-12110.0,17209.03821701628,False,False,False,False,8299.488989147185,False,False,False,False
2025-06-11 19:00:00+00:00,32.16,32.175,31.965,32.005,20381.0,,,,,,,,,,,,,,,,,,,,,,,,31.391041017258207,,"rgba(38, 166, 154, 1.0)",0.0,0.0,0.2848493833084141,31.683503622969774,1.1286539338655905,0.0,0.0,0.0,0.0,0.0,0.0,0.0,0.0,47.41872917892586,-3.23490223267558,False,True,False,True,False,2.553010253754813,0,0.9733131923464249,0.9476334340382678,False,False,False,False,0.19258125515263075,0.2224913497737164,False,False,False,False,-32491.0,16438.494988845487,False,False,False,False,8486.799237377461,False,False,False,False
2025-06-12 14:00:00+00:00,31.87,32.085,31.845,32.045,2509.0,,,,,,,,,,,,,,,,,,,,,,,,31.391841564294275,,"rgba(38, 166, 154, 1.0)",0.0,0.0,0.27222898747494634,31.683642463939936,1.3274028582034156,0.0,0.0,0.0,0.0,0.0,0.0,0.0,0.0,45.76589353460463,1.8874340237654934,False,True,False,True,False,3.200951619236978,0,0.9711707194785659,0.9503634996239657,False,False,False,False,0.15059885331723505,0.1865451015454757,False,False,False,False,-29982.0,15718.797392119199,False,False,False,False,8394.120179433625,False,False,False,False
2025-06-12 15:00:00+00:00,32.045,32.08,31.955,32.005,2847.0,,,,,,,,,,,,,,,,,,,,,,,,31.392780095745678,,"rgba(38, 166, 154, 1.0)",0.0,0.0,0.258363404236478,31.68391013349306,1.2427838511256433,0.0,0.0,0.0,0.0,0.0,0.0,0.0,0.0,43.90604870103688,-0.03616886086731341,False,True,False,True,False,2.4937294782225194,1,0.9741206030150751,0.9537688442211054,False,False,False,False,0.17151520181746735,0.17903015168147152,False,False,False,False,-32829.0,14966.118362784018,False,False,False,False,8308.118316186592,False,False,False,False
2025-06-12 16:00:00+00:00,32.005,32.085,31.975,32.025,3774.0,,,,,,,,,,,,,,,,,,,,,,,,31.39404982550274,,"rgba(38, 166, 154, 1.0)",0.0,0.0,0.24329702308383222,31.684369821411725,1.4000589660766374,0.0,0.0,0.0,0.0,0.0,0.0,0.0,0.0,43.24918672513801,-0.9104610893817622,False,True,False,True,False,2.826744660603783,1,0.9858514401212733,0.9449216776149568,False,False,False,False,0.1765165960334086,0.17777337385744008,False,False,False,False,-29055.0,14283.620403671086,False,False,False,False,8237.8219081837,False,False,False,False
2025-06-12 17:00:00+00:00,32.025,32.13,31.92,32.125,2760.0,,,,,,,,,,,,,,,,,,,,,,,,31.39501896424192,,"rgba(38, 166, 154, 1.0)",0.0,0.0,0.24270992585413878,31.68484153604219,1.8135165358763812,0.0,0.0,0.0,0.0,0.0,0.0,0.0,0.0,45.545238002460685,-0.9104610893817622,False,True,False,True,False,4.479273967160665,1,0.984798581200912,0.9435013934633896,False,False,False,False,0.1745150030020136,0.17614418842972684,False,False,False,False,-26295.0,13654.49450593975,False,False,False,False,8152.894436738991,False,False,False,False
2025-06-12 18:00:00+00:00,32.125,32.13,32.025,32.105,4039.0,,,,,,,,,,,,,,,,,,,,,,,,31.396492484002287,,"rgba(38, 166, 154, 1.0)",0.0,0.0,0.24231146660209948,31.68571163296371,1.7303694823687497,0.0,0.0,0.0,0.0,0.0,0.0,0.0,0.0,46.56114088696062,-0.9104610893817622,False,True,False,True,True,4.109610915599433,1,0.9873096446700506,0.9398477157360402,False,False,False,False,0.19560409800696954,0.1858741432183482,False,False,False,False,-30334.0,12972.502343056964,False,False,False,False,8089.113127642262,False,False,False,False
2025-06-12 19:00:00+00:00,32.105,32.16,32.085,32.15,19544.0,,,,,,,,,,,,,,,,,,,,,,,,31.403993959799628,,"rgba(38, 166, 154, 1.0)",0.0,0.0,0.24257951236622077,31.691200696342378,1.8913357487707962,0.0,0.0,0.0,0.0,0.0,0.0,0.0,0.0,48.47785172523338,-0.9104610893817622,False,True,False,False,True,4.858612861250133,1,0.9951592356687897,0.9337579617834394,False,False,False,False,0.21381754298175804,0.1998458431000531,False,False,False,False,-10790.0,12604.091454017322,False,False,False,False,8266.708272950133,False,False,False,False
2025-06-13 14:00:00+00:00,31.52,31.59,31.425,31.575,7047.0,,,,,,,,,,,,,,,,,,,,,,,,31.404455855314115,,"rgba(239, 83, 80, 1.0)",0.0,0.0,0.24690037017551494,31.68741257160885,-0.4552952736722868,0.0,0.0,0.0,0.0,0.0,0.0,0.0,0.0,40.867171370125845,-3.3788175262175173,False,True,False,True,False,0.0,0,0.9834199455580303,0.9364018807225931,False,False,False,False,-0.028154513363129532,0.08584566486846179,False,False,False,False,-17837.0,12132.136547753487,False,False,False,False,8247.79806716796,False,False,False,False
2025-06-13 15:00:00+00:00,31.575,31.585,31.515,31.565,17760.0,,,,,,,,,,,,,,,,,,,,,,,,31.405833893414194,,"rgba(239, 83, 80, 1.0)",0.0,0.0,0.25086682156509965,31.67940394289433,-0.45603456918132007,0.0,0.0,0.0,0.0,0.0,0.0,0.0,0.0,35.70896865554134,-7.968662495325333,False,True,False,True,False,0.0,0,0.9830929885629042,0.9420686225758327,False,False,False,False,-0.011647604252208205,0.03709903030812679,False,False,False,False,-35597.0,11392.14993461002,False,False,False,False,8395.274066126596,False,False,False,False
2025-06-13 16:00:00+00:00,31.565,31.655,31.505,31.53,6596.0,,,,,,,,,,,,,,,,,,,,,,,,31.40636752325534,,"rgba(239, 83, 80, 1.0)",0.0,0.0,0.2550195717626302,31.676785164184945,-0.5755839176201366,0.0,0.0,0.0,0.0,0.0,0.0,0.0,0.0,31.953379203255196,-11.237838799243114,False,True,False,True,False,0.0,0,0.9872244488977956,0.9401302605210418,False,False,False,False,-1.9411764905948016e-08,0.018549505448180945,False,False,False,False,-42193.0,10561.372416243972,False,False,False,False,8367.378344171146,False,False,False,False
2025-06-13 17:00:00+00:00,31.53,31.535,31.355,31.415,4764.0,,,,,,,,,,,,,,,,,,,,,,,,31.406437418825448,,"rgba(239, 83, 80, 1.0)",0.0,0.0,0.25641416736451694,31.674213039709315,-1.010915435654614,0.0,0.0,0.0,0.0,0.0,0.0,0.0,0.0,28.45948194362039,-14.34339319785876,False,True,False,True,False,0.0,0,0.9701978462309041,0.9494114700726269,False,False,False,False,-0.052459851919626155,-0.016955173235722605,False,False,False,False,-46957.0,9669.61470436422,False,False,False,False,8311.512013253763,False,False,False,False
2025-06-13 18:00:00+00:00,31.415,31.445,31.2,31.295,8698.0,,,,,,,,,,,,,,,,,,,,,,,,31.406024299231962,,"rgba(239, 83, 80, 1.0)",0.0,0.0,0.2610868310224522,31.66843429827506,-1.4303069090564127,0.0,0.0,0.0,0.0,0.0,0.0,0.0,0.0,25.2365991971296,-17.283333232989037,False,True,False,True,False,0.0,0,0.9562189054726368,0.9574626865671639,False,False,False,False,-0.10030565263382892,-0.058630412934775764,False,False,False,False,-55655.0,8656.82998026555,False,False,False,False,8317.504075063782,False,False,False,False
2025-06-13 19:00:00+00:00,31.29,31.335,31.13,31.165,23073.0,,,,,,,,,,,,,,,,,,,,,,,,31.403743853971964,,"rgba(239, 83, 80, 1.0)",0.0,0.0,0.2733760403902882,31.65171975000697,-1.780403832435713,0.0,0.0,0.0,0.0,0.0,0.0,0.0,0.0,22.26077210495198,-20.079696983473422,False,True,False,True,False,0.0,0,0.9514611193660227,0.9648340762753836,False,False,False,False,-0.13573935103669685,-0.0971848819857363,False,False,False,False,-78728.0,7302.026414680037,False,False,False,False,8546.271453744963,False,False,False,False
2025-06-16 14:00:00+00:00,31.53,31.615,31.51,31.575,11507.0,,,,,,,,,,,,,,,,,,,,,,,,31.404683657888317,,"rgba(239, 83, 80, 1.0)",0.0,0.0,0.2745049270140118,31.6487464251216,-0.26865246436118606,0.0,0.0,0.0,0.0,0.0,0.0,0.0,0.0,29.178187177315344,-20.079696983473422,False,True,False,True,True,0.0,0,0.9543345543345544,0.9538461538461536,False,False,False,False,-0.006794241201843977,-0.05198956159379014,False,False,False,False,-67221.0,6146.630656312905,False,False,False,False,8592.174221903957,False,False,False,False
2025-06-16 15:00:00+00:00,31.57,31.625,31.52,31.575,11138.0,,,,,,,,,,,,,,,,,,,,,,,,31.405620071798936,,"rgba(239, 83, 80, 1.0)",0.0,0.0,0.2750492502991111,31.646139568997377,-0.2586430209135808,0.0,0.0,0.0,0.0,0.0,0.0,0.0,0.0,33.789797225557585,-24.824860349509493,False,True,False,True,True,0.0,0,0.9523460410557183,0.953567937438905,False,False,False,False,-0.0029117921755818328,-0.027450676884685984,False,False,False,False,-67221.0,5009.148010478596,False,False,False,False,8631.64438900622,False,False,False,False
2025-06-16 16:00:00+00:00,31.575,31.585,31.455,31.465,9101.0,,,,,,,,,,,,,,,,,,,,,,,,31.406053862564775,,"rgba(239, 83, 80, 1.0)",0.0,0.0,0.2761975073440671,31.643423993470584,-0.6460014617304877,0.0,0.0,0.0,0.0,0.0,0.0,0.0,0.0,35.46263664857986,-23.26586087236945,False,True,False,True,True,0.0,0,0.9485981308411213,0.967535661583866,False,False,False,False,-0.02329835032361693,-0.02537451360415146,False,False,False,False,-76322.0,3748.199979308385,False,False,False,False,8638.921220184417,False,False,False,False
2025-06-16 17:00:00+00:00,31.465,31.47,31.33,31.34,6137.0,,,,,,,,,,,,,,,,,,,,,,,,31.40597475522088,,"rgba(239, 83, 80, 1.0)",0.0,0.0,0.28394291077008643,31.640863245306974,-1.0595906215478246,0.0,0.0,0.0,0.0,0.0,0.0,0.0,0.0,35.14082639197433,-23.26586087236945,False,True,False,True,True,0.0,0,0.9420716740304367,0.9710358370152182,False,False,False,False,-0.06999646064029053,-0.047685487122220996,False,False,False,False,-82459.0,2411.6542431950766,False,False,False,False,8600.131743902488,False,False,False,False
2025-06-16 18:00:00+00:00,31.335,31.4,31.32,31.365,10516.0,,,,,,,,,,,,,,,,,,,,,,,,31.405745421216572,,"rgba(239, 83, 80, 1.0)",0.0,0.0,0.29023207551487173,31.636435657940318,-0.935236594572783,0.0,0.0,0.0,0.0,0.0,0.0,0.0,0.0,35.45871775642552,-22.561866904430474,False,True,False,True,True,0.0,0,0.939744220363994,0.9771273979340873,False,False,False,False,-0.08562039084607248,-0.06665293898414673,False,False,False,False,-71943.0,1258.8689060912768,False,False,False,False,8629.835127717952,False,False,False,False
2025-06-16 19:00:00+00:00,31.365,31.365,31.18,31.22,22466.0,,,,,,,,,,,,,,,,,,,,,,,,31.404096769759914,,"rgba(239, 83, 80, 1.0)",0.0,0.0,0.30137945612896183,31.6251964522783,-1.3444727038889956,0.0,0.0,0.0,0.0,0.0,0.0,0.0,0.0,34.01906496079586,-22.561866904430474,False,True,False,True,True,0.0,0,0.9316176470588233,0.9801470588235291,False,False,False,False,-0.11995441689429207,-0.0933036779392194,False,False,False,False,-94409.0,-224.35386764657255,False,False,False,False,8844.349311784339,False,False,False,False
2025-06-17 14:00:00+00:00,31.33,31.335,31.09,31.125,5962.0,,,,,,,,,,,,,,,,,,,,,,,,31.403457889555824,,"rgba(239, 83, 80, 1.0)",0.0,0.0,0.3148751075162107,31.621948180385015,-1.5782390177014256,0.0,0.0,0.0,0.0,0.0,0.0,0.0,0.0,32.105568837214214,-22.561866904430474,False,True,False,True,True,0.0,0,0.930917051812211,0.9773777669666746,False,False,False,False,-0.14365661605669752,-0.11848014699795846,False,False,False,False,-100371.0,-1777.0150479931372,False,False,False,False,8799.661725555125,False,False,False,False
2025-06-17 15:00:00+00:00,31.125,31.125,30.99,31.04,6321.0,,,,,,,,,,,,,,,,,,,,,,,,31.402381819281622,,"rgba(239, 83, 80, 1.0)",0.0,0.0,0.33038777380692014,31.617756834410386,-1.7487234099286926,0.0,0.0,0.0,0.0,0.0,0.0,0.0,0.0,30.031912975281088,-22.561866904430474,False,True,False,True,False,0.0,0,0.9264563106796115,0.9873786407766988,False,False,False,False,-0.20570615172998108,-0.16209314936396976,False,False,False,False,-106692.0,-3403.6039619777393,False,False,False,False,8761.23286159303,False,False,False,False
2025-06-17 16:00:00+00:00,31.045,31.07,30.935,30.955,3572.0,,,,,,,,,,,,,,,,,,,,,,,,31.40166447589515,,"rgba(239, 83, 80, 1.0)",0.0,0.0,0.34824342992581736,31.615200597536546,-1.8958020189417026,0.0,0.0,0.0,0.0,0.0,0.0,0.0,0.0,27.89919120877312,-22.561866904430474,False,True,False,True,False,0.0,0,0.9268056228793019,0.9878817256422682,False,False,False,False,-0.22808024694907023,-0.19508669815652,False,False,False,False,-110264.0,-5060.354288148627,False,False,False,False,8680.779638932672,False,False,False,False
2025-06-17 17:00:00+00:00,30.955,30.975,30.77,30.82,6493.0,,,,,,,,,,,,,,,,,,,,,,,,31.399955145739224,,"rgba(239, 83, 80, 1.0)",0.0,0.0,0.3704371413285744,31.609800033720013,-2.1320757170498394,0.0,0.0,0.0,0.0,0.0,0.0,0.0,0.0,25.417970324950026,-18.259361991725857,False,True,False,True,False,0.0,0,0.917189763399324,0.9954128440366969,False,False,False,False,-0.28191494054702776,-0.23850081935177386,False,False,False,False,-116757.0,-6792.085229417641,False,False,False,False,8646.860574763172,False,False,False,False
2025-06-17 18:00:00+00:00,30.815,30.895,30.79,30.895,7039.0,,,,,,,,,,,,,,,,,,,,,,,,31.398131003592052,,"rgba(239, 83, 80, 1.0)",0.0,0.0,0.38821424149212674,31.604109095981272,-1.8265921756393209,0.0,0.0,0.0,0.0,0.0,0.0,0.0,0.0,25.81957729330791,-18.259361991725857,False,True,False,True,False,0.0,0,0.9158427779117432,0.9995177236556546,False,False,False,False,-0.29455685980595764,-0.26652883957886575,False,False,False,False,-109718.0,-8387.835846015818,False,False,False,False,8621.932503836611,False,False,False,False
2025-06-17 19:00:00+00:00,30.895,30.93,30.815,30.87,17460.0,,,,,,,,,,,,,,,,,,,,,,,,31.393755993264914,,"rgba(239, 83, 80, 1.0)",0.0,0.0,0.4046481287589473,31.590725352753292,-1.781116237862635,0.0,0.0,0.0,0.0,0.0,0.0,0.0,0.0,25.836589378925893,-18.62701588431141,False,True,False,True,False,0.0,0,0.9148219441770934,0.999759384023099,False,False,False,False,-0.28191494054702776,-0.2742218900629467,False,False,False,False,-127178.0,-10229.543817395417,False,False,False,False,8758.956806102711,False,False,False,False
2025-06-18 14:00:00+00:00,30.855,30.93,30.81,30.85,7397.0,,,,,,,,,,,,,,,,,,,,,,,,31.391895117992668,,"rgba(239, 83, 80, 1.0)",0.0,0.0,0.42145928383170866,31.585212171816472,-1.7444441254971759,0.0,0.0,0.0,0.0,0.0,0.0,0.0,0.0,25.634090379633054,-19.31990847982868,False,True,False,True,False,0.0,0,0.9162868793475653,0.997601343247781,False,False,False,False,-0.2829650357406234,-0.2785934629017851,False,False,False,False,-134575.0,-12157.38034735828,False,False,False,False,8737.84119670577,False,False,False,False
2025-06-18 15:00:00+00:00,30.845,30.885,30.71,30.71,7141.0,,,,,,,,,,,,,,,,,,,,,,,,31.389790323553967,,"rgba(239, 83, 80, 1.0)",0.0,0.0,0.44198642513091735,31.579379743009884,-1.966982906211138,0.0,0.0,0.0,0.0,0.0,0.0,0.0,0.0,24.125156556900983,-21.19364086749271,False,True,False,True,False,0.0,0,0.9137807499402913,0.9992834965368997,False,False,False,False,-0.31369421180385343,-0.29614383735281924,False,False,False,False,-141716.0,-14166.041117166678,False,False,False,False,8713.083968849865,False,False,False,False
2025-06-18 16:00:00+00:00,30.715,30.765,30.695,30.725,5729.0,,,,,,,,,,,,,,,,,,,,,,,,31.388003930126064,,"rgba(239, 83, 80, 1.0)",0.0,0.0,0.4606647370919627,31.574578140312205,-1.8442439195049611,0.0,0.0,0.0,0.0,0.0,0.0,0.0,0.0,23.627065096823877,-22.06264236614281,False,True,False,True,False,0.0,0,0.9132211538461539,1.0100961538461535,False,False,False,False,-0.3428282544153924,-0.3194860458841058,False,False,False,False,-135987.0,-16054.738154109831,False,False,False,False,8666.81910111576,False,False,False,False
2025-06-18 17:00:00+00:00,30.725,30.74,30.58,30.6,5902.0,,,,,,,,,,,,,,,,,,,,,,,,31.385928571630043,,"rgba(239, 83, 80, 1.0)",0.0,0.0,0.48214633680045355,31.56924068991217,-2.010262478284285,0.0,0.0,0.0,0.0,0.0,0.0,0.0,0.0,22.138586684674635,-23.81206706324518,False,True,False,True,False,0.0,0,0.9123228441028104,1.0038433821763149,False,False,False,False,-0.34282825441539394,-0.3311571501497499,False,False,False,False,-141889.0,-18005.656942418205,False,False,False,False,8623.95368869536,False,False,False,False
2025-06-18 18:00:00+00:00,30.62,30.71,30.43,30.455,8694.0,,,,,,,,,,,,,,,,,,,,,,,,31.382451374173534,,"rgba(239, 83, 80, 1.0)",0.0,0.0,0.5071571268860932,31.56069331555962,-2.180178995705922,0.0,0.0,0.0,0.0,0.0,0.0,0.0,0.0,20.08149799000422,-25.99242636090176,False,True,False,True,False,0.0,0,0.9068382177746008,1.0026209197045506,False,False,False,False,-0.34282825441539394,-0.33699270228257194,False,False,False,False,-150583.0,-20061.11962548149,False,False,False,False,8625.03967801791,False,False,False,False
2025-06-18 19:00:00+00:00,30.455,30.63,30.415,30.6,26843.0,,,,,,,,,,,,,,,,,,,,,,,,31.372098683232032,,"rgba(239, 83, 80, 1.0)",-1.0,30.19,0.5257551668747537,31.51785936467483,-1.7457923811397997,0.0,0.0,0.0,0.0,0.0,0.0,0.0,0.0,23.133699445854223,-25.99242636090176,False,True,False,True,True,0.0,0,0.9044797345342498,1.0082958046930552,True,False,False,False,-0.34282825441539394,-0.3399104783489829,False,False,False,False,-123740.0,-21668.544127412006,False,False,False,False,8907.488675257942,False,False,False,False
2025-06-19 14:00:00+00:00,30.6,30.6,30.6,30.6,0.0,,,,,,,,,,,,,,,,,,,,,,,,31.372098683232032,,"rgba(239, 83, 80, 1.0)",0.0,0.0,0.5432896793384533,31.51785936467483,-1.6894474524023306,0.0,0.0,0.0,0.0,0.0,0.0,0.0,0.0,25.16850041642089,-28.914866597702186,False,True,False,True,True,0.0,0,0.9177230327672806,1.008610380291796,False,False,False,False,-0.31302307524182443,-0.3264667767954037,False,False,False,False,-123740.0,-23251.047319235073,False,False,False,False,8769.38807564154,False,False,False,False
2025-06-19 15:00:00+00:00,30.6,30.6,30.6,30.6,0.0,,,,,,,,,,,,,,,,,,,,,,,,31.372098683232032,,"rgba(239, 83, 80, 1.0)",0.0,0.0,0.5596124946283336,31.51785936467483,-1.6401695342496325,0.0,0.0,0.0,0.0,0.0,0.0,0.0,0.0,26.52503439679867,-27.586976090841397,False,True,False,True,True,0.0,0,0.9179140511830034,1.007967165620473,False,False,False,False,-0.31302307524182443,-0.31974492601861404,False,False,False,False,-123740.0,-24809.01557785158,False,False,False,False,8633.428570592834,False,False,False,False
2025-06-19 16:00:00+00:00,30.6,30.6,30.6,30.6,0.0,,,,,,,,,,,,,,,,,,,,,,,,31.372098683232032,,"rgba(239, 83, 80, 1.0)",0.0,0.0,0.5746378961674153,31.51785936467483,-1.597283038234254,0.0,0.0,0.0,0.0,0.0,0.0,0.0,0.0,27.42939038371719,-26.62690710616,False,True,False,True,True,0.0,0,0.9378913097921363,1.000500876533934,False,False,False,False,-0.31302307524182443,-0.3163840006302192,False,False,False,False,-123740.0,-26342.829289822872,False,False,False,False,8499.576964847209,False,False,False,False
2025-06-19 17:00:00+00:00,30.6,30.6,30.6,30.6,0.0,,,,,,,,,,,,,,,,,,,,,,,,31.372098683232032,,"rgba(239, 83, 80, 1.0)",0.0,0.0,0.5894245705129071,31.51785936467483,-1.5572125944395627,0.0,0.0,0.0,0.0,0.0,0.0,0.0,0.0,28.032294374996205,-25.886385295845557,False,True,False,True,True,0.0,0,0.9376734796871058,0.9866262932122127,False,False,False,False,-0.31302307524182443,-0.3147035379360218,False,False,False,False,-123740.0,-27852.86294424422,False,False,False,False,8367.800577795313,False,False,False,False
2025-06-19 18:00:00+00:00,30.6,30.6,30.6,30.6,0.0,,,,,,,,,,,,,,,,,,,,,,,,31.372098683232032,,"rgba(239, 83, 80, 1.0)",0.0,0.0,0.603036236641466,31.51785936467483,-1.5220633668496117,0.0,0.0,0.0,0.0,0.0,0.0,0.0,0.0,28.434230369182213,-25.279820310061808,False,True,False,True,True,0.0,0,0.9327240416349327,0.9895912668189893,False,False,False,False,-0.31302307524182443,-0.31386330658892314,False,False,False,False,-123740.0,-29339.485224178417,False,False,False,False,8238.067235503913,False,False,False,False
2025-06-19 19:00:00+00:00,30.6,30.6,30.6,30.6,0.0,,,,,,,,,,,,,,,,,,,,,,,,31.372098683232032,,"rgba(239, 83, 80, 1.0)",0.0,0.0,0.61574901286713,31.51785936467483,-1.490638791934028,0.0,0.0,0.0,0.0,0.0,0.0,0.0,0.0,28.702187698639552,-24.759134131757886,False,True,False,True,True,0.0,0,0.9437678154962424,0.9914485618035758,False,False,False,False,-0.31302307524182443,-0.31344319091537376,False,False,False,False,-123740.0,-30803.059096671772,False,False,False,False,8110.345262860442,False,False,False,False
2025-06-20 14:00:00+00:00,30.77,30.875,30.72,30.81,9107.0,,,,,,,,,,,,,,,,,,,,,,,,31.3697067502758,,"rgba(239, 83, 80, 1.0)",0.0,0.0,0.6231476839690839,31.515031810127176,-1.1314040447627762,0.0,0.0,0.0,0.0,0.0,0.0,0.0,0.0,36.96684559030034,-17.02074269278547,True,False,False,True,True,0.0,0,0.9409195992807604,0.9717441561777546,False,False,False,False,-0.2393156879417357,-0.2763794394285547,False,False,False,False,-114633.0,-32102.74810292492,False,False,False,False,8125.797274288962,False,False,False,False
2025-06-20 15:00:00+00:00,30.81,30.875,30.78,30.825,9992.0,,,,,,,,,,,,,,,,,,,,,,,,31.3672198371347,,"rgba(239, 83, 80, 1.0)",0.0,0.0,0.6298149663924225,31.51109894534822,-1.0893658962698083,0.0,0.0,0.0,0.0,0.0,0.0,0.0,0.0,42.8921899554789,-11.865239762521888,True,False,False,True,True,0.0,0,0.9536029030585795,0.9699326075686882,False,False,False,False,-0.22835751878411406,-0.25236847910633436,False,False,False,False,-104641.0,-33227.37216334469,False,False,False,False,8154.730649881381,False,False,False,False
2025-06-20 16:00:00+00:00,30.825,30.865,30.755,30.765,5326.0,,,,,,,,,,,,,,,,,,,,,,,,31.36582641876641,,"rgba(239, 83, 80, 1.0)",0.0,0.0,0.6371608477817365,31.508390671520903,-1.1667237152267018,0.0,0.0,0.0,0.0,0.0,0.0,0.0,0.0,44.87801052178125,-10.380402582475327,True,False,False,True,True,0.0,0,0.9597193347193348,0.9571205821205818,False,False,False,False,-0.23474307083152873,-0.24355577496893155,False,False,False,False,-109967.0,-34417.133835230816,False,False,False,False,8110.874360735934,False,False,False,False
2025-06-20 17:00:00+00:00,30.765,30.785,30.615,30.655,3136.0,,,,,,,,,,,,,,,,,,,,,,,,31.364851636407572,,"rgba(239, 83, 80, 1.0)",0.0,0.0,0.6454773218115157,31.50615292085505,-1.3186410925581564,0.0,0.0,0.0,0.0,0.0,0.0,0.0,0.0,43.24335786704563,-10.380402582475327,True,False,False,True,True,0.0,0,0.9464378575143005,0.9682787311492456,False,False,False,False,-0.2753376875050842,-0.2594467312370079,False,False,False,False,-113103.0,-35637.06974476212,False,False,False,False,8033.744525685764,False,False,False,False
2025-06-20 18:00:00+00:00,30.655,30.735,30.635,30.685,3951.0,,,,,,,,,,,,,,,,,,,,,,,,31.363627489092355,,"rgba(239, 83, 80, 1.0)",0.0,0.0,0.6538995983212389,31.50335241626005,-1.2514955176008875,0.0,0.0,0.0,0.0,0.0,0.0,0.0,0.0,43.21010386038675,-10.380402582475327,True,False,False,True,True,0.0,0,0.942247658688866,0.972424557752341,False,False,False,False,-0.2809397063553074,-0.27019321879615765,False,False,False,False,-109152.0,-36776.836105308445,False,False,False,False,7970.44616094645,False,False,False,False
2025-06-20 19:00:00+00:00,30.685,30.75,30.63,30.665,81556.0,,,,,,,,,,,,,,,,,,,,,,,,31.33918875144838,,"rgba(239, 83, 80, 1.0)",0.0,0.0,0.6612922920278802,31.450032264223143,-1.1871184250701154,0.0,0.0,0.0,0.0,0.0,0.0,0.0,0.0,42.640103229203504,-10.380402582475327,True,False,False,True,False,0.0,0,0.944980443285528,0.9713168187744454,False,False,False,False,-0.2790704729006264,-0.27463184584839206,False,False,False,False,-190708.0,-39163.36577809436,False,False,False,False,9111.307460776738,False,False,False,False
2025-06-23 14:00:00+00:00,30.87,30.935,30.8,30.815,4825.0,,,,,,,,,,,,,,,,,,,,,,,,31.33815380608408,,"rgba(239, 83, 80, 1.0)",0.0,0.0,0.6657672671842951,31.44802969537779,-0.9508273034434972,0.0,0.0,0.0,0.0,0.0,0.0,0.0,0.0,47.00318124550908,-8.399060047618633,True,False,False,True,True,0.0,0,0.941389104053705,0.9617867286341334,False,False,False,False,-0.21382956288631647,-0.24423070436735428,False,False,False,False,-185883.0,-41438.088789286696,False,False,False,False,9044.853081539888,False,False,False,False
2025-06-23 15:00:00+00:00,30.815,30.925,30.805,30.845,5680.0,,,,,,,,,,,,,,,,,,,,,,,,31.3369617670566,,"rgba(239, 83, 80, 1.0)",0.0,0.0,0.669652780810202,31.445726973605197,-0.8970723198944808,0.0,0.0,0.0,0.0,0.0,0.0,0.0,0.0,50.67760811795046,-4.941757013382123,True,False,False,False,True,0.0,0,0.9405531144998707,0.9663995864564482,False,False,False,False,-0.2147348994918657,-0.22948280192961,False,False,False,False,-180203.0,-43589.48276154582,False,False,False,False,8992.684816709812,False,False,False,False
2025-06-23 16:00:00+00:00,30.845,30.875,30.615,30.67,5388.0,,,,,,,,,,,,,,,,,,,,,,,,31.335511236316226,,"rgba(239, 83, 80, 1.0)",0.0,0.0,0.6758726957799739,31.442763203562738,-1.1433561503338256,0.0,0.0,0.0,0.0,0.0,0.0,0.0,0.0,48.21395643107031,-4.941757013382123,True,False,False,False,False,0.0,0,0.937016004130098,0.9677336086732056,False,False,False,False,-0.2586307919400701,-0.24405679693484006,False,False,False,False,-185591.0,-45791.05667221952,False,False,False,False,8936.798230404233,False,False,False,False
2025-06-23 17:00:00+00:00,30.675,31.05,30.66,31.035,5405.0,,,,,,,,,,,,,,,,,,,,,,,,31.33452179208289,,"rgba(38, 166, 154, 1.0)",0.0,0.0,0.675175319240639,31.440911436394252,-0.6011941266614653,0.0,0.0,0.0,0.0,0.0,0.0,0.0,0.0,53.63135145765495,-2.5618582829001255,True,False,True,False,True,0.0,0,0.9311400153022188,0.964039785768936,False,False,False,False,-0.21835973107786832,-0.2312082640063542,False,False,False,False,-180186.0,-47874.69920443317,False,False,False,False,8882.041668692538,False,False,False,False
2025-06-23 18:00:00+00:00,31.035,31.115,31.025,31.115,3001.0,,,,,,,,,,,,,,,,,,,,,,,,31.33419623624124,,"rgba(38, 166, 154, 1.0)",0.0,0.0,0.6729203666258035,31.44040769202504,-0.4835753354542086,0.0,0.0,0.0,0.0,0.0,0.0,0.0,0.0,58.24167164215232,1.5706496075942482,True,False,True,False,True,0.0,0,0.9471399387129722,0.9611848825331969,False,False,False,False,-0.14150046410359535,-0.18635436405497477,False,False,False,False,-177185.0,-49879.51006948072,False,False,False,False,8790.862728092654,False,False,False,False
2025-06-23 19:00:00+00:00,31.115,31.305,31.105,31.305,40686.0,,,,,,,,,,,,,,,,,,,,,,,,31.33253001896503,,"rgba(38, 166, 154, 1.0)",0.0,0.0,0.6704489688408842,31.438882035511966,-0.1996901207014018,0.0,0.0,0.0,0.0,0.0,0.0,0.0,0.0,63.309411198330054,6.092656221374611,True,False,True,False,True,0.0,0,0.9485087942900841,0.9569207239357631,False,False,False,False,-0.09413025543893026,-0.1402423097469525,False,False,False,False,-136499.0,-51222.44789786086,False,False,False,False,9285.360980370286,False,False,False,False
2025-06-24 14:00:00+00:00,31.52,31.65,31.495,31.545,11603.0,,,,,,,,,,,,,,,,,,,,,,,,31.33366843493094,,"rgba(38, 166, 154, 1.0)",0.0,0.0,0.6659970375715185,31.44164032803932,0.1551953929668683,0.0,0.0,0.0,0.0,0.0,0.0,0.0,0.0,68.52159467180726,10.723022463448004,True,False,True,False,True,3.3653499391782624,0,0.9544424867858041,0.9509187012333247,False,False,False,False,0.033315053156920627,-0.05346362829501594,False,False,False,False,-124896.0,-52364.67351184752,False,False,False,False,9321.293368271521,False,False,False,False
2025-06-24 15:00:00+00:00,31.545,31.565,31.345,31.375,13370.0,,,,,,,,,,,,,,,,,,,,,,,,31.334203427409772,,"rgba(38, 166, 154, 1.0)",0.0,0.0,0.6609298800222986,31.442920476459204,-0.10276502623381487,0.0,0.0,0.0,0.0,0.0,0.0,0.0,0.0,68.26780752774096,10.723022463448004,True,False,True,False,True,0.6491435298322585,0,0.9480682388359256,0.957350727546412,False,False,False,False,-0.007352705114307092,-0.030408166704661517,False,False,False,False,-138266.0,-53696.477023291736,False,False,False,False,9384.064013724676,False,False,False,False
2025-06-24 16:00:00+00:00,31.375,31.585,31.375,31.565,5721.0,,,,,,,,,,,,,,,,,,,,,,,,31.334623499327275,,"rgba(38, 166, 154, 1.0)",0.0,0.0,0.6576301844193609,31.443819162176375,0.18426897167230863,0.0,0.0,0.0,0.0,0.0,0.0,0.0,0.0,69.72364367484802,11.954152573439295,True,False,True,False,True,3.476409114125282,0,0.9483614697120157,0.9508440913604764,False,False,False,False,0.001297493189571618,-0.014555336757544949,False,False,False,False,-132545.0,-54918.93474386085,False,False,False,False,9327.27232358941,False,False,False,False
2025-06-24 17:00:00+00:00,31.555,31.665,31.545,31.66,28525.0,,,,,,,,,,,,,,,,,,,,,,,,31.33805491169436,,"rgba(38, 166, 154, 1.0)",0.0,0.0,0.651364990885551,31.45056978557259,0.32152513162041974,0.0,0.0,0.0,0.0,0.0,0.0,0.0,0.0,71.40923899439011,13.85549118020112,True,False,True,False,True,4.837630633719012,0,0.9570582428430404,0.9471865745310956,False,False,False,False,0.044577321487598555,0.015010992365026803,False,False,False,False,-104020.0,-55680.19156953743,False,False,False,False,9624.911512370969,False,False,False,False
2025-06-24 18:00:00+00:00,31.655,31.685,31.6,31.665,5903.0,,,,,,,,,,,,,,,,,,,,,,,,31.338820278729123,,"rgba(38, 166, 154, 1.0)",0.0,0.0,0.6456184757395023,31.451977174563762,0.3299515634093917,0.0,0.0,0.0,0.0,0.0,0.0,0.0,0.0,72.57180785563665,15.342028771711199,True,False,True,False,True,4.909271428229822,0,0.9599410174490046,0.9464241828459079,False,False,False,False,0.057586487309177446,0.03629873983710213,False,False,False,False,-98117.0,-56338.126583963196,False,False,False,False,9567.207457915605,False,False,False,False
2025-06-24 19:00:00+00:00,31.665,31.67,31.515,31.52,35842.0,,,,,,,,,,,,,,,,,,,,,,,,31.34218924216746,,"rgba(38, 166, 154, 1.0)",0.0,0.0,0.6396302634130557,31.457414930823283,0.09784569736079,0.0,0.0,0.0,0.0,0.0,0.0,0.0,0.0,70.0767027351196,15.342028771711199,True,False,True,False,True,2.565597381325251,0,0.9560975609756096,0.9475609756097558,False,False,False,False,0.040244498169349704,0.03827161900322591,False,False,False,False,-133959.0,-57541.55097801027,False,False,False,False,9974.568582599084,False,False,False,False
2025-06-25 14:00:00+00:00,31.3,31.405,31.28,31.385,8353.0,,,,,,,,,,,,,,,,,,,,,,,,31.342238599004524,,"rgba(38, 166, 154, 1.0)",0.0,0.0,0.6316610948433652,31.457149446449318,-0.11422176708098083,0.0,0.0,0.0,0.0,0.0,0.0,0.0,0.0,65.79585579501247,15.342028771711199,True,False,True,False,False,0.46291673393005794,0,0.9503375120540019,0.9554001928640307,False,False,False,False,-0.04631094483613456,-0.004019662916454322,False,False,False,False,-142312.0,-58855.82150548298,False,False,False,False,9949.427984419253,False,False,False,False
2025-06-25 15:00:00+00:00,31.385,31.4,31.185,31.205,2848.0,,,,,,,,,,,,,,,,,,,,,,,,31.342146986454054,,"rgba(38, 166, 154, 1.0)",0.0,0.0,0.6228644018267876,31.456845949715916,-0.4043351152791577,0.0,0.0,0.0,0.0,0.0,0.0,0.0,0.0,60.018510051010196,17.284782568770737,True,False,True,False,False,0.0,0,0.9463135289906942,0.9560963970412788,False,False,False,False,-0.06366386815721758,-0.033841765536835954,False,False,False,False,-145160.0,-60193.87078446774,False,False,False,False,9839.328325746088,False,False,False,False
2025-06-25 16:00:00+00:00,31.205,31.38,31.205,31.275,5182.0,,,,,,,,,,,,,,,,,,,,,,,,31.342030028741167,,"rgba(38, 166, 154, 1.0)",0.0,0.0,0.6115279563858212,31.45638904826429,-0.296616117660938,0.0,0.0,0.0,0.0,0.0,0.0,0.0,0.0,57.246263856390954,14.686523164941235,True,False,True,False,False,0.0,0,0.9461500974658867,0.9644249512670565,False,False,False,False,-0.06366386815721758,-0.04875281684702677,False,False,False,False,-139978.0,-61430.8340281194,False,False,False,False,9767.121685036847,False,False,False,False
2025-06-25 17:00:00+00:00,31.275,31.33,31.255,31.275,7218.0,,,,,,,,,,,,,,,,,,,,,,,,31.341867937906084,,"rgba(38, 166, 154, 1.0)",0.0,0.0,0.6032515125446134,31.455751688540005,-0.2996290681105234,0.0,0.0,0.0,0.0,0.0,0.0,0.0,0.0,55.39809972664479,12.836916621933113,True,False,True,False,False,0.0,0,0.9458007812499999,0.966796875,False,False,False,False,-0.06366386815721758,-0.05620834250212218,False,False,False,False,-139978.0,-62648.61954706329,False,False,False,False,9727.600418602166,False,False,False,False
2025-06-25 18:00:00+00:00,31.275,31.31,31.225,31.245,12140.0,,,,,,,,,,,,,,,,,,,,,,,,31.341466777234967,,"rgba(38, 166, 154, 1.0)",0.0,0.0,0.5935969679507601,31.45443028805987,-0.35281562974095754,0.0,0.0,0.0,0.0,0.0,0.0,0.0,0.0,53.59803127421599,10.918379194448015,True,False,True,False,False,0.0,0,0.9420396184886279,0.9701638542430913,False,False,False,False,-0.07235405733355685,-0.06428119991783951,False,False,False,False,-152118.0,-64035.74172462819,False,False,False,False,9765.001962499808,False,False,False,False
2025-06-25 19:00:00+00:00,31.245,31.345,31.245,31.29,26583.0,,,,,,,,,,,,,,,,,,,,,,,,31.340955799840728,,"rgba(38, 166, 154, 1.0)",0.0,0.0,0.5832069386875534,31.45222307850721,-0.27815697610230206,0.0,0.0,0.0,0.0,0.0,0.0,0.0,0.0,53.27607540634358,10.259984852517526,True,False,True,False,False,0.0,0,0.9393791249083353,0.9706673185040332,False,False,False,False,-0.06279539869999021,-0.06353829930891486,False,False,False,False,-125535.0,-64989.218597114574,False,False,False,False,10025.746118119965,False,False,False,False
2025-06-26 14:00:00+00:00,31.685,31.985,31.665,31.925,9583.0,,,,,,,,,,,,,,,,,,,,,,,,31.342928226959593,,"rgba(38, 166, 154, 1.0)",0.0,0.0,0.574115747817342,31.455412271492285,0.8179321509521058,0.0,0.0,0.0,0.0,0.0,0.0,0.0,0.0,60.252508895049814,10.259984852517526,True,False,True,False,True,8.12714602928834,0,0.9430334678376452,0.9537146926180868,False,False,False,False,0.1212592396789407,0.02886047018501292,False,False,False,False,-115952.0,-65779.33923901977,False,False,False,False,10018.88183721888,False,False,False,False
2025-06-26 15:00:00+00:00,31.925,32.07,31.925,31.995,15001.0,,,,,,,,,,,,,,,,,,,,,,,,31.346806443703596,,"rgba(38, 166, 154, 1.0)",0.0,0.0,0.5645242914841212,31.46174678951852,0.9446063146008639,0.0,0.0,0.0,0.0,0.0,0.0,0.0,0.0,65.36314291181878,7.822780285612502,True,False,True,False,True,9.008751000140485,0,0.9601423487544483,0.9473309608540924,False,False,False,False,0.1823484005379009,0.10560443536145692,False,False,False,False,-100951.0,-66324.63630508148,False,False,False,False,10096.123979277501,False,False,False,False
2025-06-26 16:00:00+00:00,31.995,32.145,31.96,32.055,15696.0,,,,,,,,,,,,,,,,,,,,,,,,31.351164954255783,,"rgba(38, 166, 154, 1.0)",0.0,0.0,0.5584962758067981,31.468764549416857,1.0496676092177568,0.0,0.0,0.0,0.0,0.0,0.0,0.0,0.0,69.16922659076002,11.323638528968132,True,False,True,False,True,9.760994834020796,0,0.9703915950334286,0.9391117478510026,False,False,False,False,0.20209095165331672,0.1538476935073868,False,False,False,False,-85255.0,-66618.13031585541,False,False,False,False,10182.943762544515,False,False,False,False
2025-06-26 17:00:00+00:00,32.055,32.125,32.005,32.125,8551.0,,,,,,,,,,,,,,,,,,,,,,,,31.353622936037468,,"rgba(38, 166, 154, 1.0)",0.0,0.0,0.5599133459339293,31.472672587526443,1.1650506586612652,0.0,0.0,0.0,0.0,0.0,0.0,0.0,0.0,72.17451483564675,14.146877193063062,True,False,True,False,True,10.634461645998957,0,0.9775227164036343,0.9354375896700142,False,False,False,False,0.20659911862060848,0.18022340606399764,False,False,False,False,-76704.0,-66774.50038847781,False,False,False,False,10157.642308861654,False,False,False,False
2025-06-26 18:00:00+00:00,32.125,32.155,32.095,32.135,9962.0,,,,,,,,,,,,,,,,,,,,,,,,31.356634262353637,,"rgba(38, 166, 154, 1.0)",0.0,0.0,0.561173946471298,31.477433808469915,1.171768924172098,0.0,0.0,0.0,0.0,0.0,0.0,0.0,0.0,74.24801239749982,16.217618772727434,True,False,True,False,True,10.759839715524183,0,0.9774418046556271,0.9373650107991359,False,False,False,False,0.22835748234796432,0.20429044420598097,False,False,False,False,-66742.0,-66773.9965064859,False,False,False,False,10154.609094770776,False,False,False,False
2025-06-26 19:00:00+00:00,32.135,32.16,31.965,32.11,33120.0,,,,,,,,,,,,,,,,,,,,,,,,31.365841767144993,,"rgba(38, 166, 154, 1.0)",0.0,0.0,0.561882694307393,31.491434589309563,1.1008799825253806,0.0,0.0,0.0,0.0,0.0,0.0,0.0,0.0,74.94176331056954,17.16144651088031,True,False,True,False,True,10.335793359036984,0,0.9649164677804293,0.9412887828162293,False,False,False,False,0.2056968281972495,0.20499363620161523,False,False,False,False,-99862.0,-67286.98880871091,False,False,False,False,10510.661666944872,False,False,False,False
2025-06-27 14:00:00+00:00,32.19,32.32,32.15,32.235,8912.0,,,,,,,,,,,,,,,,,,,,,,,,31.36881535747925,,"rgba(38, 166, 154, 1.0)",0.0,0.0,0.5659397191978481,31.495979339381726,1.3058292880834488,0.0,0.0,0.0,0.0,0.0,0.0,0.0,0.0,76.42279717085205,18.965638825175347,True,False,True,False,True,11.926965011960874,0,0.974310180780209,0.9324452901998096,False,False,False,False,0.2688231745721773,0.23690840538689628,False,False,False,False,-90950.0,-67653.85719927354,False,False,False,False,10485.876214744176,False,False,False,False
2025-06-27 15:00:00+00:00,32.24,32.38,32.235,32.365,7472.0,,,,,,,,,,,,,,,,,,,,,,,,31.371555026579166,,"rgba(38, 166, 154, 1.0)",0.0,0.0,0.5717016641507758,31.5001860918325,1.5127014007421589,0.0,0.0,0.0,0.0,0.0,0.0,0.0,0.0,78.31182367641841,21.170870424580173,True,False,True,False,True,13.532089762583645,0,0.9811725452812199,0.9287416587225927,False,False,False,False,0.2959638413084299,0.2664361233476631,False,False,False,False,-83478.0,-67899.19274657163,False,True,False,False,10439.149451724885,False,False,False,False
2025-06-27 16:00:00+00:00,32.365,32.44,32.295,32.31,12339.0,,,,,,,,,,,,,,,,,,,,,,,,31.376146929084285,,"rgba(38, 166, 154, 1.0)",0.0,0.0,0.5769428594436691,31.560926623880647,1.298349331928065,0.0,0.0,0.0,0.0,0.0,0.0,0.0,0.0,77.96270318504429,21.274847274198777,True,False,True,False,True,12.570004206842356,0,0.981583353264769,0.9315953121262855,False,True,False,False,0.3187484254515362,0.29259227439959967,False,False,False,False,-95817.0,-68332.02696755501,False,False,False,False,10468.604498984963,False,False,False,False
2025-06-27 17:00:00+00:00,32.305,32.305,31.855,31.945,9080.0,,,,,,,,,,,,,,,,,,,,,,,,31.378418316942565,,"rgba(38, 166, 154, 1.0)",0.0,0.0,0.5723875396053527,31.557342760690698,0.677263588890461,0.0,0.0,0.0,0.0,0.0,0.0,0.0,0.0,69.87457643277773,26.813748484180735,True,False,True,False,False,6.567477386588116,0,0.9563679245283015,0.9422169811320752,False,False,False,False,0.2120198872557507,0.2523060808276752,False,False,False,False,-104897.0,-68898.92577425958,False,False,False,False,10447.075747062716,False,False,False,False
2025-06-27 18:00:00+00:00,31.945,31.975,31.835,31.87,13085.0,,,,,,,,,,,,,,,,,,,,,,,,31.380963821525672,,"rgba(38, 166, 154, 1.0)",0.0,0.0,0.5675875532731528,31.554382885031668,0.5560677170389634,0.0,0.0,0.0,0.0,0.0,0.0,0.0,0.0,63.30358449617065,20.783131189135034,True,False,True,False,False,5.411788902436449,0,0.9559170202734555,0.9559170202734556,False,False,False,False,0.1494514493224895,0.20087876507508234,False,False,False,False,-117982.0,-69659.9036692323,False,False,False,False,10487.973797495852,False,False,False,False
2025-06-27 19:00:00+00:00,31.865,31.975,31.835,31.975,34715.0,,,,,,,,,,,,,,,,,,,,,,,,31.388049859126482,,"rgba(38, 166, 154, 1.0)",0.0,0.0,0.5631357268428455,31.589040918072662,0.6853748812762666,0.0,0.0,0.0,0.0,0.0,0.0,0.0,0.0,60.48426950454038,18.292405599548502,True,False,True,False,False,6.792359876957224,0,0.9535924617196697,0.9580683156654887,False,False,False,False,0.1494514493224895,0.17516510719878592,False,False,False,False,-83267.0,-69870.86640304264,False,False,False,False,10863.586606837001,False,False,False,False
2025-06-30 14:00:00+00:00,31.925,32.075,31.845,31.975,8980.0,,,,,,,,,,,,,,,,,,,,,,,,31.38997546937179,,"rgba(38, 166, 154, 1.0)",0.0,0.0,0.5568536692965054,31.591422381860195,0.6888301887718457,0.0,0.0,0.0,0.0,0.0,0.0,0.0,0.0,58.60472617678687,16.498788378078004,False,False,True,False,False,6.792359876957224,0,0.956918754390072,0.9498946382580189,False,False,False,False,0.1689686281464989,0.1720668676726424,False,False,False,False,-83267.0,-70078.55839679392,False,False,False,False,10834.383713707744,False,False,False,False
2025-06-30 15:00:00+00:00,31.975,32.11,31.92,32.085,8144.0,,,,,,,,,,,,,,,,,,,,,,,,31.391932032003236,,"rgba(38, 166, 154, 1.0)",0.0,0.0,0.5553439239550988,31.59475566247743,0.8827760895106326,0.0,0.0,0.0,0.0,0.0,0.0,0.0,0.0,59.01948210497555,16.498788378078004,False,False,True,False,False,8.237164342716646,0,0.9573724668064287,0.9508502212904727,False,False,False,False,0.18861417800198185,0.1803405228373121,False,False,False,False,-75123.0,-70156.76679374285,False,False,False,False,10792.672338301423,False,False,False,False
2025-06-30 16:00:00+00:00,32.085,32.145,32.005,32.135,4422.0,,,,,,,,,,,,,,,,,,,,,,,,31.393082160133282,,"rgba(38, 166, 154, 1.0)",0.0,0.0,0.5576208873903729,31.596948643199447,0.9649053128525982,0.0,0.0,0.0,0.0,0.0,0.0,0.0,0.0,60.013665536873575,16.498788378078004,False,False,True,False,False,8.886719450765447,0,0.9614215571662377,0.9553425298106146,False,False,False,False,0.21021161500265495,0.19527606891998353,False,False,False,False,-70701.0,-70165.20451787086,False,False,False,False,10693.902224529307,False,False,False,False
2025-06-30 17:00:00+00:00,32.135,32.175,32.005,32.015,10259.0,,,,,,,,,,,,,,,,,,,,,,,,31.395622584448244,,"rgba(38, 166, 154, 1.0)",0.0,0.0,0.5571258531213472,31.601075208959372,0.7429646079455436,0.0,0.0,0.0,0.0,0.0,0.0,0.0,0.0,58.06260594224438,15.068816143721477,False,False,True,False,False,6.934479951638583,0,0.9565522074281707,0.9556178462975938,False,False,False,False,0.21564054669171065,0.2054583078058471,False,False,False,False,-80960.0,-70332.56568813644,False,False,False,False,10687.159554381566,False,False,False,False
2025-06-30 18:00:00+00:00,32.02,32.1,32.015,32.055,6619.0,,,,,,,,,,,,,,,,,,,,,,,,31.39723119068223,,"rgba(38, 166, 154, 1.0)",0.0,0.0,0.557950504763405,31.60347069132454,0.8092640921024506,0.0,0.0,0.0,0.0,0.0,0.0,0.0,0.0,57.45376545716865,14.035403519629568,False,False,True,False,False,7.469038754662076,0,0.9651272384542879,0.9559377945334587,False,False,False,False,0.20389323618623995,0.20467577199604353,False,False,False,False,-74341.0,-70394.71195653743,False,False,False,False,10624.087313228363,False,False,False,False
2025-06-30 19:00:00+00:00,32.055,32.085,31.935,31.955,21500.0,,,,,,,,,,,,,,,,,,,,,,,,31.401892960343968,,"rgba(38, 166, 154, 1.0)",0.0,0.0,0.5568633762600953,31.60861655155038,0.6220259101540055,0.0,0.0,0.0,0.0,0.0,0.0,0.0,0.0,54.9303341688517,11.229323668675512,False,True,True,False,False,5.849250483712627,0,0.9617834394904454,0.9516395376267985,False,False,False,False,0.18682248261948553,0.19574912730776453,False,False,False,False,-95841.0,-70789.22805023452,False,False,False,False,10792.70611457366,False,False,False,False
2025-07-01 14:00:00+00:00,31.885,31.94,31.845,31.925,6031.0,,,,,,,,,,,,,,,,,,,,,,,,31.402993642473398,,"rgba(38, 166, 154, 1.0)",0.0,0.0,0.5535658932757423,31.609274648709896,0.5703482731238932,0.0,0.0,0.0,0.0,0.0,0.0,0.0,0.0,52.63739038223151,8.732819600636645,False,True,False,False,False,5.36604141851744,0,0.9505208333333329,0.9642518939393938,False,False,False,False,0.1450319632368108,0.17039054527228767,False,False,False,False,-101872.0,-71271.13149131615,False,False,False,False,10718.881213572518,False,False,False,False
2025-07-01 15:00:00+00:00,31.92,32.065,31.885,31.985,11149.0,,,,,,,,,,,,,,,,,,,,,,,,31.40531881311985,,"rgba(38, 166, 154, 1.0)",0.0,0.0,0.5515128660706056,31.611712055701567,0.6768435829213163,0.0,0.0,0.0,0.0,0.0,0.0,0.0,0.0,52.43040712103921,8.172438916719415,False,True,False,False,False,6.205151451743525,0,0.9511848341232225,0.9601895734597157,False,False,False,False,0.17431308782731852,0.17235181654980308,False,False,False,False,-90723.0,-71572.71084803993,False,False,False,False,10725.549721889223,False,False,False,False
2025-07-01 16:00:00+00:00,31.985,32.065,31.885,31.885,8729.0,,,,,,,,,,,,,,,,,,,,,,,,31.407021067041004,,"rgba(38, 166, 154, 1.0)",0.0,0.0,0.5471150215876174,31.61322819818315,0.496736136083823,0.0,0.0,0.0,0.0,0.0,0.0,0.0,0.0,50.12173390905251,5.638777403560219,False,True,False,False,False,4.57437754760625,0,0.9591351865051078,0.9536707056307913,False,False,False,False,0.17431308782731852,0.1733324521885608,False,False,False,False,-99452.0,-72004.94788915559,False,False,False,False,10694.595462635127,False,False,False,False
2025-07-01 17:00:00+00:00,31.89,32.09,31.86,32.06,11446.0,,,,,,,,,,,,,,,,,,,,,,,,31.409477232022514,,"rgba(38, 166, 154, 1.0)",0.0,0.0,0.5527537695300707,31.616052752547017,0.8031555313144442,0.0,0.0,0.0,0.0,0.0,0.0,0.0,0.0,52.17452949347419,5.638777403560219,False,True,True,False,False,7.012476714580963,1,0.95367525407705,0.9517844481210114,False,False,False,False,0.17431308782731852,0.17382277000793966,False,False,False,False,-88006.0,-72253.0262164555,False,False,False,False,10706.24514538497,False,False,False,False
2025-07-01 18:00:00+00:00,32.07,32.085,31.975,31.98,11440.0,,,,,,,,,,,,,,,,,,,,,,,,31.411952973630378,,"rgba(38, 166, 154, 1.0)",0.0,0.0,0.5570201688165715,31.61894620271542,0.6481880145411323,0.0,0.0,0.0,0.0,0.0,0.0,0.0,0.0,51.81139819950646,5.638777403560219,False,True,False,False,False,5.709102713823757,1,0.9619655090952041,0.9482636428065201,False,False,False,False,0.1939965008179238,0.18390963541293173,False,False,False,False,-99446.0,-72674.62270922362,False,False,False,False,10717.621189642567,False,False,False,False
2025-07-01 19:00:00+00:00,31.97,32.015,31.9,31.995,17600.0,,,,,,,,,,,,,,,,,,,,,,,,31.41545080268757,,"rgba(38, 166, 154, 1.0)",0.0,0.0,0.5615845904689926,31.622423457536883,0.6634379731679798,0.0,0.0,0.0,0.0,0.0,0.0,0.0,0.0,51.88071733164643,5.638777403560219,False,True,False,False,False,5.919152372549263,1,0.9584513692162413,0.9516052880075542,False,False,False,False,0.16807882174112,0.17599422857702585,False,False,False,False,-81846.0,-72816.81460520465,False,False,False,False,10824.324737089968,False,False,False,False
2025-07-02 14:00:00+00:00,31.455,31.52,31.305,31.515,16664.0,,,,,,,,,,,,,,,,,,,,,,,,31.41563496466441,,"rgba(239, 83, 80, 1.0)",0.0,0.0,0.5618371970918354,31.618087554095478,-0.18348296379996926,0.0,0.0,0.0,0.0,0.0,0.0,0.0,0.0,44.86220591633128,-0.1620089753456142,False,True,False,True,False,0.0,0,0.9442129629629625,0.962037037037037,False,False,False,False,-0.02206126161726838,0.07696648347987874,False,False,False,False,-98510.0,-73215.15856481387,False,False,False,False,10914.862338065317,False,False,False,False
2025-07-02 15:00:00+00:00,31.515,31.67,31.515,31.565,9923.0,,,,,,,,,,,,,,,,,,,,,,,,31.416222040415228,,"rgba(239, 83, 80, 1.0)",0.0,0.0,0.5622755968800541,31.61886283740006,-0.09579437147713794,0.0,0.0,0.0,0.0,0.0,0.0,0.0,0.0,41.233958786257325,-3.451410617772069,False,True,False,True,False,0.0,0,0.9423298731257204,0.9582468281430218,False,False,False,False,0.040244498169349704,0.05860549082461422,False,False,False,False,-88587.0,-73453.48168784002,False,False,False,False,10899.484627397636,False,False,False,False
2025-07-02 16:00:00+00:00,31.565,31.595,31.375,31.385,13159.0,,,,,,,,,,,,,,,,,,,,,,,,31.416385829171723,,"rgba(239, 83, 80, 1.0)",0.0,0.0,0.5617956491032357,31.614323502998616,-0.4081973638718475,0.0,0.0,0.0,0.0,0.0,0.0,0.0,0.0,37.05053047126768,-7.212220213007171,False,True,False,True,False,0.0,0,0.9480760315252662,0.96105702364395,False,False,False,False,0.003027514726808077,0.030816502775711147,False,False,False,False,-101746.0,-73892.12538260219,False,False,False,False,10934.515873484495,False,False,False,False
2025-07-02 17:00:00+00:00,31.385,31.595,31.375,31.455,7492.0,,,,,,,,,,,,,,,,,,,,,,,,31.416539634044884,,"rgba(239, 83, 80, 1.0)",0.0,0.0,0.5613665517336955,31.612437851497123,-0.28045463523058534,0.0,0.0,0.0,0.0,0.0,0.0,0.0,0.0,35.7785717029849,-8.315997096447774,False,True,False,True,False,0.0,0,0.9429033749422094,0.9646324549237171,False,False,False,False,0.003027514726808077,0.016922008751259612,False,False,False,False,-94254.0,-74207.81336116648,False,False,False,False,10881.143534360705,False,False,False,False
2025-07-02 18:00:00+00:00,31.455,31.54,31.395,31.52,8220.0,,,,,,,,,,,,,,,,,,,,,,,,31.41673616555823,,"rgba(239, 83, 80, 1.0)",0.0,0.0,0.5611251807470796,31.61064727822248,-0.1615455540629863,0.0,0.0,0.0,0.0,0.0,0.0,0.0,0.0,36.32146911362483,-8.315997096447774,False,True,False,True,False,0.0,0,0.9390159390159385,0.9706629706629706,False,False,False,False,-0.0030275493273880056,0.006947229711935803,False,False,False,False,-86034.0,-74391.1650920011,False,False,False,False,10839.88549506829,False,False,False,False
2025-07-02 19:00:00+00:00,31.525,31.535,31.415,31.445,20942.0,,,,,,,,,,,,,,,,,,,,,,,,31.417086591610282,,"rgba(239, 83, 80, 1.0)",0.0,0.0,0.5610817014264946,31.60584609507015,-0.2866714324513047,0.0,0.0,0.0,0.0,0.0,0.0,0.0,0.0,35.74774581988589,-8.64453365925111,False,True,False,True,False,0.0,0,0.9381776239907723,0.9709342560553632,False,False,False,False,-0.00043252058096830486,0.003257354565483749,False,False,False,False,-106976.0,-74896.35633088481,False,False,False,False,10996.50742537731,False,False,False,False
2025-07-03 14:00:00+00:00,31.725,31.795,31.625,31.695,8193.0,,,,,,,,,,,,,,,,,,,,,,,,31.41790210177028,,"rgba(239, 83, 80, 1.0)",0.0,0.0,0.5623673016649854,31.607026898223115,0.15643352932580878,0.0,0.0,0.0,0.0,0.0,0.0,0.0,0.0,40.15249763505909,-8.64453365925111,False,True,False,True,True,1.362339683396101,0,0.9418869644484955,0.9576116681859616,False,False,False,False,0.08105513490747807,0.042156244736480906,False,False,False,False,-98783.0,-75266.69189164629,False,False,False,False,10953.04219397611,False,False,False,False
2025-07-03 15:00:00+00:00,31.7,31.885,31.675,31.885,15555.0,,,,,,,,,,,,,,,,,,,,,,,,31.420026142777207,,"rgba(239, 83, 80, 1.0)",0.0,0.0,0.5655098711909367,31.61112051584102,0.4843053996249529,0.0,0.0,0.0,0.0,0.0,0.0,0.0,0.0,45.77830984837101,-10.284767601139443,False,True,False,True,True,3.9219160324871716,0,0.9422423556058886,0.9556058890147223,False,False,False,False,0.1054878178074416,0.07382203127196126,False,False,False,False,-83228.0,-75390.12302510913,False,False,False,False,11024.39037701524,False,False,False,False
2025-07-03 16:00:00+00:00,31.885,31.905,31.77,31.865,13673.0,,,,,,,,,,,,,,,,,,,,,,,,31.422022710538197,,"rgba(239, 83, 80, 1.0)",0.0,0.0,0.5680002696357479,31.614688873569754,0.44068839367059753,0.0,0.0,0.0,0.0,0.0,0.0,0.0,0.0,49.17953048068293,-7.225740557152363,False,True,False,False,True,3.628355532257075,0,0.9451649601820247,0.964277588168373,False,False,False,False,0.12565053281745803,0.09973628204470963,False,False,False,False,-96901.0,-75723.62499371209,False,False,False,False,11065.454092100274,False,False,False,False
2025-07-03 17:00:00+00:00,31.865,31.865,31.865,31.865,0.0,,,,,,,,,,,,,,,,,,,,,,,,31.422022710538197,,"rgba(239, 83, 80, 1.0)",0.0,0.0,0.5698493715941811,31.614688873569754,0.43925840565549196,0.0,0.0,0.0,0.0,0.0,0.0,0.0,0.0,51.44701090222421,-5.147801232779692,False,True,True,False,True,3.6283555322570535,0,0.9581320450885665,0.9599723947550034,False,False,False,False,0.13532861596565643,0.11753244900518303,False,False,False,False,-96901.0,-76051.95638915841,False,False,False,False,10893.896664315773,False,False,False,False
2025-07-03 18:00:00+00:00,31.865,31.865,31.865,31.865,0.0,,,,,,,,,,,,,,,,,,,,,,,,31.422022710538197,,"rgba(239, 83, 80, 1.0)",0.0,0.0,0.5708710114480237,31.614688873569754,0.43847230181705277,0.0,0.0,0.0,0.0,0.0,0.0,0.0,0.0,52.95866451658506,-3.6448267966426755,False,True,True,False,True,3.628355532257075,0,0.9575602968460108,0.956864564007421,False,False,False,False,0.13532861596565643,0.12643053248541974,False,False,False,False,-96901.0,-76375.197375373,False,False,False,False,10724.999041613202,False,False,False,False
2025-07-03 19:00:00+00:00,31.865,31.865,31.865,31.865,0.0,,,,,,,,,,,,,,,,,,,,,,,,31.422022710538197,,"rgba(239, 83, 80, 1.0)",0.0,0.0,0.5708322358113812,31.614688873569754,0.43850208647458677,0.0,0.0,0.0,0.0,0.0,0.0,0.0,0.0,53.96643359282564,-2.479249649560302,False,True,True,False,True,3.628355532257075,0,0.951406649616368,0.9572192513368981,False,False,False,False,0.13532861596565643,0.1308795742255381,False,False,False,False,-96901.0,-76693.42687342923,False,False,False,False,10558.719986704471,False,False,False,False
2025-07-04 14:00:00+00:00,31.865,31.865,31.865,31.865,0.0,,,,,,,,,,,,,,,,,,,,,,,,31.422022710538197,,"rgba(239, 83, 80, 1.0)",0.0,0.0,0.5687917730427025,31.614688873569754,0.44007515279489057,0.0,0.0,0.0,0.0,0.0,0.0,0.0,0.0,54.63827964365268,-1.5157637087817832,False,False,True,False,True,3.628355532257075,0,0.9528478057889819,0.9568160597572362,False,False,False,False,0.13532861596565643,0.13310409509559726,False,False,False,False,-96901.0,-77006.72258081792,False,False,False,False,10395.018901639285,False,False,False,False
2025-07-04 15:00:00+00:00,31.865,31.865,31.865,31.865,0.0,,,,,,,,,,,,,,,,,,,,,,,,31.422022710538197,,"rgba(239, 83, 80, 1.0)",0.0,0.0,0.567447398046313,31.614688873569754,0.44111776226668775,0.0,0.0,0.0,0.0,0.0,0.0,0.0,0.0,55.086177010870706,-0.67984481461923,False,False,True,False,True,3.628355532257075,0,0.953308305959643,0.9570624120131392,False,False,False,False,0.13532861596565643,0.13421635553062683,False,False,False,False,-96901.0,-77315.16099041763,False,False,False,False,10233.85581789294,False,False,False,False
2025-07-04 16:00:00+00:00,31.865,31.865,31.865,31.865,0.0,,,,,,,,,,,,,,,,,,,,,,,,31.422022710538197,,"rgba(239, 83, 80, 1.0)",0.0,0.0,0.5654566439756442,31.614688873569754,0.4426707672410435,0.0,0.0,0.0,0.0,0.0,0.0,0.0,0.0,55.384775255682726,0.06786825597568225,False,False,True,False,True,3.628355532257075,0,0.9527652504153806,0.9629717540944692,False,False,False,False,0.13532861596565643,0.13477248574814163,False,False,False,False,-96901.0,-77618.81740917084,False,False,False,False,10075.191386607778,False,False,False,False
2025-07-04 17:00:00+00:00,31.865,31.865,31.865,31.865,0.0,,,,,,,,,,,,,,,,,,,,,,,,31.422022710538197,,"rgba(239, 83, 80, 1.0)",0.0,0.0,0.5628486747169384,31.614688873569754,0.444721890046428,0.0,0.0,0.0,0.0,0.0,0.0,0.0,0.0,55.58384075222408,0.7471369713522265,False,False,True,False,True,3.628355532257075,0,0.9435176358436603,0.9642516682554813,False,False,False,False,0.13532861596565643,0.13505055085689904,False,False,False,False,-96901.0,-77917.7659764705,False,False,False,False,9918.98686898595,False,False,False,False
2025-07-04 18:00:00+00:00,31.865,31.865,31.865,31.865,0.0,,,,,,,,,,,,,,,,,,,,,,,,31.422022710538197,,"rgba(239, 83, 80, 1.0)",0.0,0.0,0.5575064496859441,31.614688873569754,0.4489833733246492,0.0,0.0,0.0,0.0,0.0,0.0,0.0,0.0,55.716551083251645,1.3673744805664398,False,False,True,False,True,3.628355532257075,0,0.9475078256681914,0.9655670599566578,False,False,False,False,0.13532861596565643,0.13518958341127774,False,False,False,False,-96901.0,-78212.07968226165,False,False,False,False,9765.20412683113,False,False,False,False
2025-07-04 19:00:00+00:00,31.865,31.865,31.865,31.865,0.0,,,,,,,,,,,,,,,,,,,,,,,,31.422022710538197,,"rgba(239, 83, 80, 1.0)",0.0,0.0,0.55196526852479,31.614688873569754,0.45349071889837933,0.0,0.0,0.0,0.0,0.0,0.0,0.0,0.0,55.80502463727002,1.9329851373298368,False,False,True,False,True,3.628355532257075,0,0.9449162824557142,0.96481436544528,False,False,False,False,0.13532861596565643,0.13525909968846708,False,False,False,False,-96901.0,-78501.83038486225,False,False,False,False,9613.805613236847,False,False,False,False
2025-07-07 14:00:00+00:00,31.29,31.305,30.94,30.945,22929.0,,,,,,,,,,,,,,,,,,,,,,,,31.419229736813822,,"rgba(239, 83, 80, 1.0)",0.0,0.0,0.5457479948418136,31.599025207520118,-1.1984014851207805,0.0,0.0,0.0,0.0,0.0,0.0,0.0,0.0,42.18630678064774,-3.040031259504268,False,True,False,True,False,0.0,0,0.9290730337078649,0.9672284644194754,False,False,False,False,-0.12301522430292952,0.006121937692768781,False,False,False,False,-119830.0,-79142.5772006008,False,False,False,False,9820.242735512245,False,False,False,False
2025-07-07 15:00:00+00:00,30.945,31.08,30.9,31.08,16056.0,,,,,,,,,,,,,,,,,,,,,,,,31.417064716987856,,"rgba(239, 83, 80, 1.0)",0.0,0.0,0.5341193138629499,31.588636101945333,-0.9522892895721915,0.0,0.0,0.0,0.0,0.0,0.0,0.0,0.0,36.167277659688224,-8.071065572420757,False,True,False,True,False,0.0,0,0.9298780487804874,0.9772514071294558,False,False,False,False,-0.16985873528516582,-0.08186839879619852,False,False,False,False,-103774.0,-79524.45972462249,False,False,False,False,9916.921142713605,False,False,False,False
2025-07-07 16:00:00+00:00,31.075,31.09,30.735,30.78,23995.0,,,,,,,,,,,,,,,,,,,,,,,,31.412653314669384,,"rgba(239, 83, 80, 1.0)",0.0,0.0,0.5303430642195227,31.571005378362166,-1.491497545133818,0.0,0.0,0.0,0.0,0.0,0.0,0.0,0.0,30.445405328868887,-12.818900263726263,False,True,False,True,False,0.0,0,0.9193700047014571,0.9936530324400562,False,False,False,False,-0.1975909105546409,-0.1397296546754197,False,False,False,False,-127769.0,-80272.43709323299,False,False,False,False,10135.185931198666,False,False,False,False
2025-07-07 17:00:00+00:00,30.785,30.855,30.725,30.82,10311.0,,,,,,,,,,,,,,,,,,,,,,,,31.41054413312529,,"rgba(239, 83, 80, 1.0)",0.0,0.0,0.5257888282303831,31.56334421509094,-1.413769511978354,0.0,0.0,0.0,0.0,0.0,0.0,0.0,0.0,27.464862355337285,-15.14743262691205,False,True,False,True,False,0.0,0,0.9234213006597548,0.9992931196983974,False,False,False,False,-0.24206396805953873,-0.1908968113674792,False,False,False,False,-117458.0,-80848.95744837666,False,False,False,False,10137.911730714965,False,False,False,False
2025-07-07 18:00:00+00:00,30.815,30.835,30.66,30.825,10437.0,,,,,,,,,,,,,,,,,,,,,,,,31.408331311464305,,"rgba(239, 83, 80, 1.0)",0.0,0.0,0.5210871950689755,31.55567033836981,-1.4022035952602796,0.0,0.0,0.0,0.0,0.0,0.0,0.0,0.0,25.59100566122302,-16.71212506170359,False,True,False,True,False,0.0,0,0.9194835680751172,0.9974178403755863,False,False,False,False,-0.257706839380005,-0.2243018253737421,False,False,False,False,-107021.0,-81254.72554995223,False,False,False,False,10142.54875814574,False,False,False,False
2025-07-07 19:00:00+00:00,30.825,30.84,30.615,30.62,18261.0,,,,,,,,,,,,,,,,,,,,,,,,31.40400321049281,,"rgba(239, 83, 80, 1.0)",0.0,0.0,0.5206131606702339,31.541621587988033,-1.770261794384034,0.0,0.0,0.0,0.0,0.0,0.0,0.0,0.0,23.130769709721044,-19.03634706317176,False,True,False,True,False,0.0,0,0.9170754496612938,0.9990656388694229,False,False,False,False,-0.265110667115053,-0.24470624624439755,False,False,False,False,-125282.0,-81937.31895227854,False,False,False,False,10268.41621925976,False,False,False,False
2025-07-08 14:00:00+00:00,30.695,30.76,30.58,30.585,9573.0,,,,,,,,,,,,,,,,,,,,,,,,31.40159730335853,,"rgba(239, 83, 80, 1.0)",0.0,0.0,0.5209755488720275,31.53420607088655,-1.8219781579801422,0.0,0.0,0.0,0.0,0.0,0.0,0.0,0.0,21.302701382644056,-20.9078749586037,False,True,False,True,False,0.0,0,0.9108013937282228,1.0051103368176535,False,False,False,False,-0.28655896178193846,-0.265632604013168,False,False,False,False,-134855.0,-82757.7481158091,False,False,False,False,10257.63457244953,False,False,False,False
2025-07-08 15:00:00+00:00,30.585,30.78,30.585,30.71,14848.0,,,,,,,,,,,,,,,,,,,,,,,,31.39813912604532,,"rgba(239, 83, 80, 1.0)",0.0,0.0,0.5184895509211369,31.523860109769412,-1.5696750461480387,0.0,0.0,0.0,0.0,0.0,0.0,0.0,0.0,23.1206638538971,-20.9078749586037,False,True,False,True,False,0.0,0,0.9106688266604951,1.0074056931265907,False,False,False,False,-0.2818750402495504,-0.27375382213135924,False,False,False,False,-120007.0,-83335.25589695934,False,False,False,False,10328.803028690621,False,False,False,False
2025-07-08 16:00:00+00:00,30.715,30.725,30.615,30.675,7614.0,,,,,,,,,,,,,,,,,,,,,,,,31.396328987014478,,"rgba(239, 83, 80, 1.0)",0.0,0.0,0.5167509550543061,31.51861976795211,-1.6325461224613549,0.0,0.0,0.0,0.0,0.0,0.0,0.0,0.0,24.03232020308203,-20.9078749586037,False,True,False,True,False,0.0,0,0.9265668849391951,1.0100561272217021,False,False,False,False,-0.28655896178193846,-0.2801563919566489,False,False,False,False,-127621.0,-84021.85658072741,False,False,False,False,10286.713059253556,False,False,False,False
2025-07-08 17:00:00+00:00,30.675,30.685,30.61,30.655,6094.0,,,,,,,,,,,,,,,,,,,,,,,,31.394843573296388,,"rgba(239, 83, 80, 1.0)",0.0,0.0,0.5199529431237513,31.51440340244499,-1.6528484237090808,0.0,0.0,0.0,0.0,0.0,0.0,0.0,0.0,24.457482792852588,-20.9078749586037,False,True,False,True,True,0.0,0,0.9225170227752989,1.0124442357360879,False,False,False,False,-0.29502111968089956,-0.2875887558187742,False,False,False,False,-133715.0,-84792.29291280916,False,False,False,False,10221.709756009313,False,False,False,False
2025-07-08 18:00:00+00:00,30.655,30.685,30.615,30.665,6507.0,,,,,,,,,,,,,,,,,,,,,,,,31.393274607741926,,"rgba(239, 83, 80, 1.0)",0.0,0.0,0.5231773337239585,31.51001792455613,-1.6151653943822886,0.0,0.0,0.0,0.0,0.0,0.0,0.0,0.0,25.034160802597093,-20.9078749586037,False,True,False,True,True,0.0,0,0.9180558816623619,1.0129138295374498,False,False,False,False,-0.2940788697809474,-0.29083381279986076,False,False,False,False,-127208.0,-85449.90077462608,False,False,False,False,10164.11735669134,False,False,False,False
2025-07-08 19:00:00+00:00,30.665,30.69,30.485,30.5,27584.0,,,,,,,,,,,,,,,,,,,,,,,,31.385835530019673,,"rgba(239, 83, 80, 1.0)",0.0,0.0,0.529217065770455,31.490160339945056,-1.870990948682923,0.0,0.0,0.0,0.0,0.0,0.0,0.0,0.0,23.852571794989444,-20.9078749586037,False,True,False,True,True,0.0,0,0.9111318989710006,1.0161365762394758,False,False,False,False,-0.3177928364125816,-0.3043133246062212,False,False,False,False,-154792.0,-86524.97208044582,False,False,False,False,10434.193056587597,False,False,False,False
2025-07-09 14:00:00+00:00,30.81,30.82,30.7,30.73,4592.0,,,,,,,,,,,,,,,,,,,,,,,,31.3848938379503,,"rgba(239, 83, 80, 1.0)",0.0,0.0,0.5276324222154667,31.48771969384917,-1.4360749300954478,0.0,0.0,0.0,0.0,0.0,0.0,0.0,0.0,28.810907316617076,-20.9078749586037,False,True,False,True,True,0.0,0,0.9089227924179376,1.0032362459546922,False,False,False,False,-0.2516949976739436,-0.2780041611400824,False,False,False,False,-150200.0,-87512.1818156327,False,False,False,False,10343.616420051356,False,False,False,False
2025-07-09 15:00:00+00:00,30.74,30.81,30.655,30.695,5653.0,,,,,,,,,,,,,,,,,,,,,,,,31.383683790398266,,"rgba(239, 83, 80, 1.0)",0.0,0.0,0.5274199909434931,31.484618339143445,-1.4971338832472187,0.0,0.0,0.0,0.0,0.0,0.0,0.0,0.0,31.64880475683592,-24.242703371796058,False,True,False,True,True,0.0,0,0.9099099099099098,1.0039270039270034,False,False,False,False,-0.26062289268575983,-0.2693135269129211,False,False,False,False,-155853.0,-88571.72938438258,False,False,False,False,10270.893684856761,False,False,False,False
2025-07-09 16:00:00+00:00,30.695,30.705,30.575,30.655,11225.0,,,,,,,,,,,,,,,,,,,,,,,,31.381023987456278,,"rgba(239, 83, 80, 1.0)",0.0,0.0,0.5276401056412112,31.477924928181825,-1.5596330138357644,0.0,0.0,0.0,0.0,0.0,0.0,0.0,0.0,32.98703225095051,-22.819972688655987,False,True,False,True,True,0.0,0,0.9168219944082013,1.003261882572227,False,False,False,False,-0.2963485388156279,-0.28283103286427447,False,False,False,False,-167078.0,-89788.88086679524,False,False,False,False,10285.686030827972,False,False,False,False
2025-07-09 17:00:00+00:00,30.655,30.68,30.625,30.655,8412.0,,,,,,,,,,,,,,,,,,,,,,,,31.37906568265161,,"rgba(239, 83, 80, 1.0)",0.0,0.0,0.5308395271676657,31.47308705688108,-1.5411193308193245,0.0,0.0,0.0,0.0,0.0,0.0,0.0,0.0,33.87918391369358,-21.730673953626663,False,True,False,True,True,0.0,0,0.9197848456501402,0.9992984097287181,False,False,False,False,-0.29147945895685895,-0.28715524591056674,False,False,False,False,-167078.0,-90987.16178358911,False,False,False,False,10256.636635001181,False,False,False,False
2025-07-09 18:00:00+00:00,30.66,30.715,30.565,30.61,6159.0,,,,,,,,,,,,,,,,,,,,,,,,31.37759265987906,,"rgba(239, 83, 80, 1.0)",0.0,0.0,0.5355328827144562,31.469496312626926,-1.6049365788154726,0.0,0.0,0.0,0.0,0.0,0.0,0.0,0.0,33.76554785124558,-21.50510518136345,False,True,False,True,True,0.0,0,0.9152502910360883,0.9960419091967402,False,False,False,False,-0.2963485388156279,-0.2917518923630973,False,False,False,False,-173237.0,-92262.35307376602,False,False,False,False,10193.107384846124,False,False,False,False
2025-07-09 19:00:00+00:00,30.615,30.625,30.47,30.475,19825.0,,,,,,,,,,,,,,,,,,,,,,,,31.37221934945248,,"rgba(239, 83, 80, 1.0)",0.0,0.0,0.540139079520462,31.456693960401992,-1.8174836771180178,0.0,0.0,0.0,0.0,0.0,0.0,0.0,0.0,31.817877168252835,-21.50510518136345,False,True,False,True,True,0.0,0,0.9132049199350195,0.9995358551868181,False,False,False,False,-0.33282503866519997,-0.3122884655141486,False,False,False,False,-193062.0,-93825.13829742857,False,False,False,False,10342.439053298122,False,False,False,False
2025-07-10 14:00:00+00:00,30.4,30.7,30.39,30.685,12617.0,,,,,,,,,,,,,,,,,,,,,,,,31.3691071868355,,"rgba(239, 83, 80, 1.0)",0.0,0.0,0.545792464600237,31.449488514023905,-1.400694519635503,0.0,0.0,0.0,0.0,0.0,0.0,0.0,0.0,35.96415205404287,-19.137262110288383,False,True,False,True,True,0.0,0,0.9121233034276511,0.9958592132505173,False,False,False,False,-0.3338224443611998,-0.3230554549376742,False,False,False,False,-180445.0,-95168.0818897165,False,False,False,False,10377.7035640997,False,False,False,False
2025-07-10 15:00:00+00:00,30.685,30.885,30.655,30.815,12725.0,,,,,,,,,,,,,,,,,,,,,,,,31.366767749636264,,"rgba(239, 83, 80, 1.0)",0.0,0.0,0.5497864040607736,31.444215268336563,-1.144472223556493,0.0,0.0,0.0,0.0,0.0,0.0,0.0,0.0,41.26114622531449,-14.206814008093865,False,False,False,True,True,0.0,0,0.9229009380004575,0.9887897506291463,False,False,False,False,-0.24632755728148506,-0.2846915061095796,False,False,False,False,-167720.0,-96292.91782941081,False,False,False,False,10414.095756904355,False,False,False,False
2025-07-10 16:00:00+00:00,30.815,30.9,30.735,30.79,15689.0,,,,,,,,,,,,,,,,,,,,,,,,31.36402371748773,,"rgba(239, 83, 80, 1.0)",0.0,0.0,0.5554752287273622,31.408027148791064,-1.1126097381642268,0.0,0.0,0.0,0.0,0.0,0.0,0.0,0.0,44.29733482660639,-11.490115341804163,True,False,False,True,True,0.0,0,0.9252873563218391,1.0,False,False,False,False,-0.2283599875565135,-0.2565257468330465,False,False,False,False,-183409.0,-97643.55476228816,False,False,False,False,10495.87721803762,False,False,False,False
2025-07-10 17:00:00+00:00,30.785,30.875,30.785,30.855,9795.0,,,,,,,,,,,,,,,,,,,,,,,,31.3624159400012,,"rgba(239, 83, 80, 1.0)",0.0,0.0,0.5603420528714592,31.405207270932816,-0.9819132226704962,0.0,0.0,0.0,0.0,0.0,0.0,0.0,0.0,47.60044464278285,-8.490292058910342,True,False,False,False,True,0.0,0,0.9266329346826125,0.9988500459981602,False,False,False,False,-0.22365611528713314,-0.24009093106008983,False,False,False,False,-173614.0,-98821.39112256277,False,False,False,False,10485.010904579673,False,False,False,False
2025-07-10 18:00:00+00:00,30.855,30.87,30.655,30.715,15192.0,,,,,,,,,,,,,,,,,,,,,,,,31.359508872684042,,"rgba(239, 83, 80, 1.0)",0.0,0.0,0.5672582471140488,31.397746002692628,-1.2035893813199339,0.0,0.0,0.0,0.0,0.0,0.0,0.0,0.0,46.95171705717149,-8.490292058910342,True,False,False,True,True,0.0,0,0.9238881247134341,0.9981659789087574,False,False,False,False,-0.2491785650158565,-0.24463474803797317,False,False,False,False,-188806.0,-100216.50133771684,False,False,False,False,10557.987479702468,False,False,False,False
2025-07-10 19:00:00+00:00,30.71,30.79,30.63,30.725,38980.0,,,,,,,,,,,,,,,,,,,,,,,,31.35179490801082,,"rgba(239, 83, 80, 1.0)",0.0,0.0,0.5737684578671319,31.380161249078544,-1.1418565104013763,0.0,0.0,0.0,0.0,0.0,0.0,0.0,0.0,46.74602658290429,-8.490292058910342,True,False,False,True,True,0.0,0,0.9174102036147334,1.0059482955845345,False,False,False,False,-0.2692500126447822,-0.2569423803413777,False,False,False,False,-149826.0,-100985.64085186075,False,False,False,False,10998.638836606306,False,False,False,False
2025-07-11 14:00:00+00:00,30.34,30.39,30.215,30.39,8784.0,,,,,,,,,,,,,,,,,,,,,,,,31.34905090714851,,"rgba(239, 83, 80, 1.0)",0.0,0.0,0.5865809852460566,31.31747094770853,-1.5811473113460648,0.0,0.0,0.0,0.0,0.0,0.0,0.0,0.0,41.65767486062054,-8.490292058910342,True,False,False,True,False,0.0,0,0.9106699751861039,1.0083464922174596,False,False,False,False,-0.34282825441539394,-0.2998853173783858,False,False,False,False,-158610.0,-101879.04176888616,False,False,False,False,10964.303350767448,False,False,False,False
2025-07-11 15:00:00+00:00,30.385,30.425,30.305,30.355,10859.0,,,,,,,,,,,,,,,,,,,,,,,,31.3457784692087,,"rgba(239, 83, 80, 1.0)",0.0,0.0,0.5994452615723995,31.310029754585656,-1.5931892631539464,0.0,0.0,0.0,0.0,0.0,0.0,0.0,0.0,37.884403080486756,-5.863679405013393,False,False,False,True,False,0.0,0,0.9211778029445071,1.0004530011325026,False,False,False,False,-0.32057219793288055,-0.3102287576556332,False,False,False,False,-169469.0,-102926.9480980507,False,False,False,False,10962.67074067803,False,False,False,False
2025-07-11 16:00:00+00:00,30.355,30.425,30.285,30.42,4791.0,,,,,,,,,,,,,,,,,,,,,,,,31.344363454790113,,"rgba(239, 83, 80, 1.0)",0.0,0.0,0.6106207371885305,31.30690582580499,-1.4524659445543093,0.0,0.0,0.0,0.0,0.0,0.0,0.0,0.0,37.0062948218962,-6.76107358835587,False,False,False,True,False,0.0,0,0.9253697383390215,0.9963594994311717,False,False,False,False,-0.3241120804801221,-0.31717041906787763,False,False,False,False,-164678.0,-103884.32874769333,False,False,False,False,10866.985922993099,False,False,False,False
2025-07-11 17:00:00+00:00,30.425,30.51,30.415,30.5,4013.0,,,,,,,,,,,,,,,,,,,,,,,,31.34330151344599,,"rgba(239, 83, 80, 1.0)",0.0,0.0,0.6197409514037503,31.305400477463042,-1.2995760174291564,0.0,0.0,0.0,0.0,0.0,0.0,0.0,0.0,38.3407498656475,-6.76107358835587,False,False,False,True,False,0.0,0,0.9261790840738208,0.992253360674413,False,False,False,False,-0.2864476765128178,-0.3018090477903477,False,False,False,False,-160665.0,-104764.64923222522,False,False,False,False,10760.722575349795,False,False,False,False
2025-07-11 18:00:00+00:00,30.5,30.57,30.455,30.555,2943.0,,,,,,,,,,,,,,,,,,,,,,,,31.342570611219983,,"rgba(239, 83, 80, 1.0)",0.0,0.0,0.6270873755518881,31.304586335477268,-1.1953459194064797,0.0,0.0,0.0,0.0,0.0,0.0,0.0,0.0,40.49611593298737,-6.76107358835587,False,False,False,True,True,0.0,0,0.9271070615034165,0.989749430523918,False,False,False,False,-0.26920116246963466,-0.28550510512999117,False,False,False,False,-157722.0,-105585.6934301752,False,False,False,False,10639.51757418158,False,False,False,False
2025-07-11 19:00:00+00:00,30.555,30.575,30.45,30.475,19938.0,,,,,,,,,,,,,,,,,,,,,,,,31.337492483446635,,"rgba(239, 83, 80, 1.0)",0.0,0.0,0.6359333213389329,31.296205591350873,-1.2913391448365292,0.0,0.0,0.0,0.0,0.0,0.0,0.0,0.0,40.50974331458153,-6.76107358835587,False,False,False,True,True,0.0,0,0.929110450491653,0.9915389892522296,False,False,False,False,-0.26920116246963466,-0.2773531337998129,False,False,False,False,-177660.0,-106703.12453978488,False,False,False,False,10783.680092411323,False,False,False,False
2025-07-14 14:00:00+00:00,30.48,30.58,30.37,30.415,14380.0,,,,,,,,,,,,,,,,,,,,,,,,31.333673023984066,,"rgba(239, 83, 80, 1.0)",0.0,0.0,0.6456483716542589,31.288614970841785,-1.3530816605382867,0.0,0.0,0.0,0.0,0.0,0.0,0.0,0.0,39.51322692449324,-6.76107358835587,False,False,False,True,True,0.0,0,0.9210286754665452,0.9913518434228494,False,False,False,False,-0.28212084298544865,-0.2797369883926308,False,False,False,False,-192040.0,-108026.1768725014,False,False,False,False,10839.436990203396,False,False,False,False
2025-07-14 15:00:00+00:00,30.415,30.58,30.375,30.535,26680.0,,,,,,,,,,,,,,,,,,,,,,,,31.327005369138053,,"rgba(239, 83, 80, 1.0)",0.0,0.0,0.6527453320158206,31.276680034952033,-1.136247168036518,0.0,0.0,0.0,0.0,0.0,0.0,0.0,0.0,41.836047372048874,-6.76107358835587,True,False,False,True,True,0.0,0,0.9190045248868776,0.9927601809954749,False,False,False,False,-0.28125671470960395,-0.28049685155111737,False,False,False,False,-165360.0,-108915.07335509828,False,False,False,False,11085.02711438629,False,False,False,False
2025-07-14 16:00:00+00:00,30.535,30.6,30.475,30.565,22941.0,,,,,,,,,,,,,,,,,,,,,,,,31.321696654512163,,"rgba(239, 83, 80, 1.0)",0.0,0.0,0.659214335812348,31.26811444747286,-1.0665945949224753,0.0,0.0,0.0,0.0,0.0,0.0,0.0,0.0,44.07632852162097,-10.98745244404477,True,False,False,True,True,0.0,0,0.9320930232558137,0.9911627906976742,False,False,False,False,-0.2606367873133123,-0.27056681943221483,False,False,False,False,-142419.0,-109434.51407827505,False,False,False,False,11268.84064749658,False,False,False,False
2025-07-14 17:00:00+00:00,30.565,30.63,30.55,30.555,14404.0,,,,,,,,,,,,,,,,,,,,,,,,31.31853490830976,,"rgba(239, 83, 80, 1.0)",0.0,0.0,0.6622032090605294,31.263296873668423,-1.0696065255758689,0.0,0.0,0.0,0.0,0.0,0.0,0.0,0.0,45.33786987801505,-9.58256069590324,True,False,False,True,True,0.0,0,0.931427243142724,0.9895397489539748,False,False,False,False,-0.242771024803003,-0.25666892211760894,False,False,False,False,-156823.0,-110169.2192863638,False,False,False,False,11317.447769240818,False,False,False,False
2025-07-14 18:00:00+00:00,30.555,30.56,30.465,30.495,14255.0,,,,,,,,,,,,,,,,,,,,,,,,31.315131835040116,,"rgba(239, 83, 80, 1.0)",0.0,0.0,0.6647247821738013,31.257378593899222,-1.1469086369942008,0.0,0.0,0.0,0.0,0.0,0.0,0.0,0.0,44.771624135213855,-9.58256069590324,True,False,False,True,True,0.0,0,0.9277557678862732,0.9960382195292472,False,False,False,False,-0.26920116246963466,-0.2629350422936218,False,False,False,False,-171078.0,-111113.54146797056,False,False,False,False,11362.991214678945,False,False,False,False
2025-07-14 19:00:00+00:00,30.495,30.52,30.425,30.465,47522.0,,,,,,,,,,,,,,,,,,,,,,,,31.3034849180399,,"rgba(239, 83, 80, 1.0)",0.0,0.0,0.6662401225540764,31.236839206536178,-1.1585000368595046,0.0,0.0,0.0,0.0,0.0,0.0,0.0,0.0,43.70648179289792,-9.58256069590324,True,False,False,True,True,0.0,0,0.932615816565278,0.9922788956481047,False,False,False,False,-0.28298538195233436,-0.27296021212297805,False,False,False,False,-218600.0,-112779.99818939737,False,False,False,False,11923.596002048263,False,False,False,False
2025-07-15 14:00:00+00:00,30.305,30.375,30.255,30.3,24430.0,,,,,,,,,,,,,,,,,,,,,,,,31.29649598949535,,"rgba(239, 83, 80, 1.0)",0.0,0.0,0.6688877415611522,31.223318442740027,-1.3803787771398601,0.0,0.0,0.0,0.0,0.0,0.0,0.0,0.0,39.860084229785194,-5.6214662917405676,True,False,False,True,False,0.0,0,0.932270916334661,0.9906257323646589,False,False,False,False,-0.3383514486109317,-0.3056558303669549,False,False,False,False,-243030.0,-114799.37806242997,False,False,False,False,12117.493738450616,False,False,False,False
2025-07-15 15:00:00+00:00,30.295,30.46,30.295,30.435,20129.0,,,,,,,,,,,,,,,,,,,,,,,,31.291310399467392,,"rgba(239, 83, 80, 1.0)",0.0,0.0,0.6680514896269291,31.214270864089947,-1.166483236980924,0.0,0.0,0.0,0.0,0.0,0.0,0.0,0.0,41.193790607983004,-5.6214662917405676,True,False,False,True,False,0.0,1,0.9373092275181966,0.9814510448462079,False,False,False,False,-0.31615823367855167,-0.31090703202275327,False,False,False,False,-222901.0,-116475.37220099694,False,False,False,False,12241.703137854482,False,False,False,False
2025-07-15 16:00:00+00:00,30.435,30.45,30.235,30.265,16389.0,,,,,,,,,,,,,,,,,,,,,,,,31.28675862018522,,"rgba(239, 83, 80, 1.0)",0.0,0.0,0.6698975785638652,31.20601746663313,-1.40471841777738,0.0,0.0,0.0,0.0,0.0,0.0,0.0,0.0,39.21314487046555,-6.266019767869558,False,False,False,True,False,0.0,1,0.9320987654320985,0.9947768281101613,False,False,False,False,-0.3285480105501127,-0.319727521286433,False,False,False,False,-239290.0,-118379.47495757062,False,False,False,False,12306.002314011777,False,False,False,False
2025-07-15 17:00:00+00:00,30.265,30.375,30.235,30.315,11401.0,,,,,,,,,,,,,,,,,,,,,,,,31.283590185193685,,"rgba(239, 83, 80, 1.0)",0.0,0.0,0.667450460421655,31.20034980383498,-1.3264651930506817,0.0,0.0,0.0,0.0,0.0,0.0,0.0,0.0,39.20897307369488,-6.443104549618894,True,False,False,True,False,0.0,1,0.9317373785257168,0.9988148850438492,False,False,False,False,-0.34193183955138456,-0.3308296804189088,False,False,False,False,-227889.0,-120077.2970512517,False,False,False,False,12291.971270383689,False,False,False,False
2025-07-15 18:00:00+00:00,30.315,30.415,30.295,30.325,9514.0,,,,,,,,,,,,,,,,,,,,,,,,31.281060646534005,,"rgba(239, 83, 80, 1.0)",0.0,0.0,0.6608312196778091,31.195999096195,-1.318035634907895,0.0,0.0,0.0,0.0,0.0,0.0,0.0,0.0,39.480523981689565,-6.443104549618894,True,False,False,True,False,0.0,0,0.9376333886649276,0.9950201565093668,False,False,False,False,-0.3241120804801221,-0.32747088044951544,False,False,False,False,-218375.0,-121601.29244580594,False,False,False,False,12248.901948362236,False,False,False,False
2025-07-15 19:00:00+00:00,30.315,30.35,30.235,30.245,16408.0,,,,,,,,,,,,,,,,,,,,,,,,31.276413910220747,,"rgba(239, 83, 80, 1.0)",0.0,0.0,0.6557726822693731,31.187762078561327,-1.4376354856667635,0.0,0.0,0.0,0.0,0.0,0.0,0.0,0.0,38.212749880866646,-7.898349010879201,False,False,False,True,False,0.0,0,0.9406457739791071,0.9926400759734091,False,False,False,False,-0.34282825441539394,-0.3351495674324547,False,False,False,False,-234783.0,-123356.04760168491,False,False,False,False,12313.384088697705,False,False,False,False
2025-07-16 14:00:00+00:00,30.26,30.355,30.165,30.28,13857.0,,,,,,,,,,,,,,,,,,,,,,,,31.27248405422941,,"rgba(239, 83, 80, 1.0)",0.0,0.0,0.6564859562936335,31.180884673420707,-1.3722832374159077,0.0,0.0,0.0,0.0,0.0,0.0,0.0,0.0,38.455434826044126,-7.915972513931898,False,False,False,True,False,0.0,0,0.9381199811053375,0.9891355692017003,False,False,False,False,-0.34282825441539394,-0.33898891092392436,False,False,False,False,-220926.0,-124868.76004196887,False,False,False,False,12337.3161183303,False,False,False,False
2025-07-16 15:00:00+00:00,30.285,30.39,30.045,30.195,15062.0,,,,,,,,,,,,,,,,,,,,,,,,31.268008297639152,,"rgba(239, 83, 80, 1.0)",0.0,0.0,0.6591881643627939,31.115173228566043,-1.395918917105453,0.0,0.0,0.0,0.0,0.0,0.0,0.0,0.0,37.03692509679226,-9.50437238352685,False,False,False,True,False,0.0,0,0.9395218002812938,0.9859353023909984,True,False,False,False,-0.34282825441539394,-0.3409085826696592,False,False,False,False,-235988.0,-126591.53895604688,False,False,False,False,12379.559279286419,True,False,False,False
2025-07-16 16:00:00+00:00,30.195,30.265,30.15,30.265,6853.0,,,,,,,,,,,,,,,,,,,,,,,,31.26601623144242,,"rgba(239, 83, 80, 1.0)",0.0,0.0,0.6580818221806743,31.112094023272636,-1.2872168698804578,0.0,0.0,0.0,0.0,0.0,0.0,0.0,0.0,38.31444801789665,-9.50437238352685,False,False,False,True,False,0.0,0,0.9483490566037733,0.9903301886792452,False,False,False,False,-0.34282825441539394,-0.3418684185425266,False,False,False,False,-229135.0,-128181.36005750351,False,False,False,False,12293.87618968508,False,False,False,False
2025-07-16 17:00:00+00:00,30.265,30.325,30.265,30.295,4877.0,,,,,,,,,,,,,,,,,,,,,,,,31.2646960968654,,"rgba(239, 83, 80, 1.0)",0.0,0.0,0.6556925023649484,31.110713005161664,-1.2440480899500184,0.0,0.0,0.0,0.0,0.0,0.0,0.0,0.0,40.084497759270256,-9.50437238352685,True,False,False,True,True,0.0,0,0.9583431952662721,0.9775147928994082,False,False,False,False,-0.3131101755459796,-0.3274892970442531,False,False,False,False,-224258.0,-129670.92036668949,False,False,False,False,12178.88586116283,False,False,False,False
2025-07-16 18:00:00+00:00,30.29,30.375,30.265,30.375,6342.0,,,,,,,,,,,,,,,,,,,,,,,,31.263061242151622,,"rgba(239, 83, 80, 1.0)",0.0,0.0,0.6490782306852525,31.10923672113692,-1.131199116571454,0.0,0.0,0.0,0.0,0.0,0.0,0.0,0.0,43.56912594336814,-9.932437334182467,True,False,False,True,True,0.0,0,0.9609004739336492,0.9725118483412322,False,False,False,False,-0.3047188009418375,-0.31610404899304534,False,False,False,False,-217916.0,-131039.06113619817,False,False,False,False,12088.391506726197,False,False,False,False
2025-07-16 19:00:00+00:00,30.375,30.525,30.36,30.465,44304.0,,,,,,,,,,,,,,,,,,,,,,,,31.253159388227935,,"rgba(239, 83, 80, 1.0)",0.0,0.0,0.6392947761484974,31.101384635399633,-0.9954478890530016,0.0,0.0,0.0,0.0,0.0,0.0,0.0,0.0,48.10742612657026,-5.83278443475136,True,False,False,False,True,0.0,1,0.9731718898385563,0.9608262108262109,False,False,False,False,-0.2641729222265336,-0.2901384856097895,False,False,False,False,-173612.0,-131699.10669997803,False,False,False,False,12587.858305071528,False,False,False,False
2025-07-17 14:00:00+00:00,30.55,30.675,30.465,30.655,7402.0,,,,,,,,,,,,,,,,,,,,,,,,31.25182972214668,,"rgba(239, 83, 80, 1.0)",0.0,0.0,0.6296061474452468,31.100947701174135,-0.708296294411445,0.0,0.0,0.0,0.0,0.0,0.0,0.0,0.0,54.585492920932346,-0.12565015898606902,True,False,True,False,True,0.0,0,0.9773210489014881,0.9501535553980627,False,False,False,False,-0.2228535143965992,-0.25649600000319434,False,False,False,False,-166210.0,-132234.1593092807,False,False,False,False,12507.45740111693,False,False,False,False
2025-07-17 15:00:00+00:00,30.655,30.815,30.645,30.725,9177.0,,,,,,,,,,,,,,,,,,,,,,,,31.250515133065328,,"rgba(38, 166, 154, 1.0)",0.0,0.0,0.6178669132770146,31.10162511469739,-0.6095570204590869,0.0,0.0,0.0,0.0,0.0,0.0,0.0,0.0,59.89016206271002,4.343600979908629,True,False,True,False,True,0.0,0,0.9846842601319507,0.9453345900094249,False,False,False,False,-0.17202424844162276,-0.21426012422240853,False,False,False,False,-157033.0,-132618.63745952438,False,False,False,False,12455.822402650001,False,False,False,False
2025-07-17 16:00:00+00:00,30.725,30.77,30.685,30.7,8939.0,,,,,,,,,,,,,,,,,,,,,,,,31.24921656850216,,"rgba(38, 166, 154, 1.0)",0.0,0.0,0.6078456640885854,31.101883422805066,-0.6611603019454919,0.0,0.0,0.0,0.0,0.0,0.0,0.0,0.0,62.59657567004709,6.46656814797894,True,False,True,False,True,0.0,0,0.9867831012508849,0.9473684210526315,False,False,False,False,-0.17281107202661183,-0.19353559812451018,False,False,False,False,-165972.0,-133135.74385550074,False,False,False,False,12401.298024314343,False,False,False,False
2025-07-17 17:00:00+00:00,30.7,30.755,30.645,30.735,13108.0,,,,,,,,,,,,,,,,,,,,,,,,31.247300025177797,,"rgba(38, 166, 154, 1.0)",0.0,0.0,0.5976827851893113,31.10178927334196,-0.6136855242129547,0.0,0.0,0.0,0.0,0.0,0.0,0.0,0.0,64.96280459363595,8.467968758960922,True,False,True,False,True,0.0,0,0.989583333333333,0.9457859848484849,False,False,False,False,-0.18148035268577484,-0.18750797540514252,False,False,False,False,-152864.0,-133441.60829184958,False,False,False,False,12412.254644092414,False,False,False,False
2025-07-17 18:00:00+00:00,30.735,30.98,30.73,30.945,16309.0,,,,,,,,,,,,,,,,,,,,,,,,31.245699963027395,,"rgba(38, 166, 154, 1.0)",0.0,0.0,0.5850683104799536,31.104122705834776,-0.27197286707297674,0.0,0.0,0.0,0.0,0.0,0.0,0.0,0.0,69.19076438255138,12.2994358823034,True,False,True,False,True,0.3079840985198281,0,0.9943661971830984,0.9300469483568075,False,False,False,False,-0.132930271549338,-0.16021912347724027,False,False,False,False,-136555.0,-133489.87793073565,False,False,False,False,12472.669300773152,False,False,False,False
2025-07-17 19:00:00+00:00,30.945,30.985,30.885,30.91,30952.0,,,,,,,,,,,,,,,,,,,,,,,,31.243048161929433,,"rgba(38, 166, 154, 1.0)",0.0,0.0,0.5742319743451236,31.108146631161627,-0.34506373732950246,0.0,0.0,0.0,0.0,0.0,0.0,0.0,0.0,70.7957910594582,13.765857725562768,True,False,True,False,True,0.0,0,1.0070621468926553,0.9284369114877588,False,False,False,False,-0.10812777835655464,-0.13417345091689745,False,False,False,False,-167507.0,-134017.27517211958,False,False,False,False,12759.170551923955,False,False,False,False
2025-07-18 14:00:00+00:00,31.02,31.045,30.84,30.87,8476.0,,,,,,,,,,,,,,,,,,,,,,,,31.242310730102133,,"rgba(38, 166, 154, 1.0)",0.0,0.0,0.5583676498798704,31.08715536060538,-0.38891107078301934,0.0,0.0,0.0,0.0,0.0,0.0,0.0,0.0,70.46317454080643,13.765857725562768,True,False,True,False,True,0.0,0,1.012048192771084,0.9239310181904086,False,False,False,False,-0.10580978864369557,-0.11999161978029652,False,False,False,False,-175983.0,-134667.9065647999,False,False,False,False,12692.764806932884,False,False,False,False
2025-07-18 15:00:00+00:00,30.87,30.96,30.865,30.955,12744.0,,,,,,,,,,,,,,,,,,,,,,,,31.241236612587404,,"rgba(38, 166, 154, 1.0)",0.0,0.0,0.5438929329587383,31.08853241734432,-0.24551232283515176,0.0,0.0,0.0,0.0,0.0,0.0,0.0,0.0,71.44612036918258,14.853855526535384,True,False,True,False,True,0.4970532913487524,0,1.0140175813732475,0.9237348538845329,False,False,False,False,-0.11508879909146849,-0.1175402094358825,False,False,False,False,-163239.0,-135110.8692537177,False,False,False,False,12693.559151011445,False,False,False,False
2025-07-18 16:00:00+00:00,30.955,30.96,30.805,30.815,19333.0,,,,,,,,,,,,,,,,,,,,,,,,31.239278642517515,,"rgba(38, 166, 154, 1.0)",0.0,0.0,0.5281821194922127,31.087332399956136,-0.5156032169698421,0.0,0.0,0.0,0.0,0.0,0.0,0.0,0.0,67.66029415948347,14.853855526535384,True,False,True,False,False,0.0,0,1.0023584905660374,0.922877358490566,False,False,False,False,-0.12438758341562774,-0.12096389642575511,False,False,False,False,-182572.0,-135846.70073815619,False,False,False,False,12796.496218437624,False,False,False,False
2025-07-18 17:00:00+00:00,30.815,30.855,30.755,30.855,31582.0,,,,,,,,,,,,,,,,,,,,,,,,31.235804110455973,,"rgba(38, 166, 154, 1.0)",0.0,0.0,0.5227438264657386,31.084845685653942,-0.43969086580691763,0.0,0.0,0.0,0.0,0.0,0.0,0.0,0.0,65.86971294852042,14.853855526535384,True,False,True,False,False,0.0,0,0.9999999999999997,0.928169014084507,False,False,False,False,-0.14851288687516306,-0.1347383916504591,False,False,False,False,-150990.0,-136081.48057167314,False,False,False,False,13087.744339082003,False,False,False,False
2025-07-18 18:00:00+00:00,30.855,30.885,30.825,30.835,15637.0,,,,,,,,,,,,,,,,,,,,,,,,31.234214499787907,,"rgba(38, 166, 154, 1.0)",0.0,0.0,0.5161985353794228,31.084452602738214,-0.4832493423385192,0.0,0.0,0.0,0.0,0.0,0.0,0.0,0.0,64.05160072616506,20.305019980348334,True,False,True,False,False,0.0,0,1.003277153558052,0.9269662921348314,False,False,False,False,-0.132930271549338,-0.13383433159989855,False,False,False,False,-166627.0,-136555.05451629838,False,False,False,False,13127.267682662126,False,False,False,False
2025-07-18 19:00:00+00:00,30.835,30.86,30.795,30.83,26453.0,,,,,,,,,,,,,,,,,,,,,,,,31.231417009922417,,"rgba(38, 166, 154, 1.0)",0.0,0.0,0.5123962606497637,31.083064814269058,-0.4938849747813361,0.0,0.0,0.0,0.0,0.0,0.0,0.0,0.0,62.67062540853502,18.71413796927024,True,False,True,False,False,0.0,0,1.001866977829638,0.9283547257876312,False,False,False,False,-0.14149229217027157,-0.13766331188508507,False,False,False,False,-193080.0,-137431.41026023176,False,False,False,False,13333.868183706125,False,False,False,False
2025-07-21 14:00:00+00:00,30.615,30.71,30.515,30.705,13097.0,,,,,,,,,,,,,,,,,,,,,,,,31.229417027602487,,"rgba(38, 166, 154, 1.0)",0.0,0.0,0.5075882917028385,31.045117118486182,-0.6700649405154153,0.0,0.0,0.0,0.0,0.0,0.0,0.0,0.0,57.93854273669202,14.079182778375383,True,False,True,False,False,0.0,0,0.9912603495860165,0.9307727690892365,False,False,False,False,-0.20925155720685454,-0.1734574345459698,False,False,False,False,-206177.0,-138497.23335697234,False,False,False,False,13330.195808764944,False,False,False,False
2025-07-21 15:00:00+00:00,30.705,30.82,30.695,30.745,7031.0,,,,,,,,,,,,,,,,,,,,,,,,31.228549419827008,,"rgba(38, 166, 154, 1.0)",0.0,0.0,0.5012641406869935,31.04622326364127,-0.6009272141997549,0.0,0.0,0.0,0.0,0.0,0.0,0.0,0.0,55.88806290603326,12.050286916921976,True,False,True,False,False,0.0,0,0.999542648067688,0.9261376629316259,False,False,False,False,-0.16338287413146088,-0.16842015433871532,False,False,False,False,-199146.0,-139437.52431267817,False,False,False,False,13232.533858241455,False,False,False,False
2025-07-21 16:00:00+00:00,30.745,30.815,30.67,30.67,15503.0,,,,,,,,,,,,,,,,,,,,,,,,31.226507440644436,,"rgba(38, 166, 154, 1.0)",0.0,0.0,0.4962258640055339,31.044736292892356,-0.7551728357475846,0.0,0.0,0.0,0.0,0.0,0.0,0.0,0.0,52.45957181909682,8.731969718535062,False,False,False,False,False,0.0,0,0.998389694041868,0.9330572808833679,False,False,False,False,-0.16809327235207783,-0.16825671334539657,False,False,False,False,-214649.0,-140603.59370317927,False,False,False,False,13267.734883695075,False,False,False,False
2025-07-21 17:00:00+00:00,30.67,30.675,30.515,30.58,29364.0,,,,,,,,,,,,,,,,,,,,,,,,31.22171871042037,,"rgba(38, 166, 154, 1.0)",0.0,0.0,0.4860238380687728,30.998268851410295,-0.8605932850378235,0.0,0.0,0.0,0.0,0.0,0.0,0.0,0.0,48.063477889650926,4.595100554727921,False,False,False,True,False,0.0,0,0.9885321100917429,0.939678899082569,False,False,False,False,-0.21484284969622813,-0.19154978152081237,False,False,False,False,-244013.0,-142206.8403124323,False,False,False,False,13517.289381622282,False,False,False,False
2025-07-21 18:00:00+00:00,30.585,30.715,30.585,30.65,16913.0,,,,,,,,,,,,,,,,,,,,,,,,31.21925195070329,,"rgba(38, 166, 154, 1.0)",0.0,0.0,0.46931613080157275,30.996456091280074,-0.7382147523639174,0.0,0.0,0.0,0.0,0.0,0.0,0.0,0.0,47.325512959990164,3.835571061438955,False,False,False,True,False,0.0,0,0.992668957617411,0.9372279495990836,False,False,False,False,-0.19731304077750172,-0.19443141114915705,False,False,False,False,-227100.0,-143523.0133308442,False,False,False,False,13569.9360578762,False,False,False,False
2025-07-21 19:00:00+00:00,30.65,30.655,30.525,30.54,37147.0,,,,,,,,,,,,,,,,,,,,,,,,31.213188370417267,,"rgba(38, 166, 154, 1.0)",0.0,0.0,0.45260295230185976,30.986119583163294,-0.9856753715246629,0.0,0.0,0.0,0.0,0.0,0.0,0.0,0.0,44.37720577174612,0.9078909472393093,False,True,False,True,False,0.0,0,0.9963277484507687,0.9361946293321093,False,False,False,False,-0.2164427802306801,-0.20543709568991858,False,False,False,False,-264247.0,-145394.70304664507,False,False,False,False,13935.471932947887,False,False,False,False
2025-07-22 14:00:00+00:00,30.55,30.705,30.53,30.685,5606.0,,,,,,,,,,,,,,,,,,,,,,,,31.21237747804674,,"rgba(38, 166, 154, 1.0)",0.0,0.0,0.43391549598693036,30.98540987694572,-0.6923234586551155,0.0,0.0,0.0,0.0,0.0,0.0,0.0,0.0,46.35851947512509,0.9078909472393093,False,True,False,True,False,0.0,0,0.9956541628545286,0.9318389752973468,False,False,False,False,-0.20765642542223642,-0.2065467605560775,False,False,False,False,-258641.0,-147150.45958855754,False,False,False,False,13806.33283321226,False,False,False,False
2025-07-22 15:00:00+00:00,30.685,30.825,30.655,30.785,10309.0,,,,,,,,,,,,,,,,,,,,,,,,31.211190683064448,,"rgba(38, 166, 154, 1.0)",0.0,0.0,0.4137881143816588,30.98604181584767,-0.4858569128987566,0.0,0.0,0.0,0.0,0.0,0.0,0.0,0.0,49.83093985983723,0.9078909472393093,False,False,False,False,True,0.0,0,1.0015974440894566,0.9272021907804656,False,False,False,False,-0.168879052176659,-0.18771290636636825,False,False,False,False,-248332.0,-148719.1656414481,False,False,False,False,13752.110618743853,False,False,False,False
2025-07-22 16:00:00+00:00,30.785,30.865,30.775,30.79,11351.0,,,,,,,,,,,,,,,,,,,,,,,,31.210047724950737,,"rgba(38, 166, 154, 1.0)",0.0,0.0,0.39210648489335087,30.987448168358753,-0.5035575180871035,0.0,0.0,0.0,0.0,0.0,0.0,0.0,0.0,52.25042281626245,-4.302808816332565,False,False,True,False,True,0.0,0,1.005522319374137,0.9348826507132997,False,False,False,False,-0.14383091777069137,-0.16577191206852981,False,False,False,False,-236981.0,-150087.56617413883,False,False,False,False,13714.884097523018,False,False,False,False
2025-07-22 17:00:00+00:00,30.79,30.825,30.73,30.735,14171.0,,,,,,,,,,,,,,,,,,,,,,,,31.208464531863438,,"rgba(38, 166, 154, 1.0)",0.0,0.0,0.3684716180837493,30.987814507277836,-0.6861166365882072,0.0,0.0,0.0,0.0,0.0,0.0,0.0,0.0,52.29558312988199,-4.010507819503843,False,False,True,False,True,0.0,0,1.0032250633494586,0.9361898180142825,False,False,False,False,-0.15711346629702733,-0.16144268918277857,False,False,False,False,-251152.0,-151654.4566210514,False,False,False,False,13721.955661902506,False,False,False,False
2025-07-22 18:00:00+00:00,30.735,30.83,30.735,30.775,12855.0,,,,,,,,,,,,,,,,,,,,,,,,31.207091450093685,,"rgba(38, 166, 154, 1.0)",0.0,0.0,0.3426460364665384,30.988232421698502,-0.6223110703319834,0.0,0.0,0.0,0.0,0.0,0.0,0.0,0.0,53.327990294982186,-2.6709276956843624,False,False,True,False,True,0.0,0,1.0123026926648095,0.9331476323119778,False,False,False,False,-0.15554804530462407,-0.15849536724370134,False,False,False,False,-238297.0,-152997.75186723663,False,False,False,False,13708.514488849753,False,False,False,False
2025-07-22 19:00:00+00:00,30.775,30.825,30.76,30.8,25219.0,,,,,,,,,,,,,,,,,,,,,,,,31.204516854123714,,"rgba(38, 166, 154, 1.0)",0.0,0.0,0.3141483267042692,30.989043815192332,-0.6017661057615374,0.0,0.0,0.0,0.0,0.0,0.0,0.0,0.0,54.64842826568101,-1.0459861088484104,True,False,True,False,True,0.0,0,1.0115484327127031,0.9406080603346689,False,False,False,False,-0.15241946281751403,-0.15545741503060767,False,False,False,False,-213078.0,-153929.22858247324,False,False,False,False,13886.971628557507,False,False,False,False
2025-07-23 14:00:00+00:00,31.065,31.185,31.01,31.185,8465.0,,,,,,,,,,,,,,,,,,,,,,,,31.20435393785729,,"rgba(38, 166, 154, 1.0)",0.0,0.0,0.2880740958236356,30.992638003245567,0.6677518025508254,0.0,0.0,0.0,0.0,0.0,0.0,0.0,0.0,61.567388669893994,5.603737144252207,True,False,True,False,True,5.154696272586595,0,0.9962807996280799,0.9351464435146445,False,False,False,False,-0.05812092480908009,-0.10678916991984388,False,False,False,False,-204613.0,-154715.02348817134,False,False,False,False,13802.910052920955,False,False,False,False
2025-07-23 15:00:00+00:00,31.18,31.355,31.17,31.28,13291.0,,,,,,,,,,,,,,,,,,,,,,,,31.204563470150855,,"rgba(38, 166, 154, 1.0)",0.0,0.0,0.261903754414664,31.00005336462658,1.0688912650339086,0.0,0.0,0.0,0.0,0.0,0.0,0.0,0.0,67.04364099639278,10.598598522414875,True,False,True,False,True,6.614587522236562,0,0.9999999999999999,0.936031635264015,False,False,False,False,-0.007639052402154933,-0.057214111160999406,False,False,False,False,-191322.0,-155282.57351161054,False,False,False,False,13794.973462953189,False,False,False,False
2025-07-23 16:00:00+00:00,31.28,31.315,31.185,31.21,10103.0,,,,,,,,,,,,,,,,,,,,,,,,31.20464319101464,,"rgba(38, 166, 154, 1.0)",0.0,0.0,0.2301118607729467,31.004895015024772,0.8913273061470207,0.0,0.0,0.0,0.0,0.0,0.0,0.0,0.0,68.60653062356141,11.954910678890641,True,False,True,False,True,5.351808638426338,0,0.9913063909774433,0.9445488721804511,False,False,False,False,-0.011458849589933555,-0.03433648037546648,False,False,False,False,-201425.0,-155997.95996879486,False,False,False,False,13737.73356430275,False,False,False,False
2025-07-23 17:00:00+00:00,31.21,31.315,31.2,31.255,8313.0,,,,,,,,,,,,,,,,,,,,,,,,31.204749273582333,,"rgba(38, 166, 154, 1.0)",0.0,0.0,0.2381351157079803,31.00883741158314,1.0337097394687558,0.0,0.0,0.0,0.0,0.0,0.0,0.0,0.0,70.16568782140173,13.492007373490324,True,False,True,False,True,6.051605637871777,0,0.9990554899645807,0.9402597402597404,False,False,False,False,-0.009166938285797559,-0.02175170933063202,False,False,False,False,-193112.0,-156573.3714421469,False,False,False,False,13653.629167956971,False,False,False,False
2025-07-23 18:00:00+00:00,31.26,31.305,31.25,31.295,7836.0,,,,,,,,,,,,,,,,,,,,,,,,31.20490003208002,,"rgba(38, 166, 154, 1.0)",0.0,0.0,0.24454449290247593,31.012606192931138,1.1547747557802597,0.0,0.0,0.0,0.0,0.0,0.0,0.0,0.0,71.66852711133097,15.097391230269096,True,False,True,False,True,6.6742897570100155,0,0.9999999999999998,0.9412464319695529,False,False,False,False,-0.0030555802013826137,-0.012403644766007317,False,False,False,False,-185276.0,-157018.37343529187,False,False,False,False,13563.433366903375,False,False,False,False
2025-07-23 19:00:00+00:00,31.295,31.345,31.265,31.335,25616.0,,,,,,,,,,,,,,,,,,,,,,,,31.20558620929317,,"rgba(38, 166, 154, 1.0)",0.0,0.0,0.2564390941508913,31.02467719177573,1.2101228529596733,0.0,0.0,0.0,0.0,0.0,0.0,0.0,0.0,73.13728749583527,16.747749534349126,True,False,True,False,True,7.298193817560911,0,0.992612011439466,0.9430409914204005,False,False,False,False,0.005347257661311767,-0.003528193552347775,False,False,False,False,-159660.0,-157059.3288859075,False,False,False,False,13750.29486509092,False,False,False,False
2025-07-24 14:00:00+00:00,31.31,31.44,31.29,31.35,5855.0,,,,,,,,,,,,,,,,,,,,,,,,31.205805859973772,,"rgba(38, 166, 154, 1.0)",0.0,0.0,0.26784676942575425,31.03048602159375,1.192898383994959,0.0,0.0,0.0,0.0,0.0,0.0,0.0,0.0,74.29828609735914,18.16445246270854,True,False,True,False,True,7.533928926679234,0,0.9912093133760985,0.9396531242575433,False,False,False,False,0.023684967100399794,0.01007838677402601,False,False,False,False,-153805.0,-157008.87417449808,False,False,False,False,13627.88719276393,False,False,False,False
2025-07-24 15:00:00+00:00,31.35,31.395,31.295,31.355,13919.0,,,,,,,,,,,,,,,,,,,,,,,,31.206286212456416,,"rgba(38, 166, 154, 1.0)",0.0,0.0,0.2787349478825592,31.036280098794037,1.1434515249241397,0.0,0.0,0.0,0.0,0.0,0.0,0.0,0.0,75.13835016005629,19.32951423369674,True,False,True,False,True,7.613737225657502,0,0.9954740352548832,0.9409242496426872,False,False,False,False,0.017571236493399374,0.013824811633712693,False,False,False,False,-139886.0,-156743.403257064,False,False,False,False,13632.400569620302,False,False,False,False
2025-07-24 16:00:00+00:00,31.355,31.435,31.325,31.405,12523.0,,,,,,,,,,,,,,,,,,,,,,,,31.206836552009374,,"rgba(38, 166, 154, 1.0)",0.0,0.0,0.290994071330452,31.042720462539855,1.2449722284848306,0.0,0.0,0.0,0.0,0.0,0.0,0.0,0.0,76.37116236502155,20.879397188526127,True,False,True,False,True,8.417442890637115,0,1.003116011505273,0.9314477468839887,False,False,False,False,0.028271402076951717,0.021048106855332205,False,False,False,False,-127363.0,-156287.89312904747,False,False,False,False,13615.20056078898,False,False,False,False
2025-07-24 17:00:00+00:00,31.405,31.405,31.275,31.285,7387.0,,,,,,,,,,,,,,,,,,,,,,,,31.207040955671694,,"rgba(38, 166, 154, 1.0)",0.0,0.0,0.2987509734612884,31.045086268224168,0.8030558996887084,0.0,0.0,0.0,0.0,0.0,0.0,0.0,0.0,72.19127378847804,20.879397188526127,True,False,True,False,False,6.050082983940452,0,1.0052948255114318,0.9323706377858002,False,False,False,False,0.016043026882397407,0.018545566868864806,False,False,False,False,-134750.0,-155953.9723053413,False,False,False,False,13518.6393117845,False,False,False,False
2025-07-24 18:00:00+00:00,31.285,31.305,31.205,31.245,15291.0,,,,,,,,,,,,,,,,,,,,,,,,31.20720478381664,,"rgba(38, 166, 154, 1.0)",0.0,0.0,0.30535867257840044,31.048125951657603,0.6447304957151682,0.0,0.0,0.0,0.0,0.0,0.0,0.0,0.0,67.98719476974269,23.672325994142213,True,False,True,False,False,5.275190532763826,0,1.000966183574879,0.9359903381642513,False,False,False,False,-0.009930896831365377,0.004307335018749714,False,False,False,False,-150041.0,-155862.2983161112,False,False,False,False,13546.117772066911,False,False,False,False
2025-07-24 19:00:00+00:00,31.245,31.305,31.1,31.12,18093.0,,,,,,,,,,,,,,,,,,,,,,,,31.207065495076687,,"rgba(38, 166, 154, 1.0)",0.0,0.0,0.3090686678415748,31.05000679604803,0.22646489675183745,0.0,0.0,0.0,0.0,0.0,0.0,0.0,0.0,61.41578497132066,17.65735469600888,True,False,True,False,False,2.900260485554476,0,0.9935189630340854,0.9339894383101296,False,False,False,False,-0.025978078580773854,-0.010835371781012071,False,False,False,False,-168134.0,-156052.5572569467,False,False,False,False,13616.6120701744,False,False,False,False
2025-07-25 14:00:00+00:00,31.17,31.24,31.045,31.175,5089.0,,,,,,,,,,,,,,,,,,,,,,,,31.207000208514884,,"rgba(38, 166, 154, 1.0)",0.0,0.0,0.31359637224401904,31.04340319937313,0.41963750946860506,0.0,0.0,0.0,0.0,0.0,0.0,0.0,0.0,58.51541391753163,15.153478598796,False,False,True,False,False,3.845406741623975,0,0.9923591212989492,0.9364851957975168,False,False,False,False,-0.044334593340382665,-0.027584982560697368,False,False,False,False,-163045.0,-156160.96722195524,False,False,False,False,13484.401030326735,False,False,False,False
2025-07-25 15:00:00+00:00,31.175,31.305,31.175,31.26,17742.0,,,,,,,,,,,,,,,,,,,,,,,,31.207167528274066,,"rgba(38, 166, 154, 1.0)",0.0,0.0,0.31970746764001307,31.051191822648036,0.6531226151623116,0.0,0.0,0.0,0.0,0.0,0.0,0.0,0.0,58.62929221446214,15.153478598796,False,False,True,False,False,5.286565945281126,0,0.9976156413924652,0.9351454458750597,False,False,False,False,-0.01451492275790274,-0.021049952659300056,False,False,False,False,-145303.0,-155992.62664487064,False,False,False,False,13550.410316678259,False,False,False,False
2025-07-25 16:00:00+00:00,31.26,31.325,31.195,31.285,6341.0,,,,,,,,,,,,,,,,,,,,,,,,31.207259601517695,,"rgba(38, 166, 154, 1.0)",0.0,0.0,0.32502088636963367,31.05328110756455,0.7129353901642003,0.0,0.0,0.0,0.0,0.0,0.0,0.0,0.0,59.270383759241426,15.153478598796,False,False,True,False,False,5.707766164687953,0,0.9963244302866943,0.9507473658417055,False,False,False,False,-0.008402990440032454,-0.014726471549666255,False,False,False,False,-138962.0,-155728.58592169435,False,False,False,False,13438.636513318905,False,False,False,False
2025-07-25 17:00:00+00:00,31.285,31.36,31.275,31.335,7789.0,,,,,,,,,,,,,,,,,,,,,,,,31.207473831550406,,"rgba(38, 166, 154, 1.0)",0.0,0.0,0.33228969505744177,31.056707962933125,0.8374982468799366,0.0,0.0,0.0,0.0,0.0,0.0,0.0,0.0,60.81355339177434,15.153478598796,False,False,True,False,True,6.551758163763729,0,0.9874662079134919,0.9530597198328828,False,False,False,False,0.009166907727675746,-0.0027797819109952543,False,False,False,False,-131173.0,-155347.87916321846,False,False,False,False,13351.045249546518,False,False,False,False
2025-07-25 18:00:00+00:00,31.335,31.37,31.315,31.355,9216.0,,,,,,,,,,,,,,,,,,,,,,,,31.207777134534968,,"rgba(38, 166, 154, 1.0)",0.0,0.0,0.33962397065190814,31.060747237890844,0.8664075198942475,0.0,0.0,0.0,0.0,0.0,0.0,0.0,0.0,62.28492587892364,15.153478598796,False,False,True,False,True,6.890365398669008,0,0.9876329458323025,0.9559732871629979,False,False,False,False,0.01680712187587926,0.007013669982442003,False,False,False,False,-121957.0,-154830.1911141763,False,False,False,False,13286.936020871379,False,False,False,False
2025-07-25 19:00:00+00:00,31.355,31.365,31.29,31.305,13831.0,,,,,,,,,,,,,,,,,,,,,,,,31.208142926675947,,"rgba(38, 166, 154, 1.0)",0.0,0.0,0.345331450653916,31.065315822405182,0.6940699352490313,0.0,0.0,0.0,0.0,0.0,0.0,0.0,0.0,61.22753436964681,15.153478598796,False,False,True,False,True,5.869815320543143,0,0.9841348537431825,0.9551313832424394,False,False,False,False,0.012222815027039459,0.009618242504740731,False,False,False,False,-135788.0,-154534.96334496426,False,False,False,False,13295.371121322985,False,False,False,False
2025-07-28 14:00:00+00:00,31.08,31.235,31.055,31.145,6388.0,,,,,,,,,,,,,,,,,,,,,,,,31.20804801148265,,"rgba(38, 166, 154, 1.0)",0.0,0.0,0.3479091343521945,31.06517014968163,0.2294560344528224,0.0,0.0,0.0,0.0,0.0,0.0,0.0,0.0,55.55061228314878,11.36690626000793,False,True,True,False,False,2.7076176907783918,0,0.9702848722986246,0.9599705304518665,False,False,False,False,-0.04356922784134742,-0.016975492668303345,False,False,False,False,-142176.0,-154343.35151015862,False,False,False,False,13188.280096186194,False,False,False,False
2025-07-28 15:00:00+00:00,31.145,31.265,31.105,31.225,9789.0,,,,,,,,,,,,,,,,,,,,,,,,31.208025685343426,,"rgba(38, 166, 154, 1.0)",0.0,0.0,0.3513573807520443,31.06610212895395,0.45224002611229164,0.0,0.0,0.0,0.0,0.0,0.0,0.0,0.0,54.07800638964825,9.907605450198908,False,True,True,False,False,4.121652401427948,0,0.9790897908979088,0.9586715867158669,False,False,False,False,-0.031329704810734146,-0.024152598739518746,False,False,False,False,-132387.0,-154002.94295961352,False,False,False,False,13135.57807919106,False,False,False,False
2025-07-28 16:00:00+00:00,31.225,31.335,31.215,31.24,19945.0,,,,,,,,,,,,,,,,,,,,,,,,31.208283458245965,,"rgba(38, 166, 154, 1.0)",0.0,0.0,0.3535825272882303,31.07026249131522,0.4800506121910659,0.0,0.0,0.0,0.0,0.0,0.0,0.0,0.0,53.51243039963154,9.1739183503244,False,True,True,False,False,4.385914008736961,0,0.9772671114405731,0.9649122807017544,False,False,False,False,-0.0038194781186621928,-0.013986038429090469,False,False,False,False,-112442.0,-153358.58725481332,False,False,False,False,13241.150512071818,False,False,False,False
2025-07-28 17:00:00+00:00,31.245,31.435,31.24,31.355,24797.0,,,,,,,,,,,,,,,,,,,,,,,,31.209061498552877,,"rgba(38, 166, 154, 1.0)",0.0,0.0,0.35939357080875517,31.07788125777116,0.7710731764211322,0.0,0.0,0.0,0.0,0.0,0.0,0.0,0.0,56.00150072754234,9.1739183503244,False,True,True,False,False,6.387186481784877,1,0.9743652945526248,0.9630268671432094,False,False,False,False,0.015278950620011608,0.0006464560954605693,False,False,False,False,-87645.0,-152339.77194853715,False,False,False,False,13420.310969248998,False,False,False,False
2025-07-28 18:00:00+00:00,31.355,31.425,31.305,31.42,34420.0,,,,,,,,,,,,,,,,,,,,,,,,31.210444070233276,,"rgba(38, 166, 154, 1.0)",0.0,0.0,0.36655176741918405,31.088885105071505,0.9033236894745023,0.0,0.0,0.0,0.0,0.0,0.0,0.0,0.0,59.0004728431506,9.1739183503244,False,True,True,False,True,7.490675668206226,1,0.974580454096742,0.9664363277393878,False,False,False,False,0.07596248380650206,0.038304469950981315,False,False,False,False,-53225.0,-150803.10881755207,False,False,False,False,13745.887543369168,False,False,False,False
2025-07-28 19:00:00+00:00,31.42,31.52,31.405,31.465,57636.0,,,,,,,,,,,,,,,,,,,,,,,,31.21375951986893,,"rgba(38, 166, 154, 1.0)",0.0,0.0,0.37441241653768315,31.10932650703446,0.9499511160836267,0.0,0.0,0.0,0.0,0.0,0.0,0.0,0.0,61.866171781091055,6.190548848426481,False,False,True,False,True,8.249066852768237,0,1.0015060240963853,0.9545682730923696,False,False,False,False,0.11044689213064389,0.0743756810408126,False,False,False,False,4411.0,-148396.68852580705,False,False,False,False,14426.354403161895,False,False,False,False
2025-07-29 14:00:00+00:00,31.68,31.69,31.395,31.405,3306.0,,,,,,,,,,,,,,,,,,,,,,,,31.21397210775344,,"rgba(38, 166, 154, 1.0)",0.0,0.0,0.3805867565735959,31.120963162629018,0.7463129824278529,0.0,0.0,0.0,0.0,0.0,0.0,0.0,0.0,61.51834738645394,6.190548848426481,False,False,True,False,True,6.995827769418771,0,1.001992528019925,0.9300124533001246,False,False,False,False,0.1389348839036661,0.10665528247223935,False,False,False,False,1105.0,-146078.832889748,False,False,False,False,14253.945807764036,False,False,False,False
2025-07-29 15:00:00+00:00,31.405,31.485,31.315,31.425,5557.0,,,,,,,,,,,,,,,,,,,,,,,,31.21421729256519,,"rgba(38, 166, 154, 1.0)",0.0,0.0,0.3867188493833721,31.119613305795788,0.789686602272311,0.0,0.0,0.0,0.0,0.0,0.0,0.0,0.0,61.75949728451473,6.515598953596175,False,False,True,False,True,7.34226509697428,1,0.9980104451628947,0.9403133548868443,False,False,False,False,0.08831653043148921,0.09748590645186428,False,False,False,False,6662.0,-143710.75796122476,False,False,False,False,14119.109438651416,False,False,False,False
2025-07-29 16:00:00+00:00,31.425,31.615,31.39,31.605,12174.0,,,,,,,,,,,,,,,,,,,,,,,,31.215105961110456,,"rgba(38, 166, 154, 1.0)",0.0,0.0,0.39672484621401644,31.12696063562712,1.2049645212162918,0.0,0.0,0.0,0.0,0.0,0.0,0.0,0.0,65.2975919044876,10.094417920227755,True,False,True,False,True,10.366152156141773,0,1.0012437810945274,0.938805970149254,False,False,False,False,0.1246657230128153,0.1110758147323398,False,False,False,False,18836.0,-141190.65318663212,False,True,False,False,14088.952703168448,False,False,False,False
2025-07-29 17:00:00+00:00,31.605,31.675,31.55,31.6,9431.0,,,,,,,,,,,,,,,,,,,,,,,,31.215943722263077,,"rgba(38, 166, 154, 1.0)",0.0,0.0,0.4026838676893197,31.132784508690566,1.1602538090001244,0.0,0.0,0.0,0.0,0.0,0.0,0.0,0.0,67.45570518119877,12.27091041049976,True,False,True,False,True,10.25814428365437,0,1.0054903918143248,0.9373596206638383,False,False,False,False,0.16404548411149378,0.1375606494219168,False,False,False,False,9405.0,-138855.8368581572,False,False,False,False,14016.736382189092,False,False,False,False
2025-07-29 18:00:00+00:00,31.595,31.665,31.545,31.565,12872.0,,,,,,,,,,,,,,,,,,,,,,,,31.217033082378883,,"rgba(38, 166, 154, 1.0)",0.0,0.0,0.40650435765527265,31.138872073344526,1.0482739449913692,0.0,0.0,0.0,0.0,0.0,0.0,0.0,0.0,67.42402453068061,12.455216182436693,True,False,True,False,True,9.494536585445534,0,1.0009992505620782,0.9395453409942546,False,False,False,False,0.16134578233473112,0.14945321587832394,False,False,False,False,-3467.0,-136756.78512392222,False,False,False,False,13998.988531302439,False,False,False,False
2025-07-29 19:00:00+00:00,31.565,31.585,31.425,31.48,23293.0,,,,,,,,,,,,,,,,,,,,,,,,31.21849256806016,,"rgba(38, 166, 154, 1.0)",0.0,0.0,0.4089425497657865,31.14484490239725,0.8195652367177354,0.0,0.0,0.0,0.0,0.0,0.0,0.0,0.0,64.17453745124078,12.455216182436693,True,False,True,False,False,7.65988324657264,0,0.9950012496875779,0.9450137465633591,False,False,False,False,0.1336825633944835,0.1415678896364037,False,False,False,False,-26760.0,-135051.40861037304,False,False,False,False,14143.081732367516,False,False,False,False
2025-07-30 14:00:00+00:00,31.33,31.34,31.075,31.095,6943.0,,,,,,,,,,,,,,,,,,,,,,,,31.21841724424398,,"rgba(239, 83, 80, 1.0)",0.0,0.0,0.4070875130032575,31.143080658906293,-0.11810890133077825,0.0,0.0,0.0,0.0,0.0,0.0,0.0,0.0,53.878902118252014,9.65926576769381,False,True,False,False,False,0.12107164740769605,0,0.9788437884378842,0.9473554735547357,False,False,False,False,0.032150971238140945,0.08685943043727233,False,False,False,False,-33703.0,-133480.11545362306,False,False,False,False,14031.452558222283,False,False,False,False
2025-07-30 15:00:00+00:00,31.095,31.13,30.975,31.085,6303.0,,,,,,,,,,,,,,,,,,,,,,,,31.218198864657342,,"rgba(239, 83, 80, 1.0)",0.0,0.0,0.4056928785567306,31.140730186525502,-0.1373703840298203,0.0,0.0,0.0,0.0,0.0,0.0,0.0,0.0,46.87971882903787,3.6558840134585466,False,True,False,True,False,0.0,0,0.9778652238071815,0.9569601574028531,False,False,False,False,-0.023996391198903743,0.03143151961918429,False,False,False,False,-40006.0,-132030.90436131883,False,False,False,False,13911.631588327364,False,False,False,False
2025-07-30 16:00:00+00:00,31.085,31.135,30.995,31.125,10461.0,,,,,,,,,,,,,,,,,,,,,,,,31.21788829578731,,"rgba(239, 83, 80, 1.0)",0.0,0.0,0.4033695352674974,31.137731647241015,-0.031563234522835174,0.0,0.0,0.0,0.0,0.0,0.0,0.0,0.0,43.37840745063894,0.870970147909162,False,True,False,True,False,0.6715035774618201,0,0.9840373280943024,0.9503929273084478,False,False,False,False,-0.019467496528477197,0.005982011545353548,False,False,False,False,-29545.0,-130441.97561153093,False,False,False,False,13858.133424167248,False,False,False,False
2025-07-30 17:00:00+00:00,31.125,31.155,31.015,31.025,3045.0,,,,,,,,,,,,,,,,,,,,,,,,31.217784602395128,,"rgba(239, 83, 80, 1.0)",0.0,0.0,0.3993563853533054,31.136875675440326,-0.2801399440285704,0.0,0.0,0.0,0.0,0.0,0.0,0.0,0.0,39.495489957372115,-2.464863695698071,False,True,False,True,False,0.0,0,0.9830216535433068,0.9554625984251967,False,False,False,False,-0.012222848311997285,-0.003120418383321869,False,False,False,False,-32590.0,-128924.89071832888,False,False,False,False,13690.487944722796,False,False,False,False
2025-07-30 18:00:00+00:00,31.025,31.085,30.755,30.765,8389.0,,,,,,,,,,,,,,,,,,,,,,,,31.217132860517665,,"rgba(239, 83, 80, 1.0)",0.0,0.0,0.39724164928650585,31.13249720991832,-0.9251225559514943,0.0,0.0,0.0,0.0,0.0,0.0,0.0,0.0,34.03021390189202,-7.3550644637252205,False,True,False,True,False,0.0,0,0.9704445530043964,0.9592085979482167,False,False,False,False,-0.07209999867304549,-0.03761020852818368,False,False,False,False,-40979.0,-127561.38853664936,False,False,False,False,13608.294333176706,False,False,False,False
2025-07-30 19:00:00+00:00,30.765,30.835,30.615,30.705,33908.0,,,,,,,,,,,,,,,,,,,,,,,,31.213400828183563,,"rgba(239, 83, 80, 1.0)",0.0,0.0,0.39586542212268033,31.11227781754484,-1.0288289776888475,0.0,0.0,0.0,0.0,0.0,0.0,0.0,0.0,29.878855269552915,-11.067827914235835,False,True,False,True,False,0.0,0,0.9648093841642226,0.9726295210166178,False,False,False,False,-0.1435709954059808,-0.09059060196708224,False,False,False,False,-74887.0,-126744.73135003464,False,False,False,False,13923.018452042183,False,False,False,False
2025-07-31 14:00:00+00:00,31.11,31.15,30.905,30.98,13428.0,,,,,,,,,,,,,,,,,,,,,,,,31.21280486001016,,"rgba(239, 83, 80, 1.0)",0.0,0.0,0.39354117657189747,31.110124491917656,-0.33065025889071736,0.0,0.0,0.0,0.0,0.0,0.0,0.0,0.0,33.74527141942139,-11.067827914235835,False,True,False,True,True,0.0,0,0.9641740803077659,0.9547968261601346,False,False,False,False,-0.020745850573460137,-0.05566822627027119,False,False,False,False,-61459.0,-125732.54946863874,False,False,False,False,13915.343747359359,False,False,False,False
2025-07-31 15:00:00+00:00,30.98,31.085,30.885,31.08,9068.0,,,,,,,,,,,,,,,,,,,,,,,,31.212414342588357,,"rgba(239, 83, 80, 1.0)",0.0,0.0,0.3905878913904487,31.108843159356148,-0.07384550312983693,0.0,0.0,0.0,0.0,0.0,0.0,0.0,0.0,38.157593412502976,-11.067827914235835,False,True,False,True,True,0.13652130402010698,0,0.9669540229885055,0.9547413793103446,False,False,False,False,-0.02041009211515094,-0.038039159192711065,False,False,False,False,-52391.0,-124595.47118230324,False,False,False,False,13840.19113112123,False,False,False,False
2025-07-31 16:00:00+00:00,31.075,31.115,31.03,31.065,3283.0,,,,,,,,,,,,,,,,,,,,,,,,31.212311758878634,,"rgba(239, 83, 80, 1.0)",0.0,0.0,0.38689894390231816,31.108591494941038,-0.11266894269952431,0.0,0.0,0.0,0.0,0.0,0.0,0.0,0.0,40.85446725988608,-18.81896643979114,False,True,False,True,True,0.0,0,0.9884093711467323,0.950924784217016,False,False,False,False,0.014435370956900992,-0.011801894117905037,False,False,False,False,-55674.0,-123526.92124149234,False,False,False,False,13676.513749243382,False,False,False,False
2025-07-31 17:00:00+00:00,31.065,31.075,30.89,30.945,9965.0,,,,,,,,,,,,,,,,,,,,,,,,31.211783122467246,,"rgba(239, 83, 80, 1.0)",0.0,0.0,0.37944533962838767,31.106806202721593,-0.42642822515637885,0.0,0.0,0.0,0.0,0.0,0.0,0.0,0.0,40.75194186022238,-18.578523244472485,False,True,False,True,True,0.0,0,0.9711893622260525,0.9603545924649102,False,False,False,False,-0.02140600248221244,-0.01660394830005874,False,False,False,False,-65639.0,-122629.43409046145,False,False,False,False,13618.970900417902,False,False,False,False
2025-07-31 18:00:00+00:00,30.945,31.015,30.845,30.98,27967.0,,,,,,,,,,,,,,,,,,,,,,,,31.210169741793496,,"rgba(239, 83, 80, 1.0)",0.0,0.0,0.3745497236622028,31.101675213109935,-0.3248573031111636,0.0,0.0,0.0,0.0,0.0,0.0,0.0,0.0,41.45405514984437,-17.353902778836193,False,True,False,True,True,0.0,0,0.9758084423599108,0.959516168847198,False,False,False,False,-0.04233297959562101,-0.029468463947839876,False,False,False,False,-37672.0,-121312.2645696791,False,False,False,False,13841.420963977313,False,False,False,False
2025-07-31 19:00:00+00:00,30.975,31.035,30.85,30.945,39522.0,,,,,,,,,,,,,,,,,,,,,,,,31.207894542920023,,"rgba(239, 83, 80, 1.0)",0.0,0.0,0.3655789928318329,31.095419686810924,-0.4114560457802819,0.0,0.0,0.0,0.0,0.0,0.0,0.0,0.0,41.32347978632533,-16.810812768910765,False,True,False,True,True,0.0,0,0.9760138476755685,0.9584569732937683,False,False,False,False,-0.03734768952347977,-0.03340807673565982,False,False,False,False,-77194.0,-120628.2604678236,False,False,False,False,14239.56947616371,False,False,False,False
2025-08-01 14:00:00+00:00,30.385,30.6,30.28,30.52,9530.0,,,,,,,,,,,,,,,,,,,,,,,,31.20637368723718,,"rgba(239, 83, 80, 1.0)",0.0,0.0,0.36135141738587984,31.051059877230223,-1.4696493542824975,0.0,0.0,0.0,0.0,0.0,0.0,0.0,0.0,36.253548920833445,-16.810812768910765,False,True,False,True,False,0.0,0,0.9556412729026036,0.961186113789778,False,False,False,False,-0.24203908149107886,-0.13772357911336935,False,False,False,False,-86724.0,-120102.61301871005,False,False,False,False,14166.552895137915,False,False,False,False
2025-08-01 15:00:00+00:00,30.52,30.665,30.45,30.605,9225.0,,,,,,,,,,,,,,,,,,,,,,,,31.20511887306039,,"rgba(239, 83, 80, 1.0)",0.0,0.0,0.3559667967104488,31.049529970202183,-1.248796163884277,0.0,0.0,0.0,0.0,0.0,0.0,0.0,0.0,34.73822213357346,-16.810812768910765,False,True,False,True,False,0.0,0,0.9630429565634747,0.9580033597312215,False,False,False,False,-0.19299446953844732,-0.16535902432590832,False,False,False,False,-77499.0,-119442.09188663702,False,False,False,False,14089.939671957482,False,False,False,False
2025-08-01 16:00:00+00:00,30.6,30.655,30.535,30.545,11760.0,,,,,,,,,,,,,,,,,,,,,,,,31.20353903744667,,"rgba(239, 83, 80, 1.0)",0.0,0.0,0.3492492849856687,31.045619721139012,-1.4334165957120082,0.0,0.0,0.0,0.0,0.0,0.0,0.0,0.0,33.12859990640343,-9.658746408382683,False,True,False,True,False,0.0,0,0.9652996845425865,0.970638194612958,False,False,False,False,-0.17754363658981695,-0.17145133045786265,False,False,False,False,-89259.0,-118974.1369736659,False,False,False,False,14053.816576268218,False,False,False,False
2025-08-01 17:00:00+00:00,30.545,30.565,30.43,30.445,8605.0,,,,,,,,,,,,,,,,,,,,,,,,31.202207055890323,,"rgba(239, 83, 80, 1.0)",0.0,0.0,0.34526915992125723,31.04065139816579,-1.7251798518629173,0.0,0.0,0.0,0.0,0.0,0.0,0.0,0.0,31.09726953069411,-11.998528754137766,False,True,False,True,False,0.0,0,0.9576229907452506,0.9792985874330248,False,False,False,False,-0.21790973997648774,-0.1946805352171752,False,False,False,False,-97864.0,-118646.84802833773,False,False,False,False,13969.338799891966,False,False,False,False
2025-08-01 18:00:00+00:00,30.445,30.52,30.35,30.375,14204.0,,,,,,,,,,,,,,,,,,,,,,,,31.199822171691775,,"rgba(239, 83, 80, 1.0)",0.0,0.0,0.3403042888488874,31.031557118532948,-1.9293236672209362,0.0,0.0,0.0,0.0,0.0,0.0,0.0,0.0,29.108954075154777,-14.261589993559177,False,True,False,True,False,0.0,0,0.949185509360564,0.9824945295404814,False,False,False,False,-0.24415002331382826,-0.21941527926550175,False,False,False,False,-112068.0,-118544.85038448752,False,False,False,False,13972.976958033176,False,False,False,False
2025-08-01 19:00:00+00:00,30.375,30.515,30.355,30.46,30925.0,,,,,,,,,,,,,,,,,,,,,,,,31.194865105609285,,"rgba(239, 83, 80, 1.0)",0.0,0.0,0.3354323282672452,31.015816966426478,-1.657016690363986,0.0,0.0,0.0,0.0,0.0,0.0,0.0,0.0,29.971891047959197,-14.261589993559177,False,True,False,True,False,0.0,0,0.9452352231604342,0.9809408926417369,False,False,False,False,-0.24415002331382826,-0.23178265128966502,False,False,False,False,-81143.0,-117964.97673511562,False,False,False,False,14235.799020699329,False,False,False,False
2025-08-04 14:00:00+00:00,30.65,30.84,30.615,30.76,13753.0,,,,,,,,,,,,,,,,,,,,,,,,31.193538575312914,,"rgba(239, 83, 80, 1.0)",0.0,0.0,0.326623112558796,31.014641846256392,-0.7796198017387765,0.0,0.0,0.0,0.0,0.0,0.0,0.0,0.0,36.4272849633161,-20.014977175605345,False,True,False,True,True,0.0,0,0.9511963989575929,0.9680170575692961,False,False,False,False,-0.1235662671644526,-0.17767445922705882,False,False,False,False,-67390.0,-117180.86856867971,False,False,False,False,14228.313764564455,False,False,False,False
2025-08-04 15:00:00+00:00,30.755,30.82,30.73,30.775,2420.0,,,,,,,,,,,,,,,,,,,,,,,,31.19332469166226,,"rgba(239, 83, 80, 1.0)",0.0,0.0,0.31955733740884484,31.014507188534225,-0.749496758473107,0.0,0.0,0.0,0.0,0.0,0.0,0.0,0.0,40.9726998715294,-15.77363122420271,False,True,False,True,True,0.0,0,0.9568294409058741,0.9690964850200516,False,False,False,False,-0.10440486697104844,-0.14103966309905364,False,False,False,False,-64970.0,-116371.39773815754,False,False,False,False,14045.239132555704,False,False,False,False
2025-08-04 16:00:00+00:00,30.775,30.855,30.75,30.815,8461.0,,,,,,,,,,,,,,,,,,,,,,,,31.192635086985597,,"rgba(239, 83, 80, 1.0)",0.0,0.0,0.3141487138511837,31.01427602797211,-0.6343366029711239,0.0,0.0,0.0,0.0,0.0,0.0,0.0,0.0,44.68859198875322,-12.354079207230818,False,True,False,True,True,0.0,0,0.957981220657277,0.9676056338028166,False,False,False,False,-0.09334712819878016,-0.1171933956489169,False,False,False,False,-56509.0,-115443.29854841866,False,False,False,False,13958.661781663366,False,False,False,False
2025-08-04 17:00:00+00:00,30.815,30.82,30.745,30.795,6750.0,,,,,,,,,,,,,,,,,,,,,,,,31.19205828066843,,"rgba(239, 83, 80, 1.0)",0.0,0.0,0.3124542921526655,31.013834230288012,-0.7003719769069056,0.0,0.0,0.0,0.0,0.0,0.0,0.0,0.0,46.77244330087766,-10.38656384264069,False,False,False,False,True,0.0,0,0.9578947368421054,0.9693567251461986,False,False,False,False,-0.1013867089412059,-0.10929005229506139,False,False,False,False,-63259.0,-114634.2396561951,False,False,False,False,13846.899583498043,False,False,False,False
2025-08-04 18:00:00+00:00,30.795,30.835,30.78,30.795,5306.0,,,,,,,,,,,,,,,,,,,,,,,,31.19162461118337,,"rgba(239, 83, 80, 1.0)",0.0,0.0,0.31170561013129994,31.013547533194714,-0.701134423286939,0.0,0.0,0.0,0.0,0.0,0.0,0.0,0.0,48.16167750896062,-8.924347776047256,False,False,False,False,True,0.0,0,0.959636024265049,0.9687354176388239,False,False,False,False,-0.09133915178328565,-0.10031460203917353,False,False,False,False,-63259.0,-113837.7243126882,False,False,False,False,13714.482535691872,False,False,False,False
2025-08-04 19:00:00+00:00,30.795,30.9,30.78,30.87,19655.0,,,,,,,,,,,,,,,,,,,,,,,,31.19021862730338,,"rgba(239, 83, 80, 1.0)",0.0,0.0,0.31005327935046045,31.013218286272945,-0.46191508302371836,0.0,0.0,0.0,0.0,0.0,0.0,0.0,0.0,50.67480012617043,-6.332388019711402,False,False,False,False,True,0.0,0,0.9598607888631091,0.9658932714617168,False,False,False,False,-0.0783044636146162,-0.08930953282689486,False,False,False,False,-43604.0,-112748.82936210388,False,False,False,False,13806.583581650137,False,False,False,False
2025-08-05 14:00:00+00:00,30.78,30.83,30.555,30.675,12047.0,,,,,,,,,,,,,,,,,,,,,,,,31.18895159641868,,"rgba(239, 83, 80, 1.0)",0.0,0.0,0.31084811331177187,31.010746702807676,-1.0800988921265577,0.0,0.0,0.0,0.0,0.0,0.0,0.0,0.0,48.24518372221138,-6.332388019711402,False,False,False,False,True,0.0,0,0.9483192316487535,0.9677566887720098,False,False,False,False,-0.1377424064782355,-0.11352596965256517,False,False,False,False,-55651.0,-111863.59169757513,False,False,False,False,13779.303216043158,False,False,False,False
2025-08-05 15:00:00+00:00,30.675,30.735,30.595,30.735,15983.0,,,,,,,,,,,,,,,,,,,,,,,,31.187285954632006,,"rgba(239, 83, 80, 1.0)",0.0,0.0,0.3123738375958412,31.007541073412433,-0.8724836737609755,0.0,0.0,0.0,0.0,0.0,0.0,0.0,0.0,47.96702862858409,-6.332388019711402,False,False,False,False,True,0.0,0,0.9504658032265393,0.9722790274937511,False,False,False,False,-0.11560119622175742,-0.11456358293716129,False,False,False,False,-39668.0,-110744.28019838792,False,False,False,False,13813.469057654891,False,False,False,False
2025-08-05 16:00:00+00:00,30.735,30.815,30.68,30.78,10297.0,,,,,,,,,,,,,,,,,,,,,,,,31.186368453231633,,"rgba(239, 83, 80, 1.0)",0.0,0.0,0.3132738634381299,31.006214738116086,-0.7220989827667533,0.0,0.0,0.0,0.0,0.0,0.0,0.0,0.0,48.77358197748096,-6.332388019711402,False,False,False,False,True,0.0,0,0.9698326655668157,0.967475842564223,False,False,False,False,-0.07648332430014226,-0.09552345361865178,False,False,False,False,-29371.0,-109482.67895500205,False,False,False,False,13758.95015753621,False,False,False,False
2025-08-05 17:00:00+00:00,30.775,31.01,30.775,30.985,17772.0,,,,,,,,,,,,,,,,,,,,,,,,31.18540098565381,,"rgba(239, 83, 80, 1.0)",0.0,0.0,0.31288834608699584,31.006675005266175,-0.06927392962136282,0.0,0.0,0.0,0.0,0.0,0.0,0.0,0.0,53.02925818266065,-3.139275452388553,True,False,True,False,True,0.36441989527498464,0,0.9762576398683591,0.9478138222849078,False,False,False,False,-0.008220848661598192,-0.051872151140124986,False,False,False,False,-11599.0,-107965.10253709504,False,False,False,False,13821.167984551152,False,False,False,False
2025-08-05 18:00:00+00:00,30.985,30.995,30.84,30.875,7242.0,,,,,,,,,,,,,,,,,,,,,,,,31.18497885416843,,"rgba(239, 83, 80, 1.0)",0.0,0.0,0.31320053731836917,31.00666887773167,-0.42039799439369463,0.0,0.0,0.0,0.0,0.0,0.0,0.0,0.0,53.4150965235905,-2.5027027573149567,True,False,True,False,True,0.0,0,0.9869482676791645,0.9485049833887039,False,False,False,False,0.003523122511019031,-0.02417451431455298,False,False,False,False,-18841.0,-106583.33350551217,False,False,False,False,13719.165380139506,False,False,False,False
2025-08-05 19:00:00+00:00,30.875,30.905,30.8,30.8,25163.0,,,,,,,,,,,,,,,,,,,,,,,,31.183168399271118,,"rgba(239, 83, 80, 1.0)",0.0,0.0,0.3133281818628642,31.004956450128184,-0.6541270846102414,0.0,0.0,0.0,0.0,0.0,0.0,0.0,0.0,52.15576588721996,-2.5027027573149567,True,False,True,False,True,0.0,0,0.9855072463768114,0.9415538132573054,False,False,False,False,-0.027017269400358816,-0.025595891857455897,False,False,False,False,-44004.0,-105613.11128062052,False,False,False,False,13896.589172695481,False,False,False,False
2025-08-06 14:00:00+00:00,31.005,31.3,30.94,31.265,6675.0,,,,,,,,,,,,,,,,,,,,,,,,31.183148069678108,,"rgba(38, 166, 154, 1.0)",0.0,0.0,0.3142569242106736,31.00642802595896,0.8228043811301882,0.0,0.0,0.0,0.0,0.0,0.0,0.0,0.0,57.516552694199355,1.7333849346340315,True,False,True,False,True,4.6010705611028975,0,0.9887693027608796,0.9197473093121195,False,False,False,False,0.09896952973979178,0.036686818941167945,False,False,False,False,-37329.0,-104554.44288867291,False,False,False,False,13784.626549862993,False,False,False,False
2025-08-06 15:00:00+00:00,31.265,31.39,31.23,31.305,12203.0,,,,,,,,,,,,,,,,,,,,,,,,31.183460908821893,,"rgba(38, 166, 154, 1.0)",0.0,0.0,0.3154014601757889,31.015595003557298,0.917576590423526,0.0,0.0,0.0,0.0,0.0,0.0,0.0,0.0,61.455768637638926,5.422570875449203,True,False,True,False,True,5.170536869119996,0,1.0044590471720254,0.9155127904247825,False,False,False,False,0.19015974868957433,0.11342328381537115,False,False,False,False,-25126.0,-103322.99416171675,False,False,False,False,13760.105208004652,False,False,False,False
2025-08-06 16:00:00+00:00,31.305,31.34,31.185,31.21,17942.0,,,,,,,,,,,,,,,,,,,,,,,,31.183686192851077,,"rgba(38, 166, 154, 1.0)",0.0,0.0,0.31541882638164565,31.018306071966315,0.6077440913490159,0.0,0.0,0.0,0.0,0.0,0.0,0.0,0.0,62.130844358389,6.111447732932241,True,False,True,False,True,3.6291101642282477,0,1.0039943609022555,0.914003759398496,False,False,False,False,0.16712596673286592,0.14027462527411855,False,False,False,False,-43068.0,-102388.80820572114,False,False,False,False,13824.940786175122,False,False,False,False
2025-08-06 17:00:00+00:00,31.21,31.255,31.135,31.225,11346.0,,,,,,,,,,,,,,,,,,,,,,,,31.18373542038216,,"rgba(38, 166, 154, 1.0)",0.0,0.0,0.31408076943625257,31.019780795076905,0.6533962753958074,0.0,0.0,0.0,0.0,0.0,0.0,0.0,0.0,62.76074045396997,6.927962811482487,True,False,True,False,True,3.8495182435058837,0,1.0014147606696533,0.9186512614949301,False,False,False,False,0.13468754749917988,0.13748108638664921,False,False,False,False,-31722.0,-101293.19877617506,False,False,False,False,13786.507595691786,False,False,False,False
2025-08-06 18:00:00+00:00,31.225,31.3,31.22,31.295,11072.0,,,,,,,,,,,,,,,,,,,,,,,,31.183933160962557,,"rgba(38, 166, 154, 1.0)",0.0,0.0,0.31379509295127467,31.02277465005266,0.8675258347319393,0.0,0.0,0.0,0.0,0.0,0.0,0.0,0.0,64.04395141093434,8.43559992755025,True,False,True,False,True,4.880675324595963,0,1.0040141676505312,0.9138134592680044,False,False,False,False,0.16591872222014725,0.15169990430339825,False,False,False,False,-20650.0,-100042.91662460646,False,False,False,False,13744.422206611292,False,False,False,False
2025-08-06 19:00:00+00:00,31.295,31.315,31.205,31.285,26417.0,,,,,,,,,,,,,,,,,,,,,,,,31.18438359308206,,"rgba(38, 166, 154, 1.0)",0.0,0.0,0.312139839301583,31.029141255601292,0.8196926895688651,0.0,0.0,0.0,0.0,0.0,0.0,0.0,0.0,64.64550464783791,9.344964641924996,True,False,True,False,True,4.712273008178553,0,1.0035360678925034,0.9113625648279109,False,False,False,False,0.16591872222014725,0.15880931326177275,False,False,False,False,-47067.0,-99221.58458391488,False,False,False,False,13940.896280927396,False,False,False,False
2025-08-07 14:00:00+00:00,30.66,30.675,30.29,30.47,21416.0,,,,,,,,,,,,,,,,,,,,,,,,31.181341996880246,,"rgba(239, 83, 80, 1.0)",0.0,0.0,0.3145979559275817,31.012986603996257,-1.7259699046526866,0.0,0.0,0.0,0.0,0.0,0.0,0.0,0.0,53.81169145493426,9.786591834319466,True,False,False,False,False,0.0,0,0.9821549582109778,0.9164219561779983,False,False,False,False,-0.20358531898220367,-0.02238800286021546,False,False,False,False,-68483.0,-98745.01738106349,False,False,False,False,14056.78936184325,False,False,False,False
2025-08-07 15:00:00+00:00,30.47,30.51,30.1,30.18,11059.0,,,,,,,,,,,,,,,,,,,,,,,,31.17930436756519,,"rgba(239, 83, 80, 1.0)",0.0,0.0,0.3269596222693766,31.003263453344545,-2.517936152575659,0.0,0.0,0.0,0.0,0.0,0.0,0.0,0.0,44.767081516094166,1.8390375132102434,False,False,False,True,False,0.0,0,0.9796329453894358,0.9247985675917634,False,False,False,False,-0.29224444777817515,-0.1573162253191953,False,False,False,False,-79542.0,-98447.29618135709,False,False,False,False,14010.312007396067,False,False,False,False
2025-08-07 16:00:00+00:00,30.175,30.365,30.07,30.145,10117.0,,,,,,,,,,,,,,,,,,,,,,,,31.17730635835913,,"rgba(239, 83, 80, 1.0)",0.0,0.0,0.3380535433894119,30.994353643541917,-2.5124825938106694,0.0,0.0,0.0,0.0,0.0,0.0,0.0,0.0,38.536652426264986,-3.3491113121729086,False,True,False,True,False,0.0,0,0.9775935469415188,0.9451041900067219,False,False,False,False,-0.337565776411327,-0.24744100086526116,False,False,False,False,-89659.0,-98311.04352738256,False,False,False,False,13949.95058092481,False,False,False,False
2025-08-07 17:00:00+00:00,30.145,30.18,29.925,30.055,8276.0,,,,,,,,,,,,,,,,,,,,,,,,31.17544624838526,,"rgba(239, 83, 80, 1.0)",0.0,0.0,0.3542067396512285,30.98628774236168,-2.6292208422648207,0.0,0.0,0.0,0.0,0.0,0.0,0.0,0.0,33.850347273335196,-7.224296031026739,False,True,False,True,False,0.0,0,0.9732322105732765,0.9531563685032343,False,False,False,False,-0.34282825441539394,-0.29513462764032755,False,False,False,False,-97935.0,-98305.21339517507,False,False,False,False,13861.98235486396,False,False,False,False
2025-08-07 18:00:00+00:00,30.06,30.075,29.91,30.04,13559.0,,,,,,,,,,,,,,,,,,,,,,,,31.172290322147486,,"rgba(239, 83, 80, 1.0)",0.0,0.0,0.37100608285236014,30.973352304371673,-2.5157331577851685,0.0,0.0,0.0,0.0,0.0,0.0,0.0,0.0,30.633451449342502,-9.957399462637078,False,True,False,True,False,0.0,0,0.9761692650334073,0.9532293986636969,False,False,False,False,-0.34282825441539394,-0.31898144102786075,False,False,False,False,-111494.0,-98509.69070687778,False,False,False,False,13857.284954013356,False,False,False,False
2025-08-07 19:00:00+00:00,30.04,30.235,30.015,30.08,46860.0,,,,,,,,,,,,,,,,,,,,,,,,31.162454920596225,,"rgba(239, 83, 80, 1.0)",0.0,0.0,0.38553645788731733,30.939499866332046,-2.2293608003818353,0.0,0.0,0.0,0.0,0.0,0.0,0.0,0.0,29.321596413067958,-11.20480782768027,False,True,False,True,False,0.0,0,0.9787751492372316,0.9453902277249612,False,False,False,False,-0.2833670849823086,-0.30117426300508465,False,False,False,False,-64634.0,-97984.48619979441,False,False,False,False,14368.954954726327,False,False,False,False
2025-08-08 14:00:00+00:00,30.115,30.23,29.88,29.98,18600.0,,,,,,,,,,,,,,,,,,,,,,,,31.158308366466212,,"rgba(239, 83, 80, 1.0)",0.0,0.0,0.40213189759456025,30.92644382967485,-2.3535656717017694,0.0,0.0,0.0,0.0,0.0,0.0,0.0,0.0,27.69209040314341,-13.009061197394374,False,True,False,True,False,0.0,0,0.9756738987508213,0.9476221783914089,False,False,False,False,-0.3145128709160936,-0.3078435669605891,False,False,False,False,-83234.0,-97755.79649127046,False,False,False,False,14434.552552327468,False,False,False,False
2025-08-08 15:00:00+00:00,29.98,30.125,29.965,30.065,7390.0,,,,,,,,,,,,,,,,,,,,,,,,31.15670078275711,,"rgba(239, 83, 80, 1.0)",0.0,0.0,0.4154707196889544,30.921625741007897,-2.061819763494323,0.0,0.0,0.0,0.0,0.0,0.0,0.0,0.0,28.495756849977877,-13.009061197394374,False,True,False,True,False,0.0,0,0.9835670464504818,0.94829097283085,False,False,False,False,-0.31900958962550896,-0.31342657829304904,False,False,False,False,-75844.0,-97416.078716212,False,False,False,False,14325.334683299136,False,False,False,False
2025-08-08 16:00:00+00:00,30.065,30.1,30.01,30.065,68362.0,,,,,,,,,,,,,,,,,,,,,,,,31.142136559538777,,"rgba(239, 83, 80, 1.0)",0.0,0.0,0.42832943875952173,30.881981102652013,-1.9073662203047679,0.0,0.0,0.0,0.0,0.0,0.0,0.0,0.0,29.031534481200854,-13.009061197394374,False,True,False,True,False,0.0,0,0.9889380530973448,0.9522123893805308,False,False,False,False,-0.3145128709160936,-0.3139697246045713,False,False,False,False,-75844.0,-97081.6278834025,False,False,False,False,15163.11244014721,False,False,False,False
2025-08-08 17:00:00+00:00,30.065,30.21,30.05,30.085,53115.0,,,,,,,,,,,,,,,,,,,,,,,,31.1316624077387,,"rgba(239, 83, 80, 1.0)",0.0,0.0,0.43968229725844243,30.857543652850477,-1.757049709909927,0.0,0.0,0.0,0.0,0.0,0.0,0.0,0.0,29.89794234804402,-13.009061197394374,False,True,False,True,False,0.0,0,0.978916999556147,0.955392809587217,False,False,False,False,-0.28116339283701813,-0.29756655872079474,False,False,False,False,-22729.0,-95928.87396272959,False,False,False,False,15751.513797664307,False,False,False,False
2025-08-08 18:00:00+00:00,30.085,30.15,30.05,30.09,70159.0,,,,,,,,,,,,,,,,,,,,,,,,31.11790664462894,,"rgba(239, 83, 80, 1.0)",0.0,0.0,0.4493129088842528,30.827949170668017,-1.6423947678256439,0.0,0.0,0.0,0.0,0.0,0.0,0.0,0.0,30.61478043874238,-13.009061197394374,False,True,False,True,False,0.0,0,0.9752949031827284,0.9586022701980857,False,False,False,False,-0.2944263384137441,-0.2959964485672694,False,False,False,False,47430.0,-93706.25576175704,False,False,False,False,16595.040715529976,False,False,False,False
2025-08-08 19:00:00+00:00,30.09,30.11,29.95,30.105,332530.0,,,,,,,,,,,,,,,,,,,,,,,,31.054918587994052,,"rgba(239, 83, 80, 1.0)",0.0,0.0,0.4584718840544175,30.714998846322395,-1.330504372324807,0.0,0.0,0.0,0.0,0.0,0.0,0.0,0.0,31.550276929939795,-13.009061197394374,False,True,False,True,True,0.0,0,0.9687153317062344,0.9593964943421344,False,False,False,False,-0.3257782077351987,-0.3108873281512341,False,False,False,False,379960.0,-86362.5928817298,False,False,False,False,21493.257138545014,False,False,False,False
2025-08-11 14:00:00+00:00,30.01,30.045,29.83,29.91,10281.0,,,,,,,,,,,,,,,,,,,,,,,,31.052858258402598,,"rgba(239, 83, 80, 1.0)",0.0,0.0,0.47164530878323824,30.71152090424161,-1.699414558599962,0.0,0.0,0.0,0.0,0.0,0.0,0.0,0.0,29.633064608355163,-14.299807937120988,False,True,False,True,True,0.0,0,0.9665855277716304,0.9595043151139632,False,False,False,False,-0.34282825441539394,-0.32685779128331405,False,False,False,False,369679.0,-79292.1805889898,False,False,False,False,21319.423694536563,False,False,False,False
2025-08-11 15:00:00+00:00,29.91,29.945,29.835,29.895,12458.0,,,,,,,,,,,,,,,,,,,,,,,,31.050290653948387,,"rgba(239, 83, 80, 1.0)",0.0,0.0,0.48377449887907964,30.707131564035826,-1.6787399210118776,0.0,0.0,0.0,0.0,0.0,0.0,0.0,0.0,28.18847518882705,-16.128596744477797,False,True,False,True,False,0.0,1,0.9678420935905964,0.9603016189842536,False,False,False,False,-0.34282825441539394,-0.33484302284935397,False,False,False,False,357221.0,-72524.53437830778,False,False,False,False,21182.03728066778,False,False,False,False
2025-08-11 16:00:00+00:00,29.895,29.93,29.84,29.885,12337.0,,,,,,,,,,,,,,,,,,,,,,,,31.047744587096997,,"rgba(239, 83, 80, 1.0)",0.0,0.0,0.49467936653514716,30.702802787249674,-1.6531976924320875,0.0,0.0,0.0,0.0,0.0,0.0,0.0,0.0,27.104747608558295,-17.577156297597853,False,True,False,True,False,0.0,1,0.9796610169491524,0.9572881355932203,False,False,False,False,-0.34282825441539394,-0.338835638632374,False,False,False,False,344884.0,-66053.08423290765,True,False,False,False,21044.904919727196,True,False,False,False
2025-08-11 17:00:00+00:00,29.885,29.965,29.855,29.925,19599.0,,,,,,,,,,,,,,,,,,,,,,,,31.043826383140697,,"rgba(239, 83, 80, 1.0)",0.0,0.0,0.5033848669996576,30.696329589055466,-1.5322860094163104,0.0,0.0,0.0,0.0,0.0,0.0,0.0,0.0,27.895892025290497,-17.577156297597853,False,True,False,True,False,0.0,0,0.9762604567035947,0.9572688220664707,False,False,False,False,-0.33214699455060415,-0.33549131659148906,False,False,False,False,364483.0,-59378.10618278506,False,False,False,False,21022.487789188788,False,False,False,False
2025-08-11 18:00:00+00:00,29.925,29.945,29.875,29.915,12470.0,,,,,,,,,,,,,,,,,,,,,,,,31.041340157612048,,"rgba(239, 83, 80, 1.0)",0.0,0.0,0.5114004090517692,30.692260010022245,-1.5198658355855246,0.0,0.0,0.0,0.0,0.0,0.0,0.0,0.0,28.25893686477024,-17.577156297597853,False,True,False,True,False,0.0,0,0.9779995463823995,0.9580403719664322,False,False,False,False,-0.33214699455060415,-0.3338191555710466,False,False,False,False,352013.0,-52999.94949778063,False,False,False,False,20889.89107927888,False,False,False,False
2025-08-11 19:00:00+00:00,29.915,29.925,29.79,29.895,43731.0,,,,,,,,,,,,,,,,,,,,,,,,31.032388425947854,,"rgba(239, 83, 80, 1.0)",0.0,0.0,0.5183098137822603,30.620577275934455,-1.399891062528226,0.0,0.0,0.0,0.0,0.0,0.0,0.0,0.0,28.150481405087824,-17.720407354777386,False,True,False,True,False,0.0,0,0.9683042789223454,0.9628707267376047,True,False,False,False,-0.34282825441539394,-0.3383237049932203,False,False,False,False,308282.0,-47398.67896293131,False,False,False,False,21244.016798979985,False,False,False,False
2025-08-12 14:00:00+00:00,29.995,30.19,29.99,30.15,1193.0,,,,,,,,,,,,,,,,,,,,,,,,31.032196161773093,,"rgba(239, 83, 80, 1.0)",0.0,0.0,0.5209427351765945,30.62065007467432,-0.9034583705534835,0.0,0.0,0.0,0.0,0.0,0.0,0.0,0.0,36.29972553849852,-18.207016058732144,False,True,False,True,True,0.0,0,0.9714799011902088,0.9555355939815852,False,False,False,False,-0.2474967244361349,-0.2929102147146776,False,False,False,False,309475.0,-41865.75370769206,False,False,False,False,20933.14832147642,False,False,False,False
2025-08-12 15:00:00+00:00,30.155,30.235,30.145,30.205,2815.0,,,,,,,,,,,,,,,,,,,,,,,,31.031784598931342,,"rgba(239, 83, 80, 1.0)",0.0,0.0,0.5227525209868779,30.62112000918388,-0.7960172213006448,0.0,0.0,0.0,0.0,0.0,0.0,0.0,0.0,42.9441111400442,-12.288482781993167,False,False,False,True,True,0.0,0,0.9786324786324786,0.9536662168241113,False,False,False,False,-0.2079017637122576,-0.2504059892134676,False,False,False,False,312290.0,-36374.96682850304,False,False,False,False,20652.246797112442,False,False,False,False
2025-08-12 16:00:00+00:00,30.205,30.215,30.155,30.175,1155.0,,,,,,,,,,,,,,,,,,,,,,,,31.031613162111775,,"rgba(239, 83, 80, 1.0)",0.0,0.0,0.525954302128869,30.62125906333249,-0.8484749749668341,0.0,0.0,0.0,0.0,0.0,0.0,0.0,0.0,46.53137227104595,-9.31518949508638,True,False,False,False,True,0.0,0,0.9825634057971013,0.9544836956521736,False,False,False,False,-0.2098653499649456,-0.2301356695892066,False,False,False,False,311135.0,-30987.21540480532,False,False,False,False,20349.96390103318,False,False,False,False
2025-08-12 17:00:00+00:00,30.175,30.23,30.135,30.23,4324.0,,,,,,,,,,,,,,,,,,,,,,,,31.030984536980593,,"rgba(239, 83, 80, 1.0)",0.0,0.0,0.5275027176394965,30.621751620628242,-0.7426532746243982,0.0,0.0,0.0,0.0,0.0,0.0,0.0,0.0,50.23180977316423,-6.143872692755416,True,False,True,False,True,0.0,0,0.9813381884387802,0.9535730541647698,False,False,False,False,-0.2108477406319082,-0.22049170511055738,False,False,False,False,315459.0,-25615.956251242445,False,False,False,False,20101.499344428015,False,False,False,False
2025-08-12 18:00:00+00:00,30.23,30.24,30.125,30.135,5547.0,,,,,,,,,,,,,,,,,,,,,,,,31.030148882495986,,"rgba(239, 83, 80, 1.0)",0.0,0.0,0.5290873665486432,30.62189852582847,-0.9202611073566512,0.0,0.0,0.0,0.0,0.0,0.0,0.0,0.0,49.98037647730213,-6.143872692755416,True,False,False,False,True,0.0,0,0.9763205828779598,0.954007285974499,False,False,False,False,-0.21084774063190964,-0.2156697228712335,False,False,False,False,309912.0,-20413.972433393727,False,False,False,False,19875.848191801222,False,False,False,False
2025-08-12 19:00:00+00:00,30.135,30.17,30.115,30.155,17205.0,,,,,,,,,,,,,,,,,,,,,,,,31.02750740351993,,"rgba(239, 83, 80, 1.0)",0.0,0.0,0.5295931635877255,30.62094843900182,-0.8798233644959699,0.0,0.0,0.0,0.0,0.0,0.0,0.0,0.0,50.35885225284471,-5.973655738093697,True,False,False,False,True,0.0,0,0.972418509231821,0.9585137907453838,False,False,False,False,-0.22662202704635637,-0.22114587495879495,False,False,False,False,327117.0,-15025.895341403128,False,False,False,False,19834.439692703527,False,False,False,False
2025-08-13 14:00:00+00:00,30.35,30.47,30.33,30.44,8585.0,,,,,,,,,,30.41333333333333,,,,,,,,,,,,,,31.02659249217646,,"rgba(38, 166, 154, 1.0)",0.0,0.0,0.5258467388818997,30.622531033356655,-0.34711831387367076,0.0,0.0,0.0,0.0,0.0,0.0,0.0,0.0,56.18459470358467,-0.3799534503616897,True,False,True,False,True,0.0,0,0.978334461746784,0.9487700293387493,False,False,False,False,-0.12665585859273548,-0.17390086677576522,False,False,False,False,335702.0,-9588.253553164319,False,False,False,False,19660.029774987193,False,False,False,False
2025-08-13 15:00:00+00:00,30.435,30.59,30.425,30.52,5648.0,,,,,,,,,,30.452354387690576,,,,,,,,,,,,,,31.02608834053917,,"rgba(38, 166, 154, 1.0)",0.0,0.0,0.5209962476736524,30.623907771439725,-0.1994405370551014,0.0,0.0,0.0,0.0,0.0,0.0,0.0,0.0,61.11356622814709,4.170197143577255,True,False,True,False,True,0.0,0,0.9844769403824523,0.9417322834645665,False,False,False,False,-0.08576523971401913,-0.12983305324489217,False,False,False,False,341350.0,-4147.350397301307,False,False,False,False,19442.789003281963,False,False,False,False
2025-08-13 16:00:00+00:00,30.525,30.555,30.44,30.495,3511.0,,,,,,,,,,30.461122445145776,,,,,,,,,,,,,,31.02576631514355,,"rgba(38, 166, 154, 1.0)",0.0,0.0,0.5168097128336644,30.624621133371647,-0.25081017278281115,0.0,0.0,0.0,0.0,0.0,0.0,0.0,0.0,63.61565035617473,6.4573622265859,True,False,True,False,True,0.0,0,0.9923181201988253,0.9405784003614999,False,False,False,False,-0.08955489996320551,-0.10969397660404884,False,False,False,False,337839.0,1154.7635623467759,False,False,False,False,19195.784522610928,False,False,False,False
2025-08-13 17:00:00+00:00,30.495,30.57,30.445,30.48,3961.0,,,,,,,,,,30.467913153651228,,,,,,,,,,,,,,31.025404629072586,,"rgba(38, 166, 154, 1.0)",0.0,0.0,0.5147049097726573,30.62536231123454,-0.2824187383383323,0.0,0.0,0.0,0.0,0.0,0.0,0.0,0.0,64.78330150420173,7.6570315961815965,True,False,True,False,True,0.0,0,0.9907197827071073,0.9436396559529195,False,False,False,False,-0.08576523971401913,-0.09772960815903398,False,False,False,False,333878.0,6313.263352077834,False,False,False,False,18959.586312958047,False,False,False,False
2025-08-13 18:00:00+00:00,30.485,30.505,30.43,30.465,6028.0,,,,,,,,,,30.46764221925744,,,,,,,,,,,,,,31.024822139589357,,"rgba(38, 166, 154, 1.0)",0.0,0.0,0.5114461302464601,30.626189320367626,-0.3151638282803131,0.0,0.0,0.0,0.0,0.0,0.0,0.0,0.0,65.02432275451883,8.17949317959176,True,False,True,False,True,0.0,0,0.9927107061503416,0.9457858769931659,False,False,False,False,-0.10093973147144202,-0.099334669815238,False,False,False,False,327850.0,11298.329036541743,False,False,False,False,18759.096602679627,False,False,False,False
2025-08-13 19:00:00+00:00,30.465,30.525,30.43,30.485,25545.0,,,,,,,,,,30.473567357383285,,,,,,,,,,,,,,31.02242577501641,,"rgba(38, 166, 154, 1.0)",0.0,0.0,0.5076336818562079,30.628867026402038,-0.283407172423972,0.0,0.0,0.0,0.0,0.0,0.0,0.0,0.0,65.58487702373299,9.137907018061135,True,False,True,False,True,0.0,0,0.9926957315681351,0.9413375941565849,False,False,False,False,-0.09714203381308711,-0.09823835181416256,False,False,False,False,353395.0,16602.153392564353,False,False,False,False,18864.304407289244,False,False,False,False
2025-08-14 14:00:00+00:00,30.41,30.56,30.405,30.505,8247.0,,,,,,,,,,30.475770039279425,,,,,,,,,,,,,,31.02167080267435,,"rgba(38, 166, 154, 1.0)",0.0,0.0,0.5015191067290946,30.629514193233,-0.24827407682447383,0.0,0.0,0.0,0.0,0.0,0.0,0.0,0.0,66.37644330733016,10.362825597848811,True,False,True,False,True,0.0,0,0.9888331814038286,0.9416590701914308,False,False,False,False,-0.09524423872759687,-0.09674129527087971,False,False,False,False,361642.0,21951.608378726145,False,False,False,False,18699.695036633595,False,False,False,False
2025-08-14 15:00:00+00:00,30.505,30.645,30.49,30.615,7905.0,,,,,,,,,,30.48801673148015,,,,,,,,,,,,,,31.02107583062896,,"rgba(38, 166, 154, 1.0)",0.0,0.0,0.4934914221987228,30.63061138061891,-0.031634553138441227,0.0,0.0,0.0,0.0,0.0,0.0,0.0,0.0,68.92218725718577,13.171885330660032,True,False,True,False,True,0.0,0,0.9954504094631482,0.9349408553230206,False,False,False,False,-0.06307498226437182,-0.07990813876762576,False,False,False,False,369547.0,27340.684217815662,False,False,False,False,18532.33542366253,False,False,False,False
2025-08-14 16:00:00+00:00,30.615,30.615,30.45,30.5,12829.0,,,,,,,,,,30.49326472888479,,,,,,,,,,,,,,31.01997814043905,,"rgba(38, 166, 154, 1.0)",0.0,0.0,0.4843176959709036,30.631578555779903,-0.2716781915559163,0.0,0.0,0.0,0.0,0.0,0.0,0.0,0.0,66.13349113561127,13.171885330660032,True,False,True,False,False,0.0,0,0.9968116602140742,0.936460942837622,False,False,False,False,-0.07630159084129017,-0.07810486480445797,False,False,False,False,356718.0,32447.30926870224,False,False,False,False,18443.911618644506,False,False,False,False
2025-08-14 17:00:00+00:00,30.5,30.55,30.485,30.53,4533.0,,,,,,,,,,30.494748114265526,,,,,,,,,,,,,,31.019591435321114,,"rgba(38, 166, 154, 1.0)",0.0,0.0,0.4759146054825859,30.631874710612834,-0.21406090386642004,0.0,0.0,0.0,0.0,0.0,0.0,0.0,0.0,64.9404180691489,13.171885330660032,True,False,True,False,False,0.0,0,1.003921568627451,0.9402537485582464,False,False,False,False,-0.08197803530095364,-0.0800414500527058,False,False,False,False,361251.0,37545.040907947165,False,False,False,False,18228.23857029343,False,False,False,False
2025-08-14 18:00:00+00:00,30.525,30.555,30.465,30.55,2853.0,,,,,,,,,,30.49565785412832,,,,,,,,,,,,,,31.01934917034772,,"rgba(38, 166, 154, 1.0)",0.0,0.0,0.46655859108889236,30.632053836949574,-0.17587038051977352,0.0,0.0,0.0,0.0,0.0,0.0,0.0,0.0,64.60191450055974,13.171885330660032,True,False,True,False,False,0.0,0,0.9981524249422633,0.934180138568129,False,False,False,False,-0.08481821271617926,-0.08242983138444253,False,False,False,False,364104.0,42607.97050627357,False,False,False,False,17989.862778505933,False,False,False,False
2025-08-14 19:00:00+00:00,30.55,30.6,30.5,30.595,14447.0,,,,,,,,,,30.505281898064535,,,,,,,,,,,,,,31.018228761881616,,"rgba(38, 166, 154, 1.0)",0.0,0.0,0.45175732941991953,30.633270589392573,-0.0847149274627509,0.0,0.0,0.0,0.0,0.0,0.0,0.0,0.0,65.3959140809038,13.171885330660032,True,False,True,False,False,0.0,0,0.9944674965421852,0.9349930843706772,False,False,False,False,-0.06968524369342251,-0.07605753753893252,False,False,False,False,378551.0,47816.38956819181,False,False,False,False,17934.934673412816,False,False,False,False
2025-08-15 14:00:00+00:00,30.62,30.675,30.525,30.595,21678.0,,,,,,,,,,30.52132045267817,,,,,,,,,,,,,,31.016680782020234,,"rgba(38, 166, 154, 1.0)",0.0,0.0,0.4361912032190682,30.615738679061298,-0.04754492733518919,0.0,0.0,0.0,0.0,0.0,0.0,0.0,0.0,65.92524713446649,13.171885330660032,True,False,True,False,False,0.0,0,0.995628163828808,0.933962264150943,False,False,False,False,-0.05081293378440102,-0.06343523566166677,False,False,False,False,378551.0,52944.057946979534,False,False,False,False,17992.96669398006,False,False,False,False
2025-08-15 15:00:00+00:00,30.595,30.62,30.455,30.465,14877.0,,,,,,,,,,30.52047561151915,,,,,,,,,,,,,,31.01541052733418,,"rgba(38, 166, 154, 1.0)",0.0,0.0,0.4209154223745255,30.614411387739175,-0.35496771987183273,0.0,0.0,0.0,0.0,0.0,0.0,0.0,0.0,60.99398055094362,15.57116307280667,True,False,True,False,False,0.0,1,0.9880349746893695,0.9433962264150938,False,False,False,False,-0.07441055069668889,-0.06892289317917782,False,False,False,False,363674.0,57761.576428421715,False,False,False,False,17944.657132833083,False,False,False,False
2025-08-15 16:00:00+00:00,30.465,30.53,30.43,30.465,30519.0,,,,,,,,,,30.512367282832656,,,,,,,,,,,,,,31.012627233037378,,"rgba(38, 166, 154, 1.0)",0.0,0.0,0.4072684994331906,30.612257030575165,-0.36157235528922044,0.0,0.0,0.0,0.0,0.0,0.0,0.0,0.0,57.70646949526171,12.489069845012239,True,False,True,False,False,0.0,1,0.9819611470860314,0.9542090656799256,False,False,False,False,-0.09619304992362564,-0.08255797155140174,False,False,False,False,363674.0,62504.404700849285,False,False,False,False,18139.60818503722,False,False,False,False
2025-08-15 17:00:00+00:00,30.465,30.485,30.43,30.46,10503.0,,,,,,,,,,30.509243367516387,,,,,,,,,,,,,,31.01164650316758,,"rgba(38, 166, 154, 1.0)",0.0,0.0,0.402435905030341,30.611620090767993,-0.3767558731037195,0.0,0.0,0.0,0.0,0.0,0.0,0.0,0.0,55.320684388658265,10.282026644927107,True,False,True,False,False,0.0,1,0.9734945361543826,0.9625668449197857,False,False,False,False,-0.1047403331222429,-0.09364915233682232,False,False,False,False,353171.0,67010.86354269658,False,False,False,False,18021.21115891261,False,False,False,False
2025-08-15 18:00:00+00:00,30.465,30.49,30.405,30.425,17617.0,,,,,,,,,,30.503122212966964,,,,,,,,,,,,,,31.009955016911455,,"rgba(38, 166, 154, 1.0)",0.0,0.0,0.3976618940531187,30.610380198381904,-0.46617541472842405,0.0,0.0,0.0,0.0,0.0,0.0,0.0,0.0,52.34332792870138,7.518346960886873,True,False,False,False,False,0.0,0,0.9704719832597071,0.9602418042315737,False,False,False,False,-0.10854395202302711,-0.10109655217992472,False,False,False,False,335554.0,71174.32302265476,False,False,False,False,18014.94431923955,False,False,False,False
2025-08-15 19:00:00+00:00,30.425,30.435,30.355,30.395,39003.0,,,,,,,,,,30.485424834269878,,,,,,,,,,,,,,31.00595267166036,,"rgba(38, 166, 154, 1.0)",0.0,0.0,0.3919549868436979,30.57935916523183,-0.47035800390351146,0.0,0.0,0.0,0.0,0.0,0.0,0.0,0.0,49.22142795274928,4.638389357829226,False,False,False,True,False,0.0,0,0.9699650756693831,0.9620488940628634,False,False,False,False,-0.12856698825258248,-0.1148317702162536,False,False,False,False,296551.0,74668.53506881515,False,False,False,False,18340.340531344358,False,False,False,False
2025-08-18 14:00:00+00:00,30.415,30.605,30.415,30.5,15464.0,,,,,,,,,,30.486719335994724,,,,,,,,,,,,,,31.004667606378792,,"rgba(38, 166, 154, 1.0)",0.0,0.0,0.3875999377085132,30.581235637552453,-0.209586301877955,0.0,0.0,0.0,0.0,0.0,0.0,0.0,0.0,51.40775215240332,4.638389357829226,False,False,False,False,True,0.0,0,0.967809657102869,0.9636109167249821,False,False,False,False,-0.08481821271617926,-0.09982499146621643,False,False,False,False,312015.0,78348.32522278701,False,False,False,False,18295.74610450181,False,False,False,False
2025-08-18 15:00:00+00:00,30.505,30.565,30.36,30.565,16341.0,,,,,,,,,,30.4873211610279,,,,,,,,,,,,,,31.00328970693979,,"rgba(38, 166, 154, 1.0)",0.0,0.0,0.3865763563375427,30.58214507381935,-0.04435106684170708,0.0,0.0,0.0,0.0,0.0,0.0,0.0,0.0,54.8584265094535,-0.9377992069917127,True,False,True,False,True,0.0,1,0.9582172701949859,0.9658774373259048,False,False,False,False,-0.10283966223134529,-0.10133232684878085,False,False,False,False,328356.0,82224.41320382907,False,False,False,False,18265.43996334674,False,False,False,False
2025-08-18 16:00:00+00:00,30.565,30.595,30.465,30.515,16939.0,,,,,,,,,,30.489544744564807,,,,,,,,,,,,,,31.001948691410067,,"rgba(38, 166, 154, 1.0)",0.0,0.0,0.385950190503232,30.583366140358926,-0.17713721107323308,0.0,0.0,0.0,0.0,0.0,0.0,0.0,0.0,55.00225086094309,-0.718887288521664,True,False,True,False,True,0.0,1,0.9650593990216632,0.9671558350803631,False,False,False,False,-0.0772473143586421,-0.08928982060371148,False,False,False,False,311417.0,85777.78664252939,False,False,False,False,18244.875002674697,False,False,False,False
2025-08-18 17:00:00+00:00,30.515,30.575,30.47,30.495,10689.0,,,,,,,,,,30.49039881724115,,,,,,,,,,,,,,31.00108572976535,,"rgba(38, 166, 154, 1.0)",0.0,0.0,0.382089643271611,30.58380029009198,-0.2324069538541606,0.0,0.0,0.0,0.0,0.0,0.0,0.0,0.0,54.268432127775355,-0.718887288521664,True,False,True,False,True,0.0,1,0.9641443538998836,0.9641443538998833,False,False,False,False,-0.08008531935338875,-0.08468756997855012,False,False,False,False,300728.0,89110.34808993203,False,False,False,False,18127.729653796017,False,False,False,False
2025-08-18 18:00:00+00:00,30.495,30.55,30.455,30.465,6011.0,,,,,,,,,,30.490390924485222,,,,,,,,,,,,,,31.000578626203183,,"rgba(38, 166, 154, 1.0)",0.0,0.0,0.3762034503243789,30.583836991276534,-0.31588490529278285,0.0,0.0,0.0,0.0,0.0,0.0,0.0,0.0,52.536536834322064,-0.718887288521664,True,False,True,False,True,0.0,1,0.9661452253093625,0.9652113004903101,False,False,False,False,-0.08765975590999445,-0.08617366294427228,False,False,False,False,294717.0,92298.04811954548,False,False,False,False,17939.87338009375,False,False,False,False
2025-08-18 19:00:00+00:00,30.465,30.675,30.455,30.64,51822.0,,,,,,,,,,30.504908907670178,,,,,,,,,,,,,,30.997096315481524,,"rgba(38, 166, 154, 1.0)",0.0,0.0,0.3707370671687743,30.574564762201696,0.1765003923077262,0.0,0.0,0.0,0.0,0.0,0.0,0.0,0.0,56.7570926107771,1.3225518196749206,True,False,True,False,True,0.9789674438448444,1,0.9686556768052008,0.9547248664964008,False,False,False,False,-0.06401895494775521,-0.07509630894601374,False,False,False,False,346539.0,96239.76830373857,False,False,False,False,18465.177668774468,False,False,False,False
2025-08-19 14:00:00+00:00,30.5,30.665,30.5,30.535,16058.0,,,,,,,,,,30.507577560526688,,,,,,,,,,,,,,30.995968051417737,,"rgba(38, 166, 154, 1.0)",0.0,0.0,0.36700402580201513,30.575157980394078,-0.10942108960881376,0.0,0.0,0.0,0.0,0.0,0.0,0.0,0.0,55.74380186861281,1.3225518196749206,True,False,True,False,True,0.0,1,0.967652495378928,0.9567929759704249,False,False,False,False,-0.057413443865196576,-0.06625487640560515,False,False,False,False,330481.0,99871.41530678139,False,False,False,False,18427.857084762458,False,False,False,False
2025-08-19 15:00:00+00:00,30.54,30.62,30.455,30.47,14598.0,,,,,,,,,,30.50785811382898,,,,,,,,,,,,,,30.994824664940797,,"rgba(38, 166, 154, 1.0)",0.0,0.0,0.36247543563857204,30.574580589555875,-0.2885177291300777,0.0,0.0,0.0,0.0,0.0,0.0,0.0,0.0,53.11225540694343,1.3225518196749206,False,False,True,False,False,0.0,1,0.967111315547378,0.9579116835326582,False,False,False,False,-0.07441055069668889,-0.07033271355114702,False,False,False,False,315883.0,103220.43212373051,False,False,False,False,18368.479455541332,False,False,False,False
2025-08-19 16:00:00+00:00,30.465,30.51,30.425,30.495,8857.0,,,,,,,,,,30.507158835103503,,,,,,,,,,,,,,30.994078377107353,,"rgba(38, 166, 154, 1.0)",0.0,0.0,0.35840835585890096,30.57383847372021,-0.21996829156305878,0.0,0.0,0.0,0.0,0.0,0.0,0.0,0.0,52.14248071666954,1.3225518196749206,False,False,False,False,False,0.0,1,0.9760576476057645,0.9611808461180841,False,False,False,False,-0.10093973147144202,-0.08563622251129452,False,False,False,False,324740.0,106654.84402878895,False,False,False,False,18221.014657780997,False,False,False,False
2025-08-19 17:00:00+00:00,30.495,30.51,30.445,30.475,8632.0,,,,,,,,,,30.506506845016933,,,,,,,,,,,,,,30.993353113289608,,"rgba(38, 166, 154, 1.0)",0.0,0.0,0.3583712529694395,30.573202399619362,-0.27402421038423724,0.0,0.0,0.0,0.0,0.0,0.0,0.0,0.0,50.842742731831336,5.971549854731393,False,False,False,False,False,0.0,1,0.9685314685314683,0.9662004662004656,False,False,False,False,-0.09714203381308711,-0.09138912816219082,False,False,False,False,316108.0,109902.1797802806,False,False,False,False,18072.34776386191,False,False,False,False
2025-08-19 18:00:00+00:00,30.475,30.48,30.375,30.4,17021.0,,,,,,,,,,30.50293963220282,,,,,,,,,,,,,,30.991768156374974,,"rgba(38, 166, 154, 1.0)",0.0,0.0,0.35815061756863675,30.570895004766964,-0.47715959817998804,0.0,0.0,0.0,0.0,0.0,0.0,0.0,0.0,47.702483979476284,2.8428202598931804,False,True,False,True,False,0.0,1,0.9663708547407751,0.9673049976646422,False,False,False,False,-0.11616069727165759,-0.10377491271692421,False,False,False,False,299087.0,112835.27776818322,False,False,False,False,18056.04779853072,False,False,False,False
2025-08-19 19:00:00+00:00,30.4,30.44,30.385,30.41,14405.0,,,,,,,,,,30.49991800842362,,,,,,,,,,,,,,30.99041809056143,,"rgba(38, 166, 154, 1.0)",0.0,0.0,0.3581210726872041,30.56909644511997,-0.4442532351591932,0.0,0.0,0.0,0.0,0.0,0.0,0.0,0.0,46.014505903497245,1.1254052011061475,False,True,False,True,False,0.0,1,0.9739497770476413,0.9624501290776808,False,False,False,False,-0.12188202683946205,-0.11282846977819314,False,False,False,False,313492.0,115946.23470200984,False,False,False,False,17999.442406305436,False,False,False,False
2025-08-20 14:00:00+00:00,30.055,30.13,30.015,30.125,27531.0,,,,,,,,,,30.47552530996686,,,,,,,,,,,,,,30.986430813085633,,"rgba(239, 83, 80, 1.0)",0.0,0.0,0.3603320290663906,30.556743721729653,-1.1981830281595778,0.0,0.0,0.0,0.0,0.0,0.0,0.0,0.0,39.20800772268503,-5.223718802526314,False,True,False,True,False,0.0,0,0.9647577092511014,0.9663807094829581,False,False,False,False,-0.25450134337408603,-0.1836649065761396,False,False,False,False,285961.0,118582.1225360872,False,False,False,False,18147.21849302938,False,False,False,False
2025-08-20 15:00:00+00:00,30.125,30.235,30.095,30.17,31914.0,,,,,,,,,,30.45559507802386,,,,,,,,,,,,,,30.982244258225645,,"rgba(239, 83, 80, 1.0)",0.0,0.0,0.3618102384518432,30.54713129868738,-1.042345568497707,0.0,0.0,0.0,0.0,0.0,0.0,0.0,0.0,36.31459121880033,-7.757805121619057,False,True,False,True,False,0.0,0,0.9712630359212052,0.9587485515643102,False,False,False,False,-0.21773582975826883,-0.2007003681672042,False,False,False,False,317875.0,121671.93458979127,False,False,False,False,18360.65696600567,False,False,False,False
2025-08-20 16:00:00+00:00,30.165,30.185,30.115,30.155,11137.0,,,,,,,,,,30.44890178719736,,,,,,,,,,,,,,30.9807666416727,,"rgba(239, 83, 80, 1.0)",0.0,0.0,0.3635633456582735,30.543956069228823,-1.0698440144579815,0.0,0.0,0.0,0.0,0.0,0.0,0.0,0.0,34.138800512308904,-9.723149585577708,False,True,False,True,False,0.0,0,0.971821145784816,0.9632044713553791,False,False,False,False,-0.22365611560843077,-0.21217824188781748,False,False,False,False,306738.0,124541.17591398055,False,False,False,False,18248.662284362174,False,False,False,False
2025-08-20 17:00:00+00:00,30.155,30.245,30.13,30.235,15658.0,,,,,,,,,,30.441526716995998,,,,,,,,,,,,,,30.978826971684196,,"rgba(239, 83, 80, 1.0)",0.0,0.0,0.36275717190111717,30.5404714780695,-0.8420825326997722,0.0,0.0,0.0,0.0,0.0,0.0,0.0,0.0,35.66189843442564,-9.723149585577708,False,True,False,True,False,0.0,0,0.9666121877188887,0.965911744104599,False,False,False,False,-0.20888335837034738,-0.21053080012908243,False,False,False,False,322396.0,127608.69256647697,False,False,False,False,18208.496977627878,False,False,False,False
2025-08-20 18:00:00+00:00,30.235,30.24,30.135,30.155,15110.0,,,,,,,,,,30.434066857914743,,,,,,,,,,,,,,30.976900291307537,,"rgba(239, 83, 80, 1.0)",0.0,0.0,0.3623781932662144,30.536945225290548,-1.0539961630912988,0.0,0.0,0.0,0.0,0.0,0.0,0.0,0.0,35.0636737331193,-9.723149585577708,False,True,False,True,False,0.0,0,0.9612692487167525,0.9680354643023794,False,False,False,False,-0.20888335837034738,-0.2097070792497149,False,False,False,False,307286.0,130394.3872553688,False,False,False,False,18160.458264796438,False,False,False,False
2025-08-20 19:00:00+00:00,30.155,30.175,30.07,30.07,90232.0,,,,,,,,,,30.386688556180346,,,,,,,,,,,,,,30.964571328366016,,"rgba(239, 83, 80, 1.0)",0.0,0.0,0.3622948378730787,30.51422753821935,-1.2261492347704273,0.0,0.0,0.0,0.0,0.0,0.0,0.0,0.0,33.19675125660775,-10.941518919850111,False,True,False,True,False,0.0,0,0.9603544776119404,0.9692164179104472,False,False,False,False,-0.23455047871480353,-0.22212877898225922,False,False,False,False,217054.0,131737.94714288245,False,False,False,False,19277.84650875308,False,False,False,False
2025-08-21 14:00:00+00:00,29.795,29.965,29.785,29.865,8548.0,,,,,,,,,,30.379758425474673,,,,,,,,,,29.871666666666663,,,,30.963109270517492,,"rgba(239, 83, 80, 1.0)",0.0,0.0,0.36568999326082463,30.463653539790055,-1.6370520135153748,0.0,0.0,0.0,0.0,0.0,0.0,0.0,0.0,29.390649328725722,-14.701945754301185,False,True,False,True,False,0.0,0,0.9521497919556173,0.9745723532131294,True,False,False,False,-0.3354606029063456,-0.2787946909443024,False,False,False,False,208506.0,132928.14951276022,True,False,False,False,19111.492299315047,True,False,False,False
2025-08-21 15:00:00+00:00,29.865,29.945,29.785,29.87,10121.0,,,,,,,,,,30.371711963188453,,,,,,,,,,29.868956023354226,,,29.86666666666667,30.961375307878452,,"rgba(239, 83, 80, 1.0)",0.0,0.0,0.3685320038175362,30.41554509367839,-1.4803194513019635,1.0,29.945,29.785,0.0,0.0,0.0,0.0,0.0,27.038522125012353,-17.025924374526333,False,True,False,True,False,0.0,0,0.9512082853855006,0.9753739930955115,True,False,False,False,-0.3396663432383574,-0.3092305170913299,False,False,False,False,218627.0,134256.8138613996,False,False,False,False,18972.104821806286,False,False,False,False
2025-08-21 16:00:00+00:00,29.87,30.015,29.855,29.975,12085.0,,,,,,,,,,30.363929717611068,,,,,,,,,,29.900147894040888,,,29.911111486385064,30.959465959453922,,"rgba(239, 83, 80, 1.0)",0.0,0.0,0.367918885498199,30.415739284189137,-1.197925144811009,0.0,0.0,0.0,0.0,0.0,0.0,0.0,0.0,29.19172977984491,-17.025924374526333,False,True,False,True,False,0.0,0,0.9520930232558141,0.9811627906976738,False,False,False,False,-0.31045910273541816,-0.30984480991337404,False,False,False,False,230712.0,135752.24310385852,False,False,False,False,18865.328002863553,False,False,False,False
2025-08-21 17:00:00+00:00,29.975,30.045,29.93,30.0,7609.0,,,,,,,,,,30.35967069931883,,,,,,,,,,29.91829992440633,,,29.931669741181732,30.958318839306422,,"rgba(239, 83, 80, 1.0)",0.0,0.0,0.3693013613506266,30.41569470172601,-1.1256246123916585,0.0,0.0,0.0,0.0,0.0,0.0,0.0,0.0,31.44905391440076,-17.025924374526333,False,True,False,True,True,0.0,0,0.9479701353243118,0.9876341577228178,False,False,False,False,-0.28888811590879454,-0.29936646291108426,False,False,False,False,238321.0,137342.45638907002,False,False,False,False,18690.81128964086,False,False,False,False
2025-08-21 18:00:00+00:00,30.0,30.065,29.985,30.065,14785.0,,,,,,,,,,30.352682494528263,,,,,,,,,,29.951691471613856,,,29.967028961136023,30.956204867197172,,"rgba(239, 83, 80, 1.0)",0.0,0.0,0.36891870243854485,30.415843276418116,-0.9510043109743359,0.0,0.0,0.0,0.0,0.0,0.0,0.0,0.0,35.04226229852724,-20.98864067811043,False,True,False,True,True,0.0,0,0.9497193638914876,0.9847988774555654,False,False,False,False,-0.2736399461920987,-0.2865032045515915,False,False,False,False,253106.0,139137.2400109449,False,False,False,False,18630.256075847978,False,False,False,False
2025-08-21 19:00:00+00:00,30.065,30.08,29.995,30.07,50576.0,,,,,,,,,,30.33160898847076,,,,,,,,,,29.99881420886198,,,30.01023365484296,30.949124342202854,,"rgba(239, 83, 80, 1.0)",0.0,0.0,0.3676212553530032,30.410176041779483,-0.925343779300338,0.0,0.0,0.0,0.0,0.0,0.0,0.0,0.0,37.59940551070877,-18.518665109683848,False,True,False,True,True,0.0,0,0.9494145199063234,0.9840749414519901,False,False,False,False,-0.2685850122454369,-0.2775441083985142,False,False,False,False,303682.0,141688.3215611628,False,False,False,False,19125.538927385216,False,False,False,False
2025-08-22 14:00:00+00:00,30.2,30.775,30.2,30.745,9688.0,,,,,,,,,30.57333333333333,30.334773104361464,,,,,,,,,,30.04789139009393,,,30.06225636697691,30.94856377359207,,"rgba(38, 166, 154, 1.0)",0.0,0.0,0.36321787569605635,30.416515996489313,0.9043717985553285,0.0,0.0,0.0,0.0,0.0,0.0,0.0,0.0,50.006190315664625,-7.163623252411043,False,False,True,False,True,4.742195914512525,0,0.9520454545454548,0.9574999999999996,False,False,False,False,-0.09334712739773197,-0.18544561789812308,False,False,False,False,313370.0,144350.05300982695,False,False,False,False,18979.220494402496,False,False,False,False
2025-08-22 15:00:00+00:00,30.745,30.795,30.665,30.665,17678.0,,,,,,,,,30.660541182489215,30.343487560889148,,,,,,,,,,30.136954573193986,,,30.155459910343662,30.947911651516794,,"rgba(38, 166, 154, 1.0)",0.0,0.0,0.360046518515908,30.429308852628527,0.6546130437338442,0.0,0.0,0.0,0.0,0.0,0.0,0.0,0.0,56.543288344138574,-1.6665579705786158,True,False,True,False,True,3.305306470458696,0,0.9725623582766442,0.9585034013605436,False,False,False,False,-0.001880362792787967,-0.09366299034545553,False,False,False,False,295692.0,146696.4397848684,False,False,False,False,18959.046533248966,False,False,False,False
2025-08-22 16:00:00+00:00,30.665,30.765,30.665,30.74,11217.0,,,,,,,,,30.678796361091674,30.349028064038638,,,,,,,,,,30.183174439767544,,,30.203081649334496,30.947525493658677,,"rgba(38, 166, 154, 1.0)",0.0,0.0,0.35913120892670386,30.43634295986996,0.8455323084772942,0.0,0.0,0.0,0.0,0.0,0.0,0.0,0.0,61.59329417283153,2.5412201699831556,True,False,True,False,True,4.520218722166781,0,0.9713636363636365,0.9640909090909087,False,False,False,False,-0.007521527732422254,-0.05059225903893889,False,False,False,False,306909.0,149180.3554471185,False,False,False,False,18839.01480405131,False,False,False,False
2025-08-22 17:00:00+00:00,30.745,30.825,30.745,30.775,11774.0,,,,,,,,,30.702848528175494,30.355552088976673,,,,,,,,,,30.228907836354473,,,30.249890689167863,30.947226680431992,,"rgba(38, 166, 154, 1.0)",0.0,0.0,0.34675637266229525,30.449606666353237,0.9383917911832039,0.0,0.0,0.0,0.0,0.0,0.0,0.0,0.0,65.28669427069309,5.6883374977685435,True,False,True,False,True,5.084392297917233,0,0.974528087332272,0.9590629974982937,False,False,False,False,0.018805615491024188,-0.01589332177395735,False,False,False,False,318683.0,151808.30342468253,False,False,False,False,18729.479690810203,False,False,False,False
2025-08-22 18:00:00+00:00,30.775,30.805,30.755,30.78,12615.0,,,,,,,,,30.718304061064174,30.362300744639562,,,,,,,,,,30.270612662171462,,,30.29217594700323,30.94690450493294,,"rgba(38, 166, 154, 1.0)",0.0,0.0,0.33236353970081195,30.45662563067811,0.9729538011690029,0.0,0.0,0.0,0.0,0.0,0.0,0.0,0.0,67.79937227199956,7.984060997012591,True,False,True,False,True,5.165879938459881,0,0.9735461801596352,0.9616875712656778,False,False,False,False,0.016924672963717215,0.0005156755948799319,False,False,False,False,331298.0,154591.0894180983,False,False,False,False,18634.681556068957,False,False,False,False
2025-08-22 19:00:00+00:00,30.785,30.805,30.695,30.72,16508.0,,,,,,,,,30.722810308673044,30.369999185096663,,,,,,,,,,30.312907842259634,,,30.334503032627946,30.946384184883403,,"rgba(38, 166, 154, 1.0)",0.0,0.0,0.31981155769040487,30.463279252798095,0.8027250455107795,0.0,0.0,0.0,0.0,0.0,0.0,0.0,0.0,67.78691428631242,8.224118782436278,True,False,True,False,True,4.037882603136463,0,0.9730655101574984,0.9602830404017343,False,False,False,False,0.005641066351394532,0.003078370973137232,False,False,False,False,314790.0,157074.7934581278,False,False,False,False,18601.709748998117,False,False,False,False
2025-08-25 14:00:00+00:00,30.45,30.5,30.275,30.295,13516.0,,,,,,,,,30.669595143877157,30.369780341045818,,,,,,,,,30.356666666666662,30.315914370679142,,,30.336094999964576,30.945172457067585,,"rgba(38, 166, 154, 1.0)",0.0,0.0,0.30274960664591316,30.45817322142891,-0.5389708783990327,0.0,0.0,0.0,0.0,0.0,0.0,0.0,0.0,59.72640249150473,8.224118782436278,True,False,True,False,False,0.0,0,0.9653932584269664,0.9602247191011231,False,False,False,False,-0.13143543947277134,-0.06417853424981705,False,False,False,False,301274.0,159310.44007118008,False,False,False,False,18522.861535835356,False,False,False,False
2025-08-25 15:00:00+00:00,30.295,30.31,30.185,30.225,18855.0,,,,,,,,,30.59717722684643,30.366875131834163,,,,,,,,,30.28871232481748,30.309274614403343,,,30.327343140427743,30.94315691598578,,"rgba(239, 83, 80, 1.0)",0.0,0.0,0.28115939181100563,30.450394795143797,-0.8016619814546525,0.0,0.0,0.0,0.0,0.0,0.0,0.0,0.0,53.452089647986085,13.678891441362737,True,False,False,False,False,0.0,0,0.9659449706811006,0.968651330626973,False,False,False,False,-0.18542979811307997,-0.12480416618144852,False,False,False,False,282419.0,161219.09991503775,False,False,False,False,18528.010969388295,False,False,False,False
2025-08-25 16:00:00+00:00,30.225,30.245,30.155,30.225,24524.0,,,,,,,,,30.52725233119462,30.36238961306651,,,,,,,,,30.254065793713565,30.298964350816405,,,30.314738588906984,30.940435263721273,,"rgba(239, 83, 80, 1.0)",0.0,0.0,0.2574842424985776,30.442529035085112,-0.8448246501387842,0.0,0.0,0.0,0.0,0.0,0.0,0.0,0.0,49.269214418973654,9.762560958675323,False,False,False,True,False,0.0,0,0.9669159302062091,0.9685021527305682,False,False,False,False,-0.203979311894737,-0.16439173903809276,False,False,False,False,282419.0,163098.16813340923,False,False,False,False,18620.972039630335,False,False,False,False
2025-08-25 17:00:00+00:00,30.225,30.225,30.125,30.14,9786.0,,,,,,,,,30.502886656951354,30.360167413307362,,,,,,,,,30.24075003874167,30.293652766939463,,,30.308599240895514,30.9392884310806,,"rgba(239, 83, 80, 1.0)",0.0,0.0,0.25740802608276064,30.43941666532507,-1.1631986379041719,0.0,0.0,0.0,0.0,0.0,0.0,0.0,0.0,45.295155785579084,5.936762964680163,False,True,False,True,False,0.0,0,0.9596097118221014,0.9723167687769452,False,False,False,False,-0.21379732849797156,-0.18909453376803215,False,False,False,False,272633.0,164796.38258095327,False,False,False,False,18483.99572893839,False,False,False,False
2025-08-25 18:00:00+00:00,30.145,30.18,30.13,30.155,12510.0,,,,,,,,,30.47545844336184,30.35728063377735,,,,,,,,,30.227203891014554,30.287042328042332,,,30.30102961626492,30.9378115980161,,"rgba(239, 83, 80, 1.0)",0.0,0.0,0.25757955125583337,30.435716545591152,-1.0898246550338049,0.0,0.0,0.0,0.0,0.0,0.0,0.0,0.0,43.00016092695519,3.540490113970236,False,True,False,True,False,0.0,0,0.9587793213391028,0.9751764973810061,False,False,False,False,-0.22168099248492168,-0.2053877631264769,False,False,False,False,285143.0,166662.22161070592,False,False,False,False,18391.375640117636,False,False,False,False
2025-08-25 19:00:00+00:00,30.155,30.155,30.065,30.065,28445.0,,,,,,,,,30.417621911897793,30.34914964485056,,,,,,,,,30.192266326631735,30.268260028423423,,,30.280269153925722,30.934218415877567,,"rgba(239, 83, 80, 1.0)",0.0,0.0,0.2583863647978445,30.426541350365437,-1.3992276668635235,0.0,0.0,0.0,0.0,0.0,0.0,0.0,0.0,40.154395067498456,0.4928697580435113,False,True,False,True,False,0.0,0,0.9521857923497271,0.9779143897996351,False,False,False,False,-0.23952044686290155,-0.22245410499468923,False,False,False,False,256698.0,168058.1251516252,False,False,False,False,18547.24578523209,False,False,False,False
2025-08-26 14:00:00+00:00,29.83,29.955,29.82,29.915,36266.0,,,,,,,,,30.333044985719532,30.33194529716137,,,,,,,,29.89666666666667,30.117769674269066,30.227061747568072,,,30.23659821236112,30.92860925387177,,"rgba(239, 83, 80, 1.0)",0.0,0.0,0.2606540284025049,30.372429890146655,-1.75493121265054,0.0,0.0,0.0,0.0,0.0,0.0,0.0,0.0,36.40129863724775,-3.427642894544718,False,True,False,True,False,0.0,0,0.9446952595936797,0.982618510158013,False,False,False,False,-0.3302194507230893,-0.27633677785888927,False,False,False,False,220432.0,168870.1232112899,False,False,False,False,18821.955152902912,False,False,False,False
2025-08-26 15:00:00+00:00,29.915,29.965,29.855,29.955,17653.0,,,,,,,,,30.303160453875996,30.32455049596813,,,,,,,,29.90594295764635,30.096705869002303,30.21159501274804,,,30.220237524451413,30.925975165244626,,"rgba(239, 83, 80, 1.0)",0.0,0.0,0.2619598690122293,30.366228595278766,-1.5698152424239082,0.0,0.0,0.0,0.0,0.0,0.0,0.0,0.0,34.99488852988645,-5.2074007121942,False,True,False,True,False,0.0,0,0.9474870407933292,0.9819697994140177,False,False,False,False,-0.32082910654574887,-0.29858294220231907,False,False,False,False,238085.0,169943.22207623115,False,False,False,False,18803.83181719899,False,False,False,False
2025-08-26 16:00:00+00:00,29.955,30.05,29.93,30.005,11376.0,,,,,,,,,30.28927186216132,30.320736085688836,,,,,,,,29.921458891696663,30.090015304755465,30.204676330604972,,,30.212865838864325,30.924403207183627,,"rgba(239, 83, 80, 1.0)",0.0,0.0,0.26292918582136926,30.363751070443392,-1.3644398940447946,0.0,0.0,0.0,0.0,0.0,0.0,0.0,0.0,35.437121888155446,-5.351794982999522,False,True,False,True,False,0.0,0,0.9594196327363413,0.9752890501020169,False,False,False,False,-0.28786756712483674,-0.2932252546635779,False,False,False,False,249461.0,171176.05584249113,False,False,False,False,18688.6716339866,False,False,False,False
2025-08-26 17:00:00+00:00,30.005,30.02,29.965,29.995,16233.0,,,,,,,,,30.271389571328605,30.31541644145858,,,,,,,,29.935769776436725,30.081718596914147,30.195463049993556,,,30.203070689718356,30.92216526325577,,"rgba(239, 83, 80, 1.0)",0.0,0.0,0.2626934808189884,30.360036043132197,-1.3895892733772413,0.0,0.0,0.0,0.0,0.0,0.0,0.0,0.0,35.56792001944385,-5.951802046343644,False,True,False,True,False,0.0,0,0.9585421412300686,0.9779043280182226,False,False,False,False,-0.2868476016147143,-0.2900364281391461,False,False,False,False,233228.0,172138.10148834396,False,False,False,False,18650.5992055527,False,False,False,False
2025-08-26 18:00:00+00:00,29.995,30.04,29.95,30.025,9071.0,,,,,,,,,30.262688493599562,30.31262340875554,,,,,,,,29.942701280735257,30.0782080443245,30.190933648630583,,,30.198252393684303,30.920935028554766,,"rgba(239, 83, 80, 1.0)",0.0,0.0,0.26320315518783644,30.358113767221788,-1.2656146427426398,0.0,0.0,0.0,0.0,0.0,0.0,0.0,0.0,36.59038475974263,-5.951802046343644,False,True,False,True,False,0.0,0,0.9527828467153289,0.9801551094890505,False,False,False,False,-0.2858282167581445,-0.2879323224486453,False,False,False,False,242299.0,173225.8673567417,False,False,False,False,18502.078287637152,False,False,False,False
2025-08-26 19:00:00+00:00,30.025,30.11,29.935,30.095,42381.0,,,,,,,,,30.23408700827252,30.301894030113118,,,,,,,,29.975835263448136,30.07265249055203,30.176507290831015,,,30.18278216044745,30.91549015297285,,"rgba(239, 83, 80, 1.0)",0.0,0.0,0.2628750773775211,30.351489344954263,-0.9757081101526945,0.0,0.0,0.0,0.0,0.0,0.0,0.0,0.0,39.3780363771463,-5.951802046343644,False,True,False,True,True,0.0,0,0.9509132420091329,0.9815068493150678,False,False,False,False,-0.27465256479252187,-0.2812924436205836,False,False,False,False,284680.0,174953.83840547438,False,False,False,False,18872.2941281389,False,False,False,False
2025-08-27 14:00:00+00:00,30.055,30.165,30.03,30.14,7364.0,,,,,,,,,30.231333989902076,30.300569854956844,,,,,,,,29.98296248266165,30.073811053310756,30.175399906613727,,,30.181543045709937,30.914621239055304,,"rgba(239, 83, 80, 1.0)",0.0,0.0,0.2623630144499844,30.350904092179512,-0.8038636567034759,0.0,0.0,0.0,0.0,1.0,30.135,30.11,0.0,42.508065883619295,-5.951802046343644,False,True,False,True,True,0.0,0,0.9523157654574497,0.9785535021674646,False,False,False,False,-0.24450205368421948,-0.26289724865240155,False,False,False,False,292044.0,176769.18974802515,False,False,False,False,18693.870963361554,False,False,False,False
2025-08-27 15:00:00+00:00,30.145,30.285,30.135,30.215,12919.0,,,,,,,,,30.230587521556853,30.29949726577956,,,,,,,,30.00224064734041,30.08063728364872,30.176454910234785,,,30.18243654264865,30.91329067550478,,"rgba(239, 83, 80, 1.0)",0.0,0.0,0.2614463064782184,30.35131287426308,-0.5213799961424829,0.0,0.0,0.0,0.0,0.0,0.0,0.0,0.0,46.558584039809205,-10.386360716827618,False,False,False,True,True,0.0,0,0.9526195899772214,0.9774487471526189,False,False,False,False,-0.20006304142426812,-0.23148014503833483,False,False,False,False,304963.0,178756.6906821643,False,False,False,False,18604.33808020866,False,False,False,False
2025-08-27 16:00:00+00:00,30.215,30.315,30.195,30.295,12451.0,,,,,,,,,30.231919531596898,30.29913906792633,,,,,,,,30.022233647529276,30.089186775196637,30.178960590277015,,,30.184823789562337,30.91211625628692,,"rgba(239, 83, 80, 1.0)",0.0,0.0,0.26049459194456176,30.352342179722314,-0.22012810052699844,0.0,0.0,0.0,0.0,0.0,0.0,0.0,0.0,51.09162238129133,-5.990795815404319,True,False,True,False,True,0.0,0,0.9554535017221588,0.9836969001148099,False,False,False,False,-0.18251274028249082,-0.20699644266041284,False,False,False,False,317414.0,180906.41640802223,False,False,False,False,18508.93748981783,False,False,False,False
2025-08-27 17:00:00+00:00,30.29,30.42,30.265,30.415,13895.0,,,,,,,,,30.23702502329175,30.299994274596383,,,,,,,,30.04887984455122,30.10260940428322,30.18450460446651,,,30.19029402404411,30.911010092444705,,"rgba(38, 166, 154, 1.0)",0.0,0.0,0.25683085891306223,30.35475492778304,0.23457100315718266,0.0,0.0,0.0,0.0,0.0,0.0,0.0,0.0,56.36964753634268,-1.0452594496279204,True,False,True,False,True,0.34249366865999065,0,0.9623161764705885,0.9694393382352934,False,False,False,False,-0.14869309245967124,-0.17784476756004203,False,False,False,False,331309.0,183238.23940944823,False,False,False,False,18437.40357524701,False,False,False,False
2025-08-27 18:00:00+00:00,30.415,30.425,30.37,30.395,6000.0,,,,,,,,,30.23959488005008,30.300520069521692,,,,,,,,30.060122407857378,30.10862602374579,30.187176395934646,,,30.192940386962196,30.910560073720347,,"rgba(38, 166, 154, 1.0)",0.0,0.0,0.2525044286471379,30.355901157455634,0.15484418532319905,0.0,0.0,0.0,0.0,0.0,0.0,0.0,0.0,59.199723105912234,1.5856120172875308,True,False,True,False,True,0.0,0,0.9634089856415011,0.9749884205650756,False,False,False,False,-0.12761130752862662,-0.15272803754433434,False,False,False,False,325309.0,185440.88686046452,False,False,False,False,18244.575612840083,False,False,False,False
2025-08-27 19:00:00+00:00,30.395,30.415,30.3,30.325,28585.0,,,,,,,,,30.247221520354174,30.301685618276966,,,,,,,,30.098362823733,30.129768837585065,30.19620356913264,,,30.201791121334065,30.908219324838285,,"rgba(38, 166, 154, 1.0)",0.0,0.0,0.24752599281095322,30.359322788975152,-0.138663372623525,0.0,0.0,0.0,0.0,0.0,0.0,0.0,0.0,58.74350216767132,1.5856120172875308,True,False,True,False,True,0.0,0,0.9527340129749772,0.9782205746061162,False,False,False,False,-0.14210774805853804,-0.1474178928014362,False,False,False,False,296724.0,187166.2064440232,False,False,False,False,18404.892270005355,False,False,False,False
2025-08-28 14:00:00+00:00,30.385,30.435,30.35,30.405,8722.0,,,,,,,,,30.250400444355563,30.30241201095929,,,,,,,,30.110034512252746,30.136811248053764,30.199606817243982,,,30.205155487112894,30.907572217515057,,"rgba(38, 166, 154, 1.0)",0.0,0.0,0.24341785524522033,30.36064585320549,0.18221402349399723,0.0,0.0,0.0,0.0,0.0,0.0,0.0,0.0,60.15833795631289,2.9176304908046546,True,False,True,False,True,0.18718737835338217,0,0.954102920723227,0.975660639777468,False,False,False,False,-0.11619540222090563,-0.1318066475111709,False,False,False,False,305446.0,189000.00169295305,False,False,False,False,18254.76990923008,False,False,False,False
2025-08-28 15:00:00+00:00,30.405,30.615,30.395,30.6,10124.0,,,,,,,,,30.257298261439402,30.304473212826842,,,,,,,,30.128568772170727,30.14869390564642,30.20612051105851,,,30.211668219063952,30.90702840632668,,"rgba(38, 166, 154, 1.0)",0.0,0.0,0.2407129612830606,30.363431909721477,0.9827808565752211,0.0,0.0,0.0,0.0,0.0,0.0,0.0,0.0,64.19986309746005,6.999480631877709,True,False,True,False,True,3.6174641184770557,0,0.9618585298196951,0.9637078132223756,False,False,False,False,-0.03579843718556294,-0.08380254234836693,False,False,False,False,315570.0,190962.32724810106,False,False,False,False,18128.71146102496,False,False,False,False
2025-08-28 16:00:00+00:00,30.605,30.665,30.55,30.595,12536.0,,,,,,,,,30.267323627430134,30.30769428854247,,,,,,,,30.152804237113287,30.164829710391118,30.215403343673565,,,30.220969623719057,30.90647805291839,,"rgba(38, 166, 154, 1.0)",0.0,0.0,0.23705138759410485,30.367461348802653,0.9598705728183825,0.0,0.0,0.0,0.0,0.0,0.0,0.0,0.0,66.72092459109307,9.582259274723292,True,False,True,False,True,3.5232619661342994,0,0.983598875351453,0.955951265229615,False,False,False,False,0.010792133887321118,-0.036505204230522906,False,False,False,False,303034.0,192699.872562084,False,False,False,False,18042.002756202866,False,False,False,False
2025-08-28 17:00:00+00:00,30.595,30.625,30.535,30.535,28525.0,,,,,,,,,30.28573409046067,30.313853522863422,,,,,,,,30.195700410919088,30.19473212359993,30.233055177443305,,,30.23860727639156,30.905075735817363,,"rgba(38, 166, 154, 1.0)",0.0,0.0,0.2370030980143476,30.374877223303837,0.6756146988697564,0.0,0.0,0.0,0.0,0.0,0.0,0.0,0.0,66.28461003713372,9.582259274723292,True,False,True,False,True,2.387808054591588,0,0.9875440658049355,0.9478260869565209,False,False,False,False,-0.0017039829432502023,-0.019104593586886553,False,False,False,False,274509.0,193968.23112701293,False,False,False,False,18204.529845253983,False,False,False,False
2025-08-28 18:00:00+00:00,30.535,30.685,30.535,30.665,25293.0,,,,,,,,,30.303545363918523,30.320389691264396,,,,,,,,30.232249521811838,30.2216762687435,30.24999383295438,,,30.255553431461866,30.9040716859081,,"rgba(38, 166, 154, 1.0)",0.0,0.0,0.23921346341920396,30.382099135773508,1.1826293561526178,0.0,0.0,0.0,0.0,0.0,0.0,0.0,0.0,68.0395248056553,11.461177237495995,True,False,True,False,True,4.637276199851691,0,0.9866102889358705,0.9452666196852237,False,False,False,False,0.011928253000624682,-0.0035881702931309352,False,False,False,False,299802.0,195609.0647529507,False,False,False,False,18314.428607343067,False,False,False,False
2025-08-28 19:00:00+00:00,30.665,30.725,30.64,30.69,33915.0,,,,,,,,,30.328403958303312,30.330275520436526,,,,,,,,30.2783179822127,30.25731251441034,30.27363119223133,,,30.279212717869733,30.903011090702826,,"rgba(38, 166, 154, 1.0)",0.0,0.0,0.24140480376166668,30.392331435055326,1.2330681092765534,0.0,0.0,0.0,0.0,0.0,0.0,0.0,0.0,69.56007197775808,13.27130190900644,True,False,True,False,True,5.062435210098119,0,0.990579368817711,0.9441827602449356,False,False,False,False,0.044901037137681475,0.02065643342227527,False,False,False,False,333717.0,197750.27305135457,False,False,False,False,18556.297931260226,False,False,False,False
2025-08-29 14:00:00+00:00,30.705,30.71,30.58,30.655,8074.0,,,,,,,,,30.333291592478574,30.332315345320755,,,,,,,,30.287069161811417,30.26434362465731,30.278416442194175,,,30.283991296214634,30.902717899394787,,"rgba(38, 166, 154, 1.0)",0.0,0.0,0.24328646963248002,30.394371261765126,1.071283325491108,0.0,0.0,0.0,0.0,0.0,0.0,0.0,0.0,69.24218191133562,13.358503238312693,True,False,True,False,True,4.377251919057347,0,1.0000000000000002,0.9410366143604367,False,False,False,False,0.0278384898754503,0.024247461648862784,False,False,False,False,325643.0,199733.10602730254,False,False,False,False,18393.781684263944,False,False,False,False
2025-08-29 15:00:00+00:00,30.655,30.785,30.64,30.785,5666.0,,,,,,,,,30.337570276350316,30.334127032828114,,,,,,,,30.29440939175736,30.27022941890173,30.28248681458163,,,30.28806676348751,30.9025838578926,,"rgba(38, 166, 154, 1.0)",0.0,0.0,0.24650497500584387,30.396162293842405,1.577403077355242,0.0,0.0,0.0,0.0,0.0,0.0,0.0,0.0,70.98647948352117,15.422976693466978,True,False,True,False,True,6.59600348285727,0,1.0095442615127657,0.9253161536626097,False,False,False,False,0.05856943502157334,0.04140844833521806,False,False,False,False,331309.0,201773.0423679645,False,False,False,False,18196.451735670704,False,False,False,False
2025-08-29 16:00:00+00:00,30.785,30.895,30.785,30.885,6085.0,,,,,,,,,30.34339824463983,30.336621372092573,,,,,,,,30.304069163546984,30.277951989785215,30.287896571393663,,,30.293495859470646,30.902542642019228,,"rgba(38, 166, 154, 1.0)",0.0,0.0,0.25206623611129686,30.413306658629068,1.8713071161290433,0.0,0.0,0.0,0.0,0.0,0.0,0.0,0.0,73.3341025382347,17.963290119411326,True,False,True,False,True,8.2422553910318,0,1.0123666343355968,0.936954413191076,False,False,False,False,0.11696767197781589,0.07918806015651697,False,False,False,False,337394.0,203875.6928738875,False,False,False,False,18008.67729015643,False,False,False,False
2025-08-29 17:00:00+00:00,30.885,30.885,30.81,30.855,6325.0,,,,,,,,,30.349260671758984,30.339164130136588,,,,,,,,30.313675300938353,30.28569817346222,30.293363755236687,,,30.298980679422385,30.90249537851957,,"rgba(38, 166, 154, 1.0)",0.0,0.0,0.25779466652748767,30.415630345673918,1.7043395825228758,0.0,0.0,0.0,0.0,0.0,0.0,0.0,0.0,73.7316978829338,18.659280263981174,True,False,True,False,True,7.633467547637867,0,1.0146377165162237,0.9338863137350567,False,False,False,False,0.12042383138668822,0.0998059457716026,False,False,False,False,331069.0,205847.68213165668,False,False,False,False,17827.535006588114,False,False,False,False
2025-08-29 18:00:00+00:00,30.855,30.885,30.835,30.845,5271.0,,,,,,,,,30.3540912802968,30.341284552439745,,,,,,,,30.32149840978258,30.292050853222573,30.297879496722945,,,30.30351032113281,30.902459801269945,,"rgba(38, 166, 154, 1.0)",0.0,0.0,0.26269656732895236,30.41769667258567,1.6266041530693223,0.0,0.0,0.0,0.0,0.0,0.0,0.0,0.0,73.58552761862614,18.89236234991813,True,False,True,False,True,7.428421319459275,0,1.0087976539589447,0.9352394916911039,False,False,False,False,0.12619050750068594,0.11299822663614427,False,False,False,False,325798.0,207707.37698232866,False,False,False,False,17632.86004524566,False,False,False,False
2025-08-29 19:00:00+00:00,30.845,30.86,30.75,30.765,23485.0,,,,,,,,,30.371953098882788,30.34938496878836,,,,,,,,30.34994115803528,30.31571416615072,30.314957040789523,,,30.320608355567742,30.90209126148292,,"rgba(38, 166, 154, 1.0)",0.0,0.0,0.26592678325806574,30.423542839453468,1.2840269654793262,0.0,0.0,0.0,0.0,0.0,0.0,0.0,0.0,70.32020618699856,18.89236234991813,True,False,True,False,False,5.791878308424305,0,1.0115280843757668,0.934265391219033,False,False,False,False,0.10087429923447443,0.10693626293530935,False,False,False,False,302313.0,209174.13082756387,False,False,False,False,17723.590897257352,False,False,False,False
2025-09-01 14:00:00+00:00,30.765,30.765,30.765,30.765,0.0,,,,,,,,,30.371953098882788,30.34938496878836,,,,,,,,30.34994115803528,30.31571416615072,30.314957040789523,,,30.320608355567742,30.90209126148292,,"rgba(38, 166, 154, 1.0)",0.0,0.0,0.26913419741115086,30.423542839453468,1.2687245390257689,0.0,0.0,0.0,0.0,0.0,0.0,0.0,0.0,68.14332523258017,22.70018643119431,True,False,True,False,False,5.791878308424316,0,1.0145931239178831,0.9354439772446197,False,False,False,False,0.08254494343107704,0.09474060318319319,False,False,False,False,302313.0,210618.1443031055,False,False,False,False,17448.806542261114,False,False,False,False
2025-09-01 15:00:00+00:00,30.765,30.765,30.765,30.765,0.0,,,,,,,,,30.371953098882788,30.34938496878836,,,,,,,,30.34994115803528,30.31571416615072,30.314957040789523,,,30.320608355567742,30.90209126148292,,"rgba(38, 166, 154, 1.0)",0.0,0.0,0.2722999637719372,30.423542839453468,1.2539743150040135,0.0,0.0,0.0,0.0,0.0,0.0,0.0,0.0,66.69207126296791,21.191055027653604,True,False,True,False,False,5.791878308424316,0,1.014478282576136,0.9358462306540183,False,False,False,False,0.08254494343107704,0.08864277330713512,False,False,False,False,302313.0,212039.7699728248,False,False,False,False,17178.282409822958,False,False,False,False
2025-09-01 16:00:00+00:00,30.765,30.765,30.765,30.765,0.0,,,,,,,,,30.371953098882788,30.34938496878836,,,,,,,,30.34994115803528,30.31571416615072,30.314957040789523,,,30.320608355567742,30.90209126148292,,"rgba(38, 166, 154, 1.0)",0.0,0.0,0.2753061359076409,30.423542839453468,1.2402816937617545,0.0,0.0,0.0,0.0,0.0,0.0,0.0,0.0,65.72456861655974,20.1033017375846,True,False,True,False,False,5.791878308424316,0,1.0364058869093729,0.9289956106377478,False,False,False,False,0.08254494343107704,0.08559385836910607,False,False,False,False,302313.0,213439.35493448644,False,False,False,False,16911.95244998074,False,False,False,False
2025-09-01 17:00:00+00:00,30.765,30.765,30.765,30.765,0.0,,,,,,,,,30.371953098882788,30.34938496878836,,,,,,,,30.34994115803528,30.31571416615072,30.314957040789523,,,30.320608355567742,30.90209126148292,,"rgba(38, 166, 154, 1.0)",0.0,0.0,0.27814933768388156,30.423542839453468,1.227603716010285,0.0,0.0,0.0,0.0,0.0,0.0,0.0,0.0,65.07956685228763,19.270690412955773,True,False,True,False,False,5.791878308424316,0,1.0279373368146218,0.9315926892950384,False,False,False,False,0.08254494343107704,0.08406940090009156,False,False,False,False,302313.0,214817.2409044944,False,False,False,False,16649.751636802746,False,False,False,False
2025-09-01 18:00:00+00:00,30.765,30.765,30.765,30.765,0.0,,,,,,,,,30.371953098882788,30.34938496878836,,,,,,,,30.34994115803528,30.31571416615072,30.314957040789523,,,30.320608355567742,30.90209126148292,,"rgba(38, 166, 154, 1.0)",0.0,0.0,0.28015492818030463,30.423542839453468,1.2188154702985434,0.0,0.0,0.0,0.0,0.0,0.0,0.0,0.0,64.64956567610622,18.59597429333749,True,False,True,False,False,5.791878308424305,0,1.0236468733578563,0.9306358381502883,False,False,False,False,0.08254494343107704,0.08330717216558431,False,False,False,False,302313.0,216173.76430132394,False,False,False,False,16391.61595251123,False,False,False,False
2025-09-01 19:00:00+00:00,30.765,30.765,30.765,30.765,0.0,,,,,,,,,30.371953098882788,30.34938496878836,,,,,,,,30.34994115803528,30.31571416615072,30.314957040789523,,,30.320608355567742,30.90209126148292,,"rgba(38, 166, 154, 1.0)",0.0,0.0,0.28290163190278894,30.423542839453468,1.206981940153193,0.0,0.0,0.0,0.0,0.0,0.0,0.0,0.0,64.36289822531862,18.02349967913979,True,False,True,False,False,5.791878308424316,0,1.0293728499603072,0.9253770838846249,False,False,False,False,0.08254494343107704,0.08292605779833068,False,False,False,False,302313.0,217509.25632766,False,False,False,False,16137.482371852142,False,False,False,False
2025-09-02 14:00:00+00:00,30.45,30.585,30.445,30.475,5967.0,,,,,,,,,30.37328460330731,30.350077691293176,,,,,,,30.50166666666666,30.35223792985643,30.317925283668583,30.316583406566984,,,30.322205423514667,30.901753125913974,,"rgba(239, 83, 80, 1.0)",0.0,0.0,0.2826794574701237,30.422147904203978,0.18696829358960107,0.0,0.0,0.0,0.0,0.0,0.0,0.0,0.0,53.17067548481409,7.62115856995041,False,True,False,False,False,0.0,0,1.0259910737726439,0.9236019952743495,False,False,False,False,-0.031249431252674834,0.02583831327282792,False,False,False,False,296346.0,218731.53142335516,False,False,False,False,15979.800474614125,False,False,False,False
2025-09-02 15:00:00+00:00,30.475,30.49,30.25,30.265,11353.0,,,,,,,,,30.37255121198367,30.349948313900185,,,,,,,30.39241916859122,30.351755351983595,30.318303031543095,30.316883652246748,,,30.322416605725945,30.90084400545405,,"rgba(239, 83, 80, 1.0)",0.0,0.0,0.28279115586907194,30.41763266178416,-0.539736334098182,0.0,0.0,0.0,0.0,0.0,0.0,0.0,0.0,42.66638244971227,-1.5052002410049852,False,True,False,True,False,0.0,0,1.0154248366013074,0.9286274509803916,False,False,False,False,-0.09743281004149537,-0.03579724838433372,False,False,False,False,284993.0,219758.84101369075,False,False,False,False,15908.067133922434,False,False,False,False
2025-09-02 16:00:00+00:00,30.265,30.355,30.195,30.355,14468.0,,,,,,,,,30.370861991910424,30.349426061760138,,,,,,,30.351114047229565,30.350029928357657,30.31784685804752,30.316573936391947,,30.30166666666667,30.321989135619635,30.89962166026675,,"rgba(239, 83, 80, 1.0)",0.0,0.0,0.2820700028120936,30.402212308548023,-0.16737798446250987,1.0,30.355,30.195,0.0,0.0,0.0,0.0,0.0,38.92984145957094,-4.219345921049779,False,True,False,True,False,0.0,0,1.0071409679978844,0.9497487437185923,False,False,False,False,-0.14122405043192238,-0.08851064940812806,False,False,False,False,299461.0,220994.53340107537,False,False,False,False,15885.740511691078,False,False,False,False
2025-09-02 17:00:00+00:00,30.355,30.355,30.27,30.335,14804.0,,,,,,,,,30.369651293916878,30.349103939670677,,,,,,,30.34122796474359,30.349007490679774,30.317905620191127,30.31664383187233,,30.310938553338804,30.321948071326265,30.898414268912862,,"rgba(239, 83, 80, 1.0)",0.0,0.0,0.2813699273837986,30.39980827541263,-0.23033120850982017,0.0,0.0,0.0,0.0,0.0,0.0,0.0,0.0,36.12087440535871,-6.367115776154172,False,True,False,True,False,0.0,0,1.0050264550264552,0.948677248677248,False,False,False,False,-0.12388290242824194,-0.106196775918185,False,False,False,False,284657.0,221981.54838710523,False,False,False,False,15868.969340967185,False,False,False,False
2025-09-02 18:00:00+00:00,30.335,30.335,30.2,30.265,4584.0,,,,,,,,,30.36889778033871,30.348825450763325,,,,,,,30.334549267885986,30.34814846002763,30.317476245840396,30.31633010193577,,30.304944273787022,30.321596933833817,30.8980070456736,,"rgba(239, 83, 80, 1.0)",0.0,0.0,0.28176155979214895,30.39848779404513,-0.4737615526532523,0.0,0.0,0.0,0.0,0.0,0.0,0.0,0.0,33.16377562801273,-8.905818861076028,False,True,False,True,False,0.0,0,1.0002641310089806,0.9516640253565762,False,False,False,False,-0.14470209921255023,-0.1254494375653676,False,False,False,False,280073.0,222882.19104777026,False,False,False,False,15694.008575990949,False,False,False,False
2025-09-02 19:00:00+00:00,30.265,30.49,30.265,30.49,22783.0,,,,,,,,,30.370515465611152,30.349918174337535,,,,,,,30.359332039823865,30.35144392588073,30.321375587184033,30.31931543326772,,30.349214116303845,30.324455361292515,30.89646456552706,,"rgba(239, 83, 80, 1.0)",0.0,0.0,0.28184891486528546,30.400209387702443,0.3185771083790496,0.0,0.0,0.0,0.0,0.0,0.0,0.0,0.0,37.94198928307826,-8.905818861076028,False,True,False,True,True,0.19136704410444239,0,1.003930817610063,0.9420859538784062,False,False,False,False,-0.09399357416216116,-0.10972150586376439,False,False,False,False,302856.0,224122.0950625335,False,False,False,False,15803.915419774034,False,False,False,False
2025-09-03 14:00:00+00:00,30.455,30.6,30.445,30.585,4185.0,,,,,,,,,30.371622229873623,30.35050307089518,,,,,,,30.36918622457685,30.353165897945576,30.322993882060533,30.320553568700777,,30.362570503967735,30.3256789011168,30.896257536085113,,"rgba(38, 166, 154, 1.0)",0.0,0.0,0.28254845713710547,30.401409871867806,0.6497651057535553,0.0,0.0,0.0,0.0,0.0,0.0,0.0,0.0,43.171004768203034,-15.650491491938709,False,True,False,True,True,1.9548567152634888,0,1.0114702815432743,0.9374348279457763,False,False,False,False,-0.027838535349570724,-0.06878002060666756,False,False,False,False,307041.0,225407.65948016866,False,False,False,False,15623.777196211646,False,False,False,False
2025-09-03 15:00:00+00:00,30.585,30.615,30.535,30.57,8597.0,,,,,,,,,30.374241447053087,30.35187877377731,,,,,,,30.389419478677905,30.3571510659233,30.32668800807426,30.323391331808114,,30.388671079356392,30.32849050993421,30.89586909485515,,"rgba(38, 166, 154, 1.0)",0.0,0.0,0.2831723761148369,30.40405281384804,0.5860288649224134,0.0,0.0,0.0,0.0,0.0,0.0,0.0,0.0,46.293757390318426,-12.783290192674919,False,True,False,True,True,1.6636828054566095,0,1.0161964472309302,0.9399164054336462,False,False,False,False,-0.003975947010841022,-0.03637798380875429,False,False,False,False,298444.0,226540.0058448172,False,False,False,False,15514.834914099836,False,False,False,False
2025-09-03 16:00:00+00:00,30.565,30.58,30.43,30.465,7347.0,,,,,,,,,30.375530211023783,30.35261243875241,,,,,,,30.39740360088428,30.359200163935675,30.328742624237417,30.32499041358885,,30.398528162776156,30.330058471042392,30.89545400651345,,"rgba(38, 166, 154, 1.0)",0.0,0.0,0.2832429638605426,30.405049368911108,0.2116579712052768,0.0,0.0,0.0,0.0,0.0,0.0,0.0,0.0,45.959674462199615,-12.783290192674919,False,True,False,True,True,0.0,0,1.0247694334650859,0.9396574440052696,False,False,False,False,-0.03579843718556294,-0.036088210497158615,False,False,False,False,291097.0,227540.88947513013,False,False,False,False,15388.201814656426,False,False,False,False
2025-09-03 17:00:00+00:00,30.465,30.595,30.445,30.46,9293.0,,,,,,,,,30.37723446518307,30.353584427851235,,,,,,,30.406626072489143,30.361861806578304,30.331398515099327,30.327069004152833,,30.40948524883513,30.332099162497233,30.89494100370753,,"rgba(38, 166, 154, 1.0)",0.0,0.0,0.28310756240662305,30.406308977448397,0.1896488461671266,0.0,0.0,0.0,0.0,0.0,0.0,0.0,0.0,45.62620077566535,-12.783290192674919,False,True,False,True,True,0.0,0,1.023439557545431,0.933895180405583,False,False,False,False,-0.02897542478171193,-0.03253181763943527,False,False,False,False,281804.0,228382.17801039942,False,False,False,False,15293.702561716016,False,False,False,False
2025-09-03 18:00:00+00:00,30.455,30.555,30.44,30.465,6938.0,,,,,,,,,30.378341794890485,30.354236455468914,,,,,,,30.411659853092697,30.36359869136308,30.33317565754381,30.32847174681033,,30.41524321050047,30.33347256623113,30.894545970333475,,"rgba(38, 166, 154, 1.0)",0.0,0.0,0.28259699761850116,30.407035018869472,0.20511534665622785,0.0,0.0,0.0,0.0,0.0,0.0,0.0,0.0,45.55406118111067,-12.32059133589729,False,True,False,True,True,0.0,0,1.018718692327973,0.9401529132612704,False,False,False,False,-0.039211153490240194,-0.035871485564837734,False,False,False,False,288742.0,229317.98920403662,False,False,False,False,15164.15678556538,False,False,False,False
2025-09-03 19:00:00+00:00,30.465,30.535,30.435,30.47,27644.0,,,,,,,,,30.382281600106918,30.356644535274235,,,,,,,30.425353343529306,30.369714108153516,30.339579448124105,30.333598741602582,,30.430081507699022,30.338482776107945,30.892953945219976,,"rgba(38, 166, 154, 1.0)",0.0,0.0,0.28241331285760485,30.40934233064973,0.21478332142527,0.0,0.0,0.0,0.0,0.0,0.0,0.0,0.0,45.67200448452367,-11.511061184317072,False,True,False,True,True,0.0,0,1.0135422198619228,0.9511417950079656,False,False,False,False,-0.044901082668249506,-0.040386284116543616,False,False,False,False,316386.0,230667.8808442841,False,False,False,False,15357.642726874443,False,False,False,False
2025-09-04 14:00:00+00:00,30.77,30.815,30.68,30.745,19290.0,,,,,,,,30.74666666666667,30.391876387781693,30.361787012810066,,,,,,,30.464768388096466,30.383044706563908,30.351603126505626,30.34312642790295,,30.473723305677243,30.34799503479268,30.892562966754163,,"rgba(38, 166, 154, 1.0)",0.0,0.0,0.2849317604410505,30.41696985585923,1.1512586158630018,0.0,0.0,0.0,0.0,0.0,0.0,0.0,0.0,52.257021542812254,-4.854607622276703,False,False,True,False,True,4.961997101036189,0,1.0118296529968456,0.9403259726603569,False,False,False,False,0.07454393737319942,0.017078826628327902,False,False,False,False,335676.0,232295.9136994115,False,False,False,False,15418.609506302746,False,False,False,False
2025-09-04 15:00:00+00:00,30.745,30.835,30.665,30.795,21363.0,,,,,,,,30.756300765011193,30.402448801662004,30.36759000452939,,,,,,,30.500676973694034,30.39744002180544,30.3646970175462,30.353634519141558,,30.512301720646104,30.358486420695222,30.89218650805765,,"rgba(38, 166, 154, 1.0)",0.0,0.0,0.28831729893433883,30.42482494183985,1.2839155317019446,0.0,0.0,0.0,0.0,0.0,0.0,0.0,0.0,57.439177904872075,0.13951763258184258,True,False,True,False,True,5.850726710400856,0,1.0130992926381976,0.9347655226617757,False,False,False,False,0.07568633142031761,0.04638257902432276,False,False,False,False,357039.0,234229.9150374051,False,False,False,False,15510.770599228284,False,False,False,False
2025-09-04 16:00:00+00:00,30.795,30.885,30.775,30.855,9298.0,,,,,,,,30.771570505762313,30.40775883235396,30.370520337841892,,,,,,,30.51738423782511,30.404555487283808,30.371137637443663,30.358832778334627,,30.530071641831874,30.36368388976193,30.8921174246328,,"rgba(38, 166, 154, 1.0)",0.0,0.0,0.29163839760032106,30.428710421216106,1.461705942329677,0.0,0.0,0.0,0.0,0.0,0.0,0.0,0.0,61.805271699062104,4.240648549635658,True,False,True,False,True,6.908719163147904,0,1.0192564856913615,0.9556031024338052,False,False,False,False,0.11236376823639728,0.07937317363036002,False,False,False,False,366337.0,236278.08689729028,False,False,False,False,15414.448574434047,False,False,False,False
2025-09-04 17:00:00+00:00,30.855,30.88,30.795,30.815,17415.0,,,,,,,,30.78667530109155,30.417178208182815,30.37581573899317,,,,,,,30.543898775461173,30.417038329649248,30.382534266046758,30.368110848907254,,30.557853569066733,30.37295605379697,30.891968533886292,,"rgba(38, 166, 154, 1.0)",0.0,0.0,0.2949368232853567,30.435371875931434,1.2871506509082802,0.0,0.0,0.0,0.0,0.0,0.0,0.0,0.0,63.308233189005456,5.726322575194558,True,False,True,False,True,6.064974834307787,0,1.0048335123523098,0.9605263157894732,False,False,False,False,0.13110182325710748,0.10523749844373376,False,False,False,False,348922.0,238024.50415469662,False,False,False,False,15445.464875605612,False,False,False,False
2025-09-04 18:00:00+00:00,30.815,30.85,30.745,30.765,14504.0,,,,,,,,30.78667377142624,30.423917774614203,30.379721741535768,,,,,,,30.559915958932468,30.42585521482953,30.390724383945983,30.374864452894382,,30.574241184516552,30.379695567610863,30.891758742068173,,"rgba(38, 166, 154, 1.0)",0.0,0.0,0.2975519184009273,30.439908699135163,1.0925532008394014,0.0,0.0,0.0,0.0,0.0,0.0,0.0,0.0,62.59359649971776,5.726322575194558,True,False,True,False,True,5.0136695255393064,0,1.004577275175014,0.9593430263866445,False,False,False,False,0.11282927300176086,0.10903338572274732,False,False,False,False,334418.0,239518.97695849976,False,False,False,False,15430.86852094506,False,False,False,False
2025-09-04 19:00:00+00:00,30.765,30.91,30.74,30.91,32052.0,,,,,,,,30.805428465675345,30.440556267448077,30.389467331515206,,,,,,,30.597252893185384,30.44726050877467,30.410554299913333,30.39133800065882,,30.61237757124891,30.396153903835522,30.891590307805927,,"rgba(38, 166, 154, 1.0)",0.0,0.0,0.3026831959608015,30.46765266235142,1.4614202028772896,0.0,0.0,0.0,0.0,0.0,0.0,0.0,0.0,64.73397693401341,7.594502746793566,True,False,True,False,True,7.6002489575755945,0,1.006981740064447,0.9516648764769059,False,False,False,False,0.12595597850926002,0.11749468211600367,False,False,False,False,366470.0,241487.20987387185,False,False,False,False,15688.560481860639,False,False,False,False
2025-09-05 14:00:00+00:00,30.865,30.87,30.515,30.565,7372.0,,,,,,,,30.795981843015042,30.442406305067085,30.390694566203624,,,,,,,30.59875276270265,30.449568864239172,30.412891970420123,30.393370220495235,,30.61352395458322,30.398166622569445,30.891346984329957,,"rgba(38, 166, 154, 1.0)",0.0,0.0,0.30303952705032194,30.466760983334876,0.32417888722751464,0.0,0.0,0.0,0.0,0.0,0.0,0.0,0.0,58.08372422245141,7.594502746793566,False,False,True,False,False,0.7988215451553025,0,0.9883813044626357,0.954845524161605,False,False,False,False,0.06302446221246318,0.09025957216423341,False,False,False,False,359098.0,243310.63297660253,False,False,False,False,15559.621559661247,False,False,False,False
2025-09-05 15:00:00+00:00,30.565,30.615,30.525,30.545,15333.0,,,,,,,,30.769685762453005,30.444557821648516,30.3923533824405,,,,,,,30.596681889362326,30.45216207884169,30.41585282325317,30.396076142939275,,30.610433319081125,30.400819203390398,30.890657807738958,,"rgba(38, 166, 154, 1.0)",0.0,0.0,0.3032959040365254,30.464068760584304,0.26683920995501204,0.0,0.0,0.0,0.0,0.0,0.0,0.0,0.0,53.31605520148901,11.026823257454545,False,False,False,False,False,0.43140750554162466,0,0.9896907216494849,0.9690721649484532,False,False,False,False,0.13998451246382027,0.11512204231402684,False,False,False,False,343765.0,244868.0650234769,False,False,False,False,15556.108047108359,False,False,False,False
2025-09-05 16:00:00+00:00,30.545,30.64,30.525,30.58,8343.0,,,,,,,,30.758865293968864,30.44589062728173,30.39334755673835,,,,,,,30.596239127284555,30.453771942502495,30.417629162900106,30.39768570744471,,30.609529748167446,30.40240169456563,30.890306744847287,,"rgba(38, 166, 154, 1.0)",0.0,0.0,0.30375053479346364,30.463606392933475,0.3831881551934253,0.0,0.0,0.0,0.0,0.0,0.0,0.0,0.0,50.92864119445722,8.783305631229261,False,True,False,False,False,1.071316536189471,0,1.0149708899362357,0.9645134460770718,False,False,False,False,0.14838625836648264,0.13175415034025473,False,False,False,False,352108.0,246530.6996742757,False,False,False,False,15444.27691459505,False,False,False,False
2025-09-05 17:00:00+00:00,30.585,30.59,30.485,30.535,12586.0,,,,,,,,30.741115465823786,30.44720257219957,30.394474038093637,,,,,,,30.5937019672734,30.45529784731099,30.419522343109627,30.39948055765903,,30.606233349748443,30.404150983858948,30.88970165185014,,"rgba(38, 166, 154, 1.0)",0.0,0.0,0.3017594501679996,30.462496854076523,0.24026802104494865,0.0,0.0,0.0,0.0,0.0,0.0,0.0,0.0,48.451763161650604,6.332022507948587,False,True,False,True,False,0.2244023006255027,0,1.0236886632825724,0.9574168076706143,False,False,False,False,0.11822855660011096,0.12499135347018284,False,False,False,False,339522.0,247972.42526072104,False,False,False,False,15399.962543826134,False,False,False,False
2025-09-05 18:00:00+00:00,30.535,30.655,30.505,30.625,5901.0,,,,,,,,30.735840516670024,30.44819732740538,30.39521029756204,,,,,,,30.593727379293572,30.456493236760505,30.42082114069954,30.400657293658675,,30.606000023465917,30.405309712903666,30.88946542305104,,"rgba(38, 166, 154, 1.0)",0.0,0.0,0.3007988912428045,30.462643190627933,0.539752020698151,0.0,0.0,0.0,0.0,0.0,0.0,0.0,0.0,48.95944261290442,6.332022507948587,False,True,False,False,False,1.8856150343073566,0,1.0267273244242257,0.945123684958771,False,False,False,False,0.14670428184152123,0.13584781765585202,False,False,False,False,345423.0,249483.28688458583,False,False,False,False,15252.69180671255,False,False,False,False
2025-09-05 19:00:00+00:00,30.625,30.735,30.615,30.66,36161.0,,,,,,,,30.723913441339622,30.456983066275825,30.401256913748217,,,,,,,30.601897549526388,30.467130685941136,30.431632528708597,30.41023761700352,,30.613226326860488,30.414804385463693,30.88839266167005,,"rgba(38, 166, 154, 1.0)",0.0,0.0,0.29981112673087895,30.467507785776526,0.6420449311618177,0.0,0.0,0.0,0.0,0.0,0.0,0.0,0.0,50.09422079423716,6.332022507948587,False,True,False,False,False,2.5245486620612283,0,1.0415472779369632,0.9295128939828075,False,False,False,False,0.2112936825726587,0.17357075011425538,False,False,False,False,381584.0,251531.35995614264,False,False,False,False,15576.851623662742,False,False,False,False
2025-09-08 14:00:00+00:00,30.595,30.78,30.555,30.765,12759.0,,,,,,,,30.722476790487352,30.460332693797252,30.403558499481402,,,,,,,30.605470333580715,30.47115364913017,30.435679015336568,30.41382912293142,,30.616550887834567,30.418368887143053,30.888068300521425,,"rgba(38, 166, 154, 1.0)",0.0,0.0,0.30081596241418196,30.469606698220236,0.9819734943887347,0.0,0.0,0.0,0.0,0.0,0.0,0.0,0.0,53.05475792049867,6.332022507948587,False,False,True,False,True,4.412860334974663,0,1.0388349514563113,0.9211878926327807,False,False,False,False,0.2061377802785815,0.18985426519641846,False,False,False,False,394343.0,253745.49391031096,False,False,False,False,15533.16400159045,False,False,False,False
2025-09-08 15:00:00+00:00,30.77,30.88,30.725,30.745,14975.0,,,,,,,,30.726485229951788,30.46547483502472,30.406961768590882,,,,,,,30.61276129732788,30.477357636723156,30.441724450725335,30.419127365461147,,30.623727907968025,30.42364522089702,30.887857082960966,,"rgba(38, 166, 154, 1.0)",0.0,0.0,0.30040928537358136,30.4733513335949,0.9042618841401229,0.0,0.0,0.0,0.0,0.0,0.0,0.0,0.0,54.46062223936408,6.332022507948587,False,False,True,False,True,4.0127364534772845,0,1.0427056463169968,0.9243336199484088,False,False,False,False,0.3009093551565251,0.2453818101764718,False,False,False,False,379368.0,255693.12966363947,False,False,False,False,15524.510296139435,False,False,False,False
2025-09-08 16:00:00+00:00,30.745,30.745,30.58,30.595,14926.0,,,,,,,,30.721157141795782,30.468200911775003,30.40902482932028,,,,,,,30.61383052677995,30.48051669841865,30.445102475919576,30.42223956917298,,30.624397136934302,30.426718566202354,30.887359868022738,,"rgba(38, 166, 154, 1.0)",0.0,0.0,0.29707821944463625,30.4746319758763,0.4051728341065118,0.0,0.0,0.0,0.0,0.0,0.0,0.0,0.0,51.65692310738213,6.332022507948587,False,True,False,False,True,1.079113693300478,0,1.042584009269989,0.9310544611819229,False,False,False,False,0.20270652239669304,0.2240441662865824,False,False,False,False,364442.0,257379.1586611024,False,False,False,False,15515.231066741922,False,False,False,False
2025-09-08 17:00:00+00:00,30.595,30.625,30.505,30.515,7146.0,,,,,,,,30.716205738020392,30.468795713455723,30.4096127858331,,,,,,,30.612622321692093,30.481141526195138,30.445937684217995,30.42308449654708,,30.62292834360625,30.427540065450785,30.88703457167076,,"rgba(38, 166, 154, 1.0)",0.0,0.0,0.2883579950916223,30.474572962699995,0.1401973865408544,0.0,0.0,0.0,0.0,0.0,0.0,0.0,0.0,48.172924775073255,4.755260637979177,False,True,False,True,False,0.0,0,1.0333914053426254,0.9317653890824616,False,False,False,False,0.13662936907826645,0.18033676768242443,False,False,False,False,357296.0,258928.25697643418,False,False,False,False,15385.475546327318,False,False,False,False
2025-09-08 18:00:00+00:00,30.515,30.685,30.51,30.68,6323.0,,,,,,,,30.71395079903185,30.469814947630354,30.41041414799371,,,,,,,30.61282110775275,30.482304831025996,30.447210459241507,30.424274609692393,,30.622963145496254,30.428713265245708,30.88681229406592,,"rgba(38, 166, 154, 1.0)",0.0,0.0,0.2800647769342046,30.475033157355938,0.7318551261168217,0.0,0.0,0.0,0.0,0.0,0.0,0.0,0.0,49.69565588972274,4.755260637979177,False,True,False,False,False,2.5905563552213167,0,1.0309159202542624,0.9271886737937008,False,False,False,False,0.1584959857528458,0.1694163767176351,False,False,False,False,363619.0,260551.3692713732,False,False,False,False,15244.972049485033,False,False,False,False
2025-09-08 19:00:00+00:00,30.68,30.775,30.63,30.755,18899.0,,,,,,,,30.714367057958235,30.474600913685716,30.41381903530395,,,,,,,30.61773029268226,30.48791430451635,30.452885392128806,30.42939423821493,,30.627602534685593,30.43379584919805,30.886390421698547,,"rgba(38, 166, 154, 1.0)",0.0,0.0,0.2749011779850787,30.478155183885708,1.007070315752951,0.0,0.0,0.0,0.0,0.0,0.0,0.0,0.0,52.1472539024915,4.755260637979177,False,False,True,False,True,3.909979523797574,0,1.0355696934644307,0.9282822440717173,False,False,False,False,0.23029595810454312,0.1998561674110891,False,False,False,False,382518.0,262442.3247865457,False,False,False,False,15301.623645617048,False,False,False,False
2025-09-09 14:00:00+00:00,30.93,31.04,30.89,30.97,5268.0,,,,,,,30.966666666666665,30.719115353287073,30.477210842710353,30.415508716050518,,,,,,,30.622129187137208,30.4910430633228,30.455847542521774,30.431974481250123,,30.632061799777144,30.436375052371215,30.88644697278679,,"rgba(38, 166, 154, 1.0)",0.0,0.0,0.2735819622892124,30.4802416389767,1.7901705102383871,0.0,0.0,0.0,0.0,0.0,0.0,0.0,0.0,57.03503082728038,0.5009948102557473,False,False,True,False,True,7.50743910465367,0,1.0423462088698146,0.9158798283261799,False,False,False,False,0.3428281875388673,0.2713421774749782,False,False,False,False,387786.0,264385.6375805527,False,False,False,False,15146.063589095853,False,False,False,False
2025-09-09 15:00:00+00:00,30.975,31.045,30.935,30.935,4735.0,,,,,,,30.96903345662968,30.72331642361879,30.479556916911417,30.417032348304033,,,,,,,30.626045450673438,30.493849769021836,30.45850677163914,30.434294095523715,,30.636029381285596,30.438693743926013,30.886500898165508,,"rgba(38, 166, 154, 1.0)",0.0,0.0,0.2725112610284446,30.50388233640774,1.5820177924583354,0.0,0.0,0.0,0.0,0.0,0.0,0.0,0.0,59.40374361828812,2.7829599839153474,True,False,True,False,True,6.819660807863041,0,1.0507890961262558,0.9130559540889521,False,False,False,False,0.34282818901517026,0.3070851832450742,False,False,False,False,383051.0,266225.41064131935,False,False,False,False,14984.651750505218,False,False,False,False
2025-09-09 16:00:00+00:00,30.935,30.965,30.895,30.94,5540.0,,,,,,,30.956308842136867,30.727325857745576,30.4820621126616,30.418681972107425,,,,,,,30.630021549979137,30.49683217637819,30.4613536662399,30.43679107881362,,30.6400384747699,30.441187969454877,30.88653554538127,,"rgba(38, 166, 154, 1.0)",0.0,0.0,0.2711503190029857,30.504764504482626,1.6051446928689865,0.0,0.0,0.0,0.0,0.0,0.0,0.0,0.0,61.05914962633749,4.482138261431892,True,False,True,False,True,6.902409852295893,0,1.05952380952381,0.9163763066202086,False,False,False,False,0.3040702944783889,0.30557773886173156,False,False,False,False,388591.0,268122.55156160897,False,False,False,False,14838.22304119506,False,False,False,False
2025-09-09 17:00:00+00:00,30.94,30.995,30.93,30.975,11903.0,,,,,,,30.960800906021518,30.7367563413353,30.487742955224252,30.422418135796505,,,,,,,30.639127427253413,30.503584129168832,30.467780316612995,30.442426904712967,,30.649235383869325,30.446820048467945,30.886662713929553,,"rgba(38, 166, 154, 1.0)",0.0,0.0,0.2747509109411439,30.509539896314926,1.6941166895158504,0.0,0.0,0.0,0.0,0.0,0.0,0.0,0.0,62.730952504709514,6.277855559021923,True,False,True,False,True,7.487683278035394,0,1.0614264919941778,0.9085880640465789,False,False,False,False,0.3249473352866474,0.3152625370741895,False,False,False,False,400494.0,270174.8220800336,False,False,False,False,14792.715707223044,False,False,False,False
2025-09-09 18:00:00+00:00,30.975,31.025,30.965,31.01,12462.0,,,,,,,30.97304153720223,30.74718552829296,30.493953744457674,30.426511809836875,,,,,,,30.64906560416515,30.51094240098708,30.474773932692795,30.44856745601104,,30.659279636578376,30.452958589190132,30.886850715561312,,"rgba(38, 166, 154, 1.0)",0.0,0.0,0.2796263111257578,30.515018212418475,1.77015455229789,0.0,0.0,0.0,0.0,0.0,0.0,0.0,0.0,64.42304489000074,8.138167811911053,True,False,True,False,True,8.074620736966157,0,1.0632837561971424,0.9058034412365117,False,False,False,False,0.34282818930264364,0.3290453631884166,False,False,False,False,412956.0,272388.4837532114,False,False,False,False,14756.580579979276,False,False,False,False
2025-09-09 19:00:00+00:00,31.01,31.015,30.86,30.86,28399.0,,,,,,,30.947524607043693,30.760805761528054,30.50518466798012,30.43422327495126,,,,,,,30.66457269391467,30.524036133026364,30.487476365056015,30.459905286425258,,30.674740380992645,30.464272285974246,30.886944169250587,,"rgba(38, 166, 154, 1.0)",0.0,0.0,0.28106815242256017,30.52170501772896,1.2036048173912117,0.0,0.0,0.0,0.0,0.0,0.0,0.0,0.0,61.085114433116125,8.138167811911053,True,False,True,False,False,5.031852832139052,0,1.0561372891215826,0.9086678301337983,False,False,False,False,0.3058284129707427,0.31743688807957965,False,False,False,False,384557.0,274127.5305167275,False,False,False,False,14968.090958584247,False,False,False,False
2025-09-10 14:00:00+00:00,30.95,31.015,30.82,30.855,6666.0,,,,,,,30.9430027254256,30.763396149332074,30.507639825648948,30.435942212271843,,,,,,,30.66774577746239,30.526872355503997,30.490249978053072,30.46240087962236,,30.677886203152,30.46676116285823,30.88695275586377,,"rgba(38, 166, 154, 1.0)",0.0,0.0,0.2820776680468271,30.52320097706316,1.176268313738898,0.0,0.0,0.0,0.0,0.0,0.0,0.0,0.0,58.72643235583763,8.138167811911053,True,False,True,False,False,4.932272106385771,0,1.052266820675715,0.9081721051111749,False,False,False,False,0.2931515503430784,0.30529421921132904,False,False,False,False,377891.0,275736.2664777085,False,False,False,False,14839.376370079064,False,False,False,False
2025-09-10 15:00:00+00:00,30.855,30.925,30.74,30.92,19218.0,,,,,,,30.92640754778412,30.7685164675272,30.51392713081873,30.44045602644799,,,,,,,30.675099312680874,30.53406114795097,30.49736899147028,30.4688713923709,,30.685101805317206,30.473207479725616,30.88688853676202,,"rgba(38, 166, 154, 1.0)",0.0,0.0,0.2840591075401416,30.52664579013483,1.384761830984723,0.0,0.0,0.0,0.0,0.0,0.0,0.0,0.0,58.64287479166892,8.138167811911053,True,False,True,False,False,6.06999887893727,0,1.0524042614454365,0.9124676072559742,False,False,False,False,0.23956882516000763,0.27243152218566835,False,False,False,False,397109.0,277618.0142842556,False,False,False,False,14907.262007752257,False,False,False,False
2025-09-10 16:00:00+00:00,30.92,30.95,30.78,30.845,10956.0,,,,,,,30.919314420129282,30.771107440983194,30.517379110720373,30.44296670156255,,,,,,,30.678976644725832,30.53798260466763,30.501270627241787,30.472436654576196,,30.688894347462345,30.476758409824527,30.886847252615425,,"rgba(38, 166, 154, 1.0)",0.0,0.0,0.2854069798446934,30.528631320063177,1.1084826310448919,0.0,0.0,0.0,0.0,0.0,0.0,0.0,0.0,56.40492662796771,12.191790798288302,True,False,True,False,False,4.549180046843809,0,1.0490139211136895,0.9237238979118327,False,False,False,False,0.25975968565923657,0.26609560392245246,False,False,False,False,386153.0,279300.72724108887,False,False,False,False,14846.002131663074,False,False,False,False
2025-09-10 17:00:00+00:00,30.845,30.895,30.74,30.785,7702.0,,,,,,,30.91162615530488,30.771814229861025,30.519403197766938,30.44449640067109,,,,,,,30.68084828536883,30.540247533855112,30.503573711123014,30.474573816693265,,30.69067945781133,30.478883014971164,30.886765842645918,,"rgba(38, 166, 154, 1.0)",0.0,0.0,0.28495653216789063,30.52954646110508,0.8964649343234251,0.0,0.0,0.0,0.0,0.0,0.0,0.0,0.0,53.328480020374464,9.075273583681906,False,False,True,False,False,3.349358461780483,0,1.0375613984397576,0.9297890783010687,False,False,False,False,0.23031515428765598,0.24820537910505422,False,False,False,False,378451.0,280837.94077223475,False,False,False,False,14735.242408691553,False,False,False,False
2025-09-10 18:00:00+00:00,30.78,30.905,30.765,30.905,13608.0,,,,,,,30.90589133064995,30.774749515710422,30.5235419035287,30.44754898331136,,,,,,,30.685328657962724,30.544915494871564,30.50823840301525,30.478860910916616,,30.69505214861893,30.48315192634094,30.886714928793637,,"rgba(38, 166, 154, 1.0)",0.0,0.0,0.2848855784217892,30.532065351809102,1.309068188908981,0.0,0.0,0.0,0.0,0.0,0.0,0.0,0.0,54.28471031665202,9.075273583681906,True,False,True,False,False,5.488987568584907,0,1.0382513661202188,0.9283865401207935,False,False,False,False,0.24111498489317537,0.2446601819991148,False,False,False,False,392059.0,282562.29827964195,False,False,False,False,14717.76578220021,False,False,False,False
2025-09-10 19:00:00+00:00,30.9,30.915,30.79,30.87,14682.0,,,,,,,30.900944104747804,30.777700987289098,30.527895370179294,30.450792382154937,,,,,,,30.689915680658594,30.549800613187568,30.513135600675433,30.483380217006818,,30.699521144185862,30.487651326725224,30.886660200710583,,"rgba(38, 166, 154, 1.0)",0.0,0.0,0.2840112451775664,30.534764300549938,1.1803606552285308,0.0,0.0,0.0,0.0,0.0,0.0,0.0,0.0,53.92816409881105,9.075273583681906,False,False,True,False,False,4.779944094471144,0,1.040769451622165,0.9287970140683317,False,False,False,False,0.25197028139357674,0.24831523169634578,False,False,False,False,377377.0,284032.2936551514,False,False,False,False,14717.211273949042,False,False,False,False
2025-09-11 14:00:00+00:00,31.33,31.585,31.28,31.525,17133.0,,,,,,31.463333333333335,30.96182293772746,30.8048353152329,30.541877825975185,30.460036471133208,,,,,,,30.71312711113758,30.566119684577977,30.528396920063646,30.49681253413507,,30.72316152751609,30.501117188985223,30.88795491872701,,"rgba(38, 166, 154, 1.0)",0.0,0.0,0.29959301222307677,30.548780637903047,3.258485085660341,0.0,0.0,0.0,0.0,0.0,0.0,0.0,0.0,61.919615740416525,6.221292439352425,True,False,True,False,True,14.891529546362062,0,1.0444074382459065,0.9122953094643351,False,False,False,False,0.34282820716451307,0.2955717194304294,False,False,False,False,394510.0,285745.1263116607,False,False,False,False,14754.665362725025,False,False,False,False
2025-09-11 15:00:00+00:00,31.525,31.75,31.505,31.705,24920.0,,,,,,31.575924587227224,31.055890577463355,30.851018835628896,30.56552799627483,30.475674628884423,,,,,,,30.752452219784793,30.593653143512572,30.554076729580487,30.5194193997858,,30.763231782893477,30.523791946087886,30.890446186411033,,"rgba(38, 166, 154, 1.0)",0.0,0.0,0.3212439644329641,30.571974689791926,3.526993299961306,0.0,0.0,0.0,0.0,0.0,0.0,0.0,0.0,68.28035497450783,11.916881337607677,True,False,True,False,True,17.224488067096605,0,1.0568525130458668,0.9003021148036254,False,False,False,False,0.3428282123922697,0.3191999659113496,False,False,False,False,419430.0,287817.7600122551,False,False,False,False,14912.267450124637,False,False,False,False
2025-09-11 16:00:00+00:00,31.705,31.71,31.575,31.595,14945.0,,,,,,31.58922927120249,31.098942852672646,30.87553760393245,30.57889872804773,30.484650102521464,,,,,,,30.77384431225638,30.609107587783708,30.568562451672406,30.53224913894985,,30.784976759247716,30.53665627709749,30.89188052941698,,"rgba(38, 166, 154, 1.0)",0.0,0.0,0.3338888119399343,30.58441571654812,3.0267090340052536,0.0,0.0,0.0,0.0,0.0,0.0,0.0,0.0,70.14625189228232,13.425031294145647,True,False,True,False,True,15.045144288338047,0,1.0590846047156728,0.9101248266296811,False,False,False,False,0.34282821274689523,0.3310140893291224,False,False,False,False,404485.0,289626.5544306697,False,False,False,False,14912.774931518054,False,False,False,False
2025-09-11 17:00:00+00:00,31.595,31.685,31.575,31.64,20496.0,,,,,,31.60089413373938,31.149039897911113,30.90702441214809,30.596810360141216,30.49680464600417,,,,,,,30.8017513383668,30.62969946255703,30.587925134246532,30.549472578863153,,30.81329943923387,30.553923425330066,30.893856329464317,,"rgba(38, 166, 154, 1.0)",0.0,0.0,0.34258178480357143,30.600574701784257,3.0340938845062237,0.0,0.0,0.0,0.0,0.0,0.0,0.0,0.0,71.72890342681902,14.889308443962761,True,False,True,False,True,15.63078939280026,0,1.053978853644964,0.9179187534780192,False,False,False,False,0.3376285408828194,0.3343213151059709,False,False,False,False,424981.0,291725.0729666283,False,False,False,False,14999.336560486767,False,False,False,False
2025-09-11 18:00:00+00:00,31.64,31.69,31.62,31.665,8401.0,,,,,,31.60651200108659,31.16788541951132,30.919605631744002,30.604150315150775,30.50182056684653,,,,,,,30.81300159099165,30.638106803987846,30.595844594217724,30.556536773393137,,30.824706907291986,30.561005169891477,30.894690417092416,,"rgba(38, 166, 154, 1.0)",0.0,0.0,0.3516182025440104,30.60708395869549,3.0087066984880977,0.0,0.0,0.0,0.0,0.0,0.0,0.0,0.0,72.9826399331314,16.21549549273763,True,False,True,False,True,15.957734309288572,0,1.0557880055788007,0.9154811715481173,False,False,False,False,0.3428282130378764,0.33857476407192366,False,False,False,False,433382.0,293921.30439350224,False,False,False,False,14897.036768851312,False,False,False,False
2025-09-11 19:00:00+00:00,31.665,31.805,31.655,31.785,20405.0,,,,,,31.63373555973659,31.215751922696096,30.951995355162467,30.62304901302893,30.514759294425204,,,,,,,30.84191682776607,30.659717957230203,30.616189393133247,30.574697145527008,,30.854029726934783,30.579213685266662,30.896946628194826,,"rgba(38, 166, 154, 1.0)",0.0,0.0,0.36487683964322487,30.623811408770756,3.182412433643774,0.0,0.0,0.0,0.0,0.0,0.0,0.0,0.0,74.7466654038187,18.120172541147937,True,False,True,False,True,17.508451087173977,0,1.057381615598886,0.9100278551532036,False,False,False,False,0.3428282147018515,0.3407014893868876,False,False,False,False,453787.0,296399.84230988205,False,False,False,False,14982.43154762881,False,False,False,False
2025-09-12 14:00:00+00:00,31.68,31.75,31.63,31.71,6955.0,,,,,,31.637600164819798,31.228899882334748,30.96178514227027,30.629059482661937,30.51892611693428,,,,,,,30.85082950901271,30.666552543329125,30.622651700041445,30.580494293955628,,30.863050341474235,30.58502439732537,30.897666426692965,,"rgba(38, 166, 154, 1.0)",0.0,0.0,0.3731461322805783,30.628987604319896,2.897021574559062,0.0,0.0,0.0,0.0,0.0,0.0,0.0,0.0,73.99258995821832,18.120172541147937,True,False,True,False,True,15.984431673595257,0,1.0546311702717694,0.9079312257348865,False,False,False,False,0.3270243224215803,0.33386290590423395,False,False,False,False,446832.0,298732.1238244575,False,False,False,False,14857.975244564797,False,False,False,False
2025-09-12 15:00:00+00:00,31.71,31.73,31.635,31.65,3820.0,,,,,,31.63871170901843,31.235450143421087,30.966874185214373,30.632255523795614,30.521153932420162,,,,,,,30.855503764281593,30.67017803736347,30.62608645317086,30.583582186686492,,30.86777704412477,30.58811906714479,30.89804886874444,,"rgba(38, 166, 154, 1.0)",0.0,0.0,0.3786607742847152,30.631709234446088,2.6891899945999085,0.0,0.0,0.0,0.0,0.0,0.0,0.0,0.0,71.98169735304997,18.120172541147937,True,False,True,False,False,14.777067138585672,0,1.0549084858569053,0.9101497504159735,False,False,False,False,0.32407878889912156,0.32897084740167776,False,False,False,False,443012.0,300969.0211295047,False,False,False,False,14686.843845424257,False,False,False,False
2025-09-12 16:00:00+00:00,31.645,31.755,31.64,31.75,4363.0,,,,,,31.64145257936834,31.24341838140177,30.972950010206805,30.63603317267978,30.5237833541735,,,,,,,30.861057762848567,30.674464809919623,30.630143481091256,30.58722731035317,,30.873395868864893,30.591772635611036,30.898509652806123,,"rgba(38, 166, 154, 1.0)",0.0,0.0,0.3878535875885677,30.634942765570344,2.8749437161646187,0.0,0.0,0.0,0.0,0.0,0.0,0.0,0.0,71.76011203662149,18.120172541147937,True,False,True,False,False,16.106185585172785,0,1.056698165647582,0.9105058365758757,False,False,False,False,0.3299753468157879,0.32947309710873285,False,False,False,False,447375.0,303238.8812670318,False,False,False,False,14526.784250921555,False,False,False,False
2025-09-12 17:00:00+00:00,31.755,31.83,31.74,31.815,3560.0,,,,,,31.645825679877543,31.25079665109824,30.978361604069157,30.63932317951769,30.526063782863492,,,,,,,30.865956258551314,30.678203564453938,30.63367395938068,30.59039395316397,,30.87835622831076,30.59494734740877,30.89892204643531,,"rgba(38, 166, 154, 1.0)",0.0,0.0,0.39880677883752635,30.637790647914226,2.951828841819586,0.0,0.0,0.0,0.0,0.0,0.0,0.0,0.0,72.2927976117382,18.120172541147937,True,False,True,False,False,16.95585017474686,0,1.0577405857740587,0.9107391910739194,False,False,False,False,0.34282821583947887,0.33615065647410586,False,False,False,False,450935.0,305528.7435729692,False,False,False,False,14356.75658811657,False,False,False,False
2025-09-12 18:00:00+00:00,31.815,31.91,31.81,31.86,1267.0,,,,,,31.647974801673726,31.25368314734758,30.980422365710417,30.640555190449792,30.526914884491827,,,,,,,30.86780836052645,30.67960526529293,30.634995332510105,30.591577551675112,,30.88023302896918,30.59613416560534,30.899079365177784,,"rgba(38, 166, 154, 1.0)",0.0,0.0,0.4113301538854302,30.63886602871106,2.968744109212736,0.0,0.0,0.0,0.0,0.0,0.0,0.0,0.0,73.11429327238453,18.17972065022272,True,False,True,False,False,17.54145619440294,0,1.0641097424412094,0.9042553191489363,False,False,False,False,0.34282821728970114,0.3394894368819035,False,False,False,False,452202.0,307802.74754858215,False,False,False,False,14153.814625510111,False,False,False,False
2025-09-12 19:00:00+00:00,31.86,31.92,31.81,31.895,8264.0,,,,,,31.66192076305728,31.2723090396177,30.99385613183261,30.648628463099318,30.532501821260677,,,,,,,30.879901502834866,30.688782056284058,30.64364929438934,30.59933441183267,,30.89248531078247,30.603912110632244,30.900120211498713,,"rgba(38, 166, 154, 1.0)",0.0,0.0,0.4249842286420878,30.645893962641246,2.9391820994155595,0.0,0.0,0.0,0.0,0.0,0.0,0.0,0.0,74.03161581248764,19.456070762332544,True,False,True,False,False,17.99787922129277,0,1.0619938564646747,0.9003071767662666,False,False,False,False,0.3428282173825156,0.3411588271322096,False,False,False,False,460466.0,310169.6196796119,False,False,False,False,14062.499670075846,False,False,False,False
2025-09-15 14:00:00+00:00,31.76,31.975,31.65,31.975,5740.0,,,,,,31.670299246447897,31.284432407749595,31.00286592669057,30.654136439862565,30.53633129560917,,,,,,,30.88806273237304,30.6950293837181,30.64954920909994,30.60463237664642,,30.900748685650065,30.609224007785855,30.900835687096308,,"rgba(38, 166, 154, 1.0)",0.0,0.0,0.44167093657623835,30.650648684913484,2.9985022907612486,0.0,0.0,0.0,0.0,0.0,0.0,0.0,0.0,75.45971046291302,21.154155395805887,True,False,True,False,True,19.034756120992576,0,1.0534729878721059,0.8988423373759649,False,False,False,False,0.3235074979977674,0.33233316256498846,False,False,False,False,466206.0,312588.78836674965,False,False,False,False,13933.46866743901,False,False,False,False
2025-09-15 15:00:00+00:00,31.975,32.045,31.89,32.0,9957.0,,,,,,31.690715788212426,31.308145521939828,31.020025891722952,30.66444283940629,30.543475521092216,,,,,,,30.90348350696665,30.70672869347705,30.660576403503285,30.614522220189638,,30.91637447438352,30.619142094361425,30.902217495188694,,"rgba(38, 166, 154, 1.0)",0.0,0.0,0.4573239138314079,30.659622412066483,2.9309151509353306,0.0,0.0,0.0,0.0,0.0,0.0,0.0,0.0,76.660815598568,22.580165809730346,True,False,True,False,True,19.357506465892047,0,1.0645781808189063,0.8977741137675188,False,False,False,False,0.34282821918792333,0.3375806908764559,False,False,False,False,476163.0,315124.8226556373,False,False,False,False,13871.817990424452,False,False,False,False
2025-09-15 16:00:00+00:00,32.005,32.095,31.99,32.07,8188.0,,,,,,31.709372382912285,31.328468974327297,31.034736949501248,30.673265092185616,30.549595207948748,,,,,,,30.916684609681514,30.716736492735375,30.67000531451234,30.622980525923218,,30.92975272795831,30.627625333081635,30.90342840763152,,"rgba(38, 166, 154, 1.0)",0.0,0.0,0.4726428665273533,30.66730912459844,2.9677605962987337,0.0,0.0,0.0,0.0,0.0,0.0,0.0,0.0,78.14484535690595,24.222957961880468,True,False,True,False,True,20.0,0,1.068870523415978,0.8988980716253447,False,False,False,False,0.34282822040126887,0.34020445563886237,False,False,False,False,484351.0,317748.48431989097,False,False,False,False,13783.696781270584,False,False,False,False
2025-09-15 17:00:00+00:00,32.065,32.185,32.01,32.145,10542.0,,,,,,31.734577503413117,31.355151249348314,31.05418241865487,30.68496061611076,30.55772199892824,,,,,,,30.934139986771914,30.729989415669973,30.68249187767478,30.634188800167017,,30.94744140071225,30.63886722949119,30.90506722569297,,"rgba(38, 166, 154, 1.0)",0.0,0.0,0.4900495654283252,30.677485370075438,2.994624898079222,0.0,0.0,0.0,0.0,0.0,0.0,0.0,0.0,79.79874765991731,25.96995346243152,True,False,True,False,True,20.0,0,1.0737885462555066,0.8909691629955949,False,False,False,False,0.3428282212392428,0.3415163384390526,False,False,False,False,494893.0,320494.9109195826,False,False,False,False,13733.437916444684,False,False,False,False
2025-09-15 18:00:00+00:00,32.145,32.295,32.07,32.255,16644.0,,,,,,31.77691291307471,31.39852722407385,31.086078704435046,30.704225604374397,30.57114182555371,,,,,,,30.962786759415067,30.751786704305363,30.703029754719676,30.652640764531178,,30.976468731129557,30.65737583770434,30.90784478785888,,"rgba(38, 166, 154, 1.0)",0.0,0.0,0.5117579224311867,30.69421772468623,3.049844871768728,0.0,0.0,0.0,0.0,0.0,0.0,0.0,0.0,81.73663308834632,27.926781762342458,True,False,True,False,True,20.0,0,1.077932731747334,0.8807765928356579,False,False,False,False,0.34282822245605954,0.3421722804475561,False,False,False,False,511537.0,323456.8037735426,False,False,False,False,13778.562909988175,False,False,False,False
2025-09-15 19:00:00+00:00,32.255,32.35,32.235,32.35,54486.0,,,,,,31.898271897014677,31.529036282160575,31.18789352123614,30.76819381399125,30.61630965370972,,,,,,,31.055369176679267,30.823688647142944,30.77099068377161,30.714012453303212,,31.070156153012064,30.718929594723257,30.91758351798287,,"rgba(38, 166, 154, 1.0)",0.0,0.0,0.5348027505369571,30.833281712639508,2.836033071702914,0.0,0.0,0.0,0.0,0.0,0.0,0.0,0.0,83.63266721112385,29.797729963630815,True,False,True,False,True,20.0,0,1.0866721177432543,0.8757154538021261,False,False,False,False,0.34282822390426826,0.3425002521759122,False,False,False,False,566023.0,327217.5199941078,False,False,False,False,14409.685965647273,False,True,False,False
2025-09-16 14:00:00+00:00,32.035,32.04,31.785,31.815,13454.0,,,,,,31.89730230601351,31.541000095436203,31.201805448275007,30.779012586499483,30.624355692314086,,,,,,31.880000000000003,31.069112206548358,30.835576206556297,30.782440430376187,30.72456667696038,,31.083948659945733,30.72950010093866,30.919229316112812,,"rgba(239, 83, 80, 1.0)",0.0,0.0,0.5409365252266081,30.83735248033731,1.807323917077218,0.0,0.0,0.0,0.0,0.0,0.0,0.0,0.0,71.96240205886795,26.827023321439924,True,False,True,False,False,12.693731675281551,0,1.0661354581673306,0.8791500664010626,False,False,False,False,0.23069085321921484,0.28659555269756354,False,False,False,False,552569.0,330711.341389548,False,False,False,False,14394.869128970571,False,False,False,False
2025-09-16 15:00:00+00:00,31.815,31.82,31.61,31.675,13240.0,,,,,,31.887593122922752,31.54621491848463,31.211501466282822,30.787764143799627,30.63106389796441,,,,,,31.791548163132788,31.07931907462838,30.84506295245006,30.791685910111497,30.73319361115723,,31.094131061526625,30.73813268523765,30.92054384278369,,"rgba(239, 83, 80, 1.0)",0.0,0.0,0.5452206925672538,30.839510294848356,1.5323881073141508,0.0,0.0,0.0,0.0,0.0,0.0,0.0,0.0,62.30924568043917,18.60359550000166,False,False,True,False,False,10.152763372215393,0,1.0590873120548667,0.8886837246109207,False,False,False,False,0.17474375416910964,0.2306696534333366,False,False,False,False,539329.0,333945.72369358595,False,False,False,False,14376.964181234594,False,False,False,False
2025-09-16 16:00:00+00:00,31.675,31.765,31.59,31.625,9508.0,,,,,,31.879760877538406,31.548806673582042,31.217663134284006,30.793665249006132,30.63564444344559,,,,,,31.75699869252159,31.085970730988386,30.851423235715252,30.79791263257477,30.739032937708853,,31.100751186966516,30.74397398030801,30.9214349086197,,"rgba(239, 83, 80, 1.0)",0.0,0.0,0.5485706816743899,30.84126654987001,1.428682713662017,0.0,0.0,0.0,0.0,0.0,0.0,0.0,0.0,55.23777026970665,12.902519914033824,False,True,True,False,False,9.262981788671535,0,1.0560253699788584,0.9014270613107824,False,False,False,False,0.1642522586566311,0.19746095604498384,False,False,False,False,529821.0,336982.5496828327,False,False,False,False,14301.476364471266,False,False,False,False
2025-09-16 17:00:00+00:00,31.625,31.67,31.51,31.545,9631.0,,,,,,31.869495200855244,31.549397384742424,31.22256764010656,30.7989833024499,30.639861282664384,,,,,,31.718754863671734,31.09157990806674,30.857098673433885,30.803516546887924,30.744334236285503,,31.106305399869736,30.74927377463347,30.9222316890087,,"rgba(239, 83, 80, 1.0)",0.0,0.0,0.550219833216485,30.84252457191887,1.2767177511115682,0.0,0.0,0.0,0.0,0.0,0.0,0.0,0.0,49.51030426681302,8.318266413505867,False,True,False,True,False,7.84956960708098,0,1.0548344370860927,0.9041059602649008,False,False,False,False,0.13990675996508592,0.16868385800503488,False,False,False,False,520190.0,339822.9752691454,False,False,False,False,14229.065878200394,False,False,False,False
2025-09-16 18:00:00+00:00,31.54,31.605,31.5,31.505,7407.0,,,,,,31.86109069204002,31.54918034440825,31.225848553094416,30.802824698310264,30.642946810030974,,,,,,31.693421894565493,31.095471843860956,30.861173477083785,30.807560289418003,30.748179786898746,,31.1101471239267,30.753116877012385,30.922807247777257,,"rgba(239, 83, 80, 1.0)",0.0,0.0,0.5521545269410849,30.843442626987517,1.1981380949233256,0.0,0.0,0.0,0.0,0.0,0.0,0.0,0.0,45.18532693101872,4.805124326937317,False,True,False,True,False,7.146553488752414,0,1.0488063660477454,0.9090185676392574,False,False,False,False,0.12952484088855606,0.14910434944679546,False,False,False,False,512783.0,342504.5260401664,False,False,False,False,14123.297414972481,False,False,False,False
2025-09-16 19:00:00+00:00,31.505,31.505,31.33,31.485,26659.0,,,,,,31.82600824517815,31.542868292115198,31.233607857527947,30.814547062793643,30.652696147029705,,,,,,31.608865463480978,31.105983952382108,30.873401347229322,30.81987075029109,30.760057284059382,,31.120415006155532,30.76497488948177,30.924545072413952,,"rgba(239, 83, 80, 1.0)",0.0,0.0,0.554218246600359,30.845529028337033,1.1538251863513294,0.0,0.0,0.0,0.0,0.0,0.0,0.0,0.0,42.03440445411054,2.104076761387688,False,True,False,True,False,6.7924484039667234,0,1.0393763213530656,0.9135835095137422,False,False,False,False,0.09236266068494632,0.12073350506587088,False,False,False,False,486124.0,344731.18455117155,False,False,False,False,14317.649393034922,False,False,False,False
2025-09-17 14:00:00+00:00,31.25,31.3,31.095,31.22,8026.0,,,,,,31.810812985946605,31.537088198515036,31.233299161777335,30.816697770899538,30.654722545266583,,,,,31.205,31.571999677755663,31.106885222228154,30.87549698917722,30.82211452563982,30.76234526343305,,31.121200346891655,30.767250041766893,30.924828493909317,,"rgba(239, 83, 80, 1.0)",0.0,0.0,0.5541013502115093,30.844677679191584,0.6773531966041024,0.0,0.0,0.0,0.0,0.0,0.0,0.0,0.0,36.99503566341127,-2.546222099263261,False,True,False,True,False,2.2879699017316675,0,1.0208170699973977,0.914650013010669,False,False,False,False,0.03229751333410814,0.0765155091999895,False,False,False,False,478098.0,346798.8871162697,False,False,False,False,14220.104441204923,False,False,False,False
2025-09-17 15:00:00+00:00,31.215,31.325,31.205,31.255,7804.0,,,,,,31.798051382457597,31.5325817059926,31.233593706758917,30.819068275019678,30.656880125472625,,,,,31.23293598652348,31.5467007733637,31.108243096141972,30.877855511677314,30.82459051109151,30.764829427347298,,31.12245710579889,30.769723281647614,30.925159154608057,,"rgba(239, 83, 80, 1.0)",0.0,0.0,0.5540433521268415,30.84447105929227,0.7409689857874918,0.0,0.0,0.0,0.0,0.0,0.0,0.0,0.0,34.49696161843963,-4.963833673999844,False,True,False,True,False,2.8236705803195257,0,1.0266806173162437,0.9194349986921269,False,False,False,False,0.05068185141951762,0.06359868030975356,False,False,False,False,485902.0,348955.52452531975,False,False,False,False,14120.629953744381,False,False,False,False
2025-09-17 16:00:00+00:00,31.255,31.255,31.14,31.145,6401.0,,,,,,31.786491002758485,31.527912517714714,31.233141130420673,30.8206385406507,30.6584009726607,,,,,31.217694060845965,31.52371779431444,31.10875574613862,30.879361553179123,30.826225050264107,30.766516712920076,,31.122876310921537,30.77139977695086,30.92536418173991,,"rgba(239, 83, 80, 1.0)",0.0,0.0,0.5530594025080975,30.843921715448847,0.5443868835531545,0.0,0.0,0.0,0.0,0.0,0.0,0.0,0.0,31.73867496175283,-7.816363872369934,False,True,False,True,False,1.027347984223514,0,1.0209808549698398,0.922370836611592,False,False,False,False,0.03229751333410814,0.04794809682193085,False,False,False,False,479501.0,350979.4853853923,False,False,False,False,14000.94576841501,False,False,False,False
2025-09-17 17:00:00+00:00,31.145,31.19,31.075,31.17,7948.0,,,,,,31.771930481145972,31.521717992766167,31.232226518998004,30.82238134077138,30.66015122510474,,,,,31.198549211924405,31.496373102103362,31.109074437924647,30.880995521338086,30.8280350876065,30.7684170590206,,31.12307464237591,30.77328578986915,30.925583372310086,,"rgba(239, 83, 80, 1.0)",0.0,0.0,0.5520808303529061,30.84312734649719,0.5920739057247547,0.0,0.0,0.0,0.0,0.0,0.0,0.0,0.0,30.579341718894256,-9.337878104255054,False,True,False,True,False,1.4212121762525456,0,1.0199842229818563,0.9232185117012885,False,False,False,False,0.014614826463122732,0.03128146164252679,False,False,False,False,487449.0,353095.2918135258,False,False,False,False,13907.101647974465,False,False,False,False
2025-09-17 18:00:00+00:00,31.345,31.4,30.855,31.07,5368.0,,,,,,31.76191115942681,31.517250148153064,31.231364281266117,30.823415275112474,30.661237362735914,,,,,31.184925591470442,31.47833005618789,31.109070062760292,30.881936063979705,30.829105906614167,30.769565853551043,,31.12298592612525,30.774424256772164,30.925706466631002,,"rgba(239, 83, 80, 1.0)",0.0,0.0,0.550933417601929,30.86582877153878,0.37059147609873605,0.0,0.0,0.0,0.0,0.0,0.0,0.0,0.0,28.764672809161972,-11.606187163065123,False,True,False,True,False,0.0,0,1.0097560975609754,0.9086007702182288,False,False,False,False,0.013255139039816006,0.022268300341171398,False,False,False,False,482081.0,355095.07023502147,False,False,False,False,13774.71247513765,False,False,False,False
2025-09-17 19:00:00+00:00,31.06,31.19,30.95,31.025,20447.0,,,,,,31.723466957817678,31.498972639384686,31.22680974170755,30.826561474707294,30.66483892867633,,,,,31.137481426581417,31.41463413617086,31.107880928129095,30.884621036687008,30.83234589525559,30.77319361168884,,31.12146236456612,30.778009315095996,30.926037339986667,,"rgba(239, 83, 80, 1.0)",0.0,0.0,0.5497855683546832,30.86083531303687,0.2985976650031343,0.0,0.0,0.0,0.0,0.0,0.0,0.0,0.0,27.11068689284592,-13.770269784270269,False,True,False,True,False,0.0,0,1.0134860050890584,0.9201017811704836,False,False,False,False,-0.0023790087155706207,0.009944645812800388,False,False,False,False,461634.0,356746.8365879668,False,False,False,False,13878.15879335257,False,False,False,False
2025-09-18 14:00:00+00:00,31.33,31.455,31.31,31.33,3260.0,,,,,31.365000000000002,31.720385517663882,31.498133344094736,31.22737639157225,30.827725227703976,30.66585848203982,,,,,31.149998903027637,31.41347133490954,31.108779341691445,30.88580634780552,30.83356118514952,30.774390409803214,,31.122329418518607,30.77920270255662,30.926216368997707,,"rgba(239, 83, 80, 1.0)",0.0,0.0,0.5493298702111664,30.86298194293844,0.850159589687037,0.0,0.0,0.0,0.0,0.0,0.0,0.0,0.0,33.31995900602496,-13.770269784270269,False,True,False,True,True,3.833025403472739,0,1.020525657071339,0.9043804755944931,False,False,False,False,0.08277346966844755,0.04635905774062397,False,False,False,False,464894.0,358423.5367959053,False,False,False,False,13713.536176401367,False,False,False,False
2025-09-18 15:00:00+00:00,31.33,31.415,31.3,31.375,3474.0,,,,,31.364140184140187,31.717144448538026,31.497239398405146,31.227967895139795,30.828956020404927,30.666939117887708,,,,,31.16181378331845,31.41225011159645,31.109723663523283,30.887058675731534,30.83484612058453,30.77565687062214,,31.123240320763273,30.78046549672011,30.926406265514206,,"rgba(239, 83, 80, 1.0)",0.0,0.0,0.5490576940097112,30.864893120741158,0.9290587944111751,0.0,0.0,0.0,0.0,0.0,0.0,0.0,0.0,38.28432921700545,-20.85391513369871,False,True,False,True,True,4.498545624389827,0,1.0194659346144246,0.9046668330421762,False,False,False,False,0.07593343625284033,0.06114624699673214,False,False,False,False,468368.0,360128.10211689904,False,False,False,False,13554.78367754243,False,False,False,False
2025-09-18 16:00:00+00:00,31.375,31.465,31.305,31.46,5247.0,,,,,31.38422418829814,31.71299044575042,31.4963742576216,31.229156235290215,30.830965683809058,30.66867388574386,,,,,31.180971312982706,31.412170271086644,31.111396740461668,30.8891218576815,30.83694539609621,30.777710470315522,,31.124868022590814,30.782514334833337,30.9267233656184,,"rgba(239, 83, 80, 1.0)",0.0,0.0,0.5493256143950878,30.867828248838805,1.0779977041727609,0.0,0.0,0.0,0.0,0.0,0.0,0.0,0.0,43.118995592713944,-16.194463983482862,False,True,False,True,True,5.746799538599657,0,1.0270202020202017,0.8994949494949495,False,False,False,False,0.08345788772143761,0.07230206735908487,False,False,False,False,473615.0,361887.58890578436,False,False,False,False,13425.980829828592,False,False,False,False
2025-09-18 17:00:00+00:00,31.45,31.5,31.415,31.495,9728.0,,,,,31.4226611082961,31.707046562464377,31.495898095925654,31.23203639006253,30.83503737636457,30.67212741396157,,,,,31.217156158706867,31.4157398171766,31.115063295551856,30.8933399581931,30.84120049904868,30.78184087799319,,31.12846226985372,30.78663769832437,30.92738302780605,,"rgba(239, 83, 80, 1.0)",0.0,0.0,0.5462238263462865,30.87323631116387,1.1382947041968772,0.0,0.0,0.0,0.0,0.0,0.0,0.0,0.0,46.96084264498904,-12.476400997702697,False,True,False,False,True,6.258185609071585,0,1.0286148391997971,0.9027601924537857,False,False,False,False,0.10334261971910108,0.08782234353909298,False,False,False,False,483343.0,363770.618535152,False,False,False,False,13368.647793707218,False,False,False,False
2025-09-18 18:00:00+00:00,31.495,31.515,31.43,31.495,5138.0,,,,,31.43363467054047,31.70415060927878,31.495747931086246,31.233592730043124,30.83720057705929,30.67396217569117,,,,,31.23345837206214,31.41776862889681,31.117023462551433,30.895581394801226,30.843460272762222,30.784034004655087,,31.1303852862662,30.78882719934246,30.927737201980772,,"rgba(239, 83, 80, 1.0)",0.0,0.0,0.5387703550636437,30.87572308626295,1.1494264818336117,0.0,0.0,0.0,0.0,0.0,0.0,0.0,0.0,49.52207401317244,-9.873024823186718,False,True,False,False,True,6.258185609071585,0,1.0283400809716596,0.8995445344129553,False,False,False,False,0.10746637309075716,0.09764435831492507,False,False,False,False,483343.0,365624.4539067,False,False,False,False,13241.04085116912,False,False,False,False
2025-09-18 19:00:00+00:00,31.495,31.56,31.38,31.385,9376.0,,,,,31.43571368099458,31.698180115574402,31.494831559562723,31.235948927942104,30.840877696323172,30.677130708559265,,,,,31.25462758132087,31.41907047185232,31.120174613937927,30.89936239306142,30.84729717200449,30.787782299547214,,31.133461906468636,30.792567611003527,30.92833756240875,,"rgba(239, 83, 80, 1.0)",0.0,0.0,0.5317928879513005,30.879165623856675,0.9511868014858609,0.0,0.0,0.0,0.0,0.0,0.0,0.0,0.0,48.76619826861316,-9.873024823186718,False,True,False,False,True,4.340935152077829,0,1.0249684741488017,0.9006305170239597,False,False,False,False,0.10677883171232899,0.10221159501362703,False,False,False,False,473967.0,367304.18330349535,False,False,False,False,13181.117737197505,False,False,False,False
2025-09-19 14:00:00+00:00,31.44,31.765,31.4,31.72,15026.0,,,,,31.49218898580135,31.69572354027982,31.49836096512757,31.242942851019695,30.8484805075948,30.68338099363328,,,,,31.306988132869588,31.435872599416488,31.127958283383087,30.907362385282028,30.855243836955854,30.79539066338721,,31.141178288725445,30.800171816280677,30.929645591643396,,"rgba(239, 83, 80, 1.0)",0.0,0.0,0.5273066017528706,30.887947386608584,1.5779294448912813,0.0,0.0,0.0,0.0,0.0,0.0,0.0,0.0,53.82932308371794,-5.172781792615282,False,False,True,False,True,9.167913960883755,0,1.0246268656716415,0.8907960199004975,False,False,False,False,0.1378280480158737,0.12001982151475037,False,False,False,False,488993.0,369190.83162437135,False,False,False,False,13209.720562977389,False,False,False,False
2025-09-19 15:00:00+00:00,31.72,31.905,31.61,31.755,24619.0,,,,,31.57801141456213,31.699044042194224,31.50908504304204,31.25751972994695,30.862623253713334,30.694812896429994,,,,,31.390944358496,31.473167611914693,31.143350336533764,30.92236372843741,30.870024340979743,30.809438479802925,,31.1565107704502,30.81422104879854,30.93216987456215,,"rgba(38, 166, 154, 1.0)",0.0,0.0,0.5210221070510765,30.958662286427135,1.5284144430646933,0.0,0.0,0.0,0.0,0.0,0.0,0.0,0.0,57.63584467872273,-1.3447130228738615,False,False,True,False,True,9.643896281192877,0,1.0379497289305073,0.8817151306062101,False,False,False,False,0.18668045858510593,0.15335014004992814,False,False,False,False,513612.0,371429.91950616403,False,False,False,False,13386.60861626456,False,False,False,False
2025-09-19 16:00:00+00:00,31.755,31.795,31.7,31.745,6602.0,,,,,31.591512832949352,31.69972984272333,31.511701029151116,31.261213647223354,30.866299695711408,30.697808780134245,,,,,31.407905291868886,31.48143659869117,31.14728543455474,30.92624976197482,30.873862144971515,30.813097059653636,,31.16042704273996,30.81787944978241,30.932836007042887,,"rgba(38, 166, 154, 1.0)",0.0,0.0,0.5185947053994817,30.96219788719239,1.5094680000726337,0.0,0.0,0.0,0.0,0.0,0.0,0.0,0.0,59.925542449108264,1.0890274703684355,False,False,True,False,True,9.465846999388305,0,1.051741293532338,0.8808457711442788,False,False,False,False,0.18386720951266783,0.16860867478129798,False,False,False,False,507010.0,373531.93625800643,False,False,False,False,13281.420885779838,False,False,False,False
2025-09-19 17:00:00+00:00,31.745,31.755,31.66,31.72,6561.0,,,,,31.600367381398986,31.69989826383662,31.513865471470975,31.264569050308715,30.869779082807383,30.700670411237404,,,,,31.421647600988337,31.488152375913643,31.150920159645377,30.92991232004216,30.87749135585488,30.81656947692904,,31.16403853259014,30.8213508636399,30.93346850037749,,"rgba(38, 166, 154, 1.0)",0.0,0.0,0.5169555890799395,30.965049241409663,1.4603783662228562,0.0,0.0,0.0,0.0,0.0,0.0,0.0,0.0,60.78393025744474,2.3072244396491755,False,False,True,False,True,9.015014289567297,0,1.0499126528574991,0.8814574494634392,False,False,False,False,0.17111006766565162,0.1698593712234748,False,False,False,False,500449.0,375499.642672611,False,False,False,False,13177.228313907282,False,False,False,False
2025-09-19 18:00:00+00:00,31.725,31.73,31.655,31.725,6412.0,,,,,31.607284784286605,31.69994498559677,31.51584873179976,31.267740076442134,30.87311850580954,30.703428566300836,,,,,31.433574467710446,31.49411660240228,31.15437526784176,30.933421042391146,30.880972766538616,30.819905849677514,,31.16746955730847,30.82468597498226,30.934079029414683,,"rgba(38, 166, 154, 1.0)",0.0,0.0,0.5146679853410748,30.967725821475113,1.4713838826074173,0.0,0.0,0.0,0.0,0.0,0.0,0.0,0.0,61.44296763504728,3.4697041752076174,True,False,True,False,True,9.08681198667703,0,1.0463659147869673,0.8857142857142859,False,False,False,False,0.16687495578725903,0.1683671635053669,False,False,False,False,506861.0,377536.25286373333,False,False,False,False,13072.341053226548,False,False,False,False
2025-09-19 19:00:00+00:00,31.725,31.73,31.575,31.575,15956.0,,,,,31.61006090718947,31.697545967059106,31.518662038311337,31.274081160691182,30.88055675777333,30.709705466115626,,,,,31.451980130590886,31.502669118558902,31.16161347105602,30.94115987251002,30.88871412627949,30.827389175906486,,31.174626136852755,30.832162112633565,30.93544311269256,,"rgba(38, 166, 154, 1.0)",0.0,0.0,0.5082687626984767,30.972044510323485,1.186292634777182,0.0,0.0,0.0,0.0,0.0,0.0,0.0,0.0,57.911037938632944,3.4697041752076174,False,False,True,False,False,6.376256668684132,0,1.0385192596298147,0.8874437218609307,False,False,False,False,0.15560983770611406,0.1619885006057405,False,False,False,False,490905.0,379293.9078580941,False,False,False,False,13117.048943874199,False,False,False,False
2025-09-22 14:00:00+00:00,31.515,31.68,31.49,31.66,6042.0,,,,,31.610057773690617,31.69647395389999,31.51953171940407,31.276313464326893,30.8832731206614,30.712017297433135,,,,,31.457485109695277,31.505228953344865,31.164200593091724,30.94397524098679,30.891538465609734,30.83012841330465,,31.177180425331382,30.83489819280907,30.935945822835198,,"rgba(38, 166, 154, 1.0)",0.0,0.0,0.5020539973111666,30.97362082692253,1.367142133622054,0.0,0.0,0.0,0.0,0.0,0.0,0.0,0.0,57.32513401140143,3.4697041752076174,False,False,True,False,False,7.63195672010233,0,1.0313432835820893,0.8915422885572142,False,False,False,False,0.1366869173525609,0.1493377089791507,False,False,False,False,496947.0,381117.9868060306,False,False,False,False,13007.358262573824,False,False,False,False
2025-09-22 15:00:00+00:00,31.665,31.755,31.63,31.655,6889.0,,,,,31.613933201962517,31.696247115949006,31.521255110832566,31.279349175230198,30.88664165625376,30.71484312009672,,,,,31.465985947516693,31.50985574552083,31.16757170311157,30.947490857018195,30.89504300362774,30.833506593918912,,31.180521604482788,30.838274064246573,30.93657752187806,,"rgba(38, 166, 154, 1.0)",0.0,0.0,0.4952970534649639,30.976290356548834,1.3703082598676872,0.0,0.0,0.0,0.0,0.0,0.0,0.0,0.0,56.80176223941209,3.4697041752076174,False,False,True,False,False,7.541298370956515,0,1.0377358490566033,0.8887785501489575,False,False,False,False,0.16687495578725808,0.15810633238320437,False,False,False,False,490058.0,382806.9792586503,False,False,False,False,12912.49999493702,False,False,False,False
2025-09-22 16:00:00+00:00,31.655,31.75,31.645,31.725,8428.0,,,,,31.61982028703857,31.696419731609847,31.523659644301365,31.283244628034808,30.89086140425217,30.718372771066754,,,,,31.47673262623266,31.516030010434854,31.171847991579494,30.95190137175158,30.899432534660907,30.837732160425062,,31.18476433226652,30.842497287927465,30.93737655384153,,"rgba(38, 166, 154, 1.0)",0.0,0.0,0.4888057979484405,30.979863156791385,1.5244026284794883,0.0,0.0,0.0,0.0,0.0,0.0,0.0,0.0,57.93492757057079,3.4697041752076174,False,False,True,False,False,8.58228620011094,0,1.03582395087001,0.9155578300921187,False,False,False,False,0.16828599353159365,0.16319616295739903,False,False,False,False,498486.0,384600.4524484386,False,False,False,False,12842.972863232568,False,False,False,False
2025-09-22 17:00:00+00:00,31.725,31.735,31.61,31.62,4995.0,,,,,31.621095922895808,31.696017008868434,31.524661437137993,31.285242351672963,30.89318478307406,30.72034410438935,,,,,31.48132854530221,31.518566700530368,31.174108777994284,30.954313949694143,30.90184664881163,30.84006950428515,,31.187000969693514,30.844832432578606,30.937817579393684,,"rgba(38, 166, 154, 1.0)",0.0,0.0,0.4859543225484333,30.98153772382336,1.313831869687724,0.0,0.0,0.0,0.0,0.0,0.0,0.0,0.0,55.78081128527216,3.4697041752076174,False,False,True,False,False,6.653658043484533,0,1.0102380342974147,0.9173278730483748,False,False,False,False,0.1612373251994449,0.16221674407842196,False,False,False,False,493491.0,386288.67799187364,False,False,False,False,12721.298865352994,False,False,False,False
2025-09-22 18:00:00+00:00,31.62,31.66,31.61,31.64,6274.0,,,,,31.62177420437371,31.695300932425138,31.525724321694426,31.287598471952247,30.896013385200487,30.72276014418051,,,,,31.486200990562658,31.521213739639897,31.17681152759385,30.95724224772665,30.904783859633476,30.842920842107343,,31.189671465515126,30.847680611827393,30.93835662367462,,"rgba(38, 166, 154, 1.0)",0.0,0.0,0.4837404746832227,30.98345982213528,1.3572157225310848,0.0,0.0,0.0,0.0,0.0,0.0,0.0,0.0,54.83216589897567,3.4697041752076174,False,False,True,False,False,6.9588132312997395,0,1.0102643058763148,0.9194251988709263,False,False,False,False,0.15069380559848958,0.15645527483845578,False,False,False,False,499765.0,388048.00081370503,False,False,False,False,12621.340743409537,False,False,False,False
2025-09-22 19:00:00+00:00,31.64,31.745,31.59,31.73,20355.0,,,,,31.630016050013584,31.695038468110514,31.53058111763266,31.296129552041908,30.90567391360776,30.730949848575246,,,,,31.504870917583283,31.53254241944884,31.186327970979132,30.967281455786104,30.914815023648394,30.852625737570428,,31.1990978826864,30.857377614544276,30.940228727631638,,"rgba(38, 166, 154, 1.0)",0.0,0.0,0.4829951877102438,30.9910850257471,1.5298599096937304,0.0,0.0,0.0,0.0,0.0,0.0,0.0,0.0,56.27623253906179,3.4697041752076174,False,False,True,False,False,8.325755039973387,0,1.0053694707235998,0.9186908718997698,False,False,False,False,0.15982951743211354,0.15814239613528466,False,False,False,False,520120.0,390095.6287080662,False,False,False,False,12741.242437310164,False,False,False,False
2025-09-23 14:00:00+00:00,31.53,31.55,31.33,31.42,10808.0,,,,,31.617882099434897,31.689906631783227,31.529062929120165,31.297663129097483,30.909068021506354,30.734098902246107,,,,31.433333333333334,31.501526489722472,31.52909558435102,31.188744110794453,30.970654961070654,30.91831593439316,30.856143891271834,,31.20142559851367,30.860883779499055,30.94088143757309,,"rgba(38, 166, 154, 1.0)",0.0,0.0,0.4793363749604888,30.991464661169545,0.8940179823944737,0.0,0.0,0.0,0.0,0.0,0.0,0.0,0.0,50.55309764841949,5.952240509816015,False,False,False,False,False,2.8301073322842925,0,0.9866867621200701,0.9198693795528762,False,False,False,False,0.09634689609049414,0.1272446461128894,False,False,False,False,509312.0,391943.94454204966,False,False,False,False,12711.269686344114,False,False,False,False
2025-09-23 15:00:00+00:00,31.415,31.445,31.255,31.265,12808.0,,,,,31.597701420582485,31.681543848419345,31.52529570311834,31.297976916843062,30.91218933789944,30.737204165373754,,,,31.372771567299004,31.492085013716295,31.52089298045742,31.190267269080802,30.973640311034977,30.921517590949133,30.85946228067246,,31.202825126506458,30.86418408237857,30.941477808600457,,"rgba(38, 166, 154, 1.0)",0.0,0.0,0.4747302031319132,30.990436492715958,0.5783569393155926,0.0,0.0,0.0,0.0,0.0,0.0,0.0,0.0,44.64996213563299,0.5290329106565608,False,True,False,True,False,0.296392547472351,0,0.9859894921190892,0.9254440830622968,False,False,False,False,0.07147278939926636,0.09935871775607788,False,False,False,False,496504.0,393565.03067318065,False,False,False,False,12712.769381129478,False,False,False,False
2025-09-23 16:00:00+00:00,31.265,31.37,31.23,31.245,7696.0,,,,,31.585272815381835,31.676160605217778,31.522665319420348,31.29784979884376,30.913861243928178,30.738927680915953,,,,31.350379407256003,31.485650938198617,31.51534063458459,31.190892288308113,30.975206454303862,30.923227179029798,30.861262961288112,,31.20337269797609,30.865973099515493,30.941797647852358,,"rgba(38, 166, 154, 1.0)",0.0,0.0,0.4721650822167672,30.989638817976356,0.5408302977948939,0.0,0.0,0.0,0.0,0.0,0.0,0.0,0.0,40.46580178701193,-3.1647203693820245,False,True,False,True,False,0.0,0,0.9972052845528454,0.9237804878048781,False,False,False,False,0.057693849267095865,0.07852628351158687,False,False,False,False,488808.0,395041.6658565422,False,False,False,False,12634.990010879408,False,False,False,False
2025-09-23 17:00:00+00:00,31.245,31.275,31.07,31.155,8719.0,,,,,31.567417654454463,31.66850667881937,31.518363422130616,31.296701623640505,30.91515065479321,30.74045620734375,,,,31.310365633300858,31.474970642110236,31.506407238387414,31.19070604746034,30.9763030064166,30.92452936345456,30.862731537424263,,31.20308613444124,30.867425875161913,30.94203691362352,,"rgba(239, 83, 80, 1.0)",0.0,0.0,0.4637839179212922,30.987739550991627,0.36064305497708016,0.0,0.0,0.0,0.0,0.0,0.0,0.0,0.0,36.5726867918874,-6.6094424548455635,False,True,False,True,False,0.0,0,0.9936740890688257,0.9192813765182187,False,False,False,False,0.022644187522585395,0.05058523551708613,False,False,False,False,480089.0,396360.22917659575,False,False,False,False,12574.276987454921,False,False,False,False
2025-09-23 18:00:00+00:00,31.155,31.22,31.11,31.115,4982.0,,,,,31.55744665186211,31.664079588434056,31.515825972831855,31.295963308525412,30.915828256398207,30.74128734821201,,,,31.292432038151937,31.468838861696106,31.501240756508576,31.190520728537717,30.97686414982418,30.92521132662945,30.863514116979072,,31.202842973477793,30.868199227576476,30.942162261137195,,"rgba(239, 83, 80, 1.0)",0.0,0.0,0.4549019595392989,30.986647022920824,0.2821552521100672,0.0,0.0,0.0,0.0,0.0,0.0,0.0,0.0,33.506638744465846,-9.3546290654726,False,True,False,True,False,0.0,0,0.9972194135490391,0.9188574317492418,False,False,False,False,0.020585013095608624,0.035585124306347374,False,False,False,False,475107.0,397581.10934440047,False,False,False,False,12456.567266719185,False,False,False,False
2025-09-23 19:00:00+00:00,31.115,31.185,31.07,31.09,18574.0,,,,,31.52139787281019,31.647193028207724,31.505833929460575,31.29266713933941,30.917962912099274,30.74410506865887,,,,31.24060347765004,31.445694286462206,31.48152439203141,31.18930907883705,30.978523841281945,30.927343189116083,30.866057248188056,,31.201412221349216,30.870706650191465,30.942552905563744,,"rgba(239, 83, 80, 1.0)",0.0,0.0,0.4467713706780667,30.98245438803566,0.24071733110632879,0.0,0.0,0.0,0.0,0.0,0.0,0.0,0.0,31.15841085816569,-11.548232131196713,False,True,False,True,False,0.0,0,0.9967163425107348,0.9196766860318264,False,False,False,False,0.010291409458073983,0.02293826688221068,False,False,False,False,456533.0,398495.09214526246,False,False,False,False,12551.411185064622,False,False,False,False
2025-09-24 14:00:00+00:00,31.04,31.06,30.93,30.965,5379.0,,,,,31.509033146487937,31.641347338949366,31.50210082801885,31.29105273862758,30.918170339188123,30.744629920364687,,,30.985,31.22066769615946,31.43712976915438,31.474291163043464,31.188364188322623,30.978546296952864,30.927530138977463,30.86640455975781,,31.2003962263602,30.871041941402122,30.942580670901123,,"rgba(239, 83, 80, 1.0)",0.0,0.0,0.43859188072482425,30.980650950543957,-0.03568454235425481,0.0,0.0,0.0,0.0,0.0,0.0,0.0,0.0,28.200058982903002,-14.403523214189974,False,True,False,True,False,0.0,0,0.9889475006279829,0.9226325043958804,False,False,False,False,-0.026076607707076264,-0.0015691704124327927,False,False,False,False,451154.0,399311.5093213049,False,False,False,False,12440.211011652767,False,False,False,False
2025-09-24 15:00:00+00:00,30.965,31.01,30.815,30.84,7572.0,,,,,31.48952484918922,31.632104623285173,31.495969938182512,31.288099859201846,30.918040941332976,30.745069315393376,,,30.928482356574783,31.187789442281392,31.42313417914503,31.462516429457935,31.18642352334507,30.97810809744545,30.92735204202665,30.866494328095367,,31.19834742300608,30.871113054638553,30.942530766050115,,"rgba(239, 83, 80, 1.0)",0.0,0.0,0.434298575005897,30.977486796291572,-0.316572064022327,0.0,0.0,0.0,0.0,0.0,0.0,0.0,0.0,25.107341971979533,-17.41686632908494,False,True,False,True,False,0.0,0,0.9865067466266866,0.924287856071964,False,False,False,False,-0.048749611949852396,-0.025159391181142594,False,False,False,False,443582.0,399997.8735178738,False,False,False,False,12364.73487193722,False,False,False,False
2025-09-24 16:00:00+00:00,30.84,30.89,30.77,30.78,10603.0,,,,,31.461019866970418,31.618269716006218,31.48655332376666,31.28327477322475,30.91740890969446,30.74536034860559,,,30.87664720783448,31.142226984618798,31.402108615133475,31.44474925317144,31.18307463421517,30.976994911217098,30.926631190767083,30.866191331528963,,31.19484007772518,30.870782212964944,30.942364548346447,,"rgba(239, 83, 80, 1.0)",0.0,0.0,0.4318284298106057,30.972538898705402,-0.44586897344819487,0.0,0.0,0.0,0.0,0.0,0.0,0.0,0.0,22.570443724576123,-19.94830712624719,False,True,False,True,False,0.0,0,0.9909479507166202,0.9253205934121197,False,False,False,False,-0.07528357306124989,-0.05022148212119624,False,False,False,False,432979.0,400509.2088121704,False,False,False,False,12337.421152992458,False,False,False,False
2025-09-24 17:00:00+00:00,30.785,30.955,30.77,30.95,9252.0,,,,,31.440819863867322,31.60771221434547,31.479477940196567,31.279832470182416,30.91727403440756,30.745902609164748,,,30.880883019366376,31.11817768579323,31.387199931180135,31.431848993784893,31.180809953840207,30.976494848876236,30.926439361549253,30.866317402999744,,31.192449178104223,30.870886039956456,30.942307698041436,,"rgba(239, 83, 80, 1.0)",0.0,0.0,0.4287829203602834,30.969214801602483,-0.04481242300028792,0.0,0.0,0.0,0.0,0.0,0.0,0.0,0.0,26.203639279766804,-19.94830712624719,False,True,False,True,True,0.0,0,0.9892284569138273,0.9228456913827657,False,False,False,False,-0.08007298743761412,-0.06514723477940518,False,False,False,False,442231.0,401156.0582879507,False,False,False,False,12289.585166124358,False,False,False,False
2025-09-24 18:00:00+00:00,30.95,31.025,30.91,30.985,12321.0,,,,,31.41972874007675,31.595670181925563,31.471586144175287,31.27628611116328,30.9176624746788,30.747019642406773,,,30.90612467776128,31.10176188592699,31.371704928742897,31.41803597814774,31.178684687328616,30.976470366096436,30.926779497812213,30.867018055899475,,31.190171894686614,30.871559841743487,30.94235396020551,,"rgba(239, 83, 80, 1.0)",0.0,0.0,0.4248350819397418,30.966062636178442,0.04457580041434324,0.0,0.0,0.0,0.0,0.0,0.0,0.0,0.0,29.577561301771652,-19.94830712624719,False,True,False,True,True,0.0,0,0.9924830869456274,0.9235780506138814,False,False,False,False,-0.05025967999669988,-0.05770345738805253,False,False,False,False,454552.0,401983.9023455018,False,False,False,False,12290.072217812352,False,False,False,False
2025-09-24 19:00:00+00:00,30.985,31.015,30.94,30.97,14929.0,,,,,31.39667742383474,31.58171546908352,31.46237842014813,31.272120574791312,30.918139860229562,30.748368363836413,,,30.92324602593135,31.08645630295825,31.35448957761054,31.402433705732395,31.176187620029914,30.97645669763659,30.927199597378543,30.86786793806644,,31.187495940350363,30.872377662880634,30.94241283597396,,"rgba(239, 83, 80, 1.0)",0.0,0.0,0.41754233749825137,30.962610808547133,0.01769686757309208,0.0,0.0,0.0,0.0,0.0,0.0,0.0,0.0,31.581362898415275,-25.991763749228358,False,True,False,True,True,0.0,0,0.9922403003754691,0.9226533166458073,False,False,False,False,-0.047794805390777836,-0.052749131389415185,False,False,False,False,439623.0,402567.45424712193,False,False,False,False,12330.985826838518,False,False,False,False
2025-09-25 14:00:00+00:00,30.685,30.885,30.67,30.765,6862.0,,,,,31.382172250161364,31.573446875630403,31.45655551587325,31.268970825653014,30.917587808701565,30.74843606506065,,30.77333333333334,30.907873467029297,31.069992184207504,31.343124202602404,31.392412612006126,31.173930267006586,30.975592481699348,30.926585908460794,30.867527176905927,,31.18514192897505,30.872019035547947,30.94227279433564,,"rgba(239, 83, 80, 1.0)",0.0,0.0,0.4114062677172251,30.95986560657642,-0.47365735981047224,0.0,0.0,0.0,0.0,0.0,0.0,0.0,0.0,30.098198366137517,-25.991763749228358,False,True,False,True,True,0.0,0,0.9809264305177111,0.9266782264057469,False,False,False,False,-0.11093746883786963,-0.08184330011364241,False,False,False,False,432761.0,403035.57123553863,False,False,False,False,12246.195348903037,False,False,False,False
2025-09-25 15:00:00+00:00,30.765,30.785,30.67,30.715,6229.0,,,,,31.368543257969243,31.56562617505668,31.450973688455864,31.265860899641318,30.916917878159396,30.748374421701005,,30.74954217910524,30.892158530083254,31.05419993076582,31.332313311491323,31.382875749317133,31.171649904442187,30.974621965365053,30.925852680517412,30.86705689867556,,31.18277147061352,30.8715319273148,30.942108307373687,,"rgba(239, 83, 80, 1.0)",0.0,0.0,0.41060394981478626,30.957176454066257,-0.5898054662540321,0.0,0.0,0.0,0.0,0.0,0.0,0.0,0.0,28.555816701880865,-25.991763749228358,False,True,False,True,True,0.0,0,0.9816149068322981,0.9349068322981368,False,False,False,False,-0.1415064931364176,-0.11167489662503001,False,False,False,False,426532.0,403399.8569528171,False,False,False,False,12152.905498532447,False,False,False,False
2025-09-25 16:00:00+00:00,30.71,30.75,30.565,30.6,7136.0,,,,,31.351638978281837,31.555955228083306,31.44394774666715,31.261790016387643,30.915821551931735,30.74806572168088,,30.710308168949094,30.869597133473665,31.03357280878571,31.31871744187536,31.370913316597054,31.168575743207278,30.973146276930475,30.924669324558923,30.866205494181806,,31.179588673003682,30.870659976896167,30.94184707782029,,"rgba(239, 83, 80, 1.0)",0.0,0.0,0.41424236714590007,30.95365511805706,-0.8537396126178914,0.0,0.0,0.0,0.0,0.0,0.0,0.0,0.0,26.366665061790492,-25.991763749228358,False,True,False,True,False,0.0,0,0.9717472118959106,0.9395291201982653,False,False,False,False,-0.1904447849730914,-0.1510598407990607,False,False,False,False,419396.0,403647.8591706029,False,False,False,False,12075.124017935044,False,False,False,False
2025-09-25 17:00:00+00:00,30.6,30.705,30.595,30.615,5540.0,,,,,31.33904556202835,31.548585209197455,31.438576402177528,31.258665841742378,30.914976355939196,30.74782725554357,,30.69483331392867,30.854668717398983,31.018917653883047,31.308524173440855,31.361888125391474,31.166213460885334,30.97200953300804,30.923757326886555,30.865548868340046,,31.17714326684875,30.869987525421976,30.94164458307521,,"rgba(239, 83, 80, 1.0)",0.0,0.0,0.4211108005100396,30.95100208750921,-0.7978947277112182,0.0,0.0,0.0,0.0,0.0,0.0,0.0,0.0,25.418706144295427,-25.991763749228358,False,True,False,True,False,0.0,0,0.9679662279612612,0.9476036751924513,False,False,False,False,-0.20486793349589963,-0.17796388714748018,False,False,False,False,424936.0,403977.9078656323,False,False,False,False,11973.804265718998,False,False,False,False
2025-09-25 18:00:00+00:00,30.615,30.7,30.55,30.59,6787.0,,,,,31.32368145865242,31.539472465561623,31.431890303614153,31.25472832270862,30.913854965874016,30.747470140673023,,30.67784184227233,30.836982255335993,31.001294391057446,31.29599470310759,31.350758326907233,31.16321227763444,30.97052384233506,30.922550764335625,30.864661638404282,,31.174039762008654,30.869080663587063,30.941376459858173,,"rgba(239, 83, 80, 1.0)",0.0,0.0,0.42795615250673597,30.94769441446477,-0.8358202408578305,0.0,0.0,0.0,0.0,0.0,0.0,0.0,0.0,24.507847268538555,-25.991763749228358,False,True,False,True,False,0.0,0,0.9628068435407884,0.9494173072154727,False,False,False,False,-0.2168162544947224,-0.19739007082110127,False,False,False,False,418149.0,404197.6147204287,True,False,False,False,11893.38869570785,False,False,False,False
2025-09-25 19:00:00+00:00,30.59,30.685,30.515,30.67,8613.0,,,,,31.305357506662777,31.528282688407028,31.42366152079813,31.249876923506967,30.912490777338608,30.747053250656396,,30.666437518724546,30.818803005904453,30.981542078757354,31.280953573944362,31.337287001300833,31.159518650524785,30.968708354430596,30.921082104777266,30.863589095278538,30.623333333333335,31.170219499210297,30.867983642112556,30.941047182853886,,"rgba(239, 83, 80, 1.0)",0.0,0.0,0.4328453107785312,30.94074255353367,-0.6254949442485621,1.0,30.685,30.515,0.0,0.0,0.0,0.0,0.0,26.82591789528051,-25.991763749228358,False,True,False,True,False,0.0,0,0.9576313181367689,0.9554013875123888,True,False,False,False,-0.22536927713875146,-0.21137967397992635,False,False,False,False,426762.0,404547.45015111973,False,False,False,False,11842.52995623951,False,False,False,False
2025-09-26 14:00:00+00:00,30.92,30.92,30.775,30.78,4099.0,,,,30.824999999999996,31.299449800124616,31.524218290166893,31.420775952120295,31.248328936511257,30.912295697570666,30.74717763016775,,30.68079592482953,30.819044185133837,30.977743193080293,31.276152583154587,31.332811434320007,31.158433003330124,30.968351614621728,30.92085818784685,30.86350764792741,30.688360997482693,31.16908354593168,30.86789251841412,30.94099003242042,,"rgba(239, 83, 80, 1.0)",0.0,0.0,0.4358855023639482,30.942849359757368,-0.373605818211851,0.0,0.0,0.0,0.0,0.0,0.0,0.0,0.0,31.783590191777527,-24.2236734248229,False,True,False,True,True,0.0,0,0.9604907975460122,0.9482208588957057,False,False,False,False,-0.14190793535829443,-0.1766438046691104,False,False,False,False,430861.0,404955.41216428066,False,False,False,False,11722.475228235797,False,False,False,False
2025-09-26 15:00:00+00:00,30.785,30.81,30.72,30.725,4376.0,,,,30.787134906588,31.292350797284506,31.51948108726176,31.417350503342945,31.24640460993191,30.91191424475528,30.747185264378846,,30.68704326309711,30.81635640576856,30.972034038337608,31.270322312006183,31.327441281639775,31.15702853913885,30.96777888680239,30.92043829038695,30.86325620741497,30.704572702091134,31.167622339424177,30.86763006727382,30.940890546810827,,"rgba(239, 83, 80, 1.0)",0.0,0.0,0.44035057696173285,30.942193772211294,-0.49322922138504816,0.0,0.0,0.0,0.0,0.0,0.0,0.0,0.0,34.011428631791276,-22.037687008611705,False,True,False,True,True,0.0,0,0.9611793611793611,0.9530712530712534,False,False,False,False,-0.1694554225031935,-0.17304961358615195,False,False,False,False,426485.0,405289.20422374917,False,False,False,False,11608.576387487954,False,False,False,False
2025-09-26 16:00:00+00:00,30.725,30.845,30.705,30.845,4048.0,,,,30.790754744603262,31.286498602636705,31.51541360709904,31.414432844724566,31.24480441043314,30.91166528317233,30.747265602335325,,30.695434065934066,30.81571499950181,30.968068953137124,31.265518268382156,31.32295679022685,31.15588653014977,30.967365599237283,30.92015860791995,30.863121468528277,30.722529885818822,31.16643036456316,30.867485617971088,30.940821284435597,,"rgba(239, 83, 80, 1.0)",0.0,0.0,0.4405903083588201,30.941917142104312,-0.21997111662606864,0.0,0.0,0.0,0.0,0.0,0.0,0.0,0.0,38.774943324277444,-17.535344454991666,False,False,False,True,True,0.0,0,0.9592737978410206,0.9536310107948973,False,False,False,False,-0.16610354838900013,-0.16957658098757605,False,False,False,False,430533.0,405680.5809024508,False,False,False,False,11491.358148922249,False,False,False,False
2025-09-26 17:00:00+00:00,30.84,30.865,30.755,30.775,4438.0,,,,30.792737751311833,31.280239874660438,31.51100665344656,31.41126553152679,31.243063124697738,30.911393586864676,30.74735339084449,,30.703290296128085,30.81506228987567,30.963924800985847,31.2603625249805,31.31812679702767,31.154642822992766,30.96691480454342,30.91985344840724,30.862974389600335,30.735684484241805,31.16513236158785,30.867327942319108,30.94074542635558,,"rgba(239, 83, 80, 1.0)",0.0,0.0,0.4419568687935219,30.941311394661398,-0.37630684441086965,0.0,0.0,0.0,0.0,0.0,0.0,0.0,0.0,40.42215518384515,-15.967592439084292,False,False,False,True,True,0.0,0,0.9592994573260978,0.9612728169708934,False,False,False,False,-0.15440055134945374,-0.1619885661685149,False,False,False,False,426095.0,405997.0835241182,False,False,False,False,11382.003759016477,False,False,False,False
2025-09-26 18:00:00+00:00,30.775,30.845,30.745,30.795,3069.0,,,,30.79308437343984,31.27597553514193,31.507976563279247,31.409082417603557,31.241857933985756,30.91120094502089,30.747409964823916,,30.707889493493692,30.81455449899521,30.96112004977277,31.256837990931587,31.314817321666,31.153779814519584,30.966598335056826,30.91963755070994,30.862867845690474,30.74203993995042,31.164231988960307,30.86721407749991,30.94069178887489,,"rgba(239, 83, 80, 1.0)",0.0,0.0,0.44391681105251646,30.940761394595405,-0.32835295029671624,0.0,0.0,0.0,0.0,0.0,0.0,0.0,0.0,42.07581894712166,-14.274559447160868,False,False,False,True,True,0.0,0,0.9511231794618614,0.9647000740557891,False,False,False,False,-0.15941080216935677,-0.16069968416893582,False,False,False,False,429164.0,406356.2605237442,False,False,False,False,11253.11997980692,False,False,False,False
2025-09-26 19:00:00+00:00,30.795,30.8,30.715,30.77,13394.0,,,,30.78049435535344,31.25697843356793,31.494442658019622,31.399225476109823,31.23628638749806,30.910128561872508,30.747483462311887,,30.717546039960137,30.80929348592987,30.947643660186106,31.24099430655423,31.29995520308226,31.149715906174553,30.964965035422768,30.918454311072143,30.86218026835102,30.748293487483245,31.16000307706868,30.866493848230885,30.940404708280006,,"rgba(239, 83, 80, 1.0)",0.0,0.0,0.44519943906123804,30.937059934680725,-0.3752474060456899,0.0,0.0,0.0,0.0,0.0,0.0,0.0,0.0,42.57353230586855,-13.547405982183342,False,False,False,True,True,0.0,0,0.9503703703703705,0.9649382716049386,False,False,False,False,-0.171971801552706,-0.16633574286082092,False,False,False,False,415770.0,406502.20997298846,False,False,False,False,11286.311918104486,False,False,False,False
2025-09-29 14:00:00+00:00,30.93,31.005,30.91,31.0,9080.0,,,30.971666666666668,30.821333913670873,31.250008676445272,31.48809390220796,31.39485759487737,31.23422121373605,30.910426291884825,30.748264221143646,,30.745123280467546,30.819551464466194,30.948695826942057,31.23527639177909,31.29408261736694,31.148473660498297,30.965001049534486,30.91872314497771,30.862682236308608,30.787971646745046,31.158671334516526,30.866978129717246,30.940438655931302,,"rgba(239, 83, 80, 1.0)",0.0,0.0,0.44206546333521046,30.937952481981416,0.14035821199525528,0.0,0.0,0.0,0.0,0.0,0.0,0.0,0.0,48.410312404851425,-7.902624693589068,True,False,False,False,True,0.0,0,0.9532825178264078,0.961888369805754,False,False,False,False,-0.10550081016133557,-0.13591827651107824,False,False,False,False,424850.0,406786.6718338724,False,False,False,False,11252.105531777284,False,False,False,False
2025-09-29 15:00:00+00:00,30.995,31.07,30.975,31.055,9500.0,,,31.00319698600646,30.860061597825812,31.24460878830488,31.482388186350587,31.391034343225197,31.232594189060162,30.911045305492618,30.7492991777895,,30.774510058566147,30.832805837091374,30.952404334283454,31.230888233186178,31.289292110900313,31.14763926129402,30.965383100136666,30.919325764225817,30.863496911356137,30.826425150260377,31.157750873593628,30.86777572258419,30.94054407738508,,"rgba(38, 166, 154, 1.0)",0.0,0.0,0.44025758226138384,30.93924310842808,0.2629299215639493,0.0,0.0,0.0,0.0,0.0,0.0,0.0,0.0,53.272589438081894,-3.396937118392735,True,False,True,False,True,0.0,0,0.9513393954288525,0.9606782993364467,False,False,False,False,-0.08412382091318925,-0.11002104871213375,False,False,False,False,434350.0,407214.01025505265,False,False,False,False,11224.941104928022,False,False,False,False
2025-09-29 16:00:00+00:00,31.055,31.1,31.04,31.08,6507.0,,,31.021388767090528,30.883779517241774,31.241734192582125,31.47890280902261,31.38874960351274,31.231715563046706,30.911603224953744,30.75010296548264,,30.794017302380333,30.842604079281802,30.955927894525516,31.22857762542155,31.28660827877473,31.147272252289184,30.96579492801844,30.919878423880984,30.864180816117656,30.85036042746757,31.15732836708689,30.868448562504746,30.940647215896195,,"rgba(38, 166, 154, 1.0)",0.0,0.0,0.43766602512583713,30.94022993471254,0.3193532448566715,0.0,0.0,0.0,0.0,0.0,0.0,0.0,0.0,56.95788244117403,-0.04160960649267764,True,False,True,False,True,0.0,0,0.957336621454994,0.9583230579531445,False,False,False,False,-0.06855163808419909,-0.08928634339816642,False,False,False,False,440857.0,407735.6069952843,False,False,False,False,11151.794731208209,False,False,False,False
2025-09-29 17:00:00+00:00,31.08,31.11,31.05,31.1,5068.0,,,31.032359697120437,30.899952028185407,31.239733326374232,31.47631698428185,31.387067028688847,31.231094975384156,30.912070717821965,30.750751951575577,,30.808176764108733,30.850109505143543,30.958829015407918,31.226974994336306,31.284691552668612,31.147040003085078,30.966153011444163,30.92034328668479,30.86474415782811,30.866949523492906,31.157053988038417,30.86900346796253,30.940735495786903,,"rgba(38, 166, 154, 1.0)",0.0,0.0,0.43847798798325827,30.940956825546486,0.36271643916498664,0.0,0.0,0.0,0.0,0.0,0.0,0.0,0.0,59.78769545649767,2.5740238748423465,True,False,True,False,True,0.06953653517062719,0,0.9546805349182765,0.9613670133729573,False,False,False,False,-0.06527776072299553,-0.07728205206058097,False,False,False,False,445925.0,408327.6906077605,False,False,False,False,11057.472332274749,False,False,False,False
2025-09-29 18:00:00+00:00,31.095,31.17,31.075,31.125,5296.0,,,31.045950184762066,30.91712846944949,31.238184706762098,31.4739018805084,31.385540852395962,31.230615322680283,30.912658617624523,30.75150120097393,,30.823344329134937,30.85861632705852,30.962557174544074,31.22576615623598,31.283091146028415,31.146945447361066,30.966638106210407,30.92093278479821,30.865426565061277,30.884472348406632,31.156917713234552,30.869677506041377,30.940850783702363,,"rgba(38, 166, 154, 1.0)",0.0,0.0,0.43763227601367505,30.94188080173396,0.41843165667314564,0.0,0.0,0.0,0.0,0.0,0.0,0.0,0.0,62.16078919140189,4.861280197769631,True,False,True,False,True,0.509545030826299,0,0.9486988847583644,0.9638166047087983,False,False,False,False,-0.05137850823426713,-0.06433028014742405,False,False,False,False,451221.0,408992.70315647736,False,False,False,False,10968.14717983638,False,False,False,False
2025-09-29 19:00:00+00:00,31.125,31.125,30.99,31.005,10752.0,,,31.044565504404478,30.933719760047893,31.2329724197424,31.46795727690438,31.381528424720038,31.228908238747344,30.913374010799373,30.752674263232212,,30.842629076499385,30.86940005529444,30.965963636165277,31.221469035217744,31.278292801211155,31.146086397728084,30.967094907749253,30.921630676638333,30.866356884570664,30.903423315200968,31.155966249024264,30.870589033738778,30.940977713149326,,"rgba(38, 166, 154, 1.0)",0.0,0.0,0.43872280850510065,30.94227036713624,0.1429823835179776,0.0,0.0,0.0,0.0,0.0,0.0,0.0,0.0,59.6002626214373,4.861280197769631,True,False,True,False,True,0.0,0,0.9434148752162096,0.9656535705460839,False,False,False,False,-0.07264605733859392,-0.06848816874300898,False,False,False,False,440469.0,409480.7077587025,False,False,False,False,10964.79606076915,False,False,False,False
2025-09-30 14:00:00+00:00,31.1,31.11,30.845,30.85,3673.0,,,31.036496812093993,30.933776210484197,31.230319149623917,31.465474557719944,31.379764137649115,31.228011813933254,30.913415434625783,30.75292716617156,,30.845354926740956,30.870705846967585,30.96550525304636,31.219223075324912,31.275993477818194,31.14550875701606,30.967026783454333,30.92165739244606,30.866481620832534,30.904685173297935,31.15535366721036,30.87070657655339,30.940975100085854,,"rgba(38, 166, 154, 1.0)",0.0,0.0,0.4412881737052929,30.941864811617545,-0.20817419793102007,0.0,0.0,0.0,0.0,0.0,0.0,0.0,0.0,54.033487008036936,11.628106388730181,True,False,True,False,False,0.0,0,0.9356968215158925,0.9667481662591692,False,False,False,False,-0.09891393674227893,-0.08370105274264394,False,False,False,False,436796.0,409904.2006616684,False,False,False,False,10851.744959051799,False,False,False,False
2025-09-30 15:00:00+00:00,30.85,30.855,30.75,30.815,3367.0,,,31.021962730624995,30.928838023699914,31.22688904973401,31.462673219353793,31.37769589889854,31.226837052347193,30.913228324458235,30.752995411015284,,30.844335922628826,30.869558261039263,30.963378579353176,31.216279197829266,31.27312946758688,31.1446608875241,30.96671536794977,30.921447136122495,30.8663821479133,30.901221400083962,31.15446978617235,30.87059962594318,30.940921302056736,,"rgba(38, 166, 154, 1.0)",0.0,0.0,0.44387831097594244,30.94094826638558,-0.283745033877999,0.0,0.0,0.0,0.0,0.0,0.0,0.0,0.0,49.58975380533362,7.5016671046020065,True,False,False,False,False,0.0,0,0.9351919784788458,0.9779897285399856,False,False,False,False,-0.1569047000798541,-0.12030287641124902,False,False,False,False,433429.0,410268.9262328053,False,False,False,False,10735.70240154712,False,False,False,False
2025-09-30 16:00:00+00:00,30.815,30.87,30.745,30.825,4988.0,,,31.004091778147952,30.922552088447627,31.22198746812975,31.458608458224674,31.374694677662095,31.225136130493077,30.912969601304326,30.75310871198445,,30.843171650780747,30.868104233418705,30.96046034221693,31.212064178625578,31.269010016644508,31.143437213856238,30.966275366553013,30.92115507354302,30.866251775570802,30.896849260648132,31.15319351876437,30.870458293523775,30.940845636453187,,"rgba(38, 166, 154, 1.0)",0.0,0.0,0.44454222835709695,30.939669394746215,-0.2579493857535228,0.0,0.0,0.0,0.0,0.0,0.0,0.0,0.0,46.94745658321506,5.010191180612651,True,False,False,True,False,0.0,0,0.9346135148274187,0.9727758872143901,False,False,False,False,-0.15523505263339937,-0.1377689645223242,False,False,False,False,438417.0,410705.3304772579,False,False,False,False,10646.590736406855,False,False,False,False
2025-09-30 17:00:00+00:00,30.825,30.905,30.795,30.9,4619.0,,,30.993992071068682,30.91987083740159,31.218129987668426,31.45519689643914,31.372205158019508,31.22377585309816,30.912858816224684,30.753305830686404,,30.843961251252058,30.868070612043052,30.9588009797613,31.20875052617732,31.265699436545948,31.142493877255863,30.966011462415384,30.92101910597479,30.86625271762997,30.895520083518452,31.15220428620654,30.87044964785835,30.940804921620515,,"rgba(38, 166, 154, 1.0)",0.0,0.0,0.44481135793057797,30.93881810764463,-0.08726869706121237,0.0,0.0,0.0,0.0,1.0,30.895,30.87,0.0,47.524182979771695,5.010191180612651,True,False,False,True,False,0.0,0,0.9373791102514508,0.9712282398452614,False,False,False,False,-0.14107669873396744,-0.13942283162814584,False,False,False,False,443036.0,411206.581167533,False,False,False,False,10553.139717237756,False,False,False,False
2025-09-30 18:00:00+00:00,30.895,31.02,30.895,31.005,4690.0,,,30.992557521468758,30.922354287997045,31.215460964549298,31.452393470076352,31.37023032406674,31.22281459915543,30.91300537649411,30.753692952227457,,30.848230235956038,30.870512322750724,30.959057425983477,31.20647940279063,31.263277036675852,31.14191047195482,30.966031106379624,30.92115131981918,30.86649902629048,30.898850564747466,31.15157943301978,30.870687298991815,30.94082303992802,,"rgba(38, 166, 154, 1.0)",0.0,0.0,0.4443944356248344,30.938565171556792,0.14949518517214747,0.0,0.0,0.0,0.0,0.0,0.0,0.0,0.0,50.63269471440565,5.010191180612651,True,False,False,False,True,0.0,0,0.942561884162461,0.9658735880797888,False,False,False,False,-0.10550081016133557,-0.1224618208947407,False,False,False,False,447726.0,411772.7737075712,False,False,False,False,10462.23832627283,False,False,False,False
2025-09-30 19:00:00+00:00,31.005,31.17,31.0,31.155,48029.0,,,31.04067246983764,30.98230601437652,31.204701043180638,31.43304722707427,31.357592312759692,31.218484960157195,30.91773571283667,30.759969688706267,,30.913924870284678,30.916162102610013,30.981904793771882,31.19765491217987,31.251158395187574,31.140765033610055,30.969836312614127,30.925873632904935,30.872064547898134,30.962688539776405,31.150085776417523,30.876178925744355,30.94177311245063,,"rgba(38, 166, 154, 1.0)",0.0,0.0,0.4415895734177292,30.9423751972017,0.4814986938044535,0.0,0.0,0.0,0.0,0.0,0.0,0.0,0.0,55.63583323492227,-2.2628953561389764,True,False,True,False,True,1.4056834763163977,0,0.9480333730631705,0.958998808104887,False,False,False,False,-0.06364135026320548,-0.09305158557897308,False,False,False,False,495755.0,413074.82372760883,False,False,False,False,11044.668739818988,False,False,False,False
2025-10-01 14:00:00+00:00,30.985,31.225,30.975,31.19,2629.0,,,31.042659323056792,30.98486690585799,31.204292592007164,31.432117351176615,31.356992732637757,31.21830216039148,30.918016719271602,30.76032782597234,,30.916871415554485,30.918385519455263,30.983135207564334,31.197323574412696,31.25064190125942,31.140744969483343,30.970070402359564,30.926155132312765,30.872389066275648,30.965433644334883,31.15004787467315,30.876499579378592,30.94183153078258,,"rgba(38, 166, 154, 1.0)",0.0,0.0,0.43750315314167704,30.942593052019486,0.5654975197410684,0.0,0.0,0.0,0.0,0.0,0.0,0.0,0.0,59.552730553904524,1.5034133838059063,True,False,True,False,True,2.0106508147799076,0,0.947467608951708,0.9568904593639579,False,False,False,False,-0.05873412532239906,-0.07589285545068607,False,False,False,False,498384.0,414397.4466155529,False,False,False,False,10914.193255480708,False,False,False,False
2025-10-01 15:00:00+00:00,31.19,31.26,31.15,31.205,8220.0,,,31.053215101225035,30.996187422579798,31.20430448257858,31.429959112367868,31.355750991566545,31.218216788804067,30.91919971512515,30.76166942005281,,30.928654056949355,30.92740998091152,30.988752695193615,31.19743934868178,31.2500415488529,31.141117249487408,30.971139105702942,30.927352296444397,30.873692355923172,30.97712362351963,31.150370190396888,30.877792028914747,30.94208666067381,,"rgba(38, 166, 154, 1.0)",0.0,0.0,0.43239113091041864,30.943849173051273,0.6039689722563473,0.0,0.0,0.0,0.0,0.0,0.0,0.0,0.0,62.42375507505294,4.312931449059505,True,False,True,False,True,2.272099127668916,0,0.9559409421138974,0.9554722287321306,False,False,False,False,-0.024449330058923528,-0.050171092754804796,False,False,False,False,506604.0,415827.0055827536,False,False,False,False,10872.42281741124,False,False,False,False
2025-10-01 16:00:00+00:00,31.205,31.29,31.19,31.285,2374.0,,,31.056934566329172,30.99997509493515,31.2045493934436,31.429480256986405,31.355513830745725,31.218284841522937,30.91959901562728,30.762098906889797,,30.932463349116365,30.930362082556744,30.990685480665135,31.197688980554208,31.250060313948165,31.141307490139926,30.971511552030663,30.92775805613604,30.87412337613898,30.980985254260105,31.150547130497966,30.878220157496674,30.94217424751918,,"rgba(38, 166, 154, 1.0)",0.0,0.0,0.4263023289586586,30.94431556573432,0.7991615600549943,0.0,0.0,0.0,0.0,0.0,0.0,0.0,0.0,65.66833106524253,7.51811865349719,True,False,True,False,True,3.6627413806068887,0,0.9640066303575658,0.9535874970400193,False,False,False,False,-0.01303779137796245,-0.031604442066383624,False,False,False,False,508978.0,417271.20704658685,False,False,False,False,10740.66432411804,False,False,False,False
2025-10-01 17:00:00+00:00,31.285,31.425,31.275,31.41,14475.0,,,31.0885651731848,31.030288526297323,31.209283487156778,31.428503940147856,31.355718803468093,31.2199771946197,30.922841057163456,30.765308746748424,,30.961534317460607,30.953260385107143,31.006763259844032,31.202128033952864,31.252765505409982,31.143613355995015,30.974674202111867,30.9310723618028,30.877517679317208,31.011373095022233,31.152786856002653,30.88160008046403,30.942903166093494,,"rgba(38, 166, 154, 1.0)",0.0,0.0,0.41857633012874107,30.9485892608877,1.102333567142661,0.0,0.0,0.0,0.0,0.0,0.0,0.0,0.0,69.50754071083628,11.274207008120172,True,False,True,False,True,5.773227039950733,0,0.9771700356718193,0.9424494649227113,False,False,False,False,0.02281875710986064,-0.004392842478261492,False,False,False,False,523453.0,418917.43639470177,False,False,False,False,10798.561001263497,False,False,False,False
2025-10-01 18:00:00+00:00,31.415,31.475,31.39,31.435,18082.0,,,31.12720252372187,31.067705705274,31.217015433600842,31.42860097406061,31.3570668476961,31.222909337713162,30.92739040004311,30.769686140318758,,30.99769211098867,30.982587399829725,31.02821377354694,31.209336568044755,31.257713581305875,31.14721708816815,30.979176858549323,30.935730829396086,30.882230033223188,31.048887402934973,31.156318560465763,30.886296646406475,30.94394474894559,,"rgba(38, 166, 154, 1.0)",0.0,0.0,0.4100997681293181,30.954564751032688,1.1715082189849313,0.0,0.0,0.0,0.0,0.0,0.0,0.0,0.0,72.36397015046627,14.121129225674508,True,False,True,False,True,6.188687550721834,0,0.9852028639618139,0.9334128878281626,False,False,False,False,0.04974467599052793,0.02267591675613322,False,False,False,False,541535.0,420818.4838924583,False,False,False,False,10911.482536127629,False,False,False,False
2025-10-01 19:00:00+00:00,31.435,31.495,31.395,31.445,54759.0,,,31.20772833490662,31.150501732576714,31.23858738650318,31.429541574709624,31.361460849283013,31.231783156802543,30.94099248705799,30.782826403156722,,31.0819515432343,31.054778107225843,31.083295799926944,31.229667949651134,31.272064789017517,31.158027047834725,30.992625725878995,30.94964443648379,30.896317638290665,31.132912775119923,31.166919846970746,30.9003373194894,30.947146790763504,,"rgba(38, 166, 154, 1.0)",0.0,0.0,0.3995020211022285,30.970894021449872,1.1867423780286932,0.0,0.0,0.0,0.0,0.0,0.0,0.0,0.0,74.39445113667263,16.27219112812348,True,False,True,False,True,6.35683368498125,0,0.9818745528261389,0.9325065585499646,False,False,False,False,0.05382969157900543,0.03825280416756933,False,False,False,False,596294.0,423539.0345297846,False,False,False,False,11591.289008435726,False,False,False,False
2025-10-02 14:00:00+00:00,31.4,31.41,31.065,31.09,3499.0,,,31.207419314199154,31.15102488100931,31.238285373473733,31.428660771250044,31.360909816274777,31.231672507333283,30.94140711528539,30.783329956481243,,31.08321677917593,31.056097244726477,31.084175384097453,31.229441334217043,31.271656809856154,31.15809718354884,30.99298610559259,30.950060400242187,30.896783982692874,31.13365392161359,31.16696997696197,30.900799045907124,30.947245238464916,,"rgba(38, 166, 154, 1.0)",0.0,0.0,0.38573493676531523,30.97112351053507,0.3081818060396655,0.0,0.0,0.0,0.0,0.0,0.0,0.0,0.0,65.07378502189174,23.726049455181737,True,False,True,False,False,0.0,0,0.9681753889674684,0.9347006129184351,False,False,False,False,-0.03361580511984135,0.0023184995238639886,False,False,False,False,592795.0,426163.1580254468,False,False,False,False,11465.827163343698,False,False,False,False
2025-10-02 15:00:00+00:00,31.085,31.16,31.08,31.125,6088.0,,,31.20510618312324,31.150335109865868,31.237078571821137,31.426722578270024,31.35959221713922,31.231187232577938,30.94193135164735,30.78405939665483,,31.083996312404402,31.057205044097,31.08471379248254,31.228422977730524,31.270395922051424,31.157951081154312,30.993397072686577,30.950579167140457,30.897407117799137,31.133381341540545,31.16678619389741,30.90141344591954,30.947369025374297,,"rgba(38, 166, 154, 1.0)",0.0,0.0,0.3668152688225253,30.97119796272913,0.4192901723109157,0.0,0.0,0.0,0.0,0.0,0.0,0.0,0.0,59.633367992436874,18.8227863831749,True,False,True,False,False,0.3516486714094853,0,0.9655827201519107,0.9534773320674106,False,False,False,False,-0.09844963338739633,-0.04806556693176617,False,False,False,False,598883.0,428840.9850328042,False,False,False,False,11382.44999802054,False,False,False,False
2025-10-02 16:00:00+00:00,31.125,31.18,31.07,31.125,10115.0,,,31.20167005216064,31.14938328121015,31.235184144182682,31.423590488554556,31.357465093263908,31.23041461598774,30.942811671810514,30.785276304355282,,31.085332494633292,31.059056125272303,31.08565262584745,31.22682442722818,31.26839314158197,31.157732974599618,30.99409170107203,30.95145083870058,30.8984501105771,31.133076219406124,31.166506436074226,30.902442062438023,30.947578230841813,,"rgba(38, 166, 154, 1.0)",0.0,0.0,0.34209064443347303,30.971355994120085,0.44913244012960585,0.0,0.0,0.0,0.0,0.0,0.0,0.0,0.0,56.00642330613364,15.534737962639213,True,False,True,False,False,0.3516486714094853,0,0.9564700285442437,0.9576593720266416,False,False,False,False,-0.0966064859115906,-0.07233602642167838,False,False,False,False,598883.0,431477.2953423731,False,False,False,False,11362.79961045433,False,False,False,False
2025-10-02 17:00:00+00:00,31.125,31.225,31.095,31.225,5568.0,,,31.201208622989668,31.15003740268751,31.234690786111557,31.42221592839803,31.35659199080912,31.23022014919492,30.94344226063021,30.78605359400979,,31.08703009366953,31.06087168406356,31.08686871225838,31.226443453012276,31.267740483794594,31.157819863151992,30.99463512052431,30.952082420989907,30.89916276734141,31.134030832289515,31.166562102196803,30.903147398998644,30.947729896118435,,"rgba(38, 166, 154, 1.0)",0.0,0.0,0.3344540663864357,30.971691397532577,0.7573793471978469,0.0,0.0,0.0,0.0,1.0,31.22,31.18,0.0,55.90159022869443,15.276149216774925,True,False,True,False,False,2.1112302836114445,0,0.9534883720930233,0.9563360227812057,False,False,False,False,-0.08372205096478154,-0.07802903869322997,False,False,False,False,604451.0,434159.05820528197,False,False,False,False,11272.957756028682,False,False,False,False
2025-10-02 18:00:00+00:00,31.225,31.35,31.22,31.325,4948.0,,,31.203159586618277,31.152660345546614,31.235207917995467,31.421593572817855,31.356335997489772,31.230460759312333,30.944272913907287,30.78694472452378,,31.090288033977632,31.06395578776799,31.08922233594265,31.22697840844833,31.26794371460345,31.158271721641672,30.995414980005723,30.952924511268833,30.900053363267922,31.13685008710086,31.166990671875205,30.904032516346962,30.94793164115604,,"rgba(38, 166, 154, 1.0)",0.0,0.0,0.3300372214879215,30.972432484721498,1.068265917671363,0.0,0.0,0.0,0.0,1.0,31.315,31.225,0.0,57.784170230817466,15.276149216774925,True,False,True,False,False,3.8232211703967316,0,0.9643705463182899,0.9486935866983375,False,False,False,False,-0.03790197264566945,-0.057965505669449705,False,False,False,False,609399.0,436875.9565276807,False,False,False,False,11174.896395470098,False,False,False,False
2025-10-02 19:00:00+00:00,31.325,31.415,31.315,31.41,42886.0,,,31.229382488739517,31.182879194096955,31.244734285731813,31.419858050522453,31.357204176525972,31.234903247131694,30.952936603974436,30.795753511274697,,31.1244399991204,31.095933101180663,31.114805253641766,31.23624978455035,31.274044409970866,31.164284183393352,31.003788197776057,30.961741063935825,30.909158424053686,31.168330113197822,31.172830662698807,30.913096361615853,30.95007583673656,,"rgba(38, 166, 154, 1.0)",0.0,0.0,0.32710562528025994,30.981094600987984,1.3112137666374155,0.0,0.0,0.0,0.0,0.0,0.0,0.0,0.0,60.47762018829363,15.276149216774925,True,False,True,False,True,5.2442846402657075,0,0.9680952380952382,0.9461904761904765,False,False,False,False,-0.008672434362214959,-0.03331897001583233,False,False,False,False,652285.0,440215.6316202748,False,False,False,False,11666.541412594592,False,False,False,False
2025-10-03 14:00:00+00:00,31.64,31.77,31.56,31.715,5337.0,,31.681666666666672,31.237577528130576,31.19099580351634,31.24828272199523,31.42121049760085,31.35867882642713,31.23654886011208,30.954735323322343,30.7973880368266,,31.13249634285095,31.103216626747066,31.120944546923624,31.23958310839518,31.276787563667046,31.166024232693008,31.00561991493795,30.96358586329022,30.91097791784186,31.176469718487,31.174560852682557,30.91491343503445,30.950527374127233,,"rgba(38, 166, 154, 1.0)",0.0,0.0,0.33021148014798235,30.983277753437413,2.21592007108496,0.0,0.0,0.0,0.0,0.0,0.0,0.0,0.0,65.82088776751115,7.003449898310784,True,False,True,False,True,9.996200333561124,0,0.973170157684161,0.9348081901623916,False,False,False,False,0.1012155723569782,0.03394830117057293,False,False,False,False,657622.0,443586.27299050306,False,False,False,False,11568.408987593124,False,False,False,False
2025-10-03 15:00:00+00:00,31.715,31.79,31.685,31.78,10356.0,,31.72786051105588,31.255038399938776,31.208157523199798,31.256092280242864,31.424490041526912,31.362114288262777,31.240204458576176,30.958534044101505,30.800792264192815,,31.149392773573368,31.118494338174628,31.13392656237474,31.24691279379142,31.28290875148636,31.16982133436177,31.00951122903491,30.96748504092098,30.914802616347654,31.19363898480629,31.178343624941558,30.918734578176803,30.951485689659606,,"rgba(38, 166, 154, 1.0)",0.0,0.0,0.3352804124234739,30.98795379240522,2.3623396364544864,0.0,0.0,0.0,0.0,0.0,0.0,0.0,0.0,69.9277211032545,11.049275959721264,True,False,True,False,True,10.945118161504134,0,0.979294117647059,0.9329411764705887,False,False,False,False,0.12188198867119443,0.07791514492088368,False,False,False,False,667978.0,447065.21449452627,False,False,False,False,11549.611949025788,False,False,False,False
2025-10-03 16:00:00+00:00,31.785,31.815,31.74,31.74,3686.0,,31.734924660715205,31.26112969378022,31.214158784458764,31.258886997602822,31.42568860578095,31.36336397730699,31.241526696929284,30.959899977714116,30.80201498183906,,31.155314576363185,31.123870727088683,31.13851618737565,31.24953884826891,31.285110446867378,31.171191677275058,31.010911190329804,30.968887015915634,30.916177108749217,31.199645455202276,31.179709118930916,30.920107862512538,30.951831903252753,,"rgba(38, 166, 154, 1.0)",0.0,0.0,0.33957303610084616,30.98962664240584,2.2097554217211504,0.0,0.0,0.0,0.0,0.0,0.0,0.0,0.0,71.46901564466947,12.752534197163037,True,False,True,False,True,10.164445902594533,0,0.9799809342230698,0.9404194470924695,False,False,False,False,0.1371788098453245,0.10754697738310409,False,False,False,False,664292.0,450433.071634146,False,False,False,False,11427.695484699807,False,False,False,False
2025-10-03 17:00:00+00:00,31.745,31.765,31.595,31.665,3038.0,,31.726803541954766,31.265164420940707,31.218216235380257,31.26076191147134,31.426409792894976,31.364158655534315,31.242424980565147,30.960896844082725,30.802926449201273,,31.15940241313241,31.12762251013573,31.14171280651207,31.25130888654262,31.28657252426952,31.172145914434083,31.01192389737175,30.969908612138575,30.917186866383982,31.203728762919432,31.18065746406059,30.921116164771515,30.952085473508525,,"rgba(38, 166, 154, 1.0)",0.0,0.0,0.343896040230745,30.990802638559398,1.960468521208424,0.0,0.0,0.0,0.0,0.0,0.0,0.0,0.0,70.30117359039036,12.752534197163037,True,False,True,False,True,8.709662553546135,0,0.9737845567206865,0.9437559580552912,False,False,False,False,0.09999000123627409,0.1037684893096891,False,False,False,False,661254.0,453701.61315919796,False,False,False,False,11297.622686487406,False,False,False,False
2025-10-03 18:00:00+00:00,31.665,31.835,31.645,31.825,9703.0,,31.73934910751349,31.28035820169378,31.23326259457204,31.26796270086809,31.429539899131417,31.36742384404076,31.245882896978998,30.96447589149292,30.80613506092611,,31.174325660124147,31.141256508888933,31.15341507142499,31.25808872632359,31.292274270254833,31.17573077912219,31.01559015313862,30.97358105564947,30.920788980095065,31.218805332870986,31.184229488428326,30.92471506721736,30.95299856285463,,"rgba(38, 166, 154, 1.0)",0.0,0.0,0.35135006028854543,30.995138029904474,2.3619235170018267,0.0,0.0,0.0,0.0,0.0,0.0,0.0,0.0,71.39058027015935,13.450668321263471,True,False,True,False,True,11.086319333476208,0,0.9710351377018046,0.9430199430199435,False,False,False,False,0.12283630602871073,0.11330239766919992,False,False,False,False,670957.0,457069.9137303732,False,False,False,False,11272.899854138765,False,False,False,False
2025-10-03 19:00:00+00:00,31.825,31.96,31.795,31.96,25667.0,,31.81292554265377,31.326562026595653,31.278584470444734,31.291004542369212,31.440781334151318,31.3786715786293,31.257150910374175,30.975376115721534,30.815711821819598,,31.218810155206082,31.181956533775153,31.188796147701986,31.27977639151751,31.31087472265194,31.18714886826544,31.026849260793494,30.984777575141916,30.93168519167915,31.264077643200107,31.19563501604787,30.93560797552857,30.95580732315467,,"rgba(38, 166, 154, 1.0)",0.0,0.0,0.36184072699408965,31.008557636631792,2.629450728977088,0.0,0.0,0.0,0.0,0.0,0.0,0.0,0.0,73.3714581061642,15.833318967259544,True,False,True,False,True,13.000111862220699,0,0.9772942289498583,0.9370860927152321,False,False,False,False,0.1757180738336576,0.14451023575142874,False,False,False,False,696624.0,460783.9305717628,False,False,False,False,11496.06419748545,False,False,False,False
2025-10-06 14:00:00+00:00,32.05,32.35,31.96,32.325,10366.0,,31.87357365046293,31.352236042514885,31.30333524399782,31.304259869357658,31.44807265624049,31.385651478445396,31.26369600252247,30.98113573964323,30.820607984875057,,31.2426365416848,31.203651076261014,31.207880191768997,31.29222521344115,31.321784750636965,31.193586462978093,31.03287589537649,30.990705136361505,30.937382760718904,31.28867118008088,31.202087026287046,30.941309009438076,30.957301964502392,,"rgba(38, 166, 154, 1.0)",0.0,0.0,0.38367826236171976,31.015900642010592,3.4119716606598702,0.0,0.0,0.0,0.0,0.0,0.0,0.0,0.0,76.97560056250234,19.63570734191444,True,False,True,False,True,17.731110353271003,0,0.9876312718786466,0.9183197199533261,False,False,False,False,0.28582817599432614,0.21516920587287744,False,False,False,False,706990.0,464601.0789349912,False,False,False,False,11478.543822330637,False,False,False,False
2025-10-06 15:00:00+00:00,32.33,32.425,32.305,32.385,5408.0,,31.910192062823143,31.367433096362365,31.317917727797024,31.312217718125485,31.452607740252727,31.389943100253486,31.267645442922806,30.98450725721497,30.823440969725546,,31.256596984052944,31.216349858603728,31.21909887042407,31.29969609440355,31.32837697176998,31.197435774894327,31.036419217770725,30.994177174731178,30.94070582803632,31.30313929991847,31.20594897655141,30.94463516084365,30.95817959823907,,"rgba(38, 166, 154, 1.0)",0.0,0.0,0.40552255244368357,31.020243826526144,3.36542607864795,0.0,0.0,0.0,0.0,0.0,0.0,0.0,0.0,79.65743205439833,22.46982880116707,True,False,True,False,True,18.454861863882886,0,1.0039766081871346,0.9174269005847959,False,False,False,False,0.3428282138869361,0.27899870987990677,False,False,False,False,712398.0,468442.89166468126,False,False,False,False,11384.42686384489,False,False,False,False
2025-10-06 16:00:00+00:00,32.385,32.385,32.295,32.34,7163.0,,31.94833083510893,31.38626472326744,31.336068202102332,31.322267522760608,31.458341807010058,31.395388743961735,31.272684605204347,30.98884643808946,30.82710099621232,,31.27405467684377,31.232301061800865,31.233230230388788,31.309146014732598,31.3367209149687,31.20235924895881,31.0409730224359,30.998644064537352,30.944986782463914,31.321167260961268,31.210887219681464,30.94891973660108,30.959314360740727,,"rgba(38, 166, 154, 1.0)",0.0,0.0,0.42363380838113385,31.02577426769359,3.1022682947061573,0.0,0.0,0.0,0.0,0.0,0.0,0.0,0.0,80.23366917651973,23.373411920313828,True,False,True,False,True,17.559646360667234,0,1.0161366872330329,0.918130042714761,False,False,False,False,0.332729521135407,0.3058641155076569,False,False,False,False,705235.0,472114.0871427482,False,False,False,False,11318.978385335666,False,False,False,False
2025-10-06 17:00:00+00:00,32.335,32.425,32.335,32.42,13353.0,,32.011493120883245,31.421348921223057,31.369946821913395,31.341441468194112,31.469470356709486,31.405939267667065,31.28241623305579,30.997178033727504,30.834115799818544,,31.30669582277743,31.26223384098936,31.25986865523805,31.327199601612335,31.3527211164008,31.211850042252713,31.04972273461486,31.007220362765906,30.95320009127896,31.354827638094065,31.22040846957629,30.957140585731153,30.96150629655258,,"rgba(38, 166, 154, 1.0)",0.0,0.0,0.4439727692322126,31.036338567645668,3.1165457168627215,0.0,0.0,0.0,0.0,0.0,0.0,0.0,0.0,81.1065745850142,24.64293851630333,True,False,True,False,True,18.540744027539834,0,1.017560512577124,0.9041290934978647,False,False,False,False,0.342828214216883,0.32434616486226997,False,False,False,False,718588.0,475935.3881172792,False,False,False,False,11350.51360416767,False,False,False,False
2025-10-06 18:00:00+00:00,32.42,32.455,32.385,32.415,11042.0,,32.054228778812586,31.449266335472814,31.397009705711593,31.357150678977522,31.478718396729647,31.414713431679957,31.290515095026336,31.004115417516772,30.839961513531172,,31.332872247410013,31.28636650925621,31.28145576715916,31.342020232710613,31.36589983834356,31.219748420066157,31.05700611133094,31.014359575109864,30.96003857584704,31.381738937471727,31.228332185184605,30.963985410256303,30.963345379115154,,"rgba(38, 166, 154, 1.0)",0.0,0.0,0.4627219506393697,31.045047494867323,2.960638679966952,0.0,0.0,0.0,0.0,0.0,0.0,0.0,0.0,81.53639134362889,25.542156601801793,True,False,True,False,True,18.43896059842209,0,1.0199762187871582,0.9036860879904881,False,False,False,False,0.3428282150710345,0.33358718996665226,False,False,False,False,707546.0,479526.2503170113,False,False,False,False,11345.730447513908,False,False,False,False
2025-10-06 19:00:00+00:00,32.415,32.415,32.275,32.285,22754.0,,32.10241039938064,31.49704183399866,31.44388000387709,31.385395407983314,31.495380700828367,31.430685329512695,31.30549390112623,31.017270156283452,30.851168288067548,,31.378786375580663,31.329200831804812,31.320045190651786,31.368784448871896,31.389735037218095,31.234460297050628,31.070760564754504,31.027882722171054,30.9730419475458,31.428486778387146,31.24307922228762,30.97699775133916,30.966878365081616,,"rgba(38, 166, 154, 1.0)",0.0,0.0,0.4762542284221629,31.061107249171794,2.569830728606813,0.0,0.0,0.0,0.0,0.0,0.0,0.0,0.0,78.01192937964353,25.542156601801793,True,False,True,False,False,15.817208177665385,0,1.01661918328585,0.9033713200379871,False,False,False,False,0.3131668261413886,0.3233770080540204,False,False,False,False,684792.0,482708.6650407786,False,False,False,False,11522.602843676483,False,False,False,False
2025-10-07 14:00:00+00:00,32.335,32.485,32.275,32.47,17956.0,,32.14028406558366,31.53472351648082,31.480910840012946,31.408460209087362,31.509373884520695,31.444059917729895,31.317971722616807,31.028130317907348,30.86039645347445,,31.415119399880695,31.36326654823927,31.350949976971563,31.39068574862561,31.409358922035953,31.246679925637068,31.08212726671422,31.039045418800374,30.98376402227525,31.465428434483805,31.255332114275642,30.987728426076647,30.969827138574654,,"rgba(38, 166, 154, 1.0)",0.0,0.0,0.49438575958372705,31.074269093180675,2.8231616298870135,0.0,0.0,0.0,0.0,0.0,0.0,0.0,0.0,77.42160234885324,25.542156601801793,True,False,True,False,False,18.13416222839909,0,1.015625,0.9034090909090914,False,False,False,False,0.32693955847128253,0.3251582832626515,False,False,False,False,702748.0,486120.12759828585,False,False,False,False,11622.345435247391,False,False,False,False
2025-10-07 15:00:00+00:00,32.475,32.495,32.35,32.365,10326.0,,32.157678620601324,31.554862559043066,31.500804561210767,31.421174659615364,31.517170608797688,31.451535164740893,31.324977482897815,31.034269571961765,30.865631382853294,,31.434744633220372,31.38178287650528,31.367834522734842,31.402788615900658,31.42023299847296,31.253553111086813,31.088544602153576,31.045352673003624,30.989829350391958,31.485298616069347,31.262222563876016,30.993798284512295,30.971509621055738,,"rgba(38, 166, 154, 1.0)",0.0,0.0,0.5085248228900876,31.08161332013254,2.523744411479502,0.0,0.0,0.0,0.0,0.0,0.0,0.0,0.0,74.38526165100741,29.793721492833598,True,False,True,False,False,16.069326098943087,0,1.013951288720738,0.9068337668479551,False,False,False,False,0.3428282145415007,0.3339932489020761,False,False,False,False,692422.0,489318.60624017287,False,False,False,False,11602.247056406346,False,False,False,False
2025-10-07 16:00:00+00:00,32.365,32.395,32.205,32.255,13070.0,,32.16751221746196,31.575678715577784,31.52164263209863,31.434925534648798,31.52555428621234,31.459675668007545,31.332757345274345,31.041297201638276,30.871700706211776,,31.455593139572404,31.40168738885779,31.386089254233347,31.415935576998724,31.432044014674457,31.26125311385021,31.095855358864018,31.052564445014177,30.996796029360027,31.506183011838104,31.2699341355824,31.000768134192,30.973458014419,,"rgba(38, 166, 154, 1.0)",0.0,0.0,0.5195367825942335,31.089797553097764,2.2427718035361517,0.0,0.0,0.0,0.0,0.0,0.0,0.0,0.0,69.87492073625806,25.45109762280545,True,False,True,False,False,13.960925261618478,0,1.0099478919943154,0.9135480814779728,False,False,False,False,0.2947204696460685,0.3143568592740723,False,False,False,False,679352.0,492264.8604069919,False,False,False,False,11625.002915996945,False,False,False,False
2025-10-07 17:00:00+00:00,32.255,32.305,32.195,32.22,14288.0,,32.17315598894901,31.595757667424678,31.54192102852453,31.4486958439727,31.533981456867988,31.46791937377275,31.34072406103683,31.048615212619737,30.878067145885485,,31.47607053329338,31.421408104643174,31.40427319205297,31.42914523720038,31.443930002107283,31.269175944873886,31.103447272529127,31.060068508277674,31.004063625275826,31.526551215254162,31.277864512885532,31.008037934916132,30.97550852259883,,"rgba(38, 166, 154, 1.0)",0.0,0.0,0.5275683637011205,31.098167377337127,2.1264213320008998,0.0,0.0,0.0,0.0,0.0,0.0,0.0,0.0,66.10508837819295,21.942540333706503,True,False,True,False,False,13.297216799040243,0,1.0014241633040588,0.9223830999287922,False,False,False,False,0.27547065443155894,0.2949137568528156,False,False,False,False,665064.0,494943.91683479043,False,False,False,False,11666.289692493117,False,False,False,False
2025-10-07 18:00:00+00:00,32.225,32.27,32.15,32.15,19773.0,,32.1747943537676,31.619615538201842,31.566286743408078,31.465837192467905,31.544517992006554,31.4783241014153,31.35092076846817,31.058177482403835,30.88646060176803,,31.50096349955651,31.445640726360466,31.426765527971295,31.44565741931802,31.45881591317384,31.279377107914186,31.11333399752852,31.069864717229095,31.013580877601992,31.551092868879795,31.288068439733763,31.017556315167283,30.978223495925526,,"rgba(38, 166, 154, 1.0)",0.0,0.0,0.533593182756849,31.108870908559503,1.9511664037037069,0.0,0.0,0.0,0.0,0.0,0.0,0.0,0.0,62.06871723397714,18.24352426983009,False,False,True,False,False,11.972977950568993,0,1.0061845861084682,0.9174595623215989,False,False,False,False,0.26021354528932217,0.2775636510710689,False,False,False,False,645291.0,497274.8793644836,False,False,False,False,11791.975123617254,False,False,False,False
2025-10-07 19:00:00+00:00,32.15,32.23,32.09,32.13,58291.0,,32.169269067999096,31.675747088873106,31.624527880527584,31.509498584965048,31.571890870627623,31.5056935738421,31.378237197212314,31.084493132621848,30.90985070371247,,31.56145949662605,31.505541003585066,31.48304959482775,31.48801029297534,31.49721283340544,31.3069114782157,31.14041553076834,31.096783324917993,31.039844991667962,31.60998181028946,31.3155865262506,31.043817554284193,30.985895204790545,,"rgba(38, 166, 154, 1.0)",0.0,0.0,0.5392058474700041,31.137391095350573,1.840871921747192,0.0,0.0,0.0,0.0,0.0,0.0,0.0,0.0,58.93746138082477,15.39430897197606,False,True,True,False,False,11.594348198150499,0,1.0068916349809889,0.9137357414448675,False,False,False,False,0.23954767286506634,0.2585556619680676,False,False,False,False,587000.0,498665.9665061195,False,False,False,False,12512.890237979776,False,False,False,False
2025-10-08 14:00:00+00:00,32.205,32.515,32.205,32.5,7088.0,,32.17553216211019,31.6850336483968,31.633903477247618,31.516406977927407,31.576454710681496,31.510135733287136,31.38249444836065,31.0883568180316,30.913212392145336,,31.57093164133732,31.514764046685265,31.49170784448315,31.494678519359024,31.503314967256284,31.311124525732072,31.144425112485585,31.100740772551212,31.04367535097345,31.619394663235052,31.319805837743463,31.047649732266404,30.98702538617658,,"rgba(38, 166, 154, 1.0)",0.0,0.0,0.5535473074828572,31.14171121367442,2.4537898892546695,0.0,0.0,0.0,0.0,0.0,0.0,0.0,0.0,62.17228851279679,15.39430897197606,False,False,True,False,True,16.409431056273455,0,1.0084705882352942,0.9004705882352947,False,False,False,False,0.31763423508254385,0.2880949485253057,False,False,False,False,594088.0,500145.37787811767,False,False,False,False,12428.783412584742,False,False,False,False
2025-10-08 15:00:00+00:00,32.5,32.6,32.465,32.515,4684.0,,32.181549063651225,31.692041260118152,31.640919933667224,31.521521735840818,31.579875355709326,31.51343702109022,31.385615873424495,31.091128995755568,30.915603475996264,,31.577957692983777,31.521562235851185,31.498079793724546,31.499605114704778,31.50783246314255,31.314194010399817,31.14731145932665,31.10358200308695,31.046416646836054,31.626423568497845,31.322882124935052,31.05039293538096,30.987834311463747,,"rgba(38, 166, 154, 1.0)",0.0,0.0,0.5676946822475541,31.23148475331782,2.2609252593324105,0.0,0.0,0.0,0.0,0.0,0.0,0.0,0.0,64.48724537694387,15.39430897197606,False,False,True,False,True,16.592917829632803,0,1.0150659133709987,0.9006591337099816,False,False,False,False,0.34282821608899977,0.3154615823071527,False,False,False,False,598772.0,501674.472794736,False,False,False,False,12308.70925114932,False,False,False,False
2025-10-08 16:00:00+00:00,32.515,32.555,32.36,32.4,3749.0,,32.18502322884563,31.69698175027811,31.64590464828295,31.525221844007667,31.58234171069924,31.515834898523135,31.38790951013837,31.093204058312093,30.917407510053465,,31.582990526878046,31.52646549645699,31.502690398895727,31.503178290284154,31.51110855772984,31.316461458020044,31.14946558720851,31.10570728413854,31.04847294947516,31.631427044652686,31.325153211468717,31.05245029377344,30.988444019989338,,"rgba(38, 166, 154, 1.0)",0.0,0.0,0.5793515324896424,31.23177371577135,2.0164377216858984,0.0,0.0,0.0,0.0,0.0,0.0,0.0,0.0,63.367277672093905,15.39430897197606,False,False,True,False,True,14.4025972203573,0,1.0042553191489365,0.9104018912529556,False,False,False,False,0.314345825967277,0.31490370413721486,False,False,False,False,595023.0,503121.73678241443,False,False,False,False,12176.000580588865,False,False,False,False
2025-10-08 17:00:00+00:00,32.4,32.41,32.265,32.29,3549.0,,32.18675119159181,31.700872198210426,31.649880028665365,31.528253113130823,31.584347027102208,31.517807795015557,31.3898314618797,31.094992675654726,30.918980670030553,,31.587058432254892,31.530471379945663,31.506474506776307,31.506116991697937,31.51380114186622,31.318377186434837,31.151314196435596,31.107537370166543,31.050251031936835,31.635430438070074,31.32707020467072,31.05422880401974,30.988974324460383,,"rgba(38, 166, 154, 1.0)",0.0,0.0,0.5877760957529982,31.23121828559484,1.801335103716252,0.0,0.0,0.0,0.0,0.0,0.0,0.0,0.0,60.36642355668795,15.39430897197606,False,True,True,False,False,12.363469459758551,0,0.9976398395090871,0.9176303988671237,False,False,False,False,0.269760856423546,0.29233228028038044,False,False,False,False,591474.0,504491.5393129196,False,False,False,False,12042.24863360299,False,False,False,False
2025-10-08 18:00:00+00:00,32.27,32.325,32.235,32.265,8605.0,,32.18937651828394,31.709412694653416,31.658671110290324,31.535081179779258,31.588859405691007,31.522276076362733,31.394227053906754,31.099143693719117,30.92265398632278,,31.59612311622553,31.53945549150132,31.514988963964544,31.512752645908595,31.51988311065675,31.322777287199226,31.15559450726908,31.11178218117418,31.05438418301332,31.64429987757204,31.331471064179745,31.05836238851241,30.990213401985287,,"rgba(38, 166, 154, 1.0)",0.0,0.0,0.5954977326148677,31.232157236048344,1.7344193057064703,0.0,0.0,0.0,0.0,0.0,0.0,0.0,0.0,57.86735837734418,14.550266949457438,False,True,True,False,False,11.903790875782004,0,0.9981136524404626,0.9179438811601041,False,False,False,False,0.24877258105704514,0.2705524306687128,False,False,False,False,582869.0,505706.6937421767,False,False,False,False,11988.95795711302,False,False,False,False
2025-10-08 19:00:00+00:00,32.265,32.58,32.245,32.57,26612.0,,32.21259819627013,31.742644370293966,31.69227803967631,31.560654398989207,31.60621175868199,31.53917235875296,31.41042263347307,31.1138431853874,30.935467779643286,,31.63014352862014,31.572752537098342,31.546460866083244,31.537507508812922,31.542673788909173,31.33879738124965,31.170840123571843,31.126829306067986,31.06895421481711,31.67805050792261,31.347515683128027,31.07293969335566,30.99459479801924,,"rgba(38, 166, 154, 1.0)",0.0,0.0,0.6093725025358017,31.25062378549387,2.165139071775909,0.0,0.0,0.0,0.0,0.0,0.0,0.0,0.0,60.507105836803326,14.550266949457438,False,True,True,False,False,15.78267610963394,0,0.9969732246798606,0.9084982537834697,False,False,False,False,0.29749310193659884,0.2840227663026558,False,False,False,False,609481.0,507315.59771516616,False,False,False,False,12215.671787235298,False,True,False,False
2025-10-09 14:00:00+00:00,32.27,32.3,31.875,32.06,6645.0,,32.209831792807854,31.746290890781893,31.696254413090582,31.564184980829694,31.60853510215386,31.541574526217673,31.41293566449483,31.116428105108987,30.937833745660857,,31.63448298538662,31.577253780976672,31.550824432633085,31.54099550209269,31.545879843215666,31.341378290505634,31.17347082096028,31.129463876151167,31.07155081382883,31.682119107274133,31.350089579367058,31.075534626933976,30.995398145182676,,"rgba(38, 166, 154, 1.0)",0.0,0.0,0.6134175422018674,31.25101258022188,1.3188201577578893,0.0,0.0,0.0,0.0,0.0,0.0,0.0,0.0,54.80707130445608,11.752999253816235,False,True,True,False,False,7.1641986902904975,0,0.9665309814563549,0.9129353233830849,False,False,False,False,0.17993783335975716,0.2319802998312065,False,False,False,False,602836.0,508796.5341846985,False,False,False,False,12129.304782782037,False,False,False,False
2025-10-09 15:00:00+00:00,32.06,32.125,31.975,32.065,3473.0,,32.208182220695214,31.748033669053974,31.698175302463582,31.565928264863995,31.609680459805766,31.542767310532668,31.41419579232063,31.1177409659582,30.93904120167222,,31.636600247420084,31.57946653357178,31.552977053080703,31.542722268115295,31.547467496570743,31.342677561868168,31.174804393070335,31.130801316031093,31.072871284557717,31.684089518500077,31.351384750181232,31.076854109161843,30.99580850330312,,"rgba(38, 166, 154, 1.0)",0.0,0.0,0.6173621595432738,31.25129149806715,1.3180407793941098,0.0,0.0,0.0,0.0,0.0,0.0,0.0,0.0,51.07756339486086,8.30280451188547,False,True,False,False,False,7.228563429129622,0,0.9757973309206065,0.9203800045238637,False,False,False,False,0.1667417301805839,0.1993610150058952,False,False,False,False,606309.0,510308.3553601295,False,False,False,False,11995.098507079989,False,False,False,False
2025-10-09 16:00:00+00:00,32.06,32.085,31.835,31.855,8272.0,,32.20117412706106,31.75038161663987,31.70103163137409,31.568940429565355,31.61159544249486,31.544870709153795,31.41657247309384,31.12042152454968,30.94157283876733,,31.640017794630904,31.583236753623797,31.55672218368423,31.545756789012188,31.550250935478356,31.345191889344566,31.177497775630812,31.13352541955886,31.07558773086632,31.68708396255663,31.35388407746019,31.07956679500882,30.996664813028573,,"rgba(239, 83, 80, 1.0)",0.0,0.0,0.6183436535404665,31.250981736608708,0.9768326397996477,0.0,0.0,0.0,0.0,-1.0,31.975,31.93,839.0,46.40871658921793,3.9905931694310937,False,True,False,True,False,4.01546260339553,0,0.9713447653429605,0.9223826714801447,False,False,False,False,0.13529556674894333,0.16732829087741927,False,False,False,False,598037.0,511668.4893855538,False,False,False,False,11937.37604960588,False,False,False,False
2025-10-09 17:00:00+00:00,31.855,31.93,31.825,31.855,7277.0,,32.19411780092193,31.75176167630872,31.702882947110176,31.5711458864989,31.61296866807172,31.546437079147836,31.41842085671407,31.12260478001338,30.94366527618149,,31.642390543581712,31.585963175635946,31.559472227013934,31.548005334398113,31.55231142679697,31.34717777485423,31.179678079575098,31.135740990085033,31.07780933918135,31.689062439925866,31.35585482075623,31.081784561031753,30.997372264267433,,"rgba(239, 83, 80, 1.0)",0.0,0.0,0.6202445972036023,31.250727055021123,0.9742494295045313,0.0,0.0,0.0,0.0,0.0,0.0,0.0,0.0,43.29615205212265,1.114256719277492,False,True,False,True,False,4.01546260339553,0,0.9744112318840582,0.9250452898550728,False,False,False,False,0.10670323033636282,0.13701576060689105,False,False,False,False,598037.0,513007.53606174677,False,False,False,False,11865.122157363929,False,False,False,False
2025-10-09 18:00:00+00:00,31.855,31.905,31.775,31.805,4411.0,,32.18945379572299,31.75229344904279,31.703710616662015,31.57228287581306,31.61366018707444,31.547257895193123,31.419431244856668,31.123848560508364,30.94487219143115,,31.64354616094512,31.587351969318473,31.560895269270333,31.549178772476566,31.553385407891646,31.348278880157356,31.180913647005042,31.13700165294735,31.07907943137142,31.689969604833284,31.35694587290427,31.08305208280409,30.997780083513852,,"rgba(239, 83, 80, 1.0)",0.0,0.0,0.6213174392854741,31.25055219287629,0.892374448335673,0.0,0.0,0.0,0.0,0.0,0.0,0.0,0.0,40.6863456919971,-1.3961072158790273,False,True,False,True,False,3.2573644710271985,0,0.9702813067150636,0.9271778584392016,False,False,False,False,0.09376670497157223,0.11539123278923163,False,False,False,False,593626.0,514257.4347274561,False,False,False,False,11749.554371978442,False,False,False,False
2025-10-09 19:00:00+00:00,31.805,31.975,31.775,31.94,13374.0,,32.17855604815817,31.75527072591056,31.707494745475717,31.576573371349674,31.616388804982204,31.550315612331737,31.422971384748045,31.12795620741102,30.948792959621155,,31.64822759462826,31.59263402602653,31.56619853827482,31.553533694798606,31.557387932269553,31.35205766723634,31.185023620138256,31.141171090369216,31.08325298882489,31.69397265524122,31.360698425290863,31.087218956173086,30.99911566514507,,"rgba(239, 83, 80, 1.0)",0.0,0.0,0.6234381349484537,31.251696348691873,1.104044832555901,0.0,0.0,0.0,0.0,1.0,32.01,31.905,841.0,41.44561808747857,-1.3961072158790273,False,True,False,True,False,5.104920556543263,0,0.9721530450532038,0.9216662893366541,False,False,False,False,0.10583973499037008,0.11061548388980086,False,False,False,False,607000.0,515695.3039564878,False,False,False,False,11774.739575513659,False,False,False,False
2025-10-10 14:00:00+00:00,32.29,32.34,32.01,32.035,4551.0,32.12833333333333,32.177927896731504,31.757870423537312,31.71028458967646,31.579045628855116,31.618062946734174,31.552031776435435,31.424747415201857,31.12976230118541,30.950444077057032,,31.651230276086682,31.59572896963326,31.569203632114938,31.55597462043559,31.559644270925602,31.353873638555886,31.18686323894133,31.143011349679718,31.08506522061349,31.69681646180876,31.362510314115468,31.089030210045212,30.999686314321384,,"rgba(239, 83, 80, 1.0)",0.0,0.0,0.6259610628882201,31.253320476150133,1.2487670083553593,0.0,0.0,0.0,0.0,0.0,0.0,0.0,0.0,43.55314457953284,-1.3961072158790273,False,True,False,True,False,6.373953927885182,0,0.9787424479749387,0.9066905347952563,False,False,False,False,0.21097990641970285,0.16079769515475184,False,False,False,False,611551.0,517181.4387788678,False,False,False,False,11662.743613102593,False,False,False,False
2025-10-10 15:00:00+00:00,32.03,32.08,31.595,31.77,4416.0,31.974025315044045,32.17357610859041,31.758254128675237,31.71095387688956,31.580067061329597,31.618685882237774,31.552787205636456,31.425698559963205,31.130960640654163,30.951616788011393,,31.652218147867867,31.596951352577353,31.570472067286097,31.55703757997593,31.560619744107004,31.354917999170528,31.188049632892557,31.144224709955626,31.086291361040576,31.697562529900928,31.363544299026795,31.090253668251076,31.00008591441732,,"rgba(239, 83, 80, 1.0)",0.0,0.0,0.6255338764851417,31.304435037397393,0.7442681845124094,0.0,0.0,0.0,0.0,-1.0,32.01,31.875,849.0,41.62932123106518,-1.3961072158790273,False,True,False,True,False,2.375202295929718,0,0.9597005064963668,0.9200616604272188,False,False,False,False,0.09290542891532874,0.12685156203504028,False,False,False,False,607135.0,518576.0676350094,False,False,False,False,11550.390998945964,False,False,False,False
2025-10-10 16:00:00+00:00,31.77,31.875,31.64,31.69,3370.0,31.90873267406987,32.169599276744705,31.75813554709861,31.711070594041754,31.580577206611547,31.6189659749713,31.553185788990728,31.426272777687494,31.131765695526166,30.952426860093777,,31.652597470140964,31.597536163292734,31.571117463373444,31.55759315871141,31.561126622355406,31.35557377998998,31.188836856191017,31.145037639626757,31.087121881438154,31.69774202046182,31.364190930294864,31.091081805124933,31.0003606885539,,"rgba(239, 83, 80, 1.0)",0.0,0.0,0.6243523635526429,31.302591869807735,0.6204959776044826,0.0,0.0,0.0,0.0,0.0,0.0,0.0,0.0,39.51185850201613,-3.4406491209186,False,True,False,True,False,1.2213932697925713,0,0.9572553430821151,0.9433070866141732,False,False,False,False,0.06541005222204871,0.0961308071285445,False,False,False,False,603765.0,519896.8262763271,False,False,False,False,11423.563231520446,False,False,False,False
2025-10-10 17:00:00+00:00,31.685,31.835,31.615,31.785,2821.0,31.87826098429872,32.16640067134167,31.75807971440308,31.711207896410404,31.581029156135322,31.619219520433735,31.553536379166612,31.426767330412282,31.1324490965331,30.953112326496196,,31.652950545662392,31.598057243447695,31.571686567972275,31.55808163385987,31.561572938849917,31.356135413466095,31.18950612791729,31.145727923742868,31.087826175560263,31.697930925684236,31.36474504253432,31.09178413824648,31.00059367063645,,"rgba(239, 83, 80, 1.0)",0.0,0.0,0.6222984857809819,31.302088273196734,0.7760130192141059,0.0,0.0,0.0,0.0,0.0,0.0,0.0,0.0,39.85551464923793,-3.4956463667692077,False,True,False,True,False,2.5308550125988774,0,0.9459459459459464,0.9524774774774774,False,False,False,False,0.05427053331396947,0.07520067022125698,False,False,False,False,606586.0,521240.84447359334,False,False,False,False,11290.19015816354,False,False,False,False
2025-10-10 18:00:00+00:00,31.785,31.845,31.715,31.725,8024.0,31.83790412101343,32.1579102069379,31.75812256281231,31.711782086809016,31.582430489355705,31.620029980512495,31.554612819841818,31.428238907538333,31.13443731169975,30.95509648708062,,31.65411942813064,31.599685308947105,31.573438865030386,31.559579878690055,31.562944948766013,31.357792182797517,31.19145786817942,31.147737064129327,31.089871833967198,31.698647447905195,31.366381065097272,31.093824379276498,31.001270383422387,,"rgba(239, 83, 80, 1.0)",0.0,0.0,0.618067629466624,31.302057819896316,0.6842975751192043,0.0,0.0,0.0,0.0,0.0,0.0,0.0,0.0,39.346070583312745,-4.4752377570279265,False,True,False,True,False,1.6540579520592011,0,0.9472854246451908,0.9502140121649021,False,False,False,False,0.07313136815884894,0.07416601919005296,False,False,False,False,598562.0,522439.6220786539,False,False,False,False,11239.551551060229,False,False,False,False
2025-10-10 19:00:00+00:00,31.725,31.82,31.685,31.705,29792.0,31.780969280527554,32.127471225755336,31.757211355063834,31.71279084334113,31.586748623429603,31.622442901415674,31.558042888601072,31.4331900196241,31.14142072464739,30.962153246183586,,31.657288181528063,31.604565956546015,31.578843653397584,31.564289916246477,31.567257840414253,31.363453319256685,31.19827669748033,31.15478426616475,31.09708097447218,31.700170795793255,31.371962349746823,31.101012452558827,31.003690168857236,,"rgba(239, 83, 80, 1.0)",0.0,0.0,0.612552796032983,31.302356298671253,0.6573208120775033,0.0,0.0,0.0,0.0,-1.0,31.715,31.705,847.0,38.749878994470826,-5.559852140945495,False,True,False,True,False,1.3603302016936567,0,0.9459945994599465,0.9502700270027001,False,False,False,False,0.0636952936198575,0.06893065640495523,False,False,False,False,568770.0,523157.922511543,False,False,False,False,11527.186410733713,False,False,False,False
2025-10-13 14:00:00+00:00,31.705,31.705,31.705,31.705,0.0,31.780969280527554,32.127471225755336,31.757211355063834,31.71279084334113,31.586748623429603,31.622442901415674,31.558042888601072,31.4331900196241,31.14142072464739,30.962153246183586,,31.657288181528063,31.604565956546015,31.578843653397584,31.564289916246477,31.567257840414253,31.363453319256685,31.19827669748033,31.15478426616475,31.09708097447218,31.700170795793255,31.371962349746823,31.101012452558827,31.003690168857236,,"rgba(239, 83, 80, 1.0)",0.0,0.0,0.6092515567968264,31.302356298671253,0.6608825153367962,0.0,0.0,0.0,0.0,0.0,0.0,0.0,0.0,38.35241793524288,-6.457768437682397,False,True,False,True,False,1.3603302016936567,0,0.9446952595936798,0.9555304740406322,False,False,False,False,0.047422302118881404,0.05817647926191832,False,False,False,False,568770.0,523865.08650361205,False,False,False,False,11348.470342350245,False,False,False,False
2025-10-13 15:00:00+00:00,31.705,31.705,31.705,31.705,0.0,31.780969280527554,32.127471225755336,31.757211355063834,31.71279084334113,31.586748623429603,31.622442901415674,31.558042888601072,31.4331900196241,31.14142072464739,30.962153246183586,,31.657288181528063,31.604565956546015,31.578843653397584,31.564289916246477,31.567257840414253,31.363453319256685,31.19827669748033,31.15478426616475,31.09708097447218,31.700170795793255,31.371962349746823,31.101012452558827,31.003690168857236,,"rgba(239, 83, 80, 1.0)",0.0,0.0,0.6062096684828271,31.302356298671253,0.6641987455205886,0.0,0.0,0.0,0.0,0.0,0.0,0.0,0.0,38.08744389575759,-7.224128970307888,False,True,False,True,False,1.3603302016936567,1,0.9427272727272731,0.9604545454545454,False,False,False,False,0.047422302118881404,0.052799390690399864,False,False,False,False,568770.0,524561.2867128584,False,False,False,False,11172.52506572466,False,False,False,False
2025-10-13 16:00:00+00:00,31.705,31.705,31.705,31.705,0.0,31.780969280527554,32.127471225755336,31.757211355063834,31.71279084334113,31.586748623429603,31.622442901415674,31.558042888601072,31.4331900196241,31.14142072464739,30.962153246183586,,31.657288181528063,31.604565956546015,31.578843653397584,31.564289916246477,31.567257840414253,31.363453319256685,31.19827669748033,31.15478426616475,31.09708097447218,31.700170795793255,31.371962349746823,31.101012452558827,31.003690168857236,,"rgba(239, 83, 80, 1.0)",0.0,0.0,0.6028052439735898,31.302356298671253,0.6679498981704053,0.0,0.0,0.0,0.0,0.0,0.0,0.0,0.0,37.91079453610072,-7.891537834966179,False,True,False,True,False,1.3603302016936567,0,0.9450675211718933,0.9592584115358206,False,False,False,False,0.047422302118881404,0.050110846404640634,False,False,False,False,568770.0,525246.6931204109,False,False,False,False,10999.307622845206,False,False,False,False
2025-10-13 17:00:00+00:00,31.705,32.14,31.705,32.115,1337.0,31.78603303198247,32.12701609179285,31.757647844432825,31.71328818189513,31.587250465763447,31.62278073663681,31.55840500143332,31.433588463898626,31.141860362114496,30.962568210517492,,31.65785463643028,31.605175959160306,31.57944877570037,31.56479347701055,31.56772460741324,31.363870943436076,31.198718955899217,31.15523075835071,31.09752572789922,31.700685035719573,31.372377879076836,31.101456660298087,31.003835301860814,,"rgba(239, 83, 80, 1.0)",0.0,0.0,0.5992051942905383,31.303040935176703,1.3550601239107445,0.0,0.0,0.0,0.0,1.0,32.05,31.705,859.0,46.06426038673004,-8.466761038907762,False,True,False,True,True,7.139634734097417,0,0.945684020734731,0.9393734505296372,False,False,False,False,0.12227455532643852,0.08619270086553958,False,False,False,False,570107.0,525942.201754203,False,False,False,False,10849.504403886365,False,False,False,False
2025-10-13 18:00:00+00:00,32.115,32.22,32.05,32.06,5408.0,31.81537065255614,32.12679648478051,31.76033831888214,31.71618086276348,31.58989042015645,31.624601862769634,31.560283503601955,31.435552374862677,31.14389291635885,30.964444994731856,,31.660978146180934,31.608414905472486,31.582614005882814,31.567410026294382,31.570154779977628,31.365887881408323,31.2007819990888,31.157299059607915,31.09956908097902,31.703635352302133,31.374389234278073,31.103498593773775,31.004495522095503,,"rgba(239, 83, 80, 1.0)",0.0,0.0,0.593442529682473,31.306793201674083,1.269216075108284,0.0,0.0,0.0,0.0,0.0,0.0,0.0,0.0,50.32362285023222,-4.6654403946212994,False,True,True,False,True,6.266605823643246,0,0.961106115107914,0.9370503597122302,False,False,False,False,0.196742979563432,0.1414678402144858,False,False,False,False,564699.0,526543.082347161,False,False,False,False,10765.139994523784,False,False,False,False
2025-10-13 19:00:00+00:00,32.065,32.12,32.055,32.11,16701.0,31.876481483904737,32.125577781041734,31.768048092184983,31.724523283647937,31.597647053414782,31.629969740098748,31.56584865620312,31.44141267960321,31.15001970206224,30.97012693644661,,31.67004411917366,31.61786872693923,31.591883422409296,31.57511517124624,31.577319265545647,31.371924145632274,31.206990395506526,31.163530519432108,31.105734718392974,31.712157267308555,31.380406781731672,31.109659423190784,31.006501852818012,,"rgba(239, 83, 80, 1.0)",0.0,0.0,0.5851110620684348,31.316233911088055,1.3566075577273997,0.0,0.0,0.0,0.0,0.0,0.0,0.0,0.0,53.91362370030889,-1.528023864056209,False,True,True,False,True,6.937669777454921,0,0.956785955435517,0.9448570785505289,False,False,False,False,0.17993783335975716,0.1607028367871215,False,False,False,False,581400.0,527393.5771944919,False,False,False,False,10857.16883181799,False,False,False,False
2025-10-14 14:00:00+00:00,32.08,32.22,32.055,32.165,4528.0,31.891594871604813,32.12579467471033,31.770398251621693,31.727028808930815,31.599923382523325,31.63156339850049,31.56748296369026,31.443107814503875,31.151757305764658,30.971727910336494,,31.672728157811047,31.620639625377393,31.594591228221454,31.577369344863257,31.57941864382167,31.373659233756012,31.208755870249128,31.165298678275274,31.10747983492258,31.7147073974558,31.3821377004096,31.11140347974206,31.00707029993515,,"rgba(239, 83, 80, 1.0)",0.0,0.0,0.5769639394167404,31.318829569844933,1.46659153605071,0.0,0.0,0.0,0.0,0.0,0.0,0.0,0.0,57.129158706718115,1.2939695797992812,False,False,True,False,True,7.675465426665966,0,0.9537701974865355,0.9441202872531419,False,False,False,False,0.197630426982922,0.17916663188502174,False,False,False,False,585928.0,528301.087625585,False,False,False,False,10759.042183262673,False,False,False,False
2025-10-14 15:00:00+00:00,32.165,32.295,32.08,32.285,5573.0,31.912748138216923,32.1269722492002,31.773807045516673,31.730603857693524,31.60307159895475,31.633788737306986,31.569734955099236,31.445399311114635,31.154044647343063,30.97381500810293,,31.676495197453995,31.6244803184101,31.59832579006938,31.580473711613813,31.58231267871746,31.37598569903272,31.2110888919431,31.167628160796767,31.10977068890198,31.71833118642379,31.38446070505601,31.113693487043072,31.007814130938133,,"rgba(38, 166, 154, 1.0)",0.0,0.0,0.5689631948702955,31.32243014555478,1.6917963466242323,0.0,0.0,0.0,0.0,1.0,32.235,32.22,859.0,60.90850139397757,4.676918963375158,False,False,True,False,True,9.261959705144783,0,0.9551038641947737,0.941478668751396,False,False,False,False,0.21544602428504714,0.19730632808503445,False,False,False,False,591501.0,529280.9312282891,False,False,False,False,10678.638428483408,False,False,False,False
2025-10-14 16:00:00+00:00,32.285,32.435,32.235,32.38,8313.0,31.951076952007366,32.13105466622629,31.780250597958982,31.737232504619442,31.60868582979649,31.6378063061209,31.573731233395932,31.449361886389198,31.157852322475325,30.977238720626183,,31.683340145053144,31.631349547669775,31.6049620413992,31.58597906977679,31.587451525426836,31.37996318146949,31.21499486575464,31.171510775717902,31.113568456020676,31.725017040171068,31.388437413245413,31.117491199876437,31.009040787400558,,"rgba(38, 166, 154, 1.0)",0.0,0.0,0.5634399014290872,31.32886899606998,1.865560109008922,0.0,0.0,0.0,0.0,1.0,32.335,32.295,857.0,64.55365718201794,7.9531307554780994,True,False,True,False,True,10.48998850847423,0,0.9690026954177903,0.9373315363881402,False,False,False,False,0.26884360672408625,0.23307496740456035,False,False,False,False,599814.0,530374.4671782382,False,False,False,False,10641.961863700719,False,False,False,False
2025-10-14 17:00:00+00:00,32.375,32.515,32.335,32.465,16116.0,32.02185319212859,32.14158509581103,31.794215006886287,31.751482614917503,31.62060158655751,31.646418231955327,31.582231614946696,31.45768970581935,31.165707304589414,30.984251799309664,,31.697928230957697,31.64589488606178,31.618985684979748,31.597639099682432,31.59835212393558,31.38827613536139,31.223074796847257,31.17952441025898,31.121386427529735,31.739359635606714,31.396754009132138,31.12531049711865,31.011568700280602,,"rgba(38, 166, 154, 1.0)",0.0,0.0,0.5609909427412664,31.34184967301698,2.0020828170500944,0.0,0.0,0.0,0.0,0.0,0.0,0.0,0.0,67.89699057637512,10.990027710061192,True,False,True,False,True,11.571780017854199,0,0.9627552165133503,0.9369531074713934,False,False,False,False,0.3021575980370598,0.26761628272081006,False,False,False,False,615930.0,531700.9095475678,False,False,False,False,10726.830672015436,False,False,False,False
2025-10-14 18:00:00+00:00,32.465,32.515,32.43,32.475,7859.0,32.05171778512852,32.147038082788676,31.801170478768324,31.758567156742128,31.626532469344593,31.650733649770828,31.58648350718741,31.46184325354185,31.169607338767598,30.987729110253834,,31.705166271145895,31.653104369552736,31.625939413051956,31.60344212543507,31.603784441393362,31.392416324380495,31.227088768785695,31.18350324844425,31.12526593786305,31.74648650067828,31.400896685696946,31.129190858233038,31.012828362324658,,"rgba(38, 166, 154, 1.0)",0.0,0.0,0.5565102250907236,31.347972010979824,2.025170317106837,0.0,0.0,0.0,0.0,0.0,0.0,0.0,0.0,70.23359987574,13.173135272686729,True,False,True,False,True,11.699212622500987,0,0.962497192903661,0.9391421513586345,False,False,False,False,0.32000160858649046,0.29380894565365023,False,False,False,False,623789.0,533128.6318801637,False,False,False,False,10682.368180976437,False,False,False,False
2025-10-14 19:00:00+00:00,32.475,32.515,32.295,32.325,19288.0,32.097336159849,32.156006933205745,31.81532247894484,31.77314439543651,31.63915013184064,31.659934907751023,31.595649118827343,31.470950525629775,31.178390790437206,30.995653513775046,,31.72024268205265,31.66828795947341,31.640674693873258,31.61584311081796,31.615409298433747,31.401563346974726,31.236088995019823,31.192453734935665,31.13402915844672,31.76119341581165,31.410041213792727,31.137953789359795,31.01571021817626,,"rgba(38, 166, 154, 1.0)",0.0,0.0,0.551368869841713,31.359952078157505,1.7502764022922508,0.0,0.0,0.0,0.0,0.0,0.0,0.0,0.0,67.38040345608508,13.173135272686729,True,False,True,False,False,9.112641113917814,0,0.9556252801434341,0.9432989690721649,False,False,False,False,0.29470044099135934,0.29425469332250476,False,False,False,False,604501.0,534235.1802231068,False,False,False,False,10815.78882933339,False,False,False,False
2025-10-15 14:00:00+00:00,32.53,32.61,32.245,32.275,7181.0,32.1111432907942,32.15914719556714,31.82040056176612,31.778383438302104,31.643729866778738,31.663293591777446,31.59900039039004,31.474288989004823,31.181623885958196,30.998577249842175,,31.72567082221609,31.67376682323534,31.646002259653496,31.620349380905576,31.619639373269436,31.404919874690968,31.239399133811084,31.19574724115672,31.137256182545674,31.76648114737654,31.41339641491234,31.141180596466643,31.016778731196663,32.37666666666666,"rgba(38, 166, 154, 1.0)",0.0,0.0,0.5431360969588718,31.441952833215687,1.5337724217718358,-1.0,32.61,32.245,0.0,0.0,0.0,0.0,0.0,64.20099488692001,13.173135272686729,True,False,True,False,False,8.26767663413574,0,0.9510022271714925,0.9443207126948776,False,False,False,False,0.30309202474113905,0.2986733590318219,False,False,False,False,597320.0,535213.239444454,False,False,False,False,10759.435514149927,False,False,False,False
2025-10-15 15:00:00+00:00,32.275,32.295,31.985,32.045,6825.0,32.111017205446316,32.15846907330389,31.82285505224419,31.781083389784424,31.646455787120022,31.665266918784734,31.601069106017647,31.476502456166923,31.183994226671995,31.00080574980255,,31.728654832716714,31.676937983501507,31.64916125469073,31.62308099055069,31.62220671495504,31.40721364272403,31.24178930880853,31.19815312030232,31.139647067184374,31.769249902294437,31.415681451083216,31.143569184421153,31.017592638296065,32.24591020515017,"rgba(38, 166, 154, 1.0)",0.0,0.0,0.5322791975495955,31.437374728113127,1.1415536708632286,0.0,0.0,0.0,0.0,-1.0,32.245,32.06,863.0,57.39041842197357,15.100550689034918,False,False,True,False,False,4.518160195195328,0,0.9326562155001108,0.961139324354162,False,False,False,False,0.19851818181126157,0.24859577042154174,False,False,False,False,590495.0,536070.3210034547,False,False,False,False,10698.436513930548,False,False,False,False
2025-10-15 16:00:00+00:00,32.045,32.06,31.915,31.935,7484.0,32.10440405546819,32.1557508339709,31.82421777016058,31.782763468676613,31.64852407171246,31.666741417805113,31.602704962548984,31.478384415416777,31.186192631407042,31.0029352210754,,31.73070107147792,31.679264420217745,31.651547263093278,31.62519747294627,31.624198783786834,31.409218868773706,31.243979202303127,31.200378010347247,31.14188284062713,31.771017131838363,31.41767292741368,31.145801261774636,31.01837072552715,32.14982309601365,"rgba(239, 83, 80, 1.0)",0.0,0.0,0.5194296334866171,31.433716414011236,0.9650654365326612,0.0,0.0,0.0,0.0,-1.0,31.985,31.98,862.0,51.1612328695096,9.475361870090552,False,True,False,False,False,2.8082887780279435,0,0.94488188976378,0.970978627671541,False,False,False,False,0.14487312792001122,0.19673444917077648,False,False,False,False,583011.0,536798.0834685175,False,False,False,False,10648.600288908368,False,False,False,False
2025-10-15 17:00:00+00:00,31.935,31.98,31.735,31.975,7936.0,32.09456299533,32.151848138931754,31.824922327158454,31.783827579779647,31.65019482319151,31.66791511701057,31.60408065586145,31.48006906610788,31.188293562740853,31.005012645386063,,31.73217989570069,31.681079196548207,31.653465133895622,31.62694238877447,31.625843672661084,31.411053623437244,31.246053907520164,31.202499833285014,31.144031746111484,31.77217919762695,31.419490794363732,31.1479455871224,31.01913094366983,32.08154846054509,"rgba(239, 83, 80, 1.0)",0.0,0.0,0.5115453358506241,31.431011592393094,1.0634216939977272,0.0,0.0,0.0,0.0,0.0,0.0,0.0,0.0,47.932238545802946,6.623259728183882,False,True,False,True,False,3.3797335869996523,0,0.9447439353099736,0.9647349505840073,False,False,False,False,0.09979959531527152,0.14826702224302402,False,False,False,False,590947.0,537637.6015542769,False,False,False,False,10606.54447047568,False,False,False,False
2025-10-15 18:00:00+00:00,31.975,32.03,31.925,32.015,7522.0,32.090069734449244,32.14956986319486,31.826430043238407,31.785637188150385,31.65234963540099,31.669465988933336,31.60578492015826,31.482008293422552,31.19053432169797,31.007177978510942,,31.734339103623228,31.68350421615077,31.65594252469725,31.629140872694826,31.62791554406864,31.413111755539138,31.248288599917498,31.20476786724594,31.146308468555382,31.774072022427323,31.421535671150306,31.150218728455812,31.019926797904727,32.06291071235249,"rgba(239, 83, 80, 1.0)",0.0,0.0,0.5045521785710553,31.431443678300997,1.1565827014198926,0.0,0.0,0.0,0.0,0.0,0.0,0.0,0.0,46.72382988716289,5.4292620844645825,False,True,False,True,False,3.953589709326728,0,0.9540333483551154,0.9598918431726003,False,False,False,False,0.14138741443574623,0.1448272183393851,False,False,False,False,598469.0,538580.7240107998,False,False,False,False,10558.722075584583,False,False,False,False
2025-10-15 19:00:00+00:00,32.015,32.165,31.975,32.145,28448.0,32.0907589777863,32.14681155004037,31.83539728480869,31.79557654437409,31.66271694478817,31.67707662000132,31.613821386397042,31.490699670703922,31.199995029467164,31.01614760799627,,31.745411786882375,31.695368624501846,31.667835167014985,31.63957093496592,31.637754361867827,31.422157960744233,31.25779955531496,31.214360011716217,31.155867225752434,31.784283618437858,31.430542872330495,31.159766994650923,31.023249450971797,32.07686991559117,"rgba(239, 83, 80, 1.0)",0.0,0.0,0.4985299831946332,31.439946435173376,1.4142651166306375,0.0,0.0,0.0,0.0,0.0,0.0,0.0,0.0,48.70956603182638,5.4292620844645825,False,True,False,False,False,5.79257008219971,0,0.9599459945994604,0.9495949594959497,False,False,False,False,0.17377220684001296,0.15929971258969905,False,False,False,False,626917.0,539950.278677299,False,False,False,False,10836.07522169955,False,False,False,False
2025-10-16 14:00:00+00:00,31.785,31.97,31.69,31.935,6225.0,32.08405783798562,32.14372864656008,31.83561199819164,31.796061209116953,31.663748357035168,31.677809205800713,31.614721043970594,31.491857371911134,31.201513656551437,31.01767641818118,31.865,31.746209821937438,31.69643213820622,31.668996903238416,31.640669959389847,31.638796999703967,31.423439791765578,31.259288375550067,31.215890457872966,31.15742726352386,31.78484173124819,31.431810642883455,31.161323154192566,31.023818335830033,32.0584550620628,"rgba(239, 83, 80, 1.0)",0.0,0.0,0.49129033085242607,31.43951617828724,1.0085356673986603,0.0,0.0,0.0,0.0,0.0,0.0,0.0,0.0,46.264780230884845,4.641800722186325,False,True,False,True,False,2.4865086852657186,0,0.941072219760745,0.9483828090385467,False,False,False,False,0.09032242000923026,0.12481106629946465,False,False,False,False,620692.0,541202.0883102091,False,False,False,False,10764.585683378626,False,False,False,False
2025-10-16 15:00:00+00:00,31.935,32.035,31.83,31.875,2881.0,32.08174429324691,32.14256803895684,31.83587202390973,31.796438896906547,31.66433594308609,31.6782333701314,31.615215225875783,31.492459836821876,31.2022651780031,31.018422360293936,31.88029193205945,31.74672438170473,31.697059682551785,31.669661391788686,31.641283791122717,31.639378728326324,31.42409519132687,31.260029735523222,31.216648891042897,31.158196105947887,31.785251606205126,31.43246006678683,31.16209034929582,31.024096475108866,32.052843189891995,"rgba(239, 83, 80, 1.0)",0.0,0.0,0.48410823560819627,31.43958598196291,0.89941460609541,0.0,0.0,0.0,0.0,0.0,0.0,0.0,0.0,43.744940777406356,1.9185501018444029,False,True,False,True,False,1.5729826381192389,0,0.9548672566371686,0.941150442477876,False,False,False,False,0.1257426138281318,0.12527684006379822,False,False,False,False,617811.0,542389.8233751671,False,False,False,False,10642.3595487526,False,False,False,False
2025-10-16 16:00:00+00:00,31.87,31.935,31.69,31.885,4481.0,32.076685361771396,32.14018990994617,31.835876137543377,31.796639402156963,31.664964667139976,31.678675919859693,31.615783781440356,31.493223401162126,31.203305229147,31.019480921346283,31.86590429577292,31.747153047741293,31.69768510196565,31.6703648333117,31.641965537263413,31.640026801220145,31.424951898815134,31.261044559414696,31.217695803982362,31.159267738007387,31.785505439902142,31.433306195696517,31.163159050502678,31.024491469071712,32.040578689929056,"rgba(239, 83, 80, 1.0)",0.0,0.0,0.4738929726736266,31.439244292610603,0.9406252742565857,0.0,0.0,0.0,0.0,0.0,0.0,0.0,0.0,42.3093022390438,0.1693478975479934,False,True,False,True,False,1.719910279789957,0,0.9643731908260974,0.9443331106657759,False,False,False,False,0.08430001056157263,0.10478842531268542,False,False,False,False,622292.0,543628.616811211,False,False,False,False,10546.834594508373,False,False,False,False
2025-10-16 17:00:00+00:00,31.885,31.965,31.795,31.815,2648.0,32.07405394396709,32.13890096434813,31.835944627314195,31.796820581211346,31.665380665089465,31.678971985164367,31.61615121558667,31.493701396758166,31.203939205315937,31.020121731852207,31.86466943845601,31.7474652992479,31.69810926713084,31.670831542411698,31.642410759939274,31.64044975300559,31.425483045056797,31.261665091424224,31.218334403684114,31.159919622249767,31.785717292856965,31.433831312520063,31.163809263352686,31.024730928293675,32.03466689533796,"rgba(239, 83, 80, 1.0)",0.0,0.0,0.45889882886648586,31.439162159012774,0.8189993465783613,0.0,0.0,0.0,0.0,0.0,0.0,0.0,0.0,40.221084803126075,-2.225130367315799,False,True,False,True,False,0.6388141901895317,0,0.9642301710730957,0.9442346145301042,False,False,False,False,0.10756688423137038,0.1061776547720279,False,False,False,False,619644.0,544807.1498839053,False,False,False,False,10424.37204265553,False,False,False,False
2025-10-16 18:00:00+00:00,31.815,31.82,31.58,31.675,2992.0,32.068916988445885,32.13660192267603,31.835449154546097,31.796472808192707,31.665444406082575,31.678995579072005,31.61628025302374,31.493993805871572,31.204471999080916,31.020700877838742,31.837747698548917,31.747288789811638,31.69809010383786,31.670889831089557,31.64252501567357,31.64056162759771,31.425851146697017,31.262169269529114,31.218866925217142,31.160479307541884,31.785409174938064,31.434190746803807,31.16436653037405,31.02494726717104,32.02253949871785,"rgba(239, 83, 80, 1.0)",0.0,0.0,0.4425008270973956,31.438399978099437,0.534688315618646,0.0,0.0,0.0,0.0,-1.0,31.795,31.74,870.0,36.88016806648423,-5.730113754001266,False,True,False,True,False,0.0,0,0.9577993813521879,0.9478568272205035,False,False,False,False,0.04571096359679727,0.07594430918441258,False,False,False,False,616652.0,545921.0235291161,False,False,False,False,10309.141468350794,False,False,False,False
2025-10-16 19:00:00+00:00,31.675,31.74,31.535,31.665,24590.0,32.026932695806885,32.116742061830514,31.830267233956715,31.79250865920122,31.665077491906736,31.678509191464777,31.616701076235344,31.495824940729886,31.208406690472135,31.02510635736196,31.730513461289757,31.74473909477147,31.696863009489046,31.670345399266825,31.642602495496217,31.640669292985667,31.428332592992387,31.265839043506254,31.22278625093392,31.164648949371465,31.781771506508484,31.436597525897184,31.16851520289495,31.026600316010942,31.937909345346558,"rgba(239, 83, 80, 1.0)",0.0,0.0,0.42557288362767726,31.47210942728766,0.4532492086152157,0.0,0.0,0.0,0.0,0.0,0.0,0.0,0.0,34.52338010002721,-8.251814307021078,False,True,False,True,False,0.0,0,0.9588468309859162,0.9487235915492956,False,False,False,False,0.02433855084876462,0.050141430016588606,False,False,False,False,592062.0,546636.3875054088,False,False,False,False,10530.550127756207,False,False,False,False
2025-10-17 14:00:00+00:00,31.665,31.845,31.55,31.565,5020.0,32.0195000924715,32.11293869874623,31.829281275924338,31.791760854859646,31.665030830340264,31.67843210306528,31.616804353084074,31.49620966120064,31.209213447174662,31.02600768113076,31.72258004518432,31.744268688914868,31.696651983009886,31.67026769824545,31.642643321651867,31.640714723156986,31.42884759536404,31.2665925916887,31.2235900086722,31.16550304998349,31.78108769799392,31.437097559563238,31.169365075512832,31.026940319489324,31.92540357573264,"rgba(239, 83, 80, 1.0)",0.0,0.0,0.41118606734893054,31.47123641797466,0.22803200174040747,0.0,0.0,0.0,0.0,0.0,0.0,0.0,0.0,31.695797124901773,-11.191175263752228,False,True,False,True,False,0.0,0,0.9688473520249228,0.9528259902091676,False,False,False,False,0.04485539528506293,0.04749841265082577,False,False,False,False,587042.0,547262.8311099762,False,False,False,False,10445.11524205456,False,False,False,False
2025-10-17 15:00:00+00:00,31.565,31.795,31.55,31.75,6277.0,32.011704620009,32.10872704473966,31.828375170178617,31.791137348463323,31.665195460894825,31.678508008604094,31.61709075203611,31.496825097076673,31.210319903700288,31.027211646312864,31.719818557898172,31.74397498555264,31.69666211357077,31.67042707307091,31.64290699694638,31.640972023025284,31.429616669652226,31.267639870726555,31.22469561167981,31.166664952830732,31.780540432433018,31.43784900696162,31.170521992275233,31.027395445351015,31.91357617625094,"rgba(239, 83, 80, 1.0)",0.0,0.0,0.3978916847493675,31.4709465031616,0.7013303055432712,0.0,0.0,0.0,0.0,0.0,0.0,0.0,0.0,34.94676035694616,-11.191175263752228,False,True,False,True,True,0.0,0,0.9646273637374868,0.9457174638487206,False,False,False,False,0.03630311355063827,0.04190076310073202,False,False,False,False,593319.0,547976.8802400541,False,False,False,False,10380.493300317281,False,False,False,False
2025-10-17 16:00:00+00:00,31.755,31.835,31.685,31.705,6037.0,32.00554457434642,32.10517562557429,31.827801938371575,31.79082184479966,31.6655573209133,31.678738845531292,31.617510218977838,31.497540004636733,31.211473416123496,31.028440020983815,31.7219754651055,31.743960877592414,31.69692140690964,31.670814036454715,31.643354676916605,31.641402639831536,31.43047082200756,31.268743185168336,31.225850936156,31.167868350684287,31.78029474701346,31.43868720794994,31.171720870586768,31.027860821202278,31.905375130715598,"rgba(239, 83, 80, 1.0)",0.0,0.0,0.38862456697171294,31.471230635360097,0.601530074286108,0.0,0.0,0.0,0.0,0.0,0.0,0.0,0.0,36.36889372302103,-11.191175263752228,False,True,False,True,True,0.0,0,0.9668844334309536,0.9571975670195989,False,False,False,False,0.06626757496018625,0.05408416903045914,False,False,False,False,587282.0,548586.2619417587,False,False,False,False,10313.152318917011,False,False,False,False
2025-10-17 17:00:00+00:00,31.705,31.825,31.685,31.8,2175.0,32.00362451074824,32.1040113287603,31.82766459240774,31.790774111982742,31.665735074750472,31.678858857606063,31.61769498238056,31.497826322827446,31.21190991851422,31.028899083038823,31.723624919727545,31.744018088338176,31.697072784860346,31.671007762345074,31.643561170512505,31.641600467091433,31.430805323664103,31.269163167244823,31.226288704332575,31.16832202301671,31.78027135924559,31.439016195893853,31.17217297900967,31.028034986731477,31.903087713573957,"rgba(239, 83, 80, 1.0)",0.0,0.0,0.3793274394322188,31.47144485344834,0.8661518055309837,0.0,0.0,0.0,0.0,0.0,0.0,0.0,0.0,39.61776329092811,-17.248489380404635,False,True,False,True,True,0.5482460134873186,0,0.9673717371737179,0.9558955895589559,False,False,False,False,0.06455262553415662,0.05931839728230788,False,False,False,False,589457.0,549219.9167953748,False,False,False,False,10186.979414747753,False,False,False,False
2025-10-17 18:00:00+00:00,31.8,31.905,31.8,31.85,9290.0,31.998511716990997,32.10032201544898,31.827905745714244,31.791364566904733,31.66707692789737,31.67982407745884,31.618899611000185,31.499407443517786,31.214038384931584,31.031068844174367,31.740005714993938,31.745018916270013,31.698428584779894,31.672502432009843,31.645000444197294,31.642971735390017,31.43256889477277,31.2712403466919,31.228430290472694,31.170514079307296,31.780957487563867,31.440758975629574,31.174359134777067,31.02885975364225,31.899626409297746,"rgba(239, 83, 80, 1.0)",0.0,0.0,0.36981157851465507,31.473722027940703,1.0174856438260154,0.0,0.0,0.0,0.0,0.0,0.0,0.0,0.0,42.91521385058041,-13.97098057370195,False,True,False,True,True,1.3082392459611327,0,0.972253552898715,0.9544326641100834,False,False,False,False,0.09807519243221423,0.07869679485726105,False,False,False,False,598747.0,549987.7785504853,False,False,False,False,10173.072757154765,False,False,False,False
2025-10-17 19:00:00+00:00,31.855,31.885,31.625,31.65,71243.0,31.94138807799197,32.06197970852885,31.82018641302163,31.786425087567245,31.669852348970238,31.68147429049137,31.62273979080984,31.506716176183357,31.226626317040534,31.04472541443771,31.730098325443663,31.74335383365514,31.699787961720496,31.67533622278386,31.648777914065626,31.646643955043405,31.441517958841132,31.283185694942308,31.241009302674183,31.183706987234327,31.776773343469,31.44951935346131,31.18749757328314,31.034126816414034,31.83847076533416,"rgba(239, 83, 80, 1.0)",0.0,0.0,0.3634119098435184,31.472497008702085,0.4884347113839627,0.0,0.0,0.0,0.0,0.0,0.0,0.0,0.0,41.468335507733485,-13.97098057370195,False,True,False,True,True,0.0,0,0.9597135183527312,0.9572515666965085,False,False,False,False,0.06455262553415779,0.07162471019570943,False,False,False,False,527504.0,549639.1928365242,False,False,False,False,11119.893334563218,False,False,False,False
2025-10-20 14:00:00+00:00,31.875,31.91,31.8,31.88,9952.0,31.93921401663569,32.05922102369457,31.820613321442664,31.787161567185226,31.671259434044995,31.6825118009142,31.62400964131372,31.50835909546533,31.228831465812153,31.046985937789902,31.7387190014585,31.744458989673472,31.701215084480573,31.676890080499454,31.650276925982254,31.64807746825134,31.44334458501492,31.2853349097984,31.24322594946026,31.18597877725269,31.777595435752605,31.45132493808974,31.189763197382998,31.035008618453052,31.83959952617085,"rgba(239, 83, 80, 1.0)",0.0,0.0,0.35806421488593265,31.474331208850135,1.1329498293458249,0.0,0.0,0.0,0.0,0.0,0.0,0.0,0.0,45.054307184192716,-11.726241077486115,False,True,False,True,True,1.6966614137700518,1,0.9604707972462809,0.9504774594714634,False,False,False,False,0.09893732056362439,0.08528101537966691,False,False,False,False,537456.0,549450.3061258805,False,False,False,False,11101.786461159136,False,False,False,False
2025-10-20 15:00:00+00:00,31.875,31.885,31.795,31.805,5151.0,31.937638244747617,32.05757326769849,31.820652655221025,31.78736462573178,31.67184846159614,31.682941119706207,31.624566293280985,31.509120255279765,31.229904200118327,31.04810110021301,31.741622861648278,31.74485696967685,31.701786635592047,31.677535195640363,31.650918485191248,31.64869257449969,31.44420554739827,31.286374085824193,31.244302654554055,31.187088215757825,31.777843627534757,31.452174441653558,31.19086926983908,31.03544503537597,31.839340867423196,"rgba(239, 83, 80, 1.0)",0.0,0.0,0.35336475297990033,31.475030336953473,0.9337933686478777,0.0,0.0,0.0,0.0,0.0,0.0,0.0,0.0,46.13259734627675,-10.492462678388343,False,False,False,True,True,0.569346882489647,1,0.9623188405797108,0.9534002229654401,False,False,False,False,0.09376670497157343,0.08952386017562017,False,False,False,False,532305.0,549184.4874262543,False,False,False,False,11009.526205947366,False,False,False,False
2025-10-20 16:00:00+00:00,31.805,31.895,31.785,31.875,9368.0,31.935472209447322,32.05493501007789,31.820937399646446,31.787936267229707,31.673066521712617,31.683839737926395,31.625685967557597,31.510595828480252,31.23192103542502,31.05018149034243,31.747747084100673,31.74577080186285,31.703002288027037,31.67887384958783,31.652225406618626,31.649944474803487,31.445856044941525,31.288334781611177,31.246328538442498,31.189169196123526,31.778494589547304,31.45380487014317,31.19294433954222,31.036260827949835,31.839834899269515,"rgba(239, 83, 80, 1.0)",0.0,0.0,0.3484021183000089,31.476527645345193,1.1437139263076537,0.0,0.0,0.0,0.0,0.0,0.0,0.0,0.0,48.11575877772611,-8.343102517408518,False,False,False,False,True,1.5968754228078126,1,0.961182577296322,0.9623109907470095,False,False,False,False,0.09376670497157223,0.09164528257359619,False,False,False,False,541673.0,549068.030256855,False,False,False,False,10984.076187250506,False,False,False,False
2025-10-20 17:00:00+00:00,31.875,31.905,31.835,31.835,6410.0,31.934164919507282,32.05322635513031,31.821170859950193,31.788361895958392,31.673921264710728,31.68447332341655,31.626468172396645,31.511617769476324,31.233308284691148,31.051610578172017,31.751803727442677,31.746425929221516,31.70385958537681,31.679812902637686,31.653139463847005,31.65082023619863,31.446996131551956,31.28968434208652,31.2477221489035,31.19059985477756,31.778973413747636,31.454931399586876,31.194370994531848,31.03682264641947,31.840328681802536,"rgba(239, 83, 80, 1.0)",0.0,0.0,0.3334903188890048,31.477573247948506,1.0717754963389416,0.0,0.0,0.0,0.0,0.0,0.0,0.0,0.0,48.65612697320064,-7.492049502776553,False,False,False,False,True,0.9852196729839839,1,0.9534883720930238,0.9678522571819423,False,False,False,False,0.10411321462288772,0.09787924859824196,False,False,False,False,535263.0,548853.9987800044,False,False,False,False,10913.160277370653,False,False,False,False
2025-10-20 18:00:00+00:00,31.83,31.855,31.755,31.825,9124.0,31.931279534555113,32.05027460704575,31.82108714770461,31.788560746550637,31.674819933390584,31.685127324624688,31.627350263805074,31.512867684960504,31.2351256894269,31.05351888002291,31.754774344080406,31.74696196646001,31.70469991422702,31.68078771442083,31.654133899852994,31.651776680783,31.448425224390963,31.291437578480384,31.249544133975473,31.192484151530365,31.779250143640553,31.45633987304269,31.196249188407783,31.037575664069617,31.83927952740111,"rgba(239, 83, 80, 1.0)",0.0,0.0,0.31892941691363363,31.478552822137004,1.086281664500121,0.0,0.0,0.0,0.0,0.0,0.0,0.0,0.0,48.80903437846262,-6.90966749474093,False,False,False,False,True,0.8307457170998589,0,0.9457488032824258,0.965124230681559,False,False,False,False,0.08172086955515198,0.08980005907669697,False,False,False,False,526139.0,548501.8282562834,False,False,False,False,10885.421358341651,False,False,False,False
2025-10-20 19:00:00+00:00,31.825,31.925,31.81,31.85,29351.0,31.92637632346871,32.04314102398896,31.822205256237417,31.790513791042407,31.678660764561034,31.687999880994035,31.630886267311755,31.517480013810204,31.24139577757245,31.059993827130164,31.76948905252132,31.749915658253382,31.708539564551977,31.684989617218182,31.658238971564444,31.655716249559035,31.453569929858833,31.297533008060082,31.25584055913993,31.198952226379614,31.781434796718287,31.461423390174623,31.202699027812734,31.040143977709473,31.841637958778847,"rgba(239, 83, 80, 1.0)",0.0,0.0,0.30320893400022864,31.483127779613888,1.209965074399282,0.0,0.0,0.0,0.0,0.0,0.0,0.0,0.0,49.4873025137872,-5.795614352245536,False,False,False,False,True,1.2134096408367085,0,0.9501252562058761,0.9601457526759277,False,False,False,False,0.10325018694367342,0.0965251230101852,False,False,False,False,555490.0,548610.172004248,False,False,False,False,11171.709399297593,False,False,False,False
2025-10-21 14:00:00+00:00,31.865,32.025,31.82,32.005,3911.0,31.926595981161093,32.04267396642029,31.82267273661463,31.791079514758376,31.679401954094363,31.688566711031417,31.631526662394137,31.518240780675637,31.242339434374795,31.060942988298507,31.772740520865,31.7505998445448,31.709324044091698,31.68580741045247,31.6590059498964,31.65645043087686,31.454392096374182,31.298461034304893,31.25679069339874,31.199918286030968,31.782028090457253,31.462238528633453,31.203662978008673,31.04052166307585,31.84313803290835,"rgba(239, 83, 80, 1.0)",0.0,0.0,0.28963720705670587,31.48406279675937,1.7985852319679394,0.0,0.0,0.0,0.0,0.0,0.0,0.0,0.0,53.07878308947492,-2.0730627548959575,True,False,True,False,True,3.5457258654677695,0,0.9510980303373335,0.9547203984604934,False,False,False,False,0.12227455532643852,0.10939983916831186,False,False,False,False,559401.0,548777.4716630968,False,False,False,False,11059.140261323988,False,False,False,False
2025-10-21 15:00:00+00:00,32.005,32.025,31.8,31.845,9451.0,31.92579176645662,32.04084606263603,31.823262678341074,31.79192023329274,31.680782985732865,31.68961434109275,31.632774066569585,31.519814238354947,31.2444169886555,31.06307408664572,31.77763165870028,31.751742303299793,31.71073148319863,31.687318826334756,31.660464080475137,31.65785000425887,31.456128508329254,31.300487246220705,31.258878204859876,31.20205663712347,31.782938683573736,31.463956211160028,31.205795702682853,31.041372927166858,31.844654928138333,"rgba(239, 83, 80, 1.0)",0.0,0.0,0.27925315454659017,31.485716014223197,1.2865888170901918,0.0,0.0,0.0,0.0,0.0,0.0,0.0,0.0,51.81723059502451,-2.0730627548959575,True,False,True,False,True,1.014851136897093,0,0.9539607312119166,0.9548634619724666,False,False,False,False,0.11880942109452156,0.11410463013141671,False,False,False,False,549950.0,548795.6503970022,False,False,False,False,11034.207854171678,False,False,False,False
2025-10-21 16:00:00+00:00,31.84,31.9,31.795,31.81,6334.0,31.924474008029257,32.039207510179466,31.823331202631433,31.792164222900986,31.681457789309928,31.69011933650193,31.633426034416715,31.52070575620251,31.245683921254656,31.06440162622994,31.77919178713471,31.752197106051355,31.71137688360764,31.688047814286428,31.661199351265225,31.658558630644713,31.457137971697286,31.30171147909894,31.260148304204776,31.203368361727964,31.783231288231224,31.464952073944918,31.207103335584158,31.04190557136481,31.844449923512805,"rgba(239, 83, 80, 1.0)",0.0,0.0,0.27137086089711543,31.486465105526825,1.1922241518621808,0.0,0.0,0.0,0.0,0.0,0.0,0.0,0.0,50.27180012908263,-2.0730627548959575,False,False,False,False,False,0.4720307954273828,1,0.9574082464884465,0.9580879021295875,False,False,False,False,0.09635137075682353,0.10522800044412012,False,False,False,False,543616.0,548715.3457396843,False,False,False,False,10961.336414572117,False,False,False,False
2025-10-21 17:00:00+00:00,31.81,31.855,31.775,31.805,5269.0,31.923128257028765,32.037710719706105,31.82327482730248,31.792255675455177,31.681930023992475,31.690469530226455,31.633902775979927,31.521388766990373,31.24669213258393,31.06546914569024,31.779910193970945,31.75246611984513,31.711808306010205,31.68855334831274,31.661724806265784,31.659066417617666,31.45792201249309,31.30268123283187,31.26115787733557,31.204415240750567,31.78336361554136,31.46572444864983,31.20814669980948,31.042335092385073,31.843880922734343,"rgba(239, 83, 80, 1.0)",0.0,0.0,0.27022679830546037,31.486966269183803,1.1769141062637913,0.0,0.0,0.0,0.0,0.0,0.0,0.0,0.0,49.13390118360387,-2.0730627548959575,False,False,False,False,False,0.39354921548140354,1,0.9500567536889902,0.9634506242905786,False,False,False,False,0.08515997124534515,0.09519398584473263,False,False,False,False,538347.0,548554.5961933326,False,False,False,False,10873.083136826812,False,False,False,False
2025-10-21 18:00:00+00:00,31.805,31.865,31.805,31.845,11764.0,31.92092833183,32.03482487914533,31.823435584009772,31.792733095588083,31.683186307210054,31.69141460660525,31.635116341247258,31.523041234090247,31.24903587439417,31.067926388890015,31.782659969166424,31.753324678128358,31.71301194985438,31.68990853451407,31.663091146441328,31.660384087255835,31.459791094824336,31.30494587226533,31.26350719170352,31.20684170727637,31.783928880077706,31.46756853491338,31.21056561108366,31.043325528970676,31.84367396566669,"rgba(239, 83, 80, 1.0)",0.0,0.0,0.26956526562658234,31.488376456095505,1.3229580713062257,0.0,0.0,0.0,0.0,0.0,0.0,0.0,0.0,49.40289166790406,-2.0730627548959575,False,False,False,False,False,1.0215365994344232,1,0.9506369426751597,0.962693357597816,False,False,False,False,0.09204429027582296,0.0936191380602778,False,False,False,False,550111.0,548578.7264849087,False,False,False,False,10886.895801372133,False,False,False,False
2025-10-21 19:00:00+00:00,31.845,31.895,31.78,31.785,34707.0,31.913752335376447,32.02602690982466,31.823330682319376,31.793541877475576,31.686353405749937,31.693794434783612,31.638298615622723,31.527539843414008,31.255631803061306,31.074915350167178,31.787212774005123,31.75523516362672,31.715932722891207,31.693290858432476,31.66659265650861,31.663771962655325,31.464937942609108,31.311291106275785,31.27011063811698,31.213688684617797,31.784990991556572,31.472640419566602,31.21738977278863,31.046166222023068,31.84132670279515,"rgba(239, 83, 80, 1.0)",0.0,0.0,0.26899166067633207,31.49188723644761,1.0896723073697143,0.0,0.0,0.0,0.0,0.0,0.0,0.0,0.0,48.09791429591988,-2.0730627548959575,False,False,False,True,False,0.05455815075508852,1,0.9510696404187534,0.9606281292671823,False,False,False,False,0.09290542891532874,0.09326228348780327,False,False,False,False,515404.0,548064.3896401814,False,False,False,False,11256.199742436129,False,False,False,False
2025-10-22 14:00:00+00:00,31.825,31.92,31.73,31.8,4644.0,31.912837406755035,32.024885888342276,31.823303566526125,31.79363329474323,31.686755800794195,31.694097969708864,31.638708472493683,31.528124722669443,31.256497690254875,31.075836533471392,31.78768559198511,31.755469793331226,31.71629935455286,31.693718582110908,31.667039436486107,31.664204961911608,31.46560912464181,31.312122810349905,31.27097706499266,31.214588294973463,31.785115300900628,31.473301609031957,31.218286323390355,31.046543117406433,31.841003826805117,"rgba(239, 83, 80, 1.0)",0.0,0.0,0.26705040520249423,31.492339544689806,1.1520688578506662,0.0,0.0,0.0,0.0,0.0,0.0,0.0,0.0,47.67245336107959,1.5792497196813216,False,False,False,True,False,0.29695801452112036,1,0.949118046132972,0.9563545906829486,False,False,False,False,0.08860108370835841,0.09093168359808085,False,False,False,False,520048.0,547630.027010101,False,False,False,False,11153.685017747197,False,False,False,False
