date,Close,High,Low,Open,Volume,Gap_Up_aVWAP_901,Gap_Up_aVWAP_877,Gap_Up_aVWAP_795,Gap_Up_aVWAP_761,Gap_Up_aVWAP_728,Gap_Up_aVWAP_718,Gap_Up_aVWAP_715,Gap_Up_aVWAP_701,Gap_Up_aVWAP_660,Gap_Up_aVWAP_632,Gap_Down_aVWAP_839,Gap_Down_aVWAP_816,Gap_Down_aVWAP_815,Gap_Down_aVWAP_773,Gap_Down_aVWAP_711,Gap_Down_aVWAP_704,Gap_Down_aVWAP_691,Gap_Down_aVWAP_507,Gap_Down_aVWAP_397,Gap_Down_aVWAP_369,aVWAP_OB_bull_839,aVWAP_OB_bull_438,aVWAP_OB_bull_215,aVWAP_OB_bear_838,aVWAP_OB_bear_701,color,Liquidity,Liquidity_Level,StDev,StDev_Mean,StdDev_ZScore,OB,OB_High,OB_Low,OB_Mitigated_Index,FVG,FVG_High,FVG_Low,FVG_Mitigated_Index,QQEMOD,QQE1_Value,QQE1_Above_Upper,QQE1_Below_Lower,QQE2_Above_Threshold,QQE2_Below_Threshold,QQE2_Above_TL,banker_RSI,TTM_squeeze_Active,VI_plus,VI_minus,VI_Regular_Bullish,VI_Regular_Bearish,VI_Hidden_Bullish,VI_Hidden_Bearish,Fisher,Fisher_Signal,Fisher_Regular_Bullish,Fisher_Regular_Bearish,Fisher_Hidden_Bullish,Fisher_Hidden_Bearish,OBV,OBV_Smoothed,OBV_Regular_Bullish,OBV_Regular_Bearish,OBV_Hidden_Bullish,OBV_Hidden_Bearish,Volume_MA,Vol_Regular_Bullish,Vol_Regular_Bearish,Vol_Hidden_Bullish,Vol_Hidden_Bearish
2022-01-03 00:00:00+00:00,7.55,7.59,7.34,7.41,96838,,,,,,,,,,,,,,,,,,,,,,,,,,#000000,1.0,7.488,,,,0.0,0.0,0.0,0.0,0.0,0.0,0.0,0.0,,,False,False,False,False,False,,0,,,False,False,False,False,,,False,False,False,False,0,0.0,False,False,False,False,96838.0,False,False,False,False
2022-01-04 00:00:00+00:00,7.77,7.84,7.54,7.54,58630,,,,,,,,,,,,,,,,,,,,,,,,,,"rgba(38, 166, 154, 0.5)",0.0,0.0,,,,0.0,0.0,0.0,0.0,0.0,0.0,0.0,0.0,100.0,,False,False,True,False,False,,0,,,False,False,False,False,,,False,False,False,False,58630,2299.2156862745096,False,False,False,False,95339.64705882352,False,False,False,False
2022-01-05 00:00:00+00:00,7.7,7.9,7.66,7.8,83211,,,,,,,,,,,,,,,,,,,,,,,,,,"rgba(38, 166, 154, 0.5)",0.0,0.0,,,,0.0,0.0,0.0,0.0,0.0,0.0,0.0,0.0,91.35802469135808,15.432098765432329,False,False,True,False,True,,0,,,False,False,False,False,,,False,False,False,False,-24581,1245.089580930411,False,False,False,False,94864.01384083045,False,False,False,False
2022-01-06 00:00:00+00:00,7.91,8.02,7.61,7.77,127608,,,,,,,,,,,,,,,,,,,,,,,,,,"rgba(38, 166, 154, 0.5)",0.0,0.0,,,,0.0,0.0,0.0,0.0,0.0,0.0,0.0,0.0,89.58133116483091,15.432098765432329,False,False,True,False,True,,0,,,False,False,False,False,,,False,False,False,False,103027,5236.537048344904,False,False,False,False,96148.09172942534,False,False,False,False
2022-01-07 00:00:00+00:00,7.6,7.975,7.58,7.92,107859,,,,,,,,,,,,,,,,,,,,,,,,,,"rgba(38, 166, 154, 0.5)",0.0,0.0,,,,0.0,0.0,0.0,0.0,0.0,0.0,0.0,0.0,76.11931989004935,15.432098765432329,False,False,True,False,False,,0,,,False,False,False,False,,,False,False,False,False,-4832,4841.692458213731,False,False,False,False,96607.34303415376,False,False,False,False
2022-01-10 00:00:00+00:00,7.36,7.55,7.27,7.53,57318,,,,,,,,,,,,,,,,,,,,,,,,,,"rgba(38, 166, 154, 0.5)",0.0,0.0,,,,0.0,0.0,0.0,0.0,0.0,0.0,0.0,0.0,62.76309823809025,38.55943826741691,False,False,True,False,False,,0,,,False,False,False,False,,,False,False,False,False,-62150,2214.567263773977,False,False,False,False,95066.5844837948,False,False,False,False
2022-01-11 00:00:00+00:00,7.45,7.48,7.185,7.42,62964,,,,,,,,,,,,,,,,,,,,,,,,,,"rgba(38, 166, 154, 0.5)",0.0,0.0,,,,0.0,0.0,0.0,0.0,0.0,0.0,0.0,0.0,55.97514728888869,31.913818089683474,False,False,True,False,False,,0,,,False,False,False,False,,,False,False,False,False,814,2159.6430573514685,False,False,False,False,93807.65960207736,False,False,False,False
2022-01-12 00:00:00+00:00,7.29,7.54,7.27,7.54,79395,,,,,,,,,,,,,,,,,,,,,,,,,,#000000,0.0,0.0,,,,0.0,0.0,0.0,0.0,0.0,0.0,0.0,0.0,49.152145249948305,25.037721734152257,False,False,False,False,False,,0,,,False,False,False,False,,,False,False,False,False,-78581,-1006.6566703878048,False,False,False,False,93242.45726474098,False,False,False,False
2022-01-13 00:00:00+00:00,7.17,7.425,7.13,7.38,28676,,,,,,,,,,,,,,,,,,,,,,,,,,"rgba(239, 83, 80, 0.5)",0.0,0.0,,,,0.0,0.0,0.0,0.0,0.0,0.0,0.0,0.0,43.20378724646698,18.829145386545065,False,False,False,True,False,,0,,,False,False,False,False,,,False,False,False,False,-107257,-5173.336800960832,False,False,False,False,90710.43933279035,False,False,False,False
2022-01-14 00:00:00+00:00,7.17,7.21,6.94,7.05,69243,,,,,,,,,,,,,,,,,,,,,,,,,,"rgba(239, 83, 80, 0.5)",0.0,0.0,,,,0.0,0.0,0.0,0.0,0.0,0.0,0.0,0.0,39.23821524414609,14.30151503043912,False,False,False,True,False,,0,,,False,False,False,False,,,False,False,False,False,-107257,-9176.617710727074,False,False,False,False,89868.57896679858,False,False,False,False
2022-01-18 00:00:00+00:00,6.89,7.17,6.85,7.17,57564,,,,,,,,,,,,,,,,,,,,,,,,,,"rgba(239, 83, 80, 0.5)",0.0,0.0,,,,0.0,0.0,0.0,0.0,0.0,0.0,0.0,0.0,33.98227389348078,8.39704771924815,False,False,False,True,False,,0,,,False,False,False,False,,,False,False,False,False,-164821,-15280.31897697307,False,False,False,False,88601.73273280649,False,False,False,False
2022-01-19 00:00:00+00:00,6.94,7.05,6.79,6.89,81750,,,,,,,,,,,,,,,,,,,,,,,,,,"rgba(239, 83, 80, 0.5)",0.0,0.0,,,,0.0,0.0,0.0,0.0,0.0,0.0,0.0,0.0,31.67383336983702,5.152423827049461,False,False,False,True,False,,0,,,False,False,False,False,,,False,False,False,False,-83071,-17938.77705630746,False,False,False,False,88333.03733151995,False,False,False,False
2022-01-20 00:00:00+00:00,7.01,7.16,6.9101,6.97,153999,,,,,,,,,,,,,,,,,,,,,,,,,,"rgba(239, 83, 80, 0.5)",0.0,0.0,,,,0.0,0.0,0.0,0.0,0.0,0.0,0.0,0.0,31.771567452835175,3.9559920094339773,False,False,False,True,False,,0,,,False,False,False,False,,,False,False,False,False,70928,-14453.8054070405,False,False,False,False,90908.17312244074,False,False,False,False
2022-01-21 00:00:00+00:00,7.02,7.39,6.945,6.99,182822,,,,,,,,,,,,,,,,,,,,,,,,,,"rgba(239, 83, 80, 0.5)",0.0,0.0,,,,0.0,0.0,0.0,0.0,0.0,0.0,0.0,0.0,32.074094662603784,2.7687694846849737,False,False,False,True,False,,0,,,False,False,False,False,,,False,False,False,False,253750,-3936.0091165683243,False,False,False,False,94512.63692156071,False,False,False,False
2022-01-24 00:00:00+00:00,7.23,7.24,6.95,6.95,130994,,,,,,,,,,,,,,,,,,,,,,,,,,"rgba(239, 83, 80, 0.5)",0.0,0.0,,,,0.0,0.0,0.0,0.0,0.0,0.0,0.0,0.0,36.645174339731525,2.7687694846849737,False,False,False,True,False,,0,,,False,False,False,False,,,False,False,False,False,384744,11306.344182120629,False,False,False,False,95943.27861091126,False,False,False,False
2022-01-25 00:00:00+00:00,7.02,7.19,6.88,7.19,86619,,,,,,,,,,,,,,,,,,,,,,,,,,"rgba(239, 83, 80, 0.5)",0.0,0.0,,,,0.0,0.0,0.0,0.0,0.0,0.0,0.0,0.0,37.00024823692949,2.7687694846849737,False,False,False,True,False,,0,,,False,False,False,False,,,False,False,False,False,298125,22554.134606351192,False,False,False,False,95577.62062616965,False,False,False,False
2022-01-26 00:00:00+00:00,6.93,7.27,6.835,7.13,77574,,,,,,,,,,,,,,,,,,,,,,,,,,"rgba(239, 83, 80, 0.5)",0.0,0.0,,,,0.0,0.0,0.0,0.0,0.0,0.0,0.0,0.0,36.2718820095692,2.7687694846849737,False,False,False,True,False,,0,,,False,False,False,False,,,False,False,False,False,220551,30318.71756296487,False,False,False,False,94871.59628788849,False,False,False,False
2022-01-27 00:00:00+00:00,6.74,7.1,6.7,7.05,71425,,,,,,,,,,,,,,,,,,,,,,,,,,"rgba(239, 83, 80, 0.5)",0.0,0.0,,,,0.0,0.0,0.0,0.0,0.0,0.0,0.0,0.0,34.03031121900729,-0.4996542347890909,False,False,False,True,False,,0,,,False,False,False,False,,,False,False,False,False,149126,34977.82667814272,False,False,False,False,93952.12192365757,False,False,False,False
2022-01-28 00:00:00+00:00,6.81,6.82,6.62,6.82,86349,,,,,,,,,,,,,,,,,,,,,,,,,,"rgba(239, 83, 80, 0.5)",0.0,0.0,,,,0.0,0.0,0.0,0.0,0.0,0.0,0.0,0.0,33.892816144738454,-1.9181832538185688,False,False,False,True,False,,0,,,False,False,False,False,,,False,False,False,False,235475,42840.460926058695,False,False,False,False,93653.96027959257,False,False,False,False
2022-01-31 00:00:00+00:00,6.72,6.83,6.6,6.77,90325,,,,,,,,,,,,,,,,,,,,,,,,,,"rgba(239, 83, 80, 0.5)",0.0,0.0,,,,0.0,0.0,0.0,0.0,0.0,0.0,0.0,0.0,32.954630145309736,-4.061932898307646,False,False,False,True,False,,0,,,False,False,False,False,,,False,False,False,False,145150,46852.59971327208,False,False,False,False,93523.41281764777,False,False,False,False
2022-02-01 00:00:00+00:00,6.74,6.875,6.64,6.79,74787,,,,,,,,,,,,,,,,,,,,,,,,,,"rgba(239, 83, 80, 0.5)",0.0,0.0,,,,0.0,0.0,0.0,0.0,0.0,0.0,0.0,0.0,32.74571487789571,-5.451286562406388,False,False,False,True,False,,0,,,False,False,False,False,,,False,False,False,False,219937,53640.223253928074,False,False,False,False,92788.65153068119,False,False,False,False
2022-02-02 00:00:00+00:00,6.71,6.7647,6.52,6.68,57154,,,,,,,,,,,,,,,,,,,,,,,,,,"rgba(239, 83, 80, 0.5)",0.0,0.0,,,,0.0,0.0,0.0,0.0,0.0,0.0,0.0,0.0,32.293425361206076,-7.013495243727874,False,False,False,True,False,,0,,,False,False,False,False,,,False,False,False,False,162783,57920.3321459309,False,False,False,False,91391.21421575252,False,False,False,False
2022-02-03 00:00:00+00:00,6.65,6.74,6.56,6.68,55864,,,,,,,,,,,,,,,,,,,,,,,,,,"rgba(239, 83, 80, 0.5)",0.0,0.0,,,,0.0,0.0,0.0,0.0,0.0,0.0,0.0,0.0,31.363435318049874,-8.933793297478346,False,False,False,True,False,,1,,,False,False,False,False,,,False,False,False,False,106919,59841.84853236499,False,False,False,False,89997.99012886027,False,False,False,False
2022-02-04 00:00:00+00:00,6.64,6.7396,6.5,6.62,62833,,,,,,,,,,,,,,,,,,,,,,,,,,"rgba(239, 83, 80, 0.5)",0.0,0.0,,6.626533333333334,,0.0,0.0,0.0,0.0,0.0,0.0,0.0,0.0,30.636323862683675,-10.557547455156495,False,False,False,True,False,,1,,,False,False,False,False,,,False,False,False,False,44086,59223.97211933107,False,False,False,False,88932.69639831674,False,False,False,False
2022-02-07 00:00:00+00:00,6.62,6.7243,6.59,6.59,45550,,,,,,,,,,,,,,,,,,,,,,,,,,"rgba(239, 83, 80, 0.5)",0.0,0.0,,6.6341962355719994,,0.0,0.0,0.0,0.0,0.0,0.0,0.0,0.0,29.923944716912636,-12.077844901001008,False,False,False,True,False,,1,,,False,False,False,False,,,False,False,False,False,-1464,56844.05164406318,False,False,False,False,87231.41418661804,False,False,False,False
2022-02-08 00:00:00+00:00,6.67,6.76,6.5928,6.6,30193,,,,,,,,,,,,,,,,,,,,,,,,,,"rgba(239, 83, 80, 0.5)",0.0,0.0,,6.642926798772274,,0.0,0.0,0.0,0.0,0.0,0.0,0.0,0.0,30.890097358015737,-12.077844901001008,False,False,False,True,False,,1,,,False,False,False,False,,,False,False,False,False,28729,55741.50059919796,False,False,False,False,84994.61363028009,False,False,False,False
2022-02-09 00:00:00+00:00,6.69,6.77,6.615,6.74,61002,,,,,,,,,,,,,,,,,,,,,,,,,,"rgba(239, 83, 80, 0.5)",0.0,0.0,,6.657824379774658,,0.0,0.0,0.0,0.0,0.0,0.0,0.0,0.0,32.11449416763691,-12.077844901001008,False,False,False,True,False,,1,,,False,False,False,False,,,False,False,False,False,89731,57074.42214432746,False,False,False,False,84053.7268212495,False,False,False,False
2022-02-10 00:00:00+00:00,6.64,6.78,6.59,6.62,56338,,,,,,,,,,,,,,,,,,,,,,,,,,"rgba(239, 83, 80, 0.5)",0.0,0.0,,6.660504751819607,,0.0,0.0,0.0,0.0,0.0,0.0,0.0,0.0,32.16432413528519,-12.077844901001008,False,False,False,True,False,,1,,,False,False,False,False,,,False,False,False,False,33393,56145.73892298128,False,False,False,False,82966.83557335736,False,False,False,False
2022-02-11 00:00:00+00:00,6.63,6.77,6.58,6.7,73551,,,,,,,,,,,,,,,,,,,,,,,,,,"rgba(239, 83, 80, 0.5)",0.0,0.0,,6.660392069817817,,0.0,0.0,0.0,0.0,0.0,0.0,0.0,0.0,32.042415928122395,-12.4116975395903,False,False,False,True,False,,1,,,False,False,False,False,,,False,False,False,False,-40158,52369.121710315354,False,False,False,False,82597.58711950021,False,False,False,False
2022-02-14 00:00:00+00:00,6.65,6.73,6.6,6.62,21209,,,,,,,,,,,,,,,,,,,,,,,,,,"rgba(239, 83, 80, 0.5)",0.0,0.0,,6.660368357306079,,0.0,0.0,0.0,0.0,0.0,0.0,0.0,0.0,32.66037563722752,-12.4116975395903,False,False,False,True,True,,1,,,False,False,False,False,,,False,False,False,False,-18949,49572.33262363632,False,False,False,False,80190.19154618648,False,False,False,False
2022-02-15 00:00:00+00:00,6.83,6.85,6.7,6.7,28869,,,,,,,,,,,,,,,,,,,,,,,,,,"rgba(239, 83, 80, 0.5)",0.0,0.0,,6.670481956201944,,0.0,0.0,0.0,0.0,0.0,0.0,0.0,0.0,38.215691998886065,-16.80833992548552,False,False,False,True,True,,1,,,False,False,False,False,,,False,False,False,False,9920,48017.339187415295,False,False,False,False,78177.59579927722,False,False,False,False
2022-02-16 00:00:00+00:00,7.09,7.12,6.78,6.78,90503,,,,,,,,,,,,,,,,,,,,,,,,,,#000000,0.0,0.0,,6.733285531264892,,0.0,0.0,0.0,0.0,0.0,0.0,0.0,0.0,46.4890226972002,-9.068641824070475,False,False,False,False,True,,1,,,False,False,False,False,,,False,False,False,False,100423,50072.46314084999,False,False,False,False,78660.94498361928,False,False,False,False
2022-02-17 00:00:00+00:00,7.08,7.18,6.98,7.18,62238,,,,,,,,,,,,,,,,,,,,,,,,,,"rgba(38, 166, 154, 0.5)",0.0,0.0,,6.92691270989656,,0.0,0.0,0.0,0.0,0.0,0.0,0.0,0.0,51.76679579426772,-4.446881774014315,False,False,True,False,True,,1,,,False,False,False,False,,,False,False,False,False,38185,49606.28811571862,False,False,False,False,78016.90792543814,False,False,False,False
2022-02-18 00:00:00+00:00,6.67,7.1391,6.62,7.02,53050,,,,,,,,,,,,,,,,,,,,,,,,,,#000000,0.0,0.0,,6.86634885871812,,0.0,0.0,0.0,0.0,0.0,0.0,0.0,0.0,48.26548843526541,-4.446881774014315,False,False,False,False,False,,1,,,False,False,False,False,,,False,False,False,False,-14865,47078.00230725907,False,False,False,False,77037.81349698958,False,False,False,False
2022-02-22 00:00:00+00:00,6.68,6.78,6.57,6.73,73490,,,,,,,,,,,,,,,,,,,,,,,,,,#000000,0.0,0.0,,6.806451135609192,,0.0,0.0,0.0,0.0,0.0,0.0,0.0,0.0,46.10719103111648,-4.446881774014315,False,False,False,False,False,,1,,,False,False,False,False,,,False,False,False,False,58625,47530.825746190094,False,False,False,False,76898.68355593116,False,False,False,False
2022-02-23 00:00:00+00:00,6.63,6.7416,6.62,6.72,46399,,,,,,,,,,,,,,,,,,,,,,,,,,"rgba(239, 83, 80, 0.5)",0.0,0.0,,6.7850272582159805,,0.0,0.0,0.0,0.0,0.0,0.0,0.0,0.0,44.01238354246732,1.4374905060167293,False,False,False,True,False,,1,,,False,False,False,False,,,False,False,False,False,12226,46146.322775751265,False,False,False,False,75702.61753412994,False,False,False,False
2022-02-24 00:00:00+00:00,6.61,6.65,6.37,6.55,48404,,,,,,,,,,,,,,,,,,,,,,,,,,"rgba(239, 83, 80, 0.5)",0.0,0.0,,6.755261667600511,,0.0,0.0,0.0,0.0,0.0,0.0,0.0,0.0,42.346403200027666,-0.12488566659382627,False,False,False,True,False,,1,,,False,False,False,False,,,False,False,False,False,-36178,42917.91796101592,False,False,False,False,74632.08351318366,False,False,False,False
2022-02-25 00:00:00+00:00,6.75,6.77,6.54,6.6,38414,,,,,,,,,,,,,,,,,,,,,,,,,,"rgba(239, 83, 80, 0.5)",0.0,0.0,,6.749153992985085,,0.0,0.0,0.0,0.0,0.0,0.0,0.0,0.0,43.983535234931274,-0.12488566659382627,False,False,False,True,False,,1,,,False,False,False,False,,,False,False,False,False,2236,41322.54862921138,False,False,False,False,73211.76651266667,False,False,False,False
2022-02-28 00:00:00+00:00,6.67,6.81,6.655,6.7,44222,,,,,,,,,,,,,,,,,,,,,,,,,,"rgba(239, 83, 80, 0.5)",0.0,0.0,,6.745672238185143,,0.0,0.0,0.0,0.0,0.0,0.0,0.0,0.0,43.8413721076524,-0.12488566659382627,False,False,False,True,False,,1,,,False,False,False,False,,,False,False,False,False,-41986,38055.546722183484,False,False,False,False,72074.91292393464,False,False,False,False
2022-03-01 00:00:00+00:00,6.52,6.7288,6.46,6.67,109298,,,,,,,,,,,,,,,,,,,,,,,,,,"rgba(239, 83, 80, 0.5)",0.0,0.0,,6.714984220483838,,0.0,0.0,0.0,0.0,0.0,0.0,0.0,0.0,41.727657359386505,-1.107000737020428,False,False,False,True,False,,1,,,False,False,False,False,,,False,False,False,False,-151284,30630.466458568448,False,False,False,False,73534.64182887838,False,False,False,False
2022-03-02 00:00:00+00:00,6.87,7.01,6.63,6.63,55885,,,,,,,,,,,,,,,,,,,,,,,,,,"rgba(239, 83, 80, 0.5)",0.0,0.0,,6.724927224354721,,0.0,0.0,0.0,0.0,0.0,0.0,0.0,0.0,45.798286819401696,-1.107000737020428,False,False,False,True,False,,1,,,False,False,False,False,,,False,False,False,False,-95399,25688.13444058537,False,False,False,False,72842.49901205962,False,False,False,False
2022-03-03 00:00:00+00:00,6.83,6.98,6.78,6.94,42244,,,,,,,,,,,,,,,,,,,,,,,,,,#000000,0.0,0.0,,6.7328669751326355,,0.0,0.0,0.0,0.0,0.0,0.0,0.0,0.0,47.9365366676466,-1.107000737020428,False,False,False,False,True,,1,,,False,False,False,False,,,False,False,False,False,-137643,19282.991913503593,False,False,False,False,71642.55787433179,False,False,False,False
2022-03-04 00:00:00+00:00,6.39,6.74,6.27,6.72,75104,,,,,,,,,,,,,,,,,,,,,,,,,,"rgba(239, 83, 80, 0.5)",0.0,0.0,,6.708526326720411,,0.0,0.0,0.0,0.0,0.0,0.0,0.0,0.0,44.50317566207864,-1.107000737020428,False,False,False,True,True,,1,,,False,False,False,False,,,False,False,False,False,-212747,10183.77654434659,False,False,False,False,71778.30070278936,False,False,False,False
2022-03-07 00:00:00+00:00,6.28,6.42,6.26,6.42,64642,,,,,,,,,,,,,,,,,,,,,,,,,,"rgba(239, 83, 80, 0.5)",0.0,0.0,,6.680431071279816,,0.0,0.0,0.0,0.0,0.0,0.0,0.0,0.0,41.319784111334855,-1.28740251143509,False,False,False,True,False,,1,,,False,False,False,False,,,False,False,False,False,-277389,-1093.5872417062164,False,False,False,False,71498.44577326822,False,False,False,False
2022-03-08 00:00:00+00:00,6.33,6.55,6.285,6.33,196421,,,,,,,,,,,,,,,,,,,,,,,,,,"rgba(239, 83, 80, 0.5)",0.0,0.0,,6.628592049311608,,0.0,0.0,0.0,0.0,0.0,0.0,0.0,0.0,39.9438831408502,-2.6695827092227944,False,False,False,True,False,,0,,,False,False,False,False,,,False,False,False,False,-80968,-4225.917153796168,False,False,False,False,76397.36946843418,False,False,False,False
2022-03-09 00:00:00+00:00,6.47,6.59,6.34,6.34,64491,,,,,,,,,,,,,,,,,,,,,,,,,,"rgba(239, 83, 80, 0.5)",0.0,0.0,,6.619849430281181,,0.0,0.0,0.0,0.0,0.0,0.0,0.0,0.0,41.0335020853677,-2.6695827092227944,False,False,False,True,False,,0,,,False,False,False,False,,,False,False,False,False,-16477,-4706.351775215927,False,False,False,False,75930.45301869167,False,False,False,False
2022-03-10 00:00:00+00:00,6.32,6.34,6.03,6.28,145804,,,,,,,,,,,,,,,,,,,,,,,,,,"rgba(239, 83, 80, 0.5)",0.0,0.0,,6.461351507368513,,0.0,0.0,0.0,0.0,0.0,0.0,0.0,0.0,40.29777006918715,-2.6695827092227944,False,False,False,True,False,,0,,,False,False,False,False,,,False,False,False,False,-162281,-10885.749744815303,False,False,False,False,78670.59211599788,False,False,False,False
2022-03-11 00:00:00+00:00,6.55,6.684,6.37,6.37,103284,,,,,,,,,,,,,,,,,,,,,,,,,,"rgba(239, 83, 80, 0.5)",0.0,0.0,,6.501619776448084,,0.0,0.0,0.0,0.0,0.0,0.0,0.0,0.0,42.78811571719024,-2.6695827092227944,False,False,False,True,False,,0,,,False,False,False,False,,,False,False,False,False,-58997,-12772.465441097056,False,False,False,False,79635.82379772345,False,False,False,False
2022-03-14 00:00:00+00:00,6.49,6.6,6.29,6.59,73813,,,,,,,,,,,,,,,,,,,,,,,,,,"rgba(239, 83, 80, 0.5)",0.0,0.0,,6.505890382976555,,0.0,0.0,0.0,0.0,0.0,0.0,0.0,0.0,43.8073026212392,-2.6695827092227944,False,False,False,True,False,,1,,,False,False,False,False,,,False,False,False,False,-132810,-17479.819737524624,False,False,False,False,79407.47776644018,False,False,False,False
2022-03-15 00:00:00+00:00,6.54,6.64,6.45,6.47,43754,,,,,,,,,,,,,,,,,,,,,,,,,,"rgba(239, 83, 80, 0.5)",0.0,0.0,,6.511975012705982,,0.0,0.0,0.0,0.0,0.0,0.0,0.0,0.0,45.129224952983826,-2.6695827092227944,False,False,False,True,True,0.0,1,,,False,False,False,False,-0.18636104844253512,-0.18636104844253512,False,False,False,False,-89056,-20286.72876742562,False,False,False,False,78009.30216775625,False,False,False,False
2022-03-16 00:00:00+00:00,6.79,6.82,6.5111,6.59,66408,,,,,,,,,,,,,,,,,,,,,,,,,,#000000,0.0,0.0,,6.531611191779672,,0.0,0.0,0.0,0.0,0.0,0.0,0.0,0.0,48.86042894732692,-7.595177950033502,False,False,False,False,True,0.0,1,0.912127282256733,1.021180204047932,False,False,False,False,-0.1362585448778752,-0.16130979666020517,False,False,False,False,-22648,-20379.32763929128,False,False,False,False,77554.34914156974,False,False,False,False
2022-03-17 00:00:00+00:00,6.85,6.95,6.6151,6.69,161898,,,,,,,,,,,,,,,,,,,,,,,,,,"rgba(38, 166, 154, 0.5)",0.0,0.0,,6.57835096270927,,0.0,0.0,0.0,0.0,0.0,0.0,0.0,0.0,51.951043449243514,-4.56818649316466,False,False,True,False,True,0.0,1,0.9054716035235982,1.0297214065745184,False,False,False,False,-0.08827584176965612,-0.12479281921493066,False,False,False,False,139250,-14119.3540063779,False,False,False,False,80861.94329288072,False,False,False,False
2022-03-18 00:00:00+00:00,7.01,7.02,6.78,6.87,186743,,,,,,,,,,,,,,,,,,,,,,,,,,"rgba(38, 166, 154, 1.0)",0.0,0.0,,6.707699408951519,,0.0,0.0,0.0,0.0,0.0,0.0,0.0,0.0,55.52362432187471,-1.1564136428023204,True,False,True,False,True,0.0,1,0.9086872448614195,1.0290052281028434,False,False,False,False,-0.04051296541376312,-0.08265289231434689,False,False,False,False,325993,-781.6146335787671,False,False,False,False,85014.1415951207,False,False,False,False
2022-03-21 00:00:00+00:00,6.63,7.01,6.54,6.96,69309,,,,,,,,,,,,,,,,,,,,,,,,,,"rgba(38, 166, 154, 0.5)",0.0,0.0,,6.696998928178671,,0.0,0.0,0.0,0.0,0.0,0.0,0.0,0.0,53.29665338723352,-1.1564136428023204,False,False,True,False,True,0.0,1,0.8955287741567426,1.0381516080724524,False,False,False,False,-0.08568792708992232,-0.0841704097021346,False,False,False,False,256684,9315.076136365498,False,False,False,False,84398.2536894297,False,False,False,False
2022-03-22 00:00:00+00:00,6.48,6.76,6.45,6.64,122049,,,,,,,,,,,,,,,,,,,,,,,,,,#000000,0.0,0.0,,6.666999291376816,,0.0,0.0,0.0,0.0,0.0,0.0,0.0,0.0,50.38870524672202,-1.1564136428023204,False,False,False,False,False,0.0,1,0.8905868847754341,1.053092265748314,False,False,False,False,-0.10408859591096399,-0.0941295028065493,False,False,False,False,134635,14229.582954547244,False,False,False,False,85874.75354474619,False,False,False,False
2022-03-23 00:00:00+00:00,6.36,6.4,6.15,6.4,118692,,,,,,,,,,,,,,,,,,,,,,,,,,#000000,0.0,0.0,,6.621232274446104,,0.0,0.0,0.0,0.0,0.0,0.0,0.0,0.0,47.38871544821134,4.4605177443851645,False,False,False,False,False,0.0,1,0.8920218108767398,1.0462763667671116,False,False,False,False,-0.2891056868812081,-0.1916175948438787,False,False,False,False,15943,14296.775779859117,False,False,False,False,87161.70438612868,False,False,False,False
2022-03-24 00:00:00+00:00,6.32,6.52,6.17,6.41,125212,,,,,,,,,,,,,,,,,,,,,,,,,,"rgba(239, 83, 80, 1.0)",0.0,0.0,,6.590887083622083,,0.0,0.0,0.0,0.0,0.0,0.0,0.0,0.0,45.036581456662724,2.2113108494301628,False,True,False,True,False,0.0,1,0.899949974987494,1.0325162581290648,False,False,False,False,-0.24843037996466796,-0.2200239874042733,False,False,False,False,-109269,9451.05908260974,False,False,False,False,88653.87284157462,False,False,False,False
2022-03-25 00:00:00+00:00,6.13,6.37,6.1,6.37,65859,,,,,,,,,,,,,,,,,,,,,,,,,,"rgba(239, 83, 80, 1.0)",0.0,0.0,,6.571307138218026,,0.0,0.0,0.0,0.0,0.0,0.0,0.0,0.0,41.88650179934986,-0.804083058049045,False,True,False,True,False,0.0,1,0.8888730079325375,1.0475237618809405,False,False,False,False,-0.3092933042979573,-0.2646586458511153,False,False,False,False,-175128,2212.6646087819063,False,False,False,False,87759.95625955208,False,False,False,False
2022-03-28 00:00:00+00:00,6.22,6.23,5.97,6.14,73649,,,,,,,,,,,,,,,,,,,,,,,,,,"rgba(239, 83, 80, 1.0)",0.0,0.0,,6.549105197035803,,0.0,0.0,0.0,0.0,0.0,0.0,0.0,0.0,41.02686282161491,-1.7015929931049598,False,True,False,True,False,0.0,1,0.8893107895113912,1.0494340163347184,False,False,False,False,-0.34282825441539394,-0.30374345013325466,False,False,False,False,-101479,-1853.6751797977763,False,False,False,False,87206.58542584415,False,False,False,False
2022-03-29 00:00:00+00:00,6.51,6.65,6.26,6.27,76625,,,,,,,,,,,,,,,,,,,,,,,,,,"rgba(239, 83, 80, 1.0)",0.0,0.0,,6.545844586160061,,0.0,0.0,0.0,0.0,0.0,0.0,0.0,0.0,43.89226661156116,-1.7015929931049598,False,True,False,True,False,0.0,1,0.9217311233885819,1.0053123671908202,False,False,False,False,-0.11096849960572618,-0.20735597486949042,False,False,False,False,-24854,-2755.6487021586477,False,False,False,False,86791.62129149731,False,False,False,False
2022-03-30 00:00:00+00:00,6.42,6.6,6.365,6.56,88688,,,,,,,,,,,,,,,,,,,,,,,,,,"rgba(239, 83, 80, 0.5)",0.0,0.0,,6.541846066219774,,0.0,0.0,0.0,0.0,0.0,0.0,0.0,0.0,44.895425024584384,-1.7015929931049598,False,False,False,True,True,0.0,1,0.9351528539870305,1.0060571510012115,False,False,False,False,-0.09378692148579555,-0.15057144817764298,False,False,False,False,-113542,-7100.211498152426,False,False,False,False,86865.98908398762,False,False,False,False
2022-03-31 00:00:00+00:00,6.61,6.71,6.37,6.37,84716,,,,,,,,,,,,,,,,,,,,,,,,,,#000000,0.0,0.0,,6.54344829640001,,0.0,0.0,0.0,0.0,0.0,0.0,0.0,0.0,47.56360626265009,-1.7015929931049598,False,False,False,False,True,0.0,1,0.9401261248494296,0.989725784737476,False,False,False,False,-0.05802759736942881,-0.1042995227735359,False,False,False,False,-28826,-7952.203204107234,False,False,False,False,86781.67578657634,False,False,False,False
2022-04-01 00:00:00+00:00,6.66,6.71,6.5,6.61,104916,,,,,,,,,,,,,,,,,,,,,,,,,,#000000,0.0,0.0,,6.548541830294017,,0.0,0.0,0.0,0.0,0.0,0.0,0.0,0.0,49.83953219081248,-7.2312714965009945,True,False,False,False,True,0.0,1,0.9406598404047437,0.9975129857671728,False,False,False,False,-0.017777077319419625,-0.061038300046477756,False,False,False,False,76090,-4656.430529436362,False,False,False,False,87492.82575573021,False,False,False,False
2022-04-04 00:00:00+00:00,6.36,6.67,6.23,6.63,85966,,,,,,,,,,,,,,,,,,,,,,,,,,#000000,0.0,0.0,,6.543206818268279,,0.0,0.0,0.0,0.0,0.0,0.0,0.0,0.0,48.222749666239416,-7.2312714965009945,True,False,False,False,True,0.0,1,0.9189656030309707,1.0167044590243175,False,False,False,False,-0.09815321378588522,-0.07959575691618148,False,False,False,False,-9876,-4861.1195282819945,False,False,False,False,87432.95023589765,False,False,False,False
2022-04-05 00:00:00+00:00,6.11,6.45,6.0797,6.33,68397,,,,,,,,,,,,,,,,,,,,,,,,,,"rgba(239, 83, 80, 0.5)",0.0,0.0,,6.532326446369395,,0.0,0.0,0.0,0.0,0.0,0.0,0.0,0.0,45.09364828310181,-7.2312714965009945,False,False,False,True,False,0.0,1,0.9084490119024059,1.0215572078821633,False,False,False,False,-0.22258299374951693,-0.15108937533284922,False,False,False,False,-78273,-7740.016801682701,False,False,False,False,86686.44238350951,False,False,False,False
2022-04-06 00:00:00+00:00,6.15,6.27,5.945,6.03,123267,,,,,,,,,,,,,,,,,,,,,,,,,,"rgba(239, 83, 80, 1.0)",0.0,0.0,,6.509439660103039,,0.0,0.0,0.0,0.0,0.0,0.0,0.0,0.0,43.48686251468296,-7.2312714965009945,False,True,False,True,False,0.0,1,0.906538085730065,1.0336321282410752,False,False,False,False,-0.3371704795285502,-0.24412992743069972,False,False,False,False,44994,-5672.0161427931835,False,False,False,False,88120.97405474444,False,False,False,False
2022-04-07 00:00:00+00:00,6.09,6.14,5.89,6.1,75043,,,,,,,,,,,,,,,,,,,,,,,,,,"rgba(239, 83, 80, 1.0)",0.0,0.0,,6.494138526310125,,0.0,0.0,0.0,0.0,0.0,0.0,0.0,0.0,41.91440938374466,-1.266453937638893,False,True,False,True,False,0.0,0,0.9039316337357688,1.0483926471853402,False,False,False,False,-0.34282825441539394,-0.2934790909230468,False,False,False,False,-30049,-6627.976294056196,False,False,False,False,87608.1123271074,False,False,False,False
2022-04-08 00:00:00+00:00,6.11,6.35,6.08,6.11,76202,,,,,,,,,,,,,,,,,,,,,,,,,,"rgba(239, 83, 80, 1.0)",0.0,0.0,,6.484275385115364,,0.0,0.0,0.0,0.0,0.0,0.0,0.0,0.0,41.141772370003956,-2.2348564788158853,False,True,False,True,False,0.0,0,0.9265472124124355,1.021348347131361,False,False,False,False,-0.20904930562625704,-0.2512641982746519,False,False,False,False,46153,-4558.134086446149,False,False,False,False,87160.81380447574,False,False,False,False
2022-04-11 00:00:00+00:00,6.07,6.1,5.88,6.06,56101,,,,,,,,,,,,,,,,,,,,,,,,,,"rgba(239, 83, 80, 1.0)",0.0,0.0,,6.38222808975374,,0.0,0.0,0.0,0.0,0.0,0.0,0.0,0.0,40.245810910741554,-3.3760852980588396,False,True,False,True,False,0.0,0,0.9173189682562604,1.0184136795586494,False,False,False,False,-0.34282825441539394,-0.2970462263450229,False,False,False,False,-9948,-4769.501377173751,False,False,False,False,85942.78189057474,False,False,False,False
2022-04-12 00:00:00+00:00,6.06,6.185,6.02,6.14,58345,,,,,,,,,,,,,,,,,,,,,,,,,,"rgba(239, 83, 80, 1.0)",0.0,0.0,,6.382473194407238,,0.0,0.0,0.0,0.0,0.0,0.0,0.0,0.0,39.547587201382846,-4.363617803601919,False,True,False,True,False,0.0,0,0.9285372259384477,1.0130591871381516,False,False,False,False,-0.2681265639000045,-0.2825863951225137,False,False,False,False,-68293,-7260.618970225761,False,False,False,False,84860.51593408162,False,False,False,False
2022-04-13 00:00:00+00:00,6.03,6.17,6.02,6.12,47190,,,,,,,,,,,,,,,,,,,,,,,,,,"rgba(239, 83, 80, 1.0)",0.0,0.0,,6.377967055185847,,0.0,0.0,0.0,0.0,0.0,0.0,0.0,0.0,38.760070358259064,-5.45555032367718,False,True,False,True,False,0.0,1,0.9251737429188809,1.0175202943409445,False,False,False,False,-0.27300850057729553,-0.2777974478499046,False,False,False,False,-115483,-11504.633912569849,False,False,False,False,83383.24079941175,False,False,False,False
2022-04-14 00:00:00+00:00,6.06,6.13,6.04,6.07,53587,,,,,,,,,,,,,,,,,,,,,,,,,,"rgba(239, 83, 80, 1.0)",0.0,0.0,,6.372715057551827,,0.0,0.0,0.0,0.0,0.0,0.0,0.0,0.0,38.80249724264754,-5.781664844529963,False,True,False,True,False,0.0,1,0.9339663708064957,1.011782760427042,False,False,False,False,-0.27953760504055636,-0.2786675264452305,False,False,False,False,-61896,-13480.765915998483,False,False,False,False,82214.76076806228,False,False,False,False
2022-04-18 00:00:00+00:00,6.01,6.06,5.94,6.03,114614,,,,,,,,,,,,,,,,,,,,,,,,,,"rgba(239, 83, 80, 1.0)",0.0,0.0,,6.353797996925758,,0.0,0.0,0.0,0.0,0.0,0.0,0.0,0.0,38.21723666820233,-6.724525177878455,False,True,False,True,False,0.0,1,0.9232975388514638,1.0151922749134779,False,False,False,False,-0.33604832995517814,-0.30735792820020436,False,False,False,False,-176510,-19874.06921341031,False,False,False,False,83485.31916931474,False,False,False,False
2022-04-19 00:00:00+00:00,6.02,6.1,5.97,6.07,75227,,,,,,,,,,,,,,,,,,,,,,,,,,"rgba(239, 83, 80, 1.0)",0.0,0.0,,6.344931952612622,,0.0,0.0,0.0,0.0,0.0,0.0,0.0,0.0,38.04332497528164,-7.272784011014124,False,True,False,True,False,0.0,1,0.9293938329809249,1.0122981746998303,False,False,False,False,-0.3125468614095033,-0.3099523948048538,False,False,False,False,-101283,-23066.576303080496,False,False,False,False,83161.46351561612,False,False,False,False
2022-04-20 00:00:00+00:00,6.11,6.25,6.08,6.11,63035,,,,,,,,,,,,,,,,,,,,,,,,,,"rgba(239, 83, 80, 1.0)",0.0,0.0,0.4404413020375588,6.343185194952249,-0.5294353501215556,0.0,0.0,0.0,0.0,0.0,0.0,0.0,0.0,39.85013878597732,-7.272784011014124,False,True,False,True,False,0.0,1,0.9269276992240241,0.9954969658303535,False,False,False,False,-0.22790211785364273,-0.2689272563292483,False,False,False,False,-38248,-23661.9262519793,False,False,False,False,82372.19043657235,False,False,False,False
2022-04-21 00:00:00+00:00,6.0,6.32,5.93,6.15,76291,,,,,,,,,,,,,,,,,,,,,,,,,,"rgba(239, 83, 80, 1.0)",0.0,0.0,0.43584553838869666,6.337359098560941,-0.7740336170656785,0.0,0.0,0.0,0.0,0.0,0.0,0.0,0.0,39.45096910408252,-7.272784011014124,False,True,False,True,False,0.0,1,0.9169646636404767,0.9930670091807392,False,False,False,False,-0.25355435439101703,-0.26124080536013267,False,False,False,False,-114539,-27225.733065627173,False,False,False,False,82133.71238023617,False,False,False,False
2022-04-22 00:00:00+00:00,6.11,6.16,5.95,5.96,67856,,,,,,,,,,,,,,,,,,,,,,,,,,"rgba(239, 83, 80, 0.75)",0.0,0.0,0.4210528630867067,6.331897185571365,-0.5270055259680536,0.0,0.0,0.0,0.0,0.0,0.0,0.0,0.0,41.40451803640974,-7.272784011014124,False,True,False,True,True,0.0,0,0.9171367098912601,1.005451532243996,False,False,False,False,-0.29926758057679104,-0.2802541929684619,False,False,False,False,-46683,-27988.76314148493,False,False,False,False,81573.80209081515,False,False,False,False
2022-04-25 00:00:00+00:00,5.9,6.06,5.88,6.06,91120,,,,,,,,,,,,,,,,,,,,,,,,,,"rgba(239, 83, 80, 0.75)",0.0,0.0,0.4113748865661304,6.3186095205319335,-1.0175864745322505,0.0,0.0,0.0,0.0,0.0,0.0,0.0,0.0,39.90312564498108,-7.272784011014124,False,True,False,True,True,0.0,0,0.9104916797124136,1.0097843103148374,False,False,False,False,-0.34282825441539394,-0.31154122369192794,False,False,False,False,-137803,-32295.203802603173,False,False,False,False,81948.16279313613,False,False,False,False
2022-04-26 00:00:00+00:00,5.8,5.93,5.78,5.87,93989,,,,,,,,,,,,,,,,,,,,,,,,,,"rgba(239, 83, 80, 1.0)",0.0,0.0,0.3939068806591603,6.301066273758194,-1.2720424505398704,0.0,0.0,0.0,0.0,0.0,0.0,0.0,0.0,37.81217636075955,-8.201698173180901,False,True,False,True,False,0.0,0,0.9036895970227363,1.0185352096295863,False,False,False,False,-0.34282825441539394,-0.32718473905366097,False,False,False,False,-231792,-40118.60757505011,False,False,False,False,82420.35248752296,False,False,False,False
2022-04-27 00:00:00+00:00,5.75,5.83,5.67,5.8,64109,,,,,,,,,,,,,,,,,,,,,,,,,,"rgba(239, 83, 80, 1.0)",0.0,0.0,0.38795527744483194,6.287496829433536,-1.3854608009810339,0.0,0.0,0.0,0.0,0.0,0.0,0.0,0.0,35.897219829575114,-10.061612041813014,False,True,False,True,False,0.0,1,0.894470393687081,1.0228466157997038,False,False,False,False,-0.34282825441539394,-0.3350064967345274,False,False,False,False,-295901,-50149.2896309305,False,False,False,False,81702.2602331103,False,False,False,False
2022-04-28 00:00:00+00:00,5.79,5.89,5.58,5.76,47420,,,,,,,,,,,,,,,,,,,,,,,,,,"rgba(239, 83, 80, 1.0)",0.0,0.0,0.3870866001762851,6.2781444683344105,-1.2610730211588366,0.0,0.0,0.0,0.0,0.0,0.0,0.0,0.0,35.51030040710897,-10.490318778095975,False,True,False,True,False,0.0,1,0.8852319825005754,1.0305808197098778,False,False,False,False,-0.34282825441539394,-0.3389173755749607,False,False,False,False,-248481,-57927.003763050874,False,False,False,False,80357.85787102755,False,False,False,False
2022-04-29 00:00:00+00:00,5.69,5.8579,5.66,5.8,87357,,,,,,,,,,,,,,,,,,,,,,,,,,"rgba(239, 83, 80, 1.0)",0.0,0.0,0.38504952296442885,6.261407607297821,-1.48398471681942,0.0,0.0,0.0,0.0,0.0,0.0,0.0,0.0,34.1232543836676,-11.901890512367665,False,True,False,True,False,0.0,1,0.8840463814474209,1.0528588564574168,False,False,False,False,-0.3296959906429823,-0.3343066831089715,False,False,False,False,-335838,-68825.47420371555,False,False,False,False,80632.33403294803,False,False,False,False
2022-05-02 00:00:00+00:00,5.76,5.85,5.66,5.66,199445,,,,,,,,,,,,,,,,,,,,,,,,,,"rgba(239, 83, 80, 1.0)",0.0,0.0,0.3845121865710119,6.229513278470785,-1.2210621532123411,0.0,0.0,0.0,0.0,0.0,0.0,0.0,0.0,34.79679009038366,-11.901890512367665,False,True,False,True,False,0.0,1,0.8694118075006363,1.0578371103270159,False,False,False,False,-0.3301655564191722,-0.33223611976407186,False,False,False,False,-136393,-71475.1810976875,False,False,False,False,85291.65426695006,False,False,False,False
2022-05-03 00:00:00+00:00,5.9,5.96,5.75,5.78,79471,,,,,,,,,,,,,,,,,,,,,,,,,,"rgba(239, 83, 80, 0.75)",0.0,0.0,0.3827824635669891,6.22153822596057,-0.8400024989762852,0.0,0.0,0.0,0.0,0.0,0.0,0.0,0.0,38.080759822271716,-11.901890512367665,False,True,False,True,True,0.0,1,0.8998987824119554,1.047936947396624,False,False,False,False,-0.2682730482794314,-0.30025458402175165,False,False,False,False,-56922,-70904.46811346446,False,False,False,False,85063.39331530496,False,False,False,False
2022-05-04 00:00:00+00:00,5.99,6.06,5.7873,5.81,125140,,,,,,,,,,,,,,,,,,,,,,,,,,"rgba(239, 83, 80, 0.75)",0.0,0.0,0.3785937469441672,6.213102835489156,-0.5892935033659125,0.0,0.0,0.0,0.0,0.0,0.0,0.0,0.0,41.85820763878699,-12.444532125169872,False,True,False,True,True,0.0,1,0.9068308257587542,1.0137046173448598,False,False,False,False,-0.226942786350303,-0.2635986851860273,False,False,False,False,68218,-65448.68505019135,False,False,False,False,86635.02494999889,False,False,False,False
2022-05-05 00:00:00+00:00,5.77,5.97,5.67,5.89,112815,,,,,,,,,,,,,,,,,,,,,,,,,,"rgba(239, 83, 80, 0.75)",0.0,0.0,0.3839396067373363,6.20054889273739,-1.1213974416344625,0.0,0.0,0.0,0.0,0.0,0.0,0.0,0.0,41.280809730032495,-12.444532125169872,False,True,False,True,True,0.0,1,0.8945062967694833,1.0158131045811278,False,False,False,False,-0.2896856917162859,-0.2766421884511566,False,False,False,False,-44597,-64630.97191096816,False,False,False,False,87661.69063823423,False,False,False,False
2022-05-06 00:00:00+00:00,5.57,5.8108,5.54,5.7,146594,,,,,,,,,,,,,,,,,,,,,,,,,,"rgba(239, 83, 80, 1.0)",0.0,0.0,0.39313904195119703,6.177960580700804,-1.5464263678402956,0.0,0.0,0.0,0.0,0.0,0.0,0.0,0.0,38.779735519804525,-12.444532125169872,False,True,False,True,False,0.0,1,0.9032020046316923,1.020762256817866,False,False,False,False,-0.34282825441539394,-0.30973522143327525,False,False,False,False,-191191,-69594.11026740079,False,False,False,False,89972.7615935976,False,False,False,False
2022-05-09 00:00:00+00:00,5.39,5.545,5.34,5.5,246774,,,,,,,,,,,,,,,,,,,,,,,,,,"rgba(239, 83, 80, 1.0)",0.0,0.0,0.40564374375410445,6.129047002332389,-1.8219115016855518,0.0,0.0,0.0,0.0,0.0,0.0,0.0,0.0,35.58763950994661,-9.553573883714506,False,True,False,True,False,0.0,0,0.8743452437483102,1.0471205335943832,False,False,False,False,-0.34282825441539394,-0.32628173792433457,False,False,False,False,-437965,-84040.02751181644,False,False,False,False,96121.82976639771,False,False,False,False
2022-05-10 00:00:00+00:00,5.46,5.58,5.33,5.42,147594,,,,,,,,,,,,,,,,,,,,,,,,,,"rgba(239, 83, 80, 1.0)",0.0,0.0,0.4142283393457234,6.104428469789336,-1.5557324513509028,0.0,0.0,0.0,0.0,0.0,0.0,0.0,0.0,34.75178575755822,-10.275549569029671,False,True,False,True,False,0.0,0,0.8661423606828551,1.047158517916609,False,False,False,False,-0.33648933380001356,-0.33138553586217406,False,False,False,False,-290371,-92131.43819762758,False,False,False,False,98140.34624614683,False,False,False,False
2022-05-11 00:00:00+00:00,5.33,5.57,5.3,5.42,122403,,,,,,,,,,,,,,,,,,,,,,,,,,"rgba(239, 83, 80, 1.0)",0.0,0.0,0.420617178454244,6.083674580691882,-1.7918302420781163,0.0,0.0,0.0,0.0,0.0,0.0,0.0,0.0,33.085183701589486,-11.862315703572712,False,True,False,True,False,0.0,0,0.8781239798324202,1.0419891907577348,False,False,False,False,-0.34282825441539394,-0.337106895138784,False,False,False,False,-412774,-104705.65630752454,False,False,False,False,99091.822863945,False,False,False,False
2022-05-12 00:00:00+00:00,5.25,5.47,5.06,5.33,134909,,,,,,,,,,,,,,,,,,,,,,,,,,"rgba(239, 83, 80, 1.0)",-1.0,5.08,0.43319005254232246,5.924612814679513,-1.5573137257430527,0.0,0.0,0.0,0.0,0.0,0.0,0.0,0.0,31.34177619942073,-13.545344873871727,False,True,False,True,False,0.0,0,0.8555219088620523,1.0780765442008096,False,False,False,False,-0.34282825441539394,-0.33996757477708894,False,False,False,False,-547683,-122077.31684448436,False,False,False,False,100496.41804575108,True,False,False,False
2022-05-13 00:00:00+00:00,5.4,5.42,5.22,5.27,71869,,,,,,,,,,,,,,,,,,,,,,,,,,"rgba(239, 83, 80, 1.0)",0.0,0.0,0.4413418115186833,5.919940900849906,-1.1780911920870547,0.0,0.0,0.0,0.0,0.0,0.0,0.0,0.0,32.974476875600814,-13.545344873871727,False,True,False,True,False,0.0,0,0.8562515961910317,1.0795359188587688,False,False,False,False,-0.31811131657243324,-0.32903944567476107,False,False,False,False,-475814,-135949.34363489674,False,False,False,False,99373.77420081967,False,False,False,False
2022-05-16 00:00:00+00:00,5.38,5.4897,5.34,5.34,68318,,,,,,,,,,,,,,,,,,,,,,,,,,"rgba(239, 83, 80, 1.0)",0.0,0.0,0.45196320507175913,5.916516178335577,-1.1870793292794564,0.0,0.0,0.0,0.0,0.0,0.0,0.0,0.0,33.860479636169586,-13.545344873871727,False,True,False,True,False,0.0,0,0.8999563719516779,1.0654646387146272,False,False,False,False,-0.2763354711121328,-0.3026874583934469,False,False,False,False,-544132,-151956.50662960668,False,False,False,False,98155.9007027483,False,False,False,False
2022-05-17 00:00:00+00:00,5.57,5.59,5.43,5.44,77524,,,,,,,,,,,,,,,,,,,,,,,,,,"rgba(239, 83, 80, 0.75)",0.0,0.0,0.45605266805056,5.917357055027591,-0.7616599558827305,0.0,0.0,0.0,0.0,0.0,0.0,0.0,0.0,37.64896198375933,-17.598871663913776,False,True,False,True,True,0.0,0,0.9040781762863266,1.0299755699105229,False,False,False,False,-0.23535219339118213,-0.26901982589231455,False,False,False,False,-466608,-164295.78087942605,False,False,False,False,97346.8065575425,False,False,False,False
2022-05-18 00:00:00+00:00,5.4,5.64,5.39,5.44,61903,,,,,,,,,,,,,,,,,,,,,,,,,,"rgba(239, 83, 80, 0.75)",0.0,0.0,0.4647212862285006,5.914143759415873,-1.1063486322919818,0.0,0.0,0.0,0.0,0.0,0.0,0.0,0.0,38.24613081125401,-17.005142789176205,False,True,False,True,True,0.0,0,0.8994311103105626,1.036399933954759,False,False,False,False,-0.23322101468855974,-0.25112042029043713,False,False,False,False,-528511,-178578.7306488603,False,False,False,False,95956.8533592075,False,False,False,False
2022-05-19 00:00:00+00:00,5.39,5.525,5.33,5.33,89236,,,,,,,,,,,,,,,,,,,,,,,,,,"rgba(239, 83, 80, 0.75)",0.0,0.0,0.47254335803735864,5.905725550858473,-1.0913824987414185,0.0,0.0,0.0,0.0,0.0,0.0,0.0,0.0,38.53631518954629,-16.595660587366552,False,True,False,True,True,0.0,0,0.8910190660069987,1.0490225654639793,False,False,False,False,-0.27083719367091635,-0.26097880698067677,False,False,False,False,-617747,-195801.01572145402,False,False,False,False,95693.29048237583,False,False,False,False
2022-05-20 00:00:00+00:00,5.34,5.47,5.26,5.46,77947,,,,,,,,,,,,,,,,,,,,,,,,,,"rgba(239, 83, 80, 0.75)",0.0,0.0,0.48119314921021566,5.89627306843546,-1.156028653667396,0.0,0.0,0.0,0.0,0.0,0.0,0.0,0.0,38.16647366247639,-16.595660587366552,False,True,False,True,True,0.0,0,0.9174930156878393,1.0448991496024314,False,False,False,False,-0.2981656441675254,-0.2795722255741011,False,False,False,False,-695694,-215404.66216374995,False,False,False,False,94997.35752228266,False,False,False,False
2022-05-23 00:00:00+00:00,5.43,5.55,5.35,5.37,48391,,,,,,,,,,,,,,,,,,,,,,,,,,"rgba(239, 83, 80, 0.75)",0.0,0.0,0.48767745211081404,5.892530526595652,-0.948435332807949,0.0,0.0,0.0,0.0,0.0,0.0,0.0,0.0,39.56346798981469,-15.218068321330733,False,True,False,True,True,0.0,0,0.9001957251149494,1.0643873493227287,False,False,False,False,-0.26109678419534876,-0.27033450488472494,False,False,False,False,-647303,-232341.85188281856,False,False,False,False,93169.65722729119,False,False,False,False
2022-05-24 00:00:00+00:00,5.42,5.5,5.28,5.38,46302,,,,,,,,,,,,,,,,,,,,,,,,,,"rgba(239, 83, 80, 0.75)",0.0,0.0,0.4938675096795851,5.8880717595742595,-0.9477678737723374,0.0,0.0,0.0,0.0,0.0,0.0,0.0,0.0,40.36011437589917,-14.246753264641427,False,True,False,True,True,0.0,0,0.9002753183368268,1.0621812720958603,False,False,False,False,-0.2871844068396749,-0.2787594558621999,False,False,False,False,-693605,-250430.6027893747,False,False,False,False,91331.70988504447,False,False,False,False
2022-05-25 00:00:00+00:00,5.46,5.58,5.38,5.41,43947,,,,,,,,,,,,,,,,,,,,,,,,,,"rgba(239, 83, 80, 0.5)",0.0,0.0,0.4988698940316694,5.885238591137558,-0.8524037955085794,0.0,0.0,0.0,0.0,0.0,0.0,0.0,0.0,41.67060567096752,-12.796203344004851,False,False,False,True,True,0.0,0,0.8956639989996246,1.059006502438414,False,False,False,False,-0.24818418787291435,-0.26347182186755713,False,False,False,False,-649658,-266086.57915057574,False,False,False,False,89473.48596798391,False,False,False,False
2022-05-26 00:00:00+00:00,5.8,5.82,5.4146,5.4146,71071,,,,,,,,,,,,,,,,,,,,,,,,,,#000000,0.0,0.0,0.49768701043965197,5.8862624327077055,-0.17332667097640808,0.0,0.0,0.0,0.0,0.0,0.0,0.0,0.0,47.62464227852995,-7.116995491123234,True,False,False,False,True,0.0,0,0.8943894133434688,1.0539106556931976,False,False,False,False,-0.19004245562240996,-0.22675713874498354,False,False,False,False,-578587,-278341.497615259,False,False,False,False,88751.8198515924,False,False,False,False
2022-05-27 00:00:00+00:00,5.88,6.01,5.8,5.8,117730,,,,,,,,,,,,,,,,,,,,,,,,,,"rgba(38, 166, 154, 1.0)",0.0,0.0,0.49523233240880077,5.895860025799954,-0.03202542475934737,0.0,0.0,0.0,0.0,0.0,0.0,0.0,0.0,52.48601078014136,-2.7198821729063027,True,False,True,False,True,0.0,0,0.9153977504151388,1.0497383839333267,False,False,False,False,-0.07177438859564687,-0.14926576367031522,False,False,False,False,-460857,-285498.96829701355,False,False,False,False,89888.21907309859,False,False,False,False
2022-05-31 00:00:00+00:00,5.79,5.91,5.722,5.84,67114,,,,,,,,,,,,,,,,,,,,,,,,,,"rgba(38, 166, 154, 1.0)",0.0,0.0,0.49401546461550894,5.898161014452004,-0.21894256799467898,0.0,0.0,0.0,0.0,0.0,0.0,0.0,0.0,54.158359379875535,-1.364687251811489,True,False,True,False,True,0.0,0,0.8959480290684869,1.0633120458048886,False,False,False,False,-0.08940301620238064,-0.11933438993634793,False,False,False,False,-527971,-295007.67542262084,False,False,False,False,88995.112442781,False,False,False,False
2022-06-01 00:00:00+00:00,5.71,5.89,5.68,5.88,102437,,,,,,,,,,,,,,,,,,,,,,,,,,"rgba(38, 166, 154, 1.0)",0.0,0.0,0.4935320393590184,5.89926469283008,-0.38349018449924793,0.0,0.0,0.0,0.0,0.0,0.0,0.0,0.0,53.95320155503511,-1.364687251811489,True,False,True,False,True,0.0,0,0.9096733789382404,1.0654366188136297,False,False,False,False,-0.07401548005966707,-0.0966749349980075,False,False,False,False,-630408,-308160.6293276161,False,False,False,False,89522.24528816214,False,False,False,False
2022-06-02 00:00:00+00:00,5.92,6.03,5.68,5.68,93500,,,,,,,,,,,,,,,,,,,,,,,,,,"rgba(38, 166, 154, 1.0)",0.0,0.0,0.49062115437179726,5.903074106787916,0.034498906256408356,0.0,0.0,0.0,0.0,0.0,0.0,0.0,0.0,56.38509709994701,0.6729369122114974,True,False,True,False,True,0.0,0,0.9171655408649996,1.0340141498863524,False,False,False,False,-0.03942341810796798,-0.06804917655298774,False,False,False,False,-536908,-317131.1144520233,False,False,False,False,89678.23566901854,False,False,False,False
2022-06-03 00:00:00+00:00,5.7,5.92,5.685,5.84,136885,,,,,,,,,,,,,,,,,,,,,,,,,,"rgba(38, 166, 154, 1.0)",0.0,0.0,0.48631958498371874,5.903213762488677,-0.4178605360824196,0.0,0.0,0.0,0.0,0.0,0.0,0.0,0.0,54.73006058974558,0.6729369122114974,True,False,True,False,True,0.0,0,0.939515153470217,1.0205648478201257,False,False,False,False,-0.06535410100368803,-0.06670163877833789,False,False,False,False,-673793,-331117.8550617479,False,False,False,False,91529.48132905703,False,False,False,False
2022-06-06 00:00:00+00:00,5.72,5.9,5.69,5.7,119819,,,,,,,,,,,,,,,,,,,,,,,,,,"rgba(38, 166, 154, 1.0)",0.0,0.0,0.47498517757811826,5.902925364569579,-0.3851180483195062,0.0,0.0,0.0,0.0,0.0,0.0,0.0,0.0,53.8824608413196,0.6729369122114974,True,False,True,False,True,0.0,0,0.937600939656438,1.0322191226610544,False,False,False,False,-0.06906484626933779,-0.06788324252383784,False,False,False,False,-553974,-339857.31172599306,False,False,False,False,92638.87421811363,False,False,False,False
2022-06-07 00:00:00+00:00,6.27,6.37,5.69,5.69,140240,,,,,,,,,,,,,,,,,,,,,,,,,,"rgba(38, 166, 154, 1.0)",0.0,0.0,0.4614541059432557,5.914478168315294,0.7704381153093988,0.0,0.0,0.0,0.0,0.0,0.0,0.0,0.0,58.47008272795769,2.5720698332022778,True,False,True,False,True,0.6142127611229533,0,0.9451451483054188,0.9822412350629051,False,False,False,False,0.046825209658016446,-0.010529016432910699,False,False,False,False,-413734,-342754.43675634626,False,False,False,False,94505.58503308958,False,False,False,False
2022-06-08 00:00:00+00:00,6.38,6.55,6.1807,6.2,78047,,,,,,,,,,,,,,,,,,,,,,,,,,"rgba(38, 166, 154, 1.0)",0.0,0.0,0.45773523957583506,5.925315091371299,0.9933360364608128,0.0,0.0,0.0,0.0,0.0,0.0,0.0,0.0,62.24465559324587,6.06625561457075,True,False,True,False,True,2.090602808158607,0,0.9941858190326391,0.9573522392030737,False,False,False,False,0.21522620836969675,0.10234859596839302,False,False,False,False,-335687,-342477.28237374447,False,False,False,False,93860.1503259096,False,False,False,False
2022-06-09 00:00:00+00:00,6.69,6.83,6.18,6.31,173919,,,,,,,,,,,,,,,,,,,,,,,,,,"rgba(38, 166, 154, 1.0)",0.0,0.0,0.45791175041831883,6.042532077417947,1.4139578684988277,0.0,0.0,0.0,0.0,0.0,0.0,0.0,0.0,66.47987879571372,9.925452519074128,True,False,True,False,True,6.027293953798541,0,0.9749982691109382,0.9673054288373809,False,False,False,False,0.2884919601055503,0.19542027803697165,False,False,False,False,-161768,-335390.64384928386,False,True,False,False,96999.71305822689,False,False,False,False
2022-06-10 00:00:00+00:00,6.63,6.71,6.48,6.56,203319,,,,,,,,,,,,,,,,,,,,,,,,,,"rgba(38, 166, 154, 1.0)",0.0,0.0,0.45791175041831883,6.07332479435857,1.215682290600507,0.0,0.0,0.0,0.0,0.0,0.0,0.0,0.0,68.42718531536264,11.631421518405851,True,False,True,False,True,5.172353340139846,0,0.9899954594777628,0.9726799085738911,False,False,False,False,0.33731091161548804,0.26636559482622985,False,False,False,False,-365087,-336555.2068355865,False,False,False,False,101169.09685986505,False,False,False,False
2022-06-13 00:00:00+00:00,6.36,6.49,6.27,6.44,121431,,,,,,,,,,,,,,,,,,,,,,,,,,"rgba(38, 166, 154, 1.0)",0.0,0.0,0.45495403193198397,6.075562494242646,0.6252005385016093,0.0,0.0,0.0,0.0,0.0,0.0,0.0,0.0,66.15945987346274,11.631421518405851,True,False,True,False,True,1.4675250396077821,0,0.9627327283484834,0.9873214436649479,False,False,False,False,0.2227935817710377,0.24457958829863377,False,False,False,False,-486518,-342436.1006851714,False,False,False,False,101963.68129673309,False,False,False,False
2022-06-14 00:00:00+00:00,6.28,6.43,6.21,6.43,154604,,,,,,,,,,,,,,,,,,,,,,,,,,"rgba(38, 166, 154, 0.75)",0.0,0.0,0.44884865725221307,6.077370940372313,0.45144183090165313,0.0,0.0,0.0,0.0,0.0,0.0,0.0,0.0,63.70287784888438,11.631421518405851,True,False,True,False,False,0.4138786614438317,0,0.9481730023571686,0.9919380225888927,False,False,False,False,0.1960058841587888,0.2202927362287113,False,False,False,False,-641122,-354149.27320732153,False,False,False,False,104028.00752039062,False,False,False,False
2022-06-15 00:00:00+00:00,6.36,6.48,6.27,6.38,178640,,,,,,,,,,,,,,,,,,,,,,,,,,"rgba(38, 166, 154, 0.75)",0.0,0.0,0.4447268622221728,6.085882266917126,0.6163732312304817,0.0,0.0,0.0,0.0,0.0,0.0,0.0,0.0,62.726668634685204,11.631421518405851,True,False,True,False,False,1.4480346490404692,0,0.9730344455647523,0.984758599667034,False,False,False,False,0.224525365662735,0.22240905094572316,False,False,False,False,-462482,-358397.6154344854,False,False,False,False,106953.96800978707,False,False,False,False
2022-06-16 00:00:00+00:00,6.03,6.34,5.97,6.3,191621,,,,,,,,,,,,,,,,,,,,,,,,,,"rgba(38, 166, 154, 0.75)",0.0,0.0,0.4416650314435109,6.080388663591548,-0.11408796260564391,0.0,0.0,0.0,0.0,0.0,0.0,0.0,0.0,58.443078650123795,15.649648723722862,True,False,True,False,False,0.0,0,0.9598323682280041,0.9769779456523434,False,False,False,False,0.11212158770650198,0.16726531932611258,False,False,False,False,-654103,-369993.90502528986,False,False,False,False,110274.24377410916,False,False,False,False
2022-06-17 00:00:00+00:00,6.01,6.11,5.89,6.05,155010,,,,,,,,,,,,,,,,,,,,,,,,,,"rgba(38, 166, 154, 0.75)",0.0,0.0,0.43157891556511163,6.073142965733192,-0.14630688260225222,0.0,0.0,0.0,0.0,0.0,0.0,0.0,0.0,55.390944425854876,12.75033430353654,True,False,True,False,False,0.0,0,0.963804607830794,0.9807220193881403,False,False,False,False,0.03475079648839922,0.1010080579072559,False,False,False,False,-809113,-387214.2616909648,False,False,False,False,112028.58715551664,False,False,False,False
2022-06-21 00:00:00+00:00,6.01,6.12,5.94,6.01,155480,,,,,,,,,,,,,,,,,,,,,,,,,,#000000,0.0,0.0,0.42196848864032815,6.068341757742425,-0.13826093491107425,0.0,0.0,0.0,0.0,0.0,0.0,0.0,0.0,53.35618827634226,10.786838533827293,True,False,False,False,False,0.0,0,0.972681489927784,0.9703059673128087,False,False,False,False,0.049664825694134836,0.07533644180069536,False,False,False,False,-809113,-403759.3102521035,False,False,False,False,113732.56412981011,False,False,False,False
2022-06-22 00:00:00+00:00,6.09,6.285,5.99,5.99,124686,,,,,,,,,,,,,,,,,,,,,,,,,,#000000,0.0,0.0,0.4200657606175973,6.0682558873996815,0.05176359189177745,0.0,0.0,0.0,0.0,0.0,0.0,0.0,0.0,52.91397956261937,10.224559969514615,True,False,False,False,False,0.0,0,0.9616715927231343,0.9739208775229571,False,False,False,False,0.10333614811260183,0.0893362949566486,False,False,False,False,-684427,-414765.8863206485,False,False,False,False,114162.11063452344,False,False,False,False
2022-06-23 00:00:00+00:00,6.04,6.17,5.88,6.12,203983,,,,,,,,,,,,,,,,,,,,,,,,,,#000000,0.0,0.0,0.4191289551928838,6.064339939015398,-0.05807267360995601,0.0,0.0,0.0,0.0,0.0,0.0,0.0,0.0,51.99740136358138,9.097909768406467,True,False,False,False,False,0.0,0,0.9697179442810173,0.9642121159684751,False,False,False,False,0.047177799565748746,0.06825704726119868,False,False,False,False,-888410,-433340.1652884662,False,False,False,False,117684.49845277742,False,False,False,False
2022-06-24 00:00:00+00:00,6.31,6.49,5.97,6.12,2526378,,,,,,,,,,,,,,,,,,,,,,,,,,"rgba(38, 166, 154, 0.75)",0.0,0.0,0.41894646930621277,6.12282310573614,0.4467799778187167,0.0,0.0,0.0,0.0,0.0,0.0,0.0,0.0,54.302861875571026,9.097909768406467,True,False,True,False,False,1.027337503702892,0,0.9667146180215475,0.94720249755142,False,False,False,False,0.14998681866017238,0.10912193296068554,False,False,False,False,1637968,-352112.3941006832,False,False,False,False,212143.0671409038,False,False,False,False
2022-06-27 00:00:00+00:00,6.29,6.54,6.18,6.36,143994,,,,,,,,,,,,,,,,,,,,,,,,,,"rgba(38, 166, 154, 1.0)",0.0,0.0,0.41694284180608093,6.126515076273614,0.3921039224902268,0.0,0.0,0.0,0.0,0.0,0.0,0.0,0.0,55.56286737596572,9.097909768406467,True,False,True,False,True,0.7618439892135918,0,0.9830556978040185,0.9431424526312618,False,False,False,False,0.21671350443403686,0.1629177186973612,False,False,False,False,1493974,-279716.8492339898,False,False,False,False,209470.55470400563,False,False,False,False
2022-06-28 00:00:00+00:00,6.3,6.47,6.29,6.36,102907,,,,,,,,,,,,,,,,,,,,,,,,,,"rgba(38, 166, 154, 1.0)",0.0,0.0,0.41676415436114184,6.129285056994368,0.4096200242252627,0.0,0.0,0.0,0.0,0.0,0.0,0.0,0.0,56.51042125048769,9.097909768406467,True,False,True,False,True,0.8938768876331231,0,0.9906428721142617,0.9464772284935773,False,False,False,False,0.227135275264141,0.1950264969807511,False,False,False,False,1596881,-206124.77671500982,False,False,False,False,205291.5917744368,False,False,False,False
2022-06-29 00:00:00+00:00,5.98,6.4,5.97,6.34,137094,,,,,,,,,,,,,,,,,,,,,,,,,,#000000,0.0,0.0,0.4124066916034178,6.128855695338294,-0.3609439380325034,0.0,0.0,0.0,0.0,0.0,0.0,0.0,0.0,52.99173181542512,9.097909768406467,True,False,False,False,False,0.0,0,0.9747600374575675,0.947691092122205,False,False,False,False,0.12722330637981602,0.16112490168028357,False,False,False,False,1459787,-140794.9031183428,False,False,False,False,202617.1764107334,False,False,False,False
2022-06-30 00:00:00+00:00,5.94,6.0,5.85,5.91,197649,,,,,,,,,,,,,,,,,,,,,,,,,,#000000,0.0,0.0,0.40893180999431,6.123853141083409,-0.4495936402843476,0.0,0.0,0.0,0.0,0.0,0.0,0.0,0.0,50.20970729486598,6.680786005350228,False,False,False,False,False,0.0,0,0.9638390509029279,0.9799105838349598,False,False,False,False,-0.0024812327248942985,0.07932183447769463,False,False,False,False,1262138,-85777.92652546661,False,False,False,False,202422.34596325367,False,False,False,False
2022-07-01 00:00:00+00:00,6.19,6.19,5.94,5.94,75194,,,,,,,,,,,,,,,,,,,,,,,,,,#000000,0.0,0.0,0.4048868154599882,6.123605675887005,0.1639824305900526,0.0,0.0,0.0,0.0,0.0,0.0,0.0,0.0,51.37609511656563,6.680786005350228,True,False,False,False,False,0.0,1,0.9668096405228758,0.9813988095238094,False,False,False,False,0.0670929425463363,0.07320738851201547,False,False,False,False,1337332,-29969.69411270322,False,False,False,False,197432.99906273393,False,False,False,False
2022-07-05 00:00:00+00:00,5.79,6.07,5.78,6.07,95460,,,,,,,,,,,,,,,,,,,,,,,,,,"rgba(239, 83, 80, 0.5)",0.0,0.0,0.3953627596419633,6.120761657426036,-0.836602966160927,0.0,0.0,0.0,0.0,0.0,0.0,0.0,0.0,48.148747268282364,4.586934829814744,False,False,False,True,False,0.0,0,0.9573888468037992,0.9865246780490647,False,False,False,False,-0.0024812327248938523,0.03536307789356081,False,False,False,False,1241872,19906.450754461617,False,False,False,False,193434.05792301887,False,False,False,False
2022-07-06 00:00:00+00:00,5.72,5.78,5.68,5.78,46219,,,,,,,,,,,,,,,,,,,,,,,,,,"rgba(239, 83, 80, 0.5)",0.0,0.0,0.3839509165327041,6.069594842159431,-0.9105196188004232,0.0,0.0,0.0,0.0,0.0,0.0,0.0,0.0,45.42340342816842,1.9378919475788479,False,False,False,True,False,0.0,0,0.9475375675041089,0.995230687954919,False,False,False,False,-0.09957594833952702,-0.03210643522298311,False,False,False,False,1195653,66014.15856801214,False,False,False,False,187660.918396626,False,False,False,False
2022-07-07 00:00:00+00:00,5.99,6.045,5.77,5.77,72711,,,,,,,,,,,,,,,,,,,,,,,,,,"rgba(239, 83, 80, 0.5)",0.0,0.0,0.3647855102227412,6.084099787577909,-0.2579592251908538,0.0,0.0,0.0,0.0,0.0,0.0,0.0,0.0,46.58899154878762,1.9378919475788479,False,False,False,True,False,0.0,0,0.9595593057316487,0.9686675702065026,False,False,False,False,-0.011165901528247249,-0.02163616837561518,False,False,False,False,1268364,113165.13274181559,False,False,False,False,183153.0784595034,False,False,False,False
2022-07-08 00:00:00+00:00,5.94,6.02,5.92,5.93,40563,,,,,,,,,,,,,,,,,,,,,,,,,,"rgba(239, 83, 80, 0.5)",0.0,0.0,0.3565923303859566,6.08679274479282,-0.41165424010645213,0.0,0.0,0.0,0.0,0.0,0.0,0.0,0.0,46.88551433662208,1.9378919475788479,False,False,False,True,False,0.0,1,0.9776945691760887,0.960874080358057,False,False,False,False,0.019852205329189042,-0.0008919815232130684,False,False,False,False,1227801,156876.3432225287,False,False,False,False,177561.3106767778,False,False,False,False
2022-07-11 00:00:00+00:00,5.81,5.88,5.76,5.88,51110,,,,,,,,,,,,,,,,,,,,,,,,,,"rgba(239, 83, 80, 0.5)",0.0,0.0,0.35183800531207415,6.083268512619595,-0.7766884432431087,0.0,0.0,0.0,0.0,0.0,0.0,0.0,0.0,45.85304066764728,1.9378919475788479,False,False,False,True,False,0.0,1,0.9755363741255166,0.9594707093721245,False,False,False,False,-0.05464080084659464,-0.027766391184903854,False,False,False,False,1176691,196869.0748608609,False,False,False,False,172602.43574827674,False,False,False,False
2022-07-12 00:00:00+00:00,5.96,6.01,5.75,5.75,80977,,,,,,,,,,,,,,,,,,,,,,,,,,"rgba(239, 83, 80, 0.5)",0.0,0.0,0.34862571891914257,6.082974156172119,-0.3527397707586816,0.0,0.0,0.0,0.0,0.0,0.0,0.0,0.0,46.84728111783197,1.9378919475788479,False,False,False,True,False,0.0,1,0.9813101921752004,0.9541916474882365,False,False,False,False,-0.024817146650642007,-0.02629176891777293,False,False,False,False,1257668,238469.0327094546,False,False,False,False,169009.2814052071,False,False,False,False
2022-07-13 00:00:00+00:00,5.97,6.04,5.87,5.87,44654,,,,,,,,,,,,,,,,,,,,,,,,,,#000000,0.0,0.0,0.3459272433007478,6.083652137580833,-0.3285434720214398,0.0,0.0,0.0,0.0,0.0,0.0,0.0,0.0,47.621680978866266,1.9378919475788479,False,False,False,False,False,0.0,1,0.9842096372623182,0.9495369384322742,False,False,False,False,0.012406625814255362,-0.006942571551758784,False,False,False,False,1302322,280188.75691692694,False,False,False,False,164132.6037030421,False,False,False,False
2022-07-14 00:00:00+00:00,5.83,5.99,5.81,5.87,49935,,,,,,,,,,,,,,,,,,,,,,,,,,"rgba(239, 83, 80, 0.5)",0.0,0.0,0.3454878780418656,6.082288156820583,-0.7302373624524431,0.0,0.0,0.0,0.0,0.0,0.0,0.0,0.0,46.63781489332664,1.9378919475788479,False,False,False,True,False,0.0,1,0.9797881801277387,0.9525940952086963,False,False,False,False,-0.014888341703705718,-0.010915456627732252,False,False,False,False,1252387,318314.17821430234,False,False,False,False,159654.26630292283,False,False,False,False
2022-07-15 00:00:00+00:00,6.03,6.18,5.8301,5.93,46340,,,,,,,,,,,,,,,,,,,,,,,,,,#000000,0.0,0.0,0.34410479233527863,6.083520339801858,-0.15553500269101161,0.0,0.0,0.0,0.0,0.0,0.0,0.0,0.0,48.30100401855533,1.9378919475788479,False,False,False,False,True,0.0,1,0.9749016070246401,0.9472497253726565,False,False,False,False,0.03726006282821492,0.013172303100241332,False,False,False,False,1298727,356761.7398529572,False,False,False,False,155210.56958516114,False,False,False,False
2022-07-18 00:00:00+00:00,6.07,6.2,6.05,6.06,56937,,,,,,,,,,,,,,,,,,,,,,,,,,#000000,0.0,0.0,0.3379160831911917,6.086471329907566,-0.04874384714694379,0.0,0.0,0.0,0.0,0.0,0.0,0.0,0.0,49.84383788061486,1.9378919475788479,False,False,False,False,True,0.0,1,0.9866307024744927,0.9512504397795238,False,False,False,False,0.09707062979137894,0.05512146644581013,False,False,False,False,1355664,395934.3775057824,False,False,False,False,151356.70411123327,False,False,False,False
2022-07-19 00:00:00+00:00,6.22,6.26,6.11,6.11,32774,,,,,,,,,,,,,,,,,,,,,,,,,,"rgba(38, 166, 154, 0.5)",0.0,0.0,0.33478873262923975,6.088863341420805,0.39169973717252043,0.0,0.0,0.0,0.0,0.0,0.0,0.0,0.0,52.44049681024029,-2.551564922325973,False,False,True,False,True,0.6526264552097629,1,0.9981425569073203,0.9382011662670575,False,False,False,False,0.12722330637981602,0.09117238641281308,False,False,False,False,1388438,434856.08819183015,False,False,False,False,146706.40198922413,False,False,False,False
2022-07-20 00:00:00+00:00,6.25,6.29,6.15,6.17,62001,,,,,,,,,,,,,,,,,,,,,,,,,,"rgba(38, 166, 154, 1.0)",0.0,0.0,0.32739897692278636,6.093366970124583,0.4784163693717263,0.0,0.0,0.0,0.0,0.0,0.0,0.0,0.0,54.47542700408694,-0.5314462775243811,True,False,True,False,True,1.021074645229188,1,1.0108276542324248,0.9234591702534674,False,False,False,False,0.1449157266372467,0.11804405652502989,False,False,False,False,1450439,474682.8690470525,False,False,False,False,143384.62151905848,False,False,False,False
2022-07-21 00:00:00+00:00,6.29,6.32,6.17,6.19,32296,,,,,,,,,,,,,,,,,,,,,,,,,,"rgba(38, 166, 154, 1.0)",0.0,0.0,0.31884493110301626,6.095692631330078,0.6094102484167867,0.0,0.0,0.0,0.0,0.0,0.0,0.0,0.0,56.25473169171502,1.2283770348981662,True,False,True,False,True,1.5165397308541415,1,1.0293105003608374,0.9026416285783017,False,False,False,False,0.15760792240660207,0.13782598946581598,False,False,False,False,1482735,514214.3251628544,False,False,False,False,139028.20498889932,False,False,False,False
2022-07-22 00:00:00+00:00,6.21,6.34,6.15,6.34,15958,,,,,,,,,,,,,,,,,,,,,,,,,,"rgba(38, 166, 154, 1.0)",0.0,0.0,0.31650785965789585,6.0966449948538175,0.3581427812525875,0.0,0.0,0.0,0.0,0.0,0.0,0.0,0.0,56.18380966976342,1.2776370743583314,True,False,True,False,True,0.4848039571623204,0,1.0286881532048573,0.9033332326466502,False,False,False,False,0.15760792240660207,0.14771695593620904,False,False,False,False,1466777,551569.7241760758,False,False,False,False,134201.92244031501,False,False,False,False
2022-07-25 00:00:00+00:00,6.2,6.3,6.16,6.19,86503,,,,,,,,,,,,,,,,,,,,,,,,,,"rgba(38, 166, 154, 1.0)",0.0,0.0,0.31741597455216075,6.10088778272825,0.3122470991309946,0.0,0.0,0.0,0.0,0.0,0.0,0.0,0.0,55.97596456108484,1.2776370743583314,True,False,True,False,True,0.3552023625588667,0,1.0320231231506056,0.9046627619657729,False,False,False,False,0.14998681866017238,0.1488518872981907,False,False,False,False,1380274,584067.9310711317,False,False,False,False,132331.37646226346,False,False,False,False
2022-07-26 00:00:00+00:00,6.04,6.2,5.96,6.15,49336,,,,,,,,,,,,,,,,,,,,,,,,,,"rgba(38, 166, 154, 0.5)",0.0,0.0,0.31658692215452666,6.1010195011512955,-0.19274169866534088,0.0,0.0,0.0,0.0,0.0,0.0,0.0,0.0,53.403897376920966,1.2776370743583314,False,False,True,False,False,0.0,0,1.035534367659785,0.9034104957349487,False,False,False,False,0.06349693337452016,0.10617441033635544,False,False,False,False,1330938,613356.9533820677,False,False,False,False,129076.6558166845,False,False,False,False
2022-07-27 00:00:00+00:00,6.15,6.175,5.97,6.04,42110,,,,,,,,,,,,,,,,,,,,,,,,,,"rgba(38, 166, 154, 0.5)",0.0,0.0,0.31710418329479684,6.1014284180379885,0.1531723153486661,0.0,0.0,0.0,0.0,0.0,0.0,0.0,0.0,53.2480837554875,1.2776370743583314,False,False,True,False,False,0.0,0,1.0239353074748598,0.9015169068693327,False,False,False,False,0.04967493446217008,0.07792467239926276,False,False,False,False,1373048,643148.7591317906,False,False,False,False,125666.19872583414,False,False,False,False
2022-07-28 00:00:00+00:00,6.18,6.2,6.08,6.15,65735,,,,,,,,,,,,,,,,,,,,,,,,,,"rgba(38, 166, 154, 0.5)",0.0,0.0,0.3177784371777484,6.102824795838545,0.24285853013458772,0.0,0.0,0.0,0.0,0.0,0.0,0.0,0.0,53.558374978526146,1.2776370743583314,False,False,True,False,False,0.13118406907199542,0,1.0232162072195516,0.9047508457387926,False,False,False,False,0.08606550045827036,0.08199508642876656,False,False,False,False,1438783,674350.1019109361,False,False,False,False,123315.95563854653,False,False,False,False
2022-07-29 00:00:00+00:00,6.17,6.26,6.15,6.15,60375,,,,,,,,,,,,,,,,,,,,,,,,,,"rgba(38, 166, 154, 0.5)",0.0,0.0,0.3186283666531169,6.104502613677851,0.20556043710149172,0.0,0.0,0.0,0.0,0.0,0.0,0.0,0.0,53.59209114235323,1.2776370743583314,False,False,True,False,False,0.0,0,1.0257378468836065,0.9110526849590803,False,False,False,False,0.1213234553484761,0.10165927088862134,False,False,False,False,1378408,701960.2155614876,False,False,False,False,120847.68286840744,False,False,False,False
2022-08-01 00:00:00+00:00,6.26,6.28,6.09,6.1,88418,,,,,,,,,,,,,,,,,,,,,,,,,,"rgba(38, 166, 154, 0.5)",0.0,0.0,0.32064192371435196,6.106995883934016,0.47718063281796347,0.0,0.0,0.0,0.0,0.0,0.0,0.0,0.0,54.95360910324854,1.2776370743583314,False,False,True,False,False,1.1945048634539006,1,1.0242912123658654,0.9129858830353434,False,False,False,False,0.11044687957959541,0.10605307523410837,False,False,False,False,1466826,731954.9522061351,False,False,False,False,119575.93059905813,False,False,False,False
2022-08-02 00:00:00+00:00,6.35,6.46,6.12,6.29,41217,,,,,,,,,,,,,,,,,,,,,,,,,,"rgba(38, 166, 154, 1.0)",0.0,0.0,0.32419169059716707,6.108909189919301,0.7436674568574062,0.0,0.0,0.0,0.0,0.0,0.0,0.0,0.0,57.089435951665685,3.2969048147372675,True,False,True,False,True,2.3761061352271504,0,1.0309935129856544,0.891100312337728,False,False,False,False,0.16790160067008678,0.13697733795209757,False,False,False,False,1508043,762389.7776098162,False,False,False,False,116503.03135987939,False,False,False,False
2022-08-03 00:00:00+00:00,6.46,6.56,6.3,6.45,100642,,,,,,,,,,,,,,,,,,,,,,,,,,"rgba(38, 166, 154, 1.0)",0.0,0.0,0.3296458377992591,6.11576691997225,1.0442512556077646,0.0,0.0,0.0,0.0,0.0,0.0,0.0,0.0,59.86281044181391,5.981333159398275,True,False,True,False,True,3.7977797002507465,0,1.0501748670161433,0.8795540698078395,False,False,False,False,0.24437783108781747,0.19067758451995753,False,False,False,False,1608685,795577.8255466861,False,False,False,False,115881.0301300802,False,False,False,False
2022-08-04 00:00:00+00:00,6.52,6.715,6.33,6.6,43358,,,,,,,,,,,,,,,,,,,,,,,,,,"rgba(38, 166, 154, 1.0)",0.0,0.0,0.33644982759169834,6.11917821068146,1.1913270759792476,0.0,0.0,0.0,0.0,0.0,0.0,0.0,0.0,62.39370972211678,8.347374823154667,True,False,True,False,True,4.565211973492236,0,1.045697266086215,0.8762083228592977,False,False,False,False,0.29888336342021266,0.2447804739700851,False,False,False,False,1652043,829164.6951330906,False,False,False,False,113036.98973282216,False,False,False,False
2022-08-05 00:00:00+00:00,6.62,6.72,6.3,6.51,50236,,,,,,,,,,,,,,,,,,,,,,,,,,"rgba(38, 166, 154, 1.0)",0.0,0.0,0.3454016072201566,6.170240062026172,1.3021362048473442,0.0,0.0,0.0,0.0,0.0,0.0,0.0,0.0,65.1422439422532,10.86477826064916,True,False,True,False,True,5.833061605213942,0,1.0480127854018324,0.8739392393286164,False,False,False,False,0.28734144083973645,0.26606095740491076,False,False,False,False,1702279,863404.4717945381,False,False,False,False,110574.2058217311,False,False,False,False
2022-08-08 00:00:00+00:00,6.35,6.625,6.35,6.45,60465,,,,,,,,,,,,,,,,,,,,,,,,,,"rgba(38, 166, 154, 0.75)",0.0,0.0,0.3480282685008112,6.16691178609043,0.5260728236193348,0.0,0.0,0.0,0.0,0.0,0.0,0.0,0.0,61.673394180907835,10.86477826064916,True,False,True,False,False,2.0137382386901344,0,1.0440135196639484,0.8877017317406194,False,False,False,False,0.26335583183247235,0.26470839461869156,False,False,False,False,1641814,893930.3356457327,False,False,False,False,108609.13892676125,False,False,False,False
2022-08-09 00:00:00+00:00,6.2,6.31,6.1,6.28,295527,,,,,,,,,,,,,,,,,,,,,,,,,,"rgba(38, 166, 154, 0.75)",0.0,0.0,0.34917467685236286,6.146564088338881,0.15303489973218481,0.0,0.0,0.0,0.0,0.0,0.0,0.0,0.0,57.15416808269917,12.240683798390862,True,False,True,False,False,0.004704071862150272,1,1.0260656888573518,0.9252602417096314,False,False,False,False,0.03243907745766925,0.14857373603818042,False,False,False,False,1346287,911669.8126792334,False,False,False,False,115939.2511257118,False,False,False,False
2022-08-10 00:00:00+00:00,6.33,6.33,6.25,6.33,21835,,,,,,,,,,,,,,,,,,,,,,,,,,"rgba(38, 166, 154, 0.5)",0.0,0.0,0.35142428349080274,6.1471869641747245,0.5202060427052418,0.0,0.0,0.0,0.0,0.0,0.0,0.0,0.0,55.92929284185769,11.308735379858689,False,False,True,False,False,1.6958218865164696,1,1.0045491482688176,0.9339196342454414,False,False,False,False,0.09759183878248734,0.12308278741033388,False,False,False,False,1368122,929569.8984565184,False,False,False,False,112248.8883364682,False,False,False,False
2022-08-11 00:00:00+00:00,6.57,6.59,6.34,6.34,18370,,,,,,,,,,,,,,,,,,,,,,,,,,"rgba(38, 166, 154, 0.75)",0.0,0.0,0.3584174424648724,6.149109532421204,1.1743024130865132,0.0,0.0,0.0,0.0,0.0,0.0,0.0,0.0,57.803361855193124,11.308735379858689,True,False,True,False,False,4.682873785268107,1,1.0164585740937966,0.9078425596519454,False,False,False,False,0.23504401533968036,0.17906340137500712,False,False,False,False,1386492,947488.4122425372,False,False,False,False,108567.36330366552,False,False,False,False
2022-08-12 00:00:00+00:00,6.63,6.66,6.49,6.6,20332,,,,,,,,,,,,,,,,,,,,,,,,,,"rgba(38, 166, 154, 1.0)",0.0,0.0,0.3659775506333204,6.1518531872883715,1.3064921929888875,0.0,0.0,0.0,0.0,0.0,0.0,0.0,0.0,59.63643084818131,11.308735379858689,True,False,True,False,True,5.406306029037118,1,1.0310546771419697,0.9007447364632973,False,False,False,False,0.3257977280203845,0.2524305646976958,False,False,False,False,1406824,965501.5725467515,False,False,False,False,105107.15297803158,False,False,False,False
2022-08-15 00:00:00+00:00,6.3,6.5826,6.25,6.54,38899,,,,,,,,,,,,,,,,,,,,,,,,,,"rgba(38, 166, 154, 0.5)",0.0,0.0,0.3668889416369652,6.153712575539322,0.39872399480884024,0.0,0.0,0.0,0.0,0.0,0.0,0.0,0.0,56.30035016499834,11.308735379858689,False,False,True,False,True,1.0171124920564232,1,1.009259749193079,0.9138200811834337,False,False,False,False,0.19612745155042882,0.22427900812406232,False,False,False,False,1367925,981282.883427271,False,False,False,False,102510.75482203034,False,False,False,False
2022-08-16 00:00:00+00:00,6.16,6.29,6.11,6.2201,29591,,,,,,,,,,,,,,,,,,,,,,,,,,#000000,0.0,0.0,0.3667362751289985,6.153093874394336,0.01883131305523344,0.0,0.0,0.0,0.0,0.0,0.0,0.0,0.0,52.5613793005694,8.810693608683778,False,True,False,False,False,0.0,1,0.9975349468686241,0.9266172644736544,False,False,False,False,0.02862048740046153,0.12644974776226192,False,False,False,False,1338334,995284.8879987505,False,False,False,False,99651.15659371544,False,False,False,False
2022-08-17 00:00:00+00:00,5.99,6.11,5.94,6.01,88906,,,,,,,,,,,,,,,,,,,,,,,,,,#000000,0.0,0.0,0.36506694437304354,6.146844189202722,-0.4296313090523208,0.0,0.0,0.0,0.0,0.0,0.0,0.0,0.0,48.43088038708038,5.057689965366976,False,True,False,False,False,0.0,1,0.9804839968774396,0.9350098148442888,False,False,False,False,-0.10530080317278857,0.010574472294736674,False,False,False,False,1249428,1005251.2845478192,False,False,False,False,99229.77790376582,False,False,False,False
2022-08-18 00:00:00+00:00,5.9,6.0811,5.9,5.95,36811,,,,,,,,,,,,,,,,,,,,,,,,,,"rgba(239, 83, 80, 1.0)",0.0,0.0,0.3642181308595768,6.1440595368930255,-0.6700916736820045,0.0,0.0,0.0,0.0,0.0,0.0,0.0,0.0,44.87808093648252,1.8790285849861306,False,True,False,True,False,0.0,0,0.9765663153583188,0.9717535485293886,False,False,False,False,-0.13195952004898412,-0.06069252387712372,False,False,False,False,1212617,1013383.2733890811,False,False,False,False,96781.98269185344,False,False,False,False
2022-08-19 00:00:00+00:00,5.75,5.83,5.75,5.79,49473,,,,,,,,,,,,,,,,,,,,,,,,,,"rgba(239, 83, 80, 1.0)",0.0,0.0,0.36515488506945526,6.138041982049783,-1.0626777784335941,0.0,0.0,0.0,0.0,0.0,0.0,0.0,0.0,41.26777772263127,-1.3650686914074655,False,True,False,True,False,0.0,0,0.9304109457282326,1.0002003831325492,False,False,False,False,-0.292266604438646,-0.17647956415788485,False,False,False,False,1163144,1019256.2430600976,False,False,False,False,94926.7284686435,False,False,False,False
2022-08-22 00:00:00+00:00,5.52,5.66,5.52,5.61,54399,,,,,,,,,,,,,,,,,,,,,,,,,,"rgba(239, 83, 80, 1.0)",0.0,0.0,0.36920943054532157,6.12891135561698,-1.6492302342267353,0.0,0.0,0.0,0.0,0.0,0.0,0.0,0.0,37.242277120427495,-5.0054443864698115,False,True,False,True,False,0.0,0,0.9164323454516803,1.03006776652483,False,False,False,False,-0.34282825441539394,-0.2596539092866394,False,False,False,False,1108745,1022765.6060773486,False,False,False,False,93337.40578359866,False,False,False,False
2022-08-23 00:00:00+00:00,5.56,5.72,5.51,5.51,42732,,,,,,,,,,,,,,,,,,,,,,,,,,"rgba(239, 83, 80, 1.0)",0.0,0.0,0.37165987550858925,6.122646291012071,-1.5138741846752521,0.0,0.0,0.0,0.0,0.0,0.0,0.0,0.0,35.185495200631564,-6.8387210300207215,False,True,False,True,False,0.0,0,0.8905376326218627,1.0151627188208805,False,False,False,False,-0.324143562206747,-0.2918987357466932,False,False,False,False,1151477,1027813.1117213742,False,False,False,False,91352.8800665948,False,False,False,False
2022-08-24 00:00:00+00:00,5.85,5.86,5.57,5.61,110392,,,,,,,,,,,,,,,,,,,,,,,,,,"rgba(239, 83, 80, 1.0)",0.0,0.0,0.3688461189431935,6.11262390637503,-0.7120148291853864,0.0,0.0,0.0,0.0,0.0,0.0,0.0,0.0,37.83029436997738,-6.8387210300207215,False,True,False,True,False,0.0,0,0.9233890832574881,0.9960337672531123,False,False,False,False,-0.2514100408993552,-0.27165438832302424,False,False,False,False,1261869,1036991.7740068105,False,False,False,False,92099.51222084598,False,False,False,False
2022-08-25 00:00:00+00:00,5.66,5.87,5.66,5.85,23717,,,,,,,,,,,,,,,,,,,,,,,,,,"rgba(239, 83, 80, 1.0)",0.0,0.0,0.364227282769304,6.11048950477038,-1.2368362450643586,0.0,0.0,0.0,0.0,0.0,0.0,0.0,0.0,37.9854588193746,-6.8387210300207215,False,True,False,True,False,0.0,0,0.9358604725014834,0.9901805935099988,False,False,False,False,-0.21604067167005894,-0.24384752999654158,False,False,False,False,1238152,1044880.410320269,False,False,False,False,89417.84507493045,False,False,False,False
2022-08-26 00:00:00+00:00,5.57,5.65,5.51,5.65,84073,,,,,,,,,,,,,,,,,,,,,,,,,,"rgba(239, 83, 80, 1.0)",0.0,0.0,0.3622772319547418,6.1004518773784815,-1.4642153317676583,0.0,0.0,0.0,0.0,0.0,0.0,0.0,0.0,37.38575779896025,-6.8387210300207215,False,True,False,True,False,0.0,0,0.9187391337213698,1.0119686547232092,False,False,False,False,-0.34282825441539394,-0.29333789220596773,False,False,False,False,1154079,1049162.707954768,False,False,False,False,89208.24330728612,False,False,False,False
2022-08-29 00:00:00+00:00,5.5,5.6,5.49,5.51,59828,,,,,,,,,,,,,,,,,,,,,,,,,,"rgba(239, 83, 80, 1.0)",0.0,0.0,0.3585906848752158,6.093255680686249,-1.6544090678002217,0.0,0.0,0.0,0.0,0.0,0.0,0.0,0.0,36.4430978164102,-6.8387210300207215,False,True,False,True,False,0.0,0,0.9425860778765022,1.0062359690695934,False,False,False,False,-0.34282825441539394,-0.31808307331068086,False,False,False,False,1094251,1050930.8762702674,False,False,False,False,88056.07690307882,False,False,False,False
2022-08-30 00:00:00+00:00,5.55,5.95,5.5163,5.95,23495,,,,,,,,,,,,,,,,,,,,,,,,,,"rgba(239, 83, 80, 1.0)",0.0,0.0,0.3517819246671431,6.091281856236736,-1.5386858115262703,0.0,0.0,0.0,0.0,0.0,0.0,0.0,0.0,36.559686850775066,-6.8387210300207215,False,True,False,True,False,0.0,0,0.9512908966692252,0.9558202106932296,False,False,False,False,-0.2125833615531212,-0.265333217431901,False,False,False,False,1117746,1053551.0772008451,False,False,False,False,85524.26996570319,False,False,False,False
2022-08-31 00:00:00+00:00,5.53,5.6,5.515,5.6,23740,,,,,,,,,,,,,,,,,,,,,,,,,,"rgba(239, 83, 80, 1.0)",0.0,0.0,0.3491029946891002,6.0886997686858155,-1.6003866400039768,0.0,0.0,0.0,0.0,0.0,0.0,0.0,0.0,36.45583890238713,-6.960948558327985,False,True,False,True,False,0.0,0,0.9465356131654351,0.9860727312921409,False,False,False,False,-0.3338660353162041,-0.2995996263740526,False,False,False,False,1094006,1055137.5447615962,False,False,False,False,83101.35741802857,False,False,False,False
2022-09-01 00:00:00+00:00,5.43,5.47,5.37,5.435,119116,,,,,,,,,,,,,,,,,,,,,,,,,,"rgba(239, 83, 80, 1.0)",0.0,0.0,0.34794832380115454,6.0735596229847255,-1.8495839150888025,0.0,0.0,0.0,0.0,0.0,0.0,0.0,0.0,35.47681765491081,-8.370096790942902,False,True,False,True,False,0.0,0,0.931722589690438,1.0061241516931732,False,False,False,False,-0.34282825441539394,-0.3212139403947233,False,False,False,False,974890,1051990.5822219257,False,False,False,False,84513.69634281176,False,False,False,False
2022-09-02 00:00:00+00:00,5.41,5.47,5.36,5.47,36918,,,,,,,,,,,,,,,,,,,,,,,,,,"rgba(239, 83, 80, 1.0)",0.0,0.0,0.3511023566780233,6.0691127855016305,-1.8772667655605242,0.0,0.0,0.0,0.0,0.0,0.0,0.0,0.0,34.64207009051272,-9.604900396713688,False,True,False,True,False,0.0,0,0.9393854675391617,0.9961733690951502,False,False,False,False,-0.34282825441539394,-0.3320210974050586,False,False,False,False,937972,1047519.2652720462,False,False,False,False,82647.19844701522,False,False,False,False
2022-09-06 00:00:00+00:00,5.31,5.46,5.27,5.46,48223,,,,,,,,,,,,,,,,,,,,,,,,,,"rgba(239, 83, 80, 1.0)",0.0,0.0,0.35332337228861954,6.062877786101853,-2.1308462591227895,0.0,0.0,0.0,0.0,0.0,0.0,0.0,0.0,33.18154517377944,-11.38133797447172,False,True,False,True,False,0.0,0,0.9213932944108094,1.0257464398485079,False,False,False,False,-0.34282825441539394,-0.3374246759102263,False,False,False,False,889749,1041332.1960456915,False,False,False,False,81297.22988046562,False,False,False,False
2022-09-07 00:00:00+00:00,5.2,5.3,5.0875,5.3,183505,,,,,,,,,,,,,,,,,,,,,,,,,,"rgba(239, 83, 80, 1.0)",0.0,0.0,0.35838365873298944,6.036137199525695,-2.3330784737276518,0.0,0.0,0.0,0.0,0.0,0.0,0.0,0.0,31.294833337952447,-13.481238640017786,False,True,False,True,False,0.0,0,0.883746561492358,1.044286156704862,False,False,False,False,-0.34282825441539394,-0.3401264651628101,False,False,False,False,706244,1028191.4824752723,False,False,False,False,85305.37772829049,False,False,False,False
2022-09-08 00:00:00+00:00,5.06,5.23,4.9997,5.18,38057,,,,,,,,,,,,,,,,,,,,,,,,,,"rgba(239, 83, 80, 1.0)",0.0,0.0,0.3666625716397004,6.030344088536844,-2.646422524659401,0.0,0.0,0.0,0.0,0.0,0.0,0.0,0.0,29.005239436323773,-15.873189959983144,False,True,False,True,False,0.0,0,0.8663420649384799,1.0440841788392314,False,False,False,False,-0.34282825441539394,-0.341477359789102,False,False,False,False,668187,1014073.6596331048,False,False,False,False,83452.50017031832,False,False,False,False
2022-09-09 00:00:00+00:00,5.07,5.1843,5.0,5.035,49963,,,,,,,,,,,,,,,,,,,,,,,,,,"rgba(239, 83, 80, 1.0)",0.0,0.0,0.37633902676052616,6.022856373644455,-2.531909544026059,0.0,0.0,0.0,0.0,0.0,0.0,0.0,0.0,27.699509145079247,-17.283456784238126,False,True,False,True,False,0.0,0,0.8930002225684398,1.0428351509755918,False,False,False,False,-0.34282825441539394,-0.34215280710224794,False,False,False,False,718150,1002468.8102357283,False,False,False,False,82139.18643814897,False,False,False,False
2022-09-12 00:00:00+00:00,4.96,5.1274,4.955,5.12,64275,,,,,,,,,,,,,,,,,,,,,,,,,,"rgba(239, 83, 80, 1.0)",0.0,0.0,0.38922459298428297,6.012792136604728,-2.7048448519984447,0.0,0.0,0.0,0.0,0.0,0.0,0.0,0.0,26.027596624170798,-19.0280001338471,False,True,False,True,False,0.0,0,0.9001628785074406,1.0109942992522398,False,False,False,False,-0.34282825441539394,-0.34249053075882097,False,False,False,False,653875,988798.464736288,False,False,False,False,81438.63010724116,False,False,False,False
2022-09-13 00:00:00+00:00,4.78,4.9813,4.7,4.88,53503,,,,,,,,,,,,,,,,,,,,,,,,,,"rgba(239, 83, 80, 1.0)",0.0,0.0,0.40893180999430967,6.002968172403374,-2.9906408416121795,0.0,0.0,0.0,0.0,0.0,0.0,0.0,0.0,23.800562277214055,-21.257230895210093,False,True,False,True,False,0.0,0,0.8686155634914046,1.0419769491275181,False,False,False,False,-0.34282825441539394,-0.3426593925871074,False,False,False,False,600372,973566.0543544728,False,False,False,False,80343.11520107483,False,False,False,False
2022-09-14 00:00:00+00:00,4.7,4.82,4.65,4.74,35143,,,,,,,,,,,,,,,,,,,,,,,,,,"rgba(239, 83, 80, 1.0)",0.0,0.0,0.43411087552864785,5.996118681536908,-2.9856858111617943,0.0,0.0,0.0,0.0,0.0,0.0,0.0,0.0,21.88315626965671,-23.15366187957466,False,True,False,True,False,0.0,0,0.8873444120450321,1.0581490813351073,False,False,False,False,-0.34282825441539394,-0.34274382350125066,False,False,False,False,565229,957552.8365366504,False,False,False,False,78570.56166377779,False,False,False,False
2022-09-15 00:00:00+00:00,4.71,4.74,4.6397,4.7,75168,,,,,,,,,,,,,,,,,,,,,,,,,,"rgba(239, 83, 80, 1.0)",0.0,0.0,0.4573057801696514,5.9816090001617255,-2.7806536792296472,0.0,0.0,0.0,0.0,0.0,0.0,0.0,0.0,20.854616927059933,-24.219789784481407,False,True,False,True,False,0.0,0,0.8966582288045941,1.0393116215807767,False,False,False,False,-0.34282825441539394,-0.34278603895832227,False,False,False,False,640397,945115.3527508994,False,False,False,False,78437.1278730414,False,False,False,False
2022-09-16 00:00:00+00:00,4.77,4.89,4.7157,4.88,127214,,,,,,,,,,,,,,,,,,,,,,,,,,"rgba(239, 83, 80, 1.0)",0.0,0.0,0.47661841877660804,5.960300830123649,-2.497387392579022,0.0,0.0,0.0,0.0,0.0,0.0,0.0,0.0,21.70915089882333,-24.219789784481407,False,True,False,True,False,0.0,0,0.8981249162053973,1.0551129072417689,False,False,False,False,-0.2990447267550871,-0.3209153828567047,False,False,False,False,767611,938154.3977410602,False,False,False,False,80349.94638782411,False,False,False,False
2022-09-19 00:00:00+00:00,4.88,4.995,4.77,4.77,43860,,,,,,,,,,,,,,,,,,,,,,,,,,"rgba(239, 83, 80, 0.75)",0.0,0.0,0.49115044208139913,5.953886610974909,-2.1864718403265364,0.0,0.0,0.0,0.0,0.0,0.0,0.0,0.0,24.906660914989473,-24.219789784481407,False,True,False,True,True,0.0,0,0.8902736770383829,1.0421587553940495,False,False,False,False,-0.26884772967218873,-0.2948815562644467,False,False,False,False,811471,933186.4213590579,False,False,False,False,78918.96809810551,False,False,False,False
2022-09-20 00:00:00+00:00,4.77,4.81,4.7156,4.78,25494,,,,,,,,,,,,,,,,,,,,,,,,,,"rgba(239, 83, 80, 0.75)",0.0,0.0,0.5086749435525553,5.949765984683226,-2.31929250621981,0.0,0.0,0.0,0.0,0.0,0.0,0.0,0.0,25.977021459624794,-28.925937475994104,False,True,False,True,True,0.0,0,0.8915899010576596,1.0455381174419045,False,False,False,False,-0.31442780358385874,-0.30465467992415274,False,False,False,False,785977,927413.5028743889,False,False,False,False,76823.87130994452,False,False,False,False
2022-09-21 00:00:00+00:00,4.76,4.87,4.73,4.73,28654,,,,,,,,,,,,,,,,,,,,,,,,,,"rgba(239, 83, 80, 0.75)",0.0,0.0,0.5250140109670491,5.945289854200317,-2.2576347096281753,0.0,0.0,0.0,0.0,0.0,0.0,0.0,0.0,26.596219287995027,-28.22255258500542,False,True,False,True,True,0.0,0,0.8926818512979792,1.0527723455653974,False,False,False,False,-0.3001347934207998,-0.3023947366724763,False,False,False,False,757323,920743.2870753934,False,False,False,False,74934.85674877022,False,False,False,False
2022-09-22 00:00:00+00:00,4.8,4.84,4.708,4.73,34252,,,,,,,,,,,,,,,,,,,,,,,,,,"rgba(239, 83, 80, 0.75)",0.0,0.0,0.5395512983985866,5.939999389745157,-2.1128656220988233,0.0,0.0,0.0,0.0,0.0,0.0,0.0,0.0,28.029568785654316,-26.71633086663825,False,True,False,True,True,0.0,0,0.8786272321428571,1.058738069581281,False,False,False,False,-0.31011167149050395,-0.30625320408149015,False,False,False,False,791575,915677.8640528289,False,False,False,False,73339.45060175963,False,False,False,False
2022-09-23 00:00:00+00:00,4.82,4.86,4.71,4.78,54281,,,,,,,,,,,,,,,,,,,,,,,,,,"rgba(239, 83, 80, 0.75)",0.0,0.0,0.5511069286870235,5.9319019655220435,-2.017579361905461,0.0,0.0,0.0,0.0,0.0,0.0,0.0,0.0,29.510368757788157,-25.176494637460294,False,True,False,True,True,0.0,0,0.8842583658188276,1.0521536917673397,False,False,False,False,-0.30588348554539013,-0.30606834481344014,False,False,False,False,845856,912939.7517370317,False,False,False,False,72592.06038208278,False,False,False,False
2022-09-26 00:00:00+00:00,4.77,4.85,4.74,4.79,48561,,,,,,,,,,,,,,,,,,,,,,,,,,"rgba(239, 83, 80, 0.75)",0.0,0.0,0.5617114131933842,5.924755822157559,-2.0557813051948863,0.0,0.0,0.0,0.0,0.0,0.0,0.0,0.0,29.858894419051733,-24.685824730708923,False,True,False,True,True,0.0,0,0.8825022719190803,1.0731557943814454,False,False,False,False,-0.3020488675220423,-0.3040586061677412,False,False,False,False,797295,908404.6634336187,False,False,False,False,71649.66585729523,False,False,False,False
2022-09-27 00:00:00+00:00,4.58,4.84,4.52,4.84,53837,,,,,,,,,,,,,,,,,,,,,,,,,,"rgba(239, 83, 80, 0.75)",0.0,0.0,0.5710950442347987,5.915920878960411,-2.3392268807907275,0.0,0.0,0.0,0.0,0.0,0.0,0.0,0.0,28.076125258272814,-24.685824730708923,False,True,False,True,True,0.0,0,0.8433460520168197,1.0769545242174114,False,False,False,False,-0.34282825441539394,-0.3234434302915676,False,False,False,False,743458,901936.1668283788,False,False,False,False,70951.12994132287,False,False,False,False
2022-09-28 00:00:00+00:00,4.61,4.69,4.545,4.56,17652,,,,,,,,,,,,,,,,,,,,,,,,,,"rgba(239, 83, 80, 0.75)",0.0,0.0,0.5793459499554018,5.912989346310978,-2.2490695695918506,0.0,0.0,0.0,0.0,0.0,0.0,0.0,0.0,27.723559311018825,-24.685824730708923,False,True,False,True,True,0.0,0,0.84314568953718,1.101734352697339,False,False,False,False,-0.34282825441539394,-0.33313584235348076,False,False,False,False,761110,896413.5720507953,False,False,False,False,68860.96798283962,False,False,False,False
2022-09-29 00:00:00+00:00,4.51,4.55,4.45,4.52,32529,,,,,,,,,,,,,,,,,,,,,,,,,,"rgba(239, 83, 80, 1.0)",0.0,0.0,0.5935444912245924,5.907126765256596,-2.353870326340767,0.0,0.0,0.0,0.0,0.0,0.0,0.0,0.0,26.510592615299622,-24.685824730708923,False,True,False,True,False,0.0,0,0.8244247994848075,1.1122689928380458,False,False,False,False,-0.34282825441539394,-0.33798204838443735,False,False,False,False,728581,889831.9025586073,False,False,False,False,67436.18492468905,False,False,False,False
2022-09-30 00:00:00+00:00,4.46,4.56,4.39,4.4784,37706,,,,,,,,,,,,,,,,,,,,,,,,,,"rgba(239, 83, 80, 1.0)",0.0,0.0,0.6088285014223146,5.757231015524081,-2.1307002094901186,0.0,0.0,0.0,0.0,0.0,0.0,0.0,0.0,25.249513299523894,-20.647478365166517,False,True,False,True,False,0.0,0,0.816976023995481,1.11399801336112,False,False,False,False,-0.34282825441539394,-0.3404051513999157,False,False,False,False,690875,882029.6710857208,False,False,False,False,66270.29531979929,False,False,False,False
2022-10-03 00:00:00+00:00,4.65,4.66,4.4501,4.4501,41927,,,,,,,,,,,,,,,,,,,,,,,,,,"rgba(239, 83, 80, 0.75)",0.0,0.0,0.6169373644963554,5.757234719805565,-1.7947279311076734,0.0,0.0,0.0,0.0,0.0,0.0,0.0,0.0,29.319586081567472,-20.647478365166517,False,True,False,True,True,0.0,0,0.8251154201292705,1.1060018467220682,False,False,False,False,-0.3148484122365018,-0.3276267818182087,False,False,False,False,732802,876177.6055529475,False,False,False,False,65315.6562876503,False,False,False,False
2022-10-04 00:00:00+00:00,4.76,4.8956,4.7004,4.78,33906,,,,,,,,,,,,,,,,,,,,,,,,,,"rgba(239, 83, 80, 0.75)",0.0,0.0,0.6253698869433135,5.672095963340307,-1.4584903788675447,0.0,0.0,0.0,0.0,0.0,0.0,0.0,0.0,34.29006500642594,-20.37743665029224,False,True,False,True,True,0.0,0,0.8451621593019115,1.0813346032845559,False,False,False,False,-0.23259119253766844,-0.2801089871779386,False,False,False,False,766708,871884.6798449889,False,False,False,False,64083.905060683624,False,False,False,False
2022-10-05 00:00:00+00:00,4.78,4.8008,4.725,4.73,7612,,,,,,,,,,,,,,,,,,,,,,,,,,"rgba(239, 83, 80, 0.5)",0.0,0.0,0.6329923216590202,5.671905500333991,-1.4090305203013846,0.0,0.0,0.0,0.0,0.0,0.0,0.0,0.0,37.99772944724232,-17.130992674184498,False,False,False,True,True,0.0,0,0.8646321078407412,1.0821317901445762,False,False,False,False,-0.2442618105493932,-0.2621853988636659,False,False,False,False,774320,868058.6139687148,False,False,False,False,61869.32054849995,False,False,False,False
2022-10-06 00:00:00+00:00,4.77,4.81,4.69,4.73,17343,,,,,,,,,,,,,,,,,,,,,,,,,,"rgba(239, 83, 80, 0.5)",0.0,0.0,0.6402849028024586,5.670893062908711,-1.4070190613047384,0.0,0.0,0.0,0.0,0.0,0.0,0.0,0.0,40.295073577901434,-15.20292137375501,False,False,False,True,True,0.0,0,0.8590621888830844,1.0794487870752794,False,False,False,False,-0.2485673014586059,-0.2553763501611359,False,False,False,False,756977,863702.4722444515,False,False,False,False,60123.19033091172,False,False,False,False
2022-10-07 00:00:00+00:00,4.79,4.83,4.68,4.75,23370,,,,,,,,,,,,,,,,,,,,,,,,,,"rgba(239, 83, 80, 0.5)",0.0,0.0,0.6460246278740595,5.66988538102649,-1.3619997490219848,0.0,0.0,0.0,0.0,0.0,0.0,0.0,0.0,42.28081669968621,-13.48637422889908,False,False,False,True,True,0.0,0,0.8476840067224248,1.0797059430559515,False,False,False,False,-0.24689744287667956,-0.25113689651890775,False,False,False,False,780347,860433.6301956496,False,False,False,False,58681.88874930734,False,False,False,False
2022-10-10 00:00:00+00:00,4.75,4.85,4.7,4.85,16924,,,,,,,,,,,,,,,,,,,,,,,,,,"rgba(239, 83, 80, 0.5)",0.0,0.0,0.6524116867507864,5.668948812435771,-1.408541310797823,0.0,0.0,0.0,0.0,0.0,0.0,0.0,0.0,42.8093110724599,-13.028662956485306,False,False,False,True,True,0.0,0,0.843385642541777,1.0833096750824773,False,False,False,False,-0.24023138477186606,-0.2456841406453869,False,False,False,False,763423,856629.2917566044,False,False,False,False,57044.324484628625,False,False,False,False
2022-10-11 00:00:00+00:00,4.7,4.85,4.64,4.77,40509,,,,,,,,,,,,,,,,,,,,,,,,,,"rgba(239, 83, 80, 0.5)",0.0,0.0,0.6560210939258531,5.664486786863493,-1.4702069732112972,0.0,0.0,0.0,0.0,0.0,0.0,0.0,0.0,42.193165864283124,-13.028662956485306,False,False,False,True,True,0.0,1,0.8436916823808731,1.0851009780261653,False,False,False,False,-0.2502385195103226,-0.24796133007785476,False,False,False,False,722914,851385.5548249729,False,False,False,False,56395.880387192214,False,False,False,False
2022-10-12 00:00:00+00:00,4.48,4.76,4.45,4.76,49442,,,,,,,,,,,,,,,,,,,,,,,,,,"rgba(239, 83, 80, 0.5)",0.0,0.0,0.6636474424933206,5.651664313934199,-1.7654920955202669,0.0,0.0,0.0,0.0,0.0,0.0,0.0,0.0,38.46796190105984,-13.028662956485306,False,False,False,True,False,0.0,1,0.8216739017530791,1.11180903291556,False,False,False,False,-0.2976306717824869,-0.27279600093017087,False,False,False,False,673472,844408.552674974,False,False,False,False,56123.17919553762,False,False,False,False
2022-10-13 00:00:00+00:00,4.7,4.7673,4.57,4.67,9948,,,,,,,,,,,,,,,,,,,,,,,,,,"rgba(239, 83, 80, 0.5)",0.0,0.0,0.6658591956776342,5.650487686649532,-1.4274604793619103,0.0,0.0,0.0,0.0,0.0,0.0,0.0,0.0,40.830526536249,-13.028662956485306,False,False,False,True,False,0.0,1,0.8074900803346299,1.1117745939289696,False,False,False,False,-0.27593489388128173,-0.2743654474057263,False,False,False,False,683420,838095.2760994849,False,False,False,False,54312.387854536144,False,False,False,False
2022-10-14 00:00:00+00:00,4.41,4.77,4.355,4.77,38845,,,,,,,,,,,,,,,,,,,,,,,,,,"rgba(239, 83, 80, 0.5)",0.0,0.0,0.6769778630258336,5.546832454055643,-1.679275669331984,0.0,0.0,0.0,0.0,0.0,0.0,0.0,0.0,38.85128809464126,-13.028662956485306,False,False,False,True,False,0.0,1,0.7841788310498723,1.126288710023192,False,False,False,False,-0.3122691314074234,-0.29331728940657487,False,False,False,False,644575,830506.245664211,False,False,False,False,53705.8236249465,False,False,False,False
2022-10-17 00:00:00+00:00,4.61,4.62,4.52,4.54,13564,,,,,,,,,,,,,,,,,,,,,,,,,,"rgba(239, 83, 80, 0.5)",0.0,0.0,0.6836494544549669,5.546275720127206,-1.3695260254009023,0.0,0.0,0.0,0.0,0.0,0.0,0.0,0.0,40.80428744992889,-13.028662956485306,False,False,False,True,False,0.0,1,0.788125982372018,1.1334036330355546,False,False,False,False,-0.30967659903192046,-0.30149694421924766,False,False,False,False,658139,823746.745834242,False,False,False,False,52131.63446318389,False,False,False,False
2022-10-18 00:00:00+00:00,4.77,4.8,4.65,4.65,36052,,,,,,,,,,,,,,,,,,,,,,,,,,"rgba(239, 83, 80, 0.5)",0.0,0.0,0.6844685713933274,5.551581711930102,-1.141881080586488,0.0,0.0,0.0,0.0,0.0,0.0,0.0,0.0,44.265342263796526,-11.994810699045082,True,False,False,True,True,0.0,1,0.7903322899109076,1.1089573802070793,False,False,False,False,-0.2569372073016558,-0.27921707576045174,False,False,False,False,694191,818666.1283505462,False,False,False,False,51501.06056266688,False,False,False,False
2022-10-19 00:00:00+00:00,4.78,4.8059,4.7,4.7,18129,,,,,,,,,,,,,,,,,,,,,,,,,,#000000,0.0,0.0,0.688603705379996,5.5528651984838815,-1.1223657271164214,0.0,0.0,0.0,0.0,0.0,0.0,0.0,0.0,46.7027110713272,-9.69092344567288,True,False,False,False,True,0.0,1,0.813724791562745,1.0819598701021065,False,False,False,False,-0.24758192117101768,-0.26339949846573474,False,False,False,False,712320,814495.6919446425,False,False,False,False,50192.352305307395,False,False,False,False
2022-10-20 00:00:00+00:00,4.77,4.8687,4.71,4.74,12513,,,,,,,,,,,,,,,,,,,,,,,,,,#000000,0.0,0.0,0.6929697938114853,5.553670147248799,-1.130886445913382,0.0,0.0,0.0,0.0,0.0,0.0,0.0,0.0,48.17784125395202,-8.253815343182396,True,False,False,False,True,0.0,1,0.8051320570860147,1.0824519377169657,False,False,False,False,-0.23546139514670383,-0.24943044680621929,False,False,False,False,699807,809998.0961821075,False,False,False,False,48714.73064627573,False,False,False,False
2022-10-21 00:00:00+00:00,4.88,4.88,4.74,4.74,20522,,,,,,,,,,,,,,,,,,,,,,,,,,#000000,0.0,0.0,0.6936448191510786,5.555600340629021,-0.9739859968331613,0.0,0.0,0.0,0.0,0.0,0.0,0.0,0.0,50.714791034802474,-5.776025138686812,True,False,False,False,True,0.0,1,0.7975914013851495,1.107996465196572,False,False,False,False,-0.22861562258791424,-0.23902303469706676,False,False,False,False,720329,806481.6610377111,False,False,False,False,47609.13336602963,False,False,False,False
2022-10-24 00:00:00+00:00,4.66,4.94,4.63,4.94,40441,,,,,,,,,,,,,,,,,,,,,,,,,,#000000,0.0,0.0,0.6973819251669396,5.554065195723935,-1.2820309266115744,0.0,0.0,0.0,0.0,0.0,0.0,0.0,0.0,49.181194110471495,-5.776025138686812,True,False,False,False,True,0.0,1,0.7741242731821955,1.1074778662452642,False,False,False,False,-0.22850232577969318,-0.23376268023837998,False,False,False,False,679888,801517.2037421146,False,False,False,False,47328.03009677357,False,False,False,False
2022-10-25 00:00:00+00:00,4.74,4.82,4.65,4.65,19283,,,,,,,,,,,,,,,,,,,,,,,,,,#000000,0.0,0.0,0.7006832444186221,5.553006689227967,-1.1603055955798443,0.0,0.0,0.0,0.0,0.0,0.0,0.0,0.0,49.3239383791865,-5.776025138686812,True,False,False,False,True,0.0,1,0.801030863814196,1.1191289407770808,False,False,False,False,-0.23474042343301685,-0.2342515518356984,False,False,False,False,699171,797503.6271247768,False,False,False,False,46228.22499493931,False,False,False,False
2022-10-26 00:00:00+00:00,4.74,4.805,4.7,4.72,10953,,,,,,,,,,,,,,,,,,,,,,,,,,#000000,0.0,0.0,0.7023127046659007,5.552480546373006,-1.1568643724870575,0.0,0.0,0.0,0.0,0.0,0.0,0.0,0.0,49.41910122499651,-5.776025138686812,True,False,False,False,True,0.0,1,0.820148692673962,1.092243755743046,False,False,False,False,-0.21509567192452536,-0.22467361188011187,False,False,False,False,699171,793647.4456689033,False,False,False,False,44844.88283827502,False,False,False,False
2022-10-27 00:00:00+00:00,4.77,4.961,4.74,4.8899,16171,,,,,,,,,,,,,,,,,,,,,,,,,,#000000,0.0,0.0,0.7030788660540789,5.552656947665548,-1.1131851424550545,0.0,0.0,0.0,0.0,0.0,0.0,0.0,0.0,49.96279675870551,-5.728469511526477,True,False,False,False,True,0.0,1,0.8473135793188412,1.0623734051661131,False,False,False,False,-0.1680392059470478,-0.19635640891357983,False,False,False,False,715342,790576.6438779659,False,False,False,False,43720.416844617175,False,False,False,False
2022-10-28 00:00:00+00:00,4.78,4.835,4.74,4.82,161298,,,,,,,,,,,,,,,,,,,,,,,,,,#000000,0.0,0.0,0.7047559669651406,5.5457124494939825,-1.0864930350165545,0.0,0.0,0.0,0.0,0.0,0.0,0.0,0.0,50.49454390426454,-4.858834363522789,True,False,False,False,True,0.0,1,0.8501427563028751,1.0731691899238285,False,False,False,False,-0.17491829680307247,-0.18563735285832617,False,False,False,False,876640,793951.677451379,False,False,False,False,48331.30245855376,False,False,False,False
2022-10-31 00:00:00+00:00,4.6,4.73,4.5,4.65,779552,,,,,,,,,,,,,,,,,,,,,,,,,,#000000,0.0,0.0,0.7063080511101799,5.4608976128313005,-1.2188698847169248,0.0,0.0,0.0,0.0,0.0,0.0,0.0,0.0,47.92027082985759,-4.858834363522789,True,False,False,False,False,0.0,1,0.8324204662377747,1.0590747996715757,False,False,False,False,-0.26436327126607007,-0.22500031206219812,False,False,False,False,97088,766623.6901003446,False,False,False,False,77006.62393076734,False,False,False,False
2022-11-01 00:00:00+00:00,5.15,5.19,4.68,4.68,81803,,,,,,,,,,,,,,,,,,,,,,,,,,"rgba(38, 166, 154, 1.0)",0.0,0.0,0.7018229031510619,5.4623363016694855,-0.44503577792510024,0.0,0.0,0.0,0.0,0.0,0.0,0.0,0.0,53.1513345536881,-2.2078830028279057,True,False,True,False,True,0.0,1,0.8625083903543481,0.994830539887995,False,False,False,False,-0.09493536530436106,-0.15996783868327957,False,False,False,True,178891,743575.3493120959,False,False,False,False,77194.71710995294,False,False,False,False
2022-11-02 00:00:00+00:00,5.14,5.42,5.13,5.15,32854,,,,,,,,,,,,,,,,,,,,,,,,,,"rgba(38, 166, 154, 1.0)",0.0,0.0,0.6947725533589381,5.44658433038248,-0.4412729445057551,0.0,0.0,0.0,0.0,0.0,0.0,0.0,0.0,56.485379634488865,0.875896357147397,True,False,True,False,True,0.0,0,0.9093194986930638,0.9779758887663118,False,False,False,True,0.07946916413786162,-0.04024933727270898,False,False,False,False,146037,720142.4728684843,False,False,False,False,75455.86545858224,False,False,False,False
2022-11-03 00:00:00+00:00,4.46,4.67,4.3,4.64,111031,,,,,,,,,,,,,,,,,,,,,,,,,,#000000,0.0,0.0,0.6936761453261833,5.389561144094947,-1.340050613471572,0.0,0.0,0.0,0.0,0.0,0.0,0.0,0.0,51.31867187134745,0.875896357147397,True,False,False,False,False,0.0,1,0.873378797739985,1.0196572247847044,False,False,False,False,-0.33709751817129563,-0.1886734277220023,False,False,False,False,35006,693274.3758932498,False,False,False,False,76850.96877393196,False,False,False,False
2022-11-04 00:00:00+00:00,4.5,4.6,4.39,4.45,76967,,,,,,,,,,,,,,,,,,,,,,,,,,#000000,0.0,0.0,0.690343771263651,5.377710761990135,-1.2714111411239584,0.0,0.0,0.0,0.0,0.0,0.0,0.0,0.0,48.31108054334058,4.762936851086067,True,False,False,False,False,0.0,1,0.873378797739985,1.0272031843949554,False,False,False,False,-0.3310995286279545,-0.2598864781749784,False,False,False,False,111973,670478.2435052792,False,False,False,False,76855.5190180915,False,False,False,False
2022-11-07 00:00:00+00:00,4.59,4.6,4.47,4.47,27498,,,,,,,,,,,,,,,,,,,,,,,,,,#000000,0.0,0.0,0.6864300388227453,5.374971917131523,-1.1435570600578335,0.0,0.0,0.0,0.0,0.0,0.0,0.0,0.0,47.308198764395726,3.9379085108702583,True,False,False,False,False,0.0,1,0.8939300868480489,1.0074090174546624,False,False,False,False,-0.30789975089014143,-0.28389311453255994,False,False,False,False,139471,649654.4300344839,False,False,False,False,74919.93003698987,False,False,False,False
2022-11-08 00:00:00+00:00,4.43,4.6111,4.42,4.6111,69660,,,,,,,,,,,,,,,,,,,,,,,,,,"rgba(239, 83, 80, 0.5)",0.0,0.0,0.6843128203066442,5.36636737180252,-1.3683323532984941,0.0,0.0,0.0,0.0,0.0,0.0,0.0,0.0,45.24326743944482,1.9844055247139138,True,False,False,True,False,0.0,1,0.8919233222042992,1.0016224631428894,False,False,False,False,-0.3191391108124258,-0.3015161126724929,False,False,False,False,69811,626915.4719939159,False,False,False,False,74713.6582708334,False,False,False,False
2022-11-09 00:00:00+00:00,4.11,4.4199,3.38,4.4,349988,,,,,,,,,,,,,,,,,,,,,,,3.9699666666666666,,,"rgba(239, 83, 80, 0.5)",0.0,0.0,0.6901824279013348,5.184907606309571,-1.557425345612008,1.0,4.4199,3.38,0.0,0.0,0.0,0.0,0.0,41.55001983143005,-1.5109444941719943,True,False,False,True,False,0.0,0,0.8035745995667152,1.0501385090741202,True,False,False,False,-0.34282825441539394,-0.3221721835439434,False,False,False,False,-280177,591343.2181902329,False,False,False,False,85508.7304955066,False,False,False,False
2022-11-10 00:00:00+00:00,4.3,4.3299,4.19,4.19,26761,,,,,,,,,,,,,,,,,,,,,,,3.9915128508193343,,,"rgba(239, 83, 80, 0.5)",0.0,0.0,0.6894382620054638,5.18375595801452,-1.2818493064829586,0.0,0.0,0.0,0.0,0.0,0.0,0.0,0.0,41.269850741114425,-1.8230882699106488,True,False,False,True,False,0.0,0,0.8700615036366985,1.0197145038033992,False,False,False,False,-0.17546829539463543,-0.2488202394692894,False,False,False,False,-253416,558215.4057121845,False,False,False,False,83204.89792705537,False,False,False,False
2022-11-11 00:00:00+00:00,4.26,4.3628,4.24,4.27,30152,,,,,,,,,,,,,,,,,,,,,,,4.013453371295065,,,"rgba(239, 83, 80, 0.5)",0.0,0.0,0.6879061322933852,5.182436055570839,-1.3409330318012473,0.0,0.0,0.0,0.0,0.0,0.0,0.0,0.0,40.77765243713547,-2.488337496462215,True,False,False,True,False,0.0,0,0.8841600281677742,1.0107213590951103,False,False,False,False,-0.1563790464783924,-0.20259964297384092,False,False,False,False,-283568,525204.291762687,False,False,False,False,81124.39212599437,False,False,False,False
2022-11-14 00:00:00+00:00,4.19,4.3699,4.17,4.26,37693,,,,,,,,,,,,,,,,,,,,,,,4.032939934262121,,,"rgba(239, 83, 80, 0.5)",0.0,0.0,0.6868681240382445,5.179833575418658,-1.4410824156451087,0.0,0.0,0.0,0.0,0.0,0.0,0.0,0.0,39.89868709966622,-3.6012858094400784,False,False,False,True,False,0.0,0,0.8798295256060924,1.0100171173059458,False,False,False,False,-0.16479197129640047,-0.18369580713512068,False,False,False,False,-321261,492009.5744386601,False,False,False,False,79421.20027791617,False,False,False,False
2022-11-15 00:00:00+00:00,4.28,4.3169,4.26,4.29,44271,,,,,,,,,,,,,,,,,,,,,,,4.055823530899805,,,"rgba(239, 83, 80, 0.5)",0.0,0.0,0.6812722068452648,5.1773226919974835,-1.3171279893431633,0.0,0.0,0.0,0.0,0.0,0.0,0.0,0.0,40.45655374983093,-3.6012858094400784,True,False,False,True,False,0.0,0,0.8888235139146241,1.0077015622667358,False,False,False,False,-0.14452470572017165,-0.16411025642764615,False,False,False,False,-276990,461852.7283822421,False,False,False,False,78042.76105133122,False,False,False,False
2022-11-16 00:00:00+00:00,4.14,4.26,4.1,4.26,15824,,,,,,,,,,,,,,,,,,,,,,,4.059298902426379,,,"rgba(239, 83, 80, 0.5)",0.0,0.0,0.6748416697857925,5.175643411600438,-1.5346465074232467,0.0,0.0,0.0,0.0,0.0,0.0,0.0,0.0,39.62713730834828,-4.478533202053484,False,False,False,True,False,0.0,0,0.8895088498695438,0.9977610887807632,False,False,False,False,-0.1981335241621579,-0.18112189029490203,False,False,False,False,-292814,432257.95472019335,False,False,False,False,75602.80963755354,False,False,False,False
2022-11-17 00:00:00+00:00,4.12,4.16,4.03,4.12,113847,,,,,,,,,,,,,,,,,,,,,,,4.067403827370867,,,"rgba(239, 83, 80, 0.5)",0.0,0.0,0.6643895253851003,5.1611761952041215,-1.567117113414189,0.0,0.0,0.0,0.0,0.0,0.0,0.0,0.0,38.9040959179939,-5.519734464653482,False,False,False,True,False,0.0,0,0.8901062741784873,1.000409088887901,False,False,False,False,-0.2409357517971239,-0.21102882104601295,False,False,False,False,-406661,399359.1721821466,False,False,False,False,77102.58180862987,False,False,False,False
2022-11-18 00:00:00+00:00,4.12,4.23,4.12,4.16,5015,,,,,,,,,,,,,,,,,,,,,,,4.068121736794584,,,"rgba(239, 83, 80, 0.5)",0.0,0.0,0.6504314022316315,5.16064801701702,-1.5999350791590845,0.0,0.0,0.0,0.0,0.0,0.0,0.0,0.0,38.42206832442431,-6.337431048300417,False,False,False,True,False,0.0,0,0.8974055970349679,0.9900538933949258,False,False,False,False,-0.20063011277246345,-0.2058294669092382,False,False,False,False,-406661,367750.53797892516,False,False,False,False,74275.61781613459,False,False,False,False
2022-11-21 00:00:00+00:00,3.84,4.1899,3.8,4.1,117597,,,,,,,,,,,,,,,,,,,,,,,4.048316432345496,,,"rgba(239, 83, 80, 0.5)",0.0,0.0,0.6371579633578064,5.140659677943765,-2.041345714474511,0.0,0.0,0.0,0.0,0.0,0.0,0.0,0.0,35.78518157955645,-9.133250158296192,False,False,False,True,False,0.0,0,0.8752162420857591,0.9887685836472687,False,False,False,False,-0.2924646129374653,-0.24914703992335174,True,False,False,False,-524258,332769.81099935947,False,False,False,False,75974.49554883518,False,False,False,False
2022-11-22 00:00:00+00:00,3.94,4.02,3.84,3.87,33219,,,,,,,,,,,,,,,,,,,,,,,4.043383857008369,,,"rgba(239, 83, 80, 0.5)",0.0,0.0,0.6280422032069235,5.135227051733286,-1.9030998962015448,0.0,0.0,0.0,0.0,0.0,0.0,0.0,0.0,35.60020207918406,-9.554339072258259,False,False,False,True,False,0.0,0,0.9002339098383895,0.9907765097816844,False,False,False,False,-0.3267267151183393,-0.2879368775208455,False,False,False,False,-491039,300463.58311703167,False,False,False,False,74297.80944888086,False,False,False,False
2022-11-23 00:00:00+00:00,3.92,4.04,3.86,3.95,33296,,,,,,,,,,,,,,,,,,,,,,,4.0391218456212545,,,"rgba(239, 83, 80, 0.5)",0.0,0.0,0.6219622247444024,5.12997291546285,-1.9454122249306904,0.0,0.0,0.0,0.0,0.0,0.0,0.0,0.0,35.3040209931302,-10.124399350815949,False,False,False,True,False,0.0,0,0.9065188909741155,0.9747353139053152,False,False,False,False,-0.3161006611799598,-0.3020187693504026,False,False,False,False,-524335,268118.54064185394,False,False,False,False,72689.89535284632,False,False,False,False
2022-11-25 00:00:00+00:00,4.04,4.04,3.94,3.96,3223,,,,,,,,,,,,,,,,,,,,,,,4.038992847165528,,,"rgba(239, 83, 80, 0.5)",0.0,0.0,0.60793219157201,5.129533921561971,-1.79219645984632,0.0,0.0,0.0,0.0,0.0,0.0,0.0,0.0,37.03362841439318,-10.124399350815949,False,False,False,True,False,0.0,0,0.9128940182571733,0.9659423299546664,False,False,False,False,-0.2950515198435349,-0.2985351445969687,False,False,False,False,-521112,237168.32336178125,False,False,False,False,69965.70337822489,False,False,False,False
2022-11-28 00:00:00+00:00,3.98,4.1369,3.8991,4.1369,30251,,,,,,,,,,,,,,,,,,,,,,,4.037782302446965,,,"rgba(239, 83, 80, 0.5)",0.0,0.0,0.5843699309651496,5.125439340864077,-1.9601271047130382,0.0,0.0,0.0,0.0,0.0,0.0,0.0,0.0,37.5598712363271,-10.124399350815949,False,False,False,True,True,0.0,0,0.9035599046940802,0.9712851352658278,False,False,False,False,-0.28046788615307183,-0.2895015153750203,False,False,False,False,-551363,206245.5263672016,False,False,False,False,68408.26403005922,False,False,False,False
2022-11-29 00:00:00+00:00,3.96,3.98,3.88,3.94,64234,,,,,,,,,,,,,,,,,,,,,,,4.030844871918068,,,"rgba(239, 83, 80, 0.5)",0.0,0.0,0.555475836923086,5.115796105112573,-2.0807315607368366,0.0,0.0,0.0,0.0,0.0,0.0,0.0,0.0,37.69520562602048,-10.124399350815949,False,False,False,True,True,0.0,1,0.8959631608423935,0.994248326503036,False,False,False,False,-0.3267267151183393,-0.30811411524667975,False,False,False,False,-615597,174016.40768613486,False,False,False,False,68244.56740142945,False,False,False,False
2022-11-30 00:00:00+00:00,3.94,3.987,3.88,3.987,30672,,,,,,,,,,,,,,,,,,,,,,,4.027726098622962,,,"rgba(239, 83, 80, 0.5)",0.0,0.0,0.5370900909212188,5.111284063306319,-2.180796263243897,0.0,0.0,0.0,0.0,0.0,0.0,0.0,0.0,37.55656872566764,-10.124399350815949,False,False,False,True,True,0.0,0,0.9065451458696332,0.983317696466068,False,False,False,False,-0.32486206515060023,-0.31648809019864,False,False,False,False,-646269,141848.35248275704,False,False,False,False,66771.13338568712,False,False,False,False
2022-12-01 00:00:00+00:00,3.91,4.04,3.9,4.04,37664,,,,,,,,,,,,,,,,,,,,,,,4.024719572246408,,,"rgba(239, 83, 80, 0.75)",0.0,0.0,0.5221249030781923,5.105994538994367,-2.290629180763779,0.0,0.0,0.0,0.0,0.0,0.0,0.0,0.0,37.10409766816476,-10.124399350815949,False,True,False,True,True,0.0,0,0.9070455256221239,0.9839431711566817,False,False,False,False,-0.3055432609251655,-0.31101567556190274,False,False,False,False,-683933,109464.77003245286,False,False,False,False,65629.6771744837,False,False,False,False
2022-12-02 00:00:00+00:00,3.9,3.9578,3.88,3.9,23041,,,,,,,,,,,,,,,,,,,,,,,4.022127796728293,,,"rgba(239, 83, 80, 0.75)",0.0,0.0,0.5112139588388691,5.102584809067143,-2.352409961180636,0.0,0.0,0.0,0.0,0.0,0.0,0.0,0.0,36.67560593631736,-10.124399350815949,False,True,False,True,True,0.0,1,0.9067727366596929,0.9885519829761255,False,False,False,False,-0.33265493331481666,-0.3218353044383597,False,False,False,False,-706974,77447.56336451354,False,False,False,False,63959.532971562774,False,False,False,False
2022-12-05 00:00:00+00:00,3.87,3.915,3.82,3.89,27852,,,,,,,,,,,,,,,,,,,,,,,4.017947157069425,,,"rgba(239, 83, 80, 0.75)",0.0,0.0,0.5021689174188491,5.098202873088544,-2.4457962858424485,0.0,0.0,0.0,0.0,0.0,0.0,0.0,0.0,35.989645169869725,-10.999093959164043,False,True,False,True,True,0.0,1,0.9007155554352436,0.9941618617074076,False,False,False,False,-0.34282825441539394,-0.33233177942687686,False,False,False,False,-734826,45593.69813453262,False,False,False,False,62543.55128640345,False,False,False,False
2022-12-06 00:00:00+00:00,3.88,3.93,3.85,3.9,15254,,,,,,,,,,,,,,,,,,,,,,,4.01602135536976,,,"rgba(239, 83, 80, 1.0)",0.0,0.0,0.49593725990871357,5.095905054234275,-2.451731605038276,0.0,0.0,0.0,0.0,0.0,0.0,0.0,0.0,35.79700596353011,-11.394166644169992,False,True,False,True,False,0.0,0,0.9004460610008778,0.9918840422355529,False,False,False,False,-0.3310337921682625,-0.3316827857975697,False,False,False,False,-719572,15587.200168472515,False,False,False,False,60689.05907909352,False,False,False,False
2022-12-07 00:00:00+00:00,4.02,4.06,3.88,3.89,97790,,,,,,,,,,,,,,,,,,,,,,,4.013498074793168,,,"rgba(239, 83, 80, 0.5)",0.0,0.0,0.491811030874753,5.084005242560777,-2.163443224663544,0.0,0.0,0.0,0.0,1.0,3.95,3.93,0.0,39.06060017541753,-13.801591613457482,False,False,False,True,True,0.0,0,0.9220787551661886,0.9789503587694622,False,False,False,False,-0.2897840717919557,-0.31073342879476273,False,False,False,False,-621782,-9407.670426369545,False,False,False,False,62143.99793873691,False,False,False,False
2022-12-08 00:00:00+00:00,4.17,4.23,3.95,4.03,25586,,,,,,,,,,,,,,,,,,,,,,,4.015767335035489,,,"rgba(239, 83, 80, 0.5)",0.0,0.0,0.48353756480399085,5.0817738882691845,-1.8856319645791857,0.0,0.0,0.0,0.0,1.0,4.07,4.06,0.0,44.07677827031276,-9.160981641067487,True,False,False,True,True,0.0,0,0.927104360341441,0.9502412354149885,False,False,False,False,-0.22961825824057328,-0.270175843517668,False,False,False,False,-596196,-32418.9774684727,False,False,False,False,60710.35096074723,False,False,False,False
2022-12-09 00:00:00+00:00,4.25,4.25,4.07,4.17,22895,,,,,,,,,,,,,,,,,,,,,,,4.019130434931674,,,#000000,0.0,0.0,0.46438986417227396,5.080187271956319,-1.787694641949261,0.0,0.0,0.0,0.0,0.0,0.0,0.0,0.0,48.708063731933265,-5.086510055450091,True,False,False,False,True,0.0,0,0.952084067478066,0.9412955282679606,False,False,False,False,-0.1952871943237746,-0.2327315189207213,False,False,False,False,-573301,-53630.037175591424,False,False,False,False,59227.396021110086,False,False,False,False
2022-12-12 00:00:00+00:00,4.41,4.45,4.24,4.25,37907,,,,,,,,,,,,,,,,,,,,,,,4.029893271145416,,,"rgba(38, 166, 154, 1.0)",0.0,0.0,0.44871219131045204,5.079129016409287,-1.4912209415463253,0.0,0.0,0.0,0.0,0.0,0.0,0.0,0.0,53.98396303245512,-0.5315405053243509,True,False,True,False,True,0.0,0,0.9729637265582096,0.9244010695668615,False,False,False,False,-0.10649313238979649,-0.1696123256552589,False,False,False,False,-535394,-72522.74160007804,False,False,False,False,58391.30205949793,False,False,False,False
2022-12-13 00:00:00+00:00,4.28,4.47,4.1073,4.47,85004,,,,,,,,,,,,,,,,,,,,,,,4.04650875163097,,,"rgba(38, 166, 154, 1.0)",0.0,0.0,0.4356764648015532,5.075039240600733,-1.8248386241447918,0.0,0.0,0.0,0.0,0.0,0.0,0.0,0.0,54.86592637445878,-0.09828911465775292,True,False,True,False,True,0.0,0,0.9562082041900162,0.9325316826671167,False,False,False,False,-0.1332997777462368,-0.15145605170074786,False,False,False,False,-620398,-94008.04585105536,False,False,False,False,59434.937272850955,False,False,False,False
2022-12-14 00:00:00+00:00,5.07,5.1,4.52,4.55,227015,,,,,,,,,,,,,,,,,,,,,,,4.1721547094030935,,,"rgba(38, 166, 154, 1.0)",0.0,0.0,0.42620893239589797,5.092256365873532,-0.05221937923360654,0.0,0.0,0.0,0.0,0.0,0.0,0.0,0.0,61.962537924166405,6.233227492176731,True,False,True,False,True,3.176120719369436,0,0.9560353204613631,0.8880814567577848,False,False,False,False,0.11242506652772323,-0.019515492586512313,False,False,False,False,-393383,-105748.24013140614,False,False,False,False,66006.70443862151,False,False,False,False
2022-12-15 00:00:00+00:00,5.11,5.18,4.9872,5.09,69359,,,,,,,,,,,,,,,,,,,,,,,4.21191233711845,,,"rgba(38, 166, 154, 1.0)",0.0,0.0,0.41557219860362327,5.0992497942546136,0.025868443032303068,0.0,0.0,0.0,0.0,0.0,0.0,0.0,0.0,66.8880374111452,10.376100268022888,True,False,True,False,True,3.647747264337493,0,0.9934987240095386,0.8745513115508516,False,False,False,False,0.24503870694495086,0.11276160717921928,False,False,False,False,-324024,-114308.07385174316,False,False,False,False,66138.16700965597,False,False,False,False
2022-12-16 00:00:00+00:00,5.12,5.1799,4.94,5.14,46781,,,,,,,,,,,,,,,,,,,,,,,4.236490881360972,,,"rgba(38, 166, 154, 1.0)",0.0,0.0,0.4054004804505621,5.103564476704103,0.040541449969744424,0.0,0.0,0.0,0.0,0.0,0.0,0.0,0.0,70.22351421161959,13.071017039702355,True,False,True,False,True,3.7670702530240376,0,0.992552645095018,0.8765677551899531,False,False,False,False,0.23330216262393894,0.1730318849015791,False,False,False,False,-277243,-120697.67879873363,False,False,False,False,65379.062421042014,False,False,False,False
2022-12-19 00:00:00+00:00,4.93,5.26,4.88,5.18,95851,,,,,,,,,,,,,,,,,,,,,,,4.279636089464669,,,"rgba(38, 166, 154, 1.0)",0.0,0.0,0.3950230920379722,5.104905833127898,-0.44277369261006394,0.0,0.0,0.0,0.0,0.0,0.0,0.0,0.0,69.30623911056767,13.071017039702355,True,False,True,False,True,1.2934600144076356,0,0.988627310712602,0.8739899523631459,False,False,False,False,0.23828168475527992,0.20565678482842953,False,False,False,False,-373094,-130595.5737478029,False,False,False,False,66574.04036531488,False,False,False,False
2022-12-20 00:00:00+00:00,5.14,5.15,4.91,4.91,27498,,,,,,,,,,,,,,,,,,,,,,,4.291824925994344,,,"rgba(38, 166, 154, 1.0)",0.0,0.0,0.38836469347139696,5.107554417133302,0.08354411050263942,0.0,0.0,0.0,0.0,0.0,0.0,0.0,0.0,70.1006670128823,13.071017039702355,True,False,True,False,True,3.814713059532032,0,0.9895169230272609,0.8853963232564522,False,False,False,False,0.21852882993132677,0.21209280737987815,False,False,False,False,-345596,-139026.96301259496,False,False,False,False,65041.646625498615,False,False,False,False
2022-12-21 00:00:00+00:00,5.04,5.21,5.0,5.14,59941,,,,,,,,,,,,,,,,,,,,,,,4.317673085383794,,,"rgba(38, 166, 154, 1.0)",0.0,0.0,0.3825107664974719,5.113005189931287,-0.190857869439263,0.0,0.0,0.0,0.0,0.0,0.0,0.0,0.0,69.11044925192654,13.071017039702355,True,False,True,False,True,2.5261278742893616,0,1.0016220927417405,0.8805542553706606,False,False,False,False,0.255715928835422,0.23390436810765008,False,False,False,False,-405537,-149478.33701210105,False,False,False,False,64841.62126763593,False,False,False,False
2022-12-22 00:00:00+00:00,4.97,5.055,4.9,5.01,23272,,,,,,,,,,,,,,,,,,,,,,,4.325902964209517,,,"rgba(38, 166, 154, 1.0)",0.0,0.0,0.37816546261803724,5.113635577968679,-0.3798220413209885,0.0,0.0,0.0,0.0,0.0,0.0,0.0,0.0,67.40562124009844,13.071017039702355,True,False,True,False,True,1.631209388424498,0,1.0089977444346376,0.8843532411493579,False,False,False,False,0.1928531434058592,0.21337875575675463,False,False,False,False,-428809,-160432.48065868532,False,False,False,False,63211.44004145413,False,False,False,False
2022-12-23 00:00:00+00:00,5.12,5.12,4.95,5.0,29749,,,,,,,,,,,,,,,,,,,,,,,4.337519481454966,,,"rgba(38, 166, 154, 0.75)",0.0,0.0,0.37931692993238564,5.11574622027824,0.0112143154868373,0.0,0.0,0.0,0.0,0.0,0.0,0.0,0.0,67.45884128433042,13.071017039702355,True,False,True,False,False,3.4375016579880793,0,1.0107351205947637,0.8858991179212979,False,False,False,False,0.22098847690514858,0.21718361633095162,False,False,False,False,-399060,-169790.42259363882,False,False,False,False,61899.18749080887,False,False,False,False
2022-12-27 00:00:00+00:00,5.13,5.2207,5.09,5.2,17889,,,,,,,,,,,,,,,,,,,,,,,4.345114464906027,,,"rgba(38, 166, 154, 0.75)",0.0,0.0,0.3804845180404394,5.117612374760291,0.03255750142872478,0.0,0.0,0.0,0.0,0.0,0.0,0.0,0.0,67.5723543033929,13.071017039702355,True,False,True,False,False,3.557153139450538,0,1.040989285834995,0.8748774799743132,False,False,False,False,0.28106891363559117,0.2491262649832714,False,False,False,False,-381171,-178079.85700173143,False,False,False,False,60173.29778528696,False,False,False,False
2022-12-28 00:00:00+00:00,4.83,5.2,4.83,5.2,41863,,,,,,,,,,,,,,,,,,,,,,,4.358183534179834,,,"rgba(38, 166, 154, 0.75)",0.0,0.0,0.378899687216775,5.118488238635478,-0.761384208983072,0.0,0.0,0.0,0.0,0.0,0.0,0.0,0.0,63.300681985864244,13.071017039702355,True,False,True,False,False,0.0,0,1.014181145162904,0.8749374729049256,False,False,False,False,0.21116535478949394,0.23014580988638267,False,False,False,False,-423034,-187685.90182519297,False,False,False,False,59455.2468917463,False,False,False,False
2022-12-29 00:00:00+00:00,5.04,5.07,4.83,4.83,38780,,,,,,,,,,,,,,,,,,,,,,,4.370319231175712,,,"rgba(38, 166, 154, 0.75)",0.0,0.0,0.3821927253092035,5.119808633259769,-0.20881777170196467,0.0,0.0,0.0,0.0,0.0,0.0,0.0,0.0,62.398487388661366,18.838854759309328,True,False,True,False,False,2.2619039024994336,0,1.006650172688629,0.8995334086078639,False,False,False,False,0.17950559025666668,0.20482570007152467,False,False,False,False,-384254,-195394.45469479324,False,False,False,False,58644.45289599154,False,False,False,False
2022-12-30 00:00:00+00:00,4.93,5.11,4.9,5.0,21929,,,,,,,,,,,,,,,,,,,,,,,4.376974251491938,,,"rgba(38, 166, 154, 0.75)",0.0,0.0,0.384288367700021,5.120566389287268,-0.4958942432419045,0.0,0.0,0.0,0.0,0.0,0.0,0.0,0.0,60.39949989149203,16.705994079400156,True,False,True,False,False,0.898408931004365,0,1.0082394290841148,0.8975874358995465,False,False,False,False,0.2062689245113217,0.2055473122914232,False,False,False,False,-406183,-203660.67215774252,False,False,False,False,57204.631213795794,False,False,False,False
2023-01-03 00:00:00+00:00,4.88,5.02,4.85,4.92,41184,,,,,,,,,,,,,,,,,,,,,,,4.387815763064794,,,"rgba(38, 166, 154, 0.75)",0.0,0.0,0.3856950202538862,5.121133191306645,-0.6251913523485922,0.0,0.0,0.0,0.0,0.0,0.0,0.0,0.0,58.43817650029067,14.63996642200992,True,False,True,False,False,0.28219480417364906,0,1.0032976431308696,0.9102481867074558,False,False,False,False,0.17225198397498775,0.18889964813320548,False,False,False,False,-447367,-213217.7830535173,False,False,False,False,56576.37116619596,False,False,False,False
2023-01-04 00:00:00+00:00,4.89,5.02,4.89,4.97,21914,,,,,,,,,,,,,,,,,,,,,,,4.393585126049216,,,"rgba(38, 166, 154, 0.75)",0.0,0.0,0.3868235158731038,5.121586615475327,-0.5986880475780042,0.0,0.0,0.0,0.0,0.0,0.0,0.0,0.0,57.241348852884485,13.297891173653099,True,False,True,False,False,0.4057918261635969,0,1.0032976431308696,0.9103550928438678,False,False,False,False,0.18192758145949645,0.18541361479635096,False,False,False,False,-425453,-221540.73273769312,False,False,False,False,55217.06249301181,False,False,False,False
2023-01-05 00:00:00+00:00,4.93,4.99,4.9,4.9,14446,,,,,,,,,,,,,,,,,,,,,,,4.397368247442575,,,"rgba(38, 166, 154, 0.75)",0.0,0.0,0.3874215991597429,5.121921632320814,-0.49538185980611893,0.0,0.0,0.0,0.0,0.0,0.0,0.0,0.0,56.91202374413127,12.726906147725586,True,False,True,False,False,0.9060572892149921,0,1.012560459239176,0.9154742180047196,False,False,False,False,0.17708568090936427,0.18124964785285763,False,False,False,False,-411007,-228970.78243425416,False,False,False,False,53618.19729720742,False,False,False,False
2023-01-06 00:00:00+00:00,5.01,5.085,4.94,4.94,26381,,,,,,,,,,,,,,,,,,,,,,,4.405038226446456,,,"rgba(38, 166, 154, 0.75)",0.0,0.0,0.3901388988044609,5.12311328037957,-0.28993079317697895,0.0,0.0,0.0,0.0,0.0,0.0,0.0,0.0,57.627194496134415,12.726906147725586,True,False,True,False,False,1.9064678831468136,0,1.0134141028219048,0.896516187412025,False,False,False,False,0.2099403202961006,0.19559498407447912,False,False,False,False,-384626,-235074.908613303,False,False,False,False,52550.071913003216,False,False,False,False
2023-01-09 00:00:00+00:00,5.0,5.1,4.93,5.02,23949,,,,,,,,,,,,,,,,,,,,,,,4.4118184485760965,,,"rgba(38, 166, 154, 0.75)",0.0,0.0,0.39272840946842713,5.124156546217291,-0.3161384387377061,0.0,0.0,0.0,0.0,0.0,0.0,0.0,0.0,57.93198453118279,12.726906147725586,True,False,True,False,False,1.7742485116799216,0,1.008341527641206,0.894576757054049,False,False,False,False,0.2111653547894935,0.2033801694319863,False,False,False,False,-408575,-241878.8337657225,False,False,False,False,51428.461249748194,False,False,False,False
2023-01-10 00:00:00+00:00,5.0,5.06,4.97,5.0,94746,,,,,,,,,,,,,,,,,,,,,,,4.437215357080601,,,"rgba(38, 166, 154, 0.75)",0.0,0.0,0.39499015839033536,5.1280552480382084,-0.32419857892171144,0.0,0.0,0.0,0.0,0.0,0.0,0.0,0.0,58.13517788788171,12.726906147725586,True,False,True,False,False,1.7742485116799216,1,1.0084335928284973,0.9099265325379975,False,False,False,False,0.2111653547894935,0.20727276211073992,False,False,False,False,-408575,-248415.93832392944,False,False,False,False,53127.18825956199,False,False,False,False
2023-01-11 00:00:00+00:00,5.07,5.1205,5.01,5.06,38622,,,,,,,,,,,,,,,,,,,,,,,4.4479267710184756,,,"rgba(38, 166, 154, 0.75)",0.0,0.0,0.3981557936738244,5.130117624106991,-0.15099020298632215,0.0,0.0,0.0,0.0,0.0,0.0,0.0,0.0,59.222824280637795,12.726906147725586,True,False,True,False,False,2.680468660949785,1,1.010937644497129,0.8935996704414572,False,False,False,False,0.23592674809474642,0.22159975510274316,False,False,False,False,-369953,-253182.097605344,False,False,False,False,52558.35734742231,False,False,False,False
2023-01-12 00:00:00+00:00,5.08,5.2342,5.03,5.23,31357,,,,,,,,,,,,,,,,,,,,,,,4.457011494078079,,,"rgba(38, 166, 154, 1.0)",0.0,0.0,0.4017991968565786,5.132108494133805,-0.1296879001786671,0.0,0.0,0.0,0.0,0.0,0.0,0.0,0.0,60.085748834619295,12.726906147725586,True,False,True,False,True,2.810700923645058,1,1.0355447630490147,0.8786435285855704,False,False,False,False,0.26931979218265445,0.2454597736426988,False,False,False,False,-338596,-256531.66240513444,False,False,False,False,51726.93156909203,False,False,False,False
2023-01-13 00:00:00+00:00,5.04,5.15,5.0,5.0,81519,,,,,,,,,,,,,,,,,,,,,,,4.477752186490233,,,"rgba(38, 166, 154, 1.0)",0.0,0.0,0.40530713523681133,5.1359587283690455,-0.2367555861383469,0.0,0.0,0.0,0.0,0.0,0.0,0.0,0.0,59.73367342498757,12.726906147725586,True,False,True,False,True,2.242952724007516,1,1.0254945557127666,0.9288068266704163,False,False,False,False,0.24076337148610724,0.24311157256440302,False,False,False,False,-420115,-262946.6952519919,False,False,False,False,52895.24797814724,False,False,False,False
2023-01-17 00:00:00+00:00,5.1,5.2386,5.07,5.1,39799,,,,,,,,,,,,,,,,,,,,,,,4.488568060379933,,,"rgba(38, 166, 154, 1.0)",0.0,0.0,0.40963627021282045,5.13840282100928,-0.09374858576202003,0.0,0.0,0.0,0.0,0.0,0.0,0.0,0.0,60.44306365186938,12.726906147725586,True,False,True,False,True,3.046540462281225,1,0.9893776301218162,0.9380996677740865,False,False,False,False,0.3422244499187986,0.2926680112416008,False,False,False,False,-380316,-267549.41308524716,False,False,False,False,52381.66962606304,False,False,False,False
2023-01-18 00:00:00+00:00,5.1,5.37,5.0,5.15,90081,,,,,,,,,,,,,,,,,,,,,,,4.512517095224848,,,"rgba(38, 166, 154, 1.0)",0.0,0.0,0.41368800534432076,5.144778460328748,-0.10824210455770511,0.0,0.0,0.0,0.0,0.0,0.0,0.0,0.0,60.915990469790586,12.726906147725586,True,False,True,False,True,3.046540462281225,1,1.017573376473307,0.8973792465911716,False,False,False,False,0.34282819819850247,0.31774810472005166,False,False,False,False,-380316,-271971.6321799433,False,False,False,False,53860.07473876645,False,False,False,False
2023-01-19 00:00:00+00:00,5.1,5.2499,5.06,5.22,45321,,,,,,,,,,,,,,,,,,,,,,,4.523573566726941,,,"rgba(38, 166, 154, 1.0)",0.0,0.0,0.4173512790085674,5.146639123280872,-0.11175028238002617,0.0,0.0,0.0,0.0,0.0,0.0,0.0,0.0,61.23127501507139,12.726906147725586,True,False,True,False,True,3.046540462281225,1,1.0148276436919998,0.9018282179043101,False,False,False,False,0.3260270950574681,0.32188759988875987,False,False,False,False,-380316,-276220.43091798475,False,False,False,False,53525.209062736394,False,False,False,False
2023-01-20 00:00:00+00:00,5.11,5.164,5.03,5.09,29338,,,,,,,,,,,,,,,,,,,,,,,4.530124109709565,,,"rgba(38, 166, 154, 1.0)",0.0,0.0,0.4213339177781291,5.147317445727982,-0.0885697641546924,0.0,0.0,0.0,0.0,0.0,0.0,0.0,0.0,61.633476188648,12.726906147725586,True,False,True,False,True,3.1869937358942266,1,1.0046382876293813,0.9098172459125669,False,False,False,False,0.29411349358504857,0.30800054673690425,False,False,False,False,-350978,-279152.10029375006,False,False,False,False,52576.69106027614,False,False,False,False
2023-01-23 00:00:00+00:00,5.18,5.2625,5.12,5.15,70951,,,,,,,,,,,,,,,,,,,,,,,4.547667924334789,,,"rgba(38, 166, 154, 1.0)",0.0,0.0,0.42605988666738387,5.152184475937032,0.06528547965531102,0.0,0.0,0.0,0.0,0.0,0.0,0.0,0.0,63.20606030070002,10.179146587286944,True,False,True,False,True,4.174504351682824,1,1.016733563756643,0.9004441223473445,False,False,False,False,0.3428281984639268,0.3254143726004155,False,False,False,False,-280027,-279186.410086152,False,False,False,False,53297.252195167275,False,False,False,False
2023-01-24 00:00:00+00:00,5.2,5.3205,5.16,5.19,25634,,,,,,,,,,,,,,,,,,,,,,,4.554153914076358,,,"rgba(38, 166, 154, 1.0)",0.0,0.0,0.4309237093073903,5.154198868426651,0.10628594014231475,0.0,0.0,0.0,0.0,0.0,0.0,0.0,0.0,64.61006363982982,11.62769591736491,True,False,True,False,True,4.457315501794387,1,1.1286297387904753,0.867258160898585,False,False,False,False,0.3428282004611015,0.3341212865307585,False,False,False,False,-254393,-278214.11949453823,False,False,False,False,52212.41877574895,False,False,False,False
2023-01-25 00:00:00+00:00,5.27,5.325,5.21,5.21,35383,,,,,,,,,,,,,,,,,,,,,,,4.563445692975062,,,"rgba(38, 166, 154, 1.0)",0.0,0.0,0.437012503171162,5.157381953438799,0.25769982722231666,0.0,0.0,0.0,0.0,0.0,0.0,0.0,0.0,66.72755308379189,13.68250617144595,True,False,True,False,True,5.4491772595643795,1,1.0593144072649923,0.8634643704491534,False,False,False,False,0.34282820151128324,0.33847474402102085,False,False,False,False,-219010,-275892.3893182818,False,False,False,False,51552.44156885683,False,False,False,False
2023-01-26 00:00:00+00:00,5.19,5.315,5.12,5.27,36499,,,,,,,,,,,,,,,,,,,,,,,4.571985972721469,,,"rgba(38, 166, 154, 0.75)",0.0,0.0,0.44138247188406043,5.1596022387883576,0.06886943444285103,0.0,0.0,0.0,0.0,0.0,0.0,0.0,0.0,65.29345910595242,13.68250617144595,True,False,True,False,False,4.151330979374617,1,1.0446673299088383,0.8688201733904533,False,False,False,False,0.3165990398796977,0.3275368919503593,False,False,False,False,-255509,-275093.0407175649,False,False,False,False,50962.11052694088,False,False,False,False
2023-01-27 00:00:00+00:00,5.19,5.21,5.11,5.17,28485,,,,,,,,,,,,,,,,,,,,,,,4.578103404616579,,,"rgba(38, 166, 154, 0.75)",0.0,0.0,0.44579868603268163,5.160875185884079,0.06533176303212919,0.0,0.0,0.0,0.0,0.0,0.0,0.0,0.0,64.33739645405944,13.68250617144595,True,False,True,False,False,4.151330979374617,1,1.0512783697580685,0.8789727916970063,False,False,False,False,0.28694587975588015,0.3072413858531197,False,False,False,False,-255509,-274325.03912079765,False,False,False,False,50080.65521215889,False,False,False,False
2023-01-30 00:00:00+00:00,5.11,5.28,5.07,5.21,38453,,,,,,,,,,,,,,,,,,,,,,,4.585938728940291,,,"rgba(38, 166, 154, 0.75)",0.0,0.0,0.4490036216471413,5.162341906296732,-0.11657346126679137,0.0,0.0,0.0,0.0,0.0,0.0,0.0,0.0,61.05583539217717,14.44501152987317,True,False,True,False,False,2.843736222001155,1,1.0447436392849152,0.8746059509040248,False,False,False,False,0.2946323295331558,0.30093685769313777,False,False,False,False,-293962,-275095.1160180213,False,False,False,False,49624.6687332507,False,False,False,False
2023-01-31 00:00:00+00:00,5.3,5.345,5.1,5.1,37575,,,,,,,,,,,,,,,,,,,,,,,4.59463951802652,,,"rgba(38, 166, 154, 0.75)",0.0,0.0,0.45478088972345193,5.1648925012049895,0.29708262120945295,0.0,0.0,0.0,0.0,0.0,0.0,0.0,0.0,62.64882434532615,14.44501152987317,True,False,True,False,False,5.621389811314124,1,1.0656645249929284,0.865135167899139,False,False,False,False,0.3192025322630084,0.3100696949780731,False,False,False,False,-256387,-274361.4644094715,False,False,False,False,49152.13270449577,False,False,False,False
2023-02-01 00:00:00+00:00,5.37,5.39,5.25,5.3,96387,,,,,,,,,,,,,,,,,,,,,,,4.618826898889533,,,"rgba(38, 166, 154, 1.0)",0.0,0.0,0.4621014279676342,5.1733518525709234,0.42555191463907355,0.0,0.0,0.0,0.0,0.0,0.0,0.0,0.0,64.75559022311495,10.967999924308288,True,False,True,False,True,6.611099967375189,1,1.0878007427740997,0.850637816890037,False,False,False,False,0.34282820342347986,0.3264489492007765,False,False,False,False,-160000,-269876.70109929616,False,False,False,False,51004.48044157437,False,False,False,False
2023-02-02 00:00:00+00:00,5.45,5.48,5.3,5.4,50726,,,,,,,,,,,,,,,,,,,,,,,4.632170275311063,,,"rgba(38, 166, 154, 1.0)",0.0,0.0,0.46977088530972366,5.178404669037482,0.5781442389377821,0.0,0.0,0.0,0.0,0.0,0.0,0.0,0.0,67.2296807244212,13.196531441186352,True,False,True,False,True,7.73019881009753,1,1.0831763338277145,0.8496813244077445,False,False,False,False,0.3428282057679355,0.334638577484356,False,False,False,False,-109274,-263578.55595814734,False,False,False,False,50993.559639944004,False,False,False,False
2023-02-03 00:00:00+00:00,5.49,5.53,5.3301,5.42,48852,,,,,,,,,,,,,,,,,,,,,,,4.645241892014946,,,"rgba(38, 166, 154, 1.0)",0.0,0.0,0.4788337182464562,5.1834888507706385,0.6401202286919989,0.0,0.0,0.0,0.0,0.0,0.0,0.0,0.0,69.37813090608543,15.107448959726625,True,False,True,False,True,8.287174310953322,1,1.1205561457992808,0.8375592513893427,False,False,False,False,0.34282820701482714,0.33873339224959154,False,False,False,False,-60422,-255611.63219508276,False,False,False,False,50909.576908965806,False,False,False,False
2023-02-06 00:00:00+00:00,5.42,5.49,5.31,5.49,21573,,,,,,,,,,,,,,,,,,,,,,,4.650578305347799,,,"rgba(38, 166, 154, 1.0)",0.0,0.0,0.4860485275887254,5.185399351876989,0.4826691879653636,0.0,0.0,0.0,0.0,0.0,0.0,0.0,0.0,68.50526000425431,15.107448959726625,True,False,True,False,True,7.073696290622195,1,1.11441647597254,0.8242889833278849,False,False,False,False,0.3286500267182805,0.333691709483936,False,False,False,False,-81995,-248803.13681488344,False,False,False,False,49759.12291253578,False,False,False,False
2023-02-07 00:00:00+00:00,5.65,5.7,5.3375,5.4,101318,,,,,,,,,,,,,,,,,,,,,,,4.679638019417996,,,"rgba(38, 166, 154, 1.0)",0.0,0.0,0.4981406870996796,5.219078532604032,0.8650597683656783,0.0,0.0,0.0,0.0,0.0,0.0,0.0,0.0,70.73013180769966,16.19423655506216,True,False,True,False,True,10.237302618988192,0,1.1130745238835458,0.8084502522238823,False,False,False,False,0.3428282095610376,0.3382599595224868,False,False,False,False,19323,-238288.38635155468,False,False,False,False,51781.03966106379,False,False,False,False
2023-02-08 00:00:00+00:00,5.44,5.5787,5.385,5.57,46342,,,,,,,,,,,,,,,,,,,,,,,4.690962236465725,,,"rgba(38, 166, 154, 0.75)",0.0,0.0,0.5051053944074011,5.221231048218036,0.4331154531394937,0.0,0.0,0.0,0.0,0.0,0.0,0.0,0.0,67.13078452607621,16.19423655506216,True,False,True,False,False,6.692500274149555,0,1.1031701313721418,0.8181153188418689,False,False,False,False,0.3263653756781045,0.33231266760029565,False,False,False,False,-27019,-230003.31237698393,False,False,False,False,51567.7439880809,False,False,False,False
2023-02-09 00:00:00+00:00,5.47,5.57,5.37,5.54,90448,,,,,,,,,,,,,,,,,,,,,,,4.712209878418749,,,"rgba(38, 166, 154, 0.75)",0.0,0.0,0.5121198480226434,5.2270348853583455,0.4744301857851671,0.0,0.0,0.0,0.0,0.0,0.0,0.0,0.0,65.14374414328132,20.178299309612896,True,False,True,False,False,7.10410629614141,0,1.10612690380513,0.8279108994394008,False,False,False,False,0.32111495647476196,0.3267138120375288,False,False,False,False,63429,-218496.16287200418,False,False,False,False,53092.459910116944,False,False,False,False
2023-02-10 00:00:00+00:00,5.47,5.47,5.33,5.41,52993,,,,,,,,,,,,,,,,,,,,,,,4.723394767720544,,,"rgba(38, 166, 154, 0.75)",0.0,0.0,0.519085925640635,5.229600144180937,0.4631215063717455,0.0,0.0,0.0,0.0,0.0,0.0,0.0,0.0,63.8190505547514,18.979160411622615,True,False,True,False,False,7.10410629614141,0,1.1036418441468596,0.8229678312002767,False,False,False,False,0.29043585095063285,0.3085748314940808,False,False,False,False,63429,-207440.2741319256,False,False,False,False,53088.55952148491,False,False,False,False
2023-02-13 00:00:00+00:00,5.43,5.52,5.4,5.5,31069,,,,,,,,,,,,,,,,,,,,,,,4.730033842169591,,,"rgba(38, 166, 154, 0.5)",0.0,0.0,0.5251246784601963,5.23149907748999,0.3780072250499953,0.0,0.0,0.0,0.0,0.0,0.0,0.0,0.0,61.968103063400285,17.226312916956857,False,False,True,False,False,6.422950040418584,0,1.110418003257168,0.8189507970191975,False,False,False,False,0.31669751419330694,0.3126361728436939,False,False,False,False,32360,-198036.34181302658,False,False,False,False,52225.047383387464,False,False,False,False
2023-02-14 00:00:00+00:00,5.53,5.64,5.375,5.43,127040,,,,,,,,,,,,,,,,,,,,,,,4.758304968435209,,,"rgba(38, 166, 154, 0.5)",0.0,0.0,0.5327592631127394,5.241773919171227,0.5410062307406192,0.0,0.0,0.0,0.0,0.0,0.0,0.0,0.0,62.340324988352506,17.226312916956857,False,False,True,False,False,7.844228413531752,1,1.1046848340077025,0.8146248720323698,False,False,False,False,0.3377904408455505,0.3252133068446222,False,False,False,False,159400,-184019.2303693785,False,False,False,False,55158.96709384286,False,False,False,False
2023-02-15 00:00:00+00:00,5.61,5.65,5.45,5.52,36056,,,,,,,,,,,,,,,,,,,,,,,4.766518035507621,,,"rgba(38, 166, 154, 0.75)",0.0,0.0,0.5416844598602129,5.245098688753736,0.6736418307817627,0.0,0.0,0.0,0.0,0.0,0.0,0.0,0.0,63.723407634813725,17.226312916956857,True,False,True,False,False,8.961506845790975,1,1.112605624981934,0.8079239211076531,False,False,False,False,0.34282821039414213,0.3340207586193822,False,False,False,False,195456,-169137.8487862656,False,False,False,False,54409.831129378435,False,False,False,False
2023-02-16 00:00:00+00:00,5.59,5.6,5.51,5.6,16040,,,,,,,,,,,,,,,,,,,,,,,4.770103615850208,,,"rgba(38, 166, 154, 0.75)",0.0,0.0,0.5498353561921199,5.24652289979279,0.6246908212413939,0.0,0.0,0.0,0.0,0.0,0.0,0.0,0.0,64.0972193277336,17.226312916956857,True,False,True,False,False,8.606666565802009,1,1.1231449290715254,0.8077467569363522,False,False,False,False,0.3428282099314564,0.33842448427541927,False,False,False,False,179416,-155469.07040249047,False,False,False,False,52905.131869402816,False,False,False,False
2023-02-17 00:00:00+00:00,5.53,5.56,5.43,5.56,67121,,,,,,,,,,,,,,,,,,,,,,,4.783661264907294,,,"rgba(38, 166, 154, 0.5)",0.0,0.0,0.5560809779645861,5.251123811514488,0.5015028377814286,0.0,0.0,0.0,0.0,0.0,0.0,0.0,0.0,62.715141038792275,17.226312916956857,False,False,True,False,False,7.538826630292753,1,1.1088238386039353,0.8116058373233176,False,False,False,False,0.3150405836489017,0.3267325339621605,False,False,False,False,112295,-144968.51862200064,False,False,False,False,53462.616894132116,False,False,False,False
2023-02-21 00:00:00+00:00,5.32,5.6195,5.32,5.6,38819,,,,,,,,,,,,,,,,,,,,,,,4.790362212087895,,,"rgba(38, 166, 154, 0.5)",0.0,0.0,0.5578853251664113,5.252777701985152,0.12049483107446278,0.0,0.0,0.0,0.0,0.0,0.0,0.0,0.0,57.29457572808952,12.383122759010135,False,True,True,False,False,3.938070365007704,1,1.0943665432005443,0.8203945876483482,False,False,False,False,0.30030730586615617,0.31351991991415834,False,False,False,False,73476,-136402.06691133397,False,False,False,False,52888.35740808772,False,False,False,False
2023-02-22 00:00:00+00:00,5.26,5.34,5.22,5.3,22060,,,,,,,,,,,,,,,,,,,,,,,4.7932359825169755,,,#000000,0.0,0.0,0.5590483548522966,5.2528512151385165,0.01278741775990386,0.0,0.0,0.0,0.0,0.0,0.0,0.0,0.0,52.65760131631052,8.147828931724234,False,True,False,False,False,2.946692978042531,1,1.0795053342543557,0.8607625297413463,False,False,False,False,0.20262050982815813,0.2580702148711582,False,False,False,False,51416,-129036.65252265421,False,False,False,False,51679.40221561369,False,False,False,False
2023-02-23 00:00:00+00:00,5.3,5.3234,5.2,5.28,11954,,,,,,,,,,,,,,,,,,,,,,,4.794782639152896,,,#000000,0.0,0.0,0.560551594494286,5.252906359651232,0.08401303432426167,0.0,0.0,0.0,0.0,0.0,0.0,0.0,0.0,50.43857493495308,6.24015994317196,False,True,False,False,False,3.5570647733818355,1,1.066434510832867,0.8635328844558484,False,False,False,False,0.1790253953328458,0.218547805102002,False,False,False,False,63370,-121491.29360019718,False,False,False,False,50121.54330519747,False,False,False,False
2023-02-24 00:00:00+00:00,5.25,5.27,5.101,5.2,20809,,,,,,,,,,,,,,,,,,,,,,,4.797076049935204,,,"rgba(239, 83, 80, 1.0)",0.0,0.0,0.5616089178214435,5.250117409885275,-0.00020905986630495474,0.0,0.0,0.0,0.0,0.0,0.0,0.0,0.0,48.04295098437312,4.0992365943600575,False,True,False,True,False,2.7173295978053957,1,1.037631812739001,0.8849607941596818,False,False,False,False,0.1382978869447651,0.17842284602338354,False,False,False,False,42561,-115057.87032175808,False,False,False,False,48972.03180303286,False,False,False,False
2023-02-27 00:00:00+00:00,5.43,5.52,5.26,5.34,98800,,,,,,,,,,,,,,,,,,,,,,,4.812678579339223,,,#000000,0.0,0.0,0.5652943106538876,5.262815314719081,0.29574804156003787,0.0,0.0,0.0,0.0,0.0,0.0,0.0,0.0,50.06553604924021,4.0992365943600575,False,True,False,False,False,5.448446908981381,1,1.0654201054282901,0.8605364955324516,False,False,False,False,0.18593905343325604,0.18218094972831977,False,False,False,False,141361,-105002.2283483558,False,False,False,False,50926.06977154138,False,False,False,False
2023-02-28 00:00:00+00:00,5.52,5.55,5.39,5.43,35493,,,,,,,,,,,,,,,,,,,,,,,4.81885275902267,,,#000000,0.0,0.0,0.5688028205350645,5.266278716443077,0.44606192936640254,0.0,0.0,0.0,0.0,0.0,0.0,0.0,0.0,52.87049666946425,4.0992365943600575,False,True,False,False,True,6.763867092795447,1,1.0654698059961052,0.9280113299107557,False,False,False,False,0.24426063300476267,0.2132207913665412,False,False,False,False,176854,-93949.0429229301,False,False,False,False,50320.85134912799,False,False,False,False
2023-03-01 00:00:00+00:00,5.4,5.5,5.365,5.5,79015,,,,,,,,,,,,,,,,,,,,,,,4.830900605284159,,,#000000,0.0,0.0,0.5657051089306745,5.269898369247368,0.2299813607809855,0.0,0.0,0.0,0.0,0.0,0.0,0.0,0.0,52.35163271627755,4.0992365943600575,False,True,False,False,True,4.712714691757363,1,1.0121796949326194,0.9392269814220445,False,False,False,False,0.2023124734662151,0.20776663241637816,False,False,False,False,97839,-86427.94320046225,False,False,False,False,51446.11208053474,False,False,False,False
2023-03-02 00:00:00+00:00,5.34,5.43,5.25,5.37,52489,,,,,,,,,,,,,,,,,,,,,,,4.837571122370323,,,#000000,0.0,0.0,0.5644283722381285,5.270381935080266,0.12334260349754775,0.0,0.0,0.0,0.0,0.0,0.0,0.0,0.0,50.92566630984335,4.0992365943600575,False,True,False,False,True,3.7053546615214508,1,1.0051235113411605,0.946197870639229,False,False,False,False,0.10147584466893517,0.15462123854265666,False,False,False,False,45350,-81260.18072201275,False,False,False,False,51487.00964600397,False,False,False,False
2023-03-03 00:00:00+00:00,5.4,5.43,5.3296,5.35,43726,,,,,,,,,,,,,,,,,,,,,,,4.8434984117542,,,#000000,0.0,0.0,0.5629014923502033,5.271706540344821,0.22791458434322748,0.0,0.0,0.0,0.0,0.0,0.0,0.0,0.0,51.09918038117659,4.0992365943600575,False,True,False,False,True,4.613015090130052,1,1.0204105966007628,0.953249653139091,False,False,False,False,0.14449397624512464,0.14955760739389065,False,False,False,False,89076,-74580.33049762009,False,False,False,False,51182.65632655284,False,False,False,False
2023-03-06 00:00:00+00:00,5.35,5.41,5.3,5.39,23785,,,,,,,,,,,,,,,,,,,,,,,4.84647530606041,,,#000000,0.0,0.0,0.5592359008439897,5.272142406993702,0.13922137847158209,0.0,0.0,0.0,0.0,0.0,0.0,0.0,0.0,50.25127182032213,4.0992365943600575,False,True,False,False,True,3.7603726815962197,1,1.014149698755442,0.942686573727956,False,False,False,False,0.11763634456597545,0.13359697597993306,False,False,False,False,65291,-69095.18028202714,False,False,False,False,50108.238431393904,False,False,False,False
2023-03-07 00:00:00+00:00,5.37,5.4,5.31,5.36,31094,,,,,,,,,,,,,,,,,,,,,,,4.850365454143542,,,#000000,0.0,0.0,0.5568286002802709,5.272808120392816,0.17454541587530525,0.0,0.0,0.0,0.0,0.0,0.0,0.0,0.0,50.09973399038388,4.0992365943600575,False,True,False,False,True,4.070431502656962,1,1.0054258211150229,0.9497192388252597,False,False,False,False,0.11763634456597545,0.12561666027295426,False,False,False,False,96385,-62605.761447437835,False,False,False,False,49362.582022319635,False,False,False,False
2023-03-08 00:00:00+00:00,5.35,5.39,5.31,5.35,28772,,,,,,,,,,,,,,,,,,,,,,,4.853843353991967,,,#000000,0.0,0.0,0.5513238122428066,5.2733433299408015,0.1390411013581218,0.0,0.0,0.0,0.0,0.0,0.0,0.0,0.0,49.56956819878974,4.0992365943600575,False,True,False,False,True,3.7208197811086237,1,1.0167067388715367,0.9330045165494462,False,False,False,False,0.11224312465622417,0.11892989246458921,False,False,False,False,67613,-57499.14335145988,False,False,False,False,48555.108217522786,False,False,False,False
2023-03-09 00:00:00+00:00,5.53,6.0179,5.45,5.61,104035,,,,,,,,,,,,,,,,,,,,,,,4.8737822150417465,,,#000000,0.0,0.0,0.5470215174383325,5.285047522576568,0.44779312991293113,0.0,0.0,0.0,0.0,0.0,0.0,0.0,0.0,52.71389563513927,4.0992365943600575,False,True,False,False,True,6.502228134290398,1,1.0147576740969302,0.8787891684843324,False,False,False,False,0.34282816171153274,0.23087902708806096,False,False,False,False,171648,-48512.98086708891,False,False,False,False,50730.79024820817,False,False,False,False
2023-03-10 00:00:00+00:00,5.57,5.6399,5.3985,5.53,38603,,,,,,,,,,,,,,,,,,,,,,,4.879761781601065,,,"rgba(38, 166, 154, 0.5)",0.0,0.0,0.5425952982266368,5.287524715927499,0.5206003166553688,0.0,0.0,0.0,0.0,0.0,0.0,0.0,0.0,55.45857835209347,0.3244712090896087,False,True,True,False,True,7.103006126700549,1,0.9944474824380598,0.9305409498170193,False,False,False,False,0.15379966107607398,0.1923393440820675,False,False,False,False,210251,-38365.3737742619,False,False,False,False,50255.19063063138,False,False,False,False
2023-03-13 00:00:00+00:00,5.67,5.74,5.48,5.53,51990,,,,,,,,,,,,,,,,,,,,,,,4.888773982124345,,,"rgba(38, 166, 154, 0.5)",0.0,0.0,0.5317800127702969,5.2920414276364545,0.7107423432380962,0.0,0.0,0.0,0.0,0.0,0.0,0.0,0.0,58.79094991237422,3.5172076720489187,False,True,True,False,True,8.588914675418177,1,1.030715380032343,0.9168759043322838,False,False,False,False,0.2316640462239126,0.21200169515299006,False,False,False,False,262241,-26576.88852821241,False,False,False,False,50323.22237060662,False,False,False,False
2023-03-14 00:00:00+00:00,5.84,5.87,5.68,5.7,79216,,,,,,,,,,,,,,,,,,,,,,,4.905092556033938,,,"rgba(38, 166, 154, 0.5)",0.0,0.0,0.525719823987386,5.30183150813293,1.023679281837358,0.0,0.0,0.0,0.0,0.0,0.0,0.0,0.0,63.056770201793235,7.47706695977439,False,False,True,False,True,11.017889115137582,1,1.051147533977263,0.8876720232498503,False,False,False,False,0.3428281662418816,0.27741493069743584,False,False,False,False,341457,-12144.18701730212,False,False,False,False,51456.272473720084,False,False,False,False
2023-03-15 00:00:00+00:00,5.6,5.75,5.59,5.7,61672,,,,,,,,,,,,,,,,,,,,,,,4.915326481441245,,,"rgba(38, 166, 154, 0.5)",0.0,0.0,0.5135448961486766,5.30662550952849,0.5712733057453553,0.0,0.0,0.0,0.0,0.0,0.0,0.0,0.0,60.7435504507491,7.47706695977439,False,False,True,False,True,6.712549901536484,1,1.0243318580304706,0.8955974976593752,False,False,False,False,0.25274784226515784,0.26508138648129687,False,False,False,False,279785,-695.9836048589004,False,False,False,False,51856.88923945655,False,False,False,False
2023-03-16 00:00:00+00:00,5.62,5.73,5.5,5.64,81172,,,,,,,,,,,,,,,,,,,,,,,4.927838200607508,,,"rgba(38, 166, 154, 0.5)",0.0,0.0,0.5038746447854389,5.312014917289069,0.6112335397270842,0.0,0.0,0.0,0.0,0.0,0.0,0.0,0.0,59.485555478708925,7.47706695977439,False,False,True,False,False,7.001956009296098,0,1.019948832882273,0.8888595230040595,False,False,False,False,0.2056207087205233,0.23535104760091008,False,False,False,False,360957,13486.486340429683,False,False,False,False,53006.50142614453,False,False,False,False
2023-03-17 00:00:00+00:00,5.38,5.61,5.38,5.6,174007,,,,,,,,,,,,,,,,,,,,,,,4.9473171113814995,,,"rgba(38, 166, 154, 0.5)",0.0,0.0,0.48861480987832,5.316732816606347,0.12948273796573695,0.0,0.0,0.0,0.0,0.0,0.0,0.0,0.0,54.771307975256896,11.026628418753482,False,True,True,False,False,2.9564396399275346,1,1.0030023432923256,0.9025755293329983,False,False,False,False,0.10776458016373022,0.17155781388232016,False,False,False,False,186950,20288.97707217754,False,False,False,False,57751.61901727612,False,False,False,False
2023-03-20 00:00:00+00:00,5.44,5.54,5.4,5.43,90322,,,,,,,,,,,,,,,,,,,,,,,4.956935456991023,,,#000000,0.0,0.0,0.47198068367864376,5.319198107064486,0.2559466883135501,0.0,0.0,0.0,0.0,0.0,0.0,0.0,0.0,52.59666353111086,9.073815990748507,False,True,False,False,False,3.8518605492965428,1,1.0029836161011307,0.9063019793745841,False,False,False,False,0.06609603108683859,0.11882692248457938,False,False,False,False,277272,30366.74267719019,False,False,False,False,59028.88885973588,False,False,False,False
2023-03-21 00:00:00+00:00,5.52,5.61,5.47,5.47,125696,,,,,,,,,,,,,,,,,,,,,,,4.9716013535235035,,,#000000,0.0,0.0,0.454001547800665,5.324325307028693,0.43100005698046623,0.0,0.0,0.0,0.0,0.0,0.0,0.0,0.0,52.394229445055615,8.862380521417002,False,True,False,False,False,5.034972213666151,1,1.004016939652488,0.9069668472732559,False,False,False,False,0.12659293542027572,0.12270992895242755,False,False,False,False,402968,44978.5566898494,False,False,False,False,61643.28537504036,False,False,False,False
2023-03-22 00:00:00+00:00,6.03,6.11,5.44,5.5,115095,,,,,,,,,,,,,,,,,,,,,,,4.99182814271303,,,"rgba(38, 166, 154, 0.5)",0.0,0.0,0.4428511229714914,5.335715687404695,1.5677600813942152,0.0,0.0,0.0,0.0,0.0,0.0,0.0,0.0,57.64363230279098,8.862380521417002,False,True,True,False,True,11.864489354244991,1,1.0018452369205266,0.8636991573089144,False,False,False,False,0.34282815696046065,0.2327690429564441,False,False,False,False,518063,63530.88780005139,False,False,False,False,63739.43104660741,False,False,False,False
2023-03-23 00:00:00+00:00,6.07,6.15,6.01,6.04,75578,,,,,,,,,,,,,,,,,,,,,,,5.0078081952009645,,,"rgba(38, 166, 154, 0.5)",0.0,0.0,0.43021314641854563,5.34571277808348,1.6835543682151355,0.0,0.0,0.0,0.0,0.0,0.0,0.0,0.0,61.442781113845804,4.418491142622379,False,False,True,False,True,12.353892570191725,0,1.053877575067261,0.856513029987628,False,False,False,False,0.34282818142623167,0.2877986121913379,False,False,False,False,593641,84319.51965102975,False,False,False,False,64203.688652622805,False,False,False,False
2023-03-24 00:00:00+00:00,6.65,6.68,5.95,6.02,100546,,,,,,,,,,,,,,,,,,,,,,,5.035078699541269,,,"rgba(38, 166, 154, 1.0)",0.0,0.0,0.4348915159331393,5.364431203052057,2.95606777747669,0.0,0.0,0.0,0.0,0.0,0.0,0.0,0.0,67.17779596351811,9.659172198079446,True,False,True,False,True,18.799651468820443,0,1.0424970121459742,0.8220443406802118,False,False,False,False,0.3428281946849471,0.3153134034381425,False,False,False,False,694187,108235.89142942074,False,False,False,False,65628.8773329121,False,False,False,False
2023-03-27 00:00:00+00:00,6.52,6.67,6.5,6.65,161385,,,,,,,,,,,,,,,,,,,,,,,5.080814131800693,,,"rgba(38, 166, 154, 1.0)",0.0,0.0,0.4314102998849702,5.3959089697055855,2.605619361879255,0.0,0.0,0.0,0.0,0.0,0.0,0.0,0.0,69.13799114568177,11.32158108478663,True,False,True,False,True,16.643055399940458,0,1.0918908871230075,0.8329755100144061,False,False,False,False,0.3428282053652247,0.32907080440168357,False,False,False,False,532802,124885.54274591403,False,False,False,False,69384.0193982881,False,False,False,False
2023-03-28 00:00:00+00:00,6.55,6.6799,6.45,6.5,213371,,,,,,,,,,,,,,,,,,,,,,,5.137111736328373,,,"rgba(38, 166, 154, 1.0)",0.0,0.0,0.43206493505965154,5.43346488274776,2.584183595222994,0.0,0.0,0.0,0.0,0.0,0.0,0.0,0.0,70.60393175826927,12.675686442838597,True,False,True,False,True,16.957299420106814,0,1.0893684152259349,0.8255253980847651,False,False,False,False,0.33288067437655205,0.33097573938911784,False,False,False,False,746173,149249.7567558782,False,False,False,False,75030.56765717876,False,False,False,False
2023-03-29 00:00:00+00:00,6.58,6.65,6.57,6.57,68135,,,,,,,,,,,,,,,,,,,,,,,5.154677881614173,,,"rgba(38, 166, 154, 1.0)",0.0,0.0,0.43696178734941593,5.445071186331486,2.597318224444578,0.0,0.0,0.0,0.0,0.0,0.0,0.0,0.0,71.74989364804475,13.868717173800626,True,False,True,False,True,17.274487020940864,0,1.0957749888276478,0.83588745717265,False,False,False,False,0.34282820546248227,0.33690197242580006,False,False,False,False,814308,175330.4721772163,False,False,False,False,74760.15323925018,False,False,False,False
2023-03-30 00:00:00+00:00,6.6,6.65,6.5502,6.63,84515,,,,,,,,,,,,,,,,,,,,,,,5.175890417452215,,,"rgba(38, 166, 154, 1.0)",0.0,0.0,0.4429958615306984,5.458972074586132,2.5757078665954927,0.0,0.0,0.0,0.0,0.0,0.0,0.0,0.0,72.6335155755724,14.93031220469841,True,False,True,False,True,17.48828695164181,0,1.103040895459668,0.8442018604473479,False,False,False,False,0.33798956785741746,0.33744577014160876,False,False,False,False,898823,203702.72817026664,False,False,False,False,75142.69624947567,False,False,False,False
2023-03-31 00:00:00+00:00,6.78,6.79,6.59,6.62,85282,,,,,,,,,,,,,,,,,,,,,,,5.198423738958977,,,"rgba(38, 166, 154, 1.0)",0.0,0.0,0.4587743169292132,5.473975121562678,2.8467698174107587,0.0,0.0,0.0,0.0,0.0,0.0,0.0,0.0,74.250071124383,16.74972509541722,True,False,True,False,True,19.380134460722505,0,1.1010142452317113,0.8195349547263064,False,False,False,False,0.342828207920883,0.3401369890312459,False,False,False,False,984105,234306.7388302562,False,False,False,False,75540.31600439819,False,False,False,False
2023-04-03 00:00:00+00:00,7.26,7.29,6.68,6.68,201273,,,,,,,,,,,,,,,,,,,,,,,5.260958470848468,,,"rgba(38, 166, 154, 1.0)",0.0,0.0,0.4894758365788721,5.517305158852944,3.5603286432429346,0.0,0.0,0.0,0.0,0.0,0.0,0.0,0.0,77.28683955379014,19.882645588392407,True,False,True,False,True,20.0,0,1.1075780116275886,0.7739009008186774,False,False,False,False,0.3428282138314177,0.3414826014313318,False,False,False,False,1185378,271603.65103299124,False,False,False,False,80471.0094944218,False,False,False,False
2023-04-04 00:00:00+00:00,7.21,7.48,7.128,7.17,86558,,,,,,,,,,,,,,,,,,,,,,,5.289356091333444,,,"rgba(38, 166, 154, 1.0)",0.0,0.0,0.5290735741339184,5.537178799920678,3.161793145344091,0.0,0.0,0.0,0.0,0.0,0.0,0.0,0.0,78.50444286842654,21.27122628110351,True,False,True,False,True,20.0,0,1.138640397267887,0.7706387479607754,False,False,False,False,0.3428282198697984,0.3421554106505651,False,False,False,False,1098820,304043.50785522687,False,False,False,False,80709.71500444447,False,False,False,False
2023-04-05 00:00:00+00:00,7.42,7.48,7.0901,7.28,186622,,,,,,,,,,,,,,,,,,,,,,,5.3496295804269005,,,"rgba(38, 166, 154, 1.0)",0.0,0.0,0.5739398530812674,5.579209339567288,3.20728844764865,0.0,0.0,0.0,0.0,0.0,0.0,0.0,0.0,80.06773694576373,23.023902825306806,True,False,True,False,True,20.0,0,1.1290050590219223,0.7803541315345702,False,False,False,False,0.3362958483876532,0.3392256295191092,False,False,False,False,1285442,342529.7232334533,False,False,False,False,84863.13794544665,False,False,False,False
2023-04-06 00:00:00+00:00,7.42,7.58,7.37,7.44,64087,,,,,,,,,,,,,,,,,,,,,,,5.370786308718321,,,"rgba(38, 166, 154, 1.0)",0.0,0.0,0.6140693683853485,5.594028244825008,2.973559420454816,0.0,0.0,0.0,0.0,0.0,0.0,0.0,0.0,81.10993299732185,24.306426866793657,True,False,True,False,True,20.0,0,1.1489634369605772,0.774527923561104,False,False,False,False,0.3428282224215463,0.34102692597032774,False,False,False,False,1285442,379506.6752635139,False,False,False,False,84048.38743778208,False,False,False,False
2023-04-10 00:00:00+00:00,7.65,7.86,7.21,7.23,162825,,,,,,,,,,,,,,,,,,,,,,,5.425577701481222,,,"rgba(38, 166, 154, 1.0)",0.0,0.0,0.6576254033803458,5.632561859813219,3.0677618744906834,0.0,0.0,0.0,0.0,0.0,0.0,0.0,0.0,82.56389668156177,25.995107629534346,True,False,True,False,True,20.0,0,1.1374102770510497,0.758812973770712,False,False,False,False,0.3428282232298118,0.3419275746000698,False,False,False,False,1448267,421418.8448610232,False,False,False,False,87137.66636179063,False,False,False,False
2023-04-11 00:00:00+00:00,7.62,7.69,7.535,7.56,166054,,,,,,,,,,,,,,,,,,,,,,,5.479748403114891,,,"rgba(38, 166, 154, 1.0)",0.0,0.0,0.6976264262702653,5.670525572791727,2.794438905691673,0.0,0.0,0.0,0.0,0.0,0.0,0.0,0.0,82.98979705986194,26.73098064338022,True,False,True,False,True,20.0,0,1.1647413318197752,0.7653456421214296,False,False,False,False,0.342828224029442,0.34237789931475593,False,False,False,False,1282213,455175.4783958851,False,False,False,False,90232.4245436812,False,False,False,False
2023-04-12 00:00:00+00:00,7.56,7.76,7.42,7.5,64716,,,,,,,,,,,,,,,,,,,,,,,5.499807015035315,,,"rgba(38, 166, 154, 1.0)",0.0,0.0,0.7307869385460721,5.6844894480850385,2.5664259348235743,0.0,0.0,0.0,0.0,0.0,0.0,0.0,0.0,82.14825955730906,26.73098064338022,True,False,True,False,True,20.0,0,1.1567800108995425,0.7678645153832183,False,False,False,False,0.3359772227643834,0.33917756103956964,False,False,False,False,1217497,485070.440027419,False,False,False,False,89231.780443929,False,False,False,False
2023-04-13 00:00:00+00:00,7.59,7.76,7.54,7.65,77480,,,,,,,,,,,,,,,,,,,,,,,5.523888806672761,,,"rgba(38, 166, 154, 1.0)",0.0,0.0,0.7612183927372171,5.701289862796342,2.4811672382378522,0.0,0.0,0.0,0.0,0.0,0.0,0.0,0.0,81.7283363350453,26.73098064338022,True,False,True,False,True,20.0,0,1.1645512014298007,0.772762626596942,False,False,False,False,0.34282822436233745,0.3410028927009535,False,False,False,False,1294977,516831.48159497126,False,False,False,False,88770.92630887296,False,False,False,False
2023-04-14 00:00:00+00:00,7.81,8.09,7.63,7.63,109457,,,,,,,,,,,,,,,,,,,,,,,5.560349639347455,,,"rgba(38, 166, 154, 1.0)",0.0,0.0,0.7980894302888174,5.727059659194391,2.609908441027494,0.0,0.0,0.0,0.0,0.0,0.0,0.0,0.0,82.39625753547116,27.151629923880435,True,False,True,False,True,20.0,0,1.1517564440444814,0.753222022240792,False,False,False,False,0.34282822672208374,0.34191555971151866,False,False,False,False,1404434,551639.4234932077,False,False,False,False,89582.14488499559,False,False,False,False
2023-04-17 00:00:00+00:00,8.13,8.31,7.8999,7.91,104245,,,,,,,,,,,,,,,,,,,,,,,5.598006401126991,,,"rgba(38, 166, 154, 1.0)",0.0,0.0,0.8434265589607377,5.878201809895031,2.6698212976357,0.0,0.0,0.0,0.0,0.0,0.0,0.0,0.0,83.88424443804436,28.89997004608165,True,False,True,False,True,20.0,0,1.1581359278059784,0.7421821144325376,False,False,False,False,0.34282822904562965,0.3423718943785742,False,False,False,False,1508679,589170.3872777878,False,False,False,False,90157.1588110742,False,False,False,False
2023-04-18 00:00:00+00:00,8.09,8.205,8.01,8.13,135437,,,,,,,,,,,,,,,,,,,,,,,5.645083975663942,,,"rgba(38, 166, 154, 1.0)",0.0,0.0,0.8795364872661181,5.9097026001691075,2.478916374018725,0.0,0.0,0.0,0.0,0.0,0.0,0.0,0.0,84.13043867884035,29.44490101355194,True,False,True,False,True,20.0,0,1.1644658992061565,0.7542297836325595,False,False,False,False,0.34282822906776955,0.34260006172317187,False,False,False,False,1373242,619918.293659051,False,False,False,False,91932.83885769875,False,False,False,False
2023-04-19 00:00:00+00:00,7.96,8.15,7.9101,8.15,64051,,,,,,,,,,,,,,,,,,,,,,,5.66589970515703,,,"rgba(38, 166, 154, 0.75)",0.0,0.0,0.9106135343871178,5.922577348250553,2.2374174936030573,0.0,0.0,0.0,0.0,0.0,0.0,0.0,0.0,81.91605160883361,29.44490101355194,True,False,True,False,False,20.0,0,1.1574731291827216,0.7565480554732229,False,False,False,False,0.32332038495741283,0.33296022334029235,False,False,False,False,1309191,646948.5958685,False,False,False,False,90839.43341229881,False,False,False,False
2023-04-20 00:00:00+00:00,7.79,7.93,7.49,7.93,80529,,,,,,,,,,,,,,,,,,,,,,,5.688595933468847,,,"rgba(38, 166, 154, 0.75)",0.0,0.0,0.9326876788648468,5.933693286820787,1.9902768689283883,0.0,0.0,0.0,0.0,0.0,0.0,0.0,0.0,77.64578371008793,32.30189382891537,True,False,True,False,False,20.0,0,1.1192209218678693,0.789512766763871,False,False,False,False,0.2450028882065611,0.2889815557734267,False,False,False,False,1228662,669760.886226598,False,False,False,False,90435.10269024788,False,False,False,False
2023-04-21 00:00:00+00:00,7.87,7.97,7.704,7.79,55081,,,,,,,,,,,,,,,,,,,,,,,5.704663949017907,,,"rgba(38, 166, 154, 0.75)",0.0,0.0,0.9542042012366362,5.943284361076249,2.019185868629328,0.0,0.0,0.0,0.0,0.0,0.0,0.0,0.0,75.34501553876032,30.14938805879447,True,False,True,False,False,20.0,0,1.1376043189394467,0.7825680055069572,False,False,False,False,0.2756792338634014,0.28233039481841404,False,False,False,False,1283743,693838.6161784963,False,False,False,False,89048.66729063033,False,False,False,False
2023-04-24 00:00:00+00:00,7.8,7.9,7.68,7.87,125249,,,,,,,,,,,,,,,,,,,,,,,5.739416259557246,,,"rgba(38, 166, 154, 0.75)",0.0,0.0,0.9718877331079729,5.963961696436682,1.8891464940008058,0.0,0.0,0.0,0.0,0.0,0.0,0.0,0.0,72.66608411097488,27.663206125272623,True,False,True,False,False,20.0,0,1.1366967588481052,0.787637750886162,False,False,False,False,0.2642703741280509,0.27330038447323246,False,False,False,False,1158494,712060.3959362023,False,False,False,False,90468.28818119386,False,False,False,False
2023-04-25 00:00:00+00:00,7.68,7.86,7.61,7.78,89985,,,,,,,,,,,,,,,,,,,,,,,5.762772921767212,,,"rgba(38, 166, 154, 0.75)",0.0,0.0,0.9853809799644319,5.9776544199187995,1.727601419851485,0.0,0.0,0.0,0.0,0.0,0.0,0.0,0.0,68.99802215763995,24.295860872001498,True,False,True,False,False,20.0,0,1.1332480798829934,0.7848320328353408,False,False,False,False,0.2510042110695976,0.262152297771415,False,False,False,False,1068509,726038.7725661552,False,False,False,False,90449.33570349998,False,False,False,False
2023-04-26 00:00:00+00:00,7.58,7.68,7.54,7.61,74932,,,,,,,,,,,,,,,,,,,,,,,5.780669006518228,,,"rgba(38, 166, 154, 0.5)",0.0,0.0,0.9962423635074124,5.98760725519598,1.5983989470170454,0.0,0.0,0.0,0.0,0.0,0.0,0.0,0.0,65.08497035494767,20.770565574734505,False,False,True,False,False,19.912905633331487,0,1.122340222186542,0.8027463663401918,False,False,False,False,0.22116515989553562,0.24165872883347533,False,False,False,False,993577,736530.4677596394,False,False,False,False,89840.81273473527,False,False,False,False
2023-04-27 00:00:00+00:00,7.8,7.97,7.5261,7.55,81829,,,,,,,,,,,,,,,,,,,,,,,5.801558798019126,,,"rgba(38, 166, 154, 0.5)",0.0,0.0,1.010536972590791,6.000784551596962,1.7804548445073232,0.0,0.0,0.0,0.0,0.0,0.0,0.0,0.0,64.57545131458059,20.41484860483817,False,False,True,False,False,20.0,0,1.1215266254337002,0.7925856086890934,False,False,False,False,0.254143925093524,0.24790132696349967,False,False,False,False,1075406,749819.704318085,False,False,False,False,89526.62400003978,False,False,False,False
2023-04-28 00:00:00+00:00,8.12,8.225,7.88,7.88,112775,,,,,,,,,,,,,,,,,,,,,,,5.834065617504985,,,"rgba(38, 166, 154, 0.5)",0.0,0.0,1.0311708904955537,6.024010301789923,2.032630786544797,0.0,0.0,0.0,0.0,0.0,0.0,0.0,0.0,66.5532508420709,20.41484860483817,False,False,True,False,False,20.0,0,1.1342505377141585,0.7719424460431655,False,False,False,False,0.32894998891018173,0.2884256579368407,False,False,False,False,1188181,767010.3433644347,False,False,False,False,90438.32501964607,False,False,False,False
2023-05-01 00:00:00+00:00,8.02,8.2,7.8,8.19,165869,,,,,,,,,,,,,,,,,,,,,,,5.8788147423307064,,,"rgba(38, 166, 154, 0.5)",0.0,0.0,1.0482003797156454,6.054971097235497,1.8746691384500103,0.0,0.0,0.0,0.0,0.0,0.0,0.0,0.0,66.42535947073279,20.41484860483817,False,False,True,False,False,20.0,0,1.121896539214975,0.7758180367118915,False,False,False,False,0.31581580353991606,0.3021207307383784,False,False,False,False,1022312,777022.1730364176,False,False,False,False,93396.39070515016,False,False,False,False
2023-05-02 00:00:00+00:00,8.03,8.06,7.72,8.04,83169,,,,,,,,,,,,,,,,,,,,,,,5.8998502357850535,,,"rgba(38, 166, 154, 0.5)",0.0,0.0,1.063858979342617,6.06915153469048,1.843146980364985,0.0,0.0,0.0,0.0,0.0,0.0,0.0,0.0,66.41592524825279,20.41484860483817,False,False,True,False,False,20.0,1,1.122473680441166,0.7880183341688749,False,False,False,False,0.2886292303607279,0.29537498054955313,False,False,False,False,1105481,789902.911348715,False,False,False,False,92995.31655985015,False,False,False,False
2023-05-03 00:00:00+00:00,8.16,8.22,8.05,8.12,150427,,,,,,,,,,,,,,,,,,,,,,,5.940576028619203,,,"rgba(38, 166, 154, 0.5)",0.0,0.0,1.0803499099495102,6.098151543099722,1.9085006051387905,0.0,0.0,0.0,0.0,0.0,0.0,0.0,0.0,67.39218892167023,20.41484860483817,False,False,True,False,True,20.0,1,1.153758977875627,0.7776446385389976,False,False,False,False,0.342828229304101,0.31910160492682704,False,False,False,False,1255908,808177.620707589,False,False,False,False,95247.53943985603,False,False,False,False
2023-05-04 00:00:00+00:00,6.76,8.095,6.32,8.05,243483,,,,,,,,,,,,,,,,,,,,,,,5.972481143102012,,,"rgba(38, 166, 154, 0.5)",0.0,0.0,1.0744673601874069,6.1577434498439665,0.5605163753424661,0.0,0.0,0.0,0.0,0.0,0.0,0.0,0.0,56.26369682003191,12.310253417627038,False,True,True,False,False,5.240774536719282,0,1.0279384852473754,0.7881080039811219,False,False,True,False,0.12307400031442112,0.22108780262062408,False,False,False,False,1012425,816187.321856311,False,False,False,False,101060.69475594012,False,False,False,False
2023-05-05 00:00:00+00:00,7.3,7.4,6.75,6.77,124555,,,,,,,,,,,,,,,,,,,,,,,5.989427547671943,,,#000000,0.0,0.0,1.0734080271699011,6.166928445480954,1.0555832692125948,0.0,0.0,0.0,0.0,0.0,0.0,0.0,0.0,52.755406395027805,9.356557586742177,False,True,False,False,False,10.139204566648054,0,1.0549748138210322,0.8371749243793517,False,False,False,False,0.09307508195978587,0.157081442290205,False,False,False,False,1136980,828767.4268815538,False,False,False,False,101982.04005962874,False,False,False,False
2023-05-08 00:00:00+00:00,6.89,7.29,6.75,7.17,144627,,,,,,,,,,,,,,,,,,,,,,,6.005653971642039,,,"rgba(239, 83, 80, 1.0)",0.0,0.0,1.0673092715239887,6.171588927754348,0.6731048735478964,0.0,0.0,0.0,0.0,0.0,0.0,0.0,0.0,48.44548224403016,5.607563605585078,False,True,False,True,False,5.7463945630590025,0,1.0610354322811242,0.8453051771614057,False,False,False,False,0.06680760972172947,0.11194452600596723,False,False,False,False,992353,835182.5473960028,False,False,False,False,103654.39142983936,False,False,False,False
2023-05-09 00:00:00+00:00,6.84,6.99,6.77,6.79,74945,,,,,,,,,,,,,,,,,,,,,,,6.01292540488348,,,"rgba(239, 83, 80, 1.0)",0.0,0.0,1.0604237976538518,6.172816441182438,0.6291669050559602,0.0,0.0,0.0,0.0,0.0,0.0,0.0,0.0,45.34589665912809,2.9568649551042583,False,True,False,True,False,5.231264919330343,0,1.0533561773295694,0.8789776295492376,False,False,False,False,0.033662069666639656,0.07280329783630345,False,False,False,False,917408,838407.0749491008,False,False,False,False,102528.53294239468,False,False,False,False
2023-05-10 00:00:00+00:00,6.91,6.92,6.765,6.92,72323,,,,,,,,,,,,,,,,,,,,,,,6.019813463045413,,,"rgba(239, 83, 80, 1.0)",0.0,0.0,1.0545343193232817,6.174307885632942,0.6976464406005946,0.0,0.0,0.0,0.0,0.0,0.0,0.0,0.0,43.79839918960084,1.638636859830811,False,True,False,True,False,5.861374530657027,0,1.045138783003275,0.8850397350589468,False,False,False,False,0.024799345475826642,0.048801321656065044,False,False,False,False,989731,844341.3465197243,False,False,False,False,101344.00223877137,False,False,False,False
2023-05-11 00:00:00+00:00,6.9,6.95,6.72,6.87,39933,,,,,,,,,,,,,,,,,,,,,,,6.023532151718701,,,"rgba(239, 83, 80, 1.0)",0.0,0.0,1.0483232944706113,6.175178560756735,0.6914102196014732,0.0,0.0,0.0,0.0,0.0,0.0,0.0,0.0,42.712412069643506,0.5845791300397849,False,True,False,True,False,5.7550579813143194,0,1.0449332467169767,0.8819204546144458,False,False,False,False,0.023027312452442585,0.03591431705425381,False,False,False,False,949798,848476.9015581666,False,False,False,False,98935.72764117249,False,False,False,False
2023-05-12 00:00:00+00:00,7.03,7.1,6.9,6.9,72638,,,,,,,,,,,,,,,,,,,,,,,6.0314418355207176,,,"rgba(239, 83, 80, 1.0)",0.0,0.0,1.0436088287224163,6.178786043548763,0.8156446486690718,0.0,0.0,0.0,0.0,0.0,0.0,0.0,0.0,43.06172942398058,0.5845791300397849,False,True,False,True,False,6.942071743874404,0,1.0627671895749828,0.8687231294455796,False,False,False,False,0.06109924213126148,0.04850677959275765,False,False,False,False,1022436,855298.8269872582,False,False,False,False,97904.44420426377,False,False,False,False
2023-05-15 00:00:00+00:00,6.89,7.08,6.89,7.0,99493,,,,,,,,,,,,,,,,,,,,,,,6.041456605254402,,,"rgba(239, 83, 80, 1.0)",0.0,0.0,1.0360885036459837,6.18284628100592,0.6825225031506608,0.0,0.0,0.0,0.0,0.0,0.0,0.0,0.0,42.415265048398965,-0.15634773395559876,False,True,False,True,False,5.427017199743851,0,1.0570241304649384,0.8706387546967258,False,False,False,False,0.05753195936369752,0.05301936947822758,False,False,False,False,922943,857951.5396544245,False,False,False,False,97966.74050997892,False,False,False,False
2023-05-16 00:00:00+00:00,6.82,6.93,6.76,6.77,90448,,,,,,,,,,,,,,,,,,,,,,,6.049233058178516,,,"rgba(239, 83, 80, 1.0)",0.0,0.0,1.0276008444408178,6.1850207828800015,0.6179239931099229,0.0,0.0,0.0,0.0,0.0,0.0,0.0,0.0,41.54439099646352,-1.3529315811235207,False,True,False,True,False,4.675412344845448,0,1.0507851232219798,0.8789173532363422,False,False,False,False,0.0242956103336953,0.03865748990596144,False,False,False,False,832495,856953.243981702,False,False,False,False,97671.88794096015,False,False,False,False
2023-05-17 00:00:00+00:00,7.0,7.1,6.82,6.82,46544,,,,,,,,,,,,,,,,,,,,,,,6.053860100878837,,,"rgba(239, 83, 80, 1.0)",0.0,0.0,1.0183363928530667,6.187152643282462,0.7982110454092567,0.0,0.0,0.0,0.0,0.0,0.0,0.0,0.0,42.633682399762534,-1.3529315811235207,False,True,False,True,False,6.358560655282222,0,1.053182577076414,0.869589500139626,False,False,False,False,0.051589691856069424,0.04512359088101543,False,False,False,False,879039,857819.352060851,False,False,False,False,95666.87272758917,False,False,False,False
2023-05-18 00:00:00+00:00,7.02,7.1,6.9,6.9,77931,,,,,,,,,,,,,,,,,,,,,,,6.061781646304632,,,"rgba(239, 83, 80, 1.0)",0.0,0.0,1.0116925074990502,6.1910990304951055,0.8193210519607138,0.0,0.0,0.0,0.0,0.0,0.0,0.0,0.0,43.545103548613184,-1.3529315811235207,False,True,False,True,False,6.544322313908452,0,1.057525647908346,0.8699227760505467,False,False,False,False,0.04895086671330817,0.0470372287971618,False,False,False,False,956970,861707.612764347,False,False,False,False,94971.34830689941,False,False,False,False
2023-05-19 00:00:00+00:00,7.37,7.5,7.02,7.02,80332,,,,,,,,,,,,,,,,,,,,,,,6.072274749889016,,,"rgba(239, 83, 80, 0.75)",0.0,0.0,1.008885354070344,6.198371955885933,1.1613093989194496,0.0,0.0,0.0,0.0,0.0,0.0,0.0,0.0,47.10935763898607,-1.3529315811235207,False,True,False,True,True,9.700015344470135,0,1.0629429450927053,0.8808671582313217,False,False,False,False,0.1137906489513232,0.0804139388742425,False,False,False,False,1037302,868593.6671657452,False,False,False,False,94397.25621643277,False,False,False,False
2023-05-22 00:00:00+00:00,7.23,7.51,7.23,7.5,140590,,,,,,,,,,,,,,,,,,,,,,,6.090606758286587,,,#000000,0.0,0.0,1.0050601703111768,6.211102620843112,1.0137675427347073,0.0,0.0,0.0,0.0,0.0,0.0,0.0,0.0,48.280104136475046,-1.3529315811235207,False,True,False,False,True,8.135762064661463,0,1.0783625174092635,0.8580475436570763,False,False,False,False,0.14148056865471337,0.11094725376447793,False,False,False,False,896712,869696.3468847355,False,False,False,False,96208.73636480795,False,False,False,False
2023-05-23 00:00:00+00:00,7.44,7.48,7.22,7.22,63720,,,,,,,,,,,,,,,,,,,,,,,6.099113522152944,,,#000000,0.0,0.0,1.0034858164337797,6.217145624911299,1.2186065363978145,0.0,0.0,0.0,0.0,0.0,0.0,0.0,0.0,50.691887228666104,-5.372868943887923,False,True,False,False,True,9.97389332409351,0,1.0729165426690632,0.8657909459925958,False,False,False,False,0.13643120787662036,0.12368923082054914,False,False,False,False,960432,873254.6077912165,False,False,False,False,94934.66827207038,False,False,False,False
2023-05-24 00:00:00+00:00,7.21,7.39,7.17,7.39,54408,,,,,,,,,,,,,,,,,,,,,,,6.105597884251156,,,#000000,0.0,0.0,0.9978066396301819,6.221355444547817,0.9908177758955433,0.0,0.0,0.0,0.0,0.0,0.0,0.0,0.0,50.32585896371458,-5.372868943887923,False,True,False,False,True,7.441048441441783,0,1.055425157366905,0.8770167265312895,False,False,False,False,0.11881105218604866,0.12125014150329891,False,False,False,False,906024,874539.6819954825,False,False,False,False,93345.38716336174,False,False,False,False
2023-05-25 00:00:00+00:00,7.39,7.45,7.19,7.28,65065,,,,,,,,,,,,,,,,,,,,,,,6.1138343173903,,,#000000,0.0,0.0,0.996545890419351,6.227016564898454,1.1670144308278236,0.0,0.0,0.0,0.0,0.0,0.0,0.0,0.0,51.49494849251567,-4.174578460329073,False,True,False,False,True,9.011801597922997,0,1.0672396839124718,0.871758266494485,False,False,False,False,0.12887002849171336,0.12506008499750615,False,False,False,False,971089,878325.9297603656,False,False,False,False,92236.35237264168,False,False,False,False
2023-05-26 00:00:00+00:00,7.26,7.4611,7.21,7.45,65607,,,,,,,,,,,,,,,,,,,,,,,6.121809382019482,,,#000000,0.0,0.0,0.990426243666902,6.232357197517983,1.0375763052050462,0.0,0.0,0.0,0.0,0.0,0.0,0.0,0.0,51.15047322662111,-4.174578460329073,False,True,False,False,True,7.59655619918901,0,1.0736636592220083,0.870078390770596,False,False,False,False,0.13278735675064346,0.1289237208740748,False,False,False,False,905482,879390.8736913317,False,False,False,False,91192.06404430278,False,False,False,False
2023-05-30 00:00:00+00:00,7.43,7.54,7.24,7.36,82806,,,,,,,,,,,,,,,,,,,,,,,6.13250017528202,,,#000000,0.0,0.0,0.9858050535494272,6.310342174646292,1.135780163960753,0.0,0.0,0.0,0.0,0.0,0.0,0.0,0.0,52.28554329619245,-2.8741409146941805,False,True,False,False,True,9.078387515850501,1,1.0828356669123065,0.8594016212232866,False,False,False,False,0.14653710631593062,0.1377304135950027,False,False,False,False,988288,883661.3492328482,False,False,False,False,90863.19878766347,False,False,False,False
2023-05-31 00:00:00+00:00,7.02,7.39,6.98,7.39,64109,,,,,,,,,,,,,,,,,,,,,,,6.138901314904223,,,#000000,0.0,0.0,0.9772519293065215,6.307906781754113,0.7286690329188737,0.0,0.0,0.0,0.0,0.0,0.0,0.0,0.0,49.77205908446914,-2.8741409146941805,False,True,False,False,False,4.762931926335217,0,1.064054484857267,0.8652427184466019,False,False,False,False,0.08861269575490488,0.1131715546749538,False,False,False,False,924179,885250.276713913,False,False,False,False,89814.01452148058,False,False,False,False
2023-06-01 00:00:00+00:00,7.06,7.18,6.98,7.01,74019,,,,,,,,,,,,,,,,,,,,,,,6.1457737476873975,,,#000000,0.0,0.0,0.9676934031616149,6.307938035570698,0.7771696716875304,0.0,0.0,0.0,0.0,0.0,0.0,0.0,0.0,48.44511927642854,-2.8741409146941805,False,True,False,False,False,5.119995265624805,0,1.0616288152755675,0.8834138579487919,False,False,False,False,0.034971861908185305,0.07407170829156955,False,False,False,False,998198,889679.5991957203,False,False,False,False,89194.60218730487,False,False,False,False
2023-06-02 00:00:00+00:00,6.89,7.09,6.85,6.99,153642,,,,,,,,,,,,,,,,,,,,,,,6.157766331450001,,,"rgba(239, 83, 80, 1.0)",0.0,0.0,0.9585927185202197,6.307532272322666,0.6076279492050489,0.0,0.0,0.0,0.0,0.0,0.0,0.0,0.0,46.3193205366958,1.2463823881626084,False,True,False,True,False,3.3917238115180375,0,1.0572674677347573,0.9154487464767839,False,False,False,False,-0.04418933820783809,0.014941185041865729,False,False,False,False,844556,887910.0462860842,False,False,False,False,91721.95112113607,False,False,False,False
2023-06-05 00:00:00+00:00,7.1,7.15,6.78,6.78,120300,,,,,,,,,,,,,,,,,,,,,,,6.167683339996347,,,"rgba(239, 83, 80, 1.0)",0.0,0.0,0.9511928405007077,6.361961167788762,0.7759087335253004,0.0,0.0,0.0,0.0,0.0,0.0,0.0,0.0,46.82352033690083,1.2463823881626084,False,True,False,True,False,5.287240505093731,0,1.0190311722523049,0.915416361773745,False,False,False,False,-0.0945666207191839,-0.039812717838659084,False,False,False,False,964856,890927.5346670222,False,False,False,False,92842.65892030719,False,False,False,False
2023-06-06 00:00:00+00:00,7.21,7.42,7.01,7.01,95724,,,,,,,,,,,,,,,,,,,,,,,6.177276480347909,,,#000000,0.0,0.0,0.9436445925861612,6.373251008083698,0.8867204861770044,0.0,0.0,0.0,0.0,0.0,0.0,0.0,0.0,48.10253522387442,1.2463823881626084,False,True,False,False,False,6.259813960882649,1,1.0366950037285607,0.9293124533929903,False,False,False,False,-0.05680029893836339,-0.048306508388511235,False,False,False,False,1060580,897580.5725232174,False,False,False,False,92955.65268813829,False,False,False,False
2023-06-07 00:00:00+00:00,7.28,7.35,7.13,7.13,88146,,,,,,,,,,,,,,,,,,,,,,,6.186290903062295,,,#000000,0.0,0.0,0.9349805027595632,6.381978311054591,0.9604710325989992,0.0,0.0,0.0,0.0,0.0,0.0,0.0,0.0,49.55661529535508,1.2463823881626084,False,True,False,False,True,6.876953650879752,1,1.0110096654275091,0.9330914498141264,False,False,False,False,-0.04626305134914004,-0.047284779868825635,False,False,False,False,1148726,907429.4128164246,False,False,False,False,92767.0388572309,False,False,False,False
2023-06-08 00:00:00+00:00,7.29,7.48,7.2,7.32,83042,,,,,,,,,,,,,,,,,,,,,,,6.1951943972925205,,,#000000,0.0,0.0,0.9215318817105538,6.390691948056121,0.9758838188805549,0.0,0.0,0.0,0.0,0.0,0.0,0.0,0.0,50.616532218065466,1.2463823881626084,False,True,False,False,True,6.965991512045189,1,1.0180932952213775,0.9261679693522944,False,False,False,False,-0.011846949294089857,-0.029565864581457747,False,False,False,False,1231768,920148.5730981334,False,False,False,False,92385.66478439832,False,False,False,False
2023-06-09 00:00:00+00:00,7.32,7.42,7.198,7.29,61818,,,,,,,,,,,,,,,,,,,,,,,6.201670496930117,,,#000000,0.0,0.0,0.9059701285770182,6.3963328761883815,1.0195337513637417,0.0,0.0,0.0,0.0,0.0,0.0,0.0,0.0,51.614689365003045,-2.7954507174794045,False,True,False,False,True,7.2371153619823545,1,1.0119578912662057,0.9296480341014801,False,False,False,False,-0.025181574132542926,-0.027373719357000337,False,False,False,False,1293586,934793.1780746772,False,False,False,False,91186.93283206898,False,False,False,False
2023-06-12 00:00:00+00:00,7.12,7.37,6.95,7.34,151501,,,,,,,,,,,,,,,,,,,,,,,6.214904234332251,,,#000000,0.0,0.0,0.8890717296936876,6.403046059149062,0.8064073087758064,0.0,0.0,0.0,0.0,0.0,0.0,0.0,0.0,50.14477872366351,-2.7954507174794045,False,True,False,False,True,5.066537467551605,1,0.9985495353890247,0.9338391660117422,False,False,False,False,-0.11584417257954213,-0.07160894596827123,False,False,False,False,1142085,942922.2691305722,False,False,False,False,93552.19036806628,False,False,False,False
2023-06-13 00:00:00+00:00,7.45,7.559,7.09,7.09,96899,,,,,,,,,,,,,,,,,,,,,,,6.225125880872955,,,"rgba(38, 166, 154, 0.5)",0.0,0.0,0.8720737839682314,6.411939754143903,1.190335341962203,0.0,0.0,0.0,0.0,0.0,0.0,0.0,0.0,52.3012863397247,-2.0378343566446517,False,True,True,False,True,8.042087660927905,1,1.0042734070036075,0.9320636401916488,False,False,False,False,-0.08166570214571209,-0.07663732405699167,False,False,False,False,1238984,954532.5330862361,False,False,False,False,93683.4378046127,False,False,False,False
2023-06-14 00:00:00+00:00,7.42,7.54,7.2,7.45,118805,,,,,,,,,,,,,,,,,,,,,,,6.237632274963153,,,"rgba(38, 166, 154, 0.5)",0.0,0.0,0.8578844711065415,6.422526329443807,1.1627132838406582,0.0,0.0,0.0,0.0,0.0,0.0,0.0,0.0,53.408513146478555,-0.9064531614223625,False,True,True,False,True,7.715611875780855,1,1.0054959026341035,0.9609970064378922,False,False,False,False,-0.058451112141106376,-0.06754421809904902,False,False,False,False,1120179,961028.4729652072,False,False,False,False,94668.59710639258,False,False,False,False
2023-06-15 00:00:00+00:00,7.71,7.73,7.47,7.47,163629,,,,,,,,,,,,,,,,,,,,,,,6.258075930699547,,,"rgba(38, 166, 154, 0.5)",0.0,0.0,0.8476723189772951,6.443251760380956,1.4943843408115043,0.0,0.0,0.0,0.0,0.0,0.0,0.0,0.0,56.46857359468482,2.035236305533701,False,False,True,False,True,10.22746520513342,1,0.9923009187917831,0.958005538240508,False,False,False,False,0.058451061198226385,-0.004546578450411318,False,False,False,False,1283808,973686.4936332384,False,False,False,False,97372.92663163209,False,False,False,False
2023-06-16 00:00:00+00:00,7.47,7.6992,7.32,7.64,111985,,,,,,,,,,,,,,,,,,,,,,,6.270337396538094,,,"rgba(38, 166, 154, 0.5)",0.0,0.0,0.8309188878574026,6.4535790203727315,1.2232493381492375,0.0,0.0,0.0,0.0,0.0,0.0,0.0,0.0,55.90016204516849,2.035236305533701,False,False,True,False,True,7.622711985278222,1,0.985181237291376,0.9591644025281111,False,False,False,False,0.012489853841000383,0.003971637695294532,False,False,False,False,1171823,981456.5527064448,False,False,False,False,97945.94911666612,False,False,False,False
2023-06-20 00:00:00+00:00,7.74,7.76,7.41,7.54,173110,,,,,,,,,,,,,,,,,,,,,,,6.290935567994808,,,"rgba(38, 166, 154, 0.5)",0.0,0.0,0.8140630384869562,6.472374546494507,1.5571588360792585,0.0,0.0,0.0,0.0,0.0,0.0,0.0,0.0,57.54165685004371,3.083974182839917,False,False,True,False,True,9.90647608409348,1,0.9743878541998287,0.9617455565196901,False,False,False,False,0.050812888467071826,0.027392263081183178,False,False,False,False,1344933,995710.5310316823,False,False,False,False,100893.55895522823,False,False,False,False
2023-06-21 00:00:00+00:00,7.77,7.84,7.63,7.63,214646,,,,,,,,,,,,,,,,,,,,,,,6.317647904128705,,,"rgba(38, 166, 154, 0.5)",0.0,0.0,0.7975983771116614,6.49718370566759,1.595811038309346,0.0,0.0,0.0,0.0,0.0,0.0,0.0,0.0,58.84639504939294,4.391361539217343,False,False,True,False,True,10.155672116360002,0,0.9961266131742317,0.9725443493948203,False,False,False,False,0.12761126004442014,0.07750176156280165,False,False,False,False,1559579,1017823.020010832,False,False,False,False,105354.43899619968,False,False,False,False
2023-06-22 00:00:00+00:00,7.69,7.81,7.66,7.81,122922,,,,,,,,,,,,,,,,,,,,,,,6.332231165495641,,,"rgba(38, 166, 154, 0.5)",0.0,0.0,0.7770887690315308,6.509983128263511,1.5185097491591846,0.0,0.0,0.0,0.0,0.0,0.0,0.0,0.0,58.791695794481065,4.457694636281715,False,False,True,False,True,9.277744119566847,0,0.9787284232377379,0.9642800275993841,False,False,False,False,0.12761126004442014,0.10255651080361089,False,False,False,False,1436657,1034247.8819711916,False,False,False,False,106043.36295713304,False,False,False,False
2023-06-23 00:00:00+00:00,7.12,7.61,6.89,7.6,2721919,,,,,,,,,,,,,,,,,,,,7.206666666666666,,,6.495901296758232,,,"rgba(38, 166, 154, 0.5)",0.0,0.0,0.7519424216024724,6.649326861497738,0.6259430575804,0.0,0.0,0.0,0.0,0.0,0.0,0.0,0.0,53.644152411533284,8.202676352822571,False,True,True,False,False,3.401139332425906,1,0.9428313879048511,0.9761323771738942,False,False,False,False,-0.11987868135936118,-0.008661085277875145,False,False,False,False,-1285262,943286.7101291841,False,False,False,False,208626.72127253958,False,False,False,False
2023-06-26 00:00:00+00:00,7.53,7.63,7.01,7.01,303842,,,,,,,,,,,,,,,,,,,,7.2250767019162,,,6.514199953992584,,,"rgba(38, 166, 154, 0.5)",0.0,0.0,0.7262683841155078,6.662975224416783,1.1938076812184666,0.0,0.0,0.0,0.0,0.0,0.0,0.0,0.0,53.44764647394638,8.05183884436677,False,True,True,False,False,6.887125934927102,1,0.9441148572422813,0.9755456897664576,False,False,False,False,-0.08396602316086746,-0.046313554219371306,False,False,False,False,-981420,867808.0156143141,False,False,False,False,212360.6537716557,False,False,False,False
2023-06-27 00:00:00+00:00,7.61,7.68,7.47,7.56,123599,,,,,,,,,,,,,,,,,,,,7.239267571824116,,,6.5230548620632165,,,"rgba(38, 166, 154, 0.5)",0.0,0.0,0.704958576509698,6.670613122198364,1.3325419522557063,0.0,0.0,0.0,0.0,0.0,0.0,0.0,0.0,53.8716528974995,8.05183884436677,False,False,True,False,False,7.541067766612116,1,0.9665827955884955,0.9933987185412138,False,False,False,False,0.04572411722689147,-0.0002947184962399166,False,False,False,False,-857821,800136.289511792,False,False,False,False,208879.8046041398,False,False,False,False
2023-06-28 00:00:00+00:00,7.73,7.74,7.52,7.61,105364,,,,,,,,,,,,,,,,,,,,7.252995698969661,,,6.531024569823215,,,"rgba(38, 166, 154, 0.5)",0.0,0.0,0.6843350688708504,6.6777231921497675,1.537663135671952,0.0,0.0,0.0,0.0,0.0,0.0,0.0,0.0,54.988777789802306,8.05183884436677,False,False,True,False,False,8.51803266339833,1,0.9585026874394817,1.0077811084890616,False,False,False,False,0.07374876690757749,0.036727024205668785,False,False,False,False,-752457,739250.2781583884,False,False,False,False,204820.3612863304,False,False,False,False
2023-06-29 00:00:00+00:00,7.65,7.76,7.57,7.72,82409,,,,,,,,,,,,,,,,,,,,7.263046487309117,,,6.537162624134405,,,"rgba(38, 166, 154, 0.5)",0.0,0.0,0.6641597821429729,6.683152343465314,1.4557455638386645,0.0,0.0,0.0,0.0,0.0,0.0,0.0,0.0,54.990328933233144,8.05183884436677,False,False,True,False,False,7.703244503366005,1,0.9550049588502425,1.0005335838857665,False,False,False,False,0.09164025382767496,0.06418363901667187,False,False,False,False,-834866,677520.2280345301,False,False,False,False,200019.91574569,False,False,False,False
2023-06-30 00:00:00+00:00,7.72,7.77,7.62,7.68,100402,,,,,,,,,,,,,,,,,,,,7.275906190530908,,,6.544836395338704,,,"rgba(38, 166, 154, 0.5)",0.0,0.0,0.6481248072445236,6.69003998258503,1.5891383972691977,0.0,0.0,0.0,0.0,0.0,0.0,0.0,0.0,55.53364079293376,8.05183884436677,False,False,True,False,False,8.284375428632703,1,0.9635086287313434,0.996746735074627,False,False,False,False,0.10702208827570288,0.08560286364618738,False,False,False,False,-734464,622148.297523372,False,False,False,False,196113.3308144865,False,False,False,False
2023-07-03 00:00:00+00:00,7.86,7.94,7.7216,7.8,66527,,,,,,,,,,,,,,,,,,,,7.286626020810514,,,6.550461314027116,,,"rgba(38, 166, 154, 0.5)",0.0,0.0,0.6245239484296397,6.695345289656132,1.8648679738741538,0.0,0.0,0.0,0.0,0.0,0.0,0.0,0.0,56.96103062515482,8.05183884436677,False,False,True,False,True,9.439754122159464,1,0.9955153236303396,0.9753046976689149,False,False,False,False,0.177397730280119,0.13150029696315318,False,False,False,False,-667937,571556.7172283379,False,False,False,False,191031.51391980075,False,False,False,False
2023-07-05 00:00:00+00:00,7.72,7.99,7.6623,7.97,129108,,,,,,,,,,,,,,,,,,,,7.304541117132788,,,6.560823540031689,,,"rgba(38, 166, 154, 0.5)",0.0,0.0,0.5975498622188972,6.784859286727193,1.5649584618768462,0.0,0.0,0.0,0.0,0.0,0.0,0.0,0.0,56.41808418709924,8.05183884436677,False,False,True,False,True,7.973497059097255,1,0.9794207631589806,0.9748050248471736,False,True,False,False,0.1749629217232873,0.15323160934322025,False,False,False,False,-797045,517886.061650756,False,False,False,False,188603.1408249066,False,False,False,False
2023-07-06 00:00:00+00:00,7.9,7.9,7.62,7.72,136772,,,,,,,,,,,,,,,,,,,,7.322758032846836,,,6.571753159140402,,,"rgba(38, 166, 154, 1.0)",0.0,0.0,0.5597925291352689,6.794933189985974,1.9740649481711765,0.0,0.0,0.0,0.0,0.0,0.0,0.0,0.0,57.48325113142934,8.05183884436677,True,False,True,False,True,9.466447065369529,1,0.9784183226913068,0.9760686572249274,False,False,False,False,0.14053325619931076,0.1468824327712655,False,True,False,False,-660273,471683.74550758913,False,True,False,False,186570.54706706712,False,False,False,False
2023-07-07 00:00:00+00:00,7.76,7.925,7.74,7.88,206921,,,,,,,,,,,,,,,,,,,,7.348023104022777,,,6.587950551752892,,,"rgba(38, 166, 154, 0.5)",0.0,0.0,0.5182724247982826,6.80930789575613,1.8343482283740826,0.0,0.0,0.0,0.0,0.0,0.0,0.0,0.0,56.68733259880065,8.05183884436677,False,False,True,False,True,7.9992039316896815,1,0.9895392925165255,0.9721440912334082,False,False,False,False,0.17828839372508812,0.16258541324817682,False,False,False,False,-867194,419178.73587984056,False,False,False,False,187368.60404482918,False,False,False,False
2023-07-10 00:00:00+00:00,7.82,7.8899,7.64,7.74,106616,,,,,,,,,,,,,,,,,,,,7.359387796125151,,,6.595963905528265,,,"rgba(38, 166, 154, 1.0)",0.0,0.0,0.4760961747037595,6.815996278493003,2.1088254324490565,0.0,0.0,0.0,0.0,0.0,0.0,0.0,0.0,56.67307460029407,8.05183884436677,True,False,True,False,True,8.504339906989841,1,0.9878490327267614,0.9638341750348594,False,False,False,False,0.14309721588179455,0.15284131456498568,False,False,False,False,-760578,372913.76584533707,False,False,False,False,184201.83525875743,False,False,False,False
2023-07-11 00:00:00+00:00,7.86,7.945,7.74,7.8,94008,,,,,,,,,,,,,,,,,,,,7.370390772809906,,,6.6033231758247855,,,"rgba(38, 166, 154, 1.0)",0.0,0.0,0.453363525756618,6.822779761752857,2.2878334478190046,0.0,0.0,0.0,0.0,0.0,0.0,0.0,0.0,57.020146001945946,8.05183884436677,True,False,True,False,True,8.843638931419122,1,0.9944443454131685,0.9772782640213432,False,False,False,False,0.183533309221432,0.16818731189320885,False,False,False,False,-666570,332149.69659650035,False,False,False,False,180664.8221113552,False,False,False,False
2023-07-12 00:00:00+00:00,7.75,7.97,7.72,7.97,75220,,,,,,,,,,,,,,,,,,,,7.378225344860737,,,6.608985863611195,,,"rgba(38, 166, 154, 1.0)",0.0,0.0,0.42835688581089343,6.827680562888195,2.1531565562809263,0.0,0.0,0.0,0.0,0.0,0.0,0.0,0.0,55.91537390825033,8.05183884436677,True,False,True,False,True,7.660074997969481,1,0.9767392988165503,0.9956528787669547,False,False,False,False,0.18484608894000637,0.1765167004166076,False,False,False,False,-741790,290034.41437702975,False,False,False,False,176529.7310481648,False,False,False,False
2023-07-13 00:00:00+00:00,7.74,7.79,7.66,7.74,67539,,,,,,,,,,,,,,,,,,,,7.383724686433752,,,6.613676641943157,,,"rgba(38, 166, 154, 0.5)",0.0,0.0,0.42075650444885726,6.831229100314415,2.159849913374413,0.0,0.0,0.0,0.0,0.0,0.0,0.0,0.0,55.05538152159869,8.006962682562829,False,False,True,False,False,7.551973850356568,1,0.9775766416229773,1.005041288519167,False,False,False,False,0.12245454331971722,0.14948562186816242,False,False,False,False,-809329,246922.12361714625,False,False,False,False,172255.58473255052,False,False,False,False
2023-07-14 00:00:00+00:00,7.77,7.79,7.5685,7.71,72583,,,,,,,,,,,,,,,,,,,,7.389107493181881,,,6.618582399236838,,,"rgba(38, 166, 154, 0.5)",0.0,0.0,0.409168570297016,6.834847221586495,2.2854951389220246,0.0,0.0,0.0,0.0,0.0,0.0,0.0,0.0,54.82822696338744,7.6450121363341665,False,False,True,False,False,7.8209190189346245,1,0.9767062989511993,0.9964712102396379,False,False,False,False,0.09894079163411976,0.12421320675114109,False,False,False,False,-736746,208346.90308314053,False,False,False,False,168346.8559195093,False,False,False,False
2023-07-17 00:00:00+00:00,7.69,7.82,7.61,7.75,97837,,,,,,,,,,,,,,,,,,,,7.396026074269014,,,6.625108945483338,,,#000000,0.0,0.0,0.3967202023075005,6.839700790509388,2.1433221815901864,0.0,0.0,0.0,0.0,0.0,0.0,0.0,0.0,53.56609714401505,6.316207444315523,False,False,False,False,False,6.93194225602792,1,0.9602485539904949,1.0056857953359284,False,False,False,False,0.250139136173215,0.18717617146217802,False,False,False,False,-834583,167447.69119752717,False,False,False,False,165581.76353050896,False,False,False,False
2023-07-18 00:00:00+00:00,7.8,7.93,7.75,7.77,89302,,,,,,,,,,,,,,,,,,,,7.404422872277711,,,6.631651575123577,,,"rgba(38, 166, 154, 0.5)",0.0,0.0,0.3852794469631588,6.845451003499781,2.4775497473954147,0.0,0.0,0.0,0.0,0.0,0.0,0.0,0.0,54.10897076928398,6.316207444315523,False,False,True,False,False,7.941842787690394,1,1.0835886750827306,0.9906442783020796,False,False,False,False,0.33916597459329373,0.2631710730277359,False,False,False,False,-745281,131654.409189781,False,False,False,False,162590.40025480272,False,False,False,False
2023-07-19 00:00:00+00:00,7.72,7.94,7.67,7.88,89518,,,,,,,,,,,,,,,,,,,,7.411559100973141,,,6.637867475332247,,,#000000,0.0,0.0,0.37262124817913944,6.850571659266427,2.333276336178207,0.0,0.0,0.0,0.0,0.0,0.0,0.0,0.0,53.30172037879002,5.913618794000627,False,False,False,False,False,7.038558431619133,1,1.0501600704589618,0.9411164390264362,False,False,False,False,0.3137682506129268,0.28846966182033135,False,False,False,False,-834799,93754.2754960641,False,False,False,False,159724.81593108497,False,False,False,False
2023-07-20 00:00:00+00:00,7.77,7.87,7.68,7.74,51888,,,,,,,,,,,,,,,,,,,,7.415535007429335,,,6.641429189250405,,,#000000,0.0,0.0,0.3647836826601766,6.853488491575957,2.512479455606137,0.0,0.0,0.0,0.0,0.0,0.0,0.0,0.0,53.43768137294116,5.913618794000627,False,False,False,False,False,7.507330102958161,1,1.0528889589995842,0.9374453256084095,False,False,False,False,0.29230762500644725,0.2903886434133893,False,False,False,False,-782911,59375.24508445375,False,False,False,False,155495.9211886895,False,False,False,False
2023-07-21 00:00:00+00:00,7.8,7.91,7.7,7.84,106512,,,,,,,,,,,,,,,,,,,,7.424090548154341,,,6.648862793161881,,,"rgba(38, 166, 154, 0.5)",0.0,0.0,0.3653593566058556,6.859768047151357,2.573444297645157,0.0,0.0,0.0,0.0,0.0,0.0,0.0,0.0,53.94316076823982,5.913618794000627,False,False,True,False,False,7.791154931026455,1,1.0529269097745442,0.913003544725248,False,False,False,False,0.3137682506129268,0.30207844701315806,False,False,False,False,-676399,30521.35312035753,False,False,False,False,153574.98310285856,False,False,False,False
2023-07-24 00:00:00+00:00,7.77,7.92,7.71,7.8,121071,,,,,,,,,,,,,,,,,,,,7.433286775408772,,,6.6571737478402815,,,"rgba(38, 166, 154, 0.5)",0.0,0.0,0.3649752799230933,6.866723719610823,2.4748971507865214,0.0,0.0,0.0,0.0,0.0,0.0,0.0,0.0,53.75397956559114,5.913618794000627,False,False,True,False,False,7.437408529817674,1,1.0537909543141402,0.907627651666762,False,False,False,False,0.3209835440579426,0.3115309955355503,False,False,False,False,-797470,-1948.8960216172745,False,False,False,False,152300.3170988249,False,False,False,False
2023-07-25 00:00:00+00:00,7.74,7.75,7.59,7.61,70743,,,,,,,,,,,,,,,,,,,,7.436951630608735,,,6.66152651623047,,,#000000,0.0,0.0,0.36575170034641213,6.869920337647322,2.3788807038452724,0.0,0.0,0.0,0.0,0.0,0.0,0.0,0.0,53.08291772940757,5.2807572306121955,False,False,False,False,False,7.07954539988021,1,1.0471695406421255,0.9202077296072073,False,False,False,False,0.21788358829719717,0.26470729191637377,False,False,False,False,-868213,-35920.03735410287,False,False,False,False,149101.99093808667,False,False,False,False
2023-07-26 00:00:00+00:00,7.69,7.8,7.58,7.69,73050,,,,,,,,,,,,,,,,,,,,7.44058133624597,,,6.665968622269722,,,#000000,0.0,0.0,0.36611729524000813,6.873179872493241,2.2310339831700476,0.0,0.0,0.0,0.0,0.0,0.0,0.0,0.0,51.71857452890162,3.9057894497300154,False,False,False,False,False,6.478017531872357,1,1.0334928229665072,0.9274847434317968,False,False,False,False,0.2317622929861556,0.24823479245126467,False,False,False,False,-941263,-71423.68294805962,False,False,False,False,146119.55992090682,False,False,False,False
2023-07-27 00:00:00+00:00,7.47,7.76,7.4,7.76,49293,,,,,,,,,,,,,,,,,,,,7.441566344382314,,,6.6685182519958754,,,"rgba(239, 83, 80, 1.0)",0.0,0.0,0.3658443522730336,6.874623804257679,1.6274029981416394,0.0,0.0,0.0,0.0,0.0,0.0,0.0,0.0,47.46687407873458,-0.05973678042961694,False,True,False,True,False,3.882476218236505,1,1.0210597826086958,0.929772418478261,False,False,False,False,0.156361911362202,0.20229835190673334,False,False,False,False,-990556,-107468.0875383318,False,False,False,False,142322.4399240085,False,False,False,False
2023-07-28 00:00:00+00:00,7.4,7.6,7.35,7.6,39009,,,,,,,,,,,,,,,,,,,,7.441629842774529,,,6.670311324062907,,,"rgba(239, 83, 80, 1.0)",0.0,0.0,0.36589527374829084,6.875401403283851,1.4337397456438175,0.0,0.0,0.0,0.0,0.0,0.0,0.0,0.0,43.7642506699075,-3.3237813952058346,False,True,False,True,False,3.0749649819660725,1,1.026570592208962,0.93087142535465,False,False,False,False,0.054120531633004586,0.12820944176986895,False,False,False,False,-1029565,-143628.75077212273,False,False,False,False,138270.93247600817,False,False,False,False
2023-07-31 00:00:00+00:00,7.74,7.76,7.36,7.4,61507,,,,,,,,,,,,,,,,,,,,7.443722525615194,,,6.67373467607848,,,"rgba(239, 83, 80, 0.75)",0.0,0.0,0.366785009567224,6.87770469120615,2.350955699665283,0.0,0.0,0.0,0.0,0.0,0.0,0.0,0.0,46.87831396914893,-6.51683984946299,False,True,False,True,True,6.547998627726674,1,1.0228592162554428,0.9321480406386068,False,False,False,False,0.11677790608505334,0.12249367392746115,False,False,False,False,-968058,-175959.30956537282,False,False,False,False,135260.58218283136,False,False,False,False
2023-08-01 00:00:00+00:00,7.79,7.825,7.71,7.76,132008,,,,,,,,,,,,,,,,,,,,7.451859232598025,,,6.682189235293305,,,#000000,0.0,0.0,0.3680463151426399,6.884634428129004,2.459922935297185,0.0,0.0,0.0,0.0,0.0,0.0,0.0,0.0,49.5925935194755,-4.269986185955837,False,True,False,False,True,7.040428681763178,1,1.0419480282461289,0.9271805814883969,False,False,False,False,0.2788872920845872,0.20069048300602416,False,False,False,False,-836050,-201845.21899418172,False,False,False,False,135133.02994036739,False,False,False,False
2023-08-02 00:00:00+00:00,7.74,7.81,7.61,7.76,77391,,,,,,,,,,,,,,,,,,,,7.4556655132278475,,,6.686839279687452,,,#000000,0.0,0.0,0.36738878932611413,6.88822366988087,2.3184603201461536,0.0,0.0,0.0,0.0,0.0,0.0,0.0,0.0,50.61377826044448,-3.5512076029857766,False,True,False,False,True,6.442590150714469,1,1.0270367028969942,0.9554352651401241,False,False,False,False,0.23286998112068946,0.2167802320633568,False,False,False,False,-913441,-229750.93589637068,False,False,False,False,132868.6366093726,False,False,False,False
2023-08-03 00:00:00+00:00,6.12,7.43,5.97,7.0,344665,,,,,,,,,,,,,,,,,,,6.506666666666667,7.399238402572211,,,6.683314325002053,,,"rgba(239, 83, 80, 1.0)",0.0,0.0,0.3945208977211778,6.866151462941862,-1.8912850174775637,0.0,0.0,0.0,0.0,0.0,0.0,0.0,0.0,40.67478852817833,-4.2376662394097195,False,True,False,True,False,0.0,0,0.907972205328606,0.9649072863963977,False,False,False,False,-0.34282825441539394,-0.06302401117601857,False,False,False,False,-1258106,-270078.58546906203,False,False,False,False,141174.37635018153,False,False,False,False
2023-08-04 00:00:00+00:00,5.59,6.13,5.48,6.1,172381,,,,,,,,,,,,,,,,,,,6.248840528695706,7.351128134637985,,,6.674108917662578,,,"rgba(239, 83, 80, 1.0)",0.0,0.0,0.44562728336095064,6.8448307057363404,-2.8158749533294367,0.0,0.0,0.0,0.0,0.0,0.0,0.0,0.0,32.809252491051204,-10.948395412550404,False,True,False,True,False,0.0,0,0.879945980739862,1.0459163711173658,False,False,False,False,-0.34282825441539394,-0.20292613279570626,False,False,False,False,-1430487,-315584.79780360864,False,False,False,False,142398.1655129195,False,False,False,False
2023-08-07 00:00:00+00:00,5.37,5.65,5.29,5.6,171302,,,,,,,,,,,,,,,,,,,6.0467232756299625,7.297718568667426,,,6.662306687856633,,,"rgba(239, 83, 80, 1.0)",0.0,0.0,0.5029324099806994,6.820653311286849,-2.8843901933910345,0.0,0.0,0.0,0.0,0.0,0.0,0.0,0.0,27.135865613424023,-15.520449508618022,False,True,False,True,False,0.0,0,0.874976468668817,1.073267152771677,False,False,False,False,-0.34282825441539394,-0.2728771936055501,False,False,False,False,-1601789,-366024.1782818985,False,False,False,False,143531.64921829524,False,False,False,False
2023-08-08 00:00:00+00:00,5.32,5.407,5.15,5.4,183258,,,,,,,,,,,,,,,,,,,5.888110333491662,7.239602150859864,,,6.648469654650915,,,"rgba(239, 83, 80, 1.0)",0.0,0.0,0.556660732557234,6.7457457793657225,-2.561247266025059,0.0,0.0,0.0,0.0,0.0,0.0,0.0,0.0,23.2561316015947,-18.516049167766262,False,True,False,True,False,0.0,0,0.8649110034393596,1.0922978434965984,False,False,False,False,-0.34282825441539394,-0.30785272401047203,False,False,False,False,-1785047,-421672.1320747652,False,False,False,False,145089.5453273817,False,False,False,False
2023-08-09 00:00:00+00:00,5.37,5.4597,5.315,5.33,154414,,,,,,,,,,,,,,,,,,,5.811876503966785,7.19531260692251,,,6.637778674239946,,,"rgba(239, 83, 80, 1.0)",0.0,0.0,0.6007180388186687,6.727892901405052,-2.2604496846397213,0.0,0.0,0.0,0.0,0.0,0.0,0.0,0.0,21.232046452217638,-19.98602889951779,False,True,False,True,False,0.0,0,0.8731645057750146,1.0902898880380114,False,False,False,False,-0.31172786473286623,-0.30979029437166916,False,False,False,False,-1630633,-469082.36218948034,False,False,False,False,145455.210216504,False,False,False,False
2023-08-10 00:00:00+00:00,5.5,5.55,5.35,5.4,139615,,,,,,,,,,,,,,,,,,,5.77052867944654,7.158842412555945,,,6.628910852324153,,,"rgba(239, 83, 80, 1.0)",0.0,0.0,0.635546866737462,6.7135540270339815,-1.9094642591248718,0.0,0.0,0.0,0.0,0.0,0.0,0.0,0.0,21.373864113026222,-19.98602889951779,False,True,False,True,False,0.0,0,0.8726759417046064,1.0901391255690924,False,False,False,False,-0.2940924494899945,-0.3019413719308318,False,False,False,False,-1491018,-509158.2695545988,False,False,False,False,145226.1823648764,False,False,False,False
2023-08-11 00:00:00+00:00,5.62,5.72,5.5,5.5,58763,,,,,,,,,,,,,,,,,,,5.762984343271823,7.145239370713605,,,6.6256844273956865,,,"rgba(239, 83, 80, 1.0)",0.0,0.0,0.663977558504942,6.708877500096591,-1.6399311786205293,0.0,0.0,0.0,0.0,0.0,0.0,0.0,0.0,22.826286859502602,-19.98602889951779,False,True,False,True,False,0.0,0,0.899824479892623,1.0734087037323834,False,False,False,False,-0.24982229582195903,-0.2758818338763954,False,False,False,False,-1432255,-545358.1413367714,False,False,False,False,141835.4693309597,False,False,False,False
2023-08-14 00:00:00+00:00,5.71,5.78,5.55,5.65,83547,,,,,,,,,,,,,,,,,,,5.757683590619891,7.12713018279996,,,6.621432122475533,,,"rgba(239, 83, 80, 1.0)",0.0,0.0,0.6879923265861524,6.702839756708078,-1.4430971369035352,0.0,0.0,0.0,0.0,0.0,0.0,0.0,0.0,24.812883517914344,-19.98602889951779,False,True,False,True,False,0.0,0,0.9032382718911818,1.0558775794110828,False,False,False,False,-0.2348313476271483,-0.25535659075177186,False,False,False,False,-1348708,-576862.0573627804,False,False,False,False,139549.64700425538,False,False,False,False
2023-08-15 00:00:00+00:00,5.66,5.71,5.4,5.69,107945,,,,,,,,,,,,,,,,,,,5.7448996842504245,7.10297042888835,,,6.615474476563985,,,"rgba(239, 83, 80, 0.75)",0.0,0.0,0.709947923480335,6.693253504034269,-1.4553933744450047,0.0,0.0,0.0,0.0,0.0,0.0,0.0,0.0,25.901995371268196,-19.98602889951779,False,True,False,True,True,0.0,0,0.9023902338941324,1.054344480919163,False,False,False,False,-0.264924070979255,-0.26014033086551347,False,False,False,False,-1456653,-611363.6629563969,False,False,False,False,138310.24908251988,False,False,False,False
2023-08-16 00:00:00+00:00,5.81,5.95,5.67,5.67,84485,,,,,,,,,,,,,,,,,,,5.748565434596907,7.08725820585694,,,6.611849510201741,,,"rgba(239, 83, 80, 0.75)",0.0,0.0,0.7215490843186392,6.688283440329549,-1.21721925703629,0.0,0.0,0.0,0.0,0.0,0.0,0.0,0.0,28.422732242864882,-19.98602889951779,False,True,False,True,True,0.0,0,0.9231542586100228,1.0423798721385853,False,False,False,False,-0.19578346892150258,-0.227961899893508,False,False,False,False,-1372168,-641199.1271541853,False,False,False,False,136199.45500085244,False,False,False,False
2023-08-17 00:00:00+00:00,5.63,5.85,5.57,5.85,67885,,,,,,,,,,,,,,,,,,,5.745741743886006,7.0736823539430445,,,6.608503954655264,,,"rgba(239, 83, 80, 0.75)",0.0,0.0,0.7381290690133454,6.683015310281607,-1.4266005153938306,0.0,0.0,0.0,0.0,0.0,0.0,0.0,0.0,29.100078614489497,-19.98602889951779,False,True,False,True,True,0.0,0,0.9010580497569347,1.066784516598643,False,False,False,False,-0.22264294236394527,-0.22530242112872664,False,False,False,False,-1440053,-672526.7300108839,False,False,False,False,133520.4567655249,False,False,False,False
2023-08-18 00:00:00+00:00,5.7,5.77,5.57,5.57,41252,,,,,,,,,,,,,,,,,,,5.744056774517163,7.065540680259681,,,6.606475413348095,,,"rgba(239, 83, 80, 0.75)",0.0,0.0,0.7509513485758671,6.6797938383914985,-1.3047367718955654,0.0,0.0,0.0,0.0,0.0,0.0,0.0,0.0,30.41040862795167,-27.37161532065158,False,True,False,True,True,0.0,0,0.8931202332300806,1.067522190696827,False,False,False,False,-0.2334737549097176,-0.22938808801922211,False,False,False,False,-1398801,-701008.0739320257,False,False,False,False,129902.08591197491,False,False,False,False
2023-08-21 00:00:00+00:00,5.64,5.67,5.51,5.67,64243,,,,,,,,,,,,,,,,,,,5.738783390599779,7.052387969330226,,,6.603085233690992,,,"rgba(239, 83, 80, 0.75)",0.0,0.0,0.7615722949007179,6.67420169321322,-1.3579822954930942,0.0,0.0,0.0,0.0,0.0,0.0,0.0,0.0,30.912370497250137,-26.468157224564017,False,True,False,True,True,0.0,0,0.8820171763720152,1.0810117302052786,False,False,False,False,-0.2553006032806676,-0.24234434564994486,False,False,False,False,-1463044,-730891.835738613,False,False,False,False,127327.2197977798,False,False,False,False
2023-08-22 00:00:00+00:00,5.62,5.66,5.5,5.65,60846,,,,,,,,,,,,,,,,,,,5.733681321487382,7.040034680589138,,,6.599852766200583,,,"rgba(239, 83, 80, 0.75)",0.0,0.0,0.7799894201176585,6.668858427803424,-1.3447085316172718,0.0,0.0,0.0,0.0,0.0,0.0,0.0,0.0,31.116969124104,-25.796777000182935,False,True,False,True,True,0.0,0,0.8810105949470253,1.0780555774640483,False,False,False,False,-0.25804537281676926,-0.25019485923335705,False,False,False,False,-1523890,-761989.8029645499,False,False,False,False,124720.11313904334,False,False,False,False
2023-08-23 00:00:00+00:00,5.6,5.7043,5.56,5.56,57435,,,,,,,,,,,,,,,,,,,5.730083758045783,7.028787105235041,,,6.596905096743195,,,"rgba(239, 83, 80, 0.75)",0.0,0.0,0.7986897378189374,6.664057250633832,-1.3322535651197427,0.0,0.0,0.0,0.0,0.0,0.0,0.0,0.0,31.1139445219668,-25.283851261874137,False,True,False,True,True,0.0,0,0.8994316926722493,1.0731837928657013,False,False,False,False,-0.24377215322719795,-0.24698350623027748,False,False,False,False,-1581325,-794120.5950051558,False,False,False,False,122081.48125123772,False,False,False,False
2023-08-24 00:00:00+00:00,5.49,5.7,5.47,5.6,65274,,,,,,,,,,,,,,,,,,,5.723871974755605,7.015610851538075,,,6.593344234237465,,,"rgba(239, 83, 80, 0.75)",0.0,0.0,0.8193126541346782,6.658144357165478,-1.4257614004500148,0.0,0.0,0.0,0.0,0.0,0.0,0.0,0.0,30.34145068936745,-25.283851261874137,False,True,False,True,True,0.0,0,0.882150461561486,1.0875232141277953,False,False,False,False,-0.25667251496490195,-0.25182801059758975,False,False,False,False,-1646599,-827551.1206912281,False,False,False,False,119853.7368884441,False,False,False,False
2023-08-25 00:00:00+00:00,5.45,5.55,5.37,5.55,41755,,,,,,,,,,,,,,,,,,,5.71799689536693,7.0067557963383695,,,6.590868571281378,,,"rgba(239, 83, 80, 0.75)",0.0,0.0,0.8398777259783594,6.653950469230855,-1.433483032102552,0.0,0.0,0.0,0.0,0.0,0.0,0.0,0.0,29.54939810093548,-25.283851261874137,False,True,False,True,True,0.0,0,0.866410822484027,1.0974958906747547,False,False,False,False,-0.2912941821783882,-0.271561096387989,False,False,False,False,-1688354,-861308.0963503956,False,False,False,False,116791.04132419139,False,False,False,False
2023-08-28 00:00:00+00:00,5.42,5.475,5.4,5.45,37287,,,,,,,,,,,,,,,,,,,5.712483230889838,6.99880670535842,,,6.588618385276273,,,"rgba(239, 83, 80, 0.75)",0.0,0.0,0.8604604256699605,6.650141631269619,-1.4296318512403665,0.0,0.0,0.0,0.0,0.0,0.0,0.0,0.0,28.80455149449735,-25.283851261874137,False,True,False,True,True,0.0,0,0.8509342821790832,1.1211176433579635,False,False,False,False,-0.2975965963954409,-0.28457884639171493,False,False,False,False,-1725641,-895203.5043366546,False,False,False,False,113673.23578206624,False,False,False,False
2023-08-29 00:00:00+00:00,5.5,5.52,5.4,5.4,23815,,,,,,,,,,,,,,,,,,,5.709577685183627,6.993905391854563,,,6.587237364373605,,,"rgba(239, 83, 80, 0.75)",0.0,0.0,0.8781926977687755,6.647838983060805,-1.3070468314950925,0.0,0.0,0.0,0.0,0.0,0.0,0.0,0.0,29.855403576464045,-24.935008283204255,False,True,False,True,True,0.0,0,0.85952362291683,1.1188163960356534,False,False,False,False,-0.2912941821783882,-0.28793651428505157,False,False,False,False,-1701826,-926835.7590685505,False,False,False,False,110149.38339845582,False,False,False,False
2023-08-30 00:00:00+00:00,5.47,5.55,5.43,5.55,23295,,,,,,,,,,,,,,,,,,,5.706920532096573,6.9891728043069525,,,6.5859019006153785,,,"rgba(239, 83, 80, 0.75)",0.0,0.0,0.895899568052146,6.645625507092535,-1.3122291259148233,0.0,0.0,0.0,0.0,0.0,0.0,0.0,0.0,30.282533292588703,-24.186123944171438,False,True,False,True,True,0.0,0,0.8528369950235782,1.1230269972691251,False,False,False,False,-0.28292574480049393,-0.2854311295427727,False,False,False,False,-1725121,-958141.0626344898,False,False,False,False,106743.32914753597,False,False,False,False
2023-08-31 00:00:00+00:00,5.34,5.47,5.285,5.47,50763,,,,,,,,,,,,,,,,,,,5.698388087568156,6.978159463587785,,,6.582691769852133,,,"rgba(239, 83, 80, 0.75)",0.0,0.0,0.9157702414553122,6.640199458344469,-1.4197878457791275,0.0,0.0,0.0,0.0,0.0,0.0,0.0,0.0,29.435799171438912,-24.186123944171438,False,True,False,True,True,0.0,0,0.8260825393139384,1.1348611403400557,False,False,False,False,-0.3145174631786712,-0.2999742963607219,False,False,False,False,-1775884,-990209.4131194118,False,False,False,False,104548.0221221424,False,False,False,False
2023-09-01 00:00:00+00:00,5.38,5.56,5.35,5.39,28222,,,,,,,,,,,,,,,,,,,5.694715533263804,6.972345010363428,,,6.581009245830873,,,"rgba(239, 83, 80, 0.75)",0.0,0.0,0.9337491416110887,6.637412680838354,-1.3466279376373156,0.0,0.0,0.0,0.0,0.0,0.0,0.0,0.0,29.72841253719344,-24.17881827689482,False,True,False,True,True,0.0,0,0.8287665793026765,1.1247933227918934,False,False,False,False,-0.29269275868587563,-0.2963335275232988,False,False,False,False,-1747662,-1019913.4361343367,False,False,False,False,101554.84478401917,False,False,False,False
2023-09-05 00:00:00+00:00,5.26,5.53,5.095,5.38,123686,,,,,,,,,,,,,,,,,,,5.672100616674893,6.9451832372251125,,,6.5728348518207,,,"rgba(239, 83, 80, 0.75)",0.0,0.0,0.9537607496471813,6.623718528916723,-1.429832931813555,0.0,0.0,0.0,0.0,0.0,0.0,0.0,0.0,28.861596692964447,-24.17881827689482,False,True,False,True,True,0.0,0,0.8608390000815714,1.1214970597177627,False,False,False,False,-0.3330476651156747,-0.3146905963194867,False,False,False,False,-1871348,-1053303.0268741667,False,False,False,False,102422.73322386155,False,False,False,False
2023-09-06 00:00:00+00:00,5.33,5.4071,5.1,5.19,85763,,,,,,,,,,,,,,,,,,,5.6572625125445875,6.926682885689794,,,6.5671574633494085,,,"rgba(239, 83, 80, 0.75)",0.0,0.0,0.9712087388478338,6.614365198169804,-1.3224399110056144,0.0,0.0,0.0,0.0,0.0,0.0,0.0,0.0,29.81823668837375,-23.670493764003403,False,True,False,True,True,0.0,0,0.8488027816158275,1.1352317760131185,False,False,False,False,-0.34282825441539394,-0.3287594253674403,False,False,False,False,-1785585,-1082019.9669967485,False,False,False,False,101769.41035233757,False,False,False,False
2023-09-07 00:00:00+00:00,5.22,5.33,5.13,5.32,163251,,,,,,,,,,,,,,,,,,,5.628395588931592,6.891495152323528,,,6.556053241507723,,,"rgba(239, 83, 80, 0.75)",0.0,0.0,0.9886934321126484,6.596323353708684,-1.3920628063319331,0.0,0.0,0.0,0.0,0.0,0.0,0.0,0.0,29.41468801723874,-23.670493764003403,False,True,False,True,True,0.0,0,0.8160185987145006,1.1449909589582288,False,False,False,False,-0.34282825441539394,-0.3357938398914171,False,False,False,False,-1948836,-1116012.752604719,False,False,False,False,104180.45308361846,False,False,False,False
2023-09-08 00:00:00+00:00,5.24,5.31,5.075,5.27,50839,,,,,,,,,,,,,,,,,,,5.61980521673627,6.880715249654067,,,6.5525855042174594,,,"rgba(239, 83, 80, 0.75)",0.0,0.0,1.005472718370505,6.538578452118694,-1.2915103795388931,0.0,0.0,0.0,0.0,0.0,0.0,0.0,0.0,29.605173687432845,-23.483294497995146,False,True,False,True,True,0.0,0,0.8082597213368546,1.1508970039158546,False,False,False,False,-0.34282825441539394,-0.33931104715340554,False,False,False,False,-1897997,-1146678.801522181,False,False,False,False,102088.6313940648,False,False,False,False
2023-09-11 00:00:00+00:00,5.32,5.4171,5.24,5.29,63004,,,,,,,,,,,,,,,,,,,5.612535747230602,6.868470178096396,,,6.548685733631382,,,"rgba(239, 83, 80, 0.75)",0.0,0.0,1.0182062128527194,6.5358325474744845,-1.1940926426564153,0.0,0.0,0.0,0.0,0.0,0.0,0.0,0.0,31.55972881079545,-21.460879483366444,False,True,False,True,True,0.0,0,0.8168075780709951,1.1444284922099923,False,False,False,False,-0.3052917464180112,-0.32230139678570835,False,False,False,False,-1834993,-1173671.5151879778,False,False,False,False,100555.9007511603,False,False,False,False
2023-09-12 00:00:00+00:00,5.4,5.48,5.3,5.3,23877,,,,,,,,,,,,,,,,,,,5.610501481162195,6.86408106774914,,,6.54729565844593,,,"rgba(239, 83, 80, 0.75)",0.0,0.0,1.0301124227983998,6.534772326359054,-1.1016004673318422,0.0,0.0,0.0,0.0,0.0,0.0,0.0,0.0,34.56871160606411,-18.571614543930878,False,True,False,True,True,0.0,1,0.8179820073819756,1.1400907967834597,False,False,False,False,-0.28861296121827257,-0.30545717900199043,False,False,False,False,-1811116,-1198669.3381217825,False,False,False,False,97548.88503542852,False,False,False,False
2023-09-13 00:00:00+00:00,5.44,5.57,5.37,5.44,51136,,,,,,,,,,,,,,,,,,,5.607568541016658,6.855190597688622,,,6.544501179497332,,,"rgba(239, 83, 80, 0.5)",0.0,0.0,1.0393686926588008,6.532863353619055,-1.0514684166822548,0.0,0.0,0.0,0.0,0.0,0.0,0.0,0.0,37.402452058700305,-15.969925246954162,False,False,False,True,True,0.0,1,0.8154285237166302,1.1464973471076263,False,False,False,False,-0.2671296293416973,-0.2862934041718439,False,False,False,False,-1759980,-1220681.5209405362,False,False,False,False,95728.77189678427,False,False,False,False
2023-09-14 00:00:00+00:00,5.58,5.689,5.37,5.51,63004,,,,,,,,,,,,,,,,,,,5.60613271929201,6.845058689874367,,,6.541350348817947,,,"rgba(239, 83, 80, 0.5)",0.0,0.0,1.0466445398475923,6.530879086629717,-0.9085024097753187,0.0,0.0,0.0,0.0,0.0,0.0,0.0,0.0,41.92199001989297,-11.894484937689562,False,False,False,True,True,0.0,1,0.8198107188430455,1.1413532235522879,False,False,False,False,-0.2513071770379803,-0.26880029060491206,False,False,False,False,-1696976,-1239359.7358056132,False,False,False,False,94445.44750867509,False,False,False,False
2023-09-15 00:00:00+00:00,5.63,5.85,5.49,5.57,301158,,,,,,,,,,,,,,,,,,,5.611225711989353,6.802654833328061,,,6.528200164049763,,,#000000,0.0,0.0,1.0513070029322547,6.488915845293199,-0.8169981203374019,0.0,0.0,0.0,0.0,0.0,0.0,0.0,0.0,45.77917444958581,-8.561120497710547,True,False,False,False,True,0.0,1,0.8331521410883614,1.12154979766866,False,False,False,False,-0.21441402247875996,-0.241607156541836,False,False,False,False,-1395818,-1245495.3540093147,False,False,False,False,102551.82211617804,False,False,False,False
2023-09-18 00:00:00+00:00,5.43,5.72,5.39,5.7,39790,,,,,,,,,,,,,,,,,,,5.609939319771925,6.79660499502373,,,6.526210955353767,,,#000000,0.0,0.0,1.0611420331013186,6.485198026020744,-0.9943984811691966,0.0,0.0,0.0,0.0,0.0,0.0,0.0,0.0,45.049118294116504,-8.561120497710547,True,False,False,False,True,0.0,1,0.8185294161576032,1.1318088808567204,False,False,False,False,-0.2445641029913898,-0.2430856297666129,False,False,False,False,-1435608,-1252950.7518913022,False,False,False,False,100090.5741900534,False,False,False,False
2023-09-19 00:00:00+00:00,5.5,5.749,5.37,5.37,63888,,,,,,,,,,,,,,,,,,,5.608487247573697,6.787205984451963,,,6.5231158987936855,,,#000000,0.0,0.0,1.0692062897729677,6.4801049322434565,-0.9166658872270282,0.0,0.0,0.0,0.0,0.0,0.0,0.0,0.0,45.81362744529934,-8.561120497710547,True,False,False,False,True,0.0,1,0.8261795749905694,1.1258090046376772,False,False,False,False,-0.24337642557520808,-0.24323102767091048,False,False,False,False,-1371720,-1257608.3694641923,False,False,False,False,98670.86539828661,False,False,False,False
2023-09-20 00:00:00+00:00,5.38,5.59,5.36,5.46,49065,,,,,,,,,,,,,,,,,,,5.60590733221094,6.779532513036589,,,6.520520550163256,,,#000000,0.0,0.0,1.0793115590233557,6.475137474864303,-1.0146629726223515,0.0,0.0,0.0,0.0,0.0,0.0,0.0,0.0,44.56392159927043,-8.561120497710547,True,False,False,False,True,0.0,1,0.818379144610069,1.1413837146633001,False,False,False,False,-0.26579507488258625,-0.2545130512767484,False,False,False,False,-1420785,-1264007.4530146162,False,False,False,False,96725.53734345184,False,False,False,False
2023-09-21 00:00:00+00:00,5.54,5.59,5.35,5.39,38023,,,,,,,,,,,,,,,,,,,5.604560841469453,6.773866219401037,,,6.518610805149897,,,#000000,0.0,0.0,1.0856706649775418,6.471946879202109,-0.8584066137785785,0.0,0.0,0.0,0.0,0.0,0.0,0.0,0.0,46.44478936209601,-8.489656304486807,True,False,False,False,True,0.0,1,0.8189837972027455,1.1433352789496627,False,False,False,False,-0.2669897033282124,-0.26075137730248044,False,False,False,False,-1382762,-1268664.4940728666,False,False,False,False,94423.47705547334,False,False,False,False
2023-09-22 00:00:00+00:00,5.43,5.55,5.425,5.5,83378,,,,,,,,,,,,,,,,,,,5.6010791427176265,6.76137489672587,,,6.514346306869837,,,#000000,0.0,0.0,1.0923911783269176,6.464769116221123,-0.9472514395492949,0.0,0.0,0.0,0.0,0.0,0.0,0.0,0.0,46.0909222300879,-8.489656304486807,True,False,False,False,True,0.0,1,0.828894949629334,1.1330406439167167,False,False,False,False,-0.2623143296825989,-0.26153285349253963,False,False,False,False,-1466140,-1276408.6315602052,False,False,False,False,93990.32109251361,False,False,False,False
2023-09-25 00:00:00+00:00,5.43,5.51,5.3575,5.45,82091,,,,,,,,,,,,,,,,,,,5.596941231461547,6.748973324490279,,,6.510038652756234,,,#000000,0.0,0.0,1.0979853459039446,6.457455828448408,-0.9357646095017134,0.0,0.0,0.0,0.0,0.0,0.0,0.0,0.0,45.85501080874916,-8.489656304486807,True,False,False,False,True,0.0,1,0.8298008275944044,1.136694228383368,False,False,False,False,-0.2767110506278209,-0.2691219520601803,False,False,False,False,-1466140,-1283849.0773813738,False,False,False,False,93523.68104966993,False,False,False,False
2023-09-26 00:00:00+00:00,5.37,5.43,5.34,5.34,49208,,,,,,,,,,,,,,,,,,,5.593795539879679,6.741357707880611,,,6.507347902525258,,,"rgba(239, 83, 80, 0.5)",0.0,0.0,1.1037580685430386,6.452731346177527,-0.9809498811698225,0.0,0.0,0.0,0.0,0.0,0.0,0.0,0.0,44.79573774595422,-8.489656304486807,True,False,False,True,False,0.0,1,0.8238473243532947,1.1461692414940747,False,False,False,False,-0.2898658466466264,-0.27949389935340335,False,False,False,False,-1515348,-1292927.4665036728,False,False,False,False,91785.81120458484,False,False,False,False
2023-09-27 00:00:00+00:00,5.5,5.605,5.34,5.38,34149,,,,,,,,,,,,,,,,,,,5.592678456932623,6.736513274318677,,,6.505655834858407,,,#000000,0.0,0.0,1.1068732359038886,6.45021738419982,-0.8584699253513512,0.0,0.0,0.0,0.0,0.0,0.0,0.0,0.0,46.46703210587208,-8.010275762402244,True,False,False,False,False,0.0,1,0.8181913405208856,1.145521745961678,False,False,False,False,-0.26560749733672756,-0.27255069834506546,False,False,False,False,-1481199,-1300310.6638956857,False,False,False,False,89525.54409852269,False,False,False,False
2023-09-28 00:00:00+00:00,5.54,5.83,5.5001,5.55,31311,,,,,,,,,,,,,,,,,,,5.592956242317293,6.7326019701173205,,,6.504323299340812,,,#000000,0.0,0.0,1.1106732314353363,6.448781440750446,-0.8182257526599584,0.0,0.0,0.0,0.0,0.0,0.0,0.0,0.0,48.257316949398586,-6.180516124836942,True,False,False,False,True,0.0,1,0.836880013705058,1.1288498923706027,False,False,False,False,-0.2142953390378436,-0.24342301869145452,False,False,False,False,-1449888,-1306176.4417821292,False,False,False,False,87242.62080054141,False,False,False,False
2023-09-29 00:00:00+00:00,5.45,5.65,5.43,5.5501,39080,,,,,,,,,,,,,,,,,,,5.592029486230999,6.727263565746223,,,6.502452465668221,,,#000000,0.0,0.0,1.1119735235683905,6.446150099069683,-0.895839764127636,0.0,0.0,0.0,0.0,0.0,0.0,0.0,0.0,47.87973338053361,-6.180516124836942,True,False,False,False,True,0.0,1,0.8312908284221557,1.1367375907607928,False,False,False,False,-0.2474767248113883,-0.2454498717514214,False,False,False,False,-1488968,-1313344.7381828302,False,False,False,False,85353.8905730692,False,False,False,False
2023-10-02 00:00:00+00:00,5.04,5.48,4.96,5.48,142209,,,,,,,,,,,,,,,,,,,5.575152437851561,6.702750668379468,,5.159999999999999,6.493323624233449,,,"rgba(239, 83, 80, 0.5)",0.0,0.0,1.119016266818937,6.3735062168329035,-1.1916772404244882,1.0,5.48,4.96,0.0,0.0,0.0,0.0,0.0,42.711144873979535,-2.7422809754587547,True,False,False,True,False,0.0,1,0.7994943954902404,1.1489136041029517,True,False,False,False,-0.3350812877449552,-0.29026557974818834,False,False,False,False,-1631177,-1325808.7484501703,False,False,False,False,87583.50270745865,False,False,False,False
2023-10-03 00:00:00+00:00,5.1,5.18,5.02,5.05,62674,,,,,,,,,,,,,,,,,,,5.567110457136328,6.691778421947493,,5.1416459149856255,6.4891604031614545,,,"rgba(239, 83, 80, 0.5)",0.0,0.0,1.1201503760053155,6.3648061416536335,-1.1291395947785066,0.0,0.0,0.0,0.0,0.0,0.0,0.0,0.0,40.34676720116808,-4.877613977435146,True,False,False,True,False,0.0,1,0.8024089182469726,1.1720582981546697,False,False,False,False,-0.34282825441539394,-0.31654691708179117,False,False,False,False,-1568503,-1335326.1700795754,False,False,False,False,86606.65946402891,False,False,False,False
2023-10-04 00:00:00+00:00,5.24,5.44,4.99,5.2,147063,,,,,,,,,,,,,,,,,,,5.553979116665722,6.668562690615647,,5.1757795514084535,6.48034720469269,,,"rgba(239, 83, 80, 0.5)",0.0,0.0,1.1215950193306727,6.352046789797531,-0.9914869187464473,0.0,0.0,0.0,0.0,0.0,0.0,0.0,0.0,41.12316782200702,-4.877613977435146,True,False,False,True,False,0.0,1,0.8140886762907827,1.139420980001001,False,False,False,False,-0.31121980537120125,-0.3138833612264962,False,False,False,False,-1421440,-1338703.1830176313,False,False,False,False,88977.49634779249,False,False,False,False
2023-10-05 00:00:00+00:00,5.19,5.27,5.091,5.27,77496,,,,,,,,,,,,,,,,,,,5.546672413668432,6.656294135428131,,5.177202839964418,6.475607213163711,,,"rgba(239, 83, 80, 0.5)",0.0,0.0,1.1188839677702591,6.344420912548629,-1.0317610635258172,0.0,0.0,0.0,0.0,0.0,0.0,0.0,0.0,41.053415454871555,-4.877613977435146,True,False,False,True,False,0.0,1,0.8215020760575703,1.1556075067946963,False,False,False,False,-0.3206366553541827,-0.3172600082903394,False,False,False,False,-1498936,-1344986.822899293,False,False,False,False,88527.24158905553,False,False,False,False
2023-10-06 00:00:00+00:00,5.25,5.36,5.21,5.23,52986,,,,,,,,,,,,,,,,,,,5.543033959205903,6.64852553782119,,5.1877610379165375,6.472609806039296,,,"rgba(239, 83, 80, 0.5)",0.0,0.0,1.1137916411159694,6.340494045608616,-0.9790826267253988,0.0,0.0,0.0,0.0,0.0,0.0,0.0,0.0,42.02486632470897,-4.877613977435146,True,False,False,True,False,0.0,1,0.8393203777617831,1.1468516216275164,False,False,False,False,-0.29227437993317446,-0.3047671941117569,False,False,False,False,-1445950,-1348946.1631777522,False,False,False,False,87133.46740909257,False,False,False,False
2023-10-09 00:00:00+00:00,5.58,5.62,5.17,5.29,43710,,,,,,,,,,,,,,,,,,,5.542095876187725,6.643027985071581,,5.210100927893442,6.470524647318391,,,#000000,0.0,0.0,1.1054969450412244,6.339096221351392,-0.6866561004590428,0.0,0.0,0.0,0.0,0.0,0.0,0.0,0.0,47.12160059191728,-7.806549278277529,True,False,False,False,True,0.0,1,0.8423398568224325,1.1146495445978775,False,False,False,False,-0.2629046232476949,-0.2838359086797259,False,False,False,False,-1402240,-1351036.1175629385,False,False,False,False,85430.5863342262,False,False,False,False
2023-10-10 00:00:00+00:00,5.39,5.59,5.38,5.49,48032,,,,,,,,,,,,,,,,,,,5.5410489435910115,6.637028220521258,,5.230448453709992,6.46823565767295,,,#000000,0.0,0.0,1.1061650008063866,6.337340150511901,-0.8564184817105015,0.0,0.0,0.0,0.0,0.0,0.0,0.0,0.0,48.01498047729511,-7.007558748327099,True,False,False,False,True,0.0,1,0.8546935276468068,1.1300355256562076,False,False,False,False,-0.23920243169428326,-0.2615191701870046,False,False,False,False,-1450272,-1354927.7207957644,False,False,False,False,83963.97510543303,False,False,False,False
2023-10-11 00:00:00+00:00,5.36,5.48,5.2389,5.48,54184,,,,,,,,,,,,,,,,,,,5.538666823474215,6.6298021774446685,,5.241588278581818,6.465428567969555,,,#000000,0.0,0.0,1.1012657255168627,6.3341137765868485,-0.8845401741070824,0.0,0.0,0.0,0.0,0.0,0.0,0.0,0.0,48.24101973492245,-6.726389280503774,True,False,False,False,True,0.0,1,0.8206582774210269,1.1414533360209635,False,False,False,False,-0.2708245958016149,-0.2661718829943097,False,False,False,False,-1504456,-1360791.5748822049,False,False,False,False,82796.13294443565,False,False,False,False
2023-10-12 00:00:00+00:00,5.18,5.41,5.141,5.36,79675,,,,,,,,,,,,,,,,,,,5.533078818620011,6.618367221646139,,5.241822161050842,6.460896420054676,,,"rgba(239, 83, 80, 0.5)",0.0,0.0,1.0963326745715998,6.327457088299551,-1.0466322083740944,0.0,0.0,0.0,0.0,0.0,0.0,0.0,0.0,46.31248266797355,-6.726389280503774,True,False,False,True,True,0.0,1,0.8216951532256909,1.1446940500580238,False,False,False,False,-0.26354281917220573,-0.2648573510832577,False,False,False,False,-1584131,-1369549.9837103537,False,False,False,False,82673.73557406562,False,False,False,False
2023-10-13 00:00:00+00:00,5.15,5.26,5.0901,5.24,57002,,,,,,,,,,,,,,,,,,,5.528180050489707,6.609849798271845,,5.236224853981951,6.457470835726861,,,"rgba(239, 83, 80, 0.5)",0.0,0.0,1.0885625698454142,6.321951017747365,-1.0766041844648324,0.0,0.0,0.0,0.0,0.0,0.0,0.0,0.0,44.702057175476966,-6.726389280503774,True,False,False,True,False,0.0,1,0.9231372929763666,1.1698989457672921,False,False,False,False,-0.26636069830236575,-0.2656090246928117,False,False,False,False,-1641133,-1380200.2980746536,False,False,False,False,81667.00084567089,False,False,False,False
2023-10-16 00:00:00+00:00,5.25,5.31,5.21,5.24,25704,,,,,,,,,,,,,,,,,,,5.526552824935224,6.606279036854552,,5.236889345060818,6.456039309773062,,,"rgba(239, 83, 80, 0.5)",0.0,0.0,1.0799879045034986,6.319947803145579,-0.9907035057373768,0.0,0.0,0.0,0.0,0.0,0.0,0.0,0.0,45.14227147120997,-6.726389280503774,True,False,False,True,False,0.0,1,0.9662923241530958,1.0581227832211433,False,False,False,False,-0.18329307130145273,-0.22445104799713222,False,False,False,False,-1615429,-1389424.9530521182,False,False,False,False,79472.37336152693,False,False,False,False
2023-10-17 00:00:00+00:00,5.36,5.38,5.2,5.26,68001,,,,,,,,,,,,,,,,,,,5.523224956061869,6.597315532214029,,5.242942739406135,6.4524467121464655,,,#000000,0.0,0.0,1.067859811293861,6.315399725733321,-0.8946864706667071,0.0,0.0,0.0,0.0,0.0,0.0,0.0,0.0,46.98028720445191,-6.726389280503774,True,False,False,False,False,0.0,1,0.9811714586345245,1.0119678007134487,False,False,False,False,-0.15460035859084642,-0.18952570329398932,False,False,False,False,-1547428,-1395621.150971643,False,False,False,False,79022.51558264352,False,False,False,False
2023-10-18 00:00:00+00:00,5.3,5.49,5.24,5.36,108041,,,,,,,,,,,,,,,,,,,5.51887198914502,6.583653831178607,,5.254161769398045,6.446934075603485,,,#000000,0.0,0.0,1.052155282616935,6.308783332173233,-0.9587779948832016,0.0,0.0,0.0,0.0,0.0,0.0,0.0,0.0,47.37852560327042,-6.726389280503774,True,False,False,False,False,0.0,1,0.9965675742764945,0.9817593535740883,False,False,False,False,-0.08385802307952052,-0.1366918631867549,False,False,False,False,-1655469,-1405811.2626982452,False,False,False,False,80160.49536371633,False,False,False,False
2023-10-19 00:00:00+00:00,5.29,5.42,5.2616,5.36,26220,,,,,,,,,,,,,,,,,,,5.517733517874245,6.580331767688618,,5.2560023211886175,6.445581038232871,,,#000000,0.0,0.0,1.0383489146084048,6.307096109521886,-0.9795321160473945,0.0,0.0,0.0,0.0,0.0,0.0,0.0,0.0,47.50109301942974,-6.726389280503774,True,False,False,False,True,0.0,1,0.9843114120584112,0.9922711261584762,False,False,False,False,-0.10655927709993493,-0.12162557014334492,False,False,False,False,-1681689,-1416629.9974943926,False,False,False,False,78045.18182004118,False,False,False,False
2023-10-20 00:00:00+00:00,5.28,5.35,5.23,5.32,47417,,,,,,,,,,,,,,,,,,,5.515319427930402,6.574191775166191,,5.25739985262277,6.443061554743202,,,#000000,0.0,0.0,1.0191401251028134,6.3037685220068145,-1.0045414725512196,0.0,0.0,0.0,0.0,0.0,0.0,0.0,0.0,47.42849731398021,-6.721003097789861,True,False,False,False,True,0.0,1,0.9784700940050275,1.0060173547742848,False,False,False,False,-0.15460035859084642,-0.13811296436709566,False,False,False,False,-1729106,-1428883.9583769655,False,False,False,False,76844.0766506278,False,False,False,False
2023-10-23 00:00:00+00:00,5.2,5.27,5.18,5.18,59047,,,,,,,,,,,,,,,,,,,5.511483836518792,6.566215532500057,,5.255212260310582,6.439750395096693,,,"rgba(239, 83, 80, 0.5)",0.0,0.0,1.0026222016688355,6.2990085435343435,-1.0961342584525613,0.0,0.0,0.0,0.0,0.0,0.0,0.0,0.0,46.14107506278184,-6.721003097789861,True,False,False,True,True,0.0,1,0.9599787759646498,1.0269562645697785,False,False,False,False,-0.2171529691894992,-0.17763296677829743,False,False,False,False,-1788153,-1442972.9404013983,False,False,False,False,76146.15207609338,False,False,False,False
2023-10-24 00:00:00+00:00,5.24,5.29,5.19,5.23,33775,,,,,,,,,,,,,,,,,,,5.509504003583665,6.561773262307279,,5.254758873644442,6.437900410879644,,,"rgba(239, 83, 80, 0.5)",0.0,0.0,0.9827101155331386,6.296444867702261,-1.0750320476034991,0.0,0.0,0.0,0.0,0.0,0.0,0.0,0.0,46.06242800200673,-6.721003097789861,True,False,False,True,True,0.0,1,0.9560019003378378,1.0307837134009008,False,False,False,False,-0.20258586383516755,-0.19010941530673248,False,False,False,False,-1754378,-1455184.9035229122,False,False,False,False,74484.53826918776,False,False,False,False
2023-10-25 00:00:00+00:00,5.33,5.43,5.2,5.2,35551,,,,,,,,,,,,,,,,,,,5.508060431553756,6.557410504320976,,5.256743313309725,6.436088935698876,,,#000000,0.0,0.0,0.9592596995449952,6.294207569543215,-1.0051580088276062,0.0,0.0,0.0,0.0,0.0,0.0,0.0,0.0,47.687542589726,-5.899487291323666,True,False,False,False,True,0.0,1,0.9698663878650411,1.0123954493904168,False,False,False,False,-0.130883147602719,-0.16049628145472572,False,False,False,False,-1718827,-1465523.8092671118,False,False,False,False,72957.73284686668,False,False,False,False
2023-10-26 00:00:00+00:00,5.61,5.74,5.31,5.4,67756,,,,,,,,,,,,,,,,,,,5.508708311369561,6.550731933890462,,5.272994873827005,6.433371079276359,,,"rgba(38, 166, 154, 1.0)",0.0,0.0,0.9353834883459583,6.292338652321685,-0.7294747671121136,0.0,0.0,0.0,0.0,0.0,0.0,0.0,0.0,52.720367114574586,-1.0943411236396159,True,False,True,False,True,0.0,1,0.9571081005391024,1.006992578589932,False,False,False,False,0.13057302442236335,-0.014961628516181186,False,False,False,False,-1651071,-1472800.1696880094,False,False,False,False,72753.74332346015,False,False,False,False
2023-10-27 00:00:00+00:00,5.42,5.62,5.41,5.62,47647,,,,,,,,,,,,,,,,,,,5.5084554974575175,6.54576253090263,,5.280799012295689,6.431318615860367,,,"rgba(38, 166, 154, 1.0)",0.0,0.0,0.911211449832743,6.290479929570446,-0.9552995956429503,0.0,0.0,0.0,0.0,0.0,0.0,0.0,0.0,52.87919435178037,-1.0008953420592874,True,False,True,False,True,0.0,1,0.9744549329012716,1.0087968018033884,False,False,False,False,0.15167882369601696,0.06835859758991789,False,False,False,False,-1698718,-1481659.6924453424,False,False,False,False,71769.16515391269,False,False,False,False
2023-10-30 00:00:00+00:00,5.39,5.47,5.315,5.47,40668,,,,,,,,,,,,,,,,,,,5.507470724025637,6.541194654012088,,5.284202219105746,6.42940506634274,,,"rgba(38, 166, 154, 1.0)",0.0,0.0,0.8845905654416916,6.288337552916688,-1.0155405088094427,0.0,0.0,0.0,0.0,0.0,0.0,0.0,0.0,52.526860445331856,-1.0008953420592874,True,False,True,False,True,0.0,1,0.965954700567569,1.0150202450625034,False,False,False,False,0.008684369421503814,0.03852148350571085,False,False,False,False,-1739386,-1491766.6064670938,False,False,False,False,70549.51161846513,False,False,False,False
2023-10-31 00:00:00+00:00,5.47,5.54,5.3274,5.47,45947,,,,,,,,,,,,,,,,,,,5.506888753988792,6.536318136990685,,5.289618695729882,6.427363917553139,,,"rgba(38, 166, 154, 1.0)",0.0,0.0,0.8579443271381026,6.286274750500826,-0.9514309083710868,0.0,0.0,0.0,0.0,0.0,0.0,0.0,0.0,53.42349528300304,-0.36850817507951916,True,False,True,False,True,0.0,1,0.9750573495676724,1.0026380801129346,False,False,False,False,0.05644928854073666,0.047485386023223754,False,False,False,False,-1693439,-1499675.3277821096,False,False,False,False,69584.70724127041,False,False,False,False
2023-11-01 00:00:00+00:00,5.39,5.57,5.37,5.5,50554,,,,,,,,,,,,,,,,,,,5.506235643680013,6.530990562365104,,5.295085920962498,6.425122254172377,,,"rgba(38, 166, 154, 1.0)",0.0,0.0,0.826241506477985,6.283980346675349,-1.0819843104785607,0.0,0.0,0.0,0.0,0.0,0.0,0.0,0.0,52.697333928002074,-0.36850817507951916,True,False,True,False,True,0.0,1,0.9797696500791279,0.9991120098470195,False,False,False,False,0.09874062847977746,0.0731130072515006,False,False,False,False,-1743993,-1509256.412967125,False,False,False,False,68838.40499651471,False,False,False,False
2023-11-02 00:00:00+00:00,5.32,5.57,5.27,5.45,56504,,,,,,,,,,,,,,,,,,,5.504877904423174,6.524790037852369,,5.298587381148772,6.422484896572553,,,#000000,0.0,0.0,0.7951653916010072,6.280971785187891,-1.2085181213093847,0.0,0.0,0.0,0.0,0.0,0.0,0.0,0.0,51.1071881112889,-0.36850817507951916,True,False,False,False,False,0.0,1,0.9661656417773229,1.0029662523743028,False,False,False,False,0.040548459134433834,0.05683073319296722,False,False,False,False,-1800497,-1520677.6124586104,False,False,False,False,68354.70283978866,False,False,False,False
2023-11-03 00:00:00+00:00,5.94,6.07,5.62,5.75,55882,,,,,,,,,,,,,,,,,,,5.509006827596161,6.521335350235328,,5.319649700265255,6.421117380586758,,,"rgba(38, 166, 154, 1.0)",0.0,0.0,0.7588835327085437,6.281689578970339,-0.4502529890862291,0.0,0.0,0.0,0.0,1.0,5.73,5.57,0.0,56.76144618690007,2.7313394348369258,True,False,True,False,True,0.8194827730418837,0,0.9792442965385031,0.9443886569790121,False,False,False,False,0.342828154998281,0.19982944409562411,False,False,False,False,-1744615,-1529459.470793567,False,False,False,False,67865.57723822832,False,False,False,False
2023-11-06 00:00:00+00:00,5.83,5.95,5.73,5.85,46095,,,,,,,,,,,,,,,,,,,5.511981131647677,6.518338202579577,,5.334734707016745,6.419912018464866,,,"rgba(38, 166, 154, 1.0)",0.0,0.0,0.7183229216862028,6.28194850114739,-0.6291717659329022,0.0,0.0,0.0,0.0,0.0,0.0,0.0,0.0,58.93825691922998,4.596082774489858,True,False,True,False,True,0.0,0,0.9966831269593126,0.9420912016013632,False,False,False,False,0.33786539952582056,0.26884742181072235,False,False,False,False,-1790710,-1539704.5895859762,False,False,False,False,67011.82911123897,False,False,False,False
2023-11-07 00:00:00+00:00,5.97,6.03,5.76,5.84,63424,,,,,,,,,,,,,,,,,,,5.517014416026828,6.5147558673868655,,5.3573238137836245,6.418497422637502,,,"rgba(38, 166, 154, 1.0)",0.0,0.0,0.6762717615688817,6.282882812393202,-0.46265840180483997,0.0,0.0,0.0,0.0,0.0,0.0,0.0,0.0,61.48432160462979,6.833877884101241,True,False,True,False,True,1.1617648888558065,0,0.9967357770234518,0.9303930905923629,False,False,False,False,0.34282816125092874,0.3058377915308256,False,False,False,False,-1727286,-1547060.7233277028,False,False,False,False,66871.12993040607,False,False,False,False
2023-11-08 00:00:00+00:00,5.87,6.05,5.8101,5.98,29693,,,,,,,,,,,,,,,,,,,5.51927116979833,6.513065580300773,,5.367133751375559,6.417824717765953,,,"rgba(38, 166, 154, 1.0)",0.0,0.0,0.6312425327361251,6.283233400190292,-0.6546349125099802,0.0,0.0,0.0,0.0,0.0,0.0,0.0,0.0,61.72398010789496,6.968667743367021,True,False,True,False,True,0.0,0,1.00080615255631,0.9330812763007273,False,False,False,False,0.3428281651849255,0.32433297835787556,False,False,False,False,-1756979,-1555292.8126089694,False,False,False,False,65413.1640507823,False,False,False,False
2023-11-09 00:00:00+00:00,5.89,5.98,5.835,5.89,34872,,,,,,,,,,,,,,,,,,,5.521832628630514,6.511065126843678,,5.378048328784675,6.417023970434759,,,"rgba(38, 166, 154, 1.0)",0.0,0.0,0.5842381039971161,6.283571820556599,-0.6736496949855602,0.0,0.0,0.0,0.0,0.0,0.0,0.0,0.0,62.06322514534589,7.338908923934355,True,False,True,False,True,0.2150998381462479,0,1.000394220248439,0.9412611829825578,False,False,False,False,0.3228367592667943,0.32358486881233495,False,False,False,False,-1722107,-1561834.5454478334,False,False,False,False,64215.47134290849,False,False,False,False
2023-11-10 00:00:00+00:00,6.0,6.1,5.89,5.93,44603,,,,,,,,,,,,,,,,,,,5.525866282550371,6.50892136295148,,5.393793438280821,6.416191521304465,,,"rgba(38, 166, 154, 1.0)",0.0,0.0,0.544053852660357,6.284484620277974,-0.5228979059460359,0.0,0.0,0.0,0.0,0.0,0.0,0.0,0.0,63.274804833164325,8.602279743304635,True,False,True,False,True,1.519230154814334,0,1.0164517527660464,0.9253207650185474,False,False,False,False,0.34282817166036467,0.3332065202363498,False,False,False,False,-1677504,-1566370.6024890947,False,False,False,False,63446.35481965717,False,False,False,False
2023-11-13 00:00:00+00:00,6.3,6.36,5.9071,6.0,54534,,,,,,,,,,,,,,,,,,,5.532683318328942,6.507299660149156,,5.417793675383674,6.415642839555794,,,"rgba(38, 166, 154, 1.0)",0.0,0.0,0.5080735564253679,6.286806025194492,0.025968631192569754,0.0,0.0,0.0,0.0,1.0,6.21,6.1,0.0,66.28091794834964,11.523641859409388,True,False,True,False,True,4.920197304251744,0,1.0131625615763546,0.9140807881773398,False,False,False,False,0.342828182753885,0.33801735149511736,False,False,False,False,-1622970,-1568590.1867052086,False,False,False,False,63096.850709082384,False,False,False,False
2023-11-14 00:00:00+00:00,6.73,6.87,6.21,6.44,86120,,,,,,,,,,,,,,,,,,,5.549785966682209,6.5080623894206315,,5.471726077473502,6.416356049896721,,,"rgba(38, 166, 154, 1.0)",0.0,0.0,0.4609628387828258,6.294517418022605,0.9447238374513856,0.0,0.0,0.0,0.0,0.0,0.0,0.0,0.0,70.43342117120906,15.403394844584028,True,False,True,False,True,9.363398226885554,0,1.0561393998063893,0.873757986447241,False,False,False,False,0.3428282029808417,0.34042277723797953,False,False,False,False,-1536850,-1567345.473501083,False,False,False,False,63999.71930872621,False,False,False,False
2023-11-15 00:00:00+00:00,6.71,6.989,6.6545,6.81,72057,,,,,,,,,,,,,,,,,,,5.566070984100974,6.5098872918947315,,5.51986229480501,6.417522823419645,,,"rgba(38, 166, 154, 1.0)",0.0,0.0,0.40351728364244926,6.3305691962443165,0.9403086785543777,0.0,0.0,0.0,0.0,0.0,0.0,0.0,0.0,72.89305698776097,17.608374075992884,True,False,True,False,True,9.110300798407799,0,1.0899852394531642,0.8553311849396052,False,False,False,False,0.34282821139767583,0.3416254943178277,False,False,False,False,-1608907,-1568975.3372853543,False,False,False,False,64315.69110054087,False,False,False,False
2023-11-16 00:00:00+00:00,6.68,6.85,6.65,6.72,51004,,,,,,,,,,,,,,,,,,,5.576805814608515,6.510895531922649,,5.550391740417076,6.418214788814863,,,"rgba(38, 166, 154, 1.0)",0.0,0.0,0.33885472185363613,6.3341493490702225,1.0206458066686255,0.0,0.0,0.0,0.0,0.0,0.0,0.0,0.0,74.03903335444608,18.628804308876212,True,False,True,False,True,8.725834447685653,0,1.0873190673807371,0.8601148385999892,False,False,False,False,0.31226469431568943,0.32694509431675856,False,False,False,False,-1659911,-1572541.4417055366,False,False,False,False,63793.66399855888,False,False,False,False
2023-11-17 00:00:00+00:00,6.67,6.82,6.65,6.69,50934,,,,,,,,,,,,,,,,,,,5.587207523619722,6.511831430258317,,5.579047253719939,6.418872983158217,,,"rgba(38, 166, 154, 1.0)",0.0,0.0,0.35730346453084993,6.337989280428657,0.9292121474592564,0.0,0.0,0.0,0.0,0.0,0.0,0.0,0.0,74.62664255939565,19.23054540509459,True,False,True,False,True,8.595863403940552,0,1.0920317827711283,0.8601853218277423,False,False,False,False,0.30594760421174405,0.3164463492642513,False,False,False,False,-1710845,-1577965.1106582608,False,False,False,False,63289.36344959578,False,False,False,False
2023-11-20 00:00:00+00:00,6.56,6.7315,6.5,6.61,34724,,,,,,,,,,,,,,,,,,,5.593470044266442,6.512099545043991,,5.595867643097243,6.41914366288747,,,"rgba(38, 166, 154, 1.0)",0.0,0.0,0.3763797679601181,6.339291016475129,0.586399701347011,0.0,0.0,0.0,0.0,0.0,0.0,0.0,0.0,73.06304560830887,19.23054540509459,True,False,True,False,True,7.16421477848845,0,1.0672812913305438,0.8759020209910823,False,False,False,False,0.25651583439534714,0.2864810918297992,False,False,False,False,-1745569,-1584537.812201074,False,False,False,False,62169.15311823908,False,False,False,False
2023-11-21 00:00:00+00:00,6.42,6.615,6.36,6.5,44248,,,,,,,,,,,,,,,,,,,5.600302447556349,6.51191172683869,,5.613787689120446,6.4192322037351035,,,"rgba(38, 166, 154, 0.75)",0.0,0.0,0.3890009379547977,6.339548626852555,0.20681537060147934,0.0,0.0,0.0,0.0,0.0,0.0,0.0,0.0,69.74189956399381,19.23054540509459,True,False,True,False,False,5.376533066419075,0,1.0515137300738988,0.8904131710280445,False,False,False,False,0.20468291214652323,0.2455820019881612,False,False,False,False,-1789817,-1592587.976428483,False,False,False,False,61466.36279987677,False,False,False,False
2023-11-22 00:00:00+00:00,6.64,6.6899,6.46,6.46,35325,,,,,,,,,,,,,,,,,,,5.606499335912891,6.5121805850384975,,5.629703785451215,6.419505239970177,,,"rgba(38, 166, 154, 0.75)",0.0,0.0,0.4073505695177916,6.341512897554237,0.7327523877015861,0.0,0.0,0.0,0.0,0.0,0.0,0.0,0.0,69.30572155803581,19.23054540509459,True,False,True,False,False,7.7236695949301115,0,1.0504734515304952,0.8890945526303713,False,False,False,False,0.23989217078357608,0.24273708638586866,False,False,False,False,-1754492,-1598937.1538234446,False,False,False,False,60441.21131752866,False,False,False,False
2023-11-24 00:00:00+00:00,6.84,6.91,6.66,6.7,37352,,,,,,,,,,,,,,,,,,,5.614319013623636,6.513154288784735,,5.649461669859185,6.420128868760529,,,"rgba(38, 166, 154, 0.75)",0.0,0.0,0.4317812258852969,6.345676199281262,1.1448478328468492,0.0,0.0,0.0,0.0,0.0,0.0,0.0,0.0,70.34378810095399,19.23054540509459,True,False,True,False,False,9.763775736348869,0,1.0644826950833768,0.8793799711328808,False,False,False,False,0.3270999505692934,0.28491851847758104,False,False,False,False,-1717140,-1603572.5595558586,False,False,False,False,59535.7520501746,False,False,False,False
2023-11-27 00:00:00+00:00,6.84,6.89,6.5889,6.8,57815,,,,,,,,,,,,,,,,,,,5.625919147875046,6.514492270398954,,5.6779941352356325,6.421013985074387,,,"rgba(38, 166, 154, 0.75)",0.0,0.0,0.4547506989529329,6.3512522271968015,1.0747598056001761,0.0,0.0,0.0,0.0,0.0,0.0,0.0,0.0,71.03583246289944,19.23054540509459,True,False,True,False,False,9.763775736348848,0,1.050037404656687,0.8927913128648882,False,False,False,False,0.3078191839871654,0.2963688512323732,False,False,False,False,-1717140,-1608026.1846713151,False,False,False,False,59468.27157761873,False,False,False,False
2023-11-28 00:00:00+00:00,6.48,6.88,6.44,6.88,43600,,,,,,,,,,,,,,,,,,,5.633218526774089,6.514823064895953,,5.695320403940272,6.421351948330711,,,"rgba(38, 166, 154, 0.75)",0.0,0.0,0.4655502217902939,6.353533081723388,0.27165043073178785,0.0,0.0,0.0,0.0,0.0,0.0,0.0,0.0,66.28964356824511,21.617790400110394,True,False,True,False,False,5.2053571845420485,0,1.0458768917813144,0.8845162622454363,False,False,False,False,0.27470370573997493,0.2855362784861741,False,False,False,False,-1760740,-1614014.9617430284,False,False,False,False,58845.98641771212,False,False,False,False
2023-11-29 00:00:00+00:00,6.58,6.62,6.51,6.6,25914,,,,,,,,,,,,,,,,,,,5.6373723418421005,6.514949643703566,,5.70498190309792,6.4215185849515715,,,"rgba(38, 166, 154, 0.75)",0.0,0.0,0.47828232455524106,6.354729060075714,0.4709999269443366,0.0,0.0,0.0,0.0,0.0,0.0,0.0,0.0,64.01605926788409,19.4854493470677,True,False,True,False,False,6.253275283222468,0,1.0514048904364623,0.9025418117516922,False,False,False,False,0.2358581006348311,0.2606971895605026,False,False,False,False,-1734826,-1618752.6495178116,False,False,False,False,57554.535969958706,False,False,False,False
2023-11-30 00:00:00+00:00,6.62,6.67,6.54,6.67,38132,,,,,,,,,,,,,,,,,,,5.6436773572213355,6.515269421823575,,5.7194564775221455,6.421828983077715,,,"rgba(38, 166, 154, 0.75)",0.0,0.0,0.49149549318361285,6.35682434484716,0.5354589386937121,0.0,0.0,0.0,0.0,0.0,0.0,0.0,0.0,62.85820634765195,18.370242256404197,True,False,True,False,False,6.672008892074874,0,1.054948851012381,0.8853681706484107,False,False,False,False,0.2521226988642605,0.2564099442123815,False,False,False,False,-1696694,-1621809.1730661327,False,False,False,False,56792.86789270543,False,False,False,False
2023-12-01 00:00:00+00:00,6.7,6.84,6.525,6.6,55440,,,,,,,,,,,,,,,,,,,5.653431126655269,6.516111817328766,,5.7414739600374,6.4224655585414645,,,"rgba(38, 166, 154, 0.75)",0.0,0.0,0.5058822638369999,6.360692585555122,0.6707240769251526,0.0,0.0,0.0,0.0,0.0,0.0,0.0,0.0,62.81055778025513,18.203067453803328,True,False,True,False,False,7.510933911229717,0,1.054236944186446,0.8727706969084397,False,False,False,False,0.2840195128402702,0.2702147285263259,False,False,False,False,-1641254,-1622571.7152988336,False,False,False,False,56739.81424985424,False,False,False,False
2023-12-04 00:00:00+00:00,6.58,6.82,6.3521,6.65,37745,,,,,,,,,,,,,,,,,,,5.659309369348473,6.516336162256335,,5.754311092368162,6.422727878210361,,,"rgba(38, 166, 154, 0.75)",0.0,0.0,0.5167852116256213,6.362504762507591,0.42086196082942684,0.0,0.0,0.0,0.0,0.0,0.0,0.0,0.0,61.03758798951711,16.345048880247646,True,False,True,False,False,5.988931478179033,0,1.0339789588907808,0.8745667112624665,False,False,False,False,0.24440155538617359,0.25730814195624974,False,False,False,False,-1678999,-1624784.549992997,False,False,False,False,55994.919573389365,False,False,False,False
2023-12-05 00:00:00+00:00,6.6,6.65,6.295,6.62,44940,,,,,,,,,,,,,,,,,,,5.665696707092122,6.516330928214927,,5.767864255218882,6.422905903434841,,,"rgba(38, 166, 154, 0.75)",0.0,0.0,0.5276597320174963,6.375177341440694,0.4260750724708526,0.0,0.0,0.0,0.0,0.0,0.0,0.0,0.0,60.068721445785954,15.250430091239323,True,False,True,False,False,6.2047481459771525,0,1.0342424219738429,0.886200468643554,False,False,False,False,0.1986958436980512,0.22800199282715047,False,False,False,False,-1634059,-1625148.2539148403,False,False,False,False,55561.39331560939,False,False,False,False
2023-12-06 00:00:00+00:00,6.39,6.735,6.33,6.6,43819,,,,,,,,,,,,,,,,,,,5.671616788821806,6.516211714841097,,5.780109975416987,6.423022496979034,,,"rgba(38, 166, 154, 0.5)",0.0,0.0,0.5337885332209577,6.375742162785577,0.0267106472452471,0.0,0.0,0.0,0.0,0.0,0.0,0.0,0.0,56.554916857159725,11.798178252293539,False,False,True,False,False,3.572070698609661,1,1.037293292473323,0.8767544084196977,False,False,False,False,0.22273311571329052,0.22536755427022048,False,False,False,False,-1677878,-1627216.0870946504,False,False,False,False,55100.907303232554,False,False,False,False
2023-12-07 00:00:00+00:00,6.59,6.69,6.31,6.36,65050,,,,,,,,,,,,,,,,,,,5.680726724256403,6.5162891611249,,5.798649282268889,6.423319863855684,,,"rgba(38, 166, 154, 0.5)",0.0,0.0,0.5435096160167601,6.378828359653029,0.388533402397906,0.0,0.0,0.0,0.0,0.0,0.0,0.0,0.0,56.47084510378412,11.618211293556932,False,False,True,False,False,5.7537802075153905,1,1.0355316695315389,0.8937386221052097,False,False,False,False,0.20968319733104002,0.21752537580063025,False,False,False,False,-1612828,-1626651.8483850562,False,False,False,False,55491.067801145,False,False,False,False
2023-12-08 00:00:00+00:00,6.59,6.7425,6.47,6.62,24472,,,,,,,,,,,,,,,,,,,5.684385736678365,6.5164674316084765,,5.806041444772425,6.423505302263451,,,"rgba(38, 166, 154, 0.5)",0.0,0.0,0.5526969747935385,6.380633534206267,0.37880877830377496,0.0,0.0,0.0,0.0,0.0,0.0,0.0,0.0,56.41479726820039,11.357257824166354,False,False,True,False,False,5.7537802075153905,1,1.0356804707870244,0.9058644448005129,False,False,False,False,0.2526330361333287,0.23507920596697948,False,False,False,False,-1612828,-1626109.7366836816,False,False,False,False,54274.63376972755,False,False,False,False
2023-12-11 00:00:00+00:00,6.58,6.63,6.4,6.5,46470,,,,,,,,,,,,,,,,,,,5.690773436387903,6.516547987709025,,5.81860641824015,6.423729333777084,,,"rgba(38, 166, 154, 0.5)",0.0,0.0,0.5607017160794122,6.382524771911843,0.3521930153325742,0.0,0.0,0.0,0.0,0.0,0.0,0.0,0.0,56.226240125894336,10.904827627020879,False,False,True,False,False,5.625570910105569,1,1.0356617807601054,0.9010203636046055,False,False,False,False,0.21569723423524204,0.22538822010111076,False,False,False,False,-1659298,-1627411.23720589,False,False,False,False,53968.56970032647,False,False,False,False
2023-12-12 00:00:00+00:00,6.46,6.81,6.43,6.62,57069,,,,,,,,,,,,,,,,,,,5.698761865785229,6.516792256999323,,5.834078697236442,6.424076014412368,,,#000000,0.0,0.0,0.5657550802341895,6.385327551478384,0.13198723463641882,0.0,0.0,0.0,0.0,0.0,0.0,0.0,0.0,54.31116086197514,8.83613236086962,False,False,False,False,False,4.088044214452971,1,1.0727930471610712,0.8742665549036044,False,False,False,False,0.25825532275093727,0.241821771426024,False,False,False,False,-1716367,-1630899.6984919338,False,False,False,False,54090.15520227446,False,False,False,False
2023-12-13 00:00:00+00:00,6.74,6.82,6.44,6.44,80566,,,,,,,,,,,,,,,,,,,5.711065640718576,6.5178164229772,,5.857699790252376,6.424903813647883,,,"rgba(38, 166, 154, 0.5)",0.0,0.0,0.5756940816750327,6.391276048648907,0.6057452429186878,0.0,0.0,0.0,0.0,0.0,0.0,0.0,0.0,56.30079306496492,8.83613236086962,False,False,True,False,False,7.167936992358751,1,1.0680163818179187,0.8538371369444726,False,False,False,False,0.2587716502256665,0.25029671082584526,False,False,False,False,-1635801,-1631091.9063942109,False,False,False,False,55128.42362571468,False,False,False,False
2023-12-14 00:00:00+00:00,6.87,7.05,6.77,6.9,71267,,,,,,,,,,,,,,,,,,,5.724248960248719,6.5200927245551705,,5.8831354875200494,6.426323532805656,,,"rgba(38, 166, 154, 0.5)",0.0,0.0,0.5885763247787611,6.400143981191474,0.7982924202483674,0.0,0.0,0.0,0.0,0.0,0.0,0.0,0.0,58.84246477866231,4.342328870527467,False,False,True,False,True,8.535554849165212,1,1.0928349000745605,0.8523413400388885,False,False,False,False,0.342828211724967,0.29656246127540614,False,False,False,False,-1564534,-1628481.7924179672,False,False,False,False,55761.30897372586,False,False,False,False
2023-12-15 00:00:00+00:00,6.98,7.06,6.8289,6.9,170590,,,,,,,,,,,,,,,,,,,5.756191669902597,6.526277423683362,,5.942542939961106,6.430113916291414,,,"rgba(38, 166, 154, 1.0)",0.0,0.0,0.6031600567461656,6.419832279540666,0.928721512961652,0.0,0.0,0.0,0.0,0.0,0.0,0.0,0.0,61.48335267773959,6.859165193704293,True,False,True,False,True,9.672781841254928,1,1.0894169221470549,0.8397937708905282,False,False,False,False,0.3428282125561442,0.3196953369157752,False,False,False,False,-1393944,-1619284.2319309881,False,False,False,False,60264.394896324855,False,False,False,False
2023-12-18 00:00:00+00:00,6.96,7.0224,6.77,6.98,72652,,,,,,,,,,,,,,,,,,,5.768874116853834,6.528625390941918,,5.964998258033844,6.4315938530924965,,,"rgba(38, 166, 154, 1.0)",0.0,0.0,0.6150208961512498,6.426458059567707,0.8675183945312333,0.0,0.0,0.0,0.0,0.0,0.0,0.0,0.0,62.89904478026135,8.199185678974906,True,False,True,False,True,9.40484256834701,1,1.0774537268272202,0.8514336178129094,False,False,False,False,0.3227621552593708,0.321228746087573,False,False,False,False,-1466596,-1613296.4581297731,False,False,False,False,60750.183331763095,False,False,False,False
2023-12-19 00:00:00+00:00,7.0,7.1,6.85,6.85,332806,,,,,,,,,,,,,,,,,,,5.826736149071791,6.540792899571125,,6.062187973967883,6.439163537167771,,,"rgba(38, 166, 154, 1.0)",0.0,0.0,0.6272997473082201,6.455922096487074,0.8673332100763573,0.0,0.0,0.0,0.0,0.0,0.0,0.0,0.0,64.21946900025978,9.487576454807012,True,False,True,False,True,9.825736436501355,1,1.0874055249105745,0.8626484608548113,False,False,False,False,0.3428282132666085,0.33202847967709076,False,False,False,False,-1133790,-1594492.2833011546,False,False,False,False,71419.03888738023,False,False,False,False
2023-12-20 00:00:00+00:00,7.04,7.24,6.76,7.02,119799,,,,,,,,,,,,,,,,,,,5.846743562991484,6.5453011382087425,,6.093779374089934,6.441985209269292,,,"rgba(38, 166, 154, 1.0)",0.0,0.0,0.6381622544957097,6.465557417434151,0.9001512993271387,0.0,0.0,0.0,0.0,0.0,0.0,0.0,0.0,65.4863632803845,10.758092223846191,True,False,True,False,True,10.249688357346677,1,1.0640993323586392,0.8530756876273884,False,False,False,False,0.3428282138303059,0.3374283467536983,False,False,False,False,-1013991,-1571727.5270932661,False,False,False,False,73316.29226434571,False,False,False,False
2023-12-21 00:00:00+00:00,7.19,7.27,6.86,7.07,102184,,,,,,,,,,,,,,,,,,,5.864606788588128,6.549832445813046,,6.121684254330388,6.4447597609562335,,,"rgba(38, 166, 154, 1.0)",0.0,0.0,0.6526291387861691,6.474701849599482,1.096025457476367,0.0,0.0,0.0,0.0,0.0,0.0,0.0,0.0,67.6757695278822,12.89890373625797,True,False,True,False,True,11.822257572848294,1,1.0804847156600446,0.8448796038025845,False,False,False,False,0.34282821522612617,0.3401282809899122,False,False,False,False,-911807,-1545848.2907366676,False,False,False,False,74448.35923437137,False,False,False,False
2023-12-22 00:00:00+00:00,7.21,7.3,7.09,7.2,49435,,,,,,,,,,,,,,,,,,,5.873703992819637,6.552361523013694,,6.135867202262253,6.44628184933258,,,"rgba(38, 166, 154, 1.0)",0.0,0.0,0.6649082304761607,6.479617617836074,1.0984709598810007,0.0,0.0,0.0,0.0,0.0,0.0,0.0,0.0,69.30459862961102,14.490941452133725,True,False,True,False,True,12.030328783130656,1,1.1042544981635776,0.8370800165778229,False,False,False,False,0.34282821774827,0.3414782493690911,False,False,False,False,-862372,-1519045.298943073,False,False,False,False,73467.44318596464,False,False,False,False
2023-12-26 00:00:00+00:00,7.25,7.3,7.15,7.26,65710,,,,,,,,,,,,,,,,,,,5.885905158751566,6.55586438572434,,6.1547245855543835,6.4483846250645165,,,"rgba(38, 166, 154, 1.0)",0.0,0.0,0.6772184232526292,6.486256944731261,1.1277647344567774,0.0,0.0,0.0,0.0,0.0,0.0,0.0,0.0,70.74196857425856,15.916693693925936,True,False,True,False,True,12.450739703507626,0,1.1123387264127318,0.8261143351914533,False,False,False,False,0.3428282173825156,0.3421532333758034,False,False,False,False,-796662,-1490716.5421217761,False,False,False,False,73163.22972769152,False,False,False,False
2023-12-27 00:00:00+00:00,7.36,7.44,7.26,7.27,63602,,,,,,,,,,,,,,,,,,,5.898541489024327,6.5598152319409975,,6.1743330469765265,6.450718789493364,,,"rgba(38, 166, 154, 1.0)",0.0,0.0,0.6922011372530378,6.493531866737842,1.2517577429888214,0.0,0.0,0.0,0.0,0.0,0.0,0.0,0.0,72.6161167483926,17.760630417686286,True,False,True,False,True,13.60103730681357,0,1.1149614058137625,0.8236306382857181,False,False,False,False,0.34282821956091986,0.34249072646836165,False,False,False,False,-733060,-1461004.5208620986,False,False,False,False,72788.27954229186,False,False,False,False
2023-12-28 00:00:00+00:00,7.38,7.4999,7.3,7.42,35844,,,,,,,,,,,,,,,,,,,5.905760510189871,6.562135877578965,,6.185468759980607,6.4520869627977655,,,"rgba(38, 166, 154, 1.0)",0.0,0.0,0.7073175313040634,6.497719960384944,1.2473606273951934,0.0,0.0,0.0,0.0,0.0,0.0,0.0,0.0,74.02630336794178,19.167195932033152,True,False,True,False,True,13.809813535484668,0,1.1183634470858348,0.8246010581406955,False,False,False,False,0.3428282203613894,0.3426594734148755,False,False,False,False,-697216,-1431052.0298478988,False,False,False,False,71339.48426612355,False,False,False,False
2023-12-29 00:00:00+00:00,7.32,7.4231,7.26,7.35,29342,,,,,,,,,,,,,,,,,,,5.9113862474888075,6.56389195151232,,6.193996719017717,6.453134057922097,,,"rgba(38, 166, 154, 1.0)",0.0,0.0,0.7201178081797743,6.50085108889827,1.1375206970263305,0.0,0.0,0.0,0.0,0.0,0.0,0.0,0.0,73.3504492048093,19.167195932033152,True,False,True,False,True,12.89490246668462,0,1.1133616019859807,0.8369099636238404,False,False,False,False,0.3230677790152043,0.3328636262150399,False,False,False,False,-726558,-1403424.8129911183,False,False,False,False,69692.5240988246,False,False,False,False
2024-01-02 00:00:00+00:00,7.28,7.29,7.09,7.2,36534,,,,,,,,,,,,,,,,,,,5.917771259503117,6.565744419155217,,6.203392320016884,6.454265586496957,,,"rgba(38, 166, 154, 0.75)",0.0,0.0,0.7323199714199561,6.504116865930056,1.0594865145702903,0.0,0.0,0.0,0.0,0.0,0.0,0.0,0.0,71.83868280668165,19.167195932033152,True,False,True,False,False,12.283212564131123,0,1.096964159522603,0.8401062151570742,False,False,False,False,0.2728659021516681,0.302864764183354,False,False,False,False,-763092,-1378313.7222855843,False,False,False,False,68392.18982043931,False,False,False,False
2024-01-03 00:00:00+00:00,7.3,7.4648,7.15,7.25,80177,,,,,,,,,,,,,,,,,,,5.932467436647369,6.570296401831774,,6.225093714964691,6.457011295930208,,,"rgba(38, 166, 154, 0.75)",0.0,0.0,0.7444920149742005,6.51199091914891,1.058452025007142,0.0,0.0,0.0,0.0,0.0,0.0,0.0,0.0,71.07763674413967,19.167195932033152,True,False,True,False,False,12.505111922350554,0,1.1020832013291937,0.8250645940256687,False,False,False,False,0.31162553848487956,0.3072451513341168,False,False,False,False,-682915,-1351043.184156738,False,False,False,False,68854.33923924562,False,False,False,False
2024-01-04 00:00:00+00:00,7.53,7.56,7.2201,7.35,73194,,,,,,,,,,,,,,,,,,,5.946876563125868,6.575139869760473,,6.246499578789211,6.459889559635912,,,"rgba(38, 166, 154, 0.75)",0.0,0.0,0.7591426411087276,6.520173068848678,1.330220272802053,0.0,0.0,0.0,0.0,0.0,0.0,0.0,0.0,72.91418228072563,19.167195932033152,True,False,True,False,False,14.9963854828288,0,1.109394904458599,0.8165328163943507,False,False,False,False,0.3394372468400355,0.32334119908707615,False,False,False,False,-609721,-1321971.725954513,False,False,False,False,69024.52201417717,False,False,False,False
2024-01-05 00:00:00+00:00,7.8,7.93,7.42,7.42,123794,,,,,,,,,,,,,,,,,,,5.97509213435177,6.585831882174992,,6.28915507500893,6.46610357328248,,,"rgba(38, 166, 154, 1.0)",0.0,0.0,0.7804927295631177,6.5377278565910215,1.6172759791312055,0.0,0.0,0.0,0.0,0.0,0.0,0.0,0.0,75.9314392859873,21.279237409788507,True,False,True,False,True,17.73106166961312,0,1.1191598222700956,0.798034199542211,False,False,False,False,0.3428282230315984,0.33308471105933724,False,False,False,False,-485927,-1289185.6582700224,False,False,False,False,71172.34468028788,False,False,False,False
2024-01-08 00:00:00+00:00,8.02,8.18,7.785,7.88,148876,,,,,,,,,,,,,,,,,,,6.013091451411699,6.601528158525091,,6.346669616524987,6.475140949277384,,,"rgba(38, 166, 154, 1.0)",0.0,0.0,0.8050572807106401,6.644481539000222,1.708597007886917,0.0,0.0,0.0,0.0,0.0,0.0,0.0,0.0,78.96938193296309,24.131253315150772,True,False,True,False,True,19.8219353749326,0,1.1414874492309741,0.7929289566549037,False,False,False,False,0.34282822581857625,0.33795646843895677,False,False,False,False,-337051,-1251847.0442202177,False,False,False,False,74219.54684968834,False,False,False,False
2024-01-09 00:00:00+00:00,7.78,8.17,7.76,8.01,95179,,,,,,,,,,,,,,,,,,,6.035555390828987,6.610732962613886,,6.379515993389417,6.480517816651385,,,"rgba(38, 166, 154, 0.75)",0.0,0.0,0.8226621913526028,6.656427360843031,1.3657764401565804,0.0,0.0,0.0,0.0,0.0,0.0,0.0,0.0,76.17386827906041,24.131253315150772,True,False,True,False,False,16.11872169176442,0,1.13267551170078,0.8139875991732782,False,False,False,False,0.3378319922366339,0.3378942303377953,False,False,False,False,-432230,-1219705.1993488367,False,False,False,False,75041.48618891624,False,False,False,False
2024-01-10 00:00:00+00:00,7.63,7.7418,7.59,7.66,60441,,,,,,,,,,,,,,,,,,7.653933333333333,6.0476773772257495,6.615396131213478,,6.396366549184442,6.483316462173597,,,"rgba(38, 166, 154, 0.75)",0.0,0.0,0.8339229553714664,6.660120294696695,1.1630327466777524,0.0,0.0,0.0,0.0,0.0,0.0,0.0,0.0,71.84743217977177,27.291176014818618,True,False,True,False,False,13.904367963882674,0,1.1147072568262233,0.8317644702583618,False,False,False,False,0.2546897268715323,0.29629197860466383,False,False,False,False,-492671,-1191194.0542763332,False,False,False,False,74468.9181030764,False,False,False,False
2024-01-11 00:00:00+00:00,7.66,7.72,7.415,7.57,75018,,,,,,,,,,,,,,,,,,7.623141722587646,6.061960536886452,6.6208195124236635,,6.415773597475733,6.486607460191148,,,"rgba(38, 166, 154, 0.75)",0.0,0.0,0.8446658276267283,6.664814741203076,1.1781999771354705,0.0,0.0,0.0,0.0,0.0,0.0,0.0,0.0,69.23930728034156,25.011632816377613,True,False,True,False,False,14.20588015346111,0,1.1082821072113163,0.8249586886112763,False,False,False,False,0.22692893950167722,0.26161045905317054,False,False,False,False,-417653,-1160859.110971379,False,False,False,False,74490.45072648517,False,False,False,False
2024-01-12 00:00:00+00:00,7.74,7.8748,7.65,7.7,74833,,,,,,,,,,,,,,,,,,7.670040138157102,6.077374498544279,6.627027415240884,,6.437000564783868,6.490330759228458,,,"rgba(38, 166, 154, 0.75)",0.0,0.0,0.8551617095903764,6.672845592693834,1.247897789784501,0.0,0.0,0.0,0.0,0.0,0.0,0.0,0.0,68.24336132278557,24.16652171608169,True,False,True,False,False,15.011454634570196,0,1.1228964679153568,0.8194991149974903,False,False,False,False,0.28043842650273093,0.27102444277795074,False,False,False,False,-342820,-1128779.1458352467,False,False,False,False,74503.8840313289,False,False,False,False
2024-01-16 00:00:00+00:00,7.63,7.72,7.6,7.63,76404,,,,,,,,,,,,,,,,,,7.664699475169983,6.091858684036696,6.632712733937761,,6.456318774265097,6.4937961675227855,,,"rgba(38, 166, 154, 0.5)",0.0,0.0,0.8638198218868738,6.679378988379568,1.1004852951208677,0.0,0.0,0.0,0.0,0.0,0.0,0.0,0.0,65.68771197835468,21.764057345859072,False,False,True,False,False,13.368527265035151,0,1.115919157626714,0.829708511259051,False,False,False,False,0.2521478012209025,0.26158612199942666,False,False,False,False,-419224,-1100953.4538417077,False,False,False,False,74578.3983830415,False,False,False,False
2024-01-17 00:00:00+00:00,7.53,7.615,7.51,7.53,58412,,,,,,,,,,,,,,,,,,7.645567863007136,6.102065803172442,6.636600760067819,,6.46949492163584,6.49620744789307,,,"rgba(38, 166, 154, 0.5)",0.0,0.0,0.870056785969052,6.683354322968922,0.9730924356714267,0.0,0.0,0.0,0.0,0.0,0.0,0.0,0.0,62.39077112902025,18.67945265029425,False,True,True,False,False,11.897205585271102,0,1.1169838670711085,0.8336912463425764,False,False,False,False,0.20337681593858142,0.23248146896900404,False,False,False,False,-477636,-1076509.6321224251,False,False,False,False,73944.4219758634,False,False,False,False
2024-01-18 00:00:00+00:00,7.67,7.73,7.465,7.54,50117,,,,,,,,,,,,,,,,,,7.642537041938136,6.111127767598907,6.640163712588801,,6.481264942203774,6.498404191872297,,,"rgba(38, 166, 154, 0.5)",0.0,0.0,0.8768573491798975,6.6875103284275,1.1204669408215575,0.0,0.0,0.0,0.0,0.0,0.0,0.0,0.0,61.789172387344394,18.100757201618222,False,True,True,False,False,13.36326510297808,0,1.1143297124068756,0.86867551782023,False,False,False,False,0.21463660438950857,0.2235590366792563,False,False,False,False,-427519,-1051059.0190980162,False,False,False,False,73010.01327092758,False,False,False,False
2024-01-19 00:00:00+00:00,7.7,7.79,7.58,7.75,64200,,,,,,,,,,,,,,,,,,7.6491695105838815,6.1230975086243,6.645005533251563,,6.496878243053426,6.501376159540346,,,"rgba(38, 166, 154, 0.5)",0.0,0.0,0.8758510507289747,6.693615269766935,1.1490363908286076,0.0,0.0,0.0,0.0,0.0,0.0,0.0,0.0,61.71526902174965,17.873595714009753,False,True,True,False,False,13.674801730567747,0,1.1147561466590772,0.8560897391400925,False,False,False,False,0.24047048462906928,0.2320147606541628,False,False,False,False,-363319,-1024088.8222706431,False,False,False,False,72664.52255442062,False,False,False,False
2024-01-22 00:00:00+00:00,8.15,8.15,7.75,7.79,167082,,,,,,,,,,,,,,,,,,7.747176651497909,6.159735214901788,6.661274009778979,,6.546307235545164,6.511148436556992,,,"rgba(38, 166, 154, 0.5)",0.0,0.0,0.884858781423934,6.717768239061743,1.6185992510957268,0.0,0.0,0.0,0.0,0.0,0.0,0.0,0.0,65.39682418692017,17.873595714009753,False,False,True,False,True,18.07843839712564,0,1.1195102219906488,0.835241529665026,False,False,False,False,0.33127128411978457,0.2816430223869737,False,False,False,False,-196237,-991624.0449266963,False,False,False,False,76367.16872875707,False,False,False,False
2024-01-23 00:00:00+00:00,8.02,8.23,8.01,8.15,153078,,,,,,,,,,,,,,,,,,7.813838340142511,6.19329856291797,6.676596309355092,,6.590878188936599,6.5204028287851425,,,"rgba(38, 166, 154, 0.5)",0.0,0.0,0.8915640675164478,6.8233497236345695,1.3421921317430774,0.0,0.0,0.0,0.0,0.0,0.0,0.0,0.0,65.79680659072821,17.873595714009753,False,False,True,False,True,16.14900751626004,0,1.1340834666318833,0.8308973452421,False,False,False,False,0.34282822093934545,0.31223562166315955,False,False,False,False,-349315,-966435.454929571,False,False,False,False,79375.436621747,False,False,False,False
2024-01-24 00:00:00+00:00,7.85,8.15,7.85,8.15,67529,,,,,,,,,,,,,,,,,,7.824692677018677,6.206693794488389,6.682606364999304,,6.6080081848023555,6.524097636124392,,,"rgba(38, 166, 154, 0.5)",0.0,0.0,0.8920584960417939,6.828960949199997,1.144587552644267,0.0,0.0,0.0,0.0,0.0,0.0,0.0,0.0,63.65239899626764,17.873595714009753,False,True,True,False,True,13.695643895916888,0,1.120111674920014,0.8333571084075456,False,False,False,False,0.3015488505507315,0.3068922361069455,False,False,False,False,-416844,-944882.8488539016,False,False,False,False,78910.8704797177,False,False,False,False
2024-01-25 00:00:00+00:00,8.02,8.04,7.8158,7.98,66222,,,,,,,,,,,,,,,,,,7.834401711527849,6.219696678267277,6.688484877553788,,6.624497403567263,6.527724172507411,,,"rgba(38, 166, 154, 0.5)",0.0,0.0,0.8958716727601341,6.835416075420937,1.3222696515555856,0.0,0.0,0.0,0.0,0.0,0.0,0.0,0.0,63.668399515622205,17.873595714009753,False,True,True,False,True,15.33437646341459,0,1.1139425197651927,0.8491262597129381,False,False,False,False,0.27274214030043353,0.2898171882036895,False,False,False,False,-350622,-921578.5018400232,False,False,False,False,78413.2677158072,False,False,False,False
2024-01-26 00:00:00+00:00,7.91,8.1,7.91,8.1,47683,,,,,,,,,,,,,,,,,,7.8412950991950545,6.229018802941328,6.692732968849906,,6.636251660536408,6.53035088836961,,,"rgba(38, 166, 154, 0.5)",0.0,0.0,0.9017243141552332,6.840400777788548,1.1861709897592037,0.0,0.0,0.0,0.0,0.0,0.0,0.0,0.0,62.18001556783205,17.776162520880348,False,True,True,False,False,13.767664246492558,0,1.121339634896287,0.8602048007959869,False,False,False,False,0.2919516930766249,0.29088444064015717,False,False,False,False,-398305,-901057.9723561008,False,False,False,False,77208.15917793242,False,False,False,False
2024-01-29 00:00:00+00:00,7.85,7.92,7.8,7.85,83369,,,,,,,,,,,,,,,,,,7.842522145281893,6.24400732972779,6.6994226879971635,,6.654567107172013,6.5345511141845005,,,"rgba(38, 166, 154, 0.5)",0.0,0.0,0.9020978153551064,6.846671302379528,1.1122171903559217,0.0,0.0,0.0,0.0,0.0,0.0,0.0,0.0,60.38579785688421,15.84680505978936,False,True,True,False,False,12.918969996339925,1,1.0964069879275942,0.9043107531975368,False,False,False,False,0.22980378286649128,0.2603441117533242,False,False,False,False,-481674,-884611.5420676263,False,False,False,False,77449.76077879782,False,False,False,False
2024-01-30 00:00:00+00:00,7.85,7.9,7.74,7.83,53431,,,,,,,,,,,,,,,,,,7.841912690768392,6.253312681182256,6.703571959054141,,6.665765077365586,6.537175055614804,,,"rgba(38, 166, 154, 0.5)",0.0,0.0,0.9006842644035319,6.850559451431188,1.1096458415765484,0.0,0.0,0.0,0.0,0.0,0.0,0.0,0.0,59.18965271625232,14.504796987641143,False,True,True,False,False,12.918969996339925,1,1.0609604523880478,0.9132002238681213,False,False,False,False,0.21298082500066173,0.23666246837699298,False,False,False,False,-481674,-868810.0698296801,False,False,False,False,76507.84859139398,False,False,False,False
2024-01-31 00:00:00+00:00,7.77,7.93,7.77,7.85,61667,,,,,,,,,,,,,,,,,,7.8409245518560216,6.26387272046904,6.708294990761386,,6.67835428871559,6.540174727239367,,,"rgba(38, 166, 154, 0.5)",0.0,0.0,0.8928106242707902,6.855095119914324,1.024746855844072,0.0,0.0,0.0,0.0,0.0,0.0,0.0,0.0,57.227341538517805,12.45707514251513,False,True,True,False,False,11.76727099321328,1,1.0636531298066059,0.9006276379381987,False,False,False,False,0.22558639887969759,0.23112443362834528,False,False,False,False,-543341,-856046.576895183,False,False,False,False,75925.85452898637,False,False,False,False
2024-02-01 00:00:00+00:00,7.87,7.9199,7.75,7.88,48777,,,,,,,,,,,,,,,,,,7.841155012636597,6.272248655265176,6.712080135642348,,6.6883184515618375,6.542580401282341,,,"rgba(38, 166, 154, 0.5)",0.0,0.0,0.884449704211193,6.858988136310449,1.143097068013872,0.0,0.0,0.0,0.0,0.0,0.0,0.0,0.0,57.13329869063878,12.1662858572709,False,True,True,False,False,12.8064389835857,1,1.0621956553433447,0.8991762647616273,False,False,False,False,0.21925402921177226,0.22518923142005876,False,False,False,False,-494564,-841870.7895659601,False,False,False,False,74861.19356706533,False,False,False,False
2024-02-02 00:00:00+00:00,7.81,7.93,7.75,7.75,60365,,,,,,,,,,,,,,,,,,7.840624224779314,6.2823842981436595,6.716661643477686,,6.700243202364731,6.545507536653875,,,"rgba(38, 166, 154, 0.5)",0.0,0.0,0.8759076219340426,6.863621891359368,1.0804542453358121,0.0,0.0,0.0,0.0,0.0,0.0,0.0,0.0,56.14124020226875,10.980464240132747,False,True,True,False,False,11.931762411682769,1,1.073405773241137,0.8915816046537153,False,False,False,False,0.2213768914998041,0.22328306145993143,False,False,False,False,-554929,-830618.170367295,False,False,False,False,74292.71538796474,False,False,False,False
2024-02-05 00:00:00+00:00,7.84,7.9,7.6808,7.77,85438,,,,,,,,,,,,,,,,,,7.8384984182208735,6.2962959678033465,6.72294926696303,,6.716365351768249,6.549553807449498,,,"rgba(38, 166, 154, 0.5)",0.0,0.0,0.8689572709510672,6.933866640716246,1.042782412410218,0.0,0.0,0.0,0.0,0.0,0.0,0.0,0.0,55.88057090126949,10.47253676263157,False,True,True,False,False,12.250676793174897,1,1.0787927252452187,0.8849508829333784,False,False,False,False,0.20060835707405453,0.21194570926699297,False,False,False,False,-469491,-816456.3205489698,False,False,False,False,74729.78537275044,False,False,False,False
2024-02-06 00:00:00+00:00,7.83,7.88,7.7666,7.85,39036,,,,,,,,,,,,,,,,,,7.838135124611596,6.302645183805099,6.7258468435084575,,6.723699123571757,6.551421111991318,,,"rgba(38, 166, 154, 0.5)",0.0,0.0,0.8590912231711587,6.93704101963318,1.0394227717408697,0.0,0.0,0.0,0.0,0.0,0.0,0.0,0.0,55.53105707845634,9.852887417444236,False,True,True,False,False,12.100867567367423,1,1.0816226566326759,0.8936263377417584,False,False,False,False,0.2143641095775484,0.21315490942227067,False,False,False,False,-508527,-804380.6609195984,False,False,False,False,73330.02908362297,False,False,False,False
2024-02-07 00:00:00+00:00,7.87,7.93,7.8,7.8,42865,,,,,,,,,,,,,,,,,,7.838986818661801,6.309743411483053,6.729129506635197,,6.731937842254842,6.553531286969921,,,"rgba(38, 166, 154, 0.5)",0.0,0.0,0.8481286873289091,6.941198790477475,1.095118256697207,0.0,0.0,0.0,0.0,0.0,0.0,0.0,0.0,55.903559655753085,9.852887417444236,False,True,True,False,False,12.538606665426926,1,1.071485353452026,0.9067660602060867,False,False,False,False,0.23191548244833024,0.22253519593530047,False,False,False,False,-465662,-791097.5761776534,False,False,False,False,72135.3220607358,False,False,False,False
2024-02-08 00:00:00+00:00,7.87,7.9696,7.821,7.821,39321,,,,,,,,,,,,,,,,,,7.84026296508433,6.316282094205337,6.732177374412396,,6.739524325846184,6.5554907363734465,,,"rgba(38, 166, 154, 0.5)",0.0,0.0,0.8353272434223561,6.9450653492402665,1.1072722194121836,0.0,0.0,0.0,0.0,0.0,0.0,0.0,0.0,56.15189470728424,9.852887417444236,False,True,True,False,False,12.538606665426926,1,1.0792993316491803,0.9011660104538868,False,False,False,False,0.24475668588137395,0.2336459409083372,False,False,False,False,-465662,-778335.3967197062,False,False,False,False,70848.48590149125,False,False,False,False
2024-02-09 00:00:00+00:00,7.99,8.02,7.9,7.9,45370,,,,,,,,,,,,,,,,,,7.844133769219201,6.324155410129588,6.735925995797977,,6.748780325291811,6.557885203501877,,,"rgba(38, 166, 154, 0.5)",0.0,0.0,0.8205853766430091,6.950647994418996,1.266598254325422,0.0,0.0,0.0,0.0,0.0,0.0,0.0,0.0,58.15831544081379,9.852887417444236,False,True,True,False,True,13.867565348570647,1,1.0964341397953723,0.891930466889549,False,False,False,False,0.2724497393561555,0.25304784013224635,False,False,False,False,-420292,-764294.4792012864,False,False,False,False,69849.32959162885,False,False,False,False
2024-02-12 00:00:00+00:00,8.09,8.18,7.95,7.95,82468,,,,,,,,,,,,,,,,,,7.855924252096631,6.339162785266489,6.74324765419327,,6.766646780395994,6.562533850768959,,,"rgba(38, 166, 154, 0.5)",0.0,0.0,0.8067960211973091,6.962437909154287,1.3975801332936386,0.0,0.0,0.0,0.0,0.0,0.0,0.0,0.0,60.81444992011603,7.160018167375682,False,True,True,False,True,14.953933567001418,1,1.0965358928337585,0.8626374049623702,False,False,False,False,0.3182973630766201,0.2856726016044332,False,False,False,False,-337824,-747570.146683589,False,False,False,False,70344.17941156498,False,False,False,False
2024-02-13 00:00:00+00:00,7.91,8.07,7.88,7.88,69092,,,,,,,,,,,,,,,,,,7.859948959545544,6.350682769746273,6.748772457436653,,6.779907497109665,6.566098999469471,,,"rgba(38, 166, 154, 0.5)",0.0,0.0,0.7905334725178692,6.968934667554585,1.1904180723026163,0.0,0.0,0.0,0.0,0.0,0.0,0.0,0.0,58.80439447570386,7.160018167375682,False,True,True,False,False,12.110631814568723,1,1.0867574664859858,0.8741970800125557,False,False,False,False,0.27892726699172166,0.2822999342980774,False,False,False,False,-406916,-734211.1605391345,False,False,False,False,70295.07433660165,False,False,False,False
2024-02-14 00:00:00+00:00,8.47,8.55,7.93,8.0,82106,,,,,,,,,,,,,,,,,,7.8813242950371,6.3672161563107394,6.757233320030827,,6.800047276591118,6.5714154064449355,,,"rgba(38, 166, 154, 0.5)",0.0,0.0,0.7910808434672721,6.983919513097531,1.878544398052979,0.0,0.0,0.0,0.0,0.0,0.0,0.0,0.0,63.039153573819874,8.99175148801033,False,False,True,False,True,17.845730772341373,1,1.0880127290519694,0.852599968625576,False,False,False,False,0.34282821251114703,0.31256407340461223,False,False,False,False,-324810,-718156.2130670116,False,False,False,False,70758.24789202903,False,False,False,False
2024-02-15 00:00:00+00:00,8.82,8.88,8.47,8.47,104179,,,,,,,,,,,,,,,,,,7.928523390007978,6.392091805533061,6.770603747174491,,6.8315056144025315,6.579675786189942,,,"rgba(38, 166, 154, 1.0)",0.0,0.0,0.7939486674127471,7.010629452597605,2.2789515514883587,0.0,0.0,0.0,0.0,0.0,0.0,0.0,0.0,67.78774926671693,13.24315670037285,True,False,True,False,True,20.0,0,1.1418807394514134,0.8257007382510053,False,False,False,False,0.34282822078735437,0.32769614709598327,False,False,False,False,-220631,-698645.4203977169,False,False,False,False,72068.86562175339,False,False,False,False
2024-02-16 00:00:00+00:00,8.8,8.8814,8.675,8.75,156262,,,,,,,,,,,,,,,,,,7.994986560798239,6.429402881781702,6.790948428047699,,6.878295791471993,6.592303318347754,,,"rgba(38, 166, 154, 1.0)",0.0,0.0,0.7927327577596476,7.156927424685087,2.072668953353742,0.0,0.0,0.0,0.0,0.0,0.0,0.0,0.0,70.62931669163207,15.62889435523897,True,False,True,False,True,20.0,0,1.1633662615134823,0.8107312483877332,False,False,False,False,0.34282822190474627,0.33526218450036477,False,False,False,False,-376893,-686027.6784213359,False,False,False,False,75370.55716599835,False,False,False,False
2024-02-20 00:00:00+00:00,8.59,8.78,8.54,8.75,94612,,,,,,,,,,,,,,,,,,8.023767873089225,6.45004214125363,6.802163875346308,,6.903425681069819,6.599364905954811,,,"rgba(38, 166, 154, 1.0)",0.0,0.0,0.7858167954657289,7.170951584878962,1.8058260186205521,0.0,0.0,0.0,0.0,0.0,0.0,0.0,0.0,69.29584557308537,15.62889435523897,True,False,True,False,True,17.513908902036462,0,1.1506075856143365,0.8213913096845465,False,False,False,False,0.3048636096965446,0.3200628970984547,False,False,False,False,-471505,-677615.0243655973,False,False,False,False,76125.12355164548,False,False,False,False
2024-02-21 00:00:00+00:00,8.27,8.57,8.2,8.49,50260,,,,,,,,,,,,,,,,,,8.031282512524093,6.459416586714121,6.807133419214123,,6.914300211222221,6.602565217580805,,,"rgba(38, 166, 154, 0.5)",0.0,0.0,0.7673001691317037,7.173596148191194,1.4289112604386933,0.0,0.0,0.0,0.0,0.0,0.0,0.0,0.0,64.51147080683388,20.252974460258912,False,False,True,False,False,12.986192972521653,0,1.1244289087173827,0.8326434244013122,False,False,False,False,0.21875804978028654,0.26941047343937063,False,False,False,False,-521765,-671503.2587042013,False,False,False,False,75110.80498099272,False,False,False,False
2024-02-22 00:00:00+00:00,8.33,8.47,8.22,8.23,211729,,,,,,,,,,,,,,,,,,8.058846559957423,6.497775356836723,6.827632902469326,,6.958162029616968,6.615868311304378,,,"rgba(38, 166, 154, 0.5)",0.0,0.0,0.7450448199831845,7.190115646126313,1.5299540689369722,0.0,0.0,0.0,0.0,0.0,0.0,0.0,0.0,61.84622968786505,17.964455341978535,False,True,True,False,False,13.56148459442026,0,1.1138934322375544,0.844064594899675,False,False,False,False,0.2065574938278883,0.23798398363362946,False,False,False,False,-310036,-657328.0720883503,False,False,False,False,80468.3812562479,False,False,False,False
2024-02-23 00:00:00+00:00,8.53,8.545,8.24,8.31,32335,,,,,,,,,,,,,,,,,,8.063951481416918,6.503801514210929,6.830915818486504,,6.96508396165054,6.6179968831994795,,,"rgba(38, 166, 154, 0.5)",0.0,0.0,0.7431131253834168,7.193768687217188,1.798153292062186,0.0,0.0,0.0,0.0,0.0,0.0,0.0,0.0,61.71430565811866,17.93518676924151,False,True,True,False,False,15.440806322676622,0,1.120112691541263,0.8306420211182116,False,False,False,False,0.21531574488956226,0.22664986426159586,False,False,False,False,-277701,-642440.7359280228,False,False,False,False,78580.79767757152,False,False,False,False
2024-02-26 00:00:00+00:00,8.6,8.65,8.45,8.45,32265,,,,,,,,,,,,,,,,,,8.070610074128018,6.51017386748054,6.834438787523048,,6.972522741110314,6.620265286809422,,,"rgba(38, 166, 154, 0.5)",0.0,0.0,0.7382209684086406,7.1984217841287546,1.89858900769587,0.0,0.0,0.0,0.0,0.0,0.0,0.0,0.0,62.16427479199684,17.93518676924151,False,True,True,False,False,16.084430677560636,0,1.1357207552428061,0.8340881116607445,False,False,False,False,0.2659895582410184,0.24631971125130714,False,False,False,False,-245436,-626871.9227543748,False,False,False,False,76764.49188629421,False,False,False,False
2024-02-27 00:00:00+00:00,8.73,8.77,8.53,8.65,46412,,,,,,,,,,,,,,,,,,8.08194126485437,6.519758144221392,6.839801657842547,,6.983832810338724,6.6237029392761535,,,"rgba(38, 166, 154, 0.5)",0.0,0.0,0.738288329623089,7.206198384466465,2.0639654649714783,0.0,0.0,0.0,0.0,0.0,0.0,0.0,0.0,63.434195955967404,17.93518676924151,False,True,True,False,False,17.26673430146438,0,1.1426860859153054,0.8236615353310845,False,False,False,False,0.29316080159896174,0.26974025642513444,False,False,False,False,-199024,-610093.5728424386,False,False,False,False,75574.19808683169,False,False,False,False
2024-02-28 00:00:00+00:00,8.7,8.7605,8.6079,8.73,37298,,,,,,,,,,,,,,,,,,8.090934279208913,6.527444447374038,6.844118711771057,,6.992881587570666,6.626474388625563,,,"rgba(38, 166, 154, 0.5)",0.0,0.0,0.7330413505537156,7.212389858868356,2.029367292865472,0.0,0.0,0.0,0.0,0.0,0.0,0.0,0.0,63.84964599938452,17.93518676924151,False,True,True,False,False,16.832775521877192,0,1.1268670316870437,0.8428167317734123,False,False,False,False,0.30626457189849077,0.2880024141618126,False,False,False,False,-236322,-595435.8641035195,False,False,False,False,74073.17071087752,False,False,False,False
2024-02-29 00:00:00+00:00,8.65,8.87,8.5,8.87,38793,,,,,,,,,,,,,,,,,,8.099764953532755,6.535322047459832,6.848548407535601,,7.002103227505471,6.629326565470244,,,"rgba(38, 166, 154, 0.5)",0.0,0.0,0.7252046123196707,7.218538376612962,1.973872751316768,0.0,0.0,0.0,0.0,0.0,0.0,0.0,0.0,63.378532558063846,17.93518676924151,False,True,True,False,False,16.104050486785233,0,1.1124130039500908,0.836729575521976,False,False,False,False,0.30657230102330846,0.29728735759256053,False,False,False,False,-275115,-582874.261589656,False,False,False,False,72689.6346045686,False,False,False,False
2024-03-01 00:00:00+00:00,8.35,8.65,8.275,8.62,39172,,,,,,,,,,,,,,,,,,8.104669444661521,6.54230099560623,6.8523938965198115,,7.009944345966106,6.631849625741919,,,"rgba(38, 166, 154, 0.5)",0.0,0.0,0.7127369654942675,7.22248422550381,1.5819521493659054,0.0,0.0,0.0,0.0,0.0,0.0,0.0,0.0,59.18650052623235,14.764069925039479,False,True,True,False,False,11.88294980145071,0,1.0984489745221941,0.8524429815708984,False,False,False,False,0.2178299007303504,0.25755862916145544,False,False,False,False,-314287,-572341.4278018264,False,False,False,False,71375.21756125218,False,False,False,False
2024-03-04 00:00:00+00:00,8.46,8.535,8.32,8.32,60927,,,,,,,,,,,,,,,,,,8.112316094942841,6.553130146102529,6.85838831356908,,7.022083226156658,6.635788936899627,,,"rgba(38, 166, 154, 0.5)",0.0,0.0,0.7083276332574009,7.228756405617242,1.7382402388010951,0.0,0.0,0.0,0.0,0.0,0.0,0.0,0.0,57.53812448308797,13.103856366044987,False,True,True,False,False,12.958463448053756,0,1.0959927764112465,0.8670330354640845,False,False,False,False,0.20255913271160936,0.2300588809365324,False,False,False,False,-253360,-559832.3522017547,False,False,False,False,70965.4835392423,False,False,False,False
2024-03-05 00:00:00+00:00,8.26,8.4916,8.19,8.48,29602,,,,,,,,,,,,,,,,,,8.114535560238625,6.558002634255282,6.8610562811735845,,7.027395049227542,6.63756496438724,,,#000000,0.0,0.0,0.7078331864357696,7.3072977886862445,1.345941712779817,0.0,0.0,0.0,0.0,0.0,0.0,0.0,0.0,54.22156816961468,9.90085558482754,False,True,False,False,False,10.262954102452838,0,1.0941871112374095,0.8796375232862871,False,False,False,False,0.16292058253908273,0.19648973173780757,False,False,False,False,-282962,-548974.6913310976,False,False,False,False,69343.38614554652,False,False,False,False
2024-03-06 00:00:00+00:00,8.34,8.4,8.23,8.4,35627,,,,,,,,,,,,,,,,,,8.11726661481503,6.563862621369051,6.864275167250039,,7.033776984736932,6.639709537535967,,,#000000,0.0,0.0,0.707584191024208,7.310257648270941,1.455293044688486,0.0,0.0,0.0,0.0,0.0,0.0,0.0,0.0,52.90509684665204,8.615190230200213,False,True,False,False,False,11.06269889985166,0,1.091178269125551,0.8870972932959992,False,False,False,False,0.13838706029554576,0.16743839601667665,False,False,False,False,-247335,-537145.6838279173,False,False,False,False,68021.17492415254,False,False,False,False
2024-03-07 00:00:00+00:00,8.93,9.32,8.55,8.59,222111,,,,,,,,,,,,,,,,,,8.178795146906603,6.611904152495178,6.892285606259111,,7.090358972255879,6.657757372637048,,,"rgba(38, 166, 154, 0.5)",0.0,0.0,0.7180828329343005,7.375121674172197,2.165318894303748,0.0,0.0,0.0,0.0,0.0,0.0,0.0,0.0,56.89221766108446,8.615190230200213,False,True,True,False,True,16.50122556746472,0,1.0767668808340405,0.8330706752333615,False,False,False,False,0.34282821197083446,0.25513330399375556,False,False,False,False,-25224,-517070.3236778029,False,False,False,False,74063.91316242107,False,False,False,False
2024-03-08 00:00:00+00:00,8.94,9.14,8.845,9.06,78967,,,,,,,,,,,,,,,,,,8.199580769001475,6.628816467124713,6.902261854049353,,7.1101084299699036,6.664221899484841,,,"rgba(38, 166, 154, 0.5)",0.0,0.0,0.7272515705358379,7.391093411133893,2.12980851691372,0.0,0.0,0.0,0.0,0.0,0.0,0.0,0.0,59.61402986686767,3.5106668440411397,False,True,True,False,True,16.587158020955776,0,1.0935443739976316,0.8483744772696612,False,False,False,False,0.3428282133248217,0.29898075865928864,False,False,False,False,53743,-494685.487455144,False,False,False,False,74256.19107762024,False,False,False,False
2024-03-11 00:00:00+00:00,8.89,8.99,8.82,8.95,106792,,,,,,,,,,,,,,,,,,8.223465546826446,6.650587741486169,6.91511960272661,,7.135119650318167,6.672625233197939,,,"rgba(38, 166, 154, 0.5)",0.0,0.0,0.7317977862770536,7.408642783507844,2.0242712457882797,0.0,0.0,0.0,0.0,0.0,0.0,0.0,0.0,60.79835972010599,4.628180513656609,False,True,True,False,True,15.905845791374738,1,1.0843028055901647,0.8706636444150893,False,False,False,False,0.3072805891714142,0.3031306739153514,False,False,False,False,-53049,-477366.40951572655,False,False,False,False,75532.1051530077,False,False,False,False
2024-03-12 00:00:00+00:00,8.59,8.83,8.33,8.83,123848,,,,,,,,,,,,,,,,,,8.237155824900208,6.671837560700766,6.927479041936622,,7.158214205744453,6.680917602185031,,,"rgba(38, 166, 154, 0.5)",0.0,0.0,0.7259776136324674,7.418257135672368,1.61402065618078,0.0,0.0,0.0,0.0,0.0,0.0,0.0,0.0,58.19932935424787,4.628180513656609,False,True,True,False,True,11.945929276877834,1,1.0389666386523913,0.8857529140936163,False,False,False,False,0.18090781335689793,0.24201924363612468,False,False,False,False,-176897,-465583.2954170707,False,False,False,False,77426.84612739956,False,False,False,False
2024-03-13 00:00:00+00:00,8.88,9.0,8.58,8.6,131777,,,,,,,,,,,,,,,,,,8.259830414767904,6.696677307693644,6.942281308553553,,7.185940727050515,6.690750047482364,,,"rgba(38, 166, 154, 0.5)",0.0,0.0,0.7293443927550551,7.435967513280426,1.9799048310563243,0.0,0.0,0.0,0.0,0.0,0.0,0.0,0.0,58.755819554703805,4.628180513656609,False,True,True,False,True,14.543617597882676,1,1.059051390204011,0.8701543714671025,False,False,False,False,0.26166579892777897,0.25184252128195184,False,False,False,False,-45120,-449094.5387340483,False,False,False,False,79558.22471063881,False,False,False,False
2024-03-14 00:00:00+00:00,8.94,8.996,8.765,8.87,77466,,,,,,,,,,,,,,,,,,8.274150952909267,6.7115556047523235,6.951243020963911,,7.202592605224789,6.696704529397773,,,"rgba(38, 166, 154, 0.5)",0.0,0.0,0.7363918610176039,7.4472812220425215,2.0270712605306667,0.0,0.0,0.0,0.0,0.0,0.0,0.0,0.0,59.557353229025765,4.628180513656609,False,True,True,False,True,15.064911018364025,1,1.0866627454918443,0.863055360293801,False,False,False,False,0.29434946747079493,0.2730959943763734,False,False,False,False,32346,-430214.5176072229,False,False,False,False,79476.17668277062,False,False,False,False
2024-03-15 00:00:00+00:00,8.91,9.1,8.8411,8.87,361881,,,,,,,,,,,,,,,,,,8.33809992188968,6.780009059061746,6.9930908994202285,,7.278454059297882,6.724722965771344,,,"rgba(38, 166, 154, 0.5)",0.0,0.0,0.7416607368929853,7.498915562072803,1.9026009706791365,0.0,0.0,0.0,0.0,0.0,0.0,0.0,0.0,59.737104536547555,4.628180513656609,False,True,True,False,True,14.670423526998988,1,1.0881711137517553,0.8676028951064058,False,False,False,False,0.3327163559577537,0.30290617516706353,False,False,False,False,-329535,-426266.3012304691,False,False,False,False,90550.87563638746,False,False,False,False
2024-03-18 00:00:00+00:00,8.95,9.125,8.8323,8.91,116662,,,,,,,,,,,,,,,,,,8.35676796957676,6.801376155731826,7.006336310469329,,7.301784200874342,6.73368233430113,,,"rgba(38, 166, 154, 0.5)",0.0,0.0,0.739358913927195,7.514504299522345,1.9415410748926305,0.0,0.0,0.0,0.0,0.0,0.0,0.0,0.0,60.1878219268818,4.698627686063375,False,True,True,False,True,15.027811694351882,1,1.0827702824768937,0.8722241893874247,False,False,False,False,0.3356715205221872,0.31928884784462536,False,False,False,False,-212873,-417897.93647633307,False,False,False,False,91574.8412977056,False,False,False,False
2024-03-19 00:00:00+00:00,9.24,9.24,8.71,8.75,94672,,,,,,,,,,,,,,,,,,8.37333369602356,6.819152063122684,7.01746505831496,,7.321292311967951,6.741204795824167,,,"rgba(38, 166, 154, 0.5)",0.0,0.0,0.7446747884415978,7.528164727570524,2.2987689377961655,0.0,0.0,0.0,0.0,0.0,0.0,0.0,0.0,62.63547500912301,7.304370062509143,False,False,True,False,True,17.54574388378951,1,1.0594012252585092,0.8908091180014864,False,False,False,False,0.3337909963661261,0.32653992210537575,False,False,False,False,-118201,-406145.11543804547,False,False,False,False,91696.29850171714,False,False,False,False
2024-03-20 00:00:00+00:00,9.45,9.48,9.1,9.13,91179,,,,,,,,,,,,,,,,,,8.394753008495046,6.838113295027334,7.029521356391504,,7.342631413071687,6.749271992117123,,,"rgba(38, 166, 154, 0.5)",0.0,0.0,0.7547814670903502,7.544911794965316,2.524026209041295,0.0,0.0,0.0,0.0,0.0,0.0,0.0,0.0,65.52816698344603,10.213874852908795,False,False,True,False,True,19.274537062026138,0,1.0612715176294667,0.8914131746043211,False,False,False,False,0.34282821154086074,0.33468406682311824,False,False,False,False,-27022,-391277.54228361236,False,False,False,False,91676.01228596353,False,False,False,False
2024-03-21 00:00:00+00:00,9.65,9.8,9.43,9.46,89116,,,,,,,,,,,,,,,,,,8.420778670582335,6.858437283696415,7.042612912327486,,7.365949517767277,6.75796440236293,,,"rgba(38, 166, 154, 1.0)",0.0,0.0,0.7704427883302489,7.564550212604361,2.7068197911429013,0.0,0.0,0.0,0.0,0.0,0.0,0.0,0.0,68.49675054071325,13.094371239638562,True,False,True,False,True,20.0,0,1.0871675613802496,0.8671911789209824,False,False,False,False,0.3428282183297632,0.3387561425764407,False,False,False,False,62094,-373498.2661156276,False,False,False,False,91575.6196472983,False,False,False,False
2024-03-22 00:00:00+00:00,9.31,9.7225,9.24,9.64,45750,,,,,,,,,,,,,,,,,,8.431544338274369,6.8680016079339365,7.04875998579623,,7.3766806808881284,6.7620929402296515,,,"rgba(38, 166, 154, 1.0)",0.0,0.0,0.771960812150134,7.572947381144141,2.2501823816906787,0.0,0.0,0.0,0.0,0.0,0.0,0.0,0.0,66.28201536596987,13.094371239638562,True,False,True,False,True,16.35535068113152,0,1.0840675946026475,0.8477773521190707,False,False,False,False,0.29528456933621605,0.3170203559563284,False,False,False,False,16344,-358210.3341110932,False,False,False,False,89778.53652387483,False,False,False,False
2024-03-25 00:00:00+00:00,9.3,9.46,9.2201,9.3,97550,,,,,,,,,,,,,,,,,,8.4515652194807,6.887390213529866,7.0612281599228295,,7.398120900783316,6.77053267180714,,,"rgba(38, 166, 154, 0.5)",0.0,0.0,0.7719860195718661,7.588981830416349,2.216384916572143,0.0,0.0,0.0,0.0,0.0,0.0,0.0,0.0,64.69339087844321,13.094371239638562,False,False,True,False,False,16.226752509956274,0,1.0955119844341334,0.8642263037482092,False,False,False,False,0.24645911699177628,0.2817397364740523,False,False,False,False,-81206,-347347.41904791305,False,False,False,False,90083.29979744837,False,False,False,False
2024-03-26 00:00:00+00:00,9.62,9.62,9.29,9.34,59061,,,,,,,,,,,,,,,,,,8.46570624252793,6.8998519905535645,7.069316243094392,,7.412086239548455,6.775979993349246,,,"rgba(38, 166, 154, 0.75)",0.0,0.0,0.772890141722076,7.599989434080399,2.6135804519628314,0.0,0.0,0.0,0.0,0.0,0.0,0.0,0.0,65.69554652549286,13.094371239638562,True,False,True,False,False,18.809532149385014,0,1.0831216972389446,0.8648688799439725,False,False,False,False,0.28610997535097876,0.28392485591251554,False,False,False,False,-22145,-334594.3830068184,False,False,False,False,88866.73902107785,False,False,False,False
2024-03-27 00:00:00+00:00,9.61,9.69,9.47,9.65,57528,,,,,,,,,,,,,,,,,,8.480149320624534,6.912245535057698,7.077399737956553,,7.426024648815176,6.78141978414825,,,"rgba(38, 166, 154, 0.75)",0.0,0.0,0.7765425102789094,7.61113937040605,2.574051778409429,0.0,0.0,0.0,0.0,0.0,0.0,0.0,0.0,66.23968847906306,13.094371239638562,True,False,True,False,False,18.678260654630197,0,1.1002398722557136,0.8512229264415199,False,False,False,False,0.3302500062907003,0.3070874311016079,False,False,False,False,-79673,-324597.4660261589,False,False,False,False,87637.76886338853,False,False,False,False
2024-03-28 00:00:00+00:00,9.56,9.75,9.49,9.71,51936,,,,,,,,,,,,,,,,,,8.492988033843899,6.92337810938437,7.084681943528706,,7.438513265341863,6.786330189794882,,,"rgba(38, 166, 154, 0.75)",0.0,0.0,0.7767698883578454,7.621080370695424,2.496131297524432,0.0,0.0,0.0,0.0,0.0,0.0,0.0,0.0,65.9442895431968,13.094371239638562,True,False,True,False,False,18.014186495322306,0,1.1079695456223573,0.8422251478486197,False,False,False,False,0.3428282177945005,0.3249578244480542,False,False,False,False,-131609,-317029.29088787816,False,False,False,False,86237.69949619682,False,False,False,False
2024-04-01 00:00:00+00:00,9.67,9.76,9.4733,9.58,43466,,,,,,,,,,,,,,,,,,8.503836054255926,6.932743430836303,7.090827278009766,,7.449020161705253,6.790476779893101,,,"rgba(38, 166, 154, 0.75)",0.0,0.0,0.7775221210027721,7.629467839539496,2.6244039948713294,0.0,0.0,0.0,0.0,0.0,0.0,0.0,0.0,66.5126605558429,13.094371239638562,True,False,True,False,False,18.906842751517306,0,1.1097749276652569,0.849766303138215,False,False,False,False,0.34154648244557284,0.3332521534468135,False,False,False,False,-88143,-308053.3579118829,False,False,False,False,84560.37794732636,False,False,False,False
2024-04-02 00:00:00+00:00,9.64,9.69,9.46,9.65,42066,,,,,,,,,,,,,,,,,,8.513795921563533,6.94161985503607,7.096658648463857,,7.458919264862312,6.794425192151085,,,"rgba(38, 166, 154, 0.75)",0.0,0.0,0.7718195419950227,7.637247405443439,2.5948456673949787,0.0,0.0,0.0,0.0,0.0,0.0,0.0,0.0,66.45202238192333,13.094371239638562,True,False,True,False,False,18.499248439801246,0,1.100711229649386,0.8590042784908596,False,False,False,False,0.3247182193865924,0.32898518641670293,False,False,False,False,-130209,-301079.0693663189,False,False,False,False,82893.93175331356,False,False,False,False
2024-04-03 00:00:00+00:00,9.71,9.79,9.55,9.55,40316,,,,,,,,,,,,,,,,,,8.523922997979,6.950347557518047,7.10241487534347,,7.468702457830642,6.798315644816146,,,"rgba(38, 166, 154, 0.75)",0.0,0.0,0.7734402613245832,7.64507357256304,2.6697943340841817,0.0,0.0,0.0,0.0,0.0,0.0,0.0,0.0,66.94634276998852,13.094371239638562,True,False,True,False,False,19.077172408901156,0,1.10008740026502,0.8787673743268769,False,False,False,False,0.34282821501033073,0.3359067007135168,False,False,False,False,-89893,-292797.2627245025,False,False,False,False,81224.20893945813,False,False,False,False
2024-04-04 00:00:00+00:00,9.53,9.85,9.45,9.78,65474,,,,,,,,,,,,,,,,,,8.53898411961951,6.96402657114922,7.111444641511902,,7.483888425676094,6.804451507333931,,,"rgba(38, 166, 154, 0.75)",1.0,9.85,0.7719826586298603,7.787022474391414,2.257793625445005,0.0,0.0,0.0,0.0,0.0,0.0,0.0,0.0,64.58642642356516,13.094371239638562,True,False,True,False,False,16.61823875788663,0,1.0737771096077282,0.8816782204404353,False,True,False,False,0.3349674838470035,0.33543709228026014,False,False,False,False,-155367,-287407.84065687493,False,False,False,False,80606.55368693036,False,False,False,False
2024-04-05 00:00:00+00:00,9.55,9.6,9.41,9.46,33171,,,,,,,,,,,,,,,,,,8.545828307056249,6.970669288336515,7.115830711471369,,7.491177948570943,6.807450506997173,,,"rgba(38, 166, 154, 0.5)",0.0,0.0,0.7719286714936014,7.790868953541711,2.2788777142511814,0.0,0.0,0.0,0.0,0.0,0.0,0.0,0.0,63.20456100343736,13.094371239638562,False,False,True,False,False,16.790737553045275,0,1.0827628773426101,0.8926888115811917,False,False,False,False,0.279089420108356,0.30726325619430805,False,False,False,False,-122196,-280928.9449448406,False,False,False,False,78746.33589528603,False,False,False,False
2024-04-08 00:00:00+00:00,9.42,9.5,9.355,9.44,29227,,,,,,,,,,,,,,,,,,8.551199660633337,6.976276601792726,7.119529879808889,,7.497258905291552,6.809995092437641,,,"rgba(38, 166, 154, 0.5)",0.0,0.0,0.7671884319318776,7.793417485700834,2.1201864452038532,0.0,0.0,0.0,0.0,0.0,0.0,0.0,0.0,60.41350205289572,14.556456271196481,False,False,True,False,False,15.026462314441492,0,1.0779567625312754,0.8882516656827188,False,False,False,False,0.24992575894264413,0.2785945075684761,False,False,False,False,-151423,-275850.28043719986,False,False,False,False,76804.40115429444,False,False,False,False
2024-04-09 00:00:00+00:00,9.35,9.5,9.3,9.5,41710,,,,,,,,,,,,,,,,,,8.558392310111605,6.984099187614113,7.124693464001104,,7.505684985984765,6.813560201909616,,,"rgba(38, 166, 154, 0.5)",0.0,0.0,0.7606702118337321,7.797310777419945,2.0412120764358823,0.0,0.0,0.0,0.0,0.0,0.0,0.0,0.0,57.60042941960962,11.901713246921346,False,True,True,False,False,14.085648175310833,0,1.067423305989437,0.8925441060793345,False,False,False,False,0.23967903744564426,0.2591367725070602,False,False,False,False,-193133,-272606.46551809396,False,False,False,False,75428.15012863584,False,False,False,False
2024-04-10 00:00:00+00:00,9.15,9.4,8.35,9.2,82372,,,,,,,,,,,,,,,,,,8.565244611413519,6.99674227063896,7.132953527052215,,7.518462197710312,6.819435018556122,,,#000000,-1.0,7.908,0.7506127947001514,7.89064255369526,1.6777724216755698,0.0,0.0,0.0,0.0,0.0,0.0,0.0,0.0,53.28710844956778,7.938306702104185,False,True,False,False,False,11.451665609093165,1,1.007911183776799,0.8938582843279447,False,False,False,False,0.05088872309040223,0.1550127477987312,False,False,False,False,-275505,-272720.13353699225,False,False,False,False,75700.45796672854,False,False,False,False
2024-04-11 00:00:00+00:00,9.34,9.39,9.0,9.1,55240,,,,,,,,,,,,,,,,,,8.572791780893867,7.006309137991506,7.139281005147564,,7.528519519675249,6.823862159241424,,,#000000,0.0,0.0,0.745761307609836,7.9017968934259155,1.928503251507541,0.0,0.0,0.0,0.0,0.0,0.0,0.0,0.0,52.77640738641719,7.583960238051709,False,True,False,False,False,13.22232188483693,1,1.0539017040731502,0.8947942643391518,False,False,False,False,0.16468192479662191,0.15984733629767656,False,False,False,False,-220265,-270663.069476718,False,False,False,False,74898.08706607252,False,False,False,False
2024-04-12 00:00:00+00:00,9.05,9.24,8.93,9.21,35251,,,,,,,,,,,,,,,,,,8.576321838449454,7.011910975140253,7.142974401100716,,7.534246249098979,6.826480952643587,,,"rgba(239, 83, 80, 1.0)",0.0,0.0,0.7361458433644162,7.903806457259622,1.557019649125392,0.0,0.0,0.0,0.0,0.0,0.0,0.0,0.0,49.38035543436541,4.445949063276984,False,True,False,True,False,9.553067838101828,1,1.0402597070627029,0.901587382735615,False,False,False,False,0.1252345620053151,0.14254094915149584,False,False,False,False,-255516,-270069.0667521408,False,False,False,False,73343.29933799124,False,False,False,False
2024-04-15 00:00:00+00:00,9.19,9.31,8.85,9.0,92392,,,,,,,,,,,,,,,,,,8.586128500489844,7.026755818049805,7.1528039075090835,,7.549473308052625,6.833447719744447,,,"rgba(239, 83, 80, 1.0)",0.0,0.0,0.7282064849235346,7.911659029869298,1.7554649630247847,0.0,0.0,0.0,0.0,0.0,0.0,0.0,0.0,48.76154824535894,3.9171931901047827,False,True,False,True,False,10.867035199890523,1,1.035762461963171,0.8983530445148538,False,False,False,False,0.12345158364597855,0.13299626639873718,False,False,False,False,-163124,-265875.14256578236,False,False,False,False,74090.30720708962,False,False,False,False
2024-04-16 00:00:00+00:00,9.31,9.85,9.0067,9.1,102038,,,,,,,,,,,,,,,,,,8.601902831463061,7.045013183935018,7.165035644497961,,7.568815834173487,6.842004282177871,,,#000000,0.0,0.0,0.7233897931217985,8.043172440330487,1.7512378135755855,0.0,0.0,0.0,0.0,0.0,0.0,0.0,0.0,49.66055637112403,3.9171931901047827,False,True,False,False,False,11.973770457230067,1,1.0437723620330326,0.8704959703164715,False,True,False,False,0.25024328595314804,0.1916197761759426,False,False,False,False,-61086,-257844.19579849677,False,False,False,False,75186.29515975277,False,False,False,False
2024-04-17 00:00:00+00:00,9.1,9.31,9.01,9.31,31775,,,,,,,,,,,,,,,,,,8.605175439315094,7.050043468931765,7.168394113924542,,7.573943994784771,6.844397883335347,,,"rgba(239, 83, 80, 1.0)",0.0,0.0,0.7152426161799966,8.042626661989857,1.4783421933908452,0.0,0.0,0.0,0.0,0.0,0.0,0.0,0.0,48.09639317185422,3.229573724018792,False,True,False,True,False,9.37372103119981,1,1.0479062016712024,0.9016939805545897,False,False,False,False,0.14881786113229123,0.17021881865411692,False,False,False,False,-92861,-251374.2665514969,False,False,False,False,73483.89142799776,False,False,False,False
2024-04-18 00:00:00+00:00,8.94,9.17,8.74,9.17,67129,,,,,,,,,,,,,,,,,,8.609549769010204,7.059632663264063,7.17477176788842,,7.583367465792027,6.849021149217362,,,"rgba(239, 83, 80, 1.0)",0.0,0.0,0.7033786416387121,8.037688107810322,1.2828252647642193,0.0,0.0,0.0,0.0,0.0,0.0,0.0,0.0,45.62058504365269,0.8058938878192237,False,True,False,True,False,7.457273693564016,1,1.0260835804037838,0.9105840274836461,False,False,False,False,0.06866725797847079,0.11944303831629385,False,False,False,False,-159990,-247790.56982398723,False,False,False,False,73234.67999944882,False,False,False,False
2024-04-19 00:00:00+00:00,9.08,9.1,8.86,8.89,46920,,,,,,,,,,,,,,,,,,8.613098523906215,7.066500420901683,7.179360471884356,,7.590179463178772,6.85233760564471,,,"rgba(239, 83, 80, 1.0)",0.0,0.0,0.6909154913708497,8.03812910948236,1.5079570562970834,0.0,0.0,0.0,0.0,0.0,0.0,0.0,0.0,45.63654361002212,0.7153461807161747,False,True,False,True,False,8.799824728284598,1,1.0309774857971148,0.9181726790264887,False,False,False,False,0.07352543352807521,0.09648423592218452,False,False,False,False,-113070,-242507.41022304655,False,False,False,False,72202.73176417632,False,False,False,False
2024-04-22 00:00:00+00:00,9.12,9.36,9.07,9.11,54030,,,,,,,,,,,,,,,,,,8.618811795208437,7.075034684046225,7.185103412007753,,7.598871221145184,6.856443494402094,,,"rgba(239, 83, 80, 1.0)",0.0,0.0,0.6782937523038386,8.043495887593874,1.5870765560640312,0.0,0.0,0.0,0.0,0.0,0.0,0.0,0.0,46.11443078656143,0.7153461807161747,False,True,False,True,False,9.181248483093821,1,1.0416797096912567,0.9060670353494948,False,False,False,False,0.15563037961904327,0.1260573077706139,False,False,False,False,-59040,-235312.60982214275,False,False,False,False,71490.07561656156,False,False,False,False
2024-04-23 00:00:00+00:00,9.24,9.28,9.05,9.07,41472,,,,,,,,,,,,,,,,,,8.623170959401996,7.081559388365884,7.189503893262033,,7.605506518202463,6.859594268403316,,,"rgba(239, 83, 80, 0.75)",0.0,0.0,0.6714501718916603,8.047635021804545,1.7758056042136885,0.0,0.0,0.0,0.0,0.0,0.0,0.0,0.0,47.817302955506534,0.7153461807161747,False,True,False,True,True,10.322024015094932,1,1.037505914394193,0.9157559461299666,False,False,False,False,0.1341619980205889,0.1301096528956014,False,False,False,False,-17568,-226773.6055153921,False,False,False,False,70312.89618061797,False,False,False,False
2024-04-24 00:00:00+00:00,8.93,9.1991,8.81,9.15,74819,,,,,,,,,,,,,,,,,,8.62801309683744,7.092065269063374,7.1965646205053275,,7.615767873335229,6.8647460419940876,,,"rgba(239, 83, 80, 0.75)",0.0,0.0,0.6659971863696267,8.04926084668693,1.3224367479898949,0.0,0.0,0.0,0.0,0.0,0.0,0.0,0.0,45.8397467516443,0.5786134988807916,False,True,False,True,True,6.594127628267934,1,1.0182024574173156,0.9281256773869689,False,False,False,False,0.07100579472085101,0.1005577238082262,False,False,False,False,-92387,-221503.54255400418,False,False,False,False,70489.60613431923,False,False,False,False
2024-04-25 00:00:00+00:00,8.82,8.896,8.76,8.8,31210,,,,,,,,,,,,,,,,,,8.629124680682242,7.096057817057891,7.199239943242005,,7.61952380269477,6.866731347322742,,,"rgba(239, 83, 80, 1.0)",0.0,0.0,0.6627971031922266,8.048533037591493,1.1639564486520748,0.0,0.0,0.0,0.0,0.0,0.0,0.0,0.0,43.59388266736356,-1.645575091368201,False,True,False,True,False,5.323408035304439,1,1.018587126799538,0.938201090871668,False,False,False,False,-0.05868267191334235,0.020937525947441922,False,False,False,False,-123597,-217664.07029698443,False,False,False,False,68949.22942316945,False,False,False,False
2024-04-26 00:00:00+00:00,8.95,9.1399,8.815,8.85,16710,,,,,,,,,,,,,,,,,,8.630144608873218,7.09836400041791,7.20079433418829,,7.621762468074238,6.867870106780149,,,"rgba(239, 83, 80, 1.0)",0.0,0.0,0.6564499939786747,8.049049474631616,1.3724587304934175,0.0,0.0,0.0,0.0,0.0,0.0,0.0,0.0,43.710355259485915,-1.645575091368201,False,True,False,True,False,6.60787085728451,1,1.0203836860644524,0.951978108352013,False,False,False,False,-0.007330782436342422,0.00680337175554975,False,False,False,False,-106887,-213319.87146180857,False,False,False,False,66900.63219088831,False,False,False,False
2024-04-29 00:00:00+00:00,8.94,9.08,8.81,8.99,51687,,,,,,,,,,,,,,,,,,8.633030868895592,7.105366841542605,7.205517425321932,,7.628512730647609,6.871342916858333,,,"rgba(239, 83, 80, 1.0)",0.0,0.0,0.646632385085567,8.050411480579148,1.3757252806061273,0.0,0.0,0.0,0.0,0.0,0.0,0.0,0.0,43.69013233233538,-1.8590088148221895,False,True,False,True,False,6.489955792925862,1,0.9885591852308414,0.974470957705967,False,False,False,False,-0.023140683671977108,-0.008168655958213679,False,False,False,False,-158574,-211172.97454173767,False,False,False,False,66304.01916379466,False,False,False,False
2024-04-30 00:00:00+00:00,8.75,8.94,8.66,8.89,49352,,,,,,,,,,,,,,,,,,8.634341903202358,7.111426117409209,7.209590300223066,,7.634117467864762,6.874392790338576,,,"rgba(239, 83, 80, 1.0)",0.0,0.0,0.6361294275921029,8.125925910072429,0.98104892315678,0.0,0.0,0.0,0.0,0.0,0.0,0.0,0.0,41.893779044526255,-3.769720810462708,False,True,False,True,False,4.269356968550937,1,0.9678592094265625,0.9828453863733334,False,False,False,False,-0.09404009369542815,-0.05110437482682091,False,False,False,False,-207926,-211045.64220676757,False,False,False,False,65639.23409854781,False,False,False,False
2024-05-01 00:00:00+00:00,9.12,9.25,8.67,8.67,87797,,,,,,,,,,,,,,,,,,8.640133053478504,7.123566172529374,7.217835563540669,,7.64592377999539,6.880445350000817,,,"rgba(239, 83, 80, 0.75)",0.0,0.0,0.6287933532418175,8.138036713035646,1.561662956361938,0.0,0.0,0.0,0.0,0.0,0.0,0.0,0.0,44.972152222161455,-3.769720810462708,False,True,False,True,True,7.902594549975834,1,0.977916243523762,0.9607036507909187,False,False,False,False,-0.015831604032036494,-0.033467989429428704,False,False,False,False,-120129,-207480.28368885515,False,False,False,False,66508.16609468318,False,False,False,False
2024-05-02 00:00:00+00:00,9.24,9.45,8.9,9.32,111898,,,,,,,,,,,,,,,,,,8.650764513253264,7.140295385510361,7.22929750983877,,7.662659791675224,6.888768727915061,,,#000000,0.0,0.0,0.6196007723664694,8.155459392563426,1.750386145088779,0.0,0.0,0.0,0.0,0.0,0.0,0.0,0.0,48.14927576530228,-6.4259546566882335,False,True,False,False,True,9.024159857021079,1,1.0116606307315328,0.9388882887697495,False,False,False,False,0.08912821723822471,0.027830113904398004,False,False,False,False,-8231,-199666.5862892922,False,False,False,False,68288.1595811662,False,False,False,False
2024-05-03 00:00:00+00:00,9.45,9.7699,9.35,9.45,71779,,,,,,,,,,,,,,,,,,8.661327097676427,7.152567314168423,7.237789469984574,,7.675452233224944,6.8948276873597285,,,#000000,0.0,0.0,0.6097969829052691,8.28758923629847,1.9062258362831364,0.0,0.0,0.0,0.0,0.0,0.0,0.0,0.0,52.046701221718976,-2.852664702648177,False,True,False,False,True,10.936398810663789,1,1.0293860876378087,0.9101908332866977,False,False,False,False,0.28377602672890945,0.15580307031665372,False,False,False,False,63548,-189344.44565049643,False,False,False,False,68425.05528386557,False,False,False,False
2024-05-06 00:00:00+00:00,8.95,9.4,8.95,9.4,80442,,,,,,,,,,,,,,,,,,8.667198759666658,7.163742033200671,7.245483082647972,,7.68634454512961,6.900496665318576,,,#000000,0.0,0.0,0.5973710272051642,8.281003995524456,1.1199003199158837,0.0,0.0,0.0,0.0,0.0,0.0,0.0,0.0,49.956239283544065,-2.852664702648177,False,True,False,False,True,5.283050650497469,1,1.0030502657218778,0.9330214791851197,False,False,False,False,0.08912821723822471,0.12246564377743921,False,False,False,False,-16894,-182581.68307596716,False,False,False,False,68896.30801783163,False,False,False,False
2024-05-07 00:00:00+00:00,8.8,9.05,8.77,8.99,60719,,,,,,,,,,,,,,,,,,8.669260562117746,7.1711148122618384,7.250543723405228,,7.693155878199107,6.904317455651572,,,#000000,0.0,0.0,0.5845561032423209,8.27398001992903,0.899862266689763,0.0,0.0,0.0,0.0,0.0,0.0,0.0,0.0,47.464214605267344,-2.852664702648177,False,True,False,False,False,3.6981992219148054,1,0.9815421075837741,0.9583939594356261,False,False,False,False,-0.04020617414912951,0.04112973481415485,False,False,False,False,-77613,-178465.2641318116,False,False,False,False,68575.6292720343,False,False,False,False
2024-05-08 00:00:00+00:00,9.07,9.09,8.74,8.78,75950,,,,,,,,,,,,,,,,,,8.67293549504963,7.180748744424974,7.257191204291776,,7.702231683517787,6.909301439635175,,,#000000,0.0,0.0,0.5810804785247322,8.272976519812355,1.3716232254285277,0.0,0.0,0.0,0.0,0.0,0.0,0.0,0.0,48.194734269989794,-2.852664702648177,False,True,False,False,False,6.19304362998934,1,0.9756272597786786,0.9630272816916842,False,False,False,False,-0.03776704515805556,0.001681344828049644,False,False,False,False,-1663,-171531.84200899547,False,False,False,False,68864.82028097413,False,False,False,False
2024-05-09 00:00:00+00:00,9.33,9.37,8.965,8.99,57286,,,,,,,,,,,,,,,,,,8.678002495839511,7.188974918147064,7.262914010223967,,7.710355445125114,6.913508712498596,,,#000000,0.0,0.0,0.577633787786693,8.279595542303673,1.8184609001511833,0.0,0.0,0.0,0.0,0.0,0.0,0.0,0.0,50.64045940779201,-2.852664702648177,False,True,False,False,True,8.4801060801592,1,0.9839082695716079,0.9478882981022784,False,False,False,False,0.08544717239010581,0.04356425860907773,False,False,False,False,55623,-162623.80898903488,False,False,False,False,68410.74889740652,False,False,False,False
2024-05-10 00:00:00+00:00,9.15,9.29,9.09,9.27,34296,,,,,,,,,,,,,,,,,,8.680744071326146,7.193759782492876,7.2662458677302775,,7.715033962781447,6.915971241061893,,,#000000,0.0,0.0,0.5682759448978633,8.282690983161128,1.526211032907181,0.0,0.0,0.0,0.0,0.0,0.0,0.0,0.0,50.75991347611133,-2.852664702648177,False,True,False,False,True,6.564871761511007,1,0.9942915913889554,0.9556550793408937,False,False,False,False,0.09649764116882988,0.07003094988895381,False,False,False,False,21327,-155410.0517737786,False,False,False,False,67072.91560731214,False,False,False,False
2024-05-13 00:00:00+00:00,9.03,9.19,9.03,9.15,21539,,,,,,,,,,,,,,,,,,8.682129356982887,7.19661218217127,7.268230517642768,,7.717770339705655,6.917451314525468,,,#000000,0.0,0.0,0.5611314181798043,8.283788414669512,1.3298339054887443,0.0,0.0,0.0,0.0,0.0,0.0,0.0,0.0,49.87939210584328,-2.852664702648177,False,True,False,False,True,5.311444814711475,1,1.0033092162498485,0.9485226909819728,False,False,False,False,0.057295056140574174,0.06366300301476399,False,False,False,False,-212,-149323.853665003,False,False,False,False,65287.271858005784,False,False,False,False
2024-05-14 00:00:00+00:00,8.5,9.09,8.32,9.09,110781,,,,,,,,,,,,,,,,,,8.681338763493974,7.2077066480811505,7.27587484911868,,7.727125620772081,6.92346857933858,,,"rgba(239, 83, 80, 1.0)",0.0,0.0,0.5521612572918024,8.272164141344296,0.4126255792975683,0.0,0.0,0.0,0.0,0.0,0.0,0.0,0.0,45.83876930301678,1.3364436161719127,False,True,False,True,False,0.10957228017394272,1,0.9628721335299523,0.9492477185783589,False,False,False,False,-0.1409632286439603,-0.03865011281459815,False,False,False,False,-110993,-147820.6829330421,False,False,False,False,67071.33962828007,False,False,False,False
2024-05-15 00:00:00+00:00,8.32,8.71,8.3,8.55,80817,,,,,,,,,,,,,,,,,,8.678357176612277,7.214612513919601,7.28061320425455,,7.732405853561063,6.927339406230124,,,"rgba(239, 83, 80, 1.0)",0.0,0.0,0.5434267979081404,8.260903279526838,0.10874826324474313,0.0,0.0,0.0,0.0,0.0,0.0,0.0,0.0,42.20798861499412,-2.0770913716410746,False,True,False,True,False,0.0,1,0.9689292847732779,0.9674206366070289,False,False,False,False,-0.2420741180320893,-0.14036211542334373,False,False,False,False,-191810,-149545.75419056986,False,False,False,False,67610.3851330534,False,False,False,False
2024-05-16 00:00:00+00:00,8.34,8.3899,8.2,8.31,90861,,,,,,,,,,,,,,,,,,8.673240714486798,7.2214522576119675,7.2852889216390775,,7.737153754645562,6.9312870408654685,,,"rgba(239, 83, 80, 1.0)",0.0,0.0,0.5342132381210654,8.297707055314108,0.0791686571352007,0.0,0.0,0.0,0.0,0.0,0.0,0.0,0.0,39.98300935962973,-4.124538397617393,False,True,False,True,False,0.0,0,0.9615329509092743,0.9795804655951009,False,False,False,False,-0.34282825441539394,-0.24159518491936882,False,False,False,False,-100949,-147639.999124273,False,False,False,False,68522.17395136502,False,False,False,False
2024-05-17 00:00:00+00:00,8.38,8.52,8.35,8.41,81972,,,,,,,,,,,,,,,,,,8.670065637966786,7.228147701944665,7.289906383032502,,7.742156180590752,6.9351033195335425,,,"rgba(239, 83, 80, 1.0)",0.0,0.0,0.5220849401052429,8.29186368264968,0.1688160499947652,0.0,0.0,0.0,0.0,0.0,0.0,0.0,0.0,38.917708336943235,-5.141457293636996,False,True,False,True,False,0.0,0,0.9614900774188543,1.0169080117707694,False,False,False,False,-0.2690906161015651,-0.25534290051046693,False,False,False,False,-18977,-142594.391315478,False,False,False,False,69049.61811013502,False,False,False,False
2024-05-20 00:00:00+00:00,8.5,8.755,8.3542,8.38,61881,,,,,,,,,,,,,,,,,,8.66882850963221,7.233656846584551,7.293734996309503,,7.746545747841135,6.938203055518568,,,"rgba(239, 83, 80, 1.0)",0.0,0.0,0.5109537804594231,8.290669821764089,0.40968515400295524,0.0,0.0,0.0,0.0,0.0,0.0,0.0,0.0,39.478541816168814,-5.141457293636996,False,True,False,True,False,0.19017742219844536,0,0.9456929561169115,0.9939450703837358,False,False,False,False,-0.20833528047325522,-0.23183909049186108,False,False,False,False,42904,-135319.94459722395,False,False,False,False,68768.4958313062,False,False,False,False
2024-05-21 00:00:00+00:00,8.79,8.79,8.49,8.49,36659,,,,,,,,,,,,,,,,,,8.668943959906173,7.237280925100227,7.296271018583708,,7.749624625282251,6.940209661980422,,,"rgba(239, 83, 80, 0.75)",0.0,0.0,0.49593166486546003,8.292197536319346,1.0037722915226648,0.0,0.0,0.0,0.0,0.0,0.0,0.0,0.0,42.58867633421246,-5.141457293636996,False,True,False,True,True,2.892801574259508,0,0.9548754136921856,0.9838680561253795,False,False,False,False,-0.165887126619462,-0.19886310855566153,False,False,False,False,79563,-126893.16245615635,False,False,False,False,67509.29991635302,False,False,False,False
2024-05-22 00:00:00+00:00,8.78,8.82,8.66,8.79,50997,,,,,,,,,,,,,,,,,,8.669579310190922,7.242511040587724,7.299943261608946,,7.754160657380578,6.943094214179538,,,"rgba(239, 83, 80, 0.75)",0.0,0.0,0.48100821292459434,8.29504138710012,1.0082127495313766,0.0,0.0,0.0,0.0,0.0,0.0,0.0,0.0,44.57726070792252,-5.141457293636996,False,True,False,True,True,2.7939124413391383,0,0.9941332736780293,0.9762366824193953,False,False,False,False,-0.11691357575177488,-0.15788834215371822,False,False,False,False,28566,-120796.72471277766,False,False,False,False,66861.7587431627,False,False,False,False
2024-05-23 00:00:00+00:00,8.63,8.82,8.58,8.74,49949,,,,,,,,,,,,,,,,,,8.669631190331284,7.2473406336301505,7.303333353054568,,7.758226042389947,6.945791325888883,,,"rgba(239, 83, 80, 0.75)",0.0,0.0,0.46581158469111045,8.29576680601452,0.7175287282885383,0.0,0.0,0.0,0.0,0.0,0.0,0.0,0.0,44.62076725079774,-5.141457293636996,False,True,False,True,True,1.311039979294577,0,0.9754300725968191,0.985599276856586,False,False,False,False,-0.13642316699894239,-0.1471557545763303,False,False,False,False,-21383,-116898.1472730609,False,False,False,False,66198.51330225437,False,False,False,False
2024-05-24 00:00:00+00:00,8.61,8.72,8.54,8.69,30103,,,,,,,,,,,,,,,,,,8.669427838073345,7.25012760715232,7.305289392403919,,7.760517614388492,6.947362796623426,,,"rgba(239, 83, 80, 0.75)",0.0,0.0,0.45129343643108427,8.29551332278858,0.6968563063944411,0.0,0.0,0.0,0.0,0.0,0.0,0.0,0.0,44.478600754810756,-5.141457293636996,False,True,False,True,True,1.1136462397346065,0,0.9626108388339613,0.9909969120938271,False,False,False,False,-0.1708242956646222,-0.15899002512047625,False,False,False,False,-51486,-114332.96502705851,False,False,False,False,64783.00297667577,False,False,False,False
2024-05-28 00:00:00+00:00,8.74,8.88,8.61,8.61,50490,,,,,,,,,,,,,,,,,,8.669968309532145,7.255183048739942,7.308854669977972,,7.764864778143875,6.9501801794945175,,,"rgba(239, 83, 80, 0.75)",0.0,0.0,0.43507244918064797,8.29720313075044,1.0177543305338221,0.0,0.0,0.0,0.0,0.0,0.0,0.0,0.0,45.79556154607545,-9.522886187886542,False,True,False,True,True,2.359909126889029,0,0.9622889369557093,0.9878316704981711,False,False,False,False,-0.11448139343919472,-0.13673570927983547,False,False,False,False,-996,-109888.3781632523,False,False,False,False,64222.49305602182,False,False,False,False
2024-05-29 00:00:00+00:00,8.59,8.77,8.57,8.68,48787,,,,,,,,,,,,,,,,,,8.669781418265867,7.259709483156832,7.312043948166834,,7.768603357970582,6.952742797293925,,,"rgba(239, 83, 80, 0.75)",0.0,0.0,0.4230486948309967,8.297021485214966,0.6925408785437231,0.0,0.0,0.0,0.0,0.0,0.0,0.0,0.0,45.25517468889418,-9.522886187886542,False,True,False,True,True,0.8535001882163584,0,0.960313981750807,0.9954519322172828,False,False,False,False,-0.15112259371407316,-0.14392915149695432,False,False,False,False,-49783,-107531.30450979143,False,False,False,False,63617.179602844495,False,False,False,False
2024-05-30 00:00:00+00:00,8.48,8.65,8.41,8.65,38853,,,,,,,,,,,,,,,,,,8.668912042953515,7.262956474404818,7.314325987140008,,7.771118892495727,6.954621568313893,,,"rgba(239, 83, 80, 0.75)",0.0,0.0,0.41489918454167274,8.295257448456896,0.44527094394553773,0.0,0.0,0.0,0.0,0.0,0.0,0.0,0.0,43.92036949645306,-9.522886187886542,False,True,False,True,True,0.0,0,0.9574658957396444,1.0089767853732226,False,False,False,False,-0.22069471734301102,-0.18231193441998267,False,False,False,False,-88636,-106790.31217607412,False,False,False,False,62646.03530469374,False,False,False,False
2024-05-31 00:00:00+00:00,8.55,8.55,8.3961,8.45,39235,,,,,,,,,,,,,,,,,,8.667962212338077,7.266180191177165,7.316593663442885,,7.773592228425394,6.956496457822309,,,"rgba(239, 83, 80, 0.75)",0.0,0.0,0.39983104539902437,8.293418445676014,0.6417249417636456,0.0,0.0,0.0,0.0,0.0,0.0,0.0,0.0,43.89758970511861,-9.522886187886542,False,True,False,True,True,0.45925299425781674,0,0.9332152617318995,1.0290350578824523,False,False,False,False,-0.24957074588264908,-0.21594134015131589,False,False,False,False,-49401,-104539.7509142673,False,False,False,False,61727.9554888234,False,False,False,False
2024-06-03 00:00:00+00:00,8.56,8.71,8.456,8.62,46486,,,,,,,,,,,,,,,,,,8.667353812776845,7.270214110815887,7.319442664082884,,7.776808396207393,6.958822050136518,,,"rgba(239, 83, 80, 0.75)",0.0,0.0,0.398522134757787,8.292468205209023,0.6713097503444264,0.0,0.0,0.0,0.0,0.0,0.0,0.0,0.0,44.01172728160033,-9.522886187886542,False,True,False,True,True,0.5595187186677322,0,0.9168093624157112,1.0386813731857958,False,False,False,False,-0.19414403430341945,-0.20504268722736768,False,False,False,False,-2915,-100554.46656468819,False,False,False,False,61130.231744163655,False,False,False,False
2024-06-04 00:00:00+00:00,8.44,8.58,8.36,8.5,17067,,,,,,,,,,,,,,,,,,8.666854993184456,7.271558576065252,7.320389659809222,,7.777813111298779,6.959613400274051,,,"rgba(239, 83, 80, 1.0)",0.0,0.0,0.4025308225006811,8.291554902235273,0.36877945604892287,0.0,0.0,0.0,0.0,0.0,0.0,0.0,0.0,42.8552072282098,-9.522886187886542,False,True,False,True,False,0.0,0,0.9211373873198466,1.0424391092345247,False,False,False,False,-0.2511283784697979,-0.2280855328485828,False,False,False,False,-19982,-97394.76199352395,False,False,False,False,59402.26187184351,False,False,False,False
2024-06-05 00:00:00+00:00,8.51,8.52,8.39,8.39,30871,,,,,,,,,,,,,,,,,,8.666016559157445,7.274009955712161,7.32211860308182,,7.779658338949431,6.961055388231026,,,"rgba(239, 83, 80, 1.0)",0.0,0.0,0.4052785939804253,8.290085361206526,0.5426258432097107,0.0,0.0,0.0,0.0,0.0,0.0,0.0,0.0,43.09307466577984,-9.522886187886542,False,True,False,True,False,0.057989511598478316,0,0.9236267916007583,1.0304949466896896,False,False,False,False,-0.2588064206171307,-0.24344597673285676,False,False,False,False,10889,-93148.33995456224,False,False,False,False,58283.388857261416,False,False,False,False
2024-06-06 00:00:00+00:00,8.41,8.56,8.33,8.47,40901,,,,,,,,,,,,,,,,,,8.664688547657644,7.27713461888652,7.32432199558877,,7.781947948515904,6.962911231747042,,,"rgba(239, 83, 80, 1.0)",0.0,0.0,0.40788145248256996,8.287783959200528,0.29963618118844176,0.0,0.0,0.0,0.0,0.0,0.0,0.0,0.0,42.17597919735815,-9.522886187886542,False,True,False,True,False,0.0,1,0.9152726654275545,1.037969070787322,False,False,False,False,-0.26394169705478077,-0.25369383689381875,False,False,False,False,-30012,-90672.40505438333,False,False,False,False,57601.72654913352,False,False,False,False
2024-06-07 00:00:00+00:00,8.31,8.5399,8.24,8.38,34990,,,,,,,,,,,,,,,,,,8.663224152727802,7.279633262836872,7.32608143443471,,7.783684746799302,6.964419720621498,,,"rgba(239, 83, 80, 1.0)",0.0,0.0,0.4070269265281237,8.285247119692674,0.06081386437616089,0.0,0.0,0.0,0.0,0.0,0.0,0.0,0.0,40.55151877208169,-9.522886187886542,False,True,False,True,False,0.0,1,0.8993610706449137,1.0432320032883402,False,False,False,False,-0.2924646129374658,-0.2730792249156423,False,False,False,False,-65002,-89665.72250323105,False,False,False,False,56714.992174657695,False,False,False,False
2024-06-10 00:00:00+00:00,8.28,8.6499,8.23,8.55,45287,,,,,,,,,,,,,,,,,,8.661495625422987,7.282919466888062,7.328400849753098,,7.786007184203477,6.966399801202228,,,"rgba(239, 83, 80, 1.0)",0.0,0.0,0.4080698580010789,8.28242702444581,-0.005947570981347417,0.0,0.0,0.0,0.0,0.0,0.0,0.0,0.0,39.16691858354313,-7.42081668066173,False,True,False,True,False,0.0,1,0.8985284256908856,1.0398247042482878,False,False,False,False,-0.26654017552674564,-0.269809700221194,False,False,False,False,-110289,-90474.47848349651,False,False,False,False,56266.83561878877,False,False,False,False
2024-06-11 00:00:00+00:00,8.28,8.34,8.17,8.22,30392,,,,,,,,,,,,,,,,,,8.659832723118923,7.284868762528425,7.3297710234731115,,7.787237859596408,6.967610443637431,,,"rgba(239, 83, 80, 1.0)",0.0,0.0,0.4124103178513868,8.279640417674845,0.0008719042894662443,0.0,0.0,0.0,0.0,0.0,0.0,0.0,0.0,38.24385179118409,-8.400511383626494,False,True,False,True,False,0.0,1,0.895203930907666,1.059391673951708,False,False,False,False,-0.34282825441539394,-0.30631897731829394,False,False,False,False,-110289,-91251.51854296724,False,False,False,False,55252.13618275784,False,False,False,False
2024-06-12 00:00:00+00:00,8.4,8.63,8.39,8.48,57217,,,,,,,,,,,,,,,,,,8.65837777185274,7.289300741854904,7.332917499486459,,7.7905520366719925,6.9702519184939415,,,"rgba(239, 83, 80, 0.75)",0.0,0.0,0.4152126558157412,8.277747651621883,0.2944330975122515,0.0,0.0,0.0,0.0,0.0,0.0,0.0,0.0,39.856072133718115,-8.400511383626494,False,True,False,True,True,0.0,1,0.9033370245114177,1.0368180049681262,False,False,False,False,-0.214280590678226,-0.26029978399826,False,False,False,False,-53072,-89754.28252167441,False,False,False,False,55329.189665786944,False,False,False,False
2024-06-13 00:00:00+00:00,8.34,8.6,8.26,8.6,34330,,,,,,,,,,,,,,,,,,8.657173992750998,7.291780367083469,7.334676212337001,,7.792313281050221,6.971755243173872,,,"rgba(239, 83, 80, 0.75)",0.0,0.0,0.42013541360587214,8.276051154453185,0.1522100815019724,0.0,0.0,0.0,0.0,0.0,0.0,0.0,0.0,40.14635758405409,-8.400511383626494,False,True,False,True,True,0.0,1,0.8908220033915449,1.044334037425996,False,False,False,False,-0.25243295207381955,-0.25636636803603974,False,False,False,False,-87402,-89662.03614827541,False,False,False,False,54505.692031834515,False,False,False,False
2024-06-14 00:00:00+00:00,8.05,8.38,8.01,8.22,37978,,,,,,,,,,,,,,,,,,8.654556296308801,7.29388649596967,7.336154010174637,,7.793442535063444,6.973120303370877,,,"rgba(239, 83, 80, 1.0)",0.0,0.0,0.4313426346519433,8.27188819001483,-0.5144128407197064,0.0,0.0,0.0,0.0,0.0,0.0,0.0,0.0,37.28423029700597,-9.326090072527833,False,True,False,True,False,0.0,1,0.8816856912943702,1.0611033290614849,False,False,False,False,-0.34282825441539394,-0.29959731122571687,False,False,False,False,-125380,-91062.74061304893,False,False,False,False,53857.54724627238,False,False,False,False
2024-06-17 00:00:00+00:00,8.03,8.1,7.6211,7.94,42232,,,,,,,,,,,,,,,,,,8.650374786714,7.295589000898816,7.337327235773274,,7.793878964902875,6.974338247815851,,,"rgba(239, 83, 80, 1.0)",0.0,0.0,0.4422706765673738,8.26511930530792,-0.5316185715335419,0.0,0.0,0.0,0.0,0.0,0.0,0.0,0.0,35.19952932615945,-11.261751429275556,False,True,False,True,False,0.0,1,0.8632437563725432,1.0618268543368452,False,False,False,False,-0.34282825441539394,-0.32121278282055543,False,False,False,False,-167612,-94064.67235371367,False,False,False,False,53401.64343269307,False,False,False,False
2024-06-18 00:00:00+00:00,7.8,8.17,7.53,7.95,112930,,,,,,,,,,,,,,,,,,8.638172690763746,7.299489140788329,7.339991707110948,,7.794248035463252,6.97729189057907,,,"rgba(239, 83, 80, 1.0)",0.0,0.0,0.45595570355421006,8.246207803772824,-0.978620950005889,0.0,0.0,0.0,0.0,0.0,0.0,0.0,0.0,31.99784457806809,-14.191427139806379,False,True,False,True,False,0.0,0,0.8675130208333334,1.0534025493421053,False,False,False,False,-0.34282825441539394,-0.33202051861797466,False,False,False,False,-280542,-101377.5087319994,False,False,False,False,55736.08878827374,False,False,False,False
2024-06-20 00:00:00+00:00,7.91,7.99,7.45,7.69,81288,,,,,,,,,,,,,,,,,,8.629080925289179,7.30200198520624,7.341699375765849,,7.7941750344565035,6.979281959862047,,,"rgba(239, 83, 80, 1.0)",0.0,0.0,0.467379622696286,8.254598699349012,-0.7372993656870234,0.0,0.0,0.0,0.0,0.0,0.0,0.0,0.0,31.956173627864835,-14.191427139806379,False,True,False,True,False,0.0,0,0.8686359969524493,1.0624691883655268,True,False,False,False,-0.34282825441539394,-0.33742438651668427,False,False,False,False,-199254,-105215.80250721512,False,False,False,False,56738.12452206692,False,False,False,False
2024-06-21 00:00:00+00:00,7.68,8.02,7.65,7.88,113998,,,,,,,,,,,,,,,,,,8.616651660440446,7.305482338690236,7.344072162498611,,7.79407428780261,6.982056329336323,,,"rgba(239, 83, 80, 1.0)",0.0,0.0,0.48251357633890696,8.237299891000381,-1.1549931822207344,0.0,0.0,0.0,0.0,0.0,0.0,0.0,0.0,30.20161470694896,-15.8031070296352,False,True,False,True,False,0.0,0,0.9304093090434702,1.057371989004333,False,False,False,False,-0.29720080447465674,-0.3173125954956705,False,False,False,False,-313252,-113374.08476183414,True,False,False,False,58983.60983492704,False,False,False,False
2024-06-24 00:00:00+00:00,7.78,7.86,7.72,7.75,49975,,,,,,,,,,,,,,,,,,8.611338640102828,7.307002787469879,7.345112169180343,,7.794044233826116,6.983271578252177,,,"rgba(239, 83, 80, 1.0)",0.0,0.0,0.49519904088164457,8.230270884663437,-0.9092725298130249,0.0,0.0,0.0,0.0,0.0,0.0,0.0,0.0,30.794364704252153,-15.8031070296352,False,True,False,True,False,0.0,0,0.8929919105681469,1.064568052640268,False,False,False,False,-0.31490264657785316,-0.3161076210367618,False,False,False,False,-263277,-119252.63045744848,False,False,False,False,58630.33101787108,False,False,False,False
2024-06-25 00:00:00+00:00,7.81,7.86,7.574,7.81,33664,,,,,,,,,,,,,,,,,,8.607631861416863,7.307939455435595,7.345748877160436,,7.793918738934417,6.984048823640155,,,"rgba(239, 83, 80, 1.0)",0.0,0.0,0.5102007024267676,8.225182914207952,-0.8137639016040878,0.0,0.0,0.0,0.0,0.0,0.0,0.0,0.0,31.71664651552091,-15.8031070296352,False,True,False,True,False,0.0,0,0.893629279418403,1.0620738400133045,False,False,False,False,-0.34282825441539394,-0.32946793772607785,False,False,False,False,-229613,-123580.48808656815,False,False,False,False,57651.25921324869,False,False,False,False
2024-06-26 00:00:00+00:00,7.93,7.96,7.785,7.81,78196,,,,,,,,,,,,,,,,,,8.60056191111387,7.310805224509803,7.347745568197061,,7.794533684029573,6.986186533047243,,,"rgba(239, 83, 80, 0.75)",0.0,0.0,0.5212908441015958,8.217768727779607,-0.5520310418564018,0.0,0.0,0.0,0.0,0.0,0.0,0.0,0.0,34.386661413308715,-19.676800204525144,False,True,False,True,True,0.0,0,0.9093792670106455,1.061330159382288,False,False,False,False,-0.28152088724484997,-0.30549441248546394,False,False,False,False,-151417,-124672.11600474195,False,False,False,False,58456.935322533056,False,False,False,False
2024-06-27 00:00:00+00:00,8.24,8.265,7.99,8.09,74289,,,,,,,,,,,,,,,,,,8.596513738224955,7.3147708092850285,7.350575489975316,,7.796734732054635,6.988818376224183,,,"rgba(239, 83, 80, 0.75)",0.0,0.0,0.5259543021289377,8.217007659523684,0.043715471825686025,0.0,0.0,0.0,0.0,0.0,0.0,0.0,0.0,40.35920403954573,-14.152622838734906,False,True,False,True,True,0.0,0,0.9057788083350475,1.0779213493651478,False,False,False,False,-0.1850757137848251,-0.24528506313514453,False,False,False,False,-77128,-122807.6408673011,False,False,False,False,59077.80060400235,False,False,False,False
2024-06-28 00:00:00+00:00,8.29,8.39,8.17,8.34,170012,,,,,,,,,,,,,,,,,,8.589991175022183,7.324953047734097,7.357909020703743,,7.8032621510787665,6.995398949365553,,,"rgba(239, 83, 80, 0.5)",0.0,0.0,0.5290029717725167,8.218443991069554,0.1352657976394426,0.0,0.0,0.0,0.0,0.0,0.0,0.0,0.0,44.90850029420738,-10.16847084509753,False,False,False,True,True,0.0,1,0.916375891900696,1.036653281630761,False,False,False,False,-0.12908992487687493,-0.18718749400600973,False,False,False,False,92884,-114349.14514701479,False,False,False,False,63428.161364629705,False,False,False,False
2024-07-01 00:00:00+00:00,8.08,8.38,7.9672,8.38,83759,,,,,,,,,,,,,,,,,,8.58544523509699,7.329165001255754,7.360935969723409,,7.805488729945968,6.998264354740781,,,"rgba(239, 83, 80, 0.5)",0.0,0.0,0.5360944854196013,8.215317628627698,-0.252413767177226,0.0,0.0,0.0,0.0,0.0,0.0,0.0,0.0,45.39246323916323,-9.976272461840836,True,False,False,True,True,0.0,1,0.9204999404235572,1.0285402517261493,False,False,False,False,-0.16804591049121936,-0.17761670224861453,False,False,False,False,9125,-109507.02180791619,False,False,False,False,64225.44915425207,False,False,False,False
2024-07-02 00:00:00+00:00,8.09,8.13,8.01,8.02,33990,,,,,,,,,,,,,,,,,,8.583356879868685,7.33072472863828,7.362054910215002,,7.8062093067982286,6.999356505752683,,,#000000,0.0,0.0,0.5425548504674668,8.213499879032367,-0.2276265320012525,0.0,0.0,0.0,0.0,0.0,0.0,0.0,0.0,45.846734381089945,-9.61333998011564,True,False,False,False,True,0.0,1,0.9150190510492295,1.0401304191230831,False,False,False,False,-0.20646777728705948,-0.19204223976783702,False,False,False,False,43115,-103521.84448211554,False,False,False,False,63039.745265850026,False,False,False,False
2024-07-03 00:00:00+00:00,8.15,8.22,8.05,8.17,24010,,,,,,,,,,,,,,,,,,8.582075102448892,7.331915790032889,7.362913069580131,,7.8068346619932,7.000171927381202,,,#000000,0.0,0.0,0.547784464748526,8.212599480624984,-0.11427757567699864,0.0,0.0,0.0,0.0,0.0,0.0,0.0,0.0,46.97197982432244,-8.493625883370086,True,False,False,False,True,0.0,1,0.9035458012593994,1.0512609910925195,False,False,False,False,-0.18229815226690652,-0.18717019601737178,False,False,False,False,67125,-96829.81136516984,False,False,False,False,61509.167020130415,False,False,False,False
2024-07-05 00:00:00+00:00,7.92,8.13,7.83,8.1,109249,,,,,,,,,,,,,,,,,,8.573998076364955,7.336093924407024,7.365895068419509,,7.808129310318991,7.003283935173178,,,"rgba(239, 83, 80, 0.5)",0.0,0.0,0.556873414700333,8.204076564381962,-0.5101277182262879,0.0,0.0,0.0,0.0,0.0,0.0,0.0,0.0,45.04032376461508,-8.493625883370086,True,False,False,True,True,0.0,1,0.8901677017453897,1.0503358466437493,False,False,False,False,-0.24033701948649977,-0.21375360775193578,False,False,False,False,-42124,-94684.48542928083,False,False,False,False,63381.31733306648,False,False,False,False
2024-07-08 00:00:00+00:00,8.06,8.145,7.92,7.92,39636,,,,,,,,,,,,,,,,,,8.571502205563496,7.337792683483839,7.367117307001254,,7.808843297212913,7.004503953830517,,,"rgba(239, 83, 80, 0.5)",0.0,0.0,0.5606101245176728,8.201855928488406,-0.25303847056000484,0.0,0.0,0.0,0.0,0.0,0.0,0.0,0.0,45.6867553700401,-8.493625883370086,True,False,False,True,True,0.0,1,0.9125130685207398,1.0474699985247806,False,False,False,False,-0.2205190009700601,-0.21713630436099796,False,False,False,False,-2488,-91068.93698107374,False,False,False,False,62450.12841804427,False,False,False,False
2024-07-09 00:00:00+00:00,8.08,8.1,7.98,8.1,28636,,,,,,,,,,,,,,,,,,8.569752901790858,7.339035171081327,7.368012820875297,,7.809382136641681,7.005393498780138,,,#000000,0.0,0.0,0.5605748979540779,8.200353797108715,-0.21469708605927282,0.0,0.0,0.0,0.0,0.0,0.0,0.0,0.0,46.38749103669791,-8.493625883370086,True,False,False,False,True,0.0,1,0.9214974679716105,1.0332027102677452,False,False,False,False,-0.21770206244878063,-0.2174191834048893,False,False,False,False,26148,-86472.19435436497,False,False,False,False,61124.08416635625,False,False,False,False
2024-07-10 00:00:00+00:00,8.29,8.29,8.09,8.2,30916,,,,,,,,,,,,,,,,,,8.56849488259757,7.340689851070117,7.369216192715359,,7.810364757893794,7.006507696717298,,,#000000,0.0,0.0,0.5531734817405018,8.19989856189158,0.16288097872104224,0.0,0.0,0.0,0.0,0.0,0.0,0.0,0.0,49.46315613291744,-5.777220637065923,True,False,False,False,True,0.0,1,0.9238298975755219,1.0362958641255027,False,False,False,False,-0.16201129107641937,-0.18971523724065434,False,False,False,False,57064,-80843.32398752712,False,False,False,False,59939.453414734446,False,False,False,False
2024-07-11 00:00:00+00:00,8.72,8.73,8.46,8.46,82997,,,,,,,,,,8.636666666666668,,,,,,,,8.569153078444039,7.3471674710210255,7.373985373651914,,7.815597099159987,7.0105014412491915,,,"rgba(38, 166, 154, 1.0)",0.0,0.0,0.5490900580887439,8.205840417001248,0.9363847977660055,0.0,0.0,0.0,0.0,0.0,0.0,0.0,0.0,55.24772647339224,-0.3321811668255634,True,False,True,False,True,3.864841343725228,0,0.9378045652731469,1.0147473711208006,False,False,False,False,-0.015570607049507452,-0.10264292214508089,False,False,False,False,140061,-72180.4093213496,False,False,False,False,60843.670927882114,False,False,False,False
2024-07-12 00:00:00+00:00,8.83,9.0,8.72,8.86,45081,,,,,,,,,,8.711755909159523,,,,,,,,8.57061822039469,7.351236422476019,7.376995937846305,,7.81914267690632,7.012946016372494,,,"rgba(38, 166, 154, 1.0)",0.0,0.0,0.545150842832926,8.210834413548447,1.1357692913653081,0.0,0.0,0.0,0.0,0.0,0.0,0.0,0.0,59.83757980537789,3.7943964953934213,True,False,True,False,True,4.960100128114693,0,0.9640933572710951,0.9884585791228522,False,False,False,False,0.07949990454377182,-0.011571508800654537,False,False,False,False,185142,-62089.33444600255,False,False,False,False,60225.52696992595,False,False,False,False
2024-07-15 00:00:00+00:00,8.86,9.22,8.77,8.88,119341,,,,,,,,,,8.826671449376699,,,,,,,,8.57578626074383,7.362614020692012,7.3854437557281045,,7.82931167723419,7.019736748669545,,,"rgba(38, 166, 154, 1.0)",0.0,0.0,0.5352161472940932,8.225483934202842,1.1855323666991322,0.0,0.0,0.0,0.0,0.0,0.0,0.0,0.0,63.09892528016923,6.630110168558197,True,False,True,False,True,5.258929679403625,0,0.9663778611147031,0.9941807836544679,False,False,False,False,0.12837991418382785,0.05840420269158666,False,False,False,False,304483,-47713.94878145343,False,False,False,False,62543.78081424258,False,False,False,False
2024-07-16 00:00:00+00:00,9.1,9.18,8.93,9.01,120598,,,,,,,,,,8.906409441230524,,,,,,,,8.582497103450875,7.374804940049531,7.394536606736677,,7.840484295482036,7.026974424411092,,,"rgba(38, 166, 154, 1.0)",0.0,0.0,0.5268320415464571,8.241699035439886,1.6291738103868283,0.0,0.0,0.0,0.0,0.0,0.0,0.0,0.0,66.75664238445114,9.867129182787359,True,False,True,False,True,7.606193600524989,0,0.9566815437122603,1.005250721974272,False,False,False,False,0.1502878876067291,0.10434604514915788,False,False,False,False,425081,-29172.970397867022,False,False,False,False,64820.41686074287,False,False,False,False
2024-07-17 00:00:00+00:00,9.05,9.2674,8.84,9.05,87667,,,,,,,,,,8.934508735439472,,,,,,,,8.587090798317705,7.383467711409819,7.401016622162724,,7.8483665580963295,7.032158878968153,,,"rgba(38, 166, 154, 1.0)",0.0,0.0,0.5188864376095631,8.25238784296892,1.5371613116456997,0.0,0.0,0.0,0.0,0.0,0.0,0.0,0.0,68.3931030739765,11.26644206347298,True,False,True,False,True,7.01935006394503,0,0.9279743615158422,1.0279181947335383,False,False,False,False,0.2757086181666021,0.19002733165788,False,False,False,False,337414,-14797.010774421258,False,False,False,False,65716.36129757648,False,False,False,False
2024-07-18 00:00:00+00:00,8.96,9.15,8.91,8.99,35346,,,,,,,,,,8.939702907358004,,,,,,,,8.58873781838166,7.386840003056441,7.403542899434103,,7.8513958597676785,7.034194455847524,,,"rgba(38, 166, 154, 1.0)",0.0,0.0,0.5072750022699084,8.256237612881446,1.387338985696955,0.0,0.0,0.0,0.0,0.0,0.0,0.0,0.0,68.04050844621133,11.26644206347298,True,False,True,False,True,5.96291626524814,0,0.9616768077453187,1.0147914075368945,False,False,False,False,0.2642962307710215,0.22716178121445074,False,False,False,False,302068,-2370.9319205223856,False,False,False,False,64525.36673688721,False,False,False,False
2024-07-19 00:00:00+00:00,8.87,9.02,8.8,8.98,237626,,,,,,,,,,8.925668123138125,,,,,,,,8.596655170653088,7.407637461848036,7.419171136099885,,7.869456552284142,7.047013998337066,,,"rgba(38, 166, 154, 1.0)",0.0,0.0,0.49542821590733466,8.27575010883604,1.199467192387583,0.0,0.0,0.0,0.0,0.0,0.0,0.0,0.0,66.4064693845484,11.26644206347298,True,False,True,False,True,4.912611797164207,0,0.9662470044216424,1.0000000000000004,False,False,False,False,0.2074680234474627,0.21731490233095674,False,False,False,False,64442,249.1830567530019,False,False,False,False,71313.62686485243,False,False,False,False
2024-07-22 00:00:00+00:00,9.4,9.41,8.88,8.97,119225,,,,,,,,,,8.96846182652204,,,,,,,,8.604721509357093,7.420145815209739,7.42863111572741,,7.881150000780951,7.054526936399404,,,"rgba(38, 166, 154, 1.0)",0.0,0.0,0.48794764155686654,8.291177255265117,2.2724215680129665,0.0,0.0,0.0,0.0,0.0,0.0,0.0,0.0,68.85119745521689,11.829872430240279,True,False,True,False,True,9.981073283053934,0,0.9733395541040422,0.9760055986936381,False,False,False,False,0.32036511599430423,0.2688400091626305,False,False,False,False,183667,7442.0386231548455,False,False,False,False,73192.50424270135,False,False,False,False
2024-07-23 00:00:00+00:00,9.91,9.92,9.4,9.4,133239,,,,,,,,,,9.073691670675691,,,,,,,,8.620700088462398,7.437830408378595,7.442066306605763,,7.89886598145338,7.0648287877456015,,,"rgba(38, 166, 154, 1.0)",0.0,0.0,0.4987985565336045,8.318236122342245,3.1911958380948446,0.0,0.0,0.0,0.0,0.0,0.0,0.0,0.0,72.52391836816957,15.417301461154153,True,False,True,False,True,14.29181269894465,0,0.9930548665542214,0.9609749644475312,False,False,False,False,0.34282821629611615,0.30583411272937333,False,False,False,False,316906,19577.880245776225,False,False,False,False,75547.26878220326,False,False,False,False
2024-07-24 00:00:00+00:00,9.67,9.94,9.67,9.86,70051,,,,,,,,,,9.11942788750197,,,,,,,,8.62904440929937,7.4470870419396515,7.449118259604836,,7.908128659054994,7.070246939082641,,,"rgba(38, 166, 154, 1.0)",0.0,0.0,0.5018103442752342,8.331983107529146,2.6663796546548975,0.0,0.0,0.0,0.0,0.0,0.0,0.0,0.0,72.10264992317467,15.417301461154153,True,False,True,False,True,11.536774234924565,0,1.0052810509291346,0.9570914612007791,False,False,False,False,0.342828218943288,0.3243311658363307,False,False,False,False,246855,28490.70847143206,False,False,False,False,75331.72882996,False,False,False,False
2024-07-25 00:00:00+00:00,9.91,10.115,9.7,9.79,112106,,,,,,,,,,9.19545538044679,,,,,,,,8.643865333672576,7.462688566214929,7.461033699042189,,7.923933950254499,7.079348375261754,,,"rgba(38, 166, 154, 1.0)",0.0,0.0,0.5145811556652393,8.35564017398104,3.020631068406532,0.0,0.0,0.0,0.0,0.0,0.0,0.0,0.0,72.83729975933679,16.038651137514776,True,False,True,False,True,13.473863333799372,0,1.0090711763371885,0.938121618557035,False,False,False,False,0.3428282206031331,0.3335796932197319,False,False,False,False,358961,41450.327747062176,False,False,False,False,76773.85711113804,False,False,False,False
2024-07-26 00:00:00+00:00,9.98,10.15,9.92,10.0,64252,,,,,,,,,,9.238439674554872,,,,,,,,8.652920532228627,7.471933673826695,7.468110964331109,,7.933368848412143,7.084737219435161,,,"rgba(38, 166, 154, 1.0)",0.0,0.0,0.5304294367655277,8.369737523318891,3.0357713299251032,0.0,0.0,0.0,0.0,0.0,0.0,0.0,0.0,73.60875518938722,17.076960547185365,True,False,True,False,True,14.027749352785055,0,1.0711242325628205,0.9261918341329219,False,False,False,False,0.34282822246295336,0.3382039578413426,False,False,False,False,423213,56421.412933451895,False,False,False,False,76282.80389109341,False,False,False,False
2024-07-29 00:00:00+00:00,10.0,10.05,9.87,9.99,83878,,,,,,,,,,9.285443701764594,,,,,,,,8.664193486445125,7.483698671329169,7.477135138610166,,7.94530485139511,7.091638885802682,,,"rgba(38, 166, 154, 1.0)",0.0,0.0,0.5490047342220337,8.387052035726938,2.9379490990340678,0.0,0.0,0.0,0.0,0.0,0.0,0.0,0.0,74.207801796331,17.992840607236758,True,False,True,False,True,14.187359499970238,0,1.0701945684397038,0.9059529083040858,False,False,False,False,0.31904743877854275,0.3286256983099427,False,False,False,False,507091,74094.73007331653,False,False,False,False,76580.65471889367,False,False,False,False
2024-07-30 00:00:00+00:00,10.03,10.15,9.95,10.0,88050,,,,,,,,,,9.333128040804398,,,,,,,,8.676443674865624,7.496274281336179,7.4868021799604305,,7.958112507548434,7.099023570065628,,,"rgba(38, 166, 154, 1.0)",0.0,0.0,0.5652810191671381,8.405504490615165,2.8737839310053244,0.0,0.0,0.0,0.0,0.0,0.0,0.0,0.0,74.74326399998506,18.876342002719213,True,False,True,False,True,14.43004882775115,0,1.0824048598436349,0.8774074477648536,False,False,False,False,0.3428282226683911,0.3357269604891669,False,False,False,False,595141,94527.91712926491,False,False,False,False,77030.43296521157,False,False,False,False
2024-07-31 00:00:00+00:00,10.0,10.11,9.9408,10.03,98338,,,,,,,,,,9.378023400220547,,,,,,,,8.689611159577291,7.5100299178431325,7.497402405018791,,7.972054277672936,7.107153982967534,,,"rgba(38, 166, 154, 1.0)",0.0,0.0,0.5832017251794271,8.425018693484894,2.7005772420006973,0.0,0.0,0.0,0.0,0.0,0.0,0.0,0.0,74.64702411625026,19.176746067366963,True,False,True,False,True,14.067347403948094,0,1.0722970394198788,0.8895916253203209,False,False,False,False,0.33503837825304955,0.3353826693711082,False,False,False,False,496803,110303.4105751761,False,False,False,False,77866.02382932093,False,False,False,False
2024-08-01 00:00:00+00:00,10.13,12.0,10.11,10.5,425778,,,,,,,,,,9.680969112549061,,,,,,,,8.773529795025969,7.584740169784828,7.55529346376996,,8.051088138810854,7.150538794677174,,,"rgba(38, 166, 154, 1.0)",0.0,0.0,0.6029915810746075,8.702134641350119,2.367968979111192,0.0,0.0,0.0,0.0,0.0,0.0,0.0,0.0,75.25345581868777,20.160041149002637,True,False,True,False,True,15.140823922957264,0,1.068571779744346,0.7919739429695186,False,False,False,False,0.34282823222673037,0.3391054507989193,False,False,False,False,922581,142157.43368987506,False,False,False,False,91509.630737975,False,False,False,False
2024-08-02 00:00:00+00:00,10.08,10.11,9.8925,10.0,101293,,,,,,,,,,9.698304162464744,,,,,,,,8.785582962858092,7.59808106180395,7.565727936626105,,8.064391196222699,7.158674492873635,,,"rgba(38, 166, 154, 1.0)",0.0,0.0,0.6191277502835577,8.710898674924811,2.2113389755961457,0.0,0.0,0.0,0.0,0.0,0.0,0.0,0.0,74.83587991520147,20.160041149002637,True,False,True,False,True,14.521850373091283,0,1.0458064715136182,0.9086955180603967,False,False,False,False,0.12225463874867386,0.23068004477379658,False,False,False,False,821288,168790.0049177231,False,False,False,False,91893.29227766226,False,False,False,False
2024-08-05 00:00:00+00:00,9.9,10.15,9.5,9.88,212989,,,,,,,,,,9.71274189178179,,,,,,,,8.80666989811802,7.623647822396797,7.585822289046707,,8.08931042216947,7.174583022577955,,,"rgba(38, 166, 154, 0.75)",0.0,0.0,0.6319535562818723,8.72678808916201,1.8564843874613763,0.0,0.0,0.0,0.0,0.0,0.0,0.0,0.0,71.7644872570639,20.160041149002637,True,False,True,False,False,12.31924366250572,0,1.010778765831312,0.9107757717296927,False,False,False,False,0.08701945183470595,0.15884974830425128,False,False,False,False,608299,186025.65178369475,False,False,False,False,96642.14356089119,False,False,False,False
2024-08-06 00:00:00+00:00,9.63,9.86,9.56,9.86,110136,,,,,,,,,,9.711362439733941,,,,,,,,8.815559459700088,7.635669187910568,7.59532027497236,,8.100731106475422,7.182227854617347,,,"rgba(38, 166, 154, 0.75)",0.0,0.0,0.6395391922145092,8.7332402656496,1.4021966835921704,0.0,0.0,0.0,0.0,0.0,0.0,0.0,0.0,66.2735512375735,21.106343686843047,True,False,True,False,False,9.150199853939554,0,1.0166671627131756,0.9261882794130777,False,False,False,False,0.06415015415358527,0.11149995122891827,False,False,False,False,498163,198266.33210590278,False,False,False,False,97171.31440164056,False,False,False,False
2024-08-07 00:00:00+00:00,9.49,9.57,9.2,9.43,137987,,,,,,,,,,9.695190040391884,,,,,,,,8.823142217496262,7.648622264791603,7.605613841195766,,8.112468150061124,7.190738849507663,,,"rgba(38, 166, 154, 0.75)",0.0,0.0,0.6439411869513091,8.824278387544158,1.0338236254271151,0.0,0.0,0.0,0.0,0.0,0.0,0.0,0.0,61.09445144124457,16.390498375187576,True,False,True,False,False,7.564754895269552,0,0.9941347253585147,0.9348954514795154,False,False,False,False,-0.0001977330703501855,0.05565110907928404,False,False,False,False,360176,204615.73084684776,False,False,False,False,98771.92952314485,False,False,False,False
2024-08-08 00:00:00+00:00,9.78,9.89,9.55,9.57,81269,,,,,,,,,,9.696608548469754,,,,,,,,8.829866799584176,7.657525829816029,7.612681871465416,,8.120951589670325,7.1964364736696576,,,"rgba(38, 166, 154, 0.75)",0.0,0.0,0.6531241621400786,8.836381189253757,1.4447770660548003,0.0,0.0,0.0,0.0,0.0,0.0,0.0,0.0,60.23721643093354,15.7792917041495,True,False,True,False,False,10.147414667447862,0,1.0069850694141267,0.9225821473267557,False,False,False,False,0.06613578908364351,0.060893449081463775,False,False,False,False,441445,213903.1531665792,False,False,False,False,98085.54013008035,False,False,False,False
2024-08-09 00:00:00+00:00,9.89,10.14,9.78,9.9,152702,,,,,,,,,,9.710085769831224,,,,,,,,8.844912348992699,7.675612649205831,7.627052792201372,,8.138562312359804,7.2078959908273585,,,"rgba(38, 166, 154, 0.75)",0.0,0.0,0.6634519338041582,8.860832678557454,1.551231172907158,0.0,0.0,0.0,0.0,0.0,0.0,0.0,0.0,60.52109759070213,15.7792917041495,True,False,True,False,False,11.09471060545479,0,1.0224919980391587,0.9025346751636435,False,False,False,False,0.1139841868623949,0.08743881797192934,False,False,False,False,594147,228814.6765718114,False,False,False,False,100227.36208576348,False,False,False,False
2024-08-12 00:00:00+00:00,10.05,10.08,9.77,9.92,176868,,,,,,,,,,9.725751567864545,,,,,,,,8.862300625447322,7.696479515825596,7.64369077054999,,8.158871069337438,7.2211944359959,,,"rgba(38, 166, 154, 0.75)",0.0,0.0,0.6789478611780194,8.884186729380906,1.7170880671106792,0.0,0.0,0.0,0.0,0.0,0.0,0.0,0.0,61.878627294679276,15.7792917041495,True,False,True,False,False,12.450778737810914,0,1.0310175478905192,0.8994801688733164,False,False,False,False,0.10697903304365719,0.09720892550779327,False,False,False,False,771015,250077.434353309,False,False,False,False,103232.87729808649,False,False,False,False
2024-08-13 00:00:00+00:00,10.8,10.96,10.0,10.15,248808,,,,,,,,,,9.793846958733692,,,,,,,,8.899099532550217,7.733041845509474,7.672840536732771,,8.196228326392976,7.243862336479795,,,"rgba(38, 166, 154, 1.0)",0.0,0.0,0.7167726718165753,8.943026255142605,2.590742948041135,0.0,0.0,0.0,0.0,0.0,0.0,0.0,0.0,66.52660900054661,10.734673467828834,True,False,True,False,True,18.214432451330218,0,1.0430345418212956,0.8501284613188697,False,False,False,False,0.21978082424211495,0.15849487487495412,False,False,False,False,1019823,280263.5349669047,False,False,False,False,108941.705639338,False,False,False,False
2024-08-14 00:00:00+00:00,10.73,10.89,10.5,10.8,74233,,,,,,,,,,9.814891782877796,,,,,,,,8.91053558554689,7.744223103078603,7.681779562984412,,8.20770076818509,7.250807045452053,,,"rgba(38, 166, 154, 1.0)",0.0,0.0,0.749306778728618,8.960152799346853,2.3619794333852497,0.0,0.0,0.0,0.0,0.0,0.0,0.0,0.0,68.82828361255126,12.850516517714645,True,False,True,False,True,17.403517741094376,1,1.0666971817171254,0.8637720961660019,False,False,False,False,0.264842879846976,0.21166887736096507,False,False,False,False,945590,306354.76888977125,False,False,False,False,107580.57992799142,False,False,False,False
2024-08-15 00:00:00+00:00,10.99,11.105,10.82,10.96,219155,,,,,,,,,,9.888608573031469,,,,,,,,8.948328003144942,7.779657333303339,7.710150483966798,,8.244494449222813,7.272707844824384,,,"rgba(38, 166, 154, 1.0)",0.0,0.0,0.7886090617360809,9.01647263876024,2.502542079462218,0.0,0.0,0.0,0.0,0.0,0.0,0.0,0.0,71.37349962478818,15.220630585650312,True,False,True,False,True,19.241954902668247,0,1.0837539040126218,0.8414079301438405,False,False,False,False,0.32243897285416057,0.2670539251075628,False,False,False,False,1164745,340017.13089409395,False,False,False,False,111956.04738179568,False,False,False,False
2024-08-16 00:00:00+00:00,11.5,11.6,10.9,10.98,228182,,,,,,,,,,9.978502943321349,,,,,,,,8.99300720866664,7.8198212260905855,7.742393125286113,,8.286721205744978,7.297441380932143,,,"rgba(38, 166, 154, 1.0)",0.0,0.0,0.8440975350329242,9.081655060759998,2.8650065174585237,0.0,0.0,0.0,0.0,0.0,0.0,0.0,0.0,74.62055445709684,18.246411971700113,True,False,True,False,True,20.0,0,1.083872388161412,0.8170533533229192,False,False,False,False,0.3428282334514089,0.3049410792794859,False,False,False,False,1392927,381307.71399628633,False,False,False,False,116513.92787662723,False,False,False,False
2024-08-19 00:00:00+00:00,11.7,11.7496,11.41,11.46,164552,,,,,,,,,,10.048990291103944,,,,,,,,9.028021625978186,7.850542782147005,7.767117927712428,,8.319260487281806,7.31634474406373,,,"rgba(38, 166, 154, 1.0)",0.0,0.0,0.9027135668548436,9.131619147016831,2.8451780800544495,0.0,0.0,0.0,0.0,0.0,0.0,0.0,0.0,77.27970256124681,20.707361798529945,True,False,True,False,True,20.0,0,1.1131021254860258,0.8123859857605987,False,False,False,False,0.342828235241282,0.32388465726038396,False,False,False,False,1557479,427432.0781532947,False,False,False,False,118397.77384224969,False,False,False,False
2024-08-20 00:00:00+00:00,12.1,12.135,11.78,12.0,191531,,,,,,,,,12.004999999999999,10.142107519283199,,,,,,,,9.07350319121386,7.889271847090019,7.798339684930275,,8.360670676886834,7.34009075655579,,,"rgba(38, 166, 154, 1.0)",0.0,0.0,0.9724654837664564,9.196093695987514,2.9861278908999065,0.0,0.0,0.0,0.0,0.0,0.0,0.0,0.0,79.90712538608445,23.16076004990093,True,False,True,False,True,20.0,0,1.1319786970855994,0.7917169134582043,False,False,False,False,0.34282823694911413,0.33335644710474904,False,False,False,False,1749010,479258.66332375375,False,False,False,False,121265.7434954948,False,False,False,False
2024-08-21 00:00:00+00:00,11.77,12.27,11.74,12.27,149986,,,,,,,,,11.97059789605398,10.206244101171968,,,,,,,,9.107234486757422,7.918532005408202,7.822020456682032,,8.391771420690077,7.358209313799745,,,"rgba(38, 166, 154, 1.0)",1.0,11.885,1.0226744129755894,9.438869583785836,2.2794453314143945,0.0,0.0,0.0,0.0,0.0,0.0,0.0,0.0,78.31075483586704,23.16076004990093,True,False,True,False,True,20.0,0,1.1296870014512586,0.7916104861204031,False,False,False,False,0.3428282371425955,0.3380923421236723,False,False,False,False,1599024,523171.02946792025,False,False,False,False,122392.02806429892,False,False,False,False
2024-08-22 00:00:00+00:00,11.63,11.85,11.56,11.72,107891,,,,,,,,,11.900833010686652,10.243384778788279,,,,,,,,9.128929668540268,7.938039841806,7.8378740552142645,,8.412272196389925,7.370455500934275,,,"rgba(38, 166, 154, 0.75)",0.0,0.0,1.0658274795745453,9.460486030802173,2.0355207674546447,0.0,0.0,0.0,0.0,0.0,0.0,0.0,0.0,75.94027525300359,23.16076004990093,True,False,True,False,False,20.0,0,1.1227533578158082,0.7985208220383196,False,False,False,False,0.2918368944155471,0.3149646182696097,False,False,False,False,1491133,561130.3224299626,False,False,False,False,121823.36029707151,False,False,False,False
2024-08-23 00:00:00+00:00,11.82,11.84,11.5,11.68,137248,,,,,,,,,11.858527180607828,10.289252592539281,,,,,,,,9.156429445317883,7.962827396579568,7.858062089286812,,8.438299432547547,7.386077589674943,,,"rgba(38, 166, 154, 0.75)",0.0,0.0,1.1117904883970282,9.49211888056867,2.0938127675364924,0.0,0.0,0.0,0.0,0.0,0.0,0.0,0.0,75.0535853708555,23.16076004990093,True,False,True,False,False,20.0,0,1.114116695835508,0.814281474203486,False,False,False,False,0.28598743890563155,0.3004760285876206,False,False,False,False,1628381,602983.2901778072,False,False,False,False,122428.2481285589,False,False,False,False
2024-08-26 00:00:00+00:00,12.03,12.148,11.485,11.79,180708,,,,,,,,,11.865389293303656,10.35205738470616,,,,,,,,9.194069818197574,7.996407210205712,7.885464876913551,,8.473669251080922,7.40726527918014,,,"rgba(38, 166, 154, 0.75)",0.0,0.0,1.161976802733214,9.53931509188735,2.143489355599901,0.0,0.0,0.0,0.0,0.0,0.0,0.0,0.0,75.18166004883902,23.16076004990093,True,False,True,False,False,20.0,0,1.1180503815871605,0.8002859386641429,False,False,False,False,0.3106039783342285,0.3055400034609246,False,False,False,False,1809089,650281.5533080893,False,False,False,False,124713.7285941056,False,False,False,False
2024-08-27 00:00:00+00:00,11.85,12.0,11.72,12.0,139061,,,,,,,,,11.864051094133547,10.396216286358255,,,,,,,,9.22201109905544,8.021656599728528,7.90613844558828,,8.50015483482206,7.423322750070155,,,"rgba(38, 166, 154, 0.75)",0.0,0.0,1.2031523609267518,9.57263956407806,1.8928279658344838,0.0,0.0,0.0,0.0,0.0,0.0,0.0,0.0,73.48800391740494,23.16076004990093,True,False,True,False,False,20.0,0,1.1413827230312454,0.7945305083718771,False,False,False,False,0.3179828741930805,0.3117614388270026,False,False,False,False,1670028,690271.6100411054,False,False,False,False,125276.3666884544,False,False,False,False
2024-08-28 00:00:00+00:00,11.53,11.95,11.47,11.7,139792,,,,,,,,,11.835450306198428,10.432147042078759,,,,,,,,9.247356964164378,8.045357972395761,7.925628964697412,,8.52475111673518,7.43860118603158,,,"rgba(38, 166, 154, 0.75)",0.0,0.0,1.233437662984426,9.599701793584762,1.5649742701586455,0.0,0.0,0.0,0.0,0.0,0.0,0.0,0.0,69.51894094953235,25.885389615025133,True,False,True,False,False,17.89328050714359,0,1.1483880740198427,0.7829289843730278,False,False,False,False,0.2926741100911731,0.3022177744590878,False,False,False,False,1530236,723211.3900394936,False,False,False,False,125845.6072104758,False,False,False,False
2024-08-29 00:00:00+00:00,11.63,11.6826,11.5,11.54,78084,,,,,,,,,11.819389705959527,10.450613082594572,,,,,,,,9.261019956239442,8.058296111306941,7.936294961362666,,8.53812454734645,7.446995031779336,,,"rgba(38, 166, 154, 0.75)",0.0,0.0,1.2644947002051299,9.613961381215336,1.5943432728168943,0.0,0.0,0.0,0.0,0.0,0.0,0.0,0.0,67.38647551240103,23.763216251896438,True,False,True,False,False,18.529469798168055,0,1.1581550643215612,0.7952357078989669,False,False,False,False,0.27290314766042173,0.28756046105975475,False,False,False,False,1608320,757921.5316065723,False,False,False,False,123972.60300614343,False,False,False,False
2024-08-30 00:00:00+00:00,11.96,11.995,11.628,11.77,119188,,,,,,,,,11.823378038567292,10.483734930704044,,,,,,,,9.283824929005162,8.079281776742283,7.953588423008343,,8.560006445133887,7.460529870955932,,,"rgba(38, 166, 154, 0.75)",0.0,0.0,1.2996370525914085,9.640292603473785,1.7848886286373877,0.0,0.0,0.0,0.0,0.0,0.0,0.0,0.0,67.5269472046555,23.745409504910157,True,False,True,False,False,20.0,0,1.170429358908167,0.7677091644893639,False,False,False,False,0.3097579395234971,0.29865920029162596,False,False,False,False,1727508,795944.530367099,False,False,False,False,123784.97151570643,False,False,False,False
2024-09-03 00:00:00+00:00,11.23,11.8682,11.17,11.84,168830,,,,,,,,,11.775484577115135,10.513965499944762,,,,,,,,9.310073532365477,8.105215246297048,7.975106933092529,,8.586463141343712,7.477665177605518,,,"rgba(38, 166, 154, 0.5)",0.0,0.0,1.3136655682574774,9.665027774746447,1.1913018526697203,0.0,0.0,0.0,0.0,0.0,0.0,0.0,0.0,62.28220124599302,18.655075062767523,False,False,True,False,False,13.359700182216535,0,1.1285117197666759,0.776005225796245,False,False,False,False,0.260979296800134,0.27981924854588,False,False,False,False,1558678,825855.6468232912,False,False,False,False,125551.44322097285,False,False,False,False
2024-09-04 00:00:00+00:00,11.08,11.26,11.0001,11.11,97006,,,,,,,,,11.732929521033133,10.52485198669855,,,,,,,,9.322699880750127,8.118562227021135,7.986251996413971,,8.599810436828404,7.486677038399275,,,"rgba(38, 166, 154, 0.5)",0.0,0.0,1.3238706150547424,9.674717994634992,1.061494974950327,0.0,0.0,0.0,0.0,0.0,0.0,0.0,0.0,57.9107739865694,14.578139355413143,False,False,True,False,False,11.983498310210162,0,1.1178297331639133,0.801728081321474,False,False,False,False,0.1978721533390042,0.2388457009424421,False,False,False,False,1461672,850789.621457672,False,False,False,False,124432.01407505234,False,False,False,False
2024-09-05 00:00:00+00:00,10.81,11.07,10.74,11.07,157275,,,,,,,,,11.65181048201928,10.534819965036764,,,,,,,,9.340105093870534,8.13823732988619,8.00277999903419,,8.619115075337952,7.500232573558363,,,#000000,0.0,0.0,1.3291681609187067,9.685373884723116,0.8461127405425922,0.0,0.0,0.0,0.0,0.0,0.0,0.0,0.0,53.501895177940156,10.555970542860976,False,True,False,False,False,9.564354544799105,0,1.111216990217446,0.8113943940392315,False,False,False,False,0.1555622268283593,0.19720396388540068,False,False,False,False,1304397,868578.1461063907,False,False,False,False,125719.97430740323,False,False,False,False
2024-09-06 00:00:00+00:00,10.84,11.06,10.66,10.75,119289,,,,,,,,,11.598475957538982,10.54158351133822,,,,,,,,9.352879290549035,8.152866210335475,8.015103938357438,,8.633411934629542,7.510381412934926,,,#000000,0.0,0.0,1.3352730665156771,9.693467558743038,0.8586501667773294,0.0,0.0,0.0,0.0,0.0,0.0,0.0,0.0,50.76589118974489,8.120568957487706,False,True,False,False,False,9.770039883484369,0,1.0953793725568803,0.819033777688684,False,False,False,False,0.14321970251270352,0.1702118331990521,False,False,False,False,1423686,890347.081553199,False,False,False,False,125467.77923652467,False,False,False,False
2024-09-09 00:00:00+00:00,10.44,10.92,10.44,10.84,132371,,,,,,,,,11.529575359614096,10.542928318226394,,,,,,,,9.3644532193505,8.167410322382885,8.02744570644556,,8.64727783115579,7.520723564673004,,,"rgba(239, 83, 80, 1.0)",0.0,0.0,1.338202142044688,9.698313962975982,0.5542406589566268,0.0,0.0,0.0,0.0,0.0,0.0,0.0,0.0,46.84069607205345,4.526928496904084,False,True,False,True,False,6.293421601362958,0,1.07653117070501,0.8424797253594707,False,False,False,False,0.11321414639592513,0.14171298979748861,False,False,False,False,1291315,906071.313649152,False,False,False,False,125738.4937762688,False,False,False,False
2024-09-10 00:00:00+00:00,10.83,10.83,10.425,10.49,120408,,,,,,,,,11.48028359170465,10.546047458365381,,,,,,,,9.3755913964753,8.181001497417451,8.038980981908463,,8.660327263333953,7.530359478641454,,,"rgba(239, 83, 80, 1.0)",0.0,0.0,1.3452414365170815,9.704523988250019,0.8366349572638149,0.0,0.0,0.0,0.0,0.0,0.0,0.0,0.0,46.865115534714256,4.526928496904084,False,True,False,True,False,8.98695835595575,0,1.066219680536383,0.8545158745809506,False,False,False,False,0.10450297956426272,0.12310798468087567,False,False,False,False,1411723,925900.7915452637,False,False,False,False,125529.45480465042,False,False,False,False
2024-09-11 00:00:00+00:00,10.61,10.8,10.385,10.8,91932,,,,,,,,,11.442228841327953,10.54685364174544,,,,,,,,9.383356785758787,8.190885178904164,8.04740316422011,,8.669711071559416,7.537453717121923,,,"rgba(239, 83, 80, 1.0)",0.0,0.0,1.347806118599167,9.813098536460124,0.5912582325773451,0.0,0.0,0.0,0.0,0.0,0.0,0.0,0.0,45.7151301201304,3.3149795210073165,False,True,False,True,False,7.133524705309366,0,1.0726513816560181,0.8542542404583534,False,False,False,False,0.09870438255945077,0.11090618362016322,False,False,False,False,1319791,941347.466386626,False,False,False,False,124211.90755740923,False,False,False,False
2024-09-12 00:00:00+00:00,10.66,10.725,10.48,10.69,95422,,,,,,,,,11.407054128845088,10.548032096794492,,,,,,,,9.391466137540903,8.201157557035568,8.056166076884514,,8.67947216605825,7.544838524555794,,,"rgba(239, 83, 80, 1.0)",0.0,0.0,1.3502128894536838,9.817496312090734,0.6239784070274694,0.0,0.0,0.0,0.0,0.0,0.0,0.0,0.0,45.29370639640223,2.6445412543656133,False,True,False,True,False,7.479085729505975,0,1.0747607772537815,0.8465843492554254,False,False,False,False,0.10036043267951128,0.10563330814983725,False,False,False,False,1415213,959930.4284891112,False,False,False,False,123082.89157476573,False,False,False,False
2024-09-13 00:00:00+00:00,10.77,10.8,10.64,10.68,62894,,,,,,,,,11.388633466380302,10.549970446061154,,,,,,,,9.397247550563794,8.208200318135493,8.062166733521211,,8.686230436271723,7.549867854949345,,,"rgba(239, 83, 80, 1.0)",0.0,0.0,1.3544727640187113,9.8224974577528,0.6995360611282921,0.0,0.0,0.0,0.0,0.0,0.0,0.0,0.0,45.798141579880046,2.6445412543656133,False,True,False,True,False,8.242162657016454,0,1.0806707388699635,0.8472434316143937,False,False,False,False,0.11986265911212296,0.1127479836309801,False,False,False,False,1478107,980251.0783522833,False,False,False,False,120722.54288555923,False,False,False,False
2024-09-16 00:00:00+00:00,10.67,10.7891,10.47,10.74,81164,,,,,,,,,11.36310019779923,10.551188370421597,,,,,,,,9.404118907403538,8.216896872815822,8.069601200125833,,8.694491276206945,7.556144764140279,,,"rgba(239, 83, 80, 1.0)",0.0,0.0,1.3556675560485107,9.826057664010538,0.6225289763881189,0.0,0.0,0.0,0.0,0.0,0.0,0.0,0.0,45.49957621197011,2.112634397113652,False,True,False,True,False,7.378537421077027,0,1.0841005761050986,0.8443439401281431,False,False,False,False,0.1018301802313517,0.1072890819311659,False,False,False,False,1396943,996591.9380247429,False,False,False,False,119171.2274782824,False,False,False,False
2024-09-17 00:00:00+00:00,10.62,10.78,10.535,10.67,153829,,,,,,,,,11.319332916440331,10.553458938426918,,,,,,,,9.416956619023367,8.233223253850815,8.083585441323628,,8.709973693643795,7.567979209163227,,,"rgba(239, 83, 80, 1.0)",0.0,0.0,1.3545891568235013,9.832972598529475,0.5810081953675875,0.0,0.0,0.0,0.0,0.0,0.0,0.0,0.0,44.972901950393684,1.1665033778647214,False,True,False,True,False,6.944779728106489,0,1.0827958514056026,0.8456746355799182,False,False,False,False,0.10609616545709495,0.10669262369413043,False,False,False,False,1243114,1006259.4698669098,False,False,False,False,120530.3558124674,False,False,False,False
2024-09-18 00:00:00+00:00,10.67,10.97,10.52,10.61,85085,,,,,,,,,11.299787359342336,10.55565901854564,,,,,,,,9.42437062651006,8.242437550633383,8.091479866471957,,8.718759969683049,7.574644741394585,,,"rgba(239, 83, 80, 1.0)",0.0,0.0,1.3541886703687107,9.838097113469095,0.6143183034491045,0.0,0.0,0.0,0.0,0.0,0.0,0.0,0.0,45.06131271092836,0.7989478026305292,False,True,False,True,False,7.308478065906062,0,1.0778718305318016,0.8368166003378199,False,False,False,False,0.11249043592715202,0.10959152981064123,False,False,False,False,1328199,1018884.5494799721,False,False,False,False,119140.34185903732,False,False,False,False
2024-09-19 00:00:00+00:00,10.88,11.0,10.53,10.87,242858,,,,,,,,,11.257510329591671,10.564658614233638,,,,,,,,9.446407484469377,8.269238347020138,8.114461260108174,,8.744448225960172,7.594015999692975,,,"rgba(239, 83, 80, 1.0)",0.0,0.0,1.3556109622901047,9.855437743909537,0.7557937229716829,0.0,0.0,0.0,0.0,0.0,0.0,0.0,0.0,46.908835165766845,0.7989478026305292,False,True,False,True,False,8.82414115136298,0,1.0726320442199015,0.8469128291896977,False,False,False,False,0.09024417543885185,0.09991785262474653,False,False,False,False,1571057,1040538.3710689928,False,False,False,False,123992.01472731036,False,False,False,False
2024-09-20 00:00:00+00:00,11.28,11.29,10.71,10.78,455621,,,,,,,,,11.234894124648434,10.598398337087243,,,,,,,,9.494346955097145,8.323618714295526,8.161080255670282,,8.797524984341583,7.632965798656579,,,#000000,0.0,0.0,1.3603325242662545,9.903171993551432,1.012126066155193,0.0,0.0,0.0,0.0,0.0,0.0,0.0,0.0,50.94506107071565,-4.432777699341976,False,True,False,False,True,11.583969489810066,0,1.0712076788336329,0.8469804488132839,False,False,False,False,0.11966167483996222,0.10978976373235438,False,False,False,False,2026678,1079210.5133800127,False,False,False,False,136997.0729732982,False,False,False,False
2024-09-23 00:00:00+00:00,10.76,11.25,10.6,11.25,143291,,,,,,,,,11.219742104975401,10.603742383101102,,,,,,,,9.506826122875582,8.338946497278101,8.174347786322764,,8.812149169849873,7.644257691377863,,,#000000,0.0,0.0,1.3582776189314592,9.912421938139982,0.6240094440537108,0.0,0.0,0.0,0.0,0.0,0.0,0.0,0.0,49.78273125147486,-4.432777699341976,False,True,False,False,True,7.045053321856283,0,1.0513523908379399,0.862791527457913,False,False,False,False,0.10002529615113599,0.10490752994174518,False,False,False,False,1883387,1110746.8461886398,False,False,False,False,137243.893641012,False,False,False,False
2024-09-24 00:00:00+00:00,11.34,11.56,10.95,10.96,231836,,,,,,,,,11.223745454787379,10.62470942754795,,,,,,,,9.532522849829727,8.367345531653902,8.198790349655967,,8.840043715683393,7.664681101780657,,,#000000,0.0,0.0,1.361585099059918,9.938927135500283,1.0290013202017727,0.0,0.0,0.0,0.0,0.0,0.0,0.0,0.0,52.401185711678096,-2.914259694052099,False,True,False,False,True,10.871239422741894,0,1.0555487157038435,0.8522136040090651,False,False,False,False,0.17173319107650778,0.1383203605091265,False,False,False,False,2115223,1150138.0679067324,False,False,False,False,140953.38800803115,False,False,False,False
2024-09-25 00:00:00+00:00,11.15,11.4,11.063,11.37,122770,,,,,,,,,11.223119175042987,10.634027135645557,,,,,,,,9.545231379025873,8.38176220246992,8.211251496627867,,8.854092473820703,7.675169770027331,,,"rgba(38, 166, 154, 0.5)",0.0,0.0,1.359614372990838,9.951090459513129,0.8818011667893354,0.0,0.0,0.0,0.0,0.0,0.0,0.0,0.0,52.892988372621616,-2.3271328901888353,False,True,True,False,True,9.284906438653998,1,1.0565536535245792,0.8609851781312506,False,False,False,False,0.16657710845430357,0.15244873448171503,False,False,False,False,1992453,1183170.026028037,False,False,False,False,140240.31396850053,False,False,False,False
2024-09-26 00:00:00+00:00,11.24,11.43,11.13,11.2,119758,,,,,,,,,11.224447835026016,10.643794425302284,,,,,,,,9.55790214135447,8.395992164594649,8.223558850644013,,8.867995847364625,7.685521049007202,,,"rgba(38, 166, 154, 0.5)",0.0,0.0,1.3573019474592247,9.963491144731154,0.9404752256182803,0.0,0.0,0.0,0.0,0.0,0.0,0.0,0.0,53.72646133431013,-1.351915318757591,False,True,True,False,True,9.866492410390354,1,1.0640791204359323,0.8628041375075046,False,False,False,False,0.1772283364599531,0.16483853547083405,False,False,False,False,2112211,1219603.0053994867,False,False,False,False,139437.0859697358,False,False,False,False
2024-09-27 00:00:00+00:00,11.15,11.42,11.1,11.33,151226,,,,,,,,,11.224406488854173,10.654876902739776,,,,,,,,9.573239221550454,8.413493684861471,8.23873989234551,,8.885012165827973,7.6983501874964375,,,"rgba(38, 166, 154, 0.5)",0.0,0.0,1.3526535416002252,9.97790852140409,0.8665127045091636,0.0,0.0,0.0,0.0,0.0,0.0,0.0,0.0,53.637484587632514,-1.208807019418451,False,True,True,False,True,9.10694554195798,1,1.0592788094922807,0.8584011799140636,False,False,False,False,0.17283138850258087,0.16883496198670744,False,False,False,False,1960985,1248676.8091093109,False,False,False,False,139899.3963238638,False,False,False,False
2024-09-30 00:00:00+00:00,11.37,11.39,11.15,11.15,517557,,,,,,,,,11.233298507190641,10.694709182289778,,,,,,,,9.626100902274569,8.473444981649664,8.290914600464264,,8.943363479516316,7.742541913512672,,,"rgba(38, 166, 154, 0.5)",0.0,0.0,1.3517235177611204,10.0283030110659,0.9925824114951941,0.0,0.0,0.0,0.0,0.0,0.0,0.0,0.0,54.90949700457172,0.25299374492776394,False,True,True,False,True,10.545821959290883,0,1.0665240261132578,0.853968311899233,False,False,False,False,0.1617814237055407,0.16530819284612408,False,False,False,False,2478542,1296906.8165952202,False,False,False,False,154709.49842881033,False,False,False,False
2024-10-01 00:00:00+00:00,11.33,11.35,10.87,11.31,167794,,,,,,,,,11.231537823489694,10.70424995831322,,,,,,,,9.641375228212876,8.491549346034095,8.306791878062239,,8.960750011038119,7.756162372266855,,,"rgba(38, 166, 154, 0.5)",0.0,0.0,1.3480997637315288,10.041533393915527,0.9557650262603772,0.0,0.0,0.0,0.0,0.0,0.0,0.0,0.0,55.434350251876346,0.9952539978686445,False,True,True,False,True,10.200648028800781,0,1.0497351450417962,0.8728970424910535,False,False,False,False,0.104925332377824,0.13511676261197403,False,False,False,False,2310748,1336665.2943758,False,False,False,False,155222.61613748444,False,False,False,False
2024-10-02 00:00:00+00:00,11.3,11.4299,11.23,11.31,82007,,,,,,,,,11.233034977767739,10.710070178327165,,,,,,,,9.649383727721672,8.500754565185089,8.31485401419198,,8.969665983185983,7.763043859785199,,,"rgba(38, 166, 154, 0.5)",0.0,0.0,1.337546496623823,10.04898411414326,0.9353064652440133,0.0,0.0,0.0,0.0,0.0,0.0,0.0,0.0,55.52574679639178,1.3533194801998505,False,True,True,False,True,9.938360135986649,0,1.043052347424373,0.8909590998061205,False,False,False,False,0.16133458033131157,0.14822567147164278,False,False,False,False,2228741,1371648.6553806707,False,False,False,False,152351.41550464192,False,False,False,False
2024-10-03 00:00:00+00:00,11.11,11.21,10.915,11.21,101566,,,,,,,,,11.229857719134628,10.714331646831738,,,,,,,11.078333333333331,9.657777590283821,8.511102483487967,8.323981321420822,,8.97948975744109,7.770953377332641,,,"rgba(38, 166, 154, 0.5)",0.0,0.0,1.3228444373415336,10.055653021045583,0.7970302094426877,0.0,0.0,0.0,0.0,0.0,0.0,0.0,0.0,53.96554499921864,1.3533194801998505,False,True,True,False,True,8.28148389122962,1,1.01352722977836,0.8984535036078762,False,False,False,False,0.09284215935904168,0.12053391541534222,False,False,False,False,2127175,1401277.1394833897,False,False,False,False,150359.83058289127,False,False,False,False
2024-10-04 00:00:00+00:00,11.3,11.43,11.17,11.41,120986,,,,,,,,,11.23153276686068,10.72229496260831,,,,,,,11.198838039349607,9.669188896781584,8.524376074669599,8.335644141015147,,8.992296453059689,7.7809543033647355,,,"rgba(38, 166, 154, 0.5)",0.0,0.0,1.3036215390661325,10.066062664311671,0.9465456796397196,0.0,0.0,0.0,0.0,0.0,0.0,0.0,0.0,54.36100958583298,1.3533194801998505,False,True,True,False,True,9.58359133452333,0,1.0226545025939915,0.8943841706187529,False,False,False,False,0.15360125862088683,0.13706758701811453,False,False,False,False,2248161,1434488.2712683547,False,False,False,False,149207.915658072,False,False,False,False
2024-10-07 00:00:00+00:00,11.42,11.59,11.21,11.31,101281,,,,,,,,,11.234965293622663,10.729997107461342,,,,,,,11.26383787322478,9.679237288563213,8.53581432507662,8.345686166756883,,9.003399661277673,7.78953534398825,,,"rgba(38, 166, 154, 0.5)",0.0,0.0,1.2865740105740988,10.075639360331216,1.044915122347994,0.0,0.0,0.0,0.0,0.0,0.0,0.0,0.0,55.48241756057742,1.8270799343904685,False,True,True,False,True,10.396160506814784,1,1.0146704902765353,0.8897638521332609,False,False,False,False,0.1794986773121329,0.1582831321651237,False,False,False,False,2349442,1470368.8096499878,False,False,False,False,147328.42876952013,False,False,False,False
2024-10-08 00:00:00+00:00,11.08,11.4399,10.99,11.39,88267,,,,,,,,,11.23387369563447,10.734270509491786,,,,,,,11.243731758715525,9.686713181373792,8.544893234383832,8.35371182505379,,9.012048344841311,7.796493501501804,,,"rgba(38, 166, 154, 0.5)",0.0,0.0,1.2578067139786493,10.081883808901521,0.7935370196437204,0.0,0.0,0.0,0.0,0.0,0.0,0.0,0.0,53.311049648391894,1.8270799343904685,False,True,True,False,False,7.4356914622057175,1,1.0067487260754928,0.89340018306261,False,False,False,False,0.13173657535999675,0.14500985376256023,False,False,False,False,2261175,1501380.817114694,False,False,False,False,145012.29430797035,False,False,False,False
2024-10-09 00:00:00+00:00,11.15,11.53,11.02,11.04,110056,,,,,,,,,11.2338626125975,10.740242150851062,,,,,,,11.241540059101114,9.696323906248073,8.55639716262011,8.363878701794514,,9.02304957556299,7.805291494469829,,,#000000,0.0,0.0,1.2301055693361247,10.090203113446517,0.8615495393012853,0.0,0.0,0.0,0.0,0.0,0.0,0.0,0.0,52.42846820962305,1.8270799343904685,False,True,False,False,False,7.924209971690772,1,1.0044095789346064,0.8953286303811907,False,False,False,False,0.1471600328073062,0.1460849432849332,False,False,False,False,2371231,1535492.588992549,False,False,False,False,143641.45923706956,False,False,False,False
2024-10-10 00:00:00+00:00,11.06,11.13,10.8,11.03,83501,,,,,,,,,11.230228045240956,10.742549169047486,,,,,,,11.207779740733342,9.702425812588729,8.564294012171274,8.370912407296062,,9.030437951377166,7.81147788663324,,,#000000,0.0,0.0,1.2000766792318218,10.199039672992011,0.7174210964245187,0.0,0.0,0.0,0.0,0.0,0.0,0.0,0.0,51.082374441677814,4.651533978855113,False,True,False,False,False,7.144984514096713,1,0.9940936727467095,0.9113160063250261,False,False,False,False,0.0681204252701902,0.1071026842775617,False,False,False,False,2287730,1564992.095306567,False,False,False,False,141283.00985522367,False,False,False,False
2024-10-11 00:00:00+00:00,11.52,11.53,11.0,11.0,127971,,,,,,,,,11.232976189844381,10.750810979177183,,,,,,,11.23258804793892,9.71418995978049,8.578041479168615,8.383060187348349,,9.04367000992965,7.821959136603894,,,"rgba(38, 166, 154, 0.5)",0.0,0.0,1.1761323851452394,10.219812330358248,1.1054773136624345,0.0,0.0,0.0,0.0,0.0,0.0,0.0,0.0,53.65039524986818,4.651533978855113,False,True,True,False,True,10.315092095253117,1,1.0003908391125091,0.9813636471962061,False,False,False,False,0.14458696252981615,0.1258448234036889,False,False,False,False,2415701,1598353.2288239563,False,False,False,False,140760.97025305804,False,False,False,False
2024-10-14 00:00:00+00:00,11.61,11.65,11.265,11.48,154362,,,,,,,,,11.240391906743698,10.763038018358577,,,,,,,11.280521688795295,9.729510602127295,8.595381497218098,8.398356951521887,,9.060513408219274,7.8350832656864755,,,"rgba(38, 166, 154, 0.5)",0.0,0.0,1.159252990289669,10.240082431420593,1.1817244208592446,0.0,0.0,0.0,0.0,0.0,0.0,0.0,0.0,55.93324244743219,2.102455643072716,False,True,True,False,True,10.912844926572731,1,1.0241717152593715,0.8873059447179098,False,False,False,False,0.19449609570469759,0.16017045955419323,False,False,False,False,2570063,1636459.4943602718,False,False,False,False,141294.3439686244,False,False,False,False
2024-10-15 00:00:00+00:00,11.55,11.84,11.43,11.47,141727,,,,,,,,,11.249230188929385,10.775357728731553,,,,,,,11.325411254839922,9.744113555279327,8.611653820146964,8.412710284809501,,9.07638982001284,7.847371506078531,,,"rgba(38, 166, 154, 0.5)",0.0,0.0,1.140788932006019,10.2575542148461,1.132940326552082,0.0,0.0,0.0,0.0,0.0,0.0,0.0,0.0,56.858816427175576,2.9466791506913665,False,False,True,False,True,10.376137203796855,1,1.0511394101876674,0.8788299502106474,False,False,False,False,0.24137478629004017,0.2007726229221167,False,False,False,False,2428336,1667513.4749735945,False,False,False,False,141311.3108718156,False,False,False,False
2024-10-16 00:00:00+00:00,11.86,11.92,11.56,11.72,179312,,,,,,,,,11.26495420493514,10.793582690403385,,,,,,,11.392831653417742,9.763956085900425,8.633168157069116,8.431662608101853,,9.097551781568841,7.863515802461693,,,"rgba(38, 166, 154, 0.5)",0.0,0.0,1.1191382946368025,10.281787455556906,1.4102033251889359,0.0,0.0,0.0,0.0,0.0,0.0,0.0,0.0,59.456109518725846,5.379708247761499,False,False,True,False,True,12.436690379650994,1,1.0558466392580554,0.862749784874271,False,False,False,False,0.2695910354654824,0.23518182919379954,False,False,False,False,2607648,1704381.4955628654,False,False,False,False,142801.53397488166,False,False,False,False
2024-10-17 00:00:00+00:00,12.31,12.435,11.93,11.98,167309,,,,,,,,12.225000000000001,11.290777840103107,10.81740818137294,,,,,,,11.493990855516595,9.786135047552737,8.65578220646254,8.451479640462509,,9.120227008842228,7.880158361300698,,12.225000000000001,"rgba(38, 166, 154, 1.0)",0.0,0.0,1.1036284627463329,10.467686804804664,1.6693237419872422,0.0,0.0,0.0,0.0,0.0,0.0,0.0,0.0,63.38896335362833,8.983985413337692,True,False,True,False,True,15.25827708506436,1,1.08964534966529,0.8259507192707592,False,False,False,False,0.34282822433792876,0.28900502676586415,False,False,False,False,2774957,1746364.8486780473,False,False,False,False,143762.61107390592,False,False,False,False
2024-10-18 00:00:00+00:00,12.2,12.34,12.105,12.3,108209,,,,,,,,12.221072525207065,11.30658142141991,10.832293213242195,,,,,,,11.546545391355073,9.80020994713883,8.67021651995406,8.464152965687916,,9.134671512836208,7.890830037357143,,12.221072525207065,"rgba(38, 166, 154, 1.0)",0.0,0.0,1.0844991869460017,10.48476788201105,1.5815891230118109,0.0,0.0,0.0,0.0,0.0,0.0,0.0,0.0,64.87480019436701,10.24018477310186,True,False,True,False,True,14.254224263702131,0,1.0848502249019043,0.8473059622930424,False,False,False,False,0.3428282221778499,0.31591662447185703,False,False,False,False,2666748,1782458.3055926336,False,False,False,False,142368.35181610569,False,False,False,False
2024-10-21 00:00:00+00:00,11.7,12.18,11.695,12.18,142629,,,,,,,,12.097343003776185,11.318742939814957,10.846497645049055,,,,,,,11.573874950281962,9.815810974908072,8.687167894611857,8.479151620500481,,9.151325102714948,7.903662623203804,,12.097343003776185,"rgba(38, 166, 154, 0.5)",0.0,0.0,1.0461594628074993,10.493750871615367,1.1530260646379018,0.0,0.0,0.0,0.0,-1.0,12.105,11.65,0.0,61.500587739360995,10.24018477310186,False,False,True,False,False,9.874967722729973,0,1.0529012023000526,0.8668916029083306,False,False,False,False,0.2534174054305727,0.2846670149512148,False,False,False,False,2524119,1811543.038706648,False,False,False,False,142378.5733135133,False,False,False,False
2024-10-22 00:00:00+00:00,11.28,11.65,11.26,11.62,85012,,,,,,,,11.97895915936447,11.319753396330022,10.851000201678652,,,,,,11.396666666666667,11.56507636589362,9.82292128705088,8.695727581584864,8.486815709409745,,9.159478331417766,7.910383592721326,,11.97895915936447,"rgba(38, 166, 154, 0.5)",0.0,0.0,1.0042996394332826,10.49195393851351,0.7846722537221835,0.0,0.0,0.0,0.0,0.0,0.0,0.0,0.0,56.489009010872444,11.932375887074457,False,False,True,False,False,6.449550251544526,0,1.0343928588296416,0.8875454588390876,False,False,False,False,0.03931721279031403,0.16199211387076443,False,False,False,False,2439107,1836153.3901299166,False,False,False,False,140128.9037718069,False,False,False,False
2024-10-23 00:00:00+00:00,11.18,11.27,11.052,11.25,59081,,,,,,,,11.893672332693038,11.318392072731072,10.852789209466668,,,,,,11.302635432209291,11.55180957462324,9.827110582879634,8.701142142829058,8.491700450601435,,9.164532533114393,7.91473301066717,,11.893672332693038,#000000,0.0,0.0,0.9586986863301882,10.489040978253723,0.7207259502891422,0.0,0.0,0.0,0.0,0.0,0.0,0.0,0.0,52.557437112740836,8.522255295034839,False,True,False,False,False,5.658672081874119,0,1.0137077442395184,0.9446700259282815,False,False,False,False,-0.10014326058319474,0.030924426643784843,False,False,False,False,2380026,1857481.7277718806,False,False,False,False,136950.55460428505,False,False,False,False
2024-10-24 00:00:00+00:00,10.87,11.21,10.83,11.14,92848,,,,,,,,11.762756900345195,11.313569721539809,10.853821773535605,,,,,,11.17228849094641,11.522830784458986,9.832680080151638,8.708926512761051,8.498777617474264,,9.171646633192484,7.921131588860375,,11.762756900345195,"rgba(239, 83, 80, 1.0)",0.0,0.0,0.9156839023424338,10.482749517565896,0.42290847468593484,0.0,0.0,0.0,0.0,0.0,0.0,0.0,0.0,48.222335011645455,4.744841270975343,False,True,False,True,False,3.255035482193229,0,0.9783759972590671,0.9441534922421813,False,False,False,False,-0.15820875688403588,-0.06364216512012552,False,False,False,False,2287178,1874332.5619769047,False,False,False,False,135221.04265901897,False,False,False,False
2024-10-25 00:00:00+00:00,10.74,10.95,10.69,10.89,83265,,,,,,,,11.653433780770625,11.307191149418145,10.853347647077962,,,,,,11.073746611035812,11.491639366818287,9.836860063531063,8.71532024419606,8.504638775195414,,9.177356885044006,7.926515827430249,,11.653433780770625,"rgba(239, 83, 80, 1.0)",0.0,0.0,0.8842319006087226,10.47615668274536,0.29838701484645036,0.0,0.0,0.0,0.0,0.0,0.0,0.0,0.0,44.66782276716362,1.6926410376049716,False,True,False,True,False,2.269703523246392,0,0.9600413467217958,0.9716479621972831,False,False,False,False,-0.24252939485133146,-0.15308577998572848,False,False,False,False,2203913,1887257.285036634,False,False,False,False,133183.55079003784,False,False,False,False
2024-10-28 00:00:00+00:00,11.11,11.15,10.64,10.64,128755,,,,,,,,11.551457210635814,11.300855139806279,10.854704691219794,,,,,,11.043037756063445,11.459082334210121,9.844411008715364,8.725948469745743,8.514325285481284,,9.187046737976027,7.935302997081724,,11.551457210635814,"rgba(239, 83, 80, 1.0)",0.0,0.0,0.8549802589787113,10.472199510763117,0.7459827084180238,0.0,0.0,0.0,0.0,0.0,0.0,0.0,0.0,45.1346536200599,1.6926410376049716,False,True,False,True,False,4.835487477479369,0,0.9532048096988971,0.9860379608466661,False,False,False,False,-0.21057347530118908,-0.18182962764345878,False,False,False,False,2332668,1904724.3718979424,False,False,False,False,133009.882131605,False,False,False,False
2024-10-29 00:00:00+00:00,11.27,11.45,11.0046,11.08,129636,,,,,,,,11.511148674283465,11.29976424569076,10.859313261081097,,,,,,11.08751115059359,11.446296711084956,9.85374958189096,8.737848814924199,8.525085903105614,,9.19818801404576,7.944896704686594,,11.511148674283465,"rgba(239, 83, 80, 1.0)",0.0,0.0,0.8254495471892981,10.475337522297018,0.9627026635472175,0.0,0.0,0.0,0.0,0.0,0.0,0.0,0.0,46.540306660499496,1.6926410376049716,False,True,False,True,False,5.910976456905729,0,0.9462628139859036,0.9786771320396607,False,False,False,False,-0.07309433102043357,-0.12746197933194617,False,False,False,False,2462304,1926590.2396666505,False,False,False,False,132877.57302840482,False,False,False,False
2024-10-30 00:00:00+00:00,11.1,11.35,10.91,11.03,157072,,,,,,,,11.457900578775124,11.29584615698361,10.863022760969436,,,,,,11.094447814438286,11.424605877787158,9.863922270737682,8.751425097239675,8.537432400779581,,9.21073303621785,7.95602068364822,,11.457900578775124,"rgba(239, 83, 80, 1.0)",0.0,0.0,0.8003047392560781,10.477110861403172,0.7783149443496145,0.0,0.0,0.0,0.0,0.0,0.0,0.0,0.0,46.38466878042276,1.6926410376049716,False,True,False,True,False,4.588339183558734,0,0.9272711100569261,1.003617172675522,False,False,False,False,-0.11283845583367641,-0.12015021758281129,False,False,False,False,2305232,1941438.9361503113,False,False,False,False,133826.37408611443,False,False,False,False
2024-10-31 00:00:00+00:00,8.45,9.43,8.1,9.32,375084,,,,,,,,10.771493527503432,11.165443817972037,10.790623698633567,,,,,8.66,10.272372677994117,11.045867265111696,9.84126061445136,8.75019755604615,8.538809355483027,,9.20227997780046,7.961861501367602,,10.771493527503432,"rgba(239, 83, 80, 1.0)",0.0,0.0,0.8214588868000431,10.326647844751106,-2.284530455396868,0.0,0.0,0.0,0.0,0.0,0.0,0.0,0.0,38.10298549093169,-4.39746308222125,False,True,False,True,False,0.0,0,0.8700036993323588,1.0201789772226824,True,False,False,False,-0.34282825441539394,-0.23148923599910262,False,False,False,False,1930148,1940996.1543404951,False,False,False,False,143287.4574552864,False,False,False,False
2024-11-01 00:00:00+00:00,8.73,8.97,8.52,8.56,338581,,,,,,,,10.403176468301416,11.061758694836247,10.73154404802293,,,,,8.697954054072989,9.914392893011549,10.79209827216554,9.822861365168801,8.750075441118101,8.54082913437766,,9.195962612087182,7.9676459798465205,,10.403176468301416,"rgba(239, 83, 80, 1.0)",0.0,0.0,0.8290481245337064,10.255981055719962,-1.840642310816687,0.0,0.0,0.0,0.0,0.0,0.0,0.0,0.0,34.10615723319051,-8.001732141488304,False,True,False,True,False,0.0,0,0.8944142164556521,1.018668689616686,False,False,False,False,-0.34282825441539394,-0.28715874520724827,False,False,False,False,2268729,1953848.4227977307,False,False,False,False,150946.02775115753,False,False,False,False
2024-11-04 00:00:00+00:00,8.4,8.76,8.263,8.65,377787,,,,,,,,10.078630863308966,10.94395987525843,10.661242150419183,,,,,8.620551656875428,9.616637144556927,10.538610670217414,9.798182068035178,8.746439676582693,8.540092525509069,,9.185124407941649,7.971814139898809,,10.078630863308966,"rgba(239, 83, 80, 1.0)",0.0,0.0,0.8458876248497413,10.174507543909707,-2.097805301531536,0.0,0.0,0.0,0.0,0.0,0.0,0.0,0.0,30.83012684365,-10.951374739218998,False,True,False,True,False,0.0,0,0.886601598697486,1.0272021061930046,False,False,False,False,-0.34282825441539394,-0.3149934998113211,False,False,False,False,1890942,1951381.5042566434,True,False,False,False,159841.7521530729,True,False,False,False
2024-11-05 00:00:00+00:00,8.77,8.77,8.29,8.29,181036,,,,,,,,9.969050589373795,10.894127522678948,10.631077667586291,,,,,8.619050479847354,9.525888481926463,10.44256775989985,9.78785251198187,8.745583002082647,8.540461660295797,,9.181014723991446,7.974320022900747,,9.969050589373795,"rgba(239, 83, 80, 1.0)",0.0,0.0,0.8634498582185999,10.143826702535955,-1.591090309946109,0.0,0.0,0.0,0.0,0.0,0.0,0.0,0.0,30.658661523667686,-11.110184716477384,False,True,False,True,False,0.0,0,0.8875290256123751,1.0404263491453813,False,False,False,False,-0.3391404203337701,-0.3270669600725456,False,False,False,False,2071978,1956110.7785995202,False,False,False,False,160672.89912746224,False,False,False,False
2024-11-06 00:00:00+00:00,9.13,9.64,8.9501,9.3,270984,,,,,,,9.240033333333335,9.895809610987035,10.842901057051733,10.601117608062644,,,,,8.72807507994962,9.491901040348097,10.359147087934748,9.780815317049036,8.750186775310908,8.54594762698437,,9.181639312101268,7.981715778855033,,9.895809610987035,"rgba(239, 83, 80, 1.0)",0.0,0.0,0.8794001231388581,10.123057693558954,-1.129244433142009,0.0,0.0,0.0,0.0,0.0,0.0,0.0,0.0,32.3707239108116,-11.110184716477384,False,True,False,True,False,0.0,0,0.9019292056512774,1.0050403054007535,False,False,False,False,-0.19300736700392818,-0.2600371635382369,False,False,False,False,2342962,1971281.4147328725,False,False,False,False,164998.8246518755,False,False,False,False
2024-11-07 00:00:00+00:00,9.1,9.22,8.84,9.1,230256,,,,,,,9.154268439869126,9.829547509448192,10.797016243174166,10.573301051254006,,,,,8.770298388366198,9.451659163137599,10.28646096541751,9.772960479755339,8.752566292250926,8.54930610304653,,9.18049582550594,7.987010016565403,,9.829547509448192,"rgba(239, 83, 80, 1.0)",0.0,0.0,0.8919642662418231,10.10074174018889,-1.1219527262066091,0.0,0.0,0.0,0.0,0.0,0.0,0.0,0.0,33.42671657800348,-11.110184716477384,False,True,False,True,False,0.0,0,0.9074956783678779,1.0208935937152346,False,False,False,False,-0.2424250154939912,-0.25123108951611406,False,False,False,False,2112706,1976827.4769002108,False,False,False,False,167557.92956748823,False,False,False,False
2024-11-08 00:00:00+00:00,9.36,9.37,9.06,9.09,133408,,,,,,,9.177194738080534,9.804869729199718,10.77456589624718,10.559801303596734,,,,,8.804787174660504,9.442152532000406,10.254495153124413,9.769792152692958,8.7548786728099,8.552033996165418,,9.180921370376687,7.990652972164169,,9.804869729199718,"rgba(239, 83, 80, 0.75)",0.0,0.0,0.9018025392622718,10.091538118678862,-0.8111954522520024,0.0,0.0,0.0,0.0,0.0,0.0,0.0,0.0,35.50295187224066,-11.110184716477384,False,True,False,True,True,0.0,0,0.9160829340119668,1.0030172523852894,False,False,False,False,-0.20782401091051755,-0.2295275502133158,False,False,False,False,2246114,1987387.7327080457,False,False,False,False,166218.71664327302,False,False,False,False
2024-11-11 00:00:00+00:00,9.48,9.56,9.42,9.45,136961,,,,,,9.486666666666666,9.23212616683666,9.791241650622348,10.755497842639016,10.548566546841565,,,,,8.850475269259075,9.44434577430858,10.230632221110845,9.767996557739329,8.758264173546731,8.555685472824242,,9.182525386575483,7.99502389407576,,9.791241650622348,"rgba(239, 83, 80, 0.75)",0.0,0.0,0.9098970736763284,10.085661564623374,-0.6656374464160781,0.0,0.0,0.0,0.0,0.0,0.0,0.0,0.0,37.5188107433127,-11.110184716477384,False,True,False,True,True,0.0,0,0.9228543752571665,1.0099994856672614,False,False,False,False,-0.15725776794448432,-0.19339265907890008,False,False,False,False,2383075,2002904.880444985,False,False,False,False,165071.3552062819,False,False,False,False
2024-11-12 00:00:00+00:00,9.18,9.474,9.163,9.37,180844,,,,,,9.364702262918037,9.239760375367604,9.763467692408776,10.727058945390574,10.531165140227747,,,,,8.88476404354093,9.433838676826735,10.192857441715894,9.763880308858159,8.76138537276086,8.559363423985857,,9.18314322207353,7.999932617573208,,9.763467692408776,"rgba(239, 83, 80, 0.75)",0.0,0.0,0.9245922013183971,10.073763055530168,-0.9666564938096294,0.0,0.0,0.0,0.0,0.0,0.0,0.0,0.0,37.76166354782837,-11.110184716477384,False,True,False,True,True,0.0,0,0.9338049365216861,1.0121750619033871,False,False,False,False,-0.18868303379970194,-0.191037846439301,False,False,False,False,2202231,2010721.59101577,False,False,False,False,165689.89029623164,False,False,False,False
2024-11-13 00:00:00+00:00,9.07,9.38,9.05,9.28,107513,,,,,,9.314642305286869,9.23234643576618,9.745062959361533,10.709471959165016,10.520193337104248,,,,,8.897758167635175,9.424476449716433,10.169359715842022,9.760946291731502,8.762843007045948,8.561210733066853,,9.183076108744588,8.002592179424985,,9.745062959361533,"rgba(239, 83, 80, 0.75)",0.0,0.0,0.9418924213164652,10.065667565151553,-1.0570926600725032,0.0,0.0,0.0,0.0,0.0,0.0,0.0,0.0,37.5274782351387,-11.110184716477384,False,True,False,True,True,0.0,0,0.9364889677821732,0.9897114046832954,False,False,False,False,-0.20782401091051755,-0.19943092867490927,False,False,False,False,2094718,2014015.5678386812,False,False,False,False,163408.44361794807,False,False,False,False
2024-11-14 00:00:00+00:00,9.01,9.19,8.95,9.13,147224,,,,,,9.24659192862707,9.210108203458722,9.716899998550524,10.68424914558305,10.504181498661065,,,,,8.906797103951938,9.407329957958918,10.135328568275945,9.756195396647643,8.764250335207077,8.563238266512208,,9.182337959085709,8.005851433012237,,9.716899998550524,"rgba(239, 83, 80, 0.75)",0.0,0.0,0.9598527101723914,10.053114879218466,-1.0867447350657797,0.0,0.0,0.0,0.0,0.0,0.0,0.0,0.0,37.145299539462535,-11.110184716477384,False,True,False,True,True,0.0,0,0.9436620335285592,0.9901043879745758,False,False,False,False,-0.23489804063011838,-0.2171644846525138,False,False,False,False,1947494,2011406.878903831,False,False,False,False,162773.75955449912,False,False,False,False
2024-11-15 00:00:00+00:00,8.96,9.075,8.9,9.07,117815,,,,,,9.200811431863032,9.189499559473362,9.693704300285582,10.663749202047452,10.490997978724675,,,,,8.910041786753613,9.392166507358478,10.1078483051155,9.75205781137211,8.765086670068525,8.564611602098587,,9.181436423579061,8.008267036957658,,9.693704300285582,"rgba(239, 83, 80, 0.75)",0.0,0.0,0.9797770476302871,10.042519445275412,-1.1048630378652153,0.0,0.0,0.0,0.0,0.0,0.0,0.0,0.0,36.69044458248237,-11.110184716477384,False,True,False,True,True,0.0,0,0.9444284684094801,0.9946512234939148,False,False,False,False,-0.2504520780871224,-0.2338082813698181,False,False,False,False,1829679,2004280.2954174061,False,False,False,False,161010.6709445188,False,False,False,False
2024-11-18 00:00:00+00:00,8.77,9.01,8.755,8.98,173460,,,,,,9.129362211749326,9.149620821173668,9.656194768405479,10.632130066953911,10.470322368922526,,,,,8.905970209815901,9.36510014481173,10.065179375211102,9.745009417342848,8.76554367956612,8.565970783850917,,9.179261579948713,8.01131594588902,,9.656194768405479,"rgba(239, 83, 80, 0.75)",0.0,0.0,1.0034423094869611,10.025188580922821,-1.2508826556900643,0.0,0.0,0.0,0.0,0.0,0.0,0.0,0.0,35.61777660955671,-11.110184716477384,False,True,False,True,True,0.0,0,0.9472211919582809,0.9912459838325521,False,False,False,False,-0.2704223473643713,-0.2521153143670947,False,False,False,False,1656219,1990630.8328520178,False,False,False,False,161498.8799270867,False,False,False,False
2024-11-19 00:00:00+00:00,9.12,9.135,8.67,8.75,140272,,,,,,9.107797692900396,9.134673693094133,9.632688842498762,10.609155767967062,10.455285885659649,,,,,8.909296282767563,9.350095560770344,10.036184378686672,9.740200997490417,8.766507879928984,8.567567928882882,,9.17819934890748,8.01414724700505,,9.632688842498762,"rgba(239, 83, 80, 0.75)",0.0,0.0,1.0162459977426654,10.013395444612573,-0.87911337077541,0.0,0.0,0.0,0.0,0.0,0.0,0.0,0.0,37.46640154030002,-11.110184716477384,False,True,False,True,True,0.0,0,0.944242656529238,0.9816875610006108,False,False,False,False,-0.2666026726039324,-0.25935899348551356,False,False,False,False,1796491,1983017.5060735075,False,False,False,False,160666.4532632794,False,False,False,False
2024-11-20 00:00:00+00:00,9.02,9.125,8.88,9.11,148131,,,,,,9.095010416992126,9.12420010252576,9.61073711445913,10.586056855277588,10.440082048389588,,,,,8.914091559073217,9.336755574732708,10.008104157536765,9.735406320881708,8.767677769026738,8.56937795717357,,9.177271589696918,8.017222272180934,,9.61073711445913,"rgba(239, 83, 80, 0.75)",0.0,0.0,1.0275585514103973,10.00176783952666,-0.9554373696555927,0.0,0.0,0.0,0.0,0.0,0.0,0.0,0.0,38.21774570501474,-11.110184716477384,False,True,False,True,True,0.0,0,0.9563320937301864,0.9819725428652373,False,False,False,False,-0.24761543573614644,-0.25348721461083,False,False,False,False,1648360,1969893.682305919,False,False,False,False,160174.86686079783,False,False,False,False
2024-11-21 00:00:00+00:00,9.15,9.3,9.03,9.03,128984,,,,,,9.101553181746754,9.126610316872076,9.597347941897988,10.568361776873145,10.428476352560727,,,,,8.92403976232146,9.330945536822162,9.98839811879806,9.732142540801387,8.769323466094614,8.571482352072056,,9.177189839186152,8.02029175052043,,9.597347941897988,"rgba(239, 83, 80, 0.75)",0.0,0.0,1.0338042577022502,9.99368964608804,-0.8161019262613964,0.0,0.0,0.0,0.0,0.0,0.0,0.0,0.0,39.67794747325125,-15.192507329003654,False,True,False,True,True,0.0,0,0.9584210691725069,0.9703277017774647,False,False,False,False,-0.21712408145061096,-0.2353056480307205,False,False,False,False,1777344,1962342.7143723536,False,False,False,False,158951.6956113548,False,False,False,False
2024-11-22 00:00:00+00:00,9.27,9.32,9.17,9.21,86826,,,,,,9.111186350201871,9.13210438662631,9.590603861113006,10.557468657522557,10.42134789469639,,,,,8.932769470555082,9.329265398601537,9.97707803888641,9.73032129889834,8.770686323912155,8.573113827823011,,9.17743167653387,8.022517160097474,,9.590603861113006,"rgba(239, 83, 80, 0.75)",0.0,0.0,1.0417098729778442,9.989077215913202,-0.690285495574348,0.0,0.0,0.0,0.0,0.0,0.0,0.0,0.0,41.53608835562633,-13.208214184605445,False,True,False,True,True,0.0,0,0.9566446621460915,0.9719117006906518,False,False,False,False,-0.20226103114674313,-0.2187833395887318,False,False,False,False,1864170,1958492.8040048105,False,False,False,False,156123.23695992914,False,False,False,False
2024-11-25 00:00:00+00:00,9.37,9.59,9.33,9.33,116088,,,,,9.430000000000001,9.136124016194579,9.148426201288865,9.586501794251795,10.54511841071079,10.413372349333219,,,,,8.949790459753237,9.33209900572412,9.966040829519967,9.728801711244936,8.773159152552955,8.575846356235578,,9.178499665268124,8.02590533759212,,9.586501794251795,"rgba(239, 83, 80, 0.75)",0.0,0.0,1.048960068460798,9.980401812020197,-0.5819113905030506,0.0,0.0,0.0,0.0,0.0,0.0,0.0,0.0,43.516855747748444,-11.173118822637676,False,True,False,True,True,0.0,0,0.9687626210498917,0.9575124976440709,False,False,False,False,-0.16273101783943905,-0.19075717871408543,False,False,False,False,1980258,1959346.341102661,False,False,False,False,154553.22766738292,False,False,False,False
2024-11-26 00:00:00+00:00,9.23,9.35,9.194,9.3,66368,,,,,9.367435348796421,9.141340874194714,9.151754232372019,9.581773983299788,10.537108091802784,10.408082604333105,,,,,8.955706447899741,9.330926226918189,9.957967378751569,9.727443727521708,8.774196543147616,8.57708773442441,,9.178691390612412,8.027598666175477,,9.581773983299788,"rgba(239, 83, 80, 0.75)",0.0,0.0,1.0600944544012616,9.973896659584263,-0.701726772077506,0.0,0.0,0.0,0.0,0.0,0.0,0.0,0.0,43.904794059408076,-10.649503875379473,False,True,False,True,True,0.0,0,0.9587174547156903,0.9668740321941734,False,False,False,False,-0.19726489682307558,-0.1940110377685805,False,False,False,False,1913890,1957563.7394907922,False,False,False,False,151094.98344513262,False,False,False,False
2024-11-27 00:00:00+00:00,9.28,9.41,9.25,9.3,74718,,,,,9.351716829850607,9.149248147719712,9.157096558889698,9.577493855091467,10.528593436861657,10.402468749788955,,,,,8.963271168630428,9.330618236512622,9.949797021654115,9.726103337550692,8.775492121519642,8.57859303170671,,9.179055959761982,8.029584960389123,,9.577493855091467,"rgba(239, 83, 80, 0.5)",0.0,0.0,1.072500101850123,9.969698475354246,-0.6430754404260456,0.0,0.0,0.0,0.0,0.0,0.0,0.0,0.0,44.58063412177846,-9.809255656407956,False,False,False,True,True,0.0,0,0.9605335107449465,0.971478956673897,False,False,False,False,-0.18656491432944497,-0.19028797604901274,False,False,False,False,1988608,1958781.1614715455,False,False,False,False,148099.80762375487,False,False,False,False
2024-11-29 00:00:00+00:00,9.31,9.36,9.16,9.36,36927,,,,,9.342293613418521,9.152078961686334,9.159018975182201,9.575141864752325,10.524303286999984,10.399622794528943,,,,,8.9665135025763,9.330155449233159,9.945606830265513,9.725385529784383,8.776086628605999,8.57929769390556,,9.17918640703689,8.030536385174926,,9.575141864752325,#000000,0.0,0.0,1.0839684015207964,9.96744081996712,-0.6065129011553627,0.0,0.0,0.0,0.0,0.0,0.0,0.0,0.0,45.29636566206291,-8.917054697446801,False,False,False,False,True,0.0,0,0.9554283236140844,0.9748145345833029,False,False,False,False,-0.19948418652970554,-0.19488608128935914,False,False,False,False,2025535,1961398.9590608967,False,False,False,False,143740.08967772528,False,False,False,False
2024-12-02 00:00:00+00:00,9.24,9.43,9.18,9.22,169942,,,,,9.320701157723171,9.164254039003904,9.167583474634275,9.565006922575163,10.505036210043835,10.38678542036358,,,,,8.98091253608272,9.328377290360391,9.927162535505806,9.722160086253714,8.778840727524551,8.582553197807902,,9.179823023492315,8.034919620441563,,9.565006922575163,"rgba(239, 83, 80, 0.5)",0.0,0.0,1.095432828192188,9.958358984992882,-0.6557763894828702,0.0,0.0,0.0,0.0,0.0,0.0,0.0,0.0,45.20671267937398,-8.774591100181276,False,False,False,True,True,0.0,1,0.9472434083541029,0.9847319303637355,False,False,False,False,-0.1911716601334831,-0.1930288707114211,False,False,False,False,1855593,1957249.7057643908,False,False,False,False,144767.61557271643,False,False,False,False
2024-12-03 00:00:00+00:00,9.05,9.32,8.99,9.32,107097,,,,,9.283066791563074,9.161809965088157,9.165603518249284,9.555475373867546,10.491615866103349,10.377670709385953,,,,,8.984785303908044,9.32350677433494,9.913240392838464,9.719403878062664,8.780004078045904,8.584114805411453,,9.179593458019088,8.037306860318429,,9.555475373867546,"rgba(239, 83, 80, 0.75)",0.0,0.0,1.105669142308089,9.950123012649875,-0.8140979776019289,0.0,0.0,0.0,0.0,0.0,0.0,0.0,0.0,43.676018711098195,-8.774591100181276,False,True,False,True,True,0.0,0,0.9439824340801709,0.9892403978052128,False,False,False,False,-0.21898849197985773,-0.20600868134563943,False,False,False,False,1748496,1949063.285930493,False,False,False,False,143290.33653064913,False,False,False,False
2024-12-04 00:00:00+00:00,9.3,9.33,9.07,9.15,127993,,,,,9.273961893755075,9.166238493690791,9.168812085474029,9.547435006950248,10.477211659822824,10.367914428361729,,,,,8.992789837016959,9.321056318358567,9.899508127283628,9.716759405678891,8.781844043945554,8.586361431327445,,9.179838791374099,8.040443347057007,,9.547435006950248,"rgba(239, 83, 80, 0.5)",0.0,0.0,1.1080991434487095,9.943378014584306,-0.5806141249978193,0.0,0.0,0.0,0.0,0.0,0.0,0.0,0.0,45.11459319185794,-8.635623338810511,False,False,False,True,True,0.0,0,0.9376758224583889,1.0119217394701885,False,False,False,False,-0.21061024269673423,-0.20830946202118683,False,False,False,False,1876489,1946217.2355018463,False,False,False,False,142690.4409804276,False,False,False,False
2024-12-05 00:00:00+00:00,9.15,9.32,9.13,9.32,85761,,,,,9.265880489170089,9.167583371885554,9.169771596739626,9.541720184881013,10.467489580057617,10.361280497076807,,,,,8.997166755286047,9.318891494007827,9.890168036389559,9.714882461105184,8.782978162466545,8.587780980021494,,9.179900274182174,8.04247727614145,,9.541720184881013,"rgba(239, 83, 80, 0.5)",0.0,0.0,1.1052990790071728,9.938603158885895,-0.7134749081617368,0.0,0.0,0.0,0.0,0.0,0.0,0.0,0.0,44.86144476493915,-8.635623338810511,False,False,False,True,True,0.0,0,0.9346179199338851,1.004629037494712,False,False,False,False,-0.20596829128830943,-0.20713887665474812,False,False,False,False,1790728,1940119.6184233427,False,False,False,False,140457.91388315594,False,False,False,False
2024-12-06 00:00:00+00:00,9.05,9.25,9.03,9.19,82299,,,,,9.251087002162919,9.165463201359925,9.168057532713725,9.535011543362272,10.45764546499419,10.354496924209869,,,,,8.999408488367779,9.315367208975976,9.880297930974445,9.712781453322888,8.783827094184874,8.588937710055035,,9.179696311063061,8.044271163929253,,9.535011543362272,"rgba(239, 83, 80, 0.5)",0.0,0.0,1.108601911507574,9.93314665375189,-0.7966310039560637,0.0,0.0,0.0,0.0,0.0,0.0,0.0,0.0,43.91434505101103,-8.635623338810511,False,False,False,True,True,0.0,1,0.9261119506919131,1.0095860372773877,False,False,False,False,-0.2217879244303269,-0.2144634005425375,False,False,False,False,1708429,1931033.7118185058,False,False,False,False,138177.17216224785,False,False,False,False
2024-12-09 00:00:00+00:00,9.15,9.34,9.08,9.11,101228,,,,,9.244701643878713,9.166526271397661,9.168805132197436,9.52854087061253,10.446438512913025,10.346783239127053,,,,,9.00395492456421,9.312818500528325,9.869720742114152,9.710557470387968,8.785119885871511,8.590570849557317,,9.179733159213269,8.046634412261554,,9.52854087061253,"rgba(239, 83, 80, 0.5)",0.0,0.0,1.111162494907985,9.927736765167944,-0.6999307200629987,0.0,0.0,0.0,0.0,0.0,0.0,0.0,0.0,44.34084390994791,-8.635623338810511,False,False,False,True,True,0.0,1,0.9284753341049153,1.003170410817976,False,False,False,False,-0.20875239938941814,-0.21160789996597784,False,False,False,False,1809657,1926273.8407667996,False,False,False,False,136728.1850186303,False,False,False,False
2024-12-10 00:00:00+00:00,9.02,9.19,8.99,9.19,141880,,,,,9.221951414376223,9.160809488320973,9.164149975355869,9.516710691136982,10.429550864168903,10.335007718127637,,,,,9.005983794458682,9.305998915540092,9.852836918096457,9.70674099722518,8.78637030493084,8.592377058278137,,9.179169254160042,8.04957482442619,,9.516710691136982,"rgba(239, 83, 80, 0.5)",0.0,0.0,1.1118297231740928,9.918270775908447,-0.8079211746057932,0.0,0.0,0.0,0.0,0.0,0.0,0.0,0.0,43.531591277167486,-8.635623338810511,False,False,False,True,False,0.0,1,0.921395367277557,1.0091237077638247,False,False,False,False,-0.231144382370473,-0.2213761411682254,False,False,False,False,1667777,1916136.7097563369,False,False,False,False,136930.216978684,False,False,False,False
2024-12-11 00:00:00+00:00,9.17,9.21,9.0,9.14,73199,,,,,9.216058090973103,9.15982998958795,9.163288836802801,9.511623666796023,10.42137529646883,10.329300192293497,,,,,9.007965074411644,9.30347175060266,9.845044665583135,9.704972552170705,8.787148256061146,8.593420780789662,,9.179034506666484,8.051174329399146,,9.511623666796023,"rgba(239, 83, 80, 0.5)",0.0,0.0,1.1049208850239944,9.914084812453648,-0.6734281363841628,0.0,0.0,0.0,0.0,0.0,0.0,0.0,0.0,44.62557412627049,-8.50321586957189,False,False,False,True,False,0.0,1,0.9358363250570692,1.0072455023581823,False,False,False,False,-0.2283333382301941,-0.22485473969920977,False,False,False,False,1740976,1909267.662314912,False,False,False,False,134430.9535677552,False,False,False,False
2024-12-12 00:00:00+00:00,9.09,9.19,9.01,9.18,86876,,,,,9.207893382746526,9.157750181991199,9.161520498225817,9.50529842729655,10.41158254481462,10.322428572144505,,,,,9.009660370490472,9.300069803876422,9.835633483633735,9.702779464234974,8.787985784209337,8.594584846477527,,9.178784373391501,8.053013760873137,,9.50529842729655,"rgba(239, 83, 80, 0.5)",0.0,0.0,1.1013505223011504,9.908921863881929,-0.743561515884046,0.0,0.0,0.0,0.0,0.0,0.0,0.0,0.0,44.61899429459138,-8.363871487923134,False,False,False,True,False,0.0,1,0.9181560576395565,1.0122808695258279,False,False,False,False,-0.22926995679114168,-0.22706234824517574,False,False,False,False,1654100,1899261.0873221706,False,False,False,False,132566.05342784323,False,False,False,False
2024-12-13 00:00:00+00:00,9.01,9.07,8.9501,9.0,130638,,,,,9.189443858947877,9.150781194255734,9.155706229412063,9.494200573825438,10.396174008389929,10.31151833868041,,,,,9.009670789918268,9.293068539717202,9.820311084233968,9.699044127495329,8.788885623759311,8.596024891789472,,9.178017274659135,8.055539019196289,,9.494200573825438,"rgba(239, 83, 80, 0.5)",0.0,0.0,1.10317948357147,9.900140375973809,-0.8068862675836201,0.0,0.0,0.0,0.0,0.0,0.0,0.0,0.0,43.88133024083679,-8.363871487923134,False,False,False,True,False,0.0,1,0.9316625219128382,1.0109105548534392,False,False,False,False,-0.24618913797834613,-0.23662574311176093,False,False,False,False,1523462,1884523.8682114973,False,False,False,False,132490.44348949642,False,False,False,False
2024-12-16 00:00:00+00:00,9.24,9.27,8.8001,8.82,125431,,,,,9.18237072607704,9.14872650329795,9.153845992833537,9.485968974679176,10.382670023628915,10.301951388834254,,,,,9.012118378345658,9.288771394613722,9.807759251235078,9.69597609771327,8.790104507803155,8.59770776730913,,9.17769287369273,8.058186978549095,,9.485968974679176,#000000,0.0,0.0,1.099116221547344,9.893243662884144,-0.5943353851738286,0.0,0.0,0.0,0.0,0.0,0.0,0.0,0.0,45.979791695551135,-6.890552429302716,False,False,False,False,True,0.0,1,0.9147326418214646,1.0148737426099097,False,False,False,False,-0.24147326421857293,-0.23904950366516692,False,False,False,False,1648893,1875283.442007125,False,False,False,False,132213.6025683397,False,False,False,False
2024-12-17 00:00:00+00:00,9.08,9.34,9.0,9.22,75828,,,,,9.180365520087193,9.148503726937399,9.15355475061011,9.48161927707694,10.374872174097044,10.296415458157782,,,,,9.01410651343188,9.286761627954899,9.800765761959982,9.694250342910681,8.790922434861374,8.5987930414563,,9.177594110908386,8.059837174071758,,9.48161927707694,"rgba(239, 83, 80, 0.5)",0.0,0.0,1.0899185356779901,9.889447929816077,-0.7426682851233054,0.0,0.0,0.0,0.0,0.0,0.0,0.0,0.0,45.81353839138855,-6.890552429302716,False,False,False,True,True,0.0,1,0.9226629368928351,1.0194647571846291,False,False,False,False,-0.21619243397866783,-0.22762096882191737,False,False,False,False,1573065,1863431.7383990025,False,False,False,False,130002.4024676205,False,False,False,False
2024-12-18 00:00:00+00:00,8.92,9.41,8.885,9.07,183672,,,,,9.169186600352567,9.144029114255293,9.149584825876492,9.469503798349793,10.35536053081156,10.282442772812956,,,,,9.016195420089911,9.27994630604692,9.782727523447965,9.689604323870405,8.792503130563922,8.601074246666109,,9.176926061936108,8.063561967502,,9.469503798349793,"rgba(239, 83, 80, 0.5)",0.0,0.0,1.094255681043299,9.84917452624479,-0.8491384073591324,0.0,0.0,0.0,0.0,0.0,0.0,0.0,0.0,44.28773715596296,-6.890552429302716,False,False,False,True,False,0.0,1,0.9282569844811744,1.008279399440636,False,False,False,False,-0.22038778327740527,-0.22400437604966134,False,False,False,False,1389393,1844841.9839519828,False,False,False,False,132107.0925669295,False,False,False,False
2024-12-19 00:00:00+00:00,8.8,9.1388,8.77,9.05,451880,,,,,9.115422554325443,9.113815375354806,9.123300944825022,9.43110132746206,10.303760992683596,10.244779694152825,,,,,9.006911735105923,9.25268212106809,9.732248895067562,9.675421739018025,8.79401192763794,8.604614868664248,,9.17273974374111,8.071095758324018,,9.43110132746206,"rgba(239, 83, 80, 0.5)",0.0,0.0,1.1014439826186733,9.81333674790994,-0.9200075209460403,0.0,0.0,0.0,0.0,0.0,0.0,0.0,0.0,42.28781181203634,-4.798372404130141,False,False,False,True,False,0.0,1,0.9203691462856562,1.0267097167844614,False,False,False,False,-0.256725668185038,-0.24036502211734967,False,False,False,False,937513,1809260.455169552,False,False,False,False,144647.20658391266,False,False,False,False
2024-12-20 00:00:00+00:00,8.88,9.02,8.69,8.69,191020,,,,,9.095596635835827,9.10121367536022,9.112095087798636,9.415286544989643,10.282448956567983,10.229018200963637,,,,,9.002103478896984,9.241132881752923,9.711673313874284,9.669279537933955,8.794410002671516,8.605891338107597,,9.170754187271006,8.07409026925436,,9.415286544989643,"rgba(239, 83, 80, 1.0)",0.0,0.0,1.1090674924019452,9.799915961787182,-0.8294499370772177,0.0,0.0,0.0,0.0,0.0,0.0,0.0,0.0,41.97931171801456,-5.096795588273018,False,True,False,True,False,0.0,1,0.9284318216521609,1.0134422558151377,False,False,False,False,-0.27568703251357507,-0.25802602731546237,False,False,False,False,1128533,1782565.2608491774,False,False,False,False,146465.7475021906,False,False,False,False
2024-12-23 00:00:00+00:00,8.89,8.97,8.59,8.89,94066,,,,,9.085196813376823,9.094334568501555,9.105954501487727,9.407186624942783,10.271846560769541,10.221127297364747,,,,,8.999095016060211,9.23502186381799,9.701357114886445,9.666115717027868,8.794472762986217,8.606402199075076,,9.169638744935126,8.07546988399979,,9.407186624942783,"rgba(239, 83, 80, 1.0)",0.0,0.0,1.1156343002489333,9.748128008553177,-0.7691839596198334,0.0,0.0,0.0,0.0,0.0,0.0,0.0,0.0,41.90662213578005,-5.237649092730756,False,True,False,True,False,0.0,1,0.9124942298815204,1.0366261476124532,True,False,False,False,-0.2901223002867351,-0.2740741638010987,False,False,False,False,1222599,1760605.7996394057,False,False,False,False,144410.85544328118,False,False,False,False
2024-12-24 00:00:00+00:00,8.77,8.9,8.64,8.76,111044,,,,,9.071908539680189,9.085335182490692,9.097908634656516,9.39716873131296,10.25913116401353,10.211619128447724,,,,,8.994789870343379,9.227250679499779,9.688854449925605,9.66220741376476,8.794391568378058,8.606868946583063,,9.16815808792949,8.07698979702095,,9.39716873131296,"rgba(239, 83, 80, 1.0)",0.0,0.0,1.1259650195389106,9.738561640210312,-0.8602057998275509,0.0,0.0,0.0,0.0,0.0,0.0,0.0,0.0,40.71106804910535,-6.46023552849006,False,True,False,True,False,0.0,1,0.9008310964278342,1.0466704521990506,False,False,False,False,-0.29205579880066895,-0.28306498130088387,False,False,False,False,1111555,1735152.827104527,True,False,False,False,143102.35130825054,True,False,False,False
2024-12-26 00:00:00+00:00,9.09,9.13,8.64,8.8,198418,,,,,9.0636019164731,9.079099699155853,9.09197563785091,9.385040838929745,10.239671052416927,10.197057782534607,,,,,8.993443055667212,9.219308478708623,9.671624932478464,9.656725807365241,8.795328269760892,8.608626225727914,,9.166745252681197,8.080403243420294,,9.385040838929745,"rgba(239, 83, 80, 0.5)",0.0,0.0,1.128787645905811,9.732786959535947,-0.5694489675426361,0.0,0.0,0.0,0.0,0.0,0.0,0.0,0.0,43.916325487233806,-9.082128356417051,False,False,False,True,True,0.0,1,0.8927565288916307,1.0444221673863872,False,False,False,False,-0.26994446862477595,-0.2765047249628299,False,False,False,False,1309973,1718479.1083945455,False,False,False,False,145271.5924334172,False,False,False,False
2024-12-27 00:00:00+00:00,8.95,9.0784,8.72,9.05,117472,,,,,9.057729258961064,9.074666040255142,9.087804723915468,9.37757576318025,10.22809544017745,10.188341452160252,,,,,8.991984146164562,9.214191939709915,9.661290675693676,9.65335069991384,8.795748308062153,8.609546862751136,,9.165773234264096,8.08232605918662,,9.37757576318025,"rgba(239, 83, 80, 0.5)",0.0,0.0,1.1345889123378705,9.727121997243971,-0.6849370629250006,0.0,0.0,0.0,0.0,0.0,0.0,0.0,0.0,44.61620729074978,-8.475166750069242,False,False,False,True,True,0.0,1,0.8901038453629447,1.0511052848036195,False,False,False,False,-0.2672323928383328,-0.27186855890058137,False,False,False,False,1192501,1697852.515908485,False,False,False,False,144181.41233798908,False,False,False,False
2024-12-30 00:00:00+00:00,8.99,9.05,8.8,8.94,126330,,,,,9.05316822544231,9.07102755803719,9.084294094493384,9.370322517690175,10.216155322545822,10.179321096905651,,,,,8.991082768457874,9.209423148958447,9.65093073489595,9.64990416673181,8.796310516147011,8.610628779033945,,9.164863126948498,8.084459376507388,,9.370322517690175,"rgba(239, 83, 80, 0.5)",0.0,0.0,1.139064734099208,9.721672081697344,-0.6423446006130307,0.0,0.0,0.0,0.0,0.0,0.0,0.0,0.0,45.554528844252275,-7.5936950729248665,False,False,False,True,True,0.0,1,0.8767344591415277,1.0829978564333145,False,False,False,False,-0.26231459847716065,-0.267091578688871,False,False,False,False,1318831,1682988.9270493288,False,False,False,False,143481.3569521856,False,False,False,False
2024-12-31 00:00:00+00:00,9.06,9.2,8.98,9.04,513439,,,,,9.057006097563693,9.071956790073404,9.08389984548375,9.351732866439466,10.174698959681894,10.147793884908314,,,,,8.997733174508141,9.200680127042496,9.619163286002628,9.638827294337244,8.80054162790035,8.616672162377876,,9.163454266070044,8.09434666251355,,9.351732866439466,#000000,0.0,0.0,1.1413535034422289,9.70858320663898,-0.5682579539843757,0.0,0.0,0.0,0.0,0.0,0.0,0.0,0.0,47.021877391181086,-6.20065398801168,True,False,False,False,True,0.0,1,0.8768993302637088,1.0702438258685647,False,False,False,False,-0.22213829793911596,-0.2446149383139935,False,False,False,False,1832270,1688843.0867728847,False,False,False,False,157989.49981680576,False,False,False,False
2025-01-02 00:00:00+00:00,8.88,9.23,8.81,9.15,141654,,,,,9.053829541566031,9.069217117447671,9.081168360270572,9.34516421873105,10.16272553013179,10.13857418690146,,,,,8.997239865771947,9.196520458446498,9.609398991854123,9.635277715635072,8.801249721648801,8.617934627869133,,9.162587435199846,8.096748546510323,,9.34516421873105,"rgba(239, 83, 80, 0.5)",0.0,0.0,1.1462091848766194,9.702451816457959,-0.7175407659523237,0.0,0.0,0.0,0.0,0.0,0.0,0.0,0.0,46.008029897187996,-6.20065398801168,True,False,False,True,True,0.0,1,0.8900141903610658,1.0616229568507913,False,False,False,False,-0.219438350972238,-0.23202664464311573,False,False,False,False,1690616,1688912.6127817912,False,False,False,False,157348.89198085258,False,False,False,False
2025-01-03 00:00:00+00:00,9.1,9.13,8.88,8.9,72686,,,,,9.053501593140542,9.068759660103359,9.080611298948055,9.342440590966987,10.156996105159504,10.134153401142084,,,,,8.997644686773686,9.195033645084127,9.604989992054973,9.633643864960685,8.801743708350148,8.618693788562174,,9.162293528915118,8.098064598884621,,9.342440590966987,#000000,0.0,0.0,1.1484029333371304,9.699938849157551,-0.5224114565905854,0.0,0.0,0.0,0.0,0.0,0.0,0.0,0.0,47.91931543550519,-5.450599869365,True,False,False,False,True,0.0,1,0.9135902744598398,1.0420714551149335,False,False,False,False,-0.21324300003639493,-0.22263482233975534,False,False,False,False,1763302,1691829.8436530936,False,False,False,False,154028.77856983876,False,False,False,False
2025-01-06 00:00:00+00:00,9.06,9.33,9.06,9.12,123747,,,,,9.05654189288679,9.070658028495028,9.082059207014145,9.339590902183723,10.148348101809393,10.127476964035544,,,,,9.000262187963951,9.194331654379768,9.599104006093151,9.631406876048164,8.802983394372667,8.620328676133834,,9.16224487143139,8.100566223250837,,9.339590902183723,#000000,0.0,0.0,1.150232847558976,9.697382991877424,-0.5541338810051178,0.0,0.0,0.0,0.0,0.0,0.0,0.0,0.0,48.72846782023281,-4.685274335220335,True,False,False,False,True,0.0,1,0.9348641347529002,1.0117855818634462,False,False,False,False,-0.16538584138912138,-0.19401033186443836,False,False,False,False,1639555,1689779.8497843447,False,False,False,False,152841.2578416098,False,False,False,False
2025-01-07 00:00:00+00:00,8.9,9.22,8.83,9.17,93283,,,,,9.054843524014686,9.069146451509189,9.080530328787816,9.335658013602268,10.140854599206895,10.121655729855199,,,,,9.000045748561456,9.191881081678593,9.593157120763253,9.629155133806796,8.803466044857217,8.621168748702873,,9.161712658501754,8.102145903348173,,9.335658013602268,#000000,0.0,0.0,1.1513426865976994,9.693531469025825,-0.6892226599977517,0.0,0.0,0.0,0.0,0.0,0.0,0.0,0.0,47.48806136809404,-4.685274335220335,True,False,False,False,True,0.0,1,0.9344750913229923,1.0144263857271427,False,False,False,False,-0.20816354843261492,-0.20108694014852663,False,False,False,False,1546272,1684152.0909692724,False,False,False,False,150505.63988703687,False,False,False,False
2025-01-08 00:00:00+00:00,8.97,8.98,8.78,8.91,101963,,,,,9.051261455111275,9.066191230674129,9.077691796570418,9.330582975205559,10.13226134598728,10.114954641830165,,,,,8.99880471119685,9.188347492908793,9.58602085918889,9.626434244837927,8.803776769967268,8.621897520744156,,9.160896860945783,8.103722960366156,,9.330582975205559,#000000,0.0,0.0,1.1454749673829308,9.688513907522248,-0.6272628629884751,0.0,0.0,0.0,0.0,0.0,0.0,0.0,0.0,47.5512816277744,-4.685274335220335,True,False,False,False,True,0.0,1,0.9390461522120135,1.0134101651707474,False,False,False,False,-0.24524772407504858,-0.2231673321117876,False,False,False,False,1648235,1682743.5775979285,False,False,False,False,148602.00695029032,False,False,False,False
2025-01-10 00:00:00+00:00,8.98,9.03,8.83,8.86,144131,,,,,9.047728510212375,9.0631341118159,9.074679752242353,9.324219835868202,10.120675255245045,10.10589212579736,,,,,8.997808362033897,9.184139463763392,9.57671748401251,9.622818090179944,8.804363472204018,8.623051746741991,,9.159919876353454,8.106042656234898,,9.324219835868202,#000000,0.0,0.0,1.1457241307504211,9.68218426862399,-0.612873771074435,0.0,0.0,0.0,0.0,0.0,0.0,0.0,0.0,47.72550978602224,-4.685274335220335,True,False,False,False,True,0.0,1,0.9434256709325558,1.0217344349046928,False,False,False,False,-0.23239015209837044,-0.22777874210507904,False,False,False,False,1792366,1687042.4961235,False,False,False,False,148426.6733443966,False,False,False,False
2025-01-13 00:00:00+00:00,9.05,9.08,8.85,8.88,90801,,,,,9.046595129396662,9.06202721673828,9.073518480331204,9.32080054594013,10.113777241817763,10.10048161952304,,,,,8.997755128091082,9.182069206917575,9.571418119547133,9.620715512935682,8.804851023201579,8.623878946024021,,9.159442639220327,8.107578260665326,,9.32080054594013,#000000,0.0,0.0,1.136496386283766,9.678732814762503,-0.5532202498402992,0.0,0.0,0.0,0.0,0.0,0.0,0.0,0.0,48.79537208665746,-4.382498066938865,True,False,False,False,True,0.0,1,0.9239329967875173,1.0356487248410151,False,False,False,False,-0.2191356770163622,-0.22345720956072063,False,False,False,False,1883167,1694733.6531382648,False,False,False,False,146166.84301716537,False,False,False,False
2025-01-14 00:00:00+00:00,9.21,9.24,9.04,9.1,84864,,,,,9.048825029019232,9.063506751780988,9.0747010326711,9.319294266436351,10.108372795732414,10.096241416441575,,,,,8.99957578039596,9.181881120739645,9.56798269127488,9.619292118720471,8.805713370338774,8.625002929193846,,9.159453028680996,8.109283194676323,,9.319294266436351,"rgba(38, 166, 154, 1.0)",0.0,0.0,1.1283133070734126,9.677075013843739,-0.4139586149659301,0.0,0.0,0.0,0.0,0.0,0.0,0.0,0.0,51.49868902187019,-1.7554177201447771,True,False,True,False,True,0.0,1,0.9386777829447066,1.0217287805310127,False,False,False,False,0.09420199516087958,-0.06462760719992053,False,False,False,False,1968031,1705451.1961524505,False,False,False,False,143762.8099576687,False,False,False,False
2025-01-15 00:00:00+00:00,9.5,9.6699,9.35,9.48,83094,,,,9.506633333333335,9.057230352330407,9.069754120472462,9.080198604874155,9.321032632384869,10.105041078991746,10.093640848700003,,,,,9.004976808994945,9.185042184015037,9.567481132854407,9.618949874718263,8.80736042217878,8.62679788063516,,9.160358413317557,8.111489215651895,,9.321032632384869,"rgba(38, 166, 154, 1.0)",0.0,0.0,1.1164137080704397,9.67840338005315,-0.15980042054615562,0.0,0.0,0.0,0.0,0.0,0.0,0.0,0.0,56.105440170408,2.504887278002357,True,False,True,False,True,0.0,1,1.0375108706155185,0.9866396109124876,False,False,False,False,0.3428281802346616,0.13910028651737055,False,False,False,False,2051125,1719007.0315974525,False,False,False,False,141383.64093972094,False,False,False,False
2025-01-16 00:00:00+00:00,9.49,9.555,9.44,9.47,83280,,,,9.500810163847717,9.0651402093069,9.075679100541892,9.08542330712008,9.32263562460425,10.101674518809647,10.09100617671357,,,,,9.010152819463734,9.188036781538923,9.56689206743587,9.618573632397242,8.808976079114812,8.628565841964623,,9.161230772596953,8.113674819138863,,9.32263562460425,"rgba(38, 166, 154, 1.0)",0.0,0.0,1.1054965538755204,9.67950408350232,-0.1714198771927221,0.0,0.0,0.0,0.0,0.0,0.0,0.0,0.0,59.01655324489077,5.032835349962632,True,False,True,False,True,0.0,1,1.021318252472137,0.9680854582134474,False,False,False,False,0.3336204807286557,0.23636038362301312,False,False,False,False,1967845,1728765.383299513,False,False,False,False,139105.06678522206,False,False,False,False
2025-01-17 00:00:00+00:00,9.61,9.68,9.52,9.57,96776,,,,9.53851406751536,9.076208072042153,9.084086231490478,9.092894534702944,9.325609370983917,10.098499072013674,10.088524756747455,,,,,9.017345553837737,9.192647541344261,9.567233006403256,9.618520063490866,8.811139031453724,8.630867037005633,,9.162565989543765,8.116404462893962,,9.325609370983917,"rgba(38, 166, 154, 1.0)",0.0,0.0,1.0896024070299337,9.681692490493791,-0.06579692742163917,0.0,0.0,0.0,0.0,0.0,0.0,0.0,0.0,61.99397877854186,7.606714112250181,True,False,True,False,True,0.3998160895103773,0,1.0424872565236474,0.9427809472369445,False,False,False,False,0.3428281851950641,0.2895942844090386,False,False,False,False,2064621,1741936.1917975713,False,False,False,False,137445.10338188004,False,False,False,False
2025-01-21 00:00:00+00:00,9.83,10.01,9.6653,9.73,142726,,,,9.642808294815822,9.098547135868309,9.101328509625256,9.108356135220335,9.333447341114013,10.09604681778789,10.08663715974112,,,,,9.031712603320578,9.202997464670698,9.570878751940963,9.619636997270872,8.815234554632541,8.635045233742572,,9.165548269223239,8.121036601605404,,9.333447341114013,"rgba(38, 166, 154, 1.0)",0.0,0.0,1.0737637265900537,9.687826770790657,0.13240643699228094,0.0,0.0,0.0,0.0,0.0,0.0,0.0,0.0,65.59617547616824,10.75035540124668,True,False,True,False,True,2.2297075129561,0,1.046994535519126,0.9169941961103761,False,False,False,False,0.3428281850427035,0.3162112347258711,False,False,False,False,2207347,1760187.596040804,False,False,False,False,137652.19736690435,False,False,False,False
2025-01-22 00:00:00+00:00,9.69,9.92,9.65,9.8,215694,,,,9.681162120865979,9.126435114766142,9.123192009199967,9.128041700373846,9.342987431167652,10.091291828006833,10.082927156613662,,,,,9.050376750294193,9.216077597893355,9.574555930699413,9.620670929412242,8.820870831668987,8.640878285308105,,9.169461062805892,8.127658025413544,,9.342987431167652,"rgba(38, 166, 154, 1.0)",0.0,0.0,1.0578220017504862,9.694504005759853,-0.00425781062636297,0.0,0.0,0.0,0.0,0.0,0.0,0.0,0.0,65.67263030126838,10.75035540124668,True,False,True,False,True,1.0188693277716432,0,1.0139404875632454,0.9686586703463895,False,False,False,False,0.30672277868712905,0.31146700670650007,False,False,False,False,1991653,1769264.6707058705,False,False,False,False,140712.66021526104,False,False,False,False
2025-01-23 00:00:00+00:00,9.9,9.94,9.64,9.64,119582,,,,9.704638714865506,9.14258804406725,9.136031427613514,9.139666569517905,9.349004290671777,10.089271837091479,10.081355449774874,,,,,9.061350817129702,9.224018609975499,9.577341752903786,9.621550357782045,8.82420999084109,8.644297473195747,,9.171877622589806,8.131470438929302,,9.349004290671777,"rgba(38, 166, 154, 1.0)",0.0,0.0,1.0452305577808834,9.698646639812093,0.1926401392391341,0.0,0.0,0.0,0.0,0.0,0.0,0.0,0.0,67.27861502160614,12.116558369472493,True,False,True,False,True,2.7526292069990212,0,1.0211436501441131,0.9371668505141801,False,False,False,False,0.3101171382387479,0.31079207247262397,False,False,False,False,2111235,1782675.27185466,False,False,False,False,139884.0068734861,False,False,False,False
2025-01-24 00:00:00+00:00,10.06,10.14,9.89,9.89,138234,,,,9.755783481656518,9.16563718555112,9.154502864784929,9.156468971469147,9.358658243014569,10.088753394933928,10.080993909022071,,,,,9.076925512559473,9.235956300024302,9.5830508734195,9.623556177184934,8.828819816596162,8.64890098914689,,9.175509678258699,8.136382296673482,,9.358658243014569,"rgba(38, 166, 154, 1.0)",0.0,0.0,1.0290566834036283,9.705636981649452,0.34435714190056577,0.0,0.0,0.0,0.0,0.0,0.0,0.0,0.0,69.35909052617319,14.079530406366572,True,False,True,False,True,4.0454047386661856,0,1.0233784797913021,0.9333238037379838,False,False,False,False,0.3428281949248283,0.32681013369872614,False,False,False,False,2249469,1800980.9082525165,False,False,False,False,139819.3007215847,False,False,False,False
2025-01-27 00:00:00+00:00,9.95,10.165,9.91,9.96,182531,,,,9.79919382067211,9.193580450085323,9.177179652077038,9.177180927402851,9.37059604426722,10.08783516632249,10.080324683038539,,,,,9.09628931326961,9.250772423858841,9.590017536322007,9.626035181396823,8.834744301929705,8.654838412710049,,9.180138363144525,8.142755584435125,,9.37059604426722,"rgba(38, 166, 154, 1.0)",0.0,0.0,1.0090932152765342,9.713891761539793,0.2339806024714004,0.0,0.0,0.0,0.0,0.0,0.0,0.0,0.0,68.98051811429545,14.079530406366572,True,False,True,False,True,3.0654487662758143,0,1.0033531484711498,0.9424838927846797,False,False,False,False,0.3428281959808739,0.3348191648398,False,False,False,False,2066938,1811410.5981249667,False,False,False,False,141494.26932073827,False,False,False,False
2025-01-28 00:00:00+00:00,10.01,10.08,9.91,9.94,127201,,,,9.820674234572738,9.211794211605483,9.192131823628873,9.190890125673164,9.378553708706786,10.087141793514094,10.079812413775763,,,,,9.109195179959224,9.26065581092328,9.594644933985645,9.627706684224071,8.838808785201902,8.658920186670986,,9.183301516190303,8.147151636360507,,9.378553708706786,"rgba(38, 166, 154, 1.0)",0.0,0.0,0.9960980088541788,9.719187253498353,0.2919519403880465,0.0,0.0,0.0,0.0,0.0,0.0,0.0,0.0,69.16702710689509,14.079530406366572,True,False,True,False,True,3.558410867838461,0,1.0223101550415485,0.9422353322061947,False,False,False,False,0.31819041802987935,0.3265047914348397,False,False,False,False,2194139,1826419.5550612428,False,False,False,False,140933.7489552191,False,False,False,False
2025-01-29 00:00:00+00:00,9.96,10.07,9.85,10.01,106941,,,,9.832170344457055,9.225736821093786,9.203686422168603,9.201514628878027,9.384669146233506,10.086303554891105,10.079173440828379,,,,,9.1192890607296,9.268326718765701,9.598079238136961,9.628950691067075,8.842087063376646,8.66223093088037,,9.185812705160432,8.150751993396485,,9.384669146233506,"rgba(38, 166, 154, 1.0)",0.0,0.0,0.9810325136267445,9.723072258414586,0.24150855174975308,0.0,0.0,0.0,0.0,0.0,0.0,0.0,0.0,68.44315338558442,14.079530406366572,True,False,True,False,True,3.1032782770239287,0,1.0263316291381126,0.9356829471699485,False,False,False,False,0.29817862464445777,0.3123417080396487,False,False,False,False,2087198,1836646.1607451157,False,False,False,False,139600.69997658307,False,False,False,False
2025-01-30 00:00:00+00:00,10.06,10.2,9.97,10.07,92504,,,,9.84845832547749,9.239235412050062,9.214903312800885,9.211848459544976,9.390908009960349,10.08624890834396,10.079161929822396,,,,,9.129014150540407,9.275924118410822,9.601939210922499,9.630395851033686,8.84520167899288,8.665337394775463,,9.188297192777322,8.154054867095914,,9.390908009960349,"rgba(38, 166, 154, 1.0)",0.0,0.0,0.9679175752265519,9.74536498247986,0.3250638541680546,0.0,0.0,0.0,0.0,0.0,0.0,0.0,0.0,68.78024449618917,14.11384679670141,True,False,True,False,True,3.9434217460390215,0,1.0415606077087642,0.9117516951303528,False,False,False,False,0.3428281980916263,0.3275849530656375,False,False,False,False,2179702,1850099.330911974,False,False,False,False,137753.7705657367,False,False,False,False
2025-01-31 00:00:00+00:00,9.92,10.125,9.91,10.04,102707,,,,9.857862246809765,9.252143244158718,9.22573511979684,9.221853646248794,9.396796018786079,10.085615432535793,10.078684285794926,,,,,9.138560684345476,9.283247212395805,9.605339050437502,9.631662169675453,8.84838542279173,8.668547563019372,,9.190756560610051,8.157534581681183,,9.396796018786079,"rgba(38, 166, 154, 0.75)",0.0,0.0,0.9424963593496803,9.746550371140025,0.1840321473280333,0.0,0.0,0.0,0.0,0.0,0.0,0.0,0.0,66.62202555136105,14.11384679670141,True,False,True,False,False,2.6472210669216274,0,1.0407173072056115,0.9091145739180736,False,False,False,False,0.30526307068287045,0.31642401187425395,False,False,False,False,2076995,1858997.2002879751,False,False,False,False,136379.38740629604,False,False,False,False
2025-02-03 00:00:00+00:00,9.72,9.866,9.63,9.77,77608,,,,9.851965975344587,9.258424097488293,9.231129357476842,9.226858304159435,9.399337241476061,10.083982895203063,10.077385984725312,,,,9.738666666666667,9.143575661546523,9.28677371258768,9.60622725786245,9.631950133110127,8.850260538587868,8.670510949971678,,9.1920316218953,8.159801937417068,,9.399337241476061,"rgba(38, 166, 154, 0.75)",0.0,0.0,0.9124433685993418,9.743541877116204,-0.02580091863930333,0.0,0.0,0.0,0.0,0.0,0.0,0.0,0.0,62.29169923984172,16.997004436863534,True,False,True,False,False,0.8321829891705619,0,1.0333297270006134,0.9194417396949045,False,False,False,False,0.16226867452113558,0.23934634319769477,False,False,False,False,1999387,1864502.6826296232,False,False,False,False,134074.62711585307,False,False,False,False
2025-02-04 00:00:00+00:00,9.95,10.0,9.68,9.68,64823,,,,9.852946064671563,9.26501945787701,9.23675039463724,9.232072054797536,9.402282569474101,10.083171280011452,10.076747863919381,,,,9.801473036066588,9.148657263348234,9.290564490156363,9.607723758877386,9.632498973608154,8.85206305565389,8.67235653796887,,9.193359811756578,8.161855889706022,,9.402282569474101,"rgba(38, 166, 154, 0.75)",0.0,0.0,0.8835600185082612,9.744475192990041,0.2326098993896886,0.0,0.0,0.0,0.0,0.0,0.0,0.0,0.0,61.71935260441361,16.448807390302534,True,False,True,False,False,2.812317475593968,0,1.043521994241773,0.9179343270527354,False,False,False,False,0.2100707098187661,0.22470852650823042,False,False,False,False,2064210,1872334.342134344,False,False,False,False,131358.87703287846,False,False,False,False
2025-02-05 00:00:00+00:00,10.04,10.08,10.0,10.04,61232,,,,9.859703668994584,9.272750985014525,9.243303353124498,9.238149314329572,9.40597803437,10.083012221081724,10.076637838534815,,,,9.873187009913435,9.154455586368067,9.295086280115378,9.60997153760965,9.633360446816834,8.854030411952651,8.674330443320203,,9.194908464710423,8.163975919672662,,9.40597803437,"rgba(38, 166, 154, 0.75)",0.0,0.0,0.84303713061977,9.74755045802624,0.3468999541678092,0.0,0.0,0.0,0.0,0.0,0.0,0.0,0.0,62.13356614189618,16.448807390302534,True,False,True,False,False,3.573739963774848,0,1.0483001947884893,0.9069499062810101,False,False,False,False,0.31768744262413634,0.2711979845661834,False,False,False,False,2125442,1882260.1326388796,False,False,False,False,128608.80342374598,False,False,False,False
2025-02-06 00:00:00+00:00,10.04,10.06,9.93,10.05,42574,,,,9.86338636840024,9.277829685643786,9.247627694967152,9.24216508607921,9.408401926237453,10.082825663205275,10.076499403963746,,,,9.896841766265833,9.158307764618709,9.298072884261096,9.611412596641754,9.633913245649987,8.855359954554695,8.675669450393057,,9.195943787161056,8.165423610235774,,9.408401926237453,"rgba(38, 166, 154, 0.75)",0.0,0.0,0.7797233743710336,9.749282530323262,0.3728469342236221,0.0,0.0,0.0,0.0,0.0,0.0,0.0,0.0,62.409708500217896,16.448807390302534,True,False,True,False,False,3.573739963774848,0,1.0332305176706682,0.9211490579360064,False,False,False,False,0.2929294571940511,0.2820637208801172,False,False,False,False,2125442,1891796.676456963,False,False,False,False,125234.88956399124,False,False,False,False
2025-02-07 00:00:00+00:00,10.03,10.07,9.87,10.03,58013,,,,9.867477237123508,9.284452544674696,9.253289749338695,9.247429551249061,9.411564903093538,10.082503587863853,10.076255235264098,,,,9.914604752670503,9.16337943348292,9.301989401379515,9.61326191327347,9.63462398469414,8.857135430171997,8.67746243455909,,9.197315775223748,8.167371289575136,,9.411564903093538,"rgba(38, 166, 154, 0.75)",0.0,0.0,0.7152164165639179,9.751323004719707,0.38964009889360224,0.0,0.0,0.0,0.0,0.0,0.0,0.0,0.0,62.4243241759896,16.448807390302534,True,False,True,False,False,3.47797300058507,0,1.0198079276206016,0.9235492602617821,False,False,False,False,0.27932617227555584,0.28069494657783656,False,False,False,False,2067429,1898684.21855669,False,False,False,False,122598.73703207001,False,False,False,False
2025-02-10 00:00:00+00:00,10.03,10.1718,10.01,10.14,70937,,,,9.875197168217642,9.293291532508084,9.260841631625816,9.254454827862004,9.415918523908426,10.082453298501424,10.076235782621742,,,,9.944098937862986,9.170094067014968,9.307272613116137,9.615977374803206,9.635685449954542,8.859452830249124,8.679782442703349,,9.199156910114905,8.169852293064517,,9.415918523908426,"rgba(38, 166, 154, 0.75)",0.0,0.0,0.668916025109772,9.754648800018021,0.4116379181329852,0.0,0.0,0.0,0.0,0.0,0.0,0.0,0.0,62.43406795983741,16.404897906386978,True,False,True,False,False,3.47797300058507,0,1.0230446560560698,0.9382649347530824,False,False,False,False,0.3428281983432048,0.3117615724605207,False,False,False,False,2067429,1905301.6609662317,False,False,False,False,120572.78656022414,False,False,False,False
2025-02-11 00:00:00+00:00,10.08,10.1,9.86,9.95,59103,,,,9.879437109723922,9.299974102504232,9.26659041687666,9.259812861324138,9.419188698538571,10.082210853931823,10.076056024171619,,,,9.953521122291555,9.175262121203478,9.311293207769276,9.617933423030582,9.636449966460672,8.86128590840474,8.681630177524804,,9.200584564296436,8.171852340716827,,9.419188698538571,"rgba(38, 166, 154, 0.75)",0.0,0.0,0.6377917986132984,9.756729806316203,0.5068584989437909,0.0,0.0,0.0,0.0,0.0,0.0,0.0,0.0,63.02353419679731,16.404897906386978,True,False,True,False,False,3.9289443069509424,0,1.0233825978506832,0.927492289194417,False,False,False,False,0.2818189631051434,0.2967902677828321,False,False,False,False,2126532,1913977.3605361835,False,False,False,False,118162.2066951173,False,False,False,False
2025-02-12 00:00:00+00:00,9.92,10.0209,9.7702,9.96,71364,,,,9.880304191746905,9.306664556366036,9.272413733059398,9.265255704724218,9.422370019834114,10.081458005106755,10.075463341951625,,,,9.946489763751497,9.180613138640673,9.315338613274271,9.619621946768243,9.63710163529473,8.863281620187413,8.68367130324094,,9.202070097107526,8.174118093176052,,9.422370019834114,"rgba(38, 166, 154, 0.75)",0.0,0.0,0.6065831642364816,9.758007143543725,0.2670579501826071,0.0,0.0,0.0,0.0,0.0,0.0,0.0,0.0,60.40188543980114,14.053664686334287,True,False,True,False,False,2.3366679189558326,1,1.0094821783862549,0.935584795970444,False,False,False,False,0.23671602515156542,0.2667531464671987,False,False,False,False,2055168,1919514.248358294,False,False,False,False,116326.98290315192,False,False,False,False
2025-02-13 00:00:00+00:00,10.12,10.13,9.91,10.04,67865,,,,9.885991272942011,9.314451329684843,9.279143044399033,9.271540260365684,9.426285373965296,10.08134565875314,10.075391210310945,,,,9.9591326558783,9.18666741487539,9.320100190016822,9.622045372649593,9.638064588309867,8.865444339085997,8.6858433269654,,9.203777022172316,8.176453195845294,,9.426285373965296,"rgba(38, 166, 154, 0.75)",0.0,0.0,0.5879372093703282,9.760662617841685,0.6111832631636952,0.0,0.0,0.0,0.0,0.0,0.0,0.0,0.0,61.07945846430985,14.053664686334287,True,False,True,False,False,4.159504307500622,1,1.0264399819794539,0.9239296607853708,False,False,False,False,0.30356766026245474,0.28516040336482673,False,False,False,False,2123033,1927495.3758736548,False,False,False,False,114426.51298538125,False,False,False,False
2025-02-14 00:00:00+00:00,10.08,10.27,10.03,10.21,54708,,,,9.892203534360586,9.321222596303498,9.284989796442408,9.277002338979388,9.429771470393984,10.08149113088899,10.075525585509025,,,,9.973722048983355,9.191894959521509,9.324273586952392,9.624308180337163,9.638974126719203,8.86728933368255,8.687682878818176,,9.205266396617604,8.178404755267138,,9.429771470393984,"rgba(38, 166, 154, 0.75)",0.0,0.0,0.5722049339934889,9.781874683508553,0.5210114397490312,0.0,0.0,0.0,0.0,0.0,0.0,0.0,0.0,60.8138614967694,14.053664686334287,True,False,True,False,False,3.7563032864876753,1,1.0338504519552703,0.9186997878803557,False,False,False,False,0.3428282007445571,0.3139943020546919,False,False,False,False,2068325,1933018.106231551,False,False,False,False,112084.61051536631,False,False,False,False
2025-02-18 00:00:00+00:00,10.11,10.14,10.0,10.09,109841,,,,9.901620629591982,9.333769057514939,9.295896468307467,9.28721221371491,9.436238228450138,10.081502927068932,10.075566452238174,,,,9.99003465579504,9.201738535580079,9.332078186520734,9.628403989030572,9.64062872821767,8.870850503510082,8.691251329985576,,9.208102293767487,8.182224376292787,,9.436238228450138,"rgba(38, 166, 154, 0.75)",0.0,0.0,0.542272927526291,9.78470500429117,0.5998731988940338,0.0,0.0,0.0,0.0,0.0,0.0,0.0,0.0,61.002846471644716,14.053664686334287,True,False,True,False,False,4.032940470926132,1,1.046326489306677,0.919041086648526,False,False,False,False,0.3004660841854101,0.307230193120051,False,False,False,False,2178166,1942631.7491244313,False,False,False,False,111996.62578927352,False,False,False,False
2025-02-19 00:00:00+00:00,10.09,10.1,9.87,10.03,63431,,,,9.904895674676922,9.340231567701657,9.301564435613466,9.292531560407056,9.439554867155948,10.081276340618384,10.075399003017498,,,,9.99240612693632,9.206923313569105,9.336138688992023,9.630411446936604,9.641442734761563,8.872790599299758,8.693210365218535,,9.209613737563387,8.184349912745427,,9.439554867155948,"rgba(38, 166, 154, 0.75)",0.0,0.0,0.5019969132384247,9.785496184221792,0.6065850361784659,0.0,0.0,0.0,0.0,0.0,0.0,0.0,0.0,60.722228099742686,13.782992110263336,True,False,True,False,False,3.824726796189008,1,1.0314283351253,0.9233088473019,False,False,False,False,0.25657252391307284,0.28190135851656195,False,False,False,False,2114735,1949380.896217591,False,False,False,False,110092.09144459612,False,False,False,False
2025-02-20 00:00:00+00:00,10.08,10.125,9.93,10.03,72055,,,,9.909164583128948,9.347691220965336,9.308116648203185,9.298685658665942,9.443437317990904,10.081125155016009,10.07529529598065,,,,9.99674432643355,9.212912524593612,9.340859996423996,9.63281175154206,9.642423971795292,8.875034389788565,8.695470552017394,,9.211376619139871,8.186791280076434,,9.443437317990904,"rgba(38, 166, 154, 0.75)",0.0,0.0,0.46660641824727894,9.787408167079326,0.6270634553629626,0.0,0.0,0.0,0.0,0.0,0.0,0.0,0.0,60.31832878255147,13.196676838374174,True,False,True,False,False,3.7189174209457114,1,1.031416524490609,0.9207070972784873,False,False,False,False,0.27838855860005457,0.28014495855830823,False,False,False,False,2042680,1953039.6846012147,False,False,False,False,108600.44079971,False,False,False,False
2025-02-21 00:00:00+00:00,9.89,10.18,9.89,10.18,97050,,,,9.912219807404169,9.356672539843025,9.316077011952766,9.306181599557815,9.448089009681159,10.080597890721494,10.07488991502077,,,,9.99573666843876,9.220289188662797,9.346601905906722,9.635549743892057,9.643547657760578,8.877892976904718,8.698371780430517,,9.213573966920212,8.189966511936188,,9.448089009681159,"rgba(38, 166, 154, 0.5)",0.0,0.0,0.4590665421157328,9.78874986148025,0.22055656256958278,0.0,0.0,0.0,0.0,0.0,0.0,0.0,0.0,56.39273521942754,9.391584213197476,False,False,True,False,False,1.7222284909714176,1,1.0357380505566316,0.9117763605505753,False,False,False,False,0.282264853941664,0.2812049062499861,False,False,False,False,1945630,1952749.1087345004,False,False,False,False,108147.48233697629,False,False,False,False
2025-02-24 00:00:00+00:00,9.78,10.02,9.78,9.95,132094,,,,9.909560590621524,9.36612106451911,9.324625635067163,9.314274634141016,9.452834555402223,10.078934519567602,10.073560386787038,,,,9.97947655054542,9.228483813163534,9.352740536860706,9.637888929882118,9.644505082855177,8.881318439591666,8.701913533262038,,9.2160580656343,8.193966918930078,,9.452834555402223,#000000,0.0,0.0,0.45562482590612674,9.787706780705566,-0.016914751495903938,0.0,0.0,0.0,0.0,0.0,0.0,0.0,0.0,52.075885144613814,5.434851490587974,False,False,False,False,False,0.589551510502659,1,1.0261161267082424,0.932458292995925,False,False,False,False,0.21362619017004456,0.24741554821001532,False,False,False,False,1813536,1947289.771137069,False,False,False,False,109086.56146101645,False,False,False,False
2025-02-25 00:00:00+00:00,9.84,9.95,9.77,9.79,144143,,,,9.906600606330421,9.375900992932038,9.333540192072636,9.32273559862371,9.457806985275248,10.077093404775159,10.072083523026821,,,,9.96489356702258,9.237097768032196,9.359187905748634,9.640311515863534,9.64550819861261,8.885003919211034,8.705731680975383,,9.218719220829033,8.198293033694801,,9.457806985275248,#000000,0.0,0.0,0.4442707152947125,9.787504325596084,0.1181614556095433,0.0,0.0,0.0,0.0,0.0,0.0,0.0,0.0,50.315823536678465,3.9782385571786705,False,True,False,False,False,1.1960046210722837,1,1.0321681159855995,0.9263440334909169,False,False,False,False,0.19369067712675328,0.2205531126683843,False,False,False,False,1957679,1947697.1918767919,False,False,False,False,110461.32375666287,False,False,False,False
2025-02-26 00:00:00+00:00,9.77,9.9525,9.71,9.8,74558,,,,9.904062015283941,9.38037044076431,9.337666853100346,9.326666386821328,9.46005964283357,10.075974181269979,10.071180449254005,,,,9.956200944352664,9.241159897981541,9.362176814103817,9.641297581834294,9.645917953041227,8.886816101401008,8.707623927348978,,9.219995401612636,8.200464643289306,,9.46005964283357,"rgba(239, 83, 80, 1.0)",0.0,0.0,0.44033553954614535,9.78712479051604,-0.03889032108035509,0.0,0.0,0.0,0.0,0.0,0.0,0.0,0.0,48.03943299816793,2.0005417258398666,False,True,False,True,False,0.463816322233896,1,1.0268414107485606,0.9278355926103646,False,False,False,False,0.17945625003331286,0.2000046813508486,False,False,False,False,1883121,1945164.7921953492,False,False,False,False,109053.35027600941,False,False,False,False
2025-02-27 00:00:00+00:00,9.7,9.81,9.66,9.78,101854,,,,9.897746079821639,9.385118419491697,9.342168897922395,9.330982877942432,9.462334792522611,10.073960733034447,10.069545543077078,,,,9.939535953902785,9.245778906415767,9.365412643562896,9.641940559235483,9.646179185950302,8.889046948879898,8.70999428604398,,9.221473057977308,8.203261171596886,,9.462334792522611,"rgba(239, 83, 80, 1.0)",0.0,0.0,0.44043582019599575,9.785470680757602,-0.19405933132225126,0.0,0.0,0.0,0.0,0.0,0.0,0.0,0.0,45.475691932116774,-0.2521588638286545,False,True,False,True,False,0.0,1,1.0223932189125013,0.9368781748775133,False,False,False,False,0.1322880273920562,0.1661463543714524,False,False,False,False,1781267,1938737.4277955317,False,False,False,False,108771.02281420512,False,False,False,False
2025-02-28 00:00:00+00:00,9.84,9.88,9.68,9.68,78113,,,,9.89519473728178,9.389476992860754,9.346231251594318,9.334864644544954,9.464557924670368,10.072766349325546,10.06857744536274,,,,9.932276183821934,9.249820892354217,9.368378420908435,9.642884958285496,9.646576229837615,8.890906246397078,8.7119416270994,,9.222772646657708,8.205506731683927,,9.464557924670368,"rgba(239, 83, 80, 1.0)",0.0,0.0,0.4416148907268865,9.785342798201508,0.12376666400113255,0.0,0.0,0.0,0.0,0.0,0.0,0.0,0.0,46.49101432664257,-0.2521588638286545,False,True,False,True,False,1.193646240304414,1,1.0297657787053869,0.9244447436731823,False,False,False,False,0.15425539770897165,0.16020087604021202,False,False,False,False,1859380,1935625.37180355,False,False,False,False,107568.7474097265,False,False,False,False
2025-03-03 00:00:00+00:00,9.45,9.9201,9.34,9.86,130904,,,,9.881567593585055,9.392600791850723,9.349510360766782,9.338081767285567,9.465708974930251,10.069119976273287,10.065594714321804,,,,9.903225206900002,9.253687265693605,9.370658559597189,9.642162725872861,9.646246556868359,8.893221244298704,8.71450303203101,,9.224075020608533,8.208715069314795,,9.465708974930251,"rgba(239, 83, 80, 1.0)",0.0,0.0,0.4415638466073042,9.781141791259897,-0.7499295827866802,0.0,0.0,0.0,0.0,0.0,0.0,0.0,0.0,42.38514189436096,-2.815990811549142,False,True,False,True,False,0.0,0,1.0154252517083522,0.9369263757707059,False,False,False,False,0.08150825530601728,0.12085456567311464,False,False,False,False,1728476,1927501.8670269402,False,False,False,False,108483.8553544431,False,False,False,False
2025-03-04 00:00:00+00:00,9.3,9.43,9.11,9.3,169125,,,,9.850668574321004,9.390138916675975,9.348218987137976,9.33707303940083,9.463127009834995,10.061793909617279,10.059568842798562,,,,9.844713351856015,9.254091435466187,9.369353237640894,9.637582687588468,9.644219822102826,8.894917176898211,8.716675523356809,,9.224344696132968,8.211959516176154,,9.463127009834995,"rgba(239, 83, 80, 1.0)",0.0,0.0,0.4417452284369974,9.770312115537708,-1.064668241469832,0.0,0.0,0.0,0.0,0.0,0.0,0.0,0.0,38.381245691495494,-6.38010144255751,False,True,False,True,False,0.0,0,0.9820446805511245,0.9769993841770602,False,False,False,False,-0.09112094094146117,0.014866812365826737,False,False,False,False,1559351,1913064.578123923,False,False,False,False,110861.93945819045,False,False,False,False
2025-03-05 00:00:00+00:00,9.19,9.375,8.99,9.28,190286,,,,9.81430073270243,9.385213787860932,9.344877131043848,9.33415842556732,9.458843313832489,10.052730084644692,10.05208572846833,,,,9.781684074139717,9.25291767444345,9.366414373237536,9.63123337895263,9.64137832378732,8.89634124166942,8.71869110547671,,9.224132385838105,8.215263883110776,,9.458843313832489,"rgba(239, 83, 80, 1.0)",0.0,0.0,0.44167278255157966,9.727678266748935,-1.2173678976610791,0.0,0.0,0.0,0.0,0.0,0.0,0.0,0.0,34.8785885358362,-9.43098198995407,False,True,False,True,False,0.0,0,0.9814813426401459,0.9861297505604331,False,False,False,False,-0.13350496989423302,-0.05931907876420314,False,False,False,False,1369065,1891731.2613347496,False,False,False,False,113976.60849904573,False,False,False,False
2025-03-06 00:00:00+00:00,10.31,10.785,9.6589,9.99,325190,,,10.2513,9.85161757357899,9.419348624240342,9.375520886955986,9.363245416857739,9.479166792785248,10.056177172963707,10.05495673860048,,,,9.847598146580742,9.281085515850327,9.389882204865946,9.645751414008577,9.647760413183988,8.90761414595914,8.72988117465683,,9.23351815572958,8.227011777979705,,9.479166792785248,"rgba(239, 83, 80, 0.75)",0.0,0.0,0.4514242925363019,9.80102715896771,1.127482170205453,0.0,0.0,0.0,0.0,0.0,0.0,0.0,0.0,44.0762580587148,-12.536310146078108,False,True,False,True,True,5.428311134679827,0,1.0046690149065167,0.878653675819309,False,False,False,False,0.34282820340416403,0.14175456231998046,False,False,False,False,1694255,1883987.094223583,False,False,False,False,122259.48659712238,False,False,False,False
2025-03-07 00:00:00+00:00,10.36,10.705,10.3105,10.36,169906,,,10.322406458545414,9.877538073146614,9.440315547017162,9.394318315980204,9.381098431344219,9.49211601771352,10.059793467910861,10.057972645930269,,,,9.889337269271298,9.2981897000097,9.404487260528423,9.655573792264835,9.652168740623132,8.91432653873105,8.73645046720689,,9.239338669184749,8.233718856679697,,9.49211601771352,#000000,0.0,0.0,0.4609263293424346,9.824321941073608,1.1621771741497153,0.0,0.0,0.0,0.0,0.0,0.0,0.0,0.0,50.49593045264207,-7.10830211997218,False,True,False,False,True,5.8491071168348014,0,1.0546240028436475,0.876506415295541,False,False,False,False,0.3428282117937532,0.24229138705686684,False,False,False,False,1864161,1883209.600332462,False,False,False,False,124127.97731880387,False,False,False,False
2025-03-10 00:00:00+00:00,9.93,10.55,9.87,10.18,229176,,,10.257305747012172,9.890563894347094,9.458235090769913,9.410843068597087,9.39692310228021,9.50305971284286,10.060474744519427,10.058558414579885,,,,9.908519649075911,9.313919108900988,9.41737857977285,9.66296962028051,9.655550658712725,8.921304961625584,8.74348939306778,,9.244925680237474,8.24132177583323,,9.50305971284286,#000000,0.0,0.0,0.460417945658827,9.830098418144107,0.2169802085210644,0.0,0.0,0.0,0.0,0.0,0.0,0.0,0.0,51.00118369734636,-7.10830211997218,False,True,False,False,True,1.7741198124291877,0,1.0307185295831633,0.8860212604912553,False,False,False,False,0.22041553612799925,0.23135346159243303,False,False,False,False,1634985,1873475.3022802086,False,False,False,False,128247.50762002726,False,False,False,False
2025-03-11 00:00:00+00:00,9.92,10.06,9.78,9.89,173760,,,10.192040537530957,9.89173139892729,9.46732833217698,9.419523722686586,9.405318303655273,9.508526334781292,10.059210392076357,10.057517842934237,,,,9.90920996876391,9.32262342791114,9.424183292297,9.66605787992595,9.657002474918826,8.92568055090561,8.748021078381461,,9.248169509034058,8.246445228082878,,9.508526334781292,#000000,0.0,0.0,0.4559407658698577,9.828162793377231,0.20142354774431892,0.0,0.0,0.0,0.0,0.0,0.0,0.0,0.0,51.259085860076006,-7.0212958193149575,False,False,False,False,True,1.6824023119210025,1,1.0213123198052059,0.914269086433297,False,False,False,False,0.09194457165465965,0.16164901662354633,False,False,False,False,1461225,1857308.6237594162,False,False,False,False,130032.31124277129,False,False,False,False
2025-03-12 00:00:00+00:00,10.25,10.45,9.75,9.93,246079,,,10.182998326211356,9.905466784163833,9.485850357881636,9.436745193599375,9.421868387963807,9.520220214984258,10.06035308618846,10.058491099106803,,,,9.928105791604375,9.339115973700274,9.437837689147218,9.674154798799947,9.660805902087423,8.933230373779907,8.755627274548294,,9.254265026974961,8.254637648500879,,9.520220214984258,"rgba(38, 166, 154, 0.5)",0.0,0.0,0.4623528935761181,9.836885383959096,0.8935049867334548,0.0,0.0,0.0,0.0,0.0,0.0,0.0,0.0,53.71090966608328,-4.652542243063813,False,False,True,False,True,4.517741627890512,1,1.0190380695423873,0.9049020060557685,False,False,False,False,0.16618364567740693,0.16391633115047663,False,False,False,False,1707304,1851426.089494341,False,False,False,False,134583.16178227047,False,False,False,False
2025-03-13 00:00:00+00:00,9.98,10.3,9.89,10.2,126985,,,10.170377543998775,9.909505473112349,9.493731924055384,9.44419640699037,9.4290660387291,9.525219612645314,10.060329297806534,10.058481244874931,,,,9.933109290991489,9.346421818488881,9.44378743391286,9.677429077271297,9.662375632732385,8.936793970417092,8.759259561742708,,9.257053993091839,8.258630866852581,,9.525219612645314,"rgba(38, 166, 154, 0.5)",0.0,0.0,0.4621807688157033,9.839166543087183,0.3047150950778213,0.0,0.0,0.0,0.0,0.0,0.0,0.0,0.0,53.13381073298539,-4.652542243063813,False,False,True,False,True,2.0306924995351423,1,1.0236987716377945,0.9123895493812133,False,False,False,False,0.1641005129336609,0.16400842204206878,False,False,False,False,1580319,1840794.4389259354,False,False,False,False,134285.19465355398,False,False,False,False
2025-03-14 00:00:00+00:00,10.0,10.19,9.96,10.03,101646,,,10.161464073122747,9.912446496500776,9.49981277731366,9.44996940734635,9.43465092650453,9.529105399998263,10.060276217757743,10.058444734285038,,,,9.936640794909955,9.35210960054512,9.448417220359651,9.679964509158927,9.663602098149312,8.939613341203279,8.762137603334473,,9.25925401141313,8.261802730978127,,9.529105399998263,#000000,0.0,0.0,0.4635902586637686,9.840891251563177,0.34320986143115095,0.0,0.0,0.0,0.0,0.0,0.0,0.0,0.0,52.89536581027216,-4.652542243063813,False,False,False,False,True,2.202790259008797,1,1.0230711965795076,0.9176499265437346,False,False,False,False,0.15578189383672336,0.15989515793939607,False,False,False,False,1681965,1834565.8334778594,False,False,False,False,133005.22623576754,False,False,False,False
2025-03-17 00:00:00+00:00,9.88,10.12,9.865,9.91,98654,,,10.147621092259778,9.913293847995172,9.504591495008913,9.454597622181637,9.439154045997542,9.532144311257264,10.059753755979633,10.05801432535264,,,,9.937163800612383,9.356803125476103,9.45214459931968,9.681769176205288,9.664494218450479,8.942103151571443,8.764713533298647,,9.261122497608538,8.264707527738535,,9.532144311257264,#000000,0.0,0.0,0.4644264117079305,9.841192812873231,0.08355938884710674,0.0,0.0,0.0,0.0,0.0,0.0,0.0,0.0,51.74243013841729,-4.652542243063813,False,False,False,False,True,1.1038681832237707,1,1.0049427833391396,0.932299643094235,False,False,False,False,0.12167974844059452,0.1407874531899953,False,False,False,False,1583311,1824712.7027532377,False,False,False,False,131658.11932456098,False,False,False,False
2025-03-18 00:00:00+00:00,9.87,9.94,9.64,9.7,138385,,,10.119170558811001,9.910668193928132,9.509120532380399,9.459192926601736,9.443681814351047,9.534963871384331,10.058073220729167,10.056613890417372,,,,9.932533737632106,9.36177073140212,9.45586844635181,9.682999466279533,9.665144926636493,8.945100997113036,8.76789041371368,,9.263207464268836,8.268433322503554,,9.534963871384331,#000000,0.0,0.0,0.4656565644721961,9.839094985568774,0.06636868625755227,0.0,0.0,0.0,0.0,0.0,0.0,0.0,0.0,50.88832118190296,-4.652542243063813,False,True,False,False,True,1.0118639179704623,1,1.0013382712450563,0.9456741375769339,False,False,False,False,0.0389953109738046,0.08989138208189995,False,False,False,False,1444926,1809819.1065668364,False,False,False,False,131921.91856673505,False,False,False,False
2025-03-19 00:00:00+00:00,10.07,10.13,9.87,9.88,173564,,,10.109843203642594,9.914381356320774,9.518312876811665,9.468032310517641,9.452272069412764,9.540959290212307,10.057774589413716,10.056373436491025,,,,9.93670842173449,9.370614049221084,9.463047191261863,9.68684839537674,9.66705570111615,8.949716699105748,8.772627706335651,,9.266768671165536,8.273701446191176,,9.540959290212307,#000000,0.0,0.0,0.46822694120317493,9.841684276984882,0.48761765486716535,0.0,0.0,0.0,0.0,0.0,0.0,0.0,0.0,52.05417509817604,-4.652542243063813,False,False,False,False,True,2.79334965029852,1,1.0119305354175356,0.9265100204580212,False,False,False,False,0.12476716701887536,0.10732927455038765,False,False,False,False,1618490,1802316.004348529,False,False,False,False,133554.94136803955,False,False,False,False
2025-03-20 00:00:00+00:00,10.01,10.1,9.78,9.99,284969,,,10.089657307675077,9.916894260305234,9.531002183691799,9.480454856294267,9.464411806780083,9.549304543775829,10.056460212393235,10.055282679763538,,,,9.938577210842212,9.383343298357028,9.473226958476673,9.691888667927877,9.669628154299641,8.956791192401205,8.779959213699875,,9.272085873772214,8.281988465616106,,9.549304543775829,#000000,0.0,0.0,0.4701248827762883,9.84375625213462,0.3536161431908042,0.0,0.0,0.0,0.0,0.0,0.0,0.0,0.0,52.23863214459176,-4.214129846945184,False,False,False,False,True,2.2241448569290547,1,0.9940742109396138,0.9419299067579071,False,False,False,False,0.1001289922877868,0.10372913341908722,False,False,False,False,1333521,1783931.8865309397,False,False,False,False,139492.74758890076,False,False,False,False
2025-03-21 00:00:00+00:00,10.58,10.82,10.1,10.11,397245,,,10.155770745971468,9.955834404907,9.568045795038703,9.514896514906564,9.497604038672906,9.57478720424024,10.064901460202261,10.062433609238738,,,,9.988613196312814,9.41580142008183,9.501547883670293,9.711915675163455,9.67955833480868,8.9716608907395,8.794597043791917,,9.285014538496421,8.29705008623525,,9.57478720424024,"rgba(38, 166, 154, 0.5)",0.0,0.0,0.48368935008681085,9.870329434035055,1.4672032076736359,0.0,0.0,0.0,0.0,0.0,0.0,0.0,0.0,56.38485185825007,0.06180535990075953,False,False,True,False,True,7.044180611739652,1,1.0237702339139985,0.8844234979870426,False,False,False,False,0.3212523675018659,0.21249075046047658,False,False,False,False,1730766,1781846.9498042362,False,False,False,False,149600.6790560027,False,False,False,False
2025-03-24 00:00:00+00:00,10.68,10.885,10.63,10.68,158256,,,10.190506039742386,9.975939991139882,9.585501582285328,9.531054312010223,9.513162906243615,9.587010272385472,10.069918740907177,10.066693362132238,,,,10.014090993282917,9.430864600262453,9.51491801270858,9.721885189512244,9.684546979776565,8.978391112697077,8.801142124835454,,9.291057275098876,8.303618597200588,,9.587010272385472,"rgba(38, 166, 154, 1.0)",0.0,0.0,0.49850363476497217,9.883743270173815,1.5972937292655718,0.0,0.0,0.0,0.0,0.0,0.0,0.0,0.0,59.700570926225396,3.366934889657024,True,False,True,False,True,7.840467700936422,0,1.0574140097327016,0.8625558864985874,False,False,False,False,0.3428282138869361,0.27765948217370634,False,False,False,False,1889022,1786049.892949168,False,False,False,False,149940.1034067477,False,False,False,False
2025-03-25 00:00:00+00:00,10.79,10.94,10.68,10.74,223359,,,10.238581953427037,10.00513463571941,9.610751467653118,9.554460733011677,9.535719372826282,9.604881564535455,10.077626005184795,10.073252118030668,,,,10.050522004303359,9.452686389969822,9.534383985313646,9.736604155873263,9.69198428986815,8.988187592940546,8.81064494390104,,9.299920485991631,8.313101023797246,,9.604881564535455,"rgba(38, 166, 154, 1.0)",0.0,0.0,0.5130396258162458,9.903055479553448,1.728803148558794,0.0,0.0,0.0,0.0,0.0,0.0,0.0,0.0,62.51306403523286,6.113634061277537,True,False,True,False,True,8.712319073868041,0,1.057195138222643,0.8627621655621984,False,False,False,False,0.3428282142713525,0.31024384822252943,False,False,False,False,2112381,1798847.1912648869,False,False,False,False,152819.27582216935,False,False,False,False
2025-03-26 00:00:00+00:00,10.62,10.91,10.58,10.82,144602,,,10.261044858082068,10.020727714481243,9.625222725457453,9.567983119219134,9.548787281484701,9.615231730337408,10.081854133370047,10.076863200451506,,,,10.069464241348925,9.465428635265498,9.545706932803151,9.745047943916575,9.696318156953156,8.994127588702598,8.816442760431359,,9.305225317267695,8.318956668870634,,9.615231730337408,"rgba(38, 166, 154, 1.0)",0.0,0.0,0.524464961170441,9.913370710782463,1.3473336476865148,0.0,0.0,0.0,0.0,0.0,0.0,0.0,0.0,62.48992737800028,6.2206410587000605,True,False,True,False,True,7.032922975934692,0,1.049257849246485,0.8686794072895554,False,False,False,False,0.3142641186824849,0.31225398345250716,False,False,False,False,1967779,1805471.9680780286,False,False,False,False,152497.02971149603,False,False,False,False
2025-03-27 00:00:00+00:00,10.83,10.86,10.46,10.54,276301,,,10.299565603258431,10.049210580857709,9.652163338446593,9.5932487967158,9.57323978700381,9.634711496441547,10.089946190592013,10.083793716281058,,,,10.103462512242324,9.489322465151838,9.566985836408167,9.760997486556478,9.704605010202014,9.005451536912158,8.827500431883465,,9.315346509039648,8.33012816231773,,9.634711496441547,"rgba(38, 166, 154, 1.0)",0.0,0.0,0.5390772229024984,9.93221326128048,1.6654139714634166,0.0,0.0,0.0,0.0,0.0,0.0,0.0,0.0,63.75114730710865,7.641283707207116,True,False,True,False,True,8.709258471905017,0,1.0293158593686682,0.8834099170152938,False,False,False,False,0.27596928078160354,0.2941116321170554,False,False,False,False,2244080,1822672.283055361,False,False,False,False,157352.08736986874,False,False,False,False
2025-03-28 00:00:00+00:00,10.6,10.95,10.55,10.85,151783,,,10.317338007403814,10.063520514941906,9.66618149851181,9.60646190939025,9.586052198820537,9.64496173042216,10.094188396220932,10.087438813552167,,,,10.120194206505442,9.50189094798113,9.578184581685617,9.769389400650958,9.709026248673363,9.011549122389644,8.833467145845884,,9.32077955251461,8.336178365501262,,9.64496173042216,"rgba(38, 166, 154, 1.0)",0.0,0.0,0.5450946855512672,9.981806555207392,1.1341028653901004,-1.0,10.95,10.55,0.0,0.0,0.0,0.0,0.0,62.174814766263665,7.641283707207116,True,False,True,False,True,6.463777605789158,0,1.024419245018524,0.8992377590868128,False,True,False,False,0.31576009753062373,0.30493586482383955,False,False,False,False,2092297,1833245.8013669155,False,False,False,False,157133.69178673663,False,False,False,False
2025-03-31 00:00:00+00:00,10.58,10.66,10.26,10.45,518704,,,10.341394365560648,10.094026908153747,9.702635947833118,9.641488488448356,9.62023915838125,9.672182330535035,10.103608260228095,10.095613592419731,,,,10.153414888670984,9.5360879661582,9.60830404900095,9.791042058390634,9.720852970281062,9.029630308231786,8.85141944719125,,9.336382575769608,8.354893391945076,,9.672182330535035,"rgba(38, 166, 154, 0.75)",0.0,0.0,0.5512941367593571,9.994528811147825,1.0619942237980597,0.0,0.0,0.0,0.0,0.0,0.0,0.0,0.0,60.92015156585226,7.641283707207116,True,False,True,False,False,6.270338615243343,1,1.0006271442800754,0.9117694076560788,False,False,False,False,0.19032992765583778,0.24763289623983867,False,False,False,False,1573593,1823063.3385682132,False,False,False,False,171312.9195598058,False,False,False,False
2025-04-01 00:00:00+00:00,10.49,10.565,10.32,10.49,193209,,,10.346862638145902,10.1032704841655,9.714745252063858,9.65324386522401,9.631755919940133,9.681395439379738,10.10664901176573,10.098271090650536,,,,10.163035764042101,9.547709329895698,9.618524998793688,9.798327912999389,9.724937560195386,9.036065795815718,8.857841405673652,,9.341885076516737,8.361648152641068,,9.681395439379738,"rgba(38, 166, 154, 0.75)",0.0,0.0,0.5529683372327953,9.999943167992313,0.8862294619978879,0.0,0.0,0.0,0.0,0.0,0.0,0.0,0.0,59.13415498684543,7.641283707207116,True,False,True,False,False,5.393765231972576,0,1.000318350454874,0.9265345104137331,False,False,False,False,0.18298298324890747,0.21530793974437307,False,False,False,False,1380384,1805703.3645067147,False,False,False,False,172171.5893809899,False,False,False,False
2025-04-02 00:00:00+00:00,10.39,10.48,10.19,10.34,176299,,,10.347127438058914,10.108929026085534,9.723947850849852,9.662318039924042,9.640691674992716,9.68850482966555,10.108563573200355,10.09996494752975,,,,10.168361253972972,9.556867323894384,9.626499708333862,9.803802852654211,9.728097395367618,9.041457854412364,8.863275167617624,,9.346391305722554,8.367467205681683,,9.68850482966555,"rgba(38, 166, 154, 0.5)",0.0,0.0,0.5545640930797399,10.002627490458124,0.6985171134875057,0.0,0.0,0.0,0.0,0.0,0.0,0.0,0.0,56.901626718860236,12.512186423297692,False,False,True,False,False,4.422514724267604,0,0.9861526900001233,0.9544356974781633,False,False,False,False,0.1382473037482472,0.17677762174631012,False,False,False,False,1204085,1782110.487467236,False,False,False,False,172333.4486209511,False,False,False,False
2025-04-03 00:00:00+00:00,10.0,10.1569,9.83,10.01,199358,,,10.331581292754409,10.106102326993751,9.728304171467014,9.667132787318605,9.645593408829427,9.692135961164439,10.107581085874152,10.099187303021331,,,9.995633333333332,10.163062884272428,9.56243581760756,9.630974892272999,9.805919097204828,9.72961003220069,9.045854151964482,8.867908606691667,,9.349645755646957,8.372828648713273,,9.692135961164439,#000000,0.0,0.0,0.55020962426211,9.997617043655163,0.004330997204988523,0.0,0.0,0.0,0.0,0.0,0.0,0.0,0.0,52.01517306134761,7.835938556774259,False,True,False,False,False,0.7791940125078334,0,0.9554350588833346,0.9552353517870755,False,False,False,False,-0.0011355045657243643,0.08782105859029288,False,False,False,False,1004727,1751624.8605077364,False,False,False,False,173393.23494954125,False,False,False,False
2025-04-04 00:00:00+00:00,9.32,9.67,9.19,9.56,252216,,,10.2818630684719,10.084292241591655,9.721644120974814,9.662218905232931,9.641261712939531,9.68773246778731,10.099805188206206,10.092593395185437,,9.393333333333333,9.659232883351713,10.134307336152826,9.55976357449862,9.627385027922061,9.800239965095171,9.727221710583123,9.047867887379617,8.87061459970652,,9.349921065911305,8.377062459304296,,9.68773246778731,"rgba(239, 83, 80, 1.0)",0.0,0.0,0.5457470951749662,9.976490717123058,-1.2029211386138245,0.0,0.0,0.0,0.0,0.0,0.0,0.0,0.0,44.93320105916306,1.3284192014190666,False,True,False,True,False,0.0,0,0.9191978490331216,0.9669605851757054,False,False,False,False,-0.23380025290219533,-0.07298959715595123,False,False,False,False,752511,1712443.9248015508,False,False,False,False,176484.32377504944,False,False,False,False
2025-04-07 00:00:00+00:00,9.02,9.415,8.58,8.88,272153,,,10.212801861004385,10.04979532489699,9.706592069821426,9.649733211222607,9.629686943241936,9.677045558030978,10.087093392880549,10.081739660197057,,9.191784268330126,9.413212710133333,10.090547778290343,9.550462536936594,9.617402668286859,9.788601294682122,9.721728939912602,9.047601484543584,8.871357280105919,,9.34759146530927,8.379861012070503,,9.677045558030978,"rgba(239, 83, 80, 1.0)",0.0,0.0,0.5491105666570587,9.90145042815345,-1.6052330471796408,0.0,0.0,0.0,0.0,0.0,0.0,0.0,0.0,39.01746131399778,-3.873061730858055,False,True,False,True,False,0.0,0,0.8730702869596803,0.9938816745368688,False,False,False,False,-0.34282825441539394,-0.20790892578567258,False,False,False,False,480358,1664126.829711294,False,False,False,False,180236.03656818476,False,False,False,False
2025-04-08 00:00:00+00:00,8.86,9.4,8.72,9.28,222299,,,10.161206585424686,10.022915488894855,9.694561781038221,9.639703047500854,9.620369567931524,9.66841414826684,10.07681756026893,10.072939262555792,,9.132701189372876,9.314548650600862,10.05688546621879,9.542935974739851,9.609332573514234,9.779206612819426,9.717231938227828,9.047327404621953,8.87190542172955,,9.345647821691584,8.382086156990313,,9.66841414826684,"rgba(239, 83, 80, 1.0)",0.0,0.0,0.5532981536629852,9.879851880425498,-1.8432229959088067,0.0,0.0,0.0,0.0,0.0,0.0,0.0,0.0,34.49410398011504,-7.720945026721125,False,True,False,True,False,0.0,0,0.8827102337593243,0.9962425599361565,False,False,False,False,-0.31749637673723236,-0.2627026512614525,False,False,False,False,258059,1608986.914820655,False,False,False,False,181885.564545903,False,False,False,False
2025-04-09 00:00:00+00:00,9.53,9.679,8.7,8.81,189453,,,10.13133824907063,10.007636250833004,9.689013034336142,9.635374608053386,9.616458110870925,9.664524502032327,10.070670972916767,10.067670006880942,,9.167166414028387,9.312621775244924,10.037676131092253,9.540204932456504,9.60599336995188,9.774460069109042,9.715063813871822,9.048423163650861,8.873550151813811,,9.345449334870695,8.384924114481722,,9.664524502032327,"rgba(239, 83, 80, 1.0)",0.0,0.0,0.5454355396634416,9.872784452511704,-0.6284600609692907,0.0,0.0,0.0,0.0,0.0,0.0,0.0,0.0,37.13328584119385,-7.720945026721125,False,True,False,True,False,0.0,0,0.8866823669191436,0.9770967262851928,False,False,False,False,-0.266200130531408,-0.2644513908964302,False,False,False,False,447512,1563438.878945335,False,False,False,False,182182.32672057347,False,False,False,False
2025-04-10 00:00:00+00:00,9.2,9.4377,8.91,9.22,177167,,,10.101432636488791,9.991579526558649,9.682389466145473,9.62999575281015,9.611514333100308,9.659774284940106,10.064122700417657,10.062041443792422,,9.169617187376492,9.295068319536771,10.017774759857787,9.536438240732627,9.60172064776822,9.768993968907305,9.712470120085506,9.048958645499626,8.874648748744622,,9.344743496969956,8.387216178698848,,9.659774284940106,"rgba(239, 83, 80, 1.0)",0.0,0.0,0.5378938908724099,9.862120687841804,-1.230950377160654,0.0,0.0,0.0,0.0,0.0,0.0,0.0,0.0,37.34114481576404,-7.720945026721125,False,True,False,True,False,0.0,0,0.8982662622317329,0.9847921384497121,False,False,False,False,-0.2723221550334632,-0.26838677296494673,False,False,False,False,270345,1512729.315065126,False,False,False,False,181985.6472413353,False,False,False,False
2025-04-11 00:00:00+00:00,9.33,9.4298,9.075,9.26,91947,,,10.08818354146445,9.984447108509821,9.67966495368443,9.627840641791527,9.609555311893109,9.65783274406935,10.061126976574958,10.059463231846706,,9.177906022062087,9.293968455322407,10.00894915017662,9.535034742542827,9.600035549672501,9.766653232385899,9.711375274267654,9.049432724028735,8.875392078125023,,9.344594327648373,8.388543048526717,,9.65783274406935,"rgba(239, 83, 80, 0.75)",0.0,0.0,0.5304211483289643,9.857949640926993,-0.9953404810314264,0.0,0.0,0.0,0.0,0.0,0.0,0.0,0.0,38.421668380131294,-7.720945026721125,False,True,False,True,True,0.0,0,0.9017090045435768,0.9925185873605946,False,False,False,False,-0.2417852120866602,-0.25508599252580344,False,False,False,False,362292,1467614.1262390427,False,False,False,False,178454.71989853785,False,False,False,False
2025-04-14 00:00:00+00:00,9.46,9.53,9.1911,9.53,115494,,,10.074421274145061,9.977119545356745,9.677263645748333,9.626052383061905,9.607973111255687,9.656155021803071,10.05794637087231,10.056723688118261,,9.19677659254851,9.301545913073834,9.99986231651372,9.53407618381697,9.598694095323635,9.764431998747856,9.710372295775558,9.050324431264816,8.876588314686204,,9.344732347119185,8.390419641885993,,9.656155021803071,"rgba(239, 83, 80, 0.75)",0.0,0.0,0.5217356688095333,9.854477963117777,-0.7560877791197855,0.0,0.0,0.0,0.0,0.0,0.0,0.0,0.0,40.08407554147634,-7.720945026721125,False,True,False,True,True,0.0,0,0.911368311965483,0.9835777938528312,False,False,False,False,-0.20044165374341724,-0.22776382313461035,False,False,False,False,477786,1428797.3369747666,False,False,False,False,175985.6720593795,False,False,False,False
2025-04-15 00:00:00+00:00,9.4,9.57,9.37,9.49,106774,,,10.063127486926419,9.971105606804386,9.67548726421491,9.624794640472892,9.606887376957912,9.654932037231267,10.05526508582231,10.054411698193315,,9.215467805648512,9.311070465782468,9.992410595978727,9.533531530658273,9.597785799367353,9.762691924617158,9.709604814311348,9.051271244400336,8.877802106469893,,9.344996532136683,8.39223958969677,,9.654932037231267,"rgba(239, 83, 80, 0.75)",0.0,0.0,0.5103322711989222,9.851883381619368,-0.8854689525272609,0.0,0.0,0.0,0.0,0.0,0.0,0.0,0.0,40.851168756126654,-7.720945026721125,False,True,False,True,True,0.0,0,0.9328570913157989,0.9708739865683257,False,False,False,False,-0.15927824718492647,-0.19352103515976843,False,False,False,False,371012,1387315.5590541875,False,False,False,False,173271.48884136463,False,False,False,False
2025-04-16 00:00:00+00:00,9.27,9.43,9.16,9.36,74395,,,10.053514964074742,9.965741369727963,9.673411464954986,9.623150848723943,9.605392630555224,9.653440145689359,10.05292325527147,10.052389771089368,,9.218994569293876,9.310003300914147,9.985848446177224,9.53246440044699,9.596496047204653,9.760882603646554,9.70874891275641,9.051662398517045,8.87840775901765,,9.34489139081523,8.393312085348073,,9.653440145689359,"rgba(239, 83, 80, 0.75)",0.0,0.0,0.5074567216269262,9.848558277420548,-1.1401135363143233,0.0,0.0,0.0,0.0,0.0,0.0,0.0,0.0,40.610840001639374,-7.720945026721125,False,True,False,True,True,0.0,0,0.9192482391909839,0.9849575493879154,False,False,False,False,-0.22541064604012956,-0.209465840599949,False,False,False,False,296617,1344543.0665422587,False,False,False,False,169393.9794750366,False,False,False,False
2025-04-17 00:00:00+00:00,9.32,9.37,9.125,9.24,128308,,,10.037170333773462,9.956484623024211,9.669746111757787,9.620228343356212,9.602727394052502,9.650791229126279,10.048839276704761,10.048859668326466,,9.223140211911868,9.307314738575238,9.974576252490417,9.530534450143001,9.594190092370331,9.757696509946534,9.707228690972544,9.052291105269852,8.879409890077639,,9.34466445546686,8.395124815863097,,9.650791229126279,"rgba(239, 83, 80, 0.75)",0.0,0.0,0.5010086403024215,9.842703572527672,-1.0433025111346468,0.0,0.0,0.0,0.0,0.0,0.0,0.0,0.0,40.88996236178797,-7.720945026721125,False,True,False,True,True,0.0,0,0.9040576568431542,0.9948065690993428,False,False,False,False,-0.243676695755166,-0.22657126817755752,False,False,False,False,424925,1308479.6129523662,False,False,False,False,167782.76459366264,False,False,False,False
2025-04-21 00:00:00+00:00,8.94,9.235,8.85,9.23,136100,,,10.014851142184924,9.943258474586026,9.663406541849447,9.614878793020825,9.597734399828301,9.646097403392908,10.043101584511335,10.043892946800682,,9.20658859731364,9.28661365779367,9.958665904434502,9.526467313369265,9.5898115122176,9.752555306081728,9.70465970921139,9.052158261063969,8.879757434172788,,9.343562432857878,8.39646426511311,,9.646097403392908,"rgba(239, 83, 80, 0.75)",0.0,0.0,0.502116529312701,9.832644419788526,-1.7777634626176944,0.0,0.0,0.0,0.0,0.0,0.0,0.0,0.0,38.928517696285745,-7.720945026721125,False,True,False,True,True,0.0,0,0.8910632153441478,0.9964103418505673,False,False,False,False,-0.32454839387762074,-0.27555983102758913,False,False,False,False,288825,1268493.1575424694,False,False,False,False,166540.3032370484,False,False,False,False
2025-04-22 00:00:00+00:00,9.06,9.16,8.895,9.06,96825,,,10.000009225304753,9.934366276880093,9.659173075573518,9.6113150163062,9.594411237001422,9.642954759265972,10.039175247748895,10.04048979246858,,9.197844544461267,9.27495796294348,9.948009527688066,9.523777515394645,9.586894780248159,9.749086176969506,9.702921784191401,9.052128601383394,8.88006097176239,,9.34285258123879,8.397460173864028,,9.642954759265972,"rgba(239, 83, 80, 0.75)",0.0,0.0,0.502116529312701,9.826100169068072,-1.525741783718437,0.0,0.0,0.0,0.0,0.0,0.0,0.0,0.0,38.730728845466054,-7.720945026721125,False,True,False,True,True,0.0,0,0.8967033851820914,1.000699480170492,False,False,False,False,-0.3306178826714248,-0.3030888568495069,False,False,False,False,385650,1233871.8572466865,False,False,False,False,163806.369776772,False,False,False,False
2025-04-23 00:00:00+00:00,9.19,9.49,9.13,9.33,123225,,,9.986156692007818,9.926160534414539,9.65584730708273,9.608650977272537,9.591976990864008,9.640516504611002,10.035368940884771,10.03718544659818,,9.202320759202612,9.274678445594132,9.938163549376046,9.522010216159922,9.584776023227668,9.746142867950594,9.701489511881189,9.052721842155513,8.881008575242687,,9.342637593145337,8.399179716538848,,9.640516504611002,"rgba(239, 83, 80, 0.75)",0.0,0.0,0.4957848269104433,9.82107864317194,-1.2728881743005354,0.0,0.0,0.0,0.0,0.0,0.0,0.0,0.0,39.7814836140564,-7.720945026721125,False,True,False,True,True,0.0,0,0.8993202615677182,0.9858838833968051,False,False,False,False,-0.21967355977786415,-0.26138120831368555,False,False,False,False,508875,1205440.6079428948,False,False,False,False,162214.94351101623,False,False,False,False
2025-04-24 00:00:00+00:00,9.28,9.31,9.14,9.15,105084,,,9.974327568260426,9.919043346597139,9.652862803147364,9.606235447164885,9.589760234425883,9.63831440499489,10.03204056711285,10.034292698934788,,9.204381428091011,9.273240575569446,9.929664031891937,9.520364995611354,9.58284025893013,9.743522307970744,9.700200538615151,9.053163423116736,8.881757894050516,,9.34238831537185,8.400596024477228,,9.63831440499489,"rgba(239, 83, 80, 0.75)",0.0,0.0,0.492820454120995,9.816600482681814,-1.0888356564641912,0.0,0.0,0.0,0.0,0.0,0.0,0.0,0.0,41.295148796074756,-7.720945026721125,False,True,False,True,True,0.0,0,0.9069411711949615,0.9912257537331651,False,False,False,False,-0.252384297599561,-0.2568827529566233,False,False,False,False,613959,1182245.2507686636,False,False,False,False,159974.5143537215,False,False,False,False
2025-04-25 00:00:00+00:00,9.19,9.23,8.985,9.17,77578,,,9.96457487429943,9.91305632760691,9.650111510868289,9.603946335718861,9.587635586915926,9.636262706686862,10.029266249314716,10.031879977080656,,9.201899903074418,9.268712397876577,9.922551949657569,9.518692716673746,9.580973682100035,9.741189917320941,9.699029061451457,9.053303146333663,8.882143944413192,,9.34200469835451,8.40150454682224,,9.636262706686862,"rgba(239, 83, 80, 0.75)",0.0,0.0,0.49042820047367147,9.812508644665629,-1.2693165769513053,0.0,0.0,0.0,0.0,0.0,0.0,0.0,0.0,41.652199646601694,-7.720945026721125,False,True,False,True,True,0.0,0,0.9040752319835654,0.9917179000064821,False,False,False,False,-0.29850602865614034,-0.2776943908063818,False,False,False,False,536381,1156917.2409345985,False,False,False,False,156743.2784967128,False,False,False,False
2025-04-28 00:00:00+00:00,9.22,9.3,9.04,9.18,100295,,,9.95306192424591,9.905955409095695,9.646950048544102,9.601342113675557,9.585228229776726,9.63390573385417,10.025910627164059,10.02895845307081,,9.201226651986747,9.26537911587517,9.914134745555947,9.516840381149066,9.578860367971275,9.738455665379963,9.697659797968424,9.053596871604308,8.882742925870335,,9.341634107459425,8.402758284293473,,9.63390573385417,"rgba(239, 83, 80, 0.75)",0.0,0.0,0.48388193780069305,9.8078508186567,-1.214864149152908,0.0,0.0,0.0,0.0,0.0,0.0,0.0,0.0,42.196175531148256,-7.720945026721125,False,True,False,True,True,0.0,1,0.9000462794782859,0.9936801142555721,False,False,False,False,-0.2738312540532533,-0.27576282242981753,False,False,False,False,636676,1136515.6236430458,False,False,False,False,154529.62051644956,False,False,False,False
2025-04-29 00:00:00+00:00,9.33,9.41,9.095,9.15,88320,,,9.944381446128027,9.900598672843566,9.644748928730735,9.599576626236443,9.583614208746848,9.632271780634825,10.023298060981748,10.026680598016448,,9.204115168603424,9.265826562301811,9.907794494474116,9.515674376928686,9.57744864987319,9.736466411580304,9.696675286054298,9.054031898483023,8.883426943999863,,9.341501400312586,8.4039877323202,,9.632271780634825,"rgba(239, 83, 80, 0.75)",0.0,0.0,0.4772818307310369,9.804622273112816,-0.9944276998473892,0.0,0.0,0.0,0.0,0.0,0.0,0.0,0.0,43.69985127666493,-11.046293254785397,False,True,False,True,True,0.0,1,0.8971953813279921,0.9951909490686801,False,False,False,False,-0.24174662808811903,-0.25875472525896825,False,False,False,False,724996,1120377.5991864558,False,False,False,False,151933.16480992213,False,False,False,False
2025-04-30 00:00:00+00:00,9.12,9.25,8.87,9.18,127228,,,9.928653622067502,9.890632017376461,9.639932468819792,9.59551764096578,9.579827487827554,9.62863997446559,10.018573048957887,10.022560232501819,,9.197760316291333,9.257018658822796,9.896071546323459,9.512627627103553,9.574105103005184,9.732403319302385,9.694596630556134,9.054104108435622,8.883915359094646,,9.340714040307128,8.405352370242445,,9.62863997446559,"rgba(239, 83, 80, 0.75)",0.0,0.0,0.47427832327437464,9.79767838241457,-1.4288622295363218,0.0,0.0,0.0,0.0,0.0,0.0,0.0,0.0,42.95097140382008,-11.046293254785397,False,True,False,True,True,0.0,1,0.8853799114703054,0.992825873706095,False,False,False,False,-0.31749637673723313,-0.28812555099810067,False,False,False,False,597768,1099883.1051007125,False,False,False,False,150964.3348173762,False,False,False,False
2025-05-01 00:00:00+00:00,9.16,9.315,9.07,9.2,86970,,,9.919476752403959,9.884794346578788,9.637276321113035,9.593319347909578,9.577791458086299,9.626639696880083,10.015717213918583,10.02006581087376,,9.197216087410098,9.254653838971889,9.889222004965598,9.511053038252134,9.57231025930906,9.730083034190269,9.693417474512685,9.054346123340071,8.884420216272442,,9.340387362478335,8.406422135132027,,9.626639696880083,"rgba(239, 83, 80, 0.75)",0.0,0.0,0.47207298260006925,9.79387953201525,-1.3427574874630348,0.0,0.0,0.0,0.0,0.0,0.0,0.0,0.0,42.901087670300676,-11.046293254785397,False,True,False,True,True,0.0,1,0.9019970432245441,0.9881924148463306,False,False,False,False,-0.26502881614330476,-0.2765771835707027,False,False,False,False,684738,1083602.9049006845,False,False,False,False,148454.75305983203,False,False,False,False
2025-05-02 00:00:00+00:00,9.39,9.47,9.14,9.24,81300,,,9.912821762666361,9.880582035794824,9.635638368890532,9.592034766842394,9.576628457122903,9.62541778974381,10.013547397850546,10.018166767585972,,9.201387133654539,9.256896316643699,9.884284007368539,9.510266137717045,9.571292888385958,9.728526609915477,9.692645316845068,9.054840041173499,8.885130628465053,,9.340373844292486,8.40761461450902,,9.62541778974381,"rgba(239, 83, 80, 0.5)",0.0,0.0,0.4694432969049973,9.791519771632299,-0.8553104800504902,0.0,0.0,0.0,0.0,0.0,0.0,0.0,0.0,45.291642488000655,-8.808072462857126,False,False,False,True,True,0.0,1,0.9031230762519206,0.9819682699718374,False,False,False,False,-0.22158432315802348,-0.24908075336436308,False,False,False,False,766038,1071149.3792183048,False,False,False,False,145821.2333319955,False,False,False,False
2025-05-05 00:00:00+00:00,9.46,9.52,9.285,9.34,101141,,,9.905980953505573,9.876262197885772,9.63421341678323,9.590993947958006,9.575716710585422,9.624367259807084,10.011215280062139,10.016121721969105,,9.209476128586186,9.262538539255088,9.879227523652698,9.509780775008364,9.570504620670516,9.727036309076691,9.691924347603024,9.055646184938418,8.886184844314835,,9.340567190611955,8.409234988155413,,9.624367259807084,#000000,0.0,0.0,0.46982296838452464,9.789423310431186,-0.701164763323299,0.0,0.0,0.0,0.0,0.0,0.0,0.0,0.0,47.564725040768295,-6.528625820817567,False,False,False,False,True,0.0,1,0.9118554771983883,0.9821630790316542,False,False,False,False,-0.18459258690204758,-0.21683667013320534,False,False,False,False,867179,1063150.540817587,False,False,False,False,144069.06731897607,False,False,False,False
2025-05-06 00:00:00+00:00,9.59,9.62,9.35,9.35,58960,,,9.902872295160373,9.874317920615999,9.633771735961036,9.590742009477005,9.575526261818487,9.62405450819701,10.010089581835214,10.015132158068178,,9.21598411920287,9.267577368875287,9.876953117008252,9.509813306109505,9.570349989995941,9.726451811553584,9.69165810582208,9.056240305907956,8.886909991781668,,9.34081562635093,8.410268708316984,,9.62405450819701,#000000,0.0,0.0,0.4690449564500141,9.78872241904248,-0.42367456745835097,0.0,0.0,0.0,0.0,0.0,0.0,0.0,0.0,50.30886221892433,-3.895043043802758,True,False,False,False,True,0.0,1,0.9204767705396186,0.9695709356330653,False,False,False,False,-0.15368132598658896,-0.18525899805989715,False,False,False,False,926139,1057777.5392168972,False,False,False,False,140731.45683587895,False,False,False,False
2025-05-07 00:00:00+00:00,9.44,9.7,9.3,9.7,148240,,,9.894479282501408,9.868980587422053,9.632291013625816,9.589762664386035,9.57471229446636,9.622977273789825,10.00705280988897,10.012461907129863,,9.229199747839361,9.27753979356688,9.87073316945689,9.509576585121971,9.569659797517504,9.724714793572659,9.690837198756698,9.057599115529733,8.888611150275011,,9.341298464321552,8.412765880153252,9.48,9.622977273789825,#000000,1.0,9.695,0.47043778729151436,9.766786893079072,-0.6946442269455143,0.0,0.0,0.0,0.0,0.0,0.0,0.0,0.0,50.482914442198236,-3.695493915962892,True,False,False,False,True,0.0,1,0.9193961191435418,0.962689613114817,False,False,False,False,-0.14809394181534574,-0.16667646993762145,False,False,False,False,777899,1046801.9102279993,False,False,False,False,141025.90950898174,False,False,False,False
2025-05-08 00:00:00+00:00,7.79,8.795,7.06,8.57,384663,,,9.79589290303618,9.801548394436171,9.589614712211766,9.55144515945737,9.538087937382747,9.58983150112867,9.975920790149177,9.985224826385798,7.881666666666667,9.074290840218142,9.126096610739326,9.793018474652637,9.47671300026109,9.536850024017062,9.691612889285135,9.672810978444758,9.047895407624088,8.881171983637252,7.881666666666667,9.328276474552155,8.409568151416394,8.326282165797528,9.58983150112867,"rgba(239, 83, 80, 1.0)",0.0,0.0,0.5249985671366343,9.555406700874105,-3.362688607899851,0.0,0.0,0.0,0.0,0.0,0.0,0.0,0.0,41.81328473725135,-3.419610845072782,False,True,False,True,False,0.0,0,0.847858275123243,0.9775941958297769,True,False,False,False,-0.34282825441539394,-0.2547523621765077,False,False,False,False,393236,1021171.8745327836,False,False,False,False,150580.3052145119,False,False,False,False
2025-05-09 00:00:00+00:00,7.82,7.89,7.44,7.85,205632,,,9.742841035779785,9.764404666990925,9.565520831777953,9.529703046355515,9.517265640676621,9.570962831217766,9.958367545751539,9.96982834498869,7.824188151686868,8.995690252382358,9.048833416828286,9.750538168456524,9.457921682682452,9.518131626688618,9.672831314931726,9.662446934414819,9.04204876261641,8.87659100037845,7.824188151686868,9.32062688888002,8.407345086558186,8.156545519169708,9.570962831217766,"rgba(239, 83, 80, 1.0)",0.0,0.0,0.5717268610128673,9.514906094928982,-2.9645381571303084,0.0,0.0,0.0,0.0,0.0,0.0,0.0,0.0,36.29193100280892,-8.204454627472998,False,True,False,True,False,0.0,0,0.8683047612497206,1.0106607974964321,False,False,False,False,-0.34282825441539394,-0.2987903082959508,False,False,False,False,598868,1004610.938276596,False,False,False,False,152739.19520609968,False,False,False,False
2025-05-12 00:00:00+00:00,7.71,8.09,7.57,8.01,226278,,,9.68950855165616,9.726441702424774,9.540737837857339,9.50730973219352,9.495807119879723,9.551438133577605,9.9399861027997,9.953669359513142,7.814714379485974,8.923477989445157,8.977217262294015,9.707371882405987,9.438553546882979,9.498794365741393,9.653332033755952,9.65159355819299,9.03602686899253,8.871907624205722,7.814714379485974,9.312673787571038,8.405173237159563,8.070579443892235,9.551438133577605,"rgba(239, 83, 80, 1.0)",0.0,0.0,0.6183267161686854,9.480985297058336,-2.8641578161652554,0.0,0.0,0.0,0.0,0.0,0.0,0.0,0.0,32.27645579652249,-11.526719832365075,False,True,False,True,False,0.0,0,0.8747561782315926,1.0050036467255796,False,False,False,False,-0.30444335769198466,-0.30161683299396774,False,False,False,False,372590,979825.8034422197,False,False,False,False,155623.06990389968,False,False,False,False
2025-05-13 00:00:00+00:00,7.96,8.02,7.685,7.75,159569,,,9.655475368594884,9.701852061471072,9.524631506280693,9.492746237987513,9.481846570320219,9.538679309426598,9.927794289886503,9.94292886380403,7.826748799525752,8.881529490269994,8.935217432548894,9.679560268874255,9.425962266316,9.486185934759137,9.640535346509996,9.644415510061968,9.032147389528761,8.868927130068897,7.826748799525752,9.307473842390367,8.403894186233952,8.044715609700853,9.538679309426598,"rgba(239, 83, 80, 1.0)",0.0,0.0,0.6498052376265278,9.461788755769216,-2.311136735761988,0.0,0.0,0.0,0.0,0.0,0.0,0.0,0.0,31.88213977867035,-11.578914358069916,False,True,False,True,False,0.0,0,0.8929371788993774,1.0097738851729174,False,False,False,False,-0.2992780926999911,-0.30044746284697943,False,False,False,False,532159,962270.242522917,False,False,False,False,155777.8122606095,False,False,False,False
2025-05-14 00:00:00+00:00,7.83,7.99,7.79,7.99,272656,,,9.59963259216307,9.660914454480064,9.497524943281796,9.46818118981227,9.458277014304494,9.51708822611492,9.907109772289646,9.924671313805124,7.836192039598612,8.816023101202534,8.86935293688417,9.633489682285713,9.404663415009248,9.464850701561726,9.618869428878767,9.632158025833208,9.025473575881756,8.863781500161206,7.836192039598612,9.298562344880553,8.401646058756633,8.010616852703123,9.51708822611492,"rgba(239, 83, 80, 1.0)",0.0,0.0,0.6839661231798533,9.430050506892666,-2.339370990267485,0.0,0.0,0.0,0.0,0.0,0.0,0.0,0.0,31.109690948937295,-12.231045467535694,False,True,False,True,False,0.0,0,0.9075942873646956,0.990861162960121,False,False,False,False,-0.29070351089728447,-0.295575486872132,False,False,False,False,259503,934710.742816136,False,False,False,False,160361.2706033307,False,False,False,False
2025-05-15 00:00:00+00:00,8.07,8.14,7.805,7.86,142000,,,9.574074409822003,9.64186345380475,9.484898576456805,9.45673587079403,9.447293165827054,9.506966951366687,9.89720408304259,9.915905934897383,7.853427274605419,8.789562132473398,8.84238717495513,9.612179442152723,9.394755805005772,9.454882605921803,9.608649328100105,9.62632506045069,9.022430652847516,8.861483779832895,7.853427274605419,9.294399296541732,8.400778116556335,8.010098611383647,9.506966951366687,"rgba(239, 83, 80, 1.0)",0.0,0.0,0.7072622511430336,9.416998550700496,-1.9045248753536046,0.0,0.0,0.0,0.0,0.0,0.0,0.0,0.0,32.72607670019122,-12.231045467535694,False,True,False,True,False,0.0,0,0.9132268000708494,0.981985251234464,False,False,False,False,-0.2719829420636989,-0.28377921446791543,False,False,False,False,401503,913800.6352547188,False,False,False,False,159641.2207757491,False,False,False,False
2025-05-16 00:00:00+00:00,7.95,8.06,7.929197,8.06,113004,,,9.55399495194492,9.62678375987153,9.4748331367543,9.447598490034794,9.438519049246858,9.498874835936839,9.889290240090466,9.908895929547135,7.862918535327568,8.769067532002738,8.821488753016887,9.595354690642717,9.386829426087656,9.446910152728346,9.600481472428129,9.621641089883328,9.019962204766449,8.859610328503912,7.862918535327568,9.291040880830735,8.400046191116296,8.008021478426496,9.498874835936839,"rgba(239, 83, 80, 1.0)",0.0,0.0,0.7327936916995216,9.406399636882323,-1.9874620283706161,0.0,0.0,0.0,0.0,0.0,0.0,0.0,0.0,33.23366830357855,-12.231045467535694,False,True,False,True,False,0.0,0,0.9034548270051178,1.0444418773676156,False,False,False,False,-0.26700037449142733,-0.2753897944796714,False,False,False,False,288499,889279.0024996318,False,False,False,False,157812.31015709226,False,False,False,False
2025-05-19 00:00:00+00:00,7.91,8.0,7.82,7.82,201289,,,9.517923625110242,9.599480985501922,9.456412700329697,9.430839425421631,9.42241245349791,9.484019155502024,9.87484538926023,9.896087418681368,7.868476585274726,8.732012242178236,8.783783114227022,9.56497198733929,9.372239405813755,9.432255701846813,9.58551622286313,9.613011863477157,9.015301278616871,8.856029963102273,7.868476585274726,9.284785125511297,8.39853347277843,7.997375433348208,9.484019155502024,"rgba(239, 83, 80, 1.0)",0.0,0.0,0.7569408083776467,9.386254581097713,-1.9502906498881645,0.0,0.0,0.0,0.0,0.0,0.0,0.0,0.0,33.376413384887655,-12.231045467535694,False,True,False,True,False,0.0,0,0.8670903647242081,1.0439788564407864,False,False,False,False,-0.2861474198613224,-0.2807686071704969,False,False,False,False,87210,857825.3161270972,False,False,False,False,159517.27838622592,False,False,False,False
2025-05-20 00:00:00+00:00,7.84,8.0,7.8,7.88,130606,,,9.494932558758952,9.581919018307858,9.444463457380708,9.419948715866978,9.411938340013233,9.474346877652305,9.865443735590942,9.887739869487433,7.869296452117461,8.708815662924529,8.760158805298694,9.545490578293265,9.362734843158723,9.422711297792782,9.57577563817424,9.6073613820393,9.012216410778674,8.853648044016676,7.869296452117461,9.280668402590981,8.3974969664729,7.989648405802536,9.474346877652305,"rgba(239, 83, 80, 1.0)",0.0,0.0,0.7823543815806207,9.373144307774496,-1.959654529801476,0.0,0.0,0.0,0.0,0.0,0.0,0.0,0.0,33.11322830115628,-12.231045467535694,False,True,False,True,False,0.0,0,0.884077450663983,1.037602680533941,False,False,False,False,-0.28842400877211904,-0.28459630797130797,False,False,False,False,-43396,822483.3037299562,False,False,False,False,158383.50276323667,False,False,False,False
2025-05-21 00:00:00+00:00,7.55,7.9113,7.51,7.75,212756,,,9.453848675277532,9.550418467854728,9.422662664426534,9.40001064419161,9.392738626581696,9.456669956075986,9.848618589093439,9.872795472840158,7.8472573482831525,8.664152555676182,8.71510800287922,9.510581796543399,9.345219625429246,9.405201908943974,9.558089719326691,9.597057642964641,9.00624464675501,8.848910103492251,7.8472573482831525,9.272954702814951,8.395093895435702,7.957440141550352,9.456669956075986,"rgba(239, 83, 80, 1.0)",0.0,0.0,0.8158414216165057,9.347237866405562,-2.202925493589821,0.0,0.0,0.0,0.0,0.0,0.0,0.0,0.0,31.557730667990114,-12.720745889643496,False,True,False,True,False,0.0,0,0.8752734578064009,1.018385588161026,False,False,False,False,-0.33211512902433765,-0.30835571849782284,False,False,False,False,-256152,780183.8800542717,False,False,False,False,160515.75755683525,False,False,False,False
2025-05-22 00:00:00+00:00,7.4,7.54,7.37,7.5,123755,,,9.427955768809746,9.53048657679174,9.408671676953642,9.387178546802291,9.380368667816345,9.44530480153771,9.837976635947024,9.863338743565874,7.823865182430044,8.6345621807026,8.685441327419007,9.488518530135716,9.333887060829468,9.393911698791323,9.546775829951494,9.590438790196544,9.002231564637338,8.845664833533819,7.823865182430044,9.267893947630478,8.393287873916067,7.929666055949541,9.44530480153771,"rgba(239, 83, 80, 1.0)",0.0,0.0,0.8506248471745023,9.329865986166919,-2.2687627719520567,0.0,0.0,0.0,0.0,0.0,0.0,0.0,0.0,29.881502394718034,-14.600934983534145,False,True,False,True,False,0.0,0,0.8662996922834652,1.0553209173893556,False,False,False,False,-0.34282825441539394,-0.32559198645660836,False,False,False,False,-379907,734690.1200521433,False,False,False,False,159074.1592212731,False,False,False,False
2025-05-23 00:00:00+00:00,7.39,7.42,7.25,7.3,130237,,,9.400304248284568,9.509093825024102,9.393545922322792,9.373284976772231,9.366967715200875,9.43299115221607,9.826493077271332,9.85312661122558,7.79724971216656,8.602862706452754,8.65368569570987,9.464878348842603,9.321587860473114,9.381669192680539,9.534533844356943,9.583249095439342,8.997806764695165,8.842064612152624,7.79724971216656,9.262357164625827,8.391229665338798,7.899037947973459,9.43299115221607,"rgba(239, 83, 80, 1.0)",0.0,0.0,0.8823000858219695,9.31108585458803,-2.17736106508287,0.0,0.0,0.0,0.0,0.0,0.0,0.0,0.0,28.72051520588333,-15.960078327110736,False,True,False,True,False,0.0,0,0.8519533808848739,1.0544995450103325,False,False,False,False,-0.34282825441539394,-0.3342101204360012,False,False,False,False,-510144,685873.0957363731,False,False,False,False,157943.29023220358,False,False,False,False
2025-05-27 00:00:00+00:00,7.6,7.635,7.41,7.46,134484,,,9.37516143527612,9.489398910732083,9.379629469870315,9.360502034833408,9.354636631052394,9.421605233552375,9.815672134545023,9.843484120405964,7.7835130500434495,8.576592459352808,8.627130031719718,9.44321460604783,9.31028934087912,9.370381294316605,9.523152614258295,9.576518278418046,8.993801377392355,8.838849740308152,7.7835130500434495,9.257253918692582,8.389510574695366,7.880793817939691,9.421605233552375,"rgba(239, 83, 80, 1.0)",0.0,0.0,0.9054459256765898,9.295044972718992,-1.8720554421318745,0.0,0.0,0.0,0.0,0.0,0.0,0.0,0.0,30.449975976847526,-15.960078327110736,False,True,False,True,False,0.0,0,0.8554979893547926,1.0375267432033575,False,False,False,False,-0.3033644188536117,-0.3187872696448064,False,False,False,False,-375660,644244.3468839662,False,False,False,False,157023.31806623482,False,False,False,False
2025-05-28 00:00:00+00:00,7.29,7.6,7.275,7.57,125909,,,9.350224630744949,9.469824429466865,9.365667446941245,9.347652988154001,9.3422331294131,9.410169404267121,9.804925550139524,9.833905040115884,7.764098368759945,8.549509888262847,8.599879035767973,9.421695934600974,9.29889217053945,9.359021378944144,9.511760883318617,9.569762915221622,8.989658520335237,8.835482925952743,7.764098368759945,9.252058772990129,8.387602509277242,7.857922765481479,9.410169404267121,"rgba(239, 83, 80, 1.0)",0.0,0.0,0.9357297099537348,9.278476612433177,-2.1250544802424765,0.0,0.0,0.0,0.0,0.0,0.0,0.0,0.0,29.996316649362857,-15.960078327110736,False,True,False,True,False,0.0,0,0.8540362555706699,1.0356863306533204,False,False,False,False,-0.3211344921014531,-0.3199608808731298,False,False,False,False,-501569,599310.4901434185,False,False,False,False,155803.14873030403,True,False,False,False
2025-05-29 00:00:00+00:00,7.39,7.42,7.22,7.33,120411,,,9.326421617175447,9.451045477950657,9.352197297542707,9.335242020071743,9.330246911556834,9.399111879448665,9.794547144541168,9.824646625328297,7.745216506256408,8.523780197609293,8.573989254918697,9.40108812981734,9.287864648699705,9.34803335189771,9.500751264702226,9.563208971446688,8.985605741837757,8.832178048828387,7.745216506256408,9.246998117780379,8.385702685521125,7.836039499074868,9.399111879448665,"rgba(239, 83, 80, 1.0)",0.0,0.0,0.9608257897237186,9.143293467475214,-1.8247776925090307,0.0,0.0,0.0,0.0,0.0,0.0,0.0,0.0,30.82882877862095,-15.960078327110736,False,True,False,True,False,0.0,0,0.8616747480916871,1.0358617382532533,False,False,False,False,-0.34282825441539394,-0.3313945676442619,False,False,False,False,-381158,560860.7454319119,False,False,False,False,154415.22132911565,False,False,False,False
2025-05-30 00:00:00+00:00,7.55,7.57,7.37,7.44,167576,,,9.296709298662906,9.42731769239486,9.335155081799936,9.319533356490703,9.315071953990806,9.385051788914984,9.781142762296966,9.81266484224015,7.730606353785074,8.494167193135977,8.543958687620853,9.375166209992335,9.2739169904394,9.334093692700572,9.486689781386076,9.5547774074001,8.980522105268987,8.828074122146102,7.730606353785074,9.240563396988476,8.38345742020492,7.817076675073508,9.385051788914984,"rgba(239, 83, 80, 0.75)",0.0,0.0,0.9794195375989998,9.129293773753856,-1.6124793442710155,0.0,0.0,0.0,0.0,0.0,0.0,0.0,0.0,33.13726104107789,-15.960078327110736,False,True,False,True,True,0.0,0,0.8573217595458039,1.037939732517984,False,False,False,False,-0.31131534074222184,-0.3213549541932419,False,False,False,False,-213582,530490.4416894839,False,False,False,False,154931.3302966013,False,False,False,False
2025-06-02 00:00:00+00:00,7.48,7.73,7.47,7.53,233274,,,9.25831935395085,9.396283340939702,9.312745624500499,9.298852192006285,9.295082441813314,9.366466878231662,9.76325162354572,9.79664003453353,7.717702090149938,8.458121480032682,8.507203749510897,9.341412378490688,9.25553807958639,9.31569179937194,9.46805346214484,9.543511837764749,8.97380254515731,8.822672833917146,7.717702090149938,9.232006782567735,8.380572592799371,7.798523762058786,9.366466878231662,"rgba(239, 83, 80, 0.75)",0.0,0.0,0.9997272060349729,9.108792173739285,-1.6292366196567285,0.0,0.0,0.0,0.0,0.0,0.0,0.0,0.0,34.2213424588052,-20.356571941252785,False,True,False,True,True,0.0,0,0.8662928879950031,1.0286578811175566,False,False,False,False,-0.28448257807734667,-0.3029187661352943,False,False,False,False,-446856,492163.13025068067,False,False,False,False,158003.59185359735,False,False,False,False
2025-06-03 00:00:00+00:00,7.55,7.65,7.43,7.47,136817,,,9.236369565621166,9.378395865232543,9.299741110768048,9.286833060278434,9.283458285775616,9.355642788875986,9.752813430338978,9.787277745017926,7.710295312015589,8.437877106844367,8.486539520829567,9.322013427253038,9.244836779390567,9.304974701810943,9.457195887603458,9.536908476579011,8.969844854391381,8.819484758034584,7.710295312015589,9.226979057735349,8.378855828939937,7.788160813923725,9.355642788875986,"rgba(239, 83, 80, 0.75)",0.0,0.0,1.0149338592926853,9.095925354449038,-1.5231784222140397,0.0,0.0,0.0,0.0,0.0,0.0,0.0,0.0,35.75486527221681,-18.75463721840229,False,True,False,True,True,0.0,1,0.8485240722812445,1.0748466893199795,False,False,False,False,-0.2968152317038355,-0.2998669989195649,False,False,False,False,-310039,460704.22318202653,False,False,False,False,157172.7451142406,False,False,False,False
2025-06-04 00:00:00+00:00,7.64,7.785,7.5114,7.55,171234,,,9.211287587650748,9.357708725220983,9.284663032309902,9.272888090954849,9.269966817377718,9.343028913570832,9.740484482906481,9.776197730368162,7.707022795099275,8.416521160690598,8.464561692557584,9.299677181101947,9.232423234187316,9.292510037297198,9.444494445316113,9.529125450769602,8.965274771553286,8.815834570460842,7.707022795099275,9.221107774023794,8.376978534938832,7.781259289060245,9.343028913570832,"rgba(239, 83, 80, 0.75)",0.0,0.0,1.0272906375773403,9.082549597034802,-1.4042273376858252,0.0,0.0,0.0,0.0,0.0,0.0,0.0,0.0,37.82348692006018,-16.685628479362776,False,True,False,True,True,0.0,0,0.8279482393949662,1.07394634492797,False,False,False,False,-0.2746361941536212,-0.28725159653659305,False,False,False,False,-138805,437194.05756704515,False,False,False,False,157724.16687446643,False,False,False,False
2025-06-05 00:00:00+00:00,7.7,7.75,7.52,7.64,180319,,,9.18589873966702,9.33659034166019,9.269185746991566,9.25855644258998,9.256094035537899,9.330031711351179,9.727724978345325,9.764713788722524,7.704481088866739,8.395551243376087,8.44292611344939,9.276945282775104,9.219648488322173,9.279672761447415,9.431392298538826,9.521046751729333,8.960536740977759,8.81205172475161,7.704481088866739,9.215015539023915,8.375042109538148,7.775221080461457,9.330031711351179,"rgba(239, 83, 80, 0.5)",0.0,0.0,1.0369252538066496,9.068621151254487,-1.319884096013816,0.0,0.0,0.0,0.0,0.0,0.0,0.0,0.0,39.90407542846637,-14.652900327786924,False,False,False,True,True,0.0,0,0.8255694219344486,1.078657758183388,False,False,False,False,-0.27620355507463445,-0.28172757580561375,False,False,False,False,41514,421677.1925644159,False,False,False,False,158610.23876174228,False,False,False,False
2025-06-06 00:00:00+00:00,7.67,7.82,7.64,7.75,136452,,,9.167881874055082,9.321451201987195,9.258048844108787,9.248234622568058,9.246098504683701,9.320638039770557,9.7184188983965,9.756323750269964,7.7046841307923986,8.3815273562886,8.428368200938094,9.260709833230063,9.210443542904763,9.270406441212911,9.421898647947796,9.515153138541548,8.957119820668359,8.809336901861206,7.7046841307923986,9.210593537220277,8.37369194976157,7.7729138013846635,9.320638039770557,"rgba(239, 83, 80, 0.5)",0.0,0.0,1.0462855793298094,9.059024636416263,-1.3275769673763376,0.0,0.0,0.0,0.0,0.0,0.0,0.0,0.0,41.003928572339944,-13.551355311583507,False,False,False,True,True,0.0,0,0.8355488994384762,1.0741167755207468,False,False,False,False,-0.25659489394774027,-0.269161234876677,False,False,False,False,-94938,401417.77324816433,False,False,False,False,157741.2882220661,False,False,False,False
2025-06-09 00:00:00+00:00,7.68,7.82,7.68,7.78,102420,,,9.154796228511744,9.310387347369586,9.249882402522854,9.24066005077821,9.23876091055746,9.313730694412897,9.711547516025044,9.750122045135303,7.705274854982189,8.371624405796528,8.418060325365323,9.248871557097724,9.203683713208491,9.263596285705116,9.414909997853904,9.510795181275796,8.954601456311254,8.807338704854082,7.705274854982189,9.207328120832658,8.372707483484623,7.771717555737001,9.313730694412897,"rgba(239, 83, 80, 0.5)",0.0,0.0,1.0544987281014462,9.052026521924745,-1.3011172847927341,0.0,0.0,0.0,0.0,0.0,0.0,0.0,0.0,41.871931894495994,-12.627975024824643,False,False,False,True,True,0.0,0,0.8412279760666377,1.0719538414750893,False,False,False,False,-0.2524917144636278,-0.2608264746701524,False,False,False,False,7482,385969.3115521579,False,False,False,False,155571.82593884782,False,False,False,False
2025-06-10 00:00:00+00:00,7.72,7.77,7.66,7.69,119451,,,9.13972687539648,9.297595835576445,9.24040553443287,9.231862928247487,9.230236195774273,9.305699713369059,9.703553097769056,9.742901280434747,7.7056210354205135,8.360273221788368,8.406246078367214,9.235204296912201,9.195824362803787,9.255678025328372,9.40678382624748,9.505710971960665,8.951653501469112,8.804996054458709,7.7056210354205135,9.203512221175263,8.371545378179924,7.77010543704062,9.305699713369059,"rgba(239, 83, 80, 0.5)",0.0,0.0,1.0630992088831253,9.04374556417588,-1.2451759469998913,0.0,0.0,0.0,0.0,0.0,0.0,0.0,0.0,43.02147778658471,-11.410770983899127,False,False,False,True,True,0.0,0,0.8329644291338802,1.08047278342786,False,False,False,False,-0.25218822886941317,-0.2565073517697828,False,False,False,False,126933,375811.0248246223,False,False,False,False,154155.3229608538,False,False,False,False
2025-06-11 00:00:00+00:00,7.75,7.8,7.69,7.8,130302,,,9.123983718909876,9.284134842703608,9.23040140906144,9.222569485804133,9.221227492186852,9.29719446263539,9.695035788148967,9.735198590683412,7.706938002681709,8.348887901757847,8.394345576990656,9.22085996445283,9.187517234109555,9.247298974827443,9.398163472234028,9.500290120457231,8.948531450704564,8.802522171875713,7.706938002681709,9.199455438983016,8.370340249938424,7.76937987839945,9.29719446263539,#000000,0.0,0.0,1.0713896003208514,9.035203716750335,-1.1995671008617705,0.0,0.0,0.0,0.0,0.0,0.0,0.0,0.0,44.23334941408177,-10.12978581171005,True,False,False,False,True,0.0,0,0.8475695922903409,1.0645175065586434,False,False,False,False,-0.244952534333967,-0.2507299430518749,False,False,False,False,257235,371160.9846354215,False,False,False,False,153219.8985310164,False,False,False,False
2025-06-12 00:00:00+00:00,7.77,7.83,7.65,7.75,96162,,,9.112619257634035,9.274370833803806,9.2231203412476,9.215800555324797,9.214663852056278,9.290990286670704,9.68880814020962,9.729561536150834,7.707934075039563,8.340797937032569,8.38587866919884,9.210473526788107,9.181461492081995,9.2411883277685,9.391871627938688,9.49631851045898,8.94624411516292,8.800709607932978,7.707934075039563,9.196482856771519,8.369458587744626,7.768947034456116,9.290990286670704,#000000,0.0,0.0,1.0780320408415873,9.028967525992444,-1.167838689664183,0.0,0.0,0.0,0.0,0.0,0.0,0.0,0.0,45.35437146330021,-8.932988548729469,True,False,False,False,True,0.0,0,0.8423196426934584,1.0588546578929872,False,False,False,False,-0.24271623924551997,-0.24672309114869745,False,False,False,False,353397,370464.3577869736,False,False,False,False,150982.33388274122,False,False,False,False
2025-06-13 00:00:00+00:00,7.67,7.79,7.6142,7.65,135890,,,9.096199541873661,9.26026063893888,9.212548002521698,9.205962360293853,9.205120637823637,9.281977108759156,9.679811368401666,9.721415774430707,7.7074107256223465,8.328633728570683,8.373217948751467,9.195464731605707,9.17264359949805,9.232301687196768,9.38274743370365,9.490549414045613,8.942869031351595,8.79801656509723,7.7074107256223465,9.192133584268545,8.368099485545041,7.766574381749902,9.281977108759156,#000000,0.0,0.0,1.0862246047166708,9.019395940567241,-1.2422807720501008,0.0,0.0,0.0,0.0,0.0,0.0,0.0,0.0,44.7008213721909,-8.932988548729469,True,False,False,False,True,0.0,0,0.8469210438320792,1.0573488693338151,False,False,False,False,-0.24018470650453944,-0.24345389882661844,False,False,False,False,217507,364466.0300306217,False,False,False,False,150390.4776520455,False,False,False,False
2025-06-16 00:00:00+00:00,7.74,7.78,7.66,7.72,119335,,,9.082444139353361,9.248349192814297,9.203595765439253,9.197625601872799,9.197031078603555,9.27431897541301,9.67211616347504,9.714439233732955,7.707931500153619,8.318891906330656,8.363030040550209,9.18283024674501,9.165167911053066,9.22475799675174,9.37498057519114,9.485612188974503,8.940003162032532,8.795737392246007,7.707931500153619,9.188424114259803,8.366972411025849,7.765530163702041,9.27431897541301,#000000,0.0,0.0,1.093160028013667,9.01152683163203,-1.1631662327998453,0.0,0.0,0.0,0.0,0.0,0.0,0.0,0.0,45.466335626591835,-8.570303069139172,True,False,False,False,True,0.0,0,0.8750752331454495,1.0542976755012465,False,False,False,False,-0.21201992260503058,-0.22773691071582453,False,False,False,False,336842,363382.7347353032,False,False,False,False,149172.61578333782,False,False,False,False
2025-06-17 00:00:00+00:00,7.63,7.77,7.61,7.7,141049,,,9.06587312997592,9.233991303344734,9.1927520325934,9.187517303569928,9.187218854568119,9.265036184888267,9.662835917531591,9.706022634883363,7.706756543545192,8.306712860404115,8.350358711471767,9.16760393927388,9.15608685834589,9.21560496792533,9.365581508612621,9.479625260946124,8.936475803456094,8.792913848361076,7.706756543545192,9.18389478687815,8.365527908884893,7.762664342094432,9.265036184888267,"rgba(239, 83, 80, 0.5)",0.0,0.0,1.0997660193410645,9.001562360511738,-1.2471401519875316,0.0,0.0,0.0,0.0,-1.0,7.66,7.65,868.0,44.42365964519419,-8.570303069139172,True,False,False,True,True,0.0,0,0.9050649905663285,1.0478461348768495,False,False,False,False,-0.22153609520547415,-0.22463650296064935,False,False,False,False,195793,356810.5882750953,False,False,False,False,148854.0426153638,False,False,False,False
2025-06-18 00:00:00+00:00,7.53,7.65,7.38,7.61,316891,,,9.026172955012415,9.199663215099756,9.166594637099452,9.163090729456462,9.163492705541785,9.242642636493557,9.640750798369607,9.685989054501698,7.694605341864562,8.274881191477292,8.31759504832178,9.131171679543826,9.134062339648304,9.19347095780322,9.343003137858213,9.465214453047663,8.927691804330738,8.785781115548007,7.694605341864562,9.172818209061035,8.361609110465784,7.747341899309265,9.242642636493557,"rgba(239, 83, 80, 0.5)",0.0,0.0,1.1105654269639227,8.86940668173013,-1.2060583277761634,0.0,0.0,0.0,0.0,0.0,0.0,0.0,0.0,42.45566689484035,-8.570303069139172,True,False,False,True,False,0.0,0,0.9245676653976292,1.0413942629953754,False,False,False,False,-0.27790316699002016,-0.2512698349753347,False,False,False,False,-121098,338069.07500940526,False,False,False,False,155443.72721868288,False,False,False,False
2025-06-20 00:00:00+00:00,7.55,7.7,7.48,7.57,159371,,,9.007690282608406,9.18347848674918,9.154188468034517,9.151488988460539,9.152216417656353,9.231959648380183,9.63010710553638,9.676311865474336,7.690868407095696,8.260956592435939,8.303178255908119,9.114074605216402,9.123589412360358,9.182925864080003,9.332202028959902,9.458255571630557,8.923491375876043,8.782383286032593,7.690868407095696,9.167492202608761,8.35978373982096,7.742088806531646,9.231959648380183,"rgba(239, 83, 80, 0.5)",0.0,0.0,1.1211732432775199,8.858990688898286,-1.167518665600439,0.0,0.0,0.0,0.0,0.0,0.0,0.0,0.0,41.542400975636575,-8.570303069139172,True,False,False,True,False,0.0,1,0.9199776480605535,1.0385702451911165,False,False,False,False,-0.25355435039505614,-0.25241209268519543,False,False,False,False,38273,326312.36618550704,False,False,False,False,155597.73791598945,False,False,False,False
2025-06-23 00:00:00+00:00,7.68,7.69,7.465,7.5,135962,,,8.992667620901535,9.170219280299857,9.14398804103996,9.141941665652574,9.142933256493585,9.223143955572558,9.621266484649057,9.668262466512013,7.688783827181087,8.250094490546875,8.291886794884434,9.100108675938204,9.114965137544996,9.174231470911797,9.323272942559111,9.45246892658866,8.920021101450862,8.779583310297266,7.688783827181087,9.163075865919815,8.358302483164236,7.7387518710777625,9.223143955572558,"rgba(239, 83, 80, 0.5)",0.0,0.0,1.1296732047585885,8.850712610331819,-1.0363285642257936,0.0,0.0,0.0,0.0,0.0,0.0,0.0,0.0,43.38761055184702,-8.570303069139172,True,False,False,True,False,0.0,1,0.9164121757943503,1.0590649490860395,False,False,False,False,-0.25759137505939395,-0.2550017338722947,False,False,False,False,174235,320348.54790372244,False,False,False,False,154827.70897810752,False,False,False,False
2025-06-24 00:00:00+00:00,7.96,7.96,7.68,7.69,203073,,,8.97485602885287,9.153999592155225,9.131495424410316,9.130240042633558,9.131548993321076,9.212209552426453,9.609862734164516,9.657832367590139,7.695512150120689,8.240747426476446,8.281763207605652,9.083217999293025,9.104419771701073,9.163513446279437,9.312069103924273,9.445081174291907,8.91587552810896,8.776333787245983,7.695512150120689,9.15760267453129,8.356852855528047,7.743460177372507,9.212209552426453,#000000,0.0,0.0,1.1224271962184451,8.845582924292607,-0.7889891899235987,0.0,0.0,0.0,0.0,1.0,7.77,7.69,885.0,48.57648751256212,-5.610497907822229,True,False,False,False,True,0.0,1,0.9209496737296596,1.0327861228206237,False,False,False,False,-0.18056083187144262,-0.21778128287186865,False,False,False,False,377308,322582.25190749805,False,False,False,False,156719.68117504448,False,False,False,False
2025-06-25 00:00:00+00:00,7.84,7.92,7.77,7.92,137709,,,8.962847119490634,9.143033115434077,9.12300825187822,9.122282013677147,9.123803605530956,9.204767557682366,9.60211114504813,9.650736650662585,7.699208903818302,8.23428457271525,8.274797338210478,9.071810107268872,9.097236581274599,9.156215721327662,9.30444797862146,9.440036911180727,8.913020718899332,8.774087147376983,7.699208903818302,9.153850772624002,8.355828118248864,7.745892357256239,9.204767557682366,#000000,0.0,0.0,1.1146820659309522,8.840783005598228,-0.8978192402892937,0.0,0.0,0.0,0.0,0.0,0.0,0.0,0.0,50.15565286159329,-4.278332819361495,True,False,False,False,True,0.0,1,0.9124232629653698,1.032619837109933,False,False,False,False,-0.1727533162437328,-0.19526729955780073,False,False,False,False,239599,319328.006734655,False,False,False,False,155974.16426621922,False,False,False,False
2025-06-26 00:00:00+00:00,8.0,8.02,7.81,7.87,127101,,,8.95295733998039,9.133839353778269,9.11587793989138,9.115591363713786,9.117288928275393,9.19846955723931,9.595420170340113,9.644596237195927,7.704716617417135,8.22998210331356,8.270006893663481,9.062307759585853,9.091201941563645,9.150058999983383,9.297960412073627,9.435699151174864,8.910644341161026,8.772244906338198,7.704716617417135,9.150669638345304,8.355069782490741,7.75023263386544,9.19846955723931,"rgba(38, 166, 154, 1.0)",0.0,0.0,1.1111887636528974,8.837650243403077,-0.7538325357515354,0.0,0.0,0.0,0.0,0.0,0.0,0.0,0.0,53.12336756084035,-1.6062893681990786,True,False,True,False,True,0.0,1,0.906552935904423,1.032915722382886,False,False,False,False,-0.15099966508125576,-0.17313348231952824,False,False,False,False,366700,321185.731960747,False,False,False,False,154841.88331460278,False,False,False,False
2025-06-27 00:00:00+00:00,7.88,8.05,7.81,8.05,568170,,,8.909749400153958,9.093413292772269,9.084240737663393,9.085845933242183,9.088302568578664,9.170413263419386,9.565626931228136,9.617204003197005,7.723828750297456,8.210348265727728,8.248362220611137,9.020627479643654,9.064294527433953,9.1226186949407,9.269074034443916,9.416228178400964,8.89983717469096,8.76381412261686,7.723828750297456,9.136302973570606,8.351469130550592,7.764826057255326,9.170413263419386,"rgba(38, 166, 154, 1.0)",0.0,0.0,1.1084431416171887,8.819003546831794,-0.8471373150108662,0.0,0.0,0.0,0.0,0.0,0.0,0.0,0.0,53.287520220202566,-1.529763993591402,True,False,True,False,True,0.0,1,0.8948179623854297,1.033497464208462,False,False,False,False,-0.14635724484749096,-0.1597453635835096,False,False,False,False,-201470,300689.42874660005,False,False,False,False,171050.8290669713,False,False,False,False
2025-06-30 00:00:00+00:00,8.01,8.05,7.85,7.95,400729,,,8.882987043856449,9.067768180008768,9.063942247089116,9.066708388851,9.069630076171267,9.152210041915202,9.545939846060751,9.599025224090088,7.738769669774768,8.200277747156768,8.236937081545031,8.994417320876224,9.046942897927048,9.104859223890736,9.2502365477427,9.403298794377042,8.8927844977212,8.75835636123544,7.738769669774768,9.126829483051576,8.34928861001493,7.777005271748909,9.152210041915202,"rgba(38, 166, 154, 1.0)",0.0,0.0,1.0983181245443807,8.807183856298893,-0.7258223628328014,0.0,0.0,0.0,0.0,0.0,0.0,0.0,0.0,54.92698489580282,0.04603979501244737,True,False,True,False,True,0.0,1,0.911150019624403,1.024231812829708,False,False,False,False,-0.14017704544052903,-0.14996120451201933,False,False,False,False,199259,296711.76487418433,False,False,False,False,180057.81616238417,False,False,False,False
2025-07-01 00:00:00+00:00,8.03,8.13,7.895,8.0,97980,,,8.877008056536217,9.061943260629548,9.059305530996898,9.062330467601594,9.0653555740338,9.148021501492037,9.541345327099133,9.594771386589459,7.7428576605736055,8.198432690666694,8.234765086439111,8.988499610137652,9.042970408341443,9.100781309890651,9.245884283594599,9.400278019653816,8.891165804141474,8.757114428258944,7.7428576605736055,9.124632342560062,8.348826707633535,7.7804577707829,9.148021501492037,"rgba(38, 166, 154, 1.0)",0.0,0.0,1.0917726721106138,8.804661073714009,-0.7095442975472497,0.0,0.0,0.0,0.0,0.0,0.0,0.0,0.0,56.2494236539516,1.349648182367737,True,False,True,False,True,0.0,0,0.9164786482042271,1.0148183043508627,False,False,False,False,-0.12093011601066132,-0.13544566026134033,False,False,False,False,297239,296732.4407614712,False,False,False,False,176839.07827366324,False,False,False,False
2025-07-02 00:00:00+00:00,8.02,8.03,7.9,8.03,67304,,,8.872783215763851,9.057846415132076,9.05603796157705,9.05924421827488,9.062341953441713,9.145073624420297,9.538133098428363,9.591798018739357,7.74524912114428,8.196944704989425,8.23306068929438,8.984330887491682,9.040166768683541,9.097907814404202,9.242827685609381,9.398158265276164,8.890012918151387,8.75622343563013,7.74524912114428,9.123080543025322,8.348476643448459,7.782432064941987,9.145073624420297,"rgba(38, 166, 154, 1.0)",0.0,0.0,1.0843164991229501,8.802695119361715,-0.7218327121230736,0.0,0.0,0.0,0.0,0.0,0.0,0.0,0.0,56.95480484875284,2.11927583876183,True,False,True,False,True,0.0,0,0.9396822238964142,1.018612342340535,False,False,False,False,-0.13554889268938583,-0.13549727647536308,False,False,False,False,229935,294112.9332806292,False,False,False,False,172543.5850080294,False,False,False,False
2025-07-03 00:00:00+00:00,8.15,8.2,8.04,8.04,64473,,8.129999999999999,8.869434582151769,9.054482686453577,9.053351825631676,9.056705063023497,9.059861063759936,9.142618448906157,9.535357481864292,9.589218774685893,7.748879826591553,8.196504003587584,8.2323957688465,8.980950190596348,9.037865731293522,9.095529409916143,9.240252857084094,9.396343497030825,8.889089474028484,8.755533444458957,7.748879826591553,9.121788751715798,8.348276375288155,7.78564224208419,9.142618448906157,"rgba(38, 166, 154, 1.0)",0.0,0.0,1.0771143799000025,8.80165610708365,-0.6050017706978791,0.0,0.0,0.0,0.0,0.0,0.0,0.0,0.0,59.00403549702918,4.176673114954369,True,False,True,False,True,0.0,0,0.9445272798542568,1.0017335225045547,False,False,False,False,-0.08802482343548251,-0.1117610499554228,False,False,False,False,294408,294124.5045245261,False,False,False,False,168305.5228508518,False,False,False,False
2025-07-07 00:00:00+00:00,8.07,8.2208,7.99,8.08,86523,,8.109142247476754,8.864768968358705,9.049830456999826,9.049630269860236,9.053186242701322,9.056422854491107,9.139224428787589,9.531553710890233,9.585685702358248,7.753190712090433,8.195602859501259,8.231204355347662,8.976262826881662,9.034672872985073,9.092236250634732,9.23670341900527,9.393846447935562,8.88779447274725,8.754556116027102,7.753190712090433,9.119997003620869,8.347963468257197,7.789412613945988,9.139224428787589,"rgba(38, 166, 154, 1.0)",0.0,0.0,1.0700574540439094,8.799943083283114,-0.6821531689953175,0.0,0.0,0.0,0.0,0.0,0.0,0.0,0.0,58.86605522532444,4.176673114954369,True,False,True,False,True,0.0,0,0.9286332178410207,1.0284201510824231,False,False,False,False,-0.09248111682027885,-0.10212108338785082,False,False,False,False,207885,290742.56317062315,False,False,False,False,165098.36509199484,False,False,False,False
2025-07-08 00:00:00+00:00,8.01,8.09,7.97,8.08,102284,,8.074489377237311,8.85882932787467,9.04398866618242,9.04494722295169,9.048757269924652,9.052095435778373,9.134972643580575,9.526864382128664,9.581334837170802,7.757126173467028,8.19383774163238,8.229116157961144,8.97034902303541,9.030646388647034,9.088099057372656,9.232279463702577,9.390747997633817,8.886134035813452,8.75328204192638,7.757126173467028,9.117742453260348,8.347492641330222,7.792749929077062,9.134972643580575,"rgba(38, 166, 154, 1.0)",0.0,0.0,1.0594110721621692,8.797252212315565,-0.7431036289896885,0.0,0.0,0.0,0.0,0.0,0.0,0.0,0.0,57.686080053221765,4.176673114954369,True,False,True,False,True,0.0,0,0.9262646303850547,1.0250488576203882,False,False,False,False,-0.11555751602572936,-0.1088392997067901,False,False,False,False,105601,283482.10971295164,False,False,False,False,162635.05665701465,False,False,False,False
2025-07-09 00:00:00+00:00,8.2,8.22,8.04,8.1,88801,,8.094956524331955,8.85453207865529,9.039609740181527,9.041428983685467,9.04542647293809,9.04883879875435,9.13173613067449,9.523166749278824,9.577890650218754,7.762074708193923,8.193480607410327,8.228460937742664,8.965970646986694,9.027624383408838,9.084968486310585,9.228874952088939,9.388323983423835,8.884914065334524,8.752375865448817,7.762074708193923,9.116024214565654,8.347248470193936,7.797161550025368,9.13173613067449,"rgba(38, 166, 154, 1.0)",0.0,0.0,1.0478502747044418,8.795891377276146,-0.5686798883974375,0.0,0.0,0.0,0.0,1.0,8.14,8.09,882.0,59.319487530620925,4.816926302100526,True,False,True,False,True,0.0,0,0.9432112733005034,1.0117126748817713,False,False,False,False,-0.08497458924452983,-0.09690694447565996,False,False,False,False,194402,279988.7720771496,False,False,False,False,159739.6034547788,False,False,False,False
2025-07-10 00:00:00+00:00,8.25,8.37,8.14,8.23,117382,,8.135418077480304,8.849730158216524,9.03453278288341,9.037339657434998,9.041550781833422,9.045046729620191,9.127924470958465,9.51866404936023,9.573681154676404,7.770053490806436,8.194170155119963,8.228741987009187,8.960957975315479,9.024114800286904,9.081303107050822,9.224822883015323,9.385392599408986,8.883527241510079,8.751381482563676,7.770053490806436,9.113997281318673,8.34709261043239,7.804421558063884,9.127924470958465,"rgba(38, 166, 154, 1.0)",0.0,0.0,1.0224333631009686,8.728589338838336,-0.4680885386865786,0.0,0.0,0.0,0.0,0.0,0.0,0.0,0.0,60.96875986643359,6.506095581697423,True,False,True,False,True,0.0,0,0.9462912622712909,1.0060466790820404,False,False,False,False,-0.04696110989322088,-0.07193402718444042,False,False,False,False,311784,281235.6437603986,False,False,False,False,158078.5209663561,False,False,False,False
2025-07-11 00:00:00+00:00,8.14,8.2,8.05,8.19,82668,,8.134591890397955,8.845704226520779,9.030438120817417,9.03403600399497,9.03842041153561,9.04198507121686,9.124884084278015,9.5152048453089,9.570457150708421,7.774124114265064,8.193653691297621,8.227962407856298,8.956861884284425,9.021269707952355,9.078359397496017,9.22162956439909,9.383113272135963,8.882363768747465,8.750510716906252,7.774124114265064,9.11237174742789,8.346839172230691,7.808030331107908,9.124884084278015,"rgba(38, 166, 154, 1.0)",0.0,0.0,0.9930365661049924,8.72469458179181,-0.5887946141652867,0.0,0.0,0.0,0.0,-1.0,8.14,8.12,884.0,59.96742178844855,6.506095581697423,True,False,True,False,True,0.0,0,0.9318620460335716,1.0225931110520263,False,False,False,False,-0.08649950564384455,-0.07921676641414249,False,False,False,False,229116,279191.7361619516,False,False,False,False,155121.24563434214,False,False,False,False
2025-07-14 00:00:00+00:00,8.1,8.12,8.0,8.1,142155,,8.121865910062947,8.838345716672043,9.02304529674816,9.028058393390694,9.032754771560661,9.036443738282243,9.119403627875876,9.509054862380367,9.564729953421526,7.779831774158342,8.192011206794561,8.225891228298746,8.949435625742069,9.016111045664726,9.073039867259457,9.21589890982914,9.379036688546377,8.880221394881527,8.748882827610434,7.779831774158342,9.10942850193625,8.346291214089206,7.81299249313071,9.119403627875876,"rgba(38, 166, 154, 0.75)",0.0,0.0,0.9582770198887265,8.71900828506725,-0.6459596465530697,0.0,0.0,0.0,0.0,0.0,0.0,0.0,0.0,58.570541576676845,6.506095581697423,True,False,True,False,False,0.0,0,0.9475125461531726,1.0216556627759639,False,False,False,False,-0.10636259973041955,-0.09278968307228103,False,False,False,False,86961,271653.27592030645,False,False,False,False,154612.76541338756,False,False,False,False
2025-07-15 00:00:00+00:00,7.85,8.18,7.84,8.18,111186,,8.098775414009962,8.83182435546197,9.01664154596121,9.022869598997781,9.027836316601192,9.031633907708501,9.11468311502541,9.503893204431396,9.559932861654676,7.7824313781877015,8.189524973560385,8.223099950643602,8.942951672500884,9.011620703719665,9.068437310783901,9.211002788319258,9.375582527139054,8.878312498160717,8.747396076467327,7.7824313781877015,9.106880138881362,8.345681627992825,7.815064008448129,9.11468311502541,"rgba(38, 166, 154, 0.75)",0.0,0.0,0.9281419392848431,8.713267134477803,-0.9301024961149507,0.0,0.0,0.0,0.0,0.0,0.0,0.0,0.0,53.808565965269835,8.38937107516972,True,False,True,False,False,0.0,0,0.9216318251481359,1.0218701883307526,False,False,False,False,-0.12169819060549002,-0.10724393683888553,False,False,False,False,-24225,260050.20627637286,False,False,False,False,152909.75500501943,False,False,False,False
2025-07-16 00:00:00+00:00,8.02,8.02,7.76,7.9,156314,,8.071604481259442,8.822577448153298,9.007572290047749,9.015501411602383,9.020848140877405,9.024798673555898,9.107978679192014,9.496585755814017,9.553139484853949,7.785486985976058,8.185775694690738,8.218937012778039,8.93376565708111,9.005233608279767,9.06189602410727,9.204056623055852,9.370675280261297,8.875574522072824,8.745253896791729,7.785486985976058,9.103244152583203,8.344776632313438,7.817413717790446,9.107978679192014,"rgba(38, 166, 154, 0.75)",0.0,0.0,0.8868620254877421,8.62564460296375,-0.6829073582563954,0.0,0.0,0.0,0.0,0.0,0.0,0.0,0.0,53.113929753014354,7.791629510091077,True,False,True,False,False,0.0,1,0.9102386749968107,1.0450638488791522,False,False,False,False,-0.1587515131589444,-0.13299772499891496,False,False,False,False,132089,255032.11975573082,False,False,False,False,153043.25480874415,False,False,False,False
2025-07-17 00:00:00+00:00,7.99,8.05,7.92,8.02,101360,,8.063429644259516,8.817036006146639,9.002060118754459,9.011009481157336,9.016584132825773,9.020626096079503,9.10386733680237,9.492043983416748,9.548908688683895,7.788094281856745,8.183903975968077,8.216793199299639,8.928210717898956,9.001336322210395,9.057893098282374,9.199780041920489,9.36762845190765,8.873907590745722,8.743961690522042,7.788094281856745,9.101005391387572,8.344267711974332,7.8195664390148805,9.10386733680237,#000000,0.0,0.0,0.8506203989224745,8.62359885409428,-0.7448667524278654,0.0,0.0,0.0,0.0,0.0,0.0,0.0,0.0,52.21519928781882,6.905145095393628,True,False,False,False,False,0.0,1,0.9106503524548226,1.0468901042902377,False,False,False,False,-0.1293869532299828,-0.13119233911444889,False,False,False,False,30729,246235.91898099627,False,False,False,False,151016.4605025189,False,False,False,False
2025-07-18 00:00:00+00:00,7.94,8.01,7.81,8.01,119520,,8.04881106481584,8.81007831623354,8.995214601881534,9.005421437661798,9.011278577171273,9.015434365200237,9.098770971079592,9.48648784950942,9.543737515926134,7.790079723482419,8.181010752273059,8.213597837310097,8.921285778689574,8.996479497229638,9.052919742182935,9.194500684600566,9.36388032423091,8.871802930564474,8.742309972695182,7.790079723482419,9.098219788531035,8.343557937774616,7.8210504575375674,9.098770971079592,#000000,0.0,0.0,0.8123189583470615,8.618519927015074,-0.8352875678240382,0.0,0.0,0.0,0.0,0.0,0.0,0.0,0.0,50.87201813320409,5.552123632965603,True,False,False,False,False,0.0,1,0.8971964926857717,1.0575254282805249,False,False,False,False,-0.15254856541264494,-0.14187045226354691,False,False,False,False,-88791,233097.6084327219,False,False,False,False,149781.30518869462,False,False,False,False
2025-07-21 00:00:00+00:00,8.06,8.09,7.9,8.01,138949,,8.045405772883049,8.802987927383873,8.988070142870132,8.999568736577992,9.005715418367634,9.009987124234243,9.093382402074738,9.480473252291675,9.53812230026438,7.793976534233234,8.178942494080962,8.21116342947098,8.914119541973255,8.99138984863219,9.04768099266202,9.188878995165044,9.359837328299266,8.869615101951807,8.740622813988736,7.793976534233234,9.095262179462445,8.34292340427238,7.824354024662214,9.093382402074738,#000000,0.0,0.0,0.7733244019365961,8.616217528407102,-0.7192551108101525,0.0,0.0,0.0,0.0,1.0,8.05,8.01,894.0,51.78396301846722,5.552123632965603,True,False,False,False,False,0.0,1,0.9061249015348241,1.0584363062735032,False,False,False,False,0.14753167123503835,0.0028306094857457192,False,False,False,False,50158,225923.50614124263,False,False,False,False,149356.50890678505,False,False,False,False
2025-07-22 00:00:00+00:00,8.17,8.28,8.05,8.08,93730,,8.053493312650392,8.799174979148384,8.984044518014535,8.996256249192669,9.00256155653518,9.006895881784795,9.090279860258363,9.476856660296606,9.534728890569296,7.798250551228239,8.178839157680905,8.210795449638836,8.910146548937261,8.988510084296294,9.044686733172684,9.18559841208201,9.357426788530915,8.868404013798491,8.739724032674415,7.798250551228239,9.093552391327774,8.342692914395451,7.828209739404506,9.090279860258363,"rgba(38, 166, 154, 1.0)",0.0,0.0,0.7344267360537692,8.617240716818667,-0.6089657345833932,0.0,0.0,0.0,0.0,1.0,8.16,8.09,892.0,53.86792688379931,5.552123632965603,True,False,True,False,True,0.0,1,1.0701924704536945,1.0292468626890392,False,False,False,False,0.27306070717253017,0.13794565832913794,False,False,False,False,143888,222706.42746903704,False,False,False,False,147175.07718495032,False,False,False,False
2025-07-23 00:00:00+00:00,8.31,8.33,8.16,8.25,117559,,8.069949009348806,8.795202731031136,8.979661829415882,8.992635026353705,8.999108482700422,9.003508283954085,9.086835949631471,9.472692743464203,9.530805814940315,7.804892495902171,8.179756748711922,8.211369010607292,8.905885068276717,8.985362544955455,9.04138435199384,9.181914359371243,9.35466990012626,8.867106538563648,8.738796745487297,7.804892495902171,9.091647208363261,8.342568424177609,7.834317664253103,9.086835949631471,"rgba(38, 166, 154, 1.0)",0.0,0.0,0.7065798093824844,8.619919614950309,-0.43861940411397066,0.0,0.0,0.0,0.0,0.0,0.0,0.0,0.0,56.90607659556935,2.156779239167406,True,False,True,False,True,0.0,1,1.0470814008803113,0.9418406224419682,False,False,False,False,0.33492719365447754,0.23643642599180775,False,False,False,False,261447,224225.66560750618,False,False,False,False,146013.66239338365,False,False,False,False
2025-07-24 00:00:00+00:00,8.26,8.33,8.2,8.23,89916,,8.080730339488184,8.79218538398329,8.976330164272966,8.989876866938184,8.996477243054366,9.000926478038368,9.08421059546469,9.469518475698015,9.52781369292766,7.809811113852406,8.180419312455149,8.21177384846956,8.9026467430902,8.982962507477557,9.038866571218216,9.179106266421245,9.352564226870841,8.86611243554417,8.738084961836616,7.809811113852406,9.090190064080389,8.342469312062594,7.838840576159592,9.08421059546469,"rgba(38, 166, 154, 1.0)",0.0,0.0,0.6957138533662572,8.62131874546475,-0.5193496488771723,0.0,0.0,0.0,0.0,0.0,0.0,0.0,0.0,58.002341410171674,3.205465720805641,True,False,True,False,True,0.0,1,1.0402210125486686,0.9588213442954108,False,False,False,False,0.34282817603893706,0.2896323010153724,False,False,False,False,171531,222159.20813270204,False,False,False,False,143813.75406423135,False,False,False,False
2025-07-25 00:00:00+00:00,8.24,8.33,8.145,8.33,30571,,8.083662131815657,8.791119156618258,8.975164992215555,8.988911747907949,8.995556556332511,9.00002316135679,9.083294728383812,9.468420742470009,9.526779552010632,7.8113686009695105,8.1805749915972,8.211844013275558,8.901510386815634,8.982121915136847,9.037986770499804,9.178129478379102,9.351833768733352,8.865761203582094,8.737830725982668,7.8113686009695105,9.089680865518643,8.342425043237805,7.840267407515897,9.083294728383812,"rgba(38, 166, 154, 1.0)",0.0,0.0,0.6898694222965528,8.621579733400427,-0.5531187802615753,0.0,0.0,0.0,0.0,0.0,0.0,0.0,0.0,58.3499087486164,3.624275152303973,True,False,True,False,True,0.0,1,1.0242899961262313,0.9514200077475369,False,False,False,False,0.32142360294490574,0.30552795198013905,False,False,False,False,140960,218974.92546083138,False,False,False,False,139372.861747987,False,False,False,False
2025-07-28 00:00:00+00:00,8.26,8.3,8.14,8.24,63880,,8.089262295089648,8.788884374001919,8.972725689030794,8.986889670738565,8.993627268533412,8.998130170661346,9.081376068042728,9.466123969682641,9.52461563077046,7.814549110429929,8.180869678284985,8.211961987414888,8.899130596116024,8.980359790486345,9.03614314427336,9.176084128120143,9.350303678505895,8.865022711213621,8.737295009075027,7.814549110429929,9.088612588686477,8.342328224683175,7.843179165320533,9.081376068042728,"rgba(38, 166, 154, 1.0)",0.0,0.0,0.6860587267694624,8.6219707971733,-0.5276090559736218,0.0,0.0,0.0,0.0,0.0,0.0,0.0,0.0,58.862564675232946,4.27495102733171,True,False,True,False,True,0.0,1,1.0136554684347507,0.9512304698758902,False,False,False,False,0.30795041016615793,0.30673918107314846,False,False,False,False,204840,218420.61465844585,False,False,False,False,136412.357365713,False,False,False,False
2025-07-29 00:00:00+00:00,8.11,8.3,7.97,8.3,61621,,8.090565311204227,8.78633486122823,8.970050530392017,8.984674672639258,8.991515633072927,8.996059511234767,9.079301683471124,9.463725497473984,9.522363218346547,7.816802085103651,8.180579193824226,8.211512663705701,8.896485754221915,8.97842622776216,9.0341374695466,9.17389719397424,9.348691086128154,8.864191950866259,8.736670163661561,7.816802085103651,9.08745640735993,8.342143752123878,7.845190550452018,9.079301683471124,"rgba(38, 166, 154, 0.75)",0.0,0.0,0.6691579487388003,8.62122439851015,-0.7639816570567306,0.0,0.0,0.0,0.0,0.0,0.0,0.0,0.0,56.30697727285235,4.27495102733171,True,False,True,False,False,0.0,1,0.9956086006239886,0.965844671519911,False,False,False,False,0.24393205959114178,0.2753356203321451,False,False,False,False,143219,215471.53173066364,False,False,False,False,133479.36295921446,False,False,False,False
2025-07-30 00:00:00+00:00,7.94,8.145,7.875,8.14,53938,,8.087490924075933,8.783649076277426,8.967336356120603,8.982430353117742,8.98937786028372,8.993964513910228,9.07722756245202,9.461414020673802,9.520200419974806,7.817868611594703,8.179673797059042,8.21048064532263,8.893767168630307,8.976463912328102,9.032119384223666,9.171735485685987,9.347121727153242,8.863328558608053,8.73599898801354,7.817868611594703,9.086299525267188,8.341877794958867,7.846063766473319,9.07722756245202,#000000,0.0,0.0,0.659813596390632,8.619418835628014,-1.0297132998541227,0.0,0.0,0.0,0.0,-1.0,7.97,7.95,898.0,51.988563110726794,6.791418756407943,True,False,False,False,False,0.0,1,0.9755026261263431,0.974461523635137,False,False,False,False,0.15308956146046376,0.21421259089630443,False,False,False,False,89281,210522.88342750038,False,False,False,False,130360.09382355899,False,False,False,False
2025-07-31 00:00:00+00:00,7.94,7.95,7.805,7.92,62395,,8.081230404575933,8.780222736035704,8.963934122474356,8.979617510329984,8.986699366245176,8.991340288559586,9.074644492632755,9.458589513987649,9.517562425551992,7.818448823105551,8.178162392130696,8.208832038787385,8.890338253442618,8.97400186816564,9.029598128947887,9.169058976263319,9.34519323076003,8.862231487923019,8.735132726122963,7.818448823105551,9.084857024377715,8.34149424981705,7.846434321412085,9.074644492632755,#000000,0.0,0.0,0.6469534424954501,8.61658448405868,-1.045800887076103,0.0,0.0,0.0,0.0,0.0,0.0,0.0,0.0,49.10962033597642,4.175612222557582,False,False,False,False,False,0.0,1,0.9792099792099792,0.9874292897548711,False,False,False,False,0.059434924240533815,0.13682375756841914,False,False,False,False,89281,205768.29976367686,False,False,False,False,127694.79602655668,False,False,False,False
2025-08-01 00:00:00+00:00,7.83,7.9,7.735,7.84,69983,,8.071939807836301,8.776079769174887,8.959871109165164,8.976257441614587,8.983500214149075,8.988206432408882,9.071572773802341,9.455278562147313,9.51447420035356,7.81847463918065,8.176027201035215,8.206552055785474,8.886225272601939,8.971057886395018,9.026592821493084,9.165890011594861,9.342922013097219,8.860906329120706,8.734074422617375,7.81847463918065,9.083138987425425,8.340990563214845,7.846238936177184,9.071572773802341,"rgba(239, 83, 80, 0.5)",0.0,0.0,0.6304874419164669,8.531796276516843,-1.1131011180549792,0.0,0.0,0.0,0.0,0.0,0.0,0.0,0.0,45.64251082270455,1.039440005833903,False,False,False,True,False,0.0,1,0.9705214323684338,0.9884018750302032,False,False,False,False,0.017462055338540942,0.07714290645348004,True,False,False,False,19298,198455.7389886307,False,False,False,False,125431.58833924074,False,False,False,False
2025-08-04 00:00:00+00:00,7.97,8.005,7.87,7.87,71578,,8.067574520020038,8.772436739984341,8.95620443399477,8.973215722759102,8.980601027922843,8.985364634237632,9.068763398033779,9.452167479140787,9.511562682135303,7.819531539922997,8.174640865246836,8.205006082914581,8.882547828932143,8.968392448105702,9.023855957791682,9.162968174012631,9.340798865514762,8.859719226968847,8.73314445041085,7.819531539922997,9.081562579982434,8.340601812237638,7.847056093574241,9.068763398033779,"rgba(239, 83, 80, 0.5)",0.0,0.0,0.6137805752828526,8.53263913659129,-0.9166779778457576,0.0,0.0,0.0,0.0,0.0,0.0,0.0,0.0,45.99526999935125,1.039440005833903,False,False,False,True,False,0.0,1,1.0079049821149777,0.9650500978241537,False,False,False,False,0.10161813481902572,0.08938052063625287,False,False,False,False,90876,194236.92569495892,False,False,False,False,123319.68291417249,False,False,False,False
2025-08-05 00:00:00+00:00,7.91,7.99,7.8268,7.94,56538,,8.063269258134277,8.769445280548183,8.95321445154468,8.97073395079696,8.978235505466888,8.98304604601298,9.06647655904723,9.44965501883997,9.509212803646545,7.820102607187956,8.173369125571279,8.203612526691781,8.879541765312249,8.966215931844538,9.021625132033726,9.160595626409009,9.339079076273428,8.858743298284837,8.732374639547388,7.820102607187956,9.080277316054753,8.340264501924747,7.847444833001461,9.06647655904723,"rgba(239, 83, 80, 0.5)",0.0,0.0,0.5998037817291006,8.530860282781664,-1.0351056490371926,0.0,0.0,0.0,0.0,0.0,0.0,0.0,0.0,45.328892551046096,0.8136042646192934,False,False,False,True,False,0.0,1,1.0184888255438762,0.9307163925015343,False,False,False,False,0.08112347942940812,0.0852520000328305,False,False,False,False,34338,187966.37958927426,False,False,False,False,120700.79338812652,False,False,False,False
2025-08-06 00:00:00+00:00,7.97,8.03,7.81,7.91,81188,,8.058520561339769,8.765322930357716,8.949063842326415,8.96728288395186,8.974944474950918,8.979819508971357,9.063286710228585,9.446126111662949,9.50590870010783,7.821162084473502,8.171753376797081,8.20182037336714,8.87537982885417,8.963187645449263,9.018516714199679,9.15727947267402,9.336664439895072,8.857386191232296,8.731308857038425,7.821162084473502,9.078480191486177,8.339812133311497,7.848242551716935,9.063286710228585,"rgba(239, 83, 80, 0.5)",0.0,0.0,0.5833192379249004,8.52884667098498,-0.958046014345456,0.0,0.0,0.0,0.0,1.0,8.09,7.99,0.0,46.00267441270789,0.8136042646192934,False,False,False,True,False,0.0,1,1.0285618610514704,0.9152993086059841,False,False,False,False,0.08928406759317277,0.08726803381300163,False,False,False,False,115526,185125.58038969486,False,False,False,False,119151.27207878823,False,False,False,False
2025-08-07 00:00:00+00:00,8.8,8.93,8.09,8.09,255696,8.606666666666666,8.116432429471626,8.76288744122492,8.944716766580164,8.963531936766769,8.971315774014633,8.976230545070704,9.059262254682807,9.440004611033043,9.499997243009265,7.8430220940042155,8.180906476806669,8.210203138624584,8.871695432160031,8.959915275739004,9.014833759655634,9.152620752165834,9.332727298845516,8.856229389585366,8.730785276046985,7.8430220940042155,9.076156607507343,8.34075081846488,7.869013807693754,9.059262254682807,"rgba(38, 166, 154, 1.0)",0.0,0.0,0.5808182485406178,8.55762828534354,0.417293560017185,0.0,0.0,0.0,0.0,1.0,8.61,8.03,0.0,54.81975626105267,-1.0621142854898977,True,False,True,False,True,4.0055903840879665,0,1.0285230576717823,0.859684958227522,False,False,False,False,0.3428281921752648,0.2150481129941332,False,False,False,False,371222,192423.47919794213,False,False,False,False,124505.96729138478,False,False,False,False
2025-08-08 00:00:00+00:00,8.73,8.9,8.61,8.8,106584,8.647855139670972,8.143016685689469,8.76278430801338,8.943674166212682,8.96259572334314,8.970396873843494,8.975313868129412,9.05811803218295,9.437903480088789,9.497938589853476,7.853384447282938,8.185826562543356,8.214793776891202,8.87098490550641,8.959102495529821,9.013837861446035,9.151194040067741,9.331412695297336,8.856019076071341,8.730813035801509,7.853384447282938,9.075481601554067,8.341345128586358,7.878920110611641,9.05811803218295,"rgba(38, 166, 154, 1.0)",0.0,0.0,0.5746617336381995,8.567775370853635,0.2822958614615188,0.0,0.0,0.0,0.0,0.0,0.0,0.0,0.0,59.67476154467556,3.1987024037683156,True,False,True,False,True,3.2277840372699984,0,1.0890763749146157,0.8587700998763085,False,False,False,False,0.34282820280162724,0.27893815789788023,False,False,False,False,264638,195255.4211901797,False,False,False,False,123803.1450446638,False,False,False,False
2025-08-11 00:00:00+00:00,9.03,9.09,8.71,8.71,183317,8.747133867427179,8.197151647381462,8.764737340156945,8.943671107909813,8.962453754502043,8.97020780745158,8.97509572742561,9.057399912577736,9.43533906079771,9.495344076895226,7.874465651831326,8.196989790475383,8.225360770523116,8.87168520850508,8.958999795968909,9.013390383085483,9.149945146859952,9.32992123657698,8.856306398004172,8.731450028652029,7.874465651831326,9.07501760998238,8.342857239219686,7.899190379993953,9.057399912577736,"rgba(38, 166, 154, 1.0)",0.0,0.0,0.5708267435668409,8.587714782558466,0.774815164892049,0.0,0.0,0.0,0.0,1.0,9.0,8.9,906.0,64.61013078613233,7.4900504384867475,True,False,True,False,True,6.190298457573373,0,1.1016942996713095,0.8274828844861715,False,False,False,False,0.3428282026211596,0.3108831802595199,False,False,False,False,447955,205165.2085944864,False,False,False,False,126137.02170957894,False,False,False,False
2025-08-12 00:00:00+00:00,9.15,9.27,9.0,9.03,154677,8.833910407450036,8.248058400848555,8.768131456186746,8.945146374470951,8.963551053377678,8.971202795749724,8.976039383045576,9.057833652865419,9.43405256282834,9.493946959027438,7.89478715738981,8.208571582344439,8.236419070427676,8.873858869856468,8.959988991239035,9.014064794916953,9.149894982999005,9.329307359823526,8.857091908483266,8.732480664776519,7.89478715738981,9.075209557526703,8.344543152412593,7.918812886021926,9.057833652865419,"rgba(38, 166, 154, 1.0)",0.0,0.0,0.5673607302220968,8.606119624781304,0.9586147687835065,0.0,0.0,0.0,0.0,0.0,0.0,0.0,0.0,68.4808744295282,10.788775172132603,True,False,True,False,True,7.330369302866224,0,1.1136835267156286,0.8258657090784417,False,False,False,False,0.3428282086957915,0.3268556944776557,False,False,False,False,602632,220752.14159078107,False,False,False,False,127256.23654449741,False,False,False,False
2025-08-13 00:00:00+00:00,9.16,9.3,9.065,9.29,335196,8.944325839151947,8.345154920850595,8.77595292912177,8.94882932315547,8.966345617247862,8.97375838549471,8.978476460251597,9.059151943286814,9.43163003493737,9.491252380426708,7.937837994875502,8.233626580783213,8.260382616154978,8.879054427915444,8.962505644893398,9.015901325373203,9.150166434297557,9.328234023196298,8.858988085966862,8.734886676723043,7.937837994875502,9.075844271089489,8.348331966835625,7.960436763805054,9.059151943286814,"rgba(38, 166, 154, 1.0)",0.0,0.0,0.5665857281888947,8.639843475273647,0.9180544070339475,0.0,0.0,0.0,0.0,0.0,0.0,0.0,0.0,71.11064288713926,13.015830328099561,True,False,True,False,True,7.425573744624284,0,1.110775519062432,0.8372278087245895,False,False,False,False,0.342828209998149,0.33484195223790236,False,False,False,False,937828,248872.76348918182,False,False,False,False,135410.7370721642,False,False,False,False
2025-08-14 00:00:00+00:00,9.02,9.16,8.97,9.16,92970,8.953032129902047,8.36505483041761,8.777406359241438,8.949276951085167,8.96665114604495,8.974022639222017,8.978718631289201,9.059123471656433,9.43064275011935,9.490220838247673,7.948115307751336,8.239454933929151,8.265934948480218,8.879868552234,8.962788770511398,9.016008911470403,9.14986693409217,9.327698267886975,8.859303560271497,8.73536116104014,7.948115307751336,9.075798758490054,8.349218740417372,7.9703590456153846,9.059123471656433,"rgba(38, 166, 154, 1.0)",0.0,0.0,0.5616490520401599,8.646343638021607,0.6652844167031102,0.0,0.0,0.0,0.0,0.0,0.0,0.0,0.0,70.6396116410244,13.015830328099561,True,False,True,False,True,5.801576827380295,0,1.1060897319647456,0.8422255268216606,False,False,False,False,0.2914765002720194,0.31315922625496084,False,False,False,False,844858,272244.7335484296,False,False,False,False,133746.39444188325,False,False,False,False
2025-08-15 00:00:00+00:00,9.06,9.13,8.93,9.07,132907,8.96219585622883,8.391239485902172,8.7793823180785,8.949847176902239,8.967032124291142,8.974347938000502,8.979013826706021,9.05903879892143,9.42920335009526,9.488721217092031,7.96235149458758,8.24754287173361,8.273638613497207,8.880951400846085,8.963144303757682,9.016116637128478,9.149399312530981,9.32690849054003,8.859729191970713,8.736015513202045,7.96235149458758,9.075708860833053,8.350464524261124,7.984105311692734,9.05903879892143,"rgba(38, 166, 154, 1.0)",0.0,0.0,0.5544009022001253,8.654871638626261,0.730749823396748,0.0,0.0,0.0,0.0,0.0,0.0,0.0,0.0,70.59554468250079,13.015830328099561,True,False,True,False,True,6.196795782598979,0,1.0957205973637125,0.8562274071639828,False,False,False,False,0.2764757109529331,0.294817468603947,False,False,False,False,977765,299912.194977903,False,False,False,False,133713.4770127898,False,False,False,False
2025-08-18 00:00:00+00:00,9.14,9.27,9.06,9.06,134352,8.980915897100067,8.420124479682055,8.782230500223228,8.951152945866431,8.968022605552532,8.975252120052406,8.979874701432353,9.059473817141761,9.428191984099406,9.487606917839566,7.977887721386199,8.256733779783133,8.282433765660123,8.882823330704008,8.96404092773529,9.016751718827626,9.149430446577517,9.32643737604174,8.860434555147995,8.736926899862418,7.977887721386199,9.07591385162764,8.35193159601837,7.999142719866259,9.059473817141761,"rgba(38, 166, 154, 1.0)",0.0,0.0,0.5549102029457431,8.664751341299828,0.8564424589371629,0.0,0.0,0.0,0.0,0.0,0.0,0.0,0.0,71.11209381202212,13.371775171280788,True,False,True,False,True,6.9895185593044715,0,1.1069978417529358,0.8399604931045835,False,False,False,False,0.3350749244171275,0.31494619651053724,False,False,False,False,1112117,331763.36380229896,False,False,False,False,133738.51712993532,False,False,False,False
2025-08-19 00:00:00+00:00,9.09,9.32,9.03,9.19,93725,8.991346097551805,8.438760593307235,8.784139696614993,8.952010289307214,8.96867116405638,8.975843114851607,8.980436639679,9.059744012531956,9.427465059589597,9.486810636584163,7.988398791367727,8.262966129693272,8.288397300781257,8.884067083597625,8.96462929845494,9.017159946344561,9.149422211304332,9.326090996007325,8.860908096979994,8.737545263718518,7.988398791367727,9.076038608422708,8.352939200593326,8.009317906490159,9.059744012531956,"rgba(38, 166, 154, 1.0)",0.0,0.0,0.5531335794875495,8.671141753101065,0.757246101903606,0.0,0.0,0.0,0.0,0.0,0.0,0.0,0.0,70.57209818095465,13.371775171280788,True,False,True,False,True,6.391457617566218,0,1.0923511516731854,0.8433652035346951,False,False,False,False,0.3395005625540659,0.3272233795323016,False,False,False,False,1018392,358689.97698652255,False,False,False,False,132169.35959542805,False,False,False,False
2025-08-20 00:00:00+00:00,9.18,9.2,8.961,9.07,96458,8.998785993745647,8.456118793545423,8.785906823289288,8.952736558621947,8.96921089618851,8.976330423312818,8.980896997095757,9.059915435214325,9.426633386179072,9.485915880194801,7.998718137286682,8.26905357656669,8.29421670106205,8.885175594614763,8.965121824776839,9.017471032952788,9.149312898512608,9.325670598011373,8.861337722301531,8.738128537993358,7.998718137286682,9.076106768127351,8.353930519401839,8.019304662417584,9.059915435214325,"rgba(38, 166, 154, 1.0)",0.0,0.0,0.5469299080542923,8.677065898025383,0.9195586026074332,0.0,0.0,0.0,0.0,0.0,0.0,0.0,0.0,70.902302618951,13.968559189159649,True,False,True,False,True,7.2985087470712955,0,1.0827210835473964,0.8562934487775962,False,False,False,False,0.2981603159624353,0.31269184774736847,False,False,False,False,1114850,388343.31122234516,False,False,False,False,130768.91412109755,False,False,False,False
2025-08-21 00:00:00+00:00,9.23,9.285,9.09,9.15,72269,9.007628362957696,8.470213679556197,8.787570586929139,8.953571655149002,8.969857395900005,8.97692577885251,8.981467060757886,9.06025226033432,9.426187552737126,9.48540612470925,8.006927006256092,8.274026956083405,8.29898573668536,8.886316306698903,8.965706059774822,9.017914814537603,9.149432543824648,9.325487002461072,8.861770578797598,8.738666485289135,8.006927006256092,9.076276941511367,8.354757385021063,8.02726167180176,9.06025226033432,"rgba(38, 166, 154, 1.0)",0.0,0.0,0.5396913365421858,8.682042118023865,1.0153171727508417,0.0,0.0,0.0,0.0,1.0,9.24,9.2,0.0,71.49994370175486,15.01117109169573,True,False,True,False,True,7.802137427627386,0,1.0953756194958462,0.8453488786679502,False,False,False,False,0.34282821013093595,0.32776002893915224,False,False,False,False,1187119,419667.84803715517,False,False,False,False,128474.79984183882,False,False,False,False
2025-08-22 00:00:00+00:00,9.61,9.99,9.24,9.25,242446,9.084893952268681,8.5383901509816,8.798509540240133,8.960914238601482,8.975805657016027,8.982517058533373,8.986893640592287,9.064626284218525,9.427423555880596,9.486171163653708,8.042879128565263,8.29756617855046,8.321757196263656,8.895001958055822,8.971028104532202,9.022688778410243,9.152962090316922,9.32690965418419,8.86496376431096,8.742058614261136,8.042879128565263,9.078707764764776,8.358862240476428,8.06227950369668,9.064626284218525,"rgba(38, 166, 154, 1.0)",0.0,0.0,0.5404528631594521,8.723426729300682,1.640426633169206,0.0,0.0,0.0,0.0,1.0,9.41,9.285,914.0,74.17173827804746,17.94956731727963,True,False,True,False,True,11.467330361774096,0,1.0994203289296305,0.7961040711782152,False,False,False,False,0.3428282191459858,0.33529412404256903,False,False,False,False,1429565,459271.657918051,False,False,False,False,132944.25867157063,False,False,False,False
2025-08-25 00:00:00+00:00,9.43,9.61,9.41,9.56,93411,9.103559183814708,8.55961599277307,8.801987074014173,8.963144755996497,8.977606834138774,8.98420660335225,8.988530893809289,9.065898217501886,9.427565463785173,9.486164640005544,8.055193798227895,8.305541783036999,8.329459523171035,8.897697638129566,8.972645038536808,9.02410739879083,9.15392771375193,9.327206955737186,8.865974365163623,8.743164584480375,8.055193798227895,9.0794121546573,8.360273491717862,8.074265697239024,9.065898217501886,"rgba(38, 166, 154, 1.0)",0.0,0.0,0.540113534944814,8.729702752606208,1.2965741498504466,0.0,0.0,0.0,0.0,0.0,0.0,0.0,0.0,72.90062533375409,17.94956731727963,True,False,True,False,True,9.246297234591545,0,1.116916761994482,0.830933315389274,False,False,False,False,0.3062261135072919,0.3207601187749305,False,False,False,False,1336154,493659.2007447941,False,False,False,False,131393.93480209727,False,False,False,False
2025-08-26 00:00:00+00:00,9.52,9.58,9.41,9.41,72829,9.117645999337794,8.575859037295197,8.80475283914037,8.964936991178023,8.979057484897005,8.985568456237402,8.989851219276394,9.066931803575537,9.427715105145074,9.486195356382286,8.064782391166343,8.311790347183626,8.335497098153937,8.899853472767541,8.973947731169101,9.025255302252372,9.15472213932073,9.327467560489813,8.86678545498545,8.7440478182878,8.064782391166343,9.079986750100153,8.361390886356775,8.083602177749349,9.066931803575537,"rgba(38, 166, 154, 1.0)",0.0,0.0,0.5640474710070977,8.735292788413744,1.3912077474351106,0.0,0.0,0.0,0.0,0.0,0.0,0.0,0.0,72.64174975832222,17.94956731727963,True,False,True,False,True,10.096872093416678,0,1.1199865353866867,0.8300092569216528,False,False,False,False,0.3010636375935709,0.3109118781842507,False,False,False,False,1408983,529554.2516959787,False,False,False,False,129097.27069221111,False,False,False,False
2025-08-27 00:00:00+00:00,9.64,9.77,9.5,9.5,104814,9.142696356059666,8.601500944867617,8.809447651815857,8.968129192743481,8.981658629991541,8.988017416131589,8.992229897322165,9.068862644159443,9.428307340680883,9.486581798629185,8.079619902935974,8.321663158731514,8.345057741336158,8.903608880885823,8.976280733702213,9.027355784115107,9.156294009070733,9.328124593621895,8.868192891616982,8.745537937678566,8.079619902935974,9.081070555247111,8.363182507222817,8.098068910353332,9.068862644159443,"rgba(38, 166, 154, 1.0)",0.0,0.0,0.590318832771138,8.746095977756482,1.5142732581429905,0.0,0.0,0.0,0.0,0.0,0.0,0.0,0.0,73.21571279516577,17.94956731727963,True,False,True,False,True,11.219390963702697,0,1.1221640488656193,0.8155073547743706,False,False,False,False,0.34282821947871606,0.3268700488314834,False,False,False,False,1513797,568152.0065314305,False,False,False,False,128144.98556702636,False,False,False,False
2025-08-28 00:00:00+00:00,9.49,9.665,9.4575,9.65,83943,9.157389160830066,8.619276665333365,8.812723390771248,8.970287962877254,8.98341388075829,8.989667659623656,8.993831131815158,9.070131167787363,9.428554639914989,9.486686313188404,8.090558376160399,8.328876256558475,8.352033759363017,8.90618585737414,8.977858566147606,9.028755533606935,9.157287151378359,9.328480308012226,8.869171390586551,8.746595349918085,8.090558376160399,9.081781126872906,8.364502295763353,8.108727731330212,9.070131167787363,"rgba(38, 166, 154, 0.75)",0.0,0.0,0.6088743120939522,8.752793145645388,1.2107701699868363,0.0,0.0,0.0,0.0,0.0,0.0,0.0,0.0,71.13241527756128,17.94956731727963,True,False,True,False,False,9.35841664443928,0,1.1223045403749843,0.8240966847398702,False,False,False,False,0.31727409104594173,0.32207206993871257,False,False,False,False,1429854,601944.2415694136,False,False,False,False,126411.57436831945,False,False,False,False
2025-08-29 00:00:00+00:00,9.56,9.6,9.4418,9.52,94498,9.172530130295609,8.638421916126715,8.816357954916324,8.97268351458408,8.98536398565117,8.9915015667707,8.995610738345151,9.071540168437453,9.428822627337777,9.486795234767765,8.102647626369656,8.336870943099367,8.359766583693396,8.909045658799421,8.979612960746701,9.030311142225345,9.158388567957608,9.328872498106456,8.870263648114488,8.747776994876197,8.102647626369656,9.082572163391385,8.365979982756489,8.120509993408609,9.071540168437453,"rgba(38, 166, 154, 0.75)",0.0,0.0,0.6298205092515093,8.760121499676886,1.2700102466871155,0.0,0.0,0.0,0.0,0.0,0.0,0.0,0.0,70.27855087829674,17.94956731727963,True,False,True,False,False,10.02622863181126,0,1.1413520265358812,0.8178582469274024,False,False,False,False,0.3022816461813517,0.31217685806003215,False,False,False,False,1524352,638117.0948412013,False,False,False,False,125160.06164799319,False,False,False,False
2025-09-02 00:00:00+00:00,9.56,9.65,9.44,9.48,80927,9.185095850327237,8.654474746494655,8.819510602121227,8.97477717643074,8.987071676406861,8.99310853682212,8.997170685661246,9.072781724436407,9.429085962679832,9.486919773252424,8.112955315143925,8.343724423605742,8.366398421983035,8.911536567192154,8.981149921364993,9.03167801011739,9.159366836245304,9.329233399263495,8.871218771647941,8.748806749874657,8.112955315143925,9.083271436911629,8.367259859050835,8.130559372140308,9.072781724436407,"rgba(38, 166, 154, 0.75)",0.0,0.0,0.6485759313593872,8.766465986816236,1.2235020986988392,0.0,0.0,0.0,0.0,0.0,0.0,0.0,0.0,69.70930794545372,17.94956731727963,True,False,True,False,False,10.02622863181126,0,1.1329575957252878,0.8177059379363978,False,False,False,False,0.31076180547410415,0.31146933176706815,False,False,False,False,1524352,672871.4048474288,False,False,False,False,123425.43177944445,False,False,False,False
2025-09-03 00:00:00+00:00,9.46,9.59,9.425,9.59,131870,9.200870038577559,8.677828064419893,8.824184544608924,8.977813751134304,8.989546254101665,8.995435142263172,8.99942764495172,9.074545468867727,9.429306786264696,9.48693496555576,8.128771510928704,8.354195638813291,8.37652319047807,8.91518719096291,8.983381709236477,9.033641033555833,9.160714002082434,9.329664242810017,8.872636143091325,8.750357317952782,8.128771510928704,9.084264572016084,8.369236922841711,8.145974824549963,9.074545468867727,"rgba(38, 166, 154, 0.75)",0.0,0.0,0.6646530762071823,8.775364242932305,1.0300648286690313,0.0,0.0,0.0,0.0,0.0,0.0,0.0,0.0,67.55891138204098,22.111336112353698,True,False,True,False,False,8.758708278134396,0,1.133628043399699,0.8209888475211577,False,False,False,False,0.2917014821050606,0.3015854069360644,False,False,False,False,1392482,701091.4281867453,False,False,False,False,123756.59131750546,False,False,False,False
2025-09-04 00:00:00+00:00,9.79,9.8,9.43,9.49,113022,9.220825390792145,8.701072726405659,8.829215302324464,8.981298178426602,8.992408285877987,8.998135708444318,9.002053565003834,9.07669857994639,9.4300425656611,9.487444863870321,8.143809916507552,8.364428617324542,8.386447176632501,8.919254204155909,8.985957166650486,9.035972240851862,9.162488994524624,9.330443742407418,8.874200782145426,8.752005537533297,8.143809916507552,9.085489770417244,8.371199243188038,8.160658222074522,9.07669857994639,"rgba(38, 166, 154, 0.75)",0.0,0.0,0.6883767824342673,8.785636762126146,1.459031250766741,0.0,0.0,0.0,0.0,1.0,9.625,9.59,923.0,68.81369738764015,22.111336112353698,True,False,True,False,False,11.92497378353331,0,1.115108393737436,0.8273374093938459,False,False,False,False,0.334699607370141,0.31814250715310266,False,False,False,False,1505504,732637.0192382456,False,False,False,False,123335.62695211309,False,False,False,False
2025-09-05 00:00:00+00:00,9.73,9.8626,9.625,9.84,93364,9.238301996407003,8.720717618812216,8.833647099691648,8.984421795996253,8.994981467869474,9.000566433576338,9.004418705428202,9.078660623391396,9.430810680822635,9.488012481647202,8.156539108297634,8.373182178249372,8.394945003375241,8.9228716662089,8.988272694932826,9.038082893640633,9.164133880401987,9.331208182289423,8.875594829598468,8.753459668895648,8.156539108297634,9.086611005391859,8.372897578763874,8.173095426922336,9.078660623391396,"rgba(38, 166, 154, 0.75)",0.0,0.0,0.7084863448937192,8.794591875659046,1.320290971142536,0.0,0.0,0.0,0.0,0.0,0.0,0.0,0.0,68.65037909710779,22.111336112353698,True,False,True,False,False,11.160891804122823,0,1.126700065634788,0.8228193049359022,False,False,False,False,0.3428282159656422,0.33048536155937247,False,False,False,False,1412140,759284.1949543928,False,False,False,False,122160.26903242238,False,False,False,False
2025-09-08 00:00:00+00:00,9.71,9.81,9.67,9.75,86335,9.253167733373957,8.73807504446439,8.837665755482188,8.987252494084899,8.997315974859642,9.002772191687953,9.006565102462469,9.080439512387546,9.4314964903722,9.488515951580911,8.168063150924,8.381124247448923,8.402655467695226,8.926151113826927,8.990375185221751,9.039997937049934,9.165622400640803,9.331896647818628,8.87686624191147,8.754788003263705,8.168063150924,9.087629841096648,8.374453755615848,8.184356595386141,9.080439512387546,"rgba(38, 166, 154, 0.75)",0.0,0.0,0.7261523926127764,8.80247171355018,1.2497766249649531,0.0,0.0,0.0,0.0,0.0,0.0,0.0,0.0,68.19564249961424,22.111336112353698,True,False,True,False,False,10.904052366856305,0,1.1278590708907514,0.8345353200237333,False,False,False,False,0.34136782852233943,0.335926595040856,False,False,False,False,1325805,781500.6971130442,False,False,False,False,120755.356521347,False,False,False,False
2025-09-09 00:00:00+00:00,9.53,9.69,9.49,9.69,60171,9.259705986526424,8.74792836522749,8.839946919721429,8.988790413052778,8.998580862667852,9.003965123630534,9.007724343105096,9.081369596736378,9.431717405419453,9.48863393588061,8.175182929587974,8.385954622027736,8.407335363398294,8.927969199332015,8.99151801068814,9.041018325461879,9.166362402822356,9.33218278848214,8.87758434989736,8.7555601086784,8.175182929587974,9.088161621406858,8.375408453804349,8.191306670071258,9.081369596736378,"rgba(38, 166, 154, 0.75)",0.0,0.0,0.7349716670398357,8.8066076336933,0.9842452420243991,0.0,0.0,0.0,0.0,0.0,0.0,0.0,0.0,64.96118919324931,19.039097062371354,True,False,True,False,False,8.61501834627283,0,1.1113315419837102,0.845140336338448,False,False,False,False,0.28475924834668315,0.31034292169376954,False,False,False,False,1265634,800486.3168341012,False,False,False,False,118379.4994028628,False,False,False,False
