date,Open,High,Low,Close,Volume,Gap_Up_aVWAP_852,Gap_Up_aVWAP_828,Gap_Up_aVWAP_810,Gap_Up_aVWAP_762,Gap_Up_aVWAP_714,Gap_Up_aVWAP_696,Gap_Up_aVWAP_678,Gap_Up_aVWAP_648,Gap_Up_aVWAP_564,Gap_Up_aVWAP_546,Gap_Down_aVWAP_840,Gap_Down_aVWAP_774,Gap_Down_aVWAP_768,Gap_Down_aVWAP_756,Gap_Down_aVWAP_738,Gap_Down_aVWAP_720,Gap_Down_aVWAP_708,Gap_Down_aVWAP_684,Gap_Down_aVWAP_630,Gap_Down_aVWAP_606,aVWAP_OB_bull_214,aVWAP_OB_bull_1,aVWAP_OB_bear_751,aVWAP_OB_bear_324,color,Liquidity,Liquidity_Level,StDev,StDev_Mean,StdDev_ZScore,OB,OB_High,OB_Low,OB_Mitigated_Index,FVG,FVG_High,FVG_Low,FVG_Mitigated_Index,QQEMOD,QQE1_Value,QQE1_Above_Upper,QQE1_Below_Lower,QQE2_Above_Threshold,QQE2_Below_Threshold,QQE2_Above_TL,banker_RSI,TTM_squeeze_Active,VI_plus,VI_minus,VI_Regular_Bullish,VI_Regular_Bearish,VI_Hidden_Bullish,VI_Hidden_Bearish,Fisher,Fisher_Signal,Fisher_Regular_Bullish,Fisher_Regular_Bearish,Fisher_Hidden_Bullish,Fisher_Hidden_Bearish,OBV,OBV_Smoothed,OBV_Regular_Bullish,OBV_Regular_Bearish,OBV_Hidden_Bullish,OBV_Hidden_Bearish,Volume_MA,Vol_Regular_Bullish,Vol_Regular_Bearish,Vol_Hidden_Bullish,Vol_Hidden_Bearish
2025-04-14 14:00:00+00:00,10.19,10.26,10.125,10.21,862.0,,,,,,,,,,,,,,,,,,,,,,,,,"rgba(38, 166, 154, 1.0)",0.0,0.0,,,,0.0,0.0,0.0,0.0,0.0,0.0,0.0,0.0,,,False,False,False,False,False,,0,,,False,False,False,False,,,False,False,False,False,0.0,0.0,False,False,False,False,862.0,False,False,False,False
2025-04-14 15:00:00+00:00,10.22,10.22,10.02,10.07,1588.0,,,,,,,,,,,,,,,,,,,,,,10.103333333333335,,,"rgba(239, 83, 80, 1.0)",0.0,0.0,,,,1.0,10.22,10.02,0.0,0.0,0.0,0.0,0.0,0.0,,False,False,False,True,False,,0,,,False,False,False,False,,,False,False,False,False,-1588.0,-24.62015503875969,False,False,False,False,873.2558139534883,False,False,False,False
2025-04-14 16:00:00+00:00,10.07,10.19,10.065,10.12,1057.0,,,,,,,,,,,,,,,,,,,,,,10.111991808443605,,,"rgba(239, 83, 80, 1.0)",0.0,0.0,,,,0.0,0.0,0.0,0.0,0.0,0.0,0.0,0.0,9.554140127388365,-64.33121019108255,False,False,False,True,True,,0,,,False,False,False,False,,,False,False,False,False,-531.0,-32.47100534823629,False,False,False,False,876.1045610239769,False,False,False,False
2025-04-14 17:00:00+00:00,10.145,10.245,10.125,10.165,1012.0,,,,,,,,,,,,,,,,,,,,,,10.13035046941938,,,"rgba(38, 166, 154, 1.0)",0.0,0.0,,,,0.0,0.0,0.0,0.0,0.0,0.0,0.0,0.0,21.272234526970085,-52.829511218720164,False,False,False,True,True,,0,,,False,False,False,False,,,False,False,False,False,481.0,-24.51021456764348,False,False,False,False,878.2114670546129,False,False,False,False
2025-04-14 18:00:00+00:00,10.16,10.235,10.125,10.225,1180.0,,,,,,,,,,,,,,,,,,,,,,10.146121907518435,,,"rgba(38, 166, 154, 1.0)",0.0,0.0,,,,0.0,0.0,0.0,0.0,0.0,0.0,0.0,0.0,33.7339178770564,-40.78841944723524,False,False,False,True,True,,0,,,False,False,False,False,,,False,False,False,False,1661.0,1.6217267434827747,False,False,False,False,882.8903590382623,False,False,False,False
2025-04-14 19:00:00+00:00,10.225,10.28,10.2,10.23,6507.0,,,,,,,,,,,,,,,,,,,,,,10.198059032675129,,,"rgba(239, 83, 80, 1.0)",0.0,0.0,,,,0.0,0.0,0.0,0.0,0.0,0.0,0.0,0.0,42.36010955569053,-32.31313205379776,False,False,False,True,True,,0,,,False,False,False,False,,,False,False,False,False,8168.0,128.2322426079249,False,False,False,False,970.0858573477466,False,False,False,False
2025-04-15 14:00:00+00:00,10.245,10.28,10.19,10.21,3162.0,,,,,,,,,,,,,,,,,,,,,,10.204294889471022,,,"rgba(239, 83, 80, 1.0)",0.0,0.0,,,,0.0,0.0,0.0,0.0,0.0,0.0,0.0,0.0,46.239489292966496,-27.931339368395705,False,False,False,False,True,,0,,,False,False,False,False,,,False,False,False,False,5006.0,203.8565489240811,False,False,False,False,1004.069022350107,False,False,False,False
2025-04-15 15:00:00+00:00,10.21,10.26,10.195,10.205,2099.0,,,,,,,,,,,,,,,,,,,,,,10.206280136505068,,,"rgba(239, 83, 80, 1.0)",0.0,0.0,,,,0.0,0.0,0.0,0.0,0.0,0.0,0.0,0.0,48.36127941823738,-24.73335082239673,False,False,False,False,True,,0,,,False,False,False,False,,,False,False,False,False,2907.0,245.7657497159558,False,False,False,False,1021.0446964221984,False,False,False,False
2025-04-15 16:00:00+00:00,10.205,10.27,10.2,10.245,1668.0,,,,,,,,,,,,,,,,,,,,,,10.20920602345902,,,"rgba(38, 166, 154, 1.0)",0.0,0.0,,,,0.0,0.0,0.0,0.0,0.0,0.0,0.0,0.0,52.75331346542069,-19.167967981040405,False,False,True,False,True,,0,,,False,False,False,False,,,False,False,False,False,4575.0,312.88566057307276,False,False,False,False,1031.0750112063504,False,False,False,False
2025-04-15 17:00:00+00:00,10.245,10.255,10.18,10.215,3316.0,,,,,,,,,,,,,,,,,,,,,,10.210351953927153,,,"rgba(239, 83, 80, 1.0)",0.0,0.0,,,,0.0,0.0,0.0,0.0,0.0,0.0,0.0,0.0,52.8669701844566,-17.437882447778918,False,False,True,False,True,,0,,,False,False,False,False,,,False,False,False,False,1259.0,327.5540999440328,False,False,False,False,1066.500204831058,False,False,False,False
2025-04-15 18:00:00+00:00,10.205,10.25,10.18,10.23,2398.0,,,,,,,,,,,,,,,,,,,,,,10.211316476980587,,,"rgba(38, 166, 154, 1.0)",0.0,0.0,,,,0.0,0.0,0.0,0.0,0.0,0.0,0.0,0.0,54.0629604233414,-14.514782686388799,False,False,True,False,True,,0,,,False,False,False,False,,,False,False,False,False,3657.0,379.1734162239703,False,False,False,False,1087.1436125080959,False,False,False,False
2025-04-15 19:00:00+00:00,10.23,10.27,10.17,10.205,8895.0,,,,,,,,,,,,,,,,,,,,,,10.212312916894755,,,"rgba(239, 83, 80, 1.0)",0.0,0.0,,,,0.0,0.0,0.0,0.0,0.0,0.0,0.0,0.0,52.63165790173527,-14.240755641362945,False,False,True,False,True,,0,,,False,False,False,False,,,False,False,False,False,-5238.0,292.0854562825134,False,False,False,False,1208.1956495234742,False,False,False,False
2025-04-16 14:00:00+00:00,10.195,10.285,10.195,10.23,1592.0,,,,,,,,,,,,,,,,,,,,,,10.213437566475218,,,"rgba(38, 166, 154, 1.0)",0.0,0.0,,,,0.0,0.0,0.0,0.0,0.0,0.0,0.0,0.0,53.64598068619736,-11.561557670978658,False,False,True,False,True,,0,,,False,False,False,False,,,False,False,False,False,-3646.0,231.02986781301706,False,False,False,False,1214.146104569622,False,False,False,False
2025-04-16 15:00:00+00:00,10.215,10.295,10.2,10.24,3751.0,,,,,,,,,,,,,,,,,,,,,,10.216534772182253,,,"rgba(38, 166, 154, 1.0)",0.0,0.0,,,,0.0,0.0,0.0,0.0,0.0,0.0,0.0,0.0,55.064607656843414,-8.610971744119965,False,False,True,False,True,,1,,,False,False,False,False,,,False,False,False,False,105.0,229.07591637405554,False,False,False,False,1253.4771727158293,False,False,False,False
2025-04-16 16:00:00+00:00,10.235,10.265,10.19,10.215,4476.0,,,,,,,,,,,,,,,,,,,,,,10.217247410287033,,,"rgba(239, 83, 80, 1.0)",0.0,0.0,,,,0.0,0.0,0.0,0.0,0.0,0.0,0.0,0.0,53.620513850259755,-8.610971744119965,False,False,True,False,True,,1,,,False,False,False,False,,,False,False,False,False,-4371.0,157.75690991864383,False,False,False,False,1303.438766937289,False,False,False,False
2025-04-16 17:00:00+00:00,10.195,10.245,10.09,10.09,12351.0,,,,,,,,,,,,,,,,,,,,,,10.200290755407009,,,"rgba(239, 83, 80, 1.0)",0.0,0.0,,,,0.0,0.0,0.0,0.0,0.0,0.0,0.0,0.0,45.7150476466271,-8.610971744119965,False,False,False,True,False,,1,,,False,False,False,False,,,False,False,False,False,-16722.0,-103.94474759947468,False,False,False,False,1474.7187860545405,False,False,False,False
2025-04-16 18:00:00+00:00,10.095,10.14,10.06,10.115,9171.0,,,,,,,,,,,,,,,,,,,,,,10.186683301413304,,,"rgba(239, 83, 80, 1.0)",0.0,0.0,,10.105000000000002,,0.0,0.0,0.0,0.0,0.0,0.0,0.0,0.0,42.42056707446139,-8.610971744119965,False,False,False,True,False,,1,,,False,False,False,False,,,False,False,False,False,-7551.0,-219.4029685669247,False,False,False,False,1594.040975418036,False,False,False,False
2025-04-16 19:00:00+00:00,10.11,10.285,10.1,10.25,9117.0,,,,,,,,,,,,,,,,,,,,,,10.189789019180074,,,"rgba(239, 83, 80, 1.0)",0.0,0.0,,10.158175853018374,,0.0,0.0,0.0,0.0,0.0,0.0,0.0,0.0,47.483294049717486,-8.610971744119965,False,False,False,True,True,,1,,,False,False,False,False,,,False,False,False,False,1566.0,-191.72230238759252,False,False,False,False,1710.6759990549656,False,False,False,False
2025-04-17 14:00:00+00:00,10.61,10.79,10.565,10.76,12844.0,,,,,,,,,,,,,,,,,,,,,,10.266570902565054,,,"rgba(38, 166, 154, 1.0)",0.0,0.0,,10.383776821277142,,0.0,0.0,0.0,0.0,0.0,0.0,0.0,0.0,59.20326438338532,-2.2805575990988842,False,False,True,False,True,,0,,,False,False,False,False,,,False,False,False,False,14410.0,34.66098912229262,False,False,False,False,1883.2856734882218,False,False,False,False
2025-04-17 15:00:00+00:00,10.76,11.0,10.76,10.945,7159.0,,,,,,,,,,,,,,,,,,,,,,10.315279971003003,,,"rgba(38, 166, 154, 1.0)",0.0,0.0,,10.480603057289354,,0.0,0.0,0.0,0.0,0.0,0.0,0.0,0.0,68.14012871936868,5.862248041420045,False,False,True,False,True,,0,,,False,False,False,False,,,False,False,False,False,21569.0,368.5267102211718,False,False,False,False,1965.079694054296,False,False,False,False
2025-04-17 16:00:00+00:00,10.95,11.15,10.95,11.1,5661.0,,,,,,,,,,,,,,,,,,,,,,10.358243892502658,,,"rgba(38, 166, 154, 1.0)",0.0,0.0,,10.556087815495692,,0.0,0.0,0.0,0.0,0.0,0.0,0.0,0.0,74.81936579381019,11.85647907043812,False,False,True,False,True,,0,,,False,False,False,False,,,False,False,False,False,27230.0,784.9836604503009,False,False,False,False,2022.380784068958,False,False,False,False
2025-04-17 17:00:00+00:00,11.105,11.14,11.01,11.085,4443.0,,,,,,,,,,,,,,,,,,,,,,10.389171395336097,,,"rgba(38, 166, 154, 1.0)",0.0,0.0,,10.60403361228777,,0.0,0.0,0.0,0.0,0.0,0.0,0.0,0.0,78.78527749723021,15.505911203380009,False,False,True,False,True,,0,,,False,False,False,False,,,False,False,False,False,22787.0,1126.1001928464202,False,False,False,False,2059.909764160912,False,False,False,False
2025-04-17 18:00:00+00:00,11.085,11.18,11.06,11.06,4222.0,,,,,,,,,,,,,,,,,,,,,,10.417044955682075,,,"rgba(38, 166, 154, 1.0)",0.0,0.0,,10.871915033797695,,0.0,0.0,0.0,0.0,0.0,0.0,0.0,0.0,80.55842826317456,17.430374619377943,False,False,True,False,True,,0,,,False,False,False,False,,,False,False,False,False,18565.0,1396.4707324922122,False,False,False,False,2093.4305430111303,False,False,False,False
2025-04-17 19:00:00+00:00,11.07,11.12,10.84,10.85,5911.0,,,,,,,,,,,,,,,,,,,,,,10.444087427363971,,,"rgba(38, 166, 154, 1.0)",0.0,0.0,,10.83906290098805,,0.0,0.0,0.0,0.0,0.0,0.0,0.0,0.0,75.52804838980398,17.430374619377943,False,False,True,False,True,,0,,,False,False,False,False,,,False,False,False,False,12654.0,1571.006069972953,False,False,False,False,2152.617666375299,False,False,False,False
2025-04-18 14:00:00+00:00,10.85,10.85,10.85,10.85,0.0,,,,,,,,,,,,,,,,,,,,,,10.444087427363971,,,"rgba(38, 166, 154, 1.0)",0.0,0.0,,10.83906290098805,,0.0,0.0,0.0,0.0,0.0,0.0,0.0,0.0,72.17446180755694,17.430374619377943,False,False,True,False,False,,0,,,False,False,False,False,,,False,False,False,False,12654.0,1742.835433229186,False,False,False,False,2119.2437490671546,False,False,False,False
2025-04-18 15:00:00+00:00,10.85,10.85,10.85,10.85,0.0,,,,,,,,,,,,,,,,,,,,,,10.444087427363971,,,"rgba(38, 166, 154, 1.0)",0.0,0.0,,10.83906290098805,,0.0,0.0,0.0,0.0,0.0,0.0,0.0,0.0,69.93873741939224,17.430374619377943,False,False,True,False,False,,0,,,False,False,False,False,,,False,False,False,False,12654.0,1912.0007753496636,False,False,False,False,2086.387256833555,False,False,False,False
2025-04-18 16:00:00+00:00,10.85,10.85,10.85,10.85,0.0,,,,,,,,,,,,,,,,,,,,,,10.444087427363971,,,"rgba(38, 166, 154, 1.0)",0.0,0.0,,10.83906290098805,,0.0,0.0,0.0,0.0,0.0,0.0,0.0,0.0,68.44825449394911,17.430374619377943,False,False,True,False,False,,0,,,False,False,False,False,,,False,False,False,False,12654.0,2078.5433989876533,False,False,False,False,2054.0401675803214,False,False,False,False
2025-04-18 17:00:00+00:00,10.85,10.85,10.85,10.85,0.0,,,,,,,,,,,,,,,,,,,,,,10.444087427363971,,,"rgba(38, 166, 154, 1.0)",0.0,0.0,,10.83906290098805,,0.0,0.0,0.0,0.0,0.0,0.0,0.0,0.0,67.45459921032035,17.430374619377943,False,False,True,False,False,,0,,,False,False,False,False,,,False,False,False,False,12654.0,2242.5039664452092,False,False,False,False,2022.194583586828,False,False,False,False
2025-04-18 18:00:00+00:00,10.85,10.85,10.85,10.85,0.0,,,,,,,,,,,,,,,,,,,,,,10.444087427363971,,,"rgba(38, 166, 154, 1.0)",0.0,0.0,,10.83906290098805,,0.0,0.0,0.0,0.0,0.0,0.0,0.0,0.0,66.79216235456785,26.81804113176038,False,False,True,False,False,,0,,,False,False,False,False,,,False,False,False,False,12654.0,2403.9225096010973,False,False,False,False,1990.8427295777299,False,False,False,False
2025-04-18 19:00:00+00:00,10.85,10.85,10.85,10.85,0.0,,,,,,,,,,,,,,,,,,,,,,10.444087427363971,,,"rgba(38, 166, 154, 1.0)",0.0,0.0,,10.83906290098805,,0.0,0.0,0.0,0.0,0.0,0.0,0.0,0.0,66.35053778406618,25.46688329045338,False,False,True,False,False,,0,,,False,False,False,False,,,False,False,False,False,12654.0,2562.838439684801,False,False,False,False,1959.9769508245868,False,False,False,False
2025-04-21 14:00:00+00:00,10.68,10.71,10.58,10.595,2082.0,,,,,,,,,,,,,,,,,,,,,,10.447403987480762,,,"rgba(239, 83, 80, 1.0)",0.0,0.0,,10.806211870835437,,0.0,0.0,0.0,0.0,0.0,0.0,0.0,0.0,57.75693801327813,16.785888383173244,False,False,True,False,False,,0,,,False,False,False,False,,,False,False,False,False,10572.0,2687.011487131548,False,False,False,False,1961.8687810443605,False,False,False,False
2025-04-21 15:00:00+00:00,10.595,10.63,10.51,10.535,3235.0,,,,,,,,,,,,,,,,,,,,,,10.450422200167651,,,"rgba(239, 83, 80, 1.0)",0.0,0.0,,10.694990280304841,,0.0,0.0,0.0,0.0,0.0,0.0,0.0,0.0,50.79101287065734,10.099464852663786,False,False,False,False,False,,0,,,False,False,False,False,,,False,False,False,False,7337.0,2759.104332292299,False,False,False,False,1981.6072495553005,False,False,False,False
2025-04-21 16:00:00+00:00,10.535,10.65,10.53,10.58,1785.0,,,,,,,,,,,,,,,,,,,,,,10.45243738364738,,,"rgba(239, 83, 80, 1.0)",0.0,0.0,,10.68817370686139,,0.0,0.0,0.0,0.0,0.0,0.0,0.0,0.0,47.65491025405087,7.083515450188955,False,False,False,True,False,,0,,,False,False,False,False,,,False,False,False,False,9122.0,2857.7538775280777,False,False,False,False,1978.5590751435905,False,False,False,False
2025-04-21 17:00:00+00:00,10.58,10.61,10.535,10.605,1958.0,,,,,,,,,,,,,,,,,,,,,,10.45452719341161,,,"rgba(239, 83, 80, 1.0)",0.0,0.0,,10.680329506328233,,0.0,0.0,0.0,0.0,0.0,0.0,0.0,0.0,46.40156860487767,5.6552618151318015,False,False,False,True,False,,0,,,False,False,False,False,,,False,False,False,False,11080.0,2985.2305615974096,False,False,False,False,1978.2403297925268,False,False,False,False
2025-04-21 18:00:00+00:00,10.605,10.655,10.59,10.655,2556.0,,,,,,,,,,,,,,,,,,,,,,10.458177697370521,,,"rgba(239, 83, 80, 1.0)",0.0,0.0,,10.67861902778224,,0.0,0.0,0.0,0.0,0.0,0.0,0.0,0.0,47.21078912525297,5.6552618151318015,False,False,False,True,False,,0,,,False,False,False,False,,,False,False,False,False,13636.0,3150.3587699447367,False,False,False,False,1987.1978440593093,False,False,False,False
2025-04-21 19:00:00+00:00,10.66,10.74,10.66,10.675,14086.0,,,,,,,,,,,,,,,,,,,,,,10.481791126395848,,,"rgba(239, 83, 80, 1.0)",0.0,0.0,,10.688372248141468,,0.0,0.0,0.0,0.0,0.0,0.0,0.0,0.0,48.39962675818727,5.6552618151318015,False,False,False,False,False,,0,,,False,False,False,False,,,False,False,False,False,27722.0,3531.3144479300895,False,False,False,False,2174.77617205839,False,False,False,False
2025-04-22 14:00:00+00:00,10.675,10.7,10.555,10.64,2922.0,,,,,,,,,,,,,,,,,,,,,,10.484870760784975,,,"rgba(239, 83, 80, 1.0)",0.0,0.0,,10.684358981749298,,0.0,0.0,0.0,0.0,0.0,0.0,0.0,0.0,48.01204510218811,5.6552618151318015,False,False,False,True,False,,0,,,False,False,False,False,,,False,False,False,False,24800.0,3861.061510752879,False,False,False,False,2186.3610376078723,False,False,False,False
2025-04-22 15:00:00+00:00,10.64,10.835,10.64,10.81,2664.0,,,,,,,,,,,,,,,,,,,,,,10.489960803398036,,,"rgba(239, 83, 80, 1.0)",0.0,0.0,,10.689228081442584,,0.0,0.0,0.0,0.0,0.0,0.0,0.0,0.0,52.605825825858,5.6552618151318015,False,False,True,False,True,,0,,,False,False,False,False,,,False,False,False,False,27464.0,4226.998541593919,False,False,False,False,2193.766292838758,False,False,False,False
2025-04-22 16:00:00+00:00,10.83,10.9,10.825,10.875,1367.0,,,,,,,,,,,,,,,,,,,,,,10.493482237494444,,,"rgba(38, 166, 154, 1.0)",0.0,0.0,,10.694657010162395,,0.0,0.0,0.0,0.0,0.0,0.0,0.0,0.0,57.01935653654822,-0.4758591821919609,False,False,True,False,True,,0,,,False,False,False,False,,,False,False,False,False,28831.0,4608.455928545951,False,False,False,False,2180.948210779243,False,False,False,False
2025-04-22 17:00:00+00:00,10.875,10.91,10.725,10.77,1767.0,,,,,,,,,,,,,,,,,,,,,,10.497161659977568,,,"rgba(38, 166, 154, 1.0)",0.0,0.0,,10.698666467235372,,0.0,0.0,0.0,0.0,0.0,0.0,0.0,0.0,56.41423730324648,-0.4758591821919609,False,False,True,False,True,,0,,,False,False,False,False,,,False,False,False,False,27064.0,4956.6038986460135,False,False,False,False,2174.530409061735,False,False,False,False
2025-04-22 18:00:00+00:00,10.765,10.915,10.765,10.89,1790.0,,,,,,,,,,,,,,,,,,,,,,10.501457710247097,,,"rgba(38, 166, 154, 1.0)",0.0,0.0,,10.704397551361042,,0.0,0.0,0.0,0.0,0.0,0.0,0.0,0.0,58.57988546715093,1.5645742976087007,False,False,True,False,True,,0,,,False,False,False,False,,,False,False,False,False,28854.0,5327.1061637832845,False,False,False,False,2168.5686972933363,False,False,False,False
2025-04-22 19:00:00+00:00,10.89,10.9,10.815,10.87,7025.0,,,,,,,,,,,,,,,,,,,,,,10.517594149018707,,,"rgba(38, 166, 154, 1.0)",0.0,0.0,,10.72353957068813,,0.0,0.0,0.0,0.0,0.0,0.0,0.0,0.0,59.36829775865547,2.703232423495649,True,False,True,False,True,,0,,,False,False,False,False,,,False,False,False,False,21829.0,5582.949479073466,False,False,False,False,2243.8622058624314,False,False,False,False
2025-04-23 14:00:00+00:00,11.335,11.36,11.12,11.19,4290.0,,,,,,,,,,,,,,,,,,,,,,10.536386759524209,,,"rgba(38, 166, 154, 1.0)",0.0,0.0,,10.758070337458996,,0.0,0.0,0.0,0.0,0.0,0.0,0.0,0.0,64.58062098520811,7.88508327480416,True,False,True,False,True,,0,,,False,False,False,False,,,False,False,False,False,26119.0,5901.33785924287,False,False,False,False,2275.5852724382075,False,False,False,False
2025-04-23 15:00:00+00:00,11.215,11.275,11.075,11.11,5283.0,,,,,,,,,,,,,,,,,,,,,,10.555975248913196,,,"rgba(38, 166, 154, 1.0)",0.0,0.0,,10.78849553684836,,0.0,0.0,0.0,0.0,0.0,0.0,0.0,0.0,65.75675952863239,9.191927152145922,True,False,True,False,True,,0,,,False,False,False,False,,,False,False,False,False,20836.0,6132.883008711972,False,False,False,False,2322.2118573616463,False,False,False,False
2025-04-23 16:00:00+00:00,11.095,11.15,11.05,11.13,4995.0,,,,,,,,,,,,,,,,,,,,,,10.572122249127208,,,"rgba(38, 166, 154, 1.0)",0.0,0.0,,10.809924592981035,,0.0,0.0,0.0,0.0,0.0,0.0,0.0,0.0,66.80881267925449,10.485019696472463,True,False,True,False,True,,0,,,False,False,False,False,,,False,False,False,False,25831.0,6438.280171367601,False,False,False,False,2363.6504332165046,False,False,False,False
2025-04-23 17:00:00+00:00,11.07,11.18,11.06,11.125,3601.0,,,,,,,,,,,,,,,,,,,,,,10.583431207829959,,,"rgba(38, 166, 154, 1.0)",0.0,0.0,,10.824091382866191,,0.0,0.0,0.0,0.0,0.0,0.0,0.0,0.0,67.34847448943222,11.377932256914548,True,False,True,False,True,,0,,,False,False,False,False,,,False,False,False,False,22230.0,6683.113036927793,False,False,False,False,2382.834147430202,False,False,False,False
2025-04-23 18:00:00+00:00,11.125,11.16,11.055,11.07,4919.0,,,,,,,,,,,,,,,,,,,,,,10.597418628350146,,,"rgba(38, 166, 154, 1.0)",0.0,0.0,,10.839734582826727,,0.0,0.0,0.0,0.0,0.0,0.0,0.0,0.0,65.88044253284346,11.377932256914548,True,False,True,False,True,,0,,,False,False,False,False,,,False,False,False,False,17311.0,6847.886478215734,False,False,False,False,2422.1545482452375,False,False,False,False
2025-04-23 19:00:00+00:00,11.09,11.24,11.04,11.195,12260.0,,,,,,,,,,,,,,,,,,,,,,10.633204615824942,,,"rgba(38, 166, 154, 1.0)",0.0,0.0,,10.87962833756148,,0.0,0.0,0.0,0.0,0.0,0.0,0.0,0.0,67.00216679694049,11.667232185411443,True,False,True,False,True,,0,,,False,False,False,False,,,False,False,False,False,29571.0,7200.182811886808,False,False,False,False,2574.6792839313575,False,False,False,False
2025-04-24 14:00:00+00:00,11.16,11.35,11.16,11.3,1192.0,,,,,,,,,,,,,,,,,,,,,,10.637130308186412,,,"rgba(38, 166, 154, 1.0)",0.0,0.0,,10.884335107065231,,0.0,0.0,0.0,0.0,0.0,0.0,0.0,0.0,69.169272567161,14.034230297264742,True,False,True,False,True,,0,,,False,False,False,False,,,False,False,False,False,30763.0,7565.497807051353,False,False,False,False,2553.2423958083905,False,False,False,False
2025-04-24 15:00:00+00:00,11.285,11.36,11.25,11.33,1697.0,,,,,,,,,,,,,,,,,,,,,,10.643013379200973,,,"rgba(38, 166, 154, 1.0)",0.0,0.0,,10.891584097088788,,0.0,0.0,0.0,0.0,0.0,0.0,0.0,0.0,70.99030467827788,16.006491986710756,True,False,True,False,True,20.0,0,,,False,False,False,False,,,False,False,False,False,32460.0,7951.459081360635,False,False,False,False,2539.967319904384,False,False,False,False
2025-04-24 16:00:00+00:00,11.335,11.48,11.335,11.465,1276.0,,,,,,,,,,,,,,,,,,,,,,10.648106546800454,,,"rgba(38, 166, 154, 1.0)",0.0,0.0,,10.898324515761226,,0.0,0.0,0.0,0.0,0.0,0.0,0.0,0.0,73.7045719348667,18.74547195543404,True,False,True,False,True,20.0,0,,,False,False,False,False,,,False,False,False,False,33736.0,8351.219405680624,False,False,False,False,2520.370927347727,False,False,False,False
2025-04-24 17:00:00+00:00,11.455,11.57,11.45,11.565,2376.0,,,,,,,,,,,,,,,,,,,,,,10.658631739018112,,,"rgba(38, 166, 154, 1.0)",0.0,0.0,,10.912786379903372,,0.0,0.0,0.0,0.0,0.0,0.0,0.0,0.0,76.41001282591053,21.394548892316834,True,False,True,False,True,20.0,0,,,False,False,False,False,,,False,False,False,False,36112.0,8781.619104817359,False,False,False,False,2518.1326183965994,False,False,False,False
2025-04-24 18:00:00+00:00,11.565,11.625,11.55,11.615,2994.0,,,,,,,,,,,,,,,,,,,,,,10.672555767641711,,,"rgba(38, 166, 154, 1.0)",0.0,0.0,,10.93199873849936,,0.0,0.0,0.0,0.0,0.0,0.0,0.0,0.0,78.62302564467564,23.550806055886127,True,False,True,False,True,20.0,0,,,False,False,False,False,,,False,False,False,False,39106.0,9251.764545052747,False,False,False,False,2525.5104072586673,False,False,False,False
2025-04-24 19:00:00+00:00,11.615,11.72,11.54,11.645,14329.0,,,,,,,,,,,,,,,,,,,,,,10.73639378663667,,,"rgba(38, 166, 154, 1.0)",0.0,0.0,,11.014866374321636,,0.0,0.0,0.0,0.0,0.0,0.0,0.0,0.0,80.3447962533659,25.266964767933615,True,False,True,False,True,20.0,0,,,False,False,False,False,,,False,False,False,False,53435.0,9936.77594745503,False,False,False,False,2708.51024590582,False,False,False,False
2025-04-25 14:00:00+00:00,11.545,11.66,11.5,11.66,5381.0,,,,,,,,,,,,,,,,,,,,,,10.757544314469383,,,"rgba(38, 166, 154, 1.0)",0.0,0.0,,11.039766982855246,,0.0,0.0,0.0,0.0,0.0,0.0,0.0,0.0,81.62203957471337,26.61600540271226,True,False,True,False,True,20.0,0,,,False,False,False,False,,,False,False,False,False,58816.0,10694.593374626269,False,False,False,False,2749.9441955816988,False,False,False,False
2025-04-25 15:00:00+00:00,11.655,11.67,11.59,11.665,6847.0,,,,,,,,,,,,,,,,,,,,,,10.784065234947155,,,"rgba(38, 166, 154, 1.0)",0.0,0.0,,11.070292716099635,,0.0,0.0,0.0,0.0,0.0,0.0,0.0,0.0,82.52047532252011,27.670789223214328,True,False,True,False,True,20.0,0,,,False,False,False,False,,,False,False,False,False,65663.0,11546.816733159194,False,False,False,False,2813.46444061144,False,False,False,False
2025-04-25 16:00:00+00:00,11.665,11.705,11.635,11.69,2078.0,,,,,,,,,,,,,,,,,,,,,,10.792117965861316,,,"rgba(38, 166, 154, 1.0)",0.0,0.0,,11.07947537079756,,0.0,0.0,0.0,0.0,0.0,0.0,0.0,0.0,83.36864580414223,28.728192867171458,True,False,True,False,True,20.0,0,,,False,False,False,False,,,False,False,False,False,67741.0,12418.044380707113,False,False,False,False,2802.061891144596,False,False,False,False
2025-04-25 17:00:00+00:00,11.7,11.775,11.635,11.66,3183.0,,,,,,,,,,,,,,,,,,,,,,10.80435667343274,,,"rgba(38, 166, 154, 1.0)",0.0,0.0,,11.093305888401192,,0.0,0.0,0.0,0.0,0.0,0.0,0.0,0.0,82.21954998928788,28.728192867171458,True,False,True,False,True,20.0,0,,,False,False,False,False,,,False,False,False,False,64558.0,13226.415785657391,False,False,False,False,2807.9679083361525,False,False,False,False
2025-04-25 18:00:00+00:00,11.66,11.735,11.65,11.66,1802.0,,,,,,,,,,,,,,,,,,,,,,10.811074813020566,,,"rgba(38, 166, 154, 1.0)",0.0,0.0,,11.10074575426973,,0.0,0.0,0.0,0.0,0.0,0.0,0.0,0.0,81.45348611271832,28.728192867171458,True,False,True,False,False,20.0,0,,,False,False,False,False,,,False,False,False,False,64558.0,14022.25430060844,False,False,False,False,2792.3715066565223,False,False,False,False
2025-04-25 19:00:00+00:00,11.665,11.77,11.64,11.77,4540.0,,,,,,,,,,,,,,,,,,,,,,10.828404868117511,,,"rgba(38, 166, 154, 1.0)",0.0,0.0,,11.120074655984702,,0.0,0.0,0.0,0.0,0.0,0.0,0.0,0.0,82.40931426351236,28.728192867171458,True,False,True,False,False,20.0,0,,,False,False,False,False,,,False,False,False,False,69098.0,14876.141830831564,False,False,False,False,2819.4665220571965,False,False,False,False
2025-04-28 14:00:00+00:00,11.76,11.805,11.74,11.755,1351.0,,,,,,,,,,,,,,,,,,,,,,10.833659983721029,,,"rgba(38, 166, 154, 1.0)",0.0,0.0,,11.286138745451366,,0.0,0.0,0.0,0.0,0.0,0.0,0.0,0.0,82.132447639463,28.728192867171458,True,False,True,False,False,20.0,0,,,False,False,False,False,,,False,False,False,False,67747.0,15695.845058260533,False,False,False,False,2796.699599234604,False,False,False,False
2025-04-28 15:00:00+00:00,11.76,11.77,11.64,11.65,6889.0,,,,,,,,,,,,,,,,,,,,,,10.857345445384924,,,"rgba(38, 166, 154, 1.0)",0.0,0.0,,11.288004237063065,,0.0,0.0,0.0,0.0,0.0,0.0,0.0,0.0,76.40350708917205,30.36336466004252,True,False,True,False,False,20.0,0,,,False,False,False,False,,,False,False,False,False,60858.0,16396.03350696967,False,False,False,False,2860.146117075928,False,False,False,False
2025-04-28 16:00:00+00:00,11.65,11.715,11.615,11.665,2504.0,,,,,,,,,,,,,,,,,,,,,,10.865415416354088,,,"rgba(38, 166, 154, 1.0)",0.0,0.0,,11.29206059191278,,0.0,0.0,0.0,0.0,0.0,0.0,0.0,0.0,72.9549527447881,27.26111289770752,True,False,True,False,False,20.0,0,,,False,False,False,False,,,False,False,False,False,63362.0,17124.18802624146,False,False,False,False,2854.6244718499443,False,False,False,False
2025-04-28 17:00:00+00:00,11.665,11.7,11.64,11.685,1700.0,,,,,,,,,,,,,,,,,,,,,,10.870870319138817,,,"rgba(38, 166, 154, 1.0)",0.0,0.0,,11.295591199244594,,0.0,0.0,0.0,0.0,0.0,0.0,0.0,0.0,71.16991845330135,25.703969281764003,True,False,True,False,False,20.0,0,,,False,False,False,False,,,False,False,False,False,65062.0,17867.409917307483,False,False,False,False,2836.7233172476194,False,False,False,False
2025-04-28 18:00:00+00:00,11.685,11.73,11.66,11.71,1032.0,,,,,,,,,,,,,,,,,,,,,,10.874247896074777,,,"rgba(38, 166, 154, 1.0)",0.0,0.0,,11.298362495825689,,0.0,0.0,0.0,0.0,0.0,0.0,0.0,0.0,70.62843980841127,25.181126500572105,True,False,True,False,False,20.0,0,,,False,False,False,False,,,False,False,False,False,66094.0,18615.108988356977,False,False,False,False,2808.7431107786642,False,False,False,False
2025-04-28 19:00:00+00:00,11.705,11.805,11.69,11.74,6185.0,,,,,,,,,,,,,,,,,,,,,,10.894999980733736,,,"rgba(38, 166, 154, 1.0)",0.0,0.0,,11.318656077244649,,0.0,0.0,0.0,0.0,0.0,0.0,0.0,0.0,71.02870033189156,25.181126500572105,True,False,True,False,False,20.0,0,,,False,False,False,False,,,False,False,False,False,72279.0,19447.107298615007,False,False,False,False,2861.0881788286074,False,False,False,False
2025-04-29 14:00:00+00:00,11.72,11.73,11.585,11.71,2360.0,,,,,,,,,,,,,,,,,,,,,,10.90202912773359,,,"rgba(38, 166, 154, 1.0)",0.0,0.0,,11.32282964520307,,0.0,0.0,0.0,0.0,0.0,0.0,0.0,0.0,69.43279816821297,23.754720468940704,False,False,True,False,False,20.0,1,,,False,False,False,False,,,False,False,False,False,69919.0,20229.617262977565,False,False,False,False,2853.31936985452,False,False,False,False
2025-04-29 15:00:00+00:00,11.71,11.745,11.65,11.665,2930.0,,,,,,,,,,,,,,,,,,,,,,10.910710745903053,,,"rgba(38, 166, 154, 1.0)",0.0,0.0,,11.328538545242203,,0.0,0.0,0.0,0.0,0.0,0.0,0.0,0.0,65.8064448107344,20.253735200709514,False,False,True,False,False,20.0,1,,,False,False,False,False,,,False,False,False,False,66989.0,20954.568933318995,False,False,False,False,2854.50821683352,False,False,False,False
2025-04-29 16:00:00+00:00,11.665,11.76,11.655,11.725,1966.0,,,,,,,,,,,,,,,,,,,,,,10.91662563364408,,,"rgba(38, 166, 154, 1.0)",0.0,0.0,,11.333028126835265,,0.0,0.0,0.0,0.0,0.0,0.0,0.0,0.0,65.4372256778458,19.823781942629083,False,False,True,False,False,20.0,1,,,False,False,False,False,,,False,False,False,False,68955.0,21698.761663034977,False,False,False,False,2840.732895642302,False,False,False,False
2025-04-29 17:00:00+00:00,11.725,11.805,11.705,11.8,679.0,,,,,,,,,,,,,,,,,,,,,,10.918792125309086,,,"rgba(38, 166, 154, 1.0)",0.0,0.0,,11.335065010951809,,0.0,0.0,0.0,0.0,0.0,0.0,0.0,0.0,67.22121432521567,19.823781942629083,False,False,True,False,False,20.0,1,,,False,False,False,False,,,False,False,False,False,69634.0,22441.943652755363,False,False,False,False,2807.217656950173,False,False,False,False
2025-04-29 18:00:00+00:00,11.8,11.825,11.75,11.82,1000.0,,,,,,,,,,,,,,,,,,,,,,10.92206842089579,,,"rgba(38, 166, 154, 1.0)",0.0,0.0,,11.430367533997044,,0.0,0.0,0.0,0.0,0.0,0.0,0.0,0.0,68.88970414578225,19.823781942629083,False,False,True,False,True,20.0,1,,,False,False,False,False,,,False,False,False,False,70634.0,23189.107317053727,False,False,False,False,2779.198778547845,False,False,False,False
2025-04-29 19:00:00+00:00,11.82,11.82,11.71,11.73,4736.0,,,,,,,,,,,,,,,,,,,,,,10.93647905746386,,,"rgba(38, 166, 154, 1.0)",0.0,0.0,,11.432646229906805,,0.0,0.0,0.0,0.0,0.0,0.0,0.0,0.0,65.20032491295227,19.69758382689568,False,False,True,False,False,20.0,1,,,False,False,False,False,,,False,False,False,False,65898.0,23851.260691983127,False,False,False,False,2809.536781981212,False,False,False,False
2025-04-30 14:00:00+00:00,11.49,11.645,11.49,11.61,1336.0,,,,,,,,,,,,,,,,,,,,,,10.939618885262462,,,"rgba(38, 166, 154, 1.0)",0.0,0.0,,11.452252423363461,,0.0,0.0,0.0,0.0,0.0,0.0,0.0,0.0,58.30245809358232,13.422771143630229,False,True,True,False,False,20.0,1,,,False,False,False,False,,,False,False,False,False,64562.0,24482.434944820598,False,False,False,False,2786.691250477627,False,False,False,False
2025-04-30 15:00:00+00:00,11.61,11.685,11.6,11.62,2244.0,,,,,,,,,,,,,,,,,,,,,,10.945256866060632,,,"rgba(38, 166, 154, 1.0)",0.0,0.0,,11.45579419709121,,0.0,0.0,0.0,0.0,0.0,0.0,0.0,0.0,54.09477570130696,9.829799115687372,False,True,True,False,False,20.0,0,,,False,False,False,False,,,False,False,False,False,66806.0,25138.61424800167,False,False,False,False,2778.2774326407643,False,False,False,False
2025-04-30 16:00:00+00:00,11.615,11.655,11.52,11.565,2439.0,,,,,,,,,,,,,,,,,,,,,,10.950801556290166,,,"rgba(38, 166, 154, 1.0)",0.0,0.0,0.5815999445456421,11.450018268460331,0.19769900705457302,0.0,0.0,0.0,0.0,0.0,0.0,0.0,0.0,49.52894478056599,5.884564983618084,False,True,False,True,False,18.24787352439329,0,,,False,False,False,False,,,False,False,False,False,64367.0,25746.806275164432,False,False,False,False,2773.0173174060237,False,False,False,False
2025-04-30 17:00:00+00:00,11.565,11.62,11.535,11.6,1153.0,,,,,,,,,,,,,,,,,,,,,,10.953409704289186,,,"rgba(38, 166, 154, 1.0)",0.0,0.0,0.5785842226527622,11.44869945622942,0.26150133005161946,0.0,0.0,0.0,0.0,0.0,0.0,0.0,0.0,48.004027804653624,4.655096841924745,False,True,False,True,False,19.08219243448502,0,,,False,False,False,False,,,False,False,False,False,65520.0,26363.444937564986,False,False,False,False,2747.900769849341,False,False,False,False
2025-04-30 18:00:00+00:00,11.595,11.675,11.575,11.585,1768.0,,,,,,,,,,,,,,,,,,,,,,10.957534717791672,,,"rgba(38, 166, 154, 1.0)",0.0,0.0,0.5718216268846181,11.449075537233695,0.23770430563608796,0.0,0.0,0.0,0.0,0.0,0.0,0.0,0.0,46.454685239556966,3.183733025747088,False,True,False,True,False,18.481196753795444,0,,,False,False,False,False,,,False,False,False,False,63752.0,26943.112457912815,False,False,False,False,2732.708509851677,False,False,False,False
2025-04-30 19:00:00+00:00,11.585,11.645,11.5,11.61,14221.0,,,,,,,,,,,,,,,,,,,,,,10.987644700745395,,,"rgba(38, 166, 154, 1.0)",0.0,0.0,0.5657137164759287,11.448189259439467,0.2860293746605983,0.0,0.0,0.0,0.0,0.0,0.0,0.0,0.0,46.60175060329143,3.1262494137155485,False,True,False,True,False,19.088613633325004,0,,,False,False,False,False,,,False,False,False,False,77973.0,27734.27350507696,False,False,False,False,2910.821556210565,False,False,False,False
2025-05-01 14:00:00+00:00,11.705,11.79,11.705,11.79,960.0,,,,,,,,,,,,,,,,,,,,,,10.990143956032869,,,"rgba(38, 166, 154, 1.0)",0.0,0.0,0.5625685383669787,11.451469481627948,0.6017587107781325,0.0,0.0,0.0,0.0,0.0,0.0,0.0,0.0,52.6488068126364,3.1262494137155485,False,True,True,False,True,20.0,0,,,False,False,False,False,,,False,False,False,False,78933.0,28528.0522104246,False,False,False,False,2880.5762607654397,False,False,False,False
2025-05-01 15:00:00+00:00,11.79,11.79,11.65,11.655,1365.0,,,,,,,,,,,,,,,,,,,,,,10.993380479981788,,,"rgba(38, 166, 154, 1.0)",0.0,0.0,0.5577849774609206,11.454391989048135,0.35965115422263083,0.0,0.0,0.0,0.0,0.0,0.0,0.0,0.0,51.91251976116849,3.1262494137155485,False,True,True,False,True,17.973225996090918,0,,,False,False,False,False,,,False,False,False,False,77568.0,29288.361478480034,False,False,False,False,2857.078954396983,False,False,False,False
2025-05-01 16:00:00+00:00,11.655,11.655,11.51,11.59,3205.0,,,,,,,,,,,,,,,,,,,,,,10.999661524497903,,,"rgba(38, 166, 154, 1.0)",0.0,0.0,0.551580244176461,11.45494818386247,0.24484527421602897,0.0,0.0,0.0,0.0,0.0,0.0,0.0,0.0,49.62473020945266,3.1262494137155485,False,True,False,False,False,15.612179329453923,0,,,False,False,False,False,,,False,False,False,False,74363.0,29987.19308346484,False,False,False,False,2862.4730791350144,False,False,False,False
2025-05-01 17:00:00+00:00,11.595,11.65,11.59,11.625,4481.0,,,,,,,,,,,,,,,,,,,,,,11.008759215617154,,,"rgba(38, 166, 154, 1.0)",0.0,0.0,0.5446635708447959,11.458363943285685,0.3059430915415474,0.0,0.0,0.0,0.0,0.0,0.0,0.0,0.0,49.21330377729241,3.1262494137155485,False,True,False,False,False,16.42942897487612,0,,,False,False,False,False,,,False,False,False,False,78844.0,30744.662958139805,False,False,False,False,2887.5665197685803,False,False,False,False
2025-05-01 18:00:00+00:00,11.625,11.72,11.625,11.71,762.0,,,,,,,,,,,,,,,,,,,,,,11.010437013907431,,,"rgba(38, 166, 154, 1.0)",0.0,0.0,0.5379860425531322,11.459599553698977,0.4654404138677887,0.0,0.0,0.0,0.0,0.0,0.0,0.0,0.0,51.38981344829041,3.1262494137155485,False,True,False,False,False,18.360944316479948,0,,,False,False,False,False,,,False,False,False,False,79606.0,31502.203067315928,False,False,False,False,2854.6120000822457,False,False,False,False
2025-05-01 19:00:00+00:00,11.71,11.78,11.67,11.72,5304.0,,,,,,,,,,,,,,,,,,,,,,11.022539571530691,,,"rgba(38, 166, 154, 1.0)",0.0,0.0,0.5315527314446845,11.47008769672347,0.4701552423544229,0.0,0.0,0.0,0.0,0.0,0.0,0.0,0.0,53.11383172877822,3.1262494137155485,False,True,True,False,True,18.584288051999362,1,,,False,False,False,False,,,False,False,False,False,84910.0,32330.230926737386,False,False,False,False,2892.5870078329085,False,False,False,False
2025-05-02 14:00:00+00:00,11.92,11.98,11.85,11.96,1133.0,,,,,,,,,,,,,,,,,,,,,,11.02581850643518,,,"rgba(38, 166, 154, 1.0)",0.0,0.0,0.5275867035186996,11.475011793440471,0.9192578268651157,0.0,0.0,0.0,0.0,0.0,0.0,0.0,0.0,59.08750927235275,2.945545315516526,False,True,True,False,True,20.0,0,,,False,False,False,False,,,False,False,False,False,86043.0,33162.98703640037,False,False,False,False,2865.306589106817,False,False,False,False
2025-05-02 15:00:00+00:00,11.96,12.02,11.935,12.01,888.0,,,,,,,,,,,,,,,,,,,,,,11.028536618847879,,,"rgba(38, 166, 154, 1.0)",0.0,0.0,0.5239235381941457,11.479375910825377,1.0127891772214939,0.0,0.0,0.0,0.0,0.0,0.0,0.0,0.0,63.76931592282115,7.258488072627323,False,False,True,False,True,20.0,0,,,False,False,False,False,,,False,False,False,False,86931.0,33996.599640487184,False,False,False,False,2834.6506729966336,False,False,False,False
2025-05-02 16:00:00+00:00,12.01,12.12,11.99,12.095,543.0,,,,,,,,,,,,,,,,,,,,,,11.030329064468955,,,"rgba(38, 166, 154, 1.0)",0.0,0.0,0.5202774554318389,11.482505249615466,1.1772463788117709,0.0,0.0,0.0,0.0,0.0,0.0,0.0,0.0,67.98020105418165,11.072644913110658,False,False,True,False,True,20.0,0,,,False,False,False,False,,,False,False,False,False,87474.0,34825.706622805206,False,False,False,False,2799.121205198236,False,False,False,False
2025-05-02 17:00:00+00:00,12.08,12.13,12.075,12.125,294.0,,,,,,,,,,,,,,,,,,,,,,11.031335836864498,,,"rgba(38, 166, 154, 1.0)",0.0,0.0,0.5167082401175773,11.484323254118124,1.239919738334519,0.0,0.0,0.0,0.0,0.0,0.0,0.0,0.0,71.14996694447751,13.947830353858393,True,False,True,False,True,20.0,0,,,False,False,False,False,,,False,False,False,False,87768.0,35646.51737283923,False,False,False,False,2760.28211674555,False,False,False,False
2025-05-02 18:00:00+00:00,12.125,12.145,12.055,12.1,1040.0,,,,,,,,,,,,,,,,,,,,,,11.034849312527927,,,"rgba(38, 166, 154, 1.0)",0.0,0.0,0.5115848718258579,11.490499732017506,1.1913961916175777,0.0,0.0,0.0,0.0,0.0,0.0,0.0,0.0,72.19338107145691,14.986457044053807,True,False,True,False,True,20.0,0,,,False,False,False,False,,,False,False,False,False,86728.0,36438.47834380297,False,False,False,False,2733.6110761758514,False,False,False,False
2025-05-02 19:00:00+00:00,12.1,12.16,12.08,12.1,4094.0,,,,,,,,,,,,,,,,,,,,,,11.048628995512171,,,"rgba(38, 166, 154, 1.0)",0.0,0.0,0.5044513565956279,11.513632627029628,1.1623863536170618,0.0,0.0,0.0,0.0,0.0,0.0,0.0,0.0,72.88899048944317,15.897718521795824,True,False,True,False,True,20.0,0,,,False,False,False,False,,,False,False,False,False,86728.0,37218.1608501006,False,False,False,False,2754.702377320412,False,False,False,False
2025-05-05 14:00:00+00:00,12.015,12.085,11.92,12.05,2224.0,,,,,,,,,,,,,,,,,,,,,,11.055313170884915,,,"rgba(38, 166, 154, 1.0)",0.0,0.0,0.49085830325448493,11.52288992163817,1.0738538492004517,0.0,0.0,0.0,0.0,0.0,0.0,0.0,0.0,71.00333527913784,15.897718521795824,True,False,True,False,True,20.0,0,,,False,False,False,False,,,False,False,False,False,84504.0,37951.274635370355,False,False,False,False,2746.4744334859865,False,False,False,False
2025-05-05 15:00:00+00:00,12.035,12.095,12.03,12.05,1215.0,,,,,,,,,,,,,,,,,,,,,,11.059076110841794,,,"rgba(38, 166, 154, 1.0)",0.0,0.0,0.47632013801000656,11.528234750058601,1.09540875622277,0.0,0.0,0.0,0.0,0.0,0.0,0.0,0.0,69.74623180560096,15.897718521795824,True,False,True,False,False,20.0,0,,,False,False,False,False,,,False,False,False,False,84504.0,38673.022315442126,False,False,False,False,2722.730643819537,False,False,False,False
2025-05-05 16:00:00+00:00,12.05,12.09,12.04,12.065,2533.0,,,,,,,,,,,,,,,,,,,,,,11.066882642859042,,,"rgba(38, 166, 154, 1.0)",0.0,0.0,0.4649135151580068,11.53904184725431,1.1313032114519956,0.0,0.0,0.0,0.0,0.0,0.0,0.0,0.0,69.28799140180647,15.897718521795824,True,False,True,False,False,20.0,0,,,False,False,False,False,,,False,False,False,False,87037.0,39422.85142683062,False,False,False,False,2719.789083450242,False,False,False,False
2025-05-05 17:00:00+00:00,12.06,12.08,12.0,12.06,2112.0,,,,,,,,,,,,,,,,,,,,,,11.073181778516478,,,"rgba(38, 166, 154, 1.0)",0.0,0.0,0.4653994506320846,11.547189378662411,1.1018719954248184,0.0,0.0,0.0,0.0,0.0,0.0,0.0,0.0,68.68912643868876,15.897718521795824,False,False,True,False,False,20.0,0,,,False,False,False,False,,,False,False,False,False,84925.0,40128.31109463169,False,False,False,False,2710.3659968851216,False,False,False,False
2025-05-05 18:00:00+00:00,12.07,12.25,12.06,12.19,10305.0,,,,,,,,,,,,,,,,,,,,,,11.10644032612086,,,"rgba(38, 166, 154, 1.0)",0.0,0.0,0.47091225440770673,11.592700861824481,1.268387332427303,0.0,0.0,0.0,0.0,0.0,0.0,0.0,0.0,71.25392105386268,15.897718521795824,True,False,True,False,False,20.0,0,,,False,False,False,False,,,False,False,False,False,95230.0,40982.60084510251,False,False,False,False,2828.1122604993056,False,False,False,False
2025-05-05 19:00:00+00:00,12.19,12.225,12.12,12.13,26825.0,,,,,,,,,,,,,,,,,,,,,,11.183612787034102,,,"rgba(38, 166, 154, 1.0)",0.0,0.0,0.47637040815500187,11.676533423782312,0.9519201202567978,0.0,0.0,0.0,0.0,0.0,0.0,0.0,0.0,69.79735642794365,15.897718521795824,True,False,True,False,False,20.0,0,,,False,False,False,False,,,False,False,False,False,68405.0,41407.75432037224,False,False,False,False,3200.1570316543553,False,False,False,False
2025-05-06 14:00:00+00:00,12.045,12.16,12.035,12.09,2980.0,,,,,,,,,,,,,,,,,,,,,,11.190980708922025,,,"rgba(38, 166, 154, 1.0)",0.0,0.0,0.4804770808532104,11.682719224040108,0.8476591125567539,0.0,0.0,0.0,0.0,0.0,0.0,0.0,0.0,66.92424283050413,15.897718521795824,False,False,True,False,False,20.0,0,,,False,False,False,False,,,False,False,False,False,65425.0,41780.114718506,False,False,False,False,3196.7437443418844,False,False,False,False
2025-05-06 15:00:00+00:00,12.09,12.185,12.09,12.16,3821.0,,,,,,,,,,,,,,,,,,,,,,11.200768425263872,,,"rgba(38, 166, 154, 1.0)",0.0,0.0,0.4851915475745997,11.691531683514462,0.9655327237816512,0.0,0.0,0.0,0.0,0.0,0.0,0.0,0.0,66.86981484507308,15.897718521795824,False,False,True,False,False,20.0,1,,,False,False,False,False,,,False,False,False,False,69246.0,42205.942397288854,False,False,False,False,3206.4221359024755,False,False,False,False
2025-05-06 16:00:00+00:00,12.155,12.24,12.105,12.11,5678.0,,,,,,,,,,,,,,,,,,,,,,11.21504767949786,,,"rgba(38, 166, 154, 1.0)",0.0,0.0,0.48545116936498867,11.704115421159479,0.8360976437062707,0.0,0.0,0.0,0.0,0.0,0.0,0.0,0.0,64.52827918575443,19.262802121704155,False,False,True,False,False,20.0,1,,,False,False,False,False,,,False,False,False,False,63568.0,42537.137088803756,False,False,False,False,3244.74117255515,False,False,False,False
2025-05-06 17:00:00+00:00,12.11,12.16,12.1,12.12,9858.0,,,,,,,,,,,,,,,,,,,,,,11.238210992345689,,,"rgba(38, 166, 154, 1.0)",0.0,0.0,0.48529323354289583,11.722692790786661,0.8186951347184181,0.0,0.0,0.0,0.0,0.0,0.0,0.0,0.0,63.272121550744856,17.870289867252225,False,False,True,False,False,20.0,1,,,False,False,False,False,,,False,False,False,False,73426.0,43016.034188202146,False,False,False,False,3347.272317166698,False,False,False,False
2025-05-06 18:00:00+00:00,12.12,12.28,12.115,12.27,5174.0,,,,,,,,,,,,,,,,,,,,,,11.251153732997242,,,"rgba(38, 166, 154, 1.0)",0.0,0.0,0.4873686748501818,11.734374496982142,1.0990150386306845,0.0,0.0,0.0,0.0,0.0,0.0,0.0,0.0,66.06628357919692,17.870289867252225,False,False,True,False,True,20.0,1,,,False,False,False,False,,,False,False,False,False,78600.0,43567.72358063312,False,False,False,False,3375.59367659047,False,False,False,False
2025-05-06 19:00:00+00:00,12.29,12.33,12.2,12.215,18144.0,,,,,,,,,,,,,,,,,,,,,,11.295144062638537,,,"rgba(38, 166, 154, 1.0)",0.0,0.0,0.48761588597199057,11.84098336468295,0.767031276209352,0.0,0.0,0.0,0.0,0.0,0.0,0.0,0.0,65.47466605379444,17.870289867252225,False,False,True,False,True,20.0,1,,,False,False,False,False,,,False,False,False,False,60456.0,43829.557323569046,False,False,False,False,3604.5612164882923,False,False,False,False
2025-05-07 14:00:00+00:00,10.9,11.25,10.89,11.045,11893.0,,,,,,,,,,,,,,,,,,,,,,11.28858250390689,,,"rgba(239, 83, 80, 1.0)",0.0,0.0,0.4844231267866583,11.652532793966323,-1.2541366428896417,0.0,0.0,0.0,0.0,0.0,0.0,0.0,0.0,49.844959442312714,5.638334945500148,False,True,False,True,False,0.0,0,,,False,False,False,False,,,False,False,False,False,48563.0,43902.94403173076,False,False,False,False,3733.0641433644428,False,False,False,False
2025-05-07 15:00:00+00:00,11.045,11.34,10.9,11.33,9412.0,,,,,,,,,,,,,,,,,,,,,,11.286437642357612,,,"rgba(239, 83, 80, 1.0)",0.0,0.0,0.47834786994893347,11.623357092434935,-0.6132714513106379,0.0,0.0,0.0,0.0,0.0,0.0,0.0,0.0,43.850109556426936,0.8475973607559197,False,True,False,True,False,0.0,0,,,False,False,False,False,,,False,False,False,False,57975.0,44121.115442091526,False,False,False,False,3821.109660521583,False,False,False,False
2025-05-07 16:00:00+00:00,11.33,11.78,11.22,11.775,16810.0,,,,,,,,,,,,,,,,,,,,,,11.297854712665163,,,"rgba(38, 166, 154, 1.0)",0.0,0.0,0.47209464236670634,11.639115329451629,0.28783353665517986,0.0,0.0,0.0,0.0,0.0,0.0,0.0,0.0,44.9105468757092,0.8475973607559197,False,True,False,True,False,6.428560766953481,0,,,False,False,False,False,,,False,False,False,False,74785.0,44596.52450500483,False,False,False,False,4022.4878053196976,False,False,False,False
2025-05-07 17:00:00+00:00,11.785,11.995,11.745,11.995,8617.0,,,,,,,,,,,,,,,,,,,,,,11.309402642807605,,,"rgba(38, 166, 154, 1.0)",0.0,0.0,0.46111754183438347,11.6616452890039,0.722927845403522,0.0,0.0,0.0,0.0,0.0,0.0,0.0,0.0,47.562982453105576,0.8475973607559197,False,True,False,True,True,9.795248329027913,0,,,False,False,False,False,,,False,False,False,False,83402.0,45198.159783997005,False,False,False,False,4093.7205525240433,False,False,False,False
2025-05-07 18:00:00+00:00,11.995,12.105,11.875,11.945,14870.0,,,,,,,,,,,,,,,,,,,,,,11.330332182262515,,,"rgba(38, 166, 154, 1.0)",0.0,0.0,0.4466569314523299,11.694679161634642,0.5604320021440745,0.0,0.0,0.0,0.0,0.0,0.0,0.0,0.0,48.848399410271014,0.8475973607559197,False,True,False,False,True,8.840617912244035,0,,,False,False,False,False,,,False,False,False,False,68532.0,45559.9247485862,False,False,False,False,4260.794652484911,False,False,False,False
2025-05-07 19:00:00+00:00,11.945,12.01,11.38,11.465,43993.0,,,,,,,,,,,,,,,,,,,,,,11.354844424108991,,,"rgba(38, 166, 154, 1.0)",0.0,0.0,0.43092321800967825,11.67924487591646,-0.49717645038018893,0.0,0.0,0.0,0.0,0.0,0.0,0.0,0.0,45.79144179773051,0.8475973607559197,False,True,False,True,True,0.5128300126274787,0,,,False,False,False,False,,,False,False,False,False,24539.0,45234.0189385306,False,False,False,False,4876.797836167316,False,False,False,False
2025-05-08 14:00:00+00:00,11.985,12.025,11.795,11.88,7469.0,,,,,,,,,,,,,,,,,,,,,,11.36260971097825,,,"rgba(38, 166, 154, 1.0)",0.0,0.0,0.4157972912217974,11.686351273824762,0.4657286862216263,0.0,0.0,0.0,0.0,0.0,0.0,0.0,0.0,47.407845516059226,0.8475973607559197,False,True,False,True,True,6.514277502568454,0,,,False,False,False,False,,,False,False,False,False,32008.0,45028.96438134408,False,False,False,False,4916.98701700193,False,False,False,False
2025-05-08 15:00:00+00:00,11.885,12.09,11.875,12.085,4976.0,,,,,,,,,,,,,,,,,,,,,,11.36875820296437,,,"rgba(38, 166, 154, 1.0)",0.0,0.0,0.4034274553271114,11.693201718619845,0.9711740641510729,0.0,0.0,0.0,0.0,0.0,0.0,0.0,0.0,49.99474640675233,0.8475973607559197,False,True,False,False,True,9.187071226700564,0,,,False,False,False,False,,,False,False,False,False,36984.0,44904.236251400755,False,False,False,False,4917.901946970892,False,False,False,False
2025-05-08 16:00:00+00:00,12.09,12.305,12.09,12.165,7554.0,,,,,,,,,,,,,,,,,,,,,,11.380266217780965,,,"rgba(38, 166, 154, 1.0)",0.0,0.0,0.3916943099311363,11.708132310554726,1.166388374458631,0.0,0.0,0.0,0.0,0.0,0.0,0.0,0.0,52.29788217775898,-5.19815110011978,False,True,True,False,True,10.194209873405534,0,,,False,False,False,False,,,False,False,False,False,44538.0,44898.55816998369,False,False,False,False,4958.771684227157,False,False,False,False
2025-05-08 17:00:00+00:00,12.16,12.29,12.095,12.275,14066.0,,,,,,,,,,,,,,,,,,,,,,11.40170495803317,,,"rgba(38, 166, 154, 1.0)",0.0,0.0,0.379372846625524,11.734842318501771,1.4238174563700776,0.0,0.0,0.0,0.0,0.0,0.0,0.0,0.0,54.64497426276239,-2.6746484194337654,False,True,True,False,True,11.556414604204186,0,,,False,False,False,False,,,False,False,False,False,58604.0,45111.0456402165,False,False,False,False,5099.969022456194,False,False,False,False
2025-05-08 18:00:00+00:00,12.27,12.36,12.255,12.34,10102.0,,,,,,,,,,,,,,,,,,,,,,11.418209245234705,,,"rgba(38, 166, 154, 1.0)",0.0,0.0,0.3728531701440703,11.755578331916471,1.5674311361164195,0.0,0.0,0.0,0.0,0.0,0.0,0.0,0.0,56.700360495387365,-0.4191131215465731,False,False,True,False,True,12.350452281079427,0,,,False,False,False,False,,,False,False,False,False,68706.0,45476.858886104616,False,False,False,False,5177.519890325089,False,False,False,False
2025-05-08 19:00:00+00:00,12.34,12.48,12.28,12.345,34988.0,,,,,,,,,,,,,,,,,,,,,,11.473982156149214,,,"rgba(38, 166, 154, 1.0)",0.0,0.0,0.3672920996788292,11.82098015718178,1.426711446492967,0.0,0.0,0.0,0.0,0.0,0.0,0.0,0.0,58.111413846625084,1.263709241012549,False,False,True,False,True,12.41193817148612,0,,,False,False,False,False,,,False,False,False,False,103694.0,46379.45022120376,False,False,False,False,5639.6978765216,False,False,False,False
2025-05-09 14:00:00+00:00,12.265,12.33,12.07,12.155,5015.0,,,,,,,,,,,,,,,,,,,,,,11.479914639124033,,,"rgba(38, 166, 154, 1.0)",0.0,0.0,0.3532587419141035,11.826187232714227,0.9307986704140057,0.0,0.0,0.0,0.0,0.0,0.0,0.0,0.0,56.65978764124235,1.263709241012549,False,False,True,False,True,9.207401019443079,0,,,False,False,False,False,,,False,False,False,False,98679.0,47190.29595420835,False,False,False,False,5630.012638125916,False,False,False,False
2025-05-09 15:00:00+00:00,12.16,12.23,12.155,12.16,8204.0,,,,,,,,,,,,,,,,,,,,,,11.489364091958553,,,"rgba(38, 166, 154, 1.0)",0.0,0.0,0.3421364118656778,11.834257224013891,0.9520845039843208,0.0,0.0,0.0,0.0,0.0,0.0,0.0,0.0,55.74560072199232,1.263709241012549,False,False,True,False,True,9.272105537835785,0,,,False,False,False,False,,,False,False,False,False,106883.0,48115.76423398806,False,False,False,False,5669.919418930165,False,False,False,False
2025-05-09 16:00:00+00:00,12.16,12.17,12.045,12.13,2169.0,,,,,,,,,,,,,,,,,,,,,,11.491583489933692,,,"rgba(38, 166, 154, 1.0)",0.0,0.0,0.32856975070915667,11.83588772481333,0.8951288867946103,0.0,0.0,0.0,0.0,0.0,0.0,0.0,0.0,54.72425015943475,1.263709241012549,False,True,True,False,False,8.76772368206796,0,,,False,False,False,False,,,False,False,False,False,104714.0,48993.25626136809,False,False,False,False,5615.641598481636,False,False,False,False
2025-05-09 17:00:00+00:00,12.13,12.24,12.12,12.22,2165.0,,,,,,,,,,,,,,,,,,,,,,11.494059538283187,,,"rgba(38, 166, 154, 1.0)",0.0,0.0,0.32527154283240456,11.837996650807117,1.174413678695864,0.0,0.0,0.0,0.0,0.0,0.0,0.0,0.0,55.17576207305472,1.263709241012549,False,False,True,False,False,9.959391969086223,0,,,False,False,False,False,,,False,False,False,False,106879.0,49890.709652664715,False,False,False,False,5562.143279125331,False,False,False,False
2025-05-09 18:00:00+00:00,12.23,12.25,12.18,12.235,3270.0,,,,,,,,,,,,,,,,,,,,,,11.49791658831336,,,"rgba(38, 166, 154, 1.0)",0.0,0.0,0.3194075314878585,11.841399850459904,1.2322819931848004,0.0,0.0,0.0,0.0,0.0,0.0,0.0,0.0,55.671235426870595,1.263709241012549,False,False,True,False,False,10.157803128478012,0,,,False,False,False,False,,,False,False,False,False,110149.0,50824.94671231332,False,False,False,False,5526.606174022613,False,False,False,False
2025-05-09 19:00:00+00:00,12.235,12.33,12.21,12.26,9847.0,,,,,,,,,,,,,,,,,,,,,,11.50999533277699,,,"rgba(38, 166, 154, 1.0)",0.0,0.0,0.31377061685249635,11.85250073161998,1.298717108911398,0.0,0.0,0.0,0.0,0.0,0.0,0.0,0.0,56.352587784702585,1.829465391516024,False,False,True,False,False,10.492471429976902,0,,,False,False,False,False,,,False,False,False,False,119996.0,51897.366143130166,False,False,False,False,5593.589024037767,False,False,False,False
2025-05-12 14:00:00+00:00,12.97,13.14,12.78,12.785,5426.0,,,,,,,,,,,,,,,,,,,,,,11.521940858284411,,,"rgba(38, 166, 154, 1.0)",0.0,0.0,0.32255103653711464,11.867965682684883,2.8430673395451884,0.0,0.0,0.0,0.0,0.0,0.0,0.0,0.0,61.9473972338413,7.308620100988399,True,False,True,False,True,16.916438636238677,0,,,False,False,False,False,,,False,False,False,False,125422.0,53037.282947112646,False,False,False,False,5590.99074459532,False,False,False,False
2025-05-12 15:00:00+00:00,12.785,12.85,12.63,12.8,9429.0,,,,,,,,,,,,,,,,,,,,,,11.540136429195645,,,"rgba(38, 166, 154, 1.0)",0.0,0.0,0.3284358508264648,11.890027989963695,2.7706232670595585,0.0,0.0,0.0,0.0,0.0,0.0,0.0,0.0,65.78102435337888,10.870416560499883,True,False,True,False,True,17.084587117320478,0,,,False,False,False,False,,,False,False,False,False,134851.0,54305.712668862834,False,False,False,False,5650.494764058959,False,False,False,False
2025-05-12 16:00:00+00:00,12.815,12.915,12.8,12.91,3455.0,,,,,,,,,,,,,,,,,,,,,,11.547286512118726,,,"rgba(38, 166, 154, 1.0)",0.0,0.0,0.3406605004642777,11.898875801260271,2.968128671688362,0.0,0.0,0.0,0.0,0.0,0.0,0.0,0.0,69.10900918453932,13.88805559784273,True,False,True,False,True,18.312596339437743,0,,,False,False,False,False,,,False,False,False,False,138306.0,55608.0427050045,False,False,False,False,5616.456085546417,False,False,False,False
2025-05-12 17:00:00+00:00,12.905,13.02,12.885,12.995,3980.0,,,,,,,,,,,,,,,,,,,,,,11.555990863907246,,,"rgba(38, 166, 154, 1.0)",0.0,0.0,0.3569933504314158,11.909818573030837,3.0397805047566107,0.0,0.0,0.0,0.0,0.0,0.0,0.0,0.0,71.89720848732841,16.40765180577752,True,False,True,False,True,19.244762443654896,0,,,False,False,False,False,,,False,False,False,False,142286.0,56951.887004151715,False,False,False,False,5591.0846733674025,False,False,False,False
2025-05-12 18:00:00+00:00,12.995,13.05,12.92,13.045,4129.0,,,,,,,,,,,,,,,,,,,,,,11.5651513047428,,,"rgba(38, 166, 154, 1.0)",0.0,0.0,0.3738632259419304,11.921324861764116,3.005578137311682,0.0,0.0,0.0,0.0,0.0,0.0,0.0,0.0,74.09072227071279,18.429490497378737,True,False,True,False,True,19.78970634995408,0,,,False,False,False,False,,,False,False,False,False,146415.0,58338.91201183928,False,False,False,False,5568.416693935349,False,False,False,False
2025-05-12 19:00:00+00:00,13.045,13.1,13.01,13.035,14641.0,,,,,,,,,,,,,,,,,,,,,,11.597670339083306,,,"rgba(38, 166, 154, 1.0)",0.0,0.0,0.3908752940459278,11.961646257888464,2.7460260560377523,0.0,0.0,0.0,0.0,0.0,0.0,0.0,0.0,75.29330168186526,19.628389179608106,True,False,True,False,True,19.60100899241308,0,,,False,False,False,False,,,False,False,False,False,131774.0,59477.44050777976,False,False,False,False,5709.076900230924,False,False,False,False
2025-05-13 14:00:00+00:00,13.15,13.22,13.08,13.17,1109.0,,,,,,,,,,,,,,,,,,,,,,11.60025514790894,,,"rgba(38, 166, 154, 1.0)",0.0,0.0,0.41262827107468647,11.964872408820323,2.9206132387413333,0.0,0.0,0.0,0.0,0.0,0.0,0.0,0.0,77.06921954936374,21.45095609393624,True,False,True,False,True,20.0,0,,,False,False,False,False,,,False,False,False,False,132883.0,60615.51119758162,False,False,False,False,5637.7578785219175,False,False,False,False
2025-05-13 15:00:00+00:00,13.16,13.21,13.15,13.185,2062.0,,,,,,,,,,,,,,,,,,,,,,11.605115285672978,,,"rgba(38, 166, 154, 1.0)",0.0,0.0,0.4334056211361676,11.970948691820062,2.801189576169587,0.0,0.0,0.0,0.0,0.0,0.0,0.0,0.0,78.35727565832207,22.86479252018681,True,False,True,False,True,20.0,0,,,False,False,False,False,0.3428282303680698,0.3428282303680698,False,False,False,False,134945.0,61767.906372812904,False,False,False,False,5582.319771878167,False,False,False,False
2025-05-13 16:00:00+00:00,13.18,13.29,13.175,13.2,3042.0,,,,,,,,,,,,,,,,,,,,,,11.612411526089637,,,"rgba(38, 166, 154, 1.0)",0.0,0.0,0.45312346427201117,11.98009278035245,2.6922181609099716,0.0,0.0,0.0,0.0,0.0,0.0,0.0,0.0,79.32916450293638,24.03969120893214,True,False,True,False,True,20.0,0,1.1201298701298703,0.8094405594405597,False,False,False,False,0.3428282307710976,0.34282823056958367,False,False,False,False,137987.0,62949.59774687782,False,False,False,False,5542.934969213389,False,False,False,False
2025-05-13 17:00:00+00:00,13.2,13.305,13.19,13.2,1476.0,,,,,,,,,,,,,,,,,,,,,,11.61594988600361,,,"rgba(38, 166, 154, 1.0)",0.0,0.0,0.471260080065199,11.984513156654973,2.579227256373727,0.0,0.0,0.0,0.0,0.0,0.0,0.0,0.0,79.97709039934591,24.96432974770474,True,False,True,False,True,20.0,0,1.1266616503636822,0.8058690744920994,False,False,False,False,0.3428282308837788,0.3428282307266812,False,False,False,False,137987.0,64112.96832444561,False,False,False,False,5479.881713876747,False,False,False,False
2025-05-13 18:00:00+00:00,13.205,13.29,13.16,13.29,7506.0,,,,,,,,,,,,,,,,,,,,,,11.63387194970174,,,"rgba(38, 166, 154, 1.0)",0.0,0.0,0.490852384188014,12.006744504359006,2.6143409647766136,0.0,0.0,0.0,0.0,0.0,0.0,0.0,0.0,81.15266636289593,26.399954632077765,True,False,True,False,True,20.0,0,1.1228686058174526,0.8051654964894684,False,False,False,False,0.3375428030445066,0.34018551688559395,False,False,False,False,145493.0,65374.674241896064,False,False,False,False,5511.294400483309,False,False,False,False
2025-05-13 19:00:00+00:00,13.29,13.34,13.11,13.135,16434.0,,,,,,,,,,,,,,,,,,,,,,11.670554217901056,,,"rgba(38, 166, 154, 1.0)",0.0,0.0,0.5043413955281063,12.177747484542003,1.898024877485295,0.0,0.0,0.0,0.0,0.0,0.0,0.0,0.0,76.7167143690531,26.399954632077765,True,False,True,False,False,19.2978818681586,0,1.1169867797455724,0.806684958842604,False,False,False,False,0.3375428030445066,0.33886415996505026,False,False,False,False,129059.0,66362.0281296186,False,False,False,False,5680.638673344033,False,False,False,False
2025-05-14 14:00:00+00:00,13.08,13.17,13.045,13.095,2545.0,,,,,,,,,,,,,,,,,,,,,,11.67574895943889,,,"rgba(38, 166, 154, 1.0)",0.0,0.0,0.5153537051787209,12.181662697853637,1.7722532951026801,0.0,0.0,0.0,0.0,0.0,0.0,0.0,0.0,72.59176711907385,27.706153778976955,True,False,True,False,False,18.5098065015185,0,1.1136590229312064,0.8148055832502494,False,False,False,False,0.3102267298090264,0.3245454448870383,False,False,False,False,126514.0,67294.6168407873,False,False,False,False,5632.024120268931,False,False,False,False
2025-05-14 15:00:00+00:00,13.095,13.105,13.025,13.085,2056.0,,,,,,,,,,,,,,,,,,,,,,11.679825667861264,,,"rgba(38, 166, 154, 1.0)",0.0,0.0,0.5251794888373785,12.184543629626575,1.7145688084026678,0.0,0.0,0.0,0.0,0.0,0.0,0.0,0.0,69.53481559224505,24.926078423721364,True,False,True,False,False,18.31087113793953,0,1.108923230309073,0.8202891326021932,False,False,False,False,0.3004578075975371,0.3125016262422877,False,False,False,False,124458.0,68180.87084325572,False,False,False,False,5576.581885846157,False,False,False,False
2025-05-14 16:00:00+00:00,13.085,13.105,12.965,13.0,14766.0,,,,,,,,,,,,,,,,,,,,,,11.707426036532004,,,"rgba(38, 166, 154, 1.0)",0.0,0.0,0.5333531696761521,12.204551355165767,1.4914107388116262,0.0,0.0,0.0,0.0,0.0,0.0,0.0,0.0,64.9516723483026,20.762799740720965,True,False,True,False,False,16.62027728510911,0,1.1061660865241176,0.820735952262556,False,False,False,False,0.2935955692979123,0.3030485977701,False,False,False,False,109692.0,68824.4542410347,False,False,False,False,5719.053484515209,False,False,False,False
2025-05-14 17:00:00+00:00,13.0,13.04,12.97,12.995,8122.0,,,,,,,,,,,,,,,,,,,,,,11.721887422517971,,,"rgba(38, 166, 154, 1.0)",0.0,0.0,0.5406487427739546,12.215965232162691,1.4409258844110961,0.0,0.0,0.0,0.0,0.0,0.0,0.0,0.0,61.74926195470643,17.916898609790593,False,False,True,False,False,16.520747834998986,0,1.1061396967437236,0.8230176485210042,False,False,False,False,0.2867601095061747,0.2949043536381374,False,False,False,False,101570.0,69332.13712101866,False,False,False,False,5756.308469251407,False,False,False,False
2025-05-14 18:00:00+00:00,12.995,13.02,12.96,12.965,2937.0,,,,,,,,,,,,,,,,,,,,,,11.72695708520478,,,"rgba(38, 166, 154, 1.0)",0.0,0.0,0.5455328414321872,12.219910852123276,1.3658007204857585,0.0,0.0,0.0,0.0,0.0,0.0,0.0,0.0,58.67989371973705,15.1359276602209,False,False,True,False,False,15.916067534690875,0,1.1054464063665757,0.8244217856254665,False,False,False,False,0.28335217357824727,0.2891282636081923,False,False,False,False,98633.0,69786.41406487885,False,False,False,False,5712.598260425803,False,False,False,False
2025-05-14 19:00:00+00:00,12.965,13.015,12.91,12.91,14992.0,,,,,,,,,,,,,,,,,,,,,,11.751474348990847,,,"rgba(38, 166, 154, 1.0)",0.0,0.0,0.5489822032265292,12.238249027162835,1.2236297805085259,0.0,0.0,0.0,0.0,0.0,0.0,0.0,0.0,54.97707010239521,11.729719309649681,False,True,True,False,False,14.80605662820835,0,1.103799354358083,0.8241867395083188,False,False,False,False,0.2771208411234481,0.28312455236582024,False,False,False,False,83641.0,70001.2138468187,False,False,False,False,5856.464954062612,False,False,False,False
2025-05-15 14:00:00+00:00,12.805,12.84,12.73,12.74,5358.0,,,,,,,,,,,,,,,,,,,,,,11.758748989126104,,,"rgba(38, 166, 154, 1.0)",0.0,0.0,0.5495497747747239,12.241606737978302,0.9069119575674547,0.0,0.0,0.0,0.0,0.0,0.0,0.0,0.0,48.58385416525815,5.895552768669347,False,True,False,True,False,11.47606841667482,0,1.0978019264015808,0.8300815016053347,False,False,False,False,0.23737864924794672,0.2602516008068835,False,False,False,False,78283.0,70129.61363213934,False,False,False,False,5848.736815239936,False,False,False,False
2025-05-15 15:00:00+00:00,12.73,12.79,12.7,12.745,4429.0,,,,,,,,,,,,,,,,,,,,,,11.764537588097966,,,"rgba(38, 166, 154, 1.0)",0.0,0.0,0.5501331370390838,12.244193677741425,0.9103365868015235,0.0,0.0,0.0,0.0,0.0,0.0,0.0,0.0,44.49554656123733,2.28139959445447,False,True,False,True,False,11.546681701522783,0,1.09686187299234,0.8334568816407216,False,False,False,False,0.22852752660808603,0.24438956370748477,False,False,False,False,82712.0,70324.68938978059,False,False,False,False,5826.725391747844,False,False,False,False
2025-05-15 16:00:00+00:00,12.745,12.82,12.735,12.81,10000.0,,,,,,,,,,,,,,,,,,,,,,11.777927452737032,,,"rgba(38, 166, 154, 1.0)",0.0,0.0,0.5516135381727777,12.251872358788859,1.0118091790494157,0.0,0.0,0.0,0.0,0.0,0.0,0.0,0.0,44.02395197200384,1.848989177891447,False,True,False,True,False,12.468750714697933,0,1.0973801285219973,0.8326742461690558,False,False,False,False,0.23571631997043355,0.24005294183895914,False,False,False,False,92712.0,70671.77947676073,False,False,False,False,5891.42732365873,False,False,False,False
2025-05-15 17:00:00+00:00,12.81,12.815,12.745,12.815,5366.0,,,,,,,,,,,,,,,,,,,,,,11.784992296246655,,,"rgba(38, 166, 154, 1.0)",0.0,0.0,0.5524088363906914,12.256158674854454,1.0116444349385905,0.0,0.0,0.0,0.0,0.0,0.0,0.0,0.0,43.88230974250717,1.4335875536180325,False,True,False,True,False,12.539993630395816,0,1.0977480821578818,0.8332096015837664,False,False,False,False,0.23627028718758214,0.23816161451327064,False,False,False,False,98078.0,71096.68212053188,False,False,False,False,5883.281163602005,False,False,False,False
2025-05-15 18:00:00+00:00,12.815,12.86,12.775,12.8,10705.0,,,,,,,,,,,,,,,,,,,,,,11.79907054270914,,,"rgba(38, 166, 154, 1.0)",0.0,0.0,0.5519773790899608,12.265403714024014,0.9685112220674146,0.0,0.0,0.0,0.0,0.0,0.0,0.0,0.0,43.35459521250717,0.4813873515164886,False,True,False,True,False,12.23574108959739,0,1.0996784565916402,0.8295819935691321,False,False,False,False,0.24459710707117469,0.24137936079222266,False,False,False,False,87373.0,71349.02813416705,False,False,False,False,5958.036494398873,False,False,False,False
2025-05-15 19:00:00+00:00,12.805,12.91,12.805,12.86,18323.0,,,,,,,,,,,,,,,,,,,,,,11.823362027570331,,,"rgba(38, 166, 154, 1.0)",0.0,0.0,0.5527918657567622,12.283255819649765,1.0433297160780062,0.0,0.0,0.0,0.0,0.0,0.0,0.0,0.0,45.27797447518978,0.4813873515164886,False,True,False,True,False,13.113664013905861,0,1.1060981655924644,0.8254833911750125,False,False,False,False,0.2535158875286411,0.2474476241604319,False,False,False,False,105696.0,71881.53932588539,False,False,False,False,6149.741354950829,False,False,False,False
2025-05-16 14:00:00+00:00,12.82,12.82,12.635,12.665,957.0,,,,,,,,,,,,,,,,,,,,,,11.82441873886397,,,"rgba(239, 83, 80, 1.0)",0.0,0.0,0.5518606691894192,12.326076793521612,0.6141463333058375,0.0,0.0,0.0,0.0,0.0,0.0,0.0,0.0,41.6162678471143,-1.7588883797285675,False,True,False,True,False,9.207486515641062,0,1.0964804331774551,0.8240216588727542,False,False,False,False,0.22119795173572762,0.23432278794807976,False,False,False,False,104739.0,72390.9573208329,False,False,False,False,6069.233737044615,False,False,False,False
2025-05-16 15:00:00+00:00,12.67,12.77,12.645,12.77,2891.0,,,,,,,,,,,,,,,,,,,,,,11.827673676719641,,,"rgba(239, 83, 80, 1.0)",0.0,0.0,0.5520095311881109,12.329303230322662,0.7983499283586818,0.0,0.0,0.0,0.0,0.0,0.0,0.0,0.0,42.5616069146111,-1.7588883797285675,False,True,False,True,False,10.771938152590035,0,1.0952851147864728,0.8331276228091831,False,False,False,False,0.19949582336212474,0.21690930565510225,False,False,False,False,107630.0,72937.29906779673,False,False,False,False,6019.958795385009,False,False,False,False
2025-05-16 16:00:00+00:00,12.77,12.865,12.77,12.835,2443.0,,,,,,,,,,,,,,,,,,,,,,11.830694199191182,,,"rgba(239, 83, 80, 1.0)",0.0,0.0,0.5514736604754517,12.335084336958863,0.9065086854921358,0.0,0.0,0.0,0.0,0.0,0.0,0.0,0.0,44.9917982764717,-1.7588883797285675,False,True,False,True,True,11.722397749199935,0,1.0961635537607273,0.8377082281675922,False,False,False,False,0.22786934785646373,0.222389326755783,False,False,False,False,110073.0,73513.0463690712,False,False,False,False,5964.502069875163,False,False,False,False
2025-05-16 17:00:00+00:00,12.835,12.835,12.78,12.81,4298.0,,,,,,,,,,,,,,,,,,,,,,11.835884361345936,,,"rgba(239, 83, 80, 1.0)",0.0,0.0,0.5482985558127087,12.340110460404944,0.8569957637378215,0.0,0.0,0.0,0.0,0.0,0.0,0.0,0.0,45.941165511146195,-1.7588883797285675,False,True,False,True,True,11.221642269859469,0,1.087643312101911,0.8484076433121019,False,False,False,False,0.22527564023636198,0.2238324834960725,False,False,False,False,105775.0,74013.2316966825,False,False,False,False,5938.66482848175,False,False,False,False
2025-05-16 18:00:00+00:00,12.81,12.85,12.8,12.805,3173.0,,,,,,,,,,,,,,,,,,,,,,11.839719819233455,,,"rgba(239, 83, 80, 1.0)",0.0,0.0,0.544751228452857,12.343349281472808,0.8474523680071766,0.0,0.0,0.0,0.0,0.0,0.0,0.0,0.0,46.430551363157534,-1.7588883797285675,False,True,False,True,True,11.120156963799698,0,1.0798664612223936,0.854391371340524,False,False,False,False,0.22981660655591332,0.22682454502599292,False,False,False,False,102602.0,74456.4684145634,False,False,False,False,5895.786304009165,False,False,False,False
2025-05-16 19:00:00+00:00,12.805,12.85,12.79,12.815,8856.0,,,,,,,,,,,,,,,,,,,,,,11.850268044599858,,,"rgba(239, 83, 80, 1.0)",0.0,0.0,0.5397733341433681,12.351010118223757,0.8596013408343055,0.0,0.0,0.0,0.0,0.0,0.0,0.0,0.0,47.104763966254424,-1.7588883797285675,False,True,False,True,True,11.273234924644118,0,1.0765463917525773,0.8533505154639175,False,False,False,False,0.22851824466273674,0.22767139484436483,False,False,False,False,111458.0,75030.13557092675,False,False,False,False,5941.681089993519,False,False,False,False
2025-05-19 14:00:00+00:00,12.685,12.725,12.64,12.705,1306.0,,,,,,,,,,,,,,,,,,,,,,11.851600720845088,,,"rgba(239, 83, 80, 1.0)",0.0,0.0,0.53384832680831,12.350998838083926,0.6631118693066272,0.0,0.0,0.0,0.0,0.0,0.0,0.0,0.0,44.369357163790426,-1.7588883797285675,False,True,False,True,False,9.01346444249376,1,1.06810588537651,0.857620149061938,False,False,False,False,0.19309282495995334,0.21038210990215908,False,False,False,False,110152.0,75574.66060083486,False,False,False,False,5869.810065342456,False,False,False,False
2025-05-19 15:00:00+00:00,12.705,12.755,12.7,12.745,1585.0,,,,,,,,,,,,,,,,,,,,,,11.853295727067943,,,"rgba(239, 83, 80, 1.0)",0.0,0.0,0.5274795585467563,12.351483655214668,0.74603145924649,0.0,0.0,0.0,0.0,0.0,0.0,0.0,0.0,44.06612251115147,-1.7588883797285675,False,True,False,True,False,9.648625995854314,1,1.0834633385335415,0.8512740509620385,False,False,False,False,0.20462984728008854,0.2075059785911238,False,False,False,False,111737.0,76135.31702562812,False,False,False,False,5803.378901538697,False,False,False,False
2025-05-19 16:00:00+00:00,12.745,12.79,12.73,12.775,1624.0,,,,,,,,,,,,,,,,,,,,,,11.855087943976672,,,"rgba(239, 83, 80, 1.0)",0.0,0.0,0.5213674673740514,12.352323197397446,0.8107080496054576,0.0,0.0,0.0,0.0,0.0,0.0,0.0,0.0,44.98068293759856,-1.7588883797285675,False,True,False,True,False,10.126519646059581,1,1.0842405391394505,0.8359253499222397,False,False,False,False,0.21299551103425213,0.21025074481268796,False,False,False,False,113361.0,76712.45939732381,False,False,False,False,5738.582329421818,False,False,False,False
2025-05-19 17:00:00+00:00,12.775,12.81,12.74,12.755,1632.0,,,,,,,,,,,,,,,,,,,,,,11.856888477069957,,,"rgba(239, 83, 80, 1.0)",0.0,0.0,0.517909319343705,12.353211999267582,0.7757883199351663,0.0,0.0,0.0,0.0,0.0,0.0,0.0,0.0,44.926494750009915,-1.7588883797285675,False,True,False,True,False,9.705144428634235,1,1.084452479338843,0.8354855371900825,False,False,False,False,0.21686644671498437,0.21355859576383618,False,False,False,False,111729.0,77255.35149969089,False,False,False,False,5674.914386330007,False,False,False,False
2025-05-19 18:00:00+00:00,12.755,12.77,12.735,12.76,1256.0,,,,,,,,,,,,,,,,,,,,,,11.858249153619134,,,"rgba(239, 83, 80, 1.0)",0.0,0.0,0.5116261656066177,12.353812035183108,0.7939155424845972,0.0,0.0,0.0,0.0,0.0,0.0,0.0,0.0,45.10788241170675,-1.7588883797285675,False,True,False,True,False,9.787491650131244,1,1.0840422789378708,0.8378448053622068,False,False,False,False,0.21106240567347928,0.21231050071865773,False,False,False,False,112985.0,77809.29953845538,False,False,False,False,5606.4040857667505,False,False,False,False
2025-05-19 19:00:00+00:00,12.76,12.835,12.75,12.81,5742.0,,,,,,,,,,,,,,,,,,,,,,11.864715623535012,,,"rgba(239, 83, 80, 1.0)",0.0,0.0,0.5038462156343004,12.357864761672996,0.8973675385411081,0.0,0.0,0.0,0.0,0.0,0.0,0.0,0.0,47.36297639925979,-1.7588883797285675,False,True,False,True,True,10.616047038896067,1,1.0844455852156059,0.8352156057494867,False,False,False,False,0.22139064884659063,0.21685057478262418,False,False,False,False,118727.0,78443.68249134754,False,False,False,False,5608.506348002925,False,False,False,False
2025-05-20 14:00:00+00:00,12.745,12.755,12.695,12.725,1355.0,,,,,,,,,,,,,,,,,,,,,,11.866109788861289,,,"rgba(239, 83, 80, 1.0)",0.0,0.0,0.4955145837437076,12.358334696972676,0.7399687417009947,0.0,0.0,0.0,0.0,0.0,0.0,0.0,0.0,45.695602762670774,-1.7588883797285675,False,True,False,True,False,8.769753607363878,1,1.0783363102832357,0.8374585353406483,False,False,False,False,0.2039875174880469,0.21041904613533552,False,False,False,False,117372.0,79047.22229768324,False,False,False,False,5542.560513150166,False,False,False,False
2025-05-20 15:00:00+00:00,12.725,12.77,12.695,12.75,1819.0,,,,,,,,,,,,,,,,,,,,,,11.868003220611918,,,"rgba(239, 83, 80, 1.0)",0.0,0.0,0.4886793381098619,12.359100545662297,0.799909928358426,0.0,0.0,0.0,0.0,0.0,0.0,0.0,0.0,45.68310297049513,-1.7588883797285675,False,True,False,True,False,9.195641427385855,1,1.0780376207422473,0.8373157092018305,False,False,False,False,0.20591500720155792,0.20816702666844672,False,False,False,False,119191.0,79669.60644810676,False,False,False,False,5484.830892791249,False,False,False,False
2025-05-20 16:00:00+00:00,12.75,12.8,12.73,12.78,3566.0,,,,,,,,,,,,,,,,,,,,,,11.871825576964367,,,"rgba(239, 83, 80, 1.0)",0.0,0.0,0.4817912523186864,12.361141227931375,0.8693781177072208,0.0,0.0,0.0,0.0,0.0,0.0,0.0,0.0,46.973366322974485,-1.7588883797285675,False,True,False,True,False,9.709735324870607,1,1.0873138161273759,0.8341037493579867,False,False,False,False,0.2142851188828427,0.2112260727756447,False,False,False,False,122757.0,80337.62805356247,False,False,False,False,5455.081576623943,False,False,False,False
2025-05-20 17:00:00+00:00,12.78,12.785,12.75,12.755,1251.0,,,,,,,,,,,,,,,,,,,,,,11.873148949534048,,,"rgba(239, 83, 80, 1.0)",0.0,0.0,0.4786996745125025,12.361822087652515,0.821345685576014,0.0,0.0,0.0,0.0,0.0,0.0,0.0,0.0,46.79328945465093,-1.7588883797285675,False,True,False,True,False,9.150701344860302,1,1.0923394377095696,0.8300232138251227,False,False,False,False,0.21481442259024866,0.2130202476829467,False,False,False,False,121506.0,80975.89738606536,False,False,False,False,5389.902017296439,False,False,False,False
2025-05-20 18:00:00+00:00,12.755,12.76,12.69,12.74,1854.0,,,,,,,,,,,,,,,,,,,,,,11.875029826495243,,,"rgba(239, 83, 80, 1.0)",0.0,0.0,0.4759951831840444,12.362575176659217,0.7929173165495071,0.0,0.0,0.0,0.0,0.0,0.0,0.0,0.0,46.0421170683928,-1.7588883797285675,False,True,False,True,False,8.812062647054184,1,1.08844065166796,0.8319110421515388,False,False,False,False,0.203862072447199,0.20844116006507285,False,False,False,False,119652.0,81575.52688395583,False,False,False,False,5335.081830981765,False,False,False,False
2025-05-20 19:00:00+00:00,12.735,12.735,12.65,12.68,6253.0,,,,,,,,,,,,,,,,,,,,,,11.881006822508994,,,"rgba(239, 83, 80, 1.0)",0.0,0.0,0.4738790281636559,12.364196812399262,0.6664215313020218,0.0,0.0,0.0,0.0,0.0,0.0,0.0,0.0,43.239471348816565,-3.8810897260482946,False,True,False,True,False,7.457672354402661,1,1.0857881136950907,0.8310077519379845,False,False,False,False,0.19281145520130663,0.20062630763318973,False,False,False,False,113399.0,82068.91406404953,False,False,False,False,5349.313120423908,False,False,False,False
2025-05-21 14:00:00+00:00,12.585,12.65,12.57,12.62,6982.0,,,,,,,,,,,,,,,,,,,,,,11.886967248436582,,,"rgba(239, 83, 80, 1.0)",0.0,0.0,0.47176635689236385,12.364379173874665,0.5418377601344201,0.0,0.0,0.0,0.0,0.0,0.0,0.0,0.0,39.507916403582605,-7.314562220971517,False,True,False,True,False,6.120032064179917,1,1.0770817220933233,0.8365558133539573,False,False,False,False,0.1710574976879034,0.18584190266054657,False,False,False,False,106417.0,82446.40376848287,False,False,False,False,5374.626095301057,False,False,False,False
2025-05-21 15:00:00+00:00,12.63,12.655,12.575,12.61,5783.0,,,,,,,,,,,,,,,,,,,,,,11.891831136199162,,,"rgba(239, 83, 80, 1.0)",0.0,0.0,0.46922441278086474,12.364844374571346,0.5224698859459065,0.0,0.0,0.0,0.0,0.0,0.0,0.0,0.0,36.730818942156795,-9.750278023073705,False,True,False,True,False,5.8968483265886675,0,1.074007220216607,0.8403816400206293,False,False,False,False,0.1723545411992696,0.1790982219299081,False,False,False,False,100634.0,82728.38200463042,False,False,False,False,5380.957473668483,False,False,False,False
2025-05-21 16:00:00+00:00,12.625,12.63,12.59,12.6,2265.0,,,,,,,,,,,,,,,,,,,,,,11.893701007056324,,,"rgba(239, 83, 80, 1.0)",0.0,0.0,0.46654897486324387,12.365035713958555,0.503621910454991,0.0,0.0,0.0,0.0,0.0,0.0,0.0,0.0,34.5720414705613,-11.61544960693331,False,True,False,True,False,5.670372205734491,0,1.080632616022816,0.8387347679543685,False,False,False,False,0.16382042566395086,0.17145932379692946,False,False,False,False,98369.0,82970.87220610902,False,False,False,False,5332.648055472072,False,False,False,False
2025-05-21 17:00:00+00:00,12.6,12.62,12.395,12.475,2565.0,,,,,,,,,,,,,,,,,,,,,,11.89548187873868,,,"rgba(239, 83, 80, 1.0)",0.0,0.0,0.46310256097540625,12.364361130301997,0.23890792023471003,0.0,0.0,0.0,0.0,0.0,0.0,0.0,0.0,30.170391213811847,-15.54152742675707,False,True,False,True,False,2.8890508872194864,0,1.0660108723789803,0.8464923634480974,False,False,False,False,0.12973532905991003,0.15059732642841975,False,False,False,False,95804.0,83169.83542771974,False,False,False,False,5289.7387832942095,False,False,False,False
2025-05-21 18:00:00+00:00,12.47,12.505,12.435,12.47,3352.0,,,,,,,,,,,,,,,,,,,,,,11.897690836389247,,,"rgba(239, 83, 80, 1.0)",0.0,0.0,0.45957087308421246,12.363298851093738,0.23217561241465037,0.0,0.0,0.0,0.0,0.0,0.0,0.0,0.0,27.143035809231865,-18.133304185623853,False,True,False,True,False,2.7795956112314677,0,1.0593417983933664,0.8564394920963978,False,False,False,False,0.11939120386454694,0.13499426514648333,False,False,False,False,92452.0,83313.74495597214,False,False,False,False,5259.69632153771,False,False,False,False
2025-05-21 19:00:00+00:00,12.46,12.5,12.41,12.425,11230.0,,,,,,,,,,,,,,,,,,,,,,11.90465122639255,,,"rgba(239, 83, 80, 1.0)",0.0,0.0,0.45630665759526645,12.359702595077446,0.14309982954592895,0.0,0.0,0.0,0.0,0.0,0.0,0.0,0.0,24.304585905716852,-20.598085165736688,False,True,False,True,False,1.7885960783046144,0,1.063541666666667,0.8565104166666668,False,False,False,False,0.11322276227755072,0.12410851371201703,False,False,False,False,81222.0,83281.31480161598,False,False,False,False,5352.259169265808,False,False,False,False
2025-05-22 14:00:00+00:00,12.33,12.395,12.3,12.37,2513.0,,,,,,,,,,,,,,,,,,,,,,11.905929219129353,,,"rgba(239, 83, 80, 1.0)",0.0,0.0,0.4531584652134313,12.358389659534259,0.02562092812339246,0.0,0.0,0.0,0.0,0.0,0.0,0.0,0.0,21.553818114423713,-23.038521224064976,False,True,False,True,False,0.58748883381244,0,1.0558018252933512,0.8604954367666233,False,False,False,False,0.08164535047851892,0.10287693209526798,False,False,False,False,78709.0,83210.42620004053,False,False,False,False,5308.2396472616865,False,False,False,False
2025-05-22 15:00:00+00:00,12.37,12.42,12.33,12.35,2998.0,,,,,,,,,,,,,,,,,,,,,,11.907483767524846,,,"rgba(239, 83, 80, 1.0)",0.0,0.0,0.45177330279368566,12.35700984910648,-0.0155162978049688,0.0,0.0,0.0,0.0,0.0,0.0,0.0,0.0,19.433536816985097,-24.96446850912268,False,True,False,True,False,0.1513117396450987,0,1.0547445255474455,0.8584462982273199,False,False,False,False,0.06563943978805718,0.08425818594166258,False,False,False,False,75711.0,83094.15602639648,False,False,False,False,5272.421978311893,False,False,False,False
2025-05-22 16:00:00+00:00,12.36,12.415,12.3,12.31,1950.0,,,,,,,,,,,,,,,,,,,,,,11.908434535132775,,,"rgba(239, 83, 80, 1.0)",0.0,0.0,0.4499274215745055,12.35601888152295,-0.10228067754107426,0.0,0.0,0.0,0.0,0.0,0.0,0.0,0.0,17.475607201197654,-26.826311182363284,False,True,False,True,False,0.0,0,1.0513161393246484,0.8702472746609944,False,False,False,False,0.06031411473730416,0.07228615033948337,False,False,False,False,73761.0,82949.45593296397,False,False,False,False,5220.9115600434925,False,False,False,False
2025-05-22 17:00:00+00:00,12.31,12.37,12.285,12.355,2662.0,,,,,,,,,,,,,,,,,,,,,,11.909710850612806,,,"rgba(239, 83, 80, 1.0)",0.0,0.0,0.4471922717667715,12.354686664435155,0.0007006730317756716,0.0,0.0,0.0,0.0,0.0,0.0,0.0,0.0,19.621001025248738,-26.826311182363284,False,True,False,True,False,0.27503781317777865,0,1.0532370251471377,0.8673087212413058,False,False,False,False,0.05119276156233746,0.06173945595091041,False,False,False,False,76423.0,82848.2705696622,False,False,False,False,5181.238512600958,False,False,False,False
2025-05-22 18:00:00+00:00,12.35,12.395,12.35,12.38,4282.0,,,,,,,,,,,,,,,,,,,,,,11.91193090286986,,,"rgba(239, 83, 80, 1.0)",0.0,0.0,0.4452045081241341,12.353122701624056,0.06037067883519958,0.0,0.0,0.0,0.0,0.0,0.0,0.0,0.0,22.817457356254742,-26.826311182363284,False,True,False,True,True,0.8294429205952412,0,1.0582237724711565,0.8588677220284409,False,False,False,False,0.0648784584383574,0.0633089571946339,False,False,False,False,80705.0,82815.04156858216,False,False,False,False,5167.296830235052,False,False,False,False
2025-05-22 19:00:00+00:00,12.38,12.42,12.33,12.335,8459.0,,,,,,,,,,,,,,,,,,,,,,11.916130384740349,,,"rgba(239, 83, 80, 1.0)",0.0,0.0,0.4428159583539996,12.350096156813574,-0.0340912664251932,0.0,0.0,0.0,0.0,0.0,0.0,0.0,0.0,23.74507961313639,-32.056971334918984,False,True,False,True,True,0.0,0,1.056705186777748,0.85890889545821,False,False,False,False,0.06563943978805718,0.06447419849134554,False,False,False,False,72246.0,82651.18045899174,False,False,False,False,5218.330987905826,False,False,False,False
2025-05-23 14:00:00+00:00,12.295,12.335,12.225,12.285,1596.0,,,,,,,,,,,,,,,,,,,,,,11.916773247367942,,,"rgba(239, 83, 80, 1.0)",0.0,0.0,0.44094186661024587,12.343100191902296,-0.1317638362375143,0.0,0.0,0.0,0.0,0.0,0.0,0.0,0.0,23.221611266216613,-32.056971334918984,False,True,False,True,True,0.0,0,1.0513164965072543,0.8624395486297689,False,False,False,False,0.03676740318834575,0.050620800839845645,False,False,False,False,70650.0,82465.11564567404,False,False,False,False,5162.1708175506965,False,False,False,False
2025-05-23 15:00:00+00:00,12.305,12.375,12.29,12.32,1141.0,,,,,,,,,,,,,,,,,,,,,,11.917290053904855,,,"rgba(239, 83, 80, 1.0)",0.0,0.0,0.4405120893924468,12.344450358926782,-0.055504399346913195,0.0,0.0,0.0,0.0,0.0,0.0,0.0,0.0,25.345706233326037,-30.082810429453538,False,True,False,True,True,0.0,0,1.0556756756756758,0.8635135135135135,False,False,False,False,0.052712355326500954,0.0516665780831733,False,False,False,False,71791.0,82299.62548062483,False,False,False,False,5099.827083945259,False,False,False,False
2025-05-23 16:00:00+00:00,12.32,12.385,12.315,12.37,1761.0,,,,,,,,,,,,,,,,,,,,,,11.918139947429642,,,"rgba(239, 83, 80, 1.0)",0.0,0.0,0.4391586653287528,12.345912075000165,0.05485016442019322,0.0,0.0,0.0,0.0,0.0,0.0,0.0,0.0,29.87973934013484,-25.68752272186373,False,True,False,True,True,0.6465424722072726,0,1.0508705114254626,0.8680631120783461,False,False,False,False,0.058032895639175255,0.05484973686117428,False,False,False,False,73552.0,82164.00338015002,False,False,False,False,5048.062322953859,False,False,False,False
2025-05-23 17:00:00+00:00,12.365,12.4,12.34,12.365,1425.0,,,,,,,,,,,,,,,,,,,,,,11.918843510370422,,,"rgba(239, 83, 80, 1.0)",0.0,0.0,0.4017599233821542,12.34653900374744,0.045950318033589635,0.0,0.0,0.0,0.0,0.0,0.0,0.0,0.0,32.71124298871883,-23.005276011158358,False,True,False,True,True,0.529153000686069,0,1.04746317512275,0.8674304418985269,False,False,False,False,0.06411755211729583,0.05948364448923506,False,False,False,False,72127.0,82008.39092464381,False,False,False,False,4991.890814070853,False,False,False,False
2025-05-23 18:00:00+00:00,12.365,12.4,12.35,12.365,1505.0,,,,,,,,,,,,,,,,,,,,,,11.91958968053498,,,"rgba(239, 83, 80, 1.0)",0.0,0.0,0.3745649488418523,12.346869555506911,0.048404007233318946,0.0,0.0,0.0,0.0,0.0,0.0,0.0,0.0,34.59891208777483,-21.173237502255184,False,True,False,True,True,0.529153000686069,0,1.043883708173341,0.8735600658255624,False,False,False,False,0.06563943978805718,0.06256154213864612,False,False,False,False,72127.0,81855.191065347,False,False,False,False,4937.830491372079,False,False,False,False
2025-05-23 19:00:00+00:00,12.365,12.41,12.33,12.38,6344.0,,,,,,,,,,,,,,,,,,,,,,11.922719651441325,,,"rgba(239, 83, 80, 1.0)",0.0,0.0,0.36268447309889856,12.346782281106687,0.09158847802192902,0.0,0.0,0.0,0.0,0.0,0.0,0.0,0.0,36.94511317664883,-18.866374116365186,False,False,False,True,True,0.8884018177235831,0,1.0365585486531066,0.8776800439802092,False,False,False,False,0.06411755211729583,0.06333954712797098,False,False,False,False,78471.0,81802.7229868145,False,False,False,False,4959.631569025226,False,False,False,False
2025-05-26 14:00:00+00:00,12.38,12.38,12.38,12.38,0.0,,,,,,,,,,,,,,,,,,,,,,11.922719651441325,,,"rgba(239, 83, 80, 1.0)",0.0,0.0,0.35642968046602935,12.346782281106687,0.09319571493002894,0.0,0.0,0.0,0.0,0.0,0.0,0.0,0.0,38.50924723589817,-17.251370101229988,False,False,False,True,True,0.8884018177235831,0,1.0339497653878007,0.8818658570245654,False,False,False,False,0.06716163114424413,0.06525058913610755,False,False,False,False,78471.0,81751.06836686388,False,False,False,False,4882.73805632716,False,False,False,False
2025-05-26 15:00:00+00:00,12.38,12.38,12.38,12.38,0.0,,,,,,,,,,,,,,,,,,,,,,11.922719651441325,,,"rgba(239, 83, 80, 1.0)",0.0,0.0,0.34871460232383816,12.346782281106687,0.09525760800365143,0.0,0.0,0.0,0.0,0.0,0.0,0.0,0.0,39.55200327539774,-16.0499082004283,False,False,False,True,True,0.8884018177235831,0,1.0348480624477283,0.8859771396710344,False,False,False,False,0.06716163114424413,0.06620611014017584,False,False,False,False,78471.0,81700.21459373421,False,False,False,False,4807.036691112785,False,False,False,False
2025-05-26 16:00:00+00:00,12.38,12.38,12.38,12.38,0.0,,,,,,,,,,,,,,,,,,,,,,11.922719651441325,,,"rgba(239, 83, 80, 1.0)",0.0,0.0,0.32249170671646693,12.346782281106687,0.10300332753213473,0.0,0.0,0.0,0.0,0.0,0.0,0.0,0.0,40.24717396839745,-15.098606366462164,False,False,False,True,True,0.8884018177235831,0,1.0374120956399444,0.8815752461322083,False,False,False,False,0.06716163114424413,0.06668387064220999,False,False,False,False,78471.0,81650.1492511957,False,False,False,False,4732.508990475377,False,False,False,False
2025-05-26 17:00:00+00:00,12.38,12.38,12.38,12.38,0.0,,,,,,,,,,,,,,,,,,,,,,11.922719651441325,,,"rgba(239, 83, 80, 1.0)",0.0,0.0,0.3115436718334339,12.346782281106687,0.1066229934886084,0.0,0.0,0.0,0.0,0.0,0.0,0.0,0.0,40.71062109706392,-14.303748807049438,False,False,False,True,True,0.8884018177235831,0,1.0324950551003114,0.881604973156259,False,False,False,False,0.06716163114424413,0.06692275089322705,False,False,False,False,78471.0,81600.86011551826,False,False,False,False,4659.136758064906,False,False,False,False
2025-05-26 18:00:00+00:00,12.38,12.38,12.38,12.38,0.0,,,,,,,,,,,,,,,,,,,,,,11.922719651441325,,,"rgba(239, 83, 80, 1.0)",0.0,0.0,0.30616822497114377,12.346782281106687,0.10849499126319896,0.0,0.0,0.0,0.0,0.0,0.0,0.0,0.0,41.01958584950823,-13.613003058007422,True,False,False,True,True,0.8884018177235831,0,1.0300709219858162,0.8831205673758867,False,False,False,False,0.06716163114424413,0.0670421910187356,False,False,False,False,78471.0,81552.33515248696,False,False,False,False,4586.902079645295,False,False,False,False
2025-05-26 19:00:00+00:00,12.38,12.38,12.38,12.38,0.0,,,,,,,,,,,,,,,,,,,,,,11.922719651441325,,,"rgba(239, 83, 80, 1.0)",0.0,0.0,0.3025419783247402,12.346782281106687,0.10979540451625655,0.0,0.0,0.0,0.0,0.0,0.0,0.0,0.0,41.225562351137775,-12.99798081241768,True,False,False,True,True,0.8884018177235831,0,1.0303116957392056,0.8861881612810982,False,False,False,False,0.06716163114424413,0.06710191108148986,False,False,False,False,78471.0,81504.5625144639,False,False,False,False,4515.787318720561,False,False,False,False
2025-05-27 14:00:00+00:00,12.425,12.545,12.405,12.49,6642.0,,,,,,,,,,,,,,,,,,,,,,11.926715544928019,,,"rgba(239, 83, 80, 1.0)",0.0,0.0,0.29991139832764907,12.350652156546397,0.46463003483904686,0.0,0.0,0.0,0.0,0.0,0.0,0.0,0.0,50.500056592461284,-4.220204992549775,True,False,True,False,True,3.79020328272151,0,1.0293196697978937,0.8764588670651865,False,False,False,False,0.09615052895640959,0.08162622001894973,False,False,False,False,85113.0,81560.50728168152,False,False,False,False,4548.751856414817,False,False,False,False
2025-05-27 15:00:00+00:00,12.505,12.58,12.495,12.52,10057.0,,,,,,,,,,,,,,,,,,,,,,11.93321295560596,,,"rgba(38, 166, 154, 1.0)",0.0,0.0,0.29805755535853345,12.3562169838319,0.5495013067898433,0.0,0.0,0.0,0.0,0.0,0.0,0.0,0.0,57.98252590784692,2.3849280649661537,True,False,True,False,True,4.557771699251941,0,1.034807417974323,0.8758915834522112,False,False,False,False,0.11530739226479297,0.09846680614187135,False,False,False,False,95170.0,81771.50716878724,False,False,False,False,4634.1510524393925,False,False,False,False
2025-05-27 16:00:00+00:00,12.52,12.58,12.51,12.55,7757.0,,,,,,,,,,,,,,,,,,,,,,11.938253114775627,,,"rgba(38, 166, 154, 1.0)",0.0,0.0,0.2960718503008003,12.359584299289178,0.6431401719459845,0.0,0.0,0.0,0.0,0.0,0.0,0.0,0.0,64.09002436191008,7.544085382301617,True,False,True,False,True,5.324133157527793,0,1.029948659440959,0.8779235596120938,False,False,False,False,0.11761161357602816,0.10803920985894976,False,False,False,False,102927.0,82099.49930570526,False,False,False,False,4682.56731519227,False,False,False,False
2025-05-27 17:00:00+00:00,12.555,12.63,12.535,12.62,1924.0,,,,,,,,,,,,,,,,,,,,,,11.939588749256117,,,"rgba(38, 166, 154, 1.0)",0.0,0.0,0.29012462373486375,12.360701029197935,0.8937503044864936,0.0,0.0,0.0,0.0,0.0,0.0,0.0,0.0,70.10259069384918,12.610294312725422,True,False,True,False,True,7.083382224035731,0,1.037153472420692,0.8728208059445557,False,False,False,False,0.12915188982106754,0.11859554984000864,False,False,False,False,104851.0,82452.23575057805,False,False,False,False,4639.798829685413,False,False,False,False
2025-05-27 18:00:00+00:00,12.625,12.66,12.62,12.645,1673.0,,,,,,,,,,,,,,,,,,,,,,11.940828112063329,,,"rgba(38, 166, 154, 1.0)",0.0,0.0,0.2839889288541205,12.361952924363504,0.996683486143545,0.0,0.0,0.0,0.0,0.0,0.0,0.0,0.0,74.64630758567189,16.393662633641014,True,False,True,False,True,7.702622198789719,0,1.0435904789217096,0.8675078864353314,False,False,False,False,0.1469147511626843,0.13275515050134645,False,False,False,False,106524.0,82825.44139785592,False,False,False,False,4593.801948605019,False,False,False,False
2025-05-27 19:00:00+00:00,12.645,12.665,12.59,12.625,6174.0,,,,,,,,,,,,,,,,,,,,,,11.945267117447667,,,"rgba(38, 166, 154, 1.0)",0.0,0.0,0.2768259934157732,12.365804652933264,0.9363114491833254,0.0,0.0,0.0,0.0,0.0,0.0,0.0,0.0,75.58703668709205,17.08380153761985,True,False,True,False,True,7.09161595223566,0,1.0404011461318055,0.8664756446991405,False,False,False,False,0.14304580194502817,0.1379004762231873,False,False,False,False,100350.0,83097.1399808349,False,False,False,False,4618.3011432002895,False,False,False,False
2025-05-28 14:00:00+00:00,12.595,12.635,12.57,12.63,1581.0,,,,,,,,,,,,,,,,,,,,,,11.946369784782041,,,"rgba(38, 166, 154, 1.0)",0.0,0.0,0.27159684616513124,12.366623871970738,0.9697319087023926,0.0,0.0,0.0,0.0,0.0,0.0,0.0,0.0,76.36898360842726,17.967305446437962,True,False,True,False,True,7.2193615546898435,0,1.0381198051017486,0.8698767555173403,False,False,False,False,0.13532052770591904,0.13661050196455315,False,False,False,False,101931.0,83389.13781058938,False,False,False,False,4571.211202995634,False,False,False,False
2025-05-28 15:00:00+00:00,12.63,12.67,12.585,12.61,1745.0,,,,,,,,,,,,,,,,,,,,,,11.947600834773255,,,"rgba(38, 166, 154, 1.0)",0.0,0.0,0.2665773724371494,12.388741210339797,0.8299983889756758,0.0,0.0,0.0,0.0,0.0,0.0,0.0,0.0,74.68543593035122,17.967305446437962,True,False,True,False,True,6.592879352354856,0,1.0373241458512783,0.8719494688486938,False,False,False,False,0.14304580194502883,0.13982815195479098,False,False,False,False,100186.0,83649.55427864224,False,False,False,False,4527.393975042213,False,False,False,False
2025-05-28 16:00:00+00:00,12.61,12.65,12.6,12.64,1548.0,,,,,,,,,,,,,,,,,,,,,,11.948702610486583,,,"rgba(38, 166, 154, 1.0)",0.0,0.0,0.2618336587699604,12.389855561580342,0.9553563113114815,0.0,0.0,0.0,0.0,0.0,0.0,0.0,0.0,74.76084060828583,17.967305446437962,True,False,True,False,True,7.381494991857959,0,1.0450606585788564,0.868573079145003,False,False,False,False,0.14227252588269476,0.14105033891874286,False,False,False,False,101734.0,83929.93328207414,False,False,False,False,4481.201820390396,False,False,False,False
2025-05-28 17:00:00+00:00,12.645,12.665,12.62,12.64,1162.0,,,,,,,,,,,,,,,,,,,,,,11.949541441651663,,,"rgba(38, 166, 154, 1.0)",0.0,0.0,0.261707404873773,12.39082816153424,0.9521008340820244,0.0,0.0,0.0,0.0,0.0,0.0,0.0,0.0,74.81111039357558,17.967305446437962,True,False,True,False,True,7.381494991857959,0,1.042584009269989,0.8681923522595599,False,False,False,False,0.14768906167708334,0.1443697002979131,False,False,False,False,101734.0,84205.96532421252,False,False,False,False,4429.741327051011,False,False,False,False
2025-05-28 18:00:00+00:00,12.64,12.655,12.545,12.565,2056.0,,,,,,,,,,,,,,,,,,,,,,11.950906688066702,,,"rgba(38, 166, 154, 1.0)",0.0,0.0,0.26183599846103905,12.390456745450122,0.6666129011127927,0.0,0.0,0.0,0.0,0.0,0.0,0.0,0.0,67.75614284418259,24.89022752803953,True,False,True,False,False,4.981332914304424,0,1.0379380249058792,0.8696785403996525,False,False,False,False,0.13454889742068074,0.13945929885929692,False,False,False,False,99678.0,84445.84183081386,False,False,False,False,4392.939135933941,False,False,False,False
2025-05-28 19:00:00+00:00,12.565,12.58,12.49,12.53,10727.0,,,,,,,,,,,,,,,,,,,,,,11.957329602211255,,,"rgba(38, 166, 154, 1.0)",0.0,0.0,0.2612273180808448,12.387877038393372,0.5440585718628532,0.0,0.0,0.0,0.0,0.0,0.0,0.0,0.0,60.73346463822492,18.30742353361788,True,False,True,False,False,3.886881730275274,0,1.031874818893075,0.8765575195595482,False,False,False,False,0.11453959050337775,0.12699944468133734,False,False,False,False,88951.0,84515.68924428962,False,False,False,False,4491.141629950468,False,False,False,False
2025-05-29 14:00:00+00:00,12.4,12.435,12.295,12.39,4093.0,,,,,,,,,,,,,,,,,,,,,,11.959072725014293,,,"rgba(239, 83, 80, 1.0)",0.0,0.0,0.26091206968652725,12.382804766940808,0.027577233463508932,0.0,0.0,0.0,0.0,0.0,0.0,0.0,0.0,50.315989408249806,8.910256966207612,True,False,False,True,False,0.0,0,1.0186620729256395,0.8817111685328741,False,False,False,False,0.06259596099334802,0.09479770283734268,False,False,False,False,84858.0,84520.99638778901,False,False,False,False,4484.968891501623,False,False,False,False
2025-05-29 15:00:00+00:00,12.395,12.395,12.32,12.32,10846.0,,,,,,,,,,,,,,,,,,,,,,11.96331079854227,,,"rgba(239, 83, 80, 1.0)",0.0,0.0,0.26057640542278987,12.373159280654923,-0.20400650077535026,0.0,0.0,0.0,0.0,0.0,0.0,0.0,0.0,41.68357738180691,1.4503129841321964,False,False,False,True,False,0.0,0,1.0224395857307254,0.8834867663981588,False,False,False,False,0.06031411473730416,0.07755590878732342,False,False,False,False,74012.0,84358.06621123414,False,False,False,False,4583.589528842683,False,False,False,False
2025-05-29 16:00:00+00:00,12.33,12.43,12.33,12.4,1693.0,,,,,,,,,,,,,,,,,,,,,,11.964035254761281,,,"rgba(239, 83, 80, 1.0)",0.0,0.0,0.258825169696588,12.372826019427551,0.10498971411592038,0.0,0.0,0.0,0.0,0.0,0.0,0.0,0.0,40.48486752838881,0.7311842403580755,False,False,False,True,False,0.04752790284880959,0,1.032753623188406,0.8747826086956523,False,False,False,False,0.06716163114424355,0.07235876996578348,False,False,False,False,75705.0,84223.9101459437,False,False,False,False,4538.774187310238,False,False,False,False
2025-05-29 17:00:00+00:00,12.4,12.46,12.36,12.44,3786.0,,,,,,,,,,,,,,,,,,,,,,11.965773466634843,,,"rgba(239, 83, 80, 1.0)",0.0,0.0,0.25305908579005815,12.373084891767132,0.2644248398509654,0.0,0.0,0.0,0.0,0.0,0.0,0.0,0.0,41.59127187848894,0.7311842403580755,False,False,False,True,False,1.16764508710855,0,1.028091514624964,0.8754706052707791,False,False,False,False,0.07630155753164615,0.07433016374871482,False,False,False,False,79491.0,84150.53169406859,False,False,False,False,4527.103269677521,False,False,False,False
2025-05-29 18:00:00+00:00,12.44,12.5,12.44,12.475,2507.0,,,,,,,,,,,,,,,,,,,,,,11.967047289660423,,,"rgba(239, 83, 80, 1.0)",0.0,0.0,0.24597612130499855,12.374124561942294,0.4101025641128199,0.0,0.0,0.0,0.0,0.0,0.0,0.0,0.0,43.88959200141636,0.7311842403580755,False,False,False,True,True,2.1398317210164457,0,1.0375218150087264,0.8708551483420595,False,False,False,False,0.09462119872575411,0.08447568123723447,False,False,False,False,81998.0,84117.15910966441,False,False,False,False,4495.783839139885,False,False,False,False
2025-05-29 19:00:00+00:00,12.475,12.55,12.47,12.54,11498.0,,,,,,,,,,,,,,,,,,,,,,11.973360054159853,,,"rgba(239, 83, 80, 1.0)",0.0,0.0,0.23736488807338207,12.38050620224512,0.6719350913668853,0.0,0.0,0.0,0.0,0.0,0.0,0.0,0.0,47.96772356105855,0.7311842403580755,False,False,False,False,True,3.9136470169809066,0,1.0384055862670936,0.8658713994762876,False,False,False,False,0.10686881208492793,0.0956722466610812,False,False,False,False,93496.0,84262.56749556109,False,False,False,False,4604.345330005933,False,False,False,False
2025-05-30 14:00:00+00:00,12.34,12.495,12.34,12.45,6565.0,,,,,,,,,,,,,,,,,,,,,,11.976306565901188,,,"rgba(239, 83, 80, 1.0)",0.0,0.0,0.22876621687211837,12.379823207911015,0.30676204313949845,0.0,0.0,0.0,0.0,0.0,0.0,0.0,0.0,47.17645661270792,0.7311842403580755,False,False,False,True,True,1.2895122161717367,0,1.0257448654903099,0.8704078680937233,False,False,False,False,0.07858846915931336,0.08713035791019728,False,False,False,False,86931.0,84303.93854214152,False,False,False,False,4634.743076827546,False,False,False,False
2025-05-30 15:00:00+00:00,12.465,12.49,12.38,12.42,5481.0,,,,,,,,,,,,,,,,,,,,,,11.978746443246973,,,"rgba(239, 83, 80, 1.0)",0.0,0.0,0.21616018418113997,12.37939476221849,0.18784790517888628,0.0,0.0,0.0,0.0,0.0,0.0,0.0,0.0,45.64993403720296,0.7311842403580755,False,False,False,True,True,0.4362805551034583,0,1.0324637681159423,0.8686956521739132,False,False,False,False,0.08392782984193477,0.08552909387606603,False,False,False,False,81450.0,84259.69143296103,False,False,False,False,4647.863339202313,False,False,False,False
2025-05-30 16:00:00+00:00,12.42,12.465,12.375,12.42,3679.0,,,,,,,,,,,,,,,,,,,,,,11.980333523322187,,,"rgba(239, 83, 80, 1.0)",0.0,0.0,0.2083486769124544,12.378971571533594,0.1969219534983937,0.0,0.0,0.0,0.0,0.0,0.0,0.0,0.0,44.632252320199655,0.7311842403580755,False,False,False,True,True,0.4362805551034583,0,1.0259324009324013,0.8764568764568768,False,False,False,False,0.07935095419515435,0.08244002403561018,False,False,False,False,81450.0,84216.13032547325,False,False,False,False,4632.8422021604165,False,False,False,False
2025-05-30 17:00:00+00:00,12.42,12.485,12.42,12.455,1577.0,,,,,,,,,,,,,,,,,,,,,,11.981061645796805,,,"rgba(239, 83, 80, 1.0)",0.0,0.0,0.20081819127246683,12.379045496197655,0.37822521615729127,0.0,0.0,0.0,0.0,0.0,0.0,0.0,0.0,45.64665630796104,0.7311842403580755,False,False,False,True,True,1.4357364964808959,0,1.0318993268949375,0.8747439274217153,False,False,False,False,0.08927196899719644,0.08585599651640331,False,False,False,False,83027.0,84197.69419639614,False,False,False,False,4585.46480367731,False,False,False,False
2025-05-30 18:00:00+00:00,12.455,12.51,12.455,12.475,1562.0,,,,,,,,,,,,,,,,,,,,,,11.981821233663995,,,"rgba(239, 83, 80, 1.0)",0.0,0.0,0.1927986860259489,12.37930590402935,0.49634205472629883,0.0,0.0,0.0,0.0,0.0,0.0,0.0,0.0,47.26152763490282,0.7311842403580755,False,False,False,True,True,2.006239198952038,0,1.0423654015887034,0.8646660782583115,False,False,False,False,0.09844536756667698,0.09215068204154014,False,False,False,False,84589.0,84203.76095304116,False,False,False,False,4538.589380364483,False,False,False,False
2025-05-30 19:00:00+00:00,12.475,12.51,12.4,12.405,15537.0,,,,,,,,,,,,,,,,,,,,,,11.988631157491012,,,"rgba(239, 83, 80, 1.0)",0.0,0.0,0.18764179023192173,12.379033674144896,0.13838242442160345,0.0,0.0,0.0,0.0,0.0,0.0,0.0,0.0,45.39539183588407,0.7311842403580755,False,False,False,True,True,0.0,1,1.0343209152244066,0.8647697271927254,False,False,False,False,0.09003582570416697,0.09109325387285355,False,False,False,False,69052.0,83968.84993051339,False,False,False,False,4709.1073744673595,False,False,False,False
2025-06-02 14:00:00+00:00,12.285,12.415,12.27,12.37,4435.0,,,,,,,,,,,,,,,,,,,,,,11.99017044654221,,,"rgba(239, 83, 80, 1.0)",0.0,0.0,0.1826173077259659,12.377551968734776,-0.04135406894788731,0.0,0.0,0.0,0.0,0.0,0.0,0.0,0.0,42.907744642081795,-0.48110038310744585,False,False,False,True,False,0.0,1,1.0245685873062305,0.8748171980111148,False,False,False,False,0.05575227970722842,0.07342276679004099,False,False,False,False,64617.0,83668.82124942014,False,False,False,False,4704.857647731432,False,False,False,False
2025-06-02 15:00:00+00:00,12.37,12.4,12.33,12.355,5857.0,,,,,,,,,,,,,,,,,,,,,,11.992239072668237,,,"rgba(239, 83, 80, 1.0)",0.0,0.0,0.17823741632041118,12.375975396733368,-0.11768234283457724,0.0,0.0,0.0,0.0,0.0,0.0,0.0,0.0,40.72602112295597,-2.91411424637419,False,True,False,True,False,0.0,1,1.0255057167985933,0.8789211374963355,False,False,False,False,0.06259596099334802,0.06800936389169451,False,False,False,False,58760.0,83282.63797423533,False,False,False,False,4722.720319859626,False,False,False,False
2025-06-02 16:00:00+00:00,12.355,12.36,12.31,12.34,4142.0,,,,,,,,,,,,,,,,,,,,,,11.993590067144765,,,"rgba(239, 83, 80, 1.0)",0.0,0.0,0.17524186632112393,12.374591630190121,-0.19739364180665261,0.0,0.0,0.0,0.0,0.0,0.0,0.0,0.0,38.7323057054996,-5.123678527561907,False,True,False,True,False,0.0,1,1.021668150786584,0.8910655981003266,False,False,False,False,0.05347224298751438,0.060740803439604446,False,False,False,False,54618.0,82838.22498238672,False,False,False,False,4713.716904047849,False,False,False,False
2025-06-02 17:00:00+00:00,12.34,12.355,12.25,12.255,2551.0,,,,,,,,,,,,,,,,,,,,,,11.994296367219379,,,"rgba(239, 83, 80, 1.0)",0.0,0.0,0.17716613061710398,12.37334794727789,-0.6680054865208211,0.0,0.0,0.0,0.0,0.0,0.0,0.0,0.0,34.84422652356449,-9.006853694769106,False,True,False,True,False,0.0,0,1.0130447672694938,0.8938630299436706,False,False,False,False,0.04359819420592603,0.05216949882276524,False,False,False,False,52067.0,82361.15172684584,False,False,False,False,4680.186409411448,False,False,False,False
2025-06-02 18:00:00+00:00,12.255,12.27,12.135,12.205,2864.0,,,,,,,,,,,,,,,,,,,,,12.203333333333333,11.994860420717943,,,"rgba(239, 83, 80, 1.0)",-1.0,12.65375,0.1799208534703868,12.359216575514237,-0.8571356379188119,1.0,12.27,12.135,0.0,0.0,0.0,0.0,0.0,31.10120592061654,-12.618390459263054,False,True,False,True,False,0.0,0,1.002963841138115,0.9048606994665086,True,False,False,False,0.013261381559311669,0.032715440191038454,False,False,False,False,49203.0,81847.07185511179,False,False,False,False,4652.0284805833635,False,False,False,False
2025-06-02 19:00:00+00:00,12.205,12.245,12.18,12.2,11932.0,,,,,,,,,,,,,,,,,,,,,12.20736550419032,11.997233570664584,,,"rgba(239, 83, 80, 1.0)",0.0,0.0,0.18127799566331976,12.352167923676065,-0.8394175096611344,0.0,0.0,0.0,0.0,0.0,0.0,0.0,0.0,28.49449065392195,-15.131500687482443,False,True,False,True,False,0.0,0,1.0005924170616116,0.9069905213270145,False,False,False,False,0.016293044507800974,0.024504242349419714,False,False,False,False,37271.0,81155.96996588525,True,False,False,False,4764.896256078195,False,False,False,False
2025-06-03 14:00:00+00:00,12.35,12.51,12.33,12.51,2009.0,,,,,,,,,,,,,,,,,,,,,12.236371913121094,11.998079455387304,,,"rgba(38, 166, 154, 1.0)",0.0,0.0,0.1782083505793572,12.354491188089279,0.8726235970714072,0.0,0.0,0.0,0.0,0.0,0.0,0.0,0.0,39.45831520692364,-17.81702278525244,False,True,False,True,True,3.172957718766934,0,1.0029239766081874,0.8959064327485382,False,False,False,False,0.07935095419515435,0.05192759827228703,False,False,False,False,39280.0,80506.73012145291,False,False,False,False,4722.169182340548,False,False,False,False
2025-06-03 15:00:00+00:00,12.51,12.585,12.51,12.58,4503.0,,,,,,,,,,,,,,,,,,,,,12.304411723296413,12.000415757577999,,,"rgba(38, 166, 154, 1.0)",0.0,0.0,0.17543639282636533,12.361250020818455,1.2468905433894146,0.0,0.0,0.0,0.0,0.0,0.0,0.0,0.0,48.20960009723839,-10.226703637773625,False,False,False,False,True,4.987411810779278,0,1.0119918104708983,0.8923661889441359,False,False,False,False,0.11837996249801841,0.08515378038515273,False,False,False,False,43783.0,79937.36996453116,False,False,False,False,4718.771210521315,False,False,False,False
2025-06-03 16:00:00+00:00,12.58,12.61,12.545,12.61,5558.0,,,,,,,,,,,,,,,,,,,,,12.36314902354897,12.003426319536189,,,"rgba(38, 166, 154, 1.0)",0.0,0.0,0.17128554737261859,12.368116793484566,1.4121635492645233,0.0,0.0,0.0,0.0,0.0,0.0,0.0,0.0,54.62953484341785,-4.854328292226633,True,False,True,False,True,5.752408948478703,0,1.024440518256773,0.886631330977621,False,False,False,False,0.12761127444042233,0.10638252741278753,False,False,False,False,49341.0,79463.00763949966,False,False,False,False,4731.782509583,False,False,False,False
2025-06-03 17:00:00+00:00,12.61,12.69,12.565,12.65,6421.0,,,,,,,,,,,,,,,,,,,,,12.415588568109673,12.00714062516696,,,"rgba(38, 166, 154, 1.0)",0.0,0.0,0.17112302618317887,12.375550067887868,1.60381649526433,0.0,0.0,0.0,0.0,0.0,0.0,0.0,0.0,59.68357291720416,-0.5967775167979568,True,False,True,False,True,6.766769317426487,0,1.0190727699530517,0.8829225352112677,False,False,False,False,0.14304580194502817,0.12471416467890785,False,False,False,False,55762.0,79095.55015671672,False,False,False,False,4757.971928039077,False,False,False,False
2025-06-03 18:00:00+00:00,12.65,12.705,12.63,12.685,5995.0,,,,,,,,,,,,,,,,,,,,,12.454924138282164,12.010778618340147,,,"rgba(38, 166, 154, 1.0)",0.0,0.0,0.1697215525659727,12.382187816749026,1.7841704761289414,0.0,0.0,0.0,0.0,0.0,0.0,0.0,0.0,63.71406415897208,2.9321267472043786,True,False,True,False,True,7.647660506215523,0,1.022267799589804,0.8819220627014359,False,False,False,False,0.15544200276732129,0.14007808372311456,False,False,False,False,61757.0,78826.73542560483,False,False,False,False,4777.150657836921,False,False,False,False
2025-06-03 19:00:00+00:00,12.685,12.72,12.615,12.695,10725.0,,,,,,,,,,,,,,,,,,,,,12.502481252624634,12.017221039480031,,,"rgba(38, 166, 154, 1.0)",0.0,0.0,0.16694628795831873,12.392034171493625,1.8147503140771606,0.0,0.0,0.0,0.0,0.0,0.0,0.0,0.0,66.59550887582778,5.635688823075235,True,False,True,False,True,7.90021398003287,0,1.023698069046226,0.8806319485078994,False,False,False,False,0.15544200276732129,0.1477600432452179,False,False,False,False,72482.0,78728.36743451018,False,False,False,False,4869.365376320069,False,False,False,False
2025-06-04 14:00:00+00:00,12.75,12.82,12.725,12.77,4098.0,,,,,,,,,,,,,,,,,,,,,12.522869790222718,12.019999779801601,,,"rgba(38, 166, 154, 1.0)",0.0,0.0,0.1660595790184432,12.421725376411338,2.0972871643254067,0.0,0.0,0.0,0.0,0.0,0.0,0.0,0.0,69.88464866579851,8.9204625459287,True,False,True,False,True,9.772057449648383,0,1.02496328928047,0.8831130690161526,False,False,False,False,0.18821912435455035,0.16798958379988413,False,False,False,False,76580.0,78695.0594122697,False,False,False,False,4857.406223198827,False,False,False,False
2025-06-04 15:00:00+00:00,12.765,12.77,12.6,12.6,5966.0,,,,,,,,,,,,,,,,,,,,,12.536157935332081,12.023395415455699,,,"rgba(38, 166, 154, 1.0)",0.0,0.0,0.1629055714984113,12.42081709558565,1.0999188227033592,0.0,0.0,0.0,0.0,0.0,0.0,0.0,0.0,65.07712905538153,8.9204625459287,True,False,True,False,False,4.633893855819167,0,1.0140433001755416,0.885020479812756,False,False,False,False,0.16088005828205873,0.16443482104097143,False,False,False,False,70614.0,78569.7716694438,False,False,False,False,4874.593723614349,False,False,False,False
2025-06-04 16:00:00+00:00,12.6,12.7,12.6,12.65,5594.0,,,,,,,,,,,,,,,,,,,,,12.545856138480673,12.026513408581382,,,"rgba(38, 166, 154, 1.0)",0.0,0.0,0.15986973864159562,12.422583711531596,1.4225099158899506,0.0,0.0,0.0,0.0,0.0,0.0,0.0,0.0,63.108893732357416,8.9204625459287,True,False,True,False,False,5.891036590999207,0,1.019044828596543,0.8851450336946969,False,False,False,False,0.15001305233569026,0.15722393668833085,False,False,False,False,76208.0,78533.15505441366,False,False,False,False,4885.747309294747,False,False,False,False
2025-06-04 17:00:00+00:00,12.65,12.68,12.62,12.65,3399.0,,,,,,,,,,,,,,,,,,,,,12.55098160160624,12.028392839194787,,,"rgba(38, 166, 154, 1.0)",0.0,0.0,0.159095189365606,12.423926447058616,1.4209955300525157,0.0,0.0,0.0,0.0,0.0,0.0,0.0,0.0,61.79673685034134,8.9204625459287,True,False,True,False,False,5.891036590999207,0,1.017028772753964,0.8875513799177923,False,False,False,False,0.15001305233569026,0.15361849451201054,False,False,False,False,76208.0,78497.10613884135,False,False,False,False,4862.696963414208,False,False,False,False
2025-06-04 18:00:00+00:00,12.65,12.68,12.64,12.665,7313.0,,,,,,,,,,,,,,,,,,,,,12.561579554927095,12.032473472816369,,,"rgba(38, 166, 154, 1.0)",0.0,0.0,0.15776730498592306,12.427426269191011,1.5058489515947904,0.0,0.0,0.0,0.0,0.0,0.0,0.0,0.0,61.339235880764036,8.9204625459287,True,False,True,False,False,6.274573898774843,0,1.017419545320343,0.8901682905225864,False,False,False,False,0.1531142148378072,0.1533663546749089,False,False,False,False,83521.0,78574.99596614613,False,False,False,False,4900.686157779879,False,False,False,False
2025-06-04 19:00:00+00:00,12.665,12.67,12.53,12.57,12102.0,,,,,,,,,,,,,,,,,,,,,12.565466852774858,12.03835590076317,,,"rgba(38, 166, 154, 1.0)",0.0,0.0,0.15486082097765266,12.42907634701965,0.9100019752619407,0.0,0.0,0.0,0.0,0.0,0.0,0.0,0.0,57.42305679888349,16.718695300929568,False,False,True,False,False,3.460530772903759,0,1.0111666176902738,0.8865706729356452,False,False,False,False,0.13454889742068074,0.14395762604779483,False,False,False,False,71419.0,78464.05029225239,False,False,False,False,5012.334434403447,False,False,False,False
2025-06-05 14:00:00+00:00,12.475,12.59,12.475,12.525,1371.0,,,,,,,,,,,,,,,,,,,,,12.56492567241699,12.038942853891891,,,"rgba(38, 166, 154, 1.0)",0.0,0.0,0.1521394571254055,12.435271102345535,0.5897805825644805,0.0,0.0,0.0,0.0,0.0,0.0,0.0,0.0,53.37065377954384,12.43606817738263,False,False,False,False,False,2.169067287683731,0,1.0070733863837316,0.8980253463012083,False,False,False,False,0.11377192317760995,0.1288647746127024,False,False,False,False,70048.0,78333.56889237251,False,False,False,False,4955.879636970835,False,False,False,False
2025-06-05 15:00:00+00:00,12.525,12.65,12.5,12.64,4651.0,,,,,,,,,,,,,,,,,,,,,12.56648785021675,12.041192557458075,,,"rgba(38, 166, 154, 1.0)",0.0,0.0,0.15002786527961742,12.439414299095448,1.3369896354301036,0.0,0.0,0.0,0.0,0.0,0.0,0.0,0.0,54.326530776790435,12.43606817738263,False,False,True,False,False,5.166529826836339,0,1.0035325287017962,0.8975566676479249,False,False,False,False,0.1268411930792062,0.12785298384595428,False,False,False,False,74699.0,78277.2189870644,False,False,False,False,4951.152820893768,False,False,False,False
2025-06-05 16:00:00+00:00,12.64,12.665,12.58,12.6,6346.0,,,,,,,,,,,,,,,,,,,,,12.569540574665913,12.044333372147344,,,"rgba(38, 166, 154, 1.0)",0.0,0.0,0.14611947474891754,12.442200974121183,1.0799315159732683,0.0,0.0,0.0,0.0,0.0,0.0,0.0,0.0,53.600227254089425,11.712659743674287,False,False,True,False,False,4.012361872724885,0,1.0327087964433155,0.8812321371864085,False,False,False,False,0.13696043446000994,0.1324067091529821,False,False,False,False,68353.0,78123.35512679984,False,False,False,False,4972.77835855433,False,False,False,False
2025-06-05 17:00:00+00:00,12.595,12.715,12.595,12.7,4169.0,,,,,,,,,,,,,,,,,,,,,12.573528684517914,12.046575147423155,,,"rgba(38, 166, 154, 1.0)",0.0,0.0,0.14562617203641873,12.445220702480098,1.7495433269796112,0.0,0.0,0.0,0.0,0.0,0.0,0.0,0.0,55.82498415904607,11.712659743674287,False,False,True,False,False,6.527188334923565,0,1.0337115072933554,0.8813614262560778,False,False,False,False,0.10662539567748373,0.11951605241523292,False,False,False,False,72522.0,78036.51241165565,False,False,False,False,4960.3166785767435,False,False,False,False
2025-06-05 18:00:00+00:00,12.705,12.705,12.61,12.66,5536.0,,,,,,,,,,,,,,,,,,,,,12.577775360614613,12.04947203499047,,,"rgba(38, 166, 154, 1.0)",0.0,0.0,0.14389319738003908,12.448065004987388,1.472863199035508,0.0,0.0,0.0,0.0,0.0,0.0,0.0,0.0,55.88168929114165,11.712659743674287,False,False,True,False,False,5.365132816997722,0,1.014371657754011,0.9077540106951871,False,False,False,False,0.07934480704503205,0.09943042973013248,False,False,False,False,66986.0,77865.18663783153,False,False,False,False,4969.242001389506,False,False,False,False
2025-06-05 19:00:00+00:00,12.66,12.685,12.57,12.6,11052.0,,,,,,,,,,,,,,,,,,,,,12.581461478789075,12.05479945181273,,,"rgba(38, 166, 154, 1.0)",0.0,0.0,0.1405916391860043,12.450646161284194,1.0623237596526558,0.0,0.0,0.0,0.0,0.0,0.0,0.0,0.0,53.92249602782574,10.538502713430631,False,False,True,False,False,3.649263316256313,0,0.9763912310286683,0.9227655986509274,False,False,False,False,0.0665230503604765,0.08297674004530449,False,False,False,False,55934.0,77525.16824034578,False,False,False,False,5063.548326949359,False,False,False,False
2025-06-06 14:00:00+00:00,12.88,12.94,12.825,12.91,2389.0,,,,,,,,,,,,,,,,,,,,,12.58743826936467,12.056490141260348,,,"rgba(38, 166, 154, 1.0)",0.0,0.0,0.14550759244609224,12.454293200869644,3.1318420672734755,0.0,0.0,0.0,0.0,0.0,0.0,0.0,0.0,59.0064131062336,10.538502713430631,True,False,True,False,True,10.86821722034162,0,0.9698694342149318,0.9173083361232005,False,False,False,False,0.17664556804525938,0.12981115404528193,False,False,False,False,58323.0,77227.46020561174,False,False,False,False,5022.082461415261,False,False,False,False
2025-06-06 15:00:00+00:00,12.905,12.93,12.82,12.89,3914.0,,,,,,,,,,,,,,,,,,,,,12.596390763080468,12.059206866228093,,,"rgba(38, 166, 154, 1.0)",0.0,0.0,0.14984776058169835,12.459626279420927,2.872073088769515,0.0,0.0,0.0,0.0,0.0,0.0,0.0,0.0,61.77136190163524,5.227434383384221,True,False,True,False,True,10.300061507813915,0,1.0027748872702051,0.9084287200832465,False,False,False,False,0.14724180765682096,0.13852648085105146,False,False,False,False,54409.0,76873.68562878056,False,False,False,False,5004.902888370063,False,False,False,False
2025-06-06 16:00:00+00:00,12.9,12.905,12.81,12.82,2820.0,,,,,,,,,,,,,,,,,,,,,12.601753680060993,12.06107016437461,,,"rgba(38, 166, 154, 1.0)",0.0,0.0,0.15296248730496367,12.462775224206027,2.3353750457899456,0.0,0.0,0.0,0.0,0.0,0.0,0.0,0.0,61.453350670447676,5.227434383384221,True,False,True,False,True,8.33089275947146,0,0.9960573476702514,0.931899641577061,False,False,False,False,0.12720337119781971,0.1328649260244356,False,False,False,False,51589.0,76481.67499887697,False,False,False,False,4971.028424984481,False,False,False,False
2025-06-06 17:00:00+00:00,12.82,12.845,12.79,12.79,2834.0,,,,,,,,,,,,,,,,,,,,,12.606137045993965,12.062846662455566,,,"rgba(38, 166, 154, 1.0)",0.0,0.0,0.15596970715349892,12.46534507502464,2.081525514796583,0.0,0.0,0.0,0.0,0.0,0.0,0.0,0.0,60.341476201258374,5.227434383384221,True,False,True,False,True,7.498028359912976,0,0.9887599709934739,0.9401740391588106,False,False,False,False,0.08123079074878714,0.10704785838661136,False,False,False,False,48755.0,76051.80406866182,False,False,False,False,4937.89620134131,False,False,False,False
2025-06-06 18:00:00+00:00,12.79,12.81,12.755,12.8,6147.0,,,,,,,,,,,,,,,,,,,,,12.614153484410341,12.066568438938567,,,"rgba(38, 166, 154, 1.0)",0.0,0.0,0.1592248396122547,12.470067566455857,2.0721166015779793,0.0,0.0,0.0,0.0,0.0,0.0,0.0,0.0,59.82880898046704,5.227434383384221,True,False,True,False,True,7.7267269523263025,0,0.9706422018348628,0.9581651376146787,False,False,False,False,0.06086448540658219,0.08395617189659678,False,False,False,False,54902.0,75723.9001296128,False,False,False,False,4956.641996669351,False,False,False,False
2025-06-06 19:00:00+00:00,12.795,12.81,12.725,12.745,19774.0,,,,,,,,,,,,,,,,,,,,,12.632236835504948,12.077826076961596,,,"rgba(38, 166, 154, 1.0)",0.0,0.0,0.16124339500404697,12.481292833183394,1.6354602730238126,0.0,0.0,0.0,0.0,0.0,0.0,0.0,0.0,57.68392377910536,5.227434383384221,True,False,True,False,False,6.18307584424522,0,0.9678135405105441,0.9567147613762484,False,False,False,False,0.052152461052972145,0.06805431647478447,False,False,False,False,35128.0,75094.50632915368,False,False,False,False,5186.368477341144,False,False,False,False
2025-06-09 14:00:00+00:00,12.77,12.865,12.75,12.835,6845.0,,,,,,,,,,,,,,,,,,,,,12.639826837093999,12.081955025969055,,,"rgba(38, 166, 154, 1.0)",0.0,0.0,0.1655368824747469,12.485983279641095,2.10839249320857,0.0,0.0,0.0,0.0,0.0,0.0,0.0,0.0,58.5038248152432,5.227434383384221,True,False,True,False,False,8.262425245157523,0,0.9575018477457505,0.95750184774575,False,False,False,False,0.07540571756334867,0.07173001701906656,False,False,False,False,41973.0,74580.9946031203,False,False,False,False,5212.083694746708,False,False,False,False
2025-06-09 15:00:00+00:00,12.84,12.885,12.82,12.855,2428.0,,,,,,,,,,,,,,,,,,,,,12.642898709174052,12.08348108518301,,,"rgba(38, 166, 154, 1.0)",0.0,0.0,0.1700860937269065,12.487857218775908,2.158570246275303,0.0,0.0,0.0,0.0,0.0,0.0,0.0,0.0,59.514620346078935,5.227434383384221,True,False,True,False,False,8.716574461780816,0,0.9604329973870852,0.9645390070921984,False,False,False,False,0.1016645672322306,0.08669729212564858,False,False,False,False,44401.0,74113.08771004867,False,False,False,False,5168.919606456061,False,False,False,False
2025-06-09 16:00:00+00:00,12.855,12.89,12.85,12.89,2362.0,,,,,,,,,,,,,,,,,,,,,12.646125506719576,12.085004699188243,,,"rgba(38, 166, 154, 1.0)",0.0,0.0,0.17504087038833271,12.489810516268127,2.2862631044055175,0.0,0.0,0.0,0.0,0.0,0.0,0.0,0.0,61.013673139518495,6.452770025880675,True,False,True,False,True,9.512366190544338,0,0.979103343465046,0.9532674772036472,False,False,False,False,0.11191220986586449,0.09930475099575653,False,False,False,False,46763.0,73689.05534245101,False,False,False,False,5125.401473022634,False,False,False,False
2025-06-09 17:00:00+00:00,12.88,13.03,12.88,13.0,5214.0,,,,,,,,,,,,,,,,,,,,,12.655702277723904,12.08874145415252,,,"rgba(38, 166, 154, 1.0)",0.0,0.0,0.18248304870058998,12.495427683896708,2.7650366414645564,0.0,0.0,0.0,0.0,0.0,0.0,0.0,0.0,64.23684059957698,9.681793069258092,True,False,True,False,True,11.94034359826001,0,0.9750661125802801,0.9353985644125424,False,False,False,False,0.16206190432790316,0.13068332766182983,False,False,False,False,51977.0,73352.43432938975,False,False,False,False,5126.775093595926,False,False,False,False
2025-06-09 18:00:00+00:00,13.0,13.04,12.965,12.98,2349.0,,,,,,,,,,,,,,,,,,,,,12.660162823669877,12.090462103650582,,,"rgba(38, 166, 154, 1.0)",0.0,0.0,0.188354060886011,12.498042730635046,2.558783532979562,0.0,0.0,0.0,0.0,0.0,0.0,0.0,0.0,65.52486709060969,11.026966385724393,True,False,True,False,True,11.346405966781546,0,0.989761092150171,0.9298445202882062,False,False,False,False,0.180458242806895,0.1555707852343624,False,False,False,False,49628.0,72984.6136421124,False,False,False,False,5083.708813075059,False,False,False,False
2025-06-09 19:00:00+00:00,12.98,12.99,12.86,12.87,11191.0,,,,,,,,,,,,,,,,,,,,,12.674691764408468,12.097778791075605,,,"rgba(38, 166, 154, 1.0)",0.0,0.0,0.1901507936463144,12.50705350720365,1.9087298340255097,0.0,0.0,0.0,0.0,0.0,0.0,0.0,0.0,62.19828567578467,11.026966385724393,True,False,True,False,False,8.158095260285606,0,0.9761273209549076,0.9389920424403182,False,False,False,False,0.12699406895804977,0.1412824270962061,False,False,False,False,38437.0,72448.99172518041,False,False,False,False,5178.395498143663,False,False,False,False
2025-06-10 14:00:00+00:00,12.97,13.1,12.97,13.035,3267.0,,,,,,,,,,,,,,,,,,,,,12.68078651016372,12.100225052050623,,,"rgba(38, 166, 154, 1.0)",0.0,0.0,0.19687795185831974,12.541524725657439,2.5065034945999605,0.0,0.0,0.0,0.0,0.0,0.0,0.0,0.0,63.49689057649278,11.026966385724393,True,False,True,False,False,11.733734970292076,0,0.972669412205167,0.924747285660801,False,False,False,False,0.19835035273688684,0.16981638991654646,False,False,False,False,41704.0,71972.32518680552,False,False,False,False,5148.761459412753,False,False,False,False
2025-06-10 15:00:00+00:00,13.04,13.06,12.99,13.01,3445.0,,,,,,,,,,,,,,,,,,,,,12.686731024554517,12.102749629315651,,,"rgba(38, 166, 154, 1.0)",0.0,0.0,0.20254477872161095,12.544448168383848,2.2985131216639876,0.0,0.0,0.0,0.0,0.0,0.0,0.0,0.0,63.5061407117959,11.026966385724393,True,False,True,False,False,11.02228251037684,0,0.9718151071025932,0.9334836527621192,False,False,False,False,0.191791146867863,0.18080376839220474,False,False,False,False,38259.0,71449.63797460699,False,False,False,False,5122.346553065268,False,False,False,False
2025-06-10 16:00:00+00:00,13.01,13.04,13.01,13.04,3002.0,,,,,,,,,,,,,,,,,,,,,12.691894205476366,12.104962153638025,,,"rgba(38, 166, 154, 1.0)",0.0,0.0,0.20795388868645562,12.547442124792264,2.3685917984942995,0.0,0.0,0.0,0.0,0.0,0.0,0.0,0.0,64.11859181157453,11.026966385724393,True,False,True,False,False,11.658493831788963,0,0.9674829385788843,0.9650742673625049,False,False,False,False,0.19179114686786186,0.1862974576300333,False,False,False,False,41261.0,70981.59707577588,False,False,False,False,5089.472963095264,False,False,False,False
2025-06-10 17:00:00+00:00,13.035,13.035,12.95,12.98,2944.0,,,,,,,,,,,,,,,,,,,,,12.696203300926454,12.107024427391728,,,"rgba(38, 166, 154, 1.0)",0.0,0.0,0.2102982009750257,12.549421940630221,2.0474643024688213,0.0,0.0,0.0,0.0,0.0,0.0,0.0,0.0,62.32963988126886,11.026966385724393,True,False,True,False,False,9.934791783487395,0,0.9740365111561868,0.9411764705882352,False,False,False,False,0.17058285567036724,0.17844015665020027,False,False,False,False,38317.0,70475.16921413594,False,False,False,False,5056.209816380609,False,False,False,False
2025-06-10 18:00:00+00:00,12.98,13.085,12.95,13.08,4939.0,,,,,,,,,,,,,,,,,,,,,12.704348076169177,12.110657720614176,,,"rgba(38, 166, 154, 1.0)",0.0,0.0,0.2156033227777155,12.554454141233553,2.4375591804226464,0.0,0.0,0.0,0.0,0.0,0.0,0.0,0.0,63.32400602728167,11.026966385724393,True,False,True,False,False,12.063785370954161,0,0.9603078169299314,0.9424868367760224,False,False,False,False,0.18688244924739475,0.1826613029487975,False,False,False,False,43256.0,70053.16659066097,False,False,False,False,5054.392609925096,False,False,False,False
2025-06-10 19:00:00+00:00,13.08,13.09,12.935,12.955,8901.0,,,,,,,,,,,,,,,,,,,,,12.716236367809932,12.116820332675239,,,"rgba(38, 166, 154, 1.0)",0.0,0.0,0.21792041278022878,12.561012966052866,1.8079400131481362,0.0,0.0,0.0,0.0,0.0,0.0,0.0,0.0,60.00734956924843,14.031417470972599,True,False,True,False,False,8.575681621557653,0,0.9522846744844323,0.9506672058228871,False,False,False,False,0.18361493715747132,0.1831381200531344,False,False,False,False,34355.0,69499.70664351895,False,False,False,False,5114.029933802226,False,False,False,False
2025-06-11 14:00:00+00:00,13.065,13.095,13.01,13.055,1874.0,,,,,,,,,,,,,,,,,,,,,12.719130938143875,12.118194913836021,,,"rgba(38, 166, 154, 1.0)",0.0,0.0,0.22226428956180394,12.562881845767034,2.2141125558369317,0.0,0.0,0.0,0.0,0.0,0.0,0.0,0.0,59.99189837621054,13.905713214447815,True,False,True,False,False,10.679297962207574,0,0.9511111111111115,0.9482828282828282,False,False,False,False,0.20986998844712215,0.1965040542501283,False,False,False,False,36229.0,68983.88173431711,False,False,False,False,5063.796911572734,False,False,False,False
2025-06-11 15:00:00+00:00,13.055,13.085,13.0,13.005,2140.0,,,,,,,,,,,,,,,,,,,,,12.722149591090666,12.11972063602028,,,"rgba(38, 166, 154, 1.0)",0.0,0.0,0.2249203462609846,12.564758286535735,1.9573227624033385,0.0,0.0,0.0,0.0,0.0,0.0,0.0,0.0,58.5102393294209,12.345105518176027,False,False,True,False,False,9.31691851257802,0,0.9430072756669365,0.9531123686337912,False,False,False,False,0.20328080694929426,0.1998924305997113,False,False,False,False,34089.0,68442.8758159556,False,False,False,False,5018.466726897187,False,False,False,False
2025-06-11 16:00:00+00:00,13.02,13.03,12.92,12.965,1653.0,,,,,,,,,,,,,,,,,,,,,12.724007180517278,12.12082035988309,,,"rgba(38, 166, 154, 1.0)",0.0,0.0,0.22660114977881318,12.565792513067862,1.7617187173225148,0.0,0.0,0.0,0.0,0.0,0.0,0.0,0.0,56.37195413077936,10.216727056179863,False,False,True,False,False,8.236480624706918,0,0.9341195607970724,0.9707198047986987,False,False,False,False,0.15922681767704117,0.17955962413837623,False,False,False,False,32436.0,67884.62967927412,False,False,False,False,4966.288948185603,False,False,False,False
2025-06-11 17:00:00+00:00,12.965,13.015,12.955,13.0,1622.0,,,,,,,,,,,,,,,,,,,,,12.725936198720072,12.12191989565736,,,"rgba(38, 166, 154, 1.0)",0.0,0.0,0.22871605985595997,12.566927862141998,1.893492473290858,0.0,0.0,0.0,0.0,0.0,0.0,0.0,0.0,55.8668501100044,9.614682831919424,False,False,True,False,False,8.991687072712836,1,0.9312728751525013,0.9711264741764944,False,False,False,False,0.1657108118141068,0.1726352179762415,False,False,False,False,34058.0,67360.18580827762,False,False,False,False,4914.439507128462,False,False,False,False
2025-06-11 18:00:00+00:00,13.005,13.08,12.92,13.02,3595.0,,,,,,,,,,,,,,,,,,,,,12.730377178739118,12.124393617575619,,,"rgba(38, 166, 154, 1.0)",0.0,0.0,0.23093880083201418,12.569652142303283,1.9500744616072594,0.0,0.0,0.0,0.0,0.0,0.0,0.0,0.0,56.06778317274882,9.614682831919424,False,True,True,False,False,9.424206775201533,1,0.9266612641815238,0.972447325769854,False,False,False,False,0.17546293335724497,0.17404907566674324,False,False,False,False,37653.0,66899.60928411827,False,False,False,False,4893.983080661354,False,False,False,False
2025-06-11 19:00:00+00:00,13.025,13.23,12.995,13.2,16839.0,,,,,,,,,,,,,,,,,,,,,12.758750512101997,12.137543930693521,,,"rgba(38, 166, 154, 1.0)",0.0,0.0,0.23753032997420895,12.619652717738575,2.4432554879389032,0.0,0.0,0.0,0.0,0.0,0.0,0.0,0.0,60.05655162163388,6.366734136239543,True,False,True,False,True,13.146317247619209,1,0.9321829855537724,0.9618780096308185,False,True,False,False,0.26330457372904104,0.21867682469789212,False,False,False,False,54492.0,66707.24324870558,False,True,False,False,5079.177141426294,False,False,False,False
2025-06-12 14:00:00+00:00,13.025,13.165,13.025,13.165,1810.0,,,,,,,,,,,,,,,,,,,,,12.761397277506218,12.138904853716435,,,"rgba(38, 166, 154, 1.0)",0.0,0.0,0.24244274888411355,12.621190196819548,2.243044206038061,0.0,0.0,0.0,0.0,0.0,0.0,0.0,0.0,61.47020301740347,7.700951334208149,True,False,True,False,True,12.164669537714975,1,0.9344262295081971,0.9632147141143542,False,False,False,False,0.2512442971154125,0.23496056090665232,False,False,False,False,52682.0,66489.7976169427,False,False,False,False,5028.492224504956,False,False,False,False
2025-06-12 15:00:00+00:00,13.165,13.175,13.035,13.075,3747.0,,,,,,,,,,,,,,,,,,,,,12.766404345033761,12.141643388725937,,,"rgba(38, 166, 154, 1.0)",0.0,0.0,0.24461272940586337,12.623900374758396,1.8441379822598498,0.0,0.0,0.0,0.0,0.0,0.0,0.0,0.0,59.47425276171642,7.700951334208149,False,False,True,False,False,9.6899180855875,1,0.938783729359646,0.9661699556987514,False,False,False,False,0.33673604963543313,0.2858483052710427,False,False,False,False,48935.0,66217.63021202886,False,False,False,False,5008.624128001003,False,False,False,False
2025-06-12 16:00:00+00:00,13.075,13.105,13.045,13.09,1278.0,,,,,,,,,,,,,,,,,,,,,12.768001523683516,12.142559204656386,,,"rgba(38, 166, 154, 1.0)",0.0,0.0,0.24673726771462381,12.624737999509072,1.885657585497174,0.0,0.0,0.0,0.0,0.0,0.0,0.0,0.0,58.51551826815587,7.700951334208149,False,True,True,False,False,10.003753572838626,1,0.9445344129554659,0.9578947368421051,False,False,False,False,0.31260172297677336,0.299225014123908,False,False,False,False,50213.0,65969.49641029198,False,False,False,False,4950.784994233545,False,False,False,False
2025-06-12 17:00:00+00:00,13.09,13.13,13.08,13.09,979.0,,,,,,,,,,,,,,,,,,,,,12.769291792705745,12.143274490232496,,,"rgba(38, 166, 154, 1.0)",0.0,0.0,0.25002342232620994,12.625484541817432,1.857887768516769,0.0,0.0,0.0,0.0,0.0,0.0,0.0,0.0,57.876361939115505,7.700951334208149,False,True,True,False,False,10.003753572838626,1,0.9488636363636367,0.9504870129870129,False,False,False,False,0.33673604963543313,0.31798053187967057,False,False,False,False,50213.0,65725.20964424094,False,False,False,False,4889.206932307443,False,False,False,False
2025-06-12 18:00:00+00:00,13.09,13.115,13.04,13.065,4637.0,,,,,,,,,,,,,,,,,,,,,12.77478732610128,12.146553919902422,,,"rgba(38, 166, 154, 1.0)",0.0,0.0,0.25282185801842855,12.628440943875963,1.7267456997021775,0.0,0.0,0.0,0.0,0.0,0.0,0.0,0.0,56.502984191175344,10.218544486472105,False,True,True,False,False,9.300762318813849,1,0.9502243982048147,0.9514483884128926,False,False,False,False,0.31459915110900555,0.31628984149433803,False,False,False,False,45576.0,65412.81879704341,False,False,False,False,4885.296747310428,False,False,False,False
2025-06-12 19:00:00+00:00,13.065,13.105,12.94,12.975,11571.0,,,,,,,,,,,,,,,,,,,,,12.78479454634969,12.15405584174178,,,"rgba(38, 166, 154, 1.0)",0.0,0.0,0.254160107728099,12.632938333567141,1.345851123099132,0.0,0.0,0.0,0.0,0.0,0.0,0.0,0.0,52.559336968252474,6.475612356877441,False,True,False,False,False,6.815213422757669,1,0.942105263157895,0.9473684210526314,False,False,False,False,0.2711829288132646,0.2937363851538013,False,False,False,False,34005.0,64925.87586995746,False,False,False,False,4988.9510613056145,False,False,False,False
2025-06-13 14:00:00+00:00,12.73,12.885,12.73,12.885,2525.0,,,,,,,,,,,,,,,,,,,,,12.785247402135935,12.155346255712535,,,"rgba(38, 166, 154, 1.0)",0.0,0.0,0.2547858666367433,12.632367185023558,0.9915495639977122,0.0,0.0,0.0,0.0,0.0,0.0,0.0,0.0,47.55155652050086,1.9404165980860384,False,True,False,True,False,4.425612880371492,0,0.9285999202233749,0.9569206222576785,False,False,False,False,0.10922343432275924,0.20147990973828028,False,False,False,False,31480.0,64407.33515879533,False,False,False,False,4950.750269657465,False,False,False,False
2025-06-13 15:00:00+00:00,12.885,12.9,12.83,12.875,1793.0,,,,,,,,,,,,,,,,,,,,,12.785794228773911,12.156306754773494,,,"rgba(38, 166, 154, 1.0)",0.0,0.0,0.2553788565256702,12.632260904589629,0.9505058434074856,0.0,0.0,0.0,0.0,0.0,0.0,0.0,0.0,43.96808924203649,-1.157804154700763,False,True,False,True,False,4.163464338213238,0,0.9404000000000003,0.9551999999999999,False,False,False,False,0.15164630831967832,0.17656310902897931,False,False,False,False,29687.0,63869.03538889153,False,False,False,False,4901.792901135643,False,False,False,False
2025-06-13 16:00:00+00:00,12.875,12.925,12.85,12.89,858.0,,,,,,,,,,,,,,,,,,,,,12.786116152560774,12.156778349844595,,,"rgba(38, 166, 154, 1.0)",0.0,0.0,0.2559792538046332,12.632287380081152,1.0067715101456547,0.0,0.0,0.0,0.0,0.0,0.0,0.0,0.0,42.252803324116876,-2.5859679685252885,False,True,False,True,False,4.519522457488538,0,0.9503832190399357,0.944332392093586,False,False,False,False,0.16838677237614294,0.17247494070256114,False,False,False,False,30545.0,63352.38367743584,False,False,False,False,4839.098437552144,False,False,False,False
2025-06-13 17:00:00+00:00,12.89,12.89,12.815,12.84,482.0,,,,,,,,,,,,,,,,,,,,,12.786225691451282,12.15702854086917,,,"rgba(38, 166, 154, 1.0)",0.0,0.0,0.25616986551895293,12.632235459499691,0.8110420797521047,0.0,0.0,0.0,0.0,0.0,0.0,0.0,0.0,39.723558518374475,-4.884979295366904,False,True,False,True,False,3.182841684123389,0,0.9499192245557354,0.9430533117932147,False,False,False,False,0.14238295275283933,0.15742894672770025,False,False,False,False,30063.0,62836.269201816685,False,False,False,False,4771.546523791645,False,False,False,False
2025-06-13 18:00:00+00:00,12.845,12.845,12.73,12.795,728.0,,,,,,,,,,,,,,,,,,,,,12.786235701275048,12.157374222446936,,,"rgba(38, 166, 154, 1.0)",0.0,0.0,0.2559947916136806,12.632009438869582,0.6366948331370155,0.0,0.0,0.0,0.0,0.0,0.0,0.0,0.0,36.90713677617444,-7.488067924300772,False,True,False,True,False,1.994260842431597,0,0.9403706688154718,0.9492344883158742,False,False,False,False,0.09456656060868214,0.1259977536681912,False,False,False,False,29335.0,62316.8696793079,False,False,False,False,4708.85588001193,False,False,False,False
2025-06-13 19:00:00+00:00,12.795,12.8,12.665,12.73,2288.0,,,,,,,,,,,,,,,,,,,,,12.78578461975712,12.158358245039622,,,"rgba(239, 83, 80, 1.0)",0.0,0.0,0.2558176786007627,12.63618923525254,0.36670946769814683,0.0,0.0,0.0,0.0,0.0,0.0,0.0,0.0,33.59976629352633,-10.55235997817472,False,True,False,True,False,0.30682838405888546,0,0.934669338677355,0.9527054108216432,False,False,False,False,0.05444930753145147,0.09022353059982133,False,False,False,False,27047.0,61770.04999435739,False,False,False,False,4671.3232307094195,False,False,False,False
2025-06-16 14:00:00+00:00,12.76,12.85,12.745,12.83,1730.0,,,,,,,,,,,,,,,,,,,,,12.78592467991297,12.15919924594965,,,"rgba(239, 83, 80, 1.0)",0.0,0.0,0.25592672093098234,12.637619444780436,0.7517017157088698,0.0,0.0,0.0,0.0,0.0,0.0,0.0,0.0,36.0638562864343,-10.55235997817472,False,True,False,True,True,2.791212062879108,0,0.9376498800959236,0.9512390087929657,False,False,False,False,0.10188954415038998,0.09605653737510565,False,False,False,False,28777.0,61258.52983940611,False,False,False,False,4625.721320155785,False,False,False,False
2025-06-16 15:00:00+00:00,12.83,12.855,12.78,12.785,1275.0,,,,,,,,,,,,,,,,,,,,,12.786019199908505,12.159816079251536,,,"rgba(239, 83, 80, 1.0)",0.0,0.0,0.25532350085741906,12.637940856847633,0.5759718265593167,0.0,0.0,0.0,0.0,0.0,0.0,0.0,0.0,36.49703367295248,-10.55235997817472,False,True,False,True,True,1.6209802279658128,0,0.9382765531062128,0.9551102204408818,False,False,False,False,0.11656904628113185,0.10631279182811876,False,False,False,False,27502.0,60735.172787632364,False,False,False,False,4573.772152401431,False,False,False,False
2025-06-16 16:00:00+00:00,12.785,12.88,12.785,12.86,2021.0,,,,,,,,,,,,,,,,,,,,,12.786418269970028,12.160844190015181,,,"rgba(239, 83, 80, 1.0)",0.0,0.0,0.2547021224316153,12.638840271747508,0.868307362895534,0.0,0.0,0.0,0.0,0.0,0.0,0.0,0.0,39.757921240562965,-16.199854108179515,False,True,False,True,True,3.451459532250201,0,0.955042527339004,0.9485621709194004,False,False,False,False,0.12761124473438862,0.11696201828125369,False,False,False,False,29523.0,60251.26313201016,False,False,False,False,4534.194289573502,False,False,False,False
2025-06-16 17:00:00+00:00,12.86,12.93,12.855,12.89,2875.0,,,,,,,,,,,,,,,,,,,,,12.787481146092755,12.162408430655653,,,"rgba(239, 83, 80, 1.0)",0.0,0.0,0.25214078006734914,12.640698719492217,0.988738435889635,0.0,0.0,0.0,0.0,0.0,0.0,0.0,0.0,43.00985299463015,-13.055025980916412,False,True,False,True,True,4.172613585800946,0,0.959739731598211,0.9402196014640097,False,False,False,False,0.17211928351308464,0.14454065089716917,False,False,False,False,32398.0,59819.42959507977,False,False,False,False,4508.470347099495,False,False,False,False
2025-06-16 18:00:00+00:00,12.89,12.93,12.82,12.865,4818.0,,,,,,,,,,,,,,,,,,,,,12.788882168652227,12.164943384259304,,,"rgba(239, 83, 80, 1.0)",0.0,0.0,0.24770477923862508,12.6420079147814,0.9002332773070219,0.0,0.0,0.0,0.0,0.0,0.0,0.0,0.0,44.2960775665834,-11.723375028291237,False,True,False,True,True,3.499809606045215,0,0.9467912266450045,0.9480097481722177,False,False,False,False,0.15907555920896238,0.15180810505306577,False,False,False,False,27580.0,59319.59347732659,False,False,False,False,4513.26925644679,False,False,False,False
2025-06-16 19:00:00+00:00,12.865,12.865,12.79,12.865,3656.0,,,,,,,,,,,,,,,,,,,,,12.789519652889348,12.16676925051657,,,"rgba(239, 83, 80, 1.0)",0.0,0.0,0.24471187323237753,12.642108970868058,0.9108304643652717,0.0,0.0,0.0,0.0,0.0,0.0,0.0,0.0,45.153560614552234,-10.681789297694266,False,True,False,True,True,3.499809606045215,0,0.9436334144363344,0.9509326845093269,False,False,False,False,0.12392720284966977,0.13786765395136777,False,False,False,False,27580.0,58827.50675674788,False,False,False,False,4499.978260222808,False,False,False,False
2025-06-17 14:00:00+00:00,12.945,13.01,12.91,12.94,1622.0,,,,,,,,,,,,,,,,,,,,,12.790421007400875,12.167711979170125,,,"rgba(239, 83, 80, 1.0)",0.0,0.0,0.24287714241217634,12.643176322521297,1.2221145000750036,0.0,0.0,0.0,0.0,0.0,0.0,0.0,0.0,48.71183397661724,-7.128103558463891,False,True,False,False,True,5.348703043687472,1,0.9484909456740446,0.9444668008048289,False,False,False,False,0.2230209980492103,0.18044432600028903,False,False,False,False,29202.0,58368.19657447272,False,False,False,False,4455.358442234857,False,False,False,False
2025-06-17 15:00:00+00:00,12.94,13.0,12.93,12.95,2232.0,,,,,,,,,,,,,,,,,,,,,12.791695346282088,12.169016537014013,,,"rgba(239, 83, 80, 1.0)",0.0,0.0,0.24154677983124737,12.644606542542197,1.2643242756999697,0.0,0.0,0.0,0.0,0.0,0.0,0.0,0.0,51.44727273937207,-4.435547249195473,False,False,True,False,True,5.592889352025818,0,0.9509449135504627,0.9453156413349416,False,False,False,False,0.22683395698885397,0.20363914149457152,False,False,False,False,31434.0,57950.61213145764,False,False,False,False,4420.887768711836,False,False,False,False
2025-06-17 16:00:00+00:00,12.95,13.01,12.94,12.945,1958.0,,,,,,,,,,,,,,,,,,,,,12.792830325835496,12.170164627014938,,,"rgba(239, 83, 80, 1.0)",0.0,0.0,0.24095543679801193,12.64581885858868,1.2416451165703237,0.0,0.0,0.0,0.0,0.0,0.0,0.0,0.0,53.01120699299535,-2.820138391623118,False,False,True,False,True,5.448990731656721,0,0.9602595296025956,0.9412003244120032,False,False,False,False,0.23447949108138869,0.2190593162879801,False,False,False,False,29476.0,57509.14527670635,False,False,False,False,4382.70346222018,False,False,False,False
2025-06-17 17:00:00+00:00,12.945,12.97,12.885,12.935,703.0,,,,,,,,,,,,,,,,,,,,,12.793152105482108,12.170557913649814,,,"rgba(239, 83, 80, 1.0)",0.0,0.0,0.23871459456358296,12.646116621936002,1.2101621963756908,0.0,0.0,0.0,0.0,0.0,0.0,0.0,0.0,53.494739912347896,-2.118761202293676,False,False,True,False,True,5.156908737995746,0,0.9510517799352755,0.9470064724919093,False,False,False,False,0.19838643064632552,0.2087228734671528,False,False,False,False,28773.0,57063.62364450935,False,False,False,False,4325.653796139247,False,False,False,False
2025-06-17 18:00:00+00:00,12.935,12.95,12.86,12.875,1756.0,,,,,,,,,,,,,,,,,,,,,12.793745419118837,12.171493322362432,,,"rgba(239, 83, 80, 1.0)",0.0,0.0,0.23525696129516743,12.64655152432311,0.971059365976699,0.0,0.0,0.0,0.0,0.0,0.0,0.0,0.0,50.770414280694915,-2.118761202293676,False,False,False,False,False,3.4138888137938537,0,0.9467312348668284,0.9515738498789346,False,False,False,False,0.18147161374462337,0.1950972436058881,False,False,False,False,27017.0,56597.784518237895,False,False,False,False,4285.814202400654,False,False,False,False
2025-06-17 19:00:00+00:00,12.875,12.88,12.8,12.815,6605.0,,,,,,,,,,,,,,,,,,,,,12.794558529926407,12.174684124525172,,,"rgba(239, 83, 80, 1.0)",0.0,0.0,0.2313922219098092,12.646386222728962,0.7286925026233543,0.0,0.0,0.0,0.0,0.0,0.0,0.0,0.0,46.554898105851706,2.218966290663019,False,True,False,True,False,1.7117414464220957,0,0.941129032258065,0.9588709677419354,False,False,False,False,0.13314380633731498,0.16412052497160154,False,False,False,False,20412.0,56036.76460322645,False,False,False,False,4321.7705713556825,False,False,False,False
2025-06-18 14:00:00+00:00,12.965,13.02,12.94,12.97,2681.0,,,,,,,,,,,,,,,,,,,,,12.79612982213354,12.176254413614863,,,"rgba(239, 83, 80, 1.0)",0.0,0.0,0.228973463193543,12.664407516183285,1.3346196522275997,0.0,0.0,0.0,0.0,0.0,0.0,0.0,0.0,50.25807673297584,2.218966290663019,False,False,False,False,True,5.678419841012868,0,0.9435163086714403,0.944709626093874,False,False,False,False,0.2383123241381967,0.20121642455489913,False,False,False,False,23093.0,55526.00856286635,False,False,False,False,4296.332267923812,False,False,False,False
2025-06-18 15:00:00+00:00,12.97,12.975,12.85,12.9,3145.0,,,,,,,,,,,,,,,,,,,,,12.797254127305266,12.177932058576996,,,"rgba(239, 83, 80, 1.0)",0.0,0.0,0.22616539033146,12.663452106255248,1.0459066853601096,0.0,0.0,0.0,0.0,0.0,0.0,0.0,0.0,50.06923460026434,2.218966290663019,False,False,False,False,True,3.7151006590545848,1,0.9353687549563842,0.9536082474226802,False,False,False,False,0.1870980199812928,0.19415722226809595,False,False,False,False,19948.0,54974.411530883925,False,False,False,False,4278.482155242823,False,False,False,False
2025-06-18 16:00:00+00:00,12.9,12.955,12.9,12.91,2734.0,,,,,,,,,,,,,,,,,,,,,12.798328495457453,12.179410736850723,,,"rgba(239, 83, 80, 1.0)",0.0,0.0,0.22167106952207555,12.664050889427777,1.1095228218210478,0.0,0.0,0.0,0.0,0.0,0.0,0.0,0.0,50.30787279803008,2.218966290663019,False,False,False,False,True,3.9670823950902587,1,0.9478087649402394,0.9529880478087647,False,False,False,False,0.19838643064632552,0.19627182645721075,False,False,False,False,22682.0,54473.75398776944,False,False,False,False,4254.536695471616,False,False,False,False
2025-06-18 17:00:00+00:00,12.905,12.92,12.83,12.83,2491.0,,,,,,,,,,,,,,,,,,,,,12.798809938679788,12.18064137397546,,,"rgba(239, 83, 80, 1.0)",0.0,0.0,0.2156614171493004,12.663475971223724,0.772154940728194,0.0,0.0,0.0,0.0,0.0,0.0,0.0,0.0,47.69699953498259,2.218966290663019,False,True,False,True,True,1.7523209656093428,1,0.9423000397930763,0.9570234779148424,False,False,False,False,0.15907555920896238,0.17767369283308657,False,False,False,False,20191.0,53942.23842206759,False,False,False,False,4227.195041278258,False,False,False,False
2025-06-18 18:00:00+00:00,12.81,12.905,12.76,12.775,3224.0,,,,,,,,,,,,,,,,,,,,,12.798955211377725,12.182118587789185,,,"rgba(239, 83, 80, 1.0)",0.0,0.0,0.20891691956200423,12.662152171303696,0.5401564838926932,0.0,0.0,0.0,0.0,0.0,0.0,0.0,0.0,44.36587267892514,-0.14212019534980413,False,True,False,True,False,0.2713143933739701,1,0.934335443037975,0.9608386075949366,False,False,False,False,0.12761124473438862,0.1526424687837376,False,False,False,False,16967.0,53368.97891164794,False,False,False,False,4211.641629785571,False,False,False,False
2025-06-18 19:00:00+00:00,12.77,12.85,12.72,12.725,6525.0,,,,,,,,,,,,,,,,,,,,,12.798281453842154,12.184859968559143,,,"rgba(239, 83, 80, 1.0)",0.0,0.0,0.20156220956400023,12.683887695955498,0.2039683139683364,0.0,0.0,0.0,0.0,0.0,0.0,0.0,0.0,40.84997209371913,-3.5031873479819353,False,True,False,True,False,0.0,0,0.9301138594424817,0.9642716921868862,False,False,False,False,0.0927374240425312,0.12268994641313441,False,False,False,False,10442.0,52703.4443548782,False,False,False,False,4247.507651029206,False,False,False,False
2025-06-19 14:00:00+00:00,12.725,12.725,12.725,12.725,0.0,,,,,,,,,,,,,,,,,,,,,12.798281453842154,12.184859968559143,,,"rgba(239, 83, 80, 1.0)",0.0,0.0,0.19060319141235324,12.683887695955498,0.21569578001219697,0.0,0.0,0.0,0.0,0.0,0.0,0.0,0.0,38.50603837024846,-5.739507924590214,False,True,False,True,False,0.0,0,0.934859849980261,0.9719699960521118,False,False,False,False,0.048995169440566415,0.08584255792685042,False,False,False,False,10442.0,52048.228163329695,False,False,False,False,4181.6548192303035,False,False,False,False
2025-06-19 15:00:00+00:00,12.725,12.725,12.725,12.725,0.0,,,,,,,,,,,,,,,,,,,,,12.798281453842154,12.184859968559143,,,"rgba(239, 83, 80, 1.0)",0.0,0.0,0.17643841280602995,12.683887695955498,0.23301220743636478,0.0,0.0,0.0,0.0,0.0,0.0,0.0,0.0,36.94341588793468,-7.3071738928871355,False,True,False,True,False,0.0,0,0.9379721669980123,0.9701789264413516,False,False,False,False,0.048995169440566415,0.06741886368370842,False,False,False,False,10442.0,51403.17036234783,False,False,False,False,4116.822961567818,False,False,False,False
2025-06-19 16:00:00+00:00,12.725,12.725,12.725,12.725,0.0,,,,,,,,,,,,,,,,,,,,,12.798281453842154,12.184859968559143,,,"rgba(239, 83, 80, 1.0)",0.0,0.0,0.16045913852172014,12.683887695955498,0.25621665692126694,0.0,0.0,0.0,0.0,0.0,0.0,0.0,0.0,35.901667566392156,-8.47795162207175,False,True,False,True,False,0.0,0,0.9462494985960693,0.9655034095467306,False,False,False,False,0.048995169440566415,0.05820701656213742,False,False,False,False,10442.0,50768.11345750523,False,False,False,False,4052.9962489853715,False,False,False,False
2025-06-19 17:00:00+00:00,12.725,12.725,12.725,12.725,0.0,,,,,,,,,,,,,,,,,,,,,12.798281453842154,12.184859968559143,,,"rgba(239, 83, 80, 1.0)",0.0,0.0,0.15625147206512946,12.683887695955498,0.2631162670094077,0.0,0.0,0.0,0.0,0.0,0.0,0.0,0.0,35.20716868536381,-9.410394668349639,False,True,False,True,False,0.0,0,0.9454985870004041,0.9656842955187723,False,False,False,False,0.048995169440566415,0.05360109300135192,False,False,False,False,10442.0,50142.90239614855,False,False,False,False,3990.1590978383115,False,False,False,False
2025-06-19 18:00:00+00:00,12.725,12.725,12.725,12.725,0.0,,,,,,,,,,,,,,,,,,,,,12.798281453842154,12.184859968559143,,,"rgba(239, 83, 80, 1.0)",0.0,0.0,0.15376456204385305,12.683887695955498,0.26737177603235096,0.0,0.0,0.0,0.0,0.0,0.0,0.0,0.0,34.744169431344915,-10.194675728577813,False,True,False,True,False,0.0,0,0.9441069258809238,0.9635479951397324,False,False,False,False,0.048995169440566415,0.051298131220959164,False,False,False,False,10442.0,49527.38452954159,False,False,False,False,3928.29616608888,False,False,False,False
2025-06-19 19:00:00+00:00,12.725,12.725,12.725,12.725,0.0,,,,,,,,,,,,,,,,,,,,,12.798281453842154,12.184859968559143,,,"rgba(239, 83, 80, 1.0)",0.0,0.0,0.151899000346624,12.683887695955498,0.27065552736150933,0.0,0.0,0.0,0.0,0.0,0.0,0.0,0.0,34.43550326199898,-10.880541830566187,False,True,False,True,False,0.0,0,0.9591584158415846,0.9620462046204616,False,False,False,False,0.048995169440566415,0.05014665033076279,False,False,False,False,10442.0,48921.4095755952,False,False,False,False,3867.3923495603703,False,False,False,False
2025-06-20 14:00:00+00:00,12.875,13.01,12.86,12.905,3578.0,,,,,,,,,,,,,,,,,,,,,12.799645400205165,12.186763869168077,,,"rgba(239, 83, 80, 1.0)",0.0,0.0,0.1501665141833536,12.718086316470783,1.244709478312815,0.0,0.0,0.0,0.0,0.0,0.0,0.0,0.0,44.34057241545372,-10.905123254138033,False,True,False,True,True,4.11666207862044,0,0.9566274827725986,0.941224158897446,False,False,False,False,0.20404923257999108,0.12709794145537695,False,False,False,False,14020.0,48380.30245039218,False,False,False,False,3862.9056464664113,False,False,False,False
2025-06-20 15:00:00+00:00,12.905,12.93,12.855,12.89,1540.0,,,,,,,,,,,,,,,,,,,,,12.800069744508027,12.187543446907263,,,"rgba(239, 83, 80, 1.0)",0.0,0.0,0.1488881616673469,12.718428568062738,1.1523510668403318,0.0,0.0,0.0,0.0,0.0,0.0,0.0,0.0,50.063003028683866,-5.904621963227662,True,False,True,False,True,3.6620392985092565,0,0.9581980519480523,0.9472402597402595,False,False,False,False,0.17211928351308464,0.1496086124842308,False,False,False,False,12480.0,47823.70861395199,False,False,False,False,3826.8916054359242,False,False,False,False
2025-06-20 16:00:00+00:00,12.9,12.95,12.885,12.895,2121.0,,,,,,,,,,,,,,,,,,,,,12.800763518191218,12.18864220193134,,,"rgba(239, 83, 80, 1.0)",0.0,0.0,0.14771816969369403,12.719654312408391,1.1870285690325202,0.0,0.0,0.0,0.0,0.0,0.0,0.0,0.0,54.07316330315389,-2.518807482812832,True,False,True,False,True,3.8011974325010875,0,0.9694127243066887,0.9392332789559541,False,False,False,False,0.19085545196308054,0.17023203222365568,False,False,False,False,14601.0,47308.62786024731,False,False,False,False,3800.4436735687004,False,False,False,False
2025-06-20 17:00:00+00:00,12.9,12.925,12.85,12.88,1139.0,,,,,,,,,,,,,,,,,,,,,12.801048039294185,12.189210465856341,,,"rgba(239, 83, 80, 1.0)",0.0,0.0,0.14735276664465838,12.719847347231289,1.08686559754199,0.0,0.0,0.0,0.0,0.0,0.0,0.0,0.0,55.73573199058028,-1.158398140885744,True,False,True,False,True,3.3334297352276714,0,0.9640669661086161,0.943242139648836,False,False,False,False,0.16838677237614294,0.16930940229989933,False,False,False,False,13462.0,46783.87393993339,False,False,False,False,3759.1809809552324,False,False,False,False
2025-06-20 18:00:00+00:00,12.88,12.94,12.795,12.815,1550.0,,,,,,,,,,,,,,,,,,,,,12.801272014885356,12.189943470538905,,,"rgba(239, 83, 80, 1.0)",0.0,0.0,0.14424541149976325,12.719461149287726,0.6623354581537606,0.0,0.0,0.0,0.0,0.0,0.0,0.0,0.0,53.058192533887755,-1.158398140885744,True,False,True,False,True,1.3299344634931813,0,0.9621181262729127,0.9417515274949081,False,False,False,False,0.15350203292262005,0.16140571761125969,False,False,False,False,11912.0,46243.22473156233,False,False,False,False,3724.9301130334457,False,False,False,False
2025-06-20 19:00:00+00:00,12.815,12.97,12.81,12.875,6362.0,,,,,,,,,,,,,,,,,,,,,12.802815430365653,12.193093776945979,,,"rgba(239, 83, 80, 1.0)",0.0,0.0,0.14203913938458784,12.720927277794829,1.0847201896091558,0.0,0.0,0.0,0.0,0.0,0.0,0.0,0.0,54.17494424255968,-1.158398140885744,True,False,True,False,True,3.0629623362613465,0,0.9647773279352231,0.9360323886639673,False,False,False,False,0.1702524406337246,0.16582907912249215,False,False,False,False,18274.0,45809.59334037532,False,False,False,False,3765.8149174825394,False,False,False,False
2025-06-23 14:00:00+00:00,12.865,12.94,12.745,12.75,1920.0,,,,,,,,,,,,,,,,,,,,,12.802864398591174,12.193938739511717,,,"rgba(239, 83, 80, 1.0)",0.0,0.0,0.1404265702124027,12.720116928268709,0.21280211918649913,0.0,0.0,0.0,0.0,0.0,0.0,0.0,0.0,49.64246924383621,-1.158398140885744,True,False,False,False,False,0.0,0,0.9548000000000003,0.9411999999999998,False,False,False,False,0.13498977921664912,0.15040942916957062,False,False,False,False,16354.0,45352.91747463307,False,False,False,False,3737.1976319401742,False,False,False,False
2025-06-23 15:00:00+00:00,12.745,12.775,12.695,12.75,4117.0,,,,,,,,,,,,,,,,,,,,,12.802127388946163,12.195533507035327,,,"rgba(239, 83, 80, 1.0)",0.0,0.0,0.13909294319570664,12.716500492062806,0.24084261334566115,0.0,0.0,0.0,0.0,0.0,0.0,0.0,0.0,46.620819244687226,3.8899072138536255,False,False,False,True,False,0.0,0,0.9523618895116097,0.9563650920736587,False,False,False,False,0.056268056982882134,0.10333874307622637,False,False,False,False,16354.0,44903.32185487131,False,False,False,False,3743.0860407473033,False,False,False,False
2025-06-23 16:00:00+00:00,12.76,12.76,12.645,12.66,787.0,,,,,,,,,,,,,,,,,,,,,12.80187293473845,12.195808472428903,,,"rgba(239, 83, 80, 1.0)",0.0,0.0,0.1368367871089625,12.732419950380088,-0.5292432825276719,0.0,0.0,0.0,0.0,0.0,0.0,0.0,0.0,41.851750920638764,-0.6263887963805956,False,True,False,True,False,0.0,0,0.9567827130852344,0.9507803121248498,False,False,False,False,0.032648918568330486,0.06799383082227843,False,False,False,False,15567.0,44448.49515944695,False,False,False,False,3697.2552494178876,False,False,False,False
2025-06-23 17:00:00+00:00,12.66,12.8,12.65,12.77,771.0,,,,,,,,,,,,,,,,,,,,,12.801737690091976,12.196105776998007,,,"rgba(239, 83, 80, 1.0)",0.0,0.0,0.131263197534664,12.733140709440919,0.28080445434331847,0.0,0.0,0.0,0.0,0.0,0.0,0.0,0.0,43.608232665859276,-0.6263887963805956,False,True,False,True,False,0.006420875197921561,0,0.952608522500996,0.9514137793707683,False,False,False,False,0.04899516944056762,0.05849450013142303,False,False,False,False,16338.0,44012.67352906793,False,False,False,False,3651.8869509773003,False,False,False,False
2025-06-23 18:00:00+00:00,12.77,12.87,12.77,12.865,5146.0,,,,,,,,,,,,,,,,,,,,,12.802215986251996,12.198426981681695,,,"rgba(239, 83, 80, 1.0)",0.0,0.0,0.1283635041169661,12.73780892615705,0.990866326982252,0.0,0.0,0.0,0.0,0.0,0.0,0.0,0.0,47.868989910184666,-0.6263887963805956,True,False,False,False,True,2.6353056638064167,0,0.9602701628923325,0.9467620182757248,False,False,False,False,0.11840737704778108,0.08845093858960205,False,False,False,False,21484.0,43663.391768927344,False,False,False,False,3675.051494373001,False,False,False,False
2025-06-23 19:00:00+00:00,12.865,12.875,12.77,12.81,14945.0,,,,,,,,,,,,,,,,,,,,,12.80286208083545,12.20489957450217,,,"rgba(239, 83, 80, 1.0)",0.0,0.0,0.12445274800695902,12.737315610551464,0.5840320170710251,0.0,0.0,0.0,0.0,0.0,0.0,0.0,0.0,48.78334507810928,-0.6263887963805956,True,False,False,False,True,1.0601706828311066,0,0.9584323040380051,0.9477434679334914,False,False,False,False,0.12024650474732396,0.10434872166846301,False,False,False,False,6539.0,43087.81980351761,False,False,False,False,3849.7793781811715,False,False,False,False
2025-06-24 14:00:00+00:00,12.76,13.03,12.76,13.02,813.0,,,,,,,,,,,,,,,,,,,,,12.803153234411415,12.205314980816796,,,"rgba(38, 166, 154, 1.0)",0.0,0.0,0.12366031648783285,12.738003925977406,2.2804088007516934,0.0,0.0,0.0,0.0,0.0,0.0,0.0,0.0,54.424469973088904,-3.340763072207203,True,False,True,False,True,6.476771784977384,1,0.9575875486381326,0.9365758754863811,False,False,False,False,0.17398731514854968,0.13916801840850634,False,False,False,False,7352.0,42533.77608563362,False,False,False,False,3802.697527356657,False,False,False,False
2025-06-24 15:00:00+00:00,13.02,13.07,13.0,13.07,1619.0,,,,,,,,,,,,,,,,,,,,,12.804203871050273,12.20626502414953,,,"rgba(38, 166, 154, 1.0)",0.0,0.0,0.12264355442271926,12.740567087633787,2.686100496001176,0.0,0.0,0.0,0.0,0.0,0.0,0.0,0.0,59.050227411853825,1.016344865263271,True,False,True,False,True,7.675026739986652,0,0.9778037383177572,0.9341900311526476,False,False,False,False,0.2809576141110607,0.2100628162597835,False,False,False,False,8971.0,42013.4229680269,False,False,False,False,3768.8417517387243,False,False,False,False
2025-06-24 16:00:00+00:00,13.07,13.105,13.035,13.035,1069.0,,,,,,,,,,,,,,,,,,,,,12.804925776032205,12.206899839517975,,,"rgba(38, 166, 154, 1.0)",0.0,0.0,0.11895824083711087,12.742255176674773,2.460904106055855,0.0,0.0,0.0,0.0,0.0,0.0,0.0,0.0,60.85363871245964,2.788834656843676,True,False,True,False,True,6.655105288711223,0,0.9767621998450816,0.9295120061967465,False,False,False,False,0.3086140863140082,0.25933845128689587,False,False,False,False,7902.0,41484.56369720477,False,False,False,False,3726.98374008386,False,False,False,False
2025-06-24 17:00:00+00:00,13.035,13.08,13.005,13.08,2745.0,,,,,,,,,,,,,,,,,,,,,12.80673670816395,12.20851924182317,,,"rgba(38, 166, 154, 1.0)",0.0,0.0,0.12083090708963952,12.746233179082433,2.762263637315571,0.0,0.0,0.0,0.0,0.0,0.0,0.0,0.0,62.94709563133475,4.975748280279653,True,False,True,False,True,7.74364456897413,0,0.9745860608394303,0.9318444358875624,False,False,False,False,0.28684752586745194,0.2730929885771739,False,False,False,False,10647.0,41006.46193445741,False,False,False,False,3711.759185974033,False,False,False,False
2025-06-24 18:00:00+00:00,13.07,13.12,13.06,13.09,2147.0,,,,,,,,,,,,,,,,,,,,,12.808332074178232,12.209833746140495,,,"rgba(38, 166, 154, 1.0)",0.0,0.0,0.12283336694902165,12.749571884857723,2.7714628654896503,0.0,0.0,0.0,0.0,0.0,0.0,0.0,0.0,64.54496556237609,6.792497403178018,True,False,True,False,True,7.985673395408327,0,0.978919126101955,0.9290916059793023,False,False,False,False,0.32462320759977914,0.2988580980884765,False,False,False,False,12794.0,40569.05942384567,False,False,False,False,3687.49935363335,False,False,False,False
2025-06-24 19:00:00+00:00,13.09,13.17,13.055,13.095,6205.0,,,,,,,,,,,,,,,,,,,,,12.813110349936634,12.213682345960173,,,"rgba(38, 166, 154, 1.0)",0.0,0.0,0.1244742818691628,12.758707105818505,2.7017058394036684,0.0,0.0,0.0,0.0,0.0,0.0,0.0,0.0,65.72072031427547,8.300858089043878,True,False,True,False,True,8.10848763092757,0,0.9787234042553193,0.9259118541033432,False,False,False,False,0.34282817302445845,0.3208431355564675,False,False,False,False,18999.0,40234.63989789457,False,False,False,False,3726.530371406476,False,False,False,False
2025-06-25 14:00:00+00:00,13.08,13.115,12.95,13.01,1446.0,,,,,,,,,,,,,,,,,,,,,12.813898276753275,12.214492886145859,,,"rgba(38, 166, 154, 1.0)",0.0,0.0,0.12432611142466779,12.759964951020116,2.011122572038184,0.0,0.0,0.0,0.0,0.0,0.0,0.0,0.0,62.77736501748722,8.300858089043878,True,False,True,False,True,5.547794420622438,0,0.9711069418386493,0.9309568480300185,False,False,False,False,0.2789985426143399,0.2999208390854037,False,False,False,False,17553.0,39882.98656614427,False,False,False,False,3691.1733113846703,False,False,False,False
2025-06-25 15:00:00+00:00,13.01,13.025,12.985,13.025,3557.0,,,,,,,,,,,,,,,,,,,,,12.815690920689612,12.216447163593724,,,"rgba(38, 166, 154, 1.0)",0.0,0.0,0.12440760528299372,12.7626440801709,2.1088414910994575,0.0,0.0,0.0,0.0,0.0,0.0,0.0,0.0,61.268935477006345,8.300858089043878,True,False,True,False,False,5.931008575714326,0,0.9738121960344184,0.9378974934530487,False,False,False,False,0.25758242139182613,0.27875163023861493,False,False,False,False,21110.0,39591.93251085521,False,False,False,False,3689.0931050066133,False,False,False,False
2025-06-25 16:00:00+00:00,13.025,13.05,12.92,12.96,2471.0,,,,,,,,,,,,,,,,,,,,,12.816698224217735,12.217739638483616,,,"rgba(38, 166, 154, 1.0)",0.0,0.0,0.12300783685572568,12.76394906155262,1.5938085203248251,0.0,0.0,0.0,0.0,0.0,0.0,0.0,0.0,57.672736182895854,14.508474019018891,True,False,True,False,False,4.003493348679093,0,0.9688672168042013,0.9463615903975992,False,False,False,False,0.24215204187051992,0.26045183605456745,False,False,False,False,18639.0,39267.08084402024,False,False,False,False,3670.207940587906,False,False,False,False
2025-06-25 17:00:00+00:00,12.96,13.02,12.95,13.0,2888.0,,,,,,,,,,,,,,,,,,,,,12.817956461986471,12.219271110934102,,,"rgba(38, 166, 154, 1.0)",0.0,0.0,0.12305978917464715,12.765605832381402,1.9047177732926601,0.0,0.0,0.0,0.0,0.0,0.0,0.0,0.0,56.67097845285672,13.273526521123074,True,False,True,False,False,5.049641919105369,0,0.9646882043576259,0.951540195341848,False,False,False,False,0.24215204187051992,0.2513019389625437,False,False,False,False,21527.0,38992.04083093465,False,False,False,False,3658.08068569507,False,False,False,False
2025-06-25 18:00:00+00:00,13.0,13.025,12.99,13.005,4075.0,,,,,,,,,,,,,,,,,,,,,12.819870096636397,12.221468238588457,,,"rgba(38, 166, 154, 1.0)",0.0,0.0,0.12327812253393698,12.768150057625459,1.9212650023067988,0.0,0.0,0.0,0.0,0.0,0.0,0.0,0.0,56.18070443674332,12.418936532462084,True,False,True,False,False,5.180866374385321,0,0.9664783427495294,0.9510357815442558,False,False,False,False,0.25951954257376414,0.25541074076815395,False,False,False,False,25602.0,38784.4432986721,False,False,False,False,3664.544551033131,False,False,False,False
2025-06-25 19:00:00+00:00,13.005,13.06,12.95,12.975,21615.0,,,,,,,,,,,,,,,,,,,,,12.82880928372672,12.232750268276122,,,"rgba(38, 166, 154, 1.0)",0.0,0.0,0.12341036065547331,12.778566566010337,1.5917094233121083,0.0,0.0,0.0,0.0,0.0,0.0,0.0,0.0,54.501655635395636,10.425101104989956,True,False,True,False,False,4.270405906827964,0,0.9616252821670429,0.9522197140707297,False,False,False,False,0.25758242139182613,0.25649658107999007,False,False,False,False,3987.0,38244.948053731445,False,False,False,False,3942.846185900834,False,False,False,False
2025-06-26 14:00:00+00:00,13.09,13.31,13.09,13.26,1876.0,,,,,,,,,,,,,,,,,,,,,12.83053466120909,12.233998411135573,,,"rgba(38, 166, 154, 1.0)",0.0,0.0,0.12923457964714177,12.781021300448854,3.7062735133192266,0.0,0.0,0.0,0.0,0.0,0.0,0.0,0.0,60.54635994682478,4.45684530559096,True,False,True,False,True,11.28393823170681,0,0.9580419580419581,0.9330143540669853,False,False,False,False,0.3428281801640133,0.2996623806220017,False,False,False,False,5863.0,37742.90234747204,False,False,False,False,3910.802058987643,False,False,False,False
2025-06-26 15:00:00+00:00,13.265,13.28,13.12,13.195,2989.0,,,,,,,,,,,,,,,,,,,,,12.83310125759734,12.235936993759099,,,"rgba(38, 166, 154, 1.0)",0.0,0.0,0.1328645927250629,12.784563113291295,3.0891366788593833,0.0,0.0,0.0,0.0,0.0,0.0,0.0,0.0,62.120521464037154,6.01088698688217,True,False,True,False,True,9.337683303618718,0,0.9626920263350403,0.935991221653255,False,False,False,False,0.3428281801640133,0.3212452803930075,False,False,False,False,2874.0,37202.29921030193,False,False,False,False,3896.5105541971366,False,False,False,False
2025-06-26 16:00:00+00:00,13.195,13.305,13.195,13.22,3965.0,,,,,,,,,,,,,,,,,,,,,12.836833323694856,12.238607404545453,,,"rgba(38, 166, 154, 1.0)",0.0,0.0,0.13698237540343638,12.789684331934714,3.1413944078421334,0.0,0.0,0.0,0.0,0.0,0.0,0.0,0.0,63.65666119777045,7.624921431338791,True,False,True,False,True,9.913864167704347,0,0.9697411593146191,0.9321910317170977,False,False,False,False,0.3428281837082315,0.33203673205061945,False,False,False,False,6839.0,36731.550385336006,False,False,False,False,3897.572406070049,False,False,False,False
2025-06-26 17:00:00+00:00,13.22,13.27,13.17,13.26,3842.0,,,,,,,,,,,,,,,,,,,,,12.84032615516073,12.241164323332205,,,"rgba(38, 166, 154, 1.0)",0.0,0.0,0.14169860795185063,12.794329439174176,3.28634534634285,0.0,0.0,0.0,0.0,0.0,0.0,0.0,0.0,65.46094416991039,9.539898311784931,True,False,True,False,True,10.833143090652278,0,0.9668608885651857,0.9373634377276034,False,False,False,False,0.3217603720593179,0.32689855205496865,False,False,False,False,10681.0,36327.66588323777,False,False,False,False,3896.7108183790406,False,False,False,False
2025-06-26 18:00:00+00:00,13.26,13.285,13.19,13.21,4119.0,,,,,,,,,,,,,,,,,,,,,12.843956319353591,12.243877288744295,,,"rgba(38, 166, 154, 1.0)",0.0,0.0,0.14501298481778285,12.799019711362565,2.8340930238340825,0.0,0.0,0.0,0.0,0.0,0.0,0.0,0.0,64.59120908711466,9.539898311784931,True,False,True,False,True,9.314193222094687,0,0.9673321234119783,0.9350272232304897,False,False,False,False,0.33401526417262384,0.33045690811379624,False,False,False,False,6562.0,35866.18269124959,False,False,False,False,3900.1571622801407,False,False,False,False
2025-06-26 19:00:00+00:00,13.21,13.375,13.195,13.355,11656.0,,,,,,,,,,,,,,,,,,,,,12.855933824874464,12.25209164989451,,,"rgba(38, 166, 154, 1.0)",0.0,0.0,0.15245046455862596,12.81435139534554,3.546388698911116,0.0,0.0,0.0,0.0,0.0,0.0,0.0,0.0,66.82253354669209,11.268336960712162,True,False,True,False,True,12.582813962992216,0,0.966570812365205,0.9302659956865561,False,False,False,False,0.342828185994375,0.3366425470540856,False,False,False,False,18218.0,35592.567455726334,False,False,False,False,4020.402787671146,False,False,False,False
2025-06-27 14:00:00+00:00,15.175,15.565,15.12,15.455,69701.0,,,,,,,,,,,,,,,,,,,,,13.193214407360761,12.390065628109557,,15.380000000000003,"rgba(38, 166, 154, 1.0)",1.0,15.4175,0.3280391099513197,13.367612974228212,6.363226098502559,-1.0,15.565,15.12,0.0,0.0,0.0,0.0,0.0,75.84469183231695,19.70397486187558,True,False,True,False,True,20.0,0,0.9856339787632731,0.9097439100562146,False,False,False,False,0.3428282308275728,0.3397353889408292,False,False,False,False,87919.0,36403.82997579259,False,True,False,False,5038.70662042043,False,False,False,False
2025-06-27 15:00:00+00:00,15.455,15.525,15.295,15.31,26331.0,,,,,,,,,,,,,,,,,,,,,13.298138416821187,12.439017736796323,,15.37908603382206,"rgba(38, 166, 154, 1.0)",0.0,0.0,0.424711645686786,13.47538540281152,4.319671042271023,0.0,0.0,0.0,0.0,0.0,0.0,0.0,0.0,80.05605201552412,23.364454659524355,True,False,True,False,True,20.0,0,1.0000000000000002,0.9083591331269347,False,False,False,False,0.342828231323965,0.3412818101323971,False,False,False,False,61588.0,36794.282224229915,False,False,False,False,5368.819696072827,False,False,False,False
2025-06-27 16:00:00+00:00,15.315,15.4,15.06,15.23,14380.0,,,,,,,,,,,,,,,,,,,,,13.347540842408769,12.463778988869226,,15.359669148280984,"rgba(38, 166, 154, 1.0)",0.0,0.0,0.49645720536291194,13.52231419803002,3.4397442186817604,0.0,0.0,0.0,0.0,0.0,0.0,0.0,0.0,81.84519366016947,24.889782587187796,True,False,True,False,True,20.0,0,0.9966164257151646,0.9135650569055672,False,False,False,False,0.30180305733421836,0.3215424337333077,False,False,False,False,47208.0,36955.73521300154,False,False,False,False,5508.52791783914,False,False,False,False
2025-06-27 17:00:00+00:00,15.23,15.34,15.125,15.15,10064.0,,,,,,,,,,,,,,,,,,,,,13.380199579073405,12.480694420599628,,15.346748813041604,"rgba(38, 166, 154, 1.0)",0.0,0.0,0.5533959613966166,13.552594953772058,2.8865498804807666,0.0,0.0,0.0,0.0,0.0,0.0,0.0,0.0,81.97314823569404,25.114317369210752,True,False,True,False,True,20.0,0,0.9990850869167429,0.9155230253125949,False,False,False,False,0.30236586543118477,0.3119541495822462,False,False,False,False,37144.0,36958.6540469085,False,False,False,False,5579.155391981169,False,False,False,False
2025-06-27 18:00:00+00:00,15.135,15.245,15.065,15.065,10595.0,,,,,,,,,,,,,,,,,,,,,13.411909183744068,12.497761877116062,,15.328823958007494,"rgba(38, 166, 154, 1.0)",0.0,0.0,0.5997711500501066,13.580955283442544,2.474351619669393,0.0,0.0,0.0,0.0,0.0,0.0,0.0,0.0,80.88569134844121,25.114317369210752,True,False,True,False,True,20.0,0,0.9954448830853323,0.9243850592165196,False,False,False,False,0.2850030977243226,0.29847862365328437,False,False,False,False,26549.0,36797.26406168511,False,False,False,False,5656.920424663631,False,False,False,False
2025-06-27 19:00:00+00:00,15.055,15.105,14.89,14.9,50467.0,,,,,,,,,,,,,,,,,,,,,13.535644023469365,12.57135273133969,,15.227682028005159,"rgba(38, 166, 154, 1.0)",0.0,0.0,0.6349845709979103,13.68361819248859,1.9156084463592642,0.0,0.0,0.0,0.0,0.0,0.0,0.0,0.0,77.91868982868785,25.114317369210752,True,False,True,False,False,20.0,0,0.9831121833534381,0.9351628468033772,False,False,False,False,0.2502150401294009,0.2743468318913426,False,False,False,False,-23918.0,35855.94213824813,False,False,False,False,6351.650340560319,False,False,False,False
2025-06-30 14:00:00+00:00,14.95,15.0,14.77,14.82,12919.0,,,,,,,,,,,,,,,,,,,,,13.562180596532325,12.588720406570014,,15.20347605554613,"rgba(38, 166, 154, 1.0)",0.0,0.0,0.6646526695734891,13.704430164459732,1.6784252687289067,0.0,0.0,0.0,0.0,0.0,0.0,0.0,0.0,74.87207516786273,31.360325087536225,True,False,True,False,False,20.0,0,0.9713432835820895,0.944477611940298,False,False,False,False,0.22572927607531695,0.2500380539833298,False,False,False,False,-36837.0,34728.9197795156,False,False,False,False,6453.469715125276,False,False,False,False
2025-06-30 15:00:00+00:00,14.82,14.905,14.735,14.79,10805.0,,,,,,,,,,,,,,,,,,,,,13.582696759153594,12.602709389509366,,15.182763460033195,"rgba(38, 166, 154, 1.0)",0.0,0.0,0.69128687934138,13.720087231532727,1.5477116670963382,0.0,0.0,0.0,0.0,0.0,0.0,0.0,0.0,72.41819835966541,28.87370906149843,True,False,True,False,False,20.0,0,0.9676365795724464,0.9533847980997621,False,False,False,False,0.21170409338289103,0.2308710736831104,False,False,False,False,-47642.0,33451.85125580218,False,False,False,False,6520.935300937286,False,False,False,False
2025-06-30 16:00:00+00:00,14.78,14.78,14.615,14.685,12184.0,,,,,,,,,,,,,,,,,,,,,13.602913139655218,12.61745119662601,,15.155339563232557,"rgba(38, 166, 154, 1.0)",0.0,0.0,0.7133099158402538,13.734520448957767,1.3324917121369362,0.0,0.0,0.0,0.0,0.0,0.0,0.0,0.0,69.25882974695863,25.751103782571093,True,False,True,False,False,20.0,0,0.970264644662504,0.9595599167410047,False,False,False,False,0.1854889191982361,0.20817999644067325,False,False,False,False,-59826.0,32005.683019278113,False,False,False,False,6608.734753635933,False,False,False,False
2025-06-30 17:00:00+00:00,14.68,14.72,14.46,14.515,11712.0,,,,,,,,,,,,,,,,,,,,,13.619457637736705,12.630563244113487,,15.12516799180769,"rgba(239, 83, 80, 1.0)",0.0,0.0,0.7297279821467185,13.7452691775735,1.0548188383321988,0.0,0.0,0.0,0.0,0.0,0.0,0.0,0.0,64.8495616067034,21.54660002853575,True,False,True,False,False,19.203453054101402,0,0.95903330386089,0.9631594459180662,False,False,False,False,0.16269079131676537,0.18543539387871932,False,False,False,False,-71538.0,30400.354600374576,False,False,False,False,6687.855145052429,False,False,False,False
2025-06-30 18:00:00+00:00,14.5,14.58,14.19,14.2,26035.0,,,,,,,,,,,,,,,,,,,,,13.645373737516593,12.655523849897838,,15.043364159675226,"rgba(239, 83, 80, 1.0)",0.0,0.0,0.7386388748146016,13.757578013703517,0.5989692681792983,0.0,0.0,0.0,0.0,0.0,0.0,0.0,0.0,58.43210247761987,15.634054482667992,False,False,True,False,False,13.514861853128647,0,0.944396177237185,0.9704604691572543,False,False,False,False,0.11965586790324234,0.15254563089098083,False,False,False,False,-97573.0,28416.271583314505,False,False,False,False,6987.810879237662,False,False,False,False
2025-06-30 19:00:00+00:00,14.19,14.2,13.68,13.72,127184.0,,,,,,,,,,,,,,,,,,,,,13.679108953851726,12.736904135476383,,14.651977925799233,"rgba(239, 83, 80, 1.0)",0.0,0.0,0.7407811314313276,13.735982415757764,-0.021575084839002952,0.0,0.0,0.0,0.0,0.0,0.0,0.0,0.0,50.47592721075417,8.508563355545036,False,True,False,True,False,5.9171456802165885,0,0.9145033860045145,0.9937923250564329,False,False,False,False,0.027528374657253992,0.09003700277411741,False,False,False,False,-224757.0,24491.104582022806,False,False,False,False,8851.317687311497,False,False,False,False
2025-07-01 14:00:00+00:00,13.3,13.57,13.225,13.435,13167.0,,,,,,,,,,,,,,,,,,,,,13.67492778386135,12.741554045049696,,14.610634552245346,"rgba(239, 83, 80, 1.0)",0.0,0.0,0.7410147960249653,13.745637179099543,-0.41920509653234583,0.0,0.0,0.0,0.0,0.0,0.0,0.0,0.0,43.56870025694433,2.502391500759906,False,True,False,True,False,1.9170792728604233,0,0.8934471365638766,1.0217511013215856,False,False,False,False,-0.08430674211432736,0.0028651303298950284,False,False,False,False,-237924.0,20422.653348192995,False,False,False,False,8918.227490608993,False,False,False,False
2025-07-01 15:00:00+00:00,13.445,13.735,13.405,13.69,12155.0,,,,,,,,,,,,,,,,,,,,,13.674009697409646,12.747057275306952,,14.580801972370137,"rgba(239, 83, 80, 1.0)",0.0,0.0,0.742673221217452,13.745557762670567,-0.07480781733248988,0.0,0.0,0.0,0.0,0.0,0.0,0.0,0.0,41.84051840649312,1.1663554489770007,False,True,False,True,False,5.073102225230613,0,0.9075081610446134,1.0125136017410226,False,False,False,False,-0.04865098342202676,-0.022892926546065867,False,False,False,False,-225769.0,16605.728490081474,False,False,False,False,8968.410010134436,False,False,False,False
2025-07-01 16:00:00+00:00,13.7,13.83,13.455,13.455,13269.0,,,,,,,,,,,,,,,,,,,,,13.672580618183488,12.752779689739299,,14.549256483469842,"rgba(239, 83, 80, 1.0)",0.0,0.0,0.7424618290306649,13.741299071414563,-0.38560779856972033,0.0,0.0,0.0,0.0,0.0,0.0,0.0,0.0,39.24285535814309,-1.2936014650896652,False,True,False,True,False,1.9482836958927763,0,0.9183234819989252,1.0021493820526595,False,False,False,False,-0.03370723533716212,-0.028300080941613993,False,False,False,False,-239038.0,12642.25983132052,False,False,False,False,9035.0858239308,False,False,False,False
2025-07-01 17:00:00+00:00,13.47,13.66,13.455,13.65,13459.0,,,,,,,,,,,,,,,,,,,,,13.6713013286489,12.758561944510001,,14.519486085502663,"rgba(239, 83, 80, 1.0)",0.0,0.0,0.7427402514210965,13.736862161913843,-0.11694823560140656,0.0,0.0,0.0,0.0,0.0,0.0,0.0,0.0,39.60848831748608,-1.2936014650896652,False,True,False,True,False,4.284918631148518,0,0.9157108562283275,1.0104027740730859,False,False,False,False,-0.05122950162344813,-0.03976479128253106,False,False,False,False,-225579.0,8948.906965718652,False,False,False,False,9103.673640614043,False,False,False,False
2025-07-01 18:00:00+00:00,13.655,13.74,13.565,13.61,18898.0,,,,,,,,,,,,,,,,,,,,,13.670613078858542,12.767028293439727,,14.482753002812549,"rgba(239, 83, 80, 1.0)",0.0,0.0,0.7425396340318141,13.732400310690371,-0.16484010425917237,0.0,0.0,0.0,0.0,0.0,0.0,0.0,0.0,39.562572569152884,-1.7539888146292952,False,True,False,True,False,3.757625203386649,0,0.9231584525702173,1.003974562798092,False,False,False,False,-0.03164735937470697,-0.03570607532861901,False,False,False,False,-244477.0,5019.823136792781,False,False,False,False,9255.523661689793,False,False,False,False
2025-07-01 19:00:00+00:00,13.61,13.615,13.295,13.35,58245.0,,,,,,,,,,,,,,,,,,,,,13.65546286455447,12.7858374670089,,14.361752849072461,"rgba(239, 83, 80, 1.0)",0.0,0.0,0.741320850646733,13.700138540899612,-0.4723171358179787,0.0,0.0,0.0,0.0,0.0,0.0,0.0,0.0,37.741433151084884,-4.077156990966017,False,True,False,True,False,0.43030264355860126,0,0.9130206968823684,1.0102174482577937,False,False,False,False,-0.07240217166881335,-0.05405412349871618,False,False,False,False,-302722.0,248.6320804083971,False,False,False,False,10015.050426624835,False,False,False,False
2025-07-02 14:00:00+00:00,13.49,13.49,13.31,13.4,4803.0,,,,,,,,,,,,,,,,,,,,,13.654195687908693,12.787292866518353,,14.352807185890818,"rgba(239, 83, 80, 1.0)",0.0,0.0,0.7397648457631784,13.697707514533812,-0.4024353363624383,0.0,0.0,0.0,0.0,0.0,0.0,0.0,0.0,37.15560696191598,-5.252955360827983,False,True,False,True,False,1.0434285160229706,0,0.9200209095661265,1.0122843700993198,False,False,False,False,-0.08509141430070519,-0.06957276889971069,False,False,False,False,-297919.0,-4374.121905334368,False,False,False,False,9934.243443266312,False,False,False,False
2025-07-02 15:00:00+00:00,13.4,13.42,13.34,13.36,4731.0,,,,,,,,,,,,,,,,,,,,,13.652830078505051,12.788657620345246,,14.343914736789584,"rgba(239, 83, 80, 1.0)",0.0,0.0,0.7376742915137766,13.695176956003255,-0.4543698483994086,0.0,0.0,0.0,0.0,0.0,0.0,0.0,0.0,36.46405582539937,-6.556591086426728,False,True,False,True,False,0.536428909112658,0,0.9193000783494386,1.014625228519195,False,False,False,False,-0.11864727492288939,-0.09411002191130004,False,False,False,False,-302650.0,-8998.554123856316,False,False,False,False,9853.573002285439,False,False,False,False
2025-07-02 16:00:00+00:00,13.365,13.44,13.315,13.33,8006.0,,,,,,,,,,,,,,,,,,,,,13.650453929677422,12.790906896129046,,14.329052273314307,"rgba(239, 83, 80, 1.0)",0.0,0.0,0.7348381754809259,13.690870557465283,-0.4910884729540703,0.0,0.0,0.0,0.0,0.0,0.0,0.0,0.0,35.76055970781169,-7.860645852795166,False,True,False,True,False,0.1529625884617012,0,0.916139240506329,1.0255801687763708,False,False,False,False,-0.13703735594424346,-0.11557368892777176,False,False,False,False,-310656.0,-13675.41374984304,False,False,False,False,9824.928459614346,False,False,False,False
2025-07-02 17:00:00+00:00,13.32,13.395,13.27,13.365,4100.0,,,,,,,,,,,,,,,,,,,,,13.64917571799906,12.792015181986477,,14.321472806211435,"rgba(239, 83, 80, 1.0)",0.0,0.0,0.7328915028535579,13.688612207372126,-0.4415554091050607,0.0,0.0,0.0,0.0,0.0,0.0,0.0,0.0,35.87128704262831,-8.378355097292285,False,True,False,True,False,0.6025864268698378,0,0.9045239347711731,1.0318253550762753,False,False,False,False,-0.14756933341196304,-0.1315715111698674,False,False,False,False,-306556.0,-18216.19803279121,False,False,False,False,9736.169878845132,False,False,False,False
2025-07-02 18:00:00+00:00,13.37,13.505,13.365,13.43,7874.0,,,,,,,,,,,,,,,,,,,,,13.647464187502605,12.794476639480372,,14.30854836156062,"rgba(239, 83, 80, 1.0)",0.0,0.0,0.7305631358722441,13.68534048379136,-0.34951186455158517,0.0,0.0,0.0,0.0,0.0,0.0,0.0,0.0,37.06238411501387,-8.378355097292285,False,True,False,True,False,1.4399917550632573,0,0.9080429656798532,1.0272465286874504,False,False,False,False,-0.12362334202072843,-0.1275974265952979,False,False,False,False,-298682.0,-22564.505040034757,False,False,False,False,9707.299028010324,False,False,False,False
2025-07-02 19:00:00+00:00,13.435,13.535,13.32,13.5,61272.0,,,,,,,,,,,,,,,,,,,,,13.636084817459446,12.81353543519267,,14.221385860963727,"rgba(239, 83, 80, 1.0)",0.0,0.0,0.7290043376580935,13.663908479913237,-0.22483882666568053,0.0,0.0,0.0,0.0,0.0,0.0,0.0,0.0,39.062446445217844,-8.378355097292285,False,True,False,True,True,2.338742778554142,0,0.9050847457627119,1.029726205997392,False,False,False,False,-0.1253703865465778,-0.12648390657093786,False,False,False,False,-237410.0,-25895.44294639081,False,False,False,False,10506.751756258227,False,False,False,False
2025-07-03 14:00:00+00:00,13.44,13.465,13.28,13.33,4633.0,,,,,,,,,,,,,,,,,,,,,13.634869573894697,12.81472746980733,,14.214798390086147,"rgba(239, 83, 80, 1.0)",0.0,0.0,0.7272998625670716,13.661927640333449,-0.4563834773210045,0.0,0.0,0.0,0.0,0.0,0.0,0.0,0.0,38.38150050654227,-8.378355097292285,False,True,False,True,True,0.06592166240307407,0,0.8985507246376812,1.032091097308488,False,False,False,False,-0.13820604297922076,-0.1323449747750793,False,False,False,False,-242043.0,-29246.56786195064,False,False,False,False,10415.68583755655,False,False,False,False
2025-07-03 15:00:00+00:00,13.335,13.335,13.21,13.24,4885.0,,,,,,,,,,,,,,,,,,,,,13.633155792925773,12.815756204469901,,14.207188901091838,"rgba(239, 83, 80, 1.0)",0.0,0.0,0.7254045159162594,13.659309807649757,-0.5780358385557143,0.0,0.0,0.0,0.0,0.0,0.0,0.0,0.0,36.97573561346604,-8.73086844937329,False,True,False,True,True,0.0,0,0.8958117890382631,1.0395553257497412,False,False,False,False,-0.16166312145393952,-0.1470040481145094,False,False,False,False,-246928.0,-32621.473786571558,False,False,False,False,10329.93877030761,False,False,False,False
2025-07-03 16:00:00+00:00,13.235,13.255,13.09,13.235,15133.0,,,,,,,,,,,,,,,,,,,,,13.626986809636932,12.818429428503569,,14.182719196117427,"rgba(239, 83, 80, 1.0)",0.0,0.0,0.7234779736649687,13.655205931419852,-0.5808137175084798,0.0,0.0,0.0,0.0,0.0,0.0,0.0,0.0,35.98392325022783,-9.962831930736584,False,True,False,True,False,0.0,0,0.8857069143446855,1.0497936016511864,False,False,False,False,-0.1852979406331793,-0.16615099437384434,False,False,False,False,-262061.0,-36178.6757433689,False,False,False,False,10404.404835884236,False,False,False,False
2025-07-03 17:00:00+00:00,13.235,13.235,13.235,13.235,0.0,,,,,,,,,,,,,,,,,,,,,13.626986809636932,12.818429428503569,,14.182719196117427,"rgba(239, 83, 80, 1.0)",0.0,0.0,0.7221208316448752,13.655205931419852,-0.5819052892612043,0.0,0.0,0.0,0.0,0.0,0.0,0.0,0.0,35.322715008069025,-10.87374585704098,False,True,False,True,False,0.0,0,0.8987506507027591,1.0486725663716812,False,False,False,False,-0.17050383342236294,-0.16832741389810363,False,False,False,False,-262061.0,-39680.7272822314,False,False,False,False,10243.096233777504,False,False,False,False
2025-07-03 18:00:00+00:00,13.235,13.235,13.235,13.235,0.0,,,,,,,,,,,,,,,,,,,,,13.626986809636932,12.818429428503569,,14.182719196117427,"rgba(239, 83, 80, 1.0)",0.0,0.0,0.7208133231613005,13.655205931419852,-0.5829608276064295,0.0,0.0,0.0,0.0,0.0,0.0,0.0,0.0,34.881909513296485,-11.582424005585047,False,True,False,True,False,0.0,0,0.8982208267922555,1.0452642595499735,False,False,False,False,-0.17050383342236294,-0.16941562366023327,False,False,False,False,-262061.0,-43128.48344839835,False,False,False,False,10084.288540230566,False,False,False,False
2025-07-03 19:00:00+00:00,13.235,13.235,13.235,13.235,0.0,,,,,,,,,,,,,,,,,,,,,13.626986809636932,12.818429428503569,,14.182719196117427,"rgba(239, 83, 80, 1.0)",0.0,0.0,0.7194459392195149,13.655205931419852,-0.5840688069984932,0.0,0.0,0.0,0.0,0.0,0.0,0.0,0.0,34.588039183448124,-12.159772460107085,False,True,False,True,False,0.0,0,0.8968503937007875,1.0443569553805772,False,False,False,False,-0.17050383342236294,-0.1699597285412981,False,False,False,False,-262061.0,-46522.78603059372,False,False,False,False,9927.9429814673,False,False,False,False
2025-07-04 14:00:00+00:00,13.235,13.235,13.235,13.235,0.0,,,,,,,,,,,,,,,,,,,,,13.626986809636932,12.818429428503569,,14.182719196117427,"rgba(239, 83, 80, 1.0)",0.0,0.0,0.7179782237155388,13.655205931419852,-0.5852627803184419,0.0,0.0,0.0,0.0,0.0,0.0,0.0,0.0,34.39212563021589,-12.64760819206505,False,True,False,True,False,0.0,0,0.895581273014203,1.0444502893214096,False,False,False,False,-0.17050383342236294,-0.1702317809818305,False,False,False,False,-262061.0,-49864.463766553505,False,False,False,False,9774.021384855403,False,False,False,False
2025-07-04 15:00:00+00:00,13.235,13.235,13.235,13.235,0.0,,,,,,,,,,,,,,,,,,,,,13.626986809636932,12.818429428503569,,14.182719196117427,"rgba(239, 83, 80, 1.0)",0.0,0.0,0.7159792953370522,13.655205931419852,-0.5868967638540967,0.0,0.0,0.0,0.0,0.0,0.0,0.0,0.0,34.26151659472772,-13.070397165497617,False,True,False,True,False,0.0,0,0.9006359300476948,1.0442501324854263,False,False,False,False,-0.17050383342236294,-0.1703678072020967,False,False,False,False,-262061.0,-53154.332545366626,False,False,False,False,9622.486169586327,False,False,False,False
2025-07-04 16:00:00+00:00,13.235,13.235,13.235,13.235,0.0,,,,,,,,,,,,,,,,,,,,,13.626986809636932,12.818429428503569,,14.182719196117427,"rgba(239, 83, 80, 1.0)",0.0,0.0,0.7133601304219811,13.655205931419852,-0.5890516073154858,0.0,0.0,0.0,0.0,0.0,0.0,0.0,0.0,34.17444390440228,-13.442481196665923,False,True,False,True,False,0.0,0,0.9029592108770995,1.0402559317515325,False,False,False,False,-0.17821219688555057,-0.17429000204382364,False,False,False,False,-262061.0,-56393.19560667877,False,False,False,False,9473.300337499717,False,False,False,False
2025-07-04 17:00:00+00:00,13.235,13.235,13.235,13.235,0.0,,,,,,,,,,,,,,,,,,,,,13.626986809636932,12.818429428503569,,14.182719196117427,"rgba(239, 83, 80, 1.0)",0.0,0.0,0.7120694874483424,13.655205931419852,-0.5901192774396707,0.0,0.0,0.0,0.0,0.0,0.0,0.0,0.0,34.11639544418532,-13.772455064957896,False,True,False,True,False,0.0,0,0.9008331093791991,1.0438054286482126,False,False,False,False,-0.18713175955527964,-0.18071088079955164,False,False,False,False,-262061.0,-59581.84373680778,False,False,False,False,9326.427464050108,False,False,False,False
2025-07-04 18:00:00+00:00,13.235,13.235,13.235,13.235,0.0,,,,,,,,,,,,,,,,,,,,,13.626986809636932,12.818429428503569,,14.182719196117427,"rgba(239, 83, 80, 1.0)",0.0,0.0,0.7101860053268807,13.655205931419852,-0.591684330961214,0.0,0.0,0.0,0.0,0.0,0.0,0.0,0.0,34.07769647070735,-14.065762381890345,False,True,False,True,False,0.0,0,0.8960583153347731,1.0448164146868246,False,False,False,False,-0.18809010165411783,-0.18440049122683472,False,False,False,False,-262061.0,-62721.055461818505,False,False,False,False,9181.831689413671,False,False,False,False
2025-07-04 19:00:00+00:00,13.235,13.235,13.235,13.235,0.0,,,,,,,,,,,,,,,,,,,,,13.626986809636932,12.818429428503569,,14.182719196117427,"rgba(239, 83, 80, 1.0)",0.0,0.0,0.7083576805566476,13.655205931419852,-0.5932115129882445,0.0,0.0,0.0,0.0,0.0,0.0,0.0,0.0,34.05189715505537,-14.326192751684083,False,True,False,True,False,0.0,0,0.8945652173913043,1.0478260869565212,False,False,False,False,-0.18809010165411783,-0.18624529644047627,False,False,False,False,-262061.0,-65811.59723760426,False,False,False,False,9039.477709732839,False,False,False,False
2025-07-07 14:00:00+00:00,13.15,13.295,13.15,13.16,8010.0,,,,,,,,,,,,,,,,,,,,,13.62385246107765,12.819860233351994,,14.17034436085963,"rgba(239, 83, 80, 1.0)",0.0,0.0,0.7059794486966118,13.650772587435819,-0.69516554390059,0.0,0.0,0.0,0.0,0.0,0.0,0.0,0.0,31.88786462497243,-16.488862307139883,False,True,False,True,False,0.0,0,0.8894308943089434,1.04390243902439,False,False,False,False,-0.19116296198264024,-0.18870412921155827,False,False,False,False,-270071.0,-68978.40968353288,False,False,False,False,9023.5168150083,False,False,False,False
2025-07-07 15:00:00+00:00,13.16,13.16,12.925,12.965,5529.0,,,,,,,,,,,,,,,,,,,,,13.620779454831828,12.820366114268836,,14.16038616274241,"rgba(239, 83, 80, 1.0)",0.0,0.0,0.7041382376051222,13.644814513790672,-0.9654560390056672,0.0,0.0,0.0,0.0,0.0,0.0,0.0,0.0,27.169902674774477,-20.799086681272172,False,True,False,True,False,0.0,0,0.8801830910070005,1.0498115239633814,False,False,False,False,-0.25234221890747793,-0.2205231740595181,False,False,False,False,-275600.0,-72181.84519231532,False,False,False,False,8969.33825973685,False,False,False,False
2025-07-07 16:00:00+00:00,12.965,13.01,12.845,12.855,4906.0,,,,,,,,,,,,,,,,,,,,,13.617571958803099,12.820554916480047,,14.150831461260223,"rgba(239, 83, 80, 1.0)",0.0,0.0,0.7026703698382609,13.638625383880083,-1.1152105133740808,0.0,0.0,0.0,0.0,0.0,0.0,0.0,0.0,22.933891575785108,-24.431785047438716,False,True,False,True,False,0.0,0,0.8730633324272903,1.0693123131285671,False,False,False,False,-0.2824297300410409,-0.25147645205027946,False,False,False,False,-280506.0,-75411.6770497988,False,False,False,False,8906.34076733783,False,False,False,False
2025-07-07 17:00:00+00:00,12.85,12.9,12.785,12.8,6231.0,,,,,,,,,,,,,,,,,,,,,13.613115844127604,12.820577333019445,,14.138186531386172,"rgba(239, 83, 80, 1.0)",0.0,0.0,0.7017804384447985,13.630429379645523,-1.1833179355723,0.0,0.0,0.0,0.0,0.0,0.0,0.0,0.0,19.656608985185294,-27.100592165042986,False,True,False,True,False,0.0,0,0.870108695652174,1.074728260869565,False,False,False,False,-0.304990107231311,-0.27823327964079525,False,False,False,False,-286737.0,-78688.03864592595,False,False,False,False,8864.862615906235,False,False,False,False
2025-07-07 18:00:00+00:00,12.795,12.89,12.78,12.885,10619.0,,,,,,,,,,,,,,,,,,,,,13.605858864036295,12.820729278180904,,14.117559152269912,"rgba(239, 83, 80, 1.0)",0.0,0.0,0.7000045817095801,13.602738151831128,-1.025333505786831,0.0,0.0,0.0,0.0,0.0,0.0,0.0,0.0,21.54177357844012,-27.100592165042986,False,True,False,True,True,0.0,0,0.8704860168341026,1.0738528373608467,False,False,False,False,-0.30699495443503666,-0.29261411703791596,False,False,False,False,-276118.0,-81748.96827932243,False,False,False,False,8892.058544341797,False,False,False,False
2025-07-07 19:00:00+00:00,12.88,12.92,12.815,12.835,20805.0,,,,,,,,,,,,,,,,,,,,,13.59212610390957,12.821070131313954,,14.07915686951922,"rgba(239, 83, 80, 1.0)",0.0,0.0,0.6987240494625092,13.582798436499022,-1.0702342893081502,0.0,0.0,0.0,0.0,0.0,0.0,0.0,0.0,22.080747977790224,-27.100592165042986,False,True,False,True,True,0.0,0,0.873815326292987,1.0687787706471703,False,False,False,False,-0.2983243271837153,-0.2954692221108156,False,False,False,False,-296923.0,-85084.99977886782,False,False,False,False,9076.755311096187,False,False,False,False
2025-07-08 14:00:00+00:00,13.065,13.115,12.965,13.075,22400.0,,,,,,,,,,,,,,,,,,,,,13.581666372909611,12.823401126771833,,14.04653383311576,"rgba(38, 166, 154, 1.0)",0.0,0.0,0.6954296617303608,13.574164196727716,-0.7177781222125356,0.0,0.0,0.0,0.0,0.0,0.0,0.0,0.0,30.502948612872906,-24.191654435386223,False,True,False,True,True,0.0,0,0.8782771535580525,1.0535045478865699,False,False,False,False,-0.2529913777559869,-0.27423029993340126,False,False,False,False,-274523.0,-88022.02303811017,False,False,False,False,9283.317244257485,False,False,False,False
2025-07-08 15:00:00+00:00,13.075,13.16,13.04,13.155,11564.0,,,,,,,,,,,,,,,,,,,,,13.57708291594774,12.824932250989256,,14.031565007742143,"rgba(38, 166, 154, 1.0)",0.0,0.0,0.6916532094642168,13.570456721875479,-0.6006720075763246,0.0,0.0,0.0,0.0,0.0,0.0,0.0,0.0,37.97080212429705,-17.801491829756813,False,True,False,True,True,0.0,0,0.8841121495327103,1.0510013351134846,False,False,False,False,-0.23746773415984457,-0.2558490170466229,False,False,False,False,-262959.0,-90734.22423131776,False,False,False,False,9318.676666827136,False,False,False,False
2025-07-08 16:00:00+00:00,13.16,13.24,13.095,13.215,18728.0,,,,,,,,,,,,,,,,,,,,,13.570874215192083,12.827920417195141,,14.009975303490945,"rgba(38, 166, 154, 1.0)",0.0,0.0,0.6875544073475586,13.56595600160849,-0.5104410616207151,0.0,0.0,0.0,0.0,0.0,0.0,0.0,0.0,44.2334174114982,-12.623968492822257,False,False,False,True,True,0.0,0,0.8861333333333336,1.0498666666666663,False,False,False,False,-0.22013654733683574,-0.2379927821917293,False,False,False,False,-244231.0,-93114.01920447561,False,False,False,False,9464.557648736793,False,False,False,False
2025-07-08 17:00:00+00:00,13.215,13.47,13.195,13.47,19353.0,,,,,,,,,,,,,,,,,,,,,13.567787184440926,12.832622120399435,,13.993787612736686,"rgba(38, 166, 154, 1.0)",0.0,0.0,0.6851471203884358,13.567004346587595,-0.14158177667388988,0.0,0.0,0.0,0.0,0.0,0.0,0.0,0.0,52.460813528491684,-5.639475399525921,True,False,True,False,True,3.2421103012586308,0,0.8889767932489454,1.0382383966244721,False,False,False,False,-0.17829206861101993,-0.20814242540137462,False,False,False,False,-224878.0,-95156.87161991009,False,False,False,False,9617.866832477306,False,False,False,False
2025-07-08 18:00:00+00:00,13.465,13.545,13.38,13.495,63168.0,,,,,,,,,,,,,,,,,,,,,13.563090041819134,12.85000151797523,,13.953612551732004,"rgba(38, 166, 154, 1.0)",0.0,0.0,0.6825264539637635,13.586045938644949,-0.13339547224316578,0.0,0.0,0.0,0.0,0.0,0.0,0.0,0.0,58.257372641365016,-0.8940185759853989,True,False,True,False,True,3.609265522071155,0,0.8978255174220593,1.0343201467120773,False,False,False,False,-0.14576043136847522,-0.17695142838492492,False,False,False,False,-161710.0,-96188.70306766342,False,False,False,False,10448.101455229595,False,False,False,False
2025-07-08 19:00:00+00:00,13.515,13.525,13.29,13.305,32477.0,,,,,,,,,,,,,,,,,,,,,13.558359339397109,12.85719954484309,,13.931461876334776,"rgba(38, 166, 154, 1.0)",0.0,0.0,0.6799363245226676,13.57970403213761,-0.40401434991792634,0.0,0.0,0.0,0.0,0.0,0.0,0.0,0.0,57.359146652813564,-0.8940185759853989,True,False,True,False,True,0.6091237926326443,0,0.8920187793427231,1.0425143453312467,False,False,False,False,-0.15948256421574258,-0.16821699630033377,False,False,False,False,-194187.0,-97708.05650847484,False,False,False,False,10789.634766001229,False,False,False,False
2025-07-09 14:00:00+00:00,13.27,13.32,13.04,13.08,34691.0,,,,,,,,,,,,,,,,,,,,,13.547680387318678,12.861390782611162,,13.90071574468918,"rgba(38, 166, 154, 1.0)",0.0,0.0,0.6781750019967724,13.56148412789278,-0.709970326943827,0.0,0.0,0.0,0.0,0.0,0.0,0.0,0.0,52.79408756618389,-0.8940185759853989,True,False,True,False,False,0.0,0,0.8758709677419358,1.0531612903225807,False,False,False,False,-0.21694159510962785,-0.1925792957049808,False,False,False,False,-228878.0,-99741.69904322716,False,False,False,False,11160.19856807873,False,False,False,False
2025-07-09 15:00:00+00:00,13.08,13.22,13.07,13.22,25510.0,,,,,,,,,,,,,,,,,,,,,13.540611228914601,12.864641999919053,,13.880254054710694,"rgba(38, 166, 154, 1.0)",0.0,0.0,0.6748656990184791,13.550800567673381,-0.490172441945849,0.0,0.0,0.0,0.0,0.0,0.0,0.0,0.0,52.19875381165234,-0.8940185759853989,True,False,True,False,False,0.0,0,0.8829595256509413,1.0556844547563804,False,False,False,False,-0.22589867299653668,-0.20923898435075874,False,False,False,False,-203368.0,-101348.30836038642,False,False,False,False,11382.676109658903,False,False,False,False
2025-07-09 16:00:00+00:00,13.22,13.225,13.03,13.085,6522.0,,,,,,,,,,,,,,,,,,,,,13.538576292944812,12.865310035997295,,13.874802558345683,"rgba(38, 166, 154, 1.0)",0.0,0.0,0.6729679590246943,13.547710038414547,-0.6875662239330577,0.0,0.0,0.0,0.0,0.0,0.0,0.0,0.0,49.69525631492431,-0.8940185759853989,True,False,False,False,False,0.0,0,0.8801652892561984,1.0663739669421488,False,False,False,False,-0.23039052784670247,-0.2198147560987306,False,False,False,False,-209890.0,-103031.1252850316,False,False,False,False,11307.316790129307,False,False,False,False
2025-07-09 17:00:00+00:00,13.09,13.15,13.065,13.08,5869.0,,,,,,,,,,,,,,,,,,,,,13.536697587170613,12.865871954575825,,13.869867370811939,"rgba(38, 166, 154, 1.0)",0.0,0.0,0.6695181674731203,13.54487069885048,-0.6943361979331841,0.0,0.0,0.0,0.0,0.0,0.0,0.0,0.0,47.94975282303564,7.133204176845204,True,False,False,True,False,0.0,0,0.8810322580645162,1.0681290322580643,False,False,False,False,-0.23553529832233894,-0.22767502721053479,False,False,False,False,-215759.0,-104778.84427286056,False,False,False,False,11223.001801135053,False,False,False,False
2025-07-09 18:00:00+00:00,13.09,13.235,13.085,13.115,8144.0,,,,,,,,,,,,,,,,,,,,,13.534391759942269,12.866802848898544,,13.863530161214543,"rgba(38, 166, 154, 1.0)",0.0,0.0,0.6657769964552677,13.541544094611092,-0.6406711209340361,0.0,0.0,0.0,0.0,0.0,0.0,0.0,0.0,47.50577176964218,6.143922641468194,True,False,False,True,False,0.0,0,0.8815384615384616,1.0620512820512817,False,False,False,False,-0.2220556398706406,-0.2248653335405877,False,False,False,False,-207615.0,-106373.20327638209,False,False,False,False,11175.265339101952,False,False,False,False
2025-07-09 19:00:00+00:00,13.115,13.15,13.005,13.12,34855.0,,,,,,,,,,,,,,,,,,,,,13.523511704152858,12.869967230263867,,13.835691133719926,"rgba(38, 166, 154, 1.0)",0.0,0.0,0.6605804027281288,13.525882985703452,-0.614433888785072,0.0,0.0,0.0,0.0,0.0,0.0,0.0,0.0,47.320262097986756,5.282445593635799,True,False,False,True,False,0.0,0,0.8811045768345697,1.0662234722577346,False,False,False,False,-0.24327556430446517,-0.23407044892252643,False,False,False,False,-172760.0,-107402.45593876376,False,False,False,False,11542.393008263161,False,False,False,False
2025-07-10 14:00:00+00:00,13.125,13.145,13.01,13.08,7299.0,,,,,,,,,,,,,,,,,,,,,13.521232411779188,12.870579463127285,,13.830013791221752,"rgba(38, 166, 154, 1.0)",0.0,0.0,0.6572455627310982,13.522687128425522,-0.673549056133591,0.0,0.0,0.0,0.0,0.0,0.0,0.0,0.0,46.36838841515842,3.6746528185110776,True,False,False,True,False,0.0,0,0.8813602659166456,1.0690360521605726,False,False,False,False,-0.24327556430446517,-0.2386730066134958,False,False,False,False,-180059.0,-108528.91398622478,False,False,False,False,11476.60396937536,False,False,False,False
2025-07-10 15:00:00+00:00,13.085,13.125,12.95,12.995,6426.0,,,,,,,,,,,,,,,,,,,,,13.518998163439884,12.87097359100569,,13.824724882062918,"rgba(239, 83, 80, 1.0)",0.0,0.0,0.6558475707327308,13.519498772059848,-0.7997266368980586,0.0,0.0,0.0,0.0,0.0,0.0,0.0,0.0,44.069257405997426,0.8933961150623873,True,False,False,True,False,0.0,0,0.8791826309067691,1.0702426564495529,False,False,False,False,-0.25364074546088117,-0.2461568760371885,False,False,False,False,-186485.0,-109737.53547481044,False,False,False,False,11398.300031865663,False,False,False,False
2025-07-10 16:00:00+00:00,13.01,13.065,12.93,12.935,29017.0,,,,,,,,,,,,,,,,,,,,,13.508227197894836,12.8721908209205,,13.800339416130727,"rgba(239, 83, 80, 1.0)",0.0,0.0,0.6543477255602973,13.504247812400738,-0.8699469565868952,0.0,0.0,0.0,0.0,0.0,0.0,0.0,0.0,41.45918697360543,-2.037193266797132,False,False,False,True,False,0.0,0,0.877107818088912,1.07639243740419,False,False,False,False,-0.2640595660508482,-0.2551082210440183,False,False,False,False,-215502.0,-111377.29461473586,False,False,False,False,11671.458170906506,False,False,False,False
2025-07-10 17:00:00+00:00,12.935,12.99,12.9,12.96,25928.0,,,,,,,,,,,,,,,,,,,,,13.498493501325964,12.87298337168863,,13.7790385804467,"rgba(239, 83, 80, 1.0)",0.0,0.0,0.6549231644638474,13.490840532591102,-0.8105386423851321,0.0,0.0,0.0,0.0,0.0,0.0,0.0,0.0,40.50474482762952,-3.3614681162185605,False,False,False,True,False,0.0,0,0.876117496807152,1.079693486590038,False,False,False,False,-0.27782020054510415,-0.26646421079456123,False,False,False,False,-189574.0,-112589.64663621283,False,False,False,False,11892.489827171521,False,False,False,False
2025-07-10 18:00:00+00:00,12.96,12.96,12.91,12.93,10944.0,,,,,,,,,,,,,,,,,,,,,13.494364350467828,12.873241726847963,,13.770190224301675,"rgba(239, 83, 80, 1.0)",0.0,0.0,0.6562312202375035,13.485245748874675,-0.8461129732195927,0.0,0.0,0.0,0.0,0.0,0.0,0.0,0.0,39.25697928443008,-4.966501517549268,False,False,False,True,False,0.0,0,0.8803484499103258,1.0786574429925695,False,False,False,False,-0.28045279603342815,-0.2734585034139947,False,False,False,False,-200518.0,-113952.8769209227,False,False,False,False,11877.784558533202,False,False,False,False
2025-07-10 19:00:00+00:00,12.935,13.045,12.91,12.955,109437.0,,,,,,,,,,,,,,,,,,,,,13.458662838214346,12.87721375076163,,13.694400487606876,"rgba(239, 83, 80, 1.0)",0.0,0.0,0.6569833255799408,13.439990694737991,-0.7382085295846347,0.0,0.0,0.0,0.0,0.0,0.0,0.0,0.0,39.32433400752511,-5.3521235192695755,False,False,False,True,False,0.0,0,0.8790199081163861,1.0732516590096988,False,False,False,False,-0.2692899311110219,-0.2713742172625083,False,False,False,False,-91081.0,-113598.27417796267,False,False,False,False,13390.330534369896,False,False,False,False
2025-07-11 14:00:00+00:00,12.84,12.87,12.765,12.82,15734.0,,,,,,,,,,,,,,,,,,,,,13.452455557369658,12.876868277910843,,13.682631055929967,"rgba(239, 83, 80, 1.0)",0.0,0.0,0.6596493950003386,13.432090904519436,-0.9279033819459828,0.0,0.0,0.0,0.0,0.0,0.0,0.0,0.0,36.662219713657976,-8.250873186560021,False,True,False,True,False,0.0,0,0.8733435270132522,1.0810397553516822,False,False,False,False,-0.31168228458384484,-0.2915282509231766,False,False,False,False,-106815.0,-113493.10713644387,False,False,False,False,13426.66649507734,False,False,False,False
2025-07-11 15:00:00+00:00,12.82,12.86,12.765,12.775,7352.0,,,,,,,,,,,,,,,,,,,,,13.449513491372764,12.876658109470867,,13.677124933002412,"rgba(239, 83, 80, 1.0)",0.0,0.0,0.6629528335103847,13.428361711622875,-0.9855327235925303,0.0,0.0,0.0,0.0,0.0,0.0,0.0,0.0,34.13903304939198,-10.876664107381615,False,True,False,True,False,0.0,0,0.8685831622176594,1.089835728952772,False,False,False,False,-0.31302395434835084,-0.3022761026357637,False,False,False,False,-114167.0,-113503.55508781683,False,False,False,False,13332.485619184667,False,False,False,False
2025-07-11 16:00:00+00:00,12.775,12.8,12.71,12.785,6895.0,,,,,,,,,,,,,,,,,,,,,13.446630923559384,12.876372529854416,,13.671819554813204,"rgba(239, 83, 80, 1.0)",0.0,0.0,0.6661144762692701,13.424697334123806,-0.960341438166275,0.0,0.0,0.0,0.0,0.0,0.0,0.0,0.0,32.872827760226954,-12.281287705554782,False,True,False,True,False,0.0,0,0.8654292343387473,1.0917762309873673,False,False,False,False,-0.32853324430055875,-0.31540467346816126,False,False,False,False,-107272.0,-113406.94183064137,False,False,False,False,13232.679640592656,False,False,False,False
2025-07-11 17:00:00+00:00,12.785,12.825,12.76,12.81,4472.0,,,,,,,,,,,,,,,,,,,,,13.444865069155638,12.876243289714003,,13.668536710334497,"rgba(239, 83, 80, 1.0)",0.0,0.0,0.668253896561972,13.422479209719361,-0.9165366829440716,0.0,0.0,0.0,0.0,0.0,0.0,0.0,0.0,33.12368595592892,-12.287766789416558,False,True,False,True,False,0.0,0,0.8669772256728779,1.091356107660455,False,False,False,False,-0.3184016194101663,-0.3169031464391638,False,False,False,False,-102800.0,-113242.49312008878,False,False,False,False,13096.855150040832,False,False,False,False
2025-07-11 18:00:00+00:00,12.82,12.855,12.8,12.83,4454.0,,,,,,,,,,,,,,,,,,,,,13.443197024200746,12.876164395877035,,13.6654033923168,"rgba(239, 83, 80, 1.0)",0.0,0.0,0.6702541067144282,13.420406765209895,-0.8808700450998458,0.0,0.0,0.0,0.0,0.0,0.0,0.0,0.0,34.19171532291072,-12.287766789416558,False,True,False,True,False,0.0,0,0.8684959875744244,1.0862024333419618,False,False,False,False,-0.3090021976668691,-0.31295267205301647,False,False,False,False,-98346.0,-113011.53973838198,False,False,False,False,12962.857395776633,False,False,False,False
2025-07-11 19:00:00+00:00,12.83,12.86,12.755,12.8,30188.0,,,,,,,,,,,,,,,,,,,,,13.431704920210178,12.875378900006606,,13.644192174329174,"rgba(239, 83, 80, 1.0)",0.0,0.0,0.6720360819892665,13.40619957815316,-0.9020342722652224,0.0,0.0,0.0,0.0,0.0,0.0,0.0,0.0,34.125256179731515,-12.287766789416558,False,True,False,True,False,0.0,0,0.8647392875580795,1.0869901910170363,False,False,False,False,-0.31436671651753584,-0.3136596942852762,False,False,False,False,-128534.0,-113252.19803701171,False,False,False,False,13229.913870260716,False,False,False,False
2025-07-14 14:00:00+00:00,12.625,12.69,12.565,12.59,2727.0,,,,,,,,,,,,,,,,,,,,,13.430378580209824,12.87511953886369,,13.64190528746534,"rgba(239, 83, 80, 1.0)",0.0,0.0,0.6772455940016024,13.404513273991522,-1.202685231481322,0.0,0.0,0.0,0.0,0.0,0.0,0.0,0.0,30.272594056270158,-15.68372276812947,False,True,False,True,False,0.0,0,0.8591909882232466,1.0885816692268304,False,False,False,False,-0.34282825441539394,-0.32824397435033503,False,False,False,False,-131261.0,-113531.40426899602,False,False,False,False,13067.077996303186,False,False,False,False
2025-07-14 15:00:00+00:00,12.585,12.61,12.49,12.5,5609.0,,,,,,,,,,,,,,,,,,,,,13.427392124520168,12.874420719252775,,13.636861787266028,"rgba(239, 83, 80, 1.0)",0.0,0.0,0.683970904496812,13.400684346048754,-1.316845994657295,0.0,0.0,0.0,0.0,0.0,0.0,0.0,0.0,26.655127665658025,-19.089460184836767,False,True,False,True,False,0.0,0,0.8601488324352069,1.0923787528868358,False,False,False,False,-0.34282825441539394,-0.33553611438286446,False,False,False,False,-136870.0,-113893.24296249995,False,False,False,False,12951.44888008143,True,False,False,False
2025-07-14 16:00:00+00:00,12.5,12.71,12.39,12.695,9417.0,,,,,,,,,,,,,,,,,,,,,13.422783901615652,12.873476232235646,,13.628989353238557,"rgba(239, 83, 80, 1.0)",0.0,0.0,0.6871885404240083,13.360650406549663,-0.9686576061628498,0.0,0.0,0.0,0.0,1.0,12.695,12.61,0.0,31.057446814705536,-23.60348730702331,False,True,False,True,True,0.0,0,0.8652862985685074,1.0802658486707564,True,False,False,False,-0.34282825441539394,-0.33918218439912917,False,False,False,False,-127453.0,-114103.47175377901,False,False,False,False,12896.651223025905,False,False,False,False
2025-07-14 17:00:00+00:00,12.695,12.955,12.695,12.9,22527.0,,,,,,,,,,,,,,,,,,,,,13.415267790744322,12.873285673431454,,13.615115144730108,"rgba(239, 83, 80, 1.0)",0.0,0.0,0.6895471160299448,13.360863596226299,-0.6683569338665533,0.0,0.0,0.0,0.0,1.0,12.9,12.71,0.0,38.61869134631692,-16.87146392592704,False,False,False,True,True,0.0,0,0.876962025316456,1.0678481012658223,False,False,False,False,-0.2731338407766026,-0.3061580125878659,False,False,False,False,-104926.0,-113961.18536999948,False,False,False,False,13045.958956002247,False,False,False,False
2025-07-14 18:00:00+00:00,12.905,13.125,12.9,13.125,27960.0,,,,,,,,,,,,,,,,,,,,,13.409414079859262,12.875048268998848,,13.602892885118873,"rgba(38, 166, 154, 1.0)",0.0,0.0,0.6898911782577212,13.361275182179465,-0.3424818139813936,0.0,0.0,0.0,0.0,0.0,0.0,0.0,0.0,47.07912192329845,-9.568171732083577,True,False,False,False,True,0.0,0,0.8871859296482417,1.060050251256281,False,False,False,False,-0.22709423448533017,-0.26662612353659804,False,False,False,False,-76966.0,-113387.61660457312,False,False,False,False,13277.184398544847,False,False,False,False
2025-07-14 19:00:00+00:00,13.125,13.2,12.96,13.145,66592.0,,,,,,,,,,,,,,,,,,,,,13.3980996843113,12.880306802968565,,13.578339044328999,"rgba(38, 166, 154, 1.0)",0.0,0.0,0.6902251689005355,13.355592496878739,-0.3051069511333431,0.0,0.0,0.0,0.0,0.0,0.0,0.0,0.0,52.979758919217545,-4.732275254749474,True,False,True,False,True,0.21788526717584134,0,0.8928482432095691,1.0540742586593568,False,False,False,False,-0.21075841302861612,-0.2386922682826071,False,False,False,False,-10374.0,-111790.50626961849,False,False,False,False,14103.7706869395,False,False,False,False
2025-07-15 14:00:00+00:00,13.325,13.745,13.325,13.74,25081.0,,,,,,,,,,,,,,,,,,,,,13.400902766470683,12.886571029657924,,13.578791847334472,"rgba(38, 166, 154, 1.0)",0.0,0.0,0.6910460343722482,13.365555752168277,0.5418513806708576,0.0,0.0,0.0,0.0,0.0,0.0,0.0,0.0,61.852037937436954,2.8798232967122814,True,False,True,False,True,8.735170806178125,0,0.9085158150851584,1.027493917274939,False,False,False,False,-0.10305560496349993,-0.1708739366230535,False,False,False,False,14707.0,-109829.3046220275,False,False,False,False,14273.960288692375,False,False,False,False
2025-07-15 15:00:00+00:00,13.74,14.045,13.74,13.965,29014.0,,,,,,,,,,,,,,,,,,,,,13.408924954955392,12.896792714596014,,13.585727376512924,"rgba(38, 166, 154, 1.0)",0.0,0.0,0.6935023594210123,13.383841638446773,0.8380048800964732,0.0,0.0,0.0,0.0,0.0,0.0,0.0,0.0,68.79927486942177,8.6847096224027,True,False,True,False,True,11.52480332334708,0,0.9324324324324327,1.0106177606177604,False,False,False,False,-0.020195063532484122,-0.09553450007776881,False,False,False,False,43721.0,-107448.67974416661,False,False,False,False,14502.48803615451,False,False,False,False
2025-07-15 16:00:00+00:00,13.975,14.07,13.925,13.97,8170.0,,,,,,,,,,,,,,,,,,,,,13.411451593762907,12.899834212177444,,13.588041120844064,"rgba(38, 166, 154, 1.0)",0.0,0.0,0.6962834218934068,13.423335082163216,0.7851183880699554,0.0,0.0,0.0,0.0,0.0,0.0,0.0,0.0,73.45257520861601,12.546158149529873,True,False,True,False,True,11.585339501091777,0,0.9382983851530491,1.0125331405157867,False,False,False,False,0.0040384718134739055,-0.045748014132147456,False,False,False,False,51891.0,-104978.2971124741,False,False,False,False,14404.30992706684,False,False,False,False
2025-07-15 17:00:00+00:00,13.97,13.97,13.69,13.76,7256.0,,,,,,,,,,,,,,,,,,,,,13.412976307764238,12.902072811792177,,13.58915131847375,"rgba(38, 166, 154, 1.0)",0.0,0.0,0.6561531901995127,13.422226751817202,0.5147780323678569,0.0,0.0,0.0,0.0,0.0,0.0,0.0,0.0,72.37383599372949,12.546158149529873,True,False,True,False,True,8.185324217571633,0,0.9260143198090693,1.0174224343675415,False,False,False,False,-0.03462923057555101,-0.040188622353849235,False,False,False,False,44635.0,-102658.71111073032,False,False,False,False,14293.48341656968,False,False,False,False
2025-07-15 18:00:00+00:00,13.74,13.935,13.72,13.85,9490.0,,,,,,,,,,,,,,,,,,,,,13.415095033969234,12.90507519512627,,13.590773357749741,"rgba(38, 166, 154, 1.0)",0.0,0.0,0.6197122261527784,13.425162395920333,0.685540136455095,0.0,0.0,0.0,0.0,0.0,0.0,0.0,0.0,72.33073170573198,12.546158149529873,True,False,True,False,True,9.313328886521578,0,0.9276222116753678,1.0201708590412906,False,False,False,False,-0.03520685735909529,-0.03769773985647226,False,False,False,False,54125.0,-100227.95589971123,False,False,False,False,14219.010805460071,False,False,False,False
2025-07-15 19:00:00+00:00,13.845,13.9,13.58,13.595,23559.0,,,,,,,,,,,,,,,,,,,,,13.418499563009533,12.91130970532216,,13.592399246615447,"rgba(38, 166, 154, 1.0)",0.0,0.0,0.5817787496235173,13.427576495311143,0.2877786526187162,0.0,0.0,0.0,0.0,0.0,0.0,0.0,0.0,68.00714364844102,12.546158149529873,True,False,True,False,False,5.389500907662825,0,0.9186019235280319,1.0239268121041516,False,False,False,False,-0.0554413594208517,-0.046569549638661986,False,False,False,False,30566.0,-98200.14262994827,False,False,False,False,14363.816839483947,False,False,False,False
2025-07-16 14:00:00+00:00,13.565,13.6,13.29,13.425,7199.0,,,,,,,,,,,,,,,,,,,,,13.418573888787384,12.912583055749002,,13.59164429862924,"rgba(38, 166, 154, 1.0)",0.0,0.0,0.5432903011754779,13.4257660974441,-0.001410106976770892,0.0,0.0,0.0,0.0,0.0,0.0,0.0,0.0,62.790341773184124,12.546158149529873,True,False,True,False,False,2.9225552998812994,0,0.9075063908900767,1.0376481524517773,False,False,False,False,-0.12409464390443403,-0.08533209677154802,False,False,False,False,23367.0,-96315.38072870877,False,False,False,False,14252.73440786404,False,False,False,False
2025-07-16 15:00:00+00:00,13.425,13.455,13.25,13.44,5839.0,,,,,,,,,,,,,,,,,,,,,13.41846204964902,12.913500509477078,,13.59081305726971,"rgba(38, 166, 154, 1.0)",0.0,0.0,0.5049047095895982,13.424127424415278,0.03143677466907135,0.0,0.0,0.0,0.0,0.0,0.0,0.0,0.0,59.496306766354216,19.905806514424086,True,False,True,False,False,3.121154546363023,0,0.9075999075999076,1.0411180411180407,False,False,False,False,-0.14583279793529197,-0.11558244735341999,False,False,False,False,29206.0,-94369.31281043422,False,False,False,False,14122.288913168473,False,False,False,False
2025-07-16 16:00:00+00:00,13.43,13.475,13.365,13.42,3871.0,,,,,,,,,,,,,,,,,,,,,13.418465133105824,12.914156405294243,,13.590365939860725,"rgba(38, 166, 154, 1.0)",0.0,0.0,0.4702716581215836,13.423444821937915,-0.007325174456982574,0.0,0.0,0.0,0.0,0.0,0.0,0.0,0.0,56.99928777839749,17.170342702820392,True,False,True,False,False,2.829388671653458,0,0.9093012494215642,1.0448866265617767,False,False,False,False,-0.12995748234479715,-0.12276996484910857,False,False,False,False,25335.0,-92513.43199166779,False,False,False,False,13963.354201336404,False,False,False,False
2025-07-16 17:00:00+00:00,13.42,13.48,13.38,13.44,3571.0,,,,,,,,,,,,,,,,,,,,,13.418492581575274,12.914775874059202,,13.58998766315708,"rgba(38, 166, 154, 1.0)",0.0,0.0,0.4359723212141528,13.422971253539577,0.03905923755204987,0.0,0.0,0.0,0.0,0.0,0.0,0.0,0.0,55.6359948146209,15.38393215131049,True,False,True,False,False,3.103387178807946,0,0.9091959334565621,1.0441312384473196,False,False,False,False,-0.1276113029846836,-0.12519063391689608,False,False,False,False,28906.0,-90630.96017784347,False,False,False,False,13802.232430773049,False,False,False,False
2025-07-16 18:00:00+00:00,13.455,13.64,13.445,13.585,5494.0,,,,,,,,,,,,,,,,,,,,,13.418883920792736,12.915952036953657,,13.589864627788868,"rgba(38, 166, 154, 1.0)",0.0,0.0,0.4006197338763571,13.42337514235897,0.40343708503114795,0.0,0.0,0.0,0.0,0.0,0.0,0.0,0.0,56.81777281904395,15.38393215131049,True,False,True,False,False,5.06755440239321,0,0.9120349104271936,1.0367478180982999,False,False,False,False,-0.1013067014406356,-0.11324866767876585,False,False,False,False,34400.0,-88692.49567896218,False,False,False,False,13673.422625644784,False,False,False,False
2025-07-16 19:00:00+00:00,13.585,13.65,13.535,13.63,14094.0,,,,,,,,,,,,,,,,,,,,,13.420226414543924,12.919175812064887,,13.590006650004485,"rgba(38, 166, 154, 1.0)",0.0,0.0,0.36746142777289315,13.42552623784563,0.5564495936176014,0.0,0.0,0.0,0.0,0.0,0.0,0.0,0.0,58.210215308267124,15.38393215131049,True,False,True,False,False,5.667381481067586,0,0.9188073394495412,1.0344036697247703,False,False,False,False,-0.08966259240055104,-0.10145563003965843,False,False,False,False,48494.0,-86565.57326533487,False,False,False,False,13679.943205092151,False,False,False,False
2025-07-17 14:00:00+00:00,13.9,14.09,13.895,14.065,9328.0,,,,,,,,,,,,,,,,,,,,,13.423060292896182,12.922563690002642,,13.592640012254092,"rgba(38, 166, 154, 1.0)",0.0,0.0,0.34990162066520425,13.431983999336328,1.8091256606935209,0.0,0.0,0.0,0.0,0.0,0.0,0.0,0.0,63.374380827568785,15.38393215131049,True,False,True,False,True,11.075719965663033,0,0.9255751014884981,1.023229589535408,False,False,False,False,0.002884611746203741,-0.049285509146727344,False,False,False,False,57822.0,-84327.00623796534,False,False,False,False,13612.471217416303,False,False,False,False
2025-07-17 15:00:00+00:00,14.065,14.195,14.045,14.115,5860.0,,,,,,,,,,,,,,,,,,,,,13.425129406572738,12.924878109360714,,13.594670449312503,"rgba(38, 166, 154, 1.0)",0.0,0.0,0.3469120276885011,13.474714069508774,1.8456723301221218,0.0,0.0,0.0,0.0,0.0,0.0,0.0,0.0,67.17151922552846,8.823791254406842,True,False,True,False,True,11.655270643763533,0,0.9352517985611511,1.0152877697841725,False,False,False,False,0.03231892745428355,-0.008483290846221896,False,False,False,False,63682.0,-82032.29296295813,False,False,False,False,13492.277865208298,False,False,False,False
2025-07-17 16:00:00+00:00,14.13,14.16,13.815,13.86,17019.0,,,,,,,,,,,,,,,,,,,,,13.429584154657089,12.930580390002005,,13.59855665441933,"rgba(38, 166, 154, 1.0)",0.0,0.0,0.34983876595105134,13.476903108492582,1.095067010272439,0.0,0.0,0.0,0.0,0.0,0.0,0.0,0.0,65.01080627304873,8.823791254406842,True,False,True,False,True,7.750974170236912,0,0.924709562109026,1.0232350312779264,False,False,False,False,0.0017307593599689937,-0.003376265743126451,False,False,False,False,46663.0,-80037.01710306731,False,False,False,False,13546.955727763207,False,False,False,False
2025-07-17 17:00:00+00:00,13.85,13.97,13.85,13.89,7047.0,,,,,,,,,,,,,,,,,,,,,13.431259129928707,12.93282667714826,,13.599950166249474,"rgba(38, 166, 154, 1.0)",0.0,0.0,0.35692842545935327,13.478913061859796,1.1517349384856403,0.0,0.0,0.0,0.0,0.0,0.0,0.0,0.0,63.88891353300508,8.823791254406842,True,False,True,False,True,8.1127554655315,0,0.9302793296089387,1.0297206703910613,False,False,False,False,-0.016155262448246988,-0.009765764095686719,False,False,False,False,53710.0,-77963.41993867866,False,False,False,False,13446.181220356026,False,False,False,False
2025-07-17 18:00:00+00:00,13.89,13.99,13.87,13.965,13991.0,,,,,,,,,,,,,,,,,,,,,13.43481694708762,12.93743075808842,,13.603024243491985,"rgba(38, 166, 154, 1.0)",0.0,0.0,0.36278995238228645,13.484792533029523,1.323651506380371,0.0,0.0,0.0,0.0,0.0,0.0,0.0,0.0,63.959260701650045,8.823791254406842,True,False,True,False,True,9.018274766633084,0,0.9291443850267381,1.0278520499108732,False,False,False,False,-0.01153898477777366,-0.01065237443673019,False,False,False,False,67701.0,-75705.05683885419,False,False,False,False,13454.628023141202,False,False,False,False
2025-07-17 19:00:00+00:00,13.965,14.03,13.885,13.995,16774.0,,,,,,,,,,,,,,,,,,,,,13.43925244552485,12.943049744095331,,13.606939994940703,"rgba(38, 166, 154, 1.0)",0.0,0.0,0.3719209569225565,13.492531681359656,1.3510083508011885,0.0,0.0,0.0,0.0,0.0,0.0,0.0,0.0,64.34116673624598,8.823791254406842,True,False,True,False,True,9.380867259579059,0,0.9330962436096911,1.024449877750611,False,False,False,False,-0.005192365711921651,-0.00792237007432592,False,False,False,False,84475.0,-73221.64510491845,False,False,False,False,13506.091154565369,False,False,False,False
2025-07-18 14:00:00+00:00,14.06,14.08,13.83,13.83,2965.0,,,,,,,,,,,,,,,,,,,,,13.439945942901314,12.943982156338329,,13.607516796953375,"rgba(38, 166, 154, 1.0)",0.0,0.0,0.3749813809191437,13.493539297213042,0.8972730911658474,0.0,0.0,0.0,0.0,0.0,0.0,0.0,0.0,61.39163978990008,8.823791254406842,True,False,True,False,False,6.856317370404753,0,0.9340707964601771,1.0214601769911502,False,False,False,False,-0.005769306115364053,-0.006845838094844986,False,False,False,False,81510.0,-70822.70487073367,False,False,False,False,13342.663384727144,False,False,False,False
2025-07-18 15:00:00+00:00,13.825,13.97,13.795,13.925,2732.0,,,,,,,,,,,,,,,,,,,,,13.440560714947342,12.944824966970621,,13.60801749254198,"rgba(38, 166, 154, 1.0)",0.0,0.0,0.3805486556003991,13.494386768972054,1.13155893389916,0.0,0.0,0.0,0.0,0.0,0.0,0.0,0.0,60.72024549744153,8.823791254406842,True,False,True,False,False,8.033412936850635,0,0.9344226098476487,1.023846323691764,False,False,False,False,-0.022503808785911707,-0.014674823440378347,False,False,False,False,84242.0,-68418.60091924942,False,False,False,False,13178.156975661606,False,False,False,False
2025-07-18 16:00:00+00:00,13.925,13.97,13.875,13.885,2517.0,,,,,,,,,,,,,,,,,,,,,13.441142157883109,12.945610990731154,,13.608498489994433,"rgba(38, 166, 154, 1.0)",0.0,0.0,0.3869242307743883,13.495227504459729,1.007361298516203,0.0,0.0,0.0,0.0,0.0,0.0,0.0,0.0,59.486801488579914,8.823791254406842,True,False,True,False,False,7.421713510414069,0,0.9379947229551452,1.0182497801231307,False,False,False,False,-0.013270020710112991,-0.013972422075245669,False,False,False,False,81725.0,-66090.79315305951,False,False,False,False,13012.867720224993,False,False,False,False
2025-07-18 17:00:00+00:00,13.89,13.96,13.885,13.96,816.0,,,,,,,,,,,,,,,,,,,,,13.441340384610656,12.945872140095414,,13.608667001253806,"rgba(38, 166, 154, 1.0)",0.0,0.0,0.3945472716285606,13.495534951517447,1.1772101390167915,0.0,0.0,0.0,0.0,0.0,0.0,0.0,0.0,59.77166010568625,8.823791254406842,True,False,True,False,False,8.360980328330989,0,0.938636861713785,1.0186280955511722,False,False,False,False,-0.013270020710112991,-0.01362122139267933,False,False,False,False,82541.0,-63786.424266965565,False,False,False,False,12823.76899588042,False,False,False,False
2025-07-18 18:00:00+00:00,13.965,13.965,13.89,13.905,1479.0,,,,,,,,,,,,,,,,,,,,,13.441688360554531,12.946337949389775,,13.608957966305473,"rgba(38, 166, 154, 1.0)",0.0,0.0,0.4008204086620235,13.496052975426556,1.0202749554059563,0.0,0.0,0.0,0.0,0.0,0.0,0.0,0.0,58.75606248007786,13.540075595373729,True,False,True,False,False,7.502903083028478,0,0.9390563564875494,1.0183486238532107,False,False,False,False,-0.01211598855973354,-0.012868604976206434,False,False,False,False,81062.0,-61540.712262826564,False,False,False,False,12647.88110447142,False,False,False,False
2025-07-18 19:00:00+00:00,13.905,14.05,13.87,14.03,14496.0,,,,,,,,,,,,,,,,,,,,,13.445520432516327,12.951175419988232,,13.612356119199745,"rgba(38, 166, 154, 1.0)",0.0,0.0,0.40964263705098064,13.502488147618667,1.2877366872230211,0.0,0.0,0.0,0.0,0.0,0.0,0.0,0.0,59.99577391035584,13.540075595373729,True,False,True,False,False,9.076611763722088,0,0.9386649328131776,1.0145210229735584,False,False,False,False,-0.0046154287650915895,-0.008742016870649011,False,False,False,False,95558.0,-59105.073313015295,False,False,False,False,12676.534110603645,False,False,False,False
2025-07-21 14:00:00+00:00,14.055,14.105,13.94,13.96,2256.0,,,,,,,,,,,,,,,,,,,,,13.446132107804424,12.951937515998202,,13.612905292826873,"rgba(38, 166, 154, 1.0)",0.0,0.0,0.4164905934284779,13.503519992180543,1.0960151682221542,0.0,0.0,0.0,0.0,0.0,0.0,0.0,0.0,59.21357873592165,13.380951984873391,True,False,True,False,False,7.971188729336394,0,0.9421131913062193,1.01205078545298,False,False,False,False,0.009807994913328658,0.0005329890213398233,False,False,False,False,93302.0,-56742.17295157319,False,False,False,False,12514.975442222192,False,False,False,False
2025-07-21 15:00:00+00:00,13.97,14.0,13.94,13.995,3471.0,,,,,,,,,,,,,,,,,,,,,13.447031168554323,12.953081877299685,,13.613696680611406,"rgba(38, 166, 154, 1.0)",0.0,0.0,0.42365306433319944,13.504967377341462,1.1566837677187933,0.0,0.0,0.0,0.0,0.0,0.0,0.0,0.0,59.27997169423634,13.094039338271521,True,False,True,False,False,8.417826252843874,1,0.9422622880446452,1.0165271517493024,False,False,False,False,-0.002307707862034601,-0.0008873594203473887,False,False,False,False,96773.0,-54362.092750773605,False,False,False,False,12374.758768699367,False,False,False,False
2025-07-21 16:00:00+00:00,13.995,14.04,13.94,13.945,5383.0,,,,,,,,,,,,,,,,,,,,,13.448410774010343,12.954845817548891,,13.614906089112587,"rgba(38, 166, 154, 1.0)",0.0,0.0,0.42925593491255154,13.507152152928507,1.0200158261310757,0.0,0.0,0.0,0.0,0.0,0.0,0.0,0.0,58.08198077519755,11.637169218228607,True,False,True,False,False,7.615353419734824,1,0.9418000865426223,1.0214192990047597,False,False,False,False,0.002307684784988589,0.0007101626823206,False,False,False,False,91390.0,-52102.370382544555,False,False,False,False,12266.359407944337,False,False,False,False
2025-07-21 17:00:00+00:00,13.945,13.975,13.885,13.955,3443.0,,,,,,,,,,,,,,,,,,,,,13.449228224504116,12.95593041868285,,13.615597062760113,"rgba(38, 166, 154, 1.0)",0.0,0.0,0.43531657735780455,13.5083488405166,1.0260375614326285,0.0,0.0,0.0,0.0,0.0,0.0,0.0,0.0,57.48889371105244,10.795500634134129,False,False,True,False,False,7.74738704644955,1,0.9396756756756759,1.0207567567567564,False,False,False,False,-0.01153898477777366,-0.00541441104772653,False,False,False,False,94833.0,-49824.30262467565,False,False,False,False,12129.563138053727,False,False,False,False
2025-07-21 18:00:00+00:00,13.96,14.065,13.955,14.065,2637.0,,,,,,,,,,,,,,,,,,,,,13.449967335872707,12.95683545420544,,13.616271312177169,"rgba(38, 166, 154, 1.0)",0.0,0.0,0.4431981233901688,13.509595231996688,1.2531749091237963,0.0,0.0,0.0,0.0,0.0,0.0,0.0,0.0,59.233510421598645,10.795500634134129,True,False,True,False,True,9.194662929660023,1,0.9415192058696592,1.0176952956409149,False,False,False,False,0.006923175750537183,0.0007543823514053263,False,False,False,False,97470.0,-47540.67002584347,False,False,False,False,11982.391616533514,False,False,False,False
2025-07-21 19:00:00+00:00,14.065,14.085,13.99,14.03,9274.0,,,,,,,,,,,,,,,,,,,,,13.452581570463714,12.96002598226977,,13.61866324872559,"rgba(38, 166, 154, 1.0)",0.0,0.0,0.4499278420625396,13.513959390206631,1.1469408237279943,0.0,0.0,0.0,0.0,0.0,0.0,0.0,0.0,59.351977822296426,10.795500634134129,True,False,True,False,True,8.610475591141576,1,0.9445881845623115,1.0157395429064249,False,False,False,False,0.01326999762912691,0.0070121899902661185,False,False,False,False,88196.0,-45436.22552931877,False,False,False,False,11940.40104883532,False,False,False,False
2025-07-22 14:00:00+00:00,14.035,14.49,14.0,14.4,6198.0,,,,,,,,,,,,,,,,,,,,,13.45509484602084,12.962664248507757,,13.621241815928185,"rgba(38, 166, 154, 1.0)",0.0,0.0,0.46546370369713014,13.518935208289369,1.8928753943914958,0.0,0.0,0.0,0.0,0.0,0.0,0.0,0.0,64.45174198433654,11.18452895592128,True,False,True,False,True,13.233519685431322,0,0.9481623114510305,0.9989377522838323,False,False,False,False,0.06123023818411568,0.0341212140871909,False,False,False,False,94394.0,-43268.315055996,False,False,False,False,11851.371575209967,False,False,False,False
2025-07-22 15:00:00+00:00,14.4,14.585,14.4,14.52,4778.0,,,,,,,,,,,,,,,,,,,,,13.457491590697767,12.965002426144101,,13.623815540183925,"rgba(38, 166, 154, 1.0)",0.0,0.0,0.48358996293579365,13.523928414940602,2.059744124986411,0.0,0.0,0.0,0.0,0.0,0.0,0.0,0.0,68.86312416920245,15.113906059113987,True,False,True,False,True,14.624881000604201,0,0.9645585738539901,0.9961799660441425,False,False,False,False,0.11882532423500247,0.07647326916109669,False,False,False,False,99172.0,-41059.93807838365,False,False,False,False,11741.706899625317,False,False,False,False
2025-07-22 16:00:00+00:00,14.52,14.52,14.39,14.44,6381.0,,,,,,,,,,,,,,,,,,,,,13.460517830273025,12.968009376480545,,13.627028439748775,"rgba(38, 166, 154, 1.0)",0.0,0.0,0.4981442860554756,13.529968438132205,1.82684332098602,0.0,0.0,0.0,0.0,0.0,0.0,0.0,0.0,69.67056480751476,15.682088105727743,True,False,True,False,True,13.272205228186241,0,0.9668014471164079,0.9976590763992336,False,False,False,False,0.11005759065282701,0.09326542990696185,False,False,False,False,92791.0,-38984.72973608313,False,False,False,False,11658.595164747405,False,False,False,False
2025-07-22 17:00:00+00:00,14.43,14.465,14.355,14.37,7865.0,,,,,,,,,,,,,,,,,,,,,13.464022885717563,12.971566148194526,,13.630699910152199,"rgba(38, 166, 154, 1.0)",0.0,0.0,0.5099548823003576,13.536623389262857,1.6342163584704987,0.0,0.0,0.0,0.0,0.0,0.0,0.0,0.0,68.42630899452514,15.682088105727743,True,False,True,False,True,12.098503377589331,0,0.9674814027630181,0.9929861849096703,False,False,False,False,0.09955839200875649,0.09641191095785917,False,False,False,False,84926.0,-37063.63315102758,False,False,False,False,11599.779735836591,False,False,False,False
2025-07-22 18:00:00+00:00,14.355,14.44,14.33,14.365,7742.0,,,,,,,,,,,,,,,,,,,,,13.467380265209874,12.975005222779654,,13.634194224496962,"rgba(38, 166, 154, 1.0)",0.0,0.0,0.5209321167582774,13.542766795623837,1.5783883886692571,0.0,0.0,0.0,0.0,0.0,0.0,0.0,0.0,67.46510398371984,15.682088105727743,True,False,True,False,False,12.014175782994322,0,0.9685374149659867,0.9934098639455778,False,False,False,False,0.09373508942061322,0.09507350018923619,False,False,False,False,77184.0,-35292.35201690312,False,False,False,False,11539.96919729649,False,False,False,False
2025-07-22 19:00:00+00:00,14.365,14.38,14.26,14.285,10223.0,,,,,,,,,,,,,,,,,,,,,13.471438180690221,12.979295466007619,,13.638329228363713,"rgba(38, 166, 154, 1.0)",0.0,0.0,0.5294693927299546,13.549738726184438,1.3886756891168723,0.0,0.0,0.0,0.0,0.0,0.0,0.0,0.0,64.69729755094282,18.92812918362648,True,False,True,False,False,10.660135196077345,0,0.9653043848446149,0.9976585781183479,False,False,False,False,0.078623130089232,0.08684831513923409,False,False,False,False,66961.0,-33707.02872981935,False,False,False,False,11519.551070206622,False,False,False,False
2025-07-23 14:00:00+00:00,14.38,14.605,14.375,14.585,3260.0,,,,,,,,,,,,,,,,,,,,,13.473051745857747,12.980876450573971,,13.640053650662292,"rgba(38, 166, 154, 1.0)",0.0,0.0,0.5447538496942869,13.5527069614706,1.8949715345907492,0.0,0.0,0.0,0.0,0.0,0.0,0.0,0.0,66.8153639643348,18.92812918362648,True,False,True,False,True,14.275961113081472,0,0.9616195698017717,0.9873471109236607,False,False,False,False,0.11824025734700883,0.10254428624312145,False,False,False,False,70221.0,-32095.74146269037,False,False,False,False,11391.496014854582,False,False,False,False
2025-07-23 15:00:00+00:00,14.585,14.605,14.495,14.545,2981.0,,,,,,,,,,,,,,,,,,,,,13.474560295433557,12.98234426727315,,13.641672127178829,"rgba(38, 166, 154, 1.0)",0.0,0.0,0.5579903451003556,13.555476336773376,1.773370582332668,0.0,0.0,0.0,0.0,0.0,0.0,0.0,0.0,67.23637876468561,18.92812918362648,True,False,True,False,True,13.59852782127065,0,0.966687750368965,0.9875606156441069,False,False,False,False,0.13230506180404325,0.11742467402358235,False,False,False,False,67240.0,-30555.652447764936,False,False,False,False,11261.100727802574,False,False,False,False
2025-07-23 16:00:00+00:00,14.53,14.585,14.505,14.545,1490.0,,,,,,,,,,,,,,,,,,,,,13.475310395916834,12.983075340021243,,13.642475967654281,"rgba(38, 166, 154, 1.0)",0.0,0.0,0.5703781896945813,13.556841959428866,1.7324611256616602,0.0,0.0,0.0,0.0,0.0,0.0,0.0,0.0,67.51705529825281,18.92812918362648,True,False,True,False,True,13.59852782127065,0,0.9672688629117961,0.9948990435706693,False,False,False,False,0.1311310806947203,0.12427787735915133,False,False,False,False,67240.0,-29039.440781908117,False,False,False,False,11109.610794038192,False,False,False,False
2025-07-23 17:00:00+00:00,14.545,14.6,14.485,14.495,1743.0,,,,,,,,,,,,,,,,,,,,,13.476171513401459,12.983919652326685,,13.64339542094308,"rgba(38, 166, 154, 1.0)",0.0,0.0,0.5802454590884628,13.558392660705247,1.6141571202747833,0.0,0.0,0.0,0.0,0.0,0.0,0.0,0.0,66.29520984900412,18.92812918362648,True,False,True,False,True,12.732068393388243,0,0.9563003818413238,0.9959694526941025,False,False,False,False,0.13054422508643107,0.1274110512227912,False,False,False,False,65497.0,-27573.759529475432,False,False,False,False,10964.3920220376,False,False,False,False
2025-07-23 18:00:00+00:00,14.495,14.545,14.445,14.5,2976.0,,,,,,,,,,,,,,,,,,,,,13.47759663547847,12.985331107954288,,13.644907714058899,"rgba(38, 166, 154, 1.0)",0.0,0.0,0.5873705952941499,13.56091505521412,1.598794615034472,0.0,0.0,0.0,0.0,0.0,0.0,0.0,0.0,65.56422765213712,18.92812918362648,True,False,True,False,True,12.794144849443384,0,0.9531779661016953,0.9997881355932202,False,False,False,False,0.11941047210208929,0.12341076166244025,False,False,False,False,68473.0,-26084.66248250682,False,False,False,False,10840.540982936242,False,False,False,False
2025-07-23 19:00:00+00:00,14.5,14.52,14.41,14.42,25072.0,,,,,,,,,,,,,,,,,,,,,13.488904065634163,12.99675452302968,,13.656752134871416,"rgba(38, 166, 154, 1.0)",0.0,0.0,0.5904183659464147,13.57986764275384,1.422944145545786,0.0,0.0,0.0,0.0,0.0,0.0,0.0,0.0,62.705159747104304,16.489907422339712,False,False,True,False,False,11.388064540279252,0,0.953035752062619,0.999788449333615,False,False,False,False,0.11239395068305255,0.1179023561727464,False,False,False,False,43401.0,-25007.365389754777,False,False,False,False,11061.183758394594,False,False,False,False
2025-07-24 14:00:00+00:00,14.4,14.545,14.35,14.535,20383.0,,,,,,,,,,,,,,,,,,,,,13.49815451456531,13.006079044029756,,13.666442772092674,"rgba(38, 166, 154, 1.0)",0.0,0.0,0.5940947235420694,13.594726039925593,1.5827004058685665,0.0,0.0,0.0,0.0,0.0,0.0,0.0,0.0,62.98111565088308,16.489907422339712,False,False,True,False,False,12.84815701411316,0,0.9484644509886414,1.0004206983592763,False,False,False,False,0.10830610699936866,0.11310423158605754,False,False,False,False,63784.0,-23630.755073634547,False,False,False,False,11205.708041210182,False,False,False,False
2025-07-24 15:00:00+00:00,14.535,14.68,14.515,14.66,23437.0,,,,,,,,,,,,,,,,,,,,,13.510088346629955,13.017675439929048,,13.67920546721121,"rgba(38, 166, 154, 1.0)",0.0,0.0,0.6010975172342772,13.613944771476573,1.740242137975306,0.0,0.0,0.0,0.0,0.0,0.0,0.0,0.0,65.07229996851046,16.489907422339712,True,False,True,False,True,14.391149797503033,0,0.9557094878253571,0.9968513853904281,False,False,False,False,0.14347645500072137,0.12829034329338945,False,False,False,False,87221.0,-21912.12321202781,False,False,False,False,11395.340474679791,False,False,False,False
2025-07-24 16:00:00+00:00,14.66,14.675,14.535,14.545,12524.0,,,,,,,,,,,,,,,,,,,,,13.51617307213956,13.023676437423788,,13.685649023455808,"rgba(38, 166, 154, 1.0)",0.0,0.0,0.6037340638226458,13.623311087438774,1.5266471908598211,0.0,0.0,0.0,0.0,0.0,0.0,0.0,0.0,63.24136940613853,16.489907422339712,False,False,True,False,True,12.355230544081198,0,0.9609161588569028,0.9947467955452827,False,False,False,False,0.14524354475593526,0.13676694402466236,False,False,False,False,74697.0,-20414.30734827544,False,False,False,False,11412.839071971577,False,False,False,False
2025-07-24 17:00:00+00:00,14.545,14.695,14.51,14.625,10647.0,,,,,,,,,,,,,,,,,,,,,13.52141168234445,13.028823140945313,,13.691205487603831,"rgba(38, 166, 154, 1.0)",0.0,0.0,0.6108735069074676,13.631281856091093,1.626716714135438,0.0,0.0,0.0,0.0,0.0,0.0,0.0,0.0,63.34866911993935,16.489907422339712,False,False,True,False,True,13.35190145461361,0,0.9586466165413535,0.9901837928153715,False,False,False,False,0.14465441528215472,0.14071067965340855,False,False,False,False,85344.0,-18774.643668457215,False,False,False,False,11400.965597987522,False,False,False,False
2025-07-24 18:00:00+00:00,14.625,14.73,14.56,14.71,8153.0,,,,,,,,,,,,,,,,,,,,,13.525596437344515,13.032882171631272,,13.695675073318181,"rgba(38, 166, 154, 1.0)",0.0,0.0,0.620051051371008,13.637661232094771,1.7294362545376842,0.0,0.0,0.0,0.0,0.0,0.0,0.0,0.0,64.70024417230226,16.489907422339712,False,False,True,False,True,14.397252468268753,0,0.963511259382819,0.9897831526271892,False,False,False,False,0.15468353129932047,0.1476971054763645,False,False,False,False,93497.0,-17033.99803018656,False,False,False,False,11350.609542204771,False,False,False,False
2025-07-24 19:00:00+00:00,14.71,14.725,14.555,14.59,9515.0,,,,,,,,,,,,,,,,,,,,,13.530257762354525,13.037468945432865,,13.700609315429942,"rgba(38, 166, 154, 1.0)",0.0,0.0,0.6265873679940538,13.644576577151406,1.5088453281068464,0.0,0.0,0.0,0.0,0.0,0.0,0.0,0.0,62.37973100060924,15.909312830037706,False,True,True,False,False,12.265574217434054,0,0.9622093023255814,0.9887873754152822,False,False,False,False,0.15350206991775467,0.15059958769705958,False,False,False,False,83982.0,-15467.858525842583,False,False,False,False,11322.15047953493,False,False,False,False
2025-07-25 14:00:00+00:00,14.595,14.595,14.35,14.37,2716.0,,,,,,,,,,,,,,,,,,,,,13.531357092170765,13.03862119535459,,13.7017276930107,"rgba(38, 166, 154, 1.0)",0.0,0.0,0.63087399692806,13.646075775354769,1.1474941559967027,0.0,0.0,0.0,0.0,0.0,0.0,0.0,0.0,56.44003488205238,10.447528261682962,False,True,True,False,False,8.539062928018648,0,0.9524495677233431,0.9944421572663644,False,False,False,False,0.11414702153727055,0.13237330461716507,False,False,False,False,81266.0,-13968.108781255876,False,False,False,False,11188.721789929737,False,False,False,False
2025-07-25 15:00:00+00:00,14.355,14.43,14.335,14.36,4081.0,,,,,,,,,,,,,,,,,,,,,13.53288892799287,13.04027080270179,,13.70325784285826,"rgba(38, 166, 154, 1.0)",0.0,0.0,0.6348881010862361,13.64808471822938,1.1213240263167574,0.0,0.0,0.0,0.0,0.0,0.0,0.0,0.0,52.30887916002775,6.875051768804923,False,True,False,False,False,8.373927219985092,0,0.9534500514933061,1.0026776519052523,False,False,False,False,0.0931531140915764,0.11276320935437073,False,False,False,False,77185.0,-12554.882288523228,False,False,False,False,11078.524552876564,False,False,False,False
2025-07-25 16:00:00+00:00,14.355,14.38,14.29,14.3,3390.0,,,,,,,,,,,,,,,,,,,,,13.53407935684302,13.041585079500232,,13.704426270316082,"rgba(38, 166, 154, 1.0)",0.0,0.0,0.6365787142682711,13.649587988212764,1.021730694427738,0.0,0.0,0.0,0.0,0.0,0.0,0.0,0.0,48.49405093161617,3.6166141655372286,False,True,False,True,False,7.376956711157025,0,0.9500624219725345,1.0174781523096128,False,False,False,False,0.08210707657529265,0.09743514296483169,False,False,False,False,73795.0,-11216.124423584883,False,False,False,False,10959.322621824214,False,False,False,False
2025-07-25 17:00:00+00:00,14.3,14.31,14.24,14.27,4345.0,,,,,,,,,,,,,,,,,,,,,13.53550358103978,13.04320011193486,,13.705796965754905,"rgba(38, 166, 154, 1.0)",0.0,0.0,0.6350071787917855,13.69060013564689,0.9124304160710783,0.0,0.0,0.0,0.0,0.0,0.0,0.0,0.0,45.41889740178755,1.0001634594267088,False,True,False,True,False,6.877428322033985,0,0.9465329991645781,1.0192147034252295,False,False,False,False,0.06818236926155746,0.08280875611319458,False,False,False,False,69450.0,-9965.486835622327,False,False,False,False,10856.774984276552,False,False,False,False
2025-07-25 18:00:00+00:00,14.255,14.35,14.25,14.34,5002.0,,,,,,,,,,,,,,,,,,,,,13.537224898605176,13.045114400619813,,13.70747740536631,"rgba(38, 166, 154, 1.0)",0.0,0.0,0.6356614983940162,13.693726519588173,1.0166943916606894,0.0,0.0,0.0,0.0,0.0,0.0,0.0,0.0,45.25102906945942,0.9194011252054182,False,True,False,True,False,7.84697939971338,0,0.9437944003343083,1.018595904722106,False,False,False,False,0.0739808145288566,0.07839478532102559,False,False,False,False,74452.0,-8656.688590108803,False,False,False,False,10766.00327909397,False,False,False,False
2025-07-25 19:00:00+00:00,14.345,14.37,14.27,14.295,13759.0,,,,,,,,,,,,,,,,,,,,,13.541910580099223,13.050343509793521,,13.71203961284627,"rgba(38, 166, 154, 1.0)",0.0,0.0,0.6336501791600273,13.699776760669376,0.9393562235232967,0.0,0.0,0.0,0.0,0.0,0.0,0.0,0.0,44.19579893861682,-0.2012930359943894,False,True,False,True,False,7.080661613952017,0,0.945674885081488,1.0162975344755538,False,False,False,False,0.078623130089232,0.07850895770512879,False,False,False,False,60693.0,-7581.499619719519,False,False,False,False,10812.406329030497,False,False,False,False
2025-07-28 14:00:00+00:00,14.53,14.785,14.53,14.695,5775.0,,,,,,,,,,,,,,,,,,,,,13.544768112382158,13.05314533278935,,13.715066111283743,"rgba(38, 166, 154, 1.0)",0.0,0.0,0.6371056455593441,13.707411858784592,1.5501167633640403,0.0,0.0,0.0,0.0,0.0,0.0,0.0,0.0,50.95417987910818,-5.058552939885587,False,True,False,False,True,12.337910092079518,0,0.9467625899280576,1.003083247687564,False,False,False,False,0.15763906750547715,0.11807401260530298,False,False,False,False,66468.0,-6433.445362049448,False,False,False,False,10734.30700609979,False,False,False,False
2025-07-28 15:00:00+00:00,14.695,14.9,14.695,14.86,4026.0,,,,,,,,,,,,,,,,,,,,,13.547013153719762,13.055271547379908,,13.717490710283485,"rgba(38, 166, 154, 1.0)",0.0,0.0,0.6436675391076402,13.71334003997326,1.7814475491748907,0.0,0.0,0.0,0.0,0.0,0.0,0.0,0.0,57.26099257042464,0.5957999271517949,False,True,True,False,True,14.315078792881216,0,0.9533880903490762,1.002053388090349,False,False,False,False,0.19094094996347896,0.15450748128439096,False,False,False,False,70494.0,-5240.771790544805,False,False,False,False,10630.302246315297,False,False,False,False
2025-07-28 16:00:00+00:00,14.875,14.995,14.815,14.945,4837.0,,,,,,,,,,,,,,,,,,,,,13.549911334789472,13.05796381148079,,13.720653005703971,"rgba(38, 166, 154, 1.0)",0.0,0.0,0.6512627512541735,13.720694719379248,1.8798945253095447,0.0,0.0,0.0,0.0,0.0,0.0,0.0,0.0,62.278960330480444,4.961004329394321,False,False,True,False,True,15.30519079644922,0,0.9473566308243729,1.0188172043010753,False,False,False,False,0.2167953333398691,0.18565140731213003,False,False,False,False,75331.0,-3991.59703410225,False,False,False,False,10540.48360683754,False,False,False,False
2025-07-28 17:00:00+00:00,14.95,15.065,14.93,15.065,6116.0,,,,,,,,,,,,,,,,,,,,,13.553829317983977,13.06154227005635,,13.724965109471071,"rgba(38, 166, 154, 1.0)",0.0,0.0,0.6600181679181005,13.730149333917367,2.022445337062705,0.0,0.0,0.0,0.0,0.0,0.0,0.0,0.0,66.67619975731226,8.7934695045859,True,False,True,False,True,16.676031048120812,0,0.9444319460067492,1.0139482564679412,False,False,False,False,0.2792175805959593,0.23243449395404467,False,False,False,False,81447.0,-2666.9676227208192,False,False,False,False,10471.886961770291,False,False,False,False
2025-07-28 18:00:00+00:00,15.06,15.07,14.985,15.025,3509.0,,,,,,,,,,,,,,,,,,,,,13.556077990173728,13.063596460497555,,13.727438913188218,"rgba(38, 166, 154, 1.0)",0.0,0.0,0.6651822753647627,13.735152804442567,1.9390883421391922,0.0,0.0,0.0,0.0,0.0,0.0,0.0,0.0,68.57642645238715,10.457527219212608,True,False,True,False,True,15.965505519297107,0,0.9569868001820666,1.0081929904415112,False,False,False,False,0.28720682429957084,0.25982065912680774,False,False,False,False,77938.0,-1417.2782022135198,False,False,False,False,10363.935225928892,False,False,False,False
2025-07-28 19:00:00+00:00,15.025,15.08,14.985,15.065,20081.0,,,,,,,,,,,,,,,,,,,,,13.56895991676476,13.075368991682891,,13.741596169187522,"rgba(38, 166, 154, 1.0)",0.0,0.0,0.6689363481212701,13.760395094833687,1.9502676283481066,0.0,0.0,0.0,0.0,0.0,0.0,0.0,0.0,70.24916131898988,12.136596420995204,True,False,True,False,True,16.42872041835505,0,0.953775743707094,1.0050343249427918,False,False,False,False,0.30838099005692915,0.2841008245918685,False,False,False,False,98019.0,124.36952185180621,False,False,False,False,10514.587392968755,False,False,False,False
2025-07-29 14:00:00+00:00,15.21,15.34,15.045,15.12,7783.0,,,,,,,,,,,,,,,,,,,,,13.574311118772657,13.080181661998624,,13.74752073507338,"rgba(38, 166, 154, 1.0)",0.0,0.0,0.6732163621528023,13.852175966846104,1.8832341345650958,0.0,0.0,0.0,0.0,0.0,0.0,0.0,0.0,71.92622204054456,13.974507640829323,True,False,True,False,True,17.06651808318952,0,0.9594809924880493,0.9888458911905303,False,False,False,False,0.3428282263867249,0.3134645254892967,False,False,False,False,105802.0,1762.7823974820108,False,False,False,False,10472.237200829704,False,False,False,False
2025-07-29 15:00:00+00:00,15.115,15.115,14.87,14.945,6784.0,,,,,,,,,,,,,,,,,,,,,13.57838899185704,13.083975186721482,,13.751953612423607,"rgba(38, 166, 154, 1.0)",0.0,0.0,0.6719235062104768,13.854002802202888,1.6236925598125482,0.0,0.0,0.0,0.0,0.0,0.0,0.0,0.0,68.37661359925309,13.974507640829323,True,False,True,False,False,13.92268091546308,0,0.9593181818181818,0.9924999999999998,False,False,False,False,0.2877333759271762,0.30059895070823645,False,False,False,False,99018.0,3270.6152285288013,False,False,False,False,10415.055228723817,False,False,False,False
2025-07-29 16:00:00+00:00,14.945,14.99,14.885,14.975,1474.0,,,,,,,,,,,,,,,,,,,,,13.57925504365768,13.084785837593596,,13.752891665400647,"rgba(38, 166, 154, 1.0)",0.0,0.0,0.6706493626087701,13.854695893958231,1.670476658150958,0.0,0.0,0.0,0.0,0.0,0.0,0.0,0.0,66.45721067498421,13.974507640829323,True,False,True,False,False,14.28534868469539,0,0.9652571428571429,0.9933714285714286,False,False,False,False,0.2728882329326983,0.2867435918204674,False,False,False,False,100492.0,4777.923519559363,False,False,False,False,10276.434217425773,False,False,False,False
2025-07-29 17:00:00+00:00,14.97,15.01,14.93,15.01,2666.0,,,,,,,,,,,,,,,,,,,,,13.580856706870064,13.086276431903144,,13.754631719785587,"rgba(38, 166, 154, 1.0)",0.0,0.0,0.6658042281859224,13.856520570228124,1.73246035537307,0.0,0.0,0.0,0.0,0.0,0.0,0.0,0.0,65.71935767056974,13.974507640829323,True,False,True,False,False,14.711519832932037,0,0.9687858618315357,0.9880651824649987,False,False,False,False,0.2816457801938177,0.28419468600714254,False,False,False,False,103158.0,6303.196023132086,False,False,False,False,10158.44298924863,False,False,False,False
2025-07-29 18:00:00+00:00,15.005,15.15,15.005,15.13,5589.0,,,,,,,,,,,,,,,,,,,,,13.584469004135533,13.089577221946664,,13.758593717909188,"rgba(38, 166, 154, 1.0)",0.0,0.0,0.6609011865463397,13.862760038004776,1.9174424071129599,0.0,0.0,0.0,0.0,0.0,0.0,0.0,0.0,66.93915974999987,13.974507640829323,True,False,True,False,False,16.156546360496073,0,0.9781659388646291,0.976327281084808,False,False,False,False,0.3109236861253981,0.2975591860662703,False,False,False,False,108747.0,7891.472053781201,False,False,False,False,10087.598911895939,False,False,False,False
2025-07-29 19:00:00+00:00,15.13,15.185,15.1,15.12,9961.0,,,,,,,,,,,,,,,,,,,,,13.591033828572918,13.095550044451683,,13.765806846476012,"rgba(38, 166, 154, 1.0)",0.0,0.0,0.654497937009377,13.874193265534299,1.9034540279198038,0.0,0.0,0.0,0.0,0.0,0.0,0.0,0.0,67.44513007917763,13.974507640829323,True,False,True,False,False,15.971134388618125,0,0.9895736793327155,0.9717330861909174,False,False,False,False,0.328877501177612,0.3132183436219411,False,False,False,False,98786.0,9300.689541319476,False,False,False,False,10085.636138068094,False,False,False,False
2025-07-30 14:00:00+00:00,15.045,15.16,15.03,15.1,3499.0,,,,,,,,,,,,,,,,,,,,,13.593269754028263,13.097600567605925,,13.768252256046509,"rgba(38, 166, 154, 1.0)",0.0,0.0,0.6468024748262965,13.877630897599108,1.8898646031451378,0.0,0.0,0.0,0.0,0.0,0.0,0.0,0.0,67.12015382736259,13.974507640829323,True,False,True,False,False,15.595073289876357,0,0.9988273921200751,0.9659943714821763,False,False,False,False,0.31573789610800457,0.31447811986497287,False,False,False,False,95287.0,10633.81063370212,False,False,False,False,9983.517748330603,False,False,False,False
2025-07-30 15:00:00+00:00,15.095,15.175,15.05,15.175,1934.0,,,,,,,,,,,,,,,,,,,,,13.59453284050698,13.09875290503372,,13.769637254896818,"rgba(38, 166, 154, 1.0)",0.0,0.0,0.6396490451027664,13.879679710083852,2.025048422776964,0.0,0.0,0.0,0.0,0.0,0.0,0.0,0.0,68.12271745634627,13.974507640829323,True,False,True,False,False,16.52012587571134,0,1.0241338112305858,0.9464755077658303,False,False,False,False,0.3205663157939778,0.3175222178294753,False,False,False,False,97221.0,11976.247678140846,False,False,False,False,9858.719023550284,False,False,False,False
2025-07-30 16:00:00+00:00,15.175,15.19,15.1,15.14,3900.0,,,,,,,,,,,,,,,,,,,,,13.597090132835225,13.101084084898803,,13.772442056304243,"rgba(38, 166, 154, 1.0)",0.0,0.0,0.6292354720446542,13.883824103566923,1.996352641009298,0.0,0.0,0.0,0.0,0.0,0.0,0.0,0.0,67.52486230541302,13.974507640829323,True,False,True,False,False,15.846478288447312,0,1.0458089668615986,0.9212962962962964,False,False,False,False,0.3295720697163118,0.32354714377289356,False,False,False,False,93321.0,13237.406628867344,False,False,False,False,9766.335782875087,False,False,False,False
2025-07-30 17:00:00+00:00,15.14,15.225,15.14,15.19,4842.0,,,,,,,,,,,,,,,,,,,,,13.600338622943692,13.104029846614088,,13.776013784323075,"rgba(38, 166, 154, 1.0)",0.0,0.0,0.6109988720297286,13.889270081755077,2.128858133442895,0.0,0.0,0.0,0.0,0.0,0.0,0.0,0.0,68.02512535328175,13.974507640829323,True,False,True,False,False,16.47444636271268,0,1.0394574599260173,0.9267570900123303,False,False,False,False,0.3400279422942017,0.3317875430335476,False,False,False,False,98163.0,14554.082495086455,False,False,False,False,9689.98949166772,False,True,False,False
2025-07-30 18:00:00+00:00,15.19,15.19,14.86,14.885,3362.0,,,,,,,,,,,,,,,,,,,,,13.602293231142369,13.105867671839324,,13.778120971566183,"rgba(38, 166, 154, 1.0)",0.0,0.0,0.5811190276735936,13.89149218318274,1.709645992482111,0.0,0.0,0.0,0.0,0.0,0.0,0.0,0.0,60.19836074421473,15.084348802011647,False,True,True,False,False,10.804600013371147,0,1.0232328225407814,0.9330202669303017,False,False,False,False,0.2965634871633709,0.31417551509845926,False,False,False,False,94801.0,15798.220750976587,False,False,False,False,9591.881127455817,False,False,False,False
2025-07-30 19:00:00+00:00,14.88,14.88,14.68,14.815,14633.0,,,,,,,,,,,,,,,,,,,,,13.609591050146285,13.113031682583268,,13.785793913780365,"rgba(38, 166, 154, 1.0)",0.0,0.0,0.5548847538814418,13.896407159003743,1.655465994642421,0.0,0.0,0.0,0.0,0.0,0.0,0.0,0.0,53.734886246060995,9.271161360711332,False,True,False,False,False,9.576891285451268,0,1.0140879881364313,0.9396935244686111,False,False,False,False,0.2309952493252207,0.27258538221184,False,False,False,False,80168.0,16796.201824604857,False,False,False,False,9670.038009200687,False,False,False,False
2025-07-31 14:00:00+00:00,14.685,14.86,14.65,14.69,3409.0,,,,,,,,,,,,,,,,,,,,,13.611195088862324,13.114634227435337,,13.787462098891737,"rgba(239, 83, 80, 1.0)",0.0,0.0,0.5323607376158884,13.89738463816085,1.4888689300957465,0.0,0.0,0.0,0.0,0.0,0.0,0.0,0.0,47.464073132717886,3.8221622705027087,False,True,False,True,False,7.427850565605997,0,1.0071551936836916,0.9447322970639034,False,False,False,False,0.22442174460752168,0.24850356340968083,False,False,False,False,76759.0,17725.8576102699,False,False,False,False,9572.967652468893,False,False,False,False
2025-07-31 15:00:00+00:00,14.69,14.77,14.625,14.69,2188.0,,,,,,,,,,,,,,,,,,,,,13.612187112125712,13.11563680192382,,13.78848643286987,"rgba(239, 83, 80, 1.0)",0.0,0.0,0.5155671241064901,13.897900631826408,1.5363651620462593,0.0,0.0,0.0,0.0,0.0,0.0,0.0,0.0,43.28353105715581,0.33131181179152236,False,True,False,True,False,7.427850565605997,0,1.019412643106023,0.9425087108013939,False,False,False,False,0.20937381134047756,0.2289386873750792,False,False,False,False,76759.0,18641.10012794013,False,False,False,False,9458.472029949995,False,False,False,False
2025-07-31 16:00:00+00:00,14.69,14.73,14.655,14.7,1206.0,,,,,,,,,,,,,,,,,,,,,13.612733127783919,13.11618886564041,,13.789050045874154,"rgba(239, 83, 80, 1.0)",0.0,0.0,0.4980759557112096,13.898197513919689,1.6097996237047933,0.0,0.0,0.0,0.0,0.0,0.0,0.0,0.0,40.80871313610759,-1.7365329125527396,False,True,False,True,False,7.5705690603495945,0,1.0202651988991744,0.937953465098824,False,False,False,False,0.20806979470816486,0.21850424104162203,False,False,False,False,77965.0,19560.85051355346,False,False,False,False,9330.526727160073,False,False,False,False
2025-07-31 17:00:00+00:00,14.705,14.74,14.6,14.71,983.0,,,,,,,,,,,,,,,,,,,,,13.613172979963684,13.116635239461237,,13.789503014360724,"rgba(239, 83, 80, 1.0)",0.0,0.0,0.49447852229291617,13.8984259769624,1.6412725456189687,0.0,0.0,0.0,0.0,0.0,0.0,0.0,0.0,39.49949982495849,-2.9525522047499777,False,True,False,True,False,7.7155800644344765,0,1.0159640808181596,0.9341481666250937,False,False,False,False,0.20221027612079906,0.21035725858121054,False,False,False,False,78948.0,20481.581513343328,False,False,False,False,9201.107708134336,False,False,False,False
2025-07-31 18:00:00+00:00,14.705,14.785,14.67,14.735,4135.0,,,,,,,,,,,,,,,,,,,,,13.61509978344349,13.118565981291455,,13.79150263645689,"rgba(239, 83, 80, 1.0)",0.0,0.0,0.49399850457516503,13.899766762348719,1.6907606600339302,0.0,0.0,0.0,0.0,0.0,0.0,0.0,0.0,39.52910565452058,-3.1622595389141566,False,True,False,True,False,8.082696502046296,0,1.0207137509358626,0.9328674819066635,False,False,False,False,0.2172128336543566,0.21378504611778357,False,False,False,False,83083.0,21452.14614104343,False,False,False,False,9122.563402581865,False,False,False,False
2025-07-31 19:00:00+00:00,14.735,14.77,14.635,14.695,7246.0,,,,,,,,,,,,,,,,,,,,,13.618369823859068,13.121875430621891,,13.794874903372845,"rgba(239, 83, 80, 1.0)",0.0,0.0,0.49300057562597654,13.901922154008977,1.6086752941089983,0.0,0.0,0.0,0.0,0.0,0.0,0.0,0.0,38.603067263617994,-4.4411999077739,False,True,False,True,False,7.34912539803608,0,1.0212022948366182,0.9314043402344725,False,False,False,False,0.210678530188722,0.21223178815325278,False,False,False,False,75837.0,22295.322169864463,False,False,False,False,9093.469396340286,False,False,False,False
2025-08-01 14:00:00+00:00,14.0,14.08,13.895,13.99,2161.0,,,,,,,,,,,,,,,,,,,,,13.618702091794242,13.1224158583216,,13.795088828530472,"rgba(239, 83, 80, 1.0)",0.0,0.0,0.48974851056800595,13.900186923260938,0.18338611512038736,0.0,0.0,0.0,0.0,0.0,0.0,0.0,0.0,30.79520273278507,-11.972364564560436,False,True,False,True,False,0.0,0,1.0041052885776383,0.9425259599130643,False,False,False,False,0.029043154402689925,0.12063747127797135,False,False,False,False,73676.0,23091.921826145634,False,False,False,False,8985.989250660592,False,False,False,False
2025-08-01 15:00:00+00:00,13.995,14.165,13.95,14.08,3488.0,,,,,,,,,,,,,,,,,,,,,13.619348113337528,13.123363829155345,,13.795569714739104,"rgba(239, 83, 80, 1.0)",0.0,0.0,0.48702981021289915,13.897953925206675,0.37378836156609346,0.0,0.0,0.0,0.0,0.0,0.0,0.0,0.0,27.78806545159641,-14.790997506346727,False,True,False,True,False,0.0,0,1.008935039845448,0.9398695967157691,False,False,False,False,0.046552032574772584,0.08359475192637197,False,False,False,False,77164.0,23930.248619538725,False,False,False,False,8900.749107239497,False,False,False,False
2025-08-01 16:00:00+00:00,14.08,14.165,13.945,13.955,1546.0,,,,,,,,,,,,,,,,,,,,,13.619606069956374,13.123764084445472,,13.79574811946801,"rgba(239, 83, 80, 1.0)",0.0,0.0,0.48078537475317723,13.896914326539397,0.12081414392112631,0.0,0.0,0.0,0.0,0.0,0.0,0.0,0.0,24.99714557044926,-17.479020103843915,False,True,False,True,False,0.0,0,1.0123158657329148,0.9381791837720357,False,False,False,False,0.045926287899326644,0.06476051991284931,False,False,False,False,75618.0,24731.6091060575,False,False,False,False,8786.721989297797,False,False,False,False
2025-08-01 17:00:00+00:00,13.96,13.97,13.89,13.955,1399.0,,,,,,,,,,,,,,,,,,,,,13.61979089130924,13.124092387914576,,13.795849857745294,"rgba(239, 83, 80, 1.0)",0.0,0.0,0.47005819076224925,13.895824621495214,0.12588947425600056,0.0,0.0,0.0,0.0,0.0,0.0,0.0,0.0,23.136532316351158,-19.388671144024507,False,True,False,True,False,0.0,0,1.0130687318489837,0.9411907066795739,False,False,False,False,0.014674644778395739,0.039717582345622525,False,False,False,False,75618.0,25520.545398986844,False,False,False,False,8672.183663882328,False,False,False,False
2025-08-01 18:00:00+00:00,13.955,14.02,13.9,13.94,3552.0,,,,,,,,,,,,,,,,,,,,,13.620281234725175,13.124940082200443,,13.796134640745148,"rgba(239, 83, 80, 1.0)",0.0,0.0,0.45960786262569925,13.89325919301183,0.10169714399824271,0.0,0.0,0.0,0.0,0.0,0.0,0.0,0.0,21.791381200599204,-20.92968319287903,False,True,False,True,False,0.0,0,1.019403347077371,0.9347562454523406,False,False,False,False,0.022170127260010445,0.030943854802816487,False,False,False,False,72066.0,26242.180354041313,False,False,False,False,8592.800971419036,False,False,False,False
2025-08-01 19:00:00+00:00,13.94,14.01,13.81,13.87,6713.0,,,,,,,,,,,,,,,,,,,,,13.621047013132953,13.126428166144361,,13.796477049984354,"rgba(239, 83, 80, 1.0)",0.0,0.0,0.4493008783424037,13.902069126456372,-0.07137561487679335,0.0,0.0,0.0,0.0,0.0,0.0,0.0,0.0,20.39598444966169,-22.60204869016931,False,True,False,True,False,0.0,0,1.0079269757386504,0.9349027143886622,False,False,False,False,0.009678624261888124,0.020311239532352306,False,False,False,False,65353.0,26848.54965087788,False,False,False,False,8563.656770311763,False,False,False,False
2025-08-04 14:00:00+00:00,13.995,14.15,13.94,14.145,1704.0,,,,,,,,,,,,,,,,,,,,,13.621368396790738,13.126893857396128,,13.796720520510268,"rgba(239, 83, 80, 1.0)",0.0,0.0,0.4357273612401558,13.903155758438356,0.5550357013920659,0.0,0.0,0.0,0.0,0.0,0.0,0.0,0.0,26.527639282863376,-22.60204869016931,False,True,False,True,True,0.0,0,1.0106660346053569,0.9258118037449634,False,False,False,False,0.04342366364978345,0.03186745159106788,False,False,False,False,67057.0,27471.936477996052,False,False,False,False,8457.305502554991,False,False,False,False
2025-08-04 15:00:00+00:00,14.145,14.16,14.01,14.05,2231.0,,,,,,,,,,,,,,,,,,,,,13.621783896634122,13.12749968510827,,13.797033006141284,"rgba(239, 83, 80, 1.0)",0.0,0.0,0.42679159207163264,13.903657687472394,0.34288939905602484,0.0,0.0,0.0,0.0,0.0,0.0,0.0,0.0,29.440694358629738,-27.82182223270536,False,True,False,True,True,0.0,0,1.013885620145917,0.9258649093904449,False,False,False,False,0.05343773709349284,0.04265259434228036,False,False,False,False,64826.0,28051.06924577906,False,False,False,False,8360.773634298324,False,False,False,False
2025-08-04 16:00:00+00:00,14.03,14.03,13.96,14.0,1564.0,,,,,,,,,,,,,,,,,,,,,13.622025342058558,13.1278895389749,,13.797190979883617,"rgba(239, 83, 80, 1.0)",0.0,0.0,0.41944931723595097,13.903058110809999,0.23111705087236706,0.0,0.0,0.0,0.0,0.0,0.0,0.0,0.0,30.782647217319077,-26.390586664979367,False,True,False,True,True,0.0,0,1.010546051089759,0.9313334895711272,False,False,False,False,0.030918065220529735,0.03678532978140504,False,False,False,False,63262.0,28596.97514894528,False,False,False,False,8255.397298882846,False,False,False,False
2025-08-04 17:00:00+00:00,14.005,14.015,13.86,13.87,1916.0,,,,,,,,,,,,,,,,,,,,,13.622256319615692,13.128321808374688,,13.797305075150437,"rgba(239, 83, 80, 1.0)",0.0,0.0,0.4223917100947089,13.901519522084914,-0.07462154519521187,0.0,0.0,0.0,0.0,0.0,0.0,0.0,0.0,30.22802690162417,-26.390586664979367,False,True,False,True,True,0.0,0,1.0058166589111217,0.932526756630991,False,False,False,False,0.01654832794384619,0.026666828862625617,False,False,False,False,61346.0,29104.711968341475,False,False,False,False,8157.112069442802,False,False,False,False
2025-08-04 18:00:00+00:00,13.875,13.96,13.82,13.95,2093.0,,,,,,,,,,,,,,,,,,,,,13.622503916619044,13.128790470723192,,13.797424174105178,"rgba(239, 83, 80, 1.0)",0.0,0.0,0.42451164310900946,13.899926828908496,0.11795476497365424,0.0,0.0,0.0,0.0,0.0,0.0,0.0,0.0,31.80795212720707,-24.774571710348276,False,True,False,True,True,0.0,0,1.0039297272306984,0.935506241331484,False,False,False,False,0.004683086848794967,0.01567495785571029,False,False,False,False,63439.0,29637.026511467964,False,False,False,False,8063.0948280560915,False,False,False,False
2025-08-04 19:00:00+00:00,13.95,14.0,13.88,13.995,23100.0,,,,,,,,,,,,,,,,,,,,,13.625663254556832,13.134243644039255,,13.799279374492775,"rgba(239, 83, 80, 1.0)",0.0,0.0,0.42232547970823003,13.8896761173647,0.24939031078130322,0.0,0.0,0.0,0.0,0.0,0.0,0.0,0.0,33.93702649682277,-22.401758680360132,False,True,False,True,True,0.0,0,1.006666666666667,0.934022988505747,False,False,False,False,0.017172914168442847,0.01642393601207657,False,False,False,False,86539.0,30519.22765082505,False,False,False,False,8296.225140799408,False,False,False,False
2025-08-05 14:00:00+00:00,14.16,14.205,13.955,14.045,1763.0,,,,,,,,,,,,,,,,,,,,,13.625980858686715,13.134712049065143,,13.799515916238178,"rgba(239, 83, 80, 1.0)",0.0,0.0,0.41999129120097295,13.889491848997626,0.370265179922412,0.0,0.0,0.0,0.0,0.0,0.0,0.0,0.0,36.5597632555434,-19.63175144778588,False,True,False,True,True,0.0,0,1.0100000000000002,0.9254545454545454,False,False,False,False,0.05218543330040568,0.034304684656241126,False,False,False,False,88302.0,31415.084586471174,False,False,False,False,8194.934828538951,False,False,False,False
2025-08-05 15:00:00+00:00,14.045,14.155,14.04,14.14,1203.0,,,,,,,,,,,,,,,,,,,,,13.626218521992572,13.135046222632168,,13.799703064437137,"rgba(239, 83, 80, 1.0)",0.0,0.0,0.4178091507931129,13.88948702241365,0.5995871012178883,0.0,0.0,0.0,0.0,0.0,0.0,0.0,0.0,40.461359872369755,-15.778400801242675,False,True,False,True,True,0.0,0,1.013791544200769,0.9281030974451728,False,False,False,False,0.05656923793876155,0.04543696129750134,False,False,False,False,89505.0,32315.703430091777,False,False,False,False,8086.532738174006,False,False,False,False
2025-08-05 16:00:00+00:00,14.14,14.21,14.12,14.13,1006.0,,,,,,,,,,,,,,,,,,,,,13.626434130858408,13.135337412390284,,13.799880273271132,"rgba(239, 83, 80, 1.0)",0.0,0.0,0.41615274612584713,13.889577151044742,0.577727411854092,0.0,0.0,0.0,0.0,0.0,0.0,0.0,0.0,42.85370269519776,-13.40657925473419,False,False,False,True,True,0.0,0,1.0213055303717138,0.9281504986400725,False,False,False,False,0.07350007760168642,0.05946851944959388,False,False,False,False,88499.0,33186.76229164074,False,False,False,False,7976.757036806967,False,False,False,False
2025-08-05 17:00:00+00:00,14.13,14.18,14.12,14.17,2746.0,,,,,,,,,,,,,,,,,,,,,13.627025482348762,13.136134003234941,,13.800367636914864,"rgba(239, 83, 80, 1.0)",0.0,0.0,0.4112185035448104,13.889811515344016,0.6813615687054111,0.0,0.0,0.0,0.0,0.0,0.0,0.0,0.0,45.41136778668263,-10.867403011245017,False,False,False,True,True,0.0,0,1.0317569111263425,0.9227781585560886,False,False,False,False,0.06973437260982378,0.06460144602970883,False,False,False,False,91245.0,34086.89000804941,False,False,False,False,7895.660028484379,False,False,False,False
2025-08-05 18:00:00+00:00,14.16,14.195,14.09,14.175,4403.0,,,,,,,,,,,,,,,,,,,,,13.627964970682207,13.13740452166295,,13.8011390292614,"rgba(239, 83, 80, 1.0)",0.0,0.0,0.4079339617108296,13.890074566865778,0.6984597015146214,0.0,0.0,0.0,0.0,0.0,0.0,0.0,0.0,47.243414517833116,-8.979242984009723,False,False,False,False,True,0.0,0,1.034135166093929,0.9150057273768613,False,False,False,False,0.06785226694651184,0.06622685648811033,False,False,False,False,95648.0,35041.3258218781,False,False,False,False,7841.5102606009,False,False,False,False
2025-08-05 19:00:00+00:00,14.175,14.37,14.16,14.355,13464.0,,,,,,,,,,,,,,,,,,,,,13.631586245063113,13.141809071597297,,13.804417567367452,"rgba(239, 83, 80, 1.0)",0.0,0.0,0.40271592607828716,13.926215069365687,1.064732986375508,0.0,0.0,0.0,0.0,0.0,0.0,0.0,0.0,52.35378448351388,-4.095091205329048,True,False,True,False,True,2.519673322909725,0,1.0399178832116789,0.9023722627737225,False,False,False,False,0.09866325676852583,0.08244505662831808,False,False,False,False,109112.0,36189.708367275336,False,False,False,False,7928.680644157475,False,False,False,False
2025-08-06 14:00:00+00:00,14.05,14.05,13.48,13.525,5037.0,,,,,,,,,,,,,,,,,,,,,13.631694508694245,13.142581178286605,,13.804121722293809,"rgba(239, 83, 80, 1.0)",0.0,0.0,0.4129600901249556,13.913533337698478,-0.940849605057267,0.0,0.0,0.0,0.0,0.0,0.0,0.0,0.0,44.24411377895343,1.3907811503787357,False,False,False,True,False,0.0,0,1.0050694291381972,0.9058849459995593,False,False,False,False,-0.02654361352877622,0.027950721549770928,False,False,False,False,104075.0,37242.19350886797,False,False,False,False,7883.848386108522,False,False,False,False
2025-08-06 15:00:00+00:00,13.525,13.525,13.23,13.385,6204.0,,,,,,,,,,,,,,,,,,,,,13.631067721378754,13.14299611332843,,13.802831503695883,"rgba(239, 83, 80, 1.0)",0.0,0.0,0.42638657754846027,13.895865589873031,-1.1981277478533423,0.0,0.0,0.0,0.0,0.0,0.0,0.0,0.0,37.95174035924378,-4.11163494536423,False,True,False,True,False,0.0,0,0.992568306010929,0.9309289617486338,False,False,False,False,-0.12395164789088364,-0.048000463170556354,False,False,False,False,97871.0,38182.17500485451,False,False,False,False,7857.804225083584,False,False,False,False
2025-08-06 16:00:00+00:00,13.37,13.465,13.315,13.44,1290.0,,,,,,,,,,,,,,,,,,,,,13.630951586023512,13.14309189595152,,13.802581070437183,"rgba(239, 83, 80, 1.0)",0.0,0.0,0.4393619247282094,13.892968042984265,-1.0309679047961944,0.0,0.0,0.0,0.0,0.0,0.0,0.0,0.0,34.75761147684775,-6.798243239997667,False,True,False,True,False,0.0,0,0.9953836007913829,0.9435040668278741,False,False,False,False,-0.12078261956633776,-0.08439154136844706,False,False,False,False,99161.0,39127.58314431412,False,False,False,False,7755.977802989265,False,False,False,False
2025-08-06 17:00:00+00:00,13.44,13.48,12.96,13.15,8322.0,,,,,,,,,,,,,,,,,,,,,13.629506463252547,13.14321715434692,,13.80012014827424,"rgba(239, 83, 80, 1.0)",0.0,0.0,0.4606487004488359,13.848257974253116,-1.5158144885088431,0.0,0.0,0.0,0.0,0.0,0.0,0.0,0.0,30.806364477724074,-10.367318174367092,False,True,False,True,False,0.0,0,0.9768848563404625,0.9457766256210843,False,False,False,False,-0.16411621307641067,-0.12425387722242887,False,False,False,False,90839.0,39929.31053742553,True,False,False,False,7764.753340927416,False,False,False,False
2025-08-06 18:00:00+00:00,13.145,13.31,13.105,13.28,14552.0,,,,,,,,,,,,,,,,,,,,,13.627204949923009,13.143577289104863,,13.796111453024917,"rgba(239, 83, 80, 1.0)",0.0,0.0,0.4767786329784937,13.823600169915727,-1.1401521215826964,0.0,0.0,0.0,0.0,0.0,0.0,0.0,0.0,30.447922222150325,-10.798378776857106,False,True,False,True,False,0.0,0,0.9808230984701573,0.9566903684550743,False,False,False,False,-0.167324788368166,-0.14578933279529743,False,False,False,False,105391.0,40944.22045157397,False,False,False,False,7869.981971300634,False,False,False,False
2025-08-06 19:00:00+00:00,13.28,13.54,13.135,13.395,27002.0,,,,,,,,,,,,,,,,,,,,,13.624331721247618,13.145175138411004,,13.790435488268635,"rgba(239, 83, 80, 1.0)",0.0,0.0,0.4882014519208584,13.79973946066844,-0.8290419028373789,0.0,0.0,0.0,0.0,0.0,0.0,0.0,0.0,32.10600378119753,-10.798378776857106,False,True,False,True,False,0.0,0,0.9779301478465824,0.956931647739447,False,False,False,False,-0.13410952633894288,-0.13994942956712014,False,False,False,False,132393.0,42362.03098720848,False,False,False,False,8166.6024058541125,False,False,False,False
2025-08-07 14:00:00+00:00,13.83,14.05,13.815,14.03,10148.0,,,,,,,,,,,,,,,,,,,,,13.62568606119488,13.147479005694782,,13.791278770199236,"rgba(38, 166, 154, 1.0)",0.0,0.0,0.48733734177124294,13.808349350823482,0.454819752516647,0.0,0.0,0.0,0.0,0.0,0.0,0.0,0.0,40.41640234766999,-18.448883676071905,False,False,False,True,True,0.0,0,0.9815320041972718,0.9450157397691501,False,False,False,False,0.015299193736461478,-0.06232511791532933,False,False,False,False,142541.0,43915.193297484315,False,False,False,False,8197.32174839901,False,False,False,False
2025-08-07 15:00:00+00:00,14.01,14.125,13.94,14.12,6193.0,,,,,,,,,,,,,,,,,,,,,13.626741252973881,13.149044127654701,,13.792073548971763,"rgba(38, 166, 154, 1.0)",0.0,0.0,0.4868540488327497,13.813953569950318,0.6286204885908598,0.0,0.0,0.0,0.0,0.0,0.0,0.0,0.0,46.68224636822467,-12.674150260725867,True,False,False,False,True,0.24125480242687658,0,0.9905362776025236,0.9409043112513144,False,False,False,False,0.04029614391122493,-0.011014487002052202,False,False,False,False,148734.0,45540.29107581789,False,False,False,False,8166.246992609878,False,False,False,False
2025-08-07 16:00:00+00:00,14.12,14.225,14.04,14.075,4257.0,,,,,,,,,,,,,,,,,,,,,13.627549436350817,13.150177602569178,,13.79272134955326,"rgba(38, 166, 154, 1.0)",0.0,0.0,0.48640743126433184,13.817882138467104,0.5286059484423632,0.0,0.0,0.0,0.0,0.0,0.0,0.0,0.0,50.31254272886713,-9.346938458323166,True,False,True,False,True,0.0,0,1.0052787162162162,0.9277871621621622,False,False,False,False,0.06534353682926217,0.027164524913604982,False,False,False,False,144477.0,47074.19353975869,False,False,False,False,8105.638512104299,False,False,False,False
2025-08-07 17:00:00+00:00,14.09,14.11,13.965,14.04,5828.0,,,,,,,,,,,,,,,,,,,,,13.628481375988363,13.151604560932624,,13.793397515292252,"rgba(38, 166, 154, 1.0)",0.0,0.0,0.488282123810005,13.821683976570679,0.44711041585104017,0.0,0.0,0.0,0.0,0.0,0.0,0.0,0.0,52.27844957645367,-7.385217165281119,True,False,True,False,True,0.0,0,1.0008447729672652,0.9284054910242873,False,False,False,False,0.04154705384274424,0.034355789378174614,False,False,False,False,138649.0,48493.95798100274,False,False,False,False,8070.326287110433,False,False,False,False
2025-08-07 18:00:00+00:00,14.04,14.07,13.985,14.01,2454.0,,,,,,,,,,,,,,,,,,,,,13.628856618450596,13.15219277274392,,13.79366181866508,"rgba(38, 166, 154, 1.0)",0.0,0.0,0.49021200598392906,13.823052988199397,0.381359512860915,0.0,0.0,0.0,0.0,0.0,0.0,0.0,0.0,53.17090295514922,-6.198141209694207,True,False,True,False,True,0.0,0,1.0033948652662847,0.9299809038828769,False,False,False,False,0.039045360007710014,0.036700574692942314,False,False,False,False,136195.0,49853.664058816656,False,False,False,False,7983.251460953683,False,False,False,False
2025-08-07 19:00:00+00:00,14.01,14.055,13.935,14.015,8648.0,,,,,,,,,,,,,,,,,,,,,13.630106259455784,13.154211795388482,,13.794507100616926,"rgba(38, 166, 154, 1.0)",0.0,0.0,0.49217944248371504,13.826990884470575,0.38199302795066653,0.0,0.0,0.0,0.0,0.0,0.0,0.0,0.0,53.82843872143398,-5.043038804233703,True,False,True,False,True,0.0,0,0.9997881355932206,0.9275423728813559,False,False,False,False,0.030918065220529735,0.03380931995673603,False,False,False,False,144843.0,51326.3669416257,False,False,False,False,7993.557639853626,False,False,False,False
2025-08-08 14:00:00+00:00,14.305,14.37,14.17,14.2,4665.0,,,,,,,,,,,,,,,,,,,,,13.631219078884158,13.155610655114858,,13.795496120098234,"rgba(38, 166, 154, 1.0)",0.0,0.0,0.49267769008377404,13.858250089512731,0.6936581813338398,0.0,0.0,0.0,0.0,0.0,0.0,0.0,0.0,56.47693414669106,-1.9860911714031602,True,False,True,False,True,1.3329348023319874,0,1.0025210084033613,0.9218487394957985,False,False,False,False,0.09992442723219568,0.06686687359446586,False,False,False,False,149508.0,52848.562802995846,False,False,False,False,7941.9520950496935,False,False,False,False
2025-08-08 15:00:00+00:00,14.18,14.235,14.05,14.17,4599.0,,,,,,,,,,,,,,,,,,,,,13.632143491265566,13.156866448799109,,13.7962625057977,"rgba(38, 166, 154, 1.0)",0.0,0.0,0.49332907534074416,13.858891470433912,0.6306308407855427,0.0,0.0,0.0,0.0,0.0,0.0,0.0,0.0,57.701911531527934,-0.28368109947918185,True,False,True,False,True,0.9380914109622829,0,1.0008389261744965,0.9240771812080536,False,False,False,False,0.06785226694651184,0.06735957027048885,False,False,False,False,144909.0,54275.856402949394,False,False,False,False,7890.12338039776,False,False,False,False
2025-08-08 16:00:00+00:00,14.155,14.31,14.15,14.29,3151.0,,,,,,,,,,,,,,,,,,,,,13.632894479579129,13.157809896356168,,13.796930448577346,"rgba(38, 166, 154, 1.0)",0.0,0.0,0.4933152967240718,13.862091981414528,0.8674128319698446,0.0,0.0,0.0,0.0,0.0,0.0,0.0,0.0,59.92220495265259,2.3395636045090384,True,False,True,False,True,2.4694185795741284,0,1.0048187722606328,0.9208045254556881,False,False,False,False,0.08984359045009452,0.07860158036029169,False,False,False,False,148060.0,55729.874133136225,False,False,False,False,7816.6485993063225,False,False,False,False
2025-08-08 17:00:00+00:00,14.295,14.3,14.15,14.28,1902.0,,,,,,,,,,,,,,,,,,,,,13.63334201901831,13.158375119142615,,13.797326761249288,"rgba(38, 166, 154, 1.0)",0.0,0.0,0.49292747488395555,13.86376601160055,0.8444122302118355,0.0,0.0,0.0,0.0,0.0,0.0,0.0,0.0,61.19193885549265,4.04351859202351,True,False,True,False,True,2.333451690438551,0,1.0073406040268458,0.9203020134228189,False,False,False,False,0.08858480697538532,0.0835931936678385,False,False,False,False,146158.0,57131.8605806845,False,False,False,False,7724.948621022503,False,False,False,False
2025-08-08 18:00:00+00:00,14.28,14.295,14.175,14.185,5953.0,,,,,,,,,,,,,,,,,,,,,13.634681290204314,13.16009971516979,,13.798493356290509,"rgba(38, 166, 154, 1.0)",0.0,0.0,0.49309193631374154,13.86787616965525,0.6431332718914556,0.0,0.0,0.0,0.0,0.0,0.0,0.0,0.0,60.022534316461844,4.04351859202351,True,False,True,False,True,1.0397297047097993,0,1.0092339979013645,0.9179433368310599,False,False,False,False,0.09110265794619003,0.08734792580701427,False,False,False,False,140205.0,58419.81623059636,False,False,False,False,7697.476549378744,False,False,False,False
2025-08-08 19:00:00+00:00,14.185,14.28,14.07,14.11,36227.0,,,,,,,,,,,,,,,,,,,,,13.6418078975293,13.169837665972484,,13.804377698942206,"rgba(38, 166, 154, 1.0)",0.0,0.0,0.4936741548543418,13.881740660909045,0.462368420235209,0.0,0.0,0.0,0.0,0.0,0.0,0.0,0.0,57.74836185136871,4.04351859202351,True,False,True,False,False,0.02858823831163093,0,1.0060555439548968,0.9158488202129881,False,False,False,False,0.07601169752987778,0.08167981166844603,False,False,False,False,103978.0,59126.14466112975,False,False,False,False,8139.794742411631,False,False,False,False
2025-08-11 14:00:00+00:00,14.025,14.025,13.74,13.765,3483.0,,,,,,,,,,,,,,,,,,,,,13.64207377672221,13.17047191950173,,13.804439709398318,"rgba(38, 166, 154, 1.0)",0.0,0.0,0.4984191857108456,13.88029170888618,-0.23131474909367714,0.0,0.0,0.0,0.0,0.0,0.0,0.0,0.0,51.14526785982209,7.7163855358715665,True,False,False,False,False,0.0,0,0.9921697918813108,0.9227282093550384,False,False,False,False,0.0028098339676283814,0.0422448228180372,False,False,False,False,100495.0,59767.52226328278,False,False,False,False,8067.596374312226,False,False,False,False
2025-08-11 15:00:00+00:00,13.735,13.84,13.645,13.775,5273.0,,,,,,,,,,,,,,,,,,,,,13.64229556037007,13.17130173004756,,13.804316844258041,"rgba(38, 166, 154, 1.0)",0.0,0.0,0.5027523524837113,13.877201553926252,-0.20328408891843575,0.0,0.0,0.0,0.0,0.0,0.0,0.0,0.0,46.934920269402454,3.7898302617293425,True,False,False,True,False,0.0,0,0.9882836587872561,0.9340184994861255,False,False,False,False,-0.0321681506895769,0.00503833606423015,False,False,False,False,105768.0,60480.70796462723,False,False,False,False,8024.269298741493,False,False,False,False
2025-08-11 16:00:00+00:00,13.79,13.86,13.765,13.795,1691.0,,,,,,,,,,,,,,,,,,,,,13.642400569237212,13.171591680965372,,13.804318654513107,"rgba(38, 166, 154, 1.0)",0.0,0.0,0.5068081713257006,13.876483573803498,-0.16077794008402463,0.0,0.0,0.0,0.0,0.0,0.0,0.0,0.0,44.546653997893564,1.547821300095812,True,False,False,True,False,0.0,0,0.9993809327280234,0.9292199752373091,False,False,False,False,-0.014674669760121942,-0.004818166847945896,False,False,False,False,107459.0,61209.05357757875,False,False,False,False,7926.079077055578,False,False,False,False
2025-08-11 17:00:00+00:00,13.795,13.805,13.71,13.765,1926.0,,,,,,,,,,,,,,,,,,,,,13.64248607640016,13.171897360981184,,13.804279801646043,"rgba(38, 166, 154, 1.0)",0.0,0.0,0.5107064353060783,13.875488899267305,-0.2163452261984632,0.0,0.0,0.0,0.0,0.0,0.0,0.0,0.0,42.51276233740311,-0.46912320811345865,False,False,False,True,False,0.0,0,0.9971110193974415,0.9310771770532399,False,False,False,False,-0.028418255137024916,-0.016618210992485408,False,False,False,False,105533.0,61896.24654536822,False,False,False,False,7833.054595240762,False,False,False,False
2025-08-11 18:00:00+00:00,13.76,13.775,13.65,13.66,4909.0,,,,,,,,,,,,,,,,,,,,,13.64258321780582,13.172589091964708,,13.804036164322511,"rgba(38, 166, 154, 1.0)",0.0,0.0,0.5151535938195559,13.872394973143852,-0.4122944607045633,0.0,0.0,0.0,0.0,0.0,0.0,0.0,0.0,39.670535947792054,-3.2970053594827817,False,False,False,True,False,0.0,0,0.9969091283742016,0.929940243148568,False,False,False,False,-0.039670761467450834,-0.02814448622996812,False,False,False,False,100624.0,62496.67683148655,False,False,False,False,7787.720415469587,False,False,False,False
2025-08-11 19:00:00+00:00,13.64,13.695,13.555,13.56,5840.0,,,,,,,,,,,,,,,,,,,,,13.64249703245853,13.173265652933171,,13.803505247021368,"rgba(38, 166, 154, 1.0)",0.0,0.0,0.5219065878933372,13.86164734418339,-0.5779719037481058,0.0,0.0,0.0,0.0,0.0,0.0,0.0,0.0,36.52355248589832,-6.401408510421447,False,True,False,True,False,0.0,0,0.9909613804437144,0.934470008216927,False,False,False,False,-0.06158199625424955,-0.04486324124210884,False,False,False,False,94784.0,62997.25548526195,False,False,False,False,7757.523199725873,False,False,False,False
2025-08-12 14:00:00+00:00,13.73,13.85,13.685,13.7,3228.0,,,,,,,,,,,,,,,,,,,,,13.64262129075118,13.1737615888256,,13.803419828050854,"rgba(38, 166, 154, 1.0)",0.0,0.0,0.5252569083979757,13.86276549731806,-0.30987788016818796,0.0,0.0,0.0,0.0,0.0,0.0,0.0,0.0,37.87392580936981,-6.401408510421447,False,False,False,True,False,0.0,0,0.989623601220753,0.9249237029501527,False,False,False,False,-0.025918775089339704,-0.03539100816572427,False,False,False,False,98012.0,63540.1197413044,False,False,False,False,7687.298033838651,False,False,False,False
2025-08-12 15:00:00+00:00,13.7,13.76,13.645,13.74,2938.0,,,,,,,,,,,,,,,,,,,,,13.64270106066716,13.174188556892386,,13.80330248679947,"rgba(38, 166, 154, 1.0)",0.0,0.0,0.5268815019689884,13.862110222690953,-0.23176031467155248,0.0,0.0,0.0,0.0,0.0,0.0,0.0,0.0,39.67528423821304,-6.401408510421447,False,False,False,True,True,0.0,0,0.9898311978848892,0.9288183851942241,False,False,False,False,-0.04217258231921756,-0.03878179524247091,False,False,False,False,100950.0,64120.11788485007,False,False,False,False,7613.665506182237,False,False,False,False
2025-08-12 16:00:00+00:00,13.725,13.85,13.71,13.78,3534.0,,,,,,,,,,,,,,,,,,,,,13.64288283596991,13.17476286785071,,13.803265348213845,"rgba(38, 166, 154, 1.0)",0.0,0.0,0.5288169440934554,13.86220866645941,-0.15545770115278604,0.0,0.0,0.0,0.0,0.0,0.0,0.0,0.0,41.79671141747271,-6.401408510421447,False,False,False,True,True,0.0,0,0.9993875051041244,0.9224173131890568,False,False,False,False,-0.02279487661812215,-0.03078833593029653,False,False,False,False,104484.0,64745.914506790374,False,False,False,False,7550.414878179411,False,False,False,False
2025-08-12 17:00:00+00:00,13.8,13.905,13.79,13.88,4468.0,,,,,,,,,,,,,,,,,,,,,13.643242863310341,13.175581180619835,,13.803376085705779,"rgba(38, 166, 154, 1.0)",0.0,0.0,0.5306253067996255,13.863316726514572,0.03144077990936919,0.0,0.0,0.0,0.0,0.0,0.0,0.0,0.0,45.37728805207353,-11.214710856861359,True,False,False,True,True,0.0,0,1.0053072055521535,0.9165135741988163,False,False,False,False,-0.005931964527954801,-0.018360150229125665,False,False,False,False,108952.0,65431.28017335176,False,False,False,False,7502.625500223141,False,False,False,False
2025-08-12 18:00:00+00:00,13.88,13.98,13.875,13.98,4603.0,,,,,,,,,,,,,,,,,,,,,13.64376145592983,13.176528925339698,,13.803668878989804,"rgba(38, 166, 154, 1.0)",0.0,0.0,0.5315329267808654,13.865368817448745,0.2156614892053791,0.0,0.0,0.0,0.0,0.0,0.0,0.0,0.0,49.65212084624011,-7.093551802631502,True,False,False,False,True,0.0,0,1.012973640856672,0.9168039538714994,False,False,False,False,-0.02265436292996844,-0.02050725657954705,False,False,False,False,113555.0,66177.38435671065,False,False,False,False,7457.670066111154,False,False,False,False
2025-08-12 19:00:00+00:00,13.98,14.075,13.92,13.95,10429.0,,,,,,,,,,,,,,,,,,,,,13.645072078381174,13.178769658293339,,13.804498751320843,"rgba(38, 166, 154, 1.0)",0.0,0.0,0.5327239621227869,13.869316649307985,0.15145432987566268,0.0,0.0,0.0,0.0,0.0,0.0,0.0,0.0,51.75095237815816,-5.0331277115098985,True,False,True,False,True,0.0,0,1.0022750775594624,0.9226473629782836,False,False,False,False,-0.031799719031081766,-0.02615348780531441,False,False,False,False,103126.0,66750.23111087017,False,False,False,False,7503.73719686912,False,False,False,False
2025-08-13 14:00:00+00:00,14.095,14.1,13.915,13.92,1420.0,,,,,,,,,,,,,,,,,,,,,13.645247985704318,13.179072526795768,,13.804609032887956,"rgba(38, 166, 154, 1.0)",0.0,0.0,0.5341367119258963,13.869696228992066,0.0941777074759716,0.0,0.0,0.0,0.0,0.0,0.0,0.0,0.0,52.37184252378349,-4.227544138970103,True,False,True,False,True,0.0,0,0.9935777915889786,0.9285270354257303,False,False,False,False,-0.040246582019679504,-0.033200034912496956,False,False,False,False,101706.0,67292.18101612799,False,False,False,False,7409.415689940917,False,False,False,False
2025-08-13 15:00:00+00:00,13.95,14.015,13.9,13.905,2063.0,,,,,,,,,,,,,,,,,,,,,13.645473842857067,13.17949104684664,,13.804733704401338,"rgba(38, 166, 154, 1.0)",0.0,0.0,0.5355281808013594,13.86996623081759,0.06541909546195036,0.0,0.0,0.0,0.0,0.0,0.0,0.0,0.0,52.37585311067812,-3.8417553510295335,True,False,True,False,True,0.0,0,0.990420658059142,0.9348188254893796,False,False,False,False,-0.08080514901131387,-0.057002591961905415,False,False,False,False,99643.0,67793.74410114925,False,False,False,False,7326.525524205398,False,False,False,False
2025-08-13 16:00:00+00:00,13.91,14.03,13.9,14.01,1368.0,,,,,,,,,,,,,,,,,,,,,13.64564373504204,13.179782902224867,,13.804840658569416,"rgba(38, 166, 154, 1.0)",0.0,0.0,0.5361879712754863,13.87029541883883,0.26055150179672837,0.0,0.0,0.0,0.0,0.0,0.0,0.0,0.0,54.80687204708447,-1.160795921126116,True,False,True,False,True,0.0,0,0.982370433305013,0.9530586236193714,False,False,False,False,-0.07829563094752923,-0.06764911145471732,False,False,False,False,101011.0,68308.7403166353,False,False,False,False,7234.1452835200425,False,False,False,False
2025-08-13 17:00:00+00:00,14.01,14.07,13.96,13.97,3439.0,,,,,,,,,,,,,,,,,,,,,13.646095565395761,13.180533968983958,,13.805139588224353,"rgba(38, 166, 154, 1.0)",0.0,0.0,0.5344505219010848,13.871253588272207,0.1847624947142801,0.0,0.0,0.0,0.0,0.0,0.0,0.0,0.0,55.203651236919455,-0.4050260157080814,True,False,True,False,True,0.0,0,0.9670164917541231,0.9638038123795247,False,False,False,False,-0.06158910419079715,-0.06461910782275723,False,False,False,False,97572.0,68762.4342652146,False,False,False,False,7175.305821760042,False,False,False,False
2025-08-13 18:00:00+00:00,13.965,14.0,13.93,13.935,1444.0,,,,,,,,,,,,,,,,,,,,,13.646260861262297,13.180831628769678,,13.805235909531504,"rgba(38, 166, 154, 1.0)",0.0,0.0,0.5304375807076729,13.871441227737524,0.1198232828407085,0.0,0.0,0.0,0.0,0.0,0.0,0.0,0.0,54.40210436732447,-0.4050260157080814,True,False,True,False,True,0.0,0,0.9576708207993126,0.9677696605070908,False,False,False,False,-0.07829563094752923,-0.07145736938514323,False,False,False,False,96128.0,69186.70660218802,False,False,False,False,7086.4483671591115,False,False,False,False
2025-08-13 19:00:00+00:00,13.935,14.115,13.935,14.105,8318.0,,,,,,,,,,,,,,,,,,,,,13.647506645766693,13.18275536250482,,13.806144937202571,"rgba(38, 166, 154, 1.0)",0.0,0.0,0.5237572420965947,13.88980834552512,0.41086143957355226,0.0,0.0,0.0,0.0,0.0,0.0,0.0,0.0,57.61005587554431,2.5032448999899017,True,False,True,False,True,1.1051063143831286,0,0.9678463530427278,0.9583513163573587,False,False,False,False,-0.05825221183603214,-0.06485479061058769,False,False,False,False,104446.0,69733.362313782,False,False,False,False,7105.542190924086,False,False,False,False
2025-08-14 14:00:00+00:00,13.89,13.965,13.81,13.81,3008.0,,,,,,,,,,,,,,,,,,,,,13.647744366978628,13.183297281310857,,13.806218902013342,"rgba(38, 166, 154, 1.0)",0.0,0.0,0.5160369862433833,13.8867878812334,-0.1488030573009789,0.0,0.0,0.0,0.0,0.0,0.0,0.0,0.0,52.981177143599396,2.5032448999899017,True,False,True,False,False,0.0,0,0.9552688172043011,0.9574193548387097,False,False,False,False,-0.10428065493021502,-0.08456772277040135,False,False,False,False,101438.0,70224.90708411096,False,False,False,False,7042.014405018286,False,False,False,False
2025-08-14 15:00:00+00:00,13.82,13.84,13.67,13.69,2262.0,,,,,,,,,,,,,,,,,,,,,13.647815750787851,13.18362724526402,,13.806145959012529,"rgba(38, 166, 154, 1.0)",0.0,0.0,0.5099200608609663,13.883479256723444,-0.3794305648551408,0.0,0.0,0.0,0.0,0.0,0.0,0.0,0.0,48.04832737968667,3.7269456957486042,False,False,False,True,False,0.0,0,0.954978354978355,0.9610389610389612,False,False,False,False,-0.149053829835089,-0.11681077630274517,False,False,False,False,99176.0,70673.76123784568,False,False,False,False,6967.9056545528865,False,False,False,False
2025-08-14 16:00:00+00:00,13.69,13.71,13.63,13.69,3242.0,,,,,,,,,,,,,,,,,,,,,13.647850197130683,13.184050794743507,,13.805960503258802,"rgba(38, 166, 154, 1.0)",0.0,0.0,0.5021355296033868,13.87483893181621,-0.368105662553308,0.0,0.0,0.0,0.0,0.0,0.0,0.0,0.0,44.75976087041151,0.7929298814279306,False,True,False,True,False,0.0,0,0.965456930476607,0.9532138172278094,False,False,False,False,-0.17808056465543057,-0.14744567047908785,False,False,False,False,99176.0,71115.65641245272,False,False,False,False,6910.139675412532,False,False,False,False
2025-08-14 17:00:00+00:00,13.69,13.755,13.67,13.715,3205.0,,,,,,,,,,,,,,,,,,,,,13.647927396847422,13.184499908571974,,13.805829531126335,"rgba(38, 166, 154, 1.0)",0.0,0.0,0.4917998933866489,13.87269859450141,-0.32065601603827204,0.0,0.0,0.0,0.0,0.0,0.0,0.0,0.0,43.233632378550574,-0.5950000769166977,False,True,False,True,False,0.0,0,0.9687912087912087,0.9446153846153845,False,False,False,False,-0.16353305260548204,-0.15548936154228493,False,False,False,False,102381.0,71600.39042156197,False,False,False,False,6852.695649437143,False,False,False,False
2025-08-14 18:00:00+00:00,13.735,13.865,13.735,13.81,3187.0,,,,,,,,,,,,,,,,,,,,,13.648109366532381,13.185021620017281,,13.805826026325642,"rgba(38, 166, 154, 1.0)",0.0,0.0,0.4840205862645848,13.873206197294845,-0.1305857624417106,0.0,0.0,0.0,0.0,0.0,0.0,0.0,0.0,44.63763795162203,-0.5950000769166977,False,True,False,True,False,0.0,0,0.9657744624835454,0.9398859148749453,False,False,False,False,-0.13379008797715733,-0.14463972475972114,False,False,False,False,105568.0,72127.02002742923,False,False,False,False,6795.863158748195,False,False,False,False
2025-08-14 19:00:00+00:00,13.805,14.01,13.805,14.005,15350.0,,,,,,,,,,,,,,,,,,,,,13.649746316833603,13.188074836068616,,13.806727290019023,"rgba(38, 166, 154, 1.0)",0.0,0.0,0.4737837724775383,13.881939521976403,0.25973974874673955,0.0,0.0,0.0,0.0,0.0,0.0,0.0,0.0,49.41029020704992,-6.962676528406327,True,False,False,False,True,0.024472144309353183,0,0.9683336973138241,0.9340467350949991,False,False,False,False,-0.09756279619249975,-0.12110126047611044,False,False,False,False,120918.0,72883.46932932956,False,False,False,False,6928.48543535675,False,False,False,False
2025-08-15 14:00:00+00:00,13.965,13.965,13.82,13.84,1367.0,,,,,,,,,,,,,,,,,,,,,13.649858759341857,13.188322142949318,,13.80676810608612,"rgba(38, 166, 154, 1.0)",0.0,0.0,0.46287022678806183,13.881823323105817,-0.09035647722696732,0.0,0.0,0.0,0.0,0.0,0.0,0.0,0.0,49.20181872445452,-6.962676528406327,True,False,False,False,True,0.0,0,0.9645979020979022,0.9414335664335665,False,False,False,False,-0.10260033427651395,-0.1118507973763122,False,False,False,False,119551.0,73606.99693662678,False,False,False,False,6842.260854963622,False,False,False,False
2025-08-15 15:00:00+00:00,13.84,13.89,13.77,13.865,1218.0,,,,,,,,,,,,,,,,,,,,,13.649944032193309,13.18853165476111,,13.806786685800143,"rgba(38, 166, 154, 1.0)",0.0,0.0,0.4473956871728717,13.88151389926694,-0.03691117223613044,0.0,0.0,0.0,0.0,0.0,0.0,0.0,0.0,49.55050714972644,-6.452772149506785,True,False,False,False,True,0.0,0,0.9584880926370986,0.9451605855363776,False,False,False,False,-0.123649010104182,-0.1177499037402471,False,False,False,False,120769.0,74338.19078257054,False,False,False,False,6755.063012251007,False,False,False,False
2025-08-15 16:00:00+00:00,13.865,13.93,13.85,13.85,2231.0,,,,,,,,,,,,,,,,,,,,,13.650128507367013,13.188935613654381,,13.806854764814908,"rgba(38, 166, 154, 1.0)",0.0,0.0,0.4311267241220819,13.881349604005882,-0.07271552017500316,0.0,0.0,0.0,0.0,0.0,0.0,0.0,0.0,49.46611554031388,-6.12872683244133,True,False,False,False,True,0.0,0,0.9571206398578094,0.952010664296823,False,False,False,False,-0.10344042184723168,-0.11059516279373939,False,False,False,False,118538.0,75023.45914253069,False,False,False,False,6684.922500433162,False,False,False,False
2025-08-15 17:00:00+00:00,13.85,13.91,13.85,13.88,1115.0,,,,,,,,,,,,,,,,,,,,,13.650221946089617,13.189138302538192,,13.80689036157059,"rgba(38, 166, 154, 1.0)",0.0,0.0,0.41403875433354764,13.881284082224875,-0.0031013575696337667,0.0,0.0,0.0,0.0,0.0,0.0,0.0,0.0,50.09985175616276,-5.073170910321203,True,False,False,False,True,0.0,0,0.9502565246486728,0.9573946018291322,False,False,False,False,-0.10680223950419646,-0.10869870114896793,False,False,False,False,119653.0,75715.39000853796,False,False,False,False,6598.567112829547,False,False,False,False
2025-08-15 18:00:00+00:00,13.885,13.89,13.84,13.85,1161.0,,,,,,,,,,,,,,,,,,,,,13.650310697528774,13.18934312102561,,13.80691726050385,"rgba(38, 166, 154, 1.0)",0.0,0.0,0.39284808975176083,13.881107069962633,-0.07918345735698981,0.0,0.0,0.0,0.0,0.0,0.0,0.0,0.0,49.770453642194084,-4.958623317013775,True,False,False,False,True,0.0,0,0.9595388788426763,0.9561482820976495,False,False,False,False,-0.11184950319382826,-0.1102741021713981,False,False,False,False,118492.0,76378.59326421954,False,False,False,False,6514.263746739166,False,False,False,False
2025-08-15 19:00:00+00:00,13.85,13.87,13.735,13.755,3864.0,,,,,,,,,,,,,,,,,,,,,13.6505024245492,13.189949451815997,,13.806883182596097,"rgba(38, 166, 154, 1.0)",0.0,0.0,0.37177104743605016,13.879311277225924,-0.3343758963567651,0.0,0.0,0.0,0.0,0.0,0.0,0.0,0.0,47.33631366638252,-4.958623317013775,False,False,False,True,False,0.0,0,0.9532414727806643,0.9484978540772535,False,False,False,False,-0.1329439808788466,-0.12160904152512235,False,False,False,False,114628.0,76971.60732213862,False,False,False,False,6473.174386324605,False,False,False,False
2025-08-18 14:00:00+00:00,13.68,13.82,13.68,13.82,4100.0,,,,,,,,,,,,,,,,,,,,,13.650685409809205,13.19057712508912,,13.80682338307701,"rgba(38, 166, 154, 1.0)",0.0,0.0,0.3456345255109964,13.877367935502884,-0.16597860245028723,0.0,0.0,0.0,0.0,0.0,0.0,0.0,0.0,47.52210860522166,-4.958623317013775,False,False,False,True,False,0.0,0,0.9498984427894381,0.9517039043105394,False,False,False,False,-0.15075393692819145,-0.1361814892266569,False,False,False,False,118728.0,77618.99325512872,False,False,False,False,6436.380984986238,False,False,False,False
2025-08-18 15:00:00+00:00,13.82,13.84,13.76,13.84,1254.0,,,,,,,,,,,,,,,,,,,,,13.650759485005043,13.190781990229153,,13.806826930081794,"rgba(38, 166, 154, 1.0)",0.0,0.0,0.3297435257784136,13.877011246903777,-0.11224252793563118,0.0,0.0,0.0,0.0,0.0,0.0,0.0,0.0,48.1950460089041,-4.958623317013775,False,False,False,False,False,0.0,0,0.9526935264825714,0.9524671797193304,False,False,False,False,-0.13379008797715733,-0.13498578860190713,False,False,False,False,119982.0,78275.7840573748,False,False,False,False,6356.033992970948,False,False,False,False
2025-08-18 16:00:00+00:00,13.84,13.86,13.81,13.83,1283.0,,,,,,,,,,,,,,,,,,,,,13.65084451842688,13.190998182820747,,13.806841698092235,"rgba(38, 166, 154, 1.0)",0.0,0.0,0.315149428306873,13.876756044657085,-0.14836150872391,0.0,0.0,0.0,0.0,0.0,0.0,0.0,0.0,48.355153228129495,-4.958623317013775,False,False,False,False,False,0.0,0,0.9570580173595249,0.9534033805390589,False,False,False,False,-0.12196134312891149,-0.1284735658654093,False,False,False,False,118699.0,78902.50058361705,False,False,False,False,6277.382303157445,False,False,False,False
2025-08-18 17:00:00+00:00,13.83,13.835,13.79,13.79,1456.0,,,,,,,,,,,,,,,,,,,,,13.650925954212692,13.191232536379516,,13.80684053436864,"rgba(38, 166, 154, 1.0)",0.0,0.0,0.304007867963595,13.876312800661335,-0.283916338216851,0.0,0.0,0.0,0.0,0.0,0.0,0.0,0.0,47.279228316682705,-4.958623317013775,False,False,False,True,False,0.0,0,0.9574908088235295,0.9492187500000001,False,False,False,False,-0.1295614316833907,-0.1290174987744,False,False,False,False,117243.0,79496.92693115787,False,False,False,False,6202.6321899301975,False,False,False,False
2025-08-18 18:00:00+00:00,13.795,13.795,13.73,13.75,996.0,,,,,,,,,,,,,,,,,,,,,13.650964754191513,13.191380565357191,,13.806819576462058,"rgba(38, 166, 154, 1.0)",0.0,0.0,0.2922537925832038,13.875838955445863,-0.4305810861634475,0.0,0.0,0.0,0.0,0.0,0.0,0.0,0.0,45.42191506896738,-4.958623317013775,False,True,False,True,False,0.0,1,0.9509894155545329,0.950989415554533,False,False,False,False,-0.14650526883901777,-0.13776138380670888,False,False,False,False,116247.0,80066.69550586859,False,False,False,False,6121.909210241357,False,False,False,False
2025-08-18 19:00:00+00:00,13.75,13.88,13.71,13.84,5899.0,,,,,,,,,,,,,,,,,,,,,13.651304286903272,13.192335466042419,,13.806827694214176,"rgba(38, 166, 154, 1.0)",0.0,0.0,0.2784944562502983,13.874299734754672,-0.12316128377020552,0.0,0.0,0.0,0.0,0.0,0.0,0.0,0.0,47.311287365323366,-4.958623317013775,False,False,False,True,True,0.0,1,0.9498281786941581,0.9468499427262316,False,False,False,False,-0.1354828748547257,-0.1366221293307173,False,False,False,False,122146.0,80719.08782360706,False,False,False,False,6118.453253493429,False,False,False,False
2025-08-19 14:00:00+00:00,13.955,14.02,13.955,13.955,1847.0,,,,,,,,,,13.976666666666668,,,,,,,,,,,13.651521634008535,13.19271435573361,,13.806963316088732,"rgba(38, 166, 154, 1.0)",0.0,0.0,0.2630015585881709,13.87491989793574,0.30448527565441447,0.0,0.0,0.0,0.0,0.0,0.0,0.0,0.0,51.63429854808018,-1.8710012927648378,True,False,True,False,True,0.0,1,0.9557683538531693,0.942544459644323,False,False,False,False,-0.0707728509102892,-0.10369749012050325,False,False,False,False,123993.0,81390.00119068292,False,False,False,False,6052.229172043918,False,False,False,False
2025-08-19 15:00:00+00:00,13.955,13.99,13.88,13.92,833.0,,,,,,,,,,13.96216169154229,,,,,,,,,,,13.651605507605742,13.192874950938306,,13.807007610479669,"rgba(38, 166, 154, 1.0)",0.0,0.0,0.2449354207956616,13.875055309102825,0.18349608542192195,0.0,0.0,0.0,0.0,0.0,0.0,0.0,0.0,53.301715069098364,-0.4220899236331874,True,False,True,False,True,0.0,1,0.9531107044830739,0.9476212259835316,False,False,False,False,-0.08833992826004697,-0.09601870919027511,False,False,False,False,123160.0,82037.59807144752,False,False,False,False,5971.310890306803,False,False,False,False
2025-08-19 16:00:00+00:00,13.92,13.955,13.87,13.95,1498.0,,,,,,,,,,13.948837561831818,,,,,,,,,,,13.65175350539184,13.193161618656655,,13.807083950777251,"rgba(38, 166, 154, 1.0)",0.0,0.0,0.2269280355824748,13.875264752667443,0.3293345713795458,0.0,0.0,0.0,0.0,0.0,0.0,0.0,0.0,55.20944887906808,1.3039794078414317,True,False,True,False,True,0.0,0,0.9492653810835631,0.951561065197429,False,False,False,False,-0.09588472561648466,-0.09595171740337988,False,False,False,False,124658.0,82698.37949669639,False,False,False,False,5901.957233092744,False,False,False,False
2025-08-19 17:00:00+00:00,13.95,13.955,13.85,13.855,1621.0,,,,,,,,,,13.931458872219348,,,,,,,,,,,13.651891032933674,13.193455336531683,,13.807139629063434,"rgba(38, 166, 154, 1.0)",0.0,0.0,0.22670389863794865,13.875272387784667,-0.08942231653917147,0.0,0.0,0.0,0.0,0.0,0.0,0.0,0.0,53.25398729694152,1.3039794078414317,True,False,True,False,False,0.0,0,0.9484536082474226,0.9468499427262314,False,False,False,False,-0.09924141466936179,-0.09759656603637083,False,False,False,False,123037.0,83323.78446573985,False,False,False,False,5835.585803122314,False,False,False,False
2025-08-19 18:00:00+00:00,13.855,13.89,13.835,13.875,1349.0,,,,,,,,,,13.919231020332028,,,,,,,,,,,13.651995621626831,13.193692532912301,,13.807174267439363,"rgba(38, 166, 154, 1.0)",0.0,0.0,0.22566119066636306,13.875186566888166,-0.0008267566417382813,0.0,0.0,0.0,0.0,0.0,0.0,0.0,0.0,52.58180812941103,1.3039794078414317,True,False,True,False,False,0.0,0,0.9476584022038569,0.9515610651974289,False,False,False,False,-0.11269125895883782,-0.10514391249760432,False,False,False,False,124386.0,83960.40796239504,False,False,False,False,5766.026333306465,False,False,False,False
2025-08-19 19:00:00+00:00,13.875,13.995,13.875,13.955,8513.0,,,,,,,,,,13.931426579826745,,,,,,,,,,,13.65288306966277,13.195351926258953,,13.807666329437872,"rgba(38, 166, 154, 1.0)",0.0,0.0,0.22566119066636306,13.876598916860399,0.3474282968555115,0.0,0.0,0.0,0.0,0.0,0.0,0.0,0.0,54.47499826140832,1.3039794078414317,True,False,True,False,False,0.0,0,0.9520861989912883,0.9438331040806969,False,False,False,False,-0.08833992826004751,-0.09674192037882592,False,False,False,False,132899.0,84719.14582344318,False,False,False,False,5808.615072324968,False,False,False,False
2025-08-20 14:00:00+00:00,13.92,13.97,13.845,13.86,576.0,,,,,,,,,,13.930016115456468,,,,,,,,,,,13.652932556781765,13.195456432690325,,13.807687118527358,"rgba(38, 166, 154, 1.0)",0.0,0.0,0.22556369828048506,13.876596671130482,-0.07357864433418211,0.0,0.0,0.0,0.0,0.0,0.0,0.0,0.0,52.60307951665452,1.3039794078414317,True,False,True,False,False,0.0,0,0.9475372279495992,0.9491408934707904,False,False,False,False,-0.09756279619249913,-0.09715235828566253,False,False,False,False,132323.0,85457.1900742425,False,False,False,False,5727.489257250162,False,False,False,False
2025-08-20 15:00:00+00:00,13.86,14.12,13.85,14.01,2180.0,,,,,,,,,,13.937510904780003,,,,,,,,,,,13.653199348115892,13.19590939358396,,13.807860845777725,"rgba(38, 166, 154, 1.0)",0.0,0.0,0.22591904393919984,13.888658100994238,0.5371034548040028,0.0,0.0,0.0,0.0,0.0,0.0,0.0,0.0,55.15307569004143,1.3039794078414317,True,False,True,False,True,0.8658391849730762,0,0.946590909090909,0.9436363636363637,False,False,False,False,-0.07160830507172322,-0.08438033167869288,False,False,False,False,134503.0,86217.59022813021,False,False,False,False,5672.489423804423,False,False,False,False
2025-08-20 16:00:00+00:00,14.01,14.03,13.93,13.945,1301.0,,,,,,,,,,13.939544578557664,,,,,,,,,,,13.653346679114666,13.196171003517463,,13.807950415403726,"rgba(38, 166, 154, 1.0)",0.0,0.0,0.2259923063347737,13.888466131404533,0.2501583771251091,0.0,0.0,0.0,0.0,0.0,0.0,0.0,0.0,54.8853886879548,1.3039794078414317,True,False,True,False,True,0.0,0,0.9488662656177697,0.9655252198056457,False,False,False,False,-0.07327951399222836,-0.07882992283546061,False,False,False,False,133202.0,86946.03068970959,False,False,False,False,5604.714393977998,False,False,False,False
2025-08-20 17:00:00+00:00,13.945,14.01,13.94,13.98,965.0,,,,,,,,,,13.941276571741689,,,,,,,,,,,13.6534587598276,13.196367027824694,,13.80802023660959,"rgba(38, 166, 154, 1.0)",0.0,0.0,0.22428952894145662,13.888609766538043,0.4074654483126239,0.0,0.0,0.0,0.0,0.0,0.0,0.0,0.0,55.5594133666155,1.5184680080353132,True,False,True,False,True,0.3649745554329584,0,0.930448941614329,0.970690858339149,False,False,False,False,-0.07495113161238579,-0.0768905272239232,False,False,False,False,134167.0,87678.13874103191,False,False,False,False,5532.780837482214,False,False,False,False
2025-08-20 18:00:00+00:00,13.98,13.98,13.89,13.96,994.0,,,,,,,,,,13.941370884655012,,,,,,,,,,,13.653562229357949,13.196560218952776,,13.808077892574268,"rgba(38, 166, 154, 1.0)",0.0,0.0,0.2236589061635911,13.888382380739149,0.32020910988659146,0.0,0.0,0.0,0.0,0.0,0.0,0.0,0.0,55.3493423079465,1.541197144070864,True,False,True,False,True,0.02231507683847056,0,0.9284549056164063,0.9690048939641106,False,False,False,False,-0.08833992826004697,-0.08261522774198508,False,False,False,False,133173.0,88383.48542721747,False,False,False,False,5462.412142327451,False,False,False,False
2025-08-20 19:00:00+00:00,13.96,14.01,13.905,13.95,12982.0,,,,,,,,,,13.946475855237214,,,,,,,,,,,13.654960964019011,13.19911349621713,,13.808890978907323,"rgba(38, 166, 154, 1.0)",0.0,0.0,0.22339572209117256,13.889543820532316,0.2706237115991425,0.0,0.0,0.0,0.0,0.0,0.0,0.0,0.0,54.85813174440979,1.541197144070864,True,False,True,False,True,0.0,1,0.9307692307692308,0.965034965034965,False,False,False,False,-0.08080514901131387,-0.08171018837664948,False,False,False,False,120191.0,88876.6251880358,False,False,False,False,5578.994899810746,False,False,False,False
2025-08-21 14:00:00+00:00,13.95,14.09,13.91,14.04,4383.0,,,,,,,,,,13.953981524170551,,,,,,,,,,,13.655521524146824,13.200037885881631,,13.809272254983183,"rgba(38, 166, 154, 1.0)",0.0,0.0,0.22407614133839598,13.891247690699563,0.6638471566492781,0.0,0.0,0.0,0.0,0.0,0.0,0.0,0.0,57.030760408505444,3.561193184474888,True,False,True,False,True,1.4127339827985175,1,0.9323884758364311,0.9602695167286247,False,False,False,False,-0.06659703575833667,-0.07415361206749307,False,False,False,False,124574.0,89430.07285953911,False,False,False,False,5560.452343224532,False,False,False,False
2025-08-21 15:00:00+00:00,14.045,14.11,14.0,14.065,4248.0,,,,,,,,,,13.964221452221453,,,,,,,,,,,13.65613126461938,13.200981263655562,,13.809721624178804,"rgba(38, 166, 154, 1.0)",0.0,0.0,0.22488519593636885,13.893507783114794,0.7625767279662516,0.0,0.0,0.0,0.0,0.0,0.0,0.0,0.0,59.101778707321365,5.619176223991445,True,False,True,False,True,1.844285896027209,1,0.9397954439795445,0.9565318456531848,False,False,False,False,-0.04824900695959416,-0.06120130951354362,False,False,False,False,128822.0,90040.8004121044,False,False,False,False,5540.104244879965,False,False,False,False
2025-08-21 16:00:00+00:00,14.065,14.095,14.0,14.01,2627.0,,,,,,,,,,13.968270829249878,,,,,,,,,,,13.656485588817183,13.201547770431088,,13.80997270191504,"rgba(38, 166, 154, 1.0)",0.0,0.0,0.22498522474006824,13.894510846506899,0.5133188351658601,0.0,0.0,0.0,0.0,0.0,0.0,0.0,0.0,58.22900705380805,5.619176223991445,True,False,True,False,True,0.8457623633371298,1,0.9379844961240311,0.9715762273901809,False,False,False,False,-0.05074882581607998,-0.0559750676648118,False,False,False,False,126195.0,90601.33063827333,False,False,False,False,5494.939837982602,False,False,False,False
2025-08-21 17:00:00+00:00,14.02,14.095,13.975,14.095,2297.0,,,,,,,,,,13.972402759917589,,,,,,,,,,,13.65681120201892,13.20205435456069,,13.810211252820858,"rgba(38, 166, 154, 1.0)",0.0,0.0,0.22551936054797966,13.895520903464433,0.8845320244384416,0.0,0.0,0.0,0.0,0.0,0.0,0.0,0.0,59.92049560663891,6.477943356207533,True,False,True,False,True,2.334792219258297,1,0.931204508100493,0.9715895750176099,False,False,False,False,-0.05491661477707959,-0.055445841220945695,False,False,False,False,128492.0,91188.78287643964,False,False,False,False,5445.35937537822,False,False,False,False
2025-08-21 18:00:00+00:00,14.095,14.11,14.04,14.065,2888.0,,,,,,,,,,13.978012602246485,,,,,,,,,,,13.657236942615107,13.20270285495857,,13.810530898732525,"rgba(38, 166, 154, 1.0)",0.0,0.0,0.22457030039568343,13.896901184205698,0.7485353828984461,0.0,0.0,0.0,0.0,0.0,0.0,0.0,0.0,59.811996499018804,6.493970581358369,True,False,True,False,True,1.779541412189534,0,0.9337561663143057,0.969931876908621,False,False,False,False,-0.04158568313704188,-0.04851576217899379,False,False,False,False,125604.0,91722.35213416925,False,False,False,False,5405.710392814216,False,False,False,False
2025-08-21 19:00:00+00:00,14.065,14.2,14.04,14.19,20970.0,,,,,,,,,,14.026114163614162,,,,,,,,,,,13.660832346606444,13.207768789374379,,13.813459235177298,"rgba(38, 166, 154, 1.0)",0.0,0.0,0.22553703676988976,13.909590978657324,1.2432947836801218,0.0,0.0,0.0,0.0,0.0,0.0,0.0,0.0,62.641328039386806,9.252786857369387,True,False,True,False,True,3.948494906305502,0,0.9348335677449603,0.9664791373652133,False,False,False,False,-0.026605787523869325,-0.037560774851431555,False,False,False,False,146574.0,92572.76527937593,False,False,False,False,5647.017208429499,False,False,False,False
2025-08-22 14:00:00+00:00,14.375,14.92,14.375,14.92,5448.0,,,,,,,,,14.738333333333333,14.076167956656343,,,,,,,,,,,13.66289890605636,13.20990735998439,,13.815568660261144,"rgba(38, 166, 154, 1.0)",0.0,0.0,0.2529836728698637,13.921729476528657,3.9459879451780226,0.0,0.0,0.0,0.0,0.0,0.0,0.0,0.0,70.71962563196031,16.613666568777774,True,False,True,False,True,14.608979261530116,0,0.9453551912568304,0.9396630236794171,False,False,False,False,0.14990374186448396,0.056171483506526204,False,False,False,False,152022.0,93494.45884093599,False,False,False,False,5643.931670314313,False,False,False,False
2025-08-22 15:00:00+00:00,14.92,15.05,14.85,14.98,5576.0,,,,,,,,,14.850453555878083,14.135475835178585,,,,,,,,,,,13.665440101353115,13.212406542776112,,13.818233949102078,"rgba(38, 166, 154, 1.0)",0.0,0.0,0.2803198462760057,13.93666134771205,3.7219578497509187,0.0,0.0,0.0,0.0,0.0,0.0,0.0,0.0,76.33001100297334,21.36810432127112,True,False,True,False,True,15.359473629396845,0,0.9687074829931972,0.9328798185941045,False,False,False,False,0.25474118898695536,0.15545633624674077,False,False,False,False,157598.0,94488.3121922393,False,False,False,False,5642.878466123394,False,False,False,False
2025-08-22 16:00:00+00:00,15.005,15.09,14.95,15.025,9030.0,,,,,,,,,14.927548120075794,14.222338427805393,,,,,,,,,,,13.66972939465102,13.216580997806087,,13.822755698166628,"rgba(38, 166, 154, 1.0)",0.0,0.0,0.3042563967362758,14.02205588713654,3.2963780667290123,0.0,0.0,0.0,0.0,0.0,0.0,0.0,0.0,80.24275599785474,24.540244608079874,True,False,True,False,True,15.921350063034577,0,0.9759036144578312,0.9320300068197319,False,False,False,False,0.2797188025194228,0.2175875693830818,False,False,False,False,166628.0,95606.75696445264,False,False,False,False,5695.39197827652,False,False,False,False
2025-08-22 17:00:00+00:00,15.025,15.075,14.98,15.0,8431.0,,,,,,,,,14.95441875841086,14.289077024307936,,,,,,,,,,,13.673699926945515,13.220454025910316,,13.826935280338441,"rgba(38, 166, 154, 1.0)",0.0,0.0,0.32521464845168685,14.041515640951626,2.9472361211637237,0.0,0.0,0.0,0.0,0.0,0.0,0.0,0.0,82.10792891510597,25.97301367603049,True,False,True,False,True,15.438343128564242,0,0.9696693272519955,0.938654503990878,False,False,False,False,0.28241474776883746,0.2500011585759596,False,False,False,False,158197.0,96577.14832934484,False,False,False,False,5737.804505745101,False,False,False,False
2025-08-22 18:00:00+00:00,15.005,15.08,14.98,15.01,9890.0,,,,,,,,,14.972179413680783,14.354826160964079,,,,,,,,,,,13.67834507972723,13.224988695842065,,13.83182147378958,"rgba(38, 166, 154, 1.0)",0.0,0.0,0.34137430251031,14.062567001194049,2.7753494971325123,0.0,0.0,0.0,0.0,0.0,0.0,0.0,0.0,83.40455978585356,27.108639605713932,True,False,True,False,True,15.567211847238216,0,0.9687000228466988,0.938085446652959,False,False,False,False,0.28331428389963736,0.2666577212377985,False,False,False,False,168087.0,97685.8282002077,False,False,False,False,5802.179629687037,False,False,False,False
2025-08-22 19:00:00+00:00,15.01,15.045,14.94,14.97,12176.0,,,,,,,,,14.97526745267156,14.417400039144367,,,,,,,,,,,13.683858448944365,13.23042195057227,,13.83759075426191,"rgba(38, 166, 154, 1.0)",0.0,0.0,0.3551322301634797,14.084363525030005,2.493821736659346,0.0,0.0,0.0,0.0,0.0,0.0,0.0,0.0,82.88581856296804,27.108639605713932,True,False,True,False,True,14.774405364166086,0,0.9678972712680578,0.9403806466406789,False,False,False,False,0.2698671667496693,0.2682624439937339,False,False,False,False,155911.0,98588.54404206495,False,False,False,False,5900.998550157005,False,False,False,False
2025-08-25 14:00:00+00:00,14.915,15.0,14.895,14.975,1196.0,,,,,,,,,14.974837542917141,14.422608956083744,,,,,,,,,,,13.68438575859458,13.230945239856172,,13.838140418935353,"rgba(38, 166, 154, 1.0)",0.0,0.0,0.35974581867485195,14.086287057510187,2.4703913050704704,0.0,0.0,0.0,0.0,0.0,0.0,0.0,0.0,82.58076924297139,27.108639605713932,True,False,True,False,True,14.84157555555046,0,0.9634314627414903,0.9438822447102115,False,False,False,False,0.25385503211507027,0.26105873805440205,False,False,False,False,157107.0,99495.8069251337,False,False,False,False,5828.052836201083,False,False,False,False
2025-08-25 15:00:00+00:00,14.945,14.98,14.905,14.93,560.0,,,,,,,,,14.974446727971399,14.424930936894489,,,,,,,,,,,13.684628953649108,13.231187547400726,,13.838393386069377,"rgba(38, 166, 154, 1.0)",0.0,0.0,0.3650494598107125,14.0871477939373,2.3088712595266965,0.0,0.0,0.0,0.0,0.0,0.0,0.0,0.0,80.63199638359887,27.108639605713932,True,False,True,False,False,13.930690478627248,0,0.9639639639639639,0.9443289443289445,False,False,False,False,0.2520838872367346,0.2565713126455683,False,False,False,False,156547.0,100380.32154644946,False,False,False,False,5746.377598430523,False,False,False,False
2025-08-25 16:00:00+00:00,14.92,14.96,14.875,14.95,1701.0,,,,,,,,,14.972994371204265,14.431722557106596,,,,,,,,,,,13.685361192959796,13.231918826148876,,13.839154081667406,"rgba(38, 166, 154, 1.0)",0.0,0.0,0.3725891634020897,14.089688941908326,2.3090071923622886,0.0,0.0,0.0,0.0,0.0,0.0,0.0,0.0,79.57284539019,27.108639605713932,True,False,True,False,False,14.210207522416503,0,0.9718408191761693,0.9387945077961368,False,False,False,False,0.2432511147780249,0.24991121371179661,False,False,False,False,158248.0,101277.49485580683,False,False,False,False,5683.658565896716,False,False,False,False
2025-08-25 17:00:00+00:00,14.95,14.96,14.87,14.955,742.0,,,,,,,,,14.972389101978692,14.434628087660917,,,,,,,,,,,13.685680335972313,13.232237622799458,,13.839485575219921,"rgba(38, 166, 154, 1.0)",0.0,0.0,0.3869336954630196,14.090790300735375,2.233482659685348,0.0,0.0,0.0,0.0,0.0,0.0,0.0,0.0,78.93159940000686,27.108639605713932,True,False,True,False,False,14.281103743367865,0,0.9722998137802606,0.931098696461825,False,False,False,False,0.24236990278290516,0.24614055824735087,False,False,False,False,158990.0,102172.26237742222,False,False,False,False,5607.043704409945,False,False,False,False
2025-08-25 18:00:00+00:00,14.955,14.99,14.89,14.92,1661.0,,,,,,,,,14.971239120029782,14.441075239525848,,,,,,,,,,,13.686397030258135,13.232952931635806,,13.84023031156364,"rgba(38, 166, 154, 1.0)",0.0,0.0,0.39935740049899815,14.09326692930747,2.0701583835920525,0.0,0.0,0.0,0.0,0.0,0.0,0.0,0.0,76.85702382027699,31.76756322394074,True,False,True,False,False,13.543503431673905,0,0.975337366216845,0.9274080967892042,False,False,False,False,0.25119889594091066,0.24866972709413077,False,False,False,False,157329.0,103027.4055963769,False,False,False,False,5545.86473224855,False,False,False,False
2025-08-25 19:00:00+00:00,14.92,14.93,14.745,14.77,6339.0,,,,,,,,,14.955455856573707,14.458656265297943,,,,,,,,,,,13.68886580458848,13.2354877040434,,13.84275653534448,"rgba(38, 166, 154, 1.0)",0.0,0.0,0.4073747859357521,14.150396945918882,1.5209656450825033,0.0,0.0,0.0,0.0,0.0,0.0,0.0,0.0,69.78385560877736,25.07533653450713,True,False,True,False,False,10.456042597577667,0,0.9710715112242535,0.9273316361953253,False,False,False,False,0.21522758609160542,0.2319486565928681,False,False,False,False,150990.0,103771.01171116176,False,False,False,False,5558.161403066402,False,False,False,False
2025-08-26 14:00:00+00:00,14.75,14.955,14.75,14.895,383.0,,,,,,,,,14.954917211812102,14.45981205083638,,,,,,,,,,,13.689021448701704,13.235645594966826,,13.84291683835087,"rgba(38, 166, 154, 1.0)",0.0,0.0,0.41798587199709586,14.151013427168238,1.7799323438303465,0.0,0.0,0.0,0.0,0.0,0.0,0.0,0.0,67.73606274957578,23.26446629831878,True,False,True,False,False,12.314715779845006,0,0.9709811146936894,0.9283740211883925,False,False,False,False,0.22045544619339527,0.22620205139313168,False,False,False,False,151373.0,104509.02703346932,False,False,False,False,5477.926342553745,False,False,False,False
2025-08-26 15:00:00+00:00,14.895,15.08,14.895,15.03,615.0,,,,,,,,,14.95536822070235,14.462265596622975,,,,,,,,,,,13.68929992766169,13.235920043098922,,13.843208068737065,"rgba(38, 166, 154, 1.0)",0.0,0.0,0.43158197367358037,14.152786301206692,2.0325540738565984,0.0,0.0,0.0,0.0,0.0,0.0,0.0,0.0,68.54977236439302,23.26446629831878,True,False,True,False,False,14.242872608648561,0,0.976829548061482,0.9238357421426935,False,False,False,False,0.2680814943812609,0.2471417728871963,False,False,False,False,151988.0,105245.13514147754,False,False,False,False,5402.532135692446,False,False,False,False
2025-08-26 16:00:00+00:00,15.03,15.16,15.01,15.13,2348.0,,,,,,,,,14.960506132494153,14.473103130488482,,,,,,,,,,,13.690441625215811,13.237025379095416,,13.84441287393958,"rgba(38, 166, 154, 1.0)",0.0,0.0,0.4472614367378161,14.160488323614398,2.167662124990956,0.0,0.0,0.0,0.0,0.0,0.0,0.0,0.0,70.38751090725104,23.26446629831878,True,False,True,False,True,15.623360264293964,0,0.980657189466325,0.9342810533675135,False,False,False,False,0.30322034347122284,0.27518105817920957,False,False,False,False,154336.0,106006.23382145463,False,False,False,False,5355.175048317369,False,False,False,False
2025-08-26 17:00:00+00:00,15.13,15.175,15.09,15.13,1778.0,,,,,,,,,14.964989784993767,14.481470114663269,,,,,,,,,,,13.691324330593066,13.23787572470892,,13.84534663583416,"rgba(38, 166, 154, 1.0)",0.0,0.0,0.4620807035319252,14.165787760791977,2.086674972224644,0.0,0.0,0.0,0.0,0.0,0.0,0.0,0.0,71.61266993582305,23.26446629831878,True,False,True,False,True,15.623360264293964,0,0.9765643309116475,0.9385985469885166,False,False,False,False,0.3206011084487098,0.2978910833139597,False,False,False,False,154336.0,106755.53252189718,False,False,False,False,5299.714970048883,False,False,False,False
2025-08-26 18:00:00+00:00,15.13,15.155,15.01,15.03,2730.0,,,,,,,,,14.968856816422115,14.492635528516821,,,,,,,,,,,13.692614928179385,13.239133978581467,,13.846703560797442,"rgba(38, 166, 154, 1.0)",0.0,0.0,0.47348904303463657,14.171772985056084,1.8125593982987582,0.0,0.0,0.0,0.0,0.0,0.0,0.0,0.0,68.93461606274582,23.26446629831878,True,False,True,False,False,13.528918436928613,0,0.9671361502347416,0.9438967136150235,False,False,False,False,0.302310555649894,0.30010081948192685,False,False,False,False,151606.0,107450.888606829,False,False,False,False,5259.874427877582,False,False,False,False
2025-08-26 19:00:00+00:00,15.035,15.105,14.975,15.065,13339.0,,,,,,,,,14.98148606792705,14.540146684613655,,,,,,,,,,,13.698810018747952,13.245201179420826,,13.853200312748005,"rgba(38, 166, 154, 1.0)",0.0,0.0,0.48497964106984326,14.195087362494727,1.7937095989973615,0.0,0.0,0.0,0.0,0.0,0.0,0.0,0.0,67.79022870017008,23.045036942437832,True,False,True,False,False,14.0321535823274,0,0.9600845268842451,0.9495186663536044,False,False,False,False,0.2869169146888057,0.2935088670853663,False,False,False,False,164945.0,108342.27017881614,False,False,False,False,5385.132188685681,False,False,False,False
2025-08-27 14:00:00+00:00,15.08,15.08,14.915,14.95,1400.0,,,,,,,,,14.98148903053951,14.544073425870044,,,,,,,,,,,13.699424987176737,13.245812149629474,,13.853840301897757,"rgba(38, 166, 154, 1.0)",0.0,0.0,0.49337642555890204,14.196904812772615,1.5264109678006397,0.0,0.0,0.0,0.0,0.0,0.0,0.0,0.0,63.46201176569819,18.865825878725346,False,False,True,False,False,11.653719929459506,0,0.9548538011695908,0.9511111111111114,False,False,False,False,0.2716545211163594,0.28258169410086287,False,False,False,False,163545.0,109198.12645511355,False,False,False,False,5323.34719351226,False,False,False,False
2025-08-27 15:00:00+00:00,14.96,15.015,14.94,15.0,934.0,,,,,,,,,14.981527038878653,14.54667417118727,,,,,,,,,,,13.69983599688917,13.246220297261056,,13.854268123266177,"rgba(38, 166, 154, 1.0)",0.0,0.0,0.5026923010645088,14.198124540039753,1.5951616093228067,0.0,0.0,0.0,0.0,0.0,0.0,0.0,0.0,61.690781493396486,17.150929826418746,False,False,True,False,False,12.39570367143499,0,0.9559822055724653,0.9545773823460548,False,False,False,False,0.2645151407279974,0.27354841741443015,False,False,False,False,164479.0,110055.19426201102,False,False,False,False,5255.295299039201,False,False,False,False
2025-08-27 16:00:00+00:00,15.0,15.08,15.0,15.025,1198.0,,,,,,,,,14.982259369343623,14.550340892234471,,,,,,,,,,,13.700383291487118,13.246758575571677,,13.854840641266515,"rgba(38, 166, 154, 1.0)",0.0,0.0,0.5120682580485553,14.199930088622585,1.611249864464711,0.0,0.0,0.0,0.0,0.0,0.0,0.0,0.0,61.06718484931397,16.407340814220447,False,False,True,False,False,12.767610096105784,0,0.9555345316934722,0.9633396404919584,False,False,False,False,0.2902661033959138,0.281907260405172,False,False,False,False,165677.0,110917.54783934419,False,False,False,False,5192.391495953322,False,False,False,False
2025-08-27 17:00:00+00:00,15.025,15.075,14.985,15.07,424.0,,,,,,,,,14.982553972931054,14.551647559036743,,,,,,,,,,,13.700578093051844,13.246949894572253,,13.855044565523244,"rgba(38, 166, 154, 1.0)",0.0,0.0,0.5195873449276738,14.200579287831541,1.6732907771059782,0.0,0.0,0.0,0.0,0.0,0.0,0.0,0.0,61.65369555566314,16.407340814220447,False,False,True,False,False,13.439316371678817,0,0.9630600571973306,0.9528122020972356,False,False,False,False,0.2866384793697133,0.28427286988744266,False,False,False,False,166101.0,111773.10523718382,False,False,False,False,5118.462945628465,False,False,False,False
2025-08-27 18:00:00+00:00,15.07,15.115,14.99,15.11,2352.0,,,,,,,,,14.984876307926413,14.559182442824904,,,,,,,,,,,13.70168044492423,13.248027161339818,,13.856201440351679,"rgba(38, 166, 154, 1.0)",0.0,0.0,0.5274215026346777,14.204402497175295,1.7170280284381454,0.0,0.0,0.0,0.0,0.0,0.0,0.0,0.0,62.90738933028102,16.407340814220447,False,False,True,False,False,14.03615466635156,0,0.9626190476190476,0.9450000000000003,False,False,False,False,0.2948111201914787,0.28954199503946065,False,False,False,False,168453.0,112651.86329552205,False,False,False,False,5075.572047246627,False,False,False,False
2025-08-27 19:00:00+00:00,15.11,15.18,15.08,15.13,4652.0,,,,,,,,,14.991990049489129,14.575085681489245,,,,,,,,,,,13.703948180578564,13.250222172385264,,13.85859265067122,"rgba(38, 166, 154, 1.0)",0.0,0.0,0.5352151457612458,14.21273146789278,1.7138314178358562,0.0,0.0,0.0,0.0,0.0,0.0,0.0,0.0,64.17764734664873,16.407340814220447,False,False,True,False,True,14.33622743833742,0,0.9647954329210275,0.9429115128449095,False,False,False,False,0.32326444858627296,0.30640322181286683,False,False,False,False,173105.0,113589.1212289248,False,False,False,False,5069.005038762183,False,False,False,False
2025-08-28 14:00:00+00:00,15.235,15.295,15.15,15.18,945.0,,,,,,,,,14.9941230559497,14.578649396538033,,,,,,,,,,,13.704433221231994,13.250685992864108,,13.859107160745017,"rgba(38, 166, 154, 1.0)",0.0,0.0,0.5430604548829132,14.214646238138105,1.7776174884065723,0.0,0.0,0.0,0.0,0.0,0.0,0.0,0.0,66.08767144435365,16.407340814220447,False,False,True,False,True,15.088505375029815,0,0.9636406844106463,0.9432034220532322,False,False,False,False,0.3428282176581945,0.32461571973553066,False,False,False,False,174050.0,114526.49919436783,False,False,False,False,5005.066976145715,False,False,False,False
2025-08-28 15:00:00+00:00,15.18,15.375,15.17,15.375,617.0,,,,,,,,,14.99612211682994,14.581314607474917,,,,,,,,,,,13.704770436194709,13.251003912827432,,13.859467345435949,"rgba(38, 166, 154, 1.0)",0.0,0.0,0.5534312867819885,14.216106985098406,2.0940142752683095,0.0,0.0,0.0,0.0,0.0,0.0,0.0,0.0,70.33022720200482,15.637156137337854,True,False,True,False,True,17.906091599175586,0,0.9603024574669189,0.9413988657844993,False,False,False,False,0.3428282185481992,0.3337219691418649,False,False,False,False,174667.0,115458.91005957143,False,False,False,False,4937.034930003921,False,True,False,False
2025-08-28 16:00:00+00:00,15.375,15.375,15.3,15.3,765.0,,,,,,,,,14.998709708937572,14.58467498907278,,,,,,,,,,,13.70519312481194,13.251401470115216,,13.85991933315299,"rgba(38, 166, 154, 1.0)",0.0,0.0,0.5591291732975577,14.217952005020305,1.9352379497534304,0.0,0.0,0.0,0.0,0.0,0.0,0.0,0.0,70.17572441827157,15.637156137337854,True,False,True,False,True,16.222374927723088,0,0.9696754323619995,0.9400615967780148,False,False,False,False,0.34282821964273796,0.3382750943923014,False,False,False,False,173902.0,116365.00447725249,False,False,False,False,4872.352217910836,False,False,False,False
2025-08-28 17:00:00+00:00,15.31,15.35,15.26,15.35,2197.0,,,,,,,,,15.005809136351296,14.594094921836279,,,,,,,,,,,13.706402073725128,13.252539615141432,,13.86121142120141,"rgba(38, 166, 154, 1.0)",0.0,0.0,0.5673318538848402,14.223107580269678,1.986302041765953,0.0,0.0,0.0,0.0,0.0,0.0,0.0,0.0,70.86092949562772,16.400815799168328,True,False,True,False,True,16.938185471305868,0,0.9667774086378734,0.9418604651162791,False,False,False,False,0.33156862020361805,0.33492185729795976,False,False,False,False,176099.0,117291.11293496951,False,False,False,False,4830.873888950978,False,False,False,False
2025-08-28 18:00:00+00:00,15.35,15.385,15.325,15.36,1034.0,,,,,,,,,15.009420355494504,14.598665057312708,,,,,,,,,,,13.706983344415708,13.25308433271909,,13.861834005722692,"rgba(38, 166, 154, 1.0)",0.0,0.0,0.5753933789508855,14.22561704609736,1.97149114918729,0.0,0.0,0.0,0.0,0.0,0.0,0.0,0.0,71.47832720189238,17.238468984975142,True,False,True,False,True,17.082132445458203,0,0.9674429657794675,0.9408269961977186,False,False,False,False,0.34282821992610063,0.33887503861203017,False,False,False,False,177133.0,118218.89412977619,False,False,False,False,4772.007627106776,False,False,False,False
2025-08-28 19:00:00+00:00,15.35,15.4,15.325,15.355,2836.0,,,,,,,,,15.019045454692135,14.610977073104902,,,,,,,,,,,13.708578740061013,13.254579273577187,,13.863542741463693,"rgba(38, 166, 154, 1.0)",0.0,0.0,0.5829854200578058,14.307190402386201,1.7973169852342172,0.0,0.0,0.0,0.0,0.0,0.0,0.0,0.0,71.65566859950087,17.708634078406448,True,False,True,False,True,16.965804986553515,0,0.9655254398478363,0.9417498811222064,False,False,False,False,0.34282822004613306,0.34085162932908164,False,False,False,False,174297.0,119088.32212776414,False,False,False,False,4741.99200498109,False,False,False,False
2025-08-29 14:00:00+00:00,15.38,15.38,15.14,15.16,160.0,,,,,,,,,15.019366548421083,14.61153829281771,,,,,,,,,,,13.708661396788752,13.254658213988947,,13.863630448840139,"rgba(38, 166, 154, 1.0)",0.0,0.0,0.5871265192013775,14.30713159569315,1.4526143453151132,0.0,0.0,0.0,0.0,0.0,0.0,0.0,0.0,64.6261952878611,18.930888593949106,False,True,True,False,False,12.563612049620293,0,0.9699140401146132,0.9407831900668576,False,False,False,False,0.30799048003062107,0.3244210546798514,False,False,False,False,174137.0,119941.79000175229,False,False,False,False,4670.9533692449495,False,False,False,False
2025-08-29 15:00:00+00:00,15.155,15.155,15.085,15.11,249.0,,,,,,,,,15.019600167781999,14.6122538372265,,,,,,,,,,,13.708780693405814,13.254774200421188,,13.863755907395678,"rgba(38, 166, 154, 1.0)",0.0,0.0,0.5909890778094513,14.306594796970938,1.3594247900603305,0.0,0.0,0.0,0.0,0.0,0.0,0.0,0.0,58.606543022498755,13.569915445275392,False,True,True,False,False,11.480507838032143,0,0.9757328207592504,0.9363286881307065,False,False,False,False,0.26153513122779737,0.2929780929538244,False,False,False,False,173888.0,120778.16535056233,False,False,False,False,4602.395952667508,False,False,False,False
2025-08-29 16:00:00+00:00,15.11,15.17,15.08,15.17,1244.0,,,,,,,,,15.021027298713673,14.615962507484946,,,,,,,,,,,13.709386267475848,13.255360709603424,,13.864393986099817,"rgba(38, 166, 154, 1.0)",0.0,0.0,0.5951126625111048,14.305828804790355,1.4521136074692735,0.0,0.0,0.0,0.0,0.0,0.0,0.0,0.0,56.31193212974721,11.727785379568651,False,True,True,False,False,12.428228173953013,0,0.9768003866602222,0.9342677622039631,False,False,False,False,0.26317429542428766,0.27807619418905605,False,False,False,False,175132.0,121620.86046140632,False,False,False,False,4550.327798362586,False,False,False,False
2025-08-29 17:00:00+00:00,15.155,15.17,15.07,15.17,841.0,,,,,,,,,15.021946589659485,14.61842458334036,,,,,,,,,,,13.709794419346492,13.255756308575755,,13.864823868392115,"rgba(38, 166, 154, 1.0)",0.0,0.0,0.5984206541215418,14.305978650418293,1.4438361103195152,0.0,0.0,0.0,0.0,0.0,0.0,0.0,0.0,54.78219153457952,10.423972443233538,False,True,True,False,False,12.428228173953013,0,0.9774763865342695,0.9297650762896584,False,False,False,False,0.26153513122779737,0.2698056627084267,False,False,False,False,175132.0,122450.49053177211,False,False,False,False,4492.8188402484375,False,False,False,False
2025-08-29 18:00:00+00:00,15.17,15.17,15.025,15.03,850.0,,,,,,,,,15.022369460776499,14.620596160697133,,,,,,,,,,,13.71018888388812,13.256142868868162,,13.865237003954704,"rgba(38, 166, 154, 1.0)",0.0,0.0,0.5990182132621629,14.305840906635092,1.2089099752430663,0.0,0.0,0.0,0.0,0.0,0.0,0.0,0.0,49.93920693502659,5.984208768942601,False,True,False,False,False,9.369891402321507,0,0.9739319333816076,0.9280714458122135,False,False,False,False,0.25417573298203017,0.26199069784522844,False,False,False,False,174282.0,123254.07982585316,False,False,False,False,4436.341028771717,False,False,False,False
2025-08-29 19:00:00+00:00,15.02,15.09,15.0,15.08,3164.0,,,,,,,,,15.023357725058057,14.628182205556502,,,,,,,,,,,13.711635521677437,13.25756585088979,,13.866749096679372,"rgba(38, 166, 154, 1.0)",0.0,0.0,0.6011001700335712,14.306799889817128,1.2863082539798465,0.0,0.0,0.0,0.0,0.0,0.0,0.0,0.0,48.339785601976175,4.560990888008256,False,True,False,True,False,10.196026659524797,0,0.9753205903701909,0.9322526010162111,False,False,False,False,0.23710664032986592,0.2495486690875472,False,False,False,False,177446.0,124094.26463475465,False,False,False,False,4416.61481127138,False,False,False,False
2025-09-01 14:00:00+00:00,15.08,15.08,15.08,15.08,0.0,,,,,,,,,15.023357725058057,14.628182205556502,,,,,,,,,,,13.711635521677437,13.25756585088979,,13.866749096679372,"rgba(38, 166, 154, 1.0)",0.0,0.0,0.602393073013284,14.306799889817128,1.2835474789163472,0.0,0.0,0.0,0.0,0.0,0.0,0.0,0.0,47.2735047132759,3.465260086091014,False,True,False,True,False,10.196026659524797,0,0.975669099756691,0.9345498783454989,False,False,False,False,0.2484703722088639,0.24900952064820553,False,False,False,False,177446.0,124921.42332258791,False,False,False,False,4348.1401630346145,False,False,False,False
2025-09-01 15:00:00+00:00,15.08,15.08,15.08,15.08,0.0,,,,,,,,,15.023357725058057,14.628182205556502,,,,,,,,,,,13.711635521677437,13.25756585088979,,13.866749096679372,"rgba(38, 166, 154, 1.0)",0.0,0.0,0.6028894614294361,14.306799889817128,1.282490671423636,0.0,0.0,0.0,0.0,0.0,0.0,0.0,0.0,46.56265078747572,2.558973393499386,False,True,False,True,False,10.196026659524797,0,0.9772226304188095,0.9333823169238306,False,False,False,False,0.2484703722088639,0.2487399464285347,False,False,False,False,177446.0,125735.75784471833,False,False,False,False,4280.727137251132,False,False,False,False
2025-09-01 16:00:00+00:00,15.08,15.08,15.08,15.08,0.0,,,,,,,,,15.023357725058057,14.628182205556502,,,,,,,,,,,13.711635521677437,13.25756585088979,,13.866749096679372,"rgba(38, 166, 154, 1.0)",0.0,0.0,0.6048574994116938,14.306799889817128,1.278317803672624,0.0,0.0,0.0,0.0,0.0,0.0,0.0,0.0,46.08874817027559,1.7675311630317978,False,True,False,True,False,10.196026659524797,0,0.9887840938057609,0.9268417027784861,False,False,False,False,0.2484703722088639,0.2486051593186993,False,False,False,False,177446.0,126537.46702542038,False,False,False,False,4214.359274658092,False,False,False,False
2025-09-01 17:00:00+00:00,15.08,15.08,15.08,15.08,0.0,,,,,,,,,15.023357725058057,14.628182205556502,,,,,,,,,,,13.711635521677437,13.25756585088979,,13.866749096679372,"rgba(38, 166, 154, 1.0)",0.0,0.0,0.6028035252800551,14.306799889817128,1.2826735043124584,0.0,0.0,0.0,0.0,0.0,0.0,0.0,0.0,45.77281309214217,1.0528129205102985,False,True,False,True,False,10.196026659524797,0,0.9858247422680413,0.9304123711340205,False,False,False,False,0.2484703722088639,0.24853776576378162,False,False,False,False,177446.0,127326.74660642161,False,False,False,False,4149.02037117502,False,False,False,False
2025-09-01 18:00:00+00:00,15.08,15.08,15.08,15.08,0.0,,,,,,,,,15.023357725058057,14.628182205556502,,,,,,,,,,,13.711635521677437,13.25756585088979,,13.866749096679372,"rgba(38, 166, 154, 1.0)",0.0,0.0,0.5981111560194529,14.306799889817128,1.2927364795010183,0.0,0.0,0.0,0.0,0.0,0.0,0.0,0.0,45.56218970671989,0.3968306552871468,False,True,False,True,False,10.196026659524797,0,0.9859228362877996,0.9296141814389989,False,False,False,False,0.2484703722088639,0.24850406898632277,False,False,False,False,177446.0,128103.78929469414,False,False,False,False,4084.6944739475002,False,False,False,False
2025-09-01 19:00:00+00:00,15.08,15.08,15.08,15.08,0.0,,,,,,,,,15.023357725058057,14.628182205556502,,,,,,,,,,,13.711635521677437,13.25756585088979,,13.866749096679372,"rgba(38, 166, 154, 1.0)",0.0,0.0,0.5927947094631819,14.306799889817128,1.3043303150985608,0.0,0.0,0.0,0.0,0.0,0.0,0.0,0.0,45.42177411643837,-0.2079586969814642,False,True,False,True,False,10.196026659524797,0,0.9887434554973821,0.919109947643979,False,False,False,False,0.2484703722088639,0.24848722059759332,False,False,False,False,177446.0,128868.78480950509,False,False,False,False,4021.36587745219,False,False,False,False
2025-09-02 14:00:00+00:00,14.97,15.055,14.92,14.98,1519.0,,,,,,,,,15.0228343394057,14.631137592968221,,,,,,,,,,14.985,13.712291985340576,13.258221027821254,,13.867430032274449,"rgba(239, 83, 80, 1.0)",0.0,0.0,0.5863073479893258,14.30701356157283,1.1478389973025245,0.0,0.0,0.0,0.0,0.0,0.0,0.0,0.0,41.239151978912446,-4.444328515889744,False,True,False,True,False,7.794985878966909,0,0.9811912225705328,0.9218913270637409,False,False,False,False,0.21856591906654782,0.23352656983207057,False,False,False,False,175927.0,129598.36954114067,False,False,False,False,3982.569507259133,False,False,False,False
2025-09-02 15:00:00+00:00,14.98,15.03,14.91,15.0,1858.0,,,,,,,,,15.0221311692672,14.634636499076942,,,,,,,,,,14.982249037607343,13.713090883385403,13.259019428688747,,13.868258086341099,"rgba(239, 83, 80, 1.0)",0.0,0.0,0.5812774685943581,14.307629768596836,1.1911183020347398,0.0,0.0,0.0,0.0,0.0,0.0,0.0,0.0,39.74001775946605,-6.000608609684122,False,True,False,True,False,8.179307737763889,0,0.9853095487932844,0.9223504721930746,False,False,False,False,0.2129528800142414,0.22323972492315597,False,False,False,False,177785.0,130345.44908313848,False,False,False,False,3949.630445131084,False,False,False,False
2025-09-02 16:00:00+00:00,14.995,15.06,14.965,15.0,2356.0,,,,,,,,,15.021849809874963,14.63932937121333,,,,,,,,,,14.992968486539914,13.71412508654817,13.260047410990277,,13.869333027714715,"rgba(239, 83, 80, 1.0)",0.0,0.0,0.5789674172785886,14.309255171480604,1.1930633882062174,0.0,0.0,0.0,0.0,0.0,0.0,0.0,0.0,38.74059494650179,-7.107037446168654,False,True,False,True,False,8.179307737763889,0,0.9849006622516554,0.9311258278145693,False,False,False,False,0.22660822167826414,0.22492397330071007,False,False,False,False,177785.0,131080.9459965782,False,False,False,False,3924.9229963693615,False,False,False,False
2025-09-02 17:00:00+00:00,15.02,15.08,14.995,15.07,1187.0,,,,,,,,,15.02211912615121,14.641900851178777,,,,,,,,,,15.002465317919075,13.714661598217079,13.26057671077549,,13.869892829599387,"rgba(239, 83, 80, 1.0)",0.0,0.0,0.5742977144868621,14.31045228542709,1.322567886678028,0.0,0.0,0.0,0.0,0.0,0.0,0.0,0.0,42.361962007145245,-7.107037446168654,False,True,False,True,True,9.543458461309623,0,0.9827219564061668,0.9303561935140882,False,False,False,False,0.23467945033532775,0.2298017118180189,False,False,False,False,178972.0,131823.44295787156,False,False,False,False,3882.474577820999,False,False,False,False
2025-09-02 18:00:00+00:00,15.06,15.08,14.95,14.985,900.0,,,,,,,,,15.021988140276301,14.643623541753426,,,,,,,,,,15.002757033248082,13.715054893349356,13.2609681019012,,13.870301330270904,"rgba(239, 83, 80, 1.0)",0.0,0.0,0.5687985045151812,14.374933303707412,1.0725532705339684,0.0,0.0,0.0,0.0,0.0,0.0,0.0,0.0,41.18166866808163,-7.107037446168654,False,True,False,True,True,7.457637232161886,0,0.9840848806366046,0.9246684350132627,False,False,False,False,0.22741402303414707,0.22860786742608297,False,False,False,False,178072.0,132540.47484999758,False,False,False,False,3836.2346618857896,False,False,False,False
2025-09-02 19:00:00+00:00,14.995,15.03,14.885,14.895,4670.0,,,,,,,,,15.018730024394566,14.650664404622868,,,,,,,,,,14.97804590338938,13.716983911009104,13.262916707960297,,13.872288916898226,"rgba(239, 83, 80, 1.0)",0.0,0.0,0.561939626778635,14.374159253968084,0.9268624621076778,0.0,0.0,0.0,0.0,0.0,0.0,0.0,0.0,37.73313041228217,-7.767735810021499,False,True,False,True,False,5.316716791989162,0,0.9859341825902334,0.9264861995753717,False,False,False,False,0.20895166422276354,0.21877976582442327,False,False,False,False,173402.0,133173.98686782707,False,False,False,False,3849.161256275157,False,False,False,False
2025-09-03 14:00:00+00:00,14.945,14.95,14.795,14.795,3282.0,,,,,,,,,15.014233086738283,14.653919060219545,,,,,,,,,,14.950707160368585,13.718236185398899,13.264209955573643,,13.873563595180054,"rgba(239, 83, 80, 1.0)",0.0,0.0,0.5547942723971218,14.37270869197377,0.7611673894930798,0.0,0.0,0.0,0.0,0.0,0.0,0.0,0.0,33.33186093967124,-11.786771042636317,False,True,False,True,False,3.020002273179088,0,0.9832935560859188,0.9278705913550784,False,False,False,False,0.18191072877294945,0.20034524729868636,False,False,False,False,170120.0,133746.79327297703,False,False,False,False,3840.368058503449,False,False,False,False
2025-09-03 15:00:00+00:00,14.795,14.81,14.74,14.79,5688.0,,,,,,,,,15.004083253977322,14.657445955892596,,,,,,,,,,14.905461012736875,13.720272094487724,13.26635206155445,,13.875614039832165,"rgba(239, 83, 80, 1.0)",0.0,0.0,0.5466629971311384,14.370014802220718,0.7682707627612331,0.0,0.0,0.0,0.0,0.0,0.0,0.0,0.0,30.30468522745283,-14.461853990743066,False,True,False,True,False,2.906339617933085,0,0.9771337410263228,0.9372507311885138,False,False,False,False,0.15121162164956417,0.17577843447412528,False,False,False,False,164432.0,134222.53291215567,False,False,False,False,3869.0135149607595,False,False,False,False
2025-09-03 16:00:00+00:00,14.79,14.79,14.675,14.69,896.0,,,,,,,,,15.002145981038279,14.657713077710259,,,,,,,,,,14.89796117373412,13.720573467884748,13.266675219375593,,13.875914223695824,"rgba(239, 83, 80, 1.0)",0.0,0.0,0.5358657388656756,14.369435018157057,0.59821884213295,0.0,0.0,0.0,0.0,0.0,0.0,0.0,0.0,26.639461694942934,-17.744554232242677,False,True,False,True,False,0.6569504946609115,0,0.9694697375468663,0.9488484199250133,False,False,False,False,0.1379212646725321,0.1568498495733287,False,False,False,False,163536.0,134677.00527010675,False,False,False,False,3822.92028217067,False,False,False,False
2025-09-03 17:00:00+00:00,14.69,14.775,14.63,14.655,1652.0,,,,,,,,,14.99825120379435,14.657945398321067,,,,,,,,,,14.883421914917252,13.721111028028822,13.267257675534426,,13.876446343683092,"rgba(239, 83, 80, 1.0)",0.0,0.0,0.5261046037187092,14.368172831607476,0.5451903791852784,0.0,0.0,0.0,0.0,0.0,0.0,0.0,0.0,23.71793551797611,-20.353752248178814,False,True,False,True,False,0.0,0,0.9625668449197863,0.9470588235294116,False,False,False,False,0.12856917257131073,0.14270951107231972,False,False,False,False,161884.0,135098.81914188803,False,False,False,False,3789.2626033773263,False,False,False,False
2025-09-03 18:00:00+00:00,14.655,14.72,14.65,14.695,3747.0,,,,,,,,,14.989809343801493,14.658488557726553,,,,,,,,,,14.857084429231971,13.722330186689437,13.268578558991706,,13.877653169251783,"rgba(239, 83, 80, 1.0)",0.0,0.0,0.5163377011429509,14.36611165466221,0.6369636472598678,0.0,0.0,0.0,0.0,0.0,0.0,0.0,0.0,24.1565143908696,-20.353752248178814,False,True,False,True,False,0.7683101013381126,0,0.9593147751605998,0.9528907922912208,False,False,False,False,0.12312419965790534,0.13291685536511252,False,False,False,False,165631.0,135572.18628697502,False,False,False,False,3788.6073692164373,False,False,False,False
2025-09-03 19:00:00+00:00,14.685,14.71,14.6,14.655,11451.0,,,,,,,,,14.96408035872072,14.658307867784194,,,,,,,,,,14.798061096090734,13.725909105531844,13.27250564478426,,13.88116841018918,"rgba(239, 83, 80, 1.0)",0.0,0.0,0.5059380103038668,14.40539951940807,0.4933420211737395,0.0,0.0,0.0,0.0,0.0,0.0,0.0,0.0,23.70366888839782,-20.549282143271427,False,True,False,True,False,0.0,0,0.9567538707955151,0.9519487453283503,False,False,False,False,0.11380665212030808,0.1233617537427103,False,False,False,False,154180.0,135860.67952283588,False,False,False,False,3907.404154189826,False,False,False,False
2025-09-04 14:00:00+00:00,14.695,14.825,14.63,14.825,2509.0,,,,,,,,,14.960701018567404,14.659448988932219,,,,,,,,,,14.79577186463702,13.726777815687207,13.273428254967207,,13.8820383176861,"rgba(239, 83, 80, 1.0)",0.0,0.0,0.49407199387852374,14.407050125567963,0.8459290945659157,0.0,0.0,0.0,0.0,0.0,0.0,0.0,0.0,31.1021548342247,-25.034618410589424,False,True,False,True,True,3.544975652790125,0,0.9601487778958555,0.9468650371944741,False,False,False,False,0.13636096029818606,0.12986135702044818,False,False,False,False,156689.0,136183.59922015626,False,False,False,False,3885.7234696287433,False,False,False,False
2025-09-04 15:00:00+00:00,14.825,15.015,14.82,15.005,670.0,,,,,,,,,14.960639233852419,14.660307073868953,,,,,,,,,,14.798157131060517,13.727051413847617,13.273705346310912,,13.882319653357708,"rgba(38, 166, 154, 1.0)",0.0,0.0,0.48122263581962726,14.408460598826291,1.2396328783613273,0.0,0.0,0.0,0.0,0.0,0.0,0.0,0.0,40.77324046938186,-16.334593946104768,False,True,False,True,True,7.132049351267018,0,0.9664982717362406,0.9460249933528319,False,False,False,False,0.19619131333534345,0.16302633517789583,False,False,False,False,157359.0,136511.90000744065,False,False,False,False,3835.8672918050415,False,False,False,False
2025-09-04 16:00:00+00:00,15.005,15.05,14.95,14.97,1990.0,,,,,,,,,14.961018193021141,14.66320688877888,,,,,,,,,,14.80676033802817,13.727892165340668,13.27454911167827,,13.88318837124158,"rgba(38, 166, 154, 1.0)",0.0,0.0,0.4697294793641843,14.412953423079472,1.1858880512982388,0.0,0.0,0.0,0.0,0.0,0.0,0.0,0.0,46.13139585668101,-11.849419870146477,False,True,False,False,True,6.322048820807023,0,1.0146977260122019,0.9409317803660568,False,False,False,False,0.22258352953906457,0.1928049323584802,False,False,False,False,155369.0,136804.25814686017,False,False,False,False,3807.249194257676,False,False,False,False
2025-09-04 17:00:00+00:00,14.96,15.075,14.955,15.065,1431.0,,,,,,,,,14.961667876949571,14.665522678460839,,,,,,,,,,14.813786512683926,13.728515990903487,13.27517007180718,,13.883835705817251,"rgba(38, 166, 154, 1.0)",0.0,0.0,0.4610984534605892,14.416310105247897,1.4068359802198886,0.0,0.0,0.0,0.0,0.0,0.0,0.0,0.0,51.751147482071815,-7.0311188174798005,False,False,True,False,True,8.148112026951548,0,1.0291234948193781,0.9095491458975076,False,False,False,False,0.22741402303414707,0.21010947769631363,False,False,False,False,156800.0,137114.26964845925,False,False,False,False,3770.4081214784874,False,False,False,False
2025-09-04 18:00:00+00:00,15.065,15.14,15.04,15.045,1845.0,,,,,,,,,14.962995852809671,14.668814153393047,,,,,,,,,,14.823900442802877,13.7293461298424,13.275989768660395,,13.884700711425118,"rgba(38, 166, 154, 1.0)",0.0,0.0,0.45075495230445317,14.420848999802024,1.3846791854577478,0.0,0.0,0.0,0.0,0.0,0.0,0.0,0.0,54.81281452167224,-4.437256196400796,False,False,True,False,True,7.675877644844011,0,1.0292052794158941,0.9022746419545071,False,False,False,False,0.2517286147643151,0.23091904623031434,False,False,False,False,154955.0,137390.87011902579,False,False,False,False,3740.5568327733945,False,False,False,False
2025-09-04 19:00:00+00:00,15.045,15.16,15.01,15.16,8468.0,,,,,,,,,14.97049827029242,14.68451173549135,,,,,,,,,,14.867071045456974,13.733241885492493,13.279815382926436,,13.88877103402987,"rgba(38, 166, 154, 1.0)",0.0,0.0,0.44147199517351576,14.439705695890385,1.6315741700139121,0.0,0.0,0.0,0.0,0.0,0.0,0.0,0.0,59.122568221998975,-0.48786986523752063,True,False,True,False,True,9.846985964404094,0,1.0484657298537425,0.8999139661600232,False,False,False,False,0.25009884321654596,0.24050894472343015,False,False,False,False,163423.0,137794.4690319091,False,False,False,False,3813.8505252885357,False,False,False,False
2025-09-05 14:00:00+00:00,15.185,15.185,14.865,14.935,989.0,,,,,,,,,14.970643448982402,14.68579663995648,,,,,,,,,,14.869286527281641,13.73365756187007,13.280233136283917,,13.889200055134404,"rgba(38, 166, 154, 1.0)",0.0,0.0,0.42707023073722156,14.500527232918788,1.017333299797582,0.0,0.0,0.0,0.0,0.0,0.0,0.0,0.0,55.736636806063835,-0.48786986523752063,True,False,True,False,True,4.714733726669337,0,1.0316239316239317,0.8894586894586897,False,False,False,False,0.22365608047991117,0.23208251260167068,False,False,False,False,162434.0,138176.47726397254,False,False,False,False,3770.05439311352,False,False,False,False
2025-09-05 15:00:00+00:00,14.935,15.05,14.915,14.96,811.0,,,,,,,,,14.970664514321147,14.686774737693705,,,,,,,,,,14.870766760475837,13.73399281905609,13.280571556946649,,13.889545254441204,"rgba(38, 166, 154, 1.0)",0.0,0.0,0.41238220267252346,14.500974720677728,1.1131064249317002,0.0,0.0,0.0,0.0,0.0,0.0,0.0,0.0,54.049041880933686,-0.48786986523752063,True,False,True,False,False,5.193472960122591,0,1.033275462962963,0.9088541666666666,False,False,False,False,0.18783290113700715,0.2099577068693389,False,False,False,False,163245.0,138565.13653119776,False,False,False,False,3724.177580817186,False,False,False,False
2025-09-05 16:00:00+00:00,14.97,15.035,14.96,15.035,1245.0,,,,,,,,,14.970954346655304,14.688444227330619,,,,,,,,,,14.873696673652896,13.734521639315162,13.281101543549314,,13.89009183100932,"rgba(38, 166, 154, 1.0)",0.0,0.0,0.3995333088302219,14.503055905073566,1.3314136347827732,0.0,0.0,0.0,0.0,0.0,0.0,0.0,0.0,54.59359830462159,-0.48786986523752063,True,False,True,False,False,6.619289066588266,0,1.0215568862275453,0.9293413173652697,False,False,False,False,0.1937406856976283,0.2018491962834836,False,False,False,False,164490.0,138967.07239893114,False,False,False,False,3685.7407190990903,False,False,False,False
2025-09-05 17:00:00+00:00,15.035,15.04,14.915,14.945,982.0,,,,,,,,,14.970929571856987,14.689573105310926,,,,,,,,,,14.875214588944678,13.734924279381842,13.281508872242494,,13.890505903119134,"rgba(38, 166, 154, 1.0)",0.0,0.0,0.3821133386883579,14.503700987437494,1.1548903633600158,0.0,0.0,0.0,0.0,0.0,0.0,0.0,0.0,52.71894080098633,-0.48786986523752063,True,False,True,False,False,4.627757744040341,0,1.0114182692307692,0.9332932692307692,False,False,False,False,0.18586653558832697,0.1938578659359053,False,False,False,False,163508.0,139347.5518966221,False,False,False,False,3643.8222583378642,False,False,False,False
2025-09-05 18:00:00+00:00,14.95,15.02,14.91,15.015,6835.0,,,,,,,,,14.971344695469854,14.6975955899884,,,,,,,,,,14.886077370199509,13.737753535372992,13.284363739099778,,13.893419211420817,"rgba(38, 166, 154, 1.0)",0.0,0.0,0.368792197158026,14.510569515283317,1.3677905568607716,0.0,0.0,0.0,0.0,0.0,0.0,0.0,0.0,53.09233412373771,-0.48786986523752063,True,False,True,False,False,5.964646714457899,0,1.005131300935708,0.9402354361605796,False,False,False,False,0.18095679767285208,0.18740733180437869,False,False,False,False,170343.0,139828.1014796202,False,False,False,False,3693.2978822396026,False,False,False,False
2025-09-05 19:00:00+00:00,15.015,15.12,15.01,15.095,5494.0,,,,,,,,,14.974468912296102,14.705747520496528,,,,,,,,,,14.900398735196044,13.740188348554444,13.286777356088987,,13.895949559260536,"rgba(38, 166, 154, 1.0)",0.0,0.0,0.3526303094390701,14.519680410641692,1.6315091866988705,0.0,0.0,0.0,0.0,0.0,0.0,0.0,0.0,55.02275050459624,-0.48786986523752063,True,False,True,False,False,7.460933620326962,0,1.0157289776164549,0.9271022383545068,False,False,False,False,0.2204981157185287,0.20395272376145368,False,False,False,False,175837.0,140386.3789760602,False,False,False,False,3721.2157445304615,False,False,False,False
2025-09-08 14:00:00+00:00,14.99,14.99,14.87,14.97,576.0,,,,,,,,,14.974370834609383,14.706284336492393,,,,,,,,,14.943333333333332,14.90073727030887,13.740417975624153,13.287011422747124,,13.896184662698223,"rgba(38, 166, 154, 1.0)",0.0,0.0,0.3357454392839294,14.519978372260118,1.3403655719037586,0.0,0.0,0.0,0.0,0.0,0.0,0.0,0.0,53.146864273529545,-0.48786986523752063,True,False,True,False,False,4.706507953824822,0,1.0020995800839827,0.9268146370725853,False,False,False,False,0.16725454319408253,0.1856036334777681,False,False,False,False,175261.0,140927.07077488097,False,False,False,False,3672.4527097315395,False,False,False,False
2025-09-08 15:00:00+00:00,14.985,15.02,14.96,14.985,621.0,,,,,,,,,14.974418092367616,14.70696973313663,,,,,,,,,14.966679197994985,14.901475639772684,13.740674701716822,13.287270555850968,,13.896448902921634,"rgba(38, 166, 154, 1.0)",0.0,0.0,0.3166220926428032,14.52051114237813,1.4670134157248536,0.0,0.0,0.0,0.0,0.0,0.0,0.0,0.0,52.255411817078596,-0.48786986523752063,True,False,False,False,False,4.992846883038283,1,1.0105358217940998,0.923841059602649,False,False,False,False,0.19078514862901239,0.18819439105339025,False,False,False,False,175882.0,141469.0076620921,False,False,False,False,3625.1433653946165,False,False,False,False
2025-09-08 16:00:00+00:00,14.985,15.045,14.98,14.995,1110.0,,,,,,,,,14.97461201673646,14.708265863785538,,,,,,,,,14.985918942349372,14.903037005339963,13.741140060098331,13.287738533918747,,13.896928823023758,"rgba(38, 166, 154, 1.0)",0.0,0.0,0.2951964073610598,14.521606016009192,1.6036576739627812,0.0,0.0,0.0,0.0,0.0,0.0,0.0,0.0,51.92058589675623,-0.48786986523752063,True,False,False,False,False,5.1863057157077,1,1.0070465686274506,0.9356617647058821,False,False,False,False,0.19966185782065513,0.19392812443702268,False,False,False,False,176992.0,142019.7517293465,False,False,False,False,3586.1488946133045,False,False,False,False
2025-09-08 17:00:00+00:00,14.995,15.015,14.81,14.86,1207.0,,,,,,,,,14.97409482186364,14.709139915046315,,,,,,,,,14.954689812179852,14.90290934652822,13.741601080794794,13.288214079191498,,13.897397747046568,"rgba(38, 166, 154, 1.0)",0.0,0.0,0.27582697932305317,14.521858031579933,1.2259205725630944,0.0,0.0,0.0,0.0,0.0,0.0,0.0,0.0,48.40528200056838,4.384411189900568,False,False,False,True,False,2.245756390654371,1,1.0039779681762546,0.9293145654834762,False,False,False,False,0.16042699106333236,0.17717755775017752,False,False,False,False,175785.0,142543.24395059695,False,False,False,False,3549.2628652394546,False,False,False,False
2025-09-08 18:00:00+00:00,14.86,14.95,14.855,14.895,965.0,,,,,,,,,14.97371196747323,14.709851498983246,,,,,,,,,14.942906898861352,14.902872863442225,13.741970999937129,13.288595259113157,,13.897774213761108,"rgba(38, 166, 154, 1.0)",0.0,0.0,0.2555610679650102,14.52212152186049,1.459058224747137,0.0,0.0,0.0,0.0,0.0,0.0,0.0,0.0,47.1016499050843,2.8108200300415263,False,False,False,True,False,2.9447960491437826,0,1.0006144393241165,0.9376344086021505,False,False,False,False,0.15653222033738326,0.16685488904378037,False,False,False,False,176750.0,143073.5812536885,False,False,False,False,3509.1967743055093,False,False,False,False
2025-09-08 19:00:00+00:00,14.895,14.92,14.775,14.795,6318.0,,,,,,,,,14.969009324431875,14.712714410890982,,,,,,,,,14.876838010558489,14.897343865084698,13.744241044538555,13.290978235442658,,13.900060365087453,"rgba(38, 166, 154, 1.0)",0.0,0.0,0.23076736462622555,14.521656207646481,1.1844993454609756,0.0,0.0,0.0,0.0,0.0,0.0,0.0,0.0,44.066237179449615,-0.3221920292279634,False,False,False,True,False,0.8208760073954444,0,0.9956976029502151,0.9388444990780578,False,False,False,False,0.13519172100368707,0.15102330502373373,False,False,False,False,170432.0,143497.74278463906,False,False,False,False,3552.744111137982,False,False,False,False
2025-09-09 14:00:00+00:00,14.81,14.845,14.625,14.665,879.0,,,,,,,,,14.96784305890683,14.712710948972788,,,,,,,,,14.864403477218225,14.895404372298996,13.744521778344435,13.29128374002933,,13.900337180569167,"rgba(239, 83, 80, 1.0)",0.0,0.0,0.20979129483213532,14.52107362569129,0.6860455026214111,0.0,0.0,0.0,0.0,0.0,0.0,0.0,0.0,39.81335306151186,-4.436714140551111,False,True,False,True,False,0.0,0,0.9850335980452044,0.9434941967012827,False,False,False,False,0.09189809364708357,0.12146069933540865,False,False,False,False,169553.0,143901.7002608462,False,False,False,False,3511.2907140660755,False,False,False,False
2025-09-09 15:00:00+00:00,14.68,14.8,14.675,14.75,1443.0,,,,,,,,,14.966172771269727,14.71286716441533,,,,,,,,,14.850903270066317,14.892812560849276,13.74499657320667,13.291795570031042,,13.900807990300752,"rgba(239, 83, 80, 1.0)",0.0,0.0,0.1823759111640822,14.520433398024668,1.2587550653484751,0.0,0.0,0.0,0.0,0.0,0.0,0.0,0.0,39.60287951376861,-4.767585961204169,False,True,False,True,False,0.0,0,0.9938631482049706,0.9444614912549859,False,False,False,False,0.09285586078950703,0.10715828006245784,False,False,False,False,170996.0,144321.76692346873,False,False,False,False,3479.2241913673765,False,False,False,False
2025-09-09 16:00:00+00:00,14.75,14.79,14.72,14.74,1255.0,,,,,,,,,14.964793207020113,14.713040581608526,,,,,,,,,14.842093363016557,14.890748866807137,13.745412591921925,13.292242979938207,,13.901221086593544,"rgba(239, 83, 80, 1.0)",0.0,0.0,0.15925072305251478,14.519990426135482,1.3815295130055207,0.0,0.0,0.0,0.0,0.0,0.0,0.0,0.0,39.26737073863726,-5.371780134485753,False,True,False,True,False,0.0,0,1.016880275085964,0.9334166927164738,False,False,False,False,0.09956508910265412,0.10336168458255598,False,False,False,False,169741.0,144715.86356031417,False,False,False,False,3444.740095377185,False,False,False,False
2025-09-09 17:00:00+00:00,14.725,14.76,14.695,14.7,964.0,,,,,,,,,14.96359095156649,14.713059500414055,,,,,,,,,14.834314991089668,14.888856110902331,13.74572184784608,13.292578999987859,,13.901526296184796,"rgba(239, 83, 80, 1.0)",0.0,0.0,0.16273473690196164,14.519513838851202,1.1090819611398035,0.0,0.0,0.0,0.0,0.0,0.0,0.0,0.0,38.232980031048285,-6.689124391207059,False,True,False,True,False,0.0,0,1.0214308225653954,0.9231011660888746,False,False,False,False,0.08902579360388974,0.09619373909322286,False,False,False,False,168777.0,145088.90443534806,False,False,False,False,3406.2790086271507,False,False,False,False
2025-09-09 18:00:00+00:00,14.7,14.74,14.69,14.725,472.0,,,,,,,,,14.963006562673531,14.713068714326957,,,,,,,,,14.830852414083914,14.887944441298064,13.74587319607331,13.292743466587677,,13.901675651772033,"rgba(239, 83, 80, 1.0)",0.0,0.0,0.1657351354875946,14.519291205900268,1.2411900077465998,0.0,0.0,0.0,0.0,0.0,0.0,0.0,0.0,38.44618735855548,-6.838802425503623,False,True,False,True,False,0.0,0,1.0135903919089757,0.9254108723135269,False,False,False,False,0.08424185702969203,0.09021779806145744,False,False,False,False,169249.0,145463.4795603814,False,False,False,False,3360.7863108189777,False,False,False,False
2025-09-09 19:00:00+00:00,14.725,14.725,14.48,14.505,10892.0,,,,,,,,,14.942523327367907,14.707524212428925,,,,,,,,,14.7244482310938,14.853026558577085,13.748821966092152,13.2961344233304,,13.904483840180609,"rgba(239, 83, 80, 1.0)",0.0,0.0,0.17502851762481006,14.508035536540564,-0.017343096895047757,0.0,0.0,0.0,0.0,0.0,0.0,0.0,0.0,34.75559838292567,-10.581179543762495,False,True,False,True,False,0.0,0,1.0037570444583592,0.9236067626800248,False,False,False,False,0.041332852820961656,0.06577532544120955,False,False,False,False,158357.0,145663.37910208091,False,False,False,False,3477.5493137520166,False,False,False,False
2025-09-10 14:00:00+00:00,14.58,14.68,14.555,14.635,807.0,,,,,,,,,14.941295492137336,14.707283164396632,,,,,,,,,14.721481939244127,14.851172637622016,13.749053739233439,13.296395435415938,,13.9047075616427,"rgba(239, 83, 80, 1.0)",0.0,0.0,0.17967124632704423,14.50756307388354,0.7092783554497863,0.0,0.0,0.0,0.0,0.0,0.0,0.0,0.0,36.273214550269735,-10.581179543762495,False,True,False,True,False,0.0,0,1.009051186017478,0.921660424469413,False,False,False,False,0.04704184203617769,0.05640858373869362,False,False,False,False,159164.0,145872.69105398664,False,False,False,False,3436.145448422528,False,False,False,False
2025-09-10 15:00:00+00:00,14.635,14.71,14.615,14.71,1499.0,,,,,,,,,14.939429885590599,14.707130017174851,,,,,,,,,14.719252217779005,14.848619637443377,13.749510994165066,13.296900076501188,,13.905154530963562,"rgba(239, 83, 80, 1.0)",0.0,0.0,0.18235879394667678,14.507099992197416,1.1126417509753574,0.0,0.0,0.0,0.0,0.0,0.0,0.0,0.0,39.23464099405457,-10.581179543762495,False,True,False,True,True,0.0,0,1.0187793427230045,0.9145539906103285,False,False,False,False,0.0570929490438266,0.05675076639126011,False,False,False,False,160663.0,146101.9981694287,False,False,False,False,3406.1121856562872,False,False,False,False
2025-09-10 16:00:00+00:00,14.695,14.765,14.69,14.72,2630.0,,,,,,,,,14.93679359224874,14.707294351783858,,,,,,,,,14.71973001875382,14.845496879992568,13.750352415895366,13.297814460528269,,13.905984750387322,"rgba(239, 83, 80, 1.0)",0.0,0.0,0.18477585642359778,14.506912068324302,1.153223888662137,0.0,0.0,0.0,0.0,0.0,0.0,0.0,0.0,41.46942721762437,-13.275736192662713,False,False,False,True,True,0.0,0,1.0234771573604058,0.9276649746192891,False,False,False,False,0.08256522043029559,0.06965799341077784,False,False,False,False,163293.0,146368.52532959258,False,False,False,False,3394.0794385918484,False,False,False,False
2025-09-10 17:00:00+00:00,14.755,14.8,14.6,14.615,2302.0,,,,,,,,,14.933970901550888,14.70700986615422,,,,,,,,,14.71647009428403,14.841736534636405,13.751047473725578,13.29858397412673,,13.906662819682767,"rgba(239, 83, 80, 1.0)",0.0,0.0,0.18938551653658983,14.506261130433689,0.5741667660488837,0.0,0.0,0.0,0.0,0.0,0.0,0.0,0.0,40.75304768108516,-13.275736192662713,False,False,False,True,True,0.0,0,1.0201956453139789,0.9201640896181759,False,False,False,False,0.07177734555710809,0.07071766948394297,False,False,False,False,160991.0,146595.2303632423,False,False,False,False,3377.147974427634,False,False,False,False
2025-09-10 18:00:00+00:00,14.615,14.62,14.53,14.565,2981.0,,,,,,,,,14.929043784775919,14.705624711753805,,,,,,,,,14.704778671578053,14.834377231952416,13.751848390526423,13.299506704175034,,13.907424563163012,"rgba(239, 83, 80, 1.0)",0.0,0.0,0.19502945030544422,14.5042485363328,0.3114989227116884,0.0,0.0,0.0,0.0,0.0,0.0,0.0,0.0,39.336320283944005,-13.275736192662713,False,True,False,True,False,0.0,0,1.0117125672681224,0.9370053814498258,False,False,False,False,0.022913885191490388,0.04681577733771668,False,False,False,False,158010.0,146772.2035359052,False,False,False,False,3371.0061453667404,False,False,False,False
2025-09-10 19:00:00+00:00,14.565,14.58,14.47,14.545,10386.0,,,,,,,,,14.911067336855599,14.69963540509869,,,,,,,,,14.666772852502449,14.808129949964655,13.754491110873285,13.302610378651512,,13.909905948496247,"rgba(239, 83, 80, 1.0)",0.0,0.0,0.2009668521812319,14.529565959462067,0.07679893659285932,0.0,0.0,0.0,0.0,0.0,0.0,0.0,0.0,38.011758641831506,-13.275736192662713,False,True,False,True,False,0.0,0,1.003485424588086,0.9435994930291506,False,False,False,False,0.003412105802298735,0.025113941570007705,False,False,False,False,147624.0,146785.40968263533,False,False,False,False,3479.765740012217,False,False,False,False
2025-09-11 14:00:00+00:00,14.595,14.865,14.595,14.8,1787.0,,,,,,,,14.753333333333334,14.909849089929434,14.699951633349368,,,,,,,,,14.669923615920478,14.80732446868308,13.755073184292872,13.303238844392274,,13.910482407140748,"rgba(239, 83, 80, 1.0)",0.0,0.0,0.2018100078768067,14.531555480595376,1.3301843760320082,0.0,0.0,0.0,0.0,0.0,0.0,0.0,0.0,43.7953504325516,-11.018329187778818,False,False,False,True,True,1.2908647169920364,0,1.0028133791809937,0.9299781181619254,False,False,False,False,0.08354685022791981,0.05433039589896376,False,False,False,False,149411.0,146826.11650926116,False,False,False,False,3453.5213099345083,False,False,False,False
2025-09-11 15:00:00+00:00,14.77,14.795,14.665,14.665,2035.0,,,,,,,,14.729373364730508,14.908092154401357,14.700007469095183,,,,,,,,,14.671452372104547,14.805694691649675,13.755705369111483,13.30393167700007,,13.91110291056531,"rgba(239, 83, 80, 1.0)",0.0,0.0,0.2045799475875204,14.53266096096301,0.6468817721266322,0.0,0.0,0.0,0.0,0.0,0.0,0.0,0.0,44.779446864227666,-10.151454203373852,True,False,False,True,True,0.0,1,1.0040688575899839,0.9399061032863848,False,False,False,False,0.08354685022791981,0.06893862306344178,False,False,False,False,147376.0,146834.64183469897,False,False,False,False,3431.528731485911,False,False,False,False
2025-09-11 16:00:00+00:00,14.665,14.83,14.65,14.83,2739.0,,,,,,,,14.746333638164915,14.906490470665286,14.700629458395516,,,,,,,,,14.676463175416451,14.80492086357508,13.756609928089683,13.304904013270676,,13.912001035619173,"rgba(239, 83, 80, 1.0)",0.0,0.0,0.2039665667709244,14.534896472757177,1.4468230353372311,0.0,0.0,0.0,0.0,0.0,0.0,0.0,0.0,48.56410507636062,-6.623047496003636,True,False,False,False,True,1.8075123788541738,0,1.0034439574201626,0.9392611145898557,False,False,False,False,0.08747499539188443,0.0782068092276631,False,False,False,False,150115.0,146885.50010082766,False,False,False,False,3420.7918519279897,False,False,False,False
2025-09-11 17:00:00+00:00,14.8,14.82,14.72,14.75,699.0,,,,,,,,14.747970385674932,14.906067974965552,14.70077134027582,,,,,,,,,14.677575976933555,14.8046920441009,13.756838998629988,13.305150821311804,,13.91222816015577,"rgba(239, 83, 80, 1.0)",0.0,0.0,0.2052256503644835,14.53536209497122,1.045862954497066,0.0,0.0,0.0,0.0,0.0,0.0,0.0,0.0,49.446146189263665,-5.785725354544482,True,False,False,False,True,0.27291601681293187,0,1.0081428124021292,0.9339179455057938,False,False,False,False,0.09927609610862256,0.08874145266814283,False,False,False,False,149416.0,146924.73265740395,False,False,False,False,3378.593528642284,False,False,False,False
2025-09-11 18:00:00+00:00,14.75,14.805,14.66,14.765,2471.0,,,,,,,,14.746792895557157,14.904387711468978,14.701109086140635,,,,,,,,,14.680424716855429,14.803521371085012,13.757631865091929,13.30601067342015,,13.913011241913212,"rgba(239, 83, 80, 1.0)",0.0,0.0,0.20616113701270714,14.536544470839837,1.1081406150087434,0.0,0.0,0.0,0.0,0.0,0.0,0.0,0.0,50.32958381438888,-4.80997677190355,True,False,False,False,True,0.557484436156404,0,1.0043804755944927,0.9358573216520649,False,False,False,False,0.08452864068930521,0.08663504667872401,False,False,False,False,151887.0,147001.66703480852,False,False,False,False,3364.522311143954,False,False,False,False
2025-09-11 19:00:00+00:00,14.765,14.87,14.72,14.86,2711.0,,,,,,,,14.762017762417619,14.903405136023643,14.702106461509723,,,,,,,,,14.686606442506708,14.803790890206518,13.7585648823374,13.307000929067504,,13.913944414648325,"rgba(239, 83, 80, 1.0)",0.0,0.0,0.20532172074324462,14.571665783207099,1.4043045019745553,0.0,0.0,0.0,0.0,0.0,0.0,0.0,0.0,52.74829987817127,-2.3684708782376447,True,False,True,False,True,2.345524752889375,0,1.0043695380774031,0.9344569288389513,False,False,False,False,0.10913130606730456,0.09788317637301429,False,False,False,False,154598.0,147119.43963892,False,False,False,False,3354.390182289009,False,False,False,False
2025-09-12 14:00:00+00:00,14.68,14.75,14.635,14.745,2200.0,,,,,,,,14.754201953285072,14.901662954303815,14.702161364227953,,,,,,,,,14.687437219863652,14.802255896764466,13.759244620094224,13.307746864664614,,13.914610963439308,"rgba(239, 83, 80, 1.0)",0.0,0.0,0.20546863595283452,14.569593382139146,0.853690477125266,0.0,0.0,0.0,0.0,0.0,0.0,0.0,0.0,51.769644827139594,-2.3684708782376447,True,False,True,False,True,0.11687441879042382,0,0.9941267387944355,0.9313755795981451,False,False,False,False,0.06883819499148318,0.08336068568224873,False,False,False,False,152398.0,147201.27778405303,False,False,False,False,3336.4926600829776,False,False,False,False
2025-09-12 15:00:00+00:00,14.74,14.74,14.665,14.71,1451.0,,,,,,,,14.749765736655691,14.900501451752957,14.7021743267286,,,,,,,,,14.687839169295478,14.801217307574364,13.75969005185107,13.308236656464553,,13.915047212413517,"rgba(239, 83, 80, 1.0)",0.0,0.0,0.20690736491873812,14.56902086452124,0.6813635441837911,0.0,0.0,0.0,0.0,0.0,0.0,0.0,0.0,50.38368836155492,-2.3684708782376447,True,False,False,False,False,0.0,0,0.9953343701399687,0.9384136858475894,False,False,False,False,0.07275733508885512,0.07805901038555194,False,False,False,False,150947.0,147259.35099670338,False,False,False,False,3307.260215740606,False,False,False,False
2025-09-12 16:00:00+00:00,14.71,14.72,14.53,14.54,875.0,,,,,,,,14.741870776363353,14.899423171300521,14.701884586052026,,,,,,,,,14.686598003370932,14.79990848263254,13.759927699209682,13.308508955495215,,13.915274006435542,"rgba(239, 83, 80, 1.0)",0.0,0.0,0.21133356068980694,14.567664602675105,-0.13090491914680674,0.0,0.0,0.0,0.0,0.0,0.0,0.0,0.0,46.37359991600973,1.347918025545198,True,False,False,True,False,0.0,0,1.0034439574201626,0.9386349405134626,False,False,False,False,0.04243310852160951,0.06024605945358072,False,False,False,False,150072.0,147302.95795799477,False,False,False,False,3269.550755031449,False,False,False,False
2025-09-12 17:00:00+00:00,14.535,14.595,14.49,14.58,3659.0,,,,,,,,14.708721982514827,14.89438650515159,14.700216965676447,,,,,,,,,14.67950999008842,14.793526269683568,13.760870598479807,13.30960959509779,,13.916162868012977,"rgba(239, 83, 80, 1.0)",0.0,0.0,0.21513222416419273,14.56232630815133,0.08215269431315142,0.0,0.0,0.0,0.0,0.0,0.0,0.0,0.0,44.7061482303976,-0.27633859645017367,False,False,False,True,False,0.0,0,1.0097453630933666,0.9383841559258094,False,False,False,False,0.01023667422765725,0.03524136684061899,False,False,False,False,153731.0,147402.6175245375,False,False,False,False,3275.588727821659,False,False,False,False
2025-09-12 18:00:00+00:00,14.58,14.655,14.55,14.595,2123.0,,,,,,,,14.69857619047619,14.891909727863927,14.699561124999612,,,,,,,,,14.677100527665567,14.790643715095555,13.761447599348942,13.310270352809471,,13.916713714297861,"rgba(239, 83, 80, 1.0)",0.0,0.0,0.21827235239438497,14.560946187420711,0.15601523603758682,0.0,0.0,0.0,0.0,0.0,0.0,0.0,0.0,43.98995324717837,-1.0939697675588391,False,False,False,True,False,0.0,0,1.0160075329566853,0.9265536723163842,False,False,False,False,0.026005839453737915,0.03062360314717845,False,False,False,False,155854.0,147533.64671020358,False,False,False,False,3257.7191351422534,False,False,False,False
2025-09-12 19:00:00+00:00,14.59,14.59,14.415,14.415,9123.0,,,,,,,,14.63410498959412,14.877304539891378,14.693373184581985,,,,,,,,,14.65362277932138,14.771555504269559,13.76354491654425,13.31282397969027,,13.918633811513613,"rgba(239, 83, 80, 1.0)",0.0,0.0,0.22551892112136135,14.549263692332309,-0.5953544459360751,0.0,0.0,0.0,0.0,0.0,0.0,0.0,0.0,40.468835619391584,-4.524537872226702,False,True,False,True,False,0.0,0,1.004680187207488,0.9335413416536661,False,False,False,False,-0.02200356947443976,0.004310016836369345,False,False,False,False,146731.0,147521.20257516165,False,False,False,False,3348.6537221943117,False,False,False,False
2025-09-15 14:00:00+00:00,14.58,14.65,14.495,14.51,13582.0,,,,,,,,14.60947233527665,14.861224037298546,14.687828441568664,,,,,,,,,14.638694598362836,14.753481282440777,13.766986612427457,13.316860239756538,,13.92186820130404,"rgba(239, 83, 80, 1.0)",0.0,0.0,0.22942020536689853,14.54351924313741,-0.14610414581316117,0.0,0.0,0.0,0.0,0.0,0.0,0.0,0.0,40.62896366093542,-4.524537872226702,False,True,False,True,False,0.0,0,1.0018621973929234,0.9332712600869024,False,False,False,False,0.006651239992759084,0.005480628414564214,False,False,False,False,160313.0,147719.52501585684,False,False,False,False,3507.3102536331594,False,False,False,False
2025-09-15 15:00:00+00:00,14.505,14.505,14.4,14.435,2995.0,,,,,,,,14.59940829033368,14.856758447017244,14.685765428290422,,,,,,,,,14.632688524076569,14.748019124383788,13.767640493542272,13.317671365554917,,13.922458813933474,"rgba(239, 83, 80, 1.0)",0.0,0.0,0.23439711817547712,14.54091076544628,-0.4518432917208144,0.0,0.0,0.0,0.0,0.0,0.0,0.0,0.0,39.49077601055954,-5.791124674572053,False,True,False,True,False,0.0,0,0.9912581954417731,0.9506712457071493,False,False,False,False,-0.04249068738113441,-0.0185050294832851,False,False,False,False,157318.0,147868.33858150247,False,False,False,False,3499.367459003188,False,False,False,False
2025-09-15 16:00:00+00:00,14.445,14.57,14.37,14.515,14296.0,,,,,,,,14.573341594152085,14.83857829370387,14.677889184652601,,,,,,,,,14.613503630069149,14.727418880025713,13.77091962689259,13.321658026341185,,13.925464582012738,"rgba(239, 83, 80, 1.0)",0.0,0.0,0.236793520120655,14.541759938904931,-0.11300959118854148,0.0,0.0,0.0,0.0,0.0,0.0,0.0,0.0,40.79659068383235,-5.791124674572053,False,True,False,True,False,0.0,0,0.9909544603867745,0.9463505926388021,False,False,False,False,-0.035317020079494714,-0.026911024781389906,False,False,False,False,171614.0,148236.4883709365,False,False,False,False,3666.757110801588,False,False,False,False
2025-09-15 17:00:00+00:00,14.51,14.6,14.47,14.52,11705.0,,,,,,,,14.566527537127328,14.826698499310394,14.673286693609134,,,,,,,,,14.605476149411126,14.71552189037565,13.773750005176533,13.325027407885797,,13.928097782732856,"rgba(239, 83, 80, 1.0)",0.0,0.0,0.2379932620742717,14.539398087619025,-0.08150687733744312,0.0,0.0,0.0,0.0,0.0,0.0,0.0,0.0,41.79707925858027,-5.791124674572053,False,True,False,True,True,0.0,0,1.0003117206982541,0.9398379052369077,False,False,False,False,-0.008697913680816032,-0.01780446923110297,False,False,False,False,183319.0,148780.40327991423,False,False,False,False,3791.381031564354,False,False,False,False
2025-09-15 18:00:00+00:00,14.515,14.67,14.47,14.545,5705.0,,,,,,,,14.566181570936674,14.82181701173769,14.671618890474877,,,,,,,,,14.6035153207859,14.711131809194182,13.775179335748694,13.326705816701168,,13.929439989003436,"rgba(239, 83, 80, 1.0)",0.0,0.0,0.23380919301579936,14.539115931429876,0.02516611299251263,0.0,0.0,0.0,0.0,0.0,0.0,0.0,0.0,43.16290130547675,-5.791124674572053,False,True,False,True,True,0.0,0,0.995358910891089,0.9384282178217822,False,False,False,False,0.005627945581279498,-0.0060882618249117355,False,False,False,False,189024.0,149404.33501200858,False,False,False,False,3821.049542702891,False,False,False,False
2025-09-15 19:00:00+00:00,14.545,14.585,14.45,14.48,27787.0,,,,,,,,14.550432033573276,14.795735198846524,14.660315627527856,,,,,,,,,14.585882823403113,14.685979609909612,13.781571297196058,13.334443892327505,,13.935318181378245,"rgba(239, 83, 80, 1.0)",0.0,0.0,0.2324307123337985,14.530817280753714,-0.21863410494880817,0.0,0.0,0.0,0.0,0.0,0.0,0.0,0.0,42.568464701514145,-5.791124674572053,False,True,False,True,True,0.0,0,0.9941484447182013,0.9427163535571297,False,False,False,False,-0.015861814726483493,-0.010975038275697614,False,False,False,False,161237.0,149587.78718236502,False,False,False,False,4192.614666071839,False,False,False,False
2025-09-16 14:00:00+00:00,14.5,14.56,14.42,14.455,7606.0,,,,,,,,14.545686144694749,14.788740395090631,14.656997960250038,,,,,,,,,14.580859849601282,14.679268392179525,13.783237689372205,13.336496462241428,,13.936831977510261,"rgba(239, 83, 80, 1.0)",0.0,0.0,0.22965979539654524,14.528231005500993,-0.31886732884416247,0.0,0.0,0.0,0.0,0.0,0.0,0.0,0.0,41.60901277791632,-5.791124674572053,False,True,False,True,True,0.0,0,0.9929555895865236,0.9433384379785605,False,False,False,False,-0.027122946933754787,-0.0190489926047262,False,False,False,False,153631.0,149650.47265240588,False,False,False,False,4245.535368923437,False,False,False,False
2025-09-16 15:00:00+00:00,14.455,14.555,14.445,14.48,18871.0,,,,,,,,14.538336420671529,14.77342578118919,14.649915493140764,,,,,,,,,14.5717708705916,14.665465273024338,13.787426384857424,13.34162384156014,,13.94065464702698,"rgba(239, 83, 80, 1.0)",0.0,0.0,0.2253597324478596,14.523636964039039,-0.193632480679015,0.0,0.0,0.0,0.0,0.0,0.0,0.0,0.0,41.852221554274415,-5.791124674572053,False,True,False,True,True,0.0,1,1.000920245398773,0.9423312883435583,False,False,False,False,-0.023027344137081823,-0.021038168370904012,False,False,False,False,172502.0,150004.75989810503,False,False,False,False,4472.286758552531,False,False,False,False
2025-09-16 16:00:00+00:00,14.485,14.605,14.44,14.545,5318.0,,,,,,,,14.538019162050887,14.76992063449085,14.648470737982658,,,,,,,,,14.570583255366353,14.662689362412658,13.788658733338828,13.343106320596087,,13.941793280446504,"rgba(239, 83, 80, 1.0)",0.0,0.0,0.2192775196653613,14.523125848828434,0.09975555727257585,0.0,0.0,0.0,0.0,0.0,0.0,0.0,0.0,44.20223640181474,-5.791124674572053,False,False,False,True,True,0.0,1,1.0039816232771823,0.9362940275650843,False,False,False,False,-0.01650151721872802,-0.018769842794816013,False,False,False,False,177820.0,150436.00393069253,False,False,False,False,4485.398591753267,False,False,False,False
2025-09-16 17:00:00+00:00,14.54,14.61,14.5,14.59,2614.0,,,,,,,,14.538545214210783,14.768492158660425,14.647989137656495,,,,,,,,,14.570529274469791,14.661731824181524,13.789292867529138,13.343856130293256,,13.94238613901635,"rgba(239, 83, 80, 1.0)",0.0,0.0,0.21724001755014616,14.523190051889099,0.30753978417203487,0.0,0.0,0.0,0.0,0.0,0.0,0.0,0.0,47.155988754901045,-6.435403988974066,True,False,False,False,True,0.0,1,1.0027514521553043,0.9373280342402935,False,False,False,False,-0.003093780302283524,-0.01093181154854977,False,False,False,False,180434.0,150901.0891410694,False,False,False,False,4456.384660098178,False,False,False,False
2025-09-16 18:00:00+00:00,14.59,14.59,14.465,14.495,3664.0,,,,,,,,14.53799621274381,14.766035605856892,14.646914327730306,,,,,,,,,14.569508430623015,14.65973211486417,13.790122926201095,13.344862669082694,,13.943148842754871,"rgba(239, 83, 80, 1.0)",0.0,0.0,0.21750255253748935,14.52269889213394,-0.12734973365044389,0.0,0.0,0.0,0.0,0.0,0.0,0.0,0.0,46.258553652654484,-6.435403988974066,True,False,False,True,True,0.0,1,0.997565429093122,0.9400486914181374,False,False,False,False,-0.014438522976508803,-0.012685167262529287,False,False,False,False,176770.0,151302.15752647916,False,False,False,False,4444.099626608283,False,False,False,False
2025-09-16 19:00:00+00:00,14.495,14.58,14.45,14.54,28936.0,,,,,,,,14.535571061395888,14.748675517070048,14.639411480221812,,,,,,,,,14.56349687376739,14.646340937930475,13.796671795789903,13.352796279200414,,13.949170964624622,"rgba(239, 83, 80, 1.0)",0.0,0.0,0.21538114131928854,14.519865989722234,0.09348084124003037,0.0,0.0,0.0,0.0,0.0,0.0,0.0,0.0,47.1319482532048,-6.430842652625202,True,False,False,True,True,0.0,1,0.9978807145019679,0.9394489857705117,False,False,False,False,-0.019596277430684945,-0.016140722346607114,False,False,False,False,205706.0,152145.62795242522,False,False,False,False,4823.819012242263,False,False,False,False
2025-09-17 14:00:00+00:00,14.62,14.665,14.56,14.64,7342.0,,,,,,,,14.539038613448607,14.746411516109426,14.639142275523996,,,,,,,,,14.56535698160432,14.645741226269768,13.798537237722972,13.354960013920048,,13.950937435750662,"rgba(239, 83, 80, 1.0)",0.0,0.0,0.211635267586596,14.521194109640737,0.5613709459395808,0.0,0.0,0.0,0.0,0.0,0.0,0.0,0.0,50.539429613683694,-3.1922068509501784,True,False,False,False,True,0.0,1,1.0069381598793363,0.9309200603318251,False,False,False,False,0.014211461021500517,-0.0009646306625532989,False,False,False,False,213048.0,153089.85077486825,False,False,False,False,4862.860577943933,False,False,False,False
2025-09-17 15:00:00+00:00,14.645,14.685,14.555,14.595,13588.0,,,,,,,,14.544076697535592,14.742108234285773,14.638391908070554,,,,,,,,,14.567944499956823,14.644274460607905,13.801925817334235,13.358913619832519,,13.95413394201611,"rgba(239, 83, 80, 1.0)",0.0,0.0,0.21092300375605638,14.52313066488162,0.34073730147282205,0.0,0.0,0.0,0.0,0.0,0.0,0.0,0.0,51.33068271444981,-2.4388747593097975,True,False,True,False,True,0.0,1,1.0078621106743268,0.9346840036286665,False,False,False,False,0.0032999897588378195,0.0011676795481422603,False,False,False,False,199460.0,153808.76781711835,False,False,False,False,4998.134057355655,False,False,False,False
2025-09-17 16:00:00+00:00,14.59,14.625,14.52,14.56,11569.0,,,,,,,,14.545429426707996,14.73750817243962,14.636799899170443,,,,,,,,,14.567962157550825,14.641589636945744,13.804635508842404,13.362144456962314,,13.956653454513782,"rgba(239, 83, 80, 1.0)",0.0,0.0,0.2096040239280034,14.523423538644545,0.17450266779238424,0.0,0.0,0.0,0.0,0.0,0.0,0.0,0.0,50.73897097353509,-2.4388747593097975,True,False,False,False,True,0.0,1,0.9978736330498175,0.9444106925880922,False,False,False,False,-0.017601838429608867,-0.008217079440733303,False,False,False,False,187891.0,154337.17451762815,False,False,False,False,5100.007947939288,False,False,False,False
2025-09-17 17:00:00+00:00,14.55,14.615,14.53,14.59,18572.0,,,,,,,,14.548133095599416,14.731019739104351,14.634742142679363,,,,,,,,,14.568666849595727,14.63819235792812,13.809002037838896,13.367337757218507,,13.960720567647202,"rgba(239, 83, 80, 1.0)",0.0,0.0,0.20766164874700582,14.524316451125433,0.3163008156339418,0.0,0.0,0.0,0.0,0.0,0.0,0.0,0.0,51.31405799954479,-2.254479191435898,True,False,False,False,True,0.0,1,1.0030422878004253,0.9431092181320352,False,False,False,False,-0.017601838429608867,-0.012909458935171085,False,False,False,False,206463.0,155145.32685068817,False,False,False,False,5308.876041769687,False,False,False,False
2025-09-17 18:00:00+00:00,14.61,14.76,14.255,14.4,8582.0,,,,,,,,14.545335905031862,14.726224809274324,14.63213239498953,,,,,,,,,14.565713958019996,14.634159694533567,13.810725721105008,13.369512533432951,,13.962260541827883,"rgba(239, 83, 80, 1.0)",0.0,0.0,0.20880899932273775,14.527211670807958,-0.6092250392490874,0.0,0.0,0.0,0.0,0.0,0.0,0.0,0.0,46.60491773795561,0.41607316104927605,True,False,False,True,False,0.0,1,0.9872441412043906,0.9338475229902108,False,False,False,False,-0.046232931496662306,-0.029571195215916696,False,False,False,False,197881.0,155807.8954266465,False,False,False,False,5359.622149649226,False,False,False,False
2025-09-17 19:00:00+00:00,14.395,14.47,14.3,14.32,10781.0,,,,,,,,14.537339647195305,14.71798785053747,14.626834983106201,,,,,,,,,14.558259507401955,14.626163980231931,13.812525562640932,13.371965104865776,,13.963773374333613,"rgba(239, 83, 80, 1.0)",0.0,0.0,0.21156484746916268,14.519680494227492,-0.943826427765117,0.0,0.0,0.0,0.0,0.0,0.0,0.0,0.0,41.96294400579365,-3.7588737462679234,False,True,False,True,False,0.0,1,0.9911347517730495,0.9512411347517731,False,False,False,False,-0.10043637433453663,-0.06500378477522667,False,False,False,False,187100.0,156293.0443347605,False,False,False,False,5443.674519422106,False,False,False,False
2025-09-18 14:00:00+00:00,14.535,14.705,14.53,14.54,12982.0,,,,,,,14.591666666666665,14.540069371335976,14.714627086514126,14.626019745476555,,,,,,,,,14.559678307570678,14.624979677376704,13.815569362835229,13.375578879533123,,13.96661239095924,"rgba(239, 83, 80, 1.0)",0.0,0.0,0.2094061315432136,14.52437899963159,0.07459667132614574,0.0,0.0,0.0,0.0,0.0,0.0,0.0,0.0,44.98855344413812,-3.7588737462679234,False,False,False,True,True,0.0,1,0.9933333333333331,0.9295652173913042,False,False,False,False,-0.007938333210864547,-0.036471058993045605,False,False,False,False,200082.0,156971.94287220607,False,False,False,False,5560.547782686879,False,False,False,False
2025-09-18 15:00:00+00:00,14.54,14.615,14.45,14.6,10787.0,,,,,,,14.575026364873013,14.540667750304967,14.711174605306953,14.624677644556717,,,,,,,,,14.559518841651343,14.623038821197264,13.817961846976974,13.378475339948844,,13.96881468902598,"rgba(239, 83, 80, 1.0)",0.0,0.0,0.20631465953418046,14.525326699188174,0.3619388994481735,0.0,0.0,0.0,0.0,0.0,0.0,0.0,0.0,48.265835656845354,-6.857476837354348,True,False,False,False,True,0.0,1,0.986412257877999,0.9410234171725931,False,False,False,False,-0.04652841214218855,-0.041499735567617074,False,False,False,False,210869.0,157807.55616100907,False,False,False,False,5641.578049621966,False,False,False,False
2025-09-18 16:00:00+00:00,14.6,14.775,14.57,14.775,11006.0,,,,,,,14.616689432063264,14.547188943738304,14.711077274130224,14.626228590171069,,,,,,,,,14.56446439041372,14.62534016930746,13.820886044009363,13.381795058916873,,13.971621772157556,"rgba(239, 83, 80, 1.0)",0.0,0.0,0.2024467453051566,14.530747271468831,1.2065036074696907,0.0,0.0,0.0,0.0,0.0,0.0,0.0,0.0,53.495083417025334,-2.2116929850683533,True,False,True,False,True,2.2598716269563717,1,0.9951079136690647,0.9306474820143884,False,False,False,False,0.01098115303389813,-0.015259291266859473,False,False,False,False,221875.0,158800.84986393916,False,False,False,False,5724.747382185967,False,False,False,False
2025-09-18 17:00:00+00:00,14.775,14.825,14.74,14.8,4782.0,,,,,,,14.637439264858305,14.551235902151191,14.711795285665234,14.627550073701304,,,,,,,,,14.56768648607976,14.62726600366504,13.822267178678677,13.38332087054343,,13.972969547511994,"rgba(239, 83, 80, 1.0)",0.0,0.0,0.20054502314012354,14.552675984504143,1.2332593031892352,0.0,0.0,0.0,0.0,0.0,0.0,0.0,0.0,57.359333722416245,1.1209864448150597,True,False,True,False,True,2.721231070968056,0,1.004653868528214,0.9357184409540431,False,False,False,False,0.06191785788458184,0.023329283308861182,False,False,False,False,226657.0,159852.88319938196,False,False,False,False,5710.131143702463,False,False,False,False
2025-09-18 18:00:00+00:00,14.805,14.815,14.59,14.65,5612.0,,,,,,,14.643348424804621,14.553819523555497,14.711506181645268,14.628094486677675,,,,,,,,,14.569635102497468,14.628055606326832,13.823710177979555,13.38497591191809,,13.97434585410954,"rgba(239, 83, 80, 1.0)",0.0,0.0,0.198266405544495,14.551704414175486,0.4957752956410709,0.0,0.0,0.0,0.0,0.0,0.0,0.0,0.0,56.13460910266698,1.1209864448150597,True,False,True,False,True,0.0,0,0.9913369910482241,0.9315622292809702,False,False,False,False,0.024856231224382838,0.02409275726662201,False,False,False,False,221045.0,160801.59818853883,False,False,False,False,5708.609730621805,False,False,False,False
2025-09-18 19:00:00+00:00,14.65,14.71,14.57,14.605,16514.0,,,,,,,14.639328529200373,14.55782683479392,14.708946783414328,14.62810096627722,,,,,,,,,14.572370453040461,14.628066351021785,13.82765098052358,13.389610526941457,,13.978044625197995,"rgba(239, 83, 80, 1.0)",0.0,0.0,0.19614069228780145,14.550994202248528,0.2753421389592538,0.0,0.0,0.0,0.0,0.0,0.0,0.0,0.0,54.31912501506743,1.1209864448150597,True,False,True,False,False,0.0,0,0.9896462467644521,0.9367270635605407,False,False,False,False,-0.004045579055344555,0.010023589105638726,False,False,False,False,204531.0,161479.57341042196,False,False,False,False,5876.135161154801,False,False,False,False
2025-09-19 14:00:00+00:00,14.415,14.52,14.395,14.46,1462.0,,,,,,,14.635137936495369,14.557355376499176,14.708265897690344,14.627694207268775,,,,,,,,14.458333333333332,14.571901918850712,14.627486985763525,13.827924324590327,13.38996308816982,,13.978284988460192,"rgba(239, 83, 80, 1.0)",0.0,0.0,0.1941242288231519,14.550061555515285,-0.46393773750586514,0.0,0.0,0.0,0.0,0.0,0.0,0.0,0.0,50.26506856977542,6.9597471769469195,True,False,False,False,False,0.0,1,0.9834333047700654,0.9414453013424735,False,False,False,False,-0.0954130571545266,-0.04269473402444393,False,False,False,False,203069.0,162124.3707218883,False,False,False,False,5807.698957105889,False,False,False,False
2025-09-19 15:00:00+00:00,14.455,14.535,14.37,14.39,1996.0,,,,,,,14.628903327653347,14.556547476816295,14.707243720770059,14.627055069864388,,,,,,,,14.44294100636206,14.571119685850606,14.626578667887493,13.828281356365736,13.390432043243226,,13.978594549440656,"rgba(239, 83, 80, 1.0)",0.0,0.0,0.19502233644298106,14.548668383531943,-0.8135908246506562,0.0,0.0,0.0,0.0,0.0,0.0,0.0,0.0,46.38544431809475,3.317601580228292,False,False,False,True,False,0.0,0,0.9812126387702818,0.9424992883575292,False,False,False,False,-0.11126423363817696,-0.07697948383131045,False,False,False,False,201073.0,162728.2254393784,False,False,False,False,5748.602849243783,False,False,False,False
2025-09-19 16:00:00+00:00,14.39,14.4,14.295,14.31,2379.0,,,,,,,14.618547936413902,14.554863068567983,14.705611316643715,14.625924515714368,,,,,,,,14.398947233167723,14.569560250925608,14.624975513534,13.828638259222066,13.390938591974903,,13.978884355329576,"rgba(239, 83, 80, 1.0)",0.0,0.0,0.19898963257878996,14.546253146752056,-1.1872635960494624,0.0,0.0,0.0,0.0,0.0,0.0,0.0,0.0,42.54736068063672,-0.26197364479356366,False,True,False,True,False,0.0,0,0.9765580331618066,0.9545454545454543,False,False,False,False,-0.17644122387733452,-0.1267103538543225,False,False,False,False,198694.0,163285.834347295,False,False,False,False,5696.360944604345,False,False,False,False
2025-09-19 17:00:00+00:00,14.315,14.435,14.31,14.35,2210.0,,,,,,,14.610512070366653,14.553531503742539,14.704229369032298,14.624989582911113,,,,,,,,14.389624083509382,14.568312873815035,14.623654408619952,13.828988974507823,13.391423607778421,,13.979175796008228,"rgba(239, 83, 80, 1.0)",0.0,0.0,0.202642964770898,14.544420299140915,-0.9594228911954646,0.0,0.0,0.0,0.0,0.0,0.0,0.0,0.0,41.114229763096176,-1.673972713603689,False,True,False,True,False,0.0,0,0.9722936303913168,0.953727506426735,False,False,False,False,-0.16364880997029238,-0.14517958191230745,False,False,False,False,200904.0,163869.0617217555,False,False,False,False,5642.30883693606,False,False,False,False
2025-09-19 18:00:00+00:00,14.35,14.365,14.25,14.31,3375.0,,,,,,,14.596561543898048,14.550933176552348,14.701791487707954,14.623266266225915,,,,,,,,14.365604097355979,14.565914197635488,14.621226222012307,13.829467155788091,13.392120310515153,,13.979554777288007,"rgba(239, 83, 80, 1.0)",0.0,0.0,0.2070235874622365,14.541153787858615,-1.1165577347594744,0.0,0.0,0.0,0.0,0.0,0.0,0.0,0.0,39.45614459321585,-3.4411968842405187,False,True,False,True,False,0.0,0,0.9689015691868759,0.9569186875891582,False,False,False,False,-0.19703044424246713,-0.1711050130773873,False,False,False,False,197529.0,164390.92122994535,False,False,False,False,5607.156761944804,False,False,False,False
2025-09-19 19:00:00+00:00,14.305,14.385,14.2,14.265,34906.0,,,,,,,14.495335336215758,14.524501599240137,14.67673642558515,14.605152243981177,,,,,,,,14.30361689115294,14.541298102839002,14.59630015984085,13.83410206502707,13.399069419875559,,13.983129614976903,"rgba(239, 83, 80, 1.0)",0.0,0.0,0.2126292505704871,14.509322987894436,-1.1490563374461098,0.0,0.0,0.0,0.0,0.0,0.0,0.0,0.0,37.565249665529294,-5.496957620544336,False,True,False,True,False,0.0,0,0.9675952245594087,0.9559408754974417,True,False,False,False,-0.22208546844838248,-0.19659524076288487,False,False,False,False,162623.0,164363.51159847333,True,False,False,False,6061.4023935425585,True,False,False,False
2025-09-22 14:00:00+00:00,14.425,14.56,14.36,14.555,5011.0,,,,,,,14.495172680245147,14.524042525092446,14.675159227544452,14.604290700792497,,,,,,,,14.32197169792945,14.540685103253924,14.59520369518392,13.835064651919522,13.40029106813392,,13.983987270859656,"rgba(239, 83, 80, 1.0)",0.0,0.0,0.21309776549186646,14.510425548014059,0.20917371837783225,0.0,0.0,0.0,0.0,0.0,0.0,0.0,0.0,43.389656860512304,-5.496957620544336,False,True,False,True,True,0.0,0,0.9680044905978105,0.9421835531855174,False,False,False,False,-0.15052299208219147,-0.17355911642253818,False,False,False,False,167634.0,164414.21684500863,False,False,False,False,6045.117085115542,False,False,False,False
2025-09-22 15:00:00+00:00,14.56,14.6,14.48,14.5,5280.0,,,,,,,14.49657830524139,14.52408062221831,14.673837680670854,14.603674699066806,,,,,,,,14.341060509722887,14.540505010198824,14.5944551988748,13.8361297704142,13.401616530723796,,13.984949929346405,"rgba(239, 83, 80, 1.0)",0.0,0.0,0.21407654183897576,14.511926102312794,-0.05570952431473906,0.0,0.0,0.0,0.0,0.0,0.0,0.0,0.0,46.096648161845295,-11.153395803139247,False,False,False,True,True,0.0,0,0.9746835443037978,0.9448663853727145,False,False,False,False,-0.17923131949365387,-0.17639521795809604,False,False,False,False,162354.0,164382.2754985744,False,False,False,False,6033.254804726153,False,False,False,False
2025-09-22 16:00:00+00:00,14.5,14.53,14.43,14.505,3118.0,,,,,,,14.49636657881733,14.523776755741908,14.672867846090302,14.603136698755112,,,,,,,,14.348747482018405,14.540112191599874,14.59377518215273,13.836722384864567,13.402371172984184,,13.985476692379187,"rgba(239, 83, 80, 1.0)",0.0,0.0,0.21496978627002,14.512247328049842,-0.0337132402445515,0.0,0.0,0.0,0.0,0.0,0.0,0.0,0.0,48.00657548271826,-9.216674724638658,True,False,False,False,True,0.0,0,0.9620880723242925,0.9792942548848058,False,False,False,False,-0.21772201947082326,-0.19705861871445965,False,False,False,False,165472.0,164399.1704520849,False,False,False,False,5988.0570558156705,False,False,False,False
2025-09-22 17:00:00+00:00,14.51,14.53,14.41,14.42,2206.0,,,,,,,14.495598687438997,14.523355636131074,14.672058801746523,14.60264395905991,,,,,,,,14.352472138363765,14.539652365934133,14.593141347206933,13.837118526597413,13.40288726589909,,13.985822820731068,"rgba(239, 83, 80, 1.0)",0.0,0.0,0.21619681557098017,14.512172067313733,-0.4263340654223082,0.0,0.0,0.0,0.0,0.0,0.0,0.0,0.0,47.36641995360664,-9.216674724638658,False,False,False,True,True,0.0,0,0.9329036038675652,0.9868151186639319,False,False,False,False,-0.22419634658744064,-0.21062748265095016,False,False,False,False,163266.0,164381.60191794403,False,False,False,False,5929.420512314653,False,False,False,False
2025-09-22 18:00:00+00:00,14.425,14.535,14.42,14.465,1251.0,,,,,,,14.49537563629278,14.523186626803108,14.671644355533328,14.602403205530804,,,,,,,,14.354864728718972,14.539453680420845,14.592835498100511,13.837350232310843,13.403185279774295,,13.986027266438246,"rgba(239, 83, 80, 1.0)",0.0,0.0,0.2138051230223456,14.512206554835592,-0.22079244018235256,0.0,0.0,0.0,0.0,0.0,0.0,0.0,0.0,48.05180739366992,-8.56375161297538,True,False,False,False,True,0.0,0,0.9275234741784038,0.9888497652582157,False,False,False,False,-0.2193388972086904,-0.2149831899298203,False,False,False,False,164517.0,164383.70111301466,False,False,False,False,5856.886860960937,False,False,False,False
2025-09-22 19:00:00+00:00,14.465,14.61,14.455,14.55,6001.0,,,,,,,14.497345326691017,14.523428200235294,14.670323899770738,14.601836056602302,,,,,,,,14.370776212154059,14.539437807750447,14.59217614898618,13.838572732047616,13.404699227619597,,13.987136102533565,"rgba(239, 83, 80, 1.0)",0.0,0.0,0.21108364765247994,14.513541962362618,0.17271843670906126,0.0,0.0,0.0,0.0,0.0,0.0,0.0,0.0,50.46813827691295,-5.890429063904868,True,False,False,False,True,0.0,0,0.9280701754385965,0.9836257309941517,False,False,False,False,-0.18401178138281665,-0.19949748565631847,False,False,False,False,170518.0,164478.8065221152,False,False,False,False,5859.121173194101,False,False,False,False
2025-09-23 14:00:00+00:00,14.935,14.935,14.765,14.87,1459.0,,,,,,14.856666666666667,14.501306802582297,14.52471537343503,14.670771569160179,14.602383315523033,,,,,,,,14.380809814966836,14.540526758895448,14.59295180282945,13.839004227910758,13.405169886380758,,13.987560323496837,"rgba(38, 166, 154, 1.0)",0.0,0.0,0.20713341655131937,14.515309028244257,1.7123792851061483,0.0,0.0,0.0,0.0,0.0,0.0,0.0,0.0,56.99391588170297,0.40158814016844246,True,False,True,False,True,4.624608469339162,0,0.9347138337647399,0.9709519700891572,False,False,False,False,0.013879363691163656,-0.09280906098257741,False,False,False,False,171977.0,164595.05758378783,False,False,False,False,5790.902240276363,False,False,False,False
2025-09-23 15:00:00+00:00,14.87,14.9,14.735,14.745,1019.0,,,,,,14.83062281409739,14.503538235999882,14.525438086261005,14.670976869972225,14.602669291099419,,,,,,,,14.386674805482308,14.54113140742027,14.593361389488432,13.839286636116,13.405484089473358,,13.98783479099561,"rgba(38, 166, 154, 1.0)",0.0,0.0,0.20229609910149546,14.516312615211712,1.1304586979383666,0.0,0.0,0.0,0.0,0.0,0.0,0.0,0.0,58.38835265654181,1.7706676907260928,True,False,True,False,True,2.2982725298196343,0,0.9355116079105763,0.9710518773287475,False,False,False,False,-0.006168332794111045,-0.04948869688834422,False,False,False,False,170958.0,164693.7078538066,False,False,False,False,5716.919259806961,False,False,False,False
2025-09-23 16:00:00+00:00,14.745,14.875,14.685,14.82,2176.0,,,,,,14.813187938690731,14.508190968430583,14.52696844202689,14.671412980510672,14.603277112569964,,,,,,,,14.398657214947619,14.542412956584345,14.594230450702346,13.839889138995918,13.406154571266347,,13.988420270761992,"rgba(38, 166, 154, 1.0)",0.0,0.0,0.19433712696983438,14.51839670931783,1.551959192691913,0.0,0.0,0.0,0.0,0.0,0.0,0.0,0.0,60.3368336020455,3.7727793167720804,True,False,True,False,True,3.57587349956437,0,0.9355390758699376,0.970051340559042,False,False,False,False,-0.029307481651769857,-0.03939808927005704,False,False,False,False,173134.0,164824.56509638324,False,False,False,False,5662.021286786698,False,False,False,False
2025-09-23 17:00:00+00:00,14.825,14.83,14.64,14.65,2191.0,,,,,,14.7790917944972,14.511348467576225,14.527996135999587,14.67153904764081,14.603607920249392,,,,,,,,14.407532132211118,14.543249077636514,14.5947203138122,13.840439952468614,13.406786883190513,,13.988945545295289,"rgba(38, 166, 154, 1.0)",0.0,0.0,0.19133732770409384,14.51983868062506,0.6802714396442107,0.0,0.0,0.0,0.0,0.0,0.0,0.0,0.0,58.0559101731386,3.7727793167720804,True,False,True,False,True,0.5068620624982607,0,0.9328421649192407,0.971663360725418,False,False,False,False,-0.05711813493806452,-0.04825811210406078,False,False,False,False,170943.0,164919.42455225327,False,False,False,False,5608.207003270624,False,False,False,False
2025-09-23 18:00:00+00:00,14.655,14.73,14.615,14.7,3486.0,,,,,,14.746217532991322,14.51555308089428,14.529381812146214,14.67159634382915,14.604003287061659,,,,,,,,14.419548742968757,14.544361134541896,14.595318869801218,13.841289633829213,13.40777233498919,,13.989750647990494,"rgba(38, 166, 154, 1.0)",0.0,0.0,0.18779102339685855,14.521766262259348,0.9491068024268134,0.0,0.0,0.0,0.0,0.0,0.0,0.0,0.0,57.347947899933544,3.7727793167720804,True,False,True,False,False,1.3699585349093866,0,0.9332390381895331,0.9762376237623761,False,False,False,False,-0.09590041620336878,-0.07207926415371478,False,False,False,False,174429.0,165066.85983051293,False,False,False,False,5575.30456911139,False,False,False,False
2025-09-23 19:00:00+00:00,14.7,14.73,14.61,14.625,11680.0,,,,,,14.697813517483684,14.526206169181565,14.533065750214464,14.671287605131914,14.604854283880101,,,,,,,,14.449701043060033,14.547261300950215,14.596664427530815,13.844034120196026,13.410994175411323,,13.992331153938846,"rgba(38, 166, 154, 1.0)",0.0,0.0,0.18192249116798093,14.526655809944447,0.5405829121191232,0.0,0.0,0.0,0.0,0.0,0.0,0.0,0.0,55.360711692541216,3.7727793167720804,True,False,True,False,False,0.03920845651711957,0,0.9333521604066652,0.9762778876023723,False,False,False,False,-0.0974569306370061,-0.08476809739536044,False,False,False,False,162749.0,165030.92401918714,False,False,False,False,5669.951009900361,False,False,False,False
2025-09-24 14:00:00+00:00,14.84,14.895,14.71,14.795,1589.0,,,,,,14.704693785310736,14.529022482165749,14.534126507179106,14.671612529542939,14.60529630294849,,,,,,,,14.455699480934676,14.548159395399072,14.597286197398482,13.844472565521613,13.41148214281766,,13.992757150080605,"rgba(38, 166, 154, 1.0)",0.0,0.0,0.17923367906641632,14.52789456467261,1.4902636419598982,0.0,0.0,0.0,0.0,0.0,0.0,0.0,0.0,56.81771538780024,3.7727793167720804,True,False,True,False,False,2.9432973933813606,0,0.9337062937062937,0.9641958041958044,False,False,False,False,-0.015421812633058156,-0.0500949550142093,False,False,False,False,164338.0,165020.18101113773,False,False,False,False,5606.6804516073325,False,False,False,False
2025-09-24 15:00:00+00:00,14.785,15.0,14.785,14.93,5515.0,,,,,,14.742636040986893,14.54198252423544,14.539172075185608,14.67363961744933,14.607634035700109,,,,,,,,14.480904367137963,14.552506726516832,14.600517666645718,13.846158054083217,13.413300962212588,,13.994424052314004,"rgba(38, 166, 154, 1.0)",0.0,0.0,0.17701796620776047,14.560616270600104,2.086701916834599,0.0,0.0,0.0,0.0,0.0,0.0,0.0,0.0,59.573911480938534,3.8399743259750068,True,False,True,False,True,5.136529895285282,0,0.9461044401005304,0.9550404914828261,False,True,False,False,0.04011492725995016,-0.004990013877129568,False,True,False,False,169853.0,165095.10843732164,False,False,False,False,5605.2590492568315,False,False,False,False
2025-09-24 16:00:00+00:00,14.935,14.95,14.665,14.675,5526.0,,,,,,14.74593771349942,14.549372519166988,14.542186677374735,14.674413471726941,14.60884149821396,,,,,,,,14.49593482350373,14.555049278499904,14.602213052766192,13.847616299293682,13.414946315197705,,13.995829276783839,"rgba(38, 166, 154, 1.0)",0.0,0.0,0.16849351044783548,14.560281810598223,0.6808463370302544,0.0,0.0,0.0,0.0,0.0,0.0,0.0,0.0,56.63157608020461,3.8399743259750068,True,False,True,False,False,0.6957222491408004,0,0.9393939393939392,0.9594106199610789,False,False,False,False,-0.012337104167646865,-0.008663559022388218,False,False,False,False,164327.0,165083.19977937866,False,False,False,False,5604.030226787733,False,False,False,False
2025-09-24 17:00:00+00:00,14.67,14.775,14.635,14.7,4968.0,,,,,,14.74059401482828,14.55385894525683,14.54411172801953,14.674636063169418,14.609495734452725,,,,,,,,14.505404657304263,14.556639751284594,14.603150905589105,13.84883770170066,13.4163564361278,,13.996989809198444,"rgba(38, 166, 154, 1.0)",0.0,0.0,0.16379241421667529,14.560240070202227,0.8532747408734643,0.0,0.0,0.0,0.0,0.0,0.0,0.0,0.0,55.05949368239731,3.8399743259750068,True,False,True,False,False,1.105377022568213,0,0.9294871794871796,0.9760312151616499,False,False,False,False,-0.07570506906371459,-0.0421843140430514,False,False,False,False,169295.0,165148.49900760534,False,False,False,False,5594.1692930390855,False,False,False,False
2025-09-24 18:00:00+00:00,14.7,14.755,14.655,14.68,9701.0,,,,,,14.731951970526602,14.561547457840335,14.547589232424912,14.674962271360268,14.610658560140514,,,,,,,,14.521061657032753,14.55951235793642,14.604814399523734,13.851194177545414,13.419086878208704,,13.999223751363118,"rgba(38, 166, 154, 1.0)",0.0,0.0,0.1582793743996121,14.561866505601117,0.746360635092152,0.0,0.0,0.0,0.0,0.0,0.0,0.0,0.0,53.6496885072953,9.17899251861347,True,False,True,False,False,0.7643936000671054,0,0.9239798770262717,0.9815539407490219,False,False,False,False,-0.07570506906371459,-0.058944691553383,False,False,False,False,159594.0,165062.38274392154,False,False,False,False,5657.841086945456,False,False,False,False
2025-09-24 19:00:00+00:00,14.68,14.7,14.62,14.64,25647.0,,,,,,14.705052118770318,14.572983959644056,14.553599632995804,14.674147478682192,14.612112284383524,,,,,,,,14.54459495301256,14.564339020743732,14.606993661446026,13.857045377730769,13.426006748618653,,14.004698882113857,"rgba(38, 166, 154, 1.0)",0.0,0.0,0.15194534342111274,14.564736336087359,0.495333797127632,0.0,0.0,0.0,0.0,0.0,0.0,0.0,0.0,51.94869423552674,7.342571755710615,True,False,False,False,False,0.07790396702618096,0,0.9175286552977356,0.9854626782219736,False,False,False,False,-0.10368777488744853,-0.08131623322041576,False,False,False,False,133947.0,164579.97370913206,False,False,False,False,5967.750527457929,False,False,False,False
2025-09-25 14:00:00+00:00,14.555,14.585,14.5,14.525,3659.0,,,,,,14.697215007123233,14.572349645654135,14.55346342625161,14.67341253851537,14.611747391740547,,,,,,,14.536666666666665,14.544398691572344,14.564137396361645,14.606545873922407,13.857751917027647,13.426894427254002,,14.005333389727634,"rgba(38, 166, 154, 1.0)",0.0,0.0,0.14940958879937394,14.563962427117506,-0.2607759477192858,0.0,0.0,0.0,0.0,0.0,0.0,0.0,0.0,48.761796864913826,4.1719360670256975,False,False,False,True,False,0.0,0,0.9161073825503354,0.9876957494407159,False,False,False,False,-0.177639642102791,-0.12947793766160337,False,False,False,False,130288.0,164048.31520201373,False,False,False,False,5931.955945636876,False,False,False,False
2025-09-25 15:00:00+00:00,14.51,14.6,14.47,14.585,3795.0,,,,,,14.690512552935896,14.571981638371728,14.55344856016424,14.67274124533971,14.611447515170966,,,,,,,14.54430350594759,14.544580623458174,14.564043862561643,14.606185835766526,13.858499323426786,13.427826025736072,,14.006008417437714,"rgba(38, 166, 154, 1.0)",0.0,0.0,0.14554068190737304,14.563406954735479,0.14836432660295382,0.0,0.0,0.0,0.0,0.0,0.0,0.0,0.0,47.96806984546093,3.2515836578675277,False,False,False,True,False,0.0,0,0.9163870246085011,0.984060402684564,False,False,False,False,-0.18241738027205667,-0.15594765896683002,False,False,False,False,134083.0,163583.73667174994,False,False,False,False,5898.824845704521,False,False,False,False
2025-09-25 16:00:00+00:00,14.585,14.61,14.46,14.48,1846.0,,,,,,14.686703735792475,14.571506999480949,14.553301119818638,14.67232375463937,14.611217955950915,,,,,,,14.538817741935484,14.544244823571322,14.563871642235819,14.605901066626686,13.858843974361267,13.428264529661591,,14.0063151453349,"rgba(38, 166, 154, 1.0)",0.0,0.0,0.14442891577411024,14.56297035749633,-0.5744719265641812,0.0,0.0,0.0,0.0,0.0,0.0,0.0,0.0,45.58280518982624,0.812464665888669,False,True,False,True,False,0.0,0,0.9191155891407781,0.982087881332214,False,False,False,False,-0.18241738027205667,-0.16918251961944336,False,False,False,False,132237.0,163097.74075435847,False,False,False,False,5835.990351972668,False,False,False,False
2025-09-25 17:00:00+00:00,14.48,14.535,14.455,14.455,1429.0,,,,,,14.683284297707134,14.570914187030166,14.553079525201138,14.67192977864284,14.610975516702048,,,,,,,14.531205766303167,14.543667450063813,14.56364097106176,14.605595890089132,13.85909634107889,13.42859282787475,,14.006536066059663,"rgba(38, 166, 154, 1.0)",0.0,0.0,0.14513715166271624,14.562500233404695,-0.7406803301095095,0.0,0.0,0.0,0.0,0.0,0.0,0.0,0.0,43.56877529526737,-1.2438153935170746,False,True,False,True,False,0.0,0,0.9174594292109678,0.982652490207051,False,False,False,False,-0.20804393758367767,-0.18861322860156052,False,False,False,False,130808.0,162597.124618632,False,False,False,False,5767.664920159138,False,False,False,False
2025-09-25 18:00:00+00:00,14.455,14.575,14.405,14.55,1731.0,,,,,,14.679852984354685,14.570431159669258,14.552918702009928,14.671525461053061,14.610747136348989,,,,,,,14.528259764579989,14.543295330711143,14.56345925931724,14.60531227915623,13.859415668409387,13.429000925892213,,14.006819342429644,"rgba(38, 166, 154, 1.0)",0.0,0.0,0.14407930749007825,14.56208715557799,-0.08389237697315595,0.0,0.0,0.0,0.0,0.0,0.0,0.0,0.0,44.59484319197805,-1.2438153935170746,False,True,False,True,False,0.0,0,0.9117483296213806,0.98413140311804,False,False,False,False,-0.2112656122956252,-0.19993942044859286,False,False,False,False,132539.0,162131.1071826842,False,False,False,False,5705.080967908609,False,False,False,False
2025-09-25 19:00:00+00:00,14.55,14.57,14.45,14.5,5370.0,,,,,,14.669829915110236,14.568900230255073,14.552389178717592,14.67025829304065,14.610021945132846,,,,,,,14.521756403065993,14.542081023405892,14.562868629904054,14.604412657465414,13.86039924652687,13.430261093740233,,14.007690304363033,"rgba(38, 166, 154, 1.0)",0.0,0.0,0.14341296761190445,14.560841064265166,-0.4242368404913703,0.0,0.0,0.0,0.0,0.0,0.0,0.0,0.0,44.26716881611317,-1.2438153935170746,False,True,False,True,False,0.0,0,0.9152306837131737,0.9841578654808226,False,False,False,False,-0.19840412523335882,-0.19917177284097584,False,False,False,False,127169.0,161589.05900930925,False,False,False,False,5699.885914142584,False,False,False,False
2025-09-26 14:00:00+00:00,14.785,14.865,14.69,14.74,605.0,,,,,14.765,14.670446433670266,14.569429237080309,14.552663059061665,14.67034026559198,14.610143506003817,,,,,,,14.529739173673265,14.542910523801616,14.563105183543113,14.60457748454177,13.860554092464469,13.430436912218026,,14.007838942810437,"rgba(38, 166, 154, 1.0)",0.0,0.0,0.14390537431496642,14.561136542731651,1.242924095919238,0.0,0.0,0.0,0.0,0.0,0.0,0.0,0.0,48.93577846856864,-5.978124138167672,False,False,False,False,True,1.9748242516158285,0,0.9188151398793196,0.9731212287438288,False,False,False,False,-0.030850933497378108,-0.11501135316917697,False,False,False,False,127774.0,161064.79452854476,False,False,False,False,5620.895434853552,False,False,False,False
2025-09-26 15:00:00+00:00,14.74,14.745,14.625,14.69,2537.0,,,,,14.70174994695523,14.670875404378934,14.570740622349991,14.553383034055987,14.670399287051024,14.610394379890042,,,,,,,14.548722820904059,14.545119223533021,14.563708601219117,14.604929290369805,13.861146656880353,13.431130437882718,,14.008397188027185,"rgba(38, 166, 154, 1.0)",0.0,0.0,0.14351592183375925,14.561820216364065,0.8931398133261508,0.0,0.0,0.0,0.0,0.0,0.0,0.0,0.0,50.932483589856474,-4.05641165298249,False,False,False,False,True,1.1098153121185241,0,0.9104109589041095,0.983287671232877,False,False,False,False,-0.08812463635393546,-0.10156799476155622,False,False,False,False,125237.0,160509.32484593164,False,False,False,False,5573.0831025302405,False,False,False,False
2025-09-26 16:00:00+00:00,14.69,14.73,14.64,14.7,958.0,,,,,14.699004471544715,14.671064504697913,14.571242237979208,14.55365964565223,14.670426007511573,14.610492806838668,,,,,,,14.554894436844503,14.545954929894068,14.56394106408842,14.6050667388502,13.861371097497772,13.431392816663427,,14.008608783812178,"rgba(38, 166, 154, 1.0)",0.0,0.0,0.14374097699835692,14.562083444752545,0.9594797400676527,0.0,0.0,0.0,0.0,0.0,0.0,0.0,0.0,52.455316546609836,-2.534301469296608,True,False,True,False,True,1.278885758913848,0,0.908115543328748,0.9914718019257219,False,False,False,False,-0.08812463635393433,-0.09484631555774528,False,False,False,False,126195.0,159977.31980956058,False,False,False,False,5501.5314265220195,False,False,False,False
2025-09-26 17:00:00+00:00,14.7,14.71,14.61,14.62,595.0,,,,,14.692371671991479,14.670915587835019,14.571438758977058,14.553776457567272,14.670405907775313,14.610520564522199,,,,,,,14.557318608953013,14.546314448504193,14.564035529974873,14.605108441949382,13.861503146563033,13.431550112551859,,14.008731783340552,"rgba(38, 166, 154, 1.0)",0.0,0.0,0.14369010699007972,14.562176955424864,0.40241493159391695,0.0,0.0,0.0,0.0,0.0,0.0,0.0,0.0,51.56498359644766,-2.534301469296608,True,False,False,False,True,0.0,1,0.9048146098505808,0.9969562811289429,False,False,False,False,-0.10368777488744853,-0.09926704522259691,False,False,False,False,125600.0,159444.33810708678,False,False,False,False,5425.46117184726,False,False,False,False
2025-09-26 18:00:00+00:00,14.62,14.67,14.55,14.65,1075.0,,,,,14.679509243212015,14.670396589452466,14.57168190700344,14.553933935103961,14.670334070122243,14.61053830319734,,,,,,,14.560325635593218,14.546808006263214,14.564157617161559,14.605141391258817,13.861734523431823,13.431828744194751,,14.008945765361775,"rgba(38, 166, 154, 1.0)",0.0,0.0,0.14318664188529662,14.562278495133153,0.6126374898652819,0.0,0.0,0.0,0.0,0.0,0.0,0.0,0.0,51.668489340501196,-2.534301469296608,True,False,False,False,True,0.4036224719456385,0,0.8945625172508969,0.9991719569417608,False,False,False,False,-0.13497259349879467,-0.11711981936069579,False,False,False,False,126675.0,158936.28635348854,False,False,False,False,5358.012161431024,False,False,False,False
2025-09-26 19:00:00+00:00,14.645,14.68,14.61,14.62,3956.0,,,,,14.66208324765234,14.669094944055875,14.572783404958493,14.554617532448992,14.67014604779464,14.610670746864578,,,,,,,14.571285322010933,14.548878270086426,14.564702864308103,14.605349748312198,13.862599666901374,13.432864449322974,,14.009748999137342,"rgba(38, 166, 154, 1.0)",0.0,0.0,0.14242836037043913,14.562788411328725,0.40168677447717277,0.0,0.0,0.0,0.0,0.0,0.0,0.0,0.0,50.96363386683443,-2.534301469296608,False,False,False,False,True,0.0,0,0.8999723680574744,0.9972368057474442,False,False,False,False,-0.11304925944368689,-0.11508453940219135,False,False,False,False,122719.0,158374.77803793058,False,False,False,False,5336.275538773178,False,False,False,False
2025-09-29 14:00:00+00:00,14.535,14.575,14.39,14.43,2625.0,,,,,14.620196475319137,14.66399926762921,14.571584624206272,14.554128863887835,14.669388640330586,14.610182425123973,,,,,,14.464999999999998,14.562041129629014,14.547615282247193,14.564207847164818,14.604736927463142,13.863045591143752,13.433452845183098,,14.010135215538199,"rgba(38, 166, 154, 1.0)",0.0,0.0,0.14357287756099746,14.56196614435446,-0.9191578980395847,0.0,0.0,0.0,0.0,0.0,0.0,0.0,0.0,46.50014901812375,0.9411805937154938,False,True,False,True,False,0.0,0,0.886668491650698,1.002463728442376,False,False,False,False,-0.21610626168338962,-0.16559540054279048,False,False,False,False,120094.0,157781.27760323396,False,False,False,False,5294.240259102276,False,False,False,False
2025-09-29 15:00:00+00:00,14.43,14.45,14.28,14.3,644.0,,,,,14.606475824034884,14.662047055894828,14.570963506014257,14.553847246943233,14.669093573044913,14.609963145146033,,,,,,14.441031406138471,14.557471857258717,14.54686342585978,14.563939135762583,14.604457206488679,13.863132798893119,13.433580082073695,,14.010204549899862,"rgba(239, 83, 80, 1.0)",0.0,0.0,0.14732671910463616,14.561568295499558,-1.7754301262473886,0.0,0.0,0.0,0.0,0.0,0.0,0.0,0.0,41.55939933296467,-3.622554291186873,False,True,False,True,False,0.0,0,0.8812636165577341,1.0100762527233114,False,False,False,False,-0.2882709725284426,-0.22693318653561653,False,False,False,False,119450.0,157186.9942295404,False,False,False,False,5222.143510899139,False,False,False,False
2025-09-29 16:00:00+00:00,14.3,14.34,14.26,14.27,2173.0,,,,,14.561136823136428,14.65455821098297,14.568407185495028,14.552663195785373,14.667939519514643,14.609078427779721,,,,,,14.380724304789904,14.539858173222617,14.543712625834978,14.562819209847364,14.603325891292677,13.863394167981387,13.433983991920359,,14.01040086588474,"rgba(239, 83, 80, 1.0)",0.0,0.0,0.15164898421812406,14.55995414537897,-1.9120084903563603,0.0,0.0,0.0,0.0,0.0,0.0,0.0,0.0,37.85227871706563,-6.910395228365644,False,True,False,True,False,0.0,0,0.8892857142857142,1.01510989010989,False,False,False,False,-0.33617022617850717,-0.28155170635706184,False,False,False,False,117277.0,156568.2346290824,True,False,False,False,5174.869968094501,True,False,False,False
2025-09-29 17:00:00+00:00,14.27,14.38,14.2,14.37,1116.0,,,,,14.544382420371734,14.6511009495344,14.567236343278505,14.552120535300356,14.667391179270844,14.608663772108391,,,,,,14.369823370946424,14.532556721580582,14.542291248284396,14.562303467119248,14.602797213872142,13.863536659405748,13.434197739680247,,14.010511187730541,"rgba(239, 83, 80, 1.0)",0.0,0.0,0.151329334788541,14.55505644459468,-1.2228722531111886,0.0,0.0,0.0,0.0,0.0,0.0,0.0,0.0,38.34857338886359,-6.910395228365644,False,True,False,True,False,0.0,0,0.8899207866703083,1.000819448238186,True,False,False,False,-0.34282825441539394,-0.3121899803862279,False,False,False,False,118393.0,155976.37052630592,False,False,False,False,5111.941751534896,False,False,False,False
2025-09-29 18:00:00+00:00,14.365,14.45,14.31,14.385,1777.0,,,,,14.528373013675877,14.646781658968436,14.565872165178758,14.551498714190299,14.66668274733652,14.608152376714328,,,,,,14.372348330333931,14.52508600113306,14.540705905441106,14.561702830550555,14.602149738394735,13.863795882685832,13.434562928735685,,14.010723949257159,"rgba(239, 83, 80, 1.0)",0.0,0.0,0.1524983237242748,14.556183280262317,-1.1225256519660245,0.0,0.0,0.0,0.0,0.0,0.0,0.0,0.0,39.10690804949887,-6.910395228365644,False,True,False,True,False,0.0,0,0.8964859711250341,0.9978207572868428,False,False,False,False,-0.26442932692558674,-0.2883096536559073,False,False,False,False,120170.0,155421.2329987663,False,False,False,False,5060.237228255285,False,False,False,False
2025-09-29 19:00:00+00:00,14.38,14.42,14.33,14.39,3819.0,,,,,14.502475548446071,14.637896459603313,14.562981266163028,14.550164609011581,14.665163227474313,14.607053051809054,,,,,,14.374752619165157,14.51113275413414,14.5373678809832,14.5604135809809,14.600760559106053,13.864350319730665,13.435345435383168,,14.011178325783838,"rgba(239, 83, 80, 1.0)",0.0,0.0,0.1508176812344901,14.555020523258133,-1.0941722608873659,0.0,0.0,0.0,0.0,0.0,0.0,0.0,0.0,39.76814308398551,-6.910395228365644,False,True,False,True,True,0.0,0,0.8980648678113925,0.9994548923412373,False,False,False,False,-0.26667297326861394,-0.27749131346226064,False,False,False,False,123989.0,154933.91155692496,False,False,False,False,5040.993240220319,False,False,False,False
2025-09-30 14:00:00+00:00,14.43,14.43,14.3,14.35,241.0,,,,,14.500923330771666,14.637313619011149,14.562782237393508,14.55007130224578,14.665061190125044,14.606977954107922,,,,,,14.374465779212047,14.51022106246819,14.537135697589573,14.560323884496883,14.60066558748013,13.864383912325751,13.435393727876408,,14.011205409101917,"rgba(239, 83, 80, 1.0)",0.0,0.0,0.1512304786001594,14.55487880289497,-1.3547454507279124,0.0,0.0,0.0,0.0,0.0,0.0,0.0,0.0,39.30345226652117,-6.910395228365644,False,True,False,True,True,0.0,0,0.898799781778505,0.9989088925259136,False,False,False,False,-0.27484249644752407,-0.2761669049548924,False,False,False,False,123748.0,154450.40905216642,False,False,False,False,4966.5747403719415,False,False,False,False
2025-09-30 15:00:00+00:00,14.345,14.37,14.285,14.365,646.0,,,,,14.496357227566216,14.635651499154793,14.562198233184004,14.54979537484733,14.66477010601997,14.606760597135567,,,,,,14.372758479666693,14.50751241881584,14.536446385817152,14.560059884071405,14.60039026051886,13.864470302001727,13.435520351397075,,14.011273823604194,"rgba(239, 83, 80, 1.0)",0.0,0.0,0.15091561391220737,14.554389868059454,-1.2549388572187652,0.0,0.0,0.0,0.0,0.0,0.0,0.0,0.0,39.551040482748334,-6.910395228365644,False,True,False,True,True,0.0,0,0.899317871759891,0.9978171896316508,False,False,False,False,-0.3084897066132483,-0.2923283057840703,False,False,False,False,124394.0,153984.41821414832,False,False,False,False,4899.589085482455,False,False,False,False
2025-09-30 16:00:00+00:00,14.365,14.415,14.315,14.315,428.0,,,,,14.493625853272977,14.634591229673568,14.56182743930433,14.549620206834247,14.664582479604013,14.60662127710495,,,,,,14.371982329794344,14.505851757058705,14.536011599712705,14.559891932148766,14.600213993477425,13.864528523950954,13.435604997618166,,14.011320283847104,"rgba(239, 83, 80, 1.0)",0.0,0.0,0.14906939553329196,14.554109092168002,-1.6040119523702063,0.0,0.0,0.0,0.0,0.0,0.0,0.0,0.0,38.483282532906934,-7.344773691345573,False,True,False,True,True,0.0,0,0.8971506105834463,0.9948439620081412,False,False,False,False,-0.27484249644752545,-0.2835854011157979,False,False,False,False,123966.0,153519.0163813708,False,False,False,False,4830.262122916835,False,False,False,False
2025-09-30 17:00:00+00:00,14.315,14.34,14.275,14.285,1226.0,,,,,14.483905313732718,14.631091393078968,14.560533531382935,14.549000041204629,14.663964303051348,14.606148502573797,,,,,,14.365976862878531,14.499878543308641,14.534459316641897,14.559302731183465,14.599613814178142,13.864678568785443,13.435834543428179,,14.011434221277044,"rgba(239, 83, 80, 1.0)",0.0,0.0,0.1502407377486413,14.552874880848034,-1.7829710161314494,0.0,0.0,0.0,0.0,0.0,0.0,0.0,0.0,37.06046734046555,-8.979681470252814,False,True,False,True,False,0.0,0,0.8953488372093024,0.9989183342347215,False,False,False,False,-0.3267111403883119,-0.30514827075205486,False,False,False,False,122740.0,153041.82232894644,False,False,False,False,4774.382090003396,False,False,False,False
2025-09-30 18:00:00+00:00,14.285,14.385,14.285,14.355,1621.0,,,,,14.475051583339736,14.627143219808854,14.559112733456946,14.548321204298984,14.663243371787093,14.605610411604454,,,,,,14.363561636839096,14.494032868344275,14.532797204966739,14.558652310717791,14.598933785999868,13.86489577068371,13.436152483248485,,14.01160646200751,"rgba(239, 83, 80, 1.0)",0.0,0.0,0.1504088122776981,14.551878628278846,-1.308956737955958,0.0,0.0,0.0,0.0,0.0,0.0,0.0,0.0,39.03886962625463,-8.979681470252814,False,True,False,True,True,0.0,0,0.8964497041420116,0.9965034965034965,False,False,False,False,-0.30170812809334674,-0.30342819942270083,False,False,False,False,124361.0,152597.15841686976,False,False,False,False,4725.492445197142,False,False,False,False
2025-09-30 19:00:00+00:00,14.35,14.455,14.325,14.415,6182.0,,,,,14.460333602284013,14.61582819378561,14.555228477972872,14.54647147108207,14.66100262885926,14.60401453087469,,,,,,14.373116202921741,14.482213342922979,14.528516927043102,14.556845667557443,14.596937009539117,13.86582053722484,13.437438714193318,,14.012374183052192,"rgba(239, 83, 80, 1.0)",0.0,0.0,0.15104834856290458,14.550232875166051,-0.8952952908964357,0.0,0.0,0.0,0.0,0.0,0.0,0.0,0.0,42.52459900844454,-11.471362152556004,False,True,False,True,True,0.0,0,0.8993055555555554,0.9927884615384612,False,False,False,False,-0.2527479264867449,-0.2780880629547229,False,False,False,False,130543.0,152255.2334801741,False,False,False,False,4748.0739576747055,False,False,False,False
2025-10-01 14:00:00+00:00,14.35,14.465,14.34,14.345,288.0,,,,,14.459651513287403,14.615293803887763,14.555035229548322,14.546377796341964,14.660893254918056,14.603935404325751,,,,,,14.373245340706283,14.481647663316252,14.52830194419022,14.556754623134799,14.59683800196885,13.865862329693037,13.437497617739457,,14.012408487347951,"rgba(239, 83, 80, 1.0)",0.0,0.0,0.15250600342628606,14.55012353452976,-1.3450194085566356,0.0,0.0,0.0,0.0,0.0,0.0,0.0,0.0,42.700552534870965,-11.237903481803826,False,True,False,True,True,0.0,0,0.9007694348633588,0.99230565136641,False,False,False,False,-0.24179185064973266,-0.25993995680222776,False,False,False,False,130255.0,151914.14458900862,False,False,False,False,4678.925524222384,False,False,False,False
2025-10-01 15:00:00+00:00,14.355,14.475,14.31,14.46,1441.0,,,,,14.457756457455897,14.613016516753452,14.554251935035596,14.546001426761347,14.660409585066343,14.603597056573173,,,,,,14.375728869993535,14.47979301443846,14.52746866733015,14.556383435911687,14.596417265855905,13.86608412594928,13.437802093488246,,14.012594677895427,"rgba(239, 83, 80, 1.0)",0.0,0.0,0.15253231824136654,14.549801523605202,-0.5887376828764895,0.0,0.0,0.0,0.0,0.0,0.0,0.0,0.0,46.49939285013549,-7.6246056650302805,False,False,False,True,True,0.0,1,0.9000526038926878,0.9918463966333508,False,False,False,False,-0.25055203209797616,-0.255245994450102,False,False,False,False,131696.0,151600.68498297746,False,False,False,False,4628.725128498007,False,False,False,False
2025-10-01 16:00:00+00:00,14.46,14.47,14.355,14.425,3206.0,,,,,14.454211317132685,14.60817221512525,14.55256076255764,14.545182305762426,14.659347553288029,14.602855229828936,,,,,,14.380513128956611,14.476112586153597,14.525684849763064,14.55557418892885,14.595496678338813,13.866578442167793,13.43847997871312,,14.01301001875806,"rgba(239, 83, 80, 1.0)",0.0,0.0,0.15243583792750995,14.54905172752812,-0.8137963435285562,0.0,0.0,0.0,0.0,0.0,0.0,0.0,0.0,47.909084836038915,-6.309670136144803,False,False,False,False,True,0.0,1,0.9093066174532032,0.9920906933825467,False,False,False,False,-0.23306792337559354,-0.24415695891284778,False,False,False,False,128490.0,151242.37978944293,False,False,False,False,4606.6673745678045,False,False,False,False
2025-10-01 17:00:00+00:00,14.425,14.5,14.395,14.47,2565.0,,,,,14.454262242808715,14.60520727838946,14.551610672174366,14.544727649746937,14.658637669146938,14.602387272333926,,,,,,14.386882181034293,14.475171664871255,14.524785983890744,14.555110277501035,14.594923342937346,13.867000802389526,13.439042880706571,,14.013373201485622,"rgba(239, 83, 80, 1.0)",0.0,0.0,0.15257288909391445,14.548833135018166,-0.5166916316937553,0.0,0.0,0.0,0.0,0.0,0.0,0.0,0.0,50.20592450685549,-4.134408366014014,True,False,False,False,True,0.0,0,0.9118733509234827,0.9891820580474933,False,False,False,False,-0.20279767598794585,-0.2234773174503968,False,False,False,False,131055.0,150929.39715704846,False,False,False,False,4575.013616822566,False,False,False,False
2025-10-01 18:00:00+00:00,14.47,14.67,14.465,14.645,3044.0,,,,,14.464160587355034,14.604940639100974,14.552087354043984,14.545016727918783,14.65836954830867,14.602353392880127,,,,,,14.405901529366666,14.481107242263224,14.525805071225069,14.555318371887546,14.594915679888627,13.867618985907324,13.439800941302874,,14.013938196850297,"rgba(239, 83, 80, 1.0)",0.0,0.0,0.15276249008953613,14.55018425532523,0.6206742546498006,0.0,0.0,0.0,0.0,0.0,0.0,0.0,0.0,55.73755367205895,0.9398613411449759,True,False,True,False,True,1.642376695023966,0,0.9131689401888772,0.9818992654774398,False,False,False,False,-0.10140872457411126,-0.16244302101225405,False,False,False,False,134099.0,150668.4607670167,False,False,False,False,4551.276971600511,False,False,False,False
2025-10-01 19:00:00+00:00,14.645,14.67,14.55,14.55,11364.0,,,,,14.490578216212224,14.603784999444132,14.55363826823184,14.54599380458972,14.65733742488853,14.602183197913467,,,,,,14.453014419973277,14.498303224850154,14.52918065619688,14.55600922014408,14.594828798353467,13.869906991580878,13.442614039728143,,14.01602569343622,"rgba(239, 83, 80, 1.0)",0.0,0.0,0.15276579259560893,14.553500633364697,-0.022915034218184964,0.0,0.0,0.0,0.0,0.0,0.0,0.0,0.0,56.31846873063559,1.3618825339520413,True,False,True,False,True,0.0,0,0.9162084315265776,0.9829798376538359,False,False,False,False,-0.0660961163928465,-0.11426956870255028,False,False,False,False,122735.0,150235.38385590015,False,False,False,False,4656.900584443914,False,False,False,False
2025-10-02 14:00:00+00:00,14.4,14.435,14.28,14.38,2773.0,,,,,14.484458747034534,14.599361577995701,14.551773871048225,14.54503955020318,14.656264485718665,14.60138849384477,,,,,14.364999999999998,14.44784127118704,14.493357083918736,14.527100711021362,14.555085266273936,14.593841841944156,13.87028934122118,13.443164193554077,,14.016334001537345,"rgba(239, 83, 80, 1.0)",0.0,0.0,0.15376236491691392,14.55203854626333,-1.1188599131932588,0.0,0.0,0.0,0.0,0.0,0.0,0.0,0.0,52.504075563824635,1.3618825339520413,True,False,True,False,False,0.0,0,0.9110995580972182,0.9893423446841692,False,False,False,False,-0.2815213150723332,-0.19789544188744174,False,False,False,False,119962.0,149766.02906743658,False,False,False,False,4627.692823444783,False,False,False,False
2025-10-02 15:00:00+00:00,14.385,14.46,14.38,14.415,4057.0,,,,,14.480058123639866,14.594584756106808,14.54987184396889,14.544069673762714,14.654993702826054,14.600495527884396,,,,,14.396679843826258,14.445504755770683,14.489494111077267,14.525121428101523,14.554124269613611,14.592746053242436,13.870907861626742,13.444014406533858,,14.016852934154558,"rgba(239, 83, 80, 1.0)",0.0,0.0,0.15432042247470118,14.550691374328915,-0.8792833259069175,0.0,0.0,0.0,0.0,0.0,0.0,0.0,0.0,50.84933314072434,6.2289188405006115,True,False,False,False,False,0.0,0,0.9194053208137716,0.9853938445487741,False,False,False,False,-0.22654783934646136,-0.21222164061695153,False,False,False,False,124019.0,149366.850322205,False,False,False,False,4618.844872693701,False,False,False,False
2025-10-02 16:00:00+00:00,14.41,14.44,14.32,14.37,4496.0,,,,,14.472956654139551,14.588393345761311,14.547178421179453,14.542661570400742,14.653356005004612,14.599292020263878,,,,,14.388735358172934,14.43995146414986,14.483403531521148,14.52218679651776,14.552752960844431,14.591261250727891,13.871539633834345,13.444914669549314,,14.017366934990628,"rgba(239, 83, 80, 1.0)",0.0,0.0,0.15530301679943181,14.548702904824982,-1.150672462826467,0.0,0.0,0.0,0.0,0.0,0.0,0.0,0.0,48.710640988415534,4.177316673950969,False,False,False,False,False,0.0,0,0.9208257120459888,0.9822315129344132,False,False,False,False,-0.2615556512979379,-0.23688864595744472,False,False,False,False,119523.0,148904.15496837234,False,False,False,False,4616.940301024031,False,False,False,False
2025-10-02 17:00:00+00:00,14.37,14.38,14.28,14.345,3943.0,,,,,14.465118682247615,14.582233025871203,14.544323707515261,14.541140897114934,14.651721611793157,14.598051584850104,,,,,14.37485897351933,14.433016841223294,14.476695421734629,14.518996944460046,14.551287170434707,14.589726176405355,13.872046805081828,13.445667529656934,,14.017764372196764,"rgba(239, 83, 80, 1.0)",0.0,0.0,0.15650311570445774,14.54265798947264,-1.2629652041298642,0.0,0.0,0.0,0.0,0.0,0.0,0.0,0.0,46.70366911539522,2.208112551697127,False,False,False,True,False,0.0,0,0.9217323245499606,0.9780850508739888,False,False,False,False,-0.30622615077695114,-0.27155739836719794,False,False,False,False,115580.0,148387.50140297122,False,False,False,False,4606.49161418645,False,False,False,False
2025-10-02 18:00:00+00:00,14.335,14.46,14.335,14.44,4045.0,,,,,14.462174840472368,14.57808258087543,14.542517656139738,14.540175503274668,14.650463947791524,14.597158471498956,,,,,14.382567740153947,14.431661513915046,14.473813598317193,14.51715285211048,14.550329623626373,14.588638642727112,13.87265191521253,13.44650500967013,,14.018269342648455,"rgba(239, 83, 80, 1.0)",0.0,0.0,0.15672699624292252,14.543387036925983,-0.6596632322726116,0.0,0.0,0.0,0.0,0.0,0.0,0.0,0.0,48.109913232568644,2.208112551697127,False,False,False,True,False,0.0,1,0.9280312907431553,0.9728813559322033,False,False,False,False,-0.24616731172189796,-0.25886235504454796,False,False,False,False,119625.0,147941.57114866158,False,False,False,False,4597.786317842473,False,False,False,False
2025-10-02 19:00:00+00:00,14.435,14.53,14.37,14.46,8260.0,,,,,14.461281015674084,14.572177307972233,14.540105303603378,14.53887308437901,14.648377305393524,14.595764790900224,,,,,14.403766108169531,14.434148444012227,14.472114042490489,14.514989638390068,14.548989985464203,14.586971891269563,13.873978553763115,13.448284298633672,,14.019405286065119,"rgba(239, 83, 80, 1.0)",0.0,0.0,0.15688473418340484,14.543957876565576,-0.535156444650792,0.0,0.0,0.0,0.0,0.0,0.0,0.0,0.0,49.58567843855837,2.208112551697127,True,False,False,False,True,0.0,1,0.9322563835330899,0.9684731631057845,False,False,False,False,-0.20065010257769858,-0.2297562288111233,False,False,False,False,127885.0,147630.61655720943,False,False,False,False,4654.56482454259,False,False,False,False
2025-10-03 14:00:00+00:00,14.565,14.71,14.47,14.695,1851.0,,,,,14.464907807444819,14.572731762917925,14.540616790681224,14.539161572639792,14.648321984927037,14.595828136870562,,,,,14.417682979325969,14.438933239425172,14.474905247549817,14.515818953404546,14.549224509583295,14.587076577581465,13.87436285440314,13.448750117447352,,14.01975941219696,"rgba(38, 166, 154, 1.0)",0.0,0.0,0.1579513552667666,14.545543222606256,0.9462202913126309,0.0,0.0,0.0,0.0,0.0,0.0,0.0,0.0,55.3649408647981,-0.2747557564418983,True,False,True,False,True,2.8252922948840826,0,0.9364997418688694,0.9561177077955603,False,False,False,False,-0.08268797112346692,-0.1562220999672951,False,False,False,False,129736.0,147353.1806415938,False,False,False,False,4611.098703231853,False,False,False,False
2025-10-03 15:00:00+00:00,14.695,14.77,14.605,14.76,3225.0,,,,,14.474077880973782,14.575226987954483,14.542393698978142,14.540162464865041,14.648582083471268,14.596263801878042,,,,,14.446721184277692,14.450347863891194,14.482204176703755,14.51835794166358,14.550093090603612,14.587671299482697,13.875108681431831,13.449620567779828,,14.020463626497063,"rgba(38, 166, 154, 1.0)",0.0,0.0,0.16022189005885398,14.54918754195813,1.315753159349404,0.0,0.0,0.0,0.0,0.0,0.0,0.0,0.0,60.1680544734592,4.083896406646282,True,False,True,False,True,3.9758013053197487,0,0.9462033462033461,0.9526383526383527,False,False,False,False,-0.002062543916924329,-0.07914232194210973,False,False,False,False,132961.0,147130.0460580032,False,False,False,False,4589.608800856165,False,False,False,False
2025-10-03 16:00:00+00:00,14.76,14.8,14.75,14.785,1416.0,,,,,14.478962637096837,14.576816062104587,14.543464972332938,14.540767669988336,14.648815585458728,14.596563962612997,,,,,14.460505097947122,14.456266247833621,14.486158970586386,14.519829382844348,14.550627678274076,14.58807006621558,13.875461795114834,13.450022546048372,,14.020802151697692,"rgba(38, 166, 154, 1.0)",0.0,0.0,0.16293617829744078,14.55102401402307,1.4359977533645425,0.0,0.0,0.0,0.0,0.0,0.0,0.0,0.0,63.73235840690888,7.250680944256835,True,False,True,False,True,4.417375180871964,0,0.951763485477178,0.9566908713692944,False,False,False,False,0.07024023701278614,-0.0044510424646617905,False,False,False,False,134377.0,146932.32441369307,False,False,False,False,4540.405563633588,False,False,False,False
2025-10-03 17:00:00+00:00,14.785,14.91,14.785,14.85,2277.0,,,,,14.488258653403337,14.580189619233657,14.545674768150084,14.542019313371194,14.64939129757082,14.597229648681763,,,,,14.484803721945537,14.467321948259421,14.4937733099426,14.522792277496757,14.551744749653794,14.588942453202376,13.876073020102039,13.450702475300243,,14.021396127517557,"rgba(38, 166, 154, 1.0)",0.0,0.0,0.1665865032439306,14.554435784350858,1.774238668161194,0.0,0.0,0.0,0.0,0.0,0.0,0.0,0.0,67.03279360744662,10.22592730990985,True,False,True,False,True,5.562721935353181,0,0.9435190005205621,0.9606975533576261,False,False,False,False,0.13067621766719015,0.06311258760126418,False,False,False,False,136654.0,146772.9705468141,False,False,False,False,4505.314004507485,False,False,False,False
2025-10-03 18:00:00+00:00,14.84,14.92,14.785,14.875,7898.0,,,,,14.518104374845404,14.591750313873186,14.553383612078909,14.546445300750992,14.651478329659192,14.599617637210718,,,,,14.551784581421458,14.502307579500718,14.518664736137048,14.533021643525181,14.55570518107377,14.592057694490443,13.878212544186514,13.453075405361425,,14.023478773547835,"rgba(38, 166, 154, 1.0)",0.0,0.0,0.17103942962505247,14.564539878035415,1.815137729616887,0.0,0.0,0.0,0.0,0.0,0.0,0.0,0.0,69.58062984282081,12.583133719321864,True,False,True,False,True,6.00213746156448,0,0.9368667186282149,0.9620680696284749,False,False,False,False,0.13487437210560016,0.09899347985343217,False,False,False,False,144552.0,146738.5368949255,False,False,False,False,4557.913787383338,False,False,False,False
2025-10-03 19:00:00+00:00,14.88,15.02,14.83,14.965,22315.0,,,,,14.595803973883072,14.627979380879877,14.578329388737723,14.561273862957451,14.659291055493583,14.608096948089782,,,,,14.681387252839714,14.589994487602361,14.586272590325205,14.56501842549026,14.569108211965846,14.602948338855837,13.884685898616409,13.460107791558855,,14.029853384834048,"rgba(38, 166, 154, 1.0)",0.0,0.0,0.17798906738360237,14.589850594204396,2.107710385307436,0.0,0.0,0.0,0.0,0.0,0.0,0.0,0.0,72.44446382613182,15.318481060625942,True,False,True,False,True,7.569662435643096,0,0.9391664509448613,0.9583225472430752,False,False,False,False,0.1963603224702894,0.14767690116186077,False,False,False,False,166867.0,147050.60609035302,False,False,False,False,4833.217449594449,False,False,False,False
2025-10-06 14:00:00+00:00,15.08,15.115,14.985,15.11,1254.0,,,,,14.600680405438652,14.630560745559897,14.580113365759377,14.562353304805072,14.65991869571929,14.608745830775415,,,,,14.68857380917269,14.595358490173712,14.590612473647559,14.567248764927697,14.570092260692453,14.603772344741067,13.885092490899861,13.460536027129725,,14.030260508956198,"rgba(38, 166, 154, 1.0)",0.0,0.0,0.18957201678920216,14.591513735477424,2.7350358629096365,0.0,0.0,0.0,0.0,0.0,0.0,0.0,0.0,75.8098459589367,18.550132839886132,True,False,True,False,True,9.997439008285472,0,0.9419054996127032,0.9558481797056544,False,False,False,False,0.31055653898112234,0.22911672007149156,False,False,False,False,168121.0,147377.27886414598,False,False,False,False,4777.7257061898845,False,False,False,False
2025-10-06 15:00:00+00:00,15.11,15.365,15.11,15.33,7810.0,,,,,14.64086760383912,14.65294335674495,14.595322022804037,14.571561181223203,14.665654784179756,14.614466647861509,,,,,14.748451115225249,14.639148448391737,14.626477280427153,14.586017473680355,14.578532406762513,14.610995180342849,13.888041323724734,13.463526020872154,15.268333333333333,14.03327125801014,"rgba(38, 166, 154, 1.0)",0.0,0.0,0.2090116596600513,14.644014606968293,3.2820436627671095,-1.0,15.365,15.11,0.0,0.0,0.0,0.0,0.0,79.53529938408491,22.107842021012928,True,False,True,False,True,13.429497519480364,0,0.9501797637390855,0.9442732408834104,False,True,False,False,0.3428281762457352,0.2859724481586134,False,False,False,False,175931.0,147819.97221508942,False,False,False,False,4824.737710745079,False,False,False,False
2025-10-06 16:00:00+00:00,15.325,15.345,15.2,15.335,10489.0,,,,,14.689667263258725,14.6817684355528,14.615441066282688,14.583986534097495,14.673503020101828,14.622283350037492,,,,,14.814823615030562,14.691722828793626,14.67072735247663,14.610565691558877,14.58995116755685,14.620811803740086,13.892053318218156,13.467581529544331,15.282663351367106,14.03737317890394,"rgba(38, 166, 154, 1.0)",0.0,0.0,0.22529526172320932,14.662129936099234,2.9866143599923287,0.0,0.0,0.0,0.0,0.0,0.0,0.0,0.0,82.0469935507605,24.55810874937015,True,False,True,False,True,13.504796086189423,0,0.9619072298522932,0.946100025913449,False,False,False,False,0.3428281790304047,0.31440031359450904,False,False,False,False,186420.0,148418.42225826634,False,True,False,False,4912.5557307335275,False,True,False,False
2025-10-06 17:00:00+00:00,15.335,15.335,15.15,15.17,4153.0,,,,,14.704872536254971,14.691163597983529,14.622243811454146,14.58828103850657,14.676186999228184,14.624988392940404,,,,,14.833389300037668,14.70796286670429,14.684746287026991,14.618804127390304,14.593900714640279,14.624196167535201,13.893550815991578,13.469116540428752,15.27076407446998,14.038893372937617,"rgba(38, 166, 154, 1.0)",0.0,0.0,0.23543371898691562,14.667102352723727,2.1360476716770607,0.0,0.0,0.0,0.0,0.0,0.0,0.0,0.0,78.10153162003849,24.55810874937015,True,False,True,False,False,10.00419800725047,0,0.9568363918325147,0.9397777203411734,False,False,False,False,0.32037644273343124,0.31738837816397014,False,False,False,False,182267.0,148943.20640930097,False,False,False,False,4900.779672892698,False,False,False,False
2025-10-06 18:00:00+00:00,15.18,15.22,15.07,15.085,5297.0,,,,,14.719739262881538,14.700640876010736,14.629376680701533,14.592875845936858,14.678989405446865,14.627866009851505,,,,,14.849553783526408,14.723745710237083,14.698667072585925,14.627407116860722,14.598124477328234,14.627788140037875,13.89532170160665,13.470966231884182,15.242939205016397,14.040673667336323,"rgba(38, 166, 154, 1.0)",0.0,0.0,0.2424123320681361,14.671273045884703,1.7067075366405415,0.0,0.0,0.0,0.0,-1.0,15.15,15.135,0.0,73.10987710246923,31.013258942025445,True,False,True,False,False,8.272836693273625,0,0.9505664263645723,0.9451596292481976,False,False,False,False,0.24939629467309254,0.28339233641853134,False,False,False,False,176970.0,149377.7303409397,False,False,False,False,4906.922623700563,False,False,False,False
2025-10-06 19:00:00+00:00,15.085,15.135,15.03,15.04,6745.0,,,,,14.734769479744646,14.71059214705972,14.637166090942499,14.59800298807169,14.682060630619885,14.631070415734598,,,,,14.863978127280784,14.739588144411877,14.712975078328531,14.636747189752667,14.602838488948068,14.63177526056587,13.89746574603128,13.473235098358517,15.208796553990064,14.04281416680538,"rgba(38, 166, 154, 1.0)",0.0,0.0,0.2470132031339536,14.675384238555008,1.4760982685094064,0.0,0.0,0.0,0.0,-1.0,15.07,14.98,0.0,68.5892973606709,26.807925213865033,True,False,True,False,False,7.36654975332851,0,0.9507731958762884,0.9497422680412371,False,False,False,False,0.20519873113520076,0.24429553377686605,False,False,False,False,170225.0,149700.94382402592,False,False,False,False,4935.41994736412,False,False,False,False
2025-10-07 14:00:00+00:00,14.98,14.98,14.69,14.725,100.0,,,,,14.734810086284734,14.710627338833552,14.637208480952621,14.598035010851138,14.682074226999418,14.631088454412316,,,,14.798333333333332,14.863914023540747,14.739628158844766,14.713024031825777,14.6367979203687,14.602867541792111,14.631797606286282,13.897490157769262,13.473263002018953,15.207610038349618,14.042837496869598,"rgba(239, 83, 80, 1.0)",0.0,0.0,0.24632237355077,14.675344013584388,0.20158942811330605,0.0,0.0,0.0,0.0,0.0,0.0,0.0,0.0,59.449431181562005,18.455057987267537,True,False,True,False,False,1.4253803529545976,0,0.9363543788187371,0.9541751527494907,False,False,False,False,0.036122536118217835,0.14020903494754194,False,False,False,False,170125.0,150017.59585776195,False,False,False,False,4860.452196242195,False,False,False,False
2025-10-07 15:00:00+00:00,14.725,14.765,14.62,14.64,371.0,,,,,14.734668667852082,14.710574403069348,14.637245321953973,14.598080627347732,14.6820711593195,14.631106016815133,,,,14.70118542108988,14.86323207654261,14.739465250270074,14.712943299549227,14.636842365211711,14.602907290096264,14.631819099149839,13.897568315849641,13.473356879735356,15.201958720625388,14.042909911003095,"rgba(239, 83, 80, 1.0)",0.0,0.0,0.24629428307179044,14.675022448617781,-0.14219757024393614,0.0,0.0,0.0,0.0,0.0,0.0,0.0,0.0,52.180578251400924,12.056544607501635,False,False,False,False,False,0.0,0,0.9278271918678523,0.9702668360864038,False,False,False,False,-0.059689133924492835,0.040259950511524555,False,False,False,False,169754.0,150323.58661965712,False,False,False,False,4790.848286222936,False,False,False,False
2025-10-07 16:00:00+00:00,14.64,14.65,14.52,14.555,526.0,,,,,14.73413519825365,14.710289405323307,14.637159409565696,14.598061248704406,14.682005371049833,14.631074220244082,,,,14.634612169842862,14.86176442306141,14.738879572396705,14.712529303579954,14.636740525648444,14.602885504060845,14.631779050633419,13.897664850546432,13.473478879150326,15.192666779371296,14.042996312463542,"rgba(239, 83, 80, 1.0)",0.0,0.0,0.24633104145023094,14.674377313652439,-0.484621479086136,0.0,0.0,0.0,0.0,0.0,0.0,0.0,0.0,46.231711181478374,6.864542902580226,False,True,False,True,False,0.0,0,0.9328396322778346,0.9747191011235956,False,False,False,False,-0.13260387944329707,-0.046171964465886256,False,False,False,False,169228.0,150616.6782999725,False,False,False,False,4724.726607366766,False,False,False,False
2025-10-07 17:00:00+00:00,14.55,14.59,14.485,14.485,1070.0,,,,,14.732689644149744,14.709479147598383,14.636831384801104,14.597928151734084,14.681803133906792,14.630946316937024,,,,14.575282212546366,14.858260691826912,14.737305396667496,14.711361023366774,14.636350765246418,14.602754088125794,14.6316190107261,13.897845199829995,13.47371458210547,15.1729804071734,14.04315382395784,"rgba(239, 83, 80, 1.0)",0.0,0.0,0.2461654025353254,14.672890158021378,-0.7632679332117591,0.0,0.0,0.0,0.0,0.0,0.0,0.0,0.0,41.403947625505374,2.5786362669611833,False,True,False,True,False,0.0,0,0.9266242038216562,0.9793630573248409,False,False,False,False,-0.1652278210846794,-0.10569989277528283,False,False,False,False,168158.0,150888.6367759419,False,False,False,False,4668.064179345575,False,False,False,False
2025-10-07 18:00:00+00:00,14.485,14.56,14.48,14.52,1583.0,,,,,14.730586476435585,14.708292996879848,14.636349447080706,14.597732073194441,14.681504860700297,14.630757631102846,,,,14.551306392694066,14.853206926276181,14.735017591114659,14.709658396846454,14.635778888309297,14.602560428751916,14.631383080146184,13.898111824006813,13.474063095644157,15.145881309423938,14.043386661949338,"rgba(239, 83, 80, 1.0)",0.0,0.0,0.24516951297023734,14.670805022093356,-0.6151051175423419,0.0,0.0,0.0,0.0,0.0,0.0,0.0,0.0,39.10997987114975,0.41386617140941695,False,True,False,True,False,0.0,0,0.9254073319755599,0.9821792260692463,False,False,False,False,-0.17733194113026862,-0.1415159169527757,False,False,False,False,169741.0,151180.92147709007,False,False,False,False,4620.233726952621,False,False,False,False
2025-10-07 19:00:00+00:00,14.52,14.7,14.49,14.695,7113.0,,,,,14.726236410903576,14.706105367212073,14.636203568675212,14.598074182056317,14.681068047450044,14.630739245491839,,,,14.602211589086066,14.839060217982846,14.73019870072965,14.706532048129393,14.63561800346921,14.602828618047452,14.631354387115891,13.899515258350434,13.475788136320878,15.06453878221417,14.044667257197174,"rgba(239, 83, 80, 1.0)",0.0,0.0,0.2431408963861663,14.665406207565542,0.12171458143946193,0.0,0.0,0.0,0.0,0.0,0.0,0.0,0.0,41.64158617365523,0.41386617140941695,False,True,False,True,False,1.0044390053462635,0,0.9345889539322981,0.9735301603461441,False,False,False,False,-0.12577355835513748,-0.1336447376539566,False,False,False,False,176854.0,151578.95370225146,False,False,False,False,4658.881266069634,False,False,False,False
2025-10-08 14:00:00+00:00,14.75,14.89,14.75,14.87,1158.0,,,,14.836666666666664,14.726995976803263,14.706684319762267,14.636795719798043,14.598507640841238,14.681275872409879,14.63099318259507,,,,14.624986438497888,14.839035952433063,14.730975912652633,14.707341427346341,14.63632277751037,14.603224088367659,14.631668379138658,13.899808392979248,13.476119161709015,15.058853639268914,14.044949434098807,"rgba(239, 83, 80, 1.0)",0.0,0.0,0.2433219422237544,14.665470392776703,0.840571981935007,0.0,0.0,0.0,0.0,0.0,0.0,0.0,0.0,46.40421574270427,0.41386617140941695,False,True,False,True,True,3.9015113217486572,0,0.9430235502658898,0.9630286148391998,False,False,False,False,0.026036379812931255,-0.053804178920512674,False,False,False,False,178012.0,151988.76837353437,False,False,False,False,4604.6040371383215,False,False,False,False
2025-10-08 15:00:00+00:00,14.87,14.975,14.87,14.895,1521.0,,,,14.880194102276967,14.72866434539297,14.707880951021256,14.637864506970441,14.599257097945674,14.681682266072245,14.631449747392061,,,,14.657613698358377,14.840012282641876,14.732707802587543,14.70901058203877,14.63759238835653,14.603911426486896,14.632233037348872,13.900224623638994,13.476578196237364,15.054236308133067,14.045355620922376,"rgba(239, 83, 80, 1.0)",0.0,0.0,0.2430423720147715,14.665958709711386,0.9423924247854718,0.0,0.0,0.0,0.0,0.0,0.0,0.0,0.0,49.97688573974705,0.41386617140941695,False,True,False,False,True,4.304987897604505,0,0.9530575995940115,0.9571174828723675,False,False,False,False,0.09517176027984602,0.02068379067966667,False,False,False,False,179533.0,152415.8107243323,False,False,False,False,4556.796222609045,False,False,False,False
2025-10-08 16:00:00+00:00,14.9,14.91,14.82,14.845,2360.0,,,,14.869955679036845,14.730441066044273,14.709220702449446,14.639178734016502,14.600210521309421,14.682160975462256,14.632017589163633,,,,14.687590811289708,14.840378374793264,14.734532137113977,14.710864664225435,14.639151088105635,14.60478339742509,14.632934150252296,13.900834751076658,13.477262616044028,15.045044105561741,14.04594522491405,"rgba(239, 83, 80, 1.0)",0.0,0.0,0.24097394349060428,14.666312598302625,0.7415216728788894,0.0,0.0,0.0,0.0,0.0,0.0,0.0,0.0,51.265728168240216,-9.371152368949332,False,False,True,False,True,3.3970387279151417,0,0.9578544061302681,0.95632183908046,False,False,False,False,0.05631897189245544,0.03850138128606105,False,False,False,False,177173.0,152799.6431162031,False,False,False,False,4522.737366444563,False,False,False,False
2025-10-08 17:00:00+00:00,14.85,14.86,14.765,14.795,2528.0,,,,14.848811946610281,14.731543673635986,14.710141429922288,14.640241426160786,14.601021188215489,14.682521347509288,14.632484563331067,,,,14.704013275140932,14.839671913943555,14.735637057682986,14.712122153800356,14.640408643852371,14.60552184798482,14.633509315753425,13.90145223023827,13.47796760639972,15.033636068201321,14.046535745771008,"rgba(239, 83, 80, 1.0)",0.0,0.0,0.2416548987503903,14.66631515274569,0.5325149538442838,0.0,0.0,0.0,0.0,0.0,0.0,0.0,0.0,51.036279326262424,-8.95014937350642,False,False,False,False,True,2.491743174196344,0,0.9529050422318918,0.9570002559508578,False,False,False,False,0.02099541512245831,0.02974839820425968,False,False,False,False,174645.0,153138.33081982785,False,False,False,False,4491.8112057244925,False,False,False,False
2025-10-08 18:00:00+00:00,14.795,14.875,14.795,14.875,1382.0,,,,14.848738034044771,14.732459967375918,14.710851568842525,14.640960719969922,14.601550924598454,14.682783299763221,14.63279960845942,,,,14.71413149350649,14.83977001650057,14.736572909030455,14.71309259297446,14.641258470607946,14.606006414866192,14.633897412702625,13.901804957720982,13.47836476845876,15.028911713340465,14.046875857055678,"rgba(239, 83, 80, 1.0)",0.0,0.0,0.24289038420388262,14.666517619150076,0.8583393761480637,0.0,0.0,0.0,0.0,0.0,0.0,0.0,0.0,52.50497808596346,-6.8125741658354855,False,False,True,False,True,3.8334588520535853,0,0.9521616781785622,0.9557431568176007,False,False,False,False,0.036122536118217835,0.032935467161238755,False,False,False,False,176027.0,153493.19390789254,False,False,False,False,4443.597078503957,False,False,False,False
2025-10-08 19:00:00+00:00,14.875,14.89,14.83,14.865,7746.0,,,,14.854736547868622,14.737902423860124,14.715073809429143,14.645155421260073,14.604636722848017,14.684353362446538,14.634656718038759,,,,14.75575169349552,14.841077112970927,14.742136366420162,14.718797688921498,14.646194580331288,14.608834460070558,14.636180626102966,13.903804893916783,13.480608199783745,15.008000683324722,14.048808450695319,"rgba(239, 83, 80, 1.0)",0.0,0.0,0.24392302359845433,14.668107150529732,0.8071925583965911,0.0,0.0,0.0,0.0,0.0,0.0,0.0,0.0,53.23178046210273,-5.3576690105374425,False,False,True,False,True,3.6478307535449126,0,0.955220061412487,0.9534288638689867,False,False,False,False,0.05295015473487082,0.042942810948054785,False,False,False,False,168281.0,153722.46221939806,False,False,False,False,4494.797123798469,False,False,False,False
2025-10-09 14:00:00+00:00,14.53,14.53,14.255,14.285,949.0,,,,14.827947366432403,14.735945126404571,14.713848695506002,14.644485236519238,14.604276842525952,14.684001374487211,14.634380634390073,,,14.356666666666667,14.742419356731322,14.837560151785235,14.74004741591812,14.71710203957442,14.645402359499261,14.608493178132939,14.635837771022151,13.903920465485514,13.48078223267478,14.99817387640896,14.048897885735865,"rgba(239, 83, 80, 1.0)",0.0,0.0,0.24602556081949564,14.666912880119824,-1.552330086547496,0.0,0.0,0.0,0.0,0.0,0.0,0.0,0.0,45.12795089544327,-5.3576690105374425,False,True,False,True,False,0.0,0,0.9412935323383087,0.9549751243781097,False,False,False,False,-0.26733686191179973,-0.11219702548187246,False,False,False,False,167332.0,153933.46280514382,False,False,False,False,4439.823524979888,False,False,False,False
2025-10-09 15:00:00+00:00,14.285,14.33,14.23,14.32,1879.0,,,,14.776493196059347,14.731491084785583,14.711021779859198,14.642877450633996,14.60338588962949,14.6831722594952,14.633711314920193,,,14.314586280056577,14.714557221158291,14.829847638082308,14.735305072807671,14.713209330634752,14.643505226973776,14.607650905065325,14.635007957742092,13.90411713489788,13.481101709018802,14.977729366059481,14.04903840374263,"rgba(239, 83, 80, 1.0)",0.0,0.0,0.24793334980578316,14.664265357244417,-1.388539934277075,0.0,0.0,0.0,0.0,0.0,0.0,0.0,0.0,40.45974905275247,-0.8262485506859178,False,True,False,True,False,0.0,0,0.9501378100726636,0.9639188173390131,False,False,False,False,-0.34282825441539394,-0.2275126399486332,False,False,False,False,169211.0,154170.32384692456,False,False,False,False,4400.120834670122,False,False,False,False
2025-10-09 16:00:00+00:00,14.32,14.35,14.175,14.18,2021.0,,,,14.725696791063248,14.726174816196275,14.70760459512899,14.640878652531796,14.60225406434233,14.682151552339604,14.632871465998512,,,14.281415755825941,14.684557990528369,14.820916814623867,14.72965691340301,14.70853078572708,14.64115127711644,14.606582792157903,14.633968295917914,13.904296775492826,13.481420390403203,14.955258803510922,14.049153314886164,"rgba(239, 83, 80, 1.0)",0.0,0.0,0.2532119256260464,14.661176219346093,-1.9002905102373155,0.0,0.0,0.0,0.0,0.0,0.0,0.0,0.0,36.077763681884385,-5.039405896443128,False,True,False,True,False,0.0,0,0.9461287897769984,0.9631671260335759,False,False,False,False,-0.34282825441539394,-0.28517044718201356,False,False,False,False,167190.0,154372.17929115827,False,False,False,False,4363.235240334151,False,False,False,False
2025-10-09 17:00:00+00:00,14.175,14.185,14.075,14.115,3135.0,,,,14.649389629509567,14.716352517398208,14.701188402742398,14.63698668569398,14.599990293965009,14.680190138825884,14.631217407308913,,,14.219997494989979,14.635062637548671,14.805078247886206,14.719250223256767,14.69980737501669,14.636578467943998,14.604451070452969,14.631924497882915,13.904482489439646,13.48184211872127,14.918041042286278,14.049225947325207,"rgba(239, 83, 80, 1.0)",0.0,0.0,0.258378519733029,14.655617058748726,-2.092345212393513,0.0,0.0,0.0,0.0,0.0,0.0,0.0,0.0,32.60933347092724,-8.408256367100492,False,True,False,True,False,0.0,0,0.9381572358537807,0.9729594391587384,False,False,False,False,-0.34282825441539394,-0.3139993507987038,False,False,False,False,164055.0,154522.30054245816,False,False,False,False,4344.192833507265,False,False,False,False
2025-10-09 18:00:00+00:00,14.115,14.18,14.04,14.13,5428.0,,,,14.553344847820549,14.699854819417554,14.690251275740303,14.630277679460105,14.596053244231946,14.676776080127036,14.628332143614712,,,14.178178248334826,14.566213767229428,14.778979249025662,14.701813270782244,14.685094413146413,14.62872381858935,14.600741070027347,14.628366832498243,13.904791176805617,13.482561557815961,14.860323032216971,14.049337581978497,"rgba(239, 83, 80, 1.0)",0.0,0.0,0.26396001949512005,14.646450702261395,-1.9565489624118722,0.0,0.0,0.0,0.0,0.0,0.0,0.0,0.0,30.67762767780107,-10.442356953601077,False,True,False,True,False,0.0,0,0.9328674819066632,0.9760419266284005,False,False,False,False,-0.34282825441539394,-0.3284138026070489,False,False,False,False,169483.0,154754.24937125726,False,False,False,False,4360.996045390873,False,False,False,False
2025-10-09 19:00:00+00:00,14.13,14.145,13.95,13.96,9084.0,,,,14.429335646789653,14.669858496051166,14.669849631934714,14.617351652695586,14.588283494289902,14.670167120059642,14.622661046293459,,,14.113632053105738,14.466583189868015,14.733597676312575,14.670243020244342,14.658081400707639,14.613671677905296,14.593420964153475,14.621398291213074,13.905066945014909,13.483575783334064,14.769750911803712,14.049251930689316,"rgba(239, 83, 80, 1.0)",0.0,0.0,0.2731798899118037,14.63021098906093,-2.453368691514255,0.0,0.0,0.0,0.0,0.0,0.0,0.0,0.0,27.925978625939273,-13.339574382780235,False,True,False,True,False,0.0,0,0.9328507239141287,0.979530703944084,False,False,False,False,-0.34282825441539394,-0.33562102851122144,False,False,False,False,160399.0,154841.76488488118,False,False,False,False,4434.220912904193,False,False,False,False
2025-10-10 14:00:00+00:00,13.84,13.845,13.66,13.665,2101.0,,,,14.393413171235752,14.6603201976744,14.663248981560768,14.613005230364344,14.585601357554216,14.667974159867747,14.620731424566223,,13.723333333333333,14.080293938285156,14.436584766112768,14.719846839726438,14.66023392783773,14.649403877678164,14.60862245471779,14.590898984938006,14.61903183231242,13.904964915140411,13.48368070998622,14.744348846703407,14.049043820491537,"rgba(239, 83, 80, 1.0)",0.0,0.0,0.29353281505393447,14.625125255557084,-3.2709298801248803,0.0,0.0,0.0,0.0,0.0,0.0,0.0,0.0,24.280791022073835,-17.06278486739346,False,True,False,True,False,0.0,0,0.927371541501976,0.9799901185770751,False,False,False,False,-0.34282825441539394,-0.33922464146330766,False,False,False,False,158298.0,154895.34992542566,False,False,False,False,4398.046945262267,False,False,False,False
2025-10-10 15:00:00+00:00,13.66,13.66,13.185,13.19,2877.0,,,,14.325123540643133,14.642416937915547,14.650779673740907,14.604619542272273,14.580355751382601,14.663791553755326,14.616994166111725,,13.504678250970938,14.003296025333041,14.37941427583194,14.694690804480738,14.641468353153938,14.633030392935366,14.598885098879508,14.585973434140497,14.614451246207723,13.904534752222242,13.48359765165417,14.699329203289123,14.048428759549282,"rgba(239, 83, 80, 1.0)",0.0,0.0,0.33442032676697453,14.615625141608993,-4.262973950750233,0.0,0.0,0.0,0.0,0.0,0.0,0.0,0.0,20.123300165573845,-21.200718246343342,False,True,False,True,False,0.0,0,0.9082969432314411,0.9871421639980595,False,False,False,False,-0.34282825441539394,-0.3410264479393508,False,False,False,False,155421.0,154903.49953898494,False,False,False,False,4374.464822079907,False,False,False,False
2025-10-10 16:00:00+00:00,13.185,13.455,13.18,13.38,2048.0,,,,14.281396203417211,14.629902584623458,14.642001542549655,14.59868619317701,14.576628594007717,14.660815262400401,14.61433322901065,,13.456190577853686,13.957166237608112,14.341995290745292,14.67725138745888,14.628365989166543,14.621564077504763,14.592008104287531,14.582472121506102,14.611193542570117,13.90422529845738,13.48353574589244,14.66885803616328,14.047987437864283,"rgba(239, 83, 80, 1.0)",0.0,0.0,0.3611836522194862,14.60899763498339,-3.4026945223881437,0.0,0.0,0.0,0.0,0.0,0.0,0.0,0.0,20.899481750727997,-21.200718246343342,False,True,False,True,False,0.0,0,0.9042061755409676,1.0119134451738392,False,False,False,False,-0.34282825441539394,-0.3419273511773724,False,False,False,False,157469.0,154943.2747399309,False,False,False,False,4338.395600032157,False,False,False,False
2025-10-10 17:00:00+00:00,13.38,13.425,13.32,13.37,2479.0,,,,14.235083990471495,14.615454974254462,14.631799586629601,14.591766133557801,14.572267519385953,14.65732080198309,14.611210834123082,,13.434145888129056,13.911809735112445,14.301539772504304,14.657243446688469,14.613255290562597,14.608307063144009,14.584002254701918,14.578373009966038,14.607375125508245,13.903873210150744,13.483478068610125,14.634630950226883,14.04747903117033,"rgba(239, 83, 80, 1.0)",0.0,0.0,0.3847015105926016,14.601355530069252,-3.2008076291991925,0.0,0.0,0.0,0.0,0.0,0.0,0.0,0.0,21.363836053752024,-21.200718246343342,False,True,False,True,False,0.0,0,0.9077185293401511,1.0102264426588752,False,False,False,False,-0.3221306853947731,-0.33202901828607273,False,False,False,False,154990.0,154943.99916256763,False,False,False,False,4309.567761271968,False,False,False,False
2025-10-10 18:00:00+00:00,13.36,13.405,13.305,13.32,7544.0,,,,14.115465090090089,14.5725041659394,14.60106147712922,14.570701287247113,14.558879485624338,14.646570374997607,14.601589672842472,,13.393962304729506,13.803361486913644,14.19365341850365,14.598698094782456,14.568427454888877,14.568753859799642,14.55971814370951,14.565778826263594,14.595635300326327,13.902747716744281,13.483258527530024,14.538652259015864,14.045871890646612,"rgba(239, 83, 80, 1.0)",0.0,0.0,0.4063058693391446,14.578664567156608,-3.097825215283801,0.0,0.0,0.0,0.0,0.0,0.0,0.0,0.0,21.38821879213415,-21.25462303582318,False,True,False,True,False,0.0,0,0.9073576142752384,1.0129552676607188,False,False,False,False,-0.32868662090516587,-0.3303578195956193,False,False,False,False,147446.0,154827.75111353557,False,False,False,False,4359.713997531318,False,False,False,False
2025-10-10 19:00:00+00:00,13.32,13.365,13.175,13.24,7933.0,,,,14.00971337893922,14.527502629243527,14.568242272053729,14.547850852421524,14.544168359691213,14.634742907782355,14.59096895430381,,13.351422757718892,13.712572349298624,14.09481344080282,14.538779949973671,14.521597126348622,14.527091496055409,14.533505968330468,14.551925238165284,14.58271707276433,13.901393473267893,13.482891356835083,14.445957857382192,14.043990245366887,"rgba(239, 83, 80, 1.0)",0.0,0.0,0.4313062915343305,14.491892635729133,-2.902560570762012,0.0,0.0,0.0,0.0,0.0,0.0,0.0,0.0,20.942736569554505,-22.33843387299003,False,True,False,True,False,0.0,0,0.898466033601169,1.0148526905283664,False,False,False,False,-0.34282825441539394,-0.3365930370055066,False,False,False,False,139513.0,154590.31311177532,False,False,False,False,4415.113780515328,False,False,False,False
2025-10-13 14:00:00+00:00,13.24,13.24,13.24,13.24,0.0,,,,14.00971337893922,14.527502629243527,14.568242272053729,14.547850852421524,14.544168359691213,14.634742907782355,14.59096895430381,,13.351422757718892,13.712572349298624,14.09481344080282,14.538779949973671,14.521597126348622,14.527091496055409,14.533505968330468,14.551925238165284,14.58271707276433,13.901393473267893,13.482891356835083,14.445957857382192,14.043990245366887,"rgba(239, 83, 80, 1.0)",0.0,0.0,0.45395570685229275,14.491892635729133,-2.757741816728546,0.0,0.0,0.0,0.0,0.0,0.0,0.0,0.0,20.645748421168076,-23.283006702171846,False,True,False,True,False,0.0,0,0.9038744482589505,1.0203531142717017,False,False,False,False,-0.34282825441539394,-0.3397106457104503,False,False,False,False,139513.0,154356.5563193447,False,False,False,False,4346.6624040732295,False,False,False,False
2025-10-13 15:00:00+00:00,13.24,13.24,13.24,13.24,0.0,,,,14.00971337893922,14.527502629243527,14.568242272053729,14.547850852421524,14.544168359691213,14.634742907782355,14.59096895430381,,13.351422757718892,13.712572349298624,14.09481344080282,14.538779949973671,14.521597126348622,14.527091496055409,14.533505968330468,14.551925238165284,14.58271707276433,13.901393473267893,13.482891356835083,14.445957857382192,14.043990245366887,"rgba(239, 83, 80, 1.0)",0.0,0.0,0.47485633673830513,14.491892635729133,-2.63636080825653,0.0,0.0,0.0,0.0,0.0,0.0,0.0,0.0,20.44775632224379,-24.118503581979155,False,True,False,True,False,0.0,0,0.9001976284584979,1.023715415019763,False,False,False,False,-0.34282825441539394,-0.3412694500629221,False,False,False,False,139513.0,154126.42366323082,False,False,False,False,4279.272289281396,False,False,False,False
2025-10-13 16:00:00+00:00,13.24,13.24,13.24,13.24,0.0,,,,14.00971337893922,14.527502629243527,14.568242272053729,14.547850852421524,14.544168359691213,14.634742907782355,14.59096895430381,,13.351422757718892,13.712572349298624,14.09481344080282,14.538779949973671,14.521597126348622,14.527091496055409,14.533505968330468,14.551925238165284,14.58271707276433,13.901393473267893,13.482891356835083,14.445957857382192,14.043990245366887,"rgba(239, 83, 80, 1.0)",0.0,0.0,0.49437072568508506,14.491892635729133,-2.5322952405693027,0.0,0.0,0.0,0.0,0.0,0.0,0.0,0.0,20.3157615896276,-24.862651504929943,False,True,False,True,False,0.0,0,0.9088183862103423,1.0234823882088437,False,False,False,False,-0.34282825441539394,-0.34204885223915804,False,False,False,False,139513.0,153899.85895527375,False,False,False,False,4212.926982470832,False,False,False,False
2025-10-13 17:00:00+00:00,13.24,13.36,13.24,13.345,565.0,,,,14.003650277528909,14.524548965164392,14.566061706762248,14.54632197254036,14.543177643554523,14.633941623906368,14.59024993508849,,13.350617228376455,13.707896779967944,14.088977828108241,14.534891219781972,14.51852919822451,14.5243496138401,14.531758259100634,14.550991297995212,14.581844404238296,13.901305491807738,13.48287169389655,14.440148582511327,14.043865952942966,"rgba(239, 83, 80, 1.0)",0.0,0.0,0.5098578498238614,14.490540385963953,-2.2467838562448303,0.0,0.0,0.0,0.0,0.0,0.0,0.0,0.0,23.415104604629704,-24.862651504929943,False,True,False,True,True,0.0,0,0.9077536773871852,1.017202692595363,False,False,False,False,-0.3211170408170464,-0.3315829465281022,False,False,False,False,140078.0,153685.56656837027,False,False,False,False,4156.369974990664,False,False,False,False
2025-10-13 18:00:00+00:00,13.345,13.4,13.215,13.235,1909.0,,,,13.983017915285007,14.514416311019504,14.55856482657906,14.541052054850411,14.5397560287401,14.631176631448906,14.587766346525234,,13.345939017579644,13.691671371183002,14.069109912586663,14.5215966294594,14.508008098340175,14.514936320242429,14.52573735309275,14.547765563322324,14.578831251314304,13.900992373601518,13.482792765706831,14.42041416452197,14.04342807995771,"rgba(239, 83, 80, 1.0)",0.0,0.0,0.5272997506419022,14.485451793557232,-2.3714249666058245,0.0,0.0,0.0,0.0,0.0,0.0,0.0,0.0,24.26178532880538,-24.862651504929943,False,True,False,True,True,0.0,0,0.9132169576059852,1.014214463840399,False,False,False,False,-0.31842398094549207,-0.3250034637367971,False,False,False,False,138169.0,153444.99964482963,False,False,False,False,4121.527029641971,False,False,False,False
2025-10-13 19:00:00+00:00,13.235,13.34,13.235,13.28,14607.0,,,,13.857535505944321,14.442136708619605,14.5040490563826,14.502190684673465,14.514211611828408,14.61041452722072,14.569094644330693,,13.324777040788025,13.599658658488101,13.944638418263294,14.428642358091338,14.433175845212313,14.447467950764162,14.481580664417013,14.523648210690824,14.556259521836026,13.898613401504903,13.4821959245296,14.289318886631728,14.040101555110489,"rgba(239, 83, 80, 1.0)",0.0,0.0,0.5427215203478067,14.448152808653841,-2.1523981726488812,0.0,0.0,0.0,0.0,0.0,0.0,0.0,0.0,26.15410773062552,-27.963297436960318,False,True,False,True,True,0.0,0,0.9162094763092268,1.0109725685785538,False,False,False,False,-0.32561552483472717,-0.32530949428576217,False,False,False,False,152776.0,153434.62755731287,False,False,False,False,4284.092502050623,False,False,False,False
2025-10-14 14:00:00+00:00,13.305,13.32,13.23,13.25,1203.0,,,,13.84891507088543,14.436472552899456,14.49970214021019,14.49905045765277,14.512123422108496,14.60870985685874,14.567559096441867,,13.323161296784235,13.593567156311142,13.935889222627479,14.421493073314103,14.427327012045179,14.442157377706994,14.478030113837878,14.521674162178055,14.554409312465637,13.898412464015191,13.482142375538684,14.27968603024466,14.039822269941618,"rgba(239, 83, 80, 1.0)",0.0,0.0,0.5581133114954844,14.445141836687464,-2.141396401180683,0.0,0.0,0.0,0.0,0.0,0.0,0.0,0.0,27.028598270047134,-26.911428680709662,False,True,False,True,True,0.0,0,0.9129024207636636,1.0149737958572498,False,False,False,False,-0.3301267768060746,-0.3277181355459184,False,False,False,False,151573.0,153405.76511456384,False,False,False,False,4236.323626049838,False,False,False,False
2025-10-14 15:00:00+00:00,13.25,13.315,13.23,13.29,1156.0,,,,13.84102643528319,14.431134654641724,14.495592982905453,14.496076343005035,14.510142126580565,14.60709006091246,14.566100150885969,,13.321994732339832,13.588121531825019,13.92783490152864,14.414774074639007,14.421817622480498,14.437149297826352,14.474670449021374,14.519800650442528,14.552652446371184,13.89822306088838,13.482093728429401,14.270703616047179,14.039558132935896,"rgba(239, 83, 80, 1.0)",0.0,0.0,0.5712699776702566,14.44232641781874,-2.0171310638765543,0.0,0.0,0.0,0.0,0.0,0.0,0.0,0.0,28.916835455307556,-24.94089207717443,False,True,False,True,True,0.0,0,0.9195085255767302,1.0122868605817454,False,False,False,False,-0.3310305803122513,-0.32937435792908487,False,False,False,False,152729.0,153395.2726321675,False,False,False,False,4188.566670607204,False,False,False,False
2025-10-14 16:00:00+00:00,13.29,13.335,13.225,13.27,1851.0,,,,13.828803394801712,14.422677063915176,14.489061697303029,14.491337744159486,14.5069785977086,14.60450138109109,14.563767920722293,,13.320181531346574,13.57973835109812,13.91530918210759,14.40416295188157,14.413092420394312,14.429208044816932,14.469322488715239,14.516808481172808,14.549845719211183,13.897919212599092,13.4820152457399,14.25662812401986,14.039134650064579,"rgba(239, 83, 80, 1.0)",0.0,0.0,0.5843510915521483,14.437852179693758,-1.9985453891969631,0.0,0.0,0.0,0.0,0.0,0.0,0.0,0.0,29.84874973354897,-23.895188497761993,False,True,False,True,True,0.0,0,0.9187484229119353,1.0184203885944991,False,False,False,False,-0.32832072865441925,-0.32884754329175203,False,False,False,False,150878.0,153356.24514949822,False,False,False,False,4152.32532687686,False,False,False,False
2025-10-14 17:00:00+00:00,13.275,13.335,13.275,13.305,3159.0,,,,13.810132226773339,14.408875507188592,14.478332052050668,14.483521805596398,14.50174036923249,14.600200389050702,14.559894249115795,,13.319211340831849,13.567672139732323,13.895910406562967,14.386947146611137,14.398868442938257,14.41623034608432,14.460519091088955,14.511850954440666,14.545190010517112,13.897424955621862,13.481899903859617,14.234173737675532,14.038439816511216,"rgba(239, 83, 80, 1.0)",0.0,0.0,0.5942058975209172,14.4306640894043,-1.8944007356720554,0.0,0.0,0.0,0.0,0.0,0.0,0.0,0.0,31.739375853746846,-21.971042307582017,False,True,False,True,True,0.0,0,0.9258978249873546,1.011127971674254,False,False,False,False,-0.31932116938772404,-0.32408435633973803,False,False,False,False,154037.0,153366.7994882657,False,False,False,False,4136.924934212103,False,False,False,False
2025-10-14 18:00:00+00:00,13.3,13.34,13.27,13.305,4384.0,,,,13.786322194386807,14.390277203446502,14.463759843207463,14.47284408447706,14.494546047095417,14.594278509677626,14.554557775156592,,13.318053645755908,13.552582053499668,13.87094605056054,14.363929898968333,14.379723124933461,14.398708752343822,14.448520181372588,14.505037820450076,14.538786308206491,13.896740398921976,13.48174008341674,14.204712000231444,14.037477716109281,"rgba(239, 83, 80, 1.0)",0.0,0.0,0.6037569838068018,14.42089647000059,-1.8482543472452322,0.0,0.0,0.0,0.0,0.0,0.0,0.0,0.0,32.9997932672121,-20.66679706422159,False,True,False,True,True,0.0,0,0.9266802443991852,1.014256619144603,False,False,False,False,-0.31932116938772404,-0.321702762863731,False,False,False,False,154037.0,153377.190193874,False,False,False,False,4140.755555387109,False,False,False,False
2025-10-14 19:00:00+00:00,13.305,13.33,13.17,13.265,9831.0,,,,13.735529408714033,14.348946162933228,14.431007550033437,14.448593372115162,14.478058190183932,14.580686286250117,14.542282022752248,,13.308314296039091,13.518620743028066,13.817642244933294,14.313435978786966,14.337246421908153,14.359649739868296,14.421360503434641,14.489410658765623,14.524091531120344,13.895081810165923,13.481281644782111,14.141667206860463,14.035182733503309,"rgba(239, 83, 80, 1.0)",0.0,0.0,0.6133759263510586,14.398368892791044,-1.847755746681152,0.0,0.0,0.0,0.0,0.0,0.0,0.0,0.0,32.95632210485397,-20.539901918425272,False,True,False,True,True,0.0,0,0.9166243009659379,1.016268429079817,False,False,False,False,-0.33918854351188527,-0.33044565318780816,False,False,False,False,144206.0,153235.00119862013,False,False,False,False,4228.976399489635,False,False,False,False
2025-10-15 14:00:00+00:00,13.27,13.365,13.18,13.255,3088.0,,,,13.721860921775582,14.336709717772694,14.421181458930013,14.441246626676598,14.4730179072529,14.57651068727663,14.538508341835636,,13.306387153168004,13.509901416921622,13.803061499655785,14.298675581715703,14.324695310156834,14.348049555200403,14.413165520205368,14.484627992834119,14.519586754807076,13.894572064960744,13.4811454323318,14.123794815995627,14.034475374234498,"rgba(239, 83, 80, 1.0)",0.0,0.0,0.6231676708125505,14.391688766349432,-1.8240496411941571,0.0,0.0,0.0,0.0,0.0,0.0,0.0,0.0,32.702067864006565,-20.539901918425272,False,True,False,True,True,0.0,0,0.9170694479776137,1.018061561943526,False,False,False,False,-0.3310305803122513,-0.33073811675002973,False,False,False,False,141118.0,153047.1407149206,False,False,False,False,4211.2868429084,False,False,False,False
2025-10-15 15:00:00+00:00,13.255,13.29,13.16,13.18,4381.0,,,,13.701531634438433,14.318922299577906,14.406851763333357,14.430483650623573,14.465606173853207,14.570377695299053,14.532955865012555,,13.30044935973152,13.495866163882122,13.781601167368745,14.277323554516938,14.306458398685487,14.33116778290941,14.401171863623118,14.477593859485577,14.512964289960394,13.893785160259144,13.480901502928692,14.098060487430683,14.03340016247128,"rgba(239, 83, 80, 1.0)",0.0,0.0,0.6336562713887276,14.381717340666597,-1.8964814126007172,0.0,0.0,0.0,0.0,0.0,0.0,0.0,0.0,30.9461200880761,-20.539901918425272,False,True,False,True,False,0.0,0,0.9170483460559795,1.0175572519083973,False,False,False,False,-0.34282825441539394,-0.3367831855827118,False,False,False,False,136737.0,152794.27031623965,False,False,False,False,4213.918054646254,False,False,False,False
2025-10-15 16:00:00+00:00,13.19,13.26,13.17,13.23,2922.0,,,,13.689105176235774,14.307471763399755,14.397559583618017,14.423467022288877,14.460749918721309,14.566347524068856,14.529306052107335,,13.29727432759754,13.487515935663428,13.768366453749708,14.263671084184725,14.294730995707456,14.320281797414767,14.393370538640621,14.472981969646376,14.508618021514824,13.893268983397206,13.480745049570139,14.081871721582136,14.032693275555168,"rgba(239, 83, 80, 1.0)",0.0,0.0,0.6425676814353651,14.375302624564787,-1.7823844205896167,0.0,0.0,0.0,0.0,0.0,0.0,0.0,0.0,32.18974486711254,-20.539901918425272,False,True,False,True,False,0.0,1,0.918877551020408,1.017857142857143,False,False,False,False,-0.34282825441539394,-0.33980571999905285,False,False,False,False,139659.0,152590.6227144375,False,False,False,False,4193.8883173649165,False,False,False,False
2025-10-15 17:00:00+00:00,13.23,13.31,13.16,13.27,3180.0,,,,13.677018873111189,14.295577316812876,14.387836182733562,14.416089879939731,14.455620391616028,14.562075086078233,14.525437396497072,,13.295190197449646,13.479834961322714,13.75532108745112,14.249577784459666,14.28256208878276,14.308955766470497,14.38518696559617,14.468107159137586,14.504018277453715,13.892730342501322,13.480592386780843,14.065443084301377,14.031950565523637,"rgba(239, 83, 80, 1.0)",0.0,0.0,0.6513084543460951,14.368678830594115,-1.6868794244305865,0.0,0.0,0.0,0.0,0.0,0.0,0.0,0.0,34.813569944118925,-18.391399290190865,False,False,False,True,True,0.0,1,0.9172606924643583,1.0150203665987778,False,False,False,False,-0.3356456079591989,-0.33772566397912585,False,False,False,False,142839.0,152439.4347653764,False,False,False,False,4178.16911864608,False,False,False,False
2025-10-15 18:00:00+00:00,13.27,13.275,13.23,13.255,5253.0,,,,13.658725403166152,14.27662388369031,14.372220894646372,14.404172513524518,14.447287479724991,14.555113235557705,14.519130728379693,,13.292524119589514,13.46849984598334,13.73540836951734,14.22728283112298,14.26319318609275,14.29087507730365,14.371999166006784,14.460182349977655,14.496532926053952,13.891851692857188,13.480347815347638,14.03988570304559,14.030737151550502,"rgba(239, 83, 80, 1.0)",0.0,0.0,0.6603207110498951,14.358083689968092,-1.6705271718862384,0.0,0.0,0.0,0.0,0.0,0.0,0.0,0.0,36.114042555897484,-17.154264896684587,False,False,False,True,True,0.0,1,0.9205942622950818,1.0194672131147537,False,False,False,False,-0.32938808729566044,-0.3335568756373931,False,False,False,False,137586.0,152209.1489550605,False,False,False,False,4194.833163318234,False,False,False,False
2025-10-15 19:00:00+00:00,13.255,13.32,13.225,13.265,11618.0,,,,13.624840261104445,14.23770284002099,14.339658704286663,14.379032826220785,14.429513350140121,14.540169594752165,14.505582791645544,,13.289742867568652,13.448718817457934,13.69787017302704,14.182136302316106,14.223506859774446,14.253614030182414,14.344314612475424,14.443254200858503,14.480509461246443,13.889967445159172,13.47984834001529,13.98978666420219,14.028124092343282,"rgba(239, 83, 80, 1.0)",0.0,0.0,0.668799011001897,14.336140848507622,-1.6015885653045367,0.0,0.0,0.0,0.0,0.0,0.0,0.0,0.0,37.483228263136205,-15.831801921760714,False,False,False,True,True,0.0,1,0.9172007177646753,1.0174314278390155,False,False,False,False,-0.3222669692139849,-0.327911922425689,False,False,False,False,149204.0,152162.55749839288,False,False,False,False,4309.921021251284,False,False,False,False
2025-10-16 14:00:00+00:00,13.285,13.305,13.195,13.215,717.0,,,,13.62277211430107,14.235323831215112,14.33765442925202,14.377474544053886,14.42840451612707,14.539236023179846,14.50473512602784,,13.289354066901534,13.44743285138645,13.695594075250995,14.179397308659562,14.221083387655675,14.251332221616211,14.34260255236647,14.442197477679342,14.479508774433189,13.889845613106422,13.479812952969718,13.986780917952549,14.027956705082659,"rgba(239, 83, 80, 1.0)",0.0,0.0,0.6775048086661564,14.33477285849265,-1.6527895362059692,0.0,0.0,0.0,0.0,0.0,0.0,0.0,0.0,36.7672576886478,-15.831801921760714,False,False,False,True,True,0.0,1,0.9173935351462287,1.017188301693176,False,False,False,False,-0.33028048545483446,-0.32909620394026173,False,False,False,False,148487.0,152105.5721108209,False,False,False,False,4254.216819371419,False,False,False,False
2025-10-16 15:00:00+00:00,13.22,13.345,13.22,13.3,258.0,,,,13.622129417898778,14.234513347531186,14.336967730398406,14.376939430237083,14.428022768617112,14.538913319974561,14.504442417391369,,13.289351296670315,13.447083687762277,13.694869521944407,14.178467773455923,14.220258477074534,14.250554062631805,14.342015628910996,14.441833461317097,14.47916357871113,13.889805148661933,13.479802858107544,13.98577708825408,14.027900303873928,"rgba(239, 83, 80, 1.0)",0.0,0.0,0.684192184949482,14.334312971589629,-1.5117287135719004,0.0,0.0,0.0,0.0,0.0,0.0,0.0,0.0,40.35378492397999,-13.137534215029419,True,False,False,True,True,0.0,1,0.9191893278604412,1.0143663417136992,False,False,False,False,-0.31871826506144013,-0.3239072345008509,False,False,False,False,148745.0,152053.4702176299,False,False,False,False,4192.259969458683,False,False,False,False
2025-10-16 16:00:00+00:00,13.3,13.33,13.18,13.265,1290.0,,,,13.61866712162013,14.230353819288462,14.33344983073387,14.374198212163293,14.42606771660004,14.537263651633442,14.502944932898847,,13.288936024105556,13.445034988080213,13.691020575316003,14.173693372269504,14.216023640185925,14.24656133477242,14.339007511953273,14.43996957236908,14.477397190595985,13.889592820789781,13.479744493798243,13.980586866664453,14.027606992670629,"rgba(239, 83, 80, 1.0)",0.0,0.0,0.6910636337892098,14.331929108215306,-1.5438941597391926,0.0,0.0,0.0,0.0,0.0,0.0,0.0,0.0,41.472336388744,-12.12391508662337,True,False,False,True,True,0.0,1,0.9126313092492951,1.0204970535485522,False,False,False,False,-0.3284961952970886,-0.32620171489896976,False,False,False,False,147455.0,151982.17610572866,False,False,False,False,4147.2636908624245,False,False,False,False
2025-10-16 17:00:00+00:00,13.265,13.27,13.19,13.22,1335.0,,,,13.61484391437756,14.225947325092053,14.32972677175671,14.371295375535613,14.423996654292717,14.53551874556829,14.501359662222074,,13.288085062460123,13.442609379983637,13.686821849551512,14.168635177324257,14.211536539461122,14.24233169415373,14.335821287342206,14.437995308191436,14.475527213208016,13.889362221137123,13.479675491969294,13.975060897383104,14.027291199538327,"rgba(239, 83, 80, 1.0)",0.0,0.0,0.6984982410806736,14.329377288595643,-1.5882320431892305,0.0,0.0,0.0,0.0,0.0,0.0,0.0,0.0,40.70152461223647,-12.12391508662337,True,False,False,True,True,0.0,1,0.9131774980734654,1.0246596455175958,False,False,False,False,-0.3374381160704685,-0.3318199154847191,False,False,False,False,146120.0,151891.28965447706,False,False,False,False,4103.6627034071935,False,False,False,False
2025-10-16 18:00:00+00:00,13.215,13.24,13.13,13.185,2022.0,,,,13.608586665418787,14.219071178031651,14.323924046348845,14.366767547684574,14.420764705932937,14.532800876645576,14.498887845685083,,13.285994641179679,13.438347053223902,13.680042149689868,14.160741704998099,14.204533057781525,14.235731755631086,14.330850030870586,14.434914842766213,14.47261141603738,13.888991317848435,13.47955385345712,13.966386311104351,14.026788503576492,"rgba(239, 83, 80, 1.0)",0.0,0.0,0.7060563295803979,14.261451559881758,-1.5245972803918941,0.0,0.0,0.0,0.0,0.0,0.0,0.0,0.0,39.098053379606526,-12.12391508662337,True,False,False,True,False,0.0,1,0.9119157678479711,1.0231124807395995,True,False,False,False,-0.34282825441539394,-0.3373240849500565,False,False,False,False,144098.0,151770.46345828363,False,False,False,False,4071.388863044291,False,False,False,False
2025-10-16 19:00:00+00:00,13.185,13.335,13.165,13.335,5300.0,,,,13.596448535156705,14.203059955919645,14.310213518626641,14.355986258393045,14.413006526986917,14.52621828134029,14.492909772349293,,13.285607968054144,13.431695867677854,13.666303197496214,14.142563205568228,14.188261048037345,14.220319441364879,14.319066045182577,14.427509448200894,14.465580273203036,13.888149615838397,13.479336370904837,13.947138448600134,14.025619475933356,"rgba(239, 83, 80, 1.0)",0.0,0.0,0.7110740322071135,14.255873449270197,-1.2950458145854142,0.0,0.0,0.0,0.0,0.0,0.0,0.0,0.0,44.16143964144672,-9.824440306585146,True,False,False,True,True,0.0,1,0.913577090258246,1.0176425466632575,False,False,False,False,-0.31993605735669495,-0.3286300711533757,False,False,False,False,149398.0,151733.68107908545,False,False,False,False,4090.437097725775,False,False,False,False
2025-10-17 14:00:00+00:00,13.35,13.485,13.33,13.355,954.0,,,,13.595091705934768,14.2005766942528,14.308046664297123,14.354267011181175,14.411757562649884,14.525146115419854,14.491938292407811,,13.286547806665727,13.431386218385347,13.664612619372885,14.139782875008548,14.185744630113657,14.217920408255978,14.317197481256287,14.426315085359255,14.464441661081443,13.888026053848845,13.479318994157651,13.944347094648647,14.025440824458421,"rgba(239, 83, 80, 1.0)",0.0,0.0,0.7156674135706134,14.255315667316676,-1.2580084690803706,0.0,0.0,0.0,0.0,0.0,0.0,0.0,0.0,48.16585045338464,-6.299442357867228,True,False,False,False,True,0.0,1,0.9349127831293934,1.017703722988805,False,False,False,False,-0.26573596113786635,-0.29718301614562104,False,False,False,False,150352.0,151712.2596670066,False,False,False,False,4041.810165978088,False,False,False,False
2025-10-17 15:00:00+00:00,13.36,13.45,13.34,13.425,5371.0,,,,13.58830898554191,14.187127865938994,14.296231536313503,14.34484957883181,14.404884846659213,14.519226676335117,14.486574683000807,,13.292262101506555,13.430327275987805,13.655967449934904,14.124810915018294,14.17212976190476,14.204908584558165,14.306984158418587,14.419738429622585,14.458164892375084,13.887352462701713,13.479237697732438,13.929551027322624,14.024460590215527,"rgba(239, 83, 80, 1.0)",0.0,0.0,0.718792236518512,14.25066918676583,-1.148689627986215,0.0,0.0,0.0,0.0,0.0,0.0,0.0,0.0,52.87744373051255,-2.1872209284628354,True,False,True,False,True,0.0,1,0.9328806476886912,1.0044398015147558,False,False,False,False,-0.26997846134689024,-0.28358073874625567,False,False,False,False,155723.0,151774.44168767318,False,False,False,False,4062.4177603040093,False,False,False,False
2025-10-17 16:00:00+00:00,13.425,13.425,13.275,13.295,930.0,,,,13.586733110167685,14.184631195814084,14.294051294265948,14.343112120558365,14.403617760157006,14.518141020852049,14.485588729285352,,13.29258852487248,13.429646413677446,13.654108248058199,14.122022418885743,14.169599639616308,14.202495066659534,14.305096989140816,14.418526585582187,14.457010450448065,13.88721831660145,13.47920975182074,13.9267244239522,14.024271119288965,"rgba(239, 83, 80, 1.0)",0.0,0.0,0.7229842620992861,14.249295538919785,-1.3199395739941207,0.0,0.0,0.0,0.0,0.0,0.0,0.0,0.0,51.32452917485321,-2.1872209284628354,True,False,True,False,True,0.0,1,0.927551560021153,1.0230037017451086,False,False,False,False,-0.28533155213259087,-0.28445614543942327,False,False,False,False,154793.0,151821.24104135265,False,False,False,False,4013.853143865187,False,False,False,False
2025-10-17 17:00:00+00:00,13.285,13.395,13.285,13.33,876.0,,,,13.585295088173062,14.182306493037732,14.292017264949383,14.34148905154729,14.402432534051577,14.517124519153644,14.484665580363503,,13.292929799131478,13.429045916336129,13.652403247167317,14.119430212258223,14.16724445835996,14.200246841671557,14.303335160902202,14.417392812850165,14.455930024457858,13.887093155539457,13.479184329978368,13.924108448470736,14.024094032369328,"rgba(239, 83, 80, 1.0)",0.0,0.0,0.7268240489954945,14.24802699484707,-1.2630663447581667,0.0,0.0,0.0,0.0,0.0,0.0,0.0,0.0,51.39521362776533,-2.1872209284628354,True,False,False,False,True,0.0,1,0.932113497745956,1.0198886237072398,False,False,False,False,-0.2887609732691955,-0.2866085593543094,False,False,False,False,155669.0,151880.8962190061,False,False,False,False,3965.2042579137888,False,False,False,False
2025-10-17 18:00:00+00:00,13.33,13.34,13.22,13.225,759.0,,,,13.583690602165149,14.180124834395388,14.290124072612594,14.339982339257833,14.401335618781207,14.516189328860662,14.48381475055171,,13.292721471570344,13.428114511316231,13.650593298953348,14.116984146068074,14.165031287062826,14.198139955814636,14.301695785720254,14.416344349103776,14.454932970273212,13.886969987061265,13.47915072327118,13.921573556374536,14.023923939131006,"rgba(239, 83, 80, 1.0)",0.0,0.0,0.731012459686033,14.246629698668247,-1.3975544262365016,0.0,0.0,0.0,0.0,0.0,0.0,0.0,0.0,48.38789152642268,-2.1872209284628354,True,False,False,False,False,0.0,1,0.921949920085242,1.031433137986148,False,False,False,False,-0.3094801247752273,-0.2980443420647684,False,False,False,False,154910.0,151927.85906832383,False,False,False,False,3915.4956647678387,False,False,False,False
2025-10-17 19:00:00+00:00,13.225,13.355,13.17,13.32,4350.0,,,,13.575345915744638,14.168086019120608,14.279614979509438,14.331586164173533,14.395199031866259,14.510941323594704,14.479040624116532,,13.292314807767662,13.423588318045855,13.641052376564316,14.10355157622605,14.152829149664724,14.186499090433935,14.292577584016094,14.410475319629779,14.449345828854092,13.886287563616449,13.478976009730713,13.907840903671616,14.022976097935967,"rgba(239, 83, 80, 1.0)",0.0,0.0,0.7338124131259066,14.239307235649264,-1.2527823449227071,0.0,0.0,0.0,0.0,0.0,0.0,0.0,0.0,49.326659131668436,-2.1872209284628354,True,False,False,False,False,0.0,1,0.9107048224695282,1.0331213566507689,False,False,False,False,-0.31557131206248396,-0.3068078270636262,False,False,False,False,159260.0,152041.5356719157,False,False,False,False,3922.2321660892676,False,False,False,False
2025-10-20 14:00:00+00:00,13.415,13.47,13.38,13.42,10499.0,,,13.423333333333336,13.565842696740724,14.144754997911322,14.258606487399328,14.314521630980398,14.382510978942392,14.499895628784257,14.469017681722958,,13.302998796116508,13.42357061784554,13.628261212209393,14.078137312816713,14.129293049264424,14.16379892530999,14.274219524248235,14.398303824553894,14.437687365684203,13.885031251704294,13.47885745063813,13.88398118181221,14.02113364698106,"rgba(239, 83, 80, 1.0)",0.0,0.0,0.7347876018413957,14.22806009070089,-1.0997192776196432,0.0,0.0,0.0,0.0,0.0,0.0,0.0,0.0,52.450832351521996,-2.1872209284628354,True,False,True,False,True,0.0,1,0.9263101888800213,1.0260707635009314,False,False,False,False,-0.25981208834889946,-0.2833099577062628,False,False,False,False,169759.0,152316.22504134336,False,False,False,False,4024.197558863077,False,False,False,False
2025-10-20 15:00:00+00:00,13.425,13.45,13.385,13.425,2716.0,,,13.422648253247575,13.563521615482133,14.13892874479068,14.253317523641002,14.31019495263757,14.379271225391106,14.497065900365397,14.466447575817167,,13.305415963062696,13.423507629588252,13.625143378164854,14.071837172745342,14.123422083726979,14.15811931497632,14.269577899906231,14.395193277094489,14.43470466179412,13.884705025667518,13.47882502632271,13.878144724288372,14.020656215399754,"rgba(239, 83, 80, 1.0)",0.0,0.0,0.7335600161522626,14.225006584481807,-1.090580957067529,0.0,0.0,0.0,0.0,0.0,0.0,0.0,0.0,54.65154116957289,-0.8593934916020345,True,False,True,False,True,0.0,1,0.9273504273504272,1.0216346153846156,False,False,False,False,-0.2623486847325526,-0.2728293212194077,False,False,False,False,172475.0,152628.7641879892,False,False,False,False,4003.9154261675253,False,False,False,False
2025-10-20 16:00:00+00:00,13.425,13.435,13.38,13.425,4015.0,,,13.420477655252467,13.560069396735981,14.130407210127016,14.245558465889655,14.303827719779703,14.374488717780496,14.492884114089033,14.462647175052124,,13.308614110711716,13.423249048912181,13.620557311187213,14.062648661923939,14.114838464124604,14.149805977742625,14.262754834578068,14.390599902046336,14.43029852849742,13.884216704423872,13.478771734836211,13.869659177886195,14.019944008889336,"rgba(239, 83, 80, 1.0)",0.0,0.0,0.7330873440825899,14.220387743073724,-1.0849835964213763,0.0,0.0,0.0,0.0,0.0,0.0,0.0,0.0,56.11868038160682,0.6599598718945572,True,False,True,False,True,0.0,0,0.935092916778885,1.0169674117963914,False,False,False,False,-0.26573596113786563,-0.26928264117863665,False,False,False,False,172475.0,152936.45776646998,False,False,False,False,4004.087280025393,False,False,False,False
2025-10-20 17:00:00+00:00,13.425,13.625,13.425,13.62,4519.0,,,13.448774962833541,13.559983583624925,14.122922197523025,14.238469975279516,14.297904746033279,14.369956522503358,14.488835642043401,14.458982215856533,,13.316620892857147,13.426959381564263,13.619037354657799,14.054824983405071,14.107346191851025,14.142446698881631,14.2564783039454,14.386231831311102,14.426077137039327,13.88383522556679,13.478843010298078,13.863357436911889,14.01933333226379,"rgba(38, 166, 154, 1.0)",0.0,0.0,0.7324164435939836,14.217231682926002,-0.8154263713624091,0.0,0.0,0.0,0.0,0.0,0.0,0.0,0.0,61.15278224773006,5.44241742873006,True,False,True,False,True,0.0,0,0.9389784946236557,1.0075268817204306,False,False,False,False,-0.22628794402221114,-0.2477852926004239,False,False,False,False,176994.0,153309.44291737743,False,False,False,False,4012.0704229707353,False,False,False,False
2025-10-20 18:00:00+00:00,13.62,13.655,13.535,13.59,3325.0,,,13.467944484326393,13.560591135389048,14.117887003226437,14.233622360275582,14.293818974036999,14.366802664009002,14.485995429656485,14.456413295550052,,13.323040351183211,13.430295469210774,13.618595165537906,14.049633684390958,14.102319285820032,14.13747913860888,14.252169197135538,14.383187760539036,14.423126970241974,13.883586500764093,13.478920039719313,13.859415660913863,14.018920562257378,"rgba(38, 166, 154, 1.0)",0.0,0.0,0.7314883445402333,14.215176477454358,-0.8546636212601643,0.0,0.0,0.0,0.0,0.0,0.0,0.0,0.0,63.34755616005968,7.485076184642573,True,False,True,False,True,0.0,0,0.9489658877249526,0.9986569970453938,False,False,False,False,-0.2031193170035723,-0.2254523048019981,False,False,False,False,173669.0,153625.09496517,False,False,False,False,4001.418168351034,False,False,False,False
2025-10-20 19:00:00+00:00,13.59,13.65,13.57,13.58,10243.0,,,13.50624458476088,13.562685278854255,14.103149960087936,14.219287152076037,14.281641956080096,14.35732826784751,14.477422516868254,14.44865483649194,,13.341513585729668,13.44016848986732,13.617659294818255,14.034574147826977,14.08762829115177,14.122906418414562,14.239370467231222,14.374033309141138,14.414240619553373,13.882840486334388,13.479170475537572,13.848251728175136,14.017673835364967,"rgba(38, 166, 154, 1.0)",0.0,0.0,0.7308429848253878,14.208589974671199,-0.8600889489571837,0.0,0.0,0.0,0.0,0.0,0.0,0.0,0.0,64.40401672045849,8.573036187911228,True,False,True,False,True,0.0,0,0.9499192245557351,1.00080775444265,False,False,False,False,-0.19818327905503755,-0.21181779192851782,False,False,False,False,163426.0,153777.04698121385,False,False,False,False,4098.186878919235,False,False,False,False
2025-10-21 14:00:00+00:00,13.605,13.83,13.58,13.795,2846.0,,,13.523303985535728,13.565192411577758,14.100262023939463,14.21626189206254,14.278989227620443,14.355199115230414,14.475431890453427,14.446863008896818,,13.348673189953162,13.444858504275892,13.619277528492793,14.03181203132559,14.084785916048766,14.120006042550061,14.236635183992453,14.371964647395277,14.412209258011895,13.88273250580275,13.47931741317348,13.846913557694169,14.017440288512185,"rgba(38, 166, 154, 1.0)",0.0,0.0,0.7293349617881351,14.207717015669086,-0.5658812991183284,0.0,0.0,0.0,0.0,0.0,0.0,0.0,0.0,68.49539885957397,12.508678977853755,True,False,True,False,True,0.0,0,0.9540229885057472,0.9874365143009894,False,False,False,False,-0.16713179546501683,-0.18947479369676734,False,False,False,False,166272.0,153970.7671830555,False,False,False,False,4078.7731288584714,False,False,False,False
2025-10-21 15:00:00+00:00,13.795,13.895,13.78,13.8,2806.0,,,13.543967389977787,13.568866704298994,14.098149430631912,14.213866848314158,14.27682742918558,14.35341666856364,14.473716959455565,14.445327396038676,,13.357067694594484,13.450728526932135,13.622037227380082,14.029948931652742,14.082737610195082,14.117847199040268,14.23444590074653,14.370224467705546,14.410482901196472,13.882690961389837,13.479513057290772,13.8466612084202,14.017283655410386,"rgba(38, 166, 154, 1.0)",0.0,0.0,0.7268872609215989,14.207461172740356,-0.5605562164120843,0.0,0.0,0.0,0.0,0.0,0.0,0.0,0.0,71.28422367203692,15.158416920868532,True,False,True,False,True,0.0,0,0.9672658975046953,0.9849745103300243,False,False,False,False,-0.12433741456971693,-0.15690610413324213,False,False,False,False,169078.0,154204.9878468841,False,False,False,False,4059.0402121319835,False,False,False,False
2025-10-21 16:00:00+00:00,13.795,13.87,13.75,13.79,474.0,,,13.546933860965662,13.569425505526647,14.097767707229306,14.213442779488496,14.276446866943957,14.353104456165763,14.473418513627657,14.44505970885373,,13.35839228983765,13.451645891651571,13.622447125658251,14.02960459728847,14.082365968118204,14.117458884020902,14.23405892760879,14.369919964522682,14.410181525375151,13.882681316022257,13.4795440131231,13.846577087651173,14.017254242942869,"rgba(38, 166, 154, 1.0)",0.0,0.0,0.724144272868289,14.207382773215347,-0.5763806866304712,0.0,0.0,0.0,0.0,0.0,0.0,0.0,0.0,72.6972574534764,16.58616399776396,True,False,True,False,True,0.0,0,0.9618093174431199,1.0008125677139765,False,False,False,False,-0.13317702088825994,-0.14504156251075104,False,False,False,False,168604.0,154428.228345382,False,False,False,False,4003.4581933392396,False,False,False,False
2025-10-21 17:00:00+00:00,13.785,13.935,13.77,13.895,1760.0,,,13.55995910777801,13.572032819158219,14.096661972647825,14.212117801450615,14.27522759022545,14.352081471789566,14.472417199727703,14.444165617089748,,13.363932957168402,13.455616734619914,13.624480286144964,14.028690476190475,14.08130589638052,14.116314408887645,14.232838507359014,14.368918241156047,14.409181620337897,13.882674091886274,13.479681375321118,13.846720875253826,14.017177414796244,"rgba(38, 166, 154, 1.0)",0.0,0.0,0.7181538330524622,14.20736455587886,-0.4349549379290735,0.0,0.0,0.0,0.0,0.0,0.0,0.0,0.0,75.0313195450799,18.940680127527415,True,False,True,False,True,0.45049668407287413,0,0.9564982437179137,0.9994596055120238,False,False,False,False,-0.11952403338901443,-0.13228279794988274,False,False,False,False,170364.0,154675.29457258538,False,False,False,False,3968.6758957680886,False,False,False,False
2025-10-21 18:00:00+00:00,13.895,14.075,13.895,14.015,2243.0,,,13.581430672299726,13.576708873861445,14.096045826161596,14.211065689582908,14.274168982448339,14.351126999770393,14.47141521439098,14.443282481458139,,13.3725799291781,13.462114490519694,13.628370161306684,14.02845130371941,14.080768701385555,14.115612948989948,14.231835870911473,14.36797210392823,14.408212812330536,13.882738629874328,13.479914299592021,13.848061180626917,14.01716300438246,"rgba(38, 166, 154, 1.0)",0.0,0.0,0.7110759706501497,14.20803295072895,-0.2714660018007007,0.0,0.0,0.0,0.0,0.0,0.0,0.0,0.0,77.80471885470081,21.693455667310715,True,False,True,False,True,2.7194125076416,0,0.9661016949152541,0.988162496637073,False,False,False,False,-0.07721899497962256,-0.10475089646475265,False,False,False,False,172607.0,154953.30550944453,False,False,False,False,3941.9212307174203,False,False,False,False
2025-10-21 19:00:00+00:00,14.015,14.015,13.89,13.895,7854.0,,,13.633285146966855,13.589999667840301,14.092664494369933,14.206431782260665,14.269719353973642,14.347252876453767,14.467489729039857,14.43979566030065,,13.398252511886653,13.481186946117864,13.63918337434069,14.02614421361564,14.077623915375527,14.111995644787854,14.227493698175476,14.364154976877598,14.404354926797781,13.882840214808018,13.480630795077953,13.850677313843674,14.016972704764848,"rgba(38, 166, 154, 1.0)",0.0,0.0,0.7031533670954545,14.208687353962432,-0.44611512742688586,0.0,0.0,0.0,0.0,0.0,0.0,0.0,0.0,74.97703420622597,21.693455667310715,True,False,True,False,False,0.37844843908500536,0,0.9669176976869281,0.9913932221624531,False,False,False,False,-0.08756444578071951,-0.09615767112273607,False,False,False,False,164753.0,155105.23875736012,False,False,False,False,4002.573614737305,False,False,False,False
2025-10-22 14:00:00+00:00,13.88,13.92,13.77,13.845,1213.0,,,13.637996135478389,13.591459012526247,14.09187215924576,14.205502817089423,14.268864728329175,14.346534615256134,14.466789148555565,14.439168205979144,,13.401389187948109,13.483447036430059,13.640304323554155,14.025468173436465,14.07686010535206,14.111179829245849,14.22663630769344,14.363451764651572,14.403653990187882,13.88282848440071,13.48071969866879,13.850650539891864,14.016912432523332,"rgba(38, 166, 154, 1.0)",0.0,0.0,0.6937043013112113,14.20847813748762,-0.5239669651760681,0.0,0.0,0.0,0.0,0.0,0.0,0.0,0.0,71.40206509723333,27.708802108103825,True,False,True,False,False,0.0,0,0.9599999999999997,0.9967785234899331,False,False,False,False,-0.12193002121910204,-0.10904384617091906,False,False,False,False,163540.0,155236.01024949405,False,False,False,False,3959.324411408044,False,False,False,False
2025-10-22 15:00:00+00:00,13.835,14.0,13.785,13.945,520.0,,,13.640566266300825,13.592238592775626,14.091623067859974,14.205177580795027,14.268555433457252,14.346267157599138,14.466520645230693,14.438929009791513,,13.402915454783288,13.484579979228386,13.640932539860303,14.025283731950614,14.076625566295805,14.110916653249614,14.226332330852049,14.363188610079392,14.403388942981307,13.882832094824602,13.480764595502801,13.85077028334342,14.016896371865517,"rgba(38, 166, 154, 1.0)",0.0,0.0,0.6834591929797181,14.208467674314807,-0.38549144853279554,0.0,0.0,0.0,0.0,0.0,0.0,0.0,0.0,70.70241466154285,26.918979506544318,True,False,True,False,False,1.3264779919991447,0,0.959058067968959,0.9965212737489968,False,False,False,False,-0.1067146404530913,-0.10787924331200519,False,False,False,False,164060.0,155372.81629213755,False,False,False,False,3906.001552316446,False,False,False,False
2025-10-22 16:00:00+00:00,13.945,13.945,13.715,13.865,721.0,,,13.643166857983283,13.593082124742809,14.091149300945949,14.204623689545812,14.268045903276715,14.345838858503065,14.46610312350657,14.438554911729744,,13.404733446356909,13.485890199032067,13.64157877111436,14.024877961440108,14.076168540305954,14.110429166928247,14.225820981838583,14.362769300279258,14.40297108282743,13.882824512037141,13.480816923375372,13.850744887207087,14.016859880986907,"rgba(38, 166, 154, 1.0)",0.0,0.0,0.6707288492298578,14.208331285607816,-0.5118779160938649,0.0,0.0,0.0,0.0,0.0,0.0,0.0,0.0,67.62975286003478,23.84721110523084,True,False,True,False,False,0.0,0,0.9498111171073926,1.0118726389638422,False,False,False,False,-0.12674624260191972,-0.11731274295696245,False,False,False,False,163339.0,155496.32301629047,False,False,False,False,3856.621683288284,False,False,False,False
2025-10-22 17:00:00+00:00,13.84,13.895,13.73,13.775,1566.0,,,13.647451587578507,13.59459092701068,14.089955619378246,14.203289001041954,14.266835651595757,14.34483442654157,14.46513780936931,14.437687381452875,,13.408259013922196,13.488373681632982,13.642678816095781,14.023803746262026,14.075006693800065,14.109213201397733,14.22459505254533,14.361788249311576,14.401998422597034,13.882791388408634,13.480917408854411,13.85043926918161,14.01676183814123,"rgba(38, 166, 154, 1.0)",0.0,0.0,0.6537407949845628,14.207870129421034,-0.6621433643761744,0.0,0.0,0.0,0.0,0.0,0.0,0.0,0.0,63.02057497781013,19.450824457545338,True,False,True,False,False,0.0,0,0.9522396114409064,1.0126821370750136,False,False,False,False,-0.13237258523068282,-0.12484266409382264,False,False,False,False,161773.0,155593.63583774332,False,False,False,False,3821.1081688186982,False,False,False,False
2025-10-22 18:00:00+00:00,13.775,13.9,13.74,13.85,2751.0,,,13.655811539678048,13.597568267950273,14.088096727768653,14.201138382837799,14.264860338792118,14.343175524120857,14.463524975000384,14.436240509239626,,13.414765274802514,13.493053610732106,13.644936261367823,14.022190962349004,14.073209257590063,14.107305038977302,14.222609424406825,14.36016468013953,14.400382094989615,13.882754325804653,13.481110361330133,13.850225285737844,14.016613627672397,"rgba(38, 166, 154, 1.0)",0.0,0.0,0.6291123590904751,14.207232320250204,-0.5678354829440408,0.0,0.0,0.0,0.0,0.0,0.0,0.0,0.0,61.562467686882314,18.017504306625952,True,False,True,False,False,0.0,0,0.9554054054054049,1.011081081081081,False,False,False,False,-0.1299602956303558,-0.12740147986208922,False,False,False,False,164524.0,155732.09109607287,False,False,False,False,3804.5173444959273,False,False,False,False
2025-10-22 19:00:00+00:00,13.85,14.025,13.83,13.97,3773.0,,,13.672704769960111,13.603435260251443,14.086674586320365,14.19910421757343,14.262868327479646,14.34140895931288,14.46171379871459,14.434630748062233,,13.4256826473361,13.501326785309878,13.64976094847784,14.021282287482592,14.071898898772044,14.105766937802775,14.220683792125591,14.358419633755975,14.39861119410468,13.88281099634717,13.481459238060742,13.851519667245684,14.016532144382314,"rgba(38, 166, 154, 1.0)",0.0,0.0,0.603023403546868,14.207280553058549,-0.3934848161164388,0.0,0.0,0.0,0.0,0.0,0.0,0.0,0.0,62.77899494392342,18.017504306625952,True,False,True,False,False,1.8017441938009995,0,0.9627127803296404,1.001891380707917,False,False,False,False,-0.09553511133965832,-0.11146829560087376,False,False,False,False,168297.0,155926.89588528103,False,False,False,False,3804.02870349599,False,False,False,False
2025-10-23 14:00:00+00:00,14.165,14.25,14.135,14.195,1417.0,,14.193333333333335,13.68400908148307,13.60718862491001,14.087062210504179,14.199087276348399,14.262707740148995,14.341164681497895,14.461364436156074,14.434336146217111,,13.43161011269018,13.50608666491916,13.653060110108827,14.022008368823897,14.07235151175596,14.106071259225834,14.220613567947849,14.35816150994195,14.3983139954465,13.882923138815666,13.481661703998574,13.853327213016867,14.01660430586724,"rgba(38, 166, 154, 1.0)",0.0,0.0,0.5826446539639897,14.208092973636294,-0.022471627512955613,0.0,0.0,0.0,0.0,0.0,0.0,0.0,0.0,66.49927211425783,18.017504306625952,True,False,True,False,True,5.75470622524238,0,0.9718800214247453,0.9874129619710766,False,False,False,False,-0.011461594973500454,-0.06146494528718711,False,False,False,False,169714.0,156140.64943744722,False,False,False,False,3767.020506542564,False,False,False,False
2025-10-23 15:00:00+00:00,14.2,14.35,14.185,14.34,2012.0,,14.251031398852922,13.702182896555826,13.61331714245452,14.088112604636052,14.199471574572087,14.262802391461262,14.341049008960871,14.461051354421125,14.43408924696778,,13.440937389951348,13.513684910104796,13.65851657055012,14.02361458968605,14.073506079904828,14.106982603772112,14.220871664837196,14.358014210867807,14.398095208720154,13.883132628980318,13.481988682528353,13.856593992463415,14.016763621340232,"rgba(38, 166, 154, 1.0)",0.0,0.0,0.5658420974788853,14.209656359115721,0.23035338209197612,0.0,0.0,0.0,0.0,0.0,0.0,0.0,0.0,70.31633306379435,13.787384951698947,True,False,True,False,True,8.129447127631924,0,0.9748864547154685,0.9820999198503874,False,False,False,False,0.012252093643336891,-0.02460642582192511,False,False,False,False,171726.0,156382.2827795023,False,False,False,False,3739.81088628609,False,False,False,False
2025-10-23 16:00:00+00:00,14.34,14.355,14.29,14.33,2970.0,,14.28536281710684,13.728516720527313,13.622600573892296,14.08989428118975,14.200236064204486,14.2631010369968,14.34099383634185,14.460681839658157,14.43381128134382,,13.454867095681209,13.525105384141428,13.666817985472727,14.026241469847083,14.075445379991242,14.108551515092778,14.22142702493358,14.357906608050689,14.397874522516807,13.883466673776825,13.482490718370423,13.861690920903829,14.017026931734827,"rgba(38, 166, 154, 1.0)",0.0,0.0,0.549661648587523,14.212091500782225,0.2145110533375696,0.0,0.0,0.0,0.0,0.0,0.0,0.0,0.0,72.55444745252072,15.964809863619564,True,False,True,False,True,7.929304353620175,0,0.9794705564559696,0.9951377633711508,False,False,False,False,0.02964938640191254,0.002521480289993716,False,False,False,False,168756.0,156574.1233565643,False,False,False,False,3727.87583378553,False,False,False,False
2025-10-23 17:00:00+00:00,14.325,14.41,14.235,14.36,2804.0,,14.300486435582599,13.751797335961779,13.631267226057068,14.091622461158831,14.201006497103146,14.263425497798083,14.340974445594343,14.460360391586688,14.43357414739384,,13.467767871767261,13.53572749936855,13.67458406562433,14.028761463439244,14.077321314114956,14.110079635539256,14.221996036354751,14.357836337923175,14.397695813537334,13.88378871709225,13.482969765106173,13.866503896097615,14.017283171123431,"rgba(38, 166, 154, 1.0)",0.0,0.0,0.5423873902305502,14.214351185652443,0.26853281800236134,0.0,0.0,0.0,0.0,1.0,14.36,14.355,833.0,74.33975198901055,17.796328184860783,True,False,True,False,True,8.420013221412503,0,0.9723876556578233,0.9978343259339472,False,False,False,False,0.02964938640191254,0.01608543334595313,False,False,False,False,171560.0,156806.46252933072,False,False,False,False,3713.55217744777,False,False,False,False
2025-10-23 18:00:00+00:00,14.36,14.435,14.36,14.365,2530.0,,14.31906957584022,13.77305009019499,13.639468963188984,14.093487599258404,14.201959266809325,14.26392527124477,14.341107432413514,14.460190719560465,14.433472795366866,,13.479762082877604,13.545679590182626,13.681974147667455,14.031377865617214,14.079325564501534,14.111753522721475,14.222737083481555,14.357915917501652,14.397667600895538,13.884112124671487,13.483427721298783,13.871233056390057,14.01755155714146,"rgba(38, 166, 154, 1.0)",0.0,0.0,0.5370889838533303,14.216595653145182,0.2763124013270483,0.0,0.0,0.0,0.0,0.0,0.0,0.0,0.0,75.58245268451508,19.206072585221733,True,False,True,False,True,8.50275358623026,0,0.9854874041621029,0.9937020810514785,False,False,False,False,0.05340398633470585,0.034744709840329485,False,False,False,False,174090.0,157074.4243505814,False,False,False,False,3695.2025312857895,False,False,False,False
2025-10-23 19:00:00+00:00,14.36,14.43,14.355,14.4,16105.0,,14.362997281892854,13.882302760265556,13.688311416536882,14.105151276773082,14.208065846935499,14.267223705756983,14.342087741075142,14.45924907537872,14.432950817991863,,13.549974515678812,13.604528981610153,13.72615981817739,14.04754650170766,14.091829190410486,14.122260612426187,14.227534369118942,14.35855626414604,14.397624859557453,13.88619507596279,13.486358842355775,13.89988730590629,14.019289262797612,"rgba(38, 166, 154, 1.0)",0.0,0.0,0.5341662443253063,14.229532881942001,0.3191274624125914,0.0,0.0,0.0,0.0,0.0,0.0,0.0,0.0,76.79957003401938,20.663441374855452,True,False,True,False,True,9.087828278027295,0,0.9868095630667765,0.9843363561417976,False,False,False,False,0.0518187680268321,0.043281738933580796,False,False,False,False,190195.0,157587.92164747158,False,False,False,False,3887.6024920410487,False,False,False,False
2025-10-24 14:00:00+00:00,14.545,14.545,14.34,14.36,1119.0,,14.365006849236222,13.88872605539452,13.691560916122864,14.105981860953136,14.208519681032108,14.267481637230603,14.342179776565255,14.45920471053449,14.432933911934951,,13.554560890207153,13.608412196493509,13.729113053595194,14.048678263741705,14.092716151275232,14.123013188688144,14.227896408042003,14.35862390233454,14.397644181096949,13.886344835798445,13.486566268222754,13.901837935702197,14.019415802517402,"rgba(38, 166, 154, 1.0)",0.0,0.0,0.5319662405464349,14.230714324659735,0.2430336090641069,0.0,0.0,0.0,0.0,0.0,0.0,0.0,0.0,75.92124544615186,20.663441374855452,True,False,True,False,True,8.233798066281732,0,0.9849726775956283,0.9770491803278691,False,False,False,False,0.06768398643336267,0.05548286268347173,False,False,False,False,189076.0,158076.1089087511,False,False,False,False,3844.678422397001,False,False,False,False
2025-10-24 15:00:00+00:00,14.36,14.515,14.36,14.495,1852.0,,14.370516732123729,13.899838497811304,13.697181717209784,14.10753081767606,14.209417133226967,14.268026571937972,14.342418456042786,14.45920050593417,14.432970847156819,,13.562408088465537,13.615085804304726,13.734239126575314,14.050747467334132,14.094361876416125,14.124426806428687,14.228625291599855,14.358817965083876,14.397752609542248,13.886612030131237,13.486924762349254,13.905293580223661,14.019647094626885,"rgba(38, 166, 154, 1.0)",0.0,0.0,0.5314704825988931,14.233554731209347,0.4919281076762411,0.0,0.0,0.0,0.0,0.0,0.0,0.0,0.0,77.01878903427672,21.516548937487073,True,False,True,False,True,10.490185100046787,0,0.9880272108843534,0.9757823129251703,False,False,False,False,0.06609606419541941,0.06078946343944557,False,False,False,False,190928.0,158585.44055357666,False,False,False,False,3813.784183290071,False,True,False,False
2025-10-24 16:00:00+00:00,14.495,14.515,14.39,14.44,885.0,,14.37268962579668,13.904919386352375,13.699809471104436,14.108248631337279,14.209829325920234,14.268274413781391,14.342523867091,14.459191909847634,14.432982263670251,,13.56607546069567,13.618206713643831,13.73663529774566,14.051708719554227,14.09512509349426,14.125081261648354,14.228959291330057,14.358902554481734,14.397796973673255,13.88673775848005,13.48709450811668,13.906905017374322,14.019755427985324,"rgba(38, 166, 154, 1.0)",0.0,0.0,0.5259819217254607,14.234350625471365,0.3909818304287174,0.0,0.0,0.0,0.0,0.0,0.0,0.0,0.0,75.57969484372036,21.516548937487073,True,False,True,False,True,9.305734679520015,0,0.9953703703703703,0.9724945533769064,False,False,False,False,0.0708608616840508,0.06582516256174818,False,False,False,False,190043.0,159073.15465352123,False,False,False,False,3768.3766765723954,False,False,False,False
2025-10-24 17:00:00+00:00,14.44,14.485,14.44,14.48,1021.0,,14.375674563146363,13.910876838685844,13.702898682813586,14.109121486229819,14.210342826439835,14.268591162491372,14.342668153887681,14.459200244440119,14.433012545689971,,13.570363926260416,13.621864350950528,13.739456918866113,14.052867561323785,14.09605114377417,14.125879522280178,14.229378373017909,14.359021724522634,14.397868275921015,13.886887901017685,13.487294337664908,13.908820482660445,14.019886170374432,"rgba(38, 166, 154, 1.0)",0.0,0.0,0.5163351711911904,14.235471929912833,0.47358398910350874,0.0,0.0,0.0,0.0,0.0,0.0,0.0,0.0,75.19379798106507,21.516548937487073,True,False,True,False,True,9.974319879225696,0,0.9997264021887824,0.974829001367989,False,False,False,False,0.0740391655240898,0.06993216404291899,False,False,False,False,191064.0,159569.13675191626,False,False,False,False,3725.781689338715,False,False,False,False
2025-10-24 18:00:00+00:00,14.49,14.52,14.455,14.455,1464.0,,14.380000390103085,13.91932706269617,13.707332935366228,14.11039456873545,14.211099247713811,14.269062474374504,14.342888149988127,14.459223049038824,14.433066099423428,,13.576498862553981,13.627105505996004,13.74351086912972,14.054551110894032,14.097400550042217,14.12704537784094,14.229997602537827,14.359205141093597,14.397982325536637,13.88710613701787,13.487583161663672,13.911584918961696,14.020076988647908,"rgba(38, 166, 154, 1.0)",0.0,0.0,0.5051654532281107,14.23703309822702,0.4314762626385618,0.0,0.0,0.0,0.0,0.0,0.0,0.0,0.0,73.8838526412865,21.516548937487073,True,False,True,False,False,9.426344274749827,0,1.0010995052226497,0.9733369983507422,False,False,False,False,0.08199160366229429,0.07596188385260663,False,False,False,False,189600.0,160034.7315309563,False,False,False,False,3690.7153065582693,False,False,False,False
2025-10-24 19:00:00+00:00,14.455,14.505,14.425,14.49,1907.0,,14.38493266086571,13.929899362887355,13.713008621761498,14.112024741837445,14.212065851885924,14.269663404480259,14.343166521564296,14.459247005677483,14.43313034340879,,13.584337598904883,13.633810577385178,13.748701431492844,14.056706979196752,14.099128674565197,14.128538075938646,14.230788735203804,14.359436447029115,14.398124119304835,13.887388562292953,13.48795786268777,13.91512474570073,14.020323495876722,"rgba(38, 166, 154, 1.0)",0.0,0.0,0.4959914813276304,14.238812477581764,0.506435154381841,0.0,0.0,0.0,0.0,0.0,0.0,0.0,0.0,73.61063131633658,21.516548937487073,True,False,True,False,False,10.024924383380416,0,0.9997251236943374,0.9700384826827927,False,False,False,False,0.07483397234027171,0.07539792809643917,False,False,False,False,191507.0,160522.6736777632,False,False,False,False,3663.0608056813967,False,False,False,False
2025-10-27 14:00:00+00:00,14.17,14.215,14.05,14.07,488.0,,14.381286524124606,13.930782695001561,13.713763082034179,14.112024330739967,14.211971239197235,14.269544552074533,14.343040170299698,14.459096058219728,14.432999152288891,14.111666666666666,13.585514430486258,13.634777524378189,13.749360820431113,14.05677928541195,14.09914340621461,14.128519486071378,14.23068971048586,14.359308011221374,14.39798624343947,13.88741620878705,13.48801852609223,13.915441166282324,14.02033620660813,"rgba(38, 166, 154, 1.0)",0.0,0.0,0.4813667478606869,14.237895625165592,-0.3487894124630786,0.0,0.0,0.0,0.0,-1.0,14.425,14.18,852.0,62.26889617270729,17.255274042487002,False,False,True,False,False,1.4766773196329162,0,0.9899783315276274,0.9734561213434452,False,False,False,False,-0.030440550938373025,0.022478688579033068,False,False,False,False,191019.0,160995.48493857306,False,False,False,False,3613.8350567561038,False,False,False,False
2025-10-27 15:00:00+00:00,14.08,14.18,14.065,14.15,1316.0,,14.372616697457552,13.933381268799026,13.715885042082085,14.11208495651324,14.211767678810592,14.269265419563924,14.342729516453616,14.458713043019651,14.432667886296018,14.126256467110123,13.588781636626738,13.637474255714878,13.751224628527186,14.05704403664631,14.099246132035995,14.12852880989633,14.230468221958205,14.358990237249916,14.397641017078929,13.887497375937176,13.488187303998615,13.91637586376422,14.02037796863682,"rgba(38, 166, 154, 1.0)",0.0,0.0,0.4643956937358368,14.236070670101402,-0.18533907885537182,0.0,0.0,0.0,0.0,0.0,0.0,0.0,0.0,56.50827560111387,12.34913626340306,False,True,True,False,False,2.8858554303624793,0,0.9883500406393929,0.9750745055540504,False,False,False,False,-0.03360547339062141,-0.0055633924057941694,False,False,False,False,192335.0,161481.36889301377,False,False,False,False,3578.2097070389545,False,False,False,False
2025-10-27 16:00:00+00:00,14.14,14.14,13.935,13.94,980.0,,14.36334825486665,13.934064587105945,13.71697412962479,14.111839391918506,14.211378107644961,14.268867612874157,14.342360292099782,14.45831815709926,14.432318060094124,14.083572796934865,13.590627603164902,13.638953651714234,13.752142614582219,14.056907380663391,14.099024975915624,14.128256881970417,14.230093294102803,14.358622635624736,14.397262358605559,13.887526446618018,13.488288202714719,13.916660238212955,14.020373674108798,"rgba(239, 83, 80, 1.0)",0.0,0.0,0.44458972888164716,14.234219145715855,-0.661776749669758,0.0,0.0,0.0,0.0,-1.0,14.065,13.98,846.0,49.535514840129,6.386886139231173,False,True,False,True,False,0.0,0,0.9778748975689705,0.9898934717290361,False,False,False,False,-0.060540935479093796,-0.03305216394244398,False,False,False,False,191355.0,161944.5259644399,False,False,False,False,3537.927385999591,False,False,False,False
2025-10-27 17:00:00+00:00,13.945,13.98,13.885,13.92,696.0,,14.355695967918583,13.934026012958128,13.717538073952536,14.111541015751238,14.210999872641137,14.268503939343722,14.34203907693885,14.457990764680108,14.432025446829408,14.05252490421456,13.591687975482078,13.639778564612111,13.752594094582406,14.056668057342186,14.098740982888105,14.127944810386628,14.229737339549928,14.358305525819137,14.396941403018106,13.887533615442738,13.488349208726834,13.91668677932806,14.020355422896179,"rgba(239, 83, 80, 1.0)",0.0,0.0,0.4398074926949977,14.232751247467235,-0.7111094118719908,0.0,0.0,0.0,0.0,-1.0,13.935,13.92,845.0,44.62731412906804,2.342177454872534,False,True,False,True,False,0.0,0,0.9786652078774619,0.9920678336980306,False,False,False,False,-0.09394004191150204,-0.06349610292697301,False,False,False,False,190659.0,162389.71160840208,False,False,False,False,3493.8664962941707,False,False,False,False
2025-10-27 18:00:00+00:00,13.92,13.92,13.82,13.89,4065.0,,14.311065908795735,13.931856524773202,13.719979811286805,14.109331506663334,14.208410700008697,14.266075051478058,14.33993986686152,14.45590093571782,14.430148588961883,13.95777821957146,13.596820031070115,13.643657955378648,13.754423588943704,14.054732246162095,14.096603782444344,14.125674658736827,14.22732152215066,14.356241302696041,14.39486988249821,13.887522476908268,13.4886633768628,13.916162293852269,14.020189202269535,"rgba(239, 83, 80, 1.0)",0.0,0.0,0.4340016191276659,14.225389618711407,-0.7727842568549232,0.0,0.0,0.0,0.0,0.0,0.0,0.0,0.0,40.9418105167578,-0.7307354321493804,False,True,False,True,False,0.0,0,0.9743028977583376,0.9945325314379442,False,False,False,False,-0.11391536463072188,-0.08870573377884744,False,False,False,False,186594.0,162764.97189354312,False,False,False,False,3502.721279297362,False,False,False,False
2025-10-27 19:00:00+00:00,13.895,13.95,13.79,13.92,4782.0,,14.269145821714554,13.929931496476835,13.72293531554313,14.106894362833735,14.205505992555322,14.263328408241655,14.337547290189619,14.453503760925823,14.42799645801176,13.9301919904816,13.602833039778806,13.648251035556747,13.756678391368528,14.052632557054004,14.09425363007563,14.123161208458685,14.224601425438589,14.353885685831848,14.39250061825826,13.887521446228895,13.489041817494321,13.91571445958589,14.020007744690005,"rgba(239, 83, 80, 1.0)",0.0,0.0,0.4308642895809148,14.21994740978658,-0.6961528653913895,0.0,0.0,0.0,0.0,0.0,0.0,0.0,0.0,39.33804435533837,-2.1151650752860434,False,True,False,True,False,0.0,0,0.9743869209809265,0.9918256130790194,False,False,False,False,-0.11391536463072252,-0.10131054920478498,False,False,False,False,191376.0,163208.55372465096,False,False,False,False,3522.5550579129067,False,False,False,False
2025-10-28 14:00:00+00:00,13.755,14.01,13.755,13.995,2563.0,,14.251591271709563,13.929709806653893,13.724790428582272,14.105804367926469,14.20413116003567,14.262001434619263,14.33636934900144,14.452302309963075,14.4269205811961,13.928437653906425,13.606320813543224,13.650976319321348,13.758157388923241,14.051750357054187,14.09321435690988,14.122022541445164,14.223303391454657,14.352722234370027,14.391322920941544,13.887542397075766,13.489261332387875,13.915749052287685,14.019934953806127,"rgba(239, 83, 80, 1.0)",0.0,0.0,0.4293801104840672,14.192349325717473,-0.4596145021598442,0.0,0.0,0.0,0.0,0.0,0.0,0.0,0.0,40.35052803883121,-2.1151650752860434,False,True,False,True,False,0.15008858486303112,0,0.9759264268325667,0.9864755206924534,False,False,False,False,-0.1099135574759096,-0.10561205334034729,False,False,False,False,193939.0,163684.99475217576,False,False,False,False,3507.678235309606,False,False,False,False
2025-10-28 15:00:00+00:00,13.985,14.04,13.93,13.97,5154.0,,14.226653067284282,13.931870238551685,13.729531864300064,14.104346037208222,14.201981610910762,14.259826544761676,14.334359065566625,14.45017308213201,14.425025262104102,13.941696101909134,13.614405366075486,13.657480544336662,13.762124981348398,14.050803321356712,14.091872619603317,14.120439684719265,14.221236144700127,14.350723207970802,14.389271575992856,13.887662175982346,13.489763478761065,13.916775321558772,14.019876588178407,"rgba(239, 83, 80, 1.0)",0.0,0.0,0.4274090388451291,14.192381705941358,-0.5203018320394879,0.0,0.0,0.0,0.0,0.0,0.0,0.0,0.0,40.52591581385131,-2.1151650752860434,False,True,False,True,False,0.0,0,0.9821862348178135,0.9854251012145747,False,False,False,False,-0.07721899497962256,-0.09141552415998493,False,False,False,False,188785.0,164074.14212035906,False,False,False,False,3533.2026037544183,False,False,False,False
2025-10-28 16:00:00+00:00,13.97,14.045,13.94,14.035,3307.0,,14.214413300357242,13.93387664495475,13.73279659427027,14.103624872187568,14.200787056130622,14.258579945710682,14.333177265488365,14.44889388547772,14.423889962952996,13.950897320600117,13.619776116622226,13.661854165719793,13.764899383389483,14.050432667157622,14.09122958295679,14.119631857011171,14.220072713629243,14.349543265441566,14.388051158020296,13.88776101535755,13.4901026304611,13.91768725075158,14.019864211989859,"rgba(239, 83, 80, 1.0)",0.0,0.0,0.42821120704375354,14.192314607973154,-0.36737620451180764,0.0,0.0,0.0,0.0,0.0,0.0,0.0,0.0,42.490570393962045,-2.1151650752860434,False,True,False,True,True,0.897681619403766,0,0.9932065217391303,0.9817934782608695,False,False,False,False,-0.07483400413442583,-0.08312476414720538,False,False,False,False,192092.0,164508.52751384187,False,False,False,False,3529.6955866419466,False,False,False,False
2025-10-28 17:00:00+00:00,14.03,14.07,13.97,13.985,3976.0,,14.201492070500791,13.936202959365692,13.736644637552878,14.102786454760441,14.19938221479693,14.25710712891815,14.331774821407045,14.447371404864052,14.422538546015295,13.959254095461143,13.626068797486571,13.666994391874745,13.76817524757837,14.050011849512863,14.090484181871913,14.118689773656246,14.218701312417187,14.34814213734108,14.38660048722164,13.887881295234486,13.490511116904354,13.91877954434329,14.019851238036221,"rgba(239, 83, 80, 1.0)",0.0,0.0,0.42985881822248784,14.19196546980947,-0.48147312800350167,0.0,0.0,0.0,0.0,0.0,0.0,0.0,0.0,42.63912480199591,-2.1151650752860434,False,True,False,True,True,0.0,0,1.000818330605565,0.97354064375341,False,False,False,False,-0.06609609595051001,-0.0746104300488577,False,False,False,False,188116.0,164874.53483920865,False,False,False,False,3536.615034911064,False,False,False,False
2025-10-28 18:00:00+00:00,13.98,14.02,13.93,13.995,2575.0,,14.192913989412215,13.937104655760264,13.73884090914365,14.102100201772165,14.1983578067707,14.256061236798407,14.330798638331718,14.446331444529912,14.421611953751674,13.961184145988005,13.629759757822985,13.669989011219148,13.770019785015506,14.04957225215504,14.089854149287873,14.117942722503706,14.217711192760751,14.347170109936735,14.385601063670036,13.887941847560908,13.490761717890855,13.91926651951247,14.01982343371047,"rgba(239, 83, 80, 1.0)",0.0,0.0,0.4279176164713438,14.191265348658145,-0.45865218234428423,0.0,0.0,0.0,0.0,0.0,0.0,0.0,0.0,43.054010189109306,-2.1151650752860434,False,True,False,True,True,0.14259820409047919,0,0.9997273718647763,0.9702835332606328,False,False,False,False,-0.08040035185787539,-0.07750539095336655,False,False,False,False,190691.0,165274.79011301938,False,False,False,False,3521.7062746798847,False,False,False,False
2025-10-28 19:00:00+00:00,13.995,14.01,13.9,13.98,5995.0,,14.173793696659859,13.938262311616983,13.7434299795296,14.100293545552208,14.195811111814022,14.253496086774549,14.328428644277304,14.4438333350588,14.419380448372753,13.961543072308736,13.637630465185229,13.676347523628392,13.773831603252289,14.048299900410829,14.088171385552418,14.116004844260276,14.215261204380532,14.344814417647898,14.3831885099382,13.888055003579744,13.491322414229312,13.920046904324439,14.019727830356242,"rgba(239, 83, 80, 1.0)",0.0,0.0,0.42794793191749575,14.189229701405207,-0.4889139210644531,0.0,0.0,0.0,0.0,0.0,0.0,0.0,0.0,42.93188317637693,-2.1151650752860434,False,True,False,True,True,0.0,0,1.001368363437329,0.9729064039408869,False,False,False,False,-0.08676800582463821,-0.08213669838900238,False,False,False,False,184696.0,165575.89414227486,False,False,False,False,3560.0519138321342,False,False,False,False
2025-10-29 14:00:00+00:00,14.16,14.18,14.02,14.125,650.0,14.108333333333336,14.17320788530466,13.939072310108418,13.744236960976774,14.10030487857772,14.195708457828207,14.25335829744605,14.328274842170252,14.443645299815937,14.419216317808441,13.964153783712298,13.638831577211768,13.677360389672847,13.774545219824821,14.048395780198831,14.088200418557118,14.115994432937748,14.21514966030064,14.344657162938006,14.38301835355491,13.88809084462214,13.491401777807688,13.92040773816544,14.019744086067032,"rgba(239, 83, 80, 1.0)",0.0,0.0,0.4293775927050055,14.189485915234252,-0.1501846308001357,0.0,0.0,0.0,0.0,0.0,0.0,0.0,0.0,47.21855947512118,-2.1151650752860434,False,True,False,False,True,2.6125039817315745,0,0.9997272231314785,0.9664484451718495,False,False,False,False,-0.0407291070485595,-0.061432902718780935,False,False,False,False,185346.0,165882.40741138687,False,False,False,False,3514.934829896752,False,False,False,False
2025-10-29 15:00:00+00:00,14.12,14.215,14.12,14.185,791.0,14.144013416608837,14.17320923676182,13.94042222756457,13.745388653252347,14.100429936776871,14.195676550759336,14.253265966426186,14.328143194480244,14.443461061895812,14.41905852903452,13.968585221490171,13.64048621302786,13.67877151712437,13.77557785248887,14.04863813227982,14.08834934086421,14.116088974074101,14.215096643484191,14.344518635164693,14.382860502387834,13.88814731233765,13.491508502357583,13.920996219240891,14.019778368549169,"rgba(239, 83, 80, 1.0)",0.0,0.0,0.43085239210640514,14.190028635082019,-0.011671363961642917,0.0,0.0,0.0,0.0,0.0,0.0,0.0,0.0,51.49394356385706,-4.310307020492907,False,True,True,False,True,3.7180897312730927,0,1.0040905372238889,0.962912462503409,False,False,False,False,-0.019367705639066805,-0.040400304178923874,False,False,False,False,186137.0,166196.43210268317,False,False,False,False,3472.7032821464145,False,False,False,False
2025-10-29 16:00:00+00:00,14.18,14.29,14.165,14.27,848.0,14.180190767438473,14.173990848951599,13.942271798102079,13.746812548918765,14.100688752412177,14.195746751532432,14.253251636748239,14.328064495761641,14.443313720425293,14.418936573360565,13.974649566158629,13.642474772494115,13.680483236093224,13.776868143766396,14.049038715203428,14.088636325843783,14.116310557020205,14.215132708752503,14.344429556282961,14.382746643970874,13.888222323588037,13.49163434356983,13.921794096503973,14.019831452263446,"rgba(239, 83, 80, 1.0)",0.0,0.0,0.43227579201290833,14.190856043333389,0.1830867194715536,0.0,0.0,0.0,0.0,1.0,14.24,14.215,856.0,56.11470521357599,0.03959184314047093,False,True,True,False,True,5.2578940560355925,0,1.0081833060556464,0.9593562465902891,False,False,False,False,-0.0003952253908675141,-0.020397764784895692,False,False,False,False,186985.0,166518.73548093616,False,False,False,False,3432.01020800461,False,False,False,False
2025-10-29 17:00:00+00:00,14.27,14.29,14.24,14.24,579.0,14.195629939562993,14.174630376793006,13.943584279654399,13.74780940353057,14.100883667576019,14.195810177484718,14.253254514913367,14.328020158653715,14.443220716068806,14.418860438211652,13.978861816931081,13.643858787449497,13.68167708027664,13.777773335505593,14.049332496749791,14.088850804288564,14.116479451305098,14.215171166243941,14.344377688339412,14.382677263189972,13.88827569453392,13.491721959446037,13.922362036239658,14.019870132129151,"rgba(239, 83, 80, 1.0)",0.0,0.0,0.4327631938855337,14.191441134883405,0.1122065503783092,0.0,0.0,0.0,0.0,0.0,0.0,0.0,0.0,58.10295368165943,1.8986678161382287,False,True,True,False,True,4.63833228084043,0,1.0131183383438098,0.955998906805138,False,False,False,False,0.011461563352581338,-0.004468100716157177,False,False,False,False,186406.0,166827.06516340227,False,False,False,False,3387.7774916014373,False,False,False,False
2025-10-29 18:00:00+00:00,14.25,14.295,14.02,14.095,1031.0,14.180038471402924,14.174114568233133,13.945008981864508,13.749158511907963,14.100963113945081,14.195700733848572,14.253079810725858,14.327808800558802,14.442948956940569,14.418624872511323,13.982950087110932,13.64582828443362,13.683349591582783,13.778974965170768,14.049551984431691,14.088959237434961,14.116522614201255,14.215041944134441,14.344159329407658,14.382436438156727,13.88833974715551,13.491853456811326,13.923007281399826,14.019904088593016,"rgba(239, 83, 80, 1.0)",0.0,0.0,0.43090992139934037,14.17676370493579,-0.18974662887842103,0.0,0.0,0.0,0.0,-1.0,14.24,14.13,859.0,54.99556403062594,1.8986678161382287,False,True,True,False,False,1.717465339956199,0,0.9994585814834869,0.9585814834867352,False,False,False,False,-0.02253077253796552,-0.013499436627061349,False,False,False,False,185375.0,167114.63004458984,False,False,False,False,3351.238305685136,False,False,False,False
2025-10-29 19:00:00+00:00,14.095,14.13,13.825,13.95,4572.0,14.065776177546924,14.162420534301173,13.945748000665292,13.752479474602856,14.099670017493395,14.193850145207213,14.25120014948417,14.326056626403263,14.441090456275402,14.416964133933611,13.981443870958048,13.65144435260973,13.687920609026639,13.781745327244858,14.048656792998514,14.087758266135037,14.11513073963215,14.213254158074726,14.342415412137992,14.380646563405596,13.888431117966473,13.492283878549307,13.923604493218486,14.01983768616014,"rgba(239, 83, 80, 1.0)",0.0,0.0,0.42750762071077814,14.168488817661592,-0.5110758430418876,0.0,0.0,0.0,0.0,0.0,0.0,0.0,0.0,49.766282208865746,6.477705505681854,False,True,False,False,False,0.0,0,0.9911811865312665,0.9639230358097274,False,False,False,False,-0.07960486287829456,-0.046552149752677956,False,False,False,False,180803.0,167326.85283459618,False,False,False,False,3370.16484358149,False,False,False,False
2025-10-30 14:00:00+00:00,14.005,14.105,13.98,14.095,3775.0,14.063995590396864,14.15783022078698,13.948660761921486,13.756279255246604,14.099353220622481,14.192956629018635,14.25016367284673,14.324990156780085,14.439862288762614,14.415880400946634,13.987603632234523,13.657235410001848,13.692783844609092,13.785066492136664,14.048759092204955,14.087531937472825,14.11470647892952,14.212342643827382,14.341337514693901,14.379506302280225,13.888592774094722,13.492707002676475,13.925072378449064,14.019880339052639,"rgba(239, 83, 80, 1.0)",0.0,0.0,0.4266311253496881,14.169988145215726,-0.17576810682591673,0.0,0.0,0.0,0.0,0.0,0.0,0.0,0.0,49.90745908693124,6.477705505681854,False,True,False,False,False,1.6499865235616156,0,0.9973354649613642,0.966160405009326,False,False,False,False,-0.05895444692879694,-0.05275329834073745,False,False,False,False,184578.0,167594.31248057142,False,False,False,False,3376.44135763449,False,False,False,False
2025-10-30 15:00:00+00:00,14.095,14.245,14.095,14.195,1423.0,14.075898627063673,14.158170854154017,13.950846934589109,13.758235946673269,14.09959025907421,14.19291992401098,14.250017192078364,14.324768893723551,14.439544959604357,14.41560885795604,13.993079328572005,13.660004898903313,13.695164390987317,13.786827955635435,14.049198096848057,14.087810161688681,14.114890517724431,14.21226656490373,14.341103333854951,14.379236991636638,13.888695645972403,13.492899573283045,13.92609564777089,14.019943747092938,"rgba(239, 83, 80, 1.0)",0.0,0.0,0.425006274463515,14.171728907321745,0.054754703816151024,0.0,0.0,0.0,0.0,1.0,14.165,14.105,861.0,52.02923246732971,6.477705505681854,False,True,True,False,False,3.4379943429354256,0,1.0013308490817145,0.9624700558956615,False,False,False,False,-0.01857700192843626,-0.035665150134586855,False,False,False,False,186001.0,167879.6874808726,False,False,False,False,3346.155445113025,False,False,False,False
2025-10-30 16:00:00+00:00,14.195,14.28,14.165,14.275,1016.0,14.087252184769039,14.15913012876725,13.952798802310337,13.759825379764509,14.099890491413646,14.193004146564778,14.250002628247506,14.324677679117361,14.43937223918057,14.415465649112303,13.99803902574038,13.662197444092623,13.697064943343662,13.78827256887249,14.049658536430886,14.088142383230887,14.115148358733132,14.212310789707042,14.340999733403521,14.379104034263607,13.888784678690849,13.493049363420797,13.92699858347183,14.020006602455435,"rgba(239, 83, 80, 1.0)",0.0,0.0,0.42488392691578,14.173299020260192,0.23936179576867725,0.0,0.0,0.0,0.0,0.0,0.0,0.0,0.0,54.887133615692925,6.477705505681854,False,True,True,False,True,4.83422904728463,0,1.0042609853528628,0.9611185086551267,False,False,False,False,-0.0019760661899817736,-0.018820608162284314,False,False,False,False,187017.0,168176.39000054903,False,False,False,False,3310.029004103521,False,False,False,False
2025-10-30 17:00:00+00:00,14.275,14.275,14.165,14.17,3763.0,14.110930272477596,14.160969505295013,13.958909717495816,13.765179340021023,14.10070327573103,14.193072134190889,14.249752669087263,14.324195996977386,14.43861795156174,14.414826854861643,14.012254178550617,13.669669370995791,13.703522387031018,13.793115888323824,14.051019883046447,14.089066238268794,14.115816386375872,14.21225807902869,14.340479234863958,14.378484576743533,13.889079654894418,13.49357641652994,13.929911534173362,14.020200340862319,"rgba(239, 83, 80, 1.0)",0.0,0.0,0.4224149469270816,14.17703201244424,-0.016647167661550326,0.0,0.0,0.0,0.0,0.0,0.0,0.0,0.0,54.21543671674261,6.477705505681854,False,True,True,False,True,2.8012370764085652,0,1.0058760683760684,0.9618055555555556,False,False,False,False,-0.002766489799449413,-0.010793548980866863,False,False,False,False,183254.0,168410.15139588935,False,False,False,False,3317.0518102414508,False,False,False,False
2025-10-30 18:00:00+00:00,14.175,14.185,14.03,14.035,2953.0,14.10712233073221,14.158514484993859,13.961246597298194,13.768165035328014,14.100596828875348,14.19250821650982,14.249056123919376,14.323448018760775,14.437729218604096,14.414045346973458,14.015917425855468,13.674103646133943,13.707286399865756,13.795749340109944,14.051242967836158,14.089030382038214,14.115624425904398,14.211666770210286,14.33971853429463,14.37767054854354,13.889222504203154,13.4939196359231,13.931170274342673,14.020252654571838,"rgba(239, 83, 80, 1.0)",0.0,0.0,0.41899932271121104,14.17715205436727,-0.3392655946254246,0.0,0.0,0.0,0.0,-1.0,14.165,14.05,883.0,51.022292971513025,6.477705505681854,False,True,False,False,False,0.2859987748031898,0,0.9962686567164177,0.9664179104477613,False,False,False,False,-0.038354139077676264,-0.024573844029271562,False,False,False,False,180301.0,168594.50563781356,False,False,False,False,3311.40759612918,False,False,False,False
2025-10-30 19:00:00+00:00,14.035,14.05,13.95,13.985,7812.0,14.077139116146922,14.1458917019118,13.962844280174505,13.773660023401822,14.098912217001141,14.189859256932,14.246273902612943,14.320771738087386,14.434818720113595,14.41144807180206,14.013407720268262,13.682952647042555,13.714636675202016,13.800420216357335,14.050234194851406,14.087499894087298,14.113767681882763,14.2090694142013,14.337041758155822,14.374898751121139,13.889427883615639,13.494689895023821,13.932526230107047,14.020197419617732,"rgba(239, 83, 80, 1.0)",0.0,0.0,0.41465379024649746,14.17395610051685,-0.45569606491363085,0.0,0.0,0.0,0.0,-1.0,14.03,13.985,869.0,47.98668350070915,4.303672627057239,False,True,False,True,False,0.0,0,0.9898693681684884,0.9752066115702478,False,False,False,False,-0.07244986274130642,-0.04851185338528899,False,False,False,False,172489.0,168654.88539536684,False,False,False,False,3381.184222545782,False,False,False,False
2025-10-31 14:00:00+00:00,13.97,13.985,13.85,13.91,6133.0,14.04900582809936,14.132698074766992,13.961130055557827,13.776297876441024,14.096637304177243,14.186995327338328,14.243450049735062,14.318192519160707,14.432149673378811,14.409044077859297,14.004936227652776,13.687869814988847,13.71857623749679,13.802490821443937,14.048356392910136,14.085323453092174,14.111394360685617,14.206327640585625,14.334484502963257,14.37229831149366,13.889466804216054,13.495196519559688,13.932238729654362,14.020017085603085,"rgba(239, 83, 80, 1.0)",0.0,0.0,0.4103675346729241,14.169832794032342,-0.6331709311250376,0.0,0.0,0.0,0.0,0.0,0.0,0.0,0.0,44.65992882499509,1.0602973578256254,False,True,False,True,False,0.0,0,0.9807332084559806,0.9876906609579879,False,False,False,False,-0.09872671295630865,-0.07361928317079883,False,False,False,False,166356.0,168619.24376133014,False,False,False,False,3423.8480330489483,False,False,False,False
2025-10-31 15:00:00+00:00,13.91,13.95,13.86,13.895,6110.0,14.02729021934903,14.12025436578249,13.95908066951334,13.778586332063636,14.094263895862062,14.184063889855745,14.240571978994536,14.315571470257554,14.429449895132448,14.406608125352617,13.996779116517782,13.692289945206525,13.722093775220364,13.804244759104032,14.046354851508443,14.083043592212896,14.108928893925466,14.203523812105924,14.331887465030963,14.36966201454586,13.889485274689296,13.495684039162553,13.931747139776803,14.019815309585045,"rgba(239, 83, 80, 1.0)",0.0,0.0,0.4058402472726501,14.166046588212561,-0.6678652253788617,0.0,0.0,0.0,0.0,0.0,0.0,0.0,0.0,42.18171941922324,-1.372743028533499,False,True,False,True,False,0.0,0,0.9766818547306351,0.9895470383275263,False,False,False,False,-0.1027190438868156,-0.08816916352880722,False,False,False,False,160246.0,168489.42602859635,False,False,False,False,3465.4937999784215,False,False,False,False
2025-10-31 16:00:00+00:00,13.895,13.91,13.8,13.885,2311.0,14.018720916063094,14.11515809935205,13.957870047625942,13.779178856264613,14.09321313805402,14.182828832103342,14.23937958052846,14.314501619599305,14.428365455039728,14.405626391726704,13.99295629142398,13.693630014492992,13.723124727503917,13.804648455956842,14.045423706721946,14.082024604203365,14.107849105635,14.202349527256128,14.330830259140185,14.368595041662548,13.889471261461521,13.495851503859232,13.931343646539876,14.019715541319075,"rgba(239, 83, 80, 1.0)",0.0,0.0,0.4003362550620866,14.164409401756425,-0.6979367924423739,0.0,0.0,0.0,0.0,0.0,0.0,0.0,0.0,40.34121700874972,-3.2581085276252466,False,True,False,True,False,0.0,0,0.9816166531495001,0.9851311165179781,False,False,False,False,-0.11872234475768402,-0.10344575414324561,False,False,False,False,157935.0,168325.7915165251,False,False,False,False,3447.5946712965856,False,False,False,False
2025-10-31 17:00:00+00:00,13.885,13.91,13.825,13.875,2246.0,14.011461507255198,14.110491626834806,13.956784719167034,13.779780079697714,14.092223294983757,14.181656379115855,14.238243333068546,14.313478228631485,14.427324820204479,14.404684467710783,13.98958478818215,13.694950037377547,13.724147341130708,13.805067772238807,14.044552694195561,14.081065968133188,14.106830227352345,14.201232850584095,14.32981834547437,14.36757264583489,13.889460437266672,13.496016315412575,13.930985353024449,14.019621831889863,"rgba(239, 83, 80, 1.0)",0.0,0.0,0.3943676429904668,14.162936435207438,-0.7301218553936959,0.0,0.0,0.0,0.0,0.0,0.0,0.0,0.0,38.90902819407397,-4.831817816094102,False,True,False,True,False,0.0,0,0.9775675675675676,0.9864864864864867,False,False,False,False,-0.11471615813961965,-0.10908095614143262,False,False,False,False,155689.0,168129.87226820685,False,False,False,False,3428.9652965478012,False,False,False,False
2025-10-31 18:00:00+00:00,13.88,13.94,13.84,13.865,2488.0,14.004803303024682,14.105766381151577,13.95577079987848,13.78052178853225,14.091194028189017,14.180416051799511,14.237032410908219,14.312379736610698,14.426200615487213,14.403667596847857,13.986403429781115,13.696485342120015,13.725352933938318,13.80560836857826,14.043661692723624,14.080072252723962,14.105766810491293,14.200047845023947,14.328730886179068,14.366471414395916,13.889455640789322,13.496204405599192,13.930668308240344,14.019526245957525,"rgba(239, 83, 80, 1.0)",0.0,0.0,0.38644195862691355,14.161486967329719,-0.7672225044691865,0.0,0.0,0.0,0.0,0.0,0.0,0.0,0.0,37.73148375841585,-6.232547071007261,False,True,False,True,False,0.0,0,0.9816017316017315,0.9837662337662337,False,False,False,False,-0.1075141632249493,-0.10829755968319096,False,False,False,False,153201.0,167898.41688420365,False,False,False,False,3414.3766872989977,False,False,False,False
2025-10-31 19:00:00+00:00,13.87,13.995,13.865,13.945,6256.0,13.996828259400626,14.097337199516069,13.95508898963187,13.783298637649679,14.089297478447932,14.177890899631366,14.234475176729054,14.309981133340642,14.423669068640091,14.401387555876983,13.982856097543038,13.701316879023855,13.729311368389915,13.80786449696061,14.042187396757997,14.078276854487683,14.103762669893356,14.197599348008307,14.326343118618011,14.364026538158923,13.889526010246826,13.496741868822761,13.930737212982345,14.019379238968328,"rgba(239, 83, 80, 1.0)",0.0,0.0,0.3794122172922846,14.159277170004833,-0.564760859663519,0.0,0.0,0.0,0.0,0.0,0.0,0.0,0.0,40.02677991433799,-6.232547071007261,False,True,False,True,False,0.0,0,0.9851431658562938,0.9775796866558617,False,False,False,False,-0.09473751654630336,-0.10151753811474716,False,False,False,False,159457.0,167767.5422038284,False,False,False,False,3458.4328626897104,False,False,False,False
2025-11-03 15:00:00+00:00,14.0,14.035,13.855,13.99,1460.0,13.995871800345093,14.095773140925637,13.955126325217138,13.784036818832991,14.088932121763426,14.177368938469144,14.23393390063258,14.309462766907158,14.423112050596153,14.400886990136415,13.98249383010907,13.702534034816326,13.730323431222596,13.808481064485953,14.04192798086562,14.077936226926967,14.103369989616759,14.197088206243505,14.325825365772117,14.363492961368935,13.889551412837509,13.49687425466235,13.930845444588847,14.019355147631089,"rgba(239, 83, 80, 1.0)",0.0,0.0,0.3730590973158362,14.158912771489303,-0.4527775162290165,0.0,0.0,0.0,0.0,0.0,0.0,0.0,0.0,43.088883962042964,-6.232547071007261,False,True,False,True,True,0.0,0,0.9816859682197684,0.979800700242392,False,False,False,False,-0.08995443470375349,-0.09573598640925032,False,False,False,False,160917.0,167661.3322471799,False,False,False,False,3427.449407454211,False,False,False,False
2025-11-03 16:00:00+00:00,13.995,14.03,13.92,13.92,2679.0,13.994088477995112,14.092925730382007,13.955147517242445,13.785350053715351,14.088249865861584,14.176403063405377,14.232934210284297,14.308506548362777,14.422086102212203,14.399964511079729,13.981763913650445,13.704709363504099,13.73213096551107,13.809574915685756,14.041437010638424,14.077298752578631,14.10263837645246,14.196142887265298,14.324870499355352,14.362509483121379,13.889595774018108,13.497115229928855,13.931019504036856,14.019308512770161,"rgba(239, 83, 80, 1.0)",0.0,0.0,0.3658249963137345,14.15822523690239,-0.6511999980944086,0.0,0.0,0.0,0.0,0.0,0.0,0.0,0.0,43.05016098686379,-6.232547071007261,False,True,False,True,True,0.0,0,0.983256818795571,0.9837969214150688,False,False,False,False,-0.08040035185787539,-0.08806816913356286,False,False,False,False,158238.0,167515.23407280503,False,False,False,False,3415.845540671975,False,False,False,False
2025-11-03 17:00:00+00:00,13.925,14.015,13.83,13.835,2671.0,13.989717353993754,14.088933882441033,13.954311090171604,13.786162889334793,14.087252572464815,14.175173310323963,14.231717804300208,14.307387646817055,14.420929118609163,14.398917737063384,13.979340474431584,13.706305506713763,13.73340431457094,13.810186839497192,14.040591568480366,14.076339621205175,14.101602832806973,14.194960454199231,14.323760480537386,14.36138138374676,13.889598235434127,13.497322157940998,13.930767913126871,14.019215147124276,"rgba(239, 83, 80, 1.0)",0.0,0.0,0.35852729299153124,14.156993608227861,-0.8981006872340562,0.0,0.0,0.0,0.0,-1.0,13.92,13.885,874.0,40.90942127856105,-6.232547071007261,False,True,False,True,True,0.0,0,0.9734417344173439,0.994850948509485,False,False,False,False,-0.09713066557169112,-0.09259941735262699,False,False,False,False,155567.0,167329.99013369178,False,False,False,False,3404.2975477933396,False,False,False,False
2025-11-03 18:00:00+00:00,13.835,13.885,13.82,13.88,2184.0,13.985330556906298,14.08527708606539,13.953297273914627,13.78662476892051,14.086312736979524,14.174063599057384,14.230637166548108,14.306407596457488,14.41993028620681,14.398011620714342,13.976761400128451,13.707373089512492,13.734227424765539,13.81049254134458,14.039760292598325,14.075428344020233,14.100636092554984,14.193899666424263,14.32279062161345,14.360400857282498,13.889583202726739,13.497477679473041,13.930392755903691,14.019119728757799,"rgba(239, 83, 80, 1.0)",0.0,0.0,0.349545109798147,14.155790497172756,-0.7889982993382938,0.0,0.0,0.0,0.0,0.0,0.0,0.0,0.0,41.189689507809874,-6.232547071007261,False,True,False,True,True,0.0,0,0.9653950953678472,1.0051771117166213,False,False,False,False,-0.11952403338901443,-0.1060617253708207,False,False,False,False,157751.0,167181.4786587508,False,False,False,False,3385.378205967086,False,False,False,False
2025-11-03 19:00:00+00:00,13.89,13.93,13.835,13.86,3315.0,13.979877036551061,14.08026397169343,13.952018001278178,13.787437800935242,14.08498485721616,14.172465400977881,14.22906775923113,14.304972579692981,14.41845704762464,14.396676137151417,13.973485086875867,13.709103413629604,13.73558541884918,13.811068783268393,14.038606557781058,14.074145204400091,14.09926456152833,14.19236648605688,14.321368610609774,14.35895948196247,13.889571299326022,13.497722118497014,13.929940017718963,14.018987363796278,"rgba(239, 83, 80, 1.0)",0.0,0.0,0.3423364605943496,14.154164837975236,-0.8592857373839762,0.0,0.0,0.0,0.0,0.0,0.0,0.0,0.0,40.83594613989479,-6.232547071007261,False,True,False,True,True,0.0,0,0.9584126121228594,1.004349007882577,False,False,False,False,-0.1099135574759096,-0.10798764142336514,False,False,False,False,154436.0,166983.8743384601,False,False,False,False,3384.2870709908525,False,False,False,False
2025-11-03 20:00:00+00:00,13.86,13.945,13.78,13.93,8629.0,13.969061342669045,14.068854467151503,13.949284014586349,13.789719498379247,14.081766303655174,14.168521464345336,14.225160347692722,14.301367433534876,14.41472915878753,14.393297650192483,13.966642859703203,13.713706008880854,13.739245401478223,13.812748812524086,14.035856794825786,14.071044863867856,14.095927174771768,14.188567468076108,14.317791081286414,14.355324094485667,13.889561607335619,13.498373741175069,13.929003832897582,14.018667803107778,"rgba(239, 83, 80, 1.0)",0.0,0.0,0.33382526313375405,14.150449452660672,-0.6603737853487268,0.0,0.0,0.0,0.0,0.0,0.0,0.0,0.0,43.24763390295813,-6.232547071007261,False,True,False,True,True,0.0,1,0.9536208299430433,1.0094928125847575,False,False,False,False,-0.11631818576433488,-0.11215291359385002,False,False,False,False,163065.0,166923.11659677853,False,False,False,False,3465.6004497351805,False,False,False,False
2025-11-04 15:00:00+00:00,13.89,13.89,13.735,13.74,2722.0,13.962787937139481,14.063777482269503,13.94723911365857,13.78970934695774,14.080284123699867,14.166883158242463,14.223601049111531,14.299981949912159,14.413351366668202,14.392040228722113,13.962397023403373,13.714316952134617,13.739621797923514,13.812575040506493,14.034466893448833,14.069590592493629,14.094423226725828,14.187013054307492,14.316425344683633,14.353955535278617,13.889493950382233,13.49852755953697,13.92808546971649,14.018494642350474,"rgba(239, 83, 80, 1.0)",0.0,0.0,0.3243097590573451,14.148571092223714,-1.259817445553555,0.0,0.0,0.0,0.0,0.0,0.0,0.0,0.0,40.235802251731094,-6.232547071007261,False,True,False,True,False,0.0,1,0.949175452825088,1.0108137334414709,False,False,False,False,-0.13237258523068282,-0.12226274941226642,False,False,False,False,160343.0,166821.09928520056,False,False,False,False,3454.0717605919995,False,False,False,False
2025-11-04 16:00:00+00:00,13.74,13.865,13.735,13.85,1353.0,13.96030953574861,14.061574290678493,13.946419693533153,13.78980712025642,14.079623906500474,14.16613462080223,14.222880300247542,14.299334042743615,14.412699715979109,14.39144639858586,13.960692361117113,13.714731749179267,13.739914329037857,13.81258946453293,14.033860680592305,14.068945543801716,14.093749823796868,14.186299490662938,14.315785390063933,14.353311685742819,13.889469764043117,13.498611424958629,13.927725079847772,14.018419251381685,"rgba(239, 83, 80, 1.0)",0.0,0.0,0.3125700930400666,14.147768040286525,-0.9526440530199941,0.0,0.0,0.0,0.0,0.0,0.0,0.0,0.0,41.694698461293825,-6.232547071007261,False,True,False,True,False,0.0,1,0.9465690263086519,1.0176295090859777,False,False,False,False,-0.13639648836309726,-0.12932961888768185,False,False,False,False,161696.0,166741.64038155403,False,False,False,False,3421.4970046138287,False,False,False,False
2025-11-04 17:00:00+00:00,13.855,13.865,13.7,13.72,3571.0,13.951798074577137,14.054679218923026,13.943409431729695,13.789540293672504,14.077535994561822,14.163865748449565,14.220734307177397,14.297438410375895,14.410828538360187,14.389735549657328,13.954731838843319,13.715228474586988,13.740130151100491,13.812120032457953,14.031875688804394,14.06689100757748,14.091638380406875,14.184151030545863,14.313918931325592,14.351446344034564,13.889357838566589,13.498794320379426,13.926319436378456,14.018166369985545,"rgba(239, 83, 80, 1.0)",0.0,0.0,0.3056184396116228,14.145144159703014,-1.3910945957425946,0.0,0.0,0.0,0.0,0.0,0.0,0.0,0.0,40.08451090250428,-6.232547071007261,False,True,False,True,False,0.0,1,0.9373983739837398,1.0238482384823846,False,False,False,False,-0.14203736665658104,-0.13568349277213143,False,False,False,False,158125.0,166608.049057809,False,False,False,False,3423.8148805112887,False,False,False,False
2025-11-04 18:00:00+00:00,13.715,13.81,13.7,13.78,5974.0,13.939192259605514,14.043888630567853,13.938631226810932,13.78913107535426,14.074121835342314,14.160141981937118,14.217201408498049,14.294306650216486,14.407730115348373,14.386901663494871,13.945600009051313,13.716065353690961,13.74050899771971,13.811379079201489,14.028638991952004,14.06353311471444,14.08818304314149,14.1806190151712,14.310833787463377,14.34836067939791,13.889173472016523,13.499101658278368,13.924043640043857,14.01774717299439,"rgba(239, 83, 80, 1.0)",0.0,0.0,0.29842276076760016,14.140981665690584,-1.2096318148189187,0.0,0.0,0.0,0.0,0.0,0.0,0.0,0.0,40.75193663864568,-6.232547071007261,False,True,False,True,False,0.0,1,0.9300737503414367,1.0406992624965856,False,False,False,False,-0.1509199212535421,-0.14330170701283676,False,False,False,False,164099.0,166569.14907241662,False,False,False,False,3463.352634301811,False,False,False,False
2025-11-04 19:00:00+00:00,13.78,13.805,13.63,13.685,7261.0,13.921709983156616,14.029362152124774,13.931383925049735,13.787595146789112,14.069332102431172,14.155074996422147,14.21245316970429,14.290148308230066,14.403676205440547,14.383181707605473,13.932503793225788,13.715870734874454,13.739850471213542,13.809481171951969,14.023990383340763,14.0587987422303,14.083364264749035,14.17583286278938,14.306746914638374,14.34429450106774,13.888849531050841,13.499394342240434,13.920416044207267,14.017126448342513,"rgba(239, 83, 80, 1.0)",0.0,0.0,0.29372978941401423,14.13513881727653,-1.5324929016377569,0.0,0.0,0.0,0.0,0.0,0.0,0.0,0.0,39.39523975960785,-6.361700530052168,False,True,False,True,False,0.0,1,0.9214616853013362,1.039814562312517,False,False,False,False,-0.1605513329815848,-0.1519265199972108,False,False,False,False,156838.0,166418.27854416208,False,False,False,False,3522.230888033566,False,False,False,False
2025-11-04 20:00:00+00:00,13.69,13.82,13.635,13.81,22934.0,13.889718294145537,13.996503396991011,13.91554137603768,13.785784160531426,14.056902506072076,14.14143677212697,14.199398578307365,14.278448830617009,14.392041171860823,14.372515499508399,13.906308885700128,13.718272821039934,13.740727657096306,13.80653111930655,14.012258763338828,14.04658077481535,14.07076706623755,14.162824909698632,14.295205048148249,14.332731570801437,13.888103324454976,13.500527704282295,13.912133613224004,14.015484755593853,"rgba(239, 83, 80, 1.0)",0.0,0.0,0.28401762094810334,14.12135415282329,-1.0962494220743486,0.0,0.0,0.0,0.0,0.0,0.0,0.0,0.0,41.86215277082499,-6.361700530052168,False,True,False,True,True,0.0,1,0.9244614125988546,1.0384510499045543,False,False,False,False,-0.14840133795140276,-0.15016392897430678,False,False,False,False,179772.0,166625.31298533786,False,False,False,False,3823.1885486842084,False,False,False,False
2025-11-05 15:00:00+00:00,12.96,13.91,12.96,13.76,2461.0,13.882729309972587,13.990753314359763,13.911988191012602,13.784347228911797,14.054732504176409,14.139256861159572,14.197395640016671,14.276728301426227,14.390410770260752,14.37100744879783,13.900650469590628,13.717127954069815,13.739508754762113,13.80501063764027,14.010074379101551,14.04441827465648,14.068604678346992,14.160776917004396,14.293521064400423,14.331072938935902,13.887897193241939,13.500548061775525,13.910162661211698,14.015167651121347,"rgba(239, 83, 80, 1.0)",0.0,0.0,0.27535534781002285,14.11879375973935,-1.3030208513941595,0.0,0.0,0.0,0.0,0.0,0.0,0.0,0.0,42.46070839968596,-6.361700530052168,False,True,False,True,True,0.0,1,0.8965246929709956,1.0261301280376274,False,False,False,False,-0.24800613114744413,-0.19908503006087547,False,False,False,False,177311.0,166790.98255145666,False,False,False,False,3802.0693463790267,False,False,False,False
2025-11-05 16:00:00+00:00,13.745,14.11,13.745,14.055,2733.0,13.884641925412708,13.990464943454997,13.9125967415266,13.785561156661638,14.054336767651225,14.138574549985078,14.19662728708009,14.275933129581372,14.38951579153717,14.370199153269485,13.901830613341966,13.718952484542559,13.741078570633492,13.806062370938452,14.00986813611028,14.044064835507305,14.06815777006821,14.16007907785186,14.292718378074126,14.330232386858091,13.887951670101614,13.500795868599123,13.910515694147623,14.015133988123178,"rgba(38, 166, 154, 1.0)",0.0,0.0,0.261553794442745,14.118661359813629,-0.2433968123049539,0.0,0.0,0.0,0.0,0.0,0.0,0.0,0.0,48.64445210465158,-5.858679319618027,False,False,False,False,True,1.6611470501772132,1,0.9404485692188708,1.0110853312709462,False,False,False,False,-0.04799366625421994,-0.1235393481575477,False,False,False,False,180044.0,166996.45569019378,False,False,False,False,3785.4946278305147,False,False,False,False
2025-11-05 17:00:00+00:00,14.09,14.485,13.895,14.425,5303.0,13.900292740647297,13.997760037625625,13.919693166913689,13.791609552632327,14.056258650521478,14.139581646571884,14.197094353141553,14.275895092082052,14.389017285528888,14.36980229726305,13.913545604687046,13.726537697818625,13.747955507840585,13.811710303298401,14.012423666695883,14.046112701011975,14.069902833830621,14.16084200824764,14.292601545731522,14.329954045084067,13.888440769185014,13.501581211109944,13.91456558378315,14.015499618498549,"rgba(38, 166, 154, 1.0)",0.0,0.0,0.25515358384972897,14.121910852734178,1.1878694498146847,0.0,0.0,0.0,0.0,0.0,0.0,0.0,0.0,56.704055239003054,1.3315049744515477,True,False,True,False,True,7.7522907836952015,0,0.9640947288006112,0.9870129870129871,False,False,False,False,0.05180165909401443,-0.03586884453176664,False,False,False,False,185347.0,167280.9602531365,False,False,False,False,3809.0218429029096,False,False,False,False
2025-11-05 18:00:00+00:00,14.465,14.69,13.825,14.175,13200.0,13.930683265017304,14.012005901761233,13.934372561527747,13.80486744975669,14.060057691086545,14.141295339874967,14.197619354396819,14.275330348414533,14.387405516185435,14.368459594655066,13.936868355815614,13.74326549370519,13.763113381342492,13.824055881381843,14.017649841171062,14.050199436315244,14.073303100270047,14.162034298648082,14.291863763537911,14.328847642950823,13.889530471389262,13.503431707612494,13.92320882452867,14.016267867162735,"rgba(38, 166, 154, 1.0)",0.0,0.0,0.24710394646862477,14.128207327959487,0.18936432505117923,0.0,0.0,0.0,0.0,0.0,0.0,0.0,0.0,57.53350069602675,1.7364798385745175,True,False,True,False,True,3.270270884527278,0,0.9653647752394988,0.9668386145910095,False,False,False,False,0.07755075341227727,0.020840954440255313,False,False,False,False,172147.0,167356.40272983204,False,False,False,False,3954.618403478058,False,False,False,False
2025-11-05 19:00:00+00:00,14.17,14.23,13.715,13.75,35715.0,13.924225826524033,13.995825212729917,13.930283140957822,13.811936906887256,14.051024103703012,14.129443850325808,14.18523428016368,14.263183153937222,14.37435107112856,14.356552240975821,13.930461667729576,13.756055904541954,13.773715846754598,13.82954878380412,14.01036862660001,14.041585480510244,14.063794799813358,14.150281854120177,14.279702860542832,14.31632889141467,13.889605808613254,13.506127570641496,13.921491882598193,14.01513597995511,"rgba(38, 166, 154, 1.0)",0.0,0.0,0.23960835161189706,14.119543199816567,-1.5422801305988303,0.0,0.0,0.0,0.0,0.0,0.0,0.0,0.0,52.88522101687879,1.7364798385745175,True,False,True,False,False,0.0,1,0.9655255544840889,0.9840887174541949,False,False,False,False,-0.030873131741931785,-0.005016088650838236,False,False,False,False,136432.0,166876.95462549356,False,False,False,False,4447.027420478398,False,False,False,False
2025-11-05 20:00:00+00:00,13.755,14.02,13.71,13.835,21958.0,13.916658817868045,13.984492639163243,13.925373628505891,13.813850458060221,14.044515734026064,14.121452922885158,14.177040858910168,14.25525419637962,14.36596575626514,14.348861851265804,13.923463575431734,13.760831322158674,13.777454086327337,13.830655625798821,14.004750223424068,14.035298025542419,14.057044410056474,14.142406762780409,14.271784394124388,14.308226176849594,13.889424675561298,13.507585708906236,13.91878514823096,14.014196606918407,"rgba(38, 166, 154, 1.0)",0.0,0.0,0.2307086224406804,14.112956816416846,-1.2047959607071594,0.0,0.0,0.0,0.0,0.0,0.0,0.0,0.0,50.83921710205859,7.416330817611829,True,False,False,False,False,0.0,1,0.9672952972069707,0.9914060634996418,False,False,False,False,-0.07182109317383396,-0.0384185909123361,False,False,False,False,158390.0,166745.37393362544,False,False,False,False,4718.515367447725,False,False,False,False
