date,Close,High,Low,Open,Volume,Gap_Down_aVWAP_136,Gap_Down_aVWAP_35,Gap_Down_aVWAP_24,Gap_Down_aVWAP_15,aVWAP_OB_bull_70,aVWAP_OB_bull_39,aVWAP_OB_bear_133,color,Liquidity,Liquidity_Level,StDev,StDev_Mean,StdDev_ZScore,OB,OB_High,OB_Low,OB_Mitigated_Index,FVG,FVG_High,FVG_Low,FVG_Mitigated_Index,QQEMOD,QQE1_Value,QQE1_Above_Upper,QQE1_Below_Lower,QQE2_Above_Threshold,QQE2_Below_Threshold,QQE2_Above_TL,banker_RSI,TTM_squeeze_Active,VI_plus,VI_minus,VI_Regular_Bullish,VI_Regular_Bearish,VI_Hidden_Bullish,VI_Hidden_Bearish,Fisher,Fisher_Signal,Fisher_Regular_Bullish,Fisher_Regular_Bearish,Fisher_Hidden_Bullish,Fisher_Hidden_Bearish,OBV,OBV_Smoothed,OBV_Regular_Bullish,OBV_Regular_Bearish,OBV_Hidden_Bullish,OBV_Hidden_Bearish,Volume_MA,Vol_Regular_Bullish,Vol_Regular_Bearish,Vol_Hidden_Bullish,Vol_Hidden_Bearish
2021-12-31 00:00:00+00:00,144.0657144769,146.2129578366,140.6492117091,141.3267862804,247909,,,,,,,,#000000,0.0,0.0,,,,0.0,0.0,0.0,0.0,0.0,0.0,0.0,0.0,,,False,False,False,False,False,,0,,,False,False,False,False,,,False,False,False,False,0,0.0,False,False,False,False,247909.0,False,False,False,False
2022-01-07 00:00:00+00:00,139.8189442767,145.0391314666,137.623984398,144.2374939457,334170,,,,,,,,"rgba(239, 83, 80, 0.5)",0.0,0.0,,,,0.0,0.0,0.0,0.0,0.0,0.0,0.0,0.0,0.0,,False,False,False,True,False,,0,,,False,False,False,False,,,False,False,False,False,-334170,-24753.333333333332,False,False,False,False,254298.7037037037,False,False,False,False
2022-01-14 00:00:00+00:00,139.9048340111,142.8155416764,136.3642682936,139.5231018583,343138,,,,,,,,"rgba(239, 83, 80, 0.5)",0.0,0.0,,,,0.0,0.0,0.0,0.0,0.0,0.0,0.0,0.0,0.6059925935201623,-51.514981483800405,False,False,False,True,True,,0,,,False,False,False,False,,,False,False,False,False,8968,-22255.456790123455,False,False,False,False,260879.39231824418,False,False,False,False
2022-01-21 00:00:00+00:00,131.6880494215,139.3704089971,131.4303802183,138.5401415647,240313,,,,,,,,"rgba(239, 83, 80, 0.5)",0.0,0.0,,,,0.0,0.0,0.0,0.0,0.0,0.0,0.0,0.0,0.6237758895278959,-51.46503049183496,False,False,False,True,True,,0,,,False,False,False,False,,,False,False,False,False,-231345,-37743.57110196616,False,False,False,False,259355.9558502261,False,False,False,False
2022-01-28 00:00:00+00:00,127.8802711971,134.112048592,123.5476112625,129.6266957962,498678,,,,,,,,"rgba(239, 83, 80, 0.5)",0.0,0.0,,128.51331035053332,,0.0,0.0,0.0,0.0,0.0,0.0,0.0,0.0,0.5880259598253232,-51.44546950389173,False,False,False,True,True,,0,,,False,False,False,False,,,False,False,False,False,-730023,-89023.52879811681,False,False,False,False,277083.51467613527,False,False,False,False
2022-02-04 00:00:00+00:00,130.0752310758,133.310411071,127.3172162716,127.3935627022,501149,,,,,,,,"rgba(239, 83, 80, 0.5)",0.0,0.0,,129.37592487849483,,0.0,0.0,0.0,0.0,0.0,0.0,0.0,0.0,4.414594862283133,-47.754045300343925,False,False,False,True,True,,0,,,False,False,False,False,,,False,False,False,False,-228874,-99382.82296121927,False,False,False,False,293680.95803345856,False,False,False,False
2022-02-11 00:00:00+00:00,131.1059078884,134.4937807448,128.9968377441,130.0370578605,295134,,,,,,,,"rgba(239, 83, 80, 0.5)",0.0,0.0,,129.86735501334547,,0.0,0.0,0.0,0.0,0.0,0.0,0.0,0.0,8.716349171933071,-43.7571283370649,False,False,False,True,True,,0,,,False,False,False,False,,,False,False,False,False,66260,-87112.98422335117,False,False,False,False,293788.59077172086,False,False,False,False
2022-02-18 00:00:00+00:00,134.2461691552,135.7780039195,129.9953276843,130.4644520809,442330,,,,,,,,"rgba(239, 83, 80, 0.5)",1.0,133.75203,,130.7514794618056,,0.0,0.0,0.0,0.0,0.0,0.0,0.0,0.0,15.756015822101643,-37.29718646406455,False,False,False,True,True,,0,,,False,False,False,False,,,False,False,False,False,508590,-42986.83724384368,False,False,False,False,304791.65812196373,False,False,False,False
2022-02-25 00:00:00+00:00,132.1303223871,134.7631633882,124.5860361729,134.7631633882,430409,,,,,,,,"rgba(239, 83, 80, 0.5)",0.0,0.0,,130.70019145934123,,0.0,0.0,0.0,0.0,0.0,0.0,0.0,0.0,19.729464846265557,-33.93718093020769,False,False,False,True,True,,0,,,False,False,False,False,,,False,False,False,False,78181,-34011.44189244785,False,False,False,False,314096.64640922565,False,False,False,False
2022-03-04 00:00:00+00:00,134.0163939406,135.1556960465,129.325149975,130.3591384408,441628,,,,,,,,"rgba(239, 83, 80, 0.5)",0.0,0.0,,131.06106938507082,,0.0,0.0,0.0,0.0,0.0,0.0,0.0,0.0,24.48904285215778,-29.85026867852163,False,False,False,True,True,,0,,,False,False,False,False,,,False,False,False,False,519809,7012.294544029763,False,False,False,False,323543.4133418756,False,False,False,False
2022-03-11 00:00:00+00:00,122.5850770121,133.9685241042,122.1542484846,133.9685241042,448381,,,,,,,,"rgba(239, 83, 80, 0.5)",0.0,0.0,,130.3535161435272,,0.0,0.0,0.0,0.0,0.0,0.0,0.0,0.0,23.906345205970503,-29.85026867852163,False,False,False,True,True,,0,,,False,False,False,False,,,False,False,False,False,71428,11783.828281509039,False,False,False,False,332790.64198321814,False,False,False,False
2022-03-18 00:00:00+00:00,130.7995409356,132.1590442889,121.7808637608,123.552047707,485279,,,,,,,,"rgba(239, 83, 80, 0.5)",0.0,0.0,,129.15570061328614,,0.0,0.0,0.0,0.0,0.0,0.0,0.0,0.0,28.536449515008858,-26.82664904501964,False,False,False,True,True,,0,,,False,False,False,False,,,False,False,False,False,556707,52148.507668063925,False,False,False,False,344086.07591038715,False,False,False,False
2022-03-25 00:00:00+00:00,128.3486053127,134.4759443699,126.5199775629,130.9240025102,314318,,,,,,,,"rgba(239, 83, 80, 0.5)",0.0,0.0,,129.44585955719617,,0.0,0.0,0.0,0.0,0.0,0.0,0.0,0.0,31.065888476218312,-24.76878608145203,False,False,False,True,True,,0,,,False,False,False,False,,,False,False,False,False,242389,66240.39598894808,False,False,False,False,341881.0332503585,False,False,False,False
2022-04-01 00:00:00+00:00,131.5271624486,132.2452099944,126.3667940864,127.8028891779,473104,,,,,,,,"rgba(239, 83, 80, 0.5)",0.0,0.0,,129.66849659659061,,0.0,0.0,0.0,0.0,0.0,0.0,0.0,0.0,34.41417736198494,-21.873490327356706,False,False,False,True,True,,0,,,False,False,False,False,,,False,False,False,False,715493,114333.18147124822,False,False,False,False,351601.2530095912,False,False,False,False
2022-04-08 00:00:00+00:00,126.5391254974,132.7430562928,126.4625337592,130.8857066411,447732,,,,,,,,"rgba(239, 83, 80, 0.5)",0.0,0.0,,129.5072676207995,,0.0,0.0,0.0,0.0,0.0,0.0,0.0,0.0,35.258782017751855,-21.323653047491923,False,False,False,True,True,,0,,,False,False,False,False,,,False,False,False,False,267761,125698.20506597057,False,False,False,False,358722.04908295476,False,False,False,False
2022-04-15 00:00:00+00:00,121.0149463787,126.3284982173,120.8474019514,125.5721548025,423687,,,,122.73028218246665,,,,"rgba(239, 83, 80, 0.5)",0.0,0.0,,128.5848209835861,,0.0,0.0,0.0,0.0,0.0,0.0,0.0,0.0,34.468032446723306,-21.323653047491923,False,False,False,True,True,,0,,,False,False,False,False,,,False,False,False,False,-155926,104837.15283886164,False,False,False,False,363534.2676694025,False,False,False,False
2022-04-22 00:00:00+00:00,121.7329939245,127.9273507525,120.0001058474,121.0149463787,574384,,,,123.01219833563451,,,,"rgba(239, 83, 80, 0.5)",0.0,0.0,,127.7925202007867,,0.0,0.0,0.0,0.0,0.0,0.0,0.0,0.0,34.24766576576252,-21.323653047491923,False,False,False,True,True,,0,,,False,False,False,False,,,False,False,False,False,418458,128068.32670264968,False,False,False,False,379152.76636055793,False,False,False,False
2022-04-29 00:00:00+00:00,115.5482110636,121.7042720226,110.1963633559,120.2681769311,1353460,,,,118.87047759107573,,,,"rgba(239, 83, 80, 0.5)",-1.0,115.69162,,121.75950065954758,,0.0,0.0,0.0,0.0,0.0,0.0,0.0,0.0,32.72806397293617,-21.323653047491923,False,False,False,True,True,,0,,,False,False,False,False,,,False,False,False,False,-935002,49322.37657652749,False,False,False,False,451323.6725560722,False,False,False,False
2022-05-06 00:00:00+00:00,117.0991937625,121.8766034336,111.8574466784,115.2801399799,883231,,,,118.3445784616383,,,,"rgba(239, 83, 80, 0.5)",0.0,0.0,,121.19404913180692,,0.0,0.0,0.0,0.0,0.0,0.0,0.0,0.0,32.386313404986026,-21.323653047491923,False,False,False,True,True,,0,,,False,False,False,False,,,False,False,False,False,-51771,41833.97831159952,False,False,False,False,483316.80792228907,False,False,False,False
2022-05-13 00:00:00+00:00,116.285406544,117.9895727192,111.6994762184,115.6726726382,878784,,,,117.69946187766958,,,,"rgba(239, 83, 80, 0.5)",0.0,0.0,,120.44007904419864,,0.0,0.0,0.0,0.0,0.0,0.0,0.0,0.0,31.96046161766096,-21.323653047491923,False,False,False,True,True,,0,,,False,False,False,False,,,False,False,False,False,-930555,-30194.83489666711,False,False,False,False,512610.6740021195,False,False,False,False
2022-05-20 00:00:00+00:00,115.7664468784,119.3607230807,113.6473615773,115.9586541619,804730,,,,117.46363838266414,,,,"rgba(239, 83, 80, 0.5)",0.0,0.0,,120.0424024627235,,0.0,0.0,0.0,0.0,0.0,0.0,0.0,0.0,31.536262609220636,-21.323653047491923,False,False,False,True,True,,0,,,False,False,False,False,,,False,False,False,False,-1735285,-156497.8100895066,False,False,False,False,534249.1425945552,False,False,False,False
2022-05-27 00:00:00+00:00,124.4157746379,124.7233062915,114.6804757264,115.7664468784,1397783,,,,118.30671478060509,,,,"rgba(239, 83, 80, 0.5)",0.0,0.0,,120.65454902290956,,0.0,0.0,0.0,0.0,0.0,0.0,0.0,0.0,35.11388357137274,-21.198119212936575,False,False,False,True,True,,1,,,False,False,False,False,,,False,False,False,False,-337502,-169905.52786065426,False,False,False,False,598214.613513477,False,False,False,False
2022-06-03 00:00:00+00:00,121.6672104832,124.5214886438,119.9085138388,123.2144791157,636149,,,,118.64762714629185,,,,"rgba(239, 83, 80, 0.5)",0.0,0.0,,120.84571586215027,,0.0,0.0,0.0,0.0,0.0,0.0,0.0,0.0,36.88425627575265,-19.38743829658029,False,False,False,True,True,,1,,,False,False,False,False,,,False,False,False,False,-973651,-229442.22950060578,False,False,False,False,601024.5680680342,False,False,False,False
2022-06-10 00:00:00+00:00,118.9186463285,124.588761193,117.3809880602,123.1568169306,403340,,,,118.7380225718204,,,,"rgba(239, 83, 80, 0.5)",0.0,0.0,,120.8040693019642,,0.0,0.0,0.0,0.0,0.0,0.0,0.0,0.0,37.40952072878804,-18.76204304083316,False,False,False,True,True,,1,,,False,False,False,False,,,False,False,False,False,-1376991,-314445.8421301905,False,False,False,False,586381.2667296614,False,False,False,False
2022-06-17 00:00:00+00:00,110.2885392974,117.26566369,108.9526986768,116.2469650873,743076,,,112.1689672214,118.13528964168697,,,,"rgba(239, 83, 80, 0.5)",0.0,0.0,,119.79615107786186,,0.0,0.0,0.0,0.0,0.0,0.0,0.0,0.0,35.85916844430264,-18.76204304083316,False,False,False,True,True,,1,,,False,False,False,False,,,False,False,False,False,-2120067,-448195.55752795417,False,False,False,False,597988.2840089457,False,False,False,False
2022-06-24 00:00:00+00:00,115.5646292307,116.5256656484,108.4914011963,110.7306160495,557923,,,112.75144820262544,117.83829577916875,,,,"rgba(239, 83, 80, 0.5)",0.0,0.0,,117.18234635288687,,0.0,0.0,0.0,0.0,0.0,0.0,0.0,0.0,36.740505008191036,-18.76204304083316,False,False,False,True,True,,1,,,False,False,False,False,-0.34282825441539394,-0.34282825441539394,False,False,False,False,-1562144,-530710.2569703279,False,False,False,False,595020.4851934683,False,False,False,False
2022-07-01 00:00:00+00:00,117.2848844184,118.6111146748,113.2004796431,116.1508614455,472145,,,113.71378016176405,117.76212095481579,,,,"rgba(239, 83, 80, 0.5)",0.0,0.0,,117.40453037743573,,0.0,0.0,0.0,0.0,0.0,0.0,0.0,0.0,37.97214544413727,-17.88310249822407,False,False,False,True,True,,1,0.8536041509209531,1.1250149646387209,False,False,False,False,-0.25776965072507807,-0.300298952570236,False,False,False,False,-1089999,-572139.0527503036,False,False,False,False,585918.5974013596,False,False,False,False
2022-07-08 00:00:00+00:00,118.6687768599,119.5529303642,115.1898250278,115.257097577,351937,,,114.39114014314275,117.76366978801072,,,,"rgba(239, 83, 80, 0.5)",0.0,0.0,,117.58136508482119,,0.0,0.0,0.0,0.0,0.0,0.0,0.0,0.0,39.338480573355724,-16.413068854481537,False,False,False,True,True,,1,0.8766804815818624,1.1162543457162357,False,False,False,False,-0.214728130004667,-0.2575135412874515,False,False,False,False,-738062,-584429.6414354662,False,False,False,False,568586.6272234811,False,False,False,False
2022-07-15 00:00:00+00:00,117.8903373615,119.8652672,113.3830765624,117.9479995466,425444,,,114.83402574132337,117.73285720345459,,,,"rgba(239, 83, 80, 0.5)",0.0,0.0,,117.6214024060589,,0.0,0.0,0.0,0.0,0.0,0.0,0.0,0.0,40.10537986088435,-15.518847236747177,False,False,False,True,True,,1,0.8739365674707466,1.103426703932128,False,False,False,False,-0.21457480954075722,-0.23604417541410438,False,False,False,False,-1163506,-627324.1865143207,False,False,False,False,557983.4696513714,False,False,False,False
2022-07-22 00:00:00+00:00,124.0217497066,124.6227818822,117.4386502452,119.2838401672,357005,,,115.71731410536476,117.88225586250825,,,,"rgba(239, 83, 80, 0.5)",0.0,0.0,,118.00666217621328,,0.0,0.0,0.0,0.0,0.0,0.0,0.0,0.0,42.743658775353865,-12.83948949294846,False,False,False,True,True,,1,0.9215322484297811,1.0651173515751762,False,False,False,False,-0.05403899753178566,-0.14504158647294502,False,False,False,False,-806501,-640596.5430688155,False,False,False,False,543096.1756031216,False,False,False,False
2022-07-29 00:00:00+00:00,123.33941385,126.9336900523,117.7077404422,124.6752544706,736355,,,117.12034650559389,118.20211989823876,,,,"rgba(239, 83, 80, 0.5)",0.0,0.0,,118.64688445453781,,0.0,0.0,0.0,0.0,0.0,0.0,0.0,0.0,44.419166748263365,-11.13692319191005,False,False,False,True,True,,1,0.9627254355211796,1.0268150748608034,False,False,False,False,-0.012207010094545535,-0.07862429828374527,False,False,False,False,-1542856,-707430.57691557,False,False,False,False,557411.6440769645,False,False,False,False
2022-08-05 00:00:00+00:00,121.4365617429,124.5599301005,120.0046174805,123.6373351395,390089,,,117.59224924889276,118.33220924667964,,,,"rgba(239, 83, 80, 0.5)",0.0,0.0,,118.85958293771394,,0.0,0.0,0.0,0.0,0.0,0.0,0.0,0.0,45.02689821648277,-10.454896600569988,False,False,False,True,True,,1,0.9548539639844291,1.035121576825782,False,False,False,False,-0.013452243979251816,-0.04603827113149855,False,False,False,False,-1932945,-798209.4230699722,False,False,False,False,545017.3741453375,False,False,False,False
2022-08-12 00:00:00+00:00,126.3474578375,126.4339511151,120.4274735043,122.6090261725,451738,,,118.27812859719735,118.5638053077206,,,,#000000,0.0,0.0,,119.22309580017117,,0.0,0.0,0.0,0.0,0.0,0.0,0.0,0.0,47.064185717271485,-8.386488012324953,False,False,False,False,True,,1,0.9485079540521973,1.0314770762108203,False,False,False,False,0.023748265739129196,-0.011145002696184675,False,False,False,False,-1481207,-848801.8361759002,False,False,False,False,538107.7908753125,False,False,False,False
2022-08-19 00:00:00+00:00,126.3733399644,128.1574568671,125.1389239452,125.5825422021,425159,,,118.99483555114594,118.84083786066658,,,,#000000,0.0,0.0,,121.2505973022769,,0.0,0.0,0.0,0.0,0.0,0.0,0.0,0.0,48.527488881953715,-6.8942153798525965,False,False,False,False,True,,1,0.9671388224248273,1.029638969556014,False,False,False,False,0.14393460721909873,0.06639480226145703,False,False,False,False,-1056048,-864153.4038665742,False,False,False,False,529741.2137734375,False,False,False,False
2022-08-26 00:00:00+00:00,117.4816870762,127.0194795994,117.4334677004,125.4378840749,291162,,,119.08718977034938,118.88266661506928,,,,#000000,0.0,0.0,,120.67903022782968,,0.0,0.0,0.0,0.0,0.0,0.0,0.0,0.0,46.90349155353547,-6.8942153798525965,False,False,False,False,True,,1,0.9550191327179129,1.030375160754063,False,False,False,False,-0.004950557018924177,0.030722122621266425,False,False,False,False,-1347210,-899935.3739505317,False,False,False,False,512068.6794198496,False,False,False,False
2022-09-02 00:00:00+00:00,111.5410599838,117.2695218229,110.9817152252,116.3340659334,304076,,113.26409901063332,118.76560838758863,118.74983213169855,,,,"rgba(239, 83, 80, 0.5)",0.0,0.0,,119.66019492895325,,0.0,0.0,0.0,0.0,0.0,0.0,0.0,0.0,44.35301824443988,-6.8942153798525965,False,False,False,True,False,,1,0.8974117991147219,1.0820625037801088,False,False,False,False,-0.2775888413264548,-0.12343335935259418,False,False,False,False,-1651286,-955590.9758801219,False,False,False,False,496661.8142776385,False,False,False,False
2022-09-09 00:00:00+00:00,118.2628409633,118.5232255924,110.6441795949,112.3993648722,275245,,114.47373771132867,118.62489846968107,118.68823834716838,,,,"rgba(239, 83, 80, 0.5)",0.0,0.0,,119.28908013831955,,0.0,0.0,0.0,0.0,0.0,0.0,0.0,0.0,44.676197919013255,-6.8942153798525965,False,False,False,True,False,,1,0.9318871061357169,1.0710575409563996,False,False,False,False,-0.25954055287821715,-0.19148695611540567,False,False,False,False,-1376041,-986735.4221112239,False,False,False,False,480260.5687755912,False,False,False,False
2022-09-16 00:00:00+00:00,113.3926840126,119.526188608,112.5633107497,118.5521572178,480484,,114.78519853762064,118.35908536739261,118.56377155284365,,,,"rgba(239, 83, 80, 0.5)",0.0,0.0,,118.78845163343473,,0.0,0.0,0.0,0.0,0.0,0.0,0.0,0.0,43.790840240159426,-6.8942153798525965,False,False,False,True,False,,1,0.943062047000416,1.0571165451741973,False,False,False,False,-0.2030060435596545,-0.19724649983753006,False,False,False,False,-1856525,-1051164.2797326148,False,False,False,False,480277.11923665856,False,False,False,False
2022-09-23 00:00:00+00:00,107.4231252948,115.2925274172,106.8444927858,112.3029261207,368756,,113.5121433437041,117.8860464190456,118.33411504916464,,,,"rgba(239, 83, 80, 0.5)",0.0,0.0,,118.11363735159298,,0.0,0.0,0.0,0.0,0.0,0.0,0.0,0.0,41.95427992032765,-2.7320368590314317,False,False,False,True,False,,1,0.8866302068625096,1.0924067865253055,False,False,False,False,-0.34282825441539394,-0.27003737712646203,False,False,False,False,-2225281,-1138135.88864131,False,False,False,False,472016.29558949865,False,False,False,False
2022-09-30 00:00:00+00:00,105.3882676382,109.621928829,104.8771422553,107.7799486754,522305,,111.66935085463433,117.06406463826723,117.91273423951615,,106.6291129075,,"rgba(239, 83, 80, 0.5)",0.0,0.0,,114.35648525069948,,1.0,109.621925,104.877144,0.0,0.0,0.0,0.0,0.0,40.261354723930566,-4.439707246752533,False,False,False,True,False,,1,0.8760542870996529,1.1117035753889326,False,False,False,False,-0.34282825441539394,-0.30643281577092796,False,False,False,False,-2747586,-1257354.4154086201,False,False,False,False,475741.38480509137,True,False,False,False
2022-10-07 00:00:00+00:00,111.2999631051,114.3088521519,106.2658602768,106.2658602768,384005,,111.49757370628299,116.7359890055363,117.72481569401002,,108.32213084919886,,"rgba(239, 83, 80, 0.5)",0.0,0.0,,114.47001312320506,,0.0,0.0,0.0,0.0,0.0,0.0,0.0,0.0,40.8800394970402,-4.439707246752533,False,False,False,True,False,,1,0.8800397508296944,1.0829289067526389,False,False,False,False,-0.23064920093239236,-0.26854100835166017,False,False,False,False,-2363581,-1339297.1253783521,False,False,False,False,468946.09704175126,False,False,False,False
2022-10-14 00:00:00+00:00,109.5254900775,113.6434247665,108.4791296237,111.039578476,484072,,111.33474336930031,116.36262052651765,117.49892309812113,,109.09755338494043,,"rgba(239, 83, 80, 0.5)",0.0,0.0,,114.33399907418041,,0.0,0.0,0.0,0.0,0.0,0.0,0.0,0.0,40.94422368054707,-4.439707246752533,False,False,False,True,False,,1,0.9215230372663922,1.0533557175315265,False,False,False,False,-0.20305882512061535,-0.23579991673613776,False,False,False,False,-2847653,-1451027.190165141,False,False,False,False,470066.5342979178,False,False,False,False
2022-10-21 00:00:00+00:00,112.6886811267,115.7457895492,109.5158462024,111.164948853,458880,,111.51888797759679,116.16172102568842,117.35841355623883,,109.97909162691117,,"rgba(239, 83, 80, 0.5)",0.0,0.0,,114.40503660104872,,0.0,0.0,0.0,0.0,0.0,0.0,0.0,0.0,41.93530117850421,-4.439707246752533,False,False,False,True,False,,1,0.931032905778128,1.0511126949229286,False,False,False,False,-0.14798361164032228,-0.19189176418823,False,False,False,False,-2388773,-1520489.8427455008,False,False,False,False,469237.9021277017,False,False,False,False
2022-10-28 00:00:00+00:00,127.3570152297,134.262029837,112.2354189946,113.5952053908,764044,,113.99507438694566,116.86067789458569,117.69256693607338,,114.2590681381804,,#000000,0.0,0.0,,116.21080291518912,,0.0,0.0,0.0,0.0,0.0,0.0,0.0,0.0,46.10857318612682,-8.942187971996582,False,False,False,False,True,,1,0.9992541202583267,0.9213725638480278,False,False,False,False,0.2177159786740066,0.012912107242888299,False,False,False,False,-1624729,-1528211.2618013895,False,False,False,False,491075.39085898304,False,False,False,False
2022-11-04 00:00:00+00:00,127.0194795994,131.5906764205,122.6604480317,127.2991519788,652139,,115.81438245832587,117.53479318425244,118.04781332061826,,116.82156188159688,,#000000,0.0,0.0,,117.49780958019029,,0.0,0.0,0.0,0.0,0.0,0.0,0.0,0.0,49.00304145562475,-6.171160952335413,False,False,False,False,True,,1,1.0445402335279177,0.9356256905590554,False,False,False,False,0.34282825068900713,0.1778701789659477,False,False,False,False,-2276868,-1583667.316482768,False,False,False,False,503006.0285731324,False,False,False,False
2022-11-11 00:00:00+00:00,133.7605483292,134.8840597842,126.8169582213,128.3696221204,574268,,117.55913108119312,118.31832675013841,118.49150737803994,,119.0648084193835,,#000000,0.0,0.0,,118.7711285520256,,0.0,0.0,0.0,0.0,0.0,0.0,0.0,0.0,52.354995699387004,-3.0161795005607956,False,False,False,False,True,,0,1.0662284135550077,0.8994421962275417,False,False,False,False,0.3428282512771435,0.26034921512154563,False,False,False,False,-1702600,-1592477.1448914518,False,False,False,False,508284.69312327076,False,False,False,False
2022-11-18 00:00:00+00:00,133.501582969,135.6061415176,130.580649226,134.3724347822,796896,,119.61803804735348,119.37294702920386,119.12216682370911,,121.49929287038039,,"rgba(38, 166, 154, 0.5)",0.0,0.0,,120.29885044548423,,0.0,0.0,0.0,0.0,0.0,0.0,0.0,0.0,54.67618144713402,-0.888816279760043,False,False,True,False,True,,0,1.07579372135594,0.9024222197654436,False,False,False,False,0.34282825154950003,0.30158873333552283,False,False,False,False,-2499496,-1659663.7267513443,False,False,False,False,529663.308447473,False,False,False,False
2022-11-25 00:00:00+00:00,137.5171774411,138.3686769918,133.5354494284,134.2079405508,325352,,120.47619101772294,119.85289181182065,119.42010578524349,,122.48115778574952,,"rgba(38, 166, 154, 0.5)",0.0,0.0,,120.95328362846047,,0.0,0.0,0.0,0.0,0.0,0.0,0.0,0.0,57.0724436506942,1.31495805183242,False,False,True,False,True,,0,1.0878310746350586,0.9133036008342017,False,False,False,False,0.34282825183493265,0.32220849258522777,False,False,False,False,-2174144,-1697773.3766216151,False,False,False,False,514529.1374513639,False,False,False,False
2022-12-02 00:00:00+00:00,136.9849902219,138.6373831569,131.4308908797,136.4915075277,430316,,121.43565448446576,120.41952523029933,119.78127019429414,,123.53480832963311,,"rgba(38, 166, 154, 0.5)",0.0,0.0,,125.46906104630095,,0.0,0.0,0.0,0.0,0.0,0.0,0.0,0.0,58.61831848222724,2.7188800390229346,False,False,True,False,True,,0,1.0484566971375866,0.9120241284798721,False,False,False,False,0.3193209070595912,0.3207646998224095,False,False,False,False,-2604460,-1764935.3487237177,False,False,False,False,508291.1272697814,False,False,False,False
2022-12-09 00:00:00+00:00,130.1149370286,135.6206557145,128.7506025212,135.6206557145,431457,,122.03413357829912,120.80322823052761,120.03640266571884,,124.12457639239798,,"rgba(38, 166, 154, 0.5)",0.0,0.0,,125.32186157736199,,0.0,0.0,0.0,0.0,0.0,0.0,0.0,0.0,57.70756669058506,2.7188800390229346,False,False,True,False,True,0.0,0,1.0403399988117699,0.9214003583987518,False,False,False,False,0.24837737423537312,0.2845710370288913,False,False,False,False,-3035917,-1859082.137707146,False,False,False,False,502599.7104349828,False,False,False,False
2022-12-16 00:00:00+00:00,125.7122973061,134.0240940569,125.3058997933,130.3858687038,594844,,122.51270630728264,121.14712923716871,120.27868802777752,,124.5159308887729,,"rgba(38, 166, 154, 0.5)",0.0,0.0,,126.74017732480154,,0.0,0.0,0.0,0.0,0.0,0.0,0.0,0.0,55.917954702669924,2.7188800390229346,False,False,True,False,True,0.0,0,1.074002837917576,0.8996495473743735,False,False,False,False,0.18760243255813422,0.23608673479351278,False,False,False,False,-3630761,-1990317.608988098,False,False,False,False,509432.62077313225,False,False,False,False
2022-12-23 00:00:00+00:00,136.1141384087,136.6560017591,126.2444845253,127.0669556823,577969,,123.23247728090517,121.65005273386339,120.62923134941862,,125.21718344662689,,"rgba(38, 166, 154, 0.5)",0.0,0.0,,127.7635774475242,,0.0,0.0,0.0,0.0,0.0,0.0,0.0,0.0,56.77646083890754,2.7188800390229346,False,False,True,False,True,2.9850411595296436,0,1.0773535527558071,0.8810973788645408,False,False,False,False,0.23047911357375148,0.2332829241836321,False,False,False,False,-3052792,-2069019.4157297204,False,False,False,False,514509.3896047521,False,False,False,False
2022-12-30 00:00:00+00:00,139.5201366115,140.2458464559,135.6109795832,136.8979050406,343824,,123.829498636166,122.0637188767742,120.91668097120993,,125.83743139514432,,"rgba(38, 166, 154, 0.5)",0.0,0.0,,128.7363736564953,,0.0,0.0,0.0,0.0,0.0,0.0,0.0,0.0,57.99135710059913,2.7188800390229346,False,False,True,False,True,4.757357270585835,0,1.1016795277414446,0.8728641286910749,False,False,False,False,0.34282825200116734,0.28805558809239973,False,False,False,False,-2708968,-2116423.014564556,False,True,False,False,501866.0274118075,False,True,False,False
2023-01-06 00:00:00+00:00,135.7077408958,141.5908287008,135.5819511895,140.1684374058,571297,,124.67341583336031,122.67512063518252,121.35263615907435,,126.68873783487703,,"rgba(38, 166, 154, 0.5)",0.0,0.0,,132.98075915308857,,0.0,0.0,0.0,0.0,0.0,0.0,0.0,0.0,57.84919027276243,2.7188800390229346,False,False,True,False,True,2.576749624929345,0,1.0905034693595834,0.8718725211384053,False,False,False,False,0.3428282520518585,0.3154419200721291,False,False,False,False,-3280265,-2202633.5320042185,False,False,False,False,507009.0624183403,False,False,False,False
2023-01-13 00:00:00+00:00,130.5697151977,137.401063866,127.395944145,135.9593203085,696246,,125.16702865812276,123.09152871226974,121.67423456267707,,127.1012620414548,,"rgba(38, 166, 154, 0.5)",0.0,0.0,,132.05951396696014,,0.0,0.0,0.0,0.0,0.0,0.0,0.0,0.0,56.4798005660709,2.7188800390229346,False,False,True,False,True,0.0,0,1.0568606090004031,0.8967526408523787,False,False,False,False,0.2023930640243099,0.2589174920482195,False,False,False,False,-3976511,-2334031.862966869,False,False,False,False,521026.6133503151,False,False,False,False
2023-01-20 00:00:00+00:00,127.9958642831,132.2049813804,124.9865874618,130.1439654224,401206,,125.2911373432811,123.22759960821375,121.7915081476821,,127.15891260291019,,"rgba(38, 166, 154, 0.5)",0.0,0.0,,131.43278848248522,,0.0,0.0,0.0,0.0,0.0,0.0,0.0,0.0,54.89868379148509,2.7188800390229346,False,False,True,False,False,0.0,0,1.0243846843367121,0.9467562326944021,False,False,False,False,0.12015819049270819,0.18953784127046386,False,False,False,False,-4377717,-2485415.9471915457,False,False,False,False,512151.01236140286,False,False,False,False
2023-01-27 00:00:00+00:00,130.1536415536,130.1923460787,124.5511615551,127.918455233,500793,,125.42884772842696,123.38495195906651,121.93020935821296,,127.21895234163888,,"rgba(38, 166, 154, 0.5)",0.0,0.0,,131.17198687332356,,0.0,0.0,0.0,0.0,0.0,0.0,0.0,0.0,54.25279892048973,2.7188800390229346,False,False,True,False,False,0.0,0,1.0212288527725002,0.9678905300117195,False,False,False,False,0.09407994372944777,0.14180889249995582,False,False,False,False,-3876924,-2588490.6177699496,False,False,False,False,511309.67811241,False,False,False,False
2023-02-03 00:00:00+00:00,135.8045022084,136.8495243843,128.8280115713,129.6698349907,957655,,126.10493857399656,123.96982248009807,122.39612444606844,,127.82353989065216,,"rgba(38, 166, 154, 0.5)",0.0,0.0,,132.37881708916387,,0.0,0.0,0.0,0.0,0.0,0.0,0.0,0.0,54.985667598218726,2.7188800390229346,False,False,True,False,False,2.5453380150436224,0,1.03080822674861,0.9230704289282332,False,False,False,False,0.21206967699233217,0.176939284746144,False,False,False,False,-2919269,-2612992.720157361,False,False,False,False,544372.2945485278,False,False,False,False
2023-02-10 00:00:00+00:00,132.2049813804,135.1658775454,130.4777919508,134.6723948512,431417,,126.33280843446721,124.18261718365866,122.57330343541392,,128.01324951615746,,"rgba(38, 166, 154, 0.5)",0.0,0.0,,132.42486227849002,,0.0,0.0,0.0,0.0,0.0,0.0,0.0,0.0,54.586932460991235,2.7188800390229346,False,False,True,False,False,0.612534959978877,0,1.033880086512375,0.9375248643029794,False,False,False,False,0.21169678624361632,0.19431803549488016,False,False,False,False,-3350686,-2667636.6668123715,False,False,False,False,536005.2356930813,False,False,False,False
2023-02-17 00:00:00+00:00,136.1125432875,138.5105317463,128.3360705933,132.0835343386,592660,,126.69917412314234,124.51413540917807,122.84654649226786,,128.33849363547543,,"rgba(38, 166, 154, 0.5)",0.0,0.0,,133.09202786515385,,0.0,0.0,0.0,0.0,0.0,0.0,0.0,0.0,55.123973682033935,2.7188800390229346,False,False,True,False,False,2.611192709145328,0,0.9993491899790716,0.931811185751517,False,False,False,False,0.2249782628162136,0.2096481491555469,False,False,False,False,-2758026,-2674332.172974418,False,False,False,False,540201.8849010012,False,False,False,False
2023-02-24 00:00:00+00:00,130.5301814908,135.6368289779,127.1613475021,135.6368289779,417723,,126.83729712409479,124.66273418768066,122.97983623832124,,128.43568546927554,,"rgba(38, 166, 154, 0.5)",0.0,0.0,,132.64136406606667,,0.0,0.0,0.0,0.0,0.0,0.0,0.0,0.0,54.109638154458196,2.7188800390229346,False,False,True,False,False,0.0,1,1.028905309918801,0.9377507361250741,False,False,False,False,0.1805619156356208,0.19510503239558386,False,False,False,False,-3175749,-2711474.160161498,False,False,False,False,531129.3749083345,False,False,False,False
2023-03-03 00:00:00+00:00,131.7049045819,134.0252253983,128.1516099426,131.3456917359,431356,,126.9769113546414,124.81350910487153,123.11605932800825,,128.53559157911386,,#000000,0.0,0.0,,132.42910138323788,,0.0,0.0,0.0,0.0,0.0,0.0,0.0,0.0,53.650240023351365,2.7188800390229346,True,False,False,False,False,0.2905915206833072,1,1.0648676074092431,0.8987487211649814,False,False,False,False,0.17381113343950652,0.18445808291754517,False,False,False,False,-2744393,-2713912.592742128,False,False,False,False,523738.7545447541,False,False,False,False
2023-03-10 00:00:00+00:00,129.268082302,134.6562749927,128.8312018135,131.4233593783,725837,,127.17428569744128,125.03847776543802,123.32540308308549,,128.6679613281598,,#000000,0.0,0.0,,132.1490452405227,,0.0,0.0,0.0,0.0,0.0,0.0,0.0,0.0,52.70934430721182,7.3067921546563355,True,False,False,False,False,0.0,1,1.0705576654262692,0.9007998913657936,False,False,False,False,0.18807018940090847,0.18626413615922682,False,False,False,False,-3470230,-2769936.104390859,False,False,False,False,538708.9949488464,False,False,False,False
2023-03-17 00:00:00+00:00,125.4041170931,131.4427762889,124.4381257909,127.8603562836,777413,,127.17025016807537,125.11656351984115,123.43070406768756,,128.57963151646064,,#000000,0.0,0.0,,131.34797872856294,,0.0,0.0,0.0,0.0,0.0,0.0,0.0,0.0,51.103578613963286,5.596054610882568,True,False,False,False,False,0.0,1,1.0393273949489292,0.9216720097480406,False,False,False,False,0.10617816954127793,0.1462211528502524,False,False,False,False,-4247643,-2879395.8744359803,False,False,True,False,556390.7731007837,False,False,False,False
2023-03-24 00:00:00+00:00,125.8312891262,130.763184418,124.2051228637,126.0254582322,573375,,127.16167260284494,125.16605117073753,123.50140815538755,,128.51415322656902,,#000000,0.0,0.0,,129.7653142118179,,0.0,0.0,0.0,0.0,0.0,0.0,0.0,0.0,50.071921153644126,4.470251907414372,True,False,False,False,False,0.0,1,1.0670833330323868,0.9031912871592204,False,False,False,False,0.09646880317266911,0.12134497801146074,False,False,False,False,-3674268,-2938275.2911444264,False,False,False,False,557648.8639822071,False,False,False,False
2023-03-31 00:00:00+00:00,129.6078782374,129.6175866927,126.8798022985,127.4040588846,409058,,127.20042895899964,125.2334561282554,123.57523861667158,,128.51932914748576,,#000000,0.0,0.0,,129.84213731482706,,0.0,0.0,0.0,0.0,0.0,0.0,0.0,0.0,50.34598037167265,4.470251907414372,True,False,False,False,False,0.0,1,1.085430741216454,0.8747694062284344,False,False,False,False,0.08913595623008046,0.10524046712077059,False,False,False,False,-3265210,-2962492.67698558,False,False,False,False,546642.1333168584,False,False,False,False
2023-04-07 00:00:00+00:00,127.1613475021,131.0058958004,126.0642920534,130.0059249047,684528,,127.23585855955692,125.32137271047543,123.67971350655898,,128.49981616962194,,#000000,0.0,0.0,,129.6840314322883,,0.0,0.0,0.0,0.0,0.0,0.0,0.0,0.0,49.890242688799724,4.024594230500938,True,False,False,False,False,0.0,1,1.0803806734061647,0.8935933361686514,False,False,False,False,0.08922500799439285,0.09723273755758172,False,False,False,False,-3949738,-3035621.960171833,False,False,False,False,556855.9012193134,False,False,False,False
2023-04-14 00:00:00+00:00,126.9380530303,129.2001231149,126.0934174193,126.7244670137,363428,,127.23952735704285,125.3551101082954,123.72512076301332,,128.47487805637354,,#000000,0.0,0.0,,129.54799244210514,,0.0,0.0,0.0,0.0,0.0,0.0,0.0,0.0,49.50411822551935,3.489205692977677,True,False,False,False,False,0.0,1,1.0699385338941412,0.898359361142106,False,False,False,False,0.05187310421178296,0.07455292088468234,False,False,False,False,-4313166,-3130254.852010957,False,False,False,False,542527.9085364013,False,False,False,False
2023-04-21 00:00:00+00:00,127.1128052256,128.8748898624,126.1322512405,127.2390151445,279678,,127.24165545982638,125.37988327808957,123.75897323801863,,128.45580649225965,,#000000,0.0,0.0,,129.45374372789234,,0.0,0.0,0.0,0.0,0.0,0.0,0.0,0.0,49.2817565524816,3.1024571254129327,True,False,False,False,False,0.0,1,1.0659668488600795,0.9092798370979692,False,False,False,False,-0.14797911574730394,-0.0367130974313108,False,False,False,False,-4033488,-3197161.0111212567,False,False,False,False,523057.54494111234,False,False,False,False
2023-04-28 00:00:00+00:00,125.9672075004,127.9768577472,123.7779508306,126.5788401842,335469,,127.21667386936721,125.38753657153907,123.78262195308886,,128.4039594728977,,#000000,0.0,0.0,,129.25422046114454,,0.0,0.0,0.0,0.0,0.0,0.0,0.0,0.0,48.776363150666654,2.43914526268545,True,False,False,False,False,0.0,1,1.0433066692309216,1.0127428579744056,False,False,False,False,-0.34282825441539394,-0.18977067592335237,False,False,False,False,-4368957,-3283960.714001164,False,False,False,False,509162.09716769663,False,False,False,False
2023-05-05 00:00:00+00:00,130.277761653,136.4911730442,118.996536596,125.9574990451,983955,,127.28808450889163,125.51820313499428,123.93293401255765,128.58849043106665,128.41435066657021,,#000000,0.0,0.0,,128.80057122883804,,1.0,136.49118,118.99654,0.0,0.0,0.0,0.0,0.0,49.7831159890998,2.43914526268545,True,False,False,False,False,0.0,1,0.9570424102912977,0.9501944433126592,True,False,False,False,-0.23743542061058578,-0.21360304826696908,False,False,False,False,-3385002,-3291445.2537047816,False,False,False,False,544331.9418219413,False,False,False,False
2023-05-12 00:00:00+00:00,139.2872081702,139.6367125609,129.3020618955,130.4428053931,678545,,127.59259758075436,125.80725605214887,124.18930097533669,131.6442232957728,128.7007276327615,,#000000,0.0,0.0,,130.17196714020002,,0.0,0.0,0.0,0.0,0.0,0.0,0.0,0.0,52.81368023750292,-0.7422140178520138,True,False,False,False,True,4.5055460155011815,1,0.9912048959022675,0.9516206844768972,False,False,False,False,0.11672402617968777,-0.04843951104364065,False,False,False,False,-2706457,-3248112.7904673903,False,False,False,False,554273.6498351309,False,False,False,False
2023-05-19 00:00:00+00:00,139.9006268786,143.9136505,136.9005995112,139.072697248,523144,,127.92166707444875,126.10558787877844,124.44636161113543,133.70125345867615,129.02392752329516,,"rgba(38, 166, 154, 1.0)",0.0,0.0,,131.30025195926814,,0.0,0.0,0.0,0.0,0.0,0.0,0.0,0.0,55.11667870557652,1.4780025795290683,True,False,True,False,True,4.807500262786675,1,1.0120472045472817,0.9329080272765687,False,False,False,False,0.3428282493178588,0.1471943691371091,False,False,False,False,-2183313,-3169238.7319142506,False,False,False,False,551967.7498473434,False,False,False,False
2023-05-26 00:00:00+00:00,137.4850204269,141.6149282315,134.3194071334,140.2610197767,479224,,128.15181040519002,126.32305310908274,124.63955338734338,134.43949251310934,129.2436577842604,,"rgba(38, 166, 154, 1.0)",0.0,0.0,,131.84431221614992,,0.0,0.0,0.0,0.0,0.0,0.0,0.0,0.0,55.90881615692586,2.220294458728283,True,False,True,False,True,3.4571030042119375,1,0.9825087729280066,0.9609868361065692,False,False,False,False,0.22278095639190218,0.18498766276450562,False,False,False,False,-2662537,-3131705.270290973,False,False,False,False,546579.3239327254,False,False,False,False
2023-06-02 00:00:00+00:00,139.1408796882,139.6863392095,132.8924460641,138.0207395997,387584,,128.3197792055278,126.48471827692575,124.78521292761357,134.79507176829517,129.40225040746762,,"rgba(38, 166, 154, 1.0)",0.0,0.0,8.893866692446782,132.16771175725137,0.784042326255088,0.0,0.0,0.0,0.0,0.0,0.0,0.0,0.0,56.892876799474536,3.170009420244476,True,False,True,False,True,4.293949084225879,1,0.9860966139584801,0.9726604926991669,False,False,False,False,0.14394150967245714,0.16446458621848137,False,False,False,False,-2274953,-3068242.1391583085,False,False,False,False,534801.8925303012,False,False,False,False
2023-06-09 00:00:00+00:00,150.1474736012,150.7124138198,135.3957156532,138.1668448286,774456,,128.9287581114359,127.02887536072176,125.25105569799992,136.94495473998512,130.01278653658474,,"rgba(38, 166, 154, 1.0)",0.0,0.0,9.08196407976598,133.65915997203223,1.8155008635084406,0.0,0.0,0.0,0.0,0.0,0.0,0.0,0.0,59.90037741339326,6.044911235099491,True,False,True,False,True,9.491293911792422,1,1.0203685308336574,0.9082824893976356,False,False,False,False,0.3428282501033939,0.25364641816093764,False,False,False,False,-1500497,-2952112.869591026,False,False,False,False,552554.0486391678,False,False,False,False
2023-06-16 00:00:00+00:00,157.5501385339,158.7969031541,148.9542808983,150.8195576543,1335551,,130.44317814725537,128.3544626979419,126.36967211976534,141.6418593828843,131.56025973969602,,"rgba(38, 166, 154, 1.0)",0.0,0.0,9.644687209925449,137.08473864109746,2.121935055782979,0.0,0.0,0.0,0.0,0.0,0.0,0.0,0.0,63.213207472547396,9.13529160389632,True,False,True,False,True,12.637295685350114,0,1.1074229269453966,0.8591787069054543,False,False,False,False,0.3428282517700169,0.2982373349654773,False,False,False,False,-164946,-2745656.064436135,False,False,False,False,610553.8228140442,False,False,False,False
2023-06-23 00:00:00+00:00,158.1053384038,163.7547405893,156.1670090333,156.7611702976,973175,,131.61239361336513,129.3852570522196,127.24612857998216,144.44934224313295,132.75525094171968,,"rgba(38, 166, 154, 1.0)",0.0,0.0,10.191990669911403,139.3521307742741,1.8399945836772371,0.0,0.0,0.0,0.0,0.0,0.0,0.0,0.0,65.6605765449265,11.342224571397558,True,False,True,False,True,12.865659255561344,0,1.144808886250044,0.8473563252626457,False,False,False,False,0.34282825224232405,0.32053279360390063,False,False,False,False,808229,-2482405.318922347,False,False,False,False,637414.6507537446,False,False,False,False
2023-06-30 00:00:00+00:00,169.4431041691,171.4301352826,157.6865034142,157.9105314319,763306,,132.6758047003499,130.32101874213765,128.04141434365803,146.8543732670916,133.8463166082066,,"rgba(38, 166, 154, 1.0)",1.0,176.13173,11.29643390329182,148.36575148142103,1.8658412794799741,0.0,0.0,0.0,0.0,0.0,0.0,0.0,0.0,68.85063480941281,14.24121688133404,True,False,True,False,True,17.270702779882804,0,1.0991630149723428,0.8339347380612967,False,False,False,False,0.3428282525006057,0.33168052305225315,False,False,False,False,1571535,-2182113.4434466176,False,False,False,False,646739.9358830969,False,False,False,False
2023-07-07 00:00:00+00:00,160.3943203238,169.6281707924,158.9624890802,168.868423602,982792,,133.830753678035,131.3568193605517,128.9369941325915,148.8669857665374,135.02176291333873,,"rgba(38, 166, 154, 1.0)",0.0,0.0,11.915834498209328,149.36058417194937,0.9259725916391962,0.0,0.0,0.0,0.0,0.0,0.0,0.0,0.0,68.2178115414075,14.24121688133404,True,False,True,False,True,12.234058873167843,0,1.1032670443488737,0.8530148464385386,False,False,False,False,0.33780087413536514,0.33474069859380917,False,False,False,False,588743,-1976864.8180061274,False,False,False,False,671632.6813732379,False,False,False,False
2023-07-14 00:00:00+00:00,161.9625164477,167.0761994604,160.9884815881,160.9884815881,647245,,134.5529993132934,132.01094598750777,129.50791935227403,149.96549253298159,135.75443672414772,,"rgba(38, 166, 154, 1.0)",0.0,0.0,12.543492885995589,150.11137048911473,0.9448042954460241,0.0,0.0,0.0,0.0,0.0,0.0,0.0,0.0,67.99492837417051,14.24121688133404,True,False,True,False,True,12.834144766721902,0,1.1525446233201913,0.8395568063711366,False,False,False,False,0.33278989659254804,0.33376529759317863,False,False,False,False,1235988,-1738875.7203760438,False,False,False,False,669826.1864567017,False,False,False,False
2023-07-21 00:00:00+00:00,162.8001864269,167.1054205062,160.6865307817,161.4365376235,613897,,135.21037957980423,132.61070122853587,130.03510935144172,150.87632734116636,136.4196800512578,,"rgba(38, 166, 154, 1.0)",0.0,0.0,13.154296397786926,150.78266809439376,0.9135812337730264,0.0,0.0,0.0,0.0,0.0,0.0,0.0,0.0,67.96197398838882,14.24121688133404,True,False,True,False,True,13.156422630121188,0,1.1636171835858868,0.8129672636435817,False,False,False,False,0.33019795931420537,0.331981628453692,False,False,False,False,1849885,-1473041.5929407815,False,False,False,False,665683.2837562052,False,False,False,False
2023-07-28 00:00:00+00:00,162.5469373634,165.1378700898,158.5046926962,162.4787549232,503802,,135.70116906047767,133.06354435250933,130.43727443410128,151.46056506729659,136.9139847623165,,"rgba(38, 166, 154, 1.0)",-1.0,158.48203,13.70581617263617,151.18861319237627,0.8287229325095398,0.0,0.0,0.0,0.0,0.0,0.0,0.0,0.0,67.85355974608223,14.24121688133404,True,False,True,False,True,13.015660012592477,0,1.154183652891159,0.8136614159091465,False,False,False,False,0.2912651069924713,0.31162336772308163,False,False,False,False,1346083,-1264217.5490192422,False,False,False,False,653692.0775520419,False,False,False,False
2023-08-04 00:00:00+00:00,171.6054615573,180.74190854,161.3391341376,161.8845936589,1380407,,137.3954989094233,134.60638400178354,131.7940273178339,153.93522294743985,138.63543549279026,,"rgba(38, 166, 154, 1.0)",0.0,0.0,14.551080187634412,159.95381205820297,0.8007412060720186,0.0,0.0,0.0,0.0,0.0,0.0,0.0,0.0,69.10644097286888,14.394325951479004,True,False,True,False,True,16.42914847061658,0,1.1392234644781947,0.7817212167060882,False,False,False,False,0.3428282527754327,0.3272258102492572,False,False,False,False,2726490,-968609.5824252241,False,False,False,False,707522.8125481869,False,False,False,False
2023-08-11 00:00:00+00:00,173.5924926708,173.6801558082,168.8099815104,171.4398756312,695429,,138.208037853722,135.35327853491285,132.45707876733977,155.00853592602195,139.45855409666007,,"rgba(38, 166, 154, 1.0)",0.0,0.0,15.400884379232663,160.76262338409157,0.8330605548866323,0.0,0.0,0.0,0.0,0.0,0.0,0.0,0.0,70.2603621463608,15.610675981568022,True,False,True,False,True,17.142327491990535,0,1.1698119786349164,0.8094672907280466,False,False,False,False,0.34282825278282664,0.3350270315160419,False,False,False,False,3421919,-643385.2429863187,False,False,False,False,706626.9745816544,False,False,False,False
2023-08-18 00:00:00+00:00,170.538118786,175.1412080975,168.7411302476,173.3392436073,754572,,139.03386603324878,136.1189372428084,133.14249932401427,156.00428061193352,140.29253447342157,,"rgba(38, 166, 154, 1.0)",0.0,0.0,16.058797044918304,161.4234663125595,0.5675800278156441,0.0,0.0,0.0,0.0,0.0,0.0,0.0,0.0,70.01803045514423,15.610675981568022,True,False,True,False,True,15.415490595813228,0,1.1827667039016725,0.8150259936644207,False,False,False,False,0.34282825280749746,0.3389276421617697,False,False,False,False,2667347,-398145.8175799247,False,False,False,False,710178.4579459763,False,False,False,False
2023-08-25 00:00:00+00:00,176.2318379048,177.4037869515,169.8886636892,170.010741715,472335,,139.57669347069938,136.62164817101961,133.5924333999272,156.67921434658282,140.84150849824235,,"rgba(38, 166, 154, 1.0)",0.0,0.0,16.889912535597603,162.00490702399563,0.8423330109507272,0.0,0.0,0.0,0.0,0.0,0.0,0.0,0.0,70.65334531908285,16.229159588257147,True,False,True,False,True,17.466468305730107,0,1.1974769655165864,0.7913477611751983,False,False,False,False,0.3428282528648896,0.34087794751332967,False,False,False,False,3139682,-136084.49775918957,False,False,False,False,692560.4240240521,False,False,False,False
2023-09-01 00:00:00+00:00,180.6950105245,181.2321538376,175.2845124253,176.2611366309,345140,,140.01340491489117,137.023981073539,133.9510407697923,157.2605159654798,141.28450956924166,,"rgba(38, 166, 154, 1.0)",0.0,0.0,17.8135337039974,169.29244809031078,0.6401067089586185,0.0,0.0,0.0,0.0,0.0,0.0,0.0,0.0,71.67887569649704,17.35831106465379,True,False,True,False,True,19.008078293761688,0,1.2185750341406334,0.7652835768258668,False,False,False,False,0.34282825300141057,0.34185310025737015,False,False,False,False,3484822,132130.79837112076,False,False,False,False,666825.5778000483,False,False,False,False
2023-09-08 00:00:00+00:00,167.5691812009,179.737918803,167.3836226018,179.737918803,437368,,140.4493933923856,137.43390455285459,134.32316063915076,157.7160747501097,141.72271156275562,,"rgba(38, 166, 154, 0.75)",0.0,0.0,18.274912595952795,168.37750621176897,-0.04423140229124725,0.0,0.0,0.0,0.0,0.0,0.0,0.0,0.0,68.48492796339531,17.35831106465379,True,False,True,False,False,12.011478653386018,0,1.1667500122292451,0.7788514985299674,False,False,False,False,0.27773846109880995,0.30979578067809005,False,False,False,False,3047454,348080.66515844513,False,False,False,False,649828.7201852299,False,False,False,False
2023-09-15 00:00:00+00:00,168.3504805654,171.4659117813,166.1823748289,166.8367130467,747630,,141.10054516145587,138.0549272452395,134.89430531293445,158.28147076342745,142.37316066805698,,"rgba(38, 166, 154, 0.75)",0.0,0.0,18.716964455344556,167.6179619981953,0.03913661154576403,0.0,0.0,0.0,0.0,0.0,0.0,0.0,0.0,66.33521131494925,20.75452401178464,True,False,True,False,False,12.29493690251173,0,1.183014787770484,0.800722331071234,False,False,False,False,0.21435288692785814,0.26207433380297407,False,False,False,False,3795084,603414.2455170788,False,False,False,False,657073.2594307684,False,False,False,False
2023-09-22 00:00:00+00:00,160.2347334167,170.2890796136,160.1761359643,168.8387926682,400246,,141.3747083118806,138.3236375042295,135.1473287064267,158.42363472316435,142.6435717286058,,"rgba(38, 166, 154, 0.75)",0.0,0.0,18.91723529826302,167.00940660331406,-0.35812173818211707,0.0,0.0,0.0,0.0,0.0,0.0,0.0,0.0,62.79794946658566,17.395954659183147,True,False,True,False,False,8.320596878796788,0,1.1534720334756068,0.8062670262038228,False,False,False,False,0.16742275113502086,0.21474854246899747,False,False,False,False,3394838,810186.3754787766,False,False,False,False,638049.0179914522,False,False,False,False
2023-09-29 00:00:00+00:00,153.9648060166,161.5824748204,153.7206499652,159.4924990204,651024,,141.66758991962413,138.62849141175815,135.44838935929147,158.3397568173394,142.92372201204844,,"rgba(38, 166, 154, 0.75)",0.0,0.0,19.00586102131161,165.5095670071716,-0.6074316221520434,0.0,0.0,0.0,0.0,0.0,0.0,0.0,0.0,58.9322142035997,13.806594404325232,True,False,True,False,False,5.433759873149501,0,1.1141652721337063,0.8486974813406438,False,False,False,False,0.07047099676323508,0.14260976961611627,False,False,False,False,2743814,953418.0513692376,False,False,False,False,639010.1277698632,False,False,False,False
2023-10-06 00:00:00+00:00,153.0467792633,154.9218977381,150.4733744815,153.4862601558,551912,,141.84852228422437,138.82820044529169,135.6542448058699,158.15012978768806,143.09130554538783,,"rgba(38, 166, 154, 0.5)",0.0,0.0,19.00164497425801,164.28929356235426,-0.5916600543944883,0.0,0.0,0.0,0.0,0.0,0.0,0.0,0.0,55.98172691192515,11.152899311375847,False,False,True,False,False,5.019538329674177,0,1.103417710348421,0.8847762339072337,False,False,False,False,0.007935238707116106,0.07527250416161618,False,False,False,False,2191902,1045157.6031196645,False,False,False,False,632558.4146017252,False,False,False,False
2023-10-13 00:00:00+00:00,149.4528021866,154.9511964642,148.837528937,152.470570982,549763,,141.99542013221497,138.99764508536583,135.83427286194433,157.91645383049382,143.22391127497136,,#000000,0.0,0.0,18.963750547530438,163.20063498899174,-0.7249532611143769,0.0,0.0,0.0,0.0,0.0,0.0,0.0,0.0,53.132907693636454,8.606306852494846,False,False,False,False,False,3.4065160780073747,0,1.094597763538899,0.8781316353892495,False,False,False,False,-0.002186180811734002,0.036543161674941094,False,False,False,False,1642139,1089378.4473330227,False,False,False,False,626425.4209275233,False,False,False,False
2023-10-20 00:00:00+00:00,146.0150849828,153.0272467792,145.7220977211,151.0154009156,623467,,142.10636908534275,139.14058956464712,135.99650902233847,157.56737368312628,143.31685999939083,,#000000,0.0,0.0,18.87488339914647,161.97996891274678,-0.8458268902826027,0.0,0.0,0.0,0.0,0.0,0.0,0.0,0.0,50.41615165969765,6.183993914976419,False,True,False,False,False,1.893639485647018,0,1.0789111246592535,0.8875577097625938,False,False,False,False,-0.0339473257382684,0.0012979179683363477,False,False,False,False,1018672,1084140.9327157617,False,False,False,False,626206.2786365957,False,False,False,False
2023-10-27 00:00:00+00:00,153.9159748063,158.5215392352,143.9055766986,145.7513964473,786021,,142.32512549514723,139.38833349199317,136.25762995969345,157.3298067376705,143.51711259664145,,#000000,0.0,0.0,18.849013882490215,159.78495250983133,-0.31136789118624997,0.0,0.0,0.0,0.0,0.0,0.0,0.0,0.0,50.299959443118,6.183993914976419,False,True,False,False,False,5.058580158086915,0,1.0777218807991793,0.8657134840514936,False,False,True,False,-0.023359409303493433,-0.011030745667578543,False,False,False,False,1804693,1137515.1599220017,False,False,False,False,638044.4061449959,False,False,False,False
2023-11-03 00:00:00+00:00,156.7579512446,157.9836146227,151.7088041016,153.5643900923,495608,,142.50401054564836,139.57981961384445,136.45203603391732,157.28044403862353,143.68642762678095,,#000000,0.0,0.0,18.94913049148772,159.82856970187242,-0.16204534865870454,0.0,0.0,0.0,0.0,0.0,0.0,0.0,0.0,50.81435175159929,6.183993914976419,False,True,False,False,False,6.152578046571893,0,1.136796497975931,0.8988384439530931,False,False,False,False,-0.022878475521717987,-0.016954610594648263,False,False,False,False,2300301,1223647.444372224,False,False,False,False,627493.5612453666,False,False,False,False
2023-11-10 00:00:00+00:00,156.5333276773,157.7052767241,153.6620525128,156.9142111175,386401,,142.6452096801863,139.73042286726206,136.60467997469925,157.253623054352,143.8204211617345,,#000000,0.0,0.0,19.008577301110243,159.7951632482805,-0.171598090657209,0.0,0.0,0.0,0.0,0.0,0.0,0.0,0.0,51.129237137741995,6.183993914976419,False,True,False,False,False,6.050332215334066,0,1.102974171326108,0.9114227869543357,False,False,False,False,-0.025012538701148744,-0.020983574647898504,False,False,False,False,1913900,1274777.2633076147,False,False,False,False,609634.8530049691,False,False,False,False
2023-11-17 00:00:00+00:00,163.2945598422,165.1945865086,155.1465213054,155.7324958287,615590,,142.9503398526833,140.04040577949968,136.9075466936367,157.37832726732861,144.11757024728914,,#000000,0.0,0.0,19.13035893036131,160.28680267739713,0.15722429337325805,0.0,0.0,0.0,0.0,0.0,0.0,0.0,0.0,52.758081693887206,6.183993914976419,False,True,False,False,False,8.619134351145092,0,1.0743523173873162,0.8983132769962681,False,False,False,False,0.045584664716123796,0.012300545034112646,False,False,False,False,2529490,1367718.9475070508,False,False,False,False,610075.975004601,False,False,False,False
2023-11-24 00:00:00+00:00,163.314147746,165.1749986048,160.2094649972,162.6383650656,252420,,143.08387381424495,140.174869023758,137.03806595973927,157.44874274612118,144.2482412943586,,#000000,0.0,0.0,19.089788236705218,160.49459929472917,0.14769930479634646,0.0,0.0,0.0,0.0,0.0,0.0,0.0,0.0,53.92545334075043,6.183993914976419,False,False,False,False,True,8.626444556813592,0,1.1095332953797221,0.8869900961589845,False,False,False,False,0.08541593295506726,0.04885823899458995,False,False,False,False,2781910,1472473.8402843063,False,False,False,False,583582.9398190749,False,False,False,False
2023-12-01 00:00:00+00:00,172.735929463,173.171760322,161.9625823853,163.0105352374,723526,,143.57721496197482,140.65763082989267,137.49569755927777,157.86635423598156,144.73786180826477,,"rgba(38, 166, 154, 0.5)",0.0,0.0,19.31238901080847,161.62256330192002,0.5754526876431602,0.0,0.0,0.0,0.0,0.0,0.0,0.0,0.0,56.49129325736375,0.6627285605143243,False,False,True,False,True,12.030048686102951,0,1.1214318869945552,0.8453945460680529,False,False,False,False,0.13029741827303284,0.08957782863381139,False,False,False,False,3505436,1623063.6298928761,False,False,False,False,593949.0924250694,False,False,False,False
2023-12-08 00:00:00+00:00,167.4276075393,175.732878741,165.7185629347,172.6281959922,509561,,143.91806097395366,140.99201213014055,137.81360609247056,158.15136768220665,145.07592221060867,,"rgba(38, 166, 154, 0.5)",0.0,0.0,19.418160468629384,163.69680529626814,0.19212954023420922,0.0,0.0,0.0,0.0,0.0,0.0,0.0,0.0,56.91915991196298,1.1527606705962299,False,False,True,False,True,9.537790722147594,0,1.1300014263064022,0.8799384840541271,False,False,False,False,0.15920932146729536,0.12439357505055337,False,False,False,False,2995875,1724753.3610119224,False,False,False,False,587698.122615805,False,False,False,False
2023-12-15 00:00:00+00:00,161.8842307702,170.5273933121,161.374945272,167.3786377798,995632,,144.4335282264742,141.51261420614935,138.32154461341355,158.44272986446285,145.58057604553767,,"rgba(38, 166, 154, 0.5)",0.0,0.0,19.427803452672006,163.1894155984003,-0.0671812864166485,0.0,0.0,0.0,0.0,0.0,0.0,0.0,0.0,55.89230337531242,1.1527606705962299,False,False,True,False,True,7.034499549188272,0,1.049265928297631,0.9398001067363755,False,False,False,False,0.04881648799689032,0.08660503152372184,False,False,False,False,2000243,1745160.000936965,False,False,False,False,617915.4468664861,False,False,False,False
2023-12-22 00:00:00+00:00,163.6569360621,166.389448639,158.7011964063,163.4512630724,850082,,144.81871893255158,141.9082252676021,138.7134578601862,158.6089910386701,145.95497374272026,,"rgba(38, 166, 154, 0.5)",0.0,0.0,19.43495319259871,162.9598002870091,0.03587020602428674,0.0,0.0,0.0,0.0,0.0,0.0,0.0,0.0,55.516451154945386,1.1527606705962299,False,False,True,False,True,7.684941835046221,0,1.0044531502420069,0.9810356483189409,False,False,False,False,-0.029055008577345363,0.02877501147318824,False,False,False,False,2850325,1827024.0749416342,False,False,False,False,635112.9693208205,False,False,False,False
2023-12-29 00:00:00+00:00,165.3512897388,166.2719212164,162.0996977117,163.6569360621,418929,,145.0195591866509,142.11282577081516,138.91496030898384,158.71629332007967,146.15106032394021,,"rgba(38, 166, 154, 0.5)",0.0,0.0,19.536900699314888,163.02944636593702,0.1188439972438621,0.0,0.0,0.0,0.0,0.0,0.0,0.0,0.0,55.5948638629808,1.1527606705962299,False,False,True,False,True,8.307441439264668,0,1.013553652254809,1.0170819352516116,False,False,False,False,0.00843896567015227,0.018606988571670258,False,False,False,False,3269254,1933855.9212422539,False,False,False,False,619099.3419637227,False,False,False,False
2024-01-05 00:00:00+00:00,157.7707709769,165.8165024535,157.6434496023,164.1662215603,916883,,145.3545516463719,142.4673102322498,139.27538163044926,158.7804555910732,146.47231936560544,,#000000,0.0,0.0,19.511171575526358,162.62026298282058,-0.24854950340365478,0.0,0.0,0.0,0.0,0.0,0.0,0.0,0.0,53.84051258893289,1.1527606705962299,False,True,False,False,True,4.9328519856693696,0,0.9862444182812395,1.010832808329165,False,False,False,False,-0.047713914174097545,-0.014553462801213644,False,False,False,False,2352371,1964857.038187272,False,False,False,False,641157.3907071506,False,False,False,False
2024-01-12 00:00:00+00:00,161.7079396362,166.4580063023,157.4328796367,158.2800564751,516048,,145.55438030113513,142.67655389085144,139.48658343909327,158.84486736509606,146.66507840228252,,#000000,0.0,0.0,19.495532249967376,162.552604469588,-0.04332607197166533,0.0,0.0,0.0,0.0,0.0,0.0,0.0,0.0,53.44585715132556,1.1527606705962299,False,True,False,False,False,6.405455198133772,0,0.9786135442811614,0.998393899598624,False,False,False,False,-0.0427803356123982,-0.028666899206805922,False,False,False,False,2868419,2031787.5538771036,False,False,False,False,631890.0284325468,False,False,False,False
2024-01-19 00:00:00+00:00,159.5434762688,161.2501703249,156.7228181248,160.3857561312,336580,,145.66102888857412,142.79179182844885,139.6058916471889,158.84926328439028,146.76639627096685,,#000000,0.0,0.0,19.502961972301758,161.32828995728406,-0.09151500633692815,0.0,0.0,0.0,0.0,0.0,0.0,0.0,0.0,52.656922612380235,1.1527606705962299,False,True,False,False,False,5.456873804442569,1,0.9743355987282213,1.021187760079999,False,False,False,False,-0.11081851752121367,-0.0697427083640098,False,False,False,False,2531839,2068828.401738059,False,False,False,False,610015.2115116173,False,False,False,False
2024-01-26 00:00:00+00:00,162.6579529694,165.2435562681,159.7687371622,159.7687371622,639350,,145.90869287295536,143.0506419044299,139.8671079517796,158.94150102747128,147.00569501863234,,#000000,0.0,0.0,19.538879298214095,161.89400222160828,0.039099005430753536,0.0,0.0,0.0,0.0,0.0,0.0,0.0,0.0,52.79182347315439,1.1527606705962299,False,True,False,False,False,6.626686924029954,1,0.9981974833909342,0.9916324469354548,False,False,False,False,-0.02995096657222949,-0.049846837468119645,False,False,False,False,3171189,2150484.7423500544,False,False,False,False,612188.158807053,False,False,False,False
2024-02-02 00:00:00+00:00,165.1847925567,165.3023199794,160.669780736,161.9234065777,812841,,146.2345330248312,143.38913751130968,140.20732125002175,159.0879780946637,147.32162362720555,,#000000,0.0,0.0,19.462437936826706,162.25670898626328,0.15044793360117595,0.0,0.0,0.0,0.0,0.0,0.0,0.0,0.0,53.44137286095318,1.1527606705962299,False,True,False,False,False,7.565781041228348,1,0.9880875044132021,1.071178974463887,False,False,False,False,-0.018978355131763016,-0.03441259629994133,False,False,False,False,3984030,2286302.9095833837,False,False,False,False,627051.3322287528,False,False,False,False
2024-02-09 00:00:00+00:00,174.4204891879,174.4596649954,162.6726438972,164.5383917321,789234,,146.65836215039127,143.81377800444488,140.6213645663091,159.41839650775634,147.73968654956195,,"rgba(38, 166, 154, 0.5)",0.0,0.0,19.40112708471563,163.37947863340048,0.5690911928100151,0.0,0.0,0.0,0.0,0.0,0.0,0.0,0.0,55.69301706791798,1.2279867170830983,False,False,True,False,True,10.851820271597017,0,0.9612650913822932,0.987949253918801,False,False,False,False,0.10896007823359463,0.037273740966826646,False,False,False,False,4773264,2470522.249614244,False,False,False,False,639064.8631747711,False,False,False,False
2024-02-16 00:00:00+00:00,175.2385255786,181.5626281548,170.1699140681,174.6947198408,1129686,,147.36516881710313,144.511596493856,141.29327037636642,160.06364151735036,148.44177725000142,,"rgba(38, 166, 154, 0.5)",0.0,0.0,19.463285725417354,165.1906415520604,0.5162480872085188,0.0,0.0,0.0,0.0,0.0,0.0,0.0,0.0,57.44545792124373,3.022472117574658,False,False,True,False,True,11.133104322976536,0,0.9989729873984506,0.960824361619264,False,False,False,False,0.28263350054965525,0.15995362075824093,False,False,False,False,5902950,2724776.157050226,False,False,False,False,675407.1696062696,False,False,False,False
2024-02-23 00:00:00+00:00,176.7999111526,177.4971336416,171.0551906447,174.2663421081,617249,,147.72990417007188,144.87372485738567,141.6440226163495,160.3835275479463,148.80336157413862,,"rgba(38, 166, 154, 1.0)",0.0,0.0,19.424146556896446,165.870771493429,0.5626573928052795,0.0,0.0,0.0,0.0,0.0,0.0,0.0,0.0,58.98053828102273,4.574902279784396,True,False,True,False,True,11.67392687398317,0,0.9976864659197078,0.9915319229108377,False,False,False,False,0.24371987981154866,0.20183675028489478,False,False,False,False,6520199,3005918.5898613203,False,False,False,False,671099.1570428421,False,False,False,False
2024-03-01 00:00:00+00:00,179.7361016344,182.4071511697,176.6820707319,176.8981115031,644372,,148.1613600361114,145.29753085181991,142.05060679943102,160.80074442643067,149.2331859452293,,"rgba(38, 166, 154, 1.0)",0.0,0.0,19.256923744175264,166.79206723749053,0.6721756064919101,0.0,0.0,0.0,0.0,0.0,0.0,0.0,0.0,60.60541149430114,6.193036744217018,True,False,True,False,True,12.686460359865372,0,0.998813775430025,0.9862330400696008,False,False,False,False,0.34282825196044153,0.27233250112266816,False,False,False,False,7164571,3313966.91653826,False,False,False,False,669119.3676322611,False,False,False,False
2024-03-08 00:00:00+00:00,182.5740917656,184.8768899863,180.5217044389,180.7770253503,478457,,148.50458026342696,145.63295938092114,142.37096845299297,161.14736011194415,149.57592371214088,,"rgba(38, 166, 154, 1.0)",0.0,0.0,19.04424996539815,167.53838014155423,0.7895145070750718,0.0,0.0,0.0,0.0,0.0,0.0,0.0,0.0,62.260542393699176,7.821436673439237,True,False,True,False,True,13.653879156343283,0,1.0594430390736522,0.9663415059279464,False,False,False,False,0.3428282521928403,0.30758037665775423,False,False,False,False,7643028,3634638.1079057967,False,False,False,False,654996.2292891307,False,False,False,False
2024-03-15 00:00:00+00:00,179.7852018097,184.4104383212,178.8424784443,182.4758914151,771637,,149.01797357693746,146.1379394185344,142.85645359799065,161.64276436513552,150.08735051794503,,"rgba(38, 166, 154, 1.0)",0.0,0.0,18.88249316677365,168.4585512418975,0.5998493137406925,0.0,0.0,0.0,0.0,0.0,0.0,0.0,0.0,62.512314500949756,8.108335121412757,True,False,True,False,True,12.294891996609884,0,1.056925789051637,0.9266869825306858,False,False,False,False,0.31916557877429824,0.31337297771602624,False,False,False,False,6871391,3874397.581394256,False,False,False,False,663636.2863788247,False,False,False,False
2024-03-22 00:00:00+00:00,184.0961971994,184.4398984263,178.7540981288,180.6886450348,676408,,149.47420646706212,146.58640337598038,143.2875395069787,162.08746298405114,150.54209553467877,,"rgba(38, 166, 154, 1.0)",0.0,0.0,18.721711057273048,169.23917759895332,0.79357167488572,0.0,0.0,0.0,0.0,0.0,0.0,0.0,0.0,63.48331863826259,9.121943252387553,True,False,True,False,True,13.775243273392775,0,1.0890320707380166,0.918720826113415,False,False,False,False,0.31852076342009816,0.3159468705680622,False,False,False,False,7547799,4146501.390179867,False,False,False,False,664582.3392396525,False,False,False,False
2024-03-29 00:00:00+00:00,190.1060586538,191.9620452794,183.5364552012,183.8212362178,498603,,149.86344787938262,146.96505447085997,143.647971829199,162.49804654745023,150.93182252735053,,"rgba(38, 166, 154, 1.0)",0.0,0.0,18.753723776327526,170.01327687852867,1.0714022460240178,0.0,0.0,0.0,0.0,0.0,0.0,0.0,0.0,65.15957072716628,10.807290478231067,True,False,True,False,True,15.764561653237418,0,1.1470791198517492,0.8347558021842563,False,False,False,False,0.34282825248532023,0.32938756152669124,False,False,False,False,8046402,4435382.91683321,False,False,False,False,652287.5733700485,False,False,False,False
2024-04-05 00:00:00+00:00,191.3041029306,192.4923271724,184.390798251,190.0373184084,801207,,150.4864969782743,147.57170572616243,144.22615691841742,163.1527166378605,151.55556128241852,,"rgba(38, 166, 154, 1.0)",1.0,187.39699,19.09908982766955,176.68667506014913,0.7653468307832176,0.0,0.0,0.0,0.0,0.0,0.0,0.0,0.0,66.54162243157522,12.18872907316431,True,False,True,False,True,16.153499496039583,0,1.1652286637129117,0.8012137904369546,False,False,False,False,0.3428282525195235,0.33610790702310733,False,False,False,False,8847609,4762214.478549268,False,False,False,False,663318.6420093041,False,False,False,False
2024-04-12 00:00:00+00:00,186.8752671203,191.8638449288,186.4431855778,191.7656445783,462815,,150.82849478265243,147.90609175146326,144.54627315812462,163.50267776331762,151.89743447894884,,"rgba(38, 166, 154, 1.0)",0.0,0.0,19.282670234356477,177.0439642659842,0.5098517339574222,0.0,0.0,0.0,0.0,0.0,0.0,0.0,0.0,65.98669293830538,12.18872907316431,True,False,True,False,True,13.95038502909642,0,1.18466070768635,0.8038711026365981,False,False,False,False,0.34282825255345534,0.3394680797882813,False,False,False,False,8384794,5030553.7023604335,False,False,False,False,648466.5203789853,False,False,False,False
2024-04-19 00:00:00+00:00,182.0438098726,188.5937732551,180.6051747369,187.2582484875,455775,,151.1183935716479,148.19289864898664,144.82408802053237,163.775371993407,152.18588158662234,,"rgba(38, 166, 154, 1.0)",0.0,0.0,19.437345749437505,176.97264071265255,0.2608982329850367,0.0,0.0,0.0,0.0,0.0,0.0,0.0,0.0,64.06436561962887,12.18872907316431,True,False,True,False,True,11.61991274125505,0,1.1701540346925614,0.8114084492733876,False,False,False,False,0.25624318869312507,0.29785563424070316,False,False,False,False,7929019,5245254.83551892,False,False,False,False,634193.0744249864,False,False,False,False
2024-04-26 00:00:00+00:00,185.3826217917,187.7296101702,181.9750696272,183.0356334133,496615,,151.4406913654936,148.5113018376777,145.13216816012934,164.08279537594808,152.50680778710404,,"rgba(38, 166, 154, 0.75)",0.0,0.0,19.63335557742557,177.14551984922872,0.4195463129054867,0.0,0.0,0.0,0.0,0.0,0.0,0.0,0.0,63.36273754120619,12.18872907316431,True,False,True,False,False,12.769617475873932,0,1.195187726293369,0.8364050433178626,False,False,False,False,0.25248639369939024,0.27517101397004673,False,False,False,False,8425634,5480838.477332333,False,False,False,False,624002.1059490615,False,False,False,False
2024-05-03 00:00:00+00:00,180.6199047894,190.5774203365,175.2090654735,185.1567609854,1114388,,152.08165963530993,149.15107727924055,145.75768112484033,164.65032361147732,153.14253118347497,,"rgba(38, 166, 154, 0.75)",0.0,0.0,19.76507698132633,179.88557370584314,0.037152958435256754,0.0,0.0,0.0,0.0,0.0,0.0,0.0,0.0,61.43544191366489,15.759412606267716,True,False,True,False,False,10.51176225964715,0,1.1120576647751839,0.8267510110006496,False,False,False,False,0.20956718649002587,0.2423691002300363,False,False,False,False,7311246,5616424.219752161,False,False,False,False,660326.9869898717,False,False,False,False
2024-05-10 00:00:00+00:00,186.3646252973,187.2877085926,180.7230151575,181.6019082951,821920,,152.577805740328,149.6443228215515,146.23835665703223,165.10675472272092,153.6355844401353,,"rgba(38, 166, 154, 0.75)",0.0,0.0,19.981468373312307,180.39860708967922,0.2985775667812844,0.0,0.0,0.0,0.0,0.0,0.0,0.0,0.0,61.23361067560178,15.517295262366176,True,False,True,False,False,12.490931633745436,0,1.127935886194949,0.8436304785591524,False,False,False,False,0.2208915898782822,0.23163034505415925,False,False,False,False,8133166,5802849.536807557,False,False,False,False,672296.8398054368,False,False,False,False
2024-05-17 00:00:00+00:00,186.2471028083,190.4220312561,184.917821345,188.7116136758,726933,,153.0360583361891,150.0983935680226,146.6796217218967,165.54076994193633,154.09170017919695,,"rgba(38, 166, 154, 0.75)",0.0,0.0,20.06660197292743,181.00636399082202,0.2611672282406587,0.0,0.0,0.0,0.0,0.0,0.0,0.0,0.0,61.05347389382389,15.249233089391026,True,False,True,False,False,12.434915471907132,0,1.1448430293173157,0.8623497653624432,False,False,False,False,0.306820409246353,0.26922537715025613,False,False,False,False,7406233,5921618.682229219,False,False,False,False,676343.9627828118,False,False,False,False
2024-05-24 00:00:00+00:00,184.7504303459,189.7573905245,184.3762622303,186.6114243945,638302,,153.41819810746844,150.478676930234,147.05087590555618,165.89276294537984,154.4714767285899,,"rgba(38, 166, 154, 0.5)",0.0,0.0,20.008068074899914,181.31625835658468,0.17163935950535344,0.0,0.0,0.0,0.0,0.0,0.0,0.0,0.0,60.44846932744121,14.544438095166257,False,False,True,False,False,11.71344846312526,0,1.1158090832548289,0.865949138630142,False,False,False,False,0.2924051526850684,0.2808152649176623,False,False,False,False,6767931,5984308.483545573,False,False,False,False,673526.0396137147,False,False,False,False
2024-05-31 00:00:00+00:00,177.2375284456,185.0064401092,175.1992968685,183.9036288211,691608,,153.7345792213674,150.80135896878826,147.37351712262384,166.13195052484474,154.7828139612658,,"rgba(38, 166, 154, 0.5)",0.0,0.0,19.988800462668003,180.92636043062885,-0.18454494014877412,0.0,0.0,0.0,0.0,0.0,0.0,0.0,0.0,57.84603491384078,11.943922755247293,False,False,True,False,False,8.197078727071496,0,1.0602205923936214,0.9307891346222524,False,False,False,False,0.13276273663315474,0.20678900077540852,False,False,False,False,6076323,5991124.3736533085,False,False,False,False,674865.4440867729,False,False,False,False
2024-06-07 00:00:00+00:00,168.6021221986,177.5476941204,168.5331964931,176.8239742126,760737,,153.97247260190568,151.0552292026487,147.6380299540797,166.2376133070476,155.01247396120118,,#000000,0.0,0.0,19.914419925759884,179.92864658685625,-0.5687599453301201,0.0,0.0,0.0,0.0,0.0,0.0,0.0,0.0,53.97782591495567,8.224696229254107,False,True,False,False,False,4.419743443924606,0,1.0064497304167352,0.9824261295540875,False,False,False,False,-0.022528714771155284,0.09213014300212662,False,False,True,False,5315586,5941084.494123434,False,False,False,False,681226.3000803452,False,False,False,False
2024-06-14 00:00:00+00:00,175.2780691034,175.9082469823,166.4551849374,167.3811525582,740283,,154.21059458736613,151.30798025615118,147.90031927670185,166.35488994768914,155.24296553007133,,#000000,0.0,0.0,19.839038545204012,178.54178758441876,-0.16450991178742166,0.0,0.0,0.0,0.0,0.0,0.0,0.0,0.0,52.83629646920552,7.193301532215386,False,True,False,False,False,6.860261067248711,0,1.0181782832248976,0.9639770808061813,False,False,False,False,-0.06327485867871899,0.014427642161703814,False,False,False,False,6055869,5949587.050114291,False,False,False,False,685600.8704447642,False,False,False,False
2024-06-21 00:00:00+00:00,185.7843159285,186.7689688643,174.5592724602,174.5592724602,1172124,,154.77082048912078,151.8758155008274,148.4656006628064,166.81276283344462,155.79606402105733,,"rgba(38, 166, 154, 0.5)",0.0,0.0,19.810818309488265,180.1923514817299,0.2822682213026945,0.0,0.0,0.0,0.0,0.0,0.0,0.0,0.0,54.116338338725235,7.193301532215386,False,True,True,False,False,10.444841400749166,1,1.072326243353948,0.8888691402343746,False,False,False,False,0.1452809293013041,0.07985428573150395,False,False,False,False,7227993,6044283.787142862,False,False,False,False,721639.6207821891,False,False,False,False
2024-06-28 00:00:00+00:00,184.809509522,188.3641066203,181.1761401889,184.7208907578,1249946,,155.39430866713164,152.50504323403706,149.08979947298695,167.34441441733065,156.41289892793003,,"rgba(38, 166, 154, 0.5)",0.0,0.0,19.68364553770131,181.1385598113343,0.1864974505680122,0.0,0.0,0.0,0.0,0.0,0.0,0.0,0.0,54.795378114894035,7.193301532215386,False,True,True,False,False,10.021383034858083,1,1.087286944628772,0.8820001401089147,False,False,False,False,0.2385220636632164,0.15918817469736019,False,False,False,False,5978047,6039377.358465613,False,False,False,False,760773.426650175,False,False,False,False
2024-07-05 00:00:00+00:00,181.4026103641,185.0802890794,180.3391851934,184.947360933,660309,,155.68609675351587,152.80273645158894,149.38838413724773,167.57415450351286,156.70038147332457,,"rgba(38, 166, 154, 0.5)",0.0,0.0,19.520560650640736,181.22768044545177,0.008961316315599993,0.0,0.0,0.0,0.0,0.0,0.0,0.0,0.0,54.456383928242076,7.193301532215386,False,True,True,False,False,8.544795833452671,1,1.1071685147695784,0.8942949428176175,False,False,False,False,0.19132248477105868,0.17525532973420943,False,False,False,False,5317738,5985922.5911718635,False,False,False,False,753331.6172686806,False,False,False,False
2024-07-12 00:00:00+00:00,190.0970957873,192.7753517727,181.6241572747,182.3281841238,667304,,156.03854019748437,153.15653909935375,149.73781152162664,167.88947219924486,157.04993897847004,,"rgba(38, 166, 154, 0.5)",0.0,0.0,19.59008565206777,181.76142474336592,0.4255045736900198,0.0,0.0,0.0,0.0,1.0,185.8926277514,185.0802890794,134.0,55.83784049467338,7.193301532215386,False,True,True,False,True,11.420261591688508,1,1.112294438152238,0.8590646561568664,False,False,False,False,0.2955720643154502,0.2354136970248298,False,False,False,False,5985042,5985857.36219617,False,False,False,False,746959.2011747042,False,False,False,False
2024-07-19 00:00:00+00:00,187.4188398019,197.526302188,185.8926277514,191.4756098974,769611,,156.46176379281678,153.58000572640995,150.15481300782375,168.27803147801288,157.47030601599698,190.27925658043333,"rgba(38, 166, 154, 0.5)",0.0,0.0,19.513156774599086,184.9600764801637,0.12600541010037586,-1.0,197.5263,185.89262,0.0,0.0,0.0,0.0,0.0,56.16633925736005,7.193301532215386,False,True,True,False,True,10.260656797213965,1,1.1350482669530817,0.8175132622531585,False,False,False,False,0.3428282518791833,0.2891209744520066,False,False,False,False,5215431,5928788.742774231,False,False,False,False,748637.1121988002,False,False,False,False
2024-07-26 00:00:00+00:00,186.6705035707,193.9963214131,185.1738311083,188.1868690918,889011,,156.91436018566148,154.0356375954281,150.60639809973392,168.6776802412387,157.91885151195828,189.38644937815158,"rgba(38, 166, 154, 0.5)",0.0,0.0,19.47315284326461,185.13249861495237,0.07898078796621731,0.0,0.0,0.0,0.0,0.0,0.0,0.0,0.0,56.21375451799214,7.193301532215386,False,True,True,False,True,9.93571663441254,1,1.1161161984052457,0.8572708509987479,False,False,False,False,0.2889697375662713,0.28904535600913894,False,False,False,False,4326420,5810094.761827992,False,False,False,False,759035.177961852,False,False,False,False
2024-08-02 00:00:00+00:00,178.9015919072,189.1715220276,177.5723104438,187.4286863313,607532,,157.1522546051222,154.2809472511957,150.8553632698585,168.85266533175997,158.1524077179376,187.37453416449856,"rgba(38, 166, 154, 0.5)",0.0,0.0,19.186505786498586,184.5396416648431,-0.2938549530790833,0.0,0.0,0.0,0.0,-1.0,185.1738311083,175.3469948089,137.0,54.422467824471795,7.193301532215386,False,True,True,False,True,6.6396703797903065,1,1.0730463103591172,0.8844588151780455,False,False,False,False,0.09249297639930708,0.19076916620422302,False,False,False,False,3718888,5655190.557248142,False,False,False,False,747812.7203350482,False,False,False,False
2024-08-09 00:00:00+00:00,174.2835696382,175.3469948089,168.9565972555,173.7124709354,465724,172.86238723419999,157.2661716712407,154.40558941512606,150.988842658357,168.8929904177734,158.26149892567742,184.90053821117766,#000000,0.0,0.0,18.859703998606026,180.92782062109424,-0.3522987944765912,0.0,0.0,0.0,0.0,0.0,0.0,0.0,0.0,52.181803080781094,6.404038074103589,False,True,False,False,False,4.762213784919805,1,1.0283164660696158,0.9740979613929545,False,False,False,False,-0.3082128330092025,-0.05872183340248974,False,False,False,False,3253164,5477262.664118649,False,False,False,False,726917.259569489,False,False,False,False
2024-08-16 00:00:00+00:00,174.5308962145,179.7347311398,173.5450799364,174.6577377538,581529,174.56963442989587,157.4337039538018,154.58443427163806,151.17636615694033,168.98034748148265,158.42367494235583,183.3273496013701,#000000,0.0,0.0,18.450350736106117,180.7467009919174,-0.33689358355955257,0.0,0.0,0.0,0.0,0.0,0.0,0.0,0.0,50.6400937021819,4.891775420438336,False,True,False,False,False,4.850376041379423,1,1.0151132519231696,0.9864357772431628,False,False,False,False,-0.15575795236622114,-0.10723989288435544,False,False,False,False,3834693,5355590.837146898,False,False,False,False,716147.758860638,False,False,False,False
2024-08-23 00:00:00+00:00,174.6987618572,178.3720570986,172.4770107032,175.2122332351,493468,174.7659605476922,157.56782659951008,154.72860329268818,151.3285152879261,169.04493897433966,158.55314909508093,182.2715838045683,#000000,0.0,0.0,17.90195539139986,180.35183308583686,-0.31577953944364145,0.0,0.0,0.0,0.0,0.0,0.0,0.0,0.0,49.58132358720209,3.847019418051282,False,True,False,False,False,4.9113051481593395,1,1.00578894971666,0.9734434688652784,False,False,False,False,-0.19606075489557562,-0.15165032388996552,False,False,False,False,4328161,5279484.923284165,False,False,False,False,699652.9619079982,False,False,False,False
2024-08-30 00:00:00+00:00,180.3370725638,181.0579073827,175.0641164915,175.4985922727,515393,175.78208529836266,157.7342418268255,154.9034333415701,151.50929633031387,169.1501139776524,158.71536960802115,181.85997643509674,#000000,0.0,0.0,17.374847491482157,180.42135720797617,-0.004850957351855019,0.0,0.0,0.0,0.0,0.0,0.0,0.0,0.0,50.20939277987885,3.847019418051282,False,True,False,False,False,6.937442303274352,1,0.9894974086233327,0.982407694605647,False,False,False,False,-0.1092522348881981,-0.1304512793890818,False,False,False,False,4843554,5247193.743781635,False,False,False,False,686004.0758407391,False,False,False,False
2024-09-06 00:00:00+00:00,165.6636404973,179.49774435,165.6537660478,179.49774435,408956,174.8679132090812,157.81166195659895,154.9914225317599,151.60668897590406,169.1596089017382,158.78830444002838,180.85831423524334,#000000,0.0,0.0,16.843015338395563,176.88587513213344,-0.6662841782997769,0.0,0.0,0.0,0.0,0.0,0.0,0.0,0.0,47.655879415424224,1.9568137962848127,False,True,False,False,False,1.0957597785443198,1,0.9291468552964532,1.0013493396922886,False,False,False,False,-0.29331100528427856,-0.21188114233668018,False,False,False,False,4434598,5187001.466464477,False,False,False,False,665481.9961488325,False,False,False,False
2024-09-13 00:00:00+00:00,174.2149138281,176.3379204865,166.5227176102,167.2830502274,1376237,173.9688641389732,158.10780198921165,155.31971406852028,151.96296726860567,169.24821658191743,159.0705261223707,178.9429954107119,#000000,0.0,0.0,16.220829509067567,176.286201860145,-0.1276931016929275,0.0,0.0,0.0,0.0,0.0,0.0,0.0,0.0,47.71892153950667,1.9568137962848127,False,True,False,False,False,4.101594007065874,1,0.9383073084268334,1.0095115431286537,False,False,False,False,-0.3338846901441643,-0.2728829162404222,False,False,False,False,5810835,5233211.357837479,False,False,False,False,718130.5149526227,False,False,False,False
2024-09-20 00:00:00+00:00,178.7374117329,185.05705946,174.3778422461,174.8370041513,1449526,175.45430039763997,158.55456723178148,155.7896067941567,152.45012961073243,169.53573171455704,159.50609321132828,179.0288844787958,#000000,0.0,0.0,15.57418952598114,177.2799758770858,0.09358020546641456,0.0,0.0,0.0,0.0,0.0,0.0,0.0,0.0,48.65610213933678,1.9568137962848127,False,True,False,False,False,5.624329164404447,1,0.9736661733768618,0.9706469249634507,False,False,False,False,-0.05561974034525344,-0.16425132829283784,False,False,False,False,7260361,5383370.590590258,False,False,False,False,772307.9582894655,False,False,False,False
2024-09-27 00:00:00+00:00,174.7580085547,180.8801672903,174.6493896094,179.2410086611,748217,175.61638441856667,158.74974457541137,155.99882992505994,152.6710055304631,169.63995185179755,159.69493572859338,178.82470754697417,#000000,0.0,0.0,14.843885962379678,177.11698141626988,-0.15891882136176771,0.0,0.0,0.0,0.0,0.0,0.0,0.0,0.0,48.54656712456423,1.9568137962848127,False,True,False,False,False,4.098969624435419,1,0.9535266421996045,1.0219351306416493,False,False,False,False,-0.11890117181791789,-0.14157625005537786,False,False,False,False,6512144,5466983.435731721,False,False,False,False,770523.4428606163,False,False,False,False
2024-10-04 00:00:00+00:00,169.8306582174,175.676332365,168.3198674326,174.3531561222,656379,175.19084229981692,158.8664358954246,156.13136350939163,152.81810832409013,169.6603865592904,159.80505435312506,178.27178481342366,#000000,0.0,0.0,13.984519781240436,176.30672830186094,-0.4630884853942762,0.0,0.0,0.0,0.0,-1.0,174.6493896094,173.2076212271,146.0,47.554949907661694,1.6448725895197782,False,True,False,False,False,2.252309364582498,1,0.9216009243471364,1.047368086625214,False,False,False,False,-0.3136477549519306,-0.2276120025036542,False,False,False,False,5855765,5495782.070121964,False,False,False,False,762068.2989450151,False,False,False,False
2024-10-11 00:00:00+00:00,170.3342551457,173.2076212271,167.826144954,169.8997793644,591922,174.80625081851485,158.96299079453988,156.24256304663456,152.94298209677268,169.6692504347239,159.89561022690503,177.787530001143,#000000,0.0,0.0,13.226603848578486,175.6890426234056,-0.4048497663503469,0.0,0.0,0.0,0.0,0.0,0.0,0.0,0.0,46.95963313172387,0.9605101989915923,False,True,False,False,False,2.4290037772773765,1,0.9103245281750888,1.05551661490655,False,False,False,False,-0.34282825441539394,-0.28522012845952405,False,False,False,False,6447687,5566293.546409226,False,False,False,False,749464.8693935324,False,False,False,False
2024-10-18 00:00:00+00:00,170.1466406038,174.3729050213,169.2263419035,170.9563454688,759489,174.47047000225655,159.092931092192,156.39055519589076,153.10777523333837,169.69150898097124,160.01812387464918,177.30597990534784,#000000,0.0,0.0,12.741237268943047,175.18134648373237,-0.39515046880137333,0.0,0.0,0.0,0.0,0.0,0.0,0.0,0.0,46.49717784789976,0.39265618565481475,False,True,False,False,False,2.3575765469188923,1,0.941608914552979,1.0363536949838665,False,False,False,False,-0.29862265910215424,-0.29192139378083914,False,False,False,False,5688198,5575323.5059344685,False,False,False,False,750207.3975866041,False,False,False,False
2024-10-25 00:00:00+00:00,164.0343563177,170.9859688175,159.650100707,170.3638784944,865111,173.54047754786973,159.16194151385682,156.48497616448915,153.22736836136838,169.61564959475663,160.07728365175703,176.34507660450765,"rgba(239, 83, 80, 1.0)",0.0,0.0,12.265793826905195,171.1286932197301,-0.578383837372888,0.0,0.0,0.0,0.0,-1.0,169.2263419035,167.8755172018,149.0,44.98888692213966,-1.1747128314133448,False,True,False,True,False,0.05584006421710441,1,0.8951923667055939,1.0464928680868057,False,False,False,False,-0.34282825441539394,-0.31737482409811657,False,False,False,False,4823087,5519602.283272656,False,False,False,False,758718.775543152,False,False,False,False
2024-11-01 00:00:00+00:00,161.5756183738,167.8755172018,160.3610610763,165.2291647161,999468,172.50487590232797,159.21768249079562,156.57096213534194,153.3437774243618,169.5019100144833,160.121463519822,175.27200655713503,"rgba(239, 83, 80, 1.0)",0.0,0.0,11.695527220287005,169.93811734206136,-0.7150168445382948,0.0,0.0,0.0,0.0,0.0,0.0,0.0,0.0,43.46740993532901,-2.7181594630162564,False,True,False,True,False,0.0,0,0.9253070937653541,1.0751122090371557,False,False,False,False,-0.34282825441539394,-0.3301015392567552,False,False,False,False,3823619,5393973.891919126,False,False,False,False,776552.0514288445,False,False,False,False
2024-11-08 00:00:00+00:00,171.3809468005,173.3459622656,161.3682549328,161.6151161721,871799,172.19712988930277,159.32855903785733,156.7035401685207,153.49746018947062,169.48953935930194,160.22373019403702,174.83283798374993,"rgba(239, 83, 80, 1.0)",0.0,0.0,11.09796061188876,170.06958058735586,0.11816281017787456,0.0,0.0,0.0,0.0,1.0,168.6901199729,167.8755172018,151.0,44.77299552185059,-2.7181594630162564,False,True,False,True,False,2.7001833884563844,0,0.9075971387381754,1.0350877562385157,False,False,False,False,-0.258108179837912,-0.2941048595473336,False,False,False,False,4695418,5342229.011036227,False,False,False,False,783607.3809526338,False,False,False,False
2024-11-15 00:00:00+00:00,170.373752944,177.6512222798,168.6901199729,172.8621142365,797298,172.1999688580987,159.465175396387,156.85731779678605,153.66745041953575,169.52770514991457,160.35333087695662,174.68344696997391,"rgba(239, 83, 80, 1.0)",0.0,0.0,10.824118408147466,170.50415866816238,-0.01204769933634765,0.0,0.0,0.0,0.0,0.0,0.0,0.0,0.0,45.4990881571512,-2.7181594630162564,False,True,False,True,False,2.32087575122355,1,0.9226004039882666,1.0294624030726698,False,False,False,False,-0.11395143436955428,-0.20402814695844396,False,False,False,False,3898120,5235257.973181692,False,False,False,False,784621.5008820683,False,False,False,False
2024-11-22 00:00:00+00:00,173.2953513349,173.4736183553,164.9415606816,170.0370263498,938174,172.07782919786803,159.6017562429306,157.01520543147205,153.8459520220503,169.5444629116045,160.4813864628925,174.42243893111575,#000000,0.0,0.0,10.704345472418686,170.42488568317702,0.26815891351032684,0.0,0.0,0.0,0.0,0.0,0.0,0.0,0.0,46.690078218286814,-2.7181594630162564,False,True,False,False,True,3.3560898939082513,1,0.9098758693267675,1.0441494762235348,False,False,False,False,-0.21135220199435478,-0.20769017447639937,False,False,False,False,4836294,5205705.086279345,False,False,False,False,795995.7600759892,False,False,False,False
2024-11-29 00:00:00+00:00,172.1366157019,177.0488624879,171.4928736835,174.0678417569,664543,172.15251506192533,159.72230352840472,157.14904334657524,153.99232204869412,169.58966500102446,160.59647342751407,174.38531818073983,#000000,0.0,0.0,10.587513942183051,170.84016799539944,0.12245062566909418,0.0,0.0,0.0,0.0,0.0,0.0,0.0,0.0,47.27646023260963,-2.7181594630162564,False,True,False,False,True,2.9069984782916123,1,0.9769979513813346,1.0085503626622019,False,False,False,False,-0.0873648918104074,-0.1475275331434034,False,False,False,False,4171751,5129115.894703097,False,False,False,False,786258.5185888789,False,False,False,False
2024-12-06 00:00:00+00:00,174.3649534576,176.9498252543,169.9974114563,171.6909481507,1047237,172.27160140382546,159.91093855503652,157.35827512262657,154.22106600816872,169.66255123635804,160.77667118926067,174.34630296017602,#000000,0.0,0.0,10.588123820926324,171.3093773600435,0.2885852252235159,0.0,0.0,0.0,0.0,0.0,0.0,0.0,0.0,48.236591878084596,-5.467245554481607,False,True,False,False,True,3.7088029709169703,1,0.9996116317045527,0.9761426502578343,False,False,False,False,-0.10661619941899939,-0.12707186628120137,False,False,False,False,5218988,5135773.087688052,False,False,False,False,805590.2579526657,False,False,False,False
2024-12-13 00:00:00+00:00,172.7308391034,179.6238305612,171.7998891077,174.5333167547,1016239,172.43467364092567,160.10139582438393,157.5677722333337,154.44855222590428,169.7466519944595,160.95929507905583,174.36788265905915,#000000,0.0,0.0,10.503400946231523,172.4510224682562,0.026640574474516555,0.0,0.0,0.0,0.0,0.0,0.0,0.0,0.0,48.51410971237936,-5.121311453901782,False,True,False,False,True,3.059160210449299,1,1.016861244092735,0.956792497842319,False,False,False,False,-0.05272257137583192,-0.08989721882851665,False,False,False,False,4202749,5066660.192303752,False,False,False,False,821193.8684746904,False,False,False,False
2024-12-20 00:00:00+00:00,163.7778731869,174.1184497832,162.8568269145,172.1564231486,1599204,171.91094187746594,160.23662751761137,157.74202408533148,154.66258885101212,169.674485993347,161.07963936225187,173.74448931718703,#000000,0.0,0.0,10.48201733927424,170.5559593068176,-0.646639468389481,0.0,0.0,0.0,0.0,-1.0,171.7998891077,168.3930082722,182.0,46.714257790647906,-5.121311453901782,False,True,False,False,True,0.0,1,0.9408211820900126,1.02968032647856,False,False,False,False,-0.22942446184664145,-0.15966084033757905,False,False,False,False,2603545,4884207.215096066,False,False,False,False,878824.2485876762,False,False,False,False
2024-12-27 00:00:00+00:00,165.5605433915,168.3930082722,162.8073082977,162.9063455313,792955,171.62664708336604,160.28874722709062,157.8138543139055,154.75478458675138,169.6234288381819,161.12433128291542,173.41951811362443,"rgba(239, 83, 80, 1.0)",0.0,0.0,10.453985572396087,169.96968092590248,-0.42176617748974826,0.0,0.0,0.0,0.0,0.0,0.0,0.0,0.0,45.91448710569048,-5.121311453901782,False,True,False,True,False,0.28569449093330235,1,0.9104165095637651,1.0628143138697776,False,False,False,False,-0.30354418214438106,-0.23160251124098005,False,False,False,False,3396500,4774006.680644505,False,False,False,False,872463.5635071077,False,False,False,False
2025-01-03 00:00:00+00:00,163.282687019,166.1547667931,161.8416952702,163.7481620168,405173,171.44999774402638,160.30593850311777,157.84154271495686,154.79344960893877,169.58624134155718,161.137616005008,173.2268123884647,"rgba(239, 83, 80, 1.0)",0.0,0.0,10.445274489386403,169.6280251073626,-0.607484091950879,0.0,0.0,0.0,0.0,0.0,0.0,0.0,0.0,44.85731609451362,-1.5538211313005377,False,True,False,True,False,0.0,1,0.9096640619385096,1.058224503901085,False,False,False,False,-0.34282825441539394,-0.287215382828187,False,False,False,False,2991327,4641956.3339300975,False,False,False,False,837849.4476917664,False,False,False,False
2025-01-10 00:00:00+00:00,154.8050998237,165.9071737091,154.7951961003,163.282687019,678071,170.98106936637177,160.29111295138887,157.84665379904507,154.81991171974198,169.46983929112767,161.11557171699917,172.75111153308214,"rgba(239, 83, 80, 1.0)",0.0,0.0,10.633924483586508,168.69558412579283,-1.3062425187928344,0.0,0.0,0.0,0.0,0.0,0.0,0.0,0.0,42.488790010294174,-3.860126676885656,False,True,False,True,False,0.0,1,0.8729747248168161,1.095120913308166,False,False,False,False,-0.34282825441539394,-0.31502181862179046,False,False,False,False,2313256,4469460.012898238,False,False,False,False,826014.0071220059,False,False,False,False
2025-01-17 00:00:00+00:00,162.2725072364,164.4810375454,152.3093615373,153.3591562133,563064,170.65133807014257,160.2870213229353,157.85840002833334,154.8485802941184,169.3852681532559,161.10572073301523,172.40980669931807,"rgba(239, 83, 80, 1.0)",0.0,0.0,10.689065745075258,165.59625286804663,-0.3109481886364082,0.0,0.0,0.0,0.0,0.0,0.0,0.0,0.0,42.82851380891557,-3.860126676885656,False,True,False,True,False,0.0,1,0.8428880051330282,1.122687400983529,False,False,False,False,-0.34282825441539394,-0.3289250365185922,False,False,False,False,2876320,4351449.641572443,False,False,False,False,806536.2288166722,False,False,False,False
2025-01-24 00:00:00+00:00,162.1932774495,166.0683072881,161.5396317078,162.9558641481,489218,170.46865152077623,160.30447361887275,157.88821836555275,154.89143933740925,169.33965359431,161.11859864505612,172.20687207575526,"rgba(239, 83, 80, 1.0)",0.0,0.0,10.744611947501959,165.8277423915473,-0.3382593024117825,0.0,0.0,0.0,0.0,0.0,0.0,0.0,0.0,43.05529183155667,-3.860126676885656,False,True,False,True,False,0.0,1,0.8854451833182753,1.1016234455115814,False,False,False,False,-0.18930473794781144,-0.2591148872332018,False,False,False,False,2387102,4205942.408863373,False,False,False,False,783031.1748302521,False,False,False,False
2025-01-31 00:00:00+00:00,163.1440348919,165.61501387,160.8859859661,161.1137716034,719770,170.2138983909071,160.32933741872392,157.9310773115648,154.95332191105226,169.27320064956433,161.13681651891213,171.9225143865565,"rgba(239, 83, 80, 1.0)",0.0,0.0,10.77442461221361,165.78035164223274,-0.24468283413893793,0.0,0.0,0.0,0.0,0.0,0.0,0.0,0.0,43.47660047785651,-3.860126676885656,False,True,False,True,False,0.0,1,0.9146354013788017,1.0842191566087978,False,False,False,False,-0.18168410475150013,-0.22039949599235098,False,False,False,False,3106872,4124529.7859846046,False,False,False,False,778345.161879863,False,False,False,False
2025-02-07 00:00:00+00:00,163.5302801029,165.3921800944,159.1033157615,160.6879114989,592231,170.00216868790855,160.3457117318552,157.96227832292263,155.00027170119031,169.21481858609428,161.14773859450133,171.68799987979412,"rgba(239, 83, 80, 1.0)",0.0,0.0,10.756913820578834,165.62295704312623,-0.19454250309440693,0.0,0.0,0.0,0.0,0.0,0.0,0.0,0.0,43.88782075372387,-3.860126676885656,False,True,False,True,False,0.0,1,0.9417560528634268,1.0372613993645532,False,False,False,False,-0.2139559073876603,-0.21717770169000564,False,False,False,False,3699103,4093016.690726486,False,False,False,False,764558.9276665398,False,False,False,False
2025-02-14 00:00:00+00:00,157.2315120466,165.1874701326,155.8902005695,163.9264290373,709122,169.65840886329573,160.33817504501846,157.97379593065168,155.0323336945841,169.11230238446538,161.13331362039483,171.326932558754,"rgba(239, 83, 80, 1.0)",0.0,0.0,10.86952060995716,165.08962563827882,-0.7229494173349565,0.0,0.0,0.0,0.0,-1.0,159.1033157615,159.0000560684,165.0,42.7903725159815,-3.860126676885656,False,True,False,True,False,0.0,1,0.9055555150524515,1.0585270815159524,False,False,False,False,-0.27002360406801257,-0.24360065287900912,False,False,False,False,2989981,4011310.3432652648,False,False,False,False,760452.4885801293,False,False,False,False
2025-02-21 00:00:00+00:00,157.3606753741,159.0000560684,155.0556067615,155.8206510855,601190,169.32234713617498,160.31585049820296,157.96830116445284,155.04516217034748,169.00681674981848,161.10497086281475,170.9810774774352,"rgba(239, 83, 80, 1.0)",0.0,0.0,10.97988809825206,164.53567185073874,-0.6534671767539199,0.0,0.0,0.0,0.0,0.0,0.0,0.0,0.0,42.047182280809196,-4.58609366192033,False,True,False,True,False,0.0,1,0.9057916690645603,1.0822080465559563,False,False,False,False,-0.34282825441539394,-0.29321445364720156,False,False,False,False,3591171,3980188.9104308006,False,False,False,False,748655.2672038234,False,False,False,False
2025-02-28 00:00:00+00:00,162.6464361582,163.2525102331,155.6616808363,157.5494525449,1120889,168.90282212484811,160.318474987772,157.9992307511192,155.10663171481414,168.86967150878837,161.09733605356055,170.52631537643106,"rgba(239, 83, 80, 1.0)",0.0,0.0,10.951723409567203,164.1625494840747,-0.1384360496677859,0.0,0.0,0.0,0.0,0.0,0.0,0.0,0.0,43.12870820237865,-4.58609366192033,False,True,False,True,False,0.0,1,0.8986434258370999,1.075999490709504,False,False,False,False,-0.26539757706798234,-0.2793060153575919,False,False,False,False,4712060,4034401.5837322227,False,False,False,False,776228.1362998366,False,False,False,False
2025-03-07 00:00:00+00:00,156.9731853918,163.3220597171,155.3238690569,162.8252776885,818505,168.55427560090524,160.30194864595498,158.0039722517948,155.13454866045308,168.74919307201975,161.0731817286822,170.15750826764423,"rgba(239, 83, 80, 1.0)",0.0,0.0,10.894092512671051,163.7670906466274,-0.6236320507582729,0.0,0.0,0.0,0.0,0.0,0.0,0.0,0.0,42.61945317989478,-4.58609366192033,False,True,False,True,False,0.0,1,0.9441086472032575,1.074609487108617,False,False,False,False,-0.26958510473009173,-0.2744455600438418,False,False,False,False,3893555,4023968.503455762,False,False,False,False,779359.755833182,False,False,False,False
2025-03-14 00:00:00+00:00,149.4220985573,159.1192837553,147.6309012751,156.6155023312,784677,168.03897718965473,160.2291638309941,157.95437723756024,155.11074594539105,168.56462636710253,160.9922881014085,169.63891360388214,"rgba(239, 83, 80, 1.0)",0.0,0.0,10.982376709796654,162.96456549900518,-1.2331089434971616,0.0,0.0,0.0,0.0,-1.0,155.3238690569,152.9393153197,169.0,40.80870332144741,-5.904875132796086,False,True,False,True,False,0.0,1,0.9065580654088939,1.0836389256984273,False,False,False,False,-0.34282825441539394,-0.3086369072296179,False,False,False,False,3108878,3956184.021718298,False,False,False,False,779753.6257714649,False,False,False,False
2025-03-21 00:00:00+00:00,148.8855739664,152.9393153197,147.2760001938,149.9486875076,1326392,167.1192462934492,160.07435173443582,157.83962975774932,155.0409139591803,168.21850294886463,160.8235837109451,168.71786307603173,"rgba(239, 83, 80, 1.0)",0.0,0.0,10.997548296337197,161.60136966753498,-1.1562391324410068,0.0,0.0,0.0,0.0,0.0,0.0,0.0,0.0,39.41953996988833,-7.2632966372427035,False,True,False,True,False,0.0,0,0.8636329523310121,1.161605323274658,False,False,False,False,-0.34282825441539394,-0.3257325808225059,False,False,False,False,1782486,3795169.3534428687,False,False,False,False,820245.3571958008,False,False,False,False
2025-03-28 00:00:00+00:00,147.0574161013,154.439597046,146.8189607275,149.034608575,930930,166.51805811388704,159.96571533562113,157.75845290718152,154.99062036194132,167.97973843913326,160.705442623359,168.1124307241068,"rgba(239, 83, 80, 1.0)",0.0,0.0,10.966267634189432,160.79781291721076,-1.2529693122820076,0.0,0.0,0.0,0.0,0.0,0.0,0.0,0.0,38.092174610566374,-8.54636565479484,False,True,False,True,False,0.0,0,0.8609394468367196,1.1321158340652173,False,False,False,False,-0.32781285443494373,-0.32677271762872484,False,False,False,False,851556,3577123.919854508,False,False,False,False,828444.2196257414,False,False,False,False
2025-04-04 00:00:00+00:00,133.2965539095,148.9749947316,133.0879054575,146.4910845887,1022121,165.50800503895312,159.7271301122903,157.55578674551722,154.82920521273593,167.57324289373753,160.4547678464701,167.12387657394774,"rgba(239, 83, 80, 1.0)",0.0,0.0,11.636589566414141,159.25354519081023,-2.230635628520236,0.0,0.0,0.0,0.0,-1.0,146.8189607275,144.3746937905,172.0,35.07430073121827,-11.417807978052302,False,True,False,True,False,0.0,0,0.8311532411969396,1.1279643273426578,False,False,False,False,-0.34282825441539394,-0.33480048602205936,False,False,False,False,-170565,3299517.333198618,False,False,False,False,842790.6478016124,True,False,False,False
2025-04-11 00:00:00+00:00,143.2620014029,144.3746937905,127.0371003493,130.8325150477,1814782,163.86930141017163,159.31189466870052,157.20206237868197,154.54635001598203,166.87297422499387,160.01885456425083,165.50922074023578,"rgba(239, 83, 80, 1.0)",0.0,0.0,11.954426802788358,151.5364262581906,-0.6921640821256766,0.0,0.0,0.0,0.0,0.0,0.0,0.0,0.0,35.79985843879348,-11.417807978052302,False,True,False,True,False,0.0,0,0.8151150056110813,1.130691357912258,True,False,False,False,-0.34282825441539394,-0.3388143702187266,False,False,False,False,1644217,3176902.493702424,False,False,False,False,914790.0072237152,False,False,False,False
2025-04-18 00:00:00+00:00,143.1527093566,145.1497731115,140.0926314169,144.0866595703,924805,163.24352678994399,159.1509719506317,157.06899394140268,154.4452454756689,166.58376463246498,159.84847789028362,164.88049742667872,"rgba(239, 83, 80, 1.0)",0.0,0.0,12.261236828657509,151.37315513159933,-0.6704418069624206,0.0,0.0,0.0,0.0,0.0,0.0,0.0,0.0,36.30057100976562,-11.417807978052302,False,True,False,True,False,0.0,0,0.8678917328002204,1.132513753115311,False,False,False,False,-0.21936680831373984,-0.2790905892662332,False,False,False,False,719412,2994866.160835578,False,False,False,False,915531.858540477,False,False,False,False
2025-04-25 00:00:00+00:00,152.4325976505,152.9393153197,140.6091853702,142.6161847657,1311760,162.6540450475217,159.007944124549,156.96023209975002,154.375480626601,166.28347502623774,159.69364134693262,164.26764271658513,"rgba(239, 83, 80, 0.75)",0.0,0.0,12.408345409285893,151.74857810170798,0.05512576626696295,0.0,0.0,0.0,0.0,1.0,149.6754573919,145.1497731115,0.0,38.9652684951467,-14.808288961771481,False,True,False,True,True,0.0,0,0.9140455453951296,1.0814661601823585,False,False,False,False,-0.14848102193372734,-0.21378580559998028,False,False,False,False,2031172,2923481.408181091,False,False,False,False,944882.0912411824,False,False,False,False
2025-05-02 00:00:00+00:00,156.0094282563,158.2151404632,149.6754573919,151.9159443408,1572193,162.28341896864666,158.93760925789152,156.92471007217353,154.37915469925204,166.05414130801742,159.61107562277806,163.85025457753522,"rgba(239, 83, 80, 0.75)",0.0,0.0,12.491145084701573,152.60650528519568,0.2724268230037628,0.0,0.0,0.0,0.0,1.0,153.5255181134,152.9393153197,0.0,41.65612202381439,-12.300092161146019,False,True,False,True,True,0.0,0,0.9519852891115087,1.0434079542791723,False,False,False,False,-0.02910293954732832,-0.1214443725736543,False,False,False,False,3603365,2973843.1557232323,False,False,False,False,991349.5659640578,False,False,False,False
2025-05-09 00:00:00+00:00,156.5459528472,158.5827591644,153.5255181134,155.2841264946,1061012,162.09999464031196,158.90841792568472,156.9175043237533,154.3966686081749,165.92518536612616,159.57412125782875,163.63345052591538,"rgba(239, 83, 80, 0.75)",0.0,0.0,12.583754740509411,153.08441799702607,0.2750796500372515,0.0,0.0,0.0,0.0,0.0,0.0,0.0,0.0,43.69733594454317,-10.448537837474419,False,True,False,True,True,0.0,0,0.9636284052588845,1.0684660537058166,False,False,False,False,0.005696004753010404,-0.057874183910321945,False,False,False,False,4664377,3099067.8849289184,False,False,False,False,996509.7462630165,False,False,False,False
2025-05-16 00:00:00+00:00,158.9931756201,161.1759613536,157.3782220524,159.4869024564,1126700,162.00921694241669,158.91150631125407,156.94176784308007,154.44458572361484,165.8326006558854,159.5696431523934,163.50311663337447,"rgba(239, 83, 80, 0.75)",0.0,0.0,12.643153967952749,153.6868793815269,0.41969719359767765,0.0,0.0,0.0,0.0,0.0,0.0,0.0,0.0,45.71110897530255,-8.625321870487568,False,True,False,True,True,0.0,0,0.9425255993867393,1.0740332015902536,False,False,False,False,0.05893488102566539,0.0005303485576717212,False,False,False,False,5791077,3298475.9675267763,False,False,False,False,1006153.4687620522,False,False,False,False
2025-05-23 00:00:00+00:00,157.2585958622,159.7807147055,155.6336734454,156.9794680851,1081766,161.88009054767548,158.8970137466724,156.94803805193814,154.47422702521598,165.72492807502113,159.54779656689337,163.3405359943495,#000000,0.0,0.0,12.693115501900822,154.03776013609655,0.25374666492407777,0.0,0.0,0.0,0.0,0.0,0.0,0.0,0.0,46.74293278154657,-7.728064448632892,False,True,False,False,True,0.0,0,0.9509928938155192,1.062155103963986,False,False,False,False,0.03297924368275829,0.016754796120215007,False,False,False,False,4709311,3402982.2662284966,False,False,False,False,1011754.3970019002,False,False,False,False
2025-05-30 00:00:00+00:00,162.4623351358,164.1670083461,158.0760414952,159.1227706595,1152017,161.87075254827687,158.92712478024237,156.99759454286152,154.54543968203254,165.66811955392387,159.57089520182882,163.2903913356519,#000000,0.0,0.0,12.701504522900724,154.60343671740455,0.6187375994887784,0.0,0.0,0.0,0.0,1.0,160.5782226402,159.7807147055,0.0,48.67716536588238,-5.9327782650794845,False,False,False,False,True,0.46407827040114924,0,0.9276566319638203,1.0539321176939065,False,False,False,False,0.08953383341824424,0.05314431476922962,False,False,False,False,5861328,3585081.950211571,False,False,False,False,1022144.2194462039,False,False,False,False
2025-06-06 00:00:00+00:00,164.5956688609,166.9732393911,160.5782226402,161.7246402962,1161036,161.93460791664134,158.98465457334441,157.07300205467615,154.64062176861492,165.64612060886424,159.62189899605016,163.3114271888254,#000000,0.0,0.0,12.705259478189733,155.23399670946174,0.7368343926787808,0.0,0.0,0.0,0.0,0.0,0.0,0.0,0.0,50.524243373013846,-4.221062805328266,False,False,False,False,True,1.2468480123670886,0,0.9467090453584297,1.0400895084064716,False,False,False,False,0.13387736934241548,0.09351084205582255,False,False,False,False,7022364,3839695.435381084,False,False,False,False,1032432.4994872258,False,False,False,False
2025-06-13 00:00:00+00:00,161.6648272011,166.8286910779,161.3956682732,165.0841424709,764768,161.96040490041776,159.01632074027955,157.11653309682563,154.69735024881695,165.62527732655965,159.64926049364328,163.3111575712727,#000000,0.0,0.0,12.663989801727755,155.57000512141576,0.48127187206457755,0.0,0.0,0.0,0.0,0.0,0.0,0.0,0.0,51.07071902466617,-3.7339640821770885,False,False,False,False,True,0.14060492068887953,0,0.9412908315702371,1.0542842296887616,False,False,False,False,0.24679992411499943,0.170155383085411,False,False,False,False,6257596,4018799.1809084113,False,False,False,False,1012605.4995252091,False,False,False,False
2025-06-20 00:00:00+00:00,164.3364787822,166.55953215,162.5121793817,163.1003414835,1483948,162.04935992985682,159.09293826387645,157.21499369345162,154.82006072997436,165.60571865286698,159.71791360026427,163.3501131804745,#000000,0.0,0.0,12.645219387621422,156.22017644991092,0.6418474906203874,0.0,0.0,0.0,0.0,0.0,0.0,0.0,0.0,52.082382824406864,-2.748012933823972,False,False,False,False,True,1.1374198613591453,0,0.9857163775917794,1.0254429364913515,False,False,False,False,0.31668070679268817,0.2434180449390496,False,False,False,False,7741544,4294558.056396677,False,False,False,False,1047519.758819638,False,False,False,False
2025-06-27 00:00:00+00:00,166.8087533796,169.5800934525,162.8959800752,163.838036323,1167963,162.16823622793075,159.1731689969096,157.31108353051079,154.9336665915927,165.6165294348743,159.79230381502902,163.42949603134147,#000000,0.0,0.0,12.593878099788911,156.7622309028771,0.7977306431837946,0.0,0.0,0.0,0.0,0.0,0.0,0.0,0.0,53.36736672327534,-1.4775129069211275,True,False,False,False,True,2.054604807447223,0,0.9879608869607894,0.9815836188271658,False,False,False,False,0.3428282519895645,0.29312314846430704,False,False,False,False,8909507,4636406.12629322,False,False,False,False,1056441.4803885538,False,False,False,False
2025-07-04 00:00:00+00:00,175.22246209,175.22246209,164.9545474315,166.7489402845,725601,162.32798291920642,159.25838805206797,157.40435689457507,155.03559323321244,165.66660757432442,159.87443558399949,163.56148678252885,"rgba(38, 166, 154, 1.0)",0.0,0.0,12.580830363016352,157.23309058914123,1.4299033515102317,0.0,0.0,0.0,0.0,1.0,170.0635826378,169.5800934525,185.0,55.97902357526729,1.055930990725649,True,False,True,False,True,5.070109323288442,0,1.0029892133291045,0.9438610332141679,False,False,False,False,0.3428282522612303,0.3179757003627687,False,False,False,False,9635108,5006680.339160388,False,False,False,False,1031934.7781375499,False,False,False,False
2025-07-11 00:00:00+00:00,172.2318073351,176.4385620019,170.0635826378,174.9333654637,875627,162.5356517079657,159.36868733515942,157.523897127288,155.16501304524758,165.73672832509038,159.98116466760024,163.73608482977227,"rgba(38, 166, 154, 1.0)",0.0,0.0,12.570759428113726,157.79952956332818,1.1480832048615077,0.0,0.0,0.0,0.0,0.0,0.0,0.0,0.0,56.96174326779072,2.001949728527144,True,False,True,False,True,3.887280714752336,0,1.0634551141315074,0.9352672903105804,False,False,False,False,0.3428282524426834,0.33040197640272606,False,False,False,False,8759481,5284665.573296656,False,False,False,False,1020356.4242014351,False,False,False,False
2025-07-18 00:00:00+00:00,174.3751099095,175.5614029623,168.3240184554,171.5738632891,792445,162.71393637084853,159.46583799353172,157.62941036402185,155.27950620565238,165.79765758987926,160.0750988986092,163.88594629217218,"rgba(38, 166, 154, 1.0)",0.0,0.0,12.570549032999862,158.2701257546417,1.281167919760699,0.0,0.0,0.0,0.0,0.0,0.0,0.0,0.0,58.0876518641972,3.115682804159647,True,False,True,False,True,4.647297723463524,0,1.0688509801703319,0.9308442156953722,False,False,False,False,0.31723045427197927,0.32381621533735266,False,False,False,False,9551926,5600758.938237644,False,False,False,False,1003474.0964828103,False,False,False,False
2025-07-25 00:00:00+00:00,179.469191842,179.8081327142,172.7103120959,175.6610914541,989585,163.02559836235784,159.62629618601704,157.79838544812566,155.457302003891,165.92135933669013,160.23212051092148,164.15926872864674,"rgba(38, 166, 154, 1.0)",0.0,0.0,12.603438435654303,158.98534323521605,1.6252587507260297,0.0,0.0,0.0,0.0,0.0,0.0,0.0,0.0,59.84342580338268,4.8438029895164405,True,False,True,False,True,6.424757343155758,0,1.0436078527248445,0.9183666617015138,False,False,False,False,0.3428282525890144,0.3333222339631835,False,False,False,False,10541511,5966740.572442263,False,False,False,False,1002445.2745211207,False,False,False,False
2025-08-01 00:00:00+00:00,174.6841442342,180.4810300341,172.7601563418,179.4392852945,1065101,163.3161429502464,159.7828428274003,157.9646589700363,155.6338384907213,166.03611343631792,160.3848273437795,164.41229850736588,"rgba(38, 166, 154, 1.0)",0.0,0.0,12.590693872781456,159.64120733547935,1.1947663131767865,0.0,0.0,0.0,0.0,0.0,0.0,0.0,0.0,59.648437242673964,4.8438029895164405,True,False,True,False,True,4.499548346141079,0,1.0464461113420251,0.91399820775566,False,False,False,False,0.3428282526051456,0.33807524328416455,False,False,False,False,9476410,6226716.085594689,False,False,False,False,1007086.4393714081,False,False,False,False
2025-08-08 00:00:00+00:00,173.6374150699,182.2853917362,172.2716827319,175.4417767721,1258907,163.64549515868882,159.9650561504907,158.15826664116068,155.8395229550757,166.16960948665047,160.5625608802925,164.69995520193325,"rgba(38, 166, 154, 1.0)",0.0,0.0,12.547322076793735,164.06617257634917,0.7628115732561628,0.0,0.0,0.0,0.0,0.0,0.0,0.0,0.0,59.2020258620851,4.8438029895164405,True,False,True,False,True,4.082177591008673,0,1.0518989304131774,0.905697082130307,False,False,False,False,0.34282825263379507,0.3404517479589798,False,False,False,False,8217503,6374181.782958046,False,False,False,False,1025739.8142327853,False,False,False,False
2025-08-15 00:00:00+00:00,169.61,174.9333654637,167.63,173.5177888797,1580376,163.86786212691567,160.1141187380627,158.32476785216886,156.0252911929724,166.24447230872488,160.7051309823533,164.8810423185516,"rgba(38, 166, 154, 1.0)",0.0,0.0,12.461200123034889,163.75987558122497,0.4694671749923119,0.0,0.0,0.0,0.0,0.0,0.0,0.0,0.0,57.72665237069412,4.8438029895164405,True,False,True,False,True,2.4850440570616144,0,1.0453913859336479,0.9398743786748642,False,False,False,False,0.2392582148950127,0.2898549814269963,False,False,False,False,6637127,6393659.2064426355,False,False,False,False,1066823.9761414677,False,False,False,False
2025-08-22 00:00:00+00:00,175.96,176.46,169.43,169.71,798335,164.02534773078506,160.2102762873652,158.4286564492857,156.13758919960807,166.3079218876903,160.79834025025696,165.0166873301643,"rgba(38, 166, 154, 1.0)",0.0,0.0,12.427805853664921,164.0748423403192,0.9563359614421322,0.0,0.0,0.0,0.0,0.0,0.0,0.0,0.0,58.05590616090247,4.8438029895164405,True,False,True,False,True,4.767090749894933,0,1.0574592746757467,0.9034534075519494,False,False,False,False,0.2673974663042812,0.27862622386563873,False,False,False,False,7435462,6470829.78374318,False,False,False,False,1046935.9038346923,False,False,False,False
2025-08-29 00:00:00+00:00,170.6,175.64,168.729,175.64,926476,164.16121527011953,160.3018546267398,158.52993928322587,156.24960502057831,166.35854743899012,160.88629869326516,165.12997082756894,"rgba(38, 166, 154, 0.75)",0.0,0.0,12.315318326616389,164.23263018502945,0.5170284393874833,0.0,0.0,0.0,0.0,0.0,0.0,0.0,0.0,56.82805161152265,4.8438029895164405,True,False,True,False,False,2.662001532852461,0,1.0496744037763102,0.9263162230220363,False,False,False,False,0.2544828412508211,0.2665545325582299,False,False,False,False,6508986,6473656.170132575,False,False,False,False,1038012.9479950855,False,False,False,False
2025-09-05 00:00:00+00:00,170.46,173.62,167.51,168.94,772857,164.25442337624935,160.36966712832944,158.60610079121477,156.33507642171978,166.39122739722814,160.95102961249466,165.20574918727644,"rgba(38, 166, 154, 0.75)",0.0,0.0,12.080554950388676,164.31322819164188,0.5088153510828872,0.0,0.0,0.0,0.0,0.0,0.0,0.0,0.0,55.91372101031827,4.8438029895164405,True,False,True,False,False,2.60741479505295,0,1.0458233265861285,0.9358555702446907,False,False,False,False,0.22724981040325296,0.24690217148074145,False,False,False,False,5736129,6419024.527900532,False,False,False,False,1018371.7666621162,False,False,False,False
2025-09-12 00:00:00+00:00,169.26,173.19,167.57,169.35,1330393,164.39577785803567,160.4784115670335,158.72930917062658,156.4744976242837,166.43933552057447,161.0544672465152,165.3189860720367,"rgba(38, 166, 154, 0.75)",0.0,0.0,11.80459490061598,164.43832989408347,0.40845705816342104,0.0,0.0,0.0,0.0,0.0,0.0,0.0,0.0,54.92643651407695,4.8438029895164405,True,False,True,False,False,2.1332304444179435,0,1.0862170414203636,0.9149625036257475,False,False,False,False,0.22416060195773557,0.2355313867192385,False,False,False,False,4405736,6269892.044352344,False,False,False,False,1041484.4506130705,False,False,False,False
2025-09-19 00:00:00+00:00,170.97,173.275,166.79,169.19,1958884,164.60352016415067,160.6396633736202,158.91125046460735,156.67968852307146,166.51438617516706,161.20813597574562,165.48767613526064,"rgba(38, 166, 154, 0.75)",0.0,0.0,11.62188840800383,166.7795237895175,0.36056758276878476,0.0,0.0,0.0,0.0,0.0,0.0,0.0,0.0,54.65898831240824,8.976503184140533,True,False,True,False,False,2.7749139220125976,0,1.0837300422608636,0.8838959883887268,False,False,False,False,0.2183692071197072,0.22695029691947285,False,False,False,False,6364620,6276908.929955874,False,False,False,False,1109439.9727898801,False,False,False,False
2025-09-26 00:00:00+00:00,170.88,173.94,167.915,170.47,956773,164.70930467074055,160.72101007280946,159.00236188912888,156.78178356777923,166.55527332429932,161.28590029772172,165.57515902911604,"rgba(38, 166, 154, 0.75)",0.0,0.0,11.521808778259937,166.92632819496578,0.3431467993544774,0.0,0.0,0.0,0.0,0.0,0.0,0.0,0.0,54.43997095790551,8.610637606105811,True,False,True,False,False,2.7381479667834867,1,1.0924028628830698,0.8871819438657855,False,False,False,False,0.23331543348490041,0.23013286520218662,False,False,False,False,5407847,6212533.972181365,False,False,False,False,1098131.308138778,False,False,False,False
2025-10-03 00:00:00+00:00,174.0,174.99,169.91,171.4,980757,164.84884896813247,160.81961715146315,159.110202282523,156.89992972056453,166.61580570732085,161.38107495700297,165.6953766666911,"rgba(38, 166, 154, 0.75)",0.0,0.0,11.373246523773176,167.25654804560537,0.5929223410658497,0.0,0.0,0.0,0.0,0.0,0.0,0.0,0.0,55.11511376397499,8.610637606105811,True,False,True,False,False,3.9266477952504566,1,1.1818342185205761,0.8458269934050813,False,False,False,False,0.2589818559660507,0.24455736058411867,False,False,False,False,6388604,6225576.1964642275,False,False,False,False,1089436.914943313,False,False,False,False
2025-10-10 00:00:00+00:00,170.57,177.2,169.53,174.1,694400,164.93852565564583,160.88545513279556,159.18265398331292,156.97980016509186,166.65443605527545,161.44446938467095,165.77208439458607,"rgba(38, 166, 154, 0.75)",0.0,0.0,11.288112128563897,167.40865793594946,0.28005941365969794,0.0,0.0,0.0,0.0,0.0,0.0,0.0,0.0,54.474150777741855,8.368521358576103,True,False,True,False,False,2.4968082578256094,1,1.2237229923346946,0.7990207674650271,False,False,False,False,0.26125843106955593,0.2529078958268373,False,False,False,False,5694204,6186215.293022433,False,False,False,False,1060174.9212438082,False,False,False,False
