date,Close,High,Low,Open,Volume,Gap_Up_aVWAP_54,Gap_Up_aVWAP_40,aVWAP_OB_bear_180,aVWAP_OB_bear_158,aVWAP_OB_bear_115,color,Liquidity,Liquidity_Level,StDev,StDev_Mean,StdDev_ZScore,OB,OB_High,OB_Low,OB_Mitigated_Index,FVG,FVG_High,FVG_Low,FVG_Mitigated_Index,QQEMOD,QQE1_Value,QQE1_Above_Upper,QQE1_Below_Lower,QQE2_Above_Threshold,QQE2_Below_Threshold,QQE2_Above_TL,banker_RSI,TTM_squeeze_Active,VI_plus,VI_minus,VI_Regular_Bullish,VI_Regular_Bearish,VI_Hidden_Bullish,VI_Hidden_Bearish,Fisher,Fisher_Signal,Fisher_Regular_Bullish,Fisher_Regular_Bearish,Fisher_Hidden_Bullish,Fisher_Hidden_Bearish,OBV,OBV_Smoothed,OBV_Regular_Bullish,OBV_Regular_Bearish,OBV_Hidden_Bullish,OBV_Hidden_Bearish,Volume_MA,Vol_Regular_Bullish,Vol_Regular_Bearish,Vol_Hidden_Bullish,Vol_Hidden_Bearish
2021-12-31 00:00:00+00:00,14.1360240979,14.2296401516,13.2747564046,13.4713501172,100801,,,,,,#000000,-1.0,11.972037,,,,0.0,0.0,0.0,0.0,0.0,0.0,0.0,0.0,,,False,False,False,False,False,,0,,,False,False,False,False,,,False,False,False,False,0,0.0,False,False,False,False,100801.0,False,False,False,False
2022-01-07 00:00:00+00:00,14.1360240979,14.6509123929,13.6304974083,14.3138945998,160791,,,,,,#000000,0.0,0.0,,,,0.0,0.0,0.0,0.0,0.0,0.0,0.0,0.0,,,False,False,False,False,False,,0,,,False,False,False,False,,,False,False,False,False,0,0.0,False,False,False,False,105244.7037037037,False,False,False,False
2022-01-14 00:00:00+00:00,14.5292115232,14.7351668412,13.7521982781,14.2858097837,201006,,,,,,"rgba(38, 166, 154, 0.5)",0.0,0.0,,,,0.0,0.0,0.0,0.0,0.0,0.0,0.0,0.0,100.0,,False,False,True,False,False,,0,,,False,False,False,False,,,False,False,False,False,201006,14889.333333333332,False,False,False,False,112338.1330589849,False,False,False,False
2022-01-21 00:00:00+00:00,13.3590108528,14.9036757377,13.2935732313,14.7538900519,196280,,,,,,"rgba(38, 166, 154, 0.5)",0.0,0.0,,,,0.0,0.0,0.0,0.0,0.0,0.0,0.0,0.0,78.24952149007498,-47.87715329466258,False,False,True,False,True,,0,,,False,False,False,False,,,False,False,False,False,4726,14136.493827160493,False,False,False,False,118556.04912868972,False,False,False,False
2022-01-28 00:00:00+00:00,13.0875242973,13.8692183451,12.6568904506,13.1717787456,212320,,,,,,"rgba(38, 166, 154, 0.5)",0.0,0.0,,13.204544364333334,,0.0,0.0,0.0,0.0,0.0,0.0,0.0,0.0,61.62812146672445,-47.87715329466258,False,False,True,False,True,,0,,,False,False,False,False,,,False,False,False,False,-207594,-2287.9871970736167,False,False,False,False,125501.52697100899,False,False,False,False
2022-02-04 00:00:00+00:00,13.7147518566,13.9207071746,12.9985890464,13.0875242973,130706,,,,,,"rgba(38, 166, 154, 0.5)",0.0,0.0,,13.334150051149228,,0.0,0.0,0.0,0.0,0.0,0.0,0.0,0.0,56.20858207620793,-47.87715329466258,False,False,True,False,True,,0,,,False,False,False,False,,,False,False,False,False,-76888,-7813.914071364459,False,False,False,False,125887.043491675,False,False,False,False
2022-02-11 00:00:00+00:00,14.1828321248,14.5198499178,13.5041157359,13.6773054352,193497,,,,,,"rgba(38, 166, 154, 0.5)",0.0,0.0,,13.599149347485545,,0.0,0.0,0.0,0.0,0.0,0.0,0.0,0.0,55.35686336205883,-47.87715329466258,False,False,True,False,True,,0,,,False,False,False,False,,,False,False,False,False,116609,1402.5980820699442,False,False,False,False,130895.18841821759,False,False,False,False
2022-02-18 00:00:00+00:00,14.6228275768,15.090907845,13.6866670405,14.1828321248,267707,,,,,,"rgba(38, 166, 154, 0.5)",1.0,14.641619,,14.177384253740314,,0.0,0.0,0.0,0.0,0.0,0.0,0.0,0.0,56.8406527967619,-47.87715329466258,False,False,True,False,True,,0,,,False,False,False,False,,,False,False,False,False,384316,29766.55377969439,False,False,False,False,141029.39668353478,False,False,False,False
2022-02-25 00:00:00+00:00,13.7990063049,14.8943141323,13.2279483777,14.8943141323,182603,,,,,,#000000,0.0,0.0,,14.085355349744578,,0.0,0.0,0.0,0.0,0.0,0.0,0.0,0.0,53.76573757354535,-47.87715329466258,False,False,False,False,True,,0,,,False,False,False,False,,,False,False,False,False,201713,42503.3275737911,False,False,False,False,144108.9228551248,False,False,False,False
2022-03-04 00:00:00+00:00,14.5986341192,14.622134818,13.724113462,13.8458143317,207273,,,,,,"rgba(38, 166, 154, 0.5)",0.0,0.0,,14.1286157799236,,0.0,0.0,0.0,0.0,0.0,0.0,0.0,0.0,54.63633358835004,-47.87715329466258,False,False,True,False,True,,0,,,False,False,False,False,,,False,False,False,False,408986,69650.19219795472,False,False,False,False,148787.74338437483,False,False,False,False
2022-03-11 00:00:00+00:00,13.9124137131,14.9276439029,13.9124137131,14.5798335601,514151,,,,,,#000000,0.0,0.0,,14.16324775228056,,0.0,0.0,0.0,0.0,0.0,0.0,0.0,0.0,52.746700010694184,-47.87715329466258,False,False,False,False,True,,0,,,False,False,False,False,,,False,False,False,False,-105165,56700.918701809926,False,False,False,False,175851.6883188656,False,False,False,False
2022-03-18 00:00:00+00:00,14.3824276898,14.5892338396,12.7467790506,14.0628181856,432152,,,,,,#000000,0.0,0.0,,14.034787448159358,,0.0,0.0,0.0,0.0,0.0,0.0,0.0,0.0,52.9112279200246,-47.87715329466258,False,False,False,False,True,,0,,,False,False,False,False,,,False,False,False,False,326987,76722.10990908326,False,False,False,False,194836.89659154223,False,False,False,False
2022-03-25 00:00:00+00:00,14.4576299261,14.8524416666,13.9218139926,14.2508237763,175838,,,,,,#000000,0.0,0.0,,14.101017522762874,,0.0,0.0,0.0,0.0,0.0,0.0,0.0,0.0,53.25786221780957,-47.87715329466258,False,False,False,False,True,,0,,,False,False,False,False,,,False,False,False,False,502825,108285.28695285486,False,False,False,False,193429.57091809466,False,False,False,False
2022-04-01 00:00:00+00:00,13.7338084019,14.3824276898,13.4423997363,14.297825174,205275,,,,,,#000000,0.0,0.0,,14.066958779085368,,0.0,0.0,0.0,0.0,0.0,0.0,0.0,0.0,51.178088399746315,-47.87715329466258,False,False,False,False,True,,0,,,False,False,False,False,,,False,False,False,False,297550,122304.89532671747,False,False,False,False,194307.0101093469,False,False,False,False
2022-04-08 00:00:00+00:00,14.0910190242,14.1756215401,13.1885921888,13.7244081223,190227,,,,,,#000000,0.0,0.0,,14.040259362726204,,0.0,0.0,0.0,0.0,0.0,0.0,0.0,0.0,50.83026552289711,-45.97238305746774,False,False,False,False,True,,0,,,False,False,False,False,,,False,False,False,False,487777,149376.90308029394,False,False,False,False,194004.78713828415,False,False,False,False
2022-04-15 00:00:00+00:00,13.9782156698,14.2320232173,13.3953983386,13.8748125949,155673,,,,,,#000000,0.0,0.0,,14.027224564036949,,0.0,0.0,0.0,0.0,0.0,0.0,0.0,0.0,50.23447275959215,-43.2582813914564,False,False,False,False,True,,0,,,False,False,False,False,,,False,False,False,False,332104,162912.24359286475,False,False,False,False,191165.39549841126,False,False,False,False
2022-04-22 00:00:00+00:00,13.1133899525,14.3542268512,13.0287874367,14.0816187447,205110,,,,,,#000000,0.0,0.0,,13.976385610978612,,0.0,0.0,0.0,0.0,0.0,0.0,0.0,0.0,47.48885696694128,-42.94033584171245,False,False,False,False,True,,0,,,False,False,False,False,,,False,False,False,False,126994,160251.63295635625,False,False,False,False,192198.32916519564,False,False,False,False
2022-04-29 00:00:00+00:00,11.8631527742,13.3765977795,11.6751471835,12.6997776529,416994,,,,,,"rgba(239, 83, 80, 0.5)",0.0,0.0,,13.703562361278609,,0.0,0.0,0.0,0.0,0.0,0.0,0.0,0.0,43.14704851594456,-42.94033584171245,False,False,False,True,True,,0,,,False,False,False,False,,,False,False,False,False,-290000,126899.6601447743,False,False,False,False,208849.8603381441,False,False,False,False
2022-05-06 00:00:00+00:00,11.6093452268,11.8631527742,11.0641290137,11.7691499789,522916,,,,,,"rgba(239, 83, 80, 0.5)",0.0,0.0,,13.338026539489471,,0.0,0.0,0.0,0.0,0.0,0.0,0.0,0.0,39.65172844980013,-42.94033584171245,False,False,False,True,True,,0,,,False,False,False,False,,,False,False,False,False,-812916,57283.68531923546,False,False,False,False,232114.0188316149,False,False,False,False
2022-05-13 00:00:00+00:00,11.3179365612,11.5341429905,10.6693172732,11.3367371202,385385,,,,,,"rgba(239, 83, 80, 0.5)",0.0,0.0,,12.621490041307055,,0.0,0.0,0.0,0.0,0.0,0.0,0.0,0.0,36.714215133039055,-42.94033584171245,False,False,False,True,True,,1,,,False,False,False,False,,,False,False,False,False,-1198301,-35722.58766737457,False,False,False,False,243467.42484408786,False,False,False,False
2022-05-20 00:00:00+00:00,11.4401401951,12.1169603217,11.1862386449,11.2615348839,169861,,,,,,"rgba(239, 83, 80, 0.5)",0.0,0.0,,12.601397845116523,,0.0,0.0,0.0,0.0,0.0,0.0,0.0,0.0,35.05862966686294,-42.94033584171245,False,False,False,True,True,,0,,,False,False,False,False,,,False,False,False,False,-1028440,-109257.21080312459,False,False,False,False,238015.09707785913,False,False,False,False
2022-05-27 00:00:00+00:00,12.138282907,12.2044058489,11.318030564,11.318030564,94336,,,,,,"rgba(239, 83, 80, 0.5)",0.0,0.0,,12.602052762017657,,0.0,0.0,0.0,0.0,0.0,0.0,0.0,0.0,36.21235857894274,-42.40855168679893,False,False,False,True,True,,0,,,False,False,False,False,,,False,False,False,False,-934104,-170356.97296585608,False,False,False,False,227372.2009980177,False,False,False,False
2022-06-03 00:00:00+00:00,12.6389280386,12.8939736716,12.1477290416,12.2799749254,183972,,,,,,"rgba(239, 83, 80, 0.5)",0.0,0.0,,12.652840796441707,,0.0,0.0,0.0,0.0,0.0,0.0,0.0,0.0,38.48708699791608,-38.21159708800786,False,False,False,True,True,,0,,,False,False,False,False,,,False,False,False,False,-750132,-213303.27126468153,False,False,False,False,224157.37129446084,False,False,False,False
2022-06-10 00:00:00+00:00,12.0910522342,13.1301270356,11.902129543,12.6767125768,223889,,,,,,"rgba(239, 83, 80, 0.5)",0.0,0.0,,12.478689535295452,,0.0,0.0,0.0,0.0,0.0,0.0,0.0,0.0,38.98807310496433,-35.8491373009233,False,False,False,True,True,,0,,,False,False,False,False,,,False,False,False,False,-974021,-269652.73265248287,False,False,False,False,224137.4919393156,False,False,False,False
2022-06-17 00:00:00+00:00,10.3624096101,11.902129543,10.1262562461,11.7415452556,310388,,,,,,"rgba(239, 83, 80, 0.5)",0.0,0.0,,12.116774858013567,,0.0,0.0,0.0,0.0,0.0,0.0,0.0,0.0,36.68581176000968,-35.8491373009233,False,False,False,True,True,,0,,,False,False,False,False,,,False,False,False,False,-1284409,-344819.86356711376,False,False,False,False,230526.41846232925,False,False,False,False
2022-06-24 00:00:00+00:00,10.25850213,11.0236390292,10.1451485153,10.6930243196,112488,,,,,,"rgba(239, 83, 80, 0.5)",0.0,0.0,,12.02423626283908,,0.0,0.0,0.0,0.0,0.0,0.0,0.0,0.0,34.91159188117889,-35.8491373009233,False,False,False,True,True,,0,,,False,False,False,False,-0.34282825441539394,-0.34282825441539394,False,False,False,False,-1396897,-422751.5033028831,False,False,False,False,221782.83190956412,False,False,False,False
2022-07-01 00:00:00+00:00,10.4946554939,10.9008392799,10.1640407844,10.3246250719,156818,,,,,,"rgba(239, 83, 80, 0.5)",0.0,0.0,,11.926397498783553,,0.0,0.0,0.0,0.0,0.0,0.0,0.0,0.0,34.32994790893022,-35.765973929052464,False,False,False,True,False,,0,0.8827542407929537,1.1009963042260256,False,False,False,False,-0.34282825441539394,-0.34282825441539394,False,False,False,False,-1240079,-483294.2808360029,False,False,False,False,216970.62213848528,False,False,False,False
2022-07-08 00:00:00+00:00,10.6174552432,10.664685916,9.7861954021,10.4757632248,120967,,,,,,"rgba(239, 83, 80, 0.5)",-1.0,11.10289,,11.255967001717867,,0.0,0.0,0.0,0.0,0.0,0.0,0.0,0.0,34.27635118859052,-34.36210042495056,False,False,False,True,False,,0,0.857205379856536,1.123872982758914,False,False,False,False,-0.34282825441539394,-0.34282825441539394,False,False,False,False,-1119112,-530391.8896629657,False,False,False,False,209859.2427208197,False,False,False,False
2022-07-15 00:00:00+00:00,10.0695794388,10.664685916,9.7861954021,10.5702245704,102675,,,,,,"rgba(239, 83, 80, 0.5)",0.0,0.0,,10.663738574663713,,0.0,0.0,0.0,0.0,0.0,0.0,0.0,0.0,33.43101324881064,-33.84656633626247,False,False,False,True,False,,0,0.8525361988261096,1.127194814127781,False,False,False,False,-0.34282825441539394,-0.34282825441539394,False,False,False,False,-1221787,-581606.3422805237,False,False,False,False,201919.66918594416,False,False,False,False
2022-07-22 00:00:00+00:00,10.8158240689,11.0992081056,10.1829330535,10.1829330535,99588,,,,,,"rgba(239, 83, 80, 0.5)",0.0,0.0,,10.74871837066691,,0.0,0.0,0.0,0.0,0.0,0.0,0.0,0.0,34.94123985419534,-31.10705042054719,False,False,False,True,False,,0,0.8754240413401732,1.1165414057629803,False,False,False,False,-0.2710509349287343,-0.3069395946720641,False,False,False,False,-1122199,-621650.2428523367,False,False,False,False,194339.54554254087,False,False,False,False
2022-07-29 00:00:00+00:00,10.5229938976,11.325915335,10.2679482645,10.8819470108,336149,,,,,,"rgba(239, 83, 80, 0.5)",0.0,0.0,,10.79786025801539,,0.0,0.0,0.0,0.0,0.0,0.0,0.0,0.0,35.540651280740875,-29.348490142626154,False,False,False,True,False,,0,0.9000503943159958,1.0729595541239223,False,False,False,False,-0.2448572894299261,-0.2758984420509951,False,False,False,False,-1458348,-683627.8544929044,False,False,False,False,204843.94957642673,False,False,False,False
2022-08-05 00:00:00+00:00,10.6269013777,10.7591472615,10.2443329281,10.5229938976,443529,,,,,,"rgba(239, 83, 80, 0.5)",0.0,0.0,,10.745628095692066,,0.0,0.0,0.0,0.0,0.0,0.0,0.0,0.0,36.26034097511684,-27.548042304336903,False,False,False,True,False,,0,0.8856102769672384,1.096004546162865,False,False,False,False,-0.2947768776914168,-0.28533765987120596,False,False,False,False,-1014819,-708160.5319378744,False,False,False,False,222524.32368187662,False,False,False,False
2022-08-12 00:00:00+00:00,11.1653310475,11.6519959,10.7308088579,10.7591472615,160271,,,,,,"rgba(239, 83, 80, 0.5)",0.0,0.0,,10.826106967280111,,0.0,0.0,0.0,0.0,0.0,0.0,0.0,0.0,38.235328529860155,-24.637850438818536,False,False,False,True,False,,0,0.8812768257605021,1.081836299481012,False,False,False,False,-0.1799269922280987,-0.23263232604965234,False,False,False,False,-854548,-719004.0480906244,False,False,False,False,217912.96637210797,False,False,False,False
2022-08-19 00:00:00+00:00,10.5702245704,11.0236390292,10.3907480138,11.0236390292,112868,,,,,,"rgba(239, 83, 80, 0.5)",0.0,0.0,,10.770717810595652,,0.0,0.0,0.0,0.0,0.0,0.0,0.0,0.0,38.54756972619311,-23.425525711087285,False,False,False,True,False,,0,0.8543994702594804,1.1221764417642734,False,False,False,False,-0.25989605560800483,-0.24626419082882858,False,False,False,False,-967416,-737404.9334172448,False,False,False,False,210131.85775195181,False,False,False,False
2022-08-26 00:00:00+00:00,10.9811314236,11.4392689497,10.3718557447,10.4096402829,157680,,,,,,"rgba(239, 83, 80, 0.5)",0.0,0.0,,10.784375881953508,,0.0,0.0,0.0,0.0,0.0,0.0,0.0,0.0,39.84203526447817,-21.325645186992865,False,False,False,True,False,,0,0.8675086928880585,1.1021364582397917,False,False,False,False,-0.2267959976747819,-0.23653009425180524,False,False,False,False,-809736,-742762.7902011527,False,False,False,False,206246.53495551093,False,False,False,False
2022-09-02 00:00:00+00:00,11.3965803207,11.5200432742,10.6937912009,10.8913931453,146892,,,,,,"rgba(239, 83, 80, 0.5)",0.0,0.0,,10.829624439242904,,0.0,0.0,0.0,0.0,0.0,0.0,0.0,0.0,41.78723826248384,-18.695679622376105,False,False,False,True,False,,1,0.8606596156615568,1.0892529196326202,False,False,False,False,-0.1936898776946787,-0.215109985973242,False,False,False,False,-662844,-736842.8798158821,False,False,False,False,201849.9027365842,False,False,False,False
2022-09-09 00:00:00+00:00,11.3585917196,11.5580318753,10.6558025999,11.4583117974,100603,,,,,,"rgba(239, 83, 80, 0.5)",0.0,0.0,,10.852971630824012,,0.0,0.0,0.0,0.0,0.0,0.0,0.0,0.0,43.09522454202108,-16.7711569104885,False,False,False,True,False,,1,0.8515993184312711,1.0996448050150132,False,False,False,False,-0.19255198210235225,-0.20383098403779712,False,False,False,False,-763447,-738813.555385076,False,False,False,False,194350.13216350388,False,False,False,False
2022-09-16 00:00:00+00:00,10.3139051902,11.6530033779,10.199939387,11.5200432742,140347,,,,,,"rgba(239, 83, 80, 0.5)",0.0,0.0,,10.802900865598453,,0.0,0.0,0.0,0.0,0.0,0.0,0.0,0.0,42.008351443903784,-16.7711569104885,False,False,False,True,False,,1,0.8763667128476531,1.0846556114640415,False,False,False,False,-0.22242049629803792,-0.21312574016791752,False,False,False,False,-903794,-751034.3290602555,False,False,False,False,190349.90015139247,False,False,False,False
2022-09-23 00:00:00+00:00,9.1837443084,10.2569222886,8.8513440491,10.1524536357,217288,,,,,,"rgba(239, 83, 80, 0.5)",0.0,0.0,,10.455971649839968,,0.0,0.0,0.0,0.0,0.0,0.0,0.0,0.0,39.545073614693266,-16.7711569104885,False,False,False,True,False,,1,0.7827257447683101,1.1426411027232428,False,False,False,False,-0.34282825441539394,-0.2779769972916557,False,False,False,False,-1121082,-778445.2676483848,False,False,False,False,192345.31495499305,False,False,False,False
2022-09-30 00:00:00+00:00,9.0887728058,9.1457557074,8.7373782459,8.9843041528,153998,,,,,,"rgba(239, 83, 80, 0.5)",0.0,0.0,,9.898191461162376,,0.0,0.0,0.0,0.0,0.0,0.0,0.0,0.0,37.65825079575879,-16.7711569104885,False,False,False,True,False,,1,0.7933415660517444,1.1715336159307823,False,False,False,False,-0.34282825441539394,-0.31040262585352485,False,False,False,False,-1275080,-815233.0256003563,False,False,False,False,189504.77310647507,False,False,False,False
2022-10-07 00:00:00+00:00,9.6680989721,10.019493532,9.202738609,9.2217329095,225610,,9.630110371033332,,,,"rgba(239, 83, 80, 0.5)",0.0,0.0,,9.938444683878739,,0.0,0.0,0.0,0.0,1.0,9.3831844641,9.1457557074,0.0,37.847986111925174,-16.7711569104885,False,False,False,True,False,,1,0.8159698654651336,1.1307086156667099,False,False,False,False,-0.2440316891151637,-0.2772171574843443,False,False,False,False,-1049470,-832583.9125929225,False,False,False,False,192179.23435784728,False,False,False,False
2022-10-14 00:00:00+00:00,9.9720077806,10.2379279881,9.3831844641,9.8675391277,94489,,9.699261728510585,,,,"rgba(239, 83, 80, 0.5)",0.0,0.0,,9.956913245710515,,0.0,0.0,0.0,0.0,0.0,0.0,0.0,0.0,38.74401644080099,-16.7711569104885,False,False,False,True,False,,1,0.8150926619263296,1.1244455352553884,False,False,False,False,-0.2123918027314712,-0.24480448010790773,False,False,False,False,-954981,-841650.3635119653,False,False,False,False,184942.92070171045,False,False,False,False
2022-10-21 00:00:00+00:00,10.4183738432,10.4658595945,9.915024879,9.915024879,100194,,9.834466929726776,,,,"rgba(239, 83, 80, 0.5)",0.0,0.0,,10.00608538492553,,0.0,0.0,0.0,0.0,0.0,0.0,0.0,0.0,40.45634335385927,-16.7711569104885,False,False,False,True,False,,1,0.8447386801628426,1.1240792148171568,False,False,False,False,-0.10037272108456984,-0.1725886005962388,False,False,False,False,-854787,-842623.4476962641,False,False,False,False,178665.22287195412,False,False,False,False
2022-10-28 00:00:00+00:00,11.8714378341,13.0585816175,10.2094365373,10.3328994908,169475,,10.374323537168172,,,,"rgba(239, 83, 80, 0.5)",0.0,0.0,,10.565432926751058,,0.0,0.0,0.0,0.0,1.0,11.3490945694,10.4658595945,0.0,44.54583480635962,-12.66749469459058,False,False,False,True,True,,1,0.9133369257658224,0.9846189396690807,False,False,False,False,0.16803510970498153,-0.002276745445628628,False,False,False,False,-685312,-830970.7478669112,False,False,False,False,177984.46562217973,False,False,False,False
2022-11-04 00:00:00+00:00,12.260820995,12.2845638707,11.3490945694,11.6719976785,284110,,10.891418361186975,,,,#000000,0.0,0.0,,10.886377525743583,,0.0,0.0,0.0,0.0,0.0,0.0,0.0,0.0,48.107112017549554,-9.0807311883841,False,False,False,False,True,,1,0.9792032290627368,0.9570642839868194,False,False,False,False,0.20292239968101822,0.1003228271176948,False,False,False,False,-401202,-799136.0258026955,False,False,False,False,185845.61631683307,False,False,False,False
2022-11-11 00:00:00+00:00,12.9256215137,12.9826044153,11.9094264351,12.1848437929,265143,,11.290514247084886,,,,#000000,0.0,0.0,,11.200000546652237,,0.0,0.0,0.0,0.0,0.0,0.0,0.0,0.0,51.67149205526837,-5.579455189263278,False,False,False,False,True,,0,1.0176205339196618,0.9218815472062556,False,False,False,False,0.3274200273795094,0.21387142724860211,False,False,False,False,-136059,-750019.20907657,False,False,False,False,191719.49658966024,False,False,False,False
2022-11-18 00:00:00+00:00,12.3462953474,12.9066272132,12.1943409432,12.8116557105,146283,,11.426167540082085,,,,#000000,0.0,0.0,,11.310219519764214,,0.0,0.0,0.0,0.0,0.0,0.0,0.0,0.0,52.971278975278274,-4.285768345297193,False,False,False,False,True,,0,1.0083487482646003,0.9452671720270863,False,False,False,False,0.34282823389240674,0.27834983057050444,False,False,False,False,-282342,-715376.452848676,False,False,False,False,188353.83017561134,False,False,False,False
2022-11-25 00:00:00+00:00,12.7356785084,12.79266141,12.0328893886,12.1468551918,76781,,11.487850190268048,,,,"rgba(38, 166, 154, 0.5)",0.0,0.0,,11.36207369954794,,0.0,0.0,0.0,0.0,0.0,0.0,0.0,0.0,54.51625555084589,-2.716561682542988,False,False,True,False,True,,0,0.9973501821501787,0.9525879171867752,False,False,False,False,0.3148201259728649,0.2965849782716847,False,False,False,False,-205561,-677612.3452302556,False,False,False,False,180089.17608852903,False,False,False,False
2022-12-02 00:00:00+00:00,12.8795207635,13.0989496358,12.1926129894,12.6027184047,106992,,11.577855990112058,,,,"rgba(38, 166, 154, 0.5)",0.0,0.0,,11.85327740430726,,0.0,0.0,0.0,0.0,0.0,0.0,0.0,0.0,55.84737346577252,-1.3266753488149732,False,False,True,False,True,,0,0.9726415142229754,0.9675549939079272,False,False,False,False,0.3428282344203957,0.3197066063460402,False,False,False,False,-98569,-634720.24558357,False,False,False,False,174674.5704523417,False,False,False,False
2022-12-09 00:00:00+00:00,12.3070976184,12.9558438495,12.1544514464,12.8413592205,103124,,11.636535247942604,,,,"rgba(38, 166, 154, 0.5)",0.0,0.0,,11.861085694745979,,0.0,0.0,0.0,0.0,0.0,0.0,0.0,0.0,55.522742951399465,-1.3266753488149732,False,False,True,False,True,0.0,0,0.980087970627195,0.9814545436836485,False,False,False,False,0.3248118182432099,0.32225921229462506,False,False,False,False,-201693,-602644.1533181204,False,False,False,False,169374.52819661266,False,False,False,False
2022-12-16 00:00:00+00:00,12.478824562,13.0703284785,12.2021533752,12.2846777119,97878,,11.692049583564152,,,,"rgba(38, 166, 154, 0.5)",0.0,0.0,,11.897398162506398,,0.0,0.0,0.0,0.0,0.0,0.0,0.0,0.0,55.597192536206485,-1.2249954861157804,False,False,True,False,True,0.0,0,1.0591035280377648,0.934858934457642,False,False,False,False,0.34092183225960987,0.3315905222771175,False,False,False,False,-103815,-565693.8456649263,False,False,False,False,164078.48907093765,False,False,False,False
2022-12-23 00:00:00+00:00,12.2975572327,12.784116906,12.0065754673,12.2021533752,161229,,11.751098272406658,,,,"rgba(38, 166, 154, 0.5)",0.0,0.0,,11.91676667808293,,0.0,0.0,0.0,0.0,0.0,0.0,0.0,0.0,55.23477590914176,-1.2249954861157804,False,False,True,False,True,0.0,0,1.0507940714232742,0.9109928935012888,False,False,False,False,0.2935278417237988,0.3125591820004582,False,False,False,False,-265044,-543423.4867267837,False,False,False,False,163867.41580642373,False,False,False,False
2022-12-30 00:00:00+00:00,12.7554957487,12.7650361345,11.9064014169,11.9064014169,202573,,11.823262518723997,,,,"rgba(38, 166, 154, 0.5)",0.0,0.0,,12.236033424656434,,0.0,0.0,0.0,0.0,0.0,0.0,0.0,0.0,55.83618813506604,-0.475682917763919,False,False,True,False,True,0.3841177816146484,0,1.0458264347970785,0.9073094624618339,False,False,False,False,0.2819992886768658,0.29727923533866196,False,False,False,False,-62471,-507797.37659887376,False,False,False,False,166734.49611705902,False,False,False,False
2023-01-06 00:00:00+00:00,12.8127380632,12.8127380632,12.0590475889,12.555147648,159878,,11.877064780450567,,,,"rgba(38, 166, 154, 0.5)",0.0,0.0,,12.269224404823557,,0.0,0.0,0.0,0.0,0.0,0.0,0.0,0.0,56.372446713627625,0.32956655417302017,False,False,True,False,True,0.650966713907863,0,1.0671984545632063,0.8955346361432821,False,False,False,False,0.30141064077512864,0.2993449380568953,False,False,False,False,97407,-462967.422776735,False,False,False,False,166226.6075157954,False,False,False,False
2023-01-13 00:00:00+00:00,13.5187266088,13.7286150953,12.898601535,12.936763078,294966,13.3819810797,12.055428858894112,,,,"rgba(38, 166, 154, 0.5)",0.0,0.0,,12.507086571889989,,0.0,0.0,0.0,0.0,0.0,0.0,0.0,0.0,58.00797353478657,2.176016657531818,False,False,True,False,True,3.8531364191480186,0,1.0970939924398857,0.8626570269299102,False,False,False,False,0.3428282374746209,0.3210865877657581,False,False,False,False,392373,-399608.8729414213,False,False,False,False,175762.85881092167,False,False,False,False
2023-01-20 00:00:00+00:00,13.8621804958,14.0195968607,13.3469996653,13.6141304663,90898,13.467008814152091,12.114891069261066,,,,"rgba(38, 166, 154, 0.5)",0.0,0.0,,12.579798867973675,,0.0,0.0,0.0,0.0,0.0,0.0,0.0,0.0,59.73137174714762,4.057778994295738,False,False,True,False,True,5.342435795492669,0,1.1051554317553316,0.8710486502785334,False,False,False,False,0.3428282387954114,0.33195741328058476,False,False,False,False,483271,-334210.3638346493,False,False,False,False,169476.57297307564,False,False,False,False
2023-01-27 00:00:00+00:00,14.1293112968,14.2342555401,13.623670852,13.8144785671,351193,13.71894151690204,12.340269615465361,,,,"rgba(38, 166, 154, 0.5)",0.0,0.0,,12.83370030627534,,0.0,0.0,0.0,0.0,0.0,0.0,0.0,0.0,61.38330852407029,5.829272898239708,False,False,True,False,True,6.480765852015757,0,1.114969477312424,0.8691721042336269,False,False,False,False,0.3428282395648071,0.33739282642269597,False,False,False,False,834464,-247641.89243949013,False,False,False,False,182937.04904914412,False,False,False,False
2023-02-03 00:00:00+00:00,14.2628766973,14.7509628323,13.8812612673,14.1006901396,233549,13.858363925521788,12.484788869802143,,,,"rgba(38, 166, 154, 0.5)",0.0,0.0,,12.986073818246558,,0.0,0.0,0.0,0.0,0.0,0.0,0.0,0.0,62.77488242692914,7.323062835315248,False,False,True,False,True,7.047331661937392,0,1.1247114325275451,0.8271477012000085,False,False,False,False,0.3428282406345513,0.34011053352862364,False,False,False,False,1068013,-150185.97448100938,False,False,False,False,186686.0824529112,False,False,False,False
2023-02-10 00:00:00+00:00,14.5777094271,14.6921940561,13.9194228103,14.3105786261,113376,13.914642674489938,12.550912336049556,,,,"rgba(38, 166, 154, 0.5)",0.0,0.0,,13.052984157186842,,0.0,0.0,0.0,0.0,0.0,0.0,0.0,0.0,64.26492539751851,8.895062913266635,False,False,True,False,True,8.372440639429541,0,1.1118991338307331,0.8685771279871485,False,False,False,False,0.34140897953247973,0.3407597565305517,False,False,False,False,1181389,-51550.79118611981,False,False,False,False,181255.7059749178,False,False,False,False
2023-02-17 00:00:00+00:00,15.5889903167,16.2648312433,14.3678209406,14.5204671126,368493,14.293308157159437,12.839573796214562,,,,"rgba(38, 166, 154, 0.5)",0.0,0.0,,13.374551486761879,,0.0,0.0,0.0,0.0,0.0,0.0,0.0,0.0,66.70502715463832,11.348374117184434,False,False,True,False,True,12.375180949747016,0,1.1433917383605687,0.7937439266129102,False,False,False,False,0.34282824279679636,0.341793999663674,False,False,False,False,1549882,67073.86001285203,False,False,False,False,195125.13516196093,False,False,False,False
2023-02-24 00:00:00+00:00,16.0183076755,16.0946307615,15.0385100589,15.6176114739,508097,14.662307364573834,13.191516764088782,,,,"rgba(38, 166, 154, 0.5)",0.0,0.0,,13.740089971903,,0.0,0.0,0.0,0.0,0.0,0.0,0.0,0.0,68.94555263847067,13.560182050034634,False,False,True,False,True,13.963628183836192,0,1.170459379579782,0.8165940250270386,False,False,False,False,0.34282824323566224,0.34231112144966813,False,False,False,False,2057979,214548.31482671484,False,False,False,False,218308.23626107493,False,False,False,False
2023-03-03 00:00:00+00:00,16.8153287868,16.8919798582,15.6271518597,16.0087672897,457219,14.999391389444634,13.51407038036521,,,,"rgba(38, 166, 154, 0.5)",0.0,0.0,,14.072418364632018,,0.0,0.0,0.0,0.0,0.0,0.0,0.0,0.0,71.36763317464471,15.911964597360253,False,False,True,False,True,16.761954769949043,0,1.1778491670288898,0.7921033036045426,False,False,False,False,0.34282824429435366,0.3425696828720109,False,False,False,False,2515198,384966.810024736,False,False,False,False,236005.32987136568,False,False,False,False
2023-03-10 00:00:00+00:00,16.039236689,17.2464910634,15.905097314,16.9494681617,450087,15.218724018512521,13.770418849961013,,,,"rgba(38, 166, 154, 1.0)",0.0,0.0,,15.012443917807179,,0.0,0.0,0.0,0.0,0.0,0.0,0.0,0.0,70.76501520478816,15.911964597360253,True,False,True,False,True,12.763950855991997,0,1.1868531386671028,0.7835766303187965,False,False,False,False,0.3428282447135919,0.3426989637928014,False,False,False,False,2065111,509421.93520808883,False,False,False,False,251863.23136237563,False,False,False,False
2023-03-17 00:00:00+00:00,15.2535632072,16.0200739211,14.6786801717,15.8380276265,393172,15.230625708464714,13.881925054073445,,,,"rgba(38, 166, 154, 1.0)",-1.0,16.495872,,14.93774115655878,,0.0,0.0,0.0,0.0,0.0,0.0,0.0,0.0,68.30353888684064,15.911964597360253,True,False,True,False,True,8.98405232021403,0,1.1575068720604031,0.8322902550519935,False,False,False,False,0.2278348852374648,0.28526692451513314,False,False,False,False,1671939,595534.3103778601,False,False,False,False,262330.5475577552,False,False,False,False
2023-03-24 00:00:00+00:00,15.0044472252,15.780539323,14.7170057074,15.1385866001,247686,15.226157639445002,13.93775622896507,,,,"rgba(38, 166, 154, 0.75)",0.0,0.0,,14.9179307365959,,0.0,0.0,0.0,0.0,0.0,0.0,0.0,0.0,65.94703732052233,15.911964597360253,True,False,True,False,False,7.829843897182926,0,1.2156327307348653,0.7872909146345574,False,False,False,False,0.21869648870212374,0.25198170660862845,False,False,False,False,1424253,656920.8799795001,False,False,False,False,261245.76625718072,False,False,False,False
2023-03-31 00:00:00+00:00,16.0009111533,16.0967249925,14.9852844573,15.0810982965,207000,15.252237772761468,13.999285341388065,,,,"rgba(38, 166, 154, 0.75)",0.0,0.0,,14.950444430116038,,0.0,0.0,0.0,0.0,0.0,0.0,0.0,0.0,65.7038815882678,21.281446537093444,True,False,True,False,False,11.397597472984707,0,1.2260445069819443,0.7403551646388387,False,False,False,False,0.23623807003532296,0.24410988832197572,False,False,False,False,1631253,729093.6296106481,False,False,False,False,257227.5613492414,False,False,False,False
2023-04-07 00:00:00+00:00,16.5853755726,16.8057474029,15.9937251153,16.2691899031,233179,15.323650201924112,14.092756654972675,,,,"rgba(38, 166, 154, 0.75)",0.0,0.0,,15.04088862639198,,0.0,0.0,0.0,0.0,0.0,0.0,0.0,0.0,66.26288983182293,21.281446537093444,True,False,True,False,False,13.357214339876318,0,1.2518817789395713,0.7454138310870173,False,False,False,False,0.323672921916931,0.2838914051194533,False,False,False,False,1864432,813192.7681580075,False,False,False,False,255446.18643448278,False,False,False,False
2023-04-14 00:00:00+00:00,17.3902118223,17.5626767329,16.4799803495,16.4799803495,307804,15.455300916953155,14.238369748661786,,,,"rgba(38, 166, 154, 0.75)",0.0,0.0,,15.19978688924133,,0.0,0.0,0.0,0.0,0.0,0.0,0.0,0.0,67.56582355684779,21.281446537093444,True,False,True,False,False,15.915192590386294,0,1.2611860481613058,0.7274167261446101,False,False,False,False,0.34282824357261926,0.31335982434603626,False,False,False,False,2172236,913862.6371833403,False,False,False,False,259324.54299489147,False,False,False,False
2023-04-21 00:00:00+00:00,17.8788624024,18.0800714648,17.045282001,17.5147698133,355825,15.626000482093902,14.417670286405967,,,,"rgba(38, 166, 154, 1.0)",0.0,0.0,,15.396380446036611,,0.0,0.0,0.0,0.0,0.0,0.0,0.0,0.0,68.99510906071168,21.281446537093444,True,False,True,False,True,17.396111260200623,0,1.257766653441771,0.7216204777443302,False,False,False,False,0.34282824192257694,0.32809403313430663,False,False,False,False,2528061,1033432.8862808706,False,False,False,False,266472.72499526985,False,False,False,False
2023-04-28 00:00:00+00:00,18.4441640539,18.5112337414,17.3726778897,17.7351416435,483213,15.861488733928633,14.66238773630985,,,,"rgba(38, 166, 154, 1.0)",0.0,0.0,,15.657164265705742,,0.0,0.0,0.0,0.0,0.0,0.0,0.0,0.0,70.55698998478796,21.281446537093444,True,False,True,False,True,19.05149849900754,0,1.2763735645324028,0.7877912691288508,False,False,False,False,0.3428282423232749,0.33546113772879077,False,False,False,False,3011274,1179939.6354452507,False,False,False,False,282527.5601808054,False,False,False,False
2023-05-05 00:00:00+00:00,18.4824895896,18.6932800359,17.5626767329,18.3579315986,359542,16.018654352988154,14.830841500861723,,,,"rgba(38, 166, 154, 1.0)",0.0,0.0,,15.826673394599258,,0.0,0.0,0.0,0.0,0.0,0.0,0.0,0.0,71.70901963022233,16.41382353176715,True,False,True,False,True,19.162506841064257,0,1.2372702802175177,0.7521531660220302,False,False,False,False,0.34282824162837017,0.33914468967858047,False,False,False,False,3370816,1342226.7735604174,False,False,False,False,288232.33350074576,False,False,False,False
2023-05-12 00:00:00+00:00,18.4441640539,18.8753263305,17.7543044114,18.5783034288,342125,16.156702773744502,14.981846139309962,,,,"rgba(38, 166, 154, 1.0)",1.0,19.168594,,16.746167672218412,,0.0,0.0,0.0,0.0,0.0,0.0,0.0,0.0,72.41859592894525,17.207834159705925,True,False,True,False,True,18.972249814032793,0,1.2224895389516197,0.7726818364360453,False,False,False,False,0.3428282420279439,0.3409864658532622,False,False,False,False,3028691,1467150.0495929788,False,False,False,False,292224.38287106086,False,False,False,False
2023-05-19 00:00:00+00:00,18.185466688,18.7124428038,17.9650948577,18.5783034288,216193,16.233312207026724,15.068925806515978,,,,"rgba(38, 166, 154, 1.0)",0.0,0.0,,16.799265389657965,,0.0,0.0,0.0,0.0,0.0,0.0,0.0,0.0,72.14055497623757,17.207834159705925,True,False,True,False,True,17.682404343885622,0,1.2202078880731142,0.7769397964130373,False,False,False,False,0.3428282420773725,0.34190735396531735,False,False,False,False,2812498,1566805.4533268323,False,False,False,False,286592.42858431564,False,False,False,False
2023-05-26 00:00:00+00:00,17.6628679289,18.4920709735,17.4416010648,18.1471411523,201649,16.286267578963162,15.135988168203628,,,,"rgba(38, 166, 154, 1.0)",0.0,0.0,,16.80809801480021,,0.0,0.0,0.0,0.0,0.0,0.0,0.0,0.0,70.42742501539725,17.207834159705925,True,False,True,False,True,15.1322380281587,0,1.2038335132401863,0.7835213174578718,False,False,False,False,0.29759281562525763,0.3197500847952875,False,False,False,False,2610849,1644142.0123396595,False,False,False,False,280300.3227632552,False,False,False,False
2023-06-02 00:00:00+00:00,18.0091986726,18.0957813585,17.3323144746,17.6628679289,199737,16.333786091967077,15.198085919557714,,,,"rgba(38, 166, 154, 1.0)",0.0,0.0,2.4495368187535367,17.301985338104146,0.28871308611549046,0.0,0.0,0.0,0.0,0.0,0.0,0.0,0.0,69.68784393414553,17.207834159705925,True,False,True,False,True,16.225827528951033,0,1.1945631115674966,0.8094769603440635,False,False,False,False,0.26751991316940305,0.29363499898234524,False,False,False,False,2810586,1730545.27068487,False,False,False,False,274332.6692252363,False,False,False,False
2023-06-09 00:00:00+00:00,18.4613526991,18.6152774741,17.5089431539,18.018818971,181681,16.38505153455999,15.260030131917562,,,,"rgba(38, 166, 154, 1.0)",0.0,0.0,2.5190524729381374,17.37529538749931,0.43113723245865937,0.0,0.0,0.0,0.0,0.0,0.0,0.0,0.0,69.76074063707316,17.207834159705925,True,False,True,False,True,17.622115894164928,0,1.2005008232984036,0.7863882404852963,False,False,False,False,0.3090614417809566,0.30134822038165093,False,False,False,False,2992267,1824006.1395230277,False,False,False,False,267469.5826159595,False,False,False,False
2023-06-16 00:00:00+00:00,18.7980631443,18.9423676209,18.1150219554,18.3362888194,258244,16.469191090166603,15.355878360808589,,,,"rgba(38, 166, 154, 1.0)",0.0,0.0,2.59452717304367,17.50310629169843,0.4991109231985572,0.0,0.0,0.0,0.0,0.0,0.0,0.0,0.0,70.23884607455727,17.207834159705925,True,False,True,False,True,18.639551995316605,0,1.2221742329594358,0.777921551752621,False,False,False,False,0.3428282424557544,0.3220882314187027,False,False,False,False,3250511,1929673.1662250257,False,False,False,False,266786.20612588845,False,False,False,False
2023-06-23 00:00:00+00:00,19.1155329927,19.4618637364,18.769202249,18.855784935,224423,16.553082959462568,15.446867572783102,,,,"rgba(38, 166, 154, 1.0)",0.0,0.0,2.6735091164385865,18.323745649070347,0.2961603305413087,0.0,0.0,0.0,0.0,0.0,0.0,0.0,0.0,70.96986148855846,17.207834159705925,True,False,True,False,True,19.58494033093238,0,1.2555106806387955,0.7462760216897846,False,False,False,False,0.34282824349094115,0.33245823745482195,False,False,False,False,3474934,2044136.9316898384,False,False,False,False,263648.1908573041,False,False,False,False
2023-06-30 00:00:00+00:00,18.4036309085,19.1924953802,17.7302100179,18.9904691131,320362,16.63486628730591,15.546890018038903,,,,"rgba(38, 166, 154, 0.75)",0.0,0.0,2.732810007299472,18.24398480138379,0.058418297170233904,0.0,0.0,0.0,0.0,0.0,0.0,0.0,0.0,69.35244774617765,17.207834159705925,True,False,True,False,False,16.08877184685736,0,1.2145103278516154,0.7614092801607665,False,False,False,False,0.27186775662003243,0.3021629970374272,False,False,False,False,3154572,2126391.381194295,False,False,False,False,267849.213756763,False,False,False,False
2023-07-07 00:00:00+00:00,18.1919843429,18.7499616522,17.711065624,18.39401061,163859,16.669156530327733,15.591741568683117,,,,"rgba(38, 166, 154, 0.75)",0.0,0.0,2.783880853068473,18.210930561784856,-0.006805685977535112,0.0,0.0,0.0,0.0,0.0,0.0,0.0,0.0,67.60513467773777,17.207834159705925,True,False,True,False,False,15.07868829696125,0,1.2058641647789676,0.7821287041457077,False,False,False,False,0.2334761423473491,0.2678195696923882,False,False,False,False,2990713,2190415.2048095325,False,False,False,False,260146.23495996578,False,False,False,False
2023-07-14 00:00:00+00:00,18.70186016,18.7884428459,17.710969421,18.0957813585,213023,16.716580861992835,15.651750871048868,,,,"rgba(38, 166, 154, 0.75)",0.0,0.0,2.844788667134663,18.208557719287022,0.17340565449096884,0.0,0.0,0.0,0.0,0.0,0.0,0.0,0.0,67.15212676601568,21.34095574700757,True,False,True,False,False,16.668774486925955,0,1.1768285703183325,0.8126283749770493,False,False,False,False,0.22871079928904184,0.248265184490715,False,False,False,False,3203736,2265476.0044532707,False,False,False,False,256655.6249629313,False,False,False,False
2023-07-21 00:00:00+00:00,18.4805932959,18.7403413537,17.6088018517,18.6826195631,651500,16.83717023344755,15.812746815609078,,,,"rgba(38, 166, 154, 0.75)",0.0,0.0,2.897483221881684,18.360226115435577,0.041541976690465485,0.0,0.0,0.0,0.0,0.0,0.0,0.0,0.0,66.18725105967854,20.302533547235782,True,False,True,False,False,15.604109089833916,0,1.15391148402171,0.8280489835008596,False,False,False,False,0.21344442542110867,0.23085480495591182,False,False,False,False,2552236,2286717.4856048804,False,False,False,False,285903.3564471586,False,False,False,False
2023-07-28 00:00:00+00:00,23.6659341531,25.3013848872,18.0669204632,18.6345180709,1019005,17.43124119222719,16.38453798149998,,,,"rgba(38, 166, 154, 1.0)",1.0,25.251701,3.114128501529816,20.67786029360677,0.9595216954038148,0.0,0.0,0.0,0.0,0.0,0.0,0.0,0.0,70.26446603550303,20.302533547235782,True,False,True,False,True,20.0,0,1.1293996341060055,0.6757382497032466,False,False,False,False,0.3428282443771308,0.2868415246665213,False,False,False,False,3571241,2381867.3755600746,False,False,False,False,340207.1818955172,False,False,False,False
2023-08-04 00:00:00+00:00,23.9641634046,24.5606219076,23.2426410219,23.6659341531,584891,17.80969692381258,16.745159765913083,,,,"rgba(38, 166, 154, 1.0)",0.0,0.0,3.3248159579088727,21.372839502893296,0.7793886742941724,0.0,0.0,0.0,0.0,0.0,0.0,0.0,0.0,73.33084276304069,18.93303493766308,True,False,True,False,True,20.0,0,1.2697130969393131,0.7162384493564786,False,False,False,False,0.34282824669685213,0.3148348856816867,False,False,False,False,4156132,2513294.3847778467,False,False,False,False,358331.90916251595,False,False,False,False
2023-08-11 00:00:00+00:00,23.7621371374,24.3812995448,22.9636523672,24.1758099702,367237,18.017789776269325,16.9480459000863,,,,"rgba(38, 166, 154, 1.0)",0.0,0.0,3.5099027556526665,21.636201427944968,0.605696470089159,0.0,0.0,0.0,0.0,0.0,0.0,0.0,0.0,75.06670668205984,20.504747274476728,True,False,True,False,True,20.0,0,1.255794528748596,0.7248417145578695,False,False,False,False,0.3233369349662354,0.31908591032396105,False,False,False,False,3788895,2607783.319238747,False,False,False,False,358991.54552084807,False,False,False,False
2023-08-18 00:00:00+00:00,22.8289681891,23.9160619124,22.319092372,23.5601108703,277957,18.14804707760356,17.07920365374746,,,,"rgba(38, 166, 154, 1.0)",0.0,0.0,3.6505025149285566,21.73664554179348,0.29922528277669147,0.0,0.0,0.0,0.0,0.0,0.0,0.0,0.0,74.29719207838846,20.504747274476728,True,False,True,False,True,20.0,0,1.2267454058679943,0.7807359244783291,False,False,False,False,0.2770752047316353,0.29808055752779816,False,False,False,False,3510938,2674683.6659618025,False,False,False,False,352988.98659337783,False,False,False,False
2023-08-25 00:00:00+00:00,23.5120093781,23.8583401218,22.7520058016,23.0406147547,331763,18.305538702721314,17.237384836756796,,,,"rgba(38, 166, 154, 1.0)",0.0,0.0,3.803885195321522,21.872131349796682,0.4311060781540512,0.0,0.0,0.0,0.0,0.0,0.0,0.0,0.0,74.26019664213663,20.504747274476728,True,False,True,False,True,20.0,0,1.2196331452957423,0.7778395228605808,False,False,False,False,0.29257694154444136,0.29532874953611976,False,False,False,False,3842701,2761203.4684831505,False,False,False,False,351416.69129016466,False,False,False,False
2023-09-01 00:00:00+00:00,23.6368379467,24.2357279969,23.1560583359,23.3484643047,184982,18.394290121140347,17.326352126302975,,,,"rgba(38, 166, 154, 1.0)",0.0,0.0,3.951412790929224,21.9532124925798,0.4260818960714735,0.0,0.0,0.0,0.0,0.0,0.0,0.0,0.0,74.32645543256005,20.504747274476728,True,False,True,False,True,20.0,0,1.2155030826577058,0.7887104994072384,False,False,False,False,0.32531765506515825,0.31032320230063903,False,False,False,False,4027683,2855016.7671140283,False,False,False,False,339088.19563904137,False,False,False,False
2023-09-08 00:00:00+00:00,22.9220336933,23.7141140822,22.7674814223,23.6368379467,162900,18.46228332036115,17.396175977064427,,,,"rgba(38, 166, 154, 1.0)",0.0,0.0,4.068153417704753,21.995711047748706,0.22770101086156308,0.0,0.0,0.0,0.0,0.0,0.0,0.0,0.0,72.8512915971261,20.504747274476728,True,False,True,False,True,20.0,0,1.198626336372345,0.811719301253946,False,False,False,False,0.2872423027915157,0.29878275254607733,False,False,False,False,3864783,2929814.2658463223,False,False,False,False,326037.2181842976,False,False,False,False
2023-09-15 00:00:00+00:00,22.0719962028,23.2601167862,21.7822106947,23.2504572692,185959,18.525261435557397,17.463528804774864,,,,"rgba(38, 166, 154, 0.75)",0.0,0.0,4.157551047710458,22.005533561305473,0.01598600732301984,0.0,0.0,0.0,0.0,0.0,0.0,0.0,0.0,70.1469604014012,24.743757157046502,True,False,True,False,False,19.440921229722747,0,1.205481987481858,0.7905691553576512,False,False,False,False,0.22860511109654377,0.26369393182131057,False,False,False,False,3678824,2985296.4683762244,False,False,False,False,315661.0538743496,False,False,False,False
2023-09-22 00:00:00+00:00,21.73391311,22.9606717611,21.6952750422,22.1782508891,193836,18.584794653419895,17.528460328508583,,,,"rgba(38, 166, 154, 0.75)",0.0,0.0,4.234452201827994,22.004486079445883,-0.06389798645715684,0.0,0.0,0.0,0.0,0.0,0.0,0.0,0.0,67.59280922463282,22.291441286850713,True,False,True,False,False,18.120562488866575,0,1.2006867312059493,0.7935079258918586,False,False,False,False,0.20875355994315317,0.23622374588223188,False,False,False,False,3484988,3022310.6559039117,False,False,False,False,306636.97580958303,False,False,False,False
2023-09-29 00:00:00+00:00,20.9804707889,22.1202937875,20.5844305944,21.5503822882,348969,18.66112815861986,17.618882050380268,,,,"rgba(38, 166, 154, 0.75)",0.0,0.0,4.288475501100179,21.935976784609338,-0.2228078475589307,0.0,0.0,0.0,0.0,0.0,0.0,0.0,0.0,64.44201930681508,19.31751172328613,True,False,True,False,False,15.251201400242369,0,1.1590830371293372,0.8288582589554602,False,False,False,False,0.10611751318352923,0.17117062953288056,False,False,False,False,3136019,3030733.4962073257,False,False,False,False,309772.6813051695,False,False,False,False
2023-10-06 00:00:00+00:00,20.8742161025,21.0287683735,19.8715582444,21.0094493397,355690,18.716316917700798,17.691128885840424,,,,"rgba(38, 166, 154, 0.5)",0.0,0.0,4.327334920664747,21.832181604008284,-0.22137540058053212,0.0,0.0,0.0,0.0,0.0,0.0,0.0,0.0,62.00833764669598,17.076151168672496,False,False,True,False,False,14.852779559671344,0,1.1091069970883294,0.8811807725078294,False,False,False,False,-0.001085570499574783,0.08504252951665289,False,False,False,False,2780329,3012185.015006783,False,False,False,False,313173.9641714532,False,False,False,False
2023-10-13 00:00:00+00:00,21.2219587123,21.9367629657,20.6792870507,20.7872804501,244467,18.765708841393256,17.750082325030174,,,,"rgba(38, 166, 154, 0.5)",0.0,0.0,4.366111472184478,21.8019860535237,-0.1328475795725607,0.0,0.0,0.0,0.0,0.0,0.0,0.0,0.0,60.75120369421546,15.955827989339994,False,False,True,False,False,15.726622853044184,0,1.1175738189171223,0.8775326359191284,False,False,False,False,0.06003059219799181,0.07253656085732235,False,False,False,False,3024796,3013119.1620433177,False,False,False,False,308084.5594180123,False,False,False,False
2023-10-20 00:00:00+00:00,20.1304332983,21.3378729155,20.1014547475,21.2895753309,168162,18.788702014813545,17.781073300709533,,,,"rgba(38, 166, 154, 0.5)",0.0,0.0,4.379272263672155,21.75953734536064,-0.3720033715589507,0.0,0.0,0.0,0.0,0.0,0.0,0.0,0.0,57.97889208612584,13.358550665897909,False,False,True,False,False,11.692497608563471,0,1.085087567728029,0.9092988438240729,False,False,False,False,-0.009405580504876459,0.03156549017622295,False,False,False,False,2856634,3001527.668558628,False,False,False,False,297719.9253870484,False,False,False,False
2023-10-27 00:00:00+00:00,20.0821357136,20.2849855693,19.5991598667,19.9469024765,212400,18.80820961404565,17.811801382223237,,,,"rgba(38, 166, 154, 0.5)",0.0,0.0,4.390028159164463,21.68966148217442,-0.3661766417644968,0.0,0.0,0.0,0.0,0.0,0.0,0.0,0.0,55.9203511998916,11.46253969325393,False,False,True,False,False,11.51880129114053,0,1.0627792722046085,0.9499861889844726,False,False,False,False,-0.09261109820847703,-0.03052280401612704,False,False,False,False,2644234,2975061.470887618,False,False,False,False,291399.93091393367,False,False,False,False
2023-11-03 00:00:00+00:00,20.6617067299,20.8645565856,18.7685380053,20.0821357136,444236,18.850627577994448,17.876479837821684,,,,"rgba(38, 166, 154, 0.5)",0.0,0.0,4.414315554807196,21.56827923870672,-0.2053710246924825,0.0,0.0,0.0,0.0,0.0,0.0,0.0,0.0,55.35826415313631,10.969032051751839,False,False,True,False,False,13.038939613643116,0,1.0331001803844462,0.9403997399165598,False,False,False,False,-0.10613314725074098,-0.06832797563343401,False,False,False,False,3088470,2983462.1026737206,False,False,False,False,302721.1212166053,False,False,False,False
2023-11-10 00:00:00+00:00,18.8940151303,20.8162590009,18.787760444,20.8162590009,215552,18.860814907027358,17.898453134126783,,,,#000000,0.0,0.0,4.418071013020222,21.495408806882963,-0.5888075743727424,0.0,0.0,0.0,0.0,0.0,0.0,0.0,0.0,52.270471377662034,8.014940802417414,False,True,False,False,False,6.932763110816115,0,1.0276783001781213,0.948017414014509,False,False,False,False,-0.10770159472133657,-0.08801478517738529,False,False,False,False,2872918,2975273.650623815,False,False,False,False,296264.14927463455,False,False,False,False
2023-11-17 00:00:00+00:00,19.4542671127,19.8986048918,18.787760444,18.9616317489,216856,18.868893115923242,17.918365986524783,,,,#000000,0.0,0.0,4.4205838232406505,21.423213996376766,-0.445404263872406,0.0,0.0,0.0,0.0,0.0,0.0,0.0,0.0,50.95003006132658,6.77931901675808,False,True,False,False,False,8.426071698890059,0,1.0218204256278642,0.9685381738888523,False,False,False,False,-0.15751794797111587,-0.12276636657425058,False,False,False,False,3089774,2983755.1579850144,False,False,False,False,290382.06414318015,False,False,False,False
2023-11-24 00:00:00+00:00,18.778100927,19.560521799,18.3627416987,19.560521799,154598,18.869239230870676,17.927685613392114,,,,#000000,0.0,0.0,4.389707437846832,21.363611676576486,-0.5889938648951712,0.0,0.0,0.0,0.0,0.0,0.0,0.0,0.0,49.089575724363534,4.994465589592984,False,True,False,False,False,6.231351841749138,0,1.0243372908074697,0.9717706531481735,False,False,False,False,-0.19953270706059914,-0.16114953681742486,False,False,True,False,2935176,2980156.7018379765,False,False,False,False,280323.9853177594,False,False,False,False
2023-12-01 00:00:00+00:00,19.9221021625,20.2032413171,18.2951250801,18.6428676899,326426,18.882913888709357,17.95805018679293,,,,#000000,-1.0,18.37712,4.3659488550231105,20.929537453434968,-0.23074830337874744,0.0,0.0,0.0,0.0,0.0,0.0,0.0,0.0,49.48856069742281,4.994465589592984,False,True,False,False,False,9.218968993928147,0,1.024691510770886,0.945953679810206,False,False,False,False,-0.19839619102395206,-0.17977286392068847,False,False,False,False,3261602,3001004.5017018304,False,False,False,False,283738.9493682957,False,False,False,False
2023-12-08 00:00:00+00:00,19.5343240182,19.965048592,19.2603587593,19.8445465336,172460,18.891227816838448,17.974777548911728,,,,#000000,0.0,0.0,4.337964147660908,20.904300546150775,-0.31581093833831864,0.0,0.0,0.0,0.0,0.0,0.0,0.0,0.0,49.22502860101508,4.994465589592984,False,True,False,False,False,7.9721665462403735,0,1.0453829331302507,0.965024536611452,False,False,False,False,-0.1657681209505097,-0.17277049243559908,False,False,False,False,3089142,3007533.2052794727,False,False,False,False,275496.06422990345,False,False,False,False
2023-12-15 00:00:00+00:00,19.8542409872,20.1644635027,18.9429623482,19.5052406574,230024,18.903060061650812,17.997470312532908,,,,#000000,0.0,0.0,4.312063125663824,20.873103194621358,-0.23628183951145365,0.0,0.0,0.0,0.0,0.0,0.0,0.0,0.0,49.514683882344855,4.994465589592984,False,True,False,False,False,8.797238273546682,0,1.0212368102384735,0.9686530352176256,False,False,False,False,-0.17276302366380342,-0.17276675804970126,False,False,False,False,3319166,3030617.115999512,False,False,False,False,272127.76317583653,False,False,False,False
2023-12-22 00:00:00+00:00,20.5231582861,21.0175754201,19.6894352759,19.8542409872,353528,18.938156611156863,18.046562570132313,,,,#000000,0.0,0.0,4.280226773607605,20.909824200897685,-0.09033771695974477,0.0,0.0,0.0,0.0,0.0,0.0,0.0,0.0,50.68703176640561,4.994465589592984,False,True,False,False,False,10.491431736955604,0,1.023225552194644,0.9607357464322807,False,False,False,False,-0.07905879991460864,-0.12591277898215494,False,False,False,False,3672694,3078178.3666662145,False,False,False,False,278157.4103479968,False,False,False,False
2023-12-29 00:00:00+00:00,20.2129357707,20.9400197912,20.0384356058,20.7558251727,142435,18.95171901328271,18.065676497570607,,,,#000000,0.0,0.0,4.253962670801229,20.913594008050623,-0.16470718987730448,0.0,0.0,0.0,0.0,0.0,0.0,0.0,0.0,51.02438693418204,4.994465589592984,False,True,False,False,False,9.468477110036797,0,1.0590930306257476,0.9552615159974833,False,False,False,False,-0.06333809330832567,-0.0946254361452403,False,False,False,False,3530259,3111665.8209872358,False,False,False,False,268103.8984703674,False,False,False,False
2024-01-05 00:00:00+00:00,20.1935468635,20.6879639975,19.8300048532,20.2420191315,180219,18.966662463562155,18.087790859706256,,,,#000000,0.0,0.0,4.217998020176806,20.906386730337594,-0.16899957359574916,0.0,0.0,0.0,0.0,0.0,0.0,0.0,0.0,51.23303395177345,4.994465589592984,False,True,False,False,False,9.404067436505962,0,1.054499550019807,0.9501541836119305,False,False,False,False,-0.09002976800723687,-0.09232760207623858,False,False,False,False,3350040,3129323.1675807736,False,False,False,False,261593.90599108094,False,False,False,False
2024-01-12 00:00:00+00:00,21.0175754201,21.3277979355,19.4859486947,20.1256856882,255559,18.993320467531138,18.123702575571446,,,,#000000,0.0,0.0,4.19009122234178,20.916855201582063,0.024037714974053517,0.0,0.0,0.0,0.0,0.0,0.0,0.0,0.0,52.62736412636083,4.994465589592984,False,True,False,False,True,11.503814227292203,0,1.04477260464125,0.9359465526414801,False,False,False,False,-0.07287296888455211,-0.08260028548039534,False,False,False,False,3605599,3164602.8588710865,False,False,False,False,261146.87591766755,False,False,False,False
2024-01-19 00:00:00+00:00,22.5396046364,22.6074658116,20.6879639975,21.0369643273,240166,19.03763096513308,18.17415012758068,,,,"rgba(38, 166, 154, 0.5)",0.0,0.0,4.19191008089727,20.992543681962715,0.3690587165710719,0.0,0.0,0.0,0.0,0.0,0.0,0.0,0.0,55.52509734352815,0.5672735716966315,False,True,True,False,True,15.116669878137753,1,1.0761560390901856,0.9043555137932078,False,False,False,False,0.02887744719813939,-0.026861419141127975,False,False,False,False,3845765,3215059.3137695245,False,False,False,False,259592.73696080327,False,False,False,False
2024-01-26 00:00:00+00:00,23.1794385745,23.2182163889,22.2196876674,22.7819659766,374419,19.12532695957245,18.268897499613104,,,,"rgba(38, 166, 154, 0.5)",0.0,0.0,4.188334225191167,21.151877388358024,0.4840972752238829,0.0,0.0,0.0,0.0,0.0,0.0,0.0,0.0,58.27510531800499,3.276160339539537,False,True,True,False,True,16.54344137308643,1,1.121438929491333,1.0609178747433192,False,False,False,False,0.17371678592582612,0.07342768339234908,False,False,False,False,4220184,3289512.994231041,False,False,False,False,268098.38607481786,False,False,False,False
2024-02-02 00:00:00+00:00,21.734964987,23.9162170486,21.5507703685,23.043716224,354644,19.19476820675406,18.346339838502875,,,,"rgba(38, 166, 154, 0.5)",0.0,0.0,4.161864667310108,21.240956101882862,0.11869893055326734,0.0,0.0,0.0,0.0,0.0,0.0,0.0,0.0,57.7459593408219,3.276160339539537,False,True,True,False,True,11.780378879871133,1,0.9519952370704708,1.018284200641914,False,False,False,False,0.19839521802177718,0.13591145070706312,False,False,False,False,3865540,3332181.661325038,False,False,False,False,274509.172291498,False,False,False,False
2024-02-09 00:00:00+00:00,22.8789105126,22.9467716879,21.0660476881,21.6283259973,336019,19.255863139648685,18.415279130442574,,,,"rgba(38, 166, 154, 0.5)",0.0,0.0,4.157051876299273,21.304839345167537,0.37865083580187303,0.0,0.0,0.0,0.0,0.0,0.0,0.0,0.0,58.63870567956977,3.7000001374489457,False,True,True,False,True,14.331279525454455,0,0.9468560564070341,1.040175105146658,False,False,False,False,0.09475285936341651,0.11533215503523982,False,False,False,False,4201559,3396579.9827083685,False,False,False,False,279065.45582546113,False,False,False,False
2024-02-16 00:00:00+00:00,23.6156889868,23.7514113373,22.4717434611,22.8789105126,352714,19.33735256205471,18.50277151218726,,,,"rgba(38, 166, 154, 0.5)",0.0,0.0,4.159526232213284,21.41456937280589,0.5291755577708891,0.0,0.0,0.0,0.0,0.0,0.0,0.0,0.0,60.01196127067148,5.107901974384603,False,True,True,False,True,15.898554739746789,0,1.0043134469234334,1.0046525152279875,False,False,False,False,0.2538570899186591,0.18459462247694944,False,False,False,False,4554273,3482335.021026267,False,False,False,False,284520.90354209364,False,False,False,False
2024-02-23 00:00:00+00:00,23.9356059558,24.1682728424,22.9756611596,23.6253834404,171880,19.379920083909113,18.54786989012955,,,,"rgba(38, 166, 154, 0.5)",0.0,0.0,4.138550268000037,21.472950121237897,0.5950527781681836,0.0,0.0,0.0,0.0,0.0,0.0,0.0,0.0,61.30305767779744,6.431543505216972,False,False,True,False,True,16.567376032291882,0,1.0063044378340378,0.9912635602060699,False,False,False,False,0.32356132131176646,0.25407797189435793,False,False,False,False,4726153,3574469.6861354327,False,False,False,False,276177.13290934596,False,False,False,False
2024-03-01 00:00:00+00:00,24.5754398939,24.7790234196,23.6757945991,23.9356059558,235676,19.445550456228684,18.61610383860901,,,,"rgba(38, 166, 154, 0.5)",0.0,0.0,4.092489790832543,21.568678491670543,0.7347022365125525,0.0,0.0,0.0,0.0,0.0,0.0,0.0,0.0,62.83164810938675,7.977573916863022,False,False,True,False,True,17.88640818791517,0,1.0146406974020328,0.9846956534556849,False,False,False,False,0.34282824034989967,0.29845310612212883,False,False,False,False,4961829,3677237.0427179933,False,False,False,False,273177.04899013514,False,True,False,False
2024-03-08 00:00:00+00:00,24.4727928742,24.6433010691,23.8386614197,24.6433010691,249669,19.512862801437954,18.686348023696947,,,,"rgba(38, 166, 154, 0.5)",0.0,0.0,4.030278614112217,21.660831338597824,0.6977089687437379,0.0,0.0,0.0,0.0,0.0,0.0,0.0,0.0,63.72962804152634,8.91564296545286,False,False,True,False,True,17.544426180492366,0,1.030295756641428,0.9737201750426335,False,False,False,False,0.34282824038605947,0.3206406732540942,False,False,False,False,4712160,3753898.0025166604,False,False,False,False,271435.71202790295,False,False,False,False
2024-03-15 00:00:00+00:00,22.4698547208,25.20201793,22.2608102048,24.5797458824,630619,19.640916120493703,18.825900071562852,,,23.310894285200003,"rgba(38, 166, 154, 0.5)",0.0,0.0,3.938444565303816,22.2439947477107,0.05734750593649057,-1.0,25.202019,22.26081,0.0,-1.0,23.8386614197,23.0921267685,0.0,61.06315884752786,8.91564296545286,False,False,True,False,True,11.22362019165206,0,1.012998100000475,0.9472606537919864,False,True,False,False,0.2728731142963787,0.29675689377523645,False,False,False,False,4081541,3778167.854182093,False,False,False,False,298041.88150731754,False,False,False,False
2024-03-22 00:00:00+00:00,21.8864746761,23.0921267685,21.7600756664,22.4406857186,372507,19.691789975251954,18.885800334278656,,,22.915533683140797,"rgba(38, 166, 154, 0.5)",0.0,0.0,3.838256152953201,22.15670613827369,-0.07040474929370488,0.0,0.0,0.0,0.0,0.0,0.0,0.0,0.0,58.351599016466245,13.308497882026387,False,True,True,False,False,9.508167165410061,0,1.0017567151495905,0.9964363151460339,False,False,False,False,0.10347981671579222,0.20011835524551433,False,False,False,False,3709034,3773046.8279463826,False,False,False,False,303557.81621047924,False,False,False,False
2024-03-29 00:00:00+00:00,21.662845659,22.2753947059,21.2642026285,21.7892446687,207840,19.713801783999468,18.91336329436232,,,22.712770541879003,"rgba(38, 166, 154, 0.5)",0.0,0.0,3.739493732664802,22.102081791144478,-0.1174587159506951,0.0,0.0,0.0,0.0,0.0,0.0,0.0,0.0,56.1071170458218,11.188171147810785,False,True,True,False,False,8.855585179778515,0,1.0186942063048707,0.995734616281349,False,False,False,False,0.02106722599342291,0.11059279061946861,False,False,False,False,3501194,3752909.581431836,False,False,False,False,296467.6076022956,False,False,False,False
2024-04-05 00:00:00+00:00,22.1101036933,23.0532347655,21.4343551415,21.6531226583,313527,19.753563686305753,18.960638674760737,,,22.607156118454334,"rgba(38, 166, 154, 0.5)",0.0,0.0,3.677724403372812,22.08320467995501,0.0073140372672629425,0.0,0.0,0.0,0.0,0.0,0.0,0.0,0.0,55.10962985970332,10.260898924730412,False,True,True,False,False,9.881810290020319,0,1.0424391896590977,0.9450237498372386,False,False,False,False,0.08049434568173787,0.09554356815060325,False,False,False,False,3814721,3757488.205029478,False,False,False,False,297731.2662984219,False,False,False,False
2024-04-12 00:00:00+00:00,20.4669165674,22.2170567014,20.330794557,22.1781646985,318858,19.77359737269771,18.990119518619245,,,22.330005986718632,#000000,0.0,0.0,3.6044615022270894,21.988522699206367,-0.42214520278999057,0.0,0.0,0.0,0.0,0.0,0.0,0.0,0.0,52.22853515375694,7.510633837450477,False,True,False,False,False,5.216140300951572,0,0.9906952464163139,0.9925161540380708,False,False,False,False,-0.04095053152206528,0.027296518314268985,False,False,False,False,3495863,3738108.5602124794,False,False,False,False,299296.2095355758,False,False,False,False
2024-04-19 00:00:00+00:00,19.9710435294,21.1183576173,19.796029516,20.5738695756,405641,19.784007593477618,19.013630260726355,,,21.96298661449509,#000000,0.0,0.0,3.539888621487252,21.844039387331108,-0.5291115224817968,0.0,0.0,0.0,0.0,0.0,0.0,0.0,0.0,49.597322098279484,5.040948880803235,False,True,False,False,False,3.8809931008575163,0,0.9918638055834955,1.0058476476706941,False,False,False,False,-0.14401927690875282,-0.05836137929724192,False,False,False,False,3090222,3690116.963159703,False,False,False,False,307173.60142182943,False,False,False,False
2024-04-26 00:00:00+00:00,21.4586626434,21.4781086449,19.8057525168,20.1557805436,282133,19.799482714445304,19.037149857253404,,,21.84608030619111,#000000,0.0,0.0,3.466908681112338,21.7948177015276,-0.0969610361988955,0.0,0.0,0.0,0.0,0.0,0.0,0.0,0.0,49.75767945752719,5.040948880803235,False,True,False,False,False,7.328977601000304,0,1.0053624760789621,0.9690303892753892,False,False,False,False,-0.12051687493748263,-0.08943912711736227,False,False,False,False,3372355,3666579.0399626885,False,False,False,False,305318.7420572495,False,False,False,False
2024-05-03 00:00:00+00:00,19.9029825242,21.5413081497,19.5257300953,21.3808786374,380099,19.808971461742402,19.05824191670249,,,21.647266346775567,#000000,0.0,0.0,3.3886966108086045,21.70330483125052,-0.5312727912284044,0.0,0.0,0.0,0.0,0.0,0.0,0.0,0.0,48.108034173137355,3.6397392079034034,False,True,False,False,False,3.2792239207285725,0,1.019695377709523,0.9823969665736206,False,False,False,False,-0.13429136827798976,-0.11186524769767602,False,False,False,False,2992256,3616629.1851506373,False,False,False,False,310858.02042337914,False,False,False,False
2024-05-10 00:00:00+00:00,20.0002125317,20.5252545719,19.7863065153,20.1071655399,223713,19.812082731602604,19.068238152364344,,,21.537131557559324,#000000,0.0,0.0,3.3098982523140132,21.649169826501293,-0.4981897233996466,0.0,0.0,0.0,0.0,0.0,0.0,0.0,0.0,47.06057095210196,2.5942836768729123,False,True,False,False,False,3.5035162967256355,0,1.0268747004835297,1.007832044102456,False,False,False,False,-0.18271967268793537,-0.1472924601928057,False,False,False,False,3215969,3586950.6529172566,False,False,False,False,304402.833725351,False,False,False,False
2024-05-17 00:00:00+00:00,19.377940484,20.1363345421,19.3293254803,20.0002125317,212558,19.8101224641703,19.07315541608445,,,21.415051136986555,"rgba(239, 83, 80, 1.0)",0.0,0.0,3.2092129124695403,21.587071534376047,-0.6883716071913989,0.0,0.0,0.0,0.0,0.0,0.0,0.0,0.0,45.63828568071955,1.1648525076046852,False,True,False,True,False,1.9323135761777976,0,1.0146957627645103,0.9935490323253372,False,False,False,False,-0.2379815561298451,-0.1926370081613254,False,False,False,False,3003411,3543725.4934419044,False,False,False,False,297599.51270865835,False,False,False,False
2024-05-24 00:00:00+00:00,19.339048481,20.1649201643,18.998743455,19.377940484,372718,19.804834157358318,19.07980181551853,,,21.223277956219178,"rgba(239, 83, 80, 1.0)",0.0,0.0,3.1076220535278085,20.979757432663877,-0.5279628356998325,0.0,0.0,0.0,0.0,0.0,0.0,0.0,0.0,44.57977502965171,0.07240547302820488,False,True,False,True,False,1.8342400355431465,0,1.0172731852859176,0.9835851318853777,False,False,False,False,-0.2942243328756184,-0.2434306705184719,False,False,False,False,2630693,3476093.4568906524,False,False,False,False,303163.8451006096,False,False,False,False
2024-05-31 00:00:00+00:00,20.7323544877,21.0114046091,19.5043394937,19.5043394937,307072,19.813326295431743,19.096691243347863,,,21.16172721791497,"rgba(239, 83, 80, 1.0)",0.0,0.0,2.997198335702145,21.050062248474504,-0.10600158053940562,0.0,0.0,0.0,0.0,0.0,0.0,0.0,0.0,45.80951355246835,0.07240547302820488,False,True,False,True,False,5.092078698679316,0,1.0285346456768394,0.9733915595308419,False,False,False,False,-0.23508659710677005,-0.23925863381262097,False,False,False,False,2937765,3436217.274898752,False,False,False,False,303453.33805612,False,False,False,False
2024-06-07 00:00:00+00:00,20.1177011547,20.6543032708,19.4542658111,20.6445468687,202868,19.81571027140958,19.104796356854457,,,21.109630690801698,"rgba(239, 83, 80, 1.0)",0.0,0.0,2.8910650142289085,21.031891185596656,-0.3162122008316316,0.0,0.0,0.0,0.0,0.0,0.0,0.0,0.0,45.940029129441776,0.07240547302820488,False,True,False,True,False,3.5182766724912575,0,0.9986695887383462,0.9749017302104507,False,False,False,False,-0.2655894231880997,-0.25242402850036033,False,False,False,False,2734897,3384267.624906252,False,False,False,False,296002.5722741852,False,False,False,False
2024-06-14 00:00:00+00:00,19.4737786153,20.6932313153,19.3859709963,20.1079447526,240762,19.816087080267156,19.11205868461994,,,21.04185217721525,"rgba(239, 83, 80, 1.0)",0.0,0.0,2.779063577421242,20.990672283324027,-0.5458290628354712,0.0,0.0,0.0,0.0,0.0,0.0,0.0,0.0,45.28380283318399,0.07240547302820488,False,True,False,True,False,1.9028753896067236,0,1.0053610968831477,0.9792686383029121,False,False,False,False,-0.2716439609574749,-0.26203399472891764,False,False,False,False,2494135,3318331.8749131965,False,False,False,False,291910.678031653,False,False,False,False
2024-06-21 00:00:00+00:00,18.576189621,19.9740869156,18.5274076105,19.6786630597,281375,19.80634628186125,19.11108966273868,,,20.922490768140076,"rgba(239, 83, 80, 1.0)",0.0,0.0,2.686492759511698,20.88391375831073,-0.8590099970082127,0.0,0.0,0.0,0.0,0.0,0.0,0.0,0.0,43.84164305436515,-1.060185692151542,False,True,False,True,False,0.0,0,0.9623851622442813,1.0214159791086217,False,False,False,False,-0.34282825441539394,-0.3024311245721558,False,False,False,False,2212760,3236437.6619566637,False,False,False,False,291130.2574367157,False,False,False,False
2024-06-28 00:00:00+00:00,18.8103432717,19.1225481393,18.4591127957,18.6249716316,383060,19.78969255947208,19.106358358617438,,,20.763969485299068,"rgba(239, 83, 80, 1.0)",0.0,0.0,2.598447434639969,20.080027613055446,-0.48863191320680666,0.0,0.0,0.0,0.0,0.0,0.0,0.0,0.0,43.17614576665584,-1.8489491117126065,False,True,False,True,False,0.28189461768527835,0,0.9509032782073048,1.0424019732803338,False,False,False,False,-0.34282825441539394,-0.3226296894937749,False,False,False,False,2595820,3188984.501811726,False,False,False,False,297939.867996959,False,False,False,False
2024-07-05 00:00:00+00:00,19.4347530069,19.7128104671,18.5225294094,18.9566893034,458413,19.77872325505097,19.108432416788638,,,20.63771575460918,"rgba(239, 83, 80, 1.0)",0.0,0.0,2.5114008899192126,20.06624328576106,-0.2514494127145808,0.0,0.0,0.0,0.0,0.0,0.0,0.0,0.0,43.6616839874478,-1.8489491117126065,False,True,False,True,False,1.7784922113350063,0,0.9585966001419093,1.01953774220361,False,False,False,False,-0.29902547534673074,-0.3108275824202528,False,False,False,False,3054233,3179002.9090849315,False,False,False,False,309826.766663851,False,False,False,False
2024-07-12 00:00:00+00:00,18.8786380865,19.5225606259,18.5078948062,19.4542658111,427753,19.764360758452046,19.106175013270718,,,20.519224054640695,"rgba(239, 83, 80, 1.0)",0.0,0.0,2.4260158850999107,19.9882231443658,-0.4573692467063562,0.0,0.0,0.0,0.0,0.0,0.0,0.0,0.0,43.34156730892915,-1.9984764743394408,False,True,False,True,False,0.40586338719826287,0,0.9666550376043749,1.042640820563217,False,False,False,False,-0.3126280482568751,-0.311727815338564,False,False,False,False,2626480,3138075.2861897517,False,False,False,False,318562.04320726945,False,False,False,False
2024-07-19 00:00:00+00:00,19.268894171,19.4981696206,18.8298560759,18.9664457055,328475,19.756756748746692,19.107320211824707,,,20.450929568839207,"rgba(239, 83, 80, 1.0)",0.0,0.0,2.3439101547131496,19.96092667251345,-0.2952470256259221,0.0,0.0,0.0,0.0,0.0,0.0,0.0,0.0,43.73080559923896,-1.9984764743394408,False,True,False,True,False,1.3487355257798939,0,0.9405999458283066,1.0810096877451636,False,False,False,False,-0.29290733436495964,-0.3023175748517618,False,False,False,False,2954955,3124510.8205460664,False,False,False,False,319296.33630302723,False,False,False,False
2024-07-26 00:00:00+00:00,19.2981633773,19.444509409,18.8268315913,19.3176761815,190146,19.75237712736422,19.107905493591296,,,20.414264873996355,"rgba(239, 83, 80, 1.0)",0.0,0.0,2.2870944575017877,19.944711549854823,-0.28269412766670465,0.0,0.0,0.0,0.0,0.0,0.0,0.0,0.0,44.05647218515841,-1.9984764743394408,False,True,False,True,False,1.4199131674296268,1,0.8960999085732442,1.1008760220120484,False,False,False,False,-0.2966465006138378,-0.2994820377327998,False,False,False,False,3145101,3126036.0190241355,False,False,False,False,309729.6447250252,False,False,False,False
2024-08-02 00:00:00+00:00,17.6103058119,19.8396436945,16.9273576641,19.4347530069,549418,19.716861107822513,19.088180771722882,,,20.23691371516141,"rgba(239, 83, 80, 1.0)",1.0,19.86675,2.2559421373778976,19.097158315736532,-0.6590827305370133,0.0,0.0,0.0,0.0,0.0,0.0,0.0,0.0,42.27571948452211,-3.552237492709679,False,True,False,True,False,0.0,1,0.8630776513236093,1.107844963575062,False,False,False,False,-0.34282825441539394,-0.3211551460740969,False,False,False,False,2595683,3086750.610207533,False,False,False,False,327484.3377083567,False,False,False,False
2024-08-09 00:00:00+00:00,16.8493064472,17.7664082457,16.7400347436,16.9761396747,549558,19.66132764716263,19.049393491079208,,,20.01258092793834,"rgba(239, 83, 80, 1.0)",0.0,0.0,2.2552740303340926,18.043506303204357,-0.5295143028926954,0.0,0.0,0.0,0.0,0.0,0.0,0.0,0.0,40.241707175782274,-5.62884807750217,False,True,False,True,False,0.0,0,0.8682786429909876,1.1423201105906675,False,False,False,False,-0.34282825441539394,-0.33199170024474545,False,False,False,False,2046125,3009667.2316736416,False,False,False,False,343934.2386188488,False,False,False,False
2024-08-16 00:00:00+00:00,18.488382002,18.6298498326,16.829793643,16.829793643,586118,19.623915482977168,19.02744998374799,,,19.867932794729512,"rgba(239, 83, 80, 1.0)",0.0,0.0,2.212798334724247,18.135784741285022,0.15934450744193976,0.0,0.0,0.0,0.0,0.0,0.0,0.0,0.0,41.381711490022774,-5.62884807750217,False,True,False,True,False,0.0,1,0.8328514163572602,1.138546640663369,False,False,False,False,-0.2930990662975496,-0.31254538327114756,False,False,False,False,2632243,2981709.881179298,False,False,False,False,361873.7764989341,False,False,False,False
2024-08-23 00:00:00+00:00,18.6542408379,19.0152277161,18.224959145,18.4981384041,305363,19.61252417052169,19.023251188667388,,,19.823672314527656,"rgba(239, 83, 80, 1.0)",0.0,0.0,2.144968445327711,18.2278103081506,0.1988050363529936,0.0,0.0,0.0,0.0,0.0,0.0,0.0,0.0,42.43415837171489,-5.62884807750217,False,True,False,True,False,0.0,1,0.85652431344466,1.1410526137618584,False,False,False,False,-0.20366789168210567,-0.2581066374766266,False,False,False,False,2937606,2978442.9270178685,False,False,False,False,357687.7930545686,False,False,False,False
2024-08-30 00:00:00+00:00,19.3313351445,19.7859834829,18.3810615788,18.839612478,204849,19.609113203026226,19.02426033674095,,,19.808252655291287,"rgba(239, 83, 80, 0.75)",0.0,0.0,2.060047710002365,18.3133736731743,0.49414460955592604,0.0,0.0,0.0,0.0,0.0,0.0,0.0,0.0,44.14906032879784,-5.62884807750217,False,True,False,True,True,1.5415443757089982,1,0.842261839162251,1.135283207079347,False,False,False,False,-0.15843905750409015,-0.20827284749035838,False,False,False,False,3142455,2990591.9694609893,False,False,False,False,346366.4009764524,False,False,False,False
2024-09-06 00:00:00+00:00,17.6763221559,19.2823702632,17.5196345357,19.1354756192,234508,19.59654229390185,19.017323714330846,,,19.765146598801685,"rgba(239, 83, 80, 0.75)",0.0,0.0,2.022079345179015,18.31209011310883,-0.31441296244116784,0.0,0.0,0.0,0.0,0.0,0.0,0.0,0.0,43.457912400520826,-5.62884807750217,False,True,False,True,True,0.0,1,0.8169434802972708,1.140341512621391,False,False,False,False,-0.2163786369386728,-0.21232574221451558,False,False,False,False,2907947,2984470.119871286,False,False,False,False,338080.5934967152,False,False,False,False
2024-09-13 00:00:00+00:00,17.8134238236,18.126799064,17.1866733427,17.5783923933,242403,19.579773308271214,19.006565393685296,,,19.711042676103443,"rgba(239, 83, 80, 0.75)",0.0,0.0,1.9966298305865025,18.275844917526726,-0.23160081395302534,0.0,0.0,0.0,0.0,0.0,0.0,0.0,0.0,43.16634485406114,-5.62884807750217,False,True,False,True,True,0.0,1,0.8426967243269052,1.1988233256597853,False,False,False,False,-0.2860727291102543,-0.24919923566238494,False,False,False,False,3150350,2996757.518399339,False,False,False,False,330993.36434881034,False,False,False,False
2024-09-20 00:00:00+00:00,18.3912094232,18.5478970434,17.7742519186,17.8721816812,180185,19.570969457740855,19.001894998032306,,,19.682779952781456,"rgba(239, 83, 80, 0.75)",0.0,0.0,1.9802692698226299,18.279792841003456,0.056263349583020615,0.0,0.0,0.0,0.0,0.0,0.0,0.0,0.0,43.81274224277885,-5.62884807750217,False,True,False,True,True,0.0,1,0.8725110113999,1.1267079786930527,False,False,False,False,-0.21310549596383507,-0.23115236581311,False,False,False,False,3330535,3021481.7762956843,False,False,False,False,319822.3743970466,False,False,False,False
2024-09-27 00:00:00+00:00,18.3912094232,18.9494090702,17.7350800135,18.4891391858,197507,19.562313334532313,18.997639342593967,,,19.655507769540634,"rgba(239, 83, 80, 0.75)",0.0,0.0,1.9726651070615757,18.289599930218465,0.05150873942961817,0.0,0.0,0.0,0.0,0.0,0.0,0.0,0.0,44.27445466329151,-5.62884807750217,False,True,False,True,True,0.0,1,0.8868060002522983,1.0898601389536071,False,False,False,False,-0.18816723191962664,-0.20965979886636832,False,False,False,False,3330535,3044374.607681189,False,False,False,False,310761.97629356163,False,False,False,False
2024-10-04 00:00:00+00:00,18.6360338298,18.8768431161,18.1904534098,18.4891391858,180461,19.555867575848254,18.995056803556423,,,19.635417407683356,"rgba(239, 83, 80, 0.75)",0.0,0.0,1.970336784222072,18.306965252488546,0.1670113352938168,0.0,0.0,0.0,0.0,0.0,0.0,0.0,0.0,44.98865522330942,-8.72994792452512,False,True,False,True,True,0.0,1,0.8922791112224917,1.1183179662733298,False,False,False,False,-0.12039586630123522,-0.16502783258380177,False,False,False,False,3510996,3078939.155260361,False,False,False,False,301110.05212366814,False,False,False,False
2024-10-11 00:00:00+00:00,18.5478970434,18.8612722838,18.0288693014,18.606654901,172192,19.549251079617857,18.99211732402685,,,19.615396062196396,"rgba(239, 83, 80, 0.75)",0.0,0.0,1.969530494616696,18.317873753586625,0.116790925777537,0.0,0.0,0.0,0.0,0.0,0.0,0.0,0.0,45.37290959990212,-8.237905171134692,False,True,False,True,True,0.0,1,0.9183527206035367,1.096415645265545,False,False,False,False,-0.0981844490087399,-0.13160614079627084,False,False,False,False,3338804,3098188.4030188527,False,False,False,False,291560.5667811742,False,False,False,False
2024-10-18 00:00:00+00:00,16.5207509568,18.5870689484,16.1195327193,18.4891391858,413296,19.513292726799875,18.966254116321497,,,19.51404303712994,"rgba(239, 83, 80, 1.0)",0.0,0.0,2.006366773662023,17.827901141789987,-0.6515011124332835,0.0,0.0,0.0,0.0,-1.0,18.0288693014,17.382532868,148.0,43.15330075716097,-8.237905171134692,False,True,False,True,False,0.0,1,0.8794367815659718,1.0680151574457988,True,False,False,False,-0.32110763249382557,-0.22635688664504822,False,False,False,False,2925508,3085397.262054493,False,False,False,False,300578.00627886504,False,False,False,False
2024-10-25 00:00:00+00:00,17.0593646513,17.382532868,16.6480596482,16.6480596482,227381,19.49358859232663,18.95198302690431,,,19.46067373075191,"rgba(239, 83, 80, 1.0)",0.0,0.0,2.026419419499977,17.783144686673424,-0.35717188081034923,0.0,0.0,0.0,0.0,0.0,0.0,0.0,0.0,42.47534138255227,-8.237905171134692,False,True,False,True,False,0.0,1,0.8885861266050437,1.1144863294986436,False,False,False,False,-0.34282825441539394,-0.2845925705302211,False,False,False,False,3152889,3090396.6500504566,False,False,False,False,295156.0058137639,False,False,False,False
2024-11-01 00:00:00+00:00,19.2334053818,19.7720190763,16.4032352416,16.9026770311,431621,19.478393692721422,18.945326616247417,,,19.4218368231922,"rgba(239, 83, 80, 0.75)",0.0,0.0,2.0071161543033886,17.957834203510288,0.635524344495362,0.0,0.0,0.0,0.0,1.0,19.204026453,17.382532868,151.0,45.043816248595846,-8.237905171134692,False,True,False,True,True,1.4901722155657104,1,0.8941436763295191,1.0403351178182272,False,False,False,False,-0.11220426733081165,-0.19839841893051635,False,False,False,False,3584510,3126997.638935608,False,False,False,False,305264.5239016332,False,False,False,False
2024-11-08 00:00:00+00:00,20.2518749133,20.7709026552,19.204026453,19.3411281207,475407,19.487997218824898,18.962246700268768,,,19.448885848437943,#000000,0.0,0.0,1.9892597875712386,18.70191700896322,0.779163140993857,0.0,0.0,0.0,0.0,0.0,0.0,0.0,0.0,48.02996410578732,-5.743331633241205,False,True,False,False,True,3.6874370194707957,1,0.9707811965055709,0.9805985677433181,False,False,False,False,0.2822224177283507,0.04191199939891718,False,False,False,False,4059917,3196102.776792229,False,False,False,False,317867.67027929,False,False,False,False
2024-11-15 00:00:00+00:00,19.4880227647,20.3400116996,19.3264386563,20.3400116996,182644,19.489410410815765,18.966569234563764,,,19.45309904873583,#000000,0.0,0.0,1.979787148965094,18.74151782943347,0.37706322907326373,0.0,0.0,0.0,0.0,0.0,0.0,0.0,0.0,49.171079758631535,-4.72251197012649,False,True,False,False,True,1.9276716397914733,1,0.9877521218153179,0.9819314348129523,False,False,False,False,0.24856211701897105,0.14523705820894411,False,False,False,False,3877273,3246559.830363175,False,False,False,False,307851.1021104537,False,False,False,False
2024-11-22 00:00:00+00:00,19.9189137203,19.9874645541,19.0081669278,19.6740893137,263947,19.49071888255089,18.972073808381737,,,19.45719153763651,#000000,0.0,0.0,1.972233182390615,18.79055304190615,0.57212336171432,0.0,0.0,0.0,0.0,0.0,0.0,0.0,0.0,50.48552724065141,-3.511212581154375,False,False,False,False,True,2.856379879750701,1,0.9880442140803044,0.9929418099588817,False,False,False,False,0.17712609739489413,0.1611815778019191,False,False,False,False,4141220,3312830.9540399765,False,False,False,False,304598.9463985682,False,False,False,False
2024-11-29 00:00:00+00:00,19.9466370742,19.9564726941,18.9040613691,19.7524331238,177969,19.491377217967262,18.975537967727593,,,19.459324510761512,#000000,0.0,0.0,1.9675243819914305,18.82026737999044,0.5724806790295051,0.0,0.0,0.0,0.0,0.0,0.0,0.0,0.0,51.45750500468527,-2.6089135501150977,False,False,False,False,True,2.916526935237389,1,0.9746327044862907,1.0237645311090648,False,False,False,False,0.19698638841922006,0.17908398311056958,False,False,False,False,4319189,3387375.9944814597,False,False,False,False,295218.9503690446,False,False,False,False
2024-12-06 00:00:00+00:00,20.3990755877,21.3432950942,19.5187876103,20.0449932728,360730,19.50234714885514,18.991455950722006,,,19.48711324509149,#000000,0.0,0.0,1.954123322868289,19.470873264482357,0.47499679900202785,0.0,0.0,0.0,0.0,0.0,0.0,0.0,0.0,52.704645179274536,-1.4197863438538931,False,False,False,False,True,3.9036055410048647,1,0.9967358002216203,0.9747261360985099,False,False,False,False,0.3428282327317621,0.26095610792116586,False,False,False,False,4679919,3483119.9208161663,False,False,False,False,300071.62071207835,False,False,False,False
2024-12-13 00:00:00+00:00,20.4875961665,21.0486199232,19.8581164955,20.6941441835,243182,19.509947944514547,19.002317679448574,,,19.505805962572463,#000000,0.0,0.0,1.9371483486768524,19.546316464484214,0.48590997311007084,0.0,0.0,0.0,0.0,0.0,0.0,0.0,0.0,53.70552467490778,-0.4536143819653944,True,False,False,False,True,4.097442478230096,0,1.008671809203259,0.9844173354150523,False,False,False,False,0.3428282328725758,0.30189217039687083,False,False,False,False,4923101,3589785.1859408948,False,False,False,False,295857.57473340584,False,False,False,False
2024-12-20 00:00:00+00:00,19.9368014543,21.0875689779,19.9269658345,20.5072674062,270775,19.516983953966676,19.013022660808904,,,19.522717996341218,#000000,0.0,0.0,1.927573837957716,19.592761222540325,0.17848355532994178,0.0,0.0,0.0,0.0,0.0,0.0,0.0,0.0,53.538145793965924,-0.4536143819653944,True,False,False,False,True,2.751528391059221,0,1.0361568229676006,0.9618784833794802,False,False,False,False,0.342828233205093,0.3223602018009819,False,False,False,False,4652326,3668491.912908236,False,False,False,False,293999.60623463505,False,False,False,False
2024-12-27 00:00:00+00:00,20.8121716218,21.2449388956,19.818774016,19.818774016,120034,19.52125020983245,19.018820917824485,,,19.532813334969713,"rgba(38, 166, 154, 1.0)",0.0,0.0,1.9143642157814387,19.630355508343754,0.6173413103492599,0.0,0.0,0.0,0.0,0.0,0.0,0.0,0.0,54.564453689689046,0.465380071987596,True,False,True,False,True,4.691688059021203,0,1.0342064269373619,0.9335559285387807,False,False,False,False,0.34282823335340307,0.3325942175771925,False,False,False,False,4772360,3750259.919359478,False,False,False,False,281113.2650320695,False,False,False,False
2025-01-03 00:00:00+00:00,21.4121444332,21.6139713527,20.6061153858,20.6449660842,187719,19.531359931717017,19.031079848263897,,,19.55650062120089,"rgba(38, 166, 154, 1.0)",0.0,0.0,1.8808716618362913,19.72998222226922,0.8943524670303601,0.0,0.0,0.0,0.0,0.0,0.0,0.0,0.0,56.02152711736939,1.9304031905348467,True,False,True,False,True,5.987817345603364,0,1.0554240996390603,0.939632367415492,False,False,False,False,0.3428282363274003,0.3377112269522964,False,False,False,False,4960079,3839876.1475550723,False,False,False,False,274195.1713259903,False,True,False,False
2025-01-10 00:00:00+00:00,19.9564726941,21.7170486488,19.681075338,21.4711581524,281403,19.53954069780595,19.042889812364017,,20.451532226966666,19.575048979606553,"rgba(38, 166, 154, 1.0)",0.0,0.0,1.835704384771183,20.170588886180372,-0.11663979988099281,-1.0,21.717049,19.681076,0.0,0.0,0.0,0.0,0.0,54.791812192247534,1.9304031905348467,True,False,True,False,True,2.4528542489857585,0,1.0281339068401354,0.9330942719759971,False,False,False,False,0.2701421894703516,0.303926708211324,False,False,False,False,4678676,3902009.4699584004,False,False,False,False,274729.08456110215,False,False,False,False
2025-01-17 00:00:00+00:00,20.1531850912,20.871185341,19.8777877352,20.1335138515,231605,19.545069924659675,19.051438534306925,,20.383445555206404,19.587218703087533,"rgba(38, 166, 154, 1.0)",0.0,0.0,1.7927495722419935,20.159553079611,-0.003552079169114753,0.0,0.0,0.0,0.0,0.0,0.0,0.0,0.0,54.174437951943695,1.9304031905348467,True,False,True,False,True,2.886886141910601,0,1.0243756056714342,0.9566746807490922,False,False,False,False,0.21467970376260276,0.2593032059869634,False,False,False,False,4910281,3976696.249961482,False,False,False,False,271534.7079269464,False,False,False,False
2025-01-24 00:00:00+00:00,19.9859795536,21.3715233232,19.8482808756,20.3498974884,222133,19.550998312003976,19.060184624925434,,20.38903025606782,19.600115422956783,#000000,0.0,0.0,1.769220477705461,20.17312376976897,-0.10577778096468901,0.0,0.0,0.0,0.0,0.0,0.0,0.0,0.0,53.47874704474125,1.9304031905348467,True,False,False,False,False,2.484807760950531,0,1.0230512895401842,0.9426350187524989,False,False,False,False,0.2547581543096492,0.2570306801483063,False,False,False,False,4688148,4029396.3795939647,False,False,False,False,267875.32215458003,False,False,False,False
2025-01-31 00:00:00+00:00,18.707348972,19.9564726941,18.5991571535,19.8482808756,366407,19.545770154165194,19.06047502460767,,19.956156413453623,19.58707507124728,#000000,0.0,0.0,1.7379734645809113,19.967420372454267,-0.7250233827696085,0.0,0.0,0.0,0.0,-1.0,19.8482808756,18.8057051706,163.0,51.1802881291937,5.211225301664697,False,False,False,False,False,0.0,1,1.041719922394433,0.990819191338403,False,False,False,False,0.03469144530141551,0.1458610627248609,False,False,False,False,4321741,4051051.536661078,False,False,False,False,275173.96495794447,False,False,False,False
2025-02-07 00:00:00+00:00,18.5991571535,18.8057051706,17.7729650854,18.1270474003,238026,19.537378861251067,19.05592056512443,,19.67833308742299,19.567650709976522,#000000,0.0,0.0,1.7016407086235927,19.810991430484965,-0.7121563740474823,0.0,0.0,0.0,0.0,0.0,0.0,0.0,0.0,49.39667708287134,3.4811698925542416,False,False,False,False,False,0.0,1,1.0235347410568394,0.9645740477572528,False,False,False,False,-0.12529936377038825,0.010280849477236328,False,False,False,False,4083715,4053471.0524639618,False,False,False,False,272422.2638499486,False,False,False,False
2025-02-14 00:00:00+00:00,18.353266657,19.0122531876,18.1860611194,18.5991571535,223883,19.530443767940444,19.052487071835355,,19.51206092283913,19.55182528257269,#000000,0.0,0.0,1.6833443536023505,19.704859446328484,-0.8029211530226017,0.0,0.0,0.0,0.0,0.0,0.0,0.0,0.0,47.78987412631966,1.9394223072780505,False,True,False,False,False,0.0,1,1.033667490139766,0.9827875750919945,False,False,False,False,-0.07484942433459005,-0.03228428742867686,False,False,False,False,3859832,4039127.4189481125,False,False,False,False,268826.76282402646,False,False,False,False
2025-02-21 00:00:00+00:00,18.1663898797,18.8529161459,18.0877049208,18.4024447563,217371,19.52282835240236,19.048283708953555,,19.372537340148853,19.53477347428676,#000000,0.0,0.0,1.6821023026237754,19.608847706799335,-0.8575327581737225,0.0,0.0,0.0,0.0,0.0,0.0,0.0,0.0,46.383647702538966,0.5950702193531754,False,True,False,False,False,0.0,1,0.9899541756615698,0.9987270074795761,False,False,False,False,-0.09576944955103313,-0.06402686848985499,False,False,False,False,3642461,4009744.7212482523,False,False,False,False,265015.22483706154,False,False,False,False
2025-02-28 00:00:00+00:00,17.310690952,18.3434310372,17.2123347534,18.2450748386,301744,19.505684560080947,19.0362118637352,,19.118923923956675,19.49724922981164,"rgba(239, 83, 80, 1.0)",0.0,0.0,1.699838958411546,19.431412565266236,-1.2476014876420949,0.0,0.0,0.0,0.0,-1.0,18.0877049208,17.5369102087,179.0,44.25151639328989,-1.4388910973569438,False,True,False,True,False,0.0,0,0.959421940337038,1.0365118541759566,False,False,False,False,-0.2101234679608286,-0.1370751682253418,False,False,False,False,3340717,3960187.1122669005,False,False,False,False,267735.87484913104,False,False,False,False
2025-03-07 00:00:00+00:00,16.6320331817,17.5369102087,15.7173205348,17.3992115307,498566,19.463438383488334,19.003005243955137,,18.637929208307625,19.40718215231801,"rgba(239, 83, 80, 1.0)",0.0,0.0,1.7394551021565248,19.07741883095711,-1.4058343019175348,0.0,0.0,0.0,0.0,-1.0,17.2123347534,16.7787296988,168.0,41.92166850627627,-3.6335014104705152,False,True,False,True,False,0.0,0,0.9421762492042017,1.0468888766416091,False,False,False,False,-0.34282825441539394,-0.23995171132036786,False,False,False,False,2842151,3877369.6224693526,False,False,False,False,284834.4026380843,False,False,False,False
2025-03-14 00:00:00+00:00,16.5513220482,16.7787296988,15.3632382199,16.4058139249,425572,19.42342401787984,18.970749136612575,,18.297264314418054,19.324279575888827,"rgba(239, 83, 80, 1.0)",0.0,0.0,1.7791355280627814,18.805344539014026,-1.2669200604792192,0.0,0.0,0.0,0.0,0.0,0.0,0.0,0.0,40.16300868598376,-5.2618937243743815,False,True,False,True,False,0.0,0,0.9423615510918263,1.034673399193399,False,False,False,False,-0.34282825441539394,-0.29138998286788087,False,False,False,False,2416579,3769162.9096938446,False,False,False,False,295259.40985007805,False,False,False,False
2025-03-21 00:00:00+00:00,15.9383101205,17.3027560241,14.9199193374,16.5414347591,696464,19.356510634896296,18.91623424408304,,17.875305107919797,19.19029192443192,"rgba(239, 83, 80, 1.0)",0.0,0.0,1.8291438911404385,18.43852325363393,-1.3668761354663534,0.0,0.0,0.0,0.0,0.0,0.0,0.0,0.0,38.1978533995086,-7.091329421379783,False,True,False,True,False,0.0,0,0.916277017823407,1.0302601698076006,False,False,False,False,-0.33690844889512,-0.31414921588150047,False,False,False,False,1720115,3617381.583049856,False,False,False,False,324978.2683797019,False,False,False,False
2025-03-28 00:00:00+00:00,15.8097753615,16.8736476747,15.7306770482,15.9481974097,583796,19.303817089663383,18.87338517737783,,17.638724890075412,19.08895784566262,"rgba(239, 83, 80, 1.0)",0.0,0.0,1.8860230842078465,18.21053004610977,-1.2729190351443223,0.0,0.0,0.0,0.0,0.0,0.0,0.0,0.0,36.64822269473677,-8.525910904720234,False,True,False,True,False,0.0,0,0.9397892861231157,1.053461090735794,False,False,False,False,-0.3092130253600018,-0.31168112062075115,False,False,False,False,1136319,3433599.169490608,False,False,False,False,344149.9522034277,False,False,False,False
2025-04-04 00:00:00+00:00,14.1091616265,16.1360559036,13.9015285542,15.6614660241,550299,19.234083976435425,18.813803766461955,,17.306181342507102,18.956247190277278,"rgba(239, 83, 80, 1.0)",0.0,0.0,1.994817632237634,17.910528608551708,-1.905621306238217,0.0,0.0,0.0,0.0,-1.0,15.7306770482,14.8704828916,172.0,33.868164241839395,-11.141254513324874,False,True,False,True,False,0.0,0,0.8812645108955937,1.0690119330007268,False,False,False,False,-0.34282825441539394,-0.3272546875180725,False,False,False,False,586020,3222667.37915797,True,False,False,False,359420.2520402108,True,False,False,False
2025-04-11 00:00:00+00:00,14.1585980723,14.8704828916,13.0413343976,13.7235573494,788389,19.12304659911683,18.717436723433696,,16.846137005715693,18.750733628715043,"rgba(239, 83, 80, 1.0)",0.0,0.0,2.0902367959343815,16.5438440543039,-1.1411367298878894,0.0,0.0,0.0,0.0,0.0,0.0,0.0,0.0,31.997970447602505,-12.861040113728365,False,True,False,True,False,0.0,0,0.8661689322555883,1.099741418747344,True,False,False,False,-0.34282825441539394,-0.3350414709667332,False,False,False,False,1374409,3085759.3510721945,False,False,False,False,391195.71485204704,False,False,False,False
2025-04-18 00:00:00+00:00,15.1769888555,15.3203545482,14.0903757771,14.3563438555,371330,19.080709552937048,18.681254451982316,,16.723315882868093,18.675904079077927,"rgba(239, 83, 80, 1.0)",0.0,0.0,2.150041599850897,16.513220839097265,-0.6214912230953726,0.0,0.0,0.0,0.0,0.0,0.0,0.0,0.0,32.92251139969569,-12.861040113728365,False,True,False,True,False,0.0,0,0.9412397901181033,1.0835958868069695,False,False,False,False,-0.2670303163445796,-0.3010358936556564,False,False,False,False,1745739,2986498.584326106,False,False,False,False,389724.180418562,False,False,False,False
2025-04-25 00:00:00+00:00,15.1868761446,15.5527058434,14.7221735542,14.9199193374,350184,19.04425214471457,18.650305739160782,,16.63672962867546,18.61312120236438,"rgba(239, 83, 80, 1.0)",0.0,0.0,2.2078944918708654,16.490299532966006,-0.5903467729844043,0.0,0.0,0.0,0.0,0.0,0.0,0.0,0.0,33.60382766305259,-12.861040113728365,False,True,False,True,False,0.0,0,0.9473937123250428,1.0484343366087914,False,False,False,False,-0.22470577396043812,-0.26287083380804727,False,False,False,False,2095923,2920530.0225241724,False,False,False,False,386795.27816533524,False,False,False,False
2025-05-02 00:00:00+00:00,15.5724804217,15.6416914458,14.5837515061,15.147326988,472995,18.99745818438168,18.610667686563623,,16.541664457688196,18.53442464031851,"rgba(239, 83, 80, 1.0)",0.0,0.0,2.2522118098735238,16.453275950801387,-0.39108023732050756,0.0,0.0,0.0,0.0,0.0,0.0,0.0,0.0,34.924638374300294,-12.861040113728365,False,True,False,True,False,0.0,0,0.9469587500552523,1.11763859701689,False,False,False,False,-0.22710450557201978,-0.24498766969003352,False,False,False,False,2568918,2894484.6875223815,False,False,False,False,393180.4427456808,False,False,False,False
2025-05-09 00:00:00+00:00,15.6021422892,16.0075211446,15.1176651205,15.4340583735,349150,18.96645982588784,18.584654143293324,,16.49462512458428,18.48395186999756,"rgba(239, 83, 80, 0.75)",0.0,0.0,2.2944400247456755,16.44147641346805,-0.3658121873815744,0.0,0.0,0.0,0.0,0.0,0.0,0.0,0.0,35.93347786977886,-12.861040113728365,False,True,False,True,True,0.0,0,0.8795912362140853,1.1384883985751382,False,False,False,False,-0.18381915940887475,-0.21440341454945414,False,False,False,False,2918068,2896231.5995577606,False,False,False,False,389918.92846822296,False,False,False,False
2025-05-16 00:00:00+00:00,17.0753483735,17.4708399398,15.4241710844,15.9976338555,603771,18.93083449656161,18.556496017120303,,16.507220931451197,18.431594787723576,"rgba(239, 83, 80, 0.75)",0.0,0.0,2.309690574452945,16.521542574754143,0.2397748879747781,0.0,0.0,0.0,0.0,1.0,16.0520139458,16.0075211446,182.0,39.55042509851397,-15.780275250481836,False,True,False,True,True,0.0,0,0.8883512148958114,1.0806366544554313,False,False,False,False,-0.10047612824690104,-0.15743977139817758,False,False,False,False,3521839,2942572.8884794083,False,False,False,False,405759.82265576196,False,False,False,False
2025-05-23 00:00:00+00:00,16.9369263253,17.1692776205,16.0520139458,17.1198411747,282818,18.91497134425187,18.544012682968916,,16.5146700931591,18.408917375238786,"rgba(239, 83, 80, 0.75)",0.0,0.0,2.3255091343338177,16.550229451746564,0.16628482246930087,0.0,0.0,0.0,0.0,0.0,0.0,0.0,0.0,41.90749625760023,-13.544720476818853,False,True,False,True,True,0.0,0,0.9155484552710405,1.0788798297579323,False,False,False,False,-0.08529522094344404,-0.1213674961708108,False,False,False,False,3239021,2964532.007851304,False,False,False,False,396653.02097755735,False,False,False,False
2025-05-30 00:00:00+00:00,16.9468136145,17.3620797591,16.7490678314,17.1841085543,204443,18.9051923546245,18.536559882680038,,16.527160149332538,18.395739129154048,"rgba(239, 83, 80, 0.75)",0.0,0.0,2.3368543505262194,16.577078268597877,0.15821925137048745,0.0,0.0,0.0,0.0,0.0,0.0,0.0,0.0,43.609713121776224,-11.943438693516889,False,True,False,True,True,0.0,0,0.9374321903481301,1.0734627029394508,False,False,False,False,-0.04407094154673334,-0.08271921885877206,False,False,False,False,3443464,3000008.45171417,False,False,False,False,382415.2416458864,False,False,False,False
2025-06-06 00:00:00+00:00,17.736802352,17.7666121039,16.917151747,17.1148975302,251069,18.896179614803387,18.530216694018833,,16.555075843340973,18.38512231934108,#000000,0.0,0.0,2.3406745458345797,16.622766413344273,0.47594653457408076,0.0,0.0,0.0,0.0,1.0,17.6871194323,17.3620797591,181.0,46.262096117832264,-9.426618316737887,False,False,False,False,True,0.0,0,0.9224745396482565,1.1045159808725018,False,False,False,False,-0.01763109001618738,-0.05017515443747972,False,False,False,False,3694533,3051454.7145501575,False,False,False,False,372685.89041285776,False,False,False,False
2025-06-13 00:00:00+00:00,17.8361681915,18.1243291261,17.6871194323,17.8063584397,264246,18.88950778139001,18.526174526501446,17.882538916633333,16.595047383644385,18.37910568160717,#000000,0.0,0.0,2.3433242575709676,16.816028403611405,0.43533872215621044,-1.0,18.124329,17.687119,0.0,0.0,0.0,0.0,0.0,48.329334170008885,-7.487336312883492,True,False,False,False,True,0.0,0,0.9336913710023972,1.0872296350696884,False,False,False,False,0.0344012061356039,-0.00788697415093791,False,False,False,False,3958779,3118663.9208797757,False,False,False,False,364653.30593783123,False,False,False,True
2025-06-20 00:00:00+00:00,17.4387048335,17.9355340311,17.339338994,17.7566755199,225412,18.882147110824526,18.52111729202614,17.739211958793565,16.619492777718627,18.370938609270933,#000000,0.0,0.0,2.3421257081666447,16.814141889068935,0.266664996781901,0.0,0.0,0.0,0.0,-1.0,17.6871194323,17.5501933054,0.0,49.00928970991574,-6.851646714766808,True,False,False,False,True,0.0,0,0.9197724336471338,1.095720302448648,False,False,False,False,0.009637228931881209,0.0008751273904716497,False,False,False,False,3733367,3164197.4822960887,False,False,False,False,354339.13512762147,False,False,False,False
2025-06-27 00:00:00+00:00,16.0376464965,17.5501933054,15.7892318977,17.4387048335,346553,18.861523999849485,18.504464104794287,17.208660444420644,16.613543571665815,18.341679222530882,#000000,0.0,0.0,2.335146977483028,16.687180836141714,-0.27815565611284343,0.0,0.0,0.0,0.0,-1.0,17.339338994,16.5146025261,184.0,47.11209102315473,-6.851646714766808,False,False,False,False,True,0.0,0,0.8768349439720804,1.1112155423823047,False,False,False,False,-0.07980881736711634,-0.03946684498832235,False,False,False,False,3386814,3180687.5947186006,False,False,False,False,353762.3843774273,False,False,False,False
2025-07-04 00:00:00+00:00,16.4450464384,16.5146025261,15.7098385919,15.9979001607,129103,18.8531851751855,18.497621305883236,17.076858006362766,16.608225349617527,18.32966968407894,#000000,0.0,0.0,2.303852910142761,16.652831395363098,-0.09019020096652938,0.0,0.0,0.0,0.0,0.0,0.0,0.0,0.0,46.559545528669865,-6.851646714766808,False,False,False,False,True,0.0,0,0.8496085435136166,1.1547903803876574,False,False,False,False,-0.11951231409394086,-0.0794895795411316,False,False,False,False,3515917,3205519.402517223,False,False,False,False,337120.94849761785,False,False,False,False
2025-07-11 00:00:00+00:00,15.8786611533,16.9269707601,15.2352733044,16.3953635187,399994,18.825648903401774,18.474749522555204,16.765365805212912,16.58414525027435,18.289694075571354,"rgba(239, 83, 80, 0.5)",0.0,0.0,2.3081044735917695,16.562247553723772,-0.2961678763873308,0.0,0.0,0.0,0.0,0.0,0.0,0.0,0.0,45.29112438141536,-6.851646714766808,False,False,False,True,False,0.0,0,0.861910712731795,1.1468912819460224,False,False,False,False,-0.11977262129978511,-0.09963110042045836,False,False,False,False,3115923,3198882.6319603915,False,False,False,False,341778.2115718684,False,False,False,False
2025-07-18 00:00:00+00:00,15.2129100286,15.8687245693,14.885102124,15.8687245693,331919,18.7976820507032,18.45084503455325,16.48314131548053,16.54311644785636,18.247791987338488,"rgba(239, 83, 80, 0.5)",0.0,0.0,2.2988687017132183,16.460363611897,-0.5426380299002481,0.0,0.0,0.0,0.0,0.0,0.0,0.0,0.0,43.43978815505169,-6.851646714766808,False,False,False,True,False,0.0,0,0.8447303482038859,1.153137164017674,False,False,False,False,-0.19135446847864251,-0.14549278444955044,False,False,False,False,2784004,3168150.881444807,False,False,False,False,341047.8996035818,False,False,False,False
2025-07-25 00:00:00+00:00,15.2924027002,15.7494855619,15.123480773,15.1632271088,295415,18.773630949780266,18.4303162402132,16.320851069392845,16.510642917214355,18.212302967050846,"rgba(239, 83, 80, 1.0)",0.0,0.0,2.2633624538420496,16.395653368384934,-0.48743879545769175,0.0,0.0,0.0,0.0,0.0,0.0,0.0,0.0,42.291343855100614,-1.939993863486528,False,True,False,True,False,0.0,0,0.8488104711156257,1.1771592481983186,False,False,False,False,-0.14744476951680724,-0.14646877698317884,False,False,False,False,3079419,3161578.1494859327,False,False,False,False,337667.6848181313,False,False,False,False
2025-08-01 00:00:00+00:00,14.8452564224,15.5606904668,14.51238086,15.3818319557,268346,18.749429081574203,18.40938974742071,16.16085438873597,16.472333884097658,18.17618659862359,"rgba(239, 83, 80, 1.0)",0.0,0.0,2.2210359466214826,16.32544519523359,-0.666440709834153,0.0,0.0,0.0,0.0,0.0,0.0,0.0,0.0,40.83387821498505,-3.442789422390163,False,True,False,True,False,0.0,0,0.8685822862454464,1.1406927516176304,False,False,False,False,-0.178262204862164,-0.1623654909226714,False,False,False,False,2811073,3135614.8050795672,False,False,False,False,332532.7452019734,False,False,False,False
2025-08-08 00:00:00+00:00,16.2959976792,16.5841586138,14.4477930644,14.8551930063,707125,18.700360659596402,18.368049190067918,16.069162429394208,16.429439532867157,18.107685636521758,"rgba(239, 83, 80, 1.0)",0.0,0.0,2.12139316355872,16.275996845425503,0.009428159814064804,0.0,0.0,0.0,0.0,0.0,0.0,0.0,0.0,42.741902329131676,-3.442789422390163,False,True,False,True,False,0.0,0,0.8966717815385874,1.0685200230296301,False,False,False,False,-0.10867495969296104,-0.1355202253078162,False,False,False,False,3518198,3163954.3009995995,False,False,False,False,360280.31963145686,False,False,False,False
2025-08-15 00:00:00+00:00,12.2319348433,16.6884927452,12.1524421717,16.2761245113,1518531,18.528913037376306,18.215516742084983,15.264244701029387,16.109509435082153,17.852624935916403,"rgba(239, 83, 80, 1.0)",0.0,0.0,2.122398565880725,15.116224726087045,-1.3589765509430418,0.0,0.0,0.0,0.0,-1.0,14.4477930644,13.6727395162,191.0,39.62078807426663,-4.609249202829204,False,True,False,True,False,0.0,0,0.8320614168979914,1.0642966376810994,False,False,False,False,-0.2683427351379845,-0.20193148022290036,False,False,False,False,1999667,3077710.797221851,False,False,False,False,446076.666325423,False,False,False,False
2025-08-22 00:00:00+00:00,13.4740078372,13.6727395162,12.0431397483,12.2120616754,1424775,18.35886156382317,18.062544153337992,14.733770188541898,15.8085860332858,17.606461254969496,"rgba(239, 83, 80, 1.0)",0.0,0.0,2.1367695808670986,14.059256768103902,-0.27389426363249153,0.0,0.0,0.0,0.0,0.0,0.0,0.0,0.0,39.29283812772195,-4.958568712655406,False,True,False,True,False,0.0,0,0.835703587725592,1.1403008743360306,False,False,False,False,-0.34282825441539394,-0.27237986731914715,False,False,False,False,3424442,3103394.5900202324,False,False,False,False,518572.8391902065,False,False,False,False
2025-08-29 00:00:00+00:00,13.67,13.71,12.9672420557,13.4044517495,368910,18.31962483406407,18.027348063016145,14.658306816373727,15.74973935899168,17.5518601292188,"rgba(239, 83, 80, 1.0)",0.0,0.0,2.153885092086231,14.04709367334951,-0.17507604037700117,0.0,0.0,0.0,0.0,0.0,0.0,0.0,0.0,39.34396611116617,-5.010827507623091,False,True,False,True,False,0.0,0,0.8833047652088802,1.126800483628177,False,False,False,False,-0.2737930177509759,-0.27308644253506154,False,False,False,False,3793352,3154502.5463150297,False,False,False,False,507486.7029538949,False,False,False,False
2025-09-05 00:00:00+00:00,13.37,13.68,13.21,13.52,444679,18.272877567624555,17.98536548714679,14.576426016113228,15.681745318367124,17.487468092453987,"rgba(239, 83, 80, 1.0)",0.0,0.0,2.178842061282944,14.024347257260267,-0.30031881102707164,0.0,0.0,0.0,0.0,0.0,0.0,0.0,0.0,39.08801990261791,-5.4201385098194095,False,True,False,True,False,0.0,0,0.9283101541341511,1.1095593072892773,False,False,False,False,-0.25887353193020557,-0.26597998723263355,False,False,False,False,3348673,3168885.5428842865,False,False,False,False,502834.28051286563,False,False,False,False
2025-09-12 00:00:00+00:00,13.67,13.77,13.1,13.32,592681,18.21311279699443,17.93170499047631,14.490323035469657,15.600554599035842,17.406600385258628,"rgba(239, 83, 80, 1.0)",0.0,0.0,2.1786989870938536,14.004253999512615,-0.15341908243987096,0.0,0.0,0.0,0.0,0.0,0.0,0.0,0.0,39.38063564930442,-5.4201385098194095,False,True,False,True,False,0.0,0,0.9338571739606774,1.0872562246334228,False,False,False,False,-0.2602711295639982,-0.26312555839831586,False,False,False,False,3941354,3226105.428596562,False,False,False,False,509489.5930674682,False,False,False,False
2025-09-19 00:00:00+00:00,13.52,14.2282,13.47,13.66,416917,18.173942460146773,17.896615191889055,14.449846173535267,15.552792328589472,17.35484883553932,"rgba(239, 83, 80, 1.0)",0.0,0.0,2.2125315181277014,14.00638971741666,-0.21983402877273142,0.0,0.0,0.0,0.0,0.0,0.0,0.0,0.0,39.4260351964727,-5.493098615301712,False,True,False,True,False,0.0,0,0.9554147620636775,1.093596076789621,False,False,False,False,-0.203154840641812,-0.23314019952006393,False,False,False,False,3524437,3248204.063515335,False,False,False,False,502632.3639513594,False,False,False,False
2025-09-26 00:00:00+00:00,13.83,14.065,13.37,13.4,473534,18.130430211195332,17.857612901657273,14.40975995571505,15.50187496626887,17.298059250421137,"rgba(239, 83, 80, 1.0)",0.0,0.0,2.2422245879719824,14.006629460612245,-0.07877420556341364,0.0,0.0,0.0,0.0,0.0,0.0,0.0,0.0,39.987794385932105,-5.493098615301712,False,True,False,True,False,0.0,0,0.926595168089753,1.0866606495414117,False,False,False,False,-0.22114815323982528,-0.2271441763799446,False,False,False,False,3997971,3303742.3551067915,False,False,False,False,500476.92958459206,False,False,False,False
2025-10-03 00:00:00+00:00,14.11,14.17,13.66,13.8,58685,18.125371584960124,17.853092737549318,14.406709151687972,15.496551927831803,17.291584899026102,"rgba(239, 83, 80, 1.0)",0.0,0.0,2.234381558426438,14.008642231264988,0.045362784325159285,0.0,0.0,0.0,0.0,0.0,0.0,0.0,0.0,40.871309030954436,-5.493098615301712,False,True,False,True,False,0.0,0,0.9917742644281039,1.063987081411299,False,False,False,False,-0.19419373209615726,-0.21066895423805093,False,False,False,False,4056656,3359513.736209992,False,False,False,False,467751.6014672149,False,False,False,False
