date,Open,High,Low,Close,Volume,Gap_Up_aVWAP_888,Gap_Up_aVWAP_810,Gap_Up_aVWAP_792,Gap_Up_aVWAP_774,Gap_Up_aVWAP_720,Gap_Up_aVWAP_660,Gap_Up_aVWAP_648,Gap_Up_aVWAP_630,Gap_Up_aVWAP_624,Gap_Up_aVWAP_618,Gap_Down_aVWAP_882,Gap_Down_aVWAP_870,Gap_Down_aVWAP_858,Gap_Down_aVWAP_768,Gap_Down_aVWAP_732,Gap_Down_aVWAP_708,Gap_Down_aVWAP_678,Gap_Down_aVWAP_654,Gap_Down_aVWAP_606,Gap_Down_aVWAP_576,aVWAP_OB_bull_755,aVWAP_OB_bull_610,aVWAP_OB_bull_432,aVWAP_OB_bull_169,aVWAP_OB_bear_852,aVWAP_OB_bear_144,color,Liquidity,Liquidity_Level,StDev,StDev_Mean,StdDev_ZScore,OB,OB_High,OB_Low,OB_Mitigated_Index,FVG,FVG_High,FVG_Low,FVG_Mitigated_Index,QQEMOD,QQE1_Value,QQE1_Above_Upper,QQE1_Below_Lower,QQE2_Above_Threshold,QQE2_Below_Threshold,QQE2_Above_TL,banker_RSI,TTM_squeeze_Active,VI_plus,VI_minus,VI_Regular_Bullish,VI_Regular_Bearish,VI_Hidden_Bullish,VI_Hidden_Bearish,Fisher,Fisher_Signal,Fisher_Regular_Bullish,Fisher_Regular_Bearish,Fisher_Hidden_Bullish,Fisher_Hidden_Bearish,OBV,OBV_Smoothed,OBV_Regular_Bullish,OBV_Regular_Bearish,OBV_Hidden_Bullish,OBV_Hidden_Bearish,Volume_MA,Vol_Regular_Bullish,Vol_Regular_Bearish,Vol_Hidden_Bullish,Vol_Hidden_Bearish
2025-04-14 14:00:00+00:00,20.59,20.59,20.59,20.59,0.0,,,,,,,,,,,,,,,,,,,,,,,,,,,"rgba(38, 166, 154, 1.0)",0.0,0.0,,,,0.0,0.0,0.0,0.0,0.0,0.0,0.0,0.0,,,False,False,False,False,False,,0,,,False,False,False,False,,,False,False,False,False,0.0,0.0,False,False,False,False,0.0,False,False,False,False
2025-04-14 15:00:00+00:00,20.59,20.59,20.59,20.59,0.0,,,,,,,,,,,,,,,,,,,,,,,,,,,"rgba(38, 166, 154, 1.0)",0.0,0.0,,,,0.0,0.0,0.0,0.0,0.0,0.0,0.0,0.0,,,False,False,False,False,False,,0,,,False,False,False,False,,,False,False,False,False,0.0,0.0,False,False,False,False,0.0,False,False,False,False
2025-04-14 16:00:00+00:00,20.59,20.59,20.59,20.59,0.0,,,,,,,,,,,,,,,,,,,,,,,,,,,"rgba(38, 166, 154, 1.0)",0.0,0.0,,,,0.0,0.0,0.0,0.0,0.0,0.0,0.0,0.0,,,False,False,False,False,False,,0,,,False,False,False,False,,,False,False,False,False,0.0,0.0,False,False,False,False,0.0,False,False,False,False
2025-04-14 17:00:00+00:00,20.59,20.59,20.59,20.59,0.0,,,,,,,,,,,,,,,,,,,,,,,,,,,"rgba(38, 166, 154, 1.0)",0.0,0.0,,,,0.0,0.0,0.0,0.0,0.0,0.0,0.0,0.0,,,False,False,False,False,False,,0,,,False,False,False,False,,,False,False,False,False,0.0,0.0,False,False,False,False,0.0,False,False,False,False
2025-04-14 18:00:00+00:00,20.59,20.59,20.59,20.59,0.0,,,,,,,,,,,,,,,,,,,,,,,,,,,"rgba(38, 166, 154, 1.0)",0.0,0.0,,,,0.0,0.0,0.0,0.0,0.0,0.0,0.0,0.0,,,False,False,False,False,False,,0,,,False,False,False,False,,,False,False,False,False,0.0,0.0,False,False,False,False,0.0,False,False,False,False
2025-04-14 19:00:00+00:00,20.59,20.59,20.59,20.59,0.0,,,,,,,,,,,,,,,,,,,,,,,,,,,"rgba(38, 166, 154, 1.0)",0.0,0.0,,,,0.0,0.0,0.0,0.0,0.0,0.0,0.0,0.0,,,False,False,False,False,False,,0,,,False,False,False,False,,,False,False,False,False,0.0,0.0,False,False,False,False,0.0,False,False,False,False
2025-04-15 14:00:00+00:00,20.59,20.59,20.59,20.59,0.0,,,,,,,,,,,,,,,,,,,,,,,,,,,"rgba(38, 166, 154, 1.0)",0.0,0.0,,,,0.0,0.0,0.0,0.0,0.0,0.0,0.0,0.0,,,False,False,False,False,False,,0,,,False,False,False,False,,,False,False,False,False,0.0,0.0,False,False,False,False,0.0,False,False,False,False
2025-04-15 15:00:00+00:00,20.59,20.59,20.59,20.59,0.0,,,,,,,,,,,,,,,,,,,,,,,,,,,"rgba(38, 166, 154, 1.0)",0.0,0.0,,,,0.0,0.0,0.0,0.0,0.0,0.0,0.0,0.0,,,False,False,False,False,False,,0,,,False,False,False,False,,,False,False,False,False,0.0,0.0,False,False,False,False,0.0,False,False,False,False
2025-04-15 16:00:00+00:00,20.59,20.59,20.59,20.59,0.0,,,,,,,,,,,,,,,,,,,,,,,,,,,"rgba(38, 166, 154, 1.0)",0.0,0.0,,,,0.0,0.0,0.0,0.0,0.0,0.0,0.0,0.0,,,False,False,False,False,False,,0,,,False,False,False,False,,,False,False,False,False,0.0,0.0,False,False,False,False,0.0,False,False,False,False
2025-04-15 17:00:00+00:00,20.59,20.59,20.59,20.59,0.0,,,,,,,,,,,,,,,,,,,,,,,,,,,"rgba(38, 166, 154, 1.0)",0.0,0.0,,,,0.0,0.0,0.0,0.0,0.0,0.0,0.0,0.0,,,False,False,False,False,False,,0,,,False,False,False,False,,,False,False,False,False,0.0,0.0,False,False,False,False,0.0,False,False,False,False
2025-04-15 18:00:00+00:00,20.59,20.59,20.59,20.59,0.0,,,,,,,,,,,,,,,,,,,,,,,,,,,"rgba(38, 166, 154, 1.0)",0.0,0.0,,,,0.0,0.0,0.0,0.0,0.0,0.0,0.0,0.0,,,False,False,False,False,False,,0,,,False,False,False,False,,,False,False,False,False,0.0,0.0,False,False,False,False,0.0,False,False,False,False
2025-04-15 19:00:00+00:00,20.59,20.59,20.59,20.59,0.0,,,,,,,,,,,,,,,,,,,,,,,,,,,"rgba(38, 166, 154, 1.0)",0.0,0.0,,,,0.0,0.0,0.0,0.0,0.0,0.0,0.0,0.0,,,False,False,False,False,False,,0,,,False,False,False,False,,,False,False,False,False,0.0,0.0,False,False,False,False,0.0,False,False,False,False
2025-04-16 14:00:00+00:00,20.59,20.59,20.59,20.59,0.0,,,,,,,,,,,,,,,,,,,,,,,,,,,"rgba(38, 166, 154, 1.0)",0.0,0.0,,,,0.0,0.0,0.0,0.0,0.0,0.0,0.0,0.0,,,False,False,False,False,False,,0,,,False,False,False,False,,,False,False,False,False,0.0,0.0,False,False,False,False,0.0,False,False,False,False
2025-04-16 15:00:00+00:00,20.59,20.59,20.59,20.59,0.0,,,,,,,,,,,,,,,,,,,,,,,,,,,"rgba(38, 166, 154, 1.0)",0.0,0.0,,,,0.0,0.0,0.0,0.0,0.0,0.0,0.0,0.0,,,False,False,False,False,False,,0,,,False,False,False,False,,,False,False,False,False,0.0,0.0,False,False,False,False,0.0,False,False,False,False
2025-04-16 16:00:00+00:00,20.59,20.59,20.59,20.59,0.0,,,,,,,,,,,,,,,,,,,,,,,,,,,"rgba(38, 166, 154, 1.0)",0.0,0.0,,,,0.0,0.0,0.0,0.0,0.0,0.0,0.0,0.0,,,False,False,False,False,False,,0,,,False,False,False,False,,,False,False,False,False,0.0,0.0,False,False,False,False,0.0,False,False,False,False
2025-04-16 17:00:00+00:00,20.59,20.59,20.59,20.59,0.0,,,,,,,,,,,,,,,,,,,,,,,,,,,"rgba(38, 166, 154, 1.0)",0.0,0.0,,,,0.0,0.0,0.0,0.0,0.0,0.0,0.0,0.0,,,False,False,False,False,False,,0,,,False,False,False,False,,,False,False,False,False,0.0,0.0,False,False,False,False,0.0,False,False,False,False
2025-04-16 18:00:00+00:00,20.59,20.59,20.59,20.59,0.0,,,,,,,,,,,,,,,,,,,,,,,,,,,"rgba(38, 166, 154, 1.0)",0.0,0.0,,,,0.0,0.0,0.0,0.0,0.0,0.0,0.0,0.0,,,False,False,False,False,False,,0,,,False,False,False,False,,,False,False,False,False,0.0,0.0,False,False,False,False,0.0,False,False,False,False
2025-04-16 19:00:00+00:00,20.59,20.59,20.59,20.59,0.0,,,,,,,,,,,,,,,,,,,,,,,,,,,"rgba(38, 166, 154, 1.0)",0.0,0.0,,,,0.0,0.0,0.0,0.0,0.0,0.0,0.0,0.0,,,False,False,False,False,False,,0,,,False,False,False,False,,,False,False,False,False,0.0,0.0,False,False,False,False,0.0,False,False,False,False
2025-04-17 14:00:00+00:00,20.59,20.59,20.59,20.59,0.0,,,,,,,,,,,,,,,,,,,,,,,,,,,"rgba(38, 166, 154, 1.0)",0.0,0.0,,,,0.0,0.0,0.0,0.0,0.0,0.0,0.0,0.0,,,False,False,False,False,False,,0,,,False,False,False,False,,,False,False,False,False,0.0,0.0,False,False,False,False,0.0,False,False,False,False
2025-04-17 15:00:00+00:00,20.59,20.59,20.59,20.59,0.0,,,,,,,,,,,,,,,,,,,,,,,,,,,"rgba(38, 166, 154, 1.0)",0.0,0.0,,,,0.0,0.0,0.0,0.0,0.0,0.0,0.0,0.0,,,False,False,False,False,False,,0,,,False,False,False,False,,,False,False,False,False,0.0,0.0,False,False,False,False,0.0,False,False,False,False
2025-04-17 16:00:00+00:00,20.59,20.59,20.59,20.59,0.0,,,,,,,,,,,,,,,,,,,,,,,,,,,"rgba(38, 166, 154, 1.0)",0.0,0.0,,,,0.0,0.0,0.0,0.0,0.0,0.0,0.0,0.0,,,False,False,False,False,False,,0,,,False,False,False,False,,,False,False,False,False,0.0,0.0,False,False,False,False,0.0,False,False,False,False
2025-04-17 17:00:00+00:00,20.59,20.59,20.59,20.59,0.0,,,,,,,,,,,,,,,,,,,,,,,,,,,"rgba(38, 166, 154, 1.0)",0.0,0.0,,,,0.0,0.0,0.0,0.0,0.0,0.0,0.0,0.0,,,False,False,False,False,False,,0,,,False,False,False,False,,,False,False,False,False,0.0,0.0,False,False,False,False,0.0,False,False,False,False
2025-04-17 18:00:00+00:00,20.59,20.59,20.59,20.59,0.0,,,,,,,,,,,,,,,,,,,,,,,,,,,"rgba(38, 166, 154, 1.0)",0.0,0.0,,,,0.0,0.0,0.0,0.0,0.0,0.0,0.0,0.0,,,False,False,False,False,False,,0,,,False,False,False,False,,,False,False,False,False,0.0,0.0,False,False,False,False,0.0,False,False,False,False
2025-04-17 19:00:00+00:00,20.59,20.59,20.59,20.59,0.0,,,,,,,,,,,,,,,,,,,,,,,,,,,"rgba(38, 166, 154, 1.0)",0.0,0.0,,,,0.0,0.0,0.0,0.0,0.0,0.0,0.0,0.0,,,False,False,False,False,False,,0,,,False,False,False,False,,,False,False,False,False,0.0,0.0,False,False,False,False,0.0,False,False,False,False
2025-04-18 14:00:00+00:00,20.59,20.59,20.59,20.59,0.0,,,,,,,,,,,,,,,,,,,,,,,,,,,"rgba(38, 166, 154, 1.0)",0.0,0.0,,,,0.0,0.0,0.0,0.0,0.0,0.0,0.0,0.0,,,False,False,False,False,False,,0,,,False,False,False,False,,,False,False,False,False,0.0,0.0,False,False,False,False,0.0,False,False,False,False
2025-04-18 15:00:00+00:00,20.59,20.59,20.59,20.59,0.0,,,,,,,,,,,,,,,,,,,,,,,,,,,"rgba(38, 166, 154, 1.0)",0.0,0.0,,,,0.0,0.0,0.0,0.0,0.0,0.0,0.0,0.0,,,False,False,False,False,False,,0,,,False,False,False,False,,,False,False,False,False,0.0,0.0,False,False,False,False,0.0,False,False,False,False
2025-04-18 16:00:00+00:00,20.59,20.59,20.59,20.59,0.0,,,,,,,,,,,,,,,,,,,,,,,,,,,"rgba(38, 166, 154, 1.0)",0.0,0.0,,,,0.0,0.0,0.0,0.0,0.0,0.0,0.0,0.0,,,False,False,False,False,False,,0,,,False,False,False,False,,,False,False,False,False,0.0,0.0,False,False,False,False,0.0,False,False,False,False
2025-04-18 17:00:00+00:00,20.59,20.59,20.59,20.59,0.0,,,,,,,,,,,,,,,,,,,,,,,,,,,"rgba(38, 166, 154, 1.0)",0.0,0.0,,,,0.0,0.0,0.0,0.0,0.0,0.0,0.0,0.0,,,False,False,False,False,False,,0,,,False,False,False,False,,,False,False,False,False,0.0,0.0,False,False,False,False,0.0,False,False,False,False
2025-04-18 18:00:00+00:00,20.59,20.59,20.59,20.59,0.0,,,,,,,,,,,,,,,,,,,,,,,,,,,"rgba(38, 166, 154, 1.0)",0.0,0.0,,,,0.0,0.0,0.0,0.0,0.0,0.0,0.0,0.0,,,False,False,False,False,False,,0,,,False,False,False,False,,,False,False,False,False,0.0,0.0,False,False,False,False,0.0,False,False,False,False
2025-04-18 19:00:00+00:00,20.59,20.59,20.59,20.59,0.0,,,,,,,,,,,,,,,,,,,,,,,,,,,"rgba(38, 166, 154, 1.0)",0.0,0.0,,,,0.0,0.0,0.0,0.0,0.0,0.0,0.0,0.0,,,False,False,False,False,False,,0,,,False,False,False,False,,,False,False,False,False,0.0,0.0,False,False,False,False,0.0,False,False,False,False
2025-04-21 14:00:00+00:00,20.59,20.59,20.59,20.59,0.0,,,,,,,,,,,,,,,,,,,,,,,,,,,"rgba(38, 166, 154, 1.0)",0.0,0.0,,,,0.0,0.0,0.0,0.0,0.0,0.0,0.0,0.0,,,False,False,False,False,False,,0,,,False,False,False,False,,,False,False,False,False,0.0,0.0,False,False,False,False,0.0,False,False,False,False
2025-04-21 15:00:00+00:00,20.59,20.59,20.59,20.59,0.0,,,,,,,,,,,,,,,,,,,,,,,,,,,"rgba(38, 166, 154, 1.0)",0.0,0.0,,,,0.0,0.0,0.0,0.0,0.0,0.0,0.0,0.0,,,False,False,False,False,False,,0,,,False,False,False,False,,,False,False,False,False,0.0,0.0,False,False,False,False,0.0,False,False,False,False
2025-04-21 16:00:00+00:00,20.59,20.59,20.59,20.59,0.0,,,,,,,,,,,,,,,,,,,,,,,,,,,"rgba(38, 166, 154, 1.0)",0.0,0.0,,,,0.0,0.0,0.0,0.0,0.0,0.0,0.0,0.0,,,False,False,False,False,False,,0,,,False,False,False,False,,,False,False,False,False,0.0,0.0,False,False,False,False,0.0,False,False,False,False
2025-04-21 17:00:00+00:00,20.59,20.59,20.59,20.59,0.0,,,,,,,,,,,,,,,,,,,,,,,,,,,"rgba(38, 166, 154, 1.0)",0.0,0.0,,,,0.0,0.0,0.0,0.0,0.0,0.0,0.0,0.0,,,False,False,False,False,False,,0,,,False,False,False,False,,,False,False,False,False,0.0,0.0,False,False,False,False,0.0,False,False,False,False
2025-04-21 18:00:00+00:00,20.59,20.59,20.59,20.59,0.0,,,,,,,,,,,,,,,,,,,,,,,,,,,"rgba(38, 166, 154, 1.0)",0.0,0.0,,,,0.0,0.0,0.0,0.0,0.0,0.0,0.0,0.0,,,False,False,False,False,False,,0,,,False,False,False,False,,,False,False,False,False,0.0,0.0,False,False,False,False,0.0,False,False,False,False
2025-04-21 19:00:00+00:00,20.59,20.59,20.59,20.59,0.0,,,,,,,,,,,,,,,,,,,,,,,,,,,"rgba(38, 166, 154, 1.0)",0.0,0.0,,,,0.0,0.0,0.0,0.0,0.0,0.0,0.0,0.0,,,False,False,False,False,False,,0,,,False,False,False,False,,,False,False,False,False,0.0,0.0,False,False,False,False,0.0,False,False,False,False
2025-04-22 14:00:00+00:00,20.59,20.59,20.59,20.59,0.0,,,,,,,,,,,,,,,,,,,,,,,,,,,"rgba(38, 166, 154, 1.0)",0.0,0.0,,,,0.0,0.0,0.0,0.0,0.0,0.0,0.0,0.0,,,False,False,False,False,False,,0,,,False,False,False,False,,,False,False,False,False,0.0,0.0,False,False,False,False,0.0,False,False,False,False
2025-04-22 15:00:00+00:00,20.59,20.59,20.59,20.59,0.0,,,,,,,,,,,,,,,,,,,,,,,,,,,"rgba(38, 166, 154, 1.0)",0.0,0.0,,,,0.0,0.0,0.0,0.0,0.0,0.0,0.0,0.0,,,False,False,False,False,False,,0,,,False,False,False,False,,,False,False,False,False,0.0,0.0,False,False,False,False,0.0,False,False,False,False
2025-04-22 16:00:00+00:00,20.59,20.59,20.59,20.59,0.0,,,,,,,,,,,,,,,,,,,,,,,,,,,"rgba(38, 166, 154, 1.0)",0.0,0.0,,,,0.0,0.0,0.0,0.0,0.0,0.0,0.0,0.0,,,False,False,False,False,False,,0,,,False,False,False,False,,,False,False,False,False,0.0,0.0,False,False,False,False,0.0,False,False,False,False
2025-04-22 17:00:00+00:00,20.59,20.59,20.59,20.59,0.0,,,,,,,,,,,,,,,,,,,,,,,,,,,"rgba(38, 166, 154, 1.0)",0.0,0.0,,,,0.0,0.0,0.0,0.0,0.0,0.0,0.0,0.0,,,False,False,False,False,False,,0,,,False,False,False,False,,,False,False,False,False,0.0,0.0,False,False,False,False,0.0,False,False,False,False
2025-04-22 18:00:00+00:00,20.59,20.59,20.59,20.59,0.0,,,,,,,,,,,,,,,,,,,,,,,,,,,"rgba(38, 166, 154, 1.0)",0.0,0.0,,,,0.0,0.0,0.0,0.0,0.0,0.0,0.0,0.0,,,False,False,False,False,False,,0,,,False,False,False,False,,,False,False,False,False,0.0,0.0,False,False,False,False,0.0,False,False,False,False
2025-04-22 19:00:00+00:00,20.59,20.59,20.59,20.59,0.0,,,,,,,,,,,,,,,,,,,,,,,,,,,"rgba(38, 166, 154, 1.0)",0.0,0.0,,,,0.0,0.0,0.0,0.0,0.0,0.0,0.0,0.0,,,False,False,False,False,False,,0,,,False,False,False,False,,,False,False,False,False,0.0,0.0,False,False,False,False,0.0,False,False,False,False
2025-04-23 14:00:00+00:00,20.59,20.59,20.59,20.59,0.0,,,,,,,,,,,,,,,,,,,,,,,,,,,"rgba(38, 166, 154, 1.0)",0.0,0.0,,,,0.0,0.0,0.0,0.0,0.0,0.0,0.0,0.0,,,False,False,False,False,False,,0,,,False,False,False,False,,,False,False,False,False,0.0,0.0,False,False,False,False,0.0,False,False,False,False
2025-04-23 15:00:00+00:00,20.59,20.59,20.59,20.59,0.0,,,,,,,,,,,,,,,,,,,,,,,,,,,"rgba(38, 166, 154, 1.0)",0.0,0.0,,,,0.0,0.0,0.0,0.0,0.0,0.0,0.0,0.0,,,False,False,False,False,False,,0,,,False,False,False,False,,,False,False,False,False,0.0,0.0,False,False,False,False,0.0,False,False,False,False
2025-04-23 16:00:00+00:00,20.59,20.59,20.59,20.59,0.0,,,,,,,,,,,,,,,,,,,,,,,,,,,"rgba(38, 166, 154, 1.0)",0.0,0.0,,,,0.0,0.0,0.0,0.0,0.0,0.0,0.0,0.0,,,False,False,False,False,False,,0,,,False,False,False,False,,,False,False,False,False,0.0,0.0,False,False,False,False,0.0,False,False,False,False
2025-04-23 17:00:00+00:00,20.59,20.59,20.59,20.59,0.0,,,,,,,,,,,,,,,,,,,,,,,,,,,"rgba(38, 166, 154, 1.0)",0.0,0.0,,,,0.0,0.0,0.0,0.0,0.0,0.0,0.0,0.0,,,False,False,False,False,False,,0,,,False,False,False,False,,,False,False,False,False,0.0,0.0,False,False,False,False,0.0,False,False,False,False
2025-04-23 18:00:00+00:00,20.59,20.59,20.59,20.59,0.0,,,,,,,,,,,,,,,,,,,,,,,,,,,"rgba(38, 166, 154, 1.0)",0.0,0.0,,,,0.0,0.0,0.0,0.0,0.0,0.0,0.0,0.0,,,False,False,False,False,False,,0,,,False,False,False,False,,,False,False,False,False,0.0,0.0,False,False,False,False,0.0,False,False,False,False
2025-04-23 19:00:00+00:00,20.59,20.63,20.59,20.63,45.0,,,,,,,,,,,,,,,,,,,,,,,,,,,"rgba(38, 166, 154, 1.0)",0.0,0.0,,20.616666666666667,,0.0,0.0,0.0,0.0,0.0,0.0,0.0,0.0,100.0,,False,False,True,False,False,,0,,,False,False,False,False,,,False,False,False,False,45.0,0.6976744186046512,False,False,False,False,0.6976744186046512,False,False,False,False
2025-04-24 14:00:00+00:00,20.63,20.63,20.63,20.63,0.0,,,,,,,,,,,,,,,,,,,,,,,,,,,"rgba(38, 166, 154, 1.0)",0.0,0.0,,20.616666666666667,,0.0,0.0,0.0,0.0,0.0,0.0,0.0,0.0,100.0,50.0,False,False,True,False,True,,0,,,False,False,False,False,,,False,False,False,False,45.0,1.384532179556517,False,False,False,False,0.6868577609518659,False,False,False,False
2025-04-24 15:00:00+00:00,20.63,20.63,20.63,20.63,0.0,,,,,,,,,,,,,,,,,,,,,,,,,,,"rgba(38, 166, 154, 1.0)",0.0,0.0,,20.616666666666667,,0.0,0.0,0.0,0.0,0.0,0.0,0.0,0.0,100.0,50.0,False,False,True,False,True,20.0,0,,,False,False,False,False,,,False,False,False,False,45.0,2.0607409829742456,False,False,False,False,0.6762088034177284,False,False,False,False
2025-04-24 16:00:00+00:00,20.63,20.63,20.63,20.63,0.0,,,,,,,,,,,,,,,,,,,,,,,,,,,"rgba(38, 166, 154, 1.0)",0.0,0.0,,20.616666666666667,,0.0,0.0,0.0,0.0,0.0,0.0,0.0,0.0,100.0,50.0,False,False,True,False,True,20.0,0,,,False,False,False,False,,,False,False,False,False,45.0,2.726465928974645,False,False,False,False,0.6657249460003992,False,False,False,False
2025-04-24 17:00:00+00:00,20.63,20.63,20.63,20.63,0.0,,,,,,,,,,,,,,,,,,,,,,,,,,,"rgba(38, 166, 154, 1.0)",0.0,0.0,,20.616666666666667,,0.0,0.0,0.0,0.0,0.0,0.0,0.0,0.0,100.0,50.0,False,False,True,False,True,20.0,0,,,False,False,False,False,,,False,False,False,False,45.0,3.3818695579827898,False,False,False,False,0.655403629008145,False,False,False,False
2025-04-24 18:00:00+00:00,20.63,20.63,20.63,20.63,0.0,,,,,,,,,,,,,,,,,,,,,,,,,,,"rgba(38, 166, 154, 1.0)",0.0,0.0,,20.616666666666667,,0.0,0.0,0.0,0.0,0.0,0.0,0.0,0.0,100.0,50.0,False,False,True,False,True,20.0,0,,,False,False,False,False,,,False,False,False,False,45.0,4.027111890417165,False,False,False,False,0.6452423324343752,False,False,False,False
2025-04-24 19:00:00+00:00,20.63,20.63,20.63,20.63,0.0,,,,,,,,,,,,,,,,,,,,,,,,,,,"rgba(38, 166, 154, 1.0)",0.0,0.0,,20.616666666666667,,0.0,0.0,0.0,0.0,0.0,0.0,0.0,0.0,100.0,50.0,False,False,True,False,True,20.0,0,,,False,False,False,False,,,False,False,False,False,45.0,4.662350465759535,False,False,False,False,0.6352385753423694,False,False,False,False
2025-04-25 14:00:00+00:00,20.63,20.63,20.63,20.63,0.0,,,,,,,,,,,,,,,,,,,,,,,,,,,"rgba(38, 166, 154, 1.0)",0.0,0.0,,20.616666666666667,,0.0,0.0,0.0,0.0,0.0,0.0,0.0,0.0,100.0,50.0,False,False,True,False,True,20.0,0,,,False,False,False,False,,,False,False,False,False,45.0,5.287740381019077,False,False,False,False,0.6253899152595419,False,False,False,False
2025-04-25 15:00:00+00:00,20.63,20.63,20.63,20.63,0.0,,,,,,,,,,,,,,,,,,,,,,,,,,,"rgba(38, 166, 154, 1.0)",0.0,0.0,,20.616666666666667,,0.0,0.0,0.0,0.0,0.0,0.0,0.0,0.0,100.0,50.0,False,False,True,False,True,20.0,0,,,False,False,False,False,,,False,False,False,False,45.0,5.903434328600177,False,False,False,False,0.6156939475810994,False,False,False,False
2025-04-25 16:00:00+00:00,20.63,20.63,20.63,20.63,0.0,,,,,,,,,,,,,,,,,,,,,,,,,,,"rgba(38, 166, 154, 1.0)",0.0,0.0,,20.616666666666667,,0.0,0.0,0.0,0.0,0.0,0.0,0.0,0.0,100.0,50.0,False,False,True,False,True,20.0,0,,,False,False,False,False,,,False,False,False,False,45.0,6.50958263358312,False,False,False,False,0.6061483049829428,False,False,False,False
2025-04-25 17:00:00+00:00,20.63,20.63,20.63,20.63,0.0,,,,,,,,,,,,,,,,,,,,,,,,,,,"rgba(38, 166, 154, 1.0)",0.0,0.0,,20.616666666666667,,0.0,0.0,0.0,0.0,0.0,0.0,0.0,0.0,100.0,50.0,False,False,True,False,True,20.0,0,,,False,False,False,False,,,False,False,False,False,45.0,7.106333290426793,False,False,False,False,0.5967506568436723,False,False,False,False
2025-04-25 18:00:00+00:00,20.63,20.63,20.63,20.63,0.0,,,,,,,,,,,,,,,,,,,,,,,,,,,"rgba(38, 166, 154, 1.0)",0.0,0.0,,20.616666666666667,,0.0,0.0,0.0,0.0,0.0,0.0,0.0,0.0,100.0,50.0,False,False,True,False,True,20.0,0,,,False,False,False,False,,,False,False,False,False,45.0,7.693831999102347,False,False,False,False,0.5874987086755534,False,False,False,False
2025-04-25 19:00:00+00:00,20.63,20.63,20.63,20.63,0.0,,,,,,,,,,,,,,,,,,,,,,,,,,,"rgba(38, 166, 154, 1.0)",0.0,0.0,,20.616666666666667,,0.0,0.0,0.0,0.0,0.0,0.0,0.0,0.0,100.0,50.0,False,False,True,False,True,20.0,0,,,False,False,False,False,,,False,False,False,False,45.0,8.27222220066665,False,False,False,False,0.5783902015643045,False,False,False,False
2025-04-28 14:00:00+00:00,20.63,20.63,20.63,20.63,0.0,,,,,,,,,,,,,,,,,,,,,,,,,,,"rgba(38, 166, 154, 1.0)",0.0,0.0,,20.616666666666667,,0.0,0.0,0.0,0.0,0.0,0.0,0.0,0.0,100.0,50.0,False,False,True,False,True,20.0,0,,,False,False,False,False,,,False,False,False,False,45.0,8.84164511228422,False,False,False,False,0.5694229116175711,False,False,False,False
2025-04-28 15:00:00+00:00,20.63,20.63,20.63,20.63,0.0,,,,,,,,,,,,,,,,,,,,,,,,,,,"rgba(38, 166, 154, 1.0)",0.0,0.0,,20.616666666666667,,0.0,0.0,0.0,0.0,0.0,0.0,0.0,0.0,100.0,50.0,False,False,True,False,True,20.0,0,,,False,False,False,False,,,False,False,False,False,45.0,9.40223976170617,False,False,False,False,0.5605946494219498,False,False,False,False
2025-04-28 16:00:00+00:00,20.63,20.63,20.63,20.63,0.0,,,,,,,,,,,,,,,,,,,,,,,,,,,"rgba(38, 166, 154, 1.0)",0.0,0.0,,20.616666666666667,,0.0,0.0,0.0,0.0,0.0,0.0,0.0,0.0,100.0,50.0,False,False,True,False,True,20.0,0,,,False,False,False,False,,,False,False,False,False,45.0,9.9541430212146,False,False,False,False,0.5519032595084312,False,False,False,False
2025-04-28 17:00:00+00:00,20.63,20.63,20.63,20.63,0.0,,,,,,,,,,,,,,,,,,,,,,,,,,,"rgba(38, 166, 154, 1.0)",0.0,0.0,,20.616666666666667,,0.0,0.0,0.0,0.0,0.0,0.0,0.0,0.0,100.0,50.0,False,False,True,False,True,20.0,0,,,False,False,False,False,,,False,False,False,False,45.0,10.49748964104073,False,False,False,False,0.54334661982613,False,False,False,False
2025-04-28 18:00:00+00:00,20.63,20.63,20.63,20.63,0.0,,,,,,,,,,,,,,,,,,,,,,,,,,,"rgba(38, 166, 154, 1.0)",0.0,0.0,,20.616666666666667,,0.0,0.0,0.0,0.0,0.0,0.0,0.0,0.0,100.0,50.0,False,False,True,False,True,20.0,0,,,False,False,False,False,,,False,False,False,False,45.0,11.032412282264904,False,False,False,False,0.5349226412241744,False,False,False,False
2025-04-28 19:00:00+00:00,20.63,20.865,20.63,20.865,59.0,,,,,,,,,,,,,,,,,,,,,,,,,,,"rgba(38, 166, 154, 1.0)",0.0,0.0,,20.77195512820513,,0.0,0.0,0.0,0.0,0.0,0.0,0.0,0.0,100.0,50.0,False,False,True,False,True,20.0,0,,,False,False,False,False,,,False,False,False,False,104.0,12.473770231377074,False,False,False,False,1.4413579491121715,False,False,False,False
2025-04-29 14:00:00+00:00,20.865,20.865,20.865,20.865,0.0,,,,,,,,,,,,,,,,,,,,,,,,,,,"rgba(38, 166, 154, 1.0)",0.0,0.0,,20.77195512820513,,0.0,0.0,0.0,0.0,0.0,0.0,0.0,0.0,100.0,50.0,False,False,True,False,True,20.0,0,,,False,False,False,False,,,False,False,False,False,104.0,13.89278154561929,False,False,False,False,1.4190113142422154,False,False,False,False
2025-04-29 15:00:00+00:00,20.865,20.865,20.865,20.865,0.0,,,,,,,,,,,,,,,,,,,,,,,,,,,"rgba(38, 166, 154, 1.0)",0.0,0.0,,20.77195512820513,,0.0,0.0,0.0,0.0,0.0,0.0,0.0,0.0,100.0,50.0,False,False,True,False,True,20.0,0,,,False,False,False,False,,,False,False,False,False,104.0,15.289792684446896,False,False,False,False,1.3970111388276074,False,False,False,False
2025-04-29 16:00:00+00:00,20.865,20.865,20.865,20.865,0.0,,,,,,,,,,,,,,,,,,,,,,,,,,,"rgba(38, 166, 154, 1.0)",0.0,0.0,,20.77195512820513,,0.0,0.0,0.0,0.0,0.0,0.0,0.0,0.0,100.0,50.0,False,False,True,False,True,20.0,0,,,False,False,False,False,,,False,False,False,False,104.0,16.66514473585082,False,False,False,False,1.3753520514039235,False,False,False,False
2025-04-29 17:00:00+00:00,20.865,20.865,20.865,20.865,0.0,,,,,,,,,,,,,,,,,,,,,,,,,,,"rgba(38, 166, 154, 1.0)",0.0,0.0,,20.77195512820513,,0.0,0.0,0.0,0.0,0.0,0.0,0.0,0.0,100.0,50.0,False,False,True,False,True,20.0,0,,,False,False,False,False,,,False,False,False,False,104.0,18.01917349963608,False,False,False,False,1.354028763785258,False,False,False,False
2025-04-29 18:00:00+00:00,20.865,20.89,20.865,20.89,100.0,,,,,,,,,,,,,,,,,,,,,,,,,,,"rgba(38, 166, 154, 1.0)",0.0,0.0,,20.84057570292268,,0.0,0.0,0.0,0.0,0.0,0.0,0.0,0.0,100.0,50.0,False,False,True,False,True,20.0,0,,,False,False,False,False,,,False,False,False,False,204.0,20.902597166308386,False,False,False,False,2.883423666672308,False,False,False,False
2025-04-29 19:00:00+00:00,20.89,20.89,20.89,20.89,0.0,,,,,,,,,,,,,,,,,,,,,,,,,,,"rgba(38, 166, 154, 1.0)",0.0,0.0,,20.84057570292268,,0.0,0.0,0.0,0.0,0.0,0.0,0.0,0.0,100.0,50.0,False,False,True,False,True,20.0,0,,,False,False,False,False,,,False,False,False,False,204.0,23.741316590086548,False,False,False,False,2.838719423778164,False,False,False,False
2025-04-30 14:00:00+00:00,20.89,20.89,20.89,20.89,0.0,,,,,,,,,,,,,,,,,,,,,,,,,,,"rgba(38, 166, 154, 1.0)",0.0,0.0,,20.84057570292268,,0.0,0.0,0.0,0.0,0.0,0.0,0.0,0.0,100.0,50.0,False,False,True,False,True,20.0,0,,,False,False,False,False,,,False,False,False,False,204.0,26.536024860007686,False,False,False,False,2.794708269921138,False,False,False,False
2025-04-30 15:00:00+00:00,20.89,20.89,20.89,20.89,0.0,,,,,,,,,,,,,,,,,,,,,,,,,,,"rgba(38, 166, 154, 1.0)",0.0,0.0,,20.84057570292268,,0.0,0.0,0.0,0.0,0.0,0.0,0.0,0.0,100.0,50.0,False,False,True,False,True,20.0,0,,,False,False,False,False,,,False,False,False,False,204.0,29.28740431954245,False,False,False,False,2.7513794595347636,False,False,False,False
2025-04-30 16:00:00+00:00,20.89,20.89,20.89,20.89,0.0,,,,,,,,,,,,,,,,,,,,,,,,,,,"rgba(38, 166, 154, 1.0)",0.0,0.0,0.09618427321768534,20.84057570292268,0.5138500861306264,0.0,0.0,0.0,0.0,0.0,0.0,0.0,0.0,100.0,50.0,False,False,True,False,True,20.0,0,,,False,False,False,False,,,False,False,False,False,204.0,31.996126733192952,False,False,False,False,2.7087224136505035,False,False,False,False
2025-04-30 17:00:00+00:00,20.89,20.89,20.89,20.89,0.0,,,,,,,,,,,,,,,,,,,,,,,,,,,"rgba(38, 166, 154, 1.0)",0.0,0.0,0.10031333792555037,20.84057570292268,0.49269915745402265,0.0,0.0,0.0,0.0,0.0,0.0,0.0,0.0,100.0,50.0,False,False,True,False,True,20.0,0,,,False,False,False,False,,,False,False,False,False,204.0,34.66285345050779,False,False,False,False,2.6667267173148366,False,False,False,False
2025-04-30 18:00:00+00:00,20.89,20.89,20.89,20.89,0.0,,,,,,,,,,,,,,,,,,,,,,,,,,,"rgba(38, 166, 154, 1.0)",0.0,0.0,0.10412341083869918,20.84057570292268,0.47467036163350473,0.0,0.0,0.0,0.0,0.0,0.0,0.0,0.0,100.0,50.0,False,False,True,False,True,20.0,0,,,False,False,False,False,,,False,False,False,False,204.0,37.288235567554175,False,False,False,False,2.6253821170463896,False,False,False,False
2025-04-30 19:00:00+00:00,20.89,20.89,20.89,20.89,0.0,,,,,,,,,,,,,,,,,,,,,,,,,,,"rgba(38, 166, 154, 1.0)",0.0,0.0,0.10764836817700013,20.84057570292268,0.45912722983458276,0.0,0.0,0.0,0.0,0.0,0.0,0.0,0.0,100.0,50.0,False,False,True,False,True,20.0,0,,,False,False,False,False,,,False,False,False,False,204.0,39.87291408588666,False,False,False,False,2.584678518332492,False,False,False,False
2025-05-01 14:00:00+00:00,20.89,20.89,20.89,20.89,0.0,,,,,,,,,,,,,,,,,,,,,,,,,,,"rgba(38, 166, 154, 1.0)",0.0,0.0,0.11091539670048052,20.84057570292268,0.4456035730619643,0.0,0.0,0.0,0.0,0.0,0.0,0.0,0.0,100.0,50.0,False,False,True,False,True,20.0,0,,,False,False,False,False,,,False,False,False,False,204.0,42.41752006905121,False,False,False,False,2.544605983164546,False,False,False,False
2025-05-01 15:00:00+00:00,20.89,20.89,20.89,20.89,0.0,,,,,,,,,,,,,,,,,,,,,,,,,,,"rgba(38, 166, 154, 1.0)",0.0,0.0,0.11394668422927677,20.84057570292268,0.43374932242758973,0.0,0.0,0.0,0.0,0.0,0.0,0.0,0.0,100.0,50.0,False,False,True,False,True,20.0,0,,,False,False,False,False,,,False,False,False,False,204.0,44.92267479666281,False,False,False,False,2.505154727611607,False,False,False,False
2025-05-01 16:00:00+00:00,20.89,20.89,20.89,20.89,0.0,,,,,,,,,,,,,,,,,,,,,,,,,,,"rgba(38, 166, 154, 1.0)",0.0,0.0,0.1167605928215321,20.84057570292268,0.4232960443500324,0.0,0.0,0.0,0.0,0.0,0.0,0.0,0.0,100.0,50.0,False,False,True,False,True,20.0,0,,,False,False,False,False,,,False,False,False,False,204.0,47.388989916094395,False,False,False,False,2.466315119431582,False,False,False,False
2025-05-01 17:00:00+00:00,20.89,20.89,20.89,20.89,0.0,,,,,,,,,,,,,,,,,,,,,,,,,,,"rgba(38, 166, 154, 1.0)",0.0,0.0,0.1193724959644904,20.84057570292268,0.4140342101250988,0.0,0.0,0.0,0.0,0.0,0.0,0.0,0.0,100.0,50.0,False,False,True,False,True,20.0,0,,,False,False,False,False,,,False,False,False,False,204.0,49.81706759181386,False,False,False,False,2.4280776757194644,False,False,False,False
2025-05-01 18:00:00+00:00,20.89,20.89,20.89,20.89,0.0,,,,,,,,,,,,,,,,,,,,,,,,,,,"rgba(38, 166, 154, 1.0)",0.0,0.0,0.1217953903771259,20.84057570292268,0.4057977639735172,0.0,0.0,0.0,0.0,0.0,0.0,0.0,0.0,100.0,50.0,False,False,True,False,True,20.0,0,,,False,False,False,False,,,False,False,False,False,204.0,52.20750065240589,False,False,False,False,2.3904330605920308,False,False,False,False
2025-05-01 19:00:00+00:00,20.89,20.89,20.89,20.89,0.0,,,,,,,,,,,,,,,,,,,,,,,,,,,"rgba(38, 166, 154, 1.0)",0.0,0.0,0.12404035234151935,20.84057570292268,0.39845337540834924,0.0,0.0,0.0,0.0,0.0,0.0,0.0,0.0,100.0,50.0,False,False,True,False,True,20.0,0,,,False,False,False,False,,,False,False,False,False,204.0,54.56087273531433,False,False,False,False,2.3533720829084332,False,False,False,False
2025-05-02 14:00:00+00:00,20.89,20.89,20.73,20.73,24.0,,,,,,,,,,,,,,,,,,,,,,,,,,,"rgba(239, 83, 80, 1.0)",0.0,0.0,0.12381339490037399,20.79826013573065,-0.551314627836314,0.0,0.0,0.0,0.0,0.0,0.0,0.0,0.0,71.987222038613,24.788499834751704,False,False,True,False,False,7.937041519650599,0,,,False,False,False,False,,,False,False,False,False,180.0,56.505665406084645,False,False,False,False,2.6889787172819455,False,False,False,False
2025-05-02 15:00:00+00:00,20.73,20.73,20.73,20.73,0.0,,,,,,,,,,,,,,,,,,,,,,,,,,,"rgba(239, 83, 80, 1.0)",0.0,0.0,0.12355744186992777,20.79826013573065,-0.5524566929971692,0.0,0.0,0.0,0.0,0.0,0.0,0.0,0.0,53.31203673102166,9.661599735602714,False,False,False,True,False,7.937041519650599,0,,,False,False,False,False,,,False,False,False,False,180.0,58.42030625250194,False,False,False,False,2.6472891247659462,False,False,False,False
2025-05-02 16:00:00+00:00,20.73,20.73,20.73,20.73,0.0,,,,,,,,,,,,,,,,,,,,,,,,,,,"rgba(239, 83, 80, 1.0)",0.0,0.0,0.12327231263776205,20.79826013573065,-0.5537345269998619,0.0,0.0,0.0,0.0,0.0,0.0,0.0,0.0,40.861913192627426,0.4734085642677712,False,False,False,True,False,7.937041519650599,0,,,False,False,False,False,,,False,False,False,False,180.0,60.30526274471121,False,False,False,False,2.6062458825215127,False,False,False,False
2025-05-02 17:00:00+00:00,20.73,20.73,20.73,20.73,0.0,,,,,,,,,,,,,,,,,,,,,,,,,,,"rgba(239, 83, 80, 1.0)",0.0,0.0,0.12295780423226765,20.79826013573065,-0.5551509003991862,0.0,0.0,0.0,0.0,0.0,0.0,0.0,0.0,32.56183083369794,-5.293488658716441,False,True,False,True,False,7.937041519650599,0,,,False,False,False,False,,,False,False,False,False,180.0,62.160995105258316,False,False,False,False,2.5658389696142025,False,False,False,False
2025-05-02 18:00:00+00:00,20.73,20.73,20.73,20.73,0.0,,,,,,,,,,,,,,,,,,,,,,,,,,,"rgba(239, 83, 80, 1.0)",0.0,0.0,0.12261369057783104,20.79826013573065,-0.5567089238482796,0.0,0.0,0.0,0.0,0.0,0.0,0.0,0.0,27.028442594411615,-9.138086807372574,False,True,False,True,False,7.937041519650599,0,,,False,False,False,False,,,False,False,False,False,180.0,63.987956421455856,False,False,False,False,2.526058520472897,False,False,False,False
2025-05-02 19:00:00+00:00,20.73,20.73,20.73,20.73,0.0,,,,,,,,,,,,,,,,,,,,,,,,,,,"rgba(239, 83, 80, 1.0)",0.0,0.0,0.12223972165195919,20.79826013573065,-0.5584120677646865,0.0,0.0,0.0,0.0,0.0,0.0,0.0,0.0,23.339517101554065,-11.930632916869683,False,True,False,True,False,7.937041519650599,0,,,False,False,False,False,,,False,False,False,False,180.0,65.78659275600693,False,False,False,False,2.4868948224810694,False,False,False,False
2025-05-05 14:00:00+00:00,20.73,20.73,20.73,20.73,0.0,,,,,,,,,,,,,,,,,,,,,,,,,,,"rgba(239, 83, 80, 1.0)",0.0,0.0,0.12183562253675141,20.79826013573065,-0.5602641847219992,0.0,0.0,0.0,0.0,0.0,0.0,0.0,0.0,20.880233439649032,-14.159499406496579,False,True,False,True,False,7.937041519650599,0,,,False,False,False,False,,,False,False,False,False,180.0,67.55734325591379,False,False,False,False,2.448338313605394,False,False,False,False
2025-05-05 15:00:00+00:00,20.73,20.73,20.73,20.73,0.0,,,,,,,,,,,,,,,,,,,,,,,,,,,"rgba(239, 83, 80, 1.0)",0.0,0.0,0.1214010923559752,20.79826013573065,-0.5622695348613195,0.0,0.0,0.0,0.0,0.0,0.0,0.0,0.0,19.24071099837901,-16.086013299535765,False,True,False,True,False,7.937041519650599,0,,,False,False,False,False,,,False,False,False,False,180.0,69.30064025969808,False,False,False,False,2.410379580061124,False,False,False,False
2025-05-05 16:00:00+00:00,20.73,20.73,20.73,20.73,0.0,,,,,,,,,,,,,,,,,,,,,,,,,,,"rgba(239, 83, 80, 1.0)",0.0,0.0,0.12093580308770109,20.79826013573065,-0.5644328146657188,0.0,0.0,0.0,0.0,0.0,0.0,0.0,0.0,18.14769603753233,-17.840332321513458,False,True,False,True,False,7.937041519650599,0,,,False,False,False,False,,,False,False,False,False,180.0,71.01690940295859,False,False,False,False,2.3730093540136643,False,False,False,False
2025-05-05 17:00:00+00:00,20.73,20.73,20.73,20.73,0.0,,,,,,,,,,,,,,,,,,,,,,,,,,,"rgba(239, 83, 80, 1.0)",0.0,0.0,0.12043939824097151,20.79826013573065,-0.5667591894977543,0.0,0.0,0.0,0.0,0.0,0.0,0.0,0.0,17.419019396967876,-19.479854762783475,False,True,False,True,False,7.937041519650599,0,,,False,False,False,False,,,False,False,False,False,180.0,72.70656972229257,False,False,False,False,2.336218511315778,False,False,False,False
2025-05-05 18:00:00+00:00,20.73,20.73,20.73,20.73,0.0,,,,,,,,,,,,,,,,,,,,,,,,,,,"rgba(239, 83, 80, 1.0)",0.0,0.0,0.11991149138328816,20.79826013573065,-0.5692543303665686,0.0,0.0,0.0,0.0,0.0,0.0,0.0,0.0,16.933234969924907,-21.024047093183658,False,True,False,True,False,7.937041519650599,0,,,False,False,False,False,,,False,False,False,False,180.0,74.37003375760587,False,False,False,False,2.2999980692798743,False,False,False,False
2025-05-05 19:00:00+00:00,20.73,20.73,20.73,20.73,0.0,,,,,,,,,,,,,,,,,,,,,,,,,,,"rgba(239, 83, 80, 1.0)",0.0,0.0,0.11935166450376128,20.79826013573065,-0.5719244554691493,0.0,0.0,0.0,0.0,0.0,0.0,0.0,0.0,16.609378685229593,-22.47460752503371,False,True,False,True,False,7.937041519650599,0,,,False,False,False,False,,,False,False,False,False,180.0,76.00770765283679,False,False,False,False,2.2643391844848373,False,False,False,False
2025-05-06 14:00:00+00:00,20.73,20.73,20.73,20.73,0.0,,,,,,,,,,,,,,,,,,,,,,,,,,,"rgba(239, 83, 80, 1.0)",0.0,0.0,0.1187594661945284,20.79826013573065,-0.5747763771423486,0.0,0.0,0.0,0.0,0.0,0.0,0.0,0.0,16.39347449543272,-23.8266525016194,False,True,False,True,False,7.937041519650599,0,,,False,False,False,False,,,False,False,False,False,180.0,77.61999125511839,False,False,False,False,2.2292331506168552,False,False,False,False
2025-05-06 15:00:00+00:00,20.73,20.73,20.73,20.73,0.0,,,,,,,,,,,,,,,,,,,,,,,,,,,"rgba(239, 83, 80, 1.0)",0.0,0.0,0.11813440963045953,20.79826013573065,-0.5778175549713012,0.0,0.0,0.0,0.0,0.0,0.0,0.0,0.0,16.24953836890147,-25.074520039160284,False,True,False,True,False,7.937041519650599,0,,,False,False,False,False,,,False,False,False,False,180.0,79.20727821240338,False,False,False,False,2.1946713963437254,False,False,False,False
2025-05-06 16:00:00+00:00,20.73,20.73,20.73,20.73,0.0,,,,,,,,,,,,,,,,,,,,,,,,,,,"rgba(239, 83, 80, 1.0)",0.0,0.0,0.11747597032415613,20.79826013573065,-0.5810561559295688,0.0,0.0,0.0,0.0,0.0,0.0,0.0,0.0,16.153580951213968,-26.214435481802727,False,True,False,True,False,7.937041519650599,0,,,False,False,False,False,,,False,False,False,False,180.0,80.76995606957543,False,False,False,False,2.160645483222117,False,False,False,False
2025-05-06 17:00:00+00:00,20.73,20.73,20.61,20.66,77.0,,,,,,,,,,,,,,,,,,,,,,,,,,,"rgba(239, 83, 80, 1.0)",0.0,0.0,0.11685106405664242,20.679141914191423,-0.1638146331482575,0.0,0.0,0.0,0.0,0.0,0.0,0.0,0.0,12.457309983513428,-30.514491831383708,False,True,False,True,False,0.0,0,,,False,False,False,False,,,False,False,False,False,103.0,81.11460791345799,False,False,False,False,3.320945553249681,False,False,False,False
2025-05-06 18:00:00+00:00,20.66,20.665,20.66,20.665,0.0,,,,,,,,,,,,,,,,,,,,,,,,,,,"rgba(239, 83, 80, 1.0)",0.0,0.0,0.11619116742414516,20.679141914191423,-0.12171247182498524,0.0,0.0,0.0,0.0,0.0,0.0,0.0,0.0,11.638867863945235,-31.91864031080268,False,True,False,True,False,0.0,0,,,False,False,False,False,,,False,False,False,False,103.0,81.45391631790051,False,False,False,False,3.2694580252923218,False,False,False,False
2025-05-06 19:00:00+00:00,20.665,20.68,20.665,20.68,0.0,,,,,,,,,,,,,,,,,,,,,,,,,,,"rgba(239, 83, 80, 1.0)",0.0,0.0,0.11546174437627693,20.679141914191423,0.007431775894366816,0.0,0.0,0.0,0.0,0.0,0.0,0.0,0.0,15.57253655416215,-31.91864031080268,False,True,False,True,True,0.0,0,,,False,False,False,False,,,False,False,False,False,103.0,81.7879641269253,False,False,False,False,3.218768753582363,False,False,False,False
2025-05-07 14:00:00+00:00,20.68,20.68,20.68,20.68,0.0,,,,,,,,,,,,,,,,,,,,,,,,,,,"rgba(239, 83, 80, 1.0)",0.0,0.0,0.11471496206912501,20.679141914191423,0.007480155971808561,0.0,0.0,0.0,0.0,0.0,0.0,0.0,0.0,18.194982347640092,-37.86935858508108,False,True,False,True,True,0.0,0,,,False,False,False,False,,,False,False,False,False,103.0,82.11683290015127,False,False,False,False,3.168865362053954,False,False,False,False
2025-05-07 15:00:00+00:00,20.68,20.68,20.68,20.68,0.0,,,,,,,,,,,,,,,,,,,,,,,,,,,"rgba(239, 83, 80, 1.0)",0.0,0.0,0.11395047920789952,20.679141914191423,0.007530339622456559,0.0,0.0,0.0,0.0,0.0,0.0,0.0,0.0,19.943279543292057,-35.96437922001313,False,True,False,True,True,0.0,0,,,False,False,False,False,,,False,False,False,False,103.0,82.44060293270707,False,False,False,False,3.119735666518234,False,False,False,False
2025-05-07 16:00:00+00:00,20.68,20.68,20.68,20.68,0.0,,,,,,,,,,,,,,,,,,,,,,,,,,,"rgba(239, 83, 80, 1.0)",0.0,0.0,0.11316793707574672,20.679141914191423,0.007582410979205314,0.0,0.0,0.0,0.0,0.0,0.0,0.0,0.0,21.108811007060034,-34.57881796366351,False,True,False,True,True,0.0,0,,,False,False,False,False,,,False,False,False,False,103.0,82.75935327483565,False,False,False,False,3.0713676716884937,False,False,False,False
2025-05-07 17:00:00+00:00,20.68,20.68,20.68,20.68,0.0,,,,,,,,,,,,,,,,,,,,,,,,,,,"rgba(239, 83, 80, 1.0)",0.0,0.0,0.11236695837002744,20.679141914191423,0.00763646022838367,0.0,0.0,0.0,0.0,0.0,0.0,0.0,0.0,21.88583198290535,-33.511174859321535,False,True,False,True,True,0.0,0,,,False,False,False,False,,,False,False,False,False,103.0,83.07316175119479,False,False,False,False,3.023749568251463,False,False,False,False
2025-05-07 18:00:00+00:00,20.68,20.68,20.68,20.68,0.0,,,,,,,,,,,,,,,,,,,,,,,,,,,"rgba(239, 83, 80, 1.0)",0.0,0.0,0.11154714593284702,20.679141914191423,0.007692584166104421,0.0,0.0,0.0,0.0,0.0,0.0,0.0,0.0,22.40384596680223,-32.64308383788741,False,True,False,True,True,0.0,0,,,False,False,False,False,,,False,False,False,False,103.0,83.38210497985844,False,False,False,False,2.9768697299839983,False,False,False,False
2025-05-07 19:00:00+00:00,20.68,20.68,20.68,20.68,0.0,,,,,,,,,,,,,,,,,,,,,,,,,,,"rgba(239, 83, 80, 1.0)",0.0,0.0,0.11070808136390652,20.679141914191423,0.007750886818791122,0.0,0.0,0.0,0.0,0.0,0.0,0.0,0.0,22.74918862273348,-31.906348951337858,False,True,False,True,True,0.0,0,,,False,False,False,False,,,False,False,False,False,103.0,83.68625839102343,False,False,False,False,2.9307167109144787,False,False,False,False
2025-05-08 14:00:00+00:00,20.68,20.68,20.68,20.68,0.0,,,,,,,,,,,,,,,,,,,,,,,,,,,"rgba(239, 83, 80, 1.0)",0.0,0.0,0.10984932350211313,20.679141914191423,0.0078114801367953025,0.0,0.0,0.0,0.0,0.0,0.0,0.0,0.0,22.97941706002098,-31.26243082722054,False,True,False,True,True,0.0,0,,,False,False,False,False,,,False,False,False,False,103.0,83.98569624542617,False,False,False,False,2.8852792425282074,False,False,False,False
2025-05-08 15:00:00+00:00,20.68,20.68,20.68,20.68,0.0,,,,,,,,,,,,,,,,,,,,,,,,,,,"rgba(239, 83, 80, 1.0)",0.0,0.0,0.10897040676049409,20.679141914191423,0.007874484771476937,0.0,0.0,0.0,0.0,0.0,0.0,0.0,0.0,23.132902684879316,-30.689858449787298,False,True,False,True,True,0.0,0,,,False,False,False,False,,,False,False,False,False,103.0,84.28049165247383,False,False,False,False,2.840546231016142,False,False,False,False
2025-05-08 16:00:00+00:00,20.68,20.68,20.68,20.68,0.0,,,,,,,,,,,,,,,,,,,,,,,,,,,"rgba(239, 83, 80, 1.0)",0.0,0.0,0.10807083929675133,20.679141914191423,0.007940030947857666,0.0,0.0,0.0,0.0,0.0,0.0,0.0,0.0,23.23522643478487,-30.176641107837693,False,True,False,True,True,0.0,0,,,False,False,False,False,,,False,False,False,False,103.0,84.5707165880944,False,False,False,False,2.796506754566279,False,False,False,False
2025-05-08 17:00:00+00:00,20.68,20.68,20.68,20.68,0.0,,,,,,,,,,,,,,,,,,,,,,,,,,,"rgba(239, 83, 80, 1.0)",0.0,0.0,0.10715010099921538,20.679141914191423,0.008008259447029747,0.0,0.0,0.0,0.0,0.0,0.0,0.0,0.0,23.303442268055242,-29.715800257281263,False,True,False,True,True,0.0,0,,,False,False,False,False,,,False,False,False,False,103.0,84.85644191230999,False,False,False,False,2.7531500606970343,False,False,False,False
2025-05-08 18:00:00+00:00,20.68,20.68,20.68,20.68,0.0,,,,,,,,,,,,,,,,,,,,,,,,,,,"rgba(239, 83, 80, 1.0)",0.0,0.0,0.10620764126493412,20.679141914191423,0.008079322714988743,0.0,0.0,0.0,0.0,0.0,0.0,0.0,0.0,23.348919490235488,-29.302821045242503,False,True,False,True,True,0.0,0,,,False,False,False,False,,,False,False,False,False,103.0,85.13773738653775,False,False,False,False,2.710465563631964,False,False,False,False
2025-05-08 19:00:00+00:00,20.68,20.68,20.68,20.68,0.0,,,,,,,,,,,,,,,,,,,,,,,,,,,"rgba(239, 83, 80, 1.0)",0.0,0.0,0.10524287654307486,20.679141914191423,0.008153386117548319,0.0,0.0,0.0,0.0,0.0,0.0,0.0,0.0,23.379237638355654,-28.934263817005785,False,True,False,True,True,0.0,0,,,False,False,False,False,,,False,False,False,False,103.0,85.41467169062244,False,False,False,False,2.6684428417151893,False,False,False,False
2025-05-09 14:00:00+00:00,20.68,20.68,20.68,20.68,0.0,,,,,,,,,,,,,,,,,,,,,,,,,,,"rgba(239, 83, 80, 1.0)",0.0,0.0,0.10425518761261685,20.679141914191423,0.008230629364608362,0.0,0.0,0.0,0.0,0.0,0.0,0.0,0.0,23.39944973710243,-28.60705985864464,False,True,False,True,True,0.0,0,,,False,False,False,False,,,False,False,False,False,103.0,85.68731243960504,False,False,False,False,2.627071634866892,False,False,False,False
2025-05-09 15:00:00+00:00,20.68,20.68,20.64,20.64,200.0,,,,,,,,,,,,,,,,,,,,,,,,,,,"rgba(239, 83, 80, 1.0)",0.0,0.0,0.10356592538522826,20.657438286337957,-0.1683786078586379,0.0,0.0,0.0,0.0,0.0,0.0,0.0,0.0,18.143763135764583,-29.600893782337646,False,True,False,True,False,0.0,0,,,False,False,False,False,,,False,False,False,False,-97.0,82.85495100643287,False,False,False,False,5.687117035876708,False,False,False,False
2025-05-09 16:00:00+00:00,20.64,20.64,20.64,20.64,0.0,,,,,,,,,,,,,,,,,,,,,,,,,,,"rgba(239, 83, 80, 1.0)",0.0,0.0,0.10286766623557908,20.657438286337957,-0.16952155109673206,0.0,0.0,0.0,0.0,0.0,0.0,0.0,0.0,14.639972068206019,-32.68526603527981,False,True,False,True,False,0.0,0,,,False,False,False,False,,,False,False,False,False,-97.0,80.06650215361995,False,False,False,False,5.598944678731332,False,False,False,False
2025-05-09 17:00:00+00:00,20.64,20.64,20.64,20.64,0.0,,,,,,,,,,,,,,,,,,,,,,,,,,,"rgba(239, 83, 80, 1.0)",0.0,0.0,0.10216022568352828,20.657438286337957,-0.1706954562921247,0.0,0.0,0.0,0.0,0.0,0.0,0.0,0.0,12.304111356500309,-34.626103110321026,False,True,False,True,False,0.0,0,,,False,False,False,False,,,False,False,False,False,-97.0,77.32128506596693,False,False,False,False,5.512139334875032,False,False,False,False
2025-05-09 18:00:00+00:00,20.64,20.64,20.64,20.64,0.0,,,,,,,,,,,,,,,,,,,,,,,,,,,"rgba(239, 83, 80, 1.0)",0.0,0.0,0.10144341164296215,20.657438286337957,-0.17190161544775015,0.0,0.0,0.0,0.0,0.0,0.0,0.0,0.0,10.746870882029835,-35.89759583120632,False,True,False,True,False,0.0,0,,,False,False,False,False,,,False,False,False,False,-97.0,74.61862948354884,False,False,False,False,5.426679810303326,False,False,False,False
2025-05-09 19:00:00+00:00,20.64,20.64,20.64,20.64,0.0,,,,,,,,,,,,,,,,,,,,,,,,,,,"rgba(239, 83, 80, 1.0)",0.0,0.0,0.10071702397766036,20.657438286337957,-0.17314139804035727,0.0,0.0,0.0,0.0,0.0,0.0,0.0,0.0,9.708710565716187,-36.783282885064644,False,True,False,True,False,0.0,0,,,False,False,False,False,,,False,False,False,False,-97.0,71.95787553806747,False,False,False,False,5.342545239600948,False,False,False,False
2025-05-12 14:00:00+00:00,20.64,20.64,20.64,20.64,0.0,,,,,,,,,,,,,,,,,,,,,,,,,,,"rgba(239, 83, 80, 1.0)",0.0,0.0,0.0999808540230021,20.657438286337957,-0.17441625707602337,0.0,0.0,0.0,0.0,0.0,0.0,0.0,0.0,9.016603688173754,-37.44891644885019,False,True,False,True,False,0.0,0,,,False,False,False,False,,,False,False,False,False,-97.0,69.33837359174085,False,False,False,False,5.259715080847445,False,False,False,False
2025-05-12 15:00:00+00:00,20.64,20.64,20.64,20.64,0.0,,,,,,,,,,,,,,,,,,,,,,,,,,,"rgba(239, 83, 80, 1.0)",0.0,0.0,0.09923468407023928,20.657438286337957,-0.1757277357341442,0.0,0.0,0.0,0.0,0.0,0.0,0.0,0.0,8.555199103145466,-37.988616849090285,False,True,False,True,False,0.0,0,,,False,False,False,False,,,False,False,False,False,-97.0,66.7594840786906,False,False,False,False,5.178169110601748,False,False,False,False
2025-05-12 16:00:00+00:00,20.64,20.64,20.64,20.64,0.0,,,,,,,,,,,,,,,,,,,,,,,,,,,"rgba(239, 83, 80, 1.0)",0.0,0.0,0.0991115033186752,20.657438286337957,-0.1759461389853671,0.0,0.0,0.0,0.0,0.0,0.0,0.0,0.0,8.24759604645994,-38.45381628375338,False,True,False,True,False,0.0,0,,,False,False,False,False,,,False,False,False,False,-97.0,64.22057734878842,False,False,False,False,5.097887418964511,False,False,False,False
2025-05-12 17:00:00+00:00,20.64,20.645,20.625,20.63,65.0,,,,,,,,,,,,,,,,,,,,,,,,,,,"rgba(239, 83, 80, 1.0)",0.0,0.0,0.0991115033186752,20.652588730736692,-0.22791230059404113,0.0,0.0,0.0,0.0,0.0,0.0,0.0,0.0,7.274303631097103,-39.56258464627705,False,True,False,True,False,0.0,0,,,False,False,False,False,,,False,False,False,False,-162.0,60.71328157593899,False,False,False,False,6.026602342701495,False,False,False,False
2025-05-12 18:00:00+00:00,20.63,20.63,20.605,20.605,0.0,,,,,,,,,,,,,,,,,,,,,,,,,,,"rgba(239, 83, 80, 1.0)",0.0,0.0,0.09947827867391755,20.652588730736692,-0.4783831341984126,0.0,0.0,0.0,0.0,0.0,0.0,0.0,0.0,5.809868942827819,-41.093804940807374,False,True,False,True,False,0.0,0,,,False,False,False,False,,,False,False,False,False,-162.0,57.26036248173839,False,False,False,False,5.933166647465813,False,False,False,False
2025-05-12 19:00:00+00:00,20.605,20.605,20.605,20.605,0.0,,,,,,,,,,,,,,,,,,,,,,,,,,,"rgba(239, 83, 80, 1.0)",0.0,0.0,0.09984257879551292,20.652588730736692,-0.47663763607466536,0.0,0.0,0.0,0.0,0.0,0.0,0.0,0.0,4.833579150648296,-42.1390615864306,False,True,False,True,False,0.0,0,,,False,False,False,False,,,False,False,False,False,-162.0,53.86097701690524,False,False,False,False,5.8411795676601415,False,False,False,False
2025-05-13 14:00:00+00:00,20.605,20.605,20.605,20.605,0.0,,,,,,,,,,,,,,,,,,,,,,,,,,,"rgba(239, 83, 80, 1.0)",0.0,0.0,0.10020443068011309,20.652588730736692,-0.47491643247404236,0.0,0.0,0.0,0.0,0.0,0.0,0.0,0.0,4.18271928919528,-42.890068618459125,False,True,False,True,False,0.0,0,,,False,False,False,False,,,False,False,False,False,-162.0,50.51429520268965,False,False,False,False,5.750618644130527,False,False,False,False
2025-05-13 15:00:00+00:00,20.605,20.605,20.605,20.605,0.0,,,,,,,,,,,,,,,,,,,,,,,,,,,"rgba(239, 83, 80, 1.0)",0.0,0.0,0.10056386075567975,20.652588730736692,-0.4732190110750499,0.0,0.0,0.0,0.0,0.0,0.0,0.0,0.0,3.748812714893269,-43.46176720819309,False,True,False,True,False,0.0,0,,,False,False,False,False,-0.30622615831705247,-0.30622615831705247,False,False,False,False,-162.0,47.21949992822935,False,False,False,False,5.661461765926953,False,False,False,False
2025-05-13 16:00:00+00:00,20.605,20.605,20.605,20.605,0.0,,,,,,,,,,,,,,,,,,,,,,,,,,,"rgba(239, 83, 80, 1.0)",0.0,0.0,0.10092089489805704,20.652588730736692,-0.4715448746739956,0.0,0.0,0.0,0.0,0.0,0.0,0.0,0.0,3.4595416653585955,-43.92187484572729,False,True,False,True,False,0.0,0,1.021897810218979,0.978102189781021,False,False,False,False,-0.30622615831705247,-0.30622615831705247,False,False,False,False,-162.0,43.9757867510475,False,False,False,False,5.57368716490483,False,False,False,False
2025-05-13 17:00:00+00:00,20.605,20.605,20.58,20.58,0.0,,,,,,,,,,,,,,,,,,,,,,,,,,,"rgba(239, 83, 80, 1.0)",0.0,0.0,0.10171094885564072,20.652588730736692,-0.7136766646403011,0.0,0.0,0.0,0.0,0.0,0.0,0.0,0.0,2.8318307080238507,-44.70089346320482,False,True,False,True,False,0.0,0,0.9859154929577443,0.978873239436619,False,False,False,False,-0.33666857770503616,-0.32144736801104434,False,False,False,False,-162.0,40.782363700643664,False,False,False,False,5.4872734104101815,False,False,False,False
2025-05-13 18:00:00+00:00,20.58,20.58,20.58,20.58,0.0,,,,,,,,,,,,,,,,,,,,,,,,,,,"rgba(239, 83, 80, 1.0)",0.0,0.0,0.10249051812877107,20.652588730736692,-0.7082482561507986,0.0,0.0,0.0,0.0,0.0,0.0,0.0,0.0,2.413356736467354,-45.273047973247905,False,True,False,True,False,0.0,0,0.9859154929577443,1.0140845070422557,False,False,False,False,-0.34282825441539394,-0.33213781121321917,False,False,False,False,-162.0,37.63845108512981,False,False,False,False,5.4021994040472325,False,False,False,False
2025-05-13 19:00:00+00:00,20.58,20.58,20.58,20.58,0.0,,,,,,,,,,,,,,,,,,,,,,,,,,,"rgba(239, 83, 80, 1.0)",0.0,0.0,0.10325984018287183,20.652588730736692,-0.7029715580436714,0.0,0.0,0.0,0.0,0.0,0.0,0.0,0.0,2.134374088763023,-45.71503171242461,False,True,False,True,False,0.0,0,0.9859154929577443,1.0140845070422557,False,False,False,False,-0.34282825441539394,-0.3374830328143066,False,False,False,False,-162.0,34.54328130086423,False,False,False,False,5.31844437452712,False,False,False,False
2025-05-14 14:00:00+00:00,20.58,20.58,20.58,20.58,0.0,,,,,,,,,,,,,,,,,,,,,,,,,,,"rgba(239, 83, 80, 1.0)",0.0,0.0,0.10401914238244621,20.652588730736692,-0.6978401193677181,0.0,0.0,0.0,0.0,0.0,0.0,0.0,0.0,1.9483856569601357,-46.07276576754202,False,True,False,True,False,0.0,0,0.9859154929577443,1.0140845070422557,False,False,False,False,-0.34282825441539394,-0.3401556436148503,False,False,False,False,-162.0,31.496098645036877,False,False,False,False,5.235987872596467,False,False,False,False
2025-05-14 15:00:00+00:00,20.58,20.58,20.58,20.58,0.0,,,,,,,,,,,,,,,,,,,,,,,,,,,"rgba(239, 83, 80, 1.0)",0.0,0.0,0.10476864258195817,20.652588730736692,-0.6928478688640962,0.0,0.0,0.0,0.0,0.0,0.0,0.0,0.0,1.8243933690915441,-46.37342996856496,False,True,False,True,False,0.0,0,0.9859154929577443,1.0140845070422557,False,False,False,False,-0.34282825441539394,-0.34149194901512214,False,False,False,False,-162.0,28.496159131160336,False,False,False,False,5.1548097660445835,False,False,False,False
2025-05-14 16:00:00+00:00,20.58,20.58,20.58,20.58,0.0,,,,,,,,,,,,,,,,,,,,,,,,,,,"rgba(239, 83, 80, 1.0)",0.0,0.0,0.10550854967277143,20.652588730736692,-0.687989086778499,0.0,0.0,0.0,0.0,0.0,0.0,0.0,0.0,1.7417318438458165,-46.63298243219864,False,True,False,True,False,0.0,0,0.9859154929577443,1.0140845070422557,False,False,False,False,-0.34282825441539394,-0.342160101715258,False,False,False,False,-162.0,25.542730307421415,False,False,False,False,5.074890234788078,False,False,False,False
2025-05-14 17:00:00+00:00,20.58,20.58,20.58,20.58,0.0,,,,,,,,,,,,,,,,,,,,,,,,,,,"rgba(239, 83, 80, 1.0)",0.0,0.0,0.10623906409008106,20.652588730736692,-0.6832583791885184,0.0,0.0,0.0,0.0,0.0,0.0,0.0,0.0,1.6866241603486647,-46.86080097687259,False,True,False,True,False,0.0,0,0.9859154929577443,1.0140845070422557,False,False,False,False,-0.34282825441539394,-0.342494178065326,False,False,False,False,-162.0,22.635091077848987,False,False,False,False,4.996209766031673,False,False,False,False
2025-05-14 18:00:00+00:00,20.58,20.58,20.58,20.58,0.0,,,,,,,,,,,,,,,,,,,,,,,,,,,"rgba(239, 83, 80, 1.0)",0.0,0.0,0.10696037828336306,20.652588730736692,-0.6786506545852838,0.0,0.0,0.0,0.0,0.0,0.0,0.0,0.0,1.6498857046838968,-47.062503532635176,False,True,False,True,False,0.0,0,0.9859154929577443,1.0140845070422557,False,False,False,False,-0.34282825441539394,-0.34266121624035994,False,False,False,False,-162.0,19.772531526254426,False,False,False,False,4.91874914950405,False,False,False,False
2025-05-14 19:00:00+00:00,20.58,20.58,20.55,20.55,1.0,,,,,,,,,,,,,,,,,,,,,,,,,,,"rgba(239, 83, 80, 1.0)",0.0,0.0,0.10824571647475345,20.64725751569604,-0.8984883546752015,0.0,0.0,0.0,0.0,0.0,0.0,0.0,0.0,1.3193976749240528,-47.51702421398888,False,True,False,True,False,0.0,0,0.9459459459459469,1.0135135135135156,False,False,False,False,-0.34282825441539394,-0.34274473532787697,False,False,False,False,-163.0,16.93884886693265,False,False,False,False,4.857993348736545,False,False,False,False
2025-05-15 14:00:00+00:00,20.55,20.55,20.55,20.55,0.0,,,,,,,,,,,,,,,,,,,,,,,,,,,"rgba(239, 83, 80, 1.0)",0.0,0.0,0.10950544023672519,20.64725751569604,-0.8881523647207987,0.0,0.0,0.0,0.0,0.0,0.0,0.0,0.0,1.0990723217508234,-47.84124105330834,False,True,False,True,False,0.0,0,0.9459459459459469,1.054054054054053,False,False,False,False,-0.34282825441539394,-0.3427864948716355,False,False,False,False,-163.0,14.149099272096482,False,False,False,False,4.782675622399545,False,False,False,False
2025-05-15 15:00:00+00:00,20.55,20.55,20.55,20.55,0.0,,,,,,,,,,,,,,,,,,,,,,,,,,,"rgba(239, 83, 80, 1.0)",0.0,0.0,0.11074042370082826,20.64725751569604,-0.8782476393515204,0.0,0.0,0.0,0.0,0.0,0.0,0.0,0.0,0.9521887529686704,-48.0823142813435,False,True,False,True,False,0.0,0,0.9459459459459469,1.054054054054053,False,False,False,False,-0.34282825441539394,-0.34280737464351474,False,False,False,False,-163.0,11.402601608963202,False,False,False,False,4.7085256127499395,False,False,False,False
2025-05-15 16:00:00+00:00,20.55,20.55,20.55,20.55,0.0,,,,,,,,,,,,,,,,,,,,,,,,,,,"rgba(239, 83, 80, 1.0)",0.0,0.0,0.11095803118603959,20.64725751569604,-0.8765252470366132,0.0,0.0,0.0,0.0,0.0,0.0,0.0,0.0,0.8542663737805686,-48.26934568316223,False,True,False,True,False,0.0,0,0.9459459459459469,1.054054054054053,False,False,False,False,-0.34282825441539394,-0.34281781452945437,False,False,False,False,-163.0,8.698685304948267,False,False,False,False,4.6355252156530415,False,False,False,False
2025-05-15 17:00:00+00:00,20.55,20.55,20.55,20.55,0.0,,,,,,,,,,,,,,,,,,,,,,,,,,,"rgba(239, 83, 80, 1.0)",0.0,0.0,0.1110142836357941,20.64725751569604,-0.8760810997539152,0.0,0.0,0.0,0.0,0.0,0.0,0.0,0.0,0.7889847876551673,-48.42018440288098,False,True,False,True,False,0.0,0,0.9459459459459469,1.054054054054053,False,False,False,False,-0.34282825441539394,-0.3428230344724241,False,False,False,False,-163.0,6.0366901839413165,False,False,False,False,4.56365660765842,False,False,False,False
2025-05-15 18:00:00+00:00,20.55,20.55,20.55,20.55,0.0,,,,,,,,,,,,,,,,,,,,,,,,,,,"rgba(239, 83, 80, 1.0)",0.0,0.0,0.11090942656464416,20.64725751569604,-0.8769093728868259,0.0,0.0,0.0,0.0,0.0,0.0,0.0,0.0,0.7454637302382331,-48.54574315243451,False,True,False,True,False,0.0,0,0.9459459459459469,1.054054054054053,False,False,False,False,-0.34282825441539394,-0.34282564444390906,False,False,False,False,-163.0,3.415966305120521,False,False,False,False,4.4929022416482125,False,False,False,False
2025-05-15 19:00:00+00:00,20.55,20.55,20.55,20.55,0.0,,,,,,,,,,,,,,,,,,,,,,,,,,,"rgba(239, 83, 80, 1.0)",0.0,0.0,0.11064300192000892,20.64725751569604,-0.8790209413005028,0.0,0.0,0.0,0.0,0.0,0.0,0.0,0.0,0.716449691960277,-48.65271163454519,False,True,False,True,False,0.0,0,0.9459459459459469,1.054054054054053,False,False,False,False,-0.34282825441539394,-0.34282694942965153,False,False,False,False,-163.0,0.835873804265939,False,False,False,False,4.423244842552891,False,False,False,False
2025-05-16 14:00:00+00:00,20.55,20.7,20.55,20.68,0.0,,,,,,,,,,,,,,,,,,,,,,,,,,,"rgba(38, 166, 154, 1.0)",0.0,0.0,0.1089290619648298,20.64725751569604,0.3005853875298318,-1.0,20.7,20.55,189.0,0.0,0.0,0.0,0.0,28.908957964104694,-24.466007145611556,True,False,False,True,True,6.488961617204989,0,0.9550561797752817,0.8764044943820227,False,False,False,False,-0.1865460019453738,-0.2646864756875127,False,False,False,False,-163.0,-1.7042172624668663,False,False,False,False,4.354667403133466,False,False,False,True
2025-05-16 15:00:00+00:00,20.68,20.68,20.68,20.68,0.0,,,,,,,,,,,,,,,,,,,,,,,,,,,"rgba(38, 166, 154, 1.0)",0.0,0.0,0.10654792095323397,20.64725751569604,0.30730289254851595,0.0,0.0,0.0,0.0,0.0,0.0,0.0,0.0,47.703963478867635,-9.171744497118162,True,False,True,False,True,6.488961617205,0,1.1011235955056182,0.8988764044943819,False,False,False,False,-0.07780374683349502,-0.17124511126050385,False,False,False,False,-163.0,-4.204927072351101,False,False,False,False,4.287153179829072,False,False,False,True
2025-05-16 16:00:00+00:00,20.68,20.68,20.68,20.68,0.0,,,,,,,,,,,,,,,,,,,,,,,,,,,"rgba(38, 166, 154, 1.0)",0.0,0.0,0.10403598649738256,20.64725751569604,0.314722678241564,0.0,0.0,0.0,0.0,0.0,0.0,0.0,0.0,60.23396715537627,0.1398116963665359,True,False,True,False,True,6.488961617205,0,1.1011235955056182,0.8988764044943819,False,False,False,False,-0.07780374683349502,-0.12452442904699942,False,False,False,False,-163.0,-6.666866187508448,False,False,False,False,4.220685688668931,False,False,False,True
2025-05-16 17:00:00+00:00,20.68,20.68,20.68,20.68,0.0,,,,,,,,,,,,,,,,,,,,,,,,,,,"rgba(38, 166, 154, 1.0)",0.0,0.0,0.1013835372317352,20.64725751569604,0.322956617987386,0.0,0.0,0.0,0.0,0.0,0.0,0.0,0.0,68.58730293971536,6.001773731496776,True,False,True,False,True,6.488961617205,0,1.1011235955056182,0.8988764044943819,False,False,False,False,-0.07780374683349502,-0.10116408794024723,False,False,False,False,-163.0,-9.090635703981185,False,False,False,False,4.155248701247707,False,False,False,True
2025-05-16 18:00:00+00:00,20.68,20.68,20.68,20.68,0.0,,,,,,,,,,,,,,,,,,,,,,,,,,,"rgba(38, 166, 154, 1.0)",0.0,0.0,0.0985792314073396,20.64725751569604,0.3321438383777217,0.0,0.0,0.0,0.0,0.0,0.0,0.0,0.0,74.15619346260809,9.922717170935314,True,False,True,False,True,6.488961617205,0,1.1011235955056182,0.8988764044943819,False,False,False,False,-0.07780374683349502,-0.08948391738687111,False,False,False,False,-163.0,-11.476827398493104,False,False,False,False,4.0908262407632465,False,False,False,True
2025-05-16 19:00:00+00:00,20.68,20.68,20.68,20.68,0.0,,,,,,,,,,,,,,,,,,,,,,,,,,,"rgba(38, 166, 154, 1.0)",0.0,0.0,0.09560970775090306,20.64725751569604,0.3424598304312897,0.0,0.0,0.0,0.0,0.0,0.0,0.0,0.0,77.86878714453657,12.778704402927183,True,False,True,False,True,6.488961617205,0,1.1011235955056182,0.8988764044943819,False,False,False,False,-0.07780374683349502,-0.08364383211018306,False,False,False,False,-163.0,-13.826023872935071,False,False,False,False,4.027402578115754,False,False,False,True
2025-05-19 14:00:00+00:00,20.68,20.68,20.68,20.68,0.0,,,,,,,,,,,,,,,,,,,,,,,,,,,"rgba(38, 166, 154, 1.0)",0.0,0.0,0.09245904864139844,20.64725751569604,0.3541295826106848,0.0,0.0,0.0,0.0,0.0,0.0,0.0,0.0,80.34384959915556,15.061635793789208,True,False,True,False,True,6.488961617205,0,1.1011235955056182,0.8988764044943819,False,False,False,False,-0.07780374683349502,-0.08072378947183903,False,False,False,False,-163.0,-16.138798696610497,False,False,False,False,3.9649622280674475,False,False,False,True
2025-05-19 15:00:00+00:00,20.68,20.68,20.68,20.68,0.0,,,,,,,,,,,,,,,,,,,,,,,,,,,"rgba(38, 166, 154, 1.0)",0.0,0.0,0.08910804252838223,20.64725751569604,0.3674470157228565,0.0,0.0,0.0,0.0,0.0,0.0,0.0,0.0,81.99389123556821,17.0349979379708,True,False,True,False,True,6.488961617205,0,1.1011235955056182,0.8988764044943819,False,False,False,False,-0.07780374683349502,-0.07926376815266703,False,False,False,False,-163.0,-18.41571654627545,False,False,False,False,3.9034899454617507,False,False,False,True
2025-05-19 16:00:00+00:00,20.68,20.68,20.585,20.585,20.0,,,,,,,,,,,,,,,,,,,,,,,,,,20.616666666666667,"rgba(239, 83, 80, 1.0)",0.0,0.0,0.08613837599941414,20.633710067710062,-0.5654862556312028,0.0,0.0,0.0,0.0,0.0,0.0,0.0,0.0,65.60853291230488,31.40068118535261,True,False,True,False,False,0.0,0,0.9949238578680213,0.9086294416243652,False,False,False,False,-0.17151528059539017,-0.12538952437402862,False,False,False,False,-183.0,-20.96741086338746,False,False,False,False,4.153048240880948,False,False,False,False
2025-05-19 17:00:00+00:00,20.585,20.585,20.585,20.585,20.0,,,,,,,,,,,,,,,,,,,,,,,,,,20.600833333333334,"rgba(239, 83, 80, 1.0)",0.0,0.0,0.08286056887247624,20.624623604248637,-0.4781961406711693,0.0,0.0,0.0,0.0,0.0,0.0,0.0,0.0,54.68496069679599,21.471063444760915,True,False,False,False,False,0.0,0,0.9949238578680213,1.0050761421319787,False,False,False,False,-0.26831779076874446,-0.19685365757138654,False,False,False,False,-183.0,-23.479544028296182,False,False,False,False,4.398737415440933,False,False,False,False
2025-05-19 18:00:00+00:00,20.585,20.585,20.585,20.585,0.0,,,,,,,,,,,,,,,,,,,,,,,,,,20.600833333333334,"rgba(239, 83, 80, 1.0)",0.0,0.0,0.07923638940159874,20.624623604248637,-0.50006827100373,0.0,0.0,0.0,0.0,0.0,0.0,0.0,0.0,47.40257921979006,14.881606869483974,True,False,False,True,False,0.0,0,0.9949238578680213,1.0050761421319787,False,False,False,False,-0.26831779076874446,-0.2325857241700655,False,False,False,False,-183.0,-25.952729392198567,False,False,False,False,4.330539936131771,False,False,False,False
2025-05-19 19:00:00+00:00,20.585,20.585,20.585,20.585,0.0,,,,,,,,,,,,,,,,,,,,,,,,,,20.600833333333334,"rgba(239, 83, 80, 1.0)",0.0,0.0,0.07521578567302664,20.624623604248637,-0.526799047488316,0.0,0.0,0.0,0.0,0.0,0.0,0.0,0.0,42.54765823511944,10.25648881439922,True,False,False,True,False,0.0,0,0.9949238578680213,1.0050761421319787,False,False,False,False,-0.26831779076874446,-0.25045175746940496,False,False,False,False,-183.0,-28.38757079697068,False,False,False,False,4.263399782083217,False,False,False,False
2025-05-20 14:00:00+00:00,20.585,20.585,20.585,20.585,0.0,,,,,,,,,,,,,,,,,,,,,,,,,,20.600833333333334,"rgba(239, 83, 80, 1.0)",0.0,0.0,0.07073118761124438,20.624623604248637,-0.5601999003101237,0.0,0.0,0.0,0.0,0.0,0.0,0.0,0.0,39.31104424533903,6.782256875360609,True,False,False,True,False,0.0,0,0.9949238578680213,1.0050761421319787,False,False,False,False,-0.26831779076874446,-0.2593847741190747,False,False,False,False,-183.0,-30.784662722599045,False,False,False,False,4.197300560655569,False,False,False,False
2025-05-20 15:00:00+00:00,20.585,20.585,20.585,20.585,0.0,,,,,,,,,,,,,,,,,,,,,,,,,,20.600833333333334,"rgba(239, 83, 80, 1.0)",0.0,0.0,0.06568763098834436,20.624623604248637,-0.6032125630419917,0.0,0.0,0.0,0.0,0.0,0.0,0.0,0.0,37.15330158548542,3.989364488766256,True,False,False,True,False,0.0,0,0.9949238578680213,1.0050761421319787,False,False,False,False,-0.26831779076874446,-0.26385128244390954,False,False,False,False,-183.0,-33.14459043232619,False,False,False,False,4.132226133358584,False,False,False,False
2025-05-20 16:00:00+00:00,20.585,20.585,20.585,20.585,0.0,,,,,,,,,,,,,,,,,,,,,,,,,,20.600833333333334,"rgba(239, 83, 80, 1.0)",0.0,0.0,0.05994419326592214,20.624623604248637,-0.6610082159727972,0.0,0.0,0.0,0.0,0.0,0.0,0.0,0.0,35.71480647891635,1.6147805516087743,True,False,False,True,False,0.0,0,0.9949238578680213,1.0050761421319787,False,False,False,False,-0.26831779076874446,-0.266084536606327,False,False,False,False,-183.0,-35.46793011554594,False,False,False,False,4.068160611911164,False,False,False,False
2025-05-20 17:00:00+00:00,20.585,20.585,20.585,20.585,0.0,,,,,,,,,,,,,,,,,,,,,,,,,,20.600833333333334,"rgba(239, 83, 80, 1.0)",0.0,0.0,0.05959888444444989,20.624623604248637,-0.6648380186640503,0.0,0.0,0.0,0.0,0.0,0.0,0.0,0.0,34.75580974120364,-0.48341232681693924,True,False,False,True,False,0.0,0,0.9949238578680213,1.0050761421319787,False,False,False,False,-0.26831779076874446,-0.26720116368753577,False,False,False,False,-183.0,-37.75524902848321,False,False,False,False,4.005088354362154,False,False,False,False
2025-05-20 18:00:00+00:00,20.65,20.67,20.65,20.67,0.0,,,,,,,,,,,,,,,,,,,,,,,,,,20.600833333333334,"rgba(38, 166, 154, 1.0)",0.0,0.0,0.058854148628679125,20.624623604248637,0.7709974030488916,0.0,0.0,0.0,0.0,0.0,0.0,0.0,0.0,47.22168663607633,-0.48341232681693924,True,False,False,False,True,4.709402654985109,0,0.9953271028037393,0.985981308411211,False,False,False,False,-0.117001637089308,-0.19210140038842188,False,False,False,False,-183.0,-40.00710563269278,False,False,False,False,3.9429939612712674,False,False,False,False
2025-05-20 19:00:00+00:00,20.67,20.67,20.67,20.67,0.0,,,,,,,,,,,,,,,,,,,,,,,,,,20.600833333333334,"rgba(38, 166, 154, 1.0)",0.0,0.0,0.058088701976314765,20.624623604248637,0.7811569927981346,0.0,0.0,0.0,0.0,0.0,0.0,0.0,0.0,55.532271232658125,-9.352447709143128,True,False,True,False,True,4.709402654985109,0,1.014018691588789,0.985981308411211,False,False,False,False,-0.09736540519194838,-0.14473340279018512,False,False,False,False,-183.0,-42.224049731410716,False,False,False,False,3.8818622719492324,False,False,False,False
2025-05-21 14:00:00+00:00,20.67,20.67,20.67,20.67,0.0,,,,,,,,,,,,,,,,,,,,,,,,,,20.600833333333334,"rgba(38, 166, 154, 1.0)",0.0,0.0,0.05730171451607951,20.624623604248637,0.7918854808198098,0.0,0.0,0.0,0.0,0.0,0.0,0.0,0.0,61.07266096371266,-3.8967049728308396,True,False,True,False,True,4.709402654985109,0,1.014018691588789,0.985981308411211,False,False,False,False,-0.09736540519194838,-0.12104940399106676,False,False,False,False,-183.0,-44.406622603791945,False,False,False,False,3.821678360756221,False,False,False,False
2025-05-21 15:00:00+00:00,20.67,20.67,20.67,20.67,0.0,,,,,,,,,,,,,,,,,,,,,,,,,,20.600833333333334,"rgba(38, 166, 154, 1.0)",0.0,0.0,0.05649228600768555,20.624623604248637,0.8032317145953665,0.0,0.0,0.0,0.0,0.0,0.0,0.0,0.0,64.76625411774901,-0.027870573371416185,True,False,True,False,True,4.709402654985109,0,1.014018691588789,0.985981308411211,False,False,False,False,-0.09736540519194838,-0.10920740459150757,False,False,False,False,-183.0,-46.55535713706649,False,False,False,False,3.7624275334576747,False,False,False,False
2025-05-21 16:00:00+00:00,20.67,20.67,20.67,20.67,0.0,,,,,,,,,,,,,,,,,,,,,,,,,,20.600833333333334,"rgba(38, 166, 154, 1.0)",0.0,0.0,0.055659437411536235,20.624623604248637,0.81525070790529,0.0,0.0,0.0,0.0,0.0,0.0,0.0,0.0,67.22864955377325,2.8922047037659837,True,False,True,False,True,4.709402654985109,0,1.014018691588789,0.985981308411211,False,False,False,False,-0.09736540519194838,-0.10328640489172797,False,False,False,False,-183.0,-48.67077795664685,False,False,False,False,3.704095323636625,False,False,False,False
2025-05-21 17:00:00+00:00,20.67,20.67,20.67,20.67,0.0,,,,,,,,,,,,,,,,,,,,,,,,,,20.600833333333334,"rgba(38, 166, 154, 1.0)",0.0,0.0,0.05480210096580238,20.624623604248637,0.828004674121543,0.0,0.0,0.0,0.0,0.0,0.0,0.0,0.0,68.87024651112274,5.236014857693235,True,False,True,False,True,4.709402654985109,0,1.014018691588789,0.985981308411211,False,False,False,False,-0.09736540519194838,-0.10032590504183816,False,False,False,False,-183.0,-50.75340155421822,False,False,False,False,3.6466674891616386,False,False,False,False
2025-05-21 18:00:00+00:00,20.67,20.67,20.67,20.67,0.0,,,,,,,,,,,,,,,,,,,,,,,,,,20.600833333333334,"rgba(38, 166, 154, 1.0)",0.0,0.0,0.0539191085818931,20.624623604248637,0.8415642792470648,0.0,0.0,0.0,0.0,0.0,0.0,0.0,0.0,69.96464448268907,7.215758744049872,True,False,True,False,True,4.70940265498513,0,1.014018691588789,0.985981308411211,False,False,False,False,-0.09736540519194838,-0.09884565511689328,False,False,False,False,-183.0,-52.80373641384274,False,False,False,False,3.59013000870952,False,False,False,False
2025-05-21 19:00:00+00:00,20.67,20.67,20.67,20.67,0.0,,,,,,,,,,,,,,,,,,,,,,,,,,20.600833333333334,"rgba(38, 166, 154, 1.0)",0.0,0.0,0.05300917819556022,20.624623604248637,0.8560101721246,0.0,0.0,0.0,0.0,0.0,0.0,0.0,0.0,70.69424313039995,8.948974342001037,True,False,True,False,True,4.709402654985109,0,1.014018691588789,0.985981308411211,False,False,False,False,-0.09736540519194838,-0.09810553015442083,False,False,False,False,-183.0,-54.822283136108744,False,False,False,False,3.5344690783419304,False,False,False,False
2025-05-22 14:00:00+00:00,20.67,20.67,20.47,20.47,0.0,,,,,,,,,,,,,,,,,,,,,,,,,,20.600833333333334,"rgba(239, 83, 80, 1.0)",0.0,0.0,0.055462267020548926,20.624623604248637,-2.7879063109942703,0.0,0.0,0.0,0.0,0.0,0.0,0.0,0.0,52.43406708629995,14.893227879419129,True,False,False,False,False,0.0,0,0.8543307086614182,0.9881889763779496,False,False,False,False,-0.2998512522687438,-0.19897839121158234,False,False,False,False,-183.0,-56.80953456035512,False,False,False,False,3.479671108135079,True,False,False,False
2025-05-22 15:00:00+00:00,20.47,20.49,20.47,20.49,1.0,,,,,,,,,,,,,,,,,,,,,,,,20.48333333333333,,20.597967479674796,"rgba(239, 83, 80, 1.0)",0.0,0.0,0.05687880271413725,20.52918699186992,-0.6889559906327317,1.0,20.49,20.47,0.0,0.0,0.0,0.0,0.0,42.52025176070816,5.929318537682725,False,False,False,True,False,0.0,0,0.8565891472868226,1.1279069767441854,False,False,False,False,-0.34282825441539394,-0.27090332281348817,False,False,False,False,-182.0,-58.75047200903178,False,False,False,False,3.441226594830659,False,False,False,False
2025-05-22 16:00:00+00:00,20.49,20.55,20.49,20.525,0.0,,,,,,,,,,,,,,,,,,,,,,,,20.48333333333333,,20.597967479674796,"rgba(239, 83, 80, 1.0)",0.0,0.0,0.05707652520717452,20.52918699186992,-0.07335751177430984,0.0,0.0,0.0,0.0,0.0,0.0,0.0,0.0,39.44081736341789,3.2294047387099454,False,False,False,True,False,0.0,0,0.8777777777777785,1.0777777777777753,False,False,False,False,-0.27213439233999076,-0.27151885757673944,False,False,False,False,-182.0,-60.661317404240584,False,False,False,False,3.3878742445232066,False,False,False,False
2025-05-22 17:00:00+00:00,20.525,20.525,20.515,20.515,0.0,,,,,,,,,,,,,,,,,,,,,,,,20.48333333333333,,20.597967479674796,"rgba(239, 83, 80, 1.0)",0.0,0.0,0.057394635151202016,20.52918699186992,-0.24718323990640245,0.0,0.0,0.0,0.0,0.0,0.0,0.0,0.0,36.92001056668619,0.6520283095629154,False,False,False,True,False,0.0,0,0.8970588235294139,1.0955882352941169,False,False,False,False,-0.27213439233999076,-0.27182662495836507,False,False,False,False,-182.0,-62.54253728944615,False,False,False,False,3.3353490624375755,False,False,False,False
2025-05-22 18:00:00+00:00,20.515,20.54,20.515,20.525,0.0,,,,,,,,,,,,,,,,,,,,,,,,20.48333333333333,,20.597967479674796,"rgba(239, 83, 80, 1.0)",0.0,0.0,0.057320577881281434,20.52918699186992,-0.07304517896860382,0.0,0.0,0.0,0.0,0.0,0.0,0.0,0.0,36.26797523261955,-0.5202887655579289,False,False,False,True,False,0.0,0,0.8989169675090273,1.0830324909747282,False,False,False,False,-0.25918876851169664,-0.26550769673503083,False,False,False,False,-182.0,-64.3945909748811,False,False,False,False,3.2836382242602484,False,False,False,False
2025-05-22 19:00:00+00:00,20.525,20.54,20.525,20.54,0.0,,,,,,,,,,,,,,,,,,,,,,,,20.48333333333333,,20.597967479674796,"rgba(239, 83, 80, 1.0)",0.0,0.0,0.056795587317449985,20.52918699186992,0.19038465206180485,0.0,0.0,0.0,0.0,0.0,0.0,0.0,0.0,37.3726138777962,-0.5202887655579289,False,False,False,True,False,0.0,0,0.9071428571428578,1.0821428571428562,False,False,False,False,-0.2506055729581505,-0.2580566348465907,False,False,False,False,-182.0,-66.21793064968914,False,False,False,False,3.2327291045042754,False,False,False,False
2025-05-23 14:00:00+00:00,20.54,20.575,20.54,20.56,0.0,,,,,,,,,,,,,,,,,,,,,,,,20.48333333333333,,20.597967479674796,"rgba(38, 166, 154, 1.0)",0.0,0.0,0.057066185692972886,20.52918699186992,0.539952123239112,0.0,0.0,0.0,0.0,1.0,20.55,20.54,0.0,40.047603383013495,-0.5202887655579289,False,False,False,True,False,0.0,0,0.9198606271777013,1.0557491289198595,False,False,False,False,-0.20820101278837583,-0.23312882381748326,False,False,False,False,-182.0,-68.01300149232961,False,False,False,False,3.1826092734266895,False,False,False,False
2025-05-23 15:00:00+00:00,20.565,20.59,20.55,20.585,0.0,,,,,,,,,,,,,,,,,,,,,,,,20.48333333333333,,20.597967479674796,"rgba(38, 166, 154, 1.0)",0.0,0.0,0.05697518030832773,20.52918699186992,0.9796021325082567,0.0,0.0,0.0,0.0,0.0,0.0,0.0,0.0,44.000896139760385,-0.5202887655579289,False,False,False,True,True,0.0,0,0.9268292682926851,1.073170731707315,False,False,False,False,-0.18728128261461588,-0.21020505321604957,False,False,False,False,-182.0,-69.78024177927023,False,False,False,False,3.1332664939937174,False,False,False,False
2025-05-23 16:00:00+00:00,20.58,20.585,20.56,20.57,0.0,,,,,,,,,,,,,,,,,,,,,,,,20.48333333333333,,20.597967479674796,"rgba(38, 166, 154, 1.0)",0.0,0.0,0.05681668007839231,20.52918699186992,0.7183279289421403,0.0,0.0,0.0,0.0,0.0,0.0,0.0,0.0,45.34770109586785,-0.5202887655579289,False,False,False,True,True,0.0,0,0.9075342465753439,1.0753424657534219,False,False,False,False,-0.1831172709910117,-0.19666116210353063,False,False,False,False,-182.0,-71.52008299199471,False,False,False,False,3.0846887188930396,False,False,False,False
2025-05-23 17:00:00+00:00,20.57,20.57,20.57,20.57,0.0,,,,,,,,,,,,,,,,,,,,,,,,20.48333333333333,,20.597967479674796,"rgba(38, 166, 154, 1.0)",0.0,0.0,0.05661924353728113,20.52918699186992,0.7208328048962055,0.0,0.0,0.0,0.0,0.0,0.0,0.0,0.0,46.24557106660615,-0.5202887655579289,False,False,False,True,True,0.0,0,0.914383561643838,1.085616438356162,False,False,False,False,-0.18728128261461588,-0.19197122235907327,False,False,False,False,-182.0,-73.23294992235138,False,False,False,False,3.0368640875923725,False,False,False,False
2025-05-23 18:00:00+00:00,20.57,20.57,20.57,20.57,0.0,,,,,,,,,,,,,,,,,,,,,,,,20.48333333333333,,20.597967479674796,"rgba(38, 166, 154, 1.0)",0.0,0.0,0.05638246165233615,20.52918699186992,0.7238599900398045,0.0,0.0,0.0,0.0,0.0,0.0,0.0,0.0,46.84415104709836,-0.5202887655579289,False,False,False,True,True,0.0,0,0.914383561643838,1.085616438356162,False,False,False,False,-0.18728128261461588,-0.18962625248684456,False,False,False,False,-182.0,-74.91926077626842,False,False,False,False,2.9897809234436536,False,False,False,False
2025-05-23 19:00:00+00:00,20.57,20.57,20.565,20.565,65.0,,,,,,,,,,,,,,,,,,,,,,,,20.56540404040404,,20.578773584905658,"rgba(38, 166, 154, 1.0)",0.0,0.0,0.05616152701905679,20.570751858204687,-0.10241634282369705,0.0,0.0,0.0,0.0,0.0,0.0,0.0,0.0,46.69644799901812,-0.5202887655579289,False,False,False,True,True,0.0,0,0.9112627986348154,1.0853242320819088,False,False,False,False,-0.19145172384554981,-0.1905389881661972,False,False,False,False,-247.0,-77.58717921384564,False,False,False,False,3.95117966881662,False,False,False,False
2025-05-26 14:00:00+00:00,20.565,20.565,20.565,20.565,0.0,,,,,,,,,,,,,,,,,,,,,,,,20.56540404040404,,20.578773584905658,"rgba(38, 166, 154, 1.0)",0.0,0.0,0.05589710624425531,20.570751858204687,-0.10290082244243506,0.0,0.0,0.0,0.0,0.0,0.0,0.0,0.0,46.59797930029795,-0.5202887655579289,False,False,False,True,True,0.0,0,0.9112627986348154,1.0887372013651846,False,False,False,False,-0.19562875499829938,-0.19308387158224827,False,False,False,False,-247.0,-80.21373457487128,False,False,False,False,3.889921069300083,False,False,False,False
2025-05-26 15:00:00+00:00,20.565,20.565,20.565,20.565,0.0,,,,,,,,,,,,,,,,,,,,,,,,20.56540404040404,,20.578773584905658,"rgba(38, 166, 154, 1.0)",0.0,0.0,0.05558857877374742,20.570751858204687,-0.10347194210697198,0.0,0.0,0.0,0.0,0.0,0.0,0.0,0.0,46.53233350115117,-0.5202887655579289,False,True,False,True,True,0.0,0,0.9112627986348154,1.0887372013651846,False,False,False,False,-0.19562875499829938,-0.1943563132902738,False,False,False,False,-247.0,-82.7995681473539,False,False,False,False,3.8296122155124848,False,False,False,False
2025-05-26 16:00:00+00:00,20.565,20.565,20.565,20.565,0.0,,,,,,,,,,,,,,,,,,,,,,,,20.56540404040404,,20.578773584905658,"rgba(38, 166, 154, 1.0)",0.0,0.0,0.05523520551172877,20.570751858204687,-0.10413391516149391,0.0,0.0,0.0,0.0,0.0,0.0,0.0,0.0,46.488569635053324,-0.5202887655579289,False,True,False,True,True,0.0,0,0.9112627986348154,1.0887372013651846,False,False,False,False,-0.19562875499829938,-0.19499253414428658,False,False,False,False,-247.0,-85.34531127685227,False,False,False,False,3.7702383827138415,False,False,False,False
2025-05-26 17:00:00+00:00,20.565,20.565,20.565,20.565,0.0,,,,,,,,,,,,,,,,,,,,,,,,20.56540404040404,,20.578773584905658,"rgba(38, 166, 154, 1.0)",0.0,0.0,0.05483611948337461,20.570751858204687,-0.10489178043369593,0.0,0.0,0.0,0.0,0.0,0.0,0.0,0.0,46.45939372432143,-0.5202887655579289,False,True,False,True,True,0.0,0,0.9112627986348154,1.0887372013651846,False,False,False,False,-0.19562875499829938,-0.195310644571293,False,False,False,False,-247.0,-87.851585520622,False,False,False,False,3.711785074454712,False,False,False,False
2025-05-26 18:00:00+00:00,20.565,20.565,20.565,20.565,0.0,,,,,,,,,,,,,,,,,,,,,,,,20.56540404040404,,20.578773584905658,"rgba(38, 166, 154, 1.0)",0.0,0.0,0.05439031445304572,20.570751858204687,-0.1057515159183632,0.0,0.0,0.0,0.0,0.0,0.0,0.0,0.0,46.439943117166834,-0.5202887655579289,False,True,False,True,True,0.0,0,0.9112627986348154,1.0887372013651846,False,False,False,False,-0.19562875499829938,-0.19546969978479617,False,False,False,False,-247.0,-90.31900279937203,False,False,False,False,3.6542380190368093,False,False,False,False
2025-05-26 19:00:00+00:00,20.565,20.565,20.565,20.565,0.0,,,,,,,,,,,,,,,,,,,,,,,,20.56540404040404,,20.578773584905658,"rgba(38, 166, 154, 1.0)",0.0,0.0,0.053896631127016544,20.570751858204687,-0.10672018054580844,0.0,0.0,0.0,0.0,0.0,0.0,0.0,0.0,46.426976045730434,-0.5202887655579289,False,True,False,True,True,0.0,0,0.9112627986348154,1.0887372013651846,False,False,False,False,-0.19562875499829938,-0.1955492273915478,False,False,False,False,-247.0,-92.74816554666857,False,False,False,False,3.5975831660284867,False,False,False,False
2025-05-27 14:00:00+00:00,20.65,20.68,20.65,20.665,0.0,,,,,,,,,,,,,,,,,,,,,,,,20.56540404040404,,20.578773584905658,"rgba(38, 166, 154, 1.0)",0.0,0.0,0.05364002472265544,20.570751858204687,1.7570488135048363,0.0,0.0,0.0,0.0,0.0,0.0,0.0,0.0,57.29850224137324,3.081647087763571,True,False,True,False,True,5.797089581193287,0,0.9177215189873446,1.063291139240503,False,False,False,False,-0.03220632527737003,-0.1138777763344589,False,False,False,False,-247.0,-95.13966685602254,False,False,False,False,3.5418066828342467,False,False,False,False
2025-05-27 15:00:00+00:00,20.665,20.7,20.665,20.69,0.0,,,,,,,,,,,,,,,,,,,,,,,,20.56540404040404,,20.578773584905658,"rgba(38, 166, 154, 1.0)",0.0,0.0,0.05384269714669647,20.570751858204687,2.214750525413277,0.0,0.0,0.0,0.0,0.0,0.0,0.0,0.0,65.56776597251789,10.33261511027306,True,False,True,False,True,8.571579996467246,0,0.9287925696594458,1.049535603715167,False,False,False,False,-0.004024491477591786,-0.05895113390602535,False,False,False,False,-247.0,-97.4940906256966,False,False,False,False,3.4868949513174368,False,False,False,False
2025-05-27 16:00:00+00:00,20.69,20.7,20.68,20.695,0.0,,,,,,,,,,,,,,,,,,,,,,,,20.56540404040404,,20.578773584905658,"rgba(38, 166, 154, 1.0)",0.0,0.0,0.05415401792713543,20.570751858204687,2.294347613550847,0.0,0.0,0.0,0.0,0.0,0.0,0.0,0.0,71.27060121024059,15.022863605186785,True,False,True,False,True,9.110690441076297,0,0.9388379204893,1.0489296636085594,False,False,False,False,0.008048871846008606,-0.025451131030008373,False,False,False,False,-247.0,-99.8120117012672,False,False,False,False,3.4328345644753058,False,False,False,False
2025-05-27 17:00:00+00:00,20.695,20.71,20.69,20.695,0.0,,,,,,,,,,,,,,,,,,,,,,,,20.56540404040404,,20.578773584905658,"rgba(38, 166, 154, 1.0)",0.0,0.0,0.0544628148206926,20.570751858204687,2.281338968695869,0.0,0.0,0.0,0.0,0.0,0.0,0.0,0.0,75.07249136872238,18.046418736624815,True,False,True,False,True,9.110690441076319,0,0.9456193353474364,1.0422960725075487,False,False,False,False,0.024150949485959115,-0.000650090772024629,False,False,False,False,-247.0,-102.09399601597623,False,False,False,False,3.379612323165611,False,False,False,False
2025-05-27 18:00:00+00:00,20.695,20.705,20.695,20.7,0.0,,,,,,,,,,,,,,,,,,,,,,,,20.56540404040404,,20.578773584905658,"rgba(38, 166, 154, 1.0)",0.0,0.0,0.05541814839171417,20.570751858204687,2.3322349365002686,0.0,0.0,0.0,0.0,0.0,0.0,0.0,0.0,77.83086333335763,20.31186199277242,True,False,True,False,True,9.662808728944867,0,0.9489489489489525,1.0450450450450426,False,False,False,False,0.0241509494859534,0.011750429356964385,False,False,False,False,-247.0,-104.34060072890682,False,False,False,False,3.3272152328839737,False,False,False,False
2025-05-27 19:00:00+00:00,20.7,20.71,20.69,20.71,0.0,,,,,,,,,,,,,,,,,,,,,,,,20.56540404040404,,20.578773584905658,"rgba(38, 166, 154, 1.0)",0.0,0.0,0.056581440945369786,20.570751858204687,2.4610214845846654,0.0,0.0,0.0,0.0,0.0,0.0,0.0,0.0,80.11495180449882,22.35282729699081,True,False,True,False,True,10.761352794815505,0,0.9465875370919923,1.0415430267062276,False,False,False,False,0.024150949485959115,0.01795068942146175,False,False,False,False,-247.0,-106.55237436101679,False,False,False,False,3.2756305005911988,False,False,False,False
2025-05-28 14:00:00+00:00,20.66,20.66,20.64,20.64,0.0,,,,,,,,,,,,,,,,,,,,,,,,20.56540404040404,,20.578773584905658,"rgba(239, 83, 80, 1.0)",0.0,0.0,0.056581440945369786,20.570751858204687,1.2238667067912488,0.0,0.0,0.0,0.0,0.0,0.0,0.0,0.0,70.71086605972143,29.25851298823744,True,False,True,False,False,1.5660652429411464,0,0.9259259259259304,1.0398860398860361,False,False,False,False,-0.05640126021557556,-0.019225285397056903,False,False,False,False,-247.0,-108.72985692906303,False,False,False,False,3.224845531589785,False,False,False,False
2025-05-28 15:00:00+00:00,20.64,20.645,20.63,20.63,0.0,,,,,,,,,,,,,,,,,,,,,,,,20.56540404040404,,20.578773584905658,"rgba(239, 83, 80, 1.0)",0.0,0.0,0.056513412264352525,20.570751858204687,1.0483908053218751,0.0,0.0,0.0,0.0,0.0,0.0,0.0,0.0,63.428194688772535,22.86493722668793,True,False,True,False,False,0.3877797536380676,0,0.9087947882736197,1.208469055374589,False,False,False,False,-0.07661302015505289,-0.047919152776054894,False,False,False,False,-247.0,-110.87358007744965,False,False,False,False,3.174847926448858,False,False,False,False
2025-05-28 16:00:00+00:00,20.63,20.65,20.63,20.645,0.0,,,,,,,,,,,,,,,,,,,,,,,,20.56540404040404,,20.578773584905658,"rgba(239, 83, 80, 1.0)",0.0,0.0,0.05655643757014346,20.570751858204687,1.3128150390170326,0.0,0.0,0.0,0.0,0.0,0.0,0.0,0.0,60.10624320208819,20.066732377170993,True,False,True,False,False,2.1048111986088323,0,0.7588424437299075,1.2025723472668777,False,False,False,False,-0.07256619377738673,-0.06024267327672081,False,False,False,False,-247.0,-112.98406720803182,False,False,False,False,3.1256254779767825,False,False,False,False
2025-05-28 17:00:00+00:00,20.64,20.665,20.64,20.645,0.0,,,,,,,,,,,,,,,,,,,,,,,,20.56540404040404,,20.578773584905658,"rgba(239, 83, 80, 1.0)",0.0,0.0,0.05659935058356581,20.570751858204687,1.3118196769005144,0.0,0.0,0.0,0.0,0.0,0.0,0.0,0.0,57.89160887763196,18.010339765944224,False,False,True,False,False,2.1048111986088323,0,0.7689873417721567,1.1898734177215156,False,False,False,False,-0.052364951562941416,-0.05630381241983111,False,False,False,False,-247.0,-115.06183360790729,False,False,False,False,3.077166168240708,False,False,False,False
2025-05-28 18:00:00+00:00,20.645,20.67,20.64,20.66,0.0,,,,,,,,,,,,,,,,,,,,,,,,20.56540404040404,,20.578773584905658,"rgba(239, 83, 80, 1.0)",0.0,0.0,0.05680557960155661,20.570751858204687,1.5711157675234284,0.0,0.0,0.0,0.0,0.0,0.0,0.0,0.0,58.00059110396868,17.826745675848983,False,False,True,False,False,3.810623810951874,0,0.7732919254658434,1.1832298136645911,False,False,False,False,-0.04833034687939724,-0.05231707964961417,False,False,False,False,-247.0,-117.10738657522654,False,False,False,False,3.0294581656323247,False,False,False,False
2025-05-28 19:00:00+00:00,20.66,20.675,20.65,20.655,0.0,,,,,,,,,,,,,,,,,,,,,,,,20.56540404040404,,20.578773584905658,"rgba(239, 83, 80, 1.0)",0.0,0.0,0.05695003341791138,20.570751858204687,1.4793343697813686,0.0,0.0,0.0,0.0,0.0,0.0,0.0,0.0,57.3569460518097,16.667170103514238,False,False,True,False,False,3.188285103558677,0,0.7828746177370068,1.177370030581035,False,False,False,False,-0.036235434647161203,-0.04427625714838769,False,False,False,False,-247.0,-119.12122554305247,False,False,False,False,2.9824898219791103,False,False,False,False
2025-05-29 14:00:00+00:00,20.71,20.71,20.69,20.695,0.0,,,,,,,,,,,,,,,,,,,,,,,,20.56540404040404,,20.578773584905658,"rgba(239, 83, 80, 1.0)",0.0,0.0,0.057792109564566575,20.570751858204687,2.1499153211650857,0.0,0.0,0.0,0.0,0.0,0.0,0.0,0.0,60.579352955029194,16.667170103514238,True,False,True,False,False,7.537100405454439,0,0.7897897897897947,1.1651651651651627,False,False,False,False,0.024150949485959115,-0.010062653831214288,False,False,False,False,-247.0,-121.10384220129971,False,False,False,False,2.936249669700364,False,False,False,False
2025-05-29 15:00:00+00:00,20.7,20.72,20.7,20.72,0.0,,,,,,,,,,,,,,,,,,,,,,,,20.56540404040404,,20.578773584905658,"rgba(38, 166, 154, 1.0)",0.0,0.0,0.05922114608937523,20.570751858204687,2.520183273219157,0.0,0.0,0.0,0.0,0.0,0.0,0.0,0.0,64.367363977526,16.667170103514238,True,False,True,False,True,10.04573429179624,0,0.7810650887573993,1.1538461538461533,False,False,False,False,0.04026555908728251,0.015101452628034109,False,False,False,False,-247.0,-123.05572061678343,False,False,False,False,2.8907264190073354,False,False,False,False
2025-05-29 16:00:00+00:00,20.72,20.735,20.71,20.72,0.0,,,,,,,,,,,,,,,,,,,,,,,,20.56540404040404,,20.578773584905658,"rgba(38, 166, 154, 1.0)",0.0,0.0,0.06057717882659783,20.570751858204687,2.463768446901998,0.0,0.0,0.0,0.0,0.0,0.0,0.0,0.0,66.89270465919053,8.422426582042078,True,False,True,False,True,10.04573429179624,0,0.7900874635568549,1.142857142857142,False,False,False,False,0.06043924395770347,0.03777034829286879,False,False,False,False,-247.0,-124.97733735140694,False,False,False,False,2.8459089551467565,False,False,False,False
2025-05-29 17:00:00+00:00,20.715,20.745,20.715,20.735,0.0,,,,,,,,,,,,,,,,,,,,,,,,20.56540404040404,,20.578773584905658,"rgba(38, 166, 154, 1.0)",0.0,0.0,0.062240234951692695,20.570751858204687,2.638938331816904,0.0,0.0,0.0,0.0,0.0,0.0,0.0,0.0,69.52789032858692,11.285068665046282,True,False,True,False,True,11.520439755874296,0,0.7965616045845303,1.1346704871060154,False,False,False,False,0.07256603195266122,0.055168190122765,False,False,False,False,-247.0,-126.86916157851691,False,False,False,False,2.8017863356871167,False,False,False,False
2025-05-29 18:00:00+00:00,20.73,20.735,20.72,20.725,0.0,,,,,,,,,,,,,,,,,,,,,,,,20.56540404040404,,20.578773584905658,"rgba(38, 166, 154, 1.0)",0.0,0.0,0.06356701790835295,20.570751858204687,2.4265436207452686,0.0,0.0,0.0,0.0,0.0,0.0,0.0,0.0,69.51683723472061,11.748195233043973,True,False,True,False,True,10.20447970355367,0,0.8011363636363662,1.1392045454545445,False,False,False,False,0.06852157693125635,0.061844883527010674,False,False,False,False,-247.0,-128.73165519745464,False,False,False,False,2.7583477878470064,False,False,False,False
2025-05-29 19:00:00+00:00,20.725,20.73,20.715,20.72,0.0,,,,,,,,,,,,,,,,,,,,,,,,20.56540404040404,,20.578773584905658,"rgba(38, 166, 154, 1.0)",0.0,0.0,0.06471545480088364,20.570751858204687,2.30622101404553,0.0,0.0,0.0,0.0,0.0,0.0,0.0,0.0,68.6210002195401,11.748195233043973,True,False,True,False,True,9.548374954749818,0,0.8000000000000032,1.1408450704225337,False,False,False,False,0.06043924395770347,0.061142063742357075,False,False,False,False,-247.0,-130.5652729463313,False,False,False,False,2.715582705864882,False,False,False,False
2025-05-30 14:00:00+00:00,20.735,20.755,20.73,20.73,0.0,,,,,,,,,,,,,,,,,,,,,,,,20.56540404040404,,20.578773584905658,"rgba(38, 166, 154, 1.0)",0.0,0.0,0.0658990491940501,20.570751858204687,2.4165468810692845,0.0,0.0,0.0,0.0,0.0,0.0,0.0,0.0,68.90214743935687,12.25555553519277,True,False,True,False,True,10.561033974943626,0,0.8066298342541462,1.1187845303867385,False,False,False,False,0.09282657864590131,0.0769843211941292,False,False,False,False,-247.0,-132.37046251305486,False,False,False,False,2.6734806484096123,False,False,False,False
2025-05-30 15:00:00+00:00,20.73,20.755,20.73,20.75,0.0,,,,,,,,,,,,,,,,,,,,,,,,20.56540404040404,,20.578773584905658,"rgba(38, 166, 154, 1.0)",0.0,0.0,0.06748359827418221,20.570751858204687,2.6561734462800453,0.0,0.0,0.0,0.0,0.0,0.0,0.0,0.0,70.63303246868297,14.461560144389992,True,False,True,False,True,12.533431157220072,0,0.8092643051771141,1.1171662125340582,False,False,False,False,0.09282657864590131,0.08490544992001525,False,False,False,False,-247.0,-134.1476646446354,False,False,False,False,2.6320313360311687,False,False,False,False
2025-05-30 16:00:00+00:00,20.75,20.765,20.75,20.76,0.0,,,,,,,,,,,,,,,,,,,,,,,,20.56540404040404,,20.578773584905658,"rgba(38, 166, 154, 1.0)",0.0,0.0,0.06921555311335734,20.570751858204687,2.734185212467699,0.0,0.0,0.0,0.0,0.0,0.0,0.0,0.0,72.46561028803177,16.661815605893153,True,False,True,False,True,13.493953673448257,0,0.8216216216216239,1.1108108108108083,False,False,False,False,0.11724145399873154,0.1010734519593734,False,False,False,False,-247.0,-135.8973132547961,False,True,False,False,2.5912246486508406,False,True,False,False
2025-05-30 17:00:00+00:00,20.76,20.76,20.755,20.755,0.0,,,,,,,,,,,,,,,,,,,,,,,,20.56540404040404,,20.578773584905658,"rgba(38, 166, 154, 1.0)",0.0,0.0,0.07069621598749225,20.570751858204687,2.606195242867162,0.0,0.0,0.0,0.0,0.0,0.0,0.0,0.0,72.6129503203779,17.261887113268997,True,False,True,False,True,12.805105366699049,0,0.8247978436657702,1.1132075471698082,False,False,False,False,0.11724145399873154,0.10915745297905247,False,False,False,False,-247.0,-137.61983552991555,False,False,False,False,2.5510506230903625,False,False,False,False
2025-05-30 18:00:00+00:00,20.755,20.755,20.73,20.735,0.0,,,,,,,,,,,,,,,,,,,,,,,,20.56540404040404,,20.578773584905658,"rgba(38, 166, 154, 1.0)",0.0,0.0,0.07162634524620486,20.570751858204687,2.2931247047540073,0.0,0.0,0.0,0.0,0.0,0.0,0.0,0.0,68.82209172253837,17.261887113268997,True,False,True,False,False,10.10127175549734,0,0.8138297872340451,1.114361702127658,False,False,False,False,0.09282657864590131,0.10099201581247688,False,False,False,False,-247.0,-139.31565203332772,False,False,False,False,2.511499450639349,False,False,False,False
2025-05-30 19:00:00+00:00,20.735,20.765,20.735,20.755,0.0,,,,,,,,,,,,,,,,,,,,,,,,20.56540404040404,,20.578773584905658,"rgba(38, 166, 154, 1.0)",0.0,0.0,0.07291559973476101,20.570751858204687,2.526868632577058,0.0,0.0,0.0,0.0,0.0,0.0,0.0,0.0,68.26597242854679,17.261887113268997,True,False,True,False,False,12.07839574318054,0,0.8193717277486933,1.1073298429319347,False,False,False,False,0.1050184228479311,0.10300521933020398,False,False,False,False,-247.0,-140.9851768080048,False,False,False,False,2.4725614746604445,False,False,False,False
2025-06-02 14:00:00+00:00,20.755,20.755,20.64,20.65,0.0,,,,,,,,,,,,,,,,,,,,,,,,20.56540404040404,,20.578773584905658,"rgba(239, 83, 80, 1.0)",0.0,0.0,0.07272421062346433,20.570751858204687,1.0897078306648815,0.0,0.0,0.0,0.0,0.0,0.0,0.0,0.0,57.285271364914706,13.027439951848855,False,False,True,False,False,0.0,0,0.7827160493827184,1.1061728395061712,False,False,False,False,0.02012458219448743,0.061564900762345706,False,False,False,False,-247.0,-142.62881747764814,False,False,False,False,2.4342271882316004,False,False,False,False
2025-06-02 15:00:00+00:00,20.645,20.65,20.625,20.63,5.0,,,,,,,,,,,,,,,,,,,,,,,,20.570305164319247,,20.581306306306306,"rgba(239, 83, 80, 1.0)",0.0,0.0,0.07248659397641395,20.582759675168127,0.6517111956901066,0.0,0.0,0.0,0.0,0.0,0.0,0.0,0.0,48.87914493047752,5.7116401717725935,False,True,False,True,False,0.0,0,0.7780487804878068,1.1560975609756086,False,False,False,False,-0.015001220627898505,0.0232818400672236,False,False,False,False,-252.0,-144.32449472605668,False,False,False,False,2.4740066116698705,False,False,False,False
2025-06-02 16:00:00+00:00,20.63,20.635,20.62,20.62,0.0,,,,,,,,,,,,,,,,,,,,,,,,20.570305164319247,,20.581306306306306,"rgba(239, 83, 80, 1.0)",0.0,0.0,0.07187940350784659,20.582759675168127,0.5180945168501395,0.0,0.0,0.0,0.0,0.0,0.0,0.0,0.0,42.748019095492886,0.6181361694256111,False,True,False,True,False,0.0,0,0.8425196850393729,1.1758530183727007,False,False,False,False,0.020813689435657534,0.022047764751440567,False,False,False,False,-252.0,-145.99388240472246,False,False,False,False,2.435649920016074,False,False,False,False
2025-06-02 17:00:00+00:00,20.625,20.625,20.62,20.62,0.0,,,,,,,,,,,,,,,,,,,,,,,,20.570305164319247,,20.581306306306306,"rgba(239, 83, 80, 1.0)",0.0,0.0,0.07125465055152826,20.582759675168127,0.5226371127165016,0.0,0.0,0.0,0.0,0.0,0.0,0.0,0.0,38.66060187216979,-2.7112660416343815,False,True,False,True,False,0.0,0,0.8429319371727776,1.0968586387434534,False,False,False,False,0.008919033279021936,0.015483399015231252,False,False,False,False,-252.0,-147.63738810387403,False,False,False,False,2.397887905752259,False,False,False,False
2025-06-02 18:00:00+00:00,20.625,20.63,20.62,20.625,0.0,,,,,,,,,,,,,,,,,,,,,,,,20.570305164319247,,20.581306306306306,"rgba(239, 83, 80, 1.0)",0.0,0.0,0.07060115099994972,20.582759675168127,0.5982951302295779,0.0,0.0,0.0,0.0,0.0,0.0,0.0,0.0,36.636778032029625,-4.392703173359983,False,True,False,True,False,0.0,0,0.8437500000000026,1.0937499999999984,False,False,False,False,0.014865835574693056,0.015174617294962153,False,False,False,False,-252.0,-149.25541309451162,False,False,False,False,2.360711349073929,False,False,False,False
2025-06-02 19:00:00+00:00,20.625,20.66,20.62,20.66,0.0,,,,,,,,,,,,,,,,,,,,,,,,20.570305164319247,,20.581306306306306,"rgba(239, 83, 80, 1.0)",0.0,0.0,0.0699779888172995,20.582759675168127,1.1037802905930088,0.0,0.0,0.0,0.0,0.0,0.0,0.0,0.0,39.61150749385836,-4.392703173359983,False,True,False,True,False,1.0868991323774004,0,0.8469387755102066,1.0765306122448959,False,False,False,False,0.05058350181034741,0.032879059552654785,False,False,False,False,-252.0,-150.84835242637965,False,False,False,False,2.3241111731192943,False,False,False,False
2025-06-03 14:00:00+00:00,20.675,20.68,20.655,20.66,91.0,,,,,,,,,,,,,,,,,,,,,,,,20.62349794238683,,20.6190099009901,"rgba(239, 83, 80, 1.0)",0.0,0.0,0.0693177823862689,20.637564885481606,0.3236559760867174,0.0,0.0,0.0,0.0,0.0,0.0,0.0,0.0,41.59466046841085,-4.392703173359983,False,True,False,True,True,1.0868991323774004,0,0.8664987405541588,1.0654911838790913,False,False,False,False,0.11646958628285627,0.07467432291775553,False,False,False,False,-252.0,-152.41659502442027,False,False,False,False,3.6989311549313983,False,False,False,False
2025-06-03 15:00:00+00:00,20.66,20.665,20.635,20.64,0.0,,,,,,,,,,,,,,,,,,,,,,,,20.62349794238683,,20.6190099009901,"rgba(239, 83, 80, 1.0)",0.0,0.0,0.06857218199925769,20.637564885481606,0.03551169654221175,0.0,0.0,0.0,0.0,0.0,0.0,0.0,0.0,41.061426671733976,-4.392703173359983,False,True,False,True,True,0.0,0,0.8585607940446676,1.071960297766748,False,False,False,False,0.0744614916843009,0.07456790730102822,False,False,False,False,-252.0,-153.9605237837316,False,False,False,False,3.641583385087501,False,False,False,False
2025-06-03 16:00:00+00:00,20.64,20.64,20.64,20.64,0.0,,,,,,,,,,,,,,,,,,,,,,,,20.62349794238683,,20.6190099009901,"rgba(239, 83, 80, 1.0)",0.0,0.0,0.06779686139055105,20.637564885481606,0.03591780605251351,0.0,0.0,0.0,0.0,0.0,0.0,0.0,0.0,40.70593747394939,-4.392703173359983,False,True,False,True,True,0.0,0,0.8610421836228308,1.0843672456575661,False,False,False,False,0.05058350181034741,0.06257570455568781,False,False,False,False,-252.0,-155.48051566305358,False,False,False,False,3.585124727954361,False,False,False,False
2025-06-03 17:00:00+00:00,20.64,20.645,20.64,20.645,0.0,,,,,,,,,,,,,,,,,,,,,,,,20.62349794238683,,20.6190099009901,"rgba(239, 83, 80, 1.0)",0.0,0.0,0.06763155348668402,20.637564885481606,0.10993558679467356,0.0,0.0,0.0,0.0,0.0,0.0,0.0,0.0,41.21331907745465,-4.392703173359983,False,True,False,True,True,0.0,0,0.8613861386138634,1.0816831683168302,False,False,False,False,0.056546539623791345,0.05956112208973958,False,False,False,False,-252.0,-156.97694177680467,False,False,False,False,3.5295413988387896,False,False,False,False
2025-06-03 18:00:00+00:00,20.645,20.65,20.645,20.645,0.0,,,,,,,,,,,,,,,,,,,,,,,,20.62349794238683,,20.6190099009901,"rgba(239, 83, 80, 1.0)",0.0,0.0,0.06746256886743472,20.637564885481606,0.11021096058473709,0.0,0.0,0.0,0.0,0.0,0.0,0.0,0.0,41.551573479791486,-4.392703173359983,False,True,False,True,True,0.0,0,0.8641975308641989,1.0790123456790113,False,False,False,False,0.06848510415581037,0.06402311312277498,False,False,False,False,-252.0,-158.4501674856914,False,False,False,False,3.4748198267637695,False,False,False,False
2025-06-03 19:00:00+00:00,20.645,20.65,20.64,20.64,0.0,,,,,,,,,,,,,,,,,,,,,,,,20.62349794238683,,20.6190099009901,"rgba(239, 83, 80, 1.0)",0.0,0.0,0.06728499290529386,20.637564885481606,0.03619104964196799,0.0,0.0,0.0,0.0,0.0,0.0,0.0,0.0,41.14390466532441,-4.392703173359983,False,True,False,True,True,0.0,0,0.8624078624078642,1.0786240786240777,False,False,False,False,0.06251359725564287,0.06326835518920892,False,False,False,False,-252.0,-159.9005524859132,False,False,False,False,3.420946651155029,False,False,False,False
2025-06-04 14:00:00+00:00,20.64,20.735,20.64,20.73,0.0,,,,,,,,,,,,,,,,,,,,,,,,20.62349794238683,,20.6190099009901,"rgba(38, 166, 154, 1.0)",0.0,0.0,0.06795513888512093,20.637564885481606,1.3602372982366735,0.0,0.0,0.0,0.0,0.0,0.0,0.0,0.0,50.35359665768928,-6.12272885857783,False,True,True,False,True,7.9629209235875855,0,0.8685446009389688,1.0352112676056322,False,False,False,False,0.16499443314338758,0.11413139416629825,False,False,False,False,-252.0,-161.32845089698432,False,False,False,False,3.367908718578982,False,False,False,False
2025-06-04 15:00:00+00:00,20.735,20.75,20.735,20.745,0.0,,,,,,,,,,,,,,,,,,,,,,,,20.62349794238683,,20.6190099009901,"rgba(38, 166, 154, 1.0)",0.0,0.0,0.06890246403101072,20.637564885481606,1.5592347244656213,0.0,0.0,0.0,0.0,0.0,0.0,0.0,0.0,57.347400171134026,0.2713037591179699,False,False,True,False,True,9.27997610835179,0,0.9116279069767461,1.0255813953488357,False,False,False,False,0.30329391950222495,0.2087126568342616,False,False,False,False,-252.0,-162.73421134819387,False,False,False,False,3.3156930795312456,False,False,False,False
2025-06-04 16:00:00+00:00,20.745,20.765,20.745,20.75,0.0,,,,,,,,,,,,,,,,,,,,,,,,20.62349794238683,,20.6190099009901,"rgba(38, 166, 154, 1.0)",0.0,0.0,0.0699299520820183,20.637564885481606,1.6078248471631058,0.0,0.0,0.0,0.0,0.0,0.0,0.0,0.0,62.29513909134784,4.623459270511724,True,False,True,False,True,9.716237454721092,0,0.9170506912442423,1.0184331797235004,False,False,False,False,0.3361699620308144,0.27244130943253797,False,False,False,False,-252.0,-164.11817706372574,False,False,False,False,3.264286985274947,False,False,False,False
2025-06-04 17:00:00+00:00,20.76,20.77,20.755,20.76,0.0,,,,,,,,,,,,,,,,,,,,,,,,20.62349794238683,,20.6190099009901,"rgba(38, 166, 154, 1.0)",0.0,0.0,0.07114684725178663,20.637564885481606,1.7208789882860391,0.0,0.0,0.0,0.0,0.0,0.0,0.0,0.0,66.17700591918751,8.04283322675603,True,False,True,False,True,10.588835218069917,0,0.9200913242009154,1.0136986301369852,False,False,False,False,0.342827992235823,0.3076346508341805,False,False,False,False,-252.0,-165.48068594645866,False,True,False,False,3.2136778847280487,False,True,False,False
2025-06-04 18:00:00+00:00,20.755,20.76,20.745,20.75,0.0,,,,,,,,,,,,,,,,,,,,,,,,20.62349794238683,,20.6190099009901,"rgba(38, 166, 154, 1.0)",0.0,0.0,0.07211614755887842,20.637564885481606,1.5590837603547527,0.0,0.0,0.0,0.0,0.0,0.0,0.0,0.0,67.13530570401502,8.934674502977018,True,False,True,False,True,9.437195476524494,0,0.9160997732426335,1.018140589569159,False,False,False,False,0.316829070946994,0.31223186089058724,False,False,False,False,-252.0,-166.82207066046703,False,False,False,False,3.1638534213989318,False,False,False,False
2025-06-04 19:00:00+00:00,20.75,20.76,20.75,20.75,0.0,,,,,,,,,,,,,,,,,,,,,,,,20.62349794238683,,20.6190099009901,"rgba(38, 166, 154, 1.0)",0.0,0.0,0.07286461591367552,20.637564885481606,1.5430687873466458,0.0,0.0,0.0,0.0,0.0,0.0,0.0,0.0,67.77417222723338,9.795146176406888,True,False,True,False,True,9.437195476524494,0,0.9713603818615789,1.019093078758948,False,False,False,False,0.3232888123607722,0.3177603366256797,False,False,False,False,-252.0,-168.14265871224273,False,False,False,False,3.114801430369491,False,False,False,False
2025-06-05 14:00:00+00:00,20.77,20.775,20.75,20.75,0.0,,,,,,,,,,,,,,,,,,,,,,,,20.62349794238683,,20.6190099009901,"rgba(38, 166, 154, 1.0)",0.0,0.0,0.07353879897679978,20.637564885481606,1.5289223659182374,0.0,0.0,0.0,0.0,0.0,0.0,0.0,0.0,68.20008324271228,10.639454428506326,True,False,True,False,True,9.437195476524494,0,0.9479905437352277,0.9810874704491711,False,False,False,False,0.342827992235823,0.3302941644307513,False,False,False,False,-252.0,-169.44277253065758,False,False,False,False,3.0665099353250027,False,False,False,False
2025-06-05 15:00:00+00:00,20.75,20.75,20.73,20.735,0.0,,,,,,,,,,,,,,,,,,,,,,,,20.62349794238683,,20.6190099009901,"rgba(38, 166, 154, 1.0)",0.0,0.0,0.07388346070509276,20.637564885481606,1.3187676049353987,0.0,0.0,0.0,0.0,0.0,0.0,0.0,0.0,65.6359019069783,10.639454428506326,True,False,True,False,True,7.66451012594997,0,0.9363207547169848,0.9999999999999983,False,False,False,False,0.28489931039549543,0.3075967374131234,False,False,False,False,-252.0,-170.72272954568612,False,False,False,False,3.0189671456300413,False,False,False,False
2025-06-05 16:00:00+00:00,20.735,20.75,20.73,20.735,0.0,,,,,,,,,,,,,,,,,,,,,,,,20.62349794238683,,20.6190099009901,"rgba(38, 166, 154, 1.0)",0.0,0.0,0.07417188462256909,20.637564885481606,1.3136394607498778,0.0,0.0,0.0,0.0,0.0,0.0,0.0,0.0,63.926447683155644,10.639454428506326,True,False,True,False,False,7.66451012594997,0,0.929906542056078,0.9999999999999983,False,False,False,False,0.28489931039549543,0.2962480239043094,False,False,False,False,-252.0,-171.98284226590803,False,False,False,False,2.9721614534497305,False,False,False,False
2025-06-05 17:00:00+00:00,20.745,20.75,20.725,20.73,0.0,,,,,,,,,,,,,,,,,,,,,,,,20.62349794238683,,20.6190099009901,"rgba(38, 166, 154, 1.0)",0.0,0.0,0.07433197994967235,20.637564885481606,1.2435443611347294,0.0,0.0,0.0,0.0,0.0,0.0,0.0,0.0,61.78617341856967,10.639454428506326,True,False,True,False,False,7.06652484682256,0,0.9284064665127058,0.9999999999999983,False,False,False,False,0.27858256721618757,0.2874152955602485,False,False,False,False,-252.0,-173.22341835480867,False,False,False,False,2.9260814309156262,False,False,False,False
2025-06-05 18:00:00+00:00,20.73,20.735,20.725,20.73,0.0,,,,,,,,,,,,,,,,,,,,,,,,20.62349794238683,,20.6190099009901,"rgba(38, 166, 154, 1.0)",0.0,0.0,0.07444085868282756,20.637564885481606,1.241725527539062,0.0,0.0,0.0,0.0,0.0,0.0,0.0,0.0,60.35932390884569,16.72371107683861,False,False,True,False,False,7.066524846822539,0,0.9287356321839116,1.0068965517241366,False,False,False,False,0.2597595198959255,0.273587407728087,False,False,False,False,-252.0,-174.4447607058969,False,False,False,False,2.880715827335539,False,False,False,False
2025-06-05 19:00:00+00:00,20.73,20.73,20.72,20.72,0.0,,,,,,,,,,,,,,,,,,,,,,,,20.62349794238683,,20.6190099009901,"rgba(38, 166, 154, 1.0)",0.0,0.0,0.0743738426361294,20.637564885481606,1.1083885354922867,0.0,0.0,0.0,0.0,0.0,0.0,0.0,0.0,57.269458340887525,13.499446114331633,False,False,True,False,False,5.84859653526696,0,0.9267734553775768,1.0091533180778014,False,False,False,False,0.24731086735185448,0.26044913753997073,False,False,False,False,-252.0,-175.6471675166582,False,False,False,False,2.836053566446616,False,False,False,False
2025-06-06 14:00:00+00:00,20.66,20.675,20.655,20.665,0.0,,,,,,,,,,,,,,,,,,,,,,,,20.62349794238683,,20.6190099009901,"rgba(239, 83, 80, 1.0)",0.0,0.0,0.07391210996849754,20.637564885481606,0.3711856491458138,0.0,0.0,0.0,0.0,0.0,0.0,0.0,0.0,48.25448813139112,5.050757802335866,False,True,False,True,False,0.0,0,0.9200000000000024,1.0133333333333323,False,False,False,False,0.1025704331074288,0.18150978532369977,False,False,False,False,-252.0,-176.83093236136114,False,False,False,False,2.7920837437110095,False,False,False,False
2025-06-06 15:00:00+00:00,20.66,20.67,20.65,20.655,0.0,,,,,,,,,,,,,,,,,,,,,,,,20.62349794238683,,20.6190099009901,"rgba(239, 83, 80, 1.0)",0.0,0.0,0.07389729907652974,20.637564885481606,0.23593710103449542,0.0,0.0,0.0,0.0,0.0,0.0,0.0,0.0,41.46777236969688,-0.9667167556263365,False,True,False,True,False,0.0,0,0.9185022026431732,1.0154185022026418,False,False,False,False,0.09077937306594117,0.13614457919482048,False,False,False,False,-252.0,-177.99634426273536,False,False,False,False,2.7487956236534745,False,False,False,False
2025-06-06 16:00:00+00:00,20.65,20.655,20.645,20.645,0.0,,,,,,,,,,,,,,,,,,,,,,,,20.62349794238683,,20.6190099009901,"rgba(239, 83, 80, 1.0)",0.0,0.0,0.07389425119964092,20.637564885481606,0.10061830788847738,0.0,0.0,0.0,0.0,0.0,0.0,0.0,0.0,36.20120113126898,-5.516936934810005,False,True,False,True,False,0.0,0,0.9166666666666685,1.0219298245614024,False,False,False,False,0.06726928569660416,0.10170693244571233,False,False,False,False,-252.0,-179.1436877625379,False,False,False,False,2.7061786372402423,False,False,False,False
2025-06-06 17:00:00+00:00,20.65,20.65,20.645,20.645,0.0,,,,,,,,,,,,,,,,,,,,,,,,20.62349794238683,,20.6190099009901,"rgba(239, 83, 80, 1.0)",0.0,0.0,0.07388967914857905,20.637564885481606,0.10062453381944265,0.0,0.0,0.0,0.0,0.0,0.0,0.0,0.0,32.690153638983716,-8.549689477307282,False,True,False,True,False,0.0,0,0.9168490153172885,1.0240700218818382,False,False,False,False,0.06140435381723709,0.0815556431314747,False,False,False,False,-252.0,-180.27324299102565,False,False,False,False,2.664222379298533,False,False,False,False
2025-06-06 18:00:00+00:00,20.65,20.65,20.635,20.64,0.0,,,,,,,,,,,,,,,,,,,,,,,,20.62349794238683,,20.6190099009901,"rgba(239, 83, 80, 1.0)",0.0,0.0,0.07389589706877425,20.637564885481606,0.03295331155028289,0.0,0.0,0.0,0.0,0.0,0.0,0.0,0.0,29.93810429619169,-11.070831393304154,False,True,False,True,False,0.0,0,0.9130434782608721,1.023913043478261,False,False,False,False,0.049686731365559365,0.06562118724851704,False,False,False,False,-252.0,-181.38528573535083,False,False,False,False,2.622916605976075,False,False,False,False
2025-06-06 19:00:00+00:00,20.64,20.64,20.63,20.635,0.0,,,,,,,,,,,,,,,,,,,,,,,,20.62349794238683,,20.6190099009901,"rgba(239, 83, 80, 1.0)",0.0,0.0,0.07391637593000558,20.637564885481606,-0.034699827329641345,0.0,0.0,0.0,0.0,0.0,0.0,0.0,0.0,27.6854875184578,-13.310048312535919,False,True,False,True,False,0.0,0,0.9112554112554127,1.0281385281385274,False,False,False,False,0.03213482236009153,0.048878004804304286,False,False,False,False,-252.0,-182.48008750689576,False,False,False,False,2.582251232240012,False,False,False,False
2025-06-09 14:00:00+00:00,20.645,20.65,20.635,20.64,0.0,,,,,,,,,,,,,,,,,,,,,,,,20.62349794238683,,20.6190099009901,"rgba(239, 83, 80, 1.0)",0.0,0.0,0.07391783848870397,20.637564885481606,0.03294352984587185,0.0,0.0,0.0,0.0,0.0,0.0,0.0,0.0,27.581230450942186,-13.755482330618861,False,True,False,True,False,0.0,0,0.9139784946236583,1.0236559139784949,False,False,False,False,0.049686731365559365,0.049282368084931825,False,False,False,False,-252.0,-183.55791560756404,False,False,False,False,2.542216329414585,False,False,False,False
2025-06-09 15:00:00+00:00,20.645,20.665,20.64,20.66,0.0,,,,,,,,,,,,,,,,,,,,,,,,20.62349794238683,,20.6190099009901,"rgba(239, 83, 80, 1.0)",0.0,0.0,0.07389955442449854,20.637564885481606,0.30358930704130244,0.0,0.0,0.0,0.0,0.0,0.0,0.0,0.0,32.2849585687203,-13.755482330618861,False,True,False,True,True,0.0,0,0.9170212765957466,1.0170212765957445,False,False,False,False,0.07313884208524504,0.06121060508508844,False,False,False,False,-252.0,-184.61903319504367,False,False,False,False,2.5028021227569948,False,False,False,False
2025-06-09 16:00:00+00:00,20.655,20.665,20.655,20.66,0.0,,,,,,,,,,,,,,,,,,,,,,,,20.62349794238683,,20.6190099009901,"rgba(239, 83, 80, 1.0)",0.0,0.0,0.0738810219569321,20.637564885481606,0.3036654600077509,0.0,0.0,0.0,0.0,0.0,0.0,0.0,0.0,35.4207773139057,-13.755482330618861,False,True,False,True,True,0.0,0,0.9237288135593242,1.0169491525423728,False,False,False,False,0.09077937306594117,0.0759949890755148,False,False,False,False,-252.0,-185.6636993470585,False,False,False,False,2.4639989890708396,False,False,False,False
2025-06-09 17:00:00+00:00,20.665,20.675,20.655,20.665,0.0,,,,,,,,,,,,,,,,,,,,,,,,20.62349794238683,,20.6190099009901,"rgba(239, 83, 80, 1.0)",0.0,0.0,0.07065026156678209,20.637564885481606,0.3883229008637218,0.0,0.0,0.0,0.0,0.0,0.0,0.0,0.0,38.65262640518009,-19.75313195427847,False,True,False,True,True,0.0,0,0.9401709401709423,1.0128205128205119,False,False,False,False,0.1025704331074288,0.0892827110914718,False,False,False,False,-252.0,-186.69216912462346,False,False,False,False,2.425797454356563,False,False,False,False
2025-06-09 18:00:00+00:00,20.67,20.675,20.655,20.665,0.0,,,,,,,,,,,,,,,,,,,,,,,,20.62349794238683,,20.6190099009901,"rgba(239, 83, 80, 1.0)",0.0,0.0,0.06788251642382817,20.637564885481606,0.404155826326486,0.0,0.0,0.0,0.0,0.0,0.0,0.0,0.0,40.807192466029676,-17.4308416600188,False,True,False,True,True,0.0,0,0.940677966101697,0.995762711864406,False,False,False,False,0.1025704331074288,0.0959265720994503,False,False,False,False,-252.0,-187.7046936343192,False,False,False,False,2.3881881914983216,False,False,False,False
2025-06-09 19:00:00+00:00,20.665,20.665,20.655,20.655,0.0,,,,,,,,,,,,,,,,,,,,,,,,20.62349794238683,,20.6190099009901,"rgba(239, 83, 80, 1.0)",0.0,0.0,0.06603015963919254,20.637564885481606,0.2640477414209797,0.0,0.0,0.0,0.0,0.0,0.0,0.0,0.0,40.29748728491979,-17.4308416600188,False,True,False,True,True,0.0,0,0.940928270042196,1.0,False,False,False,False,0.09077937306594117,0.09335297258269573,False,False,False,False,-252.0,-188.70152008960105,False,False,False,False,2.3511620179867196,False,False,False,False
2025-06-10 14:00:00+00:00,20.72,20.72,20.69,20.69,0.0,,,,,,,,,,,,,,,,,,,,,,,,20.62349794238683,,20.6190099009901,"rgba(239, 83, 80, 1.0)",0.0,0.0,0.0638401720514823,20.637564885481606,0.8213498308887809,0.0,0.0,0.0,0.0,0.0,0.0,0.0,0.0,46.78974922467064,-11.150558760209535,False,False,False,False,True,2.836482694996743,0,0.9425051334702278,0.9835728952772089,False,False,False,False,0.19821944518765722,0.14578620888517646,False,False,False,False,-252.0,-189.6828918711576,False,False,False,False,2.3147098936768478,False,False,False,False
2025-06-10 15:00:00+00:00,20.69,20.69,20.68,20.685,0.0,,,,,,,,,,,,,,,,,,,,,,,,20.62349794238683,,20.6190099009901,"rgba(239, 83, 80, 1.0)",0.0,0.0,0.061779322468605874,20.637564885481606,0.7678153890809988,0.0,0.0,0.0,0.0,0.0,0.0,0.0,0.0,50.09266724939336,-7.91674787625675,False,False,False,False,True,2.237709279391492,0,0.9386503067484675,0.9959100204498985,False,False,False,False,0.15005404844232048,0.14792012866374848,False,False,False,False,-252.0,-190.64904858633344,False,False,False,False,2.2788229185810827,False,False,False,False
2025-06-10 16:00:00+00:00,20.685,20.685,20.68,20.68,0.0,,,,,,,,,,,,,,,,,,,,,,,,20.62349794238683,,20.6190099009901,"rgba(239, 83, 80, 1.0)",0.0,0.0,0.06001261128720218,20.637564885481606,0.7071032839299809,0.0,0.0,0.0,0.0,0.0,0.0,0.0,0.0,51.26041742803227,-6.589624680548482,False,False,True,False,True,1.6361383449542615,0,0.9387755102040829,0.9979591836734713,False,False,False,False,0.14408608034131093,0.1460031045025297,False,False,False,False,-252.0,-191.60022612763058,False,False,False,False,2.2434923306961045,False,False,False,False
2025-06-10 17:00:00+00:00,20.68,20.685,20.68,20.685,0.0,,,,,,,,,,,,,,,,,,,,,,,,20.62349794238683,,20.6190099009901,"rgba(239, 83, 80, 1.0)",0.0,0.0,0.05869972451087808,20.637564885481606,0.8080977366359284,0.0,0.0,0.0,0.0,0.0,0.0,0.0,0.0,52.93592225567587,-4.665669920401626,True,False,True,False,True,2.214601428838048,0,0.9389002036659889,0.9979633401222014,False,False,False,False,0.14408608034131093,0.1450445924219203,False,False,False,False,-252.0,-192.53665673030295,False,False,False,False,2.2087095038636066,False,False,False,False
2025-06-10 18:00:00+00:00,20.685,20.685,20.68,20.68,0.0,,,,,,,,,,,,,,,,,,,,,,,,20.62349794238683,,20.6190099009901,"rgba(239, 83, 80, 1.0)",0.0,0.0,0.05787155706486959,20.637564885481606,0.733263742512191,0.0,0.0,0.0,0.0,0.0,0.0,0.0,0.0,52.903842819792445,-4.237885656028212,True,False,True,False,True,1.5983093669419652,0,0.9390243902439036,0.9979674796747986,False,False,False,False,0.14408608034131093,0.14456533638161562,False,False,False,False,-252.0,-193.45856902905794,False,False,False,False,2.1744659456641706,False,False,False,False
2025-06-10 19:00:00+00:00,20.685,20.695,20.68,20.685,0.0,,,,,,,,,,,,,,,,,,,,,,,,20.62349794238683,,20.6190099009901,"rgba(239, 83, 80, 1.0)",0.0,0.0,0.05667768838225247,20.637564885481606,0.8369274730909192,0.0,0.0,0.0,0.0,0.0,0.0,0.0,0.0,53.89575166391155,-2.7651857891238123,True,False,True,False,True,2.191295270100138,0,0.9450101832993905,0.9959266802443999,False,False,False,False,0.15603264489881763,0.15029899064021662,False,False,False,False,-252.0,-194.36618811387874,False,False,False,False,2.1407532953437958,False,False,False,False
2025-06-11 14:00:00+00:00,20.685,20.735,20.685,20.73,0.0,,,,,,,,,,,,,,,,,,,,,,,,20.62349794238683,,20.6190099009901,"rgba(38, 166, 154, 1.0)",0.0,0.0,0.05578045768416424,20.637564885481606,1.6571236299596843,0.0,0.0,0.0,0.0,1.0,20.715,20.695,0.0,60.364869460762165,3.6311639807457468,True,False,True,False,True,7.220001816383512,0,0.9556451612903237,0.9737903225806458,False,False,False,False,0.21039541128835634,0.18034720096428647,False,False,False,False,-252.0,-195.25973558498137,False,False,False,False,2.107563321772574,False,False,False,False
2025-06-11 15:00:00+00:00,20.73,20.735,20.715,20.73,0.0,,,,,,,,,,,,,,,,,,,,,,,,20.62349794238683,,20.6190099009901,"rgba(38, 166, 154, 1.0)",0.0,0.0,0.05478442601076273,20.637564885481606,1.6872516744126402,0.0,0.0,0.0,0.0,0.0,0.0,0.0,0.0,64.67761465866258,7.7354113407889,True,False,True,False,True,7.220001816383512,0,0.9680000000000017,0.964000000000001,False,False,False,False,0.24731086735185448,0.21382903415807047,False,False,False,False,-252.0,-196.13942960691963,False,False,False,False,2.074887921435015,False,False,False,False
2025-06-11 16:00:00+00:00,20.735,20.74,20.725,20.73,0.0,,,,,,,,,,,,,,,,,,,,,,,,20.62349794238683,,20.6190099009901,"rgba(38, 166, 154, 1.0)",0.0,0.0,0.05354395348636839,20.637564885481606,1.726340856431672,0.0,0.0,0.0,0.0,0.0,0.0,0.0,0.0,67.55277812392953,10.467307976015448,True,False,True,False,True,7.220001816383512,0,0.9721669980119307,0.962226640159047,False,False,False,False,0.2660132736694823,0.23992115391377639,False,False,False,False,-252.0,-197.0054849618511,False,False,False,False,2.042719116451526,False,False,False,False
2025-06-11 17:00:00+00:00,20.73,20.765,20.73,20.755,0.0,,,,,,,,,,,,,,,,,,,,,,,,20.62349794238683,,20.6190099009901,"rgba(38, 166, 154, 1.0)",0.0,0.0,0.052576156689584104,20.637564885481606,2.2336192280417966,0.0,0.0,0.0,0.0,0.0,0.0,0.0,0.0,71.58772900710443,14.290491805563576,True,False,True,False,True,9.875033855121547,0,0.9745098039215706,0.9529411764705886,False,False,False,False,0.30398537855273755,0.271953266233257,False,False,False,False,-252.0,-197.8581131019774,False,False,False,False,2.011049052630572,False,False,False,False
2025-06-11 18:00:00+00:00,20.755,20.76,20.745,20.75,0.0,,,,,,,,,,,,,,,,,,,,,,,,20.62349794238683,,20.6190099009901,"rgba(38, 166, 154, 1.0)",0.0,0.0,0.05137365328889628,20.637564885481606,2.188575414057534,0.0,0.0,0.0,0.0,0.0,0.0,0.0,0.0,72.92794551372863,15.65304523526585,True,False,True,False,True,9.201911392708428,0,0.980506822612088,0.9551656920077973,False,False,False,False,0.316829070946994,0.2943911685901255,False,False,False,False,-252.0,-198.69752220117155,False,False,False,False,1.9798699975510283,False,False,False,False
2025-06-11 19:00:00+00:00,20.755,20.76,20.745,20.76,0.0,,,,,,,,,,,,,,,,,,,,,,,,20.62349794238683,,20.6190099009901,"rgba(38, 166, 154, 1.0)",0.0,0.0,0.05020453660269151,20.637564885481606,2.43872611527764,0.0,0.0,0.0,0.0,0.0,0.0,0.0,0.0,74.65590742362491,17.513502596080983,True,False,True,False,True,10.249904570948548,0,0.9902152641878701,0.9549902152641878,False,False,False,False,0.316829070946994,0.30561011976855973,False,False,False,False,-252.0,-199.52391720580454,False,False,False,False,1.9491743386742681,False,False,False,False
2025-06-12 14:00:00+00:00,20.81,20.81,20.805,20.81,0.0,,,,,,,,,,,,,,,,,,,,,,,,20.62349794238683,,20.6190099009901,"rgba(38, 166, 154, 1.0)",0.0,0.0,0.05017375215589253,20.637564885481606,3.4367594032558695,0.0,0.0,0.0,0.0,0.0,0.0,0.0,0.0,78.47835331002305,21.32419717552912,True,False,True,False,True,15.11619986176585,0,0.9961612284069132,0.9443378119001913,False,False,False,False,0.34282802826048314,0.32421907401452144,False,False,False,False,-252.0,-200.3374998847843,False,False,False,False,1.9189545814855198,False,False,False,False
2025-06-12 15:00:00+00:00,20.81,20.82,20.81,20.815,0.0,,,,,,,,,,,,,,,,,,,,,,,,20.62349794238683,,20.6190099009901,"rgba(38, 166, 154, 1.0)",0.0,0.0,0.050088390339902276,20.637564885481606,3.5424399409586185,0.0,0.0,0.0,0.0,0.0,0.0,0.0,0.0,81.20958457765367,24.060950725328453,True,False,True,False,True,15.571946502160984,0,0.9980879541109018,0.9407265774378573,False,False,False,False,0.34282803332365086,0.33352355366908615,False,False,False,False,-252.0,-201.13846887881866,False,False,False,False,1.8892033476640389,False,False,False,False
2025-06-12 16:00:00+00:00,20.815,20.825,20.815,20.815,0.0,,,,,,,,,,,,,,,,,,,,,,,,20.62349794238683,,20.6190099009901,"rgba(38, 166, 154, 1.0)",0.0,0.0,0.049777161085796925,20.637564885481606,3.564588872647134,0.0,0.0,0.0,0.0,0.0,0.0,0.0,0.0,83.03040542274076,25.9891691005878,True,False,True,False,True,15.571946502160984,0,1.000000000000004,0.9390476190476181,False,False,False,False,0.3428280365749989,0.33817579512204254,False,False,False,False,-252.0,-201.9270197489145,False,False,False,False,1.8599133732816506,False,False,False,False
2025-06-12 17:00:00+00:00,20.815,20.835,20.81,20.825,0.0,,,,,,,,,,,,,,,,,,,,,,,,20.62349794238683,,20.6190099009901,"rgba(38, 166, 154, 1.0)",0.0,0.0,0.05180629201059958,20.637564885481606,3.617999035330388,0.0,0.0,0.0,0.0,0.0,0.0,0.0,0.0,84.6485548041153,27.79588741602126,True,False,True,False,True,16.499106040485106,0,0.9981132075471728,0.935849056603772,False,False,False,False,0.3428280381650741,0.34050191664355833,False,False,False,False,-252.0,-202.7033450241251,False,False,False,False,1.8310775070292218,False,False,False,False
2025-06-12 18:00:00+00:00,20.825,20.835,20.82,20.835,0.0,,,,,,,,,,,,,,,,,,,,,,,,20.62349794238683,,20.6190099009901,"rgba(38, 166, 154, 1.0)",0.0,0.0,0.05414153956346222,20.637564885481606,3.646647585389974,0.0,0.0,0.0,0.0,0.0,0.0,0.0,0.0,86.1023457558149,29.499090085872368,True,False,True,False,True,17.415832947156293,0,1.0018761726078835,0.9362101313320811,False,False,False,False,0.34282804127658834,0.3416649789600733,False,False,False,False,-252.0,-203.46763424855726,False,False,False,False,1.8026887084706291,False,False,False,False
2025-06-12 19:00:00+00:00,20.835,20.855,20.835,20.855,0.0,,,,,,,,,,,,,,,,,,,,,,,,20.62349794238683,,20.6190099009901,"rgba(38, 166, 154, 1.0)",0.0,0.0,0.057005057464862126,20.637564885481606,3.8143126976483033,0.0,0.0,0.0,0.0,0.0,0.0,0.0,0.0,87.70469059720347,31.364954169536745,True,False,True,False,True,19.20031881661366,0,1.0074487895716986,0.9292364990688998,False,False,False,False,0.3428280514955687,0.342246515227821,False,False,False,False,-252.0,-204.2200740276494,False,True,False,False,1.7747400463237977,False,True,False,False
2025-06-13 14:00:00+00:00,20.855,20.855,20.77,20.78,0.0,,,,,,,,,,,,,,,,,,,,,,,,20.62349794238683,,20.6190099009901,"rgba(239, 83, 80, 1.0)",0.0,0.0,0.05769537898959004,20.637564885481606,2.4687438927144414,0.0,0.0,0.0,0.0,0.0,0.0,0.0,0.0,75.99475053185321,33.08323919389177,True,False,True,False,False,9.214121588187918,0,0.983754512635382,0.9314079422382658,False,False,False,False,0.2781939439206139,0.31022022957421747,False,False,False,False,-252.0,-204.96084807373234,False,False,False,False,1.74722469676839,False,False,False,False
2025-06-13 15:00:00+00:00,20.785,20.785,20.775,20.78,0.0,,,,,,,,,,,,,,,,,,,,,,,,20.62349794238683,,20.6190099009901,"rgba(239, 83, 80, 1.0)",0.0,0.0,0.05836357002704678,20.637564885481606,2.4404798139042625,0.0,0.0,0.0,0.0,0.0,0.0,0.0,0.0,68.18812382161971,26.252937038198056,True,False,True,False,False,9.214121588187918,0,0.9963636363636383,0.9563636363636355,False,False,False,False,0.21575210452592533,0.2629861670500714,False,False,False,False,-252.0,-205.69013725088377,False,False,False,False,1.7201359417797328,False,False,False,False
2025-06-13 16:00:00+00:00,20.775,20.78,20.755,20.755,0.0,,,,,,,,,,,,,,,,,,,,,,,,20.62349794238683,,20.6190099009901,"rgba(239, 83, 80, 1.0)",0.0,0.0,0.058649746741043014,20.637564885481606,2.002312389120897,0.0,0.0,0.0,0.0,0.0,0.0,0.0,0.0,60.33694216352763,19.48912873215751,True,False,True,False,False,6.2255277134814655,0,0.9891891891891912,0.9477477477477474,False,False,False,False,0.19219490858674593,0.22759053781840866,False,False,False,False,-252.0,-206.4081196190871,False,False,False,False,1.6934671674885742,False,False,False,False
2025-06-13 17:00:00+00:00,20.755,20.77,20.745,20.75,5.0,,,,,,,,,,,,,,,,,,,,,,,,20.62743512974052,,20.622294685990337,"rgba(239, 83, 80, 1.0)",0.0,0.0,0.0583702843070496,20.667478852937695,1.4137527004016819,0.0,0.0,0.0,0.0,0.0,0.0,0.0,0.0,54.61385554024583,14.668182253771676,False,False,False,False,False,5.6414852596067355,0,0.9857142857142884,0.9517857142857145,False,False,False,False,0.17350091506954837,0.2005457264439785,False,False,False,False,-257.0,-207.19248985755087,False,False,False,False,1.7447312424112318,False,False,False,False
2025-06-13 18:00:00+00:00,20.75,20.765,20.75,20.755,0.0,,,,,,,,,,,,,,,,,,,,,,,,20.62743512974052,,20.622294685990337,"rgba(239, 83, 80, 1.0)",0.0,0.0,0.05793262629283182,20.667478852937695,1.5107401936157958,0.0,0.0,0.0,0.0,0.0,0.0,0.0,0.0,51.473905397817376,12.017423749778459,False,False,False,False,False,6.14667060637267,0,0.9875666074600379,0.9538188277087032,False,False,False,False,0.17350091506954837,0.18702332075676342,False,False,False,False,-257.0,-207.96469931712372,False,False,False,False,1.7176811456296623,False,False,False,False
2025-06-13 19:00:00+00:00,20.765,20.775,20.755,20.775,169.0,,,,,,,,,,,,,,,,,,,,,,,,20.69830357142857,,20.68793439716312,"rgba(239, 83, 80, 1.0)",0.0,0.0,0.057954859725147204,20.723964660830905,0.8806049986339397,0.0,0.0,0.0,0.0,0.0,0.0,0.0,0.0,51.90645839171411,12.017423749778459,False,False,False,False,False,8.13453495828719,0,0.9894179894179914,0.9506172839506178,False,False,False,False,0.18750944923774135,0.1872663849972524,False,False,False,False,-88.0,-206.10478149825357,False,False,False,False,4.311205468953233,False,False,False,False
2025-06-16 14:00:00+00:00,20.795,20.81,20.785,20.785,44.0,,,,,,,,,,,,,,,,,,,,,,,,20.70930701754386,,20.69897619047619,"rgba(239, 83, 80, 1.0)",0.0,0.0,0.058083118447999876,20.732985148751435,0.8955244249692298,0.0,0.0,0.0,0.0,0.0,0.0,0.0,0.0,53.33082925613951,12.017423749778459,False,False,True,False,False,9.10517243322159,0,0.9965156794425106,0.9425087108013946,False,False,False,False,0.24913931118332514,0.21820284809028878,False,False,False,False,-44.0,-203.59152907192404,False,False,False,False,4.9265356167214,False,False,False,False
2025-06-16 15:00:00+00:00,20.785,20.81,20.78,20.79,65.0,,,,,,,,,,,,,,,,,,,,,,,,20.72158052434457,,20.71162199312715,"rgba(239, 83, 80, 1.0)",0.0,0.0,0.05844894592099179,20.742632920908967,0.8104009121919873,0.0,0.0,0.0,0.0,0.0,0.0,0.0,0.0,54.85017396093005,12.017423749778459,False,False,True,False,False,9.589618900750079,0,0.9948275862068987,0.9431034482758629,False,False,False,False,0.24433791577540526,0.23127038193284702,False,False,False,False,21.0,-200.1094898615066,False,False,False,False,5.857907157547424,False,False,False,False
2025-06-16 16:00:00+00:00,20.795,20.81,20.78,20.78,122.0,,,,,,,,,,,,,,,,,,,,,,,,20.736302175191064,,20.727375068643603,"rgba(239, 83, 80, 1.0)",0.0,0.0,0.058533658600714036,20.753455876605152,0.45348478173762313,0.0,0.0,0.0,0.0,0.0,0.0,0.0,0.0,54.30616990354211,12.017423749778459,False,False,True,False,False,8.339222167710396,0,0.9946043165467648,0.9946043165467636,False,False,False,False,0.24433791577540526,0.23780414885412615,False,False,False,False,-101.0,-198.57290862334372,False,False,False,False,7.658559759755991,False,False,False,False
2025-06-16 17:00:00+00:00,20.78,20.79,20.755,20.76,0.0,,,,,,,,,,,,,,,,,,,,,,,,20.736302175191064,,20.727375068643603,"rgba(239, 83, 80, 1.0)",0.0,0.0,0.058708472000899854,20.753455876605152,0.11146812669131419,0.0,0.0,0.0,0.0,0.0,0.0,0.0,0.0,51.21791246490549,9.83678449892642,False,False,False,False,False,5.898735631833372,0,0.9396092362344595,0.9946714031971591,False,False,False,False,0.2015911107418744,0.21969762979800028,False,False,False,False,-101.0,-197.0601503501136,False,False,False,False,7.539822399139619,False,False,False,False
2025-06-16 18:00:00+00:00,20.76,20.76,20.745,20.75,0.0,,,,,,,,,,,,,,,,,,,,,,,,20.736302175191064,,20.727375068643603,"rgba(239, 83, 80, 1.0)",0.0,0.0,0.05883631286635382,20.753455876605152,-0.05873713760754826,0.0,0.0,0.0,0.0,0.0,0.0,0.0,0.0,47.96471594330342,6.272691590704348,False,True,False,True,False,4.707844755126466,0,0.9363957597173164,1.0053003533568907,False,False,False,False,0.16419953605403279,0.19194858292601652,False,False,False,False,-101.0,-195.5708456935227,False,False,False,False,7.422925927835129,False,False,False,False
2025-06-16 19:00:00+00:00,20.745,20.75,20.73,20.75,0.0,,,,,,,,,,,,,,,,,,,,,,,,20.736302175191064,,20.727375068643603,"rgba(239, 83, 80, 1.0)",0.0,0.0,0.05896112629869087,20.753455876605152,-0.058612798331644456,0.0,0.0,0.0,0.0,0.0,0.0,0.0,0.0,45.79591826223537,3.7894809644102594,False,True,False,True,False,4.707844755126466,0,0.9315789473684226,1.0087719298245623,False,False,False,False,0.1410651723294885,0.16650687762775251,False,False,False,False,-101.0,-194.10463103160762,False,False,False,False,7.3078418049229565,False,False,False,False
2025-06-17 14:00:00+00:00,20.77,20.77,20.755,20.765,0.0,,,,,,,,,,,,,,,,,,,,,,,,20.736302175191064,,20.727375068643603,"rgba(239, 83, 80, 1.0)",0.0,0.0,0.05918576648950929,20.753455876605152,0.19504898017828298,0.0,0.0,0.0,0.0,0.0,0.0,0.0,0.0,46.91041044318447,3.7894809644102594,False,True,False,True,False,6.287652106387085,0,0.9390243902439039,1.003484320557492,False,False,False,False,0.18283211367476715,0.17466949565125983,False,False,False,False,-101.0,-192.6611483799548,False,False,False,False,7.1945419319784145,False,False,False,False
2025-06-17 15:00:00+00:00,20.76,20.78,20.76,20.775,0.0,,,,,,,,,,,,,,,,,,,,,,,,20.736302175191064,,20.727375068643603,"rgba(239, 83, 80, 1.0)",0.0,0.0,0.05955223311064192,20.753455876605152,0.3617685226819291,0.0,0.0,0.0,0.0,0.0,0.0,0.0,0.0,49.1722578446585,3.7894809644102594,False,True,False,False,False,7.322377317708636,1,0.9411764705882377,1.0,False,False,False,False,0.19688871917564332,0.18577910741345158,False,False,False,False,-101.0,-191.2400453042966,False,False,False,False,7.0829986462113075,False,False,False,False
2025-06-17 16:00:00+00:00,20.775,20.795,20.775,20.78,0.0,,,,,,,,,,,,,,,,,,,,,,,,20.736302175191064,,20.727375068643603,"rgba(239, 83, 80, 1.0)",0.0,0.0,0.05997912549788694,20.753455876605152,0.44255602552565554,0.0,0.0,0.0,0.0,0.0,0.0,0.0,0.0,51.42065328142544,3.7894809644102594,False,True,False,False,True,7.838383979346119,1,0.946735395189005,0.9948453608247421,False,False,False,False,0.22523999352498766,0.20550955046921962,False,False,False,False,-101.0,-189.84097483446254,False,False,False,False,6.973184713711907,False,False,False,False
2025-06-17 17:00:00+00:00,20.78,20.795,20.78,20.795,0.0,,,,,,,,,,,,,,,,,,,,,,,,20.736302175191064,,20.727375068643603,"rgba(239, 83, 80, 1.0)",0.0,0.0,0.060607510015393815,20.753455876605152,0.6854616430257249,0.0,0.0,0.0,0.0,0.0,0.0,0.0,0.0,54.96729572018258,-1.891021066810076,False,False,True,False,True,9.370199538463389,0,0.9487179487179511,0.9948717948717947,False,False,False,False,0.2299988330263676,0.2177541917477936,False,False,False,False,-101.0,-188.4635953796647,False,False,False,False,6.865073322801645,False,False,False,False
2025-06-17 18:00:00+00:00,20.795,20.795,20.79,20.79,0.0,,,,,,,,,,,,,,,,,,,,,,,,20.736302175191064,,20.727375068643603,"rgba(239, 83, 80, 1.0)",0.0,0.0,0.061051226459818565,20.753455876605152,0.598581314642372,0.0,0.0,0.0,0.0,0.0,0.0,0.0,0.0,56.30435393486884,-0.3465348640711099,False,False,True,False,True,8.720711853172727,0,0.9841269841269858,0.9947089947089944,False,False,False,False,0.2395475417705745,0.22865086675918406,False,False,False,False,-101.0,-187.10757064509625,False,False,False,False,6.75863807748689,False,False,False,False
2025-06-17 19:00:00+00:00,20.79,20.805,20.79,20.805,0.0,,,,,,,,,,,,,,,,,,,,,,,,20.736302175191064,,20.727375068643603,"rgba(239, 83, 80, 1.0)",0.0,0.0,0.061664377848895044,20.753455876605152,0.835881674200197,0.0,0.0,0.0,0.0,0.0,0.0,0.0,0.0,59.15862534401778,2.621098868474263,False,False,True,False,True,10.246658016025656,0,0.9842105263157912,0.9578947368421058,False,False,False,False,0.24913931118332514,0.2388950889712546,False,False,False,False,-101.0,-185.77256954982343,False,False,False,False,6.653852991014225,False,False,False,False
2025-06-18 14:00:00+00:00,20.825,20.835,20.81,20.835,0.0,,,,,,,,,,,,,,,,,,,,,,,,20.736302175191064,,20.727375068643603,"rgba(38, 166, 154, 1.0)",0.0,0.0,0.06294034069245498,20.753455876605152,1.2955780425990644,0.0,0.0,0.0,0.0,0.0,0.0,0.0,0.0,63.92054477697963,7.24087930413539,True,False,True,False,True,13.152598744999406,0,0.9895833333333353,0.9496527777777775,False,False,False,False,0.29781841703040624,0.2683567530008304,False,False,False,False,-101.0,-184.4582661459502,False,False,False,False,6.550692479525632,False,False,False,False
2025-06-18 15:00:00+00:00,20.835,20.835,20.835,20.835,0.0,,,,,,,,,,,,,,,,,,,,,,,,20.736302175191064,,20.727375068643603,"rgba(38, 166, 154, 1.0)",0.0,0.0,0.0642647255883878,20.753455876605152,1.2688784188877564,0.0,0.0,0.0,0.0,0.0,0.0,0.0,0.0,67.09515773228753,10.274248624553806,True,False,True,False,True,13.152598744999406,0,0.9982638888888917,0.9496527777777775,False,False,False,False,0.32266831806313123,0.2955125355319808,False,False,False,False,-101.0,-183.16433953903626,False,False,False,False,6.449131355812057,False,False,False,False
2025-06-18 16:00:00+00:00,20.835,20.835,20.82,20.825,0.0,,,,,,,,,,,,,,,,,,,,,,,,20.736302175191064,,20.727375068643603,"rgba(38, 166, 154, 1.0)",0.0,0.0,0.065231880228873,20.753455876605152,1.096766230619558,0.0,0.0,0.0,0.0,0.0,0.0,0.0,0.0,66.92554297641297,10.274248624553806,True,False,True,False,True,11.800607366337523,0,0.9930915371329905,0.949913644214162,False,False,False,False,0.30771397890992275,0.3016132572209518,False,False,False,False,-101.0,-181.8904738097489,False,False,False,False,6.349144823163807,False,False,False,False
2025-06-18 17:00:00+00:00,20.825,20.83,20.815,20.815,0.0,,,,,,,,,,,,,,,,,,,,,,,,20.736302175191064,,20.727375068643603,"rgba(38, 166, 154, 1.0)",0.0,0.0,0.06547525493653959,20.753455876605152,0.9399600422251084,0.0,0.0,0.0,0.0,0.0,0.0,0.0,0.0,64.70248975471412,10.274248624553806,True,False,True,False,True,10.46311459725825,0,0.9914089347079066,0.9518900343642617,False,False,False,False,0.29781841703040624,0.299715837125679,False,False,False,False,-101.0,-180.63635793672955,False,False,False,False,6.250708469316306,False,False,False,False
2025-06-18 18:00:00+00:00,20.815,20.815,20.78,20.78,0.0,,,,,,,,,,,,,,,,,,,,,,,,20.736302175191064,,20.727375068643603,"rgba(38, 166, 154, 1.0)",0.0,0.0,0.06477598264730366,20.753455876605152,0.4097834152417025,0.0,0.0,0.0,0.0,0.0,0.0,0.0,0.0,57.749907022910975,14.594668764298689,False,True,True,False,False,6.005279762313737,0,0.9796264855687633,0.9575551782682509,False,False,False,False,0.24913931118332514,0.2744275741545021,False,False,False,False,-101.0,-179.40168572065625,False,False,False,False,6.153798260489697,False,False,False,False
2025-06-18 19:00:00+00:00,20.78,20.815,20.775,20.805,0.0,,,,,,,,,,,,,,,,,,,,,,,,20.736302175191064,,20.727375068643603,"rgba(38, 166, 154, 1.0)",0.0,0.0,0.06410871959354524,20.753455876605152,0.8040111192618115,0.0,0.0,0.0,0.0,0.0,0.0,0.0,0.0,56.47599910388947,13.391417177521689,False,True,True,False,False,8.532261193988127,0,0.978224455611392,0.9581239530988271,False,False,False,False,0.24433791577540526,0.25938274496495367,False,False,False,False,-101.0,-178.1861557094833,False,False,False,False,6.058390535520864,False,False,False,False
2025-06-19 14:00:00+00:00,20.805,20.805,20.805,20.805,0.0,,,,,,,,,,,,,,,,,,,,,,,,20.736302175191064,,20.727375068643603,"rgba(38, 166, 154, 1.0)",0.0,0.0,0.06333715019315676,20.753455876605152,0.8138055349452239,0.0,0.0,0.0,0.0,0.0,0.0,0.0,0.0,55.62672715787513,12.39567575579997,False,True,True,False,False,8.532261193988127,0,0.9879310344827609,0.9672413793103461,False,False,False,False,0.2636122448329132,0.2614974948989334,False,False,False,False,-101.0,-176.98947112484015,False,False,False,False,5.964462000086432,False,False,False,False
2025-06-19 15:00:00+00:00,20.805,20.805,20.805,20.805,0.0,,,,,,,,,,,,,,,,,,,,,,,,20.736302175191064,,20.727375068643603,"rgba(38, 166, 154, 1.0)",0.0,0.0,0.06257989488037806,20.753455876605152,0.8236530836840635,0.0,0.0,0.0,0.0,0.0,0.0,0.0,0.0,55.06054586053224,11.521614179821654,False,True,True,False,False,8.532261193988127,0,0.9810344827586218,0.9672413793103461,False,False,False,False,0.2636122448329132,0.2625548698659233,False,False,False,False,-101.0,-175.81133978957132,False,False,False,False,5.871989721015325,False,False,False,False
2025-06-19 16:00:00+00:00,20.805,20.805,20.805,20.805,0.0,,,,,,,,,,,,,,,,,,,,,,,,20.736302175191064,,20.727375068643603,"rgba(38, 166, 154, 1.0)",0.0,0.0,0.062446156987587896,20.753455876605152,0.8254170613748592,0.0,0.0,0.0,0.0,0.0,0.0,0.0,0.0,54.683091662303646,10.726419290317672,False,True,True,False,False,8.532261193988127,0,0.9810344827586218,0.9672413793103461,False,False,False,False,0.2636122448329132,0.26308355734941824,False,False,False,False,-101.0,-174.65147405639968,False,False,False,False,5.7809511206895055,False,False,False,False
2025-06-19 17:00:00+00:00,20.805,20.805,20.805,20.805,0.0,,,,,,,,,,,,,,,,,,,,,,,,20.736302175191064,,20.727375068643603,"rgba(38, 166, 154, 1.0)",0.0,0.0,0.062251307016167934,20.753455876605152,0.8280006615999382,0.0,0.0,0.0,0.0,0.0,0.0,0.0,0.0,54.43145553015125,9.990859623843697,False,True,True,False,False,8.532261193988127,0,0.9810344827586218,0.9672413793103461,False,False,False,False,0.2636122448329132,0.2633479010911657,False,False,False,False,-101.0,-173.50959073769582,False,False,False,False,5.691323971531529,False,False,False,False
2025-06-19 18:00:00+00:00,20.805,20.805,20.805,20.805,0.0,,,,,,,,,,,,,,,,,,,,,,,,20.736302175191064,,20.727375068643603,"rgba(38, 166, 154, 1.0)",0.0,0.0,0.06159355295614767,20.753455876605152,0.8368428337223124,0.0,0.0,0.0,0.0,0.0,0.0,0.0,0.0,54.26369810871632,9.30779071883876,False,True,True,False,False,8.532261193988127,0,0.9810344827586218,0.9672413793103461,False,False,False,False,0.2636122448329132,0.26348007296203946,False,False,False,False,-101.0,-172.3854110363362,False,False,False,False,5.603086390577551,False,False,False,False
2025-06-19 19:00:00+00:00,20.805,20.805,20.805,20.805,0.0,,,,,,,,,,,,,,,,,,,,,,,,20.736302175191064,,20.727375068643603,"rgba(38, 166, 154, 1.0)",0.0,0.0,0.06084813469196515,20.753455876605152,0.8470945519658503,0.0,0.0,0.0,0.0,0.0,0.0,0.0,0.0,54.1518598277597,8.675573212088104,False,True,True,False,False,8.532261193988127,0,0.9810344827586218,0.9672413793103461,False,False,False,False,0.2636122448329132,0.26354615889747635,False,False,False,False,-101.0,-171.2786604776333,False,False,False,False,5.516216834134488,False,False,False,False
2025-06-20 14:00:00+00:00,20.79,20.79,20.78,20.79,0.0,,,,,,,,,,,,,,,,,,,,,,,,20.736302175191064,,20.727375068643603,"rgba(38, 166, 154, 1.0)",0.0,0.0,0.05995493803341527,20.753455876605152,0.6095264976252643,0.0,0.0,0.0,0.0,0.0,0.0,0.0,0.0,50.531519178511545,4.90327538788344,False,True,False,False,False,6.469958503437077,0,0.9777777777777795,0.9675213675213689,False,False,False,False,0.22523999352498766,0.24439307621123202,False,False,False,False,-101.0,-170.18906884232118,False,False,False,False,5.43069409252,False,False,False,False
2025-06-20 15:00:00+00:00,20.8,20.82,20.79,20.81,0.0,,,,,,,,,,,,,,,,,,,,,,,,20.736302175191064,,20.727375068643603,"rgba(38, 166, 154, 1.0)",0.0,0.0,0.05922152640033263,20.753455876605152,0.9547900372005498,0.0,0.0,0.0,0.0,0.0,0.0,0.0,0.0,52.43391952368737,4.90327538788344,False,True,True,False,True,8.697077901063022,0,0.9813874788494089,0.9576988155668367,False,False,False,False,0.2636122448329132,0.2540026605220726,False,False,False,False,-101.0,-169.1163701005798,False,False,False,False,5.34649728488403,False,False,False,False
2025-06-20 16:00:00+00:00,20.81,20.84,20.81,20.84,0.0,,,,,,,,,,,,,,,,,,,,,,,,20.736302175191064,,20.727375068643603,"rgba(38, 166, 154, 1.0)",0.0,0.0,0.05878484207390385,20.753455876605152,1.4722183532626567,0.0,0.0,0.0,0.0,0.0,0.0,0.0,0.0,57.7592977214405,3.1608864299953012,False,True,True,False,True,11.838870945289514,0,1.0592459605026958,0.9479353680430889,False,False,False,False,0.30275900467740124,0.2783808325997369,False,False,False,False,-101.0,-168.06030234708243,False,False,False,False,5.263605854110635,False,False,False,False
2025-06-20 17:00:00+00:00,20.84,20.85,20.835,20.84,20.0,,,,,,,,,,,,,,,,,,,,,,,,20.739892106757527,,20.731020733652315,"rgba(38, 166, 154, 1.0)",0.0,0.0,0.05962344299812907,20.777102897750062,1.0549055721574396,0.0,0.0,0.0,0.0,0.0,0.0,0.0,0.0,61.30954985327591,6.342585552047211,False,False,True,False,True,11.838870945289514,0,1.068345323741011,0.8794964028776964,False,False,False,False,0.3371412932437163,0.30776106292172656,False,False,False,False,-101.0,-167.02060773705014,False,False,False,False,5.492077081178686,False,False,False,False
2025-06-20 18:00:00+00:00,20.84,20.84,20.835,20.835,0.0,,,,,,,,,,,,,,,,,,,,,,,,20.739892106757527,,20.731020733652315,"rgba(38, 166, 154, 1.0)",0.0,0.0,0.06037480531739492,20.777102897750062,0.9589613075449168,0.0,0.0,0.0,0.0,0.0,0.0,0.0,0.0,62.412693839235416,7.2982197851984765,False,False,True,False,True,11.130600729307048,0,1.0623853211009213,0.9027522935779817,False,False,False,False,0.32583016398466924,0.3167956134531979,False,False,False,False,-101.0,-165.99703242329744,False,False,False,False,5.406928599299946,False,False,False,False
2025-06-20 19:00:00+00:00,20.83,20.845,20.825,20.845,0.0,,,,,,,,,,,,,,,,,,,,,,,,20.739892106757527,,20.731020733652315,"rgba(38, 166, 154, 1.0)",0.0,0.0,0.06128930068433335,20.777102897750062,1.107813296804226,0.0,0.0,0.0,0.0,0.0,0.0,0.0,0.0,64.4556230599765,9.24702880422965,True,False,True,False,True,12.176312875846524,0,1.0493601462522877,0.8921389396709319,False,False,False,False,0.31967430584488704,0.31823495964904247,False,False,False,False,-101.0,-164.98932649425407,False,False,False,False,5.323100248923203,False,False,False,False
2025-06-23 14:00:00+00:00,20.845,20.89,20.845,20.89,0.0,,,,,,,,,,,,,,,,,,,,,,,,20.739892106757527,,20.731020733652315,"rgba(38, 166, 154, 1.0)",0.0,0.0,0.06324541075823818,20.777102897750062,1.7850639421332695,0.0,0.0,0.0,0.0,0.0,0.0,0.0,0.0,69.58723195403697,14.013583650019598,True,False,True,False,True,16.5691769288482,0,1.0562613430127064,0.8820326678765872,False,False,False,False,0.34282803332365086,0.33053149648634667,False,False,False,False,-101.0,-163.99724391294782,False,False,False,False,5.240571562893386,False,False,False,False
2025-06-23 15:00:00+00:00,20.89,20.905,20.89,20.895,0.0,,,,,,,,,,,,,,,,,,,,,,,,20.739892106757527,,20.731020733652315,"rgba(38, 166, 154, 1.0)",0.0,0.0,0.06522815122098768,20.777102897750062,1.807457363777056,0.0,0.0,0.0,0.0,0.0,0.0,0.0,0.0,73.29713909101606,17.341811414568355,True,False,True,False,True,17.028764539373437,0,1.068965517241383,0.8765880217785833,False,False,False,False,0.3428280365749989,0.3366797665306728,False,False,False,False,-101.0,-163.02054245693313,False,False,False,False,5.159322391375659,False,False,False,False
2025-06-23 16:00:00+00:00,20.895,20.9,20.89,20.89,0.0,,,,,,,,,,,,,,,,,,,,,,,,20.739892106757527,,20.731020733652315,"rgba(38, 166, 154, 1.0)",0.0,0.0,0.066962743439956,20.777102897750062,1.6859688903154164,0.0,0.0,0.0,0.0,0.0,0.0,0.0,0.0,74.52880763595847,18.444251413719016,True,False,True,False,True,16.296020857968596,0,1.0641025641025676,0.8901098901098901,False,False,False,False,0.3372693378781174,0.3369745522043951,False,False,False,False,-101.0,-162.05898365915124,False,False,False,False,5.0793328969357265,False,False,False,False
2025-06-23 17:00:00+00:00,20.89,20.9,20.89,20.895,0.0,,,,,,,,,,,,,,,,,,,,,,,,20.739892106757527,,20.731020733652315,"rgba(38, 166, 154, 1.0)",0.0,0.0,0.06873024695753131,20.777102897750062,1.7153597938151834,0.0,0.0,0.0,0.0,0.0,0.0,0.0,0.0,75.72842011535174,19.684578624755815,True,False,True,False,True,16.769123898197705,0,1.061111111111114,0.8944444444444446,False,False,False,False,0.3372693378781174,0.33712194504125625,False,False,False,False,-101.0,-161.11233274970704,False,False,False,False,5.000583549696413,False,False,False,False
2025-06-23 18:00:00+00:00,20.895,20.9,20.89,20.89,0.0,,,,,,,,,,,,,,,,,,,,,,,,20.739892106757527,,20.731020733652315,"rgba(38, 166, 154, 1.0)",0.0,0.0,0.07021363795553813,20.777102897750062,1.6079084567791397,0.0,0.0,0.0,0.0,0.0,0.0,0.0,0.0,75.15828997612027,19.684578624755815,True,False,True,False,True,16.02060658754674,0,1.057728119180637,0.8919925512104286,False,False,False,False,0.3372693378781174,0.33719564145968683,False,False,False,False,-101.0,-160.1803585985488,False,False,False,False,4.923055122569337,False,False,False,False
2025-06-23 19:00:00+00:00,20.89,20.89,20.875,20.875,0.0,,,,,,,,,,,,,,,,,,,,,,,,20.739892106757527,,20.731020733652315,"rgba(38, 166, 154, 1.0)",0.0,0.0,0.07127620428511713,20.777102897750062,1.373489276425729,0.0,0.0,0.0,0.0,0.0,0.0,0.0,0.0,71.05844478405473,19.684578624755815,True,False,True,False,False,13.803281074002992,0,1.048148148148151,0.8907407407407401,False,False,False,False,0.3097672867517989,0.32348146410574286,False,False,False,False,-101.0,-159.26283365903643,False,False,False,False,4.8467286865605095,False,False,False,False
2025-06-24 14:00:00+00:00,20.865,20.91,20.855,20.91,0.0,,,,,,,,,,,,,,,,,,,,,,,,20.739892106757527,,20.731020733652315,"rgba(38, 166, 154, 1.0)",0.0,0.0,0.07304922442562739,20.777102897750062,1.8192814953873033,0.0,0.0,0.0,0.0,0.0,0.0,0.0,0.0,71.83558881192921,19.684578624755815,True,False,True,False,False,17.158201520468754,0,1.0399274047186962,0.8856624319419232,False,False,False,False,0.3097672867517989,0.31662437542877087,False,False,False,False,-101.0,-158.3595339123847,False,False,False,False,4.771585606148719,False,False,False,False
2025-06-24 15:00:00+00:00,20.91,20.93,20.91,20.915,0.0,,,,,,,,,,,,,,,,,,,,,,,,20.739892106757527,,20.731020733652315,"rgba(38, 166, 154, 1.0)",0.0,0.0,0.0748299573868584,20.777102897750062,1.8428061042054602,0.0,0.0,0.0,0.0,0.0,0.0,0.0,0.0,72.74027025303474,19.684578624755815,True,False,True,False,False,17.616781275165703,0,1.0613718411552373,0.8790613718411548,False,False,False,False,0.34282804577951936,0.3297262106041451,False,False,False,False,-101.0,-157.4702388129679,False,False,False,False,4.69760753473556,False,False,False,False
2025-06-24 16:00:00+00:00,20.915,20.93,20.91,20.93,0.0,,,,,,,,,,,,,,,,,,,,,,,,20.739892106757527,,20.731020733652315,"rgba(38, 166, 154, 1.0)",0.0,0.0,0.07679638458079421,20.777102897750062,1.9909414106478038,0.0,0.0,0.0,0.0,0.0,0.0,0.0,0.0,74.43123760865454,19.684578624755815,True,False,True,False,True,18.976467684174885,0,1.0609318996415797,0.8781362007168457,False,False,False,False,0.34282804577951936,0.3362771281918322,False,False,False,False,-101.0,-156.59473123447228,False,False,False,False,4.6247764101660165,False,False,False,False
2025-06-24 17:00:00+00:00,20.93,20.935,20.91,20.93,0.0,,,,,,,,,,,,,,,,,,,,,,,,20.739892106757527,,20.731020733652315,"rgba(38, 166, 154, 1.0)",0.0,0.0,0.0778093651001851,20.777102897750062,1.9650218460601983,0.0,0.0,0.0,0.0,0.0,0.0,0.0,0.0,75.55854917906774,20.45631093415095,True,False,True,False,True,18.976467684174885,0,1.0603907637655443,0.8774422735346361,False,False,False,False,0.342828047238511,0.3395525877151716,False,False,False,False,-101.0,-155.73279741688356,False,False,False,False,4.553074450318481,False,False,False,False
2025-06-24 18:00:00+00:00,20.93,20.945,20.93,20.93,200.0,,,,,,,,,,,,,,,,,,,,,,,,20.789474798814062,,20.78035066505441,"rgba(38, 166, 154, 1.0)",0.0,0.0,0.07844042899485928,20.832910469674452,1.2377485892116982,0.0,0.0,0.0,0.0,0.0,0.0,0.0,0.0,76.31009022600988,21.480631546125622,True,False,True,False,True,18.976467684174885,0,1.0671378091872816,0.8745583038869255,False,False,False,False,0.34282805558120155,0.3411903216481866,False,False,False,False,-101.0,-154.88422691429622,False,False,False,False,7.583259342561605,False,False,False,False
2025-06-24 19:00:00+00:00,20.93,20.95,20.93,20.945,0.0,,,,,,,,,,,,,,,,,,,,,,,,20.789474798814062,,20.78035066505441,"rgba(38, 166, 154, 1.0)",0.0,0.0,0.0790547763114562,20.832910469674452,1.417871703082722,0.0,0.0,0.0,0.0,0.0,0.0,0.0,0.0,77.95293302428631,23.326947333390606,True,False,True,False,True,20.0,0,1.066666666666669,0.8736842105263157,False,False,False,False,0.3428280569067622,0.34200918927747437,False,False,False,False,-101.0,-154.04881254353194,False,False,False,False,7.4656894302738275,False,False,False,False
2025-06-25 14:00:00+00:00,20.91,20.91,20.895,20.9,0.0,,,,,,,,,,,,,,,,,,,,,,,,20.789474798814062,,20.78035066505441,"rgba(38, 166, 154, 1.0)",0.0,0.0,0.07843043626890081,20.832910469674452,0.8554017230699585,0.0,0.0,0.0,0.0,0.0,0.0,0.0,0.0,69.77158097858452,24.90043973346191,True,False,True,False,False,13.685336379861834,0,1.0551724137931053,0.8775862068965514,False,False,False,False,0.27040305772209616,0.30620612349978527,False,False,False,False,-101.0,-153.2263503335547,False,False,False,False,7.349942307323845,False,False,False,False
2025-06-25 15:00:00+00:00,20.895,20.91,20.895,20.905,0.0,,,,,,,,,,,,,,,,,,,,,,,,20.789474798814062,,20.78035066505441,"rgba(38, 166, 154, 1.0)",0.0,0.0,0.07761652094960951,20.832910469674452,0.9287910543214262,0.0,0.0,0.0,0.0,0.0,0.0,0.0,0.0,64.95506449600823,20.682259309896423,True,False,True,False,False,14.167572906499409,0,1.0548885077186982,0.878216123499142,False,False,False,False,0.25759753945313485,0.2819018314764601,False,False,False,False,-101.0,-152.41663947567014,False,False,False,False,7.235989713411847,False,False,False,False
2025-06-25 16:00:00+00:00,20.905,20.915,20.9,20.9,0.0,,,,,,,,,,,,,,,,,,,,,,,,20.789474798814062,,20.78035066505441,"rgba(38, 166, 154, 1.0)",0.0,0.0,0.07639501422341062,20.832910469674452,0.8781925235244905,0.0,0.0,0.0,0.0,0.0,0.0,0.0,0.0,60.92979285724361,17.213362120219657,False,False,True,False,False,13.457659916254539,0,1.0586145648312626,0.8827708703374784,False,False,False,False,0.2687279115918905,0.27531487153417533,False,False,False,False,-101.0,-151.61948227449696,False,False,False,False,7.123803826382206,False,False,False,False
2025-06-25 17:00:00+00:00,20.9,20.91,20.9,20.905,0.0,,,,,,,,,,,,,,,,,,,,,,,,20.789474798814062,,20.78035066505441,"rgba(38, 166, 154, 1.0)",0.0,0.0,0.0752235107966489,20.832910469674452,0.9583377532115979,0.0,0.0,0.0,0.0,0.0,0.0,0.0,0.0,58.98959726473702,15.571922963860914,False,True,True,False,False,13.953603340342124,0,1.0537634408602163,0.8906810035842296,False,False,False,False,0.2631547582793316,0.2692348149067535,False,False,False,False,-101.0,-150.83468409969856,False,False,False,False,7.0133572554305434,False,False,False,False
2025-06-25 18:00:00+00:00,20.905,20.93,20.905,20.92,0.0,,,,,,,,,,,,,,,,,,,,,,,,20.789474798814062,,20.78035066505441,"rgba(38, 166, 154, 1.0)",0.0,0.0,0.07471736534890484,20.832910469674452,1.1655862050123258,0.0,0.0,0.0,0.0,0.0,0.0,0.0,0.0,59.75695817623889,15.571922963860914,False,True,True,False,False,15.423306756802695,0,1.0500894454382848,0.8837209302325584,False,False,False,False,0.2911882961477973,0.2802115555272754,False,False,False,False,-101.0,-150.06205333846293,False,False,False,False,6.904623034416116,False,False,False,False
2025-06-25 19:00:00+00:00,20.93,20.945,20.93,20.93,0.0,,,,,,,,,,,,,,,,,,,,,,,,20.789474798814062,,20.78035066505441,"rgba(38, 166, 154, 1.0)",0.0,0.0,0.07426019510190958,20.832910469674452,1.307423582611229,0.0,0.0,0.0,0.0,0.0,0.0,0.0,0.0,61.47650979216439,15.571922963860914,False,False,True,False,True,16.383312012432814,0,1.0517857142857159,0.8785714285714298,False,False,False,False,0.33700721067879524,0.3086093831030353,False,False,False,False,-101.0,-149.30140134871934,False,False,False,False,6.797574615277882,False,False,False,False
2025-06-26 14:00:00+00:00,20.96,20.96,20.935,20.94,0.0,,,,,,,,,,,,,,,,,,,,,,,,20.789474798814062,,20.78035066505441,"rgba(38, 166, 154, 1.0)",0.0,0.0,0.07398611995464495,20.832910469674452,1.447427306516373,0.0,0.0,0.0,0.0,0.0,0.0,0.0,0.0,63.73725238933976,15.571922963860914,False,False,True,False,True,17.331532964936645,0,1.049645390070924,0.8705673758865253,False,False,False,False,0.34282802652083055,0.32571870481193294,False,False,False,False,-101.0,-148.5525424130803,False,False,False,False,6.692185861552644,False,False,False,False
2025-06-26 15:00:00+00:00,20.945,20.95,20.93,20.94,100.0,,,,,,,,,,,,,,,,,,,,,,,,20.806444945509206,,20.79757281553398,"rgba(38, 166, 154, 1.0)",0.0,0.0,0.07352593462894763,20.846493506823723,1.2717484469685887,0.0,0.0,0.0,0.0,0.0,0.0,0.0,0.0,65.24441412079001,15.571922963860914,False,False,True,False,True,17.331532964936645,0,1.049645390070924,0.875886524822697,False,False,False,False,0.32583016398466913,0.325774434398301,False,False,False,False,-101.0,-147.81529369349767,False,False,False,False,8.138818638892912,False,False,False,False
2025-06-26 16:00:00+00:00,20.94,20.965,20.94,20.96,0.0,,,,,,,,,,,,,,,,,,,,,,,,20.806444945509206,,20.79757281553398,"rgba(38, 166, 154, 1.0)",0.0,0.0,0.07307610496677008,20.846493506823723,1.553264137817588,0.0,0.0,0.0,0.0,0.0,0.0,0.0,0.0,68.30524763759135,12.10925713843885,True,False,True,False,True,19.210916186272744,0,1.0684684684684709,0.8684684684684701,False,False,False,False,0.3428280299737772,0.33430123218603913,False,False,False,False,-101.0,-147.08947518662174,False,False,False,False,8.012635404181394,False,False,False,False
2025-06-26 17:00:00+00:00,20.96,20.975,20.96,20.975,0.0,,,,,,,,,,,,,,,,,,,,,,,,20.806444945509206,,20.79757281553398,"rgba(38, 166, 154, 1.0)",0.0,0.0,0.0737615466605948,20.846493506823723,1.742188158927659,0.0,0.0,0.0,0.0,0.0,0.0,0.0,0.0,71.54659878809461,15.305261300681323,True,False,True,False,True,20.0,0,1.0792792792792822,0.8594594594594603,False,False,False,False,0.3428280397321049,0.33856463595907205,False,False,False,False,-101.0,-146.3749096798524,False,False,False,False,7.888408498690209,False,False,False,False
2025-06-26 18:00:00+00:00,20.97,20.985,20.97,20.98,0.0,,,,,,,,,,,,,,,,,,,,,,,,20.806444945509206,,20.79757281553398,"rgba(38, 166, 154, 1.0)",0.0,0.0,0.07425710145914997,20.846493506823723,1.7978952928794474,0.0,0.0,0.0,0.0,0.0,0.0,0.0,0.0,74.0749551962027,17.801413494988225,True,False,True,False,True,20.0,0,1.0830324909747315,0.8574007220216618,False,False,False,False,0.34282804577951936,0.3406963408692957,False,False,False,False,-101.0,-145.67142270807176,False,False,False,False,7.766107591733772,False,False,False,False
2025-06-26 19:00:00+00:00,20.98,21.0,20.975,20.99,0.0,,,,,,,,,,,,,,,,,,,,,,,,20.806444945509206,,20.79757281553398,"rgba(38, 166, 154, 1.0)",0.0,0.0,0.07468836155217744,20.846493506823723,1.9214036858476453,0.0,0.0,0.0,0.0,0.0,0.0,0.0,0.0,76.46615788481566,20.18382688595571,True,False,True,False,True,20.0,0,1.0812274368231074,0.8574007220216618,False,False,False,False,0.3428280514955687,0.3417621961824322,False,False,False,False,-101.0,-144.9788425110474,False,False,False,False,7.645702822869683,False,False,False,False
2025-06-27 14:00:00+00:00,20.975,20.985,20.965,20.97,0.0,,,,,,,,,,,,,,,,,,,,,,,,20.806444945509206,,20.79757281553398,"rgba(38, 166, 154, 1.0)",0.0,0.0,0.07449215449346697,20.846493506823723,1.6579798774259824,0.0,0.0,0.0,0.0,0.0,0.0,0.0,0.0,73.02754827291783,20.18382688595571,True,False,True,False,False,18.752271404094913,0,1.07594936708861,0.8625678119349032,False,False,False,False,0.317668321122971,0.32971525865270157,False,False,False,False,-101.0,-144.29699999149628,False,False,False,False,7.527164794608137,False,False,False,False
2025-06-27 15:00:00+00:00,20.97,20.985,20.97,20.985,0.0,,,,,,,,,,,,,,,,,,,,,,,,20.806444945509206,,20.79757281553398,"rgba(38, 166, 154, 1.0)",0.0,0.0,0.07434076640408722,20.846493506823723,1.8631297453056825,0.0,0.0,0.0,0.0,0.0,0.0,0.0,0.0,72.26447509813104,20.18382688595571,True,False,True,False,False,20.0,0,1.0744101633393859,0.8638838475499115,False,False,False,False,0.3226683180631239,0.32619178835791274,False,False,False,False,-101.0,-143.62572867379868,False,False,False,False,7.410464565234367,False,False,False,False
2025-06-27 16:00:00+00:00,20.985,21.0,20.98,20.995,0.0,,,,,,,,,,,,,,,,,,,,,,,,20.806444945509206,,20.79757281553398,"rgba(38, 166, 154, 1.0)",0.0,0.0,0.07437832436357171,20.846493506823723,1.9966367143518482,0.0,0.0,0.0,0.0,0.0,0.0,0.0,0.0,72.65580070609576,20.18382688595571,True,False,True,False,False,20.0,0,1.0772058823529438,0.8713235294117665,False,False,False,False,0.3428280528759753,0.334509920616944,False,False,False,False,-101.0,-142.9648646633522,False,False,False,False,7.295573641742362,False,False,False,False
2025-06-27 17:00:00+00:00,21.0,21.005,20.98,20.985,0.0,,,,,,,,,,,,,,,,,,,,,,,,20.806444945509206,,20.79757281553398,"rgba(38, 166, 154, 1.0)",0.0,0.0,0.0750425104749031,20.846493506823723,1.8457070838881091,0.0,0.0,0.0,0.0,0.0,0.0,0.0,0.0,70.61447349634479,20.18382688595571,True,False,True,False,False,19.44416445928871,0,1.0753676470588265,0.8750000000000011,False,False,False,False,0.3428280542377276,0.3386689874273358,False,False,False,False,-101.0,-142.31424660655603,False,False,False,False,7.182463972878138,False,False,False,False
2025-06-27 18:00:00+00:00,20.985,20.99,20.95,20.95,0.0,,,,,,,,,,,,,,,,,,,,,,,,20.806444945509206,,20.79757281553398,"rgba(38, 166, 154, 1.0)",0.0,0.0,0.07479383074234583,20.846493506823723,1.3838907854959506,0.0,0.0,0.0,0.0,0.0,0.0,0.0,0.0,63.26046440427514,19.38682557010722,False,True,True,False,False,14.243241987321852,0,1.0603290676416837,0.8866544789762357,False,False,False,False,0.2984185435259812,0.3185437654766585,False,False,False,False,-101.0,-141.67371565141562,False,False,False,False,7.0711079422908805,False,False,False,False
2025-06-27 19:00:00+00:00,20.96,20.96,20.95,20.96,0.0,,,,,,,,,,,,,,,,,,,,,,,,20.806444945509206,,20.79757281553398,"rgba(38, 166, 154, 1.0)",0.0,0.0,0.07461631587389018,20.846493506823723,1.5212020567742344,0.0,0.0,0.0,0.0,0.0,0.0,0.0,0.0,59.72835373768832,16.19680543871864,False,True,True,False,False,15.203280140081429,0,1.0589318600368345,0.9005524861878469,False,False,False,False,0.26944458790662623,0.2939941766916424,False,False,False,False,-101.0,-141.043115408758,False,False,False,False,6.961478361790246,False,False,False,False
2025-06-30 14:00:00+00:00,21.005,21.01,20.98,20.99,112.0,,,,,,,,,,,,,,,,,,,,,,,,20.827397397397398,,20.81867500802053,"rgba(38, 166, 154, 1.0)",0.0,0.0,0.07546832758492818,20.86591672360476,1.6441768403520378,0.0,0.0,0.0,0.0,0.0,0.0,0.0,0.0,60.72548020150842,16.19680543871864,False,True,True,False,False,17.96227732352928,0,1.060000000000003,0.8872727272727278,False,False,False,False,0.34282805558120155,0.318411116136422,False,False,False,False,11.0,-138.68585780552147,False,False,False,False,8.589982573235359,False,False,False,False
2025-06-30 15:00:00+00:00,20.995,21.0,20.985,21.0,3.0,,,,,,,,,,,,,,,,,,,,,,,,20.827899201596807,,20.819182661548304,"rgba(38, 166, 154, 1.0)",0.0,0.0,0.07633183837395209,20.866366970133328,1.7506853327965182,0.0,0.0,0.0,0.0,0.0,0.0,0.0,0.0,62.30712501787903,16.19680543871864,False,True,True,False,True,18.843581777527994,0,1.063636363636366,0.8890909090909105,False,False,False,False,0.337865301096723,0.3281382086165725,False,False,False,False,14.0,-136.31863520388546,False,False,False,False,8.50331617675109,False,False,False,False
2025-06-30 16:00:00+00:00,21.0,21.02,20.995,21.02,0.0,,,,,,,,,,,,,,,,,,,,,,,,20.827899201596807,,20.819182661548304,"rgba(38, 166, 154, 1.0)",0.0,0.0,0.07774565831855203,20.866366970133328,1.976097870792758,0.0,0.0,0.0,0.0,0.0,0.0,0.0,0.0,65.00029577215624,16.19680543871864,False,False,True,False,True,20.0,0,1.0656934306569377,0.8941605839416075,False,False,False,False,0.342828062036855,0.33548313532671376,False,False,False,False,14.0,-133.98811372785622,False,False,False,False,8.371481817421616,False,False,False,False
2025-06-30 17:00:00+00:00,21.02,21.02,21.015,21.02,0.0,,,,,,,,,,,,,,,,,,,,,,,,20.827899201596807,,20.819182661548304,"rgba(38, 166, 154, 1.0)",0.0,0.0,0.07965200211820875,20.866366970133328,1.9288031158171082,0.0,0.0,0.0,0.0,0.0,0.0,0.0,0.0,66.79574294167436,10.459958623074016,False,False,True,False,True,20.0,0,1.0735294117647092,0.8933823529411781,False,False,False,False,0.3428280669071961,0.3391556011169549,False,False,False,False,14.0,-131.6937243677344,False,False,False,False,8.241691401647637,False,False,False,False
2025-06-30 18:00:00+00:00,21.02,21.04,21.01,21.03,161.0,,,,,,,,,,,,,,,,,,,,,,,,20.855415591860133,,20.84695067885841,"rgba(38, 166, 154, 1.0)",0.0,0.0,0.08172366093582989,20.900473018555573,1.5849385595456118,0.0,0.0,0.0,0.0,0.0,0.0,0.0,0.0,68.80856867721691,12.587244000453211,True,False,True,False,True,20.0,0,1.0639853747714845,0.8903107861060351,False,False,False,False,0.34282807040113666,0.3409918357590458,False,False,False,False,175.0,-126.93878290466877,False,False,False,False,10.610037271389533,False,False,False,False
2025-06-30 19:00:00+00:00,21.04,21.04,21.02,21.03,108.0,,,,,,,,,,,,,,,,,,,,,,,,20.870250458956207,,20.862030256801425,"rgba(38, 166, 154, 1.0)",0.0,0.0,0.08364457193633176,20.920964890031794,1.3035527284568127,0.0,0.0,0.0,0.0,0.0,0.0,0.0,0.0,70.15045250091194,14.117046599624743,True,False,True,False,True,20.0,0,1.0654545454545488,0.8890909090909115,False,False,False,False,0.3428280726589797,0.3419099542090127,False,False,False,False,175.0,-122.25756146428631,False,False,False,False,12.119959174158687,False,False,False,False
2025-07-01 14:00:00+00:00,20.98,20.98,20.935,20.95,0.0,,,,,,,,,,,,,,,,,,,,,,,,20.870250458956207,,20.862030256801425,"rgba(239, 83, 80, 1.0)",0.0,0.0,0.08399522723462317,20.920964890031794,0.34567571187231916,0.0,0.0,0.0,0.0,0.0,0.0,0.0,0.0,59.984241110041175,16.672663898059,False,True,True,False,False,10.284189038495729,0,1.0531914893617036,0.8936170212765967,False,False,False,False,0.21586830176360594,0.2788891279863093,False,False,False,False,175.0,-117.64891710049893,False,False,False,False,11.93205283037328,False,False,False,False
2025-07-01 15:00:00+00:00,20.95,20.96,20.935,20.935,0.0,,,,,,,,,,,,,,,,,,,,,,,,20.870250458956207,,20.862030256801425,"rgba(239, 83, 80, 1.0)",0.0,0.0,0.08421053624346668,20.920964890031794,0.1666669112238778,0.0,0.0,0.0,0.0,0.0,0.0,0.0,0.0,52.047942606527606,9.681669140883685,False,True,False,False,False,8.44141382216121,0,1.0515097690941402,0.9040852575488469,False,False,False,False,0.19896479309081513,0.23892696053856222,False,False,False,False,175.0,-113.1117245873129,False,False,False,False,11.74705976323571,False,False,False,False
2025-07-01 16:00:00+00:00,20.935,20.955,20.93,20.95,0.0,,,,,,,,,,,,,,,,,,,,,,,,20.870250458956207,,20.862030256801425,"rgba(239, 83, 80, 1.0)",0.0,0.0,0.08466058359361944,20.920964890031794,0.34295901038879495,0.0,0.0,0.0,0.0,0.0,0.0,0.0,0.0,48.667116136860955,6.938570654465934,False,True,False,True,False,9.877268124064727,0,1.086238532110094,0.8990825688073413,False,False,False,False,0.1905555125396554,0.21474123653910882,False,False,False,False,175.0,-108.64487614409876,False,False,False,False,11.564934805666164,False,False,False,False
2025-07-01 17:00:00+00:00,20.95,20.97,20.95,20.97,0.0,,,,,,,,,,,,,,,,,,,,,,,,20.870250458956207,,20.862030256801425,"rgba(239, 83, 80, 1.0)",0.0,0.0,0.08466664893238236,20.920964890031794,0.5791549634539834,0.0,0.0,0.0,0.0,0.0,0.0,0.0,0.0,48.71155621925765,6.938570654465934,False,True,False,True,False,11.734166683085345,0,1.0992647058823553,0.8547794117647068,False,False,False,False,0.22011286498456942,0.2174270507618391,False,False,False,False,175.0,-104.24728116512048,False,False,False,False,11.385633490849633,False,False,False,False
2025-07-01 18:00:00+00:00,20.96,20.97,20.96,20.97,0.0,,,,,,,,,,,,,,,,,,,,,,,,20.870250458956207,,20.862030256801425,"rgba(239, 83, 80, 1.0)",0.0,0.0,0.08459585958814612,20.920964890031794,0.579639597102411,0.0,0.0,0.0,0.0,0.0,0.0,0.0,0.0,48.741182940855445,6.815512728819627,False,True,False,True,False,11.734166683085345,0,1.1049723756906105,0.8489871086556189,False,False,False,False,0.2286256273382067,0.2230263390500229,False,False,False,False,175.0,-99.91786595325816,False,False,False,False,11.209112041379097,False,False,False,False
2025-07-01 19:00:00+00:00,20.97,20.975,20.96,20.97,0.0,,,,,,,,,,,,,,,,,,,,,,,,20.870250458956207,,20.862030256801425,"rgba(239, 83, 80, 1.0)",0.0,0.0,0.08399152681416425,20.920964890031794,0.5838101988156252,0.0,0.0,0.0,0.0,0.0,0.0,0.0,0.0,48.76093408858731,6.335797661274555,False,True,False,False,False,11.734166683085345,0,1.1045871559633054,0.8440366972477068,False,False,False,False,0.23223491130930046,0.22763062517966168,False,False,False,False,175.0,-95.65557345785881,False,False,False,False,11.035327358567017,False,False,False,False
2025-07-02 14:00:00+00:00,20.91,20.935,20.91,20.93,0.0,,,,,,,,,,,,,,,,,,,,,,,,20.870250458956207,,20.862030256801425,"rgba(239, 83, 80, 1.0)",0.0,0.0,0.08274665557596227,20.920964890031794,0.10919003197551204,0.0,0.0,0.0,0.0,0.0,0.0,0.0,0.0,44.66507225859446,2.026869093596261,False,True,False,True,False,6.779098275059422,0,1.0900900900900938,0.8504504504504515,False,False,False,False,0.1515288219780066,0.18957972357883413,False,False,False,False,175.0,-91.4593630166517,False,False,False,False,10.864237011922567,False,False,False,False
2025-07-02 15:00:00+00:00,20.95,20.95,20.93,20.93,132.0,,,,,,,,,,,,,,,,,,,,,,,,20.876499168448564,,20.868857703857707,"rgba(239, 83, 80, 1.0)",0.0,0.0,0.08152200830349905,20.918869788497737,0.13653014362484406,0.0,0.0,0.0,0.0,0.0,0.0,0.0,0.0,41.9344977052659,-0.8614825899182037,False,True,False,True,False,6.779098275059422,0,1.098003629764069,0.8548094373865712,False,False,False,False,0.18159012035988362,0.18558492196935888,False,False,False,False,175.0,-87.32821010166485,False,False,False,False,12.74231085669896,False,False,False,False
2025-07-02 16:00:00+00:00,20.93,20.93,20.92,20.93,0.0,,,,,,,,,,,,,,,,,,,,,,,,20.876499168448564,,20.868857703857707,"rgba(239, 83, 80, 1.0)",0.0,0.0,0.0806246447020467,20.918869788497737,0.138049743268883,0.0,0.0,0.0,0.0,0.0,0.0,0.0,0.0,40.114114669713516,-2.888965473426957,False,True,False,True,False,6.779098275059432,0,1.082116788321172,0.8686131386861325,False,False,False,False,0.1558054600525473,0.1706951910109531,False,False,False,False,175.0,-83.26110606908091,False,False,False,False,12.544755649618356,False,False,False,False
2025-07-02 17:00:00+00:00,20.93,20.93,20.92,20.93,0.0,,,,,,,,,,,,,,,,,,,,,,,,20.876499168448564,,20.868857703857707,"rgba(239, 83, 80, 1.0)",0.0,0.0,0.07984968987398088,20.918869788497737,0.13938953951891614,0.0,0.0,0.0,0.0,0.0,0.0,0.0,0.0,38.90052597934526,-4.393615991724843,False,True,False,True,False,6.779098275059422,0,1.0900735294117687,0.8621323529411774,False,False,False,False,0.1558054600525473,0.1632503255317502,False,False,False,False,175.0,-79.25705791297113,False,False,False,False,12.350263313965359,False,False,False,False
2025-07-02 18:00:00+00:00,20.93,20.94,20.93,20.94,0.0,,,,,,,,,,,,,,,,,,,,,,,,20.876499168448564,,20.868857703857707,"rgba(239, 83, 80, 1.0)",0.0,0.0,0.07918179561461536,20.918869788497737,0.26685693773738833,0.0,0.0,0.0,0.0,0.0,0.0,0.0,0.0,40.03670679583786,-4.393615991724843,False,True,False,True,False,7.8193521396510235,0,1.0915750915750952,0.8498168498168507,False,False,False,False,0.1729703161664779,0.16811032084911404,False,False,False,False,175.0,-75.31508802284756,False,False,False,False,12.158786363361244,False,False,False,False
2025-07-02 19:00:00+00:00,20.94,20.95,20.94,20.94,0.0,,,,,,,,,,,,,,,,,,,,,,,,20.876499168448564,,20.868857703857707,"rgba(239, 83, 80, 1.0)",0.0,0.0,0.07826813464558158,20.918869788497737,0.26997208503750725,0.0,0.0,0.0,0.0,0.0,0.0,0.0,0.0,40.79416067349959,-4.393615991724843,False,True,False,True,False,7.819352139651002,0,1.0950639853747757,0.8482632541133466,False,False,False,False,0.1902367000494123,0.17917351044926316,False,False,False,False,175.0,-71.43423394497395,False,False,False,False,11.970278047650217,False,False,False,False
2025-07-03 14:00:00+00:00,20.915,20.93,20.9,20.925,0.0,,,,,,,,,,,,,,,,,,,,,,,,20.876499168448564,,20.868857703857707,"rgba(239, 83, 80, 1.0)",0.0,0.0,0.07674533762284753,20.918869788497737,0.0798773149241896,0.0,0.0,0.0,0.0,0.0,0.0,0.0,0.0,39.20485989396875,-5.161088567746276,False,True,False,True,False,5.892842933128286,0,1.0812274368231085,0.8555956678700364,False,False,False,False,0.13873120692926114,0.15895235868926216,False,False,False,False,175.0,-67.61354814737746,False,False,False,False,11.784692341485096,False,False,False,False
2025-07-03 15:00:00+00:00,20.935,20.94,20.915,20.925,0.0,,,,,,,,,,,,,,,,,,,,,,,,20.876499168448564,,20.868857703857707,"rgba(239, 83, 80, 1.0)",0.0,0.0,0.07486733010542812,20.918869788497737,0.08188099527031203,0.0,0.0,0.0,0.0,0.0,0.0,0.0,0.0,38.14532604094819,-6.553717024830583,False,True,False,True,False,5.892842933128286,1,1.0879712746858206,0.8527827648114901,False,False,False,False,0.16008775922123553,0.15952005895524884,False,False,False,False,175.0,-63.85209778850338,False,False,False,False,11.601983933089977,False,False,False,False
2025-07-03 16:00:00+00:00,20.925,20.925,20.91,20.91,0.0,,,,,,,,,,,,,,,,,,,,,,,,20.876499168448564,,20.868857703857707,"rgba(239, 83, 80, 1.0)",0.0,0.0,0.07281965876534126,20.918869788497737,-0.1218048621502017,0.0,0.0,0.0,0.0,0.0,0.0,0.0,0.0,35.53908249908855,-9.324555036473903,False,True,False,True,False,3.979892802209509,0,1.088724584103516,0.8853974121996311,False,False,False,False,0.1429918609405439,0.15125595994789637,False,False,False,False,175.0,-60.14896448945681,False,False,False,False,11.42210821319711,False,False,False,False
2025-07-03 17:00:00+00:00,20.91,20.91,20.91,20.91,0.0,,,,,,,,,,,,,,,,,,,,,,,,20.876499168448564,,20.868857703857707,"rgba(239, 83, 80, 1.0)",0.0,0.0,0.07106379572652394,20.918869788497737,-0.12481444886325638,0.0,0.0,0.0,0.0,0.0,0.0,0.0,0.0,33.80158680451545,-11.199096120828749,False,True,False,True,False,3.979892802209509,0,1.0558659217877133,0.8975791433892002,False,False,False,False,0.13022473297875944,0.1407403464633279,False,False,False,False,175.0,-56.5032441097753,False,False,False,False,11.245021264155293,False,False,False,False
2025-07-03 18:00:00+00:00,20.91,20.91,20.91,20.91,0.0,,,,,,,,,,,,,,,,,,,,,,,,20.876499168448564,,20.868857703857707,"rgba(239, 83, 80, 1.0)",0.0,0.0,0.0694714277906921,20.918869788497737,-0.12767534481169118,0.0,0.0,0.0,0.0,0.0,0.0,0.0,0.0,32.643256341466724,-12.529275270019156,False,True,False,True,False,3.979892802209509,0,1.0525328330206412,0.9024390243902451,False,False,False,False,0.13022473297875944,0.13548253972104368,False,False,False,False,175.0,-52.91404652667801,False,False,False,False,11.070679849207147,False,False,False,False
2025-07-03 19:00:00+00:00,20.91,20.91,20.91,20.91,0.0,,,,,,,,,,,,,,,,,,,,,,,,20.876499168448564,,20.868857703857707,"rgba(239, 83, 80, 1.0)",0.0,0.0,0.06792172230117875,20.918869788497737,-0.13058839200818068,0.0,0.0,0.0,0.0,0.0,0.0,0.0,0.0,31.87103603276757,-13.527355442519635,False,True,False,True,False,3.979892802209509,0,1.0510396975425367,0.9054820415879022,False,False,False,False,0.13022473297875944,0.13285363634990155,False,False,False,False,175.0,-49.38049541773726,False,False,False,False,10.899041401932617,False,False,False,False
2025-07-04 14:00:00+00:00,20.91,20.91,20.91,20.91,0.0,,,,,,,,,,,,,,,,,,,,,,,,20.876499168448564,,20.868857703857707,"rgba(239, 83, 80, 1.0)",0.0,0.0,0.06665765704884428,20.918869788497737,-0.13306481041236812,0.0,0.0,0.0,0.0,0.0,0.0,0.0,0.0,31.356222493634803,-14.319302281560482,False,True,False,True,False,3.979892802209509,0,1.0551330798479117,0.9011406844106477,False,False,False,False,0.13022473297875944,0.1315391846643305,False,False,False,False,175.0,-45.90172804691962,False,False,False,False,10.730064015856142,False,False,False,False
2025-07-04 15:00:00+00:00,20.91,20.91,20.91,20.91,0.0,,,,,,,,,,,,,,,,,,,,,,,,20.876499168448564,,20.868857703857707,"rgba(239, 83, 80, 1.0)",0.0,0.0,0.06521150619743915,20.918869788497737,-0.13601569745808806,0.0,0.0,0.0,0.0,0.0,0.0,0.0,0.0,31.013013467546287,-14.97853472597351,False,True,False,True,False,3.979892802209509,0,1.05343511450382,0.9007633587786271,False,False,False,False,0.13022473297875944,0.13088195882154496,False,False,False,False,175.0,-42.47689505394412,False,False,False,False,10.56370643421496,False,False,False,False
2025-07-04 16:00:00+00:00,20.91,20.91,20.91,20.91,0.0,,,,,,,,,,,,,,,,,,,,,,,,20.876499168448564,,20.868857703857707,"rgba(239, 83, 80, 1.0)",0.0,0.0,0.06405234345986738,20.918869788497737,-0.13847718941453832,0.0,0.0,0.0,0.0,0.0,0.0,0.0,0.0,30.784207450153943,-15.547053201613508,False,True,False,True,False,3.979892802209509,0,1.0539499036608897,0.9055876685934491,False,False,False,False,0.13022473297875944,0.13055334590015222,False,False,False,False,175.0,-39.10516024690622,False,False,False,False,10.399928039886046,False,False,False,False
2025-07-04 17:00:00+00:00,20.91,20.91,20.91,20.91,0.0,,,,,,,,,,,,,,,,,,,,,,,,20.876499168448564,,20.868857703857707,"rgba(239, 83, 80, 1.0)",0.0,0.0,0.0634322366675397,20.918869788497737,-0.13983092767523478,0.0,0.0,0.0,0.0,0.0,0.0,0.0,0.0,30.631670105225716,-16.048502359256716,False,True,False,True,False,3.979892802209509,0,1.0621359223301003,0.8951456310679619,False,False,False,False,0.13022473297875944,0.13038903943945584,False,False,False,False,175.0,-35.78570039811698,False,False,False,False,10.238688845469207,False,False,False,False
2025-07-04 18:00:00+00:00,20.91,20.91,20.91,20.91,0.0,,,,,,,,,,,,,,,,,,,,,,,,20.876499168448564,,20.868857703857707,"rgba(239, 83, 80, 1.0)",0.0,0.0,0.06278986835123712,20.918869788497737,-0.14126146033816872,0.0,0.0,0.0,0.0,0.0,0.0,0.0,0.0,30.52997854194023,-16.496121427771946,False,True,False,True,False,3.979892802209509,0,1.062622309197655,0.8943248532289635,False,False,False,False,0.13022473297875944,0.13030688620910763,False,False,False,False,175.0,-32.51770504310741,False,False,False,False,10.079949483523947,False,False,False,False
2025-07-04 19:00:00+00:00,20.91,20.91,20.91,20.91,0.0,,,,,,,,,,,,,,,,,,,,,,,,20.876499168448564,,20.868857703857707,"rgba(239, 83, 80, 1.0)",0.0,0.0,0.061941413761205495,20.918869788497737,-0.14319641672906655,0.0,0.0,0.0,0.0,0.0,0.0,0.0,0.0,30.462184166416577,-16.897485970301787,False,True,False,True,False,3.979892802209509,0,1.0652173913043508,0.8932806324110679,False,False,False,False,0.13022473297875944,0.13026580959393352,False,False,False,False,175.0,-29.300376282749156,False,False,False,False,9.923671196957685,False,False,False,False
2025-07-07 14:00:00+00:00,20.88,20.88,20.86,20.86,0.0,,,,,,,,,,,,,,,,,,,,,,,,20.876499168448564,,20.868857703857707,"rgba(239, 83, 80, 1.0)",0.0,0.0,0.061181461008783466,20.918869788497737,-0.9622161276810018,0.0,0.0,0.0,0.0,0.0,0.0,0.0,0.0,24.03487490071431,-23.001162410849044,False,True,False,True,False,0.0,0,1.056420233463038,0.8891050583657594,False,False,False,False,0.06274032160593042,0.09650306559993196,False,False,False,False,175.0,-26.132928588442965,False,False,False,False,9.769815829562992,False,False,False,False
2025-07-07 15:00:00+00:00,20.86,20.86,20.85,20.85,0.0,,,,,,,,,,,,,,,,,,,,,,,,20.876499168448564,,20.868857703857707,"rgba(239, 83, 80, 1.0)",0.0,0.0,0.059612109538261814,20.918869788497737,-1.1552986302813528,0.0,0.0,0.0,0.0,0.0,0.0,0.0,0.0,19.28645953801011,-27.186169736721087,False,True,False,True,False,0.0,0,1.0544747081712111,0.8949416342412458,False,False,False,False,0.03761257051859473,0.06705781805926335,False,False,False,False,175.0,-23.014588610327568,False,False,False,False,9.61834581670155,False,False,False,False
2025-07-07 16:00:00+00:00,20.85,20.86,20.84,20.85,0.0,,,,,,,,,,,,,,,,,,,,,,,,20.876499168448564,,20.868857703857707,"rgba(239, 83, 80, 1.0)",0.0,0.0,0.05870271721996459,20.918869788497737,-1.1731959227657942,0.0,0.0,0.0,0.0,0.0,0.0,0.0,0.0,16.12084929620731,-29.81573263978178,False,True,False,True,False,0.0,0,1.0594059405940635,0.8891089108910892,False,False,False,False,0.029248753196724812,0.04815328562799408,False,False,False,False,175.0,-19.944594988462022,False,False,False,False,9.469224176132535,False,False,False,False
2025-07-07 17:00:00+00:00,20.85,20.85,20.84,20.84,0.0,,,,,,,,,,,,,,,,,,,,,,,,20.876499168448564,,20.868857703857707,"rgba(239, 83, 80, 1.0)",0.0,0.0,0.057940401190259345,20.918869788497737,-1.3612226853375085,0.0,0.0,0.0,0.0,0.0,0.0,0.0,0.0,13.566611573840301,-31.934013015677575,False,True,False,True,False,0.0,0,1.0616302186878779,0.89065606361829,False,False,False,False,0.020889024905406756,0.034521155266700417,False,False,False,False,175.0,-16.922198166935477,False,False,False,False,9.322414498983193,False,False,False,False
2025-07-07 18:00:00+00:00,20.84,20.845,20.83,20.845,0.0,,,,,,,,,,,,,,,,,,,,,,,,20.876499168448564,,20.868857703857707,"rgba(239, 83, 80, 1.0)",0.0,0.0,0.05707565707575125,20.918869788497737,-1.2942433303868557,0.0,0.0,0.0,0.0,0.0,0.0,0.0,0.0,14.032374955515323,-31.934013015677575,False,True,False,True,False,0.0,0,1.0595238095238138,0.8869047619047623,False,False,False,False,0.008354539092597842,0.02143784717964913,False,False,False,False,175.0,-13.946660210858957,False,False,False,False,9.177880940859422,False,False,False,False
2025-07-07 19:00:00+00:00,20.84,20.85,20.83,20.84,0.0,,,,,,,,,,,,,,,,,,,,,,,,20.876499168448564,,20.868857703857707,"rgba(239, 83, 80, 1.0)",0.0,0.0,0.056282908291628755,20.918869788497737,-1.4013097562243084,0.0,0.0,0.0,0.0,0.0,0.0,0.0,0.0,13.973608640020927,-31.934013015677575,False,True,False,True,False,0.0,0,1.0591715976331402,0.8836291913214975,False,False,False,False,0.012532214899784174,0.01698503103971665,False,False,False,False,175.0,-11.017254626194477,False,False,False,False,9.03558821309416,False,False,False,False
2025-07-08 14:00:00+00:00,20.84,20.84,20.79,20.8,0.0,,,,,,,,,,,,,,,,,,,,,,,,20.876499168448564,,20.868857703857707,"rgba(239, 83, 80, 1.0)",0.0,0.0,0.05642103626601924,20.918869788497737,-2.1068345490373135,0.0,0.0,0.0,0.0,0.0,0.0,0.0,0.0,12.087565911620768,-33.40340791216772,False,True,False,True,False,0.0,0,1.0466926070038944,0.8891050583657581,False,False,False,False,-0.029248920428274285,-0.006131944694278817,False,False,False,False,175.0,-8.13326618237751,False,False,False,False,8.89550157413146,False,False,False,False
2025-07-08 15:00:00+00:00,20.8,20.805,20.785,20.8,0.0,,,,,,,,,,,,,,,,,,,,,,,,20.876499168448564,,20.868857703857707,"rgba(239, 83, 80, 1.0)",0.0,0.0,0.05655874726238206,20.918869788497737,-2.101704762771476,0.0,0.0,0.0,0.0,0.0,0.0,0.0,0.0,10.830204092687328,-34.74690389992632,False,True,False,True,False,0.0,0,1.0465116279069815,0.8992248062015505,False,False,False,False,-0.07037407798962801,-0.03825301134195341,False,False,False,False,175.0,-5.2939907376894855,False,False,False,False,8.75758682104415,False,False,False,False
2025-07-08 16:00:00+00:00,20.8,20.805,20.79,20.79,0.0,,,,,,,,,,,,,,,,,,,,,,,,20.876499168448564,,20.868857703857707,"rgba(239, 83, 80, 1.0)",0.0,0.0,0.05698719628599621,20.918869788497737,-2.261381448755464,0.0,0.0,0.0,0.0,0.0,0.0,0.0,0.0,9.680656372014003,-36.01353839687587,False,True,False,True,False,0.0,0,1.0465116279069802,0.9031007751937979,False,False,False,False,-0.07663983388835938,-0.057446422615156395,False,False,False,False,175.0,-2.49873506733771,False,False,False,False,8.621810281183,False,False,False,False
2025-07-08 17:00:00+00:00,20.79,20.795,20.785,20.795,0.0,,,,,,,,,,,,,,,,,,,,,,,,20.876499168448564,,20.868857703857707,"rgba(239, 83, 80, 1.0)",0.0,0.0,0.05683887452840505,20.918869788497737,-2.1793145892751977,0.0,0.0,0.0,0.0,0.0,0.0,0.0,0.0,10.748784473657544,-36.01353839687587,False,True,False,True,False,0.0,0,1.0428849902534154,0.9122807017543851,False,False,False,False,-0.09842477190075404,-0.07793559725795521,False,False,False,False,175.0,0.2531833057993089,False,False,False,False,8.488138803955357,False,False,False,False
2025-07-08 18:00:00+00:00,20.795,20.81,20.79,20.8,0.0,,,,,,,,,,,,,,,,,,,,,,,,20.876499168448564,,20.868857703857707,"rgba(239, 83, 80, 1.0)",0.0,0.0,0.057105481663620956,20.918869788497737,-2.0815828014189144,0.0,0.0,0.0,0.0,0.0,0.0,0.0,0.0,13.280407840371216,-36.01353839687587,False,True,False,True,True,0.0,0,1.0388349514563142,0.9067961165048547,False,False,False,False,-0.08044341003742729,-0.07918950364769126,False,False,False,False,175.0,2.9624362778024205,False,False,False,False,8.356539752731242,False,False,False,False
2025-07-08 19:00:00+00:00,20.795,20.815,20.79,20.81,127.0,,,,,,,,,,,,,,,,,,,,,,,,20.870564270152506,,20.863692144373676,"rgba(239, 83, 80, 1.0)",0.0,0.0,0.05775585458407536,20.893826010544185,-1.4513855114404097,0.0,0.0,0.0,0.0,0.0,0.0,0.0,0.0,18.33142106096973,-36.16726000991706,False,True,False,True,True,0.0,0,1.038759689922484,0.9089147286821706,False,False,False,False,-0.07595661809212019,-0.07757306086990573,False,False,False,False,302.0,7.598677575820988,False,False,False,False,10.19597324493696,False,False,False,False
2025-07-09 14:00:00+00:00,20.835,20.845,20.835,20.84,0.0,,,,,,,,,,,,,,,,,,,,,,,,20.870564270152506,,20.863692144373676,"rgba(38, 166, 154, 1.0)",0.0,0.0,0.05775585458407536,20.893826010544185,-0.9319576505587037,0.0,0.0,0.0,0.0,0.0,0.0,0.0,0.0,28.719395770021595,-26.85350423919708,False,True,False,True,True,0.0,0,1.0462427745664773,0.9036608863198456,False,False,False,False,-0.00891924220718103,-0.04324615153854338,False,False,False,False,302.0,12.163039163792757,False,False,False,False,10.037896140364294,False,False,False,False
2025-07-09 15:00:00+00:00,20.845,20.845,20.83,20.835,0.0,,,,,,,,,,,,,,,,,,,,,,,,20.870564270152506,,20.863692144373676,"rgba(38, 166, 154, 1.0)",0.0,0.0,0.05775585458407536,20.893826010544185,-1.0185289607056343,0.0,0.0,0.0,0.0,0.0,0.0,0.0,0.0,34.78192272366931,-21.861814101077794,False,False,False,True,True,0.0,0,1.0442307692307713,0.8999999999999994,False,False,False,False,-0.03562666101176884,-0.03943640627515611,False,False,False,False,302.0,16.656635455826976,False,False,False,False,9.882269843614461,False,False,False,False
2025-07-09 16:00:00+00:00,20.835,20.86,20.835,20.845,0.0,,,,,,,,,,,,,,,,,,,,,,,,20.870564270152506,,20.863692144373676,"rgba(38, 166, 154, 1.0)",0.0,0.0,0.05775585458407536,20.893826010544185,-0.8453863404117732,0.0,0.0,0.0,0.0,0.0,0.0,0.0,0.0,40.68676304206862,-16.967043903466724,False,False,False,True,True,0.0,0,1.046875000000003,0.9082031249999974,False,False,False,False,-0.016620325421599986,-0.028028365848378048,False,False,False,False,302.0,21.080563588294776,False,False,False,False,9.72905635766695,False,False,False,False
2025-07-09 17:00:00+00:00,20.845,20.87,20.84,20.865,0.0,,,,,,,,,,,,,,,,,,,,,,,,20.870564270152506,,20.863692144373676,"rgba(38, 166, 154, 1.0)",0.0,0.0,0.05798508661947824,20.893826010544185,-0.4971280069538303,0.0,0.0,0.0,0.0,0.0,0.0,0.0,0.0,47.65578436735896,-11.035217310188479,True,False,False,False,True,0.0,0,1.0523255813953523,0.893410852713176,False,False,False,False,-0.0023741994612001545,-0.015201282654789101,False,False,False,False,302.0,25.43590368770106,False,False,False,False,9.578218274602346,False,False,False,False
2025-07-09 18:00:00+00:00,20.86,20.88,20.86,20.875,0.0,,,,,,,,,,,,,,,,,,,,,,,,20.870564270152506,,20.863692144373676,"rgba(38, 166, 154, 1.0)",0.0,0.0,0.05813156869788913,20.893826010544185,-0.32385175500809216,0.0,0.0,0.0,0.0,0.0,0.0,0.0,0.0,53.54677484407694,-6.049490442528139,True,False,True,False,True,0.9755468935499643,0,1.0597302504816988,0.8882466281310187,False,False,False,False,0.02612094461973786,0.0054598309824743785,False,False,False,False,302.0,29.72371913440337,False,False,False,False,9.429718766468977,False,False,False,False
2025-07-09 19:00:00+00:00,20.875,20.895,20.87,20.89,21.0,,,,,,,,,,,,,,,,,,,,,,,,20.870759724908662,,20.86397339199665,"rgba(38, 166, 154, 1.0)",0.0,0.0,0.05813156869788913,20.894990945468873,-0.08585602591958928,0.0,0.0,0.0,0.0,0.0,0.0,0.0,0.0,59.10332519734634,-1.2441132229183722,True,False,True,False,True,2.9283538727550322,0,1.063097514340348,0.8833652007648157,False,False,False,False,0.04989737522850769,0.027678603105491036,False,False,False,False,323.0,34.270638217590914,False,False,False,False,9.60910297164,False,False,False,False
2025-07-10 14:00:00+00:00,20.89,20.89,20.86,20.87,0.0,,,,,,,,,,,,,,,,,,,,,,,,20.870759724908662,,20.86397339199665,"rgba(38, 166, 154, 1.0)",0.0,0.0,0.05832689797190615,20.894990945468873,-0.42846347633486553,0.0,0.0,0.0,0.0,0.0,0.0,0.0,0.0,58.722308034443515,-1.2441132229183722,True,False,True,False,True,0.22826644871540225,0,1.0587121212121242,0.8863636363636335,False,False,False,False,0.03132400406766524,0.029501303586578136,False,False,False,False,323.0,38.74706243127167,False,False,False,False,9.460124630994418,False,False,False,False
2025-07-10 15:00:00+00:00,20.875,20.875,20.86,20.865,0.0,,,,,,,,,,,,,,,,,,,,,,,,20.870759724908662,,20.86397339199665,"rgba(38, 166, 154, 1.0)",0.0,0.0,0.058548509186195793,20.894990945468873,-0.5122409756582763,0.0,0.0,0.0,0.0,0.0,0.0,0.0,0.0,57.56422320778411,-1.2441132229183722,True,False,True,False,True,0.0,0,1.0587121212121242,0.8958333333333311,False,False,False,False,-0.005156397213329389,0.012172453186624374,False,False,False,False,323.0,43.15408471915893,False,False,False,False,9.313456032064272,False,False,False,False
2025-07-10 16:00:00+00:00,20.865,20.88,20.86,20.87,0.0,,,,,,,,,,,,,,,,,,,,,,,,20.870759724908662,,20.86397339199665,"rgba(38, 166, 154, 1.0)",0.0,0.0,0.05859826581695811,20.894990945468873,-0.42647926726936763,0.0,0.0,0.0,0.0,0.0,0.0,0.0,0.0,57.53819663801476,-1.2441132229183722,True,False,True,False,True,0.237553068478217,0,1.0574712643678197,0.9080459770114921,False,False,False,False,-0.01623103625885337,-0.002029291536114498,False,False,False,False,323.0,47.4927810801022,False,False,False,False,9.169061364900484,False,False,False,False
2025-07-10 17:00:00+00:00,20.87,20.89,20.87,20.89,0.0,,,,,,,,,,,,,,,,,,,,,,,,20.870759724908662,,20.86397339199665,"rgba(38, 166, 154, 1.0)",0.0,0.0,0.0586695586920103,20.894990945468873,-0.08506874058952191,0.0,0.0,0.0,0.0,0.0,0.0,0.0,0.0,60.1242025364602,0.9475160455283458,True,False,True,False,True,2.8471321069339943,0,1.0498084291187777,0.9042145593869705,False,False,False,False,-0.0027732263452969323,-0.0024012589407057154,False,False,False,False,323.0,51.764210830798284,False,False,False,False,9.026905374746988,False,False,False,False
2025-07-10 18:00:00+00:00,20.89,20.9,20.89,20.895,0.0,,,,,,,,,,,,,,,,,,,,,,,,20.870759724908662,,20.86397339199665,"rgba(38, 166, 154, 1.0)",0.0,0.0,0.058716527746698,20.894990945468873,0.00015420753702794003,0.0,0.0,0.0,0.0,0.0,0.0,0.0,0.0,62.41652807640064,3.6874544969422374,True,False,True,False,True,3.483934220578629,0,1.053742802303266,0.9021113243761972,False,False,False,False,0.022762429519722904,0.010180585289508595,False,False,False,False,323.0,55.96941686442931,False,False,False,False,8.886953353433082,False,False,False,False
2025-07-10 19:00:00+00:00,20.895,20.91,20.89,20.9,301.0,,,,,,,,,,,,,,,,,,,,,,,,20.875512059035277,,20.869704897815367,"rgba(38, 166, 154, 1.0)",0.0,0.0,0.05871560714597653,20.901472298195852,-0.02507507402917781,0.0,0.0,0.0,0.0,0.0,0.0,0.0,0.0,64.52085400044062,6.216983035099567,True,False,True,False,True,4.1222487832058405,0,1.0521235521235555,0.9073359073359052,False,False,False,True,0.03415107603318001,0.022165830661344303,False,False,False,False,624.0,64.77609257195753,False,False,False,False,13.415837797565903,False,False,False,False
2025-07-11 14:00:00+00:00,20.835,20.835,20.82,20.825,0.0,,,,,,,,,,,,,,,,,,,,,,,,20.875512059035277,,20.869704897815367,"rgba(239, 83, 80, 1.0)",0.0,0.0,0.059590343252972994,20.901472298195852,-1.283300179547758,0.0,0.0,0.0,0.0,0.0,0.0,0.0,0.0,55.17517753545146,13.809331635642685,True,False,True,False,False,0.0,0,1.0357815442561242,0.9114877589453848,False,False,False,False,-0.13161690847020802,-0.05472553890443185,False,False,False,False,624.0,73.4462306716171,False,False,False,False,13.207840312332323,False,False,False,False
2025-07-11 15:00:00+00:00,20.825,20.83,20.82,20.825,0.0,,,,,,,,,,,,,,,,,,,,,,,,20.875512059035277,,20.869704897815367,"rgba(239, 83, 80, 1.0)",0.0,0.0,0.060419554140366385,20.901472298195852,-1.26568789332991,0.0,0.0,0.0,0.0,0.0,0.0,0.0,0.0,48.94472655879202,8.06794079894565,True,False,False,True,False,0.0,0,1.0358490566037772,0.913207547169811,False,False,False,False,-0.13741014737843577,-0.09606784314143381,False,False,False,False,624.0,81.98194802554552,False,False,False,False,13.003067594311666,False,False,False,False
2025-07-11 16:00:00+00:00,20.82,20.825,20.805,20.815,0.0,,,,,,,,,,,,,,,,,,,,,,,,20.875512059035277,,20.869704897815367,"rgba(239, 83, 80, 1.0)",0.0,0.0,0.06131428415499591,20.901472298195852,-1.4103124481932812,0.0,0.0,0.0,0.0,0.0,0.0,0.0,0.0,43.898896073348624,3.474763282016383,True,False,False,True,False,0.0,0,1.0248091603053466,0.916030534351144,False,False,False,False,-0.16067906235487917,-0.12837345274815648,False,False,False,False,624.0,90.38532867631226,False,False,False,False,12.801469647113036,False,False,False,False
2025-07-11 17:00:00+00:00,20.815,20.815,20.81,20.815,0.0,,,,,,,,,,,,,,,,,,,,,,,,20.875512059035277,,20.869704897815367,"rgba(239, 83, 80, 1.0)",0.0,0.0,0.06228205242324783,20.901472298195852,-1.388398339993907,0.0,0.0,0.0,0.0,0.0,0.0,0.0,0.0,40.535009083053026,0.35392820225268906,True,False,False,True,False,0.0,0,1.0248565965583207,0.9235181644359454,False,False,False,False,-0.1665223790633697,-0.1474479159057631,False,False,False,False,624.0,98.65842435574928,False,False,False,False,12.602997249483376,False,False,False,False
2025-07-11 18:00:00+00:00,20.815,20.815,20.805,20.805,0.0,,,,,,,,,,,,,,,,,,,,,,,,20.875512059035277,,20.869704897815367,"rgba(239, 83, 80, 1.0)",0.0,0.0,0.06342868592518948,20.901472298195852,-1.5209569107207412,0.0,0.0,0.0,0.0,0.0,0.0,0.0,0.0,37.33497258717094,-2.7633081860687696,False,False,False,True,False,0.0,0,1.0210325047801174,0.9254302103250464,False,False,False,False,-0.17237698530959678,-0.15991245060767995,False,False,False,False,624.0,106.80325498589269,False,False,False,False,12.407601943289835,False,False,False,False
2025-07-11 19:00:00+00:00,20.805,20.82,20.8,20.81,0.0,,,,,,,,,,,,,,,,,,,,,,,,20.875512059035277,,20.869704897815367,"rgba(239, 83, 80, 1.0)",0.0,0.0,0.0644193049236405,20.901472298195852,-1.419951648101142,0.0,0.0,0.0,0.0,0.0,0.0,0.0,0.0,36.25166662054207,-4.081360256266358,False,False,False,True,False,0.0,0,1.0210727969348699,0.9272030651340991,False,False,False,False,-0.17237698530959678,-0.16614471795863836,False,False,False,False,624.0,114.82180917215793,False,False,False,False,12.215236021688442,False,False,False,False
2025-07-14 14:00:00+00:00,20.81,20.82,20.79,20.8,0.0,,,,,,,,,,,,,,,,,,,,,,,,20.875512059035277,,20.869704897815367,"rgba(239, 83, 80, 1.0)",0.0,0.0,0.06558207841329154,20.901472298195852,-1.5472565165803884,0.0,0.0,0.0,0.0,0.0,0.0,0.0,0.0,34.47198677205242,-6.219988551118682,False,False,False,True,False,0.0,0,1.013333333333336,0.9276190476190471,False,False,False,False,-0.18412181255965088,-0.17513326525914463,False,False,False,False,624.0,122.71604468886866,False,False,False,False,12.025852517476219,False,False,False,False
2025-07-14 15:00:00+00:00,20.795,20.795,20.78,20.79,0.0,,,,,,,,,,,,,,,,,,,,,,,,20.875512059035277,,20.869704897815367,"rgba(239, 83, 80, 1.0)",0.0,0.0,0.06688702320982735,20.901472298195852,-1.66657585950805,0.0,0.0,0.0,0.0,0.0,0.0,0.0,0.0,32.308864607601755,-8.768846491869553,False,False,False,True,False,0.0,0,1.0019047619047656,0.9428571428571421,False,False,False,False,-0.2256500386991712,-0.20039165197915793,False,False,False,False,624.0,130.4878889572583,False,False,False,False,11.839405191623873,False,False,False,False
2025-07-14 16:00:00+00:00,20.79,20.81,20.79,20.8,0.0,,,,,,,,,,,,,,,,,,,,,,,,20.875512059035277,,20.869704897815367,"rgba(239, 83, 80, 1.0)",0.0,0.0,0.06786393381989887,20.901472298195852,-1.495231597760664,0.0,0.0,0.0,0.0,0.0,0.0,0.0,0.0,33.17990386881759,-8.768846491869553,False,False,False,True,False,0.0,0,1.0312500000000036,0.9355468750000003,False,False,False,False,-0.19591708744297714,-0.19815436971106754,False,False,False,False,624.0,138.13923951606048,False,False,False,False,11.655848521986293,False,False,False,False
2025-07-14 17:00:00+00:00,20.805,20.815,20.8,20.81,0.0,,,,,,,,,,,,,,,,,,,,,,,,20.875512059035277,,20.869704897815367,"rgba(239, 83, 80, 1.0)",0.0,0.0,0.06852684093058742,20.901472298195852,-1.3348389762853357,0.0,0.0,0.0,0.0,0.0,0.0,0.0,0.0,35.88213446469963,-8.768846491869553,False,False,False,True,False,0.0,0,1.0331384015594587,0.9064327485380108,False,False,False,False,-0.178243316386241,-0.18819884304865425,False,False,False,False,624.0,145.6719644848037,False,False,False,False,11.475137692188056,False,False,False,False
2025-07-14 18:00:00+00:00,20.81,20.81,20.81,20.81,0.0,,,,,,,,,,,,,,,,,,,,,,,,20.875512059035277,,20.869704897815367,"rgba(239, 83, 80, 1.0)",0.0,0.0,0.06913936832406238,20.901472298195852,-1.3230132182740595,0.0,0.0,0.0,0.0,0.0,0.0,0.0,0.0,37.68362152862099,-8.768846491869553,False,False,False,True,True,0.0,0,1.0452755905511848,0.9055118110236225,False,False,False,False,-0.17237698530960507,-0.18028791417912965,False,False,False,False,624.0,153.087903019923,False,False,False,False,11.297228580681265,False,False,False,False
2025-07-14 19:00:00+00:00,20.81,20.815,20.805,20.81,0.0,,,,,,,,,,,,,,,,,,,,,,,,20.875512059035277,,20.869704897815367,"rgba(239, 83, 80, 1.0)",0.0,0.0,0.06949418278848632,20.901472298195852,-1.316258347468593,0.0,0.0,0.0,0.0,0.0,0.0,0.0,0.0,38.88461290456856,-8.768846491869553,False,False,False,True,True,0.0,0,1.0475247524752507,0.8990099009900979,False,False,False,False,-0.17237698530959678,-0.1763324497443632,False,False,False,False,624.0,160.38886576380014,False,False,False,False,11.122077749973029,False,False,False,False
2025-07-15 14:00:00+00:00,20.79,20.8,20.75,20.765,500.0,,,,,,,,,,,,,,,,,,,,,,,,20.85343608276644,,20.849211956521742,"rgba(239, 83, 80, 1.0)",0.0,0.0,0.07049694901070477,20.86093274309021,-1.3608070198277962,0.0,0.0,0.0,0.0,0.0,0.0,0.0,0.0,34.38365943727488,-8.768846491869553,False,False,False,True,False,0.0,0,1.0233463035019492,0.9007782101167318,False,False,False,False,-0.25578069112066615,-0.2160565704325147,False,False,False,False,124.0,159.82469730234587,False,False,False,False,18.70158042051608,False,False,False,False
2025-07-15 15:00:00+00:00,20.765,20.77,20.75,20.765,0.0,,,,,,,,,,,,,,,,,,,,,,,,20.85343608276644,,20.849211956521742,"rgba(239, 83, 80, 1.0)",0.0,0.0,0.07129200200266235,20.86093274309021,-1.3456312124132344,0.0,0.0,0.0,0.0,0.0,0.0,0.0,0.0,31.383023792412423,-11.612289109810831,False,True,False,True,False,0.0,0,1.0214007782101209,0.9163424124513618,False,False,False,False,-0.2925528661521413,-0.25430471829232804,False,False,False,False,124.0,159.26927563874358,False,False,False,False,18.411633437252267,False,False,False,False
2025-07-15 16:00:00+00:00,20.765,20.77,20.75,20.755,0.0,,,,,,,,,,,,,,,,,,,,,,,,20.85343608276644,,20.849211956521742,"rgba(239, 83, 80, 1.0)",0.0,0.0,0.07201882886932934,20.86093274309021,-1.4709034394660148,0.0,0.0,0.0,0.0,0.0,0.0,0.0,0.0,28.555538455981115,-14.473679130429488,False,True,False,True,False,0.0,0,1.0136986301369906,0.925636007827788,False,False,False,False,-0.2925528661521413,-0.2734287922222347,False,False,False,False,124.0,158.72246516372428,False,False,False,False,18.126181756054557,False,False,False,False
2025-07-15 17:00:00+00:00,20.755,20.755,20.74,20.75,0.0,,,,,,,,,,,,,,,,,,,,,,,,20.85343608276644,,20.849211956521742,"rgba(239, 83, 80, 1.0)",0.0,0.0,0.07307881713267877,20.86093274309021,-1.517987666505399,0.0,0.0,0.0,0.0,0.0,0.0,0.0,0.0,26.272681242655352,-16.828780916846142,False,True,False,True,False,0.0,0,1.0118110236220506,0.9311023622047241,False,False,False,False,-0.32379134357727557,-0.29861006789975514,False,False,False,False,124.0,158.18413237048824,False,False,False,False,17.845155682317277,False,False,False,False
2025-07-15 18:00:00+00:00,20.75,20.755,20.745,20.745,0.0,,,,,,,,,,,,,,,,,,,,,,,,20.85343608276644,,20.849211956521742,"rgba(239, 83, 80, 1.0)",0.0,0.0,0.07386455830079078,20.86093274309021,-1.5695313930952959,0.0,0.0,0.0,0.0,0.0,0.0,0.0,0.0,24.350005143654368,-18.881367446345145,False,True,False,True,False,0.0,0,1.0138888888888933,0.9305555555555552,False,False,False,False,-0.3174963840165332,-0.30805322595814416,False,False,False,False,124.0,157.65414582210857,False,False,False,False,17.568486601971273,False,False,False,False
2025-07-15 19:00:00+00:00,20.745,20.755,20.745,20.75,1.0,,,,,,,,,,,,,,,,,,,,,,,,20.853392123530245,,20.849170497283747,"rgba(239, 83, 80, 1.0)",0.0,0.0,0.07418062931630916,20.860867174817724,-1.4945569461938861,0.0,0.0,0.0,0.0,0.0,0.0,0.0,0.0,24.622538201566027,-18.935468854561073,False,True,False,True,False,0.0,0,1.02404809619239,0.9218436873747493,False,False,False,False,-0.3174963840165332,-0.3127748049873387,False,False,False,False,125.0,157.1478799954092,False,False,False,False,17.3116108407004,False,False,False,False
2025-07-16 14:00:00+00:00,20.785,20.8,20.765,20.775,0.0,,,,,,,,,,,,,,,,,,,,,,,,20.853392123530245,,20.849170497283747,"rgba(239, 83, 80, 1.0)",0.0,0.0,0.074047890517475,20.860867174817724,-1.159616759068387,0.0,0.0,0.0,0.0,0.0,0.0,0.0,0.0,30.992598429146238,-18.935468854561073,False,True,False,True,True,0.0,0,1.0296442687747076,0.8952569169960485,False,False,False,False,-0.23765110407144144,-0.27521295452939004,False,False,False,False,125.0,156.64946325129432,False,False,False,False,17.04321377340272,False,False,False,False
2025-07-16 15:00:00+00:00,20.78,20.79,20.72,20.74,0.0,,,,,,,,,,,,,,,,,,,,,,,,20.853392123530245,,20.849170497283747,"rgba(239, 83, 80, 1.0)",0.0,0.0,0.0751410085849865,20.860867174817724,-1.6085380951603974,0.0,0.0,0.0,0.0,0.0,0.0,0.0,0.0,31.143610017858805,-25.328252761820757,False,True,False,True,True,0.0,0,1.0174418604651196,0.8972868217054274,True,False,False,False,-0.3232890712694529,-0.29925101289942146,False,False,False,False,125.0,156.1587738985611,True,False,False,False,16.778977900946863,True,False,False,False
2025-07-16 16:00:00+00:00,20.74,20.75,20.73,20.745,0.0,,,,,,,,,,,,,,,,,,,,,,,,20.853392123530245,,20.849170497283747,"rgba(239, 83, 80, 1.0)",0.0,0.0,0.0758491271544234,20.860867174817724,-1.5276006351638747,0.0,0.0,0.0,0.0,0.0,0.0,0.0,0.0,32.23154191673464,-24.000376878685458,False,True,False,True,True,0.0,0,1.0135658914728725,0.9186046511627917,False,False,False,False,-0.34282825441539394,-0.32103963365740773,False,False,False,False,125.0,155.67569213269195,False,False,False,False,16.51883870868412,False,False,False,False
2025-07-16 17:00:00+00:00,20.745,20.775,20.745,20.77,0.0,,,,,,,,,,,,,,,,,,,,,,,,20.853392123530245,,20.849170497283747,"rgba(239, 83, 80, 1.0)",0.0,0.0,0.07537730917681074,20.860867174817724,-1.2054977261735247,0.0,0.0,0.0,0.0,0.0,0.0,0.0,0.0,37.231426183628635,-19.097640136738004,False,False,False,True,True,0.0,0,1.0173745173745208,0.9131274131274152,False,False,False,False,-0.2925528661521413,-0.3067962499047745,False,False,False,False,125.0,155.2001000066037,False,False,False,False,16.262732682192894,False,False,False,False
2025-07-16 18:00:00+00:00,20.765,20.78,20.76,20.77,0.0,,,,,,,,,,,,,,,,,,,,,,,,20.853392123530245,,20.849170497283747,"rgba(239, 83, 80, 1.0)",0.0,0.0,0.07454806781139375,20.860867174817724,-1.2189071760735317,0.0,0.0,0.0,0.0,0.0,0.0,0.0,0.0,40.56468236155796,-15.906721339752728,False,False,False,True,True,0.0,0,1.0173745173745221,0.9169884169884182,False,False,False,False,-0.26795846348945657,-0.2873773566971155,False,False,False,False,125.0,154.73188140185016,False,False,False,False,16.010597291771298,False,False,False,False
2025-07-16 19:00:00+00:00,20.77,20.78,20.76,20.77,0.0,,,,,,,,,,,,,,,,,,,,,,,,20.853392123530245,,20.849170497283747,"rgba(239, 83, 80, 1.0)",0.0,0.0,0.07302800894237634,20.860867174817724,-1.2442784095267336,0.0,0.0,0.0,0.0,0.0,0.0,0.0,0.0,42.78685314684418,-13.7390074087469,True,False,False,True,True,0.0,0,1.0154142581888286,0.9171483622350686,False,False,False,False,-0.26795846348945657,-0.27766791009328606,False,False,False,False,125.0,154.27092200027107,False,False,False,False,15.762370977170193,False,False,False,False
2025-07-17 14:00:00+00:00,20.79,20.81,20.785,20.8,0.0,,,,,,,,,,,,,,,,,,,,,,,,20.853392123530245,,20.849170497283747,"rgba(239, 83, 80, 1.0)",0.0,0.0,0.07090743871317404,20.860867174817724,-0.8584032355749769,0.0,0.0,0.0,0.0,0.0,0.0,0.0,0.0,48.672703337430335,-8.215560201735165,True,False,False,False,True,0.0,0,1.015209125475289,0.9049429657794686,False,False,False,False,-0.201834773543004,-0.23975134181814503,False,False,False,False,125.0,153.8171092560808,False,False,False,False,15.517993132562902,False,False,False,False
2025-07-17 15:00:00+00:00,20.8,20.805,20.78,20.78,0.0,,,,,,,,,,,,,,,,,,,,,,,,20.853392123530245,,20.849170497283747,"rgba(239, 83, 80, 1.0)",0.0,0.0,0.06851007685463681,20.860867174817724,-1.1803690570849126,0.0,0.0,0.0,0.0,0.0,0.0,0.0,0.0,49.4110540435799,-7.507451934121562,True,False,False,False,True,0.0,0,1.01325757575758,0.9109848484848483,False,False,False,False,-0.2137125552916132,-0.2267319485548791,False,False,False,False,125.0,153.37033236838965,False,False,False,False,15.277404091747973,False,False,False,False
2025-07-17 16:00:00+00:00,20.78,20.78,20.77,20.77,0.0,,,,,,,,,,,,,,,,,,,,,,,,20.853392123530245,,20.849170497283747,"rgba(239, 83, 80, 1.0)",0.0,0.0,0.06600962255813805,20.860867174817724,-1.3765746764828526,0.0,0.0,0.0,0.0,0.0,0.0,0.0,0.0,48.51792935841932,-7.507451934121562,True,False,False,False,True,0.0,0,1.003816793893133,0.9293893129770994,False,False,False,False,-0.25578069112066615,-0.24125631983777263,False,False,False,False,125.0,152.93048225415106,False,False,False,False,15.040545113581338,False,False,False,False
2025-07-17 17:00:00+00:00,20.77,20.785,20.77,20.78,0.0,,,,,,,,,,,,,,,,,,,,,,,,20.853392123530245,,20.849170497283747,"rgba(239, 83, 80, 1.0)",0.0,0.0,0.0654597737696942,20.860867174817724,-1.2353720485230502,0.0,0.0,0.0,0.0,0.0,0.0,0.0,0.0,49.4166668477664,-7.046056463875345,True,False,False,False,True,0.0,0,0.994307400379509,0.927893738140418,False,False,False,False,-0.24971974646554912,-0.24548803315166087,False,False,False,False,125.0,152.49745152152855,False,False,False,False,14.80735836763434,False,False,False,False
2025-07-17 18:00:00+00:00,20.78,20.78,20.77,20.78,0.0,,,,,,,,,,,,,,,,,,,,,,,,20.853392123530245,,20.849170497283747,"rgba(239, 83, 80, 1.0)",0.0,0.0,0.06512614232711746,20.860867174817724,-1.2417006739250818,0.0,0.0,0.0,0.0,0.0,0.0,0.0,0.0,50.01582517399778,-6.0641706018777555,True,False,False,False,True,0.0,0,1.0000000000000027,0.9296577946768062,False,False,False,False,-0.25578069112066615,-0.2506343621361635,False,False,False,False,125.0,152.07113444367536,False,False,False,False,14.577786920074116,False,False,False,False
2025-07-17 19:00:00+00:00,20.78,20.79,20.77,20.785,0.0,,,,,,,,,,,,,,,,,,,,,,,,20.853392123530245,,20.849170497283747,"rgba(239, 83, 80, 1.0)",0.0,0.0,0.06435004217500917,20.860867174817724,-1.1789763029430793,0.0,0.0,0.0,0.0,0.0,0.0,0.0,0.0,51.237438027873786,-4.47657357946396,True,False,False,False,True,0.0,0,1.0018975332068334,0.9240986717267552,False,False,False,False,-0.24367672372072607,-0.2471555429284448,False,False,False,False,125.0,151.65142693292069,False,False,False,False,14.35177471976289,False,False,False,False
2025-07-18 14:00:00+00:00,20.81,20.825,20.805,20.81,0.0,,,,,,,,,,,,,,,,,,,,,,,,20.853392123530245,,20.849170497283747,"rgba(38, 166, 154, 1.0)",0.0,0.0,0.06274408195055003,20.860867174817724,-0.8107087272041764,0.0,0.0,0.0,0.0,0.0,0.0,0.0,0.0,55.470522117248876,-0.2040075668686825,True,False,True,False,True,0.0,0,1.020833333333336,0.9090909090909107,False,False,False,False,-0.16067906235487917,-0.20391730264166197,False,False,False,False,125.0,151.23822651535602,False,False,False,False,14.129266584572767,False,False,False,False
2025-07-18 15:00:00+00:00,20.81,20.825,20.805,20.82,0.0,,,,,,,,,,,,,,,,,,,,,,,,20.853392123530245,,20.849170497283747,"rgba(38, 166, 154, 1.0)",0.0,0.0,0.06096572659960126,20.860867174817724,-0.6703303166732155,0.0,0.0,0.0,0.0,0.0,0.0,0.0,0.0,59.38181802030795,3.5684083641101125,True,False,True,False,True,0.0,0,1.0229007633587823,0.908396946564887,False,False,False,False,-0.16067906235487917,-0.18229818249827057,False,False,False,False,125.0,150.8314323058156,False,False,False,False,13.910208187912723,False,False,False,False
2025-07-18 16:00:00+00:00,20.82,20.82,20.82,20.82,0.0,,,,,,,,,,,,,,,,,,,,,,,,20.853392123530245,,20.849170497283747,"rgba(38, 166, 154, 1.0)",0.0,0.0,0.05906531733351828,20.860867174817724,-0.6918979980580272,0.0,0.0,0.0,0.0,0.0,0.0,0.0,0.0,61.989348622347336,6.058839110062081,True,False,True,False,True,0.0,0,1.0171755725190874,0.9064885496183211,False,False,False,False,-0.14902457998023425,-0.1656613812392524,False,False,False,False,125.0,150.43094498324484,False,False,False,False,13.694546045464463,False,False,False,False
2025-07-18 17:00:00+00:00,20.82,20.825,20.82,20.82,0.0,,,,,,,,,,,,,,,,,,,,,,,,20.853392123530245,,20.849170497283747,"rgba(38, 166, 154, 1.0)",0.0,0.0,0.058101107895944894,20.860867174817724,-0.7033803019886249,0.0,0.0,0.0,0.0,0.0,0.0,0.0,0.0,63.72770235704026,7.78563394388118,True,False,True,False,True,0.0,0,1.0171428571428607,0.9047619047619055,False,False,False,False,-0.14321256671220162,-0.154436973975727,False,False,False,False,125.0,150.03666676645037,False,False,False,False,13.482227502123928,False,False,False,False
2025-07-18 18:00:00+00:00,20.82,20.82,20.81,20.81,0.0,,,,,,,,,,,,,,,,,,,,,,,,20.853392123530245,,20.849170497283747,"rgba(38, 166, 154, 1.0)",0.0,0.0,0.05712914088918389,20.860867174817724,-0.890389283402571,0.0,0.0,0.0,0.0,0.0,0.0,0.0,0.0,62.3267581429088,7.78563394388118,True,False,True,False,True,0.0,0,1.0132827324478206,0.9070208728652757,False,False,False,False,-0.16067906235487917,-0.15755801816530307,False,False,False,False,125.0,149.64850139022633,False,False,False,False,13.273200719145262,False,False,False,False
2025-07-18 19:00:00+00:00,20.81,20.82,20.81,20.81,0.0,,,,,,,,,,,,,,,,,,,,,,,,20.853392123530245,,20.849170497283747,"rgba(38, 166, 154, 1.0)",0.0,0.0,0.05609411332347648,20.860867174817724,-0.9068184129124304,0.0,0.0,0.0,0.0,0.0,0.0,0.0,0.0,61.39279533348783,7.78563394388118,True,False,True,False,False,0.0,0,1.0132325141776966,0.9073724007561442,False,False,False,False,-0.16067906235487917,-0.15911854026009112,False,False,False,False,125.0,149.26635408185075,False,False,False,False,13.067414661484094,False,False,False,False
2025-07-21 14:00:00+00:00,20.9,20.91,20.895,20.9,0.0,,,,,,,,,,,,,,,,,,,,,,,,20.853392123530245,,20.849170497283747,"rgba(38, 166, 154, 1.0)",0.0,0.0,0.0554973418728539,20.860867174817724,0.705129720841935,0.0,0.0,0.0,0.0,0.0,0.0,0.0,0.0,68.40003738854237,12.398951822962658,True,False,True,False,True,8.497286215271636,0,1.0127504553734088,0.9016393442622949,False,False,False,False,0.03984853720133707,-0.05963500152937702,False,False,False,False,125.0,148.8901315379461,False,False,False,False,12.864819085337054,False,False,False,False
2025-07-21 15:00:00+00:00,20.9,20.915,20.895,20.915,0.0,,,,,,,,,,,,,,,,,,,,,,,,20.853392123530245,,20.849170497283747,"rgba(38, 166, 154, 1.0)",0.0,0.0,0.054915988252632095,20.860867174817724,0.9857388877943194,0.0,0.0,0.0,0.0,0.0,0.0,0.0,0.0,73.63350578192367,17.126647297106615,True,False,True,False,True,10.058754693896681,0,1.012658227848104,0.9005424954792045,False,False,False,False,0.04554858525485757,-0.007043208137259727,False,False,False,False,125.0,148.51974190169886,False,False,False,False,12.665364525874462,False,False,False,False
2025-07-21 16:00:00+00:00,20.915,20.915,20.9,20.905,0.0,,,,,,,,,,,,,,,,,,,,,,,,20.853392123530245,,20.849170497283747,"rgba(38, 166, 154, 1.0)",0.0,0.0,0.054131804442949336,20.860867174817724,0.8152845750558709,0.0,0.0,0.0,0.0,0.0,0.0,0.0,0.0,75.24201634066128,18.510886471051236,True,False,True,False,True,8.721501852892203,0,1.0181488203266804,0.900181488203267,False,False,False,False,0.051251592627825936,0.022104192245283105,False,False,False,False,125.0,148.15509474043222,False,False,False,False,12.46900228516323,False,False,False,False
2025-07-21 17:00:00+00:00,20.905,20.915,20.905,20.905,0.0,,,,,,,,,,,,,,,,,,,,,,,,20.853392123530245,,20.849170497283747,"rgba(38, 166, 154, 1.0)",0.0,0.0,0.053714460280642286,20.860867174817724,0.8216190752303272,0.0,0.0,0.0,0.0,0.0,0.0,0.0,0.0,76.31435671315302,19.60170431481069,True,False,True,False,True,8.721501852892203,0,1.0164533820840984,0.9104204753199274,False,False,False,False,0.056957932911266836,0.03953106257827497,False,False,False,False,125.0,147.79610102352626,False,False,False,False,12.275684420276978,False,False,False,False
2025-07-21 18:00:00+00:00,20.905,20.905,20.89,20.895,0.0,,,,,,,,,,,,,,,,,,,,,,,,20.853392123530245,,20.849170497283747,"rgba(38, 166, 154, 1.0)",0.0,0.0,0.05311792083196561,20.860867174817724,0.6425858664583732,0.0,0.0,0.0,0.0,0.0,0.0,0.0,0.0,74.98267781184276,19.60170431481069,True,False,True,False,True,7.3730742554797,0,1.0036764705882384,0.9209558823529409,False,False,False,False,0.028455830326144408,0.03399344645220969,False,False,False,False,125.0,147.4426731006809,False,False,False,False,12.085363731590512,False,False,False,False
2025-07-21 19:00:00+00:00,20.895,20.895,20.885,20.885,8.0,,,,,,,,,,,,,,,,,,,,,,,,20.85351051814203,,20.849300985700406,"rgba(38, 166, 154, 1.0)",0.0,0.0,0.052693487297777654,20.862370053402373,0.4294638248128128,0.0,0.0,0.0,0.0,0.0,0.0,0.0,0.0,72.14438297129014,19.60170431481069,True,False,True,False,False,6.041178321151666,0,0.9926335174953986,0.9281767955801113,False,False,False,False,0.011379683814830508,0.0226865651335201,False,False,False,False,117.0,146.9706936727634,False,False,False,False,12.022024759007714,False,False,False,False
2025-07-22 14:00:00+00:00,20.905,20.95,20.905,20.92,0.0,,,,,,,,,,,,,,,,,,,,,,,,20.85351051814203,,20.849300985700406,"rgba(38, 166, 154, 1.0)",0.0,0.0,0.05290864130103682,20.862370053402373,1.089235050844138,0.0,0.0,0.0,0.0,0.0,0.0,0.0,0.0,72.95282042767258,19.60170431481069,True,False,True,False,False,9.805919723410415,0,0.9927927927927954,0.9063063063063078,False,False,False,False,0.09702733009945619,0.059856947616488146,False,False,False,False,117.0,146.50603175535622,False,False,False,False,11.835636778247904,False,False,False,False
2025-07-22 15:00:00+00:00,20.92,20.965,20.88,20.925,0.0,,,,,,,,,,,,,,,,,,,,,,,,20.85351051814203,,20.849300985700406,"rgba(38, 166, 154, 1.0)",0.0,0.0,0.053238626497579836,20.862370053402373,1.17640049561525,0.0,0.0,0.0,0.0,0.0,0.0,0.0,0.0,73.8086367599459,19.60170431481069,True,False,True,False,False,10.320658389695737,0,0.9876760563380306,0.9049295774647896,False,True,False,False,0.08555280344202623,0.0727048755292572,False,False,False,False,117.0,146.04857389868403,False,False,False,False,11.652138533623905,False,False,False,False
2025-07-22 16:00:00+00:00,20.925,20.93,20.92,20.925,0.0,,,,,,,,,,,,,,,,,,,,,,,,20.85351051814203,,20.849300985700406,"rgba(38, 166, 154, 1.0)",0.0,0.0,0.05356582210042855,20.862370053402373,1.169214699630775,0.0,0.0,0.0,0.0,0.0,0.0,0.0,0.0,74.37918098146145,19.60170431481069,True,False,True,False,False,10.320658389695737,0,0.9946524064171158,0.9322638146167574,False,False,False,False,0.0912870702350827,0.08199597288216995,False,False,False,False,117.0,145.59820841188272,False,False,False,False,11.471485223025084,False,False,False,False
2025-07-22 17:00:00+00:00,20.92,20.93,20.915,20.925,0.0,,,,,,,,,,,,,,,,,,,,,,,,20.85351051814203,,20.849300985700406,"rgba(38, 166, 154, 1.0)",0.0,0.0,0.05389027892078152,20.862370053402373,1.1621752169754747,0.0,0.0,0.0,0.0,0.0,0.0,0.0,0.0,74.75954379580514,19.60918483210081,True,False,True,False,False,10.320658389695716,0,0.9768270944741553,0.9376114081996454,False,False,False,False,0.08555280344202623,0.08377438816209809,False,False,False,False,117.0,145.15482533572953,False,False,False,False,11.293632738947176,False,False,False,False
2025-07-22 18:00:00+00:00,20.925,20.925,20.925,20.925,0.0,,,,,,,,,,,,,,,,,,,,,,,,20.85351051814203,,20.849300985700406,"rgba(38, 166, 154, 1.0)",0.0,0.0,0.05421204613315584,20.862370053402373,1.155277305781748,0.0,0.0,0.0,0.0,0.0,0.0,0.0,0.0,75.0131190053676,20.317235612188,True,False,True,False,False,10.320658389695716,0,0.9803220035778201,0.9373881932021474,False,False,False,False,0.0912870702350827,0.0875307291985904,False,False,False,False,117.0,144.71831641579575,False,False,False,False,11.118537657723188,False,False,False,False
2025-07-22 19:00:00+00:00,20.925,20.935,20.89,20.89,0.0,,,,,,,,,,,,,,,,,,,,,,,,20.85351051814203,,20.849300985700406,"rgba(38, 166, 154, 1.0)",0.0,0.0,0.05387029802225415,20.862370053402373,0.5128976005704269,0.0,0.0,0.0,0.0,0.0,0.0,0.0,0.0,67.74745173736893,22.69120215648539,True,False,True,False,False,5.497256530294909,0,0.9681978798586596,0.934628975265019,False,False,False,False,0.06266798100130312,0.07509935509994675,False,False,False,False,117.0,144.28857507601597,False,False,False,False,10.946157228921278,False,False,False,False
2025-07-23 14:00:00+00:00,20.895,20.91,20.845,20.9,0.0,,,,,,,,,,,,,,,,,,,,,,,,20.85351051814203,,20.849300985700406,"rgba(38, 166, 154, 1.0)",0.0,0.0,0.053685520721444044,20.862370053402373,0.7009328789577175,1.0,20.91,20.845,0.0,0.0,0.0,0.0,0.0,64.25573069459135,19.509538097820496,True,False,True,False,False,6.624213830362276,0,0.9532062391681126,0.9445407279029472,False,False,False,False,-0.017070731424419713,0.02901431183776352,False,False,False,False,117.0,143.8654963926669,False,False,False,False,10.776449364906995,False,False,False,False
2025-07-23 15:00:00+00:00,20.9,20.905,20.85,20.88,0.0,,,,,,,,,,,,,,,,,,,,,,,,20.85351051814203,,20.849300985700406,"rgba(38, 166, 154, 1.0)",0.0,0.0,0.05320155453934465,20.862370053402373,0.3313802904873458,0.0,0.0,0.0,0.0,0.0,0.0,0.0,0.0,58.81167935562282,14.59817606645177,True,False,True,False,False,4.00970639488559,1,0.9606837606837635,0.9435897435897448,False,False,False,False,-0.017070731424411557,0.005971790206675981,False,False,False,False,117.0,143.4489770687496,False,False,False,False,10.609372630567352,False,False,False,False
2025-07-23 16:00:00+00:00,20.88,20.89,20.875,20.89,0.0,,,,,,,,,,,,,,,,,,,,,,,,20.85351051814203,,20.849300985700406,"rgba(38, 166, 154, 1.0)",0.0,0.0,0.052849181980741095,20.862370053402373,0.5228074600605297,0.0,0.0,0.0,0.0,0.0,0.0,0.0,0.0,56.64213158899894,12.755044364920998,True,False,True,False,False,5.15120068551812,0,0.9757365684575412,0.9549393414211452,False,False,False,False,-0.005689828403850705,0.0001409809014126383,False,False,False,False,117.0,143.038915408769,False,False,False,False,10.444886233194214,False,False,False,False
2025-07-23 17:00:00+00:00,20.89,20.95,20.875,20.895,0.0,,,,,,,,,,,,,,,,,,,,,,,,20.85351051814203,,20.849300985700406,"rgba(38, 166, 154, 1.0)",0.0,0.0,0.05326400336110228,20.862370053402373,0.612607850303945,0.0,0.0,0.0,0.0,0.0,0.0,0.0,0.0,55.91388871916656,12.064015552694556,False,False,True,False,False,5.719568249642826,1,0.9574829931972811,0.9421768707483009,False,False,False,False,0.06266798100130312,0.03140448095135788,False,False,False,False,117.0,142.63521129390435,False,False,False,False,10.282950012524536,False,False,False,False
2025-07-23 18:00:00+00:00,20.895,20.9,20.885,20.89,0.0,,,,,,,,,,,,,,,,,,,,,,,,20.85351051814203,,20.849300985700406,"rgba(38, 166, 154, 1.0)",0.0,0.0,0.05365362719993105,20.862370053402373,0.5149688481390028,0.0,0.0,0.0,0.0,0.0,0.0,0.0,0.0,54.55060196705829,10.614869399323808,False,False,True,False,False,5.054858636555473,1,0.9608177172061356,0.9591141396933579,False,False,False,False,0.017070503771948728,0.024237492361653304,False,False,False,False,117.0,142.23776615756475,False,False,False,False,10.123524430935008,False,False,False,False
2025-07-23 19:00:00+00:00,20.89,20.895,20.88,20.89,0.0,,,,,,,,,,,,,,,,,,,,,,,,20.85351051814203,,20.849300985700406,"rgba(38, 166, 154, 1.0)",0.0,0.0,0.05403510703968551,20.862370053402373,0.5113332444652222,0.0,0.0,0.0,0.0,0.0,0.0,0.0,0.0,53.64174413231945,9.499376633960239,False,False,True,False,False,5.054858636555451,1,0.9589743589743609,0.9623931623931636,False,False,False,False,0.005689600810346438,0.014963546585999871,False,False,False,False,117.0,141.84648296132343,False,False,False,False,9.966570563788729,False,False,False,False
2025-07-24 14:00:00+00:00,20.86,20.88,20.855,20.87,0.0,,,,,,,,,,,,,,,,,,,,,,,,20.85351051814203,,20.849300985700406,"rgba(38, 166, 154, 1.0)",0.0,0.0,0.05420390265525674,20.862370053402373,0.1407637868098863,0.0,0.0,0.0,0.0,0.0,0.0,0.0,0.0,49.63857536032727,5.529973083501815,False,False,False,False,False,2.4002332769971026,0,0.9405772495755537,0.9677419354838724,False,False,False,False,-0.03984876514905242,-0.012442609281526273,False,False,False,False,117.0,141.4612661712254,False,False,False,False,9.812050089931539,False,False,False,False
2025-07-24 15:00:00+00:00,20.87,20.89,20.86,20.875,0.0,,,,,,,,,,,,,,,,,,,,,,,,20.85351051814203,,20.849300985700406,"rgba(38, 166, 154, 1.0)",0.0,0.0,0.05440646159290783,20.862370053402373,0.23214056249660198,0.0,0.0,0.0,0.0,0.0,0.0,0.0,0.0,47.989521400136525,3.83177835218477,False,True,False,True,False,3.0092179582180343,0,0.9424703891708984,0.9661590524534692,False,False,False,False,-0.022762657223799655,-0.017602633252662963,False,False,False,False,117.0,141.08202173446222,False,False,False,False,9.659925282335701,False,False,False,False
2025-07-24 16:00:00+00:00,20.875,20.89,20.87,20.89,0.0,,,,,,,,,,,,,,,,,,,,,,,,20.85351051814203,,20.849300985700406,"rgba(38, 166, 154, 1.0)",0.0,0.0,0.054797497805677824,20.862370053402373,0.5042191286837389,0.0,0.0,0.0,0.0,0.0,0.0,0.0,0.0,49.661176184494266,3.83177835218477,False,True,False,False,False,4.811538550433173,0,0.9555555555555582,0.964102564102565,False,False,False,False,-0.011379911430432581,-0.014491272341547772,False,False,False,False,117.0,140.70865705640855,False,False,False,False,9.510158998888636,False,False,False,False
2025-07-24 17:00:00+00:00,20.89,20.895,20.87,20.885,0.0,,,,,,,,,,,,,,,,,,,,,,,,20.85351051814203,,20.849300985700406,"rgba(38, 166, 154, 1.0)",0.0,0.0,0.05496911499743399,20.862370053402373,0.41168475422399187,0.0,0.0,0.0,0.0,0.0,0.0,0.0,0.0,49.832902683850605,3.83177835218477,False,True,False,False,False,4.137645545783776,0,0.9557069846678049,0.9625212947189109,False,False,False,False,-0.005689828403850705,-0.010090550372699238,False,False,False,False,117.0,140.34108097801465,False,False,False,False,9.36271467332447,False,False,False,False
2025-07-24 18:00:00+00:00,20.885,20.885,20.875,20.875,0.0,,,,,,,,,,,,,,,,,,,,,,,,20.85351051814203,,20.849300985700406,"rgba(38, 166, 154, 1.0)",0.0,0.0,0.0550084350615927,20.862370053402373,0.22960018010848154,0.0,0.0,0.0,0.0,0.0,0.0,0.0,0.0,48.15468147677104,3.3965302715306223,False,True,False,True,False,2.797066561277191,1,0.9556313993174087,0.9675767918088739,False,False,False,False,-0.011379911430432581,-0.01073523090156591,False,False,False,False,117.0,139.9792037535493,False,False,False,False,9.217556306296183,False,False,False,False
2025-07-24 19:00:00+00:00,20.875,20.875,20.86,20.86,0.0,,,,,,,,,,,,,,,,,,,,,,,,20.85351051814203,,20.849300985700406,"rgba(38, 166, 154, 1.0)",0.0,0.0,0.0548131962804946,20.862370053402373,-0.04323873744280375,0.0,0.0,0.0,0.0,0.0,0.0,0.0,0.0,44.74863015643095,-0.02395351661396461,False,True,False,True,False,0.8308983684917592,1,0.9505962521294742,0.9693356047700181,False,False,False,False,-0.03984876514905242,-0.025291998025309164,False,False,False,False,117.0,139.62293702868809,False,False,False,False,9.074648456586164,False,False,False,False
2025-07-25 14:00:00+00:00,20.87,20.89,20.86,20.89,0.0,,,,,,,,,,,,,,,,,,,,,,,,20.85351051814203,,20.849300985700406,"rgba(38, 166, 154, 1.0)",0.0,0.0,0.05493173486695146,20.862370053402373,0.5029869649037965,0.0,0.0,0.0,0.0,0.0,0.0,0.0,0.0,47.78024773331,-0.02395351661396461,False,True,False,True,True,4.468733771296037,1,0.9489795918367362,0.9710884353741505,False,False,False,False,-0.022762657223799655,-0.02402732762455441,False,False,False,False,117.0,139.272193818941,False,False,False,False,8.933956232453045,False,False,False,False
2025-07-25 15:00:00+00:00,20.88,20.895,20.87,20.88,700.0,,,,,,,,,,,,,,,,,,,,,,,20.881666666666664,20.859949362953284,,20.856607008491885,"rgba(38, 166, 154, 1.0)",0.0,0.0,0.054959280585903644,20.870770067313675,0.16794129377107359,0.0,0.0,0.0,0.0,0.0,0.0,0.0,0.0,48.22756500547575,-0.02395351661396461,False,True,False,False,True,3.1647161764322895,1,0.9472789115646276,0.9778911564625857,False,False,False,False,-0.005689828403850705,-0.014858578014202557,False,False,False,False,-583.0,128.0741753101202,False,False,False,False,19.648158461407263,False,False,False,False
2025-07-25 16:00:00+00:00,20.885,20.915,20.885,20.91,0.0,,,,,,,,,,,,,,,,,,,,,,,20.881666666666664,20.859949362953284,,20.856607008491885,"rgba(38, 166, 154, 1.0)",0.0,0.0,0.05545373853145238,20.870770067313675,0.7074353095972911,0.0,0.0,0.0,0.0,0.0,0.0,0.0,0.0,52.39856300303855,-2.9367429736284762,False,True,True,False,True,6.600571062084274,1,0.9507640067911726,0.9762308998302205,False,False,False,False,0.03415107603318001,0.009646249009488727,False,False,False,False,-583.0,117.04976949135865,False,False,False,False,19.3435358496025,False,False,False,False
2025-07-25 17:00:00+00:00,20.915,20.915,20.9,20.91,0.0,,,,,,,,,,,,,,,,,,,,,,,20.881666666666664,20.859949362953284,,20.856607008491885,"rgba(38, 166, 154, 1.0)",0.0,0.0,0.056031844227770494,20.870770067313675,0.700136381855554,0.0,0.0,0.0,0.0,0.0,0.0,0.0,0.0,55.179228334747066,-0.3081106593712306,False,False,True,False,True,6.6005710620842954,1,0.9574829931972787,0.9727891156462578,False,False,False,False,0.051251592627825936,0.03044892081865733,False,False,False,False,-583.0,106.196284693043,False,False,False,False,19.04363606898851,False,False,False,False
2025-07-25 18:00:00+00:00,20.91,20.91,20.905,20.91,0.0,,,,,,,,,,,,,,,,,,,,,,,20.881666666666664,20.859949362953284,,20.856607008491885,"rgba(38, 166, 154, 1.0)",0.0,0.0,0.056582635097635406,20.870770067313675,0.6933210625244398,0.0,0.0,0.0,0.0,0.0,0.0,0.0,0.0,57.033005222552745,1.4824809682498028,False,False,True,False,True,6.6005710620842954,1,0.9554794520547947,0.9794520547945197,False,False,False,False,0.051251592627825936,0.040850256723241635,False,False,False,False,-583.0,95.51107097687178,False,False,False,False,18.748385897376284,False,False,False,False
2025-07-25 19:00:00+00:00,20.91,20.91,20.905,20.905,0.0,,,,,,,,,,,,,,,,,,,,,,,20.881666666666664,20.859949362953284,,20.856607008491885,"rgba(38, 166, 154, 1.0)",0.0,0.0,0.05704218448489136,20.870770067313675,0.6000810276715935,0.0,0.0,0.0,0.0,0.0,0.0,0.0,0.0,57.228070945571496,1.8396225226206155,False,False,True,False,True,5.9152440155040615,0,0.948453608247423,0.9828178694158073,False,False,False,False,0.051251592627825936,0.04605092467553379,False,False,False,False,-583.0,84.99151948885826,False,False,False,False,18.45771324780456,False,False,False,False
2025-07-28 14:00:00+00:00,20.885,20.895,20.885,20.895,0.0,,,,,,,,,,,,,,,,,,,,,,,20.881666666666664,20.859949362953284,,20.856607008491885,"rgba(38, 166, 154, 1.0)",0.0,0.0,0.057301714516095045,20.870770067313675,0.4228483020262668,0.0,0.0,0.0,0.0,0.0,0.0,0.0,0.0,55.367017349067126,1.8396225226206155,False,True,True,False,True,4.551734272569316,0,0.9416809605488866,0.9879931389365338,False,False,False,False,0.011379683814830508,0.02871530424518215,False,False,False,False,-583.0,74.63506182236432,False,False,False,False,18.17154715093937,False,False,False,False
2025-07-28 15:00:00+00:00,20.895,20.895,20.885,20.89,0.0,,,,,,,,,,,,,,,,,,,,,,,20.881666666666664,20.859949362953284,,20.856607008491885,"rgba(38, 166, 154, 1.0)",0.0,0.0,0.05743880409804673,20.870770067313675,0.3347899210001067,0.0,0.0,0.0,0.0,0.0,0.0,0.0,0.0,53.1777477410248,1.8396225226206155,False,True,True,False,False,3.8736188938727594,0,0.9396551724137937,0.993103448275861,False,False,False,False,0.011379683814830508,0.02004749403000633,False,False,False,False,-583.0,64.43916939100983,False,False,False,False,17.88981773774651,False,False,False,False
2025-07-28 16:00:00+00:00,20.89,20.895,20.885,20.885,0.0,,,,,,,,,,,,,,,,,,,,,,,20.881666666666664,20.859949362953284,,20.856607008491885,"rgba(38, 166, 154, 1.0)",0.0,0.0,0.057387335765862836,20.870770067313675,0.2479629433292391,0.0,0.0,0.0,0.0,0.0,0.0,0.0,0.0,50.768754540300904,5.932317454704844,False,True,False,False,False,3.1934787624550047,0,0.9445407279029472,0.9896013864818007,False,False,False,False,0.011379683814830508,0.01571358892241842,False,False,False,False,-583.0,54.40135281130425,False,False,False,False,17.612456222432613,False,False,False,False
2025-07-28 17:00:00+00:00,20.885,20.895,20.885,20.885,0.0,,,,,,,,,,,,,,,,,,,,,,,20.881666666666664,20.859949362953284,,20.856607008491885,"rgba(38, 166, 154, 1.0)",0.0,0.0,0.05750612971634006,20.870770067313675,0.24745071102017327,0.0,0.0,0.0,0.0,0.0,0.0,0.0,0.0,49.16275907315165,4.270640292894058,False,True,False,False,False,3.1934787624550154,0,0.9427083333333345,0.9895833333333316,False,False,False,False,0.011379683814830508,0.013546636368624465,False,False,False,False,-583.0,44.51916129484992,False,False,False,False,17.339394885650712,False,False,False,False
2025-07-28 18:00:00+00:00,20.885,20.89,20.885,20.885,0.0,,,,,,,,,,,,,,,,,,,,,,,20.881666666666664,20.859949362953284,,20.856607008491885,"rgba(38, 166, 154, 1.0)",0.0,0.0,0.057651328481425776,20.870770067313675,0.24682748968935367,0.0,0.0,0.0,0.0,0.0,0.0,0.0,0.0,48.09209542838548,3.0670914792314363,False,True,False,True,False,3.1934787624550154,0,0.9389179755671908,0.9965095986038376,False,False,False,False,0.0056896008103544515,0.00961811858948946,False,False,False,False,-583.0,34.79018204996853,False,False,False,False,17.070567057966205,False,False,False,False
2025-07-28 19:00:00+00:00,20.885,20.895,20.885,20.89,0.0,,,,,,,,,,,,,,,,,,,,,,,20.881666666666664,20.859949362953284,,20.856607008491885,"rgba(38, 166, 154, 1.0)",0.0,0.0,0.05781829256344861,20.870770067313675,0.3325925383428287,0.0,0.0,0.0,0.0,1.0,20.915,20.89,0.0,48.760764257447256,3.0670914792314363,False,True,False,False,False,3.845394434796514,0,0.9385964912280708,0.9964912280701737,False,False,False,False,0.011379683814830508,0.010498901202159985,False,False,False,False,-583.0,25.212039692604677,False,False,False,False,16.80590710357913,False,False,False,False
2025-07-29 14:00:00+00:00,20.925,20.95,20.915,20.945,0.0,,,,,,,,,,,,,,,,,,,,,,,20.881666666666664,20.859949362953284,,20.856607008491885,"rgba(38, 166, 154, 1.0)",0.0,0.0,0.058744982534430654,20.870770067313675,1.2635961316835689,0.0,0.0,0.0,0.0,0.0,0.0,0.0,0.0,57.30836691962344,2.0250975921479295,False,False,True,False,True,10.425807115781243,0,0.9512195121951227,0.9773519163763048,False,False,False,False,0.10852738482744173,0.05951314301480086,False,False,False,False,-583.0,15.782395666362744,False,False,False,False,16.545350404298834,False,False,False,False
2025-07-29 15:00:00+00:00,20.945,20.955,20.935,20.935,0.0,,,,,,,,,,,,,,,,,,,,,,,20.881666666666664,20.859949362953284,,20.856607008491885,"rgba(38, 166, 154, 1.0)",0.0,0.0,0.059381345085318976,20.870770067313675,1.081651697078239,0.0,0.0,0.0,0.0,0.0,0.0,0.0,0.0,60.75976411103368,5.0063960814515625,False,False,True,False,True,8.984813319577352,0,0.9583333333333339,0.965277777777777,False,False,False,False,0.13740991546801393,0.09846152924140739,False,False,False,False,-583.0,6.498947671535413,False,False,False,False,16.288833343767067,False,False,False,False
2025-07-29 16:00:00+00:00,20.945,20.955,20.935,20.95,0.0,,,,,,,,,,,,,,,,,,,,,,,20.881666666666664,20.859949362953284,,20.856607008491885,"rgba(38, 166, 154, 1.0)",0.0,0.0,0.06027280324332367,20.870770067313675,1.3145221131738314,0.0,0.0,0.0,0.0,0.0,0.0,0.0,0.0,64.49015637165954,8.293020667849888,True,False,True,False,True,10.646355424873999,0,0.9543859649122807,0.9754385964912278,False,False,False,False,0.13740991546801393,0.11793572235471066,False,False,False,False,-583.0,-2.6405708970155235,False,False,False,False,16.036293291925716,False,False,False,False
2025-07-29 17:00:00+00:00,20.955,20.995,20.955,20.98,3.0,,,,,,,,,,,,,,,,,,,,,,,20.88207207207207,20.86006364229765,,20.856723045532647,"rgba(38, 166, 154, 1.0)",0.0,0.0,0.06215702289760273,20.881927210522683,1.5778231470140107,0.0,0.0,0.0,0.0,0.0,0.0,0.0,0.0,69.12573337723462,12.428914089514237,True,False,True,False,True,13.790415577198662,0,0.9583333333333339,0.9565972222222207,False,False,False,False,0.2077662024330782,0.16285096239389443,False,False,False,False,-580.0,-11.591879875356367,False,False,False,False,15.834180217632294,False,False,False,False
2025-07-29 18:00:00+00:00,20.98,20.98,20.98,20.98,0.0,,,,,,,,,,,,,,,,,,,,,,,20.88207207207207,20.86006364229765,,20.856723045532647,"rgba(38, 166, 154, 1.0)",0.0,0.0,0.06391809229412397,20.881927210522683,1.5343510101338451,0.0,0.0,0.0,0.0,0.0,0.0,0.0,0.0,72.21611804761802,15.15833557066523,True,False,True,False,True,13.790415577198662,0,0.9632224168126103,0.9684763572679496,False,False,False,False,0.21967335560850754,0.19126215900120097,False,False,False,False,-580.0,-20.404408869536887,False,False,False,False,15.588689051467453,False,False,False,False
2025-07-29 19:00:00+00:00,20.98,20.99,20.975,20.985,0.0,,,,,,,,,,,,,,,,,,,,,,,20.88207207207207,20.86006364229765,,20.856723045532647,"rgba(38, 166, 154, 1.0)",0.0,0.0,0.06563226793729005,20.881927210522683,1.570459054924018,0.0,0.0,0.0,0.0,0.0,0.0,0.0,0.0,74.60930913664238,17.36350240875653,True,False,True,False,True,14.30501242772472,0,0.954624781849914,0.9650959860383936,False,False,False,False,0.2256497993268158,0.20845597916400838,False,False,False,False,-580.0,-29.080309507218487,False,False,False,False,15.347003949894313,False,False,False,False
2025-07-30 14:00:00+00:00,20.935,20.955,20.93,20.955,0.0,,,,,,,,,,,,,,,,,,,,,,,20.88207207207207,20.86006364229765,,20.856723045532647,"rgba(38, 166, 154, 1.0)",0.0,0.0,0.06652744471944293,20.881927210522683,1.098385632959077,0.0,0.0,0.0,0.0,0.0,0.0,0.0,0.0,69.90995976310889,17.36350240875653,True,False,True,False,False,9.933306893442456,0,0.9446366782006941,0.9740484429065732,False,False,False,False,0.13161667691878362,0.170036328041396,False,False,False,False,-580.0,-37.62170005749417,False,False,False,False,15.109065904159518,False,False,False,False
2025-07-30 15:00:00+00:00,20.955,20.955,20.94,20.955,0.0,,,,,,,,,,,,,,,,,,,,,,,20.88207207207207,20.86006364229765,,20.856723045532647,"rgba(38, 166, 154, 1.0)",0.0,0.0,0.06726477198019169,20.881927210522683,1.0863456059708936,0.0,0.0,0.0,0.0,0.0,0.0,0.0,0.0,66.77706018075322,24.52702569989532,True,False,True,False,False,9.933306893442456,0,0.9445407279029495,0.9740034662045048,False,False,False,False,0.23920218145050814,0.20461925474595208,False,False,False,False,-580.0,-46.03066594807565,False,False,False,False,14.874816820374098,False,False,False,False
2025-07-30 16:00:00+00:00,20.955,20.955,20.955,20.955,0.0,,,,,,,,,,,,,,,,,,,,,,,20.88207207207207,20.86006364229765,,20.856723045532647,"rgba(38, 166, 154, 1.0)",0.0,0.0,0.06798529252711669,20.881927210522683,1.0748323168304297,0.0,0.0,0.0,0.0,0.0,0.0,0.0,0.0,64.68846045918279,22.4676685152658,True,False,True,False,False,9.933306893442456,0,0.9677419354838745,0.9695340501792109,False,False,False,False,0.2609184593807039,0.232768857063328,False,False,False,False,-580.0,-54.309260274462076,False,False,False,False,14.644199505329539,False,False,False,False
2025-07-30 17:00:00+00:00,20.955,20.955,20.955,20.955,0.0,,,,,,,,,,,,,,,,,,,,,,,20.88207207207207,20.86006364229765,,20.856723045532647,"rgba(38, 166, 154, 1.0)",0.0,0.0,0.06853354541277193,20.881927210522683,1.0662339010364035,0.0,0.0,0.0,0.0,0.0,0.0,0.0,0.0,63.2960606448025,20.92205558372241,True,False,True,False,False,9.933306893442456,0,0.9674502712477432,0.9620253164556957,False,False,False,False,0.2609184593807039,0.24684365822201595,False,False,False,False,-580.0,-62.4595043012146,False,False,False,False,14.417157652533731,False,False,False,False
2025-07-30 18:00:00+00:00,20.955,20.975,20.955,20.975,0.0,,,,,,,,,,,,,,,,,,,,,,,20.88207207207207,20.86006364229765,,20.856723045532647,"rgba(38, 166, 154, 1.0)",0.0,0.0,0.06928092700624372,20.881927210522683,1.3434114336970486,0.0,0.0,0.0,0.0,0.0,0.0,0.0,0.0,65.03392743590537,20.92205558372241,True,False,True,False,False,12.156809931032832,0,0.9692028985507279,0.952898550724635,False,False,False,False,0.290256503617475,0.26855008091974547,False,False,False,False,-580.0,-70.48338795545934,False,False,False,False,14.19363582846344,False,False,False,False
2025-07-30 19:00:00+00:00,20.975,20.975,20.935,20.945,0.0,,,,,,,,,,,,,,,,,,,,,,,20.88207207207207,20.86006364229765,,20.856723045532647,"rgba(38, 166, 154, 1.0)",0.0,0.0,0.06951809667822756,20.881927210522683,0.9072859081464344,0.0,0.0,0.0,0.0,0.0,0.0,0.0,0.0,60.37527830899386,17.795203141558687,False,False,True,False,False,7.824656602221459,0,0.9550359712230251,0.9586330935251776,False,False,False,False,0.2609184593807039,0.26473427015022466,False,False,False,False,-580.0,-78.38287031273903,False,False,False,False,13.973579459029898,False,False,False,False
2025-07-31 14:00:00+00:00,20.97,20.985,20.965,20.985,0.0,,,,,,,,,,,,,,,,,,,,,,,20.88207207207207,20.86006364229765,,20.856723045532647,"rgba(38, 166, 154, 1.0)",0.0,0.0,0.07057371074731916,20.881927210522683,1.4604983695183098,0.0,0.0,0.0,0.0,0.0,0.0,0.0,0.0,61.77973470406053,17.795203141558687,False,False,True,False,False,12.079717848815175,0,0.955516014234879,0.9483985765124541,False,False,False,False,0.32008896885097093,0.2924116195005978,False,False,False,False,-580.0,-86.15988007533223,False,False,False,False,13.75693481625424,False,False,False,False
2025-07-31 15:00:00+00:00,20.98,20.995,20.975,20.985,0.0,,,,,,,,,,,,,,,,,,,,,,,20.88207207207207,20.86006364229765,,20.856723045532647,"rgba(38, 166, 154, 1.0)",0.0,0.0,0.07153667238202456,20.881927210522683,1.440838468511378,0.0,0.0,0.0,0.0,0.0,0.0,0.0,0.0,62.71603896743831,17.795203141558687,True,False,True,False,False,12.079717848815175,0,0.9591474245115493,0.9467140319715797,False,False,False,False,0.34282795210631706,0.3176197858034574,False,False,False,False,-580.0,-93.81631604315653,False,False,False,False,13.543649005149524,False,False,False,False
2025-07-31 16:00:00+00:00,20.985,20.985,20.97,20.98,0.0,,,,,,,,,,,,,,,,,,,,,,,20.88207207207207,20.86006364229765,,20.856723045532647,"rgba(38, 166, 154, 1.0)",0.0,0.0,0.07230752642966017,20.881927210522683,1.3563289234174178,0.0,0.0,0.0,0.0,0.0,0.0,0.0,0.0,62.43805577085324,17.795203141558687,True,False,True,False,False,11.367676818691358,0,0.9693140794223847,0.9476534296028866,False,False,False,False,0.3203193572412462,0.31896957152235184,False,False,False,False,-580.0,-101.35404757737116,False,False,False,False,13.33366995080612,False,False,False,False
2025-07-31 17:00:00+00:00,20.985,20.985,20.985,20.985,0.0,,,,,,,,,,,,,,,,,,,,,,,20.88207207207207,20.86006364229765,,20.856723045532647,"rgba(38, 166, 154, 1.0)",0.0,0.0,0.07237054300952231,20.881927210522683,1.4242367846231918,0.0,0.0,0.0,0.0,0.0,0.0,0.0,0.0,62.82475953121,17.795203141558687,True,False,True,False,False,11.894216485395038,0,0.965517241379313,0.9509981851179664,False,False,False,False,0.34282795210631706,0.3308987618143344,False,False,False,False,-580.0,-108.77491505679177,False,False,False,False,13.126946385677343,False,False,False,False
2025-07-31 18:00:00+00:00,20.985,20.985,20.97,20.97,0.0,,,,,,,,,,,,,,,,,,,,,,,20.88207207207207,20.86006364229765,,20.856723045532647,"rgba(38, 166, 154, 1.0)",0.0,0.0,0.07203290039097662,20.881927210522683,1.2226744862316907,0.0,0.0,0.0,0.0,0.0,0.0,0.0,0.0,60.28632578373424,16.02798461064475,False,False,True,False,False,9.747496634648783,0,0.9637681159420308,0.9438405797101442,False,False,False,False,0.3203193572412462,0.3256090595277903,False,False,False,False,-580.0,-116.0807303272291,False,False,False,False,12.92342783706219,False,False,False,False
2025-07-31 19:00:00+00:00,20.97,20.97,20.94,20.945,0.0,,,,,,,,,,,,,,,,,,,,,,,20.88207207207207,20.86006364229765,,20.856723045532647,"rgba(38, 166, 154, 1.0)",0.0,0.0,0.07099409948833625,20.881927210522683,0.8884229806686914,0.0,0.0,0.0,0.0,0.0,0.0,0.0,0.0,54.94508914493205,10.792860012212586,False,True,True,False,False,6.330378690437385,0,0.9532374100719451,0.9496402877697837,False,False,False,False,0.25454200082122064,0.2900755301745055,False,False,False,False,-580.0,-123.27327714386121,False,False,False,False,12.723064614782157,False,False,False,False
2025-08-01 14:00:00+00:00,20.945,20.975,20.945,20.965,0.0,,,,,,,,,,,,,,,,,,,,,,,20.88207207207207,20.86006364229765,,20.856723045532647,"rgba(38, 166, 154, 1.0)",0.0,0.0,0.06999948519757523,20.881927210522683,1.1867628632245215,0.0,0.0,0.0,0.0,0.0,0.0,0.0,0.0,54.197667125306275,9.954181065694982,False,True,True,False,False,8.51862885556412,0,0.9517857142857172,0.9517857142857135,False,False,False,False,0.26895567236824075,0.2795156012713731,False,False,False,False,-580.0,-130.35431160674707,False,False,False,False,12.5258077990491,False,False,False,False
2025-08-01 15:00:00+00:00,20.965,20.98,20.955,20.975,0.0,,,,,,,,,,,,,,,,,,,,,,,20.88207207207207,20.86006364229765,,20.856723045532647,"rgba(38, 166, 154, 1.0)",0.0,0.0,0.06889854141421747,20.881927210522683,1.3508673415561236,0.0,0.0,0.0,0.0,0.0,0.0,0.0,0.0,54.93687638432669,9.954181065694982,False,True,True,False,False,9.582213578763184,0,0.9520426287744245,0.9538188277087023,False,False,False,False,0.2907847024053801,0.2851501518383766,False,False,False,False,-580.0,-137.3255625895882,False,False,False,False,12.331609228521206,False,False,False,False
2025-08-01 16:00:00+00:00,20.975,20.985,20.97,20.985,0.0,,,,,,,,,,,,,,,,,,,,,,,20.88207207207207,20.86006364229765,,20.856723045532647,"rgba(38, 166, 154, 1.0)",0.0,0.0,0.06796110440324918,20.881927210522683,1.5166438271180982,0.0,0.0,0.0,0.0,0.0,0.0,0.0,0.0,56.60849060657462,9.954181065694982,False,True,True,False,False,10.632987771043478,0,0.9677419354838734,0.9480286738351253,False,False,False,False,0.3203193572412462,0.3027347545398114,False,False,False,False,-580.0,-144.18873216184264,False,False,False,False,12.140421488544133,False,False,False,False
2025-08-01 17:00:00+00:00,20.985,20.99,20.985,20.99,0.0,,,,,,,,,,,,,,,,,,,,,,,20.88207207207207,20.86006364229765,,20.856723045532647,"rgba(38, 166, 154, 1.0)",0.0,0.0,0.06760963735341782,20.881927210522683,1.5984820168814606,0.0,0.0,0.0,0.0,0.0,0.0,0.0,0.0,58.30558381212856,9.954181065694982,False,False,True,False,True,11.156197997343046,0,0.9675090252707605,0.9494584837545134,False,False,False,False,0.3428279551599426,0.322781354849877,False,False,False,False,-580.0,-150.94549600429468,False,False,False,False,11.952197899574456,False,False,False,False
2025-08-01 18:00:00+00:00,20.99,20.99,20.99,20.99,0.0,,,,,,,,,,,,,,,,,,,,,,,20.88207207207207,20.86006364229765,,20.856723045532647,"rgba(38, 166, 154, 1.0)",0.0,0.0,0.06615488242349205,20.881927210522683,1.6336328554782238,0.0,0.0,0.0,0.0,0.0,0.0,0.0,0.0,59.43697928249785,9.954181065694982,False,False,True,False,True,11.156197997343046,0,0.9709618874773157,0.9437386569872963,False,False,False,False,0.34282795815249567,0.33280465650118635,False,False,False,False,-580.0,-157.5975038181816,False,False,False,False,11.766892505782604,False,False,False,False
2025-08-01 19:00:00+00:00,20.99,21.005,20.99,21.0,0.0,,,,,,,,,,,,,,,,,,,,,,,20.88207207207207,20.86006364229765,,20.856723045532647,"rgba(38, 166, 154, 1.0)",0.0,0.0,0.06485729310159387,20.881927210522683,1.8205013473560367,0.0,0.0,0.0,0.0,0.0,0.0,0.0,0.0,61.46144417505786,6.605419169355173,False,False,True,False,True,12.218919585089612,0,0.9711191335740089,0.9332129963898917,False,False,False,False,0.342827966781508,0.3378163116413472,False,False,False,False,-580.0,-164.14637972797723,False,False,False,False,11.584460063832486,False,False,False,False
2025-08-04 14:00:00+00:00,21.02,21.04,21.01,21.025,0.0,,,,,,,,,,,,,,,,,,,,,,,20.88207207207207,20.86006364229765,,20.856723045532647,"rgba(38, 166, 154, 1.0)",0.0,0.0,0.06469415223442461,20.881927210522683,2.2115258417620116,0.0,0.0,0.0,0.0,0.0,0.0,0.0,0.0,65.32472076300584,10.356954545069897,True,False,True,False,True,14.77622539727464,0,0.9750889679715325,0.9217081850533819,False,False,False,False,0.34282799453564283,0.340322153088495,False,False,False,False,-580.0,-170.59372267793108,False,False,False,False,11.404856031835083,False,False,False,False
2025-08-04 15:00:00+00:00,21.025,21.05,21.02,21.045,0.0,,,,,,,,,,,,,,,,,,,,,,,20.88207207207207,20.86006364229765,,20.856723045532647,"rgba(38, 166, 154, 1.0)",0.0,0.0,0.06488916399215787,20.881927210522683,2.513097402472727,0.0,0.0,0.0,0.0,0.0,0.0,0.0,0.0,69.37723844788694,14.131416734351035,True,False,True,False,True,16.714340244065866,0,0.9788732394366213,0.9190140845070428,False,False,False,False,0.34282800334512215,0.34157507821680855,False,False,False,False,-580.0,-176.9411068224593,False,False,False,False,11.228036558473297,False,False,False,False
2025-08-04 16:00:00+00:00,21.055,21.06,21.04,21.045,0.0,,,,,,,,,,,,,,,,,,,,,,,20.88207207207207,20.86006364229765,,20.856723045532647,"rgba(38, 166, 154, 1.0)",0.0,0.0,0.06487389013786024,20.881927210522683,2.5136890840179453,0.0,0.0,0.0,0.0,0.0,0.0,0.0,0.0,72.07891690447434,16.594804696637155,True,False,True,False,True,16.714340244065866,0,0.9860139860139875,0.9160839160839174,False,False,False,False,0.34282801549367864,0.3422015468552436,False,False,False,False,-580.0,-183.19008191048317,False,False,False,False,11.053958472295417,False,False,False,False
2025-08-04 17:00:00+00:00,21.045,21.045,21.045,21.045,0.0,,,,,,,,,,,,,,,,,,,,,,,20.88207207207207,20.86006364229765,,20.856723045532647,"rgba(38, 166, 154, 1.0)",0.0,0.0,0.0654463537962411,20.881927210522683,2.4917016765368647,0.0,0.0,0.0,0.0,0.0,0.0,0.0,0.0,73.8800358755326,18.28267034255026,True,False,True,False,True,16.714340244065866,0,0.9877622377622401,0.9213286713286716,False,False,False,False,0.3309282780246845,0.33656491243996406,False,False,False,False,-580.0,-189.342173663809,False,False,False,False,10.882579271174556,False,False,False,False
2025-08-04 18:00:00+00:00,21.045,21.045,21.045,21.045,0.0,,,,,,,,,,,,,,,,,,,,,,,20.88207207207207,20.86006364229765,,20.856723045532647,"rgba(38, 166, 154, 1.0)",0.0,0.0,0.06532951818239184,20.881927210522683,2.496157847392046,0.0,0.0,0.0,0.0,0.0,0.0,0.0,0.0,75.0807818562381,19.51475421841161,True,False,True,False,True,16.714340244065866,0,0.9877622377622401,0.9213286713286716,False,False,False,False,0.3309282780246845,0.3337465952323243,False,False,False,False,-580.0,-195.39888414964142,False,False,False,False,10.71385711193154,False,False,False,False
2025-08-04 19:00:00+00:00,21.045,21.045,21.04,21.045,0.0,,,,,,,,,,,,,,,,,,,,,,,20.88207207207207,20.86006364229765,,20.856723045532647,"rgba(38, 166, 154, 1.0)",0.0,0.0,0.06471608124082198,20.881927210522683,2.5198186656341415,0.0,0.0,0.0,0.0,0.0,0.0,0.0,0.0,75.88127917670845,20.47789916524772,True,False,True,False,True,16.714340244065866,0,0.9860383944153592,0.9214659685863877,False,False,False,False,0.32501234204703094,0.3293794686396776,False,False,False,False,-580.0,-201.3616921473214,False,False,False,False,10.547750800118648,False,False,False,False
2025-08-05 14:00:00+00:00,21.02,21.06,21.02,21.05,0.0,,,,,,,,,,,,,,,,,,,,,,,20.88207207207207,20.86006364229765,,20.856723045532647,"rgba(38, 166, 154, 1.0)",0.0,0.0,0.06432777831590758,20.881927210522683,2.612756011126769,0.0,0.0,0.0,0.0,0.0,0.0,0.0,0.0,76.93259281028075,21.744311116795302,True,False,True,False,True,17.228543102459053,0,0.9793459552495712,0.9173838209982801,False,False,False,False,0.31911830612721326,0.3242488873834454,False,False,False,False,-580.0,-207.23205350937843,False,False,False,False,10.38421977996177,False,False,False,False
2025-08-05 15:00:00+00:00,21.045,21.06,21.04,21.04,0.0,,,,,,,,,,,,,,,,,,,,,,,20.88207207207207,20.86006364229765,,20.856723045532647,"rgba(38, 166, 154, 1.0)",0.0,0.0,0.06348107471399891,20.881927210522683,2.490077400067359,0.0,0.0,0.0,0.0,0.0,0.0,0.0,0.0,74.0945788515536,21.744311116795302,True,False,True,False,False,15.597398671664635,0,0.9863247863247877,0.9179487179487192,False,False,False,False,0.34282801549367864,0.33353845143856203,False,False,False,False,-580.0,-213.01140151698496,False,False,False,False,10.223224124458486,False,False,False,False
2025-08-05 16:00:00+00:00,21.04,21.06,21.03,21.06,0.0,,,,,,,,,,,,,,,,,,,,,,,20.88207207207207,20.86006364229765,,20.856723045532647,"rgba(38, 166, 154, 1.0)",0.0,0.0,0.06310137703553867,20.881927210522683,2.822011148457588,0.0,0.0,0.0,0.0,0.0,0.0,0.0,0.0,74.64583312296465,21.744311116795302,True,False,True,False,False,17.666765268711416,0,0.9896729776247868,0.91738382099828,False,False,False,False,0.3309282780246845,0.33223336473162324,False,False,False,False,-580.0,-218.70114722989993,False,False,False,False,10.064724525629673,False,False,False,False
2025-08-05 17:00:00+00:00,21.06,21.06,21.035,21.045,0.0,,,,,,,,,,,,,,,,,,,,,,,20.88207207207207,20.86006364229765,,20.856723045532647,"rgba(38, 166, 154, 1.0)",0.0,0.0,0.06285597723264878,20.881927210522683,2.5943879429912853,0.0,0.0,0.0,0.0,0.0,0.0,0.0,0.0,70.87851502773157,25.874273750931494,True,False,True,False,False,15.260384556190761,0,0.9948630136986312,0.9109589041095904,False,False,False,False,0.33686665278874156,0.33455000876018237,False,False,False,False,-580.0,-224.30267983098676,False,False,False,False,9.908682284922236,False,False,False,False
2025-08-05 18:00:00+00:00,21.045,21.06,21.04,21.055,0.0,,,,,,,,,,,,,,,,,,,,,,,20.88207207207207,20.86006364229765,,20.856723045532647,"rgba(38, 166, 154, 1.0)",0.0,0.0,0.06295694224288483,20.881927210522683,2.7490660014841626,0.0,0.0,0.0,0.0,0.0,0.0,0.0,0.0,69.70350832545176,24.65412862941166,True,False,True,False,False,16.29738853285054,0,1.000000000000001,0.9109589041095904,False,False,False,False,0.34282801549367864,0.3386890121269305,False,False,False,False,-580.0,-229.81736696539005,False,False,False,False,9.75505930376065,False,False,False,False
2025-08-05 19:00:00+00:00,21.055,21.065,21.045,21.045,37.0,,,,,,,,,,,,,,,,,,,,,,,20.890551801801802,20.862349779640976,,20.8590194205667,"rgba(38, 166, 154, 1.0)",0.0,0.0,0.06266326423577079,20.901543776971707,2.289319344880285,0.0,0.0,0.0,0.0,0.0,0.0,0.0,0.0,66.4601109949868,21.508157631521172,False,False,True,False,False,14.7083846443008,0,1.0017064846416404,0.9061433447098987,False,False,False,False,0.3428280192860855,0.34075851570650795,False,False,False,False,-617.0,-235.8201984853065,False,False,False,False,10.177461485097693,False,False,False,False
2025-08-06 14:00:00+00:00,21.035,21.065,21.03,21.04,0.0,,,,,,,,,,,,,,,,,,,,,,,20.890551801801802,20.862349779640976,,20.8590194205667,"rgba(38, 166, 154, 1.0)",0.0,0.0,0.06211367086322805,20.901543776971707,2.2290780935032446,0.0,0.0,0.0,0.0,0.0,0.0,0.0,0.0,63.13722427533125,18.377990571217467,False,False,True,False,False,13.918790209448712,0,1.0000000000000024,0.905084745762712,False,False,False,False,0.32529355611816624,0.3330260359123371,False,False,False,False,-617.0,-241.7299628498754,False,False,False,False,10.019671384553542,False,False,False,False
2025-08-06 15:00:00+00:00,21.035,21.05,21.005,21.03,0.0,,,,,,,,,,,,,,,,,,,,,,,20.890551801801802,20.862349779640976,,20.8590194205667,"rgba(38, 166, 154, 1.0)",0.0,0.0,0.06093135999325727,20.901543776971707,2.1082119788973936,0.0,0.0,0.0,0.0,0.0,0.0,0.0,0.0,58.74637091034703,14.3399324728814,False,True,True,False,False,12.34974093126057,1,0.9915966386554638,0.9126050420168079,False,False,False,False,0.2794335759083306,0.3062298059103339,False,False,False,False,-617.0,-247.54810296073003,False,False,False,False,9.864327642157363,False,False,False,False
2025-08-06 16:00:00+00:00,21.025,21.045,21.02,21.03,0.0,,,,,,,,,,,,,,,,,,,,,,,20.890551801801802,20.862349779640976,,20.8590194205667,"rgba(38, 166, 154, 1.0)",0.0,0.0,0.059579457128350534,20.901543776971707,2.1560489004047882,0.0,0.0,0.0,0.0,0.0,0.0,0.0,0.0,55.81913533369089,11.707466962044315,False,True,True,False,False,12.34974093126057,1,1.0101694915254253,0.910169491525424,False,False,False,False,0.2907847628275416,0.29850728436893775,False,False,False,False,-617.0,-253.27603934893574,False,False,False,False,9.711392329875853,False,False,False,False
2025-08-06 17:00:00+00:00,21.03,21.035,21.01,21.02,0.0,,,,,,,,,,,,,,,,,,,,,,,20.890551801801802,20.862349779640976,,20.8590194205667,"rgba(38, 166, 154, 1.0)",0.0,0.0,0.05986004698647051,20.901543776971707,1.9788862353393435,0.0,0.0,0.0,0.0,0.0,0.0,0.0,0.0,51.74296479362829,7.992033052978037,False,True,False,False,False,10.77378003756957,0,1.0084602368866349,0.90186125211506,False,False,False,False,0.2681521527887888,0.28332971857886324,False,False,False,False,-617.0,-258.91517052182047,False,False,False,False,9.560828107707234,False,False,False,False
2025-08-06 18:00:00+00:00,21.02,21.05,21.02,21.05,0.0,,,,,,,,,,,,,,,,,,,,,,,20.890551801801802,20.862349779640976,,20.8590194205667,"rgba(38, 166, 154, 1.0)",0.0,0.0,0.06080147876340705,20.901543776971707,2.4416548091860113,0.0,0.0,0.0,0.0,0.0,0.0,0.0,0.0,54.684678277568764,7.992033052978037,False,True,True,False,True,14.135364442396355,1,1.0101010101010117,0.8973063973063978,False,False,False,False,0.29648763874709827,0.28990867866298076,False,False,False,False,-617.0,-264.4668733044279,False,False,False,False,9.412598214564486,False,False,False,False
2025-08-06 19:00:00+00:00,21.05,21.06,21.03,21.045,14.0,,,,,,,,,,,,,,,,,,,,,,,20.893419540229885,20.863170679507757,,20.859844690966725,"rgba(38, 166, 154, 1.0)",0.0,0.0,0.061476062872499515,20.911061388483795,2.178711603473923,0.0,0.0,0.0,0.0,0.0,0.0,0.0,0.0,55.56735935336465,7.992033052978037,False,True,True,False,True,13.34894238347928,1,1.0150501672240821,0.8913043478260886,False,False,False,False,0.3194918933458722,0.30470028600442645,False,False,False,False,-631.0,-270.149557439243,False,False,False,False,9.483720722865812,False,False,False,False
2025-08-07 14:00:00+00:00,21.045,21.07,21.045,21.065,0.0,,,,,,,,,,,,,,,,,,,,,,,20.893419540229885,20.863170679507757,,20.859844690966725,"rgba(38, 166, 154, 1.0)",0.0,0.0,0.06251536748007137,20.911061388483795,2.4624123271014793,0.0,0.0,0.0,0.0,0.0,0.0,0.0,0.0,58.91203438119417,2.309019027139712,False,True,True,False,True,15.491909813731748,1,1.0183639398998354,0.8931552587646078,False,False,False,False,0.34282802113749644,0.32376415357096144,False,False,False,False,-631.0,-275.7441379440609,False,False,False,False,9.336686293053939,False,False,False,False
2025-08-07 15:00:00+00:00,21.065,21.07,21.06,21.06,0.0,,,,,,,,,,,,,,,,,,,,,,,20.893419540229885,20.863170679507757,,20.859844690966725,"rgba(38, 166, 154, 1.0)",0.0,0.0,0.06322938363571258,20.911061388483795,2.355528441875909,0.0,0.0,0.0,0.0,0.0,0.0,0.0,0.0,60.01156344614462,3.5143870839001536,False,True,True,False,True,14.696548062698724,1,1.0234899328859075,0.8942953020134238,False,False,False,False,0.34282802652083055,0.333296090045896,False,False,False,False,-631.0,-281.2519807666336,False,False,False,False,9.19193146680504,False,False,False,False
2025-08-07 16:00:00+00:00,21.06,21.06,21.05,21.06,0.0,,,,,,,,,,,,,,,,,,,,,,,20.893419540229885,20.863170679507757,,20.859844690966725,"rgba(38, 166, 154, 1.0)",0.0,0.0,0.06370879696563059,20.911061388483795,2.337802919062387,0.0,0.0,0.0,0.0,0.0,0.0,0.0,0.0,60.744582822778256,4.501728532118591,False,True,True,False,True,14.696548062698724,1,1.0135363790186147,0.901861252115061,False,False,False,False,0.32020482224542607,0.326750456145661,False,False,False,False,-631.0,-286.67443067722843,False,False,False,False,9.049420901428217,False,False,False,False
2025-08-07 17:00:00+00:00,21.06,21.06,21.03,21.04,0.0,,,,,,,,,,,,,,,,,,,,,,,20.893419540229885,20.863170679507757,,20.859844690966725,"rgba(38, 166, 154, 1.0)",0.0,0.0,0.06417543522628885,20.911061388483795,2.0091583494767806,0.0,0.0,0.0,0.0,0.0,0.0,0.0,0.0,56.9324758581641,4.501728532118591,False,True,True,False,False,11.528991140454433,1,1.0084175084175115,0.9023569023569039,False,False,False,False,0.2978942958358499,0.31232237599075546,False,False,False,False,-631.0,-292.0128115969613,False,False,False,False,8.909119802181268,False,False,False,False
2025-08-07 18:00:00+00:00,21.04,21.05,21.03,21.045,0.0,,,,,,,,,,,,,,,,,,,,,,,20.893419540229885,20.863170679507757,,20.859844690966725,"rgba(38, 166, 154, 1.0)",0.0,0.0,0.06472394602607512,20.911061388483795,2.069382658811435,0.0,0.0,0.0,0.0,0.0,0.0,0.0,0.0,55.32237564792692,4.501728532118591,False,True,True,False,False,12.095677967489731,1,1.00674536256324,0.9106239460371007,False,False,False,False,0.28684739516986074,0.2995848855803081,False,False,False,False,-631.0,-297.2684269210394,False,False,False,False,8.770993913775357,False,False,False,False
2025-08-07 19:00:00+00:00,21.04,21.05,21.03,21.04,0.0,,,,,,,,,,,,,,,,,,,,,,,20.893419540229885,20.863170679507757,,20.859844690966725,"rgba(38, 166, 154, 1.0)",0.0,0.0,0.0651483407793582,20.911061388483795,1.9791541883298103,0.0,0.0,0.0,0.0,0.0,0.0,0.0,0.0,53.234979574011504,9.234895025591896,False,True,True,False,False,11.309357601104928,1,1.0050761421319823,0.9137055837563469,False,False,False,False,0.28684739516986074,0.2932161403750844,False,False,False,False,-631.0,-302.44255983699225,False,False,False,False,8.635009512011397,False,False,False,False
2025-08-08 14:00:00+00:00,21.005,21.015,21.0,21.0,0.0,,,,,,,,,,,,,,,,,,,,,,,20.893419540229885,20.863170679507757,,20.859844690966725,"rgba(38, 166, 154, 1.0)",0.0,0.0,0.0650933494616863,20.911061388483795,1.3663240907360952,0.0,0.0,0.0,0.0,0.0,0.0,0.0,0.0,46.21025302167637,2.605954381204782,False,True,False,True,False,5.3849925989943515,1,0.9899159663865577,0.9210084033613463,False,False,False,False,0.2165534041835794,0.25488477227933193,False,False,False,False,-631.0,-307.5364736379691,False,False,False,False,8.501133395546104,False,False,False,False
2025-08-08 15:00:00+00:00,21.0,21.0,20.995,21.0,0.0,,,,,,,,,,,,,,,,,,,,,,,20.893419540229885,20.863170679507757,,20.859844690966725,"rgba(38, 166, 154, 1.0)",0.0,0.0,0.06502272644969619,20.911061388483795,1.367808093759516,0.0,0.0,0.0,0.0,0.0,0.0,0.0,0.0,41.527101986786285,-1.6114066234906943,False,True,False,True,False,5.3849925989943515,0,0.9847715736040638,0.930626057529613,False,False,False,False,0.1953713117826116,0.22512804203097175,False,False,False,False,-631.0,-312.55141203117887,False,False,False,False,8.369332877785698,False,False,False,False
2025-08-08 16:00:00+00:00,21.0,21.0,20.995,21.0,0.0,,,,,,,,,,,,,,,,,,,,,,,20.893419540229885,20.863170679507757,,20.859844690966725,"rgba(38, 166, 154, 1.0)",0.0,0.0,0.06448863298117609,20.911061388483795,1.3791362509136478,0.0,0.0,0.0,0.0,0.0,0.0,0.0,0.0,38.40500129685956,-4.397651280689118,False,True,False,True,False,5.384992598994373,0,0.9880546075085359,0.928327645051197,False,False,False,False,0.1953713117826116,0.2102496769067917,False,False,False,False,-631.0,-317.48859944154816,False,False,False,False,8.2395757789053,False,False,False,False
2025-08-08 17:00:00+00:00,21.0,21.0,20.995,20.995,0.0,,,,,,,,,,,,,,,,,,,,,,,20.893419540229885,20.863170679507757,,20.859844690966725,"rgba(239, 83, 80, 1.0)",0.0,0.0,0.06404650618848767,20.911061388483795,1.3105884537897607,0.0,0.0,0.0,0.0,0.0,0.0,0.0,0.0,35.704339533618196,-6.9011929035582895,False,True,False,True,False,4.658803892682418,0,0.9880136986301404,0.9229452054794542,False,False,False,False,0.1953713117826116,0.20281049434470166,False,False,False,False,-631.0,-322.3492413106714,False,False,False,False,8.111830417992039,False,False,False,False
2025-08-08 18:00:00+00:00,20.995,20.995,20.995,20.995,0.0,,,,,,,,,,,,,,,,,,,,,,,20.893419540229885,20.863170679507757,,20.859844690966725,"rgba(239, 83, 80, 1.0)",0.0,0.0,0.06322760259354097,20.911061388483795,1.327562774375715,0.0,0.0,0.0,0.0,0.0,0.0,0.0,0.0,33.90389835812395,-8.691211774177845,False,True,False,True,False,4.658803892682418,0,0.9879310344827621,0.9258620689655188,False,False,False,False,0.1901034365773293,0.1964569654610155,False,False,False,False,-631.0,-327.1345243911261,False,False,False,False,7.986065605309991,False,False,False,False
2025-08-08 19:00:00+00:00,20.995,21.0,20.995,21.0,0.0,,,,,,,,,,,,,,,,,,,,,,,20.893419540229885,20.863170679507757,,20.859844690966725,"rgba(239, 83, 80, 1.0)",0.0,0.0,0.06257694362839145,20.911061388483795,1.4212680639112192,0.0,0.0,0.0,0.0,0.0,0.0,0.0,0.0,34.28638994514573,-8.691211774177845,False,True,False,True,False,5.314293888784235,0,0.9844020797227065,0.9272097053726195,False,False,False,False,0.1953713117826116,0.19591413862181356,False,False,False,False,-631.0,-331.8456170362249,False,False,False,False,7.86225063468503,False,False,False,False
2025-08-11 14:00:00+00:00,21.015,21.025,21.015,21.015,0.0,,,,,,,,,,,,,,,,,,,,,,,20.893419540229885,20.863170679507757,,20.859844690966725,"rgba(239, 83, 80, 1.0)",0.0,0.0,0.062080883015893304,20.911061388483795,1.674245056881628,0.0,0.0,0.0,0.0,0.0,0.0,0.0,0.0,38.588728006123596,-8.691211774177845,False,True,False,True,True,7.247061476316091,0,0.9793103448275888,0.9275862068965541,False,False,False,False,0.24330520015243132,0.21960966938712245,False,False,False,False,-631.0,-336.48366948527564,False,False,False,False,7.740355276007743,False,False,False,False
2025-08-11 15:00:00+00:00,21.02,21.02,21.015,21.02,0.0,,,,,,,,,,,,,,,,,,,,,,,20.893419540229885,20.863170679507757,,20.859844690966725,"rgba(239, 83, 80, 1.0)",0.0,0.0,0.061491374917025304,20.911061388483795,1.7716079964580986,0.0,0.0,0.0,0.0,0.0,0.0,0.0,0.0,42.61012226930076,-14.632722339329987,False,True,False,True,True,7.880258512804396,0,0.9792027729636075,0.9324090121317185,False,False,False,False,0.23792861529115322,0.22876914233913784,False,False,False,False,-631.0,-341.04981414441863,False,False,False,False,7.620349767852584,False,False,False,False
2025-08-11 16:00:00+00:00,21.02,21.03,21.015,21.03,0.0,,,,,,,,,,,,,,,,,,,,,,,20.893419540229885,20.863170679507757,,20.859844690966725,"rgba(239, 83, 80, 1.0)",0.0,0.0,0.0609495434506593,20.911061388483795,1.9514274395261277,0.0,0.0,0.0,0.0,0.0,0.0,0.0,0.0,47.404212553232384,-10.09614066710082,False,True,False,False,True,9.13646120283077,0,0.9875886524822718,0.9237588652482286,False,False,False,False,0.2486956162534687,0.23873237929630325,False,False,False,False,-631.0,-345.5451658631098,False,False,False,False,7.502204810211459,False,False,False,False
2025-08-11 17:00:00+00:00,21.035,21.035,21.035,21.035,0.0,,,,,,,,,,,,,,,,,,,,,,,20.893419540229885,20.863170679507757,,20.859844690966725,"rgba(239, 83, 80, 1.0)",0.0,0.0,0.05995118134066318,20.911061388483795,2.0673255930011427,0.0,0.0,0.0,0.0,0.0,0.0,0.0,0.0,51.5664071858772,-6.214956880396734,False,True,True,False,True,9.759436855435048,0,0.99289520426288,0.9218472468916525,False,False,False,False,0.2758682306178826,0.25730030495709294,False,False,False,False,-631.0,-349.9708222063174,False,False,False,False,7.385891557339963,False,False,False,False
2025-08-11 18:00:00+00:00,21.035,21.035,21.035,21.035,0.0,,,,,,,,,,,,,,,,,,,,,,,20.893419540229885,20.863170679507757,,20.859844690966725,"rgba(239, 83, 80, 1.0)",0.0,0.0,0.058979153440325484,20.911061388483795,2.1013969222465256,0.0,0.0,0.0,0.0,0.0,0.0,0.0,0.0,54.341203607640416,-3.586232479560948,False,True,True,False,True,9.759436855435048,0,0.9982110912343499,0.9194991055456182,False,False,False,False,0.2758682306178826,0.2665842677874878,False,False,False,False,-631.0,-354.3278637224985,False,False,False,False,7.271381610714537,False,False,False,False
2025-08-11 19:00:00+00:00,21.035,21.035,21.035,21.035,0.0,,,,,,,,,,,,,,,,,,,,,,,20.893419540229885,20.863170679507757,,20.859844690966725,"rgba(239, 83, 80, 1.0)",0.0,0.0,0.05826832928954714,20.911061388483795,2.127032180729423,0.0,0.0,0.0,0.0,0.0,0.0,0.0,0.0,56.191067888815894,-1.6977432764085165,False,False,True,False,True,9.759436855435048,0,0.9964157706093222,0.9157706093189981,False,False,False,False,0.2758682306178826,0.27122624920268523,False,False,False,False,-631.0,-358.617354207421,False,False,False,False,7.1586470120988075,False,False,False,False
2025-08-12 14:00:00+00:00,20.995,21.0,20.97,20.995,0.0,,,,,,,,,,,,,,,,,,,,,,,20.893419540229885,20.863170679507757,,20.859844690966725,"rgba(239, 83, 80, 1.0)",0.0,0.0,0.05709664637282926,20.911061388483795,1.470114566240978,0.0,0.0,0.0,0.0,0.0,0.0,0.0,0.0,48.754600354532,-1.6977432764085165,False,True,False,False,False,3.4521494732101807,0,0.9876977152899847,0.917398945518455,False,False,True,False,0.16913279837071787,0.22017952378670155,False,False,False,False,-631.0,-362.8403409638951,False,False,True,False,7.04766023671743,False,False,True,False
2025-08-12 15:00:00+00:00,20.995,21.01,20.99,21.0,0.0,,,,,,,,,,,,,,,,,,,,,,,20.893419540229885,20.863170679507757,,20.859844690966725,"rgba(239, 83, 80, 1.0)",0.0,0.0,0.05561191135612553,20.911061388483795,1.5992726980136247,0.0,0.0,0.0,0.0,0.0,0.0,0.0,0.0,45.06543901903433,3.6530128420061985,False,True,False,True,False,4.124866444880151,0,0.9964850615114255,0.915641476274166,False,False,False,False,0.20064991631393572,0.21041472005031864,False,False,False,False,-631.0,-366.9978550574781,False,False,False,False,6.938394186535764,False,False,False,False
2025-08-12 16:00:00+00:00,21.0,21.01,20.99,21.005,0.0,,,,,,,,,,,,,,,,,,,,,,,20.893419540229885,20.863170679507757,,20.859844690966725,"rgba(239, 83, 80, 1.0)",0.0,0.0,0.05359028754276085,20.911061388483795,1.7529036663826214,0.0,0.0,0.0,0.0,0.0,0.0,0.0,0.0,43.86912183640319,2.4218729373550048,False,True,False,True,False,4.798396146248383,0,1.0000000000000024,0.9153439153439162,False,False,False,False,0.20064991631393572,0.2055323181821272,False,False,False,False,-631.0,-371.09091156821484,False,False,False,False,6.830822183643737,False,False,False,False
2025-08-12 17:00:00+00:00,21.01,21.01,21.01,21.01,0.0,,,,,,,,,,,,,,,,,,,,,,,20.893419540229885,20.863170679507757,,20.859844690966725,"rgba(239, 83, 80, 1.0)",0.0,0.0,0.05234733272326403,20.911061388483795,1.8900411228065686,0.0,0.0,0.0,0.0,0.0,0.0,0.0,0.0,44.32071837337895,2.4218729373550048,False,True,False,True,False,5.472602374757258,0,1.0106382978723423,0.9060283687943264,False,False,False,False,0.22187824415555435,0.21370528116884077,False,False,False,False,-631.0,-375.1205098384751,False,False,False,False,6.724917963742284,False,False,False,False
2025-08-12 18:00:00+00:00,21.01,21.01,21.01,21.01,0.0,,,,,,,,,,,,,,,,,,,,,,,20.893419540229885,20.863170679507757,,20.859844690966725,"rgba(239, 83, 80, 1.0)",0.0,0.0,0.050736290475043834,20.911061388483795,1.9500560760324583,0.0,0.0,0.0,0.0,0.0,0.0,0.0,0.0,44.6217827313628,2.3517511321815903,False,True,False,True,False,5.472602374757258,0,1.0071428571428596,0.9107142857142848,False,False,False,False,0.22187824415555435,0.21779176266219757,False,False,False,False,-631.0,-379.0876337169483,False,False,False,False,6.620655669730775,False,False,False,False
2025-08-12 19:00:00+00:00,21.01,21.015,21.01,21.015,0.0,,,,,,,,,,,,,,,,,,,,,,,20.893419540229885,20.863170679507757,,20.859844690966725,"rgba(239, 83, 80, 1.0)",0.0,0.0,0.04985230438253681,20.911061388483795,2.0849309335561133,0.0,0.0,0.0,0.0,0.0,0.0,0.0,0.0,46.19127619645562,2.3517511321815903,False,True,False,True,False,6.160982366488032,0,1.003584229390683,0.9103942652329753,False,False,False,False,0.22721549284260395,0.22250362775240076,False,False,False,False,-631.0,-382.993251798856,False,False,False,False,6.5180098453938635,False,False,False,False
2025-08-13 14:00:00+00:00,21.09,21.095,21.085,21.095,0.0,,,,,,,,,,,,,,,,,,,,,,,20.893419540229885,20.863170679507757,,20.859844690966725,"rgba(38, 166, 154, 1.0)",0.0,0.0,0.05018883261160544,20.911061388483795,3.664931060254849,0.0,0.0,0.0,0.0,0.0,0.0,0.0,0.0,56.938455993575346,-0.7978017615606348,False,False,True,False,True,15.740129985238571,0,1.0017421602787477,0.9076655052264809,False,False,False,False,0.3428280427990079,0.2826658352757043,False,False,False,False,-631.0,-386.83831766243964,False,False,False,False,6.416955429186206,False,False,False,False
2025-08-13 15:00:00+00:00,21.095,21.11,21.09,21.095,0.0,,,,,,,,,,,,,,,,,,,,,,,20.893419540229885,20.863170679507757,,20.859844690966725,"rgba(38, 166, 154, 1.0)",0.0,0.0,0.05040091519257427,20.911061388483795,3.649509355403621,0.0,0.0,0.0,0.0,0.0,0.0,0.0,0.0,64.1032425249885,5.652239284408829,True,False,True,False,True,15.740129985238571,0,1.0052083333333348,0.9045138888888895,False,False,False,False,0.3428280486772389,0.31274694197647157,False,False,False,False,-631.0,-390.62377010178164,False,False,False,False,6.317467748113552,False,False,False,False
2025-08-13 16:00:00+00:00,21.095,21.095,21.095,21.095,0.0,,,,,,,,,,,,,,,,,,,,,,,20.893419540229885,20.863170679507757,,20.859844690966725,"rgba(38, 166, 154, 1.0)",0.0,0.0,0.05036354322804625,20.911061388483795,3.6522174518843875,0.0,0.0,0.0,0.0,0.0,0.0,0.0,0.0,68.87976687926394,9.831714222195941,True,False,True,False,True,15.740129985238582,0,1.0265957446808525,0.9060283687943262,False,False,False,False,0.3325755850038384,0.322661263490155,False,False,False,False,-631.0,-394.3505333560176,False,False,False,False,6.219522511708691,False,False,False,False
2025-08-13 17:00:00+00:00,21.1,21.1,21.1,21.1,0.0,,,,,,,,,,,,,,,,,,,,,,,20.893419540229885,20.863170679507757,,20.859844690966725,"rgba(38, 166, 154, 1.0)",0.0,0.0,0.05003980397622247,20.911061388483795,3.7757664199880803,0.0,0.0,0.0,0.0,0.0,0.0,0.0,0.0,72.41369385713159,12.992058982007023,True,False,True,False,True,16.28270529887832,0,1.0267379679144397,0.8948306595365415,False,False,False,False,0.3428280486772389,0.33274465608369697,False,False,False,False,-631.0,-398.019517334994,False,True,False,False,6.123095806100804,False,True,False,False
2025-08-13 18:00:00+00:00,21.1,21.1,21.1,21.1,0.0,,,,,,,,,,,,,,,,,,,,,,,20.893419540229885,20.863170679507757,,20.859844690966725,"rgba(38, 166, 154, 1.0)",0.0,0.0,0.04940438029962097,20.911061388483795,3.8243291459250703,0.0,0.0,0.0,0.0,0.0,0.0,0.0,0.0,74.76964517571002,15.250187944176389,True,False,True,False,True,16.28270529887832,0,1.02692998204668,0.8940754039497303,False,False,False,False,0.3428280486772389,0.33778635238046795,False,False,False,False,-631.0,-401.6316178414282,False,True,False,False,6.02816408817676,False,True,False,False
2025-08-13 19:00:00+00:00,21.1,21.11,21.095,21.095,0.0,,,,,,,,,,,,,,,,,,,,,,,20.893419540229885,20.863170679507757,,20.859844690966725,"rgba(38, 166, 154, 1.0)",0.0,0.0,0.04830458915393147,20.911061388483795,3.8078910252201923,0.0,0.0,0.0,0.0,0.0,0.0,0.0,0.0,74.80430554872149,15.59955426104625,True,False,True,False,True,15.420689946207794,0,1.0287253141831247,0.8850987432675045,False,False,False,False,0.34282805009612205,0.340307201238295,False,False,False,False,-631.0,-405.1877167896231,False,False,False,False,5.934704179832934,False,False,False,False
2025-08-14 14:00:00+00:00,21.095,21.095,21.07,21.075,0.0,,,,,,,,,,,,,,,,,,,,,,,20.893419540229885,20.863170679507757,,20.859844690966725,"rgba(38, 166, 154, 1.0)",0.0,0.0,0.04659466775350847,20.911061388483795,3.5183985511702787,0.0,0.0,0.0,0.0,0.0,0.0,0.0,0.0,69.66345140477405,15.59955426104625,True,False,True,False,False,12.064834891589584,0,1.0178571428571432,0.8910714285714288,False,False,False,False,0.30248604706241794,0.32139662415035647,False,False,False,False,-631.0,-408.68868242079174,False,False,False,False,5.8426932623161445,False,False,False,False
2025-08-14 15:00:00+00:00,21.07,21.07,21.04,21.05,100.0,,,,,,,,,,,,,,,,,,,,,,,20.912144808743168,20.869085536547434,,20.865789042498722,"rgba(239, 83, 80, 1.0)",0.0,0.0,0.04431531165233559,20.97687502977672,1.6501061934746766,0.0,0.0,0.0,0.0,0.0,0.0,0.0,0.0,61.774973667145716,21.311556371186157,True,False,True,False,False,8.129562400315237,0,1.0053097345132747,0.8991150442477879,False,False,False,False,0.24850952499743037,0.2849530745738934,False,False,False,False,-731.0,-413.6857571119422,False,False,False,False,7.302496467551553,False,False,False,False
2025-08-14 16:00:00+00:00,21.05,21.05,21.05,21.05,0.0,,,,,,,,,,,,,,,,,,,,,,,20.912144808743168,20.869085536547434,,20.865789042498722,"rgba(239, 83, 80, 1.0)",0.0,0.0,0.04200418254588633,20.97687502977672,1.7408973533384697,0.0,0.0,0.0,0.0,0.0,0.0,0.0,0.0,56.51598850872682,16.4449090492775,False,False,True,False,False,8.129562400315237,0,1.0072072072072085,0.918918918918919,False,False,False,False,0.23885466075344552,0.26190386766366947,False,False,False,False,-731.0,-418.60535777687335,False,False,False,False,7.189279468054629,False,False,False,False
2025-08-14 17:00:00+00:00,21.05,21.06,21.05,21.055,0.0,,,,,,,,,,,,,,,,,,,,,,,20.912144808743168,20.869085536547434,,20.865789042498722,"rgba(239, 83, 80, 1.0)",0.0,0.0,0.041364671351684035,20.97687502977672,1.888688285688455,0.0,0.0,0.0,0.0,0.0,0.0,0.0,0.0,53.981518585978066,14.017825512548157,False,False,True,False,False,8.75311818776726,0,1.0239410681399652,0.9097605893186004,False,False,False,False,0.24850952499743037,0.25520669633054993,False,False,False,False,-731.0,-423.4486855632784,False,False,False,False,7.0778177708754875,False,False,False,False
2025-08-14 18:00:00+00:00,21.055,21.055,21.05,21.05,0.0,,,,,,,,,,,,,,,,,,,,,,,20.912144808743168,20.869085536547434,,20.865789042498722,"rgba(239, 83, 80, 1.0)",0.0,0.0,0.040340108134722726,20.97687502977672,1.8127113090293674,0.0,0.0,0.0,0.0,0.0,0.0,0.0,0.0,51.35858465880084,11.324459988078274,False,False,False,False,False,7.963707098135629,0,1.0203703703703717,0.896296296296296,False,False,False,False,0.2380462145494943,0.2466264554400221,False,False,False,False,-731.0,-428.2169229964058,False,False,False,False,6.968084162024705,False,False,False,False
2025-08-14 19:00:00+00:00,21.05,21.06,21.04,21.055,0.0,,,,,,,,,,,,,,,,,,,,,,,20.912144808743168,20.869085536547434,,20.865789042498722,"rgba(239, 83, 80, 1.0)",0.0,0.0,0.03968763167669377,20.97687502977672,1.9684966555753616,0.0,0.0,0.0,0.0,0.0,0.0,0.0,0.0,50.69671240074556,10.285063720390127,False,True,False,False,False,8.602307443910323,0,1.011152416356878,0.903345724907063,False,False,False,False,0.22974809850729933,0.2381872769736607,False,False,False,False,-731.0,-432.9112342677793,False,False,False,False,6.860051849435174,False,False,False,False
2025-08-15 14:00:00+00:00,21.05,21.055,21.03,21.045,0.0,,,,,,,,,,,,,,,,,,,,,,,20.912144808743168,20.869085536547434,,20.865789042498722,"rgba(239, 83, 80, 1.0)",0.0,0.0,0.039476073264157904,20.97687502977672,1.725728133277485,0.0,0.0,0.0,0.0,0.0,0.0,0.0,0.0,48.28355002340937,7.488068161836729,False,True,False,True,False,7.007973978338391,0,1.0018552875695743,0.9072356215213362,False,False,False,False,0.21411524450528963,0.22615126073947517,False,False,False,False,-731.0,-437.5327655194416,False,False,False,False,6.753694456420675,False,False,False,False
2025-08-15 15:00:00+00:00,21.045,21.045,21.03,21.03,0.0,,,,,,,,,,,,,,,,,,,,,,,20.912144808743168,20.869085536547434,,20.865789042498722,"rgba(239, 83, 80, 1.0)",0.0,0.0,0.03917022218858489,20.97687502977672,1.3562590982381952,0.0,0.0,0.0,0.0,0.0,0.0,0.0,0.0,44.23847520200229,3.2336668610542603,False,True,False,True,False,4.68209649946786,0,1.0018587360594806,0.9107806691449811,False,False,False,False,0.20169888415256892,0.21392507244602205,False,False,False,False,-731.0,-442.08264512379134,False,False,False,False,6.648986015235858,False,False,False,False
2025-08-15 16:00:00+00:00,21.03,21.03,21.015,21.02,0.0,,,,,,,,,,,,,,,,,,,,,,,20.912144808743168,20.869085536547434,,20.865789042498722,"rgba(239, 83, 80, 1.0)",0.0,0.0,0.03891744554264023,20.97687502977672,1.1081141020940874,0.0,0.0,0.0,0.0,0.0,0.0,0.0,0.0,40.19209363380317,-0.9018531634872815,False,True,False,True,False,3.173841171538566,0,0.9924953095684818,0.9287054409005631,False,False,False,False,0.17040905271512868,0.19216706258057537,False,False,False,False,-731.0,-446.5619839590814,False,False,False,False,6.545900960736077,False,False,False,False
2025-08-15 17:00:00+00:00,21.02,21.03,21.02,21.025,0.0,,,,,,,,,,,,,,,,,,,,,,,20.912144808743168,20.869085536547434,,20.865789042498722,"rgba(239, 83, 80, 1.0)",0.0,0.0,0.03808040332131357,20.97687502977672,1.2637725976064393,0.0,0.0,0.0,0.0,0.0,0.0,0.0,0.0,38.83603068499419,-2.535600557582896,False,True,False,True,False,3.860856891146323,0,0.9962264150943403,0.9264150943396232,False,False,False,False,0.1755995349805699,0.18388329878057263,False,False,False,False,-731.0,-450.97187568064595,False,False,False,False,6.444414124135517,False,False,False,False
2025-08-15 18:00:00+00:00,21.025,21.03,21.02,21.025,0.0,,,,,,,,,,,,,,,,,,,,,,,20.912144808743168,20.869085536547434,,20.865789042498722,"rgba(239, 83, 80, 1.0)",0.0,0.0,0.03720081855144698,20.97687502977672,1.2936535296050746,0.0,0.0,0.0,0.0,0.0,0.0,0.0,0.0,37.93198871912154,-3.872091122148639,False,True,False,True,False,3.860856891146323,0,1.0000000000000013,0.9169811320754727,False,False,False,False,0.1755995349805699,0.17974141688057127,False,False,False,False,-731.0,-455.3133969879227,False,False,False,False,6.344500726862098,False,False,False,False
2025-08-15 19:00:00+00:00,21.025,21.03,21.02,21.025,0.0,,,,,,,,,,,,,,,,,,,,,,,20.912144808743168,20.869085536547434,,20.865789042498722,"rgba(239, 83, 80, 1.0)",0.0,0.0,0.03627559674100058,20.97687502977672,1.3266486163378248,0.0,0.0,0.0,0.0,0.0,0.0,0.0,0.0,37.32929407520644,-5.019120211185005,False,True,False,True,False,3.8608568911463017,0,1.0000000000000013,0.9187145557655962,False,False,False,False,0.1755995349805699,0.1776704759305706,False,False,False,False,-731.0,-459.58760788733474,False,False,False,False,6.246136374507646,False,False,False,False
2025-08-18 14:00:00+00:00,21.025,21.03,21.005,21.01,0.0,,,,,,,,,,,,,,,,,,,,,,,20.912144808743168,20.869085536547434,,20.865789042498722,"rgba(239, 83, 80, 1.0)",0.0,0.0,0.03535699530664168,20.97687502977672,0.9368717544009717,0.0,0.0,0.0,0.0,0.0,0.0,0.0,0.0,34.494813981206384,-8.224589769207007,False,True,False,True,False,1.5276907313566142,0,0.9943609022556402,0.9172932330827078,False,False,False,False,0.15733179496724153,0.16750113544890605,False,False,False,False,-731.0,-463.79555195109697,False,False,False,False,6.149297050871868,False,False,False,False
2025-08-18 15:00:00+00:00,21.01,21.01,20.995,21.0,0.0,,,,,,,,,,,,,,,,,,,,,,,20.912144808743168,20.869085536547434,,20.865789042498722,"rgba(239, 83, 80, 1.0)",0.0,0.0,0.03497463688477681,20.97687502977672,0.6611925750498416,0.0,0.0,0.0,0.0,0.0,0.0,0.0,0.0,31.340824753515555,-11.591837181086262,False,True,False,True,False,0.01784891551544021,0,0.990583804143128,0.9284369114877593,False,False,False,False,0.10077439015780483,0.13413776280335543,False,False,False,False,-731.0,-467.9382565720102,False,False,False,False,6.053959112098661,False,False,False,False
2025-08-18 16:00:00+00:00,21.0,21.01,21.0,21.005,0.0,,,,,,,,,,,,,,,,,,,,,,,20.912144808743168,20.869085536547434,,20.865789042498722,"rgba(239, 83, 80, 1.0)",0.0,0.0,0.03372677712874829,20.97687502977672,0.8339062495035845,0.0,0.0,0.0,0.0,0.0,0.0,0.0,0.0,30.96028432293611,-12.35350232910428,False,True,False,True,False,0.7650971778075153,0,0.9866666666666679,0.937142857142857,False,False,False,False,0.10657544262930323,0.12035660271632934,False,False,False,False,-731.0,-472.01673321430457,False,False,False,False,5.960099280903333,False,False,False,False
2025-08-18 17:00:00+00:00,21.005,21.005,21.005,21.005,0.0,,,,,,,,,,,,,,,,,,,,,,,20.912144808743168,20.869085536547434,,20.865789042498722,"rgba(239, 83, 80, 1.0)",0.0,0.0,0.033458054955992356,20.97687502977672,0.840603862366499,0.0,0.0,0.0,0.0,0.0,0.0,0.0,0.0,30.706590702549814,-13.09319494053102,False,True,False,True,False,0.7650971778075153,0,0.9884836852207303,0.9385796545105575,False,False,False,False,0.10657544262929489,0.11346602267281211,False,False,False,False,-731.0,-476.0319776605944,False,False,False,False,5.867694640889328,False,False,False,False
2025-08-18 18:00:00+00:00,21.005,21.005,21.0,21.005,0.0,,,,,,,,,,,,,,,,,,,,,,,20.912144808743168,20.869085536547434,,20.865789042498722,"rgba(239, 83, 80, 1.0)",0.0,0.0,0.03318498520777137,20.97687502977672,0.847520951032136,0.0,0.0,0.0,0.0,0.0,0.0,0.0,0.0,30.537461622292284,-13.80445904130545,False,True,False,True,False,0.7650971778075153,0,0.9808429118773956,0.9367816091954035,False,False,False,False,0.10077439015779666,0.10712020641530438,False,False,False,False,-731.0,-479.98497025500376,False,False,False,False,5.776722630953059,False,False,False,False
2025-08-18 19:00:00+00:00,21.005,21.005,21.0,21.005,0.0,,,,,,,,,,,,,,,,,,,,,,,20.912144808743168,20.869085536547434,,20.865789042498722,"rgba(239, 83, 80, 1.0)",0.0,0.0,0.032811638234022486,20.97687502977672,0.8571644616669853,0.0,0.0,0.0,0.0,0.0,0.0,0.0,0.0,30.424708902120596,-14.47922607604687,False,True,False,True,False,0.7650971778075153,0,0.9808429118773956,0.9386973180076638,False,False,False,False,0.10077439015779666,0.10394729828655053,False,False,False,False,-731.0,-483.876676142523,False,False,False,False,5.687161039775492,False,False,False,False
2025-08-19 14:00:00+00:00,21.03,21.03,21.02,21.03,0.0,,,,,,,,,,,,,,,,,,,,,,,20.912144808743168,20.869085536547434,,20.865789042498722,"rgba(239, 83, 80, 1.0)",0.0,0.0,0.03240259137668913,20.97687502977672,1.6395284440582958,0.0,0.0,0.0,0.0,0.0,0.0,0.0,0.0,38.62433300042643,-16.728162669038753,False,True,False,True,True,4.569890607641234,0,0.9866666666666679,0.933333333333334,False,False,False,False,0.15327594536374037,0.12861162182514546,False,False,False,False,-731.0,-487.7080455046544,False,False,False,False,5.598988000399127,False,False,False,False
2025-08-19 15:00:00+00:00,21.03,21.03,21.02,21.02,0.0,,,,,,,,,,,,,,,,,,,,,,,20.912144808743168,20.869085536547434,,20.865789042498722,"rgba(239, 83, 80, 1.0)",0.0,0.0,0.0316629205939266,20.97687502977672,1.3620022857761993,0.0,0.0,0.0,0.0,0.0,0.0,0.0,0.0,41.56037417845249,-14.035741396521587,False,True,False,True,True,2.939416140059212,0,0.9866666666666679,0.933333333333334,False,False,False,False,0.11281643867594418,0.12071403025054482,False,False,False,False,-731.0,-491.4800137914039,False,False,False,False,5.512181984889063,False,False,False,False
2025-08-19 16:00:00+00:00,21.02,21.035,21.015,21.03,0.0,,,,,,,,,,,,,,,,,,,,,,,20.912144808743168,20.869085536547434,,20.865789042498722,"rgba(239, 83, 80, 1.0)",0.0,0.0,0.030044711426163714,20.97687502977672,1.7681970537090028,0.0,0.0,0.0,0.0,0.0,0.0,0.0,0.0,45.87195261736654,-10.087392918025671,False,True,False,True,True,4.415291862883603,0,0.9842829076620841,0.9390962671905716,False,False,False,False,0.11281643867594418,0.1167652344632445,False,False,False,False,-731.0,-495.19350194967666,False,False,False,False,5.426721799076829,False,False,False,False
2025-08-19 17:00:00+00:00,21.03,21.035,21.03,21.03,0.0,,,,,,,,,,,,,,,,,,,,,,,20.912144808743168,20.869085536547434,,20.865789042498722,"rgba(239, 83, 80, 1.0)",0.0,0.0,0.029019564695768718,20.97687502977672,1.8306604795841728,0.0,0.0,0.0,0.0,0.0,0.0,0.0,0.0,48.74633824330924,-7.494539207929165,False,False,False,False,True,4.415291862883592,0,0.9901185770751006,0.9407114624505943,False,False,False,False,0.1342039988681064,0.12548461666567545,False,False,False,False,-731.0,-498.84941664813124,False,False,False,False,5.342586577385715,False,False,False,False
2025-08-19 18:00:00+00:00,21.03,21.04,21.03,21.035,20.0,,,,,,,,,,,,,,,,,,,,,,,20.914956140350874,20.870111282843894,,20.866822391857507,"rgba(239, 83, 80, 1.0)",0.0,0.0,0.028232145757112297,20.98363671295677,1.8193192782837204,0.0,0.0,0.0,0.0,0.0,0.0,0.0,0.0,51.851163194774735,-4.6307420797022445,False,False,True,False,True,5.1599796348408695,0,0.9881188118811903,0.9386138613861404,False,False,False,False,0.14135943734700032,0.13342202700633787,False,False,False,False,-711.0,-502.1385729791679,False,False,False,False,5.569833297116169,False,False,False,False
2025-08-19 19:00:00+00:00,21.035,21.05,21.03,21.04,0.0,,,,,,,,,,,,,,,,,,,,,,,20.914956140350874,20.870111282843894,,20.866822391857507,"rgba(38, 166, 154, 1.0)",0.0,0.0,0.0276719847270759,20.98363671295677,2.0368357238966017,0.0,0.0,0.0,0.0,0.0,0.0,0.0,0.0,55.05357271824836,-1.6435551044695842,True,False,True,False,True,5.903840028706135,0,0.9861932938856028,0.9349112426035515,False,False,False,False,0.15571432385780667,0.1445681754320723,False,False,False,False,-711.0,-505.3767346384056,False,False,False,False,5.483479292509717,False,False,False,False
2025-08-20 14:00:00+00:00,21.04,21.045,21.04,21.045,0.0,,,,,,,,,,,,,,,,,,,,,,,20.914956140350874,20.870111282843894,,20.866822391857507,"rgba(38, 166, 154, 1.0)",0.0,0.0,0.027217012432714797,20.98363671295677,2.2545930489223482,0.0,0.0,0.0,0.0,0.0,0.0,0.0,0.0,58.261588994179135,1.3738022259026081,True,False,True,False,True,6.64672289801603,0,0.9960396039603968,0.9326732673267343,False,False,False,False,0.16291534754878284,0.15374176149042756,False,False,False,False,-711.0,-508.5646922409109,False,False,False,False,5.398464109680109,False,False,False,False
2025-08-20 15:00:00+00:00,21.045,21.06,21.045,21.045,10.0,,,,,,,,,,,,,,,,,,,,,,,20.91648378582202,20.8706656394453,,20.867380010147134,"rgba(38, 166, 154, 1.0)",0.0,0.0,0.026733924191923122,20.99290021956756,1.948826519384789,0.0,0.0,0.0,0.0,0.0,0.0,0.0,0.0,60.40026651146632,3.4521017370346385,True,False,True,False,True,6.646722898016051,0,1.0000000000000013,0.9229249011857729,False,False,False,False,0.1918955079365746,0.17281863471350106,False,False,False,False,-711.0,-511.7032241441526,False,False,False,False,5.469805751390495,False,False,False,False
2025-08-20 16:00:00+00:00,21.045,21.06,21.04,21.04,0.0,,,,,,,,,,,,,,,,,,,,,,,20.91648378582202,20.8706656394453,,20.867380010147134,"rgba(38, 166, 154, 1.0)",0.0,0.0,0.026415256306963217,20.99290021956756,1.7830521833711683,0.0,0.0,0.0,0.0,0.0,0.0,0.0,0.0,59.76486319292009,3.4521017370346385,True,False,True,False,True,5.742827379124353,0,0.9979879275653928,0.9436619718309867,False,False,False,False,0.18462240786016426,0.17872052128683266,False,False,False,False,-711.0,-514.7930966380417,False,False,False,False,5.385002561446456,False,False,False,False
2025-08-20 17:00:00+00:00,21.04,21.06,21.04,21.055,0.0,,,,,,,,,,,,,,,,,,,,,,,20.91648378582202,20.8706656394453,,20.867380010147134,"rgba(38, 166, 154, 1.0)",0.0,0.0,0.026474533062883256,20.99290021956756,2.3456421416362185,0.0,0.0,0.0,0.0,0.0,0.0,0.0,0.0,62.71643507668672,6.032230641149006,True,False,True,False,True,8.013031859143226,0,1.0082644628099187,0.9483471074380175,False,False,False,False,0.18462240786016426,0.18167146457349848,False,False,False,False,-711.0,-517.8350641320255,False,False,False,False,5.3015141496410845,False,False,False,False
2025-08-20 18:00:00+00:00,21.05,21.05,21.03,21.035,0.0,,,,,,,,,,,,,,,,,,,,,,,20.91648378582202,20.8706656394453,,20.867380010147134,"rgba(38, 166, 154, 1.0)",0.0,0.0,0.02645546998049152,20.99290021956756,1.5913450210291296,0.0,0.0,0.0,0.0,0.0,0.0,0.0,0.0,58.55646159880999,6.032230641149006,True,False,True,False,False,4.468898361768584,0,0.9856262833675578,0.9363449691991791,False,False,False,False,0.15571432385780667,0.1686928942156526,False,False,False,False,-711.0,-520.829869339281,False,False,False,False,5.219320131817192,False,False,False,False
2025-08-20 19:00:00+00:00,21.035,21.05,21.035,21.04,0.0,,,,,,,,,,,,,,,,,,,,,,,20.91648378582202,20.8706656394453,,20.867380010147134,"rgba(38, 166, 154, 1.0)",0.0,0.0,0.026439289627991722,20.99290021956756,1.7814313884808182,0.0,0.0,0.0,0.0,0.0,0.0,0.0,0.0,56.94540662540092,6.032230641149006,True,False,True,False,False,5.228794013066704,0,0.9897330595482566,0.9363449691991791,False,False,False,False,0.16291534754878284,0.16580412088221771,False,False,False,False,-711.0,-523.7782434580519,False,False,False,False,5.138400439851034,False,False,False,False
2025-08-21 14:00:00+00:00,21.04,21.04,20.99,21.0,0.0,,,,,,,,,,,,,,,,,,,,,,,20.91648378582202,20.8706656394453,,20.867380010147134,"rgba(239, 83, 80, 1.0)",0.0,0.0,0.02674420034790799,20.99290021956756,0.26546990899266143,0.0,0.0,0.0,0.0,0.0,0.0,0.0,0.0,48.94589612090481,6.169631323085106,False,False,False,True,False,0.0,0,0.9678068410462781,0.9396378269617722,False,False,False,False,0.08445537016606845,0.12512974552414308,False,False,False,False,-711.0,-526.6809063501751,False,False,False,False,5.058735316752568,False,False,False,False
2025-08-21 15:00:00+00:00,21.0,21.0,20.975,20.98,0.0,,,,,,,,,,,,,,,,,,,,,,,20.91648378582202,20.8706656394453,,20.867380010147134,"rgba(239, 83, 80, 1.0)",0.0,0.0,0.02747644363726386,20.99290021956756,-0.4695010656351287,0.0,0.0,0.0,0.0,0.0,0.0,0.0,0.0,41.650695418142966,-0.36607394184810005,False,True,False,True,False,0.0,0,0.9756592292089268,0.9594320486815422,False,False,False,False,0.0070212485579013665,0.06607549704102222,False,False,False,False,-711.0,-529.538566716839,False,False,False,False,4.980305311841675,False,False,False,False
2025-08-21 16:00:00+00:00,20.98,20.99,20.97,20.98,0.0,,,,,,,,,,,,,,,,,,,,,,,20.91648378582202,20.8706656394453,,20.867380010147134,"rgba(239, 83, 80, 1.0)",0.0,0.0,0.028162654973065197,20.99290021956756,-0.45806120125736455,0.0,0.0,0.0,0.0,0.0,0.0,0.0,0.0,36.7872282829684,-4.576446508895238,False,True,False,True,False,0.0,0,0.9917355371900842,0.952479338842977,True,False,False,False,-0.014043610809628437,0.026015943115696893,False,False,False,False,-711.0,-532.3519222716167,False,False,False,False,4.903091275999168,False,False,False,False
2025-08-21 17:00:00+00:00,20.98,21.0,20.98,21.0,0.0,,,,,,,,,,,,,,,,,,,,,,,20.91648378582202,20.8706656394453,,20.867380010147134,"rgba(239, 83, 80, 1.0)",0.0,0.0,0.02836505907932071,20.99290021956756,0.25030021663577884,0.0,0.0,0.0,0.0,0.0,0.0,0.0,0.0,38.02886894529358,-4.576446508895238,False,True,False,True,False,0.0,0,0.9937106918239006,0.945492662473796,False,False,False,False,0.0140433299032913,0.020029636509494096,False,False,False,False,-711.0,-535.1216599108164,False,False,False,False,4.827074356991429,False,False,False,False
2025-08-21 18:00:00+00:00,21.0,21.01,20.995,20.995,0.0,,,,,,,,,,,,,,,,,,,,,,,20.91648378582202,20.8706656394453,,20.867380010147134,"rgba(239, 83, 80, 1.0)",0.0,0.0,0.028691901735890594,20.99290021956756,0.07318373148528617,0.0,0.0,0.0,0.0,0.0,0.0,0.0,0.0,38.19072330179122,-4.576446508895238,False,True,False,True,False,0.0,0,0.989517819706501,0.9350104821802939,False,False,False,False,0.04918840691476043,0.034609021712127264,False,False,False,False,-711.0,-537.8484558811914,False,False,False,False,4.75223599486753,False,False,False,False
2025-08-21 19:00:00+00:00,20.995,21.005,20.99,20.995,0.0,,,,,,,,,,,,,,,,,,,,,,,20.91648378582202,20.8706656394453,,20.867380010147134,"rgba(239, 83, 80, 1.0)",0.0,0.0,0.0288323829452767,20.99290021956756,0.07282715536995245,0.0,0.0,0.0,0.0,0.0,0.0,0.0,0.0,38.298626206122975,-4.576446508895238,False,True,False,True,False,0.0,0,0.9870967741935494,0.9612903225806464,False,False,False,False,0.035120660479364754,0.03486484109574601,False,False,False,False,-711.0,-540.5329759450489,False,False,False,False,4.678557917427724,False,False,False,False
2025-08-22 14:00:00+00:00,20.995,21.105,20.995,21.09,7.0,,,,,,,,,,,,,,,,,,,,,,,20.91763748597082,20.871080360803607,,20.867796678817335,"rgba(38, 166, 154, 1.0)",0.0,0.0,0.029572326971668964,21.013698823659592,2.5801546294786495,0.0,0.0,0.0,0.0,0.0,0.0,0.0,0.0,49.48918932975815,-9.155909453180954,False,False,False,False,True,10.903638013451417,0,0.985537190082646,0.9008264462809917,False,False,False,False,0.18462240786017461,0.10974362447796031,False,False,False,False,-704.0,-543.0673484110171,False,False,False,False,4.714549267545124,False,False,False,False
2025-08-22 15:00:00+00:00,21.095,21.115,21.085,21.09,0.0,,,,,,,,,,,,,,,,,,,,,,,20.91763748597082,20.871080360803607,,20.867796678817335,"rgba(38, 166, 154, 1.0)",0.0,0.0,0.030205303513739738,21.013698823659592,2.526085404362855,0.0,0.0,0.0,0.0,0.0,0.0,0.0,0.0,56.949564745514934,-2.411042234069214,True,False,True,False,True,10.903638013451417,0,1.0246406570841915,0.8952772073921982,False,False,False,False,0.3349688806362266,0.22235625255709346,False,False,False,False,-704.0,-545.5624282806137,False,False,False,False,4.641455480451401,False,False,False,False
2025-08-22 16:00:00+00:00,21.095,21.11,21.09,21.1,0.0,,,,,,,,,,,,,,,,,,,,,,,20.91763748597082,20.871080360803607,,20.867796678817335,"rgba(38, 166, 154, 1.0)",0.0,0.0,0.031159716428823737,21.013698823659592,2.769639336658989,0.0,0.0,0.0,0.0,0.0,0.0,0.0,0.0,62.555150603985894,2.5504840718851867,True,False,True,False,True,12.04363477065949,0,1.041322314049589,0.8946280991735548,False,False,False,False,0.3349688806362266,0.27866256659666,False,False,False,False,-704.0,-548.0188247413794,False,False,False,False,4.569494930366883,False,False,False,False
2025-08-22 17:00:00+00:00,21.1,21.1,21.09,21.095,0.0,,,,,,,,,,,,,,,,,,,,,,,20.91763748597082,20.871080360803607,,20.867796678817335,"rgba(38, 166, 154, 1.0)",0.0,0.0,0.03195266769723232,21.013698823659592,2.5444253077951666,0.0,0.0,0.0,0.0,0.0,0.0,0.0,0.0,65.39400768523235,5.0934439926804345,True,False,True,False,True,11.260875846415086,0,1.0395833333333362,0.9020833333333342,False,False,False,False,0.31936860437702425,0.29901558548684215,False,False,False,False,-704.0,-550.4371375360867,False,False,False,False,4.498650047725536,False,False,False,False
2025-08-22 18:00:00+00:00,21.1,21.1,21.09,21.09,0.0,,,,,,,,,,,,,,,,,,,,,,,20.91763748597082,20.871080360803607,,20.867796678817335,"rgba(38, 166, 154, 1.0)",0.0,0.0,0.03259082941808857,21.013698823659592,2.3411854715811344,0.0,0.0,0.0,0.0,0.0,0.0,0.0,0.0,66.35144473932507,6.177785706377179,True,False,True,False,True,10.47652245460289,0,1.0355648535564874,0.9016736401673651,False,False,False,False,0.31936860437702425,0.3091920949319332,False,False,False,False,-704.0,-552.8179571091706,False,False,False,False,4.428903535357698,False,False,False,False
2025-08-22 19:00:00+00:00,21.1,21.105,21.09,21.095,22.0,,,,,,,,,,,,,,,,,,,,,,,20.921951442132162,20.872596212583993,,20.86931603299135,"rgba(38, 166, 154, 1.0)",0.0,0.0,0.03331233572880331,21.03387557670731,1.834888546702489,0.0,0.0,0.0,0.0,0.0,0.0,0.0,0.0,67.43949565321856,7.645196872345807,True,False,True,False,True,11.069691717513532,0,1.0357142857142878,0.9012605042016818,False,False,False,False,0.32714951871834574,0.3181708068251395,False,False,False,False,-682.0,-554.820779479571,False,False,False,False,4.70132363558471,False,False,False,False
2025-08-25 14:00:00+00:00,21.085,21.09,21.07,21.085,0.0,,,,,,,,,,,,,,,,,,,,,,,20.921951442132162,20.872596212583993,,20.86931603299135,"rgba(38, 166, 154, 1.0)",0.0,0.0,0.03373679254416425,21.03387557670731,1.5153907481206221,0.0,0.0,0.0,0.0,0.0,0.0,0.0,0.0,66.13871900975722,7.645196872345807,True,False,True,False,True,9.484643176888298,0,1.022964509394575,0.9018789144050129,False,False,False,False,0.2734242888187189,0.2957975478219292,False,False,False,False,-682.0,-556.7925503403528,False,False,False,False,4.628434897048512,False,False,False,False
2025-08-25 15:00:00+00:00,21.08,21.095,21.08,21.09,0.0,,,,,,,,,,,,,,,,,,,,,,,20.921951442132162,20.872596212583993,,20.86931603299135,"rgba(38, 166, 154, 1.0)",0.0,0.0,0.03426144840551343,21.03387557670731,1.6381217346216639,0.0,0.0,0.0,0.0,0.0,0.0,0.0,0.0,65.84053672110855,7.645196872345807,True,False,True,False,True,10.094485894485153,0,1.0334029227557435,0.8956158663883111,False,False,False,False,0.2947308447752245,0.2952641962985768,False,False,False,False,-682.0,-558.7337511102698,False,False,False,False,4.556676216474116,False,False,False,False
2025-08-25 16:00:00+00:00,21.09,21.105,21.09,21.1,0.0,,,,,,,,,,,,,,,,,,,,,,,20.921951442132162,20.872596212583993,,20.86931603299135,"rgba(38, 166, 154, 1.0)",0.0,0.0,0.03500965117896064,21.03387557670731,1.8887484183912668,0.0,0.0,0.0,0.0,0.0,0.0,0.0,0.0,66.74577688832656,8.800462906335376,True,False,True,False,True,11.30449171370407,0,1.0378151260504234,0.8970588235294136,False,False,False,False,0.3260862276977007,0.31067521199813874,False,False,False,False,-682.0,-560.6448557442192,False,False,False,False,4.486030073583045,False,False,False,False
2025-08-25 17:00:00+00:00,21.1,21.105,21.1,21.105,0.0,,,,,,,,,,,,,,,,,,,,,,,20.921951442132162,20.872596212583993,,20.86931603299135,"rgba(38, 166, 154, 1.0)",0.0,0.0,0.03572391633338973,21.03387557670731,1.9909469787391056,0.0,0.0,0.0,0.0,0.0,0.0,0.0,0.0,67.88252170922595,10.576453208817775,True,False,True,False,True,11.90462445755955,0,1.0381355932203422,0.8983050847457641,False,False,False,False,0.3428279099236797,0.3267515609609092,False,False,False,False,-682.0,-562.5263308489599,False,False,False,False,4.416479219729045,False,False,False,False
2025-08-25 18:00:00+00:00,21.105,21.105,21.1,21.1,0.0,,,,,,,,,,,,,,,,,,,,,,,20.921951442132162,20.872596212583993,,20.86931603299135,"rgba(38, 166, 154, 1.0)",0.0,0.0,0.036341969384385046,21.03387557670731,1.8195057783825925,0.0,0.0,0.0,0.0,0.0,0.0,0.0,0.0,67.3743242124219,10.718795810562767,True,False,True,False,True,11.077063709638452,0,1.0343347639485019,0.9077253218884144,False,False,False,False,0.3428279099236797,0.3347897354422944,False,False,False,False,-682.0,-564.378635797038,False,False,False,False,4.348006673686734,False,False,False,False
2025-08-25 19:00:00+00:00,21.1,21.1,21.085,21.09,0.0,,,,,,,,,,,,,,,,,,,,,,,20.921951442132162,20.872596212583993,,20.86931603299135,"rgba(38, 166, 154, 1.0)",0.0,0.0,0.03673842282554542,21.03387557670731,1.527676448148045,0.0,0.0,0.0,0.0,0.0,0.0,0.0,0.0,64.63373966538254,10.718795810562767,True,False,True,False,True,9.43613667404,0,1.0214592274678163,0.9098712446351951,False,False,False,False,0.308752783665345,0.3217712595538197,False,False,False,False,-682.0,-566.2022228389443,False,False,False,False,4.280595717505544,False,False,False,False
2025-08-26 14:00:00+00:00,21.065,21.07,21.05,21.065,0.0,,,,,,,,,,,,,,,,,,,,,,,20.921951442132162,20.872596212583993,,20.86931603299135,"rgba(38, 166, 154, 1.0)",0.0,0.0,0.03685655172967561,21.03387557670731,0.8444746410617522,0.0,0.0,0.0,0.0,0.0,0.0,0.0,0.0,58.19385511295343,14.573537482874201,True,False,True,False,False,5.520329454137059,0,1.0084566596194546,0.9133192389006373,False,False,False,False,0.20224784832709714,0.26200955394045844,False,False,False,False,-682.0,-567.9975372135343,False,False,False,False,4.214229892427938,False,False,False,False
2025-08-26 15:00:00+00:00,21.06,21.075,21.06,21.065,0.0,,,,,,,,,,,,,,,,,,,,,,,20.921951442132162,20.872596212583993,,20.86931603299135,"rgba(38, 166, 154, 1.0)",0.0,0.0,0.03696687097316193,21.03387557670731,0.841954497996007,0.0,0.0,0.0,0.0,0.0,0.0,0.0,0.0,53.900598744667356,10.539323336622111,True,False,True,False,False,5.520329454137059,0,1.0126315789473719,0.9115789473684245,False,False,False,False,0.2263456868026839,0.24417762037157117,False,False,False,False,-682.0,-569.7650172567353,False,False,False,False,4.1488929948709155,False,False,False,False
2025-08-26 16:00:00+00:00,21.065,21.085,21.06,21.07,0.0,,,,,,,,,,,,,,,,,,,,,,,20.921951442132162,20.872596212583993,,20.86931603299135,"rgba(38, 166, 154, 1.0)",0.0,0.0,0.0371280957698123,21.03387557670731,0.9729673053165945,0.0,0.0,0.0,0.0,0.0,0.0,0.0,0.0,52.05753306471475,8.780802263088326,False,False,False,False,False,6.184920383519746,0,1.0168067226890785,0.9054621848739528,False,False,False,False,0.24255406224696846,0.2433658413092698,False,False,False,False,-682.0,-571.5050945085688,False,False,False,False,4.084569072469816,False,False,False,False
2025-08-26 17:00:00+00:00,21.07,21.07,21.07,21.07,0.0,,,,,,,,,,,,,,,,,,,,,,,20.921951442132162,20.872596212583993,,20.86931603299135,"rgba(38, 166, 154, 1.0)",0.0,0.0,0.03697661788572805,21.03387557670731,0.9769531492666275,0.0,0.0,0.0,0.0,0.0,0.0,0.0,0.0,50.828822611413,7.460140635289861,False,False,False,False,False,6.184920383519746,0,1.0210970464135056,0.9113924050632948,False,False,False,False,0.23443475308214104,0.23890029719570544,False,False,False,False,-682.0,-573.2181938185134,False,False,False,False,4.021242420183462,False,False,False,False
2025-08-26 18:00:00+00:00,21.07,21.07,21.07,21.07,0.0,,,,,,,,,,,,,,,,,,,,,,,20.921951442132162,20.872596212583993,,20.86931603299135,"rgba(38, 166, 154, 1.0)",0.0,0.0,0.036800533681947696,21.03387557670731,0.981627701513779,0.0,0.0,0.0,0.0,0.0,0.0,0.0,0.0,50.00968230921184,6.398812890675835,False,False,False,False,False,6.184920383519746,0,1.0211864406779696,0.911016949152546,False,False,False,False,0.23443475308214104,0.23666752513892325,False,False,False,False,-682.0,-574.9047334492342,False,False,False,False,3.9588975764596874,False,False,False,False
2025-08-26 19:00:00+00:00,21.07,21.07,21.07,21.07,0.0,,,,,,,,,,,,,,,,,,,,,,,20.921951442132162,20.872596212583993,,20.86931603299135,"rgba(38, 166, 154, 1.0)",0.0,0.0,0.03659948800897942,21.03387557670731,0.9870199081426454,0.0,0.0,0.0,0.0,0.0,0.0,0.0,0.0,49.463588774411065,5.4967635229523495,False,False,False,False,False,6.184920383519746,0,1.0212765957446843,0.9106382978723443,False,False,False,False,0.23443475308214104,0.23555113911053216,False,False,False,False,-682.0,-576.5651251787034,False,False,False,False,3.8975193194603124,False,False,False,False
2025-08-27 14:00:00+00:00,21.065,21.07,21.05,21.065,0.0,,,,,,,,,,,,,,,,,,,,,,,20.921951442132162,20.872596212583993,,20.86931603299135,"rgba(38, 166, 154, 1.0)",0.0,0.0,0.03624279984407203,21.03387557670731,0.8587753547352527,0.0,0.0,0.0,0.0,0.0,0.0,0.0,0.0,47.77428686799923,3.5072530841695126,False,True,False,True,False,5.351647703335196,0,1.012684989429179,0.9090909090909133,False,False,False,False,0.20064982679548488,0.21810048295300852,False,False,False,False,-682.0,-578.199774400739,False,False,False,False,3.8370926633446487,False,False,False,False
2025-08-27 15:00:00+00:00,21.07,21.09,21.06,21.065,0.0,,,,,,,,,,,,,,,,,,,,,,,20.921951442132162,20.872596212583993,,20.86931603299135,"rgba(38, 166, 154, 1.0)",0.0,0.0,0.03585795299218486,21.03387557670731,0.8679921940740788,0.0,0.0,0.0,0.0,0.0,0.0,0.0,0.0,46.64808559705801,2.0722198309581543,False,True,False,True,False,5.351647703335196,0,1.0167714884696044,0.9035639412997944,False,False,False,False,0.22705817122241417,0.22257932708771133,False,False,False,False,-682.0,-579.8090802239833,False,False,False,False,3.777602854610623,False,False,False,False
2025-08-27 16:00:00+00:00,21.065,21.085,21.06,21.08,0.0,,,,,,,,,,,,,,,,,,,,,,,20.921951442132162,20.872596212583993,,20.86931603299135,"rgba(38, 166, 154, 1.0)",0.0,0.0,0.0356866997708881,21.03387557670731,1.2924821737177095,0.0,0.0,0.0,0.0,0.0,0.0,0.0,0.0,50.30570737662812,2.0722198309581543,False,False,False,False,True,7.5152938645430964,0,1.0148936170212797,0.9212765957446843,False,False,False,False,0.2092512011764687,0.21591526413209,False,False,False,False,-682.0,-581.3934355693478,False,False,False,False,3.7190353684926287,False,False,False,False
2025-08-27 17:00:00+00:00,21.08,21.1,21.08,21.1,40.0,,,,,,,,,,,,,,,,,,,,21.09333333333333,,,20.929144805876177,20.87526051096359,,20.87198767640628,"rgba(38, 166, 154, 1.0)",0.0,0.0,0.03603051759543818,21.05906898812462,1.1360095443248703,0.0,0.0,0.0,0.0,0.0,0.0,0.0,0.0,56.4587149025464,0.7144143414934305,True,False,True,False,True,10.251916839398241,0,1.0148936170212797,0.9170212765957476,False,False,False,False,0.2859870420549687,0.25095115309352933,False,False,False,False,-642.0,-582.3330722271874,False,False,False,False,4.281530944174913,False,False,False,False
2025-08-27 18:00:00+00:00,21.1,21.1,21.1,21.1,0.0,,,,,,,,,,,,,,,,,,,,21.09333333333333,,,20.929144805876177,20.87526051096359,,20.87198767640628,"rgba(38, 166, 154, 1.0)",0.0,0.0,0.0363927524711917,21.05906898812462,1.1247022853735429,0.0,0.0,0.0,0.0,0.0,0.0,0.0,0.0,60.56071991982525,4.3998168076755135,True,False,True,False,True,10.251916839398241,0,1.0236051502145966,0.9163090128755395,False,False,False,False,0.3312985445725652,0.29112484883304723,False,False,False,False,-642.0,-583.2581408748279,False,False,False,False,4.215150619459023,False,False,False,False
2025-08-27 19:00:00+00:00,21.1,21.1,21.1,21.1,0.0,,,,,,,,,,,,,,,,,,,,21.09333333333333,,,20.929144805876177,20.87526051096359,,20.87198767640628,"rgba(38, 166, 154, 1.0)",0.0,0.0,0.03680971278007977,21.05906898812462,1.1119622725644709,0.0,0.0,0.0,0.0,0.0,0.0,0.0,0.0,63.29538993134449,6.840830309826885,True,False,True,False,True,10.251916839398241,0,1.017505470459523,0.934354485776809,False,False,False,False,0.3312985445725652,0.31121169670280624,False,False,False,False,-642.0,-584.1688673728926,False,False,False,False,4.14979944706431,False,False,False,False
2025-08-28 14:00:00+00:00,21.115,21.13,21.11,21.125,0.0,,,,,,,,,,,,,,,,,,,,21.09333333333333,,,20.929144805876177,20.87526051096359,,20.87198767640628,"rgba(38, 166, 154, 1.0)",0.0,0.0,0.03779007925484049,21.05906898812462,1.7446645568211263,0.0,0.0,0.0,0.0,0.0,0.0,0.0,0.0,68.4377983282958,11.539240085948329,True,False,True,False,True,13.56083986089704,0,1.006479481641472,0.9200863930885564,False,False,False,False,0.3428278371437911,0.3270197669232987,False,False,False,False,-642.0,-585.0654740802896,False,False,False,False,4.085461471140832,False,False,False,False
2025-08-28 15:00:00+00:00,21.125,21.14,21.12,21.135,0.0,,,,,,,,,,,,,,,,,,,,21.09333333333333,,,20.929144805876177,20.87526051096359,,20.87198767640628,"rgba(38, 166, 154, 1.0)",0.0,0.0,0.03898001335862407,21.05906898812462,1.9479473025522671,0.0,0.0,0.0,0.0,0.0,0.0,0.0,0.0,72.75590652065473,15.417320671434155,True,False,True,False,True,14.816213972727514,0,1.0129310344827622,0.9202586206896572,False,False,False,False,0.3428278593982617,0.33492381316078024,False,True,False,False,-642.0,-585.9481799085022,False,True,False,False,4.022120983216167,False,True,False,False
2025-08-28 16:00:00+00:00,21.135,21.145,21.13,21.13,0.0,,,,,,,,,,,,,,,,,,,,21.09333333333333,,,20.929144805876177,20.87526051096359,,20.87198767640628,"rgba(38, 166, 154, 1.0)",0.0,0.0,0.03995583147008166,21.05906898812462,1.7752355354810383,0.0,0.0,0.0,0.0,0.0,0.0,0.0,0.0,73.84618005410653,16.410492617110805,True,False,True,False,True,13.889549460043337,0,1.0328947368421064,0.9144736842105293,False,False,False,False,0.34282786459585224,0.33887583887831624,False,False,False,False,-642.0,-586.817200375037,False,False,False,False,3.9597625183601024,False,False,False,False
2025-08-28 17:00:00+00:00,21.13,21.13,21.13,21.13,0.0,,,,,,,,,,,,,,,,,,,,21.09333333333333,,,20.929144805876177,20.87526051096359,,20.87198767640628,"rgba(38, 166, 154, 1.0)",0.0,0.0,0.04034055478494941,21.05906898812462,1.7583053146766356,0.0,0.0,0.0,0.0,0.0,0.0,0.0,0.0,74.57302907640772,17.29993921848562,True,False,True,False,True,13.889549460043337,0,1.02869757174393,0.9205298013245067,False,False,False,False,0.3126834561405142,0.32577964750941524,False,False,False,False,-642.0,-587.6727476560442,False,False,False,False,3.898370851408783,False,False,False,False
2025-08-28 18:00:00+00:00,21.13,21.13,21.13,21.13,0.0,,,,,,,,,,,,,,,,,,,,21.09333333333333,,,20.929144805876177,20.87526051096359,,20.87198767640628,"rgba(38, 166, 154, 1.0)",0.0,0.0,0.04073922783610256,21.05906898812462,1.7410985834277992,0.0,0.0,0.0,0.0,0.0,0.0,0.0,0.0,75.05759509127519,18.131034676790335,True,False,True,False,True,13.889549460043337,0,1.0220750551876399,0.9205298013245067,False,False,False,False,0.3126834561405142,0.3192315518249647,False,False,False,False,-642.0,-588.5150306381211,False,False,False,False,3.837930993247406,False,False,False,False
2025-08-28 19:00:00+00:00,21.13,21.13,21.13,21.13,0.0,,,,,,,,,,,,,,,,,,,,21.09333333333333,,,20.929144805876177,20.87526051096359,,20.87198767640628,"rgba(38, 166, 154, 1.0)",0.0,0.0,0.041151773576186226,21.05906898812462,1.7236441035539476,0.0,0.0,0.0,0.0,0.0,0.0,0.0,0.0,75.38063910118683,18.920615546090048,True,False,True,False,True,13.889549460043337,0,1.0220750551876399,0.9205298013245067,False,False,False,False,0.3126834561405142,0.3159575039827395,False,False,False,False,-642.0,-589.3442549693129,False,False,False,False,3.778428187150547,False,False,False,False
2025-08-29 14:00:00+00:00,21.13,21.13,21.105,21.11,0.0,,,,,,,,,,,,,,,,,,,,21.09333333333333,,,20.929144805876177,20.87526051096359,,20.87198767640628,"rgba(38, 166, 154, 1.0)",0.0,0.0,0.04118459871321369,21.05906898812462,1.2366518909176654,0.0,0.0,0.0,0.0,0.0,0.0,0.0,0.0,68.07071607551683,24.704747400968373,True,False,True,False,False,10.082708087568314,0,1.0110132158590333,0.9295154185022073,False,False,False,False,0.263612072377141,0.28978478817994024,False,False,False,False,-642.0,-590.1606231093236,False,False,False,False,3.7198479051792206,False,False,False,False
2025-08-29 15:00:00+00:00,21.11,21.11,21.09,21.105,0.0,,,,,,,,,,,,,,,,,,,,21.09333333333333,,,20.929144805876177,20.87526051096359,,20.87198767640628,"rgba(38, 166, 154, 1.0)",0.0,0.0,0.041097225964525856,21.05906898812462,1.1176183014159766,0.0,0.0,0.0,0.0,0.0,0.0,0.0,0.0,61.82412394862038,18.928818206770558,True,False,True,False,False,9.163211111148495,0,1.0133333333333354,0.9377777777777822,False,False,False,False,0.1968885698674389,0.24333667902368958,False,False,False,False,-642.0,-590.9643343789465,False,False,False,False,3.6621758446338064,False,False,False,False
2025-08-29 16:00:00+00:00,21.105,21.12,21.105,21.115,0.0,,,,,,,,,,,,,,,,,,,,21.09333333333333,,,20.929144805876177,20.87526051096359,,20.87198767640628,"rgba(38, 166, 154, 1.0)",0.0,0.0,0.041208872481160265,21.05906898812462,1.3572565447149838,0.0,0.0,0.0,0.0,0.0,0.0,0.0,0.0,60.155949992409134,17.44449815278155,True,False,True,False,False,10.583926772014731,0,1.0157303370786535,0.9460674157303398,False,False,False,False,0.2443377502204226,0.2438372146220561,False,False,False,False,-642.0,-591.7555850087303,False,False,False,False,3.6053979245619643,False,False,False,False
2025-08-29 17:00:00+00:00,21.11,21.12,21.11,21.115,0.0,,,,,,,,,,,,,,,,,,,,21.09333333333333,,,20.929144805876177,20.87526051096359,,20.87198767640628,"rgba(38, 166, 154, 1.0)",0.0,0.0,0.041487325753723395,21.05906898812462,1.3481469547446134,0.0,0.0,0.0,0.0,0.0,0.0,0.0,0.0,59.04383402160164,16.26971835006215,False,False,True,False,False,10.583926772014731,0,1.0135440180586912,0.9503386004514708,False,False,False,False,0.2539518192533843,0.2488945169377202,False,False,False,False,-642.0,-592.5345681868896,False,False,False,False,3.5495002823206936,False,False,False,False
2025-08-29 18:00:00+00:00,21.115,21.12,21.105,21.105,0.0,,,,,,,,,,,,,,,,,,,,21.09333333333333,,,20.929144805876177,20.87526051096359,,20.87198767640628,"rgba(38, 166, 154, 1.0)",0.0,0.0,0.04160896906081278,21.05906898812462,1.1038728647242468,0.0,0.0,0.0,0.0,0.0,0.0,0.0,0.0,55.317913700208265,12.58724983524607,False,True,True,False,False,8.703188434541186,0,1.0135440180586928,0.9458239277652398,False,False,False,False,0.2443377502204226,0.2466161335790714,False,False,False,False,-642.0,-593.3014741064727,False,False,False,False,3.4944692701916904,False,False,False,False
2025-08-29 19:00:00+00:00,21.105,21.12,21.1,21.1,0.0,,,,,,,,,,,,,,,,,,,,21.09333333333333,,,20.929144805876177,20.87526051096359,,20.87198767640628,"rgba(38, 166, 154, 1.0)",0.0,0.0,0.041665441423395254,21.05906898812462,0.9823731725160622,0.0,0.0,0.0,0.0,0.0,0.0,0.0,0.0,51.534869308959685,8.919545593930302,False,True,False,False,False,7.775120180820757,0,1.006726457399105,0.9484304932735449,False,False,False,False,0.23476776995684592,0.24069195176795866,False,False,False,False,-642.0,-594.0564900117987,False,False,False,False,3.4402914520491836,False,False,False,False
2025-09-01 14:00:00+00:00,21.1,21.1,21.1,21.1,0.0,,,,,,,,,,,,,,,,,,,,21.09333333333333,,,20.929144805876177,20.87526051096359,,20.87198767640628,"rgba(38, 166, 154, 1.0)",0.0,0.0,0.041665441423395254,21.05906898812462,0.9823731725160622,0.0,0.0,0.0,0.0,0.0,0.0,0.0,0.0,49.012839714793955,6.428149603739314,False,True,False,True,False,7.775120180820757,0,1.0135440180586928,0.9571106094808147,False,False,False,False,0.1968885698674389,0.21879026081769878,False,False,False,False,-642.0,-594.7998002441739,False,False,False,False,3.386953600079429,False,False,False,False
2025-09-01 15:00:00+00:00,21.1,21.1,21.1,21.1,0.0,,,,,,,,,,,,,,,,,,,,21.09333333333333,,,20.929144805876177,20.87526051096359,,20.87198767640628,"rgba(38, 166, 154, 1.0)",0.0,0.0,0.041665441423395254,21.05906898812462,0.9823731725160622,0.0,0.0,0.0,0.0,0.0,0.0,0.0,0.0,47.33148665201681,4.637924958225909,False,True,False,True,False,7.775120180820757,0,1.0274599542334106,0.9496567505720843,False,False,False,False,0.1929214098842076,0.2058558353509532,False,False,False,False,-642.0,-595.5315862868998,False,False,False,False,3.3344426915510654,False,False,False,False
2025-09-01 16:00:00+00:00,21.1,21.1,21.1,21.1,0.0,,,,,,,,,,,,,,,,,,,,21.09333333333333,,,20.929144805876177,20.87526051096359,,20.87198767640628,"rgba(38, 166, 154, 1.0)",0.0,0.0,0.04172172938290164,21.05906898812462,0.9810478252168823,0.0,0.0,0.0,0.0,0.0,0.0,0.0,0.0,46.21058461016537,3.2671777753600466,False,True,False,True,False,7.775120180820757,0,1.0255220417633426,0.9512761020881702,False,False,False,False,0.18654564437004797,0.19620073986050057,False,False,False,False,-642.0,-596.2520268095835,False,False,False,False,3.282745905635545,False,False,False,False
2025-09-01 17:00:00+00:00,21.1,21.1,21.1,21.1,0.0,,,,,,,,,,,,,,,,,,,,21.09333333333333,,,20.929144805876177,20.87526051096359,,20.87198767640628,"rgba(38, 166, 154, 1.0)",0.0,0.0,0.04191991506762226,21.05906898812462,0.9764097042982058,0.0,0.0,0.0,0.0,0.0,0.0,0.0,0.0,45.46331658226441,2.152471933392164,False,True,False,True,False,7.775120180820757,0,1.0211267605633827,0.9530516431924909,False,False,False,False,0.17714208514906846,0.18667141250478453,False,False,False,False,-642.0,-596.9612977117605,False,False,False,False,3.2318506202768544,False,False,False,False
2025-09-01 18:00:00+00:00,21.1,21.1,21.1,21.1,0.0,,,,,,,,,,,,,,,,,,,,21.09333333333333,,,20.929144805876177,20.87526051096359,,20.87198767640628,"rgba(38, 166, 154, 1.0)",0.0,0.0,0.042105401848958335,21.05906898812462,0.9721083300003124,0.0,0.0,0.0,0.0,0.0,0.0,0.0,0.0,44.965137896997106,1.2013847016036507,False,True,False,True,False,7.775120180820757,0,1.0141843971631228,0.955082742316787,False,False,False,False,0.174609986831967,0.18064069966837576,False,False,False,False,-642.0,-597.6595721658417,False,False,False,False,3.1817444091097715,False,False,False,False
2025-09-01 19:00:00+00:00,21.1,21.1,21.1,21.1,0.0,,,,,,,,,,,,,,,,,,,,21.09333333333333,,,20.929144805876177,20.87526051096359,,20.87198767640628,"rgba(38, 166, 154, 1.0)",0.0,0.0,0.04227942229438528,21.05906898812462,0.9681071702065003,0.0,0.0,0.0,0.0,0.0,0.0,0.0,0.0,44.633018773485574,0.3631661484854334,False,True,False,True,False,7.775120180820757,0,1.0071090047393385,0.9573459715639828,False,False,False,False,0.174609986831967,0.17762534325017137,False,False,False,False,-642.0,-598.3470206593945,False,False,False,False,3.132415038425899,False,False,False,False
2025-09-02 14:00:00+00:00,20.97,20.98,20.97,20.975,0.0,,,,,,,,,,,,,,,,,,,,21.09333333333333,,,20.929144805876177,20.87526051096359,,20.87198767640628,"rgba(239, 83, 80, 1.0)",0.0,0.0,0.043512657369422295,21.05906898812462,-1.9320582379253848,0.0,0.0,0.0,0.0,0.0,0.0,0.0,0.0,32.35286666535935,-11.242080278776442,False,True,False,True,False,0.0,0,1.0000000000000016,0.9598214285714303,False,False,False,False,-0.34282825441539394,-0.08260145558261128,False,False,False,False,-642.0,-599.0238110367683,False,False,False,False,3.0838504641867375,False,False,False,False
2025-09-02 15:00:00+00:00,20.98,20.98,20.96,20.97,0.0,,,,,,,,,,,,,,,,,,,,21.09333333333333,,,20.929144805876177,20.87526051096359,,20.87198767640628,"rgba(239, 83, 80, 1.0)",0.0,0.0,0.044806892970334716,21.05906898812462,-1.987841205226827,0.0,0.0,0.0,0.0,0.0,0.0,0.0,0.0,24.073359850796177,-18.517898898364678,False,True,False,True,False,0.0,0,0.9955456570155927,0.9665924276169284,True,False,False,False,-0.34282825441539394,-0.2127148549990026,False,False,False,False,-642.0,-599.6901085400742,False,False,False,False,3.036038829083067,False,False,False,False
2025-09-02 16:00:00+00:00,20.97,20.97,20.96,20.965,0.0,,,,,,,,,,,,,,,,,,,,21.09333333333333,,,20.929144805876177,20.87526051096359,,20.87198767640628,"rgba(239, 83, 80, 1.0)",0.0,0.0,0.0461897769586826,21.05906898812462,-2.036575933431431,0.0,0.0,0.0,0.0,0.0,0.0,0.0,0.0,18.456967339664246,-23.226641363633025,False,True,False,True,False,0.0,0,0.9909706546275413,0.9864559819413103,True,False,False,False,-0.34282825441539394,-0.2777715547071983,False,False,False,False,-642.0,-600.3460758495304,False,False,False,False,2.988968459639919,False,False,False,False
2025-09-02 17:00:00+00:00,20.965,20.97,20.965,20.965,0.0,,,,,,,,,,,,,,,,,,,,21.09333333333333,,,20.929144805876177,20.87526051096359,,20.87198767640628,"rgba(239, 83, 80, 1.0)",0.0,0.0,0.04747327365696453,21.05906898812462,-1.9815146687449539,0.0,0.0,0.0,0.0,0.0,0.0,0.0,0.0,14.71270566557629,-26.3482364928276,False,True,False,True,False,0.0,0,0.988584474885847,0.9908675799086776,False,False,False,False,-0.33213157349168837,-0.30495156409944335,False,False,False,False,-642.0,-600.9918731231811,False,False,False,False,2.9426278633664316,False,False,False,False
2025-09-02 18:00:00+00:00,20.965,20.98,20.96,20.975,0.0,,,,,,,,,,,,,,,,,,,,21.09333333333333,,,20.929144805876177,20.87526051096359,,20.87198767640628,"rgba(239, 83, 80, 1.0)",0.0,0.0,0.04836050804877936,21.05906898812462,-1.7383809954978129,1.0,20.98,20.96,0.0,0.0,0.0,0.0,0.0,14.970125466551952,-26.3482364928276,False,True,False,True,False,0.0,0,0.9771689497716924,0.990867579908676,True,False,False,False,-0.32150772370145697,-0.31322964390045016,False,False,False,False,-642.0,-601.627658036,False,False,False,False,2.8970057259498976,False,False,False,False
2025-09-02 19:00:00+00:00,20.975,20.98,20.97,20.97,18.0,,,,,,,,,,,,,,,,,,,20.973333333333333,21.056091954022985,,20.973333333333333,20.92996395468589,20.87579031612645,,20.872528667457495,"rgba(239, 83, 80, 1.0)",0.0,0.0,0.04924657577154506,21.04211333747109,-1.4643320137754314,0.0,0.0,0.0,0.0,0.0,0.0,0.0,0.0,14.895546972788905,-26.408801641637748,False,True,False,True,False,0.0,0,0.9795454545454554,0.9840909090909107,False,False,False,False,-0.3004661576738922,-0.30684790078717117,False,False,False,False,-660.0,-602.5326555858294,False,False,False,False,3.1311606759351704,False,False,False,False
2025-09-03 14:00:00+00:00,21.0,21.04,21.0,21.03,0.0,,,,,,,,,,,,,,,,,,,20.973333333333333,21.056091954022985,,20.973333333333333,20.92996395468589,20.87579031612645,,20.872528667457495,"rgba(38, 166, 154, 1.0)",0.0,0.0,0.04920374994861988,21.04211333747109,-0.2461872821428814,0.0,0.0,0.0,0.0,1.0,21.025,20.98,0.0,25.976833808082986,-33.28066087043636,False,True,False,True,True,0.0,0,0.9801762114537453,0.9625550660792963,False,False,False,False,-0.12014004053896683,-0.213493970663069,False,False,False,False,-660.0,-603.423622165894,False,False,False,False,3.0826155491764857,False,False,False,False
2025-09-03 15:00:00+00:00,21.03,21.04,21.025,21.035,0.0,,,,,,,,,,,,,,,,,,,20.973333333333333,21.056091954022985,,20.973333333333333,20.92996395468589,20.87579031612645,,20.872528667457495,"rgba(38, 166, 154, 1.0)",0.0,0.0,0.04912458880461523,21.04211333747109,-0.1448019748192044,0.0,0.0,0.0,0.0,0.0,0.0,0.0,0.0,33.97666434249297,-26.070093309812037,False,True,False,True,True,0.0,0,0.9934210526315802,0.9627192982456152,False,False,False,False,-0.07186273089789838,-0.1426783507804837,False,False,False,False,-660.0,-604.3007753106087,False,False,False,False,3.0348230600419663,False,False,False,False
2025-09-03 16:00:00+00:00,21.035,21.05,21.03,21.045,0.0,,,,,,,,,,,,,,,,,,,20.973333333333333,21.056091954022985,,20.973333333333333,20.92996395468589,20.87579031612645,,20.872528667457495,"rgba(38, 166, 154, 1.0)",0.0,0.0,0.04899236932675905,21.04211333747109,0.05892065577925087,0.0,0.0,0.0,0.0,0.0,0.0,0.0,0.0,40.540685494844894,-20.26573226982593,False,True,False,True,True,0.0,0,1.0044247787610643,0.9646017699115036,False,False,False,False,-0.04307025731690816,-0.09287430404869593,False,False,False,False,-660.0,-605.164329181762,False,False,False,False,2.987771539731238,False,False,False,False
2025-09-03 17:00:00+00:00,21.045,21.06,21.045,21.045,0.0,,,,,,,,,,,,,,,,,,,20.973333333333333,21.056091954022985,,20.973333333333333,20.92996395468589,20.87579031612645,,20.872528667457495,"rgba(38, 166, 154, 1.0)",0.0,0.0,0.048683756101038776,21.04211333747109,0.05929416216203386,0.0,0.0,0.0,0.0,0.0,0.0,0.0,0.0,44.91669959641284,-16.381245339742065,False,True,False,True,True,0.0,0,1.0022172949002244,0.9600886917960089,False,False,False,False,0.004782451079715119,-0.044045926484490405,False,False,False,False,-660.0,-606.0144946208044,False,False,False,False,2.9414495003555596,False,False,False,False
2025-09-03 18:00:00+00:00,21.045,21.06,21.04,21.045,0.0,,,,,,,,,,,,,,,,,,,20.973333333333333,21.056091954022985,,20.973333333333333,20.92996395468589,20.87579031612645,,20.872528667457495,"rgba(38, 166, 154, 1.0)",0.0,0.0,0.04821433004428207,21.04211333747109,0.05987146407013571,0.0,0.0,0.0,0.0,0.0,0.0,0.0,0.0,47.834042330791476,-13.618296471104912,False,False,False,False,True,0.0,0,1.0044543429844106,0.9599109131403119,False,False,False,False,-0.004782833696940696,-0.024414380090715553,False,False,False,False,-660.0,-606.8514792003267,False,False,False,False,2.8958456321329926,False,False,False,False
2025-09-03 19:00:00+00:00,21.045,21.045,21.04,21.045,0.0,,,,,,,,,,,,,,,,,,,20.973333333333333,21.056091954022985,,20.973333333333333,20.92996395468589,20.87579031612645,,20.872528667457495,"rgba(38, 166, 154, 1.0)",0.0,0.0,0.047815052852387754,21.04211333747109,0.06037141771699927,0.0,0.0,0.0,0.0,0.0,0.0,0.0,0.0,49.7789374870439,-11.508609352476427,False,False,False,False,True,0.0,0,1.0022471910112372,0.9662921348314594,False,False,False,False,-0.033490948787434055,-0.028952664439074804,False,False,False,False,-660.0,-607.6754872747401,False,False,False,False,2.8509488006270547,False,False,False,False
2025-09-04 14:00:00+00:00,21.09,21.09,21.07,21.075,0.0,,,,,,,,,,,,,,,,,,,20.973333333333333,21.056091954022985,,20.973333333333333,20.92996395468589,20.87579031612645,,20.872528667457495,"rgba(38, 166, 154, 1.0)",0.0,0.0,0.04739378831839206,21.04211333747109,0.6939023803705345,0.0,0.0,0.0,0.0,0.0,0.0,0.0,0.0,55.11918537144358,-6.145417527015219,True,False,True,False,True,3.832195942281892,0,1.002222222222225,0.9577777777777767,False,False,False,False,0.11044665759360639,0.04074699657726579,False,False,False,False,-660.0,-608.4867200301704,False,False,False,False,2.8067480440281853,False,False,False,False
2025-09-04 15:00:00+00:00,21.075,21.095,21.07,21.095,0.0,,,,,,,,,,,,,,,,,,,20.973333333333333,21.056091954022985,,20.973333333333333,20.92996395468589,20.87579031612645,,20.872528667457495,"rgba(38, 166, 154, 1.0)",0.0,0.0,0.047077949544672766,21.04211333747109,1.1233850038163693,0.0,0.0,0.0,0.0,0.0,0.0,0.0,0.0,60.5505679762619,-0.7919049444609954,True,False,True,False,True,6.504348851817522,0,1.0000000000000016,0.9578713968957876,False,False,False,False,0.12013965238146146,0.08044332447936363,False,False,False,False,-660.0,-609.2853755335785,False,False,False,False,2.763232570477361,False,False,False,False
2025-09-04 16:00:00+00:00,21.095,21.11,21.09,21.105,0.0,,,,,,,,,,,,,,,,,,,20.973333333333333,21.056091954022985,,20.973333333333333,20.92996395468589,20.87579031612645,,20.872528667457495,"rgba(38, 166, 154, 1.0)",0.0,0.0,0.04683236349222339,21.04211333747109,1.3428035196078258,0.0,0.0,0.0,0.0,0.0,0.0,0.0,0.0,64.97691764314828,3.595671858316635,True,False,True,False,True,7.7918383221787515,0,1.0156250000000016,0.9508928571428573,False,False,False,False,0.1887307869915723,0.13458705573546798,False,False,False,False,-660.0,-610.0716487811198,False,False,False,False,2.7203917554312,False,False,False,False
2025-09-04 17:00:00+00:00,21.105,21.105,21.105,21.105,0.0,,,,,,,,,,,,,,,,,,,20.973333333333333,21.056091954022985,,20.973333333333333,20.92996395468589,20.87579031612645,,20.872528667457495,"rgba(38, 166, 154, 1.0)",0.0,0.0,0.0468929199980493,21.04211333747109,1.341069452094829,0.0,0.0,0.0,0.0,0.0,0.0,0.0,0.0,67.92781742107255,6.681916856812137,True,False,True,False,True,7.7918383221787515,0,1.0341685649202763,0.9453302961275621,False,False,False,False,0.2086269203832527,0.17160698805936034,False,False,False,False,-660.0,-610.8457317457536,False,False,False,False,2.6782151390679254,False,False,False,False
2025-09-04 18:00:00+00:00,21.105,21.105,21.1,21.105,0.0,,,,,,,,,,,,,,,,,,,20.973333333333333,21.056091954022985,,20.973333333333333,20.92996395468589,20.87579031612645,,20.872528667457495,"rgba(38, 166, 154, 1.0)",0.0,0.0,0.046812834153028844,21.04211333747109,1.3433637092626614,0.0,0.0,0.0,0.0,0.0,0.0,0.0,0.0,69.89508393968873,8.988913687302713,True,False,True,False,True,7.7918383221787515,0,1.0252873563218423,0.9425287356321838,False,False,False,False,0.19865944759563872,0.18513321782749953,False,False,False,False,-660.0,-611.6078134241139,False,False,False,False,2.636692423733539,False,False,False,False
2025-09-04 19:00:00+00:00,21.1,21.13,21.1,21.12,0.0,,,,,,,,,,,,,,,,,,,20.973333333333333,21.056091954022985,,20.973333333333333,20.92996395468589,20.87579031612645,,20.872528667457495,"rgba(38, 166, 154, 1.0)",0.0,0.0,0.047021942357378686,21.04211333747109,1.6563897326263726,0.0,0.0,0.0,0.0,0.0,0.0,0.0,0.0,72.54056939959824,12.02352481091632,True,False,True,False,True,9.74661332127161,0,1.02981651376147,0.9266055045871556,False,False,False,False,0.24893013559915406,0.2170316767133268,False,False,False,False,-660.0,-612.3580798826547,False,False,False,False,2.5958134714275927,False,False,False,False
2025-09-05 14:00:00+00:00,21.23,21.24,21.225,21.235,0.0,,,,,,,,,,,,,,,,,,,20.973333333333333,21.056091954022985,,20.973333333333333,20.92996395468589,20.87579031612645,,20.872528667457495,"rgba(38, 166, 154, 1.0)",0.0,0.0,0.050630439870093004,21.04211333747109,3.809697546057589,0.0,0.0,0.0,0.0,0.0,0.0,0.0,0.0,78.50710322554117,18.063127462582855,True,False,True,False,True,20.0,0,1.0330396475770955,0.9251101321585923,False,False,False,False,0.3428279775341716,0.2799298271237492,False,False,False,False,-660.0,-613.0967143030786,False,False,False,False,2.55556830132794,False,False,False,False
2025-09-05 15:00:00+00:00,21.235,21.25,21.23,21.245,84.0,,,,,,,,,21.241666666666667,21.241666666666667,,,,,,,,,21.194313725490197,21.16586854460094,,21.194313725490197,20.954781990521326,20.884787275565966,,20.88150077160494,"rgba(38, 166, 154, 1.0)",0.0,0.0,0.054325677899838776,21.14096326138638,1.915056427007444,0.0,0.0,0.0,0.0,0.0,0.0,0.0,0.0,82.65275022155043,22.258732837972644,True,False,True,False,True,20.0,0,1.0309734513274353,0.9247787610619475,False,False,False,False,0.34282798508547413,0.31137890610461166,False,False,False,False,-576.0,-612.5215714456665,False,False,False,False,3.8182726687492123,False,False,False,False
2025-09-05 16:00:00+00:00,21.24,21.26,21.24,21.245,21.0,,,,,,,,,21.243000000000002,21.243000000000002,,,,,,,,,21.203536585365857,21.176492842535787,,21.203536585365857,20.960511152416355,20.887008534574726,,20.883716326334966,"rgba(38, 166, 154, 1.0)",0.0,0.0,0.057692334026309355,21.15054948563183,1.6371415017651634,0.0,0.0,0.0,0.0,0.0,0.0,0.0,0.0,85.41651488555661,25.193855093724835,True,False,True,False,True,20.0,0,1.0288248337028831,0.9246119733924618,False,False,False,False,0.34282799453564283,0.3271034503201272,False,False,False,False,-576.0,-611.9553455317802,False,False,False,False,4.084656038225969,False,False,False,False
2025-09-05 17:00:00+00:00,21.245,21.25,21.23,21.235,21.0,,,,,,,,,21.242222222222225,21.242222222222225,,,,,,,,,21.208611111111114,21.183550724637684,,21.208611111111114,20.965829535095715,20.88914208598419,,20.88584524490185,"rgba(38, 166, 154, 1.0)",0.0,0.0,0.060428276299878944,21.157448106751602,1.2833709315741806,0.0,0.0,0.0,0.0,0.0,0.0,0.0,0.0,85.36326250161105,25.65385272177545,True,False,True,False,True,20.0,0,1.0176600441501131,0.9293598233995598,False,False,False,False,0.31705529520387254,0.3220793727619999,False,False,False,False,-597.0,-611.7234797095821,False,False,False,False,4.346909432982155,False,False,False,False
2025-09-05 18:00:00+00:00,21.235,21.235,21.23,21.23,0.0,,,,,,,,,21.242222222222225,21.242222222222225,,,,,,,,,21.208611111111114,21.183550724637684,,21.208611111111114,20.965829535095715,20.88914208598419,,20.88584524490185,"rgba(38, 166, 154, 1.0)",0.0,0.0,0.06277932178067289,21.157448106751602,1.1556654514661273,0.0,0.0,0.0,0.0,0.0,0.0,0.0,0.0,84.36205142689883,25.65385272177545,True,False,True,False,True,20.0,0,1.0221238938053117,0.9314159292035408,False,False,False,False,0.29799147881465354,0.3100354257883267,False,False,False,False,-597.0,-611.4952087063327,False,False,False,False,4.2795154882847575,False,False,False,False
2025-09-05 19:00:00+00:00,21.23,21.24,21.225,21.225,40.0,,,,,,,,,21.23927710843374,21.23927710843374,,,,,,,,,21.21326086956522,21.191845238095237,,21.21326086956522,20.975123131046615,20.893039832285115,,20.889736197475035,"rgba(38, 166, 154, 1.0)",0.0,0.0,0.06475783023368444,21.1665369039064,0.9027957836547491,0.0,0.0,0.0,0.0,0.0,0.0,0.0,0.0,82.68371626648161,25.65385272177545,True,False,True,False,True,19.469862392652708,0,1.0289532293986658,0.9287305122494446,False,False,False,False,0.29799147881465354,0.30401345230149013,False,False,False,False,-637.0,-611.8906318271648,False,False,False,False,4.833321449706699,False,False,False,False
2025-09-08 14:00:00+00:00,21.295,21.3,21.27,21.285,0.0,,,,,,,,,21.23927710843374,21.23927710843374,,,,,,,,,21.21326086956522,21.191845238095237,,21.21326086956522,20.975123131046615,20.893039832285115,,20.889736197475035,"rgba(38, 166, 154, 1.0)",0.0,0.0,0.06872552799503567,21.1665369039064,1.7237131463312458,0.0,0.0,0.0,0.0,0.0,0.0,0.0,0.0,83.85288119415844,25.95193167247882,True,False,True,False,True,20.0,0,1.0282608695652196,0.9065217391304377,False,False,False,False,0.34282802295997944,0.32342073763073476,False,False,False,False,-637.0,-612.2799243569763,False,False,False,False,4.7583862334321765,False,False,False,False
2025-09-08 15:00:00+00:00,21.285,21.3,21.28,21.3,0.0,,,,,,,,,21.23927710843374,21.23927710843374,,,,,,,,,21.21326086956522,21.191845238095237,,21.21326086956522,20.975123131046615,20.893039832285115,,20.889736197475035,"rgba(38, 166, 154, 1.0)",0.0,0.0,0.07274526702042025,21.1665369039064,1.834663636001712,0.0,0.0,0.0,0.0,0.0,0.0,0.0,0.0,85.02545692497023,27.70801799780601,True,False,True,False,True,20.0,0,1.0326086956521767,0.9065217391304377,False,False,False,False,0.34282802652083055,0.33312438207578265,False,False,False,False,-637.0,-612.6631813436899,False,False,False,False,4.684612803456484,False,False,False,False
2025-09-08 16:00:00+00:00,21.3,21.3,21.28,21.285,0.0,,,,,,,,,21.23927710843374,21.23927710843374,,,,,,,,,21.21326086956522,21.191845238095237,,21.21326086956522,20.975123131046615,20.893039832285115,,20.889736197475035,"rgba(38, 166, 154, 1.0)",0.0,0.0,0.07590789819911688,21.1665369039064,1.5606162060086821,0.0,0.0,0.0,0.0,0.0,0.0,0.0,0.0,83.2541388104288,27.70801799780601,True,False,True,False,True,20.0,0,1.0438596491228094,0.9013157894736864,False,False,False,False,0.34282802652083055,0.3379762042983066,False,False,False,False,-637.0,-613.0404963616172,False,False,False,False,4.6119831475889415,False,False,False,False
2025-09-08 17:00:00+00:00,21.29,21.295,21.275,21.295,0.0,,,,,,,,,21.23927710843374,21.23927710843374,,,,,,,,,21.21326086956522,21.191845238095237,,21.21326086956522,20.975123131046615,20.893039832285115,,20.889736197475035,"rgba(38, 166, 154, 1.0)",0.0,0.0,0.07861165812264377,21.1665369039064,1.6341481551398207,0.0,0.0,0.0,0.0,0.0,0.0,0.0,0.0,82.49046420276771,27.70801799780601,True,False,True,False,True,20.0,0,1.043572984749456,0.8976034858387817,False,False,False,False,0.3314754981342133,0.33472585121626,False,False,False,False,-637.0,-613.4119615343053,False,False,False,False,4.54047953289764,False,False,False,False
2025-09-08 18:00:00+00:00,21.295,21.31,21.29,21.305,0.0,,,,,,,,,21.23927710843374,21.23927710843374,,,,,,,,,21.21326086956522,21.191845238095237,,21.21326086956522,20.975123131046615,20.893039832285115,,20.889736197475035,"rgba(38, 166, 154, 1.0)",0.0,0.0,0.08099282584177823,21.1665369039064,1.7095723560021254,0.0,0.0,0.0,0.0,0.0,0.0,0.0,0.0,82.39316653663256,27.70801799780601,True,False,True,False,True,20.0,0,1.0497835497835506,0.8917748917748948,False,False,False,False,0.34282803332365086,0.3387769422699554,False,False,False,False,-637.0,-613.7776675570293,False,False,False,False,4.470084501379847,False,False,False,False
2025-09-08 19:00:00+00:00,21.305,21.31,21.3,21.3,0.0,,,,,,,,,21.23927710843374,21.23927710843374,,,,,,,,,21.21326086956522,21.191845238095237,,21.21326086956522,20.975123131046615,20.893039832285115,,20.889736197475035,"rgba(38, 166, 154, 1.0)",0.0,0.0,0.08291697790696523,21.1665369039064,1.609599137143521,0.0,0.0,0.0,0.0,0.0,0.0,0.0,0.0,81.36330533576883,27.70801799780601,True,False,True,False,False,20.0,0,1.053995680345574,0.8920086393088582,False,False,False,False,0.3428280365749989,0.34080248942247715,False,False,False,False,-637.0,-614.1377037189359,False,False,False,False,4.400780865699539,False,False,False,False
2025-09-09 14:00:00+00:00,21.29,21.3,21.255,21.265,0.0,,,,,,,,,21.23927710843374,21.23927710843374,,,,,,,,,21.21326086956522,21.191845238095237,,21.21326086956522,20.975123131046615,20.893039832285115,,20.889736197475035,"rgba(38, 166, 154, 1.0)",0.0,0.0,0.08399259941659033,21.1665369039064,1.172282996091569,0.0,0.0,0.0,0.0,0.0,0.0,0.0,0.0,74.93697199281348,30.312968549515347,True,False,True,False,False,18.984559462744887,0,1.0338983050847466,0.8961864406779687,False,False,False,False,0.28401554259819123,0.3124090160103342,False,False,False,False,-637.0,-614.4921579248438,False,False,False,False,4.332551704991019,False,False,False,False
2025-09-09 15:00:00+00:00,21.265,21.28,21.25,21.265,0.0,,,,,,,,,21.23927710843374,21.23927710843374,,,,,,,,,21.21326086956522,21.191845238095237,,21.21326086956522,20.975123131046615,20.893039832285115,,20.889736197475035,"rgba(38, 166, 154, 1.0)",0.0,0.0,0.08481394581909614,21.1665369039064,1.1609304948930956,0.0,0.0,0.0,0.0,0.0,0.0,0.0,0.0,70.65274976417659,26.31756482210028,True,False,True,False,False,18.984559462744887,0,1.0314465408805042,0.9077568134171928,False,False,False,False,0.25792401392247577,0.285166514966405,False,False,False,False,-637.0,-614.8411167167067,False,False,False,False,4.265380360727592,False,False,False,False
2025-09-09 16:00:00+00:00,21.27,21.28,21.26,21.27,0.0,,,,,,,,,21.23927710843374,21.23927710843374,,,,,,,,,21.21326086956522,21.191845238095237,,21.21326086956522,20.975123131046615,20.893039832285115,,20.889736197475035,"rgba(38, 166, 154, 1.0)",0.0,0.0,0.0855932135054963,21.1665369039064,1.2087768627468893,0.0,0.0,0.0,0.0,0.0,0.0,0.0,0.0,68.27402476238272,24.13496355895083,True,False,True,False,False,19.42880512342998,0,1.0336134453781536,0.9117647058823541,False,False,False,False,0.2683175823371672,0.2767420486517861,False,False,False,False,-637.0,-615.1846652947422,False,False,False,False,4.199250432654296,False,False,False,False
2025-09-09 17:00:00+00:00,21.27,21.29,21.27,21.285,0.0,,,,,,,,,21.23927710843374,21.23927710843374,,,,,,,,,21.21326086956522,21.191845238095237,,21.21326086956522,20.975123131046615,20.893039832285115,,20.889736197475035,"rgba(38, 166, 154, 1.0)",0.0,0.0,0.08771380570760257,21.1665369039064,1.3505638609331405,0.0,0.0,0.0,0.0,0.0,0.0,0.0,0.0,68.06332860509488,23.836418658261465,True,False,True,False,False,20.0,0,1.0375782881002102,0.9060542797494806,False,False,False,False,0.289278282111385,0.2830101653815855,False,False,False,False,-637.0,-615.5228875382346,False,False,False,False,4.134145774783686,False,False,False,False
2025-09-09 18:00:00+00:00,21.285,21.285,21.27,21.285,0.0,,,,,,,,,21.23927710843374,21.23927710843374,,,,,,,,,21.21326086956522,21.191845238095237,,21.21326086956522,20.975123131046615,20.893039832285115,,20.889736197475035,"rgba(38, 166, 154, 1.0)",0.0,0.0,0.08970798471998988,21.1665369039064,1.320541270248841,0.0,0.0,0.0,0.0,0.0,0.0,0.0,0.0,67.9228645002363,23.4228541659851,True,False,True,False,False,20.0,0,1.0375782881002102,0.9123173277661822,False,False,False,False,0.28401554259819123,0.28351285398988835,False,False,False,False,-637.0,-615.8558660260139,False,False,False,False,4.070050491453706,False,False,False,False
2025-09-09 19:00:00+00:00,21.285,21.29,21.27,21.275,4.0,,,,,,,,21.278333333333332,21.240196078431374,21.240196078431374,,,,,,,,,21.214645390070924,21.193362573099417,,21.214645390070924,20.97618609406953,20.893479916238338,,20.890175042348954,"rgba(38, 166, 154, 1.0)",0.0,0.0,0.0913968182070791,21.168008018585375,1.1706313579999021,0.0,0.0,0.0,0.0,0.0,0.0,0.0,0.0,65.86541178039369,21.176362883549416,True,False,True,False,False,19.196152630110536,0,1.0311203319502087,0.9107883817427417,False,False,False,False,0.289278282111385,0.2863955680506367,False,False,False,False,-641.0,-616.2456975604944,False,False,False,False,4.0689644373226415,False,False,False,False
2025-09-10 14:00:00+00:00,21.275,21.31,21.275,21.305,0.0,,,,,,,,21.278333333333332,21.240196078431374,21.240196078431374,,,,,,,,,21.214645390070924,21.193362573099417,,21.214645390070924,20.97618609406953,20.893479916238338,,20.890175042348954,"rgba(38, 166, 154, 1.0)",0.0,0.0,0.09368449062562786,21.168008018585375,1.4622695869912696,0.0,0.0,0.0,0.0,0.0,0.0,0.0,0.0,67.39021485173288,21.176362883549416,True,False,True,False,False,20.0,0,1.0327198364008188,0.9038854805726004,False,False,False,False,0.31583394198206116,0.30111475501634893,False,False,False,False,-641.0,-616.6294851952154,False,False,False,False,4.0058797173641505,False,False,False,False
2025-09-10 15:00:00+00:00,21.3,21.315,21.29,21.31,0.0,,,,,,,,21.278333333333332,21.240196078431374,21.240196078431374,,,,,,,,,21.214645390070924,21.193362573099417,,21.214645390070924,20.97618609406953,20.893479916238338,,20.890175042348954,"rgba(38, 166, 154, 1.0)",0.0,0.0,0.09593386423107304,21.168008018585375,1.4801028036628594,0.0,0.0,0.0,0.0,0.0,0.0,0.0,0.0,68.80931074417416,21.176362883549416,True,False,True,False,True,20.0,0,1.0384615384615394,0.9028340080971683,False,False,False,False,0.3373917434502622,0.31925324923330556,False,False,False,False,-641.0,-617.0073226340493,False,False,False,False,3.943773055079435,False,False,False,False
2025-09-10 16:00:00+00:00,21.31,21.315,21.3,21.3,0.0,,,,,,,,21.278333333333332,21.240196078431374,21.240196078431374,,,,,,,,,21.214645390070924,21.193362573099417,,21.214645390070924,20.97618609406953,20.893479916238338,,20.890175042348954,"rgba(38, 166, 154, 1.0)",0.0,0.0,0.09783250072546402,21.168008018585375,1.3491629104424006,0.0,0.0,0.0,0.0,0.0,0.0,0.0,0.0,67.74482243530875,21.176362883549416,True,False,True,False,True,20.0,0,1.0557851239669442,0.9008264462809941,False,False,False,False,0.3428280381650741,0.33104064369918984,False,False,False,False,-641.0,-617.379302128095,False,False,False,False,3.88262928678363,False,False,False,False
2025-09-10 17:00:00+00:00,21.3,21.345,21.3,21.325,4.0,,,,,,,,21.300833333333333,21.242107279693492,21.242107279693492,,,,,,,,,21.216909722222226,21.19560344827586,,21.216909722222226,20.97739883551674,20.893970336565886,,20.89066365858244,"rgba(38, 166, 154, 1.0)",0.0,0.0,0.100156409212322,21.170074928702498,1.5468313262816296,0.0,0.0,0.0,0.0,0.0,0.0,0.0,0.0,69.22936233710237,21.176362883549416,True,False,True,False,True,20.0,0,1.0470347648261782,0.8936605316973453,False,False,False,False,0.342828047238511,0.3369343454688504,False,False,False,False,-637.0,-617.6834989943261,False,False,False,False,3.8844489877637285,False,False,False,False
2025-09-10 18:00:00+00:00,21.32,21.325,21.31,21.325,0.0,,,,,,,,21.300833333333333,21.242107279693492,21.242107279693492,,,,,,,,,21.216909722222226,21.19560344827586,,21.216909722222226,20.97739883551674,20.893970336565886,,20.89066365858244,"rgba(38, 166, 154, 1.0)",0.0,0.0,0.10236012209153753,21.170074928702498,1.5135295672953273,0.0,0.0,0.0,0.0,0.0,0.0,0.0,0.0,70.2190556049648,21.176362883549416,True,False,True,False,True,20.0,0,1.051229508196723,0.9016393442622985,False,False,False,False,0.3325041272353255,0.334719236352088,False,False,False,False,-637.0,-617.982979630073,False,False,False,False,3.824224972449562,False,False,False,False
2025-09-10 19:00:00+00:00,21.325,21.325,21.31,21.31,61.0,,,,,,,,21.313357487922705,21.261028368794328,21.261028368794328,,,,,,,,,21.240559947299083,21.220460750853242,,21.240559947299083,20.994474847982314,20.901170451359683,,20.897839848442842,"rgba(38, 166, 154, 1.0)",0.0,0.0,0.10414114642339178,21.194129915885124,1.1126253944218922,0.0,0.0,0.0,0.0,0.0,0.0,0.0,0.0,67.82425810490676,21.176362883549416,True,False,True,False,False,20.0,0,1.0448979591836747,0.9040816326530656,False,False,False,False,0.3325041272353255,0.33361168179370676,False,False,False,False,-698.0,-619.2235535892968,False,False,False,False,4.710671096907708,False,False,False,False
2025-09-11 14:00:00+00:00,21.36,21.39,21.36,21.37,0.0,,,,,,,,21.313357487922705,21.261028368794328,21.261028368794328,,,,,,,,,21.240559947299083,21.220460750853242,,21.240559947299083,20.994474847982314,20.901170451359683,,20.897839848442842,"rgba(38, 166, 154, 1.0)",0.0,0.0,0.10732929039445209,21.194129915885124,1.6386028778213875,0.0,0.0,0.0,0.0,0.0,0.0,0.0,0.0,70.70704290221136,21.176362883549416,True,False,True,False,True,20.0,0,1.0434782608695665,0.8893280632411104,False,False,False,False,0.34282807376725005,0.3382198777804784,False,False,False,False,-698.0,-620.4448938437263,False,False,False,False,4.637637436490534,False,False,False,False
2025-09-11 15:00:00+00:00,21.37,21.38,21.36,21.37,0.0,,,,,,,,21.313357487922705,21.261028368794328,21.261028368794328,,,,,,,,,21.240559947299083,21.220460750853242,,21.240559947299083,20.994474847982314,20.901170451359683,,20.897839848442842,"rgba(38, 166, 154, 1.0)",0.0,0.0,0.11028247923049878,21.194129915885124,1.5947237071746885,0.0,0.0,0.0,0.0,0.0,0.0,0.0,0.0,72.62889943374775,18.169733777651246,True,False,True,False,True,20.0,0,1.0432220039292743,0.8958742632613006,False,False,False,False,0.33382226647403845,0.3360210721272584,False,False,False,False,-698.0,-621.6472985903351,False,False,False,False,4.56573608088603,False,False,False,False
2025-09-11 16:00:00+00:00,21.37,21.39,21.37,21.37,0.0,,,,,,,,21.313357487922705,21.261028368794328,21.261028368794328,,,,,,,,,21.240559947299083,21.220460750853242,,21.240559947299083,20.994474847982314,20.901170451359683,,20.897839848442842,"rgba(38, 166, 154, 1.0)",0.0,0.0,0.11297384692967827,21.194129915885124,1.5567327208424506,0.0,0.0,0.0,0.0,0.0,0.0,0.0,0.0,73.91013712143868,19.459122838769474,True,False,True,False,True,20.0,0,1.046277665995978,0.8933601609657974,False,False,False,False,0.34282807594373316,0.33942457403549575,False,False,False,False,-698.0,-622.831061402888,False,False,False,False,4.49494947498082,False,False,False,False
2025-09-11 17:00:00+00:00,21.37,21.375,21.36,21.365,0.0,,,,,,,,21.313357487922705,21.261028368794328,21.261028368794328,,,,,,,,,21.240559947299083,21.220460750853242,,21.240559947299083,20.994474847982314,20.901170451359683,,20.897839848442842,"rgba(38, 166, 154, 1.0)",0.0,0.0,0.1151255875159875,21.194129915885124,1.484205968470261,0.0,0.0,0.0,0.0,0.0,0.0,0.0,0.0,73.7102498937891,19.459122838769474,True,False,True,False,True,20.0,0,1.0403225806451633,0.9052419354838741,False,False,False,False,0.3206785353649706,0.3300515547002332,False,False,False,False,-698.0,-623.9964713036185,False,False,False,False,4.425260335833831,False,False,False,False
2025-09-11 18:00:00+00:00,21.36,21.37,21.36,21.37,0.0,,,,,,,,21.313357487922705,21.261028368794328,21.261028368794328,,,,,,,,,21.240559947299083,21.220460750853242,,21.240559947299083,20.994474847982314,20.901170451359683,,20.897839848442842,"rgba(38, 166, 154, 1.0)",0.0,0.0,0.11721882209036556,21.194129915885124,1.5003570329285172,0.0,0.0,0.0,0.0,0.0,0.0,0.0,0.0,73.97244930678299,19.934485618177604,True,False,True,False,True,20.0,0,1.0381526104417695,0.9016064257028138,False,False,False,False,0.3162855279369032,0.3231685413185682,False,False,False,False,-698.0,-625.143812833795,False,False,False,False,4.356651648456562,False,False,False,False
2025-09-11 19:00:00+00:00,21.37,21.39,21.36,21.37,11.0,,,,,,,21.373333333333335,21.321604166666667,21.266050135501356,21.266050135501356,,,,,,,,,21.246092171717176,21.225992324561403,,21.246092171717176,20.99789920569707,20.902622042109186,,20.899285516860147,"rgba(38, 166, 154, 1.0)",0.0,0.0,0.11918975710269256,21.220677684386636,1.2528116445837714,0.0,0.0,0.0,0.0,0.0,0.0,0.0,0.0,74.14724891544559,20.413184208096425,True,False,True,False,True,20.0,0,1.0377733598409566,0.894632206759446,False,False,False,False,0.33393045947736544,0.3285495003979668,False,False,False,False,-698.0,-626.2733661231936,False,False,False,False,4.4596492973177,False,False,False,False
2025-09-12 14:00:00+00:00,21.325,21.345,21.32,21.34,0.0,,,,,,,21.373333333333335,21.321604166666667,21.266050135501356,21.266050135501356,,,,,,,,,21.246092171717176,21.225992324561403,,21.246092171717176,20.99789920569707,20.902622042109186,,20.899285516860147,"rgba(38, 166, 154, 1.0)",0.0,0.0,0.12036760511184535,21.220677684386636,0.9913158569740529,0.0,0.0,0.0,0.0,0.0,0.0,0.0,0.0,67.99701423432288,22.00224447348637,False,False,True,False,False,20.0,0,1.0233918128654993,0.9044834307992227,False,False,False,False,0.26017337662748874,0.2943614385127278,False,False,False,False,-698.0,-627.3854069584929,False,False,False,False,4.390507447746883,False,False,False,False
2025-09-12 15:00:00+00:00,21.335,21.34,21.31,21.315,0.0,,,,,,,21.373333333333335,21.321604166666667,21.266050135501356,21.266050135501356,,,,,,,,,21.246092171717176,21.225992324561403,,21.246092171717176,20.99789920569707,20.902622042109186,,20.899285516860147,"rgba(38, 166, 154, 1.0)",0.0,0.0,0.12099128849587802,21.220677684386636,0.7795793960536109,0.0,0.0,0.0,0.0,0.0,0.0,0.0,0.0,60.34480714092564,15.128594820223483,False,True,True,False,False,16.579939122397683,0,1.021317829457367,0.9108527131782959,False,False,False,False,0.2474604663854486,0.2709109524490882,False,False,False,False,-698.0,-628.4802068506093,False,False,False,False,4.322437564836078,False,False,False,False
2025-09-12 16:00:00+00:00,21.32,21.34,21.31,21.335,0.0,,,,,,,21.373333333333335,21.321604166666667,21.266050135501356,21.266050135501356,,,,,,,,,21.246092171717176,21.225992324561403,,21.246092171717176,20.99789920569707,20.902622042109186,,20.899285516860147,"rgba(38, 166, 154, 1.0)",0.0,0.0,0.12185639901943182,21.220677684386636,0.9381724434113138,0.0,0.0,0.0,0.0,0.0,0.0,0.0,0.0,57.93448646470952,13.26623146614304,False,True,True,False,False,18.35943047856956,0,1.0309477756286287,0.9052224371373319,False,False,False,False,0.2474604663854486,0.2591857094172684,False,False,False,False,-698.0,-629.5580331009875,False,False,False,False,4.255423028947146,False,False,False,False
2025-09-12 17:00:00+00:00,21.33,21.345,21.33,21.34,0.0,,,,,,,21.373333333333335,21.321604166666667,21.266050135501356,21.266050135501356,,,,,,,,,21.246092171717176,21.225992324561403,,21.246092171717176,20.99789920569707,20.902622042109186,,20.899285516860147,"rgba(38, 166, 154, 1.0)",0.0,0.0,0.12263866944501794,21.220677684386636,0.9729583348656488,0.0,0.0,0.0,0.0,0.0,0.0,0.0,0.0,56.947688421270165,12.515536113157118,False,True,True,False,False,18.796161246894357,0,1.0526315789473704,0.8947368421052649,False,False,False,False,0.2686943369256761,0.26394002317147225,False,False,False,False,-698.0,-630.6191488668636,False,False,False,False,4.189447478110757,False,False,False,False
2025-09-12 18:00:00+00:00,21.34,21.355,21.335,21.35,0.0,,,,,,,21.373333333333335,21.321604166666667,21.266050135501356,21.266050135501356,,,,,,,,,21.246092171717176,21.225992324561403,,21.246092171717176,20.99789920569707,20.902622042109186,,20.899285516860147,"rgba(38, 166, 154, 1.0)",0.0,0.0,0.12348366781164825,21.220677684386636,1.0472827532999949,0.0,0.0,0.0,0.0,0.0,0.0,0.0,0.0,57.51984822054869,12.515536113157118,False,True,True,False,False,19.66687478683353,0,1.0502901353965206,0.8839458413926512,False,False,False,False,0.2815480216670093,0.2727440224192408,False,False,False,False,-698.0,-631.663813225517,False,False,False,False,4.12449480403152,False,False,False,False
2025-09-12 19:00:00+00:00,21.35,21.36,21.34,21.355,37.0,,,,,,,21.356631944444445,21.331111111111113,21.27724381625442,21.27724381625442,,,,,,,,21.35166666666667,21.259069767441865,21.23962854349951,,21.259069767441865,21.008337320574164,20.90721807284463,,20.903865025079803,"rgba(38, 166, 154, 1.0)",0.0,0.0,0.12448079558096448,21.239681942682818,0.9263923545714928,0.0,0.0,0.0,0.0,0.0,0.0,0.0,0.0,58.508482514005394,12.515536113157118,False,True,True,False,False,20.0,0,1.052023121387285,0.8863198458574191,False,False,False,False,0.29016753989165284,0.2814557811554468,False,False,False,False,-661.0,-632.1186378266716,False,False,False,False,4.634192559007776,False,False,False,False
2025-09-15 14:00:00+00:00,21.385,21.39,21.37,21.385,0.0,,,,,,,21.356631944444445,21.331111111111113,21.27724381625442,21.27724381625442,,,,,,,,21.35166666666667,21.259069767441865,21.23962854349951,,21.259069767441865,21.008337320574164,20.90721807284463,,20.903865025079803,"rgba(38, 166, 154, 1.0)",0.0,0.0,0.12615673791963725,21.239681942682818,1.1518850258299493,0.0,0.0,0.0,0.0,0.0,0.0,0.0,0.0,62.187281650063966,12.515536113157118,False,True,True,False,True,20.0,0,1.0571428571428592,0.8761904761904782,False,False,False,False,0.34282807594373316,0.31214192854959,False,False,False,False,-661.0,-632.5664108836224,False,False,False,False,4.562344612356492,False,False,False,False
2025-09-15 15:00:00+00:00,21.38,21.4,21.38,21.395,8.0,,,,,,21.391666666666666,21.3616369047619,21.33498666666667,21.280389461626577,21.280389461626577,,,,,,,,21.35877777777778,21.262502696871632,21.243113658070676,,21.262502696871632,21.01076730058109,20.90828779096513,,20.90493038493039,"rgba(38, 166, 154, 1.0)",0.0,0.0,0.1279036799758044,21.243433696773728,1.185003459282355,0.0,0.0,0.0,0.0,0.0,0.0,0.0,0.0,65.44349569397315,9.807743051871398,False,True,True,False,True,20.0,0,1.0647619047619066,0.8742857142857167,False,False,False,False,0.34282808014306515,0.32748500434632755,False,False,False,False,-653.0,-632.8832107148841,False,False,False,False,4.615641595110655,False,False,False,False
2025-09-15 16:00:00+00:00,21.4,21.4,21.39,21.4,0.0,,,,,,21.391666666666666,21.3616369047619,21.33498666666667,21.280389461626577,21.280389461626577,,,,,,,,21.35877777777778,21.262502696871632,21.243113658070676,,21.262502696871632,21.01076730058109,20.90828779096513,,20.90493038493039,"rgba(38, 166, 154, 1.0)",0.0,0.0,0.12961022649009055,21.243433696773728,1.2079780081106557,0.0,0.0,0.0,0.0,0.0,0.0,0.0,0.0,68.01283931888685,12.250521463268434,False,True,True,False,True,20.0,0,1.072796934865902,0.8716475095785468,False,False,False,False,0.3428280821694869,0.3351565432579072,False,False,False,False,-653.0,-633.1950989208548,False,False,False,False,4.544081260302738,False,False,False,False
2025-09-15 17:00:00+00:00,21.4,21.4,21.39,21.395,0.0,,,,,,21.391666666666666,21.3616369047619,21.33498666666667,21.280389461626577,21.280389461626577,,,,,,,,21.35877777777778,21.262502696871632,21.243113658070676,,21.262502696871632,21.01076730058109,20.90828779096513,,20.90493038493039,"rgba(38, 166, 154, 1.0)",0.0,0.0,0.131299533767525,21.243433696773728,1.1543552279068274,0.0,0.0,0.0,0.0,0.0,0.0,0.0,0.0,68.60975905630578,12.93724020451954,False,True,True,False,True,20.0,0,1.0729366602687158,0.867562380038391,False,False,False,False,0.3428280821694869,0.33899231271369706,False,False,False,False,-653.0,-633.502151650764,False,False,False,False,4.473630388049982,False,False,False,False
2025-09-15 18:00:00+00:00,21.395,21.4,21.39,21.39,0.0,,,,,,21.391666666666666,21.3616369047619,21.33498666666667,21.280389461626577,21.280389461626577,,,,,,,,21.35877777777778,21.262502696871632,21.243113658070676,,21.262502696871632,21.01076730058109,20.90828779096513,,20.90493038493039,"rgba(38, 166, 154, 1.0)",0.0,0.0,0.13284933551187952,21.243433696773728,1.103252061152887,0.0,0.0,0.0,0.0,0.0,0.0,0.0,0.0,67.86835460002152,12.93724020451954,False,True,True,False,True,20.0,0,1.0788461538461558,0.8615384615384646,False,False,False,False,0.3428280821694869,0.340910197441592,False,False,False,False,-653.0,-633.8044438732327,False,False,False,False,4.404271777382541,False,False,False,False
2025-09-15 19:00:00+00:00,21.39,21.39,21.385,21.39,0.0,,,,,,21.391666666666666,21.3616369047619,21.33498666666667,21.280389461626577,21.280389461626577,,,,,,,,21.35877777777778,21.262502696871632,21.243113658070676,,21.262502696871632,21.01076730058109,20.90828779096513,,20.90493038493039,"rgba(38, 166, 154, 1.0)",0.0,0.0,0.13425594086542222,21.243433696773728,1.0916932411444658,0.0,0.0,0.0,0.0,0.0,0.0,0.0,0.0,67.37408496249867,12.93724020451954,False,True,True,False,True,20.0,0,1.0751445086705231,0.8651252408477863,False,False,False,False,0.3299637689121288,0.33543698317686044,False,False,False,False,-653.0,-634.1020493945779,False,False,False,False,4.335988494012269,False,False,False,False
2025-09-16 14:00:00+00:00,21.395,21.41,21.385,21.39,0.0,,,,,,21.391666666666666,21.3616369047619,21.33498666666667,21.280389461626577,21.280389461626577,,,,,,,,21.35877777777778,21.262502696871632,21.243113658070676,,21.262502696871632,21.01076730058109,20.90828779096513,,20.90493038493039,"rgba(38, 166, 154, 1.0)",0.0,0.0,0.13555813885197446,21.243433696773728,1.0812062224188446,0.0,0.0,0.0,0.0,0.0,0.0,0.0,0.0,67.04457187081678,12.93724020451954,False,True,True,False,True,20.0,0,1.0747126436781638,0.8582375478927224,False,False,False,False,0.34282808316512775,0.3391325331709941,False,False,False,False,-653.0,-634.3950408768325,False,False,False,False,4.268763866198125,False,False,False,False
2025-09-16 15:00:00+00:00,21.395,21.4,21.38,21.39,0.0,,,,,,21.391666666666666,21.3616369047619,21.33498666666667,21.280389461626577,21.280389461626577,,,,,,,,21.35877777777778,21.262502696871632,21.243113658070676,,21.262502696871632,21.01076730058109,20.90828779096513,,20.90493038493039,"rgba(38, 166, 154, 1.0)",0.0,0.0,0.13675891195824233,21.243433696773728,1.0717129957207085,0.0,0.0,0.0,0.0,0.0,0.0,0.0,0.0,66.82489647636218,12.93724020451954,False,True,True,False,True,20.0,0,1.0725190839694676,0.8625954198473309,False,False,False,False,0.3300378243326755,0.3345851787518348,False,False,False,False,-653.0,-634.6834898554862,False,False,False,False,4.202581480675673,False,False,False,False
2025-09-16 16:00:00+00:00,21.395,21.405,21.385,21.395,100.0,,,,,,21.39475308641975,21.383023504273503,21.36165925925926,21.309701619778348,21.309701619778348,,,,,,,,21.383758620689655,21.294898125509377,21.276941351150704,,21.294898125509377,21.038978218306415,20.92136090966067,,20.91795376029764,"rgba(38, 166, 154, 1.0)",0.0,0.0,0.13794606597188447,21.275653623411177,0.8651669458493086,0.0,0.0,0.0,0.0,0.0,0.0,0.0,0.0,67.4933790235225,13.475209533275397,False,True,True,False,True,20.0,0,1.0803059273422595,0.8604206500956038,False,False,False,False,0.33855284079176035,0.3365690097717976,False,False,False,False,-553.0,-633.4170791600523,False,False,False,False,5.6878127755489185,False,False,False,False
2025-09-16 17:00:00+00:00,21.395,21.41,21.395,21.405,0.0,,,,,,21.39475308641975,21.383023504273503,21.36165925925926,21.309701619778348,21.309701619778348,,,,,,,,21.383758620689655,21.294898125509377,21.276941351150704,,21.294898125509377,21.038978218306415,20.92136090966067,,20.91795376029764,"rgba(38, 166, 154, 1.0)",0.0,0.0,0.13900547659184156,21.275653623411177,0.9305128097119565,0.0,0.0,0.0,0.0,0.0,0.0,0.0,0.0,69.40016860456558,15.587434389047033,False,False,True,False,True,20.0,0,1.0879541108986635,0.8508604206500976,False,False,False,False,0.342828085122273,0.3396985474470353,False,False,False,False,-553.0,-632.1703027389661,False,True,False,False,5.5996296317419585,False,False,False,False
2025-09-16 18:00:00+00:00,21.405,21.41,21.405,21.405,0.0,,,,,,21.39475308641975,21.383023504273503,21.36165925925926,21.309701619778348,21.309701619778348,,,,,,,,21.383758620689655,21.294898125509377,21.276941351150704,,21.294898125509377,21.038978218306415,20.92136090966067,,20.91795376029764,"rgba(38, 166, 154, 1.0)",0.0,0.0,0.1398873420594982,21.275653623411177,0.9246467527691623,0.0,0.0,0.0,0.0,0.0,0.0,0.0,0.0,70.67136165859431,17.01549608211991,False,False,True,False,True,20.0,0,1.0900383141762482,0.85057471264368,False,False,False,False,0.34282808703518924,0.34126331724111225,False,False,False,False,-553.0,-630.9428561848736,False,True,False,False,5.512813668459137,False,False,False,False
2025-09-16 19:00:00+00:00,21.405,21.405,21.405,21.405,0.0,,,,,,21.39475308641975,21.383023504273503,21.36165925925926,21.309701619778348,21.309701619778348,,,,,,,,21.383758620689655,21.294898125509377,21.276941351150704,,21.294898125509377,21.038978218306415,20.92136090966067,,20.91795376029764,"rgba(38, 166, 154, 1.0)",0.0,0.0,0.14076425887482677,21.275653623411177,0.9188864959239694,0.0,0.0,0.0,0.0,0.0,0.0,0.0,0.0,71.51882369461346,18.024842466584374,True,False,True,False,True,20.0,0,1.0881226053639879,0.8505747126436787,False,False,False,False,0.3386493281812167,0.3399563227111645,False,False,False,False,-553.0,-629.7344398099142,False,True,False,False,5.427343689103181,False,False,False,False
2025-09-17 14:00:00+00:00,21.415,21.415,21.405,21.405,0.0,,,,,,21.39475308641975,21.383023504273503,21.36165925925926,21.309701619778348,21.309701619778348,,,,,,,,21.383758620689655,21.294898125509377,21.276941351150704,,21.294898125509377,21.038978218306415,20.92136090966067,,20.91795376029764,"rgba(38, 166, 154, 1.0)",1.0,21.3375,0.14152871927061705,21.275653623411177,0.9139231758432074,0.0,0.0,0.0,0.0,0.0,0.0,0.0,0.0,72.0837983852929,18.776684920322026,True,False,True,False,True,20.0,0,1.0898661567877659,0.8470363288718941,False,False,False,False,0.3428280879755271,0.3413922053433458,False,False,False,False,-553.0,-628.5447585725511,False,True,False,False,5.343198825706232,False,False,False,False
2025-09-17 15:00:00+00:00,21.405,21.405,21.405,21.405,0.0,,,,,,21.39475308641975,21.383023504273503,21.36165925925926,21.309701619778348,21.309701619778348,,,,,,,,21.383758620689655,21.294898125509377,21.276941351150704,,21.294898125509377,21.038978218306415,20.92136090966067,,20.91795376029764,"rgba(38, 166, 154, 1.0)",0.0,0.0,0.14206051242055984,21.275653623411177,0.9105019712015646,0.0,0.0,0.0,0.0,0.0,0.0,0.0,0.0,72.46044817907918,19.367549641685784,True,False,True,False,True,20.0,0,1.0900383141762482,0.8505747126436787,False,False,False,False,0.3345286962807015,0.33796045081202364,False,False,False,False,-553.0,-627.3735220055348,False,True,False,False,5.260358533834818,False,False,False,False
2025-09-17 16:00:00+00:00,21.405,21.41,21.38,21.385,413.0,,,,,,21.392306461932183,21.389297012302286,21.38108411703239,21.351805555555558,21.351805555555558,,,,,,,,21.389611708482676,21.343517842660177,21.33190835266821,,21.343517842660177,21.12104037558686,20.96832325918762,,20.964803240740743,"rgba(38, 166, 154, 1.0)",0.0,0.0,0.1421201433124034,21.33265824460769,0.3682923065821618,0.0,0.0,0.0,0.0,0.0,0.0,0.0,0.0,64.50281918086193,18.13066712293174,False,True,True,False,False,20.0,0,1.0783938814531573,0.8527724665391984,False,False,False,False,0.3180610546547817,0.32801075273340263,False,False,False,False,-966.0,-632.6235449201777,False,False,False,False,11.581903362767612,False,False,False,False
2025-09-17 17:00:00+00:00,21.385,21.4,21.38,21.39,0.0,,,,,,21.392306461932183,21.389297012302286,21.38108411703239,21.351805555555558,21.351805555555558,,,,,,,,21.389611708482676,21.343517842660177,21.33190835266821,,21.343517842660177,21.12104037558686,20.96832325918762,,20.964803240740743,"rgba(38, 166, 154, 1.0)",0.0,0.0,0.14214403936827938,21.33265824460769,0.4034059792246747,0.0,0.0,0.0,0.0,0.0,0.0,0.0,0.0,60.67884570316208,14.886344694311987,False,True,True,False,False,20.0,0,1.0780952380952407,0.8571428571428591,False,False,False,False,0.30988990579523196,0.3189503292643173,False,False,False,False,-966.0,-637.7921721307175,False,False,False,False,11.402338969546408,False,False,False,False
2025-09-17 18:00:00+00:00,21.39,21.39,21.39,21.39,0.0,,,,,,21.392306461932183,21.389297012302286,21.38108411703239,21.351805555555558,21.351805555555558,,,,,,,,21.389611708482676,21.343517842660177,21.33190835266821,,21.343517842660177,21.12104037558686,20.96832325918762,,20.964803240740743,"rgba(38, 166, 154, 1.0)",0.0,0.0,0.1420613051271089,21.33265824460769,0.4036409164410048,0.0,0.0,0.0,0.0,0.0,0.0,0.0,0.0,58.12953005136218,12.794637319457337,False,True,True,False,False,20.0,0,1.0844529750479874,0.8618042226487532,False,False,False,False,0.30988990579523196,0.3144201175297746,False,False,False,False,-966.0,-642.8806655860552,False,False,False,False,11.225558520406153,False,False,False,False
2025-09-17 19:00:00+00:00,21.39,21.395,21.36,21.38,0.0,,,,,,21.392306461932183,21.389297012302286,21.38108411703239,21.351805555555558,21.351805555555558,,,,,,,,21.389611708482676,21.343517842660177,21.33190835266821,,21.343517842660177,21.12104037558686,20.96832325918762,,20.964803240740743,"rgba(38, 166, 154, 1.0)",0.0,0.0,0.14174666527689583,21.33265824460769,0.33398849489566385,0.0,0.0,0.0,0.0,0.0,0.0,0.0,0.0,53.25702913669586,8.515651502778809,False,True,False,False,False,18.707867242038343,0,1.0664136622390912,0.8614800759013296,False,False,False,False,0.28963367826214387,0.30202689789595927,False,False,False,False,-966.0,-647.8902676699923,False,False,False,False,11.051518853423111,False,False,False,False
2025-09-18 14:00:00+00:00,21.305,21.325,21.305,21.315,0.0,,,,,,21.392306461932183,21.389297012302286,21.38108411703239,21.351805555555558,21.351805555555558,,,,,,,,21.389611708482676,21.343517842660177,21.33190835266821,,21.343517842660177,21.12104037558686,20.96832325918762,,20.964803240740743,"rgba(239, 83, 80, 1.0)",0.0,0.0,0.14076761887069708,21.33265824460769,-0.1254425183103219,0.0,0.0,0.0,0.0,0.0,0.0,0.0,0.0,41.77650116798359,-1.647318900993369,False,True,False,True,False,8.273498447817971,0,1.050000000000002,0.8722222222222235,False,False,False,False,0.19140467203273268,0.24671578496434599,False,False,False,False,-966.0,-652.8222015045661,False,False,False,False,10.88017747585066,False,False,False,False
2025-09-18 15:00:00+00:00,21.32,21.325,21.305,21.31,0.0,,,,,,21.392306461932183,21.389297012302286,21.38108411703239,21.351805555555558,21.351805555555558,,,,,,,,21.389611708482676,21.343517842660177,21.33190835266821,,21.343517842660177,21.12104037558686,20.96832325918762,,20.964803240740743,"rgba(239, 83, 80, 1.0)",0.0,0.0,0.13969642117854517,21.33265824460769,-0.1621963140969161,0.0,0.0,0.0,0.0,0.0,0.0,0.0,0.0,33.82918222379182,-8.219716306445221,False,True,False,True,False,7.551978755827797,0,1.050000000000002,0.8759259259259278,False,False,False,False,0.19140467203273268,0.21906022849853934,False,False,False,False,-966.0,-657.6776712486813,False,False,False,False,10.711492553744447,False,False,False,False
2025-09-18 16:00:00+00:00,21.315,21.345,21.31,21.34,0.0,,,,,,21.392306461932183,21.389297012302286,21.38108411703239,21.351805555555558,21.351805555555558,,,,,,,,21.389611708482676,21.343517842660177,21.33190835266821,,21.343517842660177,21.12104037558686,20.96832325918762,,20.964803240740743,"rgba(239, 83, 80, 1.0)",0.0,0.0,0.13874284333463857,21.33265824460769,0.05291628177608351,0.0,0.0,0.0,0.0,0.0,0.0,0.0,0.0,35.09986798365176,-8.219716306445221,False,True,False,True,False,10.949699817418857,0,1.0476190476190501,0.8681318681318703,False,False,False,False,0.21070408684704292,0.21488215767279112,False,False,False,False,-966.0,-662.4578623921126,False,False,False,False,10.54542290174841,False,False,False,False
2025-09-18 17:00:00+00:00,21.34,21.345,21.33,21.345,0.0,,,,,,21.392306461932183,21.389297012302286,21.38108411703239,21.351805555555558,21.351805555555558,,,,,,,,21.389611708482676,21.343517842660177,21.33190835266821,,21.343517842660177,21.12104037558686,20.96832325918762,,20.964803240740743,"rgba(239, 83, 80, 1.0)",0.0,0.0,0.1349058063115899,21.33265824460769,0.09148424170716703,0.0,0.0,0.0,0.0,0.0,0.0,0.0,0.0,36.842571404832306,-8.219716306445221,False,True,False,True,True,11.493773216770748,0,1.0531135531135545,0.8736263736263749,False,False,False,False,0.2262551052834906,0.22056863147814088,False,False,False,False,-966.0,-667.163942044948,False,False,False,False,10.381927973039131,False,False,False,False
2025-09-18 18:00:00+00:00,21.34,21.345,21.32,21.335,0.0,,,,,,21.392306461932183,21.389297012302286,21.38108411703239,21.351805555555558,21.351805555555558,,,,,,,,21.389611708482676,21.343517842660177,21.33190835266821,,21.343517842660177,21.12104037558686,20.96832325918762,,20.964803240740743,"rgba(239, 83, 80, 1.0)",0.0,0.0,0.1305428720438048,21.33265824460769,0.01793859255314946,0.0,0.0,0.0,0.0,0.0,0.0,0.0,0.0,36.81638543815702,-8.219716306445221,False,True,False,True,True,10.0198976434197,0,1.0511882998171878,0.873857404021939,False,False,False,False,0.2184665938635793,0.2195176126708601,False,False,False,False,-966.0,-671.7970592225457,False,False,False,False,10.22096784942612,False,False,False,False
2025-09-18 19:00:00+00:00,21.335,21.34,21.32,21.325,0.0,,,,,,21.392306461932183,21.389297012302286,21.38108411703239,21.351805555555558,21.351805555555558,,,,,,,,21.389611708482676,21.343517842660177,21.33190835266821,,21.343517842660177,21.12104037558686,20.96832325918762,,20.964803240740743,"rgba(239, 83, 80, 1.0)",0.0,0.0,0.125615170943541,21.33265824460769,-0.06096592115558955,0.0,0.0,0.0,0.0,0.0,0.0,0.0,0.0,35.690731092188074,-8.219716306445221,False,True,False,True,True,8.566836582669712,0,1.0511882998171878,0.8756855575868381,False,False,False,False,0.2145821565650643,0.2170498846179622,False,False,False,False,-966.0,-676.3583451260721,False,False,False,False,10.062503231605561,False,False,False,False
2025-09-19 14:00:00+00:00,21.325,21.33,21.305,21.31,0.0,,,,,,21.392306461932183,21.389297012302286,21.38108411703239,21.351805555555558,21.351805555555558,,,,,,,,21.389611708482676,21.343517842660177,21.33190835266821,,21.343517842660177,21.12104037558686,20.96832325918762,,20.964803240740743,"rgba(239, 83, 80, 1.0)",0.0,0.0,0.1202320204385781,21.33265824460769,-0.18845432793226338,0.0,0.0,0.0,0.0,0.0,0.0,0.0,0.0,33.46452921864994,-8.49760507028143,False,True,False,True,True,6.436503130207406,0,1.0511882998171864,0.8775137111517385,False,False,False,False,0.1952528609936857,0.20615137280582396,False,False,False,False,-966.0,-680.8489134186912,False,False,False,False,9.906495429565163,False,False,False,False
2025-09-19 15:00:00+00:00,21.31,21.32,21.29,21.305,2500.0,,,,,,21.320056824451065,21.32062886933855,21.320468982366688,21.316389729620663,21.316389729620663,,,,,,,21.305,21.320439284935688,21.314530905077266,21.3118991671624,,21.314530905077266,21.228619103313843,21.09516048824593,,21.092198671859396,"rgba(239, 83, 80, 1.0)",0.0,0.0,0.11476937313156772,21.31051164287426,-0.04802363839647706,0.0,0.0,0.0,0.0,0.0,0.0,0.0,0.0,31.522963928364,-10.782880606903959,False,True,False,True,False,5.736442102206404,0,1.0436363636363655,0.881818181818183,False,False,False,False,0.17606659216453838,0.19110898248518116,False,False,False,False,-3466.0,-724.0295504199516,False,False,False,False,48.512596275618414,False,False,False,False
2025-09-19 16:00:00+00:00,21.29,21.31,21.29,21.31,300.0,,,,,,21.318546120646392,21.319088750371034,21.318973725033935,21.31530290418054,21.31530290418054,,,,,,,21.30482142857143,21.318911058169547,21.313603441928954,21.311197433096666,,21.313603441928954,21.233518397085614,21.104164504036905,,21.1012784308104,"rgba(239, 83, 80, 1.0)",0.0,0.0,0.108666155418039,21.309893535334837,0.0009797407919006154,0.0,0.0,0.0,0.0,0.0,0.0,0.0,0.0,31.447244237397037,-11.378769105018932,False,True,False,True,False,6.338727806320051,0,1.060661764705885,0.880514705882354,False,False,False,False,0.16842862601909303,0.1797688042521371,False,False,False,False,-3166.0,-761.8895573901849,False,False,False,False,52.411625790725104,False,False,False,False
2025-09-19 17:00:00+00:00,21.31,21.31,21.295,21.3,0.0,,,,,,21.318546120646392,21.319088750371034,21.318973725033935,21.31530290418054,21.31530290418054,,,,,,,21.30482142857143,21.318911058169547,21.313603441928954,21.311197433096666,,21.313603441928954,21.233518397085614,21.104164504036905,,21.1012784308104,"rgba(239, 83, 80, 1.0)",0.0,0.0,0.10429847156682259,21.309893535334837,-0.09485791293209214,0.0,0.0,0.0,0.0,0.0,0.0,0.0,0.0,30.33191051158197,-13.00243696113057,False,True,False,True,False,4.920455480541637,0,1.068265682656829,0.8653136531365326,False,False,False,False,0.17224512150141963,0.17600696287677836,False,False,False,False,-3166.0,-799.1625875081664,False,False,False,False,51.59904244513247,False,False,False,False
2025-09-19 18:00:00+00:00,21.3,21.305,21.295,21.305,0.0,,,,,,21.318546120646392,21.319088750371034,21.318973725033935,21.31530290418054,21.31530290418054,,,,,,,21.30482142857143,21.318911058169547,21.313603441928954,21.311197433096666,,21.313603441928954,21.233518397085614,21.104164504036905,,21.1012784308104,"rgba(239, 83, 80, 1.0)",0.0,0.0,0.09979090752783736,21.309893535334837,-0.04903788788043495,0.0,0.0,0.0,0.0,0.0,0.0,0.0,0.0,30.889725750505583,-13.00243696113057,False,True,False,True,False,5.538402087087711,0,1.070370370370374,0.8629629629629632,False,False,False,False,0.16842862601909833,0.17221779444793833,False,False,False,False,-3166.0,-835.8577411902103,False,False,False,False,50.79905729094437,False,False,False,False
2025-09-19 19:00:00+00:00,21.305,21.325,21.305,21.315,0.0,,,,,,21.318546120646392,21.319088750371034,21.318973725033935,21.31530290418054,21.31530290418054,,,,,,,21.30482142857143,21.318911058169547,21.313603441928954,21.311197433096666,,21.313603441928954,21.233518397085614,21.104164504036905,,21.1012784308104,"rgba(239, 83, 80, 1.0)",0.0,0.0,0.09531517183526543,21.309893535334837,0.05357452089568908,0.0,0.0,0.0,0.0,0.0,0.0,0.0,0.0,33.72921111294485,-13.00243696113057,False,True,False,True,True,6.766300726751222,0,1.0703703703703726,0.8592592592592602,False,False,False,False,0.19140467203273268,0.1818112332403355,False,False,False,False,-3166.0,-871.9839777609046,False,False,False,False,50.011475007363835,False,False,False,False
2025-09-22 14:00:00+00:00,21.3,21.31,21.29,21.3,0.0,,,,,,21.318546120646392,21.319088750371034,21.318973725033935,21.31530290418054,21.31530290418054,,,,,,,21.30482142857143,21.318911058169547,21.313603441928954,21.311197433096666,,21.313603441928954,21.233518397085614,21.104164504036905,,21.1012784308104,"rgba(239, 83, 80, 1.0)",0.0,0.0,0.09046790282440331,21.309893535334837,-0.10935961844986207,0.0,0.0,0.0,0.0,0.0,0.0,0.0,0.0,33.583370587908064,-13.00243696113057,False,True,False,True,True,4.61221666118545,0,1.0571955719557202,0.8671586715867168,False,False,False,False,0.16842862601909303,0.17511992962971426,False,False,False,False,-3166.0,-907.5501176405804,False,False,False,False,49.236103301823306,False,False,False,False
2025-09-22 15:00:00+00:00,21.305,21.315,21.28,21.29,0.0,,,,,,21.318546120646392,21.319088750371034,21.318973725033935,21.31530290418054,21.31530290418054,,,,,,,21.30482142857143,21.318911058169547,21.313603441928954,21.311197433096666,,21.313603441928954,21.233518397085614,21.104164504036905,,21.1012784308104,"rgba(239, 83, 80, 1.0)",0.0,0.0,0.08522931441728435,21.309893535334837,-0.2334118896866679,0.0,0.0,0.0,0.0,0.0,0.0,0.0,0.0,32.32904724106139,-13.00243696113057,False,True,False,True,True,3.2105767604809436,1,1.0549450549450574,0.8644688644688634,False,False,False,False,0.16461698504228048,0.16986845733599737,False,False,False,False,-3166.0,-942.5648444988659,False,False,False,False,48.472752863035346,False,False,False,False
2025-09-22 16:00:00+00:00,21.29,21.31,21.29,21.305,0.0,,,,,,21.318546120646392,21.319088750371034,21.318973725033935,21.31530290418054,21.31530290418054,,,,,,,21.30482142857143,21.318911058169547,21.313603441928954,21.311197433096666,,21.313603441928954,21.233518397085614,21.104164504036905,,21.1012784308104,"rgba(239, 83, 80, 1.0)",0.0,0.0,0.07947530638084159,21.309893535334837,-0.06157302887751537,0.0,0.0,0.0,0.0,0.0,0.0,0.0,0.0,34.99307372099819,-13.00243696113057,False,True,False,True,True,5.094373544811681,0,1.058712121212122,0.8996212121212127,False,False,False,False,0.16842862601909303,0.1691485416775452,False,False,False,False,-3166.0,-977.0367073748524,False,False,False,False,47.72123731477123,False,False,False,False
2025-09-22 17:00:00+00:00,21.3,21.31,21.29,21.29,0.0,,,,,,21.318546120646392,21.319088750371034,21.318973725033935,21.31530290418054,21.31530290418054,,,,,,,21.30482142857143,21.318911058169547,21.313603441928954,21.311197433096666,,21.313603441928954,21.233518397085614,21.104164504036905,,21.1012784308104,"rgba(239, 83, 80, 1.0)",0.0,0.0,0.07455078684912829,21.309893535334837,-0.2668454107009887,0.0,0.0,0.0,0.0,0.0,0.0,0.0,0.0,34.83263853404551,-13.00243696113057,False,True,False,True,True,3.0056846189970194,0,1.024714828897339,0.903041825095057,False,False,False,False,0.16842862601909303,0.16878858384831913,False,False,False,False,-3166.0,-1010.9741227643896,False,False,False,False,46.98137317035617,False,False,False,False
2025-09-22 18:00:00+00:00,21.295,21.305,21.29,21.29,0.0,,,,,,21.318546120646392,21.319088750371034,21.318973725033935,21.31530290418054,21.31530290418054,,,,,,,21.30482142857143,21.318911058169547,21.313603441928954,21.311197433096666,,21.313603441928954,21.233518397085614,21.104164504036905,,21.1012784308104,"rgba(239, 83, 80, 1.0)",0.0,0.0,0.07005834119628823,21.309893535334837,-0.2839566994471101,0.0,0.0,0.0,0.0,0.0,0.0,0.0,0.0,34.72568174274372,-13.00243696113057,False,True,False,True,True,3.0056846189970194,0,1.0228571428571438,0.9028571428571428,False,False,False,False,0.16461698504228048,0.1667027844452998,False,False,False,False,-3166.0,-1044.3853766750192,False,False,False,False,46.252979787870025,False,False,False,False
2025-09-22 19:00:00+00:00,21.295,21.3,21.29,21.295,0.0,,,,,,21.318546120646392,21.319088750371034,21.318973725033935,21.31530290418054,21.31530290418054,,,,,,,21.30482142857143,21.318911058169547,21.313603441928954,21.311197433096666,,21.313603441928954,21.233518397085614,21.104164504036905,,21.1012784308104,"rgba(239, 83, 80, 1.0)",0.0,0.0,0.06557830062999424,21.309893535334837,-0.22711072400102628,0.0,0.0,0.0,0.0,0.0,0.0,0.0,0.0,35.90519754484626,-13.00243696113057,False,True,False,True,True,3.651462881500347,0,1.0228571428571438,0.9009523809523813,False,False,False,False,0.16081007876673803,0.1637564316060189,False,False,False,False,-3166.0,-1077.2786266490498,False,False,False,False,45.53587932604258,False,False,False,False
2025-09-23 14:00:00+00:00,21.29,21.3,21.28,21.29,0.0,,,,,,21.318546120646392,21.319088750371034,21.318973725033935,21.31530290418054,21.31530290418054,,,,,,,21.30482142857143,21.318911058169547,21.313603441928954,21.311197433096666,,21.313603441928954,21.233518397085614,21.104164504036905,,21.1012784308104,"rgba(239, 83, 80, 1.0)",0.0,0.0,0.06069470196690374,21.309893535334837,-0.32776395122073865,0.0,0.0,0.0,0.0,0.0,0.0,0.0,0.0,35.91913317973649,-13.00243696113057,False,True,False,True,True,2.9381025284419273,1,1.0189753320683128,0.901328273244782,False,False,False,False,0.15320999531039944,0.15848321345820918,False,False,False,False,-3166.0,-1109.661903755266,False,False,False,False,44.82989670083262,False,False,False,False
2025-09-23 15:00:00+00:00,21.29,21.3,21.285,21.3,0.0,,,,,,21.318546120646392,21.319088750371034,21.318973725033935,21.31530290418054,21.31530290418054,,,,,,,21.30482142857143,21.318911058169547,21.313603441928954,21.311197433096666,,21.313603441928954,21.233518397085614,21.104164504036905,,21.1012784308104,"rgba(239, 83, 80, 1.0)",0.0,0.0,0.05519825039665023,21.309893535334837,-0.17923639361287338,0.0,0.0,0.0,0.0,0.0,0.0,0.0,0.0,38.48877427784353,-15.044172585502743,False,True,False,True,True,4.247726108220473,1,1.0208728652751438,0.9032258064516128,False,False,False,False,0.1570077882346529,0.15774550084643102,False,False,False,False,-3166.0,-1141.543114549758,False,False,False,False,44.134859542680175,False,False,False,False
2025-09-23 16:00:00+00:00,21.295,21.31,21.295,21.295,0.0,,,,,,21.318546120646392,21.319088750371034,21.318973725033935,21.31530290418054,21.31530290418054,,,,,,,21.30482142857143,21.318911058169547,21.313603441928954,21.311197433096666,,21.313603441928954,21.233518397085614,21.104164504036905,,21.1012784308104,"rgba(239, 83, 80, 1.0)",0.0,0.0,0.04987145638706212,21.309893535334837,-0.29863846804960564,0.0,0.0,0.0,0.0,0.0,0.0,0.0,0.0,39.28290226839989,-14.12163121608868,False,True,False,True,True,3.519672762204756,1,1.0342857142857158,0.8952380952380952,False,False,False,False,0.17224512150141963,0.16499531117392532,False,False,False,False,-3166.0,-1172.9300430063508,False,False,False,False,43.45059815442157,False,False,False,False
2025-09-23 17:00:00+00:00,21.295,21.295,21.295,21.295,0.0,,,,,,21.318546120646392,21.319088750371034,21.318973725033935,21.31530290418054,21.31530290418054,,,,,,,21.30482142857143,21.318911058169547,21.313603441928954,21.311197433096666,,21.313603441928954,21.233518397085614,21.104164504036905,,21.1012784308104,"rgba(239, 83, 80, 1.0)",0.0,0.0,0.04884642231502175,21.309893535334837,-0.30490534677817616,0.0,0.0,0.0,0.0,0.0,0.0,0.0,0.0,39.81232092877079,-13.426788519906388,False,True,False,True,True,3.519672762204756,1,1.0306513409961708,0.9022988505747112,False,False,False,False,0.16081007876673803,0.16290269497033166,False,False,False,False,-3166.0,-1203.8303524171051,False,False,False,False,42.77694546985689,False,False,False,False
2025-09-23 18:00:00+00:00,21.295,21.295,21.295,21.295,0.0,,,,,,21.318546120646392,21.319088750371034,21.318973725033935,21.31530290418054,21.31530290418054,,,,,,,21.30482142857143,21.318911058169547,21.313603441928954,21.311197433096666,,21.313603441928954,21.233518397085614,21.104164504036905,,21.1012784308104,"rgba(239, 83, 80, 1.0)",0.0,0.0,0.0480355536495511,21.309893535334837,-0.3100523300614467,0.0,0.0,0.0,0.0,0.0,0.0,0.0,0.0,40.16526670235139,-12.873701562817473,False,True,False,True,True,3.519672762204735,1,1.0269749518304447,0.905587668593448,False,False,False,False,0.16081007876673803,0.16185638686853485,False,False,False,False,-3166.0,-1234.2515872633514,False,False,False,False,42.11373701295988,False,False,False,False
2025-09-23 19:00:00+00:00,21.295,21.295,21.295,21.295,0.0,,,,,,21.318546120646392,21.319088750371034,21.318973725033935,21.31530290418054,21.31530290418054,,,,,,,21.30482142857143,21.318911058169547,21.313603441928954,21.311197433096666,,21.313603441928954,21.233518397085614,21.104164504036905,,21.1012784308104,"rgba(239, 83, 80, 1.0)",0.0,0.0,0.04720121772750621,21.309893535334837,-0.31553286232604627,0.0,0.0,0.0,0.0,0.0,0.0,0.0,0.0,40.40056388473846,-12.412285010617033,False,True,False,True,True,3.519672762204735,1,1.0231660231660242,0.9054054054054045,False,False,False,False,0.16081007876673803,0.16133323281763645,False,False,False,False,-3166.0,-1264.201175057718,False,False,False,False,41.46081085772019,False,False,False,False
2025-09-24 14:00:00+00:00,21.29,21.3,21.275,21.29,0.0,,,,,,21.318546120646392,21.319088750371034,21.318973725033935,21.31530290418054,21.31530290418054,,,,,,,21.30482142857143,21.318911058169547,21.313603441928954,21.311197433096666,,21.313603441928954,21.233518397085614,21.104164504036905,,21.1012784308104,"rgba(239, 83, 80, 1.0)",0.0,0.0,0.046134156114150976,21.309893535334837,-0.4312105609044718,0.0,0.0,0.0,0.0,0.0,0.0,0.0,0.0,39.305191235000706,-12.412285010617033,False,True,False,True,True,2.745306770958937,1,1.015325670498084,0.9042145593869728,False,False,False,False,0.1494165826566562,0.15537490773714632,False,False,False,False,-3166.0,-1293.6864281575984,False,False,False,False,40.818007588608246,False,False,False,False
2025-09-24 15:00:00+00:00,21.295,21.295,21.23,21.29,0.0,,,,,,21.318546120646392,21.319088750371034,21.318973725033935,21.31530290418054,21.31530290418054,,,,,,,21.30482142857143,21.318911058169547,21.313603441928954,21.311197433096666,,21.313603441928954,21.233518397085614,21.104164504036905,,21.1012784308104,"rgba(239, 83, 80, 1.0)",0.0,0.0,0.04488222826931517,21.309893535334837,-0.4432385846680034,0.0,0.0,0.0,0.0,0.0,0.0,0.0,0.0,38.574942801842205,-12.412285010617033,False,True,False,True,False,2.745306770958937,1,1.0037593984962412,0.9060150375939846,False,False,False,False,0.11169808153116124,0.1335364946341538,False,False,False,False,-3166.0,-1322.7145455505038,False,False,False,False,40.18517026165308,False,False,False,False
2025-09-24 16:00:00+00:00,21.29,21.29,21.28,21.285,0.0,,,,,,21.318546120646392,21.319088750371034,21.318973725033935,21.31530290418054,21.31530290418054,,,,,,,21.30482142857143,21.318911058169547,21.313603441928954,21.311197433096666,,21.313603441928954,21.233518397085614,21.104164504036905,,21.1012784308104,"rgba(239, 83, 80, 1.0)",0.0,0.0,0.0434863549066552,21.309893535334837,-0.5724447447543316,0.0,0.0,0.0,0.0,0.0,0.0,0.0,0.0,36.798897384019355,-10.669916442694799,False,True,False,True,False,1.9550778486287186,1,1.0323193916349815,0.903041825095057,False,False,False,False,0.1456274337108833,0.13958196417251856,False,False,False,False,-3166.0,-1351.2926146117363,False,False,False,False,39.56214436612357,False,False,False,False
2025-09-24 17:00:00+00:00,21.285,21.3,21.28,21.295,0.0,,,,,,21.318546120646392,21.319088750371034,21.318973725033935,21.31530290418054,21.31530290418054,,,,,,,21.30482142857143,21.318911058169547,21.313603441928954,21.311197433096666,,21.313603441928954,21.233518397085614,21.104164504036905,,21.1012784308104,"rgba(239, 83, 80, 1.0)",0.0,0.0,0.04335709674139111,21.309893535334837,-0.3435085938449552,0.0,0.0,0.0,0.0,0.0,0.0,0.0,0.0,39.84112601847593,-12.889282182820025,False,True,False,True,True,3.43949530888057,1,1.028462998102468,0.9013282732447807,False,False,False,False,0.15320999531039944,0.14639597974145901,False,False,False,False,-3166.0,-1379.4276128348101,False,False,False,False,38.948777786803824,False,False,False,False
2025-09-24 18:00:00+00:00,21.295,21.295,21.27,21.275,0.0,,,,,,21.318546120646392,21.319088750371034,21.318973725033935,21.31530290418054,21.31530290418054,,,,,,,21.30482142857143,21.318911058169547,21.313603441928954,21.311197433096666,,21.313603441928954,21.233518397085614,21.104164504036905,,21.1012784308104,"rgba(239, 83, 80, 1.0)",0.0,0.0,0.043698083739759475,21.309893535334837,-0.7985140845681884,0.0,0.0,0.0,0.0,0.0,0.0,0.0,0.0,37.285859664995215,-12.889282182820025,False,True,False,True,False,0.3158872125227141,1,1.0246679316888052,0.9070208728652743,False,False,False,False,0.14184243266220165,0.14411920620183033,False,False,False,False,-3166.0,-1407.1264095350455,False,False,False,False,38.34492076685338,False,False,False,False
2025-09-24 19:00:00+00:00,21.275,21.285,21.27,21.285,0.0,,,,,,21.318546120646392,21.319088750371034,21.318973725033935,21.31530290418054,21.31530290418054,,,,,,,21.30482142857143,21.318911058169547,21.313603441928954,21.311197433096666,,21.313603441928954,21.233518397085614,21.104164504036905,,21.1012784308104,"rgba(239, 83, 80, 1.0)",0.0,0.0,0.043698083739759475,21.309893535334837,-0.5696710977782921,0.0,0.0,0.0,0.0,0.0,0.0,0.0,0.0,38.841078002862076,-12.889282182820025,False,True,False,True,True,1.8030505138471504,1,1.020754716981132,0.9056603773584901,False,False,False,False,0.1342844146342491,0.1392018104180397,False,False,False,False,-3166.0,-1434.3957675267502,False,False,False,False,37.750425871243245,False,False,False,False
2025-09-25 14:00:00+00:00,21.225,21.245,21.22,21.24,0.0,,,,,,21.318546120646392,21.319088750371034,21.318973725033935,21.31530290418054,21.31530290418054,,,,,,,21.30482142857143,21.318911058169547,21.313603441928954,21.311197433096666,,21.313603441928954,21.233518397085614,21.104164504036905,,21.1012784308104,"rgba(239, 83, 80, 1.0)",0.0,0.0,0.04476344229134162,21.309893535334837,-1.5613976887643737,0.0,0.0,0.0,0.0,0.0,0.0,0.0,0.0,33.97857769195738,-12.31417177650468,False,True,False,True,False,0.0,0,1.005524861878452,0.907918968692449,False,False,False,False,0.06684084790598156,0.10302132916201062,False,False,False,False,-3166.0,-1461.2423447743975,False,False,False,False,37.16514795075885,False,False,False,False
2025-09-25 15:00:00+00:00,21.235,21.235,21.215,21.23,0.0,,,,,,21.318546120646392,21.319088750371034,21.318973725033935,21.31530290418054,21.31530290418054,,,,,,,21.30482142857143,21.318911058169547,21.313603441928954,21.311197433096666,,21.313603441928954,21.233518397085614,21.104164504036905,,21.1012784308104,"rgba(239, 83, 80, 1.0)",0.0,0.0,0.04615758358630804,21.309893535334837,-1.7308864357131437,0.0,0.0,0.0,0.0,0.0,0.0,0.0,0.0,29.965609745846955,-15.758973284529063,False,True,False,True,False,0.0,0,1.0018248175182478,0.91058394160584,True,False,False,False,0.055675346077832574,0.0793483376199216,False,False,False,False,-3166.0,-1487.6726960182052,False,False,False,False,36.58894410656104,True,False,False,False
2025-09-25 16:00:00+00:00,21.23,21.245,21.225,21.24,0.0,,,,,,21.318546120646392,21.319088750371034,21.318973725033935,21.31530290418054,21.31530290418054,,,,,,,21.30482142857143,21.318911058169547,21.313603441928954,21.311197433096666,,21.313603441928954,21.233518397085614,21.104164504036905,,21.1012784308104,"rgba(239, 83, 80, 1.0)",0.0,0.0,0.04718489604120048,21.309893535334837,-1.4812692450102936,0.0,0.0,0.0,0.0,0.0,0.0,0.0,0.0,29.81234885410901,-15.758973284529063,False,True,False,True,False,0.0,0,1.0127737226277373,0.906934306569343,False,False,False,False,0.07056624582082813,0.07495729172037487,False,False,False,False,-3166.0,-1513.6932743745122,False,False,False,False,36.021673655296524,False,False,False,False
2025-09-25 17:00:00+00:00,21.24,21.245,21.225,21.245,0.0,,,,,,21.318546120646392,21.319088750371034,21.318973725033935,21.31530290418054,21.31530290418054,,,,,,,21.30482142857143,21.318911058169547,21.313603441928954,21.311197433096666,,21.313603441928954,21.233518397085614,21.104164504036905,,21.1012784308104,"rgba(239, 83, 80, 1.0)",0.0,0.0,0.047604602699767094,21.309893535334837,-1.3631777528762603,0.0,0.0,0.0,0.0,0.0,0.0,0.0,0.0,30.925084204684943,-15.758973284529063,False,True,False,True,False,0.0,0,1.00915750915751,0.9139194139194137,False,False,False,False,0.07056624582082813,0.0727617687706015,False,False,False,False,-3166.0,-1539.3104329113414,False,False,False,False,35.46319809474929,False,False,False,False
2025-09-25 18:00:00+00:00,21.245,21.255,21.235,21.245,0.0,,,,,,21.318546120646392,21.319088750371034,21.318973725033935,21.31530290418054,21.31530290418054,,,,,,,21.30482142857143,21.318911058169547,21.313603441928954,21.311197433096666,,21.313603441928954,21.233518397085614,21.104164504036905,,21.1012784308104,"rgba(239, 83, 80, 1.0)",0.0,0.0,0.0480191403280224,21.309893535334837,-1.3514097689284519,0.0,0.0,0.0,0.0,0.0,0.0,0.0,0.0,31.666907771735566,-15.758973284529063,False,True,False,True,True,0.0,0,1.0128440366972478,0.9082568807339457,False,False,False,False,0.08548845629744248,0.07912511253402199,False,False,False,False,-3166.0,-1564.5304261995377,False,False,False,False,34.91338107002449,False,False,False,False
2025-09-25 19:00:00+00:00,21.245,21.255,21.24,21.25,400.0,,,,,,21.31099838753023,21.311579552489608,21.3116115164148,21.308612637362636,21.308612637362636,,,,,,21.248333333333335,21.297760416666666,21.31139879368458,21.307112133267033,21.30500697521746,,21.307112133267033,21.234709547738696,21.1120253998546,,21.109253208604486,"rgba(239, 83, 80, 1.0)",0.0,0.0,0.04840072964982133,21.299022295262073,-1.0128420711164696,0.0,0.0,0.0,0.0,0.0,0.0,0.0,0.0,33.53002393812244,-15.758973284529063,False,True,False,True,True,0.0,0,1.0073529411764706,0.9136029411764715,False,False,False,False,0.08922469227594114,0.08417490240498157,False,False,False,False,-2766.0,-1583.157861452258,False,False,False,False,40.57363872785356,False,False,False,False
2025-09-26 14:00:00+00:00,21.26,21.29,21.25,21.27,0.0,,,,,,21.31099838753023,21.311579552489608,21.3116115164148,21.308612637362636,21.308612637362636,,,,,,21.248333333333335,21.297760416666666,21.31139879368458,21.307112133267033,21.30500697521746,,21.307112133267033,21.234709547738696,21.1120253998546,,21.109253208604486,"rgba(239, 83, 80, 1.0)",0.0,0.0,0.04861106906909676,21.299022295262073,-0.5970305903131014,0.0,0.0,0.0,0.0,0.0,0.0,0.0,0.0,39.30078761673178,-15.52273787199156,False,False,False,True,True,0.05849230377171821,0,1.0036231884057965,0.902173913043479,False,False,False,False,0.12297564226203873,0.10357527233351016,False,False,False,False,-2766.0,-1601.4964992591997,False,False,False,False,39.94459006540622,False,False,False,False
2025-09-26 15:00:00+00:00,21.265,21.275,21.255,21.26,0.0,,,,,,21.31099838753023,21.311579552489608,21.3116115164148,21.308612637362636,21.308612637362636,,,,,,21.248333333333335,21.297760416666666,21.31139879368458,21.307112133267033,21.30500697521746,,21.307112133267033,21.234709547738696,21.1120253998546,,21.109253208604486,"rgba(239, 83, 80, 1.0)",0.0,0.0,0.04899227738376421,21.299022295262073,-0.7964989044376121,0.0,0.0,0.0,0.0,0.0,0.0,0.0,0.0,41.30789318244493,-13.764427472949144,True,False,False,True,True,0.0,0,1.0053956834532363,0.908273381294965,False,False,False,False,0.11545398577937926,0.10951462905644471,False,False,False,False,-2766.0,-1619.5508171001422,False,False,False,False,39.32529409539992,False,False,False,False
2025-09-26 16:00:00+00:00,21.26,21.265,21.245,21.255,10.0,,,,,,21.310848298043418,21.311429831525096,21.3114643970894,21.308479073243646,21.308479073243646,,,,,,21.24849593495935,21.2976272066459,21.311249115357395,21.306982886904763,21.30488416830386,,21.306982886904763,21.23475025075226,21.112220029040746,,21.10945053705208,"rgba(239, 83, 80, 1.0)",0.0,0.0,0.04933458118708766,21.298926921345895,-0.8903880460506143,0.0,0.0,0.0,0.0,0.0,0.0,0.0,0.0,41.7764102719797,-13.299098172821353,True,False,False,True,True,0.0,0,1.0018050541516241,0.9187725631768956,False,False,False,False,0.10044874588223326,0.10498168746933899,False,False,False,False,-2776.0,-1637.480261796264,False,False,False,False,38.87063837299062,False,False,False,False
2025-09-26 17:00:00+00:00,21.255,21.27,21.25,21.255,0.0,,,,,,21.310848298043418,21.311429831525096,21.3114643970894,21.308479073243646,21.308479073243646,,,,,,21.24849593495935,21.2976272066459,21.311249115357395,21.306982886904763,21.30488416830386,,21.306982886904763,21.23475025075226,21.112220029040746,,21.10945053705208,"rgba(239, 83, 80, 1.0)",0.0,0.0,0.049971433280911325,21.298926921345895,-0.8790406530660008,0.0,0.0,0.0,0.0,0.0,0.0,0.0,0.0,42.08875499833621,-12.817007766528917,True,False,False,True,True,0.0,0,0.9999999999999987,0.9205776173285211,False,False,False,False,0.10794531304514182,0.10646350025724041,False,False,False,False,-2776.0,-1655.1317306056242,False,False,False,False,38.26799281682022,False,False,False,False
2025-09-26 18:00:00+00:00,21.26,21.265,21.25,21.255,0.0,,,,,,21.310848298043418,21.311429831525096,21.3114643970894,21.308479073243646,21.308479073243646,,,,,,21.24849593495935,21.2976272066459,21.311249115357395,21.306982886904763,21.30488416830386,,21.306982886904763,21.23475025075226,21.112220029040746,,21.10945053705208,"rgba(239, 83, 80, 1.0)",0.0,0.0,0.05061575797080754,21.298926921345895,-0.8678507071104431,0.0,0.0,0.0,0.0,0.0,0.0,0.0,0.0,42.29698481590722,-12.32473318496141,True,False,False,True,True,0.0,0,0.9963898916967503,0.9241877256317694,False,False,False,False,0.10419557082272318,0.1053295355399818,False,False,False,False,-2776.0,-1672.5095332318936,False,False,False,False,37.67469060260595,False,False,False,False
2025-09-26 19:00:00+00:00,21.26,21.27,21.25,21.265,0.0,,,,,,21.310848298043418,21.311429831525096,21.3114643970894,21.308479073243646,21.308479073243646,,,,,,21.24849593495935,21.2976272066459,21.311249115357395,21.306982886904763,21.30488416830386,,21.306982886904763,21.23475025075226,21.112220029040746,,21.10945053705208,"rgba(239, 83, 80, 1.0)",0.0,0.0,0.05101598407004445,21.298926921345895,-0.6650253242064973,0.0,0.0,0.0,0.0,0.0,0.0,0.0,0.0,45.12491419729578,-9.412939372719208,True,False,False,True,True,0.0,0,0.9964157706093184,0.9175627240143375,False,False,False,False,0.10794531304514182,0.10663742429256182,False,False,False,False,-2776.0,-1689.6179125616316,False,False,False,False,37.090586872332985,False,False,False,False
2025-09-29 14:00:00+00:00,21.315,21.325,21.31,21.31,0.0,,,,,,21.310848298043418,21.311429831525096,21.3114643970894,21.308479073243646,21.308479073243646,,,,,,21.24849593495935,21.2976272066459,21.311249115357395,21.306982886904763,21.30488416830386,,21.306982886904763,21.23475025075226,21.112220029040746,,21.10945053705208,"rgba(38, 166, 154, 1.0)",0.0,0.0,0.05104643708177029,21.298926921345895,0.21692167538285959,0.0,0.0,0.0,0.0,0.0,0.0,0.0,0.0,53.838585359201645,-1.335447948456995,True,False,True,False,True,5.8480761915892785,0,1.0017543859649118,0.9122807017543866,False,False,False,False,0.1952528609936857,0.15094514264312375,False,False,False,False,-2776.0,-1706.461045700211,False,False,False,False,36.5155390138472,False,False,False,False
2025-09-29 15:00:00+00:00,21.315,21.32,21.31,21.32,0.0,,,,,,21.310848298043418,21.311429831525096,21.3114643970894,21.308479073243646,21.308479073243646,,,,,,21.24849593495935,21.2976272066459,21.311249115357395,21.306982886904763,21.30488416830386,,21.306982886904763,21.23475025075226,21.112220029040746,,21.10945053705208,"rgba(38, 166, 154, 1.0)",0.0,0.0,0.05104979021588114,21.298926921345895,0.41279461805798484,0.0,0.0,0.0,0.0,0.0,0.0,0.0,0.0,60.550374493049496,4.504968572220477,True,False,True,False,True,7.1486162982789665,0,1.0017482517482514,0.9143356643356647,False,False,False,False,0.19140467203273268,0.17117490733792823,False,False,False,False,-2776.0,-1723.0430449916805,False,False,False,False,35.94940662603562,False,False,False,False
2025-09-29 16:00:00+00:00,21.32,21.325,21.32,21.32,0.0,,,,,,21.310848298043418,21.311429831525096,21.3114643970894,21.308479073243646,21.308479073243646,,,,,,21.24849593495935,21.2976272066459,21.311249115357395,21.306982886904763,21.30488416830386,,21.306982886904763,21.23475025075226,21.112220029040746,,21.10945053705208,"rgba(38, 166, 154, 1.0)",0.0,0.0,0.051023135540309114,21.298926921345895,0.41301026350011016,0.0,0.0,0.0,0.0,0.0,0.0,0.0,0.0,65.02490058228139,8.216179816933298,True,False,True,False,True,7.1486162982789665,0,1.0140845070422533,0.9119718309859162,False,False,False,False,0.20296652328691447,0.18707071531242137,False,False,False,False,-2776.0,-1739.367959022817,False,False,False,False,35.39205148454669,False,False,False,False
2025-09-29 17:00:00+00:00,21.32,21.32,21.31,21.32,0.0,,,,,,21.310848298043418,21.311429831525096,21.3114643970894,21.308479073243646,21.308479073243646,,,,,,21.24849593495935,21.2976272066459,21.311249115357395,21.306982886904763,21.30488416830386,,21.306982886904763,21.23475025075226,21.112220029040746,,21.10945053705208,"rgba(38, 166, 154, 1.0)",0.0,0.0,0.050754931416242086,21.298926921345895,0.4151927323334203,0.0,0.0,0.0,0.0,0.0,0.0,0.0,0.0,68.00791797510266,10.684722800594159,True,False,True,False,True,7.1486162982789665,0,1.0159010600706708,0.9063604240282691,False,False,False,False,0.19140467203273268,0.18923769367257703,False,False,False,False,-2776.0,-1755.4397736116107,False,False,False,False,34.84333750804209,False,False,False,False
2025-09-29 18:00:00+00:00,21.315,21.325,21.31,21.315,0.0,,,,,,21.310848298043418,21.311429831525096,21.3114643970894,21.308479073243646,21.308479073243646,,,,,,21.24849593495935,21.2976272066459,21.311249115357395,21.306982886904763,21.30488416830386,,21.306982886904763,21.23475025075226,21.112220029040746,,21.10945053705208,"rgba(38, 166, 154, 1.0)",0.0,0.0,0.05048476712550097,21.298926921345895,0.3183748201541576,0.0,0.0,0.0,0.0,0.0,0.0,0.0,0.0,68.44621678281439,11.042855912652392,True,False,True,False,True,6.335984174293479,0,1.01060070671378,0.9081272084805668,False,False,False,False,0.1952528609936857,0.19224527733313135,False,False,False,False,-2776.0,-1771.262412780423,False,False,False,False,34.303130724971666,False,False,False,False
2025-09-29 19:00:00+00:00,21.31,21.325,21.305,21.31,0.0,,,,,,21.310848298043418,21.311429831525096,21.3114643970894,21.308479073243646,21.308479073243646,,,,,,21.24849593495935,21.2976272066459,21.311249115357395,21.306982886904763,21.30488416830386,,21.306982886904763,21.23475025075226,21.112220029040746,,21.10945053705208,"rgba(38, 166, 154, 1.0)",0.0,0.0,0.05021637864968972,21.298926921345895,0.22050731159547207,0.0,0.0,0.0,0.0,0.0,0.0,0.0,0.0,67.21188374812792,11.042855912652392,True,False,True,False,True,5.523175089435593,0,1.0070422535211268,0.9084507042253535,False,False,False,False,0.19140467203273268,0.19182497468293203,False,False,False,False,-2776.0,-1786.8397397140598,False,False,False,False,33.77129924086358,False,False,False,False
2025-09-30 14:00:00+00:00,21.325,21.355,21.325,21.34,0.0,,,,,,21.310848298043418,21.311429831525096,21.3114643970894,21.308479073243646,21.308479073243646,,,,,,21.24849593495935,21.2976272066459,21.311249115357395,21.306982886904763,21.30488416830386,,21.306982886904763,21.23475025075226,21.112220029040746,,21.10945053705208,"rgba(38, 166, 154, 1.0)",0.0,0.0,0.050015943404067835,21.298926921345895,0.8211997187033759,0.0,0.0,0.0,0.0,0.0,0.0,0.0,0.0,70.01336594789373,12.82022343035299,True,False,True,False,True,9.528895778031693,0,1.0104529616724731,0.8937282229965164,False,False,False,False,0.23015944956142811,0.21099221212218006,False,False,False,False,-2776.0,-1802.175557702989,False,False,False,False,33.2477132061215,False,False,False,True
2025-09-30 15:00:00+00:00,21.34,21.345,21.315,21.32,0.0,,,,,,21.310848298043418,21.311429831525096,21.3114643970894,21.308479073243646,21.308479073243646,,,,,,21.24849593495935,21.2976272066459,21.311249115357395,21.306982886904763,21.30488416830386,,21.306982886904763,21.23475025075226,21.112220029040746,,21.10945053705208,"rgba(38, 166, 154, 1.0)",0.0,0.0,0.04970788542955913,21.298926921345895,0.4239383444296276,0.0,0.0,0.0,0.0,0.0,0.0,0.0,0.0,67.1462000958373,12.82022343035299,True,False,True,False,True,6.338676979419038,0,1.0086805555555551,0.8975694444444456,False,False,False,False,0.2145821565650643,0.21278718434362218,False,False,False,False,-2776.0,-1817.2736110719347,False,False,False,False,32.73224478432117,False,False,False,False
2025-09-30 16:00:00+00:00,21.32,21.335,21.315,21.32,0.0,,,,,,21.310848298043418,21.311429831525096,21.3114643970894,21.308479073243646,21.308479073243646,,,,,,21.24849593495935,21.2976272066459,21.311249115357395,21.306982886904763,21.30488416830386,,21.306982886904763,21.23475025075226,21.112220029040746,,21.10945053705208,"rgba(38, 166, 154, 1.0)",0.0,0.0,0.0493887867056535,21.298926921345895,0.4266773909570993,0.0,0.0,0.0,0.0,0.0,0.0,0.0,0.0,65.23475619446634,12.82022343035299,True,False,True,False,False,6.338676979419038,0,1.008620689655172,0.8948275862068972,False,False,False,False,0.20683225270011232,0.20980971852186725,False,False,False,False,-2776.0,-1832.1375860940752,False,False,False,False,32.224768120998355,False,False,False,False
2025-09-30 17:00:00+00:00,21.325,21.325,21.325,21.325,0.0,,,,,,21.310848298043418,21.311429831525096,21.3114643970894,21.308479073243646,21.308479073243646,,,,,,21.24849593495935,21.2976272066459,21.311249115357395,21.306982886904763,21.30488416830386,,21.306982886904763,21.23475025075226,21.112220029040746,,21.10945053705208,"rgba(38, 166, 154, 1.0)",0.0,0.0,0.049342250229006936,21.298926921345895,0.5284128415930304,0.0,0.0,0.0,0.0,0.0,0.0,0.0,0.0,64.68208556216447,12.82022343035299,True,False,True,False,False,7.006666219538388,0,1.0103270223752143,0.89672977624785,False,False,False,False,0.2068322527001068,0.20832098561098703,False,False,False,False,-2776.0,-1846.7711118910663,False,False,False,False,31.725159312920862,False,False,False,False
2025-09-30 18:00:00+00:00,21.325,21.325,21.325,21.325,0.0,,,,,,21.310848298043418,21.311429831525096,21.3114643970894,21.308479073243646,21.308479073243646,,,,,,21.24849593495935,21.2976272066459,21.311249115357395,21.306982886904763,21.30488416830386,,21.306982886904763,21.23475025075226,21.112220029040746,,21.10945053705208,"rgba(38, 166, 154, 1.0)",0.0,0.0,0.04933914623659019,21.298926921345895,0.5284460847595285,0.0,0.0,0.0,0.0,0.0,0.0,0.0,0.0,64.31363847396322,12.82022343035299,True,False,True,False,False,7.006666219538388,0,1.0103270223752143,0.89672977624785,False,False,False,False,0.2068322527001068,0.20757661915554693,False,False,False,False,-2776.0,-1861.1777613191118,False,False,False,False,31.233296377836815,False,False,False,False
2025-09-30 19:00:00+00:00,21.325,21.325,21.325,21.325,0.0,,,,,,21.310848298043418,21.311429831525096,21.3114643970894,21.308479073243646,21.308479073243646,,,,,,21.24849593495935,21.2976272066459,21.311249115357395,21.306982886904763,21.30488416830386,,21.306982886904763,21.23475025075226,21.112220029040746,,21.10945053705208,"rgba(38, 166, 154, 1.0)",0.0,0.0,0.04931485531722902,21.298926921345895,0.5287063803874695,0.0,0.0,0.0,0.0,0.0,0.0,0.0,0.0,64.06800708182905,12.82022343035299,True,False,True,False,False,7.006666219538388,0,1.0103270223752143,0.89672977624785,False,False,False,False,0.2068322527001068,0.20720443592782686,False,False,False,False,-2776.0,-1875.361051841296,False,False,False,False,30.749059224692058,False,False,False,False
2025-10-01 14:00:00+00:00,21.265,21.27,21.245,21.255,0.0,,,,,,21.310848298043418,21.311429831525096,21.3114643970894,21.308479073243646,21.308479073243646,,,,,,21.24849593495935,21.2976272066459,21.311249115357395,21.306982886904763,21.30488416830386,,21.306982886904763,21.23475025075226,21.112220029040746,,21.10945053705208,"rgba(239, 83, 80, 1.0)",0.0,0.0,0.04984769596277286,21.298926921345895,-0.8812227024234335,0.0,0.0,0.0,0.0,0.0,0.0,0.0,0.0,52.716291071699914,9.066504536791996,True,False,False,False,False,0.0,0,1.0016750418760465,0.8994974874371874,False,False,False,False,0.10419557082272318,0.155700003375275,False,False,False,False,-2776.0,-1889.3244463863923,False,False,False,False,30.272329624309233,False,False,False,False
2025-10-01 15:00:00+00:00,21.255,21.255,21.245,21.245,0.0,,,,,,21.310848298043418,21.311429831525096,21.3114643970894,21.308479073243646,21.308479073243646,,,,,,21.24849593495935,21.2976272066459,21.311249115357395,21.306982886904763,21.30488416830386,,21.306982886904763,21.23475025075226,21.112220029040746,,21.10945053705208,"rgba(239, 83, 80, 1.0)",0.0,0.0,0.05046254520406871,21.298926921345895,-1.0686524258302046,0.0,0.0,0.0,0.0,0.0,0.0,0.0,0.0,44.366048264759925,1.6711983067814415,False,False,False,True,False,0.0,0,1.0016694490818028,0.9048414023372303,False,False,False,False,0.09296341438663638,0.1243317088809557,False,False,False,False,-2776.0,-1903.071354194355,False,False,False,False,29.80299118052149,False,False,False,False
2025-10-01 16:00:00+00:00,21.245,21.245,21.245,21.245,0.0,,,,,,21.310848298043418,21.311429831525096,21.3114643970894,21.308479073243646,21.308479073243646,,,,,,21.24849593495935,21.2976272066459,21.311249115357395,21.306982886904763,21.30488416830386,,21.306982886904763,21.23475025075226,21.112220029040746,,21.10945053705208,"rgba(239, 83, 80, 1.0)",0.0,0.0,0.050984187621178706,21.298926921345895,-1.0577185567137148,0.0,0.0,0.0,0.0,0.0,0.0,0.0,0.0,38.79921972679993,-3.019993969828576,False,True,False,True,False,0.0,0,1.005235602094241,0.9040139616055854,False,False,False,False,0.0854884562974479,0.1049100825892018,False,False,False,False,-2776.0,-1916.605131648706,False,False,False,False,29.340929301753714,False,False,False,False
2025-10-01 17:00:00+00:00,21.245,21.265,21.245,21.265,0.0,,,,,,21.310848298043418,21.311429831525096,21.3114643970894,21.308479073243646,21.308479073243646,,,,,,21.24849593495935,21.2976272066459,21.311249115357395,21.306982886904763,21.30488416830386,,21.306982886904763,21.23475025075226,21.112220029040746,,21.10945053705208,"rgba(239, 83, 80, 1.0)",0.0,0.0,0.05070565119458749,21.298926921345895,-0.6690954666117432,0.0,0.0,0.0,0.0,0.0,0.0,0.0,0.0,39.07250353134372,-3.019993969828576,False,True,False,True,False,0.0,0,1.008726003490401,0.8970331588132645,False,False,False,False,0.10044874588223326,0.10267941423571753,False,False,False,False,-2776.0,-1929.9290830960128,False,False,False,False,28.886031173044355,False,False,False,False
2025-10-01 18:00:00+00:00,21.265,21.275,21.265,21.275,0.0,,,,,,21.310848298043418,21.311429831525096,21.3114643970894,21.308479073243646,21.308479073243646,,,,,,21.24849593495935,21.2976272066459,21.311249115357395,21.306982886904763,21.30488416830386,,21.306982886904763,21.23475025075226,21.112220029040746,,21.10945053705208,"rgba(239, 83, 80, 1.0)",0.0,0.0,0.050051145013088154,21.298926921345895,-0.4780494300308218,0.0,0.0,0.0,0.0,0.0,0.0,0.0,0.0,40.96647712645,-3.019993969828576,False,True,False,True,False,0.0,0,1.015706806282722,0.8900523560209435,False,False,False,False,0.12178487445993567,0.1122321443478266,False,False,False,False,-2776.0,-1943.0464616526638,False,False,False,False,28.43818572850103,False,False,False,False
2025-10-01 19:00:00+00:00,21.27,21.28,21.265,21.265,5.0,,,,,21.270000000000003,21.31079362955032,21.31137508809021,21.31141058915131,21.308431201791493,21.308431201791493,,,,,21.270000000000003,21.24875502008032,21.29758424053914,21.3111944518067,21.30693708199158,21.304841386640504,,21.30693708199158,21.23478557114229,21.112327347753137,,21.10955914851396,"rgba(239, 83, 80, 1.0)",0.0,0.0,0.04933403335275614,21.291876632237496,-0.5447888690818808,0.0,0.0,0.0,0.0,0.0,0.0,0.0,0.0,40.926397818942334,-3.019993969828576,False,True,False,True,False,0.0,0,1.0139130434782606,0.8886956521739132,False,False,False,False,0.12438746898971814,0.11830980666877237,False,False,False,False,-2781.0,-1956.0379893789789,False,False,False,False,28.074803004028144,False,False,False,False
2025-10-02 14:00:00+00:00,21.265,21.28,21.255,21.27,30.0,,,,,21.268571428571427,21.310455390334575,21.311036532074816,21.311077774916303,21.308134107186962,21.308134107186962,,,,,21.268571428571427,21.25007490636704,21.297313816127378,21.310856341484794,21.30665232358004,21.30457470984498,,21.30665232358004,21.234986055776897,21.112961432506886,,21.11020100615371,"rgba(239, 83, 80, 1.0)",0.0,0.0,0.04860041152093224,21.291462481231797,-0.4416111008145119,0.0,0.0,0.0,0.0,0.0,0.0,0.0,0.0,41.82288182270739,-3.019993969828576,False,True,False,True,True,0.0,0,1.0121527777777768,0.8923611111111119,False,False,False,False,0.11428801580394422,0.1162989112363583,False,False,False,False,-2751.0,-1968.3629817917079,False,False,False,False,28.104651019469568,False,False,False,False
2025-10-02 15:00:00+00:00,21.27,21.28,21.265,21.265,122.0,,,,,21.26968152866242,21.309185956790124,21.309764566395668,21.309826466916356,21.307018700551428,21.307018700551428,,,,,21.26968152866242,21.254362139917696,21.29632412632413,21.3095864118896,21.305584865122945,21.303577283833846,,21.305584865122945,21.23581680280047,21.11551490514905,,21.112785584868973,"rgba(239, 83, 80, 1.0)",0.0,0.0,0.047973059256402786,21.291460785032477,-0.5515759353817922,0.0,0.0,0.0,0.0,0.0,0.0,0.0,0.0,41.693062214963916,-3.019993969828576,False,True,False,True,True,0.0,0,1.0121317157712306,0.8925476603119592,False,False,False,False,0.09761646706781915,0.10695768915208873,False,False,False,False,-2873.0,-1982.3883619189683,False,False,False,False,29.560392864128954,False,False,False,False
2025-10-02 16:00:00+00:00,21.265,21.295,21.265,21.285,14.0,,,,,21.27066276803119,21.309087220228943,21.30966497890296,21.30972837355893,21.306933890880128,21.306933890880128,,,,,21.27066276803119,21.255020080321284,21.2962634329094,21.30948717948718,21.3055051947022,21.30350498860869,,21.3055051947022,21.235941298163954,21.115824353687195,,21.113098451766575,"rgba(239, 83, 80, 1.0)",0.0,0.0,0.04709344745075132,21.291719057610358,-0.14267499990066118,0.0,0.0,0.0,0.0,0.0,0.0,0.0,0.0,45.194417951105216,-3.019993969828576,False,False,False,True,True,1.0990056510952826,0,1.0123022847100178,0.9033391915641487,False,False,False,False,0.10307864956057249,0.1050181693563306,False,False,False,False,-2859.0,-1995.9792400287515,False,False,False,False,29.319146463134707,False,False,False,False
2025-10-02 17:00:00+00:00,21.285,21.285,21.285,21.285,0.0,,,,,21.27066276803119,21.309087220228943,21.30966497890296,21.30972837355893,21.306933890880128,21.306933890880128,,,,,21.27066276803119,21.255020080321284,21.2962634329094,21.30948717948718,21.3055051947022,21.30350498860869,,21.3055051947022,21.235941298163954,21.115824353687195,,21.113098451766575,"rgba(239, 83, 80, 1.0)",0.0,0.0,0.04615407022356799,21.291719057610358,-0.14557887479502807,0.0,0.0,0.0,0.0,0.0,0.0,0.0,0.0,47.528655108532746,-9.050113487607724,False,False,False,False,True,1.099005651095272,0,1.0106007067137814,0.9063604240282701,False,False,False,False,0.10743839655519494,0.10622828295576277,False,False,False,False,-2859.0,-2009.359406850011,False,False,False,False,28.86458605285355,False,False,False,False
2025-10-02 18:00:00+00:00,21.285,21.295,21.285,21.295,200.0,,,,,21.281985624438455,21.308237851454574,21.308797590361447,21.308872165600064,21.306237552261496,21.306237552261496,,,,,21.281985624438455,21.264404609475033,21.296006702038536,21.30862607715229,21.304876599288367,21.30297209092955,,21.304876599288367,21.238022155837694,21.1203816249838,,21.117702505264063,"rgba(239, 83, 80, 1.0)",0.0,0.0,0.0451074792544263,21.295071366091477,-0.0015821343301622864,0.0,0.0,0.0,0.0,0.0,0.0,0.0,0.0,50.744927872572475,-5.742628193370251,True,False,False,False,True,2.48149511995787,0,1.00886524822695,0.9060283687943279,False,False,False,False,0.1149938856208761,0.11061108428831944,False,False,False,False,-2659.0,-2019.431354030631,False,False,False,False,31.517848284592255,False,False,False,False
2025-10-02 19:00:00+00:00,21.295,21.305,21.295,21.3,100.0,,,,,21.28581033262562,21.30804180548945,21.308590588235298,21.308666743845027,21.306098476402823,21.306098476402823,,,,,21.28581033262562,21.26844494892168,21.296115186090738,21.308422583942754,21.304768302613073,21.302906669601583,,21.304768302613073,21.239158113391987,21.122679416656005,,21.120022697382378,"rgba(38, 166, 154, 1.0)",0.0,0.0,0.04385294837391059,21.296282321585107,0.0847760196918884,0.0,0.0,0.0,0.0,0.0,0.0,0.0,0.0,53.679324874236215,-2.7837926299086178,True,False,True,False,True,3.167107784609538,0,1.0071047957371224,0.9058614564831278,False,False,False,False,0.13323161290020386,0.12192134859426165,False,False,False,False,-2559.0,-2027.796759394497,False,False,False,False,32.57958707087764,False,False,False,False
2025-10-03 14:00:00+00:00,21.295,21.295,21.27,21.29,0.0,,,,,21.28581033262562,21.30804180548945,21.308590588235298,21.308666743845027,21.306098476402823,21.306098476402823,,,,,21.28581033262562,21.26844494892168,21.296115186090738,21.308422583942754,21.304768302613073,21.302906669601583,,21.304768302613073,21.239158113391987,21.122679416656005,,21.120022697382378,"rgba(38, 166, 154, 1.0)",0.0,0.0,0.04223305140093929,21.296282321585107,-0.14875367459164532,0.0,0.0,0.0,0.0,0.0,0.0,0.0,0.0,53.43701499138055,-2.7761681213334057,True,False,True,False,True,1.6874602843094664,0,0.9982300884955756,0.9079646017699129,False,False,False,False,0.10136605116730114,0.1116436998807814,False,False,False,False,-2559.0,-2036.0324685511714,False,False,False,False,32.07447719380977,False,False,False,False
2025-10-03 15:00:00+00:00,21.29,21.3,21.285,21.295,0.0,,,,,21.28581033262562,21.30804180548945,21.308590588235298,21.308666743845027,21.306098476402823,21.306098476402823,,,,,21.28581033262562,21.26844494892168,21.296115186090738,21.308422583942754,21.304768302613073,21.302906669601583,,21.304768302613073,21.239158113391987,21.122679416656005,,21.120022697382378,"rgba(38, 166, 154, 1.0)",0.0,0.0,0.04047655310615102,21.296282321585107,-0.031680602390773416,0.0,0.0,0.0,0.0,0.0,0.0,0.0,0.0,54.19525582621772,-1.6852660349556388,True,False,True,False,True,2.3887253600700227,0,1.0035273368606707,0.9012345679012372,False,False,False,False,0.0952872193146056,0.1034654595976935,False,False,False,False,-2559.0,-2044.1404922945642,False,False,False,False,31.577198477626673,False,False,False,False
2025-10-03 16:00:00+00:00,21.29,21.3,21.285,21.29,0.0,,,,,21.28581033262562,21.30804180548945,21.308590588235298,21.308666743845027,21.306098476402823,21.306098476402823,,,,,21.28581033262562,21.26844494892168,21.296115186090738,21.308422583942754,21.304768302613073,21.302906669601583,,21.304768302613073,21.239158113391987,21.122679416656005,,21.120022697382378,"rgba(38, 166, 154, 1.0)",0.0,0.0,0.038595033055825394,21.296282321585107,-0.1627753907094872,0.0,0.0,0.0,0.0,0.0,0.0,0.0,0.0,53.55128284623669,-1.6852660349556388,True,False,True,False,True,1.640664159346656,0,1.0017825311942956,0.9073083778966159,False,False,False,False,0.09347729773893589,0.0984713786683147,False,False,False,False,-2559.0,-2052.1228102434857,False,False,False,False,31.087629508981298,False,False,False,False
2025-10-03 17:00:00+00:00,21.29,21.3,21.285,21.29,0.0,,,,,21.28581033262562,21.30804180548945,21.308590588235298,21.308666743845027,21.306098476402823,21.306098476402823,,,,,21.28581033262562,21.26844494892168,21.296115186090738,21.308422583942754,21.304768302613073,21.302906669601583,,21.304768302613073,21.239158113391987,21.122679416656005,,21.120022697382378,"rgba(38, 166, 154, 1.0)",0.0,0.0,0.03655182671276065,21.296282321585107,-0.17187435348926963,0.0,0.0,0.0,0.0,0.0,0.0,0.0,0.0,53.121967526249335,-1.6852660349556388,True,False,True,False,True,1.640664159346656,0,1.0017889087656526,0.9087656529517019,False,False,False,False,0.08000886486044058,0.08924012176437764,False,False,False,False,-2559.0,-2059.981371324982,False,False,False,False,30.60565075690407,False,False,False,False
2025-10-03 18:00:00+00:00,21.29,21.29,21.28,21.28,0.0,,,,,21.28581033262562,21.30804180548945,21.308590588235298,21.308666743845027,21.306098476402823,21.306098476402823,,,,,21.28581033262562,21.26844494892168,21.296115186090738,21.308422583942754,21.304768302613073,21.302906669601583,,21.304768302613073,21.239158113391987,21.122679416656005,,21.120022697382378,"rgba(38, 166, 154, 1.0)",0.0,0.0,0.034360306032313534,21.296282321585107,-0.47387009794945206,0.0,0.0,0.0,0.0,0.0,0.0,0.0,0.0,50.47598706031524,-1.6852660349556388,False,False,False,False,False,0.12835302739415155,0,0.9928186714542191,0.917414721723522,False,False,False,False,0.06178569152864348,0.07551290664651056,False,False,False,False,-2559.0,-2067.718094250176,False,False,False,False,30.131144543618735,False,False,False,False
2025-10-03 19:00:00+00:00,21.28,21.29,21.27,21.285,0.0,,,,,21.28581033262562,21.30804180548945,21.308590588235298,21.308666743845027,21.306098476402823,21.306098476402823,,,,,21.28581033262562,21.26844494892168,21.296115186090738,21.308422583942754,21.304768302613073,21.302906669601583,,21.304768302613073,21.239158113391987,21.122679416656005,,21.120022697382378,"rgba(38, 166, 154, 1.0)",0.0,0.0,0.0327493896511997,21.296282321585107,-0.3445047894104266,0.0,0.0,0.0,0.0,0.0,0.0,0.0,0.0,50.00563578756419,-1.6852660349556388,False,False,False,False,False,0.8746174978229249,0,0.9839572192513362,0.9162210338680962,False,False,False,False,0.05101970809839891,0.06326630737245473,False,False,False,False,-2559.0,-2075.3348679827313,False,False,False,False,29.66399501581069,False,False,False,False
2025-10-06 14:00:00+00:00,21.255,21.27,21.255,21.265,0.0,,,,,21.28581033262562,21.30804180548945,21.308590588235298,21.308666743845027,21.306098476402823,21.306098476402823,,,,,21.28581033262562,21.26844494892168,21.296115186090738,21.308422583942754,21.304768302613073,21.302906669601583,,21.304768302613073,21.239158113391987,21.122679416656005,,21.120022697382378,"rgba(38, 166, 154, 1.0)",0.0,0.0,0.030946044297473746,21.296282321585107,-1.010866567771954,0.0,0.0,0.0,0.0,0.0,0.0,0.0,0.0,45.7404294809806,0.38787705989127375,False,True,False,True,False,0.0,1,0.975265017667843,0.9187279151943495,False,False,False,False,-1.1186437289954184e-07,0.03163309775404091,False,False,False,False,-2559.0,-2082.8335522000534,False,False,False,False,29.204088116340756,False,False,False,False
2025-10-06 15:00:00+00:00,21.265,21.265,21.25,21.255,0.0,,,,,21.28581033262562,21.30804180548945,21.308590588235298,21.308666743845027,21.306098476402823,21.306098476402823,,,,,21.28581033262562,21.26844494892168,21.296115186090738,21.308422583942754,21.304768302613073,21.302906669601583,,21.304768302613073,21.239158113391987,21.122679416656005,,21.120022697382378,"rgba(38, 166, 154, 1.0)",0.0,0.0,0.029077869979178966,21.296282321585107,-1.4197161489018162,0.0,0.0,0.0,0.0,0.0,0.0,0.0,0.0,41.41292174153878,-3.6523451897792185,False,True,False,True,False,0.0,0,0.9733570159857893,0.9289520426287768,False,False,False,False,-0.21741630428545455,-0.09289160326570682,False,False,False,False,-2559.0,-2090.2159777473394,False,False,False,False,28.75131155639749,False,False,False,False
2025-10-06 16:00:00+00:00,21.255,21.255,21.25,21.255,0.0,,,,,21.28581033262562,21.30804180548945,21.308590588235298,21.308666743845027,21.306098476402823,21.306098476402823,,,,,21.28581033262562,21.26844494892168,21.296115186090738,21.308422583942754,21.304768302613073,21.302906669601583,,21.304768302613073,21.239158113391987,21.122679416656005,,21.120022697382378,"rgba(38, 166, 154, 1.0)",0.0,0.0,0.02743592042803035,21.296282321585107,-1.5046814883939867,0.0,0.0,0.0,0.0,0.0,0.0,0.0,0.0,38.5279165819109,-6.262376442737946,False,True,False,True,False,0.0,0,0.9648148148148138,0.9388888888888902,False,False,False,False,-0.23618800661945005,-0.16453980494257844,False,False,False,False,-2559.0,-2097.48394708459,False,False,False,False,28.30555478808125,False,False,False,False
2025-10-06 17:00:00+00:00,21.255,21.255,21.255,21.255,0.0,,,,,21.28581033262562,21.30804180548945,21.308590588235298,21.308666743845027,21.306098476402823,21.306098476402823,,,,,21.28581033262562,21.26844494892168,21.296115186090738,21.308422583942754,21.304768302613073,21.302906669601583,,21.304768302613073,21.239158113391987,21.122679416656005,,21.120022697382378,"rgba(38, 166, 154, 1.0)",0.0,0.0,0.02754799252024288,21.296282321585107,-1.4985600694777494,0.0,0.0,0.0,0.0,0.0,0.0,0.0,0.0,36.60457980882565,-8.025784517260455,False,True,False,True,False,0.0,0,0.9645522388059691,0.9421641791044796,False,False,False,False,-0.2267825123304377,-0.19566115863650807,False,False,False,False,-2559.0,-2104.639234726689,False,False,False,False,27.86670897741332,False,False,False,False
2025-10-06 18:00:00+00:00,21.255,21.255,21.255,21.255,0.0,,,,,21.28581033262562,21.30804180548945,21.308590588235298,21.308666743845027,21.306098476402823,21.306098476402823,,,,,21.28581033262562,21.26844494892168,21.296115186090738,21.308422583942754,21.304768302613073,21.302906669601583,,21.304768302613073,21.239158113391987,21.122679416656005,,21.120022697382378,"rgba(38, 166, 154, 1.0)",0.0,0.0,0.02769687919460546,21.296282321585107,-1.4905044461885901,0.0,0.0,0.0,0.0,0.0,0.0,0.0,0.0,35.32235529343548,-9.292217640988014,False,True,False,True,False,0.0,0,0.9605263157894733,0.9454887218045138,False,False,False,False,-0.2267825123304377,-0.2112218354834729,False,False,False,False,-2559.0,-2111.683587676663,False,False,False,False,27.434666977763502,False,False,False,False
2025-10-06 19:00:00+00:00,21.255,21.27,21.24,21.24,0.0,,,,,21.28581033262562,21.30804180548945,21.308590588235298,21.308666743845027,21.306098476402823,21.306098476402823,,,,,21.28581033262562,21.26844494892168,21.296115186090738,21.308422583942754,21.304768302613073,21.302906669601583,,21.304768302613073,21.239158113391987,21.122679416656005,,21.120022697382378,"rgba(239, 83, 80, 1.0)",0.0,0.0,0.027550118130643945,21.296282321585107,-2.0429067243274557,1.0,21.27,21.24,869.0,0.0,0.0,0.0,0.0,32.02938085022741,-12.461205231834256,False,True,False,True,False,0.0,0,0.9588014981273395,0.936329588014983,True,False,False,False,-0.2267825123304377,-0.2190021739069553,False,False,False,False,-2559.0,-2118.6187258522186,False,False,False,False,27.009323303689648,False,False,False,False
2025-10-07 14:00:00+00:00,21.25,21.265,21.245,21.255,168.0,,,,,21.27770996348461,21.30600266971777,21.306552738795837,21.306657380580937,21.304253528189697,21.304253528189697,,,,,21.27770996348461,21.266291706387037,21.29432060275396,21.306386052492247,21.302978305858847,21.30119825939291,21.255000000000003,21.302978305858847,21.239631341868186,21.12546336881653,,21.12284839044652,"rgba(239, 83, 80, 1.0)",0.0,0.0,0.02691293938442461,21.289286340746184,-1.2739723542062253,0.0,0.0,0.0,0.0,0.0,0.0,0.0,0.0,34.82356940427252,-12.461205231834256,False,True,False,True,True,0.0,0,0.9591078066914486,0.9312267657992568,False,False,False,False,-0.22678251233042432,-0.22289234311868983,False,False,False,False,-2391.0,-2122.841691342882,False,False,False,False,29.19522526797353,False,False,False,False
2025-10-07 15:00:00+00:00,21.255,21.275,21.255,21.27,83.0,,,,,21.276440443213296,21.305269481248594,21.305817225801675,21.305931072210065,21.30359480574324,21.30359480574324,,,,,21.276440443213296,21.266319199057715,21.293736859952524,21.305651818856717,21.302344341607068,21.300600403281877,21.25885790172643,21.302344341607068,21.24002453127738,21.126916005618902,,21.12432062983062,"rgba(239, 83, 80, 1.0)",0.0,0.0,0.026325577601249775,21.28874281658264,-0.7119622166144345,0.0,0.0,0.0,0.0,0.0,0.0,0.0,0.0,40.346026359222236,-15.716686912211202,False,True,False,True,True,0.0,0,0.9647495361781053,0.9294990723562159,False,False,False,False,-0.18953481043453205,-0.20621357677661095,False,False,False,False,-2308.0,-2125.7123627949304,False,False,False,False,30.029407821958436,False,False,False,False
2025-10-07 16:00:00+00:00,21.265,21.28,21.265,21.27,0.0,,,,,21.276440443213296,21.305269481248594,21.305817225801675,21.305931072210065,21.30359480574324,21.30359480574324,,,,,21.276440443213296,21.266319199057715,21.293736859952524,21.305651818856717,21.302344341607068,21.300600403281877,21.25885790172643,21.302344341607068,21.24002453127738,21.126916005618902,,21.12432062983062,"rgba(239, 83, 80, 1.0)",0.0,0.0,0.02593877059197667,21.28874281658264,-0.7225792184784036,0.0,0.0,0.0,0.0,0.0,0.0,0.0,0.0,44.02766432918872,-12.426243708733828,False,True,False,True,True,0.0,0,0.9677419354838692,0.9430740037950655,False,False,False,False,-0.16194158138798562,-0.18407757908229827,False,False,False,False,-2308.0,-2128.5385277128385,False,False,False,False,29.563835607664505,False,False,False,False
2025-10-07 17:00:00+00:00,21.27,21.3,21.27,21.285,98.0,,,,,21.27746341463415,21.30483300373544,21.305373631948974,21.305491645244214,21.30321783202317,21.30321783202317,,,,,21.27746341463415,21.267807588075883,21.29352440033085,21.30521069456553,21.301994023083264,21.300287884982282,21.26619866284623,21.301994023083264,21.240783807062876,21.12881316842191,,21.126239540173856,"rgba(239, 83, 80, 1.0)",0.0,0.0,0.025754034058252665,21.289469552022727,-0.17354764743328607,0.0,0.0,0.0,0.0,0.0,0.0,0.0,0.0,49.545990063396104,-7.451958876983312,False,False,False,False,True,1.4142784687614487,0,0.965973534971642,0.9357277882797724,False,False,False,False,-0.1164698664553589,-0.15027372276882858,False,False,False,False,-2210.0,-2129.80149627543,False,False,False,False,30.624861412196836,False,False,False,False
2025-10-07 18:00:00+00:00,21.285,21.285,21.285,21.285,0.0,,,,,21.27746341463415,21.30483300373544,21.305373631948974,21.305491645244214,21.30321783202317,21.30321783202317,,,,,21.27746341463415,21.267807588075883,21.29352440033085,21.30521069456553,21.301994023083264,21.300287884982282,21.26619866284623,21.301994023083264,21.240783807062876,21.12881316842191,,21.126239540173856,"rgba(239, 83, 80, 1.0)",0.0,0.0,0.02562849624584287,21.289469552022727,-0.17439774772003913,0.0,0.0,0.0,0.0,0.0,0.0,0.0,0.0,53.224873886201024,-4.209231656416108,True,False,True,False,True,1.4142784687614487,0,0.971428571428569,0.9409523809523804,False,False,False,False,-0.1164698664553589,-0.13337179461209375,False,False,False,False,-2210.0,-2131.0448839300743,False,False,False,False,30.150057359294557,False,False,False,False
2025-10-07 19:00:00+00:00,21.285,21.285,21.27,21.285,216.0,,,,,21.27799227799228,21.303707782672536,21.304235375562477,21.30436425061425,21.302224752475244,21.302224752475244,,,,,21.27799227799228,21.269628861226373,21.292836395038464,21.30407715792395,21.301056629834253,21.29942997911772,21.271474926253692,21.301056629834253,21.242190666002326,21.13270917839815,,21.130183052323282,"rgba(239, 83, 80, 1.0)",0.0,0.0,0.025433538190118572,21.28961252660526,-0.18135607286652025,0.0,0.0,0.0,0.0,0.0,0.0,0.0,0.0,55.67746310140431,-1.9836773664605971,True,False,True,False,True,1.4142784687614487,0,0.9675572519083951,0.9389312977099235,False,False,False,False,-0.14368348546397827,-0.13852764003803603,False,False,False,False,-2210.0,-2132.26899425674,False,False,False,False,33.03145181884038,False,False,False,False
2025-10-08 14:00:00+00:00,21.285,21.3,21.28,21.29,0.0,,,,,21.27799227799228,21.303707782672536,21.304235375562477,21.30436425061425,21.302224752475244,21.302224752475244,,,,,21.27799227799228,21.269628861226373,21.292836395038464,21.30407715792395,21.301056629834253,21.29942997911772,21.271474926253692,21.301056629834253,21.242190666002326,21.13270917839815,,21.130183052323282,"rgba(239, 83, 80, 1.0)",0.0,0.0,0.02536721300219728,21.28961252660526,0.01527457488943989,0.0,0.0,0.0,0.0,0.0,0.0,0.0,0.0,58.39459413344308,0.6228838289303127,True,False,True,False,True,2.199674640699328,0,0.9656488549618307,0.9389312977099221,False,False,False,False,-0.09842483518329997,-0.118476237610668,False,False,False,False,-2210.0,-2133.474126128728,False,False,False,False,32.51933628676534,False,False,False,False
2025-10-08 15:00:00+00:00,21.29,21.295,21.285,21.29,0.0,,,,,21.27799227799228,21.303707782672536,21.304235375562477,21.30436425061425,21.302224752475244,21.302224752475244,,,,,21.27799227799228,21.269628861226373,21.292836395038464,21.30407715792395,21.301056629834253,21.29942997911772,21.271474926253692,21.301056629834253,21.242190666002326,21.13270917839815,,21.130183052323282,"rgba(239, 83, 80, 1.0)",0.0,0.0,0.025245996917604704,21.28961252660526,0.015347914206083111,0.0,0.0,0.0,0.0,0.0,0.0,0.0,0.0,60.206014821468926,2.493266164879458,True,False,True,False,True,2.199674640699328,0,0.9637404580152649,0.9408396946564866,False,False,False,False,-0.09842483518329997,-0.10845053639698399,False,False,False,False,-2210.0,-2134.660573785647,False,False,False,False,32.01516053038138,False,False,False,False
2025-10-08 16:00:00+00:00,21.285,21.3,21.285,21.295,0.0,,,,,21.27799227799228,21.303707782672536,21.304235375562477,21.30436425061425,21.302224752475244,21.302224752475244,,,,,21.27799227799228,21.269628861226373,21.292836395038464,21.30407715792395,21.301056629834253,21.29942997911772,21.271474926253692,21.301056629834253,21.242190666002326,21.13270917839815,,21.130183052323282,"rgba(38, 166, 154, 1.0)",0.0,0.0,0.025000000000066778,21.28961252660526,0.21549893578906412,0.0,0.0,0.0,0.0,0.0,0.0,0.0,0.0,62.55171706837458,4.950643588029031,True,False,True,False,True,2.9998341538190196,0,0.9806949806949791,0.9343629343629336,False,False,False,False,-0.08942694700885062,-0.0989387417029173,False,False,False,False,-2210.0,-2135.828626905249,False,False,False,False,31.51880145239097,False,False,False,False
2025-10-08 17:00:00+00:00,21.295,21.32,21.295,21.31,21.0,,,,,21.27859508041627,21.303728070175435,21.30425317066446,21.30438124362895,21.30225004929994,21.30225004929994,,,,,21.27859508041627,21.270182912974324,21.292912663073196,21.304095682210708,21.301086657496562,21.29946643270293,21.27279579067122,21.301086657496562,21.24242055610725,21.133148082034193,,21.13062615973785,"rgba(38, 166, 154, 1.0)",0.0,0.0,0.025123658137332215,21.290437039134854,0.778666894693773,0.0,0.0,0.0,0.0,0.0,0.0,0.0,0.0,66.753586173649,9.10784083478594,True,False,True,False,True,5.3435229163826925,0,0.9864603481624744,0.9187620889748545,False,False,False,False,-0.03569098199231503,-0.06731486184761618,False,False,False,False,-2189.0,-2136.652989278811,False,False,False,False,31.355719259330645,False,False,False,False
2025-10-08 18:00:00+00:00,21.31,21.31,21.285,21.285,10.0,,,,,21.278733208372383,21.30370640544671,21.304230636951438,21.30435876568328,21.30223250016401,21.30223250016401,,,,,21.278733208372383,21.27033965244866,21.29291364663705,21.3040734229576,21.301071451918677,21.299454498281115,21.2731403803132,21.301071451918677,21.24250468164794,21.13333848409208,,21.130818644268306,"rgba(38, 166, 154, 1.0)",0.0,0.0,0.025109131177159592,21.29026595905005,-0.20972286985540262,0.0,0.0,0.0,0.0,0.0,0.0,0.0,0.0,61.744168011958436,9.10784083478594,True,False,True,False,False,1.1290844089245589,0,0.978764478764476,0.9227799227799228,False,False,False,False,-0.07147294669829495,-0.06939390427295555,False,False,False,False,-2199.0,-2137.61960960007,False,False,False,False,31.024622836705362,False,False,False,False
2025-10-08 19:00:00+00:00,21.3,21.3,21.27,21.285,9.0,,,,,21.27878562577447,21.30367138201234,21.304194987984896,21.304323382074195,21.302202030124427,21.302202030124427,,,,,21.27878562577447,21.270428443248093,21.292897029086948,21.30403798513625,21.30104313495171,21.299429228179225,21.273316804407717,21.30104313495171,21.2425677830941,21.133500554104327,,21.13098262822028,"rgba(38, 166, 154, 1.0)",0.0,0.0,0.024968087740328392,21.290078688027272,-0.20340716838593348,0.0,0.0,0.0,0.0,0.0,0.0,0.0,0.0,58.40455590416474,16.436355827557833,True,False,True,False,False,1.1290844089245695,0,0.9692307692307671,0.9307692307692293,False,False,False,False,-0.1164698664553589,-0.09293188536415722,False,False,False,False,-2199.0,-2138.571243559759,False,False,False,False,30.683155815981248,False,False,False,False
2025-10-09 14:00:00+00:00,21.25,21.255,21.245,21.25,0.0,,,,,21.27878562577447,21.30367138201234,21.304194987984896,21.304323382074195,21.302202030124427,21.302202030124427,,,,,21.27878562577447,21.270428443248093,21.292897029086948,21.30403798513625,21.30104313495171,21.299429228179225,21.273316804407717,21.30104313495171,21.2425677830941,21.133500554104327,,21.13098262822028,"rgba(239, 83, 80, 1.0)",0.0,0.0,0.02521653968880725,21.290078688027272,-1.5893809587626102,0.0,0.0,0.0,0.0,0.0,0.0,0.0,0.0,50.04274299658263,8.693357872975355,False,False,False,True,False,0.0,0,0.9599999999999984,0.9352380952380944,False,False,False,False,-0.24563470975065468,-0.16928329755740595,False,False,False,False,-2199.0,-2139.5081235045686,False,False,False,False,30.20744797387301,False,False,False,False
2025-10-09 15:00:00+00:00,21.25,21.255,21.245,21.255,0.0,,,,,21.27878562577447,21.30367138201234,21.304194987984896,21.304323382074195,21.302202030124427,21.302202030124427,,,,,21.27878562577447,21.270428443248093,21.292897029086948,21.30403798513625,21.30104313495171,21.299429228179225,21.273316804407717,21.30104313495171,21.2425677830941,21.133500554104327,,21.13098262822028,"rgba(239, 83, 80, 1.0)",0.0,0.0,0.02537609004455279,21.290078688027272,-1.3823519685532815,0.0,0.0,0.0,0.0,0.0,0.0,0.0,0.0,45.67058441471403,4.808432124157669,False,True,False,True,False,0.0,0,0.9598470363288703,0.9369024856596546,False,False,False,False,-0.24563470975065468,-0.2074590036540303,False,False,False,False,-2199.0,-2140.4304781789165,False,False,False,False,29.739115447146293,False,False,False,False
2025-10-09 16:00:00+00:00,21.255,21.255,21.245,21.245,0.0,,,,,21.27878562577447,21.30367138201234,21.304194987984896,21.304323382074195,21.302202030124427,21.302202030124427,,,,,21.27878562577447,21.270428443248093,21.292897029086948,21.30403798513625,21.30104313495171,21.299429228179225,21.273316804407717,21.30104313495171,21.2425677830941,21.133500554104327,,21.13098262822028,"rgba(239, 83, 80, 1.0)",0.0,0.0,0.0256532666554062,21.290078688027272,-1.7572299322656029,0.0,0.0,0.0,0.0,0.0,0.0,0.0,0.0,41.420210598326086,0.9294107941833616,False,True,False,True,False,0.0,0,0.9575289575289562,0.9440154440154426,False,False,False,False,-0.24563470975065468,-0.22654685670234248,False,False,False,False,-2199.0,-2141.3385327807937,False,False,False,False,29.278043889826193,False,False,False,False
2025-10-09 17:00:00+00:00,21.245,21.245,21.245,21.245,0.0,,,,,21.27878562577447,21.30367138201234,21.304194987984896,21.304323382074195,21.302202030124427,21.302202030124427,,,,,21.27878562577447,21.270428443248093,21.292897029086948,21.30403798513625,21.30104313495171,21.299429228179225,21.273316804407717,21.30104313495171,21.2425677830941,21.133500554104327,,21.13098262822028,"rgba(239, 83, 80, 1.0)",0.0,0.0,0.025943979842987828,21.290078688027272,-1.7375394330432619,0.0,0.0,0.0,0.0,0.0,0.0,0.0,0.0,38.58662805406746,-1.7635159121789599,False,True,False,True,False,0.0,0,0.9512670565302128,0.9493177387914218,False,False,False,False,-0.2646596673558373,-0.24560326202908989,False,False,False,False,-2199.0,-2142.23250901675,False,False,False,False,28.824120728743615,False,False,False,False
2025-10-09 18:00:00+00:00,21.245,21.245,21.245,21.245,0.0,,,,,21.27878562577447,21.30367138201234,21.304194987984896,21.304323382074195,21.302202030124427,21.302202030124427,,,,,21.27878562577447,21.270428443248093,21.292897029086948,21.30403798513625,21.30104313495171,21.299429228179225,21.273316804407717,21.30104313495171,21.2425677830941,21.133500554104327,,21.13098262822028,"rgba(239, 83, 80, 1.0)",0.0,0.0,0.026134268690806046,21.290078688027272,-1.7248880602168686,0.0,0.0,0.0,0.0,0.0,0.0,0.0,0.0,36.697573024561706,-3.7596399438306563,False,True,False,True,False,0.0,0,0.9470588235294095,0.949019607843136,False,False,False,False,-0.2646596673558373,-0.2551314646924636,False,False,False,False,-2199.0,-2143.1126251560254,False,False,False,False,28.377235136049915,False,False,False,False
2025-10-09 19:00:00+00:00,21.245,21.25,21.245,21.25,19.0,,,,,21.278257229832573,21.30345351567896,21.30397722609766,21.30410816643064,21.302001696352843,21.302001696352843,,,,21.24833333333334,21.278257229832573,21.27014950166113,21.292700348432057,21.303820344094866,21.30084779923282,21.299241339268434,21.272556089743595,21.30084779923282,21.242585800438597,21.13375903328989,,21.13124552922218,"rgba(239, 83, 80, 1.0)",0.0,0.0,0.026273509421098015,21.273326795012835,-0.8878446590048347,0.0,0.0,0.0,0.0,0.0,0.0,0.0,0.0,37.04163170837361,-3.83141103427527,False,True,False,True,False,0.0,0,0.9462151394422288,0.958167330677289,False,False,False,False,-0.25512459063802173,-0.2551280276652427,False,False,False,False,-2180.0,-2143.6845224404283,False,False,False,False,28.231851645568522,False,False,False,False
2025-10-10 14:00:00+00:00,21.295,21.295,21.275,21.29,0.0,,,,,21.278257229832573,21.30345351567896,21.30397722609766,21.30410816643064,21.302001696352843,21.302001696352843,,,,21.24833333333334,21.278257229832573,21.27014950166113,21.292700348432057,21.303820344094866,21.30084779923282,21.299241339268434,21.272556089743595,21.30084779923282,21.242585800438597,21.13375903328989,,21.13124552922218,"rgba(239, 83, 80, 1.0)",0.0,0.0,0.02623662250297447,21.273326795012835,0.6354935733543375,0.0,0.0,0.0,0.0,0.0,0.0,0.0,0.0,45.412599094629854,-3.83141103427527,False,True,False,True,True,2.3169571096224644,0,0.9448818897637776,0.9429133858267688,False,False,False,False,-0.1164698664553589,-0.18579894706030078,False,False,False,False,-2180.0,-2144.2475531002665,False,False,False,False,27.794148519280636,False,False,False,False
2025-10-10 15:00:00+00:00,21.3,21.325,21.295,21.305,0.0,,,,,21.278257229832573,21.30345351567896,21.30397722609766,21.30410816643064,21.302001696352843,21.302001696352843,,,,21.24833333333334,21.278257229832573,21.27014950166113,21.292700348432057,21.303820344094866,21.30084779923282,21.299241339268434,21.272556089743595,21.30084779923282,21.242585800438597,21.13375903328989,,21.13124552922218,"rgba(38, 166, 154, 1.0)",0.0,0.0,0.026348666992003212,21.273326795012835,1.2020799760677614,0.0,0.0,0.0,0.0,0.0,0.0,0.0,0.0,52.784358498317786,-7.044116237599944,True,False,True,False,True,4.496505253956929,0,0.9511718749999983,0.929687499999997,False,False,False,False,-0.02676330880198358,-0.10628112793114218,False,False,False,False,-2180.0,-2144.801854602588,False,False,False,False,27.36323148797396,False,False,False,False
2025-10-10 16:00:00+00:00,21.305,21.305,21.285,21.3,0.0,,,,,21.278257229832573,21.30345351567896,21.30397722609766,21.30410816643064,21.302001696352843,21.302001696352843,,,,21.24833333333334,21.278257229832573,21.27014950166113,21.292700348432057,21.303820344094866,21.30084779923282,21.299241339268434,21.272556089743595,21.30084779923282,21.242585800438597,21.13375903328989,,21.13124552922218,"rgba(38, 166, 154, 1.0)",0.0,0.0,0.026397856860928607,21.273326795012835,1.010430700025674,0.0,0.0,0.0,0.0,0.0,0.0,0.0,0.0,56.56098782712182,-3.5692141071254895,True,False,True,False,True,3.6938540693242814,0,0.9459999999999976,0.9539999999999975,False,False,False,False,-0.08044347796959501,-0.0933623029503686,False,False,False,False,-2180.0,-2145.347562283168,False,False,False,False,26.938995340873586,False,False,False,False
2025-10-10 17:00:00+00:00,21.3,21.3,21.3,21.3,0.0,,,,,21.278257229832573,21.30345351567896,21.30397722609766,21.30410816643064,21.302001696352843,21.302001696352843,,,,21.24833333333334,21.278257229832573,21.27014950166113,21.292700348432057,21.303820344094866,21.30084779923282,21.299241339268434,21.272556089743595,21.30084779923282,21.242585800438597,21.13375903328989,,21.13124552922218,"rgba(38, 166, 154, 1.0)",0.0,0.0,0.02648269875478263,21.273326795012835,1.0071936109739796,0.0,0.0,0.0,0.0,0.0,0.0,0.0,0.0,59.07874071299118,-1.0911338394041081,True,False,True,False,True,3.6938540693242814,0,0.9516129032258044,0.9516129032258029,False,False,False,False,-0.06251388442304685,-0.07793809368670773,False,False,False,False,-2180.0,-2145.8848093795527,False,False,False,False,26.52133649837942,False,False,False,False
2025-10-10 18:00:00+00:00,21.3,21.3,21.3,21.3,0.0,,,,,21.278257229832573,21.30345351567896,21.30397722609766,21.30410816643064,21.302001696352843,21.302001696352843,,,,21.24833333333334,21.278257229832573,21.27014950166113,21.292700348432057,21.303820344094866,21.30084779923282,21.299241339268434,21.272556089743595,21.30084779923282,21.242585800438597,21.13375903328989,,21.13124552922218,"rgba(38, 166, 154, 1.0)",0.0,0.0,0.026566591497349055,21.273326795012835,1.0040130661785203,0.0,0.0,0.0,0.0,0.0,0.0,0.0,0.0,60.75724263690408,0.8009223985986154,True,False,True,False,True,3.6938540693242814,0,0.9471544715447127,0.9552845528455256,False,False,False,False,-0.06251388442304685,-0.07022598905487729,False,False,False,False,-2180.0,-2146.4137270635906,False,False,False,False,26.110152986776637,False,False,False,False
2025-10-10 19:00:00+00:00,21.3,21.32,21.3,21.32,65.0,,,,21.313333333333336,21.280222701149427,21.30358481564779,21.30410035769724,21.304227902023428,21.30214405360134,21.30214405360134,,,,21.298630952380954,21.280222701149427,21.271937367303607,21.29300724637681,21.303945819805197,21.301004108885465,21.29941641182467,21.27640299951621,21.301004108885465,21.243334147002987,21.135131279880866,,21.132630470395505,"rgba(38, 166, 154, 1.0)",0.0,0.0,0.02698464695293266,21.29071669889978,1.0851837769565156,0.0,0.0,0.0,0.0,0.0,0.0,0.0,0.0,64.55028203909359,4.749585431118874,True,False,True,False,True,6.627722440442646,0,0.9513184584178478,0.9411764705882323,False,False,False,False,-0.02676330880198358,-0.04849464892843043,False,False,False,False,-2115.0,-2145.9266925354727,False,False,False,False,26.713096351322733,False,False,False,False
2025-10-13 14:00:00+00:00,21.32,21.32,21.32,21.32,0.0,,,,21.313333333333336,21.280222701149427,21.30358481564779,21.30410035769724,21.304227902023428,21.30214405360134,21.30214405360134,,,,21.298630952380954,21.280222701149427,21.271937367303607,21.29300724637681,21.303945819805197,21.301004108885465,21.29941641182467,21.27640299951621,21.301004108885465,21.243334147002987,21.135131279880866,,21.132630470395505,"rgba(38, 166, 154, 1.0)",0.0,0.0,0.027336244626384305,21.29071669889978,1.0712261870805047,0.0,0.0,0.0,0.0,0.0,0.0,0.0,0.0,67.07897497388657,7.517036060163228,True,False,True,False,True,6.627722440442646,0,0.9592668024439895,0.938900203665985,False,False,False,False,0.008918972207736815,-0.01978783836034681,False,False,False,False,-2115.0,-2145.4472089302712,False,False,False,False,26.298939818744085,False,False,False,False
2025-10-13 15:00:00+00:00,21.32,21.32,21.32,21.32,0.0,,,,21.313333333333336,21.280222701149427,21.30358481564779,21.30410035769724,21.304227902023428,21.30214405360134,21.30214405360134,,,,21.298630952380954,21.280222701149427,21.271937367303607,21.29300724637681,21.303945819805197,21.301004108885465,21.29941641182467,21.27640299951621,21.301004108885465,21.243334147002987,21.135131279880866,,21.132630470395505,"rgba(38, 166, 154, 1.0)",0.0,0.0,0.027729387279963214,21.29071669889978,1.0560385198767521,0.0,0.0,0.0,0.0,0.0,0.0,0.0,0.0,68.76477026374857,9.569534301908838,True,False,True,False,True,6.627722440442646,0,0.9587628865979358,0.9463917525773167,False,False,False,False,0.008918972207736815,-0.005434433076304998,False,False,False,False,-2115.0,-2144.9751591794143,False,False,False,False,25.891204317678284,False,False,False,False
2025-10-13 16:00:00+00:00,21.32,21.32,21.32,21.32,0.0,,,,21.313333333333336,21.280222701149427,21.30358481564779,21.30410035769724,21.304227902023428,21.30214405360134,21.30214405360134,,,,21.298630952380954,21.280222701149427,21.271937367303607,21.29300724637681,21.303945819805197,21.301004108885465,21.29941641182467,21.27640299951621,21.301004108885465,21.243334147002987,21.135131279880866,,21.132630470395505,"rgba(38, 166, 154, 1.0)",0.0,0.0,0.028106618117184786,21.29071669889978,1.0418649792063517,0.0,0.0,0.0,0.0,0.0,0.0,0.0,0.0,69.88863379032324,11.183510803505143,True,False,True,False,True,6.627722440442646,0,0.9726315789473662,0.936842105263155,False,False,False,False,0.008918972207736815,0.0017422695657159084,False,False,False,False,-2115.0,-2144.510428029346,False,False,False,False,25.48979029724916,False,False,False,False
2025-10-13 17:00:00+00:00,21.32,21.32,21.32,21.32,0.0,,,,21.313333333333336,21.280222701149427,21.30358481564779,21.30410035769724,21.304227902023428,21.30214405360134,21.30214405360134,,,,21.298630952380954,21.280222701149427,21.271937367303607,21.29300724637681,21.303945819805197,21.301004108885465,21.29941641182467,21.27640299951621,21.301004108885465,21.243334147002987,21.135131279880866,,21.132630470395505,"rgba(38, 166, 154, 1.0)",0.0,0.0,0.028068128185241063,21.29071669889978,1.0432936926524192,0.0,0.0,0.0,0.0,0.0,0.0,0.0,0.0,70.63787614137303,12.519706142936514,True,False,True,False,True,6.627722440442646,0,0.9765458422174824,0.9339019189765433,False,False,False,False,0.008918972207736815,0.005330620886726362,False,False,False,False,-2115.0,-2144.0529020133868,False,False,False,False,25.09459975000499,False,False,False,False
2025-10-13 18:00:00+00:00,21.32,21.32,21.32,21.32,0.0,,,,21.313333333333336,21.280222701149427,21.30358481564779,21.30410035769724,21.304227902023428,21.30214405360134,21.30214405360134,,,,21.298630952380954,21.280222701149427,21.271937367303607,21.29300724637681,21.303945819805197,21.301004108885465,21.29941641182467,21.27640299951621,21.301004108885465,21.243334147002987,21.135131279880866,,21.132630470395505,"rgba(38, 166, 154, 1.0)",0.0,0.0,0.02775731378343016,21.29071669889978,1.0549760444651664,0.0,0.0,0.0,0.0,0.0,0.0,0.0,0.0,71.13737104207289,13.669628266068067,True,False,True,False,True,6.627722440442646,0,0.9762419006479466,0.9330453563714877,False,False,False,False,0.008918972207736815,0.007124796547231588,False,False,False,False,-2115.0,-2143.602469424032,False,False,False,False,24.705536187989406,False,False,False,False
2025-10-13 19:00:00+00:00,21.32,21.32,21.32,21.32,0.0,,,,21.313333333333336,21.280222701149427,21.30358481564779,21.30410035769724,21.304227902023428,21.30214405360134,21.30214405360134,,,,21.298630952380954,21.280222701149427,21.271937367303607,21.29300724637681,21.303945819805197,21.301004108885465,21.29941641182467,21.27640299951621,21.301004108885465,21.243334147002987,21.135131279880866,,21.132630470395505,"rgba(38, 166, 154, 1.0)",0.0,0.0,0.02762979198996549,21.29071669889978,1.0598451523216903,0.0,0.0,0.0,0.0,0.0,0.0,0.0,0.0,71.47036764253946,14.684308339884453,True,False,True,False,True,6.627722440442646,0,0.9673913043478246,0.9347826086956491,False,False,False,False,0.008918972207736815,0.008021884377484202,False,False,False,False,-2115.0,-2143.1590202856746,False,False,False,False,24.322504619183366,False,False,False,False
2025-10-14 14:00:00+00:00,21.32,21.345,21.32,21.335,0.0,,,,21.313333333333336,21.280222701149427,21.30358481564779,21.30410035769724,21.304227902023428,21.30214405360134,21.30214405360134,,,,21.298630952380954,21.280222701149427,21.271937367303607,21.29300724637681,21.303945819805197,21.301004108885465,21.29941641182467,21.27640299951621,21.301004108885465,21.243334147002987,21.135131279880866,,21.132630470395505,"rgba(38, 166, 154, 1.0)",0.0,0.0,0.02787520451997459,21.29071669889978,1.5886269486736857,0.0,0.0,0.0,0.0,0.0,0.0,0.0,0.0,74.26148717025207,17.904035709875885,True,False,True,False,True,8.97466785956119,0,0.9652928416485873,0.9284164859002151,False,False,False,False,0.053564475711000925,0.030793180044242564,False,False,False,False,-2115.0,-2142.722446327757,False,False,False,False,23.945411524312306,False,False,False,False
2025-10-14 15:00:00+00:00,21.335,21.345,21.335,21.345,0.0,,,,21.313333333333336,21.280222701149427,21.30358481564779,21.30410035769724,21.304227902023428,21.30214405360134,21.30214405360134,,,,21.298630952380954,21.280222701149427,21.271937367303607,21.29300724637681,21.303945819805197,21.301004108885465,21.29941641182467,21.27640299951621,21.301004108885465,21.243334147002987,21.135131279880866,,21.132630470395505,"rgba(38, 166, 154, 1.0)",0.0,0.0,0.028324057835268982,21.29071669889978,1.9165086237264657,0.0,0.0,0.0,0.0,0.0,0.0,0.0,0.0,77.2766073567611,21.14625095520752,True,False,True,False,True,10.481245721315528,0,0.9694989106753793,0.9302832244008692,False,False,False,False,0.08044311889943091,0.05561814947183674,False,False,False,False,-2115.0,-2142.2926409583342,False,False,False,False,23.57416483401289,False,False,False,False
2025-10-14 16:00:00+00:00,21.345,21.38,21.34,21.375,0.0,,,,21.313333333333336,21.280222701149427,21.30358481564779,21.30410035769724,21.304227902023428,21.30214405360134,21.30214405360134,,,,21.298630952380954,21.280222701149427,21.271937367303607,21.29300724637681,21.303945819805197,21.301004108885465,21.29941641182467,21.27640299951621,21.301004108885465,21.243334147002987,21.135131279880866,,21.132630470395505,"rgba(38, 166, 154, 1.0)",0.0,0.0,0.02979660782440312,21.29071669889978,2.82862068047874,0.0,0.0,0.0,0.0,0.0,0.0,0.0,0.0,81.32902153608117,25.183978810304183,True,False,True,False,True,14.693733087881181,0,0.9652173913043451,0.9260869565217361,False,False,False,False,0.15279953186739875,0.10420884066961775,False,False,False,False,-2115.0,-2141.8694992380497,False,False,False,False,23.208673906353773,False,False,False,False
2025-10-14 17:00:00+00:00,21.375,21.38,21.37,21.38,0.0,,,,21.313333333333336,21.280222701149427,21.30358481564779,21.30410035769724,21.304227902023428,21.30214405360134,21.30214405360134,,,,21.298630952380954,21.280222701149427,21.271937367303607,21.29300724637681,21.303945819805197,21.301004108885465,21.29941641182467,21.27640299951621,21.301004108885465,21.243334147002987,21.135131279880866,,21.132630470395505,"rgba(38, 166, 154, 1.0)",0.0,0.0,0.03155404344392538,21.29071669889978,2.8295359755996237,0.0,0.0,0.0,0.0,0.0,0.0,0.0,0.0,84.25740962548959,28.055930552299856,True,False,True,False,True,15.356013597619327,0,0.9737991266375533,0.9301310043668083,False,False,False,False,0.20808713106769308,0.15614798586865541,False,False,False,False,-2115.0,-2141.452917854514,False,False,False,False,22.848849504704877,False,False,False,False
2025-10-14 18:00:00+00:00,21.38,21.38,21.38,21.38,0.0,,,,21.313333333333336,21.280222701149427,21.30358481564779,21.30410035769724,21.304227902023428,21.30214405360134,21.30214405360134,,,,21.298630952380954,21.280222701149427,21.271937367303607,21.29300724637681,21.303945819805197,21.301004108885465,21.29941641182467,21.27640299951621,21.301004108885465,21.243334147002987,21.135131279880866,,21.132630470395505,"rgba(38, 166, 154, 1.0)",0.0,0.0,0.03304678638072995,21.29071669889978,2.701724157731799,0.0,0.0,0.0,0.0,0.0,0.0,0.0,0.0,86.20966835176186,30.02490330652833,True,False,True,False,True,15.356013597619327,0,0.9736842105263129,0.9298245614035049,False,False,False,False,0.22678213690907756,0.1914650613888665,False,False,False,False,-2115.0,-2141.0427950970793,False,False,False,False,22.494603775949763,False,False,False,False
2025-10-14 19:00:00+00:00,21.38,21.38,21.38,21.38,0.0,,,,21.313333333333336,21.280222701149427,21.30358481564779,21.30410035769724,21.304227902023428,21.30214405360134,21.30214405360134,,,,21.298630952380954,21.280222701149427,21.271937367303607,21.29300724637681,21.303945819805197,21.301004108885465,21.29941641182467,21.27640299951621,21.301004108885465,21.243334147002987,21.135131279880866,,21.132630470395505,"rgba(38, 166, 154, 1.0)",0.0,0.0,0.03433040309376105,21.29071669889978,2.6007064599962706,0.0,0.0,0.0,0.0,0.0,0.0,0.0,0.0,87.51117416927671,31.454346121993012,True,False,True,False,True,15.356013597619327,0,0.9735682819383231,0.9295154185021988,False,False,False,False,0.22678213690907756,0.20912359914897202,False,False,False,False,-2115.0,-2140.639030832008,False,False,False,False,22.145850229035812,False,False,False,False
2025-10-15 14:00:00+00:00,21.42,21.42,21.4,21.41,0.0,,,,21.313333333333336,21.280222701149427,21.30358481564779,21.30410035769724,21.304227902023428,21.30214405360134,21.30214405360134,,,,21.298630952380954,21.280222701149427,21.271937367303607,21.29300724637681,21.303945819805197,21.301004108885465,21.29941641182467,21.27640299951621,21.301004108885465,21.243334147002987,21.135131279880866,,21.132630470395505,"rgba(38, 166, 154, 1.0)",0.0,0.0,0.036617452639983374,21.29071669889978,3.257553229412072,0.0,0.0,0.0,0.0,0.0,0.0,0.0,0.0,89.54822618936738,33.61184574065386,True,False,True,False,True,19.258414384687505,0,0.9739130434782581,0.9217391304347775,False,False,False,False,0.3428278540601961,0.2759757266045841,False,False,False,False,-2115.0,-2140.241526478023,False,False,False,False,21.80250371385696,False,False,False,False
2025-10-15 15:00:00+00:00,21.41,21.42,21.38,21.385,0.0,,,,21.313333333333336,21.280222701149427,21.30358481564779,21.30410035769724,21.304227902023428,21.30214405360134,21.30214405360134,,,,21.298630952380954,21.280222701149427,21.271937367303607,21.29300724637681,21.303945819805197,21.301004108885465,21.29941641182467,21.27640299951621,21.301004108885465,21.243334147002987,21.135131279880866,,21.132630470395505,"rgba(38, 166, 154, 1.0)",0.0,0.0,0.037766828478665936,21.29071669889978,2.4964580002655627,0.0,0.0,0.0,0.0,0.0,0.0,0.0,0.0,83.1157450990149,39.38083197573023,True,False,True,False,False,14.290618779813677,0,0.967880085653102,0.9186295503211951,False,False,False,False,0.3032937963425424,0.28963476147356326,False,False,False,False,-2115.0,-2139.850184982239,False,False,False,False,21.464480400463827,False,False,False,False
2025-10-15 16:00:00+00:00,21.385,21.395,21.37,21.38,0.0,,,,21.313333333333336,21.280222701149427,21.30358481564779,21.30410035769724,21.304227902023428,21.30214405360134,21.30214405360134,,,,21.298630952380954,21.280222701149427,21.271937367303607,21.29300724637681,21.303945819805197,21.301004108885465,21.29941641182467,21.27640299951621,21.301004108885465,21.243334147002987,21.135131279880866,,21.132630470395505,"rgba(38, 166, 154, 1.0)",0.0,0.0,0.03878991695868065,21.29071669889978,2.3017141592575627,0.0,0.0,0.0,0.0,0.0,0.0,0.0,0.0,77.58208602152045,34.36030744483776,True,False,True,False,False,13.340436233681729,0,0.9635974304068502,0.9379014989293329,False,False,False,False,0.23618762958848927,0.26291119553102626,False,False,False,False,-2115.0,-2139.464910796468,False,False,False,False,21.13169775859617,False,False,False,False
2025-10-15 17:00:00+00:00,21.385,21.385,21.385,21.385,0.0,,,,21.313333333333336,21.280222701149427,21.30358481564779,21.30410035769724,21.304227902023428,21.30214405360134,21.30214405360134,,,,21.298630952380954,21.280222701149427,21.271937367303607,21.29300724637681,21.303945819805197,21.301004108885465,21.29941641182467,21.27640299951621,21.301004108885465,21.243334147002987,21.135131279880866,,21.132630470395505,"rgba(38, 166, 154, 1.0)",0.0,0.0,0.040048056717530756,21.29071669889978,2.35425408441731,0.0,0.0,0.0,0.0,0.0,0.0,0.0,0.0,74.52307540242279,31.664475140542436,True,False,True,False,False,14.002782608805362,0,0.9698275862068948,0.9353448275862011,False,False,False,False,0.24563433103229487,0.2542727632816606,False,False,False,False,-2115.0,-2139.0856098538866,False,False,False,False,20.804074537532664,False,False,False,False
2025-10-15 18:00:00+00:00,21.385,21.385,21.385,21.385,0.0,,,,21.313333333333336,21.280222701149427,21.30358481564779,21.30410035769724,21.304227902023428,21.30214405360134,21.30214405360134,,,,21.298630952380954,21.280222701149427,21.271937367303607,21.29300724637681,21.303945819805197,21.301004108885465,21.29941641182467,21.27640299951621,21.301004108885465,21.243334147002987,21.135131279880866,,21.132630470395505,"rgba(38, 166, 154, 1.0)",0.0,0.0,0.04119411311047602,21.29071669889978,2.2887566688805787,0.0,0.0,0.0,0.0,0.0,0.0,0.0,0.0,72.48373498969102,29.77584690103255,True,False,True,False,False,14.002782608805372,0,0.9673913043478232,0.9369565217391257,False,False,False,False,0.24563433103229487,0.24995354715697773,False,False,False,False,-2115.0,-2138.712189546074,False,False,False,False,20.481530746253085,False,False,False,False
2025-10-15 19:00:00+00:00,21.385,21.385,21.385,21.385,0.0,,,,21.313333333333336,21.280222701149427,21.30358481564779,21.30410035769724,21.304227902023428,21.30214405360134,21.30214405360134,,,,21.298630952380954,21.280222701149427,21.271937367303607,21.29300724637681,21.303945819805197,21.301004108885465,21.29941641182467,21.27640299951621,21.301004108885465,21.243334147002987,21.135131279880866,,21.132630470395505,"rgba(38, 166, 154, 1.0)",0.0,0.0,0.04229114021333904,21.29071669889978,2.229386595504583,0.0,0.0,0.0,0.0,0.0,0.0,0.0,0.0,71.1241747145365,28.357013967801834,True,False,True,False,False,14.002782608805372,0,0.9628008752735209,0.9387308533916797,False,False,False,False,0.24563433103229487,0.24779393909463632,False,False,False,False,-2115.0,-2138.3445587003985,False,False,False,False,20.163987633908075,False,False,False,False
2025-10-16 14:00:00+00:00,21.38,21.39,21.375,21.39,0.0,,,,21.313333333333336,21.280222701149427,21.30358481564779,21.30410035769724,21.304227902023428,21.30214405360134,21.30214405360134,,,,21.298630952380954,21.280222701149427,21.271937367303607,21.29300724637681,21.303945819805197,21.301004108885465,21.29941641182467,21.27640299951621,21.301004108885465,21.243334147002987,21.135131279880866,,21.132630470395505,"rgba(38, 166, 154, 1.0)",0.0,0.0,0.04347640967469584,21.29071669889978,2.2836131558031294,0.0,0.0,0.0,0.0,0.0,0.0,0.0,0.0,71.00132621303392,27.91920224515013,True,False,True,False,False,14.691098673568149,0,0.9542483660130684,0.936819172113285,False,False,False,False,0.23618762958848927,0.2419907843415628,False,False,False,False,-2115.0,-2137.9826275577566,False,False,False,False,19.85136767059167,False,False,False,False
2025-10-16 15:00:00+00:00,21.385,21.41,21.38,21.4,0.0,,,,21.313333333333336,21.280222701149427,21.30358481564779,21.30410035769724,21.304227902023428,21.30214405360134,21.30214405360134,,,,21.298630952380954,21.280222701149427,21.271937367303607,21.29300724637681,21.303945819805197,21.301004108885465,21.29941641182467,21.27640299951621,21.301004108885465,21.243334147002987,21.135131279880866,,21.132630470395505,"rgba(38, 166, 154, 1.0)",0.0,0.0,0.044911123444118205,21.29071669889978,2.4333237006684634,0.0,0.0,0.0,0.0,0.0,0.0,0.0,0.0,72.31721975128549,27.91920224515013,True,False,True,False,False,16.048708968898076,0,0.9569892473118241,0.9268817204301035,False,False,False,False,0.28387335822229043,0.26293207128192664,False,False,False,False,-2115.0,-2137.626307750659,False,False,False,False,19.543594528411955,False,False,False,False
2025-10-16 16:00:00+00:00,21.4,21.44,21.4,21.42,0.0,,,,21.313333333333336,21.280222701149427,21.30358481564779,21.30410035769724,21.304227902023428,21.30214405360134,21.30214405360134,,,,21.298630952380954,21.280222701149427,21.271937367303607,21.29300724637681,21.303945819805197,21.301004108885465,21.29941641182467,21.27640299951621,21.301004108885465,21.243334147002987,21.135131279880866,,21.132630470395505,"rgba(38, 166, 154, 1.0)",0.0,0.0,0.04689935553452111,21.29071669889978,2.756611463563966,0.0,0.0,0.0,0.0,0.0,0.0,0.0,0.0,75.23138190935573,27.91920224515013,True,False,True,False,True,18.638017981456795,0,0.9660297239915036,0.919320594479825,False,False,False,False,0.3428278745912187,0.30287997293657265,False,False,False,False,-2115.0,-2137.2755122816566,False,False,False,False,19.24059306285518,False,False,False,False
2025-10-16 17:00:00+00:00,21.425,21.43,21.425,21.425,0.0,,,,21.313333333333336,21.280222701149427,21.30358481564779,21.30410035769724,21.304227902023428,21.30214405360134,21.30214405360134,,,,21.298630952380954,21.280222701149427,21.271937367303607,21.29300724637681,21.303945819805197,21.301004108885465,21.29941641182467,21.27640299951621,21.301004108885465,21.243334147002987,21.135131279880866,,21.132630470395505,"rgba(38, 166, 154, 1.0)",0.0,0.0,0.04876289388278467,21.29071669889978,2.7538009008039945,0.0,0.0,0.0,0.0,0.0,0.0,0.0,0.0,77.57948465858661,27.91920224515013,True,False,True,False,True,19.26254556651791,0,0.9746300211416465,0.9175475687103561,False,False,False,False,0.3428278886587721,0.3228539307976724,False,False,False,False,-2115.0,-2136.9301555020957,False,False,False,False,18.94228929443882,False,False,False,False
2025-10-16 18:00:00+00:00,21.425,21.425,21.425,21.425,0.0,,,,21.313333333333336,21.280222701149427,21.30358481564779,21.30410035769724,21.304227902023428,21.30214405360134,21.30214405360134,,,,21.298630952380954,21.280222701149427,21.271937367303607,21.29300724637681,21.303945819805197,21.301004108885465,21.29941641182467,21.27640299951621,21.301004108885465,21.243334147002987,21.135131279880866,,21.132630470395505,"rgba(38, 166, 154, 1.0)",0.0,0.0,0.050656323031453857,21.29071669889978,2.650869488036902,0.0,0.0,0.0,0.0,0.0,0.0,0.0,0.0,79.14488649140719,23.096052689530723,True,False,True,False,True,19.26254556651791,0,0.985010706638114,0.9207708779443212,False,False,False,False,0.33371123030712374,0.32828258055239806,False,False,False,False,-2115.0,-2136.59015309121,False,False,False,False,18.64861039064907,False,False,False,False
2025-10-16 19:00:00+00:00,21.425,21.425,21.425,21.425,0.0,,,,21.313333333333336,21.280222701149427,21.30358481564779,21.30410035769724,21.304227902023428,21.30214405360134,21.30214405360134,,,,21.298630952380954,21.280222701149427,21.271937367303607,21.29300724637681,21.303945819805197,21.301004108885465,21.29941641182467,21.27640299951621,21.301004108885465,21.243334147002987,21.135131279880866,,21.132630470395505,"rgba(38, 166, 154, 1.0)",0.0,0.0,0.05244362052087282,21.29071669889978,2.5605269004411433,0.0,0.0,0.0,0.0,0.0,0.0,0.0,0.0,80.18848771328759,24.395641520206112,True,False,True,False,True,19.26254556651791,0,0.9848812095032381,0.9157667386609022,False,False,False,False,0.33371123030712374,0.3309969054297609,False,False,False,False,-2115.0,-2136.2554220355323,False,False,False,False,18.359484648158386,False,False,False,False
2025-10-17 14:00:00+00:00,21.42,21.425,21.405,21.42,0.0,,,,21.313333333333336,21.280222701149427,21.30358481564779,21.30410035769724,21.304227902023428,21.30214405360134,21.30214405360134,,,,21.298630952380954,21.280222701149427,21.271937367303607,21.29300724637681,21.303945819805197,21.301004108885465,21.29941641182467,21.27640299951621,21.301004108885465,21.243334147002987,21.135131279880866,,21.132630470395505,"rgba(38, 166, 154, 1.0)",0.0,0.0,0.0539780569364501,21.29071669889978,2.3951084651385637,0.0,0.0,0.0,0.0,0.0,0.0,0.0,0.0,78.58722381531378,24.395641520206112,True,False,True,False,True,18.165705719276062,0,0.9721627408993555,0.912205567451816,False,False,False,False,0.29775736217147003,0.3143771338006155,False,False,False,False,-2115.0,-2135.9258806086245,False,False,False,False,18.07484147531872,False,False,False,False
2025-10-17 15:00:00+00:00,21.42,21.43,21.42,21.425,0.0,,,,21.313333333333336,21.280222701149427,21.30358481564779,21.30410035769724,21.304227902023428,21.30214405360134,21.30214405360134,,,,21.298630952380954,21.280222701149427,21.271937367303607,21.29300724637681,21.303945819805197,21.301004108885465,21.29941641182467,21.27640299951621,21.301004108885465,21.243334147002987,21.135131279880866,,21.132630470395505,"rgba(38, 166, 154, 1.0)",0.0,0.0,0.055576665658977946,21.29071669889978,2.416181314730055,0.0,0.0,0.0,0.0,0.0,0.0,0.0,0.0,78.22626059021565,24.395641520206112,True,False,True,False,True,18.83260805529445,0,0.99134199134199,0.9112554112554071,False,False,False,False,0.33371123030712374,0.32404418205386964,False,False,False,False,-2115.0,-2135.6014483511262,False,False,False,False,17.79461137492618,False,False,False,False
2025-10-17 16:00:00+00:00,21.42,21.43,21.42,21.42,0.0,,,,21.313333333333336,21.280222701149427,21.30358481564779,21.30410035769724,21.304227902023428,21.30214405360134,21.30214405360134,,,,21.298630952380954,21.280222701149427,21.271937367303607,21.29300724637681,21.303945819805197,21.301004108885465,21.29941641182467,21.27640299951621,21.301004108885465,21.243334147002987,21.135131279880866,,21.132630470395505,"rgba(38, 166, 154, 1.0)",0.0,0.0,0.05696830160178093,21.29071669889978,2.269390125124976,0.0,0.0,0.0,0.0,0.0,0.0,0.0,0.0,75.70392720853027,24.395641520206112,True,False,True,False,False,17.7223848901315,0,1.0089086859688179,0.9020044543429797,False,False,False,False,0.33371123030712374,0.3288777061804967,False,False,False,False,-2115.0,-2135.2820460511084,False,False,False,False,17.518725927252905,False,False,False,False
2025-10-17 17:00:00+00:00,21.425,21.435,21.425,21.43,0.0,,,,21.313333333333336,21.280222701149427,21.30358481564779,21.30410035769724,21.304227902023428,21.30214405360134,21.30214405360134,,,,21.298630952380954,21.280222701149427,21.271937367303607,21.29300724637681,21.303945819805197,21.301004108885465,21.29941641182467,21.27640299951621,21.301004108885465,21.243334147002987,21.135131279880866,,21.132630470395505,"rgba(38, 166, 154, 1.0)",0.0,0.0,0.058167821821859915,21.29071669889978,2.3945077662832013,0.0,0.0,0.0,0.0,0.0,0.0,0.0,0.0,75.64368831493167,24.395641520206112,True,False,True,False,False,19.07284920259619,0,1.0089285714285696,0.8973214285714246,False,False,False,False,0.3428278931192161,0.33585279964985637,False,False,False,False,-2115.0,-2134.9675957247346,False,False,False,False,17.24711777334201,False,False,False,False
2025-10-17 18:00:00+00:00,21.43,21.445,21.43,21.43,0.0,,,,21.313333333333336,21.280222701149427,21.30358481564779,21.30410035769724,21.304227902023428,21.30214405360134,21.30214405360134,,,,21.298630952380954,21.280222701149427,21.271937367303607,21.29300724637681,21.303945819805197,21.301004108885465,21.29941641182467,21.27640299951621,21.301004108885465,21.243334147002987,21.135131279880866,,21.132630470395505,"rgba(38, 166, 154, 1.0)",0.0,0.0,0.05909733915752643,21.29071669889978,2.3568455549065512,0.0,0.0,0.0,0.0,0.0,0.0,0.0,0.0,75.6035290525326,24.395641520206112,True,False,True,False,False,19.07284920259619,0,1.0090090090090074,0.9009009009008961,False,False,False,False,0.34282790587083833,0.33934035276034735,False,False,False,False,-2115.0,-2134.658020597219,False,False,False,False,16.97972059856151,False,False,False,False
2025-10-17 19:00:00+00:00,21.43,21.44,21.43,21.43,0.0,,,,21.313333333333336,21.280222701149427,21.30358481564779,21.30410035769724,21.304227902023428,21.30214405360134,21.30214405360134,,,,21.298630952380954,21.280222701149427,21.271937367303607,21.29300724637681,21.303945819805197,21.301004108885465,21.29941641182467,21.27640299951621,21.301004108885465,21.243334147002987,21.135131279880866,,21.132630470395505,"rgba(38, 166, 154, 1.0)",0.0,0.0,0.05990961660840798,21.29071669889978,2.3248905432099423,0.0,0.0,0.0,0.0,0.0,0.0,0.0,0.0,75.57675621093321,24.395641520206112,True,False,True,False,False,19.07284920259619,0,0.9999999999999984,0.9029345372460444,False,False,False,False,0.3341390583954431,0.33673970557789523,False,False,False,False,-2115.0,-2134.3532450840835,False,False,False,False,16.71646911641327,False,False,False,False
2025-10-20 14:00:00+00:00,21.46,21.46,21.445,21.45,0.0,,,,21.313333333333336,21.280222701149427,21.30358481564779,21.30410035769724,21.304227902023428,21.30214405360134,21.30214405360134,,,,21.298630952380954,21.280222701149427,21.271937367303607,21.29300724637681,21.303945819805197,21.301004108885465,21.29941641182467,21.27640299951621,21.301004108885465,21.243334147002987,21.135131279880866,,21.132630470395505,"rgba(38, 166, 154, 1.0)",0.0,0.0,0.061428783933102804,21.29071669889978,2.5929750013232127,0.0,0.0,0.0,0.0,0.0,0.0,0.0,0.0,78.17534658717406,24.395641520206112,True,False,True,False,True,20.0,0,1.004504504504502,0.8918918918918858,False,False,False,False,0.3428279288517855,0.33978381721484036,False,False,False,False,-2115.0,-2134.053194772702,False,False,False,False,16.45729905259291,False,False,False,False
2025-10-20 15:00:00+00:00,21.45,21.46,21.44,21.45,0.0,,,,21.313333333333336,21.280222701149427,21.30358481564779,21.30410035769724,21.304227902023428,21.30214405360134,21.30214405360134,,,,21.298630952380954,21.280222701149427,21.271937367303607,21.29300724637681,21.303945819805197,21.301004108885465,21.29941641182467,21.27640299951621,21.301004108885465,21.243334147002987,21.135131279880866,,21.132630470395505,"rgba(38, 166, 154, 1.0)",0.0,0.0,0.06292981934001203,21.29071669889978,2.5311259871827585,0.0,0.0,0.0,0.0,0.0,0.0,0.0,0.0,79.90774017133462,26.21020993405925,True,False,True,False,True,20.0,0,1.0022522522522501,0.889639639639634,False,False,False,False,0.33471046342436334,0.33724714031960185,False,False,False,False,-2115.0,-2133.757796404133,False,False,False,False,16.202147129296893,False,False,False,False
2025-10-20 16:00:00+00:00,21.455,21.46,21.45,21.455,0.0,,,,21.313333333333336,21.280222701149427,21.30358481564779,21.30410035769724,21.304227902023428,21.30214405360134,21.30214405360134,,,,21.298630952380954,21.280222701149427,21.271937367303607,21.29300724637681,21.303945819805197,21.301004108885465,21.29941641182467,21.27640299951621,21.301004108885465,21.243334147002987,21.135131279880866,,21.132630470395505,"rgba(38, 166, 154, 1.0)",0.0,0.0,0.06432336663686031,21.29071669889978,2.5540221180848075,0.0,0.0,0.0,0.0,0.0,0.0,0.0,0.0,81.57324026363057,27.910204968101766,True,False,True,False,True,20.0,0,1.013605442176868,0.8843537414965924,False,False,False,False,0.3428279323905184,0.3400375363550601,False,False,False,False,-2115.0,-2133.4669778552316,False,False,False,False,15.95095104977291,False,False,False,False
2025-10-20 17:00:00+00:00,21.455,21.465,21.455,21.46,0.0,,,,21.313333333333336,21.280222701149427,21.30358481564779,21.30410035769724,21.304227902023428,21.30214405360134,21.30214405360134,,,,21.298630952380954,21.280222701149427,21.271937367303607,21.29300724637681,21.303945819805197,21.301004108885465,21.29941641182467,21.27640299951621,21.301004108885465,21.243334147002987,21.135131279880866,,21.132630470395505,"rgba(38, 166, 154, 1.0)",0.0,0.0,0.06578370235476279,21.29071669889978,2.573331920226985,0.0,0.0,0.0,0.0,0.0,0.0,0.0,0.0,83.15608497769479,29.50336338529854,True,False,True,False,True,20.0,0,1.022883295194505,0.8764302059496518,False,False,False,False,0.3428279392421079,0.341432737798584,False,False,False,False,-2115.0,-2133.180668121042,False,False,False,False,15.703649483109762,False,False,False,False
2025-10-20 18:00:00+00:00,21.46,21.47,21.46,21.46,0.0,,,,21.313333333333336,21.280222701149427,21.30358481564779,21.30410035769724,21.304227902023428,21.30214405360134,21.30214405360134,,,,21.298630952380954,21.280222701149427,21.271937367303607,21.29300724637681,21.303945819805197,21.301004108885465,21.29941641182467,21.27640299951621,21.301004108885465,21.243334147002987,21.135131279880866,,21.132630470395505,"rgba(38, 166, 154, 1.0)",0.0,0.0,0.06705067332098451,21.29071669889978,2.5247069524541588,0.0,0.0,0.0,0.0,0.0,0.0,0.0,0.0,84.21131478707093,30.605779847437745,True,False,True,False,True,20.0,0,1.0252873563218374,0.8689655172413739,False,False,False,False,0.3428279458082146,0.3421303418033993,False,False,False,False,-2115.0,-2132.8987972974596,False,False,False,False,15.460182049263098,False,False,False,False
2025-10-20 19:00:00+00:00,21.465,21.47,21.46,21.47,0.0,,,,21.313333333333336,21.280222701149427,21.30358481564779,21.30410035769724,21.304227902023428,21.30214405360134,21.30214405360134,,,,21.298630952380954,21.280222701149427,21.271937367303607,21.29300724637681,21.303945819805197,21.301004108885465,21.29941641182467,21.27640299951621,21.301004108885465,21.243334147002987,21.135131279880866,,21.132630470395505,"rgba(38, 166, 154, 1.0)",0.0,0.0,0.0686861906994225,21.29071669889978,2.610179706788246,0.0,0.0,0.0,0.0,0.0,0.0,0.0,0.0,85.79040920874007,32.20138568229366,True,False,True,False,True,20.0,0,1.023041474654375,0.8686635944700408,False,False,False,False,0.3428279458082146,0.3424791438058069,False,False,False,False,-2115.0,-2132.6212965641653,False,False,False,False,15.220489304313283,False,False,False,False
2025-10-21 14:00:00+00:00,21.47,21.5,21.47,21.5,0.0,,,,21.313333333333336,21.280222701149427,21.30358481564779,21.30410035769724,21.304227902023428,21.30214405360134,21.30214405360134,,,,21.298630952380954,21.280222701149427,21.271937367303607,21.29300724637681,21.303945819805197,21.301004108885465,21.29941641182467,21.27640299951621,21.301004108885465,21.243334147002987,21.135131279880866,,21.132630470395505,"rgba(38, 166, 154, 1.0)",0.0,0.0,0.0710454745882112,21.29071669889978,2.9457654032611438,0.0,0.0,0.0,0.0,0.0,0.0,0.0,0.0,88.29182578222725,34.60678884392951,True,False,True,False,True,20.0,0,1.0273972602739687,0.8538812785388077,False,False,False,False,0.34282796954721717,0.34265355667651204,False,False,False,False,-2115.0,-2132.3480981678213,False,True,False,False,14.984512725951836,False,True,False,False
2025-10-21 15:00:00+00:00,21.5,21.5,21.485,21.49,0.0,,,,21.313333333333336,21.280222701149427,21.30358481564779,21.30410035769724,21.304227902023428,21.30214405360134,21.30214405360134,,,,21.298630952380954,21.280222701149427,21.271937367303607,21.29300724637681,21.303945819805197,21.301004108885465,21.29941641182467,21.27640299951621,21.301004108885465,21.243334147002987,21.135131279880866,,21.132630470395505,"rgba(38, 166, 154, 1.0)",0.0,0.0,0.0730209151822874,21.29071669889978,2.729126314053096,0.0,0.0,0.0,0.0,0.0,0.0,0.0,0.0,85.96272246571269,34.60678884392951,True,False,True,False,False,20.0,0,1.0297482837528578,0.8627002288329466,False,False,False,False,0.3428279775341716,0.34274076710534185,False,False,False,False,-2115.0,-2132.079135405529,False,False,False,False,14.752194699192893,False,False,False,False
2025-10-21 16:00:00+00:00,21.49,21.49,21.48,21.49,0.0,,,,21.313333333333336,21.280222701149427,21.30358481564779,21.30410035769724,21.304227902023428,21.30214405360134,21.30214405360134,,,,21.298630952380954,21.280222701149427,21.271937367303607,21.29300724637681,21.303945819805197,21.301004108885465,21.29941641182467,21.27640299951621,21.301004108885465,21.243334147002987,21.135131279880866,,21.132630470395505,"rgba(38, 166, 154, 1.0)",0.0,0.0,0.07489331751908057,21.29071669889978,2.660895627296098,0.0,0.0,0.0,0.0,0.0,0.0,0.0,0.0,84.40998692136965,38.33802783689681,True,False,True,False,False,20.0,0,1.036866359447004,0.8617511520737288,False,False,False,False,0.32220029995385063,0.3324705335295962,False,False,False,False,-2115.0,-2131.814342608544,False,False,False,False,14.523478502306181,False,False,False,False
2025-10-21 17:00:00+00:00,21.49,21.5,21.48,21.485,0.0,,,,21.313333333333336,21.280222701149427,21.30358481564779,21.30410035769724,21.304227902023428,21.30214405360134,21.30214405360134,,,,21.298630952380954,21.280222701149427,21.271937367303607,21.29300724637681,21.303945819805197,21.301004108885465,21.29941641182467,21.27640299951621,21.301004108885465,21.243334147002987,21.135131279880866,,21.132630470395505,"rgba(38, 166, 154, 1.0)",0.0,0.0,0.0764211894581802,21.29071669889978,2.54227004941526,0.0,0.0,0.0,0.0,0.0,0.0,0.0,0.0,81.3364815359868,35.4762211387272,True,False,True,False,False,20.0,0,1.0417633410672837,0.858468677494196,False,False,False,False,0.3359216135417916,0.3341960735356939,False,False,False,False,-2115.0,-2131.5536551262408,False,False,False,False,14.2983082929681,False,False,False,False
2025-10-21 18:00:00+00:00,21.485,21.49,21.48,21.485,0.0,,,,21.313333333333336,21.280222701149427,21.30358481564779,21.30410035769724,21.304227902023428,21.30214405360134,21.30214405360134,,,,21.298630952380954,21.280222701149427,21.271937367303607,21.29300724637681,21.303945819805197,21.301004108885465,21.29941641182467,21.27640299951621,21.301004108885465,21.243334147002987,21.135131279880866,,21.132630470395505,"rgba(38, 166, 154, 1.0)",0.0,0.0,0.07787886181193236,21.29071669889978,2.4946859337696847,0.0,0.0,0.0,0.0,0.0,0.0,0.0,0.0,79.28747794573158,33.60201548320434,True,False,True,False,False,20.0,0,1.0372960372960367,0.860139860139856,False,False,False,False,0.32220029995385063,0.3281981867447723,False,False,False,False,-2115.0,-2131.29700931033,False,False,False,False,14.076629094627508,False,False,False,False
2025-10-21 19:00:00+00:00,21.485,21.49,21.47,21.47,0.0,,,,21.313333333333336,21.280222701149427,21.30358481564779,21.30410035769724,21.304227902023428,21.30214405360134,21.30214405360134,,,,21.298630952380954,21.280222701149427,21.271937367303607,21.29300724637681,21.303945819805197,21.301004108885465,21.29941641182467,21.27640299951621,21.301004108885465,21.243334147002987,21.135131279880866,,21.132630470395505,"rgba(38, 166, 154, 1.0)",0.0,0.0,0.07885143974306708,21.29071669889978,2.273684560287099,0.0,0.0,0.0,0.0,0.0,0.0,0.0,0.0,72.35408582330668,27.301251749751728,False,True,True,False,False,20.0,0,1.0326340326340313,0.860139860139856,False,False,False,False,0.3085952925199411,0.3183967396323567,False,False,False,False,-2115.0,-2131.044342499317,False,False,False,False,13.858386783082896,False,False,False,False
2025-10-22 14:00:00+00:00,21.47,21.47,21.46,21.46,0.0,,,,21.313333333333336,21.280222701149427,21.30358481564779,21.30410035769724,21.304227902023428,21.30214405360134,21.30214405360134,,,,21.298630952380954,21.280222701149427,21.271937367303607,21.29300724637681,21.303945819805197,21.301004108885465,21.29941641182467,21.27640299951621,21.301004108885465,21.243334147002987,21.135131279880866,,21.132630470395505,"rgba(38, 166, 154, 1.0)",0.0,0.0,0.07954759468283666,21.29071669889978,2.128075673125878,0.0,0.0,0.0,0.0,0.0,0.0,0.0,0.0,64.9476581254489,20.842462353564187,False,True,True,False,False,18.3294069206734,0,1.0280373831775695,0.866822429906538,False,False,False,False,0.26841493206899797,0.29340583585067737,False,False,False,False,-2115.0,-2130.795593003203,False,False,False,False,13.643528073267657,False,False,False,False
2025-10-22 15:00:00+00:00,21.465,21.47,21.46,21.465,0.0,,,,21.313333333333336,21.280222701149427,21.30358481564779,21.30410035769724,21.304227902023428,21.30214405360134,21.30214405360134,,,,21.298630952380954,21.280222701149427,21.271937367303607,21.29300724637681,21.303945819805197,21.301004108885465,21.29941641182467,21.27640299951621,21.301004108885465,21.243334147002987,21.135131279880866,,21.132630470395505,"rgba(38, 166, 154, 1.0)",0.0,0.0,0.08014665611547118,21.29071669889978,2.1745548666325236,0.0,0.0,0.0,0.0,0.0,0.0,0.0,0.0,61.24597925794688,17.881647716756717,False,True,True,False,False,19.02443872602619,0,1.0280373831775698,0.8644859813084075,False,False,False,False,0.26841493206899797,0.2809103839598377,False,False,False,False,-2115.0,-2130.5507000884245,False,False,False,False,13.43200050624025,False,False,False,False
2025-10-22 16:00:00+00:00,21.465,21.475,21.46,21.47,0.0,,,,21.313333333333336,21.280222701149427,21.30358481564779,21.30410035769724,21.304227902023428,21.30214405360134,21.30214405360134,,,,21.298630952380954,21.280222701149427,21.271937367303607,21.29300724637681,21.303945819805197,21.301004108885465,21.29941641182467,21.27640299951621,21.301004108885465,21.243334147002987,21.135131279880866,,21.132630470395505,"rgba(38, 166, 154, 1.0)",0.0,0.0,0.08081967470749303,21.29071669889978,2.2183125798153984,0.0,0.0,0.0,0.0,0.0,0.0,0.0,0.0,59.965885111746886,16.93828935446885,False,True,True,False,False,19.716298308218146,0,1.0327868852459003,0.8618266978922667,False,False,False,False,0.2750499465643758,0.2779801652621068,False,False,False,False,-2115.0,-2130.3096039630223,False,False,False,False,13.22375243637606,False,False,False,False
2025-10-22 17:00:00+00:00,21.47,21.49,21.47,21.48,0.0,,,,21.313333333333336,21.280222701149427,21.30358481564779,21.30410035769724,21.304227902023428,21.30214405360134,21.30214405360134,,,,21.298630952380954,21.280222701149427,21.271937367303607,21.29300724637681,21.303945819805197,21.301004108885465,21.29941641182467,21.27640299951621,21.301004108885465,21.243334147002987,21.135131279880866,,21.132630470395505,"rgba(38, 166, 154, 1.0)",0.0,0.0,0.08132140659860974,21.29071669889978,2.3275950210071463,0.0,0.0,0.0,0.0,0.0,0.0,0.0,0.0,61.213578211517586,16.93828935446885,False,True,True,False,False,20.0,0,1.035046728971961,0.8551401869158842,False,False,False,False,0.3085952925199411,0.29328772889102395,False,False,False,False,-2115.0,-2130.072245762045,False,False,False,False,13.018733018757827,False,False,False,False
2025-10-22 18:00:00+00:00,21.475,21.48,21.47,21.48,0.0,,,,21.313333333333336,21.280222701149427,21.30358481564779,21.30410035769724,21.304227902023428,21.30214405360134,21.30214405360134,,,,21.298630952380954,21.280222701149427,21.271937367303607,21.29300724637681,21.303945819805197,21.301004108885465,21.29941641182467,21.27640299951621,21.301004108885465,21.243334147002987,21.135131279880866,,21.132630470395505,"rgba(38, 166, 154, 1.0)",0.0,0.0,0.08154791881506454,21.29071669889978,2.321129758436643,0.0,0.0,0.0,0.0,0.0,0.0,0.0,0.0,62.04537361136472,16.93828935446885,False,True,True,False,False,20.0,0,1.0304449648711917,0.8641686182669738,False,False,False,False,0.2951001438193848,0.2941939363552044,False,False,False,False,-2115.0,-2129.838567533176,False,False,False,False,12.81689219676158,False,False,False,False
2025-10-22 19:00:00+00:00,21.48,21.49,21.48,21.485,0.0,,,,21.313333333333336,21.280222701149427,21.30358481564779,21.30410035769724,21.304227902023428,21.30214405360134,21.30214405360134,,,,21.298630952380954,21.280222701149427,21.271937367303607,21.29300724637681,21.303945819805197,21.301004108885465,21.29941641182467,21.27640299951621,21.301004108885465,21.243334147002987,21.135131279880866,,21.132630470395505,"rgba(38, 166, 154, 1.0)",0.0,0.0,0.08175854364814002,21.29071669889978,2.376305795469494,0.0,0.0,0.0,0.0,0.0,0.0,0.0,0.0,63.635738945831875,16.93828935446885,False,True,True,False,True,20.0,0,1.0349650349650332,0.8531468531468501,False,False,False,False,0.32220029995385063,0.30819711815452755,False,False,False,False,-2115.0,-2129.608512222584,False,False,False,False,12.618180689835045,False,False,False,False
2025-10-23 14:00:00+00:00,21.485,21.485,21.465,21.475,0.0,,,,21.313333333333336,21.280222701149427,21.30358481564779,21.30410035769724,21.304227902023428,21.30214405360134,21.30214405360134,,,,21.298630952380954,21.280222701149427,21.271937367303607,21.29300724637681,21.303945819805197,21.301004108885465,21.29941641182467,21.27640299951621,21.301004108885465,21.243334147002987,21.135131279880866,,21.132630470395505,"rgba(38, 166, 154, 1.0)",0.0,0.0,0.08166879938384189,21.29071669889978,2.2564712900222093,0.0,0.0,0.0,0.0,0.0,0.0,0.0,0.0,61.09815714746061,16.93828935446885,False,True,True,False,True,19.32391676084882,0,1.0277136258660486,0.8568129330254007,False,False,False,False,0.2951001438193848,0.30164863098695616,False,False,False,False,-2115.0,-2129.3820236609936,False,False,False,False,12.422549981465508,False,False,False,False
2025-10-23 15:00:00+00:00,21.48,21.48,21.455,21.46,0.0,,,,21.313333333333336,21.280222701149427,21.30358481564779,21.30410035769724,21.304227902023428,21.30214405360134,21.30214405360134,,,,21.298630952380954,21.280222701149427,21.271937367303607,21.29300724637681,21.303945819805197,21.301004108885465,21.29941641182467,21.27640299951621,21.301004108885465,21.243334147002987,21.135131279880866,,21.132630470395505,"rgba(38, 166, 154, 1.0)",0.0,0.0,0.08123345292352992,21.29071669889978,2.0839111844670573,0.0,0.0,0.0,0.0,0.0,0.0,0.0,0.0,55.40629181705545,12.123521997974343,False,True,True,False,False,15.826021211264433,0,1.0228310502283078,0.8607305936073022,False,False,False,False,0.2750499465643758,0.288349288775666,False,False,False,False,-2115.0,-2129.1590465499703,False,False,False,False,12.22995230733426,False,False,False,False
2025-10-23 16:00:00+00:00,21.46,21.47,21.45,21.46,0.0,,,,21.313333333333336,21.280222701149427,21.30358481564779,21.30410035769724,21.304227902023428,21.30214405360134,21.30214405360134,,,,21.298630952380954,21.280222701149427,21.271937367303607,21.29300724637681,21.303945819805197,21.301004108885465,21.29941641182467,21.27640299951621,21.301004108885465,21.243334147002987,21.135131279880866,,21.132630470395505,"rgba(38, 166, 154, 1.0)",0.0,0.0,0.08038236326663867,21.29071669889978,2.1059756670588,0.0,0.0,0.0,0.0,0.0,0.0,0.0,0.0,51.611714930118666,8.575266077102484,False,True,False,False,False,15.826021211264433,0,1.0297482837528595,0.86727688787185,False,False,False,False,0.25521321369102423,0.2717812512333451,False,False,False,False,-2115.0,-2128.93952644842,False,False,False,False,12.040340643654659,False,False,False,False
2025-10-23 17:00:00+00:00,21.46,21.47,21.46,21.47,0.0,,,,21.313333333333336,21.280222701149427,21.30358481564779,21.30410035769724,21.304227902023428,21.30214405360134,21.30214405360134,,,,21.298630952380954,21.280222701149427,21.271937367303607,21.29300724637681,21.303945819805197,21.301004108885465,21.29941641182467,21.27640299951621,21.301004108885465,21.243334147002987,21.135131279880866,,21.132630470395505,"rgba(38, 166, 154, 1.0)",0.0,0.0,0.0798917059818494,21.29071669889978,2.2440790179264862,0.0,0.0,0.0,0.0,0.0,0.0,0.0,0.0,51.93816257307188,8.575266077102484,False,True,False,False,False,17.3110478716828,0,1.0563380281690133,0.8615023474178369,False,False,False,False,0.26841493206899797,0.27009809165117155,False,False,False,False,-2115.0,-2128.7234097592973,False,False,False,False,11.85366869569102,False,False,False,False
2025-10-23 18:00:00+00:00,21.47,21.475,21.47,21.47,0.0,,,,21.313333333333336,21.280222701149427,21.30358481564779,21.30410035769724,21.304227902023428,21.30214405360134,21.30214405360134,,,,21.298630952380954,21.280222701149427,21.271937367303607,21.29300724637681,21.303945819805197,21.301004108885465,21.29941641182467,21.27640299951621,21.301004108885465,21.243334147002987,21.135131279880866,,21.132630470395505,"rgba(38, 166, 154, 1.0)",0.0,0.0,0.07959344895858424,21.29071669889978,2.2524881563243815,0.0,0.0,0.0,0.0,0.0,0.0,0.0,0.0,52.15579433504068,8.575266077102484,False,True,False,False,False,17.3110478716828,0,1.0376470588235271,0.8564705882352885,False,False,False,False,0.28839182440566724,0.2792449580284194,False,False,False,False,-2115.0,-2128.5106437165173,False,False,False,False,11.6698908864555,False,False,False,False
2025-10-23 19:00:00+00:00,21.47,21.47,21.455,21.46,0.0,,,,21.313333333333336,21.280222701149427,21.30358481564779,21.30410035769724,21.304227902023428,21.30214405360134,21.30214405360134,,,,21.298630952380954,21.280222701149427,21.271937367303607,21.29300724637681,21.303945819805197,21.301004108885465,21.29941641182467,21.27640299951621,21.301004108885465,21.243334147002987,21.135131279880866,,21.132630470395505,"rgba(38, 166, 154, 1.0)",0.0,0.0,0.0790626390965201,21.29071669889978,2.1411288951986562,0.0,0.0,0.0,0.0,0.0,0.0,0.0,0.0,49.4558889642547,5.830598833405048,False,True,False,False,False,14.960320198181318,0,1.030660377358488,0.8632075471698077,False,False,False,False,0.26180291931026267,0.27052393866934105,False,False,False,False,-2115.0,-2128.301176372075,False,False,False,False,11.488962345580221,False,False,False,False
2025-10-24 14:00:00+00:00,21.475,21.49,21.465,21.47,0.0,,,,21.313333333333336,21.280222701149427,21.30358481564779,21.30410035769724,21.304227902023428,21.30214405360134,21.30214405360134,,,,21.298630952380954,21.280222701149427,21.271937367303607,21.29300724637681,21.303945819805197,21.301004108885465,21.29941641182467,21.27640299951621,21.301004108885465,21.243334147002987,21.135131279880866,,21.132630470395505,"rgba(38, 166, 154, 1.0)",0.0,0.0,0.07886000824820288,21.29071669889978,2.273437513929068,0.0,0.0,0.0,0.0,0.0,0.0,0.0,0.0,50.534979379613276,5.830598833405048,False,True,False,False,False,16.48093748528557,1,1.037647058823529,0.8494117647058795,False,False,False,False,0.3018343782358985,0.28617915845261976,False,False,False,False,-2115.0,-2128.0949565833607,False,False,False,False,11.310838898361922,False,False,False,False
2025-10-24 15:00:00+00:00,21.47,21.47,21.465,21.465,0.0,,,,21.313333333333336,21.280222701149427,21.30358481564779,21.30410035769724,21.304227902023428,21.30214405360134,21.30214405360134,,,,21.298630952380954,21.280222701149427,21.271937367303607,21.29300724637681,21.303945819805197,21.301004108885465,21.29941641182467,21.27640299951621,21.301004108885465,21.243334147002987,21.135131279880866,,21.132630470395505,"rgba(38, 166, 154, 1.0)",0.0,0.0,0.0785096539654298,21.29071669889978,2.219896436901421,0.0,0.0,0.0,0.0,0.0,0.0,0.0,0.0,49.85090441731645,5.60826636965038,False,True,False,False,False,15.313912533587061,1,1.0378250591016542,0.8534278959810836,False,False,False,False,0.2750499465643758,0.28061455250849776,False,False,False,False,-2115.0,-2127.891934000673,False,False,False,False,11.135477054976466,False,False,False,False
2025-10-24 16:00:00+00:00,21.465,21.47,21.465,21.465,0.0,,,,21.313333333333336,21.280222701149427,21.30358481564779,21.30410035769724,21.304227902023428,21.30214405360134,21.30214405360134,,,,21.298630952380954,21.280222701149427,21.271937367303607,21.29300724637681,21.303945819805197,21.301004108885465,21.29941641182467,21.27640299951621,21.301004108885465,21.243334147002987,21.135131279880866,,21.132630470395505,"rgba(38, 166, 154, 1.0)",0.0,0.0,0.0780830004223759,21.29071669889978,2.232026179289565,0.0,0.0,0.0,0.0,0.0,0.0,0.0,0.0,49.394854442451894,4.744731054728447,False,True,False,False,False,15.313912533587061,1,1.0583941605839426,0.84914841849148,False,False,False,False,0.2750499465643758,0.2778322495364368,False,False,False,False,-2115.0,-2127.6920590549257,False,False,False,False,10.962833999860552,False,False,False,False
2025-10-24 17:00:00+00:00,21.465,21.47,21.465,21.47,0.0,,,,21.313333333333336,21.280222701149427,21.30358481564779,21.30410035769724,21.304227902023428,21.30214405360134,21.30214405360134,,,,21.298630952380954,21.280222701149427,21.271937367303607,21.29300724637681,21.303945819805197,21.301004108885465,21.29941641182467,21.27640299951621,21.301004108885465,21.243334147002987,21.135131279880866,,21.132630470395505,"rgba(38, 166, 154, 1.0)",0.0,0.0,0.07773540244186451,21.29071669889978,2.3063275607828704,0.0,0.0,0.0,0.0,0.0,0.0,0.0,0.0,50.66795301754522,4.744731054728447,False,True,False,False,False,16.096332135620113,1,1.0638820638820639,0.8452088452088398,False,False,False,False,0.2724704558960188,0.2751513527162278,False,False,False,False,-2115.0,-2127.495282945547,False,False,False,False,10.792867581258061,False,False,False,False
2025-10-24 18:00:00+00:00,21.47,21.48,21.47,21.47,0.0,,,,21.313333333333336,21.280222701149427,21.30358481564779,21.30410035769724,21.304227902023428,21.30214405360134,21.30214405360134,,,,21.298630952380954,21.280222701149427,21.271937367303607,21.29300724637681,21.303945819805197,21.301004108885465,21.29941641182467,21.27640299951621,21.301004108885465,21.243334147002987,21.135131279880866,,21.132630470395505,"rgba(38, 166, 154, 1.0)",0.0,0.0,0.07731076868690961,21.29071669889978,2.3189951949161864,0.0,0.0,0.0,0.0,0.0,0.0,0.0,0.0,51.51668540094077,4.744731054728447,False,True,False,False,False,16.096332135620113,1,1.0617283950617271,0.8444444444444391,False,False,False,False,0.29327398013826056,0.2842126664272442,False,False,False,False,-2115.0,-2127.3015576285616,False,False,False,False,10.625536300928479,False,False,False,False
2025-10-24 19:00:00+00:00,21.47,21.485,21.47,21.48,0.0,,,,21.313333333333336,21.280222701149427,21.30358481564779,21.30410035769724,21.304227902023428,21.30214405360134,21.30214405360134,,,,21.298630952380954,21.280222701149427,21.271937367303607,21.29300724637681,21.303945819805197,21.301004108885465,21.29941641182467,21.27640299951621,21.301004108885465,21.243334147002987,21.135131279880866,,21.132630470395505,"rgba(38, 166, 154, 1.0)",0.0,0.0,0.07703649538775478,21.29071669889978,2.4570601264697327,0.0,0.0,0.0,0.0,0.0,0.0,0.0,0.0,55.02413456577327,0.4112566066143586,False,True,True,False,True,17.661604759210242,1,1.0618811881188106,0.8415841584158368,False,False,False,False,0.2985659901533211,0.29138932829028263,False,False,False,False,-2115.0,-2127.1108358048627,False,False,False,False,10.46079930401486,False,False,False,False
2025-10-27 14:00:00+00:00,21.46,21.47,21.455,21.465,0.0,,,,21.313333333333336,21.280222701149427,21.30358481564779,21.30410035769724,21.304227902023428,21.30214405360134,21.30214405360134,,,,21.298630952380954,21.280222701149427,21.271937367303607,21.29300724637681,21.303945819805197,21.301004108885465,21.29941641182467,21.27640299951621,21.301004108885465,21.243334147002987,21.135131279880866,,21.132630470395505,"rgba(38, 166, 154, 1.0)",0.0,0.0,0.07674410503526403,21.29071669889978,2.2709666236923045,0.0,0.0,0.0,0.0,0.0,0.0,0.0,0.0,52.36936766448394,0.4112566066143586,False,True,True,False,False,14.040024573037481,1,1.044444444444443,0.8493827160493767,False,False,False,False,0.25541256191677825,0.2734009451035304,False,False,False,False,-2115.0,-2126.9230709086632,False,False,False,False,10.298616369068892,False,False,False,False
2025-10-27 15:00:00+00:00,21.465,21.48,21.46,21.475,0.0,,,,21.313333333333336,21.280222701149427,21.30358481564779,21.30410035769724,21.304227902023428,21.30214405360134,21.30214405360134,,,,21.298630952380954,21.280222701149427,21.271937367303607,21.29300724637681,21.303945819805197,21.301004108885465,21.29941641182467,21.27640299951621,21.301004108885465,21.243334147002987,21.135131279880866,,21.132630470395505,"rgba(38, 166, 154, 1.0)",0.0,0.0,0.0760540348451169,21.29071669889978,2.423057520557764,0.0,0.0,0.0,0.0,0.0,0.0,0.0,0.0,53.305146582134874,0.4112566066143586,False,True,True,False,False,15.61883387130342,1,1.0443349753694584,0.8448275862068897,False,False,False,False,0.27686356116860467,0.27513225313606754,False,False,False,False,-2115.0,-2126.7382170961255,False,False,False,False,10.138947898230613,False,False,False,False
2025-10-27 16:00:00+00:00,21.48,21.505,21.475,21.49,4.0,,21.49,21.49,21.323574879227056,21.280943585337916,21.303737146748382,21.30425079236631,21.30437616387337,21.302289172138536,21.302289172138536,,,,21.30732954545455,21.280943585337916,21.272491529013127,21.293187395214144,21.30409671532847,21.30114960225815,21.29956200662083,21.277635882635884,21.30114960225815,21.243494606169026,21.13529808068938,,21.13279766081871,"rgba(38, 166, 154, 1.0)",0.0,0.0,0.07548121895160739,21.333384214672016,2.074897404987488,0.0,0.0,0.0,0.0,0.0,0.0,0.0,0.0,57.00012059143691,2.2561074702021813,False,True,True,False,True,17.883035980250135,1,1.0470297029702968,0.8490099009900928,False,False,False,False,0.3353648560309339,0.30524855458350075,False,False,False,False,-2111.0,-2126.4942137302937,False,False,False,False,10.04377041143634,False,False,False,False
2025-10-27 17:00:00+00:00,21.49,21.51,21.465,21.495,0.0,,21.49,21.49,21.323574879227056,21.280943585337916,21.303737146748382,21.30425079236631,21.30437616387337,21.302289172138536,21.302289172138536,,,,21.30732954545455,21.280943585337916,21.272491529013127,21.293187395214144,21.30409671532847,21.30114960225815,21.29956200662083,21.277635882635884,21.30114960225815,21.243494606169026,21.13529808068938,,21.13279766081871,"rgba(38, 166, 154, 1.0)",0.0,0.0,0.07398977285066241,21.333384214672016,2.1842989794573784,0.0,0.0,0.0,0.0,0.0,0.0,0.0,0.0,60.31290524646032,5.334129158258769,False,True,True,False,True,18.61432312053364,1,1.0391198044009775,0.8410757946210193,False,False,False,False,0.32793760248136167,0.31659307853243124,False,False,False,False,-2111.0,-2126.253993362382,False,False,False,False,9.888053040716397,False,False,False,False
2025-10-27 18:00:00+00:00,21.495,21.505,21.495,21.5,0.0,,21.49,21.49,21.323574879227056,21.280943585337916,21.303737146748382,21.30425079236631,21.30437616387337,21.302289172138536,21.302289172138536,,,,21.30732954545455,21.280943585337916,21.272491529013127,21.293187395214144,21.30409671532847,21.30114960225815,21.29956200662083,21.277635882635884,21.30114960225815,21.243494606169026,21.13529808068938,,21.13279766081871,"rgba(38, 166, 154, 1.0)",0.0,0.0,0.07254678515304612,21.333384214672016,2.29666669551915,0.0,0.0,0.0,0.0,0.0,0.0,0.0,0.0,63.34257897013217,8.109738254232731,False,True,True,False,True,19.341480466766402,0,1.0589680589680581,0.8378378378378323,False,False,False,False,0.3428279639615692,0.32971052124700023,False,False,False,False,-2111.0,-2126.0174973412595,False,False,False,False,9.734749892798312,False,True,False,False
2025-10-27 19:00:00+00:00,21.5,21.51,21.495,21.5,0.0,,21.49,21.49,21.323574879227056,21.280943585337916,21.303737146748382,21.30425079236631,21.30437616387337,21.302289172138536,21.302289172138536,,,,21.30732954545455,21.280943585337916,21.272491529013127,21.293187395214144,21.30409671532847,21.30114960225815,21.29956200662083,21.277635882635884,21.30114960225815,21.243494606169026,21.13529808068938,,21.13279766081871,"rgba(38, 166, 154, 1.0)",0.0,0.0,0.07060823268237777,21.333384214672016,2.359721791614361,0.0,0.0,0.0,0.0,0.0,0.0,0.0,0.0,65.36236145258007,9.974254755345171,False,False,True,False,True,19.341480466766402,0,1.0566502463054184,0.837438423645313,False,False,False,False,0.342827966781508,0.3362692440142541,False,False,False,False,-2111.0,-2125.7846679251156,False,False,False,False,9.583823537871206,False,True,False,False
2025-10-28 14:00:00+00:00,21.5,21.5,21.49,21.495,0.0,,21.49,21.49,21.323574879227056,21.280943585337916,21.303737146748382,21.30425079236631,21.30437616387337,21.302289172138536,21.302289172138536,,,,21.30732954545455,21.280943585337916,21.272491529013127,21.293187395214144,21.30409671532847,21.30114960225815,21.29956200662083,21.277635882635884,21.30114960225815,21.243494606169026,21.13529808068938,,21.13279766081871,"rgba(38, 166, 154, 1.0)",0.0,0.0,0.06836527489023343,21.333384214672016,2.364004029640395,0.0,0.0,0.0,0.0,0.0,0.0,0.0,0.0,64.71527929610775,9.974254755345171,False,False,True,False,True,18.09145953381997,0,1.0543209876543194,0.8395061728395004,False,False,False,False,0.321404638410295,0.3288369412122746,False,False,False,False,-2111.0,-2125.5554482673615,False,False,False,False,9.435237126431343,False,False,False,False
2025-10-28 15:00:00+00:00,21.495,21.5,21.495,21.5,0.0,,21.49,21.49,21.323574879227056,21.280943585337916,21.303737146748382,21.30425079236631,21.30437616387337,21.302289172138536,21.302289172138536,,,,21.30732954545455,21.280943585337916,21.272491529013127,21.293187395214144,21.30409671532847,21.30114960225815,21.29956200662083,21.277635882635884,21.30114960225815,21.243494606169026,21.13529808068938,,21.13279766081871,"rgba(38, 166, 154, 1.0)",0.0,0.0,0.0659537102208691,21.333384214672016,2.526253409702242,0.0,0.0,0.0,0.0,0.0,0.0,0.0,0.0,65.36150730300278,10.206615391667725,False,False,True,False,True,18.85061983486975,0,1.0572139303482584,0.840796019900491,False,False,False,False,0.32851322864087623,0.3286750849265754,False,False,False,False,-2111.0,-2125.329782402751,False,False,False,False,9.28895438028512,False,True,False,False
2025-10-28 16:00:00+00:00,21.5,21.5,21.49,21.5,0.0,,21.49,21.49,21.323574879227056,21.280943585337916,21.303737146748382,21.30425079236631,21.30437616387337,21.302289172138536,21.302289172138536,,,,21.30732954545455,21.280943585337916,21.272491529013127,21.293187395214144,21.30409671532847,21.30114960225815,21.29956200662083,21.277635882635884,21.30114960225815,21.243494606169026,21.13529808068938,,21.13279766081871,"rgba(38, 166, 154, 1.0)",0.0,0.0,0.06345445979972605,21.333384214672016,2.6257537429812534,0.0,0.0,0.0,0.0,0.0,0.0,0.0,0.0,65.79232597426613,10.91688000775406,False,False,True,False,True,18.85061983486975,0,1.0484693877551,0.8469387755101975,False,False,False,False,0.321404638410295,0.3250398616684352,False,False,False,False,-2111.0,-2125.107615233716,False,False,False,False,9.144939583691551,False,True,False,False
2025-10-28 17:00:00+00:00,21.5,21.51,21.49,21.5,0.0,,21.49,21.49,21.323574879227056,21.280943585337916,21.303737146748382,21.30425079236631,21.30437616387337,21.302289172138536,21.302289172138536,,,,21.30732954545455,21.280943585337916,21.272491529013127,21.293187395214144,21.30409671532847,21.30114960225815,21.29956200662083,21.277635882635884,21.30114960225815,21.243494606169026,21.13529808068938,,21.13279766081871,"rgba(38, 166, 154, 1.0)",0.0,0.0,0.06205562747170932,21.333384214672016,2.684942399526022,0.0,0.0,0.0,0.0,0.0,0.0,0.0,0.0,66.07953842177504,11.54923445385927,False,False,True,False,True,18.85061983486976,0,1.048223350253805,0.8401015228426328,False,False,False,False,0.33565402056913574,0.3303469411187855,False,False,False,False,-2111.0,-2124.888892516914,False,False,False,False,9.003157574642069,False,True,False,False
2025-10-28 18:00:00+00:00,21.5,21.505,21.495,21.5,0.0,,21.49,21.49,21.323574879227056,21.280943585337916,21.303737146748382,21.30425079236631,21.30437616387337,21.302289172138536,21.302289172138536,,,,21.30732954545455,21.280943585337916,21.272491529013127,21.293187395214144,21.30409671532847,21.30114960225815,21.29956200662083,21.277635882635884,21.30114960225815,21.243494606169026,21.13529808068938,,21.13279766081871,"rgba(38, 166, 154, 1.0)",0.0,0.0,0.06093579548326177,21.333384214672016,2.7342842414152324,0.0,0.0,0.0,0.0,0.0,0.0,0.0,0.0,66.27101338678098,12.123664960182879,False,False,True,False,True,18.85061983486977,0,1.0455696202531628,0.8455696202531586,False,False,False,False,0.33565402056913574,0.3330004808439606,False,False,False,False,-2111.0,-2124.673560849985,False,False,False,False,8.863573736275525,False,True,False,False
2025-10-28 19:00:00+00:00,21.5,21.505,21.495,21.495,1.0,,21.491666666666667,21.491666666666667,21.32607142857143,21.281130185979972,21.303776892701524,21.30429004854369,21.304414854711087,21.30232702580936,21.30232702580936,,,,21.309475655430713,21.281130185979972,21.27263492063492,21.293234285714288,21.304136090276373,21.301187544095956,21.2995999618102,21.277953890489915,21.301187544095956,21.243536043360436,21.135340735518735,,21.132840408529212,"rgba(38, 166, 154, 1.0)",0.0,0.0,0.059459123668232784,21.334644649839525,2.6969006649882528,0.0,0.0,0.0,0.0,0.0,0.0,0.0,0.0,63.64336958596759,12.123664960182879,False,False,True,False,False,17.512630143635352,0,1.0506329113924042,0.8430379746835386,False,False,False,False,0.33565402056913574,0.3343272507065482,False,False,False,False,-2112.0,-2124.4770715344807,False,False,False,False,8.741657864395284,False,False,False,False
2025-10-29 14:00:00+00:00,21.495,21.53,21.49,21.5,0.0,,21.491666666666667,21.491666666666667,21.32607142857143,21.281130185979972,21.303776892701524,21.30429004854369,21.304414854711087,21.30232702580936,21.30232702580936,,,,21.309475655430713,21.281130185979972,21.27263492063492,21.293234285714288,21.304136090276373,21.301187544095956,21.2995999618102,21.277953890489915,21.301187544095956,21.243536043360436,21.135340735518735,,21.132840408529212,"rgba(38, 166, 154, 1.0)",0.0,0.0,0.057899260136302484,21.334644649839525,2.8559147348550997,-1.0,21.53,21.49,0.0,0.0,0.0,0.0,0.0,63.58982246926461,12.123664960182879,False,False,True,False,False,18.336938274781417,1,1.0474999999999979,0.8349999999999929,False,False,False,False,0.3428279749220858,0.338577612814317,False,False,False,False,-2112.0,-2124.2836285649537,False,False,False,False,8.606128285102335,False,True,False,False
2025-10-29 15:00:00+00:00,21.5,21.505,21.495,21.495,0.0,,21.491666666666667,21.491666666666667,21.32607142857143,21.281130185979972,21.303776892701524,21.30429004854369,21.304414854711087,21.30232702580936,21.30232702580936,,,,21.309475655430713,21.281130185979972,21.27263492063492,21.293234285714288,21.304136090276373,21.301187544095956,21.2995999618102,21.277953890489915,21.301187544095956,21.243536043360436,21.135340735518735,,21.132840408529212,"rgba(38, 166, 154, 1.0)",0.0,0.0,0.05609620115293703,21.334644649839525,2.8585777087345607,0.0,0.0,0.0,0.0,0.0,0.0,0.0,0.0,60.99234642504179,14.69210123979073,False,True,True,False,False,16.990965590487153,1,1.0527638190954762,0.8467336683417024,False,False,False,False,0.3151269918220345,0.32685230231817575,False,False,False,False,-2112.0,-2124.0931847112333,False,False,False,False,8.472699939596872,False,False,False,False
2025-10-29 16:00:00+00:00,21.495,21.5,21.49,21.495,0.0,,21.491666666666667,21.491666666666667,21.32607142857143,21.281130185979972,21.303776892701524,21.30429004854369,21.304414854711087,21.30232702580936,21.30232702580936,,,,21.309475655430713,21.281130185979972,21.27263492063492,21.293234285714288,21.304136090276373,21.301187544095956,21.2995999618102,21.277953890489915,21.301187544095956,21.243536043360436,21.135340735518735,,21.132840408529212,"rgba(38, 166, 154, 1.0)",0.0,0.0,0.05475358394627715,21.334644649839525,2.928673131567286,0.0,0.0,0.0,0.0,0.0,0.0,0.0,0.0,59.26069572889324,12.953689023243648,False,True,True,False,False,16.990965590487153,1,1.0485933503836296,0.8695652173912986,False,False,False,False,0.30145248766828026,0.314152394993228,False,False,False,False,-2112.0,-2123.9056934754,False,False,False,False,8.341340250610873,False,False,False,False
2025-10-29 17:00:00+00:00,21.495,21.5,21.485,21.49,0.0,,21.491666666666667,21.491666666666667,21.32607142857143,21.281130185979972,21.303776892701524,21.30429004854369,21.304414854711087,21.30232702580936,21.30232702580936,,,,21.309475655430713,21.281130185979972,21.27263492063492,21.293234285714288,21.304136090276373,21.301187544095956,21.2995999618102,21.277953890489915,21.301187544095956,21.243536043360436,21.135340735518735,,21.132840408529212,"rgba(38, 166, 154, 1.0)",0.0,0.0,0.053210190042241486,21.334644649839525,2.919654112062796,0.0,0.0,0.0,0.0,0.0,0.0,0.0,0.0,55.63514592709785,9.538647096798726,False,True,True,False,False,15.630137754400582,1,1.0515463917525747,0.8634020618556637,False,False,False,False,0.29465634834334287,0.30440437166828543,False,False,False,False,-2112.0,-2123.721109080432,False,False,False,False,8.21201714595024,False,False,False,False
2025-10-29 18:00:00+00:00,21.49,21.49,21.49,21.49,0.0,,21.491666666666667,21.491666666666667,21.32607142857143,21.281130185979972,21.303776892701524,21.30429004854369,21.304414854711087,21.30232702580936,21.30232702580936,,,,21.309475655430713,21.281130185979972,21.27263492063492,21.293234285714288,21.304136090276373,21.301187544095956,21.2995999618102,21.277953890489915,21.301187544095956,21.243536043360436,21.135340735518735,,21.132840408529212,"rgba(38, 166, 154, 1.0)",0.0,0.0,0.051519697973556454,21.334644649839525,3.0154553747619506,0.0,0.0,0.0,0.0,0.0,0.0,0.0,0.0,53.21811272590092,7.341902209157752,False,True,True,False,False,15.630137754400582,1,1.0546874999999967,0.8619791666666621,False,False,False,False,0.2878865643987017,0.29614546803349356,False,False,False,False,-2112.0,-2123.53938645903,False,False,False,False,8.08469905066419,False,False,False,False
2025-10-29 19:00:00+00:00,21.49,21.49,21.425,21.43,0.0,,21.491666666666667,21.491666666666667,21.32607142857143,21.281130185979972,21.303776892701524,21.30429004854369,21.304414854711087,21.30232702580936,21.30232702580936,,,,21.309475655430713,21.281130185979972,21.27263492063492,21.293234285714288,21.304136090276373,21.301187544095956,21.2995999618102,21.277953890489915,21.301187544095956,21.243536043360436,21.135340735518735,,21.132840408529212,"rgba(239, 83, 80, 1.0)",0.0,0.0,0.04944675906456585,21.334644649839525,1.9284448963775924,0.0,0.0,0.0,0.0,-1.0,21.49,21.39,859.0,40.82296636266702,-3.8376965764072253,False,True,False,True,False,1.4917002643498662,0,1.017676767676766,0.8636363636363578,False,False,False,False,0.20194630599006463,0.2490458870117791,False,False,False,False,-2112.0,-2123.3604812426106,False,False,False,False,7.959354879336063,False,False,False,False
2025-10-30 14:00:00+00:00,21.36,21.39,21.36,21.38,0.0,,21.491666666666667,21.491666666666667,21.32607142857143,21.281130185979972,21.303776892701524,21.30429004854369,21.304414854711087,21.30232702580936,21.30232702580936,,,,21.309475655430713,21.281130185979972,21.27263492063492,21.293234285714288,21.304136090276373,21.301187544095956,21.2995999618102,21.277953890489915,21.301187544095956,21.243536043360436,21.135340735518735,,21.132840408529212,"rgba(239, 83, 80, 1.0)",0.0,0.0,0.04783765714840885,21.334644649839525,0.9481097709230591,0.0,0.0,0.0,0.0,0.0,0.0,0.0,0.0,30.500329935968182,-12.563692393165091,False,True,False,True,False,0.0,0,0.9999999999999982,0.89756097560975,False,False,False,False,-0.006226617742007407,0.12140963463488584,False,False,False,False,-2112.0,-2123.184349750477,False,False,False,False,7.835954028493643,False,False,False,False
2025-10-30 15:00:00+00:00,21.38,21.4,21.38,21.39,0.0,,21.491666666666667,21.491666666666667,21.32607142857143,21.281130185979972,21.303776892701524,21.30429004854369,21.304414854711087,21.30232702580936,21.30232702580936,,,,21.309475655430713,21.281130185979972,21.27263492063492,21.293234285714288,21.304136090276373,21.301187544095956,21.2995999618102,21.277953890489915,21.301187544095956,21.243536043360436,21.135340735518735,,21.132840408529212,"rgba(239, 83, 80, 1.0)",0.0,0.0,0.04597423877170702,21.334644649839525,1.2040514783801386,0.0,0.0,0.0,0.0,0.0,0.0,0.0,0.0,26.01580219815866,-15.855356473666113,False,True,False,True,False,0.0,0,1.0096618357487903,0.8937198067632799,False,False,False,False,0.031142002715582408,0.07627581867523413,False,False,False,False,-2112.0,-2123.0109489791516,False,False,False,False,7.714466369137153,False,False,False,False
2025-10-30 16:00:00+00:00,21.39,21.395,21.37,21.375,0.0,,21.491666666666667,21.491666666666667,21.32607142857143,21.281130185979972,21.303776892701524,21.30429004854369,21.304414854711087,21.30232702580936,21.30232702580936,,,,21.309475655430713,21.281130185979972,21.27263492063492,21.293234285714288,21.304136090276373,21.301187544095956,21.2995999618102,21.277953890489915,21.301187544095956,21.243536043360436,21.135340735518735,,21.132840408529212,"rgba(239, 83, 80, 1.0)",0.0,0.0,0.044315819882962876,21.334644649839525,0.9106307920524175,0.0,0.0,0.0,0.0,0.0,0.0,0.0,0.0,22.35189902870477,-18.714590238624176,False,True,False,True,False,0.0,0,1.017369727047145,0.893300248138952,False,False,False,False,0.012453344700264303,0.04436458168774922,False,False,False,False,-2112.0,-2122.840236591878,False,False,False,False,7.5948622393830885,False,False,False,False
2025-10-30 17:00:00+00:00,21.375,21.38,21.37,21.38,0.0,,21.491666666666667,21.491666666666667,21.32607142857143,21.281130185979972,21.303776892701524,21.30429004854369,21.304414854711087,21.30232702580936,21.30232702580936,,,,21.309475655430713,21.281130185979972,21.27263492063492,21.293234285714288,21.304136090276373,21.301187544095956,21.2995999618102,21.277953890489915,21.301187544095956,21.243536043360436,21.135340735518735,,21.132840408529212,"rgba(239, 83, 80, 1.0)",0.0,0.0,0.04304334710192814,21.334644649839525,1.0537133660416955,0.0,0.0,0.0,0.0,0.0,0.0,0.0,0.0,21.115941999199272,-19.669303575608645,False,True,False,True,False,0.0,0,1.017369727047145,0.893300248138952,False,False,False,False,-0.006226617742007407,0.019068981972870908,False,False,False,False,-2112.0,-2122.6721709082826,False,False,False,False,7.47711243722211,False,False,False,False
2025-10-30 18:00:00+00:00,21.38,21.38,21.37,21.375,0.0,,21.491666666666667,21.491666666666667,21.32607142857143,21.281130185979972,21.303776892701524,21.30429004854369,21.304414854711087,21.30232702580936,21.30232702580936,,,,21.309475655430713,21.281130185979972,21.27263492063492,21.293234285714288,21.304136090276373,21.301187544095956,21.2995999618102,21.277953890489915,21.301187544095956,21.243536043360436,21.135340735518735,,21.132840408529212,"rgba(239, 83, 80, 1.0)",0.0,0.0,0.04219292882996608,21.334644649839525,0.9564481840808774,0.0,0.0,0.0,0.0,0.0,0.0,0.0,0.0,20.0077562879737,-20.85526492950588,False,True,False,True,False,0.0,0,1.0172839506172824,0.8888888888888841,False,False,False,False,-0.006226617742007407,0.00642118211543175,False,False,False,False,-2112.0,-2122.5067108942003,False,False,False,False,7.361188213389209,False,False,False,False
2025-10-30 19:00:00+00:00,21.375,21.38,21.365,21.38,47.0,,21.38621794871795,21.38621794871795,21.3457264957265,21.284770352035203,21.304454110189493,21.304955920657186,21.305070487483533,21.302980609771655,21.302980609771655,,,21.375,21.332120098039216,21.284770352035203,21.27560110974106,21.294103346901856,21.304804886211514,21.301849097381137,21.300270628311885,21.28410931174089,21.301849097381137,21.244533107417574,21.13665692918906,21.375,21.13416414670078,"rgba(239, 83, 80, 1.0)",0.0,0.0,0.04207725627346489,21.328847366114793,1.2156836831935747,0.0,0.0,0.0,0.0,0.0,0.0,0.0,0.0,20.609839164592657,-20.85526492950588,False,True,False,True,False,0.0,0,1.014851485148512,0.8985148514851435,False,False,False,False,-0.012453593795402037,-0.003016205839985143,False,False,False,False,-2065.0,-2121.6151339811117,False,False,False,False,7.97574343488705,False,False,False,False
2025-10-31 14:00:00+00:00,21.38,21.38,21.38,21.38,0.0,,21.38621794871795,21.38621794871795,21.3457264957265,21.284770352035203,21.304454110189493,21.304955920657186,21.305070487483533,21.302980609771655,21.302980609771655,,,21.375,21.332120098039216,21.284770352035203,21.27560110974106,21.294103346901856,21.304804886211514,21.301849097381137,21.300270628311885,21.28410931174089,21.301849097381137,21.244533107417574,21.13665692918906,21.375,21.13416414670078,"rgba(239, 83, 80, 1.0)",0.0,0.0,0.04207725627346489,21.328847366114793,1.2156836831935747,0.0,0.0,0.0,0.0,0.0,0.0,0.0,0.0,21.011227749005297,-20.85526492950588,False,True,False,True,False,0.0,0,1.0124378109452712,0.9029850746268598,False,False,False,False,0.006226368675841737,0.001605081417928297,False,False,False,False,-2065.0,-2120.737379965901,False,False,False,False,7.8520884979120575,False,False,False,False
2025-10-31 15:00:00+00:00,21.38,21.385,21.35,21.355,100.0,,21.371162280701757,21.371162280701757,21.353840245775732,21.29075838414634,21.305621653777514,21.306102599358347,21.306199612403102,21.304113781449495,21.304113781449495,,,21.367063492063494,21.34534604519774,21.29075838414634,21.28069589624468,21.29563430635412,21.305957020997376,21.302999625748505,21.301441926696384,21.293529528339278,21.302999625748505,21.24641972367795,21.13927504427504,21.367063492063494,21.136798880968804,"rgba(239, 83, 80, 1.0)",0.0,0.0,0.04273056167321273,21.33289226310084,0.5173752937822428,0.0,0.0,0.0,0.0,-1.0,21.38,21.36,869.0,19.559619098917537,-22.725955641331034,False,True,False,True,False,0.0,0,0.9975369458128066,0.9039408866995016,False,False,False,False,-0.024910927089401756,-0.01165292283573673,False,False,False,False,-2165.0,-2121.423622136972,False,False,False,False,9.280738288642102,False,False,False,False
2025-10-31 16:00:00+00:00,21.355,21.36,21.345,21.355,0.0,,21.371162280701757,21.371162280701757,21.353840245775732,21.29075838414634,21.305621653777514,21.306102599358347,21.306199612403102,21.304113781449495,21.304113781449495,,,21.367063492063494,21.34534604519774,21.29075838414634,21.28069589624468,21.29563430635412,21.305957020997376,21.302999625748505,21.301441926696384,21.293529528339278,21.302999625748505,21.24641972367795,21.13927504427504,21.367063492063494,21.136798880968804,"rgba(239, 83, 80, 1.0)",0.0,0.0,0.0433714316236899,21.33289226310084,0.509730393291496,0.0,0.0,0.0,0.0,0.0,0.0,0.0,0.0,18.591879998859028,-24.244145899368235,False,True,False,True,False,0.0,0,0.9999999999999982,0.915841584158411,False,False,False,False,-0.06234490244709992,-0.03699891264141832,False,False,False,False,-2165.0,-2122.099224894538,False,False,False,False,9.136850873314318,False,False,False,False
2025-10-31 17:00:00+00:00,21.355,21.355,21.34,21.345,0.0,,21.371162280701757,21.371162280701757,21.353840245775732,21.29075838414634,21.305621653777514,21.306102599358347,21.306199612403102,21.304113781449495,21.304113781449495,,,21.367063492063494,21.34534604519774,21.29075838414634,21.28069589624468,21.29563430635412,21.305957020997376,21.302999625748505,21.301441926696384,21.293529528339278,21.302999625748505,21.24641972367795,21.13927504427504,21.367063492063494,21.136798880968804,"rgba(239, 83, 80, 1.0)",0.0,0.0,0.04478758676168254,21.33289226310084,0.27033688962933233,0.0,0.0,0.0,0.0,0.0,0.0,0.0,0.0,17.35319756253692,-25.997807797235406,False,True,False,True,False,0.0,0,0.9925742574257405,0.918316831683163,False,False,False,False,-0.0748565846118718,-0.055927748626645055,False,False,False,False,-2165.0,-2122.764353190747,False,False,False,False,8.995194270627273,False,False,False,False
2025-10-31 18:00:00+00:00,21.345,21.35,21.34,21.34,0.0,,21.371162280701757,21.371162280701757,21.353840245775732,21.29075838414634,21.305621653777514,21.306102599358347,21.306199612403102,21.304113781449495,21.304113781449495,,,21.367063492063494,21.34534604519774,21.29075838414634,21.28069589624468,21.29563430635412,21.305957020997376,21.302999625748505,21.301441926696384,21.293529528339278,21.302999625748505,21.24641972367795,21.13927504427504,21.367063492063494,21.136798880968804,"rgba(239, 83, 80, 1.0)",0.0,0.0,0.04593159818381038,21.33289226310084,0.15474612641855326,0.0,0.0,0.0,0.0,0.0,0.0,0.0,0.0,16.246154065731503,-27.589693585358226,False,True,False,True,False,0.0,0,0.9924999999999979,0.9274999999999946,False,False,False,False,-0.08112096490443524,-0.06852435676554014,False,False,False,False,-2165.0,-2123.4191694203478,False,False,False,False,8.855733894338478,False,False,False,False
2025-10-31 19:00:00+00:00,21.34,21.375,21.34,21.345,287.0,,21.359506454062263,21.359506454062263,21.353551587301588,21.30198978528247,21.308190744215132,21.30862309408702,21.308683067131753,21.306630441237605,21.306630441237605,,,21.357983870967743,21.349729126832376,21.30198978528247,21.29107267297163,21.29907777084633,21.30849046643066,21.305565026934236,21.304068065596894,21.308745567375887,21.305565026934236,21.251080143782918,21.146143096702065,21.357983870967743,21.143715451678723,"rgba(239, 83, 80, 1.0)",0.0,0.0,0.04679666577797202,21.336040626278354,0.19145324934371732,0.0,0.0,0.0,0.0,0.0,0.0,0.0,0.0,17.226998757847078,-27.589693585358226,False,True,False,True,False,0.0,0,0.9828009828009809,0.911547911547906,False,False,False,False,-0.049852684934070905,-0.059188520849805526,False,False,False,False,-1878.0,-2119.6142210572416,False,False,False,False,13.168048097527027,False,False,False,False
2025-11-03 15:00:00+00:00,21.24,21.25,21.23,21.235,0.0,,21.359506454062263,21.359506454062263,21.353551587301588,21.30198978528247,21.308190744215132,21.30862309408702,21.308683067131753,21.306630441237605,21.306630441237605,,,21.357983870967743,21.349729126832376,21.30198978528247,21.29107267297163,21.29907777084633,21.30849046643066,21.305565026934236,21.304068065596894,21.308745567375887,21.305565026934236,21.251080143782918,21.146143096702065,21.357983870967743,21.143715451678723,"rgba(239, 83, 80, 1.0)",0.0,0.0,0.05235980853246885,21.336040626278354,-1.9297363590567456,0.0,0.0,0.0,0.0,-1.0,21.34,21.235,872.0,14.059035131375529,-30.440631356924243,False,True,False,True,False,0.0,0,0.9719626168224287,0.9345794392523324,False,False,False,False,-0.34282825441539394,-0.20100838763259973,False,False,False,False,-1878.0,-2115.868264141626,False,False,False,False,12.963892313069243,False,False,False,False
2025-11-03 16:00:00+00:00,21.23,21.235,21.22,21.23,0.0,,21.359506454062263,21.359506454062263,21.353551587301588,21.30198978528247,21.308190744215132,21.30862309408702,21.308683067131753,21.306630441237605,21.306630441237605,,,21.357983870967743,21.349729126832376,21.30198978528247,21.29107267297163,21.29907777084633,21.30849046643066,21.305565026934236,21.304068065596894,21.308745567375887,21.305565026934236,21.251080143782918,21.146143096702065,21.357983870967743,21.143715451678723,"rgba(239, 83, 80, 1.0)",0.0,0.0,0.05756312633553464,21.336040626278354,-1.8421623881275047,0.0,0.0,0.0,0.0,0.0,0.0,0.0,0.0,11.870732006953617,-32.76134192282609,False,True,False,True,False,0.0,0,0.96270396270396,0.9463869463869419,False,False,False,False,-0.34282825441539394,-0.2719183210239968,False,False,False,False,-1878.0,-2112.1803840774146,False,False,False,False,12.762901734572045,False,False,False,False
2025-11-03 17:00:00+00:00,21.23,21.235,21.225,21.235,0.0,,21.359506454062263,21.359506454062263,21.353551587301588,21.30198978528247,21.308190744215132,21.30862309408702,21.308683067131753,21.306630441237605,21.306630441237605,,,21.357983870967743,21.349729126832376,21.30198978528247,21.29107267297163,21.29907777084633,21.30849046643066,21.305565026934236,21.304068065596894,21.308745567375887,21.305565026934236,21.251080143782918,21.146143096702065,21.357983870967743,21.143715451678723,"rgba(239, 83, 80, 1.0)",0.0,0.0,0.06203747777477603,21.336040626278354,-1.6287030018399153,0.0,0.0,0.0,0.0,0.0,0.0,0.0,0.0,11.407178080078017,-33.47799826237009,False,True,False,True,False,0.0,0,0.9788235294117638,0.9435294117647017,False,False,False,False,-0.33628781795778184,-0.30410306949088933,False,False,False,False,-1878.0,-2108.5496804483078,False,False,False,False,12.565027289074804,False,False,False,False
2025-11-03 18:00:00+00:00,21.24,21.245,21.23,21.24,0.0,,21.359506454062263,21.359506454062263,21.353551587301588,21.30198978528247,21.308190744215132,21.30862309408702,21.308683067131753,21.306630441237605,21.306630441237605,,,21.357983870967743,21.349729126832376,21.30198978528247,21.29107267297163,21.29907777084633,21.30849046643066,21.305565026934236,21.304068065596894,21.308745567375887,21.305565026934236,21.251080143782918,21.146143096702065,21.357983870967743,21.143715451678723,"rgba(239, 83, 80, 1.0)",0.0,0.0,0.0659954953418228,21.336040626278354,-1.455260329222693,0.0,0.0,0.0,0.0,0.0,0.0,0.0,0.0,12.143758491183888,-33.47799826237009,False,True,False,True,False,0.0,0,0.9741176470588219,0.9411764705882298,False,False,False,False,-0.3168293288222765,-0.3104661991565829,False,False,False,False,-1878.0,-2104.9752667979465,False,False,False,False,12.370220664437985,False,False,False,False
2025-11-03 19:00:00+00:00,21.24,21.245,21.23,21.24,0.0,,21.359506454062263,21.359506454062263,21.353551587301588,21.30198978528247,21.308190744215132,21.30862309408702,21.308683067131753,21.306630441237605,21.306630441237605,,,21.357983870967743,21.349729126832376,21.30198978528247,21.29107267297163,21.29907777084633,21.30849046643066,21.305565026934236,21.304068065596894,21.308745567375887,21.305565026934236,21.251080143782918,21.146143096702065,21.357983870967743,21.143715451678723,"rgba(239, 83, 80, 1.0)",0.0,0.0,0.06975232890301582,21.336040626278354,-1.3768805685598167,0.0,0.0,0.0,0.0,0.0,0.0,0.0,0.0,12.634812098587801,-33.47799826237009,False,True,False,True,False,0.0,0,0.9741176470588219,0.9411764705882298,False,False,False,False,-0.3168293288222765,-0.31364776398942973,False,False,False,False,-1878.0,-2101.4562704134823,False,False,False,False,12.178434297547474,False,False,False,False
2025-11-03 20:00:00+00:00,21.24,21.245,21.23,21.245,0.0,,21.359506454062263,21.359506454062263,21.353551587301588,21.30198978528247,21.308190744215132,21.30862309408702,21.308683067131753,21.306630441237605,21.306630441237605,,,21.357983870967743,21.349729126832376,21.30198978528247,21.29107267297163,21.29907777084633,21.30849046643066,21.305565026934236,21.304068065596894,21.308745567375887,21.305565026934236,21.251080143782918,21.146143096702065,21.357983870967743,21.143715451678723,"rgba(239, 83, 80, 1.0)",0.0,0.0,0.07316758500526413,21.336040626278354,-1.244275402444992,0.0,0.0,0.0,0.0,0.0,0.0,0.0,0.0,14.184940326591601,-33.47799826237009,False,True,False,True,True,0.0,0,0.9741176470588219,0.9411764705882298,False,False,False,False,-0.3168293288222765,-0.31523854640585314,False,False,False,False,-1878.0,-2097.9918321124983,False,False,False,False,11.989621362701776,False,False,False,False
2025-11-04 15:00:00+00:00,21.25,21.265,21.24,21.265,0.0,,21.359506454062263,21.359506454062263,21.353551587301588,21.30198978528247,21.308190744215132,21.30862309408702,21.308683067131753,21.306630441237605,21.306630441237605,,,21.357983870967743,21.349729126832376,21.30198978528247,21.29107267297163,21.29907777084633,21.30849046643066,21.305565026934236,21.304068065596894,21.308745567375887,21.305565026934236,21.251080143782918,21.146143096702065,21.357983870967743,21.143715451678723,"rgba(239, 83, 80, 1.0)",0.0,0.0,0.07573674177082788,21.336040626278354,-0.9379942233759637,0.0,0.0,0.0,0.0,1.0,21.26,21.245,878.0,19.641819315161833,-34.83633385289895,False,True,False,True,True,0.0,0,0.9813084112149503,0.9275700934579381,False,False,False,False,-0.27858281944984914,-0.29691068292785117,False,False,False,False,-1878.0,-2094.581106033235,False,False,False,False,11.803735760179267,False,False,False,False
2025-11-04 16:00:00+00:00,21.265,21.265,21.26,21.265,0.0,,21.359506454062263,21.359506454062263,21.353551587301588,21.30198978528247,21.308190744215132,21.30862309408702,21.308683067131753,21.306630441237605,21.306630441237605,,,21.357983870967743,21.349729126832376,21.30198978528247,21.29107267297163,21.29907777084633,21.30849046643066,21.305565026934236,21.304068065596894,21.308745567375887,21.305565026934236,21.251080143782918,21.146143096702065,21.357983870967743,21.143715451678723,"rgba(239, 83, 80, 1.0)",0.0,0.0,0.07816257024557442,21.336040626278354,-0.9088829353379144,0.0,0.0,0.0,0.0,0.0,0.0,0.0,0.0,23.279738640875323,-31.52650243451527,False,True,False,True,True,0.0,0,0.9952941176470581,0.9270588235294058,False,False,False,False,-0.2535258255107728,-0.275218254219312,False,False,False,False,-1878.0,-2091.2232594280686,False,False,False,False,11.62073210498269,False,False,False,False
2025-11-04 17:00:00+00:00,21.26,21.27,21.26,21.27,63.0,,21.34785524568393,21.34785524568393,21.34389770723104,21.30065082230245,21.307705667841027,21.308137290939168,21.308202661826982,21.30618686868687,21.30618686868687,,21.266666666666666,21.346408450704224,21.340799203640497,21.30065082230245,21.290330598455604,21.298658661740557,21.308005217925107,21.305134644655194,21.303657132891523,21.306519731318218,21.305134644655194,21.251227872223065,21.146986012433388,21.346408450704224,21.144571544356026,"rgba(239, 83, 80, 1.0)",0.0,0.0,0.08032299660614459,21.32732381971225,-0.7136663487958927,0.0,0.0,0.0,0.0,1.0,21.27,21.265,880.0,26.823313839996068,-28.355011372982048,False,True,False,True,True,0.0,0,1.0095011876484559,0.9216152019002324,False,False,False,False,-0.24731111556313146,-0.26126468489122173,False,False,False,False,-1815.0,-2086.940728274145,False,False,False,False,12.417309901804662,False,False,False,False
2025-11-04 18:00:00+00:00,21.27,21.27,21.27,21.27,0.0,,21.34785524568393,21.34785524568393,21.34389770723104,21.30065082230245,21.307705667841027,21.308137290939168,21.308202661826982,21.30618686868687,21.30618686868687,,21.266666666666666,21.346408450704224,21.340799203640497,21.30065082230245,21.290330598455604,21.298658661740557,21.308005217925107,21.305134644655194,21.303657132891523,21.306519731318218,21.305134644655194,21.251227872223065,21.146986012433388,21.346408450704224,21.144571544356026,"rgba(239, 83, 80, 1.0)",0.0,0.0,0.08237127549718962,21.32732381971225,-0.6959200202527869,0.0,0.0,0.0,0.0,0.0,0.0,0.0,0.0,29.185697306076563,-26.259867093046495,False,True,False,True,True,0.0,0,1.016746411483252,0.918660287081335,False,False,False,False,-0.23493714032332733,-0.24810091260727452,False,False,False,False,-1815.0,-2082.724592952065,False,False,False,False,12.224793469218543,False,False,False,False
2025-11-04 19:00:00+00:00,21.27,21.27,21.255,21.255,0.0,,21.34785524568393,21.34785524568393,21.34389770723104,21.30065082230245,21.307705667841027,21.308137290939168,21.308202661826982,21.30618686868687,21.30618686868687,,21.266666666666666,21.346408450704224,21.340799203640497,21.30065082230245,21.290330598455604,21.298658661740557,21.308005217925107,21.305134644655194,21.303657132891523,21.306519731318218,21.305134644655194,21.251227872223065,21.146986012433388,21.346408450704224,21.144571544356026,"rgba(239, 83, 80, 1.0)",0.0,0.0,0.08471052988785223,21.32732381971225,-0.8537760277028338,0.0,0.0,0.0,0.0,-1.0,21.27,21.255,889.0,29.008606821362218,-26.259867093046495,False,True,False,True,True,0.0,0,1.0095238095238077,0.9142857142857088,False,False,False,False,-0.25352582551078173,-0.2508133690590281,False,False,False,False,-1815.0,-2078.573824069087,False,False,False,False,12.035261787525233,False,False,False,False
2025-11-04 20:00:00+00:00,21.255,21.255,21.25,21.25,0.0,,21.34785524568393,21.34785524568393,21.34389770723104,21.30065082230245,21.307705667841027,21.308137290939168,21.308202661826982,21.30618686868687,21.30618686868687,,21.266666666666666,21.346408450704224,21.340799203640497,21.30065082230245,21.290330598455604,21.298658661740557,21.308005217925107,21.305134644655194,21.303657132891523,21.306519731318218,21.305134644655194,21.251227872223065,21.146986012433388,21.346408450704224,21.144571544356026,"rgba(239, 83, 80, 1.0)",0.0,0.0,0.08705905627380789,21.32732381971225,-0.8881766357432349,0.0,0.0,0.0,0.0,-1.0,21.255,21.225,888.0,28.36587204236966,-26.259867093046495,False,True,False,True,True,0.0,0,1.0047505938242272,0.9216152019002324,False,False,False,False,-0.27858281944984914,-0.26469809425443863,False,False,False,False,-1815.0,-2074.487408192047,False,False,False,False,11.848668581517089,False,False,False,False
2025-11-05 15:00:00+00:00,21.225,21.225,21.205,21.21,0.0,,21.34785524568393,21.34785524568393,21.34389770723104,21.30065082230245,21.307705667841027,21.308137290939168,21.308202661826982,21.30618686868687,21.30618686868687,,21.266666666666666,21.346408450704224,21.340799203640497,21.30065082230245,21.290330598455604,21.298658661740557,21.308005217925107,21.305134644655194,21.303657132891523,21.306519731318218,21.305134644655194,21.251227872223065,21.146986012433388,21.346408450704224,21.144571544356026,"rgba(239, 83, 80, 1.0)",0.0,0.0,0.09041605533902558,21.32732381971225,-1.2975994061268368,0.0,0.0,0.0,0.0,-1.0,21.25,21.205,888.0,24.951075343127258,-26.259867093046495,False,True,False,True,False,0.0,0,0.9953488372092999,0.9255813953488318,False,False,False,False,-0.34282825441539394,-0.3037631743349163,False,False,False,False,-1815.0,-2070.4643475999223,False,False,False,False,11.664968293431553,False,False,False,False
2025-11-05 16:00:00+00:00,21.205,21.205,21.185,21.19,0.0,,21.34785524568393,21.34785524568393,21.34389770723104,21.30065082230245,21.307705667841027,21.308137290939168,21.308202661826982,21.30618686868687,21.30618686868687,,21.266666666666666,21.346408450704224,21.340799203640497,21.30065082230245,21.290330598455604,21.298658661740557,21.308005217925107,21.305134644655194,21.303657132891523,21.306519731318218,21.305134644655194,21.251227872223065,21.146986012433388,21.346408450704224,21.144571544356026,"rgba(239, 83, 80, 1.0)",0.0,0.0,0.09418058176709543,21.32732381971225,-1.4580905865696003,0.0,0.0,0.0,0.0,-1.0,21.205,21.19,885.0,21.726828895556253,-22.879524312722445,False,True,False,True,False,0.0,0,0.9906759906759876,0.9393939393939346,False,False,False,False,-0.34282825441539394,-0.32329571437515514,False,False,False,False,-1815.0,-2066.5036600402336,False,False,False,False,11.484116071827962,False,False,False,False
2025-11-05 17:00:00+00:00,21.19,21.19,21.185,21.19,0.0,,21.34785524568393,21.34785524568393,21.34389770723104,21.30065082230245,21.307705667841027,21.308137290939168,21.308202661826982,21.30618686868687,21.30618686868687,,21.266666666666666,21.346408450704224,21.340799203640497,21.30065082230245,21.290330598455604,21.298658661740557,21.308005217925107,21.305134644655194,21.303657132891523,21.306519731318218,21.305134644655194,21.251227872223065,21.146986012433388,21.346408450704224,21.144571544356026,"rgba(239, 83, 80, 1.0)",0.0,0.0,0.09769413566919255,21.32732381971225,-1.4056505927566632,0.0,0.0,0.0,0.0,0.0,0.0,0.0,0.0,19.577331263842247,-24.94921753044009,False,True,False,True,False,0.0,0,0.9905882352941144,0.945882352941172,False,False,False,False,-0.34282825441539394,-0.33306198439527457,False,False,False,False,-1815.0,-2062.604378489222,False,False,False,False,11.30606776063683,False,False,False,False
2025-11-05 18:00:00+00:00,21.19,21.19,21.19,21.19,0.0,,21.34785524568393,21.34785524568393,21.34389770723104,21.30065082230245,21.307705667841027,21.308137290939168,21.308202661826982,21.30618686868687,21.30618686868687,,21.266666666666666,21.346408450704224,21.340799203640497,21.30065082230245,21.290330598455604,21.298658661740557,21.308005217925107,21.305134644655194,21.303657132891523,21.306519731318218,21.305134644655194,21.251227872223065,21.146986012433388,21.346408450704224,21.144571544356026,"rgba(239, 83, 80, 1.0)",0.0,0.0,0.100899914731377,21.32732381971225,-1.3609904436276654,0.0,0.0,0.0,0.0,0.0,0.0,0.0,0.0,18.14433284269957,-26.406779332739536,False,True,False,True,False,0.0,0,0.9881235154394289,0.9501187648456002,False,False,False,False,-0.33709751950153033,-0.33507975194840245,False,False,False,False,-1815.0,-2058.7655509157457,False,False,False,False,11.130779888378894,False,False,False,False
2025-11-05 19:00:00+00:00,21.19,21.19,21.185,21.19,0.0,,21.34785524568393,21.34785524568393,21.34389770723104,21.30065082230245,21.307705667841027,21.308137290939168,21.308202661826982,21.30618686868687,21.30618686868687,,21.266666666666666,21.346408450704224,21.340799203640497,21.30065082230245,21.290330598455604,21.298658661740557,21.308005217925107,21.305134644655194,21.303657132891523,21.306519731318218,21.305134644655194,21.251227872223065,21.146986012433388,21.346408450704224,21.144571544356026,"rgba(239, 83, 80, 1.0)",0.0,0.0,0.10388975445676697,21.32732381971225,-1.3218225457390678,0.0,0.0,0.0,0.0,0.0,0.0,0.0,0.0,17.189000561937785,-27.500254462347907,False,True,False,True,False,0.0,0,0.9809069212410471,0.9522673031026211,False,False,False,False,-0.34282825441539394,-0.33895400318189817,False,False,False,False,-1815.0,-2054.986240048835,False,False,False,False,10.958209657551315,False,False,False,False
2025-11-05 20:00:00+00:00,21.19,21.195,21.19,21.195,0.0,,21.34785524568393,21.34785524568393,21.34389770723104,21.30065082230245,21.307705667841027,21.308137290939168,21.308202661826982,21.30618686868687,21.30618686868687,,21.266666666666666,21.346408450704224,21.340799203640497,21.30065082230245,21.290330598455604,21.298658661740557,21.308005217925107,21.305134644655194,21.303657132891523,21.306519731318218,21.305134644655194,21.251227872223065,21.146986012433388,21.346408450704224,21.144571544356026,"rgba(239, 83, 80, 1.0)",0.0,0.0,0.1065170121336495,21.32732381971225,-1.2422787408477196,0.0,0.0,0.0,0.0,1.0,21.245,21.19,889.0,18.221532481718363,-27.500254462347907,False,True,False,True,False,0.0,0,0.980676328502414,0.9589371980676288,False,False,False,False,-0.3313880448760859,-0.335171024028992,False,False,False,False,-1815.0,-2051.265523148853,False,False,False,False,10.788314934178427,False,False,False,False
2025-11-06 15:00:00+00:00,21.245,21.25,21.245,21.245,0.0,,21.34785524568393,21.34785524568393,21.34389770723104,21.30065082230245,21.307705667841027,21.308137290939168,21.308202661826982,21.30618686868687,21.30618686868687,,21.266666666666666,21.346408450704224,21.340799203640497,21.30065082230245,21.290330598455604,21.298658661740557,21.308005217925107,21.305134644655194,21.303657132891523,21.306519731318218,21.305134644655194,21.251227872223065,21.146986012433388,21.346408450704224,21.144571544356026,"rgba(38, 166, 154, 1.0)",0.0,0.0,0.10781833235957083,21.32732381971225,-0.7635419497836717,0.0,0.0,0.0,0.0,0.0,0.0,0.0,0.0,29.52272416392181,-26.389569332484538,False,False,False,True,True,0.0,0,0.976470588235292,0.9505882352941138,False,False,False,False,-0.2102537216273796,-0.27271237282818583,False,False,False,False,-1815.0,-2047.602491782204,False,False,False,False,10.621054237524497,False,False,False,False
2025-11-06 16:00:00+00:00,21.245,21.255,21.245,21.255,0.0,,21.34785524568393,21.34785524568393,21.34389770723104,21.30065082230245,21.307705667841027,21.308137290939168,21.308202661826982,21.30618686868687,21.30618686868687,,21.266666666666666,21.346408450704224,21.340799203640497,21.30065082230245,21.290330598455604,21.298658661740557,21.308005217925107,21.305134644655194,21.303657132891523,21.306519731318218,21.305134644655194,21.251227872223065,21.146986012433388,21.346408450704224,21.144571544356026,"rgba(38, 166, 154, 1.0)",0.0,0.0,0.10884632525964556,21.32732381971225,-0.6644580746270402,0.0,0.0,0.0,0.0,0.0,0.0,0.0,0.0,38.37273310743468,-18.699516936109504,True,False,False,True,True,0.0,0,0.983490566037734,0.9481132075471664,False,False,False,False,-0.2049137825186541,-0.23881307767341997,False,False,False,False,-1815.0,-2043.9962515995342,False,False,False,False,10.456386729965978,False,False,False,False
2025-11-06 17:00:00+00:00,21.255,21.255,21.245,21.245,0.0,,21.34785524568393,21.34785524568393,21.34389770723104,21.30065082230245,21.307705667841027,21.308137290939168,21.308202661826982,21.30618686868687,21.30618686868687,,21.266666666666666,21.346408450704224,21.340799203640497,21.30065082230245,21.290330598455604,21.298658661740557,21.308005217925107,21.305134644655194,21.303657132891523,21.306519731318218,21.305134644655194,21.251227872223065,21.146986012433388,21.346408450704224,21.144571544356026,"rgba(38, 166, 154, 1.0)",0.0,0.0,0.10988425523957254,21.32732381971225,-0.7491866740395711,0.0,0.0,0.0,0.0,0.0,0.0,0.0,0.0,42.686069129404494,-15.276996704763114,True,False,False,True,True,0.0,0,0.9786729857819879,0.9549763033175324,False,False,False,False,-0.2049137825186541,-0.22186343009603704,False,False,False,False,-1815.0,-2040.4459221173709,False,False,False,False,10.294272207020768,False,False,False,False
2025-11-06 18:00:00+00:00,21.245,21.25,21.245,21.25,0.0,,21.34785524568393,21.34785524568393,21.34389770723104,21.30065082230245,21.307705667841027,21.308137290939168,21.308202661826982,21.30618686868687,21.30618686868687,,21.266666666666666,21.346408450704224,21.340799203640497,21.30065082230245,21.290330598455604,21.298658661740557,21.308005217925107,21.305134644655194,21.303657132891523,21.306519731318218,21.305134644655194,21.251227872223065,21.146986012433388,21.346408450704224,21.144571544356026,"rgba(38, 166, 154, 1.0)",0.0,0.0,0.11039548071442086,21.32732381971225,-0.7004255899956503,0.0,0.0,0.0,0.0,0.0,0.0,0.0,0.0,46.30125674852136,-12.274927320190223,True,False,False,False,True,0.0,0,0.9762470308788577,0.9548693586698305,False,False,False,False,-0.2102537216273796,-0.21605857586170832,False,False,False,False,-1815.0,-2036.950636503148,False,False,False,False,10.134671087532073,False,False,False,False
2025-11-06 19:00:00+00:00,21.25,21.26,21.245,21.26,100.0,21.255,21.332430786267995,21.332430786267995,21.330569715142428,21.29805996973137,21.30674616178166,21.307178307164772,21.30725430778372,21.30530066943675,21.30530066943675,21.255,21.259509202453987,21.33109715242881,21.32829203109815,21.29805996973137,21.28870395948435,21.297780571198714,21.30704671488849,21.304269359107124,21.302823105930752,21.302529047250193,21.304269359107124,21.251283780445636,21.14817193675889,21.33109715242881,21.145778676577756,"rgba(38, 166, 154, 1.0)",0.0,0.0,0.1107739765192155,21.310764208071745,-0.4582683556813365,0.0,0.0,0.0,0.0,1.0,21.255,21.25,0.0,50.15198386539291,-8.858621222365514,True,False,True,False,True,0.0,0,0.9762470308788577,0.9524940617577152,False,False,False,False,-0.19958534404388448,-0.2078219599527964,False,False,False,False,-1715.0,-2031.9591537666652,False,False,False,False,11.527932000903668,False,False,False,False
2025-11-06 20:00:00+00:00,21.26,21.26,21.255,21.255,0.0,21.255,21.332430786267995,21.332430786267995,21.330569715142428,21.29805996973137,21.30674616178166,21.307178307164772,21.30725430778372,21.30530066943675,21.30530066943675,21.255,21.259509202453987,21.33109715242881,21.32829203109815,21.29805996973137,21.28870395948435,21.297780571198714,21.30704671488849,21.304269359107124,21.302823105930752,21.302529047250193,21.304269359107124,21.251283780445636,21.14817193675889,21.33109715242881,21.145778676577756,"rgba(38, 166, 154, 1.0)",0.0,0.0,0.1111422268743989,21.310764208071745,-0.5017373651759307,0.0,0.0,0.0,0.0,0.0,0.0,0.0,0.0,51.760414063580264,-7.328639292676527,True,False,True,False,True,0.0,0,0.9760191846522743,0.9616306954436405,False,False,False,False,-0.18896161802575412,-0.19839178898927526,False,False,False,False,-1715.0,-2027.0450583594302,False,False,False,False,11.349204372982681,False,False,False,False
