date,Close,High,Low,Open,Volume,Gap_Up_aVWAP_176,Gap_Down_aVWAP_105,aVWAP_OB_bear_152,aVWAP_OB_bear_130,aVWAP_OB_bear_106,color,Liquidity,Liquidity_Level,StDev,StDev_Mean,StdDev_ZScore,OB,OB_High,OB_Low,OB_Mitigated_Index,FVG,FVG_High,FVG_Low,FVG_Mitigated_Index,QQEMOD,QQE1_Value,QQE1_Above_Upper,QQE1_Below_Lower,QQE2_Above_Threshold,QQE2_Below_Threshold,QQE2_Above_TL,banker_RSI,TTM_squeeze_Active,VI_plus,VI_minus,VI_Regular_Bullish,VI_Regular_Bearish,VI_Hidden_Bullish,VI_Hidden_Bearish,Fisher,Fisher_Signal,Fisher_Regular_Bullish,Fisher_Regular_Bearish,Fisher_Hidden_Bullish,Fisher_Hidden_Bearish,OBV,OBV_Smoothed,OBV_Regular_Bullish,OBV_Regular_Bearish,OBV_Hidden_Bullish,OBV_Hidden_Bearish,Volume_MA,Vol_Regular_Bullish,Vol_Regular_Bearish,Vol_Hidden_Bullish,Vol_Hidden_Bearish
2021-12-31 00:00:00+00:00,34.75,36.84,34.35,36.0,3556376,,,,,,#000000,0.0,0.0,,,,0.0,0.0,0.0,0.0,0.0,0.0,0.0,0.0,,,False,False,False,False,False,,0,,,False,False,False,False,,,False,False,False,False,0,0.0,False,False,False,False,3556376.0,False,False,False,False
2022-01-07 00:00:00+00:00,31.91,35.84,30.34,34.96,7014840,,,,,,"rgba(239, 83, 80, 0.5)",0.0,0.0,,,,0.0,0.0,0.0,0.0,0.0,0.0,0.0,0.0,0.0,,False,False,False,True,False,,0,,,False,False,False,False,,,False,False,False,False,-7014840,-519617.77777777775,False,False,False,False,3812558.5185185187,False,False,False,False
2022-01-14 00:00:00+00:00,31.0,34.75,29.81,30.74,5481019,,,,,,"rgba(239, 83, 80, 0.5)",0.0,0.0,,,,0.0,0.0,0.0,0.0,0.0,0.0,0.0,0.0,0.0,-50.0,False,False,False,True,True,,0,,,False,False,False,False,,,False,False,False,False,-12495859,-1406746.757201646,False,False,False,False,3936148.183813443,False,False,False,False
2022-01-21 00:00:00+00:00,30.12,32.21,29.0,30.07,6839762,,,,,,"rgba(239, 83, 80, 0.5)",0.0,0.0,,,,0.0,0.0,0.0,0.0,0.0,0.0,0.0,0.0,0.0,-50.0,False,False,False,True,True,,0,,,False,False,False,False,,,False,False,False,False,-19335621,-2734811.51592745,False,False,False,False,4151230.688716151,False,False,False,False
2022-01-28 00:00:00+00:00,32.15,32.8,28.76,29.37,10535596,,,,,,"rgba(239, 83, 80, 0.5)",0.0,0.0,,31.23666666666667,,0.0,0.0,0.0,0.0,0.0,0.0,0.0,0.0,9.742872771271188,-40.789940583407706,False,False,False,True,True,,0,,,False,False,False,False,,,False,False,False,False,-8800025,-3184086.588821713,False,False,False,False,4624146.63770014,False,False,False,False
2022-02-04 00:00:00+00:00,31.75,33.98,30.19,32.33,7930721,,,,,,"rgba(239, 83, 80, 0.5)",0.0,0.0,,31.553042574398205,,0.0,0.0,0.0,0.0,0.0,0.0,0.0,0.0,16.04776617290326,-35.229456055686555,False,False,False,True,True,,0,,,False,False,False,False,,,False,False,False,False,-16730746,-4187542.841501586,False,False,False,False,4869078.071944574,False,False,False,False
2022-02-11 00:00:00+00:00,33.65,35.42,31.65,31.65,5755632,,,,,,"rgba(239, 83, 80, 0.5)",0.0,0.0,,32.03310510534612,,0.0,0.0,0.0,0.0,0.0,0.0,0.0,0.0,25.51396973150066,-26.830916950966287,False,False,False,True,True,,0,,,False,False,False,False,,,False,False,False,False,-10975114,-4690325.8902792465,False,False,False,False,4934748.733282013,False,False,False,False
2022-02-18 00:00:00+00:00,31.75,35.61,31.7,33.4,5527150,,,,,,"rgba(239, 83, 80, 0.5)",1.0,35.865,,32.61823123035312,,0.0,0.0,0.0,0.0,0.0,0.0,0.0,0.0,29.262916573234058,-24.067782382726318,False,False,False,True,True,,0,,,False,False,False,False,,,False,False,False,False,-16502264,-5565284.26877708,False,False,False,False,4978630.308594457,False,False,False,False
2022-02-25 00:00:00+00:00,32.88,33.22,28.76,31.2,4305826,,,,,,"rgba(239, 83, 80, 0.5)",0.0,0.0,,32.273995996921684,,0.0,0.0,0.0,0.0,0.0,0.0,0.0,0.0,34.04816289134637,-20.24694957334229,False,False,False,True,True,,0,,,False,False,False,False,,,False,False,False,False,-12196438,-6056480.841460259,False,False,False,False,4928792.952402274,False,False,False,False
2022-03-04 00:00:00+00:00,29.66,34.51,29.21,33.19,5123931,,,,,,"rgba(239, 83, 80, 0.5)",0.0,0.0,,31.98836551473975,,0.0,0.0,0.0,0.0,0.0,0.0,0.0,0.0,33.93699333447185,-20.24694957334229,False,False,False,True,True,,0,,,False,False,False,False,,,False,False,False,False,-17320369,-6890842.927278018,False,False,False,False,4943247.622594698,False,False,False,False
2022-03-11 00:00:00+00:00,26.59,30.7,26.53,29.71,6026212,,,,,,"rgba(239, 83, 80, 0.5)",0.0,0.0,,31.138733514593465,,0.0,0.0,0.0,0.0,0.0,0.0,0.0,0.0,31.787874543509865,-20.24694957334229,False,False,False,True,True,,0,,,False,False,False,False,,,False,False,False,False,-23346581,-8109786.488220387,False,False,False,False,5023467.206106202,False,False,False,False
2022-03-18 00:00:00+00:00,34.92,35.23,24.02,26.06,16812324,,,,,,"rgba(239, 83, 80, 0.5)",-1.0,22.303572,,31.30140515422042,,0.0,0.0,0.0,0.0,0.0,0.0,0.0,0.0,38.34438135546552,-17.886194489648574,False,False,False,True,True,,0,,,False,False,False,False,,,False,False,False,False,-6534257,-7993080.600204063,False,False,False,False,5896715.857505742,False,False,False,False
2022-03-25 00:00:00+00:00,35.53,37.25,34.2254,34.45,6751062,,,,,,"rgba(239, 83, 80, 0.5)",0.0,0.0,,32.080562804372754,,0.0,0.0,0.0,0.0,0.0,0.0,0.0,0.0,43.406679114849155,-13.53908577163201,False,False,False,True,True,,0,,,False,False,False,False,,,False,False,False,False,216805,-7384940.926114873,False,False,False,False,5960000.756949762,False,False,False,False
2022-04-01 00:00:00+00:00,34.22,38.75,33.71,35.37,6805367,,,,,,#000000,0.0,0.0,,33.32436267649996,,0.0,0.0,0.0,0.0,0.0,0.0,0.0,0.0,46.01055071397152,-11.516652434032046,False,False,False,False,True,,0,,,False,False,False,False,,,False,False,False,False,-6588562,-7325949.894550809,False,False,False,False,6022620.478657187,False,False,False,False
2022-04-08 00:00:00+00:00,31.37,36.93,30.93,34.59,5148001,,,,,,"rgba(239, 83, 80, 0.5)",0.0,0.0,,33.08226901694627,,0.0,0.0,0.0,0.0,0.0,0.0,0.0,0.0,45.94414434906147,-11.516652434032046,False,False,False,True,True,,0,,,False,False,False,False,,,False,False,False,False,-11736563,-7652661.976435934,False,False,False,False,5957833.850608507,False,False,False,False
2022-04-15 00:00:00+00:00,32.62,34.73,30.07,30.84,3064753,,,,,,#000000,0.0,0.0,,32.96773120079382,,0.0,0.0,0.0,0.0,0.0,0.0,0.0,0.0,46.77809390073824,-11.256673070460309,False,False,False,False,True,,0,,,False,False,False,False,,,False,False,False,False,-8671810,-7728154.422625866,False,False,False,False,5743531.565378248,False,False,False,False
2022-04-22 00:00:00+00:00,29.43,33.86,28.955,32.33,4339017,,,,,,"rgba(239, 83, 80, 0.5)",0.0,0.0,,32.67375018469887,,0.0,0.0,0.0,0.0,0.0,0.0,0.0,0.0,45.494365767553965,-11.256673070460309,False,False,False,True,True,,0,,,False,False,False,False,,,False,False,False,False,-13010827,-8119463.502431357,False,False,False,False,5639493.449424304,False,False,False,False
2022-04-29 00:00:00+00:00,28.57,31.9,28.39,29.1,5414442,,,,,,"rgba(239, 83, 80, 0.5)",0.0,0.0,,32.28968639169322,,0.0,0.0,0.0,0.0,0.0,0.0,0.0,0.0,44.1252163733039,-11.256673070460309,False,False,False,True,True,,0,,,False,False,False,False,,,False,False,False,False,-18425269,-8882856.502251256,False,False,False,False,5622822.97168917,False,False,False,False
2022-05-06 00:00:00+00:00,25.77,30.71,25.04,28.37,7470120,,,,,,"rgba(239, 83, 80, 0.5)",0.0,0.0,,31.59129527130264,,0.0,0.0,0.0,0.0,0.0,0.0,0.0,0.0,41.804208814648874,-11.256673070460309,False,False,False,True,False,,0,,,False,False,False,False,,,False,False,False,False,-25895389,-10143044.094677089,False,False,False,False,5759659.788601084,False,False,False,False
2022-05-13 00:00:00+00:00,26.38,26.76,21.76,24.92,10338081,,,,,,"rgba(239, 83, 80, 0.5)",0.0,0.0,,30.587814179657038,,0.0,0.0,0.0,0.0,0.0,0.0,0.0,0.0,40.62632495823128,-11.256673070460309,False,False,False,True,False,,1,,,False,False,False,False,,,False,False,False,False,-15557308,-10544100.680256564,False,False,False,False,6098802.100556559,False,False,False,False
2022-05-20 00:00:00+00:00,23.92,26.96,22.63,26.08,6067780,,,,,,"rgba(239, 83, 80, 0.5)",0.0,0.0,,30.105828939101606,,0.0,0.0,0.0,0.0,0.0,0.0,0.0,0.0,38.688267840645544,-3.302482519882979,False,False,False,True,False,,1,,,False,False,False,False,,,False,False,False,False,-21625088,-11364914.555793114,False,False,False,False,6096504.1671819985,False,False,False,False
2022-05-27 00:00:00+00:00,25.79,25.99,21.72,23.89,5372664,,,,,,"rgba(239, 83, 80, 0.5)",0.0,0.0,,28.258614453025423,,0.0,0.0,0.0,0.0,0.0,0.0,0.0,0.0,38.752021919188664,-3.409399026205307,False,False,False,True,False,,1,,,False,False,False,False,,,False,False,False,False,-16252424,-11726952.292401033,False,False,False,False,6042886.377020369,False,False,False,False
2022-06-03 00:00:00+00:00,26.02,27.7,24.09,25.62,7201846,,,,,,"rgba(239, 83, 80, 0.5)",0.0,0.0,,28.231842609665726,,0.0,0.0,0.0,0.0,0.0,0.0,0.0,0.0,38.97200807263309,-3.430529844260221,False,False,False,True,False,,1,,,False,False,False,False,,,False,False,False,False,-9050578,-11528702.34481577,False,False,False,False,6128735.237981823,False,False,False,False
2022-06-10 00:00:00+00:00,25.01,29.02,24.55,26.64,6120850,,,,,,"rgba(239, 83, 80, 0.5)",1.0,29.695,,27.30443384364481,,0.0,0.0,0.0,0.0,0.0,0.0,0.0,0.0,38.621983374697834,-4.064728092879861,False,False,False,True,False,,1,,,False,False,False,False,,,False,False,False,False,-15171428,-11798533.874829417,False,False,False,False,6128151.146279466,False,False,False,False
2022-06-17 00:00:00+00:00,23.95,24.67,21.94,23.72,7723751,,,,,,"rgba(239, 83, 80, 0.5)",0.0,0.0,,26.54752463787931,,0.0,0.0,0.0,0.0,0.0,0.0,0.0,0.0,37.85348074528197,-5.123043742811376,False,False,False,True,False,,1,,,False,False,False,False,,,False,False,False,False,-22895179,-12620507.587805016,False,False,False,False,6246343.728036542,False,False,False,False
2022-06-24 00:00:00+00:00,28.48,28.52,24.23,24.52,5548216,,,,,,"rgba(239, 83, 80, 0.5)",0.0,0.0,,26.774232184627323,,0.0,0.0,0.0,0.0,0.0,0.0,0.0,0.0,40.60705866001978,-5.123043742811376,False,False,False,True,False,,1,,,False,False,False,False,-0.17499885146358224,-0.17499885146358224,False,False,False,False,-17346963,-12970615.396115756,False,False,False,False,6194630.562996798,False,False,False,False
2022-07-01 00:00:00+00:00,25.43,28.79,23.97,28.53,4950016,,,,,,"rgba(239, 83, 80, 0.5)",0.0,0.0,,26.779722499986562,,0.0,0.0,0.0,0.0,0.0,0.0,0.0,0.0,41.01130945067868,-5.123043742811376,False,False,False,True,False,,1,0.9092780512265607,1.061278552671514,False,False,False,False,-0.1747356451210671,-0.17486724829232467,False,False,False,False,-22296979,-13661457.144551625,False,False,False,False,6102436.891663702,False,False,False,False
2022-07-08 00:00:00+00:00,27.82,28.81,24.57,25.17,4156179,,,,,,"rgba(239, 83, 80, 0.5)",0.0,0.0,,26.8573771138975,,0.0,0.0,0.0,0.0,0.0,0.0,0.0,0.0,42.76047601698001,-5.123043742811376,False,False,False,True,True,,1,0.9467453845999987,1.0534212965123646,False,False,False,False,-0.15846208970355066,-0.16666466899793766,False,False,False,False,-18140800,-13993260.319029283,False,False,False,False,5958269.640429354,False,False,False,False
2022-07-15 00:00:00+00:00,26.15,28.07,24.85,27.61,3715955,,,,,,"rgba(239, 83, 80, 0.5)",0.0,0.0,,26.86143083365792,,0.0,0.0,0.0,0.0,0.0,0.0,0.0,0.0,43.17607473369145,-5.123043742811376,False,False,False,True,True,,1,0.9528196594898436,1.0512388644250086,False,False,False,False,-0.17052757590342174,-0.1685961224506797,False,False,False,False,-21856755,-14575741.406508595,False,False,False,False,5792172.25965681,False,False,False,False
2022-07-22 00:00:00+00:00,26.47,28.51,25.08,26.82,3111357,,,,,,"rgba(239, 83, 80, 0.5)",0.0,0.0,,26.879069991445867,,0.0,0.0,0.0,0.0,0.0,0.0,0.0,0.0,43.67299273535024,-5.123043742811376,False,False,False,True,True,,1,0.9616844009938423,1.0259938424975692,False,False,False,False,-0.1529693133883373,-0.1607827179195085,False,False,False,False,-18745398,-14884604.85787833,False,False,False,False,5593593.3515340835,False,False,False,False
2022-07-29 00:00:00+00:00,25.93,26.37,23.975,26.26,2577993,,,,,,"rgba(239, 83, 80, 0.5)",0.0,0.0,,26.838124306355695,,0.0,0.0,0.0,0.0,0.0,0.0,0.0,0.0,43.7431587642989,-5.123043742811376,False,False,False,True,True,,1,0.9529264284114016,1.0488265383780013,False,False,False,False,-0.23909239809298827,-0.19993755800624838,False,False,False,False,-21323391,-15361551.979516972,False,False,False,False,5370215.547716743,False,False,False,False
2022-08-05 00:00:00+00:00,28.6,28.67,24.93,25.45,3019896,,,,,,"rgba(239, 83, 80, 0.5)",0.0,0.0,,26.88436318577172,,0.0,0.0,0.0,0.0,0.0,0.0,0.0,0.0,45.478811196295794,-10.041962186226968,False,False,False,True,True,,1,0.9488428036881087,1.0392661423196623,False,False,False,False,-0.15270798348828218,-0.17632277074726527,False,False,False,False,-18303495,-15579473.684737936,False,False,False,False,5196117.803441429,False,False,False,False
2022-08-12 00:00:00+00:00,28.64,30.37,27.25,29.0,3602939,,,,,,#000000,0.0,0.0,,27.096477464120998,,0.0,0.0,0.0,0.0,0.0,0.0,0.0,0.0,46.74273123673447,-8.607237184973002,False,False,False,False,True,,1,0.955954943283387,1.037249042106042,False,False,False,False,-0.04893263664337639,-0.11262770369532082,False,False,False,False,-14700556,-15514368.671053644,False,False,False,False,5078104.558742063,False,False,False,True
2022-08-19 00:00:00+00:00,25.75,29.3899,25.35,28.47,3235500,,,,,,"rgba(239, 83, 80, 0.5)",0.0,0.0,,26.886265803699892,,0.0,0.0,0.0,0.0,0.0,0.0,0.0,0.0,45.99981172893146,-8.607237184973002,False,False,False,True,True,,1,0.9392478592818874,1.0472620720174952,False,False,False,False,-0.12304532391391303,-0.11783651380461693,False,False,False,False,-17936056,-15693752.917642264,False,False,False,False,4941615.332168577,False,False,False,False
2022-08-26 00:00:00+00:00,25.89,27.38,24.5,25.01,4162254,,,,,,"rgba(239, 83, 80, 0.5)",0.0,0.0,,26.6825491902342,,0.0,0.0,0.0,0.0,0.0,0.0,0.0,0.0,45.56419659270756,-8.607237184973002,False,False,False,True,True,,1,0.9566181306595699,1.0446014399644583,False,False,False,False,-0.1979941066426237,-0.15791531022362032,False,False,False,False,-13773802,-15551534.331150243,False,False,False,False,4883884.863119053,False,False,False,False
2022-09-02 00:00:00+00:00,23.51,27.92,23.065,25.33,7838464,,,,,,"rgba(239, 83, 80, 0.5)",0.0,0.0,,26.32577934109215,,0.0,0.0,0.0,0.0,0.0,0.0,0.0,0.0,44.00956523537009,-8.607237184973002,False,False,False,True,True,,1,0.9399647571699045,1.0513338492953619,False,False,False,False,-0.2218681108489728,-0.18989171053629655,False,False,False,False,-21612266,-16000477.417731708,False,False,False,False,5102742.576962085,False,False,False,False
2022-09-09 00:00:00+00:00,25.2,25.25,22.85,23.5,3335070,,,,,,"rgba(239, 83, 80, 0.5)",0.0,0.0,,26.204687936136786,,0.0,0.0,0.0,0.0,0.0,0.0,0.0,0.0,44.084521575202565,-8.607237184973002,False,False,False,True,True,,1,0.96091650788998,1.0420147540182716,False,False,False,False,-0.30070477663577394,-0.24529824358603525,False,False,False,False,-18277196,-16169123.238640469,False,False,False,False,4971803.8675574865,False,False,False,False
2022-09-16 00:00:00+00:00,23.56,26.21,22.98,25.38,4374058,,,,,,"rgba(239, 83, 80, 0.5)",0.0,0.0,,26.062781054674684,,0.0,0.0,0.0,0.0,0.0,0.0,0.0,0.0,43.288013442946315,-8.607237184973002,False,False,False,True,False,,1,0.9831739157452952,1.0793502837011648,False,False,False,False,-0.27054045701286145,-0.25791935029944835,False,False,False,False,-22651254,-16649281.072815249,False,False,False,False,4927526.395886562,False,False,False,False
2022-09-23 00:00:00+00:00,22.51,24.39,21.8,23.07,4077588,,,,,,"rgba(239, 83, 80, 0.5)",0.0,0.0,,25.863663033293783,,0.0,0.0,0.0,0.0,0.0,0.0,0.0,0.0,42.19912254908419,-8.607237184973002,False,False,False,True,False,,1,0.8738020196822538,1.1165459766197636,False,False,False,False,-0.34282825441539394,-0.30037380235742117,False,False,False,False,-26728842,-17395915.215569675,False,False,False,False,4864567.996191261,False,False,False,False
2022-09-30 00:00:00+00:00,23.07,24.03,22.25,22.43,4084003,,,,,,"rgba(239, 83, 80, 0.5)",0.0,0.0,,25.708702445720316,,0.0,0.0,0.0,0.0,0.0,0.0,0.0,0.0,41.8460935658357,-8.607237184973002,False,False,False,True,False,,1,0.8792922841209893,1.1387445010103572,False,False,False,False,-0.339755259667276,-0.32006453101234855,False,False,False,False,-22644839,-17784724.384786736,False,False,False,False,4806748.36684376,False,False,False,False
2022-10-07 00:00:00+00:00,22.97,25.04,22.77,23.3,3776219,,,,,,"rgba(239, 83, 80, 0.5)",0.0,0.0,,25.609729886881297,,0.0,0.0,0.0,0.0,0.0,0.0,0.0,0.0,41.5391844728025,-8.607237184973002,False,False,False,True,False,,1,0.9086183777909727,1.1149473783868056,False,False,False,False,-0.2796131652032374,-0.299838848107793,False,False,False,False,-26421058,-18424452.80072846,False,False,False,False,4730412.858188667,False,False,False,False
2022-10-14 00:00:00+00:00,20.79,22.93,20.385,22.93,5010751,,,,,,"rgba(239, 83, 80, 0.5)",0.0,0.0,,24.064226355633192,,0.0,0.0,0.0,0.0,0.0,0.0,0.0,0.0,40.17260021430961,-5.897846469602982,False,False,False,True,False,,1,0.8901681284628061,1.1160884501455839,False,False,False,False,-0.34282825441539394,-0.32133355126159346,False,False,False,False,-31431809,-19387960.667341165,False,False,False,False,4751178.646470988,False,False,False,False
2022-10-21 00:00:00+00:00,23.4,24.05,21.44,21.59,4291364,,,,,,"rgba(239, 83, 80, 0.5)",0.0,0.0,,24.1633970494065,,0.0,0.0,0.0,0.0,0.0,0.0,0.0,0.0,41.223378468965095,-5.897846469602982,False,False,False,True,False,,1,0.9044993895451175,1.0898829274869484,False,False,False,False,-0.25054878964738125,-0.28594117045448736,False,False,False,False,-27140445,-19962218.766056634,False,False,False,False,4717118.302287952,False,False,False,False
2022-10-28 00:00:00+00:00,25.44,25.9,22.47,23.2,3728733,,,,,,"rgba(239, 83, 80, 0.5)",0.0,0.0,,24.33748537782346,,0.0,0.0,0.0,0.0,0.0,0.0,0.0,0.0,43.3515366825868,-5.897846469602982,False,False,False,True,True,,1,0.9214992465855387,1.0491566791503928,False,False,False,False,-0.09707766906127428,-0.19150941975788083,False,False,False,False,-23411712,-20217736.783385772,False,False,False,False,4643904.576192548,False,False,False,False
2022-11-04 00:00:00+00:00,20.73,25.76,20.47,25.11,4127639,,,,,,"rgba(239, 83, 80, 0.5)",0.0,0.0,,24.21398619181649,,0.0,0.0,0.0,0.0,0.0,0.0,0.0,0.0,42.43521089432086,-5.897846469602982,False,False,False,True,True,,1,0.935695398349802,1.0380666036524584,False,False,False,False,-0.19805831594616688,-0.19478386785202384,False,False,False,False,-27539351,-20760078.577209048,False,False,False,False,4605662.6816597665,False,False,False,False
2022-11-11 00:00:00+00:00,24.64,25.11,19.51,20.85,5787945,,,,,,"rgba(239, 83, 80, 0.5)",0.0,0.0,,23.708047362354563,,0.0,0.0,0.0,0.0,0.0,0.0,0.0,0.0,44.08640466888036,-5.897846469602982,False,False,False,True,True,,1,0.960895305192911,1.002564242282432,False,False,False,False,-0.27663762997232244,-0.23571074891217314,False,False,False,False,-21751406,-20833510.238156524,False,False,False,False,4693239.149684969,False,False,False,False
2022-11-18 00:00:00+00:00,21.92,25.99,21.849,24.22,3915708,,,,,,"rgba(239, 83, 80, 0.5)",0.0,0.0,,23.32973352771403,,0.0,0.0,0.0,0.0,0.0,0.0,0.0,0.0,44.00792872063335,-5.897846469602982,False,False,False,True,True,,1,0.9765432376327406,0.995289376795256,False,False,False,False,-0.12187281253166818,-0.17879178072192065,False,False,False,False,-25667114,-21191554.961256042,False,False,False,False,4635644.249708304,False,False,False,False
2022-11-25 00:00:00+00:00,21.83,22.31,20.45,21.67,3130211,,,,,,"rgba(239, 83, 80, 0.5)",0.0,0.0,,22.97578336605395,,0.0,0.0,0.0,0.0,0.0,0.0,0.0,0.0,43.9114826772154,-5.897846469602982,False,False,False,True,True,,1,0.9705481235967776,1.0249461788937744,False,False,False,False,-0.34282825441539394,-0.2608100175686573,False,False,False,False,-28797325,-21754945.334496338,False,False,False,False,4524130.675655837,False,False,False,False
2022-12-02 00:00:00+00:00,23.67,24.57,20.52,21.57,7303851,,,,,,"rgba(239, 83, 80, 0.5)",0.0,0.0,,23.03068621017378,,0.0,0.0,0.0,0.0,0.0,0.0,0.0,0.0,44.90506487048905,-8.70924345486705,False,False,False,True,True,,1,0.945535615660807,1.0188109921814077,False,False,False,False,-0.2305119944623318,-0.24566100601549457,False,False,False,False,-21493474,-21735577.087496612,False,False,False,False,4730035.884866516,False,False,False,False
2022-12-09 00:00:00+00:00,23.77,24.5139,21.69,23.46,5255963,,,,,,"rgba(239, 83, 80, 0.5)",0.0,0.0,,23.107390733382772,,0.0,0.0,0.0,0.0,0.0,0.0,0.0,0.0,45.67232847862867,-7.873819906765412,False,False,False,True,True,0.0,1,0.9524444870130016,1.0344816449084417,False,False,False,False,-0.17892605528672953,-0.21229353065111206,False,False,False,False,-16237511,-21328312.932867233,False,False,False,False,4768993.448950478,False,False,False,False
2022-12-16 00:00:00+00:00,26.6,27.97,23.87,23.9,6678685,,,,,,#000000,0.0,0.0,,24.181622988737765,,0.0,0.0,0.0,0.0,0.0,0.0,0.0,0.0,47.7781741292371,-5.7755441676194295,False,False,False,False,True,0.0,1,1.0083590153079969,0.9508357915437563,False,False,False,False,0.07341559434072764,-0.06943896815519221,False,False,False,False,-9558826,-20456499.08598818,False,False,False,False,4910452.082361554,False,False,False,False
2022-12-23 00:00:00+00:00,26.55,27.69,25.62,26.55,4332856,,,,,,#000000,0.0,0.0,,24.488888828099828,,0.0,0.0,0.0,0.0,0.0,0.0,0.0,0.0,49.25256303376318,-4.332054771384669,False,False,False,False,True,0.0,1,1.0056548420150238,0.9993214189581969,False,False,False,False,0.13947069495196016,0.03501586339838397,False,False,False,False,-13891682,-19970216.338877942,False,False,False,False,4867667.187371809,False,False,False,False
2022-12-30 00:00:00+00:00,26.56,26.97,25.38,26.26,2799902,,,,,,#000000,0.0,0.0,,24.60930345469987,,0.0,0.0,0.0,0.0,0.0,0.0,0.0,0.0,50.31135866107017,-3.2988098127761347,False,False,False,False,True,0.0,1,1.0061040171475928,1.0109167998985795,False,False,False,False,0.09623134430012457,0.06562360384925428,False,False,False,False,-11091780,-19312554.387849946,False,False,False,False,4714499.395714638,False,False,False,False
2023-01-06 00:00:00+00:00,23.68,27.59,23.06,27.16,3266873,,,,,,#000000,0.0,0.0,,24.57327426457123,,0.0,0.0,0.0,0.0,0.0,0.0,0.0,0.0,49.32802961499061,-3.2988098127761347,False,False,False,False,True,0.0,1,0.9719231912100872,1.0038605612086131,False,False,False,False,0.020433525077890414,0.043028564463572345,False,False,False,False,-14358653,-18945598.72949069,False,False,False,False,4607267.810846887,False,False,False,False
2023-01-13 00:00:00+00:00,27.72,28.12,23.7037,24.0,4631040,,,,,,#000000,0.0,0.0,,24.76737870115103,,0.0,0.0,0.0,0.0,0.0,0.0,0.0,0.0,50.8622556041638,-2.805032993231869,False,False,False,False,True,0.0,1,0.9762398529177693,0.988884634105269,False,False,False,False,0.07268776707924002,0.05785816577140618,False,False,False,False,-9727613,-18262784.97175064,False,False,False,False,4609028.713747118,False,False,False,False
2023-01-20 00:00:00+00:00,27.86,28.42,26.17,27.67,5409388,,,,,,#000000,0.0,0.0,,25.06651574086482,,0.0,0.0,0.0,0.0,0.0,0.0,0.0,0.0,52.028553015047756,-1.6759872975642907,False,False,False,False,True,0.0,1,1.002061510901569,0.9903683123674282,False,False,False,False,0.19797033915163356,0.12791425246151988,False,False,False,False,-4318225,-17229854.603472814,False,False,False,False,4668314.586802887,False,False,False,False
2023-01-27 00:00:00+00:00,29.4,30.13,24.83,27.95,8174083,,,,,,#000000,0.0,0.0,,25.501825569855136,,0.0,0.0,0.0,0.0,0.0,0.0,0.0,0.0,53.63733624873445,-0.1258217990478201,False,False,False,False,True,0.38272936003696145,1,1.000467592340996,0.9482172617430212,False,False,False,False,0.21511515693814526,0.17151470469983257,False,False,False,False,3855858,-15667949.96617853,False,False,False,False,4928001.135928599,False,False,False,False
2023-02-03 00:00:00+00:00,31.31,33.77,28.53,28.81,10284070,,,,,,"rgba(38, 166, 154, 0.5)",0.0,0.0,,27.840486405649724,,0.0,0.0,0.0,0.0,0.0,0.0,0.0,0.0,55.68334190812059,1.8222130668475387,False,False,True,False,True,2.675946566544109,0,1.0310192730738057,0.9341640615954612,False,False,False,False,0.34282824683445623,0.2571714757671444,False,False,False,False,14139928,-13459959.005720861,False,False,False,False,5324746.977711665,False,False,False,False
2023-02-10 00:00:00+00:00,28.96,31.64,28.74,30.66,4791892,,,,,,"rgba(38, 166, 154, 0.5)",0.0,0.0,,27.8929281516847,,0.0,0.0,0.0,0.0,0.0,0.0,0.0,0.0,55.59821474988932,1.8222130668475387,False,False,True,False,True,0.0,0,1.0075475867364247,0.9767456654107813,False,False,False,False,0.2716380742145029,0.26440477499082365,False,False,False,False,9348036,-11770477.894185983,False,False,False,False,5285276.238621912,False,False,False,False
2023-02-17 00:00:00+00:00,30.49,32.11,28.95,29.17,6604304,,,,,,"rgba(38, 166, 154, 0.5)",0.0,0.0,,28.118804679117325,,0.0,0.0,0.0,0.0,0.0,0.0,0.0,0.0,56.282778183101016,2.4107076685663884,False,False,True,False,True,1.6017665802615895,0,1.0314038111060142,0.9601712709735373,False,False,False,False,0.2965112326861049,0.2804580038384643,False,False,False,False,15952340,-9716935.827949984,False,False,False,False,5382981.998723992,False,False,False,False
2023-02-24 00:00:00+00:00,28.75,30.6,28.16,29.53,3760998,,,,,,"rgba(38, 166, 154, 0.5)",0.0,0.0,,28.131265953912425,,0.0,0.0,0.0,0.0,0.0,0.0,0.0,0.0,55.66968299542806,2.4107076685663884,False,False,True,False,True,0.0,0,1.0322399413716274,0.9543104200152005,False,False,False,False,0.21362110334881537,0.24703955359363983,False,False,False,False,12191342,-8094100.433287022,False,False,False,False,5262835.0358555475,False,False,False,False
2023-03-03 00:00:00+00:00,30.74,31.045,28.63,29.26,4739405,,,,,,"rgba(38, 166, 154, 1.0)",0.0,0.0,,28.239529219182636,,0.0,0.0,0.0,0.0,0.0,0.0,0.0,0.0,56.21923652310951,2.4360598014716075,True,False,True,False,True,1.8404250036074856,0,1.0553474929786162,0.954118415887257,False,False,False,False,0.24619195132974836,0.2466157524616941,False,False,False,False,16930747,-6240408.030821316,False,False,False,False,5224062.440606989,False,False,False,False
2023-03-10 00:00:00+00:00,26.86,31.44,26.675,31.02,4545449,,,,,,"rgba(38, 166, 154, 1.0)",0.0,0.0,,28.20056825920211,,0.0,0.0,0.0,0.0,0.0,0.0,0.0,0.0,54.37365030239511,2.4360598014716075,True,False,True,False,True,0.0,1,1.034137891551855,0.9206018825551324,False,False,False,False,0.19093055424326025,0.21877315335247716,False,False,False,False,12385298,-4860726.10261233,False,False,False,False,5173794.778339805,False,False,False,False
2023-03-17 00:00:00+00:00,32.07,33.29,26.55,26.59,15274266,,,,,,"rgba(38, 166, 154, 1.0)",0.0,0.0,,29.374384391167467,,0.0,0.0,0.0,0.0,0.0,0.0,0.0,0.0,55.40457180910788,2.4360598014716075,True,False,True,False,True,3.0910679322931607,0,1.0300512756773612,0.9139368882870564,False,False,False,False,0.2521183410650872,0.23544574720878217,False,False,False,False,27659564,-2451815.7246410465,False,False,False,False,5921977.831796116,False,False,False,False
2023-03-24 00:00:00+00:00,31.64,33.4,30.36,31.84,7666456,,,,,,"rgba(38, 166, 154, 1.0)",0.0,0.0,,29.652097720578595,,0.0,0.0,0.0,0.0,0.0,0.0,0.0,0.0,55.90461734015307,2.4360598014716075,True,False,True,False,True,2.6124397382472075,1,1.0840437062424935,0.8934174822800068,False,False,False,False,0.34282824736151196,0.2891369972851471,False,False,False,False,19993108,-789228.7820750431,False,False,False,False,6051198.436848256,False,False,False,False
2023-03-31 00:00:00+00:00,34.98,35.33,31.46,31.73,6530683,,,,,,"rgba(38, 166, 154, 1.0)",0.0,0.0,,31.458691239171646,,0.0,0.0,0.0,0.0,0.0,0.0,0.0,0.0,57.56089413714345,3.8099181409558938,True,False,True,False,True,5.966042524072456,0,1.0890760546107092,0.8714861781096733,False,False,False,False,0.3428282482509528,0.31598262276804995,False,False,False,False,26523791,1233957.8684490342,False,False,False,False,6086715.811896534,False,False,False,False
2023-04-07 00:00:00+00:00,32.2,34.8,30.97,34.5,5516305,,,,,,"rgba(38, 166, 154, 1.0)",0.0,0.0,,31.43134564524266,,0.0,0.0,0.0,0.0,0.0,0.0,0.0,0.0,57.21980085567128,3.8099181409558938,True,False,True,False,True,2.9008202945581942,0,1.0750657031934407,0.8879821749814323,False,False,False,False,0.311702369548952,0.31384249615850096,False,False,False,False,21007486,2698663.655971328,False,False,False,False,6044463.159163456,False,False,False,False
2023-04-14 00:00:00+00:00,33.24,34.03,31.3401,31.8,5992723,,,,,,"rgba(38, 166, 154, 1.0)",0.0,0.0,,31.51211384300091,,0.0,0.0,0.0,0.0,0.0,0.0,0.0,0.0,57.39370652904721,3.8099181409558938,True,False,True,False,True,3.9279385175284105,1,1.1040676428232514,0.8745775445139056,False,False,False,False,0.2996600632383321,0.30675127969841653,False,False,False,False,27000209,4498778.125899377,False,False,False,False,6040630.554780979,False,False,False,False
2023-04-21 00:00:00+00:00,33.96,35.06,33.35,33.93,6206402,,,,,,"rgba(38, 166, 154, 1.0)",0.0,0.0,,31.757191634484542,,0.0,0.0,0.0,0.0,0.0,0.0,0.0,0.0,57.8100114588366,4.26221614707336,True,False,True,False,True,4.636068994705635,1,1.1214421833669959,0.8793247331637525,False,False,False,False,0.3428282486402859,0.32478976416935124,False,False,False,False,33206611,6625284.264721645,False,False,False,False,6052909.921093498,False,False,False,False
2023-04-28 00:00:00+00:00,30.06,34.22,29.57,33.78,6031287,,,,,,"rgba(38, 166, 154, 1.0)",0.0,0.0,,31.637438990694143,,0.0,0.0,0.0,0.0,-1.0,33.35,30.41,0.0,56.03354245692948,4.26221614707336,True,False,True,False,True,0.479369103055884,1,1.0697326374983314,0.908914655920438,False,False,False,False,0.21434623969309846,0.2695680019312249,False,False,False,False,27175324,8147509.430297819,False,False,False,False,6051308.2232347205,False,False,False,False
2023-05-05 00:00:00+00:00,28.7,30.41,27.92,29.85,5078129,,,,,,"rgba(38, 166, 154, 0.75)",0.0,0.0,,31.38359400783646,,0.0,0.0,0.0,0.0,0.0,0.0,0.0,0.0,54.115286703535986,7.6622220169350115,True,False,True,False,False,0.0,1,1.0755902145140777,0.9456012152359999,False,False,False,False,0.07074938472251167,0.17015869332686828,False,False,False,False,22097195,9180819.472497981,False,False,False,False,5979220.873365481,False,False,False,False
2023-05-12 00:00:00+00:00,28.93,29.97,28.4825,28.69,4018192,,,,,,#000000,0.0,0.0,,31.226743765040318,,0.0,0.0,0.0,0.0,0.0,0.0,0.0,0.0,52.85976929464109,6.4413059256271765,True,False,False,False,False,0.0,1,1.0961962318609275,0.9407264957745277,False,False,False,False,0.07391795488640654,0.12203832410663741,False,False,False,False,26115387,10435231.881942574,False,False,False,False,5833959.475338409,False,False,False,False
2023-05-19 00:00:00+00:00,28.71,29.74,28.36,28.91,7006122,,,,,,#000000,0.0,0.0,,30.987715016580466,,0.0,0.0,0.0,0.0,0.0,0.0,0.0,0.0,51.84860969058312,5.455974236334562,True,False,False,False,False,0.0,1,1.0707250673635589,0.9517035469828202,False,False,False,False,0.06480401119441834,0.09342116765052788,False,False,False,False,19109265,11077752.853650533,False,False,False,False,5920786.329017045,False,False,False,False
2023-05-26 00:00:00+00:00,26.64,29.12,26.36,28.68,6288358,,,,,,#000000,0.0,0.0,,30.697924392224138,,0.0,0.0,0.0,0.0,-1.0,28.36,28.27,0.0,50.06858098057872,3.736700272623395,True,False,False,False,False,0.0,1,1.0630951437987952,0.9170750522607284,False,False,False,False,-0.035958889517940615,0.028731139066293633,False,False,False,False,12820907,11206875.383009752,False,False,False,False,5948013.860200968,False,False,False,False
2023-06-02 00:00:00+00:00,23.0,28.27,22.65,27.18,19081800,,,,,,#000000,0.0,0.0,3.808289143197796,29.566937269251746,-1.7243799045514518,0.0,0.0,0.0,0.0,0.0,0.0,0.0,0.0,47.182212701961085,0.9973812479352091,False,False,False,False,False,0.0,1,1.019353572850195,0.9536125428923573,False,False,False,False,-0.1921609514709416,-0.08171490620232398,False,False,False,False,-6260893,9912966.613897918,False,False,False,False,6920886.907593489,False,False,False,False
2023-06-09 00:00:00+00:00,22.1,23.65,21.96,23.06,11815900,,,,,,"rgba(239, 83, 80, 0.5)",0.0,0.0,3.7826406334943004,28.861766470173045,-1.7875783415160715,0.0,0.0,0.0,0.0,0.0,0.0,0.0,0.0,44.75762531502669,-1.24163893976732,False,False,False,True,False,0.0,0,0.9983586034536719,1.0051423571688023,False,False,False,False,-0.34282825441539394,-0.21227158030885895,False,False,False,False,-18076793,7839651.086942516,False,False,False,False,7283480.469993971,False,False,False,False
2023-06-16 00:00:00+00:00,22.4,23.205,22.0,22.29,9581860,,,,,,"rgba(239, 83, 80, 1.0)",0.0,0.0,3.8013753698763693,28.390051688159886,-1.5757590622666395,0.0,0.0,0.0,0.0,0.0,0.0,0.0,0.0,43.22234671310925,-2.6133936022493387,False,True,False,True,False,0.0,0,0.9741734119906709,1.052645460093386,False,False,False,False,-0.34282825441539394,-0.2775499173621264,False,False,False,False,-8494933,6629681.895317145,False,False,False,False,7453730.805549974,False,False,False,False
2023-06-23 00:00:00+00:00,21.39,22.55,21.31,22.25,7693215,,,,,,"rgba(239, 83, 80, 1.0)",0.0,0.0,3.848410964924998,28.017671448588796,-1.722183911488248,0.0,0.0,0.0,0.0,0.0,0.0,0.0,0.0,41.68791604054928,-4.003778638845972,False,True,False,True,False,0.0,0,0.9447734417551337,1.0576464602065876,False,False,False,False,-0.34282825441539394,-0.31018908588876015,False,False,False,False,-16188148,4939472.273441801,True,False,False,False,7471470.375509235,True,False,False,False
2023-06-30 00:00:00+00:00,22.48,22.52,21.17,21.25,5872631,,,,,,"rgba(239, 83, 80, 1.0)",0.0,0.0,3.8795479814716223,26.287180868201155,-0.9813465090221627,0.0,0.0,0.0,0.0,0.0,0.0,0.0,0.0,41.35633307495019,-4.274260491613873,False,True,False,True,False,0.0,0,0.9458125305453605,1.0495469703793852,True,False,False,False,-0.34282825441539394,-0.3265086701520771,False,False,False,False,-10315517,3809473.068001668,False,False,False,False,7353037.829175217,False,False,False,False
2023-07-07 00:00:00+00:00,21.93,22.73,21.66,22.31,3768218,,,,,,"rgba(239, 83, 80, 1.0)",0.0,0.0,3.890435497519572,26.175357472021417,-1.0912293687244357,0.0,0.0,0.0,0.0,0.0,0.0,0.0,0.0,40.85611571711442,-4.7686136487040685,False,True,False,True,False,0.0,0,0.9785847462710441,1.056812842404127,False,False,False,False,-0.3219960898079082,-0.3242523799799927,False,False,False,False,-14083735,2484050.2481496925,False,False,False,False,7087495.619606683,False,False,False,False
2023-07-14 00:00:00+00:00,24.11,25.13,21.63,21.71,7148394,,,,,,"rgba(239, 83, 80, 1.0)",0.0,0.0,3.8717398747407676,26.193824795952526,-0.5382140493340993,0.0,0.0,0.0,0.0,0.0,0.0,0.0,0.0,42.0187703132303,-4.7686136487040685,False,True,False,True,False,0.0,0,0.9701109222785347,1.034141604200176,False,False,False,False,-0.25331682100939423,-0.28878460049469346,False,False,False,False,-6935341,1786317.563101567,False,False,False,False,7092006.610746929,False,False,False,False
2023-07-21 00:00:00+00:00,24.22,24.92,23.73,24.0,6352983,,,,,,"rgba(239, 83, 80, 1.0)",0.0,0.0,3.811313135891594,26.204155666448234,-0.520596339293983,0.0,0.0,0.0,0.0,0.0,0.0,0.0,0.0,42.92381758726019,-4.7686136487040685,False,True,False,True,False,0.0,0,0.965010048396358,1.04114203100648,False,False,False,False,-0.200205510469105,-0.24449505548189923,False,False,False,False,-582358,1610860.1139829324,False,False,False,False,7037264.121061971,False,False,False,False
2023-07-28 00:00:00+00:00,24.87,25.76,23.755,24.32,4715105,,,,,,"rgba(239, 83, 80, 0.75)",0.0,0.0,3.7793367643514353,26.21866334669576,-0.356851858087116,0.0,0.0,0.0,0.0,0.0,0.0,0.0,0.0,44.0265281257262,-4.7686136487040685,False,True,False,True,True,0.0,0,0.9817336077529794,1.0545984471559293,False,False,False,False,-0.17628174102929803,-0.21038839825559863,False,False,False,False,4132747,1797666.5499841967,False,False,False,False,6865252.33431664,False,False,False,False
2023-08-04 00:00:00+00:00,24.96,25.95,23.93,25.0,6354276,,,,,,"rgba(239, 83, 80, 0.75)",0.0,0.0,3.72186532715969,25.54971323308257,-0.15844561295091364,0.0,0.0,0.0,0.0,0.0,0.0,0.0,0.0,44.87960904561395,-4.7686136487040685,False,True,False,True,True,0.0,0,0.9316154691682261,1.105303786740953,False,False,False,False,-0.16624787183708237,-0.18831813504634048,False,False,False,False,10487023,2441322.5833187005,False,False,False,False,6827402.23547837,False,False,False,False
2023-08-11 00:00:00+00:00,23.98,24.875,23.45,24.73,4287684,,,,,,"rgba(239, 83, 80, 0.75)",0.0,0.0,3.721769084335716,25.43752524836238,-0.3916216227645214,0.0,0.0,0.0,0.0,0.0,0.0,0.0,0.0,44.84683157886438,-4.7686136487040685,False,True,False,True,True,0.0,0,0.9192069300915323,1.0911328714413255,False,False,False,False,-0.20925155226884354,-0.19878484365759203,False,False,False,False,6199339,2719694.1697395374,False,False,False,False,6639274.958776269,False,False,False,False
2023-08-18 00:00:00+00:00,23.68,24.3994,23.05,23.79,4451265,,,,,,"rgba(239, 83, 80, 0.75)",0.0,0.0,3.7388791257697958,25.327480141833163,-0.4406347695163761,0.0,0.0,0.0,0.0,0.0,0.0,0.0,0.0,44.62597485679237,-4.7686136487040685,False,True,False,True,True,0.0,0,0.9081350612237727,1.1073919434082697,False,False,False,False,-0.23379637665100403,-0.216290610154298,False,False,False,False,1748074,2647722.3053143867,False,False,False,False,6477200.147015064,False,False,False,False
2023-08-25 00:00:00+00:00,24.13,25.1699,23.6,23.63,5163933,,,,,,"rgba(239, 83, 80, 0.75)",0.0,0.0,3.625697830315807,25.30248266551848,-0.32338124145782826,0.0,0.0,0.0,0.0,0.0,0.0,0.0,0.0,44.855061588929836,-4.7686136487040685,False,True,False,True,True,0.0,0,0.9268202625573317,1.0749606668179195,False,False,False,False,-0.19687644030987622,-0.20658352523208712,False,False,False,False,6912007,2963595.245661469,False,False,False,False,6379921.0990880225,False,False,False,False
2023-09-01 00:00:00+00:00,23.77,26.18,22.7,24.43,9458816,,,,,,"rgba(239, 83, 80, 0.75)",1.0,24.495575,3.48564314124497,24.62091213941605,-0.24411912090120863,0.0,0.0,0.0,0.0,0.0,0.0,0.0,0.0,44.754835349877354,-4.7686136487040685,False,True,False,True,True,0.0,0,0.9079584886214503,1.065545818570926,False,False,False,False,-0.19382326254645998,-0.20020339388927355,False,False,False,False,-2546809,2555417.1533902492,False,False,False,False,6607987.388044465,False,False,False,False
2023-09-08 00:00:00+00:00,23.4,24.19,23.235,23.74,4079318,,,,,,"rgba(239, 83, 80, 0.75)",0.0,0.0,3.381562398101245,24.53428693890703,-0.3354327986211156,0.0,0.0,0.0,0.0,0.0,0.0,0.0,0.0,44.404825104310284,-4.7686136487040685,False,True,False,True,True,0.0,0,0.9410279834971101,1.1062732931736219,False,False,False,False,-0.23448420432709824,-0.2173437991081859,False,False,False,False,-6626127,1875302.771657638,False,False,False,False,6420678.544485616,False,False,False,False
2023-09-15 00:00:00+00:00,23.62,23.945,22.96,23.46,4978978,,,,,,"rgba(239, 83, 80, 0.75)",0.0,0.0,3.342532799167946,24.451056410865846,-0.24863074225411308,0.0,0.0,0.0,0.0,0.0,0.0,0.0,0.0,44.37678363227899,-4.7686136487040685,False,True,False,True,True,0.0,0,0.9327244314663021,1.1521971878303332,False,False,False,False,-0.2491958726875805,-0.2332698358978832,False,False,False,False,-1647149,1614380.4182015166,False,False,False,False,6313885.911560755,False,False,False,False
2023-09-22 00:00:00+00:00,22.6,23.97,22.41,23.57,4943854,,,,,,"rgba(239, 83, 80, 0.75)",0.0,0.0,3.2817666468419584,24.33603072399715,-0.5289927380021766,0.0,0.0,0.0,0.0,0.0,0.0,0.0,0.0,43.546973686793855,-4.7686136487040685,False,True,False,True,True,0.0,0,0.8551082815407081,1.1575969382160827,False,False,False,False,-0.2641570271123823,-0.24871343150513275,False,False,False,False,-6591003,1006574.2390754784,False,False,False,False,6212402.066259959,False,False,False,False
2023-09-29 00:00:00+00:00,22.49,22.91,21.63,22.35,5340381,,,,,,"rgba(239, 83, 80, 0.75)",0.0,0.0,3.283210431687059,24.176709805831464,-0.5137379528136915,0.0,0.0,0.0,0.0,0.0,0.0,0.0,0.0,42.86731318016155,-4.7686136487040685,False,True,False,True,True,0.0,0,0.8140037581994178,1.2195320658978943,False,False,False,False,-0.3175675406892346,-0.2831404860971837,False,False,False,False,-11931384,48206.962106924504,False,False,False,False,6147807.913203666,False,False,False,False
2023-10-06 00:00:00+00:00,21.88,22.63,20.95,22.38,5564503,,,,,,"rgba(239, 83, 80, 1.0)",0.0,0.0,3.3022831468518814,23.998643520905002,-0.6415693102890766,0.0,0.0,0.0,0.0,0.0,0.0,0.0,0.0,41.89049707314954,-5.073010497042048,False,True,False,True,False,0.0,1,0.8055644911081206,1.2279359000470147,False,False,False,False,-0.34282825441539394,-0.3129843702562888,False,False,False,False,-17495887,-1251355.5536046997,False,False,False,False,6104600.141855246,False,False,False,False
2023-10-13 00:00:00+00:00,20.59,21.96,20.13,21.47,19673095,,,,,,"rgba(239, 83, 80, 1.0)",0.0,0.0,3.3582061652984665,23.366864489080374,-0.82688922370958,0.0,0.0,0.0,0.0,0.0,0.0,0.0,0.0,40.21822441583373,-6.7725462638868095,False,True,False,True,False,0.0,1,0.7792994148244472,1.2297936404730943,False,False,False,False,-0.34282825441539394,-0.32790631233584133,False,False,False,False,-37168982,-3911920.475559907,False,False,False,False,7109673.835051155,False,False,False,False
2023-10-20 00:00:00+00:00,19.65,21.44,19.595,20.76,6138508,,,,,,"rgba(239, 83, 80, 1.0)",0.0,0.0,3.4317703938398934,23.185687811521312,-1.0302809937016633,0.0,0.0,0.0,0.0,0.0,0.0,0.0,0.0,38.372627088399895,-8.585105013839083,False,True,False,True,False,0.0,1,0.7323110607367634,1.2617897249225367,False,False,False,False,-0.34282825441539394,-0.3353672833756176,False,False,False,False,-43307490,-6830110.8107036175,False,False,False,False,7037735.625047366,False,False,False,False
2023-10-27 00:00:00+00:00,19.64,20.71,19.19,19.39,5877102,,,,,,"rgba(239, 83, 80, 1.0)",0.0,0.0,3.4970098269421137,23.01188417505022,-0.9642192449881366,0.0,0.0,0.0,0.0,0.0,0.0,0.0,0.0,37.04739606264944,-9.860102742887001,False,True,False,True,False,0.0,0,0.7845457652382659,1.2763949452151249,False,False,False,False,-0.34282825441539394,-0.3390977688955058,False,False,False,False,-49184592,-9967479.787688535,False,False,False,False,6951762.763932747,True,False,False,False
2023-11-03 00:00:00+00:00,21.43,21.58,19.18,19.88,5459155,,,,,,"rgba(239, 83, 80, 1.0)",0.0,0.0,3.5308817417004854,21.89837378145649,-0.13265065661216907,0.0,0.0,0.0,0.0,0.0,0.0,0.0,0.0,38.398731113895195,-9.860102742887001,False,True,False,True,False,0.0,1,0.8179729300479768,1.1803769662017498,True,False,False,False,-0.30886669992830823,-0.323982234411907,False,False,False,False,-43725437,-12468069.210822718,False,False,False,False,6841199.225863654,False,False,False,False
2023-11-10 00:00:00+00:00,21.69,22.1797,20.49,21.55,9566719,,,,,,"rgba(239, 83, 80, 0.75)",0.0,0.0,3.5592252927687316,21.958127898064216,-0.07533321889147324,0.0,0.0,0.0,0.0,0.0,0.0,0.0,0.0,39.6723593653429,-9.860102742887001,False,True,False,True,True,0.0,1,0.8340830663051515,1.1582717114452385,False,False,False,False,-0.23372528946226423,-0.2788537619370856,False,False,False,False,-34158718,-14074783.93594696,False,False,False,False,7043089.5795033835,False,False,False,False
2023-11-17 00:00:00+00:00,21.77,22.43,20.8,21.77,9609275,,,,,,"rgba(239, 83, 80, 0.75)",0.0,0.0,3.585352895795247,21.972216189900614,-0.05640063775528625,0.0,0.0,0.0,0.0,0.0,0.0,0.0,0.0,40.681269651080605,-12.602509036736308,False,True,False,True,True,0.0,1,0.8437691584583316,1.147647852209098,False,False,False,False,-0.19123203025340973,-0.23504289609524767,False,False,False,False,-24549443,-14850684.607358297,False,False,False,False,7233177.388429059,False,False,False,False
2023-11-24 00:00:00+00:00,21.81,22.4,21.23,21.7,4034668,,,,,,"rgba(239, 83, 80, 0.75)",0.0,0.0,3.606310175384399,21.97939651100756,-0.046972252182802404,0.0,0.0,0.0,0.0,0.0,0.0,0.0,0.0,41.45455573848788,-11.864513616045514,False,True,False,True,True,0.0,1,0.8898487664751603,1.140144474484623,False,False,False,False,-0.1070128064029433,-0.17102785124909547,False,False,False,False,-20514775,-15270246.85866509,False,False,False,False,6996250.767063944,False,False,False,False
2023-12-01 00:00:00+00:00,21.73,23.23,20.72,21.56,12510344,,,,,,"rgba(239, 83, 80, 0.75)",0.0,0.0,3.6144354125300575,21.997414476448576,-0.07398513071267987,0.0,0.0,0.0,0.0,0.0,0.0,0.0,0.0,41.92133460832674,-11.398420673691199,False,True,False,True,True,0.0,1,0.9544468056246326,1.1120179047791292,False,False,False,False,-0.06224459624902123,-0.11663622374905835,False,False,False,False,-33025119,-16585422.572838046,False,False,False,False,7404702.1176518,False,False,False,False
2023-12-08 00:00:00+00:00,22.07,22.6,21.3,21.63,9060012,,,,,,"rgba(239, 83, 80, 0.75)",0.0,0.0,3.6345943526214977,22.010488936597106,0.016373509016204525,0.0,0.0,0.0,0.0,0.0,0.0,0.0,0.0,42.75026579547375,-10.563475647790106,False,True,False,True,True,0.0,1,0.9830079372320043,1.0220098531155914,False,False,False,False,-0.06556473438133613,-0.09110047906519725,False,False,False,False,-23965107,-17132065.86373893,False,False,False,False,7527317.664492407,False,False,False,False
2023-12-15 00:00:00+00:00,23.33,24.38,21.335,21.94,8746623,,,,,,"rgba(239, 83, 80, 0.5)",0.0,0.0,3.630115392899479,22.102439782506597,0.3381601091509417,0.0,0.0,0.0,0.0,0.0,0.0,0.0,0.0,45.04400285275203,-8.338795780484645,False,False,False,True,True,0.0,1,0.9835828736537956,0.9724192277383767,False,False,False,False,0.05461334272776945,-0.0182435681687139,False,False,False,False,-15218484,-16990319.059017528,False,False,False,False,7617636.5782337105,False,False,False,False
2023-12-22 00:00:00+00:00,23.93,24.43,23.07,23.07,6155227,,,,,,#000000,0.0,0.0,3.631950683278304,22.199004558170625,0.47660213278747726,0.0,0.0,0.0,0.0,0.0,0.0,0.0,0.0,47.41643690781773,-6.0961198952339615,False,False,False,False,True,0.0,1,1.0365688586149682,0.9570998166099032,False,False,False,False,0.17435062528425868,0.0780535285577724,False,False,False,False,-9063257,-16403129.276868083,False,False,False,False,7509309.942808991,False,False,False,False
2023-12-29 00:00:00+00:00,23.15,24.185,23.0,23.93,3595469,,,,,,#000000,0.0,0.0,3.637075961476406,22.238557100673873,0.25059770787854035,0.0,0.0,0.0,0.0,0.0,0.0,0.0,0.0,48.07800589992769,-5.515192856096959,False,False,False,False,True,0.0,1,1.0382348430070771,0.9616556015688336,False,False,False,False,0.1529552924008759,0.11550441047932415,False,False,False,False,-12658726,-16125766.07117415,False,False,False,False,7219395.798897214,False,False,False,False
2024-01-05 00:00:00+00:00,21.32,22.97,20.81,22.82,7047772,,21.7,,,,#000000,0.0,0.0,3.6634834405138084,22.019569582873988,-0.19095748465451562,0.0,0.0,0.0,0.0,0.0,0.0,0.0,0.0,46.48217522009722,-5.515192856096959,False,False,False,False,True,0.0,1,0.9775096463365239,0.989234475260611,False,False,False,False,-0.07353909908846434,0.020982655695429904,False,False,False,False,-19706498,-16391005.4733094,False,False,False,False,7206682.924904829,False,False,False,False
2024-01-12 00:00:00+00:00,26.23,26.7,21.31,21.32,17897615,,23.885897818836536,,,24.746666666666666,#000000,0.0,0.0,3.643415757003083,23.38270222224026,0.7814913168465316,-1.0,26.7,21.31,0.0,0.0,0.0,0.0,0.0,50.18953578615593,-3.712787591486382,True,False,False,False,True,0.07658601578026136,1,0.98924158281932,0.9623967704256233,False,False,False,False,0.20933787960602288,0.11516026765072639,False,False,False,False,-1808883,-15310848.25306426,False,True,False,False,7998603.819356323,False,False,False,False
2024-01-19 00:00:00+00:00,25.86,26.52,25.145,25.85,6375327,,24.283994297139373,,,25.03427016627541,#000000,0.0,0.0,3.6210905380402534,23.639863741699713,0.6131126065414071,0.0,0.0,0.0,0.0,0.0,0.0,0.0,0.0,52.44242868360038,-1.687696103860688,True,False,False,False,True,0.0,0,1.0247019434917524,0.96192634329577,False,False,False,False,0.3428282418245294,0.2289942547376279,False,False,False,False,-8184210,-14782949.12320765,False,False,False,False,7878361.091996595,False,False,False,False
2024-01-26 00:00:00+00:00,23.79,26.6,23.73,26.09,6553591,,24.357131529278224,,,24.96462304291566,#000000,0.0,0.0,3.623210148995467,23.691583791566174,0.027162710520975714,0.0,0.0,0.0,0.0,0.0,0.0,0.0,0.0,52.02090510794886,-1.687696103860688,True,False,False,False,True,0.0,0,0.9953860659190755,0.9778330558286022,False,False,False,False,0.2608692186731503,0.24493173670538912,False,False,False,False,-14737801,-14779604.81778486,False,False,False,False,7780229.974070922,False,False,False,False
2024-02-02 00:00:00+00:00,23.77,24.675,23.29,23.84,4686696,,24.308078209556207,,,24.825663940189727,#000000,0.0,0.0,3.62481227597182,23.664225876184144,0.029180579782575728,0.0,0.0,0.0,0.0,0.0,0.0,0.0,0.0,51.70139092798484,-1.687696103860688,True,False,False,False,True,0.0,0,0.9828300889990653,1.0205226155159102,False,False,False,False,0.12305252659525229,0.1839921316503207,False,False,False,False,-19424497,-15123670.905356351,False,False,False,False,7551079.309324928,False,False,False,False
2024-02-09 00:00:00+00:00,25.16,25.27,23.14,23.63,4100370,,24.32699376289222,,,24.79436995575686,#000000,0.0,0.0,3.6205374744095074,23.68611950929416,0.4070888648780592,0.0,0.0,0.0,0.0,0.0,0.0,0.0,0.0,52.68109126394713,-1.661045135342249,True,False,False,False,True,0.0,0,0.9913713528916003,0.9884616928201628,False,False,False,False,0.14848067988084648,0.16623640576558357,False,False,False,False,-15324127,-15138519.504959585,False,False,False,False,7295471.212337896,False,False,False,False
2024-02-16 00:00:00+00:00,23.86,25.47,23.21,25.23,5677458,,24.31104860456469,,,24.717355643190224,#000000,0.0,0.0,3.6230453568314087,23.688490924569653,0.04733837380946915,0.0,0.0,0.0,0.0,0.0,0.0,0.0,0.0,52.129697655558914,-1.661045135342249,True,False,False,False,True,0.0,0,1.0007882612140013,0.9753550131442559,False,False,False,False,0.16400035412261105,0.1651183799440973,False,False,False,False,-21001585,-15572820.652740356,False,False,False,False,7175618.381794348,False,False,False,False
2024-02-23 00:00:00+00:00,23.26,23.75,22.36,23.52,3630007,,24.234016186942554,,,24.59907710078287,#000000,0.0,0.0,3.624847185346865,23.642295876769435,-0.10546537749641738,0.0,0.0,0.0,0.0,0.0,0.0,0.0,0.0,51.18780279720754,-1.661045135342249,True,False,False,False,True,0.0,0,0.9709914414885534,1.0222971226272677,False,False,False,False,0.01837435232148937,0.09174636613279334,False,False,False,False,-24631592,-16243840.752537366,False,False,False,False,6912980.501661434,False,False,False,False
2024-03-01 00:00:00+00:00,24.65,24.67,22.94,23.15,4567477,,24.222898635980684,,,24.55532150699343,#000000,0.0,0.0,3.6132371351178385,23.64587981906535,0.27790043758141036,0.0,0.0,0.0,0.0,0.0,0.0,0.0,0.0,51.76885686181452,-1.661045135342249,True,False,False,False,True,0.0,0,1.00020439573467,1.0249362796297166,False,False,False,False,0.10288163742805964,0.09731400178042648,False,False,False,False,-20064115,-16526824.03012719,False,False,False,False,6739239.501538365,False,False,False,False
2024-03-08 00:00:00+00:00,24.66,25.0997,22.96,24.66,4434772,,24.224059108721974,,,24.531171947947797,#000000,0.0,0.0,3.606137051254764,23.658100812995013,0.27783169989514794,0.0,0.0,0.0,0.0,0.0,0.0,0.0,0.0,52.192725447720434,-1.661045135342249,True,False,False,False,True,0.0,1,0.9899220505533892,0.9760583842552495,False,False,False,False,0.12844952878527466,0.11288176528285057,False,False,False,False,-15629343,-16460343.953821473,False,False,False,False,6568538.205128116,False,False,False,False
2024-03-15 00:00:00+00:00,21.25,24.76,20.35,24.51,9831515,,23.947516733346163,,,24.18130059746886,#000000,0.0,0.0,3.6250816554953595,23.329287195348442,-0.5735835473378632,0.0,0.0,0.0,0.0,0.0,0.0,0.0,0.0,49.537031091484195,-1.661045135342249,True,False,False,False,False,0.0,1,0.946949998505634,0.9793590663199737,False,False,False,False,-0.03774422541141794,0.03756876993571631,False,False,False,False,-25460858,-17127048.697982848,False,False,False,False,6810240.189933441,False,False,False,False
2024-03-22 00:00:00+00:00,22.38,23.85,21.36,22.28,7171572,,23.82350421737471,,,24.023246545380534,#000000,0.0,0.0,3.6044493275609972,23.295598975867403,-0.2540191004674096,0.0,0.0,0.0,0.0,0.0,0.0,0.0,0.0,48.69370142085476,-1.661045135342249,False,False,False,False,False,0.0,1,0.9745301826497406,0.9948693893107391,False,False,False,False,-0.0321275013397957,0.0027206342979603053,False,False,False,False,-18289286,-17213140.349984117,False,False,False,False,6837005.50919763,False,False,False,False
2024-03-29 00:00:00+00:00,22.68,22.825,21.8,22.3,3693443,,23.763640741752873,,,23.948633090793628,#000000,0.0,0.0,3.609902960937781,23.264683884067868,-0.16196664852065126,0.0,0.0,0.0,0.0,0.0,0.0,0.0,0.0,48.36660750360575,-1.661045135342249,False,False,False,False,False,0.0,1,0.9968703630747026,0.9942009668737135,False,False,False,False,-0.0650256263879085,-0.031152496044974096,False,False,False,False,-14595843,-17019266.472207516,False,False,False,False,6604149.027034842,False,False,False,False
2024-04-05 00:00:00+00:00,22.47,23.07,21.34,22.42,6100813,,23.66589393768555,,,23.82943342029992,#000000,0.0,0.0,3.621915684444517,23.202044355628598,-0.20211523939461068,0.0,0.0,0.0,0.0,0.0,0.0,0.0,0.0,47.951631762866455,1.970624650645604,False,False,False,False,False,0.0,1,1.0009196349417135,0.9845501329792125,False,False,False,False,-0.07714802288926624,-0.05415025946712017,False,False,False,False,-20696656,-17291665.69648844,False,False,False,False,6566864.876884113,False,False,False,False
2024-04-12 00:00:00+00:00,22.12,23.4,22.02,22.57,4612776,,23.610732727058824,,,23.761475940565376,#000000,0.0,0.0,3.6031881528536416,23.17523368947376,-0.29286111207876797,0.0,0.0,0.0,0.0,0.0,0.0,0.0,0.0,47.34316438533299,1.2695247291207892,False,False,False,False,False,0.0,1,1.0287466106818697,0.9658749911905548,False,False,False,False,-0.02033855079892975,-0.03724440513302496,False,False,False,False,-25309432,-17885574.311563373,False,False,False,False,6422117.552670475,False,False,False,False
2024-04-19 00:00:00+00:00,20.61,22.275,20.44,22.16,6452065,,23.453724749958752,,,23.582761530844973,"rgba(239, 83, 80, 0.5)",0.0,0.0,3.639044117634473,23.02108369845263,-0.6625596229429433,0.0,0.0,0.0,0.0,0.0,0.0,0.0,0.0,45.63654754671482,-0.47603267300051044,False,False,False,True,False,0.0,1,1.0093675685501973,0.9770911937435773,False,False,False,False,-0.17381187332207976,-0.10552813922755236,False,False,False,False,-31761497,-18913420.436632752,False,False,False,False,6424335.882102292,False,False,False,False
2024-04-26 00:00:00+00:00,20.83,21.48,19.905,20.78,6083428,,23.302059407271592,,,23.412897422229594,"rgba(239, 83, 80, 1.0)",0.0,0.0,3.653586750597844,22.873832690917684,-0.5594044511419495,0.0,0.0,0.0,0.0,0.0,0.0,0.0,0.0,44.667802559169736,-1.4823542220382606,False,True,False,True,False,0.0,1,1.0069490256539497,0.978319039959677,False,False,False,False,-0.30094077652800083,-0.2032344578777766,False,False,False,False,-25678069,-19414505.515400697,False,False,False,False,6399083.446391012,False,False,False,False
2024-05-03 00:00:00+00:00,20.39,21.18,19.88,20.89,4659293,,23.186425190345833,,,23.28476519859242,"rgba(239, 83, 80, 1.0)",0.0,0.0,3.674025222196127,22.762941153414346,-0.6458695871434256,0.0,0.0,0.0,0.0,0.0,0.0,0.0,0.0,43.60140701236503,-2.5793546175635313,False,True,False,True,False,0.0,1,1.006809875833264,1.0000000000000002,False,False,False,False,-0.34282825441539394,-0.27303135614658525,False,False,False,False,-30337362,-20223605.995741386,False,False,False,False,6270210.079991677,False,False,False,False
2024-05-10 00:00:00+00:00,19.92,20.79,19.46,20.58,3921560,,23.081967388152343,,,23.17015037266802,"rgba(239, 83, 80, 1.0)",0.0,0.0,3.7169264741738415,22.661302897134874,-0.7375187311834517,0.0,0.0,0.0,0.0,0.0,0.0,0.0,0.0,42.438693059317615,-3.7615900881377087,False,True,False,True,False,0.0,0,0.9739070978407649,1.0188497410707995,False,False,False,False,-0.34282825441539394,-0.30792980528098957,False,False,False,False,-34258922,-21263259.033093877,False,False,False,False,6096235.999992294,False,False,False,False
2024-05-17 00:00:00+00:00,21.67,21.73,20.05,20.05,4344018,,23.013086945727743,,,23.093703997625443,"rgba(239, 83, 80, 1.0)",0.0,0.0,3.733415903205304,22.606086539250462,-0.2507319204503277,0.0,0.0,0.0,0.0,0.0,0.0,0.0,0.0,43.686931027970985,-3.7615900881377087,False,True,False,True,False,0.0,0,0.9768433719846559,1.0032267432480397,False,False,False,False,-0.2464061753186929,-0.27716799029984124,False,False,False,False,-29914904,-21904121.62323507,False,False,False,False,5966442.074066939,False,False,False,False
2024-05-24 00:00:00+00:00,19.77,21.57,19.33,21.57,5386435,,22.8949775189911,,,22.965055010346358,"rgba(239, 83, 80, 1.0)",0.0,0.0,3.7737421005470697,22.497043165203937,-0.7226363361737426,0.0,0.0,0.0,0.0,0.0,0.0,0.0,0.0,42.93651067940396,-3.7615900881377087,False,True,False,True,False,0.0,0,0.9541358507242637,1.0037136962976303,False,False,False,False,-0.3012081786851696,-0.28918808449250544,False,False,False,False,-35301339,-22896508.09558803,False,False,False,False,5923478.587099018,False,False,False,False
2024-05-31 00:00:00+00:00,18.97,21.26,17.92,19.7,8062351,,22.68570829044076,,,22.739879433763004,"rgba(239, 83, 80, 1.0)",-1.0,15.64,3.826812603551769,21.5183197346711,-0.6659118171362599,0.0,0.0,0.0,0.0,0.0,0.0,0.0,0.0,41.78479073031308,-4.457863890289325,False,True,False,True,False,0.0,0,0.9383739876053084,1.0245041117533789,False,False,False,False,-0.34282825441539394,-0.3160081694539497,False,False,False,False,-43363690,-24412595.644062992,False,False,False,False,6081913.580647238,False,False,False,False
2024-06-07 00:00:00+00:00,19.71,19.92,18.12,18.82,5731610,,22.546069475067483,,,22.590577336375844,"rgba(239, 83, 80, 1.0)",0.0,0.0,3.8628716993663836,21.394280721242048,-0.4360177744237052,0.0,0.0,0.0,0.0,0.0,0.0,0.0,0.0,41.825181099033195,-4.484267400829516,False,True,False,True,False,0.0,0,0.9320463824212145,1.037147977609736,False,False,False,False,-0.34282825441539394,-0.3294182119346718,False,False,False,False,-37632080,-25391816.707465734,False,False,False,False,6055965.16726596,False,False,False,False
2024-06-14 00:00:00+00:00,21.58,22.13,19.365,19.54,6244992,,22.481567111731877,,,22.520850658027406,"rgba(239, 83, 80, 1.0)",0.0,0.0,3.8771200559084953,21.491282378014446,0.022882350999255653,0.0,0.0,0.0,0.0,1.0,20.77,19.92,132.0,43.81298452111626,-4.484267400829516,False,True,False,True,False,0.0,0,0.9537380224279526,1.0295056707349282,False,False,False,False,-0.1640957321362666,-0.2467569720354692,False,False,False,False,-31387088,-25835910.87728309,False,False,False,False,6069967.1548758885,False,False,False,False
2024-06-21 00:00:00+00:00,21.4,21.675,20.77,21.42,4569827,,22.445453744846525,,,22.48173956511658,"rgba(239, 83, 80, 0.5)",0.0,0.0,3.876171265008248,21.540936546461552,-0.03635973150460198,0.0,0.0,0.0,0.0,0.0,0.0,0.0,0.0,45.06517789676868,-4.484267400829516,False,False,False,True,True,0.0,1,0.9472908023368358,1.03902684495966,False,False,False,False,-0.11715323175526209,-0.18195510189536565,False,False,False,False,-35956915,-26585614.886373233,False,False,False,False,5958845.661922119,False,False,False,False
2024-06-28 00:00:00+00:00,22.93,23.12,21.24,21.24,5922316,,22.444873607403142,,22.429999999999996,22.479706419629625,#000000,0.0,0.0,3.8597556894163585,21.66949868279606,0.3265754152938478,-1.0,23.12,21.24,0.0,1.0,21.77,21.675,132.0,47.42104194686291,-6.3593859605698455,False,False,False,False,True,0.0,1,0.9577475260541811,1.0078883374104854,False,False,False,False,-0.023861412830501524,-0.10290825736293359,False,False,False,False,-30034599,-26841095.19108633,False,False,False,False,5956139.761038998,False,False,False,False
2024-07-05 00:00:00+00:00,21.79,23.11,21.77,22.92,2983452,,22.44076172309098,,22.36076620904564,22.47472982379447,#000000,0.0,0.0,3.826664569795698,21.695735166895147,0.024633680686019573,0.0,0.0,0.0,0.0,0.0,0.0,0.0,0.0,47.99090418754973,-5.822279213038584,True,False,False,False,True,0.0,1,1.0094192044650725,0.9891032732658966,False,False,False,False,0.0013321060160952822,-0.050788075673419156,False,False,False,False,-33018051,-27298647.473228082,False,False,False,False,5735940.667628702,False,False,False,False
2024-07-12 00:00:00+00:00,21.35,21.93,20.17,21.6,6351453,,22.391698248506867,,21.856734402025115,22.42215776940503,#000000,0.0,0.0,3.7524764291533277,21.572592748377886,-0.05931889315774019,0.0,0.0,0.0,0.0,0.0,0.0,0.0,0.0,47.983865211362435,-5.795200567049157,True,False,False,False,True,0.0,1,0.9685240138019231,1.0855196606136432,False,False,False,False,-0.13413075085495524,-0.09245941326418719,False,False,False,False,-39369504,-28192784.993729707,False,False,False,False,5781534.173730279,False,False,False,False
2024-07-19 00:00:00+00:00,20.23,22.01,19.95,21.43,7241434,,22.322675688707648,,21.49408282095085,22.34890880193642,#000000,0.0,0.0,3.7374058932380843,21.453273742486857,-0.32730556365313956,0.0,0.0,0.0,0.0,0.0,0.0,0.0,0.0,46.96382810629677,-5.795200567049157,True,False,False,False,True,0.0,1,0.8897454477272327,1.0792973396328494,False,False,False,False,-0.12006096295669542,-0.1062601881104413,False,False,False,False,-46610938,-29557092.623823803,False,False,False,False,5889674.901602111,False,False,False,False
2024-07-26 00:00:00+00:00,21.05,21.78,19.965,20.24,5893004,,22.277193290702325,,21.377347104772333,22.30068278703468,#000000,0.0,0.0,3.676337444931974,21.41299081822556,-0.09873707831852063,0.0,0.0,0.0,0.0,0.0,0.0,0.0,0.0,47.10726680767253,-5.795200567049157,True,False,False,False,True,0.0,1,0.9159432602049667,1.087147794283344,False,False,False,False,-0.10051573053073125,-0.10338795932058628,False,False,False,False,-40717934,-30383821.61465167,False,False,False,False,5889921.501483436,False,False,False,False
2024-08-02 00:00:00+00:00,19.45,22.02,18.8,21.16,5341071,,22.214241384069012,,21.173515031642367,22.23454286672083,"rgba(239, 83, 80, 0.5)",0.0,0.0,3.66848473518048,21.317315216348515,-0.5090153976766237,0.0,0.0,0.0,0.0,-1.0,19.965,19.46,137.0,45.81327474473436,-5.795200567049157,False,False,False,True,False,0.0,1,0.9049628989778702,1.0424204064278941,False,False,False,False,-0.15887989112658085,-0.13113392522358358,False,False,False,False,-46059005,-31544946.30986266,False,False,False,False,5849265.908780959,False,False,False,False
2024-08-09 00:00:00+00:00,18.4,19.46,18.1,18.22,4457382,,22.130714641978088,,20.87937050180249,22.14730439573772,"rgba(239, 83, 80, 1.0)",0.0,0.0,3.6299288951415734,21.163042335135284,-0.7611835975171415,0.0,0.0,0.0,0.0,0.0,0.0,0.0,0.0,44.06768472972569,-2.292683556603791,False,True,False,True,False,0.0,1,0.8927937480594497,1.1046676703827596,False,False,False,False,-0.34282825441539394,-0.23698108981948876,False,False,False,False,-50516387,-32950238.212835796,False,False,False,False,5746163.397019407,False,False,False,False
2024-08-16 00:00:00+00:00,19.21,19.54,18.045,18.58,4904030,,22.050233685750303,,20.657725572925123,22.063371463802646,"rgba(239, 83, 80, 1.0)",0.0,0.0,3.6457857937698406,21.036837120770414,-0.5010818583725444,0.0,0.0,0.0,0.0,0.0,0.0,0.0,0.0,43.7313476061037,-2.66294044742056,False,True,False,True,False,0.0,1,0.8886899912181062,1.1086338108859801,False,False,False,False,-0.3410657574327126,-0.2890234236261007,False,False,False,False,-45612357,-33888172.93781092,False,False,False,False,5683783.14538834,False,False,False,False
2024-08-23 00:00:00+00:00,20.17,20.21,18.96,19.27,3649378,,22.00851282651868,,20.589199445755618,22.019865091583146,"rgba(239, 83, 80, 0.5)",0.0,0.0,3.5266270285072854,20.992017348314953,-0.23308882444052667,0.0,0.0,0.0,0.0,0.0,0.0,0.0,0.0,44.51733148066607,-2.66294044742056,False,False,False,True,False,0.0,1,0.9254901413894295,1.0637517506828411,False,False,False,False,-0.2329197603428868,-0.2609715919844937,False,False,False,False,-41962979,-34486306.72019529,False,False,False,False,5533086.467952167,False,False,False,False
2024-08-30 00:00:00+00:00,19.78,20.43,19.085,20.23,3194135,,21.97299751093578,,20.53648162597276,21.982878151595667,"rgba(239, 83, 80, 0.5)",0.0,0.0,3.415547267296276,20.955683769822677,-0.3442153417344856,0.0,0.0,0.0,0.0,0.0,0.0,0.0,0.0,44.72487413946275,-2.66294044742056,False,False,False,True,False,0.0,1,0.9157794566118649,1.0782980021963595,False,False,False,False,-0.21015073861565223,-0.23556116530007298,False,False,False,False,-45157114,-35276736.88906972,False,False,False,False,5359830.803659413,False,False,False,False
2024-09-06 00:00:00+00:00,17.78,19.85,16.46,19.6,9814538,,21.790101881699478,,20.12478193882636,21.793206476307173,"rgba(239, 83, 80, 1.0)",0.0,0.0,3.1852947987517366,19.747529039327603,-0.6176913484110302,0.0,0.0,0.0,0.0,-1.0,19.085,18.045,142.0,43.22225883391753,-3.315251335735347,False,True,False,True,False,0.0,1,0.8660399529964746,1.0961555033294161,True,False,False,False,-0.34282825441539394,-0.28919470985773343,False,False,False,False,-54971652,-36735619.48987937,False,False,False,False,5689809.114499457,False,False,False,False
2024-09-13 00:00:00+00:00,17.81,18.045,17.3,17.85,3998004,,21.714592001912482,,19.9738648969456,21.715085151874494,"rgba(239, 83, 80, 1.0)",0.0,0.0,3.054079681786742,19.64017365153935,-0.5992553705961712,0.0,0.0,0.0,0.0,0.0,0.0,0.0,0.0,42.18438779025048,-4.372984611159858,False,True,False,True,False,0.0,1,0.9284734676653655,1.1345078594788478,False,False,False,False,-0.34282825441539394,-0.3160114821365637,False,False,False,False,-50973648,-37790288.26840682,False,False,False,False,5564490.217129126,False,False,False,False
2024-09-20 00:00:00+00:00,18.06,18.555,17.375,17.81,5165096,,21.627601013536104,,19.82567690809934,21.62521336134531,"rgba(239, 83, 80, 1.0)",0.0,0.0,2.8492550188008896,19.557285408773996,-0.5255006655754285,0.0,0.0,0.0,0.0,0.0,0.0,0.0,0.0,41.753034527078526,-4.849746320169373,False,True,False,True,False,0.0,1,0.9083197389885805,1.1101685698749317,False,False,False,False,-0.3003986835499687,-0.3082050828432662,False,False,False,False,-45808552,-38384233.73000632,False,False,False,False,5534905.460304746,False,False,False,False
2024-09-27 00:00:00+00:00,18.48,18.66,17.73,18.13,3513545,,21.575311182839744,,19.75118075337616,21.57126557444089,"rgba(239, 83, 80, 1.0)",0.0,0.0,2.5614873002201426,19.524695876921598,-0.40784737712024294,0.0,0.0,0.0,0.0,0.0,0.0,0.0,0.0,41.97571498540489,-4.849746320169373,False,True,False,True,False,0.0,1,0.9062772449869223,1.0857672188317349,False,False,False,False,-0.2677644468145337,-0.28798476482889995,False,False,False,False,-42295007,-38673920.63889474,False,False,False,False,5385175.055837728,False,False,False,False
2024-10-04 00:00:00+00:00,18.05,18.725,17.36,18.31,3946389,,21.51426276904883,,19.66302058388645,21.50834393846622,"rgba(239, 83, 80, 1.0)",0.0,0.0,2.4487682360472074,19.471659447077922,-0.5805610454065505,0.0,0.0,0.0,0.0,0.0,0.0,0.0,0.0,41.73120410482545,-5.043708320724974,False,True,False,True,False,0.0,1,0.9075030209820939,1.0904097550258156,False,False,False,False,-0.2893360233299139,-0.2886603940794069,False,False,False,False,-46241396,-39234474.36934698,False,False,False,False,5278598.310960859,False,False,False,False
2024-10-11 00:00:00+00:00,18.27,18.55,17.625,17.97,3926819,,21.457325307454127,,19.588951454009862,21.449726978466614,"rgba(239, 83, 80, 1.0)",0.0,0.0,2.3716068221606195,19.428860813912507,-0.4886395177665848,0.0,0.0,0.0,0.0,0.0,0.0,0.0,0.0,41.85733264484993,-5.043708320724974,False,True,False,True,False,0.0,1,0.8973590767865068,1.1025299600532623,False,False,False,False,-0.2796147729949266,-0.2841375835371668,False,False,False,False,-42314577,-39462630.11976572,False,False,False,False,5178466.510148943,False,False,False,False
2024-10-18 00:00:00+00:00,19.0,19.05,18.12,18.33,3003639,,21.422402118168065,,19.557741046864532,21.41382477457725,"rgba(239, 83, 80, 1.0)",0.0,0.0,2.2594585814041706,19.422435105935712,-0.1869629783933388,0.0,0.0,0.0,0.0,0.0,0.0,0.0,0.0,42.93486844883752,-5.043708320724974,False,True,False,True,False,0.0,0,0.9422488959347753,1.0678292379119014,False,False,False,False,-0.20656460478002003,-0.2453510941585934,False,False,False,False,-39310938,-39451393.66644975,False,False,False,False,5017368.176063837,False,False,False,False
2024-10-25 00:00:00+00:00,17.96,19.02,17.56,18.87,2749841,,21.384922595099393,,19.513716345672755,21.37530316142793,"rgba(239, 83, 80, 1.0)",0.0,0.0,2.16469021148791,19.39509010137744,-0.6629540309100508,0.0,0.0,0.0,0.0,0.0,0.0,0.0,0.0,42.61466315077019,-5.043708320724974,False,True,False,True,False,0.0,0,0.9415304268846503,1.0506357856494097,False,False,False,False,-0.24957056717240372,-0.24746083066549857,False,False,False,False,-42060779,-39644681.46893495,False,False,False,False,4849403.200059108,False,False,False,False
2024-11-01 00:00:00+00:00,18.47,19.12,18.03,18.11,2734244,,21.352595686704895,,19.4837311562094,21.342113457191417,"rgba(239, 83, 80, 1.0)",0.0,0.0,2.124057395603913,19.381738111481887,-0.4292436321960418,0.0,0.0,0.0,0.0,0.0,0.0,0.0,0.0,43.0854429511226,-5.043708320724974,False,True,False,True,False,0.0,0,0.9510250569476084,1.0400911161731208,False,False,False,False,-0.20800931878289144,-0.22773507472419502,False,False,False,False,-39326535,-39621115.063828655,False,False,False,False,4692724.740795471,False,False,False,False
2024-11-08 00:00:00+00:00,19.89,20.35,18.16,18.32,3808835,,21.323208810615423,,19.48302924687688,21.312022302914908,"rgba(239, 83, 80, 0.5)",0.0,0.0,2.128911340449703,19.405750062515608,0.22746364692768342,0.0,0.0,0.0,0.0,0.0,0.0,0.0,0.0,45.19772214769401,-7.652771492457397,False,False,False,True,True,0.0,1,0.964253798033959,1.0031277926720286,False,False,False,False,-0.11138123636033485,-0.16955815554226494,False,False,False,False,-35517700,-39317158.39243394,False,False,False,False,4627251.426662473,False,False,False,False
2024-11-15 00:00:00+00:00,18.65,20.83,18.62,20.14,4450531,,21.288222293501732,,19.47769302965939,21.276222055218057,"rgba(239, 83, 80, 0.5)",0.0,0.0,2.1565844450121405,19.4230177772356,-0.35844540148820825,0.0,0.0,0.0,0.0,0.0,0.0,0.0,0.0,45.34380914882137,-7.47200604980371,False,False,False,True,True,0.0,1,0.9645704162976086,1.0161647475642164,False,False,False,False,-0.04588955864258047,-0.10772385709242271,False,False,False,False,-39968231,-39365385.99299439,False,False,False,False,4614161.024687475,False,False,False,False
2024-11-22 00:00:00+00:00,20.67,20.82,18.26,18.87,3611965,,21.268602283855707,,19.493444470852083,21.25621527486259,#000000,0.0,0.0,2.1574226114334154,19.45536525615516,0.5630026947005174,0.0,0.0,0.0,0.0,0.0,0.0,0.0,0.0,47.64407970922511,-5.226983741399934,True,False,False,False,True,0.0,1,0.9748788012340238,1.014984574702512,False,False,False,False,-0.07159033434022852,-0.08965709571632562,False,False,False,False,-36356266,-39142488.21573555,False,False,False,False,4539924.282118032,False,False,False,False
2024-11-29 00:00:00+00:00,21.24,21.9823,19.65,21.0,6300972,,21.261026257922616,20.95743333333333,19.57968581390091,21.248737187309725,#000000,0.0,0.0,2.1576901814020406,19.739980949979866,0.6951966797408505,-1.0,21.9823,19.65,0.0,0.0,0.0,0.0,0.0,49.83365491233995,-3.154590008726899,True,False,False,False,True,0.0,1,1.0374107269625417,0.9821442656792639,False,False,False,False,0.10558918778020131,0.007966046031937846,False,False,False,False,-30055294,-38469362.718273655,False,False,False,False,4670372.2612204,False,False,False,False
2024-12-06 00:00:00+00:00,21.27,21.86,20.79,21.3,10621687,,21.26282559412331,21.176633351287563,19.73568907551689,21.25108235748671,#000000,0.0,0.0,2.1555348827217995,19.964823653620275,0.6054999883516962,0.0,0.0,0.0,0.0,0.0,0.0,0.0,0.0,51.427123104915395,-1.6912903443482605,True,False,False,False,True,0.0,1,1.0595752286199398,0.9539437655668928,False,False,False,False,0.17748275044026435,0.0927243982361011,False,False,False,False,-19433607,-37059306.73914228,False,True,False,False,5111210.390018889,False,True,False,False
2024-12-13 00:00:00+00:00,20.18,21.65,19.83,21.48,5027344,,21.24982909522759,21.03387511998062,19.7692144155519,21.23796409697256,#000000,0.0,0.0,2.1611885702168347,19.968290160996666,0.09795991054223106,0.0,0.0,0.0,0.0,-1.0,20.79,20.57,0.0,51.25956357868591,-1.6912903443482605,True,False,False,False,True,0.0,1,1.009251170448717,1.009602480718921,False,False,False,False,0.09494075220429748,0.09383257522019929,False,False,False,False,-24460951,-36126095.202909514,False,False,False,False,5104998.064832305,False,False,False,False
2024-12-20 00:00:00+00:00,18.49,20.57,18.34,20.09,7702955,,21.192046983021232,20.540170989075243,19.73162704087208,21.179033907411505,#000000,0.0,0.0,2.168971134843346,19.82422809833952,-0.6151433169883506,0.0,0.0,0.0,0.0,-1.0,19.83,18.6123,159.0,49.38948441624323,-1.6912903443482605,True,False,False,False,False,0.0,1,0.943210600082231,1.0235108115659564,False,False,False,False,-0.08342847885747508,0.005202048181362107,False,False,False,False,-32163906,-35832599.7063977,False,False,False,False,5297439.319289171,False,False,False,False
2024-12-27 00:00:00+00:00,17.83,18.6123,17.745,18.5,3334472,,21.155493056868302,20.2897135622185,19.68998139285247,21.14171057351479,#000000,0.0,0.0,2.185501834881434,19.73044110114645,-0.8695673784458539,0.0,0.0,0.0,0.0,0.0,0.0,0.0,0.0,47.44047732019528,0.8484938851637054,True,False,False,False,False,0.0,1,0.9171115285889659,1.1031792902049773,False,False,False,False,-0.2660332729782486,-0.13041561239844324,False,False,False,False,-35498378,-35807842.54296083,False,False,False,False,5152034.332675159,False,False,False,False
2025-01-03 00:00:00+00:00,18.18,18.55,17.44,17.69,4204599,,21.110516267008812,20.037265201738073,19.640164363203553,21.09581730197433,#000000,0.0,0.0,2.1784416696592888,19.630382144535773,-0.6657888364587768,0.0,0.0,0.0,0.0,0.0,0.0,0.0,0.0,46.48397879795405,-0.008736766119746164,False,False,False,False,False,0.0,1,0.897147238403351,1.104956568083853,False,False,False,False,-0.278725236159835,-0.20457042427913913,False,False,False,False,-31293779,-35473467.46570447,False,False,False,False,5081853.937662184,False,False,False,False
2025-01-10 00:00:00+00:00,17.61,18.4,17.01,18.13,4337824,,21.059807123802745,19.790350761825877,19.580162185812465,21.04408500387196,"rgba(239, 83, 80, 0.5)",0.0,0.0,2.177347133679051,19.026585741373463,-0.6506016975712396,0.0,0.0,0.0,0.0,0.0,0.0,0.0,0.0,45.242998229721636,-1.160650565136251,False,False,False,True,False,0.0,1,0.9238379989436355,1.0815853014411834,False,False,False,False,-0.3362520790279178,-0.2704112516535285,False,False,False,False,-35631603,-35485181.20898563,False,False,False,False,5026740.608946467,False,False,False,False
2025-01-17 00:00:00+00:00,18.3,19.0,17.23,17.44,4158095,,21.019602759166418,19.643488141345284,19.540285823509063,21.003131932154574,"rgba(239, 83, 80, 1.0)",0.0,0.0,2.1785500839935503,19.03193550912576,-0.3359736893374655,0.0,0.0,0.0,0.0,0.0,0.0,0.0,0.0,45.25431984060947,-1.160650565136251,False,True,False,True,False,0.0,1,0.9337600547013744,1.0698012326802726,False,False,False,False,-0.25545662031050625,-0.26293393598201736,False,False,False,False,-31473508,-35188020.23054224,False,False,False,False,4962396.489765247,False,False,False,False
2025-01-24 00:00:00+00:00,18.88,19.03,18.33,18.45,2678734,,20.99936577588934,19.59381869790172,19.526020734304286,20.982559690029838,"rgba(239, 83, 80, 0.5)",0.0,0.0,2.1733114435419663,19.063636144645155,-0.0844960096220145,0.0,0.0,0.0,0.0,0.0,0.0,0.0,0.0,45.991367604804346,-1.160650565136251,False,False,False,True,False,0.0,1,0.9577186081989346,1.0645796474194948,False,False,False,False,-0.1490404468703498,-0.2059871914261836,False,False,False,False,-28794774,-34714446.43568726,False,False,False,False,4793236.305338192,False,False,False,False
2025-01-31 00:00:00+00:00,18.52,20.0,18.26,18.59,5350806,,20.96314744120096,19.527363596880527,19.505246951087237,20.945788713745074,#000000,1.0,18.13,2.163167155849029,18.96149607325608,-0.2040970676086264,0.0,0.0,0.0,0.0,0.0,0.0,0.0,0.0,46.10678382950839,-1.160650565136251,False,False,False,False,False,0.0,1,0.9838198338499188,1.0485404984502436,False,False,False,False,-0.06673132771710372,-0.13635925957164366,False,False,False,False,-34145580,-34672308.18119191,False,False,False,False,4834537.764202029,False,False,False,False
2025-02-07 00:00:00+00:00,19.05,19.43,17.98,18.12,3712679,,20.937474326188696,19.481634773359904,19.489154335743578,20.919730988422,#000000,0.0,0.0,2.1500353820679265,18.957680551170316,0.0429385718949846,0.0,0.0,0.0,0.0,0.0,0.0,0.0,0.0,46.882911376263074,-1.160650565136251,False,False,False,False,False,0.0,1,0.9944506944199211,0.998234311860884,False,False,False,False,-0.1444250224608333,-0.14039214101623848,False,False,False,False,-30432901,-34358278.01962213,False,False,False,False,4751437.11500188,False,False,False,False
2025-02-14 00:00:00+00:00,19.3,19.75,18.5,19.34,4259548,,20.913692840918056,19.4610376721695,19.481130604965564,20.895649874516383,#000000,0.0,0.0,2.1385941917804194,19.009641441286636,0.13577075998305033,0.0,0.0,0.0,0.0,0.0,0.0,0.0,0.0,47.764502427230454,-1.160650565136251,True,False,False,False,True,0.0,1,1.00901024375882,0.992131899816242,False,False,False,False,-0.06763890286576724,-0.10401552194100286,False,False,False,False,-26173353,-33751987.277427904,False,False,False,False,4715000.884260999,False,False,False,False
2025-02-21 00:00:00+00:00,18.11,19.425,17.94,19.3,3602835,,20.886233988360182,19.40754789750745,19.459649454736812,20.86777743889744,#000000,0.0,0.0,2.137832724222497,18.96326275444683,-0.3991251255437453,0.0,0.0,0.0,0.0,-1.0,18.5,18.1883,167.0,46.93173012044605,-1.160650565136251,False,False,False,False,True,0.0,1,0.9717418619085347,1.017282879100584,False,False,False,False,-0.14857862386123766,-0.12629707290112024,False,False,False,False,-29776188,-33457483.62724806,False,False,False,False,4632618.226167592,False,False,False,False
2025-02-28 00:00:00+00:00,17.72,18.1883,17.31,18.18,4942800,,20.83803936617985,19.29015463801917,19.409896026885505,20.818795838202185,"rgba(239, 83, 80, 0.75)",0.0,0.0,2.1566856036039694,18.825681871765422,-0.5126764280884302,0.0,0.0,0.0,0.0,0.0,0.0,0.0,0.0,45.89196656988297,-1.160650565136251,False,True,False,True,True,0.0,1,0.9521291669964437,1.0546799802899824,False,False,False,False,-0.3273631759796009,-0.22683012444036058,False,False,False,False,-34718988,-33550928.395600054,False,False,False,False,4655594.653858881,False,False,False,False
2025-03-07 00:00:00+00:00,17.5,18.08,17.0,17.87,6181986,,20.775801870240404,19.1474925338329,19.344150599396432,20.75556516180081,"rgba(239, 83, 80, 1.0)",0.0,0.0,2.1788667771188432,18.67626928610302,-0.5398536975530118,0.0,0.0,0.0,0.0,0.0,0.0,0.0,0.0,44.895039136764325,-1.7590307964837848,False,True,False,True,False,0.0,1,1.0119377392634956,1.0453091467500861,False,False,False,False,-0.34282825441539394,-0.28482918942787727,False,False,False,False,-40900974,-34095376.2181482,False,False,False,False,4768660.679498964,False,False,False,False
2025-03-14 00:00:00+00:00,18.38,18.45,15.49,17.27,10086575,,20.676549251978248,18.948394582013755,19.241533354715536,20.65482019606834,"rgba(239, 83, 80, 1.0)",0.0,0.0,2.1901571542608953,18.493921625717213,-0.05201527456401144,0.0,0.0,0.0,0.0,0.0,0.0,0.0,0.0,45.515211522969935,-1.7590307964837848,False,True,False,True,False,0.0,1,0.9511170146060312,0.9870754410345791,False,False,False,False,-0.34282825441539394,-0.3138287219216356,False,False,False,False,-30814399,-33852340.86865574,False,False,False,False,5162580.258795337,False,False,False,False
2025-03-21 00:00:00+00:00,18.89,19.15,17.65,18.2,7921264,,20.628298376902837,18.916092054568427,19.213995787623045,20.606075199812533,#000000,0.0,0.0,2.199334846212733,18.516752690320033,0.16970917835576604,0.0,0.0,0.0,0.0,0.0,0.0,0.0,0.0,46.682086900540725,-1.7590307964837848,False,False,False,False,False,0.0,1,1.0044424249039803,0.9823572268099073,False,False,False,False,-0.11377194884066909,-0.21380033538115234,False,False,False,False,-22893135,-33040547.841347907,False,False,False,False,5366927.202588275,False,False,False,False
2025-03-28 00:00:00+00:00,18.77,19.7,18.33,19.08,5036130,,20.60404538231808,18.916965050566482,19.206932847324783,20.581651115596056,#000000,0.0,0.0,2.2068356784571734,18.593595530257247,0.07993548022845068,0.0,0.0,0.0,0.0,0.0,0.0,0.0,0.0,47.34661138369168,-1.7590307964837848,False,False,False,False,True,0.0,1,1.0125524378089468,0.9713804417956012,False,False,False,False,-0.020083074109206202,-0.11694170474517927,False,False,False,False,-27929265,-32661934.297544356,False,False,False,False,5342423.706100255,False,False,False,False
2025-04-04 00:00:00+00:00,15.56,18.51,15.365,18.45,6983652,,20.523774838066394,18.756971042871793,19.114924001050063,20.500217341834553,"rgba(239, 83, 80, 1.0)",0.0,0.0,2.2797465087469626,18.098342032505958,-1.1134317007469083,0.0,0.0,0.0,0.0,-1.0,18.33,16.67,176.0,44.25513707537288,-2.377556672667005,False,True,False,True,False,0.0,1,0.943758373554256,0.9965371397729795,False,False,False,False,-0.34282825441539394,-0.2298849795802866,False,False,False,False,-34912917,-32828673.756985515,False,False,False,False,5463996.172315052,False,False,False,False
2025-04-11 00:00:00+00:00,15.47,16.67,14.4,14.9,8479275,,20.4081451316879,18.517650791077145,18.973268363887566,20.382880573540128,"rgba(239, 83, 80, 1.0)",0.0,0.0,2.3510414560206603,17.681533942218145,-0.9406613977625711,0.0,0.0,0.0,0.0,0.0,0.0,0.0,0.0,41.96770384938466,-4.517702009747275,False,True,False,True,False,0.0,1,0.9170482600959327,1.035170612176899,False,False,False,False,-0.34282825441539394,-0.28635661699784026,False,False,False,False,-43392192,-33611156.58980141,False,False,False,False,5687350.159550973,False,False,False,False
2025-04-18 00:00:00+00:00,14.74,15.92,14.655,15.87,3730083,,20.354848474533398,18.41036880389671,18.90747744810637,20.328811105707505,"rgba(239, 83, 80, 1.0)",0.0,0.0,2.437286129217391,17.52836354520687,-1.1440443991293743,0.0,0.0,0.0,0.0,0.0,0.0,0.0,0.0,39.69274211734416,-6.610400015572729,False,True,False,True,False,0.0,0,0.9121757678593159,1.063600816478352,False,False,False,False,-0.34282825441539394,-0.3145924357066171,False,False,False,False,-47122275,-34611980.175742045,False,False,False,False,5542367.406991641,False,False,False,False
2025-04-25 00:00:00+00:00,15.75,15.94,14.295,14.57,5146982,,20.286096310668118,18.282234596301524,18.82540672936557,20.259109627369178,"rgba(239, 83, 80, 1.0)",0.0,0.0,2.489041915608789,16.635748166982747,-0.3558590803265376,0.0,0.0,0.0,0.0,0.0,0.0,0.0,0.0,39.65251447575738,-6.610400015572729,False,True,False,True,False,0.0,1,0.9171199348848483,1.0621886281691622,False,False,False,False,-0.34282825441539394,-0.3287103450610055,False,False,False,False,-41975293,-35157410.755316705,False,False,False,False,5513079.599066335,False,False,False,False
2025-05-02 00:00:00+00:00,15.47,15.99,15.22,15.76,6317684,,20.20806006664535,18.15006158187175,18.73601509873254,20.18006294791551,"rgba(239, 83, 80, 1.0)",0.0,0.0,2.543676760018707,16.56755761490091,-0.43148470440593134,0.0,0.0,0.0,0.0,0.0,0.0,0.0,0.0,39.34854168188143,-6.848771474914422,False,True,False,True,False,0.0,1,0.9284855783094451,1.0655164379358633,False,False,False,False,-0.2856948299622106,-0.307202587511608,False,False,False,False,-48292977,-36130415.66233028,False,False,False,False,5572679.925061421,False,False,False,False
2025-05-09 00:00:00+00:00,15.91,16.0,14.72,15.35,4828348,,20.149928172799147,18.05679414769101,18.67058714007842,20.121209386487084,"rgba(239, 83, 80, 1.0)",0.0,0.0,2.584886091901907,16.50944815740371,-0.23190505735695627,0.0,0.0,0.0,0.0,1.0,16.26,15.99,177.0,39.82260359654665,-6.848771474914422,False,True,False,True,False,0.0,0,0.9121068667394003,1.0956692013506795,False,False,False,False,-0.31415979531251803,-0.310681191412063,False,False,False,False,-43464629,-36673690.72437988,False,False,False,False,5517544.226908723,False,False,False,False
2025-05-16 00:00:00+00:00,16.85,17.23,16.26,16.75,5133658,16.78,20.1058604452629,18.010002469312507,18.630271681003556,20.076718484608858,"rgba(239, 83, 80, 0.75)",0.0,0.0,2.60202175032973,16.470921409482198,0.1456861728652984,0.0,0.0,0.0,0.0,0.0,0.0,0.0,0.0,41.55529216949319,-6.848771474914422,False,True,False,True,True,0.0,0,0.9277941845436232,1.0837587459293971,False,False,False,False,-0.1582676831499628,-0.23447443728101292,False,False,False,False,-38330971,-36796452.22627767,False,False,False,False,5489108.210100669,False,False,False,False
2025-05-23 00:00:00+00:00,15.92,16.66,15.65,16.53,4052331,16.469729710105252,20.06469468026085,17.955646427869876,18.587999259909868,20.035111134975292,"rgba(239, 83, 80, 0.75)",0.0,0.0,2.6166352646304962,16.391810721345728,-0.1803119936978888,0.0,0.0,0.0,0.0,0.0,0.0,0.0,0.0,41.7361106626684,-6.848771474914422,False,True,False,True,True,0.0,0,0.9144020961533198,1.0957999795958486,False,False,False,False,-0.22333025284034957,-0.22890234506068124,False,False,False,False,-42383302,-37210292.9502571,False,False,False,False,5382680.268611731,False,False,False,False
2025-05-30 00:00:00+00:00,14.26,16.33,13.9401,16.25,8390700,15.693342053216051,19.95652621641401,17.784432699469885,18.463899988893367,19.925650828321093,"rgba(239, 83, 80, 0.75)",0.0,0.0,2.65613623741545,16.0435961907756,-0.6715002663082994,0.0,0.0,0.0,0.0,0.0,0.0,0.0,0.0,40.25527621732436,-6.848771474914422,False,True,False,True,True,0.0,0,0.8374998447031345,1.1327427911195043,False,False,False,False,-0.3407356915792627,-0.284819018319972,False,False,False,False,-50774002,-38215012.13912695,False,False,False,False,5605496.545010862,False,False,False,False
2025-06-06 00:00:00+00:00,16.34,16.38,14.025,14.34,9597394,15.653900329099114,19.855259219921912,17.654031580667457,18.35863450346383,19.823359757737965,"rgba(239, 83, 80, 0.75)",0.0,0.0,2.657420174150443,15.991562311550524,0.13111877897174037,0.0,0.0,0.0,0.0,0.0,0.0,0.0,0.0,41.953864703203394,-6.848771474914422,False,True,False,True,True,0.0,0,0.8171223558589471,1.1244868229373592,False,False,False,False,-0.3316718774850297,-0.30824544790250086,False,False,False,False,-41176608,-38434389.61030273,False,False,False,False,5901192.652787834,False,False,False,False
2025-06-13 00:00:00+00:00,14.38,16.49,14.26,16.49,6665884,15.53362926713256,19.77912138906682,17.550927780274016,18.276617266504154,19.746439853724816,"rgba(239, 83, 80, 0.75)",0.0,0.0,2.721595365467306,15.899570921108394,-0.5583382968641549,0.0,0.0,0.0,0.0,0.0,0.0,0.0,0.0,41.410433998983386,-6.848771474914422,False,True,False,True,True,0.0,0,0.847402868349209,1.1156400138291154,False,False,False,False,-0.29946009167029786,-0.30385276978639936,False,False,False,False,-47842492,-39131286.08361364,False,False,False,False,5957836.4562850315,False,False,False,False
2025-06-20 00:00:00+00:00,13.92,14.7797,13.9,14.52,7030100,15.304213197888812,19.68754752719741,17.416936145008844,18.17295737842522,19.653879356926016,"rgba(239, 83, 80, 0.75)",0.0,0.0,2.6900607850059455,15.73190420293695,-0.6735551155707229,0.0,0.0,0.0,0.0,0.0,0.0,0.0,0.0,40.65171950601611,-6.848771474914422,False,True,False,True,True,0.0,0,0.8701657050223944,1.1350153485324044,False,False,False,False,-0.34282825441539394,-0.32334051210089665,False,False,False,False,-54872592,-40297308.7440867,False,False,False,False,6037263.385449103,True,False,False,False
2025-06-27 00:00:00+00:00,15.23,15.26,13.695,13.92,7578133,15.21413566754458,19.60133015474863,17.305839708786284,18.081060846565695,19.566840013871563,"rgba(239, 83, 80, 0.75)",0.0,0.0,2.6287060702184593,15.205211848960916,0.009429791835579533,0.0,0.0,0.0,0.0,1.0,15.09,14.7797,184.0,41.68322685275019,-6.848771474914422,False,True,False,True,True,0.0,0,0.8818055653109022,1.0736850263636561,False,False,False,False,-0.3216899755253407,-0.3225152438131187,False,False,False,False,-47294459,-40815616.17045065,False,False,False,False,6151401.8754158355,False,False,False,False
2025-07-04 00:00:00+00:00,15.99,16.12,15.09,15.31,6278854,15.27370339689154,19.546404531577124,17.25378450876732,18.030288415706472,19.511522446068067,"rgba(239, 83, 80, 0.75)",0.0,0.0,2.6043851654641745,15.34618503935173,0.24720420358158704,0.0,0.0,0.0,0.0,0.0,0.0,0.0,0.0,43.26299921892766,-10.508708114775459,False,True,False,True,True,0.0,1,0.9228303310772934,1.0514464459484711,False,False,False,False,-0.1569605838697322,-0.23973791384142545,False,False,False,False,-41015605,-40830430.15782467,False,False,False,False,6160842.773533181,False,False,False,False
2025-07-11 00:00:00+00:00,14.87,16.18,14.795,15.94,7799711,15.274696750743463,19.47248054416594,17.175891004284,17.958379913622963,19.437036445519677,"rgba(239, 83, 80, 0.75)",0.0,0.0,2.5976773617359488,15.348133611397103,-0.18406196952710907,0.0,0.0,0.0,0.0,0.0,0.0,0.0,0.0,43.35093793494043,-10.376421128789922,False,True,False,True,True,0.0,1,0.9260974348892915,1.0463559603814294,False,False,False,False,-0.17359669841441952,-0.2066673061279225,False,False,False,False,-48815316,-41421903.183171,False,False,False,False,6282240.419938131,False,False,False,False
2025-07-18 00:00:00+00:00,14.62,15.15,14.45,14.83,6931740,15.221335699350282,19.40068352568071,17.093285910390076,17.885251789191987,19.36466075347788,"rgba(239, 83, 80, 0.75)",0.0,0.0,2.5509433196015108,15.28083083999018,-0.25905351754088024,0.0,0.0,0.0,0.0,0.0,0.0,0.0,0.0,43.18826747483939,-10.376421128789922,False,True,False,True,True,0.0,1,0.9100488626538327,1.0882069324668788,False,False,False,False,-0.2731993013227927,-0.2399333037253576,False,False,False,False,-55747056,-42483025.614047214,False,False,False,False,6330351.499942714,False,False,False,False
2025-07-25 00:00:00+00:00,15.72,18.0,14.44,14.76,12660942,15.349610720344963,19.310428422924467,17.03262817407733,17.81225280170196,19.274016442973352,"rgba(239, 83, 80, 0.75)",0.0,0.0,2.513182806685493,15.542260846036523,0.07072273194399589,0.0,0.0,0.0,0.0,1.0,15.3666,15.15,188.0,44.35820798855821,-9.22912055627701,False,True,False,True,True,0.0,1,0.8908360469148963,1.0174569221351446,False,False,False,False,-0.07106718511757631,-0.15550024442146695,False,False,False,False,-43086114,-42527698.82782149,False,False,False,False,6799284.129576588,False,False,False,False
2025-08-01 00:00:00+00:00,15.45,17.45,15.3666,17.12,14612700,15.461285336300868,19.213200176903904,16.973102384320537,17.73647714769438,19.176467183177216,"rgba(239, 83, 80, 0.5)",0.0,0.0,2.490379782173636,15.643528411203464,-0.07771040087490215,0.0,0.0,0.0,0.0,0.0,0.0,0.0,0.0,44.92004002038103,-8.598525938376014,False,False,False,True,True,0.0,1,0.914714487268596,1.052417315725426,False,False,False,False,-0.04473531938640766,-0.1001177819039373,False,False,False,False,-57698814,-43651485.136871755,False,False,False,False,7378055.675533878,False,False,False,False
2025-08-08 00:00:00+00:00,15.46,16.49,15.05,15.55,8279469,15.477478291163523,19.153573804547374,16.928025531591384,17.68616615773713,19.116601624111983,"rgba(239, 83, 80, 0.5)",0.0,0.0,2.4219249064023423,15.630330051217488,-0.07032837837672863,0.0,0.0,0.0,0.0,0.0,0.0,0.0,0.0,45.33367444909997,-8.099888194405956,False,False,False,True,True,0.0,1,0.913849451338798,1.0614371204929753,False,False,False,False,-0.13353216207793506,-0.11682497199093618,False,False,False,False,-49419345,-44078734.015622,False,False,False,False,7444827.032901739,False,False,False,False
2025-08-15 00:00:00+00:00,15.77,16.66,15.25,15.57,15555523,15.531131738751249,19.053744055455955,16.865034271589924,17.607866423947225,19.01651545827491,#000000,0.0,0.0,2.3394491921224234,15.664013815780617,0.04530390511418993,0.0,0.0,0.0,0.0,0.0,0.0,0.0,0.0,46.02755620658809,-7.325223015986559,False,False,False,False,True,0.0,1,0.9068029261580025,1.0646626611101269,False,False,False,False,-0.10234195941499315,-0.10958346570296466,False,False,False,False,-33863822,-43322073.86631667,False,False,False,False,8045619.326760869,False,False,False,False
2025-08-22 00:00:00+00:00,16.72,16.76,15.5,15.82,12302268,15.604789656759237,18.989265304323368,16.840304142109577,17.565091360719745,18.952043652151477,#000000,0.0,0.0,2.3264903234754617,15.739821622883923,0.42131203694491276,0.0,0.0,0.0,0.0,0.0,0.0,0.0,0.0,47.69715139393594,-5.632696833443553,True,False,False,False,True,0.0,1,0.9250543009347394,1.0551683618119279,False,False,False,False,-0.07743545901628368,-0.09350946235962418,False,False,False,False,-21561554,-41710183.505848765,False,False,False,False,8360926.635889693,False,False,False,False
2025-08-29 00:00:00+00:00,16.74,17.29,16.1,16.75,9963333,15.681883876787168,18.94644044408951,16.835630431847388,17.54257911668384,18.909350725944073,#000000,0.0,0.0,2.288950056327156,15.823602517683199,0.4003571330810289,0.0,0.0,0.0,0.0,0.0,0.0,0.0,0.0,48.91407371843387,-4.412739526817504,True,False,False,False,True,0.0,1,0.9538387341248881,1.0141997565624787,False,False,False,False,0.0024810948425903695,-0.0455141837585169,False,False,False,False,-11598221,-39479667.76467479,False,False,False,False,8479623.403601568,False,False,False,False
2025-09-05 00:00:00+00:00,16.47,16.83,14.4,16.5,18309582,15.706667031168472,18.84476286747601,16.77777294829216,17.466776016433105,18.807603896536396,#000000,0.0,0.0,2.243376902780194,15.88111025319389,0.2625014753768319,0.0,0.0,0.0,0.0,0.0,0.0,0.0,0.0,49.412519814177315,-3.8872470867861395,True,False,False,False,True,0.0,1,0.9242643619272491,1.0216069320384025,False,False,False,False,-0.1511246848484534,-0.09831943430348515,False,False,False,False,-29907803,-38770640.74506925,False,False,False,False,9207768.484816266,False,False,False,False
2025-09-12 00:00:00+00:00,16.44,17.29,15.91,16.5,11926815,15.764554418985366,18.795863194810618,16.768824199862962,17.439923615223535,18.75888229140405,#000000,0.0,0.0,2.199643763131751,16.184333664131834,0.11623079161880324,0.0,0.0,0.0,0.0,0.0,0.0,0.0,0.0,49.725641901859575,-3.5189826481010087,True,False,False,False,True,0.0,1,0.991226652506176,1.0203172257751716,False,False,False,False,-0.010930679668137626,-0.05462505698581139,False,False,False,False,-41834618,-38997602.02321227,False,False,False,False,9409179.33779284,False,False,False,False
2025-09-19 00:00:00+00:00,16.32,16.66,15.74,16.5,9546468,15.789408954417306,18.75306168060159,16.752926868149753,17.412533911532364,18.716172039196756,#000000,0.0,0.0,2.162408792014939,16.163300213580168,0.07246538536028552,0.0,0.0,0.0,0.0,0.0,0.0,0.0,0.0,49.76824266480925,-3.3857959932954387,True,False,False,False,True,0.0,1,0.9365829686659024,1.051716472047364,False,False,False,False,-0.06750135484094837,-0.06106320591337988,False,False,False,False,-51381086,-39914897.13260396,False,False,False,False,9419348.868326703,False,False,False,False
2025-09-26 00:00:00+00:00,16.13,16.665,15.84,16.3,7219361,15.80546727562122,18.721279456446624,16.740895569493404,17.39215636134526,18.68446404051275,#000000,0.0,0.0,2.155267145499182,16.156718111485358,-0.012396658827725197,0.0,0.0,0.0,0.0,0.0,0.0,0.0,0.0,49.50169462138852,-3.3857959932954387,True,False,False,False,True,0.0,1,0.9220157390727219,1.0653029297430547,False,False,False,False,0.1572412902516785,0.048089042169149304,False,False,False,False,-58600447,-41299011.937596254,False,False,False,False,9256386.804006206,False,False,False,False
2025-10-03 00:00:00+00:00,16.03,16.91,15.99,16.28,9850461,15.830355821567625,18.68082472179706,16.72821145556175,17.36766775701071,18.64414296447819,#000000,0.0,0.0,2.1439050587422526,16.167946393480108,-0.0643435178799543,0.0,0.0,0.0,0.0,0.0,0.0,0.0,0.0,49.14922970392724,-3.3857959932954387,True,False,False,False,True,0.0,1,1.002140896153943,1.0397954814497645,False,False,False,False,0.25439833172501575,0.1512436869470825,False,False,False,False,-68450908,-43310263.49777431,False,False,False,False,9300392.300005747,False,False,False,False
2025-10-10 00:00:00+00:00,16.15,16.77,15.502,16.18,12222459,15.848253983137122,18.62902390899714,16.707507594750737,17.33415619556926,18.592482722686253,#000000,0.0,0.0,2.1364945862596603,16.155538049403138,-0.002592119558250023,0.0,0.0,0.0,0.0,0.0,0.0,0.0,0.0,49.1149608959775,-3.3857959932954387,True,False,False,False,True,0.0,1,1.0145215885894423,0.9968993049275213,False,False,False,False,0.16434744929128803,0.15779556811918527,False,False,False,False,-56228449,-44267166.12756881,False,False,False,False,9516841.685190506,False,False,False,False
2025-10-17 00:00:00+00:00,15.52,16.23,15.48,16.15,7587725,15.844626990169445,18.592948190150405,16.686867067540028,17.30763319134404,18.556445362396357,#000000,0.0,0.0,2.1424864144343494,16.11872277667562,-0.27945230954180605,0.0,0.0,0.0,0.0,0.0,0.0,0.0,0.0,48.01963958695182,-3.3857959932954387,True,False,False,False,True,0.0,1,1.0074634682868069,0.9913580893521187,False,False,False,False,0.08598533625914763,0.12189045218916644,False,False,False,False,-63816174,-45715240.784785934,False,False,False,False,9373944.152954172,False,False,False,False
2025-10-24 00:00:00+00:00,16.17,16.265,15.6114,15.63,11200198,15.852921194608266,18.546246382024236,16.666301065759733,17.276596542489216,18.509873968413597,#000000,0.0,0.0,2.105732056909238,16.104696743123984,0.031012139774263873,0.0,0.0,0.0,0.0,0.0,0.0,0.0,0.0,48.45544596313162,-3.3857959932954387,True,False,False,False,True,0.0,1,1.0183715067317491,0.9882958751273935,False,False,False,False,0.10903510698006107,0.11546277958461376,False,False,False,False,-52615976,-46226406.35628327,False,False,False,False,9509222.215698307,False,False,False,False
2025-10-31 00:00:00+00:00,15.76,16.4,15.7,16.34,4940643,15.855026558723607,18.525686223664216,16.656795741411933,17.262723137469457,18.489370300130975,#000000,0.0,0.0,2.1067920364109027,16.096990877975834,-0.1599545053103232,0.0,0.0,0.0,0.0,0.0,0.0,0.0,0.0,48.058593482836066,-3.3857959932954387,True,False,False,False,True,0.0,1,0.9959318572656921,0.9859898968185729,False,False,False,False,0.14019556560580995,0.12782917259521187,False,False,False,False,-57556619,-47065681.36692896,False,False,False,False,9170808.940461395,False,False,False,False
