date,Open,High,Low,Close,Volume,Gap_Up_aVWAP_870,Gap_Up_aVWAP_840,Gap_Up_aVWAP_822,Gap_Up_aVWAP_798,Gap_Up_aVWAP_792,Gap_Up_aVWAP_756,Gap_Up_aVWAP_708,Gap_Up_aVWAP_702,Gap_Up_aVWAP_654,Gap_Up_aVWAP_624,Gap_Down_aVWAP_882,Gap_Down_aVWAP_864,Gap_Down_aVWAP_846,Gap_Down_aVWAP_804,Gap_Down_aVWAP_750,Gap_Down_aVWAP_726,Gap_Down_aVWAP_720,Gap_Down_aVWAP_714,Gap_Down_aVWAP_666,Gap_Down_aVWAP_660,aVWAP_OB_bull_750,aVWAP_OB_bull_579,aVWAP_OB_bull_348,aVWAP_OB_bear_127,aVWAP_OB_bear_96,color,Liquidity,Liquidity_Level,StDev,StDev_Mean,StdDev_ZScore,OB,OB_High,OB_Low,OB_Mitigated_Index,FVG,FVG_High,FVG_Low,FVG_Mitigated_Index,QQEMOD,QQE1_Value,QQE1_Above_Upper,QQE1_Below_Lower,QQE2_Above_Threshold,QQE2_Below_Threshold,QQE2_Above_TL,banker_RSI,TTM_squeeze_Active,VI_plus,VI_minus,VI_Regular_Bullish,VI_Regular_Bearish,VI_Hidden_Bullish,VI_Hidden_Bearish,Fisher,Fisher_Signal,Fisher_Regular_Bullish,Fisher_Regular_Bearish,Fisher_Hidden_Bullish,Fisher_Hidden_Bearish,OBV,OBV_Smoothed,OBV_Regular_Bullish,OBV_Regular_Bearish,OBV_Hidden_Bullish,OBV_Hidden_Bearish,Volume_MA,Vol_Regular_Bullish,Vol_Regular_Bearish,Vol_Hidden_Bullish,Vol_Hidden_Bearish
2025-02-07 15:00:00+00:00,21.69,21.725,21.565,21.62,667.0,,,,,,,,,,,,,,,,,,,,,,,,,,"rgba(38, 166, 154, 1.0)",1.0,21.536667,,,,0.0,0.0,0.0,0.0,0.0,0.0,0.0,0.0,,,False,False,False,False,False,,0,,,False,False,False,False,,,False,False,False,False,0.0,0.0,False,False,False,False,667.0,False,False,False,False
2025-02-07 16:00:00+00:00,21.625,21.695,21.565,21.615,500.0,,,,,,,,,,,,,,,,,,,,,,,,,,"rgba(239, 83, 80, 1.0)",0.0,0.0,,,,0.0,0.0,0.0,0.0,0.0,0.0,0.0,0.0,0.0,,False,False,False,True,False,,0,,,False,False,False,False,,,False,False,False,False,-500.0,-7.751937984496124,False,False,False,False,664.4108527131782,False,False,False,False
2025-02-07 17:00:00+00:00,21.61,21.685,21.6,21.655,315.0,,,,,,,,,,,,,,,,,,,,,,,,,,"rgba(38, 166, 154, 1.0)",0.0,0.0,,,,0.0,0.0,0.0,0.0,0.0,0.0,0.0,0.0,29.999999999998668,-94.99999999999801,False,False,False,True,True,,0,,,False,False,False,False,,,False,False,False,False,-185.0,-10.49996995372874,False,False,False,False,658.9936301904933,False,False,False,False
2025-02-07 18:00:00+00:00,21.655,21.695,21.645,21.645,400.0,,,,,,,,,,,,,,,,,,,,,,,,,,"rgba(239, 83, 80, 1.0)",0.0,0.0,,,,0.0,0.0,0.0,0.0,0.0,0.0,0.0,0.0,43.940149625933,-79.45386533665723,False,False,False,False,True,,0,,,False,False,False,False,,,False,False,False,False,-585.0,-19.40694716374845,False,False,False,False,654.9782250712608,False,False,False,False
2025-02-07 19:00:00+00:00,21.645,21.685,21.645,21.66,8.0,,,,,,,,,,,,,,,,,,,,,,,,,,"rgba(239, 83, 80, 1.0)",0.0,0.0,,,,0.0,0.0,0.0,0.0,0.0,0.0,0.0,0.0,55.62145819147487,-64.97709660522582,False,False,True,False,True,,0,,,False,False,False,False,,,False,False,False,False,-577.0,-28.05180069609343,False,False,False,False,644.9475549151172,False,False,False,False
2025-02-07 20:00:00+00:00,21.665,21.675,21.635,21.655,682.0,,,,,,,,,,,,,,,,,,,,,,,,,,"rgba(239, 83, 80, 1.0)",0.0,0.0,,,,0.0,0.0,0.0,0.0,0.0,0.0,0.0,0.0,61.117584185751284,-55.417546512339726,False,False,True,False,True,,0,,,False,False,False,False,,,False,False,False,False,-1259.0,-47.136268902355546,False,False,False,False,645.5220114280611,False,False,False,False
2025-02-10 15:00:00+00:00,21.62,21.69,21.595,21.655,0.0,,,,,,,,,,,,,,,,,,,,,,,,,,"rgba(239, 83, 80, 1.0)",0.0,0.0,,,,0.0,0.0,0.0,0.0,0.0,0.0,0.0,0.0,64.78166818193556,-46.85787426474005,False,False,True,False,True,,0,,,False,False,False,False,,,False,False,False,False,-1259.0,-65.9248538806136,False,False,False,False,635.513918227626,False,False,False,False
2025-02-10 16:00:00+00:00,21.655,21.655,21.595,21.625,821.0,,,,,,,,,,,,,,,,,,,,,,,,,,"rgba(239, 83, 80, 1.0)",0.0,0.0,,,,0.0,0.0,0.0,0.0,0.0,0.0,0.0,0.0,57.65974447094899,-46.85787426474005,False,False,True,False,True,,0,,,False,False,False,False,,,False,False,False,False,-2080.0,-97.1508251382785,False,False,False,False,638.3896714333993,False,False,False,False
2025-02-10 17:00:00+00:00,21.625,21.645,21.605,21.635,11.0,,,,,,,,,,,,,,,,,,,,,,,,,,"rgba(38, 166, 154, 1.0)",0.0,0.0,,,,0.0,0.0,0.0,0.0,0.0,0.0,0.0,0.0,55.36084137293952,-46.22450439339124,False,False,True,False,True,,0,,,False,False,False,False,,,False,False,False,False,-2069.0,-127.72213017489433,False,False,False,False,628.662699783269,False,False,False,False
2025-02-10 18:00:00+00:00,21.635,21.68,21.635,21.665,800.0,,,,,,,,,,,,,,,,,,,,,,,,,,"rgba(239, 83, 80, 1.0)",0.0,0.0,,,,0.0,0.0,0.0,0.0,0.0,0.0,0.0,0.0,58.82905225945362,-37.73241700636613,False,False,True,False,True,,0,,,False,False,False,False,,,False,False,False,False,-1269.0,-145.41636071481844,False,False,False,False,631.3190920346912,False,False,False,False
2025-02-10 19:00:00+00:00,21.665,21.685,21.655,21.665,13.0,,,,,,,,,,,,,,,,,,,,,,,,,,"rgba(239, 83, 80, 1.0)",0.0,0.0,,,,0.0,0.0,0.0,0.0,0.0,0.0,0.0,0.0,61.141192850463014,-30.573750743497833,False,False,True,False,True,,0,,,False,False,False,False,,,False,False,False,False,-1269.0,-162.8362620990848,False,False,False,False,621.7327495225253,False,False,False,False
2025-02-10 20:00:00+00:00,21.665,21.695,21.63,21.66,1836.0,,,,,,,,,,,,,,,,,,,,,,,,,,"rgba(239, 83, 80, 1.0)",0.0,0.0,,,,0.0,0.0,0.0,0.0,0.0,0.0,0.0,0.0,61.35874090589007,-25.60758331986535,False,False,True,False,True,,0,,,False,False,False,False,,,False,False,False,False,-3105.0,-208.4512037719672,False,False,False,False,640.5585983671373,False,False,False,False
2025-02-11 15:00:00+00:00,21.635,21.675,21.595,21.675,118.0,,,,,,,,,,,,,,,,,,,,,,,,,,"rgba(38, 166, 154, 1.0)",0.0,0.0,,,,0.0,0.0,0.0,0.0,0.0,0.0,0.0,0.0,63.66000862334488,-19.01867300947434,False,False,True,False,True,,0,,,False,False,False,False,,,False,False,False,False,-2987.0,-251.5294796824793,False,False,False,False,632.4569146715228,False,False,False,False
2025-02-11 16:00:00+00:00,21.675,21.725,21.675,21.725,0.0,,,,,,,,,,,,,,,,,,,,,,,,,,"rgba(38, 166, 154, 1.0)",0.0,0.0,,,,0.0,0.0,0.0,0.0,0.0,0.0,0.0,0.0,69.30257182683724,-9.889127601539272,False,False,True,False,True,,1,,,False,False,False,False,,,False,False,False,False,-2987.0,-293.9398753463168,False,False,False,False,622.651381110724,False,False,False,False
2025-02-11 17:00:00+00:00,21.725,21.745,21.685,21.695,0.0,,,,,,,,,,,,,,,,,,,,,,,,,,"rgba(38, 166, 154, 1.0)",0.0,0.0,,,,0.0,0.0,0.0,0.0,0.0,0.0,0.0,0.0,67.48515790910116,-8.488946323070564,False,False,True,False,True,,1,,,False,False,False,False,,,False,False,False,False,-2987.0,-335.6927454959863,False,False,False,False,612.9978713260615,False,False,False,False
2025-02-11 18:00:00+00:00,21.695,21.73,21.685,21.71,19.0,,,,,,,,,,,,,,,,,,,,,,,,,,"rgba(38, 166, 154, 1.0)",0.0,0.0,,,,0.0,0.0,0.0,0.0,0.0,0.0,0.0,0.0,67.53403559777917,-5.3467313084024255,False,False,True,False,True,,1,,,False,False,False,False,,,False,False,False,False,-2968.0,-376.503710682095,False,False,False,False,603.7886020031768,False,False,False,False
2025-02-11 19:00:00+00:00,21.71,21.765,21.705,21.745,400.0,,,,,,,,,,,,,,,,,,,,,,,,,,"rgba(38, 166, 154, 1.0)",0.0,0.0,,,,0.0,0.0,0.0,0.0,0.0,0.0,0.0,0.0,69.8910242336116,-0.3304749712722881,False,False,True,False,True,,1,,,False,False,False,False,,,False,False,False,False,-2568.0,-410.48039733818655,False,False,False,False,600.6290887938252,False,False,False,False
2025-02-11 20:00:00+00:00,21.745,21.795,21.745,21.78,3596.0,,,,,,,,,,,,,,,,,,,,,,,,,,"rgba(38, 166, 154, 1.0)",0.0,0.0,,21.773333333333337,,0.0,0.0,0.0,0.0,0.0,0.0,0.0,0.0,73.11372229727057,5.080744583046666,False,False,True,False,True,,0,,,False,False,False,False,,,False,False,False,False,1028.0,-388.1783756740286,False,False,False,False,647.0689478822931,False,False,False,False
2025-02-12 15:00:00+00:00,21.55,21.62,21.515,21.59,119.0,,,,,,,,,,,,,,,,,,,,,,,,,,"rgba(239, 83, 80, 1.0)",0.0,0.0,,21.766980260206374,,0.0,0.0,0.0,0.0,0.0,0.0,0.0,0.0,60.8442221933064,5.080744583046666,False,False,True,False,False,,0,,,False,False,False,False,,,False,False,False,False,909.0,-368.06708302791964,False,False,False,False,638.8818324112498,False,False,False,False
2025-02-12 16:00:00+00:00,21.585,21.595,21.505,21.585,300.0,,,,,,,,,,,,,,,,,,,,,,,,,,"rgba(239, 83, 80, 1.0)",0.0,0.0,,21.656652968036532,,0.0,0.0,0.0,0.0,0.0,0.0,0.0,0.0,52.4728574855597,19.189615998477436,False,False,False,False,False,,0,,,False,False,False,False,,,False,False,False,False,609.0,-352.9187561592697,False,False,False,False,633.6278505134009,False,False,False,False
2025-02-12 17:00:00+00:00,21.58,21.66,21.565,21.645,300.0,,,,,,,,,,,,,,,,,,,,,,,,,,"rgba(239, 83, 80, 1.0)",0.0,0.0,,21.667609405175746,,0.0,0.0,0.0,0.0,0.0,0.0,0.0,0.0,50.666153893823044,16.62534676196654,False,False,False,False,False,,0,,,False,False,False,False,,,False,False,False,False,909.0,-333.35412428083146,False,False,False,False,628.4553256992396,False,False,False,False
2025-02-12 18:00:00+00:00,21.645,21.645,21.615,21.62,928.0,,,,,,,,,,,,,,,,,,,,,,,,,,"rgba(239, 83, 80, 1.0)",0.0,0.0,,21.667714130350483,,0.0,0.0,0.0,0.0,0.0,0.0,0.0,0.0,48.26526389018437,13.341336031310476,False,False,False,True,False,,0,,,False,False,False,False,,,False,False,False,False,-19.0,-328.48041692764025,False,False,False,False,633.0994291767707,False,False,False,False
2025-02-12 19:00:00+00:00,21.615,21.66,21.57,21.635,110.0,,,,,,,,,,,,,,,,,,,,,,,,,,"rgba(239, 83, 80, 1.0)",0.0,0.0,,21.666964013423943,,0.0,0.0,0.0,0.0,0.0,0.0,0.0,0.0,47.58751103797545,11.563118313386283,False,False,False,True,False,,0,,,False,False,False,False,,,False,False,False,False,91.0,-321.9768445721729,False,False,False,False,624.9893605073634,False,False,False,False
2025-02-12 20:00:00+00:00,21.635,21.655,21.6,21.625,1527.0,,,,,,,,,,,,,,,,,,,,,,,,,,"rgba(239, 83, 80, 1.0)",0.0,0.0,,21.65969406652981,,0.0,0.0,0.0,0.0,0.0,0.0,0.0,0.0,46.58974528813499,9.40180733345565,False,False,False,True,False,,0,,,False,False,False,False,,,False,False,False,False,-1436.0,-339.2485214005113,False,False,False,False,638.9740215847685,False,False,False,False
2025-02-13 15:00:00+00:00,21.625,21.685,21.625,21.645,392.0,,,,,,,,,,,,,,,,,,,,,,,,,,"rgba(239, 83, 80, 1.0)",0.0,0.0,,21.66015231580967,,0.0,0.0,0.0,0.0,0.0,0.0,0.0,0.0,47.287977313831014,8.912711132650742,False,False,False,True,False,,0,,,False,False,False,False,,,False,False,False,False,-1044.0,-350.1749009136817,False,False,False,False,635.144966986555,False,False,False,False
2025-02-13 16:00:00+00:00,21.645,21.705,21.635,21.685,143.0,,,,,,,,,,,,,,,,,,,,,,,,,,"rgba(239, 83, 80, 1.0)",0.0,0.0,,21.660937227163103,,0.0,0.0,0.0,0.0,0.0,0.0,0.0,0.0,50.18996374952425,8.912711132650742,False,False,False,False,False,,0,,,False,False,False,False,,,False,False,False,False,-901.0,-358.71482493052383,False,False,False,False,627.5148124596316,False,False,False,False
2025-02-13 17:00:00+00:00,21.685,21.735,21.675,21.69,164.0,,,,,,,,,,,,,,,,,,,,,,,,,,"rgba(239, 83, 80, 1.0)",0.0,0.0,,21.66255751833505,,0.0,0.0,0.0,0.0,0.0,0.0,0.0,0.0,52.41267861125702,8.912711132650742,False,False,True,False,False,,0,,,False,False,False,False,,,False,False,False,False,-737.0,-364.5797113657095,False,False,False,False,620.3285362974667,False,False,False,False
2025-02-13 18:00:00+00:00,21.69,21.725,21.68,21.725,837.0,,,,,,,,,,,,,,,,,,,,,,,,,,"rgba(239, 83, 80, 1.0)",0.0,0.0,,21.67047238684317,,0.0,0.0,0.0,0.0,0.0,0.0,0.0,0.0,55.82053712934372,8.912711132650742,False,False,True,False,True,,0,,,False,False,False,False,,,False,False,False,False,100.0,-357.3769251429853,False,False,False,False,623.6877837967307,False,False,False,False
2025-02-13 19:00:00+00:00,21.725,21.8,21.715,21.765,1000.0,,,,,,,,,,,,,,,,,,,,,,,,,,"rgba(239, 83, 80, 1.0)",0.0,0.0,,21.684024121823292,,0.0,0.0,0.0,0.0,0.0,0.0,0.0,0.0,59.92206377212932,0.9311367725741064,False,False,True,False,True,,0,,,False,False,False,False,,,False,False,False,False,1100.0,-334.7819340554972,False,False,False,False,629.5220817223628,False,False,False,False
2025-02-13 20:00:00+00:00,21.765,21.825,21.76,21.815,1438.0,,,,,,,,,,,,,,,,,,,,,,,,,,"rgba(38, 166, 154, 1.0)",0.0,0.0,,21.704089887238204,,0.0,0.0,0.0,0.0,0.0,0.0,0.0,0.0,64.47554874910689,5.5979776249155435,False,False,True,False,True,,0,,,False,False,False,False,,,False,False,False,False,2538.0,-290.24267926393907,False,False,False,False,642.0566230910084,False,False,False,False
2025-02-14 15:00:00+00:00,21.94,21.95,21.855,21.86,1.0,,,,,,,,,,,,,,,,,,,,,,,,,,"rgba(38, 166, 154, 1.0)",0.0,0.0,,21.765518835918623,,0.0,0.0,0.0,0.0,0.0,0.0,0.0,0.0,68.81219453819588,9.928609440296164,False,False,True,False,True,,0,,,False,False,False,False,,,False,False,False,False,2539.0,-246.37845167845163,False,False,False,False,632.1177607175044,False,False,False,False
2025-02-14 16:00:00+00:00,21.855,21.905,21.81,21.855,0.0,,,,,,,,,,,,,,,,,,,,,,,,,,"rgba(38, 166, 154, 1.0)",0.0,0.0,,21.765518835918623,,0.0,0.0,0.0,0.0,0.0,0.0,0.0,0.0,71.23494729644617,12.460581383464053,False,False,True,False,True,,0,,,False,False,False,False,,,False,False,False,False,2539.0,-203.19428963692525,False,False,False,False,622.3174853575431,False,False,False,False
2025-02-14 17:00:00+00:00,21.855,21.855,21.785,21.795,2.0,,,,,,,,,,,,,,,,,,,,,,,,,,"rgba(38, 166, 154, 1.0)",0.0,0.0,,21.74849885745871,,0.0,0.0,0.0,0.0,0.0,0.0,0.0,0.0,67.86294182327947,12.460581383464053,False,False,True,False,True,,0,,,False,False,False,False,,,False,False,False,False,2537.0,-160.71065723945352,False,False,False,False,612.7001600031625,False,False,False,False
2025-02-14 18:00:00+00:00,21.795,21.815,21.785,21.805,73.0,,,,,,,,,,,,,,,,,,,,,,,,,,"rgba(38, 166, 154, 1.0)",0.0,0.0,,21.737675767603392,,0.0,0.0,0.0,0.0,0.0,0.0,0.0,0.0,66.07582627515093,12.460581383464053,False,False,True,False,False,,0,,,False,False,False,False,,,False,False,False,False,2610.0,-117.75390286364802,False,False,False,False,604.3327156620281,False,False,False,False
2025-02-14 19:00:00+00:00,21.805,21.805,21.785,21.785,0.0,,,,,,,,,,,,,,,,,,,,,,,,,,"rgba(38, 166, 154, 1.0)",0.0,0.0,,21.737675767603392,,0.0,0.0,0.0,0.0,0.0,0.0,0.0,0.0,63.34093274928444,12.460581383464053,False,False,True,False,False,,0,,,False,False,False,False,,,False,False,False,False,2610.0,-75.4631446797155,False,False,False,False,594.9632161943998,False,False,False,False
2025-02-14 20:00:00+00:00,21.785,21.805,21.725,21.75,1239.0,,,,,,,,,,,,,,,,,,,,,,,,,,"rgba(38, 166, 154, 1.0)",0.0,0.0,,21.728893401870337,,0.0,0.0,0.0,0.0,0.0,0.0,0.0,0.0,59.06220614523092,17.287383406188383,False,False,True,False,False,,0,,,False,False,False,False,,,False,False,False,False,1371.0,-53.03735949088269,False,False,False,False,604.9482826099904,False,False,False,False
2025-02-17 15:00:00+00:00,21.75,21.75,21.75,21.75,0.0,,,,,,,,,,,,,,,,,,,,,,,,,,"rgba(38, 166, 154, 1.0)",0.0,0.0,,21.728893401870337,,0.0,0.0,0.0,0.0,0.0,0.0,0.0,0.0,56.20972174252857,14.368466656251769,False,False,True,False,False,,0,,,False,False,False,False,,,False,False,False,False,1371.0,-30.959260894124824,False,False,False,False,595.5692394687502,False,False,False,False
2025-02-17 16:00:00+00:00,21.75,21.75,21.75,21.75,0.0,,,,,,,,,,,,,,,,,,,,,,,,,,"rgba(38, 166, 154, 1.0)",0.0,0.0,,21.728893401870337,,0.0,0.0,0.0,0.0,0.0,0.0,0.0,0.0,54.30806547406034,12.288109515851488,False,False,True,False,False,,0,,,False,False,False,False,,,False,False,False,False,1371.0,-9.223458399642269,False,False,False,False,586.3356078490797,False,False,False,False
2025-02-17 17:00:00+00:00,21.75,21.75,21.75,21.75,0.0,,,,,,,,,,,,,,,,,,,,,,,,,,"rgba(38, 166, 154, 1.0)",0.0,0.0,,21.728893401870337,,0.0,0.0,0.0,0.0,0.0,0.0,0.0,0.0,53.040294628414856,10.7135454350624,False,False,True,False,False,,0,,,False,False,False,False,,,False,False,False,False,1371.0,12.175354908879315,False,False,False,False,577.2451333087838,False,False,False,False
2025-02-17 18:00:00+00:00,21.75,21.75,21.75,21.75,0.0,,,,,,,,,,,,,,,,,,,,,,,,,,"rgba(38, 166, 154, 1.0)",0.0,0.0,,21.728893401870337,,0.0,0.0,0.0,0.0,0.0,0.0,0.0,0.0,52.19511406465119,9.449605224917299,False,False,False,False,False,,0,,,False,False,False,False,,,False,False,False,False,1371.0,33.24240366998196,False,False,False,False,568.29559635826,False,False,False,False
2025-02-17 19:00:00+00:00,21.75,21.75,21.75,21.75,0.0,,,,,,,,,,,,,,,,,,,,,,,,,,"rgba(38, 166, 154, 1.0)",0.0,0.0,,21.728893401870337,,0.0,0.0,0.0,0.0,0.0,0.0,0.0,0.0,51.63166035547542,8.384311066564337,False,False,False,False,False,,0,,,False,False,False,False,,,False,False,False,False,1371.0,53.982831520059754,False,False,False,False,559.4848119185971,False,False,False,False
2025-02-17 20:00:00+00:00,21.75,21.75,21.75,21.75,0.0,,,,,,,,,,,,,,,,,,,,,,,,,,"rgba(38, 166, 154, 1.0)",0.0,0.0,,21.728893401870337,,0.0,0.0,0.0,0.0,0.0,0.0,0.0,0.0,51.25602454935823,7.454954925141905,True,False,False,False,False,,0,,,False,False,False,False,,,False,False,False,False,1371.0,74.40170234920612,False,False,False,False,550.8106287880762,False,False,False,False
2025-02-18 15:00:00+00:00,21.86,21.955,21.85,21.935,197.0,,,,,,,,,,,,,,,,,,,,,,,,,,"rgba(38, 166, 154, 1.0)",0.0,0.0,,21.73806330792907,,0.0,0.0,0.0,0.0,0.0,0.0,0.0,0.0,60.99445661307281,4.424021260544379,True,False,True,False,True,,0,,,False,False,False,False,,,False,False,False,False,1568.0,97.55826510348199,False,False,False,False,545.3251926828347,False,False,False,False
2025-02-18 16:00:00+00:00,21.935,21.945,21.895,21.945,561.0,,,,,,,,,,,,,,,,,,,,,,,,,,"rgba(38, 166, 154, 1.0)",0.0,0.0,,21.758684367737008,,0.0,0.0,0.0,0.0,0.0,0.0,0.0,0.0,67.71789981987348,10.500174375649472,True,False,True,False,True,,0,,,False,False,False,False,,,False,False,False,False,2129.0,129.05348579955205,False,False,False,False,545.5682129513178,False,False,False,False
2025-02-18 17:00:00+00:00,21.945,22.0,21.935,21.955,1228.0,,,,,,,,,,,,,,,,,,,,,,,,,,"rgba(38, 166, 154, 1.0)",0.0,0.0,,21.79240400569181,,0.0,0.0,0.0,0.0,0.0,0.0,0.0,0.0,72.44137558294665,14.625745921499117,True,False,True,False,True,,0,,,False,False,False,False,,,False,False,False,False,3357.0,179.09916819025665,False,False,False,False,556.1485507350183,False,False,False,False
2025-02-18 18:00:00+00:00,21.955,21.985,21.955,21.955,709.0,,,,,,,,,,,,,,,,,,,,,,,,,,"rgba(38, 166, 154, 1.0)",0.0,0.0,,21.805680173581493,,0.0,0.0,0.0,0.0,0.0,0.0,0.0,0.0,75.59035942499543,17.389797866777855,True,False,True,False,True,,0,,,False,False,False,False,,,False,False,False,False,3357.0,228.3689485283922,False,False,False,False,558.5183406461032,False,False,False,False
2025-02-18 19:00:00+00:00,21.955,21.995,21.92,21.985,134.0,,,,,,,,,,,,,,,,,,,,,,,,,,"rgba(38, 166, 154, 1.0)",0.0,0.0,,21.807913248050372,,0.0,0.0,0.0,0.0,0.0,0.0,0.0,0.0,78.45815174773898,20.052477005642942,True,False,True,False,True,,0,,,False,False,False,False,,,False,False,False,False,3491.0,278.95237568299075,False,False,False,False,551.9366609461636,False,False,False,False
2025-02-18 20:00:00+00:00,21.985,22.065,21.975,22.04,820.0,,,,,,,,,,,,,,,,,,,,,,,,,,"rgba(38, 166, 154, 1.0)",0.0,0.0,,21.825695087174456,,0.0,0.0,0.0,0.0,0.0,0.0,0.0,0.0,81.46560504958482,22.96413952930581,True,False,True,False,True,,0,,,False,False,False,False,,,False,False,False,False,4311.0,341.46474195147147,False,False,False,False,556.092681706688,False,False,False,False
2025-02-19 15:00:00+00:00,21.98,22.06,21.975,22.025,288.0,,,,,,,,,,,,,,,,,,,,,,,,,,"rgba(38, 166, 154, 1.0)",0.0,0.0,,21.83088689972409,,0.0,0.0,0.0,0.0,0.0,0.0,0.0,0.0,81.72172665134758,23.47340149366636,True,False,True,False,True,,0,,,False,False,False,False,,,False,False,False,False,4023.0,398.54280796772775,False,False,False,False,551.9362060213131,False,False,False,False
2025-02-19 16:00:00+00:00,22.025,22.05,22.015,22.025,0.0,,,,,,,,,,,,,,,,,,,,,,,,,,"rgba(38, 166, 154, 1.0)",0.0,0.0,,21.83088689972409,,0.0,0.0,0.0,0.0,0.0,0.0,0.0,0.0,81.89247438585608,24.119017293093833,True,False,True,False,True,20.0,0,,,False,False,False,False,,,False,False,False,False,4023.0,454.735942727918,False,False,False,False,543.3790555403625,False,False,False,False
2025-02-19 17:00:00+00:00,22.025,22.04,21.975,21.985,0.0,,,,,,,,,,,,,,,,,,,,,,,,,,"rgba(38, 166, 154, 1.0)",0.0,0.0,,21.83088689972409,,0.0,0.0,0.0,0.0,0.0,0.0,0.0,0.0,77.39193626203381,24.119017293093833,True,False,True,False,False,20.0,0,,,False,False,False,False,,,False,False,False,False,4023.0,510.05786609647737,False,False,False,False,534.9545740591166,False,False,False,False
2025-02-19 18:00:00+00:00,21.99,22.015,21.985,22.01,100.0,,,,,,,,,,,,,,,,,,,,,,,,,,"rgba(38, 166, 154, 1.0)",0.0,0.0,,21.83242698643309,,0.0,0.0,0.0,0.0,0.0,0.0,0.0,0.0,75.50670286746558,24.119017293093833,True,False,True,False,False,20.0,0,,,False,False,False,False,,,False,False,False,False,4123.0,566.0724728236637,False,False,False,False,528.2110922907582,False,False,False,False
2025-02-19 19:00:00+00:00,22.01,22.095,21.995,22.075,501.0,,,,,,,,,,,,,,,,,,,,,,,,,,"rgba(38, 166, 154, 1.0)",0.0,0.0,,21.84231852799275,,0.0,0.0,0.0,0.0,0.0,0.0,0.0,0.0,76.47697350411383,24.119017293093833,True,False,True,False,False,20.0,0,,,False,False,False,False,,,False,False,False,False,4624.0,628.9860778961649,False,False,False,False,527.7892148909015,False,False,False,False
2025-02-19 20:00:00+00:00,22.075,22.115,22.06,22.075,1200.0,,,,,,,,,,,,,,,,,,,,,,,,,,"rgba(38, 166, 154, 1.0)",0.0,0.0,,21.919785821342614,,0.0,0.0,0.0,0.0,0.0,0.0,0.0,0.0,77.12382059521266,24.119017293093833,True,False,True,False,False,20.0,0,,,False,False,False,False,,,False,False,False,False,4624.0,690.92427823886,False,False,False,False,538.2110875282518,False,False,False,False
2025-02-20 15:00:00+00:00,22.025,22.03,21.965,21.985,0.0,,,,,,,,,,,,,,,,,,,,,,,,,,"rgba(38, 166, 154, 1.0)",0.0,0.0,,21.919785821342614,,0.0,0.0,0.0,0.0,0.0,0.0,0.0,0.0,69.89857381898288,26.690685770646567,True,False,True,False,False,18.573554108744048,0,,,False,False,False,False,,,False,False,False,False,4624.0,751.9021964056993,False,False,False,False,529.8667295820774,False,False,False,False
2025-02-20 16:00:00+00:00,21.98,21.985,21.935,21.94,52.0,,,,,,,,,,,,,,,,,,,,,,,,,,"rgba(38, 166, 154, 1.0)",0.0,0.0,,21.91864519438817,,0.0,0.0,0.0,0.0,0.0,0.0,0.0,0.0,62.46724989607294,19.84582643131982,False,False,True,False,False,14.35266336009175,0,,,False,False,False,False,,,False,False,False,False,4572.0,811.128518942045,False,False,False,False,522.4579430769289,False,False,False,False
2025-02-20 17:00:00+00:00,21.94,21.995,21.935,21.985,448.0,,,,,,,,,,,,,,,,,,,,,,,,,,"rgba(38, 166, 154, 1.0)",0.0,0.0,,21.91391729876602,,0.0,0.0,0.0,0.0,0.0,0.0,0.0,0.0,59.91082500859551,17.625238304673502,False,True,True,False,False,17.021323140736662,0,,,False,False,False,False,,,False,False,False,False,5020.0,876.3823403537963,False,False,False,False,521.303556362558,False,False,False,False
2025-02-20 18:00:00+00:00,21.985,22.015,21.945,21.975,250.0,,,,,,,,,,,,,,,,,,,,,,,,,,"rgba(38, 166, 154, 1.0)",0.0,0.0,,21.91293602347549,,0.0,0.0,0.0,0.0,0.0,0.0,0.0,0.0,57.60041043251243,15.45222418128752,False,True,True,False,False,16.11220682215758,0,,,False,False,False,False,,,False,False,False,False,4770.0,936.7485056196289,False,False,False,False,517.0972996747664,False,False,False,False
2025-02-20 19:00:00+00:00,21.975,22.04,21.975,22.025,0.0,,,,,,,,,,,,,,,,,,,,,,,,,,"rgba(38, 166, 154, 1.0)",0.0,0.0,,21.91293602347549,,0.0,0.0,0.0,0.0,0.0,0.0,0.0,0.0,58.525524765174694,15.45222418128752,False,True,True,False,False,18.938019346826653,0,,,False,False,False,False,,,False,False,False,False,4770.0,996.1787613464563,False,False,False,False,509.080287276708,False,False,False,False
2025-02-20 20:00:00+00:00,22.025,22.065,22.015,22.02,434.0,,,,,,,,,,,,,,,,,,,,,,,,,,"rgba(38, 166, 154, 1.0)",0.0,0.0,,21.916200581863134,,0.0,0.0,0.0,0.0,0.0,0.0,0.0,0.0,58.79232545317659,15.45222418128752,False,True,True,False,False,18.48028655570033,0,,,False,False,False,False,,,False,False,False,False,4336.0,1047.958935589147,False,False,False,False,507.9162518150536,False,False,False,False
2025-02-21 15:00:00+00:00,21.995,22.025,21.965,21.975,400.0,,,,,,,,,,,,,,,,,,,,,,,,,,"rgba(38, 166, 154, 1.0)",0.0,0.0,,21.916446206811386,,0.0,0.0,0.0,0.0,0.0,0.0,0.0,0.0,56.009826393553254,13.109429860737798,False,True,True,False,False,14.476278231755437,0,,,False,False,False,False,,,False,False,False,False,3936.0,1092.7347660451292,False,False,False,False,506.24313163187446,False,False,False,False
2025-02-21 16:00:00+00:00,21.975,22.025,21.975,22.025,331.0,,,,,,,,,,,,,,,,,,,,,,,,,,"rgba(38, 166, 154, 1.0)",0.0,0.0,,21.917827249108395,,0.0,0.0,0.0,0.0,0.0,0.0,0.0,0.0,56.75860166856716,13.109429860737798,False,True,True,False,False,17.279370603918363,0,,,False,False,False,False,,,False,False,False,False,4267.0,1141.9481805250496,False,False,False,False,503.5261838546361,False,False,False,False
2025-02-21 17:00:00+00:00,22.025,22.025,21.955,21.955,200.0,,,,,,,,,,,,,,,,,,,,,,,,,,"rgba(38, 166, 154, 1.0)",0.0,0.0,,21.91789683606916,,0.0,0.0,0.0,0.0,0.0,0.0,0.0,0.0,53.39562906176084,9.955932561879791,False,True,True,False,False,11.552796959755508,0,,,False,False,False,False,,,False,False,False,False,4067.0,1187.2978211370641,False,False,False,False,498.8203515468122,False,False,False,False
2025-02-21 18:00:00+00:00,21.955,21.98,21.885,21.905,2447.0,,,,,,,,,,,,,,,,,,,,,,,,,,"rgba(38, 166, 154, 1.0)",0.0,0.0,,21.909647597149295,,0.0,0.0,0.0,0.0,0.0,0.0,0.0,0.0,49.00998479246849,5.637933836213463,False,True,False,True,False,7.807338858393944,0,,,False,False,False,False,,,False,False,False,False,1620.0,1194.0063820496678,False,False,False,False,529.0246871817453,False,False,False,False
2025-02-21 19:00:00+00:00,21.905,21.935,21.86,21.89,10.0,,,,,,,,,,,,,,,,,,,,,,,,,,"rgba(239, 83, 80, 1.0)",0.0,0.0,,21.909607175377136,,0.0,0.0,0.0,0.0,0.0,0.0,0.0,0.0,45.49015206791522,2.248259570286386,False,True,False,True,False,6.724727703136757,0,,,False,False,False,False,,,False,False,False,False,1610.0,1200.455895506262,False,False,False,False,520.9777928068345,False,False,False,False
2025-02-21 20:00:00+00:00,21.885,21.955,21.875,21.885,270.0,,,,,,,,,,,,,,,,,,,,,,,,,,"rgba(239, 83, 80, 1.0)",0.0,0.0,,21.90880148066765,,0.0,0.0,0.0,0.0,0.0,0.0,0.0,0.0,42.933505408193184,-0.2397453100375273,False,True,False,True,False,6.362915806039478,0,,,False,False,False,False,,,False,False,False,False,1340.0,1202.619369994537,False,False,False,False,517.0866642361858,False,False,False,False
2025-02-24 15:00:00+00:00,21.825,21.935,21.755,21.925,6172.0,,,,,,,,,,,,,,,,,,,,,,,,,,"rgba(239, 83, 80, 1.0)",0.0,0.0,,21.886676856940788,,0.0,0.0,0.0,0.0,0.0,0.0,0.0,0.0,43.8936964569645,-0.2397453100375273,False,True,False,True,False,8.756967255692683,0,,,False,False,False,False,,,False,False,False,False,7512.0,1300.4392247233038,False,False,False,False,604.7597392092682,False,False,False,False
2025-02-24 16:00:00+00:00,21.925,21.955,21.9,21.91,953.0,,,,,,,,,,,,,,,,,,,,,,,,,,"rgba(239, 83, 80, 1.0)",0.0,0.0,,21.88881983886873,,0.0,0.0,0.0,0.0,0.0,0.0,0.0,0.0,43.74817021881118,-0.2397453100375273,False,True,False,True,False,7.6537967209321245,0,,,False,False,False,False,,,False,False,False,False,6559.0,1381.9672987586014,False,False,False,False,610.1588130199773,False,False,False,False
2025-02-24 17:00:00+00:00,21.905,21.94,21.895,21.915,2921.0,,,,,,,,,,,,,,,,,,,,,,,,,,"rgba(239, 83, 80, 1.0)",0.0,0.0,,21.89272782582476,,0.0,0.0,0.0,0.0,0.0,0.0,0.0,0.0,44.00788516751577,-0.2397453100375273,False,True,False,True,False,7.954159572332159,0,,,False,False,False,False,,,False,False,False,False,9480.0,1507.5181933514912,False,False,False,False,645.9858081669544,False,False,False,False
2025-02-24 18:00:00+00:00,21.915,21.945,21.895,21.895,300.0,,,,,,,,,,,,,,,,,,,,,,,,,,"rgba(239, 83, 80, 1.0)",0.0,0.0,,21.892964037477096,,0.0,0.0,0.0,0.0,0.0,0.0,0.0,0.0,43.01608464863187,-1.495396879617644,False,True,False,True,False,6.471059750345045,0,,,False,False,False,False,,,False,False,False,False,9180.0,1626.471399656119,False,False,False,False,640.6216871101024,False,False,False,False
2025-02-24 19:00:00+00:00,21.895,21.925,21.89,21.905,815.0,,,,,,,,,,,,,,,,,,,,,,,,,,"rgba(239, 83, 80, 1.0)",0.0,0.0,,21.89335874604225,,0.0,0.0,0.0,0.0,0.0,0.0,0.0,0.0,43.18598050985726,-1.7980770880923131,False,True,False,True,False,7.09051025482848,0,,,False,False,False,False,,,False,False,False,False,9995.0,1756.2160291188147,False,False,False,False,643.3252268448294,False,False,False,False
2025-02-24 20:00:00+00:00,21.905,21.915,21.835,21.845,1105.0,,,,,,,,,,,,,,,,,,,,,,,,,,"rgba(239, 83, 80, 1.0)",0.0,0.0,,21.89165242371768,,0.0,0.0,0.0,0.0,0.0,0.0,0.0,0.0,40.07781728713805,-5.0985103692296505,False,True,False,True,False,2.7856669334327187,0,,,False,False,False,False,,,False,False,False,False,8890.0,1866.8173309929416,False,False,False,False,650.4829752658397,False,False,False,False
2025-02-25 15:00:00+00:00,21.945,21.985,21.875,21.955,2059.0,,,,,,,,,,,,,,,,,,,,,,,,,,"rgba(239, 83, 80, 1.0)",0.0,0.0,,21.895453299417255,,0.0,0.0,0.0,0.0,0.0,0.0,0.0,0.0,44.93051870948605,-10.06242404524815,False,True,False,True,True,9.23716106549141,1,,,False,False,False,False,,,False,False,False,False,10949.0,2007.626364620958,False,False,False,False,672.3204485175321,False,False,False,False
2025-02-25 16:00:00+00:00,21.955,21.985,21.915,21.955,1814.0,,,,,,,,,,,,,,,,,,,,,,,,,,"rgba(239, 83, 80, 1.0)",0.0,0.0,,21.899202542516832,,0.0,0.0,0.0,0.0,0.0,0.0,0.0,0.0,48.16565299105139,-7.0594185447551965,False,True,False,False,True,9.23716106549141,1,,,False,False,False,False,,,False,False,False,False,10949.0,2146.2523124562917,False,False,False,False,690.020906680051,False,False,False,False
2025-02-25 17:00:00+00:00,21.955,21.99,21.925,21.985,2700.0,,,,,,,,,,,,,,,,,,,,,,,,,,"rgba(239, 83, 80, 1.0)",0.0,0.0,0.146933367260178,21.905272718126543,0.5426084174078817,0.0,0.0,0.0,0.0,0.0,0.0,0.0,0.0,51.80150030967097,-3.726715516451634,False,True,True,False,True,10.86425806130638,1,,,False,False,False,False,,,False,False,False,False,13649.0,2324.589485906582,False,False,False,False,721.183373243151,False,False,False,False
2025-02-25 18:00:00+00:00,21.985,22.025,21.94,21.975,3264.0,,,,,,,,,,,,,,,,,,,,,,,,,,"rgba(239, 83, 80, 1.0)",0.0,0.0,0.14619581463303286,21.912549076333203,0.427173129569795,0.0,0.0,0.0,0.0,0.0,0.0,0.0,0.0,53.52867634538179,-2.1451407970692458,False,True,True,False,True,10.147688391568096,1,,,False,False,False,False,,,False,False,False,False,10385.0,2449.5570907762476,False,False,False,False,760.6068868362804,False,False,False,False
2025-02-25 19:00:00+00:00,21.975,22.005,21.915,21.98,2641.0,,,,,,,,,,,,,,,,,,,,,,,,,,"rgba(239, 83, 80, 1.0)",0.0,0.0,0.14527070102596878,21.916394708015794,0.43783978142183216,0.0,0.0,0.0,0.0,0.0,0.0,0.0,0.0,54.95994318365182,-0.7232327993783656,False,True,True,False,True,10.422648794959645,1,,,False,False,False,False,,,False,False,False,False,13026.0,2613.53294983398,False,False,False,False,789.7602684357179,False,False,False,False
2025-02-25 20:00:00+00:00,21.975,22.005,21.915,21.945,1757.0,,,,,,,,,,,,,,,,,,,,,,,,,,"rgba(239, 83, 80, 1.0)",0.0,0.0,0.14448083510179308,21.918085506017256,0.18628418062355265,0.0,0.0,0.0,0.0,0.0,0.0,0.0,0.0,53.34670351126886,-0.7232327993783656,False,True,True,False,True,7.911730172037778,1,,,False,False,False,False,,,False,False,False,False,11269.0,2747.726237433453,False,False,False,False,804.7562332661718,False,False,False,False
2025-02-26 15:00:00+00:00,22.0,22.03,21.97,21.995,333.0,,,,,,,,,,,,,,,,,,,,,,,,,,"rgba(239, 83, 80, 1.0)",0.0,0.0,0.1440393152036072,21.93203837996158,0.4371141306067889,0.0,0.0,0.0,0.0,0.0,0.0,0.0,0.0,55.20299178249323,-0.34246452575859365,False,True,True,False,True,10.668248374432022,1,,,False,False,False,False,,,False,False,False,False,11602.0,2885.0017996437873,False,False,False,False,797.442183138014,False,False,False,False
2025-02-26 16:00:00+00:00,21.995,22.005,21.895,21.905,2106.0,,,,,,,,,,,,,,,,,,,,,,,,,,"rgba(239, 83, 80, 1.0)",0.0,0.0,0.1427710635128013,21.92350866198987,-0.12963874845836834,0.0,0.0,0.0,0.0,0.0,0.0,0.0,0.0,51.27326178818787,-0.34246452575859365,False,True,False,False,False,4.656742902390601,1,,,False,False,False,False,,,False,False,False,False,9496.0,2987.497895773341,False,False,False,False,817.7299012288975,False,False,False,False
2025-02-26 17:00:00+00:00,21.905,21.935,21.825,21.835,1519.0,,,,,,,,,,,,,,,,,,,,,,,,,,"rgba(239, 83, 80, 1.0)",0.0,0.0,0.1411386450165824,21.916691752178636,-0.5788049911421294,0.0,0.0,0.0,0.0,0.0,0.0,0.0,0.0,45.94524675956378,1.9959627027865707,False,True,False,True,False,0.45452925852585935,1,,,False,False,False,False,,,False,False,False,False,7977.0,3064.854517544297,False,False,False,False,828.6023058610075,False,False,False,False
2025-02-26 18:00:00+00:00,21.835,21.855,21.795,21.815,3037.0,,,,,,,,,,,,,,,,,,,,,,,,,,"rgba(239, 83, 80, 1.0)",0.0,0.0,0.13948156906239567,21.904379290682048,-0.640796424092875,0.0,0.0,0.0,0.0,0.0,0.0,0.0,0.0,41.72580011269795,-1.7979123045156271,False,True,False,True,False,0.0,0,,,False,False,False,False,,,False,False,False,False,4940.0,3093.926540528106,False,False,False,False,862.8410298011469,False,False,False,False
2025-02-26 19:00:00+00:00,21.815,21.885,21.785,21.845,911.0,,,,,,,,,,,,,,,,,,,,,,,,,,"rgba(239, 83, 80, 1.0)",0.0,0.0,0.13711549021776273,21.902442254103175,-0.41893336786345403,0.0,0.0,0.0,0.0,0.0,0.0,0.0,0.0,40.85601060722247,-2.5674085134342803,False,True,False,True,False,1.0266395880752128,0,,,False,False,False,False,,,False,False,False,False,5851.0,3136.6718654811584,False,False,False,False,863.5876805019043,False,False,False,False
2025-02-26 20:00:00+00:00,21.845,21.885,21.825,21.86,2005.0,,,,,,,,,,,,,,,,,,,,,,,,,,"rgba(239, 83, 80, 1.0)",0.0,0.0,0.13486773634307808,21.90007186290141,-0.2971197114147064,0.0,0.0,0.0,0.0,0.0,0.0,0.0,0.0,41.226941523581885,-2.5674085134342803,False,True,False,True,False,1.8720572020748811,0,,,False,False,False,False,,,False,False,False,False,7856.0,3209.839743535714,False,False,False,False,881.2839955328825,False,False,False,False
2025-02-27 15:00:00+00:00,21.82,21.865,21.765,21.815,741.0,,,,,,,,,,,,,,,,,,,,,,,,,,"rgba(239, 83, 80, 1.0)",0.0,0.0,0.13319608927516563,21.898257943084904,-0.6250779849316922,0.0,0.0,0.0,0.0,0.0,0.0,0.0,0.0,39.56423247333375,-4.214830871458197,False,True,False,True,False,0.0,0,,,False,False,False,False,,,False,False,False,False,7115.0,3270.384863790974,False,False,False,False,879.109049865706,False,False,False,False
2025-02-27 16:00:00+00:00,21.815,21.835,21.775,21.775,500.0,,,,,,,,,,,,,,,,,,,,,,,,,,"rgba(239, 83, 80, 1.0)",0.0,0.0,0.1317117040090692,21.896778782273433,-0.9245858839169613,0.0,0.0,0.0,0.0,0.0,0.0,0.0,0.0,37.00465380210553,-6.89136068762393,False,True,False,True,False,0.0,0,,,False,False,False,False,,,False,False,False,False,6615.0,3322.2393620267726,False,False,False,False,873.2313901778655,False,False,False,False
2025-02-27 17:00:00+00:00,21.78,21.855,21.755,21.805,596.0,,,,,,,,,,,,,,,,,,,,,,,,,,"rgba(239, 83, 80, 1.0)",0.0,0.0,0.12989208965504648,21.895285862410788,-0.6950836086366721,0.0,0.0,0.0,0.0,0.0,0.0,0.0,0.0,37.387803843455515,-6.89136068762393,False,True,False,True,False,0.0,0,,,False,False,False,False,,,False,False,False,False,7211.0,3382.5302246310084,False,False,False,False,868.9332290898365,False,False,False,False
2025-02-27 18:00:00+00:00,21.805,21.875,21.805,21.855,896.0,,,,,,,,,,,,,,,,,,,,,,,,,,"rgba(239, 83, 80, 1.0)",0.0,0.0,0.12817411440537935,21.894246093517534,-0.3061936000073232,0.0,0.0,0.0,0.0,0.0,0.0,0.0,0.0,40.677047319155534,-6.89136068762393,False,True,False,True,True,1.5783750418041187,0,,,False,False,False,False,,,False,False,False,False,8107.0,3455.777818047582,False,False,False,False,869.3528689489087,False,False,False,False
2025-02-27 19:00:00+00:00,21.855,21.875,21.775,21.81,2020.0,,,,,,,,,,,,,,,,,,,,,,,,,,"rgba(239, 83, 80, 1.0)",0.0,0.0,0.12736140674445928,21.890700108037638,-0.6336307842418698,0.0,0.0,0.0,0.0,0.0,0.0,0.0,0.0,40.827178069015915,-6.89136068762393,False,True,False,True,True,0.0,0,,,False,False,False,False,,,False,False,False,False,6087.0,3496.5719604034334,False,False,False,False,887.1923593528016,False,False,False,False
2025-02-27 20:00:00+00:00,21.805,21.805,21.745,21.745,5237.0,,,,,,,,,,,,,,,,,,,,,,,,,,"rgba(239, 83, 80, 1.0)",0.0,0.0,0.12662290614403074,21.86066782581486,-0.9134826338868787,0.0,0.0,0.0,0.0,0.0,0.0,0.0,0.0,38.54116157456055,-6.89136068762393,False,True,False,True,True,0.0,0,,,False,False,False,False,,,False,False,False,False,850.0,3455.539836986326,False,False,False,False,954.6312375023706,False,False,False,False
2025-02-28 15:00:00+00:00,21.99,22.01,21.9,21.985,1104.0,,,,,,,,,,,,,,,,,,,,,,,,,,"rgba(239, 83, 80, 1.0)",0.0,0.0,0.1262270583918912,21.867720809056834,0.9291129210906114,0.0,0.0,0.0,0.0,0.0,0.0,0.0,0.0,46.25293037781368,-9.51195817720793,False,True,False,True,True,7.340845773533818,0,,,False,False,False,False,,,False,False,False,False,1954.0,3432.260149591189,False,False,False,False,956.9470322697756,False,False,False,False
2025-02-28 16:00:00+00:00,21.98,21.985,21.945,21.965,1007.0,,,,,,,,,,,,,,,,,,,,,,,,,,"rgba(239, 83, 80, 1.0)",0.0,0.0,0.12600861546406578,21.87272640651403,0.7322800361399424,0.0,0.0,0.0,0.0,0.0,0.0,0.0,0.0,50.61596508518094,-5.6459631599610205,False,False,True,False,True,6.327002716851389,0,,,False,False,False,False,,,False,False,False,False,947.0,3393.728984481248,False,False,False,False,957.723047273345,False,False,False,False
2025-02-28 17:00:00+00:00,21.965,21.965,21.85,21.855,294.0,,,,,,,,,,,,,,,,,,,,,,,,,,"rgba(239, 83, 80, 1.0)",0.0,0.0,0.12561603156996726,21.873189015098458,-0.14479851712498978,0.0,0.0,0.0,0.0,0.0,0.0,0.0,0.0,49.771169837857315,-5.6459631599610205,False,False,False,False,True,1.0703709471308755,0,,,False,False,False,False,,,False,False,False,False,653.0,3351.2370622412286,False,False,False,False,947.4327674706574,False,False,False,False
2025-02-28 18:00:00+00:00,21.855,21.895,21.81,21.825,1925.0,,,,,,,,,,,,,,,,,,,,,,,,,,"rgba(239, 83, 80, 1.0)",0.0,0.0,0.12148287982300107,21.872686735420388,-0.3925387304768145,0.0,0.0,0.0,0.0,0.0,0.0,0.0,0.0,48.326201668323776,-5.6459631599610205,False,True,False,False,True,0.0,0,,,False,False,False,False,,,False,False,False,False,-1272.0,3279.558968252992,False,False,False,False,962.5888485951433,False,False,False,False
2025-02-28 19:00:00+00:00,21.825,21.925,21.825,21.915,490.0,,,,,,,,,,,,,,,,,,,,,,,,,,"rgba(239, 83, 80, 1.0)",0.0,0.0,0.11691615537378494,21.873231619759416,0.35725071618244997,0.0,0.0,0.0,0.0,0.0,0.0,0.0,0.0,50.21119463076286,-5.6459631599610205,False,False,False,False,True,3.5889408579459996,0,,,False,False,False,False,,,False,False,False,False,-782.0,3216.5890617684495,False,False,False,False,955.2618897021953,False,False,False,False
2025-02-28 20:00:00+00:00,21.915,22.075,21.915,22.07,2968.0,,,,,,,,,,,,,,,,,,,,,,,,,,"rgba(38, 166, 154, 1.0)",0.0,0.0,0.1159493520993191,21.886360062318413,1.5837944271071553,0.0,0.0,0.0,0.0,0.0,0.0,0.0,0.0,55.03873404974733,-1.4643410405564978,True,False,True,False,True,9.496115990561048,0,,,False,False,False,False,,,False,False,False,False,2186.0,3200.6109367797912,False,False,False,False,986.4671317223163,False,False,False,False
2025-03-03 15:00:00+00:00,22.175,22.255,22.16,22.185,100.0,,,,,,,,,,,,,,,,,,,,,,,,,22.199999999999996,"rgba(38, 166, 154, 1.0)",0.0,0.0,0.11718077202908733,21.926320033093727,2.2075291229695964,-1.0,22.255,22.16,0.0,0.0,0.0,0.0,0.0,60.17176594550589,3.299897094961082,True,False,True,False,True,13.356593856388049,0,,,False,False,False,False,,,False,False,False,False,2286.0,3186.4309222560737,False,False,False,False,972.7234552615051,False,False,False,False
2025-03-03 16:00:00+00:00,22.185,22.2,22.095,22.145,307.0,,,,,,,,,,,,,,,,,,,,,,,,,22.159770679770673,"rgba(38, 166, 154, 1.0)",0.0,0.0,0.11712978864228756,21.923186398434478,1.8937420116323864,0.0,0.0,0.0,0.0,0.0,0.0,0.0,0.0,62.18851431085371,5.1538173712416935,True,False,True,False,True,11.546261136749216,0,,,False,False,False,False,,,False,False,False,False,1979.0,3167.7110629962895,False,False,False,False,962.4021613814818,False,False,False,False
2025-03-03 17:00:00+00:00,22.145,22.215,22.135,22.155,1320.0,,,,,,,,,,,,,,,,,,,,,,,,,22.166315383130666,"rgba(38, 166, 154, 1.0)",0.0,0.0,0.1166518652129368,21.932248328891,1.9095423009515538,0.0,0.0,0.0,0.0,0.0,0.0,0.0,0.0,63.71940694162885,6.708798639520779,True,False,True,False,True,11.876194732167157,0,,,False,False,False,False,,,False,False,False,False,3299.0,3169.746550391696,False,False,False,False,967.946313918203,False,False,False,False
2025-03-03 18:00:00+00:00,22.155,22.155,22.035,22.055,100.0,,,,,,,,,,,,,,,,,,,,,,,,,22.161682174785618,"rgba(38, 166, 154, 1.0)",0.0,0.0,0.11405498910849983,21.932068387278342,1.0778275784561573,0.0,0.0,0.0,0.0,0.0,0.0,0.0,0.0,61.24512515065483,6.708798639520779,True,False,True,False,True,7.499037675996497,0,,,False,False,False,False,,,False,False,False,False,3199.0,3170.2000922460884,False,False,False,False,954.4897819194712,False,False,False,False
2025-03-03 19:00:00+00:00,22.05,22.09,21.96,21.975,760.0,,,,,,,,,,,,,,,,,,,,,,,,,22.116631877335394,"rgba(38, 166, 154, 1.0)",0.0,0.0,0.11131685156094236,21.928184408108294,0.42056158825223044,0.0,0.0,0.0,0.0,0.0,0.0,0.0,0.0,57.27231964537878,6.708798639520779,True,False,True,False,False,4.23992549490675,0,,,False,False,False,False,,,False,False,False,False,2439.0,3158.8636567073895,False,False,False,False,951.4744364633553,False,False,False,False
2025-03-03 20:00:00+00:00,21.965,21.965,21.845,21.95,319.0,,,,,,,,,,,,,,,,,,,,,,,,,22.095047029135124,"rgba(38, 166, 154, 1.0)",0.0,0.0,0.10836117452364363,21.92559660268357,0.22520425257208046,0.0,0.0,0.0,0.0,0.0,0.0,0.0,0.0,53.93797537341735,11.095610988646754,True,False,True,False,False,3.25414163143391,0,,,False,False,False,False,,,False,False,False,False,2120.0,3142.757243425104,False,False,False,False,941.6686312468692,False,False,False,False
2025-03-04 15:00:00+00:00,21.645,21.715,21.605,21.615,990.0,,,,,,,,,,,,,,,,,,,,,,,,,21.980687029431895,"rgba(239, 83, 80, 1.0)",0.0,0.0,0.11165019375605766,21.906078080152447,-2.6070539634567917,0.0,0.0,0.0,0.0,0.0,0.0,0.0,0.0,45.63241325945094,3.4031839521949507,False,True,False,True,False,0.0,0,,,False,False,False,False,,,False,False,False,False,1130.0,3111.5517047673507,False,False,False,False,942.4179547934293,False,False,False,False
2025-03-04 16:00:00+00:00,21.62,21.63,21.535,21.595,1074.0,,,,,,,,,,,,,,,,,,,,,,,,,21.895540576794097,"rgba(239, 83, 80, 1.0)",0.0,0.0,0.11631666934522782,21.88891957486475,-2.526891257455102,0.0,0.0,0.0,0.0,0.0,0.0,0.0,0.0,39.8508867937836,-1.7186142450060657,False,True,False,True,False,0.0,0,,,False,False,False,False,,,False,False,False,False,56.0,3064.1788101197944,False,False,False,False,944.4579865020582,False,False,False,False
2025-03-04 17:00:00+00:00,21.595,21.645,21.585,21.59,1443.0,,,,,,,,,,,,,,,,,,,,,,,,,21.830540568636625,"rgba(239, 83, 80, 1.0)",0.0,0.0,0.12159236284694133,21.873251653743523,-2.3295184591492495,0.0,0.0,0.0,0.0,0.0,0.0,0.0,0.0,35.92998524592513,-5.162419504708652,False,True,False,True,False,0.0,0,,,False,False,False,False,,,False,False,False,False,-1387.0,2995.1682859318903,False,False,False,False,952.187320044662,False,False,False,False
2025-03-04 18:00:00+00:00,21.59,21.675,21.585,21.655,300.0,,,,,,,,,,,,,,,,,,,,,,,,,21.821950940960328,"rgba(239, 83, 80, 1.0)",0.0,0.0,0.12493061137150185,21.870866769237114,-1.727893323079943,0.0,0.0,0.0,0.0,0.0,0.0,0.0,0.0,35.558825358410544,-5.547425589026659,False,True,False,True,False,0.0,0,,,False,False,False,False,,,False,False,False,False,-1087.0,2931.8788551422485,False,False,False,False,942.0758887261401,False,False,False,False
2025-03-04 19:00:00+00:00,21.65,21.73,21.65,21.705,5878.0,,,,,,,,,,,,,,,,,,,,,,,,,21.762684986630664,"rgba(239, 83, 80, 1.0)",0.0,0.0,0.1269212709084203,21.846835681205707,-1.117509147131455,0.0,0.0,0.0,0.0,0.0,0.0,0.0,0.0,36.93887844758865,-5.547425589026659,False,True,False,True,False,0.0,0,,,False,False,False,False,,,False,False,False,False,4791.0,2960.702438783454,False,False,False,False,1018.6018439396883,False,False,False,False
2025-03-04 20:00:00+00:00,21.705,21.75,21.44,21.44,2474.0,,,,,,,,,,,,,,,,,,,,,,,,,21.726662683925213,"rgba(239, 83, 80, 1.0)",0.0,0.0,0.137194607621291,21.830872627120215,-2.8490378295273073,0.0,0.0,0.0,0.0,0.0,0.0,0.0,0.0,33.77349121716425,-7.734540919955258,False,True,False,True,False,0.0,0,,,False,False,False,False,,,False,False,False,False,2317.0,2950.7225560116176,False,False,False,False,1041.1661564367473,False,False,False,False
2025-03-05 15:00:00+00:00,21.57,21.575,21.375,21.385,806.0,,,,,,,,,,,,,,,,,,,,,,,,,21.712358599542142,"rgba(239, 83, 80, 1.0)",0.0,0.0,0.14909486671002103,21.824418250396455,-2.9472392986613754,0.0,0.0,0.0,0.0,0.0,0.0,0.0,0.0,31.04816299761127,-10.63912701321594,False,True,False,True,False,0.0,0,,,False,False,False,False,,,False,False,False,False,1511.0,2928.401276073453,False,False,False,False,1037.5201695152473,False,False,False,False
2025-03-05 16:00:00+00:00,21.38,21.38,21.275,21.335,1400.0,,,,,,,,,,,,,,,,,,,,,,,,,21.6813643294154,"rgba(239, 83, 80, 1.0)",0.0,0.0,0.16197124647505928,21.75707271537327,-2.6058496465189576,0.0,0.0,0.0,0.0,0.0,0.0,0.0,0.0,28.682277891247715,-13.215657047682981,False,True,False,True,False,0.0,0,,,False,False,False,False,,,False,False,False,False,111.0,2884.7206361343297,False,False,False,False,1043.140011848344,False,False,False,False
2025-03-05 17:00:00+00:00,21.325,21.43,21.325,21.415,820.0,,,,,,,,,,,,,,,,,,,,,,,,,21.668157831702686,"rgba(239, 83, 80, 1.0)",0.0,0.0,0.17019220718760067,21.75366196884372,-1.9898794101096375,0.0,0.0,0.0,0.0,0.0,0.0,0.0,0.0,29.736201818050613,-13.215657047682981,False,True,False,True,False,0.0,0,,,False,False,False,False,,,False,False,False,False,931.0,2854.4303937136424,False,False,False,False,1039.6804767809278,False,False,False,False
2025-03-05 18:00:00+00:00,21.415,21.46,21.335,21.46,1303.0,,,,,,,,,,,,,,,,,,,,,,,,,21.651373191021275,"rgba(239, 83, 80, 1.0)",0.0,0.0,0.17640938260271227,21.74824353015161,-1.6339467090633977,0.0,0.0,0.0,0.0,0.0,0.0,0.0,0.0,31.83906680508076,-13.215657047682981,False,True,False,True,False,0.0,0,,,False,False,False,False,,,False,False,False,False,2234.0,2844.8113178421127,False,False,False,False,1043.7629500091305,False,False,False,False
2025-03-05 19:00:00+00:00,21.455,21.55,21.455,21.505,2268.0,,,,,,,,,,,,,,,,,,,,,,,,,21.63587349582987,"rgba(239, 83, 80, 1.0)",0.0,0.0,0.18101980878116922,21.744072840405963,-1.3206998837070558,0.0,0.0,0.0,0.0,0.0,0.0,0.0,0.0,34.623316088081125,-13.215657047682981,False,True,False,True,True,0.0,0,,,False,False,False,False,,,False,False,False,False,4502.0,2870.504165627506,False,False,False,False,1062.7433693888338,False,False,False,False
2025-03-05 20:00:00+00:00,21.505,21.55,21.41,21.465,2129.0,,,,,,,,,,,,,,,,,,,,,,,,,21.62147730934667,"rgba(239, 83, 80, 1.0)",0.0,0.0,0.18657962095297254,21.736298444388563,-1.4540625766248285,0.0,0.0,0.0,0.0,0.0,0.0,0.0,0.0,35.66366858220238,-13.215657047682981,False,True,False,True,True,0.0,0,,,False,False,False,False,,,False,False,False,False,2373.0,2862.79092274956,False,False,False,False,1079.274479940945,False,False,False,False
2025-03-06 15:00:00+00:00,21.305,21.475,21.295,21.475,400.0,,,,,,,,,,,,,,,,,,,,,,,,,21.618063191545065,"rgba(239, 83, 80, 1.0)",0.0,0.0,0.19162232938026066,21.73414116203535,-1.3523536785793968,0.0,0.0,0.0,0.0,0.0,0.0,0.0,0.0,36.70665836832654,-13.215657047682981,False,True,False,True,True,0.0,0,,,False,False,False,False,,,False,False,False,False,2773.0,2861.3988154201097,False,False,False,False,1068.7430926550387,False,False,False,False
2025-03-06 16:00:00+00:00,21.475,21.545,21.41,21.415,1003.0,,,,,,,,,,,,,,,,,,,,,,,,,21.611637823820484,"rgba(239, 83, 80, 1.0)",0.0,0.0,0.19818473500547218,21.730073009078207,-1.5897945372508568,0.0,0.0,0.0,0.0,0.0,0.0,0.0,0.0,36.0822927907712,-13.215657047682981,False,True,False,True,True,0.0,0,,,False,False,False,False,,,False,False,False,False,1770.0,2844.4779035531315,False,False,False,False,1067.7238199006972,False,False,False,False
2025-03-06 17:00:00+00:00,21.415,21.455,21.385,21.435,1082.0,,,,,,,,,,,,,,,,,,,,,,,,,21.603952402699544,"rgba(239, 83, 80, 1.0)",0.0,0.0,0.20386395834848692,21.724934564421684,-1.422196286045169,0.0,0.0,0.0,0.0,0.0,0.0,0.0,0.0,36.46674498579216,-13.215657047682981,False,True,False,True,True,0.0,0,,,False,False,False,False,,,False,False,False,False,2852.0,2844.5945252034703,False,False,False,False,1067.9451560262678,False,False,False,False
2025-03-06 18:00:00+00:00,21.435,21.495,21.415,21.475,1168.0,,,,,,,,,,,,,,,,,,,,,,,,,21.597896808045473,"rgba(239, 83, 80, 1.0)",0.0,0.0,0.2084034764801422,21.720694129720187,-1.178934890482003,0.0,0.0,0.0,0.0,0.0,0.0,0.0,0.0,38.325317783111466,-16.88670493747602,False,True,False,True,True,0.0,0,,,False,False,False,False,,,False,False,False,False,4020.0,2862.81786589799,False,False,False,False,1069.4963939173333,False,False,False,False
2025-03-06 19:00:00+00:00,21.475,21.655,21.465,21.52,835.0,,,,,,,,,,,,,,,,,,,,,,,,,21.596384124851184,"rgba(239, 83, 80, 1.0)",0.0,0.0,0.2116068511638027,21.7194139152678,-0.9423792952404771,0.0,0.0,0.0,0.0,0.0,0.0,0.0,0.0,41.27146983357124,-13.80447289684325,False,True,False,True,True,0.0,0,,,False,False,False,False,,,False,False,False,False,4855.0,2893.70441061275,False,False,False,False,1065.860790910863,False,False,False,False
2025-03-06 20:00:00+00:00,21.52,21.675,21.515,21.625,1310.0,,,,,,,,,,,,,,,,,,,,,,,,,21.59676557729787,"rgba(239, 83, 80, 1.0)",0.0,0.0,0.21275439462542908,21.719019440649372,-0.44191538705887157,0.0,0.0,0.0,0.0,0.0,0.0,0.0,0.0,46.55158860725523,-8.762237097600355,False,False,False,False,True,0.0,0,,,False,False,False,False,,,False,False,False,False,6165.0,2944.4221716885213,False,False,False,False,1069.6458949277487,False,False,False,False
2025-03-07 15:00:00+00:00,21.805,21.93,21.765,21.82,1076.0,,,,,,,,,,,,,,,,,,,,,,,,,21.605241915321482,"rgba(38, 166, 154, 1.0)",0.0,0.0,0.21235958795070922,21.72388957161549,0.45258341905813904,0.0,0.0,0.0,0.0,0.0,0.0,0.0,0.0,54.10768618111203,-1.9014413565773225,True,False,True,False,True,1.8747492774476058,0,,,False,False,False,False,,,False,False,False,False,7241.0,3011.0357814297845,False,False,False,False,1069.744408184683,False,False,False,False
2025-03-07 16:00:00+00:00,21.82,21.835,21.75,21.795,325.0,,,,,,,,,,,,,,,,,,,,,,,,,21.607214477788535,"rgba(38, 166, 154, 1.0)",0.0,0.0,0.21174610838080324,21.724947168491575,0.33083409203650777,0.0,0.0,0.0,0.0,0.0,0.0,0.0,0.0,58.24232736426567,1.6151076367549209,True,False,True,False,True,1.1358429091851505,0,,,False,False,False,False,,,False,False,False,False,6916.0,3071.57786233785,False,False,False,False,1058.197983251587,False,False,False,False
2025-03-07 17:00:00+00:00,21.8,21.955,21.75,21.895,405.0,,,,,,,,,,,,,,,,,,,,,,,,,21.610561448213623,"rgba(38, 166, 154, 1.0)",0.0,0.0,0.21053595271921585,21.726832291099058,0.7987600537055116,0.0,0.0,0.0,0.0,0.0,0.0,0.0,0.0,62.66990486033404,5.469437170831192,True,False,True,False,True,3.9242801834098273,0,,,False,False,False,False,,,False,False,False,False,7321.0,3137.460376100054,False,False,False,False,1048.0708827360584,False,False,False,False
2025-03-07 18:00:00+00:00,21.895,21.995,21.895,21.995,475.0,,,,,,,,,,,,,,,,,,,,,,,,,21.61579442526932,"rgba(38, 166, 154, 1.0)",0.0,0.0,0.2102005048810606,21.729878610228525,1.2612785584006654,0.0,0.0,0.0,0.0,0.0,0.0,0.0,0.0,66.98978463163186,9.2784689769044,True,False,True,False,True,6.560653524657933,0,,,False,False,False,False,,,False,False,False,False,7796.0,3209.6857966256343,False,False,False,False,1039.1860628486775,False,False,False,False
2025-03-07 19:00:00+00:00,21.995,22.06,21.965,21.98,232.0,,,,,,,,,,,,,,,,,,,,,,,,,21.6185831100866,"rgba(38, 166, 154, 1.0)",0.0,0.0,0.20971662562387275,21.731511692117323,1.1848765310974532,0.0,0.0,0.0,0.0,0.0,0.0,0.0,0.0,69.27105537907738,11.31312257805071,True,False,True,False,True,6.1002137560339555,0,,,False,False,False,False,,,False,False,False,False,7564.0,3277.194543964772,False,False,False,False,1026.6715502463724,False,False,False,False
2025-03-07 20:00:00+00:00,21.98,22.025,21.93,21.97,405.0,,,,,,,,,,,,,,,,,,,,,,,,,21.623023656443227,"rgba(38, 166, 154, 1.0)",0.0,0.0,0.2095788784832738,21.73407469169928,1.1257112835420917,0.0,0.0,0.0,0.0,0.0,0.0,0.0,0.0,70.36124760076274,12.454777915977111,True,False,True,False,True,5.789949225076214,0,,,False,False,False,False,,,False,False,False,False,7159.0,3337.3775742908992,False,False,False,False,1017.0332316379015,False,False,False,False
2025-03-10 14:00:00+00:00,22.09,22.2,22.065,22.195,574.0,,,,,,,,,,,,,,,,,,,,,,,,,21.63222524510545,"rgba(38, 166, 154, 1.0)",0.0,0.0,0.21273216252596466,21.73958639320384,2.1407839857810655,0.0,0.0,0.0,0.0,0.0,0.0,0.0,0.0,73.89761948326145,15.986707792011643,True,False,True,False,True,11.378160245180545,0,,,False,False,False,False,,,False,False,False,False,7733.0,3405.526759185614,False,False,False,False,1010.1644993644456,False,False,False,False
2025-03-10 15:00:00+00:00,22.195,22.215,21.93,22.21,1015.0,,,,,,,,,,,,,,,,,,,,,,,,22.118333333333325,21.646696142264975,"rgba(38, 166, 154, 1.0)",0.0,0.0,0.21532508421429294,21.785148854195988,1.9730685226677913,-1.0,22.215,21.93,0.0,0.0,0.0,0.0,0.0,76.3979496773391,18.550598550194437,True,False,True,False,True,11.725707285227159,0,,,False,False,False,False,0.23286998112068785,0.23286998112068785,False,False,False,False,8748.0,3488.35580167886,False,False,False,False,1010.2394683665472,False,False,False,False
2025-03-10 16:00:00+00:00,22.21,22.21,22.21,22.21,0.0,,,,,,,,,,,,,,,,,,,,,,,,22.118333333333325,21.646696142264975,"rgba(38, 166, 154, 1.0)",0.0,0.0,0.21787207999935115,21.785148854195988,1.9500027071173047,0.0,0.0,0.0,0.0,0.0,0.0,0.0,0.0,78.06483647339086,20.405369472754103,True,False,True,False,True,11.72570728522717,0,1.0068522483940034,0.9366167023554611,False,False,False,False,0.3428281704881974,0.28784907580444263,False,False,False,False,8748.0,3569.9006729706607,False,False,False,False,994.5768409500115,False,False,False,False
2025-03-10 17:00:00+00:00,22.21,22.21,21.915,21.925,961.0,,,,,,,,,,,,,,,,,,,,,,,,22.06888917004048,21.65683795913322,"rgba(38, 166, 154, 1.0)",0.0,0.0,0.2174459236907654,21.785385321324163,0.6420662034317383,0.0,0.0,0.0,0.0,-1.0,22.21,21.945,0.0,69.64875815750304,27.723208468738036,True,False,True,False,False,3.2672898212317563,0,0.9818412162162153,0.9349662162162168,False,False,False,False,0.22332860316546396,0.2555888394849533,False,False,False,False,7787.0,3635.282057885844,False,False,False,False,994.056269772492,False,False,False,False
2025-03-10 18:00:00+00:00,21.925,21.945,21.735,21.745,705.0,,,,,,,,,,,,,,,,,,,,,,,,22.00037299515106,21.65982448781761,"rgba(239, 83, 80, 1.0)",0.0,0.0,0.21740229243675716,21.779725568388212,-0.15972954102272316,0.0,0.0,0.0,0.0,-1.0,21.915,21.88,0.0,60.52266329373986,19.452334397684666,True,False,True,False,False,0.0,0,0.9640618470539064,0.9569577935645639,False,False,False,False,0.05333659524200202,0.15446271736347766,False,False,False,False,7082.0,3688.7195453604822,False,False,False,False,989.5747772178797,False,False,False,False
2025-03-10 19:00:00+00:00,21.745,21.88,21.685,21.805,2442.0,,,,,,,,,,,,,,,,,,,,,,,,21.900093695100527,21.668145307646668,"rgba(239, 83, 80, 1.0)",0.0,0.0,0.2167456474203721,21.772671503777904,0.1491540734813271,0.0,0.0,0.0,0.0,0.0,0.0,0.0,0.0,55.77911432880265,15.373294792417653,True,False,True,False,False,0.14442183190227809,0,0.9566473988439299,0.9636663914120569,False,False,False,False,0.010283610050925897,0.08237316370720178,False,False,False,False,9524.0,3779.189009773498,False,False,False,False,1012.0929977261296,False,False,False,False
2025-03-11 14:00:00+00:00,21.625,21.68,21.415,21.42,1.0,,,,,,,,,,,,,,,,,,,,,,,,21.900016588602654,21.668141037386032,"rgba(239, 83, 80, 1.0)",0.0,0.0,0.22133385569242778,21.772660512613616,-1.593341929142922,0.0,0.0,0.0,0.0,0.0,0.0,0.0,0.0,47.453538146946485,7.921795000391434,False,False,False,True,False,0.0,0,0.9269662921348306,0.9699036918138048,False,False,False,False,-0.167002881691691,-0.04231485899224461,False,False,False,False,9523.0,3868.240342955304,False,False,False,False,996.4171372962671,False,False,False,False
2025-03-11 15:00:00+00:00,21.415,21.515,21.395,21.445,3.0,,,,,,,,,,,,,,,,,,,,,,,,21.899754242246928,21.668124040340594,"rgba(239, 83, 80, 1.0)",0.0,0.0,0.22446105623418677,21.772621975408807,-1.459593841824344,0.0,0.0,0.0,0.0,0.0,0.0,0.0,0.0,42.453516151217755,3.5624538195889457,False,True,False,True,False,0.0,0,0.9266347687400309,0.9824561403508778,False,False,False,False,-0.23910044571643735,-0.140707652354341,False,False,False,False,9526.0,3955.957546940493,False,False,False,False,981.0153212141544,False,False,False,False
2025-03-11 16:00:00+00:00,21.445,21.455,21.325,21.345,700.0,,,,,,,,,,,,,,,,,,,,,,,,21.83671529088725,21.66285039923238,"rgba(239, 83, 80, 1.0)",0.0,0.0,0.22980498979207256,21.762676966111336,-1.8175278373600625,0.0,0.0,0.0,0.0,0.0,0.0,0.0,0.0,38.07125979117441,-0.4158986896321153,False,True,False,True,False,0.0,0,0.9244532803180906,0.9884691848906569,False,False,False,False,-0.2912205240316531,-0.21596408819299706,False,False,False,False,8826.0,4031.4620810964543,False,False,False,False,976.6584945286636,False,False,False,False
2025-03-11 17:00:00+00:00,21.34,21.375,21.295,21.32,300.0,,,,,,,,,,,,,,,,,,,,,,,,21.811904684184753,21.660303594504523,"rgba(239, 83, 80, 1.0)",0.0,0.0,0.2358571678020515,21.758465360960592,-1.8590291957062082,0.0,0.0,0.0,0.0,0.0,0.0,0.0,0.0,34.89042613141835,-3.480664179654056,False,True,False,True,False,0.0,0,0.9221913457721311,0.9920603414053203,False,False,False,False,-0.3365466797833931,-0.27625538398819505,False,False,False,False,8526.0,4101.144839529067,False,False,False,False,966.1676651561261,False,False,False,False
2025-03-11 18:00:00+00:00,21.325,21.55,21.32,21.51,0.0,,,,,,,,,,,,,,,,,,,,,,,,21.811904684184753,21.660303594504523,"rgba(239, 83, 80, 1.0)",0.0,0.0,0.23678187780668375,21.758465360960592,-1.0493428097713022,0.0,0.0,0.0,0.0,0.0,0.0,0.0,0.0,37.176911414227966,-3.480664179654056,False,True,False,True,False,0.0,0,0.9245209229565889,0.9777082518576462,False,False,False,False,-0.25498982570491074,-0.26562260484655287,False,False,False,False,8526.0,4169.747245117764,False,False,False,False,951.1883215102946,False,False,False,False
2025-03-11 19:00:00+00:00,21.515,21.55,21.37,21.385,1163.0,,,,,,,,,,,,,,,,,,,,,,,,21.751775720164606,21.653813091905906,"rgba(239, 83, 80, 1.0)",0.0,0.0,0.24070725369623536,21.74773018792277,-1.5069350106936186,0.0,0.0,0.0,0.0,0.0,0.0,0.0,0.0,37.025317679336695,-3.480664179654056,False,True,False,True,False,0.0,0,0.926857585139318,0.9806501547987622,False,False,False,False,-0.23514683841972833,-0.25038472163314063,False,False,False,False,7363.0,4219.2550397671,False,False,False,False,954.472223502383,False,False,False,False
2025-03-12 14:00:00+00:00,21.165,21.195,21.085,21.1,232.0,,,,,,,,,,,,,,,,,,,,,,,,21.73249556855446,21.65080104918356,"rgba(239, 83, 80, 1.0)",0.0,0.0,0.2530452012464887,21.743844719053726,-2.5443862040543586,0.0,0.0,0.0,0.0,0.0,0.0,0.0,0.0,34.03551215020718,-5.533219740859039,False,True,False,True,False,0.0,0,0.9173616376042448,0.9939347990902203,False,False,False,False,-0.34282825441539394,-0.29660648802426726,False,False,False,False,7131.0,4264.398372483889,False,False,False,False,943.2711037581599,False,False,False,False
2025-03-12 15:00:00+00:00,21.1,21.185,21.075,21.165,1010.0,,,,,,,,,,,,,,,,,,,,,,,,21.662554500703234,21.638443715505574,"rgba(239, 83, 80, 1.0)",0.0,0.0,0.26235211192333285,21.728758616828728,-2.1488625065594125,0.0,0.0,0.0,0.0,0.0,0.0,0.0,0.0,33.41150430231271,-6.824452438332138,False,True,False,True,False,0.0,0,0.9187759727993947,0.9954665659236879,False,False,False,False,-0.34282825441539394,-0.31971737121983057,False,False,False,False,8141.0,4324.500723298092,False,False,False,False,944.3056602890412,False,False,False,False
2025-03-12 16:00:00+00:00,21.16,21.22,21.125,21.125,813.0,,,,,,,,,,,,,,,,,,,,,,,,21.618543071161046,21.629211529093798,"rgba(239, 83, 80, 1.0)",0.0,0.0,0.27224210873002047,21.718247105436387,-2.1791158913799897,0.0,0.0,0.0,0.0,0.0,0.0,0.0,0.0,32.58784006514694,-8.383335885885856,False,True,False,True,False,0.0,0,0.9252830188679239,0.9913207547169818,False,False,False,False,-0.3139516502991713,-0.316834510759501,False,False,False,False,7328.0,4371.066603557037,False,False,False,False,942.2699136178932,False,False,False,False
2025-03-12 17:00:00+00:00,21.13,21.275,21.125,21.185,801.0,,,,,,,,,,,,,,,,,,,,,,,,21.585105460279912,21.621165552393954,"rgba(239, 83, 80, 1.0)",0.0,0.0,0.2793989365866815,21.709489574711938,-1.8772067679263347,0.0,0.0,0.0,0.0,0.0,0.0,0.0,0.0,33.42673872100007,-8.383335885885856,False,True,False,True,False,0.0,0,0.9198501872659167,0.9910112359550569,False,False,False,False,-0.29553608422541655,-0.30618529749245876,False,False,False,False,8129.0,4429.329136835222,False,False,False,False,940.0796823990111,False,False,False,False
2025-03-12 18:00:00+00:00,21.185,21.315,21.185,21.295,1791.0,,,,,,,,,,,,,,,,,,,,,,,,21.537077573929796,21.606995831297112,"rgba(239, 83, 80, 1.0)",0.0,0.0,0.28355810374277973,21.694806173164125,-1.4099620779196413,0.0,0.0,0.0,0.0,0.0,0.0,0.0,0.0,36.37861067887501,-8.383335885885856,False,True,False,True,False,0.0,0,0.9239940387481363,0.9895678092399409,False,False,False,False,-0.26253671526293315,-0.28436100637769596,False,False,False,False,9920.0,4514.455816884288,False,False,False,False,953.2722454625923,False,False,False,False
2025-03-12 19:00:00+00:00,21.295,21.295,21.175,21.19,1196.0,,,,,,,,,,,,,,,,,,,,,,,,21.50820185791517,21.596980532594742,"rgba(239, 83, 80, 1.0)",0.0,0.0,0.2897759619225016,21.684954381633577,-1.7080587994595218,0.0,0.0,0.0,0.0,0.0,0.0,0.0,0.0,36.85021320989381,-8.383335885885856,False,True,False,True,True,0.0,0,0.9236754353464239,0.9899962949240464,False,False,False,False,-0.27237494472294066,-0.27836797555031834,False,False,False,False,8724.0,4579.720067785306,False,False,False,False,957.0354664631723,False,False,False,False
2025-03-13 14:00:00+00:00,21.365,21.39,21.175,21.195,615.0,,,,,,,,,,,,,,,,,,,,,,,,21.496800625545532,21.592467452504504,"rgba(239, 83, 80, 1.0)",0.0,0.0,0.29559136024629584,21.680603782618782,-1.6428212996961802,0.0,0.0,0.0,0.0,0.0,0.0,0.0,0.0,37.28188020859755,-8.383335885885856,False,True,False,True,True,0.0,0,0.9230769230769225,0.9857142857142862,False,False,False,False,-0.24138717358477593,-0.2598775745675471,False,False,False,False,9339.0,4653.507353556077,False,False,False,False,951.7325910141308,False,False,False,False
2025-03-13 15:00:00+00:00,21.205,21.215,21.09,21.105,701.0,,,,,,,,,,,,,,,,,,,,,,,,21.479328557916347,21.585745038221475,"rgba(239, 83, 80, 1.0)",0.0,0.0,0.30317214804687254,21.674238633736373,-1.8776086042322195,0.0,0.0,0.0,0.0,0.0,0.0,0.0,0.0,36.26315454575287,-8.383335885885856,False,True,False,True,True,0.0,0,0.9143897996357003,1.0007285974499096,False,False,False,False,-0.3274748562706276,-0.2936762154190874,False,False,False,False,8638.0,4715.282433345905,False,False,False,False,947.8452640216636,False,False,False,False
2025-03-13 16:00:00+00:00,21.105,21.155,21.085,21.12,322.0,,,,,,,,,,,,,,,,,,,,,,,,21.471495385101438,21.582611001978325,"rgba(239, 83, 80, 1.0)",0.0,0.0,0.31027177856933796,21.67130193012543,-1.776835562252812,0.0,0.0,0.0,0.0,0.0,0.0,0.0,0.0,35.998423899467156,-8.581210453061288,False,True,False,True,True,0.0,0,0.9231337767923126,1.004065040650407,False,False,False,False,-0.34282825441539394,-0.31825223491724064,False,False,False,False,8960.0,4781.092008022712,False,False,False,False,938.1422366724905,False,False,False,False
2025-03-13 17:00:00+00:00,21.125,21.155,21.025,21.03,403.0,,,,,,,,,,,,,,,,,,,,,,,,21.460832234963316,21.578329948537288,"rgba(239, 83, 80, 1.0)",0.0,0.0,0.3182769913821094,21.613018350118004,-1.8317954671692143,0.0,0.0,0.0,0.0,0.0,0.0,0.0,0.0,34.48415232657164,-10.526267735554335,False,True,False,True,True,0.0,0,0.9196757553426668,1.0022107590272664,False,False,False,False,-0.34282825441539394,-0.33054024466631726,False,False,False,False,8557.0,4839.633217200655,True,False,False,False,929.845457809351,True,False,False,False
2025-03-13 18:00:00+00:00,21.03,21.145,21.03,21.13,0.0,,,,,,,,,,,,,,,,,,,,,,,,21.460832234963316,21.578329948537288,"rgba(239, 83, 80, 1.0)",0.0,0.0,0.32312992115548583,21.613018350118004,-1.494811586592698,0.0,0.0,0.0,0.0,0.0,0.0,0.0,0.0,36.305814298785066,-10.526267735554335,False,True,False,True,True,0.0,0,0.9157468727005142,1.0077262693156739,False,False,False,False,-0.34282825441539394,-0.33668424954085563,False,False,False,False,8557.0,4897.266810732428,False,False,False,False,915.4292491611441,False,False,False,False
2025-03-13 19:00:00+00:00,21.135,21.145,21.065,21.075,502.0,,,,,,,,,,,,,,,,,,,,,,,,21.449117015395085,21.573353603926957,"rgba(239, 83, 80, 1.0)",0.0,0.0,0.32843463018736513,21.610101989323496,-1.6292495983697954,0.0,0.0,0.0,0.0,0.0,0.0,0.0,0.0,36.571979985022665,-10.526267735554335,False,True,False,True,True,0.0,0,0.9149560117302047,1.0065982404692086,False,False,False,False,-0.33132458029036566,-0.3340044149156106,False,False,False,False,8055.0,4946.223914442003,False,False,False,False,909.0194933601962,False,False,False,False
2025-03-14 14:00:00+00:00,21.19,21.275,21.18,21.275,0.0,,,,,,,,,,,,,,,,,,,,,,,,21.449117015395085,21.573353603926957,"rgba(239, 83, 80, 1.0)",0.0,0.0,0.3294354029012213,21.610101989323496,-1.0172009030370528,0.0,0.0,0.0,0.0,0.0,0.0,0.0,0.0,41.47913322604228,-12.962042111675643,False,True,False,True,True,0.0,0,0.9196363636363627,0.9956363636363642,False,False,False,False,-0.25294366421973935,-0.293474039567675,False,False,False,False,8055.0,4994.421993287863,False,False,False,False,894.9261678817435,False,False,False,False
2025-03-14 15:00:00+00:00,21.28,21.345,21.255,21.335,1.0,,,,,,,,,,,,,,,,,,,,,,,,21.449108247751482,21.573348236870533,"rgba(239, 83, 80, 1.0)",0.0,0.0,0.3292589686986127,21.610120341556822,-0.8355743281473155,0.0,0.0,0.0,0.0,0.0,0.0,0.0,0.0,45.89926800333046,-8.866148227940513,False,False,False,True,True,0.0,0,0.9231048240841484,0.990206746463548,False,False,False,False,-0.2080044998056817,-0.25073926968667837,False,False,False,False,8056.0,5041.888318973322,False,False,False,False,881.0668474494684,False,False,False,False
2025-03-14 16:00:00+00:00,21.34,21.355,21.285,21.34,974.0,,,,,,,,,,,,,,,,,,,,,,,,21.441946029267513,21.568516984369555,"rgba(239, 83, 80, 1.0)",0.0,0.0,0.3292589686986131,21.617494455654768,-0.8427848047740572,0.0,0.0,0.0,0.0,0.0,0.0,0.0,0.0,48.94543633131219,-6.141494255380081,False,False,False,False,True,0.0,0,0.9235230155853562,0.9916636462486412,False,False,False,False,-0.19575908221715224,-0.2232491759519153,False,False,False,False,9030.0,5103.719507826449,False,False,False,False,882.5076715200191,False,False,False,False
2025-03-14 17:00:00+00:00,21.35,21.385,21.305,21.305,1087.0,,,,,,,,,,,,,,,,,,,,,,,,21.435188014432292,21.56345084187673,"rgba(239, 83, 80, 1.0)",0.0,0.0,0.3288017694654482,21.617317124162266,-0.9498644872563131,0.0,0.0,0.0,0.0,0.0,0.0,0.0,0.0,50.07119198067186,-5.130606134958313,False,False,False,False,True,0.0,0,0.9243027888446206,0.9909453096704095,False,False,False,False,-0.18053297859867581,-0.20189107727529554,False,False,False,False,7943.0,5147.739360418287,False,False,False,False,885.6780952173832,False,False,False,False
2025-03-14 18:00:00+00:00,21.315,21.385,21.315,21.365,109.0,,,,,,,,,,,,,,,,,,,,,,,,21.434698268616575,21.563004699444974,"rgba(239, 83, 80, 1.0)",0.0,0.0,0.3285945638433384,21.61726703219927,-0.7677151723043784,0.0,0.0,0.0,0.0,0.0,0.0,0.0,0.0,52.20232547291996,-3.078029285830077,True,False,True,False,True,0.0,0,0.9215189873417713,0.9924050632911394,False,False,False,False,-0.1774978871825358,-0.18969448222891566,False,False,False,False,8052.0,5192.766657155988,False,False,False,False,873.6365743612997,False,False,False,False
2025-03-14 19:00:00+00:00,21.36,21.46,21.355,21.44,1011.0,,,,,,,,,,,,,,,,,,,,,,,,21.433820924806447,21.560188650789073,"rgba(239, 83, 80, 1.0)",0.0,0.0,0.3283009496080085,21.618466654548623,-0.5436068788765644,0.0,0.0,0.0,0.0,0.0,0.0,0.0,0.0,55.20292346321346,-0.21655315581264034,True,False,True,False,True,0.0,0,0.9243788260712991,0.9863161685271881,False,False,False,False,-0.1428116015651661,-0.16625304189704088,False,False,False,False,9063.0,5252.7702748745,False,False,False,False,875.766239875078,False,False,False,False
2025-03-17 14:00:00+00:00,21.53,21.645,21.53,21.605,200.0,,,,,,,,,,,,,,,,,,,,,,,,21.435494892783435,21.560315790483138,"rgba(38, 166, 154, 1.0)",0.0,0.0,0.32748220500448777,21.619792323535908,-0.045169854452716304,0.0,0.0,0.0,0.0,0.0,0.0,0.0,0.0,59.94817200775414,4.181911608458336,True,False,True,False,True,0.2920140801596993,0,0.9285969296679749,0.9821492324169945,False,False,False,False,-0.03602897070515657,-0.10114100630109872,False,False,False,False,9263.0,5314.944379140011,False,False,False,False,865.2892439080225,False,False,False,False
2025-03-17 15:00:00+00:00,21.605,21.635,21.55,21.56,493.0,,,,,,,,,,,,,,,,,,,,,,,,21.43918077506692,21.560515782540413,"rgba(38, 166, 154, 1.0)",0.0,0.0,0.32641732532186035,21.622401329205832,-0.191170395579657,0.0,0.0,0.0,0.0,0.0,0.0,0.0,0.0,61.69647812521635,5.764095910773555,True,False,True,False,True,0.0,0,0.9269162210338672,0.9846702317290555,False,False,False,False,-0.03308559027752637,-0.06711329828931255,False,False,False,False,8770.0,5368.511132951793,False,False,False,False,859.5173176458826,False,False,False,False
2025-03-17 16:00:00+00:00,21.565,21.635,21.555,21.625,679.0,,,,,,,,,,,,,,,,,,,,,,,,21.44474633382765,21.561082359488044,"rgba(38, 166, 154, 1.0)",0.0,0.0,0.3251123437152812,21.62572004792979,-0.0022147665067429375,0.0,0.0,0.0,0.0,0.0,0.0,0.0,0.0,63.910580177714394,7.887765084905425,True,False,True,False,True,0.7086895615791455,0,0.9230493915533275,0.9921259842519685,False,False,False,False,-0.03161411811810954,-0.04936370820371104,False,False,False,False,9449.0,5431.774526239362,False,False,False,False,856.7185995428456,False,False,False,False
2025-03-17 17:00:00+00:00,21.625,21.68,21.615,21.675,400.0,,,,,,,,,,,,,,,,,,,,,,,,21.44885530780417,21.561794201063726,"rgba(38, 166, 154, 1.0)",0.0,0.0,0.32430324481047335,21.627958761338093,0.1450532469676632,0.0,0.0,0.0,0.0,0.0,0.0,0.0,0.0,66.15218012197684,10.088240596299634,True,False,True,False,True,1.7231126245437984,0,0.93041606886657,0.9856527977044479,False,False,False,False,-0.0007349960579651807,-0.02504935213083811,False,False,False,False,9849.0,5500.25864211162,False,False,False,False,849.6376910228014,False,False,False,False
2025-03-17 18:00:00+00:00,21.68,21.705,21.665,21.675,1.0,,,,,,,,,,,,,,,,,,,,,,,,21.448866592344853,21.561796432826938,"rgba(38, 166, 154, 1.0)",0.0,0.0,0.3238008786415137,21.632439947618263,0.13143896508340566,0.0,0.0,0.0,0.0,0.0,0.0,0.0,0.0,67.64658008481848,11.649438506848526,True,False,True,False,True,1.7231126245438197,0,0.9356578001437804,0.9802300503235086,False,False,False,False,0.02131722831774827,-0.0018660619065449212,False,False,False,False,9849.0,5567.680988745548,False,False,False,False,836.4805175185719,False,False,False,False
2025-03-17 19:00:00+00:00,21.685,21.695,21.655,21.665,251.0,,,,,,,,,,,,,,,,,,,,,,,,21.451544631740255,21.562307476110185,"rgba(38, 166, 154, 1.0)",0.0,0.0,0.323028322747874,21.632882903712655,0.09942501640146105,0.0,0.0,0.0,0.0,0.0,0.0,0.0,0.0,68.21833337244581,12.446652815364565,True,False,True,False,True,1.505566188344492,0,0.9349856321839072,0.9780890804597704,False,False,False,False,0.015435493408876766,0.006784715751165922,False,False,False,False,9598.0,5630.166554811509,False,False,False,False,827.4033001927025,False,False,False,False
2025-03-18 14:00:00+00:00,21.585,21.625,21.57,21.585,980.0,,,,,,,,,,,,,,,,,,,,,,,,21.457900542798768,21.562860873996694,"rgba(38, 166, 154, 1.0)",0.0,0.0,0.32167231942007163,21.6300336255923,-0.13999844833863515,0.0,0.0,0.0,0.0,0.0,0.0,0.0,0.0,65.37155882922696,12.446652815364565,True,False,True,False,False,0.0,0,0.9306895319757049,0.9796355841371921,False,False,False,False,-0.030142782804164322,-0.0116790335264992,False,False,False,False,8618.0,5676.489553961717,False,False,False,False,829.7691404997923,False,False,False,False
2025-03-18 15:00:00+00:00,21.595,21.61,21.495,21.505,120.0,,,,,,,,,,,,,,,,,,,,,,,,21.458330528007764,21.56280378838785,"rgba(38, 166, 154, 1.0)",0.0,0.0,0.3208880554712996,21.62957124993686,-0.38820781207919347,0.0,0.0,0.0,0.0,0.0,0.0,0.0,0.0,60.77339401287891,16.629248115183486,True,False,True,False,False,0.0,0,0.9297933000712751,0.9807555238774058,False,False,False,False,-0.0566529846589501,-0.03416600909272465,False,False,False,False,8498.0,5720.2339019623105,False,False,False,False,818.7649677788653,False,False,False,False
2025-03-18 16:00:00+00:00,21.505,21.565,21.495,21.52,404.0,,,,,,,,,,,,,,,,,,,,,,,,21.459563789868668,21.562540579684022,"rgba(38, 166, 154, 1.0)",0.0,0.0,0.3205119778228823,21.628230786378577,-0.33768094132939536,0.0,0.0,0.0,0.0,0.0,0.0,0.0,0.0,58.15725899948452,14.152273793630584,True,False,True,False,False,0.0,0,0.9283687943262405,0.9801418439716314,False,False,False,False,-0.06993564511892007,-0.05205082710582236,False,False,False,False,8902.0,5769.563608908631,False,False,False,False,812.3345031621387,False,False,False,False
2025-03-18 17:00:00+00:00,21.52,21.605,21.485,21.575,0.0,,,,,,,,,,,,,,,,,,,,,,,,21.459563789868668,21.562540579684022,"rgba(38, 166, 154, 1.0)",0.0,0.0,0.31718607946916133,21.628230786378577,-0.16782195002902983,0.0,0.0,0.0,0.0,0.0,0.0,0.0,0.0,58.0293898495269,13.886453809681427,True,False,True,False,False,0.0,0,0.928270042194092,0.977496483825598,False,False,False,False,-0.06107808924658822,-0.056564458176205284,False,False,False,False,8902.0,5818.128514196869,False,False,False,False,799.74016977978,False,False,False,False
2025-03-18 18:00:00+00:00,21.575,21.605,21.555,21.56,667.0,,,,,,,,,,,,,,,,,,,,,,,,21.462855521334895,21.56266882222302,"rgba(38, 166, 154, 1.0)",0.0,0.0,0.31407648118896836,21.628775019902918,-0.21897538982404569,0.0,0.0,0.0,0.0,0.0,0.0,0.0,0.0,57.35420208270539,12.95621372738131,True,False,True,False,False,0.0,0,0.9334267694463904,0.977575332866153,False,False,False,False,-0.040445227616306846,-0.04850484289625606,False,False,False,False,8235.0,5855.599389945754,False,False,False,False,797.6821826514113,False,False,False,False
2025-03-18 19:00:00+00:00,21.56,21.625,21.535,21.59,1347.0,,,,,,,,,,,,,,,,,,,,,,,,21.469506489071037,21.563153070869802,"rgba(38, 166, 154, 1.0)",0.0,0.0,0.3124325801146955,21.630327120260432,-0.12907463186338633,0.0,0.0,0.0,0.0,0.0,0.0,0.0,0.0,57.84972388343985,12.95621372738131,True,False,True,False,False,0.0,0,0.9324512534818935,0.976323119777159,False,False,False,False,-0.040445227616306846,-0.04447503525628145,False,False,False,False,9582.0,5913.373042814812,False,False,False,False,806.1987379591413,False,False,False,False
2025-03-19 14:00:00+00:00,21.605,21.63,21.575,21.615,400.0,,,,,,,,,,,,,,,,,,,,,,,,21.47171875,21.5634537816094,"rgba(38, 166, 154, 1.0)",0.0,0.0,0.31111761629837004,21.63106976904065,-0.05165174904541619,0.0,0.0,0.0,0.0,0.0,0.0,0.0,0.0,58.96217103975994,12.95621372738131,True,False,True,False,False,0.5362232811634193,0,0.9354838709677412,0.9760665972944852,False,False,False,False,-0.027200497161678827,-0.03583776620898014,False,False,False,False,9982.0,5976.452530523109,False,False,False,False,799.9010831070616,False,False,False,False
2025-03-19 15:00:00+00:00,21.61,21.635,21.555,21.615,0.0,,,,,,,,,,,,,,,,,,,,,,,,21.47171875,21.5634537816094,"rgba(38, 166, 154, 1.0)",0.0,0.0,0.308594211526069,21.63106976904065,-0.052074110402728586,0.0,0.0,0.0,0.0,0.0,0.0,0.0,0.0,59.70380247730667,12.95621372738131,True,False,True,False,False,0.5362232811634193,0,0.9344601586754047,0.9758537426698863,False,False,False,False,-0.03161411811810954,-0.03372594216354484,False,False,False,False,9982.0,6038.554041677789,False,False,False,False,787.4995159271072,False,False,False,False
2025-03-19 16:00:00+00:00,21.61,21.635,21.605,21.605,200.0,,,,,,,,,,,,,,,,,,,,,,,,21.472865,21.563631279305344,"rgba(38, 166, 154, 1.0)",0.0,0.0,0.3030367622571366,21.63147758262325,-0.08737416023731057,0.0,0.0,0.0,0.0,0.0,0.0,0.0,0.0,59.62613465244277,12.95621372738131,True,False,True,False,False,0.3014208974119903,0,0.9371508379888261,0.9828910614525139,False,False,False,False,-0.01690586994787273,-0.025315906055708784,False,False,False,False,9782.0,6096.591963512242,False,False,False,False,778.3909963003302,False,False,False,False
2025-03-19 17:00:00+00:00,21.605,21.615,21.505,21.505,400.0,,,,,,,,,,,,,,,,,,,,,,,,21.473948490813648,21.563481045125776,"rgba(38, 166, 154, 1.0)",0.0,0.0,0.2942488987480222,21.63113397853522,-0.42866423314377766,0.0,0.0,0.0,0.0,0.0,0.0,0.0,0.0,54.81935643925469,9.121198571476143,True,False,True,False,False,0.0,0,0.9273296244784417,0.9836578581363007,False,False,False,False,-0.052230095312176705,-0.038773000683942745,False,False,False,False,9382.0,6147.528522217478,False,False,False,False,772.5244692259065,False,False,False,False
2025-03-19 18:00:00+00:00,21.495,21.715,21.495,21.675,458.0,,,,,,,,,,,,,,,,,,,,,,,,21.476682973676745,21.563984995786612,"rgba(38, 166, 154, 1.0)",0.0,0.0,0.28641134659693407,21.632188624716168,0.1494751370450458,0.0,0.0,0.0,0.0,0.0,0.0,0.0,0.0,57.35869936816079,9.121198571476143,True,False,True,False,True,1.8856445150587327,0,0.9246646026831781,0.9807361541107673,False,False,False,False,-0.025729534065940057,-0.0322512673749414,False,False,False,False,9840.0,6204.776142028059,False,False,False,False,767.6481208658149,False,False,False,False
2025-03-19 19:00:00+00:00,21.675,21.735,21.625,21.68,400.0,,,,,,,,,,,,,,,,,,,,,,,,21.479780193972626,21.564767044720455,"rgba(38, 166, 154, 1.0)",0.0,0.0,0.2779477071823723,21.63728565834799,0.15367761830099078,0.0,0.0,0.0,0.0,0.0,0.0,0.0,0.0,59.18053923463118,4.671671779372012,True,False,True,False,True,1.9965762366538264,0,0.9326034895655144,0.9784468012316115,False,False,False,False,0.01837620195045873,-0.006937532712241333,False,False,False,False,10240.0,6267.337752229175,False,False,False,False,761.9481499996782,False,True,False,False
2025-03-20 14:00:00+00:00,21.63,21.7,21.62,21.665,500.0,,,,,,,,,,,,,,,,,,,,,,,,21.48317892468296,21.565576714183063,"rgba(38, 166, 154, 1.0)",0.0,0.0,0.27180588926925675,21.637844992443267,0.0999058836794823,0.0,0.0,0.0,0.0,0.0,0.0,0.0,0.0,59.69168713621715,5.258329390937419,True,False,True,False,True,1.6406112876845356,1,0.9346785225718188,0.9815321477428183,False,False,False,False,0.006614765818855712,-0.00016138344669281053,False,False,False,False,9740.0,6321.177477000816,False,False,False,False,757.8869383717763,False,False,False,False
2025-03-20 15:00:00+00:00,21.67,21.675,21.605,21.645,420.0,,,,,,,,,,,,,,,,,,,,,,,,21.485628142860644,21.566107054547874,"rgba(38, 166, 154, 1.0)",0.0,0.0,0.26725371755984934,21.637947315499407,0.026389472015533478,0.0,0.0,0.0,0.0,0.0,0.0,0.0,0.0,59.061686657403754,5.258329390937419,True,False,True,False,True,1.161557476513849,1,0.9297945205479445,0.9880136986301372,False,False,False,False,-0.005144840480427646,-0.0026531119635602282,False,False,False,False,9320.0,6367.6708494504155,False,False,False,False,752.6483811877177,False,False,False,False
2025-03-20 16:00:00+00:00,21.645,21.67,21.575,21.585,13.0,,,,,,,,,,,,,,,,,,,,,,,,21.485687604967328,21.56611652176799,"rgba(38, 166, 154, 1.0)",0.0,0.0,0.2628382505381518,21.63792086840399,-0.20134386184521177,0.0,0.0,0.0,0.0,0.0,0.0,0.0,0.0,55.95711539316113,5.258329390937419,True,False,True,False,False,0.0,1,0.9277891854893902,0.988021902806297,False,False,False,False,-0.015435552220206802,-0.009044332091883515,False,False,False,False,9307.0,6413.24184403258,False,False,False,False,741.1809644251174,False,False,False,False
2025-03-20 17:00:00+00:00,21.585,21.625,21.535,21.545,1102.0,,,,,,,,,,,,,,,,,,,,,,,,21.488906620012017,21.566156325697097,"rgba(38, 166, 154, 1.0)",0.0,0.0,0.2626486365971022,21.634408118180225,-0.3404096032578072,0.0,0.0,0.0,0.0,0.0,0.0,0.0,0.0,52.318465117698395,6.8390419727660685,False,False,False,False,False,0.0,1,0.9226048414592561,0.9904534606205253,False,False,False,False,-0.040445227616306846,-0.02474477985409518,False,False,False,False,8205.0,6441.021040249128,False,False,False,False,746.7750579999217,False,False,False,False
2025-03-20 18:00:00+00:00,21.545,21.595,21.535,21.575,5.0,,,,,,,,,,,,,,,,,,,,,,,,21.48892065399204,21.5661565030385,"rgba(38, 166, 154, 1.0)",0.0,0.0,0.2625886722819954,21.63439883801357,-0.22620487585154675,0.0,0.0,0.0,0.0,0.0,0.0,0.0,0.0,51.247032561496624,5.8311155533619825,False,False,False,False,False,0.0,1,0.9253069577080485,0.9918144611186905,False,False,False,False,-0.049282646870829554,-0.03701371336246237,False,False,False,False,8210.0,6468.447070632863,False,False,False,False,735.2746695037989,False,False,False,False
2025-03-20 19:00:00+00:00,21.575,21.62,21.55,21.56,600.0,,,,,,,,,,,,,,,,,,,,,,,,21.49074249659723,21.566258248761677,"rgba(38, 166, 154, 1.0)",0.0,0.0,0.26251362898984076,21.633729734554283,-0.2808605969830905,0.0,0.0,0.0,0.0,0.0,0.0,0.0,0.0,49.87926058218551,4.457401379857885,False,False,False,False,False,0.0,1,0.9258503401360539,0.98843537414966,False,False,False,False,-0.03750089176903475,-0.03725730256574856,False,False,False,False,7610.0,6486.145565661811,False,False,False,False,733.1773878060657,False,False,False,False
2025-03-21 14:00:00+00:00,21.41,21.415,21.305,21.405,137.0,,,,,,,,,,,,,,,,,,,,,,,,21.49019637219448,21.56583641895808,"rgba(239, 83, 80, 1.0)",0.0,0.0,0.26244326714259386,21.61387538145766,-0.7958877502624994,0.0,0.0,0.0,0.0,0.0,0.0,0.0,0.0,43.98595584697385,-1.0335015180230158,False,True,False,True,False,0.0,0,0.9178727701110733,0.9979804779535512,False,False,False,False,-0.1714373419091994,-0.10434732223747398,False,False,False,False,7473.0,6501.44563441124,False,False,False,False,723.9343275300026,False,False,False,False
2025-03-21 15:00:00+00:00,21.405,21.425,21.345,21.355,200.0,,,,,,,,,,,,,,,,,,,,,,,,21.48940830055299,21.565223939277235,"rgba(239, 83, 80, 1.0)",0.0,0.0,0.2622726042096838,21.61199559069239,-0.979879661723746,0.0,0.0,0.0,0.0,0.0,0.0,0.0,0.0,38.94974746802109,-5.50777358858894,False,True,False,True,False,0.0,0,0.91633064516129,0.9986559139784946,False,False,False,False,-0.15633938463157024,-0.1303433534345221,False,False,False,False,7273.0,6513.407717598662,False,False,False,False,715.8113147000801,False,False,False,False
2025-03-21 16:00:00+00:00,21.355,21.465,21.355,21.46,310.0,,,,,,,,,,,,,,,,,,,,,,,,21.488749985897222,21.564538077901616,"rgba(239, 83, 80, 1.0)",0.0,0.0,0.2622021776835435,21.611768216037373,-0.5788213407614923,0.0,0.0,0.0,0.0,0.0,0.0,0.0,0.0,40.238323306959416,-5.50777358858894,False,True,False,True,False,0.0,0,0.9223790322580645,0.9932795698924732,False,False,False,False,-0.14131180265023285,-0.1358275780423775,False,False,False,False,7583.0,6529.990543682404,False,False,False,False,709.5196664101563,False,False,False,False
2025-03-21 17:00:00+00:00,21.46,21.52,21.43,21.465,2.0,,,,,,,,,,,,,,,,,,,,,,,,21.488748829548406,21.56453511209044,"rgba(239, 83, 80, 1.0)",0.0,0.0,0.26181432111087666,21.611775578006213,-0.5606094326064576,0.0,0.0,0.0,0.0,0.0,0.0,0.0,0.0,41.29541330913971,-5.50777358858894,False,True,False,True,True,0.0,0,0.9296246648793566,0.9865951742627347,False,False,False,False,-0.10251802613151634,-0.11917280208694692,False,False,False,False,7585.0,6546.347279439266,False,False,False,False,698.5503692565105,False,False,False,False
2025-03-21 18:00:00+00:00,21.465,21.475,21.385,21.385,555.0,,,,,,,,,,,,,,,,,,,,,,,,21.487389099284655,21.56322159441622,"rgba(239, 83, 80, 1.0)",0.0,0.0,0.26140142062106925,21.608888091156523,-0.8564914858709665,0.0,0.0,0.0,0.0,0.0,0.0,0.0,0.0,39.720445273210245,-5.50777358858894,False,True,False,True,True,0.0,0,0.9267558528428095,0.9903010033444817,False,False,False,False,-0.1293355399810366,-0.12425417103399176,False,False,False,False,7030.0,6553.845771230905,False,False,False,False,696.3247821362545,False,False,False,False
2025-03-21 19:00:00+00:00,21.375,21.425,21.345,21.42,366.0,,,,,,,,,,,,,,,,,,,,,,,,21.4862992866833,21.562262348738766,"rgba(239, 83, 80, 1.0)",0.0,0.0,0.26137486455248576,21.606495246100277,-0.7135163758748717,0.0,0.0,0.0,0.0,0.0,0.0,0.0,0.0,40.19198829074131,-5.50777358858894,False,True,False,True,True,0.0,0,0.9234625668449196,0.9949866310160428,False,False,False,False,-0.15633938463157024,-0.140296777832781,False,False,False,False,7396.0,6566.902425940503,False,False,False,False,691.2034676845295,False,False,False,False
2025-03-24 14:00:00+00:00,21.54,21.6,21.5,21.555,100.0,,,,,,,,,,,,,,,,,,,,,,,,21.486513129198293,21.562245701686855,"rgba(239, 83, 80, 1.0)",0.0,0.0,0.261309040054922,21.607112617212145,-0.19942906376753175,0.0,0.0,0.0,0.0,0.0,0.0,0.0,0.0,45.17551815214031,-10.549928102432958,False,True,False,True,True,0.0,0,0.9270315091210612,0.9897180762852404,False,False,False,False,-0.0581277647477253,-0.09921227129025315,False,False,False,False,7496.0,6581.307039491813,False,False,False,False,682.0375224491104,False,False,False,False
2025-03-24 15:00:00+00:00,21.555,21.565,21.535,21.555,605.0,,,,,,,,,,,,,,,,,,,,,,,,21.487777617382566,21.56214609207209,"rgba(239, 83, 80, 1.0)",0.0,0.0,0.2613300698454271,21.60965136894128,-0.20912774780799073,0.0,0.0,0.0,0.0,0.0,0.0,0.0,0.0,48.497871393072984,-7.418175005059851,False,True,False,False,True,0.0,0,0.9266024576552641,0.9936898040518101,False,False,False,False,-0.0581277647477253,-0.07867001801898922,False,False,False,False,7496.0,6595.4883257012425,False,False,False,False,680.8431422561009,False,False,False,False
2025-03-24 16:00:00+00:00,21.555,21.59,21.505,21.515,123.0,,,,,,,,,,,,,,,,,,,,,,,,21.4879697618439,21.562097410565887,"rgba(239, 83, 80, 1.0)",0.0,0.0,0.2612459405262632,21.609885646070172,-0.3632042889509793,0.0,0.0,0.0,0.0,0.0,0.0,0.0,0.0,49.20693082348214,-6.665363753644414,False,True,False,False,True,0.0,0,0.928050397877984,0.9893899204244032,False,False,False,False,-0.0596027974485695,-0.06913640773377935,False,False,False,False,7373.0,6607.542770264014,False,False,False,False,672.1944113684094,False,False,False,False
2025-03-24 17:00:00+00:00,21.515,21.535,21.495,21.525,285.0,,,,,,,,,,,,,,,,,,,,,,,,21.48824377526572,21.56190451888281,"rgba(239, 83, 80, 1.0)",0.0,0.0,0.2611859301151202,21.610010267514077,-0.3254779745471352,0.0,0.0,0.0,0.0,0.0,0.0,0.0,0.0,50.050316639125214,-5.643423571036564,False,True,False,False,True,0.0,0,0.9266755142667551,0.9930325149303251,False,False,False,False,-0.07880417077441215,-0.07397028925409575,False,False,False,False,7658.0,6623.828928864572,False,False,False,False,666.1913972386666,False,False,False,False
2025-03-24 18:00:00+00:00,21.525,21.525,21.445,21.495,69.0,,,,,,,,,,,,,,,,,,,,,,,,21.488243970510794,21.561826095688314,"rgba(239, 83, 80, 1.0)",0.0,0.0,0.2608998979623547,21.60990669127988,-0.4404244393244539,0.0,0.0,0.0,0.0,0.0,0.0,0.0,0.0,49.394285090795634,-5.643423571036564,False,True,False,False,True,0.0,0,0.9247347480106103,0.9937002652519895,False,False,False,False,-0.09657981617463865,-0.0852750527143672,False,False,False,False,7589.0,6638.792821440315,False,False,False,False,656.932615886129,False,False,False,False
2025-03-24 19:00:00+00:00,21.495,21.58,21.495,21.555,8278.0,,,,,,,,,,,,,,,,,,,,,,,,21.499665272490482,21.559729325608263,"rgba(239, 83, 80, 1.0)",0.0,0.0,0.2607108784883601,21.61070666310881,-0.21367218518769385,0.0,0.0,0.0,0.0,0.0,0.0,0.0,0.0,51.33039847869355,-3.886929464361998,False,False,False,False,True,0.0,0,0.9326476443264764,0.9870603848706041,False,False,False,False,-0.06550558417767798,-0.07539031844602259,False,False,False,False,15867.0,6781.865800952868,False,False,False,False,775.0886993607627,False,False,False,False
2025-03-25 14:00:00+00:00,21.39,21.435,21.365,21.385,275.0,,,,,,,,,,,,,,,,,,,,,,,,21.498949332139393,21.559111174790317,"rgba(239, 83, 80, 1.0)",0.0,0.0,0.2611564716845306,21.609568426023287,-0.8598999081843843,0.0,0.0,0.0,0.0,0.0,0.0,0.0,0.0,47.02391826509263,-3.886929464361998,False,True,False,True,False,0.0,0,0.926243002963451,0.9858412907474482,False,False,False,False,-0.1473148575169619,-0.11135258798149225,False,False,False,False,15592.0,6918.457028845071,False,False,False,False,767.3353861923788,False,False,False,False
2025-03-25 15:00:00+00:00,21.385,21.395,21.335,21.355,205.0,,,,,,,,,,,,,,,,,,,,,,,,21.498252862469478,21.55856039679408,"rgba(239, 83, 80, 1.0)",0.0,0.0,0.2618931079658463,21.60856299428305,-0.9681926960678875,0.0,0.0,0.0,0.0,0.0,0.0,0.0,0.0,43.42376353667863,-1.0572491224495195,False,True,False,True,False,0.0,0,0.9231783712495882,0.9897790966040223,False,False,False,False,-0.16841176678579803,-0.13988217738364514,False,False,False,False,15387.0,7049.752268707938,False,False,False,False,758.6170081118768,False,False,False,False
2025-03-25 16:00:00+00:00,21.35,21.38,21.34,21.37,1205.0,,,,,,,,,,,,,,,,,,,,,,,,21.49434595759338,21.555410898688876,"rgba(239, 83, 80, 1.0)",0.0,0.0,0.26220344896408054,21.60304740135526,-0.8888037219799608,0.0,0.0,0.0,0.0,0.0,0.0,0.0,0.0,41.68353553795404,-2.711286617412938,False,True,False,True,False,0.0,0,0.9307820299500835,0.989351081530782,False,False,False,False,-0.1714373419091994,-0.15565975964642226,False,False,False,False,16592.0,7197.694093999287,False,False,False,False,765.5376746527778,False,False,False,False
2025-03-25 17:00:00+00:00,21.375,21.395,21.345,21.365,121.0,,,,,,,,,,,,,,,,,,,,,,,,21.493980607338543,21.555108333890264,"rgba(239, 83, 80, 1.0)",0.0,0.0,0.26041200896737693,21.60253752109345,-0.9121603955031437,0.0,0.0,0.0,0.0,0.0,0.0,0.0,0.0,40.37686100330608,-4.0563388899742705,False,True,False,True,False,0.0,0,0.9214380825565915,0.9896804260985352,False,False,False,False,-0.16538924308577796,-0.1605245013661001,False,False,False,False,16471.0,7341.466278588445,False,False,False,False,755.5448424876184,False,False,False,False
2025-03-25 18:00:00+00:00,21.365,21.375,21.305,21.305,300.0,,,,,,,,,,,,,,,,,,,,,,,,21.49279836957384,21.55420262264528,"rgba(239, 83, 80, 1.0)",0.0,0.0,0.25939461746069176,21.601009199392873,-1.1411539772513988,0.0,0.0,0.0,0.0,0.0,0.0,0.0,0.0,37.81333545408198,-6.610745640809313,False,True,False,True,False,0.0,0,0.9192422731804589,0.9900299102691925,False,False,False,False,-0.1835713639865707,-0.1720479326763354,False,False,False,False,16171.0,7478.358274269243,False,False,False,False,748.4821317513762,False,False,False,False
2025-03-25 19:00:00+00:00,21.305,21.325,21.225,21.29,524.0,,,,,,,,,,,,,,,,,,,,,,,,21.490178266522552,21.552303044725605,"rgba(239, 83, 80, 1.0)",0.0,0.0,0.256550786992201,21.5766471975298,-1.11731170615554,0.0,0.0,0.0,0.0,0.0,0.0,0.0,0.0,35.707335546042415,-8.723346283280264,False,True,False,True,False,0.0,0,0.9142100033123555,0.9937065253395164,False,False,False,False,-0.22339868450083641,-0.1977233085885859,False,False,False,False,15647.0,7605.003882420107,False,False,False,False,745.0017886234479,False,False,False,False
2025-03-26 14:00:00+00:00,21.47,21.52,21.435,21.445,202.0,,,,,,,,,,,,,,,,,,,,,,,,21.490067196757096,21.55207495505949,"rgba(239, 83, 80, 1.0)",0.0,0.0,0.24994940028476645,21.579808296650814,-0.5393423488803218,0.0,0.0,0.0,0.0,0.0,0.0,0.0,0.0,41.09759167247624,-8.723346283280264,False,True,False,True,True,0.0,0,0.919882275997384,0.9846304774362329,False,False,False,False,-0.10103281425545824,-0.14937806142202206,False,False,False,False,15849.0,7732.817775715919,False,False,False,False,736.5831562416889,False,False,False,False
2025-03-26 15:00:00+00:00,21.45,21.465,21.37,21.4,73.0,,,,,,,,,,,,,,,,,,,,,,,,21.489933579249644,21.551939936419284,"rgba(239, 83, 80, 1.0)",0.0,0.0,0.2435177630090112,21.58009991518322,-0.7395760907041333,0.0,0.0,0.0,0.0,0.0,0.0,0.0,0.0,43.15943929958185,-12.892536372227255,False,True,False,True,True,0.0,0,0.9193074158771646,0.9875857562887944,False,False,False,False,-0.13681616500549884,-0.14309711321376045,False,False,False,False,15776.0,7857.518275317222,False,False,False,False,726.2950452922054,False,False,False,False
2025-03-26 16:00:00+00:00,21.395,21.415,21.385,21.385,67.0,,,,,,,,,,,,,,,,,,,,,,,,21.489785314685317,21.55180154687795,"rgba(239, 83, 80, 1.0)",0.0,0.0,0.2370117646375154,21.58018654738063,-0.8235310499423802,0.0,0.0,0.0,0.0,0.0,0.0,0.0,0.0,44.027335493565495,-11.978553385394626,False,True,False,True,True,0.0,0,0.9190523198420537,0.9973675551168149,False,False,False,False,-0.1473148575169619,-0.14520598536536117,False,False,False,False,15709.0,7979.246674149513,False,False,False,False,716.0734166830239,False,False,False,False
2025-03-26 17:00:00+00:00,21.385,21.395,21.335,21.335,300.0,,,,,,,,,,,,,,,,,,,,,,,,21.488849305555558,21.551027560379826,"rgba(239, 83, 80, 1.0)",0.0,0.0,0.22208313515197833,21.57924106885578,-1.0997731488644416,0.0,0.0,0.0,0.0,0.0,0.0,0.0,0.0,42.96483934549386,-11.978553385394626,False,True,False,True,True,0.0,0,0.913072110635496,0.9986829107672045,False,False,False,False,-0.16841176678579803,-0.15680887607557958,False,False,False,False,15409.0,8094.436648193706,False,False,False,False,709.6226660367754,False,False,False,False
2025-03-26 18:00:00+00:00,21.335,21.39,21.335,21.35,325.0,,,,,,,,,,,,,,,,,,,,,,,,21.48787474631438,21.55021005752378,"rgba(239, 83, 80, 1.0)",0.0,0.0,0.20457783381907127,21.578224774648618,-1.115588968697647,0.0,0.0,0.0,0.0,0.0,0.0,0.0,0.0,42.94743453217185,-11.978553385394626,False,True,False,True,True,0.0,0,0.9123558484349262,0.9993410214168038,False,False,False,False,-0.16992416917141637,-0.163366522623498,False,False,False,False,15734.0,8212.87949085737,False,False,False,False,703.659523927678,False,False,False,False
2025-03-26 19:00:00+00:00,21.35,21.435,21.35,21.405,4049.0,,,,,,,,,,,,,,,,,,,,,,,,21.480112071019185,21.542501952761764,"rgba(239, 83, 80, 1.0)",0.0,0.0,0.1844481176594709,21.57035078897809,-0.8964623281402081,0.0,0.0,0.0,0.0,0.0,0.0,0.0,0.0,45.338757340990725,-9.970551689043745,False,True,False,True,True,0.0,0,0.9123558484349262,0.998682042833608,False,False,False,False,-0.1518240533722647,-0.15759528799788136,False,False,False,False,19783.0,8392.26120417741,False,False,False,False,755.5252677427528,False,False,False,False
2025-03-27 14:00:00+00:00,21.47,21.51,21.455,21.485,586.0,,,,,,,,,,,,,,,,,,,,,,,,21.480151266611298,21.542075163197566,"rgba(239, 83, 80, 1.0)",0.0,0.0,0.17567309422916813,21.57057561869448,-0.4871299106444057,0.0,0.0,0.0,0.0,0.0,0.0,0.0,0.0,49.780178491366485,-5.635131079921713,False,False,False,False,True,0.0,0,0.917709019091508,0.9917709019091507,False,False,False,False,-0.09806371601386203,-0.1278295020058717,False,False,False,False,20369.0,8577.947076980861,False,False,False,False,752.8969690180589,False,False,False,False
2025-03-27 15:00:00+00:00,21.485,21.535,21.415,21.42,1400.0,,,,,,,,,,,,,,,,,,,,,,,,21.479487859833203,21.540628279748148,"rgba(239, 83, 80, 1.0)",0.0,0.0,0.1719247163968068,21.562692328343527,-0.8299698340882379,0.0,0.0,0.0,0.0,0.0,0.0,0.0,0.0,50.094530885342586,-5.203441888894076,False,False,False,False,True,0.0,0,0.915243101182655,0.990144546649146,False,False,False,False,-0.10251802613151634,-0.11517376406869402,False,False,False,False,18969.0,8739.048672686586,False,False,False,False,762.9295741495619,False,False,False,False
2025-03-27 16:00:00+00:00,21.425,21.455,21.375,21.375,1415.0,,,,,,,,,,,,,,,,,,,,,,,,21.47732764427007,21.538288997810984,"rgba(239, 83, 80, 1.0)",0.0,0.0,0.16639884788240325,21.558287363177637,-1.1014941840653212,0.0,0.0,0.0,0.0,0.0,0.0,0.0,0.0,48.69175792327404,-5.203441888894076,False,False,False,False,True,0.0,0,0.9106145251396653,0.9986855077226424,False,False,False,False,-0.13831409149484236,-0.12674392778176818,False,False,False,False,17554.0,8875.714584737958,False,False,False,False,773.039193154995,False,False,False,False
2025-03-27 17:00:00+00:00,21.375,21.415,21.365,21.365,0.0,,,,,,,,,,,,,,,,,,,,,,,,21.47732764427007,21.538288997810984,"rgba(239, 83, 80, 1.0)",0.0,0.0,0.16654796674003516,21.558287363177637,-1.1605507227797096,0.0,0.0,0.0,0.0,0.0,0.0,0.0,0.0,47.40042015387196,-5.203441888894076,False,False,False,True,False,0.0,0,0.914549653579677,0.9996700758825471,False,False,False,False,-0.15332847238249553,-0.14003620008213186,False,False,False,False,17554.0,9010.261645439696,False,False,False,False,761.0540893851501,False,False,False,False
2025-03-27 18:00:00+00:00,21.365,21.44,21.365,21.39,1843.0,,,,,,,,,,,,,,,,,,,,,,,,21.474571263584387,21.535286188818652,"rgba(239, 83, 80, 1.0)",0.0,0.0,0.16658217678262066,21.554143429768494,-0.9853600963726795,0.0,0.0,0.0,0.0,0.0,0.0,0.0,0.0,47.67010653121615,-5.203441888894076,False,False,False,True,False,0.0,1,0.9189814814814818,0.9933862433862433,False,False,False,False,-0.14581312182165315,-0.1429246609518925,False,False,False,False,19397.0,9171.296348611173,False,False,False,False,777.828444588481,False,False,False,False
2025-03-27 19:00:00+00:00,21.4,21.505,21.395,21.435,766.0,,,,,,,,,,,,,,,,,,,,,,,,21.47414853314423,21.53448818246505,"rgba(239, 83, 80, 1.0)",0.0,0.0,0.16632352062630268,21.55376074407162,-0.7140345732486921,0.0,0.0,0.0,0.0,0.0,0.0,0.0,0.0,49.7607646643183,-4.778969404081643,True,False,False,False,False,0.0,1,0.9228995057660629,0.9835255354200991,False,False,False,False,-0.11739606166026113,-0.1301603613060768,False,False,False,False,20163.0,9341.710358710223,False,False,False,False,777.6450578506751,False,False,False,False
2025-03-28 14:00:00+00:00,21.32,21.385,21.285,21.305,200.0,,,,,,,,,,,,,,,,,,,,,,,,21.473593912687797,21.53400585199256,"rgba(239, 83, 80, 1.0)",0.0,0.0,0.1664616667178997,21.552913115243367,-1.4893105429702462,0.0,0.0,0.0,0.0,0.0,0.0,0.0,0.0,46.3975007025261,-4.778969404081643,False,False,False,True,False,0.0,1,0.9146141215106737,0.9901477832512319,False,False,False,False,-0.18661310490346156,-0.1583867331047692,False,False,False,False,19963.0,9506.381515939522,False,False,False,False,768.6893205196569,False,False,False,False
2025-03-28 15:00:00+00:00,21.3,21.345,21.295,21.305,57.0,,,,,,,,,,,,,,,,,,,,,,,,21.473426013632743,21.533862236641284,"rgba(239, 83, 80, 1.0)",0.0,0.0,0.1667432346643216,21.55265825171328,-1.4852671666820616,0.0,0.0,0.0,0.0,0.0,0.0,0.0,0.0,44.15532472799798,-1.1776489016480696,False,True,False,True,False,0.0,1,0.9125862635557022,0.9927702924745322,False,False,False,False,-0.19575908221715224,-0.17707290766096073,False,False,False,False,19963.0,9668.499631971466,False,False,False,False,757.6553775658638,False,False,False,False
2025-03-28 16:00:00+00:00,21.305,21.325,21.265,21.27,0.0,,,,,,,,,,,,,,,,,,,,,,,,21.473426013632743,21.533862236641284,"rgba(239, 83, 80, 1.0)",0.0,0.0,0.1676244461734914,21.55265825171328,-1.6862591236884847,0.0,0.0,0.0,0.0,0.0,0.0,0.0,0.0,41.56702366748884,-3.6461994645647664,False,True,False,True,False,0.0,0,0.9143327841845144,0.9927512355848438,False,False,False,False,-0.2110753489349178,-0.19407412829793927,False,False,False,False,19963.0,9828.104288840126,False,False,False,False,745.9087825648426,False,False,False,False
2025-03-28 17:00:00+00:00,21.27,21.27,21.225,21.265,20.0,,,,,,,,,,,,,,,,,,,,,,,,21.47334428745599,21.53379770421661,"rgba(239, 83, 80, 1.0)",0.0,0.0,0.1643991791041087,21.55253174008472,-1.7489852543766997,0.0,0.0,0.0,0.0,0.0,0.0,0.0,0.0,39.68239317813331,-5.457197661243441,False,True,False,True,False,0.0,0,0.9109498680738792,0.9943931398416891,False,False,False,False,-0.24045374471937173,-0.2172639365086555,False,False,False,False,19943.0,9984.924377385241,False,False,False,False,734.6543828351552,False,False,False,False
2025-03-28 18:00:00+00:00,21.26,21.275,21.215,21.265,430.0,,,,,,,,,,,,,,,,,,,,,,,,21.471588538308996,21.53240920050665,"rgba(239, 83, 80, 1.0)",0.0,0.0,0.16266881736878405,21.53233325149887,-1.6434203913390568,0.0,0.0,0.0,0.0,0.0,0.0,0.0,0.0,38.42597285189629,-6.735267653968492,False,True,False,True,False,0.0,0,0.9113756613756618,0.9953703703703708,False,False,False,False,-0.24201089009741542,-0.22963741330303544,False,False,False,False,19943.0,10139.313146728105,False,False,False,False,729.9310590702689,False,False,False,False
2025-03-28 19:00:00+00:00,21.265,21.305,21.235,21.275,1202.0,,,,,,,,,,,,,,,,,,,,,,,,21.46725815267992,21.528870774719447,"rgba(239, 83, 80, 1.0)",0.0,0.0,0.15982696161058768,21.527484010995934,-1.5797335346404404,0.0,0.0,0.0,0.0,0.0,0.0,0.0,0.0,38.274784722199385,-7.078743137013461,False,True,False,True,False,0.0,0,0.9093915343915348,0.9947089947089951,False,False,False,False,-0.2264898357184617,-0.22806362451074857,False,False,False,False,21145.0,10309.943950654802,False,False,False,False,737.249957379257,False,False,False,False
2025-03-31 14:00:00+00:00,21.3,21.425,21.25,21.38,0.0,,,,,,,,,,,,,,,,,,,,,,,,21.46725815267992,21.528870774719447,"rgba(239, 83, 80, 1.0)",0.0,0.0,0.15740362416702927,21.527484010995934,-0.9369797663580616,0.0,0.0,0.0,0.0,0.0,0.0,0.0,0.0,43.862633888441714,-11.03370037719543,False,False,False,True,True,0.0,0,0.9128002632444888,0.9868377755840739,False,False,False,False,-0.18509181114164666,-0.2065777178261976,False,False,False,False,21145.0,10477.92931576093,False,False,False,False,725.8197254819041,False,False,False,False
2025-03-31 15:00:00+00:00,21.38,21.435,21.345,21.35,203.0,,,,,,,,,,,,,,,,,,,,,,,,21.4669279661017,21.528522740499607,"rgba(239, 83, 80, 1.0)",0.0,0.0,0.15689504152161257,21.527836585803485,-1.1334748636972434,0.0,0.0,0.0,0.0,0.0,0.0,0.0,0.0,46.097234625411744,-8.986618103200904,True,False,False,True,True,0.0,0,0.9214848883048622,0.9819316688567677,False,False,False,False,-0.15332847238249553,-0.17995309510434657,False,False,False,False,20942.0,10640.16296978014,False,False,False,False,717.7139933038901,False,False,False,False
2025-03-31 16:00:00+00:00,21.36,21.36,21.31,21.33,0.0,,,,,,,,,,,,,,,,,,,,,,,,21.4669279661017,21.528522740499607,"rgba(239, 83, 80, 1.0)",0.0,0.0,0.1548152633488707,21.527836585803485,-1.27788811984041,0.0,0.0,0.0,0.0,0.0,0.0,0.0,0.0,46.618826989609175,-8.433842682583041,True,False,False,True,True,0.0,1,0.9180273242252585,0.9980006664445189,False,False,False,False,-0.18661310490346156,-0.18328310000390408,False,False,False,False,20942.0,10799.881373349439,False,False,False,False,706.5866445704964,False,False,False,False
2025-03-31 17:00:00+00:00,21.33,21.35,21.29,21.305,0.0,,,,,,,,,,,,,,,,,,,,,,,,21.4669279661017,21.528522740499607,"rgba(239, 83, 80, 1.0)",0.0,0.0,0.1530480699379318,21.527836585803485,-1.4559908262407726,0.0,0.0,0.0,0.0,0.0,0.0,0.0,0.0,45.77920911640283,-8.433842682583041,True,False,False,True,True,0.0,1,0.9138103161397672,0.9970049916805326,False,False,False,False,-0.19575908221715224,-0.18952109111052817,False,False,False,False,20942.0,10957.123522599835,False,False,False,False,695.631812871729,False,False,False,False
2025-03-31 18:00:00+00:00,21.305,21.435,21.305,21.405,0.0,,,,,,,,,,,,,,,,,,,,,,,,21.4669279661017,21.528522740499607,"rgba(239, 83, 80, 1.0)",0.0,0.0,0.14818335367483249,21.527836585803485,-0.8289499647378142,0.0,0.0,0.0,0.0,0.0,0.0,0.0,0.0,49.908920675852286,-5.13364991631537,True,False,False,False,True,0.0,0,0.9212101063829787,0.9900265957446812,False,False,False,False,-0.16538924308577796,-0.17745516709815307,False,False,False,False,20942.0,11111.927809071156,False,False,False,False,684.8468235248805,False,False,False,False
2025-03-31 19:00:00+00:00,21.405,21.545,21.405,21.45,200.0,,,,,,,,,,,,,,,,,,,,,,,,21.466927031153098,21.52838370215524,"rgba(239, 83, 80, 1.0)",0.0,0.0,0.14344500154582754,21.525546306077395,-0.526656943520337,0.0,0.0,0.0,0.0,0.0,0.0,0.0,0.0,54.23785590828555,-1.1178273518557305,True,False,True,False,True,0.0,0,0.9307717787346806,0.9781384564425307,False,False,False,False,-0.10251802613151634,-0.1399865966148347,False,False,False,False,21142.0,11267.432804279353,False,False,False,False,677.3298185089908,False,False,False,False
2025-04-01 14:00:00+00:00,21.3,21.39,21.245,21.385,227.0,,,,,,,,,,,,,,,,,,,,,,,,21.466413650969006,21.52790431669731,"rgba(239, 83, 80, 1.0)",0.0,0.0,0.13528691566283618,21.521469327199874,-1.0087400287843291,0.0,0.0,0.0,0.0,0.0,0.0,0.0,0.0,53.871075127542774,-1.1178273518557305,True,False,True,False,True,0.0,0,0.9177631578947373,0.9865131578947371,False,False,False,False,-0.19728652075348332,-0.168636558684159,False,False,False,False,20915.0,11417.007489484324,False,False,False,False,670.3479608576886,False,False,False,False
2025-04-01 15:00:00+00:00,21.385,21.465,21.385,21.46,603.0,,,,,,,,,,,,,,,,,,,,,,,,21.466097439151948,21.52729171074267,"rgba(239, 83, 80, 1.0)",0.0,0.0,0.1301093441742562,21.524066753159904,-0.4924070101690611,0.0,0.0,0.0,0.0,0.0,0.0,0.0,0.0,56.245145663384434,0.8297341117898327,True,False,True,False,True,0.0,0,0.9206349206349211,0.9914021164021167,False,False,False,False,-0.13232601675320663,-0.1504812877186828,False,False,False,False,21518.0,11573.612024531078,False,False,False,False,669.3038064257864,False,False,False,False
2025-04-01 16:00:00+00:00,21.46,21.485,21.375,21.415,3401.0,,,,,,,,,,,,,,,,,,,,,,,,21.463772819753746,21.523559261722887,"rgba(239, 83, 80, 1.0)",0.0,0.0,0.12252423919046634,21.524829991819466,-0.89639399146755,0.0,0.0,0.0,0.0,0.0,0.0,0.0,0.0,55.76117968013707,0.8297341117898327,True,False,True,False,True,0.0,0,0.9092721834496513,0.9966766367563976,False,False,False,False,-0.1293355399810366,-0.1399084138498597,False,False,False,False,18117.0,11675.059900119742,False,False,False,False,711.6556853959293,False,False,False,False
2025-04-01 17:00:00+00:00,21.41,21.42,21.335,21.35,200.0,,,,,,,,,,,,,,,,,,,,,,,,21.463456412551597,21.52322690062236,"rgba(239, 83, 80, 1.0)",0.0,0.0,0.12132890299807406,21.5243232830783,-1.436782817372585,0.0,0.0,0.0,0.0,0.0,0.0,0.0,0.0,52.84926567157916,0.8297341117898327,True,False,True,False,False,0.0,0,0.9108153078203,0.9973377703826956,False,False,False,False,-0.16086104832855233,-0.15038473108920603,False,False,False,False,17917.0,11771.834165234164,False,False,False,False,703.7230391107211,False,False,False,False
2025-04-01 18:00:00+00:00,21.35,21.35,21.255,21.305,10.0,,,,,,,,,,,,,,,,,,,,,,,,21.46342987442753,21.523203361950234,"rgba(239, 83, 80, 1.0)",0.0,0.0,0.1217844795508559,21.524272951830564,-1.8004999704334137,0.0,0.0,0.0,0.0,0.0,0.0,0.0,0.0,49.34933470033217,4.739785474778714,True,False,False,False,False,0.0,0,0.9029255319148938,1.002992021276596,False,False,False,False,-0.20647052776057354,-0.17842762942488977,False,False,False,False,17907.0,11866.953015385572,False,False,False,False,692.967643155516,False,False,False,False
2025-04-01 19:00:00+00:00,21.295,21.435,21.295,21.425,3320.0,,,,,,,,,,,,,,,,,,,,,,,,21.459339402317635,21.5184602913712,"rgba(239, 83, 80, 1.0)",0.0,0.0,0.12108008666746453,21.51900142704759,-0.7763574476598866,0.0,0.0,0.0,0.0,0.0,0.0,0.0,0.0,51.431397561255395,4.739785474778714,True,False,False,False,False,0.0,1,0.9123505976095622,0.9933598937583005,False,False,False,False,-0.16841176678579803,-0.1734196981053439,False,False,False,False,21227.0,12012.070022898974,False,False,False,False,733.6968269825622,False,False,False,False
2025-04-02 14:00:00+00:00,21.32,21.455,21.32,21.445,269.0,,,,,,,,,,,,,,,,,,,,,,,,21.459117755946984,21.51815028812354,"rgba(239, 83, 80, 1.0)",0.0,0.0,0.11976880882592442,21.518788646556057,-0.6160923472429599,0.0,0.0,0.0,0.0,0.0,0.0,0.0,0.0,53.43076413549765,4.739785474778714,True,False,True,False,True,0.0,1,0.9190175904414207,0.9877198805177567,False,False,False,False,-0.1548335803698266,-0.16412663923758525,False,False,False,False,21496.0,12159.107696962556,False,False,False,False,726.4922250138403,False,False,False,False
2025-04-02 15:00:00+00:00,21.44,21.475,21.395,21.4,200.0,,,,,,,,,,,,,,,,,,,,,,,,21.459006149351804,21.517955205557904,"rgba(239, 83, 80, 1.0)",0.0,0.0,0.11946381713145134,21.51872391334869,-0.9938064612321464,0.0,0.0,0.0,0.0,0.0,0.0,0.0,0.0,52.95178456898365,4.739785474778714,True,False,True,False,True,0.0,1,0.9320679320679325,0.9786879786879789,False,False,False,False,-0.12634736191737753,-0.1452370005774814,False,False,False,False,21296.0,12300.764941970887,False,False,False,False,718.3295548585869,False,False,False,False
2025-04-02 16:00:00+00:00,21.395,21.475,21.395,21.46,168.0,,,,,,,,,,,,,,,,,,,,,,,,21.45896519633766,21.517826461275142,"rgba(239, 83, 80, 1.0)",0.0,0.0,0.11944119137973898,21.51876113274907,-0.4919670682306748,0.0,0.0,0.0,0.0,0.0,0.0,0.0,0.0,54.62189650559643,4.739785474778714,True,False,True,False,True,0.0,1,0.9454237288135598,0.9772881355932205,False,False,False,False,-0.12634736191737753,-0.13579218124742948,False,False,False,False,21464.0,12442.830601785292,False,False,False,False,709.7973136979886,False,False,False,False
2025-04-02 17:00:00+00:00,21.46,21.505,21.395,21.43,104.0,,,,,,,,,,,,,,,,,,,,,,,,21.458939951551297,21.517746984820665,"rgba(239, 83, 80, 1.0)",0.0,0.0,0.11827658834851747,21.518782248897896,-0.7506324805065199,0.0,0.0,0.0,0.0,0.0,0.0,0.0,0.0,54.47248126064187,4.739785474778714,True,False,True,False,True,0.0,1,0.9502201151371492,0.969522519471724,False,False,False,False,-0.11739606166026113,-0.1265941214538453,False,False,False,False,21360.0,12581.081290129705,False,False,False,False,700.4051072840662,False,False,False,False
2025-04-02 18:00:00+00:00,21.435,21.48,21.375,21.395,1052.0,,,,,,,,,,,,,,,,,,,,,,,,21.458260478736953,21.516667766151436,"rgba(239, 83, 80, 1.0)",0.0,0.0,0.11788381820507833,21.51819230322321,-1.0450314988007625,0.0,0.0,0.0,0.0,0.0,0.0,0.0,0.0,52.946142803203095,4.739785474778714,True,False,True,False,True,0.0,1,0.9456448345712362,0.972316002700878,False,False,False,False,-0.13083048752178206,-0.12871230448781368,False,False,False,False,20308.0,12700.878479430019,False,False,False,False,705.8561908920651,False,False,False,False
2025-04-02 19:00:00+00:00,21.395,21.54,21.395,21.525,1100.0,,,,,,,,,,,,,,,,,,,,,,,,21.458730002504385,21.516336531802356,"rgba(38, 166, 154, 1.0)",0.0,0.0,0.11649931368940969,21.517712159647736,0.062556938075119,0.0,0.0,0.0,0.0,0.0,0.0,0.0,0.0,56.074084511030875,1.4051602582336002,True,False,True,False,True,1.7646701391183761,1,0.9471913891691898,0.9704002690884632,False,False,False,False,-0.10697639387217217,-0.11784434917999292,False,False,False,False,21408.0,12835.872611531879,False,False,False,True,711.9669476224207,False,False,False,False
2025-04-03 14:00:00+00:00,20.77,20.785,20.635,20.655,442.0,,,,,,,,,,,,,,,,,,,,,,,,21.4536690699387,21.512694149937218,"rgba(239, 83, 80, 1.0)",0.0,0.0,0.14614721690481391,21.49812867261885,-5.769036800529576,0.0,0.0,0.0,0.0,0.0,0.0,0.0,0.0,44.62533564539815,0.23966969927146664,False,False,False,True,False,0.0,0,0.9279106858054234,0.9763955342902715,False,False,False,False,-0.34282825441539394,-0.23033630179769343,False,False,False,False,20966.0,12961.921098174795,False,False,False,False,707.7814135507552,False,False,False,False
2025-04-03 15:00:00+00:00,20.645,20.75,20.645,20.71,801.0,,,,,,,,,,,,,,,,,,,,,,,,21.444783876408085,21.506254105782137,"rgba(239, 83, 80, 1.0)",0.0,0.0,0.16632400811575504,21.475280829815016,-4.601144708359901,0.0,0.0,0.0,0.0,0.0,0.0,0.0,0.0,38.14805962374094,-5.209389809686293,False,True,False,True,False,0.0,0,0.9411764705882357,0.9796380090497742,False,False,False,False,-0.34282825441539394,-0.2865822781065437,False,False,False,False,21767.0,13098.433949365883,False,False,False,False,709.2266629530691,False,False,False,False
2025-04-03 16:00:00+00:00,20.71,20.77,20.64,20.665,0.0,,,,,,,,,,,,,,,,,,,,,,,,21.444783876408085,21.506254105782137,"rgba(239, 83, 80, 1.0)",0.0,0.0,0.18597364920389303,21.475280829815016,-4.356965802863083,0.0,0.0,0.0,0.0,0.0,0.0,0.0,0.0,33.50102321582899,-8.999366031342312,False,True,False,True,False,0.0,0,0.9448051948051954,0.9668831168831172,False,False,False,False,-0.33916000166824123,-0.31287113988739246,False,False,False,False,21767.0,13232.83032224393,False,False,False,False,698.2309007367425,False,False,False,False
2025-04-03 17:00:00+00:00,20.665,20.675,20.61,20.64,10.0,,,,,,,,,,,,,,,,,,,,,,,,21.444665427783434,21.506168404636355,"rgba(239, 83, 80, 1.0)",0.0,0.0,0.20527465670340186,21.475017735818632,-4.067807245319794,0.0,0.0,0.0,0.0,0.0,0.0,0.0,0.0,30.210232551485575,-11.71254354016073,False,True,False,True,False,0.0,0,0.9495278410941069,0.9605991533702382,False,False,False,False,-0.34282825441539394,-0.3278496971513932,False,False,False,False,21757.0,13364.987991666505,False,False,False,False,687.5606542136921,False,False,False,False
2025-04-03 18:00:00+00:00,20.64,20.66,20.56,20.59,903.0,,,,,,,,,,,,,,,,,,,,,,,,21.433607836287955,21.498158933197107,"rgba(239, 83, 80, 1.0)",0.0,0.0,0.22527810640459586,21.45294608157342,-3.8305812106906734,0.0,0.0,0.0,0.0,0.0,0.0,0.0,0.0,27.614605112640344,-14.002024771919594,False,True,False,True,False,0.0,0,0.9429967426710104,0.9648208469055379,False,False,False,False,-0.34282825441539394,-0.33533897578339356,False,False,False,False,20854.0,13481.096704974001,False,False,False,False,690.9007991096039,False,False,False,False
2025-04-03 19:00:00+00:00,20.59,20.615,20.425,20.44,682.0,,,,,,,,,,,,,,,,,,,,,,,,21.424366076747184,21.49147114411839,"rgba(239, 83, 80, 1.0)",0.0,0.0,0.24999580176658256,21.436495160799677,-3.986047580631327,0.0,0.0,0.0,0.0,0.0,0.0,0.0,0.0,24.786387430522883,-16.686821917907636,False,True,False,True,False,0.0,0,0.933830684398314,0.9698345767109965,False,False,False,False,-0.34282825441539394,-0.3390836150993938,False,False,False,False,20172.0,13584.831639780605,False,False,False,False,690.7628022241836,False,False,False,False
2025-04-04 14:00:00+00:00,19.805,19.805,19.5,19.675,201.0,,,,,,,,,,,,,,,,,,,,,,,,21.419269903768317,21.48788562059674,"rgba(239, 83, 80, 1.0)",0.0,0.0,0.3168195979696864,21.426486915969896,-5.528341451078665,0.0,0.0,0.0,0.0,0.0,0.0,0.0,0.0,19.9847753057597,-21.257555313134446,False,True,False,True,False,0.0,0,0.9102091020910217,0.9876998769987705,False,False,False,False,-0.34282825441539394,-0.34095593475739383,False,False,False,False,19971.0,13683.842001954548,False,False,False,False,683.1695804842738,False,False,False,False
2025-04-04 15:00:00+00:00,19.67,19.905,19.6,19.605,336.0,,,,,,,,,,,,,,,,,,,,,,,,21.411024573948282,21.48206450756914,"rgba(239, 83, 80, 1.0)",0.0,0.0,0.37448033663002805,21.411069853092773,-4.822869658112647,0.0,0.0,0.0,0.0,0.0,0.0,0.0,0.0,16.628115989076562,-24.481093086490226,False,True,False,True,False,0.0,0,0.9199391171993919,0.9817351598173519,False,False,False,False,-0.31413431273774883,-0.32754512374757133,False,False,False,False,19635.0,13776.10801742812,False,False,False,False,677.7871063682385,False,False,False,False
2025-04-04 16:00:00+00:00,19.605,19.685,19.5,19.52,543.0,,,,,,,,,,,,,,,,,,,,,,,,21.396825485799702,21.47202910377374,"rgba(239, 83, 80, 1.0)",0.0,0.0,0.4271749541364272,21.385744809768187,-4.3676362382714125,0.0,0.0,0.0,0.0,0.0,0.0,0.0,0.0,14.199104806978934,-26.937636999625916,False,True,False,True,False,0.0,0,0.9208764455264765,0.9905660377358496,False,False,False,False,-0.34282825441539394,-0.33518668908148264,False,False,False,False,19092.0,13858.524947390473,False,False,False,False,675.697383788886,False,False,False,False
2025-04-04 17:00:00+00:00,19.525,19.665,19.405,19.65,338.0,,,,,,,,,,,,,,,,,,,,,,,,21.388120851340283,21.465851630457454,"rgba(239, 83, 80, 1.0)",0.0,0.0,0.46586920601938797,21.371065140921676,-3.6943097304655335,0.0,0.0,0.0,0.0,0.0,0.0,0.0,0.0,15.316035557668673,-26.937636999625916,False,True,False,True,False,0.0,0,0.9087888855330722,0.9960736937481129,False,False,False,False,-0.34282825441539394,-0.33900747174843826,False,False,False,False,19430.0,13944.904405570465,False,False,False,False,670.4617654355699,False,False,False,False
2025-04-04 18:00:00+00:00,19.655,19.685,19.38,19.47,381.0,,,,,,,,,,,,,,,,,,,,,,,,21.378077879388094,21.458710949987854,"rgba(239, 83, 80, 1.0)",0.0,0.0,0.5083151643481874,21.35464544232099,-3.707631749955114,0.0,0.0,0.0,0.0,0.0,0.0,0.0,0.0,15.337548510940062,-26.937636999625916,False,True,False,True,False,0.0,0,0.9100655151876121,0.9895771292435978,False,False,False,False,-0.34282825441539394,-0.3409178630819161,False,False,False,False,19049.0,14024.03767060038,False,False,False,False,665.9739861264912,False,False,False,False
2025-04-04 19:00:00+00:00,19.48,19.67,19.445,19.505,1747.0,,,,,,,,,,,,,,,,,,,,,,,,21.334050100090497,21.42709289565942,"rgba(239, 83, 80, 1.0)",0.0,0.0,0.5445652700396456,21.289184531856325,-3.276346528169953,0.0,0.0,0.0,0.0,0.0,0.0,0.0,0.0,16.094497987292378,-26.937636999625916,False,True,False,True,False,0.0,0,0.9129022733982882,0.992914083259522,False,False,False,False,-0.3359283209007327,-0.33842309199132437,False,False,False,False,20796.0,14129.029334622079,False,False,False,False,682.7340793648402,False,False,False,False
2025-04-07 14:00:00+00:00,19.01,19.68,18.905,19.68,1010.0,,,,,,,,,,,,,,,,,,,,,,,,21.30792888311876,21.408167593241455,"rgba(239, 83, 80, 1.0)",0.0,0.0,0.5714717683158119,21.253172575896045,-2.7528439078142948,0.0,0.0,0.0,0.0,0.0,0.0,0.0,0.0,20.141696276575598,-26.937636999625916,False,True,False,True,True,0.0,0,0.8821347031963477,1.0017123287671237,False,False,False,False,-0.34282825441539394,-0.3406256732033591,False,False,False,False,21806.0,14248.05213563569,False,False,False,False,687.8079696072457,False,False,False,False
2025-04-07 15:00:00+00:00,19.68,19.68,18.95,19.12,0.0,,,,,,,,,,,,,,,,,,,,,,,,21.30792888311876,21.408167593241455,"rgba(239, 83, 80, 1.0)",0.0,0.0,0.6164975687318414,21.253172575896045,-3.4601475887148427,0.0,0.0,0.0,0.0,0.0,0.0,0.0,0.0,19.855181760276754,-26.937636999625916,False,True,False,True,True,0.0,0,0.885572139303483,1.0027639579878391,False,False,False,False,-0.3371269270697275,-0.33887630013654335,False,False,False,False,21806.0,14365.229621904904,False,False,False,False,677.1442801559706,False,False,False,False
2025-04-07 16:00:00+00:00,19.11,19.115,18.885,18.91,300.0,,,,,,,,,,,,,,,,,,,,,,,,21.298481942424083,21.401352309961954,"rgba(239, 83, 80, 1.0)",0.0,0.0,0.6656391834338946,21.239887714574596,-3.500226207470522,0.0,0.0,0.0,0.0,0.0,0.0,0.0,0.0,18.90577162019457,-26.937636999625916,False,True,False,True,True,0.0,0,0.8751387347391791,1.0457824639289681,False,False,False,False,-0.34282825441539394,-0.3408522772759687,False,False,False,False,21506.0,14475.939240169944,False,False,False,False,671.2970820140175,False,False,False,False
2025-04-07 17:00:00+00:00,18.91,19.34,18.91,19.305,500.0,,,,,,,,,,,,,,,,,,,,,,,,21.28434380463092,21.391074766210682,"rgba(239, 83, 80, 1.0)",0.0,0.0,0.6945902609673205,21.220906722889133,-2.7583264991664977,0.0,0.0,0.0,0.0,0.0,0.0,0.0,0.0,23.800145265718932,-32.51797461072327,False,True,False,True,True,0.0,0,0.879662401306834,1.0274979580724208,False,False,False,False,-0.3142505931546182,-0.3275514352152934,False,False,False,False,22006.0,14592.684368229324,False,False,False,False,668.641313300622,False,False,False,False
2025-04-07 18:00:00+00:00,19.305,19.345,19.095,19.115,13.0,,,,,,,,,,,,,,,,,,,,,,,,21.283978735547624,21.390808821256574,"rgba(239, 83, 80, 1.0)",0.0,0.0,0.727752042962475,21.22042294836804,-2.8930498632438777,0.0,0.0,0.0,0.0,0.0,0.0,0.0,0.0,25.970638507077947,-30.27615926290568,False,True,False,True,True,0.0,0,0.8900054318305273,1.033677349266703,False,False,False,False,-0.29286144686425214,-0.3102064410397728,False,False,False,False,21993.0,14707.41794391569,False,False,False,False,658.4763316990619,False,False,False,False
2025-04-07 19:00:00+00:00,19.115,19.245,19.04,19.12,2180.0,,,,,,,,,,,,,,,,,,,,,,,,21.223087699459736,21.346110106225037,"rgba(239, 83, 80, 1.0)",0.0,0.0,0.7584142833737015,21.1430024506605,-2.66741080041564,0.0,0.0,0.0,0.0,0.0,0.0,0.0,0.0,27.484540997992482,-28.61812896214976,False,True,False,True,True,0.0,0,0.8798271671617611,1.0410477990818259,False,False,False,False,-0.31029004116888387,-0.31024824110432836,False,False,False,False,24173.0,14854.17115408754,False,False,False,False,682.0658459362858,False,False,False,False
2025-04-08 14:00:00+00:00,19.5,19.58,19.32,19.33,1763.0,,,,,,,,,,,,,,,,,,,,,,,,21.182471770436262,21.315573949657512,"rgba(239, 83, 80, 1.0)",0.0,0.0,0.7805020791103094,21.09705941630583,-2.264003471099133,0.0,0.0,0.0,0.0,0.0,0.0,0.0,0.0,31.268451343510208,-24.876261054479638,False,True,False,True,True,0.0,0,0.8826800847457632,1.023305084745763,False,False,False,False,-0.24209823501009162,-0.27617323805721,False,False,False,False,25936.0,15025.982454024166,False,False,False,False,698.8245149915372,False,False,False,False
2025-04-08 15:00:00+00:00,19.325,19.385,19.215,19.375,536.0,,,,,,,,,,,,,,,,,,,,,,,,21.169906713278483,21.306074518253396,"rgba(239, 83, 80, 1.0)",0.0,0.0,0.7993527111086677,21.083050201316954,-2.1367916535217133,0.0,0.0,0.0,0.0,0.0,0.0,0.0,0.0,34.36329419312513,-21.87202115412908,False,True,False,True,True,0.0,0,0.8794513321023482,1.03165391717225,False,False,False,False,-0.2750501896573677,-0.2756117138572889,False,False,False,False,26472.0,15203.440090395883,False,False,False,False,696.3001039063971,False,False,False,False
2025-04-08 16:00:00+00:00,19.37,19.41,19.015,19.015,3723.0,,,,,,,,,,,,,,,,,,,,,,,,21.07910857572215,21.236792585889923,"rgba(239, 83, 80, 1.0)",0.0,0.0,0.8271259640226396,20.983775870022182,-2.380261236689087,0.0,0.0,0.0,0.0,0.0,0.0,0.0,0.0,33.70048589035453,-21.87202115412908,False,True,False,True,True,0.0,0,0.8679393305439336,1.040010460251046,False,False,False,False,-0.2945403902815511,-0.28507605206942,False,False,False,False,22749.0,15320.425515350986,False,False,False,False,743.225683690794,False,False,False,False
2025-04-08 17:00:00+00:00,19.015,19.045,18.815,18.96,1300.0,,,,,,,,,,,,,,,,,,,,,,,,21.04610508471895,21.21134661382876,"rgba(239, 83, 80, 1.0)",0.0,0.0,0.8557308135303099,20.948426013462758,-2.323658307055139,0.0,0.0,0.0,0.0,0.0,0.0,0.0,0.0,32.897094338799135,-21.87202115412908,False,True,False,True,True,0.0,0,0.8641489640702865,1.060057697351167,False,False,False,False,-0.34282825441539394,-0.313952153242407,False,False,False,False,21449.0,15415.442174027714,False,False,False,False,751.8578436335723,False,False,False,False
2025-04-08 18:00:00+00:00,18.96,18.985,18.77,18.79,800.0,,,,,,,,,,,,,,,,,,,,,,,,21.025434521920086,21.19534516957282,"rgba(239, 83, 80, 1.0)",0.0,0.0,0.8877420390676274,20.92643659530426,-2.4065961746591444,0.0,0.0,0.0,0.0,0.0,0.0,0.0,0.0,31.27327708133022,-21.87202115412908,False,True,False,True,False,0.0,0,0.8488070539419091,1.0622406639004152,False,False,False,False,-0.34282825441539394,-0.3283902038289005,False,False,False,False,20649.0,15496.582605438138,False,False,False,False,752.6042336547572,False,False,False,False
2025-04-08 19:00:00+00:00,18.79,18.805,18.44,18.675,2623.0,,,,,,,,,,,,,,,,,,,,,,,,20.95407443945166,21.13984248762728,"rgba(239, 83, 80, 1.0)",0.0,0.0,0.9199865353499725,20.850830781832986,-2.365068072442252,0.0,0.0,0.0,0.0,0.0,0.0,0.0,0.0,29.503534329428568,-21.87202115412908,False,True,False,True,False,0.0,0,0.8475452196382435,1.0713178294573646,False,False,False,False,-0.34282825441539394,-0.3356092291221472,False,False,False,False,18026.0,15535.798378997235,False,False,False,False,781.602617629102,False,False,False,False
2025-04-09 14:00:00+00:00,18.61,18.66,18.32,18.32,923.0,,,,,,,,,,,,,,,,,,,,,,,,20.927815830558853,21.119313355685946,"rgba(239, 83, 80, 1.0)",0.0,0.0,0.9611003547454932,20.823173690346586,-2.604487323292525,0.0,0.0,0.0,0.0,0.0,0.0,0.0,0.0,26.56263318059665,-18.042935856979597,False,True,False,True,False,0.0,0,0.8509874326750454,1.0638625288535524,False,False,False,False,-0.34282825441539394,-0.33921874176877054,False,False,False,False,17103.0,15560.096078547664,True,False,False,False,783.7948251077206,True,False,False,False
2025-04-09 15:00:00+00:00,18.32,18.515,18.315,18.345,0.0,,,,,,,,,,,,,,,,,,,,,,,,20.927815830558853,21.119313355685946,"rgba(239, 83, 80, 1.0)",0.0,0.0,0.9986701878719344,20.823173690346586,-2.481473584014083,0.0,0.0,0.0,0.0,0.0,0.0,0.0,0.0,25.02150326735818,-19.67662716244772,False,True,False,True,False,0.0,0,0.8533333333333339,1.067948717948718,True,False,False,False,-0.34282825441539394,-0.3410234980920822,False,False,False,False,17103.0,15584.01706957793,False,False,False,False,771.6429673541126,False,False,False,False
2025-04-09 16:00:00+00:00,18.345,18.57,18.32,18.51,0.0,,,,,,,,,,,,,,,,,,,,,,,,20.927815830558853,21.119313355685946,"rgba(239, 83, 80, 1.0)",0.0,0.0,1.0280258874295165,20.823173690346586,-2.2501122964232554,0.0,0.0,0.0,0.0,0.0,0.0,0.0,0.0,26.73622037807839,-19.67662716244772,False,True,False,True,False,0.0,0,0.8724173553719015,1.0617252066115703,False,False,False,False,-0.33604832954141856,-0.3385359138167504,False,False,False,False,17103.0,15607.56719253021,False,False,False,False,759.6795104959092,False,False,False,False
2025-04-09 17:00:00+00:00,18.51,19.71,18.505,19.71,854.0,,,,,,,,,,,,,,,,,,,,,,,,20.912355809178884,21.106692358957623,"rgba(38, 166, 154, 1.0)",0.0,0.0,1.029413823406233,20.734146047313057,-0.9948827420291035,0.0,0.0,0.0,0.0,0.0,0.0,0.0,0.0,38.65740928211106,-17.46475661525819,False,False,False,True,True,0.0,0,0.8892149669845933,0.9946197114208853,False,False,False,False,-0.19257513212748373,-0.26555552297211704,False,False,False,False,17957.0,15643.992507374704,False,False,False,False,761.1418436665152,False,False,False,False
2025-04-09 18:00:00+00:00,19.71,19.845,19.495,19.495,1.0,,,,,,,,,,,,,,,,,,,,,,,,20.912341269841274,21.106680158749594,"rgba(38, 166, 154, 1.0)",0.0,0.0,1.033158696373365,20.734152589280793,-1.1993826249834754,0.0,0.0,0.0,0.0,0.0,0.0,0.0,0.0,44.82655001254345,-12.256532083534509,True,False,False,True,True,0.0,0,0.9416888458746681,0.9852407452213888,False,False,False,False,-0.07684817823339551,-0.17120185060275628,False,False,False,False,17956.0,15679.837584779747,False,False,False,False,749.3566988034685,False,False,False,False
2025-04-09 19:00:00+00:00,19.495,19.925,19.465,19.82,1564.0,,,,,,,,,,,,,,,,,,,,,,,,20.892140497744187,21.089414930905285,"rgba(38, 166, 154, 1.0)",0.0,0.0,1.032519995225545,20.650664986925328,-0.8045025672784925,0.0,0.0,0.0,0.0,0.0,0.0,0.0,0.0,50.74924310879885,-7.2577713802350985,True,False,True,False,True,0.0,0,0.9427417438821578,0.977904490377762,False,False,False,False,-0.07177438065430736,-0.12148811562853182,False,False,False,False,19520.0,15739.374986566107,False,False,False,False,761.9868275041899,False,False,False,False
2025-04-10 14:00:00+00:00,19.27,19.3,19.085,19.085,0.0,,,,,,,,,,,,,,,,,,,,,,,,20.892140497744187,21.089414930905285,"rgba(38, 166, 154, 1.0)",0.0,0.0,1.042250350344298,20.650664986925328,-1.5021966520885544,0.0,0.0,0.0,0.0,0.0,0.0,0.0,0.0,49.609584680253896,-7.2577713802350985,True,False,False,False,True,0.0,0,0.9164733178654297,0.991415313225058,False,False,False,False,-0.17483324164285685,-0.14816067863569432,False,False,False,False,19520.0,15797.989327859656,False,False,False,False,750.1730782405591,False,False,False,False
2025-04-10 15:00:00+00:00,19.085,19.135,18.905,18.925,64.0,,,,,,,,,,,,,,,,,,,,,,,,20.89080284999122,21.088331977654114,"rgba(38, 166, 154, 1.0)",0.0,0.0,1.0544327154216004,20.64724276253282,-1.6333358566593825,0.0,0.0,0.0,0.0,0.0,0.0,0.0,0.0,47.96070766224427,-7.2577713802350985,True,False,False,False,False,0.0,0,0.906018518518519,0.9990740740740741,False,False,False,False,-0.21096492985912996,-0.17956280424741214,False,False,False,False,19456.0,15854.70267161377,False,False,False,False,739.5347359422558,False,False,False,False
2025-04-10 16:00:00+00:00,18.925,18.98,18.665,18.93,114.0,,,,,,,,,,,,,,,,,,,,,,,,20.888262318808803,21.08628648595008,"rgba(38, 166, 154, 1.0)",0.0,0.0,1.0644973944086107,20.640611751905066,-1.606966593709146,0.0,0.0,0.0,0.0,0.0,0.0,0.0,0.0,46.89792943452216,-7.2577713802350985,True,False,False,True,False,0.0,0,0.9007633587786263,0.9986120749479529,False,False,False,False,-0.25301669266506405,-0.2162897484562381,False,False,False,False,19570.0,15912.304180580997,False,False,False,False,729.8365229819108,False,False,False,False
2025-04-10 17:00:00+00:00,18.93,19.12,18.71,19.11,102.0,,,,,,,,,,,,,,,,,,,,,,,,20.88613050906861,21.084559258217098,"rgba(38, 166, 154, 1.0)",0.0,0.0,1.0720641536538604,20.63581604154658,-1.4232506854615192,0.0,0.0,0.0,0.0,0.0,0.0,0.0,0.0,47.5543448228361,-7.2577713802350985,True,False,False,True,False,0.0,0,0.904631530914899,0.9917864476386037,False,False,False,False,-0.23322101143147184,-0.22475537994385497,False,False,False,False,19672.0,15970.594038246407,False,False,False,False,720.1026234007959,False,False,False,False
2025-04-10 18:00:00+00:00,19.11,19.245,18.96,19.115,0.0,,,,,,,,,,,,,,,,,,,,,,,,20.88613050906861,21.084559258217098,"rgba(38, 166, 154, 1.0)",0.0,0.0,1.078969027434143,20.63581604154658,-1.40950852422815,0.0,0.0,0.0,0.0,0.0,0.0,0.0,0.0,48.03135542818967,-7.2577713802350985,True,False,False,False,False,0.0,0,0.9144989821307402,0.9877855688758199,False,False,False,False,-0.19362240573767153,-0.20918889284076325,False,False,False,False,19672.0,16027.980177188323,False,False,False,False,708.938241642644,False,False,False,False
2025-04-10 19:00:00+00:00,19.115,19.235,18.895,19.13,1856.0,,,,,,,,,,,,,,,,,,,,,,,,20.8502803062831,21.05518616508636,"rgba(38, 166, 154, 1.0)",0.0,0.0,1.084578499935593,20.583060673051794,-1.3397468907396595,0.0,0.0,0.0,0.0,0.0,0.0,0.0,0.0,48.48100423023358,-7.2577713802350985,True,False,False,False,False,0.0,0,0.9123121776183005,0.9908051132540929,False,False,False,False,-0.2014905114648121,-0.20533970215278768,False,False,False,False,21528.0,16113.251802348193,False,False,False,False,726.7221448729906,False,False,False,False
2025-04-11 14:00:00+00:00,18.965,19.105,18.84,18.9,1735.0,,,,,,,,,,,,,,,,,,,,,,,,20.815506313996178,21.026623077764587,"rgba(38, 166, 154, 1.0)",0.0,0.0,1.093345452855271,20.541101906096113,-1.5009912025612562,0.0,0.0,0.0,0.0,0.0,0.0,0.0,0.0,46.84164806423581,-7.2577713802350985,True,False,False,True,False,0.0,0,0.9067022934758412,0.9973279893119574,False,False,False,False,-0.2210063953473854,-0.21317304875008652,False,False,False,False,19793.0,16170.30216200171,False,False,False,False,742.3543596811613,False,False,False,False
2025-04-11 15:00:00+00:00,18.9,19.04,18.82,18.985,902.0,,,,,,,,,,,,,,,,,,,,,,,,20.797925491751663,21.012077403953096,"rgba(38, 166, 154, 1.0)",0.0,0.0,1.100268546253092,20.522309266898503,-1.397212773312235,0.0,0.0,0.0,0.0,0.0,0.0,0.0,0.0,46.62714397393131,-7.2577713802350985,True,False,False,True,False,0.0,0,0.9066725781423193,0.9993349589891379,False,False,False,False,-0.23002813428891983,-0.22160059151950318,False,False,False,False,20695.0,16240.452516079202,False,False,False,False,744.829485887655,False,False,False,False
2025-04-11 16:00:00+00:00,18.985,19.205,18.95,19.18,208.0,,,,,,,,,,,,,,,,,,,,,,,,20.79427212124369,21.009015217245352,"rgba(38, 166, 154, 1.0)",0.0,0.0,1.1034428798942009,20.519059866895113,-1.2135289386465598,0.0,0.0,0.0,0.0,0.0,0.0,0.0,0.0,48.41290187009487,-6.979297883001244,True,False,False,False,False,0.0,0,0.9125912812569157,0.9962381057756143,False,False,False,False,-0.19886511988306338,-0.21023285570128328,False,False,False,False,20903.0,16312.740073969448,False,False,False,False,736.5065481219548,False,False,False,False
2025-04-11 17:00:00+00:00,19.185,19.42,19.105,19.34,1696.0,,,,,,,,,,,,,,,,,,,,,,,,20.768130401258265,20.98670116427847,"rgba(38, 166, 154, 1.0)",0.0,0.0,1.101819310410201,20.500516720758085,-1.0532731726457325,0.0,0.0,0.0,0.0,0.0,0.0,0.0,0.0,51.04882935344513,-4.136865352860383,True,False,False,False,True,0.0,0,0.9238534123326756,0.979152951503182,False,False,False,False,-0.1603041239769111,-0.1852684898390972,False,False,False,False,22599.0,16410.20146817147,False,False,False,False,751.3824155929323,False,False,False,False
2025-04-11 18:00:00+00:00,19.345,19.36,19.22,19.265,300.0,,,,,,,,,,,,,,,,,,,,,,,,20.763580048502913,20.982798947732466,"rgba(38, 166, 154, 1.0)",0.0,0.0,1.1010020292753717,20.497204198020604,-1.1191661461619495,0.0,0.0,0.0,0.0,0.0,0.0,0.0,0.0,51.95268271129619,-2.983806312596222,True,False,True,False,True,0.0,0,0.9293371253555025,0.9792168015751479,False,False,False,False,-0.1546148948428286,-0.1699416923409629,False,False,False,False,22299.0,16501.500670215326,False,False,False,False,744.3842386069953,False,False,False,False
2025-04-11 19:00:00+00:00,19.265,19.385,19.255,19.355,2444.0,,,,,,,,,,,,,,,,,,,,,,,,20.728739127549076,20.952577363210164,"rgba(38, 166, 154, 1.0)",0.0,0.0,1.0985958482708078,20.473103133984278,-1.0177565623829492,0.0,0.0,0.0,0.0,0.0,0.0,0.0,0.0,53.446465528334556,-1.282450579561612,True,False,True,False,True,0.0,0,0.9334937650404731,0.9781229490264713,False,False,False,False,-0.1484197549510648,-0.15918072364601385,False,False,False,False,24743.0,16629.27585362284,False,False,False,False,770.7348705665768,False,False,False,False
2025-04-14 14:00:00+00:00,19.575,19.675,19.535,19.635,395.0,,,,,,,,,,,,,,,,,,,,,,,,20.724376504032797,20.9486321786725,"rgba(38, 166, 154, 1.0)",0.0,0.0,1.0936426652610518,20.47141946479881,-0.7648014213117369,0.0,0.0,0.0,0.0,0.0,0.0,0.0,0.0,56.88655729118041,2.1356353175531027,True,False,True,False,True,0.0,0,0.9382046834345191,0.9705117085862967,False,False,False,False,-0.09005921372461326,-0.12461996868531355,False,False,False,False,25138.0,16761.19405744264,False,False,False,False,764.9095237360872,False,False,False,False
2025-04-14 15:00:00+00:00,19.64,19.655,19.415,19.425,504.0,,,,,,,,,,,,,,,,,,,,,,,,20.71827919429534,20.943194569462527,"rgba(38, 166, 154, 1.0)",0.0,0.0,1.0897586310160112,20.468071407998373,-0.957158198440593,0.0,0.0,0.0,0.0,0.0,0.0,0.0,0.0,56.53673693171678,2.1356353175531027,True,False,True,False,True,0.0,0,0.9319552110249789,0.9715762273901809,False,False,False,False,-0.10432176648384832,-0.11447086758458094,False,False,False,False,24634.0,16883.253064303997,False,False,False,False,760.864414840954,False,False,False,False
2025-04-14 16:00:00+00:00,19.425,19.57,19.39,19.5,1203.0,,,,,,,,,,,,,,,,,,,,,,,,20.703830893801545,20.93027538561359,"rgba(38, 166, 154, 1.0)",0.0,0.0,1.0837528931141778,20.459704883374428,-0.8855384741965523,0.0,0.0,0.0,0.0,0.0,0.0,0.0,0.0,57.004036205778114,2.621974925979039,True,False,True,False,True,0.0,0,0.9303879310344834,0.9823275862068965,False,False,False,False,-0.11555751269488314,-0.11501419013973205,False,False,False,False,25837.0,17022.07084625277,False,False,False,False,767.7192301147377,False,False,False,False
2025-04-14 17:00:00+00:00,19.5,19.635,19.49,19.605,1491.0,,,,,,,,,,,,,,,,,,,,,,,,20.687677162831534,20.91555656035998,"rgba(38, 166, 154, 1.0)",0.0,0.0,1.0750144059374227,20.451530852749944,-0.7874600080468319,0.0,0.0,0.0,0.0,0.0,0.0,0.0,0.0,58.293109945911404,4.103273090425326,True,False,True,False,True,0.0,0,0.9316276069662444,0.9825843904536659,False,False,False,False,-0.09871389461235303,-0.10686404237604254,False,False,False,False,27328.0,17181.852693597684,False,False,False,False,778.932885461796,False,False,False,False
2025-04-14 18:00:00+00:00,19.605,19.675,19.605,19.66,1.0,,,,,,,,,,,,,,,,,,,,,,,,20.68766715686746,20.915547306495526,"rgba(38, 166, 154, 1.0)",0.0,0.0,1.0663391825550954,20.451526475081288,-0.7422839637053203,0.0,0.0,0.0,0.0,0.0,0.0,0.0,0.0,59.66723084610912,5.630599006383029,True,False,True,False,True,0.0,0,0.935282734895722,0.9812943453020856,False,False,False,False,-0.0829419754350255,-0.09490300890553402,False,False,False,False,27329.0,17339.172806875238,False,False,False,False,766.8719104933961,False,False,False,False
2025-04-14 19:00:00+00:00,19.655,19.735,19.635,19.65,900.0,,,,,,,,,,,,,,,,,,,,,,,,20.67896781304695,20.907447084963533,"rgba(38, 166, 154, 1.0)",0.0,0.0,1.0578614625147713,20.447917231789692,-0.7542738440370699,0.0,0.0,0.0,0.0,0.0,0.0,0.0,0.0,60.41670911980837,6.564645936387784,True,False,True,False,True,0.0,0,0.9357679914070899,0.9800214822771215,False,False,False,False,-0.07380344246684341,-0.08435322568618872,False,False,False,False,26429.0,17480.100360257016,False,False,False,False,768.9359118810953,False,False,False,False
2025-04-15 14:00:00+00:00,19.735,19.82,19.67,19.71,100.0,,,,,,,,,,,,,,,,,,,,,,,,20.67806754316651,20.906597017086593,"rgba(38, 166, 154, 1.0)",0.0,0.0,1.0486501404744741,20.371996053094698,-0.6312839979167589,0.0,0.0,0.0,0.0,0.0,0.0,0.0,0.0,61.56735502033744,7.872433714236301,True,False,True,False,True,0.0,0,0.9366573935373427,0.9760325272843998,False,False,False,False,-0.061637580450077785,-0.07299540306813325,False,False,False,False,26529.0,17620.393377927452,False,False,False,False,758.564812472086,False,False,False,False
2025-04-15 15:00:00+00:00,19.71,19.735,19.65,19.68,10.0,,,,,,,,,,,,,,,,,,,,,,,,20.67797332673324,20.906508820193537,"rgba(38, 166, 154, 1.0)",0.0,0.0,1.0386035236216447,20.371756561882272,-0.6660448825265817,0.0,0.0,0.0,0.0,0.0,0.0,0.0,0.0,61.737567354383,8.273992468605798,True,False,True,False,True,0.0,0,0.9340329835082464,0.9828657100021418,False,False,False,False,-0.07228159014934331,-0.07263849660873828,False,False,False,False,26519.0,17758.35627129292,False,False,False,False,746.9591564647668,False,False,False,False
2025-04-15 16:00:00+00:00,19.68,19.705,19.645,19.665,0.0,,,,,,,,,,,,,,,,,,,,,,,,20.67797332673324,20.906508820193537,"rgba(38, 166, 154, 1.0)",0.0,0.0,1.027211882842225,20.371756561882272,-0.6880338649575641,0.0,0.0,0.0,0.0,0.0,0.0,0.0,0.0,61.529774240508175,8.332024747781894,True,False,True,False,True,0.0,0,0.9297413793103453,0.9898706896551724,False,False,False,False,-0.07583311107173084,-0.07423580384023457,False,False,False,False,26519.0,17894.180205071323,False,False,False,False,735.378394349034,False,False,False,False
2025-04-15 17:00:00+00:00,19.665,19.69,19.575,19.595,452.0,,,,,,,,,,,,,,,,,,,,,,,,20.6734406308945,20.902312734217528,"rgba(38, 166, 154, 1.0)",0.0,0.0,1.0178302217758999,20.36527198288137,-0.7567784551901094,0.0,0.0,0.0,0.0,0.0,0.0,0.0,0.0,59.855919293028116,8.332024747781894,True,False,True,False,False,0.0,0,0.925957813172622,0.9900990099009901,False,False,False,False,-0.08446636793911357,-0.07935108588967407,False,False,False,False,26067.0,18020.890589488823,False,False,False,False,730.9849308707544,False,False,False,False
2025-04-15 18:00:00+00:00,19.595,19.645,19.565,19.625,451.0,,,,,,,,,,,,,,,,,,,,,,,,20.668921036570026,20.898126092366564,"rgba(38, 166, 154, 1.0)",0.0,0.0,1.007681407896284,20.36244666237507,-0.7318252143945209,0.0,0.0,0.0,0.0,0.0,0.0,0.0,0.0,59.248339753543945,8.332024747781894,True,False,True,False,False,0.0,0,0.9253120964270346,0.992036160137753,False,False,False,False,-0.09005921372461326,-0.08470514980714366,False,False,False,False,26518.0,18152.628719884346,False,False,False,False,726.6440792293473,False,False,False,False
2025-04-15 19:00:00+00:00,19.62,19.645,19.565,19.58,213.0,,,,,,,,,,,,,,,,,,,,,,,,20.66676976090677,20.896135292934808,"rgba(38, 166, 154, 1.0)",0.0,0.0,0.9977693950837454,20.36109644307589,-0.7828426557524675,0.0,0.0,0.0,0.0,0.0,0.0,0.0,0.0,57.76262991537128,10.622743916882584,True,False,True,False,False,0.0,0,0.9227790922779099,0.9939771993977199,False,False,False,False,-0.09005921372461326,-0.08738218176587846,False,False,False,False,26305.0,18279.022073064432,False,False,False,False,718.6806051327683,False,False,False,False
2025-04-16 14:00:00+00:00,19.59,19.64,19.535,19.59,15.0,,,,,,,,,,,,,,,,,,,,,,,,20.666617410686264,20.89599442772923,"rgba(38, 166, 154, 1.0)",0.0,0.0,0.9872757494263814,20.36099782406567,-0.7809346320049175,0.0,0.0,0.0,0.0,0.0,0.0,0.0,0.0,56.97972015377792,9.764399555687284,True,False,True,False,False,0.0,0,0.9195624195624201,0.9952809952809951,False,False,False,False,-0.09325562358389643,-0.09031890267488744,False,False,False,False,26320.0,18403.688397513048,False,False,False,False,707.7708283090044,False,False,False,False
2025-04-16 15:00:00+00:00,19.59,19.695,19.585,19.615,500.0,,,,,,,,,,,,,,,,,,,,,,,,20.66176668541433,20.89147124972871,"rgba(38, 166, 154, 1.0)",0.0,0.0,0.9760368845489487,20.358867767936065,-0.7621307961940667,0.0,0.0,0.0,0.0,0.0,0.0,0.0,0.0,57.01204070823027,9.640286845763264,True,False,True,False,False,0.0,0,0.9223695466210441,0.9925149700598802,False,False,False,False,-0.08256074318069799,-0.08643982292779272,False,False,False,False,26820.0,18534.173848714392,False,False,False,False,704.5495751569267,False,False,False,False
2025-04-16 16:00:00+00:00,19.62,19.625,19.56,19.61,175.0,,,,,,,,,,,,,,,,,,,,,,,,20.66002506511941,20.88985408805931,"rgba(38, 166, 154, 1.0)",0.0,0.0,0.9639891078222917,20.35785994806823,-0.7757970935560586,0.0,0.0,0.0,0.0,0.0,0.0,0.0,0.0,56.875271089486226,9.311947054191421,True,False,True,False,False,0.0,0,0.9239828693790153,0.9942184154175588,False,False,False,False,-0.09223618480549022,-0.08933800386664147,False,False,False,False,26645.0,18659.923091369983,False,False,False,False,696.3395042242611,False,False,False,False
2025-04-16 17:00:00+00:00,19.61,19.645,19.395,19.4,404.0,,,,,,,,,,,,,,,,,,,,,,,,20.6555804019554,20.885795508526915,"rgba(38, 166, 154, 1.0)",0.0,0.0,0.950257418893523,20.3538447177155,-1.003775081099767,0.0,0.0,0.0,0.0,0.0,0.0,0.0,0.0,51.459425970345535,4.217614497766803,True,False,False,False,False,0.0,0,0.9205876091121996,0.992761337023632,False,False,False,False,-0.10703785750997574,-0.09818793068830861,False,False,False,False,26241.0,18777.45916747277,False,False,False,False,691.8071088099315,False,False,False,False
2025-04-16 18:00:00+00:00,19.405,19.48,19.375,19.375,817.0,,,,,,,,,,,,,,,,,,,,,,,,20.646164442922892,20.877253778889234,"rgba(38, 166, 154, 1.0)",0.0,0.0,0.9363921177574149,20.344983559542385,-1.0358732641464548,0.0,0.0,0.0,0.0,0.0,0.0,0.0,0.0,47.35563645383107,0.6196444319452183,False,False,False,True,False,0.0,0,0.9198554421768711,0.9978741496598639,False,False,False,False,-0.12599171030798495,-0.11208982049814678,False,False,False,False,25424.0,18880.506312163117,False,False,False,False,693.7480838671418,False,False,False,False
2025-04-16 19:00:00+00:00,19.375,19.425,19.29,19.4,2495.0,,,,,,,,,,,,,,,,,,,,,,,,20.617405799591825,20.85110419625206,"rgba(38, 166, 154, 1.0)",0.0,0.0,0.921834530108804,20.23012644008078,-0.9005156706191106,0.0,0.0,0.0,0.0,0.0,0.0,0.0,0.0,45.41815918656677,-0.9309209792737718,False,False,False,True,False,0.0,0,0.9167197790524754,1.0019120458891013,False,False,False,False,-0.1403945384147731,-0.12624217945645994,False,False,False,False,27919.0,19020.63799724586,False,False,False,False,721.6744701637751,False,False,False,False
2025-04-17 14:00:00+00:00,19.57,19.62,19.485,19.495,440.0,,,,,,,,,,,,,,,,,,,,,,,,20.6131090012101,20.847080245028643,"rgba(38, 166, 154, 1.0)",0.0,0.0,0.9063540564678323,20.229234273668958,-0.8100965273221742,0.0,0.0,0.0,0.0,0.0,0.0,0.0,0.0,46.933015489842944,-0.9309209792737718,False,False,False,True,True,0.0,0,0.9190044294452651,0.9951487028053151,False,False,False,False,-0.10039722971536236,-0.11331970458591115,False,False,False,False,28359.0,19165.418803490113,False,False,False,False,717.3074241147244,False,False,False,False
2025-04-17 15:00:00+00:00,19.495,19.595,19.495,19.525,125.0,,,,,,,,,,,,,,,,,,,,,,,,20.611900149366548,20.84594588941202,"rgba(38, 166, 154, 1.0)",0.0,0.0,0.8874284643165884,20.22893668920109,-0.793232037855799,0.0,0.0,0.0,0.0,0.0,0.0,0.0,0.0,48.75482000740029,-0.9309209792737718,False,False,False,False,True,0.0,0,0.9203036053130934,0.9970482816782625,False,False,False,False,-0.10192887809544174,-0.10762429134067644,False,False,False,False,28484.0,19309.892930567785,False,False,False,False,708.1243632757364,False,False,False,False
2025-04-17 16:00:00+00:00,19.535,19.69,19.525,19.655,200.0,,,,,,,,,,,,,,,,,,,,,,,,20.610124323369504,20.84425271955518,"rgba(38, 166, 154, 1.0)",0.0,0.0,0.8658419430070882,20.22903193474402,-0.6629754303082096,0.0,0.0,0.0,0.0,0.0,0.0,0.0,0.0,53.01254303081604,-1.4618412214156393,True,False,True,False,True,0.0,0,0.9202518363064012,0.993284365162644,False,False,False,False,-0.08917900660696786,-0.09840164897382214,False,False,False,False,28684.0,19455.227923892315,False,False,False,False,700.2464661706862,False,False,False,False
2025-04-17 17:00:00+00:00,19.66,19.665,19.575,19.645,599.0,,,,,,,,,,,,,,,,,,,,,,,,20.604870445645542,20.8392302688439,"rgba(38, 166, 154, 1.0)",0.0,0.0,0.8447781733462234,20.228915291657458,-0.6912054668085593,0.0,0.0,0.0,0.0,0.0,0.0,0.0,0.0,55.51618280282911,0.7256708203145195,True,False,True,False,True,0.0,0,0.9232221522970425,0.9945458359555275,False,False,False,False,-0.08663262993437816,-0.09251713945410014,False,False,False,False,28085.0,19589.02283980096,False,False,False,False,698.6767535168772,False,False,False,False
2025-04-17 18:00:00+00:00,19.645,19.665,19.585,19.585,1354.0,,,,,,,,,,,,,,,,,,,,,,,,20.59299993821113,20.82787465555328,"rgba(38, 166, 154, 1.0)",0.0,0.0,0.8205005229176445,20.22627388054387,-0.7815642557588434,0.0,0.0,0.0,0.0,0.0,0.0,0.0,0.0,55.18268272944483,0.7256708203145195,True,False,True,False,True,0.0,0,0.9217081850533811,0.9945572535063847,False,False,False,False,-0.08561439480046923,-0.08906576712728469,False,False,False,False,26731.0,19699.751167866063,False,False,False,False,708.8368038499489,False,False,False,False
2025-04-17 19:00:00+00:00,19.59,19.605,19.495,19.515,1776.0,,,,,,,,,,,,,,,,,,,,,,,,20.576721418328777,20.812415410023448,"rgba(38, 166, 154, 1.0)",0.0,0.0,0.7961867622363366,20.218039341485586,-0.8830080765358141,0.0,0.0,0.0,0.0,0.0,0.0,0.0,0.0,52.865743326870444,0.7256708203145195,True,False,True,False,False,0.0,0,0.9221268578605823,0.9962319447351892,False,False,False,False,-0.10090772666181816,-0.09498674689455142,False,False,False,False,24955.0,19781.22789394566,False,False,False,False,725.3819696817326,False,False,False,False
2025-04-18 14:00:00+00:00,19.515,19.515,19.515,19.515,0.0,,,,,,,,,,,,,,,,,,,,,,,,20.576721418328777,20.812415410023448,"rgba(38, 166, 154, 1.0)",0.0,0.0,0.7722222933005048,20.218039341485586,-0.9104105742412208,0.0,0.0,0.0,0.0,0.0,0.0,0.0,0.0,51.321117058487516,0.7256708203145195,False,False,False,False,False,0.0,0,0.922670610606381,1.0042256496936401,False,False,False,False,-0.10806031326337677,-0.10152353007896409,False,False,False,False,24955.0,19861.44141496976,False,False,False,False,714.1357375936437,False,False,False,False
2025-04-18 15:00:00+00:00,19.515,19.515,19.515,19.515,0.0,,,,,,,,,,,,,,,,,,,,,,,,20.576721418328777,20.812415410023448,"rgba(38, 166, 154, 1.0)",0.0,0.0,0.7480523238913842,20.218039341485586,-0.9398264252804662,0.0,0.0,0.0,0.0,0.0,0.0,0.0,0.0,50.29136621289889,5.100938293827184,False,False,False,False,False,0.0,0,0.9167904903417537,1.0050944597749945,False,False,False,False,-0.10667398652569761,-0.10409875830233084,False,False,False,False,24955.0,19940.41131551286,False,False,False,False,703.063865692967,False,False,False,False
2025-04-18 16:00:00+00:00,19.515,19.515,19.515,19.515,0.0,,,,,,,,,,,,,,,,,,,,,,,,20.576721418328777,20.812415410023448,"rgba(38, 166, 154, 1.0)",0.0,0.0,0.7183337012185407,20.218039341485586,-0.9787085588396993,0.0,0.0,0.0,0.0,0.0,0.0,0.0,0.0,49.60486564917315,4.231518960542942,False,False,False,False,False,0.0,0,0.9167199148029822,1.0036208732694354,False,False,False,False,-0.10527088100957906,-0.10468481965595494,False,False,False,False,24955.0,20018.15687651266,False,False,False,False,692.163650720983,False,False,False,False
2025-04-18 17:00:00+00:00,19.515,19.515,19.515,19.515,0.0,,,,,,,,,,,,,,,,,,,,,,,,20.576721418328777,20.812415410023448,"rgba(38, 166, 154, 1.0)",0.0,0.0,0.685646436610049,20.218039341485586,-1.025367162938277,0.0,0.0,0.0,0.0,0.0,0.0,0.0,0.0,49.147198606689315,3.517484477335259,False,True,False,False,False,0.0,0,0.917111728263192,1.0025635547959835,False,False,False,False,-0.10402915468845679,-0.10435698717220587,False,False,False,False,24955.0,20094.69707997758,False,False,False,False,681.43243132996,False,False,False,False
2025-04-18 18:00:00+00:00,19.515,19.515,19.515,19.515,0.0,,,,,,,,,,,,,,,,,,,,,,,,20.576721418328777,20.812415410023448,"rgba(38, 166, 154, 1.0)",0.0,0.0,0.6520271093684479,20.218039341485586,-1.078236366838409,0.0,0.0,0.0,0.0,0.0,0.0,0.0,0.0,48.842087245033426,2.903997654955859,False,True,False,False,False,0.0,0,0.9180609180609185,1.0023595023595022,False,False,False,False,-0.10132324887574361,-0.10284011802397475,False,False,False,False,24955.0,20170.05061362134,False,False,False,False,670.8675874333715,False,False,False,False
2025-04-18 19:00:00+00:00,19.515,19.515,19.515,19.515,0.0,,,,,,,,,,,,,,,,,,,,,,,,20.576721418328777,20.812415410023448,"rgba(38, 166, 154, 1.0)",0.0,0.0,0.613039113723568,20.218039341485586,-1.1468099273721057,0.0,0.0,0.0,0.0,0.0,0.0,0.0,0.0,48.638679670596176,2.3610941267023904,False,True,False,False,False,0.0,0,0.9194659776055129,1.0004306632213606,False,False,False,False,-0.10132324887574361,-0.10208168344985918,False,False,False,False,24955.0,20244.23587542566,False,False,False,False,660.4665395661874,False,False,False,False
2025-04-21 14:00:00+00:00,19.23,19.24,19.145,19.145,121.0,,,,,,,,,,,,,,,,,,,,,,,,20.57525069597579,20.81108048318237,"rgba(239, 83, 80, 1.0)",0.0,0.0,0.5731338931344775,20.21641138730054,-1.8693910797021185,0.0,0.0,0.0,0.0,0.0,0.0,0.0,0.0,39.153958284707784,-6.541329109283794,False,True,False,True,False,0.0,0,0.9164895877603064,0.9991500212494685,False,False,False,False,-0.16973447082655116,-0.13590807713820519,False,False,False,False,24834.0,20315.395009139993,False,False,False,False,652.1027172473318,False,False,False,False
2025-04-21 15:00:00+00:00,19.145,19.155,19.055,19.065,100.0,,,,,,,,,,,,,,,,,,,,,,,,20.57396382330321,20.809921590829948,"rgba(239, 83, 80, 1.0)",0.0,0.0,0.5309418539277873,20.214874794847006,-2.165726409286614,0.0,0.0,0.0,0.0,0.0,0.0,0.0,0.0,31.997054102230123,-12.782060561816607,False,True,False,True,False,0.0,0,0.9121392190152805,1.0038200339558572,False,False,False,False,-0.18688250504224632,-0.16139529109022577,False,False,False,False,24734.0,20383.900512874254,False,False,False,False,643.5429851969856,False,False,False,False
2025-04-21 16:00:00+00:00,19.065,19.155,19.065,19.095,600.0,,,,,,,,,,,,,,,,,,,,,,,,20.56635826012921,20.8030546138854,"rgba(239, 83, 80, 1.0)",0.0,0.0,0.47537206859851094,20.206128759661247,-2.3373875603105407,0.0,0.0,0.0,0.0,0.0,0.0,0.0,0.0,28.588992688123334,-15.471800700786147,False,True,False,True,False,0.0,0,0.9170762983543496,1.0012823252831797,False,False,False,False,-0.18579289922152703,-0.1735940951558764,False,False,False,False,25334.0,20460.646241356822,False,False,False,False,642.8679001551718,False,False,False,False
2025-04-21 17:00:00+00:00,19.095,19.11,19.045,19.06,1499.0,,,,,,,,,,,,,,,,,,,,,,,,20.547271130610103,20.78580586311858,"rgba(239, 83, 80, 1.0)",0.0,0.0,0.4556568568245134,20.08326189385178,-2.245685275061864,0.0,0.0,0.0,0.0,0.0,0.0,0.0,0.0,25.87267368919234,-17.694330448179826,False,True,False,True,False,0.0,0,0.914456800684346,1.003635585970915,True,False,False,False,-0.19288325792173952,-0.18323867653880796,True,False,False,False,23835.0,20512.96180350633,True,False,False,False,656.1412660442388,False,False,False,False
2025-04-21 18:00:00+00:00,19.06,19.115,19.045,19.075,0.0,,,,,,,,,,,,,,,,,,,,,,,,20.547271130610103,20.78580586311858,"rgba(239, 83, 80, 1.0)",0.0,0.0,0.4316355548981993,20.08326189385178,-2.335910196484111,0.0,0.0,0.0,0.0,0.0,0.0,0.0,0.0,24.822080392522476,-18.58115912870393,False,True,False,True,False,0.0,0,0.9138817480719797,1.005141388174807,False,False,False,False,-0.19233717385250498,-0.18778792519565646,False,False,False,False,23835.0,20564.46627166902,False,False,False,False,645.9685332373514,False,False,False,False
2025-04-21 19:00:00+00:00,19.075,19.23,19.075,19.21,448.0,,,,,,,,,,,,,,,,,,,,,,,,20.542041094882872,20.78101416480026,"rgba(239, 83, 80, 1.0)",0.0,0.0,0.4059090343219384,19.984449254712963,-1.907937959564418,0.0,0.0,0.0,0.0,1.0,19.41,19.115,0.0,29.91676877665152,-18.58115912870393,False,True,False,True,True,0.0,0,0.9121982482375564,1.0025635547959835,False,False,False,False,-0.1765485664039759,-0.18216824579981616,False,False,False,False,24283.0,20622.117957379578,False,False,False,False,642.8992536522761,False,False,False,False
2025-04-22 14:00:00+00:00,19.435,19.475,19.41,19.475,776.0,,,,,,,,,,,,,,,,,,,,,,,,20.534918218684926,20.774222152635858,"rgba(38, 166, 154, 1.0)",0.0,0.0,0.3783930579520863,19.995084675183033,-1.3744561752739324,0.0,0.0,0.0,0.0,0.0,0.0,0.0,0.0,39.939665305045224,-17.956166845169186,False,True,False,True,True,0.0,0,0.9204834605597967,0.9970313825275654,False,False,False,False,-0.11417780607832757,-0.14817302593907186,False,False,False,False,25059.0,20690.906826257415,False,False,False,False,644.9628311150315,False,False,False,False
2025-04-22 15:00:00+00:00,19.475,19.6,19.475,19.59,530.0,,,,,,,,,,,,,,,,,,,,,,,,20.530558968935445,20.76997706170893,"rgba(38, 166, 154, 1.0)",0.0,0.0,0.35126701170696095,19.999796863468482,-1.1666249599616523,0.0,0.0,0.0,0.0,0.0,0.0,0.0,0.0,48.48153625428957,-10.559794599461867,False,False,False,False,True,0.0,0,0.9250793650793655,0.9896296296296293,False,False,False,False,-0.09395975094047612,-0.12106638843977399,False,False,False,False,25589.0,20766.846255307686,False,False,False,False,643.1804616403797,False,False,False,False
2025-04-22 16:00:00+00:00,19.59,19.66,19.58,19.58,100.0,,,,,,,,,,,,,,,,,,,,,,,,20.529784145008485,20.769213333771006,"rgba(38, 166, 154, 1.0)",0.0,0.0,0.32853912241159305,20.000693265452874,-1.2804967102999445,0.0,0.0,0.0,0.0,0.0,0.0,0.0,0.0,53.88199635174833,-6.070846447862628,True,False,True,False,True,0.0,0,0.9260361317747079,0.9914984059511156,False,False,False,False,-0.0764644744278732,-0.0987654314338236,False,False,False,False,25489.0,20840.05794127191,False,False,False,False,634.7590591343272,False,False,False,False
2025-04-22 17:00:00+00:00,19.58,19.62,19.42,19.42,2771.0,,,,,,,,,,,,,,,,,,,,,,,,20.506093639865583,20.746298162584115,"rgba(38, 166, 154, 1.0)",0.0,0.0,0.3263325833486135,19.99703893797105,-1.7682541291152938,0.0,0.0,0.0,0.0,0.0,0.0,0.0,0.0,53.27786309622333,-6.070846447862628,True,False,True,False,True,0.0,0,0.9183372019413382,0.9917704156995143,False,False,False,False,-0.09749046154413482,-0.09812794648897921,False,False,False,False,22718.0,20869.17332202738,False,False,False,False,667.8790737213919,False,False,False,False
2025-04-22 18:00:00+00:00,19.425,19.615,19.42,19.605,100.0,,,,,,,,,,,,,,,,,,,,,,,,20.50530793273824,20.7455251593198,"rgba(38, 166, 154, 1.0)",0.0,0.0,0.3263325833486135,19.99699509601587,-1.201213473669926,0.0,0.0,0.0,0.0,0.0,0.0,0.0,0.0,56.107735708357254,-4.123048254751694,True,False,True,False,True,0.0,0,0.9199747952110904,0.9930686830497792,False,False,False,False,-0.09727120653260907,-0.09769957651079414,False,False,False,False,22818.0,20899.387689127732,False,False,False,False,659.0747469970293,False,False,False,False
2025-04-22 19:00:00+00:00,19.6,19.68,19.565,19.66,2367.0,,,,,,,,,,,,,,,,,,,,,,,,20.48875853906076,20.728841696391168,"rgba(38, 166, 154, 1.0)",0.0,0.0,0.32779566806171306,20.000044261175326,-1.0373665496741908,0.0,0.0,0.0,0.0,0.0,0.0,0.0,0.0,58.80207900782335,-1.3095632256389536,True,False,True,False,True,0.0,0,0.9267169179229483,0.9880653266331655,False,False,False,False,-0.07491164035618186,-0.086305608433488,False,False,False,False,25185.0,20965.83129084668,False,False,False,False,685.554208283897,False,False,False,False
2025-04-23 14:00:00+00:00,20.015,20.085,19.895,19.895,436.0,,,,,,,,,,,,,,,,,,,,,,,,20.48690712736064,20.726715402694616,"rgba(38, 166, 154, 1.0)",0.0,0.0,0.3321389457430491,19.9571282970414,-0.18705514013844302,0.0,0.0,0.0,0.0,0.0,0.0,0.0,0.0,63.385728010340955,3.2964372729392366,True,False,True,False,True,1.3603502394904012,0,0.93374613003096,0.9791537667698654,False,False,False,False,0.0029063225814450963,-0.04169964292602145,False,False,False,False,25621.0,21038.004449128126,False,False,False,False,681.6851507911234,False,False,False,False
2025-04-23 15:00:00+00:00,19.895,19.915,19.675,19.71,1590.0,,,,,,,,,,,,,,,,,,,,,,,,20.47785451728417,20.717150048459324,"rgba(38, 166, 154, 1.0)",0.0,0.0,0.3345434296266049,19.95451065531675,-0.7308786652592608,0.0,0.0,0.0,0.0,0.0,0.0,0.0,0.0,62.29693715761137,3.2964372729392366,True,False,True,False,True,0.0,0,0.9230926989335523,0.9885151763740768,False,False,False,False,-0.033092769296664645,-0.03739620611134305,False,False,False,False,24031.0,21084.407480924587,False,False,False,False,695.7675515540517,False,False,False,False
2025-04-23 16:00:00+00:00,19.71,19.715,19.595,19.695,103.0,,,,,,,,,,,,,,,,,,,,,,,,20.47719593331543,20.716473549297476,"rgba(38, 166, 154, 1.0)",0.0,0.0,0.3364892271678618,19.954181886949176,-0.7702531493523246,0.0,0.0,0.0,0.0,0.0,0.0,0.0,0.0,61.2626352759037,3.2964372729392366,True,False,True,False,True,0.0,0,0.9249280131633074,0.9956807897984365,False,False,False,False,-0.06328730204210342,-0.050341754076723234,False,False,False,False,23928.0,21128.494186646683,False,False,False,False,686.5773569563144,False,False,False,False
2025-04-23 17:00:00+00:00,19.65,19.75,19.635,19.725,766.0,,,,,,,,,,,,,,,,,,,,,,,,20.472542016037014,20.711636834462425,"rgba(38, 166, 154, 1.0)",0.0,0.0,0.3371305385159062,19.95348408125123,-0.6777317838278473,0.0,0.0,0.0,0.0,0.0,0.0,0.0,0.0,61.028381188962896,3.2964372729392366,True,False,True,False,True,0.0,0,0.9279704494151448,0.9926123537861684,False,False,False,False,-0.0551904515442853,-0.05276610281050427,False,False,False,False,24694.0,21183.773346543632,False,False,False,False,687.8087157631932,False,False,False,False
2025-04-23 18:00:00+00:00,19.725,19.74,19.61,19.635,0.0,,,,,,,,,,,,,,,,,,,,,,,,20.472542016037014,20.711636834462425,"rgba(38, 166, 154, 1.0)",0.0,0.0,0.33767645370592897,19.95348408125123,-0.94316342687188,0.0,0.0,0.0,0.0,0.0,0.0,0.0,0.0,58.82325911968455,3.2964372729392366,True,False,True,False,False,0.0,0,0.9270087916581476,0.9924350848497238,False,False,False,False,-0.05896801780447973,-0.055867060307492,False,False,False,False,24694.0,21238.19546520187,False,False,False,False,677.1450147436087,False,False,False,False
2025-04-23 19:00:00+00:00,19.63,19.715,19.595,19.685,721.0,,,,,,,,,,,,,,,,,,,,,,,,20.46799658581395,20.706954781788625,"rgba(38, 166, 154, 1.0)",0.0,0.0,0.33574386955828545,19.952139317241617,-0.7956640208891215,0.0,0.0,0.0,0.0,0.0,0.0,0.0,0.0,58.25965258948214,3.2964372729392366,True,False,True,False,False,0.0,0,0.926401630988787,0.9940876656472984,False,False,False,False,-0.06328730204210342,-0.05957718117479771,False,False,False,False,25415.0,21302.9521246561,False,False,False,False,677.8249369956458,False,False,False,False
2025-04-24 14:00:00+00:00,19.68,19.795,19.655,19.775,420.0,,,,,,,,,,,,,,,,,,,,,,,,20.465622829337626,20.704445895268385,"rgba(38, 166, 154, 1.0)",0.0,0.0,0.33898327046873966,19.95259853960244,-0.5239153523914691,0.0,0.0,0.0,0.0,0.0,0.0,0.0,0.0,59.4239874670441,3.2964372729392366,True,False,True,False,False,0.0,0,0.9306769668631837,0.990038625736938,False,False,False,False,-0.04817906199946892,-0.053878121587133315,False,False,False,False,25835.0,21373.216432800968,False,False,False,False,673.827651150752,False,False,False,False
2025-04-24 15:00:00+00:00,19.775,19.825,19.77,19.8,1.0,,,,,,,,,,,,,,,,,,,,,,,,20.465617636988963,20.7044402879627,"rgba(38, 166, 154, 1.0)",0.0,0.0,0.3412115140163391,19.952601529279328,-0.44723440742981313,0.0,0.0,0.0,0.0,0.0,0.0,0.0,0.0,60.6156209733096,4.247364746580828,True,False,True,False,False,0.17871207787688093,0,0.9384928716904277,0.9867617107942971,False,False,False,False,-0.03255429226053518,-0.04321620692383425,False,False,False,False,25836.0,21442.40687570328,False,False,False,False,663.3962146988023,False,False,False,False
2025-04-24 16:00:00+00:00,19.8,19.915,19.8,19.9,1116.0,,,,,,,,,,,,,,,,,,,,,,,,20.460504242845015,20.69872847154361,"rgba(38, 166, 154, 1.0)",0.0,0.0,0.34503912821595334,19.95804729429173,-0.16823394665952732,0.0,0.0,0.0,0.0,0.0,0.0,0.0,0.0,62.987224587277694,6.973268984258382,True,False,True,False,True,1.6271888757437551,0,0.9367710251688154,0.9879271536730098,False,False,False,False,-0.019635785180182545,-0.031425996052008395,False,False,False,False,26952.0,21527.826924141988,False,False,False,False,670.4133276492084,False,False,False,False
2025-04-24 17:00:00+00:00,19.9,19.92,19.86,19.895,300.0,,,,,,,,,,,,,,,,,,,,,,,,20.459190833525742,20.697243181952953,"rgba(38, 166, 154, 1.0)",0.0,0.0,0.349832752833379,19.959489796100964,-0.18434464920350216,0.0,0.0,0.0,0.0,0.0,0.0,0.0,0.0,64.40705822409288,8.718429880686877,True,False,True,False,True,1.5515779702077879,0,0.9418032786885246,0.9854508196721309,False,False,False,False,-0.012641270465475089,-0.02203363325874174,False,False,False,False,26652.0,21607.27146795374,False,False,False,False,664.6704853600734,False,False,False,False
2025-04-24 18:00:00+00:00,19.895,19.945,19.875,19.915,300.0,,,,,,,,,,,,,,,,,,,,,,,,20.457929547723257,20.695800088991756,"rgba(38, 166, 154, 1.0)",0.0,0.0,0.3548708685329896,19.961029809144925,-0.12970861579934678,0.0,0.0,0.0,0.0,0.0,0.0,0.0,0.0,65.69355720963233,10.312033547561143,True,False,True,False,True,1.8462048208788033,0,0.9418985270049101,0.9824058919803598,False,False,False,False,-0.008337611992250386,-0.015185622625496064,False,False,False,False,26952.0,21690.13547620252,False,False,False,False,659.0166793854985,False,False,False,False
2025-04-24 19:00:00+00:00,19.915,19.95,19.855,19.92,1819.0,,,,,,,,,,,,,,,,,,,,,,,,20.450358755714415,20.68712569894426,"rgba(38, 166, 154, 1.0)",0.0,0.0,0.35680011816751034,19.92547392564921,-0.015341714787883634,0.0,0.0,0.0,0.0,0.0,0.0,0.0,0.0,66.64305112481586,11.578386013763442,True,False,True,False,True,1.9209867150884108,0,0.9432073544433096,0.9814096016343204,False,False,False,False,-0.00995143916582157,-0.012568530895658816,False,False,False,False,28771.0,21799.916321532713,False,False,False,False,677.0009169144055,False,False,False,False
2025-04-25 14:00:00+00:00,19.73,19.8,19.68,19.765,0.0,,,,,,,,,,,,,,,,,,,,,,,,20.450358755714415,20.68712569894426,"rgba(38, 166, 154, 1.0)",0.0,0.0,0.35495790893730206,19.92547392564921,-0.45209283018836904,0.0,0.0,0.0,0.0,0.0,0.0,0.0,0.0,61.96640013848387,11.578386013763442,True,False,True,False,False,0.0,0,0.9361313868613139,0.9825628548256282,False,False,False,False,-0.04494467339002506,-0.02875660214284194,False,False,False,False,28771.0,21907.995138253136,False,False,False,False,666.5047786676705,False,False,False,False
2025-04-25 15:00:00+00:00,19.765,19.795,19.715,19.765,3.0,,,,,,,,,,,,,,,,,,,,,,,,20.450343034057287,20.687108825411432,"rgba(38, 166, 154, 1.0)",0.0,0.0,0.3490765552732899,19.925461946979006,-0.4596755197534836,0.0,0.0,0.0,0.0,0.0,0.0,0.0,0.0,58.848632814262544,14.122150487757537,True,False,True,False,False,0.0,0,0.9369296288785236,0.984587304806327,False,False,False,False,-0.04171122423493353,-0.03523391318888773,False,False,False,False,28771.0,22014.39831440425,False,False,False,False,656.2178828743732,False,False,False,False
2025-04-25 16:00:00+00:00,19.765,19.81,19.755,19.76,333.0,,,,,,,,,,,,,,,,,,,,,,,,20.448644282458986,20.68527320819181,"rgba(38, 166, 154, 1.0)",0.0,0.0,0.3392409651449204,19.92460991223709,-0.4852300551814847,0.0,0.0,0.0,0.0,0.0,0.0,0.0,0.0,56.60528805944593,11.986000167661011,True,False,True,False,False,0.0,0,0.936191830928673,0.9874009347693555,False,False,False,False,-0.03506339164587921,-0.03514865241738347,False,False,False,False,28438.0,22113.989038211937,False,False,False,False,651.2067529073287,False,False,False,False
2025-04-25 17:00:00+00:00,19.76,19.83,19.7,19.72,600.0,,,,,,,,,,,,,,,,,,,,,,,,20.445492148237268,20.681894046142293,"rgba(38, 166, 154, 1.0)",0.0,0.0,0.3134471520322711,19.923039798918087,-0.6477640571996124,0.0,0.0,0.0,0.0,0.0,0.0,0.0,0.0,53.75478254318689,9.273921156920132,True,False,True,False,False,0.0,0,0.9356083688807637,0.987609181393459,False,False,False,False,-0.03884306240191326,-0.036995857409648364,False,False,False,False,27838.0,22202.73339420865,False,False,False,False,650.4128497614787,False,False,False,False
2025-04-25 18:00:00+00:00,19.72,19.825,19.71,19.79,91.0,,,,,,,,,,,,,,,,,,,,,,,,20.445033652449222,20.681397363136465,"rgba(38, 166, 154, 1.0)",0.0,0.0,0.2863337371128897,19.922950050914444,-0.46431849859881674,0.0,0.0,0.0,0.0,0.0,0.0,0.0,0.0,54.15926850955472,9.273921156920132,True,False,True,False,False,0.0,0,0.9377281947261663,0.9845841784989854,False,False,False,False,-0.038303044033770384,-0.037649450721709374,False,False,False,False,27929.0,22291.512721430223,False,False,False,False,641.7397823233163,False,False,False,False
2025-04-25 19:00:00+00:00,19.79,19.835,19.77,19.83,43.0,,,,,,,,,,,,,,,,,,,,,,,,20.444829062718316,20.68117234255916,"rgba(38, 166, 154, 1.0)",0.0,0.0,0.2648221908995112,19.922975169145992,-0.3510852652875841,0.0,0.0,0.0,0.0,0.0,0.0,0.0,0.0,55.61212889180836,9.273921156920132,True,False,True,False,False,0.589452878964746,0,0.940604094871275,0.9825663896209199,False,False,False,False,-0.030744987512941427,-0.0341972191173254,False,False,False,False,27972.0,22379.582291640607,False,False,False,False,632.4569950004741,False,False,False,False
2025-04-28 14:00:00+00:00,19.83,19.92,19.825,19.885,107.0,,,,,,,,,,,,,,,,,,,,,,,,20.44437274505977,20.680654732913624,"rgba(38, 166, 154, 1.0)",0.0,0.0,0.2673568995027733,19.923321280099838,-0.14333379901960966,0.0,0.0,0.0,0.0,0.0,0.0,0.0,0.0,58.083465192412255,9.273921156920132,True,False,True,False,True,1.4816424017295056,0,0.9428802916751063,0.9801498885963131,False,False,False,False,-0.015638539924815613,-0.024917879521070507,False,False,False,False,28079.0,22467.94535688649,False,False,False,False,624.3103749229473,False,False,False,False
2025-04-28 15:00:00+00:00,19.885,19.9,19.805,19.815,753.0,,,,,,,,,,,,,,,,,,,,,,,,20.440975998726167,20.676865597190627,"rgba(38, 166, 154, 1.0)",0.0,0.0,0.26960217605456677,19.924581492888294,-0.40645626267539225,0.0,0.0,0.0,0.0,0.0,0.0,0.0,0.0,56.90206588847714,9.273921156920132,True,False,True,False,True,0.3089649500295586,0,0.9410095276707885,0.9837826880194604,False,False,False,False,-0.01995363826773008,-0.022435758894400294,False,False,False,False,27326.0,22543.26403352391,False,False,False,False,626.305562908638,False,False,False,False
2025-04-28 16:00:00+00:00,19.815,19.825,19.755,19.765,600.0,,,,,,,,,,,,,,,,,,,,,,,,20.438036568360094,20.673661974631194,"rgba(38, 166, 154, 1.0)",0.0,0.0,0.26884261446313834,19.924347885291176,-0.592718106128314,0.0,0.0,0.0,0.0,0.0,0.0,0.0,0.0,54.33938233844823,9.273921156920132,True,False,True,False,False,0.0,0,0.9444783404514947,0.9839332926581245,False,False,False,False,-0.03344384554270328,-0.027939802218551787,False,False,False,False,26726.0,22608.112653159194,False,False,False,False,625.897724724008,False,False,False,False
2025-04-28 17:00:00+00:00,19.76,19.78,19.72,19.775,1200.0,,,,,,,,,,,,,,,,,,,,,,,,20.432029425267036,20.667157211101895,"rgba(38, 166, 154, 1.0)",0.0,0.0,0.265646635843858,19.923251310161014,-0.5580771226034065,0.0,0.0,0.0,0.0,0.0,0.0,0.0,0.0,52.99484018394621,8.006513905090372,False,False,True,False,False,0.0,0,0.9426712746493188,0.9841431185200238,False,False,False,False,-0.04208365922113636,-0.03501173071984408,False,False,False,False,27926.0,22690.560519001687,False,False,False,False,634.7985351934032,False,False,False,False
2025-04-28 18:00:00+00:00,19.775,19.825,19.775,19.815,2956.0,,,,,,,,,,,,,,,,,,,,,,,,20.418669429728137,20.652324269373434,"rgba(38, 166, 154, 1.0)",0.0,0.0,0.25820180319121555,19.92476441066065,-0.42511093766204633,0.0,0.0,0.0,0.0,0.0,0.0,0.0,0.0,53.55954815697309,8.006513905090372,False,False,True,False,False,0.3324652252752962,0,0.9461053487899125,0.9814927801504978,False,False,False,False,-0.03128472204398465,-0.033148226381914364,False,False,False,False,30882.0,22817.55958072259,False,False,False,False,670.7861548028078,False,False,False,False
2025-04-28 19:00:00+00:00,19.815,19.895,19.81,19.87,2400.0,,,,,,,,,,,,,,,,,,,,,,,,20.409140917088838,20.641386248488462,"rgba(38, 166, 154, 1.0)",0.0,0.0,0.2510006460636073,19.928340605872013,-0.23243209444659013,0.0,0.0,0.0,0.0,0.0,0.0,0.0,0.0,55.74935293496917,8.006513905090372,True,False,True,False,True,1.2739787040461579,0,0.9492385786802029,0.9764467005076137,False,False,False,False,-0.01995363826773008,-0.026550932324822224,False,False,False,False,33282.0,22979.798967067978,False,False,False,False,697.5956717826092,False,False,False,False
2025-04-29 14:00:00+00:00,19.86,19.915,19.78,19.915,5.0,,,,,,,,,,,,,,,,,,,,,,,,20.40912181758065,20.641364110334955,"rgba(38, 166, 154, 1.0)",0.0,0.0,0.2491096759073288,19.928348345695277,-0.05358421204097726,0.0,0.0,0.0,0.0,0.0,0.0,0.0,0.0,58.53177058922071,3.7960303189004634,True,False,True,False,True,2.0420317374357424,1,0.948582995951417,0.9759109311740886,False,False,False,False,-0.02103252267782991,-0.02379172750132607,False,False,False,False,33287.0,23139.600533470024,False,False,False,False,686.8577543906307,False,False,False,False
2025-04-29 15:00:00+00:00,19.915,19.925,19.84,19.865,401.0,,,,,,,,,,,,,,,,,,,,,,,,20.407613318166938,20.639608067711972,"rgba(38, 166, 154, 1.0)",0.0,0.0,0.24598441685065525,19.929013510262685,-0.26023400621166587,0.0,0.0,0.0,0.0,0.0,0.0,0.0,0.0,58.02307230927187,3.7960303189004634,True,False,True,False,True,1.142679167275837,1,0.9502326522354845,0.976734776451547,False,False,False,False,-0.013481219148221733,-0.018636473324773903,False,False,False,False,32886.0,23290.707501943354,False,False,False,False,682.4258512217837,False,False,False,False
2025-04-29 16:00:00+00:00,19.865,19.945,19.86,19.88,500.0,,,,,,,,,,,,,,,,,,,,,,,,20.405808862699267,20.6374820981944,"rgba(38, 166, 154, 1.0)",0.0,0.0,0.2430275445035209,19.92999908117582,-0.20573421534568134,0.0,0.0,0.0,0.0,0.0,0.0,0.0,0.0,58.19977637947448,3.8318964796987487,True,False,True,False,True,1.4056707104386668,0,0.9502538071065989,0.9807106598984767,False,False,False,False,-0.009166933916785488,-0.013901703620779696,False,False,False,False,33386.0,23447.22366470392,False,False,False,False,679.5975434509032,False,False,False,False
2025-04-29 17:00:00+00:00,19.88,20.015,19.87,20.0,1196.0,,,,,,,,,,,,,,,,,,,,,,,,20.402100365129122,20.632897907946624,"rgba(38, 166, 154, 1.0)",0.0,0.0,0.23439254438844268,19.900224470802478,0.4256770600696722,0.0,0.0,0.0,0.0,0.0,0.0,0.0,0.0,61.69796380652249,7.311970530480693,True,False,True,False,True,3.4844697530213615,0,0.9469205834683955,0.9783225283630465,False,False,False,False,-0.0005392265052287815,-0.007220465063004239,False,False,False,False,34582.0,23619.855855948823,False,False,False,False,687.6037830873233,False,False,False,False
2025-04-29 18:00:00+00:00,20.0,20.015,19.965,19.975,668.0,,,,,,,,,,,,,,,,,,,,,,,,20.400164205552272,20.63045254050226,"rgba(38, 166, 154, 1.0)",0.0,0.0,0.2272872334437407,19.876083362416068,0.4352054274461375,0.0,0.0,0.0,0.0,0.0,0.0,0.0,0.0,62.788179599878816,8.457011914732774,True,False,True,False,True,3.015996818279895,0,0.9521880064829822,0.9752836304700157,False,False,False,False,0.0097061760457642,0.0012428554913799807,False,False,False,False,33914.0,23779.45498996512,False,False,False,False,687.2998484658144,False,False,False,False
2025-04-29 19:00:00+00:00,19.975,20.01,19.955,19.98,1394.0,,,,,,,,,,,,,,,,,,,,,,,,20.396149136149134,20.6253824232911,"rgba(38, 166, 154, 1.0)",0.0,0.0,0.22563869309106235,19.880975975552754,0.43886100868029,0.0,0.0,0.0,0.0,0.0,0.0,0.0,0.0,63.65577016192448,9.446178506152997,True,False,True,False,True,3.103578236426653,0,0.9525835866261397,0.9750759878419448,False,False,False,False,0.008088400627921953,0.004665628059650967,False,False,False,False,35308.0,23958.19212190365,False,False,False,False,698.2564399624684,False,False,False,False
2025-04-30 14:00:00+00:00,19.55,19.66,19.53,19.62,954.0,,,,,,,,,,,,,,,,,,,,,,,19.603333333333335,20.39097764376343,20.619945446299454,"rgba(239, 83, 80, 1.0)",0.0,0.0,0.2232492849781741,19.82799197562625,-0.9316579699083207,1.0,19.66,19.53,0.0,0.0,0.0,0.0,0.0,53.46502934972754,8.447502761688135,False,False,False,False,False,0.0,0,0.946389277855571,0.9799959991998394,False,False,False,False,-0.07563409718587036,-0.035484234563109694,False,False,False,False,34354.0,24119.367437843128,False,False,False,False,702.2214563971589,False,False,False,False
2025-04-30 15:00:00+00:00,19.62,19.745,19.615,19.725,1001.0,,,,,,,,,,,,,,,,,,,,,,,19.650268542199488,20.386246542255783,20.614811277160097,"rgba(239, 83, 80, 1.0)",0.0,0.0,0.21955251377820512,19.82482624921653,-0.4546805112756581,0.0,0.0,0.0,0.0,0.0,0.0,0.0,0.0,49.78281957084092,5.428859348172793,False,True,False,False,False,0.0,0,0.9457674604762855,0.980988593155893,False,False,False,False,-0.05654668833295221,-0.04601546144803095,False,False,False,False,35355.0,24293.56329151998,False,False,False,False,706.8536818793735,False,False,False,False
2025-04-30 16:00:00+00:00,19.725,19.75,19.66,19.74,1004.0,,,,,,,,,,,,,,,,,,,,,,,19.672797679396194,20.38171216168211,20.609838617175562,"rgba(239, 83, 80, 1.0)",0.0,0.0,0.21753373974616094,19.822705121429173,-0.3801944540910443,0.0,0.0,0.0,0.0,0.0,0.0,0.0,0.0,47.7488969450464,3.7971698677020598,False,True,False,True,False,0.0,0,0.954965822275834,0.9768797748291108,False,False,False,False,-0.05112558815495485,-0.048570524801492904,False,False,False,False,36359.0,24480.624325759978,False,False,False,False,711.4606015401585,False,False,False,False
2025-04-30 17:00:00+00:00,19.74,19.805,19.685,19.785,100.0,,,,,,,,,,,,,,,,,,,,,,,19.675593875994334,20.38129197616576,20.609369310530443,"rgba(239, 83, 80, 1.0)",0.0,0.0,0.2182234370284067,19.822707978872867,-0.1727952752753955,0.0,0.0,0.0,0.0,0.0,0.0,0.0,0.0,47.68654768445975,3.7565538292750773,False,True,False,True,False,0.0,0,0.950421517462866,0.9777197912484941,False,False,False,False,-0.04245793610909383,-0.04551423045529337,False,False,False,False,36459.0,24666.33557652339,False,False,False,False,701.9805922139544,False,False,False,False
2025-04-30 18:00:00+00:00,19.785,19.85,19.715,19.72,2323.0,,,,,,,,,,,,,,,,,,,,,,,19.71274495231017,20.371739414170776,20.598653203600307,"rgba(239, 83, 80, 1.0)",0.0,0.0,0.21700828231801905,19.822325872227914,-0.47152980123569554,0.0,0.0,0.0,0.0,0.0,0.0,0.0,0.0,46.04850553323888,2.0534249095658694,False,True,False,True,False,0.0,0,0.9520753960296768,0.9767395227591732,False,False,False,False,-0.03433782339891653,-0.03992602692710495,False,False,False,False,34136.0,24813.15207921295,False,False,False,False,727.1126760555985,False,False,False,False
2025-04-30 19:00:00+00:00,19.725,19.895,19.695,19.855,954.0,,,,,,,,,,,,,,,,,,,,,,,19.72814130892256,20.368236730745977,20.594605881461266,"rgba(239, 83, 80, 1.0)",0.0,0.0,0.21776595006802926,19.823742927236953,0.1435351704583873,0.0,0.0,0.0,0.0,0.0,0.0,0.0,0.0,48.589884932793495,2.0534249095658694,False,True,False,False,False,0.8807683038272671,0,0.9530938123752493,0.9724550898203588,False,False,False,False,-0.03163217750480665,-0.0357791022159558,False,False,False,False,35090.0,24972.483054729026,False,False,False,False,730.6303089849691,False,False,False,False
2025-05-01 14:00:00+00:00,19.88,19.98,19.87,19.975,0.0,,,,,,,,,,,,,,,,,,,,,,,19.72814130892256,20.368236730745977,20.594605881461266,"rgba(38, 166, 154, 1.0)",0.0,0.0,0.22100228281407266,19.823742927236953,0.6844140740858298,0.0,0.0,0.0,0.0,0.0,0.0,0.0,0.0,52.75487904047735,-3.3819999844766926,False,True,True,False,True,2.9243405661238064,0,0.9627192982456139,0.9657097288676231,False,False,False,False,-0.0035135386673073423,-0.019646320441631573,False,False,False,False,35090.0,25129.343782562686,False,False,False,False,719.3027072952797,False,False,False,False
2025-05-01 15:00:00+00:00,19.98,19.99,19.83,19.83,291.0,,,,,,,,,,,,,,,,,,,,,,,19.734955988129368,20.367307943779643,20.593487111298487,"rgba(38, 166, 154, 1.0)",0.0,0.0,0.22197104348127583,19.82477813056156,0.023525002885705398,0.0,0.0,0.0,0.0,0.0,0.0,0.0,0.0,51.89410641252742,-3.3819999844766926,False,True,True,False,True,0.36236895753865994,0,0.9595617529880474,0.968725099601593,False,False,False,False,-0.00675687017330448,-0.013201595307468027,False,False,False,False,34799.0,25279.26093322063,False,False,False,False,712.66235524419,False,False,False,False
2025-05-01 16:00:00+00:00,19.83,19.845,19.775,19.805,1.0,,,,,,,,,,,,,,,,,,,,,,,19.734967058941862,20.3673042645481,20.59348286740753,"rgba(38, 166, 154, 1.0)",0.0,0.0,0.22266572935018378,19.824779105764858,-0.08882869322809711,0.0,0.0,0.0,0.0,0.0,0.0,0.0,0.0,50.760166666557616,-3.3819999844766926,False,True,False,False,True,0.0,0,0.9562612342720188,0.9752346714599555,False,False,False,False,-0.02838600995941779,-0.02079380263344291,False,False,False,False,34798.0,25426.838283093177,False,False,False,False,701.6288303566832,False,False,False,False
2025-05-01 17:00:00+00:00,19.8,19.875,19.8,19.815,0.0,,,,,,,,,,,,,,,,,,,,,,,19.734967058941862,20.3673042645481,20.59348286740753,"rgba(38, 166, 154, 1.0)",0.0,0.0,0.22334653719209063,19.824779105764858,-0.04378445212448415,0.0,0.0,0.0,0.0,0.0,0.0,0.0,0.0,50.25911348823427,-3.3819999844766926,False,True,False,False,True,0.10476571959350167,0,0.9542548941270473,0.9748302037554929,False,False,False,False,-0.02243620642146207,-0.02161500452745249,False,False,False,False,34798.0,25572.127612037468,False,False,False,False,690.750863994564,False,False,False,False
2025-05-01 18:00:00+00:00,19.82,19.87,19.815,19.845,0.0,,,,,,,,,,,,,,,,,,,,,,,19.734967058941862,20.3673042645481,20.59348286740753,"rgba(38, 166, 154, 1.0)",0.0,0.0,0.22439431991659914,19.824779105764858,0.09011321785086492,0.0,0.0,0.0,0.0,0.0,0.0,0.0,0.0,50.732173566152994,-3.3819999844766926,False,True,False,False,True,0.6378612008087572,0,0.9548090381923613,0.9750049990001994,False,False,False,False,-0.02135460690787477,-0.021484805717663633,False,False,False,False,34798.0,25715.16439324619,False,False,False,False,680.041548273718,False,False,False,False
2025-05-01 19:00:00+00:00,19.845,19.93,19.8,19.8,974.0,,,,,,,,,,,,,,,,,,,,,,,19.748851398754713,20.36396649902006,20.589554284823258,"rgba(38, 166, 154, 1.0)",0.0,0.0,0.2249886483623432,19.826694262619153,-0.11864715314952784,0.0,0.0,0.0,0.0,0.0,0.0,0.0,0.0,49.76383600121292,-3.3819999844766926,False,True,False,False,False,0.0,0,0.954245754245754,0.9738261738261732,False,False,False,False,-0.016487990702592874,-0.018986398210128253,False,False,False,False,33824.0,25840.88277474625,False,False,False,False,684.5990436493192,False,False,False,False
2025-05-02 14:00:00+00:00,19.93,20.095,19.925,20.09,400.0,,,,,,,,,,,,,,,,,,,,,,,19.76323856535866,20.36311249328662,20.588367716124225,"rgba(38, 166, 154, 1.0)",0.0,0.0,0.2302490426074423,19.82971995277517,1.1304283582563541,0.0,0.0,0.0,0.0,0.0,0.0,0.0,0.0,55.21844952941162,0.18298765360680846,False,False,True,False,True,4.797986538646487,0,0.955383700178465,0.9615308348205428,False,False,False,False,0.014865948577457015,-0.002060224816335619,False,False,False,False,34224.0,25970.853584440105,False,False,False,False,680.1866553756863,False,False,False,False
2025-05-02 15:00:00+00:00,20.09,20.095,20.005,20.065,2.0,,,,,,,,,,,,,,,,,,,,,,,19.763311469265364,20.36310847363282,20.58836199280338,"rgba(38, 166, 154, 1.0)",0.0,0.0,0.23473149314460545,19.82973576641853,1.002269573757356,0.0,0.0,0.0,0.0,0.0,0.0,0.0,0.0,58.12967632503017,2.923187851760055,True,False,True,False,True,4.336117191774761,0,0.9576709062003177,0.9638314785373603,False,False,False,False,0.14112555917463326,0.06953266717914883,False,False,False,False,34222.0,26098.77833506894,False,False,False,False,669.672133586916,False,False,False,False
2025-05-02 16:00:00+00:00,20.065,20.15,20.055,20.12,58.0,,,,,,,,,,,,,,,,,,,,,,,19.76579364094931,20.363012119552334,20.588212661310212,"rgba(38, 166, 154, 1.0)",0.0,0.0,0.2400717422802263,19.8302850207443,1.2067850072814044,0.0,0.0,0.0,0.0,0.0,0.0,0.0,0.0,60.97523066224262,5.582989271804273,True,False,True,False,True,5.2425063048018075,0,0.9698337779601884,0.9597783706135845,False,False,False,False,0.15764681049637475,0.11358973883776179,False,False,False,False,34280.0,26225.61898103686,False,False,False,False,660.1888446940956,False,False,False,False
2025-05-02 17:00:00+00:00,20.12,20.135,20.085,20.11,140.0,,,,,,,,,,,,,,,,,,,,,,,19.771668901893843,20.362781360816317,20.58785383906271,"rgba(38, 166, 154, 1.0)",0.0,0.0,0.24490157979034272,19.831600398713046,1.1367815655794768,0.0,0.0,0.0,0.0,0.0,0.0,0.0,0.0,62.53521149922885,7.083779813721748,True,False,True,False,True,5.052003828425612,0,0.9705882352941174,0.9588646647470169,False,False,False,False,0.159863320979302,0.1367265299085319,False,False,False,False,34140.0,26348.32256272621,False,False,False,False,652.1239013655049,False,False,False,False
2025-05-02 18:00:00+00:00,20.115,20.16,20.095,20.115,461.0,,,,,,,,,,,,,,,,,,,,,,,19.790382661895414,20.362064394677464,20.586708947496913,"rgba(38, 166, 154, 1.0)",0.0,0.0,0.24967948823815816,19.835944840715996,1.1176535215332715,0.0,0.0,0.0,0.0,0.0,0.0,0.0,0.0,63.67204634223444,8.28710665100305,True,False,True,False,True,5.1366270623783095,0,0.9711280676428126,0.9585481542586094,False,False,False,False,0.1793045449887186,0.15801553744862523,False,False,False,False,34601.0,26476.2710501258,False,False,False,False,649.1607401040242,False,False,False,False
2025-05-02 19:00:00+00:00,20.115,20.165,20.105,20.15,1998.0,,,,,,,,,,,,,,,,,,,,,,,19.855905168370693,20.359219532786177,20.581987619969556,"rgba(38, 166, 154, 1.0)",0.0,0.0,0.2549699682015634,19.84804360785078,1.1842821893067443,0.0,0.0,0.0,0.0,0.0,0.0,0.0,0.0,65.13892692645057,9.865251640783285,True,False,True,False,True,5.735175146980019,0,0.9727722772277225,0.9544141914191413,False,False,False,False,0.18940837869663732,0.1737119580726313,False,False,False,False,36599.0,26633.212584232377,False,False,False,False,670.0729766915587,False,False,False,False
2025-05-05 14:00:00+00:00,20.02,20.13,19.995,20.11,0.0,,,,,,,,,,,,,,,,,,,,,,,19.855905168370693,20.359219532786177,20.581987619969556,"rgba(38, 166, 154, 1.0)",0.0,0.0,0.2568296487333382,19.84804360785078,1.019961649448052,0.0,0.0,0.0,0.0,0.0,0.0,0.0,0.0,64.43013753525031,9.865251640783285,True,False,True,False,True,4.936517614414871,0,0.9695410578308292,0.9545173904095487,False,False,False,False,0.18876638077650087,0.18123916942456608,False,False,False,False,36599.0,26787.720916259783,False,False,False,False,659.6842483707593,False,False,False,False
2025-05-05 15:00:00+00:00,20.11,20.145,20.08,20.135,626.0,,,,,,,,,,,,,,,,,,,,,,,19.870552405422163,20.358263180190644,20.580462819924737,"rgba(38, 166, 154, 1.0)",0.0,0.0,0.2584162958909582,19.85224304414601,1.0941916603173634,0.0,0.0,0.0,0.0,0.0,0.0,0.0,0.0,64.57000206892934,9.865251640783285,True,False,True,False,True,5.375768008259222,0,0.9784857261067434,0.9517997517583775,False,False,False,False,0.3331699563438016,0.2572045628841838,False,False,False,False,37225.0,26949.539196627848,False,False,False,False,659.1620119619103,False,False,False,False
2025-05-05 16:00:00+00:00,20.135,20.15,20.09,20.1,3.0,,,,,,,,,,,,,,,,,,,,,,,19.870616917626215,20.35825848771837,20.580455431363237,"rgba(38, 166, 154, 1.0)",0.0,0.0,0.2593322506288744,19.852261970850584,0.9552920184383487,0.0,0.0,0.0,0.0,0.0,0.0,0.0,0.0,63.094864405155946,9.865251640783285,True,False,True,False,True,4.662298799826722,0,0.9918419922713607,0.9422498926577925,False,False,False,False,0.3363826381017552,0.29679360049296954,False,False,False,False,37222.0,27108.802154819663,False,False,False,False,648.9889575128883,False,False,False,False
2025-05-05 17:00:00+00:00,20.095,20.11,20.045,20.105,173.0,,,,,,,,,,,,,,,,,,,,,,,19.873877548053155,20.357958763390776,20.58000545187338,"rgba(38, 166, 154, 1.0)",0.0,0.0,0.26143224709251306,19.853153991566167,0.9633318430863385,0.0,0.0,0.0,0.0,0.0,0.0,0.0,0.0,62.264565763665054,9.865251640783285,True,False,True,False,False,4.753196427912975,0,0.9854663774403467,0.9477223427331882,False,False,False,False,0.3182635925424736,0.3075285965177216,False,False,False,False,37395.0,27268.278090403855,False,False,False,False,641.6092837529985,False,False,False,False
2025-05-05 18:00:00+00:00,20.105,20.15,20.1,20.125,34.0,,,,,,,,,,,,,,,,,,,,,,,19.8746201907744,20.35790824808455,20.579923977100957,"rgba(38, 166, 154, 1.0)",0.0,0.0,0.2640020645565313,19.853384396285357,1.028838937948842,0.0,0.0,0.0,0.0,0.0,0.0,0.0,0.0,62.35857371650475,9.865251640783285,True,False,True,False,False,5.1217835078382805,0,0.9921448832642371,0.936068077678376,False,False,False,False,0.33852814678181387,0.3230283716497677,False,False,False,False,37429.0,27425.808662645657,False,False,False,False,632.1889847800838,False,False,False,False
2025-05-05 19:00:00+00:00,20.125,20.125,20.025,20.035,632.0,,,,,,,,,,,,,,,,,,,,,,,19.884366532003185,20.356718976293916,20.57820469549119,"rgba(38, 166, 154, 1.0)",0.0,0.0,0.26587697825796863,19.856036211477868,0.6731075014268134,0.0,0.0,0.0,0.0,0.0,0.0,0.0,0.0,58.25638163211479,12.212579679432324,True,False,True,False,False,3.236785155303771,0,0.9929685783344315,0.9358382773016913,False,False,False,False,0.31720414080769144,0.3201162562287296,False,False,False,False,36797.0,27571.098450821693,False,False,False,False,632.1860547834934,False,False,False,False
2025-05-06 14:00:00+00:00,19.915,20.025,19.915,20.005,0.0,,,,,,,,,,,,,,,,,,,,,,,19.884366532003185,20.356718976293916,20.57820469549119,"rgba(38, 166, 154, 1.0)",0.0,0.0,0.2671875037537924,19.856036211477868,0.5575252825423986,0.0,0.0,0.0,0.0,0.0,0.0,0.0,0.0,54.358861716406565,8.576387424174271,False,False,True,False,False,2.615683732551471,0,0.9887018165706686,0.9401860877270707,False,False,False,False,0.2732926794223342,0.2967044678255319,False,False,False,False,36797.0,27714.135684142286,False,False,False,False,622.3847206008036,False,False,False,False
2025-05-06 15:00:00+00:00,20.005,20.04,19.98,20.0,487.0,,,,,,,,,,,,,,,,,,,,,,,19.889087534347915,20.35563943682782,20.57674739261554,"rgba(38, 166, 154, 1.0)",0.0,0.0,0.26790298432273874,19.85714920373295,0.5332183836181583,0.0,0.0,0.0,0.0,0.0,0.0,0.0,0.0,51.56031359008085,6.056242784858526,False,True,False,False,False,2.511034094039644,0,0.9886186119169824,0.938406605668377,False,False,False,False,0.289891393442916,0.29329793063422394,False,False,False,False,36310.0,27847.40489834163,False,False,False,False,620.285732684512,False,False,False,False
2025-05-06 16:00:00+00:00,20.0,20.075,19.935,19.94,0.0,,,,,,,,,,,,,,,,,,,,,,,19.889087534347915,20.35563943682782,20.57674739261554,"rgba(38, 166, 154, 1.0)",0.0,0.0,0.26712007624878303,19.85714920373295,0.31016312001157675,0.0,0.0,0.0,0.0,0.0,0.0,0.0,0.0,47.422413966938635,2.3304741879258017,False,True,False,True,False,1.2521221609247952,0,1.0110243454294896,0.9354616444648592,False,False,False,False,0.2878082092834188,0.29055306995882135,False,False,False,False,36310.0,27978.60792317354,False,False,False,False,610.6688996196359,False,False,False,False
2025-05-06 17:00:00+00:00,19.94,19.985,19.895,19.905,1.0,,,,,,,,,,,,,,,,,,,,,,,19.889090644897095,20.355636730920224,20.57674399772421,"rgba(38, 166, 154, 1.0)",0.0,0.0,0.265945533948302,19.85714879307036,0.17992859748095935,0.0,0.0,0.0,0.0,0.0,0.0,0.0,0.0,43.50646522695897,-1.1264382301213018,False,True,False,True,False,0.5219991847816097,0,1.0073355418835774,0.9377662091812582,False,False,False,False,0.2609398380286604,0.27574645399374087,False,False,False,False,36309.0,28107.761288705733,False,False,False,False,601.2166686177811,False,False,False,False
2025-05-06 18:00:00+00:00,19.905,19.99,19.905,19.99,500.0,,,,,,,,,,,,,,,,,,,,,,,19.89185713196615,20.354393264148392,20.575138026531302,"rgba(38, 166, 154, 1.0)",0.0,0.0,0.26539788250107865,19.857621350551383,0.49879316368726856,0.0,0.0,0.0,0.0,0.0,0.0,0.0,0.0,45.07819539310213,-1.1264382301213018,False,True,False,True,False,2.248282746738596,0,1.0112011439466155,0.9103908484270727,False,False,False,False,0.26402061818577155,0.26988353608975624,False,False,False,False,36809.0,28242.664214462235,False,False,False,False,599.6474179415363,False,False,False,False
2025-05-06 19:00:00+00:00,19.985,19.99,19.895,19.895,337.0,,,,,,,,,,,,,,,,,,,,,,,19.89272905207869,20.353485288466977,20.573998839274225,"rgba(38, 166, 154, 1.0)",0.0,0.0,0.2639258700182404,19.85762482128043,0.1416124107764991,0.0,0.0,0.0,0.0,0.0,0.0,0.0,0.0,42.96024019562931,-1.2975157619254887,False,True,False,True,False,0.2588899693738931,0,1.0096875756841845,0.9198353112133683,False,False,False,False,0.26196622394169683,0.26592488001572656,False,False,False,False,36472.0,28370.2508157884,False,False,False,False,595.5753649501946,False,False,False,False
2025-05-07 14:00:00+00:00,20.045,20.05,19.955,19.975,300.0,,,,,,,,,,,,,,,,,,,,,,,19.89492341621831,20.352805982911345,20.57309218219228,"rgba(38, 166, 154, 1.0)",0.0,0.0,0.2629473965137391,19.85832120469354,0.44373436228476304,0.0,0.0,0.0,0.0,0.0,0.0,0.0,0.0,44.76005065403536,-1.2975157619254887,False,True,False,True,False,1.8770654682121872,0,1.000729927007299,0.9138686131386855,False,False,False,False,0.28676752924089394,0.2763462046283103,False,False,False,False,36772.0,28500.510493062997,False,False,False,False,590.9928011525171,False,False,False,False
2025-05-07 15:00:00+00:00,19.975,20.075,19.965,20.045,0.0,,,,,,,,,,,,,,,,,,,,,,,19.89492341621831,20.352805982911345,20.57309218219228,"rgba(38, 166, 154, 1.0)",0.0,0.0,0.26259124540277856,19.85832120469354,0.7109102019761688,0.0,0.0,0.0,0.0,0.0,0.0,0.0,0.0,48.26722816202809,-1.2975157619254887,False,True,False,False,True,3.263778361312067,0,1.003911024199462,0.9073576142752379,False,False,False,False,0.2940651365216685,0.28520567057498936,False,False,False,False,36772.0,28628.75064045737,False,False,False,False,581.8301220648812,False,False,False,False
2025-05-07 16:00:00+00:00,20.045,20.09,20.01,20.085,25.0,,,,,,,,,,,,,,,,,,,,,,,19.89522594769819,20.352760228734738,20.573025645429034,"rgba(38, 166, 154, 1.0)",0.0,0.0,0.26257951176742644,19.858434124146545,0.8628467405108577,0.0,0.0,0.0,0.0,0.0,0.0,0.0,0.0,51.78789578863257,-4.345579024040546,False,True,True,False,True,4.048347698302951,0,1.0022415940224156,0.9240348692403481,False,False,False,False,0.30664700194832806,0.2959263362616587,False,False,False,False,36797.0,28755.390165411518,False,False,False,False,573.1970969165884,False,False,False,False
2025-05-07 17:00:00+00:00,20.085,20.095,19.96,19.98,600.0,,,,,,,,,,,,,,,,,,,,,,,19.900084730046135,20.351478548495503,20.5712783060713,"rgba(38, 166, 154, 1.0)",0.0,0.0,0.251729602535762,19.86018284050612,0.4759756432573669,0.0,0.0,0.0,0.0,0.0,0.0,0.0,0.0,50.412856362134306,-4.345579024040546,False,True,False,False,True,1.7985217324326186,0,1.0049900199600796,0.9139221556886223,False,False,False,False,0.2972019856992812,0.29656416098046995,False,False,False,False,36197.0,28870.76396129661,False,False,False,False,573.6126458016025,False,False,False,False
2025-05-07 18:00:00+00:00,19.97,20.065,19.89,20.05,0.0,,,,,,,,,,,,,,,,,,,,,,,19.900084730046135,20.351478548495503,20.5712783060713,"rgba(38, 166, 154, 1.0)",0.0,0.0,0.23733738861809328,19.86018284050612,0.7997777366604525,0.0,0.0,0.0,0.0,0.0,0.0,0.0,0.0,51.67021757412955,-4.345579024040546,False,True,True,False,True,3.1888918402413537,1,1.0116044399596364,0.9157416750756805,False,False,False,False,0.2763935109015511,0.28647883594101053,False,False,False,False,36197.0,28984.349016160224,False,False,False,False,564.719426486849,False,False,False,False
2025-05-07 19:00:00+00:00,20.05,20.05,19.895,19.96,2992.0,,,,,,,,,,,,,,,,,,,,,,,19.91183994396792,20.344431333374306,20.562062458599605,"rgba(38, 166, 154, 1.0)",0.0,0.0,0.22171627840131133,19.85445778857536,0.47602373711869467,0.0,0.0,0.0,0.0,0.0,0.0,0.0,0.0,49.750035406302004,-4.345579024040546,False,True,False,False,True,1.2878813292656695,1,1.0220308938971887,0.8976956191440866,False,False,False,False,0.27432571745939266,0.28040227670020157,False,False,False,False,33205.0,29049.785465522084,False,False,False,False,602.3516834405413,False,False,False,False
2025-05-08 14:00:00+00:00,20.06,20.15,20.025,20.04,200.0,,,,,,,,,,,,,,,,,,,,,,,19.913659154288318,20.34409638566545,20.561561929598035,"rgba(38, 166, 154, 1.0)",0.0,0.0,0.20323381111911856,19.855646116587927,0.9071024274795467,0.0,0.0,0.0,0.0,0.0,0.0,0.0,0.0,50.85869889560676,-4.345579024040546,False,True,False,False,True,2.8783550066050836,1,1.0276369168356996,0.8861561866125757,False,False,False,False,0.3225083474606978,0.3014553120804497,False,False,False,False,33405.0,29117.308171482982,False,False,False,False,596.1136728445638,False,False,False,False
2025-05-08 15:00:00+00:00,20.035,20.295,20.025,20.245,201.0,,,,,,,,,,,,,,,,,,,,,,,19.916765698852128,20.343904393382832,20.56117947646042,"rgba(38, 166, 154, 1.0)",0.0,0.0,0.18695521456293124,19.857706542792215,2.0715841390849175,0.0,0.0,0.0,0.0,0.0,0.0,0.0,0.0,55.920750220565026,0.037722329491955975,True,False,True,False,True,6.73007590636664,0,1.044585987261146,0.8690445859872606,False,False,False,False,0.34282821197083446,0.32214176202564204,False,False,False,False,33606.0,29186.90029285534,False,False,False,False,589.9878794671287,False,False,False,False
2025-05-08 16:00:00+00:00,20.25,20.355,20.235,20.345,600.0,,,,,,,,,,,,,,,,,,,,,,,19.92966252993686,20.343786213399635,20.56041858109023,"rgba(38, 166, 154, 1.0)",0.0,0.0,0.17867159970336566,19.875047751354337,2.6302571277465816,0.0,0.0,0.0,0.0,0.0,0.0,0.0,0.0,60.78604808102819,4.557212647177998,True,False,True,False,True,8.497922048801144,0,1.0629190304280554,0.8576585869004637,False,False,False,False,0.3428282150187149,0.33248498852217845,False,False,False,False,34206.0,29264.715792190913,False,False,False,False,590.1431061420569,False,False,False,False
2025-05-08 17:00:00+00:00,20.35,20.35,20.215,20.215,67.0,,,,,,,,,,,,,,,,,,,,,,,19.930862845056673,20.343751928894523,20.560316314312463,"rgba(38, 166, 154, 1.0)",0.0,0.0,0.17620690643074396,19.875527916186346,1.926553792300298,0.0,0.0,0.0,0.0,0.0,0.0,0.0,0.0,60.23341721776093,4.557212647177998,True,False,True,False,True,5.724983243882477,0,1.0623544631306594,0.8499353169469595,False,False,False,False,0.3378319809123457,0.33515848471726206,False,False,False,False,34139.0,29340.286089986403,False,False,False,False,582.032360310397,False,False,False,False
2025-05-08 18:00:00+00:00,20.215,20.27,20.215,20.235,1000.0,,,,,,,,,,,,,,,,,,,,,,,19.946765780132722,20.34312212928002,20.558697074935495,"rgba(38, 166, 154, 1.0)",0.0,0.0,0.17692434887613465,19.883034530636415,1.9893557421539336,0.0,0.0,0.0,0.0,0.0,0.0,0.0,0.0,60.2354587038696,4.557212647177998,True,False,True,False,True,6.084271923779873,0,1.0627286983795083,0.8554626241505485,False,False,False,False,0.31664320952072117,0.3259008471189916,False,False,False,False,35139.0,29430.188631226923,False,False,False,False,588.5124787551971,False,False,False,False
2025-05-08 19:00:00+00:00,20.235,20.285,20.155,20.16,2701.0,,,,,,,,,,,,,,,,,,,,,,,19.977659439927734,20.340813390747268,20.553865433206987,"rgba(38, 166, 154, 1.0)",0.0,0.0,0.17531631644210893,19.898948514991293,1.4890313138361468,0.0,0.0,0.0,0.0,0.0,0.0,0.0,0.0,58.17038987944597,4.557212647177998,True,False,True,False,False,4.506391352248642,0,1.052893935198006,0.9091664358903346,False,False,False,False,0.3055503140382697,0.31572558057863065,False,False,False,False,32438.0,29476.821365626507,False,False,False,False,621.2642232706204,False,False,False,False
2025-05-09 14:00:00+00:00,20.225,20.26,20.145,20.155,200.0,,,,,,,,,,,,,,,,,,,,,,,19.979530587884213,20.34062948756951,20.55349955161418,"rgba(38, 166, 154, 1.0)",0.0,0.0,0.16794352332568754,19.8999740324004,1.5185221945417717,0.0,0.0,0.0,0.0,0.0,0.0,0.0,0.0,56.65570929229291,4.557212647177998,True,False,True,False,False,4.4012804706368875,0,0.9974747474747472,0.916947250280583,False,False,False,False,0.29697278144303974,0.3063491810108352,False,False,False,False,32238.0,29519.630336702063,False,False,False,False,614.7329950028588,False,False,False,False
2025-05-09 15:00:00+00:00,20.155,20.18,20.135,20.16,1.0,,,,,,,,,,,,,,,,,,,,,,,19.979538591229876,20.340628400143153,20.553497582880375,"rgba(38, 166, 154, 1.0)",0.0,0.0,0.16610245942503565,19.899978091875433,1.5654308131537276,0.0,0.0,0.0,0.0,0.0,0.0,0.0,0.0,55.77797844657714,4.557212647177998,True,False,True,False,False,4.49639150536051,0,0.9985636311404767,0.9241597242171785,False,False,False,False,0.2751065687038735,0.29072787485735435,False,False,False,False,32239.0,29561.79110667567,False,False,False,False,605.2177547702563,False,False,False,False
2025-05-09 16:00:00+00:00,20.16,20.165,20.085,20.1,1015.0,,,,,,,,,,,,,,,,,,,,,,,19.98549787349432,20.339280553002666,20.551299743228764,"rgba(38, 166, 154, 1.0)",0.0,0.0,0.16429804273595383,19.902667858966392,1.2010620318267875,0.0,0.0,0.0,0.0,0.0,0.0,0.0,0.0,53.33076867491322,8.566141727596559,False,False,True,False,False,3.2062693836105076,0,1.02955223880597,0.9158208955223877,False,False,False,False,0.2594735030848959,0.27510068897112516,False,False,False,False,31224.0,29587.561787192328,False,False,False,False,611.5709678745933,False,False,False,False
2025-05-09 17:00:00+00:00,20.1,20.185,20.09,20.18,501.0,,,,,,,,,,,,,,,,,,,,,,,19.98898743904654,20.338724885115898,20.55030973560722,"rgba(38, 166, 154, 1.0)",0.0,0.0,0.16668422430046878,19.904624902073095,1.6520765482311444,0.0,0.0,0.0,0.0,0.0,0.0,0.0,0.0,54.007268531959106,8.566141727596559,False,False,True,False,False,4.757219262856687,0,1.0409268733072523,0.9040024074631354,False,False,False,False,0.26547115982144515,0.2702859243962852,False,False,False,False,31725.0,29620.700364135082,False,False,False,False,609.8566893028942,False,False,False,False
2025-05-09 18:00:00+00:00,20.175,20.185,20.155,20.17,60.0,,,,,,,,,,,,,,,,,,,,,,,19.989441540884446,20.338665059253646,20.550196938165165,"rgba(38, 166, 154, 1.0)",0.0,0.0,0.1666867105064998,19.90489324726232,1.590449244166622,0.0,0.0,0.0,0.0,0.0,0.0,0.0,0.0,54.1162705050578,8.566141727596559,False,False,True,False,False,4.538054795151631,0,1.0603184323331292,0.8928352725045924,False,False,False,False,0.27709827586721364,0.2736921001317494,False,False,False,False,31665.0,29652.39493213299,False,False,False,False,601.3317793912214,False,False,False,False
2025-05-09 19:00:00+00:00,20.175,20.205,20.115,20.13,1357.0,,,,,,,,,,,,,,,,,,,,,,,19.99806217192899,20.33716412718698,20.547530321034685,"rgba(38, 166, 154, 1.0)",0.0,0.0,0.16550463372305274,19.909992675225816,1.3293121758894844,0.0,0.0,0.0,0.0,0.0,0.0,0.0,0.0,52.79474391935454,7.190733389223752,False,False,True,False,False,3.6558586953247243,0,1.0562148657089316,0.898188632104934,False,False,False,False,0.27118295223978395,0.27243752618576667,False,False,False,False,30308.0,29662.55935178984,False,False,False,False,613.047565757249,False,False,False,False
2025-05-12 14:00:00+00:00,20.715,20.75,20.585,20.61,1453.0,,,,,,,,,,,,,,,,,,,,,,,20.033413838689963,20.33979238603466,20.54824442039195,"rgba(38, 166, 154, 1.0)",0.0,0.0,0.18022688403716983,19.961765932564482,3.596766769278583,0.0,0.0,0.0,0.0,0.0,0.0,0.0,0.0,60.38153690502651,5.575798312728239,True,False,True,False,True,12.18678795130586,0,1.0406852248394,0.8932395227898438,False,False,False,False,0.3428282117876206,0.3076328689866936,False,False,False,False,31761.0,29695.093315327984,False,False,False,False,626.0700841176017,False,False,False,False
2025-05-12 15:00:00+00:00,20.61,20.62,20.525,20.53,100.0,,,,,,,,,,,,,,,,,,,,,,,20.035370522235063,20.339919351715206,20.548249336848475,"rgba(38, 166, 154, 1.0)",0.0,0.0,0.18784584920375666,19.962802186863367,3.019485474610586,0.0,0.0,0.0,0.0,0.0,0.0,0.0,0.0,63.24279069978556,8.080916833348716,True,False,True,False,True,10.44911410819092,0,1.0416149068322977,0.8990683229813661,False,False,False,False,0.302844583049282,0.30523872601798785,False,False,False,False,31661.0,29725.57248873375,False,False,False,False,617.9139587824451,False,False,False,False
2025-05-12 16:00:00+00:00,20.53,20.65,20.525,20.645,0.0,,,,,,,,,,,,,,,,,,,,,,,20.035370522235063,20.339919351715206,20.548249336848475,"rgba(38, 166, 154, 1.0)",0.0,0.0,0.2002841450009355,19.962802186863367,3.406149863402546,0.0,0.0,0.0,0.0,0.0,0.0,0.0,0.0,66.42906282779302,10.927110127764216,True,False,True,False,True,12.282640349703602,0,1.0470662064637586,0.8895513021650452,False,False,False,False,0.309092707817579,0.30716571691778344,False,False,False,False,31661.0,29755.579116815396,False,False,False,False,608.3338974059731,False,False,False,False
2025-05-12 17:00:00+00:00,20.645,20.695,20.61,20.645,0.0,,,,,,,,,,,,,,,,,,,,,,,20.035370522235063,20.339919351715206,20.548249336848475,"rgba(38, 166, 154, 1.0)",0.0,0.0,0.21274412580158283,19.962802186863367,3.2066587529325643,0.0,0.0,0.0,0.0,0.0,0.0,0.0,0.0,68.55324424646466,12.841301059070993,True,False,True,False,True,12.282640349703602,0,1.0541139240506325,0.8816455696202526,False,False,False,False,0.3358568340456455,0.32151127548171443,False,False,False,False,31661.0,29785.120525857015,False,False,False,False,598.9023641128572,False,False,False,False
2025-05-12 18:00:00+00:00,20.645,20.675,20.635,20.635,57.0,,,,,,,,,,,,,,,,,,,,,,,20.036670138372266,20.340021450046358,20.5482771292904,"rgba(38, 166, 154, 1.0)",0.0,0.0,0.22385729849640015,19.963698526196424,2.998791990757329,0.0,0.0,0.0,0.0,0.0,0.0,0.0,0.0,69.64366014075587,13.916759179515317,True,False,True,False,True,12.05874383774086,0,1.048123195380173,0.8918832210458769,False,False,False,False,0.33701653007431215,0.3292639027780133,False,False,False,False,31604.0,29813.32020762667,False,False,False,False,590.5007770723478,False,False,False,False
2025-05-12 19:00:00+00:00,20.635,20.665,20.595,20.63,1.0,,,,,,,,,,,,,,,,,,,,,,,20.03669220755068,20.34002313416654,20.54827752742389,"rgba(38, 166, 154, 1.0)",0.0,0.0,0.23470257198700073,19.963713154054147,2.8388561757335773,0.0,0.0,0.0,0.0,0.0,0.0,0.0,0.0,70.19120831741954,14.62905560170023,True,False,True,False,True,11.944952878755949,0,1.0361799217731416,0.904823989569752,False,False,False,False,0.3254582427711964,0.32736107277460486,False,False,False,False,31603.0,29841.067181151837,False,False,False,False,581.3612301409935,False,False,False,False
2025-05-13 14:00:00+00:00,20.55,20.635,20.545,20.61,40.0,,,,,,,,,,,,,,,,,,,,,,,20.037524110182606,20.34008274108137,20.54828695518049,"rgba(38, 166, 154, 1.0)",0.0,0.0,0.24398484297927045,19.964222175033935,2.6467948462721966,0.0,0.0,0.0,0.0,0.0,0.0,0.0,0.0,69.78114397226243,14.62905560170023,True,False,True,False,True,11.48356850895205,0,1.0255068672334857,0.902550686723348,False,False,False,False,0.30713685272091074,0.3172489627477578,False,False,False,False,31563.0,29867.763814002195,False,False,False,False,572.9680327744665,False,False,False,False
2025-05-13 15:00:00+00:00,20.615,20.67,20.6,20.655,200.0,,,,,,,,,,,,,,,,,,,,,,,20.04197861751152,20.340432557725908,20.548377833467136,"rgba(38, 166, 154, 1.0)",0.0,0.0,0.25413238729112353,19.967252727039416,2.7062559018608314,0.0,0.0,0.0,0.0,0.0,0.0,0.0,0.0,70.29687758127989,15.364707295282258,True,False,True,False,True,12.248111209519081,0,1.026920551543007,0.9015101772816805,False,False,False,False,0.3277631004200192,0.3225060315838885,False,False,False,False,31763.0,29897.147320761847,False,False,False,False,567.1855826539321,False,False,False,False
2025-05-13 16:00:00+00:00,20.655,20.655,20.61,20.625,100.0,,,,,,,,,,,,,,,,,,,,,,,20.04413847566575,20.34060039955793,20.548417531999046,"rgba(38, 166, 154, 1.0)",0.0,0.0,0.26263498459868245,19.968688961553127,2.49894750103359,0.0,0.0,0.0,0.0,0.0,0.0,0.0,0.0,69.35424286137282,15.364707295282258,True,False,True,False,True,11.539492418430076,0,1.0213975259110661,0.9120695419592106,False,False,False,False,0.3266102526200317,0.3245581421019601,False,False,False,False,31663.0,29924.524881680267,False,False,False,False,559.9423953259642,False,False,False,False
2025-05-13 17:00:00+00:00,20.63,20.695,20.615,20.66,280.0,,,,,,,,,,,,,,,,,,,,,,,20.05037399260741,20.341112532117304,20.548564748929405,"rgba(38, 166, 154, 1.0)",0.0,0.0,0.269899597615127,19.973019582031693,2.545318422252454,0.0,0.0,0.0,0.0,0.0,0.0,0.0,0.0,69.44482892940775,15.364707295282258,True,False,True,False,True,12.14721014470991,0,1.030077728962487,0.9070631970260221,False,False,False,False,0.33701653007431215,0.33078733608813615,False,False,False,False,31943.0,29955.819069561192,False,False,False,False,555.6022031503678,False,False,False,False
2025-05-13 18:00:00+00:00,20.66,20.695,20.655,20.685,297.0,,,,,,,,,,,,,,,,,,,,,,,20.057082284248136,20.341691122523834,20.548751677320666,"rgba(38, 166, 154, 1.0)",0.0,0.0,0.2771866870170243,19.977775747972583,2.5514365774139054,0.0,0.0,0.0,0.0,0.0,0.0,0.0,0.0,70.01739465641211,16.145781442184784,True,False,True,False,True,12.582870502197427,0,1.034800409416581,0.9003752985329236,False,False,False,False,0.34282820805185366,0.3368077720699949,False,False,False,False,32240.0,29991.23272739745,False,False,False,False,551.5928666674164,False,False,False,False
2025-05-13 19:00:00+00:00,20.68,20.695,20.605,20.605,414.0,,,,,,,,,,,,,,,,,,,,,,,20.065561797089124,20.342390946027713,20.548924511284486,"rgba(38, 166, 154, 1.0)",0.0,0.0,0.28152227761370296,20.016434296225004,2.090654099433687,0.0,0.0,0.0,0.0,0.0,0.0,0.0,0.0,66.74474455002752,16.145781442184784,True,False,True,False,False,10.644456037386451,0,1.0246575342465751,0.9044520547945203,False,False,False,False,0.331280976049734,0.3340443740598644,False,False,False,False,31826.0,30019.678731623848,False,False,False,False,549.4596439283866,False,False,False,False
2025-05-14 14:00:00+00:00,20.42,20.435,20.355,20.37,1100.0,,,,,,,,,,,,,,,,,,,,,,,20.077610349297316,20.342669864177374,20.54806516094033,"rgba(38, 166, 154, 1.0)",0.0,0.0,0.2802275780423999,20.01171019070197,1.2785672695062906,0.0,0.0,0.0,0.0,0.0,0.0,0.0,0.0,57.79339347420386,12.316375267599739,False,False,True,False,False,5.316230680896439,0,1.011163734776725,0.9144113667117724,False,False,False,False,0.21769414868247955,0.27586926137117196,False,False,False,False,30726.0,30030.629448963013,False,False,False,False,557.9951533248458,False,False,False,False
2025-05-14 15:00:00+00:00,20.37,20.415,20.305,20.395,2466.0,,,,,,,,,,,,,,,,,,,,,,,20.100426499276324,20.34307366873539,20.54599533534446,"rgba(38, 166, 154, 1.0)",0.0,0.0,0.28016143994569637,20.043150973183238,1.2558795631724358,0.0,0.0,0.0,0.0,0.0,0.0,0.0,0.0,52.60340755929826,7.9169053630546244,False,True,False,False,False,5.783683607680086,0,1.0057471264367812,0.9198782961460442,False,False,False,False,0.20258581019486233,0.23922753578301714,False,False,False,False,33192.0,30079.642945878313,False,False,False,False,587.5766238159333,False,False,False,False
2025-05-14 16:00:00+00:00,20.395,20.43,20.365,20.39,0.0,,,,,,,,,,,,,,,,,,,,,,,20.100426499276324,20.34307366873539,20.54599533534446,"rgba(38, 166, 154, 1.0)",0.0,0.0,0.28036305291791713,20.043150973183238,1.2371424237497906,0.0,0.0,0.0,0.0,0.0,0.0,0.0,0.0,49.02158407008103,4.986654557239575,False,True,False,True,False,5.673240232695001,0,1.008852570650323,0.9254341164453522,False,False,False,False,0.21877699044571233,0.22900226311436472,False,False,False,False,33192.0,30127.896543616633,False,False,False,False,578.4669087180118,False,False,False,False
2025-05-14 17:00:00+00:00,20.39,20.41,20.365,20.395,2600.0,,,,,,,,,,,,,,,,,,,,,,,20.12232432668257,20.343752696909142,20.544089036889403,"rgba(38, 166, 154, 1.0)",0.0,0.0,0.28110771876553425,20.05654983268074,1.2039874565008035,0.0,0.0,0.0,0.0,0.0,0.0,0.0,0.0,46.82061713055472,3.184188009556955,False,True,False,True,False,5.769819832898513,0,1.0102424035506998,0.9207920792079205,False,False,False,False,0.2144486260583018,0.22172544458633325,False,False,False,False,35792.0,30215.712101079942,False,False,False,False,609.8085070324613,False,False,False,False
2025-05-14 18:00:00+00:00,20.395,20.445,20.395,20.42,154.0,,,,,,,,,,,,,,,,,,,,,,,20.123651696780176,20.34381799056542,20.543999284537858,"rgba(38, 166, 154, 1.0)",0.0,0.0,0.2811193520377119,20.057500663251442,1.2894855303306563,0.0,0.0,0.0,0.0,0.0,0.0,0.0,0.0,46.34098341614816,2.753015082210915,False,True,False,True,False,6.258413664276588,0,1.0126409292791252,0.9162965493679532,False,False,False,False,0.2285456522507451,0.22513554841853917,False,False,False,False,35946.0,30304.553773931417,False,False,False,False,602.7417084738184,False,False,False,False
2025-05-14 19:00:00+00:00,20.42,20.47,20.405,20.415,200.0,,,,,,,,,,,,,,,,,,,,,,,20.125415563104564,20.34391372973773,20.543892301219348,"rgba(38, 166, 154, 1.0)",0.0,0.0,0.28000897669010477,20.058802410695858,1.2720934646975874,0.0,0.0,0.0,0.0,0.0,0.0,0.0,0.0,45.84808752603799,2.0839424181879878,False,True,False,True,False,6.141544561972701,0,1.0181693520740487,0.9132670551936921,False,False,False,False,0.2361731626254204,0.23065435552197977,False,False,False,False,35746.0,30388.917281312322,False,False,False,False,596.4976509781003,False,False,False,False
2025-05-15 14:00:00+00:00,20.475,20.51,20.455,20.495,457.0,,,,,,,,,,,,,,,,,,,,,,,20.130106602638786,20.344275175631044,20.543769850745782,"rgba(38, 166, 154, 1.0)",0.0,0.0,0.28002287551345345,20.06271272085978,1.5437570175207123,0.0,0.0,0.0,0.0,0.0,0.0,0.0,0.0,48.659154401570035,2.0839424181879878,False,True,False,False,True,7.721346230317359,0,1.0195205479452052,0.904794520547945,False,False,False,False,0.2559136183328696,0.24328398692742467,False,False,False,False,36203.0,30479.058098656318,False,False,False,False,594.33489669937,False,False,False,False
2025-05-15 15:00:00+00:00,20.5,20.545,20.495,20.535,435.0,,,,,,,,,,,,,,,,,,,,,,,20.134928052842337,20.34470968954329,20.54373169850346,"rgba(38, 166, 154, 1.0)",0.0,0.0,0.28109102113403417,20.06690738307631,1.6652706124700014,0.0,0.0,0.0,0.0,0.0,0.0,0.0,0.0,51.869193885207096,2.0839424181879878,False,True,True,False,True,8.499763406620986,0,1.022306108442004,0.9021962937542893,False,False,False,False,0.2725138287940074,0.257898907860716,False,False,False,False,36638.0,30574.54556999498,False,False,False,False,591.8645882234107,False,False,False,False
2025-05-15 16:00:00+00:00,20.535,20.575,20.53,20.565,890.0,,,,,,,,,,,,,,,,,,,,,,,20.145206473519913,20.345747225690292,20.543785268670078,"rgba(38, 166, 154, 1.0)",0.0,0.0,0.28321691301868146,20.075962427341345,1.7267244651677935,0.0,0.0,0.0,0.0,0.0,0.0,0.0,0.0,54.96681303429373,-1.2882063459642978,False,False,True,False,True,9.083430091983388,0,1.0268780151619572,0.8993797381116471,False,False,False,False,0.28701990479995587,0.27245940633033594,False,False,False,False,37528.0,30682.351065033818,False,False,False,False,596.4868426695593,False,False,False,False
2025-05-15 17:00:00+00:00,20.565,20.59,20.535,20.545,200.0,,,,,,,,,,,,,,,,,,,,,,,20.147447664179246,20.34597898364804,20.543797245906497,"rgba(38, 166, 154, 1.0)",0.0,0.0,0.28523974427089044,20.077898748215436,1.6375742201653458,0.0,0.0,0.0,0.0,0.0,0.0,0.0,0.0,56.03050309564442,-0.13017172509321284,False,False,True,False,True,8.58437387104831,0,1.0238671739882392,0.9017640954686958,False,False,False,False,0.29150680807459184,0.2819831072024639,False,False,False,False,37328.0,30785.384381854998,False,False,False,False,590.3397598374731,False,False,False,False
2025-05-15 18:00:00+00:00,20.54,20.62,20.535,20.62,318.0,,,,,,,,,,,,,,,,,,,,,,,20.151261835331393,20.34640747342345,20.543867911390034,"rgba(38, 166, 154, 1.0)",0.0,0.0,0.28776103699845346,20.081284836519774,1.8720920980108986,0.0,0.0,0.0,0.0,0.0,0.0,0.0,0.0,59.13367820724294,2.969493386268013,True,False,True,False,True,10.059269920840894,0,1.0255613126079448,0.894991364421416,False,False,False,False,0.2982586931679871,0.2901209001852255,False,False,False,False,37646.0,30891.75051546965,False,False,False,False,586.1174379795278,False,False,False,False
2025-05-15 19:00:00+00:00,20.62,20.67,20.6,20.635,536.0,,,,,,,,,,,,,,,,,,,,,,,20.15816281628163,20.347253346165687,20.54409410424537,"rgba(38, 166, 154, 1.0)",0.0,0.0,0.29043378554120436,20.087540864069084,1.8849705619157349,0.0,0.0,0.0,0.0,0.0,0.0,0.0,0.0,61.6320701666349,5.462367142407906,True,False,True,False,True,10.352256973263373,0,1.0419727177334734,0.8915704791885272,False,False,False,False,0.3243935115387861,0.3072572058620058,False,False,False,False,38182.0,31004.777639260814,False,False,False,False,585.3404234372096,False,False,False,False
2025-05-16 14:00:00+00:00,20.675,20.72,20.63,20.695,280.0,,,,,,,,,,,,,,,,,,,,,,,20.162035295360884,20.3477645949699,20.54427224770923,"rgba(38, 166, 154, 1.0)",0.0,0.0,0.29543748290681815,20.09111174581224,2.044047519786885,0.0,0.0,0.0,0.0,0.0,0.0,0.0,0.0,64.8921997184516,8.639740209930693,True,False,True,False,True,11.521201430366617,0,1.045518207282913,0.8764005602240896,False,False,False,False,0.34282820805185193,0.32504270695692883,False,False,False,False,38462.0,31120.39348981491,False,False,False,False,580.6064633839195,False,False,False,False
2025-05-16 15:00:00+00:00,20.695,20.75,20.695,20.735,300.0,,,,,,,,,,,,,,,,,,,,,,,20.16647515202349,20.348384218855887,20.544524950892534,"rgba(38, 166, 154, 1.0)",0.0,0.0,0.3007387750371085,20.095264882467124,2.1272119548067527,0.0,0.0,0.0,0.0,0.0,0.0,0.0,0.0,67.99064481520513,11.625475027401606,True,False,True,False,True,12.292535325010139,0,1.0563380281690142,0.8697183098591548,False,False,False,False,0.3428282093906182,0.3339354581737735,False,False,False,False,38762.0,31238.86800935266,False,False,False,False,576.2559755795176,False,False,False,False
2025-05-16 16:00:00+00:00,20.73,20.795,20.73,20.78,100.0,,,,,,,,,,,,,,,,,,,,,,,20.168048555195377,20.348613010371317,20.54462826359908,"rgba(38, 166, 154, 1.0)",0.0,0.0,0.3067349561646711,20.096754658984988,2.2274779163031284,0.0,0.0,0.0,0.0,0.0,0.0,0.0,0.0,70.99770171075794,14.5142984461704,True,False,True,False,True,13.155202623133157,0,1.051619793520826,0.8764684941260236,False,False,False,False,0.34282821045945555,0.3383818343166145,False,False,False,False,38862.0,31357.056102230912,False,False,False,False,568.8721620046413,False,False,False,False
2025-05-16 17:00:00+00:00,20.78,20.815,20.78,20.805,300.0,,,,,,,,,,,,,,,,,,,,,,,20.172966210140423,20.349349563867833,20.544981422749967,"rgba(38, 166, 154, 1.0)",0.0,0.0,0.30609388832264717,20.101436599052086,2.2985215575630913,0.0,0.0,0.0,0.0,0.0,0.0,0.0,0.0,73.4928782410478,16.943624028873003,True,False,True,False,True,13.63378297409757,0,1.0547210300429184,0.8726752503576537,False,False,False,False,0.3428282113539078,0.3406050228352612,False,False,False,False,39162.0,31478.06298436687,False,False,False,False,564.7036013534065,False,False,False,False
2025-05-16 18:00:00+00:00,20.805,20.84,20.8,20.825,36.0,,,,,,,,,,,,,,,,,,,,,,,20.17357140389068,20.34944203052236,20.54502733121933,"rgba(38, 166, 154, 1.0)",0.0,0.0,0.3077889033233932,20.10201397133417,2.348967168274385,0.0,0.0,0.0,0.0,0.0,0.0,0.0,0.0,75.5469945632162,19.01215428085571,True,False,True,False,True,14.019004118179744,0,1.0544929628293036,0.8765788523998558,False,False,False,False,0.3428282119099384,0.3417166173725998,False,False,False,False,39198.0,31597.751930345676,False,False,False,False,556.5066462936637,False,False,False,False
2025-05-16 19:00:00+00:00,20.825,20.87,20.815,20.87,763.0,,,,,,,,,,,,,,,,,,,,,,,20.1867193972199,20.351517293979594,20.54610189484576,"rgba(38, 166, 154, 1.0)",1.0,20.7775,0.3102661891152749,20.16262129916883,2.2799090769389467,0.0,0.0,0.0,0.0,0.0,0.0,0.0,0.0,77.73812059085594,21.25478623210705,True,False,True,False,True,14.885401553352295,0,1.052098408104197,0.872286541244573,False,False,False,False,0.3428282124517926,0.3422724149121962,False,False,False,False,39961.0,31727.41469111551,False,False,False,False,559.7080936379481,False,True,False,False
2025-05-19 14:00:00+00:00,20.585,20.66,20.585,20.635,100.0,,,,,,,,,,,,,,,,,,,,,,,20.187834571155783,20.351666224627866,20.54613887983496,"rgba(239, 83, 80, 1.0)",0.0,0.0,0.30810898095341377,20.162216440352818,1.5344686097243903,0.0,0.0,0.0,0.0,0.0,0.0,0.0,0.0,67.81584480864758,24.99910958015593,True,False,True,False,False,8.559157112655424,0,1.041354723707665,0.8741532976827094,False,False,False,False,0.25299685747068645,0.2976346361914413,False,False,False,False,39861.0,31853.516788927674,False,False,False,False,552.5808363722434,False,False,False,False
2025-05-19 15:00:00+00:00,20.635,20.68,20.635,20.665,993.0,,,,,,,,,,,,,,,,,,,,,,,20.199427397553823,20.353314606741566,20.54665556946829,"rgba(239, 83, 80, 1.0)",0.0,0.0,0.304459349495958,20.167315549832114,1.634649916292001,0.0,0.0,0.0,0.0,0.0,0.0,0.0,0.0,62.17837518952053,20.08601179624729,True,False,True,False,False,9.162766101419898,0,1.0515759312320918,0.8678366762177651,False,False,False,False,0.26698966460679746,0.2823121503991194,False,False,False,False,40854.0,31993.059164293136,False,False,False,False,559.4090404594955,False,False,False,False
2025-05-19 16:00:00+00:00,20.665,20.72,20.66,20.705,1211.0,,,,,,,,,,,,,,,,,,,,,,,20.21383475373105,20.35552788386447,20.54747200824109,"rgba(239, 83, 80, 1.0)",0.0,0.0,0.3040062825334795,20.17843706298091,1.7320791288617443,0.0,0.0,0.0,0.0,0.0,0.0,0.0,0.0,59.695677810315956,17.998876665233908,False,False,True,False,False,9.966606159560271,0,1.0517118402282455,0.8591298145506421,False,False,False,False,0.2800749748595432,0.28119356262933126,False,False,False,False,42065.0,32149.213285776965,False,False,False,False,569.5112258787282,False,False,False,False
2025-05-19 17:00:00+00:00,20.705,20.725,20.685,20.685,1300.0,,,,,,,,,,,,,,,,,,,,,,,20.228497730182756,20.35789514875292,20.548358084652953,"rgba(239, 83, 80, 1.0)",0.0,0.0,0.3048761083480419,20.190131753473175,1.6231781795177276,0.0,0.0,0.0,0.0,0.0,0.0,0.0,0.0,57.27427365614384,15.740644811124639,False,True,True,False,False,9.440597017072776,0,1.0533428165007113,0.8591749644381222,False,False,False,False,0.28614576941742537,0.2836696660233783,False,False,False,False,40765.0,32282.791374369568,False,False,False,False,580.8366332294455,False,False,False,False
2025-05-19 18:00:00+00:00,20.685,20.7,20.65,20.675,149.0,,,,,,,,,,,,,,,,,,,,,,,20.230041179472906,20.358145933628084,20.548443281079724,"rgba(239, 83, 80, 1.0)",0.0,0.0,0.3026104444348974,20.191307262957917,1.5984006696971225,0.0,0.0,0.0,0.0,0.0,0.0,0.0,0.0,55.256611007493,13.690523853179869,False,True,True,False,False,9.174726204904637,0,1.0506732813607371,0.8614457831325303,False,False,False,False,0.2740242347804104,0.27884695040189433,False,False,False,False,40616.0,32411.988407325076,False,False,False,False,574.141491628989,False,False,False,False
2025-05-19 19:00:00+00:00,20.68,20.735,20.655,20.715,3678.0,,,,,,,,,,,,,,,,,,,,,,,20.26712036680775,20.364723727663495,20.55094617060899,"rgba(239, 83, 80, 1.0)",0.0,0.0,0.299979248531551,20.221109599850934,1.6464152189417869,0.0,0.0,0.0,0.0,0.0,0.0,0.0,0.0,55.441403769201024,13.535666059283109,False,True,True,False,False,10.009944863975164,0,1.050739957716702,0.8597603946441157,False,False,False,False,0.2820963178278147,0.28047163411485454,False,False,False,False,44294.0,32596.205641320033,False,False,False,False,622.2633289680745,False,False,False,False
2025-05-20 14:00:00+00:00,20.77,20.835,20.77,20.785,137.0,,,,,,,,,,,,,,,,,,,,,,,20.26866660272669,20.365031587399024,20.551095588529,"rgba(239, 83, 80, 1.0)",0.0,0.0,0.298358089465584,20.222482351029626,1.8853775675328595,0.0,0.0,0.0,0.0,0.0,0.0,0.0,0.0,57.86672981141579,13.535666059283109,False,True,True,False,False,11.449857087198694,0,1.0545073375262055,0.8549965059399022,False,False,False,False,0.3261336870339087,0.3033026605743816,False,False,False,False,44431.0,32779.69082517554,False,False,False,False,614.7398665034531,False,False,False,False
2025-05-20 15:00:00+00:00,20.785,20.845,20.775,20.805,0.0,,,,,,,,,,,,,,,,,,,,,,,20.26866660272669,20.365031587399024,20.551095588529,"rgba(239, 83, 80, 1.0)",0.0,0.0,0.2972748902284949,20.222482351029626,1.959525234447592,0.0,0.0,0.0,0.0,0.0,0.0,0.0,0.0,60.078069411412024,13.535666059283109,False,False,True,False,True,11.857720966899116,0,1.0545897079276774,0.8550069541029209,False,False,False,False,0.32925031277477296,0.3162764866745773,False,False,False,False,44431.0,32960.3312774984,False,False,False,False,605.2090158599887,False,False,False,False
2025-05-20 16:00:00+00:00,20.805,20.805,20.775,20.805,100.0,,,,,,,,,,,,,,,,,,,,,,,20.269786008493025,20.36525515899014,20.551203798597136,"rgba(239, 83, 80, 1.0)",0.0,0.0,0.29449949907420503,20.223473042167825,1.974628003308241,0.0,0.0,0.0,0.0,0.0,0.0,0.0,0.0,61.552295811409515,13.535666059283109,False,False,True,False,True,11.857720966899116,0,1.0626780626780625,0.8543447293447295,False,False,False,False,0.32095284619068415,0.3186146664326307,False,False,False,False,44431.0,33138.17110265346,False,False,False,False,597.3763179396788,False,False,False,False
2025-05-20 17:00:00+00:00,20.805,20.825,20.8,20.82,100.0,,,,,,,,,,,,,,,,,,,,,,,20.270943108583236,20.365488892238073,20.55132078191032,"rgba(239, 83, 80, 1.0)",0.0,0.0,0.2971826720058605,20.22451192891332,2.0037779022154356,0.0,0.0,0.0,0.0,0.0,0.0,0.0,0.0,63.049055358150056,13.535666059283109,False,False,True,False,True,12.172609501909367,0,1.07124955245256,0.8460436806301471,False,False,False,False,0.3302905589995955,0.3244526127161131,False,False,False,False,44531.0,33314.80410881387,False,False,False,False,589.6650571964279,False,False,False,False
2025-05-20 18:00:00+00:00,20.82,20.82,20.725,20.735,0.0,,,,,,,,,,,,,,,,,,,,,,,20.270943108583236,20.365488892238073,20.55132078191032,"rgba(239, 83, 80, 1.0)",0.0,0.0,0.29767378904546943,20.22451192891332,1.7149244907441397,0.0,0.0,0.0,0.0,0.0,0.0,0.0,0.0,59.27327395840098,13.535666059283109,False,True,True,False,False,9.72933652332306,0,1.0651395848246241,0.8464566929133861,False,False,False,False,0.31372749098022334,0.3190900518481682,False,False,False,False,44531.0,33488.69861875474,False,False,False,False,580.5229632864058,False,False,False,False
2025-05-20 19:00:00+00:00,20.74,20.75,20.705,20.74,32.0,,,,,,,,,,,,,,,,,,,,,,,20.271255788141648,20.365549779163416,20.551346370713244,"rgba(239, 83, 80, 1.0)",0.0,0.0,0.298728340841011,20.22477147390941,1.7247393556301476,0.0,0.0,0.0,0.0,0.0,0.0,0.0,0.0,56.9837489263148,13.535666059283109,False,True,True,False,False,9.838960348728339,0,1.065232974910394,0.8480286738351256,False,False,False,False,0.2952242975167128,0.3071571746824405,False,False,False,False,44563.0,33660.3932138128,False,False,False,False,572.0187312974692,False,False,False,False
2025-05-21 14:00:00+00:00,20.485,20.535,20.425,20.445,1617.0,,,,,,,,,,,,,,,,,,,,,,,20.277790285979883,20.366406189614924,20.55075542524402,"rgba(239, 83, 80, 1.0)",0.0,0.0,0.2968839218668881,20.2267996158913,0.7349686798011741,0.0,0.0,0.0,0.0,0.0,0.0,0.0,0.0,46.99805392338527,4.251259957066836,False,True,False,True,False,2.0482730901030095,0,1.0538922155688621,0.8517083480098628,False,False,False,False,0.19071086476530094,0.24893401972387075,False,False,False,False,42946.0,33804.35610972268,False,False,False,False,588.2199912773534,False,False,False,False
2025-05-21 15:00:00+00:00,20.445,20.505,20.44,20.445,1405.0,,,,,,,,,,,,,,,,,,,,,,,20.282986068204018,20.36710287577419,20.55021800924364,"rgba(239, 83, 80, 1.0)",0.0,0.0,0.2950265372092126,20.228807812116383,0.7327889549485129,0.0,0.0,0.0,0.0,0.0,0.0,0.0,0.0,40.34092392143225,-1.6076353576360702,False,True,False,True,False,2.0482730901030095,0,1.0531726338177951,0.8610421836228292,False,False,False,False,0.15684501055286942,0.20288951513837009,False,False,False,False,42946.0,33946.08702275023,False,False,False,False,600.8832472265418,False,False,False,False
2025-05-21 16:00:00+00:00,20.445,20.46,20.425,20.445,160.0,,,,,,,,,,,,,,,,,,,,,,,20.2834957847403,20.367165221776936,20.550143236283006,"rgba(239, 83, 80, 1.0)",0.0,0.0,0.29353732669315374,20.22897922870778,0.7359226634847589,0.0,0.0,0.0,0.0,0.0,0.0,0.0,0.0,35.90283725346357,-5.413100787805085,False,True,False,True,False,2.048273090103031,0,1.043243243243243,0.8681081081081085,False,False,False,False,0.1315075823823329,0.1671985487603515,False,False,False,False,42946.0,34085.62055728124,False,False,False,False,594.0478480447349,False,False,False,False
2025-05-21 17:00:00+00:00,20.445,20.455,20.265,20.29,1476.0,,,,,,,,,,,,,,,,,,,,,,,20.285010583746715,20.36693684004031,20.548774398429096,"rgba(239, 83, 80, 1.0)",0.0,0.0,0.291786945598364,20.22722929119123,0.21512514440989536,0.0,0.0,0.0,0.0,0.0,0.0,0.0,0.0,30.548277373489096,-10.174689565939573,False,True,False,True,False,0.0,0,1.0269010043041604,0.8780487804878054,False,False,False,False,0.08990177041492992,0.1285501595876407,False,False,False,False,41470.0,34200.107060269125,False,False,False,False,607.7215248192351,False,False,False,False
2025-05-21 18:00:00+00:00,20.29,20.295,20.195,20.205,946.0,,,,,,,,,,,,,,,,,,,,,,,20.28405402331533,20.36629072542505,20.547476525262994,"rgba(239, 83, 80, 1.0)",0.0,0.0,0.29100047986091065,20.22427096334511,-0.06622313253339598,0.0,0.0,0.0,0.0,0.0,0.0,0.0,0.0,26.046499916605786,-14.217869094379814,False,True,False,True,False,0.0,0,1.0143266475644699,0.8939828080229228,False,False,False,False,0.03238865189043969,0.0804694057390402,False,False,False,False,40524.0,34298.1519120479,False,False,False,False,612.9661523414175,False,False,False,False
2025-05-21 19:00:00+00:00,20.205,20.225,20.165,20.165,259.0,,,,,,,,,,,,,,,,,,,,,,,20.283570094691974,20.366053956792204,20.547070804198302,"rgba(239, 83, 80, 1.0)",0.0,0.0,0.29015205706011665,20.22325993184581,-0.20079103500458698,0.0,0.0,0.0,0.0,0.0,0.0,0.0,0.0,22.65084852462003,-17.369877912524004,False,True,False,True,False,0.0,0,1.0238784370477565,0.8950795947901595,False,False,False,False,0.00747181168590187,0.043970608712471035,False,False,False,False,40265.0,34390.661184729324,False,False,False,False,607.4783050182947,False,False,False,False
2025-05-22 14:00:00+00:00,19.985,20.025,19.92,20.02,1006.0,,,,,,,,,,,,,,,,,,,,,,,20.27807197951377,20.36414753067528,20.544652172977607,"rgba(239, 83, 80, 1.0)",0.0,0.0,0.2915364393956552,20.215489935479887,-0.6705506038460624,0.0,0.0,0.0,0.0,0.0,0.0,0.0,0.0,19.22045267922188,-20.700473868637978,False,True,False,True,False,0.0,0,1.0162220620043256,0.8994232155731798,False,False,False,False,-0.1310252610245142,-0.04352732615602158,False,False,False,False,39259.0,34466.13930589631,False,False,False,False,613.6569359482436,False,False,False,False
2025-05-22 15:00:00+00:00,20.02,20.085,20.0,20.075,300.0,,,,,,,,,,,,,,,,,,,,,,,20.276830786696127,20.36368041953254,20.544018758057565,"rgba(239, 83, 80, 1.0)",0.0,0.0,0.2922589558889485,20.21368862954815,-0.4745402211073758,0.0,0.0,0.0,0.0,0.0,0.0,0.0,0.0,19.447771797126236,-20.789713847886915,False,True,False,True,False,0.0,0,1.0115606936416182,0.8995664739884395,False,False,False,False,-0.09351818743388386,-0.06852275679495272,False,False,False,False,39559.0,34545.098386425045,False,False,False,False,608.7940377164878,False,False,False,False
2025-05-22 16:00:00+00:00,20.075,20.125,20.045,20.055,476.0,,,,,,,,,,,,,,,,,,,,,,,20.27507752999003,20.36299368633232,20.543061314200415,"rgba(239, 83, 80, 1.0)",0.0,0.0,0.2919194323010306,20.211125643827085,-0.5348244294545172,0.0,0.0,0.0,0.0,0.0,0.0,0.0,0.0,19.373685147549942,-21.449490228883164,False,True,False,True,False,0.0,0,1.0081511670989254,0.9095961467210081,False,False,False,False,-0.07088000556935208,-0.0697013811821524,False,False,False,False,39083.0,34615.4534502014,False,False,False,False,606.7352154263097,False,False,False,False
2025-05-22 17:00:00+00:00,20.055,20.155,20.035,20.135,816.0,,,,,,,,,,,,,,,,,,,,,,,20.27263087702894,20.361959383342203,20.541545287873074,"rgba(239, 83, 80, 1.0)",0.0,0.0,0.289848329396695,20.207486469902353,-0.25008413901583737,0.0,0.0,0.0,0.0,0.0,0.0,0.0,0.0,22.898136722210445,-21.449490228883164,False,True,False,True,True,0.0,0,1.0239252336448597,0.8938317757009347,False,False,False,False,-0.06556475035334904,-0.06763306576775072,False,False,False,False,39899.0,34697.368900585876,False,False,False,False,609.979630691018,False,False,False,False
2025-05-22 18:00:00+00:00,20.135,20.18,20.135,20.17,342.0,,,,,,,,,,,,,,,,,,,,,,,20.27195264562558,20.361619015203082,20.540990872003192,"rgba(239, 83, 80, 1.0)",0.0,0.0,0.28722142006498225,20.206386560891495,-0.12668470507269702,0.0,0.0,0.0,0.0,0.0,0.0,0.0,0.0,26.67974171931114,-21.449490228883164,False,True,False,True,True,0.0,0,1.037593984962406,0.8763157894736845,False,False,False,False,-0.032416183108935216,-0.05002462443834296,False,False,False,False,40241.0,34783.31666956904,False,False,False,False,605.8249077345681,False,False,False,False
2025-05-22 19:00:00+00:00,20.165,20.205,20.075,20.085,2662.0,,,,,,,,,,,,,,,,,,,,,,,20.26512752490788,20.358486567115378,20.536280914727097,"rgba(239, 83, 80, 1.0)",0.0,0.0,0.2844482568250534,20.19687129452616,-0.3932922485616277,0.0,0.0,0.0,0.0,0.0,0.0,0.0,0.0,27.56283219375744,-21.449490228883164,False,True,False,True,True,0.0,0,1.0300413067968452,0.8772061584678937,False,False,False,False,-0.041687481801261375,-0.04585605311980217,False,False,False,False,37579.0,34826.660597172624,False,False,False,False,637.7035913355826,False,False,False,False
2025-05-23 14:00:00+00:00,19.94,19.99,19.915,19.925,501.0,,,,,,,,,,,,,,,,,,,,,,,20.26240040935772,20.35746907450166,20.53503009160816,"rgba(239, 83, 80, 1.0)",-1.0,20.02,0.28396979918091214,20.19373863567397,-0.94636343882034,0.0,0.0,0.0,0.0,0.0,0.0,0.0,0.0,25.873062748687964,-21.449490228883164,False,True,False,True,True,0.0,0,1.0254586297266939,0.8858105578435044,True,False,False,False,-0.1418046508204164,-0.09383035197010929,False,False,False,False,37078.0,34861.565084038164,True,False,False,False,635.584155811,True,False,False,False
2025-05-23 15:00:00+00:00,19.925,20.045,19.925,19.995,999.0,,,,,,,,,,,,,,,,,,,,,,,20.257845997737714,20.355673847252305,20.532740115837008,"rgba(239, 83, 80, 1.0)",0.0,0.0,0.2838684665585577,20.189902525982998,-0.6865944933788243,0.0,0.0,0.0,0.0,0.0,0.0,0.0,0.0,27.405176881231377,-21.449490228883164,False,True,False,True,True,0.0,0,1.0273305877948333,0.8798202920254586,False,False,False,False,-0.12430364042611738,-0.10906699619811333,False,False,False,False,38077.0,34911.41678816161,False,False,False,False,641.2185099844728,False,False,False,False
2025-05-23 16:00:00+00:00,19.995,20.055,19.98,20.035,1065.0,,,,,,,,,,,,,,,,,,,,,,,20.25376375018389,20.353959673253254,20.530475480844807,"rgba(239, 83, 80, 1.0)",0.0,0.0,0.2808246062214992,20.186210073664203,-0.5384502294821569,0.0,0.0,0.0,0.0,0.0,0.0,0.0,0.0,29.86468923375454,-27.15456170001035,False,True,False,True,True,0.0,0,1.027088036117381,0.8844996237772764,False,False,False,False,-0.10687806616598454,-0.10797253118204894,False,False,False,False,39142.0,34977.00722555445,False,False,False,False,647.7887656436283,False,False,False,False
2025-05-23 17:00:00+00:00,20.035,20.135,20.035,20.105,1103.0,,,,,,,,,,,,,,,,,,,,,,,20.25089314002527,20.35256596959609,20.528464352790596,"rgba(239, 83, 80, 1.0)",0.0,0.0,0.27843055970309205,20.18430649058772,-0.28483400195829167,0.0,0.0,0.0,0.0,0.0,0.0,0.0,0.0,33.87086257178638,-23.065607889967104,False,True,False,True,True,0.0,0,1.0224971878515183,0.8811398575178102,False,False,False,False,-0.07088000556935208,-0.0894262683757005,False,False,False,False,40245.0,35058.681532135,False,False,False,False,654.8463041607813,False,False,False,False
2025-05-23 18:00:00+00:00,20.105,20.145,20.095,20.125,171.0,,,,,,,,,,,,,,,,,,,,,,,20.250539321644926,20.352375918955424,20.528175514356285,"rgba(239, 83, 80, 1.0)",0.0,0.0,0.27711715738820547,20.184105961896794,-0.2132887131704881,0.0,0.0,0.0,0.0,0.0,0.0,0.0,0.0,37.19658206471333,-19.742022025775412,False,True,False,True,True,0.0,0,1.024868123587038,0.8865862848530521,False,False,False,False,-0.05229212284595586,-0.07085919561082818,False,False,False,False,40416.0,35141.74073318717,False,False,False,False,647.3448110730172,False,False,False,False
2025-05-23 19:00:00+00:00,20.125,20.155,20.085,20.115,435.0,,,,,,,,,,,,,,,,,,,,,,,20.24962487411884,20.351886899243787,20.527436585568015,"rgba(239, 83, 80, 1.0)",0.0,0.0,0.2766439315525743,20.18349599325041,-0.24759622546571178,0.0,0.0,0.0,0.0,0.0,0.0,0.0,0.0,39.140963057768275,-17.715900490796983,False,True,False,True,True,0.0,0,1.0195783132530118,0.8862951807228917,False,False,False,False,-0.05229212284595407,-0.06157565922839112,False,False,False,False,39981.0,35216.76800864164,False,False,False,False,644.052643459482,False,False,False,False
2025-05-26 14:00:00+00:00,20.115,20.115,20.115,20.115,0.0,,,,,,,,,,,,,,,,,,,,,,,20.24962487411884,20.351886899243787,20.527436585568015,"rgba(239, 83, 80, 1.0)",0.0,0.0,0.27414786895771137,20.18349599325041,-0.24985054055254374,0.0,0.0,0.0,0.0,0.0,0.0,0.0,0.0,40.43721705313824,-16.22268340619037,False,True,False,True,True,0.0,0,1.020817562452687,0.8906131718395158,False,False,False,False,-0.054945027130193135,-0.05826034317929213,False,False,False,False,39981.0,35290.63207052316,False,False,False,False,634.0673311577847,False,False,False,False
2025-05-26 15:00:00+00:00,20.115,20.115,20.115,20.115,0.0,,,,,,,,,,,,,,,,,,,,,,,20.24962487411884,20.351886899243787,20.527436585568015,"rgba(239, 83, 80, 1.0)",0.0,0.0,0.27304624562929386,20.18349599325041,-0.2508585792584269,0.0,0.0,0.0,0.0,0.0,0.0,0.0,0.0,41.30138638338488,-15.052478613483792,False,True,False,True,True,0.0,0,1.022493328250095,0.8902020587113993,False,False,False,False,-0.054945027130193135,-0.056602685154742635,False,False,False,False,39981.0,35363.350953150715,False,False,False,False,624.2368298995244,False,False,False,False
2025-05-26 16:00:00+00:00,20.115,20.115,20.115,20.115,0.0,,,,,,,,,,,,,,,,,,,,,,,20.24962487411884,20.351886899243787,20.527436585568015,"rgba(239, 83, 80, 1.0)",0.0,0.0,0.2700410045606861,20.18349599325041,-0.2536503423316923,0.0,0.0,0.0,0.0,0.0,0.0,0.0,0.0,41.87749927021597,-14.083959719486707,False,True,False,True,True,0.0,0,1.037281553398058,0.885825242718447,False,False,False,False,-0.054945027130193135,-0.05577385614246788,False,False,False,False,39981.0,35434.942411241405,False,False,False,False,614.5587395134853,False,False,False,False
2025-05-26 17:00:00+00:00,20.115,20.115,20.115,20.115,0.0,,,,,,,,,,,,,,,,,,,,,,,20.24962487411884,20.351886899243787,20.527436585568015,"rgba(239, 83, 80, 1.0)",0.0,0.0,0.268719905082202,20.18349599325041,-0.2548973557781625,0.0,0.0,0.0,0.0,0.0,0.0,0.0,0.0,42.26157452810337,-13.248693783213703,False,True,False,True,True,0.0,0,1.0347792106291518,0.8847205939820246,False,False,False,False,-0.054945027130193135,-0.05535944163633051,False,False,False,False,39981.0,35505.42392424541,False,False,False,False,605.030697040408,False,False,False,False
2025-05-26 18:00:00+00:00,20.115,20.115,20.115,20.115,0.0,,,,,,,,,,,,,,,,,,,,,,,20.24962487411884,20.351886899243787,20.527436585568015,"rgba(239, 83, 80, 1.0)",0.0,0.0,0.2703380766293865,20.18349599325041,-0.2533716082633637,0.0,0.0,0.0,0.0,0.0,0.0,0.0,0.0,42.5176247000283,-12.509075861861795,False,False,False,True,True,0.0,0,1.0317896389324959,0.8854003139717428,False,False,False,False,-0.054945027130193135,-0.05515223438326182,False,False,False,False,39981.0,35574.8127006137,False,False,False,False,595.6503761560606,False,False,False,False
2025-05-26 19:00:00+00:00,20.115,20.115,20.115,20.115,0.0,,,,,,,,,,,,,,,,,,,,,,,20.24962487411884,20.351886899243787,20.527436585568015,"rgba(239, 83, 80, 1.0)",0.0,0.0,0.27258067654407525,20.18349599325041,-0.25128704689870623,0.0,0.0,0.0,0.0,0.0,0.0,0.0,0.0,42.688324814644915,-11.844894376597978,False,False,False,True,True,0.0,0,1.036478984932593,0.885804916732752,False,False,False,False,-0.054945027130193135,-0.055048630756727474,False,False,False,False,39981.0,35643.12568199954,False,False,False,False,586.4154866032534,False,False,False,False
2025-05-27 14:00:00+00:00,20.23,20.375,20.21,20.365,58.0,,,,,,,,,,,,,,,,,,,,,,,20.24968664612062,20.35187708986603,20.527385929799532,"rgba(38, 166, 154, 1.0)",0.0,0.0,0.2715724149772525,20.183728519180775,0.6674885622474102,0.0,0.0,0.0,0.0,0.0,0.0,0.0,0.0,52.59187984587953,-2.4345380036228903,True,False,True,False,True,2.295283847944553,0,1.0352802822422575,0.873774990199922,False,False,False,False,0.03903782499828985,-0.00800540287921881,False,False,False,False,40039.0,35711.2787722011,False,False,False,False,578.2229984388619,False,False,False,False
2025-05-27 15:00:00+00:00,20.365,20.405,20.34,20.375,100.0,,,,,,,,,,,,,,,,,,,,,,,20.249882761282418,20.351887388187322,20.527322120880736,"rgba(38, 166, 154, 1.0)",0.0,0.0,0.2707193121037845,20.184273312433426,0.7045182188312298,0.0,0.0,0.0,0.0,0.0,0.0,0.0,0.0,59.40284355353475,3.5807389059608,True,False,True,False,True,2.5403521279056633,0,1.0407683261466087,0.8722069776558217,False,False,False,False,0.08152277267924464,0.03675868490001291,False,False,False,False,40139.0,35779.92561294217,False,False,False,False,570.8086883855461,False,False,False,False
2025-05-27 16:00:00+00:00,20.375,20.435,20.375,20.42,1065.0,,,,,,,,,,,,,,,,,,,,,,,20.25254251607839,20.352182929663364,20.526806856280366,"rgba(38, 166, 154, 1.0)",0.0,0.0,0.2688970632614474,20.190179325791615,0.8546790040058319,0.0,0.0,0.0,0.0,0.0,0.0,0.0,0.0,64.86928688201193,8.224182536727447,True,False,True,False,True,3.6447783689838253,0,1.0393081761006286,0.8761792452830195,False,False,False,False,0.09885782741531106,0.06780825615766198,False,False,False,False,41204.0,35864.019789485705,False,False,False,False,578.4705691857702,False,False,False,False
2025-05-27 17:00:00+00:00,20.42,20.465,20.395,20.455,303.0,,,,,,,,,,,,,,,,,,,,,,,20.25341643897997,20.352307401314473,20.526696444751956,"rgba(38, 166, 154, 1.0)",0.0,0.0,0.266950158994872,20.19182139855913,0.9858716789373493,0.0,0.0,0.0,0.0,0.0,0.0,0.0,0.0,69.18019587582549,11.843084998436282,True,False,True,False,True,4.49763035831154,0,1.04253643166601,0.8719968491532102,False,False,False,False,0.11223235952302263,0.0900203078403423,False,False,False,False,41507.0,35951.507854765,False,False,False,False,574.1997076480062,False,False,False,False
2025-05-27 18:00:00+00:00,20.455,20.485,20.445,20.475,15.0,,,,,,,,,,,,,,,,,,,,,,,20.25346647317803,20.352315699550207,20.526692839286504,"rgba(38, 166, 154, 1.0)",0.0,0.0,0.26502546197581733,20.191911171605344,1.0681570981300204,0.0,0.0,0.0,0.0,0.0,0.0,0.0,0.0,72.42742326228058,14.61618990079441,True,False,True,False,True,4.9855758438474815,0,1.0505329648637975,0.8641926569285436,False,False,False,False,0.13102520720523092,0.11052275752278662,False,False,False,False,41522.0,36037.87207407097,False,False,False,False,565.5299447387347,False,False,False,False
2025-05-27 19:00:00+00:00,20.475,20.495,20.455,20.49,300.0,,,,,,,,,,,,,,,,,,,,,,,20.254516357438224,20.35249807963941,20.52663522012577,"rgba(38, 166, 154, 1.0)",0.0,0.0,0.26207654820131626,20.225144635929475,1.010603069554598,0.0,0.0,0.0,0.0,0.0,0.0,0.0,0.0,74.87910320818392,16.83171279674481,True,False,True,False,True,5.354465141699897,0,1.0541716093317512,0.8596283115856074,False,False,False,False,0.136410963809083,0.1234668606659348,False,False,False,False,41822.0,36127.54847602335,False,False,False,False,561.413201409452,False,False,False,False
2025-05-28 14:00:00+00:00,20.395,20.4,20.285,20.315,700.0,,,,,,,,,,,,,,,,,,,,,,,20.25535956452854,20.35243441845014,20.526080235646994,"rgba(239, 83, 80, 1.0)",0.0,0.0,0.2606913538688647,20.22151275608146,0.3586127523261423,0.0,0.0,0.0,0.0,0.0,0.0,0.0,0.0,67.23474574014361,16.83171279674481,True,False,True,False,False,0.6118373710780567,0,1.0374999999999999,0.8652343750000004,False,False,False,False,0.06556469721978771,0.09451577894286126,False,False,False,False,41122.0,36204.98183298423,False,False,False,False,563.5618339457395,False,False,False,False
2025-05-28 15:00:00+00:00,20.315,20.345,20.225,20.235,335.0,,,,,,,,,,,,,,,,,,,,,,,20.255425650538783,20.352300934151398,20.52572657344374,"rgba(239, 83, 80, 1.0)",0.0,0.0,0.2598652110766802,20.220322095836565,0.05648275928363304,0.0,0.0,0.0,0.0,0.0,0.0,0.0,0.0,59.50419565219426,18.952634483676903,True,False,True,False,False,0.0,0,1.0299961044020256,0.8753408648227506,False,False,False,False,0.0350644346182465,0.06479010678055389,False,False,False,False,40787.0,36276.02087433331,False,False,False,False,560.0182396209993,False,False,False,False
2025-05-28 16:00:00+00:00,20.24,20.285,20.235,20.275,0.0,,,,,,,,,,,,,,,,,,,,,,,20.255425650538783,20.352300934151398,20.52572657344374,"rgba(239, 83, 80, 1.0)",0.0,0.0,0.25800211256904404,20.220322095836565,0.2119281257776577,0.0,0.0,0.0,0.0,0.0,0.0,0.0,0.0,55.82087787003151,15.776426304216514,True,False,True,False,False,0.0,0,1.0333333333333328,0.8807843137254905,False,False,False,False,0.021827084730266167,0.043308595755410025,False,False,False,False,40787.0,36345.95853519636,False,False,False,False,551.335786293542,False,False,False,False
2025-05-28 17:00:00+00:00,20.275,20.295,20.22,20.22,0.0,,,,,,,,,,,,,,,,,,,,,,,20.255425650538783,20.352300934151398,20.52572657344374,"rgba(239, 83, 80, 1.0)",0.0,0.0,0.2586563165478273,20.220322095836565,-0.0012452656902596547,0.0,0.0,0.0,0.0,0.0,0.0,0.0,0.0,51.60986342977399,11.912841516346859,True,False,False,False,False,0.0,0,1.027472527472527,0.8806907378335953,False,False,False,False,0.020503846749865932,0.03190622125263798,False,False,False,False,40787.0,36414.81189123983,False,False,False,False,542.7879446455801,False,False,False,False
2025-05-28 18:00:00+00:00,20.23,20.255,20.155,20.215,1700.0,,,,,,,,,,,,,,,,,,,,,,,20.254239024101032,20.351150627844483,20.523531831580186,"rgba(239, 83, 80, 1.0)",0.0,0.0,0.25980358138582454,20.21499944877461,2.1217005082284563e-06,0.0,0.0,0.0,0.0,0.0,0.0,0.0,0.0,48.644256603719114,9.054031226962792,False,False,False,True,False,0.0,0,1.0207761662093295,0.8855350842806747,False,False,False,False,-0.0072747032941922335,0.012315758979222872,False,False,False,False,39087.0,36456.24116424386,False,False,False,False,560.7292168216176,False,False,False,False
2025-05-28 19:00:00+00:00,20.215,20.235,20.145,20.16,5.0,,,,,,,,,,,,,,,,,,,,,,,20.254233522550432,20.351146605881148,20.523524844994174,"rgba(239, 83, 80, 1.0)",0.0,0.0,0.2606732966139179,20.21498526514187,-0.21093554980933882,0.0,0.0,0.0,0.0,0.0,0.0,0.0,0.0,44.962163252128704,5.392106009070993,False,False,False,True,False,0.0,0,1.0192913385826767,0.892125984251969,False,False,False,False,-0.015211619255961963,-0.001447930138369545,False,False,False,False,39082.0,36496.9506035579,False,False,False,False,552.11325997167,False,False,False,False
2025-05-29 14:00:00+00:00,20.19,20.23,20.13,20.165,3.0,,,,,,,,,,,,,,,,,,,,,,,20.25422999970359,20.351144122296215,20.523520592167152,"rgba(239, 83, 80, 1.0)",0.0,0.0,0.2613095399630024,20.214976220348472,-0.19125294987526564,0.0,0.0,0.0,0.0,0.0,0.0,0.0,0.0,42.75911004081572,3.0050680141787254,False,False,False,True,False,0.0,0,1.0105882352941171,0.8929411764705886,False,False,False,False,-0.020503899677918522,-0.010975914908144034,False,False,False,False,39085.0,36537.07540040196,False,False,False,False,543.5998760961402,False,False,False,False
2025-05-29 15:00:00+00:00,20.165,20.175,20.04,20.06,837.0,,,,,,,,,,,,,,,,,,,,,,,20.25223814612581,20.350127397281643,20.52205535129641,"rgba(239, 83, 80, 1.0)",0.0,0.0,0.26356174379600944,20.210519510938106,-0.5710977199126651,0.0,0.0,0.0,0.0,0.0,0.0,0.0,0.0,38.44840807478868,-1.4021523356708698,False,True,False,True,False,0.0,0,1.0042868277474666,0.8975058456742016,False,False,False,False,-0.05892584442838793,-0.03495087966826598,False,False,False,False,38248.0,36563.601363186426,False,False,False,False,548.1487152264326,False,False,False,False
2025-05-29 16:00:00+00:00,20.055,20.16,20.035,20.155,37.0,,,,,,,,,,,,,,,,,,,,,,,20.252164754881882,20.35008696588297,20.52199455810986,"rgba(239, 83, 80, 1.0)",0.0,0.0,0.2641472255329545,20.21917266662313,-0.24294280015113467,0.0,0.0,0.0,0.0,0.0,0.0,0.0,0.0,39.89073503977687,-1.4021523356708698,False,False,False,True,False,0.0,0,1.0163934426229506,0.8936425429828072,False,False,False,False,-0.09323700019815558,-0.06409393993321078,False,False,False,False,38285.0,36590.289714144776,False,False,False,False,540.2239289438522,False,False,False,False
2025-05-29 17:00:00+00:00,20.155,20.185,20.145,20.165,0.0,,,,,,,,,,,,,,,,,,,,,,,20.252164754881882,20.35008696588297,20.52199455810986,"rgba(239, 83, 80, 1.0)",0.0,0.0,0.2646688054466896,20.21917266662313,-0.20468096544926176,0.0,0.0,0.0,0.0,0.0,0.0,0.0,0.0,41.260181413569306,-1.4021523356708698,False,False,False,True,False,0.0,0,1.0185259766411598,0.8977043898509872,False,False,False,False,-0.06318286743242507,-0.06363840368281792,False,False,False,False,38285.0,36616.56429222005,False,False,False,False,531.848364154025,False,False,False,False
2025-05-29 18:00:00+00:00,20.165,20.22,20.155,20.195,0.0,,,,,,,,,,,,,,,,,,,,,,,20.252164754881882,20.35008696588297,20.52199455810986,"rgba(239, 83, 80, 1.0)",0.0,0.0,0.26418453487755433,20.21917266662313,-0.09149917361488927,0.0,0.0,0.0,0.0,0.0,0.0,0.0,0.0,43.42966931799264,-1.4021523356708698,False,False,False,True,True,0.0,0,1.0157384987893463,0.8950766747376921,False,False,False,False,-0.06398240720801536,-0.06381040544541663,False,False,False,False,38285.0,36642.43151249571,False,False,False,False,523.6026530818696,False,False,False,False
2025-05-29 19:00:00+00:00,20.195,20.25,20.195,20.25,51.0,,,,,,,,,,,,,,,,,,,,,,,20.252149470996166,20.350058704339762,20.52193455818092,"rgba(239, 83, 80, 1.0)",0.0,0.0,0.26344178973082083,20.22248847643977,0.10443112912472714,0.0,0.0,0.0,0.0,0.0,0.0,0.0,0.0,46.99846143552357,-1.4021523356708698,False,False,False,True,True,0.0,0,1.0170385395537527,0.8965517241379314,False,False,False,False,-0.05609652962848772,-0.059953467536952174,False,False,False,False,38336.0,36668.688388270966,False,False,False,False,516.2754801658716,False,False,False,False
2025-05-30 14:00:00+00:00,20.225,20.305,20.22,20.265,655.0,,,,,,,,,,,,,,,,,,,,,,,20.2522555536247,20.34979369700136,20.521249996632083,"rgba(239, 83, 80, 1.0)",0.0,0.0,0.26204406135245983,20.226404322982724,0.1472869746334915,0.0,0.0,0.0,0.0,0.0,0.0,0.0,0.0,49.92886291270713,-8.45260498460506,True,False,False,False,True,0.0,0,1.0167006109979633,0.8953156822810595,False,False,False,False,-0.03545640618532816,-0.04770493686114016,False,False,False,False,38991.0,36704.69321946056,False,False,False,False,518.4262479152379,False,False,False,False
2025-05-30 15:00:00+00:00,20.265,20.305,20.23,20.245,512.0,,,,,,,,,,,,,,,,,,,,,,,20.25231255210879,20.34957972835656,20.520710524334586,"rgba(239, 83, 80, 1.0)",0.0,0.0,0.2602940644732451,20.22672993005791,0.0701901135512389,0.0,0.0,0.0,0.0,0.0,0.0,0.0,0.0,50.92832083672102,-7.065948127577606,True,False,False,False,True,0.0,0,1.0193415637860082,0.897942386831276,False,False,False,False,-0.0375721775856038,-0.04263855722337198,False,False,False,False,38479.0,36732.201851716985,False,False,False,False,518.326616164614,False,False,False,False
2025-05-30 16:00:00+00:00,20.245,20.285,20.175,20.225,2764.0,,,,,,,,,,,,,,,,,,,,,,,20.251396216415504,20.348039836908985,20.517487156475596,"rgba(239, 83, 80, 1.0)",0.0,0.0,0.25965540226987377,20.224451453421132,0.00211259451593985,0.0,0.0,0.0,0.0,0.0,0.0,0.0,0.0,50.631860950939604,-6.824475926236538,True,False,False,False,True,0.0,0,1.0016481252575196,0.9077049855789044,False,False,False,False,-0.06160325895240299,-0.05212090808788748,False,False,False,False,35715.0,36716.43128037253,False,False,False,False,553.143257774465,False,False,False,False
2025-05-30 17:00:00+00:00,20.215,20.285,20.215,20.255,700.0,,,,,,,,,,,,,,,,,,,,,,,20.251398808708753,20.347730848093164,20.516747033398286,"rgba(239, 83, 80, 1.0)",0.0,0.0,0.26005529557530427,20.224618636736984,0.11682655104486042,0.0,0.0,0.0,0.0,0.0,0.0,0.0,0.0,51.83851704564309,-5.095955430157964,True,False,True,False,True,0.0,0,1.0083022000830222,0.9078455790784561,False,False,False,False,-0.04877960007874235,-0.05045025408331492,False,False,False,False,36415.0,36711.75792718846,False,False,False,False,555.42010649114,False,False,False,False
2025-05-30 18:00:00+00:00,20.265,20.305,20.265,20.305,401.0,,,,,,,,,,,,,,,,,,,,,,,20.251618707811872,20.347628065042134,20.516388600974526,"rgba(239, 83, 80, 1.0)",0.0,0.0,0.2601862119038344,20.225196593750304,0.3067165076341204,0.0,0.0,0.0,0.0,0.0,0.0,0.0,0.0,54.7248242171319,-1.8869068599059347,True,False,True,False,True,0.9905357828426631,0,1.0162162162162163,0.8931392931392933,False,False,False,False,-0.036135151831801875,-0.043292702957558396,False,False,False,False,36816.0,36713.37408335608,False,False,False,False,553.0259963129828,False,False,False,False
2025-05-30 19:00:00+00:00,20.305,20.355,20.25,20.27,230.0,,,,,,,,,,,,,,,,,,,,,,,20.25174375404443,20.347569282060643,20.516183530986346,"rgba(239, 83, 80, 1.0)",0.0,0.0,0.2604764864627942,20.242218957135215,0.10665470515993328,0.0,0.0,0.0,0.0,0.0,0.0,0.0,0.0,54.691449311266425,-1.4525955180679873,True,False,True,False,True,0.003637829401032633,0,1.0128577353795103,0.8917461634176692,False,False,False,False,-0.026406166195225535,-0.03484943457639197,False,False,False,False,36586.0,36711.39929136606,False,False,False,False,548.0178413313861,False,False,False,False
2025-06-02 14:00:00+00:00,20.02,20.185,19.98,20.165,501.0,,,,,,,,,,,,,,,,,,,,,,,20.250786206772563,20.34702694328377,20.515377732548764,"rgba(239, 83, 80, 1.0)",0.0,0.0,0.26159889522317237,20.23728266492425,-0.27631104811274937,0.0,0.0,0.0,0.0,0.0,0.0,0.0,0.0,50.17585437319679,-1.4525955180679873,True,False,False,False,False,0.0,0,0.9930838079739625,0.9003254678600492,True,False,False,False,-0.18523573550707034,-0.11004258504173116,False,False,False,False,36085.0,36701.68767444565,False,False,False,False,547.2888825510546,False,False,False,False
2025-06-02 15:00:00+00:00,20.165,20.185,20.105,20.145,440.0,,,,,,,,,,,,,,,,,,,,,,,20.25016228340617,20.346622707491093,20.51473355153066,"rgba(239, 83, 80, 1.0)",0.0,0.0,0.26285168633473033,20.236406539456944,-0.34774948843410425,0.0,0.0,0.0,0.0,0.0,0.0,0.0,0.0,46.47663356577095,2.5952042860400084,False,False,False,True,False,0.0,0,1.0044934640522876,0.9048202614379087,False,False,False,False,-0.18206859226938066,-0.1460555886555559,False,False,False,False,35645.0,36685.30491980308,False,False,False,False,545.6254890231313,False,False,False,False
2025-06-02 16:00:00+00:00,20.145,20.16,20.105,20.145,758.0,,,,,,,,,,,,,,,,,,,,,,,20.249020700636944,20.345901473918275,20.513604148603545,"rgba(239, 83, 80, 1.0)",0.0,0.0,0.26406025793334065,20.233999531429998,-0.33704250736763686,0.0,0.0,0.0,0.0,0.0,0.0,0.0,0.0,44.010486360820394,0.17447930162573755,False,False,False,True,False,0.0,0,1.0045833333333334,0.9291666666666668,False,False,False,False,-0.19153263630401843,-0.16879411247978715,False,False,False,False,35645.0,36669.17616135652,False,False,False,False,548.918117100292,False,False,False,False
2025-06-02 17:00:00+00:00,20.15,20.165,20.115,20.125,0.0,,,,,,,,,,,,,,,,,,,,,,,20.249020700636944,20.345901473918275,20.513604148603545,"rgba(239, 83, 80, 1.0)",0.0,0.0,0.2650619169549306,20.233999531429998,-0.4112229047544812,0.0,0.0,0.0,0.0,0.0,0.0,0.0,0.0,41.587867561369976,-2.223367114368628,False,True,False,True,False,0.0,1,0.9987458193979932,0.9285117056856189,False,False,False,False,-0.1858502479460358,-0.17732218021291146,False,False,False,False,35645.0,36653.297461180446,False,False,False,False,540.4077586956363,False,False,False,False
2025-06-02 18:00:00+00:00,20.125,20.185,20.105,20.185,105.0,,,,,,,,,,,,,,,,,,,,,,,20.24889452063871,20.345812262566962,20.51345719500744,"rgba(239, 83, 80, 1.0)",0.0,0.0,0.2650297960471532,20.23386976987501,-0.18439349312375738,0.0,0.0,0.0,0.0,0.0,0.0,0.0,0.0,43.51211271621942,-2.223367114368628,False,True,False,True,False,0.0,0,0.9937212222687317,0.9313520301381333,False,False,False,False,-0.18206859226938066,-0.17969538624114606,False,False,False,False,35750.0,36639.2928493792,False,False,False,False,533.6572508088822,False,False,False,False
2025-06-02 19:00:00+00:00,20.185,20.205,20.145,20.195,1438.0,,,,,,,,,,,,,,,,,,,,,,,20.247637435037213,20.34474997974815,20.511588230839223,"rgba(239, 83, 80, 1.0)",0.0,0.0,0.2645274896731826,20.233470245051087,-0.14543004622550296,0.0,0.0,0.0,0.0,0.0,0.0,0.0,0.0,45.330324788432584,-2.223367114368628,False,False,False,True,True,0.0,0,0.9945629443747385,0.9284818067754083,False,False,False,False,-0.15948257723618414,-0.1695889817386651,False,False,False,False,37188.0,36647.79993698572,False,False,False,False,547.6780686257988,False,False,False,False
2025-06-03 14:00:00+00:00,20.12,20.245,20.08,20.235,505.0,,,,,,,,,,,,,,,,,,,,,,,20.247239669457077,20.344391517404777,20.510946741051168,"rgba(239, 83, 80, 1.0)",0.0,0.0,0.2638752776638334,20.233202014696918,0.006813769440622547,0.0,0.0,0.0,0.0,0.0,0.0,0.0,0.0,48.596187936345416,-7.491044238156803,False,False,False,False,True,0.0,1,0.9883865615927001,0.9278307756117795,False,False,False,False,-0.1688725320988066,-0.16923075691873585,False,False,False,False,37693.0,36664.00458912547,False,False,False,False,547.0163931432284,False,False,False,False
2025-06-03 15:00:00+00:00,20.235,20.32,20.225,20.315,1171.0,,,,,,,,,,,,,,,,,,,,,,,20.24782721846804,20.344089585994748,20.50992466372714,"rgba(239, 83, 80, 1.0)",0.0,0.0,0.26195121958380835,20.23724532205789,0.2968288449492535,0.0,0.0,0.0,0.0,0.0,0.0,0.0,0.0,53.968521552336625,-2.4297545952216097,True,False,True,False,True,1.6716174956563954,1,0.9995864350703061,0.9222497932175353,False,False,False,False,-0.0870614336545193,-0.12814609528662757,False,False,False,False,38864.0,36698.113045108024,False,False,False,False,556.6905575906201,False,False,False,False
2025-06-03 16:00:00+00:00,20.315,20.335,20.295,20.335,597.0,,,,,,,,,,,,,,,,,,,,,,,20.24838397999394,20.344029951368,20.509488292513716,"rgba(239, 83, 80, 1.0)",0.0,0.0,0.25970889802183317,20.239590693315225,0.3673701879739006,0.0,0.0,0.0,0.0,0.0,0.0,0.0,0.0,58.216690427966576,1.4504602959918316,True,False,True,False,True,2.2415404921725113,0,1.016283924843424,0.9189979123173277,False,False,False,False,-0.055819706157829205,-0.0919829007222284,False,False,False,False,39461.0,36740.94850177302,False,False,False,False,557.3155101861144,False,False,False,False
2025-06-03 17:00:00+00:00,20.335,20.365,20.32,20.335,285.0,,,,,,,,,,,,,,,,,,,,,,,20.24871257598067,20.344024841312212,20.50930095162004,"rgba(239, 83, 80, 1.0)",0.0,0.0,0.2563402686534768,20.240788054421206,0.367526905053501,0.0,0.0,0.0,0.0,0.0,0.0,0.0,0.0,61.048803011719876,4.034520276622217,True,False,True,False,True,2.2415404921725113,0,1.0112923462986199,0.9176076955248852,False,False,False,False,-0.03566611774209905,-0.06382450923216372,False,False,False,False,39461.0,36783.1198428308,False,False,False,False,553.093564291756,False,False,False,False
2025-06-03 18:00:00+00:00,20.335,20.38,20.315,20.345,605.0,,,,,,,,,,,,,,,,,,,,,,,20.249452743153565,20.34403193338214,20.508920238657193,"rgba(239, 83, 80, 1.0)",0.0,0.0,0.2520136382695931,20.257287916145636,0.34804498858324767,0.0,0.0,0.0,0.0,0.0,0.0,0.0,0.0,63.32103447543548,6.20134623737151,True,False,True,False,True,2.534759195278788,0,1.0100334448160535,0.9168060200668897,False,False,False,False,-0.03200541659213487,-0.04791496291214929,False,False,False,False,40066.0,36834.01720960861,False,False,False,False,553.8983152329691,False,False,False,False
2025-06-03 19:00:00+00:00,20.35,20.355,20.29,20.315,1327.0,,,,,,,,,,,,,,,,,,,,,,,20.250602918350882,20.343891256271352,20.507955176250018,"rgba(239, 83, 80, 1.0)",0.0,0.0,0.24641945854488254,20.25957435326821,0.22492398554514367,0.0,0.0,0.0,0.0,0.0,0.0,0.0,0.0,62.4690544344372,6.20134623737151,True,False,True,False,True,1.589883321034911,0,1.0117056856187288,0.915551839464883,False,False,False,False,-0.05031946678106539,-0.049117214846607346,False,False,False,False,38739.0,36863.5518265139,False,False,False,False,565.8843878650162,False,False,False,False
2025-06-04 14:00:00+00:00,20.23,20.28,20.2,20.235,35.0,,,,,,,,,,,,,,,,,,,,,,,20.25059764454487,20.343874961223552,20.507918854179483,"rgba(239, 83, 80, 1.0)",0.0,0.0,0.24004573513178412,20.259478666918948,-0.1019750128262435,0.0,0.0,0.0,0.0,0.0,0.0,0.0,0.0,57.06230361004472,6.20134623737151,True,False,True,False,False,0.0,0,0.9983367983367978,0.9226611226611227,False,False,False,False,-0.11106386490289173,-0.08009053987474954,False,False,False,False,38704.0,36892.08590672299,False,False,False,False,557.6536221616825,False,False,False,False
2025-06-04 15:00:00+00:00,20.235,20.245,20.195,20.205,961.0,,,,,,,,,,,,,,,,,,,,,,,20.250182427265774,20.343331020226504,20.50683937380081,"rgba(239, 83, 80, 1.0)",0.0,0.0,0.23280941824855172,20.256566142029232,-0.22149508562484763,0.0,0.0,0.0,0.0,0.0,0.0,0.0,0.0,52.046361117435055,9.538586553137506,False,False,False,False,False,0.0,0,1.0041753653444674,0.9231732776617956,False,False,False,False,-0.12589643882450596,-0.10299348934962775,False,False,False,False,37743.0,36905.27837328542,False,False,False,False,563.9070543762301,False,False,False,False
2025-06-04 16:00:00+00:00,20.205,20.23,20.185,20.22,2201.0,,,,,,,,,,,,,,,,,,,,,,,20.249180261654253,20.342070441241926,20.504368844354854,"rgba(239, 83, 80, 1.0)",0.0,0.0,0.2234662438986394,20.252553336557142,-0.14567451436606577,0.0,0.0,0.0,0.0,0.0,0.0,0.0,0.0,49.64906247389946,7.291285652758191,False,True,False,False,False,0.0,0,1.0134453781512602,0.9163865546218489,False,False,False,False,-0.13519444925177102,-0.11909396930069938,False,False,False,False,39944.0,36952.3903364903,False,False,False,False,589.2883403548932,False,False,False,False
2025-06-04 17:00:00+00:00,20.215,20.255,20.215,20.245,1.0,,,,,,,,,,,,,,,,,,,,,,,20.24918013342633,20.34206998999521,20.504367832701437,"rgba(239, 83, 80, 1.0)",0.0,0.0,0.22002954347088052,20.252552886446114,-0.03432669234762549,0.0,0.0,0.0,0.0,0.0,0.0,0.0,0.0,49.596940914766115,7.034685878003842,False,True,False,False,False,0.0,0,1.0105218855218852,0.9154040404040408,False,False,False,False,-0.11476719692705652,-0.11693058311387794,False,False,False,False,39945.0,36998.78738553696,False,False,False,False,580.1675908920266,False,False,False,False
2025-06-04 18:00:00+00:00,20.245,20.255,20.18,20.185,1275.0,,,,,,,,,,,,,,,,,,,,,,,20.24854886295701,20.34132316743451,20.50293140987311,"rgba(239, 83, 80, 1.0)",0.0,0.0,0.2160010635609548,20.250725308816293,-0.3042823388586993,0.0,0.0,0.0,0.0,0.0,0.0,0.0,0.0,46.50904473005187,3.827203455234077,False,True,False,True,False,0.0,0,1.0114261531950908,0.9179009733389762,False,False,False,False,-0.12775425885454908,-0.12234242098421351,False,False,False,False,38670.0,37024.69765862941,False,False,False,False,590.9401863820727,False,False,False,False
2025-06-04 19:00:00+00:00,20.185,20.195,20.11,20.115,6809.0,,,,,,,,,,,,,,,,,,,,,,,20.240573581512454,20.33556283459537,20.493814441103574,"rgba(239, 83, 80, 1.0)",0.0,0.0,0.21124114139964328,20.233777319285576,-0.562283078469381,0.0,0.0,0.0,0.0,0.0,0.0,0.0,0.0,41.82300492887532,-0.7594939071876396,False,True,False,True,False,0.0,0,1.008890770533446,0.91532599491956,False,False,False,False,-0.1778518169326361,-0.1500971189584248,False,False,False,False,31861.0,36944.64033058864,False,False,False,False,687.3442145001801,False,False,False,False
2025-06-05 14:00:00+00:00,20.02,20.095,20.015,20.095,1861.0,,,,,,,,,,,,,,,,,,,,,,,20.23718292502327,20.33348926692656,20.490913107573988,"rgba(239, 83, 80, 1.0)",0.0,0.0,0.20683969072124905,20.22523946956978,-0.6296638189490398,0.0,0.0,0.0,0.0,0.0,0.0,0.0,0.0,38.05965129895263,-4.379633059872454,False,True,False,True,False,0.0,0,1.000845665961945,0.9226215644820299,False,False,False,False,-0.2527479252661431,-0.20142252211228395,False,False,False,False,30000.0,36836.971488253934,False,False,False,False,705.5404282288595,False,False,False,False
2025-06-05 15:00:00+00:00,20.095,20.155,20.095,20.145,1252.0,,,,,,,,,,,,,,,,,,,,,,,20.235803771523223,20.33244117268869,20.48927259320318,"rgba(239, 83, 80, 1.0)",0.0,0.0,0.2018320816649164,20.224351232959158,-0.3931547071436258,0.0,0.0,0.0,0.0,0.0,0.0,0.0,0.0,38.8512750727966,-4.379633059872454,False,True,False,True,False,0.0,0,1.0084817642069548,0.9173027989821885,False,False,False,False,-0.2048987726780244,-0.20316064739515416,False,False,False,False,31252.0,36750.382783009685,False,False,False,False,714.0126696516678,False,False,False,False
2025-06-05 16:00:00+00:00,20.145,20.165,20.095,20.115,1500.0,,,,,,,,,,,,,,,,,,,,,,,20.23409538346627,20.3311584915927,20.487290466551535,"rgba(239, 83, 80, 1.0)",0.0,0.0,0.19548961401873374,20.222247369761146,-0.5486090414545993,0.0,0.0,0.0,0.0,0.0,0.0,0.0,0.0,38.19607579183695,-4.6906916370677365,False,True,False,True,False,0.0,0,1.0085433575395129,0.9260999572832127,False,False,False,False,-0.20103604627625318,-0.20209834683570366,False,False,False,False,29752.0,36641.88072435837,False,False,False,False,726.1985197345878,False,False,False,False
2025-06-05 17:00:00+00:00,20.115,20.155,20.105,20.145,1831.0,,,,,,,,,,,,,,,,,,,,,,,20.23226481972847,20.329689016357214,20.48496597585335,"rgba(239, 83, 80, 1.0)",0.0,0.0,0.18579648364093881,20.220071947247153,-0.40405472577313906,0.0,0.0,0.0,0.0,0.0,0.0,0.0,0.0,39.64987578932527,-4.6906916370677365,False,True,False,True,False,0.0,0,1.008587376556462,0.9287247745813655,False,False,False,False,-0.20103604627625035,-0.201567196555977,False,False,False,False,31583.0,36563.448465065994,False,False,False,False,743.3272248549818,False,False,False,False
2025-06-05 18:00:00+00:00,20.145,20.145,20.055,20.135,1800.0,,,,,,,,,,,,,,,,,,,,,,,20.230113820654847,20.328095143328262,20.48256017147691,"rgba(239, 83, 80, 1.0)",0.0,0.0,0.17436326892311307,20.216947615799867,-0.4699821029164189,0.0,0.0,0.0,0.0,0.0,0.0,0.0,0.0,40.156604881806295,-4.6906916370677365,False,True,False,True,False,0.0,0,1.000429000429,0.9309309309309313,False,False,False,False,-0.22430562374616353,-0.21293641015107026,False,False,False,False,29783.0,36458.325233049465,False,False,False,False,759.7097485006409,False,False,False,False
2025-06-05 19:00:00+00:00,20.135,20.14,20.045,20.08,700.0,,,,,,,,,,,,,,,,,,,,,,,20.22913716923016,20.32741543076378,20.481574600861652,"rgba(239, 83, 80, 1.0)",0.0,0.0,0.16218310750619086,20.215426713122845,-0.8350235434826485,0.0,0.0,0.0,0.0,0.0,0.0,0.0,0.0,38.19084760577395,-5.813356368478679,False,True,False,True,False,0.0,0,1.0038743004735255,0.9315540249677143,False,False,False,False,-0.2301595935783222,-0.22154800186469623,False,False,True,False,29083.0,36343.979105405284,False,False,False,False,758.7840159657472,False,False,False,False
2025-06-06 14:00:00+00:00,20.32,20.325,20.235,20.245,187.0,,,,,,,,,,,,,,,,,,,,,,,20.229209165799,20.32737071959962,20.481432280699234,"rgba(239, 83, 80, 1.0)",0.0,0.0,0.14669337389926726,20.215784723560077,0.19915880086026153,0.0,0.0,0.0,0.0,0.0,0.0,0.0,0.0,44.80522365119256,-11.396186969134263,False,True,False,True,True,0.1261256704246314,0,1.0128369704749676,0.9165596919127088,False,False,False,False,-0.0873563921501738,-0.154452197007435,False,False,False,False,29270.0,36234.30501074784,False,False,False,False,749.919147501162,False,False,False,False
2025-06-06 15:00:00+00:00,20.235,20.285,20.19,20.235,213.0,,,,,,,,,,,,,,,,,,,,,,,20.2292247359152,20.32729260169767,20.481246348952727,"rgba(239, 83, 80, 1.0)",0.0,0.0,0.13380444921838316,20.216032030710277,0.1417588832099631,0.0,0.0,0.0,0.0,0.0,0.0,0.0,0.0,48.749295735055476,-7.730059009375424,False,False,False,False,True,0.0,0,1.0086021505376341,0.9182795698924732,False,False,False,False,-0.11921326217171131,-0.13683272958957315,False,False,False,False,29057.0,36123.02896406958,False,False,False,False,741.5948196329269,False,False,False,False
2025-06-06 16:00:00+00:00,20.235,20.275,20.205,20.215,1032.0,,,,,,,,,,,,,,,,,,,,,,,20.22924919053025,20.326895235219105,20.480331146888563,"rgba(239, 83, 80, 1.0)",0.0,0.0,0.11881502013219215,20.21701517943673,-0.01696064550160933,0.0,0.0,0.0,0.0,0.0,0.0,0.0,0.0,50.40898336992895,-6.155050187638665,True,False,False,False,True,0.0,0,1.004345936549326,0.9326379834854409,False,False,False,False,-0.11733327425812262,-0.1270830019238479,False,False,False,False,28025.0,35997.47812741734,False,False,False,False,746.0972255300909,False,False,False,False
2025-06-06 17:00:00+00:00,20.215,20.24,20.205,20.225,2500.0,,,,,,,,,,,,,,,,,,,,,,,20.22910907207574,20.325863125373722,20.47806829241375,"rgba(239, 83, 80, 1.0)",0.0,0.0,0.11553354491230763,20.218483938947344,0.056399732714887164,0.0,0.0,0.0,0.0,0.0,0.0,0.0,0.0,51.94855228597011,-4.561071261306417,True,False,True,False,True,0.0,0,1.0044365572315876,0.9472049689440994,False,False,False,False,-0.13051129756043084,-0.12879714974213935,False,False,False,False,30525.0,35912.63350528683,False,False,False,False,773.2895166071437,False,False,False,False
2025-06-06 18:00:00+00:00,20.225,20.255,20.225,20.25,504.0,,,,,,,,,,,,,,,,,,,,,,,20.229176669338237,20.32569764157323,20.477652357597794,"rgba(239, 83, 80, 1.0)",0.0,0.0,0.11218698194943612,20.218916168117268,0.2770716471964817,0.0,0.0,0.0,0.0,0.0,0.0,0.0,0.0,54.07219159898464,-2.3545885311159793,True,False,True,False,True,0.32048165152140484,0,0.9874776386404289,0.9508050089445438,False,False,False,False,-0.11733327425811996,-0.12306521200012965,False,False,False,False,31029.0,35836.91825714285,False,False,False,False,769.1144853419166,False,False,False,False
2025-06-06 19:00:00+00:00,20.245,20.315,20.245,20.305,1000.0,,,,,,,,,,,,,,,,,,,,,,,20.229729251319416,20.325549578502144,20.4769890926714,"rgba(38, 166, 154, 1.0)",0.0,0.0,0.10920750559958525,20.220548168386763,0.7733152693999201,0.0,0.0,0.0,0.0,0.0,0.0,0.0,0.0,57.61885716762215,1.1475014728543869,True,False,True,False,True,2.0669618236568787,0,0.9910031488978853,0.9446693657219971,False,False,False,False,-0.0873563921501738,-0.10521080207515172,False,False,False,False,32029.0,35777.880764784044,False,False,False,False,772.6941057242125,False,False,False,False
2025-06-09 14:00:00+00:00,20.4,20.46,20.365,20.415,0.0,,,,,,,,,,,,,,,,,,,,,,,20.229729251319416,20.325549578502144,20.4769890926714,"rgba(38, 166, 154, 1.0)",0.0,0.0,0.11153280937720415,20.220548168386763,1.7434495974686655,0.0,0.0,0.0,0.0,0.0,0.0,0.0,0.0,63.0010722648574,6.221820926769844,True,False,True,False,True,5.389287116830385,0,0.996433348194382,0.9286669638876498,False,False,False,False,0.011124015996836075,-0.047043393039157826,False,False,False,False,32029.0,35719.75858238429,False,False,False,False,760.7143521470929,False,False,False,False
2025-06-09 15:00:00+00:00,20.415,20.465,20.395,20.425,92.0,,,,,,,,,,,,,,,,,,,,,,,20.229899779430752,20.3255870364355,20.476973415240337,"rgba(38, 166, 154, 1.0)",0.0,0.0,0.11448277733489233,20.220930340486436,1.7825358911114346,0.0,0.0,0.0,0.0,0.0,0.0,0.0,0.0,66.81280227694944,9.726494779451514,True,False,True,False,True,5.682203615570213,0,1.004482294935006,0.9291797400268932,False,False,False,False,0.02410575190573556,-0.011468820566711132,False,False,False,False,32121.0,35663.96387568065,False,False,False,False,750.3466877727193,False,False,False,False
2025-06-09 16:00:00+00:00,20.425,20.465,20.425,20.445,400.0,,,,,,,,,,,,,,,,,,,,,,,20.230699802566942,20.325775946623622,20.476928685760097,"rgba(38, 166, 154, 1.0)",0.0,0.0,0.11770293956391344,20.22268782469613,1.8887563567021433,0.0,0.0,0.0,0.0,0.0,0.0,0.0,0.0,69.81749664426056,12.517656067908803,True,False,True,False,True,6.272408497685525,0,1.0081227436823101,0.9264440433212991,False,False,False,False,0.0352392575880379,0.011885218510663383,False,False,False,False,32521.0,35615.23575357707,False,False,False,False,744.9149561793438,False,False,False,False
2025-06-09 17:00:00+00:00,20.445,20.505,20.44,20.495,703.0,,,,,,,,,,,,,,,,,,,,,,,20.23231881447267,20.32620355434254,20.47693621858608,"rgba(38, 166, 154, 1.0)",0.0,0.0,0.12019960875955592,20.226113774031838,2.236997513910684,0.0,0.0,0.0,0.0,0.0,0.0,0.0,0.0,72.88983248516243,15.438090777308105,True,False,True,False,True,7.733478263931218,0,1.01036036036036,0.9157657657657652,False,False,False,False,0.055675389540122154,0.03378030402539277,False,False,False,False,33224.0,35578.16233104099,False,False,False,False,744.2651118974935,False,False,False,False
2025-06-09 18:00:00+00:00,20.495,20.515,20.485,20.505,801.0,,,,,,,,,,,,,,,,,,,,,,,20.234297224845868,20.326756123451926,20.47700513630516,"rgba(38, 166, 154, 1.0)",0.0,0.0,0.12366578033243336,20.230152806203243,2.2224999758051314,0.0,0.0,0.0,0.0,0.0,0.0,0.0,0.0,75.14065664222275,17.66468546281493,True,False,True,False,True,8.024056171239053,0,1.0190045248868773,0.9131221719457007,False,False,False,False,0.0761580898963544,0.05496919696087359,False,False,False,False,34025.0,35554.08229490082,False,False,False,False,745.1447225657495,False,False,False,False
2025-06-09 19:00:00+00:00,20.505,20.505,20.39,20.395,100.0,,,,,,,,,,,,,,,,,,,,,,,20.234476520294514,20.326796698762024,20.476988788455255,"rgba(38, 166, 154, 1.0)",0.0,0.0,0.12376234127197826,20.23051905519554,1.329006409494136,0.0,0.0,0.0,0.0,0.0,0.0,0.0,0.0,69.63178982865641,17.66468546281493,True,False,True,False,False,4.18458952231704,0,1.0099367660343266,0.9159891598915982,False,False,False,False,0.037095616650963927,0.04603240680591876,False,False,False,False,33925.0,35528.825205057394,False,False,False,False,735.1424788050401,False,False,False,False
2025-06-10 14:00:00+00:00,20.49,20.64,20.49,20.625,410.0,,,,,,,,,,,,,,,,,,,,,,,20.23578825190229,20.327212077218853,20.477142585923254,"rgba(38, 166, 154, 1.0)",0.0,0.0,0.1316471533037367,20.23309855749533,2.9769078378814022,0.0,0.0,0.0,0.0,0.0,0.0,0.0,0.0,71.24456916104847,17.66468546281493,True,False,True,False,False,10.544300155638712,0,1.0044306601683646,0.8972086840939294,False,False,False,False,0.12485824067946073,0.08544532374268975,False,False,False,False,34335.0,35510.31628714953,False,False,False,False,730.1015101413961,False,False,False,False
2025-06-10 15:00:00+00:00,20.625,20.675,20.605,20.625,1076.0,,,,,,,,,,,,,,,,,,,,,,,20.23967078524062,20.328506071830443,20.477730283455045,"rgba(38, 166, 154, 1.0)",0.0,0.0,0.13906369659877585,20.24051378450118,2.764820905114685,0.0,0.0,0.0,0.0,0.0,0.0,0.0,0.0,72.31975538264318,17.66468546281493,True,False,True,False,False,10.544300155638712,0,1.0181979582778515,0.8956946293830441,False,False,False,False,0.18180845201084364,0.1336268878767667,False,False,False,False,34335.0,35492.09432920923,False,False,False,False,735.4642774260255,False,False,False,False
2025-06-10 16:00:00+00:00,20.625,20.655,20.625,20.645,2210.0,,,,,,,,,,,,,,,,,,,,,,,20.24754348808564,20.33118705435424,20.478974328158653,"rgba(38, 166, 154, 1.0)",0.0,0.0,0.14565530703847773,20.25480098728239,2.6789206699796413,0.0,0.0,0.0,0.0,0.0,0.0,0.0,0.0,73.3808492940898,17.66468546281493,True,False,True,False,True,11.06418100502188,0,1.0196721311475407,0.9142857142857134,False,False,False,False,0.18180845201084364,0.15771766994380515,False,False,False,False,36545.0,35508.41844813622,False,True,False,False,758.3252963806608,False,False,False,False
2025-06-10 17:00:00+00:00,20.655,20.675,20.635,20.635,700.0,,,,,,,,,,,,,,,,,,,,,,,20.25001429657616,20.332044716420818,20.479380427298583,"rgba(38, 166, 154, 1.0)",0.0,0.0,0.1476528983067493,20.259105023991683,2.5458015407689154,0.0,0.0,0.0,0.0,0.0,0.0,0.0,0.0,73.52822166218135,17.66468546281493,True,False,True,False,True,10.71146486122461,0,1.0263653483992468,0.899717514124293,False,False,False,False,0.1933281203200094,0.17552289513190727,False,False,False,False,35845.0,35513.63676676976,False,False,False,False,757.4210282197204,False,False,False,False
2025-06-10 18:00:00+00:00,20.635,20.635,20.555,20.595,1913.0,,,,,,,,,,,,,,,,,,,,,,,20.255730195161384,20.333973828963384,20.480133150694233,"rgba(38, 166, 154, 1.0)",0.0,0.0,0.14966006526505354,20.268690499480073,2.180337820526938,0.0,0.0,0.0,0.0,0.0,0.0,0.0,0.0,71.38671321191137,17.66468546281493,True,False,True,False,True,9.301296179452436,0,1.0189125295508275,0.9059101654846324,False,False,False,False,0.14752153718422145,0.16152221615806436,False,False,False,False,33932.0,35489.11526650977,False,False,False,False,775.3369812705773,False,False,False,False
2025-06-10 19:00:00+00:00,20.595,20.615,20.555,20.595,4000.0,,,,,,,,,,,,,,,,,,,,,,,20.266867082426476,20.337816712557444,20.481586282343965,"rgba(38, 166, 154, 1.0)",0.0,0.0,0.15212089194377856,20.286181583826085,2.0300854946870013,0.0,0.0,0.0,0.0,0.0,0.0,0.0,0.0,69.95904091173138,17.66468546281493,True,False,True,False,False,9.301296179452436,0,1.0109004739336491,0.9118483412322268,False,False,False,False,0.13995150534893297,0.15073686075349868,False,False,False,False,33932.0,35464.97394454838,False,False,False,False,825.3317567547545,False,False,False,False
2025-06-11 14:00:00+00:00,20.66,20.685,20.625,20.625,902.0,,,,,,,,,,,,,,,,,,,,,,,20.269700833042545,20.3388596933686,20.482079681910566,"rgba(38, 166, 154, 1.0)",0.0,0.0,0.1563069571863963,20.314048132257795,1.9893667776501713,0.0,0.0,0.0,0.0,0.0,0.0,0.0,0.0,69.87929523582021,17.66468546281493,True,False,True,False,False,10.134696596716672,0,1.0122641509433958,0.9028301886792448,False,True,False,False,0.1933281203200094,0.17203249053675404,False,False,False,False,34834.0,35455.191402772434,False,False,False,False,826.5204116887893,False,False,False,False
2025-06-11 15:00:00+00:00,20.625,20.645,20.565,20.575,465.0,,,,,,,,,,,,,,,,,,,,,,,20.27095273959187,20.339307245440114,20.482255172283157,"rgba(38, 166, 154, 1.0)",0.0,0.0,0.1590222659915466,20.31498511995775,1.6350847374799127,0.0,0.0,0.0,0.0,0.0,0.0,0.0,0.0,66.81046935995023,22.21425132359245,True,False,True,False,False,8.336833650694842,0,1.010367577756833,0.9057492931196977,False,False,False,False,0.15510839261022466,0.16357044157348935,False,False,False,False,34369.0,35438.351225985265,False,False,False,False,820.9154440657072,False,False,False,False
2025-06-11 16:00:00+00:00,20.575,20.585,20.535,20.565,201.0,,,,,,,,,,,,,,,,,,,,,,,20.271435549349462,20.339475062610983,20.48230848318457,"rgba(38, 166, 154, 1.0)",0.0,0.0,0.1610891141657557,20.315235042215186,1.5504769461194963,0.0,0.0,0.0,0.0,0.0,0.0,0.0,0.0,64.19085893567342,19.50608493791725,True,False,True,False,False,7.979212482205803,0,1.0122989593188265,0.9082308420056758,False,False,False,False,0.12109401392500384,0.1423322277492466,False,False,False,False,34168.0,35418.65585814053,False,False,False,False,811.3043519096497,False,False,False,False
2025-06-11 17:00:00+00:00,20.565,20.615,20.565,20.59,648.0,,,,,,,,,,,,,,,,,,,,,,,20.2731321021949,20.340083135124996,20.48254105344778,"rgba(38, 166, 154, 1.0)",0.0,0.0,0.16349124559863318,20.317189871302197,1.6686528241857321,0.0,0.0,0.0,0.0,0.0,0.0,0.0,0.0,63.45547625451884,18.574955669493406,True,False,True,False,False,8.70495278155244,0,1.0099526066350708,0.9085308056872035,False,False,False,False,0.14373447613210674,0.14303335194067668,False,False,False,False,34816.0,35409.31235646394,False,False,False,False,808.7725014924457,False,False,False,False
2025-06-11 18:00:00+00:00,20.59,20.595,20.465,20.495,6.0,,,,,,,,,,,,,,,,,,,,,,,20.27314419278666,20.340087141032495,20.482541769145467,"rgba(38, 166, 154, 1.0)",0.0,0.0,0.16372769086737282,20.317193594562013,1.0859885978726662,0.0,0.0,0.0,0.0,0.0,0.0,0.0,0.0,58.005355356528256,13.33978986885056,False,False,True,False,False,5.331943711004779,0,0.9995298542548188,0.9097320169252463,False,False,False,False,0.09857644206042869,0.12080489700055269,False,False,False,False,34810.0,35400.020692022634,False,False,False,False,796.3264161979891,False,False,False,False
2025-06-11 19:00:00+00:00,20.495,20.535,20.465,20.525,2282.0,,,,,,,,,,,,,,,,,,,,,,,20.277473688597762,20.341513025059747,20.482736435980186,"rgba(38, 166, 154, 1.0)",0.0,0.0,0.16431095547800623,20.320260960634485,1.2460461858425427,0.0,0.0,0.0,0.0,0.0,0.0,0.0,0.0,55.757441814903984,11.240861563198386,False,False,True,False,False,6.2249790771784,0,0.9990588235294117,0.919058823529411,False,False,False,False,0.0761580898963544,0.09848149344845356,False,False,False,False,37092.0,35426.252929355614,False,False,False,False,819.3601151716638,False,False,False,False
2025-06-12 14:00:00+00:00,20.46,20.52,20.445,20.465,110.0,,,,,,,,,,,,,,,,,,,,,,,20.277650286656883,20.341568215819684,20.482734228455655,"rgba(38, 166, 154, 1.0)",0.0,0.0,0.1637977768827067,20.320381876795384,0.8829065079935412,0.0,0.0,0.0,0.0,0.0,0.0,0.0,0.0,51.69161372251531,7.457630041138934,False,True,False,False,False,4.15429720536542,0,0.992967651195499,0.9203000468823248,False,False,False,False,0.06311734597148147,0.08079941970996751,False,False,False,False,36982.0,35450.37303897801,False,False,False,False,808.3622839286921,False,False,False,False
2025-06-12 15:00:00+00:00,20.465,20.485,20.41,20.445,200.0,,,,,,,,,,,,,,,,,,,,,,,20.277922292675857,20.34164618983848,20.482710394267578,"rgba(38, 166, 154, 1.0)",0.0,0.0,0.16291511081952645,20.32047374260618,0.7643628437374883,0.0,0.0,0.0,0.0,0.0,0.0,0.0,0.0,48.206626077280426,4.271362312693306,False,True,False,True,False,3.47383917620391,0,0.9943661971830984,0.9234741784037553,False,False,False,False,0.037095616650963927,0.058947518180465716,False,False,False,False,36782.0,35471.018418218664,False,False,False,False,798.9303105344488,False,False,False,False
2025-06-12 16:00:00+00:00,20.445,20.47,20.405,20.455,818.0,,,,,,,,,,,,,,,,,,,,,,,20.27900394642876,20.34195381872916,20.48260425453856,"rgba(38, 166, 154, 1.0)",0.0,0.0,0.16201579280157338,20.32094122218491,0.8274426554161606,0.0,0.0,0.0,0.0,0.0,0.0,0.0,0.0,46.453844925635956,2.6424505735418933,False,True,False,True,False,3.7861845150612474,0,1.0014333492594358,0.914954610606784,False,False,False,False,0.029671585522194805,0.04430955185133026,False,False,False,False,37600.0,35504.02588460287,False,False,False,False,799.2259646346898,False,False,False,False
2025-06-12 17:00:00+00:00,20.455,20.495,20.45,20.485,176.0,,,,,,,,,,,,,,,,,,,,,,,20.2792816601207,20.34204144752808,20.482600813002755,"rgba(38, 166, 154, 1.0)",0.0,0.0,0.16306468069479468,20.32118996465928,1.0045709140860537,0.0,0.0,0.0,0.0,0.0,0.0,0.0,0.0,46.98749019680621,2.6424505735418933,False,True,False,True,False,4.725610086175795,0,1.0105769230769226,0.9100961538461532,False,False,False,False,0.055675389540122154,0.04999247069572621,False,False,False,False,37776.0,35539.25028949274,False,False,False,False,789.563546578338,False,False,False,False
2025-06-12 18:00:00+00:00,20.485,20.505,20.475,20.505,1550.0,,,,,,,,,,,,,,,,,,,,,,,20.28191822138813,20.342912711566456,20.48266378438476,"rgba(38, 166, 154, 1.0)",0.0,0.0,0.16433601043085347,20.32402909368887,1.1012248979189723,0.0,0.0,0.0,0.0,0.0,0.0,0.0,0.0,48.43249168962034,2.6424505735418933,False,True,False,False,False,5.350635884551494,0,1.0072358900144718,0.9102749638205495,False,False,False,False,0.06870335385895218,0.059347912277339196,False,False,False,False,39326.0,35597.95958733006,False,False,False,False,801.3532590344878,False,False,False,False
2025-06-12 19:00:00+00:00,20.505,20.54,20.485,20.515,3825.0,,,,,,,,,,,,,,,,,,,,,,,20.28869365369748,20.34527501552257,20.483043403457543,"rgba(38, 166, 154, 1.0)",0.0,0.0,0.16546072722026067,20.33205790320288,1.1056526818813535,0.0,0.0,0.0,0.0,0.0,0.0,0.0,0.0,49.950357366054284,2.6424505735418933,False,True,False,False,True,5.665262648136451,0,1.008192771084337,0.905060240963855,False,False,False,False,0.08548850330004608,0.07241820778869264,False,False,False,False,43151.0,35715.060989076876,False,False,False,False,848.2315030804648,False,False,False,False
2025-06-13 14:00:00+00:00,20.345,20.43,20.325,20.395,0.0,,,,,,,,,,,,,,,,,,,,,,,20.28869365369748,20.34527501552257,20.483043403457543,"rgba(239, 83, 80, 1.0)",0.0,0.0,0.16496144785762684,20.33205790320288,0.3815564037207206,0.0,0.0,0.0,0.0,0.0,0.0,0.0,0.0,45.38614745276167,1.1972510789073212,False,True,False,True,False,1.437227364868594,0,0.9923918212077979,0.9120304327151683,False,False,False,False,-0.014832583740835806,0.028792812023928416,False,False,False,False,43151.0,35830.346865215215,False,False,False,False,835.0806270637133,False,False,False,False
2025-06-13 15:00:00+00:00,20.395,20.415,20.37,20.395,1013.0,,,,,,,,,,,,,,,,,,,,,,,20.28949878217982,20.34545079525553,20.482750288138558,"rgba(239, 83, 80, 1.0)",0.0,0.0,0.164221422706299,20.332205269728295,0.3823784329527434,0.0,0.0,0.0,0.0,0.0,0.0,0.0,0.0,42.343340843899924,-1.70732512819324,False,True,False,True,False,1.437227364868594,0,0.9957122439256784,0.915674130538351,False,False,False,False,-0.0037079188234554867,0.012542446600236465,False,False,False,False,43151.0,35943.84536342893,False,False,False,False,837.8390669541983,False,False,False,False
2025-06-13 16:00:00+00:00,20.395,20.415,20.34,20.375,1213.0,,,,,,,,,,,,,,,,,,,,,,,20.29029456331675,20.34558691749828,20.48233685891358,"rgba(239, 83, 80, 1.0)",0.0,0.0,0.16316318587607465,20.3321692929406,0.26250227236879464,0.0,0.0,0.0,0.0,0.0,0.0,0.0,0.0,39.560189067863014,-4.361667630615571,False,True,False,True,False,0.7482243760639236,0,0.9918854415274458,0.9231503579952263,False,False,False,False,-0.014832583740835806,-0.0011450685702996703,False,False,False,False,41938.0,36036.77799345329,False,False,False,False,843.6555155285519,False,False,False,False
2025-06-13 17:00:00+00:00,20.375,20.385,20.305,20.325,1503.0,,,,,,,,,,,,,,,,,,,,,,,20.29083189454152,20.34554793549085,20.48164481761905,"rgba(239, 83, 80, 1.0)",0.0,0.0,0.1631629098022599,20.331426906705705,-0.03938950778393407,0.0,0.0,0.0,0.0,0.0,0.0,0.0,0.0,36.01214794579116,-7.715592437427766,False,True,False,True,False,0.0,0,0.9847691575440259,0.9295573536411226,False,False,False,False,-0.038952305570140615,-0.02004868707022014,False,False,False,False,40435.0,36104.96748192688,False,False,False,False,853.8779106366363,False,False,False,False
2025-06-13 18:00:00+00:00,20.325,20.355,20.235,20.275,116.0,,,,,,,,,,,,,,,,,,,,,,,20.290829739456306,20.345524214253444,20.481573144797995,"rgba(239, 83, 80, 1.0)",0.0,0.0,0.16294521823038996,20.33129461645502,-0.3454818562114797,0.0,0.0,0.0,0.0,0.0,0.0,0.0,0.0,32.26007324812653,-11.219115608230993,False,True,False,True,False,0.0,0,0.9749527410207932,0.9357277882797724,False,False,False,False,-0.07615816448459839,-0.04810342577740927,False,False,False,False,40319.0,36170.30131941639,False,False,False,False,842.4379430298668,False,False,False,False
2025-06-13 19:00:00+00:00,20.275,20.285,20.16,20.225,3312.0,,,,,,,,,,,,,,,,,,,,,,,20.28920747460087,20.34409469243384,20.478868070930034,"rgba(239, 83, 80, 1.0)",0.0,0.0,0.16323770872428592,20.3251913306798,-0.6137756494060167,0.0,0.0,0.0,0.0,0.0,0.0,0.0,0.0,28.609139601779095,-14.606715358498093,False,True,False,True,False,0.0,0,0.9676056338028163,0.9441314553990604,False,False,False,False,-0.13051129756042823,-0.08930736166891876,False,False,False,False,37007.0,36183.273391983574,False,False,False,False,880.7257268588611,False,False,False,False
2025-06-16 14:00:00+00:00,20.37,20.43,20.355,20.39,20.0,,,,,,,,,,,,,,,,,,,,,,,20.289222343152908,20.34409805299772,20.47886255534469,"rgba(239, 83, 80, 1.0)",0.0,0.0,0.16300674279981012,20.325202054802293,0.3975169620884093,0.0,0.0,0.0,0.0,0.0,0.0,0.0,0.0,35.11677085245017,-14.606715358498093,False,True,False,True,True,1.3161321915659272,0,0.974001857010213,0.9350046425255335,False,False,False,False,-0.0037079188234554867,-0.04650764024618712,False,False,False,False,37027.0,36196.354424666,False,False,False,False,867.3811419463207,False,False,False,False
2025-06-16 15:00:00+00:00,20.395,20.395,20.265,20.265,400.0,,,,,,,,,,,,,,,,,,,,,,,20.28927764915835,20.34404759469381,20.478647104653582,"rgba(239, 83, 80, 1.0)",0.0,0.0,0.16266289133118672,20.32498459251056,-0.36876629955156315,0.0,0.0,0.0,0.0,0.0,0.0,0.0,0.0,35.843362450288204,-21.618765574780884,False,True,False,True,True,0.0,0,0.9598337950138498,0.9432132963988917,False,False,False,False,-0.05009808154724516,-0.04830286089671614,False,False,False,False,36627.0,36203.03110025258,False,False,False,False,860.1349226913388,False,False,False,False
2025-06-16 16:00:00+00:00,20.27,20.3,20.255,20.265,103.0,,,,,,,,,,,,,,,,,,,,,,,20.28926577647969,20.34402191414392,20.478580331309328,"rgba(239, 83, 80, 1.0)",0.0,0.0,0.16168822183785161,20.324883113407513,-0.37036163009798884,0.0,0.0,0.0,0.0,0.0,0.0,0.0,0.0,36.32775684884689,-20.967558754836368,False,True,False,True,True,0.0,0,0.9559573481687523,0.9564209550301338,False,False,False,False,-0.0892248144783323,-0.06876383768752423,False,False,False,False,36627.0,36209.604261488974,False,False,False,False,848.3963967581398,False,False,False,False
2025-06-16 17:00:00+00:00,20.265,20.315,20.245,20.255,0.0,,,,,,,,,,,,,,,,,,,,,,,20.28926577647969,20.34402191414392,20.478580331309328,"rgba(239, 83, 80, 1.0)",0.0,0.0,0.16081935475828177,20.324883113407513,-0.43454417232646386,0.0,0.0,0.0,0.0,0.0,0.0,0.0,0.0,36.37362970703143,-20.527700608636017,False,True,False,True,True,0.0,0,0.9490740740740736,0.9578703703703698,False,False,False,False,-0.0873563921501738,-0.07806011491884901,False,False,False,False,36627.0,36216.075513248834,False,False,False,False,835.2429642502616,False,False,False,False
2025-06-16 18:00:00+00:00,20.255,20.285,20.245,20.27,0.0,,,,,,,,,,,,,,,,,,,,,,,20.28926577647969,20.34402191414392,20.478580331309328,"rgba(239, 83, 80, 1.0)",0.0,0.0,0.15793122006201135,20.324883113407513,-0.3475127551472294,0.0,0.0,0.0,0.0,0.0,0.0,0.0,0.0,37.17178798203431,-19.281154364176608,False,True,False,True,True,0.0,0,0.9457076566125285,0.9647331786542921,False,False,False,False,-0.09857651694067111,-0.08831831592976006,False,False,False,False,36627.0,36222.44643552405,False,False,False,False,822.2934609285521,False,False,False,False
2025-06-16 19:00:00+00:00,20.275,20.295,20.215,20.275,291.0,,,,,,,,,,,,,,,,,,,,,,,20.28920783614931,20.343937503155285,20.47838120490185,"rgba(239, 83, 80, 1.0)",0.0,0.0,0.15675217141477954,20.324556238284707,-0.31614387116576737,0.0,0.0,0.0,0.0,0.0,0.0,0.0,0.0,37.977582402163264,-18.010853391759934,False,True,False,True,True,0.0,0,0.9385397412199623,0.9658040665434376,False,False,False,False,-0.10607019497394268,-0.09719425545185137,False,False,False,False,36918.0,36233.23021171748,False,False,False,False,814.0563530071792,False,False,False,False
2025-06-17 14:00:00+00:00,20.2,20.255,20.185,20.19,200.0,,,,,,,,,,,,,,,,,,,,,,,20.28909371533131,20.34384321848464,20.478211982782327,"rgba(239, 83, 80, 1.0)",0.0,0.0,0.1564223607894988,20.32420252773579,-0.8579497653560357,0.0,0.0,0.0,0.0,0.0,0.0,0.0,0.0,35.821308106878995,-18.010853391759934,False,True,False,True,True,0.0,0,0.9323827046918116,0.9701011959521616,False,False,False,False,-0.1323974518448954,-0.11479585364837339,False,False,False,False,36718.0,36240.74602238852,False,False,False,False,804.5360994721841,False,False,False,False
2025-06-17 15:00:00+00:00,20.185,20.205,20.13,20.135,2972.0,,,,,,,,,,,,,,,,,,,,,,,20.286317889871594,20.34190550417702,20.47522717902585,"rgba(239, 83, 80, 1.0)",0.0,0.0,0.15727599543078377,20.317412481752367,-1.1598240484997853,0.0,0.0,0.0,0.0,0.0,0.0,0.0,0.0,33.02515605652222,-18.010853391759934,False,True,False,True,False,0.0,0,0.9260789715335163,0.9775022956841137,False,False,False,False,-0.16652234029747867,-0.14065909697292603,False,False,False,False,33746.0,36202.06778948327,False,False,False,False,838.1401909532354,False,False,False,False
2025-06-17 16:00:00+00:00,20.135,20.2,20.135,20.145,201.0,,,,,,,,,,,,,,,,,,,,,,,20.286139071417338,20.341778233769347,20.475029403777516,"rgba(239, 83, 80, 1.0)",0.0,0.0,0.15845822480708976,20.31699168517994,-1.0854071184334282,0.0,0.0,0.0,0.0,0.0,0.0,0.0,0.0,31.784588207486188,-12.895025063927811,False,True,False,True,False,0.0,0,0.9372071227741324,0.9775070290534206,False,False,False,False,-0.16652234029747578,-0.1535907186352009,False,False,False,False,33947.0,36167.10549817345,False,False,False,False,828.2620484578364,False,False,False,False
2025-06-17 17:00:00+00:00,20.145,20.17,20.095,20.125,211.0,,,,,,,,,,,,,,,,,,,,,,,20.285907385007764,20.341622805339394,20.47480231020217,"rgba(239, 83, 80, 1.0)",0.0,0.0,0.16003119065353227,20.316477609332626,-1.1965018103700502,0.0,0.0,0.0,0.0,0.0,0.0,0.0,0.0,30.422072368808056,-14.458403108206511,False,True,False,True,False,0.0,0,0.9289719626168215,0.9822429906542052,False,False,False,False,-0.19426803968046638,-0.17392937915783363,False,False,False,False,33736.0,36129.41394006223,False,False,False,False,818.69209421818,False,False,False,False
2025-06-17 18:00:00+00:00,20.115,20.115,20.085,20.115,108.0,,,,,,,,,,,,,,,,,,,,,,,20.285770089338,20.341533949919715,20.474677768907874,"rgba(239, 83, 80, 1.0)",0.0,0.0,0.1616216246346843,20.316183770174653,-1.2447825012859117,0.0,0.0,0.0,0.0,0.0,0.0,0.0,0.0,29.237554288531634,-15.857802172959069,False,True,False,True,False,0.0,0,0.9246254681647933,0.9901685393258423,False,False,False,False,-0.2202982789574184,-0.19711382905762603,False,False,False,False,33628.0,36090.6323285884,False,False,False,False,807.6736121372779,False,False,False,False
2025-06-17 19:00:00+00:00,20.115,20.12,20.06,20.085,757.0,,,,,,,,,,,,,,,,,,,,,,,20.284725377397837,20.340869254617434,20.473767925676785,"rgba(239, 83, 80, 1.0)",0.0,0.0,0.1635856113851628,20.3069981537627,-1.3570762849062716,0.0,0.0,0.0,0.0,0.0,0.0,0.0,0.0,27.626586411758144,-17.64138283366031,False,True,False,True,False,0.0,0,0.9200934579439244,0.9901869158878501,False,False,False,False,-0.22836546982146372,-0.21273964943954488,False,False,False,False,32871.0,36040.7155483002,False,False,False,False,806.8879747398007,False,False,False,False
2025-06-18 14:00:00+00:00,20.17,20.225,20.165,20.225,190.0,,,,,,,,,,,,,,,,,,,,,,,20.284619635656266,20.340779790124458,20.473609154947795,"rgba(239, 83, 80, 1.0)",0.0,0.0,0.16379035160620584,20.30789476349927,-0.5061028484667343,0.0,0.0,0.0,0.0,0.0,0.0,0.0,0.0,34.74151016108332,-20.40225955653372,False,True,False,True,True,0.0,0,0.9263206672845221,0.9791473586654301,False,False,False,False,-0.1449010544805322,-0.17882035196003854,False,False,False,False,33061.0,35994.518408016476,False,False,False,False,797.323820092672,False,False,False,False
2025-06-18 15:00:00+00:00,20.225,20.245,20.185,20.19,1575.0,,,,,,,,,,,,,,,,,,,,,,,20.283771899540607,20.340051735963883,20.47230833807741,"rgba(239, 83, 80, 1.0)",0.0,0.0,0.16449285972620867,20.308694315279887,-0.7215773102701661,0.0,0.0,0.0,0.0,0.0,0.0,0.0,0.0,38.11775181925306,-17.421404211818995,False,True,False,True,True,0.0,0,0.9275766016713084,0.9805013927576595,False,False,False,False,-0.1292616822886499,-0.1540410171243442,False,False,False,False,31486.0,35924.61889781467,False,False,False,False,809.380815129995,False,False,False,False
2025-06-18 16:00:00+00:00,20.19,20.215,20.185,20.195,100.0,,,,,,,,,,,,,,,,,,,,,,,20.283712947118573,20.340002905771435,20.472223596900346,"rgba(239, 83, 80, 1.0)",0.0,0.0,0.16503376667866915,20.308603925579362,-0.6883677677947916,0.0,0.0,0.0,0.0,0.0,0.0,0.0,0.0,40.61262674888544,-15.207497774518174,False,True,False,True,True,0.0,0,0.9213483146067408,0.9911048689138571,False,False,False,False,-0.14098490094225377,-0.14751295903329897,False,False,False,False,31586.0,35857.35348854622,False,False,False,False,798.3826629574369,False,False,False,False
2025-06-18 17:00:00+00:00,20.185,20.215,20.175,20.195,0.0,,,,,,,,,,,,,,,,,,,,,,,20.283712947118573,20.340002905771435,20.472223596900346,"rgba(239, 83, 80, 1.0)",0.0,0.0,0.16468916941477293,20.308603925579362,-0.6898081153912933,0.0,0.0,0.0,0.0,0.0,0.0,0.0,0.0,42.275876701973694,-13.657587670894799,False,True,False,True,True,0.0,0,0.9197183098591545,0.9920187793427222,False,False,False,False,-0.1449010544805322,-0.1462070067569156,False,False,False,False,31586.0,35791.130953840075,False,False,False,False,786.0046371751511,False,False,False,False
2025-06-18 18:00:00+00:00,20.215,20.265,20.135,20.145,1898.0,,,,,,,,,,,,,,,,,,,,,,,20.28239380854436,20.33897416060474,20.4705278192899,"rgba(239, 83, 80, 1.0)",0.0,0.0,0.16468916941477293,20.30585225380591,-0.9767020768730714,0.0,0.0,0.0,0.0,0.0,0.0,0.0,0.0,41.19741252045931,-13.657587670894799,False,True,False,True,True,0.0,0,0.9167441860465112,0.9837209302325574,False,False,False,False,-0.14098490094225097,-0.1435959538495833,False,False,False,False,29688.0,35696.50876850922,False,False,False,False,803.2448753584821,False,False,False,False
2025-06-18 19:00:00+00:00,20.14,20.185,20.11,20.135,300.0,,,,,,,,,,,,,,,,,,,,,,,20.28211025470232,20.338773451882226,20.470226263110327,"rgba(239, 83, 80, 1.0)",0.0,0.0,0.16483702024499378,20.30517668006241,-1.0323935715986483,0.0,0.0,0.0,0.0,0.0,0.0,0.0,0.0,40.070323652597544,-13.657587670894799,False,True,False,True,True,0.0,0,0.9124999999999992,0.9930555555555549,False,False,False,False,-0.1748078824656468,-0.15920191815761503,False,False,False,False,29388.0,35598.70243101295,False,False,False,False,795.4426292288931,False,False,False,False
2025-06-19 14:00:00+00:00,20.135,20.135,20.135,20.135,0.0,,,,,,,,,,,,,,,,,,,,,,,20.28211025470232,20.338773451882226,20.470226263110327,"rgba(239, 83, 80, 1.0)",0.0,0.0,0.16468096374452348,20.30517668006241,-1.033371897959075,0.0,0.0,0.0,0.0,0.0,0.0,0.0,0.0,39.318931074023034,-13.657587670894799,False,True,False,True,False,0.0,0,0.9210649229332082,0.9971975712283971,False,False,False,False,-0.17638747021211398,-0.1677946941848645,False,False,False,False,29388.0,35502.4124708422,False,False,False,False,783.1101853648793,False,False,False,False
2025-06-19 15:00:00+00:00,20.135,20.135,20.135,20.135,0.0,,,,,,,,,,,,,,,,,,,,,,,20.28211025470232,20.338773451882226,20.470226263110327,"rgba(239, 83, 80, 1.0)",0.0,0.0,0.16533613046167878,20.30517668006241,-1.0292770224343128,0.0,0.0,0.0,0.0,0.0,0.0,0.0,0.0,38.81800268830669,-13.657587670894799,False,True,False,True,False,0.0,0,0.9226078799249527,0.9906191369605996,False,False,False,False,-0.15988967033276708,-0.1638421822588158,False,False,False,False,29388.0,35407.615378271,False,False,False,False,770.9689421809277,False,False,False,False
2025-06-19 16:00:00+00:00,20.135,20.135,20.135,20.135,0.0,,,,,,,,,,,,,,,,,,,,,,,20.28211025470232,20.338773451882226,20.470226263110327,"rgba(239, 83, 80, 1.0)",0.0,0.0,0.16609093352198193,20.30517668006241,-1.0245994555740465,0.0,0.0,0.0,0.0,0.0,0.0,0.0,0.0,38.48405043116246,-13.657587670894799,False,True,False,True,False,0.0,0,0.9342677622039629,0.9893668438859342,False,False,False,False,-0.15988967033276708,-0.16186592629579144,False,False,False,False,29388.0,35314.28800806525,False,False,False,False,759.0159353254094,False,False,False,False
2025-06-19 17:00:00+00:00,20.135,20.135,20.135,20.135,0.0,,,,,,,,,,,,,,,,,,,,,,,20.28211025470232,20.338773451882226,20.470226263110327,"rgba(239, 83, 80, 1.0)",0.0,0.0,0.16717116437413304,20.30517668006241,-1.017978672933978,0.0,0.0,0.0,0.0,0.0,0.0,0.0,0.0,38.2614155930663,-13.657587670894799,False,True,False,True,False,0.0,0,0.932392996108949,0.9863813229571974,False,False,False,False,-0.15988967033276708,-0.16087779831427926,False,False,False,False,29388.0,35222.407573831675,False,False,False,False,747.2482464056355,False,False,False,False
2025-06-19 18:00:00+00:00,20.135,20.135,20.135,20.135,0.0,,,,,,,,,,,,,,,,,,,,,,,20.28211025470232,20.338773451882226,20.470226263110327,"rgba(239, 83, 80, 1.0)",0.0,0.0,0.1684948738761145,20.30517668006241,-1.009981349269592,0.0,0.0,0.0,0.0,0.0,0.0,0.0,0.0,38.112992367668866,-13.657587670894799,False,True,False,True,False,0.0,0,0.9336261591020006,0.9819424109321611,False,False,False,False,-0.15988967033276708,-0.16038373432352315,False,False,False,False,29388.0,35131.951642454434,False,False,False,False,735.6630022753155,False,False,False,False
2025-06-19 19:00:00+00:00,20.135,20.135,20.135,20.135,0.0,,,,,,,,,,,,,,,,,,,,,,,20.28211025470232,20.338773451882226,20.470226263110327,"rgba(239, 83, 80, 1.0)",0.0,0.0,0.16975414124101268,20.30517668006241,-1.0024891223171706,0.0,0.0,0.0,0.0,0.0,0.0,0.0,0.0,38.01404355073724,-13.657587670894799,False,True,False,True,False,0.0,0,0.9482844356041766,0.9811039283938328,False,False,False,False,-0.15988967033276708,-0.16013670232814511,False,False,False,False,29388.0,35042.898128617926,False,False,False,False,724.2573743330626,False,False,False,False
2025-06-20 14:00:00+00:00,20.26,20.275,20.16,20.195,3.0,,,,,,,,,,,,,,,,,,,,,,,20.282108784354776,20.338772130803683,20.470223864777903,"rgba(239, 83, 80, 1.0)",0.0,0.0,0.17027196052358637,20.303519259268402,-0.6373290055197867,0.0,0.0,0.0,0.0,0.0,0.0,0.0,0.0,44.172297064322855,-9.529531897488269,True,False,False,True,True,0.0,0,0.9554234769687961,0.9539375928677556,False,False,False,False,-0.08121012339685288,-0.120673412862499,False,False,False,False,29391.0,34955.27180104245,False,False,False,False,713.0750894596817,False,False,False,False
2025-06-20 15:00:00+00:00,20.19,20.225,20.16,20.165,1508.0,,,,,,,,,,,,,,,,,,,,,,,20.281106655812486,20.33797467249104,20.46890090321499,"rgba(239, 83, 80, 1.0)",0.0,0.0,0.17104733026035343,20.300160772895868,-0.7901951622988737,0.0,0.0,0.0,0.0,0.0,0.0,0.0,0.0,45.556904831808254,-8.269103151701977,True,False,False,True,True,0.0,1,0.9584158415841582,0.9519801980198009,False,False,False,False,-0.10490272222715614,-0.11278806754482756,False,False,False,False,27883.0,34845.62417622009,False,False,False,False,725.3995066773612,False,False,False,False
2025-06-20 16:00:00+00:00,20.165,20.185,20.145,20.175,823.0,,,,,,,,,,,,,,,,,,,,,,,20.28048567063652,20.337501014953435,20.468146367130277,"rgba(239, 83, 80, 1.0)",0.0,0.0,0.17173465810021585,20.29860043689315,-0.7197174889475241,0.0,0.0,0.0,0.0,0.0,0.0,0.0,0.0,47.365364751119444,-6.567923478868927,True,False,False,False,True,0.0,0,0.966649823143001,0.9489641232945922,False,False,False,False,-0.1311018854994004,-0.12194497652211399,False,False,False,False,28706.0,34750.436204495745,False,False,False,False,726.9126926203478,False,False,False,False
2025-06-20 17:00:00+00:00,20.17,20.19,20.13,20.145,793.0,,,,,,,,,,,,,,,,,,,,,,,20.27982338677653,20.337011343745463,20.467390736779297,"rgba(239, 83, 80, 1.0)",0.0,0.0,0.17255232918251662,20.296926125839057,-0.8804640688353649,0.0,0.0,0.0,0.0,0.0,0.0,0.0,0.0,46.05866267904864,-6.567923478868927,True,False,False,True,True,0.0,1,0.9569402228976692,0.9544072948328257,False,False,False,False,-0.1358836118642097,-0.12891429419316183,False,False,False,False,27913.0,34644.429441635344,False,False,False,False,727.9373020370866,False,False,False,False
2025-06-20 18:00:00+00:00,20.145,20.175,20.135,20.155,120.0,,,,,,,,,,,,,,,,,,,,,,,20.279723775766488,20.33693747350665,20.467276709261938,"rgba(239, 83, 80, 1.0)",0.0,0.0,0.17304032753945026,20.29668958063224,-0.8188240431984611,0.0,0.0,0.0,0.0,0.0,0.0,0.0,0.0,46.17773680292517,-6.567923478868927,True,False,False,True,True,0.0,1,0.9526958290946079,0.9598168870803652,False,False,False,False,-0.1406715222305852,-0.1347929082118735,False,False,False,False,28033.0,34541.92665959449,False,False,False,False,718.5119175093798,False,False,False,False
2025-06-20 19:00:00+00:00,20.155,20.195,20.135,20.145,173.0,,,,,,,,,,,,,,,,,,,,,,,20.27958427988788,20.33683303193674,20.467114219206316,"rgba(239, 83, 80, 1.0)",0.0,0.0,0.17375031272252847,20.296372050605775,-0.8712044786216315,0.0,0.0,0.0,0.0,0.0,0.0,0.0,0.0,45.39385662984825,-6.567923478868927,True,False,False,True,False,0.0,1,0.9534288638689864,0.9605936540429878,False,False,False,False,-0.1311018854994004,-0.13294739685563695,False,False,False,False,27860.0,34438.33089743023,False,False,False,False,710.0543684007072,False,False,False,False
2025-06-23 14:00:00+00:00,20.195,20.23,20.115,20.115,1315.0,,,,,,,,,,,,,,,,,,,,,,,20.278491043344467,20.336021004397157,20.465864762400763,"rgba(239, 83, 80, 1.0)",0.0,0.0,0.17498550776545246,20.29393233267443,-1.0225551530488424,0.0,0.0,0.0,0.0,0.0,0.0,0.0,0.0,42.55625613976639,-3.7035390565190767,True,False,False,True,False,0.0,1,0.9415650406504058,0.9598577235772348,False,False,False,False,-0.12394038778822651,-0.12844389232193174,False,False,False,False,26545.0,34315.95367421425,False,False,False,False,719.4333704410063,False,False,False,False
2025-06-23 15:00:00+00:00,20.115,20.145,20.04,20.045,1212.0,,,,,,,,,,,,,,,,,,,,,,,20.276893040139896,20.334967495832917,20.464441610122673,"rgba(239, 83, 80, 1.0)",0.0,0.0,0.17698292277776484,20.289769218866837,-1.3830103776407234,0.0,0.0,0.0,0.0,0.0,0.0,0.0,0.0,37.0529475418637,-8.781867422703144,False,False,False,True,False,0.0,0,0.9398879266428931,0.9709628120224135,False,False,False,False,-0.2011390707176104,-0.16479148151977108,False,False,False,False,25333.0,34176.68307461403,False,False,False,False,727.0700623721535,False,False,False,False
2025-06-23 16:00:00+00:00,20.045,20.055,19.95,19.955,936.0,,,,,,,,,,,,,,,,,,,,,,,20.27512916994029,20.333878284799134,20.463096206553136,"rgba(239, 83, 80, 1.0)",0.0,0.0,0.18017689006006582,20.271025122608282,-1.753971458287078,0.0,0.0,0.0,0.0,0.0,0.0,0.0,0.0,30.794997677237205,-14.30864235398441,False,True,False,True,False,0.0,0,0.9389743589743587,0.9676923076923069,True,False,False,False,-0.32360307329070154,-0.2441972774052363,False,False,False,False,24397.0,34025.060081209165,False,False,False,False,730.3092862113449,False,False,False,False
2025-06-23 17:00:00+00:00,19.955,20.175,19.95,20.155,1500.0,,,,,,,,,,,,,,,,,,,,,,20.093333333333334,20.273375613844433,20.3326787906793,20.46143504278365,"rgba(239, 83, 80, 1.0)",0.0,0.0,0.17939608400118512,20.262065507976736,-0.5968107306959252,1.0,20.175,19.95,0.0,1.0,20.135,20.055,0.0,38.257501875004195,-17.65720607214071,False,False,False,True,True,0.0,0,0.9386098427194313,0.9614408929477416,True,False,False,False,-0.2761200975837973,-0.2601586874945168,False,False,False,False,25897.0,33899.04364584158,False,False,False,False,742.2424755724094,False,False,False,False
2025-06-23 18:00:00+00:00,20.155,20.165,20.135,20.165,3267.0,,,,,,,,,,,,,,,,,,,,,,20.135595762534088,20.2709398985573,20.330769799117515,20.458465725064922,"rgba(38, 166, 154, 1.0)",0.0,0.0,0.17917951137700597,20.263788515280943,-0.5513382334941533,0.0,0.0,0.0,0.0,0.0,0.0,0.0,0.0,43.59863332526926,-13.26534215517092,True,False,False,True,True,0.0,0,0.9515800203873597,0.9633027522935773,False,False,False,False,-0.18281437649511964,-0.22148653199481821,False,False,False,False,29164.0,33825.63211644868,False,False,False,False,781.3860030829146,False,False,False,False
2025-06-23 19:00:00+00:00,20.165,20.265,20.165,20.255,977.0,,,,,,,,,,,,,,,,,,,,,,20.151369545032498,20.27067932996564,20.330441722504116,20.45780078154648,"rgba(38, 166, 154, 1.0)",0.0,0.0,0.17796396031549888,20.265517297466147,-0.05909790638229505,0.0,0.0,0.0,0.0,0.0,0.0,0.0,0.0,50.084604725016106,-7.760940097490135,True,False,True,False,True,0.1192035929991917,0,0.9490316004077468,0.9612640163098872,False,False,False,False,-0.11556929472493042,-0.16852791335987433,False,False,False,False,30141.0,33768.506037123894,False,False,False,False,784.4187782289159,False,False,False,False
2025-06-24 14:00:00+00:00,20.355,20.485,20.345,20.475,300.0,,,,,,,,,,,,,,,,,,,,,,20.165447827046105,20.270987329197204,20.330544448155983,20.45778057005864,"rgba(38, 166, 154, 1.0)",0.0,0.0,0.17814261924873015,20.2678138424869,1.1630353162362632,0.0,0.0,0.0,0.0,0.0,0.0,0.0,0.0,58.66308568287473,-0.35468982143940053,True,False,True,False,True,7.326171152476949,0,0.9529529529529527,0.9479479479479469,False,False,False,False,0.08746366422352832,-0.040532124568173004,False,False,False,False,30441.0,33716.91679623825,False,False,False,False,776.908409574204,False,False,False,False
2025-06-24 15:00:00+00:00,20.475,20.495,20.395,20.395,268.0,,,,,,,,,,,,,,,,,,,,,,20.176609632446134,20.2712503560565,20.330630199812376,20.457757269686212,"rgba(38, 166, 154, 1.0)",0.0,0.0,0.17731627974630046,20.277541767454814,0.6624221572505471,0.0,0.0,0.0,0.0,0.0,0.0,0.0,0.0,61.25238171671268,1.586159992830268,True,False,True,False,True,4.48745521400625,0,0.9590818363273449,0.9481037924151686,False,False,False,False,0.11813261393356812,0.03880024468269756,False,False,False,False,30173.0,33661.97234978494,False,False,False,False,769.0183567125885,False,False,False,False
2025-06-24 16:00:00+00:00,20.395,20.435,20.385,20.415,1100.0,,,,,,,,,,,,,,,,,,,,,,20.21149397373628,20.272207220043658,20.3309208235524,20.45760806570117,"rgba(38, 166, 154, 1.0)",0.0,0.0,0.17569360615357754,20.283048531983383,0.7510317017528509,0.0,0.0,0.0,0.0,0.0,0.0,0.0,0.0,63.35517919632174,3.450321012910024,True,False,True,False,True,5.102293463772664,0,0.9553128103277061,0.9503475670307834,False,False,False,False,0.08236962662156928,0.06058493565213342,False,False,False,False,31273.0,33624.93401878053,False,False,False,False,774.1498550581297,False,False,False,False
2025-06-24 17:00:00+00:00,20.42,20.425,20.385,20.4,130.0,,,,,,,,,,,,,,,,,,,,,,20.21480067179351,20.272312737154213,20.330951501819538,20.457587309385303,"rgba(38, 166, 154, 1.0)",0.0,0.0,0.17579451559055206,20.283619281622936,0.6620270148138626,0.0,0.0,0.0,0.0,0.0,0.0,0.0,0.0,64.13518908526606,4.395796906197624,True,False,True,False,True,4.5713036983473785,0,0.9554896142433235,0.9515331355093953,False,False,False,False,0.07727985070134878,0.0689323931767411,False,False,False,False,31143.0,33586.45442159013,False,False,False,False,764.1630355998641,False,False,False,False
2025-06-24 18:00:00+00:00,20.4,20.435,20.395,20.415,200.0,,,,,,,,,,,,,,,,,,,,,,20.21997244467407,20.272489165445656,20.331006247625226,20.457562267675268,"rgba(38, 166, 154, 1.0)",0.0,0.0,0.17591531541683145,20.28461467912893,0.7411823158326066,0.0,0.0,0.0,0.0,0.0,0.0,0.0,0.0,64.99971686013674,5.669345833523671,True,False,True,False,True,5.04449528913711,0,0.9566502463054185,0.9507389162561565,False,False,False,False,0.08746366422352832,0.0781980287001347,False,False,False,False,31343.0,33551.67218249571,False,False,False,False,755.4163218696336,False,False,False,False
2025-06-24 19:00:00+00:00,20.415,20.455,20.4,20.415,3718.0,,,,,,,,,,,,,,,,,,,,,,20.285949389179756,20.2758785532839,20.332110840455446,20.45719215411413,"rgba(38, 166, 154, 1.0)",0.0,0.0,0.17585692382633875,20.299587554769396,0.6562860461756684,0.0,0.0,0.0,0.0,0.0,0.0,0.0,0.0,65.57606871005052,6.823050877082032,True,False,True,False,True,5.04449528913711,0,0.9573738363547278,0.94904458598726,False,False,False,False,0.10021917896746614,0.08920860383380042,False,False,False,False,31343.0,33517.42920292213,False,False,False,False,801.3478517631277,False,False,False,False
2025-06-25 14:00:00+00:00,20.265,20.285,20.21,20.225,1464.0,,,,,,,,,,,,,,,,,,,,,,20.28074435159393,20.275563898889576,20.331678949200143,20.456271339335586,"rgba(38, 166, 154, 1.0)",0.0,0.0,0.17585692382633875,20.296730012467812,-0.40788847494366975,0.0,0.0,0.0,0.0,0.0,0.0,0.0,0.0,58.715949446151996,6.823050877082032,True,False,True,False,False,0.0,0,0.9495677233429393,0.9538904899135435,False,False,False,False,-0.0823697284588038,0.0034194376874983057,False,False,False,False,29879.0,33461.019447838065,False,False,False,False,811.6215284799783,False,False,False,False
2025-06-25 15:00:00+00:00,20.225,20.245,20.185,20.235,2404.0,,,,,,,,,,,,,,,,,,,,,,20.271478775226164,20.274798744515376,20.330838392089035,20.454649360447306,"rgba(38, 166, 154, 1.0)",0.0,0.0,0.1759462704637275,20.292510847242873,-0.32686596363365406,0.0,0.0,0.0,0.0,0.0,0.0,0.0,0.0,54.48942247219677,13.261188559863776,True,False,True,False,False,0.0,0,0.9474689589302765,0.9579751671442204,False,False,False,False,-0.11556929472493042,-0.05607492851871606,False,False,False,False,32283.0,33442.75558042972,False,False,False,False,836.3095667981182,False,False,False,False
2025-06-25 16:00:00+00:00,20.235,20.26,20.185,20.185,1861.0,,,,,,,,,,,,,,,,,,,,,,20.26482265790137,20.274094352737766,20.330127863244595,20.453346954518466,"rgba(38, 166, 154, 1.0)",0.0,0.0,0.1766282042102212,20.289596023509365,-0.5921818883742753,0.0,0.0,0.0,0.0,0.0,0.0,0.0,0.0,50.195716601044865,9.079495007078734,True,False,False,False,False,0.0,0,0.9465240641711226,0.9718035974720454,False,False,False,False,-0.10788795713536069,-0.08198144282703837,False,False,False,False,30422.0,33395.9221605781,False,False,False,False,852.1962401810931,False,False,False,False
2025-06-25 17:00:00+00:00,20.185,20.215,20.165,20.195,6500.0,,,,,,,,,,,,,,,,,,,,,,20.24474946177551,20.2710792374328,20.32734146653578,20.44857013070167,"rgba(38, 166, 154, 1.0)",0.0,0.0,0.17682782892148569,20.27513716243277,-0.45319315925296,0.0,0.0,0.0,0.0,0.0,0.0,0.0,0.0,47.74555847189899,6.590689438360883,True,False,False,True,False,0.0,0,0.9318403115871466,0.9790652385589084,False,False,False,False,-0.14127734437904566,-0.11162939360304201,False,False,False,False,36922.0,33450.5900340575,False,False,False,False,939.7590891705336,False,False,False,False
2025-06-25 18:00:00+00:00,20.195,20.225,20.185,20.225,800.0,,,,,,,,,,,,,,,,,,,,,,20.243668722011243,20.270812959622333,20.32705567068253,20.44803907310992,"rgba(38, 166, 154, 1.0)",0.0,0.0,0.1766606407267537,20.274618130697338,-0.28086692368608623,0.0,0.0,0.0,0.0,0.0,0.0,0.0,0.0,47.38331343111449,5.8861293016702945,True,False,False,True,False,0.0,0,0.930243902439024,0.9809756097560961,False,False,False,False,-0.12583240038788648,-0.11873089699546424,False,False,False,False,37722.0,33516.81344438219,False,False,False,False,937.5922815864943,False,False,False,False
2025-06-25 19:00:00+00:00,20.225,20.28,20.185,20.195,5176.0,,,,,,,,,,,,,,,,,,,,,,20.239538962863083,20.26938103197332,20.325371276670094,20.444778978642198,"rgba(38, 166, 154, 1.0)",0.0,0.0,0.17648972100841123,20.27216896836359,-0.4372434152123386,0.0,0.0,0.0,0.0,0.0,0.0,0.0,0.0,46.05586322599714,4.1322298208625625,True,False,False,True,False,0.0,0,0.9284671532846712,0.9785888077858867,False,False,False,False,-0.09766570830694786,-0.10819830265120606,False,False,False,False,32546.0,33501.76207315146,False,False,False,False,1003.3040291587968,False,False,False,False
2025-06-26 14:00:00+00:00,20.295,20.395,20.29,20.385,3388.0,,,,,,,,,,,,,,,,,,,,,,20.251544791698183,20.27096191815192,20.325690293586366,20.443962092479758,"rgba(38, 166, 154, 1.0)",0.0,0.0,0.17538007632332814,20.278069584802516,0.6097067434293398,0.0,0.0,0.0,0.0,0.0,0.0,0.0,0.0,51.438589074845765,4.1322298208625625,True,False,True,False,True,3.8181581261465425,0,0.9257307139434593,0.9626257786296104,False,False,False,False,0.013908890126499573,-0.047144706262353245,False,False,False,False,35934.0,33539.471188296404,False,False,False,False,1040.2760597144743,False,False,False,False
2025-06-26 15:00:00+00:00,20.38,20.4,20.325,20.335,1674.0,,,,,,,,,,,,,,,,,,,,,,20.256451464278516,20.271692514058444,20.32582882532267,20.443548837424654,"rgba(38, 166, 154, 1.0)",0.0,0.0,0.1738909516423104,20.280433594330148,0.313796693585843,0.0,0.0,0.0,0.0,0.0,0.0,0.0,0.0,53.17036277907847,4.1322298208625625,True,False,True,False,True,2.1643052613018803,0,0.9283667621776504,0.9632282712511927,False,False,False,False,0.03415114587276425,-0.006496780194794497,False,False,False,False,34260.0,33550.64217762514,False,False,False,False,1050.101237083242,False,False,False,False
2025-06-26 16:00:00+00:00,20.335,20.405,20.33,20.38,1000.0,,,,,,,,,,,,,,,,,,,,,,20.259676341888955,20.272219425939202,20.325965640405705,20.443353566991536,"rgba(38, 166, 154, 1.0)",0.0,0.0,0.17379541664512363,20.282011306563376,0.5638163268523234,0.0,0.0,0.0,0.0,0.0,0.0,0.0,0.0,55.52653211178739,-2.11179062168506,True,False,True,False,True,3.541330647290817,0,0.942456479690522,0.9617988394584123,False,False,False,False,0.03921543585038428,0.016359327827794888,False,False,False,False,35260.0,33577.14384928986,False,False,False,False,1049.3244737176105,False,False,False,False
2025-06-26 17:00:00+00:00,20.38,20.4,20.36,20.385,500.0,,,,,,,,,,,,,,,,,,,,,,20.261360035332764,20.27250708768758,20.32604864370828,20.443269893330697,"rgba(38, 166, 154, 1.0)",0.0,0.0,0.17000058293489312,20.282842023399375,0.6009272135246189,0.0,0.0,0.0,0.0,0.0,0.0,0.0,0.0,57.23361554907296,-0.1445506613753622,True,False,True,False,True,3.69417665283758,0,0.9507797270955163,0.9566276803118894,False,False,False,False,0.05188553235025002,0.03412243008902245,False,False,False,False,35760.0,33610.98658030862,False,False,False,False,1040.8078152103608,False,False,False,False
2025-06-26 18:00:00+00:00,20.385,20.4,20.36,20.39,2200.0,,,,,,,,,,,,,,,,,,,,,,20.268343178841267,20.27377409459076,20.32642179519443,20.442914298016596,"rgba(38, 166, 154, 1.0)",0.0,0.0,0.16609256075677808,20.28630661800426,0.6243108151459343,0.0,0.0,0.0,0.0,0.0,0.0,0.0,0.0,58.521700245852685,1.4763523888797678,True,False,True,False,True,3.84946942256736,0,0.9497560975609756,0.9507317073170719,False,False,False,False,0.05188553235025002,0.043003981219636236,False,False,False,False,37960.0,33678.413144955,False,False,False,False,1058.7797870675645,False,False,False,False
2025-06-26 19:00:00+00:00,20.385,20.445,20.385,20.43,654.0,,,,,,,,,,,,,,,,,,,,,,20.270881076055716,20.274269364890298,20.326602652568468,20.44287395572542,"rgba(38, 166, 154, 1.0)",0.0,0.0,0.1618434623527055,20.287598674643792,0.8798707299394773,0.0,0.0,0.0,0.0,0.0,0.0,0.0,0.0,60.590663488935256,3.8332369681572516,True,False,True,False,True,5.092309088809447,0,0.9535906204201272,0.9472398632144589,False,False,False,False,0.08746366422352832,0.06523382272158228,False,False,False,False,38614.0,33754.9338713898,False,False,False,False,1052.5041314541138,False,False,False,False
2025-06-27 14:00:00+00:00,20.505,20.58,20.495,20.555,2401.0,,,,,,,,,,,,,,,,,,,,,,20.286650756151264,20.27757398038785,20.328129605720015,20.443519105966107,"rgba(38, 166, 154, 1.0)",0.0,0.0,0.15983192185307832,20.307713445029858,1.5471662487888622,0.0,0.0,0.0,0.0,0.0,0.0,0.0,0.0,64.87458923108137,8.14333685208463,True,False,True,False,True,8.780768791241599,0,0.9645114244044724,0.9338842975206597,False,False,False,False,0.21437401754056812,0.1398039201310752,False,False,False,False,41015.0,33867.493036174455,False,False,False,False,1073.4110441447476,False,False,False,False
2025-06-27 15:00:00+00:00,20.555,20.57,20.465,20.475,67.0,,,,,,,,,,,,,,,,,,,,,,20.28700016847578,20.277651327653864,20.32816404435484,20.443529823125726,"rgba(38, 166, 154, 1.0)",0.0,0.0,0.15737191273834164,20.307841025540675,1.0621906511186485,0.0,0.0,0.0,0.0,0.0,0.0,0.0,0.0,64.03357167600772,8.14333685208463,True,False,True,False,True,5.990114761847234,0,0.9626213592233008,0.9330097087378625,False,False,False,False,0.19329123846734134,0.16654757929920827,False,False,False,False,40948.0,33977.2683379392,False,False,False,False,1057.8077721425034,False,False,False,False
2025-06-27 16:00:00+00:00,20.475,20.535,20.475,20.495,43.0,,,,,,,,,,,,,,,,,,,,,,20.2872221020068,20.27770057412795,20.328185929402533,20.44353650764786,"rgba(38, 166, 154, 1.0)",0.0,0.0,0.15519232473825167,20.30792182538562,1.2054602244660517,0.0,0.0,0.0,0.0,0.0,0.0,0.0,0.0,63.98419071260287,8.14333685208463,True,False,True,False,True,6.571564528488409,0,0.9649122807017544,0.9356725146198815,False,False,False,False,0.18020130705460505,0.17337444317690665,False,False,False,False,40991.0,34086.00836370758,False,False,False,False,1042.0743183108368,False,False,False,False
2025-06-27 17:00:00+00:00,20.495,20.495,20.395,20.415,85.0,,,,,,,,,,,,,,,,,,,,,,20.28752349417345,20.27776890017682,20.328212555781995,20.4435345678748,"rgba(38, 166, 154, 1.0)",0.0,0.0,0.1509442651152287,20.307902643181276,0.7095159046749265,0.0,0.0,0.0,0.0,0.0,0.0,0.0,0.0,60.651902728183856,8.14333685208463,True,False,True,False,False,3.8595675449850297,0,0.9657701711491441,0.9339853300733482,False,False,False,False,0.11813261393356812,0.14575352855523738,False,False,False,False,40906.0,34191.74466814622,False,False,False,False,1027.2359567866376,False,False,False,False
2025-06-27 18:00:00+00:00,20.415,20.415,20.295,20.325,171.0,,,,,,,,,,,,,,,,,,,,,,20.287758355636274,20.277827598707226,20.328220970269683,20.443489544504295,"rgba(38, 166, 154, 1.0)",0.0,0.0,0.14726922701376033,20.307420440110512,0.1193702190603924,0.0,0.0,0.0,0.0,0.0,0.0,0.0,0.0,55.480106382604774,11.640684417793736,True,False,True,False,False,0.9604592497203335,0,0.9564579256360077,0.9403131115459868,False,False,False,False,0.0265579116986596,0.08615572012694848,False,False,False,False,40735.0,34293.19048724473,False,False,False,False,1013.9609807124261,False,False,False,False
2025-06-27 19:00:00+00:00,20.32,20.43,20.315,20.425,632.0,,,,,,,,,,,,,,,,,,,,,,20.289279464846206,20.27818839731487,20.32833520583907,20.443399365289352,"rgba(38, 166, 154, 1.0)",0.0,0.0,0.1445489100180026,20.30692918495633,0.816822589869162,0.0,0.0,0.0,0.0,0.0,0.0,0.0,0.0,55.14254299840283,11.203026249692307,True,False,True,False,False,3.9230407217699863,0,0.9480330257406507,0.9417192812044666,False,False,False,False,0.04428173713232803,0.06521872862963826,False,False,False,False,41367.0,34402.861952558764,False,False,False,False,1008.0391050424661,False,False,False,False
2025-06-30 14:00:00+00:00,20.37,20.42,20.355,20.385,962.0,,,,,,,,,,,,,,,,,,,,,,20.29143605266793,20.27871691373219,20.32849892535859,20.443254148806215,"rgba(38, 166, 154, 1.0)",0.0,0.0,0.140573087014542,20.306773108704007,0.556485547535154,0.0,0.0,0.0,0.0,0.0,0.0,0.0,0.0,53.62675514779025,9.532337192393733,True,False,True,False,False,2.6547795604511606,0,0.9504854368932036,0.9456310679611634,False,False,False,False,0.05949532683961152,0.06235702773462489,False,False,False,False,40405.0,34495.91835639506,False,False,False,False,1007.3253204681643,False,False,False,False
2025-06-30 15:00:00+00:00,20.395,20.425,20.355,20.36,240.0,,,,,,,,,,,,,,,,,,,,,,20.291922645483268,20.278839873000464,20.328534962146588,20.443213781440175,"rgba(38, 166, 154, 1.0)",0.0,0.0,0.13865398633985646,20.306772898787568,0.383884391769064,0.0,0.0,0.0,0.0,0.0,0.0,0.0,0.0,51.813329638315174,7.564894179802991,False,False,False,False,False,1.8670106861108344,0,0.9466795928259815,0.9481337857489079,False,False,False,False,0.06203341179972593,0.06219521976717541,False,False,False,False,40165.0,34583.8110950556,False,False,False,False,995.4288038717585,False,False,False,False
2025-06-30 16:00:00+00:00,20.36,20.405,20.345,20.385,1275.0,,,,,,,,,,,,,,,,,,,,,,20.294373290032702,20.279477440031638,20.328719392522206,20.442994559369886,"rgba(38, 166, 154, 1.0)",0.0,0.0,0.13622857712400288,20.307033314187635,0.5723225439064612,0.0,0.0,0.0,0.0,0.0,0.0,0.0,0.0,51.482369264562465,6.938396059772018,False,False,False,False,False,2.6162928117899718,0,0.9431486880466471,0.9552964042759946,False,False,False,False,0.04681572368735725,0.05450547172726633,False,False,False,False,41440.0,34690.10859745784,False,False,False,False,999.7632410210337,False,False,False,False
2025-06-30 17:00:00+00:00,20.39,20.395,20.325,20.335,772.0,,,,,,,,,,,,,,,,,,,,,,20.29534052060327,20.279756455957312,20.32877073569885,20.442808096061693,"rgba(38, 166, 154, 1.0)",0.0,0.0,0.1346330682375924,20.306951069810413,0.2083361135325875,0.0,0.0,0.0,0.0,0.0,0.0,0.0,0.0,49.522991064656544,4.767570450430213,False,False,False,False,False,1.0266418587215718,0,0.9402041808458919,0.9562469615945538,False,False,False,False,0.03161967359350642,0.04306257266038638,False,False,False,False,40668.0,34782.78908431896,False,False,False,False,996.2320279819478,False,False,False,False
2025-06-30 18:00:00+00:00,20.335,20.395,20.335,20.395,713.0,,,,,,,,,,,,,,,,,,,,,,20.29656349137993,20.28009523524453,20.328866068932246,20.442680474054804,"rgba(38, 166, 154, 1.0)",0.0,0.0,0.13390742398464447,20.307278353638754,0.6550917324143645,0.0,0.0,0.0,0.0,0.0,0.0,0.0,0.0,50.42340705488857,4.767570450430213,False,False,False,False,False,2.836406914887249,0,0.9462628236443574,0.954079140205177,False,False,False,False,0.036683055763635446,0.039872814212010915,False,False,False,False,41381.0,34885.08692797293,False,False,False,False,991.8408337496695,False,False,False,False
2025-06-30 19:00:00+00:00,20.395,20.445,20.385,20.415,692.0,,,,,,,,,,,,,,,,,,,,,,20.298302322456546,20.28055935329592,20.32903811701042,20.44263000310035,"rgba(38, 166, 154, 1.0)",0.0,0.0,0.13326080234429996,20.308125915380955,0.8019919041378567,0.0,0.0,0.0,0.0,0.0,0.0,0.0,0.0,51.718755986419566,4.767570450430213,False,False,False,False,False,3.431957522284165,0,0.9471882640586797,0.9491442542787272,False,False,False,False,0.08746366422352832,0.06366823921776962,False,False,False,False,42073.0,34996.52744071754,False,False,False,False,987.1921386527754,False,False,False,False
2025-07-01 14:00:00+00:00,20.47,20.765,20.465,20.755,702.0,,,,,,,,,,,,,,,,,,,,,,20.303634745101323,20.28188481260374,20.329710763640804,20.443034405067145,"rgba(38, 166, 154, 1.0)",0.0,0.0,0.1423494304883779,20.311944518933178,3.112449972906597,0.0,0.0,0.0,0.0,0.0,0.0,0.0,0.0,59.511443766330615,4.315506433059021,True,False,True,False,True,12.394583584608778,0,0.9477434679334916,0.9220902612826589,False,False,False,False,0.298064245805919,0.1808662425118443,False,False,False,False,42775.0,35117.12391450486,False,False,False,False,982.7705551077711,False,False,False,False
2025-07-01 15:00:00+00:00,20.755,21.045,20.755,21.045,742.0,,,,,,,,,,,,,,,,,,,,,,20.31348213182923,20.284325762923263,20.331030212962457,20.444018563287603,"rgba(38, 166, 154, 1.0)",0.0,0.0,0.16570017969077422,20.31928058594071,4.379714104194769,0.0,0.0,0.0,0.0,0.0,0.0,0.0,0.0,67.2292030893198,11.187909781534223,True,False,True,False,True,18.547644460728247,0,0.9771241830065358,0.9019607843137241,False,False,False,False,0.34282817189088016,0.26184720720136223,False,False,False,False,43517.0,35247.354551489276,False,False,False,False,979.0376782843948,False,False,False,False
2025-07-01 16:00:00+00:00,21.045,21.175,20.895,20.895,829.0,,,,,,,,,,,,,,,,,,,,,,20.324805459415337,20.28719486995452,20.332592819351017,20.445200442993958,"rgba(38, 166, 154, 1.0)",0.0,0.0,0.17814744879879388,20.327522632873798,3.1854363952589124,0.0,0.0,0.0,0.0,0.0,0.0,0.0,0.0,68.23390136071178,11.792762134409493,True,False,True,False,True,13.93430104095453,0,1.0112149532710277,0.881775700934578,False,False,False,False,0.34282818268100873,0.30233769494118545,False,False,False,False,42688.0,35362.71339565224,False,False,False,False,976.711512729598,False,False,False,False
2025-07-01 17:00:00+00:00,20.895,20.985,20.87,20.965,951.0,,,,,,,,,,,,,,,,,,,,,,20.336423276010436,20.29023262888171,20.334244807902373,20.446429856624146,"rgba(38, 166, 154, 1.0)",0.0,0.0,0.19409728683513902,20.335705673829256,3.242159313155413,0.0,0.0,0.0,0.0,0.0,0.0,0.0,0.0,69.62896682868595,13.050065236787624,True,False,True,False,True,15.335436428936706,0,0.9972054028877503,0.8998602701443862,False,False,False,False,0.2674851720683775,0.2849114335047815,False,False,False,False,43639.0,35491.02791664988,False,False,False,False,976.312884625263,False,False,False,False
2025-07-01 18:00:00+00:00,20.965,21.025,20.94,21.015,2800.0,,,,,,,,,,,,,,,,,,,,,,20.37102480655154,20.299735503241354,20.339480626027257,20.450401693351665,"rgba(38, 166, 154, 1.0)",0.0,0.0,0.21075529125694178,20.359482581678904,3.110324843621241,0.0,0.0,0.0,0.0,0.0,0.0,0.0,0.0,71.06922122784349,14.52128234572389,True,False,True,False,True,16.316827811883936,0,1.0037157454714352,0.8941012540640955,False,False,False,False,0.3056127591168305,0.295262096310806,False,False,False,False,46439.0,35660.76391794213,False,False,False,False,1004.5871034682822,False,False,False,False
2025-07-01 19:00:00+00:00,21.01,21.01,20.955,20.97,668.0,,,,,,,,,,,,,,,,,,,,,,20.378561723578446,20.301916576450875,20.340689101021113,20.45131480738273,"rgba(38, 166, 154, 1.0)",0.0,0.0,0.22413611935608596,20.364543793150766,2.701287987802369,0.0,0.0,0.0,0.0,0.0,0.0,0.0,0.0,70.71800405669941,14.52128234572389,True,False,True,False,True,14.957945843598548,0,1.0037122969837586,0.8955916473317852,False,False,False,False,0.3056127591168305,0.30043742771381826,False,False,False,False,45771.0,35817.51176417558,False,False,False,False,999.3686987633475,False,False,False,False
2025-07-02 14:00:00+00:00,21.03,21.095,20.985,21.075,3400.0,,,,,,,,,,,,,,,,,,,,,,20.418553279977633,20.31398441703948,20.347469166101007,20.45655381594648,"rgba(38, 166, 154, 1.0)",0.0,0.0,0.24072351528427077,20.391411823045495,2.839723307244223,0.0,0.0,0.0,0.0,0.0,0.0,0.0,0.0,71.70860900113577,15.718106335743329,True,False,True,False,True,17.012492786081207,0,1.0060073937153418,0.8886321626617363,False,False,False,False,0.34282818302671675,0.3216328053702675,False,False,False,False,49171.0,36024.5425895372,False,False,False,False,1036.587788705001,False,False,False,False
2025-07-02 15:00:00+00:00,21.075,21.2,21.075,21.155,1496.0,,,,,,,,,,,,,,,,,,,,,,20.437017755980158,20.31981669338273,20.350794621493517,20.45918074834677,"rgba(38, 166, 154, 1.0)",0.0,0.0,0.25902406928406174,20.40386744513578,2.8998562061832263,0.0,0.0,0.0,0.0,0.0,0.0,0.0,0.0,73.2026038909332,17.501249359527705,True,False,True,False,True,18.515174259828232,0,1.0105649977032611,0.88148828663298,False,False,False,False,0.3428281891592235,0.3322304972647455,False,False,False,False,50667.0,36251.55743311027,False,False,False,False,1043.710458647559,False,False,False,False
2025-07-02 16:00:00+00:00,21.155,21.155,21.105,21.115,1729.0,,,,,,,,,,,,,,,,,,,,,,20.456695202174767,20.3263081693556,20.35451544876799,20.46211120727689,"rgba(38, 166, 154, 1.0)",0.0,0.0,0.27381888865414294,20.417109004126562,2.5487321174359643,0.0,0.0,0.0,0.0,0.0,0.0,0.0,0.0,72.9096593786602,17.592119383035254,True,False,True,False,True,17.294909222447114,0,1.01949860724234,0.8881151346332393,False,False,False,False,0.33794182944964696,0.3350861633571962,False,False,False,False,48938.0,36448.24646515507,False,False,False,False,1054.335102699535,False,False,False,False
2025-07-02 17:00:00+00:00,21.115,21.155,21.1,21.155,500.0,,,,,,,,,,,,,,,,,,,,,,20.46227321947138,20.328193074680566,20.35560098891813,20.462968678496942,"rgba(38, 166, 154, 1.0)",0.0,0.0,0.2892127712031981,20.420870654964897,2.5383711168111303,0.0,0.0,0.0,0.0,0.0,0.0,0.0,0.0,73.21264681117023,18.323150975018834,True,False,True,False,True,18.053164773780104,0,1.005591798695247,0.8946877912395141,False,False,False,False,0.3363165026482761,0.3357013330027362,False,False,False,False,49438.0,36649.63799282708,False,False,False,False,1045.7407600220229,False,False,False,False
2025-07-02 18:00:00+00:00,21.155,21.235,21.155,21.205,969.0,,,,,,,,,,,,,,,,,,,,,,20.473791989664086,20.332097904095022,20.357861632173186,20.464775810341603,"rgba(38, 166, 154, 1.0)",0.0,0.0,0.3050450712525972,20.42868499466471,2.5449190250723595,0.0,0.0,0.0,0.0,0.0,0.0,0.0,0.0,74.03070969115339,19.528935662512808,True,False,True,False,True,18.99188539995061,0,1.0041782729805013,0.8890436397400175,False,False,False,False,0.3428281923057471,0.33926476265424166,False,False,False,False,50407.0,36862.93042704682,False,False,False,False,1044.5509807968751,False,False,False,False
2025-07-02 19:00:00+00:00,21.205,21.24,21.165,21.22,2095.0,,,,,,,,,,,,,,,,,,,,,,20.497831107292562,20.340517680010766,20.362765638288767,20.468705520966793,"rgba(38, 166, 154, 1.0)",0.0,0.0,0.32012279457047493,20.445050325479848,2.420788796249079,0.0,0.0,0.0,0.0,0.0,0.0,0.0,0.0,74.7648341223489,20.617860568541303,True,False,True,False,True,19.2730928912986,0,1.0027777777777775,0.8916666666666655,False,False,False,False,0.34282819269393244,0.341046477674087,False,False,False,False,52502.0,37105.396621976324,False,False,False,False,1060.8370121023497,False,False,False,False
2025-07-03 14:00:00+00:00,21.27,21.335,21.245,21.285,2498.0,,,,,,,,,,21.28833333333333,,,,,,,,,,,,20.527519657811254,20.35125422104522,20.369085855286208,20.473838185820043,"rgba(38, 166, 154, 1.0)",0.0,0.0,0.336217392671977,20.51041320737736,2.303827254345367,0.0,0.0,0.0,0.0,0.0,0.0,0.0,0.0,76.06142128438775,22.177740260421686,True,False,True,False,True,20.0,0,1.0082949308755758,0.883410138248847,False,False,False,False,0.34282819688859434,0.3419373372813407,False,False,False,False,55000.0,37382.83233326351,False,False,False,False,1083.1186088139411,False,False,False,False
2025-07-03 15:00:00+00:00,21.285,21.315,21.235,21.285,1127.0,,,,,,,,,,21.285224367816088,,,,,,,,,,,,20.540029519022276,20.355968062116233,20.371878408748167,20.476104686576857,"rgba(38, 166, 154, 1.0)",0.0,0.0,0.351117610746861,20.51865979265297,2.1825741116116397,0.0,0.0,0.0,0.0,0.0,0.0,0.0,0.0,76.92581272574698,23.279547017702214,True,False,True,False,True,20.0,0,1.0096640589047396,0.883110906580763,False,False,False,False,0.3342234667950719,0.33808040203820633,False,False,False,False,55000.0,37655.96671569353,False,False,False,False,1083.7989404602365,False,False,False,False
2025-07-03 16:00:00+00:00,21.285,21.305,21.255,21.285,1477.0,,,,,,,,,,21.284194433555466,,,,,,,,,,,,20.555877979850592,20.36209579639606,20.375525710795927,20.479068067060815,"rgba(38, 166, 154, 1.0)",0.0,0.0,0.36493053763326705,20.52929950235002,2.0708064130533574,0.0,0.0,0.0,0.0,0.0,0.0,0.0,0.0,77.50207368665313,24.09597831302918,True,False,True,False,True,20.0,0,1.0212962962962964,0.8796296296296289,False,False,False,False,0.337086354058713,0.33758337804845967,False,False,False,False,55000.0,37924.86645653549,False,False,False,False,1089.8950809182172,False,False,False,False
2025-07-03 17:00:00+00:00,21.285,21.285,21.285,21.285,0.0,,,,,,,,,,21.284194433555466,,,,,,,,,,,,20.555877979850592,20.36209579639606,20.375525710795927,20.479068067060815,"rgba(38, 166, 154, 1.0)",0.0,0.0,0.3771264036425093,20.52929950235002,2.0038387404089923,0.0,0.0,0.0,0.0,0.0,0.0,0.0,0.0,77.88624766059057,24.73168771854715,True,False,True,False,True,20.0,0,1.0246511627906978,0.8776744186046503,False,False,False,False,0.33995457667203305,0.33876897736024636,False,False,False,False,55000.0,38189.597209147345,False,False,False,False,1072.9974827644464,False,False,False,False
2025-07-03 18:00:00+00:00,21.285,21.285,21.285,21.285,0.0,,,,,,,,,,21.284194433555466,,,,,,,,,,,,20.555877979850592,20.36209579639606,20.375525710795927,20.479068067060815,"rgba(38, 166, 154, 1.0)",0.0,0.0,0.38782600352351065,20.52929950235002,1.9485555140300623,0.0,0.0,0.0,0.0,0.0,0.0,0.0,0.0,78.14236364321553,25.24935717680289,True,False,True,False,True,20.0,0,1.0256889304063523,0.8757589911256414,False,False,False,False,0.33995457667203305,0.3393617770161397,False,False,False,False,55000.0,38450.22360900552,False,False,False,False,1056.3618628766255,False,False,False,False
2025-07-03 19:00:00+00:00,21.285,21.285,21.285,21.285,0.0,,,,,,,,,,21.284194433555466,,,,,,,,,,,,20.555877979850592,20.36209579639606,20.375525710795927,20.479068067060815,"rgba(38, 166, 154, 1.0)",0.0,0.0,0.39775142765074756,20.52929950235002,1.8999315781552262,0.0,0.0,0.0,0.0,0.0,0.0,0.0,0.0,78.31310763163216,25.686141249438066,True,False,True,False,True,20.0,0,1.0229723394280357,0.8776371308016868,False,False,False,False,0.33995457667203305,0.3396581768440864,False,False,False,False,55000.0,38706.80928948605,False,False,False,False,1039.9841595762127,False,False,False,False
2025-07-04 14:00:00+00:00,21.285,21.285,21.285,21.285,0.0,,,,,,,,,,21.284194433555466,,,,,,,,,,,,20.555877979850592,20.36209579639606,20.375525710795927,20.479068067060815,"rgba(38, 166, 154, 1.0)",0.0,0.0,0.4066275272850527,20.52929950235002,1.858458778468828,0.0,0.0,0.0,0.0,0.0,0.0,0.0,0.0,78.42693695724326,26.063931951675684,True,False,True,False,True,20.0,0,1.0264400377714826,0.876770538243625,False,False,False,False,0.33995457667203305,0.3398063767580597,False,False,False,False,55000.0,38959.416897400995,False,False,False,False,1023.8603741564265,False,False,False,False
2025-07-04 15:00:00+00:00,21.285,21.285,21.285,21.285,0.0,,,,,,,,,,21.284194433555466,,,,,,,,,,,,20.555877979850592,20.36209579639606,20.375525710795927,20.479068067060815,"rgba(38, 166, 154, 1.0)",0.0,0.0,0.4146057717229187,20.52929950235002,1.822696520865161,0.0,0.0,0.0,0.0,0.0,0.0,0.0,0.0,78.50282317431731,26.395685028306005,True,False,True,False,True,20.0,0,1.033317467872442,0.8700618752974765,False,False,False,False,0.33995457667203305,0.3398804767150464,False,False,False,False,55000.0,39208.108108294,False,False,False,False,1007.9865699059392,False,False,False,False
2025-07-04 16:00:00+00:00,21.285,21.285,21.285,21.285,0.0,,,,,,,,,,21.284194433555466,,,,,,,,,,,,20.555877979850592,20.36209579639606,20.375525710795927,20.479068067060815,"rgba(38, 166, 154, 1.0)",0.0,0.0,0.4214487240780767,20.52929950235002,1.793101875686257,0.0,0.0,0.0,0.0,0.0,0.0,0.0,0.0,78.55341398570002,26.689257074506912,True,False,True,False,True,20.0,0,1.0418068236424793,0.8611244593945209,False,False,False,False,0.33995457667203305,0.3399175266935397,False,False,False,False,55000.0,39452.94364149874,False,False,False,False,992.3588711477075,False,False,False,False
2025-07-04 17:00:00+00:00,21.285,21.285,21.285,21.285,0.0,,,,,,,,,,21.284194433555466,,,,,,,,,,,,20.555877979850592,20.36209579639606,20.375525710795927,20.479068067060815,"rgba(38, 166, 154, 1.0)",0.0,0.0,0.42923934397306474,20.52929950235002,1.760557386597348,0.0,0.0,0.0,0.0,0.0,0.0,0.0,0.0,78.58714119328849,26.9496858280679,True,False,True,False,True,20.0,0,1.0343160947317545,0.8661188980183655,False,False,False,False,0.33995457667203305,0.3399360516827864,False,False,False,False,55000.0,39693.98327496387,False,False,False,False,976.9734622927043,False,False,False,False
2025-07-04 18:00:00+00:00,21.285,21.285,21.285,21.285,0.0,,,,,,,,,,21.284194433555466,,,,,,,,,,,,20.555877979850592,20.36209579639606,20.375525710795927,20.479068067060815,"rgba(38, 166, 154, 1.0)",0.0,0.0,0.4360614057097496,20.52929950235002,1.7330139465563872,0.0,0.0,0.0,0.0,0.0,0.0,0.0,0.0,78.60962599834747,27.180509356652223,True,False,True,False,True,20.0,0,1.0345498783454987,0.8661800486617994,False,False,False,False,0.33995457667203305,0.3399453141774097,False,False,False,False,55000.0,39931.285859848154,False,False,False,False,961.8265869083212,False,False,False,False
2025-07-04 19:00:00+00:00,21.285,21.285,21.285,21.285,0.0,,,,,,,,,,21.284194433555466,,,,,,,,,,,,20.555877979850592,20.36209579639606,20.375525710795927,20.479068067060815,"rgba(38, 166, 154, 1.0)",0.0,0.0,0.44234630353634286,20.52929950235002,1.7083911216359724,0.0,0.0,0.0,0.0,0.0,0.0,0.0,0.0,78.6246158683868,27.384501688411646,True,False,True,False,True,20.0,0,1.0337408312958434,0.8645476772616129,False,False,False,False,0.33995457667203305,0.33994994542472134,False,False,False,False,55000.0,40164.909334889264,False,False,False,False,946.9145468012155,False,False,False,False
2025-07-07 14:00:00+00:00,21.26,21.29,21.135,21.155,467.0,,,,,,,,,,21.276575088286346,,,,,,,,,,,,20.560156142216602,20.363831932723002,20.37656101695525,20.479897878713214,"rgba(239, 83, 80, 1.0)",0.0,0.0,0.4455237832500711,20.53180643305259,1.398788550414185,0.0,0.0,0.0,0.0,0.0,0.0,0.0,0.0,66.68497761764263,18.948489479992332,False,False,True,False,False,15.475206255096719,0,1.023809523809524,0.8639455782312916,False,False,False,False,0.2988630426580328,0.3194064940413771,False,False,False,False,54533.0,40387.670430472375,False,False,False,False,939.4740111918942,False,False,False,False
2025-07-07 15:00:00+00:00,21.15,21.16,21.025,21.055,901.0,,,,,,,,,,21.24920041215868,,,,,,,,,,,,20.566801234305174,20.366706251985953,20.37827494481144,20.48123996584537,"rgba(239, 83, 80, 1.0)",0.0,0.0,0.44611039719614476,20.534917413474943,1.165815882781113,0.0,0.0,0.0,0.0,0.0,0.0,0.0,0.0,54.6892569309938,8.716774904234114,False,True,False,False,False,11.897598345788705,0,1.014036786060019,0.8765730880929323,False,False,False,False,0.23287768594963784,0.2761420899955075,False,False,False,False,53632.0,40593.008873410785,False,False,False,False,938.8775148943454,False,False,False,False
2025-07-07 16:00:00+00:00,21.055,21.085,20.945,20.975,11.0,,,,,,,,,,21.24878028082086,,,,,,,,,,,,20.566869089499168,20.36673736293921,20.378293487901672,20.481254175095426,"rgba(239, 83, 80, 1.0)",0.0,0.0,0.44520872724018695,20.5349420892492,0.9884305581309824,0.0,0.0,0.0,0.0,0.0,0.0,0.0,0.0,44.61576192141812,0.6184925876563767,False,True,False,True,False,9.180298689531313,0,1.0029339853300734,0.897310513447432,False,False,False,False,0.19133008482591274,0.2337360874107101,False,False,False,False,53621.0,40794.99323196256,False,False,False,False,924.4918169890067,False,False,False,False
2025-07-07 17:00:00+00:00,20.98,21.07,20.975,21.015,0.0,,,,,,,,,,21.24878028082086,,,,,,,,,,,,20.566869089499168,20.36673736293921,20.378293487901672,20.481254175095426,"rgba(239, 83, 80, 1.0)",0.0,0.0,0.4444905171315097,20.5349420892492,1.080018340658477,0.0,0.0,0.0,0.0,0.0,0.0,0.0,0.0,40.47940002555563,-2.0802062217507142,False,True,False,True,False,10.213905796853343,0,1.0102689486552567,0.894865525672371,False,False,False,False,0.1953202412318421,0.2145281643212761,False,False,False,False,53621.0,40993.84605007167,False,False,False,False,910.1586105240608,False,False,False,False
2025-07-07 18:00:00+00:00,21.015,21.035,20.915,21.015,667.0,,,,,,,,,,21.22447724305167,,,,,,,,,,,,20.57081940989934,20.36857864210471,20.37939181024513,20.482092287156686,"rgba(239, 83, 80, 1.0)",0.0,0.0,0.4434566109167657,20.56503599834307,1.014674244514501,0.0,0.0,0.0,0.0,0.0,0.0,0.0,0.0,37.72182542831396,-3.9395347340445,False,True,False,True,False,10.213905796853343,0,1.0029197080291972,0.8978102189781014,False,False,False,False,0.17014736904069347,0.1923377666809848,False,False,False,False,53621.0,41189.61587875273,False,False,False,False,906.3887095857033,False,False,False,False
2025-07-07 19:00:00+00:00,21.015,21.025,20.94,20.995,251.0,,,,,,,,,,21.21640987520836,,,,,,,,,,,,20.572280995323045,20.369266859785093,20.3798029700602,20.48240592566174,"rgba(239, 83, 80, 1.0)",0.0,0.0,0.4418761393451124,20.565562646672035,0.9718500617942816,0.0,0.0,0.0,0.0,0.0,0.0,0.0,0.0,35.229835676220304,-5.940993610067807,False,True,False,True,False,9.522884010350285,0,1.0053268765133174,0.8958837772397088,False,False,False,False,0.1741070718044257,0.18322241924270524,False,False,False,False,53370.0,41378.45904342323,False,False,False,False,896.2276443208086,False,False,False,False
2025-07-08 14:00:00+00:00,21.065,21.185,20.98,21.18,600.0,,,,,,,,,,21.2088031837313,,,,,,,,,,,,20.57680277446052,20.371246480815383,20.380990936886736,20.483344485575003,"rgba(38, 166, 154, 1.0)",0.0,0.0,0.44250207919297924,20.57067070238019,1.3770088916442684,0.0,0.0,0.0,0.0,0.0,0.0,0.0,0.0,42.58630505481989,-5.940993610067807,False,True,False,True,True,14.178269990315787,0,1.0071428571428571,0.8838095238095232,False,False,False,False,0.22747503847829667,0.20534872886050096,False,False,False,False,53970.0,41573.67673267248,False,False,False,False,891.6349676646721,False,False,False,False
2025-07-08 15:00:00+00:00,21.185,21.285,21.16,21.23,200.0,,,,,,,,,,21.209198276212543,,,,,,,,,,,,20.578597986540007,20.372001270133165,20.381445289018302,20.4837110945791,"rgba(38, 166, 154, 1.0)",0.0,0.0,0.44351526782379597,20.572966048373026,1.481423525397118,0.0,0.0,0.0,0.0,0.0,0.0,0.0,0.0,48.992045755460055,-11.238803991761785,False,True,False,False,True,15.34794117191366,0,1.0222643297015632,0.8806252960682136,False,False,False,False,0.3044700898180148,0.2549094093392579,False,False,False,False,54170.0,41768.96856627446,False,False,False,False,880.911944910181,False,False,False,False
2025-07-08 16:00:00+00:00,21.23,21.265,21.155,21.16,0.0,,,,,,,,,,21.209198276212543,,,,,,,,,,,,20.578597986540007,20.372001270133165,20.381445289018302,20.4837110945791,"rgba(38, 166, 154, 1.0)",0.0,0.0,0.4429277390071699,20.572966048373026,1.3253492611296396,0.0,0.0,0.0,0.0,0.0,0.0,0.0,0.0,50.32750979886693,-10.079018227455322,False,True,False,False,True,12.932175536738018,0,1.016175071360609,0.8920076117982871,False,False,False,False,0.2974641406232685,0.2761867749812632,False,False,False,False,54170.0,41961.23261951052,False,False,False,False,867.2543953766898,False,False,False,False
2025-07-08 17:00:00+00:00,21.165,21.205,21.135,21.2,300.0,,,,,,,,,,21.208167627564023,,,,,,,,,,,,20.58108606613895,20.373071358463974,20.382089593048978,20.484226987698257,"rgba(38, 166, 154, 1.0)",0.0,0.0,0.4434691047264392,20.57545345342498,1.4083203089430094,0.0,0.0,0.0,0.0,0.0,0.0,0.0,0.0,52.532340264475785,-7.79084378597873,False,True,True,False,True,13.88501583810607,0,1.0114176974310183,0.8981921979067553,False,False,False,False,0.2752308346971479,0.27570880483920557,False,False,False,False,54470.0,42155.1669975026,False,False,False,False,858.4597535879038,False,False,False,False
2025-07-08 18:00:00+00:00,21.2,21.255,21.19,21.22,0.0,,,,,,,,,,21.208167627564023,,,,,,,,,,,,20.58108606613895,20.373071358463974,20.382089593048978,20.484226987698257,"rgba(38, 166, 154, 1.0)",0.0,0.0,0.443434811931197,20.57545345342498,1.4535316786879275,0.0,0.0,0.0,0.0,0.0,0.0,0.0,0.0,54.6490777751998,-5.419512519753582,False,True,True,False,True,14.359975678566489,0,1.0137636449928809,0.8936877076411958,False,False,False,False,0.3044700898180148,0.2900894473286102,False,False,False,False,54470.0,42346.09464095217,False,False,False,False,845.1503000439053,False,False,False,False
2025-07-08 19:00:00+00:00,21.22,21.245,21.175,21.185,2027.0,,,,,,,,,,21.206915732471973,,,,,,,,,,,,20.597961569248245,20.380420134179253,20.386533319602275,20.487800698727842,"rgba(38, 166, 154, 1.0)",0.0,0.0,0.4425927092783283,20.589722547815974,1.3449779892548552,0.0,0.0,0.0,0.0,0.0,0.0,0.0,0.0,54.46064932925221,-5.061100194977072,False,True,True,False,True,13.136828887516621,0,1.0109108159392788,0.8984819734345346,False,False,False,False,0.2974641406232685,0.29377679397593937,False,False,False,False,52443.0,42502.635809309504,False,False,False,False,863.4735512060153,False,False,False,False
2025-07-09 14:00:00+00:00,21.34,21.345,21.195,21.205,300.0,,,,,,,,,,21.20806345834103,,,,,,,,,,,,20.600568583174105,20.38155788362101,20.387224327741063,20.488360971277462,"rgba(38, 166, 154, 1.0)",0.0,0.0,0.44109709662235835,20.5918984704683,1.38994687162178,0.0,0.0,0.0,0.0,0.0,0.0,0.0,0.0,55.096976948231855,-3.7575572636627967,False,True,True,False,True,13.626665377718197,0,1.007497656982193,0.8903467666354262,False,False,False,False,0.331365853208789,0.31257132359236417,False,False,False,False,52743.0,42661.40114559928,False,False,False,False,854.7375271563095,False,False,False,False
2025-07-09 15:00:00+00:00,21.205,21.255,21.17,21.255,947.0,,,,,,,,,,21.209559868625952,,,,,,,,,,,,20.608391917805807,20.38504060105224,20.389343656912693,20.490073893596783,"rgba(38, 166, 154, 1.0)",0.0,0.0,0.44006692775182205,20.597929890140353,1.4931140433943353,0.0,0.0,0.0,0.0,0.0,0.0,0.0,0.0,57.30739350150725,-0.9869831973449976,False,True,True,False,True,14.841809125560193,0,1.014097744360902,0.8975563909774432,False,False,False,False,0.2988630426580328,0.30571718312519847,False,False,False,False,53690.0,42832.38717434968,False,False,False,False,856.1679530918706,False,False,False,False
2025-07-09 16:00:00+00:00,21.255,21.28,21.215,21.245,621.0,,,,,,,,,,21.211419100640093,,,,,,,,,,,,20.613579377647483,20.387362771137678,20.390760674479257,20.49122322434712,"rgba(38, 166, 154, 1.0)",0.0,0.0,0.4381983795267246,20.601960890818955,1.467461175633647,0.0,0.0,0.0,0.0,0.0,0.0,0.0,0.0,58.22769444513249,0.5315635282189533,False,False,True,False,True,14.480250234251798,0,1.0181644359464626,0.9153919694072652,False,False,False,False,0.31857022863859025,0.31214370588189433,False,False,False,False,53069.0,42991.09434994116,False,False,False,False,852.5219383152523,False,False,False,False
2025-07-09 17:00:00+00:00,21.245,21.31,21.235,21.295,937.0,,,,,,,,,,21.216239466906707,,,,,,,,,,,,20.621652660340118,20.39097799917876,20.392972830059747,20.493027033733153,"rgba(38, 166, 154, 1.0)",0.0,0.0,0.4359948962425801,20.60840145740583,1.5747857337581324,0.0,0.0,0.0,0.0,0.0,0.0,0.0,0.0,60.59007273937074,3.3484265301506966,False,False,True,False,True,15.697878486604878,0,1.0090778786430956,0.9159101767797416,False,False,False,False,0.3327940046243441,0.3224688552531192,False,False,False,False,54006.0,43161.868080949826,False,False,False,False,853.8316757057135,False,False,False,False
2025-07-09 18:00:00+00:00,21.29,21.325,21.265,21.315,614.0,,,,,,,,,,21.220000836620052,,,,,,,,,,,,20.62700833760903,20.393388505935427,20.394451720439204,20.49423699095157,"rgba(38, 166, 154, 1.0)",0.0,0.0,0.4319717833628158,20.61269436366927,1.6258136836240074,0.0,0.0,0.0,0.0,0.0,0.0,0.0,0.0,62.81041197767265,5.927267905915045,False,False,True,False,True,16.180903760685684,0,1.0100047641734156,0.9128156264888039,False,False,False,False,0.34282819711113527,0.33264852618212726,False,False,False,False,54620.0,43339.51353705913,False,False,False,False,850.1133551521365,False,False,False,False
2025-07-09 19:00:00+00:00,21.315,21.35,21.285,21.34,1921.0,,,,,,,,,,21.23271376948611,,,,,,,,,,,,20.64379383082335,20.401040075819125,20.39916594802765,20.498107987483895,"rgba(38, 166, 154, 1.0)",0.0,0.0,0.4253379684291286,20.626083725804953,1.6784682468666134,0.0,0.0,0.0,0.0,0.0,0.0,0.0,0.0,65.08521720728383,8.47935974341138,False,False,True,False,True,16.78570573388593,0,1.0109315589353607,0.9125475285171096,False,False,False,False,0.3428281980916263,0.3377383621368768,False,False,False,False,56541.0,43544.1877457869,False,False,False,False,866.716248870708,False,False,False,False
2025-07-10 14:00:00+00:00,21.44,21.635,21.44,21.565,146.0,,,,,,,,,21.546666666666667,21.235576442668,,,,,,,,,,,,20.64544101782315,20.401754758527186,20.399607602778524,20.498479189297502,"rgba(38, 166, 154, 1.0)",0.0,0.0,0.42721234461028823,20.627597637457008,2.194230514097412,0.0,0.0,0.0,0.0,0.0,0.0,0.0,0.0,70.89628635413649,14.151019703180168,True,False,True,False,True,20.0,0,1.0232883092687468,0.8914764788076379,False,False,False,False,0.3428282061640874,0.3402832841504821,False,False,False,False,56687.0,43747.95227685997,False,False,False,False,855.5423535393792,False,False,False,False
2025-07-10 15:00:00+00:00,21.565,21.62,21.525,21.535,0.0,,,,,,,,,21.546666666666667,21.235576442668,,,,,,,,,,,,20.64544101782315,20.401754758527186,20.399607602778524,20.498479189297502,"rgba(38, 166, 154, 1.0)",0.0,0.0,0.4277926478442365,20.627597637457008,2.121126595128831,0.0,0.0,0.0,0.0,0.0,0.0,0.0,0.0,73.12449739934988,16.33699843017679,True,False,True,False,True,20.0,0,1.0311049210770653,0.8913649025069629,False,False,False,False,0.3428282072397533,0.3415557456951177,False,False,False,False,56687.0,43948.55766791641,False,False,False,False,842.2781310038849,False,False,False,False
2025-07-10 16:00:00+00:00,21.535,21.595,21.535,21.575,400.0,,,,,,,,,21.562539682539683,21.243686530181165,,,,,,,,,,,,20.650030980475044,20.403745201248963,20.4008386989172,20.499515829489777,"rgba(38, 166, 154, 1.0)",0.0,0.0,0.4303065636714983,20.63181943449719,2.1918804989989584,0.0,0.0,0.0,0.0,0.0,0.0,0.0,0.0,75.22545498040672,18.47233152823614,True,False,True,False,True,20.0,0,1.0283985102420854,0.9008379888268148,False,False,False,False,0.33929414588821427,0.340424945791666,False,False,False,False,57087.0,44152.25444825879,False,False,False,False,835.4211057170029,False,False,False,False
2025-07-10 17:00:00+00:00,21.575,21.64,21.575,21.615,0.0,,,,,,,,,21.562539682539683,21.243686530181165,,,,,,,,,,,,20.650030980475044,20.403745201248963,20.4008386989172,20.499515829489777,"rgba(38, 166, 154, 1.0)",0.0,0.0,0.43649384173652356,20.63181943449719,2.25245002676642,0.0,0.0,0.0,0.0,0.0,0.0,0.0,0.0,77.20760395845456,20.548390877447616,True,False,True,False,True,20.0,0,1.0377622377622373,0.8927738927738919,False,False,False,False,0.3428282082685055,0.34162657703008575,False,False,False,False,57087.0,44352.79313898346,False,False,False,False,822.468840512088,False,True,False,False
2025-07-10 18:00:00+00:00,21.615,21.625,21.53,21.535,0.0,,,,,,,,,21.562539682539683,21.243686530181165,,,,,,,,,,,,20.650030980475044,20.403745201248963,20.4008386989172,20.499515829489777,"rgba(38, 166, 154, 1.0)",0.0,0.0,0.439268505381226,20.63181943449719,2.056101346758225,0.0,0.0,0.0,0.0,0.0,0.0,0.0,0.0,74.19374498416809,20.548390877447616,True,False,True,False,False,19.358045467979586,0,1.036211699164345,0.8890436397400178,False,False,False,False,0.3290462290227321,0.33533640302640894,False,False,False,False,57087.0,44550.22270272015,False,False,False,False,809.7173856204278,False,False,False,False
2025-07-10 19:00:00+00:00,21.535,21.575,21.515,21.53,229.0,,,,,,,,,21.555879569892475,21.24776415680147,,,,,,,,,,,,20.652557796898762,20.4048540259519,20.40152525853324,20.50009269369355,"rgba(38, 166, 154, 1.0)",0.0,0.0,0.4417085684696379,20.688505874746753,1.9050889779401938,0.0,0.0,0.0,0.0,0.0,0.0,0.0,0.0,71.93137326103854,20.548390877447616,True,False,True,False,False,19.172615073642188,0,1.0320037105751387,0.8965677179962885,False,False,False,False,0.31425054871914576,0.32479347587277735,False,False,False,False,56858.0,44741.04095539116,False,False,False,False,800.7140153007311,False,False,False,False
2025-07-11 14:00:00+00:00,21.295,21.335,21.255,21.315,101.0,,,,,,,,,21.526569634703197,21.24808933620037,,,,,,,,,,21.301666666666666,,20.65336961501789,20.405239848757212,20.401764465727332,20.500288650985333,"rgba(239, 83, 80, 1.0)",0.0,0.0,0.4401044409216488,20.685438129703762,1.430482884875773,0.0,0.0,0.0,0.0,0.0,0.0,0.0,0.0,62.55469481234688,19.77283334785477,False,False,True,False,False,11.696976164631604,0,1.0320366132723107,0.9002288329519441,False,False,False,False,0.20429063859233884,0.2645420572325581,False,False,False,False,56757.0,44927.334894067266,False,False,False,False,789.865735993743,False,False,False,False
2025-07-11 15:00:00+00:00,21.315,21.315,21.265,21.285,823.0,,,,,,,,,21.411167353345107,21.249974950185024,,,,,,,,,,21.289790764790766,,20.659775292146765,20.408324822749233,20.403680110688683,20.501855340214654,"rgba(239, 83, 80, 1.0)",0.0,0.0,0.43805340289035843,20.683545968740297,1.3730153156925533,0.0,0.0,0.0,0.0,0.0,0.0,0.0,0.0,55.542781566473366,13.582469550299301,False,True,True,False,False,10.728022057174883,0,1.0330123796423656,0.8963778083447951,False,False,False,False,0.20214847571426686,0.23334526647341247,False,False,False,False,55934.0,45097.98086470188,False,False,False,False,790.3794455132198,False,False,False,False
2025-07-11 16:00:00+00:00,21.285,21.315,21.245,21.305,500.0,,,,,,,,,21.383237835379717,21.25103662699511,,,,,,,,,,21.28927902621723,,20.663604227582844,20.410188544715492,20.404839891833664,20.502804118040157,"rgba(239, 83, 80, 1.0)",0.0,0.0,0.4358974071379517,20.685448601826288,1.421323889585877,0.0,0.0,0.0,0.0,0.0,0.0,0.0,0.0,51.60134659114813,10.239382200077102,False,True,False,False,False,11.21299125919533,0,1.0335016062413946,0.8953648462597511,False,False,False,False,0.19786961454660199,0.21560744051000724,False,False,False,False,56434.0,45273.73309935766,False,False,False,False,785.8774386060381,False,False,False,False
2025-07-11 17:00:00+00:00,21.305,21.355,21.295,21.33,373.0,,,,,,,,,21.375033696215652,21.25256661966229,,,,,,,,,,21.297039510294937,,20.666603782356816,20.411634216068553,20.40574056368598,20.503544883754902,"rgba(239, 83, 80, 1.0)",0.0,0.0,0.4298907780833659,20.687658606380662,1.4941967270923202,0.0,0.0,0.0,0.0,0.0,0.0,0.0,0.0,49.91612727330232,8.760105869724669,False,True,False,False,False,11.821054575837433,0,1.0413602941176467,0.8883272058823519,False,False,False,False,0.21718326269294766,0.21639535160147744,False,False,False,False,56807.0,45452.5434389025,False,False,False,False,779.4762380074949,False,False,False,False
2025-07-11 18:00:00+00:00,21.33,21.4,21.305,21.395,100.0,,,,,,,,,21.374720558882235,21.253182112417736,,,,,,,,,,21.300709892813213,,20.667451798642485,20.412037929450502,20.405992206588238,20.503752893978717,"rgba(239, 83, 80, 1.0)",0.0,0.0,0.42432185429939573,20.68839850919789,1.6652488756884594,0.0,0.0,0.0,0.0,0.0,0.0,0.0,0.0,51.075311563453084,8.760105869724669,False,True,False,False,False,13.379491108328576,0,1.0426214482126483,0.8831347387717682,False,False,False,False,0.2290641776058026,0.22272976460364002,False,False,False,False,56907.0,45630.13191271797,False,False,False,False,768.9417226895492,False,False,False,False
2025-07-11 19:00:00+00:00,21.395,21.405,21.31,21.31,3601.0,,,,,,,,,21.35574605451937,21.26757449147056,,,,,,,,,,21.32753516430217,,20.695632123871203,20.425976767167867,20.414733311368327,20.510962015850186,"rgba(239, 83, 80, 1.0)",0.0,0.0,0.415836484669184,20.70945619304349,1.44418257920362,0.0,0.0,0.0,0.0,0.0,0.0,0.0,0.0,49.025694847860336,7.551216447431358,False,True,False,False,False,10.563164115949345,0,1.0387773722627731,0.8854927007299261,False,False,False,False,0.23123109546262055,0.2269804300331303,False,False,False,False,53306.0,45749.13761949753,False,False,False,False,812.8496029579284,False,False,False,False
2025-07-14 14:00:00+00:00,21.26,21.275,21.15,21.195,1401.0,,,,,,,,,21.328529450091217,21.263949518549985,,,,,,,,,21.206666666666663,21.302990046866697,,20.70380937696305,20.43050453847981,20.41760124815932,20.513282997256738,"rgba(239, 83, 80, 1.0)",0.0,0.0,0.40593255996937055,20.713295193344717,1.1866621556340058,0.0,0.0,0.0,0.0,0.0,0.0,0.0,0.0,44.74747892846925,3.2238525878331785,False,True,False,True,False,6.957596584918189,0,1.0247971145175827,0.8963029756537413,False,False,False,False,0.16916546960307233,0.1980729498181013,False,False,False,False,51905.0,45844.57734632702,False,False,False,False,821.9682137647821,False,False,False,False
2025-07-14 15:00:00+00:00,21.195,21.235,21.115,21.185,1446.0,,,,,,,,,21.304715460526317,21.25899470370074,,,,,,,,,21.192276080084298,21.281389854204114,,20.711518971696947,20.434954398310097,20.42043409157825,20.515565117824302,"rgba(239, 83, 80, 1.0)",0.0,0.0,0.3960915127676062,20.716878424066998,1.1818520741888654,0.0,0.0,0.0,0.0,0.0,0.0,0.0,0.0,41.67015349239914,0.08375006726297585,False,True,False,True,False,6.652293445997547,0,1.0206185567010304,0.9036306588973546,False,False,False,False,0.1533401447638391,0.17570654729097018,False,False,False,False,50459.0,45916.11878281808,False,False,False,False,831.6431251792817,False,False,False,False
2025-07-14 16:00:00+00:00,21.185,21.215,21.135,21.185,1701.0,,,,,,,,,21.284848904907125,21.253853436754476,,,,,,,,,21.187061345646434,21.26394020837481,,20.720273477982843,20.440121667327322,20.42373961351416,20.51822971890204,"rgba(239, 83, 80, 1.0)",0.0,0.0,0.38470754072663693,20.721424865301252,1.205006623533151,0.0,0.0,0.0,0.0,0.0,0.0,0.0,0.0,39.61860320168573,-2.1393663914536987,False,True,False,True,False,6.652293445997547,0,1.0348574015391578,0.9022181982797638,False,False,False,False,0.15334014476384056,0.16452334602740537,False,False,False,False,50459.0,45986.55104975113,False,False,False,False,845.1215263392928,False,False,False,False
2025-07-14 17:00:00+00:00,21.185,21.205,21.145,21.175,1039.0,,,,,,,,,21.275225548060707,21.250898494794296,,,,,,,,,21.184818328262036,21.255603818974592,,20.725423420281007,20.443228640217036,20.425735679330874,20.51983862259209,"rgba(239, 83, 80, 1.0)",0.0,0.0,0.3775913468622805,20.724238618392786,1.1937810157805921,0.0,0.0,0.0,0.0,0.0,0.0,0.0,0.0,37.97768206338004,-4.055678979725336,False,True,False,True,False,6.336809664626294,0,1.0316455696202527,0.9018987341772144,False,False,False,False,0.1533401447638391,0.15893174539562221,False,False,False,False,49420.0,46039.78281642165,False,False,False,False,848.1273941479859,False,False,False,False
2025-07-14 18:00:00+00:00,21.175,21.245,21.175,21.225,500.0,,,,,,,,,21.2727892394822,21.250262582961334,,,,,,,,,21.18729751930343,21.253851388289455,,20.72807721078479,20.444795688663294,20.42674355359523,20.52065717212628,"rgba(239, 83, 80, 1.0)",0.0,0.0,0.3690453718535609,20.72591703155485,1.3523620847443927,0.0,0.0,0.0,0.0,0.0,0.0,0.0,0.0,39.38494573783395,-4.055678979725336,False,True,False,True,False,7.664199854781117,0,1.0370872908186337,0.898236092265942,False,False,False,False,0.1681079183335246,0.16351983186457342,False,False,False,False,49920.0,46099.941222368594,False,False,False,False,842.7300702077071,False,False,False,False
2025-07-14 19:00:00+00:00,21.22,21.245,21.185,21.245,731.0,,,,,,,,,21.27012069360629,21.249624846036074,,,,,,,,,21.19133983572895,21.252138952040706,,20.731984307103215,20.447104892009246,20.428231076441975,20.52186761362697,"rgba(239, 83, 80, 1.0)",0.0,0.0,0.3612191194445547,20.72847180671531,1.429958065561302,0.0,0.0,0.0,0.0,0.0,0.0,0.0,0.0,41.270360025942615,-4.055678979725336,False,True,False,True,True,8.191358317639306,0,1.04123244222927,0.8953330312641588,False,False,False,False,0.17022339583129556,0.16687161384793447,False,False,False,False,50651.0,46170.50027318458,False,False,False,False,840.9978210572,False,False,False,False
2025-07-15 14:00:00+00:00,21.185,21.25,21.085,21.085,312.0,,,,,,,,,21.267091695888976,21.248456273417837,,,,,,,,,21.189093267882186,21.24936833491712,,20.73334896659663,20.44797909092993,20.428796732145987,20.52232067807914,"rgba(239, 83, 80, 1.0)",0.0,0.0,0.3524068722423718,20.72916255788211,1.0097346849500726,0.0,0.0,0.0,0.0,0.0,0.0,0.0,0.0,37.92186621833347,-4.983553869543151,False,True,False,True,True,3.1940864274237484,0,1.0383574007220213,0.8925992779783386,False,False,False,False,0.1501844507176645,0.1585280322827995,False,False,False,False,50339.0,46235.1281759259,False,False,False,False,832.796304451662,False,False,False,False
2025-07-15 15:00:00+00:00,21.085,21.135,21.035,21.065,330.0,,,,,,,,,21.26255588727881,21.246559568453886,,,,,,,,,21.184193699731903,21.24501260482585,,20.734565075736533,20.448819145771335,20.42934225283048,20.52275138907468,"rgba(239, 83, 80, 1.0)",0.0,0.0,0.34325281571393385,20.729599726869697,0.9771231517291498,0.0,0.0,0.0,0.0,0.0,0.0,0.0,0.0,35.259126243589236,-7.775951117033941,False,True,False,True,False,2.5995235961855983,0,1.0407055630936224,0.8964269561284478,False,False,False,False,0.11565305939316838,0.13709054583798394,False,False,False,False,50009.0,46293.63781660922,False,False,False,False,825.0010129097757,False,False,False,False
2025-07-15 16:00:00+00:00,21.065,21.095,20.98,20.995,201.0,,,,,,,,,21.259105066743214,21.245053914988812,,,,,,,,,21.17997324109124,21.24162651670593,,20.735183765922294,20.449285110938956,20.429645954743574,20.522987466096005,"rgba(239, 83, 80, 1.0)",0.0,0.0,0.3348684291851259,20.729710527877096,0.7922200153907161,0.0,0.0,0.0,0.0,0.0,0.0,0.0,0.0,32.086801042974464,-10.992621357720111,False,True,False,True,False,0.547943571035713,0,1.0300957592339257,0.9115367077063375,False,False,False,False,0.09590036733321734,0.11649545658560065,False,False,False,False,49808.0,46348.12405201062,False,False,False,False,815.3265786010969,False,False,False,False
2025-07-15 17:00:00+00:00,20.99,21.015,20.965,20.975,3.0,,,,,,,,,21.259046064432802,21.24502773769978,,,,,,,,,21.179896920668057,21.241568024109814,,20.735191754247584,20.449291595884773,20.429650192728687,20.522990718125186,"rgba(239, 83, 80, 1.0)",0.0,0.0,0.32928981730966556,20.729710552564192,0.7449044414426508,0.0,0.0,0.0,0.0,0.0,0.0,0.0,0.0,29.602346772633336,-13.533834130645033,False,True,False,True,False,0.0,0,1.0372071658245285,0.9150206706476793,False,False,False,False,0.07622201023654267,0.09635873341107165,False,False,False,False,49805.0,46401.719027948435,False,False,False,False,802.7323680801496,False,False,False,False
2025-07-15 18:00:00+00:00,20.975,21.025,20.955,20.98,0.0,,,,,,,,,21.259046064432802,21.24502773769978,,,,,,,,,21.179896920668057,21.241568024109814,,20.735191754247584,20.449291595884773,20.429650192728687,20.522990718125186,"rgba(239, 83, 80, 1.0)",0.0,0.0,0.32152896272952375,20.729710552564192,0.7784351534339261,0.0,0.0,0.0,0.0,0.0,0.0,0.0,0.0,28.24671723621569,-15.06477891894341,False,True,False,True,False,0.11620028275557814,0,1.0371219065077903,0.9055912007332715,False,False,False,False,0.07622201023654133,0.0862903718238065,False,False,False,False,49805.0,46454.48307402675,False,False,False,False,790.2869050091396,False,False,False,False
2025-07-15 19:00:00+00:00,20.975,21.01,20.9,20.91,8.0,,,,,,,,,21.258863033345282,21.244945881274248,,,,,,,,,21.179646767466107,21.2413848392812,,20.735209217061367,20.449307435726734,20.429660577987804,20.522998545335057,"rgba(239, 83, 80, 1.0)",0.0,0.0,0.3144533795779239,20.72970537677721,0.5733588345108261,0.0,0.0,0.0,0.0,0.0,0.0,0.0,0.0,25.99294437362866,-17.472916410269036,False,True,False,True,False,0.0,0,1.0328767123287663,0.9086757990867571,False,False,False,False,0.061760625017629765,0.07402549842071814,False,False,False,False,49797.0,46506.305041871296,False,False,False,False,778.158425861711,False,False,False,False
2025-07-16 14:00:00+00:00,20.98,20.985,20.875,20.905,656.0,,,,,,,,,21.243713330137204,21.237985197098496,,,,,,,,,21.15932556836375,21.22621522252761,,20.73650381377758,20.450554433225623,20.430480192488357,20.52361120416546,"rgba(239, 83, 80, 1.0)",0.0,0.0,0.3048360214936062,20.72915909935758,0.5768376708922124,0.0,0.0,0.0,0.0,0.0,0.0,0.0,0.0,24.400300192402142,-19.2664551044097,False,True,False,True,False,0.0,0,1.0303992740471863,0.9088021778584384,False,False,False,False,0.051447187755008617,0.06273634308786338,False,False,False,False,49141.0,46547.153025718246,False,False,False,False,776.2644967785836,False,False,False,False
2025-07-16 15:00:00+00:00,20.905,20.945,20.735,20.885,1023.0,,,,,,,,,21.218261862092504,21.225543347094312,,,,,,,,,21.12603233165793,21.200640896132178,,20.737773083433677,20.45221264805449,20.43158016579999,20.524403481547562,"rgba(239, 83, 80, 1.0)",0.0,0.0,0.29185586656241413,20.745200232511607,0.4790027664511519,0.0,0.0,0.0,0.0,0.0,0.0,0.0,0.0,22.959525136331273,-20.945054931266064,False,True,False,True,False,0.0,0,1.020179372197309,0.9143497757847526,True,False,False,False,0.014393495804545072,0.03856491944620423,False,False,False,False,48118.0,46571.50724237377,True,False,False,False,780.0898534176754,False,False,False,False
2025-07-16 16:00:00+00:00,20.885,20.935,20.845,20.935,804.0,,,,,,,,,21.202930565700832,21.217563014801506,,,,,,,,,21.108532578368617,21.185455610213168,,20.739169115382087,20.45366696229064,20.4325422820556,20.52511726981071,"rgba(239, 83, 80, 1.0)",0.0,0.0,0.2811790971689325,20.74568724561307,0.6732817492233069,0.0,0.0,0.0,0.0,0.0,0.0,0.0,0.0,25.488743124327584,-20.945054931266064,False,True,False,True,False,0.0,0,1.0345291479820622,0.9134529147982053,False,False,False,False,0.034967493205324836,0.036766206325764536,False,False,False,False,48922.0,46607.948990554025,False,False,False,False,780.4605533646882,False,False,False,False
2025-07-16 17:00:00+00:00,20.935,20.975,20.925,20.965,400.0,,,,,,,,,21.19703727913794,21.214350645378353,,,,,,,,,21.102714195483973,21.179713241554023,,20.740061817755674,20.454466798022754,20.43306999446991,20.525518001326766,"rgba(239, 83, 80, 1.0)",0.0,0.0,0.26816317138365275,20.74638769598549,0.8152212061280703,0.0,0.0,0.0,0.0,0.0,0.0,0.0,0.0,29.055603692785205,-26.92372093628841,False,True,False,True,True,0.0,0,1.0467415730337075,0.9051685393258415,False,False,False,False,0.059696957554106485,0.048231581939935514,False,False,False,False,49322.0,46650.02730077799,False,False,False,False,774.5619401342278,False,False,False,False
2025-07-16 18:00:00+00:00,20.96,21.005,20.935,21.005,207.0,,,,,,,,,21.19442021328637,21.212886690374148,,,,,,,,,21.100385925788263,21.17719198441985,,20.740577854361856,20.454901710338422,20.433356598792578,20.52573794466245,"rgba(239, 83, 80, 1.0)",0.0,0.0,0.252880112605566,20.746853127958452,1.020827100168986,0.0,0.0,0.0,0.0,0.0,0.0,0.0,0.0,33.74387668322908,-22.48238709074687,False,True,False,True,True,1.035922819748123,0,1.047169811320754,0.9020664869721465,False,False,False,False,0.06795485168633514,0.058093216813135326,False,False,False,False,49529.0,46694.66253642484,False,False,False,False,765.7625302096661,False,False,False,False
2025-07-16 19:00:00+00:00,21.005,21.04,20.965,20.99,519.0,,,,,,,,,21.188622726064335,21.209554757630155,,,,,,,,,21.09569083710073,21.171659614200294,,20.741950821915466,20.456023395534068,20.43409567402573,20.526308589872393,"rgba(239, 83, 80, 1.0)",0.0,0.0,0.23753852224345093,20.748058900420524,1.0185341615096482,0.0,0.0,0.0,0.0,0.0,0.0,0.0,0.0,36.239602166808325,-20.145224657304006,False,True,False,True,True,0.5692379828421181,0,1.053459119496855,0.896226415094339,False,False,False,False,0.08139419853999962,0.06974370767656747,False,False,False,False,49010.0,46730.55924128647,False,False,False,False,761.9367545475008,False,False,False,False
2025-07-17 14:00:00+00:00,21.085,21.14,20.955,21.015,200.0,,,,,,,,,21.186910930870038,21.208526274043223,,,,,,,,,21.09466263101356,21.170069497614705,,20.742554531332686,20.456484875458987,20.434399279829407,20.52654595247392,"rgba(239, 83, 80, 1.0)",0.0,0.0,0.2181304056612176,20.748672200310118,1.2209567890481137,0.0,0.0,0.0,0.0,0.0,0.0,0.0,0.0,39.390629044509645,-17.155387746495606,False,True,False,True,True,1.3381386398460293,0,1.0536585365853652,0.8847006651884691,False,False,False,False,0.10005212281043266,0.08489791524350007,False,False,False,False,49210.0,46769.00018328203,False,False,False,False,753.2245568025783,False,False,False,False
2025-07-17 15:00:00+00:00,21.015,21.105,20.97,21.095,101.0,,,,,,,,,21.186174180901705,21.2080714292775,,,,,,,,,21.094331289932654,21.169398907103826,,20.742879133584353,20.45672566816952,20.434557572124643,20.52667043301361,"rgba(239, 83, 80, 1.0)",0.0,0.0,0.19906622104318564,20.749021671749077,1.7380062093802706,0.0,0.0,0.0,0.0,0.0,0.0,0.0,0.0,45.3768649254656,-11.609096360806511,False,False,False,True,True,3.741817320563271,0,1.0568281938325987,0.8889867841409684,False,False,False,False,0.09590036733321734,0.09039914128835871,False,False,False,False,49311.0,46808.41103315362,False,False,False,False,743.1125481699801,False,False,False,False
2025-07-17 16:00:00+00:00,21.095,21.095,21.005,21.035,1003.0,,,,,,,,,21.17866555308092,21.203361123910454,,,,,,,,,21.0903996821613,21.16249894007263,,20.745948105611767,20.459060164010538,20.436095766747787,20.52787630355713,"rgba(239, 83, 80, 1.0)",0.0,0.0,0.17916535721305002,20.75169766696693,1.5812338804771755,0.0,0.0,0.0,0.0,0.0,0.0,0.0,0.0,46.43647067873577,-10.657577208383259,False,False,False,True,True,1.8233166161570047,0,1.057964601769911,0.8977876106194687,False,False,False,False,0.10109059350949828,0.0957448673989285,False,False,False,False,48308.0,46831.66047450007,False,False,False,False,747.1418109890501,False,False,False,False
2025-07-17 17:00:00+00:00,21.035,21.08,21.005,21.045,586.0,,,,,,,,,21.17458693341562,21.200705324270743,,,,,,,,,21.08830562093488,21.158758458764083,,20.747702626059233,20.460411676548226,20.436988420426786,20.528575974680717,"rgba(239, 83, 80, 1.0)",0.0,0.0,0.1729264020923218,20.75299213252672,1.6886251257189968,0.0,0.0,0.0,0.0,0.0,0.0,0.0,0.0,47.62210943589413,-9.375915835998,False,False,False,False,True,2.125281259308128,0,1.0561201944321692,0.901016349977905,False,False,False,False,0.09797582421289665,0.09686034580591257,False,False,False,False,48894.0,46863.634730709375,False,False,False,False,744.6434883380571,False,False,False,False
2025-07-17 18:00:00+00:00,21.045,21.125,21.04,21.125,1800.0,,,,,,,,,21.16798476432561,21.19565898679601,,,,,,,,,21.089310889942777,21.153298239614376,,20.75391409971158,20.464900529395017,20.439953762552015,20.530934752587715,"rgba(239, 83, 80, 1.0)",0.0,0.0,0.1723143210104143,20.75829556007954,2.1281135414061056,0.0,0.0,0.0,0.0,0.0,0.0,0.0,0.0,51.76251934197063,-5.308171435908257,False,False,True,False,True,4.500128130276064,0,1.058927000879507,0.8948988566402808,False,False,False,False,0.11461133459687461,0.1057358402013936,False,False,False,False,50694.0,46923.02023876039,False,False,False,False,761.0056047979322,False,False,False,False
2025-07-17 19:00:00+00:00,21.125,21.18,21.115,21.155,1083.0,,,,,,,,,21.167112390080767,21.19436428141282,,,,,,,,,21.093404966571153,21.15313250123732,,20.758111041536218,20.46779636662153,20.441868954163695,20.532477440786085,"rgba(239, 83, 80, 1.0)",0.0,0.0,0.16902041563360326,20.762118066900335,2.324464365011042,0.0,0.0,0.0,0.0,0.0,0.0,0.0,0.0,55.56377768980049,-1.6507172155777496,True,False,True,False,True,5.36842874291936,0,1.0662571303203152,0.8903027643703373,False,False,False,False,0.14178358647343933,0.12375971333741646,False,False,False,False,51777.0,46998.27573893465,False,False,False,False,765.9977659638557,False,False,False,False
2025-07-18 14:00:00+00:00,21.25,21.265,21.085,21.095,1635.0,,,,,,,,,21.16583103803244,21.19247464095611,,,,,,,,,21.098482013303936,21.152794094391975,,20.764255061326555,20.472111547192455,20.44473405746232,20.534785672149937,"rgba(239, 83, 80, 1.0)",0.0,0.0,0.1673743444235895,20.798498013582996,1.7714900538556724,0.0,0.0,0.0,0.0,0.0,0.0,0.0,0.0,54.948977834473,-1.6507172155777496,True,False,True,False,True,3.3978674445709736,0,1.0668414154652681,0.8877238968982083,False,False,False,False,0.15334014476384056,0.13854992905062852,False,False,False,False,50142.0,47047.015649958914,False,False,False,False,779.4706688171293,False,False,False,False
2025-07-18 15:00:00+00:00,21.095,21.16,21.085,21.135,1172.0,,,,,,,,,21.16400480093366,21.19059349593496,,,,,,,,,21.100233373981588,21.151537008908413,,20.768299687346254,20.4750731978504,20.44671075682888,20.536371584774358,"rgba(239, 83, 80, 1.0)",0.0,0.0,0.1662635756160437,20.800951482009317,2.0091503310509222,0.0,0.0,0.0,0.0,0.0,0.0,0.0,0.0,56.0949829325718,-0.7294284158687105,True,False,True,False,True,4.572572830093026,0,1.0690257754477934,0.8899082568807333,False,False,False,False,0.13131025040264666,0.1349300897266376,False,False,False,False,51314.0,47113.17044608358,False,False,False,False,785.5563948819799,False,False,False,False
2025-07-18 16:00:00+00:00,21.135,21.14,21.065,21.075,1321.0,,,,,,,,,21.160475902475902,21.187557634901506,,,,,,,,,21.099781736200576,21.148542964693668,,20.772337543259106,20.478210272266935,20.448816515631087,20.538048595361506,"rgba(239, 83, 80, 1.0)",0.0,0.0,0.16482130645980955,20.80270599232439,1.6520558750819334,0.0,0.0,0.0,0.0,0.0,0.0,0.0,0.0,54.02839427509534,-0.7294284158687105,True,False,True,False,True,2.623354035751742,0,1.0646701388888884,0.8880208333333328,False,False,False,False,0.12295226381687946,0.12894117677175854,False,False,False,False,49993.0,47157.81896629934,False,False,False,False,793.8578461241198,False,False,False,False
2025-07-18 17:00:00+00:00,21.075,21.115,21.045,21.095,529.0,,,,,,,,,21.15899625704121,21.18629152080902,,,,,,,,,21.099404181352906,21.14726041944879,,20.77388527581528,20.479440719785547,20.44964508144721,20.538707296916993,"rgba(239, 83, 80, 1.0)",0.0,0.0,0.16464641338789268,20.8033974007566,1.7710838228610957,0.0,0.0,0.0,0.0,0.0,0.0,0.0,0.0,53.514459441754,-0.7294284158687105,True,False,True,False,True,3.22141403764606,0,1.0625539257981014,0.8908541846419323,False,False,False,False,0.11356985740859507,0.1212555170901768,False,False,False,False,50522.0,47209.97681178307,False,False,False,False,789.7515229283969,False,False,False,False
2025-07-18 18:00:00+00:00,21.095,21.105,21.03,21.055,654.0,,,,,,,,,21.15673257833418,21.184443078031137,,,,,,,,,21.098300023402764,21.145217151224113,,20.77564588584343,20.480900853190995,20.450631623925297,20.53948724506028,"rgba(239, 83, 80, 1.0)",0.0,0.0,0.1653513049664543,20.80397363957933,1.5181395784665725,0.0,0.0,0.0,0.0,0.0,0.0,0.0,0.0,51.34813794056662,-0.7294284158687105,False,False,False,False,False,1.9241953792076245,1,1.0608658379768532,0.8924132018859832,False,False,False,False,0.10836610356192139,0.11481081032604909,False,False,False,False,49868.0,47251.18647361588,False,False,False,False,787.6468481543131,False,False,False,False
2025-07-18 19:00:00+00:00,21.055,21.095,21.045,21.085,1252.0,,,,,,,,,21.153190550363448,21.181381527988798,,,,,,,,,21.097010213556178,21.142090283952815,,20.779091577718326,20.483731403962764,20.452547206954186,20.541007015595195,"rgba(239, 83, 80, 1.0)",0.0,0.0,0.16557230803864662,20.80557442649397,1.6876347066491968,0.0,0.0,0.0,0.0,0.0,0.0,0.0,0.0,51.33169295335006,-0.7294284158687105,True,False,False,False,False,2.840034162384896,1,1.061886470337174,0.8937259923175412,False,False,False,False,0.10940637784794797,0.11210859408699853,False,False,False,False,51120.0,47311.1680786761,False,False,False,False,794.8461218263393,False,False,False,False
2025-07-21 14:00:00+00:00,21.12,21.16,21.065,21.1,5861.0,,,,,,,,,21.145625065945346,21.172923194447186,,,,,,,,,21.09934060210221,21.136267070873558,,20.795925323353572,20.497358482137876,20.46183252001093,20.54844536759267,"rgba(239, 83, 80, 1.0)",0.0,0.0,0.16585098597718614,20.816802297422694,1.7075430749399552,0.0,0.0,0.0,0.0,0.0,0.0,0.0,0.0,52.0268171584373,-0.7294284158687105,True,False,False,False,False,3.298511134397625,1,1.0630821337849274,0.8890770533446227,False,False,False,False,0.12712904880160736,0.11961882144430294,False,False,False,False,56981.0,47461.0879534253,False,False,False,False,873.3911431933728,False,False,False,False
2025-07-21 15:00:00+00:00,21.1,21.115,21.075,21.115,3184.0,,,,,,,,,21.141935503712492,21.168706157878102,,,,,,,,,21.099574516244502,21.13330238607822,,20.8041880418053,20.50443699684234,20.46671651595207,20.55235793323777,"rgba(239, 83, 80, 1.0)",0.0,0.0,0.16606107093275788,20.82217707424918,1.7633447990311366,0.0,0.0,0.0,0.0,0.0,0.0,0.0,0.0,53.21458744006358,-0.7294284158687105,True,False,True,False,False,3.7603779281120495,1,1.0637130801687757,0.8932489451476789,False,False,False,False,0.11982248170944655,0.11972065157687475,False,False,False,False,60165.0,47658.04783011638,False,False,False,False,909.2145363221578,False,False,False,False
2025-07-21 16:00:00+00:00,21.115,21.135,21.065,21.085,1601.0,,,,,,,,,21.140034862741132,21.166576206635135,,,,,,,,,21.099354337652446,21.131720328852886,,20.808086899966785,20.507894939276692,20.4691187652994,20.554280815954883,"rgba(239, 83, 80, 1.0)",0.0,0.0,0.16644147850166682,20.824662941845695,1.5641356980117125,0.0,0.0,0.0,0.0,0.0,0.0,0.0,0.0,52.24625318088922,-0.7294284158687105,True,False,True,False,False,2.738431199642509,1,1.0632427843803052,0.9006791171477072,False,False,False,False,0.12190873977560904,0.1208146956762419,False,False,False,False,58564.0,47827.132359882016,False,False,False,False,919.9398923481708,False,False,False,False
2025-07-21 17:00:00+00:00,21.085,21.115,21.085,21.095,1466.0,,,,,,,,,21.138543851519437,21.164816973810694,,,,,,,,,21.099311238446255,21.130503600401056,,20.811606842980403,20.51104374930276,20.471314025447136,20.556040423851414,"rgba(239, 83, 80, 1.0)",0.0,0.0,0.16636432938026405,20.826969860334355,1.6111034178065853,0.0,0.0,0.0,0.0,0.0,0.0,0.0,0.0,52.170418390211104,-0.7294284158687105,True,False,True,False,False,3.0559489613221977,1,1.0651340996168577,0.8978288633461045,False,False,False,False,0.12190873977560904,0.12136171772592547,False,False,False,False,60030.0,48016.324106240434,False,False,False,False,928.4059405288192,False,False,False,False
2025-07-21 18:00:00+00:00,21.095,21.105,21.055,21.055,806.0,,,,,,,,,21.13725455255772,21.163515188819918,,,,,,,,,21.098684208057783,21.12934788259856,,20.813329334067447,20.512682724091828,20.472463402352016,20.55695567354796,"rgba(239, 83, 80, 1.0)",0.0,0.0,0.1665921004369133,20.8279519119782,1.362898285250808,0.0,0.0,0.0,0.0,0.0,0.0,0.0,0.0,49.795724071421986,-0.7294284158687105,True,False,False,False,False,1.6807021859229714,1,1.0638026371756693,0.8953636750319006,False,False,False,False,0.11356985740859507,0.11746578756726027,False,False,False,False,59224.0,48190.08652319794,False,False,False,False,926.5081740089926,False,False,False,False
2025-07-21 19:00:00+00:00,21.055,21.055,20.955,20.975,4254.0,,,,,,,,,21.12411680633349,21.15193942966025,,,,,,,,,21.087598917623797,21.116728016134136,,20.81946565774464,20.52001175796804,20.477690599199043,20.561021373880312,"rgba(239, 83, 80, 1.0)",0.0,0.0,0.16780976466574138,20.84973474985935,0.7464717586021574,0.0,0.0,0.0,0.0,0.0,0.0,0.0,0.0,44.733450996836396,-1.086894994145723,False,False,False,True,False,0.0,0,1.0563798219584564,0.9003815175921998,False,False,False,False,0.08242914902940339,0.09994746829833183,False,False,False,False,54970.0,48295.20146082278,False,False,False,False,978.0971945669927,False,False,False,False
2025-07-22 14:00:00+00:00,21.27,21.275,21.165,21.235,224.0,,,,,,,,21.224999999999998,21.12460502815826,21.15220274488351,,,,,,,,,21.08836811369638,21.11726091860576,,20.82018565340646,20.520575394275987,20.47808403548973,20.56134572076979,"rgba(38, 166, 154, 1.0)",0.0,0.0,0.16747200922520816,20.85095674763636,2.2931787475433993,0.0,0.0,0.0,0.0,0.0,0.0,0.0,0.0,51.35539666267055,-3.4736674540794112,True,False,False,False,True,6.862223334060747,1,1.0564081294068846,0.8855246785566153,False,False,False,False,0.1723403834441533,0.13614392587124258,False,False,False,False,55194.0,48402.159577709244,False,False,False,False,966.405765193861,False,False,False,False
2025-07-22 15:00:00+00:00,21.235,21.305,21.205,21.295,1202.0,,,,,,,,21.26152641421225,21.12824302981806,21.154406062232322,,,,,,,,,21.09361664442557,21.12114825280614,,20.82441488902323,20.523769691778803,20.480310262017074,20.563194082539027,"rgba(38, 166, 154, 1.0)",0.0,0.0,0.1675640256819973,20.857703331255845,2.6097288303042903,0.0,0.0,0.0,0.0,0.0,0.0,0.0,0.0,57.025560372962794,1.4070199809050763,True,False,True,False,True,8.479141985077906,0,1.0595287308805286,0.8850764778834226,False,False,False,False,0.18720332231615758,0.16167362409370006,False,False,False,False,56396.0,48526.09508813236,False,False,False,False,970.058388989305,False,False,False,False
2025-07-22 16:00:00+00:00,21.295,21.315,21.275,21.3,1156.0,,,,,,,,21.277259230570618,21.132245532165662,21.156955329923008,,,,,,,,,21.099156419878373,21.12538688921849,,20.828662491084742,20.526932032958875,20.482516047928343,20.565033675841146,"rgba(38, 166, 154, 1.0)",0.0,0.0,0.1677047759962317,20.863742070477393,2.6013446959459894,0.0,0.0,0.0,0.0,0.0,0.0,0.0,0.0,60.90981310965253,4.622324243411185,True,False,True,False,True,8.613102024449802,0,1.0673876871880195,0.8864392678868548,False,False,False,False,0.20429063859233884,0.18298213134301944,False,False,False,False,57552.0,48666.03159839387,False,False,False,False,972.9412046638894,False,False,False,False
2025-07-22 17:00:00+00:00,21.3,21.355,21.285,21.325,131.0,,,,,,,,21.279403489372157,21.13275427985648,21.157289130221788,,,,,,,,,21.099842242717987,21.12592256944444,,20.829164477366,20.5273003496483,20.48277291236333,20.565248663362535,"rgba(38, 166, 154, 1.0)",0.0,0.0,0.16811854997858278,20.864435349619566,2.7395230950963274,0.0,0.0,0.0,0.0,0.0,0.0,0.0,0.0,64.04880997473367,7.270793953156343,True,False,True,False,True,9.288258334584764,0,1.0746766791823108,0.8756779307467664,False,False,False,False,0.2150296603737414,0.1990058958583804,False,False,False,False,57683.0,48805.82955810869,False,False,False,False,959.8878526535965,False,False,False,False
2025-07-22 18:00:00+00:00,21.325,21.405,21.325,21.385,200.0,,,,,,,,21.285738070717475,21.133729930236512,21.157950370907294,,,,,,,,,21.101115365400524,21.12694225449516,,20.830006505970488,20.527897359753485,20.483188124176703,20.565598333495895,"rgba(38, 166, 154, 1.0)",0.0,0.0,0.16938061516256006,20.865652150757786,3.0661587144655305,0.0,0.0,0.0,0.0,0.0,0.0,0.0,0.0,67.3721441455809,10.218977968366914,True,False,True,False,True,10.885115190722178,0,1.0857023411371234,0.8637123745819393,False,False,False,False,0.23039984037626762,0.21470286811732403,False,False,False,False,57883.0,48946.56088278918,False,False,False,False,948.1066456357112,False,False,False,False
2025-07-22 19:00:00+00:00,21.385,21.41,21.365,21.395,1629.0,,,,,,,,21.323131880228974,21.14197955365847,21.16363727997593,,,,,,,,,21.111730805380734,21.1355420872718,,20.83699757315656,20.5328337211564,20.486625119534274,20.568499663695334,"rgba(38, 166, 154, 1.0)",0.0,0.0,0.17078944942850127,20.875240722972862,3.04327508968713,0.0,0.0,0.0,0.0,0.0,0.0,0.0,0.0,69.78513430659375,12.436699660759572,True,False,True,False,True,11.148999392422837,0,1.0904074702886244,0.871392190152801,False,False,False,False,0.23458789843503663,0.22464538327618033,False,False,False,False,59512.0,49110.36614042035,False,False,False,False,958.6631317498861,False,False,False,False
2025-07-23 14:00:00+00:00,21.48,21.555,21.47,21.49,738.0,,,,,,,21.505,21.348552083333335,21.14719768091101,21.167385727889535,,,,,,,,,21.118170545903688,21.140934140183646,,20.840754428212534,20.535349072567836,20.488370779339917,20.56999043021603,"rgba(38, 166, 154, 1.0)",0.0,0.0,0.1741083332634209,20.880507595804637,3.5006503868669894,0.0,0.0,0.0,0.0,0.0,0.0,0.0,0.0,73.05179931921819,15.545663738038016,True,False,True,False,True,13.598790098585013,0,1.0764063811922748,0.8635600335852219,False,False,False,False,0.293950899264941,0.25929814127056067,False,False,False,False,60250.0,49283.07364211926,False,False,False,False,955.2419979243065,False,False,False,False
2025-07-23 15:00:00+00:00,21.49,21.515,21.425,21.475,1722.0,,,,,,,21.481666666666666,21.37882962010854,21.157727147092814,21.174987233425213,,,,,,,,,21.131179892144498,21.151825941721327,,20.84892646081713,20.54096787870763,20.492288011881918,20.57332714423041,"rgba(38, 166, 154, 1.0)",0.0,0.0,0.17698190470963268,20.89099320080527,3.2998107922552276,0.0,0.0,0.0,0.0,0.0,0.0,0.0,0.0,74.33742633868319,16.902044880182274,True,False,True,False,True,13.054470136859319,0,1.0701680672268905,0.8752100840336129,False,False,False,False,0.2725314664112543,0.2659148038409075,False,False,False,False,58528.0,49426.40583371431,False,False,False,False,967.1297188867203,False,False,False,False
2025-07-23 16:00:00+00:00,21.475,21.535,21.47,21.505,1319.0,,,,,,,21.489229072946987,21.398565276609382,21.166109445966566,21.181152282120266,,,,,,,,,21.141382976512155,21.160474618216185,,20.85535530745397,20.545371204841715,20.4953637842542,20.575955817277464,"rgba(38, 166, 154, 1.0)",0.0,0.0,0.18045418175195274,20.89895176942911,3.3584604395809734,0.0,0.0,0.0,0.0,0.0,0.0,0.0,0.0,75.73596181518685,18.503424705890353,True,False,True,False,True,13.821529551914743,0,1.067319982956966,0.8845334469535574,False,False,False,False,0.2888880660730139,0.2774014349569607,False,False,False,False,59847.0,49587.96543319161,False,False,False,False,972.585072082275,False,False,False,False
2025-07-23 17:00:00+00:00,21.505,21.555,21.475,21.49,762.0,,,,,,,21.492155178741832,21.407634225109177,21.17081530510472,21.184645289696903,,,,,,,,,21.147078388443276,21.165326528109862,,20.859030890347043,20.547905524705783,20.497138024346842,20.577473102061298,"rgba(38, 166, 154, 1.0)",0.0,0.0,0.18374894741394038,20.903357714018476,3.1926293687003504,0.0,0.0,0.0,0.0,0.0,0.0,0.0,0.0,75.6719230639849,18.85210394743089,True,False,True,False,True,13.26389962591728,0,1.063593683311993,0.8834827144686298,False,False,False,False,0.295218890556099,0.2863101627565299,False,False,False,False,59085.0,49735.20627918864,False,False,False,False,969.3201872437902,False,False,False,False
2025-07-23 18:00:00+00:00,21.49,21.515,21.475,21.475,792.0,,,,,,,21.49158759922495,21.414106497890295,21.1753109748467,21.187995023420562,,,,,,,,,21.15252043733891,21.169964166153026,,20.862700562517485,20.550475398542357,20.49894216081471,20.57901387634098,"rgba(38, 166, 154, 1.0)",0.0,0.0,0.18589854832764563,20.907594987921915,3.0522293863104153,0.0,0.0,0.0,0.0,0.0,0.0,0.0,0.0,74.59522832425851,18.85210394743089,True,False,True,False,True,12.702061057164546,0,1.064502349423323,0.8816744980777441,False,False,False,False,0.2851003890933699,0.2857052759249499,False,False,False,False,58293.0,49867.88525160432,False,False,False,False,966.571037053964,False,False,False,False
2025-07-23 19:00:00+00:00,21.475,21.575,21.475,21.55,2752.0,,,,,,,21.505797155225725,21.44009147065811,21.192099087279274,21.20074227080679,,,,,,,,,21.172514276811146,21.187231009197546,,20.876019328377954,20.559720166746995,20.505443159966916,20.584590342966827,"rgba(38, 166, 154, 1.0)",0.0,0.0,0.18842550562815907,20.967227351730365,3.0928543687694035,0.0,0.0,0.0,0.0,0.0,0.0,0.0,0.0,75.60106838297465,19.64027851488271,True,False,True,False,True,14.661653566330987,0,1.064173395665108,0.8763280917977049,False,False,False,False,0.30030014010794137,0.2930027080164456,False,False,False,False,61045.0,50041.17385235464,False,False,False,False,994.2521062469258,False,False,False,False
2025-07-24 14:00:00+00:00,21.38,21.435,21.34,21.395,954.0,,,,,,,21.493575616771768,21.436572785509163,21.195264546272544,21.2031334013164,,,,,,,,21.39,21.176401879957524,21.190517032456796,,20.879533688349913,20.562418626412256,20.507366144674943,20.586218526154852,"rgba(38, 166, 154, 1.0)",0.0,0.0,0.18834372928350154,20.968571487349486,2.2640972134975548,0.0,0.0,0.0,0.0,0.0,0.0,0.0,0.0,68.41348133967662,24.579547794227565,True,False,True,False,False,9.084020737401946,0,1.04817762882279,0.8810222036028483,False,False,False,False,0.23162113250417773,0.2623119202603117,False,False,False,False,60091.0,50196.98511045766,False,False,False,False,993.6280425841828,False,False,False,False
2025-07-24 15:00:00+00:00,21.395,21.415,21.315,21.325,634.0,,,,,,,21.484274440883556,21.43278590690585,21.19690960067688,21.204370154402465,,,,,,,,21.37469563392108,21.17845946596548,21.19223409857372,,20.881669366001226,20.56411964405707,20.50858418322842,20.58724550150563,"rgba(38, 166, 154, 1.0)",0.0,0.0,0.1873938137759576,20.969313612970385,1.898068990979937,0.0,0.0,0.0,0.0,0.0,0.0,0.0,0.0,61.21362179581692,17.984408561905553,True,False,True,False,False,6.740752135561436,0,1.045492487479132,0.8848080133555921,False,False,False,False,0.2206000518384468,0.24145598604937923,False,False,False,False,59457.0,50340.551232776146,False,False,False,False,988.0524140169862,False,False,False,False
2025-07-24 16:00:00+00:00,21.325,21.335,21.235,21.235,2037.0,,,,,,,21.44671064617136,21.41217368118795,21.199244391308536,21.206036731474377,,,,,,,,21.31492735632184,21.18172623614853,21.194753056327425,,20.887208481310875,20.568962533704255,20.512089502600578,20.590168853142924,"rgba(239, 83, 80, 1.0)",0.0,0.0,0.1856329081187752,20.969778146230432,1.42874373114851,0.0,0.0,0.0,0.0,0.0,0.0,0.0,0.0,53.885148472100965,11.504972099301781,True,False,False,False,False,3.857580835554952,0,1.0467368421052632,0.8871578947368416,False,False,False,False,0.18181861104923983,0.21163729854930952,False,False,False,False,57420.0,50450.31012839202,False,False,False,False,1004.3151672880406,False,False,False,False
2025-07-24 17:00:00+00:00,21.235,21.275,21.235,21.255,2445.0,,,,,,,21.413596373484047,21.39162013513754,21.201349464939238,21.207521571059434,,,,,,,,21.290788577704557,21.18478943678829,21.197055253396687,,20.893425642975664,20.57457903201864,20.51618100918725,20.593576428267426,"rgba(239, 83, 80, 1.0)",0.0,0.0,0.18562817625532213,20.971730059991813,1.5260072351223357,0.0,0.0,0.0,0.0,0.0,0.0,0.0,0.0,49.788169916681944,8.056282045448427,False,False,False,True,False,4.422078425407214,0,1.0489245044285114,0.8886545761282156,False,False,False,False,0.1674198666765145,0.189528582612912,False,False,False,False,59865.0,50596.27431244795,False,False,False,False,1026.651366244815,False,False,False,False
2025-07-24 18:00:00+00:00,21.255,21.265,21.185,21.215,8102.0,,,,,,,21.343730062452263,21.340239001455277,21.20360869784018,21.20881321356521,,,,,,,,21.251272226926336,21.189276421176988,21.199821417011165,,20.910836759590246,20.591670105938263,20.528825284813617,20.604065939577794,"rgba(239, 83, 80, 1.0)",0.0,0.0,0.18562409947623562,20.9787061288139,1.2729697913839602,0.0,0.0,0.0,0.0,0.0,0.0,0.0,0.0,45.940141406667074,4.677236542286408,False,True,False,True,False,3.156461507290121,0,1.0446880269814502,0.8908094435075881,False,False,False,False,0.1530895788603694,0.1713090807366407,False,False,False,False,51763.0,50614.363082797594,False,False,False,False,1136.3466938999343,False,False,False,False
2025-07-24 19:00:00+00:00,21.215,21.23,21.195,21.2,1485.0,,,,,,,21.33526135119198,21.333313534153582,21.203703068535408,21.208805314148897,,,,,,,,21.247199655106343,21.189692144217727,21.199993226497764,,20.913701254211865,20.59464102722157,20.53105018355804,20.60590997487406,"rgba(239, 83, 80, 1.0)",0.0,0.0,0.185510690301862,20.980030754459456,1.1857497009073197,0.0,0.0,0.0,0.0,0.0,0.0,0.0,0.0,42.95585702989985,1.9420459221569573,False,True,False,True,False,2.6827750732371705,0,1.0472773322076827,0.8898269311945963,False,False,False,False,0.14512800370127607,0.15821854221895837,False,False,False,False,50278.0,50609.14815128135,False,False,False,False,1141.7521715138887,False,False,False,False
2025-07-25 14:00:00+00:00,21.16,21.175,21.095,21.135,268.0,,,,,,,21.33302603082049,21.331452087419446,21.203456299532707,21.208586704244034,,,,,,,21.135,21.245311459968605,21.18947766835916,21.199757332394356,,20.914085137598846,20.595110441571805,20.531406854956874,20.606201206721344,"rgba(239, 83, 80, 1.0)",0.0,0.0,0.1857532752856228,21.002166243509567,0.715108556154303,0.0,0.0,0.0,0.0,0.0,0.0,0.0,0.0,39.26389414179372,-1.580748228580667,False,True,False,True,False,0.6552731087720254,0,1.038203190596138,0.8937867338371113,False,False,False,False,0.10356869551596427,0.13089361886746131,False,False,False,False,50010.0,50599.85903265683,False,False,False,False,1128.2056262190997,False,False,False,False
2025-07-25 15:00:00+00:00,21.135,21.175,21.115,21.165,1700.0,,,,,,,21.321034163101256,21.32134911190445,21.202302613762438,21.20753697475953,,,,,,,21.14939701897019,21.236279054373522,21.188559938702568,21.198675055269465,,20.916670934835732,20.598160516950138,20.533721750094575,20.608099122498174,"rgba(239, 83, 80, 1.0)",0.0,0.0,0.1858551455709316,21.003232149008788,0.8703974834502086,0.0,0.0,0.0,0.0,0.0,0.0,0.0,0.0,38.321672248712396,-2.6866942456230447,False,True,False,True,False,1.5580133263191591,0,1.04,0.8981052631578943,False,False,False,False,0.08892931002861178,0.10991146444803654,False,False,False,False,51710.0,50617.07052052261,False,False,False,False,1137.0706552699662,False,False,False,False
2025-07-25 16:00:00+00:00,21.165,21.215,21.135,21.21,0.0,,,,,,,21.321034163101256,21.32134911190445,21.202302613762438,21.20753697475953,,,,,,,21.14939701897019,21.236279054373522,21.188559938702568,21.198675055269465,,20.916670934835732,20.598160516950138,20.533721750094575,20.608099122498174,"rgba(239, 83, 80, 1.0)",0.0,0.0,0.18581830222423867,21.003232149008788,1.1127421169831426,0.0,0.0,0.0,0.0,0.0,0.0,0.0,0.0,39.842840628059335,-2.6866942456230447,False,True,False,True,False,2.8980746284405825,0,1.0412590387069336,0.9098256061250529,False,False,False,False,0.10245274245295481,0.10618210345049567,False,False,False,False,51710.0,50634.01516361528,False,False,False,False,1119.4416528626798,False,False,False,False
2025-07-25 17:00:00+00:00,21.21,21.265,21.21,21.245,0.0,,,,,,,21.321034163101256,21.32134911190445,21.202302613762438,21.20753697475953,,,,,,,21.14939701897019,21.236279054373522,21.188559938702568,21.198675055269465,,20.916670934835732,20.598160516950138,20.533721750094575,20.608099122498174,"rgba(239, 83, 80, 1.0)",0.0,0.0,0.18583808219213274,21.003232149008788,1.300959674891909,0.0,0.0,0.0,0.0,0.0,0.0,0.0,0.0,42.40905917644911,-2.6866942456230447,False,True,False,True,True,3.927304754299527,0,1.0447379633574778,0.9058372390285467,False,False,False,False,0.13585966970738098,0.12102088657893832,False,False,False,False,51710.0,50650.6970990631,False,False,False,False,1102.0859683221731,False,False,False,False
2025-07-25 18:00:00+00:00,21.245,21.265,21.245,21.255,0.0,,,,,,,21.321034163101256,21.32134911190445,21.202302613762438,21.20753697475953,,,,,,,21.14939701897019,21.236279054373522,21.188559938702568,21.198675055269465,,20.916670934835732,20.598160516950138,20.533721750094575,20.608099122498174,"rgba(239, 83, 80, 1.0)",0.0,0.0,0.18583808219213274,21.003232149008788,1.3547699589953541,0.0,0.0,0.0,0.0,0.0,0.0,0.0,0.0,44.56638959994605,-2.6866942456230447,False,True,False,True,True,4.221862628516554,0,1.0475171232876714,0.905821917808219,False,False,False,False,0.1452646912107568,0.13314278889484757,False,False,False,False,51710.0,50667.12039985282,False,False,False,False,1084.9993641621395,False,False,False,False
2025-07-25 19:00:00+00:00,21.255,21.315,21.255,21.31,2456.0,,,,,,,21.31861872470354,21.31924544453956,21.205140895433967,21.20976356777548,,,,,,,21.229303797468354,21.243257058911407,21.19210937464079,21.201655768532174,,20.92250186467992,20.603621223267023,20.53779549042599,20.611526409932623,"rgba(239, 83, 80, 1.0)",0.0,0.0,0.18611485362215419,21.011521165601827,1.6037346218702977,0.0,0.0,0.0,0.0,0.0,0.0,0.0,0.0,48.329547793820716,-9.610945206005496,False,True,False,False,True,5.830720636504374,0,1.0457264957264958,0.9012820512820509,False,False,False,False,0.16144811002835788,0.14729544946160272,False,False,False,False,54166.0,50721.36659520394,False,False,False,False,1106.255187973579,False,False,False,False
2025-07-28 14:00:00+00:00,21.105,21.205,21.105,21.185,1366.0,,,,,,,21.311513104429093,21.31306186535188,21.20445665285681,21.209126632778485,,,,,,21.165000000000003,21.21413298791019,21.23827271879517,21.191608022058855,21.20102483167635,,20.924571972561253,20.60606319752717,20.539660752190706,20.613061819582448,"rgba(239, 83, 80, 1.0)",0.0,0.0,0.18594385474431302,21.011304234547115,0.9341301743568164,0.0,0.0,0.0,0.0,0.0,0.0,0.0,0.0,46.022931229579726,-9.610945206005496,False,True,False,True,True,1.7830497517505641,0,1.0320269700800677,0.9030762747576905,False,False,False,False,0.0918139769506584,0.11955471320613056,False,False,False,False,52800.0,50753.5934696969,False,False,False,False,1110.2822393228257,False,False,False,False
2025-07-28 15:00:00+00:00,21.185,21.215,21.17,21.215,900.0,,,,,,,21.3082152011041,21.310152398924917,21.20440715649012,21.20904186704093,,,,,,21.178901147396296,21.212231689088195,21.23673132858997,21.191709045026727,21.201013339812196,,20.92611242648902,20.607760558565083,20.54095208865228,20.614132644511347,"rgba(239, 83, 80, 1.0)",0.0,0.0,0.18559614200727587,21.011900532940636,1.0943086686112338,0.0,0.0,0.0,0.0,0.0,0.0,0.0,0.0,45.759971836355234,-9.610945206005496,False,True,False,True,True,2.6700668105758787,0,1.0354430379746837,0.9059071729957804,False,False,False,False,0.11178057716423372,0.11566764518518213,False,False,False,False,53700.0,50799.27419109695,False,False,False,False,1107.0220495658828,False,False,False,False
2025-07-28 16:00:00+00:00,21.21,21.235,21.175,21.18,831.0,,,,,,,21.30525013594345,21.307518503002377,21.20432858579566,21.208936643712974,,,,,,21.1836680658702,21.210511900013298,21.235294891707653,21.191763543843866,21.200968796757593,,20.927502431766293,20.60931042436642,20.542133938176697,20.615112303537913,"rgba(239, 83, 80, 1.0)",0.0,0.0,0.1850766094119087,21.01242969246179,0.9054105111968153,0.0,0.0,0.0,0.0,0.0,0.0,0.0,0.0,44.39485467239765,-9.610945206005496,False,True,False,True,False,1.5657953470707042,0,1.0323129251700682,0.911989795918367,False,False,False,False,0.11845510244624884,0.11706137381571549,False,False,False,False,52869.0,50831.362963328,False,False,False,False,1102.7426379447063,False,False,False,False
2025-07-28 17:00:00+00:00,21.18,21.205,21.115,21.115,1402.0,,,,,,,21.298372110821983,21.301394630042736,21.20332967050563,21.20803243052403,,,,,,21.171618137363858,21.20021853636669,21.23014462978031,21.190912038720622,21.200017597239395,,20.929371457758712,20.611678437839277,20.543961602999612,20.616611484329816,"rgba(239, 83, 80, 1.0)",0.0,0.0,0.1808018177379692,21.012266676490743,0.5682095721965804,0.0,0.0,0.0,0.0,0.0,0.0,0.0,0.0,41.5191470042981,-9.610945206005496,False,True,False,True,False,0.0,0,1.0297999148573862,0.9135802469135802,False,False,False,False,0.0944716328004386,0.10576650330807705,False,False,False,False,51467.0,50841.21780110586,False,False,False,False,1107.3822869688195,False,False,False,False
2025-07-28 18:00:00+00:00,21.115,21.145,21.085,21.125,1154.0,,,,,,,21.292228678159223,21.295887663686212,21.202167833410325,21.207000285840586,,,,,,21.160740609705762,21.19084118950746,21.225130631330792,21.189840307101726,21.198890688759246,,20.930698643977024,20.613515245476414,20.54539130062781,20.617777168190372,"rgba(239, 83, 80, 1.0)",0.0,0.0,0.17695069807606242,21.01182664038624,0.6395756605894432,0.0,0.0,0.0,0.0,0.0,0.0,0.0,0.0,40.11394543685766,-3.4801770591828998,False,True,False,True,False,0.0,0,1.0263942103022565,0.9157088122605361,False,False,False,False,0.07059605556033206,0.08818127943420456,False,False,False,False,52621.0,50868.81132356933,False,False,False,False,1108.105042209613,False,False,False,False
2025-07-28 19:00:00+00:00,21.125,21.135,21.095,21.13,1254.0,,,,,,,21.28607081420656,21.290319996634274,21.200965194859762,21.205925880333126,,,,,,21.153343950581537,21.183001206130673,21.220245726495722,21.18873734320689,21.197725475646433,,20.93213248529217,20.615502721912257,20.54694133721688,20.61904193618996,"rgba(239, 83, 80, 1.0)",0.0,0.0,0.17168875043835283,21.01152236145149,0.6900722280639446,0.0,0.0,0.0,0.0,0.0,0.0,0.0,0.0,39.45449336615888,-4.515757704721118,False,True,False,True,False,0.023382050476392635,0,1.0342319212665814,0.9127086007702179,False,False,False,False,0.07059605556033206,0.0793886674972683,False,False,False,False,53875.0,50915.4188999481,False,False,False,False,1110.3669795396963,False,False,False,False
2025-07-29 14:00:00+00:00,21.14,21.19,21.07,21.075,501.0,,,,,,,21.283614624913326,21.28808883404793,21.20044605351714,21.205463100884582,,,,,,21.150525332973363,21.179980702050937,21.218266821880263,21.188254114260683,21.19722062847129,,20.93267413991413,20.616279363551914,20.547549303381334,20.61953708310592,"rgba(239, 83, 80, 1.0)",0.0,0.0,0.16511961266470487,21.011377749565685,0.3853100755723452,0.0,0.0,0.0,0.0,0.0,0.0,0.0,0.0,37.221691433438146,-7.00719168923181,False,True,False,True,False,0.0,0,1.0406504065040652,0.9011553273427467,False,False,False,False,0.07752968407695465,0.07845917578711148,False,False,False,False,53374.0,50953.53643638301,False,False,False,False,1100.9194294693134,False,False,False,False
2025-07-29 15:00:00+00:00,21.075,21.085,21.025,21.055,769.0,,,,,,,21.2787772519238,21.28370470017529,21.199159660482824,21.20433769724321,,,,,,21.141541722718195,21.172353516916647,21.213823754924857,21.186983910553582,21.195951449813553,,20.933238005610573,20.61733091362073,20.5483864616049,20.620207875533048,"rgba(239, 83, 80, 1.0)",0.0,0.0,0.16080490109530743,21.010622754043208,0.2759694863435149,0.0,0.0,0.0,0.0,0.0,0.0,0.0,0.0,35.1374444059631,-9.279383202198126,False,True,False,True,False,0.0,0,1.0352536543422184,0.9110060189165947,False,False,False,False,0.037713230829925115,0.0580862033085183,False,False,False,False,52605.0,50979.140522640635,False,False,False,False,1095.7733918031224,False,False,False,False
2025-07-29 16:00:00+00:00,21.055,21.065,21.03,21.045,0.0,,,,,,,21.2787772519238,21.28370470017529,21.199159660482824,21.20433769724321,,,,,,21.141541722718195,21.172353516916647,21.213823754924857,21.186983910553582,21.195951449813553,,20.933238005610573,20.61733091362073,20.5483864616049,20.620207875533048,"rgba(239, 83, 80, 1.0)",0.0,0.0,0.15636904834184534,21.010622754043208,0.21984687072879072,0.0,0.0,0.0,0.0,0.0,0.0,0.0,0.0,33.440573311348274,-11.150178553739437,False,True,False,True,False,0.0,0,1.0327727468736527,0.912031047865459,False,False,False,False,0.03374022324588038,0.04591321327719934,False,False,False,False,52605.0,51004.347646320624,False,False,False,False,1078.7846570464849,False,False,False,False
2025-07-29 17:00:00+00:00,21.045,21.085,21.005,21.035,825.0,,,,,,,21.27351422370498,21.27891732598098,21.197679328259582,21.2030427706697,,,,,,21.13238854328668,21.1643230795968,21.208940159772602,21.185512889728706,21.194488354004545,,20.933771569849632,20.618419251678265,20.54925796087181,20.620903224129133,"rgba(239, 83, 80, 1.0)",0.0,0.0,0.15637066151883702,21.009745545725334,0.16150378868624257,0.0,0.0,0.0,0.0,0.0,0.0,0.0,0.0,31.984701572693055,-12.788144568358575,False,True,False,True,False,0.0,0,1.030590262817751,0.9108143041792328,False,False,False,False,0.03241613014751454,0.039164671712356935,False,False,False,False,51780.0,51016.373264207126,False,False,False,False,1074.850011200803,False,False,False,False
2025-07-29 18:00:00+00:00,21.035,21.075,21.03,21.075,366.0,,,,,,,21.271432212571714,21.27701306366258,21.19710760398466,21.202539389510655,,,,,,21.12956038286365,21.16155464520495,21.207089091876348,21.184951749832038,21.193924926265506,,20.934046536403624,20.61892112901156,20.549657962554406,20.621224380905144,"rgba(239, 83, 80, 1.0)",0.0,0.0,0.1562217758294215,21.009463916937626,0.41950670906424475,0.0,0.0,0.0,0.0,0.0,0.0,0.0,0.0,34.02350546109656,-12.788144568358575,False,True,False,True,False,0.0,0,1.033649698015531,0.9098360655737704,False,False,False,False,0.03638876892520192,0.037776720318779426,False,False,False,False,52146.0,51033.88685701011,False,False,False,False,1063.860088546527,False,False,False,False
2025-07-29 19:00:00+00:00,21.075,21.105,21.055,21.095,1213.0,,,,,,,21.265595831075093,21.271632670347355,21.195585667759733,21.201184330162107,,,,,,21.124452005166493,21.15536598911474,21.20225920248733,21.18349238065432,21.192433258821048,,20.93512852179257,20.620670144979552,20.551043905892055,20.622345864706585,"rgba(239, 83, 80, 1.0)",0.0,0.0,0.1556576284585884,21.00897431066672,0.5526596427374332,0.0,0.0,0.0,0.0,0.0,0.0,0.0,0.0,36.76130970364517,-12.788144568358575,False,True,False,True,True,0.0,0,1.037597234226448,0.9062229904926531,False,False,False,False,0.04983998914454614,0.04380835473166278,False,False,False,False,53359.0,51069.9351227929,False,False,False,False,1066.1723352357283,False,False,False,False
2025-07-30 14:00:00+00:00,21.06,21.075,21.015,21.025,1700.0,,,,,,,21.25604391755466,21.262816984892602,21.19264963225738,21.198594969306402,,,,,,21.112531009961184,21.143456051082513,21.193648054302365,21.180581597427004,21.18953138154105,,20.936154942706263,20.622855241413063,20.552805542559817,20.62375088992243,"rgba(239, 83, 80, 1.0)",0.0,0.0,0.155341327173365,21.007503489089025,0.11263268590107331,0.0,0.0,0.0,0.0,0.0,0.0,0.0,0.0,35.654027424529495,-12.788144568358575,False,True,False,True,True,0.0,0,1.0314926660914583,0.9072476272648833,False,False,False,False,0.018681388973055196,0.03124487185235899,False,False,False,False,51659.0,51079.067911586804,False,False,False,False,1075.9991207359494,False,False,False,False
2025-07-30 15:00:00+00:00,21.025,21.035,20.945,20.975,1588.0,,,,,,,21.245804409024224,21.253345070170543,21.189090142020817,21.195468949203566,,,,,,21.097928713918332,21.129700614078246,21.18388861070201,21.176985464959202,21.185995765479404,,20.93660454826494,20.62461645060623,20.55426015059159,20.62488706215704,"rgba(239, 83, 80, 1.0)",0.0,0.0,0.15445215592060452,21.005367632217766,-0.19661513972893166,0.0,0.0,0.0,0.0,0.0,0.0,0.0,0.0,33.31769061883798,-12.788144568358575,False,True,False,True,False,0.0,0,1.0210843373493976,0.915232358003442,False,False,False,False,-0.08080516165625296,-0.024780144901946983,False,False,False,False,50071.0,51063.43895171724,False,False,False,False,1083.9371188640744,False,False,False,False
2025-07-30 16:00:00+00:00,20.975,21.045,20.975,21.015,1759.0,,,,,,,21.236400191807096,21.244550128268784,21.18578405615938,21.192536820721173,,,,,,21.088219541847966,21.119346449231998,21.175405079951826,21.173685654846334,21.182720449747034,,20.937362151110193,20.626690304448132,20.555959052930074,20.62622984544774,"rgba(239, 83, 80, 1.0)",0.0,0.0,0.1542834352042775,21.00374131157728,0.0729740584775955,0.0,0.0,0.0,0.0,0.0,0.0,0.0,0.0,34.47854719696708,-12.788144568358575,False,True,False,True,False,0.0,0,1.0216049382716053,0.9413580246913578,False,False,False,False,-0.18592421151761102,-0.105352178209779,False,False,False,False,51830.0,51075.323619132476,False,False,False,False,1094.4032100444763,False,False,False,False
2025-07-30 17:00:00+00:00,21.015,21.035,20.975,21.0,895.0,,,,,,,21.23173249196297,21.24016490287285,21.184070463377864,21.191013443205975,,,,,,21.083621517480683,21.114389570503334,21.171197774378022,21.17197294615442,21.181021815950402,,20.937699211450713,20.627714341263072,20.556802920518223,20.626894802549923,"rgba(239, 83, 80, 1.0)",0.0,0.0,0.15522337870743352,21.002903847899436,-0.01870754214743047,0.0,0.0,0.0,0.0,0.0,0.0,0.0,0.0,34.68819709809003,-12.788144568358575,False,True,False,True,False,0.0,0,0.9959495949594964,0.9662466246624662,False,False,False,False,-0.19037790844584745,-0.14786504332781322,False,False,False,False,50935.0,51073.148059145926,False,False,False,False,1091.311687408128,False,False,False,False
2025-07-30 18:00:00+00:00,21.015,21.035,20.845,20.845,3842.0,,,,,,,21.20613030846263,21.216143330883877,21.173384206721476,21.181569551569115,,,,,,21.050552172845567,21.08245330590181,21.14622805716263,21.16106532632652,21.17037044191406,,20.937068967764525,20.630951750369096,20.559626487485456,20.62900914800073,"rgba(239, 83, 80, 1.0)",0.0,0.0,0.15914419208355607,20.99619809599176,-0.950069832974962,0.0,0.0,0.0,0.0,0.0,0.0,0.0,0.0,30.750560575844972,-14.564537544407806,False,True,False,True,False,0.0,0,0.9714156079854811,0.9777676950998184,False,False,False,False,-0.249029887553094,-0.1984474654404536,False,False,False,False,47093.0,51011.4403372987,False,False,False,False,1133.958017835909,False,False,False,False
2025-07-30 19:00:00+00:00,20.845,20.845,20.665,20.775,6978.0,,,,,,,21.150257075429206,21.16333258397029,21.14630962590195,21.157548348486213,,,,,,20.976827890136416,21.011988698964334,21.089643429487175,21.133150624332263,21.14329630965717,,20.93048834012567,20.633634458127336,20.56253155766923,20.630794862743016,"rgba(239, 83, 80, 1.0)",0.0,0.0,0.16475936589069054,20.977433245644274,-1.2286600191128427,0.0,0.0,0.0,0.0,0.0,0.0,0.0,0.0,26.978676298568924,-18.110889005601287,False,True,False,True,False,0.0,0,0.9576003608479928,0.9778980604420386,False,False,False,False,-0.34282825441539394,-0.2706378599279238,False,False,False,False,40115.0,50842.50327780569,False,False,False,False,1224.5633198849646,False,False,False,False
2025-07-31 14:00:00+00:00,20.72,20.735,20.625,20.625,1245.0,,,,,,,21.13953897522641,21.153143108848862,21.140689360209144,21.152538182496915,,,,,,20.96310270043375,20.9987768084333,21.07869537076989,21.127343654680054,21.13767037582604,,20.928700876063928,20.63373673008096,20.562785229381735,20.630868829880825,"rgba(239, 83, 80, 1.0)",0.0,0.0,0.1751557093633437,20.97343091315438,-1.9892638065916226,0.0,0.0,0.0,0.0,0.0,0.0,0.0,0.0,22.74027577356175,-21.977525863648093,False,True,False,True,False,0.0,0,0.9443946188340809,0.9878923766816142,False,False,False,False,-0.34282825441539394,-0.3067330571716589,False,False,False,False,38870.0,50656.883071948236,False,False,False,False,1224.8801676386859,False,False,False,False
2025-07-31 15:00:00+00:00,20.625,20.665,20.575,20.645,978.0,,,,,,,21.130878975265013,21.144901082313645,21.13606408149953,21.148410452327656,,,,,,20.952029019820067,20.98811797587526,21.069823655004328,21.12256197969228,21.133039221155126,,20.927140127264455,20.6337212884663,20.56291672221936,20.630864066747815,"rgba(239, 83, 80, 1.0)",0.0,0.0,0.1836829181346699,20.970107202657967,-1.7699370521738476,0.0,0.0,0.0,0.0,0.0,0.0,0.0,0.0,21.011575564933743,-23.506715239070267,False,True,False,True,False,0.0,0,0.9391771019677999,0.9932915921288015,False,False,False,False,-0.34282825441539394,-0.32478065579352644,False,False,False,False,39848.0,50489.30348943741,False,False,False,False,1221.0525681404115,False,False,False,False
2025-07-31 16:00:00+00:00,20.645,20.725,20.63,20.725,1101.0,,,,,,,21.12269075178896,21.137056094674556,21.131609952149027,21.144411825734416,,,,,,20.942741383245835,20.97886894075404,21.06165553322298,21.117981110981862,21.128583972931352,,20.925780397708266,20.633912455666664,20.563210584373312,20.630995900636396,"rgba(239, 83, 80, 1.0)",0.0,0.0,0.1888835620165323,20.96707070763169,-1.2815869472564403,0.0,0.0,0.0,0.0,0.0,0.0,0.0,0.0,23.9066304938732,-23.506715239070267,False,True,False,True,True,0.0,0,0.9426008968609868,0.9968609865470849,False,False,False,False,-0.3002808680443856,-0.312530761918956,False,False,False,False,40949.0,50341.39180743063,False,False,False,False,1219.1912880142036,False,False,False,False
2025-07-31 17:00:00+00:00,20.725,20.725,20.565,20.585,1032.0,,,,,,,21.114111166791947,21.128851367087428,21.126877208387267,21.140168876400043,,,,,,20.93239692103852,20.968759239265843,21.05295278099652,21.113098423483944,21.123846260202622,,20.924149689169077,20.633885746173814,20.56334081134178,20.63098406342996,"rgba(239, 83, 80, 1.0)",0.0,0.0,0.19868366364211018,20.963720935950157,-1.9061503548291105,0.0,0.0,0.0,0.0,0.0,0.0,0.0,0.0,23.61159073892159,-23.506715239070267,False,True,False,True,True,0.0,0,0.9289226642825217,1.0062583817612871,False,False,False,False,-0.3241905852213018,-0.31836067357012887,False,False,False,False,39917.0,50179.773329796044,False,False,False,False,1216.2890975023554,False,False,False,False
2025-07-31 18:00:00+00:00,20.59,20.655,20.535,20.625,994.0,,,,,,,21.105795938152124,21.120889588844207,21.122223234017863,21.135991054669397,,,,,,20.9224427247423,20.959017700784006,21.044515575851744,21.108297113160308,21.11918691878674,,20.922491760041254,20.633802606801357,20.563425207682823,20.63093474792177,"rgba(239, 83, 80, 1.0)",0.0,0.0,0.20645622095549446,20.96041541047958,-1.6246321323099557,0.0,0.0,0.0,0.0,0.0,0.0,0.0,0.0,25.143892315299414,-23.506715239070267,False,True,False,True,True,0.0,0,0.9240337627721016,1.008440693025322,False,False,False,False,-0.34282825441539394,-0.3305944639927614,False,False,False,False,40911.0,50036.07141770618,False,False,False,False,1212.8427549054195,False,False,False,False
2025-07-31 19:00:00+00:00,20.625,20.655,20.52,20.565,1687.0,,,,,,,21.091614092028266,21.1072883377057,21.114139004271614,21.128720972592543,,,,,,20.905639325189064,20.942539944335635,21.03012660435908,21.09995820740976,21.11109251761216,,20.919498543411855,20.633541066351626,20.56348200122272,20.630771208430044,"rgba(239, 83, 80, 1.0)",0.0,0.0,0.21538239616233526,20.95465215643661,-1.8091179380459856,0.0,0.0,0.0,0.0,0.0,0.0,0.0,0.0,25.205414325456985,-23.506715239070267,False,True,False,True,True,0.0,0,0.9236876929863257,1.008381120423467,False,False,False,False,-0.34282825441539394,-0.3367113592040777,False,False,False,False,39224.0,49868.442403478184,False,False,False,False,1220.194030023165,False,False,False,False
2025-08-01 14:00:00+00:00,20.31,20.375,20.195,20.34,96.0,,,,,,,21.09040603748284,21.10613955703739,21.113451674525663,21.128107263461178,,,,,20.30333333333333,20.90396217658661,20.940962467866324,21.0288477188995,21.099243298153112,21.11040305204601,20.30333333333333,20.91919225863465,20.63344974784139,20.56343128534729,20.63071139286589,"rgba(239, 83, 80, 1.0)",0.0,0.0,0.23222969368856114,20.932490781665784,-2.5513136251230755,1.0,20.375,20.195,0.0,0.0,0.0,0.0,0.0,22.704679628035315,-23.506715239070267,False,True,False,True,True,0.0,0,0.9015053763440861,1.0227956989247309,True,False,False,False,-0.34282825441539394,-0.3397698068097358,False,False,False,False,39128.0,49701.92391660255,False,False,False,False,1202.764665216604,False,False,False,False
2025-08-01 15:00:00+00:00,20.34,20.405,20.32,20.4,100.0,,,,,,,21.089265802811514,21.105052910052912,21.112800172333678,21.127524417236785,,,,,20.339897959183673,20.90243232299861,20.93951128205128,21.02765144446274,21.098566896727775,21.10974977273602,20.339897959183673,20.918910624981674,20.63337531726742,20.56339302790663,20.63066274301641,"rgba(239, 83, 80, 1.0)",0.0,0.0,0.24532038254116223,20.933828416999653,-2.1760459178726546,0.0,0.0,0.0,0.0,0.0,0.0,0.0,0.0,23.309875045960176,-23.506715239070267,False,True,False,True,True,0.0,0,0.9114740008594759,1.0206274172754615,False,False,False,False,-0.3000116287803803,-0.31989071779505807,False,False,False,False,39228.0,49539.537499290884,False,False,False,False,1185.6675386240986,False,False,False,False
2025-08-01 16:00:00+00:00,20.4,20.475,20.375,20.38,2500.0,,,,,,,21.063237101866896,21.080152757078988,21.097633481806305,21.11390522503644,,,,,20.40490356083086,20.869228072068186,20.90761301204819,21.00063588011967,21.082856664810976,21.094547207086638,20.40490356083086,20.91241036409557,20.63177857488697,20.56261837041824,20.629618167851973,"rgba(239, 83, 80, 1.0)",0.0,0.0,0.2577464359118805,20.925846366517153,-2.1177649443958555,0.0,0.0,0.0,0.0,0.0,0.0,0.0,0.0,23.467095668056174,-23.506715239070267,False,True,False,True,True,0.0,0,0.911359724612737,1.024096385542168,False,False,False,False,-0.2662503366343658,-0.29307052721471194,False,False,False,False,36728.0,49340.90901092978,False,False,False,False,1206.044786087291,False,False,False,False
2025-08-01 17:00:00+00:00,20.385,20.405,20.315,20.325,800.0,,,,,,,21.054577112544546,21.071858305942804,21.092494513313785,21.10928332276825,,,,,20.391958428680397,20.858225965431053,20.897035618597318,20.99163192826866,21.077532729924886,21.08939517509414,20.391958428680397,20.910114182784046,20.63113169070605,20.562272634377685,20.62919271680187,"rgba(239, 83, 80, 1.0)",0.0,0.0,0.271345463128485,20.92136758294953,-2.19781667278934,0.0,0.0,0.0,0.0,0.0,0.0,0.0,0.0,22.896041676435857,-23.506715239070267,False,True,False,True,True,0.0,0,0.9071367153912301,1.028374892519346,False,False,False,False,-0.3013755141488361,-0.29722302068177403,False,False,False,False,35928.0,49132.95693324095,True,False,False,False,1199.7495180859376,True,False,False,False
2025-08-01 18:00:00+00:00,20.325,20.415,20.305,20.36,100.0,,,,,,,21.053526982351105,21.07085120630789,21.09186708752334,21.10871830352205,,,,,20.391069707081943,20.85691401586967,20.89576902515723,20.99054397689627,21.076883220334377,21.08876622891355,20.391069707081943,20.90983440727876,20.63105436502052,20.562231848259668,20.62914183124892,"rgba(239, 83, 80, 1.0)",0.0,0.0,0.28271938782528466,20.920857782975848,-1.983796680128806,0.0,0.0,0.0,0.0,0.0,0.0,0.0,0.0,24.01575338682045,-23.506715239070267,False,True,False,True,True,0.0,0,0.9050470487596239,1.0265183917878524,False,False,False,False,-0.3013755141488361,-0.2992992674153051,False,False,False,False,36028.0,48929.779306369,False,False,False,False,1182.6991379605743,False,False,False,False
2025-08-01 19:00:00+00:00,20.36,20.415,20.345,20.375,1700.0,,,,,,,21.03660782897517,21.054586833185976,21.081626071515004,21.09947375017372,,,,,20.38698136958711,20.83640824007796,20.87582252456538,20.973127471816415,21.066296583550997,21.078502562228582,20.38698136958711,20.905278538306266,20.629835001248814,20.561603621797754,20.62833843650209,"rgba(239, 83, 80, 1.0)",0.0,0.0,0.29334433845048413,20.91312667641202,-1.8344539364711632,0.0,0.0,0.0,0.0,0.0,0.0,0.0,0.0,25.42562616619382,-23.506715239070267,False,True,False,True,True,0.0,0,0.9064625850340138,1.024659863945578,False,False,False,False,-0.29049440080759104,-0.29489683411144807,False,False,False,False,37728.0,48756.108309371026,False,False,False,False,1190.7193063642862,False,False,False,False
2025-08-04 14:00:00+00:00,20.515,20.545,20.475,20.525,478.0,,,,,,20.515,21.032958406518347,21.051046956346703,21.07934858957541,21.09740105596359,,,,,20.397579378824616,20.8325821420863,20.87195350471832,20.969491962037576,21.0639573254269,21.076222778017584,20.397579378824616,20.904340165824134,20.629679420317796,20.56155889995508,20.6282364478263,"rgba(239, 83, 80, 1.0)",0.0,0.0,0.2995169985701706,20.912069292972014,-1.2923116044157763,0.0,0.0,0.0,0.0,0.0,0.0,0.0,0.0,31.936083380917754,-22.163394792197135,False,True,False,True,True,0.0,0,0.9103101424979048,1.0150880134115672,False,False,False,False,-0.22125371138755154,-0.2580752727494998,False,False,False,False,38206.0,48592.54073868311,False,False,False,False,1179.6693946377081,False,False,False,False
2025-08-04 15:00:00+00:00,20.525,20.585,20.515,20.575,1394.0,,,,,,20.547268518518518,21.02346781134349,21.041797295841416,21.07331212564482,21.09188307730717,,,,,20.428842075892856,20.82338066814287,20.862443661359087,20.960191873955445,21.057776959387372,21.070183629879345,20.428842075892856,20.901930895425718,20.629398634888734,20.56154989819961,20.628053482867266,"rgba(239, 83, 80, 1.0)",0.0,0.0,0.30446085859181543,20.909530990895853,-1.0987651826350275,0.0,0.0,0.0,0.0,0.0,0.0,0.0,0.0,37.75011372154405,-17.012063675927905,False,False,False,True,True,0.0,0,0.9141666666666669,1.0116666666666665,False,False,False,False,-0.20039040011615278,-0.2292328364328263,False,False,False,False,39600.0,48453.12150242445,False,False,False,False,1182.9923497596042,False,False,False,False
2025-08-04 16:00:00+00:00,20.575,20.6,20.555,20.575,1005.0,,,,,,20.557537944618236,21.01711824262221,21.035586160162637,21.06919807730878,21.088108776942754,,,,,20.447019454300744,20.817553873992434,20.856329906124273,20.95403798256538,21.053574301028533,21.066069214476112,20.447019454300744,20.900306223202985,20.629249440945767,20.561580251822118,20.62795669795764,"rgba(239, 83, 80, 1.0)",0.0,0.0,0.3091911563599808,20.90768762770257,-1.0759933486429736,0.0,0.0,0.0,0.0,0.0,0.0,0.0,0.0,41.62613394862824,-13.757285879241778,True,False,False,True,True,0.0,0,0.9178082191780823,1.0103777501037772,False,False,False,False,-0.18614713422893264,-0.20768998533087946,False,False,False,False,39600.0,48315.86380471244,False,False,False,False,1180.232778445502,False,False,False,False
2025-08-04 17:00:00+00:00,20.575,20.595,20.545,20.545,1080.0,,,,,,20.558664813410836,21.010267343556322,21.028881597044844,21.064719968737148,21.08399681056491,,,,,20.460400951042903,20.811220177388673,20.849707846931768,20.947386995008948,21.048999598151493,21.061590354742876,20.460400951042903,20.898498217028205,20.62904458315675,20.561580437885755,20.627822796986777,"rgba(239, 83, 80, 1.0)",0.0,0.0,0.31439376813399494,20.90534629793883,-1.1461623430946921,0.0,0.0,0.0,0.0,0.0,0.0,0.0,0.0,43.263926379335274,-12.465531053945405,True,False,False,True,True,0.0,0,0.9173212071103765,1.010748243075651,False,False,False,False,-0.19002402813134478,-0.19885700673111212,False,False,False,False,38520.0,48163.98994727503,False,False,False,False,1178.6787818804555,False,False,False,False
2025-08-04 18:00:00+00:00,20.545,20.625,20.545,20.595,804.0,,,,,,20.56367499824967,21.005594878999496,21.024290232678727,21.06161125855944,21.081131312332367,,,,,20.4706284180173,20.807187478902716,20.845406970794702,20.94291259803466,21.04583220734203,21.058482518186963,20.4706284180173,20.897270313033427,20.628952922221885,20.561623251379373,20.6277635049373,"rgba(239, 83, 80, 1.0)",0.0,0.0,0.31832220630530567,20.903809037875412,-0.9701146566546213,0.0,0.0,0.0,0.0,0.0,0.0,0.0,0.0,46.08972843967734,-9.914594969769148,True,False,False,True,True,0.0,0,0.9178644763860373,1.0082135523613962,False,False,False,False,-0.18227576442043167,-0.19056638557577188,False,False,False,False,39324.0,48026.93583956534,False,False,False,False,1172.8698085179676,False,False,False,False
2025-08-04 19:00:00+00:00,20.595,20.645,20.595,20.61,464.0,,,,,,20.56838086124402,21.003125054174028,21.021853178540294,21.059941875352074,21.07958683598854,,,,,20.477069036530114,20.805218666250937,20.843255212029057,20.940583058898365,21.04413598755231,21.056814420322873,20.477069036530114,20.896630672588167,20.62893697858548,20.561674041151264,20.627753897661577,"rgba(239, 83, 80, 1.0)",0.0,0.0,0.32191518663684976,20.90305541177082,-0.9103497565071784,0.0,0.0,0.0,0.0,0.0,0.0,0.0,0.0,48.48506336749309,-7.694534823103226,True,False,False,False,True,0.0,0,0.9222903885480573,1.0065439672801635,False,False,False,False,-0.1642786901495697,-0.1774225378626708,False,False,False,False,39788.0,47899.20040019223,False,False,False,False,1161.8795789285416,False,False,False,False
2025-08-05 14:00:00+00:00,20.655,20.665,20.565,20.585,702.0,,,,,,20.57271806984984,20.999336419543894,21.01811639914359,21.057374041525623,21.07721117758493,,,,,20.485071133683803,20.80213655534358,20.839911914232978,20.936996503461017,21.041525712672872,21.05424824835353,20.485071133683803,20.8956283679471,20.628890075168247,20.56173444051244,20.62772413255487,"rgba(239, 83, 80, 1.0)",0.0,0.0,0.3257899339776036,20.901789587675456,-0.9723737741302733,0.0,0.0,0.0,0.0,0.0,0.0,0.0,0.0,49.082818047538325,-7.0215475433745524,True,False,False,False,True,0.0,0,0.9204868154158218,1.004868154158215,False,False,False,False,-0.16684298900253056,-0.17213276343260067,False,False,False,False,39086.0,47762.56163429778,False,False,False,False,1154.749662976161,False,False,False,False
2025-08-05 15:00:00+00:00,20.585,20.675,20.57,20.655,501.0,,,,,,20.577442439327942,20.99686748799426,21.015670371686213,21.055672771486986,21.075631080953052,,,,,20.491406800864322,20.80030221528139,20.837863626767994,20.934697867089724,21.03980140695834,21.05254897299736,20.491406800864322,20.894986577454354,20.6288962800058,20.561805604325897,20.627729364316917,"rgba(239, 83, 80, 1.0)",0.0,0.0,0.32813392673407593,20.901029299811704,-0.749783182313507,0.0,0.0,0.0,0.0,0.0,0.0,0.0,0.0,51.97644100747411,-4.124963391998435,True,False,True,False,True,0.0,0,0.9215607401448112,1.0040225261464197,False,False,False,False,-0.16299734529241816,-0.1675650543625094,False,False,False,False,39587.0,47635.808740742774,False,False,False,False,1144.6140092866083,False,False,False,False
2025-08-05 16:00:00+00:00,20.655,20.7,20.645,20.695,1677.0,,,,,,20.59866255397903,20.98987067735834,21.008676630761144,21.05069451578151,21.070972414341913,,,,,20.51500733776086,20.796079892286333,20.83279251668103,20.928403794956434,21.034784804092734,21.047581692850777,20.51500733776086,20.893240082286987,20.62913404690366,20.562197529033348,20.62789204887457,"rgba(38, 166, 154, 1.0)",0.0,0.0,0.3296359170932192,20.899210174986997,-0.6195021974175454,0.0,0.0,0.0,0.0,0.0,0.0,0.0,0.0,55.147824462372036,-1.0247669440895777,True,False,True,False,True,0.0,0,0.9391727493917275,1.0024330900243308,False,False,False,False,-0.1374758540159874,-0.1525204541892484,False,False,False,False,41264.0,47537.021008328156,False,False,False,False,1152.8680556542577,False,False,False,False
2025-08-05 17:00:00+00:00,20.695,20.755,20.695,20.715,1306.0,,,,,,20.615732299082637,20.985336556509136,21.004094015526626,21.04733364878992,21.06779829950668,,,,,20.533358944720195,20.794100067227575,20.83008035730971,20.924500274693504,21.031421431548,21.044232319814498,20.533358944720195,20.89216144053247,20.629468113534234,20.562608274199956,20.62811879119783,"rgba(38, 166, 154, 1.0)",0.0,0.0,0.3310949620183364,20.89822192747938,-0.5533818043091607,0.0,0.0,0.0,0.0,0.0,0.0,0.0,0.0,57.86908504312615,1.6257115503745752,True,False,True,False,True,0.0,0,0.9518563851489191,0.9873521011831904,False,False,False,False,-0.11086792490624395,-0.13169418954774617,False,False,False,False,42570.0,47460.01293067966,False,False,False,False,1155.2421943262846,False,False,False,False
2025-08-05 18:00:00+00:00,20.715,20.715,20.665,20.705,814.0,,,,,,20.622042705786477,20.982309234375606,21.001048311927274,21.04510471149935,21.06569878301057,,,,,20.541836221892915,20.79248351736438,20.828056327657613,20.921830827927185,21.029184082528573,21.042009614582675,20.541836221892915,20.89139189906275,20.629615241757026,20.562820472177354,20.62821943304965,"rgba(38, 166, 154, 1.0)",0.0,0.0,0.3323818221198705,20.897335900133545,-0.5786595034194802,0.0,0.0,0.0,0.0,0.0,0.0,0.0,0.0,59.13645650368986,2.970780269366408,True,False,True,False,True,0.0,0,0.9556103575832307,0.984381422112618,False,False,False,False,-0.1285868669326077,-0.13014052824017694,False,False,False,False,41756.0,47371.57862167687,False,False,False,False,1149.9516176700631,False,False,False,False
2025-08-05 19:00:00+00:00,20.705,20.765,20.705,20.74,689.0,,,,,,20.629278907824816,20.98016022059695,20.998861477266363,21.04346190218511,21.064137746225416,,,,,20.55011741723216,20.791723331356657,20.826911755795493,20.920025588053562,21.027546667533255,21.040373488354003,20.55011741723216,20.89088241150954,20.629818293186517,20.563056005091592,20.62835738726925,"rgba(38, 166, 154, 1.0)",0.0,0.0,0.3334814040496056,20.897380485664627,-0.4719318191464071,0.0,0.0,0.0,0.0,0.0,0.0,0.0,0.0,61.16414807373026,5.0920559771697,True,False,True,False,True,0.0,0,0.9563066776586974,0.978977741137675,False,False,False,False,-0.10581855681948851,-0.11797954252983273,False,False,False,False,42445.0,47295.1975577749,False,False,False,False,1142.8050809620001,False,False,False,False
2025-08-06 14:00:00+00:00,20.625,20.705,20.6,20.695,1802.0,,,,,,20.63457717311524,20.973147690690766,20.991827222875052,21.03828521218035,21.059266273544264,,,,,20.561777518691237,20.787422061892396,20.821829355580583,20.9137259623124,21.02233959756263,21.03520871201372,20.561777518691237,20.88896793544444,20.63000018718795,20.563421844312362,20.628484419393736,"rgba(38, 166, 154, 1.0)",0.0,0.0,0.33491229186653115,20.892315568732336,-0.5891559477636895,0.0,0.0,0.0,0.0,0.0,0.0,0.0,0.0,59.948647139387425,5.0920559771697,True,False,True,False,True,0.0,0,0.949794238683128,0.9781893004115226,False,False,False,False,-0.1476612844041715,-0.13282041346700213,False,False,False,False,40643.0,47192.062711917926,False,False,False,False,1153.0251572261552,False,False,False,False
2025-08-06 15:00:00+00:00,20.695,20.705,20.63,20.655,3268.0,,,,,,20.640456498164834,20.961069417603134,20.979678956183236,21.029170113317956,21.050657203119172,,,,,20.57737359022556,20.780136363636363,20.813208674522333,20.902922261390792,21.013184947629334,21.026115982691753,20.57737359022556,20.885527263338485,20.630295942839567,20.56405755044107,20.62869273519903,"rgba(38, 166, 154, 1.0)",0.0,0.0,0.33689377319039837,20.886976522126886,-0.6885746801730934,0.0,0.0,0.0,0.0,0.0,0.0,0.0,0.0,57.11332811081317,5.0920559771697,True,False,True,False,False,0.0,0,0.950164744645799,0.9773476112026357,False,False,False,False,-0.1400194745668931,-0.13641994401694763,False,False,False,False,37375.0,47039.86018925253,False,False,False,False,1185.8154648660598,False,False,False,False
2025-08-06 16:00:00+00:00,20.655,20.67,20.595,20.605,1010.0,,,,,,20.63943882154486,20.9570485603596,20.975652136618262,21.026143716774953,21.047804724641892,,,,,20.579456108867948,20.777341744603255,20.810069674054187,20.89924302832102,21.0101365673895,21.0230950754341,20.579456108867948,20.88429739783858,20.63027690231862,20.564173883839928,20.628682852239283,"rgba(38, 166, 154, 1.0)",0.0,0.0,0.33933529353942904,20.884830074401012,-0.8246418210208871,0.0,0.0,0.0,0.0,0.0,0.0,0.0,0.0,53.00560413211007,8.96266541096545,True,False,False,False,False,0.0,0,0.9433805162364697,0.9933388842631137,False,False,False,False,-0.15787722385927466,-0.14714858393811114,False,False,False,False,36365.0,46874.35848089203,False,False,False,False,1183.0896437053457,False,False,False,False
2025-08-06 17:00:00+00:00,20.605,20.63,20.595,20.605,900.0,,,,,,20.63795816102232,20.95340547339119,20.972006875060003,21.023396692093296,21.04521596827107,,,,,20.580641512146034,20.77472566730357,20.80716515576776,20.89589060883526,21.007367818124504,21.02035258609031,20.580641512146034,20.88315566018102,20.630227610764486,20.564253886137653,20.628652202839863,"rgba(38, 166, 154, 1.0)",0.0,0.0,0.34156077902155957,20.882841603435075,-0.8134470363692935,0.0,0.0,0.0,0.0,0.0,0.0,0.0,0.0,50.26712147964134,6.345690886223963,True,False,False,False,False,0.0,0,0.9278523489932887,1.0050335570469797,False,False,False,False,-0.16812595211013137,-0.15763726802412126,False,False,False,False,36365.0,46711.4226904906,False,False,False,False,1178.7006569812318,False,False,False,False
2025-08-06 18:00:00+00:00,20.605,20.625,20.575,20.585,872.0,,,,,,20.635962023517713,20.949796920222923,20.968400182848786,21.020674175728068,21.0426513389688,,,,,20.58116185964037,20.772044020852583,20.80422226110563,20.892549210634677,21.00462161769984,21.017634060653144,20.58116185964037,20.881998221960178,20.630144834394144,20.564305804339376,20.628598798504733,"rgba(38, 166, 154, 1.0)",0.0,0.0,0.34383740657789247,20.880817966644994,-0.8603425950340244,0.0,0.0,0.0,0.0,0.0,0.0,0.0,0.0,47.52408607883465,3.711581450980077,True,False,False,True,False,0.0,0,0.9262225969645869,1.0037942664418211,False,False,False,False,-0.17454908769185912,-0.1660931778579902,False,False,False,False,35493.0,46537.49365652951,False,False,False,False,1173.9456080357863,False,False,False,False
2025-08-06 19:00:00+00:00,20.585,20.635,20.58,20.58,648.0,,,,,,20.634706054050344,20.947186802817765,20.96578788935126,21.018688996082982,21.04077840877058,,,,,20.581612167813297,20.770139053421335,20.80212168445802,20.890141108065666,21.00262085160388,21.015652028546764,20.581612167813297,20.88115403162473,20.630089383546295,20.564348449889003,20.628563148710263,"rgba(38, 166, 154, 1.0)",0.0,0.0,0.34620171956632345,20.87939807296173,-0.8648081625266903,0.0,0.0,0.0,0.0,0.0,0.0,0.0,0.0,45.45735006021125,1.6737318372933885,True,False,False,True,False,0.0,0,0.9282397636133389,0.9978894048121566,False,False,False,False,-0.17069352854961203,-0.1683933532038011,False,False,False,False,34845.0,46356.21468511044,False,False,False,False,1165.7914125623633,False,False,False,False
2025-08-07 14:00:00+00:00,20.6,20.605,20.375,20.395,2213.0,,,,,,20.616658574929488,20.935095098115923,20.95384251133733,21.009835990281257,21.032512670552798,,,,,20.571478970892294,20.758883061731616,20.790546477601797,20.878399357777123,20.993618547583456,21.006798015764762,20.571478970892294,20.87689995029264,20.629072983156092,20.56389663278523,20.627881111314245,"rgba(239, 83, 80, 1.0)",0.0,0.0,0.3515970641167869,20.87104232222256,-1.3539428249163037,0.0,0.0,0.0,0.0,0.0,0.0,0.0,0.0,38.37382195287484,-4.931611431233165,False,False,False,True,False,0.0,0,0.9075770191507079,1.0045795170691088,False,False,False,False,-0.23175578067009714,-0.20007456693694914,False,False,False,False,32632.0,46143.436162860664,False,False,False,False,1182.02720461566,False,False,False,False
2025-08-07 15:00:00+00:00,20.395,20.43,20.335,20.425,2183.0,,,,,,20.596488800223998,20.922270617844312,20.94119811699968,21.0004265549432,21.023734310637774,,,,,20.558367747772508,20.746428057629505,20.777885019388407,20.865815174251402,20.984035394130146,20.997383912563052,20.558367747772508,20.872180568748117,20.627724190429607,20.563196533990464,20.62697089045415,"rgba(239, 83, 80, 1.0)",0.0,0.0,0.3562906622914559,20.84553279582594,-1.1803082155488274,0.0,0.0,0.0,0.0,0.0,0.0,0.0,0.0,35.42648984890077,-7.5459546926071965,False,False,False,True,False,0.0,0,0.9056917324470298,1.018280016618197,False,False,False,False,-0.2891390029631424,-0.24460678495004576,False,False,False,False,34815.0,45967.80149366902,False,False,False,False,1197.5461626836343,False,False,False,False
2025-08-07 16:00:00+00:00,20.425,20.505,20.415,20.445,1458.0,,,,,,20.58832469262836,20.914953674864858,20.93393890208769,20.99489312105988,21.018538079124365,,,,,20.553436777472406,20.739885465426624,20.771098513243377,20.858770557679115,20.97842328708318,20.99185151241672,20.553436777472406,20.86946025179454,20.627057269873557,20.562894851753878,20.626519917839325,"rgba(239, 83, 80, 1.0)",0.0,0.0,0.3606343635099021,20.842197088500818,-1.1013844732794345,0.0,0.0,0.0,0.0,0.0,0.0,0.0,0.0,34.63737951411832,-8.324143352987065,False,True,False,True,False,0.0,0,0.9109903886335147,1.0213121604680317,False,False,False,False,-0.247604365904734,-0.24610557542738987,False,False,False,False,36273.0,45817.49449376718,False,False,False,False,1201.5842066730354,False,False,False,False
2025-08-07 17:00:00+00:00,20.445,20.485,20.365,20.475,4121.0,,,,,,20.5677599328547,20.894894066707124,20.914005777563798,20.979471561763678,21.004015949810935,,,,,20.540157128441685,20.722091218417432,20.75262515478507,20.8394888721872,20.962797808263044,20.976433915862007,20.540157128441685,20.861718427046554,20.625055842993433,20.56194692272077,20.625159850980282,"rgba(239, 83, 80, 1.0)",0.0,0.0,0.3624467279900295,20.830549986989997,-0.9809717112407652,0.0,0.0,0.0,0.0,0.0,0.0,0.0,0.0,35.84930696736495,-8.324143352987065,False,False,False,True,False,0.0,0,0.9091666666666668,1.0154166666666666,False,False,False,False,-0.2662503366343677,-0.2561779560308788,False,False,False,False,40394.0,45733.4093078173,False,False,False,False,1246.8464670346937,False,False,False,False
2025-08-07 18:00:00+00:00,20.475,20.485,20.445,20.475,2225.0,,,,,,20.56076226777166,20.885351177069932,20.90447077507901,20.971892709582832,20.996832664360415,,,,,20.535827463198768,20.71417129564689,20.74427069850578,20.8304507630065,20.955146327553948,20.968860992955307,20.535827463198768,20.85791187739464,20.62414763207015,20.56155336461034,20.62453932744114,"rgba(239, 83, 80, 1.0)",0.0,0.0,0.3631573629575997,20.825422054512707,-0.9649317080034499,0.0,0.0,0.0,0.0,0.0,0.0,0.0,0.0,36.65725860286271,-8.324143352987065,False,False,False,True,False,0.0,0,0.9118997912317333,1.0175365344467642,False,False,False,False,-0.2449546585970876,-0.2505663073139832,False,False,False,False,40394.0,45650.62776816122,False,False,False,False,1262.0116380884192,False,False,False,False
2025-08-07 19:00:00+00:00,20.475,20.495,20.435,20.46,1200.0,,,,,,20.557199315332888,20.8803199676787,20.89943869338454,20.96785812508264,20.993002026415198,,,,,20.533544782646718,20.710018922150184,20.739887558398557,20.825691811330405,20.95107578610496,20.964829805849973,20.533544782646718,20.85586336911236,20.623646587909477,20.561331167872233,20.624196049899698,"rgba(239, 83, 80, 1.0)",0.0,0.0,0.3636945926966801,20.822614442826634,-0.9970300634330629,0.0,0.0,0.0,0.0,0.0,0.0,0.0,0.0,36.596608742875134,-8.324143352987065,False,False,False,True,False,0.0,0,0.9092809364548499,1.019230769230769,False,False,False,False,-0.2449546585970876,-0.2477604829555354,False,False,False,False,39194.0,45550.52501206569,False,False,False,False,1261.0502173428624,False,False,False,False
2025-08-08 14:00:00+00:00,20.49,20.545,20.44,20.475,350.0,,,,,,20.556454941100792,20.878955903609693,20.898069930268697,20.9667472682101,20.99194386061286,,,,,20.533118174726987,20.708945702910487,20.738740487160904,20.82441482549693,20.949957397863813,20.963720268284327,20.533118174726987,20.855305166651547,20.623522222222228,20.561281935346507,20.6241106854886,"rgba(239, 83, 80, 1.0)",0.0,0.0,0.363250056577629,20.821910470280116,-0.955018351679121,0.0,0.0,0.0,0.0,0.0,0.0,0.0,0.0,37.61901764980096,-8.324143352987065,False,False,False,True,True,0.0,0,0.9075385256143279,1.0162432319866719,False,False,False,False,-0.23044031720617736,-0.23910040008085637,False,False,False,False,39544.0,45457.400593273975,False,False,False,False,1246.925407771655,False,False,False,False
2025-08-08 15:00:00+00:00,20.475,20.485,20.42,20.455,0.0,,,,,,20.556454941100792,20.878955903609693,20.898069930268697,20.9667472682101,20.99194386061286,,,,,20.533118174726987,20.708945702910487,20.738740487160904,20.82441482549693,20.949957397863813,20.963720268284327,20.533118174726987,20.855305166651547,20.623522222222228,20.561281935346507,20.6241106854886,"rgba(239, 83, 80, 1.0)",0.0,0.0,0.36165738353185856,20.821910470280116,-1.0145250366436844,0.0,0.0,0.0,0.0,0.0,0.0,0.0,0.0,37.37488904933879,-8.324143352987065,False,False,False,True,True,0.0,0,0.9042065805914208,1.02332361516035,False,False,False,False,-0.2515853378819177,-0.24534286898138705,False,False,False,False,39544.0,45365.71996392089,False,False,False,False,1227.593230906978,False,False,False,False
2025-08-08 16:00:00+00:00,20.455,20.545,20.455,20.485,0.0,,,,,,20.556454941100792,20.878955903609693,20.898069930268697,20.9667472682101,20.99194386061286,,,,,20.533118174726987,20.708945702910487,20.738740487160904,20.82441482549693,20.949957397863813,20.963720268284327,20.533118174726987,20.855305166651547,20.623522222222228,20.561281935346507,20.6241106854886,"rgba(239, 83, 80, 1.0)",0.0,0.0,0.3589885315240758,20.821910470280116,-0.9384992574826072,0.0,0.0,0.0,0.0,0.0,0.0,0.0,0.0,39.435213071514,-8.324143352987065,False,False,False,True,True,0.0,0,0.9008474576271189,1.0360169491525424,False,False,False,False,-0.22649860530360783,-0.23592073714249745,False,False,False,False,39544.0,45275.46073967406,False,False,False,False,1208.5607777146217,False,False,False,False
2025-08-08 17:00:00+00:00,20.485,20.495,20.44,20.475,0.0,,,,,,20.556454941100792,20.878955903609693,20.898069930268697,20.9667472682101,20.99194386061286,,,,,20.533118174726987,20.708945702910487,20.738740487160904,20.82441482549693,20.949957397863813,20.963720268284327,20.533118174726987,20.855305166651547,20.623522222222228,20.561281935346507,20.6241106854886,"rgba(239, 83, 80, 1.0)",0.0,0.0,0.3538497161531546,20.821910470280116,-0.9803892851788062,0.0,0.0,0.0,0.0,0.0,0.0,0.0,0.0,40.25536953352599,-8.324143352987065,False,False,False,True,True,0.0,0,0.8920068027210892,1.0391156462585034,False,False,False,False,-0.24363107072562407,-0.23977590393406076,False,False,False,False,39544.0,45186.60088324501,False,False,False,False,1189.8234013159454,False,False,False,False
2025-08-08 18:00:00+00:00,20.48,20.485,20.455,20.465,2.0,,,,,,20.556449627128185,20.878947773113687,20.8980617874625,20.96674069334881,20.99193760772559,,,,,20.53311480595566,20.708939096491953,20.738733487778152,20.82440716148496,20.949950770268128,20.96371369977746,20.53311480595566,20.855301823381268,20.62352141709598,20.561281585126363,20.624110132971044,"rgba(239, 83, 80, 1.0)",0.0,0.0,0.3486218943572986,20.82190597135081,-1.0237623543661318,0.0,0.0,0.0,0.0,0.0,0.0,0.0,0.0,40.227925981647175,-8.324143352987065,False,False,False,True,True,0.0,0,0.8921568627450984,1.037936913895993,False,False,False,False,-0.24230831945495132,-0.24104211169450604,False,False,False,False,39542.0,45099.08769125672,False,False,False,False,1171.4075346288764,False,False,False,False
2025-08-08 19:00:00+00:00,20.465,20.525,20.45,20.5,448.0,,,,,,20.555586214077472,20.877237653104142,20.89634416058165,20.965341027664515,20.990602964003983,,,,,20.532637582455237,20.70761097466685,20.737309214984858,20.822810651415683,20.94854247406604,20.962315827742337,20.532637582455237,20.854599452734387,20.623368363777693,20.56122287916462,20.624004991169432,"rgba(239, 83, 80, 1.0)",0.0,0.0,0.3415191947173783,20.82103492175266,-0.940020141527709,0.0,0.0,0.0,0.0,0.0,0.0,0.0,0.0,42.988407190834224,-11.107825512340582,False,False,False,True,True,0.0,0,0.8884156729131181,1.038330494037479,False,False,False,False,-0.2305980298011155,-0.23582007074781075,False,False,False,False,39990.0,45019.87702937677,False,False,False,False,1160.1919139369559,False,False,False,False
2025-08-11 14:00:00+00:00,20.625,20.635,20.46,20.475,1863.0,,,,,,20.55389252191561,20.870856215539582,20.88990143178103,20.959991207725075,20.985475874958524,,,,,20.53221245268519,20.70304283705685,20.732299764169714,20.81695217394348,20.943177322496894,20.956975735889465,20.53221245268519,20.851959853837684,20.622887809330788,20.561090471295575,20.62367374140381,"rgba(239, 83, 80, 1.0)",0.0,0.0,0.3344606792225238,20.81813460491701,-1.0259340670916755,0.0,0.0,0.0,0.0,0.0,0.0,0.0,0.0,43.20050567491141,-10.66465116889458,False,False,False,True,True,0.0,1,0.8938240270727585,1.0274957698815566,False,False,False,False,-0.19493209516548576,-0.21537608295664826,False,False,False,False,38127.0,44913.0107188438,False,False,False,False,1171.0881633332822,False,False,False,False
2025-08-11 15:00:00+00:00,20.475,20.525,20.445,20.525,2432.0,,,,,,20.550328198229092,20.862289150930025,20.881267215507787,20.952810420730604,20.97859674488012,,,,,20.53030540446707,20.696625958626026,20.725361423746175,20.80901818442447,20.935968859245833,20.94980631615032,20.53030540446707,20.84831934308629,20.622111588019493,20.560805480035242,20.62313766248989,"rgba(239, 83, 80, 1.0)",0.0,0.0,0.32651556534790227,20.813625968338748,-0.8839577618029278,0.0,0.0,0.0,0.0,0.0,0.0,0.0,0.0,46.81302003895135,-7.110893417510354,True,False,False,True,True,0.0,1,0.894003378378379,1.0325168918918919,False,False,False,False,-0.22738806098930414,-0.2213820719729762,False,False,False,False,40559.0,44845.506676691184,False,False,False,False,1190.6371840567972,False,False,False,False
2025-08-11 16:00:00+00:00,20.525,20.555,20.475,20.505,1817.0,,,,,,20.548559885213717,20.856366561926727,20.875276989861153,20.947742784226453,20.973721878746783,,,,,20.529553181407607,20.692393432575166,20.72072940774143,20.803587229308864,20.930893400658768,20.944748406894668,20.529553181407607,20.84574975600671,20.62159973422571,20.560639325022336,20.6227825995748,"rgba(239, 83, 80, 1.0)",0.0,0.0,0.3157267891792696,20.810574569838312,-0.9678449226074645,0.0,0.0,0.0,0.0,0.0,0.0,0.0,0.0,47.83902206221181,-6.068139290417129,True,False,False,False,True,0.0,1,0.9029626449119802,1.0266208673250323,False,False,False,False,-0.21064172534810638,-0.2160118986605413,False,False,False,False,38742.0,44750.878666199846,False,False,False,False,1200.3482354667692,False,False,False,False
2025-08-11 17:00:00+00:00,20.505,20.505,20.465,20.505,1100.0,,,,,,20.547026976273294,20.85267485981768,20.87154965697966,20.944592929077302,20.97069420495076,,,,,20.528649595999017,20.689650650501434,20.717762483416934,20.80017599064123,20.92773554075517,20.941603931515004,20.528649595999017,20.844121127479056,20.621236203736206,20.560498423593653,20.622530251495046,"rgba(239, 83, 80, 1.0)",0.0,0.0,0.3087653413776899,20.808518898130412,-0.9830083155581273,0.0,0.0,0.0,0.0,0.0,0.0,0.0,0.0,48.523023411052115,-5.28553027590273,True,False,False,False,True,0.0,1,0.9011602922217453,1.0292221744735714,False,False,False,False,-0.22738806098930414,-0.22169997982492273,False,False,False,False,38742.0,44657.71775664636,False,False,False,False,1198.7924488703852,False,False,False,False
2025-08-11 18:00:00+00:00,20.505,20.525,20.475,20.495,1682.0,,,,,,20.54510021642985,20.847273840809557,20.866085831331457,20.939929431183238,20.966200872827358,,,,,20.527582907985384,20.68573509847821,20.713500985282344,20.795211444123925,20.923066224466268,20.93694925676899,20.527582907985384,20.841706133521562,20.620712648539676,20.560304842112792,20.62216582290108,"rgba(239, 83, 80, 1.0)",0.0,0.0,0.30318611416069996,20.805539238170535,-1.0242528389870023,0.0,0.0,0.0,0.0,0.0,0.0,0.0,0.0,48.20879833693703,-5.28553027590273,True,False,False,False,True,0.0,1,0.903572965992252,1.0275505811450714,False,False,False,False,-0.21899977964894835,-0.22034987973693554,False,False,False,False,37060.0,44539.923682899906,False,False,False,False,1206.2840388103791,False,False,False,False
2025-08-11 19:00:00+00:00,20.495,20.535,20.495,20.525,1638.0,,,,,,20.544107053866718,20.842462570394453,20.86119766011614,20.93568214713311,20.96209006227422,,,,,20.52727647209525,20.682463832088633,20.709878332540097,20.790846542769057,20.9188252014577,20.932711797895152,20.52727647209525,20.839521623713424,20.620289685282057,20.56017794705486,20.621869964733534,"rgba(239, 83, 80, 1.0)",0.0,0.0,0.298964700076676,20.803004207080612,-0.9298897395221342,0.0,0.0,0.0,0.0,1.0,20.72,20.525,0.0,50.36136345759351,-3.2156589201918138,True,False,False,False,True,0.0,1,0.9008193186718418,1.0301854247520483,False,False,False,False,-0.21064172534810638,-0.21549580254252096,False,False,False,False,38698.0,44449.35122269991,False,False,False,False,1212.977309526497,False,False,False,False
2025-08-12 14:00:00+00:00,20.725,20.875,20.72,20.855,700.0,,,,,20.816666666666666,20.548361429484608,20.842302330327993,20.860931758082405,20.935171951677567,20.961521868964823,,,,,20.531316461250047,20.683575282175056,20.710718750702675,20.79101933022953,20.918369772660206,20.932211963466386,20.531316461250047,20.839455833227095,20.620635783259733,20.560508911832848,20.622106876988603,"rgba(38, 166, 154, 1.0)",0.0,0.0,0.2932165205577148,20.80389989208746,0.17427431379154185,0.0,0.0,0.0,0.0,1.0,20.815,20.535,0.0,61.254030326756535,6.761223925532022,True,False,True,False,True,3.4157224983404895,0,0.9046413502109709,1.0194092827004217,False,False,False,False,-0.05728032809783689,-0.13638806532017891,False,False,False,False,39398.0,44371.03569986735,False,False,False,False,1205.024172944691,False,False,False,False
2025-08-12 15:00:00+00:00,20.855,20.875,20.815,20.845,663.0,,,,,20.830448764979213,20.552683022405827,20.84231810923592,20.860842161960424,20.9348073150153,20.961092252851444,,,,,20.535409999015844,20.68483166050361,20.711712272204803,20.7913593182984,20.918061277338776,20.931857621440535,20.535409999015844,20.839470908042014,20.621009681324807,20.560856181786036,20.62236333608107,"rgba(38, 166, 154, 1.0)",0.0,0.0,0.28814220088000414,20.804879808381603,0.13923747196997247,0.0,0.0,0.0,0.0,0.0,0.0,0.0,0.0,67.9375571416206,12.370008539957581,True,False,True,False,True,3.0806099201203523,0,0.9119763013118924,1.0198899703766398,False,False,False,False,-0.03194637131657508,-0.084167218318377,False,False,False,False,38735.0,44283.6553014198,False,False,False,False,1196.6206973951607,False,False,False,False
2025-08-12 16:00:00+00:00,20.845,20.865,20.835,20.845,261.0,,,,,20.833323070607552,20.55436894618018,20.84233192796536,20.860814530189415,20.934669875854564,20.960928826867757,,,,,20.537009360435512,20.685331086300124,20.712109046400357,20.791500232168065,20.917946052267798,20.93172424095953,20.537009360435512,20.839480384164215,20.62115871568544,20.560994258426025,20.622465642415104,"rgba(38, 166, 154, 1.0)",0.0,0.0,0.2832333103788337,20.80526154268808,0.14030290878840573,0.0,0.0,0.0,0.0,0.0,0.0,0.0,0.0,72.39324168486331,15.914991564661904,True,False,True,False,True,3.080609920120363,0,0.9234060761660255,1.0128369704749678,False,False,False,False,-0.029282584574357496,-0.05672490144636724,False,False,False,False,38735.0,44197.629637831895,False,False,False,False,1182.1149501487241,False,False,False,False
2025-08-12 17:00:00+00:00,20.845,20.885,20.835,20.885,1100.0,,,,,20.84746084189917,20.56173742977029,20.842581261478024,20.86088388369922,20.934228477582323,20.960366657099854,,,,,20.543995833812573,20.68765704557885,20.71399809460995,20.792292868285386,20.91760291241991,20.931300456016025,20.543995833812573,20.839609823937487,20.621839797832035,20.56161513974465,20.622933892095688,"rgba(38, 166, 154, 1.0)",0.0,0.0,0.2798268930788008,20.806999348534582,0.2787460869368773,0.0,0.0,0.0,0.0,0.0,0.0,0.0,0.0,75.95973252381776,18.801114352664385,True,False,True,False,True,4.338316693371212,0,0.9259578131726223,1.0077486009470509,False,False,False,False,-0.023956219361080704,-0.040340560403723975,False,False,False,False,39835.0,44129.9919690283,False,False,False,False,1180.8418501464182,False,False,False,False
2025-08-12 18:00:00+00:00,20.885,20.905,20.855,20.855,100.0,,,,,20.848317988668555,20.56239727485629,20.842606594548773,20.86089291798627,20.934190656687782,20.960317727812647,,,,,20.54462276304545,20.687869415014355,20.714171223600896,20.792367239155347,20.91757404765944,20.931264235518487,20.54462276304545,20.839622892520765,20.62190236309998,20.561672071195318,20.622976948838375,"rgba(38, 166, 154, 1.0)",0.0,0.0,0.2754876920454214,20.80715456961775,0.17367538283474732,0.0,0.0,0.0,0.0,0.0,0.0,0.0,0.0,76.26911670823802,18.930469292879494,True,False,True,False,True,3.290518224254839,0,0.925766076823479,1.0043159257660765,False,False,False,False,-0.013307262594781745,-0.02682391149925286,False,False,False,False,39735.0,44061.852558655766,False,False,False,False,1164.0846121596521,False,False,False,False
2025-08-12 19:00:00+00:00,20.855,20.94,20.855,20.935,2292.0,,,,,20.87595191555903,20.57857009459624,20.84392564159494,20.861818171853848,20.93386005239265,20.959689489433867,,,,,20.55997238412943,20.693593889376125,20.718978742243458,20.794840333642142,20.917466513870387,20.930972276302466,20.55997238412943,20.84027439291191,20.623546593857544,20.563131884675407,20.624111227782166,"rgba(38, 166, 154, 1.0)",0.0,0.0,0.270670255823265,20.81123865811804,0.45724027379931087,0.0,0.0,0.0,0.0,0.0,0.0,0.0,0.0,77.88536859927463,20.563423175135497,True,False,True,False,True,5.7781198134520295,0,0.9250645994832047,1.0004306632213604,False,False,False,False,-0.003991982980023779,-0.01540794723963832,False,False,False,False,42027.0,44030.30445697118,False,False,False,False,1181.5716724362467,False,False,False,False
2025-08-13 14:00:00+00:00,21.11,21.185,21.075,21.09,2439.0,,,,21.116666666666664,20.953662475181996,20.603954855805497,20.849490294984513,20.866827443553476,20.93648052370401,20.961747772109113,,,,,20.583794293266898,20.70488638643569,20.729103488829278,20.801882757032537,20.920431286638916,20.933646322886897,20.583794293266898,20.84297057396238,20.626523350584232,20.565589526871218,20.62617391262042,"rgba(38, 166, 154, 1.0)",0.0,0.0,0.2671505800713835,20.819312322782906,1.0132400878364742,0.0,0.0,0.0,0.0,0.0,0.0,0.0,0.0,80.75771994470333,23.452106477367295,True,False,True,False,True,10.220899622909435,0,0.930449533502969,0.9940627650551311,False,False,False,False,0.1203355285798543,0.05246379067010799,False,False,False,False,44466.0,44037.059426630534,False,False,False,False,1201.0666852666925,False,False,False,False
2025-08-13 15:00:00+00:00,21.09,21.235,21.09,21.175,559.0,,,,21.125989548587945,20.968337030646616,20.60997391248884,20.850966553429586,20.868172154295433,20.937234299516906,20.96236174238363,,,,,20.58945531308639,20.707694156804738,20.731641863843922,20.803703143272887,20.921268378812844,20.93441285972934,20.58945531308639,20.843692662960702,20.627269626162068,20.56620055646986,20.626692176578988,"rgba(38, 166, 154, 1.0)",0.0,0.0,0.2651156980138626,20.821289593150418,1.334173756965111,0.0,0.0,0.0,0.0,0.0,0.0,0.0,0.0,83.34573945957457,26.08400103179885,True,False,True,False,True,12.46676363453286,0,0.9313684210526321,0.9898947368421049,False,False,False,False,0.13792439482028385,0.09519409274519591,False,False,False,False,45025.0,44052.37633474479,False,False,False,False,1191.1121630144958,False,False,False,False
2025-08-13 16:00:00+00:00,21.18,21.25,21.175,21.245,1716.0,,,,21.161424833828313,21.012851135978295,20.629473778469446,20.856211930913332,20.872995330800887,20.940081650446768,20.96474015869306,,,,,20.607806890268595,20.717142292743354,20.74024481014724,20.810034510652134,20.924388129530318,20.93730127334976,20.607806890268595,20.846274730515823,20.629787015068885,20.568244822891483,20.628443245902652,"rgba(38, 166, 154, 1.0)",0.0,0.0,0.26323909249931726,20.82790593160189,1.5844685697630285,0.0,0.0,0.0,0.0,0.0,0.0,0.0,0.0,85.5368517567772,28.374551661710825,True,False,True,False,True,14.237037753253926,0,0.946542214679678,0.9889690284259647,False,False,False,False,0.1651547016241361,0.130174397184666,False,False,False,False,46741.0,44094.0604225782,False,False,False,False,1199.2499589367517,False,False,False,False
2025-08-13 17:00:00+00:00,21.24,21.255,21.195,21.215,2088.0,,,,21.17991718122121,21.049435028248585,20.651528907439122,20.862370385614902,20.878663194444442,20.9434507955609,20.967558069294444,,,,,20.628695730117343,20.728145498224364,20.750280440078278,20.81745534056863,20.928077672172783,20.940718863019345,20.628695730117343,20.849355886542106,20.63281307949723,20.570708877928247,20.630554174193588,"rgba(38, 166, 154, 1.0)",0.0,0.0,0.26398824366406376,20.835437107725774,1.4378022559111985,0.0,0.0,0.0,0.0,0.0,0.0,0.0,0.0,85.33590155608135,28.503638977682044,True,False,True,False,True,13.145777676778572,0,0.9523201362281827,0.9787143465304382,False,False,False,False,0.17199882138469394,0.15108660928467998,False,False,False,False,44653.0,44102.72615246071,False,False,False,False,1213.029029340833,False,False,False,False
2025-08-13 18:00:00+00:00,21.215,21.295,21.205,21.26,1325.0,,,,21.191886715065007,21.06983563643686,20.665423397050542,20.86650694849252,20.882488627577896,20.94578590724258,20.9695332922972,,,,,20.641898965728117,20.73531465169389,20.7568480984803,20.822385413643364,20.93061930149443,20.94308498990822,20.641898965728117,20.85144910760375,20.63481976528973,20.572338496473414,20.631957295040817,"rgba(38, 166, 154, 1.0)",0.0,0.0,0.2651928585997304,20.840291510179902,1.5826538166836057,0.0,0.0,0.0,0.0,0.0,0.0,0.0,0.0,85.63157008701077,29.25425516932141,True,False,True,False,True,14.282263128664347,0,0.9577645051194542,0.9718430034129686,False,False,False,False,0.18573574713906732,0.16841117821187365,False,False,False,False,45978.0,44131.80016560086,False,False,False,False,1214.7650133820605,False,False,False,False
2025-08-13 19:00:00+00:00,21.26,21.385,21.255,21.355,2153.0,,,,21.22116164072633,21.10645048497445,20.689514320423683,20.87436891603341,20.889819103133572,20.950453644815,20.973555252922296,,,,,20.664803278941367,20.748255306496812,20.768789052700647,20.831576459148852,20.935647720544694,20.947805954792628,20.664803278941367,20.855458540318274,20.638462376399485,20.57527263329246,20.634509525213232,"rgba(38, 166, 154, 1.0)",0.0,0.0,0.27007631554110884,20.877942240347117,1.7663813233569874,0.0,0.0,0.0,0.0,0.0,0.0,0.0,0.0,86.60420001814953,30.67588120690823,True,False,True,False,True,16.593992881521743,0,0.9635593220338987,0.9576271186440672,False,True,False,False,0.22458846984201353,0.1964998240269436,False,False,False,False,48131.0,44193.80326380859,False,True,False,False,1229.311292244354,False,False,False,False
2025-08-14 14:00:00+00:00,21.065,21.145,21.045,21.125,400.0,,,,21.21681101747815,21.106413754537012,20.6922869051194,20.87509085644525,20.89046956002599,20.9508001846163,20.973825918642596,,,,21.105,20.667502299273433,20.749687757232635,20.77008164971839,20.832490162825078,20.936041299906062,20.948159969521743,20.667502299273433,20.855845023341296,20.638915020123964,20.575652654252224,20.63482814646261,"rgba(38, 166, 154, 1.0)",0.0,0.0,0.27027835168106196,20.877038192409582,0.9174312557707969,0.0,0.0,0.0,0.0,0.0,0.0,0.0,0.0,77.9535761949472,34.22246712793232,True,False,True,False,False,8.719439126810506,0,0.9485049833887048,0.9617940199335542,False,False,False,False,0.1014758797966503,0.14898785191179695,False,False,False,False,47731.0,44248.64352328443,False,False,False,False,1216.4537528297128,False,False,False,False
2025-08-14 15:00:00+00:00,21.125,21.175,21.105,21.125,624.0,,,,21.212294910356214,21.10750010150223,20.6968480940902,20.87635388760825,20.891617262128616,20.95144226830231,20.974341998583725,,,,21.123281249999998,20.671931538671775,20.75208630115122,20.772257227753048,20.834058991215304,20.93676001559192,20.948814088358006,20.671931538671775,20.856517860016815,20.639664730775504,20.57627793572565,20.635355994827023,"rgba(38, 166, 154, 1.0)",0.0,0.0,0.27027835168106196,20.87693137273414,0.9178264767523392,0.0,0.0,0.0,0.0,0.0,0.0,0.0,0.0,72.18649364614566,28.999303354607576,True,False,True,False,False,8.719439126810506,0,0.9579166666666671,0.9579166666666662,False,False,False,False,0.1257391029394763,0.13736347742563662,False,False,False,False,47731.0,44302.63354617925,False,False,False,False,1207.268423328477,False,False,False,False
2025-08-14 16:00:00+00:00,21.125,21.125,21.055,21.105,900.0,,,,21.2036448432208,21.10685055812163,20.702677930346322,20.877875692145885,20.892984796413895,20.952160408051338,20.97489666867574,,,,21.110051975051974,20.677634807225672,20.75513767772044,20.775008762290895,20.83599630433168,20.93758019991668,20.949548539199974,20.677634807225672,20.857344032877457,20.64065506369391,20.577112936660804,20.636054563180426,"rgba(38, 166, 154, 1.0)",0.0,0.0,0.2697759831436548,20.876884976816864,0.8455720206259638,0.0,0.0,0.0,0.0,0.0,0.0,0.0,0.0,67.66427974993293,25.00490647598278,True,False,True,False,False,8.072791374718253,0,0.9556856187290972,0.9598662207357853,False,False,False,False,0.09878781569635035,0.11807564656099348,False,False,False,False,46831.0,44341.83302608345,False,False,False,False,1202.5045718040044,False,False,False,False
2025-08-14 17:00:00+00:00,21.105,21.165,21.105,21.155,500.0,,,,21.20120552581864,21.107827441077436,20.70622010457348,20.878891773491105,20.893910296489267,20.952685612191353,20.97532149977752,,,,21.11657315731573,20.68108424271258,20.757039101290157,20.776737204507892,20.83725190254375,20.938166187164654,20.950083279057207,20.68108424271258,20.85789019169423,20.641259709101096,20.57761736189415,20.63648110903764,"rgba(38, 166, 154, 1.0)",0.0,0.0,0.27136886900141577,20.877579040533405,1.0223020808814618,0.0,0.0,0.0,0.0,0.0,0.0,0.0,0.0,65.83749598148248,23.404978906591666,True,False,True,False,False,9.366045775265786,0,0.9712108382726506,0.952582557154953,False,False,False,False,0.1230364221389251,0.12055603434995929,False,False,False,False,47331.0,44388.17670009766,False,False,False,False,1191.6130280551051,False,False,False,False
2025-08-14 18:00:00+00:00,21.155,21.195,21.155,21.195,111.0,,,,21.201036285602807,21.10828453516256,20.7070702514619,20.87915045784938,20.89414784460426,20.952826408084654,20.97543812705056,,,,21.119423405654175,20.681908974416068,20.75750231770399,20.777160527546776,20.83756569047501,20.938321300813005,20.95022628902686,20.681908974416068,20.858028204891884,20.641404456423906,20.577737154703357,20.636583194583345,"rgba(38, 166, 154, 1.0)",0.0,0.0,0.274193033864583,20.87782354536527,1.1567633581507224,0.0,0.0,0.0,0.0,0.0,0.0,0.0,0.0,65.5264755511663,22.967549169700717,True,False,True,False,False,10.38528608224797,0,0.9659863945578235,0.948979591836734,False,False,False,False,0.1447114013521618,0.13263371785106054,False,False,False,False,47442.0,44435.522797770565,False,False,False,False,1174.8593376976617,False,False,False,False
2025-08-14 19:00:00+00:00,21.195,21.255,21.185,21.23,1559.0,,,,21.203454617132785,21.117487258423118,20.719718031722092,20.88323160528758,20.89792082046758,20.955142509052695,20.977390501545855,,,,21.158992427943335,20.694154093889637,20.764531806566527,20.783616896858998,20.842439644064083,20.94084866720892,20.95257464778892,20.694154093889637,20.860202216852507,20.643585437641637,20.579530378373356,20.63812225471322,"rgba(38, 166, 154, 1.0)",0.0,0.0,0.2779738953328731,20.882306050259366,1.2508151145785524,0.0,0.0,0.0,0.0,0.0,0.0,0.0,0.0,66.09278809679607,22.967549169700717,True,False,True,False,False,11.268937856893906,0,0.9617996604414262,0.9473684210526312,False,False,False,False,0.1692592933129636,0.15094650558201206,False,False,False,False,49001.0,44506.30539005319,False,False,False,False,1180.8150068806435,False,False,False,False
2025-08-15 14:00:00+00:00,21.21,21.22,21.085,21.14,300.0,,,,21.20232769978647,21.117954859356573,20.721729177093767,20.883835124224078,20.898471904342724,20.955460288478758,20.977649181832852,,,,21.158264679107877,20.696122168939226,20.765643072231025,20.78462966048355,20.84318154624756,20.941202115356585,20.95289802522296,20.696122168939226,20.86053180712999,20.643949200682886,20.579834241796657,20.638379654543012,"rgba(38, 166, 154, 1.0)",0.0,0.0,0.2798338792927773,20.882815243433818,0.9190622565650891,0.0,0.0,0.0,0.0,0.0,0.0,0.0,0.0,62.87174297306849,19.822216325016285,True,False,True,False,False,8.280518518823158,0,0.9519190215099117,0.9523407844791221,False,False,False,False,0.13250389554066022,0.14172520056133614,False,False,False,False,48701.0,44571.33941501361,False,False,False,False,1167.158960262339,False,False,False,False
2025-08-15 15:00:00+00:00,21.14,21.145,21.07,21.105,581.0,,,,21.19868436578171,21.117632909528243,20.72519568485826,20.884813260400378,20.899355470985114,20.955940445153754,20.97802618497972,,,,21.152238860971526,20.699538815597865,20.767544684703715,20.786352259161404,20.844413379575233,20.94174620333163,20.95338839550354,20.699538815597865,20.861075872634213,20.644594125507073,20.58037873801627,20.63883674404249,"rgba(38, 166, 154, 1.0)",0.0,0.0,0.28036535044433436,20.88348747748794,0.7900852304359254,0.0,0.0,0.0,0.0,0.0,0.0,0.0,0.0,59.48958324581983,16.39229419948633,False,False,True,False,False,7.151241020088985,0,0.9481231547870098,0.9616195698017707,False,False,False,False,0.10820252523138897,0.12496386289636255,False,False,False,False,48120.0,44626.357408579286,False,False,False,False,1158.0712244443182,False,False,False,False
2025-08-15 16:00:00+00:00,21.105,21.165,21.095,21.14,1100.0,,,,21.194289004381943,21.118437271979253,20.73203768332394,20.886861620422753,20.901220498402182,20.95700058313367,20.978880677640557,,,,21.148815637860082,20.706267821132943,20.77136609271272,20.789831019805504,20.846948290714174,20.94293156720475,20.954468332169405,20.706267821132943,20.862210519403106,20.645880425949006,20.58145862775452,20.639748895890904,"rgba(38, 166, 154, 1.0)",0.0,0.0,0.28121906436478816,20.88526601685244,0.9058204632141408,0.0,0.0,0.0,0.0,0.0,0.0,0.0,0.0,58.31855030909413,15.031688183386521,False,False,True,False,False,8.077228462394082,0,0.9505962521294721,0.9680579216354338,False,False,False,False,0.1203355285798543,0.12264969573810842,False,False,False,False,49220.0,44697.57667356255,False,False,False,False,1157.170895383166,False,False,False,False
2025-08-15 17:00:00+00:00,21.135,21.17,21.13,21.165,1397.0,,,,21.191197142106052,21.12067087924902,20.740854920862315,20.88963931897728,20.903763791446075,20.958492037815876,20.980102768643885,,,,21.149971895074945,20.71493714562302,20.776389399193935,20.794422170023587,20.850342980650144,20.94458492152518,20.955985200025264,20.71493714562302,20.86375203354677,20.647576479472196,20.58287762840276,20.640953128223963,"rgba(38, 166, 154, 1.0)",0.0,0.0,0.28370041932992046,20.88796020752834,0.9765223228291519,0.0,0.0,0.0,0.0,0.0,0.0,0.0,0.0,58.30636224092359,14.630866636261914,False,False,True,False,False,8.736378445553164,0,0.9519106912838129,0.9643623872906819,False,False,False,False,0.1311499916188972,0.12689984367850282,False,False,False,False,50617.0,44789.350678623596,False,False,False,False,1160.8891760749,False,False,False,False
2025-08-15 18:00:00+00:00,21.165,21.165,21.13,21.155,1030.0,,,,21.18893790153693,21.12193495968979,20.747048257989935,20.89161282251299,20.90556986498419,20.959549752444275,20.98096755223467,,,,21.149975299929427,20.72104724570494,20.779961799108808,20.79768801719219,20.85275803788702,20.945758936911236,20.95706123181577,20.72104724570494,20.864858893548224,20.648807499563883,20.58391025652356,20.641828801745792,"rgba(38, 166, 154, 1.0)",0.0,0.0,0.28658659053402813,20.889875904670546,0.9251099112328318,0.0,0.0,0.0,0.0,0.0,0.0,0.0,0.0,57.850945716373346,13.719286161822552,False,False,True,False,False,8.401092013312567,0,0.9486626402070751,0.9637618636755817,False,False,False,False,0.1297965656013271,0.12834820463991498,False,False,False,False,49587.0,44863.73283864494,False,False,False,False,1158.8598865233512,False,False,False,False
2025-08-15 19:00:00+00:00,21.155,21.155,21.08,21.095,284.0,,,,21.187762072100423,21.121794792269725,20.74855683858253,20.892068296981716,20.905982467735516,20.959778520208022,20.981148391235685,,,,21.14868313225586,20.72254760675867,20.780829645198335,20.798476936350383,20.853328414724594,20.94601735355113,20.957294752480745,20.72254760675867,20.86511998024914,20.649118861292305,20.584174248139878,20.642050756427423,"rgba(38, 166, 154, 1.0)",0.0,0.0,0.28781597599174524,20.890274150199314,0.7113081513117827,0.0,0.0,0.0,0.0,0.0,0.0,0.0,0.0,54.99438852290385,10.621706141952998,False,False,True,False,False,6.405459762883748,0,0.9443485763589302,0.9633304572907669,False,False,False,False,0.11359084427034295,0.12096952445512896,False,False,False,False,49303.0,44932.558686107805,False,False,False,False,1145.2961673524464,False,False,False,False
2025-08-18 14:00:00+00:00,21.085,21.1,21.015,21.045,939.0,,,,21.181452220278263,21.119235765561346,20.75268846155698,20.89317273118468,20.906959251964334,20.96024651107453,20.98148134139572,,,,21.1394766066838,20.72671331625606,20.78317840522109,20.800587869485838,20.85478399367559,20.946572742136976,20.95777715962868,20.72671331625606,20.865780429805355,20.650019133323685,20.584951349615967,20.642694431897755,"rgba(38, 166, 154, 1.0)",0.0,0.0,0.2884349349710547,20.891026539033906,0.5338238968228581,0.0,0.0,0.0,0.0,0.0,0.0,0.0,0.0,51.25051832001704,6.87287564569688,False,True,False,False,False,4.782128789637966,0,0.9357204486626405,0.971958584987057,False,False,False,False,0.0813482899327916,0.10115890719396028,False,False,False,False,48364.0,44985.75932663326,False,False,False,False,1142.0977771609357,False,False,False,False
2025-08-18 15:00:00+00:00,21.045,21.065,21.015,21.045,2176.0,,,,21.167738980809403,21.113052289018324,20.76149011566331,20.89549259910735,20.908997279138593,20.961179531199804,20.98211784241776,,,,21.121592863344812,20.735644087969185,20.788240279940133,20.805128061991358,20.857883511178855,20.947699683034156,20.958742416390816,20.735644087969185,20.867199151128744,20.652030146216145,20.586697705176896,20.644136183300386,"rgba(38, 166, 154, 1.0)",0.0,0.0,0.2904344834712885,20.892677553224253,0.5244640545267995,0.0,0.0,0.0,0.0,0.0,0.0,0.0,0.0,48.75460485142584,4.398484643181234,False,True,False,True,False,4.782128789637966,0,0.9291576673866094,0.9796976241900639,False,False,False,False,0.07197885565058224,0.08656888142227126,False,False,False,False,48364.0,45038.135151026545,False,False,False,False,1158.1272689878979,False,False,False,False
2025-08-18 16:00:00+00:00,21.045,21.075,21.025,21.07,1927.0,,,,21.15886075161772,21.109334280043793,20.769242674117496,20.89769200445666,20.910949602297936,20.96213880315858,20.98280955178269,,,,21.112545077620286,20.74350784752414,20.79281591859362,20.809254348628027,20.86076087745786,20.948831384997902,20.959730162635243,20.74350784752414,20.868542941831038,20.653861773148602,20.588283733650886,20.645452132091528,"rgba(38, 166, 154, 1.0)",0.0,0.0,0.29300813259329644,20.894538594252843,0.5988277669777257,0.0,0.0,0.0,0.0,0.0,0.0,0.0,0.0,48.33112303396118,3.805370194081185,False,True,False,True,False,5.5036241650927735,0,0.9318479685452162,0.9860200961118386,False,False,False,False,0.07733116829604818,0.08195002485915973,False,False,False,False,50291.0,45119.574916126905,False,False,False,False,1170.04777644545,False,False,False,False
2025-08-18 17:00:00+00:00,21.075,21.105,21.045,21.045,1769.0,,,,21.152444255516485,21.10680379440518,20.77620569877162,20.899761984692606,20.91279687461164,20.96307875954576,20.98350372322564,,,,21.107152550704193,20.750578396634975,20.797009566113612,20.8130485271877,20.863439229727586,20.949928497195405,20.96069599605829,20.750578396634975,20.869813785504114,20.65556316743669,20.589756061436663,20.64667714497139,"rgba(38, 166, 154, 1.0)",0.0,0.0,0.29486310764878243,20.896404359266008,0.5039478893066184,0.0,0.0,0.0,0.0,0.0,0.0,0.0,0.0,46.95213084346023,2.236742451978884,False,True,False,True,False,4.668318421370596,0,0.9335083114610676,0.9741907261592293,False,False,False,False,0.09073199745183894,0.08634101115549933,False,False,False,False,48522.0,45172.32569262106,False,False,False,False,1179.3338574307916,False,False,False,False
2025-08-18 18:00:00+00:00,21.045,21.045,21.005,21.025,787.0,,,,21.14868268076808,21.104778005034607,20.778784540210214,20.90044754975609,20.913392275189352,20.963329474752875,20.9836590594152,,,,21.10320638020833,20.753237402838323,20.798561688667444,20.814438274484978,20.864376328157046,20.950242593882294,20.960957401199394,20.753237402838323,20.87025910989731,20.656242066772208,20.590353272508633,20.647167945290047,"rgba(38, 166, 154, 1.0)",0.0,0.0,0.29643904619356976,20.89695194521637,0.43195407766902794,0.0,0.0,0.0,0.0,0.0,0.0,0.0,0.0,45.168105597315524,0.2983685130830338,False,True,False,True,False,3.999179140114812,0,0.9315489249670907,0.9776217639315481,False,False,False,False,0.06395800294380892,0.07514950704965412,False,False,False,False,47735.0,45212.057077231584,False,False,False,False,1173.2511619667482,False,False,False,False
2025-08-18 19:00:00+00:00,21.025,21.035,20.995,21.02,4136.0,,,,21.13095481601732,21.09463131566247,20.79107352218698,20.903697510998125,20.91619420428654,20.964440778205407,20.984295887871973,,,,21.085763482781026,20.766001800260874,20.806095489039965,20.82117476898461,20.868881244084605,20.9516717299139,20.96212267721287,20.766001800260874,20.87243427362432,20.659689622369513,20.593405447261553,20.64967007652531,"rgba(38, 166, 154, 1.0)",0.0,0.0,0.29809835730959,20.909963226572316,0.3691290835038216,0.0,0.0,0.0,0.0,0.0,0.0,0.0,0.0,43.753552213303976,-1.2787232125187913,False,True,False,True,False,3.8302759490058342,0,0.9322481302243731,0.9762428508578962,False,False,False,False,0.05861539319264026,0.06688245012114719,False,False,False,False,43599.0,45187.04844037528,False,False,False,False,1219.1852524788917,False,False,False,False
2025-08-19 14:00:00+00:00,21.21,21.355,21.205,21.265,1347.0,,,21.275000000000002,21.136990491595903,21.101151365518966,20.799080609433037,20.90704854015495,20.919336814202637,20.966533912086255,20.98611109565905,,,,21.097420389933077,20.773909309343953,20.81131177822742,20.826045356641092,20.872756412072775,20.953921542292147,20.964239644029195,20.773909309343953,20.874372730002577,20.66160047570193,20.594991005289163,20.651046134367945,"rgba(38, 166, 154, 1.0)",0.0,0.0,0.3032854333035129,20.93818501087417,1.0775822154266437,0.0,0.0,0.0,0.0,0.0,0.0,0.0,0.0,52.11233075614368,-3.388538150732657,False,True,True,False,True,10.703673176247559,0,0.9372043010752689,0.961720430107526,False,False,False,False,0.20231251794771438,0.13459748403443078,False,False,False,False,44946.0,45183.31125525318,False,False,False,False,1221.166876471467,False,False,False,False
2025-08-19 15:00:00+00:00,21.265,21.285,21.135,21.135,448.0,,,21.25253760445683,21.137650355371484,21.102147472443935,20.801192730411987,20.90788035769555,20.920108445009213,20.967022535858167,20.98652328348036,,,,21.09917865411905,20.77602247388693,20.812689283294798,20.827322075523128,20.873744203727494,20.954455084265312,20.964735317014817,20.77602247388693,20.87486940724667,20.66214051892438,20.59544713588222,20.65143663693956,"rgba(38, 166, 154, 1.0)",0.0,0.0,0.3059280961272528,20.938273304517057,0.643048801248756,0.0,0.0,0.0,0.0,0.0,0.0,0.0,0.0,52.638386910527736,-3.036265228439383,False,True,True,False,True,6.444837208017493,0,0.9304904051172711,0.9671641791044766,False,False,False,False,0.16378773564822033,0.14919260984132554,False,False,False,False,44498.0,45172.686274551575,False,False,False,False,1209.1797931153203,False,False,False,False
2025-08-19 16:00:00+00:00,21.135,21.195,21.135,21.195,2179.0,,,21.210022647206845,21.13999074979391,21.10612705774212,20.81088531502373,20.91171273434379,20.923659197459827,20.96926067502296,20.98840418353576,,,,21.105923763642796,20.785754395588004,20.819070839261084,20.83323446702462,20.878309352101045,20.956904346895396,20.967006763936464,20.785754395588004,20.87718552005752,20.664701455027668,20.597618201125133,20.653292417104748,"rgba(38, 166, 154, 1.0)",0.0,0.0,0.3089520211155724,20.94100545037792,0.822116484964077,0.0,0.0,0.0,0.0,0.0,0.0,0.0,0.0,54.57133977085989,-1.1808428371198545,False,True,True,False,True,8.012550859713713,0,0.9285714285714289,0.9803250641573986,False,False,False,False,0.13928076677198759,0.14423668830665656,False,False,False,False,46677.0,45196.00896796938,False,False,False,False,1224.2157653150828,False,False,False,False
2025-08-19 17:00:00+00:00,21.195,21.205,21.16,21.165,1500.0,,,21.20088235294118,21.14150736983331,21.108683458162194,20.81729983087044,20.914303920162386,20.92606238390746,20.970785853653748,20.989688678844775,,,,21.110006027031876,20.792209922347492,20.823354723721906,20.837208272907734,20.881389582888822,20.95857166340429,20.968554396912175,20.792209922347492,20.878768050080502,20.66645527307828,20.59910759737137,20.654566346234947,"rgba(38, 166, 154, 1.0)",0.0,0.0,0.30793997309065446,20.94351745906909,0.7192393332635267,0.0,0.0,0.0,0.0,0.0,0.0,0.0,0.0,54.79810275132721,-0.796288350548167,False,True,True,False,True,7.055188061126543,0,0.9298845660538695,0.9756306113723805,False,False,False,False,0.14878993006997232,0.14651330918831446,False,False,False,False,45177.0,45195.714255287676,False,False,False,False,1228.491489883841,False,False,False,False
2025-08-19 18:00:00+00:00,21.165,21.175,21.125,21.175,178.0,,,21.199542344892663,21.141589533267496,21.10889606588401,20.81800804613794,20.91458679569668,20.9263238940404,20.970949369775337,20.989825111577723,,,,21.110334708849148,20.79292599714318,20.823830249621185,20.837648597223723,20.88172845446858,20.958751349675985,20.968720489056057,20.79292599714318,20.87894324528267,20.666655145911808,20.599278236527347,20.65471181372307,"rgba(38, 166, 154, 1.0)",0.0,0.0,0.30781524527753884,20.943747454701757,0.7512706041890053,0.0,0.0,0.0,0.0,0.0,0.0,0.0,0.0,55.24809313052677,-0.0665348012867426,False,True,True,False,True,7.320673974843267,0,0.92762312633833,0.9798715203426116,False,False,False,False,0.1311499916188972,0.13883165040360584,False,False,False,False,45355.0,45198.18380171732,False,False,False,False,1212.2048001182002,False,False,False,False
2025-08-19 19:00:00+00:00,21.175,21.205,21.155,21.19,2719.0,,,21.194277465854338,21.144487120573896,21.113466141305572,20.829240498456468,20.919262667306562,20.930669259676108,20.973740721226736,20.992187224554236,,,,21.117204781189063,20.804251387866447,20.83146038399592,20.844740542607,20.887262320894337,20.961795318518217,20.971551740868684,20.804251387866447,20.881829410192037,20.669842411784856,20.601987897877592,20.657033261245104,"rgba(38, 166, 154, 1.0)",0.0,0.0,0.30721962974547584,20.94853077044825,0.7859824248593814,0.0,0.0,0.0,0.0,0.0,0.0,0.0,0.0,56.02607667014158,1.0252839304787145,False,True,True,False,True,7.723035783552245,0,0.9286019666524159,0.9756306113723805,False,False,False,False,0.14742988099997395,0.1431307657017899,False,False,False,False,48074.0,45242.770099365116,False,False,False,False,1235.5659660078404,False,False,False,False
2025-08-20 14:00:00+00:00,21.265,21.295,21.125,21.145,1931.0,,,21.193163301624278,21.14654704556145,21.116594111962147,20.836913999675396,20.922546837667344,20.933726435962342,20.975725196749835,20.993873021595544,,,,21.121660988904026,20.812004495086775,20.836759689326364,20.849674782841507,20.891134984445873,20.963955145644164,20.97356392754424,20.812004495086775,20.88387955749689,20.672104001957685,20.603913467539897,20.65868512644637,"rgba(38, 166, 154, 1.0)",0.0,0.0,0.304407813824093,20.951867651303328,0.6344526648986629,0.0,0.0,0.0,0.0,0.0,0.0,0.0,0.0,54.63696329212188,1.0252839304787145,False,True,True,False,True,6.244439693404267,0,0.9293271265340672,0.9674143038510358,False,False,False,False,0.16378773564822033,0.1534592506750051,False,False,False,False,46143.0,45256.72715208813,False,False,False,False,1246.3478890154709,False,False,False,False
2025-08-20 15:00:00+00:00,21.145,21.175,21.115,21.125,200.0,,,21.192119120167586,21.146507271641404,21.116687779166124,20.837579649014334,20.922819285043914,20.933977567485737,20.975880795177265,20.994001501568274,,,,21.12176847613521,20.812685339731562,20.837222793816547,20.85010349214836,20.8914638784113,20.964127169682886,20.97372218086937,20.812685339731562,20.884055716515924,20.672314536765256,20.604095181506015,20.658839532899783,"rgba(38, 166, 154, 1.0)",0.0,0.0,0.30165589548246186,20.952054415020267,0.5733207524524828,0.0,0.0,0.0,0.0,0.0,0.0,0.0,0.0,52.89248564041163,1.0252839304787145,False,True,True,False,False,5.591155905654489,0,0.9367303609341829,0.9732484076433111,False,False,False,False,0.12844361227925072,0.1409514314771279,False,False,False,False,45943.0,45267.36704120305,False,False,False,False,1230.125441123758,False,False,False,False
2025-08-20 16:00:00+00:00,21.125,21.175,21.115,21.155,900.0,,,21.18866295386774,21.14654621423945,21.117289685391036,20.840637445698135,20.924093327725675,20.935155001383393,20.976620194369016,20.994616707119743,,,,21.12251743833928,20.815807323963078,20.839357912663313,20.852083419393548,20.892992650932513,20.96494129259417,20.974473609550447,20.815807323963078,20.8848764799459,20.67327987456812,20.604926645040404,20.65954759876559,"rgba(38, 166, 154, 1.0)",0.0,0.0,0.2992539522345105,20.953036352554292,0.6748904933006191,0.0,0.0,0.0,0.0,0.0,0.0,0.0,0.0,52.977251679935705,1.0252839304787145,False,True,True,False,False,6.43502625996685,0,0.9336801040312095,0.9891634156913729,False,False,False,False,0.12844361227925072,0.1346975218781893,False,False,False,False,46843.0,45291.79545916889,False,False,False,False,1225.0072172303665,False,False,False,False
2025-08-20 17:00:00+00:00,21.155,21.175,21.13,21.17,1104.0,,,21.185985526947064,21.14684670330516,21.118225462255445,20.844426403652818,20.925705452694135,20.93664870184457,20.977570895769947,20.99541335360837,,,,21.12371469952966,20.81967134663071,20.842020784811915,20.854557297001982,20.89491575031456,20.965984096981057,20.975439087578103,20.81967134663071,20.885914298973862,20.674483502808098,20.605961815962743,20.66043107957204,"rgba(38, 166, 154, 1.0)",0.0,0.0,0.2993859631896623,20.95439816468769,0.720146773132875,0.0,0.0,0.0,0.0,0.0,0.0,0.0,0.0,53.65773049770107,1.0252839304787145,False,True,True,False,False,6.857715832420915,0,0.9311846689895472,0.9917247386759571,False,False,False,False,0.13250389554066022,0.13360070870942475,False,False,False,False,47947.0,45332.961421042244,False,False,False,False,1223.1311363430739,False,False,False,False
2025-08-20 18:00:00+00:00,21.175,21.175,21.105,21.145,200.0,,,21.18528792171677,21.146822890329304,21.118321884469303,20.84506722864207,20.925974378930327,20.93689697975198,20.977726279192346,20.99554216575656,,,,21.123822759284895,20.8203280510687,20.84247327172239,20.85497683899816,20.895239305031954,20.966155543953292,20.975597069301156,20.8203280510687,20.886090016432213,20.67469342370922,20.60614328687353,20.660585449399363,"rgba(38, 166, 154, 1.0)",0.0,0.0,0.2996157148358936,20.95459912923033,0.6354835922873912,0.0,0.0,0.0,0.0,0.0,0.0,0.0,0.0,52.8332913952886,1.0252839304787145,False,True,True,False,False,6.008394719395408,0,0.9231103388357953,0.9926151172893126,False,False,False,False,0.1257391029394763,0.12966990582445054,False,False,False,False,47747.0,45370.38837575477,False,False,False,False,1207.2686381051967,False,False,False,False
2025-08-20 19:00:00+00:00,21.145,21.165,21.125,21.135,604.0,,,21.18330841472577,21.146752285951788,21.11860832351467,20.846985855859725,20.926782485805617,20.937643142128586,20.9781937559603,20.99592980475864,,,,21.124141343974774,20.82229513790355,20.843831524462352,20.856236445724708,20.896211309854213,20.966671288525617,20.97607235650238,20.82229513790355,20.886619220497845,20.675326241246136,20.606690583473053,20.66105104568583,"rgba(38, 166, 154, 1.0)",0.0,0.0,0.2995247737502478,20.955207965377063,0.6002576427045528,0.0,0.0,0.0,0.0,0.0,0.0,0.0,0.0,51.76487551817135,1.0252839304787145,False,True,False,False,False,5.666776584700063,0,0.9237804878048782,0.9969512195121942,False,False,False,False,0.12844361227925072,0.12905675905185063,False,False,False,False,47143.0,45397.87072651825,False,False,False,False,1197.9156359640308,False,False,False,False
2025-08-21 14:00:00+00:00,21.06,21.135,21.045,21.095,1038.0,,,21.176678631168105,21.145485809633502,21.11805195235821,20.84967602302017,20.927837325066356,20.938601668325397,20.97874711072274,20.996364283569864,,,,21.12317459179381,20.82509945907636,20.845750090737788,20.858000770100837,20.897527302643663,20.967299342153026,20.97663811625432,20.82509945907636,20.88734628694016,20.676293594868973,20.607540865418436,20.661766067960663,"rgba(38, 166, 154, 1.0)",0.0,0.0,0.2983811426788787,20.966697704462188,0.4299946517595156,0.0,0.0,0.0,0.0,0.0,0.0,0.0,0.0,49.06147974626296,2.564073738972162,False,True,False,False,False,4.301791811510942,1,0.9134029590948655,1.0039164490861607,False,False,False,False,0.09878781569635217,0.1139222873741014,False,False,False,False,46105.0,45408.83397106836,False,False,False,False,1195.436323778542,False,False,False,False
2025-08-21 15:00:00+00:00,21.095,21.135,21.055,21.085,806.0,,,21.172157076239497,21.14454186070128,21.117635532928656,20.851724465075904,20.928647137828257,20.939337768496415,20.979173078663184,20.996698943048344,,,,21.12246271794584,20.827237046322836,20.847219479287137,20.859352622814324,20.898537003219907,20.967782685356177,20.97707361965111,20.827237046322836,20.8879073026212,20.677041643578104,20.60819905001424,20.662319642282725,"rgba(38, 166, 154, 1.0)",0.0,0.0,0.29764939469484775,20.967011894540477,0.3963996149916127,0.0,0.0,0.0,0.0,0.0,0.0,0.0,0.0,46.78274648743266,0.370745360788149,False,True,False,True,False,3.9609448919510513,1,0.9110629067245122,1.004338394793925,False,False,False,False,0.1014758797966503,0.10769908358537586,False,False,False,False,45299.0,45407.13111880373,False,False,False,False,1189.3985513168589,False,False,False,False
2025-08-21 16:00:00+00:00,21.085,21.105,21.065,21.075,277.0,,,21.170532693927807,21.14416513450571,21.117441492849302,20.852391466739277,20.928906643809754,20.939572613679456,20.97930578342425,20.996801360573823,,,,21.12214838715659,20.82793629926547,20.847699928731195,20.859793769506112,20.898863746645187,20.967934592085367,20.97720953506846,20.82793629926547,20.8880899700497,20.67729192020466,20.60842016675432,20.662505138060897,"rgba(38, 166, 154, 1.0)",0.0,0.0,0.2968714800645606,20.967027397769137,0.36370149873400404,0.0,0.0,0.0,0.0,0.0,0.0,0.0,0.0,44.763534647749225,-1.535406126247544,False,True,False,True,False,3.616149015191862,1,0.908373520385796,1.0157825515124936,False,False,False,False,0.09610117384055625,0.10190012871296605,False,False,False,False,45022.0,45401.160093706,False,False,False,False,1175.252837342954,False,False,False,False
2025-08-21 17:00:00+00:00,21.08,21.115,21.045,21.105,550.0,,,21.167703731514504,21.143508725052197,21.117133007046,20.85374261181624,20.929441681667022,20.940058393250485,20.97958535558156,20.997019904061126,,,,21.121638859209334,20.82934955939965,20.848675093391495,20.86069068736933,20.899532605904998,20.968252623877763,20.97749551581397,20.82934955939965,20.888464104131995,20.677796120395172,20.608864771812314,20.66287881519581,"rgba(38, 166, 154, 1.0)",0.0,0.0,0.2959025740566994,20.977355775787593,0.4313724698722911,0.0,0.0,0.0,0.0,0.0,0.0,0.0,0.0,45.532875230925605,-1.535406126247544,False,True,False,True,False,4.557774008416299,0,0.9104084321475627,1.0114185331576628,False,False,False,False,0.09341591434641061,0.09765802152968833,False,False,False,False,45572.0,45403.808774423735,False,False,False,False,1165.5589949035284,False,False,False,False
2025-08-21 18:00:00+00:00,21.105,21.135,21.075,21.125,1204.0,,,21.163777713121906,21.142709770414367,21.117009064487167,20.856935929471696,20.930770655020424,20.941276427461172,20.980322634485123,20.997616014349116,,,,21.121320426115012,20.83266436194248,20.850987647558608,20.8628285118656,20.901159375981923,20.969077141629256,20.978247160932696,20.83266436194248,20.889373304147192,20.67895804185953,20.60988240805178,20.663739280817467,"rgba(38, 166, 154, 1.0)",0.0,0.0,0.2958496239646878,20.979263525678157,0.49260320959285164,0.0,0.0,0.0,0.0,0.0,0.0,0.0,0.0,47.35719602995593,-1.535406126247544,False,True,False,True,True,5.184263789187213,1,0.9090509666080845,1.0114235500878723,False,False,False,False,0.10685643488816347,0.10225722820892591,False,False,False,False,46776.0,45425.08305699081,False,False,False,False,1166.1549794786674,False,False,False,False
2025-08-21 19:00:00+00:00,21.125,21.135,21.045,21.06,1288.0,,,21.15793644778866,21.141070532204928,21.11613264324281,20.859851710897996,20.93192590722676,20.94232181130633,20.980914319686974,20.998071723778562,,,,21.119955547576915,20.83573250442226,20.853121833042717,20.864789579462734,20.902614577279113,20.969755182527475,20.978853331236564,20.83573250442226,20.890200379300826,20.680103695587725,20.61089807717037,20.66459131570705,"rgba(38, 166, 154, 1.0)",0.0,0.0,0.2955070920324733,20.988434463377963,0.24217874478007795,0.0,0.0,0.0,0.0,0.0,0.0,0.0,0.0,44.94012093771798,-1.535406126247544,False,True,False,True,False,2.8870394887795108,1,0.9060579455662863,1.0131694468832297,False,False,False,False,0.09878781569635217,0.10052252195263904,False,False,False,False,45488.0,45426.058513471566,False,False,False,False,1168.0440495642695,False,False,False,False
2025-08-22 14:00:00+00:00,21.43,21.665,21.43,21.655,971.0,,21.583333333333336,21.179180038400876,21.149617566276575,21.124327221820806,20.866911593270764,20.935705555688344,20.94594286074427,20.983598162286498,21.00050219971659,,,,21.131214176091813,20.842659093655982,20.858216136665185,20.86964805323826,20.906764806221986,20.972569747904448,20.981555965871156,20.842659093655982,20.892460142652656,20.682044719171746,20.612479336259483,20.666006846264718,"rgba(38, 166, 154, 1.0)",0.0,0.0,0.3072359336388993,21.014346636272318,2.0852162575509676,0.0,0.0,0.0,0.0,0.0,0.0,0.0,0.0,57.055783455061174,2.07274723215032,False,False,True,False,True,18.11079093551602,0,0.9117524048515264,0.9832705980761177,False,False,False,False,0.34282819574945,0.22167535885104453,False,False,False,False,46459.0,45442.07311016193,False,False,False,False,1164.989103059397,False,False,False,False
2025-08-22 15:00:00+00:00,21.655,21.725,21.615,21.695,1548.0,,21.64171364298002,21.21598878938008,21.165420238646902,21.13939718493006,20.87934139173116,20.94251203896678,20.952479723782176,20.98849770690964,21.00496028879844,,,,21.151616480375154,20.85482292744085,20.867237251000738,20.878272306194344,20.914192084703984,20.9776934987908,20.986487324265628,20.85482292744085,20.896523632650933,20.685446326562122,20.61523526126808,20.668487308144805,"rgba(38, 166, 154, 1.0)",0.0,0.0,0.3192123329596786,21.043107914142578,2.042189535138564,0.0,0.0,0.0,0.0,0.0,0.0,0.0,0.0,65.44122047533097,9.095193861967516,True,False,True,False,True,18.922893544091973,0,0.9272879231090678,0.9832845800250717,False,False,False,False,0.3428282009383145,0.28225177989467953,False,False,False,False,48007.0,45481.83941853151,False,True,False,False,1170.9272565003364,False,True,False,False
2025-08-22 16:00:00+00:00,21.695,21.75,21.675,21.685,1456.0,,21.66428427672956,21.247598449750534,21.18012879982973,21.153465635208917,20.89104495496375,20.949014785072475,20.95873061206597,20.99320815003892,21.009253940371533,,,,21.170311782411716,20.866282689893584,20.875798965205203,20.88646607780279,20.921272943153355,20.982614855391432,20.991227641501006,20.866282689893584,20.900428454611642,20.688704667806977,20.617875074634725,20.670866767946954,"rgba(38, 166, 154, 1.0)",0.0,0.0,0.3302239616758785,21.101769001535818,1.7661680136847069,0.0,0.0,0.0,0.0,0.0,0.0,0.0,0.0,70.65575649092406,13.169803490646188,True,False,True,False,True,18.58210283789069,0,0.945900253592561,0.9788672865595931,False,False,False,False,0.3428282025304516,0.3125399912125656,False,False,False,False,46551.0,45498.415551577535,False,False,False,False,1175.3469889576957,False,False,False,False
2025-08-22 17:00:00+00:00,21.685,21.735,21.685,21.685,3297.0,,21.681232810781076,21.30574810642843,21.21053839125181,21.18277782282696,20.91630434029255,20.963305067502066,20.97247687406584,21.00362400948928,21.01876124615989,,,,21.20817792427681,20.891072848317936,20.894515143808327,20.904395302865556,20.936813508170044,20.993490687219005,21.001708840840408,20.891072848317936,20.909114370639262,20.69599439112533,20.62379653996019,20.67620600512468,"rgba(38, 166, 154, 1.0)",0.0,0.0,0.33998906977668364,21.131791749714637,1.6271353977606628,0.0,0.0,0.0,0.0,0.0,0.0,0.0,0.0,74.13211383465278,15.868410332387924,True,False,True,False,True,18.58210283789069,0,0.9486417657045835,0.978353140916807,False,False,False,False,0.3415316332686908,0.32703581224062817,False,False,False,False,46551.0,45514.73469031276,False,False,False,False,1208.2408340901345,False,False,False,False
2025-08-22 18:00:00+00:00,21.685,21.695,21.65,21.695,1100.0,,21.68107083134257,21.321083441981745,21.219496805158013,21.19149254048427,20.924162246937374,20.96781647772901,20.97681772463016,21.006925556793117,21.021776608255017,,,,21.219135472747105,20.898807221434968,20.900409642773493,20.910045141395212,20.941718617497873,20.99693764834763,21.005031162150043,20.898807221434968,20.91189248248885,20.698351326712288,20.625718364756555,20.677937707704988,"rgba(38, 166, 154, 1.0)",0.0,0.0,0.34880623961282553,21.139028677421173,1.5939259664504701,0.0,0.0,0.0,0.0,0.0,0.0,0.0,0.0,76.55723597167689,17.88380807452853,True,False,True,False,True,18.79444847442516,0,0.9522388059701489,0.9748400852878455,False,False,False,False,0.32221247909420075,0.3246241456674145,False,False,False,False,47651.0,45547.855082711016,False,False,False,False,1206.5626816236208,False,True,False,False
2025-08-22 19:00:00+00:00,21.695,21.73,21.665,21.695,3421.0,,21.685594985725995,21.363536036036034,21.24622850686143,21.217605391193977,20.94811570952071,20.981810957699576,20.99029578425792,21.017239684870948,21.031214144593417,,,,21.251302491500283,20.922413714569075,20.918569127045505,20.92747094654683,20.956903244456196,21.007696130204653,21.01540877372269,20.922413714569075,20.920590583877367,20.70573300494527,20.631744577109664,20.683374263961046,"rgba(38, 166, 154, 1.0)",0.0,0.0,0.3561968405099015,21.159938265328684,1.5021518267971354,0.0,0.0,0.0,0.0,0.0,0.0,0.0,0.0,78.1739840630263,19.423594859903503,True,False,True,False,True,18.79444847442516,0,0.9536170212765954,0.9668085106382966,False,False,False,False,0.3350652426415731,0.3298446941544938,False,False,False,False,47651.0,45580.46198065348,False,False,False,False,1240.895043148836,False,False,False,False
2025-08-25 14:00:00+00:00,21.515,21.53,21.475,21.505,100.0,,21.68406247372404,21.363996410459066,21.246648846308954,21.218036470434402,20.948618496516595,20.98210350404817,20.990576420949754,21.017452069697736,21.03140705102013,,,21.503333333333334,21.251797776729685,20.92291570172711,20.918958699745957,20.92784360547388,20.957224324509596,21.007918787426824,21.015622682840927,20.92291570172711,20.92077932341177,20.705905360687808,20.631887915671005,20.68350215396226,"rgba(38, 166, 154, 1.0)",0.0,0.0,0.35853150187659216,21.16003837602381,0.9621515045975695,0.0,0.0,0.0,0.0,-1.0,21.665,21.535,848.0,71.35869859255412,19.423594859903503,True,False,True,False,False,12.294432251127368,0,0.9512195121951216,0.9693019343986533,False,False,False,False,0.23726116347798493,0.2835529288162394,False,False,False,False,47551.0,45611.01295769761,False,False,False,False,1223.2067479062184,False,False,False,False
2025-08-25 15:00:00+00:00,21.505,21.535,21.485,21.525,1061.0,,21.67021537748958,21.36909440926592,21.251224361343684,21.22271517950393,20.95400854194884,20.985256350919066,20.99360249556306,21.019747928762474,21.03349447995194,,,21.513995119150152,21.257173593598605,20.92829482953006,20.92314220663955,20.93184757062946,20.960680171604977,21.01032426160903,21.0179347762844,20.92829482953006,20.922814299455165,20.707756165220356,20.63342616062847,20.684875888540226,"rgba(38, 166, 154, 1.0)",0.0,0.0,0.3605218564928566,21.16151025376586,1.0082322047549406,0.0,0.0,0.0,0.0,0.0,0.0,0.0,0.0,67.28437383945258,26.701409093354144,True,False,True,False,False,12.757743616327083,0,0.9512809743805117,0.9659806803863914,False,False,False,False,0.24093080565159175,0.26224186723391557,False,False,False,False,48612.0,45657.53988858602,False,False,False,False,1220.6919146053467,False,False,False,False
2025-08-25 16:00:00+00:00,21.525,21.545,21.5,21.545,1064.0,,21.65957269225282,21.37436366993937,21.2559109246707,21.227494676470727,20.95945357594497,20.988469340428875,20.996688557004095,21.022098190901257,21.035634442576576,,,21.521648689138573,21.26264957587419,20.933727326211237,20.927383820866375,20.935910270895977,20.964195674462687,21.012784746758268,21.02030132971946,20.933727326211237,20.924892418296455,20.709638049799697,20.634989538743234,20.686273767273065,"rgba(38, 166, 154, 1.0)",0.0,0.0,0.36236669496749896,21.163487363267866,1.0528358208150295,0.0,0.0,0.0,0.0,0.0,0.0,0.0,0.0,65.06000435973459,24.50575696651289,True,False,True,False,False,13.223505595608657,0,0.9594765723934144,0.962431405656394,False,False,False,False,0.24706110500481296,0.2546514861193643,False,False,False,False,49676.0,45719.84159573972,False,False,False,False,1218.2625825959612,False,False,False,False
2025-08-25 17:00:00+00:00,21.545,21.55,21.525,21.535,452.0,,21.655733471550338,21.376590575640755,21.257901756532743,21.22952412417645,20.96176232615077,20.989839477569436,20.998005086601683,21.023103090214917,21.036550136060196,,,21.52418441040966,21.264966238333052,20.93603101410809,20.929187554443583,20.93763868113682,20.96569343952952,21.0138363354028,21.02131312605848,20.93603101410809,20.925780608268134,20.71044136808634,20.635656966461404,20.686870885575132,"rgba(38, 166, 154, 1.0)",0.0,0.0,0.35978972838130807,21.164416046451052,1.0300014822996844,0.0,0.0,0.0,0.0,0.0,0.0,0.0,0.0,63.17490294057349,22.44971469083788,True,False,True,False,False,12.887959633974809,0,0.9597798475867902,0.9618966977138008,False,False,False,False,0.25444160895934326,0.2545465475393538,False,False,False,False,49224.0,45774.16963301507,False,False,False,False,1206.3825425557138,False,False,False,False
2025-08-25 18:00:00+00:00,21.535,21.545,21.475,21.5,950.0,,21.64654971897968,21.380236528683408,21.261554805002085,21.233295635233272,20.966304988811384,20.992540214268296,21.000598362840485,21.025079783076087,21.03834904894059,,,21.519596084918664,21.269186101360578,20.94057692038922,20.932758481903615,20.941058861366827,20.968651925792877,21.015906794676752,21.023303774187696,20.94057692038922,20.927547734633016,20.71206356116674,20.637009930399984,20.68807895293358,"rgba(38, 166, 154, 1.0)",0.0,0.0,0.3566400385783457,21.165844203524923,0.9369553620706851,0.0,0.0,0.0,0.0,-1.0,21.525,21.505,862.0,60.47889013724836,19.542908549665782,True,False,True,False,False,11.710137933931176,0,0.9538135593220333,0.9656779661016937,False,False,False,False,0.24093080565159347,0.24773867659547363,False,False,False,False,48274.0,45812.92669296832,False,False,False,False,1202.4076194153151,False,False,False,False
2025-08-25 19:00:00+00:00,21.505,21.505,21.445,21.47,928.0,,21.63671702960607,21.382717612934727,21.264549737634802,21.236444694195868,20.970400653998716,20.994982003922107,21.002940996901035,21.02686258459085,21.03996892661035,,,21.51017087449689,21.272609397493117,20.944690766828383,20.93600419041704,20.944165801794327,20.971333695984114,21.017776341519262,21.02509960410628,20.944690766828383,20.92916482551643,20.713575610866283,20.63827700845797,20.68920769703791,"rgba(38, 166, 154, 1.0)",0.0,0.0,0.352865681512436,21.166730847382222,0.8594464367232276,0.0,0.0,0.0,0.0,-1.0,21.475,21.465,860.0,57.47884678103874,16.34540105635837,False,False,True,False,False,10.70555390365951,0,0.944938585345192,0.9733163913595925,False,False,False,False,0.2238585202454955,0.23579859842048456,False,False,False,False,47346.0,45836.695271371915,False,False,False,False,1198.1532377189535,False,False,False,False
2025-08-26 14:00:00+00:00,21.44,21.465,21.355,21.395,72.0,,21.63570097442144,21.382763591551317,21.26470367213148,21.236616084584345,20.97067285749497,20.995143501625666,21.00309552024227,21.026979233165232,21.040074364703976,,,21.50853432749802,21.272781417116317,20.944966375886008,20.936222566410795,20.944374409271433,20.971512412808885,21.017899092141867,21.025217186958173,20.944966375886008,20.929274184281258,20.713682145244256,20.638367124286486,20.689287516397638,"rgba(38, 166, 154, 1.0)",0.0,0.0,0.3481791373872915,21.16671221952137,0.6556618589835229,0.0,0.0,0.0,0.0,-1.0,21.445,21.405,854.0,52.809501414378914,11.661951007609147,False,True,False,False,False,8.245244321054699,0,0.9344537815126045,0.9764705882352932,False,False,False,False,0.19248248772772092,0.21414054307410274,False,False,False,False,47274.0,45858.97906561421,False,False,False,False,1180.6934975992797,False,False,False,False
2025-08-26 15:00:00+00:00,21.395,21.405,21.365,21.395,337.0,,21.63072616419009,21.38281687009178,21.26533464586804,21.237334729523322,20.971893684441834,20.995867042711897,21.00378727168098,21.0275002281757,21.040544562587133,,,21.50037402632286,21.2734799103139,20.946205426742306,20.937205745702343,20.94531306464566,20.972314866123195,21.01844790773671,21.025742464110888,20.946205426742306,20.929767467319692,20.714168338223264,20.638779471291024,20.689652184389843,"rgba(38, 166, 154, 1.0)",0.0,0.0,0.34298429297166344,21.166536146863145,0.6661058766202165,0.0,0.0,0.0,0.0,0.0,0.0,0.0,0.0,49.69660450327236,8.49721880734684,False,True,False,False,False,8.245244321054699,0,0.9343434343434338,0.9856902356902347,False,False,False,False,0.1805169731203081,0.1973287580972054,False,False,False,False,47274.0,45880.91737467445,False,False,False,False,1167.6129782566552,False,False,False,False
2025-08-26 16:00:00+00:00,21.395,21.435,21.385,21.415,729.0,,21.62159346524839,21.383401744579476,21.26693257338586,21.239102910144922,20.974656929923615,20.99751565023958,21.005365489238606,21.028694670607514,21.04162531508031,,,21.48901487206511,21.275263549283803,20.949002406917426,20.939427252933587,20.947436282561316,20.974136979599262,21.019704104110236,21.026946351037545,20.949002406917426,20.9308850329359,20.715253997840684,20.63969763189799,20.690466036941313,"rgba(38, 166, 154, 1.0)",0.0,0.0,0.33712465948975395,21.16654218825441,0.7369909164213467,0.0,0.0,0.0,0.0,0.0,0.0,0.0,0.0,48.56127102317675,7.0902195180381185,False,True,False,True,False,8.773120018742187,0,0.9484008528784643,0.9825159914712143,False,False,False,False,0.19248248772772092,0.19490562291246316,False,False,False,False,48003.0,45913.81788049345,False,False,False,False,1160.8127770433737,False,False,False,False
2025-08-26 17:00:00+00:00,21.415,21.415,21.385,21.405,1140.0,,21.608132896667744,21.38396299990117,21.269194710771387,21.241641055490874,20.97881182020184,21.000006053955882,21.007749004194253,21.030499320195634,21.04325748688726,,,21.47444192399629,21.27776445269789,20.95321643515684,20.942787129312602,20.950647366691268,20.976891836896183,21.02160280784067,21.02876544366469,20.95321643515684,20.932586178660788,20.71692069739885,20.641110530972867,20.69171746077313,"rgba(38, 166, 154, 1.0)",0.0,0.0,0.3309367675919232,21.166523306519927,0.7206110557474785,0.0,0.0,0.0,0.0,0.0,0.0,0.0,0.0,47.38324760485058,5.514974383853726,False,True,False,True,False,8.436492647183819,0,0.9427839453458576,0.9850555081127232,False,False,False,False,0.18768993176610288,0.19129777733928302,False,False,False,False,46863.0,45928.533882346266,False,False,False,False,1160.4900983295229,False,False,False,False
2025-08-26 18:00:00+00:00,21.405,21.405,21.37,21.385,200.0,,21.605780126775027,21.383977497162572,21.26953971423956,21.242037219149072,20.97950686343846,21.000423607248983,21.008148400924046,21.03080140397302,21.04353038797699,,,21.471945826816437,21.27814115313881,20.95392320318722,20.94335244772464,20.951187459097454,20.977354550826753,21.02192089915509,21.02906999897886,20.95392320318722,20.932873855409987,20.71720587953511,20.641352989829734,20.69193192578451,"rgba(239, 83, 80, 1.0)",0.0,0.0,0.3233742010023685,21.166488989457143,0.6757218413390313,0.0,0.0,0.0,0.0,0.0,0.0,0.0,0.0,45.7295330334026,3.447140300241152,False,True,False,True,False,7.757824105046396,0,0.9409499358151471,0.9875909285408632,False,False,False,False,0.18171117155124647,0.18650447444526475,False,False,False,False,46663.0,45939.92095393779,False,False,False,False,1145.5987789755768,False,False,False,False
2025-08-26 19:00:00+00:00,21.385,21.385,21.335,21.365,610.0,,21.598118611511286,21.383618489892466,21.27035761933177,21.24302569138728,20.981482920943858,21.00160952140055,21.00928126395419,21.031655098124634,21.04429961590753,,,21.46314427144664,21.27901316127265,20.955940965546347,20.944971074616078,20.952732413571834,20.978673591105505,21.022821400224778,21.029930982875147,20.955940965546347,20.93370080852024,20.718041761374316,20.642066743988842,20.692561718260603,"rgba(239, 83, 80, 1.0)",0.0,0.0,0.31578563546750166,21.166167840205926,0.62964282558234,0.0,0.0,0.0,0.0,0.0,0.0,0.0,0.0,43.762911144346646,1.103439821631909,False,True,False,True,False,7.076592292759749,0,0.9428939458995272,0.9866895663374826,False,False,False,False,0.16860237957703686,0.1775534270111508,False,False,False,False,46053.0,45941.67411744263,False,False,False,False,1137.2949219371956,False,False,False,False
2025-08-27 14:00:00+00:00,21.445,21.455,21.355,21.395,2389.0,,21.576614662084765,21.384688446076733,21.274769801307112,21.24799844298072,20.98982305860198,21.006687769878464,21.014144755046416,21.035356670267912,21.04765196671274,,,21.448504120148858,21.283831130038255,20.964415202351404,20.951788576736906,20.95925378004784,20.984284002435448,21.026713584738502,21.03366191098358,20.964415202351404,20.937208860104118,20.72149679356994,20.64500314997154,20.695163644490016,"rgba(239, 83, 80, 1.0)",0.0,0.0,0.30757123250250384,21.166917711213518,0.7415592379388887,0.0,0.0,0.0,0.0,0.0,0.0,0.0,0.0,44.32680944585532,1.103439821631909,False,True,False,True,False,7.921740406025453,0,0.9473684210526309,0.9756097560975601,False,False,False,False,0.19008513120693843,0.1838192791090446,False,False,False,False,48442.0,45980.43885980786,False,False,False,False,1156.701202217239,False,False,False,False
2025-08-27 15:00:00+00:00,21.395,21.445,21.395,21.415,974.0,,21.56985269821776,21.38548244976417,21.27670995670995,21.250147820904793,20.99326289415993,21.00880718660577,21.016176985790338,21.036912343259097,21.0490642463928,,,21.445834090496092,21.285951228853783,20.96790660454343,20.954610852328017,20.96195663124469,20.98661854169082,21.02834710165719,21.035229534946964,20.96790660454343,20.938674835737448,20.722929687335075,20.646220050331,20.69624387955931,"rgba(239, 83, 80, 1.0)",0.0,0.0,0.29853119413877,21.167606012249127,0.8287039766968965,0.0,0.0,0.0,0.0,0.0,0.0,0.0,0.0,45.89399450751283,1.103439821631909,False,True,False,True,False,8.484751873572435,0,0.9499786233433085,0.9756306113723805,False,False,False,False,0.19728379420395525,0.19055153665649993,False,False,False,False,49416.0,46033.703373609285,False,False,False,False,1153.868625438677,False,False,False,False
2025-08-27 16:00:00+00:00,21.415,21.465,21.405,21.465,1084.0,,21.56418589233625,21.38700565838764,21.279203619662084,21.252846356295983,20.997262984201676,21.011292380601983,21.01856322488133,21.038748927472206,21.050736019683452,,,21.44575930521092,21.288693274593374,20.971956037187265,20.957890318786223,20.965101150226005,20.98934605919216,21.030272374757196,21.037079645464804,20.971956037187265,20.94038602836106,20.724578381646083,20.6476165075136,20.697486582641005,"rgba(239, 83, 80, 1.0)",0.0,0.0,0.2903973977994544,21.168848989146856,1.0198128946653413,0.0,0.0,0.0,0.0,0.0,0.0,0.0,0.0,49.58250458827419,1.103439821631909,False,True,False,False,True,9.87909548755447,0,0.9527288354103991,0.9785131070047263,False,False,False,False,0.20450269989823583,0.19752711827736788,False,False,False,False,50500.0,46102.94828254557,False,False,False,False,1152.7853909357518,False,False,False,False
2025-08-27 17:00:00+00:00,21.465,21.495,21.425,21.475,954.0,,21.5603761189623,21.388723658893255,21.28159533126433,21.255401004720664,21.000879859287366,21.013556007056664,21.020738896040648,21.04043053729113,21.052269711481244,,,21.447166513339468,21.29132834612773,20.975611677599204,20.96085743666487,20.96794881134359,20.991823951058173,21.032033100539877,21.038773268669903,20.975611677599204,20.94194177372845,20.72606324678165,20.648872183942096,20.698606015806206,"rgba(239, 83, 80, 1.0)",0.0,0.0,0.2807310597849368,21.170234439678175,1.0856139700227743,0.0,0.0,0.0,0.0,0.0,0.0,0.0,0.0,52.526802015352686,-3.6919557785537975,False,True,True,False,True,10.156503462210253,0,0.9583512237011588,0.9669386002576204,False,False,False,False,0.21658148400007526,0.20705430113872159,False,False,False,False,51454.0,46185.910324676646,False,False,False,False,1149.7034468902364,False,False,False,False
2025-08-27 18:00:00+00:00,21.475,21.52,21.455,21.515,1800.0,,21.55607094142233,21.39303085051356,21.286695165327355,21.260760743465053,21.00800937909437,21.018061375513348,21.025075236051208,21.04380149113229,21.05535242378464,,,21.453168957154407,21.296960053837164,20.98280040571891,20.966708017891232,20.973571076925502,20.99673782010032,21.035556833582614,21.042167264446576,20.98280040571891,20.945028351452923,20.728968090586974,20.651322429473865,20.70079619030482,"rgba(239, 83, 80, 1.0)",0.0,0.0,0.2723848297823158,21.17362257919688,1.2532908718739644,0.0,0.0,0.0,0.0,1.0,21.505,21.495,864.0,56.32086917611196,0.009290638374466198,False,False,True,False,True,11.264689161063401,0,0.9605995717344744,0.9631691648822261,False,False,False,False,0.22994055135540223,0.21849742624706192,False,False,False,False,53254.0,46295.49311034057,False,False,False,False,1159.7855639927134,False,False,False,False
2025-08-27 19:00:00+00:00,21.515,21.545,21.505,21.535,3193.0,,21.553101910828026,21.401974825580194,21.29644891259918,21.270905239118637,21.02095211571171,21.026365352238535,21.03307977457754,21.050069891536438,21.061101796756727,,,21.466474931160025,21.307694472293658,20.995832529059843,20.977379637509102,20.983841890625154,21.005760605706218,21.042098150811928,21.04847661859782,20.995832529059843,20.950729417922698,20.734277780435942,20.655795745473903,20.704805297072717,"rgba(239, 83, 80, 1.0)",0.0,0.0,0.26270831288275454,21.207701436889078,1.2458629859078498,0.0,0.0,0.0,0.0,0.0,0.0,0.0,0.0,59.6823855737664,3.227713261721121,True,False,True,False,True,11.8156233828832,0,0.9669101847872791,0.9626128061882241,False,False,False,False,0.2482893380465225,0.23339338214679223,False,False,False,False,56447.0,46452.88081405622,False,False,False,False,1191.3082684269348,False,False,False,False
2025-08-28 14:00:00+00:00,21.44,21.44,21.245,21.275,305.0,,21.550742658038825,21.401460459183674,21.296539370508423,21.27108239474389,21.021660980285493,21.02682109319872,21.033515034103605,21.050403049579952,21.061402060470552,,21.319999999999997,21.46403927234398,21.307748765574967,20.9965705601919,20.978000378189368,20.984435328278447,21.006269253698598,21.042450081588417,21.048812797436614,20.9965705601919,20.95107384777231,20.734649179705322,20.656119201773357,20.705089856320853,"rgba(239, 83, 80, 1.0)",0.0,0.0,0.24937865127503833,21.220475264480033,0.21864235467305734,0.0,0.0,0.0,0.0,-1.0,21.505,21.315,866.0,50.79194207408511,7.969051859173696,False,True,False,False,False,2.884834563902068,0,0.9465488215488206,0.9633838383838373,False,False,False,False,0.16029048459079603,0.19684193336879413,False,False,False,False,56142.0,46603.099716163866,False,False,False,False,1177.5670549629513,False,False,False,False
2025-08-28 15:00:00+00:00,21.275,21.315,21.245,21.315,203.0,,21.549009108488804,21.40100383793271,21.296526945606338,21.271131713227966,21.02208629167217,21.027094400528682,21.03377542147602,21.050601079307828,21.061579668294165,,21.30867782152231,21.462152422036485,21.307701677460294,20.997017045666297,20.978378157093786,20.984795893000644,21.006576392938552,21.042659962552094,21.049012759047738,20.997017045666297,20.95128515688672,20.734884159828,20.656325130724582,20.705270385548147,"rgba(239, 83, 80, 1.0)",0.0,0.0,0.23455923779736618,21.230640809832686,0.35964983071863904,0.0,0.0,0.0,0.0,0.0,0.0,0.0,0.0,46.6528910849954,4.41918156033713,False,True,False,True,False,4.030932157143081,0,0.9445378151260496,0.9764705882352932,False,False,False,False,0.13077544580248399,0.16380868958563904,False,False,False,False,56345.0,46754.136929866756,False,False,False,False,1162.4574882193394,False,False,False,False
2025-08-28 16:00:00+00:00,21.315,21.315,21.285,21.295,100.0,,21.548185546575557,21.400793925020277,21.29652921177754,21.271163780400098,21.022300481496135,21.027232214685533,21.033906808967814,21.050701205916543,21.061669591254088,,21.306976425438595,21.461273799946365,21.3076881844325,20.997241458068018,20.978567873710098,20.984977052072445,21.00673098253236,21.042765986857194,21.04911384424514,20.997241458068018,20.95139119054894,20.735001225823755,20.656427588433807,20.705360285932688,"rgba(239, 83, 80, 1.0)",0.0,0.0,0.21947008251049227,21.23032227194897,0.294699520368288,0.0,0.0,0.0,0.0,0.0,0.0,0.0,0.0,43.342235220110126,1.5060153046887237,False,True,False,True,False,3.395266474985462,0,0.9527426160337543,0.9755274261603365,False,False,False,False,0.14019322406282492,0.15200095682423198,False,False,False,False,56245.0,46901.28209374479,False,False,False,False,1145.98527909966,False,False,False,False
2025-08-28 17:00:00+00:00,21.295,21.31,21.255,21.295,756.0,,21.541847524096514,21.399056751296975,21.296436551629853,21.271300725611383,21.02384108410611,21.02822493348383,21.034852252617753,21.051420012759806,21.06231380101322,,21.295719696969694,21.45446987268697,21.30746175692554,20.998861939147083,20.979942819476015,20.986289130889173,21.007847853315457,21.043528233196355,21.049839753435727,20.998861939147083,20.952163827720472,20.735866376940884,20.65718705302397,20.706025697320218,"rgba(239, 83, 80, 1.0)",0.0,0.0,0.21475227714877818,21.227106648249435,0.31614729609377035,0.0,0.0,0.0,0.0,0.0,0.0,0.0,0.0,41.13513131018661,-0.5525360677139872,False,True,False,True,False,3.395266474985462,0,0.9559881506559448,0.9724925941599654,False,False,False,False,0.13195137378357266,0.14197616530390234,False,False,False,False,56245.0,47046.14593725262,False,False,False,False,1139.938995702766,False,False,False,False
2025-08-28 18:00:00+00:00,21.3,21.345,21.285,21.335,202.0,,21.540430893532086,21.398743274044666,21.296499729346664,21.271419323502542,21.02430410499933,21.02852464694372,21.035138620468075,21.051639798907836,21.062512062760412,,21.29906662409536,21.45310139604482,21.307502521700826,20.99934413985374,20.980349808675356,20.986678407869867,21.008182041035802,21.043760298604447,21.050061516735184,20.99934413985374,20.95239120854125,20.73611174238891,20.6574009347224,20.70621393623723,"rgba(239, 83, 80, 1.0)",0.0,0.0,0.20965140522247092,21.22715408957158,0.5144058553482129,0.0,0.0,0.0,0.0,1.0,21.335,21.31,882.0,41.73845552273713,-0.5525360677139872,False,True,False,True,False,4.574872941807868,0,0.955950868276153,0.9703515459551031,False,False,False,False,0.14727271758417246,0.1446244414440374,False,False,False,False,56447.0,47191.89561264405,False,False,False,False,1125.3973058469091,False,False,False,False
2025-08-28 19:00:00+00:00,21.335,21.385,21.335,21.365,244.0,,21.53905230720607,21.398562748189093,21.2966962457619,21.271675287790536,21.024936457333087,21.028935150349046,21.035531952007393,21.05194406345401,21.062788045033088,,21.307505524861877,21.45197729295779,21.30768963043713,20.999996727466897,20.980897590633365,20.987203423707747,21.008636152236935,21.044080372026993,21.050368286489725,20.999996727466897,20.952695204290997,20.7364280779782,20.657674649442768,20.70645592843598,"rgba(239, 83, 80, 1.0)",0.0,0.0,0.20438327358804925,21.22790571992369,0.6707705462856643,0.0,0.0,0.0,0.0,1.0,21.425,21.345,871.0,43.598083442721276,-0.5525360677139872,False,True,False,True,False,5.451706330591168,0,0.960152607036879,0.9660873251377692,False,False,False,False,0.16860237957703686,0.15661341051053712,False,False,False,False,56691.0,47339.168548882124,False,False,False,False,1111.7322313376549,False,False,False,False
2025-08-29 14:00:00+00:00,21.53,21.545,21.425,21.485,1304.0,21.485,21.536912791403594,21.400754905964952,21.299682831206837,21.274860514734776,21.029499337029748,21.031918822736525,21.038406953035448,21.054203561068316,21.06485946351331,,21.381832048811816,21.454013206625373,21.310903730579064,21.00462070310121,20.98473825869339,20.990900487339985,21.011884381950395,21.04644012772314,21.052643059736436,21.00462070310121,20.95479985203423,20.73844566277056,20.659389493266186,20.707989044012688,"rgba(239, 83, 80, 1.0)",0.0,0.0,0.20107705483726077,21.259277898022912,1.122565188553079,0.0,0.0,0.0,0.0,0.0,0.0,0.0,0.0,49.3407897546927,-0.5525360677139872,False,True,False,False,True,8.81513368029933,0,0.9736953754773006,0.954179041154008,False,False,False,False,0.22872282065875352,0.1926681155846453,False,False,False,False,57995.0,47504.37523804674,False,False,False,False,1114.7131269758306,False,False,False,False
2025-08-29 15:00:00+00:00,21.485,21.485,21.425,21.485,572.0,21.478901918976543,21.535685493495645,21.401461751524362,21.300825029090007,21.276097757048316,21.031385777717205,21.03315809791572,21.039600541329353,21.055141598502175,21.065718743469127,,21.394738198589256,21.454302505792626,21.31211934610415,21.006538014420904,20.98633794724573,20.992439989932883,21.013235640154036,21.047420441889408,21.053587582725324,21.006538014420904,20.955683187137165,20.739303631875625,20.660121301198792,20.70864238110827,"rgba(239, 83, 80, 1.0)",0.0,0.0,0.19654360174636085,21.26093906233613,1.1400062666655426,0.0,0.0,0.0,0.0,0.0,0.0,0.0,0.0,53.16926062934032,-4.936256205007886,False,True,True,False,True,8.81513368029933,0,0.9888555507929693,0.9425632233176156,False,False,False,False,0.21416085195542559,0.20341448377003546,False,False,False,False,57995.0,47667.0205831933,False,False,False,False,1106.2989699684533,False,False,False,False
2025-08-29 16:00:00+00:00,21.485,21.495,21.455,21.455,1528.0,21.474157853505677,21.532748782482972,21.403371047206182,21.303860629133695,21.279382181819525,21.036383987503033,21.036459381097306,21.042781227696235,21.0576467347816,21.06801518154772,,21.416305779312104,21.45522457815434,21.31534334184258,21.011619009901,20.990588843034836,20.99653256715763,21.016832431621626,21.05003753106112,21.05610989718076,21.011619009901,20.958043281330664,20.74159612620864,20.662077766019127,20.71038980924637,"rgba(239, 83, 80, 1.0)",0.0,0.0,0.1933523600455391,21.264667636895375,0.9843808633098433,0.0,0.0,0.0,0.0,0.0,0.0,0.0,0.0,54.200023310229895,-3.764901595642627,False,False,True,False,True,7.773121577723764,0,0.9982691475551694,0.9350930333189081,False,False,False,False,0.2238585202454955,0.21363650200776546,False,False,False,False,56467.0,47803.454372601154,False,False,False,False,1112.8369704340587,False,False,False,False
2025-08-29 17:00:00+00:00,21.465,21.505,21.455,21.485,100.0,21.47437214611872,21.532603431595717,21.403517074808363,21.304071257369163,21.27960811469885,21.03671708595467,21.036680304616727,21.042994213743693,21.057814913237483,21.068169534300285,,21.417535754610462,21.45533781565386,21.315567687749247,21.011957234514608,20.990872121754016,20.996805453212513,21.01707273551286,21.050213095683578,21.056279205622968,21.011957234514608,20.95820099636754,20.741748399397835,20.662207588722353,20.710505896341758,"rgba(239, 83, 80, 1.0)",0.0,0.0,0.19329345658972777,21.264939755373362,1.1384774658654018,0.0,0.0,0.0,0.0,0.0,0.0,0.0,0.0,56.022241631666525,-1.716329275890324,False,False,True,False,True,8.615277275068248,0,1.0026052974381228,0.9279201042118963,False,False,False,False,0.2262893542578383,0.21996292813280188,False,False,False,False,56567.0,47939.32329705695,False,False,False,False,1097.1340716676393,False,False,False,False
2025-08-29 18:00:00+00:00,21.485,21.485,21.425,21.445,0.0,21.47437214611872,21.532603431595717,21.403517074808363,21.304071257369163,21.27960811469885,21.03671708595467,21.036680304616727,21.042994213743693,21.057814913237483,21.068169534300285,,21.417535754610462,21.45533781565386,21.315567687749247,21.011957234514608,20.990872121754016,20.996805453212513,21.01707273551286,21.050213095683578,21.056279205622968,21.011957234514608,20.95820099636754,20.741748399397835,20.662207588722353,20.710505896341758,"rgba(239, 83, 80, 1.0)",0.0,0.0,0.19359398397335398,21.264939755373362,0.9300921492034661,0.0,0.0,0.0,0.0,0.0,0.0,0.0,0.0,55.15733220739766,-1.716329275890324,False,False,True,False,True,7.214051375077794,0,0.9952090592334483,0.9346689895470373,False,False,False,False,0.21416085195542559,0.21706189004411375,False,False,False,False,56567.0,48073.08572655994,False,False,False,False,1080.1242410991488,False,False,False,False
2025-08-29 19:00:00+00:00,21.445,21.485,21.44,21.475,1236.0,21.472362869198314,21.530363249037933,21.404940021512044,21.30641756077817,21.28215528796541,21.040655993279724,21.039301487330487,21.045520319281167,21.05980946159827,21.06999900331938,,21.426806870229008,21.45590732229769,21.318045476054635,21.015965627994007,20.994240462948646,21.00004958616131,21.01992727082819,21.052296307388456,21.0582873885858,21.015965627994007,20.96008690381165,20.7435872852664,20.663779498326875,20.711909999684487,"rgba(239, 83, 80, 1.0)",0.0,0.0,0.19459641765924257,21.267147555544764,1.0681206106229968,0.0,0.0,0.0,0.0,0.0,0.0,0.0,0.0,55.83935137049029,-1.0692090925976743,False,False,True,False,True,8.072398527627076,0,1.0021997360316748,0.9340079190497129,False,False,False,False,0.2177927361532522,0.21742731309868296,False,False,False,False,57803.0,48223.93711064428,False,False,False,False,1082.54091953172,False,False,False,False
2025-09-01 14:00:00+00:00,21.475,21.475,21.475,21.475,0.0,21.472362869198314,21.530363249037933,21.404940021512044,21.30641756077817,21.28215528796541,21.040655993279724,21.039301487330487,21.045520319281167,21.05980946159827,21.06999900331938,,21.426806870229008,21.45590732229769,21.318045476054635,21.015965627994007,20.994240462948646,21.00004958616131,21.01992727082819,21.052296307388456,21.0582873885858,21.015965627994007,20.96008690381165,20.7435872852664,20.663779498326875,20.711909999684487,"rgba(239, 83, 80, 1.0)",0.0,0.0,0.19539523355840052,21.267147555544764,1.0637539139004335,0.0,0.0,0.0,0.0,0.0,0.0,0.0,0.0,56.29403081255205,-0.08791630154883734,False,False,True,False,True,8.072398527627076,0,1.0080035571365038,0.9279679857714527,False,False,False,False,0.2238585202454955,0.22064291667208924,False,False,False,False,57803.0,48372.44971358002,False,False,False,False,1065.7573393839414,False,False,False,False
2025-09-01 15:00:00+00:00,21.475,21.475,21.475,21.475,0.0,21.472362869198314,21.530363249037933,21.404940021512044,21.30641756077817,21.28215528796541,21.040655993279724,21.039301487330487,21.045520319281167,21.05980946159827,21.06999900331938,,21.426806870229008,21.45590732229769,21.318045476054635,21.015965627994007,20.994240462948646,21.00004958616131,21.01992727082819,21.052296307388456,21.0582873885858,21.015965627994007,20.96008690381165,20.7435872852664,20.663779498326875,20.711909999684487,"rgba(239, 83, 80, 1.0)",0.0,0.0,0.19633963494999385,21.267147555544764,1.0586372155992663,0.0,0.0,0.0,0.0,0.0,0.0,0.0,0.0,56.597150440593225,0.7772017916039857,False,False,True,False,True,8.072398527627076,0,1.0094509450945082,0.9270927092709258,False,False,False,False,0.2238585202454955,0.22225071845879235,False,False,False,False,57803.0,48518.659795540014,False,False,False,False,1049.2339697810896,False,False,False,False
2025-09-01 16:00:00+00:00,21.475,21.475,21.475,21.475,0.0,21.472362869198314,21.530363249037933,21.404940021512044,21.30641756077817,21.28215528796541,21.040655993279724,21.039301487330487,21.045520319281167,21.05980946159827,21.06999900331938,,21.426806870229008,21.45590732229769,21.318045476054635,21.015965627994007,20.994240462948646,21.00004958616131,21.01992727082819,21.052296307388456,21.0582873885858,21.015965627994007,20.96008690381165,20.7435872852664,20.663779498326875,20.711909999684487,"rgba(239, 83, 80, 1.0)",0.0,0.0,0.19723729249204916,21.267147555544764,1.0538191932624335,0.0,0.0,0.0,0.0,0.0,0.0,0.0,0.0,56.79923019262067,1.5515505320597143,False,False,True,False,True,8.072398527627076,0,1.030726256983239,0.9162011173184343,False,False,False,False,0.21746802991492684,0.21985937418685958,False,False,False,False,57803.0,48662.60305452388,False,False,False,False,1032.9667764511503,False,False,False,False
2025-09-01 17:00:00+00:00,21.475,21.475,21.475,21.475,0.0,21.472362869198314,21.530363249037933,21.404940021512044,21.30641756077817,21.28215528796541,21.040655993279724,21.039301487330487,21.045520319281167,21.05980946159827,21.06999900331938,,21.426806870229008,21.45590732229769,21.318045476054635,21.015965627994007,20.994240462948646,21.00004958616131,21.01992727082819,21.052296307388456,21.0582873885858,21.015965627994007,20.96008690381165,20.7435872852664,20.663779498326875,20.711909999684487,"rgba(239, 83, 80, 1.0)",0.0,0.0,0.19701655393029063,21.267147555544764,1.0549998987840445,0.0,0.0,0.0,0.0,0.0,0.0,0.0,0.0,56.933950027305634,2.2489577222927153,False,False,True,False,True,8.072398527627076,0,1.019239793524166,0.9183481933364604,False,False,False,False,0.21746802991492684,0.2186637020508932,False,False,False,False,57803.0,48804.3146350739,False,False,False,False,1016.9517876689619,False,False,False,False
2025-09-01 18:00:00+00:00,21.475,21.475,21.475,21.475,0.0,21.472362869198314,21.530363249037933,21.404940021512044,21.30641756077817,21.28215528796541,21.040655993279724,21.039301487330487,21.045520319281167,21.05980946159827,21.06999900331938,,21.426806870229008,21.45590732229769,21.318045476054635,21.015965627994007,20.994240462948646,21.00004958616131,21.01992727082819,21.052296307388456,21.0582873885858,21.015965627994007,20.96008690381165,20.7435872852664,20.663779498326875,20.711909999684487,"rgba(239, 83, 80, 1.0)",0.0,0.0,0.19668337843192535,21.267147555544764,1.056787035652727,0.0,0.0,0.0,0.0,0.0,0.0,0.0,0.0,57.02376325042894,2.8773092228549544,False,False,True,False,True,8.072398527627076,0,1.0142112742775924,0.9242065371861664,False,False,False,False,0.21746802991492684,0.21806586598291,False,False,False,False,57803.0,48943.8291368557,False,False,False,False,1001.1850932864972,False,False,False,False
2025-09-01 19:00:00+00:00,21.475,21.475,21.475,21.475,0.0,21.472362869198314,21.530363249037933,21.404940021512044,21.30641756077817,21.28215528796541,21.040655993279724,21.039301487330487,21.045520319281167,21.05980946159827,21.06999900331938,,21.426806870229008,21.45590732229769,21.318045476054635,21.015965627994007,20.994240462948646,21.00004958616131,21.01992727082819,21.052296307388456,21.0582873885858,21.015965627994007,20.96008690381165,20.7435872852664,20.663779498326875,20.711909999684487,"rgba(239, 83, 80, 1.0)",0.0,0.0,0.1959532716867195,21.267147555544764,1.0607245424691973,0.0,0.0,0.0,0.0,0.0,0.0,0.0,0.0,57.08363873251115,3.4417198153928155,False,False,True,False,True,8.072398527627076,0,1.0200668896321057,0.9168657429526982,False,False,False,False,0.21746802991492684,0.21776694794891843,False,False,False,False,57803.0,49081.18062310599,False,False,False,False,985.6628437781794,False,False,False,False
2025-09-02 14:00:00+00:00,21.3,21.36,21.215,21.215,1735.0,21.416352638352638,21.518208010844372,21.40059833062369,21.305562167193045,21.281802264406572,21.043483254055378,21.041202271971525,21.047328185845366,21.061193700933504,21.07123694466383,21.263333333333335,21.392573124119895,21.443213914849427,21.31681440317476,21.018989193073427,20.99688826378413,21.002576818810514,21.022077446323188,21.053767832287743,21.0596862298696,21.018989193073427,20.96165755658847,20.74543142680296,20.665419495967896,20.713343575089706,"rgba(239, 83, 80, 1.0)",0.0,0.0,0.1953875105510173,21.257703629972223,-0.21855864713048248,0.0,0.0,0.0,0.0,-1.0,21.475,21.22,885.0,45.38237776194482,-0.27415645125657306,False,True,False,True,False,0.0,0,1.007065473386716,0.9189825718323112,False,False,False,False,0.12006705809947556,0.168917003024197,False,False,False,False,56068.0,49189.503404143106,False,False,False,False,997.2804741071999,False,False,False,False
2025-09-02 15:00:00+00:00,21.215,21.22,21.165,21.165,300.0,21.406034440344403,21.515592823983685,21.399452579337176,21.30514399537754,21.281483951841142,21.043789606912505,21.041410479901565,21.0475230970602,21.061337171816838,21.071360916752074,21.251539721539725,21.385261308483788,21.440285352966217,21.316297088156254,21.019335798546187,20.99720494151484,21.002876332504833,21.022323379442515,21.053923858227996,21.059831913576126,21.019335798546187,20.961855908199297,20.745699921245798,20.66566433968656,20.71355475392384,"rgba(239, 83, 80, 1.0)",0.0,0.0,0.195681369062675,21.255626828528076,-0.4631346814578434,0.0,0.0,0.0,0.0,-1.0,21.215,21.19,885.0,36.72024442330506,-7.794825090908915,False,True,False,True,False,0.0,0,0.9985849056603763,0.9320754716981118,False,False,False,False,0.07207942632555658,0.12049821467487679,False,False,False,False,55768.0,49291.49559942771,False,False,False,False,986.4699241210417,False,False,False,False
2025-09-02 16:00:00+00:00,21.165,21.19,21.145,21.185,100.0,21.402649696969696,21.514704184516855,21.399055795372124,21.304993848817595,21.281367540687146,21.04388412987961,21.041474866433703,21.047583168603634,21.061381006617193,21.071398494753627,21.247876658860267,21.382821147572443,21.43928635581169,21.316112637835225,21.019443983907763,20.99730460335963,21.002970429662344,21.022400109413447,21.053971770930715,21.059876472689727,21.019443983907763,20.961918964826655,20.745787302865235,20.665744327238443,20.713623607171748,"rgba(239, 83, 80, 1.0)",0.0,0.0,0.19603449319588415,21.254928506173457,-0.35671531592954375,0.0,0.0,0.0,0.0,0.0,0.0,0.0,0.0,32.29540821587484,-11.266037489675611,False,True,False,True,False,0.0,0,0.9937947494033401,0.9446300715990436,False,False,False,False,0.05961938104808042,0.0900587978614786,False,False,False,False,55868.0,49393.456907963715,False,False,False,False,972.7262043672271,False,False,False,False
2025-09-02 17:00:00+00:00,21.185,21.24,21.175,21.225,500.0,21.389814689265535,21.51084194113375,21.39744048033213,21.304474749305296,21.28100334746548,21.044500084817646,21.04189323342682,21.04797793592272,21.061677793142604,21.071659536823834,21.241321948134093,21.37359481037924,21.43513616437685,21.315453863706278,21.020122649566673,20.997914075812805,21.00354946325351,21.022883957487565,21.054290847592465,21.06017710794436,21.020122649566673,20.962293230359137,20.74626450167319,20.666175374103602,20.71399749251543,"rgba(239, 83, 80, 1.0)",0.0,0.0,0.1952183346877102,21.252261413989675,-0.1396457665376759,0.0,0.0,0.0,0.0,0.0,0.0,0.0,0.0,31.93724846667242,-11.266037489675611,False,True,False,True,False,0.0,0,0.9928366762177641,0.94364851957975,False,False,False,False,0.07956594512397458,0.0848123714927266,False,False,False,False,56368.0,49501.58935900303,False,False,False,False,965.3971159274251,False,False,False,False
2025-09-02 18:00:00+00:00,21.225,21.235,21.175,21.195,200.0,21.384847084708472,21.509265119639593,21.396761747099337,21.304242383147987,21.280833831887513,21.044728275862074,21.042048661102253,21.04812421280389,21.061787075780522,21.071755108516932,21.23852439741329,21.36993091813177,21.43343337466268,21.31516287762547,21.020376475632553,20.998143751949172,21.003767354046378,21.023064996852426,21.054408784572313,21.06028789723633,21.020376475632553,20.96243568190227,20.746450347490043,20.666343930582766,20.71414339946482,"rgba(239, 83, 80, 1.0)",0.0,0.0,0.19413963582494645,21.251188836467445,-0.2894248576736286,0.0,0.0,0.0,0.0,0.0,0.0,0.0,0.0,30.877041995739138,-12.214176369396903,False,True,False,True,False,0.0,0,0.9890319504053401,0.9456366237482101,False,False,False,False,0.07831759629751235,0.08156498389511947,False,False,False,False,56168.0,49604.944562739416,False,False,False,False,953.530493975062,False,False,False,False
2025-09-02 19:00:00+00:00,21.195,21.305,21.195,21.295,562.0,21.376569579288027,21.5058139544628,21.395490500715304,21.303994722066243,21.280739332667828,21.045623300942804,21.042656452619564,21.048702696459983,21.062231874631625,21.07215347267054,21.242904523599254,21.364002379276833,21.43005074328188,21.31480498074562,21.021333792917765,20.99898635488535,21.004572195542693,21.023751462032585,21.054881276989303,21.060737334119843,21.021333792917765,20.962940796124837,20.747044306712766,20.66687297578781,20.714606132578382,"rgba(239, 83, 80, 1.0)",0.0,0.0,0.19298391848244095,21.249427180450446,0.23614827550359754,0.0,0.0,0.0,0.0,0.0,0.0,0.0,0.0,35.5939933089182,-12.214176369396903,False,True,False,True,True,1.5085778582347444,0,0.9919393077287804,0.9388335704125159,False,False,False,False,0.10082899783289004,0.09119699086400476,False,False,False,False,56730.0,49715.4105385109,False,False,False,False,947.4602537583943,False,False,False,False
2025-09-03 14:00:00+00:00,21.255,21.28,21.195,21.235,1004.0,21.361203369434417,21.499187734484195,21.392799389070777,21.303244090582677,21.280274386186107,21.04700008134984,21.043596731319415,21.049594126909145,21.062911309657746,21.072757106972485,21.241481481481483,21.352328097890602,21.42335288165218,21.31382156675942,21.022828787836886,21.00031954873216,21.00584265640221,21.024825273475887,21.05560700468012,21.061424657018964,21.022828787836886,20.963754735030793,20.748044161995352,20.667771118448144,20.715388406822335,"rgba(239, 83, 80, 1.0)",0.0,0.0,0.19236629848504497,21.245876588478733,-0.05654102909080731,0.0,0.0,0.0,0.0,0.0,0.0,0.0,0.0,36.733814554682695,-12.214176369396903,False,True,False,True,True,0.0,0,0.99053478466635,0.9427354472314226,False,False,False,False,0.09456657546436578,0.09288178316418527,False,False,False,False,55726.0,49808.597972022355,False,False,False,False,948.3368389714424,False,False,False,False
2025-09-03 15:00:00+00:00,21.235,21.245,21.155,21.155,420.0,21.353463026880036,21.4959849275503,21.39133684686798,21.302695175777927,21.27985577291905,21.047414863265974,21.043882837616064,21.049862232069895,21.063109918584562,21.07292912798731,21.236560879485584,21.346147656318706,21.41994876677548,21.31314688962598,21.023298421497795,21.000751882074038,21.006251967333206,21.025162495258808,21.055822737575866,21.061626289624343,21.023298421497795,20.964029603949566,20.748417118497574,20.66811194997366,20.715682591744052,"rgba(239, 83, 80, 1.0)",0.0,0.0,0.19236629848504497,21.24395822169984,-0.46244182271228973,0.0,0.0,0.0,0.0,0.0,0.0,0.0,0.0,35.32305719557544,-12.214176369396903,False,True,False,True,True,0.0,0,0.9820839226779813,0.9481376709099462,False,False,False,False,0.07582162533920904,0.08435170425169716,False,False,False,False,55306.0,49893.82901121581,False,False,False,False,940.1455701501797,False,False,False,False
2025-09-03 16:00:00+00:00,21.155,21.205,21.125,21.185,63.0,21.352272963424774,21.495489773167893,21.39110517769556,21.30260399983799,21.27978451625492,21.047470856968463,21.04392160828867,21.049898397452512,21.063136401479216,21.072951821220848,21.235723791973793,21.345186286513908,21.419418015450212,21.31303583072711,21.023362842735228,21.00081187723453,21.006308634993488,21.025208746751115,21.055851701776387,21.061653215261327,21.023362842735228,20.964068291110422,20.748471300219123,20.66816171818049,20.715725434926856,"rgba(239, 83, 80, 1.0)",0.0,0.0,0.1911812026646366,21.24365741193292,-0.306815791068198,0.0,0.0,0.0,0.0,0.0,0.0,0.0,0.0,35.86267461701819,-12.214176369396903,False,True,False,True,True,0.0,0,0.9820500708549824,0.9537080774681135,False,False,False,False,0.058374456383821056,0.0713630803177591,False,False,False,False,55369.0,49978.715383134935,False,False,False,False,926.5464140238203,False,False,False,False
2025-09-03 17:00:00+00:00,21.185,21.215,21.125,21.14,100.0,21.350295660222134,21.494678706121263,21.39071895315607,21.302446664533605,21.27965941885196,21.04755129295659,21.043977484784744,21.04995026293517,21.06317389537247,21.072983566183222,21.234204454253614,21.34358071787758,21.418540743746686,21.312845385799193,21.02345694870118,21.000900524386285,21.00639216336321,21.025276258497946,21.055893018661333,21.061691397807717,21.02345694870118,20.96412622033789,20.748554904330934,20.668238865169016,20.715791683752947,"rgba(239, 83, 80, 1.0)",0.0,0.0,0.1895925455638431,21.243153995012317,-0.5440825466293499,0.0,0.0,0.0,0.0,0.0,0.0,0.0,0.0,34.99201411594035,-12.214176369396903,False,True,False,True,True,0.0,0,0.9815515610217587,0.9536423841059585,False,False,False,False,0.060864490321856736,0.06611378531980792,False,False,False,False,55269.0,50060.73529967547,False,False,False,False,913.7317409381797,False,False,False,False
2025-09-03 18:00:00+00:00,21.14,21.23,21.14,21.185,0.0,21.350295660222134,21.494678706121263,21.39071895315607,21.302446664533605,21.27965941885196,21.04755129295659,21.043977484784744,21.04995026293517,21.06317389537247,21.072983566183222,21.234204454253614,21.34358071787758,21.418540743746686,21.312845385799193,21.02345694870118,21.000900524386285,21.00639216336321,21.025276258497946,21.055893018661333,21.061691397807717,21.02345694870118,20.96412622033789,20.748554904330934,20.668238865169016,20.715791683752947,"rgba(239, 83, 80, 1.0)",0.0,0.0,0.18743820603368372,21.243153995012317,-0.3102568907529346,0.0,0.0,0.0,0.0,0.0,0.0,0.0,0.0,36.65992178798544,-12.214176369396903,False,True,False,True,True,0.0,0,0.9759547383309751,0.9547383309759527,False,False,False,False,0.06833924155588442,0.06722651343784616,False,False,False,False,55269.0,50141.483589602976,False,False,False,False,899.5653573577428,False,False,False,False
2025-09-03 19:00:00+00:00,21.185,21.245,21.155,21.225,252.0,21.346709603047316,21.492944780853517,21.389954068132266,21.302185724711816,21.279472197628582,21.047840388818734,21.044176614918136,21.050138055692788,21.063315351686214,21.07310783845789,21.232959320091673,21.34068895299508,21.416764521789666,21.312518660033813,21.023777263653894,21.001191209699698,21.00666835819978,21.025507016560947,21.056045263232985,21.061834728352636,21.023777263653894,20.964308034791042,20.74879016772694,20.668452265597963,20.715976698809126,"rgba(239, 83, 80, 1.0)",0.0,0.0,0.18536912286504534,21.24223502208732,-0.09297676884336077,0.0,0.0,0.0,0.0,0.0,0.0,0.0,0.0,39.60751784937035,-16.183548263691577,False,True,False,True,True,0.0,0,0.9727315467795008,0.9586271744240694,False,False,False,False,0.07582162533920904,0.0715240693885276,False,False,False,False,55521.0,50224.88694480293,False,False,False,False,889.5255843754521,False,False,False,False
