date,Close,High,Low,Open,Volume,Gap_Up_aVWAP_888,Gap_Up_aVWAP_878,Gap_Up_aVWAP_864,Gap_Up_aVWAP_860,Gap_Up_aVWAP_852,Gap_Up_aVWAP_851,Gap_Up_aVWAP_850,Gap_Up_aVWAP_833,Gap_Up_aVWAP_831,Gap_Up_aVWAP_830,Gap_Down_aVWAP_884,Gap_Down_aVWAP_859,Gap_Down_aVWAP_856,Gap_Down_aVWAP_846,Gap_Down_aVWAP_826,Gap_Down_aVWAP_804,Gap_Down_aVWAP_803,Gap_Down_aVWAP_800,Gap_Down_aVWAP_799,Gap_Down_aVWAP_798,aVWAP_OB_bull_863,aVWAP_OB_bull_805,aVWAP_OB_bear_797,aVWAP_OB_bear_692,color,Liquidity,Liquidity_Level,StDev,StDev_Mean,StdDev_ZScore,FVG,FVG_High,FVG_Low,FVG_Mitigated_Index,QQEMOD,QQE1_Value,QQE1_Above_Upper,QQE1_Below_Lower,QQE2_Above_Threshold,QQE2_Below_Threshold,QQE2_Above_TL,banker_RSI,TTM_squeeze_Active,VI_plus,VI_minus,VI_Regular_Bullish,VI_Regular_Bearish,VI_Hidden_Bullish,VI_Hidden_Bearish,Fisher,Fisher_Signal,Fisher_Regular_Bullish,Fisher_Regular_Bearish,Fisher_Hidden_Bullish,Fisher_Hidden_Bearish,OBV,OBV_Smoothed,OBV_Regular_Bullish,OBV_Regular_Bearish,OBV_Hidden_Bullish,OBV_Hidden_Bearish,Volume_MA,Vol_Regular_Bullish,Vol_Regular_Bearish,Vol_Hidden_Bullish,Vol_Hidden_Bearish
2022-01-20 00:00:00+00:00,12.9089785746,13.1261423678,12.9089785746,13.0805880809,7478,,,,,,,,,,,,,,,,,,,,,,,,,#000000,-1.0,12.652899,,,,0.0,0.0,0.0,0.0,,,False,False,False,False,False,,0,,,False,False,False,False,,,False,False,False,False,0,0.0,False,False,False,False,7478.0,False,False,False,False
2022-01-21 00:00:00+00:00,12.6342211474,12.8202778704,12.6250452124,12.8202778704,5664,,,,,,,,,,,,,,,,,,,,,,,,,"rgba(239, 83, 80, 0.5)",0.0,0.0,,,,0.0,0.0,0.0,0.0,0.0,,False,False,False,True,False,,0,,,False,False,False,False,,,False,False,False,False,-5664,-222.11764705882354,False,False,False,False,7406.862745098039,False,False,False,False
2022-01-24 00:00:00+00:00,12.4764731598,12.4764731598,12.2020411203,12.3712427571,15731,,,,,,,,,,,,,,,,,,,,,,,,,"rgba(239, 83, 80, 0.5)",0.0,0.0,,,,0.0,0.0,0.0,0.0,0.0,-50.0,False,False,False,True,True,,0,,,False,False,False,False,,,False,False,False,False,-21395,-1052.4267589388696,False,False,False,False,7733.2995001922345,False,False,False,False
2022-01-25 00:00:00+00:00,12.3629779079,12.3629779079,12.2867070162,12.2996574492,2406,,,,,,,,,,,,,,,,,,,,,,,,,"rgba(239, 83, 80, 0.5)",0.0,0.0,,,,0.0,0.0,0.0,0.0,0.0,-50.0,False,False,False,True,True,,0,,,False,False,False,False,,,False,False,False,False,-23801,-1944.5276703530317,False,False,False,False,7524.385794302343,False,False,False,False
2022-01-26 00:00:00+00:00,12.4083369621,12.5859986808,12.4083369621,12.5859986808,2775,,,,,,,,,,,,,,,,,,,,,,,,,"rgba(239, 83, 80, 0.5)",0.0,0.0,,,,0.0,0.0,0.0,0.0,3.1153017992841257,-47.144306683989555,False,False,False,True,True,,0,,,False,False,False,False,,,False,False,False,False,-21026,-2692.820702888207,False,False,False,False,7338.13537099637,False,False,False,False
2022-01-27 00:00:00+00:00,12.3814599329,12.5339366387,12.3649953121,12.4688590861,4960,,,,,,,,,,,,,,,,,,,,,,,,,"rgba(239, 83, 80, 0.5)",0.0,0.0,,,,0.0,0.0,0.0,0.0,5.013294327385448,-45.577552522079124,False,False,False,True,True,,0,,,False,False,False,False,,,False,False,False,False,-25986,-3606.27871453965,False,False,False,False,7244.875160369062,False,False,False,False
2022-01-28 00:00:00+00:00,12.5172117077,12.5332858632,12.2999177594,12.3647350019,17084,,,,,,,,,,,,,,,,,,,,,,,,,"rgba(239, 83, 80, 0.5)",0.0,0.0,,,,0.0,0.0,0.0,0.0,13.630324148024581,-37.892222750529584,False,False,False,True,True,,0,,,False,False,False,False,,,False,False,False,False,-8902,-3813.954059067507,False,False,False,False,7630.723193295766,False,False,False,False
2022-01-31 00:00:00+00:00,12.9540773186,12.9540773186,12.774072808,12.8593244019,9251,,,,,,,,,,,,,,,,,,,,,,,,,"rgba(239, 83, 80, 0.5)",0.0,0.0,,,,0.0,0.0,0.0,0.0,30.00466974198565,-23.487126909639862,False,False,False,True,True,,0,,,False,False,False,False,,,False,False,False,False,349,-3650.7009587119187,False,False,False,False,7694.263460225344,False,False,False,False
2022-02-01 00:00:00+00:00,13.1319993475,13.1391578783,13.0026251729,13.0610648151,179983,,,,,,,,,,,,,,,,,,,,,,,,,"rgba(239, 83, 80, 0.5)",0.0,0.0,,,,0.0,0.0,0.0,0.0,43.04708785222234,-12.802117174566185,False,False,False,True,True,,0,,,False,False,False,False,,,False,False,False,False,180332,3564.306922021882,False,False,False,False,14450.684501000822,False,False,False,False
2022-02-02 00:00:00+00:00,13.2042354309,13.2231079212,13.1066841795,13.1782044099,27054,,,,,,,,,,,,,,,,,,,,,,,,,"rgba(38, 166, 154, 0.5)",0.0,0.0,,,,0.0,0.0,0.0,0.0,52.473062760121245,-5.636251407666819,False,False,True,False,True,,0,,,False,False,False,False,,,False,False,False,False,207386,11557.3144937073,False,False,False,False,14944.932167628242,False,False,False,False
2022-02-03 00:00:00+00:00,13.0480493046,13.0729740073,12.9374174651,13.0545570599,21350,,,,,,,,,,,,,,,,,,,,,,,,,"rgba(38, 166, 154, 0.5)",0.0,0.0,,,,0.0,0.0,0.0,0.0,55.320341548937286,-4.370507361174354,False,False,True,False,True,,0,,,False,False,False,False,,,False,False,False,False,186036,18399.615886110936,False,False,False,False,15196.111298309488,False,False,False,False
2022-02-04 00:00:00+00:00,12.9204322239,13.0480493046,12.8723399125,13.0480493046,23890,,,,,,,,,,,,,,,,,,,,,,,,,"rgba(38, 166, 154, 0.5)",0.0,0.0,,,,0.0,0.0,0.0,0.0,54.87997535586742,-4.370507361174354,False,False,True,False,True,,0,,,False,False,False,False,,,False,False,False,False,162146,24036.728988616393,False,False,False,False,15537.048110140488,False,False,False,False
2022-02-07 00:00:00+00:00,13.1782044099,13.2171858639,13.0806531585,13.0870958362,8931,,,,,,,,,,,,,,,,,,,,,,,,,"rgba(38, 166, 154, 0.5)",0.0,0.0,,,,0.0,0.0,0.0,0.0,57.70663206423986,-3.393572908658385,False,False,True,False,True,,0,,,False,False,False,False,,,False,False,False,False,171077,29803.014126317714,False,False,False,False,15277.9873999389,False,False,False,False
2022-02-08 00:00:00+00:00,13.3596406266,13.3864525783,13.2661241835,13.3018517599,10567,,,,,,,,,,,,,,,,,,,,,,,,,"rgba(38, 166, 154, 0.5)",0.0,0.0,,,,0.0,0.0,0.0,0.0,61.253404307753364,-0.21149898621230534,False,False,True,False,True,,0,,,False,False,False,False,,,False,False,False,False,181644,35757.562591952315,False,False,False,False,15093.242796019727,False,False,False,False
2022-02-09 00:00:00+00:00,13.6402550336,13.6656352792,13.575177481,13.575177481,25569,,,,,,,,,,,,,,,,,,,,,,,,,"rgba(38, 166, 154, 0.5)",0.0,0.0,,,,0.0,0.0,0.0,0.0,65.60173433839647,3.839677021523869,False,False,True,False,True,,0,,,False,False,False,False,,,False,False,False,False,207213,42481.30523540517,False,False,False,False,15504.056804018954,False,False,False,False
2022-02-10 00:00:00+00:00,13.5373674229,13.7313636073,13.5035921731,13.5361309494,14631,,,,,,,,,,,,,,,,,,,,,,,,,"rgba(38, 166, 154, 0.5)",0.0,0.0,,,,0.0,0.0,0.0,0.0,66.7549339590322,5.017143527778828,False,False,True,False,True,,0,,,False,False,False,False,,,False,False,False,False,192582,48367.606990879474,False,False,False,False,15469.819282292721,False,False,False,False
2022-02-11 00:00:00+00:00,13.3148672704,13.6337472784,13.2367742073,13.5816852363,155960,,,,,,,,,,,,,,,,,,,,,,,,,"rgba(38, 166, 154, 0.5)",0.0,0.0,,,,0.0,0.0,0.0,0.0,64.21806076113671,5.017143527778828,False,False,True,False,True,,0,,,False,False,False,False,,,False,False,False,False,36622,47906.99495202146,False,False,False,False,20979.23813396752,False,False,False,False
2022-02-14 00:00:00+00:00,13.2888362494,13.3213750257,13.2628052283,13.2823284941,3218,,,,,,,,,,,,,,,,,,,,,,,,,"rgba(38, 166, 154, 0.5)",0.0,0.0,,,,0.0,0.0,0.0,0.0,62.16909540996994,5.017143527778828,False,False,True,False,True,,0,,,False,False,False,False,,,False,False,False,False,33404,47338.25005194219,False,False,False,False,20282.71899145899,False,False,False,False
2022-02-15 00:00:00+00:00,13.5686697257,13.5946356692,13.4124835994,13.4124835994,4786,,,,,,,,,,,,,,,,,,,,,,,,,"rgba(38, 166, 154, 0.5)",0.0,0.0,,,,0.0,0.0,0.0,0.0,63.27211837617557,5.017143527778828,False,False,True,False,True,,0,,,False,False,False,False,,,False,False,False,False,38190,46979.49514794446,False,False,False,False,19675.004521205698,False,False,False,False
2022-02-16 00:00:00+00:00,13.6272395231,13.6793015652,13.5361309494,13.5361309494,6141,,,,,,,,,,,,,,,,,,,,,,,,,"rgba(38, 166, 154, 0.5)",0.0,0.0,,,,0.0,0.0,0.0,0.0,64.45720026268819,5.017143527778828,False,False,True,False,True,,0,,,False,False,False,False,,,False,False,False,False,44331,46875.632593123104,False,False,False,False,19144.259245864298,False,False,False,False
2022-02-17 00:00:00+00:00,13.6207317678,13.6597782994,13.5686697257,13.6402550336,13758,,,,,,,,,,,,,,,,,,,,,,,,,"rgba(38, 166, 154, 0.5)",0.0,0.0,,,,0.0,0.0,0.0,0.0,65.14135483411582,5.215763706486328,False,False,True,False,True,,0,,,False,False,False,False,,,False,False,False,False,30573,46236.31366790259,False,False,False,False,18933.033393085305,False,False,False,False
2022-02-18 00:00:00+00:00,13.7183480968,13.8615187126,13.6858093205,13.698824831,8473,,,,,,,,,,,,,,,,,,,,,,,,,"rgba(38, 166, 154, 0.5)",0.0,0.0,,,,0.0,0.0,0.0,0.0,66.40944378710098,7.047467655761295,False,False,True,False,True,,0,,,False,False,False,False,,,False,False,False,False,39046,45954.340582886805,False,False,False,False,18522.83600512118,False,False,False,False
2022-02-22 00:00:00+00:00,13.5556542152,13.6858093205,13.4580378862,13.5426387047,13051,,,,,,,,,,,,,,,,,,,,,,,,,"rgba(38, 166, 154, 0.5)",0.0,0.0,,,,0.0,0.0,0.0,0.0,64.5507957378788,7.047467655761295,False,False,True,False,True,,0,,,False,False,False,False,,,False,False,False,False,25995,45171.621344342224,False,False,False,False,18308.254200998777,False,False,False,False
2022-02-23 00:00:00+00:00,13.4007696399,13.7053325863,13.3994680889,13.6532705442,5429,,,,,,,,,,,,,,,,,,,,,,,,,"rgba(38, 166, 154, 0.5)",0.0,0.0,,,,0.0,0.0,0.0,0.0,61.08727726983553,7.047467655761295,False,False,True,False,False,,0,,,False,False,False,False,,,False,False,False,False,20566,44206.69501711312,False,False,False,False,17803.185408802747,False,False,False,False
2022-02-24 00:00:00+00:00,13.3929603336,13.3929603336,12.885355423,12.9504329756,9399,,,,,,,,,,,,,,,,,,,,,,,,,"rgba(38, 166, 154, 0.5)",0.0,0.0,,13.223758696733336,,0.0,0.0,0.0,0.0,58.66909145610157,7.047467655761295,False,False,True,False,False,,0,,,False,False,False,False,,,False,False,False,False,11167,42911.02070271652,False,False,False,False,17473.609510418326,False,False,False,False
2022-02-25 00:00:00+00:00,13.822472181,13.8289148587,13.5361309494,13.5361309494,8438,,,,,,,,,,,,,,,,,,,,,,,,,"rgba(38, 166, 154, 0.5)",0.0,0.0,,13.462850643116662,,0.0,0.0,0.0,0.0,61.179087065904135,7.047467655761295,False,False,True,False,False,,0,,,False,False,False,False,,,False,False,False,False,19605,41997.05910653156,False,False,False,False,17119.271882558784,False,False,False,False
2022-02-28 00:00:00+00:00,13.8289799363,13.9103268771,13.7378713626,13.7378713626,10804,,,,,,,,,,,,,,,,,,,,,,,,,"rgba(38, 166, 154, 0.5)",0.0,0.0,,13.599735039248161,,0.0,0.0,0.0,0.0,62.90249340693059,7.047467655761295,False,False,True,False,True,,0,,,False,False,False,False,,,False,False,False,False,30409,41542.62541607934,False,False,False,False,16871.614161674126,False,False,False,False
2022-03-01 00:00:00+00:00,13.698824831,13.9493734087,13.6467627889,13.9493734087,6551,,,,,,,,,,,,,,,,,,,,,,,,,"rgba(38, 166, 154, 0.5)",0.0,0.0,,13.63049673671742,,0.0,0.0,0.0,0.0,62.081528311142186,7.047467655761295,False,False,True,False,True,,0,,,False,False,False,False,,,False,False,False,False,23858,40849.110693880146,False,False,False,False,16466.88419454965,False,False,False,False
2022-03-02 00:00:00+00:00,14.0827823916,14.1478599442,13.8419954468,13.8419954468,7106,,,,,,,,,,,,,,,,,,,,,,,,,"rgba(38, 166, 154, 0.5)",0.0,0.0,,13.696640405053305,,0.0,0.0,0.0,0.0,64.49100793360498,7.104429699577359,False,False,True,False,True,,0,,,False,False,False,False,,,False,False,False,False,30964,40461.45929412014,False,False,False,False,16099.790696724172,False,False,False,False
2022-03-03 00:00:00+00:00,14.206950362,14.4081701548,14.1848890717,14.2975383153,11203,,,,,,,,,,,,,,,,,,,,,,,,,"rgba(38, 166, 154, 0.5)",0.0,0.0,,13.8160034079039,,0.0,0.0,0.0,0.0,66.85302486171526,9.627369243702269,False,False,True,False,True,,0,,,False,False,False,False,,,False,False,False,False,42167,40528.34324337033,False,False,False,False,15907.7596890095,False,False,False,False
2022-03-04 00:00:00+00:00,14.1789019369,14.2715072943,14.1088134127,14.2715072943,5050,,,,,,,,,,,,,,,,,,,,,,,,,"rgba(38, 166, 154, 0.5)",0.0,0.0,,13.847950614737547,,0.0,0.0,0.0,0.0,67.99765522200201,10.989078213364536,False,False,True,False,True,,0,,,False,False,False,False,,,False,False,False,False,37117,40394.56507696365,False,False,False,False,15481.965191401285,False,False,False,False
2022-03-07 00:00:00+00:00,13.615330331,14.1869064758,13.6077162573,14.0827823916,11651,,,,,,,,,,,,,,,,,,,,,,,,,"rgba(38, 166, 154, 0.5)",0.0,0.0,,13.84054315869597,,0.0,0.0,0.0,0.0,62.08614054314366,10.989078213364536,False,False,True,False,False,,0,,,False,False,False,False,,,False,False,False,False,25466,39809.13115237684,False,False,False,False,15331.731262326724,False,False,False,False
2022-03-08 00:00:00+00:00,13.5231154389,13.6597782994,13.3864525783,13.477561152,14373,,,,,,,,,,,,,,,,,,,,,,,,,"rgba(38, 166, 154, 0.5)",0.0,0.0,,13.786598274071594,,0.0,0.0,0.0,0.0,57.32793144500552,14.783667340912245,False,False,True,False,False,,0,,,False,False,False,False,,,False,False,False,False,11093,38683.00836208755,False,False,False,False,15294.133957921755,False,False,False,False
2022-03-09 00:00:00+00:00,14.0632591258,14.0925440245,13.8940574889,13.9005652442,9833,,,,,,,,,,,,,,,,,,,,,,,,,"rgba(38, 166, 154, 0.5)",0.0,0.0,,13.810556050172544,,0.0,0.0,0.0,0.0,58.31557019074063,14.783667340912245,False,False,True,False,False,,0,,,False,False,False,False,,,False,False,False,False,20926,37986.65509298608,False,False,False,False,15079.971841924824,False,False,False,False
2022-03-10 00:00:00+00:00,13.8172008993,13.9200234324,13.7378713626,13.8680264679,17099,,,,,,,,,,,,,,,,,,,,,,,,,"rgba(38, 166, 154, 0.5)",0.0,0.0,,13.81277584376139,,0.0,0.0,0.0,0.0,56.823597380923616,14.335740669725013,False,False,True,False,False,,0,,,False,False,False,False,,,False,False,False,False,3827,36647.06077561408,False,False,False,False,15159.149416751301,False,False,False,False
2022-03-11 00:00:00+00:00,13.9526272863,14.1023056574,13.9526272863,14.1023056574,11805,,,,,,,,,,,,,,,,,,,,,,,,,"rgba(38, 166, 154, 0.5)",0.0,0.0,,13.830940585793364,,0.0,0.0,0.0,0.0,56.76507526007629,14.054604837535024,False,False,True,False,False,,1,,,False,False,False,False,,,False,False,False,False,15632,35822.94074519785,False,False,False,False,15027.614145506152,False,False,False,False
2022-03-14 00:00:00+00:00,13.9572477926,14.1543676995,13.92008851,14.0827823916,13730,,,,,,,,,,,,,,,,,,,,,,,,,"rgba(38, 166, 154, 0.5)",0.0,0.0,,13.848937144561246,,0.0,0.0,0.0,0.0,56.75898073157104,13.691938398598957,False,False,True,False,False,,1,,,False,False,False,False,,,False,False,False,False,29362,35569.57051989597,False,False,False,False,14976.727316270617,False,False,False,False
2022-03-15 00:00:00+00:00,13.9786583074,13.9786583074,13.8094566705,13.8354876916,2462,,,,,,,,,,,,,,,,,,,,,,,,,"rgba(38, 166, 154, 0.5)",0.0,0.0,,13.85023112437229,,0.0,0.0,0.0,0.0,56.92041408795694,13.426622995022612,False,False,True,False,False,,1,,,False,False,False,False,,,False,False,False,False,31824,35422.685401468676,False,False,False,False,14485.95369602471,False,False,False,False
2022-03-16 00:00:00+00:00,14.6834482025,14.6880036312,14.3170615811,14.3170615811,14783,,,,,,,,,,,,,,,,,,,,,,,,,"rgba(38, 166, 154, 0.5)",0.0,0.0,,13.918509492340647,,0.0,0.0,0.0,0.0,61.21257080697343,13.426622995022612,False,False,True,False,True,,0,,,False,False,False,False,,,False,False,False,False,46607,35861.2859739601,False,False,False,False,14497.602570690407,False,False,False,False
2022-03-17 00:00:00+00:00,14.7010191417,14.7010191417,14.5708640364,14.5708640364,43895,,,,,,,,,,,,,,,,,,,,,,,,,"rgba(38, 166, 154, 0.5)",0.0,0.0,,14.082216968009043,,0.0,0.0,0.0,0.0,64.15442410267642,7.782791453066594,False,False,True,False,True,,0,,,False,False,False,False,,,False,False,False,False,90502,38004.059073020486,False,False,False,False,15650.441685565294,False,False,False,False
2022-03-18 00:00:00+00:00,14.8996358324,14.9014580038,14.6684803654,14.6684803654,5215,,,,,,,,,,,,,,,,,,,,,,,,,"rgba(38, 166, 154, 0.5)",1.0,15.073622,,14.462203296022134,,0.0,0.0,0.0,0.0,67.01795229728592,10.595220047638733,False,False,True,False,True,,0,,,False,False,False,False,,,False,False,False,False,95717,40267.31165839223,False,False,False,False,15241.208678288223,False,False,False,False
2022-03-21 00:00:00+00:00,14.7711076659,14.831174247,14.6814958759,14.7465734285,10411,,,,,,,,,,,,,,,,,,,,,,,,,"rgba(38, 166, 154, 0.5)",0.0,0.0,,14.45764163654999,,0.0,0.0,0.0,0.0,67.46179762942887,11.145001664567374,False,False,True,False,True,,0,,,False,False,False,False,,,False,False,False,False,85306,42033.53473061215,False,False,False,False,15051.788730120057,False,False,False,False
2022-03-22 00:00:00+00:00,14.8020845809,14.8441897575,14.7660966943,14.7660966943,5196,,,,,,,,,,,,,,,,,,,,,,,,,"rgba(38, 166, 154, 0.5)",0.0,0.0,,14.46836817597826,,0.0,0.0,0.0,0.0,67.9240347181739,11.817752414930965,False,False,True,False,True,,0,,,False,False,False,False,,,False,False,False,False,90502,43934.258858823436,False,False,False,False,14665.28721129182,False,False,False,False
2022-03-23 00:00:00+00:00,14.5564168197,14.7140346522,14.5564168197,14.609910568,18002,,,,,,,,,,,,,,,,,,,,,,,,,"rgba(38, 166, 154, 0.5)",0.0,0.0,,14.444439943508165,,0.0,0.0,0.0,0.0,65.45730351253395,11.817752414930965,False,False,True,False,True,,0,,,False,False,False,False,,,False,False,False,False,72500,45054.48400161467,False,False,False,False,14796.138693201945,False,False,False,False
2022-03-24 00:00:00+00:00,14.4146779101,14.4407089311,14.2975383153,14.4407089311,79745,,,,,,,,,,,,,,,,,,,,,,,,,"rgba(38, 166, 154, 0.5)",0.0,0.0,,14.36189155015849,,0.0,0.0,0.0,0.0,62.37500609078894,11.817752414930965,False,False,True,False,False,,0,,,False,False,False,False,,,False,False,False,False,-7245,43003.52384468861,False,False,False,False,17343.152862095987,False,False,False,False
2022-03-25 00:00:00+00:00,14.0779666527,14.1380983113,13.9982466507,14.1348444337,5272,,,,,,,,,,,,,,,,,,,,,,,,,"rgba(38, 166, 154, 0.5)",0.0,0.0,,14.351663650732707,,0.0,0.0,0.0,0.0,57.37854624011355,13.647296391864728,False,False,True,False,False,,0,,,False,False,False,False,,,False,False,False,False,-12517,40826.24839979885,False,False,False,False,16869.774318484382,False,False,False,False
2022-03-28 00:00:00+00:00,14.1248224906,14.1478599442,14.0242125942,14.0242125942,6599,,,,,,,,,,,,,,,,,,,,,,,,,#000000,0.0,0.0,,14.34090739697552,,0.0,0.0,0.0,0.0,54.45915448489673,10.976899398600679,False,False,False,False,False,,0,,,False,False,False,False,,,False,False,False,False,-5918,38993.14061941458,False,False,False,False,16466.998855014408,False,False,False,False
2022-03-29 00:00:00+00:00,14.2327861504,14.2389685179,14.0827823916,14.2064297416,9313,,,,,,,,,,,,,,,,,,,,,,,,,#000000,0.0,0.0,,14.33137484029712,,0.0,0.0,0.0,0.0,53.474407576830295,10.066079292181868,False,False,False,False,False,,0,,,False,False,False,False,,,False,False,False,False,3395,37597.13510492774,False,False,False,False,16186.449880307962,False,False,False,False
2022-03-30 00:00:00+00:00,14.1787717817,14.3105538258,14.1615262303,14.2584917837,20092,,,,,,,,,,,,,,,,,,,,,,,,,#000000,0.0,0.0,,14.317376650894964,,0.0,0.0,0.0,0.0,52.30336539524646,8.86086002367,False,False,False,False,False,,0,,,False,False,False,False,,,False,False,False,False,-16697,35467.95333610704,False,False,False,False,16339.60870853118,False,False,False,False
2022-03-31 00:00:00+00:00,13.9933007567,14.1543676995,13.9916738179,14.1543676995,27207,,,,,,,,,,,,,,,,,,,,,,,,,#000000,0.0,0.0,,14.2847390622135,,0.0,0.0,0.0,0.0,49.82914007335508,6.386933428557775,False,False,False,False,False,7.159884948241704,0,,,False,False,False,False,0.13601720632346673,0.13601720632346673,False,False,False,False,-43904,32355.327715083236,False,False,False,False,16765.78091603976,False,False,False,False
2022-04-01 00:00:00+00:00,14.0827823916,14.1934142311,14.0567513705,14.16738321,5318,,,,,,,,,,,,,,,,,,,,,,,,,"rgba(239, 83, 80, 0.5)",0.0,0.0,,14.280662442851018,,0.0,0.0,0.0,0.0,49.12043332999983,5.555332103100909,False,False,False,True,False,8.275120367248412,0,0.9125961026829967,0.8811227697268248,False,False,False,False,0.15015654418588598,0.14308687525467634,False,False,False,False,-38586,29573.314863511347,False,False,False,False,16316.848331097024,False,False,False,False
2022-04-04 00:00:00+00:00,13.8419954468,14.0372281047,13.8192183034,14.0372281047,81575,,,,,,,,,,,,,,,,,,,,,,,,,"rgba(239, 83, 80, 0.5)",0.0,0.0,,14.186761243230142,,0.0,0.0,0.0,0.0,46.55513982094569,2.9397224052001363,False,False,False,True,False,4.6785041321392065,0,0.9088316052876009,0.8730151043682882,False,False,False,False,0.09695708780800225,0.12002198153133929,False,False,False,False,-120161,23701.38094729522,False,False,False,False,18875.9915337991,False,False,False,False
2022-04-05 00:00:00+00:00,13.4320068652,13.7508868731,13.4124835994,13.7378713626,13153,,,,,,,,,,,,,,,,,,,,,,,,,"rgba(239, 83, 80, 1.0)",0.0,0.0,,14.162622089770018,,0.0,0.0,0.0,0.0,42.1142118257308,-1.3434195711196395,False,True,False,True,False,0.0,0,0.9030398728991996,0.8736728407327208,False,False,False,False,0.004441807248256512,0.0622318943897979,False,False,False,False,-133314,17543.915027793446,False,False,False,False,18651.56049325796,False,False,False,False
2022-04-06 00:00:00+00:00,12.885355423,13.0740803257,12.7291692967,13.0740803257,19696,,,,,,,,,,,,,,,,,,,,,,,,,"rgba(239, 83, 80, 1.0)",0.0,0.0,,14.097012826042572,,0.0,0.0,0.0,0.0,36.662975514643854,-6.412545026581881,False,True,False,True,False,0.0,0,0.8825464215807455,0.901180367666161,False,False,False,False,-0.19854729455760095,-0.06815770008390153,False,False,False,False,-153010,10855.526203174097,False,False,False,False,18692.51890528706,False,False,False,False
2022-04-07 00:00:00+00:00,12.7682158282,12.8008196821,12.6966305203,12.761708073,60153,,,,,,,,,,,,,,,,,,,,,,,,,"rgba(239, 83, 80, 1.0)",0.0,0.0,,13.915519349405594,,0.0,0.0,0.0,0.0,32.59664366294362,-10.06700778142256,False,True,False,True,False,0.0,0,0.8683616057024152,0.9272682203897782,False,False,False,False,-0.2428945910943441,-0.1555261455891228,False,False,False,False,-213163,2070.4859599123665,False,False,False,False,20318.420124687567,False,False,False,False
2022-04-08 00:00:00+00:00,12.8212540336,12.8918631783,12.7909929717,12.8146161233,11233,,,,,,,,,,,,,,,,,,,,,,,,,"rgba(239, 83, 80, 1.0)",0.0,0.0,,13.889116451721009,,0.0,0.0,0.0,0.0,30.501477113420876,-11.905344372211324,False,True,False,True,False,0.0,0,0.8762182275433565,0.9150701258206628,False,False,False,False,-0.21590576648271761,-0.18571595603592023,False,False,False,False,-201930,-5929.533097339099,False,False,False,False,19962.129139405704,False,False,False,False
2022-04-11 00:00:00+00:00,12.5534599045,12.6966305203,12.5534599045,12.6966305203,4110,,,,,,,,,,,,,,,,,,,,,,,,,"rgba(239, 83, 80, 1.0)",0.0,0.0,,13.877707177232681,,0.0,0.0,0.0,0.0,28.055963498057388,-14.179632673683919,False,True,False,True,False,0.0,0,0.8687314529713398,0.920312105099915,False,False,False,False,-0.34282825441539394,-0.2642721052256571,False,False,False,False,-206040,-13777.002387639528,False,False,False,False,19340.477016291756,False,False,False,False
2022-04-12 00:00:00+00:00,12.54480459,12.6664345359,12.54480459,12.6445684782,6403,,,,,,,,,,,,,,,,,,,,,,,,,"rgba(239, 83, 80, 1.0)",0.0,0.0,,13.860129618169228,,0.0,0.0,0.0,0.0,26.39293299355616,-15.80084871894855,False,True,False,True,False,0.0,0,0.8490579592196852,0.9351155640544522,False,False,False,False,-0.34282825441539394,-0.3035501798205255,False,False,False,False,-212443,-21567.825823418367,False,False,False,False,18833.124976437175,False,False,False,False
2022-04-13 00:00:00+00:00,12.885355423,12.8983709335,12.734505656,12.734505656,6380,,,,,,,,,,,,,,,,,,,,,,,,,"rgba(239, 83, 80, 1.0)",0.0,0.0,,13.84652103753238,,0.0,0.0,0.0,0.0,29.255232112582704,-15.80084871894855,False,True,False,True,False,0.0,0,0.8378218561862683,0.9250819571581407,False,False,False,False,-0.27335154143959356,-0.28845086063005954,False,False,False,False,-206063,-28802.930693088238,False,False,False,False,18344.767134223956,False,False,False,False
2022-04-14 00:00:00+00:00,12.939174559,12.9959221849,12.9276558322,12.9634484862,3610,,,,,,,,,,,,,,,,,,,,,,,,,"rgba(239, 83, 80, 0.75)",0.0,0.0,,13.839854070913859,,0.0,0.0,0.0,0.0,31.731557288985595,-15.80084871894855,False,True,False,True,True,0.0,0,0.8411555080274667,0.9252440831145443,False,False,False,False,-0.22694352313266114,-0.2576971918813603,False,False,False,False,-202453,-35612.73733257497,False,False,False,False,17766.93312896027,False,False,False,False
2022-04-18 00:00:00+00:00,12.9888938092,13.0285260388,12.9309097098,12.9309097098,7680,,,,,,,,,,,,,,,,,,,,,,,,,"rgba(239, 83, 80, 0.75)",0.0,0.0,,13.826460363937782,,0.0,0.0,0.0,0.0,33.93005118163961,-15.80084871894855,False,True,False,True,True,0.0,0,0.856579508493137,0.9205226616322708,False,False,False,False,-0.2212889131289661,-0.2394930525051632,False,False,False,False,-194773,-41854.31626070929,False,False,False,False,17371.367123903005,False,False,False,False
2022-04-19 00:00:00+00:00,13.3053008702,13.3053008702,13.2108082638,13.2108082638,2149,,,,,,,,,,,,,,,,,,,,,,,,,"rgba(239, 83, 80, 0.75)",0.0,0.0,,13.8240710059445,,0.0,0.0,0.0,0.0,38.55570644439814,-19.458675078019628,False,True,False,True,True,0.0,0,0.8670179215962641,0.909747086993558,False,False,False,False,-0.13504206731749432,-0.18726755991132876,False,False,False,False,-192624,-47766.85287793638,False,False,False,False,16774.411550416615,False,False,False,False
2022-04-20 00:00:00+00:00,13.3213750257,13.4385146204,13.3213750257,13.3929603336,2471,,,,,,,,,,,,,,,,,,,,,,,,,"rgba(239, 83, 80, 0.75)",0.0,0.0,,13.821786098310506,,0.0,0.0,0.0,0.0,41.78764770776035,-16.380097563032997,False,True,False,True,True,0.0,0,0.8688360931174465,0.9195008399542406,False,False,False,False,-0.09796431499619287,-0.14261593745376083,False,False,False,False,-190153,-53350.62335331142,False,False,False,False,16213.493450400276,False,False,False,False
2022-04-21 00:00:00+00:00,13.0440795739,13.3929603336,13.0348385614,13.3929603336,5487,,,,,,,,,,,,,,,,,,,,,,,,,"rgba(239, 83, 80, 0.75)",0.0,0.0,,13.814550236771804,,0.0,0.0,0.0,0.0,41.70454489552145,-16.349746399586138,False,True,False,True,True,0.0,0,0.8422524246080803,0.9353249182437295,False,False,False,False,-0.14855986787904282,-0.14558790266640181,False,False,False,False,-195640,-58930.59890808352,False,False,False,False,15792.846648423796,False,False,False,False
2022-04-22 00:00:00+00:00,12.9309097098,13.1391578783,12.8931647293,13.1001113467,10768,,,,,,,,,,,,,,,,,,,,,,,,,"rgba(239, 83, 80, 0.75)",0.0,0.0,,13.797218709160287,,0.0,0.0,0.0,0.0,40.83516228698407,-16.349746399586138,False,True,False,True,True,0.0,0,0.8243273526635532,0.9622278061106013,False,False,False,False,-0.2098373491499722,-0.177712625908187,False,False,False,False,-206408,-64714.02640188417,False,False,False,False,15595.793838681686,False,False,False,False
2022-04-25 00:00:00+00:00,12.6315529677,12.6445684782,12.4233047992,12.6445684782,10437,,,,,,,,,,,,,,,,,,,,,,,,,"rgba(239, 83, 80, 0.75)",0.0,0.0,,13.772642917528207,,0.0,0.0,0.0,0.0,38.35197619283805,-16.349746399586138,False,True,False,True,True,0.0,0,0.8144007176609472,0.9826567179666674,False,False,False,False,-0.34282825441539394,-0.26027044016179046,False,False,False,False,-216845,-70679.94693514361,False,False,False,False,15393.488197949071,False,False,False,False
2022-04-26 00:00:00+00:00,12.3968182353,12.6055219466,12.3968182353,12.6055219466,4079,,,,,,,,,,,,,,,,,,,,,,,,,"rgba(239, 83, 80, 1.0)",0.0,0.0,,13.330482568868176,,0.0,0.0,0.0,0.0,35.45130588101103,-16.349746399586138,False,True,False,True,False,0.0,0,0.8277803515257877,0.9763068574140216,False,False,False,False,-0.34282825441539394,-0.3015493472885922,False,False,False,False,-220924,-76571.87058474583,False,False,False,False,14949.782778421657,False,False,False,False
2022-04-27 00:00:00+00:00,12.7761552897,12.8398011361,12.5925064361,12.5925064361,7839,,,,,,,,,,,,,,,,,,,,,,,,,"rgba(239, 83, 80, 1.0)",0.0,0.0,,13.379627468162317,,0.0,0.0,0.0,0.0,37.4080168410448,-16.349746399586138,False,True,False,True,False,0.0,0,0.8306192370567103,0.9244912506759903,False,False,False,False,-0.2751554232983128,-0.2883523852934525,False,False,False,False,-213085,-81925.326640246,False,False,False,False,14670.928551816887,False,False,False,False
2022-04-28 00:00:00+00:00,12.9894795072,13.0220182835,12.8267856256,12.9048786888,11133,,,,,,,,,,,,,,,,,,,,,,,,,"rgba(239, 83, 80, 0.75)",0.0,0.0,,13.417467559510001,,0.0,0.0,0.0,0.0,40.533020852999,-16.349746399586138,False,True,False,True,True,0.0,0,0.8410845910929532,0.9228815281586201,False,False,False,False,-0.21187480317068083,-0.25011359423206664,False,False,False,False,-201952,-86632.25500729519,False,False,False,False,14532.186255667206,False,False,False,False
2022-04-29 00:00:00+00:00,12.9244019546,13.1001113467,12.9113864441,13.1001113467,7823,,,,,,,,,,,,,,,,,,,,,,,,,"rgba(239, 83, 80, 0.75)",0.0,0.0,,13.426385775358881,,0.0,0.0,0.0,0.0,42.144040087823925,-15.201904765453229,False,True,False,True,True,0.0,0,0.8388345670965851,0.9235949987234515,False,False,False,False,-0.18762874268790325,-0.21887116845998494,False,False,False,False,-209775,-91461.38226191106,False,False,False,False,14269.080912307707,False,False,False,False
2022-05-02 00:00:00+00:00,13.1001113467,13.1001113467,12.9374174651,12.9959872625,11280,,,,,,,,,,,,,,,,,,,,,,,,,"rgba(239, 83, 80, 0.75)",0.0,0.0,,13.436072183232874,,0.0,0.0,0.0,0.0,44.72104086674982,-12.574658459960332,False,True,False,True,True,0.0,0,0.8384204938715522,0.9217614541330725,False,False,False,False,-0.18377023609159182,-0.20132070227578838,False,False,False,False,-198495,-95658.77903595376,False,False,False,False,14151.862053001523,False,False,False,False
2022-05-03 00:00:00+00:00,13.3604215573,13.3604215573,13.2758207388,13.2758207388,2644,,,,,,,,,,,,,,,,,,,,,,,,,#000000,0.0,0.0,,13.443568740610317,,0.0,0.0,0.0,0.0,48.419810284329074,-8.946568785765862,False,False,False,False,True,0.5106830946185816,0,0.8464108141839034,0.9310084817101458,False,False,False,False,-0.09627116276828686,-0.14879593252203763,False,False,False,False,-195851,-99587.88574042617,False,False,False,False,13700.57334504068,False,False,False,False
2022-05-04 00:00:00+00:00,13.7899334047,13.8289799363,13.4254991099,13.4450223757,4148,,,,,,,,,,,,,,,,,,,,,,,,,"rgba(38, 166, 154, 0.5)",0.0,0.0,,13.519143765646698,,0.0,0.0,0.0,0.0,53.493442060460346,-4.140201171937882,False,False,True,False,True,4.795956796549689,0,0.8724957662437487,0.8941690988422574,False,False,False,False,-0.007424416372197499,-0.07811017444711757,False,False,False,False,-191703,-103200.24316237024,False,False,False,False,13325.96262562732,False,False,False,False
2022-05-05 00:00:00+00:00,13.3441521691,13.5816852363,13.2888362494,13.5816852363,2426,,,,,,,,,,,,,,,,,,,,,,,,,"rgba(38, 166, 154, 0.5)",0.0,0.0,,13.497982292148565,,0.0,0.0,0.0,0.0,53.3086047695972,-4.140201171937882,False,False,True,False,True,0.2134745999266805,0,0.8546421715226765,0.8995796004056749,False,False,False,False,-0.06250009386249121,-0.07030513415480438,False,False,False,False,-194129,-106766.07676384592,False,False,False,False,12898.513110896838,False,False,False,False
2022-05-06 00:00:00+00:00,13.4025267338,13.5068460507,13.2889013269,13.4320068652,3058,,,,,,,,,,,,,,,,,,,,,,,,,"rgba(38, 166, 154, 0.5)",0.0,0.0,0.6508907768556138,13.488471444605798,-0.13204167866840552,0.0,0.0,0.0,0.0,53.55636949296572,-3.867471112599084,False,False,True,False,True,0.7829817717439411,0,0.8871051879685622,0.8814849423778471,False,False,False,False,-0.07325957764901325,-0.07178235590190882,False,False,False,False,-191071,-110072.15218487158,False,False,False,False,12512.610635959707,False,False,False,False
2022-05-09 00:00:00+00:00,12.8865268189,13.1196346125,12.8865268189,13.1196346125,10800,,,,,,,,,,,,,,,,,,,,,,,,,#000000,0.0,0.0,0.6511519595860428,13.40546025967274,-0.796946754337715,0.0,0.0,0.0,0.0,50.35301240661109,-3.867471112599084,False,False,False,False,True,0.0,0,0.8285118840992527,0.9096683101632999,False,False,False,False,-0.1884204154380453,-0.13010138566997706,False,False,False,False,-201871,-113672.10700115112,False,False,False,False,12445.449434549524,False,False,False,False
2022-05-10 00:00:00+00:00,13.0805880809,13.1651888994,12.9634484862,13.1457307111,7615,,,,,,,,,,,,,,,,,,,,,,,,,#000000,0.0,0.0,0.6455362229029914,13.392268909595298,-0.4828246930802151,0.0,0.0,0.0,0.0,49.55885017588446,-3.867471112599084,False,False,False,False,False,0.0,0,0.8158833934254683,0.9075028547154074,False,False,False,False,-0.1703071953039745,-0.15020429048697578,False,False,False,False,-194256,-116832.25966777264,False,False,False,False,12256.020044959347,False,False,False,False
2022-05-11 00:00:00+00:00,12.9118419869,13.0805880809,12.9118419869,13.0773342033,1239,,,,,,,,,,,,,,,,,,,,,,,,,#000000,0.0,0.0,0.6384547939571428,13.389024768247022,-0.7474026130956632,0.0,0.0,0.0,0.0,48.001923729976,-3.867471112599084,False,False,False,False,False,0.0,0,0.8169150946042356,0.9152301837764645,False,False,False,False,-0.1904586006271277,-0.17033144555705174,False,False,False,False,-195495,-119917.07301413451,False,False,False,False,11823.980043196236,False,False,False,False
2022-05-12 00:00:00+00:00,12.9048786888,12.9959872625,12.787739094,12.8658321572,6885,,,,,,,,,,,,,,,,,,,,,,,,,"rgba(239, 83, 80, 0.5)",0.0,0.0,0.6287524332045992,13.274179404674456,-0.5873547303701382,0.0,0.0,0.0,0.0,46.9204575640014,-3.867471112599084,False,False,False,True,False,0.0,0,0.8013587181447716,0.943895420993846,False,False,False,False,-0.22164082662082552,-0.1959861360889386,False,False,False,False,-202380,-123150.91328809003,False,False,False,False,11630.294551306188,False,False,False,False
2022-05-13 00:00:00+00:00,13.353913802,13.4254991099,13.106619102,13.106619102,12183,,,,,,,,,,,,,,,,,,,,,,,,,#000000,0.0,0.0,0.6163926509114058,13.33847295483329,0.02505034273831621,0.0,0.0,0.0,0.0,49.34858812810445,-3.867471112599084,False,False,False,False,False,0.5410247782234947,0,0.7954460958221675,0.9361845863688707,False,False,False,False,-0.11134651127980501,-0.1536663236843718,False,False,False,False,-190197,-125780.17159051787,False,False,False,False,11651.969274784376,False,False,False,False
2022-05-16 00:00:00+00:00,13.3734370678,13.3864525783,13.2953440046,13.2953440046,26621,,,,,,,,,,,,,,,,,,,,,,,,,#000000,0.0,0.0,0.6027852890760682,13.383558166860912,-0.01679055418957804,0.0,0.0,0.0,0.0,51.091181888720435,-3.867471112599084,False,False,False,False,True,0.7213589885130673,0,0.8129619334947003,0.9290297004497291,False,False,False,False,-0.08968978942929093,-0.12167805655683137,False,False,False,False,-163576,-127262.36093990933,False,False,False,False,12238.99008753793,False,False,False,False
2022-05-17 00:00:00+00:00,13.7639023837,13.7957903845,13.698824831,13.7639023837,5005,,,,,,,,,,,,,,,,,,,,,,,,,"rgba(38, 166, 154, 1.0)",0.0,0.0,0.5923368026068804,13.4051124527171,0.6057194646759433,0.0,0.0,0.0,0.0,54.546019234566884,-1.8777490654494216,True,False,True,False,True,4.2198170211532045,0,0.8518899045486801,0.9144659245871667,False,False,False,False,0.02697716547729465,-0.04735044553976836,False,False,False,False,-158571,-128490.1507069717,False,False,False,False,11955.30420175213,False,False,False,False
2022-05-18 00:00:00+00:00,13.3734370678,13.7053325863,13.3733719903,13.7053325863,5110,,,,,,,,,,,,,,,,,,,,,,,,,"rgba(38, 166, 154, 1.0)",0.0,0.0,0.5888968692203995,13.413034355488566,-0.06723976600688505,0.0,0.0,0.0,0.0,53.9238919343779,-1.8777490654494216,True,False,True,False,True,0.587077988136933,0,0.8416807936217462,0.8803969860487955,False,False,False,False,-0.03261215989896604,-0.0399813027193672,False,False,False,False,-163681,-129870.18401258066,False,False,False,False,11686.860899722635,False,False,False,False
2022-05-19 00:00:00+00:00,13.3735672229,13.4970844178,13.1716966546,13.1716966546,1528,,,,,,,,,,,,,,,,,,,,,,,,,"rgba(38, 166, 154, 1.0)",0.0,0.0,0.5873766547007031,13.413541305123019,-0.06805527918604001,0.0,0.0,0.0,0.0,53.50996627297361,-1.8777490654494216,True,False,True,False,True,0.5882386203015812,0,0.8147504172568433,0.9171311814582608,False,False,False,False,-0.09156936651869804,-0.06577533461903262,False,False,False,False,-162153,-131136.17679640104,False,False,False,False,11288.474197772728,False,False,False,False
2022-05-20 00:00:00+00:00,13.5881929915,13.6793015652,13.3669943901,13.6207317678,3019,,,,,,,,,,,,,,,,,,,,,,,,,"rgba(38, 166, 154, 1.0)",0.0,0.0,0.5861861978208011,13.419032972624738,0.28857728057079696,0.0,0.0,0.0,0.0,54.60205978955301,-1.2455802559795046,True,False,True,False,True,2.4912067645544873,0,0.8499520702928878,0.9019302180579687,False,False,False,False,-0.03725974983801331,-0.051517542228522964,False,False,False,False,-159134,-132234.13064752257,False,False,False,False,10964.18109197772,False,False,False,False
2022-05-23 00:00:00+00:00,14.0725001383,14.1869064758,13.7899334047,13.7899334047,48687,,,,,,,,,,,,,,,,,,,,,,,,,"rgba(38, 166, 154, 1.0)",0.0,0.0,0.5866593413466225,13.586140680985801,0.8290321538182719,0.0,0.0,0.0,0.0,57.88192906225183,2.0853115953962984,True,False,True,False,True,6.523432654376592,0,0.8631648893847842,0.8876054196974512,False,False,False,False,0.09633698865563549,0.022409723213556262,False,False,False,False,-110447,-131379.73336722757,False,False,False,False,12443.50732366487,False,False,False,False
2022-05-24 00:00:00+00:00,13.99427692,14.0567513705,13.8550760349,14.0567513705,5306,,,,,,,,,,,,,,,,,,,,,,,,,"rgba(38, 166, 154, 1.0)",0.0,0.0,0.5842583665894492,13.596443323472375,0.680920666741908,0.0,0.0,0.0,0.0,59.41305533313305,3.685293508531309,True,False,True,False,True,5.783038320866588,0,0.8687402600947146,0.8991287626737159,False,False,False,False,0.0869467088670074,0.05467821604028183,False,False,False,False,-115753,-130766.92029400296,False,False,False,False,12163.605075678011,False,False,False,False
2022-05-25 00:00:00+00:00,14.1269700498,14.1478599442,13.9396117758,13.9396117758,5006,,,,,,,,,,,,,,,,,,,,,,,,,"rgba(38, 166, 154, 1.0)",0.0,0.0,0.5861180842487836,13.607909477974328,0.8855904394947013,0.0,0.0,0.0,0.0,61.10763261666179,5.4455769317922815,True,False,True,False,True,6.854324765571214,0,0.8827263721389131,0.8807723418333193,False,False,False,False,0.1123563711667511,0.08351729360351647,False,False,False,False,-110747,-129981.82538051264,False,False,False,False,11882.914680553384,False,False,False,False
2022-05-26 00:00:00+00:00,14.3031349848,14.3170615811,14.2584917837,14.2910305601,5145,,,,,,,,,,,,,,,,,,,,,,,,,"rgba(38, 166, 154, 1.0)",0.0,0.0,0.5915543852411644,13.624062741496829,1.1479455824274338,0.0,0.0,0.0,0.0,63.100474796226976,7.475257518009684,True,False,True,False,True,8.253797981133047,0,0.8796297606026694,0.8974061552511439,False,False,False,False,0.18383768351474125,0.13367748855912887,False,False,False,False,-105602,-129025.75379696314,False,False,False,False,11618.682732296389,False,False,False,False
2022-05-27 00:00:00+00:00,14.3749155254,14.388646889,14.1869064758,14.2910305601,4722,,,,,,,,,,,,,,,,,,,,,,,,,"rgba(38, 166, 154, 1.0)",0.0,0.0,0.5984965253962496,13.638524630942621,1.2304012859052662,0.0,0.0,0.0,0.0,64.77632788743676,9.193294447299834,True,False,True,False,True,8.818893027182114,0,0.8567964011414656,0.893713733525098,False,False,False,False,0.18383768351474125,0.15875758603693507,False,False,False,False,-100880,-127921.99874610183,False,False,False,False,11348.224585931826,False,False,False,False
2022-05-31 00:00:00+00:00,14.032542521,14.1478599442,14.032542521,14.1478599442,3029,,,,,,,,,,,,,,,,,,,,,,,,,"rgba(38, 166, 154, 1.0)",0.0,0.0,0.6005641395895216,13.644214024535719,0.6466062005129022,0.0,0.0,0.0,0.0,62.6591313757539,9.193294447299834,True,False,True,False,True,5.501729616643846,0,0.8292422973066578,0.9098622358675985,False,False,False,False,0.12585683854489368,0.14230721229091436,False,False,False,False,-103909,-126980.3125207645,False,False,False,False,11021.980484522735,False,False,False,False
2022-06-01 00:00:00+00:00,14.0768603343,14.264999539,13.9916738179,14.264999539,4931,,,,,,,,,,,,,,,,,,,,,,,,,"rgba(38, 166, 154, 0.75)",0.0,0.0,0.6020672512184992,13.653896966642886,0.7025184758033172,0.0,0.0,0.0,0.0,61.52312753271523,9.193294447299834,True,False,True,False,False,5.863128993807095,0,0.8309520277381164,0.9017421699653498,False,False,False,False,0.1369710380745772,0.1396391251827458,False,False,False,False,-98978,-125882.18261798943,False,False,False,False,10783.118504737531,False,False,False,False
2022-06-02 00:00:00+00:00,14.2840021844,14.2840021844,14.1446060666,14.1608754548,2167,,,,,,,,,,,,,,,,,,,,,,,,,"rgba(38, 166, 154, 0.75)",0.0,0.0,0.6057774855707788,13.659113206683234,1.0315486999784755,0.0,0.0,0.0,0.0,62.02519242992406,9.193294447299834,True,False,True,False,False,7.536325116021338,0,0.832533269633423,0.8974325994093446,False,False,False,False,0.2025465487429357,0.17109283696284075,False,False,False,False,-96811,-124742.13624081337,False,False,False,False,10445.231504551744,False,False,False,False
2022-06-03 00:00:00+00:00,14.2584917837,14.2584917837,14.1023056574,14.1934142311,24052,,,,,,,,,,,,,,,,,,,,,,,,,"rgba(38, 166, 154, 0.75)",0.0,0.0,0.6101098969809865,13.70715632156045,0.9036658229406357,0.0,0.0,0.0,0.0,62.09927980786712,9.193294447299834,True,False,True,False,False,7.28606779456894,0,0.840693467703236,0.8939817634672557,False,False,False,False,0.2696704959552865,0.22038166645906365,False,False,False,False,-120863,-124590.01325097756,False,False,False,False,10978.830269079128,False,False,False,False
2022-06-06 00:00:00+00:00,14.3170615811,14.5155481167,14.3170615811,14.388646889,18448,,,,,,,,,,,,,,,,,,,,,,,,,"rgba(38, 166, 154, 0.75)",0.0,0.0,0.6151603836168869,13.854095037127678,0.7525948619289696,0.0,0.0,0.0,0.0,62.53093917861539,9.193294447299834,True,False,True,False,False,7.763680598666301,0,0.8619023444638121,0.8687142329559515,False,False,False,False,0.3428282157414801,0.2816049411002719,False,False,False,False,-102415,-123720.40488819413,False,False,False,False,11271.738885977986,False,False,False,False
2022-06-07 00:00:00+00:00,14.3291009283,14.3291009283,14.2129374969,14.2129374969,2964,,,,,,,,,,,,,,,,,,,,,,,,,"rgba(38, 166, 154, 0.75)",0.0,0.0,0.6202026963172855,13.856215082079279,0.7624698328928274,0.0,0.0,0.0,0.0,62.90194974177008,9.193294447299834,True,False,True,False,False,7.863006601077835,0,0.8699744419137585,0.8774815387606238,False,False,False,False,0.2876073749003465,0.2846061580003092,False,False,False,False,-99451,-122768.66352002966,False,False,False,False,10945.945204174928,False,False,False,False
2022-06-08 00:00:00+00:00,13.575177481,13.9916738179,13.5621619705,13.9916738179,131672,,,,,,,,,,,,,,,,,,,,,,,,,"rgba(38, 166, 154, 0.75)",0.0,0.0,0.6202231594962547,13.747909271185316,-0.278499419992004,0.0,0.0,0.0,0.0,56.36731830980419,11.102650689362022,True,False,True,False,False,0.7156881248795521,0,0.8361890687596504,0.8836139508214236,False,False,False,False,0.11009502621428112,0.19735059210729516,False,False,False,False,-231123,-127017.85318591085,False,False,False,False,15680.300294207285,False,False,False,False
2022-06-09 00:00:00+00:00,13.0155105283,13.2562974731,13.0155105283,13.2562974731,18224,,,,,,,,,,,,,,,,,,,,,,,,,#000000,0.0,0.0,0.624482756352223,13.715092079444629,-1.1202575956317493,0.0,0.0,0.0,0.0,49.02323384464474,4.386397284537566,False,False,False,False,False,0.0,0,0.8196019303004695,0.9209646243006305,False,False,False,False,-0.11171841404089664,0.042816089033199264,False,False,False,False,-249347,-131815.07462960063,False,False,False,False,15780.053223846215,False,False,False,False
2022-06-10 00:00:00+00:00,12.7779123836,12.8788476677,12.7162188637,12.8788476677,30386,,,,,,,,,,,,,,,,,,,,,,,,,"rgba(239, 83, 80, 0.5)",0.0,0.0,0.6318746412445879,13.646596635519067,-1.3747730882316167,0.0,0.0,0.0,0.0,43.11831646255522,-0.7394266193644441,False,False,False,True,False,0.0,0,0.8053154560480654,0.9425843964211333,False,False,False,False,-0.23193781512413458,-0.09456086304546765,False,False,False,False,-279733,-137615.77758530257,False,False,False,False,16352.83545036205,False,False,False,False
2022-06-13 00:00:00+00:00,12.3435197197,12.4623513308,12.3113063311,12.4623513308,4058,,,,,,,,,,,,,,,,,,,,,,,,,"rgba(239, 83, 80, 1.0)",0.0,0.0,0.6487431961287566,13.634353751259178,-1.9897457719201816,0.0,0.0,0.0,0.0,37.610221489676434,-5.418094787930897,False,True,False,True,False,0.0,0,0.8067304210776944,0.9416157270284807,False,False,False,False,-0.34282825441539394,-0.2186945587304308,False,False,False,False,-283791,-143348.13924862404,False,False,False,False,15870.685040543933,False,False,False,False
2022-06-14 00:00:00+00:00,12.5049120503,12.5925064361,12.4688590861,12.4688590861,18131,,,,,,,,,,,,,,,,,,,,,,,,,"rgba(239, 83, 80, 1.0)",0.0,0.0,0.6609887377440594,13.589305023873715,-1.6405619515919825,0.0,0.0,0.0,0.0,35.356678694321715,-7.1015093951889625,False,True,False,True,False,0.0,0,0.8093424371391484,0.9326683821177884,False,False,False,False,-0.29117691334884155,-0.25493573603963615,False,False,False,False,-265660,-148144.68280750152,False,False,False,False,15959.324842875543,False,False,False,False
2022-06-15 00:00:00+00:00,12.6575839888,12.6608378664,12.6055219466,12.6608378664,2902,,,,,,,,,,,,,,,,,,,,,,,,,"rgba(239, 83, 80, 1.0)",0.0,0.0,0.6694177883655075,13.583299555067184,-1.3828666975334911,0.0,0.0,0.0,0.0,35.1656986567929,-7.1015093951889625,False,True,False,True,False,0.0,0,0.8263987479315249,0.9155320459045063,False,False,False,False,-0.2552900277458089,-0.2551128818927225,False,False,False,False,-262758,-152639.32269740343,False,False,False,False,15447.272888252974,False,False,False,False
2022-06-16 00:00:00+00:00,11.9807774413,12.1109325466,11.9807774413,12.1109325466,9338,,,,,,,,,,,,,,,,,,,,,,,,,"rgba(239, 83, 80, 1.0)",0.0,0.0,0.6945560680143557,13.551949394931635,-2.2621240040755923,0.0,0.0,0.0,0.0,32.5202870219798,-9.589707238786268,False,True,False,True,False,0.0,0,0.8407461329966415,0.9044695605289761,False,False,False,False,-0.34282825441539394,-0.2989705681540582,False,False,False,False,-272096,-157323.89827789742,False,False,False,False,15207.693559301877,False,False,False,False
2022-06-17 00:00:00+00:00,11.9480434323,12.0575689534,11.9091921334,12.0458549939,19089,,,,,,,,,,,,,,,,,,,,,,,,,"rgba(239, 83, 80, 1.0)",0.0,0.0,0.7165181464657623,13.490397850198496,-2.1525685364790617,0.0,0.0,0.0,0.0,30.65300463778673,-11.419263994786633,False,True,False,True,False,0.0,0,0.8544638025204905,0.883111045161934,False,False,False,False,-0.34282825441539394,-0.3208994112847261,False,False,False,False,-291185,-162573.35324739164,False,False,False,False,15359.901655015528,False,False,False,False
2022-06-21 00:00:00+00:00,12.0523627492,12.1304558124,12.0263317281,12.0263317281,4429,,,,,,,,,,,,,,,,,,,,,,,,,"rgba(239, 83, 80, 1.0)",0.0,0.0,0.7323651392817546,13.477847060829584,-1.9464120220517116,0.0,0.0,0.0,0.0,30.346032709481538,-11.894671336361093,False,True,False,True,False,0.0,0,0.8648634488188304,0.8602571659320766,False,False,False,False,-0.3141689239730544,-0.31753416762889025,False,False,False,False,-286756,-167443.26096318022,False,False,False,False,14931.238845014921,False,False,False,False
2022-06-22 00:00:00+00:00,11.6879284544,11.7920525386,11.6879284544,11.7464982518,3732,,,,,,,,,,,,,,,,,,,,,,,,,"rgba(239, 83, 80, 1.0)",0.0,0.0,0.7576479958101563,13.464830806035849,-2.3452874705169644,0.0,0.0,0.0,0.0,28.864089728310702,-13.585624104820162,False,True,False,True,False,0.0,0,0.8536919672584282,0.8751498485468948,False,False,False,False,-0.34282825441539394,-0.3301812110221421,False,False,False,False,-290488,-172268.54484697705,False,False,False,False,14492.053007955512,False,False,False,False
2022-06-23 00:00:00+00:00,11.4796802859,11.4926957965,11.3690484465,11.4796802859,9798,,,,,,,,,,,,,,,,,,,,,,,,,"rgba(239, 83, 80, 1.0)",0.0,0.0,0.7917216015049389,13.426361644388408,-2.45879530732529,0.0,0.0,0.0,0.0,27.229143538217947,-15.439200635990609,False,True,False,True,False,0.0,0,0.8574597464831821,0.8777749229180459,False,False,False,False,-0.34282825441539394,-0.336504732718768,False,False,False,False,-300286,-177288.83720591912,False,False,False,False,14307.97249783961,False,False,False,False
2022-06-24 00:00:00+00:00,11.7790370281,11.7790370281,11.7595788399,11.7667373706,2689,,,,,,,,,,,,,,,,,,,,,,,,,"rgba(239, 83, 80, 1.0)",0.0,0.0,0.8147606556250018,13.417849722562494,-2.011403819205486,0.0,0.0,0.0,0.0,28.824536675990117,-15.439200635990609,False,True,False,True,False,0.0,0,0.8668661719841227,0.875111639738218,False,False,False,False,-0.2609467216219334,-0.29872572717035073,False,False,False,False,-297597,-182006.80437431447,False,False,False,False,13852.326517532176,False,False,False,False
2022-06-27 00:00:00+00:00,12.071886015,12.1239480571,12.0304316139,12.071886015,4946,,,,,,,,,,,,,,,,,,,,,,,,,"rgba(239, 83, 80, 0.75)",0.0,0.0,0.82603764807618,13.405405192691632,-1.6143564168017792,0.0,0.0,0.0,0.0,32.20727180938363,-15.439200635990609,False,True,False,True,True,0.0,0,0.8680574966618897,0.8875350460294309,False,False,False,False,-0.18934715855287282,-0.24403644286161177,False,False,False,False,-292651,-186345.79243806686,False,False,False,False,13503.058810962288,False,False,False,False
2022-06-28 00:00:00+00:00,11.9156998886,12.1434713229,11.9156998886,12.1434713229,1501,,,,,,,,,,,,,,,,,,,,,,,,,"rgba(239, 83, 80, 0.75)",0.0,0.0,0.8420265473271928,13.401437822725256,-1.7644787315095551,0.0,0.0,0.0,0.0,33.72665075842441,-15.439200635990609,False,True,False,True,True,0.0,0,0.8519033788704641,0.8923751360658807,False,False,False,False,-0.20027576875355674,-0.22215610580758427,False,False,False,False,-294152,-190573.4868522603,False,False,False,False,13032.389837983374,False,False,False,False
2022-06-29 00:00:00+00:00,11.6618974333,11.7334827412,11.6488819228,11.7334827412,1644,,,,,,,,,,,,,,,,,,,,,,,,,"rgba(239, 83, 80, 0.75)",0.0,0.0,0.8620166242755513,13.396130540016252,-2.0118325538950264,0.0,0.0,0.0,0.0,33.612919829390286,-15.439200635990609,False,True,False,True,True,0.0,0,0.8478914347654162,0.9101734166481275,False,False,False,False,-0.2795108687378282,-0.25083348727270627,False,False,False,False,-295796,-194699.85991687755,False,False,False,False,12585.786314925203,False,False,False,False
2022-06-30 00:00:00+00:00,11.5844551457,11.6283824937,11.5844551457,11.6283824937,820,,,,,,,,,,,,,,,,,,,,,,,,,"rgba(239, 83, 80, 0.75)",0.0,0.0,0.8824387421806008,13.39336695297358,-2.049900713565187,0.0,0.0,0.0,0.0,33.203992105953425,-15.439200635990609,False,True,False,True,True,0.0,0,0.8380769019624199,0.922126942704238,False,False,False,False,-0.29986742334015315,-0.2753504553064297,False,False,False,False,-296616,-198696.57129268628,False,False,False,False,12124.382930026175,False,False,False,False
2022-07-01 00:00:00+00:00,11.4276182438,11.4861880412,11.3300019149,11.4471415096,3939,,,,,,,,,,,,,,,,,,,,,,,,,"rgba(239, 83, 80, 0.75)",0.0,0.0,0.9052100530968833,13.37883405830332,-2.155539267187619,0.0,0.0,0.0,0.0,32.2565141040962,-15.439200635990609,False,True,False,True,True,0.0,0,0.8232038875635982,0.9331029282282529,False,False,False,False,-0.34282825441539394,-0.3090893548609118,False,False,False,False,-300555,-202691.0194772868,False,False,False,False,11803.387521005541,False,False,False,False
2022-07-05 00:00:00+00:00,11.3755562017,11.3825194998,11.2454010964,11.258416607,4033,,,,,,,,,,,,,,,,,,,,,,,,,"rgba(239, 83, 80, 0.75)",0.0,0.0,0.9162530837525769,13.363601464290047,-2.169755603384026,0.0,0.0,0.0,0.0,31.3990007593258,-15.439200635990609,False,True,False,True,True,0.0,0,0.8313905943436963,0.9331841852083107,False,False,False,False,-0.34282825441539394,-0.32595880463815285,False,False,False,False,-304588,-206686.97949778536,False,False,False,False,11498.666441750422,False,False,False,False
2022-07-06 00:00:00+00:00,11.2388933412,11.2714321175,11.1738157885,11.2714321175,2484,,,,,,,,,,,,,,,,,,,,,,,,,"rgba(239, 83, 80, 1.0)",0.0,0.0,0.9283968099467844,13.05016611941336,-1.9509683346684283,0.0,0.0,0.0,0.0,30.228306516923354,-15.439200635990609,False,True,False,True,False,0.0,0,0.8286809418372915,0.9168731169732508,False,False,False,False,-0.34282825441539394,-0.33439352952677337,False,False,False,False,-307072,-210623.64696846044,False,False,False,False,11145.150110701386,False,False,False,False
2022-07-07 00:00:00+00:00,11.5987722073,11.5987722073,11.4731725307,11.4731725307,1101,,,,,,,,,,,,,,,,,,,,,,,,,"rgba(239, 83, 80, 0.75)",0.0,0.0,0.9243070151604635,13.061506834570535,-1.5825203133577845,0.0,0.0,0.0,0.0,33.03424484229913,-15.439200635990609,False,True,False,True,True,0.0,0,0.8483804391219832,0.8919062718455002,False,False,False,False,-0.2717409158321841,-0.3030672226794787,False,False,False,False,-305971,-214362.75885205023,False,False,False,False,10751.261871066039,False,False,False,False
2022-07-08 00:00:00+00:00,11.7623771746,11.7985602939,11.6781668215,11.7074517202,2773,,,,,,,,,,,,,,,,,,,,,,,,,"rgba(239, 83, 80, 0.75)",0.0,0.0,0.9179271147010529,13.08064480411295,-1.4361354059600682,0.0,0.0,0.0,0.0,36.324806005389675,-18.996302560892794,False,True,False,True,True,0.0,0,0.859801307417457,0.8828401857804141,False,False,False,False,-0.2272510637341703,-0.26515914320682454,False,False,False,False,-303198,-217846.49379902866,False,False,False,False,10438.38885651443,False,False,False,False
2022-07-11 00:00:00+00:00,11.5068827029,11.5252996503,11.5068827029,11.5252996503,1207,,,,,,,,,,,,,,,,,,,,,,,,,"rgba(239, 83, 80, 0.75)",0.0,0.0,0.9143154415225198,13.07727477272542,-1.7175604813262262,0.0,0.0,0.0,0.0,36.99450499340774,-18.268648860564767,False,True,False,True,True,0.0,0,0.8511751052785966,0.9125627615441356,False,False,False,False,-0.27616567506279793,-0.2706624091348112,False,False,False,False,-304405,-221240.9450225962,False,False,False,False,10076.373607239355,False,False,False,False
2022-07-12 00:00:00+00:00,11.3950794675,11.5148221644,11.3755562017,11.4015872228,6533,,,,,,,,,,,,,,,,,,,,,,,,,"rgba(239, 83, 80, 0.75)",0.0,0.0,0.917179273702006,13.052733617345362,-1.8073393036397136,0.0,0.0,0.0,0.0,36.8175305757877,-18.268648860564767,False,True,False,True,True,0.0,0,0.8288779435228713,0.9283336476438195,False,False,False,False,-0.2920332013888637,-0.28134780526183745,False,False,False,False,-310938,-224758.47659033752,False,False,False,False,9937.417779504478,False,False,False,False
2022-07-13 00:00:00+00:00,11.4161645946,11.4161645946,11.382063957,11.3827147325,1085,,,,,,,,,,,,,,,,,,,,,,,,,"rgba(239, 83, 80, 0.75)",0.0,0.0,0.920735419520865,13.048883613895535,-1.7732770833831664,0.0,0.0,0.0,0.0,36.91176236381688,-17.926883457618942,False,True,False,True,True,0.0,0,0.8217573407242644,0.9396166204848271,False,False,False,False,-0.3024212785348533,-0.29188454189834534,False,False,False,False,-309853,-228095.51672404978,False,False,False,False,9590.264141092537,False,False,False,False
2022-07-14 00:00:00+00:00,11.4807866043,11.4807866043,11.408094978,11.408094978,245,,,,,,,,,,,,,,,,,,,,,,,,,"rgba(239, 83, 80, 0.75)",0.0,0.0,0.927548260725789,13.04816725531865,-1.6898103499134407,0.0,0.0,0.0,0.0,37.659709343371915,-16.931295471241967,False,True,False,True,True,0.0,0,0.8213906321161417,0.9356504583855576,False,False,False,False,-0.29220143995396824,-0.2920429909261568,False,False,False,False,-309608,-231292.08469565568,False,False,False,False,9223.783194383026,False,False,False,False
2022-07-15 00:00:00+00:00,11.6190113261,11.6190113261,11.5187268175,11.5642811044,1818,,,,,,,,,,,,,,,,,,,,,,,,,"rgba(239, 83, 80, 0.75)",0.0,0.0,0.9294749089194585,13.04520915434249,-1.5344124026978696,0.0,0.0,0.0,0.0,39.60634720700792,-14.847376596654456,False,True,False,True,True,0.0,0,0.8136573553131852,0.9340223076389164,False,False,False,False,-0.2644420819541997,-0.27824253644017827,False,False,False,False,-307790,-234292.0029428849,False,False,False,False,8933.360324015066,False,False,False,False
2022-07-18 00:00:00+00:00,11.8303832171,11.9547464202,11.8303832171,11.8376068255,723,,,,,,,,,,,,,,,,,,,,,,,,,"rgba(239, 83, 80, 0.5)",0.0,0.0,0.924587472777873,13.045913604474308,-1.3146732171509017,0.0,0.0,0.0,0.0,42.923404490420204,-11.587692168041805,False,False,False,True,True,0.0,0,0.813024417941163,0.9528949460497942,False,False,False,False,-0.19394706570784676,-0.2360948010740125,False,False,False,False,-307067,-237145.9243961051,False,False,False,False,8611.385409347808,False,False,False,False
2022-07-19 00:00:00+00:00,12.2736264282,12.2736264282,12.1564868334,12.1564868334,713,,,,,,,,,,,,,,,,,,,,,,,,,#000000,0.0,0.0,0.9144269023361292,13.048825669067828,-0.8477432574297518,0.0,0.0,0.0,0.0,48.46869897227431,-6.419039579440231,True,False,False,False,True,0.0,0,0.8364410954311399,0.9330401941214478,False,False,False,False,-0.1255614823736732,-0.18082814172384287,False,False,False,False,-306354,-239859.96657665,False,False,False,False,8301.64480505966,False,False,False,False
2022-07-20 00:00:00+00:00,12.2906116694,12.3061652045,12.2606109176,12.2996574492,1624,,,,,,,,,,,,,,,,,,,,,,,,,"rgba(38, 166, 154, 1.0)",0.0,0.0,0.9067781882197081,13.055130147944917,-0.8431152055453689,0.0,0.0,0.0,0.0,52.27729599336506,-3.0536119984292327,True,False,True,False,True,0.0,0,0.8418233781271998,0.9246030463410262,False,False,False,False,-0.11124111466497907,-0.146034628194411,False,False,False,False,-304730,-242403.8894559971,False,False,False,False,8039.77638133183,False,False,False,False
2022-07-21 00:00:00+00:00,12.5469521493,12.5469521493,12.3777505124,12.3777505124,90406,,,,,,,,,,,,,,,,,,,,,,,,,"rgba(38, 166, 154, 1.0)",0.0,0.0,0.8953258400846663,13.072194785753847,-0.5866497010788595,0.0,0.0,0.0,0.0,56.433391779622255,0.5964666942454357,True,False,True,False,True,0.0,0,0.8660846578234357,0.90229401166064,False,False,False,False,-0.07393473736075394,-0.10998468277758247,False,False,False,False,-214324,-241302.7173204678,False,False,False,False,11269.824366377641,False,False,False,False
2022-07-22 00:00:00+00:00,12.4234349543,12.5274288835,12.4234349543,12.5274288835,1199,,,,,,,,,,,,,,,,,,,,,,,,,"rgba(38, 166, 154, 1.0)",0.0,0.0,0.8881297078809799,13.071347193359072,-0.7295243400932389,0.0,0.0,0.0,0.0,57.90383266771074,1.7551068901546998,True,False,True,False,True,0.0,0,0.8664782863016575,0.9101387640105313,False,False,False,False,-0.07121726286659513,-0.0906009728220888,False,False,False,False,-215523,-240291.7480137828,False,False,False,False,10874.890077500088,False,False,False,False
2022-07-25 00:00:00+00:00,12.3496370097,12.3517194913,12.2671186729,12.3126729598,1941,,,,,,,,,,,,,,,,,,,,,,,,,"rgba(38, 166, 154, 1.0)",0.0,0.0,0.8863240952030131,13.069302070493757,-0.8119660344209834,0.0,0.0,0.0,0.0,58.11162856036916,1.899856138232579,True,False,True,False,True,0.0,0,0.8639428250355727,0.9114759406113336,False,False,False,False,-0.10579797976101098,-0.09819947629154989,False,False,False,False,-217464,-239396.54220932076,False,False,False,False,10524.541447009888,False,False,False,False
2022-07-26 00:00:00+00:00,12.1921493323,12.2166835696,12.1921493323,12.2166835696,1279,,,,,,,,,,,,,,,,,,,,,,,,,"rgba(38, 166, 154, 1.0)",0.0,0.0,0.8887591147325865,13.067562980533008,-0.9849841579362105,0.0,0.0,0.0,0.0,56.648995664925316,1.899856138232579,True,False,True,False,True,0.0,0,0.8646877777867574,0.90508597699444,False,False,False,False,-0.12779583808889614,-0.112997657190223,False,False,False,False,-218743,-238586.5993775827,False,False,False,False,10161.971194185971,False,False,False,False
2022-07-27 00:00:00+00:00,12.5513774228,12.5859986808,12.3712427571,12.4037815335,23576,,,,,,,,,,,,,,,,,,,,,,,,,"rgba(38, 166, 154, 1.0)",0.0,0.0,0.8891006051560095,13.053537787846897,-0.5647958871412353,0.0,0.0,0.0,0.0,58.30800028774557,2.1419946597523563,True,False,True,False,True,0.0,0,0.8547328914434726,0.9168475691456446,False,False,False,False,-0.07055495465348795,-0.09177630592185548,False,False,False,False,-195167,-236883.86999022652,False,False,False,False,10688.011539512012,False,False,False,False
2022-07-28 00:00:00+00:00,12.6413146006,12.6836150098,12.5599676598,12.6120297019,25986,,,,,,,,,,,,,,,,,,,,,,,,,"rgba(38, 166, 154, 1.0)",0.0,0.0,0.8891811796760754,13.0448249655625,-0.45379993884879233,0.0,0.0,0.0,0.0,59.988533947241834,3.880765967071852,True,False,True,False,True,0.0,0,0.8545395958163012,0.906365726253369,False,False,False,False,-0.040873494184668686,-0.06632490005326208,False,False,False,False,-169181,-234228.85548080588,False,False,False,False,11287.93265560958,False,False,False,False
2022-07-29 00:00:00+00:00,12.8983709335,12.8983709335,12.6966305203,12.6966305203,13873,,,,,,,,,,,,,,,,,,,,,,,,,"rgba(38, 166, 154, 1.0)",0.0,0.0,0.8889928120418358,13.045428834719837,-0.1654207989399539,0.0,0.0,0.0,0.0,62.62060275890607,6.503598743757145,True,False,True,False,True,1.2282812219451849,0,0.8529841371807672,0.8951778602119662,False,False,False,False,-0.004539012332099754,-0.03543195619268092,False,False,False,False,-155308,-231133.9199717547,False,False,False,False,11389.307845585676,False,False,False,False
2022-08-01 00:00:00+00:00,12.8788476677,12.8983709335,12.8132494947,12.8723399125,13573,,,,,,,,,,,,,,,,,,,,,,,,,"rgba(38, 166, 154, 1.0)",0.0,0.0,0.888715791395325,13.046315263034467,-0.1884377401143447,0.0,0.0,0.0,0.0,64.14378221798043,8.063349446260737,True,False,True,False,True,1.0685629741239637,0,0.887878500990413,0.8902851619006679,False,False,False,False,0.007511287082749005,-0.013960334554965958,False,False,False,False,-168881,-228692.62899247019,False,False,False,False,11474.942832033297,False,False,False,False
2022-08-02 00:00:00+00:00,12.6901227651,12.787739094,12.6055219466,12.787739094,6242,,,,,,,,,,,,,,,,,,,,,,,,,"rgba(38, 166, 154, 1.0)",0.0,0.0,0.8886551090149589,13.044594806747186,-0.3988859547998385,0.0,0.0,0.0,0.0,62.96156563113038,8.063349446260737,True,False,True,False,True,0.0,0,0.8838828773453157,0.8753383059775689,False,False,False,False,-0.025390079480953735,-0.019675207017959846,False,False,False,False,-175123,-226591.85922805962,False,False,False,False,11269.729387639834,False,False,False,False
2022-08-03 00:00:00+00:00,12.809995617,12.8332933809,12.7324231743,12.8072623598,10442,,,,,,,,,,,,,,,,,,,,,,,,,"rgba(38, 166, 154, 1.0)",0.0,0.0,0.8884400826299363,13.043514542524234,-0.26284150173974247,0.0,0.0,0.0,0.0,63.0161166087938,8.063349446260737,True,False,True,False,True,0.505916015191783,0,0.8737315884005655,0.8810455462220178,False,False,False,False,-0.0075651060142267875,-0.013620156516093317,False,False,False,False,-164681,-224163.9823955867,False,False,False,False,11237.269411653959,False,False,False,False
2022-08-04 00:00:00+00:00,12.85379281,12.8723399125,12.8398011361,12.8723399125,1057,,,,,,,,,,,,,,,,,,,,,,,,,"rgba(38, 166, 154, 1.0)",0.0,0.0,0.888115406306149,13.043517973973383,-0.2136267005686667,0.0,0.0,0.0,0.0,63.36146625173234,8.063349446260737,True,False,True,False,True,0.8639600240486303,0,0.8565526945062032,0.9109927427064007,False,False,False,False,0.007565085347235079,-0.003027535584429119,False,False,False,False,-163624,-221789.86543889705,False,False,False,False,10838.04316021655,False,False,False,False
2022-08-05 00:00:00+00:00,12.982971752,12.982971752,12.8398011361,12.9113864441,2211,,,,,,,,,,,,,,,,,,,,,,,,,"rgba(38, 166, 154, 1.0)",0.0,0.0,0.8862309862581875,13.043835365971521,-0.06867691935315658,0.0,0.0,0.0,0.0,64.4952769508202,9.286915334579724,True,False,True,False,True,1.9210844106983274,0,0.8516425329160754,0.8920499597938786,False,False,False,False,0.018998708637652184,0.007985586526611533,False,False,False,False,-161413,-219422.14522560698,False,False,False,False,10499.727742168841,False,False,False,False
2022-08-08 00:00:00+00:00,12.9113864441,13.0285260388,12.8886093006,12.9309097098,3425,,,,,,,,,,,,,,,,,,,,,,,,,"rgba(38, 166, 154, 1.0)",0.0,0.0,0.8839716542435953,13.044349064102294,-0.1504150267307707,0.0,0.0,0.0,0.0,64.27315919418442,9.370467006441416,True,False,True,False,True,1.3058218621745041,0,0.8478708772990825,0.8951894723656366,False,False,False,False,0.02875472737207958,0.018370156949345556,False,False,False,False,-164838,-217281.5905108773,False,False,False,False,10222.287438554376,False,False,False,False
2022-08-09 00:00:00+00:00,12.8137701151,12.8463088914,12.787739094,12.8398011361,1065,,,,,,,,,,,,,,,,,,,,,,,,,"rgba(38, 166, 154, 1.0)",0.0,0.0,0.8833456059891447,13.044263477057486,-0.26093225618005494,0.0,0.0,0.0,0.0,62.80929733899363,9.370467006441416,True,False,True,False,True,0.4659010510148178,0,0.8248170469359241,0.9108695651917407,False,False,False,False,-0.0005043404722114861,0.008932908238567034,False,False,False,False,-165903,-215266.74382417623,False,False,False,False,9863.17812723852,False,False,False,False
2022-08-10 00:00:00+00:00,13.1188536819,13.1188536819,13.009002773,13.0155105283,1594,,,,,,,,,,,,,,,,,,,,,,,,,"rgba(38, 166, 154, 1.0)",0.0,0.0,0.8841330284866102,13.044881444205773,0.08366641140060828,0.0,0.0,0.0,0.0,64.17804895371954,9.674926429900005,True,False,True,False,True,2.9935813699731355,0,0.8343043728957618,0.9058198347892089,False,False,False,False,0.05056346323837392,0.029748185738470476,False,False,False,False,-164309,-213268.4009291105,False,False,False,False,9538.896632052696,False,False,False,False
2022-08-11 00:00:00+00:00,13.1218472493,13.1506115276,13.0936035914,13.0936035914,941,,,,,,,,,,,,,,,,,,,,,,,,,"rgba(38, 166, 154, 1.0)",1.0,12.69726,0.8850414751140017,13.054896901829892,0.07564656499457752,0.0,0.0,0.0,0.0,65.11138062165122,10.775776793732007,True,False,True,False,True,3.018023275436118,0,0.8629010669718723,0.899744868665066,False,False,False,True,0.0626253881286459,0.04618678693355819,False,False,False,False,-163368,-211311.52246130226,False,False,False,False,9201.724215109452,False,False,False,False
2022-08-12 00:00:00+00:00,13.0486350026,13.0617155907,12.9699562414,12.9894795072,1854,,,,,,,,,,,,,,,,,,,,,,,,,"rgba(38, 166, 154, 1.0)",0.0,0.0,0.8846402967136779,13.047454474259354,0.0013344727173644972,0.0,0.0,0.0,0.0,64.65398015535777,10.775776793732007,True,False,True,False,True,2.3626872933194605,0,0.8547773724066168,0.9110869481015788,False,False,False,False,0.040604050782413234,0.043395418857985715,False,False,False,False,-165222,-209504.09020791785,False,False,False,False,8913.578167458101,False,False,False,False
2022-08-15 00:00:00+00:00,12.6771072545,12.6771072545,12.6327894412,12.6327894412,2031,,,,,,,,,,,,,,,,,,,,,,,,,"rgba(38, 166, 154, 0.75)",0.0,0.0,0.8847009381190037,13.025956502394514,-0.3943131886309703,0.0,0.0,0.0,0.0,59.83294196229856,14.11878359689409,True,False,True,False,False,0.0,0,0.8399535751507385,0.9209530110900295,False,False,False,False,-0.03401169167249122,0.004691863592747248,False,False,False,False,-167253,-207847.18470956816,False,False,False,False,8643.673141283274,False,False,False,False
2022-08-16 00:00:00+00:00,12.6933766427,12.6966305203,12.6315529677,12.638060723,3284,,,,,,,,,,,,,,,,,,,,,,,,,"rgba(38, 166, 154, 0.75)",0.0,0.0,0.8843510232789429,13.01394120950205,-0.36248566277842936,0.0,0.0,0.0,0.0,56.78718975651007,11.311186646547007,True,False,True,False,False,0.0,0,0.8439854977279077,0.9185342183482587,False,False,False,False,-0.03212006766340094,-0.013714102035326846,False,False,False,False,-163969,-206126.47158370275,False,False,False,False,8433.489880840792,False,False,False,False
2022-08-17 00:00:00+00:00,12.5371905164,12.5569090148,12.4883823519,12.5534599045,2047,,,,,,,,,,,,,,,,,,,,,,,,,#000000,0.0,0.0,0.8845209754456447,13.005927005653016,-0.5299325875419214,0.0,0.0,0.0,0.0,53.12294804196422,7.992017421991044,True,False,False,False,False,0.0,0,0.8190789473811559,0.9352281728382397,False,False,False,False,-0.04857390680561722,-0.03114400442047203,False,False,False,False,-166016,-204553.5119137536,False,False,False,False,8183.039297278408,False,False,False,False
2022-08-18 00:00:00+00:00,12.6282990901,12.6282990901,12.5794909256,12.5859986808,1047,,,,,,,,,,,,,,,,,,,,,,,,,#000000,0.0,0.0,0.8837247571773496,13.003932848734447,-0.42505741248466883,0.0,0.0,0.0,0.0,51.73554176114962,6.824610077625444,True,False,False,False,False,0.0,0,0.831649274847697,0.9134928640904327,False,False,False,False,0.026910939039071578,-0.002116532690700227,False,False,False,False,-164969,-203001.17811321426,False,False,False,False,7903.194618953765,False,False,False,False
2022-08-19 00:00:00+00:00,12.4558435756,12.4792714945,12.4558435756,12.4753668414,437,,,,,,,,,,,,,,,,,,,,,,,,,"rgba(239, 83, 80, 0.5)",0.0,0.0,0.8814600796883447,13.002391820804029,-0.6200487779290818,0.0,0.0,0.0,0.0,49.04092734478291,4.36596089303233,False,False,False,True,False,0.0,0,0.8649519364795036,0.9089056840124798,False,False,False,False,0.09977876970720467,0.048831118508252225,False,False,False,False,-165406,-201526.85740289214,False,False,False,False,7610.40267311244,False,False,False,False
2022-08-22 00:00:00+00:00,12.2731708853,12.2731708853,12.2606109176,12.2606109176,960,,,,,,,,,,,,,,,,,,,,,,,,,"rgba(239, 83, 80, 0.5)",0.0,0.0,0.874384211266597,12.997184880107142,-0.828027296785659,0.0,0.0,0.0,0.0,45.612348434023005,1.2390440372271527,False,False,False,True,False,0.0,0,0.8826557550192581,0.8696061725785651,False,False,False,False,0.032855775392544584,0.040843446950398404,False,False,False,False,-166366,-200148.00024983755,False,False,False,False,7349.602568284502,False,False,False,False
2022-08-23 00:00:00+00:00,12.2492874235,12.293149694,12.2492874235,12.2736264282,1349,,,,,,,,,,,,,,,,,,,,,,,,,"rgba(239, 83, 80, 0.5)",0.0,0.0,0.8729336665322016,12.990811666633029,-0.849462303451753,0.0,0.0,0.0,0.0,43.121531866542256,-0.991014044889539,False,False,False,True,False,0.0,0,0.8941117194210509,0.8418404025593268,False,False,False,False,0.03436117487795663,0.03760231091417752,False,False,False,False,-167715,-198876.1178870988,False,False,False,False,7114.284820508639,False,False,False,False
2022-08-24 00:00:00+00:00,12.1119737874,12.1369635676,12.0686321373,12.1304558124,2075,,,,,,,,,,,,,,,,,,,,,,,,,"rgba(239, 83, 80, 1.0)",0.0,0.0,0.8716923871421053,12.979669529505971,-0.995415074061576,0.0,0.0,0.0,0.0,40.30096702769521,-3.5589899236789577,False,True,False,True,False,0.0,0,0.9051865136772894,0.8319135096680407,False,False,False,False,-0.024176988281093208,0.006712661316542155,False,False,False,False,-169790,-197735.4858130949,False,False,False,False,6916.665807939673,False,False,False,False
2022-08-25 00:00:00+00:00,12.324126609,12.324126609,12.2217596187,12.2217596187,780,,,,,,,,,,,,,,,,,,,,,,,,,"rgba(239, 83, 80, 1.0)",0.0,0.0,0.872367682854052,12.977328373839308,-0.7487688708301096,0.0,0.0,0.0,0.0,41.34464087888445,-3.5589899236789577,False,True,False,True,False,0.0,0,0.9059301463384126,0.8425218807379133,False,False,False,False,0.03496111389254944,0.020836887604545797,False,False,False,False,-169010,-196608.9961733657,False,False,False,False,6676.012246844,False,False,False,False
2022-08-26 00:00:00+00:00,11.9524036283,11.9524036283,11.9524036283,11.9524036283,386,,,,,,,,,,,,,,,,,,,,,,,,,"rgba(239, 83, 80, 1.0)",0.0,0.0,0.8750730831802138,12.975086501055113,-1.1686828133696572,0.0,0.0,0.0,0.0,39.06440002253727,-4.623051826122456,False,True,False,True,False,0.0,0,0.8946636623774489,0.8593943005151984,False,False,False,False,-0.07657802182558139,-0.027870567110517795,False,False,False,False,-169396,-195541.81985284158,False,False,False,False,6429.345099908942,False,False,False,False
2022-08-29 00:00:00+00:00,11.753006007,11.7559344969,11.753006007,11.753006007,406,,,,,,,,,,,,,,,,,,,,,,,,,"rgba(239, 83, 80, 1.0)",0.0,0.0,0.8808498463340846,12.97211953952501,-1.3840196914362988,0.0,0.0,0.0,0.0,36.30010132166298,-7.276313060924522,False,True,False,True,False,0.0,0,0.9075549370212181,0.8523610397316613,False,False,False,False,-0.14623676869803395,-0.08705366790427588,False,False,False,False,-169802,-194532.41515273016,False,False,False,False,6193.135488147807,False,False,False,False
2022-08-30 00:00:00+00:00,11.5937612357,11.6092496933,11.5937612357,11.6084687626,411,,,,,,,,,,,,,,,,,,,,,,,,,"rgba(239, 83, 80, 1.0)",0.0,0.0,0.8886699629695525,12.968686421621246,-1.5471718896932642,0.0,0.0,0.0,0.0,33.56709022092552,-9.882896818978487,False,True,False,True,False,0.0,0,0.9132550313752104,0.8474865851367863,False,False,False,False,-0.20101726042306808,-0.14403546416367197,False,False,False,False,-170213,-193578.71259772114,False,False,False,False,5966.385076847893,False,False,False,False
2022-08-31 00:00:00+00:00,11.5903121254,11.6456280452,11.5642811044,11.6423741675,1068,,,,,,,,,,,,,,,,,,,,,,,,,"rgba(239, 83, 80, 1.0)",0.0,0.0,0.8926092833419507,12.960318306002137,-1.5348329959921545,0.0,0.0,0.0,0.0,31.72575545891061,-11.664935056186849,False,True,False,True,False,0.0,0,0.9054803420430004,0.8575084820079732,False,False,False,False,-0.19977004855271083,-0.1719027563581914,False,False,False,False,-171281,-192704.29249584972,False,False,False,False,5774.291544422486,False,False,False,False
2022-09-01 00:00:00+00:00,11.2063545648,11.2519088517,11.1087382359,11.2519088517,6277,,,,,,,,,,,,,,,,,,,,,,,,,"rgba(239, 83, 80, 1.0)",0.0,0.0,0.902502831012558,12.905712919114517,-1.8829396384362937,0.0,0.0,0.0,0.0,28.612768612875314,-14.660920119628607,False,True,False,True,False,0.0,0,0.9026922902439631,0.8569019528808315,False,False,False,False,-0.34282825441539394,-0.2573655053867927,False,False,False,False,-177558,-192110.32024111052,False,False,False,False,5794.005601503957,False,False,False,False
2022-09-02 00:00:00+00:00,11.0171090418,11.2258778306,11.0171090418,11.2063545648,5121,,,,,,,,,,,,,,,,,,,,,,,,,"rgba(239, 83, 80, 1.0)",0.0,0.0,0.9094621050897301,12.870568684868125,-2.037973471016979,0.0,0.0,0.0,0.0,25.80184542966004,-17.343190445983097,False,True,False,True,False,0.0,0,0.9048390375833433,0.8474447337067249,False,False,False,False,-0.34282825441539394,-0.30009687990109335,False,False,False,False,-182679,-191740.4645453807,False,False,False,False,5767.6132249743905,False,False,False,False
2022-09-06 00:00:00+00:00,10.7754760888,10.8939823122,10.7754760888,10.8939823122,1195,,,,,,,,,,,,,,,,,,,,,,,,,"rgba(239, 83, 80, 1.0)",0.0,0.0,0.9266809474531318,12.861696737307245,-2.2512825522537883,0.0,0.0,0.0,0.0,23.10984760887476,-19.911928523448424,False,True,False,True,False,0.0,0,0.881056978160012,0.8710043402946246,False,False,False,False,-0.34282825441539394,-0.3214625671582436,False,False,False,False,-183874,-191431.9757396795,False,False,False,False,5588.29505928912,False,False,False,False
2022-09-07 00:00:00+00:00,10.7220474181,10.7307027326,10.5881178148,10.6401798569,1316,,,,,,,,,,,,,,,,,,,,,,,,,"rgba(239, 83, 80, 1.0)",0.0,0.0,0.9436140308876123,12.85147784098169,-2.2566752434558834,0.0,0.0,0.0,0.0,21.1454298354003,-21.82088732370773,False,True,False,True,False,0.0,0,0.8624355648791862,0.8907501625443787,False,False,False,False,-0.34282825441539394,-0.3321454107868188,False,False,False,False,-185190,-191187.19237733915,False,False,False,False,5420.7540765719,False,False,False,False
2022-09-08 00:00:00+00:00,10.6731741761,10.674345572,10.6141488358,10.6727186332,690,,,,,,,,,,,,,,,,,,,,,,,,,"rgba(239, 83, 80, 1.0)",0.0,0.0,0.9569595028159826,12.846228955589213,-2.2707907420269153,0.0,0.0,0.0,0.0,19.674579272032343,-23.326033909864833,False,True,False,True,False,0.0,0,0.8704212734097897,0.8923231459325774,False,False,False,False,-0.34282825441539394,-0.33748683260110635,False,False,False,False,-185880,-190979.06718607096,False,False,False,False,5235.234308863199,False,False,False,False
2022-09-09 00:00:00+00:00,10.9507950156,10.9525521095,10.9102517003,10.9102517003,5123,,,,,,,,,,,,,,,,,,,,,,,,,"rgba(239, 83, 80, 0.75)",0.0,0.0,0.9525735622774365,12.817656997521144,-1.9598087285330528,0.0,0.0,0.0,0.0,22.839023577349323,-23.326033909864833,False,True,False,True,True,0.0,0,0.8855502535248272,0.8642125098201172,False,False,False,False,-0.25916441004152746,-0.2983256213213169,False,False,False,False,-180757,-190578.20180622503,False,False,False,False,5230.832963417583,False,False,False,False
2022-09-12 00:00:00+00:00,11.0338990503,11.0338990503,11.0046141517,11.0046141517,807,,,,,,,,,,,,,,,,,,,,,,,,,"rgba(239, 83, 80, 0.75)",0.0,0.0,0.9465805101878072,12.813854040379939,-1.88040528082158,0.0,0.0,0.0,0.0,26.055270263144138,-23.326033909864833,False,True,False,True,True,0.0,0,0.8957654502612802,0.8536096302011816,False,False,False,False,-0.23430871566867814,-0.26631716849499754,False,False,False,False,-179950,-190161.40957852994,False,False,False,False,5057.349317793365,False,False,False,False
2022-09-13 00:00:00+00:00,10.7443039411,10.9004900674,10.7215267977,10.8939823122,2268,,,,,,,,,,,,,,,,,,,,,,,,,"rgba(239, 83, 80, 0.75)",0.0,0.0,0.9414433627818543,12.801232143760966,-2.1848666462345494,0.0,0.0,0.0,0.0,26.550162797152034,-23.326033909864833,False,True,False,True,True,0.0,0,0.8910032388865616,0.8499417543790708,False,False,False,False,-0.2937489401232998,-0.28003305430914865,False,False,False,False,-182218,-189849.90332054836,False,False,False,False,4947.9630700367625,False,False,False,False
2022-09-14 00:00:00+00:00,10.9330288438,10.9332240764,10.9069978227,10.9200133332,896,,,,,,,,,,,,,,,,,,,,,,,,,"rgba(239, 83, 80, 0.75)",0.0,0.0,0.9251671721409684,12.796969454900989,-2.014706819728119,0.0,0.0,0.0,0.0,29.257487414143256,-27.776321369372127,False,True,False,True,True,0.0,0,0.9068446693713907,0.8251285226068172,False,False,False,False,-0.2623810494884277,-0.2712070518987882,False,False,False,False,-181322,-189515.47573935037,False,False,False,False,4789.062557486302,False,False,False,False
2022-09-15 00:00:00+00:00,10.7377961858,10.7377961858,10.7377961858,10.7377961858,286,,,,,,,,,,,,,,,,,,,,,,,,,"rgba(239, 83, 80, 0.75)",0.0,0.0,0.9080867195213472,12.79539823441721,-2.265865147440733,0.0,0.0,0.0,0.0,29.89826465503634,-26.972895872710186,False,True,False,True,True,0.0,0,0.9222689075863056,0.8243104934377913,False,False,False,False,-0.3151140944678231,-0.2931605731833057,False,False,False,False,-181608,-189205.37865153272,False,False,False,False,4612.4718689574265,False,False,False,False
2022-09-16 00:00:00+00:00,10.4156623003,10.4514549542,10.3212998489,10.4514549542,2139,,,,,,,,,,,,,,,,,,,,,,,,,"rgba(239, 83, 80, 0.75)",0.0,0.0,0.9062199020675947,12.780945463371145,-2.6100543120655497,0.0,0.0,0.0,0.0,28.719079498734292,-26.972895872710186,False,True,False,True,True,0.0,0,0.9026388721694878,0.8416007283410354,False,False,False,False,-0.34282825441539394,-0.3179944137993498,False,False,False,False,-183747,-188991.32458676674,False,False,False,False,4515.472972135567,False,False,False,False
2022-09-19 00:00:00+00:00,10.2503653165,10.2503653165,10.1657644981,10.1716214779,875,,,,,,,,,,,,,,,,,,,,,,,,,"rgba(239, 83, 80, 0.75)",0.0,0.0,0.9048619238502192,12.774624484980277,-2.7896622699510507,0.0,0.0,0.0,0.0,27.22789787878387,-26.972895872710186,False,True,False,True,True,0.0,0,0.8719697373472471,0.8583968245542557,False,False,False,False,-0.34282825441539394,-0.3304113341073719,False,False,False,False,-184622,-188819.9785245406,False,False,False,False,4372.709326169466,False,False,False,False
2022-09-20 00:00:00+00:00,10.1163055581,10.1163055581,10.1163055581,10.1163055581,106,,,,,,,,,,,,,,,,,,,,,,,,,"rgba(239, 83, 80, 1.0)",0.0,0.0,0.897762363724933,12.773821901358572,-2.960155661050648,0.0,0.0,0.0,0.0,25.69389380945196,-26.972895872710186,False,True,False,True,False,0.0,0,0.8722266431241243,0.852865408736287,False,False,False,False,-0.34282825441539394,-0.3366197942613829,False,False,False,False,-184728,-188659.5087784802,False,False,False,False,4205.38739180988,False,False,False,False
2022-09-21 00:00:00+00:00,10.116761101,10.22368352,10.116761101,10.22368352,1128,,,,,,,,,,,,,,,,,,,,,,,,,"rgba(239, 83, 80, 1.0)",0.0,0.0,0.8879529747258602,12.765570117266277,-2.983051007947859,0.0,0.0,0.0,0.0,24.677662840594216,-26.972895872710186,False,True,False,True,False,0.0,0,0.8854569812562093,0.8401715878706905,False,False,False,False,-0.3295998862588535,-0.3331098402601182,False,False,False,False,-183600,-188461.0966695202,False,False,False,False,4084.7055333075314,False,False,False,False
2022-09-22 00:00:00+00:00,9.9221792186,10.0219431068,9.8917880015,10.0219431068,2739,,,,,,,,,,,,,,,,,,,,,,,,,"rgba(239, 83, 80, 1.0)",0.0,0.0,0.8781747833905456,12.744198517611418,-3.213505275243593,0.0,0.0,0.0,0.0,23.20775064528909,-26.972895872710186,False,True,False,True,False,0.0,0,0.8737535577162111,0.8441242229507371,False,False,False,False,-0.34282825441539394,-0.33796904733775607,False,False,False,False,-186339,-188377.8771922841,False,False,False,False,4031.9327672954714,False,False,False,False
2022-09-23 00:00:00+00:00,9.5421263112,9.5924312593,9.5208459514,9.5910646307,3726,,,,,,,,,,,,,,,,,,,,,,,,,"rgba(239, 83, 80, 1.0)",0.0,0.0,0.876508732701029,12.711669104193994,-3.6160995033407186,0.0,0.0,0.0,0.0,20.98445308595448,-23.287274463653095,False,True,False,True,False,0.0,0,0.8652193171216181,0.8653926395728768,False,False,False,False,-0.34282825441539394,-0.340398650876575,False,False,False,False,-190065,-188444.03887101804,False,False,False,False,4019.9354038721194,False,False,False,False
2022-09-26 00:00:00+00:00,9.312597783,9.3971986014,9.2637896185,9.3711675804,1741,,,,,,,,,,,,,,,,,,,,,,,,,"rgba(239, 83, 80, 1.0)",0.0,0.0,0.9029746865382619,12.695874482513352,-3.746812341422145,0.0,0.0,0.0,0.0,18.90169475589287,-25.436441467616838,False,True,False,True,False,0.0,0,0.8449332624236809,0.8818795430836888,False,False,False,False,-0.34282825441539394,-0.3416134526459845,False,False,False,False,-191806,-188575.8804839193,False,False,False,False,3930.5653880339974,False,False,False,False
2022-09-27 00:00:00+00:00,9.4674172807,9.5273537067,9.4134679896,9.5273537067,465,,,,,,,,,,,,,,,,,,,,,,,,,"rgba(239, 83, 80, 1.0)",0.0,0.0,0.9321925100504779,12.691988743147396,-3.4591261222135197,0.0,0.0,0.0,0.0,19.638711322254068,-25.436441467616838,False,True,False,True,False,0.0,0,0.838018106922145,0.8731747323315864,False,False,False,False,-0.315734459668328,-0.3286739561571562,False,False,False,False,-191341,-188684.31654337345,False,False,False,False,3794.6608630130563,False,False,False,False
2022-09-28 00:00:00+00:00,9.4817994199,9.4948149304,9.312597783,9.3581520698,2314,,,,,,,,,,,,,,,,,,,,,,,,,"rgba(239, 83, 80, 1.0)",0.0,0.0,0.9615987996499912,12.672823459174968,-3.3184567622551704,0.0,0.0,0.0,0.0,20.32948634578888,-25.436441467616838,False,True,False,True,False,0.0,0,0.8235522352825237,0.8975220633644815,False,False,False,False,-0.32859311629503896,-0.3286335362260976,False,False,False,False,-189027,-188697.7551103,False,False,False,False,3736.595731130192,False,False,False,False
2022-09-29 00:00:00+00:00,9.1450230849,9.1582989057,9.1108573698,9.1238728803,2038,,,,,,,,,,,,,,,,,,,,,,,,,"rgba(239, 83, 80, 1.0)",0.0,0.0,1.0041422482308826,12.263835469038376,-3.1059467815771726,0.0,0.0,0.0,0.0,19.607286448354483,-25.436441467616838,False,True,False,True,False,0.0,0,0.7977868612472505,0.9052412423024943,False,False,False,False,-0.34282825441539394,-0.33573089532074574,False,False,False,False,-191065,-188790.58824322943,False,False,False,False,3669.984133830969,False,False,False,False
2022-09-30 00:00:00+00:00,9.176585698,9.2605357409,9.176585698,9.2279969646,662,,,,,,,,,,,,,,,,,,,,,,,,,"rgba(239, 83, 80, 1.0)",0.0,0.0,1.0405445271406124,12.260629734562423,-2.9638751212668337,0.0,0.0,0.0,0.0,19.577799114898415,-25.613340932438245,False,True,False,True,False,0.0,0,0.7953750209829763,0.9126005500293431,False,False,False,False,-0.327307680710085,-0.33151928801541536,False,False,False,False,-190403,-188853.82007682827,False,False,False,False,3552.0239717199506,False,False,False,False
2022-10-03 00:00:00+00:00,9.49429431,9.5013226856,9.338628804,9.338628804,1385,,,,,,,,,,,,,,,,,,,,,,,,,"rgba(239, 83, 80, 0.75)",0.0,0.0,1.0628574949187135,12.26223798952982,-2.6042472229463933,0.0,0.0,0.0,0.0,23.716846274345983,-25.613340932438245,False,True,False,True,True,0.0,0,0.7968352427409279,0.8903221722798017,False,False,False,False,-0.29068169624990337,-0.31110049213265933,False,False,False,False,-189018,-188860.25850518796,False,False,False,False,3467.042639495639,False,False,False,False
2022-10-04 00:00:00+00:00,9.7693120474,9.7746484067,9.6444933015,9.6444933015,2742,,,,,,,,,,,,,,,,,,,,,,,,,"rgba(239, 83, 80, 0.75)",0.0,0.0,1.0827478210396522,12.267877452126374,-2.3076152693867877,0.0,0.0,0.0,0.0,29.391864838131383,-25.768345119197026,False,True,False,True,True,0.0,0,0.8223470255739357,0.8684519937952169,False,False,False,False,-0.2392947451874223,-0.27519761866004083,False,False,False,False,-186276,-188758.91503439628,False,False,False,False,3438.6095948095353,False,False,False,False
2022-10-05 00:00:00+00:00,9.621716158,9.6705243225,9.533861462,9.6054467699,1279,,,,,,,,,,,,,,,,,,,,,,,,,"rgba(239, 83, 80, 0.75)",0.0,0.0,1.104990129751392,12.263233700771416,-2.3905349664668245,0.0,0.0,0.0,0.0,32.216786654582364,-23.274482666536706,False,True,False,True,True,0.0,0,0.8139036835704251,0.8697406483220355,False,False,False,False,-0.25819049998126825,-0.26669405932065454,False,False,False,False,-187555,-188711.70268010625,False,False,False,False,3353.9190224640633,False,False,False,False
2022-10-06 00:00:00+00:00,9.5533847278,9.5729079935,9.5533847278,9.5664002383,623,,,,,,,,,,,,,,,,,,,,,,,,,"rgba(239, 83, 80, 0.75)",0.0,0.0,1.1268925965838619,12.260241008949485,-2.402053478171063,0.0,0.0,0.0,0.0,33.662165413892026,-22.026919214215283,False,True,False,True,True,0.0,0,0.8050572739216708,0.8939279399333258,False,False,False,False,-0.26510598144060127,-0.2659000203806279,False,False,False,False,-188178,-188690.77316323933,False,False,False,False,3246.824158838022,False,False,False,False
2022-10-07 00:00:00+00:00,9.3581520698,9.4883071751,9.3321210488,9.4883071751,1591,,,,,,,,,,,,,,,,,,,,,,,,,"rgba(239, 83, 80, 0.75)",0.0,0.0,1.153713165270168,12.248747693483372,-2.505471646417829,0.0,0.0,0.0,0.0,33.427846881845525,-22.026919214215283,False,True,False,True,True,0.0,0,0.77392988696691,0.9071192683853952,False,False,False,False,-0.29243868631096004,-0.27916935334579396,False,False,False,False,-189769,-188733.05656860248,False,False,False,False,3181.8898780992763,False,False,False,False
2022-10-10 00:00:00+00:00,9.3043980114,9.436245133,9.3043980114,9.3711675804,20463,,,,,,,,,,,,,,,,,,,,,,,,,"rgba(239, 83, 80, 0.75)",0.0,0.0,1.1807205677419836,12.124459223874785,-2.3884238909023883,0.0,0.0,0.0,0.0,32.95395783225147,-22.026919214215283,False,True,False,True,True,0.0,0,0.7603577307002679,0.9352239995858468,False,False,False,False,-0.29963733137983434,-0.2894033423628142,False,False,False,False,-210232,-189576.1523894416,False,False,False,False,3859.5804711149913,False,False,False,False
2022-10-11 00:00:00+00:00,9.2844192027,9.3516443146,9.2605357409,9.2930745172,785,,,,,,,,,,,,,,,,,,,,,,,,,"rgba(239, 83, 80, 0.75)",0.0,0.0,1.2061866829508288,12.1201523659471,-2.35099027648832,0.0,0.0,0.0,0.0,32.51338262106324,-22.026919214215283,False,True,False,True,True,0.0,0,0.7446539183253309,0.9436155447547511,False,False,False,False,-0.31129201532470485,-0.3003476788437595,False,False,False,False,-211017,-190416.9699427968,False,False,False,False,3739.0086879340115,False,False,False,False
2022-10-12 00:00:00+00:00,9.3024456848,9.3024456848,9.2410124751,9.2410124751,878,,,,,,,,,,,,,,,,,,,,,,,,,"rgba(239, 83, 80, 0.75)",0.0,0.0,1.2280500065470663,12.115297656717168,-2.2905027946102305,0.0,0.0,0.0,0.0,32.48090235418254,-22.026919214215283,False,True,False,True,True,0.0,0,0.7622200929308592,0.9454033549406566,False,False,False,False,-0.31756035957602097,-0.30895401920989024,False,False,False,False,-210139,-191190.38288621654,False,False,False,False,3626.8122687993446,False,False,False,False
2022-10-13 00:00:00+00:00,9.4619507663,9.4619507663,9.1173651251,9.1173651251,557,,,,,,,,,,,,,,,,,,,,,,,,,"rgba(239, 83, 80, 0.5)",0.0,0.0,1.2461305520058348,12.112451891623374,-2.126985106862996,0.0,0.0,0.0,0.0,34.720479877463916,-20.208467125803764,False,False,False,True,True,0.0,0,0.7463706124083401,0.9394083631890309,False,False,False,False,-0.3142866765733446,-0.3116203478916174,False,False,False,False,-209582,-191911.6227730316,False,False,False,False,3506.4274739444686,False,False,False,False
2022-10-14 00:00:00+00:00,9.3256132935,9.3841830909,9.3256132935,9.3841830909,581,,,,,,,,,,,,,,,,,,,,,,,,,"rgba(239, 83, 80, 0.5)",0.0,0.0,1.2671760980383862,12.10949381749938,-2.196916851816321,0.0,0.0,0.0,0.0,35.086723167704555,-19.629547941915565,False,False,False,True,True,0.0,0,0.7534034890494692,0.945327067009146,False,False,False,False,-0.3024285604999718,-0.3070244541957946,False,False,False,False,-210163,-192627.36305644212,False,False,False,False,3391.704827907431,False,False,False,False
2022-10-17 00:00:00+00:00,9.4557683988,9.4948149304,9.436245133,9.436245133,361,,,,,,,,,,,,,,,,,,,,,,,,,"rgba(239, 83, 80, 0.5)",0.0,0.0,1.284795806567181,12.107901130476723,-2.0642445423003837,0.0,0.0,0.0,0.0,37.107375912149706,-17.498583802540594,False,False,False,True,True,0.0,0,0.7540317444070718,0.9448294311055924,False,False,False,False,-0.2825052537414355,-0.29476485396861507,False,False,False,False,-209802,-193300.87823069928,False,False,False,False,3272.853658185571,False,False,False,False
2022-10-18 00:00:00+00:00,9.5213014943,9.5213014943,9.4948149304,9.4948149304,138,,,,,,,,,,,,,,,,,,,,,,,,,"rgba(239, 83, 80, 0.5)",0.0,0.0,1.30074371093993,12.107331778247332,-1.9881166921642404,0.0,0.0,0.0,0.0,39.3170159094983,-15.268532010861712,False,False,False,True,True,0.0,0,0.7493407587440135,0.9424551363116992,False,False,False,False,-0.27490505294578266,-0.2848349534571989,False,False,False,False,-209664,-193942.5692804758,False,False,False,False,3149.9182206096666,False,False,False,False
2022-10-19 00:00:00+00:00,9.3711675804,9.4622761541,9.3581520698,9.4622761541,529,,,,,,,,,,,,,,,,,,,,,,,,,"rgba(239, 83, 80, 0.5)",0.0,0.0,1.318845646852269,12.104814519713706,-2.07275729789774,0.0,0.0,0.0,0.0,39.335864097912065,-15.10970331652085,False,False,False,True,True,0.0,0,0.7454751131167832,0.9311744254510141,False,False,False,False,-0.29243868631096004,-0.28863681988407947,False,False,False,False,-210193,-194579.8410733983,False,False,False,False,3047.1371139190915,False,False,False,False
2022-10-20 00:00:00+00:00,9.2460885242,9.2995822725,9.2460885242,9.2995822725,984,,,,,,,,,,,,,,,,,,,,,,,,,"rgba(239, 83, 80, 0.5)",0.0,0.0,1.3386981879639068,12.099448888189569,-2.1314441071511334,0.0,0.0,0.0,0.0,38.24914773943012,-15.10970331652085,False,False,False,True,True,0.0,0,0.731643049517713,0.953279723112386,False,False,False,False,-0.3173581635891958,-0.3029974917366376,False,False,False,False,-211177,-195230.7100509121,False,False,False,False,2966.2297761183427,False,False,False,False
2022-10-21 00:00:00+00:00,9.4329912554,9.4329912554,9.312597783,9.312597783,362,,,,,,,,,,,,,,,,,,,,,,,,,"rgba(239, 83, 80, 0.5)",0.0,0.0,1.3534495560605009,12.097741945562358,-1.968858520238224,0.0,0.0,0.0,0.0,40.10322547746665,-14.156465478292247,True,False,False,True,True,0.0,0,0.7267338051689087,0.9398515074135596,False,False,False,False,-0.2980114771700169,-0.3005044844533272,False,False,False,False,-210815,-195841.85867636654,False,False,False,False,2864.1031182313486,False,False,False,False
2022-10-24 00:00:00+00:00,9.3581520698,9.3581520698,9.3060900277,9.3223594159,2207,,,,,,,,,,,,,,,,,,,,,,,,,"rgba(239, 83, 80, 0.5)",0.0,0.0,1.3678622519339818,12.086843597551862,-1.9948584178661581,0.0,0.0,0.0,0.0,40.60026617264312,-13.54381211532585,True,False,False,True,True,0.0,0,0.729882689247122,0.9368569478655373,False,False,False,False,-0.3019110859297523,-0.3012077851915398,False,False,False,False,-213022,-196515.58970866588,False,False,False,False,2838.334368496786,False,False,False,False
2022-10-25 00:00:00+00:00,9.5924312593,9.5969216105,9.4492606435,9.4492606435,3869,,,,,,,,,,,,,,,,,,,,,,,,,"rgba(239, 83, 80, 0.5)",0.0,0.0,1.3788900546409295,12.072107201513548,-1.7983130227589244,0.0,0.0,0.0,0.0,43.820671134802716,-10.39637437271518,True,False,False,True,True,0.0,0,0.742694619004813,0.9195441468459096,False,False,False,False,-0.2632685514457088,-0.2822381683186243,False,False,False,False,-209153,-197011.17442597312,False,False,False,False,2878.752628555735,False,False,False,False
2022-10-26 00:00:00+00:00,9.657508812,9.6640165672,9.5989390146,9.6054467699,970,,,,,,,,,,,,,,,,,,,,,,,,,#000000,0.0,0.0,1.3888065347839131,12.06887194702702,-1.7362844101264319,0.0,0.0,0.0,0.0,46.68676450223757,-7.702653646488926,True,False,False,False,True,0.0,0,0.7573955583934041,0.9145605888902303,False,False,False,False,-0.23997297133129541,-0.26110556982495986,False,False,False,False,-208183,-197449.2852327977,False,False,False,False,2803.8995842986474,False,False,False,False
2022-10-27 00:00:00+00:00,9.4495209537,9.5144032737,9.4495209537,9.4961164814,1257,,,,,,,,,,,,,,,,,,,,,,,,,#000000,0.0,0.0,1.401250266944583,12.063679737043607,-1.8655902125490849,0.0,0.0,0.0,0.0,46.2855351706023,-7.702653646488926,True,False,False,False,True,0.0,0,0.758162617254443,0.914913676264907,False,False,False,False,-0.27031074308928293,-0.2657081564571214,False,False,False,False,-209440,-197919.50934131545,False,False,False,False,2743.2368555026223,False,False,False,False
2022-10-28 00:00:00+00:00,9.3012742888,9.3012742888,9.2344396423,9.2344396423,1472,,,,,,,,,,,,,,,,,,,,,,,,,"rgba(239, 83, 80, 0.5)",0.0,0.0,1.4152080199880723,12.056345183406991,-1.9467603742312112,0.0,0.0,0.0,0.0,44.59305260233071,-7.702653646488926,True,False,False,True,False,0.0,0,0.7496508108765794,0.929218075054221,False,False,False,False,-0.3134891714137028,-0.2895986639354121,False,False,False,False,-210912,-198429.01877891092,False,False,False,False,2693.384429796637,False,False,False,False
2022-10-31 00:00:00+00:00,9.2637896185,9.2637896185,9.2410124751,9.2410124751,308,,,,,,,,,,,,,,,,,,,,,,,,,"rgba(239, 83, 80, 0.5)",0.0,0.0,1.4283430047976795,12.054791389808496,-1.9540136801410897,0.0,0.0,0.0,0.0,43.11478559197352,-7.702653646488926,True,False,False,True,False,0.0,0,0.7509809050261644,0.9284200889264609,False,False,False,False,-0.31526777556221497,-0.30243321974881354,False,False,False,False,-211220,-198930.6258856203,False,False,False,False,2599.8399423536316,False,False,False,False
2022-11-01 00:00:00+00:00,9.3679137027,9.3679137027,9.338628804,9.338628804,187,,,,,,,,,,,,,,,,,,,,,,,,,"rgba(239, 83, 80, 0.5)",0.0,0.0,1.4375598507246325,12.053937289303704,-1.8684603533200774,0.0,0.0,0.0,0.0,43.56991589821881,-7.702653646488926,True,False,False,True,False,0.0,0,0.7522637275373195,0.9224128827819306,False,False,False,False,-0.29203713352561633,-0.29723517663721494,False,False,False,False,-211033,-199405.22879206657,False,False,False,False,2505.2187681436853,False,False,False,False
2022-11-02 00:00:00+00:00,9.127126758,9.2670434961,9.127126758,9.2540930632,637,,,,,,,,,,,,,,,,,,,,,,,,,"rgba(239, 83, 80, 0.5)",0.0,0.0,1.4451788764105478,12.050506100368096,-2.0228494825699492,0.0,0.0,0.0,0.0,41.57218550810561,-4.011724118083002,True,False,False,True,False,0.0,0,0.7414167949748831,0.9259184967557865,False,False,False,False,-0.32814694584656623,-0.3126910612418906,False,False,False,False,-211670,-199886.20021198553,False,False,False,False,2431.9552870400116,False,False,False,False
2022-11-03 00:00:00+00:00,9.0103776285,9.0360832618,8.9286402224,8.9286402224,1007,,,,,,,,,,,,,,,,,,,,,,,,,"rgba(239, 83, 80, 0.5)",-1.0,9.50432,1.4532938544251974,11.739050912821984,-1.8775784924799124,0.0,0.0,0.0,0.0,39.282792953439476,-6.235427885080121,True,False,False,True,False,0.0,0,0.7379925074063893,0.93558325796481,True,False,False,False,-0.34282825441539394,-0.32775965782864225,False,False,False,False,-212677,-200387.80020367238,False,False,False,False,2376.0746875482464,False,False,False,False
2022-11-04 00:00:00+00:00,9.3388240367,9.3388240367,9.2345047198,9.2605357409,984,,,,,,,,,,,,,,,,,,,,,,,,,"rgba(239, 83, 80, 0.5)",0.0,0.0,1.451194052232718,11.750326905783952,-1.6617370126164464,0.0,0.0,0.0,0.0,41.92062613139682,-6.235427885080121,True,False,False,True,True,0.0,0,0.7447495960966076,0.9360564980971613,False,False,False,False,-0.2686606711346762,-0.2982101644816592,False,False,False,False,-211693,-200831.1413721558,False,False,False,False,2321.483523330668,False,False,False,False
2022-11-07 00:00:00+00:00,9.6588754406,9.6588754406,9.5989390146,9.5989390146,4381,,,,,,,,,,,,,,,,,,,,,,,,,#000000,0.0,0.0,1.4458185107591885,11.771582708698025,-1.461253436981284,0.0,0.0,0.0,0.0,46.67443758821358,-8.313903295002888,True,False,False,False,True,0.0,0,0.7638322861129773,0.9298197197744318,False,False,False,False,-0.1779205599727926,-0.2380653622272259,False,False,False,False,-207312,-201085.2926908948,False,False,False,False,2402.2488753569164,False,False,False,False
2022-11-08 00:00:00+00:00,9.8483812739,9.9178190225,9.7486173857,9.7486173857,2110,,,,,,,,,,,,,,,,,,,,,,,,,"rgba(38, 166, 154, 1.0)",0.0,0.0,1.4387554255483173,11.77584756818072,-1.3396761256668444,0.0,0.0,0.0,0.0,51.30100413947085,-4.188220974995254,True,False,True,False,True,0.0,0,0.7713746107693268,0.9136401919128098,False,False,False,False,-0.11639685027965131,-0.1772311062534386,False,False,False,False,-205202,-201246.73219321267,False,False,False,False,2390.7881351468413,False,False,False,False
2022-11-09 00:00:00+00:00,9.683539833,9.8462337146,9.683539833,9.8462337146,393,,,,,,,,,,,,,,,,,,,,,,,,,"rgba(38, 166, 154, 1.0)",0.0,0.0,1.4346587795511863,11.775585070990825,-1.4582179873079606,0.0,0.0,0.0,0.0,52.626268040702826,-3.16875352849857,True,False,True,False,True,0.0,0,0.7664302931889083,0.9202048286294554,False,False,False,False,-0.13386417711271204,-0.15554764168307533,False,False,False,False,-205595,-201417.25249936117,False,False,False,False,2312.443502395985,False,False,False,False
2022-11-10 00:00:00+00:00,10.2432067858,10.2692378068,10.1586059673,10.1781292331,4151,,,,,,,,,,,,,,,,,,,,,,,,,"rgba(38, 166, 154, 1.0)",0.0,0.0,1.4201232498042788,11.792600704849772,-1.0910277817529632,0.0,0.0,0.0,0.0,57.17048501867676,0.9453928735558392,True,False,True,False,True,0.0,0,0.7801827860015109,0.9018375829232556,False,False,False,False,0.03983169094771289,-0.057857975367681225,False,False,False,False,-201444,-201418.30142095484,False,False,False,False,2384.543757203986,False,False,False,False
2022-11-11 00:00:00+00:00,10.5746467614,10.5881178148,10.5002631187,10.5002631187,1498,,,,,,,,,,,,,,,,,,,,,,,,,"rgba(38, 166, 154, 1.0)",0.0,0.0,1.402212070548311,11.80081775803625,-0.8744547436086295,0.0,0.0,0.0,0.0,61.75097324666275,5.018432853296694,True,False,True,False,True,0.0,0,0.8013467598713059,0.8845651959555411,False,False,False,False,0.15306528589567134,0.04760365526399506,False,False,False,False,-199946,-201360.56411032917,False,False,False,False,2349.777335352849,False,False,False,False
2022-11-14 00:00:00+00:00,10.5333225154,10.6141488358,10.5275956908,10.6141488358,3116,,,,,,,,,,,,,,,,,,,,,,,,,"rgba(38, 166, 154, 1.0)",0.0,0.0,1.3782472645118617,11.813329508724168,-0.9287208661919689,0.0,0.0,0.0,0.0,64.36586849717519,7.250040560356354,True,False,True,False,True,0.0,0,0.8104068847563864,0.8782334698916658,False,False,False,False,0.1868581355434482,0.11723089540372164,False,False,False,False,-203062,-201427.2870863947,False,False,False,False,2379.8252829860708,False,False,False,False
2022-11-15 00:00:00+00:00,10.5559695038,10.6434337345,10.4644704647,10.6272294239,2533,,,,,,,,,,,,,,,,,,,,,,,,,"rgba(38, 166, 154, 1.0)",0.0,0.0,1.3535362352631737,11.820298439616446,-0.9340931575212812,0.0,0.0,0.0,0.0,66.22128532441718,8.882329300619837,True,False,True,False,True,0.0,0,0.814594387998653,0.8545823596658326,False,False,False,False,0.18118783873456862,0.14920936706914512,False,False,False,False,-200529,-201392.0601418302,False,False,False,False,2385.832134633676,False,False,False,False
2022-11-16 00:00:00+00:00,10.3557909518,10.4254239332,10.3512355231,10.4254239332,719,,,,,,,,,,,,,,,,,,,,,,,,,"rgba(38, 166, 154, 1.0)",0.0,0.0,1.332115403623636,11.82089318702624,-1.0998313143447271,0.0,0.0,0.0,0.0,65.19373415727561,8.882329300619837,True,False,True,False,True,0.0,0,0.8126837200116392,0.8518418912745116,False,False,False,False,0.12623163208503896,0.13772049957709204,False,False,False,False,-201248,-201386.41072450354,False,False,False,False,2320.46616856961,False,False,False,False
2022-11-17 00:00:00+00:00,10.3084144935,10.3084144935,10.2106680094,10.2406687612,587,,,,,,,,,,,,,,,,,,,,,,,,,"rgba(38, 166, 154, 1.0)",0.0,0.0,1.3070004899328351,11.820844312187258,-1.1571761681321016,0.0,0.0,0.0,0.0,63.98956437447616,8.882329300619837,True,False,True,False,True,0.0,0,0.8056299933503538,0.8582094202802162,False,False,False,False,0.08403226361088491,0.11087638159398847,False,False,False,False,-201835,-201404.00246079752,False,False,False,False,2252.487103135508,False,False,False,False
2022-11-18 00:00:00+00:00,10.211318785,10.211318785,10.1651137226,10.1911447436,1214,,,,,,,,,,,,,,,,,,,,,,,,,"rgba(38, 166, 154, 0.75)",0.0,0.0,1.279722666377074,11.819892029071763,-1.256970190756778,0.0,0.0,0.0,0.0,62.10544644908909,8.882329300619837,True,False,True,False,False,0.0,0,0.7834957157168632,0.8605552784043062,False,False,False,False,0.06079891776770078,0.08583764968084462,False,False,False,False,-203049,-201468.51216821725,False,False,False,False,2211.7621186988213,False,False,False,False
2022-11-21 00:00:00+00:00,10.0971727576,10.1065439252,10.0577357607,10.1065439252,1996,,,,,,,,,,,,,,,,,,,,,,,,,"rgba(38, 166, 154, 0.75)",0.0,0.0,1.2478669160024884,11.81658222187319,-1.3778788765241712,0.0,0.0,0.0,0.0,59.609168793475405,8.882329300619837,True,False,True,False,False,0.0,0,0.7719028684974629,0.8644938351791561,False,False,False,False,0.044615468185118426,0.06522655893298152,False,False,False,False,-205045,-201608.76659299305,False,False,False,False,2203.300859142005,False,False,False,False
2022-11-22 00:00:00+00:00,10.3212998489,10.3526021517,10.3082843384,10.3082843384,1343,,,,,,,,,,,,,,,,,,,,,,,,,"rgba(38, 166, 154, 0.75)",0.0,0.0,1.2153229084081478,11.816563388515899,-1.2303425939484856,0.0,0.0,0.0,0.0,59.77654655461135,8.882329300619837,True,False,True,False,False,0.0,0,0.7946449403209616,0.858543691127187,False,False,False,False,0.12988383573002105,0.09755519733150128,False,False,False,False,-203702,-201690.85417758155,False,False,False,False,2169.5635705482005,False,False,False,False
2022-11-23 00:00:00+00:00,10.5295480174,10.5295480174,10.3863774016,10.3863774016,809,,,,,,,,,,,,,,,,,,,,,,,,,"rgba(38, 166, 154, 0.75)",0.0,0.0,1.1835932505133575,11.8173202301218,-1.0880192263374744,0.0,0.0,0.0,0.0,61.35228571187075,8.882329300619837,True,False,True,False,False,0.0,0,0.7940846949275485,0.8595760215202625,False,False,False,False,0.22869482447252693,0.1631250109020141,False,False,False,False,-202893,-201737.99715100974,False,False,False,False,2116.208136409055,False,False,False,False
2022-11-25 00:00:00+00:00,10.6759725108,10.692241899,10.6271643463,10.6271643463,3837,,,,,,,,,,,,,,,,,,,,,,,,,"rgba(38, 166, 154, 0.75)",0.0,0.0,1.141272711857169,11.82421400290034,-1.0061061481368745,0.0,0.0,0.0,0.0,63.331417440930075,8.882329300619837,True,False,True,False,False,0.0,0,0.8098512400331564,0.8527996665839483,False,False,False,False,0.342828210258756,0.252976610580385,False,False,False,False,-199056,-201632.8207921466,False,False,False,False,2183.6901702753667,False,False,False,False
2022-11-28 00:00:00+00:00,10.4970092411,10.6076410805,10.4970092411,10.6076410805,1198,,,,,,,,,,,,,,,,,,,,,,,,,"rgba(38, 166, 154, 0.75)",0.0,0.0,1.095732795500538,11.824969817135216,-1.2119383315789083,0.0,0.0,0.0,0.0,62.509970541298415,8.882329300619837,True,False,True,False,False,0.0,0,0.8024572469572311,0.850942957197765,False,False,False,False,0.29611020940706173,0.2745434099937234,False,False,False,False,-200254,-201578.74938853303,False,False,False,False,2145.0356537939797,False,False,False,False
2022-11-29 00:00:00+00:00,10.6141488358,10.6531953674,10.6141488358,10.6531953674,12587,,,,,,,,,,,,,,,,,,,,,,,,,"rgba(38, 166, 154, 0.75)",0.0,0.0,1.0499908087837506,11.832550494233262,-1.1603926893841943,0.0,0.0,0.0,0.0,62.8011259246706,8.882329300619837,True,False,True,False,False,0.0,0,0.8185418106868217,0.8309499888911005,False,False,False,False,0.3313767216063224,0.3029600658000229,False,False,False,False,-187667,-201033.19058898272,False,False,False,False,2554.524451684412,False,False,False,False
2022-11-30 00:00:00+00:00,10.9590598648,10.9590598648,10.7377961858,10.8484280253,2902,,,,,,,,,,,,,,,,,,,,,,,,,"rgba(38, 166, 154, 1.0)",0.0,0.0,1.0161435722975558,11.836476737442945,-0.8634772649883102,0.0,0.0,0.0,0.0,65.09909945970158,9.317249781604431,True,False,True,False,True,2.2971525028105653,0,0.830603222419975,0.8088943689661332,False,False,False,False,0.3428282147245441,0.32289414026228347,False,False,False,False,-184765,-200395.22233059123,False,True,False,False,2568.1509437752193,False,True,False,False
2022-12-01 00:00:00+00:00,10.9004900674,10.9785831306,10.9004900674,10.9785831306,1038,,,,,,,,,,,,,,,,,,,,,,,,,"rgba(38, 166, 154, 1.0)",0.0,0.0,0.9795198724991955,11.837929401995964,-0.957039628204924,0.0,0.0,0.0,0.0,65.90641270198302,10.350407603289248,True,False,True,False,True,1.76354354251227,0,0.8461326532739948,0.8169481534430796,False,False,False,False,0.34282821657219537,0.3328611784172394,False,False,False,False,-185803,-199822.97831762687,False,False,False,False,2508.145024411485,False,False,False,False
2022-12-02 00:00:00+00:00,10.8404885639,10.8404885639,10.7833504727,10.7833504727,188,,,,,,,,,,,,,,,,,,,,,,,,,"rgba(38, 166, 154, 1.0)",0.0,0.0,0.945611801747892,11.838091888709679,-1.054981888937601,0.0,0.0,0.0,0.0,65.6803384194969,10.41666378570092,True,False,True,False,True,1.2135543321603883,0,0.8517475180694841,0.8121150894442439,False,False,False,False,0.2952555769304749,0.31405837767385714,False,False,False,False,-185991,-199280.547795367,False,False,False,False,2417.1589450227993,False,False,False,False
2022-12-05 00:00:00+00:00,10.6291166729,10.7833504727,10.6239104687,10.7508116964,979,,,,,,,,,,,,,,,,,,,,,,,,,"rgba(38, 166, 154, 0.75)",0.0,0.0,0.9050881293968145,11.838261163034764,-1.3359411651333706,0.0,0.0,0.0,0.0,63.00125491583289,10.41666378570092,True,False,True,False,False,0.0,0,0.8373532127766337,0.798482649404509,False,False,False,False,0.2558902295218832,0.2849743035978701,False,False,False,False,-186970,-198797.78121515652,False,False,False,False,2360.7605550219055,False,False,False,False
2022-12-06 00:00:00+00:00,10.4677243424,10.5620867937,10.4677243424,10.5620867937,2603,,,,,,,,,,,,,,,,,,,,,,,,,"rgba(38, 166, 154, 0.75)",0.0,0.0,0.8672619978468235,11.836439806718655,-1.5782029740918018,0.0,0.0,0.0,0.0,59.505541299877365,14.704373062524922,True,False,True,False,False,0.0,0,0.8410567286952519,0.8067270651439068,False,False,False,False,0.18902517786857528,0.23699974073322272,False,False,False,False,-189573,-198436.02508907195,False,False,False,False,2370.260141099478,False,False,False,False
2022-12-07 00:00:00+00:00,10.3863774016,10.3863774016,10.3863774016,10.3863774016,577,,,,,,,,,,,,,,,,,,,,,,,,,"rgba(38, 166, 154, 0.75)",0.0,0.0,0.8330266837804289,11.835730754693182,-1.7398642580280246,0.0,0.0,0.0,0.0,56.352110960599006,11.711761467678954,True,False,True,False,False,0.0,0,0.8337744443956193,0.8345054929988461,False,False,False,False,0.14445978330564924,0.19072976201943598,False,False,False,False,-190150,-198111.0829287162,False,False,False,False,2299.936213997538,False,False,False,False
2022-12-08 00:00:00+00:00,10.4836032652,10.4937553634,10.4579627095,10.4774859753,6828,,,,,,,,,,,,,,,,,,,,,,,,,"rgba(38, 166, 154, 0.75)",0.0,0.0,0.7978395291117958,11.829801487883472,-1.68730449365193,0.0,0.0,0.0,0.0,55.219135494789,10.636001126901164,True,False,True,False,False,0.0,0,0.8430445549200617,0.8260439477848822,False,False,False,False,0.17541561653818086,0.18307268927880843,False,False,False,False,-183322,-197531.11889229598,False,False,False,False,2477.507342860379,False,False,False,False
2022-12-09 00:00:00+00:00,10.5588979936,10.6336721016,10.5588979936,10.6336721016,3179,,,,,,,,,,,,,,,,,,,,,,,,,"rgba(38, 166, 154, 0.75)",0.0,0.0,0.7657970774652562,11.82819396138936,-1.6574834314994453,0.0,0.0,0.0,0.0,55.20474147667259,10.51207084623038,True,False,True,False,False,0.0,0,0.8653248503311546,0.8114100943397073,False,False,False,False,0.21761994872575868,0.20034631900228356,False,False,False,False,-180143,-196849.23187691183,False,False,False,False,2505.016858826639,False,False,False,False
2022-12-12 00:00:00+00:00,10.587206729,10.587206729,10.5393096503,10.5423032177,711,,,,,,,,,,,,,,,,,,,,,,,,,"rgba(38, 166, 154, 0.75)",0.0,0.0,0.7236973273307181,11.827774461759839,-1.7142079788183595,0.0,0.0,0.0,0.0,55.481496279523675,10.51207084623038,True,False,True,False,False,0.0,0,0.8585297220898865,0.8255645444896508,False,False,False,False,0.20597537574721805,0.20316084737475082,False,False,False,False,-179432,-196166.20317585647,False,False,False,False,2434.663256519712,False,False,False,False
2022-12-13 00:00:00+00:00,10.7963659832,10.9850908859,10.7963659832,10.9069978227,10982,,,,,,,,,,,,,,,,,,,,,,,,,"rgba(38, 166, 154, 0.75)",0.0,0.0,0.6956571335393957,11.743383463085763,-1.3613279217988976,0.0,0.0,0.0,0.0,57.64103884725088,10.51207084623038,True,False,True,False,False,1.0230144880740397,0,0.8647765818969172,0.8331448832222915,False,False,False,False,0.32446748463119623,0.2638141660029735,False,False,False,False,-168450,-195079.29324739153,False,False,False,False,2769.852932734625,False,False,False,False
2022-12-14 00:00:00+00:00,10.7205506344,10.8223970043,10.6857341437,10.7307678101,3729,,,,,,,,,,,,,,,,,,,,,,,,,"rgba(38, 166, 154, 1.0)",0.0,0.0,0.6721808722940171,11.739885856428907,-1.5164597269037463,0.0,0.0,0.0,0.0,58.02750668802702,10.51207084623038,True,False,True,False,True,0.3019469173643863,0,0.8336523329049075,0.8631987863588574,False,False,False,False,0.2741210407336249,0.2689676033682992,False,False,False,False,-172179,-194181.24253180754,False,False,False,False,2807.46654321562,False,False,False,False
2022-12-15 00:00:00+00:00,10.6011333253,10.6011333253,10.6011333253,10.6011333253,352,,,,,,,,,,,,,,,,,,,,,,,,,"rgba(38, 166, 154, 1.0)",0.0,0.0,0.6514060796267384,11.739154509207486,-1.7470226629748118,0.0,0.0,0.0,0.0,56.693960552732776,10.51207084623038,True,False,True,False,True,0.0,0,0.8507858101357437,0.8720949433679732,False,False,False,False,0.21933417782451167,0.24415089059640543,False,False,False,False,-172531,-193332.21341291312,False,False,False,False,2711.173737599321,False,False,False,False
2022-12-16 00:00:00+00:00,10.8533739193,10.8643720257,10.8093814937,10.8093814937,471,,,,,,,,,,,,,,,,,,,,,,,,,"rgba(38, 166, 154, 1.0)",0.0,0.0,0.6334100876535304,11.739232231271876,-1.3985541582603167,0.0,0.0,0.0,0.0,58.23680209267862,10.51207084623038,True,False,True,False,True,1.5484452792583348,0,0.8570896413598206,0.8635769408948777,False,False,False,False,0.3044513868469962,0.2743011387217008,False,False,False,False,-172060,-192498.00896534792,False,False,False,False,2623.32378710523,False,False,False,False
2022-12-19 00:00:00+00:00,10.5747118389,10.7117651648,10.5165325069,10.7117651648,9046,,,,,,,,,,,,,,,,,,,,,,,,,"rgba(38, 166, 154, 1.0)",0.0,0.0,0.622005330910797,11.72509918082135,-1.8494814831198412,0.0,0.0,0.0,0.0,55.960700260334285,10.51207084623038,True,False,True,False,True,0.0,0,0.8499937522924569,0.8643494800416923,False,False,False,False,0.22394244682868625,0.24912179277519353,False,False,False,False,-181106,-192051.26351572646,False,False,False,False,2875.1934425128684,False,False,False,False
2022-12-20 00:00:00+00:00,10.6727186332,10.6727186332,10.6727186332,10.6727186332,266,,,,,,,,,,,,,,,,,,,,,,,,,"rgba(38, 166, 154, 0.75)",0.0,0.0,0.6159937049810777,11.724885311031466,-1.7080802438781189,0.0,0.0,0.0,0.0,55.396733829211946,9.881508733329653,True,False,True,False,False,0.0,0,0.8586467317260467,0.8519723549694713,False,False,False,False,0.24479895647346778,0.24696037462433065,False,False,False,False,-180840,-191611.6061229529,False,False,False,False,2772.8721310417754,False,False,False,False
2022-12-21 00:00:00+00:00,10.8484280253,10.8484280253,10.8484280253,10.8484280253,103,,,,,,,,,,,,,,,,,,,,,,,,,"rgba(38, 166, 154, 0.75)",0.0,0.0,0.617222275474346,11.724921995754507,-1.4200621158413396,0.0,0.0,0.0,0.0,56.606294356017614,9.881508733329653,True,False,True,False,False,1.4836628640157308,0,0.8645690928358836,0.8443252274924052,False,False,False,False,0.30872448060665064,0.27784242761549066,False,False,False,False,-180737,-191185.15098087632,False,False,False,False,2668.1712631577843,False,False,False,False
2022-12-22 00:00:00+00:00,10.8449138375,10.8449138375,10.8028737385,10.8386663924,5023,,,,,,,,,,,,,,,,,,,,,,,,,"rgba(38, 166, 154, 0.75)",0.0,0.0,0.6192060981663252,11.725677479542304,-1.422407893996098,0.0,0.0,0.0,0.0,57.367748719281465,9.881508733329653,True,False,True,False,False,1.4498692721851363,0,0.8619475758481916,0.8388339442454729,False,False,False,False,0.299661503466252,0.28875196554087135,False,False,False,False,-185760,-190972.39996201845,False,False,False,False,2760.517488131989,False,False,False,False
2022-12-23 00:00:00+00:00,10.8837242352,10.899129365,10.8452114106,10.8452114106,2748,,,,,,,,,,,,,,,,,,,,,,,,,"rgba(38, 166, 154, 1.0)",0.0,0.0,0.6225578258028599,11.72647420773936,-1.3536894688497985,0.0,0.0,0.0,0.0,58.245186954533516,9.881508733329653,True,False,True,False,True,1.8142782655395173,0,0.875720850285433,0.8452807120384431,False,False,False,False,0.31754198421974295,0.3031469748803072,False,False,False,False,-183012,-190660.22741448833,False,False,False,False,2760.0266062444603,False,False,False,False
2022-12-27 00:00:00+00:00,10.8422074102,10.8529139755,10.8144011509,10.8529139755,882,,,,,,,,,,,,,,,,,,,,,,,,,"rgba(38, 166, 154, 1.0)",0.0,0.0,0.6205540054488357,11.726486376974286,-1.4249830941542347,0.0,0.0,0.0,0.0,58.214582978050544,9.881508733329653,True,False,True,False,True,1.4010832078514426,0,0.8535792745065519,0.8458371207683582,False,False,False,False,0.30326245340928354,0.30320471414479533,False,False,False,False,-183894,-190394.88516293975,False,False,False,False,2686.378504038795,False,False,False,False
2022-12-28 00:00:00+00:00,10.5673798938,10.7758883263,10.5294062487,10.7758883263,11138,,,,,,,,,,,,,,,,,,,,,,,,,"rgba(38, 166, 154, 0.5)",0.0,0.0,0.6128179032039676,11.714438475050457,-1.8717772037229061,0.0,0.0,0.0,0.0,54.64521160027951,8.649091706190369,False,False,True,False,False,0.0,0,0.8260381158959605,0.8621472002870867,False,False,False,False,0.23762894119684203,0.27041682767081865,False,False,False,False,-195032,-190576.73280360881,False,False,False,False,3017.8146411353127,False,False,False,False
2022-12-29 00:00:00+00:00,10.7590967347,10.7590967347,10.6680524173,10.6680524173,4227,,,,,,,,,,,,,,,,,,,,,,,,,"rgba(38, 166, 154, 0.5)",0.0,0.0,0.61304972902025,11.71211664357535,-1.5545556318871967,0.0,0.0,0.0,0.0,54.421065054346215,8.365642799280067,False,False,True,False,False,0.5797193052717127,0,0.8303721328058646,0.8620449628173679,False,False,False,False,0.2594712241041294,0.264944025887474,False,False,False,False,-190805,-190585.68445836924,False,False,False,False,3065.2336748162807,False,False,False,False
2022-12-30 00:00:00+00:00,10.6714415459,10.7373755016,10.6218370278,10.7373755016,1638,,,,,,,,,,,,,,,,,,,,,,,,,#000000,0.0,0.0,0.6086342469456634,11.710827795858854,-1.707735401310151,0.0,0.0,0.0,0.0,53.22207078295869,7.115810918025971,False,False,False,False,False,0.0,0,0.8366417061909929,0.8616607557237027,False,False,False,False,0.24726506374497864,0.25610454481622635,False,False,False,False,-192443,-190658.5203619626,False,False,False,False,3009.2637267842697,False,False,False,False
2023-01-03 00:00:00+00:00,10.6460230817,10.6886952913,10.6065089236,10.6065089236,2571,,,,,,,,,,,,,,,,,,,,,,,,,#000000,0.0,0.0,0.607298073816853,11.708486378725475,-1.749492288602071,0.0,0.0,0.0,0.0,52.11324148398952,5.955920716700575,False,False,False,False,False,0.0,0,0.8414156627908881,0.8564342166214741,False,False,False,False,0.23583046229916163,0.24596750355769398,False,False,False,False,-195014,-190829.3234850229,False,False,False,False,2992.0769139692006,False,False,False,False
2023-01-04 00:00:00+00:00,10.5592922006,10.5679190734,10.4524576252,10.5448113786,2169,,,,,,,,,,,,,,,,,,,,,,,,,#000000,0.0,0.0,0.6087353795814695,11.705453456200617,-1.8828563182719067,0.0,0.0,0.0,0.0,50.306768951801395,4.157787512427667,False,True,False,False,False,0.0,0,0.8247934574242682,0.879924461890385,False,False,False,False,0.1873774214074374,0.2166724624825657,False,False,False,False,-197183,-191078.48726992396,False,False,False,False,2959.799387931193,False,False,False,False
2023-01-05 00:00:00+00:00,10.413636698,10.4138677749,10.40616521,10.4138677749,602,,,,,,,,,,,,,,,,,,,,,,,,,"rgba(239, 83, 80, 1.0)",0.0,0.0,0.6097954443082387,11.596579400012855,-1.9399008520878733,0.0,0.0,0.0,0.0,47.452931446125575,1.4405882610374476,False,True,False,True,False,0.0,0,0.8217140837235594,0.8811925922935117,False,False,False,False,0.15260858700147784,0.18464052474202175,False,False,False,False,-197785,-191341.48776914264,False,False,False,False,2867.336666835852,False,False,False,False
2023-01-06 00:00:00+00:00,10.7260527312,10.7260527312,10.506298554,10.506298554,770,,,,,,,,,,,,,,,,,,,,,,,,,#000000,0.0,0.0,0.614865185467812,11.607271840208972,-1.4331907706540719,0.0,0.0,0.0,0.0,49.43458892845183,1.4405882610374476,False,True,False,False,True,0.3538707585587346,0,0.8183528250972307,0.8744002337205097,False,False,False,False,0.22466089549418325,0.20465071011810249,False,False,False,False,-197015,-191563.97844486256,False,False,False,False,2785.0881700971913,False,False,False,False
2023-01-09 00:00:00+00:00,10.8156335613,10.8156335613,10.8066985859,10.8066985859,657,,,,,,,,,,,,,,,,,,,,,,,,,#000000,0.0,0.0,0.6211770759012423,11.6143164251137,-1.2857571452631609,0.0,0.0,0.0,0.0,51.677589003277866,-2.634978831770418,False,True,False,False,True,1.2228989745560561,1,0.8268679525064798,0.8811068988268477,False,False,False,False,0.2949787211817942,0.24981471564994834,False,False,False,False,-196358,-191751.9792901621,False,False,False,False,2701.6337320541643,False,False,False,False
2023-01-10 00:00:00+00:00,10.7999203288,10.7999203288,10.7219703718,10.7835908912,1878,,,,,,,,,,,,,,,,,,,,,,,,,#000000,0.0,0.0,0.6268299341959893,11.619309925254468,-1.3071960220047034,0.0,0.0,0.0,0.0,52.960974432933085,-1.4607302097800385,False,True,False,False,True,1.0643978327905295,0,0.8286787290258556,0.8789370474755943,False,False,False,False,0.2766214612837318,0.26321808846684003,False,False,False,False,-198236,-192006.25461211655,False,False,False,False,2669.3343700128244,False,False,False,False
2023-01-11 00:00:00+00:00,10.8182524333,10.8182524333,10.7835908912,10.7912934561,785,,,,,,,,,,,,,,,,,,,,,,,,,"rgba(38, 166, 154, 0.5)",0.0,0.0,0.6296343979534255,11.620598585437664,-1.2743048263335421,0.0,0.0,0.0,0.0,54.02885911937172,-0.4348002346809565,False,False,True,False,True,1.2469754269196933,0,0.8394181091205262,0.8673707180180577,False,False,False,False,0.2912187172297763,0.2772184028483082,False,False,False,False,-197451,-192219.77403909236,False,False,False,False,2595.4389045221255,False,False,False,False
2023-01-12 00:00:00+00:00,10.8794878245,10.8794878245,10.7296729367,10.798996021,2454,,,,,,,,,,,,,,,,,,,,,,,,,"rgba(38, 166, 154, 0.5)",0.0,0.0,0.6296030007430573,11.623348667462615,-1.1814760127964934,0.0,0.0,0.0,0.0,55.4712233216686,0.9822222721624172,False,False,True,False,True,1.862574041604251,0,0.8384777441913032,0.861989640894101,False,False,False,False,0.29256065148633453,0.28488952716732135,False,False,False,False,-194997,-192328.68486108875,False,False,False,False,2589.892280815375,False,False,False,False
2023-01-13 00:00:00+00:00,10.899129365,10.9145344949,10.8961253647,10.9145344949,679,,,,,,,,,,,,,,,,,,,,,,,,,"rgba(38, 166, 154, 0.5)",0.0,0.0,0.6316372797126605,11.624454568263365,-1.1483255130117151,0.0,0.0,0.0,0.0,56.67339406450982,2.191308193743758,False,False,True,False,True,2.0618338063375035,0,0.8512070186832852,0.8621370982954232,False,False,False,False,0.32993766804543107,0.3074135976063762,False,False,False,False,-194318,-192406.69721947744,False,False,False,False,2514.955328626537,False,False,False,False
2023-01-17 00:00:00+00:00,10.9515838321,10.9515838321,10.8452884362,10.899129365,7750,,,,,,,,,,,,,,,,,,,,,,,,,"rgba(38, 166, 154, 0.5)",0.0,0.0,0.6341598452104877,11.630965716977272,-1.0713101594311345,0.0,0.0,0.0,0.0,58.135723711096404,3.6610816292056043,False,False,True,False,True,2.599364387860131,0,0.8621729969939539,0.8559389666132533,False,False,False,False,0.32735267637802495,0.31738313699220055,False,False,False,False,-186568,-192177.72870106658,False,False,False,False,2720.251198092163,False,False,False,False
2023-01-18 00:00:00+00:00,10.9351003432,11.0300729687,10.9351003432,11.0300729687,699,,,,,,,,,,,,,,,,,,,,,,,,,"rgba(38, 166, 154, 1.0)",0.0,0.0,0.6296433346937338,11.631527785576354,-1.1060665681708597,0.0,0.0,0.0,0.0,58.77535888101892,4.376878779517142,True,False,True,False,True,2.416418774852673,0,0.882813598893099,0.8296212314789123,False,False,False,False,0.3428282107425458,0.3301056738673732,False,False,False,False,-187267,-191985.1511049463,False,False,False,False,2640.986445225804,False,False,False,False
2023-01-19 00:00:00+00:00,10.8628502842,10.9145344949,10.8144011509,10.9145344949,746,,,,,,,,,,,,,,,,,,,,,,,,,"rgba(38, 166, 154, 0.5)",0.0,0.0,0.6237711057124136,11.631456404599286,-1.2321925676910839,0.0,0.0,0.0,0.0,57.728961718817274,4.376878779517142,False,False,True,False,True,1.6086176530234724,0,0.8589947825017833,0.8515210556007153,False,False,False,False,0.279465084905608,0.30478537938649064,False,False,False,False,-188013,-191829.38047337977,False,False,False,False,2566.6732512953804,False,False,False,False
2023-01-20 00:00:00+00:00,11.0304580969,11.0304580969,10.9607498844,10.9607498844,1800,,,,,,,,,,,,,,,,,,,,,,,,,"rgba(38, 166, 154, 1.0)",0.0,0.0,0.625753923190393,11.633210678342886,-0.9632421933046211,0.0,0.0,0.0,0.0,59.36889343561075,5.102383199631902,True,False,True,False,True,3.3777062249142737,0,0.8498985690589677,0.8416341376874055,False,False,False,False,0.3428281942344254,0.32380678681045805,False,False,False,False,-186213,-191609.13025873745,False,False,False,False,2536.607633597522,False,False,False,False
2023-01-23 00:00:00+00:00,11.1379088776,11.1379088776,11.0531806635,11.0531806635,2739,,,,,,,,,,,,,,,,,,,,,,,,,"rgba(38, 166, 154, 1.0)",0.0,0.0,0.6325603383487673,11.637346014638213,-0.7895486118240396,0.0,0.0,0.0,0.0,61.710839191534156,7.398305539436933,True,False,True,False,True,4.489558739893059,0,0.8483462726555353,0.848874253509174,False,False,False,False,0.34282819875439413,0.33331749278242606,False,False,False,False,-183474,-191290.10554270854,False,False,False,False,2544.5445891427175,False,False,False,False
2023-01-24 00:00:00+00:00,11.1070986179,11.1302063127,11.0223704038,11.1302063127,7049,,,,,,,,,,,,,,,,,,,,,,,,,"rgba(38, 166, 154, 1.0)",0.0,0.0,0.6364613899898466,11.644141996923636,-0.8437956920406493,0.0,0.0,0.0,0.0,62.593518402191584,8.295260045015624,True,False,True,False,True,4.130140097163828,0,0.8509033727925448,0.8396155184977989,False,False,False,False,0.32881857719161667,0.33106803498702136,False,False,False,False,-190523,-191260.02297240624,False,False,False,False,2721.189899372415,False,False,False,False
2023-01-25 00:00:00+00:00,11.0728992297,11.0878422056,10.8683191053,10.999262709,14573,,,,,,,,,,,,,,,,,,,,,,,,,"rgba(38, 166, 154, 1.0)",0.0,0.0,0.6381373760359136,11.646871043890052,-0.8994486700583861,0.0,0.0,0.0,0.0,62.40777128336058,8.295260045015624,True,False,True,False,True,3.7269490895541715,0,0.8226242388092146,0.8698752913550682,False,False,False,False,0.25914870401403156,0.29510836950052644,False,False,False,False,-205096,-191802.61030682168,False,False,False,False,3185.966766063693,False,False,False,False
2023-01-26 00:00:00+00:00,11.0069652739,11.0685857933,10.9299396247,11.0685857933,8824,,,,,,,,,,,,,,,,,,,,,,,,,"rgba(38, 166, 154, 1.0)",0.0,0.0,0.6346470800280941,11.646916687951693,-1.008357927091327,0.0,0.0,0.0,0.0,60.813841209316976,8.295260045015624,True,False,True,False,True,2.9456354164269385,0,0.8144862237162802,0.883098007045449,False,False,False,False,0.27394770471122376,0.2845280371058751,False,False,False,False,-213920,-192669.95892224045,False,False,False,False,3407.066108570999,False,False,False,False
2023-01-27 00:00:00+00:00,11.0492523553,11.0762113326,10.9376421896,10.9761550142,8259,,,,,,,,,,,,,,,,,,,,,,,,,"rgba(38, 166, 154, 0.75)",0.0,0.0,0.6298717711844339,11.647025330617325,-0.9490391579118563,0.0,0.0,0.0,0.0,60.42580870320934,8.295260045015624,True,False,True,False,False,3.410603568954251,0,0.8132079398987233,0.8862342165899099,False,False,False,False,0.2793309099169953,0.28192947351143516,False,False,False,False,-205661,-193179.41151352515,False,False,False,False,3597.33802588194,False,False,False,False
2023-01-30 00:00:00+00:00,10.8568422836,10.974229373,10.8568422836,10.9376421896,1840,,,,,,,,,,,,,,,,,,,,,,,,,"rgba(38, 166, 154, 0.5)",0.0,0.0,0.6211632842658645,11.64610435639981,-1.2706193247281452,0.0,0.0,0.0,0.0,56.3311584775317,10.470627134537189,False,True,True,False,False,1.1296789791342334,0,0.8016767522551259,0.8936211683170371,False,False,False,False,0.21606626442330562,0.2489978689673704,False,False,False,False,-207501,-193741.04243456337,False,False,False,False,3528.4228091806876,False,False,False,False
2023-01-31 00:00:00+00:00,11.0737465118,11.0737465118,10.9838575792,10.9839346048,2945,,,,,,,,,,,,,,,,,,,,,,,,,"rgba(38, 166, 154, 0.5)",0.0,0.0,0.6149207472862389,11.64625120088236,-0.9310219107241581,0.0,0.0,0.0,0.0,56.93844249921635,10.470627134537189,False,False,True,False,False,3.5214841347787598,0,0.8231367970468956,0.8561594507809225,False,False,False,False,0.2947844163733206,0.2718911426703455,False,False,False,False,-204556,-194165.15841752166,False,False,False,False,3505.543483330465,False,False,False,False
2023-02-01 00:00:00+00:00,11.4654219381,11.4654219381,11.2765550462,11.2785577131,885,,,,,,,,,,,,,,,,,,,,,,,,,"rgba(38, 166, 154, 1.0)",0.0,0.0,0.6188374663976269,11.647448128030732,-0.2941421614149204,0.0,0.0,0.0,0.0,61.20959376429744,6.770932372593613,True,False,True,False,True,7.545843527694863,0,0.8523204312710556,0.828555228673182,False,False,False,False,0.34282819694879035,0.3073596698095679,False,False,False,False,-203671,-194537.93651879532,False,False,False,False,3402.777072219466,False,False,False,False
2023-02-02 00:00:00+00:00,11.6524402144,11.7001961169,11.6308730326,11.6539807274,5524,,,,,,,,,,,,,,,,,,,,,,,,,"rgba(38, 166, 154, 1.0)",0.0,0.0,0.6231774483157023,11.659581353713877,-0.011459238990720044,0.0,0.0,0.0,0.0,65.33833683934225,10.495407235008429,True,False,True,False,True,9.346822455464679,0,0.8945448312857969,0.8219906855901553,False,False,False,False,0.3428282076388358,0.3250939387242019,False,False,False,False,-198147,-194679.46842001905,False,False,False,False,3485.9622850736046,False,False,False,False
2023-02-03 00:00:00+00:00,11.5402138435,11.6462781625,11.5402138435,11.5538473834,20399,,,,,,,,,,,,,,,,,,,,,,,,,"rgba(38, 166, 154, 1.0)",0.0,0.0,0.6261207605938234,11.682288090152456,-0.22691189239230822,0.0,0.0,0.0,0.0,66.19224961384933,11.131944619656139,True,False,True,False,True,7.990038573262666,0,0.8937859903676276,0.826959273575549,False,False,False,False,0.303228370724184,0.3141611547241929,False,False,False,False,-218546,-195615.41083492027,False,False,False,False,4149.218666051111,False,False,False,False
2023-02-06 00:00:00+00:00,11.3805396727,11.4383089096,11.3535806954,11.4382318839,1061,,,,,,,,,,,,,,,,,,,,,,,,,"rgba(38, 166, 154, 1.0)",0.0,0.0,0.6257959720922055,11.68233556118069,-0.4822592377379879,0.0,0.0,0.0,0.0,64.3162628314873,11.131944619656139,True,False,True,False,True,6.096143876147178,0,0.8774764827304923,0.8453003204133539,False,False,False,False,0.1932722273445184,0.2537166910343557,False,False,False,False,-219607,-196556.25746884497,False,False,False,False,4028.112051696165,False,False,False,False
2023-02-07 00:00:00+00:00,11.4701975283,11.4701975283,11.3227704357,11.3536577211,2642,,,,,,,,,,,,,,,,,,,,,,,,,"rgba(38, 166, 154, 1.0)",0.0,0.0,0.6228555996949188,11.683019367026805,-0.34168728487156197,0.0,0.0,0.0,0.0,63.88791685162522,11.131944619656139,True,False,True,False,True,6.985466190240064,0,0.8710669718260652,0.8619466824786949,False,False,False,False,0.19356096273072204,0.22363882688253886,False,False,False,False,-216965,-197356.600313204,False,False,False,False,3973.754716335531,False,False,False,False
2023-02-08 00:00:00+00:00,11.3994109567,11.4999294289,11.3994109567,11.4938444027,1040,,,,,,,,,,,,,,,,,,,,,,,,,"rgba(38, 166, 154, 0.75)",0.0,0.0,0.6138674893322694,11.683384581846077,-0.46259759651870025,0.0,0.0,0.0,0.0,62.5197176955979,11.131944619656139,True,False,True,False,False,6.141749798747135,0,0.8616759763276096,0.8653180392835722,False,False,False,False,0.2222080061395007,0.22292341651101977,False,False,False,False,-218005,-198166.3414773921,False,False,False,False,3858.705511773354,False,False,False,False
2023-02-09 00:00:00+00:00,11.4148931122,11.4148931122,11.4148931122,11.4148931122,185,,,,,,,,,,,,,,,,,,,,,,,,,"rgba(38, 166, 154, 0.75)",0.0,0.0,0.6087249546035665,11.683433303128613,-0.4411519338869565,0.0,0.0,0.0,0.0,61.77174023509656,11.131944619656139,True,False,True,False,False,6.29953771691325,0,0.8792751452342558,0.8693396975105401,False,False,False,False,0.20343869671335751,0.21318105661218864,False,False,False,False,-217820,-198937.07318416104,False,False,False,False,3714.638628958713,False,False,False,False
2023-02-10 00:00:00+00:00,11.3139895117,11.3139895117,11.2975830484,11.299662741,432,,,,,,,,,,,,,,,,,,,,,,,,,"rgba(38, 166, 154, 0.75)",0.0,0.0,0.5985891211170263,11.683309968061558,-0.6169849122422573,0.0,0.0,0.0,0.0,59.65159577404192,14.721583668074999,True,False,True,False,False,5.079181683183574,0,0.8765475726370674,0.8880320223130529,False,False,False,False,0.14539854702290872,0.17928980181754867,False,False,False,False,-218252,-199694.5212945861,False,False,False,False,3585.9077023328814,False,False,False,False
2023-02-13 00:00:00+00:00,11.3263136156,11.3263136156,11.2534473514,11.2688524813,2876,,,,,,,,,,,,,,,,,,,,,,,,,"rgba(38, 166, 154, 0.5)",0.0,0.0,0.5933682888115871,11.682537048175531,-0.6003412034185112,0.0,0.0,0.0,0.0,58.397590506821196,13.406734485474452,False,False,True,False,False,5.209743409491644,0,0.866134450764362,0.9171765726062059,False,False,False,False,0.13702692806340577,0.15815836494047722,False,False,False,False,-215376,-200309.48124381804,False,False,False,False,3558.0681845943373,False,False,False,False
2023-02-14 00:00:00+00:00,11.3351715653,11.3351715653,11.2842576111,11.299662741,3153,,,,,,,,,,,,,,,,,,,,,,,,,"rgba(38, 166, 154, 0.5)",0.0,0.0,0.5888205544054355,11.682162207114223,-0.5892977736903199,0.0,0.0,0.0,0.0,57.68523132505606,12.572342961546724,False,False,True,False,False,5.305190259750923,0,0.8479105790071211,0.9183080511348916,False,False,False,False,0.14746918948488782,0.15281377721268252,False,False,False,False,-212223,-200776.67805778596,False,False,False,False,3542.1831577475004,False,False,False,False
2023-02-15 00:00:00+00:00,11.23311258,11.23311258,11.1687191373,11.1687191373,574,,,,,,,,,,,,,,,,,,,,,,,,,"rgba(38, 166, 154, 0.5)",0.0,0.0,0.576548900196393,11.681826493043292,-0.7782755511118733,0.0,0.0,0.0,0.0,55.40412603939188,10.260831999950241,False,True,True,False,False,4.034396976009532,0,0.8411418696682107,0.9084140657835443,False,False,False,False,0.0905195162522553,0.12166664673246891,False,False,False,False,-212797,-201248.06323199044,False,False,False,False,3425.7838182279907,False,False,False,False
2023-02-16 00:00:00+00:00,11.2149345268,11.2380422216,11.1764217022,11.2033806794,1854,,,,,,,,,,,,,,,,,,,,,,,,,#000000,0.0,0.0,0.5581094031888114,11.680789055458705,-0.8347010926477859,0.0,0.0,0.0,0.0,53.569516234736966,8.42308279404807,False,True,False,False,False,3.807739413619224,0,0.868378005728132,0.9058056995854825,False,False,False,False,0.09380616486872295,0.10773640580059593,False,False,False,False,-214651,-201773.6685954418,False,False,False,False,3364.1452371210107,False,False,False,False
2023-02-17 00:00:00+00:00,11.1885147291,11.1885147291,11.1571652899,11.1571652899,483,,,,,,,,,,,,,,,,,,,,,,,,,#000000,0.0,0.0,0.5361430018274718,11.680464035695215,-0.9175710676412445,0.0,0.0,0.0,0.0,51.868102195938064,6.7264518254131715,False,True,False,False,False,3.4739782647315707,0,0.8739476791182491,0.8863118393479239,False,False,False,False,0.07593254461751785,0.09183447520905688,False,False,False,False,-215134,-202297.60316032643,False,False,False,False,3251.1591493907754,False,False,False,False
2023-02-21 00:00:00+00:00,11.1181903114,11.1687961629,11.0867638465,11.1687191373,5605,,,,,,,,,,,,,,,,,,,,,,,,,"rgba(239, 83, 80, 1.0)",0.0,0.0,0.5150064013448976,11.636468358840514,-1.0063526319033569,0.0,0.0,0.0,0.0,49.479172254084794,4.404966798842814,False,True,False,True,False,2.5815446603648837,0,0.8618681614141295,0.8736121588384284,False,False,False,False,0.04734881911110068,0.06959164716007878,False,False,False,False,-220739,-203020.7951932548,False,False,False,False,3343.4666337283925,False,False,False,False
2023-02-22 00:00:00+00:00,11.1412980062,11.1764217022,11.1302063127,11.1648678548,2467,,,,,,,,,,,,,,,,,,,,,,,,,"rgba(239, 83, 80, 1.0)",0.0,0.0,0.4820507794134499,11.635580276255263,-1.0253738634272032,0.0,0.0,0.0,0.0,48.389853714828774,3.316433925005761,False,True,False,True,False,2.856632288872305,0,0.8652907865581209,0.8749929447916455,False,False,False,False,0.0608110137859385,0.06520133047300863,False,False,False,False,-218272,-203618.88165626442,False,False,False,False,3309.095393190024,False,False,False,False
2023-02-23 00:00:00+00:00,11.4460114745,11.4460114745,11.3073653059,11.3073653059,2862,,,,,,,,,,,,,,,,,,,,,,,,,#000000,0.0,0.0,0.44370320199800023,11.641693774230518,-0.441020706745766,0.0,0.0,0.0,0.0,52.75024981503131,3.316433925005761,False,True,False,False,True,6.364779330879038,0,0.8661452776555756,0.8655395727889451,False,False,False,False,0.1800811760828093,0.12264125327790897,False,False,False,False,-215410,-204081.278454058,False,False,False,False,3291.562240515905,False,False,False,False
2023-02-24 00:00:00+00:00,11.4297590625,11.4306063446,11.3628237733,11.3843909551,2671,,,,,,,,,,,,,,,,,,,,,,,,,"rgba(38, 166, 154, 0.5)",0.0,0.0,0.41654795339267847,11.645649581064536,-0.5182849100713643,0.0,0.0,0.0,0.0,55.32170813884706,-0.06074830200896031,False,True,True,False,True,6.150011091344794,0,0.8748569353299849,0.859892884029703,False,False,False,False,0.19097542435515433,0.15680833881653164,False,False,False,False,-218081,-204630.28714213416,False,False,False,False,3267.226466378027,False,False,False,False
2023-02-27 00:00:00+00:00,11.5004686085,11.5191858413,11.4768217342,11.4845242991,2302,,,,,,,,,,,,,,,,,,,,,,,,,"rgba(38, 166, 154, 0.5)",0.0,0.0,0.4016930475248636,11.649928575423667,-0.3720750653878707,0.0,0.0,0.0,0.0,57.99356865058071,2.3790714166229066,False,False,True,False,True,6.947476747723343,0,0.8720937772738367,0.8743415838916347,False,False,False,False,0.2468257086267298,0.20181702372163074,False,False,False,False,-215779,-205067.4915679328,False,False,False,False,3229.374448088693,False,False,False,False
2023-02-28 00:00:00+00:00,11.3535806954,11.4691191693,11.3535806954,11.4691191693,2100,,,,,,,,,,,,,,,,,,,,,,,,,"rgba(38, 166, 154, 0.5)",0.0,0.0,0.3890782395104696,11.651527718309085,-0.7657766296155651,0.0,0.0,0.0,0.0,56.76854987666064,2.3790714166229066,False,False,True,False,True,4.983702527047473,0,0.8682510564695067,0.854216372273454,False,False,False,False,0.1989648838539956,0.2003909537878132,False,False,False,False,-217879,-205569.90366330798,False,False,False,False,3185.0852540459996,False,False,False,False
2023-03-01 00:00:00+00:00,11.492226864,11.5769550782,11.484986453,11.5110211224,3244,,,,,,,,,,,,,,,,,,,,,,,,,"rgba(38, 166, 154, 0.5)",0.0,0.0,0.37104571504259987,11.656339328060735,-0.44229715479100484,0.0,0.0,0.0,0.0,57.91314768711012,2.3790714166229066,False,False,True,False,True,6.563279859187457,0,0.8749944068937532,0.8133223234801052,False,False,False,False,0.2653176317181559,0.23285429275298455,False,False,False,False,-214635,-205925.3976372959,False,False,False,False,3187.395636240274,False,False,False,False
2023-03-02 00:00:00+00:00,11.6385755975,11.6693088316,11.5846576431,11.5962114905,1163,,,,,,,,,,,,,,,,,,,,,,,,,"rgba(38, 166, 154, 1.0)",0.0,0.0,0.3736409659795943,11.658715237382054,-0.053901048642388795,0.0,0.0,0.0,0.0,60.402055396244336,4.6135949503586815,True,False,True,False,True,8.186804976799145,0,0.874497830911692,0.7949666123814871,False,False,False,False,0.32025149304321526,0.2765528928980999,False,False,False,False,-213472,-206221.3428279902,False,False,False,False,3108.0075720739887,False,False,False,False
2023-03-03 00:00:00+00:00,11.8366085417,11.8388422855,11.7695192012,11.7695192012,2565,,,,,,,,,,,,,,,,,,,,,,,,,"rgba(38, 166, 154, 1.0)",0.0,0.0,0.3870149954105657,11.67629585903922,0.4142286075781444,0.0,0.0,0.0,0.0,63.93346734399972,7.972789862131663,True,False,True,False,True,10.305930561686136,0,0.9140883838736065,0.7750199326838937,False,False,False,False,0.3428282012898352,0.3096905470939676,False,False,False,False,-210907,-206405.09408963763,False,True,False,False,3086.713157482852,False,False,False,False
2023-03-06 00:00:00+00:00,11.6770884222,11.8388422855,11.6770884222,11.8388422855,12320,,,,,,,,,,,,,,,,,,,,,,,,,"rgba(38, 166, 154, 1.0)",0.0,0.0,0.39420900456828734,11.695558634702582,-0.04685385744247248,0.0,0.0,0.0,0.0,63.313435508712054,7.972789862131663,True,False,True,False,True,8.138483498083044,0,0.893458685919311,0.7854393041680221,False,False,False,False,0.3184685290543718,0.31407953807416966,False,False,False,False,-223227,-207064.77667435774,False,False,False,False,3448.8028375815634,False,False,False,False
2023-03-07 00:00:00+00:00,11.5405219461,11.6308730326,11.5307396886,11.6308730326,5147,,,,,,,,,,,,,,,,,,,,,,,,,"rgba(38, 166, 154, 1.0)",0.0,0.0,0.3979262677850063,11.692934635004917,-0.3830174111231668,0.0,0.0,0.0,0.0,60.7103215922813,7.972789862131663,True,False,True,False,True,6.33322324820708,0,0.8787192867182341,0.807628624824562,False,False,False,False,0.22813101482228493,0.2711052764482273,False,False,False,False,-228374,-207900.4324910496,False,False,False,False,3515.3988047352277,False,False,False,False
2023-03-08 00:00:00+00:00,11.5654012308,11.5654012308,11.4691191693,11.492226864,1761,,,,,,,,,,,,,,,,,,,,,,,,,"rgba(38, 166, 154, 0.75)",0.0,0.0,0.3982704078059203,11.692049573215941,-0.317995863949949,0.0,0.0,0.0,0.0,59.28293548998863,7.972789862131663,True,False,True,False,False,6.609282680747597,0,0.8768163542496479,0.8182897095302704,False,False,False,False,0.19666821157283335,0.23388674401053033,False,False,False,False,-226613,-208634.25866787118,False,False,False,False,3446.598851608356,False,False,False,False
2023-03-09 00:00:00+00:00,11.4152782404,11.6765492426,11.4152782404,11.6384215462,4988,,,,,,,,,,,,,,,,,,,,,,,,,"rgba(38, 166, 154, 0.5)",0.0,0.0,0.3942764758458753,11.689381446074918,-0.6952055789959618,0.0,0.0,0.0,0.0,56.05268918644404,12.15942469914227,False,False,True,False,False,4.637953008988756,0,0.867127601998101,0.8155905027420356,False,False,False,False,0.21080393827937885,0.22234534114495458,False,False,False,False,-231601,-209534.91519069977,False,False,False,False,3507.045955466852,False,False,False,False
2023-03-10 00:00:00+00:00,11.2760928923,11.4383089096,11.2572986339,11.4383089096,2372,,,,,,,,,,,,,,,,,,,,,,,,,#000000,0.0,0.0,0.38547695963092893,11.68519869311057,-1.0612976744505416,0.0,0.0,0.0,0.0,52.08140596682051,8.415591081542615,False,True,False,False,False,2.85866245037613,0,0.856074610156728,0.8485968814843318,False,False,False,False,0.11444732450889805,0.16839633282692631,False,False,False,False,-233973,-210493.27145773114,False,False,False,False,3462.5343493701125,False,False,False,False
2023-03-13 00:00:00+00:00,11.2842576111,11.6231704677,11.2727037637,11.6231704677,5012,,,,,,,,,,,,,,,,,,,,,,,,,#000000,0.0,0.0,0.3725064967749734,11.680654636689653,-1.0641345292538937,0.0,0.0,0.0,0.0,49.56507630980172,6.0909570886052435,False,True,False,False,False,2.9550125553118285,0,0.8958852867484335,0.8229842061394607,False,False,False,False,0.1627761231563821,0.1655862279916542,False,False,False,False,-228961,-211217.49610644756,False,False,False,False,3523.2977082183434,False,False,False,False
2023-03-14 00:00:00+00:00,11.4148160866,11.5538473834,11.3227704357,11.5538473834,2348,,,,,,,,,,,,,,,,,,,,,,,,,#000000,0.0,0.0,0.3667377199947332,11.679567529930257,-0.7219094979759885,0.0,0.0,0.0,0.0,49.92623334488724,6.0909570886052435,False,True,False,False,False,4.491563101973732,0,0.8934406843786995,0.8401353199212905,False,False,False,False,0.15809976971801415,0.16184299885483416,False,False,False,False,-226613,-211821.2413571751,False,False,False,False,3477.2076020137024,False,False,False,False
2023-03-15 00:00:00+00:00,11.2807914569,11.2807914569,11.1610165724,11.2149345268,3847,,,,,,,,,,,,,,,,,,,,,,,,,"rgba(239, 83, 80, 1.0)",0.0,0.0,0.36341523920754065,11.647978070866486,-1.0103775911191009,0.0,0.0,0.0,0.0,48.2976507681238,4.747878866343093,False,True,False,True,False,2.7544746120451506,0,0.8761593292693365,0.8608602324430998,False,False,False,False,0.05392788032256614,0.10788543958870014,False,False,False,False,-230460,-212552.17306865845,False,False,False,False,3491.709264679832,False,False,False,False
2023-03-16 00:00:00+00:00,11.3803085957,11.3886273658,11.3227704357,11.3886273658,2323,,,,,,,,,,,,,,,,,,,,,,,,,#000000,0.0,0.0,0.36325246399039113,11.649288350756908,-0.7404760647790751,0.0,0.0,0.0,0.0,48.7313297956903,4.747878866343093,False,True,False,False,False,3.9311785549983256,0,0.8942753059669482,0.8463222902511859,False,False,False,False,0.11823571558782464,0.11306057758826239,False,False,False,False,-228137,-213163.34275224045,False,False,False,False,3445.8775288100346,False,False,False,False
2023-03-17 00:00:00+00:00,11.3166083838,11.3766883902,11.3166083838,11.3766883902,50281,,,,,,,,,,,,,,,,,,,,,,,,,"rgba(239, 83, 80, 1.0)",0.0,0.0,0.35902925386244405,11.632294770083272,-0.8792776156458308,0.0,0.0,0.0,0.0,48.1082557055294,4.126182410775641,False,True,False,True,False,3.1003220965422322,0,0.911796408996975,0.8390838816738106,False,False,False,False,0.11389320261364574,0.11347689010095408,False,False,False,False,-278418,-215722.34891881928,False,False,False,False,5282.548998268465,False,False,False,False
2023-03-20 00:00:00+00:00,11.2712402764,11.4306063446,11.2534473514,11.4306063446,3163,,,,,,,,,,,,,,,,,,,,,,,,,"rgba(239, 83, 80, 1.0)",0.0,0.0,0.3562568485078203,11.631337073692931,-1.0107785964008666,0.0,0.0,0.0,0.0,47.04563673033314,2.811845765090176,False,True,False,True,False,2.50739098269381,0,0.9189034310766907,0.8312884377009839,False,False,False,False,0.07338033097605517,0.09342861053850463,False,False,False,False,-281581,-218305.04111808128,False,False,False,False,5199.429429708917,False,False,False,False
2023-03-21 00:00:00+00:00,11.4543302446,11.4768217342,11.3381755656,11.3381755656,17092,,,,,,,,,,,,,,,,,,,,,,,,,#000000,0.0,0.0,0.35896411918835697,11.633558773940342,-0.4992937170032221,0.0,0.0,0.0,0.0,49.189620099350805,2.811845765090176,False,True,False,False,False,4.705064934472492,0,0.9191268061289208,0.8432569340153657,False,False,False,False,0.07920534283300588,0.08631697668575525,False,False,False,False,-264489,-220116.17676050946,False,False,False,False,5665.80474619092,False,False,False,False
2023-03-22 00:00:00+00:00,11.4215943437,11.5538473834,11.4215943437,11.4768217342,2657,,,,,,,,,,,,,,,,,,,,,,,,,#000000,0.0,0.0,0.36076881090852314,11.634246749650023,-0.5894423229505353,0.0,0.0,0.0,0.0,50.0904097389364,2.811845765090176,False,True,False,False,True,4.266641599875406,0,0.9013210857216656,0.8350294147659456,False,False,False,False,0.13052877250859451,0.10842287459717488,False,False,False,False,-267146,-221960.483554215,False,False,False,False,5547.812403203041,False,False,False,False
2023-03-23 00:00:00+00:00,11.5361314841,11.6770113965,11.46149363,11.6693858572,1931,,,,,,,,,,,,,,,,,,,,,,,,,#000000,0.0,0.0,0.3636595130071135,11.6311000555285,-0.2611469466127818,0.0,0.0,0.0,0.0,52.33342634303712,2.811845765090176,False,True,False,False,True,5.6289701124177824,0,0.9148095766887777,0.8171431457386151,False,False,False,False,0.1772853117299698,0.14285409316357234,False,False,False,False,-265215,-223656.73910110854,False,False,False,False,5405.976622685275,False,False,False,False
2023-03-24 00:00:00+00:00,11.4323009089,11.4760514777,11.3996420337,11.4074986499,5410,,,,,,,,,,,,,,,,,,,,,,,,,#000000,0.0,0.0,0.36197792321919486,11.626718295822538,-0.5370973599536596,0.0,0.0,0.0,0.0,52.073601685497565,2.811845765090176,False,True,False,False,True,4.2176281615569735,0,0.8921764095674709,0.8401587048015916,False,False,False,False,0.08835204212393796,0.11560306764375515,False,False,False,False,-270625,-225498.63168537882,False,False,False,False,5406.134402187814,False,False,False,False
2023-03-27 00:00:00+00:00,11.4768217342,11.4768217342,11.4074986499,11.4306063446,7412,,,,,,,,,,,,,,,,,,,,,,,,,#000000,0.0,0.0,0.35717186585031996,11.62747778687753,-0.4218026868349844,0.0,0.0,0.0,0.0,52.5766726389994,2.811845765090176,False,True,False,False,True,4.755606360909837,0,0.8991205536252806,0.8463839946476096,False,False,False,False,0.07588297751239328,0.09574302257807421,False,False,False,False,-263213,-226977.62652124633,False,False,False,False,5484.795798180449,False,False,False,False
2023-03-28 00:00:00+00:00,11.4960011208,11.4960011208,11.4960011208,11.4960011208,198,,,,,,,,,,,,,,,,,,,,,,,,,"rgba(38, 166, 154, 0.5)",0.0,0.0,0.3498790570355875,11.627559462661521,-0.37601090781532315,0.0,0.0,0.0,0.0,53.213133076492326,-1.440063155663978,False,True,True,False,True,4.989515977527265,0,0.8883617164763971,0.8484772008865448,False,False,False,False,0.1140442766979263,0.10489364963800026,False,False,False,False,-263015,-228390.85685374646,False,False,False,False,5277.470472761608,False,False,False,False
2023-03-29 00:00:00+00:00,11.4537140394,11.5127156867,11.4537140394,11.4691191693,1469,,,,,,,,,,,,,,,,,,,,,,,,,#000000,0.0,0.0,0.3438953020925415,11.627922317577706,-0.5065735911996486,0.0,0.0,0.0,0.0,52.818925154674844,-1.440063155663978,False,True,False,False,True,4.394710578742085,1,0.8887929545478357,0.8502138205920947,False,False,False,False,0.10495578200513618,0.10492471582156822,False,False,False,False,-264484,-229806.2742320309,False,False,False,False,5128.118689516055,False,False,False,False
2023-03-30 00:00:00+00:00,11.6520550862,11.6570617534,11.5962114905,11.6539807274,939,,,,,,,,,,,,,,,,,,,,,,,,,"rgba(38, 166, 154, 0.5)",0.0,0.0,0.3423768633846202,11.629112886952855,0.06700861448506408,0.0,0.0,0.0,0.0,55.57266605852432,1.2642984780642479,False,False,True,False,True,6.821154666178874,1,0.8786828769642996,0.8469465419147092,False,False,False,False,0.2082629098484938,0.15659381283503102,False,False,False,False,-263545,-231129.3615170493,False,False,False,False,4963.839525221309,False,False,False,False
2023-03-31 00:00:00+00:00,11.5759537447,11.5808063606,11.5307396886,11.5808063606,1469,,,,,,,,,,,,,,,,,,,,,,,,,"rgba(38, 166, 154, 0.5)",0.0,0.0,0.33951422539830883,11.63020511354211,-0.15979115095534904,0.0,0.0,0.0,0.0,55.906924579273586,1.744405170167994,False,False,True,False,True,5.734859664557252,1,0.8779415593164246,0.835262662439408,False,False,False,False,0.1465467192495664,0.1515702660422987,False,False,False,False,-265014,-232458.1708693219,False,False,False,False,4826.786994820473,False,False,False,False
2023-04-03 00:00:00+00:00,11.399796085,11.4229037797,11.3612832603,11.3612832603,14900,,,,,,,,,,,,,,,,,,,,,,,,,"rgba(38, 166, 154, 0.5)",0.0,0.0,0.3378973253073648,11.627267850440846,-0.6731978870620798,0.0,0.0,0.0,0.0,53.14825550540925,1.744405170167994,False,True,True,False,False,3.2800577224348118,1,0.8586187333615655,0.8525773092949187,False,False,False,False,0.023945768493018087,0.08775801726765839,False,False,False,False,-279914,-234319.18377640733,False,False,False,False,5221.814955807906,False,False,False,False
2023-04-04 00:00:00+00:00,11.5076319939,11.5606256405,11.4845242991,11.4845242991,2527,,,,,,,,,,,,,,,,,,,,,,,,,#000000,0.0,0.0,0.3359900663587408,11.628298204425297,-0.3591362442140175,0.0,0.0,0.0,0.0,52.98872820509066,1.744405170167994,False,True,False,False,False,4.6168377080751775,1,0.8555838918075306,0.8517288416788086,False,False,False,False,0.12144379749282756,0.10460090738024297,False,False,False,False,-277387,-236008.11774596,False,False,False,False,5116.135937933086,False,False,False,False
2023-04-05 00:00:00+00:00,11.3882422376,11.4768217342,11.3882422376,11.4768217342,472,,,,,,,,,,,,,,,,,,,,,,,,,#000000,0.0,0.0,0.32991006524075467,11.628277693076406,-0.7275784547562615,0.0,0.0,0.0,0.0,51.04091845031988,5.1066190083030705,False,True,False,False,False,2.9749157742644847,1,0.84626936450976,0.8585994308851662,False,False,False,False,0.054027500582629145,0.07931420398143606,False,False,False,False,-277859,-237649.32881474585,False,False,False,False,4934.012959974926,False,False,False,False
2023-04-06 00:00:00+00:00,11.3458781305,11.39209352,11.3458781305,11.3458781305,1676,,,,,,,,,,,,,,,,,,,,,,,,,#000000,0.0,0.0,0.3280100862000252,11.627802477044627,-0.8594990166634884,0.0,0.0,0.0,0.0,49.12430858894406,3.22559554323027,False,True,False,False,False,2.396984050700624,1,0.8595972283961473,0.8631224927737918,False,False,False,False,0.0067791246235515325,0.04304666430249379,False,False,False,False,-279535,-239291.90415534406,False,False,False,False,4806.2477458582625,False,False,False,False
2023-04-10 00:00:00+00:00,11.5080941478,11.5080941478,11.4267550622,11.4267550622,441,,,,,,,,,,,,,,,,,,,,,,,,,#000000,0.0,0.0,0.32173438335789617,11.627905399603666,-0.3723918176018777,0.0,0.0,0.0,0.0,50.43821105055396,3.22559554323027,False,True,False,False,False,4.44035680058477,1,0.8524341692970885,0.8447749731981705,False,False,False,False,0.08006048996291996,0.06155357713270688,False,False,False,False,-279094,-240852.77065905606,False,False,False,False,4635.061559746174,False,False,False,False
2023-04-11 00:00:00+00:00,11.6787829864,11.7155242211,11.6270217502,11.6270217502,1232,,,,,,,,,,,,,,,,,,,,,,,,,"rgba(38, 166, 154, 0.5)",0.0,0.0,0.32003025168478755,11.629183798427253,0.1549828108800159,0.0,0.0,0.0,0.0,53.52404455249409,-0.7542705716550557,False,True,True,False,True,6.510045953866211,1,0.8633286601139852,0.835649909858131,False,False,False,False,0.23555071453234125,0.14855214583252407,False,False,False,False,-277862,-242304.1129861519,False,False,False,False,4501.608165246324,False,False,False,False
2023-04-12 00:00:00+00:00,11.7305442227,11.8122684365,11.7305442227,11.8122684365,6933,,,,,,,,,,,,,,,,,,,,,,,,,"rgba(38, 166, 154, 0.5)",0.0,0.0,0.32229164361137624,11.638050269848492,0.28698836809755907,0.0,0.0,0.0,0.0,56.185816891337296,1.6956766031840047,False,False,True,False,True,7.126108686621592,0,0.8894697007616158,0.8153287249381621,False,False,False,False,0.31183158080366974,0.2301918633180969,False,False,False,False,-270929,-243426.65757493023,False,False,False,False,4596.956864648429,False,False,False,False
2023-04-13 00:00:00+00:00,11.9967448664,12.0468115384,11.9620833243,11.9774884541,8197,,,,,,,,,,,,,,,,,,,,,,,,,"rgba(38, 166, 154, 1.0)",0.0,0.0,0.3308099791416056,11.654415306192487,1.034822350570558,0.0,0.0,0.0,0.0,60.56372593999161,5.686385208562953,True,False,True,False,True,10.185591446916316,0,0.8908900731879371,0.8229815211224916,False,False,False,False,0.34282816992981974,0.2865100166239583,False,False,False,False,-262732,-244183.72982689377,False,False,False,False,4738.135026819078,False,False,False,False
2023-04-14 00:00:00+00:00,12.0652976942,12.1122833403,12.0314064086,12.1122833403,2102,,,,,,,,,,,,,,,,,,,,,,,,,"rgba(38, 166, 154, 1.0)",0.0,0.0,0.34111545721999,11.65877901863913,1.1917333763585514,0.0,0.0,0.0,0.0,64.03821512340494,8.737926116956963,True,False,True,False,True,10.94433152786985,0,0.8794421487295114,0.8283264462463416,False,False,False,False,0.34282817596130244,0.3146690962926304,False,False,False,False,-260630,-244828.68159838812,False,False,False,False,4634.757182630095,False,False,False,False
2023-04-17 00:00:00+00:00,12.2456147391,12.2624833562,12.2085654018,12.2162679667,2467,,,,,,,,,,,,,,,,,,,,,,,,,"rgba(38, 166, 154, 1.0)",0.0,0.0,0.35575693086494686,11.665188121495383,1.6315258179044725,0.0,0.0,0.0,0.0,67.66879940578056,11.9194778794392,True,False,True,False,True,12.895652878123325,0,0.8579408588371181,0.8231996012591727,False,False,False,False,0.3428281875536206,0.3287486419231255,False,False,False,False,-258163,-245351.59604551014,False,False,False,False,4549.747097036758,False,False,False,False
2023-04-18 00:00:00+00:00,12.292831462,12.3703192652,11.2149345268,11.2149345268,13093,,,,,,,,,,,,,,,,,,,,,,,,,"rgba(38, 166, 154, 1.0)",0.0,0.0,0.3644553231990952,11.711661785301022,1.594625293431361,0.0,0.0,0.0,0.0,70.40397962328498,14.274601649068444,True,False,True,False,True,13.397077354802565,0,0.7694688452566438,0.8266078011535203,False,True,False,False,0.06621589029139509,0.19748226610726027,False,True,False,False,-245070,-245340.5530633333,False,True,False,False,4884.7766226431595,False,False,False,False
2023-04-19 00:00:00+00:00,12.1623500123,12.1931602719,12.1084320578,12.135391035,4994,,,,,,,,,,,,,,,,,,,,,,,,,"rgba(38, 166, 154, 1.0)",0.0,0.0,0.37187725338140065,11.72561098796611,1.1744171507203358,0.0,0.0,0.0,0.0,69.62892213746947,14.274601649068444,True,False,True,False,True,11.429320277678624,0,0.8732631616904128,0.823183945480788,False,False,False,False,0.28715960498346105,0.24232093554536066,False,False,False,False,-250064,-245525.78627653592,False,False,False,False,4889.059892343428,False,False,False,False
2023-04-20 00:00:00+00:00,12.1935454002,12.2686454082,12.1623500123,12.1939305284,1254,,,,,,,,,,,,,,,,,,,,,,,,,"rgba(38, 166, 154, 1.0)",0.0,0.0,0.3771696695346631,11.729135036986303,1.2313035769463314,0.0,0.0,0.0,0.0,69.39215662207928,14.274601649068444,True,False,True,False,True,11.772683572261801,0,0.8827087069177766,0.8171412362711739,False,False,False,False,0.3294961198941226,0.2859085277197416,False,False,False,False,-248810,-245654.57897157373,False,False,False,False,4746.508524016235,False,False,False,False
2023-04-21 00:00:00+00:00,12.0005961489,12.1623500123,11.9697858892,12.1623500123,3775,,,,,,,,,,,,,,,,,,,,,,,,,"rgba(38, 166, 154, 0.75)",0.0,0.0,0.37561358702690417,11.734380960384382,0.7087474939945392,0.0,0.0,0.0,0.0,65.74649801076032,14.274601649068444,True,False,True,False,False,8.91214080480713,0,0.8492316848491133,0.8320528080896613,False,False,False,False,0.23317281764888642,0.259540672684314,False,False,False,False,-252585,-245926.36018837476,False,False,False,False,4708.410150525403,False,False,False,False
2023-04-24 00:00:00+00:00,11.992893584,11.992893584,11.9081653698,11.9697858892,11967,,,,,,,,,,,,,,,,,,,,,,,,,"rgba(38, 166, 154, 0.75)",0.0,0.0,0.3705349788601188,11.744278299710796,0.670963062796454,0.0,0.0,0.0,0.0,63.18701458374996,19.634724739706797,True,False,True,False,False,8.799609435439073,0,0.8425342520522844,0.8442502077532039,False,False,False,False,0.16159039190819519,0.2105655322962546,False,False,False,False,-264552,-246656.7774358895,False,False,False,False,4993.06073285774,False,False,False,False
2023-04-25 00:00:00+00:00,11.5692525132,11.7695192012,11.5692525132,11.7695192012,1516,,,,,,,,,,,,,,,,,,,,,,,,,"rgba(38, 166, 154, 0.5)",0.0,0.0,0.3532875046821629,11.742922845463786,-0.49158356851604273,0.0,0.0,0.0,0.0,55.94373580951893,12.889540993308692,False,False,True,False,False,2.934009508340168,0,0.8178444436413046,0.8495960920682594,False,False,False,False,-0.007308506790433782,0.1016285127529104,False,False,False,False,-266068,-247418.00185016834,False,False,False,False,4856.7054100005735,False,False,False,False
2023-04-26 00:00:00+00:00,11.445241218,11.5230371237,11.445241218,11.5076319939,762,,,,,,,,,,,,,,,,,,,,,,,,,#000000,0.0,0.0,0.34442820745655217,11.741636446801571,-0.8605428428476218,0.0,0.0,0.0,0.0,49.94935517443993,7.54765236982054,False,True,False,False,False,1.3379537175622502,0,0.8151323241322529,0.8741375759110706,False,False,False,False,-0.11822711263464604,-0.008299299940867817,False,False,False,False,-266830,-248179.2566795735,False,False,False,False,4696.128727255453,False,False,False,False
2023-04-27 00:00:00+00:00,11.4999294289,11.4999294289,11.2457447865,11.2457447865,995,,,,,,,,,,,,,,,,,,,,,,,,,"rgba(239, 83, 80, 1.0)",0.0,0.0,0.337506236497708,11.739738936860903,-0.7105335606517937,0.0,0.0,0.0,0.0,46.76593390821358,4.8715718506239085,False,True,False,True,False,2.0106007552857577,0,0.7941361572472023,0.8804071460072244,False,False,False,False,-0.18611319458496467,-0.09720624726291624,False,False,False,False,-265835,-248871.63877057063,False,False,False,False,4550.986424225827,False,False,False,False
2023-04-28 00:00:00+00:00,11.5969047213,11.5969047213,11.4614166043,11.4614166043,815,,,,,,,,,,,,,,,,,,,,,,,,,"rgba(239, 83, 80, 1.0)",0.0,0.0,0.3302654667559806,11.738805388983563,-0.4296563884725124,0.0,0.0,0.0,0.0,46.05835361292431,4.35011993364575,False,True,False,True,False,3.196990565669772,0,0.8296188398910487,0.8694019482901637,False,False,False,False,-0.09110652642391322,-0.09415638684341474,False,False,False,False,-265020,-249504.90783839137,False,False,False,False,4404.477152687559,False,False,False,False
2023-05-01 00:00:00+00:00,11.5576216402,11.5576216402,11.5461448185,11.5461448185,680,,,,,,,,,,,,,,,,,,,,,,,,,"rgba(239, 83, 80, 1.0)",0.0,0.0,0.3227625072870881,11.738061297187107,-0.5590477608559731,0.0,0.0,0.0,0.0,45.12897867687778,3.3971218849657774,False,True,False,True,False,2.6751138894916053,0,0.8335468860296679,0.8697862224518512,False,False,False,False,-0.07747168228959937,-0.08581403456650705,False,False,False,False,-265700,-250140.0094917878,False,False,False,False,4258.419225131185,False,False,False,False
2023-05-02 00:00:00+00:00,11.3159921786,11.39209352,11.3073653059,11.39209352,12157,,,,,,,,,,,,,,,,,,,,,,,,,"rgba(239, 83, 80, 1.0)",0.0,0.0,0.31642762361422627,11.716721528460223,-1.2664170886318482,0.0,0.0,0.0,0.0,42.02505325803162,0.3057813336922379,False,True,False,True,False,0.0,0,0.8315652166493517,0.8699959546308753,False,False,False,False,-0.20040173272529557,-0.14310788364590132,False,False,False,False,-277857,-251226.95029603143,False,False,False,False,4568.167490812315,False,False,False,False
2023-05-03 00:00:00+00:00,11.3073653059,11.3612832603,11.2765550462,11.2765550462,8400,,,,,,,,,,,,,,,,,,,,,,,,,"rgba(239, 83, 80, 1.0)",0.0,0.0,0.31038380155497725,11.70502485646449,-1.28118654572911,0.0,0.0,0.0,0.0,39.87554974066485,-1.8858776235146593,False,True,False,True,False,0.0,0,0.837625924246977,0.8730666798725609,False,False,False,False,-0.23313763353914593,-0.18812275859252364,False,False,False,False,-286257,-252600.67773540274,False,False,False,False,4718.435432349087,False,False,False,False
2023-05-04 00:00:00+00:00,11.2457447865,11.2611499164,11.2457447865,11.2611499164,1042,,,,,,,,,,,,,,,,,,,,,,,,,"rgba(239, 83, 80, 1.0)",0.0,0.0,0.30583442031970487,11.703468915147404,-1.4966403329256444,0.0,0.0,0.0,0.0,37.84787759823963,-4.0027009382884415,False,True,False,True,False,0.0,0,0.829350971442876,0.8810086812451959,False,False,False,False,-0.31925253144130006,-0.2536876450169119,False,False,False,False,-287299,-253961.39625558304,False,False,False,False,4574.261493825594,False,False,False,False
2023-05-05 00:00:00+00:00,11.4139688044,11.4139688044,11.2842576111,11.2842576111,895,,,,,,,,,,,,,,,,,,,,,,,,,"rgba(239, 83, 80, 1.0)",0.0,0.0,0.29981031649737266,11.702573134698794,-0.9626230800544286,0.0,0.0,0.0,0.0,39.38447941592135,-4.0027009382884415,False,True,False,True,False,0.8370996087296056,0,0.8256053969350267,0.8823608383694825,False,False,False,False,-0.25179075704409853,-0.2527392010305052,False,False,False,False,-286404,-255233.65522595233,False,False,False,False,4429.976729361845,False,False,False,False
2023-05-08 00:00:00+00:00,11.4306063446,11.4306063446,11.4306063446,11.4306063446,903,,,,,,,,,,,,,,,,,,,,,,,,,"rgba(239, 83, 80, 1.0)",0.0,0.0,0.2915935220418101,11.70189380708091,-0.9303617603755027,0.0,0.0,0.0,0.0,40.678151216166974,-4.0027009382884415,False,True,False,True,False,1.0501240741281492,0,0.8341700897366535,0.8815017664442982,False,False,False,False,-0.1960651365829428,-0.22440216880672398,False,False,False,False,-285501,-256420.60992297382,False,False,False,False,4291.663916445694,False,False,False,False
2023-05-09 00:00:00+00:00,11.4059581369,11.4229037797,11.39209352,11.39209352,2367,,,,,,,,,,,,,,,,,,,,,,,,,"rgba(239, 83, 80, 1.0)",0.0,0.0,0.28718368551257006,11.699967956113806,-1.0237692252227064,0.0,0.0,0.0,0.0,41.21804060205696,-4.0027009382884415,False,True,False,True,False,0.7213245866495974,0,0.8224524661207794,0.8856042769398674,False,False,False,False,-0.2117303563143032,-0.2180662625605136,False,False,False,False,-287868,-257653.8409063866,False,False,False,False,4216.1869001144905,False,False,False,False
2023-05-10 00:00:00+00:00,11.4478600901,11.4478600901,11.4074986499,11.4383089096,651,,,,,,,,,,,,,,,,,,,,,,,,,"rgba(239, 83, 80, 0.75)",0.0,0.0,0.2845258977825354,11.699521690422579,-0.8844945303183755,0.0,0.0,0.0,0.0,42.35012472864571,-4.0027009382884415,False,True,False,True,True,1.2742584664393668,0,0.8374580789207594,0.8792157536625684,False,False,False,False,-0.19804399739616546,-0.20805512997833953,False,False,False,False,-287217,-258813.1804786852,False,False,False,False,4076.3756491296085,False,False,False,False
2023-05-11 00:00:00+00:00,11.3867787502,11.3867787502,11.3689858253,11.3689858253,132,,,,,,,,,,,,,,,,,,,,,,,,,"rgba(239, 83, 80, 0.75)",0.0,0.0,0.2814371842060292,11.699405657666048,-1.1108230362239087,0.0,0.0,0.0,0.0,42.20543043369649,-4.0027009382884415,False,True,False,True,True,0.43893855841175977,0,0.8281941021063512,0.9007813728611905,False,False,False,False,-0.23195987656097458,-0.22000750326965707,False,False,False,False,-287349,-259932.2322246191,False,False,False,False,3921.6942511245256,False,False,False,False
2023-05-12 00:00:00+00:00,11.3068261263,11.3665980301,11.299662741,11.3381755656,1164,,,,,,,,,,,,,,,,,,,,,,,,,"rgba(239, 83, 80, 0.75)",0.0,0.0,0.27814072332650014,11.698153490109435,-1.406940196060641,0.0,0.0,0.0,0.0,40.9897302934493,-4.0027009382884415,False,True,False,True,True,0.0,0,0.8158787065359958,0.9191759531920649,False,False,False,False,-0.26289135432720306,-0.24144942879843007,False,False,False,False,-288513,-261053.04664718307,False,False,False,False,3813.549378531407,False,False,False,False
2023-05-15 00:00:00+00:00,11.4242132158,11.4242132158,11.3535806954,11.3612832603,337,,,,,,,,,,,,,,,,,,,,,,,,,"rgba(239, 83, 80, 0.75)",0.0,0.0,0.2726045171554306,11.697890704912414,-1.0039360021183048,0.0,0.0,0.0,0.0,42.5253706270858,-4.0027009382884415,False,True,False,True,True,0.9507257559965367,0,0.8087010787219687,0.9179013996138905,False,False,False,False,-0.2244153248320395,-0.23293237681523477,False,False,False,False,-288176,-262116.6918767053,False,False,False,False,3677.2141087850773,False,False,False,False
2023-05-16 00:00:00+00:00,11.1918268321,11.2842576111,11.1918268321,11.2842576111,2625,,,,,,,,,,,,,,,,,,,,,,,,,"rgba(239, 83, 80, 0.75)",0.0,0.0,0.2699828097733677,11.694221335018792,-1.860838856149834,0.0,0.0,0.0,0.0,40.51467516644968,-4.0027009382884415,False,True,False,True,True,0.0,0,0.8021434824479252,0.9185671208428604,False,False,False,False,-0.3303684153414572,-0.28165039607834597,False,False,False,False,-290801,-263241.5667050698,False,False,False,False,3635.950810401349,False,False,False,False
2023-05-17 00:00:00+00:00,11.2842576111,11.2842576111,11.18743637,11.18743637,651,,,,,,,,,,,,,,,,,,,,,,,,,"rgba(239, 83, 80, 0.75)",0.0,0.0,0.2607775132149453,11.69340587112319,-1.5689552944158611,0.0,0.0,0.0,0.0,40.87478883347764,-4.0027009382884415,False,True,False,True,True,0.0,0,0.8120664508410593,0.8994254917610822,False,False,False,False,-0.33195880476116624,-0.3068046004197561,False,False,False,False,-290150,-264296.79938330234,False,False,False,False,3518.8939158758058,False,False,False,False
2023-05-18 00:00:00+00:00,11.2688524813,11.2727037637,11.2457447865,11.2688524813,539,,,,,,,,,,,,,,,,,,,,,,,,,"rgba(239, 83, 80, 0.75)",0.0,0.0,0.25745684466616897,11.692757759520738,-1.6465100346055843,0.0,0.0,0.0,0.0,40.91362666544764,-4.0027009382884415,False,True,False,True,True,0.0,0,0.8234014360456181,0.8911400791100472,False,False,False,False,-0.3151038051051362,-0.3109542027624461,False,False,False,False,-290689,-265331.7876427807,False,False,False,False,3402.0353309394995,False,False,False,False
2023-05-19 00:00:00+00:00,11.3139895117,11.3381755656,11.2765550462,11.3150678708,2559,,,,,,,,,,,,,,,,,,,,,,,,,"rgba(239, 83, 80, 0.75)",0.0,0.0,0.25831570826552186,11.690182696655917,-1.4563310434425079,0.0,0.0,0.0,0.0,41.8185207265598,-4.0027009382884415,False,True,False,True,True,0.0,0,0.8285196241757307,0.8940861888629145,False,False,False,False,-0.28092160721772375,-0.29593790499008493,False,False,False,False,-288130,-266225.83518620103,False,False,False,False,3368.975121883049,False,False,False,False
2023-05-22 00:00:00+00:00,11.3149138195,11.4306063446,11.291960176,11.3612832603,12388,,,,,,,,,,,,,,,,,,,,,,,,,"rgba(239, 83, 80, 0.75)",0.0,0.0,0.25850992547831775,11.680540027366595,-1.414360424227743,0.0,0.0,0.0,0.0,42.44067962832398,-4.0027009382884415,False,True,False,True,True,0.0,0,0.8483691050131271,0.8540385818725341,False,False,False,False,-0.24337896037289672,-0.2696584326814908,False,False,False,False,-275742,-266599.0181200755,False,False,False,False,3722.6623720052826,False,False,False,False
2023-05-23 00:00:00+00:00,11.1887458061,11.2688524813,11.1764987279,11.2226370917,2519,,,,,,,,,,,,,,,,,,,,,,,,,"rgba(239, 83, 80, 0.75)",0.0,0.0,0.2608074809087533,11.677714768091086,-1.8748272108120916,0.0,0.0,0.0,0.0,40.94516863218435,-4.70610311782891,False,True,False,True,True,0.0,0,0.828402534472241,0.8870905296238158,False,False,False,False,-0.34153557146424973,-0.30559700207287027,False,False,False,False,-278261,-267056.3507428177,False,False,False,False,3675.4599260442915,False,False,False,False
2023-05-24 00:00:00+00:00,11.0376214823,11.1225037478,11.0376214823,11.1225037478,1874,,,,,,,,,,,,,,,,,,,,,,,,,"rgba(239, 83, 80, 1.0)",0.0,0.0,0.26567277433099057,11.67482096182095,-2.39843725472257,0.0,0.0,0.0,0.0,38.083668159009136,-7.593734202894844,False,True,False,True,False,0.0,0,0.8123532737081053,0.8915591072969199,False,False,False,False,-0.34282825441539394,-0.3242126282441321,False,False,False,False,-280135,-267569.2389489817,False,False,False,False,3604.814438748437,False,False,False,False
2023-05-25 00:00:00+00:00,10.9656795259,10.9915601441,10.9223140854,10.9915601441,1576,,,,,,,,,,,,,,,,,,,,,,,,,"rgba(239, 83, 80, 1.0)",0.0,0.0,0.2723100803109772,11.67192207172602,-2.5935233283303063,0.0,0.0,0.0,0.0,35.40318844213786,-10.189059024898071,False,True,False,True,False,0.0,0,0.8271111414187992,0.8828037401201912,False,False,False,False,-0.34282825441539394,-0.333520441329763,False,False,False,False,-281711,-268123.8178137275,False,False,False,False,3525.253088209283,False,False,False,False
2023-05-26 00:00:00+00:00,11.0223704038,11.0608062027,10.9299396247,10.9838575792,9063,,,,,,,,,,,,,,,,,,,,,,,,,"rgba(239, 83, 80, 1.0)",0.0,0.0,0.27718809127476174,11.657438876779485,-2.291110235143457,0.0,0.0,0.0,0.0,34.97968704885571,-10.640570862108454,False,True,False,True,False,0.0,0,0.8134588088716643,0.8827166494796375,False,False,False,False,-0.32072203687507755,-0.3271212391024203,False,False,False,False,-272648,-268301.2367229931,False,False,False,False,3742.4196337697035,False,False,False,False
2023-05-30 00:00:00+00:00,10.9086035199,11.0377755336,10.4523805995,10.7527806315,4569,,,,,,,,,,,,,,,,,,,,,,,,,"rgba(239, 83, 80, 1.0)",0.0,0.0,0.2846478756840766,11.553821713929764,-2.2667240796340096,0.0,0.0,0.0,0.0,33.39670797481173,-12.232746212961032,False,True,False,True,False,0.0,0,0.7695900031668934,0.8917042915017295,False,False,False,False,-0.34282825441539394,-0.33497474675890715,False,False,False,False,-277217,-268650.874498562,False,False,False,False,3774.83455009246,False,False,False,False
2023-05-31 00:00:00+00:00,10.7373755016,10.8452114106,10.698862677,10.8452114106,2669,,,,,,,,,,,,,,,,,,,,,,,,,"rgba(239, 83, 80, 1.0)",0.0,0.0,0.2963202881308701,11.547612545918696,-2.7343286193109178,0.0,0.0,0.0,0.0,30.737730954153363,-14.797932168910158,False,True,False,True,False,0.0,0,0.7995238873858602,0.9137182212795876,False,False,False,False,-0.3294895232825737,-0.33223213502074045,False,False,False,False,-279886,-269091.4676554812,False,False,False,False,3731.4684893045205,False,False,False,False
2023-06-01 00:00:00+00:00,10.845981667,10.845981667,10.8221807414,10.8221807414,625,,,,,,,,,,,,,,,,,,,,,,,,,"rgba(239, 83, 80, 1.0)",0.0,0.0,0.3042667465331684,11.54669451614129,-2.302955735798439,0.0,0.0,0.0,0.0,31.449535935371777,-14.797932168910158,False,True,False,True,False,0.0,0,0.7996764675898456,0.9160102574460579,False,False,False,False,-0.2992079374013436,-0.31572003621104205,False,False,False,False,-279261,-269490.2728454623,False,False,False,False,3609.646195606304,False,False,False,False
2023-06-02 00:00:00+00:00,11.0608832284,11.0685857933,11.0146678388,11.0185191213,1897,,,,,,,,,,,,,,,,,,,,,,,,,"rgba(239, 83, 80, 0.75)",0.0,0.0,0.30730583937652145,11.546929638552973,-1.5816374044147352,0.0,0.0,0.0,0.0,35.921718379436534,-18.79202502331497,False,True,False,True,True,0.0,0,0.7947750336217028,0.9196340886687022,False,False,False,False,-0.20136020012876157,-0.2585401181699018,False,False,False,False,-277364,-269799.04645936575,False,False,False,False,3542.4835997001746,False,False,False,False
2023-06-05 00:00:00+00:00,10.947655524,11.0608832284,10.9453447545,11.0223704038,500,,,,,,,,,,,,,,,,,,,,,,,,,"rgba(239, 83, 80, 0.75)",0.0,0.0,0.3117256335166046,11.546601806609154,-1.9213892545582065,0.0,0.0,0.0,0.0,37.49990287582797,-17.38731172231975,False,True,False,True,True,0.0,0,0.7830078774889764,0.938782869177877,False,False,False,False,-0.2191800810023145,-0.23886009958610815,False,False,False,False,-277864,-270115.31914723373,False,False,False,False,3423.170517358991,False,False,False,False
2023-06-06 00:00:00+00:00,11.0127421976,11.0146678388,10.9376421896,10.9376421896,5291,,,,,,,,,,,,,,,,,,,,,,,,,"rgba(239, 83, 80, 0.75)",0.0,0.0,0.3145868208004365,11.542054207840655,-1.6825625717373378,0.0,0.0,0.0,0.0,39.659921168929856,-15.3920051004974,False,True,False,True,True,0.0,0,0.7952581389939094,0.9268978618792613,False,False,False,False,-0.2317353789719803,-0.23529773927904424,False,False,False,False,-272573,-270211.6987885187,False,False,False,False,3496.418732364521,False,False,False,False
2023-06-07 00:00:00+00:00,11.0415497904,11.0739775887,11.0377755336,11.0377755336,1405,,,,,,,,,,,,,,,,,,,,,,,,,"rgba(239, 83, 80, 0.75)",0.0,0.0,0.3166281823732291,11.54114684763615,-1.5778666746955705,0.0,0.0,0.0,0.0,41.59560167829714,-13.591683120037423,False,True,False,True,True,0.0,0,0.8031954063517098,0.9223053906259632,False,False,False,False,-0.1947992676965423,-0.21504850348779325,False,False,False,False,-271168,-270249.20079681213,False,False,False,False,3414.402311487481,False,False,False,False
2023-06-08 00:00:00+00:00,11.2650011988,11.291960176,11.2380422216,11.2610728907,9644,,,,,,,,,,,,,,,,,,,,,,,,,#000000,0.0,0.0,0.31507144576320245,11.542733492836794,-0.8814898899011245,0.0,0.0,0.0,0.0,46.24276895111517,-9.28168752063057,False,False,False,False,True,0.0,0,0.8008360460817701,0.9142554021275193,False,False,False,False,-0.10010046163563585,-0.15757448256171455,False,False,False,False,-261524,-269907.03605968226,False,False,False,False,3658.7002600565993,False,False,False,False
2023-06-09 00:00:00+00:00,11.1456884682,11.2226370917,11.1456114425,11.1687191373,1326,,,,,,,,,,,,,,,,,,,,,,,,,#000000,0.0,0.0,0.31501552278631334,11.542092996467801,-1.258365063288317,0.0,0.0,0.0,0.0,47.529482325707214,-8.182890131797123,False,False,False,False,True,0.0,0,0.7950299374089913,0.9199657858182961,False,False,False,False,-0.1364214601783186,-0.14699797137001658,False,False,False,False,-262850,-269630.28954753786,False,False,False,False,3567.2218184857525,False,False,False,False
2023-06-12 00:00:00+00:00,11.0746708196,11.1148011828,11.0454780985,11.1148011828,1565,,,,,,,,,,,,,,,,,,,,,,,,,#000000,0.0,0.0,0.31783292327557433,11.540699001682823,-1.4662678028441924,0.0,0.0,0.0,0.0,47.38175560729019,-8.182890131797123,False,False,False,False,True,0.0,0,0.7843172994341628,0.9422743925875515,False,False,False,False,-0.18366562743818335,-0.16533179940409998,False,False,False,False,-264415,-269425.76838881086,False,False,False,False,3488.7033158000368,False,False,False,False
2023-06-13 00:00:00+00:00,11.2205573992,11.2611499164,11.1918268321,11.2611499164,15287,,,,,,,,,,,,,,,,,,,,,,,,,#000000,0.0,0.0,0.3188006918541019,11.535460489569704,-0.9877741749500915,0.0,0.0,0.0,0.0,49.39552955878742,-6.299531647786559,False,False,False,False,True,0.0,0,0.8018304814818064,0.9292768512970847,False,False,False,False,-0.11735754840512436,-0.14134467390461217,False,False,False,False,-249128,-268629.7774716026,False,False,False,False,3951.381617141212,False,False,False,False
2023-06-14 00:00:00+00:00,11.2844886881,11.3304730007,11.2844886881,11.3150678708,1365,,,,,,,,,,,,,,,,,,,,,,,,,"rgba(38, 166, 154, 0.5)",0.0,0.0,0.3191558277344353,11.535291329959799,-0.785831308925646,0.0,0.0,0.0,0.0,51.585402263536345,-4.132950794346357,False,False,True,False,True,0.24924751804650214,0,0.8154781525664371,0.9175273779505104,False,False,False,False,-0.08113416703955191,-0.11123942047208205,False,False,False,False,-247763,-267811.47247271624,False,False,False,False,3849.954887057243,False,False,False,False
2023-06-15 00:00:00+00:00,11.4190524973,11.4306063446,11.3651345428,11.3651345428,2017,,,,,,,,,,,,,,,,,,,,,,,,,"rgba(38, 166, 154, 1.0)",0.0,0.0,0.31903390833723166,11.535735610620375,-0.3657389082198644,0.0,0.0,0.0,0.0,54.69204087914106,-1.1425304862874555,True,False,True,False,True,2.0761692076023195,0,0.810568606020348,0.9159244549195046,False,False,False,False,-0.04095313157857026,-0.07609627602532615,False,False,False,False,-245746,-266946.15982672735,False,False,False,False,3778.074303251077,False,False,False,False
2023-06-16 00:00:00+00:00,11.3502685925,11.4691191693,11.3502685925,11.4691191693,553,,,,,,,,,,,,,,,,,,,,,,,,,"rgba(38, 166, 154, 1.0)",0.0,0.0,0.31908519722277706,11.48040993356934,-0.40785765745967406,0.0,0.0,0.0,0.0,55.5584736846657,-0.26693614575700764,True,False,True,False,True,1.1059817980163977,0,0.8220870713613382,0.9050213733973898,False,False,False,False,-0.03570976451437939,-0.05590302026985277,False,False,False,False,-246299,-266136.46728450275,False,False,False,False,3651.600801162799,False,False,False,False
2023-06-20 00:00:00+00:00,11.1025541046,11.199529397,11.0763653839,11.1918268321,10477,,,,,,,,,,,,,,,,,,,,,,,,,"rgba(38, 166, 154, 0.75)",0.0,0.0,0.3203243813315397,11.46082224227008,-1.1184541625611337,0.0,0.0,0.0,0.0,52.50142026532013,-0.26693614575700764,True,False,True,False,False,0.0,0,0.8174153791000905,0.9114852192502948,False,False,False,False,-0.1573144815247122,-0.10660875089728249,False,False,False,False,-256776,-265769.3901360909,False,False,False,False,3919.26351484269,False,False,False,False
2023-06-21 00:00:00+00:00,11.0300729687,11.0608832284,11.0146678388,11.0146678388,10788,,,,,,,,,,,,,,,,,,,,,,,,,#000000,0.0,0.0,0.3197443054590414,11.448680555126264,-1.3091948137287044,0.0,0.0,0.0,0.0,49.57085823914764,5.6229568566687576,False,False,False,False,False,0.0,0,0.8073600288046157,0.93697581189691,False,False,False,False,-0.20313634250843338,-0.15487254670285794,False,False,False,False,-267564,-265839.7669934991,False,False,False,False,4188.625729946898,False,False,False,False
2023-06-22 00:00:00+00:00,11.0349255846,11.0608832284,10.40616521,10.9299396247,20424,,,,,,,,,,,,,,,,,,,,,,,,,#000000,-1.0,10.963318,0.32111581272641426,11.353062790136697,-0.990724196468472,0.0,0.0,0.0,0.0,47.69657509179714,3.8340511296577233,False,False,False,False,False,0.0,0,0.7402664109705182,0.9499452110990042,True,False,False,False,-0.34282825441539394,-0.24885040055912594,False,False,False,False,-247140,-265106.44279767567,False,False,False,False,4825.307073870549,False,False,False,False
2023-06-23 00:00:00+00:00,10.8529139755,10.9339449585,10.8529139755,10.8683191053,1951,,,,,,,,,,,,,,,,,,,,,,,,,"rgba(239, 83, 80, 1.0)",0.0,0.0,0.3268822251068125,11.351061619736189,-1.523936164082993,0.0,0.0,0.0,0.0,44.26898707417032,0.5808998765727438,False,True,False,True,False,0.0,0,0.7741608623804878,0.9661790500753324,False,False,False,False,-0.2658246325296785,-0.2573375165444022,False,False,False,False,-249091,-264478.3862173747,False,False,False,False,4712.589149405038,False,False,False,False
2023-06-26 00:00:00+00:00,11.0310743021,11.0608832284,10.9838575792,10.9838575792,10099,,,,,,,,,,,,,,,,,,,,,,,,,"rgba(239, 83, 80, 1.0)",0.0,0.0,0.32889501512338215,11.34808539877747,-0.9638671372338873,0.0,0.0,0.0,0.0,44.862812216006276,0.5808998765727438,False,True,False,True,False,0.0,0,0.7714243855330849,0.9667086076571197,False,False,False,False,-0.20593975794608863,-0.23163863724524542,False,False,False,False,-238992,-263478.9200912031,False,False,False,False,4923.820947467586,False,False,False,False
2023-06-27 00:00:00+00:00,11.2650011988,11.3073653059,11.1687191373,11.2072319619,24138,,,,,,,,,,,,,,,,,,,,,,,,,#000000,0.0,0.0,0.3291723487307857,11.357292997201352,-0.2803753072127958,0.0,0.0,0.0,0.0,48.24726821951914,0.5808998765727438,False,False,False,False,True,0.2478646090441181,0,0.7768427825175483,0.9597876789354356,False,False,False,False,-0.10873421636012927,-0.17018642680268734,False,False,False,False,-214854,-261572.0604797834,False,False,False,False,5677.318165213956,False,False,False,False
2023-06-28 00:00:00+00:00,11.1528518535,11.1610165724,10.7681857613,11.1610165724,13603,,,,,,,,,,,,,,,,,,,,,,,,,#000000,0.0,0.0,0.3300251649521494,11.349206228437973,-0.5949678866653791,0.0,0.0,0.0,0.0,49.02585862007457,0.5808998765727438,False,False,False,False,True,0.0,1,0.7283076393482377,0.9763139993234838,False,False,False,False,-0.23111846130784586,-0.2006524440552666,False,False,False,False,-228457,-260273.43065704682,False,False,False,False,5988.129217558506,False,False,False,False
2023-06-29 00:00:00+00:00,11.073053281,11.1148011828,11.0069652739,11.0454780985,1787,,,,,,,,,,,,,,,,,,,,,,,,,#000000,0.0,0.0,0.3317706430396109,11.34841347881035,-0.8299715589286616,0.0,0.0,0.0,0.0,48.54460892455377,0.5808998765727438,False,False,False,False,True,0.0,1,0.8379902118323621,0.9872919096259162,False,False,False,False,-0.18633708652456296,-0.19349476528991477,False,False,False,False,-230244,-259095.80592539793,False,False,False,False,5823.379052164055,False,False,False,False
2023-06-30 00:00:00+00:00,11.2430488888,11.2430488888,11.1996064226,11.1996064226,1451,,,,,,,,,,,,,,,,,,,,,,,,,#000000,0.0,0.0,0.332117030594605,11.348545631139833,-0.3176493001607201,0.0,0.0,0.0,0.0,50.35638872396261,0.5808998765727438,True,False,False,False,True,0.0245023610227193,1,0.7508094186983726,0.9678440029536137,False,False,False,False,-0.11323726392202021,-0.1533660146059675,False,False,False,False,-228793,-257907.46059499017,False,False,False,False,5651.913206981151,False,False,False,False
2023-07-03 00:00:00+00:00,11.4975416338,11.5230371237,11.4614166043,11.4614166043,3475,,,,,,,,,,,,,,,,,,,,,,,,,"rgba(38, 166, 154, 1.0)",0.0,0.0,0.33220872562134457,11.35175042363716,0.4388542471007028,0.0,0.0,0.0,0.0,54.131496744128995,-1.9876502522668886,True,False,True,False,True,3.2702757425898383,1,0.7546474431251766,0.9701193962751338,False,False,False,False,0.045812341582307195,-0.05377683651183015,False,False,False,False,-225318,-256629.44253244155,False,False,False,False,5566.544061609341,False,False,False,False
2023-07-05 00:00:00+00:00,11.5543095373,11.5999857473,11.5230371237,11.5230371237,3798,,,,,,,,,,,,,,,,,,,,,,,,,"rgba(38, 166, 154, 1.0)",0.0,0.0,0.3328164222421168,11.355814713592794,0.596409342934421,0.0,0.0,0.0,0.0,57.15204984089715,0.9154654849066972,True,False,True,False,True,3.970183654351313,1,0.7819561243248957,0.9486197440689215,False,False,False,False,0.11959667799730392,0.03290992074273688,False,False,False,False,-221520,-255252.60164881637,False,False,False,False,5497.189392526622,False,False,False,False
2023-07-06 00:00:00+00:00,11.39209352,11.4537140394,11.3305500263,11.4537140394,9735,,,,,,,,,,,,,,,,,,,,,,,,,"rgba(38, 166, 154, 1.0)",0.0,0.0,0.33272849105436036,11.360474713104704,0.09502885309009979,0.0,0.0,0.0,0.0,56.842172185101916,0.9154654849066972,True,False,True,False,True,1.7855136859018863,0,0.7753566446241617,0.9358444714537094,False,False,False,False,0.13529099617836088,0.08410045846054888,False,False,False,False,-231255,-254311.51923121576,False,False,False,False,5663.378043800089,False,False,False,False
2023-07-07 00:00:00+00:00,11.6036059528,11.6462781625,11.492226864,11.492226864,1779,,,,,,,,,,,,,,,,,,,,,,,,,"rgba(38, 166, 154, 1.0)",0.0,0.0,0.33342521347294246,11.362223567103218,0.7239476078685062,0.0,0.0,0.0,0.0,58.62894611147166,2.526471706632563,True,False,True,False,True,4.384701027032165,0,0.812129837945922,0.908837978053343,False,False,False,False,0.3428281657911952,0.21346431212587202,False,False,False,False,-229476,-253337.57730057984,False,False,False,False,5511.04949306283,False,False,False,False
2023-07-10 00:00:00+00:00,11.5230371237,11.5384422536,11.4999294289,11.4999294289,4252,,,,,,,,,,,,,,,,,,,,,,,,,"rgba(38, 166, 154, 1.0)",0.0,0.0,0.33370427012071535,11.365516702541463,0.472035976949157,0.0,0.0,0.0,0.0,58.69761174567759,2.8063230747487253,True,False,True,False,True,3.3041864720532956,0,0.8141033311714215,0.8897837832879425,False,False,False,False,0.2990693999345619,0.2562668560302169,False,False,False,False,-233728,-252568.57426918455,False,False,False,False,5461.675003138798,False,False,False,False
2023-07-11 00:00:00+00:00,11.6870247309,11.7464115065,11.6077653379,11.6308730326,16755,,,,,,,,,,,,,,,,,,,,,,,,,"rgba(38, 166, 154, 1.0)",0.0,0.0,0.33545871792111553,11.383988995936676,0.9033473234539207,0.0,0.0,0.0,0.0,60.22680513622701,4.5183873499380525,True,False,True,False,True,5.275241405765371,0,0.8401160373843115,0.8681276041357102,False,False,False,False,0.34282817591967374,0.29954751597494533,False,False,False,False,-216973,-251172.66939588322,False,False,False,False,5904.5504932117865,False,False,False,False
2023-07-12 00:00:00+00:00,11.7574261743,11.9081653698,11.7233038117,11.7772217661,26716,,,,,,,,,,,,,,,,,,,,,,,,,"rgba(38, 166, 154, 1.0)",0.0,0.0,0.33770548490886365,11.415199709739131,1.0133873444585193,0.0,0.0,0.0,0.0,61.840716000911456,6.283366473184536,True,False,True,False,True,6.104972315314235,0,0.8255466242548741,0.8574707598352853,False,False,False,False,0.34282818597606374,0.3211878509755045,False,False,False,False,-190257,-248783.8196156525,False,False,False,False,6720.685767987795,False,False,False,False
2023-07-13 00:00:00+00:00,11.8542474154,11.8542474154,11.7786082278,11.8311397206,1880,,,,,,,,,,,,,,,,,,,,,,,,,"rgba(38, 166, 154, 1.0)",0.0,0.0,0.34181855744763967,11.417292262203357,1.2783248412824273,0.0,0.0,0.0,0.0,63.71369113371841,8.259539678029185,True,False,True,False,True,7.236612508599059,0,0.8251584796996603,0.8621113041274194,False,False,False,False,0.3428281860198757,0.3320080184976901,False,False,False,False,-188377,-246414.92472876416,False,False,False,False,6530.854953556902,False,False,False,False
2023-07-14 00:00:00+00:00,11.81326977,11.9158679347,11.8081860771,11.9081653698,2909,,,,,,,,,,,,,,,,,,,,,,,,,"rgba(38, 166, 154, 1.0)",0.0,0.0,0.3450197952233959,11.420585265121725,1.1381506519764093,0.0,0.0,0.0,0.0,64.26787770402841,8.990713569053113,True,False,True,False,True,6.657362415867102,0,0.8372710453319542,0.8523496762367255,False,False,False,False,0.3428281887835193,0.3374181036406047,False,False,False,False,-191286,-244253.0061119499,False,False,False,False,6388.8214259664355,False,False,False,False
2023-07-17 00:00:00+00:00,11.8388422855,11.8541703897,11.7628949954,11.7772217661,8481,,,,,,,,,,,,,,,,,,,,,,,,,"rgba(38, 166, 154, 1.0)",0.0,0.0,0.3484889454911162,11.429276688188759,1.1752613751751901,0.0,0.0,0.0,0.0,64.87693586454984,9.81851263710952,True,False,True,False,True,6.962537716354017,0,0.8356611360274038,0.8561722974599675,False,False,False,False,0.30810704305674447,0.3227625733486746,False,False,False,False,-182805,-241843.28038206953,False,False,False,False,6470.867644555988,False,False,False,False
2023-07-18 00:00:00+00:00,11.8695755196,11.9081653698,11.8465448504,11.8465448504,2654,,,,,,,,,,,,,,,,,,,,,,,,,"rgba(38, 166, 154, 1.0)",0.0,0.0,0.35247846958141293,11.432223789093298,1.240789915554503,0.0,0.0,0.0,0.0,65.5848624313034,10.759860487628487,True,False,True,False,True,7.333084258394553,0,0.8504594357615691,0.8424435517551194,False,False,False,False,0.34282818966303064,0.33279538150585264,False,False,False,False,-180151,-239423.9752690472,False,False,False,False,6321.186560455753,False,False,False,False
2023-07-19 00:00:00+00:00,11.9774114285,11.992893584,11.9697858892,11.9697858892,2243,,,,,,,,,,,,,,,,,,,,,,,,,"rgba(38, 166, 154, 1.0)",0.0,0.0,0.3573957190570028,11.435196891984665,1.5171265563728096,0.0,0.0,0.0,0.0,67.08487853601017,12.43100119577106,True,False,True,False,True,8.627319083402998,0,0.8524261388135522,0.8516462090114465,False,False,False,False,0.3428281950590602,0.3378117882824564,False,False,False,False,-177908,-237011.58408202574,False,False,False,False,6161.2576757319985,False,False,False,False
2023-07-20 00:00:00+00:00,12.0005961489,12.0660679507,11.9390526552,12.0391089735,3865,,,,,,,,,,,,,,,,,,,,,,,,,"rgba(38, 166, 154, 1.0)",0.0,0.0,0.36321686467121744,11.440401587286901,1.5423142923723665,0.0,0.0,0.0,0.0,68.30053580956837,13.793464597258712,True,False,True,False,True,8.904663801737097,0,0.835277408740472,0.8448893572520743,False,False,False,False,0.3428281960516048,0.34031999216703057,False,False,False,False,-174043,-234542.22784351493,False,False,False,False,6071.208355115058,False,False,False,False
2023-07-21 00:00:00+00:00,11.8234371557,11.9235704997,11.7849243311,11.9235704997,1609,,,,,,,,,,,,,,,,,,,,,,,,,"rgba(38, 166, 154, 0.75)",0.0,0.0,0.36609280768331504,11.441975655090946,1.041980319206473,0.0,0.0,0.0,0.0,65.48447583527528,13.793464597258712,True,False,True,False,False,6.257214008831706,0,0.8189437789155187,0.8557185803664258,False,False,False,False,0.25847160773386413,0.29939579995044735,False,False,False,False,-175652,-232232.80714376929,False,False,False,False,5896.21979216937,False,False,False,False
2023-07-24 00:00:00+00:00,11.810188744,11.8157345908,11.7772217661,11.792626896,1693,,,,,,,,,,,,,,,,,,,,,,,,,"rgba(38, 166, 154, 0.75)",0.0,0.0,0.36860419027041064,11.443456561870342,0.9949213595771131,0.0,0.0,0.0,0.0,63.357823104455164,17.92946319178445,True,False,True,False,False,6.062034748263564,0,0.8156263734501292,0.8705366352814603,False,False,False,False,0.2266223350540293,0.2630090675022383,False,False,False,False,-177345,-230080.34411852344,False,False,False,False,5731.387643456845,False,False,False,False
2023-07-25 00:00:00+00:00,11.7769136635,11.82336013,11.770674586,11.82336013,2482,,,,,,,,,,,,,,,,,,,,,,,,,"rgba(38, 166, 154, 0.75)",0.0,0.0,0.37066030641426617,11.445541198382994,0.8940058036499055,0.0,0.0,0.0,0.0,61.282646871955805,15.93984104082476,True,False,True,False,False,5.566067350766492,0,0.8210902286297634,0.8692499393168729,False,False,False,False,0.22691742059199183,0.24496324404711506,False,False,False,False,-179827,-228109.62474132644,False,False,False,False,5603.960677046773,False,False,False,False
2023-07-26 00:00:00+00:00,11.9269596282,11.9269596282,11.8195858732,11.8234371557,1913,,,,,,,,,,,,,,,,,,,,,,,,,"rgba(38, 166, 154, 0.75)",0.0,0.0,0.3747073346451804,11.44753807484545,1.279456015475454,0.0,0.0,0.0,0.0,61.92839664207683,15.93984104082476,True,False,True,False,False,7.467272781894398,0,0.8329433409506386,0.8532437839818922,False,False,False,False,0.2690709190551445,0.2570170815511298,False,False,False,False,-177914,-226141.16886911757,False,False,False,False,5459.217121084154,False,False,False,False
2023-07-27 00:00:00+00:00,11.89276024,12.0545141033,11.854324441,12.0237038437,7965,,,,,,,,,,,,,,,,,,,,,,,,,"rgba(38, 166, 154, 0.75)",0.0,0.0,0.3781547221522336,11.456311488661587,1.1541539104798255,0.0,0.0,0.0,0.0,61.63439152097023,15.93984104082476,True,False,True,False,False,6.94541772408483,0,0.8376989287290297,0.8519766814944448,False,False,False,False,0.31498219296413127,0.28599963725763056,False,False,False,False,-185879,-224562.26028601493,False,False,False,False,5557.483116335756,False,False,False,False
2023-07-28 00:00:00+00:00,12.1636594483,12.2085654018,12.0314064086,12.0545141033,6408,,,,,,,,,,,,,,,,,,,,,,,,,"rgba(38, 166, 154, 1.0)",0.0,0.0,0.38612177417968147,11.465704961694675,1.8076019879690426,0.0,0.0,0.0,0.0,64.43147626706133,15.93984104082476,True,False,True,False,True,10.256919172067729,0,0.8621611201712629,0.8200848185825326,False,False,False,False,0.3428282009946931,0.3144139191261618,False,False,False,False,-179471,-222793.97556891633,False,False,False,False,5590.836719616706,False,False,False,False
2023-07-31 00:00:00+00:00,12.1623500123,12.2624833562,12.1174440588,12.185457707,15790,,,,,,,,,,,,,,,,,,,,,,,,,"rgba(38, 166, 154, 1.0)",0.0,0.0,0.39336455787071806,11.497176316309597,1.6909853281927252,0.0,0.0,0.0,0.0,66.26762575705037,11.669747987163092,True,False,True,False,True,10.236462100849955,0,0.8731438232179832,0.814966188005588,False,False,False,False,0.34282820356140664,0.3286210613437842,False,False,False,False,-195261,-221714.25103680196,False,False,False,False,5990.803907082718,False,False,False,False
2023-08-01 00:00:00+00:00,11.992893584,12.0776217981,11.9312730646,12.0776217981,7737,,,,,,,,,,,,,,,,,,,,,,,,,"rgba(38, 166, 154, 1.0)",0.0,0.0,0.39329452541381,11.502186720430291,1.247682924275149,0.0,0.0,0.0,0.0,64.0320411412791,11.669747987163092,True,False,True,False,True,7.618643331130656,0,0.8494951045781747,0.8299986354597938,False,False,False,False,0.25107766930562303,0.2898493653247036,False,False,False,False,-202998,-220980.2804079078,False,False,False,False,6059.282185236337,False,False,False,False
2023-08-02 00:00:00+00:00,11.8850576751,11.89276024,11.7156012468,11.8311397206,4135,,,,,,,,,,,,,,,,,,,,,,,,,"rgba(38, 166, 154, 0.75)",0.0,0.0,0.3901179257187017,11.494763690924499,1.0004512954806568,0.0,0.0,0.0,0.0,60.67334261679229,15.573531536970478,True,False,True,False,False,6.003185816194744,0,0.824538148605164,0.8500816993780739,False,False,False,False,0.1564424893067432,0.2231459273157234,False,False,False,False,-207133,-220437.24980367612,False,False,False,False,5983.82013875648,False,False,False,False
2023-08-03 00:00:00+00:00,12.0160012787,12.0160012787,11.9158679347,11.9158679347,2287,,,,,,,,,,,,,,,,,,,,,,,,,"rgba(38, 166, 154, 0.75)",0.0,0.0,0.38475829176236703,11.499276909976581,1.3429843613157408,0.0,0.0,0.0,0.0,60.147984092687636,15.103217149158425,True,False,True,False,False,7.635278471454189,0,0.8410789974468956,0.8482878884201251,False,False,False,False,0.23258405328553705,0.22786499030063023,False,False,False,False,-204846,-219825.82824274764,False,False,False,False,5838.846799981717,False,False,False,False
2023-08-04 00:00:00+00:00,11.9603117343,12.0776217981,11.9603117343,12.0237038437,4013,,,,,,,,,,,,,,,,,,,,,,,,,"rgba(38, 166, 154, 0.75)",0.0,0.0,0.37686735405920807,11.504941714787755,1.2083031724756483,0.0,0.0,0.0,0.0,58.819797473017296,13.78629247976184,True,False,True,False,False,6.795607661570205,0,0.8580591747839033,0.828689223797657,False,False,False,False,0.2580930129588785,0.24297900162975436,False,False,False,False,-208859,-219395.7565469536,False,False,False,False,5767.244964688316,False,False,False,False
2023-08-07 00:00:00+00:00,12.0005961489,12.0391089735,11.954457785,12.0391089735,2365,,,,,,,,,,,,,,,,,,,,,,,,,"rgba(38, 166, 154, 0.75)",0.0,0.0,0.3732133790462517,11.507619667145105,1.3208971313265825,0.0,0.0,0.0,0.0,58.48962392534065,13.353495998561016,True,False,True,False,False,7.303355426470201,0,0.8670092237979997,0.8228951691276014,False,False,False,False,0.24738438912374325,0.2451816953767488,False,False,False,False,-206494,-218889.80530981816,False,False,False,False,5633.823593524069,False,False,False,False
2023-08-08 00:00:00+00:00,12.0160012787,12.0237038437,11.9235704997,11.9312730646,6900,,,,,,,,,,,,,,,,,,,,,,,,,"rgba(38, 166, 154, 0.75)",0.0,0.0,0.3689949022703725,11.514155611742193,1.3600341464611614,0.0,0.0,0.0,0.0,58.49067674341056,13.148263067822164,True,False,True,False,False,7.499440834427499,0,0.8709900606177833,0.8149901280959506,False,False,False,False,0.2362699136838608,0.2407258045303048,False,False,False,False,-199594,-218133.10706237433,False,False,False,False,5683.477570248616,False,False,False,False
2023-08-09 00:00:00+00:00,11.9638549142,11.9638549142,11.9004628049,11.9466781944,15274,,,,,,,,,,,,,,,,,,,,,,,,,"rgba(38, 166, 154, 0.75)",0.0,0.0,0.368279213168814,11.524520765184402,1.1929376769201852,0.0,0.0,0.0,0.0,57.412331907886156,11.887148911796167,True,False,True,False,False,6.682222172493919,0,0.8616790203080892,0.8231222373582973,False,False,False,False,0.21649320450952336,0.22860950451991408,False,False,False,False,-214868,-218005.0636481636,False,False,False,False,6059.576489062396,False,False,False,False
2023-08-10 00:00:00+00:00,11.9245718331,12.0622166683,11.9245718331,12.0622166683,1681,,,,,,,,,,,,,,,,,,,,,,,,,"rgba(38, 166, 154, 0.5)",0.0,0.0,0.3670019936297505,11.525851698829275,1.0864249818571108,0.0,0.0,0.0,0.0,55.88580010296805,10.236604479053184,False,False,True,False,False,6.064951237301305,1,0.9124224486156564,0.7999751124543518,False,False,False,False,0.24575329225636927,0.23718139838814167,False,False,False,False,-216549,-217947.9631129415,False,False,False,False,5887.867607138381,False,False,False,False
2023-08-11 00:00:00+00:00,11.836762593,11.8773551101,11.836762593,11.8388422855,1479,,,,,,,,,,,,,,,,,,,,,,,,,#000000,0.0,0.0,0.3694712769698603,11.526336957172571,0.8401888189342293,0.0,0.0,0.0,0.0,53.154150687254194,7.5256169571014055,False,False,False,False,False,4.691327009581897,0,0.884992291990311,0.7981122039855766,False,False,False,False,0.1810948885629218,0.20913814347553172,False,False,False,False,-218028,-217951.1018143948,False,False,False,False,5714.970838230994,False,False,False,False
2023-08-14 00:00:00+00:00,11.8503961329,11.8503961329,11.7849243311,11.7849243311,2422,,,,,,,,,,,,,,,,,,,,,,,,,#000000,0.0,0.0,0.3723034767771213,11.526976399269142,0.8686992032160721,0.0,0.0,0.0,0.0,51.618137975910585,6.010524223764335,False,False,False,False,False,4.8795712591146305,0,0.8737801618739067,0.8103259244593685,False,False,False,False,0.16270774126194698,0.18592294236873935,False,False,False,False,-215606,-217859.1370373597,False,False,False,False,5585.834726927817,False,False,False,False
2023-08-15 00:00:00+00:00,11.8157345908,11.8619499803,11.770674586,11.8080320258,6850,,,,,,,,,,,,,,,,,,,,,,,,,#000000,0.0,0.0,0.37455556259588346,11.528746956772292,0.7662084419163891,0.0,0.0,0.0,0.0,49.8865609003453,4.31576227122698,False,True,False,False,False,4.328566191052744,0,0.8672532165599505,0.8124114193274512,False,False,False,False,0.16208065388749635,0.17400179812811783,False,False,False,False,-222456,-218039.40617314953,False,False,False,False,5635.409835675747,False,False,False,False
2023-08-16 00:00:00+00:00,11.5868913869,11.7387089415,11.5868913869,11.7156012468,4250,,,,,,,,,,,,,,,,,,,,,,,,,"rgba(239, 83, 80, 1.0)",0.0,0.0,0.37450892315340306,11.52751642340916,0.1585408512857209,0.0,0.0,0.0,0.0,45.002549520411876,-0.2587154741337514,False,True,False,True,False,0.8057802573848925,0,0.8539894124628185,0.8194571820421783,False,False,False,False,0.09136395304411109,0.13268287558611447,False,False,False,False,-226706,-218379.2725977319,False,False,False,False,5581.080038198267,False,False,False,False
2023-08-17 00:00:00+00:00,11.5607796918,11.6308730326,11.5607796918,11.6231704677,2574,,,,,,,,,,,,,,,,,,,,,,,,,"rgba(239, 83, 80, 1.0)",0.0,0.0,0.37451991251672045,11.526467954069801,0.0916152561812518,0.0,0.0,0.0,0.0,41.401681401168055,-3.4761888651388375,False,True,False,True,False,0.4158470403122223,0,0.8516980343760826,0.8265796672105371,False,False,False,False,0.06083568173458765,0.09675927866035106,False,False,False,False,-229280,-218806.7521037032,False,False,False,False,5463.155330817943,False,False,False,False
2023-08-18 00:00:00+00:00,11.6072261583,11.6072261583,11.6072261583,11.6072261583,322,,,,,,,,,,,,,,,,,,,,,,,,,"rgba(239, 83, 80, 1.0)",0.0,0.0,0.3744871783788848,11.526368200888326,0.21591649081738648,0.0,0.0,0.0,0.0,40.1927585465326,-4.460403190991471,False,True,False,True,False,1.105753283515977,0,0.8425628374439847,0.82808815897618,False,False,False,False,0.06602243523436126,0.08139085694735615,False,False,False,False,-228958,-219204.84025649918,False,False,False,False,5261.541396276063,False,False,False,False
2023-08-21 00:00:00+00:00,11.5538473834,11.6077653379,11.5538473834,11.6077653379,5628,,,,,,,,,,,,,,,,,,,,,,,,,"rgba(239, 83, 80, 1.0)",0.0,0.0,0.3741516868405393,11.524241448055163,0.07912816214952938,0.0,0.0,0.0,0.0,38.577551138685415,-5.933485677154323,False,True,False,True,False,0.2890483717102228,0,0.831904264885572,0.834383387987037,False,False,False,False,0.05400672633775439,0.06769879164255527,False,False,False,False,-234586,-219808.02299153846,False,False,False,False,5275.912321912297,False,False,False,False
2023-08-22 00:00:00+00:00,11.4854486069,11.5615499483,11.4787473754,11.5539244091,6319,,,,,,,,,,,,,,,,,,,,,,,,,"rgba(239, 83, 80, 1.0)",0.0,0.0,0.3732332616428835,11.521171757228299,-0.09571266550857081,0.0,0.0,0.0,0.0,36.52204676670645,-7.871471355414251,False,True,False,True,False,0.0,0,0.8346673407322321,0.8359873058540801,False,False,False,False,0.026472826356484628,0.047085808999519946,False,False,False,False,-240905,-220635.35542324284,False,False,False,False,5316.817721052991,False,False,False,False
2023-08-23 00:00:00+00:00,11.4537140394,11.5846576431,11.4537140394,11.5692525132,2101,,,,,,,,,,,,,,,,,,,,,,,,,"rgba(239, 83, 80, 1.0)",0.0,0.0,0.37317631206247825,11.520196921669973,-0.17815407924081333,0.0,0.0,0.0,0.0,34.712337355548705,-9.604497052722841,False,True,False,True,False,0.0,0,0.8406547286410049,0.824482372683111,False,False,False,False,0.026036213856104082,0.03656101142781201,False,False,False,False,-243006,-221512.63560272352,False,False,False,False,5190.707222188168,False,False,False,False
2023-08-24 00:00:00+00:00,11.399796085,11.5307396886,11.399796085,11.5307396886,5387,,,,,,,,,,,,,,,,,,,,,,,,,"rgba(239, 83, 80, 1.0)",0.0,0.0,0.3732413201702496,11.500158752357173,-0.2688948461317023,0.0,0.0,0.0,0.0,32.77374763136834,-11.48615076504094,False,True,False,True,False,0.0,0,0.8294444079737535,0.84320979538616,False,False,True,False,0.0015968794535622854,0.01907894544068715,False,False,False,False,-248393,-222566.76753987162,False,False,False,False,5198.404978180789,False,False,False,False
2023-08-25 00:00:00+00:00,11.4614166043,11.4614166043,11.4074986499,11.4075756755,376,,,,,,,,,,,,,,,,,,,,,,,,,"rgba(239, 83, 80, 1.0)",0.0,0.0,0.3731610959242317,11.499961303298194,-0.10329238342150393,0.0,0.0,0.0,0.0,33.41441296909822,-11.48615076504094,False,True,False,True,False,0.0,0,0.8249112135905654,0.860454133291496,False,False,False,False,-0.01236572597098323,0.0033566097348519596,False,False,False,False,-248017,-223564.81587164136,False,False,False,False,5009.291057467817,False,False,False,False
2023-08-28 00:00:00+00:00,11.5656323077,11.5922831824,11.5230371237,11.5384422536,9649,,,,,,,,,,,,,,,,,,,,,,,,,"rgba(239, 83, 80, 0.75)",0.0,0.0,0.37329735500065964,11.501916789504227,0.17068301540915048,0.0,0.0,0.0,0.0,36.70929845395397,-11.48615076504094,False,True,False,True,True,0.5804524607041621,0,0.8312072979623341,0.8653784279874379,False,False,False,False,0.043492750251488445,0.023424679993170203,False,False,False,False,-238368,-224145.33289628287,False,False,False,False,5191.240427763197,False,False,False,False
2023-08-29 00:00:00+00:00,11.746950686,12.2393756615,11.6462781625,12.2393756615,16010,,,,,,,,,,,,,,,,,,,,,,,,,"rgba(239, 83, 80, 0.75)",0.0,0.0,0.3744544973993188,11.54162467540926,0.5483336747636396,0.0,0.0,0.0,0.0,42.71168381159461,-13.422464362147487,False,True,False,True,True,3.339429937272598,0,0.8485887418684162,0.8071191906265743,False,False,False,False,0.22156319894002385,0.12249393946659703,False,False,False,False,-222358,-224075.24141015412,False,False,False,False,5615.505509027385,False,False,False,False
2023-08-30 00:00:00+00:00,11.7354738643,11.7354738643,11.6925705777,11.6925705777,3039,,,,,,,,,,,,,,,,,,,,,,,,,"rgba(239, 83, 80, 0.75)",0.0,0.0,0.37504052598400167,11.541149684647834,0.5181418171871232,0.0,0.0,0.0,0.0,46.46110074124564,-10.08579058315459,False,True,False,True,True,3.1522942595006427,0,0.8633075217688382,0.8462027847380267,False,False,False,False,0.11482435592201755,0.1186591476943073,False,False,False,False,-225397,-224127.07508034416,False,False,False,False,5514.466077300821,False,False,False,False
2023-08-31 00:00:00+00:00,11.5538473834,11.6385755975,11.5538473834,11.6385755975,1491,,,,,,,,,,,,,,,,,,,,,,,,,"rgba(239, 83, 80, 0.75)",0.0,0.0,0.3750502017190817,11.53978431579591,0.037496493908367026,0.0,0.0,0.0,0.0,45.47139388499387,-10.08579058315459,False,True,False,True,True,0.2495321230296348,0,0.8583576790540939,0.8365679356264647,False,False,False,False,0.06101085498487934,0.08983500133959332,False,False,False,False,-226888,-224235.3466458209,False,False,False,False,5356.683093877259,False,False,False,False
2023-09-01 00:00:00+00:00,11.6716196011,11.7233038117,11.6318743661,11.6777046274,3359,,,,,,,,,,,,,,,,,,,,,,,,,#000000,0.0,0.0,0.37402367399069175,11.53900730522061,0.35455588803902977,0.0,0.0,0.0,0.0,47.10114696029667,-9.711773472979175,False,True,False,False,True,2.0425191874471587,0,0.9251322121651727,0.8066225165328769,False,False,False,False,0.06928662885507661,0.07956081509733497,False,False,False,False,-223529,-224207.64677735732,False,False,False,False,5278.342580391877,False,False,False,False
2023-09-05 00:00:00+00:00,11.5878927204,11.6495902654,11.5878927204,11.6495902654,606,,,,,,,,,,,,,,,,,,,,,,,,,"rgba(239, 83, 80, 0.75)",0.0,0.0,0.3733630105550295,11.53867784019706,0.1318150936531656,0.0,0.0,0.0,0.0,46.73047492429881,-9.711773472979175,False,True,False,True,True,0.72487607840743,0,0.8726427379922228,0.8074641406499506,False,False,False,False,0.022334199211610756,0.05094750715447286,False,False,False,False,-224135,-224204.79788412765,False,False,False,False,5095.113459592196,False,False,False,False
2023-09-06 00:00:00+00:00,11.5087873786,11.5383652279,11.5019320958,11.5268884062,1138,,,,,,,,,,,,,,,,,,,,,,,,,"rgba(239, 83, 80, 0.75)",0.0,0.0,0.3723973941235867,11.537534825942052,-0.077195618969643,0.0,0.0,0.0,0.0,45.21484105927133,-9.711773472979175,False,True,False,True,True,0.0,0,0.8660332076681215,0.8324239603937036,False,False,False,False,-0.030782915490797366,0.010082295831837748,False,False,False,False,-225273,-224246.68816318148,False,False,False,False,4939.932539608189,False,False,False,False
2023-09-07 00:00:00+00:00,11.4614166043,11.4768217342,11.4229037797,11.4768217342,1326,,,,,,,,,,,,,,,,,,,,,,,,,"rgba(239, 83, 80, 0.75)",0.0,0.0,0.37178300820831883,11.535859828623623,-0.2002329925791309,0.0,0.0,0.0,0.0,43.47758877794172,-9.711773472979175,False,True,False,True,True,0.0,0,0.8486342144588649,0.8540752712736208,False,False,False,False,-0.06873837119096204,-0.029328037679562147,False,False,False,False,-226599,-224338.935686194,False,False,False,False,4798.209694917671,False,False,False,False
2023-09-08 00:00:00+00:00,11.4768217342,11.492226864,11.4614166043,11.4614166043,3220,,,,,,,,,,,,,,,,,,,,,,,,,"rgba(239, 83, 80, 1.0)",0.0,0.0,0.3711430799965459,11.532588714401838,-0.150257362207473,0.0,0.0,0.0,0.0,42.68250586840212,-9.711773472979175,False,True,False,True,False,0.0,0,0.9120592542481871,0.8366234515523217,False,False,False,False,-0.08708411186003209,-0.05820607476979712,False,False,False,False,-223379,-224301.2911494805,False,False,False,False,4736.31911864639,False,False,False,False
2023-09-11 00:00:00+00:00,11.5080941478,11.5538473834,11.4768217342,11.4768217342,9715,,,,,,,,,,,,,,,,,,,,,,,,,"rgba(239, 83, 80, 1.0)",0.0,0.0,0.3692861356143443,11.526532977696199,-0.0499310104494572,0.0,0.0,0.0,0.0,42.91748540413408,-9.711773472979175,False,True,False,True,False,0.0,1,0.8852474938286764,0.8252705866713217,False,False,False,False,-0.13040663233044938,-0.09430635355012325,False,False,False,False,-213664,-223884.14247695188,False,False,False,False,4931.561506150453,False,False,False,False
2023-09-12 00:00:00+00:00,11.442160192,11.4460114745,11.442160192,11.4460114745,1068,,,,,,,,,,,,,,,,,,,,,,,,,"rgba(239, 83, 80, 1.0)",0.0,0.0,0.36522755483546965,11.525684404919787,-0.22869088548758015,0.0,0.0,0.0,0.0,41.8756208005002,-9.711773472979175,False,True,False,True,False,0.0,0,0.8691605160450259,0.8413018243438755,False,False,False,False,-0.29531746660707164,-0.19481191007859744,False,False,False,False,-214732,-223525.23492883611,False,False,False,False,4780.049290222984,False,False,False,False
2023-09-13 00:00:00+00:00,11.4471668592,11.4616476813,11.4471668592,11.4616476813,747,,,,,,,,,,,,,,,,,,,,,,,,,"rgba(239, 83, 80, 1.0)",0.0,0.0,0.3596257154785832,11.525133832919135,-0.2168003297967125,0.0,0.0,0.0,0.0,41.31901030151504,-9.711773472979175,False,True,False,True,False,0.0,0,0.8577147016448866,0.8415893376405579,False,False,False,False,-0.2860371089044613,-0.24042450949152938,False,False,False,False,-213985,-223151.1080688818,False,False,False,False,4621.8904945279655,False,False,False,False
2023-09-14 00:00:00+00:00,11.6820950894,11.6847909871,11.6077653379,11.6077653379,1444,,,,,,,,,,,,,,,,,,,,,,,,,"rgba(239, 83, 80, 0.75)",0.0,0.0,0.3552903143662837,11.52531655197048,0.4412688190196228,0.0,0.0,0.0,0.0,46.167943867394925,-9.232790073812936,False,True,False,True,True,2.3622270718068066,0,0.8552697595487537,0.846272201167495,False,False,False,False,-0.12033715609720311,-0.18038083279436623,False,False,False,False,-212541,-222735.0253995139,False,False,False,False,4497.267337879811,False,False,False,False
2023-09-15 00:00:00+00:00,11.6639940618,11.6921084238,11.6639940618,11.6921084238,392,,,,,,,,,,,,,,,,,,,,,,,,,#000000,0.0,0.0,0.3480568938840456,11.525390477928052,0.3982210561188408,0.0,0.0,0.0,0.0,48.99619134582417,-6.519070282673816,False,False,False,False,True,2.060008317381815,0,0.8824339365395111,0.8338974882048897,False,False,False,False,-0.11774098432665094,-0.14906090856050858,False,False,False,False,-212933,-222350.6322465918,False,False,False,False,4336.276461884524,False,False,False,False
2023-09-18 00:00:00+00:00,11.6760870887,11.692493552,11.6676142673,11.692493552,442,,,,,,,,,,,,,,,,,,,,,,,,,#000000,0.0,0.0,0.3354342054587592,11.52548325154645,0.4489817517196078,0.0,0.0,0.0,0.0,51.11912113505733,-4.499382713481069,False,False,False,False,True,2.253743639505487,0,0.8688569359617269,0.8607473195058608,False,False,False,False,-0.11596748291693784,-0.1325141957387232,False,False,False,False,-212491,-221963.9800016274,False,False,False,False,4183.5597378890525,False,False,False,False
2023-09-19 00:00:00+00:00,11.7382467876,11.7382467876,11.7382467876,11.7382467876,247,,,,,,,,,,,,,,,,,,,,,,,,,"rgba(38, 166, 154, 0.5)",0.0,0.0,0.3256994931450166,11.5255940658667,0.6529108156720903,0.0,0.0,0.0,0.0,53.74800852629596,-2.0051957063031978,False,False,True,False,True,3.2532672011731236,0,0.8782414378607105,0.8506847350133215,False,False,False,False,-0.06470403643233075,-0.09860911608552697,False,False,False,False,-212244,-221582.80431528908,False,False,False,False,4029.184846207129,False,False,False,False
2023-09-20 00:00:00+00:00,11.8028713073,11.9081653698,11.8028713073,11.9081653698,2066,,,,,,,,,,,,,,,,,,,,,,,,,"rgba(38, 166, 154, 1.0)",0.0,0.0,0.3214225457089445,11.556488786475244,0.7665377681622288,0.0,0.0,0.0,0.0,56.666526848525045,0.7363820510479044,True,False,True,False,True,4.284038198947666,0,0.873608232546478,0.8570636718062059,False,False,False,False,0.03785101930656529,-0.030379048389480842,False,False,False,False,-210178,-221135.55708723853,False,False,False,False,3952.197205179398,False,False,False,False
2023-09-21 00:00:00+00:00,11.7679786882,11.8080320258,11.7679786882,11.8002524353,965,,,,,,,,,,,,,,,,,,,,,,,,,"rgba(38, 166, 154, 1.0)",0.0,0.0,0.31365530016344034,11.556131828862586,0.67541297477525,0.0,0.0,0.0,0.0,57.60732683181696,1.6406328878301508,True,False,True,False,True,3.6614054940327705,0,0.8515445763512557,0.900901571181288,False,False,False,False,-0.021148628436217752,-0.025763838412849297,False,False,False,False,-211143,-220743.69210342527,False,False,False,False,3835.052216740991,False,False,False,False
2023-09-22 00:00:00+00:00,11.7541140714,11.8311397206,11.7348576591,11.8157345908,4305,,,,,,,,,,,,,,,,,,,,,,,,,"rgba(38, 166, 154, 1.0)",0.0,0.0,0.30696278841582175,11.556971256341212,0.6422368524738963,0.0,0.0,0.0,0.0,57.82512313312864,1.9806396440671108,True,False,True,False,True,3.411730280595016,0,0.8407044524873225,0.8919012773793287,False,False,False,False,-0.025524774629345635,-0.025644306521097466,False,False,False,False,-215448,-220536.01790329098,False,False,False,False,3853.4815415746775,False,False,False,False
2023-09-25 00:00:00+00:00,11.7354738643,11.7695192012,11.7354738643,11.7618166363,1999,,,,,,,,,,,,,,,,,,,,,,,,,"rgba(38, 166, 154, 1.0)",0.0,0.0,0.3004236498292728,11.557269217065278,0.5931778251678703,0.0,0.0,0.0,0.0,57.39492711813489,1.9806396440671108,True,False,True,False,True,3.0717728360663017,0,0.8340738509935252,0.9106860455646826,False,False,False,False,-0.05221290118735725,-0.038928603854227355,False,False,False,False,-217447,-220414.8799462992,False,False,False,False,3780.7567752384157,False,False,False,False
2023-09-26 00:00:00+00:00,11.6273298528,11.7132904773,11.6273298528,11.7051257585,5683,,,,,,,,,,,,,,,,,,,,,,,,,"rgba(38, 166, 154, 0.5)",0.0,0.0,0.2977854103700319,11.555255093653091,0.24203589778743195,0.0,0.0,0.0,0.0,54.11148766433064,1.9806396440671108,False,False,True,False,False,1.1180768153918414,0,0.82791984283933,0.9064373598934089,False,False,False,False,-0.12460328969358983,-0.0817659467739086,False,False,False,False,-223130,-220521.35524252278,False,False,False,False,3855.354548758478,False,False,False,False
2023-09-27 00:00:00+00:00,11.5889710794,11.6154679028,11.5538473834,11.5927453363,2122,,,,,,,,,,,,,,,,,,,,,,,,,#000000,0.0,0.0,0.29280790657223377,11.553993509578175,0.11945568762568963,0.0,0.0,0.0,0.0,50.996690262864945,6.683504033409683,False,False,False,False,False,0.43484027337176556,0,0.8056962738339991,0.9304789422147107,False,False,False,False,-0.20146963672116666,-0.14161779174753764,False,False,False,False,-225252,-220706.87072320815,False,False,False,False,3787.3798605718707,False,False,False,False
2023-09-28 00:00:00+00:00,11.7078986818,11.7078986818,11.5706389749,11.6693858572,6412,,,,,,,,,,,,,,,,,,,,,,,,,#000000,0.0,0.0,0.28604945867044257,11.553905786585842,0.5383435994947039,0.0,0.0,0.0,0.0,51.97886554091185,6.683504033409683,False,False,False,False,False,2.4938112870216145,0,0.8051243011521138,0.9256564496024801,False,False,False,False,-0.15224517134201854,-0.1469314815447781,False,False,False,False,-218840,-220633.66010661176,False,False,False,False,3890.3061405494445,False,False,False,False
2023-09-29 00:00:00+00:00,11.5597783584,11.592360208,11.5546176399,11.592360208,2111,,,,,,,,,,,,,,,,,,,,,,,,,#000000,0.0,0.0,0.28223900851512307,11.55296310553706,0.024147097521333125,0.0,0.0,0.0,0.0,49.299829607141056,5.021514220789342,False,False,False,False,False,0.0,0,0.7896829835486527,0.9377772806044937,False,False,False,False,-0.21164880271496905,-0.17929014212987357,False,False,False,False,-220951,-220646.10480831328,False,False,False,False,3820.529429155349,False,False,False,False
2023-10-02 00:00:00+00:00,11.42767937,11.5692525132,11.42767937,11.5692525132,1761,,,,,,,,,,,,,,,,,,,,,,,,,"rgba(239, 83, 80, 1.0)",0.0,0.0,0.28035770232658347,11.551443006565323,-0.4414490329256353,0.0,0.0,0.0,0.0,45.25965014858511,1.1959695225817697,False,True,False,True,False,0.0,0,0.7990994503994882,0.9301067829733302,False,False,False,False,-0.2812733668062433,-0.23028175446805843,False,False,False,False,-222712,-220727.12030602648,False,False,False,False,3739.763569188473,False,False,False,False
2023-10-03 00:00:00+00:00,11.2842576111,11.3226934101,11.2226370917,11.3073653059,8303,,,,,,,,,,,,,,,,,,,,,,,,,"rgba(239, 83, 80, 1.0)",0.0,0.0,0.28215800219414355,11.538409503679512,-0.9007431673146001,0.0,0.0,0.0,0.0,40.64204710618359,-3.052679109766487,False,True,False,True,False,0.0,0,0.790704802104465,0.9384692713261901,False,False,False,False,-0.34282825441539394,-0.2865550044417262,False,False,False,False,-231015,-221130.56656853526,False,False,False,False,3918.7140174555916,False,False,False,False
2023-10-04 00:00:00+00:00,11.1451492886,11.2611499164,11.0839909231,11.2611499164,2577,,,,,,,,,,,,,,,,,,,,,,,,,"rgba(239, 83, 80, 1.0)",0.0,0.0,0.28586336551372826,11.528413820736592,-1.3407262992507707,0.0,0.0,0.0,0.0,36.07591239444628,-7.157230749212317,False,True,False,True,False,0.0,0,0.7713721028077077,0.9470443791389579,True,False,False,False,-0.34282825441539394,-0.3146916294285601,False,False,False,False,-233592,-221619.25023251429,False,False,False,False,3866.097781476941,False,False,False,False
2023-10-05 00:00:00+00:00,11.3520401824,11.3689858253,11.3520401824,11.3689858253,3374,,,,,,,,,,,,,,,,,,,,,,,,,"rgba(239, 83, 80, 1.0)",0.0,0.0,0.28110187316113755,11.530872304609021,-0.6361826059640255,0.0,0.0,0.0,0.0,37.625457463692385,-7.157230749212317,False,True,False,True,False,0.0,0,0.7824094360026819,0.9496938762353746,False,False,False,False,-0.2111620675758551,-0.2629268485022076,False,False,False,False,-230218,-221956.456105749,False,False,False,False,3846.799829262159,False,False,False,False
2023-10-06 00:00:00+00:00,11.5114832763,11.5114832763,11.4886066585,11.5076319939,717,,,,,,,,,,,,,,,,,,,,,,,,,"rgba(239, 83, 80, 0.75)",0.0,0.0,0.27260122681996424,11.531904450383587,-0.07491226038052363,0.0,0.0,0.0,0.0,41.382480048428526,-7.157230749212317,False,True,False,True,True,0.0,0,0.7756631790224261,0.9629501631445045,False,False,False,False,-0.11810795294760153,-0.19051740072490456,False,False,False,False,-229501,-222252.32057219022,False,False,False,False,3724.0625810558,False,False,False,False
2023-10-09 00:00:00+00:00,11.5607796918,11.5607796918,11.5076319939,11.5153345588,6599,,,,,,,,,,,,,,,,,,,,,,,,,"rgba(239, 83, 80, 0.75)",0.0,0.0,0.2635515382794827,11.537171037296114,0.0895788909372678,0.0,0.0,0.0,0.0,44.65009033965059,-12.954844723015675,False,True,False,True,True,0.23735947554648362,0,0.7630304084816459,1.000633508779403,False,False,False,False,-0.09569210822126291,-0.14310475447308374,False,False,False,False,-222902,-222277.7981968102,False,False,False,False,3836.8052249359644,False,False,False,False
2023-10-10 00:00:00+00:00,11.627946058,11.6770884222,11.6154679028,11.6616832923,2938,,,,,,,,,,,,,,,,,,,,,,,,,#000000,0.0,0.0,0.2468274052957468,11.539847346639442,0.35692435066113287,0.0,0.0,0.0,0.0,47.85202089574899,-10.000706980268482,False,False,False,False,True,1.3216739962868616,0,0.7565985698899951,0.999388501201413,False,False,False,False,0.03940651797250539,-0.05184911825028918,False,False,False,False,-219964,-222187.06101262156,False,False,False,False,3801.5579612129854,False,False,False,False
2023-10-11 00:00:00+00:00,11.449862757,11.4999294289,11.449862757,11.4999294289,5116,,,,,,,,,,,,,,,,,,,,,,,,,#000000,0.0,0.0,0.23711154935505036,11.537990406447348,-0.37167168654187044,0.0,0.0,0.0,0.0,47.18310614521427,-10.000706980268482,False,False,False,False,True,0.0,0,0.7755245900120883,0.9910501868119405,False,False,False,False,-0.09453417073913882,-0.07319164449471399,False,False,False,False,-225080,-222300.5096003619,False,False,False,False,3853.104707832084,False,False,False,False
2023-10-12 00:00:00+00:00,11.3827734165,11.4537140394,11.3612832603,11.4537140394,5066,,,,,,,,,,,,,,,,,,,,,,,,,"rgba(239, 83, 80, 0.5)",0.0,0.0,0.2348483695149609,11.534507781695426,-0.6460950336117232,0.0,0.0,0.0,0.0,45.81472467173218,-10.000706980268482,False,False,False,True,True,0.0,0,0.7938423997414539,0.9842815050176275,False,False,False,False,-0.1478770642538613,-0.11053435437428764,False,False,False,False,-230146,-222608.1758905438,False,False,False,False,3900.6692290935707,False,False,False,False
2023-10-13 00:00:00+00:00,11.3897827506,11.4999294289,11.3767654158,11.4999294289,3763,,,,,,,,,,,,,,,,,,,,,,,,,"rgba(239, 83, 80, 0.5)",0.0,0.0,0.22946273222292074,11.532606490048495,-0.6224267359884106,0.0,0.0,0.0,0.0,45.03318876186718,-10.000706980268482,False,False,False,True,True,0.0,0,0.7675911726173894,0.9946583139420578,False,False,False,False,-0.12337555765856571,-0.11695495601642668,False,False,False,False,-226383,-222756.20820856167,False,False,False,False,3895.2704357957837,False,False,False,False
2023-10-16 00:00:00+00:00,11.4667313741,11.4667313741,11.3783059288,11.4383089096,1442,,,,,,,,,,,,,,,,,,,,,,,,,"rgba(239, 83, 80, 0.5)",0.0,0.0,0.22008703650391032,11.532015894667882,-0.2966304676773742,0.0,0.0,0.0,0.0,45.959418765343564,-10.000706980268482,False,False,False,True,True,0.0,0,0.7591782361023977,1.0107095745080859,False,False,False,False,-0.1305877816078324,-0.12377136881212955,False,False,False,False,-224941,-222841.88631802986,False,False,False,False,3799.0637520390865,False,False,False,False
2023-10-17 00:00:00+00:00,11.4244442927,11.492226864,11.4244442927,11.4613395787,2110,,,,,,,,,,,,,,,,,,,,,,,,,"rgba(239, 83, 80, 0.5)",0.0,0.0,0.21631107725394574,11.531269509791036,-0.493849961116991,0.0,0.0,0.0,0.0,45.86978673466939,-10.000706980268482,False,False,False,True,True,0.0,0,0.7673285482689045,0.9998559227674696,False,False,False,False,-0.10056239679819531,-0.11216688280516243,False,False,False,False,-227051,-223006.94959967578,False,False,False,False,3732.8259578414754,False,False,False,False
2023-10-18 00:00:00+00:00,11.2080022184,11.3766883902,11.1918268321,11.3766883902,5968,,,,,,,,,,,,,,,,,,,,,,,,,"rgba(239, 83, 80, 1.0)",0.0,0.0,0.221959853738745,11.524486705159374,-1.4258636479905382,0.0,0.0,0.0,0.0,42.7658797098462,-10.000706980268482,False,True,False,True,False,0.0,0,0.7468489009971143,1.0085694521673523,False,False,False,False,-0.2449817483842475,-0.17857431559470496,False,False,False,False,-233019,-223399.57902713947,False,False,False,False,3820.479841847692,False,False,False,False
2023-10-19 00:00:00+00:00,11.1545464178,11.3612832603,11.1302063127,11.3612832603,1664,,,,,,,,,,,,,,,,,,,,,,,,,"rgba(239, 83, 80, 1.0)",0.0,0.0,0.22938350338189636,11.522436764191998,-1.603822162309131,0.0,0.0,0.0,0.0,40.06897689674912,-10.000706980268482,False,True,False,True,False,0.0,0,0.7538457671772084,1.0096646892156822,False,False,False,False,-0.2781183499805437,-0.22834633278762434,False,False,False,False,-234683,-223842.06612411438,False,False,False,False,3735.9120049124886,False,False,False,False
2023-10-20 00:00:00+00:00,11.149462725,11.1571652899,11.1225807734,11.1225807734,1298,,,,,,,,,,,,,,,,,,,,,,,,,"rgba(239, 83, 80, 1.0)",0.0,0.0,0.23488477925566217,11.509485411567262,-1.5327629474679283,0.0,0.0,0.0,0.0,38.20909991924484,-5.324700730160444,False,True,False,True,False,0.0,0,0.7443691678688309,1.0600281220948433,False,False,False,False,-0.34282825441539394,-0.28558729360150914,False,False,False,False,-235981,-224318.10274669813,False,False,False,False,3640.3076125629796,False,False,False,False
2023-10-23 00:00:00+00:00,11.1690272399,11.2379651959,11.1464587247,11.1464587247,6161,,,,,,,,,,,,,,,,,,,,,,,,,"rgba(239, 83, 80, 1.0)",0.0,0.0,0.2415272439108856,11.503629865673236,-1.3853618347779098,0.0,0.0,0.0,0.0,37.45359610969627,-6.2651374227441465,False,True,False,True,False,0.0,0,0.7552185799608061,1.0237614654371912,False,False,False,False,-0.2952712669679616,-0.29042928028473536,False,False,False,False,-229820,-224533.8634232982,False,False,False,False,3739.158294423255,False,False,False,False
2023-10-24 00:00:00+00:00,11.2610728907,11.2610728907,11.2610728907,11.2610728907,207,,,,,,,,,,,,,,,,,,,,,,,,,"rgba(239, 83, 80, 1.0)",0.0,0.0,0.24529471190573,11.503562446500268,-0.9885641395052203,0.0,0.0,0.0,0.0,39.14881464979824,-6.2651374227441465,False,True,False,True,False,0.0,0,0.7685791689655808,1.0078221384654364,False,False,False,False,-0.23458858290924808,-0.26250893159699173,False,False,False,False,-229613,-224733.04524983553,False,False,False,False,3600.642282877245,False,False,False,False
2023-10-25 00:00:00+00:00,11.2097738083,11.291960176,11.2097738083,11.291960176,512,,,,,,,,,,,,,,,,,,,,,,,,,"rgba(239, 83, 80, 1.0)",0.0,0.0,0.25044067757683275,11.503252339474383,-1.1718484952762784,0.0,0.0,0.0,0.0,39.43691577580943,-6.2651374227441465,False,True,False,True,False,0.0,0,0.7621043245818957,1.0046366472617394,False,False,False,False,-0.2434660111686397,-0.25298747138281574,False,False,False,False,-230125,-224944.49445572434,False,False,False,False,3479.5190560977453,False,False,False,False
2023-10-26 00:00:00+00:00,11.1235821068,11.2072319619,11.1235821068,11.2072319619,495,,,,,,,,,,,,,,,,,,,,,,,,,"rgba(239, 83, 80, 1.0)",0.0,0.0,0.257132185117982,11.502531605586764,-1.4737536594763,0.0,0.0,0.0,0.0,38.309906710861405,-6.2651374227441465,False,True,False,True,False,0.0,0,0.7755338995268171,1.0108410628866633,False,False,False,False,-0.31945267775491665,-0.2862200745688662,False,False,False,False,-230620,-225167.0633005979,False,False,False,False,3362.4790931135203,False,False,False,False
2023-10-27 00:00:00+00:00,11.2635377115,11.3366350526,11.2226370917,11.3366350526,2824,,,,,,,,,,,,,,,,,,,,,,,,,"rgba(239, 83, 80, 0.75)",0.0,0.0,0.259348865295277,11.501440547669015,-0.9173081821590195,0.0,0.0,0.0,0.0,40.758489822892116,-6.2651374227441465,False,True,False,True,True,0.0,0,0.7851583894931714,0.9600682723308187,False,False,False,False,-0.21853330725180653,-0.2523766909103364,False,False,False,False,-227796,-225270.15885743717,False,False,False,False,3341.3622659325983,False,False,False,False
2023-10-30 00:00:00+00:00,11.3893976223,11.399796085,11.3612062347,11.3612062347,3182,,,,,,,,,,,,,,,,,,,,,,,,,"rgba(239, 83, 80, 0.5)",0.0,0.0,0.25984545645448126,11.502206574745397,-0.43413863757574694,0.0,0.0,0.0,0.0,44.7332136415385,-10.848181151879984,False,False,False,True,True,0.0,0,0.7949670536748205,0.9461688106994298,False,False,False,False,-0.1329906608658744,-0.1926836758881054,False,False,False,False,-224614,-225244.42713753768,False,False,False,False,3335.112765307791,False,False,False,False
2023-10-31 00:00:00+00:00,11.3307040776,11.3343242831,11.2110832444,11.2688524813,2819,,,,,,,,,,,,,,,,,,,,,,,,,#000000,0.0,0.0,0.2607121909164805,11.500685977063867,-0.6519906064474016,0.0,0.0,0.0,0.0,46.29066833943924,-9.32969166776617,True,False,False,False,True,0.0,0,0.7833804896306152,0.9489851149445736,False,False,False,False,-0.22451566499424247,-0.20859967044117395,False,False,False,False,-227433,-225330.25352430093,False,False,False,False,3314.873049021211,False,False,False,False
2023-11-01 00:00:00+00:00,11.4267550622,11.4267550622,11.3843909551,11.3843909551,325,,,,,,,,,,,,,,,,,,,,,,,,,#000000,0.0,0.0,0.259864341391022,11.500752926670703,-0.2847557463044057,0.0,0.0,0.0,0.0,49.02725440693045,-6.6920925041622255,True,False,False,False,True,0.0,0,0.8148707372972055,0.9343988607304804,False,False,False,False,-0.11207079368728265,-0.16033523206422828,False,False,False,False,-227108,-225399.9690723676,False,False,False,False,3197.623125530183,False,False,False,False
2023-11-02 00:00:00+00:00,11.5769550782,11.5769550782,11.4614166043,11.4614166043,2484,,,,,,,,,,,,,,,,,,,,,,,,,"rgba(38, 166, 154, 1.0)",0.0,0.0,0.25626764261009244,11.502947047148378,0.2887919453968017,0.0,0.0,0.0,0.0,53.09086826596561,-2.8769832913269084,True,False,True,False,True,1.6184826320023369,0,0.8261454866124976,0.9199138436508595,False,False,False,False,-0.01822019474835498,-0.08927771340629163,False,False,False,False,-224624,-225369.5389126669,False,False,False,False,3169.6379049211564,False,False,False,False
2023-11-03 00:00:00+00:00,11.5781874886,11.5781874886,11.4383089096,11.4614166043,8573,,,,,,,,,,,,,,,,,,,,,,,,,"rgba(38, 166, 154, 1.0)",0.0,0.0,0.2520177849135886,11.507699429046923,0.279694782561656,0.0,0.0,0.0,0.0,55.81714775454414,-0.38469277673280544,True,False,True,False,True,1.6387570161661351,0,0.8312802463999936,0.9112773132884883,False,False,False,False,-0.027215254078449384,-0.05824648374237051,False,False,False,False,-216051,-225004.10601413096,False,False,False,False,3381.5344576693465,False,False,False,False
2023-11-06 00:00:00+00:00,11.299662741,11.4229037797,11.299662741,11.4229037797,4476,,,,,,,,,,,,,,,,,,,,,,,,,"rgba(38, 166, 154, 0.75)",0.0,0.0,0.25292390544976245,11.505404553430257,-0.8134534063294465,0.0,0.0,0.0,0.0,52.557607324089446,-0.38469277673280544,True,False,True,False,False,0.0,0,0.7965360805642652,0.9047776569113652,False,False,False,False,-0.14910377698270152,-0.10367513036253602,False,False,False,False,-220527,-224828.5332292631,False,False,False,False,3424.454675015647,False,False,False,False
2023-11-07 00:00:00+00:00,11.1781932921,11.2071549362,11.1687191373,11.1764217022,6714,,,,,,,,,,,,,,,,,,,,,,,,,#000000,0.0,0.0,0.2560107799306784,11.497754499319667,-1.2482334037113474,0.0,0.0,0.0,0.0,48.74944364750965,5.532770077340999,True,False,False,False,False,0.0,0,0.7823734420782139,0.9343020850775782,False,False,False,False,-0.2991046970971066,-0.2013899137298213,False,False,False,False,-227241,-224923.139769292,False,False,False,False,3553.456452466014,False,False,False,False
2023-11-08 00:00:00+00:00,11.1568571873,11.1841242671,11.1384480571,11.1841242671,2021,,,,,,,,,,,,,,,,,,,,,,,,,"rgba(239, 83, 80, 0.5)",0.0,0.0,0.2596162017583183,11.495418587749581,-1.304084252664457,0.0,0.0,0.0,0.0,45.93409156066947,2.985576134683946,False,False,False,True,False,0.0,0,0.7468068139283481,1.0363964386881173,False,False,False,False,-0.3208240697608129,-0.2611069917453171,False,False,False,False,-229262,-225093.2911508884,False,False,False,False,3493.3601209967583,False,False,False,False
2023-11-09 00:00:00+00:00,11.2130088856,11.3227704357,11.2130088856,11.3227704357,685,,,,,,,,,,,,,,,,,,,,,,,,,"rgba(239, 83, 80, 0.5)",0.0,0.0,0.25957684943130327,11.494896943015458,-1.085952225836145,0.0,0.0,0.0,0.0,45.15509624649098,2.2618434586470926,False,False,False,True,False,0.0,0,0.7487778904537108,0.9308690128495805,False,False,False,False,-0.2151989674714632,-0.23815297960839016,False,False,False,False,-228577,-225229.9071841869,False,False,False,False,3383.2283515459053,False,False,False,False
2023-11-10 00:00:00+00:00,11.3236947435,11.3444916688,11.2512136076,11.2611499164,1064,,,,,,,,,,,,,,,,,,,,,,,,,"rgba(239, 83, 80, 0.5)",0.0,0.0,0.2581552163286932,11.494341704063162,-0.6610246462960747,0.0,0.0,0.0,0.0,46.64468447346063,2.2618434586470926,False,False,False,True,False,0.0,0,0.7681011282872484,0.9202204739724428,False,False,False,False,-0.18643459356519607,-0.2122937865867931,False,False,False,False,-227513,-225319.44023578742,False,False,False,False,3292.2782201127325,False,False,False,False
2023-11-13 00:00:00+00:00,11.3228474614,11.3228474614,11.3054396647,11.3054396647,351,,,,,,,,,,,,,,,,,,,,,,,,,#000000,0.0,0.0,0.2495488031390699,11.494174817174347,-0.6865484972046466,0.0,0.0,0.0,0.0,47.62287402735376,2.2618434586470926,True,False,False,False,False,0.0,0,0.7712578825620667,0.9497776301842914,False,False,False,False,-0.17092529945212995,-0.19160954301946154,False,False,False,False,-227864,-225419.22689320752,False,False,False,False,3176.933976186743,False,False,False,False
2023-11-14 00:00:00+00:00,11.6134652359,11.6134652359,11.4729704517,11.4729704517,2840,,,,,,,,,,,,,,,,,,,,,,,,,"rgba(38, 166, 154, 1.0)",0.0,0.0,0.2390373014346834,11.49562761524643,0.4929674989899772,0.0,0.0,0.0,0.0,52.53159170223094,-4.520939964317584,True,False,True,False,True,2.511244207890911,0,0.7930163695356897,0.9195241695883553,False,False,False,False,0.04200720308350288,-0.07480116996797934,False,False,False,False,-225024,-225403.72779935627,False,False,False,False,3163.720879081381,False,False,False,False
2023-11-15 00:00:00+00:00,11.555695999,11.6385755975,11.5230371237,11.592360208,4768,,,,,,,,,,,,,,,,,,,,,,,,,"rgba(38, 166, 154, 1.0)",0.0,0.0,0.23305122724624935,11.497917238339834,0.24792300535329978,0.0,0.0,0.0,0.0,54.7135309890061,-2.408151500404152,True,False,True,False,True,1.5509611324295456,0,0.8083551247387704,0.9055424452400151,False,False,False,False,0.07679894591763113,0.0009988879748258975,False,False,False,False,-229792,-225575.8169052639,False,False,False,False,3226.633785784072,False,False,False,False
2023-11-16 00:00:00+00:00,11.4386170122,11.5307396886,11.399796085,11.5307396886,3955,,,,,,,,,,,,,,,,,,,,,,,,,"rgba(38, 166, 154, 1.0)",0.0,0.0,0.22959311842617178,11.497944745121647,-0.258403794191785,0.0,0.0,0.0,0.0,54.10580401745695,-2.408151500404152,True,False,True,False,True,0.0,0,0.7962397861979584,0.915351054092497,False,False,False,False,-0.02991532372085823,-0.014458217873016167,False,False,False,False,-233747,-225896.25545799863,False,False,False,False,3255.1971667337166,False,False,False,False
2023-11-17 00:00:00+00:00,11.5625512818,11.5962114905,11.5230371237,11.5230371237,3692,,,,,,,,,,,,,,,,,,,,,,,,,"rgba(38, 166, 154, 1.0)",0.0,0.0,0.2223795570952162,11.499283932740868,0.2845016416326542,0.0,0.0,0.0,0.0,55.407460468646065,-1.4596035538787646,True,False,True,False,True,1.6187150849690468,0,0.8004323657151146,0.8955033970715363,False,False,False,False,0.057175503024456946,0.02135864257572039,False,False,False,False,-230055,-226059.34347925358,False,False,False,False,3272.3266896069044,False,False,False,False
2023-11-20 00:00:00+00:00,11.6471254446,11.6770884222,11.6231704677,11.6385755975,7338,,,,,,,,,,,,,,,,,,,,,,,,,"rgba(38, 166, 154, 1.0)",0.0,0.0,0.21687630379388376,11.503810496244773,0.6608142330359519,0.0,0.0,0.0,0.0,57.33104946760216,0.6023959682563742,True,False,True,False,True,2.937150362489934,0,0.8054692585020958,0.8919901272495013,False,False,False,False,0.14151838533595693,0.08143851395583866,False,False,False,False,-222717,-225928.27118594953,False,False,False,False,3431.764858641928,False,False,False,False
2023-11-21 00:00:00+00:00,11.6186259544,11.6693858572,11.6186259544,11.6693858572,739,,,,,,,,,,,,,,,,,,,,,,,,,"rgba(38, 166, 154, 1.0)",0.0,0.0,0.20971030151435502,11.504201523690696,0.5456309484227782,0.0,0.0,0.0,0.0,58.05873570600393,1.5524671473141467,True,False,True,False,True,2.458612259984129,0,0.8098842935148921,0.8856474642313937,False,False,False,False,0.13576172408693588,0.10860011902138728,False,False,False,False,-223456,-225831.31937473585,False,False,False,False,3326.1662367344015,False,False,False,False
2023-11-22 00:00:00+00:00,11.6897976543,11.692493552,11.6232474934,11.6516699579,1353,,,,,,,,,,,,,,,,,,,,,,,,,"rgba(38, 166, 154, 1.0)",0.0,0.0,0.20234753338392428,11.505051989443263,0.9130116970895262,0.0,0.0,0.0,0.0,59.48214896767334,3.192426305930276,True,False,True,False,True,3.576142983195812,0,0.8115222220124209,0.8851438751634925,False,False,False,False,0.14880908139080332,0.1287046002060953,False,False,False,False,-222103,-225685.11077180502,False,False,False,False,3248.78716862717,False,False,False,False
2023-11-24 00:00:00+00:00,11.8234371557,11.8464678248,11.8090333593,11.82336013,1623,,,,,,,,,,,,,,,,,,,,,,,,,"rgba(38, 166, 154, 1.0)",0.0,0.0,0.1986759023965738,11.50688331845915,1.5933177271241572,0.0,0.0,0.0,0.0,62.00791772301119,5.832807945140274,True,False,True,False,True,5.62392978651112,0,0.8197540021575714,0.8918969033310958,False,False,False,False,0.3143521958401584,0.22152839802312685,False,False,False,False,-220480,-225480.98878075383,False,False,False,False,3185.0308090731633,False,False,False,False
2023-11-27 00:00:00+00:00,11.8041807434,11.8234371557,11.7541140714,11.8234371557,2921,,,,,,,,,,,,,,,,,,,,,,,,,"rgba(38, 166, 154, 1.0)",0.0,0.0,0.19570202621785268,11.509771286935706,1.5043761281069286,0.0,0.0,0.0,0.0,63.25553848621565,7.227583419040883,True,False,True,False,True,5.285481041282626,0,0.8032174874706881,0.897445658787074,False,False,False,False,0.2751892474286399,0.2483588227258834,False,False,False,False,-223401,-225399.4205932733,False,False,False,False,3174.676659697745,False,False,False,False
2023-11-28 00:00:00+00:00,11.7386319159,11.7695192012,11.7001961169,11.7648976623,1316,,,,,,,,,,,,,,,,,,,,,,,,,"rgba(38, 166, 154, 1.0)",0.0,0.0,0.193759676653218,11.510793069011228,1.1758837071995438,0.0,0.0,0.0,0.0,62.59481887303208,7.227583419040883,True,False,True,False,True,4.1316488887222285,0,0.7916029608497175,0.9023298142736098,False,False,False,False,0.2223127333532886,0.235335778039586,False,False,False,False,-224717,-225372.65900138023,False,False,False,False,3101.7873789252844,False,False,False,False
2023-11-29 00:00:00+00:00,11.6106152869,11.7078986818,11.6106152869,11.7078986818,3180,,,,,,,,,,,,,,,,,,,,,,,,,"rgba(38, 166, 154, 0.75)",0.0,0.0,0.18986948580057572,11.51226636578255,0.5179817109777637,0.0,0.0,0.0,0.0,59.547737486902285,7.227583419040883,True,False,True,False,False,1.9283795492294118,0,0.7736624032137497,0.9107067794877463,False,False,False,False,0.15011651552345726,0.1927261467815216,False,False,False,False,-227897,-225471.652766032,False,False,False,False,3104.8545405360574,False,False,False,False
2023-11-30 00:00:00+00:00,11.634955392,11.6462781625,11.5538473834,11.5538473834,2843,,,,,,,,,,,,,,,,,,,,,,,,,"rgba(38, 166, 154, 0.75)",0.0,0.0,0.18691380893507473,11.513256365282286,0.6510970345694815,0.0,0.0,0.0,0.0,57.919714650750564,7.227583419040883,True,False,True,False,False,2.3209850629490667,0,0.7619348643103094,0.9359583752941103,False,False,False,False,0.11200564489043434,0.15236589583597798,False,False,False,False,-225054,-225455.2742261876,False,False,False,False,3094.5857350248393,False,False,False,False
2023-12-01 00:00:00+00:00,11.8619499803,11.8619499803,11.718836324,11.718836324,5044,,,,,,,,,,,,,,,,,,,,,,,,,"rgba(38, 166, 154, 0.75)",0.0,0.0,0.19136265274630151,11.517958765470583,1.7975880345129969,0.0,0.0,0.0,0.0,60.01615147163357,7.227583419040883,True,False,True,False,False,5.856293356375165,0,0.7865408686573987,0.8987672105385993,False,False,False,False,0.3031103813383049,0.22773813858714145,False,False,False,False,-220010,-225241.73406045476,False,False,False,False,3171.0333532591594,False,False,False,False
2023-12-04 00:00:00+00:00,11.8456205427,11.9312730646,11.8456205427,11.9312730646,2048,,,,,,,,,,,,,,,,,,,,,,,,,"rgba(38, 166, 154, 1.0)",0.0,0.0,0.19537223098608664,11.520150831884774,1.6658954508146315,0.0,0.0,0.0,0.0,61.06302984249297,7.227583419040883,True,False,True,False,True,5.568610632240553,0,0.8107465582079544,0.8915054169474415,False,False,False,False,0.342828155472909,0.2852831470300252,False,False,False,False,-222058,-225116.88174435848,False,False,False,False,3126.992829601938,False,False,False,False
2023-12-05 00:00:00+00:00,11.7156012468,11.8003294609,11.7156012468,11.8003294609,2123,,,,,,,,,,,,,,,,,,,,,,,,,"rgba(38, 166, 154, 1.0)",0.0,0.0,0.19654571520487896,11.52156605846017,0.9872267535192429,0.0,0.0,0.0,0.0,59.11855211668928,7.227583419040883,True,False,True,False,True,3.3050089687253568,0,0.8005804602187746,0.8967177190880116,False,False,False,False,0.21836324116175157,0.2518231940958884,False,False,False,False,-224181,-225080.18049948168,False,False,False,False,3087.620561774411,False,False,False,False
2023-12-06 00:00:00+00:00,11.6877179618,11.817429155,11.6799383712,11.7541140714,3875,,,,,,,,,,,,,,,,,,,,,,,,,"rgba(38, 166, 154, 0.75)",0.0,0.0,0.19759926925215496,11.52389400550597,0.829071670730608,0.0,0.0,0.0,0.0,57.29280647672107,7.227583419040883,True,False,True,False,False,2.8265201491569307,0,0.809039744744399,0.8894691034804586,False,False,False,False,0.20979902112936327,0.23081110761262583,False,False,False,False,-228056,-225196.87930342357,False,False,False,False,3118.4981868028653,False,False,False,False
2023-12-07 00:00:00+00:00,11.6206286213,11.6231704677,11.5538473834,11.6154679028,5134,,,,,,,,,,,,,,,,,,,,,,,,,"rgba(38, 166, 154, 0.75)",0.0,0.0,0.19801699152090962,11.524991704078019,0.48297328672364,0.0,0.0,0.0,0.0,54.810969792257296,10.320445789530474,True,False,True,False,False,1.6761801291858305,0,0.8084499592139854,0.8969974354777275,False,False,False,False,0.0656458652169918,0.14822848641480882,False,False,False,False,-233190,-225510.33501701482,False,False,False,False,3197.53747359491,False,False,False,False
2023-12-08 00:00:00+00:00,11.6076883122,11.6385755975,11.5538473834,11.5538473834,3051,,,,,,,,,,,,,,,,,,,,,,,,,#000000,0.0,0.0,0.1982371915330586,11.525622227027375,0.41397925655610396,0.0,0.0,0.0,0.0,52.91075150056794,8.444442410597269,True,False,False,False,False,1.4537659088044386,0,0.8044090545985098,0.907773798247654,False,False,False,False,0.07246950022748397,0.1103489933211464,False,False,False,False,-236241,-225931.14540850444,False,False,False,False,3191.7909060029524,False,False,False,False
2023-12-11 00:00:00+00:00,11.6462781625,11.6539807274,11.5918210285,11.6385755975,7861,,,,,,,,,,,,,,,,,,,,,,,,,#000000,0.0,0.0,0.198415780726123,11.527795080932666,0.597145454528529,0.0,0.0,0.0,0.0,52.42859014666067,7.865563444762117,True,False,False,False,False,2.0972654899222647,0,0.8275554093501487,0.9041413024504334,False,False,False,False,0.0961696923765469,0.10325934284884665,False,False,False,False,-228380,-226027.17892189644,False,False,False,False,3374.897144983229,False,False,False,False
2023-12-12 00:00:00+00:00,11.6120787742,11.6539807274,11.568867385,11.6308730326,2943,,,,,,,,,,,,,,,,,,,,,,,,,#000000,0.0,0.0,0.19863828800482328,11.528421300619716,0.4211548257919617,0.0,0.0,0.0,0.0,51.36697220678255,6.6742216221988855,True,False,False,False,False,1.4920316621966734,0,0.842059719571803,0.8997522550749292,False,False,False,False,0.08596660993585731,0.09461297639235197,False,False,False,False,-231323,-226234.8581798613,False,False,False,False,3357.96000204271,False,False,False,False
2023-12-13 00:00:00+00:00,11.6693088316,11.6693088316,11.4998524033,11.5769550782,2174,,,,,,,,,,,,,,,,,,,,,,,,,#000000,0.0,0.0,0.1993474470040529,11.53758566813338,0.6607717602921831,0.0,0.0,0.0,0.0,51.904102857471514,6.6742216221988855,True,False,False,False,False,2.464365502669171,0,0.8459933968641922,0.8749210359013632,False,False,False,False,0.0621682002074349,0.07839058829989344,False,False,False,False,-229149,-226349.1382512393,False,False,False,False,3311.530198041035,False,False,False,False
2023-12-14 00:00:00+00:00,11.8299843359,11.8693444426,11.7618166363,11.8693444426,9960,,,,,,,,,,,,,,,,,,,,,,,,,"rgba(38, 166, 154, 1.0)",0.0,0.0,0.20086411888129654,11.553047911158618,1.3787252112710187,0.0,0.0,0.0,0.0,55.164370919201716,6.6742216221988855,True,False,True,False,True,5.1127341979851835,0,0.8972418232436309,0.8523290739799364,False,False,False,False,0.2722911218556139,0.17534085507775365,False,False,False,False,-219189,-226068.34851589656,False,False,False,False,3572.25450400021,False,False,False,False
2023-12-15 00:00:00+00:00,12.0552073342,12.0699192332,11.9774114285,11.9774114285,5757,,,,,,,,,,,,,,,,,,,,,,,,,"rgba(38, 166, 154, 1.0)",0.0,0.0,0.20876789295225948,11.563778918075133,2.3539463332958275,0.0,0.0,0.0,0.0,60.17437016959464,4.791495263060938,True,False,True,False,True,8.581333798616171,0,0.898579157041871,0.852862493231001,False,False,False,False,0.3428281706109173,0.2590845128443355,False,False,False,False,-213432,-225572.8054368418,False,False,False,False,3657.9307979609866,False,False,False,False
2023-12-18 00:00:00+00:00,12.4704526092,12.5426256425,12.4396423495,12.4935603039,16448,,,,,,,,,,,,,,,,,,,,,,,,,"rgba(38, 166, 154, 1.0)",0.0,0.0,0.23570145245015484,11.612829048394921,3.638601085780096,0.0,0.0,0.0,0.0,66.59969094597595,10.641585850081299,True,False,True,False,True,14.25343215767592,0,0.9148965064891755,0.8485112546430535,False,False,False,False,0.3428281996030692,0.3009563562237023,False,False,False,False,-196984,-224451.6758118676,False,False,False,False,4159.5021392174185,False,False,False,False
2023-12-19 00:00:00+00:00,12.6052474953,12.6322064725,12.5397756935,12.5397756935,7242,,,,,,,,,,,,,,,,,,,,,,,,,"rgba(38, 166, 154, 1.0)",0.0,0.0,0.26575162337702524,11.632151246203826,3.661675653117763,0.0,0.0,0.0,0.0,71.56698913406527,14.960980032548477,True,False,True,False,True,15.924535805187908,0,0.9179374645217356,0.8350394884266051,False,False,False,False,0.3428282031984444,0.32189227971107337,False,False,False,False,-189742,-223090.5120545395,False,False,False,False,4280.384408267716,False,False,False,False
2023-12-20 00:00:00+00:00,12.5936936479,12.7246372516,12.5705859531,12.7015295568,29322,,,,,,,,,,,,,,,,,,,,,,,,,"rgba(38, 166, 154, 1.0)",0.0,0.0,0.29190928068527344,11.698747084876132,3.06583799227942,0.0,0.0,0.0,0.0,74.6252202798601,17.49792549844271,True,False,True,False,True,15.70628986156482,0,0.9151701140239684,0.8315034952784757,False,False,False,False,0.3428282052916553,0.3323602425013643,False,False,False,False,-219064,-222932.60962102815,False,False,False,False,5262.408549119963,False,False,False,False
2023-12-21 00:00:00+00:00,12.8940936799,12.8940936799,12.7092321217,12.7092321217,36725,,,,,,,,,,,,,,,,,,,,,,,,,"rgba(38, 166, 154, 1.0)",0.0,0.0,0.32992115784136883,11.780703316006226,3.3747164661355487,0.0,0.0,0.0,0.0,78.01547579341742,20.441636185423107,True,False,True,False,True,19.256135226685338,0,0.9287432907838016,0.7871879456353971,False,False,False,False,0.3428282098455254,0.33759422617344487,False,False,False,False,-182339,-221340.70336137997,False,False,False,False,6496.2356648407485,False,False,False,False
2023-12-22 00:00:00+00:00,13.1052055793,13.1136442178,13.0039419174,13.0545737483,28530,,,,,,,,,,,,,,,,,,,,,,,,,"rgba(38, 166, 154, 1.0)",0.0,0.0,0.3736781920607779,11.847398331722477,3.3660172691398142,0.0,0.0,0.0,0.0,80.98498950649788,23.063974281957172,True,False,True,False,True,20.0,0,0.9679683790989556,0.7692949957338214,False,False,False,False,0.3428282158177685,0.3402112209956067,False,False,False,False,-153809,-218692.40126877686,False,False,False,False,7360.304854454837,False,False,False,False
2023-12-26 00:00:00+00:00,12.809853232,12.9279941709,12.7170282086,12.9279941709,38530,,,,,,,,,,,,,,,,,,,,,,,,,"rgba(38, 166, 154, 1.0)",0.0,0.0,0.3985530370580605,11.905559206523758,2.2689427538962796,0.0,0.0,0.0,0.0,77.82966761167589,23.063974281957172,True,False,True,False,True,16.191788183747427,0,0.9252173027224061,0.7848023865633219,False,False,False,False,0.2540611216575742,0.2971361713265904,False,False,False,False,-192339,-217658.93455235424,False,False,False,False,8582.645840554647,False,False,False,False
2023-12-27 00:00:00+00:00,12.843607786,12.860485063,12.792975955,12.792975955,15298,,,,,,,,,,,,,,,,,,,,,,,,,"rgba(38, 166, 154, 0.75)",0.0,0.0,0.4226356068038218,11.926647100886775,2.1696247792459604,0.0,0.0,0.0,0.0,75.93302435372028,23.063974281957172,True,False,True,False,False,16.569999273690353,0,0.9350000153311812,0.7888058123150955,False,False,False,False,0.2556086294881965,0.27637240040739347,False,False,False,False,-177041,-216066.07437383055,False,False,False,False,8845.99306249368,False,False,False,False
2023-12-28 00:00:00+00:00,12.7339054856,13.0630123868,12.6815859269,13.0630123868,18433,,,,,,,,,,,,,,,,,,,,,,,,,"rgba(38, 166, 154, 0.75)",0.0,0.0,0.44053566236701647,11.950325693230422,1.7786977520942815,0.0,0.0,0.0,0.0,72.93046605747202,31.370061672745592,True,False,True,False,False,14.65776335923647,0,0.9173265519312727,0.7745280122090992,False,False,False,False,0.2723999826562111,0.2743861915318023,False,False,False,False,-195474,-215258.54204544504,False,False,False,False,9221.954118866477,False,False,False,False
2023-12-29 00:00:00+00:00,12.7147497762,12.776098678,12.6495191007,12.776098678,18522,,,,,,,,,,,,,,,,,,,,,,,,,"rgba(38, 166, 154, 0.75)",0.0,0.0,0.4565156877928353,11.969229204930727,1.6330667076825331,0.0,0.0,0.0,0.0,70.62327877368988,29.095155306678734,True,False,True,False,False,14.325395029180658,0,0.9361446539435836,0.800034946112486,False,False,False,False,0.21421873264939256,0.24430246209059744,False,False,False,False,-213996,-215209.03059268248,False,False,False,False,9586.661800479556,False,False,False,False
2024-01-02 00:00:00+00:00,12.843607786,12.843607786,12.8014145935,12.8182918705,5987,,,,,,,,,,,,,,,,,,,,,,,,,"rgba(38, 166, 154, 0.75)",0.0,0.0,0.4761760295872529,11.9762223379152,1.8215647033653617,0.0,0.0,0.0,0.0,70.12759060262563,28.427861883477988,True,False,True,False,False,15.831006855231958,0,0.9520784658125457,0.7815766684031162,False,False,False,False,0.2540611216575742,0.24918179187408585,False,False,False,False,-208009,-214926.676451793,False,False,False,False,9445.498592617612,False,False,False,False
2024-01-03 00:00:00+00:00,12.9218339648,12.966811908,12.826730509,12.826730509,6810,,,,,,,,,,,,,,,,,,,,,,,,,"rgba(38, 166, 154, 0.75)",0.0,0.0,0.4970664614121395,11.98482806978684,1.8850716508838186,0.0,0.0,0.0,0.0,70.3926189056649,28.36524247331873,True,False,True,False,False,16.726763057307686,0,0.9570408673364604,0.7418378983683286,False,False,False,False,0.280799358983378,0.26499057542873194,False,False,False,False,-201199,-214388.3361987815,False,False,False,False,9342.14570663261,False,False,False,False
2024-01-04 00:00:00+00:00,13.1692548454,13.2992942646,13.1642760487,13.2149078797,21840,,,,,,,,,,,,,,,,,,,,,,,,,"rgba(38, 166, 154, 0.75)",0.0,0.0,0.52507774657593,12.021318410963305,2.1862218346187223,0.0,0.0,0.0,0.0,72.19400480289445,28.36524247331873,True,False,True,False,False,19.441360307555687,0,0.9675545889080974,0.738643386029073,False,False,False,False,0.3428282186434582,0.3039093970360951,False,False,False,False,-179359,-213014.63674000575,False,False,False,False,9832.25763970584,False,False,False,False
2024-01-05 00:00:00+00:00,13.3038511294,13.392119288,13.2191271989,13.2233465182,147041,,,,,,,,,,,,,,,,,,,,,,,,,"rgba(38, 166, 154, 0.75)",0.0,0.0,0.5559020296951025,12.29981698493254,1.8061350576793995,0.0,0.0,0.0,0.0,74.13040342746243,28.36524247331873,True,False,True,False,False,20.0,0,0.9659016719016235,0.7337424374275505,False,False,False,False,0.34282821987522877,0.32336880845566196,False,False,False,False,-32318,-205928.49412275062,False,False,False,False,15212.99263422718,False,False,False,False
2024-01-08 00:00:00+00:00,13.1220828563,13.1811533257,13.0376964713,13.1305214947,20277,,,,,,,,,,,,,,,,,,,,,,,,,"rgba(38, 166, 154, 0.75)",0.0,0.0,0.578212344914311,12.316175638846204,1.3937910951611199,0.0,0.0,0.0,0.0,72.32015686113309,28.36524247331873,True,False,True,False,False,17.624430129226113,0,0.9452411751246165,0.7541037841338731,False,False,False,False,0.2764459942610198,0.2999074013583409,False,False,False,False,-52595,-199915.41592185842,False,False,False,False,15411.581158375135,False,False,False,False
2024-01-09 00:00:00+00:00,12.8939020714,13.0039419174,12.860485063,12.9448714479,14251,,,,,,,,,,,,,,,,,,,,,,,,,"rgba(38, 166, 154, 0.75)",0.0,0.0,0.5928119014015426,12.323511046440508,0.9621787680222963,0.0,0.0,0.0,0.0,67.87508441654302,25.061940268857313,True,False,True,False,False,13.805653035642894,0,0.9292816983166806,0.7564772557154774,False,False,False,False,0.21848031749017355,0.2591938594242572,False,False,False,False,-66846,-194697.00745433455,False,False,False,False,15366.068171772187,False,False,False,False
2024-01-10 00:00:00+00:00,12.8033554804,12.860485063,12.7339054856,12.860485063,147966,,,,,,,,,,,,,,,,,,,,,,,,,"rgba(38, 166, 154, 0.75)",0.0,0.0,0.6045381355974417,12.374196868404905,0.709895020222297,0.0,0.0,0.0,0.0,63.768641817036844,21.103388760778174,True,False,True,False,False,12.347456765416368,0,0.9097414608392361,0.7916520312400073,False,False,False,False,0.1752856672732835,0.21723976334877038,False,False,False,False,-214812,-195485.83069141948,False,False,False,False,20566.065498369357,False,False,False,False
2024-01-11 00:00:00+00:00,12.8755902259,12.8858009785,12.776098678,12.8014145935,6949,,,,,,,,,,,,,,,,,,,,,,,,,"rgba(38, 166, 154, 0.5)",0.0,0.0,0.6173319885544535,12.376766157281272,0.8080321089253377,0.0,0.0,0.0,0.0,61.75013230825796,19.152047553895713,False,False,True,False,False,13.173866502002422,0,0.9096092602828104,0.8013291960042925,False,False,False,False,0.18601774459332954,0.20162875397104996,False,False,False,False,-207863,-195971.20987999128,False,False,False,False,20032.062929805856,False,False,False,False
2024-01-12 00:00:00+00:00,13.1586221609,13.2738939627,13.0630123868,13.0630123868,15214,,,,,,,,,,,,,,,,,,,,,,,,,"rgba(38, 166, 154, 0.5)",0.0,0.0,0.6363777493516704,12.387412038436661,1.2118747445978955,0.0,0.0,0.0,0.0,62.843225167120885,19.152047553895713,False,False,True,False,False,16.27108548305438,0,0.9411959793775723,0.7794262202391175,False,False,False,False,0.29614493187685226,0.2488868429239511,False,False,False,False,-192649,-195840.92713959946,False,False,False,False,19843.119285499743,False,False,False,False
2024-01-16 00:00:00+00:00,13.1279899032,13.2824169876,13.1052055793,13.2486624336,7254,,,,,,,,,,,,,,,,,,,,,,,,,"rgba(38, 166, 154, 0.5)",0.0,0.0,0.6532141558272144,12.392427361820072,1.1260664436281682,0.0,0.0,0.0,0.0,63.134476143339334,19.152047553895713,False,False,True,False,False,15.768911230644637,0,0.9328010783167483,0.7858231321947449,False,False,False,False,0.3046756869179216,0.27678126492093635,False,False,False,False,-199903,-196000.22411451713,False,False,False,False,19349.428333127205,False,False,False,False
2024-01-17 00:00:00+00:00,13.0729699802,13.0729699802,12.9533100864,12.9533100864,11723,,,,,,,,,,,,,,,,,,,,,,,,,"rgba(38, 166, 154, 0.5)",0.0,0.0,0.6681402781385628,12.398714511889171,1.0091525542948898,0.0,0.0,0.0,0.0,62.51421361794965,19.152047553895713,False,False,True,False,False,14.8627286214804,0,0.9116972426583774,0.8175323013512484,False,False,False,False,0.24475004420412685,0.2607656545625316,False,False,False,False,-211626,-196612.99963943803,False,False,False,False,19050.352712220254,False,False,False,False
2024-01-18 00:00:00+00:00,13.2532192984,13.2532192984,13.1727146872,13.2450338191,4857,,,,,,,,,,,,,,,,,,,,,,,,,"rgba(38, 166, 154, 0.5)",0.0,0.0,0.6860615665131199,12.40223924469917,1.2403843841973279,0.0,0.0,0.0,0.0,63.667952425783646,19.152047553895713,False,False,True,False,False,16.804921823753798,0,0.928479411951603,0.8092857628873416,False,False,False,False,0.311148468532903,0.2859570615477173,False,False,False,False,-206769,-197011.27416338166,False,False,False,False,18493.75064507436,False,False,False,False
2024-01-19 00:00:00+00:00,13.1305214947,13.2486624336,13.0051233267,13.2486624336,15218,,,,,,,,,,,,,,,,,,,,,,,,,"rgba(38, 166, 154, 0.5)",0.0,0.0,0.698698058623806,12.411572335999779,1.0289840508735675,0.0,0.0,0.0,0.0,62.604456384524866,18.802857255390265,False,False,True,False,False,14.790655302269354,0,0.9386985615967826,0.8086178907686494,False,False,False,False,0.2822530150490113,0.2841050382983643,False,False,False,False,-221987,-197990.71439226865,False,False,False,False,18365.2898354636,False,False,False,False
2024-01-22 00:00:00+00:00,13.1558374102,13.2317007703,13.1558374102,13.157103206,5793,,,,,,,,,,,,,,,,,,,,,,,,,"rgba(38, 166, 154, 0.5)",0.0,0.0,0.7093792914133519,12.415362664805643,1.0438347360254217,0.0,0.0,0.0,0.0,62.1400022345038,17.99477970407527,False,False,True,False,False,15.067505029422385,0,0.9574077985000355,0.7927631163983648,False,False,False,False,0.30466145717104615,0.29438324773470526,False,False,False,False,-216194,-198704.56872982677,False,False,False,False,17872.258861523853,False,False,False,False
2024-01-23 00:00:00+00:00,13.245455751,13.2486624336,13.1715332778,13.1895919642,21251,,,,,,,,,,,,,,,,,,,,,,,,,"rgba(38, 166, 154, 0.5)",0.0,0.0,0.719158731644241,12.429765158363661,1.1342288659575788,0.0,0.0,0.0,0.0,62.701942444730655,17.99477970407527,False,False,True,False,False,16.04669186408162,0,0.9611152983537959,0.7874891988980055,False,False,False,False,0.3084873115588668,0.301435279646786,False,False,False,False,-194943,-198557.0562306179,False,False,False,False,18004.758514013116,False,False,False,False
2024-01-24 00:00:00+00:00,13.392119288,13.4635101697,13.3710226918,13.4259582284,14454,,,,,,,,,,,,,,,,,,,,,,,,,"rgba(38, 166, 154, 0.5)",0.0,0.0,0.7341553385554104,12.505814400962567,1.2072443534653108,0.0,0.0,0.0,0.0,64.38145831695482,17.99477970407527,False,False,True,False,False,17.612433838002637,0,0.967684925420876,0.7934735958412215,False,False,False,False,0.34282821946905284,0.32213174955791946,False,False,False,False,-180489,-197848.5050058878,False,False,False,False,17865.513082091034,False,False,False,False
2024-01-25 00:00:00+00:00,13.3821616946,13.442751119,13.3161715416,13.442751119,13674,,,,,,,,,,,,,,,,,,,,,,,,,"rgba(38, 166, 154, 0.5)",0.0,0.0,0.7492862170907082,12.515342177999091,1.1568603516644862,0.0,0.0,0.0,0.0,65.32010483359402,17.99477970407527,False,False,True,False,True,17.442339795936157,0,0.9614007803182931,0.8025751475603551,False,False,False,False,0.32957184579419835,0.3258517976760589,False,False,False,False,-194163,-197703.97539781377,False,False,False,False,17701.14002004825,False,False,False,False
2024-01-26 00:00:00+00:00,13.3769297387,13.3920349016,13.2992942646,13.3836806495,7077,,,,,,,,,,,,,,,,,,,,,,,,,"rgba(38, 166, 154, 0.5)",0.0,0.0,0.7636074489806222,12.519983039254054,1.1222345991908884,0.0,0.0,0.0,0.0,65.84255710920583,17.99477970407527,False,False,True,False,True,17.351401480501778,0,0.9537683088434529,0.8076299269899373,False,False,False,False,0.3158948361508871,0.320873316913473,False,False,False,False,-201240,-197842.64302927206,False,False,False,False,17284.507078085575,False,False,False,False
2024-01-29 00:00:00+00:00,13.3625840533,13.392119288,13.2992942646,13.392119288,5600,,,,,,,,,,,,,,,,,,,,,,,,,"rgba(38, 166, 154, 0.5)",0.0,0.0,0.7771221196661076,12.523648490161715,1.0795414799140401,0.0,0.0,0.0,0.0,65.88494893264593,17.99477970407527,False,False,True,False,True,17.09791376331382,0,0.9506917336357896,0.8194904354743996,False,False,False,False,0.3159105739814334,0.3183919454474532,False,False,False,False,-206840,-198195.48055753592,False,False,False,False,16826.291114239084,False,False,False,False
2024-01-30 00:00:00+00:00,13.3119522223,13.3288294993,13.2387892266,13.2486624336,11354,,,,,,,,,,,,,,,,,,,,,,,,,"rgba(38, 166, 154, 0.5)",0.0,0.0,0.7869619883101377,12.529902017356688,0.9937585506799725,0.0,0.0,0.0,0.0,64.80109577368526,17.99477970407527,False,False,True,False,True,16.196410240334025,0,0.9340318425337085,0.8259886583606536,False,False,False,False,0.2929809129591219,0.30568642920328754,False,False,False,False,-218194,-198979.73622194628,False,False,False,False,16611.691462700295,False,False,False,False
2024-01-31 00:00:00+00:00,13.2064692412,13.2992942646,13.2064692412,13.2824169876,11395,,,,,,,,,,,,,,,,,,,,,,,,,"rgba(38, 166, 154, 0.5)",0.0,0.0,0.7930435888855438,12.535323831440857,0.8462906946922011,0.0,0.0,0.0,0.0,61.910136788756965,16.026433949822746,False,True,True,False,False,14.33739224685958,0,0.9456632643756,0.8172819383486581,False,False,False,False,0.27858599594169675,0.2921362125724921,False,False,False,False,-229589,-200180.09950736017,False,False,False,False,16407.115326908126,False,False,False,False
2024-02-01 00:00:00+00:00,13.1263021755,13.3024165608,13.0039419174,13.2848641928,16602,,,,,,,,,,,,,,,,,,,,,,,,,"rgba(38, 166, 154, 0.5)",0.0,0.0,0.7970176104397192,12.5412703052986,0.7340262781378623,0.0,0.0,0.0,0.0,58.48811610938128,12.741775424947164,False,True,True,False,False,12.94707230073832,0,0.9188915898275904,0.8370446265814189,False,False,False,False,0.2393640621452862,0.26575013735888914,False,False,False,False,-246191,-201984.44854628723,False,False,False,False,16414.757863107807,False,False,False,False
2024-02-02 00:00:00+00:00,12.925378193,12.9651241803,12.87736234,12.9448714479,8910,,,,,,,,,,,,,,,,,,,,,,,,,#000000,0.0,0.0,0.7982865319074718,12.541891644257468,0.480387095879229,0.0,0.0,0.0,0.0,53.09952581516161,7.779467503771819,False,True,False,False,False,9.580697563797791,0,0.891957045622314,0.8692659060517424,False,False,False,False,0.1525407728668194,0.20914545511285426,False,False,False,False,-255101,-204067.4505640799,False,False,False,False,16120.45363318201,False,False,False,False
2024-02-05 00:00:00+00:00,12.8508650151,12.8520464245,12.7507827626,12.8014145935,12987,,,,,,,,,,,,,,,,,,,,,,,,,"rgba(239, 83, 80, 1.0)",0.0,0.0,0.7976515802347423,12.541521423497766,0.3878179386433319,0.0,0.0,0.0,0.0,48.53960598268412,3.7655720361535074,False,True,False,True,False,8.37304510818215,0,0.877341473955393,0.8746326580994997,False,False,False,False,0.10864039146449822,0.15889292328867624,False,False,False,False,-268088,-206578.0603458807,False,False,False,False,15997.573098547424,False,False,False,False
2024-02-06 00:00:00+00:00,13.0109459873,13.0208191943,12.8520464245,12.8520464245,6452,,,,,,,,,,,,,,,,,,,,,,,,,"rgba(239, 83, 80, 1.0)",0.0,0.0,0.7953269465970979,12.542776908793272,0.5886498382958676,0.0,0.0,0.0,0.0,48.31602799968124,3.7655720361535074,False,True,False,True,False,10.395207339994741,0,0.8896570697240137,0.8603012273437196,False,False,False,False,0.15814402323757243,0.15851847326312435,False,False,False,False,-261636,-208737.19523427752,False,False,False,False,15623.23689860439,False,False,False,False
2024-02-07 00:00:00+00:00,13.0277388779,13.0292578328,12.9364328094,12.9364328094,2736,,,,,,,,,,,,,,,,,,,,,,,,,"rgba(239, 83, 80, 1.0)",0.0,0.0,0.7915357046603159,12.543457633161523,0.6118248891201984,0.0,0.0,0.0,0.0,48.442208883151835,3.7655720361535074,False,True,False,True,False,10.60441702185273,0,0.8908535039671113,0.8628260206025307,False,False,False,False,0.1753278152624376,0.166923144262781,False,False,False,False,-258900,-210704.36404861958,False,False,False,False,15117.855059443435,False,False,False,False
2024-02-08 00:00:00+00:00,12.7462258978,12.87736234,12.6579577391,12.87736234,11280,,,,,,,,,,,,,,,,,,,,,,,,,"rgba(239, 83, 80, 1.0)",0.0,0.0,0.7837205712987391,12.543035802784624,0.25926344472323937,0.0,0.0,0.0,0.0,44.857203519820615,0.5386893830182586,False,True,False,True,False,6.111323878203784,0,0.8669269002238221,0.864940095823483,False,False,False,False,0.09635615284474236,0.13163964855376167,False,False,False,False,-270180,-213036.74192906587,False,False,False,False,14967.350939465261,False,False,False,False
2024-02-09 00:00:00+00:00,12.6706156969,12.7085895701,12.5820943791,12.7085895701,3811,,,,,,,,,,,,,,,,,,,,,,,,,"rgba(239, 83, 80, 1.0)",0.0,0.0,0.7750260236952213,12.542473831440116,0.16533879062398585,0.0,0.0,0.0,0.0,41.68074530217844,-2.413460680390642,False,True,False,True,False,4.96109602970699,0,0.8651235014662345,0.8777333567058171,False,False,False,False,0.05205596044318372,0.0918478044984727,False,False,False,False,-273991,-215427.10499067113,False,False,False,False,14529.84698105486,False,False,False,False
2024-02-12 00:00:00+00:00,12.810950255,12.8520464245,12.6663963776,12.6748350161,9585,,,,,,,,,,,,,,,,,,,,,,,,,"rgba(239, 83, 80, 1.0)",0.0,0.0,0.7685647685911235,12.542639820343483,0.3491058211637304,0.0,0.0,0.0,0.0,42.00618158008627,-2.413460680390642,False,True,False,True,False,6.792945762336455,0,0.8876275275297569,0.8600071133294688,False,False,False,False,0.09328976078026746,0.09256878263937007,False,False,False,False,-264406,-217347.84597142914,False,False,False,False,14335.931413170356,False,False,False,False
2024-02-13 00:00:00+00:00,12.5932333819,12.7001509316,12.5566940772,12.6579577391,3204,,,,,,,,,,,,,,,,,,,,,,,,,"rgba(239, 83, 80, 1.0)",0.0,0.0,0.7589654909223308,12.56238801508852,0.04064132978430329,0.0,0.0,0.0,0.0,39.918814552978766,-4.134094998550516,False,True,False,True,False,3.5409639178331567,0,0.8724656490228352,0.8602290017215933,False,False,True,False,0.045948137974404,0.06925846030688704,False,False,True,False,-267610,-219318.91083529466,False,False,False,False,13899.385083242107,False,False,False,False
2024-02-14 00:00:00+00:00,12.7625124701,12.776098678,12.7001509316,12.7170282086,2374,,,,,,,,,,,,,,,,,,,,,,,,,"rgba(239, 83, 80, 1.0)",0.0,0.0,0.7480677697033533,12.565106570790538,0.2638877215465969,0.0,0.0,0.0,0.0,41.13457172063791,-4.134094998550516,False,True,False,True,False,5.72614175205295,0,0.8672124962703155,0.8566083932420213,False,False,False,False,0.08563130038811952,0.07744488034750327,False,False,False,False,-265236,-221119.58099861644,False,False,False,False,13447.409197624771,False,False,False,False
2024-02-15 00:00:00+00:00,12.8167729156,12.8412449672,12.6663963776,12.6663963776,8479,,,,,,,,,,,,,,,,,,,,,,,,,"rgba(239, 83, 80, 0.75)",0.0,0.0,0.7397459350948734,12.568415492739906,0.3357334066705508,0.0,0.0,0.0,0.0,42.71926173892716,-4.134094998550516,False,True,False,True,True,6.412152272927603,0,0.8517953124111108,0.8583675668153516,False,False,False,False,0.09132819108322623,0.08438653571536475,False,False,False,False,-256757,-222517.12684180794,False,False,False,False,13252.569621247329,False,False,False,False
2024-02-16 00:00:00+00:00,12.8984589362,12.9688371812,12.843607786,12.843607786,2733,,,,,,,,,,,,,,,,,,,,,,,,,"rgba(239, 83, 80, 0.75)",0.0,0.0,0.733890054432828,12.570268945402285,0.4471923128204141,0.0,0.0,0.0,0.0,44.92656686771827,-4.134094998550516,False,True,False,True,True,7.43990808187278,0,0.8764541880530262,0.8343438803572341,False,False,False,False,0.14700911347086607,0.11569782459311541,False,False,False,False,-254024,-223752.6904950704,False,False,False,False,12840.03747923763,False,False,False,False
2024-02-20 00:00:00+00:00,12.8540716977,12.9068975747,12.8520464245,12.9026782554,3930,,,,,,,,,,,,,,,,,,,,,,,,,"rgba(239, 83, 80, 0.75)",0.0,0.0,0.7258987512114796,12.571851685565072,0.38878701976538843,0.0,0.0,0.0,0.0,45.79389610429152,-4.134094998550516,False,True,False,True,True,6.760593228710668,0,0.8799904190578608,0.8411623887169484,False,False,False,False,0.13717964047681505,0.12643873253496524,False,False,False,False,-257954,-225093.91831879312,False,False,False,False,12490.624244757722,False,False,False,False
2024-02-21 00:00:00+00:00,12.9279941709,12.9582888831,12.9279941709,12.9381205371,1019,,,,,,,,,,,,,,,,,,,,,,,,,#000000,0.0,0.0,0.7197659028010581,12.572433705484276,0.4939945946758755,0.0,0.0,0.0,0.0,47.47498622164568,-8.138036028643675,False,True,False,False,True,7.702964057690213,0,0.8878997143392433,0.818393833734139,False,False,False,False,0.16062191063930983,0.14353032158713752,False,False,False,False,-256935,-226342.58818864438,False,False,False,False,12040.756627316243,False,False,False,False
2024-02-22 00:00:00+00:00,13.0208191943,13.0376964713,12.9195555324,12.9195555324,2660,,,,,,,,,,,,,,,,,,,,,,,,,#000000,0.0,0.0,0.716597097096955,12.612362992350693,0.5699942179559828,0.0,0.0,0.0,0.0,49.90867251381914,-5.687648925699904,False,True,False,False,True,8.873076010618785,0,0.887410236688177,0.8123513734642778,False,False,False,False,0.17376155882484084,0.15864594020598918,False,False,False,False,-254275,-227437.97688712893,False,False,False,False,11672.88381840188,False,False,False,False
2024-02-23 00:00:00+00:00,12.9997225981,13.0039419174,12.9701873634,12.9701873634,858,,,,,,,,,,,,,,,,,,,,,,,,,#000000,0.0,0.0,0.7126813604737765,12.612863658481029,0.5428217448563479,0.0,0.0,0.0,0.0,51.1725944470399,-4.3620026616704095,False,True,False,False,True,8.536232943205405,0,0.8868341300826706,0.8154965331963115,False,False,False,False,0.17689492368934848,0.16777043194766883,False,False,False,False,-255133,-228524.0562248886,False,False,False,False,11248.77072748416,False,False,False,False
2024-02-26 00:00:00+00:00,12.934154377,12.9533100864,12.9195555324,12.9364328094,1760,,,,,,,,,,,,,,,,,,,,,,,,,#000000,0.0,0.0,0.7021249032464995,12.612636766991516,0.4579208179653577,0.0,0.0,0.0,0.0,50.88911531263204,-4.3620026616704095,False,True,False,False,True,7.485630811039098,0,0.8825614231902015,0.8158420109065737,False,False,False,False,0.15814402323757243,0.16295722759262063,False,False,False,False,-256893,-229636.56382391258,False,False,False,False,10876.66207150439,False,False,False,False
2024-02-27 00:00:00+00:00,12.8014145935,12.8647043822,12.8014145935,12.843607786,6124,,,,,,,,,,,,,,,,,,,,,,,,,#000000,0.0,0.0,0.6867445259909563,12.60900962677911,0.2801696401485748,0.0,0.0,0.0,0.0,48.638949593809244,-4.3620026616704095,False,True,False,False,True,5.396891331642049,0,0.8811785175798269,0.8187495092992443,False,False,False,False,0.08950652580138205,0.12623187669700134,False,False,False,False,-263017,-230945.60053670034,False,False,False,False,10690.283166739513,False,False,False,False
2024-02-28 00:00:00+00:00,12.7661410846,12.7845373165,12.7255512335,12.7609091288,1963,,,,,,,,,,,,,,,,,,,,,,,,,"rgba(239, 83, 80, 1.0)",0.0,0.0,0.6695309759903775,12.607865826611226,0.23639721486321183,0.0,0.0,0.0,0.0,46.62869840224736,-4.3620026616704095,False,True,False,True,False,4.84862083280365,0,0.8553354804289616,0.8345096431534373,False,False,False,False,0.01637753151822535,0.07130470410761335,False,False,False,False,-264980,-232280.28286859446,False,False,False,False,10348.036768043845,False,False,False,False
2024-02-29 00:00:00+00:00,12.8436921724,12.9448714479,12.8182918705,12.8900202977,5197,,,,,,,,,,,,,,,,,,,,,,,,,"rgba(239, 83, 80, 1.0)",0.0,0.0,0.6531533644891945,12.608776227786976,0.3596642953783812,0.0,0.0,0.0,0.0,46.76860078045045,-4.3620026616704095,False,True,False,True,False,5.90570835081796,0,0.8514387342804861,0.8320242614852515,False,False,False,False,-0.05179726708565571,0.009753718510978816,False,False,False,False,-259783,-233358.82079531625,False,False,False,False,10146.035326159774,False,False,False,False
2024-03-01 00:00:00+00:00,12.8651263141,12.9111168939,12.7845373165,12.809853232,5135,,,,,,,,,,,,,,,,,,,,,,,,,"rgba(239, 83, 80, 1.0)",0.0,0.0,0.6387516115903468,12.609306649283706,0.4004994432489342,0.0,0.0,0.0,0.0,47.26749458521314,-4.3620026616704095,False,True,False,True,False,6.198101559205597,0,0.83306445112927,0.8421302483456972,False,False,False,False,-0.12272494755480602,-0.0564856145219136,False,False,False,False,-254648,-234193.69056804897,False,False,False,False,9949.524136898606,False,False,False,False
2024-03-04 00:00:00+00:00,12.6836955866,12.8604006766,12.6748350161,12.7676600396,17102,,,,,,,,,,,,,,,,,,,,,,,,,"rgba(239, 83, 80, 1.0)",0.0,0.0,0.6225061794449342,12.605490928776026,0.12562872531435199,0.0,0.0,0.0,0.0,44.76433704595713,-0.43290564186879266,False,True,False,True,False,3.334854509399829,0,0.8174856767290236,0.8653529367694044,False,False,False,False,-0.2168773623389533,-0.13668148843043346,False,False,False,False,-271750,-235666.4870163608,False,False,False,False,10230.013386431994,False,False,False,False
2024-03-05 00:00:00+00:00,12.6031065889,12.6516287603,12.5989716561,12.6326418237,5201,,,,,,,,,,,,,,,,,,,,,,,,,"rgba(239, 83, 80, 1.0)",0.0,0.0,0.6123749348492937,12.621781243772237,-0.030495459251337648,0.0,0.0,0.0,0.0,42.04472316635654,-3.109760757364498,False,True,False,True,False,2.1025430537477625,0,0.8057529259453636,0.8943884485916581,False,False,False,False,-0.34282825441539394,-0.23975487142291368,False,False,False,False,-276951,-237285.48752552315,False,False,False,False,10032.797175199366,False,False,False,False
2024-03-06 00:00:00+00:00,12.6748350161,12.7254668471,12.6655525138,12.6748350161,4751,,,,,,,,,,,,,,,,,,,,,,,,,"rgba(239, 83, 80, 1.0)",0.0,0.0,0.6005339069552255,12.622447294063576,0.08723524422132084,0.0,0.0,0.0,0.0,41.75395338225081,-3.48120380872966,False,True,False,True,False,3.1293912532511285,0,0.7996459108403183,0.9123772051342978,False,False,False,False,-0.27847127198338556,-0.2591130717031496,False,False,False,False,-272200,-238654.6840931497,False,False,False,False,9825.667874211156,False,False,False,False
2024-03-07 00:00:00+00:00,12.7366058499,12.7366058499,12.7001509316,12.7001509316,4417,,,,,,,,,,,,,,,,,,,,,,,,,"rgba(239, 83, 80, 1.0)",0.0,0.0,0.5851907836607632,12.623133233685731,0.19390704601398703,0.0,0.0,0.0,0.0,42.81280462680661,-3.48120380872966,False,True,False,True,False,4.008147562868437,0,0.7755871948808789,0.9192772383024281,False,False,False,False,-0.2580081533673678,-0.25856061253525875,False,False,False,False,-267783,-239796.97099145755,False,False,False,False,9613.563251693073,False,False,False,False
2024-03-08 00:00:00+00:00,12.801077048,12.8740712709,12.792975955,12.809853232,4466,,,,,,,,,,,,,,,,,,,,,,,,,"rgba(239, 83, 80, 0.75)",0.0,0.0,0.5724301186186053,12.625556653624129,0.30662326922880817,0.0,0.0,0.0,0.0,44.773037720227464,-3.48120380872966,False,True,False,True,True,4.920710911569401,0,0.8105609495036117,0.9061484427090551,False,False,False,False,-0.15776923233926723,-0.20816492243726298,False,False,False,False,-263317,-240719.32507022392,False,False,False,False,9411.698026136482,False,False,False,False
2024-03-11 00:00:00+00:00,12.7507827626,12.7507827626,12.7339054856,12.7339054856,1847,,,,,,,,,,,,,,,,,,,,,,,,,"rgba(239, 83, 80, 0.75)",0.0,0.0,0.5608549872888214,12.625649254282793,0.2231120541908766,0.0,0.0,0.0,0.0,45.18083586110026,-3.48120380872966,False,True,False,True,True,4.111206266131571,0,0.7984820040600161,0.9068007024787693,False,False,False,False,-0.23678764110420428,-0.22247628177073364,False,False,False,False,-265164,-241677.9397733524,False,False,False,False,9115.04320158211,False,False,False,False
2024-03-12 00:00:00+00:00,12.8787969085,12.8787969085,12.7845373165,12.7845373165,2167,,,,,,,,,,,,,,,,,,,,,,,,,#000000,0.0,0.0,0.5483958748068949,12.626720002507062,0.4596622942900534,0.0,0.0,0.0,0.0,47.86951361007541,-6.6558372685330625,False,True,False,False,True,5.928283964694103,0,0.8080041633956985,0.917241738219113,False,False,False,False,-0.15935560773034643,-0.19091594475054002,False,False,False,False,-262997,-242513.981350868,False,False,False,False,8842.570919167125,False,False,False,False
2024-03-13 00:00:00+00:00,12.8390509212,12.8731430207,12.8390509212,12.843607786,4839,,,,,,,,,,,,,,,,,,,,,,,,,#000000,0.0,0.0,0.5367711960256971,12.62876936077367,0.39175269087326847,0.0,0.0,0.0,0.0,48.88380020192014,-5.6113782068037565,False,True,False,False,True,5.276366121976821,0,0.8160154030460028,0.880573616974208,False,False,False,False,-0.138540796553733,-0.16472837065213652,False,False,False,False,-267836,-243507.00169004966,False,False,False,False,8685.568138023316,False,False,False,False
2024-03-14 00:00:00+00:00,12.8274056001,12.8689237015,12.7676600396,12.8386289893,4784,,,,,,,,,,,,,,,,,,,,,,,,,#000000,0.0,0.0,0.5276067800026254,12.629922962716886,0.3742988999916406,0.0,0.0,0.0,0.0,49.32353097179351,-5.062472496757657,False,True,False,False,True,5.083494800444935,0,0.7982875663699426,0.8936433028038324,False,False,False,False,-0.17080876737006023,-0.16776856901109838,False,False,False,False,-272620,-244648.687898283,False,False,False,False,8532.565465943972,False,False,False,False
2024-03-15 00:00:00+00:00,12.8171948475,12.8309498283,12.8026803893,12.8309498283,3197,,,,,,,,,,,,,,,,,,,,,,,,,#000000,0.0,0.0,0.5174505661530368,12.630553523822885,0.360694017719783,0.0,0.0,0.0,0.0,49.394780375492395,-4.799511183009528,False,True,False,False,True,4.911715584712542,0,0.7966571728191685,0.912585390904987,False,False,False,False,-0.1720759834007773,-0.16992227620593783,False,False,False,False,-275817,-245870.97464736996,False,False,False,False,8323.327604534405,False,False,False,False
2024-03-18 00:00:00+00:00,12.7099397523,12.8351691475,12.7001509316,12.8351691475,3577,,,,,,,,,,,,,,,,,,,,,,,,,#000000,0.0,0.0,0.5049383874960427,12.630402131871886,0.15751945662625574,0.0,0.0,0.0,0.0,47.24841498922229,-4.799511183009528,False,True,False,False,False,3.11574070913354,0,0.7643309287155401,0.9328222180413399,False,False,False,False,-0.2145963605856685,-0.19225931839580318,False,False,False,False,-279394,-247185.60309257114,False,False,False,False,8137.197110238938,False,False,False,False
2024-03-19 00:00:00+00:00,12.7082520246,12.7082520246,12.6748350161,12.6748350161,2140,,,,,,,,,,,,,,,,,,,,,,,,,"rgba(239, 83, 80, 1.0)",0.0,0.0,0.48803033727709894,12.629978167426737,0.16038727758192653,0.0,0.0,0.0,0.0,45.78465151426528,-4.799511183009528,False,True,False,True,False,3.0875614200103954,0,0.754099845953321,0.9670879767919607,False,False,False,False,-0.28204302707869117,-0.23715117273724717,False,False,False,False,-281534,-248532.59904972522,False,False,False,False,7902.012909837411,False,False,False,False
2024-03-20 00:00:00+00:00,12.8094313001,12.8094313001,12.5904486312,12.6832736546,1892,,,,,,,,,,,,,,,,,,,,,,,,,#000000,0.0,0.0,0.47087203154689716,12.62985689133399,0.38136562958746273,0.0,0.0,0.0,0.0,47.312091931183105,-4.799511183009528,False,True,False,False,False,4.640230823849134,1,0.771954819508379,0.9412904475826095,False,False,False,False,-0.2744897150060612,-0.25582044387165415,False,False,False,False,-279642,-249752.57555757914,False,False,False,False,7666.326129059474,False,False,False,False
2024-03-21 00:00:00+00:00,12.7593901738,12.776098678,12.6772822213,12.7085895701,2725,,,,,,,,,,,,,,,,,,,,,,,,,#000000,0.0,0.0,0.45930304400519517,12.629707917607856,0.28234573640377825,0.0,0.0,0.0,0.0,47.21009603432251,-4.799511183009528,False,True,False,False,False,3.7817902042992912,1,0.8065728570904067,0.9321253320664443,False,False,False,False,-0.2506233585844239,-0.253221901228039,False,False,False,False,-282367,-251031.57259453685,False,False,False,False,7472.54863380224,False,False,False,False
2024-03-22 00:00:00+00:00,12.5955962007,12.6495191007,12.5644576246,12.6495191007,1873,,,,,,,,,,,,,,,,,,,,,,,,,"rgba(239, 83, 80, 1.0)",0.0,0.0,0.4471221462736886,12.628880562173839,-0.07444131710144739,0.0,0.0,0.0,0.0,44.106867095936764,-1.8723021208212742,False,True,False,True,False,1.0440772590907912,1,0.8065160418727766,0.9196808940430781,False,False,False,False,-0.34282825441539394,-0.2980250778217165,False,False,False,False,-284240,-252333.8638653393,False,False,False,False,7252.958491300191,False,False,False,False
2024-03-25 00:00:00+00:00,12.5735713542,12.5988872697,12.5313781618,12.5313781618,3108,,,,,,,,,,,,,,,,,,,,,,,,,"rgba(239, 83, 80, 1.0)",0.0,0.0,0.43043682111718756,12.627281273911446,-0.12478003060250148,0.0,0.0,0.0,0.0,41.686146928759435,-4.155054838384153,False,True,False,True,False,0.6832074991543742,1,0.7950346621504322,0.9296654551364404,False,False,False,False,-0.34282825441539394,-0.3204266661185552,False,False,False,False,-287348,-253706.96724316914,False,False,False,False,7090.411099484498,False,False,False,False
2024-03-26 00:00:00+00:00,12.5262305923,12.6624302175,12.5262305923,12.5735713542,2227,,,,,,,,,,,,,,,,,,,,,,,,,"rgba(239, 83, 80, 1.0)",-1.0,12.605119,0.41213696031221136,12.641230348710318,-0.27903286403432787,0.0,0.0,0.0,0.0,39.31346419240485,-6.349725457611832,False,True,False,True,False,0.0,0,0.772427750530355,0.9495247617843166,True,False,False,False,-0.3176556630169048,-0.31904116456773,False,False,False,False,-289575,-255113.55676304488,False,False,False,False,6899.689095583145,False,False,False,False
2024-03-27 00:00:00+00:00,12.7284203706,12.7339054856,12.5735713542,12.5735713542,7046,,,,,,,,,,,,,,,,,,,,,,,,,"rgba(239, 83, 80, 0.75)",0.0,0.0,0.3887418715635175,12.644129346631756,0.2168303188674444,0.0,0.0,0.0,0.0,42.63862128650739,-6.349725457611832,False,True,False,True,True,3.1300699517919313,1,0.7674159190010109,0.9340665931066972,False,False,False,False,-0.26758104052363874,-0.2933111025456844,False,False,False,False,-282529,-256188.67218410198,False,False,False,False,6905.426778109296,False,False,False,False
2024-03-28 00:00:00+00:00,12.737280941,12.737280941,12.6748350161,12.6748350161,1393,,,,,,,,,,,,,,,,,,,,,,,,,"rgba(239, 83, 80, 0.75)",0.0,0.0,0.3626254689320203,12.644465862642926,0.2559530047087597,0.0,0.0,0.0,0.0,45.036749940093465,-9.84651917039735,False,True,False,True,True,3.2678861890183555,0,0.7988469320381175,0.9102045293958966,False,False,False,False,-0.22454918721033712,-0.25893014487801075,False,False,False,False,-281136,-257166.9987651176,False,False,False,False,6689.253178967755,False,False,False,False
2024-04-01 00:00:00+00:00,12.7044546372,12.7928915686,12.6579577391,12.7423441241,8849,,,,,,,,,,,,,,,,,,,,,,,,,"rgba(239, 83, 80, 0.75)",0.0,0.0,0.33582753688307454,12.645362179187588,0.17596072841693738,0.0,0.0,0.0,0.0,45.939649878467115,-9.068082421306883,False,True,False,True,True,2.7045935352198427,1,0.7776700815708505,0.9132323170511609,False,False,False,False,-0.20883348959334683,-0.2338818172356788,False,False,False,False,-289985,-258453.97920570124,False,False,False,False,6773.9491327337255,False,False,False,False
2024-04-02 00:00:00+00:00,12.7592214011,12.809853232,12.6917122931,12.809853232,2355,,,,,,,,,,,,,,,,,,,,,,,,,#000000,0.0,0.0,0.30389539390577497,12.645816883528727,0.3731695834996237,0.0,0.0,0.0,0.0,47.785080854064226,-7.323766455684691,False,False,False,False,True,3.579660746158101,1,0.8039017069883237,0.9090477083835564,False,False,False,False,-0.1884072784151778,-0.2111445478254283,False,False,False,False,-287630,-259598.13688390906,False,False,False,False,6600.657009881423,False,False,False,False
2024-04-03 00:00:00+00:00,13.0210723535,13.0713666389,12.8689237015,12.8841132508,3829,,,,,,,,,,,,,,,,,,,,,,,,,"rgba(38, 166, 154, 1.0)",0.0,0.0,0.271110574413213,12.650146481817131,1.3681719072953658,0.0,0.0,0.0,0.0,53.43064084823448,-2.076976126018174,True,False,True,False,True,7.562070453354895,0,0.8015279209331885,0.876638573976299,False,False,False,False,-0.016308672097106472,-0.11372660996126738,False,False,False,False,-283801,-260547.2687708146,False,False,False,False,6491.964578121367,False,False,False,False
2024-04-04 00:00:00+00:00,12.9320447174,13.0798052774,12.9320447174,13.0702696159,1653,,,,,,,,,,,,,,,,,,,,,,,,,"rgba(38, 166, 154, 1.0)",0.0,0.0,0.24230470701852738,12.684753796235338,1.0205782801642136,0.0,0.0,0.0,0.0,55.195880955095404,-0.582773379127353,True,False,True,False,True,5.9952183037154505,0,0.8120819096142194,0.8810577987643914,False,False,False,False,0.011405683239252451,-0.05116046336100746,False,False,False,False,-285454,-261524.00332882188,False,False,False,False,6302.201261332294,False,False,False,False
2024-04-05 00:00:00+00:00,12.8689237015,12.8941552306,12.826730509,12.843607786,3108,,,,,,,,,,,,,,,,,,,,,,,,,"rgba(38, 166, 154, 1.0)",0.0,0.0,0.22202099071798143,12.682216042560327,0.840945976936186,0.0,0.0,0.0,0.0,55.05376076255817,-0.582773379127353,True,False,True,False,True,4.898215881930046,0,0.7885302029691293,0.9143922719727199,False,False,False,False,-0.09090557215579172,-0.0710330177583996,False,False,False,False,-288562,-262584.31692377006,False,False,False,False,6176.938466770243,False,False,False,False
2024-04-08 00:00:00+00:00,12.8731430207,12.936348423,12.843607786,12.936348423,3881,,,,,,,,,,,,,,,,,,,,,,,,,"rgba(38, 166, 154, 1.0)",0.0,0.0,0.21639501444652193,12.683518737551033,0.8762876706470046,0.0,0.0,0.0,0.0,55.03333987584613,-0.582773379127353,True,False,True,False,True,4.962918011593601,0,0.7979331276971537,0.9048034505526303,False,False,False,False,-0.05538958393769624,-0.06321130084804792,False,False,False,False,-284681,-263450.8535149948,False,False,False,False,6086.901664151803,False,False,False,False
2024-04-09 00:00:00+00:00,12.7970265015,12.8435233996,12.7507827626,12.8435233996,820,,,,,,,,,,,,,,,,,,,,,,,,,"rgba(38, 166, 154, 1.0)",0.0,0.0,0.21397118203225454,12.68318809213113,0.532026828508657,0.0,0.0,0.0,0.0,53.386268872931694,-0.582773379127353,True,False,True,False,True,3.6270245991343657,0,0.7835189037035071,0.9070231249442893,False,False,False,False,-0.13462697637966664,-0.09891913861385729,False,False,False,False,-285501,-264315.5651418577,False,False,False,False,5880.356500851733,False,False,False,False
2024-04-10 00:00:00+00:00,12.7409095555,12.7562678776,12.6832736546,12.7490950349,7906,,,,,,,,,,,,,,,,,,,,,,,,,#000000,0.0,0.0,0.21175293356722588,12.678657124027023,0.2939861584170868,0.0,0.0,0.0,0.0,51.16289371935554,-0.582773379127353,True,False,False,False,False,2.6510921130729024,0,0.7685232623301543,0.9140379126349919,False,False,False,False,-0.19025007624454357,-0.14458460742920043,False,False,False,False,-293407,-265456.40572453,False,False,False,False,5959.793500818331,False,False,False,False
2024-04-11 00:00:00+00:00,12.9443651296,12.9448714479,12.7845373165,12.7845373165,6702,,,,,,,,,,,,,,,,,,,,,,,,,"rgba(38, 166, 154, 0.75)",0.0,0.0,0.21179548050748623,12.68233613696161,1.237179339287782,0.0,0.0,0.0,0.0,53.4432319693059,-0.582773379127353,True,False,True,False,False,5.827462440939964,0,0.7928805710949622,0.8856960254833937,False,False,False,False,-0.04254102340943194,-0.09356281541931619,False,False,False,False,-286705,-266289.6839314112,False,False,False,False,5988.899638041142,False,False,False,False
2024-04-12 00:00:00+00:00,12.8155071198,12.8858009785,12.8155071198,12.8706114292,2401,,,,,,,,,,,,,,,,,,,,,,,,,#000000,0.0,0.0,0.2107580823874388,12.682850609826389,0.629425493299692,0.0,0.0,0.0,0.0,52.47690646793566,-0.582773379127353,True,False,False,False,False,3.5973697503895643,0,0.7960459107025932,0.8837449672628,False,False,False,False,-0.009542569858705519,-0.051552692639010855,False,False,False,False,-289106,-267184.441424297,False,False,False,False,5848.197691451293,False,False,False,False
2024-04-15 00:00:00+00:00,12.7736514729,12.9279941709,12.7423441241,12.860485063,7025,,,,,,,,,,,,,,,,,,,,,,,,,#000000,0.0,0.0,0.21101429204033048,12.683540223786414,0.4270386059744355,0.0,0.0,0.0,0.0,51.09251205855248,-0.582773379127353,True,False,False,False,False,2.8851155781094704,0,0.8114403674232469,0.8761909415329248,False,False,False,False,0.07446383520975744,0.011455571285373292,False,False,False,False,-296131,-268319.60058412846,False,False,False,False,5894.346801590458,False,False,False,False
2024-04-16 00:00:00+00:00,12.6710376288,12.6710376288,12.5735713542,12.6663963776,5080,,,,,,,,,,,,,,,,,,,,,,,,,#000000,0.0,0.0,0.21259408100135196,12.694714525370292,-0.11137138183137492,0.0,0.0,0.0,0.0,48.46333356940469,3.846576131898061,True,False,False,False,False,1.158595090066438,0,0.8219562302345358,0.8721352212680663,False,False,False,False,-0.249444589097925,-0.11899450890627586,False,False,False,False,-301211,-269609.45938475087,False,False,False,False,5862.4116329006365,False,False,False,False
2024-04-17 00:00:00+00:00,12.7465634433,12.776098678,12.7085895701,12.7254668471,2571,,,,,,,,,,,,,,,,,,,,,,,,,#000000,0.0,0.0,0.2124657043889084,12.696152545452039,0.23726604720960495,0.0,0.0,0.0,0.0,48.20588991487317,3.4684067598249584,True,False,False,False,False,2.3678272480857387,0,0.8564717578967009,0.8550301373533773,False,False,False,False,-0.0647510708456411,-0.09187278987595848,False,False,False,False,-298640,-270747.9119578979,False,False,False,False,5733.336666904534,False,False,False,False
2024-04-18 00:00:00+00:00,12.6308697096,12.7423441241,12.6308697096,12.7339054856,1001,,,,,,,,,,,,,,,,,,,,,,,,,"rgba(239, 83, 80, 0.5)",0.0,0.0,0.21367043573124328,12.69572448094166,-0.30352711698137946,0.0,0.0,0.0,0.0,46.16698766351757,1.3693947020964572,False,False,False,True,False,0.4368306231876069,0,0.8282929518206532,0.8834782390986833,False,False,False,False,-0.1492138772793438,-0.12054333357765114,False,False,False,False,-299641,-271880.97423405875,False,False,False,False,5547.754836829846,False,False,False,False
2024-04-19 00:00:00+00:00,12.8220892578,12.860485063,12.792975955,12.792975955,4761,,,,,,,,,,,,,,,,,,,,,,,,,#000000,0.0,0.0,0.2137598484419309,12.699249366054277,0.5746630746657437,0.0,0.0,0.0,0.0,48.2046534727747,1.3693947020964572,True,False,False,False,False,3.4486925808342335,1,0.8194319953909537,0.8609825276655351,False,False,False,False,0.06176974691893281,-0.029386793329359163,False,False,False,False,-294880,-272782.8968131153,False,False,False,False,5516.9017059737735,False,False,False,False
2024-04-22 00:00:00+00:00,12.9610736338,13.0123805558,12.809853232,12.860485063,7907,,,,,,,,,,,,,,,,,,,,,,,,,#000000,0.0,0.0,0.21386592936054777,12.706760779849315,1.1891228056337546,0.0,0.0,0.0,0.0,51.5250353179474,-3.7821443284108156,True,False,False,False,True,5.529904094088341,1,0.8637822328161117,0.8346358591220709,False,False,False,False,0.19030800805755302,0.08046060736409692,False,False,False,False,-286973,-273339.3714478951,False,False,False,False,5610.631050837547,False,False,False,False
2024-04-23 00:00:00+00:00,12.9685840221,12.9685840221,12.8674047465,12.8674047465,1310,,,,,,,,,,,,,,,,,,,,,,,,,"rgba(38, 166, 154, 1.0)",0.0,0.0,0.21168254388934235,12.707752835575949,1.2321808956547742,0.0,0.0,0.0,0.0,53.8401154563591,-1.596747372047119,True,False,True,False,True,5.641146631099293,1,0.8882423934613832,0.81991996443662,False,False,False,False,0.20100505636326438,0.14073283186368066,False,False,False,False,-285663,-273822.65099895804,False,False,False,False,5441.978852765486,False,False,False,False
2024-04-24 00:00:00+00:00,13.0333083793,13.0568521807,13.0039419174,13.0039419174,1101,,,,,,,,,,,,,,,,,,,,,,,,,"rgba(38, 166, 154, 1.0)",0.0,0.0,0.20689408529609002,12.709093105948673,1.567059168885063,0.0,0.0,0.0,0.0,56.27697758189331,0.6980091118371874,True,False,True,False,True,6.60426854364372,1,0.8891582109893666,0.8310748959051515,False,False,False,False,0.34282809522472246,0.24178046354420157,False,False,False,False,-284562,-274243.80194017536,False,False,False,False,5271.744387951154,False,False,False,False
2024-04-25 00:00:00+00:00,13.0545737483,13.0545737483,12.9955032789,12.9955032789,1770,,,,,,,,,,,,,,,,,,,,,,,,,"rgba(38, 166, 154, 1.0)",0.0,0.0,0.2060274945852439,12.711153066170462,1.6668682149481102,0.0,0.0,0.0,0.0,58.19673476832436,2.514073405754779,True,False,True,False,True,6.921203636343677,1,0.9191473527833017,0.8197692962040464,False,False,False,False,0.3343215472383885,0.288051005391295,False,False,False,False,-282792,-274579.02539350186,False,False,False,False,5134.421078619735,False,False,False,False
2024-04-26 00:00:00+00:00,13.3218254294,13.3541454148,13.0798896638,13.0798896638,6484,,,,,,,,,,,,,,,,,,,,,,,,,"rgba(38, 166, 154, 1.0)",0.0,0.0,0.21192851824242095,12.723893611863632,2.8213844106266324,0.0,0.0,0.0,0.0,62.50873902895012,6.552586729376529,True,False,True,False,True,10.739809095867695,0,0.9240907726819371,0.8088893528802947,False,False,False,False,0.3428281407975513,0.31543957309442316,False,False,False,False,-276308,-274646.8283192469,False,False,False,False,5187.345742203275,False,False,False,False
2024-04-29 00:00:00+00:00,13.4506834392,13.4506834392,13.3336395233,13.3336395233,1504,,,,,,,,,,,,,,,,,,,,,,,,,"rgba(38, 166, 154, 1.0)",0.0,0.0,0.22103018617371725,12.72752680565089,3.271755075936782,0.0,0.0,0.0,0.0,66.46837655761333,10.157778877164283,True,False,True,False,True,12.465556031736028,0,0.966485292983198,0.8007912099509122,False,False,False,False,0.34282816485895595,0.32913386897668956,False,False,False,False,-274804,-274652.99191457056,False,False,False,False,5042.90081113648,False,False,False,False
2024-04-30 00:00:00+00:00,13.4473079838,13.5271375039,13.392119288,13.5018215884,4934,,,,,,,,,,,,,,,,,,,,,,,,,"rgba(38, 166, 154, 1.0)",0.0,0.0,0.22965437632128777,12.739315708466943,3.082859933583724,0.0,0.0,0.0,0.0,69.02783459463798,12.433100498841412,True,False,True,False,True,12.40281445970659,0,0.9520452269330114,0.8116994359846406,False,False,False,False,0.34282817161370716,0.3359810202951984,False,False,False,False,-279738,-274852.4039963521,False,False,False,False,5038.630191091912,False,False,False,False
2024-05-01 00:00:00+00:00,13.3503480275,13.3710226918,13.3078172895,13.3499260956,1916,,,,,,,,,,,,,,,,,,,,,,,,,"rgba(38, 166, 154, 1.0)",0.0,0.0,0.23345296798304196,12.742675277380695,2.602977187950969,0.0,0.0,0.0,0.0,68.4398368582355,12.433100498841412,True,False,True,False,True,10.602945023860421,0,0.9331226345149447,0.8169131322622085,False,False,False,False,0.24615896790772762,0.291069994101463,False,False,False,False,-281654,-275119.1332513971,False,False,False,False,4916.174105166739,False,False,False,False
2024-05-02 00:00:00+00:00,13.6030852503,13.6030852503,13.5229181847,13.5767566982,2596,,,,,,,,,,,,,,,,,,,,,,,,,"rgba(38, 166, 154, 1.0)",0.0,0.0,0.24541463258243187,12.74930148416281,3.478944010603823,0.0,0.0,0.0,0.0,70.341692968507,13.666441741316454,True,False,True,False,True,13.946999321882014,0,0.9407224687567731,0.8183401782863433,False,False,False,False,0.3428281801914707,0.31694908714646686,False,False,False,False,-279058,-275273.59861408744,False,False,False,False,4825.186885356278,False,False,False,False
2024-05-03 00:00:00+00:00,13.7207198709,13.7633349953,13.6659531071,13.733884147,5096,,,,,,,,,,,,,,,,,,,,,,,,,"rgba(38, 166, 154, 1.0)",0.0,0.0,0.26163919830448984,12.763856747583844,3.6571856568776817,0.0,0.0,0.0,0.0,72.4470131553311,15.769667625034657,True,False,True,False,True,15.416511244825148,0,0.9543628231302275,0.8167942789478506,False,False,False,False,0.3428281899830119,0.3298886385647394,False,False,False,False,-273962,-275222.16337431927,False,False,False,False,4835.807007499169,False,False,False,False
2024-05-06 00:00:00+00:00,13.8309284896,13.8983532112,13.7802966587,13.7802966587,4107,,,,,,,,,,,,,,,,,,,,,,,,,"rgba(38, 166, 154, 1.0)",0.0,0.0,0.2791634983956994,12.77627254210243,3.7779149264086516,0.0,0.0,0.0,0.0,74.55878959066476,17.889490133886312,True,False,True,False,True,16.75670130192507,0,0.95830181892064,0.7941253053482767,False,False,False,False,0.34282819628777933,0.3363584174262594,False,False,False,False,-269855,-275011.6863792479,False,False,False,False,4807.226340538417,False,False,False,False
2024-05-07 00:00:00+00:00,13.8899989591,13.9229940356,13.8503373582,13.9109267826,11104,,,,,,,,,,,,,,,,,,,,,,,,,"rgba(38, 166, 154, 1.0)",0.0,0.0,0.29925793232442616,12.807614174378182,3.6168958874861232,0.0,0.0,0.0,0.0,76.32686372283192,19.701070624337547,True,False,True,False,True,17.46449256671426,0,0.9750841667139801,0.7874046935373419,False,False,False,False,0.3428281983700622,0.3395933078981608,False,False,False,False,-258751,-274374.0124035911,False,False,False,False,5054.15864090946,False,False,False,False
2024-05-08 00:00:00+00:00,14.0324431769,14.0587717289,13.8731216821,13.8731216821,1843,,,,,,,,,,,,,,,,,,,,,,,,,"rgba(38, 166, 154, 1.0)",0.0,0.0,0.3235734386519999,12.812892390341935,3.7690077147206136,0.0,0.0,0.0,0.0,78.30449528287426,21.728162111476266,True,False,True,False,True,19.134996084169686,0,0.9899286406971846,0.7664918508021441,False,False,False,False,0.34282820154202487,0.3412107547200928,False,False,False,False,-256908,-273689.0707407052,False,False,False,False,4928.230851069873,False,False,False,False
2024-05-09 00:00:00+00:00,14.3379218903,14.3456010513,14.1853513063,14.1853513063,5402,,,,,,,,,,,,,,,,,,,,,,,,,"rgba(38, 166, 154, 1.0)",0.0,0.0,0.3591917793829453,12.832377999537545,4.191476467943742,0.0,0.0,0.0,0.0,80.91926631876763,24.342058654067614,True,False,True,False,True,20.0,0,1.0209780246802762,0.7391340480492856,False,False,False,False,0.3428282108561027,0.3420194827880978,False,False,False,False,-251506,-272819.14639793243,False,False,False,False,4946.810033380859,False,False,False,False
2024-05-10 00:00:00+00:00,14.4807036536,14.4891422921,14.4300718226,14.4300718226,7356,,,,,,,,,,,,,,,,,,,,,,,,,"rgba(38, 166, 154, 1.0)",0.0,0.0,0.39633496900367515,12.8604042191969,4.088207100363316,0.0,0.0,0.0,0.0,83.13013018863396,26.55077679400479,True,False,True,False,True,20.0,0,1.0368750372213213,0.7491687027098849,False,False,False,False,0.342828215319717,0.34242384905390744,False,False,False,False,-244150,-271694.8661470331,False,False,False,False,5041.288071287491,False,False,False,False
2024-05-13 00:00:00+00:00,14.739263537,14.9363901322,14.7254241699,14.9363901322,9343,,,,,,,,,,,,,,,,,,,,,,,,,"rgba(38, 166, 154, 1.0)",0.0,0.0,0.4427497616647111,12.900780168892314,4.152420909714562,0.0,0.0,0.0,0.0,85.300709482537,28.72174420637147,True,False,True,False,True,20.0,0,1.0466260463405097,0.726143158141314,False,False,False,False,0.34282822172645705,0.3426260353901822,False,False,False,False,-234807,-270248.28316087497,False,False,False,False,5209.9826567271975,False,False,False,False
2024-05-14 00:00:00+00:00,14.7877857083,14.8520037473,14.7760560008,14.8520037473,5017,,,,,,,,,,,,,,,,,,,,,,,,,"rgba(38, 166, 154, 1.0)",0.0,0.0,0.4864541517056298,12.920865471484689,3.8378133484305192,0.0,0.0,0.0,0.0,86.86342111877991,30.337248435087375,True,False,True,False,True,20.0,0,1.0646134014437294,0.723465230308603,False,False,False,False,0.33732118976035563,0.3399736125752689,False,False,False,False,-229790,-268661.6838212328,False,False,False,False,5202.414709404563,False,False,False,False
2024-05-15 00:00:00+00:00,14.9587525242,14.9587525242,14.8520037473,14.8520037473,6042,,,,,,,,,,,,,,,,,,,,,,,,,"rgba(38, 166, 154, 1.0)",0.0,0.0,0.5339433249484008,12.945481351659007,3.770570917307658,0.0,0.0,0.0,0.0,88.2886991118291,31.861697359146845,True,False,True,False,True,20.0,0,1.0737361787188902,0.6798129863109008,False,False,False,False,0.3428282227666802,0.3414009176709746,False,False,False,False,-223748,-266900.36288706685,False,False,False,False,5235.339622761247,False,False,False,False
2024-05-16 00:00:00+00:00,14.9483729989,14.9483729989,14.8436494952,14.9184158322,4527,,,,,,,,,,,,,,,,,,,,,,,,,"rgba(38, 166, 154, 1.0)",0.0,0.0,0.5766047146146485,12.96290443990431,3.4433789885374093,0.0,0.0,0.0,0.0,89.00752289144344,32.768015685680524,True,False,True,False,True,20.0,0,1.0707225979853292,0.694131311073293,False,False,False,False,0.3398666116345123,0.3406337646527434,False,False,False,False,-228275,-265385.64277384855,False,False,False,False,5207.561598339237,False,False,False,False
2024-05-17 00:00:00+00:00,15.0169791298,15.0169791298,14.9195128552,14.9701446862,4719,,,,,,,,,,,,,,,,,,,,,,,,,"rgba(38, 166, 154, 1.0)",0.0,0.0,0.6187600833920983,12.9811008507499,3.2902547104997972,0.0,0.0,0.0,0.0,89.65384067795773,33.66399784772824,True,False,True,False,True,20.0,0,1.0793246076288578,0.6912799592233688,False,False,False,False,0.34282822359464227,0.34173099412369284,False,False,False,False,-223556,-263745.2646258545,False,False,False,False,5188.402319972993,False,False,False,False
2024-05-20 00:00:00+00:00,15.0086248777,15.0376537941,14.9617060477,15.0207765171,3842,,,,,,,,,,,,,,,,,,,,,,,,,"rgba(38, 166, 154, 1.0)",0.0,0.0,0.6570766062802667,12.99553118426013,3.063712319383981,0.0,0.0,0.0,0.0,89.87315591924158,34.20479938053191,True,False,True,False,True,20.0,0,1.0807623748856725,0.6968897116141323,False,False,False,False,0.34282822399258783,0.34227960905814037,False,False,False,False,-227398,-262319.88169935043,False,False,False,False,5135.60222899366,False,False,False,False
2024-05-21 00:00:00+00:00,15.0165571979,15.0376537941,15.0123378786,15.0376537941,1617,,,,,,,,,,,,,,,,,,,,,,,,,"rgba(38, 166, 154, 1.0)",0.0,0.0,0.6921766555908324,13.001537440041574,2.9111351005307053,0.0,0.0,0.0,0.0,90.0427345044515,34.740955134382816,True,False,True,False,True,20.0,0,1.0909675641024672,0.6848754939209393,False,False,False,False,0.34282822430568705,0.3425539166819137,False,False,False,False,-225781,-260886.98437780727,False,False,False,False,4997.617827856653,False,False,False,False
2024-05-22 00:00:00+00:00,14.8851675965,14.9947855106,14.8604423858,14.9532674092,2575,,,,,,,,,,,,,,,,,,,,,,,,,"rgba(38, 166, 154, 0.75)",0.0,0.0,0.7197268622118247,13.010310804738978,2.604955977326338,0.0,0.0,0.0,0.0,86.64637764507692,34.740955134382816,True,False,True,False,False,20.0,0,1.069544721217158,0.7017174502886201,False,False,False,False,0.3137796523719071,0.3281667845269104,False,False,False,False,-228356,-259611.2595002462,False,False,False,False,4902.6132071563925,False,False,False,False
2024-05-23 00:00:00+00:00,14.7802753201,14.9785833247,14.7423014469,14.9195128552,4198,,,,,,,,,,,,,,,,,,,,,,,,,"rgba(38, 166, 154, 0.75)",0.0,0.0,0.7429302497961333,13.023499121730731,2.3646583227043765,0.0,0.0,0.0,0.0,81.91197852546632,37.26300385781687,True,False,True,False,False,20.0,0,1.0456835253978296,0.7115997592986243,False,False,False,False,0.29404006188234816,0.31110342320462925,False,False,False,False,-232554,-258550.19050023655,False,False,False,False,4874.981316679672,False,False,False,False
2024-05-24 00:00:00+00:00,15.0207765171,15.0376537941,14.9870219632,14.9870219632,15274,,,,,,,,,,,,,,,,,,,,,,,,,"rgba(38, 166, 154, 0.75)",0.0,0.0,0.7718507897693364,13.073889815699388,2.5223614812681974,0.0,0.0,0.0,0.0,80.49788596564414,35.93481785721467,True,False,True,False,False,20.0,0,1.0589128155749385,0.6846662881509697,False,False,False,False,0.33902171948620097,0.3250625713454151,False,False,False,False,-217280,-256931.75165709003,False,False,False,False,5282.785970927528,False,False,False,False
2024-05-28 00:00:00+00:00,15.4595857187,15.4719061309,15.1051629021,15.1051629021,15515,,,,,,,,,,,,,,,,,,,,,,,,,"rgba(38, 166, 154, 0.75)",0.0,0.0,0.8117029886738802,13.129893332092346,2.870129122493178,0.0,0.0,0.0,0.0,81.60736840639593,35.93481785721467,True,False,True,False,False,20.0,0,1.0557010777726212,0.6493006305664679,False,False,False,False,0.3428282272193488,0.333945399282382,False,False,False,False,-201765,-254768.34963132182,False,False,False,False,5684.049266185272,False,False,False,False
2024-05-29 00:00:00+00:00,15.2916568127,15.3751993338,15.2916568127,15.3751993338,3567,,,,,,,,,,,,,,,,,,,,,,,,,"rgba(38, 166, 154, 0.75)",0.0,0.0,0.8418298031733293,13.14181610861846,2.553771196954042,0.0,0.0,0.0,0.0,79.44124900699185,34.90947882426467,True,False,True,False,False,20.0,0,1.0804830011066389,0.652732091154596,False,False,False,False,0.3428282276603883,0.3383868134713851,False,False,False,False,-205332,-252829.66925362294,False,False,False,False,5601.02772633487,False,False,False,False
2024-05-30 00:00:00+00:00,15.4041438638,15.4510626939,15.3330061414,15.3330061414,2714,,,,,,,,,,,,,,,,,,,,,,,,,"rgba(38, 166, 154, 0.75)",0.0,0.0,0.874292387629897,13.15110863730933,2.5769814061842418,0.0,0.0,0.0,0.0,78.58768142967523,33.99612550063695,True,False,True,False,False,20.0,0,1.0825292026266824,0.6287455561464926,False,False,False,False,0.3428282282150637,0.34060752084322443,False,False,False,False,-202618,-250860.58418485342,False,False,False,False,5487.81095275311,False,False,False,False
2024-05-31 00:00:00+00:00,15.4669273342,15.5017789112,15.4551976267,15.4680243572,6931,,,,,,,,,,,,,,,,,,,,,,,,,"rgba(38, 166, 154, 0.75)",0.0,0.0,0.9040329927372092,13.175173381256135,2.5350335345670816,0.0,0.0,0.0,0.0,78.34128181693882,33.578506752052476,True,False,True,False,False,20.0,0,1.1027501752069642,0.6241805137632844,False,False,False,False,0.34282822899255866,0.3417178749178915,False,False,False,False,-195687,-248696.91421681995,False,False,False,False,5544.406601664753,False,False,False,False
2024-06-03 00:00:00+00:00,15.6205105548,15.6615223379,15.5355334652,15.5861652961,5355,,,,,,,,,,,,,,,,,,,,,,,,,"rgba(38, 166, 154, 0.75)",0.0,0.0,0.9377596434693971,13.194387586489873,2.5871479810479827,0.0,0.0,0.0,0.0,78.92463565855465,33.578506752052476,True,False,True,False,False,20.0,0,1.0969085031259405,0.6075272117305266,False,False,False,False,0.34282822999860885,0.3422730524582502,False,False,False,False,-190332,-246408.09405145448,False,False,False,False,5536.9788917955475,False,False,False,False
2024-06-04 00:00:00+00:00,15.6125782346,15.6958675965,15.5439721037,15.6874289581,3739,,,,,,,,,,,,,,,,,,,,,,,,,"rgba(38, 166, 154, 0.75)",0.0,0.0,0.9690516723626696,13.207538341372645,2.4818489682429075,0.0,0.0,0.0,0.0,79.16084447944539,33.578506752052476,True,False,True,False,False,20.0,0,1.1188169720748702,0.5992472388640488,False,False,False,False,0.3428282301695937,0.34255064131392193,False,False,False,False,-194071,-244355.65899061313,False,False,False,False,5466.469915646703,False,False,False,False
2024-06-05 00:00:00+00:00,15.5805114083,15.6367971271,15.5032978661,15.5777266576,8287,,,,,,,,,,,,,,,,,,,,,,,,,"rgba(38, 166, 154, 0.75)",0.0,0.0,0.9977237266632072,13.235104636216638,2.3507577392464674,0.0,0.0,0.0,0.0,78.65994539764426,33.13425980755645,True,False,True,False,False,20.0,0,1.1169509507521083,0.6034644576933924,False,False,False,False,0.33066797862291714,0.33660930996841953,False,False,False,False,-202358,-242708.6919713734,False,False,False,False,5577.0789385625185,False,False,False,False
2024-06-06 00:00:00+00:00,15.704306235,15.704306235,15.6114812116,15.6114812116,6874,,,,,,,,,,,,,,,,,,,,,,,,,"rgba(38, 166, 154, 0.75)",0.0,0.0,1.0274228032137378,13.258248139792794,2.380770689102903,0.0,0.0,0.0,0.0,79.03566309458681,33.13425980755645,True,False,True,False,False,20.0,0,1.1270982968066159,0.5986391082772913,False,False,False,False,0.34282823001625656,0.3397187699923381,False,False,False,False,-195484,-240856.74326661366,False,False,False,False,5627.938588030655,False,False,False,False
2024-06-07 00:00:00+00:00,15.6545182679,15.7127448735,15.643126106,15.704306235,4832,,,,,,,,,,,,,,,,,,,,,,,,,"rgba(38, 166, 154, 0.75)",0.0,0.0,1.0541734458307794,13.27401025619189,2.2581748962876462,0.0,0.0,0.0,0.0,78.21032127234616,32.152982367451116,True,False,True,False,False,20.0,0,1.1331553080002867,0.6054072588684868,False,False,False,False,0.34282823017628966,0.3412735000843139,False,False,False,False,-200316,-239266.91019733468,False,False,False,False,5596.7253100686685,False,False,False,False
2024-06-10 00:00:00+00:00,15.7304660144,15.7633767045,15.6030425731,15.6114812116,12968,,,,,,,,,,,,,,,,,,,,,,,,,"rgba(38, 166, 154, 0.75)",0.0,0.0,1.0817332663380546,13.47009382974385,2.0895836848099254,0.0,0.0,0.0,0.0,78.15672463428368,31.823523931555698,True,False,True,False,False,20.0,0,1.114372542342511,0.604357244794253,False,False,False,False,0.34282823021805525,0.34205086515118455,False,False,False,False,-187348,-237230.87450332157,False,False,False,False,5885.794905752251,False,True,False,False
2024-06-11 00:00:00+00:00,14.8946188717,15.3245675029,14.8941969397,15.3245675029,25463,,,,,,,,,,,,,,,,,,,,,,,,,"rgba(38, 166, 154, 0.5)",0.0,0.0,1.0898608029190016,13.495041761750457,1.2841796917560675,0.0,0.0,0.0,0.0,66.80742123763666,21.12656958898772,False,False,True,False,False,15.24084180476607,0,1.0447442106402842,0.6453855758995655,False,False,False,False,0.20927231865825335,0.27566159190471895,False,False,False,False,-212811,-236273.23236593642,False,False,False,False,6653.528438860007,False,False,False,False
2024-06-12 00:00:00+00:00,15.0320842927,15.1262594983,15.0292151556,15.0629697096,4499,,,,,,,,,,,,,,,,,,,,,,,,,"rgba(38, 166, 154, 0.5)",0.0,0.0,1.0990297582112738,13.501974185358089,1.392237194589019,0.0,0.0,0.0,0.0,60.59998101518112,15.769459885087514,False,True,True,False,False,16.597659376746783,0,1.0404924479087356,0.6587705614830226,False,False,False,False,0.2021560924612393,0.23890884218297914,False,False,False,False,-208312,-235176.7134496252,False,False,False,False,6569.037127532163,False,False,False,False
2024-06-13 00:00:00+00:00,14.6663537004,14.898416259,14.6494764234,14.8013719163,12740,,,,,,,,,,,,,,,,,,,,,,,,,#000000,0.0,0.0,1.100823932103544,13.512196997923894,1.0484480477006433,0.0,0.0,0.0,0.0,53.6364563350378,9.833139597566593,False,True,False,False,False,11.279442248072268,0,1.0051069587562877,0.6995514032562593,False,False,False,False,0.13475209994974588,0.18683047106636252,False,False,False,False,-221052,-234622.8031182674,False,False,False,False,6811.03567155051,False,False,False,False
2024-06-14 00:00:00+00:00,14.4891422921,14.7060996877,14.4891422921,14.6579150619,11071,,,,,,,,,,,,,,,,,,,,,,,,,"rgba(239, 83, 80, 1.0)",0.0,0.0,1.0997265661048328,13.61000715780725,0.799412473417457,0.0,0.0,0.0,0.0,47.85951796774016,5.078819054016854,False,True,False,True,False,8.871746063320874,0,0.9807105010961792,0.7237011553524179,False,False,False,False,0.09621848947352762,0.14152448026994507,False,False,False,False,-232123,-234524.7716234334,False,False,False,False,6978.093096195588,False,False,False,False
2024-06-17 00:00:00+00:00,14.7169855314,14.7802753201,14.5566514,14.5566514,5655,,,,,,,,,,,,,,,,,,,,,,,,,"rgba(239, 83, 80, 1.0)",0.0,0.0,1.1014945322789187,13.616717722972197,0.9988863096318987,0.0,0.0,0.0,0.0,46.3037883475992,4.162348694093772,False,True,False,True,False,11.207268002008139,0,0.9882972392635603,0.6982617162904518,False,False,False,False,0.11165961256681102,0.12659204641837804,False,False,False,False,-226468,-234208.81979506346,False,False,False,False,6926.207092423213,False,False,False,False
2024-06-18 00:00:00+00:00,15.0083717185,15.0668514833,14.8941969397,14.8941969397,2923,,,,,,,,,,,,,,,,,,,,,,,,,"rgba(239, 83, 80, 1.0)",0.0,0.0,1.10691091757383,13.623814212096528,1.25083011145847,0.0,0.0,0.0,0.0,47.76657608277686,4.162348694093772,False,True,False,True,False,14.017912518647805,0,1.0035275225380769,0.6861821149293791,False,False,False,False,0.18041760485207944,0.15350482563522874,False,False,False,False,-223545,-233790.63078349235,False,False,False,False,6769.218578994853,False,False,False,False
2024-06-20 00:00:00+00:00,15.0783280316,15.1113231082,14.9954606016,14.9954606016,2338,,,,,,,,,,,,,,,,,,,,,,,,,#000000,0.0,0.0,1.1104283507429291,13.629626202494029,1.30463332293049,0.0,0.0,0.0,0.0,49.295507486339325,4.162348694093772,False,True,False,False,False,14.669100528904828,0,1.0267904182770131,0.6747655509080817,False,False,False,False,0.19669509400450821,0.17509995981986848,False,False,False,False,-221207,-233297.15506649265,False,False,False,False,6595.445301387212,False,False,False,False
2024-06-21 00:00:00+00:00,15.0746150307,15.1136015405,15.0460924326,15.0460924326,3281,,,,,,,,,,,,,,,,,,,,,,,,,#000000,0.0,0.0,1.1118085688767636,13.637271813053824,1.2927973914594795,0.0,0.0,0.0,0.0,50.28053633391427,4.162348694093772,False,True,False,False,True,14.61727211777174,0,1.043534269746886,0.668093103695509,False,False,False,False,0.20262987196464105,0.18886491589225476,False,False,False,False,-224488,-232951.69800506157,False,False,False,False,6465.467054273988,False,False,False,False
2024-06-24 00:00:00+00:00,15.1871020818,15.1896336734,15.155794733,15.155794733,2669,,,,,,,,,,,,,,,,,,,,,,,,,#000000,0.0,0.0,1.1150040903484806,13.644002539606777,1.383940700801328,0.0,0.0,0.0,0.0,51.91455788008833,4.162348694093772,False,True,False,False,True,15.677252290651182,0,1.0408703086516817,0.6758340606807034,False,False,False,False,0.223578013818091,0.2062214648551729,False,False,False,False,-221819,-232515.12161270622,False,False,False,False,6316.585993322067,False,False,False,False
2024-06-25 00:00:00+00:00,15.0835599875,15.1473560945,15.0545310711,15.1051629021,4354,,,,,,,,,,,,,,,,,,,,,,,,,#000000,0.0,0.0,1.1164685708250144,13.652914688626272,1.2814022143198822,0.0,0.0,0.0,0.0,51.92721815530602,4.162348694093772,False,True,False,False,True,14.206398991867683,0,1.0306696579201713,0.6761747057844205,False,False,False,False,0.2073726432483953,0.2067970540517841,False,False,False,False,-226173,-232266.41096122755,False,False,False,False,6239.621836721202,False,False,False,False
2024-06-26 00:00:00+00:00,15.2233038409,15.24853537,15.1136015405,15.1136015405,2703,,,,,,,,,,,,,,,,,,,,,,,,,#000000,0.0,0.0,1.1200347807395266,13.659019698721124,1.3966388982545916,0.0,0.0,0.0,0.0,53.21615070013439,4.162348694093772,False,True,False,False,True,15.534783211044012,0,1.0415413852033253,0.6660540145248154,False,False,False,False,0.22547172447802197,0.21613438926490303,False,False,False,False,-223470,-231921.4536686304,False,False,False,False,6100.930784300763,False,False,False,False
2024-06-27 00:00:00+00:00,15.1723344645,15.2233038409,15.122040179,15.2233038409,1338,,,,,,,,,,,,,,,,,,,,,,,,,#000000,0.0,0.0,1.1211709916540669,13.661847250693153,1.3472407197928133,0.0,0.0,0.0,0.0,53.49740789854924,4.162348694093772,False,True,False,False,True,14.804461383158255,0,1.0566405192957669,0.6487332071248721,False,False,False,False,0.2210875336297847,0.21861096144734388,False,False,False,False,-224808,-231642.49470123314,False,False,False,False,5914.149184916419,False,False,False,False
2024-06-28 00:00:00+00:00,15.1850768086,15.2823743104,15.1850768086,15.2233038409,24128,,,,,,,,,,,,,,,,,,,,,,,,,"rgba(38, 166, 154, 0.5)",0.0,0.0,1.1233306877198401,13.709207455383293,1.3138333790314738,0.0,0.0,0.0,0.0,53.81468794856112,4.162348694093772,False,True,True,False,True,14.928080108222112,0,1.0515729617819574,0.6484603808393409,False,False,False,False,0.23524703109607134,0.2269289962717076,False,False,False,False,-200680,-230428.2792227534,False,False,False,False,6628.417844331461,False,False,False,False
2024-07-01 00:00:00+00:00,15.1304788175,15.17267201,15.0798469866,15.17267201,1222,,,,,,,,,,,,,,,,,,,,,,,,,#000000,0.0,0.0,1.1233291679617818,13.711094068402724,1.263551939697845,0.0,0.0,0.0,0.0,53.32909608588686,4.162348694093772,False,True,False,False,True,14.127813918550892,0,1.0504668681080573,0.6553114709867581,False,False,False,False,0.20410230999447465,0.21551565313309112,False,False,False,False,-201902,-229309.60160617484,False,False,False,False,6416.401458279247,False,False,False,False
2024-07-02 00:00:00+00:00,15.3245675029,15.3245675029,15.1642333715,15.1642333715,5537,,,,,,,,,,,,,,,,,,,,,,,,,"rgba(38, 166, 154, 0.5)",0.0,0.0,1.1251074415111555,13.721379156855534,1.424920222633308,0.0,0.0,0.0,0.0,55.07907386476555,-0.7554033616699627,False,True,True,False,True,16.03133598256139,0,1.0560928783120618,0.6532818952570202,False,False,False,False,0.22946971024099952,0.22249268168704533,False,False,False,False,-196365,-228017.6564451484,False,False,False,False,6381.915126582022,False,False,False,False
2024-07-03 00:00:00+00:00,15.494268523,15.5186561882,15.3245675029,15.3245675029,7521,,,,,,,,,,,,,,,,,,,,,,,,,"rgba(38, 166, 154, 0.5)",0.0,0.0,1.1284622996553126,13.867552314275821,1.4415335002516767,0.0,0.0,0.0,0.0,57.78626707228561,2.1294039807667957,False,True,True,False,True,17.631880612148553,0,1.0715528805609,0.6484355172166093,False,False,False,False,0.27423594057362854,0.24836431113033694,False,False,False,False,-188844,-226481.43462377004,False,False,False,False,6426.585121618022,False,False,False,False
2024-07-05 00:00:00+00:00,15.122040179,15.4849016342,15.122040179,15.4849016342,6803,,,,,,,,,,,,,,,,,,,,,,,,,"rgba(38, 166, 154, 0.5)",0.0,0.0,1.123564956154173,13.873442884443758,1.1112818068214234,0.0,0.0,0.0,0.0,55.1225943575633,2.1294039807667957,False,True,True,False,True,12.326788827949365,0,1.0414053691649903,0.6563556933646334,False,False,False,False,0.24023135747631666,0.2442978343033268,False,False,False,False,-195647,-225272.2411091124,False,False,False,False,6441.346489397708,False,False,False,False
2024-07-08 00:00:00+00:00,14.6747923389,14.9448287707,14.6747923389,14.9110742167,13090,,,,,,,,,,,,,,,,,,,,,,,,,#000000,0.0,0.0,1.1135190248629911,13.866748059982845,0.7256672413087668,0.0,0.0,0.0,0.0,49.71243413046906,5.565499640209609,False,True,False,False,False,6.597237520153556,0,1.0025638848146452,0.7105951269328163,False,False,False,False,0.11362937484107577,0.17896360457220128,False,False,False,False,-208737,-224623.80028130408,False,False,False,False,6702.077999617405,False,False,False,False
2024-07-09 00:00:00+00:00,14.7242427605,14.7725117727,14.6663537004,14.6663537004,1660,,,,,,,,,,,,,,,,,,,,,,,,,"rgba(239, 83, 80, 1.0)",0.0,0.0,1.104808011589676,13.866566678484498,0.7763123303038114,0.0,0.0,0.0,0.0,46.63403265749974,2.757926975215824,False,True,False,True,False,7.0998571904829255,0,1.0025517963321202,0.7289857031923562,False,False,False,False,0.07220011477788783,0.12558185967504457,False,False,False,False,-207077,-223935.69046635096,False,False,False,False,6504.349450612801,False,False,False,False
2024-07-10 00:00:00+00:00,14.7768998647,14.7768998647,14.6410377849,14.6410377849,3152,,,,,,,,,,,,,,,,,,,,,,,,,"rgba(239, 83, 80, 1.0)",0.0,0.0,1.0949348471601628,13.866645096850561,0.8313323575464676,0.0,0.0,0.0,0.0,45.16683291382576,1.430961262450026,False,True,False,True,False,7.637685597993329,0,0.9940038484697284,0.7519414473365313,False,False,False,False,0.05571599226434163,0.0906489259696931,False,False,False,False,-203925,-223150.95750688622,False,False,False,False,6372.884766275044,False,False,False,False
2024-07-11 00:00:00+00:00,14.6579150619,14.7169855314,14.6410377849,14.6410377849,2305,,,,,,,,,,,,,,,,,,,,,,,,,"rgba(239, 83, 80, 1.0)",0.0,0.0,1.080409504396801,13.866436538016467,0.7325727149405454,0.0,0.0,0.0,0.0,43.22735859660999,-0.42350901655109396,False,True,False,True,False,6.1555105042161244,0,0.9633018859191776,0.7631405001441213,False,False,False,False,0.04725776496944727,0.06895334546957019,False,False,False,False,-206230,-222487.39054583188,False,False,False,False,6213.359873479944,False,False,False,False
2024-07-12 00:00:00+00:00,14.5402804413,14.6596027896,14.48078804,14.590405954,3295,,,,,,,,,,,,,,,,,,,,,,,,,"rgba(239, 83, 80, 1.0)",0.0,0.0,1.0639607445506793,13.865232085231426,0.634467351851081,0.0,0.0,0.0,0.0,41.02763482843835,-2.55725667713822,False,True,False,True,False,4.713165982634511,0,0.9413127082659878,0.7777454918561694,False,False,False,False,0.01658200135310149,0.04276767341133584,False,False,False,False,-209525,-221979.06150481885,False,False,False,False,6098.914388245436,False,False,False,False
2024-07-15 00:00:00+00:00,14.4385104611,14.5439934423,14.4216331841,14.4216331841,15786,,,,,,,,,,,,,,,,,,,,,,,,,"rgba(239, 83, 80, 1.0)",0.0,0.0,1.0452399798967622,13.859420381191324,0.5540259567624579,0.0,0.0,0.0,0.0,38.807489045342294,-4.724771028443236,False,True,False,True,False,3.481824406255253,0,0.9472206288491758,0.7809891530651093,False,False,False,False,-0.04369945083567458,-0.0004658887121693697,False,False,False,False,-225311,-222109.72575953184,False,False,False,False,6478.800098510322,False,False,False,False
2024-07-16 00:00:00+00:00,14.6579150619,14.6832309774,14.4469490996,14.4469490996,2622,,,,,,,,,,,,,,,,,,,,,,,,,"rgba(239, 83, 80, 1.0)",0.0,0.0,1.0306999773674153,13.859848763227623,0.7742954460043516,0.0,0.0,0.0,0.0,40.12103175065735,-4.724771028443236,False,True,False,True,False,5.832279263585011,0,0.9445729658839865,0.7760555898408038,False,False,False,False,-0.04490156545220604,-0.022683727082187705,False,False,False,False,-222689,-222132.44239641295,False,False,False,False,6327.553035823643,False,False,False,False
2024-07-17 00:00:00+00:00,14.4757248569,14.5482127615,14.4300718226,14.5482127615,4195,,,,,,,,,,,,,,,,,,,,,,,,,"rgba(239, 83, 80, 1.0)",0.0,0.0,1.0148527588679093,13.859465553971116,0.6072401119708578,0.0,0.0,0.0,0.0,39.50830596599394,-4.724771028443236,False,True,False,True,False,3.6422759122741546,0,0.9241020142041151,0.7899551539111354,False,False,False,False,-0.097714230796977,-0.06019897893958235,False,False,False,False,-226884,-222318.77798871047,False,False,False,False,6243.923505007029,False,False,False,False
2024-07-18 00:00:00+00:00,14.3891444259,14.5144582076,14.3288081607,14.4891422921,4589,,,,,,,,,,,,,,,,,,,,,,,,,"rgba(239, 83, 80, 1.0)",0.0,0.0,0.9973738682578638,13.858442394248119,0.5320993947624381,0.0,0.0,0.0,0.0,38.43911125752733,-5.468140185335962,False,True,False,True,False,2.622473406123291,0,0.9084416025748919,0.8097153254939533,False,False,False,False,-0.13426901603516866,-0.0972339974873755,False,False,False,False,-231473,-222677.76708719242,False,False,False,False,6179.024544026362,False,False,False,False
2024-07-19 00:00:00+00:00,14.2439998439,14.282395649,14.2191058603,14.2444217758,3537,,,,,,,,,,,,,,,,,,,,,,,,,"rgba(239, 83, 80, 1.0)",0.0,0.0,0.9803547350560764,13.922490220528378,0.32795233385926503,0.0,0.0,0.0,0.0,36.67170304657681,-7.38966885294267,False,True,False,True,False,0.9379620274467122,0,0.8917338777418334,0.828130800140486,False,False,False,False,-0.224224220126041,-0.16072910880670827,False,False,False,False,-235010,-223161.3840641653,False,False,False,False,6075.415738378269,False,False,False,False
2024-07-22 00:00:00+00:00,14.6534425835,14.6755518164,14.4469490996,14.4553877381,5610,,,,,,,,,,,,,,,,,,,,,,,,,"rgba(239, 83, 80, 0.75)",0.0,0.0,0.9684945181224482,13.934476992084015,0.7423538057910675,0.0,0.0,0.0,0.0,40.23794895743688,-7.38966885294267,False,True,False,True,True,5.292407203568398,0,0.8945374898919909,0.8194506200441226,False,False,False,False,-0.1891628617800255,-0.17494598529336688,False,False,False,False,-229400,-223406.03566949215,False,False,False,False,6057.164140794808,False,False,False,False
2024-07-23 00:00:00+00:00,14.5780011554,14.5819673155,14.4891422921,14.4891422921,6605,,,,,,,,,,,,,,,,,,,,,,,,,"rgba(239, 83, 80, 0.75)",0.0,0.0,0.953962789187243,13.937614804482342,0.6712907025055507,0.0,0.0,0.0,0.0,41.962349621582234,-7.38966885294267,False,True,False,True,True,4.4145419599560185,0,0.874308584395858,0.8374525826902484,False,False,False,False,-0.20145956847473612,-0.18820277688405151,False,False,False,False,-236005,-223900.1127020611,False,False,False,False,6078.647899979325,False,False,False,False
2024-07-24 00:00:00+00:00,14.3625627147,14.3625627147,14.3288081607,14.3569088269,1148,,,,,,,,,,,,,,,,,,,,,,,,,"rgba(239, 83, 80, 0.75)",0.0,0.0,0.9371372199857347,13.936855037008078,0.45426397395506446,0.0,0.0,0.0,0.0,41.37139263494364,-7.38966885294267,False,True,False,True,True,1.9625445081119857,0,0.8485307382069956,0.8459488758295169,False,False,False,False,-0.29448679269551853,-0.24134478478978502,False,False,False,False,-237153,-224419.83377256853,False,False,False,False,5885.2891588036655,False,False,False,False
2024-07-25 00:00:00+00:00,14.2252660664,14.2950536067,14.2252660664,14.2275444988,3576,,,,,,,,,,,,,,,,,,,,,,,,,"rgba(239, 83, 80, 0.75)",0.0,0.0,0.9199441035636322,13.933229879179496,0.31744992558703156,0.0,0.0,0.0,0.0,39.97811279913463,-7.38966885294267,False,True,False,True,True,0.44767062732279683,0,0.8280430511389983,0.8631929614907192,False,False,False,False,-0.3379710175566281,-0.28965790117320656,False,False,False,False,-240729,-225059.40891874232,False,False,False,False,5794.728799634894,False,False,False,False
2024-07-26 00:00:00+00:00,14.3043361091,14.3043361091,14.2697376913,14.2697376913,470,,,,,,,,,,,,,,,,,,,,,,,,,"rgba(239, 83, 80, 0.75)",0.0,0.0,0.8999928553711792,13.932910376605111,0.41269853452525807,0.0,0.0,0.0,0.0,39.99396694655923,-7.38966885294267,False,True,False,True,True,1.3001611516955514,0,0.8260493181437968,0.8524311954172641,False,False,False,False,-0.32417967017213234,-0.30691878567266945,False,False,False,False,-240259,-225655.47131408576,False,False,False,False,5585.915905531565,False,False,False,False
2024-07-29 00:00:00+00:00,14.4100722494,14.4634888311,14.3625627147,14.4634888311,1474,,,,,,,,,,,,,,,,,,,,,,,,,"rgba(239, 83, 80, 0.75)",0.0,0.0,0.8774634460822535,13.932732381586192,0.5439997186721134,0.0,0.0,0.0,0.0,41.24887568039897,-7.38966885294267,False,True,False,True,True,2.432447376319807,0,0.8281658957440012,0.8593764749346067,False,False,False,False,-0.2610019013466083,-0.28396034350963884,False,False,False,False,-238785,-226170.35479196475,False,False,False,False,5424.6643013930725,False,False,False,False
2024-07-30 00:00:00+00:00,14.4047559072,14.4216331841,14.3456854377,14.3456854377,6044,,,,,,,,,,,,,,,,,,,,,,,,,"rgba(239, 83, 80, 0.75)",0.0,0.0,0.8590649073825131,13.931746070962593,0.5506101252332869,0.0,0.0,0.0,0.0,42.035440333215845,-7.38966885294267,False,True,False,True,True,2.371460852301759,0,0.8276685017804237,0.8630876993590023,False,False,False,False,-0.2755299165985584,-0.2797451300540986,False,False,False,False,-244829,-226902.06636875044,False,False,False,False,5448.951975848247,False,False,False,False
2024-07-31 00:00:00+00:00,14.7050870511,14.7676173623,14.607283231,14.607283231,22029,,,,,,,,,,,,,,,,,,,,,,,,,"rgba(239, 83, 80, 0.75)",0.0,0.0,0.8365951081433362,14.028211216750671,0.8090841408952599,0.0,0.0,0.0,0.0,45.862964037187304,-9.168957680679966,False,True,False,True,True,5.525712672504781,0,0.8305455826354273,0.8559037680985809,False,False,False,False,-0.12951164124018208,-0.20462838564714037,False,False,False,False,-222800,-226741.2010209563,False,False,False,False,6099.149937579688,False,False,False,False
2024-08-01 00:00:00+00:00,14.4302405954,14.6747923389,14.3625627147,14.6747923389,8960,,,,,,,,,,,,,,,,,,,,,,,,,"rgba(239, 83, 80, 0.75)",0.0,0.0,0.8113815015301541,14.02606589868527,0.4981315151411679,0.0,0.0,0.0,0.0,45.73326206784607,-9.168957680679966,False,True,False,True,True,2.3872139225367164,0,0.8042019759302038,0.8676810682441307,False,False,False,False,-0.20956883208034305,-0.2070986088637417,False,False,False,False,-231760,-226938.01666719333,False,False,False,False,6211.340136105975,False,False,False,False
2024-08-02 00:00:00+00:00,13.957508067,14.1806256688,13.9321921516,14.1684740294,35937,,,,,,,,,,,,,,,,,,,,,,,,,"rgba(239, 83, 80, 1.0)",0.0,0.0,0.7844664313292131,13.980002214782681,-0.02867445550801663,0.0,0.0,0.0,0.0,42.29061165952878,-9.168957680679966,False,True,False,True,False,0.0,0,0.779080583739756,0.8964269243198699,False,False,False,False,-0.34282825441539394,-0.2749634316395678,False,False,False,False,-267697,-228536.40817044064,False,False,False,False,7377.052287631231,False,False,False,False
2024-08-05 00:00:00+00:00,13.6537170813,13.7127875507,13.4849443114,13.4849443114,8603,,,,,,,,,,,,,,,,,,,,,,,,,"rgba(239, 83, 80, 1.0)",0.0,0.0,0.7628518493483487,13.986652813307378,-0.4364356359518327,0.0,0.0,0.0,0.0,38.39833519734172,-6.381775976092079,False,True,False,True,False,0.0,0,0.7750590450935259,0.9175570896063588,True,False,False,False,-0.34282825441539394,-0.30889584302748085,False,False,False,False,-276300,-230409.49020297237,True,False,False,False,7425.128668508437,True,False,False,False
2024-08-06 00:00:00+00:00,13.7971739357,13.8224898512,13.6115238888,13.6115238888,3627,,,,,,,,,,,,,,,,,,,,,,,,,"rgba(239, 83, 80, 1.0)",0.0,0.0,0.7341293299079088,13.983483485194403,-0.2537830078492771,0.0,0.0,0.0,0.0,37.32260360006124,-7.350155083468778,False,True,False,True,False,0.0,0,0.796618942137794,0.906012376417462,False,False,False,False,-0.3013976091597438,-0.3051467260936123,False,False,False,False,-272673,-232066.88274403228,False,False,False,False,7276.182446213988,False,False,False,False
2024-08-07 00:00:00+00:00,13.7465421047,13.9997012595,13.7465421047,13.9997012595,851,,,,,,,,,,,,,,,,,,,,,,,,,"rgba(239, 83, 80, 1.0)",0.0,0.0,0.7115286144231794,13.983098321795032,-0.33246198719190356,0.0,0.0,0.0,0.0,36.313931709914655,-8.348199568016355,False,True,False,True,False,0.0,0,0.805298144351909,0.912448887918982,False,False,False,False,-0.24812773365619548,-0.2766372298749039,False,False,False,False,-273524,-233692.65204818788,False,False,False,False,7024.214507146773,False,False,False,False
2024-08-08 00:00:00+00:00,13.8781004788,13.8781004788,13.7634193817,13.7887352972,1404,,,,,,,,,,,,,,,,,,,,,,,,,"rgba(239, 83, 80, 1.0)",0.0,0.0,0.6905873507577495,13.982414246009963,-0.15105079335076713,0.0,0.0,0.0,0.0,37.094718428787466,-8.348199568016355,False,True,False,True,False,0.0,0,0.7963808000542584,0.9552225933453153,False,False,False,False,-0.265827496498622,-0.2712323631867629,False,False,False,False,-272120,-235199.60686982758,False,False,False,False,6803.813938239056,False,False,False,False
2024-08-09 00:00:00+00:00,13.8562444051,13.8731216821,13.8056125742,13.8309284896,3366,,,,,,,,,,,,,,,,,,,,,,,,,"rgba(239, 83, 80, 1.0)",0.0,0.0,0.6693492102515184,13.980436695442787,-0.18554184936756676,0.0,0.0,0.0,0.0,37.46086690597485,-8.348199568016355,False,True,False,True,False,0.0,0,0.7884756864650413,0.953667006830279,False,False,False,False,-0.2595196150393751,-0.26537598911306903,False,False,False,False,-275486,-236779.465423952,False,False,False,False,6668.997705366936,False,False,False,False
2024-08-12 00:00:00+00:00,14.0105027168,14.0542992505,13.94063079,13.94063079,2760,,,,,,,,,,,,,,,,,,,,,,,,,"rgba(239, 83, 80, 0.75)",0.0,0.0,0.6471444924020158,13.98066146725876,0.04611218961391163,0.0,0.0,0.0,0.0,39.458197769528034,-8.348199568016355,False,True,False,True,True,0.0,0,0.7939685817717882,0.9525888909172221,False,False,False,False,-0.20667842175103046,-0.23602720543204975,False,False,False,False,-272726,-238189.1334465421,False,False,False,False,6515.703677705488,False,False,False,False
2024-08-13 00:00:00+00:00,14.0749739149,14.0749739149,13.9828239825,14.0587717289,3145,,,,,,,,,,,,,,,,,,,,,,,,,"rgba(239, 83, 80, 0.75)",0.0,0.0,0.62376767025142,13.981043099578923,0.15058621951858508,0.0,0.0,0.0,0.0,41.49942147321417,-8.348199568016355,False,True,False,True,True,0.0,0,0.7911580076527953,0.9593703668800494,False,False,False,False,-0.19631528079370927,-0.2161712431128795,False,False,False,False,-269581,-239420.18703687377,False,False,False,False,6383.519219756253,False,False,False,False
2024-08-14 00:00:00+00:00,14.1806256688,14.2950536067,14.1515967524,14.2676280316,10346,,,,,,,,,,,,,,,,,,,,,,,,,"rgba(239, 83, 80, 0.75)",0.0,0.0,0.6067275011505149,13.98656188606896,0.3198532823434623,0.0,0.0,0.0,0.0,44.01309317585465,-11.004769057131384,False,True,False,True,True,0.2121222202427937,0,0.7991518889964918,0.961087596203388,False,False,False,False,-0.1330467363127424,-0.17460898971281094,False,False,False,False,-259235,-240197.23852562383,False,False,False,False,6538.910622903067,False,False,False,False
2024-08-15 00:00:00+00:00,14.3661913292,14.4089752264,14.2950536067,14.4047559072,6734,,,,,,,,,,,,,,,,,,,,,,,,,#000000,0.0,0.0,0.5910695074295765,13.991913379543996,0.6332215500062767,0.0,0.0,0.0,0.0,47.54655812570721,-7.6602271799365695,False,False,False,False,True,2.1345199411648075,0,0.8024794550717894,0.9434037434183891,False,False,False,False,-0.0917750280858067,-0.13319200889930882,False,False,False,False,-252501,-240679.73897559938,False,False,False,False,6546.56118671079,False,False,False,False
2024-08-16 00:00:00+00:00,14.4520122827,14.4520122827,14.3541240762,14.3878786302,1871,,,,,,,,,,,,,,,,,,,,,,,,,"rgba(38, 166, 154, 0.5)",0.0,0.0,0.5740666724027865,13.993576610158993,0.7985756612941849,0.0,0.0,0.0,0.0,50.69954799537537,-4.756550119151868,False,False,True,False,True,3.0078269867920895,0,0.8110902108618925,0.9337330512045118,False,False,False,False,-0.07549534243265336,-0.1043436756659811,False,False,False,False,-250630,-241069.94529028176,False,False,False,False,6363.2058460554645,False,False,False,False
2024-08-19 00:00:00+00:00,14.5234031644,14.5819673155,14.4820538357,14.5526008535,3736,,,,,,,,,,,,,,,,,,,,,,,,,"rgba(38, 166, 154, 1.0)",0.0,0.0,0.5527719154090103,13.997963309271338,0.950554542446092,0.0,0.0,0.0,0.0,53.46089730012156,-2.2468888705667283,True,False,True,False,True,3.732860027643607,0,0.8131173480474478,0.9336377807392717,False,False,False,False,-0.03453681629188623,-0.06944024597893367,False,False,False,False,-246894,-241298.33959262367,False,False,False,False,6260.178165817995,False,False,False,False
2024-08-20 00:00:00+00:00,14.2542949828,14.345094733,14.2359831373,14.345094733,8915,,,,,,,,,,,,,,,,,,,,,,,,,"rgba(38, 166, 154, 1.0)",0.0,0.0,0.5402570432172644,14.000401488213095,0.4699494393908367,0.0,0.0,0.0,0.0,52.151958109366774,-2.2468888705667283,True,False,True,False,True,0.7966923702648891,0,0.8002518350368529,0.9410491078452428,False,False,False,False,-0.11144330127824048,-0.09044177362858707,False,False,False,False,-255809,-241867.3850987953,False,False,False,False,6364.288825981996,False,False,False,False
2024-08-21 00:00:00+00:00,14.3878786302,14.4300718226,14.3878786302,14.4216331841,1732,,,,,,,,,,,,,,,,,,,,,,,,,"rgba(38, 166, 154, 1.0)",0.0,0.0,0.5291218699507275,14.001436459302004,0.7303462450606719,0.0,0.0,0.0,0.0,52.63250704782,-2.2468888705667283,True,False,True,False,True,2.1723844398665015,0,0.8058377483403587,0.9336487077310547,False,False,False,False,-0.036683128141958725,-0.0635624508852729,False,False,False,False,-254077,-242346.1935262935,False,False,False,False,6182.630440649368,False,False,False,False
2024-08-22 00:00:00+00:00,14.3850094931,14.4585100344,14.3850094931,14.4385104611,1098,,,,,,,,,,,,,,,,,,,,,,,,,"rgba(38, 166, 154, 1.0)",0.0,0.0,0.5203482320845968,14.002099071857003,0.7358733971459794,0.0,0.0,0.0,0.0,52.91898587155613,-2.2468888705667283,True,False,True,False,True,2.1410403698240543,0,0.8455531024814812,0.9227188849189238,False,False,False,False,-0.03204848421262505,-0.047805467548948974,False,False,False,False,-255175,-242849.2839762428,False,False,False,False,5983.23316846704,False,False,False,False
2024-08-23 00:00:00+00:00,14.5477064432,14.5477064432,14.3794399917,14.3794399917,1803,,,,,,,,,,,,,,,,,,,,,,,,,"rgba(38, 166, 154, 1.0)",0.0,0.0,0.5115271325136029,14.003581932953022,1.063725608401637,0.0,0.0,0.0,0.0,54.75019955769629,-0.7703685647461924,True,False,True,False,True,3.814017440634796,0,0.8440030836572282,0.9072175203495142,False,False,False,False,-0.016898847817297953,-0.03235215768312347,False,False,False,False,-253372,-243261.9395065862,False,False,False,False,5819.302455978137,False,False,False,False
2024-08-26 00:00:00+00:00,14.564752493,14.5903215676,14.5313354845,14.539774123,1620,,,,,,,,,,,,,,,,,,,,,,,,,"rgba(38, 166, 154, 1.0)",0.0,0.0,0.5052982317661069,14.005198839162063,1.1073730693301629,0.0,0.0,0.0,0.0,56.138006531039366,0.7357632818279995,True,False,True,False,True,3.9883405446089313,0,0.8798393863391963,0.8902929744527943,False,False,False,False,0.01832008572806548,-0.007016035977528994,False,False,False,False,-251752,-243594.88305534754,False,False,False,False,5654.623928292721,False,False,False,False
2024-08-27 00:00:00+00:00,14.6247512127,14.6579150619,14.5566514,14.5988445925,2426,,,,,,,,,,,,,,,,,,,,,,,,,"rgba(38, 166, 154, 1.0)",0.0,0.0,0.5032769967858851,14.007886832609469,1.225695559364043,0.0,0.0,0.0,0.0,57.67353430322835,2.375562769667603,True,False,True,False,True,4.60746679117214,0,0.8974712165946203,0.8623073524603427,False,False,False,False,0.035153342029988266,0.014068653026229637,False,False,False,False,-249326,-243819.63273945157,False,False,False,False,5528.011225222418,False,False,False,False
2024-08-28 00:00:00+00:00,14.3870347663,14.4300718226,14.3034922452,14.4216331841,2188,,,,,,,,,,,,,,,,,,,,,,,,,"rgba(38, 166, 154, 1.0)",0.0,0.0,0.504060404694322,14.008797160094343,0.7503815072223969,0.0,0.0,0.0,0.0,55.40419258527135,2.375562769667603,True,False,True,False,True,1.896963644229782,0,0.8778629910010146,0.8806266625307311,False,False,False,False,-0.051991254800132954,-0.01896130088695166,False,False,False,False,-251514,-244121.3726320221,False,False,False,False,5397.030392860755,False,False,False,False
2024-08-29 00:00:00+00:00,14.4490587592,14.4490587592,14.3878786302,14.3878786302,363,,,,,,,,,,,,,,,,,,,,,,,,,"rgba(38, 166, 154, 0.75)",0.0,0.0,0.5052173312146389,14.008999823093049,0.8710289788534472,0.0,0.0,0.0,0.0,54.621687852540425,2.375562769667603,True,False,True,False,False,2.553693524340183,0,0.8660580012088476,0.8997926622089298,False,False,False,False,-0.03324142137047998,-0.02610136112871582,False,False,False,False,-251151,-244397.04429351143,False,False,False,False,5199.61743627798,False,False,False,False
2024-08-30 00:00:00+00:00,14.6643284272,14.6643284272,14.5313354845,14.5313354845,2007,,,,,,,,,,,,,,,,,,,,,,,,,"rgba(38, 166, 154, 0.75)",0.0,0.0,0.5052642818715913,14.079524344962334,1.157422171366328,0.0,0.0,0.0,0.0,56.376564599317646,2.375562769667603,True,False,True,False,False,4.787586220555212,0,0.8632644973896065,0.8915943815849967,False,False,False,False,0.03172728831747448,0.0028129635943793287,False,False,False,False,-249144,-244583.1994192561,False,False,False,False,5074.416752502373,False,False,False,False
2024-09-03 00:00:00+00:00,14.2425652753,14.3456854377,13.94063079,13.94063079,3532,,,,,,,,,,,,,,,,,,,,,,,,,"rgba(38, 166, 154, 0.75)",0.0,0.0,0.5078248941342552,14.064789786304186,0.3500724187594,0.0,0.0,0.0,0.0,52.78147872155844,2.375562769667603,True,False,True,False,False,0.15459662389267592,0,0.8145321475935138,0.8987645366797667,False,False,False,False,-0.1337078201270842,-0.06544742826635244,False,False,False,False,-252676,-244900.56414791272,False,False,False,False,5013.929821031692,False,False,False,False
2024-09-04 00:00:00+00:00,14.2372489331,14.3541240762,14.2372489331,14.3526895077,1399,,,,,,,,,,,,,,,,,,,,,,,,,#000000,0.0,0.0,0.5103232935831401,14.064309356715913,0.3388823880051086,0.0,0.0,0.0,0.0,50.33462227299003,5.67826941141125,True,False,False,False,False,0.09850790450211733,0,0.8407455934379001,0.9050703320049776,False,False,False,False,-0.0778443726817394,-0.07164590047404593,False,False,False,False,-254075,-245260.3459460338,False,False,False,False,4872.167867265744,False,False,False,False
2024-09-05 00:00:00+00:00,14.0969987613,14.2021441969,14.0969987613,14.2021441969,335,,,,,,,,,,,,,,,,,,,,,,,,,"rgba(239, 83, 80, 0.5)",0.0,0.0,0.5141410445930451,14.063772858500883,0.06462410100990124,0.0,0.0,0.0,0.0,47.38006508173945,2.915976381270447,False,False,False,True,False,0.0,0,0.8427176311756486,0.9162988702524267,False,False,False,False,-0.13134457202221134,-0.10149523624812863,False,False,False,False,-254410,-245619.15590893445,False,False,False,False,4694.239715608263,False,False,False,False
2024-09-06 00:00:00+00:00,14.0105027168,14.1305001561,13.9490694285,14.1178421984,2055,,,,,,,,,,,,,,,,,,,,,,,,,"rgba(239, 83, 80, 1.0)",0.0,0.0,0.5191519715981958,14.059531866173348,-0.09444084209564568,0.0,0.0,0.0,0.0,44.6368944255874,0.3811447444703262,False,True,False,True,False,0.0,0,0.8257302345509766,0.9361964501362576,False,False,False,False,-0.17202424985460854,-0.1367597430513686,False,False,False,False,-256465,-246044.48312819193,False,False,False,False,4590.7401189177435,False,False,False,False
2024-09-09 00:00:00+00:00,14.0132030811,14.0132030811,13.9613898407,13.9659467055,1117,,,,,,,,,,,,,,,,,,,,,,,,,"rgba(239, 83, 80, 1.0)",0.0,0.0,0.5236579641796663,14.057479408717564,-0.08455199891196946,0.0,0.0,0.0,0.0,42.847013029567364,-1.2744625028559398,False,True,False,True,False,0.0,0,0.8252666187587976,0.9449001676742792,False,False,False,False,-0.1916658007686112,-0.1642127719099899,False,False,False,False,-255348,-246409.32692708637,False,False,False,False,4454.515016215088,False,False,False,False
2024-09-10 00:00:00+00:00,13.8808008431,13.974385344,13.7634193817,13.974385344,3924,,,,,,,,,,,,,,,,,,,,,,,,,"rgba(239, 83, 80, 1.0)",0.0,0.0,0.5311669129865347,14.079168605528746,-0.3734565493046358,0.0,0.0,0.0,0.0,40.42679567792448,-3.563041484923936,False,True,False,True,False,0.0,0,0.7999005777893593,0.952578865427889,False,False,False,False,-0.23653708745292626,-0.2003749296814581,False,False,False,False,-259272,-246913.74547896534,False,False,False,False,4433.710505775281,False,False,False,False
2024-09-11 00:00:00+00:00,14.0110934215,14.0110934215,13.8815603206,13.8815603206,4658,,,,,,,,,,,,,,,,,,,,,,,,,"rgba(239, 83, 80, 1.0)",0.0,0.0,0.536371499194675,14.076783427221121,-0.1224710966554905,0.0,0.0,0.0,0.0,40.791302727332635,-3.563041484923936,False,True,False,True,False,0.0,0,0.8206347657786325,0.9397102580123938,False,False,False,False,-0.20709837683801757,-0.20373665325973783,False,False,False,False,-254614,-247215.7162444961,False,False,False,False,4442.506172215466,False,False,False,False
2024-09-12 00:00:00+00:00,14.2645057354,14.3119308837,14.0925262829,14.0925262829,7576,,,,,,,,,,,,,,,,,,,,,,,,,"rgba(239, 83, 80, 0.75)",0.0,0.0,0.5365646452447209,14.0855084005838,0.33359882430300974,0.0,0.0,0.0,0.0,44.243706485918395,-3.563041484923936,False,True,False,True,True,0.6212615751159909,0,0.8299844694268269,0.9371051974944292,False,False,False,False,-0.11199368259657477,-0.1578651679281563,False,False,False,False,-247038,-247208.74698000608,False,False,False,False,4565.388283108977,False,False,False,False
2024-09-13 00:00:00+00:00,14.3376687311,14.3794399917,14.3119308837,14.3119308837,2412,,,,,,,,,,,,,,,,,,,,,,,,,#000000,0.0,0.0,0.5292138931901318,14.088808337160051,0.47024539064876936,0.0,0.0,0.0,0.0,47.354439544098256,-8.855175477270684,False,False,False,False,True,1.4030963702641195,0,0.8298103508390298,0.9442322816853955,False,False,False,False,-0.04086433228783065,-0.09936475010799348,False,False,False,False,-244626,-247107.4627847117,False,False,False,False,4480.941683771371,False,False,False,False
2024-09-16 00:00:00+00:00,14.4925177475,14.5018002498,14.4047559072,14.4131945456,3381,,,,,,,,,,,,,,,,,,,,,,,,,#000000,0.0,0.0,0.5237858812366509,14.095030732366741,0.7588730994329186,0.0,0.0,0.0,0.0,51.03281018072143,-5.417765806348093,True,False,False,False,True,3.0367789442151896,0,0.8496363771874312,0.9270934167119571,False,False,False,False,0.13652129232022045,0.018578271106113486,False,False,False,False,-241245,-246877.56228335047,False,False,False,False,4437.806715780337,False,False,False,False
2024-09-17 00:00:00+00:00,14.6747079525,14.7085468929,14.607283231,14.624160508,4866,,,,,,,,,,,,,,,,,,,,,,,,,"rgba(38, 166, 154, 1.0)",0.0,0.0,0.515779882836341,14.107257544105332,1.100179412338039,0.0,0.0,0.0,0.0,55.1261492976094,-1.653689620185368,True,False,True,False,True,4.9048215487081706,0,0.8820422088215358,0.8779110618101985,False,False,False,False,0.3026838676491139,0.1606310693776137,False,False,False,False,-236379,-246465.8539585132,False,False,False,False,4454.598609279147,False,False,False,False
2024-09-18 00:00:00+00:00,14.695635776,14.7338628084,14.6920915478,14.7169855314,1212,,,,,,,,,,,,,,,,,,,,,,,,,"rgba(38, 166, 154, 1.0)",0.0,0.0,0.506110155332898,14.110176223235277,1.1567828596121181,0.0,0.0,0.0,0.0,58.03517443650226,0.9725908029570718,True,False,True,False,True,5.117448298767588,0,0.8891298800786442,0.8556604575869908,False,False,False,False,0.34282818793571934,0.25172962865666654,False,False,False,False,-235167,-246022.76164641467,False,False,False,False,4327.4378795034945,False,False,False,False
2024-09-19 00:00:00+00:00,15.0074434683,15.0882856251,14.8857583012,14.9279514937,3618,,,,,,,,,,,,,,,,,,,,,,,,,"rgba(38, 166, 154, 1.0)",0.0,0.0,0.49425159972201793,14.123173870460946,1.7891082160106198,0.0,0.0,0.0,0.0,62.317606788933034,4.897986174345974,True,False,True,False,True,8.198185819275071,0,0.8947625877925903,0.8360790295998217,False,False,False,False,0.3428282010598971,0.29727891485828184,False,False,False,False,-231549,-245455.16315047684,False,False,False,False,4299.616786189632,False,False,False,False
2024-09-20 00:00:00+00:00,14.6369872385,14.7423014469,14.5988445925,14.7423014469,5466,,,,,,,,,,,,,,,,,,,,,,,,,"rgba(38, 166, 154, 1.0)",0.0,0.0,0.47970433733807083,14.131873352095203,1.052969187661979,0.0,0.0,0.0,0.0,60.38458801258644,4.897986174345974,True,False,True,False,True,3.977220439281272,0,0.8778715329702792,0.8480923735103417,False,False,False,False,0.18151149688757814,0.23939520587293,False,False,False,False,-237015,-245124.1763602621,False,False,False,False,4345.3573043782735,False,False,False,False
2024-09-23 00:00:00+00:00,14.6663537004,14.7001082544,14.590405954,14.590405954,4989,,,,,,,,,,,,,,,,,,,,,,,,,"rgba(38, 166, 154, 1.0)",0.0,0.0,0.46536237450371437,14.13862997099734,1.1340060097584206,0.0,0.0,0.0,0.0,59.34757060886857,4.897986174345974,True,False,True,False,True,4.2674927657092745,0,0.8916814331908042,0.8456179994256728,False,False,False,False,0.16910116512026954,0.2042481854965998,False,False,False,False,-232026,-244610.52238534985,False,False,False,False,4370.598194402655,False,False,False,False
2024-09-24 00:00:00+00:00,15.0495522744,15.0495522744,14.9279514937,14.9532674092,4937,,,,,,,,,,,,,,,,,,,,,,,,,"rgba(38, 166, 154, 1.0)",0.0,0.0,0.4496478580718829,14.151518183819139,1.9971941919876708,0.0,0.0,0.0,0.0,61.49762921587921,4.897986174345974,True,False,True,False,True,7.918055330302302,0,0.9070307730126138,0.8239412608722508,False,False,False,False,0.3428282011263059,0.27353819331145285,False,False,False,False,-227089,-243923.4038604342,False,False,False,False,4392.810029916277,False,False,False,False
2024-09-25 00:00:00+00:00,14.9195128552,15.0376537941,14.9195128552,15.0376537941,969,,,,,,,,,,,,,,,,,,,,,,,,,"rgba(38, 166, 154, 1.0)",0.0,0.0,0.43317888917527697,14.153701736572794,1.7678865193205138,0.0,0.0,0.0,0.0,61.410821161008116,4.897986174345974,True,False,True,False,True,6.46218775456558,0,0.9024832074857749,0.8360505939269689,False,False,False,False,0.33741908828726797,0.3054786407993604,False,False,False,False,-228058,-243301.23116002503,False,False,False,False,4258.54296991956,False,False,False,False
2024-09-26 00:00:00+00:00,15.313850432,15.3161288644,15.138917456,15.138917456,2618,,,,,,,,,,,,,,,,,,,,,,,,,"rgba(38, 166, 154, 1.0)",0.0,0.0,0.42031975020963547,14.162326126863084,2.7396388215461953,0.0,0.0,0.0,0.0,63.77931224559942,6.543697004659805,True,False,True,False,True,9.993966584730078,0,0.9158554095174186,0.8086590195210588,False,False,False,False,0.3428282089388168,0.3241534248690886,False,False,False,False,-225440,-242600.790722377,False,False,False,False,4194.207951491342,False,False,False,False
2024-09-27 00:00:00+00:00,15.2302235245,15.3161288644,15.189549287,15.2570583949,5733,,,,,,,,,,,,,,,,,,,,,,,,,"rgba(38, 166, 154, 1.0)",0.0,0.0,0.4258458784538821,14.179555348268238,2.467249841765337,0.0,0.0,0.0,0.0,64.39982113953187,7.425053027109904,True,False,True,False,True,9.05664821631034,0,0.9296672960055624,0.8044233606529708,False,False,False,False,0.3428282096348869,0.33349081725198776,False,False,False,False,-231173,-242152.6420665975,False,False,False,False,4254.552737707368,False,False,False,False
2024-09-30 00:00:00+00:00,15.2401811179,15.3751993338,15.2076923597,15.3751993338,1189,,,,,,,,,,,,,,,,,,,,,,,,,"rgba(38, 166, 154, 1.0)",0.0,0.0,0.42969563089652907,14.183038890274371,2.4602117210733048,0.0,0.0,0.0,0.0,64.87610527776162,8.236534218413937,True,False,True,False,True,9.144889291306722,0,0.9429809248653158,0.7870393880485338,False,False,False,False,0.34282821065630426,0.338159513954146,False,False,False,False,-229984,-241675.440416927,False,False,False,False,4134.334983287471,False,False,False,False
2024-10-01 00:00:00+00:00,15.2741044447,15.3414447798,15.2233038409,15.2570583949,2985,,,,,,,,,,,,,,,,,,,,,,,,,"rgba(38, 166, 154, 1.0)",0.0,0.0,0.4375420006223251,14.191547952389689,2.474177315024773,0.0,0.0,0.0,0.0,65.42229483693643,9.15441624171875,True,False,True,False,True,9.449813339575918,0,0.9403502460737512,0.8097110714811828,False,False,False,False,0.3388637615162996,0.3385116377352228,False,False,False,False,-226999,-241099.89373391026,False,False,False,False,4089.263023158551,False,False,False,False
2024-10-02 00:00:00+00:00,15.4571385136,15.4750284272,15.4005152493,15.4005152493,3435,,,,,,,,,,,,,,,,,,,,,,,,,"rgba(38, 166, 154, 1.0)",0.0,0.0,0.449535853979439,14.202745272641081,2.7904186726255937,0.0,0.0,0.0,0.0,66.97474354863087,11.009721732951647,True,False,True,False,True,11.079301200257369,0,0.9482924365227924,0.794554697408395,False,False,False,False,0.34282821413831593,0.34066992593676937,False,False,False,False,-223564,-240412.21162669812,False,False,False,False,4063.605649701353,False,False,False,False
2024-10-03 00:00:00+00:00,15.4924120225,15.5438877173,15.3498834183,15.3498834183,2759,,,,,,,,,,,,,,,,,,,,,,,,,"rgba(38, 166, 154, 1.0)",0.0,0.0,0.46164805984525237,14.316362108419781,2.547503209424163,0.0,0.0,0.0,0.0,68.22983131306883,12.53623110880146,True,False,True,False,True,11.39025189149515,0,0.9550018837762516,0.7863858993688828,False,False,False,False,0.3428282143369472,0.3417490701368583,False,False,False,False,-220805,-239643.3013668276,False,True,False,False,4012.4446438307114,False,True,False,False
2024-10-04 00:00:00+00:00,15.2132618611,15.2654970334,15.155794733,15.1979879255,2022,,,,,,,,,,,,,,,,,,,,,,,,,"rgba(38, 166, 154, 0.75)",0.0,0.0,0.46479325367111646,14.315547332298143,1.9314276223059619,0.0,0.0,0.0,0.0,65.26624480479441,12.53623110880146,True,False,True,False,False,8.124796531377864,0,0.9416982708520845,0.7953413254277011,False,False,False,False,0.2507563910998019,0.29625273061833013,False,False,False,False,-222827,-238983.83856812847,False,False,False,False,3934.387991131468,False,False,False,False
2024-10-07 00:00:00+00:00,15.2240633184,15.2654970334,15.1136015405,15.2148652025,11220,,,,,,,,,,,,,,,,,,,,,,,,,"rgba(38, 166, 154, 0.75)",0.0,0.0,0.46717788331970217,14.332728275412515,1.907913612377753,0.0,0.0,0.0,0.0,63.382862524981356,12.53623110880146,True,False,True,False,False,8.224455145937409,0,0.9381099433985484,0.8018337203345952,False,False,False,False,0.2427537946202791,0.26950326261930463,False,False,False,False,-211607,-237910.23705565283,False,False,False,False,4220.098265989058,False,False,False,False
2024-10-08 00:00:00+00:00,14.9874438951,15.0072746955,14.9479510669,15.000355012,4521,,,,,,,,,,,,,,,,,,,,,,,,,"rgba(38, 166, 154, 0.75)",0.0,0.0,0.4660578050386766,14.335325066195356,1.3992230617198376,0.0,0.0,0.0,0.0,59.324883790736855,14.988820662982278,True,False,True,False,False,5.5415119977981675,0,0.9196716782825471,0.8173158123107045,False,False,False,False,0.1638552107696961,0.21667923669450037,False,False,False,False,-216128,-237056.03168092135,False,False,False,False,4231.898333989487,False,False,False,False
2024-10-09 00:00:00+00:00,14.8252532632,14.9296392214,14.7591787238,14.8688810243,26496,,,,,,,,,,,,,,,,,,,,,,,,,"rgba(38, 166, 154, 0.75)",0.0,0.0,0.46161087539554596,14.344917437691233,1.0405643608313524,0.0,0.0,0.0,0.0,54.97899644484754,10.94336488714466,True,False,True,False,False,3.7655002122003083,0,0.9029958757760893,0.8178507508946102,False,False,False,False,0.11534082158287319,0.1660100291386868,False,False,False,False,-242624,-237274.38337970874,False,False,False,False,5105.000360107546,False,False,False,False
2024-10-10 00:00:00+00:00,14.9490480899,15.0038148538,14.8604423858,14.8604423858,9045,,,,,,,,,,,,,,,,,,,,,,,,,#000000,0.0,0.0,0.45989373342821743,14.352634035665426,1.296851883126746,0.0,0.0,0.0,0.0,53.41862014694219,9.555976080981303,True,False,False,False,False,4.968240224972764,0,0.9019758402515924,0.821066130444181,False,False,False,False,0.14721450455794097,0.15661226684831386,False,False,False,False,-233579,-237129.46638442605,False,False,False,False,5259.510149907251,False,False,False,False
2024-10-11 00:00:00+00:00,14.9640688665,15.0123378786,13.8646830436,13.8646830436,1512,,,,,,,,,,,,,,,,,,,,,,,,,#000000,0.0,0.0,0.45595189540173164,14.4106347337117,1.2137993906148343,0.0,0.0,0.0,0.0,52.54184990996315,8.701918123736924,False,False,False,False,False,5.114334534570759,0,0.8459964523815643,0.8274341819260012,False,False,False,False,-0.030139278800437784,0.06323649402393804,False,False,False,False,-232067,-236930.93829091915,False,False,False,False,5112.5489675579465,False,False,False,False
2024-10-14 00:00:00+00:00,14.7859292079,14.8773196627,14.7760560008,14.8182491933,6715,,,,,,,,,,,,,,,,,,,,,,,,,#000000,0.0,0.0,0.4512897339028801,14.421549243306941,0.8074191305922233,0.0,0.0,0.0,0.0,50.026583945761686,6.24091706709649,False,False,False,False,False,3.1416262911518693,0,0.9439758534351606,0.8050426270341943,False,False,False,False,0.10893197170324419,0.08608423286359111,False,False,False,False,-238782,-237003.52894617722,False,False,False,False,5175.390184516458,False,False,False,False
2024-10-15 00:00:00+00:00,14.3757269907,14.5819673155,14.3710013532,14.5313354845,35491,,,,,,,,,,,,,,,,,,,,,,,,,"rgba(239, 83, 80, 1.0)",0.0,0.0,0.4460669752542948,14.390706748775207,-0.03358185856880969,0.0,0.0,0.0,0.0,44.98806607172149,1.487339281662173,False,True,False,True,False,0.0,0,0.9465972168779758,0.7921602919485974,False,False,False,False,-0.04025858745329305,0.022912822705149032,False,False,False,False,-274273,-238465.07683064084,False,False,False,False,6364.237628260911,False,False,False,False
2024-10-16 00:00:00+00:00,14.4935303841,14.5566514,14.4722650151,14.4722650151,5159,,,,,,,,,,,,,,,,,,,,,,,,,"rgba(239, 83, 80, 1.0)",0.0,0.0,0.4411092476615853,14.389822945103086,0.2351060186261994,0.0,0.0,0.0,0.0,43.06365557827037,-0.25936397607895856,False,True,False,True,False,0.06875210956377842,0,0.9354423043972929,0.7950729676169656,False,False,False,False,-0.04848478238981931,-0.01278597984233514,False,False,False,False,-269114,-239666.995386302,False,False,False,False,6316.973407544797,False,False,False,False
2024-10-17 00:00:00+00:00,14.5057664099,14.539774123,14.4342911419,14.539774123,36567,,,,,,,,,,,,,,,,,,,,,,,,,"rgba(239, 83, 80, 1.0)",0.0,0.0,0.43177019264580946,14.384436551140032,0.28100563870905493,0.0,0.0,0.0,0.0,41.93263983984953,-1.3581922794342063,False,True,False,True,False,0.19382370524472847,0,0.9187273963017139,0.8100754226617639,False,False,False,False,-0.05964875968876496,-0.036217369765550046,False,False,False,False,-232547,-239387.77988095683,False,False,False,False,7503.248960190099,False,False,False,False
2024-10-18 00:00:00+00:00,14.6236541897,14.6494764234,14.5482127615,14.6494764234,1636,,,,,,,,,,,,,,,,,,,,,,,,,"rgba(239, 83, 80, 1.0)",0.0,0.0,0.41726403081795216,14.384766663326918,0.5725092716589947,0.0,0.0,0.0,0.0,42.65900579841738,-1.3581922794342063,False,True,False,True,False,1.4015450764390742,0,0.9253558525839418,0.7883332818309857,False,False,False,False,-0.01818281512946375,-0.027200092447506898,False,False,False,False,-230911,-239055.35714052717,False,False,False,False,7273.16076567284,False,False,False,False
2024-10-21 00:00:00+00:00,14.5286351202,14.5567357864,14.522896846,14.5566514,7654,,,,,,,,,,,,,,,,,,,,,,,,,"rgba(239, 83, 80, 1.0)",0.0,0.0,0.4114668019412028,14.384893778286255,0.34933885610116805,0.0,0.0,0.0,0.0,42.24235669724549,-1.372591925496252,False,True,False,True,False,0.4003503175552936,0,0.9137377485071853,0.7912351885461895,False,False,False,False,-0.04942684324848762,-0.03831346784799726,False,False,False,False,-238565,-239036.12744874178,False,False,False,False,7288.095637607239,False,False,False,False
2024-10-22 00:00:00+00:00,14.5473688977,15.5777266576,14.522896846,15.5777266576,4923,,,,,,,,,,,,,,,,,,,,,,,,14.882664133766667,"rgba(239, 83, 80, 1.0)",0.0,0.0,0.4110895341972087,14.455916760374512,0.2224628206701477,0.0,0.0,0.0,0.0,42.22069918496142,-1.7230249687660546,False,True,False,True,False,0.5965048160685029,0,0.9157073894572769,0.7310191664665525,False,False,False,False,0.16562895435432667,0.0636577432531647,False,False,False,False,-233642,-238824.5930389872,False,False,False,False,7195.346789073622,False,False,False,False
2024-10-23 00:00:00+00:00,14.13134402,14.2866149683,14.0840876444,14.2866149683,23394,,,,,,,,,,,,,,,,,,,,,,,,14.291708696978066,"rgba(239, 83, 80, 1.0)",0.0,0.0,0.4128083945123912,14.406918719023903,-0.6675607925788695,0.0,0.0,0.0,0.0,38.79530225240789,-5.259518382521122,False,True,False,True,False,0.0,0,0.8961878781179212,0.8254427627471368,False,False,False,False,-0.20027909554524143,-0.06831067614603836,False,False,False,False,-257036,-239538.7658609877,False,False,False,False,7830.5880914628915,False,False,False,False
2024-10-24 00:00:00+00:00,14.1305845425,14.1305845425,14.1305845425,14.1305845425,519,,,,,,,,,,,,,,,,,,,,,,,,14.288808730402463,"rgba(239, 83, 80, 1.0)",0.0,0.0,0.41395282352106894,14.406343782458174,-0.666161031618473,0.0,0.0,0.0,0.0,36.50651904648932,-7.599863860032848,False,True,False,True,False,0.0,0,0.8904078682077311,0.8472027355314847,False,False,False,False,-0.22423417927928985,-0.1462724277126641,False,False,False,False,-257555,-240245.28484683135,False,False,False,False,7543.85914669964,False,False,False,False
2024-10-25 00:00:00+00:00,14.1440019777,14.2274601124,14.1094035599,14.2274601124,4333,,,,,,,,,,,,,,,,,,,,,,,,14.272019621846768,"rgba(239, 83, 80, 1.0)",0.0,0.0,0.41561398889504786,14.40226503854089,-0.6214012707500721,0.0,0.0,0.0,0.0,35.193375946638625,-9.003097087210065,False,True,False,True,False,0.0,0,0.8851545598577095,0.856868382057605,False,False,False,False,-0.20765429576776356,-0.17696336174021382,False,False,False,False,-253222,-240754.1756371517,False,False,False,False,7417.943101731027,False,False,False,False
2024-10-28 00:00:00+00:00,14.0251015614,14.2612990528,14.0251015614,14.2612990528,15082,,,,,,,,,,,,,,,,,,,,,,,,14.219449215722682,"rgba(239, 83, 80, 1.0)",0.0,0.0,0.4191272264180545,14.387417913787626,-0.8644543459609028,0.0,0.0,0.0,0.0,33.40899878001735,-10.862547827427186,False,True,False,True,False,0.0,0,0.8745278439280562,0.8592852067856253,False,False,False,False,-0.21869449787094594,-0.19782892980557987,False,False,False,False,-268304,-241834.560906283,False,False,False,False,7718.494352643536,False,False,False,False
2024-10-29 00:00:00+00:00,13.9910938482,13.9954819403,13.9237535131,13.9828239825,10308,,,,,,,,,,,,,,,,,,,,,,,,14.175558591986418,"rgba(239, 83, 80, 1.0)",0.0,0.0,0.42303413073322943,14.374854368153454,-0.9071620752876259,0.0,0.0,0.0,0.0,31.96411047958311,-12.398286900948897,False,True,False,True,False,0.0,0,0.8600558422027266,0.8870321797751257,False,False,False,False,-0.30081449659952514,-0.2493217132025525,False,False,False,False,-278612,-243276.81341976213,False,False,False,False,7820.043593716339,False,False,False,False
2024-10-30 00:00:00+00:00,13.7641788592,13.8224898512,13.7044332986,13.7634193817,4281,,,,,,,,,,,,,,,,,,,,,,,,14.14750060717657,"rgba(239, 83, 80, 1.0)",0.0,0.0,0.4305868464276997,14.367611217069637,-1.4014184661606022,0.0,0.0,0.0,0.0,29.464522552480503,-14.909266721533356,False,True,False,True,False,0.0,0,0.8571277472596305,0.8824981137549532,False,False,False,False,-0.34282825441539394,-0.29607498380897324,False,False,False,False,-282893,-244830.3893640852,False,False,False,False,7681.257570433346,False,False,False,False
2024-10-31 00:00:00+00:00,13.7886509108,13.7887352972,13.7465421047,13.7465421047,1879,,,,,,,,,,,,,,,,,,,,,,,,14.136675349147804,"rgba(239, 83, 80, 1.0)",0.0,0.0,0.4377557147029398,14.364597013156011,-1.3156792316163084,0.0,0.0,0.0,0.0,28.262890997985423,-16.17495698157142,False,True,False,True,False,0.0,0,0.8575258848603403,0.8952622721292609,False,False,False,False,-0.34099155235927275,-0.31853326808412297,False,False,False,False,-281014,-246249.35448706223,False,False,False,False,7453.718057867332,False,False,False,False
2024-11-01 00:00:00+00:00,13.8174266681,13.974385344,13.8056125742,13.8478057666,10337,,,,,,,,,,,,,,,,,,,,,,,,14.099370486539264,"rgba(239, 83, 80, 1.0)",0.0,0.0,0.4439897196515382,14.351419351904244,-1.2027140723513705,0.0,0.0,0.0,0.0,28.038091239682423,-16.58001286165522,False,True,False,True,False,0.0,0,0.8626294448492239,0.884492039019176,False,False,False,False,-0.2881052969211551,-0.30331928250263906,False,False,False,False,-270677,-247207.30136992253,False,False,False,False,7566.787937950966,False,False,False,False
2024-11-04 00:00:00+00:00,13.7931233892,13.8628265431,13.7931233892,13.8393671281,1183,,,,,,,,,,,,,,,,,,,,,,,,14.094978980366163,"rgba(239, 83, 80, 1.0)",0.0,0.0,0.4499013237891179,14.349839304409503,-1.2374178198027543,0.0,0.0,0.0,0.0,27.693224347045437,-17.170815817216408,False,True,False,True,False,0.0,0,0.8609025768822283,0.9004757902185118,False,False,False,False,-0.31470022182626484,-0.3090097521644519,False,False,False,False,-271860,-248174.0738652197,False,False,False,False,7316.443312933281,False,False,False,False
2024-11-05 00:00:00+00:00,13.8140512127,14.1347194754,13.8140512127,14.1347194754,9367,,,,,,,,,,,,,,,,,,,,,,,,14.075935721784305,"rgba(239, 83, 80, 1.0)",0.0,0.0,0.4551616040507916,14.340243507432513,-1.1560559811055464,0.0,0.0,0.0,0.0,27.94241174091794,-17.214317290766843,False,True,False,True,False,0.0,0,0.851621251156546,0.8821679756391952,False,False,False,False,-0.25254087733335767,-0.2807753147489048,False,False,False,False,-262493,-248735.60038030913,False,False,False,False,7396.857300661388,False,False,False,False
2024-11-06 00:00:00+00:00,13.6211439367,13.6211439367,13.6211439367,13.6211439367,510,,,,,,,,,,,,,,,,,,,,,,,,14.073242333675324,"rgba(239, 83, 80, 1.0)",0.0,0.0,0.4644991013074392,14.33937052464103,-1.5462389182657559,0.0,0.0,0.0,0.0,26.530822015991717,-18.846066001223896,False,True,False,True,False,0.0,0,0.8506624870704497,0.9148191364765544,False,False,False,False,-0.34282825441539394,-0.31180178458214935,False,False,False,False,-263003,-249295.10624774802,False,False,False,False,7126.784465341334,False,False,False,False
2024-11-07 00:00:00+00:00,13.8388608098,13.9067918497,13.7296648277,13.7296648277,2458,,,,,,,,,,,,,,,,,,,,,,,,14.066356345368053,"rgba(239, 83, 80, 0.75)",0.0,0.0,0.4693650545664108,14.336412247942084,-1.0600521562085852,0.0,0.0,0.0,0.0,29.944262704811756,-18.846066001223896,False,True,False,True,True,0.0,0,0.8662013280875511,0.8973139164877165,False,False,False,False,-0.2647731737783095,-0.28828747918022946,False,False,False,False,-260545,-249736.27855175792,False,False,False,False,6943.694878465203,False,False,False,False
2024-11-08 00:00:00+00:00,13.6575144686,13.7212261892,13.5777693349,13.7212261892,2442,,,,,,,,,,,,,,,,,,,,,,,,14.05524354035211,"rgba(239, 83, 80, 0.75)",0.0,0.0,0.4770356262137654,14.33252940051247,-1.4150199582996923,0.0,0.0,0.0,0.0,30.55769177101842,-18.846066001223896,False,True,False,True,True,0.0,0,0.8412073311388686,0.9060502827189166,False,False,False,False,-0.33136881314052025,-0.30982814616037485,False,False,False,False,-262987,-250255.9146869831,False,False,False,False,6767.157824407745,False,False,False,False
2024-11-11 00:00:00+00:00,13.5716091288,13.6284011658,13.5693306964,13.6284011658,5787,,,,,,,,,,,,,,,,,,,,,,,,14.027417588714467,"rgba(239, 83, 80, 0.75)",0.0,0.0,0.48664960038124866,14.322784447226429,-1.5435650575649218,0.0,0.0,0.0,0.0,30.26737856213812,-18.846066001223896,False,True,False,True,True,0.0,0,0.8315067738182099,0.9211229209907922,False,False,False,False,-0.34282825441539394,-0.3263282002878844,False,False,False,False,-268774,-250982.11411102297,False,False,False,False,6728.720262666265,False,False,False,False
2024-11-12 00:00:00+00:00,13.3840181951,13.6874716353,13.3330488186,13.6874716353,10713,,,,,,,,,,,,,,,,,,,,,,,,13.971694560399435,"rgba(239, 83, 80, 0.75)",0.0,0.0,0.5006110421225384,14.291721263381353,-1.81319026530615,0.0,0.0,0.0,0.0,28.719697351721088,-18.846066001223896,False,True,False,True,True,0.0,0,0.8516552154393208,0.9137045028264726,False,False,False,False,-0.34282825441539394,-0.33457822735163917,False,False,False,False,-279487,-252099.9527733358,False,False,False,False,6884.966526875431,False,False,False,False
2024-11-13 00:00:00+00:00,13.5103446133,13.5229181847,13.4005579265,13.4005579265,2128,,,,,,,,,,,,,,,,,,,,,,,,13.962111644867184,"rgba(239, 83, 80, 0.75)",0.0,0.0,0.5107391364142115,14.288092590018426,-1.522789074240181,0.0,0.0,0.0,0.0,29.969693104049934,-18.846066001223896,False,True,False,True,True,0.0,0,0.8313059248890091,0.9269991285425758,False,False,False,False,-0.34282825441539394,-0.33870324088351655,False,False,False,False,-277359,-253090.5036449697,False,False,False,False,6698.418819939139,False,False,False,False
2024-11-14 00:00:00+00:00,13.5707652649,13.6761638597,13.5389515978,13.6761638597,1941,,,,,,,,,,,,,,,,,,,,,,,,13.955730913807503,"rgba(239, 83, 80, 0.75)",0.0,0.0,0.5175911075083193,14.28606621752003,-1.381980760959138,0.0,0.0,0.0,0.0,31.842679943346617,-22.34875126938847,False,True,False,True,True,0.0,0,0.8496733873809499,0.9048157678539427,False,False,False,False,-0.28933157907439294,-0.3140174099789548,False,False,False,False,-275418,-253966.09173732385,False,False,False,False,6511.853376019957,False,False,False,False
2024-11-15 00:00:00+00:00,13.478699719,13.5392891433,13.442751119,13.4765056729,2135,,,,,,,,,,,,,,,,,,,,,,,,13.946929247015202,"rgba(239, 83, 80, 0.75)",0.0,0.0,0.5274197930257938,14.282485092043066,-1.523995465607709,0.0,0.0,0.0,0.0,32.23897484185819,-21.855261920053852,False,True,False,True,True,0.0,0,0.8507019648764371,0.907228427944763,False,False,False,False,-0.3319419429402268,-0.3229796764595908,False,False,False,False,-277553,-254891.0685319386,False,False,False,False,6340.21206715643,False,False,False,False
2024-11-18 00:00:00+00:00,13.6999608202,13.7423227855,13.6874716353,13.6959102738,4412,,,,,,,,,,,,,,,,,,,,,,,,13.938077354244964,"rgba(239, 83, 80, 0.75)",0.0,0.0,0.5308208262097668,14.2795959787437,-1.0919600926031556,0.0,0.0,0.0,0.0,36.066499358026974,-18.16547283488557,False,True,False,True,True,0.0,0,0.8552700429921459,0.8896106161094448,False,False,False,False,-0.25097231415202786,-0.2869759953058093,False,False,False,False,-273141,-255606.7521189214,False,False,False,False,6264.595907660099,False,False,False,False
2024-11-19 00:00:00+00:00,13.8162452587,13.8562444051,13.6959102738,13.6959102738,8405,,,,,,,,,,,,,,,,,,,,,,,,13.928206146583019,"rgba(239, 83, 80, 0.75)",0.0,0.0,0.5282901148378427,14.275032042884913,-0.8684371925560938,0.0,0.0,0.0,0.0,40.203083926949034,-14.35169846843202,False,True,False,True,True,0.0,0,0.8746178014308923,0.8792990742673031,False,False,False,False,-0.2294347789245774,-0.25820538711519336,False,False,False,False,-264736,-255964.761839748,False,False,False,False,6348.533323045978,False,False,False,False
2024-11-20 00:00:00+00:00,13.7575967211,13.8562444051,13.7549807432,13.8056125742,3185,,,,,,,,,,,,,,,,,,,,,,,,13.92480319751614,"rgba(239, 83, 80, 0.5)",0.0,0.0,0.5288654317469565,14.272915201119696,-0.9743848795665991,0.0,0.0,0.0,0.0,42.237331095974895,-12.584623915334191,False,False,False,True,True,0.0,0,0.8694451294098644,0.8821349304061322,False,False,False,False,-0.21911290344343304,-0.2386591452793132,False,False,False,False,-267921,-256433.6339244638,False,False,False,False,6224.47319273045,False,False,False,False
2024-11-21 00:00:00+00:00,13.6132116165,13.6705943583,13.5777693349,13.6451940564,25942,,,,,,,,,,,,,,,,,,,,,,,,13.874094091223839,"rgba(239, 83, 80, 0.5)",0.0,0.0,0.5311259834468356,14.241972346638628,-1.1838259654671288,0.0,0.0,0.0,0.0,41.92437843295995,-12.584623915334191,False,False,False,True,True,0.0,0,0.8491362435442833,0.9077592158773999,False,False,False,False,-0.28333889423174613,-0.26099901975552964,False,False,False,False,-293863,-257901.4522019358,False,False,False,False,6997.70953811357,False,False,False,False
2024-11-22 00:00:00+00:00,13.5868830644,13.5868830644,13.5524534194,13.5524534194,3177,,,,,,,,,,,,,,,,,,,,,,,,13.868120001245343,"rgba(239, 83, 80, 0.75)",0.0,0.0,0.5356230625251408,14.238080423296783,-1.2157754295096597,0.0,0.0,0.0,0.0,41.42348750311923,-12.584623915334191,False,True,False,True,True,0.0,0,0.8294946691877022,0.9219372322906144,False,False,False,False,-0.30306671304039523,-0.28203286639796243,False,False,False,False,-297040,-259436.2972136246,False,False,False,False,6847.877791520881,False,False,False,False
2024-11-25 00:00:00+00:00,13.3698412824,13.5018215884,13.3698412824,13.5018215884,3290,,,,,,,,,,,,,,,,,,,,,,,,13.858901538503765,"rgba(239, 83, 80, 1.0)",0.0,0.0,0.5444325145029809,14.232753751233052,-1.5849759994970458,0.0,0.0,0.0,0.0,38.91440708690304,-12.584623915334191,False,True,False,True,False,0.0,0,0.8140465274647435,0.9339958426951931,False,False,False,False,-0.34282825441539394,-0.31243056040667816,False,False,False,False,-300330,-261039.97183269815,False,False,False,False,6708.353172245553,False,False,False,False
2024-11-26 00:00:00+00:00,13.2177770168,13.3405592068,13.1727146872,13.3330488186,3145,,,,,,,,,,,,,,,,,,,,,,,,13.847194694797244,"rgba(239, 83, 80, 1.0)",0.0,0.0,0.558307563168058,14.226429820180622,-1.8066257201624265,0.0,0.0,0.0,0.0,35.99149496903812,-8.963962570637861,False,True,False,True,False,0.0,0,0.7921526965235289,0.9543821121796265,False,False,False,False,-0.34282825441539394,-0.3276294074110361,False,False,False,False,-303475,-262704.09058435704,False,False,False,False,6568.613832157492,False,False,False,False
2024-11-27 00:00:00+00:00,13.1644448215,13.2519535027,13.1305214947,13.1895919642,3650,,,,,,,,,,,,,,,,,,,,,,,,13.832828395216273,"rgba(239, 83, 80, 1.0)",0.0,0.0,0.5734676646149843,14.21873575379976,-1.8384487868336756,0.0,0.0,0.0,0.0,33.63149967414968,-11.170686597303053,False,True,False,True,False,0.0,0,0.7840272359256574,0.9656571387816215,False,False,False,False,-0.34282825441539394,-0.335228830913215,False,False,False,False,-307125,-264446.0870320293,False,False,False,False,6454.158387759158,False,False,False,False
2024-11-29 00:00:00+00:00,13.2360044759,13.2360044759,13.1727146872,13.1727146872,3185,,,,,,,,,,,,,,,,,,,,,,,,13.82139346751249,"rgba(239, 83, 80, 1.0)",0.0,0.0,0.5865897489287938,14.212453066204953,-1.664619254066583,0.0,0.0,0.0,0.0,33.408426761504444,-11.413115434532472,False,True,False,True,False,0.0,0,0.7806611509520017,0.9861646681399383,False,False,False,False,-0.33852561936182723,-0.3368772251375211,False,False,False,False,-303940,-265994.867932734,False,False,False,False,6325.956098043113,False,False,False,False
2024-12-02 00:00:00+00:00,13.1917016238,13.2148234933,13.1218296971,13.1811533257,4806,,,,,,,,,,,,,,,,,,,,,,,,13.803864385555885,"rgba(239, 83, 80, 1.0)",0.0,0.0,0.6002696821972295,14.20280487491696,-1.6844149906353991,0.0,0.0,0.0,0.0,32.849265194606545,-12.082967868593528,False,True,False,True,False,0.0,0,0.7920506222650975,0.9786381043437468,False,False,False,False,-0.34282825441539394,-0.3398527397764575,False,False,False,False,-308746,-267671.38291576406,False,False,False,False,6266.349976551226,False,False,False,False
2024-12-03 00:00:00+00:00,13.3670565317,13.3670565317,13.3176904965,13.3176904965,4514,,,,,,,,,,,,,,,,,,,,,,,,13.79258720536101,"rgba(239, 83, 80, 0.75)",0.0,0.0,0.6091397137083089,14.195854696527732,-1.360604383815646,0.0,0.0,0.0,0.0,35.659918512443966,-12.082967868593528,False,True,False,True,True,0.0,0,0.8001546766976092,0.9686556508871672,False,False,False,False,-0.28723305804673277,-0.31354289891159515,False,False,False,False,-304232,-269105.13260534196,False,False,False,False,6197.630369627649,False,False,False,False
2024-12-04 00:00:00+00:00,13.2608984595,13.3667189862,13.2486624336,13.3330488186,4004,,,,,,,,,,,,,,,,,,,,,,,,13.781780304696662,"rgba(239, 83, 80, 0.75)",0.0,0.0,0.6193491485091722,14.189310518203294,-1.4990124083290721,0.0,0.0,0.0,0.0,36.36103712371058,-12.082967868593528,False,True,False,True,True,0.0,0,0.7822683802982581,0.9819242248729926,False,False,False,False,-0.2981647866693776,-0.3058538427904864,False,False,False,False,-308236,-270639.67642474035,False,False,False,False,6111.605649250095,False,False,False,False
2024-12-05 00:00:00+00:00,13.2363420214,13.2751597585,13.2149078797,13.2751597585,4595,,,,,,,,,,,,,,,,,,,,,,,,13.768731506937744,"rgba(239, 83, 80, 0.75)",0.0,0.0,0.6303391908757938,14.18147890108562,-1.4994099896794393,0.0,0.0,0.0,0.0,36.56128798063716,-12.082967868593528,False,True,False,True,True,0.0,0,0.7796703675295935,0.9901232865052412,False,False,False,False,-0.31809261361182223,-0.3119732282011543,False,False,False,False,-312831,-272294.2381335741,False,False,False,False,6052.130917906954,False,False,False,False
2024-12-06 00:00:00+00:00,13.0837714375,13.2486624336,13.0208191943,13.1980306027,8178,,,,,,,,,,,,,,,,,,,,,,,,13.741872256012169,"rgba(239, 83, 80, 0.75)",0.0,0.0,0.6439808798902077,14.165866357958928,-1.6803215037120585,0.0,0.0,0.0,0.0,35.13404978202948,-12.082967868593528,False,True,False,True,True,0.0,0,0.7583437735495171,1.0196484292885661,False,False,False,False,-0.34282825441539394,-0.3274007413082741,False,False,False,False,-321009,-274204.6209518653,False,False,False,False,6135.498332890996,False,False,False,False
2024-12-09 00:00:00+00:00,13.1815752576,13.2828389195,13.1815752576,13.2739783491,4173,,,,,,,,,,,,,,,,,,,,,,,,13.731015201146983,"rgba(239, 83, 80, 0.75)",0.0,0.0,0.6547256382707849,14.15904071236599,-1.4929390230503292,0.0,0.0,0.0,0.0,36.03360222890214,-12.082967868593528,False,True,False,True,True,0.0,0,0.7610769277945425,1.0074284212463729,False,False,False,False,-0.3119150934739817,-0.3196579173911279,False,False,False,False,-316836,-275876.43973806663,False,False,False,False,6058.537613954094,False,False,False,False
2024-12-10 00:00:00+00:00,13.133643791,13.151618091,13.133643791,13.151618091,3555,,,,,,,,,,,,,,,,,,,,,,,,13.720806418721507,"rgba(239, 83, 80, 0.75)",0.0,0.0,0.6649829451634628,14.152784816728218,-1.5325822010032106,0.0,0.0,0.0,0.0,36.09943298234911,-12.082967868593528,False,True,False,True,True,0.0,0,0.7550859312967565,1.0223601222268144,False,False,False,False,-0.3403028828073027,-0.3299804000992153,False,False,False,False,-320391,-277622.10876794637,False,False,False,False,5960.359668308835,False,False,False,False
2024-12-11 00:00:00+00:00,13.0851216197,13.1473987717,13.0316206516,13.1298464037,4263,,,,,,,,,,,,,,,,,,,,,,,,13.707973563470498,"rgba(239, 83, 80, 0.75)",0.0,0.0,0.6754439698974357,14.144988749946753,-1.5691414498936018,0.0,0.0,0.0,0.0,35.59962289685201,-12.082967868593528,False,True,False,True,True,0.0,0,0.744135143759697,1.019628995562523,False,False,False,False,-0.34282825441539394,-0.3364043272573046,False,False,False,False,-324654,-279466.4966593995,False,False,False,False,5893.79654406143,False,False,False,False
2024-12-12 00:00:00+00:00,12.9064756428,12.9786260019,12.894914708,12.9786260019,1579,,,,,,,,,,,,,,,,,,,,,,,,13.702148241751141,"rgba(239, 83, 80, 1.0)",0.0,0.0,0.6886750383059858,14.141628238803076,-1.7935202051773567,0.0,0.0,0.0,0.0,33.48788616258065,-12.516388203575247,False,True,False,True,False,0.0,0,0.7264468370944606,1.0385771072461112,False,False,False,False,-0.34282825441539394,-0.33961629083634925,False,False,False,False,-326233,-281300.4771825603,False,False,False,False,5724.5888364511775,False,False,False,False
2024-12-13 00:00:00+00:00,12.9673182263,12.9673182263,12.9083321432,12.9083321432,1235,,,,,,,,,,,,,,,,,,,,,,,,13.697773871767659,"rgba(239, 83, 80, 1.0)",0.0,0.0,0.7012679045183862,14.13907273445533,-1.670908508154332,0.0,0.0,0.0,0.0,33.36783157785813,-12.807512216706712,False,True,False,True,False,0.0,0,0.7288659303295216,1.0464117637633754,False,False,False,False,-0.34248470916085116,-0.3410504999986002,False,False,False,False,-324998,-283014.10552834225,False,False,False,False,5548.526529139366,False,False,False,False
2024-12-16 00:00:00+00:00,12.7995580931,12.9195555324,12.792975955,12.9195555324,4638,,,,,,,,,,,,,,,,,,,,,,,,13.679439084765505,"rgba(239, 83, 80, 1.0)",0.0,0.0,0.7166294153935422,14.128609185667603,-1.8545862952579824,0.0,0.0,0.0,0.0,31.718527757779434,-14.544412716102698,False,True,False,True,False,0.0,0,0.7331670621873038,1.0422221328191186,False,False,False,False,-0.34282825441539394,-0.3419393772069971,False,False,False,False,-329636,-284842.4151154661,False,False,False,False,5512.819606428019,False,False,False,False
2024-12-17 00:00:00+00:00,12.6073259082,12.6663963776,12.5566940772,12.6663963776,15362,,,,,,,,,,,,,,,,,,,,,,,,13.608942626782335,"rgba(239, 83, 80, 1.0)",0.0,0.0,0.7339656321893208,14.089129586598727,-2.0189006315986564,0.0,0.0,0.0,0.0,29.179867454858552,-17.03615623014268,False,True,False,True,False,0.0,0,0.728458280445827,1.0532012474608679,False,False,False,False,-0.34282825441539394,-0.3423838158111955,False,False,False,False,-344998,-287201.45765995764,False,False,False,False,5899.0619748033905,False,False,False,False
2024-12-18 00:00:00+00:00,12.4330680233,12.7001509316,12.4330680233,12.6242031852,13516,,,,,,,,,,,,,,,,,,,,,,,,13.549356032056604,"rgba(239, 83, 80, 1.0)",0.0,0.0,0.75772105491842,14.05470463798093,-2.140149866701965,0.0,0.0,0.0,0.0,26.430510001436517,-19.628929912251106,False,True,False,True,False,0.0,0,0.7325930419652134,1.0461338271963907,False,False,False,False,-0.34282825441539394,-0.3426060351132947,False,False,False,False,-358514,-289998.02794780245,False,False,False,False,6197.765426771885,False,False,False,False
2024-12-19 00:00:00+00:00,12.4551772562,12.5333190486,12.4469917768,12.5333190486,3699,,,,,,,,,,,,,,,,,,,,,,,,13.533526024391737,"rgba(239, 83, 80, 1.0)",0.0,0.0,0.7794113980599776,14.045377857608567,-2.0402583351574197,0.0,0.0,0.0,0.0,25.072778857142975,-20.874238066838856,False,True,False,True,False,0.0,0,0.7494201973008003,1.0594429045763878,False,False,False,False,-0.34282825441539394,-0.34271714476434434,False,False,False,False,-354815,-292539.8699890651,False,False,False,False,6099.774625722008,False,False,False,False
2024-12-20 00:00:00+00:00,12.4637846674,12.5060622463,12.3879213074,12.3879213074,4241,,,,,,,,,,,,,,,,,,,,,,,,13.515511051274315,"rgba(239, 83, 80, 1.0)",0.0,0.0,0.7999615361128185,13.967891687749537,-1.8802241763501646,0.0,0.0,0.0,0.0,24.365915529836997,-21.556707459463045,False,True,False,True,False,0.0,0,0.7359082522255727,1.0729479082823221,False,False,False,False,-0.34282825441539394,-0.3427726995898691,False,False,False,False,-350574,-294815.718224788,False,False,False,False,6026.881503144674,False,False,False,False
2024-12-23 00:00:00+00:00,12.7592214011,12.7592214011,12.5060622463,12.5060622463,19190,,,,,,,,,,,,,,,,,,,,,,,,13.45655968072295,"rgba(239, 83, 80, 0.75)",0.0,0.0,0.8127862061734683,13.938848364574877,-1.4513373314102682,0.0,0.0,0.0,0.0,29.657054948799832,-24.764930106712164,False,True,False,True,True,0.0,0,0.8247383427160334,1.0493651158899766,False,False,False,False,-0.2908680295804574,-0.31682036458516327,False,False,False,False,-331384,-296249.76849048265,False,False,False,False,6543.08222851155,False,False,False,False
2024-12-24 00:00:00+00:00,12.9712,13.01,12.83,12.9,6369,,,,,,,,,,,,,,,,,,,,,,,,13.444744251528283,"rgba(239, 83, 80, 0.5)",0.0,0.0,0.8212135198395352,13.932799398765388,-1.170949303115814,0.0,0.0,0.0,0.0,36.18136097063429,-18.90079447738583,False,False,False,True,True,0.0,0,0.7663131905841588,1.0252463958654805,False,False,False,False,-0.2132569340169087,-0.265038649301036,False,False,False,False,-325015,-297377.81678497355,False,False,False,False,6536.255474452274,False,False,False,False
2024-12-26 00:00:00+00:00,13.0057,13.04,12.98,12.98,136697,,,,,,,,,,,,,,,,,,,,,,,,13.301666280881385,"rgba(239, 83, 80, 0.5)",0.0,0.0,0.8287410424054983,13.79827395427201,-0.9563589996357508,0.0,0.0,0.0,0.0,40.97475081426028,-14.824134464192078,True,False,False,True,True,0.0,0,0.7967189296093417,1.012111809301892,False,False,False,False,-0.18950104569189744,-0.22726984749646673,False,False,False,False,-188318,-293100.9612247785,False,False,False,False,11640.598397022773,False,False,False,False
2024-12-27 00:00:00+00:00,12.975,13.13,12.93,13.13,10298,,,,,,,,,,,,,,,,,,,,,,,,13.294672709042906,"rgba(239, 83, 80, 0.5)",0.0,0.0,0.8365198739669902,13.789500357103117,-0.9736772340393414,0.0,0.0,0.0,0.0,43.74849717490275,-12.618182535890753,True,False,False,True,True,0.0,0,0.7912312328086819,1.0100602951524422,False,False,False,False,-0.1842514416872263,-0.2057606445918465,False,False,False,False,-198616,-289395.66862772836,False,False,False,False,11587.94747949247,False,False,False,False
2024-12-30 00:00:00+00:00,12.9532,13.0,12.89,12.97,4224,,,,,,,,,,,,,,,,,,,,,,,,13.291274489639646,#000000,0.0,0.0,0.8435053401207122,13.785558201962829,-0.9867847450067251,0.0,0.0,0.0,0.0,45.28256163363396,-11.429406256990902,True,False,False,False,True,0.0,0,0.7911143960605771,1.022258067199391,False,False,False,False,-0.20663535859665985,-0.20619800159425317,False,False,False,False,-202840,-286001.32868154295,False,False,False,False,11299.165225394727,False,False,False,False
2024-12-31 00:00:00+00:00,12.995,13.04,12.9,13.04,13442,,,,,,,,,,,,,,,,,,,,,,,,13.281814945951655,#000000,0.0,0.0,0.8489933702430159,13.773886981385527,-0.9174241032796038,0.0,0.0,0.0,0.0,46.97453018885598,-9.931774987069574,True,False,False,False,True,0.0,0,0.784396705360612,1.032548122280195,False,False,False,False,-0.20003160175378767,-0.2031148016740204,False,False,False,False,-189398,-282212.9628508942,False,False,False,False,11383.197961653757,False,False,False,False
2025-01-02 00:00:00+00:00,13.115,13.1995,13.08,13.14,15875,,,,,,,,,,,,,,,,,,,,,,,,13.276633798994919,"rgba(38, 166, 154, 1.0)",0.0,0.0,0.8511919949494436,13.7267542202772,-0.7187029764225349,0.0,0.0,0.0,0.0,49.91170871561421,-7.1824759752243,True,False,True,False,True,0.0,0,0.8067652895247691,1.0118766685572516,False,False,False,False,-0.15561432054256016,-0.1793645611082903,False,False,False,False,-173523,-277950.6113665454,False,False,False,False,11559.347061196748,False,False,False,False
2025-01-03 00:00:00+00:00,13.0639,13.1228,13.02,13.08,6283,,,,,,,,,,,,,,,,,,,,,,,,13.273838040514976,"rgba(38, 166, 154, 1.0)",0.0,0.0,0.8515738938942614,13.721645265214542,-0.772387775072181,0.0,0.0,0.0,0.0,50.96387005226328,-6.1514059494622515,True,False,True,False,True,0.0,0,0.7777850356280224,1.143612824177099,False,False,False,False,-0.0932009339616238,-0.13628274753495706,False,False,False,False,-179806,-274101.80307766126,False,False,False,False,11352.431490169425,False,False,False,False
2025-01-06 00:00:00+00:00,13.021,13.18,13.02,13.16,10685,,,,,,,,,,,,,,,,,,,,,,,,13.269359113176977,"rgba(38, 166, 154, 1.0)",0.0,0.0,0.8516807185883307,13.714007654649478,-0.8136941925821035,0.0,0.0,0.0,0.0,50.90370082305577,-6.033589469171773,True,False,True,False,True,0.0,0,0.7974529193133945,1.014962545179028,False,False,False,False,-0.07980570249245868,-0.10804422501370786,False,False,False,False,-190491,-270822.9480550079,False,False,False,False,11326.257706241213,False,False,False,False
2025-01-07 00:00:00+00:00,13.0201,13.0201,12.98,12.98,2701,,,,,,,,,,,,,,,,,,,,,,,,13.267882013037342,"rgba(38, 166, 154, 1.0)",0.0,0.0,0.8461175780706772,13.711670560985272,-0.817345696282775,0.0,0.0,0.0,0.0,50.846785790954755,-5.778943725345734,True,False,True,False,True,0.0,0,0.7878288749978466,1.01534597153673,False,False,False,False,-0.118509227047115,-0.11327672603041143,False,False,False,False,-193192,-267778.59715089,False,False,False,False,10988.012305996459,False,False,False,False
2025-01-08 00:00:00+00:00,12.9514,12.9654,12.866,12.92,8471,,,,,,,,,,,,,,,,,,,,,,,,13.261983700495518,#000000,0.0,0.0,0.8466355094481985,13.703071524001484,-0.8878336847593268,0.0,0.0,0.0,0.0,49.507846894717396,-5.778943725345734,True,False,False,False,True,0.0,0,0.7743180452313694,1.0271050474533783,False,False,False,False,-0.1487108181091749,-0.13099377206979318,False,False,False,False,-201663,-265185.8286351688,False,False,False,False,10889.305941055421,False,False,False,False
2025-01-10 00:00:00+00:00,12.7248,12.82,12.71,12.8,5619,,,,,,,,,,,,,,,,,,,,,,,,13.256182137523364,"rgba(239, 83, 80, 0.5)",0.0,0.0,0.8495337131396631,13.695480538312754,-1.1426039052945443,0.0,0.0,0.0,0.0,45.208853432606844,-5.778943725345734,True,False,False,True,False,0.0,0,0.7609070186205774,1.0329243298832025,False,False,False,False,-0.1950212902056037,-0.16300753113769845,False,False,False,False,-207282,-262915.09025731904,False,False,False,False,10682.627276700307,False,False,False,False
2025-01-13 00:00:00+00:00,12.7845,12.7845,12.61,12.61,2076,,,,,,,,,,,,,,,,,,,,,,,,13.25396624644079,"rgba(239, 83, 80, 0.5)",0.0,0.0,0.8439010924194542,13.69267672555797,-1.0761648891272775,0.0,0.0,0.0,0.0,43.599634160767636,-0.1359792596283924,True,False,False,True,False,0.0,0,0.7596032860304791,1.0083640193040764,False,False,False,False,-0.22561287995491036,-0.1943102055463044,False,False,False,False,-205206,-260651.98867860064,False,False,False,False,10345.112481535589,False,False,False,False
2025-01-14 00:00:00+00:00,12.7917,12.7917,12.7414,12.7414,1511,,,,,,,,,,,,,,,,,,,,,,,,13.252512532452911,"rgba(239, 83, 80, 0.5)",0.0,0.0,0.8396764180550601,13.690835976044983,-1.0708124662207958,0.0,0.0,0.0,0.0,42.68240493135569,-1.1883935961339773,True,False,False,True,False,0.0,0,0.7919655628238993,1.0071676066656217,False,False,False,False,-0.19432581677084648,-0.19431801115857544,False,False,False,False,-203695,-258418.38127943984,False,False,False,False,9998.676697945959,False,False,False,False
2025-01-15 00:00:00+00:00,12.7801,12.89,12.75,12.89,3701,,,,,,,,,,,,,,,,,,,,,,,,13.249223226232337,"rgba(239, 83, 80, 0.5)",0.0,0.0,0.8254416821308387,13.68668082578058,-1.0982978512065034,0.0,0.0,0.0,0.0,41.884587924286656,-2.183859995665351,True,False,False,True,False,0.0,0,0.7903468918675167,0.9908407720019499,False,False,False,False,-0.17045171880568213,-0.1823848649821288,False,False,False,False,-207396,-256417.5035822069,False,False,False,False,9751.70898430102,False,False,False,False
2025-01-16 00:00:00+00:00,12.6138,12.68,12.6138,12.67,2168,,,,,,,,,,,,,,,,,,,,,,,,13.246583662016404,"rgba(239, 83, 80, 0.5)",0.0,0.0,0.8144242264903558,13.683518973670141,-1.3134665434498947,0.0,0.0,0.0,0.0,38.9689454792214,-5.1585540950753455,True,False,False,True,False,0.0,0,0.7727817211564673,1.0251836775560526,False,False,False,False,-0.24861673147431418,-0.2155007982282215,False,False,False,False,-209564,-254580.11128486547,False,False,False,False,9454.308631975491,False,False,False,False
2025-01-17 00:00:00+00:00,12.43,12.54,12.43,12.45,11417,,,,,,,,,,,,,,,,,,,,,,,,13.229300312891201,"rgba(239, 83, 80, 0.5)",0.0,0.0,0.8048203256953862,13.664014043324489,-1.5332789244087095,0.0,0.0,0.0,0.0,35.06460542401219,-8.94166558413717,False,False,False,True,False,0.0,0,0.7640791022116585,1.0193201468477069,False,False,False,False,-0.3245068308804455,-0.27000381455433353,False,False,False,False,-220981,-253262.49907761585,False,False,False,False,9531.27692091763,False,False,False,False
2025-01-21 00:00:00+00:00,12.405,12.46,12.38,12.46,13909,,,,,,,,,,,,,,,,,,,,,,,,13.207894159004915,"rgba(239, 83, 80, 1.0)",0.0,0.0,0.7928282974272519,13.641122160832307,-1.5591297193144535,0.0,0.0,0.0,0.0,32.226679708475416,-11.625403457772713,False,True,False,True,False,0.0,0,0.7500518235673592,1.0667668538878083,False,False,False,False,-0.34282825441539394,-0.30641603448486376,False,False,False,False,-234890,-252542.00891770935,False,False,False,False,9702.952335783606,False,False,False,False
2025-01-22 00:00:00+00:00,12.3143,12.36,12.3,12.36,3081,,,,,,,,,,,,,,,,,,,,,,,,13.202781443142616,"rgba(239, 83, 80, 1.0)",0.0,0.0,0.7747669441968897,13.635825142566043,-1.7057066676172075,0.0,0.0,0.0,0.0,29.506530142138107,-14.182574470976945,False,True,False,True,False,0.0,0,0.7364702650918137,1.0337819024701573,False,False,False,False,-0.34282825441539394,-0.3246221444501288,False,False,False,False,-237971,-251970.5968032894,False,False,False,False,9443.267930458758,False,False,False,False
2025-01-23 00:00:00+00:00,12.406,12.43,12.37,12.37,4364,,,,,,,,,,,,,,,,,,,,,,,,13.196268331190563,"rgba(239, 83, 80, 1.0)",0.0,0.0,0.7507990810576186,13.629071383727862,-1.6290262129849342,0.0,0.0,0.0,0.0,30.07897978561585,-14.182574470976945,False,True,False,True,False,0.0,0,0.7325142588804946,1.043795499969035,False,False,False,False,-0.3080817303225495,-0.31635193738633915,False,False,False,False,-233607,-251250.45575218002,False,False,False,False,9244.080952793709,False,False,False,False
2025-01-24 00:00:00+00:00,12.3663,12.43,12.32,12.43,8735,,,,,,,,,,,,,,,,,,,,,,,,13.183065858404863,"rgba(239, 83, 80, 1.0)",0.0,0.0,0.7342988392174393,13.615561912031527,-1.7012990424482983,0.0,0.0,0.0,0.0,30.0134720966418,-14.182574470976945,False,True,False,True,False,0.0,0,0.7539878110923736,1.035680093318176,False,False,False,False,-0.3204046554858129,-0.318378296436076,False,False,False,False,-242342,-250901.10454621218,False,False,False,False,9224.116993860622,False,False,False,False
2025-01-27 00:00:00+00:00,12.5026,12.5199,12.37,12.37,8556,,,,,,,,,,,,,,,,,,,,,,,,13.17195996071128,"rgba(239, 83, 80, 0.75)",0.0,0.0,0.7124816675398591,13.604138796414436,-1.5460591431327064,0.0,0.0,0.0,0.0,33.23254967069505,-14.182574470976945,False,True,False,True,True,0.0,0,0.7671028260429886,1.0147310310975166,False,False,False,False,-0.286148552130097,-0.3022634242830865,False,False,False,False,-233786,-250229.92397577252,False,False,False,False,9197.916327434716,False,False,False,False
2025-01-28 00:00:00+00:00,12.401,12.51,12.3511,12.51,10736,,,,,,,,,,,,,,,,,,,,,,,,13.157673996284469,"rgba(239, 83, 80, 0.75)",0.0,0.0,0.6978390095271949,13.589609974418105,-1.703272471430654,0.0,0.0,0.0,0.0,34.02043980003552,-14.182574470976945,False,True,False,True,True,0.0,0,0.7902465141272035,1.0244077112068057,False,False,False,False,-0.29314491447589724,-0.29770416937949185,False,False,False,False,-244522,-250006.0838198599,False,False,False,False,9258.233334201981,False,False,False,False
2025-01-29 00:00:00+00:00,12.45,12.4799,12.4116,12.4116,6420,,,,,,,,,,,,,,,,,,,,,,,,13.14968541305873,"rgba(239, 83, 80, 0.75)",0.0,0.0,0.6852184765713951,13.581458465296212,-1.6512375307765395,0.0,0.0,0.0,0.0,35.65499335450876,-14.182574470976945,False,True,False,True,True,0.0,0,0.7883925670100009,1.0071576351532896,False,False,False,False,-0.2857606696609756,-0.2917324195202337,False,False,False,False,-238102,-249539.25700339483,False,False,False,False,9146.930066194062,False,False,False,False
2025-01-30 00:00:00+00:00,12.4964,12.55,12.4501,12.49,4445,,,,,,,,,,,,,,,,,,,,,,,,13.144657908124472,"rgba(239, 83, 80, 0.5)",0.0,0.0,0.6661277892068481,13.576265856142788,-1.6211091529878587,0.0,0.0,0.0,0.0,37.78450030889418,-18.00583895253385,False,False,False,True,True,0.0,0,0.7767045606850069,1.018125357498894,False,False,False,False,-0.25962144485005156,-0.27567693218514266,False,False,False,False,-233657,-248916.42339541856,False,False,False,False,8962.54065183351,False,False,False,False
2025-01-31 00:00:00+00:00,12.395,12.56,12.395,12.54,7528,,,,,,,,,,,,,,,,,,,,,,,,13.135687661401036,"rgba(239, 83, 80, 0.5)",0.0,0.0,0.6460478650611063,13.567092617159826,-1.814250430266439,0.0,0.0,0.0,0.0,37.67167277398613,-17.92246661214849,False,False,False,True,True,0.0,0,0.78772309590365,1.00230418837135,False,False,False,False,-0.2704326843846344,-0.27305480828488854,False,False,False,False,-241185,-248613.23032108843,False,False,False,False,8906.284155683177,False,False,False,False
2025-02-03 00:00:00+00:00,12.2475,12.31,12.13,12.23,10714,,,,,,,,,,,,,,,,,,,,,,,,13.119328005527569,"rgba(239, 83, 80, 0.75)",0.0,0.0,0.6325963213349721,13.47090215861417,-1.9339381487903937,0.0,0.0,0.0,0.0,35.73768324927947,-17.92246661214849,False,True,False,True,True,0.0,0,0.7583328593655243,1.0405229709228163,True,False,False,False,-0.34282825441539394,-0.30794153135014124,False,False,False,False,-251899,-248742.08403398693,True,False,False,False,8977.174973107367,True,False,False,False
2025-02-04 00:00:00+00:00,12.495,12.52,12.36,12.36,12218,,,,,,,,,,,,,,,,,,,,,,,,13.10599906305029,"rgba(239, 83, 80, 0.5)",0.0,0.0,0.6245577501198291,13.463809393350752,-1.5511926529850524,0.0,0.0,0.0,0.0,39.34470934462355,-16.17716132139943,False,False,False,True,True,0.0,0,0.7766108305366946,1.0253382818689927,False,False,False,False,-0.2431051750911761,-0.2755233532206587,False,False,False,False,-239681,-248386.74740520315,False,False,False,False,9104.26615063257,False,False,False,False
2025-02-05 00:00:00+00:00,12.5824,12.61,12.51,12.55,6194,,,,,,,,,,,,,,,,,,,,,,,,13.100549477261131,"rgba(239, 83, 80, 0.5)",0.0,0.0,0.6108993170741734,13.460491261034822,-1.4373747628992792,0.0,0.0,0.0,0.0,43.12599696942739,-12.598018035916787,True,False,False,True,True,0.0,0,0.7871952952986737,1.0112233466519536,False,False,False,False,-0.17186402363090894,-0.2236936884257838,False,False,False,False,-233487,-247802.44358539127,False,False,False,False,8990.138066294037,False,False,False,False
2025-02-06 00:00:00+00:00,12.5686,12.69,12.56,12.69,14568,,,,,,,,,,,,,,,,,,,,,,,,13.08905738072337,"rgba(239, 83, 80, 0.5)",0.0,0.0,0.595643700314694,13.451812461605357,-1.482786540239967,0.0,0.0,0.0,0.0,45.42307991121865,-10.473736269210512,True,False,False,True,True,0.0,0,0.8053827596261629,0.9872020067018422,False,False,False,False,-0.13272525443315705,-0.1782094714294704,False,False,False,False,-248055,-247812.34775851318,False,False,False,False,9208.877749968782,False,False,False,False
2025-02-07 00:00:00+00:00,12.5585,12.67,12.5585,12.6201,9245,,,,,,,,,,,,,,,,,,,,,,,,13.0818843462932,#000000,0.0,0.0,0.5750403438205703,13.44529390053063,-1.542142060222708,0.0,0.0,0.0,0.0,46.77857453827119,-9.187399894320556,True,False,False,False,True,0.0,0,0.8134234430183627,0.982280935134985,False,False,False,False,-0.1165103243917515,-0.14735989791061097,False,False,False,False,-257300,-248184.412552297,False,False,False,False,9210.294308793536,False,False,False,False
2025-02-10 00:00:00+00:00,12.7068,12.72,12.635,12.65,8938,,,,,,,,,,,,,,,,,,,,,,,,13.076414687877325,#000000,0.0,0.0,0.5539003030965493,13.440495156796846,-1.3245978611948108,0.0,0.0,0.0,0.0,50.13350787439141,-5.994349388195708,True,False,False,False,True,0.0,0,0.8344853939509754,0.965074182134662,False,False,False,False,-0.06104766136972237,-0.10420377964016667,False,False,False,False,-248362,-248191.37676593242,False,False,False,False,9199.616100605554,False,False,False,False
2025-02-11 00:00:00+00:00,12.95,12.95,12.8499,12.86,9344,,,,,,,,,,,,,,,,,,,,,,,,13.07413248439721,"rgba(38, 166, 154, 1.0)",0.0,0.0,0.5284334994957167,13.439318751002535,-0.9259798091330163,0.0,0.0,0.0,0.0,55.36236798730829,-1.1434279926690536,True,False,True,False,True,0.0,0,0.8676536335054816,0.9323887286508865,False,False,False,False,0.06995131869328372,-0.017126230473441473,False,False,False,False,-239018,-247831.63650060174,False,False,False,False,9205.278214307296,False,False,False,False
2025-02-12 00:00:00+00:00,12.975,12.99,12.89,12.95,9769,,,,,,,,,,,,,,,,,,,,,,,,13.072330615951206,"rgba(38, 166, 154, 1.0)",1.0,13.165,0.5146115623441978,13.395940737390097,-0.8179776130030891,0.0,0.0,0.0,0.0,59.11008840475608,2.2102415023586914,True,False,True,False,True,0.0,0,0.8783424958155386,0.914893205461662,False,False,False,False,0.09366135006027454,0.03826755979341653,False,False,False,False,-229249,-247102.9056574409,False,False,False,False,9227.38495100113,False,False,False,False
2025-02-13 00:00:00+00:00,12.9,12.9,12.73,12.85,9327,,,,,,,,,,,,,,,,,,,,,,,,13.069158331836144,"rgba(38, 166, 154, 1.0)",0.0,0.0,0.5002131032856941,13.390188305365774,-0.9799589457891608,0.0,0.0,0.0,0.0,60.04361723497894,2.9839922034489916,True,False,True,False,True,0.0,0,0.8457643914009898,0.9177960145793667,False,False,False,False,0.01988611346425375,0.029076836628835142,False,False,False,False,-238576,-246768.51720028635,False,False,False,False,9231.29142351089,False,False,False,False
2025-02-14 00:00:00+00:00,12.88,12.95,12.8587,12.91,14641,,,,,,,,,,,,,,,,,,,,,,,,13.06547801223427,"rgba(38, 166, 154, 1.0)",0.0,0.0,0.4845087617010723,13.386167037290317,-1.0447015148151364,0.0,0.0,0.0,0.0,60.24791856266844,3.2564120816981443,True,False,True,False,True,0.0,0,0.8717709208697152,0.9109553955964762,False,False,False,False,0.07255185165545937,0.05081434414214726,False,False,False,False,-253217,-247021.3988787065,False,False,False,False,9443.43685788301,False,False,False,False
2025-02-18 00:00:00+00:00,12.8668,12.905,12.85,12.89,7354,,,,,,,,,,,,,,,,,,,,,,,,13.06345204353576,"rgba(38, 166, 154, 1.0)",0.0,0.0,0.4713169960331324,13.38356356860785,-1.096424641922997,0.0,0.0,0.0,0.0,60.0910723269719,3.3280083887202636,True,False,True,False,True,0.0,0,0.8591761606750566,0.9252605449814421,False,False,False,False,0.06907412854556515,0.059944236343856205,False,False,False,False,-260571,-247552.7557854239,False,False,False,False,9361.498157573873,False,False,False,False
2025-02-19 00:00:00+00:00,12.825,12.86,12.7999,12.84,14751,,,,,,,,,,,,,,,,,,,,,,,,13.058566738494731,"rgba(38, 166, 154, 1.0)",0.0,0.0,0.45842345513337557,13.376773394719695,-1.2036325553175735,0.0,0.0,0.0,0.0,59.02887022080853,3.3280083887202636,True,False,True,False,True,0.0,0,0.8598795859302026,0.9298949061035046,False,False,False,False,0.06281779406288134,0.06138101520336877,False,False,False,False,-275322,-248641.74575462297,False,False,False,False,9572.851171002349,False,False,False,False
2025-02-20 00:00:00+00:00,12.86,12.86,12.8,12.8,10115,,,,,,,,,,,,,,,,,,,,,,,,13.055496810424565,"rgba(38, 166, 154, 1.0)",0.0,0.0,0.45040493919057883,13.37257936485039,-1.1380411719541643,0.0,0.0,0.0,0.0,58.929669244030826,3.3280083887202636,True,False,True,False,True,0.0,0,0.8644423163740442,0.9175397972801359,False,False,False,False,0.06784857668040349,0.06461479594188613,False,False,False,False,-265207,-249291.36356816717,False,False,False,False,9594.111909394413,False,False,False,False
2025-02-21 00:00:00+00:00,12.725,12.825,12.725,12.8177,4945,,,,,,,,,,,,,,,,,,,,,,,,13.053470210534323,"rgba(38, 166, 154, 0.75)",0.0,0.0,0.4421576738358599,13.369705323305187,-1.4580891873076889,0.0,0.0,0.0,0.0,55.87926807919394,3.3280083887202636,True,False,True,False,False,0.0,0,0.8742115323674812,0.912873564679817,False,False,False,False,0.031893242221577765,0.04825401908173195,False,False,False,False,-270152,-250109.42774196455,False,False,False,False,9411.793795300515,False,False,False,False
2025-02-24 00:00:00+00:00,12.7056,12.73,12.69,12.7,3714,,,,,,,,,,,,,,,,,,,,,,,,13.051712412431497,"rgba(38, 166, 154, 0.75)",0.0,0.0,0.43270326887511096,13.367211824162098,-1.5290197041544773,0.0,0.0,0.0,0.0,53.45524943049587,3.3280083887202636,True,False,True,False,False,0.0,0,0.857736876644079,0.9426384658903322,False,False,False,False,0.020522195030559617,0.034388107056145784,False,False,False,False,-273866,-251041.0580265934,False,False,False,False,9188.350901367161,False,False,False,False
2025-02-25 00:00:00+00:00,12.755,12.77,12.6948,12.75,7218,,,,,,,,,,,,,,,,,,,,,,,,13.048654878525815,"rgba(38, 166, 154, 0.75)",0.0,0.0,0.42279417498499977,13.36295344365833,-1.4379418630351264,0.0,0.0,0.0,0.0,52.89846440670825,8.644024960870922,True,False,True,False,False,0.0,0,0.8614452436934974,0.9232018089044817,False,False,False,False,0.03770904403745944,0.036048575546802616,False,False,False,False,-266648,-251653.094966727,False,False,False,False,9111.08223856845,False,False,False,False
2025-02-26 00:00:00+00:00,12.6945,12.8336,12.69,12.77,3796,,,,,,,,,,,,,,,,,,,,,,,,13.047067929720336,#000000,0.0,0.0,0.4120391014378855,13.360761309429169,-1.6169856382661953,0.0,0.0,0.0,0.0,51.19999089237743,6.808843383780221,True,False,False,False,False,0.0,0,0.8754541899393558,0.9140984949821851,False,False,False,False,0.058856081279852555,0.04745232841332758,False,False,False,False,-270444,-252389.99320332592,False,False,False,False,8902.64764097753,False,False,False,False
2025-02-27 00:00:00+00:00,12.45,12.62,12.45,12.62,7819,,,,,,,,,,,,,,,,,,,,,,,,13.041416282569546,"rgba(239, 83, 80, 0.5)",0.0,0.0,0.4084396027286281,13.352976462905165,-2.2107955665237324,0.0,0.0,0.0,0.0,46.00849884006577,1.7992380563723174,True,False,False,True,False,0.0,0,0.8712550569518736,0.9253078309727298,False,False,False,False,-0.10433731332322181,-0.028442492454947114,False,False,False,False,-278263,-253404.62092084254,False,False,False,False,8860.151655056841,False,False,False,False
2025-02-28 00:00:00+00:00,12.4328,12.4965,12.38,12.42,5588,,,,,,,,,,,,,,,,,,,,,,,,13.036928073527488,"rgba(239, 83, 80, 0.5)",0.0,0.0,0.3985151113740733,13.346928191392902,-2.2938357048519515,0.0,0.0,0.0,0.0,42.317937928892775,-1.6183197536949407,False,False,False,True,False,0.0,0,0.8610989711785155,0.9414447220561422,False,False,False,False,-0.17515634517461023,-0.10179941881477868,False,False,False,False,-283851,-254598.5965710056,False,False,False,False,8731.831982309515,False,False,False,False
2025-03-03 00:00:00+00:00,12.3637,12.555,12.3637,12.54,6852,,,,,,,,,,,,,,,,,,,,,,,,13.031433876127462,"rgba(239, 83, 80, 1.0)",0.0,0.0,0.39394722235988733,13.33966982805596,-2.4774126397174374,0.0,0.0,0.0,0.0,38.94098349888834,-4.692713114248143,False,True,False,True,False,0.0,0,0.8814164861166024,0.9336122748272084,False,False,False,False,-0.15958686126529156,-0.13069314004003513,False,False,False,False,-290703,-256014.45552900538,False,False,False,False,8658.113081042475,False,False,False,False
2025-03-04 00:00:00+00:00,12.3782,12.46,12.2793,12.32,7439,,,,,,,,,,,,,,,,,,,,,,,,13.025047312271045,"rgba(239, 83, 80, 1.0)",0.0,0.0,0.3904768775519121,13.262454433291387,-2.26455005181153,0.0,0.0,0.0,0.0,37.09301307049714,-6.353415913900712,False,True,False,True,False,0.0,0,0.8847836350229709,0.9296116695952392,False,False,False,False,-0.22640391072361687,-0.178548525381826,False,False,False,False,-283264,-257083.06511610321,False,False,False,False,8610.304724923162,False,False,False,False
2025-03-05 00:00:00+00:00,12.5398,12.56,12.47,12.53,7652,,,,,,,,,,,,,,,,,,,,,,,,13.020094049700381,"rgba(239, 83, 80, 0.5)",0.0,0.0,0.387985899389562,13.2602693403398,-1.8569472279104768,0.0,0.0,0.0,0.0,39.84574803600731,-6.353415913900712,False,False,False,True,False,0.0,0,0.9143470430167342,0.9095902341726516,False,False,False,False,-0.11886878155509041,-0.1487086534684582,False,False,False,False,-275612,-257809.69001351093,False,False,False,False,8572.724147475195,False,False,False,False
2025-03-06 00:00:00+00:00,12.68,12.69,12.61,12.65,13515,,,,,,,,,,,,,,,,,,,,,,,,13.013923443043613,"rgba(239, 83, 80, 0.5)",0.0,0.0,0.3812933229955794,13.257924475042618,-1.515695240877109,0.0,0.0,0.0,0.0,44.34482023367475,-12.697293001641945,False,False,False,True,True,0.0,0,0.9245722731180925,0.8752763557665766,False,False,False,False,-0.021441209365496174,-0.0850749314169772,False,False,False,False,-262097,-257977.8198169027,False,False,False,False,8766.538886789895,False,False,False,False
2025-03-07 00:00:00+00:00,12.8195,12.86,12.68,12.68,18193,,,,,,,,,,,,,,,,,,,,,,,,13.00879564234575,#000000,0.0,0.0,0.3721326755624965,13.256389811034936,-1.1740162574397852,0.0,0.0,0.0,0.0,49.4900346376816,-8.001304648498973,True,False,False,False,True,0.0,0,0.9428759858563825,0.8493349177290681,False,False,False,False,0.06476281399518696,-0.010156058710895116,False,False,False,False,-243904,-257425.90531427905,False,False,False,False,9136.20402848441,False,False,False,False
2025-03-10 00:00:00+00:00,12.76,12.86,12.715,12.82,9728,,,,,,,,,,,,,,,,,,,,,,,,13.006050212362815,#000000,0.0,0.0,0.3649132946210339,13.254178591424623,-1.3542356464097376,0.0,0.0,0.0,0.0,51.70865312639597,-6.07144081121681,True,False,False,False,True,0.0,0,0.9359648110530201,0.8874523261771039,False,False,False,False,0.0773842796730508,0.03361411048107784,False,False,False,False,-253632,-257277.1247137191,False,False,False,False,9159.411713641884,False,False,False,False
2025-03-11 00:00:00+00:00,12.69,12.82,12.62,12.82,6557,,,,,,,,,,,,,,,,,,,,,,,,13.003691993049943,#000000,0.0,0.0,0.35114853473260343,13.251518129657,-1.5990900548242135,0.0,0.0,0.0,0.0,51.8226092295735,-5.951391392976085,True,False,False,False,True,0.0,0,0.8865072551475658,0.9176107975736414,False,False,False,False,0.028801072174657664,0.031207591327867754,False,False,False,False,-260189,-257391.31590141638,False,False,False,False,9057.356352322597,False,False,False,False
2025-03-12 00:00:00+00:00,12.6851,12.69,12.591,12.64,7958,,,,,,,,,,,,,,,,,,,,,,,,13.000356775178972,#000000,0.0,0.0,0.33185424048940004,13.247377914251624,-1.6943520547527362,0.0,0.0,0.0,0.0,51.801676970810945,-5.753892076104144,True,False,False,False,True,0.0,0,0.8631350290799523,0.9416158643402698,False,False,False,False,-0.028262516072431552,0.001472537627718101,False,False,False,False,-268147,-257813.1074346942,False,False,False,False,9014.244338506025,False,False,False,False
2025-03-13 00:00:00+00:00,12.6043,12.68,12.6043,12.68,1735,,,,,,,,,,,,,,,,,,,,,,,,12.999584279214355,#000000,0.0,0.0,0.313671356674772,13.246395594173663,-2.0470329231859545,0.0,0.0,0.0,0.0,50.20062246820371,-5.753892076104144,True,False,False,False,True,0.0,0,0.869104798825592,0.9541496230206798,False,False,False,False,-0.027077591914055836,-0.012802527143168867,False,False,False,False,-269882,-258286.397339216,False,False,False,False,8728.78377621167,False,False,False,False
2025-03-14 00:00:00+00:00,12.662,12.689,12.5793,12.5793,3984,,,,,,,,,,,,,,,,,,,,,,,,12.99788872967939,#000000,0.0,0.0,0.2991027819012171,13.24427248631126,-1.9467304269458887,0.0,0.0,0.0,0.0,50.323828821107746,-5.753892076104144,True,False,False,False,True,0.0,0,0.8712371721778791,0.9343358038768522,False,False,False,False,-0.03282344859251247,-0.022812987867840667,False,False,False,False,-265898,-258584.89156120754,False,False,False,False,8542.71382420337,False,False,False,False
2025-03-17 00:00:00+00:00,12.952,12.952,12.87,12.89,3355,,,,,,,,,,,,,,,,,,,,,,,,12.997596345495928,"rgba(38, 166, 154, 1.0)",0.0,0.0,0.284711090699716,13.244345682621605,-1.026815224876297,0.0,0.0,0.0,0.0,54.87834604609551,-2.0389056825872274,True,False,True,False,True,0.0,0,0.8840775886128943,0.9260814959531111,False,False,False,False,0.16739837434388097,0.07229269323802015,False,False,False,False,-262543,-258740.1114999837,False,False,False,False,8339.274066391474,False,False,False,False
2025-03-18 00:00:00+00:00,12.9748,13.0,12.96,13.0,2799,,,,,,,,,,,,,,,,,,,,,,,,12.997532165078438,"rgba(38, 166, 154, 1.0)",0.0,0.0,0.27712099029135107,13.244655647022478,-0.9737827753096774,0.0,0.0,0.0,0.0,58.19002324296689,1.2295464419536586,True,False,True,False,True,0.0,0,0.8796347813681437,0.9421927384264206,False,False,False,False,0.2447740439276908,0.1585333685828555,False,False,False,False,-259744,-258779.47967645494,False,False,False,False,8122.008416729063,False,False,False,False
2025-03-19 00:00:00+00:00,13.04,13.04,12.97,12.99,3470,,,,,,,,,,,,,,,,,,,,,,,,12.997610605085422,"rgba(38, 166, 154, 1.0)",0.0,0.0,0.27398416536146203,13.245234857977977,-0.7490756179548372,0.0,0.0,0.0,0.0,61.1870869838649,4.14018403757548,True,False,True,False,True,0.0,0,0.8891022976478855,0.9251938595611099,False,False,False,False,0.26476817515631607,0.21165077186958578,False,False,False,True,-256274,-258681.22557149595,False,False,False,True,7939.576714112238,False,False,False,False
2025-03-20 00:00:00+00:00,12.92,12.94,12.7858,12.87,8987,,,,,,,,,,,,,,,,,,,,,,,,12.996395350879181,"rgba(38, 166, 154, 1.0)",0.0,0.0,0.2706368263931338,13.244261126986128,-1.1981411816997085,0.0,0.0,0.0,0.0,60.50004755298032,4.14018403757548,True,False,True,False,True,0.0,0,0.8588722793420929,0.9342799360760292,False,False,False,False,0.21372305785942858,0.2126869148645072,False,False,False,False,-265261,-258939.2559412412,False,False,False,False,7980.652137088228,False,False,False,False
2025-03-21 00:00:00+00:00,12.7094,12.71,12.67,12.71,2114,,,,,,,,,,,,,,,,,,,,,,,,12.995655991764636,"rgba(38, 166, 154, 0.75)",0.0,0.0,0.26501556168492213,13.243304937103733,-2.0146173066564836,0.0,0.0,0.0,0.0,56.337494014003795,4.14018403757548,True,False,True,False,False,0.0,0,0.8446132501820086,0.9170730367175367,False,False,False,False,0.06525163683157807,0.13896927584804264,False,False,False,False,-267375,-259270.06943374153,False,False,False,False,7750.587347398494,False,False,False,False
2025-03-24 00:00:00+00:00,12.835,12.835,12.72,12.72,1199,,,,,,,,,,,,,,,,,,,,,,,,12.995378164651521,"rgba(38, 166, 154, 0.75)",0.0,0.0,0.2602787659564486,13.242978321042136,-1.567466787169263,0.0,0.0,0.0,0.0,55.4647564353744,4.14018403757548,True,False,True,False,False,0.0,0,0.8686736354359165,0.9008053617232528,False,False,False,False,0.13962639811659266,0.13929783698231765,False,False,False,False,-266176,-259540.89024026148,False,False,False,False,7493.662353382867,False,False,False,False
2025-03-25 00:00:00+00:00,12.7989,13.09,12.7989,13.09,1332,,,,,,,,,,,,,,,,,,,,,,,,12.995224158167002,"rgba(38, 166, 154, 0.75)",0.0,0.0,0.25023578580448563,13.24284826346954,-1.7741198048164306,0.0,0.0,0.0,0.0,54.282308348180905,4.14018403757548,True,False,True,False,False,0.0,0,0.9071372806837331,0.8646368355453281,False,False,False,False,0.286696712725797,0.21299727485405734,False,False,False,False,-267508,-259853.32591711398,False,False,False,False,7252.028535603146,False,False,False,False
2025-03-26 00:00:00+00:00,12.7295,13.34,12.72,13.34,3707,,,,,,,,,,,,,,,,,,,,,,,12.929833333333333,12.994943534567598,#000000,0.0,0.0,0.2428538286655612,13.202924982142424,-1.9494235884351108,0.0,0.0,0.0,0.0,52.347789143125766,9.102464995211236,True,False,False,False,False,0.0,0,0.9152015077582432,0.8355665711408868,False,False,False,False,0.34282816297619645,0.2779127189151269,False,False,False,False,-271215,-260298.88176350167,False,False,False,False,7113.0078087167485,False,False,False,False
2025-03-27 00:00:00+00:00,12.6281,12.67,12.6,12.6,1460,,,,,,,,,,,,,,,,,,,,12.632700000000002,,,12.845874620992195,12.994332304283583,#000000,0.0,0.0,0.2360551929642647,13.197951287116613,-2.414059525489364,0.0,0.0,0.0,0.0,49.50341273920104,6.221943718814458,True,False,False,False,False,0.0,1,0.8891103784916565,0.9161619259372837,False,False,False,False,0.008148286730694235,0.14303050282291058,False,False,False,False,-272675,-260784.21973356043,False,False,False,False,6891.3212279827585,False,False,False,False
2025-03-28 00:00:00+00:00,12.52,12.5687,12.5197,12.5687,9638,,,,,,,,,,,,,,,,,,,12.536133333333334,12.548837183876977,,,12.64423419340313,12.989284742748671,"rgba(239, 83, 80, 0.5)",0.0,0.0,0.23360447682605873,13.181329062274676,-2.8309776904108745,0.0,0.0,0.0,0.0,46.12645775071959,2.9146751796116064,False,False,False,True,False,0.0,1,0.877665443534937,0.9338097559723891,False,False,False,False,-0.06593244183446713,0.038549030494221724,False,False,False,False,-282313,-261628.485626362,False,False,False,False,6999.034121003043,False,False,False,False
2025-03-31 00:00:00+00:00,12.475,12.48,12.3605,12.44,10280,,,,,,,,,,,,,,,,,,12.438500000000001,12.4857432004552,12.495779542832198,,,12.559922951298917,12.982888242192336,"rgba(239, 83, 80, 0.5)",0.0,0.0,0.22904711888888732,13.168853161697948,-3.0293031628769023,0.0,0.0,0.0,0.0,43.292898602616525,0.1770777328247135,False,False,False,True,False,0.0,0,0.874540925084111,0.9258931093818212,False,False,False,False,-0.16840757250257365,-0.06492927100417596,False,False,False,False,-292593,-262842.7803076811,False,False,False,False,7127.699449591159,False,False,False,False
2025-04-01 00:00:00+00:00,12.6149,12.6499,12.53,12.53,9864,,,,,,,,,,,,,,,,,,12.516733637807784,12.523011734157098,12.528137682179972,,,12.570745075204822,12.97864945757011,"rgba(239, 83, 80, 0.5)",0.0,0.0,0.22395397796190425,13.164213408263773,-2.4527959416608973,0.0,0.0,0.0,0.0,44.142763538195865,0.1770777328247135,False,False,False,True,False,0.0,0,0.9032589830944276,0.9012405990872265,False,False,False,False,-0.028567064915074856,-0.04674816795962541,False,False,False,False,-282729,-263622.6320603211,False,False,False,False,7235.005353528761,False,False,False,False
2025-04-02 00:00:00+00:00,12.625,12.64,12.545,12.545,8528,,,,,,,,,,,,,,,,,,12.542491248139882,12.540891728878448,12.544262110468528,,,12.577137251880304,12.975107195500273,"rgba(239, 83, 80, 0.5)",0.0,0.0,0.21969676513806313,13.160238620318529,-2.4362608160487516,0.0,0.0,0.0,0.0,44.896239182493005,0.1770777328247135,False,False,False,True,False,0.0,0,0.9117854622441784,0.8924360043626091,False,False,False,False,-0.02648771179789148,-0.03661793987875844,False,False,False,False,-274201,-264037.47001873987,False,False,False,False,7285.711025939398,False,False,False,False
2025-04-03 00:00:00+00:00,11.86,12.1,11.86,12.1,17741,,,,,,,,,,,,,,,,,11.940000000000001,12.312193761805242,12.350700293185373,12.357859264024855,,,12.392494630664183,12.955174993424576,"rgba(239, 83, 80, 1.0)",0.0,0.0,0.23881295999429483,13.125854387990392,-5.300610100978748,0.0,0.0,0.0,0.0,38.235264580135194,-4.842775392869811,False,True,False,True,False,0.0,0,0.8908736026497902,0.8961022061867857,False,False,False,False,-0.34282825441539394,-0.1897230971470762,False,False,False,False,-291942,-265131.76531212265,False,False,False,False,7695.7223582555,False,False,False,False
2025-04-04 00:00:00+00:00,11.1901,11.81,11.115,11.81,6580,,,,,,,,,,,,,,,,11.371699999999999,11.786247522716993,12.195415150428673,12.247846723401084,12.256613723195665,,,12.293423438744504,12.943946066168007,"rgba(239, 83, 80, 1.0)",0.0,0.0,0.2926435907300897,13.106912364316864,-6.549989219086552,0.0,0.0,0.0,0.0,31.232841232037018,-11.27628257795044,False,True,False,True,False,0.0,0,0.8203417448363943,0.9413616946316107,False,False,False,False,-0.34282825441539394,-0.26627567578123507,False,False,False,False,-298522,-266441.1862802747,False,False,False,False,7651.968540284696,False,False,False,False
2025-04-07 00:00:00+00:00,11.0292,11.375,10.08,10.08,6615,,,,,,,,,,,,,,,,11.099162334217505,11.581361100336178,12.043673601977362,12.112216577612184,12.122963979483117,,10.828066666666668,12.163159438538964,12.928968653162581,"rgba(239, 83, 80, 1.0)",0.0,0.0,0.34766312636034624,12.939561741750705,-5.494864415878983,0.0,0.0,0.0,0.0,26.13179084129362,-15.765244661536713,False,True,False,True,False,0.0,0,0.7451450164592222,0.9904945557957883,False,False,False,False,-0.34282825441539394,-0.3045519650983145,False,False,False,False,-305137,-267958.6691712443,False,False,False,False,7611.3031073323555,False,False,False,False
2025-04-08 00:00:00+00:00,10.5978,11.05,10.5978,11.05,5751,,,,,,,,,,,,,,,,10.992729979942995,11.450808248153297,11.92971298928482,12.00764516358432,12.019581023756272,,10.79107845705968,12.061673550471532,12.91563226728213,"rgba(239, 83, 80, 1.0)",0.0,0.0,0.42002971469534217,12.916858066077726,-5.521176204783026,0.0,0.0,0.0,0.0,21.765525450211477,-19.567675626090946,False,True,False,True,False,0.0,0,0.7969696396123562,1.0303793155663228,False,False,False,False,-0.3121232112528063,-0.3083375881755604,False,False,False,False,-310888,-269642.1723409995,False,False,False,False,7538.350044299715,False,False,False,False
2025-04-09 00:00:00+00:00,11.229,11.26,10.4981,11.2,5214,,,,,,,,,,,,,,,,10.993370943708607,11.394176320374216,11.860707226087406,11.941865132380013,11.954214912678102,,10.851766552901024,11.996574975989128,12.905044439109403,"rgba(239, 83, 80, 1.0)",0.0,0.0,0.44897708471333814,12.904344795453568,-3.731470608401404,1.0,11.08,11.05,0.0,25.417968105844196,-19.567675626090946,False,True,False,True,False,0.0,0,0.8006965459201032,1.0090515157483835,False,False,False,False,-0.29481333041953256,-0.3015754592975465,False,False,False,False,-305674,-271055.18519037205,False,False,False,False,7447.1990621703135,False,False,False,False
2025-04-10 00:00:00+00:00,11.1831,11.25,11.08,11.08,6186,,,,,,,,,,,,,,,,11.029587233902324,11.365470796681015,11.805126477242624,11.886673800402018,11.89907119903176,,10.934867802743414,11.940801958193173,12.893772996126733,"rgba(239, 83, 80, 0.75)",0.0,0.0,0.4774915345626747,12.892858057868935,-3.580708628551645,1.0,11.61,11.26,0.0,27.658903160766705,-19.567675626090946,False,True,False,True,True,0.0,0,0.8495537498334887,1.0081346299009808,False,False,False,False,-0.20752138040168835,-0.2545484198496174,False,False,False,False,-311860,-272655.3740064359,False,False,False,False,7397.740275418537,False,False,False,False
2025-04-11 00:00:00+00:00,11.91,11.91,11.61,11.67,19971,,,,,,,,,,,,,,,,11.339335894429317,11.495913841135502,11.806132671008648,11.87227800027577,11.882574176775357,,11.33446688616046,11.917381095620206,12.87149704133557,"rgba(239, 83, 80, 0.75)",0.0,0.0,0.4835415425630173,12.887762160130332,-2.02208512416057,0.0,0.0,0.0,0.0,34.50397315987004,-25.350790579486574,False,True,False,True,True,0.0,0,0.8629304978380471,0.98274643740431,False,False,False,False,-0.03405225653466584,-0.1443003381921416,False,False,False,False,-291889,-273409.6338493208,False,False,False,False,7890.809284225653,False,False,False,False
2025-04-14 00:00:00+00:00,11.9651,12.3,11.9,12.3,6185,,,,,,,,,,,,,,,,11.417679823133103,11.542492697852547,11.821091137670244,11.882320751112807,11.89192977555191,,11.423740222079777,11.924613333899647,12.866332651645072,"rgba(239, 83, 80, 0.75)",0.0,0.0,0.488052664692543,12.887317040724374,-1.8895850948899973,0.0,0.0,0.0,0.0,39.40139488960128,-20.923393535321644,False,True,False,True,True,0.0,0,0.8940556325480106,0.9517339800699526,False,False,False,False,0.06350541197494684,-0.04039746310859738,False,False,False,False,-285704,-273891.7658552298,False,False,False,False,7823.914802491314,False,False,False,False
2025-04-15 00:00:00+00:00,11.9,11.97,11.865,11.92,18760,,,,,,,,,,,,,,,,11.540812256295784,11.616960227447859,11.835056183275118,11.886513248244016,11.894718475643893,,11.557013861467828,11.922833736322781,12.848361602866909,"rgba(239, 83, 80, 0.75)",0.0,0.0,0.49155006645367183,12.87534304842788,-1.9842191365460926,0.0,0.0,0.0,0.0,42.26418869122459,-18.33877223700679,False,True,False,True,True,0.0,0,0.9047599143984487,0.9648816291045269,False,False,False,False,0.01110793387470553,-0.014644764616945926,False,False,False,False,-304464,-275090.676998162,False,False,False,False,8252.780888668125,False,False,False,False
2025-04-16 00:00:00+00:00,11.7875,11.9,11.69,11.69,7868,,,,,,,,,,,,,,,,11.564633730702914,11.63065243760182,11.832471465845316,11.881198613076975,11.888999979854143,,11.58121771434792,11.915729614080785,12.840090847284118,"rgba(239, 83, 80, 0.5)",0.0,0.0,0.49628542607385945,12.86764604465858,-2.1764613424248083,0.0,0.0,0.0,0.0,43.460216690791796,-17.141061894472415,False,False,False,True,True,0.0,0,0.8796796611736235,0.9892772208169811,False,False,False,False,-0.024011141304068406,-0.019327952960507166,False,False,False,False,-312332,-276551.12103744975,False,False,False,False,8237.691442053689,False,False,False,False
2025-04-17 00:00:00+00:00,11.8319,11.87,11.69,11.69,4944,,,,,,,,,,,,,,,,11.577694361938066,11.638438720723272,11.831178495319248,11.878320592309915,11.8858858904878,,11.59432678765717,11.911807662388695,12.834983244616591,"rgba(239, 83, 80, 0.5)",0.0,0.0,0.4999906337861271,12.86285681393971,-2.0619522532510195,0.0,0.0,0.0,0.0,44.599959896411676,-15.800649034891869,False,False,False,True,True,0.0,0,0.8690503054768534,1.0006184757081125,False,False,False,False,-0.02831376569505069,-0.02382085932777893,False,False,False,False,-307388,-277760.41040853015,False,False,False,False,8108.527071777074,False,False,False,False
2025-04-21 00:00:00+00:00,11.692,11.84,11.62,11.84,2721,,,,,,,,,,,,,,,,11.581879147897277,11.640416610464113,11.828920808553436,11.875337560210468,11.882793422832972,,11.598301148647312,11.908326613732596,12.831978506585546,"rgba(239, 83, 80, 0.5)",0.0,0.0,0.5062340912343888,12.859780573728557,-2.3067995497519127,0.0,0.0,0.0,0.0,44.395743891081146,-15.59362331065772,False,False,False,True,True,0.0,0,0.8600734970841734,1.009738778422052,False,False,False,False,-0.042664316616018154,-0.03324258797189854,False,False,False,False,-310109,-279028.98254937213,False,False,False,False,7897.251500334836,False,False,False,False
2025-04-22 00:00:00+00:00,11.78,11.78,11.7353,11.75,2499,,,,,,,,,,,,,,,,11.586786954502255,11.643222786808963,11.827779217934676,11.873492947649178,11.880843117049611,,11.60310810403549,11.906010137939662,12.82935076586182,"rgba(239, 83, 80, 0.5)",0.0,0.0,0.5095604783279936,12.857211324969043,-2.114000929788878,1.0,12.0282,11.84,0.0,45.02397216549963,-14.454680435750333,False,False,False,True,True,0.0,0,0.8659092042488823,1.0094835181275659,False,False,False,False,-0.03472666912165106,-0.033984628546774795,False,False,False,False,-307610,-280149.80676312227,False,False,False,False,7685.555363066804,False,False,False,False
2025-04-23 00:00:00+00:00,12.0282,12.19,12.0282,12.06,8249,,,,,,,,,,,,,,,,11.627027170755246,11.673575332819153,11.841960238629502,11.884413887161523,11.891282609260585,,11.644718827332753,11.914936356375296,12.823324712782188,#000000,0.0,0.0,0.5067701444237409,12.853845764078738,-1.629231266213595,0.0,0.0,0.0,0.0,47.46084850266912,-11.60291830408184,False,False,False,False,True,0.0,0,0.8722628034430249,1.0064169903663707,False,False,False,False,0.0661248559318641,0.01607011369254465,False,False,False,False,-299361,-280903.1868900587,False,False,False,False,7707.6512311818315,False,False,False,False
2025-04-24 00:00:00+00:00,12.1746,12.23,12.03,12.03,8433,,,,,,,,,,,,,,,,11.66673529315487,11.70469413312245,11.858293931585129,11.89764305042754,11.904050611291225,,11.685510992688307,11.92626270137972,12.817776873517719,#000000,0.0,0.0,0.5030243751477387,12.851113045327912,-1.344891179735017,0.0,0.0,0.0,0.0,50.168079267722625,-8.581403667526516,True,False,False,False,True,0.0,0,0.8659639661723252,1.0122809167790168,False,False,False,False,0.07214443271675966,0.04410727320465216,False,False,False,False,-290928,-281296.31681593874,False,False,False,False,7736.096280939407,False,False,False,False
2025-04-25 00:00:00+00:00,12.2032,12.24,12.11,12.17,4976,,,,,,,,,,,,,,,,11.6891437730531,11.722683148319804,11.86835003914521,11.905987363574518,11.91213941038561,,11.70841794005832,11.933553904183457,12.814735491979349,"rgba(38, 166, 154, 1.0)",0.0,0.0,0.49946137617985614,12.849727621084574,-1.294449685037824,0.0,0.0,0.0,0.0,52.186568849147555,-6.269827670031589,True,False,True,False,True,0.0,0,0.86954395402861,1.014696173126299,False,False,False,False,0.08512355690838516,0.06461541505651866,False,False,False,False,-285952,-281478.8926270784,False,False,False,False,7627.857211098646,False,False,False,False
2025-04-28 00:00:00+00:00,12.2384,12.3,12.1,12.1,38933,,,,,,,,,,,,,,,,11.82162912174676,11.833865133487933,11.935302631412528,11.962886305985316,11.967512353749992,,11.841727106343981,11.984096612785502,12.792939403336089,"rgba(38, 166, 154, 1.0)",0.0,0.0,0.495439067236451,12.838313172024044,-1.2108717533527327,1.0,12.26,12.24,0.0,53.81186544419725,-4.341540321210232,True,False,True,False,True,0.0,0,0.8874708553196712,1.0086145539329976,False,False,False,False,0.09234628452837386,0.07848084979244627,False,False,False,False,-247019,-280127.5242887616,False,False,False,False,8855.509869486934,False,False,False,False
2025-04-29 00:00:00+00:00,12.3246,12.36,12.26,12.26,5316,,,,,,,,,,,,,,,,11.838099186562898,11.848316220004294,11.945115982698972,11.971579036354289,11.976033042624927,,11.858207210016971,11.99207402673998,12.790587346848136,"rgba(38, 166, 154, 1.0)",0.0,0.0,0.4918777881869563,12.837373637007811,-1.0424817898321372,0.0,0.0,0.0,0.0,55.59796520211783,-2.2673884706247307,True,False,True,False,True,0.0,0,0.8885406975795265,1.0060144608203168,False,False,False,False,0.12425110152162092,0.10136597565703359,False,False,False,False,-241703,-278620.6801990062,False,False,False,False,8716.705560879604,False,False,False,False
2025-04-30 00:00:00+00:00,12.39,12.44,12.27,12.44,3079,,,,,,,,,,,,,,,,11.84812789787199,11.857181858042486,11.951335427318277,11.977150736267411,11.981505336433248,,11.868262101905374,11.997234568392855,12.789382790003302,"rgba(38, 166, 154, 1.0)",0.0,0.0,0.49064953928805866,12.83704762142158,-0.9111342936757931,0.0,0.0,0.0,0.0,57.32431664228351,-0.2663814285460262,True,False,True,False,True,0.0,0,0.8910888687665742,0.9958524674988679,False,False,False,False,0.13737228851430106,0.11936913208566732,False,False,False,False,-238624,-277052.1829363001,False,False,False,False,8495.61906829609,False,False,False,False
2025-05-01 00:00:00+00:00,12.4102,12.9,12.39,12.9,3301,,,,,,,,,,,,,,,,11.862453916814125,11.869958444703855,11.960917908368476,11.985932014029263,11.990164712913657,,11.882762976333483,12.005523473648472,12.788706583764188,"rgba(38, 166, 154, 1.0)",0.0,0.0,0.4888106369583054,12.837677957249586,-0.8745267081535482,0.0,0.0,0.0,0.0,58.647728351317426,1.348331752475481,True,False,True,False,True,0.0,0,0.9086630398301583,0.9571101866233733,False,False,False,False,0.22327958485727625,0.1713243584714718,False,False,False,False,-235323,-275415.7443897785,False,False,False,False,8291.908516598203,False,False,False,False
2025-05-02 00:00:00+00:00,12.7174,12.75,12.6853,12.69,3468,,,,,,,,,,,,,,,,11.87999635135375,11.885695396969858,11.973096658652878,11.997203933066785,12.001299202565914,,11.900582370790737,12.016247397586278,12.78848031690973,"rgba(38, 166, 154, 1.0)",0.0,0.0,0.48811538290347667,12.839081588367913,-0.24928857526290124,0.0,0.0,0.0,0.0,61.862874999842695,4.700603219138415,True,False,True,False,True,1.3001054047808402,0,0.9121504464660817,0.9484711687557763,False,False,False,False,0.24526910436549312,0.20829673141848246,False,False,False,False,-231855,-273707.47990390484,False,False,False,False,8102.735633594352,False,False,False,False
2025-05-05 00:00:00+00:00,12.8458,12.91,12.8,12.82,12809,,,,,,,,,,,,,,,,11.948453833577112,11.94770242970489,12.022410934079813,12.043222490111766,12.046817931311073,,11.970105382687311,12.060284246765072,12.789217073236589,"rgba(38, 166, 154, 1.0)",0.0,0.0,0.48883639733774203,12.846269630174726,-0.0009607103261607047,0.0,0.0,0.0,0.0,64.81750276704362,7.703189567798866,True,False,True,False,True,2.674614370727994,0,0.9233419269466818,0.9378522050603452,False,False,False,False,0.2875053310499837,0.24790103123423307,False,False,False,False,-219046,-271563.8924566929,False,False,False,False,8287.295020512222,False,False,False,False
2025-05-06 00:00:00+00:00,12.7709,12.87,12.7709,12.8488,2974,,,,,,,,,,,,,,,,11.96221874458968,11.96027286459696,12.032461951898059,12.052614410868902,12.056109147503058,,11.984017172317843,12.069272714082503,12.789256639548777,"rgba(38, 166, 154, 1.0)",0.0,0.0,0.4900275384355514,12.847606805114882,-0.1565357027888167,0.0,0.0,0.0,0.0,65.68066225086696,8.725343476185067,True,False,True,False,True,1.8217972859682092,0,0.9241316132158325,0.9339662638926742,False,False,False,False,0.2767921213495927,0.2623465762919129,False,False,False,False,-222020,-269620.99471329316,False,False,False,False,8078.930509903899,False,False,False,False
2025-05-07 00:00:00+00:00,12.6609,12.73,12.6609,12.6659,4635,,,,,,,,,,,,,,,12.683933333333332,11.979874310565956,11.976460300760587,12.045263248544458,12.064532735413833,12.06789143216535,,12.001755510233094,12.080637382771206,12.788817153201041,"rgba(38, 166, 154, 1.0)",0.0,0.0,0.49082359851339485,12.848818641138518,-0.3828639081488452,0.0,0.0,0.0,0.0,64.67241413225383,8.725343476185067,True,False,True,False,True,0.5782609700276922,0,0.9187507551045064,0.9446432886311464,False,False,False,False,0.2385258884248247,0.25043623235836876,False,False,False,False,-226655,-267936.0537441444,False,False,False,False,7943.874411476296,False,False,False,False
2025-05-08 00:00:00+00:00,12.69,12.7,12.6214,12.6483,4455,,,,,,,,,,,,,,,12.677333333333332,11.995739395220758,11.99106747518461,12.056852410454852,12.075331644350925,12.078568124046301,,12.01765748737603,12.090936392960726,12.788344382464857,"rgba(38, 166, 154, 1.0)",0.0,0.0,0.4917935190689063,12.849830164754854,-0.32499445104005203,1.0,12.75,12.73,0.0,64.25043410305555,8.725343476185067,True,False,True,False,True,0.9020442840472178,0,0.9157168657328012,0.9514728870407188,False,False,False,False,0.2280129730714141,0.23922460271489143,False,False,False,False,-222200,-266142.4830090799,False,False,False,False,7807.055807104677,False,False,False,False
2025-05-09 00:00:00+00:00,12.755,12.7566,12.75,12.75,2297,,,,,,,,,,,,,,,12.692771733848542,12.004614266372437,11.999256621486882,12.063451052622902,12.08150992534454,12.084681554670977,,12.026574811791527,12.09685143562632,12.788273516331756,"rgba(38, 166, 154, 1.0)",0.0,0.0,0.49307597745045245,12.850595987993637,-0.193876790526147,1.0,13.05,12.7,0.0,64.5431295205768,8.725343476185067,True,False,True,False,True,1.6296059244720347,0,0.9332630785443413,0.9388321807958278,False,False,False,False,0.25614395021604003,0.24768427646546573,False,False,False,False,-219903,-264329.1699499003,False,False,False,False,7590.97518721822,False,False,False,False
2025-05-12 00:00:00+00:00,13.271,13.349,13.05,13.05,23538,,,,,,,,,,,,,,,13.050348224290147,12.135150310266944,12.120572664752263,12.16602200022542,12.178955392398576,12.181344658837899,,12.158715249456241,12.191219727852417,12.797247917572506,"rgba(38, 166, 154, 1.0)",0.0,0.0,0.5024968103417015,12.872108340681972,0.7938192862294574,1.0,13.38,12.7566,0.0,68.1236812532307,12.182109001977345,True,False,True,False,True,7.0353666042283685,0,0.9411921827004407,0.9095327130540592,False,False,False,False,0.3428282244535178,0.2952562504594918,False,False,False,False,-196365,-261663.90838323755,False,False,False,False,8216.348709288093,False,False,False,False
2025-05-13 00:00:00+00:00,13.5085,13.52,13.38,13.5,37874,,,,,,,,,,13.469499999999998,,,,,13.268413779493308,12.33131133184024,12.306100873485079,12.328392991803817,12.334775893633255,12.336156126021496,,12.356462566304588,12.343058331791328,12.818844220855148,"rgba(38, 166, 154, 1.0)",0.0,0.0,0.517230906603546,12.912342507489758,1.1525944890358086,0.0,0.0,0.0,0.0,71.56942405211775,15.591893917792234,True,False,True,False,True,9.308540756570682,0,0.9589745484097374,0.898134535111374,False,False,False,False,0.34282822721034045,0.3190422388349161,False,False,False,False,-158491,-257617.91197605178,False,False,False,False,9379.393857943463,False,False,False,False
2025-05-14 00:00:00+00:00,13.7638,14.0,13.74,14.0,36262,,,,,,,,,13.834599999999998,13.648080665263839,,,,,13.456666635491453,12.516794666539633,12.483958345152752,12.488889951984389,12.490191107910599,12.490783198445852,,12.54301945590117,12.495366438193503,12.849154534861764,"rgba(38, 166, 154, 1.0)",0.0,0.0,0.5387447527404655,12.959754106539497,1.492443108486001,0.0,0.0,0.0,0.0,74.81365990657223,18.70684853597332,True,False,True,False,True,11.633268828505887,0,0.9752713721355164,0.8739518860634251,False,False,False,False,0.34282823084633784,0.330935234840627,False,False,False,False,-122229,-252308.5428789517,False,False,False,False,10433.613706651564,False,False,False,False
2025-05-15 00:00:00+00:00,13.8679,14.05,13.75,14.05,13962,,,,,,,,,13.84980630375916,13.686309732343526,,,,,13.505766617082443,12.579041241926662,12.544221309639346,12.54408129043549,12.54387078989263,12.544225750799654,,12.605410191795976,12.548098825525935,12.860969427011963,"rgba(38, 166, 154, 1.0)",0.0,0.0,0.5621368166571383,12.97709989338917,1.5846677894327508,0.0,0.0,0.0,0.0,77.3246425629971,21.08843765057847,True,False,True,False,True,12.552765788931278,0,0.9691145404418346,0.8837409144616709,False,False,False,False,0.3428282310692131,0.3368817329549201,False,False,False,False,-108267,-246659.85492291438,False,False,False,False,10571.981796586797,False,False,False,False
2025-05-16 00:00:00+00:00,14.2216,14.2289,14.125,14.18,19445,,,,,,,,14.191833333333333,13.945267923562367,13.777714160537336,,,,,13.599405660920349,12.674857747326609,12.637073509235131,12.629816971223015,12.627461628724939,12.627481503474,,12.701593772449487,12.630366358830221,12.881695310217289,"rgba(38, 166, 154, 1.0)",0.0,0.0,0.5964108486514718,13.006213663622267,2.0378340520227125,0.0,0.0,0.0,0.0,80.01498282539092,23.637954179076274,True,False,True,False,True,15.543950929666469,0,0.9729670624254867,0.8723624896827584,False,False,False,False,0.34282823294363496,0.3398549829492775,False,False,False,False,-88822,-240470.13512201578,False,False,False,False,10919.943294759863,False,False,False,False
2025-05-19 00:00:00+00:00,14.3,14.3,14.09,14.2,14157,,,,,,,,14.207913492252445,13.993355056505937,13.830327230621746,,,,,13.656403739505189,12.739334823125605,12.69985520715594,12.688222599754214,12.684535035353589,12.684345348081385,,12.766207487226652,12.686605294592415,12.896811221477005,"rgba(38, 166, 154, 1.0)",0.0,0.0,0.6308812423817723,13.02680185138351,2.0181264920950457,0.0,0.0,0.0,0.0,82.0052667658222,25.541726549441464,True,False,True,False,True,16.181188333713546,0,0.9656325455991779,0.8795942359541864,False,False,False,False,0.3428282330554058,0.34134160800234165,False,False,False,False,-74665,-233967.9729603681,False,False,False,False,11046.88669496536,False,False,False,False
2025-05-20 00:00:00+00:00,14.22,14.25,14.19,14.22,9068,,,,,,,,14.210482052183423,14.015479373981815,13.857348770086462,,,,,13.687248077468572,12.777639285928249,12.737286501333275,12.723215866877615,12.718781022080334,12.718473014227504,,12.80453626219308,12.720375931102655,12.906245329417978,"rgba(38, 166, 154, 1.0)",0.0,0.0,0.6596600923844521,13.039403575051765,1.789704180346536,0.0,0.0,0.0,0.0,82.08845868378077,25.737451112145948,True,False,True,False,True,15.174862662758326,0,0.9666062115833821,0.879296839163603,False,False,False,False,0.34282823320830486,0.34208492060532325,False,False,False,False,-83733,-228076.40539329484,False,False,False,False,10969.283295162797,False,False,False,False
2025-05-21 00:00:00+00:00,14.13,14.32,14.13,14.25,23709,,,,,,,,14.204356937686118,14.051642590385038,13.908915398193043,,,,,13.75059891500618,12.86732833120454,12.825356950570827,12.80607635325265,12.800029870512182,12.79946402351697,,12.89409598345183,12.800573856590395,12.92979949022921,"rgba(38, 166, 154, 1.0)",0.0,0.0,0.6827609796425844,13.101832103748919,1.5058972713837766,0.0,0.0,0.0,0.0,80.74669131079382,25.737451112145948,True,False,True,False,True,14.046684974421787,0,0.9690543279450295,0.8714434016228473,False,False,False,False,0.3428282332386224,0.34245657692197284,False,False,False,False,-107442,-223345.64439747937,False,False,False,False,11468.880028685826,False,False,False,False
2025-05-22 00:00:00+00:00,14.27,14.2782,14.06,14.06,5169,,,,,,,,14.204239640055162,14.058056117717264,13.918428601823203,,,,,13.7626103802725,12.885521936568766,12.843284096700442,12.823030436542233,12.816680479300533,12.81606568668739,,12.912239570251835,12.817022828235606,12.934858077128908,"rgba(38, 166, 154, 1.0)",0.0,0.0,0.709596933812185,13.10828527977478,1.6371473224723665,0.0,0.0,0.0,0.0,80.43865512050866,25.737451112145948,True,False,True,False,True,15.233570353917393,0,0.9664414020098744,0.8663398578381598,False,False,False,False,0.33103593562944045,0.33674625627570665,False,False,False,False,-102273,-218597.69755836253,False,False,False,False,11221.825909913832,False,False,False,False
2025-05-23 00:00:00+00:00,14.1919,14.1919,14.08,14.1077,3693,,,,,,,,14.201803213230376,14.060897838972355,13.923768300079386,,,,,13.769911845317356,12.897755698571638,12.855365540356804,12.834479524682061,12.827931693108082,12.827284771311701,,12.924425073834843,12.828140354344002,12.938311365180883,"rgba(38, 166, 154, 0.75)",0.0,0.0,0.7325502825578968,13.11237352709252,1.4736551177593191,0.0,0.0,0.0,0.0,78.98519037573874,25.737451112145948,True,False,True,False,False,14.24435887738894,0,0.9620883054063258,0.8675835899004083,False,False,False,False,0.32408475267959036,0.3304155044776485,False,False,False,False,-105966,-214180.7682423483,False,False,False,False,10926.57783501525,False,False,False,False
2025-05-27 00:00:00+00:00,14.1374,14.16,14.0609,14.15,13022,,,,,,,,14.189650662603054,14.066401959991431,13.938215655577672,,,,,13.791453588816426,12.937917181159822,12.895139209167054,12.872290815859982,12.865125605912839,12.864377546629516,,12.964373416628586,12.864908107532903,12.949986016012677,"rgba(38, 166, 154, 0.75)",0.0,0.0,0.7526942275645453,13.125778901558416,1.3440000751896757,0.0,0.0,0.0,0.0,77.13483582934099,25.737451112145948,True,False,True,False,False,13.553094559613388,0,0.9603400416377517,0.8684038861901461,False,False,False,False,0.3187582405291559,0.32458687250340224,False,False,False,False,-118988,-210447.71850735426,False,False,False,False,11008.751253249946,False,False,False,False
2025-05-28 00:00:00+00:00,13.94,14.1,13.88,14.07,24379,,,,,,,,14.14283331054728,14.05247075243861,13.942480544817512,,,,,13.810268628349567,12.997947122809437,12.955118705589204,12.92978008688327,12.92181873270549,12.920935665163208,,13.02379942186477,12.921004136470737,12.968578921910792,"rgba(38, 166, 154, 0.75)",0.0,0.0,0.7669987533682482,13.14465107089745,1.036962479547461,0.0,0.0,0.0,0.0,72.92398362114392,28.604085269747657,True,False,True,False,False,11.088568457262141,0,0.9393144796694813,0.8772587533211851,False,False,False,False,0.29382771209948805,0.30920729230144517,False,False,False,False,-143367,-207817.10209530118,False,False,False,False,11533.074733514653,False,False,False,False
2025-05-29 00:00:00+00:00,13.92,13.94,13.9086,13.9086,1996,,,,,,,,14.13900339881482,14.050901623377937,13.942287439987638,,,,,13.811214284912827,13.002316755938363,12.959506428778031,12.93400737511001,12.925994088944805,12.925101993525056,,13.028114118016669,12.925138252937534,12.969996355307924,"rgba(38, 166, 154, 0.75)",0.0,0.0,0.7803291244453432,13.146070306830731,0.991799061350397,0.0,0.0,0.0,0.0,69.82919103357113,25.67050217397839,True,False,True,False,False,10.841575748844303,0,0.9355258759957662,0.8910436744471064,False,False,False,False,0.28037922193510123,0.2947932571182732,False,False,False,False,-145363,-205367.92162097566,False,False,False,False,11159.071802788589,False,False,False,False
2025-05-30 00:00:00+00:00,13.8884,13.97,13.79,13.97,5933,,,,,,,,14.12639626471816,14.045062184685344,13.940596058031302,,,,,13.81295783379996,13.0145100100523,12.971784120221056,12.945862312559276,12.93771132107407,12.936794913126601,,13.040134740086824,12.936742208352737,12.974008728069778,"rgba(38, 166, 154, 0.75)",0.0,0.0,0.7919516738554826,13.149939907926884,0.9324560026220402,0.0,0.0,0.0,0.0,67.2841060142946,23.287199966160472,True,False,True,False,False,10.446333746572382,0,0.9271291151836802,0.8925629543632697,False,False,False,False,0.27136696227228163,0.2830801096952774,False,False,False,False,-151296,-203247.45410642758,False,False,False,False,10954.12781052237,False,False,False,False
2025-06-02 00:00:00+00:00,14.0716,14.09,13.94,13.94,7725,,,,,,,,14.120824842811416,14.04457772705206,13.943925704193896,,,,,13.819748091336777,13.032564606218184,12.989860199269138,12.963279346642796,12.954915233379797,12.953962285328831,,13.05800507847752,12.953782446969289,12.980040114915314,"rgba(38, 166, 154, 0.75)",0.0,0.0,0.806985304312634,13.156783105289586,1.1336227435884076,0.0,0.0,0.0,0.0,67.18200369114336,23.139202734788512,True,False,True,False,False,12.158033113891332,0,0.9492377689309345,0.8802693817536174,False,False,False,False,0.2989721159314645,0.291026112813371,False,False,False,False,-143571,-200907.20100421476,False,False,False,False,10827.49534736463,False,False,False,False
2025-06-03 00:00:00+00:00,14.09,14.09,13.675,14.06,5815,,,,,,,,14.113490211093797,14.04164677082486,13.944128277882538,,,,,13.8227313860996,13.04465734294795,13.00202643691163,12.975047813890443,12.966553610351994,12.965577737046285,,13.069940791006907,12.965314404936036,12.984184534443227,"rgba(38, 166, 154, 0.75)",0.0,0.0,0.8221374569579659,13.184824850905192,1.1010022003426212,0.0,0.0,0.0,0.0,67.26569562767267,23.03251978410738,True,False,True,False,False,12.328344632561397,0,0.9435857699270394,0.8802526194525211,False,False,False,False,0.2718743980647201,0.28145025543904556,False,False,False,False,-137756,-198430.683317775,False,False,False,False,10630.926902369938,False,False,False,False
2025-06-04 00:00:00+00:00,14.0369,14.08,14.02,14.03,8210,,,,,,,,14.10957578548961,14.041816755390517,13.947744978351036,,,,,13.829628187937171,13.062912454017985,13.020337403642102,12.992747575896098,12.984054147711078,12.98304372779554,,13.087998744127539,12.982658015541835,12.99053856421002,"rgba(38, 166, 154, 0.75)",0.0,0.0,0.8356291428769123,13.194686513764974,1.0078795042205493,0.0,0.0,0.0,0.0,66.37896990167093,21.927293525919794,True,False,True,False,False,11.636915212200993,0,0.9637173380324348,0.8877515900768197,False,False,False,False,0.30620025652350175,0.2938252559812736,False,False,False,False,-145966,-196373.24475629363,False,False,False,False,10535.988592473079,False,False,False,False
2025-06-05 00:00:00+00:00,13.91,13.93,13.84,13.9293,10636,,,,,,,,14.09453917571605,14.034044032168364,13.94534418908548,,,,13.893333333333333,13.832083322100639,13.082079395140173,13.039740029282722,13.011631956823896,13.002765282805441,13.001722891646073,,13.106855933164843,13.001212394945375,12.997485917936844,"rgba(38, 166, 154, 0.75)",0.0,0.0,0.8462005822530395,13.199127951749755,0.8400751112195202,0.0,0.0,0.0,0.0,63.64968852655869,19.119595684042054,True,False,True,False,False,9.995829483141577,0,0.9506076184405615,0.9076724818823012,False,False,False,False,0.2723819705538249,0.2831036132675493,False,False,False,False,-156602,-194813.58809918407,False,False,False,False,10539.910608454527,False,False,False,False
2025-06-06 00:00:00+00:00,13.9933,14.0,13.8901,13.91,3261,,,,,,,,14.091754372095405,14.032892319876769,13.9455549341836,,,,13.909242939723201,13.833590379039375,13.088256429555983,13.045976177598273,13.01769740032048,13.008773923461847,13.007721230265247,,13.11294520360603,13.00717157220157,12.999754202505217,"rgba(38, 166, 154, 0.75)",0.0,0.0,0.8579956542089354,13.201535286979569,0.922807369869992,0.0,0.0,0.0,0.0,62.76243351975347,18.099880849286677,True,False,True,False,False,10.810254759853635,0,0.9580631028563631,0.9172179009286596,False,False,False,False,0.2846157705214006,0.2838596918944749,False,False,False,False,-153341,-193187.2120952945,False,False,False,False,10254.463133613173,False,False,False,False
2025-06-09 00:00:00+00:00,13.9977,14.04,13.9201,14.04,63460,,,,,,,,14.061185070117778,14.021851211303856,13.953880512558918,,,,13.972156087576646,13.861800637776566,13.196243183585988,13.155370135687138,13.124753207502682,13.115032039089494,13.113828360772867,,13.219288437472606,13.11266985816868,13.042949159907478,"rgba(38, 166, 154, 0.75)",0.0,0.0,0.8694045160467595,13.247877776119893,0.8624549447817446,0.0,0.0,0.0,0.0,62.2212786209445,17.36357377459271,True,False,True,False,False,10.853572331064242,0,0.9659041088998612,0.8704083026082211,False,False,False,False,0.291784452199428,0.2878220720469514,False,False,False,False,-89881,-189135.98809155746,False,False,False,False,12340.954775432265,False,False,False,False
2025-06-10 00:00:00+00:00,14.0408,14.08,14.005,14.04,2825,,,,,,,,14.060940641249779,14.022059228825896,13.954681376750237,,,,13.974614503670814,13.863273391968574,13.20074782888791,13.15993964052723,13.129245517024957,13.119497345993445,13.118288362146444,,13.223725377990931,13.117107444070305,13.044893213623382,"rgba(38, 166, 154, 0.75)",0.0,0.0,0.8811590311680331,13.250028814750953,0.8974216427207576,0.0,0.0,0.0,0.0,62.379270853890276,17.25636815054027,True,False,True,False,False,11.283355948980347,0,0.9769794636942307,0.8637417552348862,False,False,False,False,0.30464877830079506,0.29623542517387325,False,False,False,False,-87056,-185132.85130365327,False,False,False,False,11967.780078356489,False,False,False,False
2025-06-11 00:00:00+00:00,14.185,14.19,14.13,14.171,21492,,,,,,,14.168333333333333,14.070400194676118,14.032744205166898,13.968508250098619,,,,14.015563075450295,13.881137224968077,13.238430800096646,13.197988691944458,13.166573707717177,13.156578355960379,13.155323168313476,,13.260957417487361,13.153959713006282,13.061283078338336,"rgba(38, 166, 154, 0.75)",0.0,0.0,0.8951684825321412,13.269778153396558,1.0224017762718551,0.0,0.0,0.0,0.0,64.0819090331382,17.25636815054027,True,False,True,False,False,12.708209120849737,0,0.9881749331642321,0.8529829289559213,False,False,False,False,0.3291247172515904,0.31268007121273184,False,False,False,False,-65564,-180443.8767427257,False,False,False,False,12341.278898813096,False,False,False,False
2025-06-12 00:00:00+00:00,14.2721,14.29,14.205,14.29,6864,,,,,,14.2557,14.189481760473974,14.075470365025769,14.037827084558078,13.974323985343277,,,,14.030749460404039,13.888013723135465,13.250928313651233,13.210583136295696,13.178927747233228,13.168850315106862,13.16758003321298,,13.273323823262713,13.166158382102127,13.066822481789409,"rgba(38, 166, 154, 1.0)",0.0,0.0,0.9103985307070146,13.276608619310334,1.0934676925681859,0.0,0.0,0.0,0.0,66.06923031246295,17.25636815054027,True,False,True,False,True,13.555104664744299,0,0.9838057853035328,0.8547662847458617,False,False,False,False,0.34282823337398505,0.32775415229335847,False,False,False,False,-58700,-175669.6070665404,False,False,False,False,12126.48364787925,False,False,False,False
2025-06-13 00:00:00+00:00,14.5,14.5,14.38,14.48,32288,,,,,14.46,14.424182795259505,14.333510731482093,14.119319294571369,14.078715821412182,14.016564304165717,,,,14.129166240135582,13.933483090413706,13.316983092837816,13.276852763536231,13.243819946032025,13.23327879473037,13.23192670920501,,13.338885010888253,13.230209711651492,13.096566851328323,"rgba(38, 166, 154, 1.0)",0.0,0.0,0.9298146703703988,13.315004527445002,1.2744426500422352,0.0,0.0,0.0,0.0,69.23699951791792,14.551491052132462,True,False,True,False,True,15.707389266599435,0,0.9876975387904133,0.8455485176072259,False,False,False,False,0.3428282344650211,0.3352911933791898,False,False,False,False,-26412,-169816.3675737349,False,False,False,False,12917.131347962417,False,False,False,False
2025-06-16 00:00:00+00:00,14.491,14.61,14.47,14.61,4038,,,,,14.46707718989154,14.433483926834917,14.345381880585016,14.125004670508556,14.084040846865378,14.022020664671732,,,,14.140162710772405,13.939292731573579,13.325171766323836,13.28506880571254,13.251876687613905,13.24128164875059,13.239920024590674,,13.34701495740294,13.238168440054576,13.100367167912722,"rgba(38, 166, 154, 1.0)",0.0,0.0,0.9468575528833414,13.371847178685286,1.1819653525566798,0.0,0.0,0.0,0.0,71.1484906146493,16.382085925848088,True,False,True,False,True,15.579534747210047,0,1.0179117256088859,0.8289111022658153,False,False,False,False,0.34282823498830967,0.3390597141837497,False,False,False,False,-30450,-164351.0198257453,False,False,False,False,12568.930118630557,False,False,False,False
2025-06-17 00:00:00+00:00,14.3306,14.49,14.32,14.48,6691,,,,,14.453564037473559,14.426336460776652,14.348645972566656,14.130814984891586,14.08979964051148,14.028294855932607,,,,14.150760114369923,13.946369051097111,13.336903244196053,13.296897464345985,13.26352473385544,13.252866798067855,13.251493336539038,,13.35863056608043,13.249694716084246,13.105989691119175,"rgba(38, 166, 154, 1.0)",0.0,0.0,0.959363074309996,13.373851343127587,0.9972748404565572,0.0,0.0,0.0,0.0,69.05182626861452,16.382085925848088,True,False,True,False,True,13.315687855272483,0,1.0614144553538492,0.8117068117068126,False,False,False,False,0.3168208463532213,0.3279402802684855,False,False,False,False,-37141,-159362.3915972847,False,False,False,False,12338.423055154848,False,False,False,False
2025-06-18 00:00:00+00:00,14.3338,14.337,14.31,14.31,894,,,,,14.450985916968413,14.424586260955197,14.34837737003058,14.131409786952538,14.090414136767597,14.02899217928895,,,,14.151793239269093,13.947183388504198,13.338371963382427,13.298381833358592,13.264989497533275,13.25432459443895,13.25294976878502,,13.360082910574429,13.251145437600961,13.106705942163272,"rgba(38, 166, 154, 0.75)",0.0,0.0,0.970565040745387,13.37423648103292,0.9886648278925668,0.0,0.0,0.0,0.0,67.68862299851094,16.382085925848088,True,False,True,False,False,13.347056107626923,0,1.1575396790809969,0.7663183216685705,False,False,False,False,0.300257651091832,0.3140989656801587,False,False,False,False,-36247,-154534.33702484219,False,False,False,False,11889.62215103113,False,False,False,False
2025-06-20 00:00:00+00:00,14.0422,14.24,14.0123,14.24,18179,,,,,14.347685850110055,14.338529153251928,14.298086805755181,14.129478716127334,14.090802197667044,14.032127779370834,,,14.098166666666666,14.14607977217495,13.953479033668831,13.360621027355926,13.321151236430746,13.287690249698874,13.27698854023388,13.27560177852473,,13.381927749919683,13.273722420342258,13.118393603433738,"rgba(38, 166, 154, 0.5)",0.0,0.0,0.9761843597164074,13.37522672894911,0.6832451927878175,-1.0,14.31,14.239,864.0,61.83610552727647,17.131694760629657,False,False,True,False,False,9.358147406427374,0,1.0915310422654418,0.7352547035071333,False,False,False,False,0.2611711918775189,0.2876350787788388,False,False,False,False,-54426,-150608.5198866131,False,False,False,False,12136.264419618145,False,False,False,False
2025-06-23 00:00:00+00:00,14.1713,14.239,14.05,14.05,5826,,,,,14.331022395802659,14.324108609699564,14.2893329507368,14.129916515828821,14.091791059415698,14.033864749278852,,,14.111579855585642,14.146322565465603,13.956115835442143,13.367992082834636,13.328676211168208,13.2951843016469,13.284468120542394,13.283077206306888,,13.389176829072925,13.281173478975978,13.122289182066309,"rgba(38, 166, 154, 0.5)",0.0,0.0,0.984429804914287,13.378448352482753,0.805391754251366,0.0,0.0,0.0,0.0,59.597716506938845,15.199278747230608,False,False,True,False,False,10.67030545845201,0,1.1083553699837623,0.7402273254465329,False,False,False,False,0.2582497746947056,0.2729424267367722,False,False,False,False,-48600,-146608.18577341258,False,False,False,False,11888.803069829197,False,False,False,False
2025-06-24 00:00:00+00:00,14.1383,14.18,14.04,14.16,12559,,,,,14.298001618722171,14.294677120950169,14.26972668694275,14.129519157607326,14.092700906196873,14.036426918705935,,,14.114277367538197,14.144535905995888,13.96063013687475,13.38275665272713,13.343793679844127,13.31028306680358,13.299551153894102,13.298153704942349,,13.403674396191015,13.29620431891743,13.130314238968285,"rgba(38, 166, 154, 0.5)",0.0,0.0,0.9923974401817331,13.384814302120077,0.7592580022595986,-1.0,14.05,14.0,860.0,57.60266928553281,13.427367764640977,False,False,True,False,False,10.22594157842137,0,1.053584554547569,0.7440614096301474,False,False,False,False,0.23313760268016795,0.2530400147084701,False,False,False,False,-61159,-143257.23731171014,False,False,False,False,11915.085302384914,False,False,False,False
2025-06-25 00:00:00+00:00,13.99,14.0,13.98,13.98,3367,,,,,14.285632621677284,14.283367528792658,14.26133224359317,14.128115633256744,14.091802565088436,14.036057193528526,,13.989999999999998,14.10379824363694,14.141831246491323,13.960846180449355,13.385938614066326,13.347088828360576,13.313604851839004,13.302878834929132,13.30148116713591,,13.406778535825254,13.299523580581267,13.13216513457118,#000000,0.0,0.0,0.9983993538758914,13.385692004863483,0.6052768291471046,0.0,0.0,0.0,0.0,54.1432505176358,10.249392435493775,False,True,False,False,False,8.245908402161785,0,1.0348269459371835,0.7699063749521079,False,False,False,False,0.2035852897172565,0.2283126522128633,False,False,False,False,-64526,-140169.73780929012,False,False,False,False,11579.86627091884,False,False,False,False
2025-06-26 00:00:00+00:00,14.04,14.07,14.015,14.025,5094,,,,14.041666666666666,14.27165894875716,14.270515501739737,14.251792151780739,14.126819642921955,14.091147745024386,14.036123973438844,,14.021106252216049,14.096768854340182,14.139247420926303,13.961735730027788,13.391096150853087,13.352406272552534,13.318948382447513,13.308226823939906,13.30682817999483,,13.411823414135744,13.304856698849434,13.13511803715632,#000000,0.0,0.0,1.0045586909252695,13.387675228999418,0.649364518861256,1.0,14.04,14.0,862.0,52.581468053745674,8.843590289452472,False,True,False,False,False,8.775235175812032,0,1.0075566239641336,0.7954031382811482,False,False,False,False,0.2164683848354082,0.22239051852413574,False,False,False,False,-59432,-137003.55201284736,False,False,False,False,11325.518574020061,False,False,False,False
2025-06-27 00:00:00+00:00,14.0596,14.17,14.04,14.11,12369,,,,14.075806608257459,14.249462722142706,14.249858516457275,14.236345283984132,14.125521749431133,14.091108365971815,14.037633854765271,,14.061936668266922,14.095281361582511,14.136336718403763,13.965070946595763,13.404191368581815,13.365864794174932,13.332446480293456,13.321728441400051,13.320326435178089,,13.424658150033899,13.318319386276633,13.142585963475753,#000000,0.0,0.0,1.0103227091745743,13.393848366159233,0.6589494898958379,0.0,0.0,0.0,0.0,51.842210877256605,8.100309702962875,False,True,False,False,False,8.984622829945636,0,1.0136079887493799,0.7524155444713132,False,False,False,False,0.23189858054724408,0.2271445495356899,False,False,False,False,-47063,-133476.4715417553,False,False,False,False,11366.43941425457,False,False,False,False
2025-06-30 00:00:00+00:00,14.025,14.08,14.0,14.08,5573,,,,14.065934441743359,14.238279871130324,14.239331125412486,14.228047834617525,14.124111557839042,14.090341890932384,14.037600931211474,,14.05625102450479,14.089946058517423,14.133715049021433,13.965881568558117,13.409473127531582,13.37132200244976,13.33794550174039,13.327236791645364,13.325834468994504,,13.429819566108053,13.323814716638461,13.14571999932382,#000000,0.0,0.0,1.0152559227794322,13.396130450860912,0.6194197295766103,0.0,0.0,0.0,0.0,50.784789214316575,6.954376398720079,False,True,False,False,False,8.509005239096545,0,1.0276299736515648,0.7511662001865932,False,False,False,False,0.21585332953505798,0.22149893953537395,False,False,False,False,-52636,-130306.2569714904,False,False,False,False,11139.245711734782,False,False,False,False
2025-07-01 00:00:00+00:00,14.11,14.11,13.93,13.93,10899,,,,14.060816731987623,14.220856585468018,14.22277541793364,14.214768538705608,14.121920394011072,14.089292169619124,14.037896809010645,,14.05442458313227,14.084051978808471,14.129683454477172,13.967746289399768,13.419792706628765,13.381976814523101,13.348680927158608,13.337990299577818,13.336587409888981,14.049999999999999,13.43990948334928,13.334543463886165,13.15188829993564,#000000,0.0,0.0,1.0204347835370127,13.430607390353341,0.6657873884813688,1.0,14.125,14.08,0.0,51.50525521115374,6.954376398720079,False,True,False,False,False,9.439718059719944,0,1.0204533571186907,0.7450148145869868,False,False,False,False,0.21093863095608098,0.21621878524572746,False,False,False,False,-41737,-126832.95277652999,False,False,False,False,11129.824311274595,False,False,False,False
2025-07-02 00:00:00+00:00,14.28,14.28,14.125,14.125,3529,,,14.228333333333335,14.07659630934586,14.221074096911943,14.222928448154796,14.21508839384747,14.122929439092871,14.090453838760004,14.039356953524399,,14.069455417044237,14.090630813360034,14.131198114083181,13.96960338544822,13.423988671264572,13.386257352063723,13.35295426460527,13.34225893747569,13.340854310349892,14.093619235745308,13.444041028500436,13.338798756314885,13.15426055466239,#000000,0.0,0.0,1.027951349600711,13.435291825704159,0.8217394477121432,1.0,14.26,14.11,867.0,54.41496853039138,6.954376398720079,False,True,False,False,True,11.260530575617267,0,1.0463215820443323,0.724636486361155,False,False,False,False,0.25535068484080936,0.2357847350432684,False,False,False,False,-38208,-123357.46443235235,False,False,False,False,10831.752769655983,False,False,False,False
2025-07-03 00:00:00+00:00,14.35,14.35,14.26,14.26,5210,,,14.28298298813747,14.10631307431535,14.225147921211546,14.226720191932824,14.218617692029548,14.125650174759851,14.093250701007252,14.042498167455472,,14.09780704444589,14.105097412989526,14.135382930447195,13.973251614181779,13.430801302093215,13.393177693295078,13.359840557895037,13.34913086719701,13.347722584813098,14.153678497470889,13.45076577062305,13.345647268843017,13.158041029227503,"rgba(38, 166, 154, 0.5)",0.0,0.0,1.0373180177277748,13.442656319158335,0.8747015527882026,0.0,0.0,0.0,0.0,57.223751435889895,1.232989047343409,False,True,True,False,True,11.995750558797177,0,1.0528029342976948,0.7157605167990616,False,False,False,False,0.2727657029567487,0.25427521900000855,False,False,False,False,-32998,-119813.9560232405,False,False,False,False,10611.291876728297,False,False,False,False
2025-07-07 00:00:00+00:00,14.285,14.38,14.28,14.32,8434,,,14.298707175993325,14.140751235292582,14.230763426454242,14.231970392203873,14.223595392698371,14.12978946758629,14.097539902943124,14.047347811912466,,14.131433577482023,14.124543127670556,14.14160455272266,13.978916167287698,13.441551941910397,13.404106277343194,13.370725661383883,13.359996516498493,13.358582927236219,14.20214620737152,13.46137430100735,13.356477466058713,13.164083084238433,"rgba(38, 166, 154, 0.5)",0.0,0.0,1.045357326454045,13.451871614227775,0.7969795252674783,0.0,0.0,0.0,0.0,57.78164339999163,1.8843522614705037,False,True,True,False,True,11.055214841611026,0,1.0519162613480344,0.7204099660490225,False,False,False,False,0.27955114219486,0.2669131805974343,False,False,False,False,-41432,-116740.1538262507,False,False,False,False,10525.907881562482,False,False,False,False
2025-07-08 00:00:00+00:00,14.2752,14.32,14.1401,14.24,7306,,,14.282707583370781,14.153802422935138,14.231499725846362,14.232613665504292,14.224516269664504,14.131932501430876,14.099971617881575,14.050350177779904,,14.14487536189659,14.133499236361786,14.144619528112056,13.982684033791998,13.449927082233668,13.412655332718346,13.379273057990348,13.368538638910502,13.367122223189067,14.211016703412666,13.469620243427086,13.364995412068064,13.168951470241232,"rgba(38, 166, 154, 0.5)",0.0,0.0,1.0530503323477163,13.457298638190874,0.7766973113105248,0.0,0.0,0.0,0.0,57.95133325517189,2.2686255284178287,False,True,True,False,True,10.912319082778186,0,1.0371132920844888,0.7306165991039056,False,False,False,False,0.24849381139238494,0.2577034959949096,False,False,False,False,-48738,-114073.4026958095,False,False,False,False,10399.636984246306,False,False,False,False
2025-07-09 00:00:00+00:00,14.29,14.39,14.2526,14.39,7466,,,14.289288760891115,14.171602083586317,14.235457417970194,14.236344758364945,14.228136548778252,14.135267463592463,14.10346435295379,14.054330328566062,,14.162772037296438,14.146014241745503,14.149425541960305,13.987363546433311,13.459000272948675,13.421890058989293,13.388487189402559,13.377741439030357,13.376321287895898,14.228416568636604,13.478569010404794,13.37417080099196,13.17418266129834,"rgba(38, 166, 154, 0.5)",0.0,0.0,1.0602966965051799,13.463824948967574,0.7791923277282317,0.0,0.0,0.0,0.0,58.29837518948643,2.893616552120889,False,True,True,False,True,11.075893873651118,0,1.0405483190142193,0.7244334534291269,False,False,False,False,0.27504760359221475,0.26637554979356215,False,False,False,False,-41272,-111218.44572734639,False,False,False,False,10284.592396628805,False,False,False,False
2025-07-10 00:00:00+00:00,14.3602,14.41,14.236,14.236,4251,,,14.294704245404649,14.181530716326112,14.238216706392246,14.238962836494919,14.230637395769918,14.137368985735646,14.105631027902794,14.056754257264389,,14.1727565466634,14.153329017584028,14.15243713926909,13.99016640510494,13.464227778487142,13.427206573086831,13.393789951038508,13.38303713996186,13.381614788534895,14.238073359521534,13.483727419168293,13.379450758254134,13.177203670395526,"rgba(38, 166, 154, 0.5)",0.0,0.0,1.0670761103278483,13.467606491105332,0.8364853268249329,0.0,0.0,0.0,0.0,59.63283709850787,4.460025687392736,False,True,True,False,True,11.855945954745653,0,1.0399555337024604,0.7279432199585278,False,False,False,False,0.272312985971913,0.2693442678827376,False,False,False,False,-37021,-108308.74197333281,False,False,False,False,10047.980930094342,False,False,False,False
2025-07-11 00:00:00+00:00,14.35,14.53,14.31,14.39,7983,,,14.313128519583211,14.203516919715629,14.246026889607876,14.24642018560202,14.23760181036053,14.14238327394434,14.11064861282383,14.062171407077347,,14.19469386319101,14.169785152554816,14.159645004571887,13.996222510845943,13.474556583133287,13.437687456940196,13.404226846160496,13.393455043574205,13.392027737634303,14.261059858140577,13.493933407226912,13.38983643318054,13.183132453605625,"rgba(38, 166, 154, 0.5)",0.0,0.0,1.073957979619858,13.475467601771523,0.8143078358969211,0.0,0.0,0.0,0.0,60.258029524326716,5.337882412931542,False,True,True,False,True,11.699086593565955,0,1.0327275804438423,0.726713067761113,False,False,False,False,0.30266858657993856,0.28600642723133807,False,False,False,False,-45004,-105826.2030724178,False,False,False,False,9967.001285776918,False,False,False,False
2025-07-14 00:00:00+00:00,14.34,14.38,14.3,14.35,5645,,,14.316173026386211,14.212715298256505,14.249192015162993,14.24944805968723,14.240551629864374,14.145049111583742,14.113411004073818,14.065267483749807,,14.204108425345668,14.177553467000836,14.163331930175266,13.999806416391037,13.481282904479004,13.444533116817373,13.411062937842724,13.40028464286536,13.398854894963932,14.268398380624584,13.500569246690333,13.396647161536935,13.187096036023641,"rgba(38, 166, 154, 0.5)",0.0,0.0,1.0800764922861563,13.480057477859248,0.7961866851861066,0.0,0.0,0.0,0.0,60.39708030219412,5.7774776983209435,False,True,True,False,True,11.542730348340147,0,1.0309062560071762,0.7486490527350017,False,False,False,False,0.26647628501986437,0.2762413561256012,False,False,False,False,-50649,-103662.39118722496,False,False,False,False,9797.511039275863,False,False,False,False
2025-07-15 00:00:00+00:00,14.1917,14.37,14.1917,14.37,9249,,,14.305989827275855,14.216535705172314,14.249293543304116,14.249532904042875,14.241028566091309,14.147343131506078,14.116076218284432,14.068600267606557,,14.208621352702119,14.18267265838718,14.166177442873098,14.0040272037337,13.490963022886747,13.454436469911482,13.420999049886804,13.41022571212016,13.408794337357753,14.266116261742791,13.510092044498462,13.406565988271154,13.19303568578854,"rgba(38, 166, 154, 0.5)",0.0,0.0,1.0835022295640413,13.485684469771368,0.6516050553146588,0.0,0.0,0.0,0.0,56.82924613518422,5.7774776983209435,False,True,True,False,False,9.243656123079983,0,1.0067647612404642,0.7914549218897058,False,False,False,False,0.24370041908524578,0.2599708876054235,False,False,False,False,-59898,-101946.14055243183,False,False,False,False,9776.000802441515,False,False,False,False
2025-07-16 00:00:00+00:00,14.2374,14.31,14.2001,14.3,12914,,,14.295796121521942,14.22051406884311,14.249284908974653,14.249508850553665,14.241510389999387,14.150327426772245,14.119577777936234,14.0730105983433,,14.213412339759719,14.188560117835538,14.169770187259896,14.009643727268536,13.504044826033631,13.467831003016112,13.43445367020971,13.423692080003747,13.422259246011215,14.26347544096711,13.522956898792017,13.420004791427894,13.20120368953934,"rgba(38, 166, 154, 0.5)",0.0,0.0,1.086293068605742,13.493342722019156,0.6849507738605398,0.0,0.0,0.0,0.0,55.42000634765415,9.962532898950322,False,True,True,False,False,9.788404816395587,0,1.0046421356093793,0.8062674505709043,False,False,False,False,0.23411246540064853,0.247041676503036,False,False,False,False,-46984,-99790.76249155214,False,False,False,False,9899.059594502633,False,False,False,False
2025-07-17 00:00:00+00:00,14.31,14.32,14.1408,14.26,9783,,,14.29114655986303,14.223593362430318,14.249659880963712,14.249860739333979,14.242172437689131,14.152642950064312,14.122261894745956,14.076351921929398,,14.216988040849234,14.192857935610439,14.172537985296271,14.01386261786551,13.513758510723882,13.477779157914544,13.444453146450197,13.433702492697314,13.432268925917208,14.262784795346878,13.532509476892459,13.429996105330337,13.207352981447082,"rgba(38, 166, 154, 0.5)",0.0,0.0,1.088491184957282,13.499158532173869,0.7449224017904684,0.0,0.0,0.0,0.0,55.9300430670915,9.962532898950322,False,True,True,False,False,10.652545114171193,0,0.9942595371254487,0.8210453326058302,False,False,False,False,0.22499122700214078,0.2360164517525884,False,False,False,False,-37201,-97336.26200168736,False,False,False,False,9894.50823785547,False,False,False,False
2025-07-18 00:00:00+00:00,14.252,14.327,14.25,14.327,6218,,,14.290099727993212,14.226283069368918,14.250465924395948,14.25063488862447,14.243079714050994,14.154327282914025,14.12415203973052,14.07863470914216,,14.219933280123447,14.196064838269878,14.174591416138785,14.016678198570283,13.519961022822953,13.484127001056825,13.450832085941572,13.440087973504932,13.4386539092933,14.263636725420598,13.538612000763516,13.436369538785616,13.211295883028194,"rgba(38, 166, 154, 0.5)",0.0,0.0,1.0890102367589316,13.502996884084002,0.6877833565138484,0.0,0.0,0.0,0.0,54.85373051167156,9.17706192715088,False,True,True,False,False,9.737170863715939,0,1.0100055839819486,0.8152385727797984,False,False,False,False,0.24655175000033328,0.24128410087646085,False,False,False,False,-43419,-95221.85957024863,False,False,False,False,9750.33144421408,False,False,False,False
2025-07-21 00:00:00+00:00,14.3,14.36,14.26,14.34,13041,,,14.292238217409523,14.234050196101677,14.253815530348037,14.25387284855467,14.246434750217801,14.158557229585629,14.12873027325705,14.083966301158979,,14.228109972939302,14.204311834719878,14.179853138797927,14.023058856880295,13.533156089575405,13.497615327253152,13.464378015971365,13.453645370220416,13.452209998071929,14.268650247182713,13.551604193279202,13.449901231453287,13.219704427936573,"rgba(38, 166, 154, 0.5)",0.0,0.0,1.0909824468691305,13.511488862248072,0.7227532762005245,0.0,0.0,0.0,0.0,55.13893287073637,9.17706192715088,False,True,True,False,False,10.32089758129678,0,1.0181121838346763,0.7992271830937765,False,False,False,False,0.25458654253880647,0.24793532170763366,False,False,False,False,-30378,-92678.9631165134,False,False,False,False,9879.377269931176,False,False,False,False
2025-07-22 00:00:00+00:00,14.43,14.43,14.35,14.35,3984,,,14.296452961696806,14.238903983264724,14.256489254155628,14.256465664579464,14.248923676798883,14.16061611284587,14.130818601136792,14.086231303475294,,14.233015217416764,14.208744449227316,14.182540340287174,14.025597962979106,13.537592133586864,13.50213006370596,13.468896340857036,13.458162753371424,13.456726336120333,14.273279426346422,13.555983059973196,13.454408617630332,13.222473704976059,"rgba(38, 166, 154, 0.5)",0.0,0.0,1.0941344771788017,13.514617329142277,0.8366272062077905,1.0,14.6,14.36,882.0,57.680812877192295,9.17706192715088,False,True,True,False,True,11.881093651957404,0,1.0270156949402234,0.7833984928324562,False,False,False,False,0.2818220096855224,0.26487866569657803,False,False,False,False,-26394,-90079.55279821876,False,False,False,False,9648.186004443678,False,False,False,False
2025-07-23 00:00:00+00:00,14.7778,14.78,14.6,14.67,24708,,14.719266666666664,14.37698642214188,14.31142684329732,14.302688836812147,14.301420835397316,14.291051884450951,14.18831340190533,14.157322207355586,14.112901785871612,,14.304947231618797,14.27070313494149,14.219787792994723,14.053180386505309,13.573806943541735,13.538628518333775,13.505130500083077,13.494299472086825,13.492843061606557,14.351642765372397,13.591927608658319,13.490437014936845,13.243881625371776,"rgba(38, 166, 154, 0.5)",0.0,0.0,1.0905645572870912,13.54408022551812,1.1312670728552767,1.0,14.6906,14.43,881.0,63.33684470562206,8.868586829606407,False,False,True,False,True,15.78085034430952,0,1.0274267394240166,0.7721977623821089,False,False,False,False,0.3428282047235085,0.30385343521004327,False,False,False,False,-1686,-86613.1389629945,False,False,False,False,10238.766945445886,False,False,False,False
2025-07-24 00:00:00+00:00,14.7327,14.78,14.6906,14.78,3488,,14.721142866600461,14.386345961108734,14.32025424145248,14.308688871889267,14.307278301337984,14.296588160749186,14.192109128316513,14.160968424780238,14.116576551124435,,14.313732867283244,14.278514270674878,14.224780738235378,14.056983126089568,13.578806653122559,13.543669321478312,13.51013896074467,13.499295812729837,13.497836848433273,14.360907854757079,13.596889581922172,13.495419182211569,13.246885091175,"rgba(38, 166, 154, 0.5)",0.0,0.0,1.0684141939434344,13.548059423157166,1.108784012378585,0.0,0.0,0.0,0.0,66.02404077053069,11.21947026015389,False,False,True,False,True,15.044715852540957,0,1.0389850406239467,0.7937768065742227,False,False,False,False,0.342828196790128,0.32334081600008563,False,False,False,False,-5174,-83419.4472389555,False,False,False,False,9974.03098680095,False,False,False,False
2025-07-25 00:00:00+00:00,14.845,14.86,14.73,14.77,26130,,14.764683471388777,14.456094296646354,14.386691561893134,14.356115977424615,14.353688851327556,14.340647849884766,14.222771637861642,14.190374814380519,14.146057967643449,,14.379899181418592,14.338252578632535,14.264545214449573,14.087274894904954,13.617348739616112,13.582485976015278,13.54868720533912,13.537745169105149,13.53626604081383,14.430095273284067,13.635167694945233,13.53375999203313,13.27015450978735,"rgba(38, 166, 154, 1.0)",0.0,0.0,1.0404006766677871,13.644826879591012,1.1535681851466337,0.0,0.0,0.0,0.0,68.83141264489606,13.692804329748483,True,False,True,False,True,16.25506450411145,0,1.0181276003913111,0.8071496764612294,False,False,False,False,0.3428281743443112,0.3330844951721984,False,False,False,False,20956,-79326.29244527097,False,False,False,False,10607.598399083265,False,False,False,False
2025-07-28 00:00:00+00:00,14.72,14.8,14.6354,14.8,22903,,14.750977435074045,14.48906756510574,14.421841671408153,14.383777284994173,14.380912602088307,14.366999382007355,14.243380381076513,14.210496004615967,14.166574976785778,,14.415218803520025,14.3722540282485,14.28999126731399,14.10872639171036,13.64671631240444,13.612170103277453,13.578286252346768,13.567306316281588,13.565817056628294,14.464290861080764,13.664283119463292,13.563254320501855,13.28878922824944,"rgba(38, 166, 154, 1.0)",0.0,0.0,0.9908200066084021,13.664157241313793,1.065625190896558,-1.0,14.73,14.7,890.0,67.83900790657833,13.692804329748483,True,False,True,False,True,14.209568456535063,0,0.9860650541304986,0.8354505998244425,False,False,False,False,0.28144567474148485,0.3072650849568416,False,False,False,False,-1947,-76291.81038859369,False,False,False,False,11089.771010883922,False,False,False,False
2025-07-29 00:00:00+00:00,14.61,14.7,14.51,14.7,17314,,14.724549284452578,14.499270770443719,14.435546953273004,14.395938348464652,14.392969178411064,14.379003233349433,14.254450474898157,14.22158772740895,14.178185312946008,,14.429213383827724,14.387097824364293,14.30286586517201,14.12119912149862,13.665688559822325,13.631434977608414,13.597588312591693,13.586612746621066,13.58512091364436,14.4760040287314,13.683049132131142,13.58252916951627,13.301484350305408,"rgba(38, 166, 154, 0.5)",0.0,0.0,0.9583139171867704,13.67516941429167,0.9754951576333374,0.0,0.0,0.0,0.0,64.9714703720309,13.692804329748483,False,False,True,False,False,12.449396563663768,0,0.9667545978995118,0.8496499186430658,False,False,False,False,0.19540023493126307,0.25133265994405235,False,False,False,False,-19261,-74055.30802041353,False,False,False,False,11333.858422221809,False,False,False,False
2025-07-30 00:00:00+00:00,14.351,14.6899,14.35,14.38,27252,,14.666168550433106,14.494988772294922,14.438482449257187,14.40129210364158,14.398448606578288,14.385187427323176,14.26402425724893,14.231803855283726,14.18956578327789,,14.43276498151023,14.394034725095398,14.312534840356083,14.134187911715735,13.689762084721302,13.656058305140569,13.622439487374418,13.611526036899987,13.610038660609277,14.474585786142883,13.706771703696106,13.607424376829716,13.31884193064047,"rgba(38, 166, 154, 0.5)",0.0,0.0,0.9177197776824513,13.686756384139645,0.7237978651149835,-1.0,14.51,14.26,885.0,58.981915371164874,14.995476328664708,False,True,True,False,False,8.491478508976076,0,0.9323223709416285,0.8858527059928575,False,False,False,False,0.13237098584693038,0.19185182289549135,False,False,False,False,-46513,-72975.21750980908,False,False,False,False,11958.099268409189,False,False,False,False
2025-07-31 00:00:00+00:00,14.1738,14.26,14.13,14.25,17096,,14.607302898435943,14.473466288922419,14.423065651450422,14.391207024422075,14.388683261474172,14.376541437350813,14.261900558494139,14.230672214996591,14.189525950490841,14.187933333333334,14.417880370736519,14.38294648708185,14.308004637697191,14.135437066075013,13.699015433192635,13.66575086089153,13.632439076528122,13.621618002190258,13.620141561424786,14.455352848017226,13.715773459215853,13.61753465564671,13.326909425859824,#000000,0.0,0.0,0.8957616310539577,13.68759280380785,0.5427863611662814,0.0,0.0,0.0,0.0,52.881306038470896,9.577997339518177,False,True,False,False,False,5.934189106896376,0,0.9205657652765262,0.936610592054109,False,False,False,False,-0.10315120853803021,0.04435030717873057,False,False,False,False,-63609,-72607.9148623656,False,False,False,False,12159.585571608828,False,False,False,False
2025-08-01 00:00:00+00:00,14.1835,14.35,14.15,14.35,7539,,14.58776577454529,14.466101491126551,14.417908083430865,14.387871142679161,14.385458855202558,14.37372157298227,14.261486364801906,14.23064028566186,14.189933757238661,14.200143850889656,14.412918329437163,14.379351756944935,14.306739538078558,14.136374454830342,13.703311814345994,13.670231829257766,13.63704593353292,13.62626264350236,13.62479061669263,14.448814552124071,13.719963400748611,13.622186156862984,13.330582303519048,#000000,0.0,0.0,0.8737950646863647,13.688741649130032,0.566217836269829,0.0,0.0,0.0,0.0,48.973108456681615,6.283859758645754,False,True,False,False,False,6.052150635617185,0,0.9177764486163835,0.9263210575784587,False,False,False,False,-0.06319878954525311,-0.00942424118326127,False,False,False,False,-56070,-71959.36918148851,False,False,False,False,11978.38613742809,False,False,False,False
2025-08-04 00:00:00+00:00,14.3301,14.37,14.24,14.24,9258,,14.57144860854187,14.460677580190845,14.414623201622796,14.38604867891925,14.383726810729167,14.372348124050593,14.262249561363786,14.231767308600702,14.191526573139036,14.23107108744185,14.409825577706714,14.377525844748584,14.306865517423114,14.138552393446405,13.709338207894794,13.676466970701963,13.64341167724849,13.632667127648189,13.631199401094266,14.444197554614629,13.725866749766107,13.628595296554858,13.335477963117867,"rgba(239, 83, 80, 1.0)",0.0,0.0,0.8494576607130705,13.691440691554021,0.7518436032584145,1.0,14.3629,14.35,0.0,48.678945275168495,6.237564306729766,False,True,False,True,False,7.821619666857771,0,0.9291593395857753,0.9254957991402902,False,False,False,False,-0.023446952238485145,-0.016435596710873208,False,False,False,False,-46812,-70973.19784103798,False,False,False,False,11871.704328117185,False,False,False,False
2025-08-05 00:00:00+00:00,14.46,14.46,14.3629,14.45,8005,,14.564415679350981,14.459693161547069,14.41496732586354,14.386909997938677,14.38462035183523,14.373414942985912,14.26432677751244,14.23404768245279,14.194131936250189,14.268626120578547,14.410291418742867,14.37869672399768,14.308818457533455,14.141595790924976,13.715421545526139,13.682711491878678,13.649742487100104,13.639022900120652,13.637557636620034,14.443723326359208,13.731851769749182,13.634950825322226,13.340161942507539,#000000,0.0,0.0,0.8207476672461932,13.695094452641545,0.9319618902176098,1.0,14.5,14.37,0.0,50.265441759017364,6.237564306729766,False,True,False,False,False,9.345105619366933,0,0.9481513486821799,0.904363928152584,False,False,False,False,0.053391617797340425,0.018478010543233607,False,False,False,False,-38807,-69711.77831786002,False,False,False,False,11720.068864269453,False,False,False,False
2025-08-06 00:00:00+00:00,14.555,14.59,14.5,14.5,5416,14.548333333333332,14.563900615185078,14.461444480924552,14.417312055236533,14.389140850236073,14.386843901933393,14.375669188627537,14.26671987025703,14.236503981584901,14.19675674163812,14.300644006706964,14.412692116856764,14.381336906636626,14.311410617120641,14.144472449564566,13.720166957426422,13.687552911332016,13.654623772064788,13.643915123649338,13.642450646977291,14.44571113707411,13.736535995987431,13.639839862783411,13.343657512984988,#000000,0.0,0.0,0.7919909353789979,13.698436654963185,1.081531753424572,1.0,14.59,14.46,891.0,52.51096437284907,6.237564306729766,False,True,False,False,False,10.437742885789895,0,0.9670667247061748,0.8914370996828563,False,False,False,False,0.1508049834682962,0.08464149700576491,False,False,False,False,-33391,-68287.4340701008,False,False,False,False,11472.850477435357,False,False,False,False
2025-08-07 00:00:00+00:00,14.6178,14.69,14.59,14.59,9247,14.601474836891041,14.567462386089245,14.467029689909623,14.423586062577217,14.394752938497872,14.392413634633137,14.38120080247977,14.271908931015357,14.24171980132787,14.202202257478582,14.354914565395474,14.419033470441672,14.387840832131978,14.317237832068503,14.150296388130498,13.728957060508828,13.696491988142405,13.66361074297598,13.652914306699442,13.651450226351386,14.451583883398808,13.745227989782649,13.648830412955721,13.349993367531974,"rgba(38, 166, 154, 0.5)",0.0,0.0,0.7559061209931642,13.705076372056766,1.2074563263808904,1.0,14.61,14.59,891.0,54.763580996206976,6.237564306729766,False,True,True,False,True,11.154462699612257,0,0.9802598048356018,0.8747094288022881,False,False,False,False,0.22176183702242058,0.15320166701409274,False,False,False,False,-24144,-66556.31900852823,False,False,False,False,11385.562223418285,False,False,False,False
2025-08-08 00:00:00+00:00,14.642,14.75,14.61,14.75,33035,14.647087555033755,14.583069657648622,14.487942923814702,14.446570061188357,14.415492430422644,14.413005574790175,14.401636763617468,14.290977664418625,14.260842379109185,14.222076594389796,14.470106694495291,14.442223877080592,14.411498901615122,14.33854794814014,14.171433744357396,13.760178146497536,13.728226206830819,13.69551464035044,13.684861930833431,13.683399490197127,14.47335967854455,13.776112392863,13.680749423512156,13.372727720487108,"rgba(38, 166, 154, 0.5)",0.0,0.0,0.7197994552338395,13.728989434322216,1.2684235296915807,0.0,0.0,0.0,0.0,56.56209672668478,-1.0702566642931401,False,True,True,False,True,11.431947537942772,0,1.0100288882441244,0.8624339291796502,False,False,False,False,0.25226766817099067,0.20273466759254172,False,False,False,False,8891,-63597.60061603693,False,False,False,False,12234.559783284236,False,False,False,False
2025-08-11 00:00:00+00:00,14.5619,14.67,14.5401,14.55,10127,14.637206459720423,14.583416965363234,14.491128787772064,14.450618338484075,14.419485132535689,14.416993353015403,14.40568679879717,14.295343450662457,14.26532342403741,14.226842173934328,14.482349716046782,14.44635566317514,14.416030483911385,14.34316624376409,14.17662272467276,13.768563164217738,13.736782487315866,13.704152816674371,13.693523358855657,13.692062959128416,14.476880313546513,13.784390838704113,13.689407932797115,13.379137235924352,"rgba(38, 166, 154, 0.5)",0.0,0.0,0.688645676248819,13.73504645423343,1.20069518227515,0.0,0.0,0.0,0.0,56.28285076229194,-1.0702566642931401,False,True,True,False,True,10.181557901863048,0,0.9976325757575757,0.8541542065390756,False,False,False,False,0.19543769541549835,0.19908618150402002,False,False,False,False,-1236,-61152.04765070215,False,False,False,False,12151.91038001819,False,False,False,False
2025-08-12 00:00:00+00:00,14.835,14.84,14.61,14.61,30095,14.679809165908402,14.604737106853248,14.513958972518362,14.474586423973038,14.441192316659045,14.438546759698877,14.426995644831816,14.314693695381807,14.284585473754525,14.246631127299109,14.547102243653937,14.470444544011428,14.440193350863662,14.364771809725745,14.197378599684466,13.797492559345491,13.766133635974924,13.733634053245396,13.723037421744552,13.721577810735345,14.500200210960706,13.813041648214663,13.718895819592113,13.400425888186591,"rgba(38, 166, 154, 0.5)",0.0,0.0,0.6638916273984079,13.758032833539541,1.6222032663384696,0.0,0.0,0.0,0.0,59.293252501455065,2.009040974748018,False,False,True,False,True,13.287595053831048,0,1.014943929490257,0.8327609340571421,False,False,False,False,0.286998388398103,0.2430422849510615,False,False,False,False,28859,-57622.20264479227,False,False,False,False,12855.560953350809,False,False,False,False
