date,Close,High,Low,Open,Volume,Gap_Up_aVWAP_924,Gap_Up_aVWAP_921,Gap_Up_aVWAP_919,Gap_Up_aVWAP_918,Gap_Up_aVWAP_916,Gap_Up_aVWAP_913,Gap_Up_aVWAP_911,Gap_Up_aVWAP_909,Gap_Up_aVWAP_905,Gap_Up_aVWAP_904,Gap_Down_aVWAP_932,Gap_Down_aVWAP_930,Gap_Down_aVWAP_923,Gap_Down_aVWAP_920,Gap_Down_aVWAP_915,Gap_Down_aVWAP_903,Gap_Down_aVWAP_897,Gap_Down_aVWAP_892,Gap_Down_aVWAP_889,Gap_Down_aVWAP_885,aVWAP_OB_bull_873,aVWAP_OB_bull_88,aVWAP_OB_bear_692,aVWAP_OB_bear_568,aVWAP_OB_bear_449,aVWAP_OB_bear_267,aVWAP_OB_bear_153,aVWAP_OB_bear_106,color,Liquidity,Liquidity_Level,StDev,StDev_Mean,StdDev_ZScore,OB,OB_High,OB_Low,OB_Mitigated_Index,FVG,FVG_High,FVG_Low,FVG_Mitigated_Index,QQEMOD,QQE1_Value,QQE1_Above_Upper,QQE1_Below_Lower,QQE2_Above_Threshold,QQE2_Below_Threshold,QQE2_Above_TL,banker_RSI,TTM_squeeze_Active,VI_plus,VI_minus,VI_Regular_Bullish,VI_Regular_Bearish,VI_Hidden_Bullish,VI_Hidden_Bearish,Fisher,Fisher_Signal,Fisher_Regular_Bullish,Fisher_Regular_Bearish,Fisher_Hidden_Bullish,Fisher_Hidden_Bearish,OBV,OBV_Smoothed,OBV_Regular_Bullish,OBV_Regular_Bearish,OBV_Hidden_Bullish,OBV_Hidden_Bearish,Volume_MA,Vol_Regular_Bullish,Vol_Regular_Bearish,Vol_Hidden_Bullish,Vol_Hidden_Bearish
2022-01-03 00:00:00+00:00,14.7811804528,14.7811804528,14.5702718138,14.5790596737,340215,,,,,,,,,,,,,,,,,,,,,,,,,,,,,#000000,0.0,0.0,,,,0.0,0.0,0.0,0.0,0.0,0.0,0.0,0.0,,,False,False,False,False,False,,0,,,False,False,False,False,,,False,False,False,False,0,0.0,False,False,False,False,340215.0,False,False,False,False
2022-01-04 00:00:00+00:00,14.517544654,14.6054232536,14.3857267546,14.3945146146,341431,,,,,,,,,,,,,,,,,,,,,,,,,,,,,"rgba(239, 83, 80, 0.5)",0.0,0.0,,,,0.0,0.0,0.0,0.0,0.0,0.0,0.0,0.0,0.0,,False,False,False,True,False,,0,,,False,False,False,False,,,False,False,False,False,-341431,-13389.450980392157,False,False,False,False,340262.6862745098,False,False,False,False
2022-01-05 00:00:00+00:00,14.2539088552,14.732847223,14.2407270653,14.6669382733,284402,,,,,,,,,,,,,,,,,,,,,,,,,,,,,"rgba(239, 83, 80, 0.5)",0.0,0.0,,,,0.0,0.0,0.0,0.0,0.0,0.0,0.0,0.0,0.0,-50.0,False,False,False,True,True,,0,,,False,False,False,False,,,False,False,False,False,-625833,-37406.845059592466,False,False,False,False,338072.07112648984,False,False,False,False
2022-01-06 00:00:00+00:00,14.526332514,14.7636047329,14.4033024745,14.6845139933,328707,,,,,,,,,,,,,,,,,,,,,,,,,,,,,"rgba(239, 83, 80, 0.5)",0.0,0.0,,,,0.0,0.0,0.0,0.0,0.0,0.0,0.0,0.0,12.439889896014387,-38.596767595320145,False,False,False,True,True,,0,,,False,False,False,False,,,False,False,False,False,-297126,-47591.90995921629,False,False,False,False,337704.81343525497,False,False,False,False
2022-01-07 00:00:00+00:00,14.7636047329,14.8075440327,14.5966353937,14.7196654331,230042,,,,,,,,,,,,,,,,,,,,,,,,,,,,,"rgba(239, 83, 80, 0.5)",0.0,0.0,,,,0.0,0.0,0.0,0.0,0.0,0.0,0.0,0.0,26.23600204572076,-26.641436452312327,False,False,False,True,True,,0,,,False,False,False,False,,,False,False,False,False,-67084,-48356.305647090165,False,False,False,False,333482.74232014694,False,False,False,False
2022-01-10 00:00:00+00:00,14.8778469124,15.0975434114,14.7196654331,15.0360283917,452994,,,,,,,,,,,,,,,,,,,,,,,,,,,,,"rgba(239, 83, 80, 0.5)",0.0,0.0,,,,0.0,0.0,0.0,0.0,0.0,0.0,0.0,0.0,37.3174670959901,-17.68181811927184,False,False,False,True,True,,0,,,False,False,False,False,,,False,False,False,False,385910,-31326.254445243496,False,False,False,False,338169.4583075922,False,False,False,False
2022-01-11 00:00:00+00:00,15.4139063699,15.4145215201,14.9129983522,15.1063312713,325565,,,,,,,,,,,,,,,,,,,,,,,,,,,,,#000000,0.0,0.0,,,,0.0,0.0,0.0,0.0,0.0,0.0,0.0,0.0,49.934850115483854,-7.450519315720882,False,False,False,False,True,,0,,,False,False,False,False,,,False,False,False,False,711475,-2196.793486606497,False,False,False,False,337675.16582494153,False,False,False,False
2022-01-12 00:00:00+00:00,16.4772374251,16.503601005,16.0114808472,16.1608744666,646611,,,,,,,,,,,,,,,,,,,,,,,,,,,,,"rgba(38, 166, 154, 0.5)",0.0,0.0,,,,0.0,0.0,0.0,0.0,0.0,0.0,0.0,0.0,62.136823620453676,2.2827692869635356,False,False,True,False,True,,0,,,False,False,False,False,,,False,False,False,False,1358086,51147.62978737807,False,False,False,False,349790.2965769046,False,False,False,False
2022-01-13 00:00:00+00:00,16.2663287861,16.494813145,16.2487530662,16.4772374251,325254,,,,,,,,,,,,,,,,,,,,,,,,,,,,,"rgba(38, 166, 154, 0.5)",0.0,0.0,,,,0.0,0.0,0.0,0.0,0.0,0.0,0.0,0.0,67.65100230634758,5.896792298376141,False,False,True,False,True,,0,,,False,False,False,False,,,False,False,False,False,1032832,89645.05607022598,False,False,False,False,348828.08886800637,False,False,False,False
2022-01-14 00:00:00+00:00,16.5651160247,16.5826917446,16.2399652062,16.2575409261,293968,,,,,,,,,,,,,,,,,,,,,,,,,,,,,"rgba(38, 166, 154, 0.5)",0.0,0.0,,,,0.0,0.0,0.0,0.0,0.0,0.0,0.0,0.0,72.20841459958643,9.08137351567673,False,False,True,False,True,,0,,,False,False,False,False,,,False,False,False,False,1326800,138160.93622433476,False,False,False,False,346676.71283396694,False,False,False,False
2022-01-18 00:00:00+00:00,17.3032962614,17.6460227998,17.0089029527,17.6284470799,764453,,,,,,,,,,,,,,,,,,,,,,,,,,,,,"rgba(38, 166, 154, 0.5)",0.0,0.0,,,,0.0,0.0,0.0,0.0,0.0,0.0,0.0,0.0,76.81590360156872,12.71619021708974,False,False,True,False,True,,0,,,False,False,False,False,,,False,False,False,False,2091253,214752.78186259617,False,False,False,False,363060.09664439963,False,False,False,False
2022-01-19 00:00:00+00:00,17.9799614783,18.2348094171,17.821779999,18.2260215572,816036,,,,,,,,,,,,,,,,,,,,,,,,,,,,,"rgba(38, 166, 154, 0.5)",0.0,0.0,,,,0.0,0.0,0.0,0.0,0.0,0.0,0.0,0.0,80.83119148012062,16.113062602158067,False,False,True,False,True,,0,,,False,False,False,False,,,False,False,False,False,2907289,320342.4374758277,False,False,False,False,380823.85756030557,False,False,False,False
2022-01-20 00:00:00+00:00,17.9184464586,18.3139001568,17.8745071588,18.2875365769,553849,,,,,,,,,,,,,,,,,,,,,,,,,,,,,"rgba(38, 166, 154, 0.5)",0.0,0.0,,,,0.0,0.0,0.0,0.0,0.0,0.0,0.0,0.0,82.91970258917395,18.00691282825899,False,False,True,False,True,,0,,,False,False,False,False,,,False,False,False,False,2353440,400071.7536532462,False,False,False,False,387609.15726382297,False,False,False,False
2022-01-21 00:00:00+00:00,17.7690528392,18.2084458372,17.6855681696,18.0063250582,892636,,,,,,,,,,,,,,,,,,,,,,,,,,,,,"rgba(38, 166, 154, 0.5)",0.0,0.0,,,,0.0,0.0,0.0,0.0,0.0,0.0,0.0,0.0,82.84915764125579,18.209552125989447,False,False,True,False,True,,0,,,False,False,False,False,,,False,False,False,False,1460804,441669.09664723655,False,False,False,False,407414.13148877106,False,False,False,False
2022-01-24 00:00:00+00:00,17.1187512022,17.2329933817,16.512388865,17.2066298018,776687,,,,,,,,,,,,,,,,,,,,,,,,,,,,,"rgba(38, 166, 154, 0.5)",0.0,0.0,,,,0.0,0.0,0.0,0.0,0.0,0.0,0.0,0.0,77.44335566065716,18.209552125989447,False,False,True,False,True,,0,,,False,False,False,False,,,False,False,False,False,684117,451176.8575630312,False,False,False,False,421895.4204499957,False,False,False,False
2022-01-25 00:00:00+00:00,18.3929908964,18.6126873954,17.3120841213,17.4439020207,1002115,,,,,,,,,,,,,,,,,,,,,,,,,,,,,"rgba(38, 166, 154, 0.5)",0.0,0.0,,,,0.0,0.0,0.0,0.0,0.0,0.0,0.0,0.0,77.1235476916603,18.209552125989447,False,False,True,False,True,,0,,,False,False,False,False,,,False,False,False,False,1686232,499610.3925605594,False,False,False,False,444649.1294519567,False,False,False,False
2022-01-26 00:00:00+00:00,18.5863238155,18.9817775137,18.4457180562,18.6566266952,715462,,,,,,,,,,,,,,,,,,,,,,,,,,,,,"rgba(38, 166, 154, 0.5)",0.0,0.0,,,,0.0,0.0,0.0,0.0,0.0,0.0,0.0,0.0,77.27847093193017,18.209552125989447,False,False,True,False,True,,0,,,False,False,False,False,,,False,False,False,False,2401694,574201.9065777924,False,False,False,False,455269.2420224682,False,False,False,False
2022-01-27 00:00:00+00:00,18.8938989141,19.3948069319,18.7357174349,19.3332919121,476037,,,,,,,,,,,,,,,,,,,,,,,,,,,,,"rgba(38, 166, 154, 0.5)",0.0,0.0,,,,0.0,0.0,0.0,0.0,0.0,0.0,0.0,0.0,77.94909606092835,18.209552125989447,False,False,True,False,True,,0,,,False,False,False,False,,,False,False,False,False,2877731,664536.3808296436,False,False,False,False,456083.66390394,False,False,False,False
2022-01-28 00:00:00+00:00,18.9114746341,19.3773190905,18.5335966558,19.3157161922,410385,,,,,,,,,,,,,,,,,,,,,,,,,,,,,"rgba(38, 166, 154, 0.5)",0.0,0.0,,,,0.0,0.0,0.0,0.0,0.0,0.0,0.0,0.0,78.4289762044849,18.209552125989447,False,False,True,False,True,,0,,,False,False,False,False,,,False,False,False,False,3288116,767421.8560912261,False,False,False,False,454291.5594371188,False,False,False,False
2022-01-31 00:00:00+00:00,19.6145034309,19.7023820305,19.2542011725,19.5090491113,578415,,,,,,,,,,,,,,,,,,,,,,,,,,,,,"rgba(38, 166, 154, 0.5)",0.0,0.0,,,,0.0,0.0,0.0,0.0,0.0,0.0,0.0,0.0,79.93677987768858,19.099565303845793,False,False,True,False,True,,0,,,False,False,False,False,,,False,False,False,False,3866531,888955.5480092173,False,False,False,False,459159.1453415456,False,False,False,False
2022-02-01 00:00:00+00:00,20.6954102059,20.8360159653,20.1505628884,20.1505628884,852581,,,,,,,,,,,,,,,,,,,,,,,,,,,,,"rgba(38, 166, 154, 0.5)",0.0,0.0,,20.560663019866666,,0.0,0.0,0.0,0.0,0.0,0.0,0.0,0.0,82.22768028135621,22.055729955805376,False,False,True,False,True,,0,,,False,False,False,False,,,False,False,False,False,4719112,1039157.7618127775,False,False,False,False,474587.4533673673,False,False,False,False
2022-02-02 00:00:00+00:00,20.1241993085,20.3087443677,19.9396542494,20.2735929279,499435,,,,,,,,,,,,,,,,,,,,,,,,,,,,,"rgba(38, 166, 154, 0.5)",0.0,0.0,,20.399433231410196,,0.0,0.0,0.0,0.0,0.0,0.0,0.0,0.0,80.3915313653157,22.055729955805376,False,False,True,False,True,,0,,,False,False,False,False,,,False,False,False,False,4219677,1163884.0064475704,False,False,False,False,475561.8669608039,False,False,False,False
2022-02-03 00:00:00+00:00,19.588139851,19.7776061117,19.4651098115,19.5266248313,333139,,,,,,,,,,,,,,,,,,,,,,,,,,,,,"rgba(38, 166, 154, 0.5)",0.0,0.0,,20.243426236984348,,0.0,0.0,0.0,0.0,0.0,0.0,0.0,0.0,76.42767025116297,22.055729955805376,False,False,True,False,False,,0,,,False,False,False,False,,,False,False,False,False,3886538,1270654.7512927637,False,False,False,False,469976.6564917528,False,False,False,False
2022-02-04 00:00:00+00:00,19.9308663894,20.0714721488,19.7375334703,19.8254120699,313736,,,,,,,,,,,,,,,,,,,,,,,,,,,,,"rgba(38, 166, 154, 0.5)",0.0,0.0,,20.19160979856911,,0.0,0.0,0.0,0.0,0.0,0.0,0.0,0.0,74.52079365033373,22.055729955805376,False,False,True,False,False,,0,,,False,False,False,False,,,False,False,False,False,4200274,1385541.780653832,False,False,False,False,463849.5719234487,False,False,False,False
2022-02-07 00:00:00+00:00,19.7023820305,19.7814727701,19.4914733914,19.5090491113,231226,,,,,,,,,,,,,,,,,,,,,,,,,,,,,"rgba(38, 166, 154, 0.5)",0.0,0.0,,20.136329251206437,,0.0,0.0,0.0,0.0,0.0,0.0,0.0,0.0,72.09770416589922,22.055729955805376,False,False,True,False,False,,0,,,False,False,False,False,,,False,False,False,False,3969048,1486855.7500399563,False,False,False,False,454727.0789068429,False,False,False,False
2022-02-08 00:00:00+00:00,19.5969277109,19.6672305906,19.4475340916,19.5705641311,262498,,,,,,,,,,,,,,,,,,,,,,,,,,,,,"rgba(38, 166, 154, 0.5)",0.0,0.0,,20.076748364260318,,0.0,0.0,0.0,0.0,0.0,0.0,0.0,0.0,69.93957635450766,28.301068775949673,False,False,True,False,False,,0,,,False,False,False,False,,,False,False,False,False,3706550,1573902.5833717228,False,False,False,False,447188.6836555942,False,False,False,False
2022-02-09 00:00:00+00:00,19.0345046735,19.2278375926,18.8148081745,18.8763231942,409646,,,,,,,,,,,,,,,,,,,,,,,,,,,,,"rgba(38, 166, 154, 0.5)",0.0,0.0,,19.928398208768062,,0.0,0.0,0.0,0.0,0.0,0.0,0.0,0.0,65.78028271645633,24.079744488204014,False,False,True,False,False,,0,,,False,False,False,False,,,False,False,False,False,3296904,1641471.2663767533,False,False,False,False,445716.42155145324,False,False,False,False
2022-02-10 00:00:00+00:00,19.148746853,19.5529884111,19.0608682534,19.0608682534,377818,,,,,,,,,,,,,,,,,,,,,,,,,,,,,"rgba(38, 166, 154, 0.5)",0.0,0.0,,19.850740391426246,,0.0,0.0,0.0,0.0,0.0,0.0,0.0,0.0,63.390800266875175,21.615768131251684,False,False,True,False,False,,0,,,False,False,False,False,,,False,False,False,False,3674722,1721206.5892639395,False,False,False,False,443053.73835335707,False,False,False,False
2022-02-11 00:00:00+00:00,19.1663225729,19.2629890325,18.9026867741,18.9554139339,524450,,,,,,,,,,,,,,,,,,,,,,,,,,,,,"rgba(38, 166, 154, 0.5)",0.0,0.0,,19.74872199486768,,0.0,0.0,0.0,0.0,0.0,0.0,0.0,0.0,61.860649932098454,19.93292711468814,False,False,True,False,False,,0,,,False,False,False,False,,,False,False,False,False,4199172,1818381.7034104518,False,False,False,False,446245.74861400976,False,False,False,False
2022-02-14 00:00:00+00:00,19.6408670107,19.8341999299,19.359655492,19.7551091902,573693,,,,,,,,,,,,,,,,,,,,,,,,,,,,,"rgba(38, 166, 154, 0.5)",0.0,0.0,,19.730751055547312,,0.0,0.0,0.0,0.0,0.0,0.0,0.0,0.0,62.476967249564225,19.93292711468814,False,False,True,False,False,,0,,,False,False,False,False,,,False,False,False,False,4772865,1934243.793472787,False,False,False,False,451243.68004091136,False,False,False,False
2022-02-15 00:00:00+00:00,19.0960196932,19.0975136294,18.709353855,18.7445052948,422586,,,,,,,,,,,,,,,,,,,,,,,,,,,,,"rgba(38, 166, 154, 0.5)",0.0,0.0,,19.31560355777313,,0.0,0.0,0.0,0.0,0.0,0.0,0.0,0.0,60.10997097340227,17.690425688986153,False,False,True,False,False,,0,,,False,False,False,False,,,False,False,False,False,4350279,2028990.2721601287,False,False,False,False,450119.8494510717,False,False,False,False
2022-02-16 00:00:00+00:00,19.7023820305,19.9045028095,19.3860190719,19.3860190719,318468,,,,,,,,,,,,,,,,,,,,,,,,,,,,,"rgba(38, 166, 154, 0.5)",0.0,0.0,,19.46532352327941,,0.0,0.0,0.0,0.0,0.0,0.0,0.0,0.0,60.58511544698065,17.690425688986153,False,False,True,False,False,,0,,,False,False,False,False,,,False,False,False,False,4668747,2132510.143840124,False,False,False,False,444957.0318255395,False,False,False,False
2022-02-17 00:00:00+00:00,19.4563219516,19.588139851,19.3508676321,19.5529884111,240468,,,,,,,,,,,,,,,,,,,,,,,,,,,,,"rgba(38, 166, 154, 0.5)",0.0,0.0,,19.485135336747682,,0.0,0.0,0.0,0.0,0.0,0.0,0.0,0.0,59.71142972011329,16.6227368446429,False,False,True,False,False,,0,,,False,False,False,False,,,False,False,False,False,4428279,2222540.29506208,False,False,False,False,436937.85410689085,False,False,False,False
2022-02-18 00:00:00+00:00,19.1135954131,19.3245040522,18.9817775137,19.0960196932,228251,,,,,,,,,,,,,,,,,,,,,,,,,,,,,"rgba(38, 166, 154, 0.5)",0.0,0.0,,19.458057283047783,,0.0,0.0,0.0,0.0,0.0,0.0,0.0,0.0,57.551189999698764,14.20726158218936,False,False,True,False,False,,0,,,False,False,False,False,,,False,False,False,False,4200028,2300088.832510626,False,False,False,False,428754.05590662063,False,False,False,False
2022-02-22 00:00:00+00:00,19.2014740127,19.9572299693,19.0916257632,19.4123826518,487078,,,,,,,,,,,,,,,,,,,,,,,,,,,,,"rgba(38, 166, 154, 0.5)",0.0,0.0,,19.46864440835263,,0.0,0.0,0.0,0.0,0.0,0.0,0.0,0.0,56.462014626954826,12.846713042355582,False,False,True,False,False,,0,,,False,False,False,False,,,False,False,False,False,4687106,2393697.3488827585,False,False,False,False,431041.26940047863,False,False,False,False
2022-02-23 00:00:00+00:00,19.2893526123,19.6145034309,19.2014740127,19.3772312119,427323,,,,,,,,,,,,,,,,,,,,,,,,,,,,,"rgba(38, 166, 154, 0.5)",0.0,0.0,,19.465273301051774,,0.0,0.0,0.0,0.0,0.0,0.0,0.0,0.0,56.10416813917662,12.152880773207592,False,False,True,False,False,,0,,,False,False,False,False,,,False,False,False,False,5114429,2500392.7077501016,False,False,False,False,430895.45491418533,False,False,False,False
2022-02-24 00:00:00+00:00,19.1048075532,19.7023820305,18.8235960345,19.6760184506,523880,,,,,,,,,,,,,,,,,,,,,,,,,,,,,#000000,0.0,0.0,,19.438846176216536,,0.0,0.0,0.0,0.0,0.0,0.0,0.0,0.0,54.88941263214788,10.638011637090266,False,False,False,False,False,,0,,,False,False,False,False,,,False,False,False,False,4590549,2582359.6211716663,False,False,False,False,434541.90766264865,False,False,False,False
2022-02-25 00:00:00+00:00,19.8517756498,19.8693513697,19.2717768924,19.4123826518,279163,,,,,,,,,,,,,,,,,,,,,,,,,,,,,"rgba(38, 166, 154, 0.5)",0.0,0.0,,19.457679670690418,,0.0,0.0,0.0,0.0,0.0,0.0,0.0,0.0,57.09922114455593,10.638011637090266,False,False,True,False,False,,0,,,False,False,False,False,,,False,False,False,False,4869712,2672059.7144590523,False,False,False,False,428448.61716607417,False,False,False,False
2022-02-28 00:00:00+00:00,20.1857143283,20.1857143283,19.6760184506,19.8869270896,344447,,,,,,,,,,,,,,,,,,,,,,,,,,,,,"rgba(38, 166, 154, 0.5)",0.0,0.0,,19.503145992589424,,0.0,0.0,0.0,0.0,0.0,0.0,0.0,0.0,59.67143320596897,10.638011637090266,False,False,True,False,True,,1,,,False,False,False,False,,,False,False,False,False,5214159,2771749.8825194817,False,False,False,False,425154.43610073795,False,False,False,False
2022-03-01 00:00:00+00:00,20.4757137069,21.1963182237,20.2911686478,21.1435910639,456633,,,,,,,,,,,,,,,,,,,,,,,,,,,,,"rgba(38, 166, 154, 0.5)",0.0,0.0,,19.60908976699223,,0.0,0.0,0.0,0.0,0.0,0.0,0.0,0.0,62.27351305775058,6.759862952536345,False,False,True,False,True,,1,,,False,False,False,False,,,False,False,False,False,5670792,2885437.8086951883,False,False,False,False,426388.88958698354,False,False,False,False
2022-03-02 00:00:00+00:00,22.2420735589,22.6006182453,21.8378320008,22.5935879573,740603,,,,,,,,,,,,,,,,,,,,,,,,,,,,,"rgba(38, 166, 154, 0.5)",0.0,0.0,,20.700556916976513,,0.0,0.0,0.0,0.0,0.0,0.0,0.0,0.0,67.65482562458027,11.834113272209905,False,False,True,False,True,,0,,,False,False,False,False,,,False,False,False,False,6411395,3023710.6397267496,False,False,False,False,438711.0115639646,False,False,False,False
2022-03-03 00:00:00+00:00,21.6708626615,22.1454070994,21.5038933223,22.1454070994,538336,,,,,,,,,,,,,,,,,,,,,,,,,,,,,"rgba(38, 166, 154, 0.5)",0.0,0.0,,20.736696838852534,,0.0,0.0,0.0,0.0,0.0,0.0,0.0,0.0,68.44890078711322,12.51046428712808,False,False,True,False,True,,0,,,False,False,False,False,,,False,False,False,False,5873059,3135449.7911100145,False,False,False,False,442617.8738555738,False,False,False,False
2022-03-04 00:00:00+00:00,21.3281361231,21.3544997029,20.7657130856,20.8008645255,392300,,,,,,,,,,,,,,,,,,,,,,,,,,,,,"rgba(38, 166, 154, 0.5)",0.0,0.0,,20.706092619309388,,0.0,0.0,0.0,0.0,0.0,0.0,0.0,0.0,67.44012163051809,12.51046428712808,False,False,True,False,True,,0,,,False,False,False,False,,,False,False,False,False,5480759,3227422.701262563,False,False,False,False,440644.62390045327,False,False,False,False
2022-03-07 00:00:00+00:00,20.6602587661,21.2578332434,20.3878351073,21.1787425037,516587,,,,,,,,,,,,,,,,,,,,,,,,,,,,,"rgba(38, 166, 154, 0.5)",0.0,0.0,,20.649818860131244,,0.0,0.0,0.0,0.0,0.0,0.0,0.0,0.0,64.06881177321078,12.51046428712808,False,False,True,False,False,,0,,,False,False,False,False,,,False,False,False,False,4964172,3295530.5168993254,False,False,False,False,443622.75629651395,False,False,False,False
2022-03-08 00:00:00+00:00,20.9502581448,21.3017725432,20.4493501271,20.9151067049,803290,,,,,,,,,,,,,,,,,,,,,,,,,,,,,"rgba(38, 166, 154, 0.5)",0.0,0.0,,20.632973287532568,,0.0,0.0,0.0,0.0,0.0,0.0,0.0,0.0,62.61515257736007,12.51046428712808,False,False,True,False,False,,0,,,False,False,False,False,,,False,False,False,False,5767462,3392469.006432685,False,False,False,False,457727.35408880754,False,False,False,False
2022-03-09 00:00:00+00:00,20.2823807878,20.5987437464,19.8341999299,19.8693513697,522038,,,,,,,,,,,,,,,,,,,,,,,,,,,,,"rgba(38, 166, 154, 0.5)",0.0,0.0,,20.573974749553454,,0.0,0.0,0.0,0.0,0.0,0.0,0.0,0.0,59.18066095040372,15.410948954279206,False,False,True,False,False,,0,,,False,False,False,False,,,False,False,False,False,5245424,3465133.908141207,False,False,False,False,460249.34020297194,False,False,False,False
2022-03-10 00:00:00+00:00,20.5987437464,20.7393495057,20.3351079476,20.5196530067,269914,,,,,,,,,,,,,,,,,,,,,,,,,,,,,"rgba(38, 166, 154, 0.5)",0.0,0.0,,20.563635198911253,,0.0,0.0,0.0,0.0,0.0,0.0,0.0,0.0,57.854792294120465,14.120120860498545,False,False,True,False,False,,0,,,False,False,False,False,,,False,False,False,False,5515338,3545534.068606258,False,False,False,False,452785.2092146201,False,False,False,False
2022-03-11 00:00:00+00:00,20.5284408667,20.906318845,20.4845015669,20.8008645255,273826,,,,,,,,,,,,,,,,,,,,,,,,,,,,,"rgba(38, 166, 154, 0.5)",0.0,0.0,,20.558415282265656,,0.0,0.0,0.0,0.0,0.0,0.0,0.0,0.0,56.70214415157992,12.913823549174893,False,False,True,False,False,,0,,,False,False,False,False,,,False,False,False,False,5241512,3612043.0070922873,False,False,False,False,445767.2010101252,False,False,False,False
2022-03-14 00:00:00+00:00,18.9817775137,19.7375334703,18.6654145552,19.4914733914,553603,,,,,,,,,,,,,,,,,,,,,,,,,,,,,#000000,-1.0,18.079557,,20.108495733955646,,0.0,0.0,0.0,0.0,0.0,0.0,0.0,0.0,51.1987473749563,7.659240153459557,False,False,False,False,False,,0,,,False,False,False,False,,,False,False,False,False,4687909,3654233.8303435706,False,False,False,False,449996.0558724733,False,False,False,False
2022-03-15 00:00:00+00:00,19.2366254526,19.3157161922,18.7532931548,19.1575347129,562631,,,,,,,,,,,,,,,,,,,,,,,,,,,,,"rgba(239, 83, 80, 0.5)",0.0,0.0,,20.026731260929765,,0.0,0.0,0.0,0.0,0.0,0.0,0.0,0.0,48.4307581944513,5.115245675335636,False,False,False,True,False,8.892228406990736,0,,,False,False,False,False,0.058234846487702094,0.058234846487702094,False,False,False,False,5250540,3716834.0722908815,False,False,False,False,454413.11250492535,False,False,False,False
2022-03-16 00:00:00+00:00,19.79904849,20.1681386083,19.4123826518,19.8341999299,384603,,,,,,,,,,,,,,,,,,,,,,,,,,,,,"rgba(239, 83, 80, 0.5)",0.0,0.0,,20.048060686932104,,0.0,0.0,0.0,0.0,0.0,0.0,0.0,0.0,48.467258162102794,5.115245675335636,False,False,False,True,False,11.398901763397447,0,0.9691462443926769,0.7438330395525555,False,False,False,False,0.12329745867735968,0.09076615258253089,False,False,False,False,5635143,3792061.8733775136,False,False,False,False,451675.461034144,False,False,False,False
2022-03-17 00:00:00+00:00,20.6251073263,20.677834486,20.2560172079,20.2823807878,220704,,,,,,,,,,,,,,,,,,,,,,,,,,,,,#000000,0.0,0.0,,20.090014233064096,,0.0,0.0,0.0,0.0,0.0,0.0,0.0,0.0,50.854015459690714,5.115245675335636,False,True,False,False,False,14.818909466557969,0,0.9894220604957983,0.7260797777267033,False,False,False,False,0.18243022069447787,0.13659818663850437,False,False,False,False,5855847,3872994.62344114,False,False,False,False,442617.75667986384,False,False,False,False
2022-03-18 00:00:00+00:00,20.8799552651,21.0293488844,20.6602587661,20.8535916852,241580,,,,,,,,,,,,,,,,,,,,,,,,,,,,,#000000,0.0,0.0,,20.142974640230907,,0.0,0.0,0.0,0.0,0.0,0.0,0.0,0.0,53.10561957947143,5.115245675335636,False,True,False,False,True,15.82069872568448,0,1.0031107297996515,0.7185223213002015,False,False,False,False,0.21442862236471308,0.17551340450160874,False,False,False,False,6097427,3960227.2656591344,False,False,False,False,434733.9230845751,False,False,False,False
2022-03-21 00:00:00+00:00,21.4599540225,21.5302569022,21.0469246043,21.0469246043,246631,,,,,,,,,,,,,,,,,,,,,,,,,,,,,"rgba(38, 166, 154, 0.5)",0.0,0.0,,20.2103455073769,,0.0,0.0,0.0,0.0,0.0,0.0,0.0,0.0,56.02741068017377,-0.6829681677081538,False,True,True,False,True,18.02328821084728,0,1.0085873494919093,0.707546685096798,False,False,False,False,0.2535905474792404,0.21455197599042458,False,False,False,False,6344058,4053710.82386858,False,False,False,False,427357.33786557213,False,False,False,False
2022-03-22 00:00:00+00:00,21.126015344,21.4248025826,20.906318845,21.3017725432,200561,,,,,,,,,,,,,,,,,,,,,,,,,,,,,"rgba(38, 166, 154, 0.5)",0.0,0.0,,20.249961294555597,,0.0,0.0,0.0,0.0,0.0,0.0,0.0,0.0,56.740623938467685,0.11669520465066796,False,True,True,False,True,16.032730006589954,0,1.0006422622552407,0.714517909143845,False,False,False,False,0.23934351713885485,0.22694774656463973,False,False,False,False,6143497,4135663.2229325576,False,False,False,False,418463.3638316282,False,False,False,False
2022-03-23 00:00:00+00:00,21.565408342,21.793892701,21.2841968233,21.2841968233,143762,,,,,,,,,,,,,,,,,,,,,,,,,,,,,"rgba(38, 166, 154, 0.5)",0.0,0.0,,20.285414968457275,,0.0,0.0,0.0,0.0,0.0,0.0,0.0,0.0,58.32799697511655,1.8158199767298981,False,True,True,False,True,17.67957575163973,0,1.0031685182379586,0.7104729076688212,False,False,False,False,0.27295557674586096,0.24995166165525035,False,False,False,False,6287259,4220039.527915594,False,False,False,False,407690.76132842706,False,False,False,False
2022-03-24 00:00:00+00:00,22.4090428982,22.7605572966,22.2860128587,22.3738914583,429240,,,,,,,,,,,,,,,,,,,,,,,,,,,,,"rgba(38, 166, 154, 0.5)",1.0,22.430193,,20.848977094053453,,0.0,0.0,0.0,0.0,0.0,0.0,0.0,0.0,61.235836396016076,4.739838623225175,False,True,True,False,True,20.0,0,1.0062816542749897,0.706347931704938,False,False,False,False,0.34282824259464945,0.2963899521249499,False,False,False,False,6716499,4317939.899369884,False,False,False,False,408535.82951162604,False,False,False,False
2022-03-25 00:00:00+00:00,22.3826793183,22.4002550382,21.9432863203,22.1278313794,410963,,,,,,,,,,,,,,,,,,,,,,,,,,,,,"rgba(38, 166, 154, 0.5)",0.0,0.0,,20.91075924242312,,0.0,0.0,0.0,0.0,0.0,0.0,0.0,0.0,63.06420384658458,6.607522075487552,False,False,True,False,True,20.0,0,0.9840843623140896,0.7236408026935093,False,False,False,False,0.30106365893363435,0.2987268055292921,False,False,False,False,6305536,4395884.844492634,False,False,False,False,408631.0126680329,False,False,False,False
2022-03-28 00:00:00+00:00,22.1366192394,22.2411947729,21.9608620402,22.1454070994,190435,,,,,,,,,,,,,,,,,,,,,,,,,,,,,"rgba(38, 166, 154, 0.5)",0.0,0.0,,20.933660196715905,,0.0,0.0,0.0,0.0,0.0,0.0,0.0,0.0,63.21162215299705,6.949310573405754,False,False,True,False,True,19.01648226156576,0,0.9747517626673097,0.7251345024064139,False,False,False,False,0.2924656101725642,0.29559620785092816,False,False,False,False,6115101,4463305.08588508,False,False,False,False,400074.3062888944,False,False,False,False
2022-03-29 00:00:00+00:00,21.345711843,21.3896511428,20.8360159653,21.117227484,377300,,,,,,,,,,,,,,,,,,,,,,,,,,,,,"rgba(38, 166, 154, 0.5)",0.0,0.0,,20.89431188428659,,0.0,0.0,0.0,0.0,0.0,0.0,0.0,0.0,60.22877821127548,6.949310573405754,False,True,True,False,True,14.472184136931883,0,0.9570577899093262,0.736713546669684,False,False,False,False,0.16678611441233232,0.23119116113163024,False,False,False,False,5737801,4513285.317811155,False,False,False,False,399181.1962383495,False,False,False,False
2022-03-30 00:00:00+00:00,21.9432863203,22.2772249988,21.5917719219,21.5917719219,236370,,,,,,,,,,,,,,,,,,,,,,,,,,,,,"rgba(38, 166, 154, 0.5)",0.0,0.0,,20.92181844199564,,0.0,0.0,0.0,0.0,0.0,0.0,0.0,0.0,59.88543452308367,6.949310573405754,False,True,True,False,False,16.646728897101788,0,0.9616007853378791,0.7338053390789208,False,False,False,False,0.26742653983711107,0.24930885048437065,False,False,False,False,5974171,4570574.952406796,False,False,False,False,392796.44344468875,False,False,False,False
2022-03-31 00:00:00+00:00,21.2490453834,21.4951054623,21.1084396241,21.1963182237,239270,,,,,,,,,,,,,,,,,,,,,,,,,,,,,"rgba(38, 166, 154, 0.5)",0.0,0.0,,20.91632065994736,,0.0,0.0,0.0,0.0,0.0,0.0,0.0,0.0,57.26502340944191,6.949310573405754,False,True,True,False,False,12.902960667310644,0,0.9351061941599538,0.7610075469302386,False,False,False,False,0.18956347130563767,0.21943616089500417,False,False,False,False,5734901,4616234.797410451,False,False,False,False,386775.7986037206,False,False,False,False
2022-04-01 00:00:00+00:00,21.8026805609,21.8114684209,21.4863176024,21.4863176024,142412,,,,,,,,,,,,,,,,,,,,,,,,,,,,,"rgba(38, 166, 154, 0.5)",0.0,0.0,,20.926173857098178,,0.0,0.0,0.0,0.0,0.0,0.0,0.0,0.0,57.054859599839276,6.949310573405754,False,True,True,False,False,14.900744349776712,0,0.9375494142008447,0.7496623596407525,False,False,False,False,0.23194097217121626,0.2256885665331102,False,False,False,False,5877313,4665688.844570825,False,False,False,False,377192.9045408296,False,False,False,False
2022-04-04 00:00:00+00:00,21.6972262414,21.8554077207,21.4775297424,21.776316981,168743,,,,,,,,,,,,,,,,,,,,,,,,,,,,,"rgba(38, 166, 154, 0.5)",0.0,0.0,,20.936973123532788,,0.0,0.0,0.0,0.0,0.0,0.0,0.0,0.0,56.54214783442252,12.023043310569115,False,True,True,False,False,14.342083465995806,0,0.9419262596402945,0.7449121126764523,False,False,False,False,0.23410735405974878,0.2298979602964295,False,False,False,False,5708570,4706586.144783733,False,False,False,False,369018.39848040487,False,False,False,False
2022-04-05 00:00:00+00:00,21.4863176024,22.0838920796,21.4687418824,21.9169227404,212561,,,,,,,,,,,,,,,,,,,,,,,,,,,,,"rgba(38, 166, 154, 0.5)",0.0,0.0,,20.950466620246353,,0.0,0.0,0.0,0.0,0.0,0.0,0.0,0.0,55.43023294107388,10.673429934109677,False,True,True,False,False,13.22323346266905,0,0.9616415751138186,0.7232858928738096,False,False,False,False,0.2256615172520897,0.2277797387742596,False,False,False,False,5496009,4737543.903811823,False,False,False,False,362882.81422627135,False,False,False,False
2022-04-06 00:00:00+00:00,21.5302569022,21.7587412611,21.3984390027,21.6972262414,220113,,,,,,,,,,,,,,,,,,,,,,,,,,,,,"rgba(38, 166, 154, 0.5)",0.0,0.0,,20.959873666974936,,0.0,0.0,0.0,0.0,0.0,0.0,0.0,0.0,54.83630392761057,9.818282253134825,False,True,True,False,False,13.387261839910938,0,0.9423428812344052,0.761508227131724,False,False,False,False,0.1678920811172778,0.19783590994576872,False,False,False,False,5716122,4775919.515427045,False,False,False,False,357283.9979821039,False,False,False,False
2022-04-07 00:00:00+00:00,21.6357112217,21.7172625621,21.2710150333,21.5126811822,115389,,,,,,,,,,,,,,,,,,,,,,,,,,,,,"rgba(38, 166, 154, 0.5)",0.0,0.0,,20.96443411266119,,0.0,0.0,0.0,0.0,0.0,0.0,0.0,0.0,54.8162983407826,9.480153659283822,False,True,True,False,False,13.785309102942257,0,0.9096165802657404,0.773056838023203,False,False,False,False,0.1433314053608204,0.17058365765329456,False,False,False,False,5831511,4817315.259920102,False,False,False,False,347797.9196298645,False,False,False,False
2022-04-08 00:00:00+00:00,22.3123764386,22.4705579179,21.8554077207,21.8993470205,268400,,,,,,,,,,,,,,,,,,,,,,,,,,,,,"rgba(38, 166, 154, 0.5)",0.0,0.0,,21.001983761192374,,0.0,0.0,0.0,0.0,0.0,0.0,0.0,0.0,57.01247875824755,9.480153659283822,False,True,True,False,True,16.26964416003837,0,0.9157046034997872,0.7696080168324124,False,False,False,False,0.27073306152728477,0.22065835959028968,False,False,False,False,6099911,4867613.132080099,False,False,False,False,344684.275722811,False,False,False,False
2022-04-11 00:00:00+00:00,21.6884383814,22.0575284998,21.6357112217,22.0575284998,137154,,,,,,,,,,,,,,,,,,,,,,,,,,,,,"rgba(38, 166, 154, 0.5)",0.0,0.0,,21.011637246036152,,0.0,0.0,0.0,0.0,0.0,0.0,0.0,0.0,55.82748762751865,9.480153659283822,False,True,True,False,True,12.912673523297695,1,0.9079680499744764,0.7723678715086707,False,False,False,False,0.20964326157459262,0.21515081058244115,False,False,False,False,5962757,4910559.950429899,False,False,False,False,336545.83353760274,False,False,False,False
2022-04-12 00:00:00+00:00,21.9169227404,22.2860128587,21.8554077207,21.9784377601,421551,,,,,,,,,,,,,,,,,,,,,,,,,,,,,"rgba(38, 166, 154, 0.5)",0.0,0.0,,21.052412033364067,,0.0,0.0,0.0,0.0,0.0,0.0,0.0,0.0,55.80624089670259,9.480153659283822,False,True,True,False,True,13.754426793758416,1,0.8986588996459882,0.7785657716389032,False,False,False,False,0.25272976356026433,0.23394028707135273,False,False,False,False,6384308,4968353.991589511,False,False,False,False,339879.36947730463,False,False,False,False
2022-04-13 00:00:00+00:00,22.6463151171,22.663890837,22.2420735589,22.3123764386,246252,,,,,,,,,,,,,,,,,,,,,,,,,,,,,"rgba(38, 166, 154, 0.5)",0.0,0.0,,21.327921143204765,,0.0,0.0,0.0,0.0,0.0,0.0,0.0,0.0,57.977527710952955,9.480153659283822,False,True,True,False,True,16.34482686241603,1,0.8891200750159605,0.7776094227214898,False,False,False,False,0.3285105478656352,0.28122541746849394,False,False,False,False,6630560,5033538.540938942,False,False,False,False,336207.70792917506,False,True,False,False
2022-04-14 00:00:00+00:00,22.0751042197,22.2684371388,21.7543473311,21.9608620402,165535,,,,,,,,,,,,,,,,,,,,,,,,,,,,,"rgba(38, 166, 154, 0.5)",0.0,0.0,,21.307011461315106,,0.0,0.0,0.0,0.0,0.0,0.0,0.0,0.0,57.07306882805591,9.480153659283822,False,True,True,False,True,13.358418042283049,1,0.8821907848194408,0.7750687358788586,False,False,False,False,0.2412410416308088,0.2612332295496514,False,False,False,False,6465025,5089675.264823689,False,False,False,False,329514.6605594035,False,False,False,False
2022-04-18 00:00:00+00:00,22.2596492788,22.3475278784,22.0926799396,22.2069221191,101870,,,,,,,,,,,,,,,,,,,,,,,,,,,,,"rgba(38, 166, 154, 0.5)",0.0,0.0,,21.31305787962009,,0.0,0.0,0.0,0.0,0.0,0.0,0.0,0.0,57.046900022704186,9.480153659283822,False,True,True,False,True,14.015717214699567,1,0.9035740878656461,0.7648737827157545,False,False,False,False,0.28196373736559754,0.2715984834576245,False,False,False,False,6566895,5147605.450516878,False,False,False,False,320587.41896883864,False,False,False,False
2022-04-19 00:00:00+00:00,21.7323776812,22.0399527798,21.556620482,22.0135892,246100,,,,,,,,,,,,,,,,,,,,,,,,,,,,,"rgba(38, 166, 154, 0.5)",0.0,0.0,,21.29435236186072,,0.0,0.0,0.0,0.0,0.0,0.0,0.0,0.0,54.970223587373894,8.69643093629113,False,True,True,False,False,11.331818761284545,1,0.8828732301732617,0.7809136599059955,False,False,False,False,0.2004549626009773,0.2360267230293009,False,False,False,False,6320795,5193612.883829941,False,False,False,False,317666.3437151587,False,False,False,False
2022-04-20 00:00:00+00:00,21.6269233617,21.7323776812,21.4248025826,21.6357112217,217876,,,,,,,,,,,,,,,,,,,,,,,,,,,,,#000000,0.0,0.0,2.203177902290749,21.278991278228492,0.15792282734396865,0.0,0.0,0.0,0.0,0.0,0.0,0.0,0.0,53.1912540025108,6.9252607795331045,False,True,False,False,False,10.80384776170509,1,0.88972905005107,0.7847280547942675,False,False,False,False,0.15908429015488687,0.19755550659209387,False,False,False,False,6102919,5229271.947209159,False,False,False,False,313752.9969027996,False,False,False,False
2022-04-21 00:00:00+00:00,21.2841968233,22.1805585392,21.2666211033,22.1629828193,220506,,,,,,,,,,,,,,,,,,,,,,,,,,,,,#000000,0.0,0.0,2.1353088151334974,21.26993139064574,0.006680735148544403,0.0,0.0,0.0,0.0,0.0,0.0,0.0,0.0,50.73360364739939,4.574108479725545,False,True,False,False,False,9.098223807915808,1,0.8895550925274874,0.7742729903756621,False,False,False,False,0.18631971324015753,0.19193760991612568,False,False,False,False,5882413,5254885.321828407,False,False,False,False,310096.2519262192,False,False,False,False
2022-04-22 00:00:00+00:00,21.3281361231,21.574196202,21.2226818035,21.2841968233,455526,,,,,,,,,,,,,,,,,,,,,,,,,,,,,#000000,0.0,0.0,2.0529516817265137,21.24518529233225,0.04040564203536886,0.0,0.0,0.0,0.0,0.0,0.0,0.0,0.0,49.28884336273545,3.2170211785133276,False,True,False,False,False,9.26915646763036,1,0.9024816792849829,0.7863194052378338,False,False,False,False,0.1255649041527116,0.15875125703441864,False,False,False,False,6337939,5297358.015090038,False,False,False,False,315799.3793016616,False,False,False,False
2022-04-25 00:00:00+00:00,20.2560172079,20.2999565077,19.6320791508,20.1154114486,693063,,,,,,,,,,,,,,,,,,,,,,,,,,,,,"rgba(239, 83, 80, 1.0)",0.0,0.0,1.9463877956706561,20.94405756793831,-0.3534960307338103,0.0,0.0,0.0,0.0,0.0,0.0,0.0,0.0,44.86901414218176,-0.8827209744799092,False,True,False,True,False,4.15725574818039,0,0.8791306623571576,0.8088994714359441,False,False,False,False,-0.13711409656552603,0.010818580234446304,False,False,False,False,5644876,5310986.171361017,False,False,False,False,330594.03109375335,False,False,False,False
2022-04-26 00:00:00+00:00,20.2208657681,20.6602587661,20.2032900482,20.5460165866,367242,,,,,,,,,,,,,,,,,,,,,,,,,,,,,"rgba(239, 83, 80, 1.0)",0.0,0.0,1.841286925862004,20.920896881926563,-0.3801857841894141,0.0,0.0,0.0,0.0,0.0,0.0,0.0,0.0,41.82643125697491,-3.567479957984169,False,True,False,True,False,3.9969319205278744,0,0.8987852458200294,0.7921423210783327,False,False,False,False,-0.05138599918504662,-0.020283709475300157,False,False,False,False,5277634,5309678.24307235,False,False,False,False,332031.20634497877,False,False,False,False
2022-04-27 00:00:00+00:00,20.3790472474,20.5855619564,20.1427416931,20.4141986872,185808,,,,,,,,,,,,,,,,,,,,,,,,,,,,,"rgba(239, 83, 80, 1.0)",0.0,0.0,1.7367625190834786,20.9085843497516,-0.30489896950968687,0.0,0.0,0.0,0.0,0.0,0.0,0.0,0.0,40.61355428862588,-4.558741935706223,False,True,False,True,False,4.651192153755684,0,0.889527945099818,0.8081276069900499,False,False,False,False,-0.06375655113841695,-0.042020130306858555,False,False,False,False,5463442,5315708.194324414,False,False,False,False,326296.96295890113,False,False,False,False
2022-04-28 00:00:00+00:00,21.5214690422,21.5390447621,20.5811680265,21.0469246043,364697,,,,,,,,,,,,,,,,,,,,,,,,,,,,,"rgba(239, 83, 80, 0.75)",0.0,0.0,1.6346313951011615,20.944894750936246,0.3527243469027287,0.0,0.0,0.0,0.0,0.0,0.0,0.0,0.0,44.589814707846756,-4.558741935706223,False,True,False,True,True,9.12462845895854,0,0.9142152007593922,0.7735174098097675,False,False,False,False,0.05324925356038505,0.005614561626763246,False,False,False,False,5828139,5335803.520037183,False,False,False,False,327802.8467644344,False,False,False,False
2022-04-29 00:00:00+00:00,21.3193482631,21.8905591605,21.2666211033,21.8378320008,237175,,,,,,,,,,,,,,,,,,,,,,,,,,,,,"rgba(239, 83, 80, 0.75)",0.0,0.0,1.5424819107686412,20.973141658800134,0.22444775649093085,0.0,0.0,0.0,0.0,0.0,0.0,0.0,0.0,46.4833290588691,-8.953317115600115,False,True,False,True,True,8.16983645898588,0,0.9217558905561515,0.7768930460797048,False,False,False,False,0.1524548860468941,0.07903472383682868,False,False,False,False,5590964,5345809.813369057,False,False,False,False,324248.81355798605,False,False,False,False
2022-05-02 00:00:00+00:00,20.8096523854,20.985321706,20.3966229673,20.8711674051,224960,,,,,,,,,,,,,,,,,,,,,,,,,,,,,"rgba(239, 83, 80, 0.75)",0.0,0.0,1.4794888188985384,20.96674757760305,-0.10618207464386731,0.0,0.0,0.0,0.0,0.0,0.0,0.0,0.0,45.951016859715736,-8.953317115600115,False,True,False,True,True,5.809773526809604,0,0.9100132180832494,0.7899270352452664,False,False,False,False,-0.01663454060122627,0.031200091617801205,False,False,False,False,5366004,5346601.742256545,False,False,False,False,320355.1345949278,False,False,False,False
2022-05-03 00:00:00+00:00,21.4072268627,21.5302569022,21.117227484,21.1523789239,230195,,,,,,,,,,,,,,,,,,,,,,,,,,,,,#000000,0.0,0.0,1.4075109166681095,20.982666692475885,0.3016389892230061,0.0,0.0,0.0,0.0,0.0,0.0,0.0,0.0,47.82566796420346,-7.73678600625265,False,True,False,False,True,8.08151385304636,0,0.9330524848887805,0.772482964579133,False,False,False,False,0.10344039774584228,0.06732024468182174,False,False,False,False,5596199,5356389.870011191,False,False,False,False,316819.4430421855,False,False,False,False
2022-05-04 00:00:00+00:00,22.3211642986,22.3651035984,21.6093476418,21.8993470205,228886,,,,,,,,,,,,,,,,,,,,,,,,,,,,,#000000,0.0,0.0,1.3533112787119272,21.156012651763113,0.8609635234444138,0.0,0.0,0.0,0.0,0.0,0.0,0.0,0.0,51.81229716886813,-3.964977808383935,False,True,False,False,True,11.343306594524293,0,0.9379005686553877,0.7666269575319159,False,False,False,False,0.23270059193128284,0.1500104183065523,False,False,False,False,5825085,5374770.071187222,False,False,False,False,313371.0727268057,False,False,False,False
2022-05-05 00:00:00+00:00,21.2314696635,22.1805585392,20.9678338647,22.1190435195,319697,,,,,,,,,,,,,,,,,,,,,,,,,,,,,#000000,0.0,0.0,1.3053044990848255,21.12620759419785,0.08064177314638143,0.0,0.0,0.0,0.0,0.0,0.0,0.0,0.0,50.84464988616815,-3.964977808383935,False,True,False,False,True,6.509589481313196,0,0.9167297180857812,0.7646117483124028,False,False,False,False,0.15160429098355552,0.1508073546450539,False,False,False,False,5505388,5379892.3429053705,False,False,False,False,313619.1483061467,False,False,False,False
2022-05-06 00:00:00+00:00,20.897530985,21.0381367444,20.4141986872,20.6602587661,336376,,,,,,,,,,,,,,,,,,,,,,,,,,,,,#000000,0.0,0.0,1.2723749212113205,21.070975606162055,-0.13631565529202125,0.0,0.0,0.0,0.0,0.0,0.0,0.0,0.0,49.257536456533366,-3.964977808383935,False,True,False,False,True,5.107227622025384,0,0.9072107334985094,0.7906211509101864,False,False,False,False,-0.009975151100302362,0.07041610177237577,False,False,False,False,5169012,5371622.525536533,False,False,False,False,314511.57386276836,False,False,False,False
2022-05-09 00:00:00+00:00,19.5354126912,20.3526836675,19.4563219516,20.3526836675,351317,,,,,,,,,,,,,,,,,,,,,,,,,,,,,"rgba(239, 83, 80, 1.0)",0.0,0.0,1.2407522655371677,20.968027349491233,-1.1546339249850173,0.0,0.0,0.0,0.0,0.0,0.0,0.0,0.0,45.036916870815574,1.1028518309623792,False,True,False,True,False,0.0,0,0.8672466800112366,0.8060310253569584,False,False,False,False,-0.1669496045537342,-0.048266751390679215,False,False,False,False,4817695,5349899.877476278,True,False,False,False,315954.9239073657,False,False,False,False
2022-05-10 00:00:00+00:00,19.5529884111,19.9572299693,19.1311711331,19.9132906695,278363,,,,,,,,,,,,,,,,,,,,,,19.54712983783333,,,,,,,"rgba(239, 83, 80, 1.0)",0.0,0.0,1.2031280852175146,20.74687514214113,-0.9923188941477376,1.0,19.95723,19.13117,123.0,0.0,0.0,0.0,0.0,42.284749890774805,-1.448663354791897,False,True,False,True,False,0.0,0,0.8501919777058684,0.8252141625167255,False,False,False,False,-0.2379693797736025,-0.14311806558214085,False,False,False,False,5096058,5339945.294045836,False,False,False,False,314480.73081295926,False,False,False,False
2022-05-11 00:00:00+00:00,20.3614715275,20.8096523854,20.2120779081,20.2735929279,280291,,,,,,,,,,,,,,,,,,,,,,20.005675624361594,,,,,,,"rgba(239, 83, 80, 1.0)",0.0,0.0,1.133301826739382,20.78345724326351,-0.3723506887636471,0.0,0.0,0.0,0.0,0.0,0.0,0.0,0.0,43.1576203925859,-1.448663354791897,False,True,False,True,False,2.799434922799449,0,0.8489338970624314,0.8238909343768666,False,False,False,False,-0.050748819743794825,-0.09693344266296784,False,False,False,False,5376349,5341372.890357764,False,False,False,False,313139.9570555883,False,False,False,False
2022-05-12 00:00:00+00:00,20.4493501271,20.6075316063,19.6672305906,20.0099571291,417161,,,,,,,,,,,,,,,,,,,,,,20.10643532225148,,,,,,,"rgba(239, 83, 80, 1.0)",0.0,0.0,1.1030882929698975,20.76439859929894,-0.28560585241161296,0.0,0.0,0.0,0.0,0.0,0.0,0.0,0.0,44.0174090227542,-1.448663354791897,False,True,False,True,False,3.1153863991761774,1,0.8258599405729613,0.8614072018604699,False,False,False,False,-0.12196133853825605,-0.10944739060061195,False,False,False,False,5793510,5359103.757402558,False,False,False,False,317219.2136416437,False,False,False,False
2022-05-13 00:00:00+00:00,21.3281361231,21.565408342,20.5899558864,20.5899558864,309184,,,,,,,,,,,,,,,,,,,,,,20.36021457983668,,,,,,,#000000,0.0,0.0,1.0789182962468071,20.807709996343856,0.48235916340146334,0.0,0.0,0.0,0.0,0.0,0.0,0.0,0.0,47.17144262603692,-1.448663354791897,False,True,False,False,True,6.188067379745021,1,0.8580285539266176,0.8260651340816384,False,False,False,False,0.056584231142937924,-0.026431579728837015,False,False,False,False,6102694,5388264.1590730455,False,False,False,False,316904.1072243243,False,False,False,False
2022-05-16 00:00:00+00:00,21.793892701,22.1717706792,21.3105604031,21.3105604031,418750,,,,,,,,,,,,,,,,,,,,,,20.70394657778885,,,,,,,#000000,0.0,0.0,1.0656646611133307,20.89028463557498,0.8479290891386007,0.0,0.0,0.0,0.0,0.0,0.0,0.0,0.0,50.465010055208666,-5.924511939760706,False,True,False,False,True,7.742850372480632,1,0.895058736024556,0.7986462047817368,False,False,False,False,0.1840920987814888,0.07883025952632589,False,False,False,False,6521444,5432702.584207436,False,False,False,False,320898.06380376255,False,False,False,False
2022-05-17 00:00:00+00:00,21.793892701,21.9828316901,21.6532869416,21.8202562808,249803,,,,,,,,,,,,,,,,,,,,,,20.84537941739389,,,,,,,"rgba(38, 166, 154, 0.5)",0.0,0.0,1.051223760089274,20.930289684883867,0.8215215912193549,0.0,0.0,0.0,0.0,0.0,0.0,0.0,0.0,52.6607216746565,-3.8215746139731976,False,False,True,False,True,7.742850372480632,0,0.913652131097862,0.7996591856783752,False,False,False,False,0.1991797389917795,0.1390049992590527,False,False,False,False,6521444,5475398.326003224,False,False,False,False,318110.02208596794,False,False,False,False
2022-05-18 00:00:00+00:00,20.9678338647,21.8993470205,20.9151067049,21.7499534012,253780,,,,,,,,,,,,,,,,,,,,,,20.89313658592388,,,,,,,#000000,0.0,0.0,1.0428018258854972,20.943984042478625,0.02287090569785255,0.0,0.0,0.0,0.0,0.0,0.0,0.0,0.0,51.433752953158034,-3.8215746139731976,False,False,False,False,True,4.428618661224178,0,0.8935532368186363,0.8035813110320125,False,False,False,False,0.11943111138808908,0.1292180553235709,False,False,False,False,6267664,5506467.568120745,False,False,False,False,315587.27612181235,False,False,False,False
2022-05-19 00:00:00+00:00,21.7499534012,22.0575284998,21.2578332434,21.3105604031,470621,,,,,,,,,,,,,,,,,,,,,,21.03290219283339,,,,,,,"rgba(38, 166, 154, 0.5)",0.0,0.0,1.0487064442695135,20.992012802244396,0.7227385729316784,0.0,0.0,0.0,0.0,0.0,0.0,0.0,0.0,52.80002473478028,-3.593747417327016,False,False,True,False,True,7.057843902197938,0,0.919489615861181,0.783046386114745,False,False,False,False,0.16780432472960188,0.1485111900265864,False,False,False,False,6738285,5554774.134076795,False,False,False,False,321667.0299993883,False,False,False,False
2022-05-20 00:00:00+00:00,21.6005597818,22.0487406398,21.3017725432,21.9784377601,202722,,,,,,,,,,,,,,,,,,,,,,21.076354441416733,,,,,,,"rgba(38, 166, 154, 0.5)",0.0,0.0,1.0497736378669216,21.00873223208445,0.5637668239775088,0.0,0.0,0.0,0.0,0.0,0.0,0.0,0.0,53.224470450129594,-2.9748907733336836,False,False,True,False,True,6.466268864456037,0,0.9098431619509748,0.789758678162565,False,False,False,False,0.1712257265887829,0.15986845830768465,False,False,False,False,6535563,5593236.442544372,False,False,False,False,317002.5190190202,False,False,False,False
2022-05-23 00:00:00+00:00,21.9608620402,22.1981342591,21.6664687315,21.9520741802,246908,,,,,,,,,,,,,,,,,,,,,,21.144679017994534,,,,,,,"rgba(38, 166, 154, 1.0)",0.0,0.0,1.0480185427840902,21.036213814469672,0.8822823146563541,0.0,0.0,0.0,0.0,0.0,0.0,0.0,0.0,54.50507422601238,-1.493791911008806,True,False,True,False,True,7.660986698236389,0,0.9140094434689342,0.7894717017016458,False,False,False,False,0.22176426809052233,0.1908163631991035,False,False,False,False,6782471,5639873.091856357,False,False,False,False,314253.71435160766,False,False,False,False
2022-05-24 00:00:00+00:00,21.8993470205,22.233285699,21.5829840619,22.0487406398,284474,,,,,,,,,,,,,,,,,,,,,,21.20808652763628,,,,,,,"rgba(38, 166, 154, 1.0)",0.0,0.0,1.0493946373638061,21.06370998805256,0.796303890542696,0.0,0.0,0.0,0.0,0.0,0.0,0.0,0.0,55.128818110370624,-0.6161588142894843,True,False,True,False,True,7.410702923696409,0,0.938153260325777,0.7720888559674316,False,False,False,False,0.21696891799715626,0.2038926405981299,False,False,False,False,6497997,5673525.009822774,False,False,False,False,313085.8824162505,False,False,False,False
2022-05-25 00:00:00+00:00,21.556620482,21.6532869416,21.3017725432,21.3544997029,229966,,,,,,,,,,,,,,,,,,,,,,21.22676447265035,,,,,,,"rgba(38, 166, 154, 1.0)",0.0,0.0,1.0432438308132117,21.07369800161712,0.4629047075279028,0.0,0.0,0.0,0.0,0.0,0.0,0.0,0.0,54.248230841153784,-0.6161588142894843,True,False,True,False,True,6.0161209481288225,0,0.9222249878359008,0.7700134957000446,False,False,False,False,0.09863722005830557,0.15126493032821772,False,False,False,False,6268031,5696838.970221881,False,False,False,False,309826.2791842407,False,False,False,False
2022-05-26 00:00:00+00:00,22.4617700579,22.7517694366,21.9784377601,21.9784377601,368084,,,,,,,,,,,,,,,,,,,,,,21.33420920611416,,,,,,,"rgba(38, 166, 154, 1.0)",0.0,0.0,1.0473750947166185,21.12326056528771,1.2779657444255388,0.0,0.0,0.0,0.0,0.0,0.0,0.0,0.0,56.30536508668315,0.9860636221563652,True,False,True,False,True,9.024878344962573,0,0.9168573677082547,0.7706711240322124,False,False,False,False,0.3039855978742105,0.2276252641012141,False,False,False,False,6636115,5733673.324330826,False,False,False,False,312110.8956868195,False,False,False,False
2022-05-27 00:00:00+00:00,22.9363144958,23.0066173754,22.6375272571,22.7254058567,234037,,,,,,,,,,,,,,,,,,,,,,21.418355106370758,,,,,,,"rgba(38, 166, 154, 1.0)",0.0,0.0,1.0485070274358903,21.163216282669364,1.6910694604181389,0.0,0.0,0.0,0.0,0.0,0.0,0.0,0.0,58.83553137648666,3.566448794593555,True,False,True,False,True,10.529174176376557,0,0.9186510705331513,0.7780571334339383,False,False,False,False,0.3428282318197088,0.28522674796046144,False,False,False,False,6870152,5778241.115533539,False,False,False,False,309049.1742873364,False,False,False,False
2022-05-31 00:00:00+00:00,22.8572237561,23.6041918527,22.713718003,23.1296474149,326208,,,,,,,,,,,,,,,,,,,,,,21.53541141754191,,,,,,,"rgba(38, 166, 154, 1.0)",0.0,0.0,1.047997272601162,21.22113821661049,1.5611543868131403,0.0,0.0,0.0,0.0,0.0,0.0,0.0,0.0,60.184800559231554,4.984516507880137,True,False,True,False,True,10.198797642574448,0,0.9121382582128943,0.77540946570568,False,False,False,False,0.34282823392554845,0.31402749094300497,False,False,False,False,6543944,5808268.679630263,False,False,False,False,309722.06941332325,False,False,False,False
2022-06-01 00:00:00+00:00,22.6287393972,23.094495975,22.452982198,23.0593445352,230430,,,,,,,,,,,,,,,,,,,,,,21.592529282636153,,,,,,,"rgba(38, 166, 154, 1.0)",0.0,0.0,1.0406529543749292,21.251900362265943,1.3230530208421496,0.0,0.0,0.0,0.0,0.0,0.0,0.0,0.0,60.07938728899245,5.062547890534816,True,False,True,False,True,9.239582815060952,0,0.8997649983008683,0.8047339283587375,False,False,False,False,0.2657495188637388,0.2898885049033719,False,False,False,False,6313514,5828082.221605547,False,False,False,False,306612.5764951537,False,False,False,False
2022-06-02 00:00:00+00:00,24.0435848507,24.2632813497,23.5954039928,23.6217675726,417866,,,,,,,,,,,,,,,,,,,,,,21.78269108398761,,,,,,,"rgba(38, 166, 154, 1.0)",0.0,0.0,1.0814921263537283,21.350438509596543,2.490213544303325,0.0,0.0,0.0,0.0,0.0,0.0,0.0,0.0,63.30218262294633,8.283525716681496,True,False,True,False,True,13.607028609762157,0,0.9112696493302721,0.7798944706969944,False,False,False,False,0.34282823752523217,0.31635837121430205,False,False,False,False,6731380,5863505.663895526,False,False,False,False,310975.455848285,False,False,False,False
2022-06-03 00:00:00+00:00,23.5602525529,23.6393432926,23.3669196338,23.3844953537,182904,,,,,,,,,,,,,,,,,,,,,,21.8415923008446,,,,,,,"rgba(38, 166, 154, 1.0)",0.0,0.0,1.090111474284397,21.383441971835047,1.9968697077460986,0.0,0.0,0.0,0.0,0.0,0.0,0.0,0.0,63.482135005644906,8.586627045574204,True,False,True,False,True,11.602085508211896,0,0.8899681283617578,0.7986262226560982,False,False,False,False,0.2723946907658838,0.2943765309900929,False,False,False,False,6548476,5890367.245703545,False,False,False,False,305953.04581501894,False,False,False,False
2022-06-06 00:00:00+00:00,24.3072206495,24.9267647767,24.21055419,24.7641893675,371465,,,,,,,,,,,,,,,,,,,,,,22.011458112570196,,,,,,24.481513205400002,"rgba(38, 166, 154, 1.0)",0.0,0.0,1.133287338602682,21.777270551200665,2.2323995090412874,-1.0,24.926765,24.210554,0.0,0.0,0.0,0.0,0.0,65.11870122369865,10.308319179204702,True,False,True,False,True,13.786384430941926,0,0.8882490698143305,0.797187568391914,False,True,False,False,0.34282823967435183,0.3186023853322224,False,False,False,False,6919941,5930742.687048504,False,False,False,False,308522.1420575672,False,False,False,False
2022-06-07 00:00:00+00:00,24.3687356693,24.421462829,24.075133268,24.1050998704,163754,,,,,,,,,,,,,,,,,,,,,,22.074264229608186,,,,,,24.422442306538958,"rgba(38, 166, 154, 1.0)",0.0,0.0,1.1687919582778818,21.80398387541748,2.1943612596902797,0.0,0.0,0.0,0.0,0.0,0.0,0.0,0.0,66.32849033534934,11.610029474159852,True,False,True,False,True,13.963103162098982,0,0.8933136644075854,0.8004241111077727,False,False,False,False,0.29629472919353134,0.3074485572628769,False,False,False,False,7083695,5975956.503242681,False,False,False,False,302844.960016094,False,False,False,False
2022-06-08 00:00:00+00:00,24.3775235292,24.6060078882,24.3138115445,24.3950992491,285066,,,,,,,,,,,,,,,,,,,,,,22.182309155254448,,,,,,24.425919371668545,"rgba(38, 166, 154, 1.0)",0.0,0.0,1.1917430320329703,21.861600084026986,2.111129142396707,0.0,0.0,0.0,0.0,0.0,0.0,0.0,0.0,67.15343341165223,12.561129806431971,True,False,True,False,True,13.988778735542674,0,0.9020538864359569,0.7947104605893751,False,False,False,False,0.3268803989528041,0.3171644781078405,False,False,False,False,7368761,6030576.287429242,False,False,False,False,302147.7458978158,False,True,False,False
2022-06-09 00:00:00+00:00,23.5075253932,24.2457056298,23.4987375332,24.1666148902,183280,,,,,,,,,,,,,,,,,,,,,,22.227186812241055,,,,,,24.3025967799288,"rgba(38, 166, 154, 0.75)",0.0,0.0,1.1881217350193005,21.875507224625878,1.373611912374966,0.0,0.0,0.0,0.0,0.0,0.0,0.0,0.0,64.00075797346105,12.561129806431971,True,False,True,False,False,10.361356297018045,0,0.8989485071177568,0.795655580432642,False,False,False,False,0.24320180324001922,0.28018314067392985,False,False,False,False,7185481,6075866.66831437,False,False,False,False,297486.2656665289,False,False,False,False
2022-06-10 00:00:00+00:00,22.7429815766,23.0769202551,22.5672243774,23.0241930954,248258,,,,,,,,,,,,,,,,,,,,,,22.248400123656626,,,,,,24.003755001243913,"rgba(38, 166, 154, 0.75)",0.0,0.0,1.1697487076437498,21.86323948464376,0.7520778490350478,0.0,0.0,0.0,0.0,0.0,0.0,0.0,0.0,59.30277339008051,14.238261319239442,True,False,True,False,False,7.351188253307971,0,0.8729343118928968,0.832864524682075,False,False,False,False,0.10091396129653937,0.1905485509852346,False,False,False,False,6937223,6109645.347988317,False,False,False,False,295555.74544431205,False,False,False,False
2022-06-13 00:00:00+00:00,21.9608620402,22.3211642986,21.5917719219,22.1102556595,379620,,,,,,,,,,,,,,,,,,,,,,22.23272156522831,,,,,,23.527713213903972,#000000,0.0,0.0,1.13663137087753,21.81980804674734,0.12409827589375637,0.0,0.0,0.0,0.0,0.0,0.0,0.0,0.0,53.97695694358542,9.424467804506307,False,False,False,False,False,4.427409468588312,0,0.8697496059247529,0.8341928533226862,False,False,False,False,-0.013131499993523104,0.08870852549585574,False,False,False,False,6557603,6127212.314733873,False,False,False,False,298852.3828778684,False,False,False,False
2022-06-14 00:00:00+00:00,21.6708626615,22.1454070994,21.3984390027,21.8993470205,380254,,,,,,,,,,,,,,,,,,,,,,22.207357515358538,,,,,,23.189463581027592,#000000,0.0,0.0,1.1193671998832477,21.784674639679316,-0.10167528420628015,0.0,0.0,0.0,0.0,0.0,0.0,0.0,0.0,49.6892759962067,5.698345336996034,False,True,False,False,False,3.3746046568054666,0,0.8620002373220363,0.8531971186585925,False,False,False,False,-0.037389522504378526,0.025659501495738608,False,False,False,False,6177349,6129178.459254114,False,False,False,False,302044.60315716773,False,False,False,False
2022-06-15 00:00:00+00:00,22.0926799396,22.3299521585,21.6269233617,22.0575284998,523531,,,,,,,,,,,,,,,,,,,,,,22.19476926829046,,,,,,22.947247449685253,"rgba(239, 83, 80, 1.0)",0.0,0.0,1.1092109185699053,21.768166539901788,0.2925623921161936,0.0,0.0,0.0,0.0,0.0,0.0,0.0,0.0,48.31281182726109,4.659639089238169,False,True,False,True,False,4.756530189460818,0,0.8689985744323432,0.8508934838243325,False,False,False,False,-0.010245227080117797,0.007707137207810405,False,False,False,False,6700880,6151598.1275186585,False,False,False,False,310730.34420982783,False,False,False,False
2022-06-16 00:00:00+00:00,20.8272281053,21.6003840246,20.7349555758,21.4511661625,314727,,,,,,,,,,,,,,,,,,,,,,22.151265538357983,,,,,,22.738192733852962,"rgba(239, 83, 80, 1.0)",0.0,0.0,1.1051696936973736,21.733385867234677,-0.8199263580085169,0.0,0.0,0.0,0.0,0.0,0.0,0.0,0.0,44.36607250285288,1.1000480631894263,False,True,False,True,False,0.30860580596784715,0,0.839160045886877,0.8649339919847171,False,False,False,False,-0.11728003153820984,-0.05478644716519972,False,False,False,False,6386153,6160796.357812045,False,False,False,False,310887.07580944244,False,False,False,False
2022-06-17 00:00:00+00:00,20.3175322277,21.3544997029,20.1066235886,21.2578332434,575979,,,,,,,,,,,,,,,,,,,,,,22.049583772516595,,,,,,22.377516753651904,"rgba(239, 83, 80, 1.0)",0.0,0.0,1.1122800281557312,21.65852281501622,-1.2056231824459829,0.0,0.0,0.0,0.0,0.0,0.0,0.0,0.0,40.74777381383488,-2.134927626781227,False,True,False,True,False,0.0,0,0.8292598613886107,0.865902253432696,False,False,False,False,-0.17595635844405727,-0.11537140280462849,False,False,False,False,5810174,6147046.461427258,False,False,False,False,321282.8375424055,False,False,False,False
2022-06-21 00:00:00+00:00,21.7148019613,22.00480134,21.574196202,21.9344984603,337815,,,,,,,,,,,,,,,,,,,,,,22.039079824087228,,,,,,22.322504443036657,"rgba(239, 83, 80, 1.0)",0.0,0.0,1.1123453912595818,21.654303067781075,0.05438858648968607,0.0,0.0,0.0,0.0,0.0,0.0,0.0,0.0,42.69476879650553,-2.134927626781227,False,True,False,True,False,3.1262225542695354,0,0.8420004151060102,0.8348133436995682,False,False,False,False,-0.035077787796129196,-0.07522459530037884,False,False,False,False,6147989,6147083.4237242285,False,False,False,False,321931.1576387818,False,False,False,False
2022-06-22 00:00:00+00:00,20.018744989,20.466925847,20.0011692691,20.3790472474,313777,,,,,,,,,,,,,,,,,,,,,,21.976953886584663,,,,,,22.156269148872976,"rgba(239, 83, 80, 1.0)",0.0,0.0,1.1263905843382827,21.611125542617238,-1.4137019394144767,0.0,0.0,0.0,0.0,0.0,0.0,0.0,0.0,40.76264962060163,-2.134927626781227,False,True,False,True,False,0.0,0,0.8231147220568059,0.8604992042900989,False,False,False,False,-0.24412000644125925,-0.15967230087081904,False,False,False,False,5834212,6134813.9561272,False,False,False,False,321611.38675098645,False,False,False,False
2022-06-23 00:00:00+00:00,19.6584427307,20.3351079476,19.3772312119,20.2120779081,332262,,,,,,,,,,,,,,,,,,,,,,21.902901303064247,,,,,,21.977998737126285,"rgba(239, 83, 80, 1.0)",0.0,0.0,1.1429416157926893,21.559850548850335,-1.663608877196768,0.0,0.0,0.0,0.0,0.0,0.0,0.0,0.0,38.90446878703966,-3.601526309172584,False,True,False,True,False,0.0,0,0.8208676318429903,0.8607893182850213,False,False,False,False,-0.2974972114058515,-0.2285847561383353,False,False,False,False,5501950,6109995.761769271,False,False,False,False,322029.0578587909,False,False,False,False
2022-06-24 00:00:00+00:00,20.3790472474,20.4405622671,19.9220785295,19.9484421093,354022,,,,,,,,,,,,,,,,,,,,,,21.845240366161484,,,,,,21.849376806218615,"rgba(239, 83, 80, 1.0)",0.0,0.0,1.1488117297420828,21.521594532424135,-0.9945470223224889,0.0,0.0,0.0,0.0,0.0,0.0,0.0,0.0,39.66485543552244,-3.601526309172584,False,True,False,True,False,0.0,0,0.8267408404331769,0.8619582506163812,False,False,False,False,-0.25148021107726515,-0.24003248360780022,False,False,False,False,5855972,6100034.045621457,False,False,False,False,323283.6830407991,False,False,False,False
2022-06-27 00:00:00+00:00,20.4932894269,20.5899558864,20.1066235886,20.1154114486,283371,,,,,,,,,,,,,,,,,,,,,,21.805953673609118,,,,,,21.767812798886954,"rgba(239, 83, 80, 1.0)",0.0,0.0,1.1459655100319213,21.49620154212633,-0.8751678008166176,0.0,0.0,0.0,0.0,0.0,0.0,0.0,0.0,40.48312994512912,-3.601526309172584,False,True,False,True,False,0.0,0,0.8284882220498837,0.8736426475688133,False,False,False,False,-0.22826033299014106,-0.23414640829897065,False,False,False,False,6139343,6101575.573244144,False,False,False,False,321718.4797842972,False,False,False,False
2022-06-28 00:00:00+00:00,20.1417750285,20.5987437464,19.9791996192,20.3614715275,281607,,,,,,,,,,,,,,,,,,,,,,21.764854328180338,,,,,,21.687068507141742,"rgba(239, 83, 80, 1.0)",0.0,0.0,1.1522088409757967,21.46941967874168,-1.1522604262585838,0.0,0.0,0.0,0.0,0.0,0.0,0.0,0.0,40.3124675712646,-3.601526309172584,False,True,False,True,False,0.0,0,0.8442047946809977,0.8722609949718942,False,False,False,False,-0.23648059617095807,-0.23531350223496436,False,False,False,False,5857736,6092013.237038492,False,False,False,False,320145.48057706986,False,False,False,False
2022-06-29 00:00:00+00:00,20.4141986872,21.0996517641,20.3175322277,21.0996517641,364118,,,,,,,,,,,,,,,,,,,,,,21.726967355348407,,,,,,21.618208734778374,"rgba(239, 83, 80, 1.0)",0.0,0.0,1.1536240654319232,21.446062521336835,-0.894454151102075,0.0,0.0,0.0,0.0,0.0,0.0,0.0,0.0,41.03257367133932,-3.601526309172584,False,True,False,True,False,0.0,0,0.8430546103936335,0.8612397185111269,False,False,False,False,-0.1789340618157914,-0.2071237820253779,False,False,False,False,6221854,6097105.031664434,False,False,False,False,321869.8931034593,False,False,False,False
2022-06-30 00:00:00+00:00,20.2648050679,20.3087443677,19.7287456103,20.0451085689,320027,,,,,,,,,,,,,,,,,,,,,,21.6813736508336,,,,,,21.53744565938513,"rgba(239, 83, 80, 1.0)",0.0,0.0,1.124509960775375,21.4162279515402,-1.023933023097696,0.0,0.0,0.0,0.0,0.0,0.0,0.0,0.0,41.16546657375994,-3.601526309172584,False,True,False,True,False,0.0,0,0.8424025751697615,0.8745646724577059,False,False,False,False,-0.27434699211868047,-0.24073538707202918,False,False,False,False,5901827,6089447.069638378,False,False,False,False,321797.6227856766,False,False,False,False
2022-07-01 00:00:00+00:00,19.0520803934,19.3069283323,18.6038995355,19.2981404723,294013,,,,,,,,,,,,,,,,,,,,,,21.61373099826315,,,,,,21.418580338231905,"rgba(239, 83, 80, 1.0)",0.0,0.0,1.1298176834691014,21.369490200522595,-2.051136073571618,0.0,0.0,0.0,0.0,0.0,0.0,0.0,0.0,38.77322043761686,-5.466090257199042,False,True,False,True,False,0.0,0,0.8229750323671713,0.8725245303062626,False,False,False,False,-0.34282825441539394,-0.29178182074371156,False,False,False,False,5607814,6070559.498280011,False,False,False,False,320708.02973525797,False,False,False,False
2022-07-05 00:00:00+00:00,18.472081636,18.9554139339,18.1601126075,18.920262494,418228,,,,,,,,,,,,,,,,,,,,,,21.50735141235219,,,,,,21.238894486223888,"rgba(239, 83, 80, 1.0)",0.0,0.0,1.1672524614628081,21.29511312903889,-2.418526913621625,0.0,0.0,0.0,0.0,0.0,0.0,0.0,0.0,36.20014819768351,-8.165547795646809,False,True,False,True,False,0.0,0,0.8145792414025285,0.8877486682947627,False,False,False,False,-0.34282825441539394,-0.31730503757955275,False,False,False,False,5189586,6036011.517955305,False,False,False,False,324532.3422946596,False,False,False,False
2022-07-06 00:00:00+00:00,18.1117793777,18.3490515966,17.5317806203,18.3226880167,347205,,,,,,,,,,,,,,,,,,,,,,21.40965766655347,,,,,,21.07976621309425,"rgba(239, 83, 80, 1.0)",0.0,0.0,1.2279207564080665,21.226010532466972,-2.5361825170842227,0.0,0.0,0.0,0.0,0.0,0.0,0.0,0.0,33.90804714165407,-10.51091644338296,False,True,False,True,False,0.0,0,0.8017366927731349,0.8865263880768874,False,False,False,False,-0.34282825441539394,-0.3300666459974734,False,False,False,False,4842381,5989202.478035489,False,False,False,False,325421.4661262416,False,False,False,False
2022-07-07 00:00:00+00:00,19.7902606301,19.8298059999,19.2893526123,19.2893526123,360980,,,,,,,,,,,,,,,,,,,,,,21.35978710868382,,,,,,21.00967677507469,"rgba(239, 83, 80, 0.75)",0.0,0.0,1.241617705966697,21.19237551845257,-1.1292645728347714,0.0,0.0,0.0,0.0,0.0,0.0,0.0,0.0,37.61223752112993,-10.51091644338296,False,True,False,True,True,0.0,0,0.8308682387446563,0.8646127563973393,False,False,False,False,-0.1704040553140956,-0.2502353506557845,False,False,False,False,5203361,5958385.165171352,False,False,False,False,326815.9184350164,False,False,False,False
2022-07-08 00:00:00+00:00,19.5090491113,19.588139851,19.2014740127,19.4035947918,161812,,,,,,,,,,,,,,,,,,,,,,21.335796795597965,,,,,,20.976083930284474,"rgba(239, 83, 80, 0.75)",0.0,0.0,1.262230775522187,21.175968455121186,-1.32061377059324,0.0,0.0,0.0,0.0,0.0,0.0,0.0,0.0,39.49161186481186,-16.2854475548014,False,True,False,True,True,0.0,0,0.8129185955109945,0.8735498403698303,False,False,False,False,-0.1873420235260986,-0.21878868709094157,False,False,False,False,5041549,5922430.805752868,False,False,False,False,320345.176535604,False,False,False,False
2022-07-11 00:00:00+00:00,19.0169289536,19.1048075532,18.8235960345,18.9993532337,117541,,,,,,,,,,,,,,,,,,,,,,21.31469810638401,,,,,,20.945690889483274,"rgba(239, 83, 80, 0.75)",0.0,0.0,1.2926809629150513,21.161260625432686,-1.6588251342366214,0.0,0.0,0.0,0.0,0.0,0.0,0.0,0.0,39.73006580253002,-15.961502465140981,False,True,False,True,True,0.0,0,0.8026408579128725,0.8742964352773607,False,False,False,False,-0.23213961746885328,-0.2254641522798974,False,False,False,False,4924008,5883276.970233148,False,False,False,False,312392.07157342345,False,False,False,False
2022-07-12 00:00:00+00:00,18.7445052948,18.9378382139,18.5951116755,18.7181417149,229485,,,,,,,,,,,,,,,,,,,,,,21.270747972083065,,,,,,20.88251215701697,"rgba(239, 83, 80, 0.75)",0.0,0.0,1.328987430439558,21.130366568206146,-1.7952474333162285,0.0,0.0,0.0,0.0,0.0,0.0,0.0,0.0,39.33836338057774,-15.961502465140981,False,True,False,True,True,0.0,0,0.7877285969730857,0.8991807282102445,False,False,False,False,-0.2530100984656508,-0.2392371253727741,False,False,False,False,4694523,5836659.167478907,False,False,False,False,309140.8138646618,False,False,False,False
2022-07-13 00:00:00+00:00,18.0942036578,18.2963244368,17.7426892594,17.9975371982,400116,,,,,,,,,,,,,,,,,,,,,,21.176821617985414,,,,,,20.746390224253318,"rgba(239, 83, 80, 0.75)",0.0,0.0,1.3765824254488133,21.0631443499123,-2.1567474909061994,0.0,0.0,0.0,0.0,0.0,0.0,0.0,0.0,37.825707086849704,-15.961502465140981,False,True,False,True,True,0.0,0,0.7596658994655211,0.9116850361700111,False,False,False,False,-0.33401591631595534,-0.28662652084436474,False,False,False,False,4294407,5776178.690322872,False,False,False,False,312708.46822291036,False,False,False,False
2022-07-14 00:00:00+00:00,16.8902668432,17.1011754823,16.4420859853,17.1011754823,471461,,,,,,,,,,,,,,,,,,,,,,21.032032001492784,,,,,,20.535890160995816,"rgba(239, 83, 80, 1.0)",0.0,0.0,1.4630460451563705,20.58062016702488,-2.5223767468169154,0.0,0.0,0.0,0.0,0.0,0.0,0.0,0.0,34.89748781511902,-15.961502465140981,False,True,False,True,False,0.0,0,0.755571187030502,0.9052503809440634,True,False,False,False,-0.34282825441539394,-0.31472738762987934,False,False,False,False,3822946,5699581.329918054,True,False,False,False,318934.0577043649,False,False,False,False
2022-07-15 00:00:00+00:00,17.2769326815,17.382387001,17.0045090227,17.2505691016,388692,,,,,,,,,,,,,,,,,,,,,,20.930607155237208,,,,,,20.39588813152923,"rgba(239, 83, 80, 1.0)",0.0,0.0,1.5295246249101586,20.530017794299056,-2.126860241292379,0.0,0.0,0.0,0.0,0.0,0.0,0.0,0.0,34.251880054232785,-15.961502465140981,False,True,False,True,False,0.0,0,0.7551319566061889,0.9088920344930441,False,False,False,False,-0.3032611495258871,-0.30899426857788326,False,False,False,False,4211638,5641230.611097739,False,False,False,False,321669.66328458587,False,False,False,False
2022-07-18 00:00:00+00:00,17.4790534606,17.9184464586,17.4175384408,17.7866285592,248425,,,,,,,,,,,,,,,,,,,,,,20.874982583507684,,,,,,20.322527513197322,"rgba(239, 83, 80, 1.0)",0.0,0.0,1.58821327737011,20.505357362923544,-1.9054770196448294,0.0,0.0,0.0,0.0,0.0,0.0,0.0,0.0,34.50938727105034,-15.961502465140981,False,True,False,True,False,0.0,0,0.7531013013550555,0.9140967219306481,False,False,False,False,-0.2598177997026668,-0.284406034140275,False,False,False,False,4460063,5594910.312623318,False,False,False,False,318797.32354793546,False,False,False,False
2022-07-19 00:00:00+00:00,17.9799614783,18.0318098521,17.7602649793,17.812992139,130757,,,,,,,,,,,,,,,,,,,,,,20.849229737180515,,,,,,20.289795912176217,"rgba(239, 83, 80, 1.0)",0.0,0.0,1.6265138007376847,20.49578878152037,-1.5467605021730206,0.0,0.0,0.0,0.0,0.0,0.0,0.0,0.0,36.357916711706864,-15.961502465140981,False,True,False,True,False,0.0,0,0.7671431491432589,0.9030695965026118,False,False,False,False,-0.239286431484338,-0.2618462328123065,False,False,False,False,4590820,5555534.221932208,False,False,False,False,311423.1932127223,False,False,False,False
2022-07-20 00:00:00+00:00,17.9096585986,17.9711736183,17.7075378195,17.821779999,161892,,,,,,,,,,,,,,,,,,,,,,20.817306477819177,,,,,,20.24947044123139,"rgba(239, 83, 80, 0.75)",0.0,0.0,1.6671523381649742,20.481244444640428,-1.542502018064503,0.0,0.0,0.0,0.0,0.0,0.0,0.0,0.0,37.432563039739115,-15.961502465140981,False,True,False,True,True,0.0,0,0.7794308404025253,0.882170314860334,False,False,False,False,-0.24437051455465417,-0.2531083736834803,False,False,False,False,4428928,5511353.5857780045,False,False,False,False,305559.2248514391,False,False,False,False
2022-07-21 00:00:00+00:00,18.0239007781,18.041476498,17.6635985197,17.7426892594,195210,,,,,,,,,,,,,,,,,,,,,,20.780305775844575,,,,,,20.203513487912304,"rgba(239, 83, 80, 0.75)",0.0,0.0,1.7005608303323108,20.46332886016539,-1.4344844586292722,0.0,0.0,0.0,0.0,0.0,0.0,0.0,0.0,38.565415181048365,-15.961502465140981,False,True,False,True,True,0.0,0,0.8042356425038063,0.8745974278996576,False,False,False,False,-0.24318707286072036,-0.24814772327210033,False,False,False,False,4624138,5476560.817708279,False,False,False,False,301231.80426902976,False,False,False,False
2022-07-22 00:00:00+00:00,17.821779999,18.269960857,17.7514771193,18.1293550976,118900,,,,,,,,,,,,,,,,,,,,,,20.758519906755502,,,,,,20.176846070776257,"rgba(239, 83, 80, 0.75)",0.0,0.0,1.73725609109926,20.452357709746426,-1.5142141243447365,0.0,0.0,0.0,0.0,0.0,0.0,0.0,0.0,38.79414775015735,-15.662081406394279,False,True,False,True,True,0.0,0,0.8122382591622009,0.8595703712916464,False,False,False,False,-0.229036753355155,-0.23859223831362766,False,False,False,False,4505238,5438469.726817759,False,False,False,False,294081.5374349502,False,False,False,False
2022-07-25 00:00:00+00:00,18.3666273165,18.4545059161,18.1908701173,18.261172997,194265,,,,,,,,,,,,,,,,,,,,,,20.728472148468914,,,,,,20.141988902626053,"rgba(239, 83, 80, 0.75)",0.0,0.0,1.761135751339731,20.440806794961993,-1.177751048937666,0.0,0.0,0.0,0.0,0.0,0.0,0.0,0.0,41.030358196004414,-13.349155532794676,False,True,False,True,True,0.0,0,0.8014553497993423,0.8678660463626198,False,False,False,False,-0.201385707412635,-0.21998897286313135,False,False,False,False,4699503,5409490.639491572,False,False,False,False,290167.16341789335,False,False,False,False
2022-07-26 00:00:00+00:00,17.9535978984,18.1732943974,17.8481435789,17.9535978984,214949,,,,,,,,,,,,,,,,,,,,,,20.69140033039346,,,,,,20.097829826527718,"rgba(239, 83, 80, 0.75)",0.0,0.0,1.7918985322268146,20.420267427638933,-1.3765676375512013,0.0,0.0,0.0,0.0,0.0,0.0,0.0,0.0,41.32252455505265,-12.90640860859456,False,True,False,True,True,0.0,0,0.8005304324961646,0.8639169111682657,False,False,False,False,-0.229036753355155,-0.22451286310914317,False,False,False,False,4484554,5373218.614413471,False,False,False,False,287217.4315191525,False,False,False,False
2022-07-27 00:00:00+00:00,18.6654145552,18.7884445946,18.1469308175,18.3139001568,249223,,,,,,,,,,,,,,,,,,,,,,20.658034754628826,,,,,,20.061450606807256,"rgba(239, 83, 80, 0.5)",0.0,0.0,1.8070315354252857,20.407126862735012,-0.9638527460037368,0.0,0.0,0.0,0.0,0.0,0.0,0.0,0.0,44.040365853460465,-10.19301388248617,False,False,False,True,True,0.0,0,0.7833941992133915,0.8698038796693648,False,False,False,False,-0.18863895372569736,-0.20657590841742027,False,False,False,False,4733777,5348142.472671766,False,False,False,False,285727.4538125191,False,False,False,False
2022-07-28 00:00:00+00:00,18.6478388353,18.920262494,18.4281423362,18.8323838944,155935,,,,,,,,,,,,,,,,,,,,,,20.638941270259437,,,,,,20.04142757137626,#000000,0.0,0.0,1.8153610014322628,20.399877157440997,-0.9651184093735042,0.0,0.0,0.0,0.0,0.0,0.0,0.0,0.0,45.79410307519487,-8.47091544510571,False,False,False,False,True,0.0,0,0.7711432060041375,0.8798645906187366,False,False,False,False,-0.17058748666547088,-0.18858169754144558,False,False,False,False,4577842,5317934.610998363,False,False,False,False,280637.5536630085,False,False,False,False
2022-07-29 00:00:00+00:00,18.489657356,18.6126873954,18.3314758767,18.4632937761,213753,,,,,,,,,,,,,,,,,,,,,,20.610924572357526,,,,,,20.01128081897585,#000000,0.0,0.0,1.830771983411708,20.386210883946514,-1.035931041730397,0.0,0.0,0.0,0.0,0.0,0.0,0.0,0.0,46.40889112881337,-7.8108583706373125,False,False,False,False,True,0.0,0,0.7598742532242087,0.881797200151382,False,False,False,False,-0.1882536526901321,-0.18841767511578883,False,False,False,False,4364089,5280528.900763134,False,False,False,False,278014.62998994935,False,False,False,False
2022-08-01 00:00:00+00:00,18.2172336972,18.3578394566,18.041476498,18.3490515966,199465,,,,,,,,,,,,,,,,,,,,,,20.582171609471676,,,,,,19.979364194270342,#000000,0.0,0.0,1.8477861867624774,20.36917972443266,-1.164607703342074,0.0,0.0,0.0,0.0,0.0,0.0,0.0,0.0,45.86491023899494,-7.8108583706373125,False,False,False,False,True,0.0,0,0.7643587271803445,0.8812279607499542,False,False,False,False,-0.21225184680292433,-0.2003347609593566,False,False,False,False,4164624,5236767.924262619,False,False,False,False,274934.2523432847,False,False,False,False
2022-08-02 00:00:00+00:00,17.4526898807,17.7866285592,17.4175384408,17.7339013994,187689,,,,,,,,,,,,,,,,,,,,,,20.548471238468686,,,,,,19.939658906350303,"rgba(239, 83, 80, 0.5)",0.0,0.0,1.869844726141212,20.344585239041056,-1.5465965263912818,0.0,0.0,0.0,0.0,0.0,0.0,0.0,0.0,43.1674816549139,-7.8108583706373125,False,False,False,True,False,0.0,0,0.7483329420786903,0.8945687644301127,False,False,False,False,-0.26579112599814947,-0.23306294347875303,False,False,False,False,3976935,5187362.711546438,False,False,False,False,271512.86989845004,False,False,False,False
2022-08-03 00:00:00+00:00,17.5669320602,17.8481435789,17.4175384408,17.7690528392,211640,,,,,,,,,,,,,,,,,,,,,,20.51208418266555,,,,,,19.897478095375025,"rgba(239, 83, 80, 1.0)",0.0,0.0,1.8940591969315153,20.3184031801741,-1.4526848603420863,0.0,0.0,0.0,0.0,0.0,0.0,0.0,0.0,41.88914822152577,-3.9377563857750673,False,True,False,True,False,0.0,0,0.7453365981935173,0.8920550082244293,False,False,False,False,-0.2630012914828731,-0.24803211748081305,False,False,False,False,4188575,5148194.565995597,False,False,False,False,269164.91421615786,False,False,False,False
2022-08-04 00:00:00+00:00,17.7075378195,17.8657192988,17.6020835,17.7690528392,228378,,,,,,,,,,,,,,,,,,,,,,20.475324078803457,,,,,,19.855832625739605,"rgba(239, 83, 80, 1.0)",0.0,0.0,1.911035475950728,20.292591038345048,-1.3526976612294441,0.0,0.0,0.0,0.0,0.0,0.0,0.0,0.0,41.70068964949718,-4.21394605048819,False,True,False,True,False,0.0,0,0.7398285673825811,0.8952384836919965,False,False,False,False,-0.25386255341795977,-0.2509473354493864,False,False,False,False,4416953,5119518.426152633,False,False,False,False,267565.42738415167,False,False,False,False
2022-08-05 00:00:00+00:00,17.7778406992,17.9052646686,17.1802662219,17.2154176618,128922,,,,,,,,,,,,,,,,,,,,,,20.45422906537738,,,,,,19.831907508876114,"rgba(239, 83, 80, 1.0)",0.0,0.0,1.9304227880121723,20.05606164564276,-1.1801668321522094,0.0,0.0,0.0,0.0,0.0,0.0,0.0,0.0,41.92187680895212,-4.21394605048819,False,True,False,True,False,0.0,0,0.7320528231869979,0.8953221524514925,False,False,False,False,-0.27118299999710305,-0.26106516772324473,False,False,False,False,4545875,5097022.605519196,False,False,False,False,262128.430231832,False,False,False,False
2022-08-08 00:00:00+00:00,18.1293550976,18.3051122968,18.041476498,18.2260215572,200514,,,,,,,,,,,,,,,,,,,,,,20.428140998915172,,,,,,19.80450173629454,"rgba(239, 83, 80, 0.5)",0.0,0.0,1.9432126686244051,20.068309292270975,-0.9978085394243306,0.0,0.0,0.0,0.0,0.0,0.0,0.0,0.0,43.776550465205524,-4.21394605048819,False,False,False,True,True,0.0,0,0.7590670739176835,0.8774343244966981,False,False,False,False,-0.21458665995560164,-0.2378259138394232,False,False,False,False,4746389,5083272.268047855,False,False,False,False,259712.1780658778,False,False,False,False
2022-08-09 00:00:00+00:00,18.269960857,18.480869496,18.1645065374,18.2260215572,113514,,,,,,,,,,,,,,,,,,,,,,20.414569596846558,,,,,,19.79072680009729,"rgba(239, 83, 80, 0.5)",0.0,0.0,1.9553692085534107,20.06844111898759,-0.9197650521039507,0.0,0.0,0.0,0.0,0.0,0.0,0.0,0.0,45.67166964852281,-4.21394605048819,False,False,False,True,True,0.0,0,0.749833986795196,0.8912925799361944,False,False,False,False,-0.201385707412635,-0.2196058106260291,False,False,False,False,4859903,5074512.688908724,False,False,False,False,253978.9161809414,False,False,False,False
2022-08-10 00:00:00+00:00,18.8851110542,18.9905653737,18.7620810147,18.8148081745,170659,,,,,,,,,,,,,,,,,,,,,,20.399954798469842,,,,,,19.778309077632667,#000000,0.0,0.0,1.9590098240462857,20.082155650875436,-0.6110457344225925,0.0,0.0,0.0,0.0,0.0,0.0,0.0,0.0,49.517938406936125,-4.573058154932951,True,False,False,False,True,0.0,0,0.7415430001630292,0.8915487825499865,False,False,False,False,-0.15302616312770959,-0.18631598687686934,False,False,False,False,5030562,5072789.132480931,False,False,False,False,250711.46848757114,False,False,False,False
2022-08-11 00:00:00+00:00,19.139958993,19.2981404723,18.9729896538,18.9729896538,168399,,,,,,,,,,,,,,,,,,,,,,20.388202512651088,,,,,,19.76980248545949,"rgba(38, 166, 154, 1.0)",0.0,0.0,1.9636292919219687,20.094226517580935,-0.48597132284929057,0.0,0.0,0.0,0.0,0.0,0.0,0.0,0.0,53.01361175253481,-1.4062177148492623,True,False,True,False,True,0.0,0,0.7396192167089464,0.8953265497339227,False,False,False,False,-0.13063667324343003,-0.1584763300601497,False,False,False,False,5198961,5077737.048854228,False,False,False,False,247483.52854688207,False,False,False,False
2022-08-12 00:00:00+00:00,19.5705641311,19.6032549701,19.3069283323,19.4035947918,122551,,,,,,,,,,,,,,,,,,,,,,20.38218482612268,,,,,19.493582477833332,19.76716148508433,"rgba(38, 166, 154, 1.0)",0.0,0.0,1.965379414288969,20.058560031161296,-0.24829602697240144,-1.0,19.603254,19.306929,0.0,0.0,0.0,0.0,0.0,56.78712593787496,1.9472538114211346,True,False,True,False,True,0.0,0,0.7492436139760154,0.8705182464412233,False,False,False,False,-0.10321638516528651,-0.1308463576127181,False,False,False,False,5321512,5087296.850859945,False,False,False,False,242584.2137019063,False,False,False,False
2022-08-15 00:00:00+00:00,19.1663225729,19.4211705117,18.9422321439,19.1223832731,289932,,,,,,,,,,,,,,,,,,,,,,20.363299687278026,,,,,19.270759743369076,19.75409791776398,"rgba(38, 166, 154, 1.0)",0.0,0.0,1.9695595696765629,20.046638401277903,-0.44696075301874033,0.0,0.0,0.0,0.0,0.0,0.0,0.0,0.0,57.146756832579975,2.119660066281554,True,False,True,False,True,0.0,0,0.7248428460242112,0.897350345271037,False,False,False,False,-0.12666634762910955,-0.12875635262091384,False,False,False,False,5031580,5085111.876316417,False,False,False,False,244440.98963516488,False,False,False,False
2022-08-16 00:00:00+00:00,19.2014740127,19.4123826518,19.1838982928,19.2454133125,270056,,,,,,,,,,,,,,,,,,,,,,20.347518564916186,,,,,19.26884416686369,19.744242870944536,"rgba(38, 166, 154, 1.0)",0.0,0.0,1.9677999702450202,20.049570475906265,-0.43098713082136286,0.0,0.0,0.0,0.0,0.0,0.0,0.0,0.0,57.52028947993073,2.4716894588581866,True,False,True,False,True,0.0,0,0.7441803727702327,0.8902084800706159,False,False,False,False,-0.11666335294985751,-0.12270985278538568,False,False,False,False,5301636,5093603.0184216555,False,False,False,False,245445.49984555057,False,False,False,False
2022-08-17 00:00:00+00:00,17.8657192988,18.1029915177,17.7163256795,18.0063250582,281267,,,,,,,,,,,,,,,,,,,,,,20.311327705013127,,,,,18.86791949366759,19.70616272788653,"rgba(38, 166, 154, 0.75)",0.0,0.0,1.9824490083977921,19.98448188792022,-1.0687601951651704,0.0,0.0,0.0,0.0,0.0,0.0,0.0,0.0,52.23834733659859,7.601803129289948,True,False,True,False,False,0.0,0,0.7293703020486444,0.9168203970485059,False,False,False,False,-0.236625684373199,-0.17966776857929234,False,False,False,False,5020369,5090731.09613061,False,False,False,False,246850.26455748978,False,False,False,False
2022-08-18 00:00:00+00:00,17.7251135394,17.9338252135,17.6284470799,17.7514771193,447837,,,,,,,,,,,,,,,,,,,,,,20.252814909299776,,,,,18.51721836558417,19.64445677101202,#000000,0.0,0.0,2.0013145384936317,19.90569253592433,-1.0895733552036406,0.0,0.0,0.0,0.0,0.0,0.0,0.0,0.0,48.273622230000996,4.037136739847114,True,False,False,False,False,0.0,0,0.7303232712121898,0.907945571741591,False,False,False,False,-0.2483202770869881,-0.21399402283314023,False,False,False,False,4572532,5070409.562949019,False,False,False,False,254732.09731994118,False,False,False,False
2022-08-19 00:00:00+00:00,17.1187512022,17.3560234211,17.0484483225,17.3384477012,254185,,,,,,,,,,,,,,,,,,,,,,20.21322014736699,,,,,18.31232185640278,19.600737049310197,"rgba(239, 83, 80, 0.5)",0.0,0.0,2.0259719084778207,19.852449833233724,-1.3493270166256366,0.0,0.0,0.0,0.0,0.0,0.0,0.0,0.0,43.861902264219935,0.11078103285400687,False,False,False,True,False,0.0,0,0.7163691024458078,0.919037970435731,False,False,False,False,-0.2985392391883393,-0.25626663101073976,False,False,False,False,4318347,5040916.913421606,False,False,False,False,254710.64252308075,False,False,False,False
2022-08-22 00:00:00+00:00,17.3472355612,17.3648112811,17.0396604626,17.2066298018,133782,,,,,,,,,,,,,,,,,,,,,,20.193299205898846,,,,,18.233391750969624,19.579045458815685,"rgba(239, 83, 80, 0.5)",0.0,0.0,2.0333832361949353,19.828528040150008,-1.2202778279972657,0.0,0.0,0.0,0.0,0.0,0.0,0.0,0.0,42.0401001463822,-1.3957256945787861,False,False,False,True,False,0.0,0,0.7332991876620217,0.911631909607605,False,False,False,False,-0.29097105135834045,-0.2736188411845401,False,False,False,False,4452129,5017827.1913266415,False,False,False,False,249968.34281629327,False,False,False,False
2022-08-23 00:00:00+00:00,17.4790534606,17.6372349398,17.2066298018,17.2154176618,299369,,,,,,,,,,,,,,,,,,,,,,20.152499929092833,,,,,18.120372188281657,19.535779570679683,"rgba(239, 83, 80, 1.0)",0.0,0.0,2.0493941855287003,19.785962007145827,-1.1256538946170054,0.0,0.0,0.0,0.0,0.0,0.0,0.0,0.0,41.47780203276121,-1.8745486709234527,False,True,False,True,False,0.0,0,0.7479217186597542,0.8835414148112963,False,False,False,False,-0.25282208176818494,-0.2632204614763625,False,False,False,False,4751498,5007382.9093138315,False,False,False,False,251905.62349016414,False,False,False,False
2022-08-24 00:00:00+00:00,18.1820822574,18.2435972771,17.8832950187,18.1029915177,259354,,,,,,,,,,,,,,,,,,,,,,20.126513502187528,,,,,18.118460776097972,19.511093979552758,"rgba(239, 83, 80, 0.5)",0.0,0.0,2.0568453373421836,19.769411923091873,-0.7717302010383479,0.0,0.0,0.0,0.0,0.0,0.0,0.0,0.0,44.225908832733474,-1.8745486709234527,False,False,False,True,False,0.0,0,0.776961844080821,0.8594121024532173,False,False,False,False,-0.16781083521301074,-0.21551564834468662,False,False,False,False,5010852,5007518.952085839,False,False,False,False,252197.7166866283,False,False,False,False
2022-08-25 00:00:00+00:00,18.7884445946,18.7972324546,18.4105666163,18.4105666163,159545,,,,,,,,,,,,,,,,,,,,,,20.115205329205292,,,,,18.15311842856625,19.502224893580166,#000000,0.0,0.0,2.060629005308514,19.767920597979494,-0.4753286500656855,0.0,0.0,0.0,0.0,0.0,0.0,0.0,0.0,48.23158650076437,-8.73574704370725,True,False,False,False,True,0.0,0,0.7894469776295661,0.8420769342158642,False,False,False,False,-0.09805994237912946,-0.15678779536190804,False,False,False,False,5170397,5013906.3265138455,False,False,False,False,248564.27681656444,False,False,False,False
2022-08-26 00:00:00+00:00,18.252385137,18.6302631153,18.1557186775,18.4632937761,256618,,,,,,,,,,,,,,,,,,,,,,20.09345368908337,,,,,18.170969695977938,19.48304666076439,#000000,0.0,0.0,2.0692875218441307,19.7573195703158,-0.7272717867522902,0.0,0.0,0.0,0.0,0.0,0.0,0.0,0.0,48.80232922267729,-8.169975997194449,True,False,False,False,True,0.0,0,0.7717045543734571,0.8470032332751175,False,False,False,False,-0.11727729537852132,-0.13703254537021467,False,False,False,False,4913779,5009979.764689773,False,False,False,False,248880.1090982678,False,False,False,False
2022-08-29 00:00:00+00:00,19.0432925335,19.148746853,18.6917781351,18.7620810147,240049,,,,,,,,,,,,,,,,,,,,,,20.080579912801166,,,,,18.23390171375543,19.475073691300754,#000000,0.0,0.0,2.071009592177607,19.759836727735202,-0.34598786840082935,0.0,0.0,0.0,0.0,0.0,0.0,0.0,0.0,51.749210110978666,-5.2784459236162675,True,False,False,False,True,0.0,0,0.8079083541302485,0.8157219254044318,False,False,False,False,-0.04742607399813081,-0.09222930968417274,False,False,False,False,5153828,5015620.871956841,False,False,False,False,248533.7910944142,False,False,False,False
2022-08-30 00:00:00+00:00,17.9448100384,18.6213873768,17.9085161768,18.6038995355,184584,,,,,,,,,,,,,,,,,,,,,,20.063917645248516,,,,,18.229536045461572,19.45978077952638,#000000,0.0,0.0,2.082091847697503,19.748822151921804,-0.8664421387158228,0.0,0.0,0.0,0.0,0.0,0.0,0.0,0.0,50.05778203086866,-5.2784459236162675,True,False,False,False,True,0.0,0,0.7953378378468557,0.811293436306317,False,False,False,False,-0.13438673884730215,-0.11330802426573744,False,False,False,False,4969244,5013802.1710957885,False,False,False,False,246025.95614953522,False,False,False,False
2022-08-31 00:00:00+00:00,16.9605697229,17.4087505809,16.951781863,17.2242055217,434493,,,,,,,,,,,,,,,,,,,,,,20.004794884333606,,,,,18.09531205158413,19.397175692609196,"rgba(239, 83, 80, 0.5)",0.0,0.0,2.1014720836581957,19.688892761748022,-1.2982913549337365,0.0,0.0,0.0,0.0,0.0,0.0,0.0,0.0,46.47319610644091,-5.2784459236162675,True,False,False,True,False,0.0,0,0.7716482164910013,0.8676482164935324,False,False,False,False,-0.26771304295566095,-0.1905105336106992,False,False,False,False,4534751,4995015.850660659,False,False,False,False,253416.82061425934,False,False,False,False
2022-09-01 00:00:00+00:00,16.6881460642,16.9034486332,16.503601005,16.8814789833,264392,,,,,,,,,,,,,,,,,,,,,,19.96504931610736,,,,,18.000563097400597,19.35417343775832,"rgba(239, 83, 80, 0.5)",0.0,0.0,2.1187053713447175,19.647244604697683,-1.396654098544894,0.0,0.0,0.0,0.0,0.0,0.0,0.0,0.0,43.48244477621685,0.7036590853304645,False,False,False,True,False,0.0,0,0.7690591535021554,0.8674120346884725,False,False,False,False,-0.34282825441539394,-0.26666939401304657,False,False,False,False,4270359,4966597.934948477,False,False,False,False,253847.219805857,False,False,False,False
2022-09-02 00:00:00+00:00,17.0484483225,17.382387001,16.9781454428,17.382387001,222656,,,,,,,,,,,,,,,,,,,,,,19.936700439318916,,,,,17.953865019212408,19.3248068912404,"rgba(239, 83, 80, 0.5)",0.0,0.0,2.127199874289411,19.620882056657408,-1.2093051364140033,0.0,0.0,0.0,0.0,0.0,0.0,0.0,0.0,42.79203700707659,-0.04895268049470047,False,False,False,True,False,0.0,0,0.7909172661977724,0.8444218910700447,False,False,False,False,-0.2569464071414089,-0.2618079005772277,False,False,False,False,4493015,4948026.055146576,False,False,False,False,252624.03471543125,False,False,False,False
2022-09-06 00:00:00+00:00,16.9693575829,17.2485478938,16.8726911233,17.2329933817,196807,,,,,,,,,,,,,,,,,,,,,,19.911179770837624,,,,,17.911760807775014,19.298261896292452,"rgba(239, 83, 80, 0.5)",0.0,0.0,2.1442895820902037,19.59700269071546,-1.2254152283172934,0.0,0.0,0.0,0.0,0.0,0.0,0.0,0.0,42.12633202083264,-0.9012408687058482,False,False,False,True,False,0.0,0,0.7769627408909837,0.8574329718220511,False,False,False,False,-0.2781089009554865,-0.26995840076635713,False,False,False,False,4296208,4922464.562787887,False,False,False,False,250435.13139325747,False,False,False,False
2022-09-07 00:00:00+00:00,16.4684495652,16.5651160247,16.1872380464,16.3542073857,400396,,,,,,,,,,,,,,,,,,,,,,19.849679709417106,,,,,17.78404935472476,19.231777813065154,"rgba(239, 83, 80, 1.0)",0.0,0.0,2.1599764911590937,19.534465181083135,-1.4194671231064369,0.0,0.0,0.0,0.0,0.0,0.0,0.0,0.0,40.40508997283648,-2.802296278247937,False,True,False,True,False,0.0,0,0.759586264144065,0.8712526773595252,False,False,False,False,-0.34282825441539394,-0.30639332759087556,False,False,False,False,3895812,4882203.677972675,False,False,False,False,256315.94976999247,False,False,False,False
2022-09-08 00:00:00+00:00,16.7247096252,16.807596402,16.5036782205,16.5957746391,277817,,,,,,,,,,,,,,,,,,,,,,19.81152990542704,,,,,17.722577253573473,19.19168322419566,"rgba(239, 83, 80, 1.0)",0.0,0.0,2.170683781623763,19.498439424694336,-1.2778138497075193,0.0,0.0,0.0,0.0,0.0,0.0,0.0,0.0,40.31265009589106,-3.2005869373246725,False,True,False,True,False,0.0,0,0.769677330065878,0.86223223435016,False,False,False,False,-0.29575931573335734,-0.30107632166211645,False,False,False,False,4173629,4854416.435699237,False,False,False,False,257159.12821038492,False,False,False,False
2022-09-09 00:00:00+00:00,17.2312399277,17.2588688533,16.9283348068,16.9825795974,341122,,,,,,,,,,,,,,,,,,,,,,19.77263253028868,,,,,17.685306520901175,19.152860004026227,"rgba(239, 83, 80, 0.5)",0.0,0.0,2.16639305632647,19.46591224343627,-1.031517484424356,0.0,0.0,0.0,0.0,0.0,0.0,0.0,0.0,42.21537912666257,-3.2005869373246725,False,False,False,True,False,0.0,0,0.768505276735078,0.8683677573332412,False,False,False,False,-0.2027421290990008,-0.2519092253805586,False,False,False,False,4514751,4841096.222534561,False,False,False,False,260451.7898491934,False,False,False,False
2022-09-12 00:00:00+00:00,17.5812063186,17.7009316628,17.5075291837,17.553577393,158406,,,,,,,,,,,,,,,,,,,,,,19.758021321360914,,,,,17.682748176701132,19.13930719525711,"rgba(239, 83, 80, 0.5)",0.0,0.0,2.156941598488737,19.45563914055869,-0.8690234465652732,0.0,0.0,0.0,0.0,0.0,0.0,0.0,0.0,44.73615486972255,-3.2005869373246725,False,False,False,True,True,0.0,0,0.7965270625790584,0.8401873307861827,False,False,False,False,-0.0755367444006496,-0.1637229848906041,False,False,False,False,4673157,4834510.37067046,False,False,False,False,256449.99416883287,False,False,False,False
2022-09-13 00:00:00+00:00,16.5589360717,17.1207242254,16.5174926833,16.8628542532,338039,,,,,,,,,,,,,,,,,,,,,,19.715280268670032,,,,,17.627674305370462,19.09539395637953,"rgba(239, 83, 80, 0.5)",0.0,0.0,2.1653874690147545,19.41719996277338,-1.3199780325568633,0.0,0.0,0.0,0.0,0.0,0.0,0.0,0.0,43.38421153860965,-3.2005869373246725,False,False,False,True,True,0.0,0,0.8100536692802717,0.8395840738982383,False,False,False,False,-0.24283219952912977,-0.20327759220986694,False,False,False,False,4335118,4814926.356134363,False,False,False,False,259649.56302495705,False,False,False,False
2022-09-14 00:00:00+00:00,16.7891771183,16.8904831788,16.5405167879,16.6326132066,221325,,,,,,,,,,,,,,,,,,,,,,19.688014796665126,,,,,17.595227564837383,19.067590896338643,"rgba(239, 83, 80, 0.5)",0.0,0.0,2.1523004900786242,19.393048866684968,-1.2098086491119313,0.0,0.0,0.0,0.0,0.0,0.0,0.0,0.0,43.339434519950814,-3.2005869373246725,False,False,False,True,True,0.0,0,0.8244290315170495,0.8361019530485687,False,False,False,False,-0.2657328024215656,-0.23450519731571629,False,False,False,False,4556443,4804789.753933016,False,False,False,False,258146.63898476266,False,False,False,False
2022-09-15 00:00:00+00:00,16.8996928206,17.1115145835,16.7431289089,17.0194181649,213679,,,,,,,,,,,,,,,,,,,,,,19.663722751799572,,,,,17.572145348815262,19.04337040131307,"rgba(239, 83, 80, 0.5)",0.0,0.0,2.124100526299068,19.372487056024525,-1.1641606434385692,0.0,0.0,0.0,0.0,0.0,0.0,0.0,0.0,43.732561057274914,-3.2005869373246725,False,False,False,True,True,0.0,0,0.8515573490661978,0.8107363834010297,False,False,False,False,-0.21917723875744366,-0.22684121803657997,False,False,False,False,4770122,4803430.234170937,False,False,False,False,256402.81000496805,False,False,False,False
2022-09-16 00:00:00+00:00,16.2458082483,16.4852589367,16.0381308242,16.3931625181,265728,,,,,,,,,,,,,,,,,,,,,,19.62696258113442,,,,,17.518635837797248,19.00485678105721,"rgba(239, 83, 80, 0.5)",0.0,0.0,2.1047911022411108,19.338032738483914,-1.4691360519775174,0.0,0.0,0.0,0.0,0.0,0.0,0.0,0.0,42.10943802115604,-3.2005869373246725,False,False,False,True,True,0.0,0,0.8087302698000117,0.8377706650747382,False,False,False,False,-0.34282825441539394,-0.284834736225987,False,False,False,False,4504394,4791703.323026979,False,False,False,False,256768.50373026344,False,False,False,False
2022-09-19 00:00:00+00:00,16.4852589367,16.5036782205,15.9971479179,15.9971479179,212880,,,,,,,,,,,,,,,,,,,,,,19.598700109989487,,,,,17.481090333323813,18.975553907282485,"rgba(239, 83, 80, 0.5)",0.0,0.0,2.0830838517675714,19.312090769494333,-1.357041787058003,0.0,0.0,0.0,0.0,0.0,0.0,0.0,0.0,42.01944724671571,-3.2005869373246725,False,False,False,True,True,0.0,0,0.8163725968164551,0.8354345915495501,False,False,False,False,-0.34282825441539394,-0.31383149532069043,False,False,False,False,4717274,4788784.526045529,False,False,False,False,255047.3859369198,False,False,False,False
2022-09-20 00:00:00+00:00,16.199760039,16.3102757413,16.0524057691,16.2734371739,175388,,,,,,,,,,,,,,,,,,,,,,19.57478657924637,,,,,17.448314370432094,18.950627092204563,"rgba(239, 83, 80, 1.0)",0.0,0.0,2.0208152172678555,19.28991479031653,-1.529162451327154,0.0,0.0,0.0,0.0,0.0,0.0,0.0,0.0,41.12243268037096,-4.259681273295975,False,True,False,True,False,0.0,0,0.8303349729979036,0.8320572547803715,False,False,False,False,-0.34282825441539394,-0.3283298748680422,False,False,False,False,4541886,4779102.230906488,False,False,False,False,251923.48844919747,False,False,False,False
2022-09-21 00:00:00+00:00,16.3194853832,16.8536446113,16.3010660995,16.807596402,262739,,,,,,,,,,,,,,,,,,,,,,19.542742351158715,,,,,17.41332213566131,18.918125241014646,"rgba(239, 83, 80, 1.0)",0.0,0.0,1.965628466328907,19.261683499147534,-1.4968231109526566,0.0,0.0,0.0,0.0,0.0,0.0,0.0,0.0,41.06923889640782,-4.6216506964387065,False,True,False,True,False,0.0,0,0.8465391674807079,0.8093203997519092,False,False,False,False,-0.2555856505948703,-0.29195776273145624,False,False,False,False,4804625,4780103.123812117,False,False,False,False,252347.62615707208,False,False,False,False
2022-09-22 00:00:00+00:00,16.4484203693,16.7615481927,16.3194853832,16.5865649973,225181,,,,,,,,,,,,,,,,,,,,,,19.51596674432438,,,,,17.38586638542948,18.891151777873382,"rgba(239, 83, 80, 1.0)",0.0,0.0,1.8736372562870667,19.2383450743992,-1.4890420735056866,0.0,0.0,0.0,0.0,0.0,0.0,0.0,0.0,41.64236548089447,-4.6216506964387065,False,True,False,True,False,0.0,0,0.8677630896316658,0.8023753061370479,False,False,False,False,-0.26352414259604007,-0.27774095266374815,False,False,False,False,5029806,4789895.393466543,False,False,False,False,251282.26826855945,False,False,False,False
2022-09-23 00:00:00+00:00,15.0485548059,15.5090368992,14.9380391036,15.5090368992,323047,,,,,,,,,,,,,,,,,,,,,,19.461552750353594,,,,,17.293100897676748,18.832230509049865,"rgba(239, 83, 80, 1.0)",0.0,0.0,1.7976030904631533,19.184341272233358,-2.300722828234441,0.0,0.0,0.0,0.0,0.0,0.0,0.0,0.0,38.177438371262156,-7.821678956775898,False,True,False,True,False,0.0,0,0.8775583077177136,0.8051601271182464,False,False,False,False,-0.34282825441539394,-0.31028460353957105,False,False,False,False,4706759,4786635.142742366,False,False,False,False,254096.571473714,False,False,False,False
2022-09-26 00:00:00+00:00,14.6525402058,15.2327476432,14.6341209221,15.0209258804,463365,,,,,,,,,,,,,,,,,,,,,,19.380103342173314,,,,,17.15441242425058,18.743680270346317,"rgba(239, 83, 80, 1.0)",0.0,0.0,1.7197762311926472,19.103226917063807,-2.58794523993235,0.0,0.0,0.0,0.0,0.0,0.0,0.0,0.0,35.06094553713554,-10.804782493794306,False,True,False,True,False,0.0,0,0.8528486205184138,0.8283130087445112,False,False,False,False,-0.34282825441539394,-0.3265564289774825,False,False,False,False,4243394,4765331.568517175,False,False,False,False,262303.1765139605,False,False,False,False
2022-09-27 00:00:00+00:00,15.0485548059,15.3708922712,14.9196198198,15.2051187176,439423,,,,,,,,,,,,,,,,,,,,,,19.309962045228982,,,,,17.05054112659344,18.6688878515236,"rgba(239, 83, 80, 1.0)",0.0,0.0,1.6571019339039699,19.03579162809315,-2.406150605834857,0.0,0.0,0.0,0.0,0.0,0.0,0.0,0.0,34.84542056048279,-11.024556487430566,False,True,False,True,False,0.0,0,0.8447550591799217,0.8354605679685082,False,False,False,False,-0.30851069090026506,-0.3175335599388738,False,False,False,False,4682817,4762095.703085128,False,False,False,False,269249.05194478563,False,False,False,False
2022-09-28 00:00:00+00:00,15.1222319409,15.177489792,14.8275234012,14.9380391036,470450,,,,,,,,,,,,,,,,,,,,,,19.236158796532163,,,,,16.946799089869767,18.59063265682822,"rgba(239, 83, 80, 1.0)",0.0,0.0,1.6138104118214458,18.965539733672394,-2.381511337775172,0.0,0.0,0.0,0.0,0.0,0.0,0.0,0.0,35.0473615602649,-11.024556487430566,False,True,False,True,False,0.0,0,0.8385404671179268,0.8540818405616822,False,False,False,False,-0.3315556638651929,-0.3245446119020333,False,False,False,False,5153267,4777435.753944536,False,False,False,False,277139.2852018529,False,False,False,False
2022-09-29 00:00:00+00:00,14.8827812524,14.910410178,14.4130895173,14.8643619687,340487,,,,,,,,,,,,,,,,,,,,,,19.18052160005465,,,,,16.867096801363783,18.531349253991127,"rgba(239, 83, 80, 1.0)",0.0,0.0,1.5974453937804516,18.61383045507544,-2.3356348938136073,0.0,0.0,0.0,0.0,0.0,0.0,0.0,0.0,34.54983052357683,-11.561483713343087,False,True,False,True,False,0.0,0,0.8221863528673382,0.8563033408990892,False,False,False,False,-0.34282825441539394,-0.3336864331587136,False,False,False,False,4812780,4778821.802809456,False,False,False,False,279623.5093115842,False,False,False,False
2022-09-30 00:00:00+00:00,14.505185936,14.8551523268,14.4407184429,14.5420245034,347475,,,,,,,,,,,,,,,,,,,,,,19.123460243800846,,,,,16.786679916397784,18.47061288643323,"rgba(239, 83, 80, 1.0)",0.0,0.0,1.5952693718890227,18.558223412413106,-2.5406602469987507,0.0,0.0,0.0,0.0,0.0,0.0,0.0,0.0,33.26838367069831,-12.941726293870289,False,True,False,True,False,0.0,0,0.8240140880165816,0.8598416055666632,False,False,False,False,-0.34282825441539394,-0.33825734378705374,False,False,False,False,4465305,4766527.026228693,False,False,False,False,282284.35208367894,False,False,False,False
2022-10-03 00:00:00+00:00,15.3893115549,15.5274561829,15.1314415827,15.2972151363,355466,,,,,,,,,,,,,,,,,,,,,,19.075965726385075,,,,,16.73634409616834,18.422046833325176,"rgba(239, 83, 80, 0.75)",0.0,0.0,1.5502689216181267,18.535121475988408,-2.0292027255535126,0.0,0.0,0.0,0.0,0.0,0.0,0.0,0.0,36.55922703042686,-12.941726293870289,False,True,False,True,True,0.0,0,0.8261333354540827,0.8453268261828772,False,False,False,False,-0.2409908142749264,-0.2896240790309901,False,False,False,False,4820771,4768654.240886392,False,False,False,False,285154.220629417,False,False,False,False
2022-10-04 00:00:00+00:00,16.1905503971,16.3655335925,15.8313743644,15.8958418574,384423,,,,,,,,,,,,,,,,,,,,,,19.036399179863032,,,,,16.714186191277783,18.384101547711033,"rgba(239, 83, 80, 0.75)",0.0,0.0,1.524807106567485,18.528724510545533,-1.5334228856717682,0.0,0.0,0.0,0.0,0.0,0.0,0.0,0.0,41.629231431702124,-12.64514104602435,False,True,False,True,True,0.0,0,0.8340766253973826,0.843221620023037,False,False,False,False,-0.13160517708829156,-0.21061462805964082,False,False,False,False,5205194,4785773.447126141,False,False,False,False,289047.11393806734,False,False,False,False
2022-10-05 00:00:00+00:00,15.9418900668,16.0247768435,15.7484875876,15.8774225737,335644,,,,,,,,,,,,,,,,,,,,,,19.00011521848981,,,,,16.689201621002645,18.348791495441418,"rgba(239, 83, 80, 0.5)",0.0,0.0,1.5129058592825435,18.50954482431576,-1.6971675678045197,0.0,0.0,0.0,0.0,0.0,0.0,0.0,0.0,44.15931137060734,-10.47392434088129,False,False,False,True,True,0.0,0,0.8417908118947832,0.8456406287272201,False,False,False,False,-0.1613176705163441,-0.18596614928799246,False,False,False,False,4869550,4789058.802140802,False,False,False,False,290874.4428032412,False,False,False,False
2022-10-06 00:00:00+00:00,15.923470783,16.1076636203,15.7945357969,15.9695189924,227601,,,,,,,,,,,,,,,,,,,,,,18.976272868931265,,,,,16.673874928674188,18.325766892194363,#000000,0.0,0.0,1.4568854498574797,18.495812876616725,-1.7656447141183023,0.0,0.0,0.0,0.0,0.0,0.0,0.0,0.0,45.780452413027476,-9.108387972345199,False,False,False,False,True,0.0,0,0.8371419615148586,0.8667668961750564,False,False,False,False,-0.15224717412418956,-0.169106661706091,False,False,False,False,4641949,4783289.790292144,False,False,False,False,288393.13132076117,False,False,False,False
2022-10-07 00:00:00+00:00,16.2089696808,16.3467459231,15.9695189924,16.0247768435,277858,,,,,,,,,,,,,,,,,,,,,,18.949863518287177,,,,,16.66169122815909,18.300940267836207,#000000,0.0,0.0,1.4419086874425755,18.482600624966924,-1.5768203381862715,0.0,0.0,0.0,0.0,0.0,0.0,0.0,0.0,47.94537844170972,-7.165574569990042,True,False,False,False,True,0.0,0,0.8317755077564758,0.8614333802837943,False,False,False,False,-0.12327775972581356,-0.1461922107159523,False,False,False,False,4919807,4788643.406359118,False,False,False,False,287979.9889160255,False,False,False,False
2022-10-10 00:00:00+00:00,15.7300683039,16.1813407552,15.7116490202,16.1537118296,204708,,,,,,,,,,,,,,,,,,,,,,18.92864878976889,,,,,16.64777302686566,18.28047722879732,#000000,0.0,0.0,1.4399331616170228,18.468162282928514,-1.9015424132281786,0.0,0.0,0.0,0.0,0.0,0.0,0.0,0.0,47.5533344659111,-7.165574569990042,True,False,False,False,True,0.0,0,0.827754100783764,0.8578579311305353,False,False,False,False,-0.15289422569074698,-0.14954321820334965,False,False,False,False,4715099,4785759.311992094,False,False,False,False,284714.4207232402,False,False,False,False
2022-10-11 00:00:00+00:00,15.5735043922,15.8958418574,15.4721983317,15.6840200946,196911,,,,,,,,,,,,,,,,,,,,,,18.90701904796729,,,,,16.63104322409184,18.259288723493217,#000000,0.0,0.0,1.4220590997755176,18.451402487756322,-2.023754213879451,0.0,0.0,0.0,0.0,0.0,0.0,0.0,0.0,46.72302663893494,-7.165574569990042,False,False,False,False,True,0.0,0,0.8335716197823003,0.8630497729556614,False,False,False,False,-0.19000438227262503,-0.16977380023798733,False,False,False,False,4518188,4775266.319364953,False,False,False,False,281271.1493223288,False,False,False,False
2022-10-12 00:00:00+00:00,15.5919236759,15.6471815271,15.4353597642,15.5458754666,209423,,,,,,,,,,,,,,,,,,,,,,18.883705881934382,,,,,16.612298114164982,18.23636947125815,#000000,0.0,0.0,1.3973966411647707,18.43265587395324,-2.0328746430114557,0.0,0.0,0.0,0.0,0.0,0.0,0.0,0.0,46.255569050814145,-7.165574569990042,False,False,False,False,True,0.0,0,0.8472287223952305,0.863966922398439,False,False,False,False,-0.21039992564911716,-0.19008686294355226,False,False,False,False,4727611,4773397.483311426,False,False,False,False,278453.57483910024,False,False,False,False
2022-10-13 00:00:00+00:00,16.2273889646,16.3286950251,15.5366658247,15.6195526015,227827,,,,,,,,,,,,,,,,,,,,,,18.862263274210974,,,,,16.60145389322744,18.21619777151113,#000000,0.0,0.0,1.369652095849515,18.41885594276942,-1.6000172487672357,0.0,0.0,0.0,0.0,0.0,0.0,0.0,0.0,48.703133057769364,-6.250534811830093,True,False,False,False,True,0.0,0,0.8523783167903768,0.8451863596576248,False,False,False,False,-0.15483614510082128,-0.17246150402218677,False,False,False,False,4955438,4780536.327103135,False,False,False,False,276468.21896305715,False,False,False,False
2022-10-14 00:00:00+00:00,15.3248440619,16.0708250529,15.2787958525,16.061615411,191176,,,,,,,,,,,,,,,,,,,,,,18.84155424305881,,,,,16.58537599726731,18.195952928279436,#000000,0.0,0.0,1.3458129848729177,18.40210388703154,-2.28654342001472,0.0,0.0,0.0,0.0,0.0,0.0,0.0,0.0,46.917545868468544,-6.250534811830093,False,False,False,False,True,0.0,0,0.8373064249794393,0.8533884744326534,False,False,False,False,-0.1913153465944162,-0.1818884253083015,False,False,False,False,4764262,4779898.11819713,False,False,False,False,273123.4260625451,False,False,False,False
2022-10-17 00:00:00+00:00,16.0984539785,16.2273889646,15.9326804249,15.9787286342,206333,,,,,,,,,,,,,,,,,,,,,,18.823040494036903,,,,,16.577208899738256,18.17875131453123,#000000,0.0,0.0,1.3100097891893014,18.390277449798898,-1.7494704926725706,0.0,0.0,0.0,0.0,0.0,0.0,0.0,0.0,48.61249701838849,-6.250534811830093,True,False,False,False,True,0.0,0,0.853216601890492,0.8310061969582758,False,False,False,False,-0.13417898395086525,-0.15803370462958338,False,False,False,False,4970595,4787376.427287439,False,False,False,False,270504.1936679355,False,False,False,False
2022-10-18 00:00:00+00:00,15.9603093505,16.1721311134,15.7438827667,16.0984539785,167726,,,,,,,,,,,,,,,,,,,,,,18.8074811122169,,,,,16.569092198704706,18.1641348073704,#000000,0.0,0.0,1.3030580711561313,18.37948486634242,-1.8565369950826673,0.0,0.0,0.0,0.0,0.0,0.0,0.0,0.0,49.23739000582625,-5.621659509567436,True,False,False,False,True,0.0,0,0.8274831616198823,0.8448088667308463,False,False,False,False,-0.15127683373652753,-0.15465526918305544,False,False,False,False,4802869,4787983.97915852,False,False,False,False,266473.67626919295,False,False,False,False
2022-10-19 00:00:00+00:00,15.8774225737,15.9695189924,15.6195526015,15.6932297364,115217,,,,,,,,,,,,,,,,,,,,,,18.796382519386288,,,,,16.562418255450027,18.153590140898263,#000000,0.0,0.0,1.3051053722987864,18.37126003052673,-1.9108322666959336,0.0,0.0,0.0,0.0,0.0,0.0,0.0,0.0,49.33645552894784,-5.336062678736127,True,False,False,False,True,0.0,0,0.8206558956186708,0.8580883826527057,False,False,False,False,-0.17432171021024814,-0.1644884896966518,False,False,False,False,4687652,4784049.391740538,False,False,False,False,260542.04190569517,False,False,False,False
2022-10-20 00:00:00+00:00,14.3854605917,14.9840873129,14.3553450628,14.5328148616,393478,,,,,,,,,,,,,,,,,,,,,,18.743457558340353,,,,,16.503567657484652,18.09939696393853,"rgba(239, 83, 80, 0.5)",0.0,0.0,1.341639542642796,18.318732817253668,-2.9316907414683144,0.0,0.0,0.0,0.0,0.0,0.0,0.0,0.0,44.911722205138844,-5.336062678736127,False,False,False,True,False,0.0,0,0.7940818372756713,0.8783003033220945,False,False,False,False,-0.3394760995748548,-0.2519822946357533,False,False,False,False,4294174,4764838.592064439,False,False,False,False,265755.2167329228,False,False,False,False
2022-10-21 00:00:00+00:00,15.0761837315,15.0853933734,14.3854605917,14.4959762941,204532,,,,,,,,,,,,,,,,,,,,,,18.71824206501883,,,,,16.478486815009283,18.074010711193843,"rgba(239, 83, 80, 0.5)",0.0,0.0,1.3282428029006805,18.295235669019238,-2.423541788059621,0.0,0.0,0.0,0.0,0.0,0.0,0.0,0.0,44.55472564828892,-0.6904653130678824,False,False,False,True,False,0.0,0,0.793031360300624,0.888516489663979,False,False,False,False,-0.32940697218156184,-0.29069463340865753,False,False,False,False,4498706,4754402.019826618,False,False,False,False,263354.3062728082,False,False,False,False
2022-10-24 00:00:00+00:00,14.9472487454,15.0301355222,14.8459426849,14.9472487454,159621,,,,,,,,,,,,,,,,,,,,,,18.699252108382613,,,,,16.460512073430614,18.055030532199194,"rgba(239, 83, 80, 0.5)",0.0,0.0,1.321845759811152,18.27797611538624,-2.519754930001888,0.0,0.0,0.0,0.0,0.0,0.0,0.0,0.0,43.96057399117663,-1.3860081548520213,False,False,False,True,False,0.0,0,0.7992617641844687,0.902205587758126,False,False,False,False,-0.2972847273802708,-0.29398968039446416,False,False,False,False,4339085,4738115.077872634,False,False,False,False,259286.33347779608,False,False,False,False
2022-10-25 00:00:00+00:00,15.3616826293,15.5642947503,15.2051187176,15.2603765688,214658,,,,,,,,,,,,,,,,,,,,,,18.676941022900593,,,,,16.443740080744686,18.03338855444272,"rgba(239, 83, 80, 0.5)",0.0,0.0,1.316099544515322,18.25965191465865,-2.2019377618019624,0.0,0.0,0.0,0.0,0.0,0.0,0.0,0.0,45.077844761672395,-1.3860081548520213,False,False,False,True,False,0.0,0,0.8184426521091542,0.8873190848604406,False,False,False,False,-0.2293701718896329,-0.26167992614204855,False,False,False,False,4553743,4730884.8003090015,False,False,False,False,257536.20275317665,False,False,False,False
2022-10-26 00:00:00+00:00,15.9142611412,16.0754298738,15.656391169,15.656391169,235899,,,,,,,,,,,,,,,,,,,,,,18.656464968230225,,,,,16.434344337596855,18.014450341933745,#000000,0.0,0.0,1.3062766988858923,18.245394188714382,-1.7845629869250341,0.0,0.0,0.0,0.0,0.0,0.0,0.0,0.0,47.6532186416051,-1.3860081548520213,True,False,False,False,True,0.0,1,0.8189786901357533,0.8700478791949776,False,False,False,False,-0.14280703616431542,-0.20224348115318197,False,False,False,False,4789642,4733189.004218453,False,False,False,False,256687.6849981501,False,False,False,False
2022-10-27 00:00:00+00:00,16.061615411,16.40237216,16.0247768435,16.0524057691,128769,,,,,,,,,,,,,,,,,,,,,,18.646532739012446,,,,,16.431888491437963,18.005595934498317,#000000,0.0,0.0,1.303799502085773,18.100893402643404,-1.5641039810040116,0.0,0.0,0.0,0.0,0.0,0.0,0.0,0.0,49.83685340632085,-4.789514179170496,True,False,False,False,True,0.0,1,0.8342993831214294,0.8453015596362503,False,False,False,False,-0.08836535980357758,-0.14530442047837977,False,False,False,False,4918411,4740452.61189616,False,False,False,False,251671.2659786148,False,False,False,False
2022-10-28 00:00:00+00:00,16.061615411,16.2365986064,15.9510997086,16.1905503971,211499,,,,,,,,,,,,,,,,,,,,,,18.629871168893793,,,,,16.42678107166782,17.990613150854713,#000000,0.0,0.0,1.307788848028769,18.087558131829248,-1.5491359510237102,0.0,0.0,0.0,0.0,0.0,0.0,0.0,0.0,51.292609916131354,-3.371843329345218,True,False,False,False,True,0.0,1,0.8346465725386498,0.8450956791200344,False,False,False,False,-0.10703847746781597,-0.12617144897309787,False,False,False,False,4918411,4747431.372213958,False,False,False,False,250095.8829990613,False,False,False,False
2022-10-31 00:00:00+00:00,15.4998272573,15.6287622434,15.3524729875,15.3616826293,142165,,,,,,,,,,,,,,,,,,,,,,18.61622887669757,,,,,16.417686111628075,17.977601004120437,#000000,0.0,0.0,1.3175834632309822,18.065172784865528,-1.9470079878467659,0.0,0.0,0.0,0.0,0.0,0.0,0.0,0.0,50.08805234154998,-3.371843329345218,True,False,False,False,True,0.0,1,0.8353717740221721,0.8441831644225473,False,False,False,False,-0.2025453740957,-0.16435841153439895,False,False,False,False,4776246,4748561.357617333,False,False,False,False,245863.2993520393,False,False,False,False
2022-11-01 00:00:00+00:00,14.5236052197,14.6064919965,14.2473159638,14.4821618313,438949,,,,,,,,,,,,,,,,,,,,,,18.561135091767802,,,,,16.36046531235724,17.92188429935481,"rgba(239, 83, 80, 0.5)",0.0,0.0,1.3443167288092177,17.969256050800695,-2.5631242677109416,0.0,0.0,0.0,0.0,0.0,0.0,0.0,0.0,46.31203525478268,1.1570218237219123,True,False,False,True,False,0.0,0,0.8247135845983845,0.8529000723224024,False,False,False,False,-0.34282825441539394,-0.25359333297489645,False,False,False,False,4337297,4732433.343593123,False,False,False,False,253435.28761274362,False,False,False,False
2022-11-02 00:00:00+00:00,14.3578316661,14.9380391036,14.3578316661,14.5788630709,440803,,,,,,,,,,,,,,,,,,,,,,18.5084684885192,,,,,16.308896682961972,17.869121896289602,"rgba(239, 83, 80, 1.0)",0.0,0.0,1.3688331841231263,17.908872761579296,-2.5942102636517332,0.0,0.0,0.0,0.0,0.0,0.0,0.0,0.0,43.35848377018378,-1.5577102083123222,False,True,False,True,False,0.0,0,0.8237841596039743,0.8517589214572127,False,False,False,False,-0.3068120683384237,-0.2802027006566601,False,False,False,False,3896494,4699651.408550256,False,False,False,False,260783.04103969486,False,False,False,False
2022-11-03 00:00:00+00:00,14.1736388289,14.3163882778,14.0354942009,14.1091713358,370519,,,,,,,,,,,,,,,,,,,,,,18.461151454716568,,,,,16.258972244830453,17.82114958818329,"rgba(239, 83, 80, 1.0)",-1.0,12.160957,1.3964984981505517,17.62463363764167,-2.4711768851251774,0.0,0.0,0.0,0.0,0.0,0.0,0.0,0.0,40.89472266454909,-3.791527880349321,False,True,False,True,False,0.0,0,0.8041093219336921,0.8839602628138076,True,False,False,False,-0.34282825441539394,-0.31151547753602704,False,False,False,False,3525975,4653624.882724756,False,False,False,False,265086.4119793147,True,False,False,False
2022-11-04 00:00:00+00:00,15.7024393783,15.7945357969,15.1959090758,15.3064247781,345111,,,,,,,,,,,,,,,,,,,,,,18.431985252596938,,,,,16.24415581215782,17.79417654286108,"rgba(239, 83, 80, 0.5)",0.0,0.0,1.3941548101023489,17.654945476695687,-1.400494467506337,0.0,0.0,0.0,0.0,0.0,0.0,0.0,0.0,44.923114498494876,-3.791527880349321,False,False,False,True,True,0.0,0,0.8052085790916128,0.878626576015788,False,False,False,False,-0.1475310593281941,-0.22952326843211057,False,False,False,False,3871086,4622937.083402217,False,False,False,False,268224.6311173808,False,False,False,False
2022-11-07 00:00:00+00:00,15.9418900668,16.0247768435,15.7761165132,15.9971479179,344676,,,,,,,,,,,,,,,,,,,,,,18.406920235964808,,,,,16.237275091235663,17.77200154306404,#000000,0.0,0.0,1.391402128004335,17.67050903194022,-1.242357568921898,0.0,0.0,0.0,0.0,0.0,0.0,0.0,0.0,48.29475418053516,-7.731991276477977,True,False,False,False,True,0.0,0,0.8314173500800093,0.867937464813382,False,False,False,False,-0.090342689790355,-0.15993297911123278,False,False,False,False,4215762,4606969.433072719,False,False,False,False,271222.7240147384,False,False,False,False
2022-11-08 00:00:00+00:00,15.9326804249,16.0431961273,15.7576972295,15.8221647225,205315,,,,,,,,,,,,,,,,,,,,,,18.39220730941623,,,,,16.23327347877212,17.759017911581296,#000000,0.0,0.0,1.3807833442275548,17.673098949959176,-1.2604573572929436,0.0,0.0,0.0,0.0,0.0,0.0,0.0,0.0,50.50860240192682,-5.788844348304892,True,False,False,False,True,0.0,0,0.824638398280271,0.8908096033640198,False,False,False,False,-0.05169662116461466,-0.10581480013792371,False,False,False,False,4010447,4583576.396481632,False,False,False,False,268638.1073867094,False,False,False,False
2022-11-09 00:00:00+00:00,15.4814079736,15.85900329,15.453779048,15.6748104527,244091,,,,,,,,,,,,,,,,,,,,,,18.37276050225608,,,,,16.224139418087574,17.74123990338777,#000000,0.0,0.0,1.3796202601300587,17.665574021724957,-1.5831646658472915,0.0,0.0,0.0,0.0,0.0,0.0,0.0,0.0,50.32534954894251,-5.788844348304892,True,False,False,False,True,0.0,0,0.8427828912409381,0.8886976079656603,False,False,False,False,-0.04502032597779207,-0.07541756305785789,False,False,False,False,3766356,4551528.537796078,False,False,False,False,267675.4757244855,False,False,False,False
2022-11-10 00:00:00+00:00,16.0063575598,16.0063575598,15.720858662,15.7945357969,273257,,,,,,,,,,,,,,,,,,,,,,18.35372955289695,,,,,16.219181458729384,17.724539070666523,#000000,0.0,0.0,1.3612492056033278,17.663440424327185,-1.2173251287906075,0.0,0.0,0.0,0.0,0.0,0.0,0.0,0.0,51.936131190428135,-4.367833293309168,True,False,False,False,True,0.0,0,0.8571914121321955,0.8527656393331284,False,False,False,False,-0.005097434427283248,-0.04025749874257057,False,False,False,False,4039613,4531453.418666821,False,False,False,False,267894.3590294077,False,False,False,False
2022-11-11 00:00:00+00:00,16.5865649973,16.7431289089,16.2273889646,16.2458082483,383046,,,,,,,,,,,,,,,,,,,,,,18.334059197044386,,,,,16.22569578348569,17.709312363563168,"rgba(38, 166, 154, 1.0)",1.0,14.782295,1.34035117042916,17.60758797984855,-0.7617578177080528,0.0,0.0,0.0,0.0,0.0,0.0,0.0,0.0,54.68626749452275,-1.656618174479263,True,False,True,False,True,0.0,0,0.880626850364962,0.8233082564131867,False,False,False,True,0.11508565676341488,0.03741407901042215,False,False,False,False,4422659,4527186.970875965,False,False,False,False,272410.1096557054,False,False,False,False
2022-11-14 00:00:00+00:00,16.0984539785,16.3379046669,16.061615411,16.1537118296,221686,,,,,,,,,,,,,,,,,,,,,,18.320689533445567,,,,,16.224954407992005,17.698112439426655,"rgba(38, 166, 154, 1.0)",0.0,0.0,1.3228802087932257,17.598700479732905,-1.1340758530218533,0.0,0.0,0.0,0.0,0.0,0.0,0.0,0.0,54.63341900981146,-1.564708031878041,True,False,True,False,True,0.0,0,0.8607522626433025,0.8472595218648824,False,False,False,False,0.05968796300867317,0.04855102100954766,False,False,False,False,4200973,4514394.266135732,False,False,False,False,270420.9288848934,False,False,False,False
2022-11-15 00:00:00+00:00,16.1537118296,16.3148805623,16.0938491575,16.2826468157,210962,,,,,,,,,,,,,,,,,,,,,,18.308244219398222,,,,,16.224516760380734,17.687751610079893,"rgba(38, 166, 154, 1.0)",0.0,0.0,1.3092969454810854,17.594004746113157,-1.1000506199026836,0.0,0.0,0.0,0.0,0.0,0.0,0.0,0.0,54.77360080903058,-1.1635110291354493,True,False,True,False,True,0.0,0,0.8644983681768572,0.8429219916791529,False,False,False,False,0.060577673465691005,0.05456434723761933,False,False,False,False,4411935,4510376.255699037,False,False,False,False,268089.2061835251,False,False,False,False
2022-11-16 00:00:00+00:00,15.8774225737,16.0431961273,15.8129550807,15.9971479179,175826,,,,,,,,,,,,,,,,,,,,,,18.296645171510715,,,,,16.221496366712525,17.67765398591458,"rgba(38, 166, 154, 1.0)",0.0,0.0,1.3069385932832636,17.58463530011681,-1.3062685080926288,0.0,0.0,0.0,0.0,0.0,0.0,0.0,0.0,53.768883800215015,-1.1635110291354493,True,False,True,False,True,0.0,0,0.8685769418807182,0.8367911411809212,False,False,False,False,0.0073137538777541585,0.030939050557686747,False,False,False,False,4236109,4499620.677044173,False,False,False,False,264471.0412351516,False,False,False,False
2022-11-17 00:00:00+00:00,15.9510997086,15.9787286342,15.6840200946,15.7300683039,202442,,,,,,,,,,,,,,,,,,,,,,18.283207439757128,,,,,16.217652001961973,17.6659095840752,"rgba(38, 166, 154, 1.0)",0.0,0.0,1.3025848191414824,17.57441593907913,-1.246226891811191,0.0,0.0,0.0,0.0,0.0,0.0,0.0,0.0,53.376467056629515,-1.1635110291354493,True,False,True,False,True,0.0,0,0.8549443451719635,0.8477671672903441,False,False,False,False,-0.011303378516072708,0.00981783602080702,False,False,False,False,4438551,4497225.787748323,False,False,False,False,262038.52981416526,False,False,False,False
2022-11-18 00:00:00+00:00,15.8313743644,15.9142611412,15.720858662,15.8774225737,145935,,,,,,,,,,,,,,,,,,,,,,18.273417134986087,,,,,16.214547014300948,17.657308506817795,"rgba(38, 166, 154, 1.0)",0.0,0.0,1.2968522030600045,17.566970551230266,-1.3383145610078138,0.0,0.0,0.0,0.0,0.0,0.0,0.0,0.0,52.59046030944244,-1.1635110291354493,True,False,True,False,True,0.0,0,0.8461686197446536,0.8608350506794376,False,False,False,False,-0.013963307511814387,-0.002072735745503684,False,False,False,False,4292616,4489201.87450329,False,False,False,False,257485.4502136098,False,False,False,False
2022-11-21 00:00:00+00:00,15.6103429597,15.6748104527,15.2327476432,15.5919236759,204865,,,,,,,,,,,,,,,,,,,,,,18.258048100323098,,,,,16.20682262388904,17.6433115102037,#000000,0.0,0.0,1.2912961783533672,17.55099556533171,-1.5028717951495745,0.0,0.0,0.0,0.0,0.0,0.0,0.0,0.0,51.092546769825454,-1.1635110291354493,True,False,False,False,False,0.0,0,0.8186250106159711,0.8714438359947715,False,False,False,False,-0.023477126881292446,-0.012774931313398064,False,False,False,False,4087751,4473458.702954141,False,False,False,False,255421.9031464094,False,False,False,False
2022-11-22 00:00:00+00:00,16.1168732622,16.1168732622,15.8774225737,15.9142611412,222166,,,,,,,,,,,,,,,,,,,,,,18.24475225770023,,,,,16.204839122623813,17.63205778242062,#000000,0.0,0.0,1.2764182694479063,17.54583645303795,-1.119510136325474,0.0,0.0,0.0,0.0,0.0,0.0,0.0,0.0,52.27649785590529,-1.1635110291354493,True,False,False,False,False,0.0,0,0.850639190043043,0.8548138710877694,False,False,False,False,0.10727995236890724,0.04725251052775459,False,False,False,False,4309917,4467045.302838293,False,False,False,False,254117.75008184434,False,False,False,False
2022-11-23 00:00:00+00:00,16.5957746391,16.6095891019,16.4392107274,16.466839653,163239,,,,,,,,,,,,,,,,,,,,,,18.237322432927265,,,,,16.207761626434174,17.626506747562356,"rgba(38, 166, 154, 1.0)",0.0,0.0,1.257909060284431,17.549101937504165,-0.7578666284418084,0.0,0.0,0.0,0.0,0.0,0.0,0.0,0.0,54.819263877463904,0.21092842604551976,True,False,True,False,True,0.0,0,0.8585840555402863,0.8421188694244968,False,False,False,False,0.237726576813623,0.14248954367068878,False,False,False,True,4473156,4467284.938021105,False,False,False,False,250553.87752961516,False,False,False,False
2022-11-25 00:00:00+00:00,15.8774225737,15.9603093505,15.8497936481,15.9050514993,97164,,,,,,,,,,,,,,,,,,,,,,18.23123477040149,,,,,16.20618929295669,17.621246928871372,"rgba(38, 166, 154, 1.0)",0.0,0.0,1.2246310724110996,17.545429767901144,-1.362048727799392,0.0,0.0,0.0,0.0,0.0,0.0,0.0,0.0,53.306949669472765,0.21092842604551976,True,False,True,False,True,0.0,0,0.8448460313354145,0.8518363178937055,False,False,False,False,0.1462593615037273,0.14437445258720805,False,False,False,False,4375992,4463704.822804591,False,False,False,False,244538.5882147283,False,False,False,False
2022-11-28 00:00:00+00:00,15.2327476432,15.7346731248,15.1406512246,15.6379718852,574800,,,,,,,,,,,,,,,,,,,,,,18.187884323187713,,,,,16.181957256529405,17.581474933832077,#000000,0.0,0.0,1.186639971984616,17.50237640755756,-1.9126515353782334,0.0,0.0,0.0,0.0,0.0,0.0,0.0,0.0,50.004742103904555,4.699463186052853,True,False,False,False,False,0.0,0,0.8436093300288382,0.8469510762370954,False,False,False,False,0.016770493369158847,0.08057247297818344,False,False,False,False,3801192,4437723.927792647,False,False,False,False,257490.0161278762,False,False,False,False
2022-11-29 00:00:00+00:00,15.5827140341,15.9418900668,15.4353597642,15.6656008108,698496,,,,,,,,,,,,,,,,,,,,,,18.142073160455336,,,,,16.163987749874444,17.54096171813231,#000000,0.0,0.0,1.1255572906145637,17.46980434075144,-1.6765830779000808,0.0,0.0,0.0,0.0,0.0,0.0,0.0,0.0,49.22871828699041,3.943017879178406,True,False,False,False,False,0.0,0,0.8490328095907408,0.8350880490494492,False,False,False,False,0.08595408715776927,0.08326328006797636,False,False,False,False,4499688,4440153.891408622,False,False,False,False,274784.3684365869,False,False,False,False
2022-11-30 00:00:00+00:00,16.126082904,16.2596227111,15.8636081109,16.1537118296,427539,,,,,,,,,,,,,,,,,,,,,,18.119543665478517,,,,,16.16233918448249,17.52245062304288,#000000,0.0,0.0,1.0722122274212857,17.46215816810859,-1.2460921727426164,0.0,0.0,0.0,0.0,0.0,0.0,0.0,0.0,50.70472609198117,3.943017879178406,True,False,False,False,False,0.0,1,0.8589571247660185,0.8162533118131431,False,False,False,False,0.19052744837292995,0.13689536422045315,False,False,False,False,4927227,4459254.797627892,False,False,False,False,280774.7461449561,False,False,False,False
2022-12-01 00:00:00+00:00,14.7262173407,14.8643619687,14.5236052197,14.7630559082,435072,,,,,,,,,,,,,,,,,,,,,,18.081938693752438,,,,,16.13272093463252,17.486506731540448,"rgba(239, 83, 80, 0.5)",0.0,0.0,1.0264178230887984,17.41946769596999,-2.623931789458987,0.0,0.0,0.0,0.0,0.0,0.0,0.0,0.0,47.31303734048214,2.188431681335061,True,False,False,True,False,0.0,0,0.8394215090520513,0.8464222062257561,False,False,False,False,-0.1875734185639894,-0.025339027171768128,False,False,False,False,4492155,4460545.001642485,False,False,False,False,286825.61884515395,False,False,False,False
2022-12-02 00:00:00+00:00,14.8459426849,14.9656680292,14.7630559082,14.8183137593,150525,,,,,,,,,,,,,,,,,,,,,,18.0697029366839,,,,,16.12382355374495,17.474958000700514,"rgba(239, 83, 80, 0.5)",0.0,0.0,1.0169708268575437,17.4067426781727,-2.5180663256443787,0.0,0.0,0.0,0.0,0.0,0.0,0.0,0.0,45.497909537737975,0.4970887673869342,False,False,False,True,False,0.0,0,0.8442559662675808,0.8380907924743215,False,False,False,False,-0.13738735154048712,-0.08136318935612763,False,False,False,False,4642680,4467687.550597682,False,False,False,False,281480.4965375009,False,False,False,False
2022-12-05 00:00:00+00:00,14.6617498477,15.1636753292,14.6249112802,15.0946030153,185088,,,,,,,,,,,,,,,,,,,,,,18.054591860320492,,,,,16.112699303294043,17.46067315338811,"rgba(239, 83, 80, 1.0)",0.0,0.0,1.0122920221986091,17.3910730421796,-2.696181669546056,0.0,0.0,0.0,0.0,0.0,0.0,0.0,0.0,43.77595160814302,-1.134277029456996,False,True,False,True,False,0.0,0,0.8577587382118131,0.816101286701857,False,False,False,False,-0.1288256213512464,-0.10509440535368701,False,False,False,False,4457592,4467291.646652675,False,False,False,False,277700.3986340694,False,False,False,False
2022-12-06 00:00:00+00:00,14.6709594895,14.8183137593,14.5236052197,14.77226555,129308,,,,,,,,,,,,,,,,,,,,,,18.04364613381094,,,,,16.1041773402471,17.45023867707571,"rgba(239, 83, 80, 1.0)",0.0,0.0,1.017089288534912,17.3793579110502,-2.662891500363326,0.0,0.0,0.0,0.0,0.0,0.0,0.0,0.0,42.66802131379103,-2.2283511338247664,False,True,False,True,False,0.0,0,0.8630547811407284,0.8165393101776943,False,False,False,False,-0.19325273371201623,-0.14917356953285163,False,False,False,False,4586900,4471982.1703133555,False,False,False,False,271881.0888837138,False,False,False,False
2022-12-07 00:00:00+00:00,14.3117834568,14.505185936,14.2473159638,14.4130895173,149844,,,,,,,,,,,,,,,,,,,,,,18.029869425974784,,,,,16.092276021420606,17.436879668261074,"rgba(239, 83, 80, 1.0)",0.0,0.0,1.0241608069316643,17.363537824116975,-2.9797609385774884,0.0,0.0,0.0,0.0,0.0,0.0,0.0,0.0,40.8574051054182,-4.020227736021496,False,True,False,True,False,0.0,0,0.8474841843978029,0.833267917916833,False,False,False,False,-0.2808654497845088,-0.21501950965868022,False,False,False,False,4437056,4470612.516575578,False,False,False,False,267095.3206921956,False,False,False,False
2022-12-08 00:00:00+00:00,14.3578316661,14.5834678918,14.2841545312,14.505185936,130256,,,,,,,,,,,,,,,,,,,,,,18.0181508234924,,,,,16.082377096659833,17.42556110353927,"rgba(239, 83, 80, 1.0)",0.0,0.0,1.0260523392655063,17.35045000253735,-2.9166332183206167,0.0,0.0,0.0,0.0,0.0,0.0,0.0,0.0,39.882289645906326,-5.04335793513399,False,True,False,True,False,0.0,0,0.8515585577410231,0.8238515523789426,False,False,False,False,-0.26346051966190964,-0.23924001466029493,False,False,False,False,4567312,4474404.653180458,False,False,False,False,261729.07282191346,False,False,False,False
2022-12-09 00:00:00+00:00,14.0815424102,14.4683473685,14.0585183056,14.4591377266,193094,,,,,,,,,,,,,,,,,,,,,,17.999935871638566,,,,,16.06613800210212,17.407803757343327,"rgba(239, 83, 80, 1.0)",0.0,0.0,1.0143449802578095,17.329459986834728,-3.201985162690138,0.0,0.0,0.0,0.0,0.0,0.0,0.0,0.0,38.3700552396591,-6.60387061055436,False,True,False,True,False,0.0,0,0.8636532790392379,0.824093966672562,False,False,False,False,-0.31547729901412846,-0.2773586568372117,False,False,False,False,4374218,4470475.76482044,False,False,False,False,259037.50133870117,False,False,False,False
2022-12-12 00:00:00+00:00,14.1828484707,14.2381063219,14.0078652753,14.1828484707,130101,,,,,,,,,,,,,,,,,,,,,,17.987568991653447,,,,,16.0550074336723,17.395727901775807,"rgba(239, 83, 80, 1.0)",0.0,0.0,0.9750884496423756,17.31525602446949,-3.212434271904601,0.0,0.0,0.0,0.0,0.0,0.0,0.0,0.0,37.938744783168055,-7.1723782756465795,False,True,False,True,False,0.0,0,0.8609330557170455,0.8297493015299957,False,False,False,False,-0.34282825441539394,-0.31009345562630286,False,False,False,False,4504319,4471802.950513756,False,False,False,False,253981.16795286976,False,False,False,False
2022-12-13 00:00:00+00:00,14.2749448894,14.4038798755,14.1552195451,14.367041308,201232,,,,,,,,,,,,,,,,,,,,,,17.969262690654894,,,,,16.039241308160392,17.377993035914884,"rgba(239, 83, 80, 1.0)",0.0,0.0,0.9492431716901242,17.29515519249271,-3.1817034803792548,0.0,0.0,0.0,0.0,0.0,0.0,0.0,0.0,38.197975607485745,-7.1723782756465795,False,True,False,True,False,0.0,0,0.8600654214277849,0.8455057543181628,False,False,False,False,-0.29526150596355305,-0.30267748079492796,False,False,False,False,4705551,4480969.540689687,False,False,False,False,251912.5731311886,False,False,False,False
2022-12-14 00:00:00+00:00,14.4130895173,14.5788630709,14.2519207847,14.3946702336,279336,,,,,,,,,,,,,,,,,,,,,,17.945078071568503,,,,,16.019475978183888,17.354776818692205,"rgba(239, 83, 80, 1.0)",0.0,0.0,0.8819598791267426,17.26998107312836,-3.2392534212067132,0.0,0.0,0.0,0.0,0.0,0.0,0.0,0.0,39.21321586231266,-7.1723782756465795,False,True,False,True,False,0.0,0,0.8510047247965017,0.8597788910276049,False,False,False,False,-0.25502423061762797,-0.278850855706278,False,False,False,False,4984887,4500731.009682248,False,False,False,False,252988.00163584788,False,False,False,False
2022-12-15 00:00:00+00:00,13.8420917217,14.0815424102,13.823672438,14.0539134846,193208,,,,,,,,,,,,,,,,,,,,,,17.9262053867837,,,,,16.001921120451,17.336241922543998,"rgba(239, 83, 80, 1.0)",0.0,0.0,0.8687831273202273,17.24846934732944,-3.9208607056360036,0.0,0.0,0.0,0.0,0.0,0.0,0.0,0.0,37.719331895847645,-7.924841373886238,False,True,False,True,False,0.0,0,0.8456968016194507,0.8601884574142522,False,False,False,False,-0.34282825441539394,-0.31083955506083594,False,False,False,False,4791679,4512140.7347927485,False,False,False,False,250643.68784620677,False,False,False,False
2022-12-16 00:00:00+00:00,13.6394796007,13.823672438,13.5381735402,13.8144627962,244973,,,,,,,,,,,,,,,,,,,,,,17.901060934664585,,,,,15.97747633234105,17.311338680546665,"rgba(239, 83, 80, 1.0)",0.0,0.0,0.8859645091477247,17.0217778468389,-3.817645302059093,0.0,0.0,0.0,0.0,0.0,0.0,0.0,0.0,36.051331705396734,-9.667007394065564,False,True,False,True,False,0.0,0,0.8331263199112463,0.8716736458392131,True,False,False,False,-0.34282825441539394,-0.3268339047381149,False,False,False,False,4546706,4513496.235389112,False,False,False,False,250421.30793066925,False,False,False,False
2022-12-19 00:00:00+00:00,14.0723327684,14.2841545312,14.0170749172,14.2381063219,219420,,,,,,,,,,,,,,,,,,,,,,17.88119603803554,,,,,15.960261468832927,17.292082265552057,"rgba(239, 83, 80, 1.0)",0.0,0.0,0.8945448040442384,17.014020836641738,-3.2884748253439744,0.0,0.0,0.0,0.0,0.0,0.0,0.0,0.0,37.63173059849654,-9.667007394065564,False,True,False,True,False,0.0,0,0.8334570011745103,0.8667852134902337,False,False,False,False,-0.2246859358767149,-0.2757599203074149,False,False,False,False,4766126,4523403.284981696,False,False,False,False,249205.57036476067,False,False,False,False
2022-12-20 00:00:00+00:00,14.0907520521,14.3117834568,14.0078652753,14.1091713358,179414,,,,,,,,,,,,,,,,,,,,,,17.865160255599886,,,,,15.946513816845586,17.27656925820608,"rgba(239, 83, 80, 0.75)",0.0,0.0,0.8940789255291658,17.00224250156761,-3.2564132386236815,0.0,0.0,0.0,0.0,0.0,0.0,0.0,0.0,38.79560842782798,-9.667007394065564,False,True,False,True,True,0.0,0,0.8421799247537306,0.8599531970735484,False,False,False,False,-0.2224396509232107,-0.24909978561531282,False,False,False,False,4945540,4539957.665962806,False,False,False,False,246468.64603673085,False,False,False,False
2022-12-21 00:00:00+00:00,14.5972823546,14.6617498477,14.3209930987,14.5420245034,188611,,,,,,,,,,,,,,,,,,,,,,17.850197289907047,,,,,15.935348960339045,17.262429382425946,"rgba(239, 83, 80, 0.75)",0.0,0.0,0.8847198866741364,16.996361273442645,-2.7116819176082143,0.0,0.0,0.0,0.0,0.0,0.0,0.0,0.0,42.40916948153658,-11.937404543457077,False,True,False,True,True,0.0,0,0.854466042618655,0.8305650777677122,False,False,False,False,-0.14285046084144898,-0.1959751232283809,False,False,False,False,5134151,4563259.365336813,False,False,False,False,244199.71874117278,False,False,False,False
2022-12-22 00:00:00+00:00,14.3946702336,14.5880727127,14.1183809777,14.5604437871,142305,,,,,,,,,,,,,,,,,,,,,,17.83845836927596,,,,,15.926099220432114,17.251239953389916,"rgba(239, 83, 80, 0.75)",0.0,0.0,0.8866956742040503,16.987991542011642,-2.9247027856987784,0.0,0.0,0.0,0.0,0.0,0.0,0.0,0.0,43.828562750167656,-10.620711162136978,False,True,False,True,True,0.0,0,0.8496725878660902,0.8256720949126732,False,False,False,False,-0.17573851970693546,-0.1858568214676582,False,False,False,False,4991846,4580066.684343213,False,False,False,False,240203.84741798954,False,False,False,False
2022-12-23 00:00:00+00:00,14.7998944756,14.8091041175,14.4222991592,14.4222991592,136025,,,,,,,,,,,,,,,,,,,,,,17.82830685490766,,,,,15.919097290751774,17.24176601266135,#000000,0.0,0.0,0.8780006296879876,16.983421399591002,-2.486930931663403,0.0,0.0,0.0,0.0,0.0,0.0,0.0,0.0,46.842144739357195,-7.805989429559617,False,False,False,False,True,0.0,0,0.8538919951177266,0.8387717066791552,False,False,False,False,-0.1135133989317625,-0.14968511019971034,False,False,False,False,5127871,4601549.206525832,False,False,False,False,236118.40242120565,False,False,False,False
2022-12-27 00:00:00+00:00,14.7262173407,14.8735716105,14.6525402058,14.8275234012,81248,,,,,,,,,,,,,,,,,,,,,,17.822415419462704,,,,,15.915198233545617,17.23630201415772,#000000,0.0,0.0,0.8568917702010102,16.980851502252257,-2.6311772851119386,0.0,0.0,0.0,0.0,0.0,0.0,0.0,0.0,48.45064350513415,-6.340514789997059,True,False,False,False,True,0.0,0,0.8736193461907135,0.8283990321779627,False,False,False,False,-0.07898979342705745,-0.1143374518133839,False,False,False,False,5046623,4619003.080779721,False,False,False,False,230045.0533066486,False,False,False,False
2022-12-28 00:00:00+00:00,14.3946702336,14.6916811837,14.302573815,14.6801691314,171898,,,,,,,,,,,,,,,,,,,,,,17.808863886964968,,,,,15.90501622966494,17.223490895980454,#000000,0.0,0.0,0.826811771925828,16.97067171126845,-3.115583939580799,0.0,0.0,0.0,0.0,0.0,0.0,0.0,0.0,47.78124964609765,-6.340514789997059,True,False,False,False,True,0.0,0,0.8553036990657874,0.8593397383536276,False,False,False,False,-0.14148724201792678,-0.12791234691565534,False,False,False,False,4874725,4629031.391337379,False,False,False,False,227764.77670638787,False,False,False,False
2022-12-29 00:00:00+00:00,14.5328148616,14.5972823546,14.4222991592,14.5236052197,90301,,,,,,,,,,,,,,,,,,,,,,17.801903965343275,,,,,15.899924399864162,17.216940207109438,#000000,0.0,0.0,0.8208042275561105,16.965627493030134,-2.9639377451474265,0.0,0.0,0.0,0.0,0.0,0.0,0.0,0.0,48.125821801207536,-6.340514789997059,True,False,False,False,True,0.0,0,0.8646411040620297,0.8585789654433904,False,False,False,False,-0.13848999116371055,-0.13320116903968293,False,False,False,False,4965026,4642207.650500619,False,False,False,False,222374.0403649609,False,False,False,False
2022-12-30 00:00:00+00:00,14.4683473685,14.4913714732,14.2749448894,14.3486220243,107420,,,,,,,,,,,,,,,,,,,,,,17.793397094099184,,,,,15.893455406216093,17.208884727315375,#000000,0.0,0.0,0.8095461005260377,16.958695623787296,-3.0762278438115933,0.0,0.0,0.0,0.0,0.0,0.0,0.0,0.0,47.993749997135524,-6.340514789997059,True,False,False,False,True,0.0,0,0.8617372956397085,0.8528731876610539,False,False,False,False,-0.1685831656783773,-0.1508921673590301,False,False,False,False,4857606,4650654.644598634,False,False,False,False,217866.03878202126,False,False,False,False
2023-01-03 00:00:00+00:00,14.4038798755,14.6433305639,14.2381063219,14.5236052197,237845,,,,,,,,,,,,,,,,,,,,,,17.774805876053716,,,,,15.879491150543265,17.191318854463727,#000000,0.0,0.0,0.7949259147912455,16.9436556838088,-3.1949842885368347,0.0,0.0,0.0,0.0,0.0,0.0,0.0,0.0,47.5258749702448,-6.340514789997059,False,False,False,False,True,0.0,0,0.8891380874534756,0.8367809835115761,False,False,False,False,-0.15487014058908824,-0.15288115397405916,False,False,False,False,4619761,4649443.129124178,False,False,False,False,218649.5274572361,False,False,False,False
2023-01-04 00:00:00+00:00,14.2104773963,14.2473159638,13.9710267078,14.1460099033,244356,,,,,,,,,,,,,,,,,,,,,,17.754307059680944,,,,,15.862650471798704,17.1716606657913,"rgba(239, 83, 80, 0.5)",0.0,0.0,0.7965048705272049,16.77734801905124,-3.2226678300814817,0.0,0.0,0.0,0.0,0.0,0.0,0.0,0.0,46.07980483022213,-6.340514789997059,False,False,False,True,False,0.0,0,0.8698881349612809,0.8486154410635909,False,False,False,False,-0.23482222048930804,-0.1938516872316836,False,False,False,False,4375405,4638696.535825191,False,False,False,False,219657.62441969744,False,False,False,False
2023-01-05 00:00:00+00:00,14.4499280848,14.5143955778,14.22889668,14.3946702336,163473,,,,,,,,,,,,,,,,,,,,,,17.741680630279383,,,,,15.853207741351742,17.159744898483165,#000000,0.0,0.0,0.7888396921420803,16.77291558453196,-2.944815686725817,0.0,0.0,0.0,0.0,0.0,0.0,0.0,0.0,46.828879391827385,-6.340514789997059,False,False,False,False,False,0.0,0,0.8633205339087302,0.83735600660624,False,False,False,False,-0.17133316267816573,-0.18259242495492467,False,False,False,False,4538878,4634782.083439889,False,False,False,False,217454.30581500343,False,False,False,False
2023-01-06 00:00:00+00:00,14.6249112802,14.6249112802,14.3209930987,14.4222991592,186497,,,,,,,,,,,,,,,,,,,,,,17.72792921237747,,,,,15.843501476060894,17.146889098606486,#000000,0.0,0.0,0.783704647883313,16.767769565029134,-2.7342676742019125,0.0,0.0,0.0,0.0,0.0,0.0,0.0,0.0,48.49586875319633,-5.444882452458387,True,False,False,False,True,0.0,0,0.8612294019551885,0.8486391409235574,False,False,False,False,-0.147216332829114,-0.16490437889201934,False,False,False,False,4725375,4638334.746834404,False,False,False,False,216240.29382225822,False,False,False,False
2023-01-09 00:00:00+00:00,15.0025065966,15.113022299,14.9380391036,15.0669740897,151881,,,,,,,,,,,,,,,,,,,,,,17.71853078584089,,,,,15.838621909630303,17.138466942612876,"rgba(38, 166, 154, 1.0)",0.0,0.0,0.7732419372638256,16.771381814550832,-2.287609003994441,0.0,0.0,0.0,0.0,0.0,0.0,0.0,0.0,51.83273917403489,-2.2199832434956193,True,False,True,False,True,0.0,0,0.8659379671064955,0.865377429022199,False,False,False,False,-0.017904758034666887,-0.0914045684633431,False,False,False,False,4877256,4647704.207742859,False,False,False,False,213716.39994687555,False,False,False,False
2023-01-10 00:00:00+00:00,15.2972151363,15.3248440619,14.9380391036,15.1682801502,193108,,,,,,,,,,,,,,,,,,,,,,17.707416156397446,,,,,15.833759750005111,17.128699364435498,"rgba(38, 166, 154, 1.0)",0.0,0.0,0.7593162554758066,16.775845736376628,-1.9473185111124487,0.0,0.0,0.0,0.0,0.0,0.0,0.0,0.0,55.52816856696792,1.2023115367106527,True,False,True,False,True,0.0,0,0.8548780487714742,0.8740150094019621,False,False,False,False,0.006680249482962518,-0.042362159490190295,False,False,False,False,5070364,4664279.101556864,False,False,False,False,212908.22739993926,False,False,False,False
2023-01-11 00:00:00+00:00,15.2603765688,15.2603765688,15.0853933734,15.113022299,165855,,,,,,,,,,,,,,,,,,,,,,17.69800537822216,,,,,15.829739001722738,17.12045366739858,"rgba(38, 166, 154, 1.0)",0.0,0.0,0.7592176489985272,16.777485461203653,-1.9982529310334785,0.0,0.0,0.0,0.0,0.0,0.0,0.0,0.0,57.6895368493459,3.114051676448476,True,False,True,False,True,0.0,0,0.8619683853848685,0.8679902145472161,False,False,False,False,0.01630102666719527,-0.013030566411497512,False,False,False,False,4904509,4673699.881887967,False,False,False,False,211063.0027960201,False,False,False,False
2023-01-12 00:00:00+00:00,15.8774225737,15.9142611412,15.453779048,15.7392779458,172230,,,,,,,,,,,,,,,,,,,,,,17.690430584004044,,,,,15.829205496542173,17.114383199442766,"rgba(38, 166, 154, 1.0)",0.0,0.0,0.7608463057710492,16.786383596281876,-1.1946710073866043,0.0,0.0,0.0,0.0,0.0,0.0,0.0,0.0,61.78728209919801,6.824062089004393,True,False,True,False,True,0.3979093744429534,0,0.8846661636999538,0.8416635232194308,False,False,False,False,0.13576733929433088,0.061368386441416685,False,False,False,False,5076739,4689505.337500203,False,False,False,False,209540.13994127422,False,False,False,False
2023-01-13 00:00:00+00:00,15.9787286342,15.9879382761,15.7484875876,15.8129550807,136818,,,,,,,,,,,,,,,,,,,,,,17.684936818812965,,,,,15.829599060600337,17.110147405314812,"rgba(38, 166, 154, 1.0)",0.0,0.0,0.7659355126610029,16.793728122979964,-1.0640575809685386,0.0,0.0,0.0,0.0,0.0,0.0,0.0,0.0,64.88441233116544,9.531705053802,True,False,True,False,True,0.822934704979275,0,0.9139118457149827,0.826151121627795,False,False,False,False,0.17959872388416617,0.12048355516279143,False,False,False,False,5213557,4710056.383088431,False,False,False,False,206688.2913161262,False,False,False,False
2023-01-17 00:00:00+00:00,15.5919236759,15.656391169,15.4814079736,15.4814079736,309344,,,,,,,,,,,,,,,,,,,,,,17.670369743493243,,,,,15.82666493521604,17.098097972967228,"rgba(38, 166, 154, 1.0)",0.0,0.0,0.767121098575123,16.798190828906133,-1.5724598831223577,0.0,0.0,0.0,0.0,0.0,0.0,0.0,0.0,63.79916125115464,9.531705053802,True,False,True,False,True,0.0,0,0.8914889415360873,0.8401461295646077,False,False,False,False,0.10864406067103591,0.11456380791691367,False,False,False,False,4904213,4717670.368065355,False,False,False,False,210714.00538216048,False,False,False,False
2023-01-18 00:00:00+00:00,15.6656008108,16.0984539785,15.656391169,16.0524057691,286649,,,,,,,,,,,,,,,,,,,,,,17.658514614913944,,,,,15.82645390985777,17.088764534870844,"rgba(38, 166, 154, 1.0)",0.0,0.0,0.7678370527899865,16.80481608996411,-1.4836680191776304,0.0,0.0,0.0,0.0,0.0,0.0,0.0,0.0,63.422301385082676,9.531705053802,True,False,True,False,True,0.0,0,0.9089929466961867,0.7951606583242408,False,False,False,False,0.1818069413653963,0.148185374641155,False,False,False,False,5190862,4736226.902651028,False,False,False,False,213691.84830835028,False,False,False,False
2023-01-19 00:00:00+00:00,15.8774225737,15.9510997086,15.6103429597,15.656391169,182558,,,,,,,,,,,,,,,,,,,,,,17.651067523221844,,,,,15.82636312811458,17.0829184921941,"rgba(38, 166, 154, 1.0)",0.0,0.0,0.76674197272477,16.807974543541025,-1.2136442283629307,0.0,0.0,0.0,0.0,0.0,0.0,0.0,0.0,64.15340752677254,9.531705053802,True,False,True,False,True,0.4147394774650053,0,0.8954620803839246,0.8233526730402309,False,False,False,False,0.1587037268192286,0.1534445507301918,False,False,False,False,5373420,4761214.867252949,False,False,False,False,212470.91308057183,False,False,False,False
2023-01-20 00:00:00+00:00,16.199760039,16.199760039,15.720858662,15.8313743644,393621,,,,,,,,,,,,,,,,,,,,,,17.637172682370416,,,,,15.829418473867426,17.072716579298074,"rgba(38, 166, 154, 1.0)",0.0,0.0,0.77446446760039,16.818336782933283,-0.7987154605683688,0.0,0.0,0.0,0.0,0.0,0.0,0.0,0.0,65.97858583899936,10.521800995673033,True,False,True,False,True,1.7991510674890705,0,0.8784979423714473,0.8270576131848035,False,False,False,False,0.20176274950622533,0.17760365011820856,False,False,False,False,5767041,4800659.029321461,False,False,False,False,219574.83805780433,False,False,False,False
2023-01-23 00:00:00+00:00,16.1721311134,16.2918564576,16.0984539785,16.264227532,139289,,,,,,,,,,,,,,,,,,,,,,17.63276140174563,,,,,15.831220385009852,17.069662498225167,"rgba(38, 166, 154, 1.0)",0.0,0.0,0.774167154065711,16.822531121312743,-0.8401286524454356,0.0,0.0,0.0,0.0,0.0,0.0,0.0,0.0,66.9427302670515,11.595257662800321,True,False,True,False,True,1.6746734448788487,0,0.895764462796281,0.8230371901033534,False,False,False,False,0.2592339993087534,0.21841882471348098,False,False,False,False,5627752,4833094.047779443,False,False,False,False,216426.3738202434,False,False,False,False
2023-01-24 00:00:00+00:00,17.0378374486,17.0562567323,16.7247096252,16.94574103,303216,,,,,,,,,,,,,,,,,,,,,,17.62820008261468,,,,,15.843231065219186,17.06869298190987,"rgba(38, 166, 154, 1.0)",0.0,0.0,0.7972804098662094,16.84391572387691,0.2432290099234117,0.0,0.0,0.0,0.0,0.0,0.0,0.0,0.0,70.41636505022888,15.003875063522074,True,False,True,False,True,5.287333392650844,0,0.9175121753096185,0.8014407467736407,False,False,False,False,0.34282823133878704,0.280623528026134,False,False,False,False,5930968,4876147.928258681,False,False,False,False,219829.88857239074,False,False,False,False
2023-01-25 00:00:00+00:00,17.1391435091,17.1506555614,16.7891771183,16.872063895,248625,,,,,,,,,,,,,,,,,,,,,,17.624969962968734,,,,,15.853650612396216,17.068435594538386,"rgba(38, 166, 154, 1.0)",0.0,0.0,0.8226788671594617,16.860686642689508,0.3384757741157782,0.0,0.0,0.0,0.0,0.0,0.0,0.0,0.0,72.98811540928818,17.466508876696338,True,False,True,False,True,5.695066507911488,0,0.9185487991691584,0.8129790495824459,False,False,False,False,0.34282823189611494,0.31172587996112444,False,False,False,False,6179593,4927263.421268145,False,False,False,False,220959.10862837543,False,True,False,False
2023-01-26 00:00:00+00:00,17.1115145835,17.2220302859,16.8904831788,17.1944013603,169211,,,,,,,,,,,,,,,,,,,,,,17.622967300911125,,,,17.074676016066668,15.86092577321174,17.06846129016976,"rgba(38, 166, 154, 1.0)",0.0,0.0,0.8427026916580754,16.881801396092463,0.2725910213429607,-1.0,17.22203,16.890484,0.0,0.0,0.0,0.0,0.0,74.44021014370658,18.875198296731696,True,False,True,False,True,5.563934879693019,0,0.9087313976336893,0.8296388802274487,False,False,False,False,0.3428282324721538,0.32727705621663916,False,False,False,False,6010382,4969738.659649786,False,False,False,False,218929.7710351058,False,False,False,False
2023-01-27 00:00:00+00:00,16.9089024625,17.148353151,16.7983867601,17.1115145835,154769,,,,,,,,,,,,,,,,,,,,,,17.620740898760356,,,,17.01601531430301,15.86683893516938,17.068023874735108,"rgba(38, 166, 154, 1.0)",0.0,0.0,0.8616291334172584,16.886860125797416,0.02558216272836804,0.0,0.0,0.0,0.0,0.0,0.0,0.0,0.0,73.4703677071504,18.875198296731696,True,False,True,False,True,4.596042005151933,0,0.9226896045199495,0.8245043533137305,False,False,False,False,0.3247467322255329,0.326011894221086,False,False,False,False,5855613,5004478.829859598,False,False,False,False,216413.66236706244,False,False,False,False
2023-01-30 00:00:00+00:00,16.807596402,16.8961010603,16.7615481927,16.8260156857,131574,,,,,,,,,,,,,,,,,,,,,,17.61849375600082,,,,16.959906806799808,15.871218840542252,17.067240820011094,"rgba(38, 166, 154, 0.75)",0.0,0.0,0.87825778231214,16.889634502931887,-0.09341004723682457,0.0,0.0,0.0,0.0,0.0,0.0,0.0,0.0,71.87720811106146,18.875198296731696,True,False,True,False,False,4.111124225702039,0,0.9186864540486717,0.833806967706036,False,False,False,False,0.29369133546447657,0.3098516148427813,False,False,False,False,5724039,5032696.875747457,False,False,False,False,213086.61678404038,False,False,False,False
2023-01-31 00:00:00+00:00,16.872063895,16.872063895,16.4944685786,16.6326132066,144548,,,,,,,,,,,,,,,,,,,,,,17.61580684298959,,,,16.90843044698125,15.875605759945001,17.06612328607359,"rgba(38, 166, 154, 0.75)",0.0,0.0,0.8956574142435294,16.892345769015396,-0.02264467830317227,0.0,0.0,0.0,0.0,0.0,0.0,0.0,0.0,71.09728902478741,18.875198296731696,True,False,True,False,False,4.390455347114759,0,0.9198739098341847,0.8278280971060845,False,False,False,False,0.26296514071668103,0.28640837777973116,False,False,False,False,5868587,5065476.880620106,False,False,False,False,210398.8278905486,False,False,False,False
2023-02-01 00:00:00+00:00,16.9181121044,17.0378374486,16.5773553554,16.8628542532,148286,,,,,,,,,,,,,,,,,,,,,,17.61337703518178,,,,16.895750348718416,15.880563329545682,17.06533445937098,"rgba(38, 166, 154, 0.75)",0.0,0.0,0.9082798383588733,16.897567218580726,0.022619555066194928,0.0,0.0,0.0,0.0,0.0,0.0,0.0,0.0,70.7885788914138,18.875198296731696,True,False,True,False,False,4.592666461568978,0,0.9300698717181828,0.818692251550617,False,False,False,False,0.2891777962111981,0.28779308699546463,False,False,False,False,6016873,5102786.532360494,False,False,False,False,207963.03071837022,False,False,False,False
2023-02-02 00:00:00+00:00,16.7154999834,16.9917892393,16.5865649973,16.9641603137,110112,,,,,,,,,,,,,,,,,,,,,,17.611396364194636,,,,16.878931202408335,15.883909809041542,17.064541986520787,"rgba(38, 166, 154, 0.75)",0.0,0.0,0.9216971481780462,16.90046308605518,-0.20067665720871758,0.0,0.0,0.0,0.0,0.0,0.0,0.0,0.0,68.44312484828816,23.49190621008954,True,False,True,False,False,3.5822677825259106,0,0.9310336264791306,0.8209456803006141,False,False,False,False,0.28527076714241123,0.28653192706893793,False,False,False,False,5906761,5134314.942856161,False,False,False,False,204125.7353960812,False,False,False,False
2023-02-03 00:00:00+00:00,16.0155672017,16.3838607798,15.9971479179,16.1076636203,211051,,,,,,,,,,,,,,,,,,,,,,17.604809620972738,,,,16.731579591793484,15.885698221456312,17.059856324783837,"rgba(38, 166, 154, 0.75)",0.0,0.0,0.9208687164759505,16.893577342197485,-0.9534585384304494,0.0,0.0,0.0,0.0,0.0,0.0,0.0,0.0,61.397991570472925,16.829997072457246,True,False,True,False,False,0.21639968463969694,0,0.9330534115399586,0.8305485232161455,False,False,False,False,0.16211957908553062,0.2243257530772343,False,False,False,False,5695710,5156330.435293174,False,False,False,False,204397.31440015647,False,False,False,False
2023-02-06 00:00:00+00:00,15.9787286342,16.0247768435,15.7116490202,15.923470783,155949,,,,,,,,,,,,,,,,,,,,,,17.599235219700574,,,,16.626401109952386,15.885800684314342,17.055583786730196,"rgba(38, 166, 154, 0.75)",0.0,0.0,0.921029348548074,16.886921551006647,-0.986062950369973,0.0,0.0,0.0,0.0,0.0,0.0,0.0,0.0,56.46920963577371,12.427185799054904,True,False,True,False,False,0.04377316257402697,0,0.9025724073430827,0.8589639780018181,False,False,False,False,0.09800699069686256,0.1611663718870484,False,False,False,False,5539761,5171366.928026776,False,False,False,False,202497.3805021111,False,False,False,False
2023-02-07 00:00:00+00:00,15.0301355222,15.0577644478,14.7216125198,14.77226555,476136,,,,,,,,,,,,,,,,,,,,,,17.57283789500161,,,,16.153549822951433,15.870699943271271,17.031913978018007,"rgba(239, 83, 80, 1.0)",0.0,0.0,0.9199830775776917,16.83843832301004,-1.9655826774241167,0.0,0.0,0.0,0.0,0.0,0.0,0.0,0.0,48.61278522320723,5.425221486678424,False,True,False,True,False,0.0,0,0.8690898143461994,0.8730958354329131,False,False,False,False,-0.09391773608843024,0.033624317899309086,False,False,False,False,5063625,5167141.754378667,False,False,False,False,213228.30675693028,False,False,False,False
2023-02-08 00:00:00+00:00,15.1498608665,15.2948206294,15.1314415827,15.2695862107,180608,,,,,,,,,,,,,,,,,,,,,,17.563918593541125,,,,16.06128963736249,15.866629504238647,17.024151416148413,"rgba(239, 83, 80, 1.0)",0.0,0.0,0.9132049089754822,16.826827081864753,-1.836352607046462,0.0,0.0,0.0,0.0,0.0,0.0,0.0,0.0,44.25280261807154,1.8327114942284481,False,True,False,True,False,0.0,0,0.8919101759294188,0.8612581437470433,False,False,False,False,-0.030407194073840613,0.0016085619127342368,False,False,False,False,5244233,5170164.940481465,False,False,False,False,211949.07904097222,False,False,False,False
2023-02-09 00:00:00+00:00,15.1406512246,15.4261501224,15.0946030153,15.3801019131,125721,,,,,,,,,,,,,,,,,,,,,,17.557823167996606,,,,16.008644834346526,15.863942971633573,17.01886970362656,"rgba(239, 83, 80, 1.0)",0.0,0.0,0.9129509041396919,16.819558790144942,-1.8389899806573289,0.0,0.0,0.0,0.0,0.0,0.0,0.0,0.0,41.306952606319534,-0.5452369487390527,False,True,False,True,False,0.0,0,0.9164380644570905,0.8489972818313168,False,False,False,False,-0.021162785932877046,-0.009777112010071405,False,False,False,False,5118512,5168139.334972389,False,False,False,False,208567.58574524784,False,False,False,False
2023-02-10 00:00:00+00:00,15.4261501224,15.4721983317,15.2695862107,15.3893115549,157104,,,,,,,,,,,,,,,,,,,,,,17.550797621578486,,,,15.963704125515108,15.86148975183306,17.012928458702387,"rgba(239, 83, 80, 1.0)",0.0,0.0,0.9115919763993824,16.81272620704413,-1.5210490225252373,0.0,0.0,0.0,0.0,0.0,0.0,0.0,0.0,41.526036144776455,-0.5452369487390527,False,True,False,True,False,0.0,0,0.9128585932801558,0.8571999031513966,False,False,False,False,0.00045019488048462147,-0.004663458564793391,False,False,False,False,5275616,5172354.106149943,False,False,False,False,206549.4059121009,False,False,False,False
2023-02-13 00:00:00+00:00,15.4445694061,15.4445694061,15.2143283595,15.2972151363,102954,,,,,,,,,,,,,,,,,,,,,,17.546172724592378,,,,15.936654837152565,15.859823265192363,17.00900723991292,"rgba(239, 83, 80, 1.0)",0.0,0.0,0.9116179275597539,16.8083073087893,-1.4959533610092488,0.0,0.0,0.0,0.0,0.0,0.0,0.0,0.0,41.81030944081612,-0.5452369487390527,False,True,False,True,False,0.0,0,0.9014829819194882,0.8836906688009352,False,False,False,False,-0.007653637846332131,-0.006158548205562761,False,False,False,False,5378570,5180441.003947984,False,False,False,False,202486.84097437144,False,False,False,False
2023-02-14 00:00:00+00:00,15.3524729875,15.4998272573,15.251166927,15.3432633456,126623,,,,,,,,,,,,,,,,,,,,,,17.540511372156605,,,,15.90657637424831,15.857789020001524,17.004210095941072,"rgba(239, 83, 80, 1.0)",0.0,0.0,0.9094955892374647,16.803066934762803,-1.5949433558869741,0.0,0.0,0.0,0.0,0.0,0.0,0.0,0.0,41.46570359716449,-0.5452369487390527,False,True,False,True,False,0.0,0,0.9269720962299399,0.8662722551433484,False,False,False,False,0.0013506049250601182,-0.0024039716402513216,False,False,False,False,5251947,5183245.160655906,False,False,False,False,199511.7883871412,False,False,False,False
2023-02-15 00:00:00+00:00,15.2327476432,15.251166927,15.0853933734,15.2143283595,128111,,,,,,,,,,,,,,,,,,,,,,17.53434640447012,,,,15.870175377550195,15.855006184360226,16.998860026488007,"rgba(239, 83, 80, 1.0)",0.0,0.0,0.9060698550618139,16.796567254007705,-1.7259371361615583,0.0,0.0,0.0,0.0,0.0,0.0,0.0,0.0,40.538749956261846,-1.782775324283719,False,True,False,True,False,0.0,0,0.90347861890986,0.8807998186465107,False,False,False,False,-0.03918785995784028,-0.0207959157990458,False,False,False,False,5123836,5180915.389649793,False,False,False,False,196711.7574699984,False,False,False,False
2023-02-16 00:00:00+00:00,15.3432633456,15.4771715383,15.3018199572,15.3801019131,248131,,,,,,,,,,,,,,,,,,,,,,17.52342882563493,,,,15.825750841223005,15.851156928329104,16.98963364770372,"rgba(239, 83, 80, 1.0)",0.0,0.0,0.9023852479988972,16.787280981374593,-1.6002230078304176,0.0,0.0,0.0,0.0,0.0,0.0,0.0,0.0,40.932606062966045,-1.79308963720041,False,True,False,True,False,0.0,0,0.9165872281629753,0.8792268716524829,False,False,False,False,0.004087870988292154,-0.008354022405376823,False,False,False,False,5371967,5188407.6096635265,False,False,False,False,198728.1983535279,False,False,False,False
2023-02-17 00:00:00+00:00,15.0577644478,15.1222319409,14.9394205499,15.1222319409,149527,,,,,,,,,,,,,,,,,,,,,,17.51588791690913,,,,15.785509975737721,15.847262347867522,16.98298414263913,"rgba(239, 83, 80, 1.0)",0.0,0.0,0.9028663616723788,16.779083528231943,-1.90650483117296,0.0,0.0,0.0,0.0,0.0,0.0,0.0,0.0,39.48005643445376,-3.6073313741798856,False,True,False,True,False,0.0,0,0.9108145214713661,0.8691731500201085,False,False,False,False,-0.06614130865964807,-0.03724766553251244,False,False,False,False,5222440,5189742.213206133,False,False,False,False,196798.73959456602,False,False,False,False
2023-02-21 00:00:00+00:00,13.7776242287,14.22889668,13.7684145868,14.1460099033,552928,,,,,,,,,,,,,,,,,,,,,,17.476018261868564,,,,15.489328473177768,15.813736707516187,16.94490056703339,"rgba(239, 83, 80, 1.0)",0.0,0.0,0.9160893071097023,16.71862638055514,-3.2103880364395003,0.0,0.0,0.0,0.0,0.0,0.0,0.0,0.0,33.90052168530187,-9.16509697487595,False,True,False,True,False,0.0,0,0.9061322907036821,0.8706483908773814,False,False,False,False,-0.27456965404990474,-0.1559086597912086,False,False,False,False,4669512,5169341.02837452,False,False,False,False,210764.59294379875,False,False,False,False
2023-02-22 00:00:00+00:00,13.4000289123,13.6302699589,13.3447710611,13.5197542565,268517,,,,,,,,,,,,,,,,,,,,,,17.45447163907489,,,,15.343585323346273,15.793955128602354,16.92394115326539,"rgba(239, 83, 80, 1.0)",0.0,0.0,0.936397393373543,16.685526334460683,-3.5086571635190875,0.0,0.0,0.0,0.0,0.0,0.0,0.0,0.0,29.352248516856317,-13.511851618962893,False,True,False,True,False,0.0,0,0.8907363948270808,0.8970389531841905,False,False,False,False,-0.34282825441539394,-0.24936845710330127,False,False,False,False,4400995,5139209.811575519,False,False,False,False,213029.39322051255,False,False,False,False
2023-02-23 00:00:00+00:00,13.6763181682,13.823672438,13.482915689,13.7131567357,337044,,,,,,,,,,,,,,,,,,,,,,17.42910590895573,,,,15.204549000042563,15.77170417804746,16.89950417768687,"rgba(239, 83, 80, 1.0)",0.0,0.0,0.9463743711135052,16.64977552188094,-3.1419461942765494,0.0,0.0,0.0,0.0,0.0,0.0,0.0,0.0,28.469519598814152,-14.379295814813084,False,True,False,True,False,0.0,0,0.9043564391563238,0.8782302410092394,False,False,False,False,-0.3087966140606831,-0.2790825355819922,False,False,False,False,4738039,5123477.622886283,False,False,False,False,217892.71113343362,False,False,False,False
2023-02-24 00:00:00+00:00,13.4921253309,13.5658024658,13.2618842843,13.4368674797,260585,,,,,,,,,,,,,,,,,,,,,,17.408588961912095,,,,15.098584605586527,15.753048126532645,16.87958776242601,"rgba(239, 83, 80, 1.0)",0.0,0.0,0.9684368774210614,16.620842184721845,-3.2306874374234784,0.0,0.0,0.0,0.0,0.0,0.0,0.0,0.0,27.382736579764124,-15.563543208152652,False,True,False,True,False,0.0,0,0.8917706416336415,0.8753401016127142,False,False,False,False,-0.34282825441539394,-0.31095539499869307,False,False,False,False,4477454,5098143.363165253,False,False,False,False,219566.91853996564,False,False,False,False
2023-02-27 00:00:00+00:00,13.3631903448,13.4921253309,13.1882071494,13.3171421355,229696,,,,,,,,,,,,,,,,,,,,,,17.390262611600647,,,,15.01057354527269,15.736204366491636,16.86175638975984,"rgba(239, 83, 80, 1.0)",0.0,0.0,0.9904949005267168,16.595387296143237,-3.2632141262155385,0.0,0.0,0.0,0.0,0.0,0.0,0.0,0.0,26.31097239859345,-16.809613973373594,False,True,False,True,False,0.0,0,0.8815173576639882,0.8870851592636173,False,False,False,False,-0.34282825441539394,-0.3268918247070435,False,False,False,False,4247758,5064794.91755093,False,False,False,False,219964.13742075133,False,False,False,False
2023-02-28 00:00:00+00:00,13.3079324936,13.6026410333,13.3079324936,13.5105446146,324344,,,,,,,,,,,,,,,,,,,,,,17.36503401408083,,,,14.904233295990373,15.713388968314781,16.83729481934104,"rgba(239, 83, 80, 1.0)",0.0,0.0,1.0123673743745445,16.561821139029405,-3.214138195079337,0.0,0.0,0.0,0.0,0.0,0.0,0.0,0.0,25.442526520933328,-17.91783042315342,False,True,False,True,False,0.0,0,0.8824344292533457,0.8899897971743592,False,False,False,False,-0.32005196102116423,-0.3234718928641038,False,False,False,False,3923414,5020034.881568541,False,False,False,False,224057.4653650356,False,False,False,False
2023-03-01 00:00:00+00:00,13.8420917217,13.8513013636,13.621060317,13.6763181682,360216,,,,,,,,,,,,,,,,,,,,,,17.339938231477557,,,,14.826567887405162,15.692498263458566,16.813380178383376,"rgba(239, 83, 80, 0.75)",0.0,0.0,1.0242814733033616,16.53205844305151,-2.6261987465967023,0.0,0.0,0.0,0.0,0.0,0.0,0.0,0.0,29.15831879078945,-17.91783042315342,False,True,False,True,True,0.0,0,0.9022292937437498,0.8566914072091083,False,False,False,False,-0.26574961300870603,-0.29461075293640493,False,False,False,False,4283630,4991156.258761931,False,False,False,False,229397.01574287735,False,False,False,False
2023-03-02 00:00:00+00:00,13.8789302892,13.9433977823,13.5335687193,13.6394796007,329135,,,,,,,,,,,,,,,,,,,,,,17.31739992462309,,,,14.765180564337538,15.673933719788314,16.79195064229633,"rgba(239, 83, 80, 0.75)",0.0,0.0,1.0310419822559715,16.506203594210273,-2.5481729650442246,0.0,0.0,0.0,0.0,0.0,0.0,0.0,0.0,31.902876218932633,-17.91783042315342,False,True,False,True,True,0.0,0,0.9130276532811913,0.8416272726385314,False,False,False,False,-0.26531117545947425,-0.2799609641979396,False,False,False,False,4612765,4976317.3858693065,False,False,False,False,233308.3092431567,False,False,False,False
2023-03-03 00:00:00+00:00,14.026284559,14.026284559,13.7960435124,13.8789302892,381130,,,,,,,,,,,,,,,,,,,,,,17.29285271474971,,,,14.713056905164514,15.654713582692318,16.768846651254865,"rgba(239, 83, 80, 0.75)",0.0,0.0,1.025882437346829,16.480034361162122,-2.3918430736645524,0.0,0.0,0.0,0.0,0.0,0.0,0.0,0.0,34.83285843743903,-21.854286850030157,False,True,False,True,True,0.0,0,0.9191054764679396,0.8563331514029879,False,False,False,False,-0.23269843806868373,-0.25632970113331166,False,False,False,False,4993895,4977006.70407051,False,False,False,False,239105.23829244467,False,False,False,False
2023-03-06 00:00:00+00:00,13.621060317,13.759204945,13.4477348571,13.6947374519,486283,,,,,,,,,,,,,,,,,,,,,,17.258913123347693,,,,14.62984797335702,15.626033740338645,16.736416040590264,"rgba(239, 83, 80, 0.75)",0.0,0.0,1.034323062353848,16.44154605633717,-2.7268905064520994,0.0,0.0,0.0,0.0,0.0,0.0,0.0,0.0,34.92044283994492,-21.638278015192654,False,True,False,True,True,0.0,0,0.8946450644468166,0.8595488257038071,False,False,False,False,-0.2911964890623218,-0.2737630950978167,False,False,False,False,4507612,4958599.068616765,False,False,False,False,248798.4838496037,False,False,False,False
2023-03-07 00:00:00+00:00,13.2066264331,13.353980703,13.1237396563,13.353980703,441143,,,,,,,,,,,,,,,,,,,,,,17.225500549383195,,,,14.540118572184696,15.595914923472419,16.704049465111144,"rgba(239, 83, 80, 0.75)",0.0,0.0,1.049730643064116,16.401804721778397,-3.043807770869503,0.0,0.0,0.0,0.0,0.0,0.0,0.0,0.0,33.41116751554229,-21.638278015192654,False,True,False,True,True,0.0,0,0.8708709905945181,0.8927210703472047,False,False,False,False,-0.34282825441539394,-0.30829567475660535,False,False,False,False,4066469,4923613.575729833,False,False,False,False,256341.40605158004,False,False,False,False
2023-03-08 00:00:00+00:00,13.3447710611,13.5013349728,13.2526746424,13.2526746424,439879,,,,,,,,,,,,,,,,,,,,,,17.193863230386658,,,,14.469687055368048,15.568335226029111,16.673624100696742,"rgba(239, 83, 80, 0.75)",0.0,0.0,1.0638404780718225,16.36617886676521,-2.840094796112118,0.0,0.0,0.0,0.0,0.0,0.0,0.0,0.0,33.491648985744035,-21.638278015192654,False,True,False,True,True,0.0,0,0.8840202038156373,0.8792463793975295,False,False,False,False,-0.3162539459878175,-0.3122748103722114,False,False,False,False,4506348,4907250.219818859,False,False,False,False,263538.9587554397,False,False,False,False
2023-03-09 00:00:00+00:00,13.038150126,13.3127371657,13.0192130888,13.1517723493,517065,,,,,,,,,,,,,,,,,,,,,,17.155013126048487,,,,14.380989122010744,15.533294920008796,16.63598667202124,"rgba(239, 83, 80, 0.75)",0.0,0.0,1.0827595415927724,16.321588689873213,-3.0324725275966395,0.0,0.0,0.0,0.0,0.0,0.0,0.0,0.0,32.39423930494108,-21.638278015192654,False,True,False,True,True,0.0,0,0.8571084676294046,0.8984758898274348,False,False,False,False,-0.34282825441539394,-0.32755153239380264,False,False,False,False,3989283,4871251.505316159,False,False,False,False,273481.1564513048,False,False,False,False
2023-03-10 00:00:00+00:00,12.9434649399,13.1801779051,12.8771853096,13.0949612376,444996,,,,,,,,,,,,,,,,,,,,,,17.121164067879814,,,,14.306904479820378,15.502433196126592,16.60311543988847,"rgba(239, 83, 80, 1.0)",0.0,0.0,1.103621259180737,16.28292336357007,-3.0259098362685455,0.0,0.0,0.0,0.0,0.0,0.0,0.0,0.0,31.323576112646286,-21.638278015192654,False,True,False,True,False,0.0,0,0.8396030500828309,0.9084457313992127,False,False,False,False,-0.34282825441539394,-0.33518989340459826,False,False,False,False,3544287,4819213.68157827,False,False,False,False,280207.22874733206,False,False,False,False
2023-03-13 00:00:00+00:00,12.4984445652,12.7351575305,12.4984445652,12.697283456,521627,,,,,,,,,,,,,,,,,,,,,,17.078180764390307,,,,14.2045581850734,15.461245696432051,16.560897142707496,"rgba(239, 83, 80, 1.0)",0.0,0.0,1.1365625288334582,16.231923179282095,-3.284886241951028,0.0,0.0,0.0,0.0,0.0,0.0,0.0,0.0,29.167136864279783,-21.638278015192654,False,True,False,True,False,0.0,0,0.8437226353634797,0.9128746104614327,False,False,False,False,-0.34282825441539394,-0.33900907390999613,False,False,False,False,3022660,4748760.596026181,False,False,False,False,289674.6707572406,False,False,False,False
2023-03-14 00:00:00+00:00,12.526850121,12.7162204932,12.4511019722,12.6310038257,364366,,,,,,,,,,,,,,,,,,,,,,17.048552521902426,,,,14.139466592017596,15.433033892057342,16.531836553972994,"rgba(239, 83, 80, 1.0)",0.0,0.0,1.1604395880371048,16.19747776356582,-3.1631354879703166,0.0,0.0,0.0,0.0,0.0,0.0,0.0,0.0,27.98765813201387,-16.71957273814565,False,True,False,True,False,0.0,0,0.8374525294737227,0.9108250275553471,False,False,False,False,-0.34282825441539394,-0.340918664162695,False,False,False,False,3387026,4695359.239319272,False,False,False,False,292603.74249225075,False,False,False,False
2023-03-15 00:00:00+00:00,11.5894667786,11.703089002,11.362222332,11.703089002,558756,,,,,,,,,,,,,,,,,,,,,,16.99376854602025,,,,13.990979068797119,15.375913293015136,16.476910456726603,"rgba(239, 83, 80, 1.0)",0.0,0.0,1.2026495744726935,15.802824064951443,-3.503395648893657,0.0,0.0,0.0,0.0,0.0,0.0,0.0,0.0,24.87551240155507,-19.832044735304137,False,True,False,True,False,0.0,0,0.8337269552852687,0.920356591130706,True,False,False,False,-0.34282825441539394,-0.34187345928904445,False,False,False,False,2828270,4622140.053463615,False,False,False,False,303041.0859239272,True,False,False,False
2023-03-16 00:00:00+00:00,11.8356482625,11.8735223369,11.57999826,11.5894667786,431421,,,,,,,,,,,,,,,,,,,,,,16.95382544468231,,,,13.89646426207165,15.335322952389397,16.437108831551363,"rgba(239, 83, 80, 1.0)",0.0,0.0,1.2434205152875768,15.760717405788938,-3.156670728069139,0.0,0.0,0.0,0.0,0.0,0.0,0.0,0.0,24.77795390138457,-20.06871223631134,False,True,False,True,False,0.0,0,0.844717994629254,0.919082115720366,False,False,False,False,-0.31701675334687385,-0.32944510631795915,False,False,False,False,3259691,4568710.678817983,False,False,False,False,308075.592358283,False,False,False,False
2023-03-17 00:00:00+00:00,11.9398019672,12.0155501161,11.8261797439,11.9871445603,417553,,,,,,,,,,,,,,,,,,,,,,16.91694706862161,,,,13.818795989676488,15.298662024773023,16.40055185624689,"rgba(239, 83, 80, 1.0)",0.0,0.0,1.283373349350742,15.723332020864484,-2.9481133105799424,0.0,0.0,0.0,0.0,0.0,0.0,0.0,0.0,25.537983697918737,-20.06871223631134,False,True,False,True,False,0.0,0,0.8744846661954622,0.9001873395125899,False,False,False,False,-0.2916077751880103,-0.31052644075298474,False,False,False,False,3677244,4533751.201217277,False,False,False,False,312368.82403050724,False,False,False,False
2023-03-20 00:00:00+00:00,11.9398019672,11.9634732637,11.641543631,11.6841519647,406448,,,,,,,,,,,,,,,,,,,,,,16.88100603357663,,,,13.745942783443942,15.262908159774934,16.364914187887585,"rgba(239, 83, 80, 1.0)",0.0,0.0,1.3179331663730989,15.684500418200324,-2.841341690569629,0.0,0.0,0.0,0.0,0.0,0.0,0.0,0.0,26.044670228941516,-20.06871223631134,False,True,False,True,False,0.0,0,0.8546343682875325,0.9161575833722968,False,False,False,False,-0.3070555200228519,-0.3087909803879183,False,False,False,False,3677244,4500162.6835224815,False,False,False,False,316058.2034802913,False,False,False,False
2023-03-21 00:00:00+00:00,12.0818297464,12.2522630813,12.0155501161,12.1575778952,151998,,,,,,,,,,,,,,,,,,,,,,16.868405395894218,,,,13.723721815173,15.25076262642372,16.352512931257117,"rgba(239, 83, 80, 0.75)",0.0,0.0,1.3392882301577274,15.672400088097637,-2.680954152247554,0.0,0.0,0.0,0.0,0.0,0.0,0.0,0.0,27.63150468013999,-20.06871223631134,False,True,False,True,True,0.0,0,0.8643904555221822,0.9091415929295706,False,False,False,False,-0.2641340538655639,-0.2864625171267411,False,False,False,False,3829242,4473852.068482385,False,False,False,False,309624.47001047595,False,False,False,False
2023-03-22 00:00:00+00:00,12.1197038208,12.4037593791,12.1102353022,12.1197038208,247579,,,,,,,,,,,,,,,,,,,,,,16.848429309203645,,,,13.690854577928715,15.231770730231684,16.33291572239176,"rgba(239, 83, 80, 0.75)",0.0,0.0,1.3693484773617264,15.653813438141961,-2.5808694249625934,0.0,0.0,0.0,0.0,0.0,0.0,0.0,0.0,29.031798945931165,-20.06871223631134,False,True,False,True,True,0.0,0,0.8520556667919259,0.9081925627698633,False,False,False,False,-0.2484386330388883,-0.26745057508281467,False,False,False,False,4076821,4458282.222659546,False,False,False,False,307191.31432379066,False,False,False,False
2023-03-23 00:00:00+00:00,12.0534241905,12.3990251198,11.9634732637,12.2901371558,221940,,,,,,,,,,,,,,,,,,,,,,16.83038897620674,,,,13.661194964085778,15.214541889421987,16.315198327902884,"rgba(239, 83, 80, 0.75)",0.0,0.0,1.3991477911476986,15.63624410245779,-2.560715840475194,0.0,0.0,0.0,0.0,0.0,0.0,0.0,0.0,29.67052735153879,-20.06871223631134,False,True,False,True,True,0.0,0,0.8454548871668065,0.9186474321583656,False,False,False,False,-0.25808268781922233,-0.26276663145101853,False,False,False,False,3854881,4434619.429614074,False,False,False,False,303848.1255267793,False,False,False,False
2023-03-24 00:00:00+00:00,12.0534241905,12.0534241905,11.8167112253,11.8640538183,283791,,,,,,,,,,,,,,,,,,,,,,16.806721538810987,,,,13.620967294114532,15.191628639907774,16.29187856469033,"rgba(239, 83, 80, 0.75)",0.0,0.0,1.4278047357968908,15.611667332228834,-2.4921076758741076,0.0,0.0,0.0,0.0,0.0,0.0,0.0,0.0,30.096346288610544,-24.05033786319948,False,True,False,True,True,0.0,0,0.8334816020084076,0.9337656143773709,False,False,False,False,-0.2897632414425862,-0.2762649364468024,False,False,False,False,3854881,4411884.589237051,False,False,False,False,303061.57158455264,False,False,False,False
2023-03-27 00:00:00+00:00,12.3564167861,12.3942908605,12.1102353022,12.1575778952,280502,,,,,,,,,,,,,,,,,,,,,,16.78505208696026,,,,13.590244339835506,15.1714661401651,16.27072443189724,"rgba(239, 83, 80, 0.75)",0.0,0.0,1.44868756272867,15.59169791875035,-2.233249746796023,0.0,0.0,0.0,0.0,0.0,0.0,0.0,0.0,33.44633785074614,-20.731761098077747,False,True,False,True,True,0.0,0,0.8339422729014133,0.9412317532073285,False,False,False,False,-0.24904004411837874,-0.2626524902825906,False,False,False,False,4135383,4401041.389659127,False,False,False,False,302176.8825028055,False,False,False,False
2023-03-28 00:00:00+00:00,12.8203741979,12.8923349394,12.7351575305,12.7446260491,273513,,,,,,,,,,,,,,,,,,,,,,16.766583123569234,,,,13.573237975186117,15.155630035441153,16.253021966808806,"rgba(239, 83, 80, 0.5)",0.0,0.0,1.4609132926186572,15.578571060694575,-1.887994911628577,0.0,0.0,0.0,0.0,0.0,0.0,0.0,0.0,39.33584393877073,-15.23880471118084,False,False,False,True,True,0.0,0,0.8339755430585876,0.9363167468050223,False,False,False,False,-0.17880755164167134,-0.22073002096213096,False,False,False,False,4408896,4401349.413594063,False,False,False,False,301052.8086791661,False,False,False,False
2023-03-29 00:00:00+00:00,12.8487797538,12.9768888106,12.8109056793,12.9624019771,240870,,,,,,,,,,,,,,,,,,,,,,16.750716843890793,,,,13.560061772974917,15.142229447229028,16.237864371597404,"rgba(239, 83, 80, 0.5)",0.0,0.0,1.4723879610233415,15.567387661922936,-1.8463937359508455,0.0,0.0,0.0,0.0,0.0,0.0,0.0,0.0,43.4608384576937,-11.605867898785903,False,False,False,True,True,0.0,0,0.8544363217901119,0.930799332478751,False,False,False,False,-0.16893799402819015,-0.19483400749516055,False,False,False,False,4649766,4411091.240511944,False,False,False,False,298692.6985348851,False,False,False,False
2023-03-30 00:00:00+00:00,13.0002760515,13.0476186446,12.915059384,13.0476186446,205547,,,,,,,,,,,,,,,,,,,,,,16.737656942208446,,,,13.550940552309859,15.131461841404724,16.225452344562967,#000000,0.0,0.0,1.4810004072470495,15.55860594115779,-1.7274336165871345,0.0,0.0,0.0,0.0,0.0,0.0,0.0,0.0,47.28523806352522,-8.301133157515935,False,False,False,False,True,0.0,0,0.8487110257370323,0.9477771503604238,False,False,False,False,-0.1582076669241084,-0.17652083720963446,False,False,False,False,4855313,4428511.701668339,False,False,False,False,295039.926043321,False,False,False,False
2023-03-31 00:00:00+00:00,12.9245279027,12.9245279027,12.7635630863,12.7919686421,279947,,,,,,,,,,,,,,,,,,,,,,16.71946559967769,,,,13.536494881099184,15.116179243860897,16.208095104116463,"rgba(38, 166, 154, 1.0)",0.0,0.0,1.490636817658802,15.545122832710941,-1.7580371683874376,0.0,0.0,0.0,0.0,0.0,0.0,0.0,0.0,49.18640665421593,-6.764096682521611,True,False,True,False,True,0.0,0,0.8390604448865113,0.942609978689185,False,False,False,False,-0.17507263821609448,-0.17579673771286447,False,False,False,False,4575366,4434270.693759777,False,False,False,False,294448.0465906417,False,False,False,False
2023-04-03 00:00:00+00:00,13.4547649448,13.5494501309,13.3790167959,13.426359389,339201,,,,,,,,,,,,,,,,,,,,,,16.700997151074827,,,,13.534602522838961,15.10273183316469,16.190980331446802,"rgba(38, 166, 154, 1.0)",0.0,0.0,1.4944759483793415,15.536363093386774,-1.3928615919474152,0.0,0.0,0.0,0.0,0.0,0.0,0.0,0.0,53.81122676925823,-2.6122560091681706,True,False,True,False,True,0.0,0,0.842658483997432,0.946823871262919,False,False,False,False,-0.09952839312726963,-0.13766256542006705,False,False,False,False,4914567,4453105.843024099,False,False,False,False,296203.06437140086,False,False,False,False
2023-04-04 00:00:00+00:00,13.3600797587,13.5731214274,13.2938001284,13.5399816123,287174,,,,,,,,,,,,,,,,,,,,,,16.685275580250696,,,,13.531989841785652,15.09116087494162,16.176383221223197,"rgba(38, 166, 154, 1.0)",0.0,0.0,1.4990657309844864,15.31452498689051,-1.30377553685185,0.0,0.0,0.0,0.0,0.0,0.0,0.0,0.0,56.045534362287455,-0.7141685839967948,True,False,True,False,True,0.0,0,0.8208890031921167,0.9503606258455939,False,False,False,False,-0.10324326662193699,-0.12045291602100203,False,False,False,False,4627393,4459940.633493743,False,False,False,False,295848.9834156597,False,False,False,False
2023-04-05 00:00:00+00:00,13.0949612376,13.1138982749,12.8866538282,13.085492719,252417,,,,,,,,,,,,,,,,,,,,,,16.67000369936038,,,,13.523009428538384,15.07886887045771,16.161947253217324,"rgba(38, 166, 154, 1.0)",0.0,0.0,1.5050402143256876,15.295358972612515,-1.462019229830595,0.0,0.0,0.0,0.0,0.0,0.0,0.0,0.0,55.303598974519936,-0.7141685839967948,True,False,True,False,True,0.0,0,0.799099284340517,0.9821941148178052,False,False,False,False,-0.1558886624498203,-0.13817078923541115,False,False,False,False,4374976,4456608.687082224,False,False,False,False,294145.7683797515,False,False,False,False
2023-04-06 00:00:00+00:00,12.8298427166,12.9103251247,12.7256890118,12.7635630863,267787,,,,,,,,,,,,,,,,,,,,,,16.653014188748116,,,,13.509904832696854,15.064667078154468,16.145759196711477,"rgba(38, 166, 154, 0.75)",0.0,0.0,1.513104737967586,15.27557824938506,-1.616368960730498,0.0,0.0,0.0,0.0,0.0,0.0,0.0,0.0,52.86273332588678,-0.7141685839967948,True,False,True,False,False,0.0,0,0.7789121341847037,0.9878017397670426,False,False,False,False,-0.17828203341544627,-0.1582264113254287,False,False,False,False,4107189,4442905.95425547,False,False,False,False,293112.0911883887,False,False,False,False
2023-04-10 00:00:00+00:00,12.9718704957,13.1186325342,12.7730316049,12.7730316049,207589,,,,,,,,,,,,,,,,,,,,,,16.640398908309383,,,,13.501971828627088,15.054423690206832,16.133813937377433,"rgba(38, 166, 154, 0.75)",0.0,0.0,1.5210657450078822,15.26508736081357,-1.5076382284196976,0.0,0.0,0.0,0.0,0.0,0.0,0.0,0.0,52.277399843066654,-0.7141685839967948,True,False,True,False,False,0.0,0,0.7764006889709735,0.9810480408499874,False,False,False,False,-0.15992045813036398,-0.15907343472789634,False,False,False,False,4314778,4437881.328598393,False,False,False,False,289758.2444751186,False,False,False,False
2023-04-11 00:00:00+00:00,13.0570871632,13.1328353121,12.915059384,12.9718704957,726994,,,,,,,,,,,,,,,,,,,,,,16.597839608479518,,,,13.479725347366644,15.020666730474,16.093717864152143,"rgba(38, 166, 154, 0.75)",0.0,0.0,1.5279020750188341,15.234947922211214,-1.4253928930519764,0.0,0.0,0.0,0.0,0.0,0.0,0.0,0.0,52.508863013187806,-0.7141685839967948,True,False,True,False,False,0.0,0,0.786569203234786,0.9765552084629906,False,False,False,False,-0.1451688888286313,-0.15212116177826382,False,False,False,False,5041772,4461563.315712182,False,False,False,False,306904.7446917806,False,False,False,False
2023-04-12 00:00:00+00:00,12.8109056793,12.9055908654,12.7351575305,12.867716791,324681,,,,,,,,,,,,,,,,,,,,,,16.57801310450145,,,,13.465923455986083,15.004338716025364,16.074892679204883,#000000,0.0,0.0,1.5373074821761286,15.21777176420613,-1.5656373970801878,0.0,0.0,0.0,0.0,0.0,0.0,0.0,0.0,50.75419850522125,-0.7141685839967948,True,False,False,False,False,0.0,0,0.7754535418689038,0.9686896472186199,False,False,False,False,-0.1705143845958136,-0.16131777318703872,False,False,False,False,4717091,4471584.0092136655,False,False,False,False,307601.8527430833,False,False,False,False
2023-04-13 00:00:00+00:00,13.1801779051,13.2653945726,13.1423038307,13.2369890168,290698,,,,,,,,,,,,,,,,,,,,,,16.562207384331366,,,,13.460980188999633,14.99241989158198,16.06015878279903,"rgba(38, 166, 154, 0.75)",0.0,0.0,1.5425701092555675,15.208801842068198,-1.3150935084222495,0.0,0.0,0.0,0.0,0.0,0.0,0.0,0.0,52.24647293897315,-0.7141685839967948,True,False,True,False,False,0.0,0,0.7931319763083439,0.9569362839212581,False,False,False,False,-0.12149473899382503,-0.14140625609043186,False,False,False,False,5007789,4492611.655911168,False,False,False,False,306938.9565570801,False,False,False,False
2023-04-14 00:00:00+00:00,12.8109056793,13.0192130888,12.7162204932,12.9434649399,303548,,,,,,,,,,,,,,,,,,,,,,16.54417389339582,,,,13.449494404476132,14.977767710505649,16.04308820976579,#000000,0.0,0.0,1.5504685118987964,15.193961830615512,-1.5369910017695747,0.0,0.0,0.0,0.0,0.0,0.0,0.0,0.0,50.61326226586749,-0.7141685839967948,True,False,False,False,False,0.0,0,0.77236708338875,0.9692636297125191,False,False,False,False,-0.16382193924606137,-0.15261409766824663,False,False,False,False,4704241,4500910.845875436,False,False,False,False,306805.97786856716,False,False,False,False
2023-04-17 00:00:00+00:00,12.5552556769,12.6404723444,12.4605704908,12.6025982699,239585,,,,,,,,,,,,,,,,,,,,,,16.528930759896586,,,,13.436399601994593,14.964751715677172,16.028502789982046,#000000,0.0,0.0,1.5616184336947536,15.179122851920999,-1.68022297790952,0.0,0.0,0.0,0.0,0.0,0.0,0.0,0.0,47.97700189537437,3.9895902833573587,True,False,False,False,False,0.0,0,0.7577841671042177,0.9771666971838759,False,False,False,False,-0.18795462864402868,-0.17028436315613765,False,False,False,False,4464656,4499489.087213655,False,False,False,False,304169.8610894077,False,False,False,False
2023-04-18 00:00:00+00:00,12.526850121,12.6073325292,12.4511019722,12.5931297513,337804,,,,,,,,,,,,,,,,,,,,,,16.507508587809692,,,,13.41809551173171,14.946457546070988,16.008005232751636,"rgba(239, 83, 80, 0.5)",0.0,0.0,1.5736049918121462,15.158589401007115,-1.6724268756776324,0.0,0.0,0.0,0.0,0.0,0.0,0.0,0.0,46.05092642921925,2.009873174910709,True,False,False,True,False,0.0,0,0.7765143047488113,0.9642091113742349,False,False,False,False,-0.18021998280313936,-0.17525217297963852,False,False,False,False,4126852,4484875.868107237,False,False,False,False,305488.84692903876,False,False,False,False
2023-04-19 00:00:00+00:00,12.5741927141,12.6025982699,12.4037593791,12.4132278977,394045,,,,,,,,,,,,,,,,,,,,,,16.482798143071204,,,,13.397618818488507,14.925448021350052,15.984385635286635,"rgba(239, 83, 80, 0.5)",0.0,0.0,1.5841023715648923,15.13555944155902,-1.6169199500211044,0.0,0.0,0.0,0.0,0.0,0.0,0.0,0.0,45.17628174778434,1.0053381112903779,True,False,False,True,False,0.0,0,0.7873391756279986,0.9459597861421626,False,False,False,False,-0.16541196005422315,-0.17033206651693084,False,False,False,False,4520897,4486288.461514796,False,False,False,False,308961.637245547,False,False,False,False
2023-04-20 00:00:00+00:00,12.6404723444,12.8298427166,12.6215353071,12.8298427166,279678,,,,,,,,,,,,,,,,,,,,,,16.46619257284747,,,,13.386381669587704,14.91180021740155,15.968631724458364,"rgba(239, 83, 80, 0.5)",0.0,0.0,1.593431324095094,15.121723400000894,-1.5571747699951812,0.0,0.0,0.0,0.0,0.0,0.0,0.0,0.0,45.190719444408856,0.7688590626852374,True,False,False,True,False,0.0,0,0.8174195268320585,0.927886615056705,False,False,False,False,-0.1265134006610914,-0.14842273358901112,False,False,False,False,4800575,4498613.423808333,False,False,False,False,307813.2593143491,False,False,False,False
2023-04-21 00:00:00+00:00,12.2238575255,12.3469482674,12.138640858,12.3469482674,368577,,,,,,,,,,,,,,,,,,,,,,16.441881394517527,,,,13.362569870901986,14.890377761243759,15.945207256228016,"rgba(239, 83, 80, 0.5)",0.0,0.0,1.6084077775697452,15.097060417577211,-1.7863647093391533,0.0,0.0,0.0,0.0,0.0,0.0,0.0,0.0,42.491452044460445,-2.0346654497401957,False,False,False,True,False,0.0,0,0.7913311609093747,0.9489429547984414,False,False,False,False,-0.21157946042891912,-0.1800010970089651,False,False,False,False,4431998,4496001.054247223,False,False,False,False,310196.15110594325,False,False,False,False
2023-04-24 00:00:00+00:00,12.1481093766,12.1670464139,12.0344871533,12.0723612278,253194,,,,,,,,,,,,,,,,,,,,,,16.424870435686064,,,,13.345093594001405,14.875203187320949,15.928770573379527,"rgba(239, 83, 80, 0.5)",0.0,0.0,1.6242735444344438,15.079448951188706,-1.8047080706528214,0.0,0.0,0.0,0.0,0.0,0.0,0.0,0.0,40.262947485276385,-4.301914360040165,False,False,False,True,False,0.0,0,0.7831221485062172,0.9621355843205893,False,False,False,False,-0.23712910978213067,-0.2085651033955479,False,False,False,False,4178804,4483561.9540806655,False,False,False,False,307960.7726312004,False,False,False,False
2023-04-25 00:00:00+00:00,11.8072427067,11.9871445603,11.7741028915,11.968207523,306339,,,,,,,,,,,,,,,,,,,,,,16.403233800133002,,,,13.320248629929475,14.855351872011237,15.90772606131024,"rgba(239, 83, 80, 0.5)",0.0,0.0,1.644799932575907,15.055681656003202,-1.9749751230934507,0.0,0.0,0.0,0.0,0.0,0.0,0.0,0.0,37.02788995355026,-7.445265623360811,False,False,False,True,False,0.0,0,0.7637634211746864,0.9725486088340578,False,False,False,False,-0.27735372261409524,-0.24295941300482157,False,False,False,False,3872465,4459597.36764613,False,False,False,False,307897.17370448663,False,False,False,False
2023-04-26 00:00:00+00:00,11.9776760417,12.1291723394,11.9492704858,12.0818297464,227383,,,,,,,,,,,,,,,,,,,,,,16.387875223915007,,,,13.30432536787255,14.841574488362117,15.892866717204315,"rgba(239, 83, 80, 0.5)",0.0,0.0,1.6606338231216546,15.039891254201105,-1.8440038796420282,0.0,0.0,0.0,0.0,0.0,0.0,0.0,0.0,36.59800239370311,-7.929167767469366,False,False,False,True,False,0.0,0,0.769596175459836,0.9561636090110489,False,False,False,False,-0.2482938317935011,-0.24562662239916133,False,False,False,False,4099848,4445489.549307066,False,False,False,False,304739.7551278401,False,False,False,False
2023-04-27 00:00:00+00:00,12.1007667836,12.138640858,11.9587390044,12.0250186347,175528,,,,,,,,,,,,,,,,,,,,,,16.376220255301874,,,,13.292740329109447,14.83120708322248,15.88161272458992,"rgba(239, 83, 80, 0.5)",0.0,0.0,1.6710894248103643,15.028224629452012,-1.751825965976789,0.0,0.0,0.0,0.0,0.0,0.0,0.0,0.0,37.5098992506727,-7.929167767469366,False,False,False,True,False,0.0,0,0.7672976723720403,0.9584388646704026,False,False,False,False,-0.2465722949531264,-0.24609945867614386,False,False,False,False,4275376,4438818.429726397,False,False,False,False,299672.627475768,False,False,False,False
2023-04-28 00:00:00+00:00,12.3280112302,12.3745963418,11.9776760417,11.9966130789,221679,,,,,,,,,,,,,,,,,,,,,,16.362135905206515,,,,13.28029216465455,14.818978549279791,15.868088675973828,"rgba(239, 83, 80, 0.5)",0.0,0.0,1.6745450109739934,15.015017138410832,-1.6046185026987982,0.0,0.0,0.0,0.0,0.0,0.0,0.0,0.0,40.18107863352396,-7.929167767469366,False,False,False,True,True,0.0,0,0.7840029331058055,0.9384751523585224,False,False,False,False,-0.22353493896525894,-0.2348171988207014,False,False,False,False,4497055,4441102.216795949,False,False,False,False,296614.05384926725,False,False,False,False
2023-05-01 00:00:00+00:00,12.2522630813,12.3753538233,12.1954519697,12.3185427116,111968,,,,,,,,,,,,,,,,,,,,,,16.35513976912989,,,,13.274393656128419,14.812958181504149,15.861384565655502,"rgba(239, 83, 80, 0.5)",0.0,0.0,1.67843694348846,15.008617267934088,-1.642214917472733,0.0,0.0,0.0,0.0,0.0,0.0,0.0,0.0,41.41464782386186,-7.929167767469366,False,False,False,True,True,0.0,0,0.7869970281208539,0.9484957570710293,False,False,False,False,-0.19024146655592739,-0.2125293326883144,False,False,False,False,4385087,4438905.541627482,False,False,False,False,289373.0321296882,False,False,False,False
2023-05-02 00:00:00+00:00,11.8072427067,11.9871445603,11.6368093717,11.9871445603,290970,,,,,,,,,,,,,,,,,,,,,,16.335016111819538,,,,13.252420223956975,14.7946103984441,15.841840716114275,"rgba(239, 83, 80, 0.5)",0.0,0.0,1.679331630841235,14.98748778735634,-1.893756433958935,0.0,0.0,0.0,0.0,0.0,0.0,0.0,0.0,39.472446640413544,-7.929167767469366,False,False,False,True,True,0.0,0,0.77977277916118,0.9485000244485611,False,False,False,False,-0.2610126740894031,-0.23677100338885876,False,False,False,False,4094117,4425384.422347973,False,False,False,False,289435.6583206808,False,False,False,False
2023-05-03 00:00:00+00:00,11.6273408531,11.8356482625,11.6273408531,11.7599001136,298479,,,,,,,,,,,,,,,,,,,,,,16.3140437015233,,,,13.228831831574432,14.775312863520812,15.821427933739473,"rgba(239, 83, 80, 0.5)",0.0,0.0,1.6796979710232078,14.96517455718471,-1.9871630267264238,0.0,0.0,0.0,0.0,0.0,0.0,0.0,0.0,37.25793779457414,-7.929167767469366,False,False,False,True,False,0.0,0,0.7981813876037889,0.9502423579207362,False,False,False,False,-0.2820758382572822,-0.25942342082307046,False,False,False,False,3795638,4400688.48421668,False,False,False,False,289790.29917085014,False,False,False,False
2023-05-04 00:00:00+00:00,11.4000964064,11.6936204834,11.3906278878,11.5894667786,270636,,,,,,,,,,,,,,,,,,,,,,16.294366170142695,,,,13.205314317207083,14.756887605199617,15.802194393162779,"rgba(239, 83, 80, 1.0)",0.0,0.0,1.6884613643728406,14.943569928051716,-2.098640570889165,0.0,0.0,0.0,0.0,0.0,0.0,0.0,0.0,34.71740471978818,-9.892957398030795,False,True,False,True,False,0.0,0,0.7999605733093567,0.9325717751734451,False,False,False,False,-0.3398826547394599,-0.2996530377812652,False,False,False,False,3525002,4366347.83777681,False,False,False,False,289039.150183758,False,False,False,False
2023-05-05 00:00:00+00:00,11.9587390044,12.0060815975,11.750431595,11.750431595,270685,,,,,,,,,,,,,,,,,,,,,,16.27651395107603,,,,13.18791319807382,14.740956908065423,15.784943861026019,"rgba(239, 83, 80, 0.5)",0.0,0.0,1.685245753633654,14.926106316087182,-1.7607920419256795,0.0,0.0,0.0,0.0,0.0,0.0,0.0,0.0,37.90743157144566,-9.892957398030795,False,False,False,True,True,0.0,0,0.7994445311417058,0.918133500736285,False,False,False,False,-0.23852385755704367,-0.2690884476691544,False,False,False,False,3795687,4343968.981393405,False,False,False,False,288319.3795883165,False,False,False,False
2023-05-08 00:00:00+00:00,12.1859834511,12.3658853047,12.1670464139,12.2333260441,229104,,,,,,,,,,,,,,,,,,,,,,16.262664897703825,,,,13.177292137407177,14.72918615841427,15.771710874056863,"rgba(239, 83, 80, 0.5)",0.0,0.0,1.6740449673498046,14.914072600109938,-1.6296391089952618,0.0,0.0,0.0,0.0,0.0,0.0,0.0,0.0,41.61689043667306,-14.219300514522658,False,False,False,True,True,0.0,0,0.8292868493987184,0.8962873317560124,False,False,False,False,-0.12705815532092005,-0.1980733014950372,False,False,False,False,4024791,4331452.197809351,False,False,False,False,285997.20783975505,False,False,False,False
2023-05-09 00:00:00+00:00,11.968207523,12.0202843754,11.8735223369,11.968207523,239816,,,,,,,,,,,,,,,,,,,,,,16.247247691717305,,,,13.163116402995454,14.715583055903059,15.756852930803406,"rgba(239, 83, 80, 0.5)",0.0,0.0,1.6574904289833838,14.899439972969251,-1.768476244998357,0.0,0.0,0.0,0.0,0.0,0.0,0.0,0.0,42.74237821866702,-13.215950071849761,True,False,False,True,True,0.0,0,0.8242694227760845,0.9022215097383143,False,False,False,False,-0.21846292022198927,-0.20826811085851324,False,False,False,False,3784975,4310021.719463886,False,False,False,False,284186.18008133327,False,False,False,False
2023-05-10 00:00:00+00:00,11.7788371508,11.9871445603,11.6604806682,11.9871445603,214566,,,,,,,,,,,,,,,,,,,,,,16.23308365295083,,,,13.149218999835805,14.702890812937042,15.743153263908829,"rgba(239, 83, 80, 0.5)",0.0,0.0,1.6419714163962915,14.885549073787875,-1.8920621223762322,0.0,0.0,0.0,0.0,0.0,0.0,0.0,0.0,42.39650072932073,-13.215950071849761,True,False,False,True,True,0.0,0,0.8061765184125451,0.9103390877189159,False,False,False,False,-0.2545685805187102,-0.2314183456886117,False,False,False,False,3570409,4281017.299092753,False,False,False,False,281455.9769408888,False,False,False,False
2023-05-11 00:00:00+00:00,11.2486001087,11.4758445553,11.1701060894,11.2580686273,624087,,,,,,,,,,,,,,,,,,,,,,16.187699096570377,,,,13.095571890159468,14.66019237962824,15.69873914327431,"rgba(239, 83, 80, 0.5)",0.0,0.0,1.609884977911287,14.546609544180082,-2.0485994221518973,0.0,0.0,0.0,0.0,0.0,0.0,0.0,0.0,39.611450562214166,-13.215950071849761,False,False,False,True,True,0.0,0,0.7835048071946116,0.9510682781854551,False,False,False,False,-0.34282825441539394,-0.2871233000520028,False,False,False,False,2946322,4228676.306971469,False,False,False,False,294892.48764908925,False,False,False,False
2023-05-12 00:00:00+00:00,11.4947815925,11.6273408531,11.4663760367,11.5610612228,241898,,,,,,,,,,,,,,,,,,,,,,16.17115322639011,,,,13.078174700913593,14.645047918850722,15.682654274458471,"rgba(239, 83, 80, 0.5)",0.0,0.0,1.5658440551262227,14.533895416082427,-1.9408789870441108,0.0,0.0,0.0,0.0,0.0,0.0,0.0,0.0,39.64103956925302,-13.215950071849761,False,False,False,True,True,0.0,0,0.7922956486423932,0.9356842776388734,False,False,False,False,-0.2800039954921831,-0.283563647772093,False,False,False,False,3188220,4187874.098854941,False,False,False,False,292814.2724471642,False,False,False,False
2023-05-15 00:00:00+00:00,11.7125575206,11.750431595,11.5515927042,11.6178723345,195453,,,,,,,,,,,,,,,,,,,,,,16.158276266122773,,,,13.065661114825847,14.633470808133609,15.670189470739524,"rgba(239, 83, 80, 0.5)",0.0,0.0,1.5144209401424729,14.524853474858485,-1.857010742332915,0.0,0.0,0.0,0.0,0.0,0.0,0.0,0.0,41.209499419005795,-13.215950071849761,False,False,False,True,True,0.0,0,0.7796840972703973,0.9304266526550695,False,False,False,False,-0.23954143510085513,-0.26155254143647405,False,False,False,False,3383673,4156336.8008606294,False,False,False,False,288996.18333158916,False,False,False,False
2023-05-16 00:00:00+00:00,11.4095649251,11.6652149275,11.3906278878,11.5705297414,191999,,,,,,,,,,,,,,,,,,,,,,16.14518525109814,,,,13.051997709654898,14.62148826817253,15.657463031603418,"rgba(239, 83, 80, 0.5)",0.0,0.0,1.469321051042358,14.51282749053066,-2.1120384569656574,0.0,0.0,0.0,0.0,0.0,0.0,0.0,0.0,40.69586443223539,-13.215950071849761,False,False,False,True,True,0.0,0,0.7951646144596224,0.9315460465705657,False,False,False,False,-0.27344712895686596,-0.26749983519667,False,False,False,False,3191674,4118506.8871013895,False,False,False,False,285192.3722205464,False,False,False,False
2023-05-17 00:00:00+00:00,11.57999826,11.6084038159,11.3811593692,11.4095649251,154030,,,,,,,,,,,,,,,,,,,,,,16.13481391073146,,,,13.041445909378497,14.612046951462691,15.64739374522024,"rgba(239, 83, 80, 0.5)",0.0,0.0,1.4198591789802286,14.503531491449342,-2.059030412825223,0.0,0.0,0.0,0.0,0.0,0.0,0.0,0.0,41.58559196368858,-13.215950071849761,False,False,False,True,True,0.0,0,0.8143971875990138,0.92587912857641,False,False,False,False,-0.2844776426986437,-0.27598873894765685,False,False,False,False,3345704,4088200.891528786,False,False,False,False,280048.74978052505,False,False,False,False
2023-05-18 00:00:00+00:00,11.4095649251,11.4190334437,11.1823204784,11.2675371459,251870,,,,,,,,,,,,,,,,,,,,,,16.11727383419039,,,,13.022423737937412,14.595808578019138,15.63029501601983,"rgba(239, 83, 80, 0.5)",0.0,0.0,1.3652747120003996,14.485584401158487,-2.2530406877246745,0.0,0.0,0.0,0.0,0.0,0.0,0.0,0.0,41.266045103678465,-13.215950071849761,False,False,False,True,True,0.0,0,0.7904900877274096,0.9388288936971086,False,False,False,False,-0.34282825441539394,-0.30940849668152537,False,False,False,False,3093834,4049206.111468834,False,False,False,False,278943.7007695241,False,False,False,False
2023-05-19 00:00:00+00:00,11.3811593692,11.4474389995,11.314879739,11.4190334437,182090,,,,,,,,,,,,,,,,,,,,,,16.104789334039182,,,,13.009287583920695,14.584326759041648,15.618144052620835,"rgba(239, 83, 80, 0.5)",0.0,0.0,1.3029137383793588,14.473360422103402,-2.3732968360205215,0.0,0.0,0.0,0.0,0.0,0.0,0.0,0.0,40.898044879554234,-13.215950071849761,False,False,False,True,True,0.0,0,0.8108966739433713,0.9276004409176968,False,False,False,False,-0.3155178996003943,-0.3124631981409598,False,False,False,False,2911744,4004599.7541563306,False,False,False,False,275145.5164256212,False,False,False,False
2023-05-22 00:00:00+00:00,11.6557464089,11.8255169476,11.6368093717,11.7220260392,278516,,,,,,,,,,,,,,,,,,,,,,16.087125040725418,,,,12.99352593848593,14.568687670083017,15.601107140796449,"rgba(239, 83, 80, 0.5)",0.0,0.0,1.2373163382762526,14.459643812818774,-2.2661120015799496,0.0,0.0,0.0,0.0,0.0,0.0,0.0,0.0,42.81646362990047,-11.688719772302292,True,False,False,True,True,0.0,0,0.8242012681092099,0.9062424629289751,False,False,False,False,-0.20135666178649073,-0.25690992996372525,False,False,False,False,3190260,3972664.8618364744,False,False,False,False,275277.69225206744,False,False,False,False
2023-05-23 00:00:00+00:00,11.6557464089,11.8451167811,11.6462778903,11.6841519647,219527,,,,,,,,,,,,,,,,,,,,,,16.07333223873712,,,,12.981460200090261,14.556521478382296,15.587815966846506,"rgba(239, 83, 80, 0.5)",0.0,0.0,1.1921443187267082,14.44879090607076,-2.3428744769374252,0.0,0.0,0.0,0.0,0.0,0.0,0.0,0.0,44.09540946346463,-10.269221956467383,True,False,False,True,True,0.0,0,0.8396538697808096,0.8902036667987913,False,False,False,False,-0.19674495584326274,-0.226827442903494,False,False,False,False,3190260,3941982.318235044,False,False,False,False,273091.39059512364,False,False,False,False
2023-05-24 00:00:00+00:00,11.7125575206,11.9776760417,11.6865190944,11.9492704858,275695,,,,,,,,,,,,,,,,,,,,,,16.05643531075262,,,,12.967523294843312,14.54179636323047,15.571579782488428,"rgba(239, 83, 80, 0.5)",0.0,0.0,1.14282093298074,14.436052751481764,-2.3831338333804064,0.0,0.0,0.0,0.0,0.0,0.0,0.0,0.0,45.41819375435454,-8.837824384909943,True,False,False,True,True,0.0,1,0.8434257789446065,0.8801313273331107,False,False,False,False,-0.16949303262342733,-0.19816023776346064,False,False,False,False,3465955,3923314.5802650424,False,False,False,False,273193.4929247266,False,False,False,False
2023-05-25 00:00:00+00:00,11.2864741831,11.4095649251,11.0686982551,11.4095649251,348330,,,,,,,,,,,,,,,,,,,,,,16.032610199708024,,,,12.94253450489637,14.519822251765614,15.548375016040168,"rgba(239, 83, 80, 0.5)",0.0,0.0,1.1265517431289473,14.411653369885727,-2.7741106485758755,0.0,0.0,0.0,0.0,0.0,0.0,0.0,0.0,43.43117366639732,-8.837824384909943,True,False,False,True,True,0.0,1,0.8415486075781038,0.8809171474027141,False,False,False,False,-0.34282825441539394,-0.2704942460894273,False,False,False,False,3117625,3891718.910450727,False,False,False,False,276140.02261395304,False,False,False,False
2023-05-26 00:00:00+00:00,11.4000964064,11.4758445553,11.3338167762,11.3716908506,237973,,,,,,,,,,,,,,,,,,,,,,16.016969948460456,,,,12.927341847353768,14.505652522662672,15.533207629596445,"rgba(239, 83, 80, 0.5)",0.0,0.0,1.1023840865160486,14.396928104696446,-2.7185005071758344,0.0,0.0,0.0,0.0,0.0,0.0,0.0,0.0,43.11362353376895,-8.837824384909943,False,False,False,True,False,0.0,1,0.8405692870386834,0.8835523691533566,False,False,False,False,-0.28860577731773834,-0.27955001170358285,False,False,False,False,3355598,3870694.561021287,False,False,False,False,274643.2766290921,False,False,False,False
2023-05-30 00:00:00+00:00,11.144446404,11.2959427017,11.0402926993,11.2675371459,229273,,,,,,,,,,,,,,,,,,,,,,16.001212641609158,,,,12.910696407898888,14.491062261891805,15.517845627882828,"rgba(239, 83, 80, 0.5)",0.0,0.0,1.0800777701191586,14.380688547708635,-2.9963047414183883,0.0,0.0,0.0,0.0,0.0,0.0,0.0,0.0,41.34528289547455,-8.837824384909943,False,False,False,True,False,0.0,1,0.8087908909386209,0.8975119175724277,False,False,False,False,-0.34282825441539394,-0.31118913305948837,False,False,False,False,3126325,3841503.5978439813,False,False,False,False,272864.0500946179,False,False,False,False
2023-05-31 00:00:00+00:00,10.9456075132,11.1207751074,10.9456075132,11.1160408481,234054,,,,,,,,,,,,,,,,,,,,,,15.984716129540415,,,,12.892536242922482,14.475605955679352,15.501715946899656,"rgba(239, 83, 80, 1.0)",0.0,0.0,1.0487585952839522,14.078834549862128,-2.9875579096577547,0.0,0.0,0.0,0.0,0.0,0.0,0.0,0.0,39.08291625768565,-6.798321956860619,False,True,False,True,False,0.0,0,0.8113202261332698,0.9026485205619176,False,False,False,False,-0.34282825441539394,-0.3270086937374411,False,False,False,False,2892271,3804278.790085394,False,False,False,False,271342.0873458093,False,False,False,False
2023-06-01 00:00:00+00:00,11.1728519598,11.3030440907,11.0024186248,11.0024186248,352116,,,,,,,,,,,,,,,,,,,,,,15.960870733826498,,,,12.868053978161505,14.45363922685816,15.47849726338861,"rgba(239, 83, 80, 0.5)",0.0,0.0,1.0076760668253204,14.060888937920776,-2.866037085925367,0.0,0.0,0.0,0.0,0.0,0.0,0.0,0.0,39.70230850394909,-6.798321956860619,False,False,False,True,False,0.0,0,0.7942185614007836,0.904164245180621,False,False,False,False,-0.3068253513676997,-0.31691702255257037,False,False,False,False,3244387,3782322.2492977316,False,False,False,False,274509.6917636207,False,False,False,False
2023-06-02 00:00:00+00:00,11.7693686322,11.8545852997,11.5894667786,11.6084038159,240834,,,,,,,,,,,,,,,,,,,,,,15.94664494177273,,,,12.857238195623355,14.441390225080795,15.464866556515654,"rgba(239, 83, 80, 0.5)",0.0,0.0,0.9565830888992671,14.060185291595124,-2.3947910913114177,0.0,0.0,0.0,0.0,0.0,0.0,0.0,0.0,44.44122589934388,-9.905467092290124,True,False,False,True,True,0.0,1,0.8045165032377395,0.8937084136062697,False,False,False,False,-0.14397594606919578,-0.23044648431088308,False,False,False,False,3485221,3770671.219913507,False,False,False,False,273189.07640034147,False,False,False,False
2023-06-05 00:00:00+00:00,11.9398019672,12.0439556719,11.8829908556,11.9871445603,234144,,,,,,,,,,,,,,,,,,,,,,15.933616798321166,,,,12.84892690345528,14.430537713314314,15.452478177397179,#000000,0.0,0.0,0.903594087541034,14.059687538274357,-2.3460595861613465,0.0,0.0,0.0,0.0,0.0,0.0,0.0,0.0,48.592803411430914,-6.159302013723483,True,False,False,False,True,0.0,1,0.8217362967555275,0.8780737026051222,False,False,False,False,-0.07759450917222324,-0.15402049674155316,False,False,False,False,3719365,3768659.211289448,False,False,False,False,271657.89693366137,False,False,False,False
2023-06-06 00:00:00+00:00,12.2617316,12.2712001186,12.0155501161,12.0155501161,301608,,,,,,,,,,,,,,,,,,,,,,15.917911209106675,,,,12.84111061347708,14.417967939218924,15.437677322076452,"rgba(38, 166, 154, 1.0)",0.0,0.0,0.838268655637061,14.06012176411891,-2.145362530288316,0.0,0.0,0.0,0.0,0.0,0.0,0.0,0.0,53.060871393727396,-2.2131065136421384,True,False,True,False,True,0.0,0,0.8345253004587255,0.8411168237816822,False,False,False,False,-0.028605670198011364,-0.09131308346978226,False,False,False,False,4020973,3778553.8696702546,False,False,False,False,272832.41077940015,False,False,False,False
2023-06-07 00:00:00+00:00,12.5931297513,12.6925491967,12.4929528244,12.5741927141,264503,,,,,,,,,,,,,,,,,,,,,,15.90574589013572,,,,12.838582113471945,14.409060874458557,15.426428572323216,"rgba(38, 166, 154, 1.0)",0.0,0.0,0.7795474040752041,14.064840563300985,-1.88790419198036,0.0,0.0,0.0,0.0,0.0,0.0,0.0,0.0,57.53652412598488,1.6736630979269762,True,False,True,False,True,0.0,0,0.8359307548545535,0.8462694396947789,False,False,False,False,0.09367556033501481,0.0011812384326162773,False,False,False,False,4285476,3798433.168898872,False,False,False,False,272505.76721942367,False,False,False,False
2023-06-08 00:00:00+00:00,12.7162204932,12.8771853096,12.5647241955,12.7919686421,352332,,,,,,,,,,,,,,,,,,,,,,15.890292151244768,,,,12.836986354096066,14.398147399944005,15.412244886782835,"rgba(38, 166, 154, 1.0)",0.0,0.0,0.763350217010241,14.069982472646933,-1.7734480835665645,0.0,0.0,0.0,0.0,0.0,0.0,0.0,0.0,61.03478583330106,4.634313635490379,True,False,True,False,True,0.0,0,0.8235903056868009,0.844869963808366,False,False,False,False,0.12891783543648744,0.06504953693455186,False,False,False,False,4637808,3831349.8289420535,False,False,False,False,275636.20772062277,False,False,False,False
2023-06-09 00:00:00+00:00,12.9718704957,13.0334158667,12.9245279027,13.0002760515,317918,,,,,,,,,,,,,,,,,,,,,,15.877596732572764,,,,12.838652689944348,14.389910634712272,15.400783946265632,"rgba(38, 166, 154, 1.0)",0.0,0.0,0.7571084977406978,14.076410940953991,-1.4588932082390735,0.0,0.0,0.0,0.0,0.0,0.0,0.0,0.0,64.38149069219286,7.506576227085397,True,False,True,False,True,0.13607390223794624,0,0.8295260619300437,0.8354907566561811,False,False,False,False,0.20091762534510632,0.13298358113982908,False,False,False,False,4955726,3875443.0121207964,False,False,False,False,277294.31722177484,False,False,False,False
2023-06-12 00:00:00+00:00,12.9055908654,12.9339964213,12.7446260491,12.9339964213,261830,,,,,,,,,,,,,,,,,,,,,,15.866811941758579,,,,12.838874147800627,14.382651234201852,15.390980940850236,"rgba(38, 166, 154, 1.0)",0.0,0.0,0.7441613111655487,14.078509297555637,-1.5761615318573114,0.0,0.0,0.0,0.0,0.0,0.0,0.0,0.0,65.98637534792579,8.839216544359687,True,False,True,False,True,0.0,0,0.8150148735323839,0.847249081027308,False,False,False,False,0.16173644712809013,0.1473600141339596,False,False,False,False,4693896,3907539.2077239025,False,False,False,False,276687.8734091562,False,False,False,False
2023-06-13 00:00:00+00:00,13.1896464237,13.2464575354,13.0192130888,13.0192130888,282710,,,,,,,,,,,,,,,,,,,,,,15.856370099025236,,,,12.842128469250556,14.376371384729238,15.381686110538391,"rgba(38, 166, 154, 1.0)",0.0,0.0,0.7387022805726997,14.083695051742854,-1.2102962879033194,0.0,0.0,0.0,0.0,0.0,0.0,0.0,0.0,68.19405659154539,10.872397971624892,True,False,True,False,True,1.4574934725900022,0,0.8384493489815125,0.830738568610117,False,False,False,False,0.2448050847274736,0.1960825494307166,False,False,False,False,4976606,3949463.395656299,False,False,False,False,276924.03523624816,False,False,False,False
2023-06-14 00:00:00+00:00,13.255926054,13.3411427215,13.1044297562,13.2653945726,209246,,,,,,,,,,,,,,,,,,,,,,15.848926136781428,,,,12.845120743779761,14.37207321174486,15.37510748326384,"rgba(38, 166, 154, 1.0)",0.0,0.0,0.7368129566282141,14.087552699224926,-1.1286808107047899,0.0,0.0,0.0,0.0,0.0,0.0,0.0,0.0,69.91832960006107,12.535180540849275,True,False,True,False,True,1.8564458807332294,0,0.8303042792739739,0.8313291262700508,False,False,False,False,0.27909900129946996,0.23759077536509327,False,False,False,False,5185852,3997949.2232776205,False,False,False,False,274269.99463874823,False,False,False,False
2023-06-15 00:00:00+00:00,13.6062612426,13.6157297612,13.3600797587,13.4547649448,251205,,,,,,,,,,,,,,,,,,,,,,15.84104193295621,,,,12.851320635933783,14.368275359876874,15.36833806843383,"rgba(38, 166, 154, 1.0)",0.0,0.0,0.7428499311572268,14.094736959696188,-0.6575698490477485,0.0,0.0,0.0,0.0,0.0,0.0,0.0,0.0,72.29754984774564,14.878518214474838,True,False,True,False,True,3.9357194590522404,0,0.8449628303115042,0.8135529328330182,False,False,False,False,0.3428282242425207,0.29020949980380695,False,False,False,False,5437057,4054384.8223647727,False,True,False,False,273365.48504507187,False,True,False,False
2023-06-16 00:00:00+00:00,13.5494501309,13.7198834659,13.426359389,13.6346667984,159091,,,,,,,,,,,,,,,,,,,,,,15.83615769678007,,,,12.855405880711757,14.365995284623239,15.36416418657256,"rgba(38, 166, 154, 1.0)",0.0,0.0,0.7356467846139003,13.956093024442799,-0.5527692121378912,0.0,0.0,0.0,0.0,0.0,0.0,0.0,0.0,73.26435947679315,15.945926132262699,True,False,True,False,True,3.5661513347801197,0,0.8646023004119614,0.7927995562821929,False,False,False,False,0.3428282252548444,0.3165188625293257,False,False,False,False,5277966,4102368.3979583113,False,False,False,False,268884.13269036316,False,False,False,False
2023-06-20 00:00:00+00:00,13.2180519796,13.2748630912,13.1233667935,13.2275204982,200729,,,,,,,,,,,,,,,,,,,,,,15.829053304824638,,,,12.8579149298255,14.361852506202691,15.357877580096334,"rgba(38, 166, 154, 1.0)",0.0,0.0,0.7208623859430684,13.948320333363686,-1.0130482155873786,0.0,0.0,0.0,0.0,0.0,0.0,0.0,0.0,70.5502933437473,15.945926132262699,True,False,True,False,True,1.436004079698879,0,0.869243783813905,0.8024278431419746,False,False,False,False,0.23716322860630376,0.27684104556781475,False,False,False,False,5077237,4140598.5392148485,False,False,False,False,266211.3823887803,False,False,False,False
2023-06-21 00:00:00+00:00,12.7162204932,12.867716791,12.6688779002,12.697283456,318389,,,,,,,,,,,,,,,,,,,,,,15.815924445190255,,,,12.85671227519758,14.352782879773592,15.345891037552642,"rgba(38, 166, 154, 0.75)",0.0,0.0,0.694814085010684,13.930968667879819,-1.7483067785840012,0.0,0.0,0.0,0.0,0.0,0.0,0.0,0.0,64.7800669166977,22.297766714842453,True,False,True,False,False,0.0,0,0.8509316427428287,0.8202208134042476,False,False,False,False,0.12146049547497464,0.19915077052139468,False,False,False,False,4758848,4164843.616108384,False,False,False,False,268257.56347157323,False,False,False,False
2023-06-22 00:00:00+00:00,12.3753538233,12.4368991942,12.2427945627,12.2996056744,273908,,,,,,,,,,,,,,,,,,,,,,15.803259410310343,,,,12.851874609262913,14.343137172116288,15.334093883857728,"rgba(38, 166, 154, 0.75)",0.0,0.0,0.6780030594142369,13.913488928086585,-2.2686256107980727,0.0,0.0,0.0,0.0,0.0,0.0,0.0,0.0,58.804089827933154,16.78196550972281,True,False,True,False,False,0.0,0,0.8311016152100376,0.8323737760924612,False,False,False,False,0.009534292284638929,0.1043425314030168,False,False,False,False,4484940,4177396.4154766826,False,False,False,False,268479.14921778603,False,False,False,False
2023-06-23 00:00:00+00:00,11.7977741881,11.8451167811,11.5894667786,11.6462778903,441480,,,,,,,,,,,,,,,,,,,,,,15.779480774046553,,,,12.835031775598052,14.323100768405753,15.311439947932088,#000000,0.0,0.0,0.6721605615134171,13.874392854366452,-3.0894681794343866,0.0,0.0,0.0,0.0,0.0,0.0,0.0,0.0,51.96596413223998,10.611642550041083,True,False,False,False,False,0.0,0,0.8312477824975107,0.8359290188994576,False,False,False,False,-0.15342943682722288,-0.024543452712103037,False,False,False,False,4043460,4172144.0070266165,False,False,False,False,275263.49630728463,False,False,False,False
2023-06-26 00:00:00+00:00,11.9113964114,12.0060815975,11.7125575206,11.7409630764,361067,,,,,,,,,,,,,,,,,,,,,,15.760871456147687,,,,12.823260961191314,14.30777264323556,15.29380435666208,"rgba(239, 83, 80, 0.5)",0.0,0.0,0.6619391460662227,13.85296664100108,-2.933155171649024,0.0,0.0,0.0,0.0,0.0,0.0,0.0,0.0,48.18974844084946,7.373705665779923,False,False,False,True,False,0.0,0,0.8323866217120653,0.8376447453457752,False,False,False,False,-0.11584632314031822,-0.07019488792621062,False,False,False,False,4404527,4181257.0655745924,False,False,False,False,278628.3395893519,False,False,False,False
2023-06-27 00:00:00+00:00,11.6746834461,11.750431595,11.5989352973,11.6841519647,304029,,,,,,,,,,,,,,,,,,,,,,15.74453118413984,,,,12.811503867878052,14.29395400670142,15.278224975907403,"rgba(239, 83, 80, 0.5)",0.0,0.0,0.6591783253472965,13.833410695477705,-3.2748759574889723,0.0,0.0,0.0,0.0,0.0,0.0,0.0,0.0,44.586043436834174,4.189004216357667,False,False,False,True,False,0.0,0,0.8347139954446937,0.8367836411702739,False,False,False,False,-0.16478396476078458,-0.1174894263434976,False,False,False,False,4100498,4178090.043395197,False,False,False,False,279624.44391918124,False,False,False,False
2023-06-28 00:00:00+00:00,11.7125575206,11.7125575206,11.5184528891,11.6178723345,178245,,,,,,,,,,,,,,,,,,,,,,15.734949147660585,,,,12.804562180280636,14.285837414935527,15.26908583157317,"rgba(239, 83, 80, 1.0)",0.0,0.0,0.6569573024638113,13.822527944002946,-3.2117314405210884,0.0,0.0,0.0,0.0,0.0,0.0,0.0,0.0,42.47407242625249,2.2772565701384124,False,True,False,True,False,0.0,0,0.8443789459991475,0.825530619003739,False,False,False,False,-0.1806249515159503,-0.14905718892972394,False,False,False,False,4278743,4182037.218164013,False,False,False,False,275648.7794517624,False,False,False,False
2023-06-29 00:00:00+00:00,11.5705297414,11.6462778903,11.4190334437,11.4190334437,420088,,,,,,,,,,,,,,,,,,,,,,15.711980182956545,,,,12.7871029158672,14.266167556663259,15.247122632572788,"rgba(239, 83, 80, 1.0)",0.0,0.0,0.6605978858243503,13.796477935196572,-3.3695963029291938,0.0,0.0,0.0,0.0,0.0,0.0,0.0,0.0,40.373883699162555,0.21881690267193932,False,True,False,True,False,0.0,0,0.8366938420979472,0.8250071490479376,False,False,False,False,-0.2029558529758475,-0.17600652095278574,False,False,False,False,3858655,4169355.5625497377,False,False,False,False,281313.0626105168,False,False,False,False
2023-06-30 00:00:00+00:00,11.7220260392,11.7788371508,11.6368093717,11.6557464089,217230,,,,,,,,,,,,,,,,,,,,,,15.700674179632408,,,,12.779453913747808,14.256725043190624,15.236375278011806,"rgba(239, 83, 80, 1.0)",0.0,0.0,0.6620740595503415,13.785774291634016,-3.117095772995012,0.0,0.0,0.0,0.0,0.0,0.0,0.0,0.0,40.24786677670967,-0.14117657382439575,False,True,False,True,False,0.0,0,0.8481063853904522,0.8135074067352848,False,False,False,False,-0.15594917465509858,-0.16597784780394215,False,False,False,False,4075885,4165690.0502928854,False,False,False,False,278800.001331673,False,False,False,False
2023-07-03 00:00:00+00:00,11.92086493,11.92086493,11.8261797439,11.8261797439,169663,,,,,,,,,,,,,,,,,,,,,,15.692277597375213,,,,12.774532350623428,14.249907567743538,15.228445375633184,"rgba(239, 83, 80, 1.0)",0.0,0.0,0.6589832306274742,13.779153297192678,-2.8199327097037705,0.0,0.0,0.0,0.0,0.0,0.0,0.0,0.0,41.755569151608114,-0.14117657382439575,False,True,False,True,False,0.0,0,0.8427442260576545,0.8177711413643826,False,False,False,False,-0.11210758052027613,-0.13904271416210914,False,False,False,False,4245548,4168821.734595125,False,False,False,False,274520.1189265094,False,False,False,False
2023-07-05 00:00:00+00:00,11.8451167811,12.0344871533,11.8167112253,12.0344871533,297776,,,,,,,,,,,,,,,,,,,,,,15.677666304330971,,,,12.766115812581356,14.238084267114973,15.214657261896152,"rgba(239, 83, 80, 1.0)",0.0,0.0,0.6589108152028856,13.76796001203525,-2.918214706102807,0.0,0.0,0.0,0.0,0.0,0.0,0.0,0.0,42.27909251175989,-0.14117657382439575,False,True,False,True,False,0.0,0,0.8527983545928883,0.797166724403054,False,False,False,False,-0.0984247178364053,-0.11873371599925722,False,False,False,False,3947772,4160153.117552179,False,False,False,False,275432.1142627247,False,False,False,False
2023-07-06 00:00:00+00:00,11.5610612228,11.5894667786,11.3338167762,11.57999826,564802,,,,,,,,,,,,,,,,,,,,,,15.647329552353147,,,,12.743355981764278,14.212165251533094,15.185667785223195,"rgba(239, 83, 80, 1.0)",0.0,0.0,0.6624775135035205,13.512963694583366,-2.946367887206777,1.0,11.589467,11.333817,474.0,0.0,0.0,0.0,0.0,40.93143515300767,-0.6174580370058962,False,True,False,True,False,0.0,0,0.8484822310694886,0.8046685633097808,False,False,False,False,-0.2222560480544065,-0.17049488202683186,False,False,False,False,3382970,4129675.3482364076,False,False,False,False,286779.9529190884,False,False,False,False
2023-07-07 00:00:00+00:00,12.0060815975,12.1197038208,11.6557464089,11.6557464089,909261,,,,,,,,,,,,,,,,,,,,,,15.60439520232076,,,,12.720492241509014,14.177930669703256,15.145293392873945,"rgba(239, 83, 80, 1.0)",0.0,0.0,0.6621585952263106,13.49942999309925,-2.2552729910405502,0.0,0.0,0.0,0.0,0.0,0.0,0.0,0.0,43.49941905687069,-0.6174580370058962,False,True,False,True,False,0.0,0,0.8813124702902876,0.7778555363743672,False,False,False,False,-0.10837195637071181,-0.13943341919877184,False,False,False,False,4292231,4136050.079678117,False,False,False,False,311190.9743732418,False,False,False,False
2023-07-10 00:00:00+00:00,11.9492704858,12.0250186347,11.8829908556,11.9019278928,269026,,,,,,,,,,,,,,,,,,,,,,15.591967339690141,,,,12.714178580402436,14.168108798024129,15.133631023324446,"rgba(239, 83, 80, 0.5)",0.0,0.0,0.6626799162214625,13.493475588290059,-2.3302427985066587,0.0,0.0,0.0,0.0,0.0,0.0,0.0,0.0,44.83695598876006,-0.6174580370058962,False,False,False,True,True,0.0,0,0.8911592161492626,0.7971655090008449,False,False,False,False,-0.0909771159005555,-0.11520526754966368,False,False,False,False,4023205,4131624.7824358377,False,False,False,False,309537.44596644805,False,False,False,False
2023-07-11 00:00:00+00:00,12.1670464139,12.1670464139,11.9398019672,11.9966130789,260106,,,,,,,,,,,,,,,,,,,,,,15.580487125011775,,,,12.709267175887632,14.159284713104244,15.122924762554321,#000000,0.0,0.0,0.6626177538129566,13.489683660216022,-1.9960787930976196,0.0,0.0,0.0,0.0,0.0,0.0,0.0,0.0,47.281429021850855,-0.6174580370058962,False,False,False,False,True,0.0,0,0.8941433561761016,0.7901759522724743,False,False,False,False,-0.06498415477552852,-0.0900947111625961,False,False,False,False,4283311,4137573.2615560014,False,False,False,False,307598.95788933244,False,False,False,False
2023-07-12 00:00:00+00:00,12.5173816024,12.5647241955,12.4132278977,12.4321649349,345123,,,,,,,,,,,,,,,,,,,,,,15.567134229381205,,,,12.707084336760428,14.149974006237873,15.110727151207263,#000000,0.0,0.0,0.6633197769556215,13.492113513254163,-1.469475123036133,0.0,0.0,0.0,0.0,0.0,0.0,0.0,0.0,51.07510129208718,-6.409275187545873,False,False,False,False,True,0.0,0,0.9059887942236322,0.7949859254818362,False,False,False,False,0.04832274435631748,-0.020885983403139307,False,False,False,False,4628434,4156822.702279296,False,False,False,False,309070.48895249586,False,False,False,False
2023-07-13 00:00:00+00:00,12.7825001235,12.8014371607,12.6688779002,12.6878149374,237431,,,,,,,,,,,,,,,,,,,,,,15.558765285212695,,,,12.707394503552417,14.144599044516237,15.103206044580727,"rgba(38, 166, 154, 1.0)",0.0,0.0,0.6662666118884104,13.496183801641575,-1.0711683062111865,0.0,0.0,0.0,0.0,0.0,0.0,0.0,0.0,55.00305601206968,-2.5558656362752643,True,False,True,False,True,0.379965002011744,0,0.9001214572763936,0.7860693322887207,False,False,False,False,0.11273045848804968,0.04592223754245518,False,False,False,False,4865865,4184628.2825820684,False,False,False,False,306261.0972288686,False,False,False,False
2023-07-14 00:00:00+00:00,12.4416334535,12.6404723444,12.3800880826,12.6404723444,241498,,,,,,,,,,,,,,,,,,,,,,15.549509676913656,,,,12.705823184349212,14.138148384678873,15.09475354809834,"rgba(38, 166, 154, 1.0)",0.0,0.0,0.6665681035760311,13.496152242012808,-1.582012074768481,0.0,0.0,0.0,0.0,0.0,0.0,0.0,0.0,54.99104531497279,-2.4106746572816817,True,False,True,False,True,0.0,0,0.9007999046842937,0.7775051855480866,False,False,False,False,0.05387310574816306,0.049897671645309116,False,False,False,False,4624367,4201872.938167085,False,False,False,False,303721.3679257757,False,False,False,False
2023-07-17 00:00:00+00:00,12.2333260441,12.2901371558,12.1575778952,12.2522630813,411647,,,,,,,,,,,,,,,,,,,,,,15.532530213763156,,,,12.700063917190436,14.125551602475385,15.079044684203303,"rgba(38, 166, 154, 1.0)",0.0,0.0,0.6629205394660942,13.489928844232324,-1.8955556892902612,0.0,0.0,0.0,0.0,0.0,0.0,0.0,0.0,53.557030179656685,-2.4106746572816817,True,False,True,False,True,0.0,0,0.8907127103713852,0.7811611942844071,False,False,False,False,-0.020608707517041646,0.014644482064133735,False,False,False,False,4212720,4202298.313140925,False,False,False,False,307953.7456541767,False,False,False,False
2023-07-18 00:00:00+00:00,12.4132278977,12.5647241955,12.2996056744,12.309074193,481366,,,,,,,,,,,,,,,,,,,,,,15.514075023729047,,,,12.696260496858164,14.112551215674962,15.062157736427555,"rgba(38, 166, 154, 1.0)",0.0,0.0,0.6592111867506016,13.48677582901318,-1.62853415246931,0.0,0.0,0.0,0.0,0.0,0.0,0.0,0.0,53.73265974881366,-2.4106746572816817,True,False,True,False,True,0.0,0,0.908655321490486,0.7551346724112012,False,False,False,False,0.03353538476048406,0.024089933412308896,False,False,False,False,4694086,4221584.104782457,False,False,False,False,314754.22621675796,False,False,False,False
2023-07-19 00:00:00+00:00,12.6120667885,12.6120667885,12.4605704908,12.4889760466,435251,,,,,,,,,,,,,,,,,,,,,,15.498300686844978,,,,12.694592159983642,14.101898446639835,15.047849139068672,"rgba(38, 166, 154, 1.0)",0.0,0.0,0.6544407561852144,13.485928700898128,-1.3352803964898776,0.0,0.0,0.0,0.0,0.0,0.0,0.0,0.0,55.03190824463157,-1.547387582188911,True,False,True,False,True,0.0,0,0.9125529769062666,0.7757857666282892,False,False,False,False,0.06066142158938567,0.04237567750084728,False,False,False,False,5129337,4257182.257536087,False,False,False,False,319479.58989453217,False,False,False,False
2023-07-20 00:00:00+00:00,12.4511019722,12.6168010478,12.3753538233,12.5647241955,281435,,,,,,,,,,,,,,,,,,,,,,15.48791328238774,,,,12.692895770671734,14.094732028810883,15.038387313909915,"rgba(38, 166, 154, 1.0)",0.0,0.0,0.6496855478546029,13.484068590109365,-1.589948585620283,0.0,0.0,0.0,0.0,0.0,0.0,0.0,0.0,54.66184669161524,-1.547387582188911,True,False,True,False,True,0.0,0,0.894450102120338,0.787792784507094,False,False,False,False,0.05017251743815854,0.04627409746950291,False,False,False,False,4847902,4280347.737632711,False,False,False,False,317987.6451927858,False,False,False,False
2023-07-21 00:00:00+00:00,12.526850121,12.5599899362,12.3942908605,12.5079130838,206910,,,,,,,,,,,,,,,,,,,,,,15.480353878586712,,,,12.691739003807355,14.08954450145056,15.031509511563888,"rgba(38, 166, 154, 1.0)",0.0,0.0,0.6341163971522219,13.482701579700276,-1.507375401413598,0.0,0.0,0.0,0.0,0.0,0.0,0.0,0.0,54.91029847264729,-0.8995693540417449,True,False,True,False,True,0.0,0,0.9044777627505175,0.7786490931463078,False,False,False,False,0.04524051709005345,0.045757307279778184,False,False,False,False,5054812,4310718.885176526,False,False,False,False,313631.6591067942,False,False,False,False
2023-07-24 00:00:00+00:00,12.8582482724,12.8819195689,12.6310038257,12.6310038257,268311,,,,,,,,,,,,,,,,,,,,,,15.471575988161401,,,,12.692476382787238,14.084108746653826,15.02368207711228,"rgba(38, 166, 154, 1.0)",0.0,0.0,0.6241469210947597,13.484039133272068,-1.0026338987211951,0.0,0.0,0.0,0.0,0.0,0.0,0.0,0.0,57.07233236086612,1.5249327202390859,True,False,True,False,True,1.044954158887716,0,0.9250926045268164,0.7602481408820618,False,False,False,False,0.11834057794197873,0.08204894261087846,False,False,False,False,5323123,4350421.007326466,False,False,False,False,311854.37835750816,False,False,False,False
2023-07-25 00:00:00+00:00,13.208583461,13.3127371657,13.085492719,13.085492719,517684,,,,,,,,,,,,,,,,,,,,,,15.457377662695913,,,,12.699723911708322,14.077046835873968,15.011490161551665,"rgba(38, 166, 154, 1.0)",0.0,0.0,0.6265288289688014,13.494136781089788,-0.4557704400606395,0.0,0.0,0.0,0.0,0.0,0.0,0.0,0.0,60.25193235546372,4.77593005673625,True,False,True,False,True,3.1772566970388922,0,0.9633069031445026,0.7306100057399857,False,False,False,False,0.23716322860630376,0.1596060856085911,False,False,False,False,5840807,4408867.516843075,False,False,False,False,319926.12822584115,False,False,False,False
2023-07-26 00:00:00+00:00,12.8582482724,12.9055908654,12.8109056793,12.9055908654,360396,,,,,,,,,,,,,,,,,,,,,,15.44610569213201,,,,12.701277474101671,14.070289643826293,15.001502749695799,"rgba(38, 166, 154, 1.0)",0.0,0.0,0.6269339262285198,13.495601184768535,-1.016618954094085,0.0,0.0,0.0,0.0,0.0,0.0,0.0,0.0,59.49918923940097,4.77593005673625,True,False,True,False,True,0.9429519311387047,0,0.9456721915244797,0.759160085387447,False,False,False,False,0.14525342634437952,0.1524297559764853,False,False,False,False,5480411,4450888.829908052,False,False,False,False,321513.18202090624,False,False,False,False
2023-07-27 00:00:00+00:00,13.1801779051,13.3884853145,13.0665556818,13.1801779051,389574,,,,,,,,,,,,,,,,,,,,,,15.43567999546686,,,,12.706628409541715,14.065175005018798,14.992573938189187,"rgba(38, 166, 154, 1.0)",0.0,0.0,0.630925483409742,13.379807909192618,-0.31640821197100255,0.0,0.0,0.0,0.0,0.0,0.0,0.0,0.0,60.616635105619245,5.4312302753210275,True,False,True,False,True,2.875784369098767,0,0.9476594893233157,0.7519258773215959,False,False,False,False,0.24498177421747871,0.198705765096982,False,False,False,False,5869985,4506539.6601077365,False,False,False,False,324182.2337063609,False,False,False,False
2023-07-28 00:00:00+00:00,13.2369890168,13.2653945726,13.1517723493,13.2369890168,226462,,,,,,,,,,,,,,,,,,,,,,15.429681139414152,,,,12.709725927973095,14.062251526811934,14.987442640559527,"rgba(38, 166, 154, 1.0)",0.0,0.0,0.6346147077619595,13.383598871474936,-0.23102183558268174,0.0,0.0,0.0,0.0,0.0,0.0,0.0,0.0,61.633474810052654,6.6126733323374225,True,False,True,False,True,3.213164015549168,0,0.9644549229733747,0.7539191302841769,False,False,False,False,0.23976620457564637,0.21923598483631418,False,False,False,False,6096447,4568888.967554493,False,False,False,False,320350.06767866045,False,False,False,False
2023-07-31 00:00:00+00:00,13.3222056843,13.3790167959,13.255926054,13.2938001284,210819,,,,,,,,,,,,,,,,,,,,,,15.42437944956142,,,,12.713142210313203,14.059871501094728,14.982963536823302,"rgba(38, 166, 154, 1.0)",0.0,0.0,0.6440724850992577,13.388917260623804,-0.10357774608788564,0.0,0.0,0.0,0.0,0.0,0.0,0.0,0.0,62.734774859671816,7.875972969274152,True,False,True,False,True,3.723491987379454,0,0.9699295320665791,0.7413555180841112,False,False,False,False,0.26994043378575816,0.24458820931103617,False,False,False,False,6307266,4637060.61588569,False,False,False,False,316054.73169126204,False,False,False,False
2023-08-01 00:00:00+00:00,13.1044297562,13.1138982749,12.9718704957,13.0286816074,253911,,,,,,,,,,,,,,,,,,,,,,15.417258235559633,,,,12.71549152895961,14.056042902860204,14.976776750750954,"rgba(38, 166, 154, 1.0)",0.0,0.0,0.6425640824454111,13.38916226764876,-0.44311924557804716,0.0,0.0,0.0,0.0,0.0,0.0,0.0,0.0,61.532022918668204,7.875972969274152,True,False,True,False,True,2.290674383244358,0,0.9789187717605803,0.7423235290518314,False,False,False,False,0.1946393102145825,0.21961375976280934,False,False,False,False,6053355,4692601.572125467,False,False,False,False,313617.7226053302,False,False,False,False
2023-08-02 00:00:00+00:00,12.5363186396,12.6594093816,12.4226964163,12.6404723444,455719,,,,,,,,,,,,,,,,,,,,,,15.401763264903625,,,,12.713397767233824,14.04565644020637,14.962758867425807,"rgba(38, 166, 154, 0.75)",0.0,0.0,0.6397767410888768,13.375219667499966,-1.3112402718363714,0.0,0.0,0.0,0.0,0.0,0.0,0.0,0.0,56.70335902708024,11.584187682306315,True,False,True,False,False,0.0,0,0.9504881450407389,0.7527262543848247,False,False,False,False,0.06189624269477112,0.14075500122879023,False,False,False,False,5597636,4728093.118316625,False,False,False,False,319190.3217188466,False,False,False,False
2023-08-03 00:00:00+00:00,12.3469482674,12.4226964163,11.9776760417,12.0818297464,678785,,,,,,,,,,,,,,,,,,,,,,15.376680506750558,,,,12.705314792364176,14.027514978712553,14.939709565615118,#000000,0.0,0.0,0.6386214187411177,13.190816181662532,-1.321389933845323,0.0,0.0,0.0,0.0,0.0,0.0,0.0,0.0,52.391298318857054,7.613431146153879,False,False,False,False,False,0.0,0,0.9148124914773551,0.7761352788592107,False,False,False,False,-0.02676315671450767,0.05699592225714128,False,False,False,False,4918851,4735573.819559111,False,False,False,False,333292.0738083036,False,False,False,False
2023-08-04 00:00:00+00:00,12.6404723444,12.7825001235,12.4984445652,12.5552556769,515699,,,,,,,,,,,,,,,,,,,,,,15.360240778372605,,,,12.704468348798622,14.016954883467653,14.924967514073261,#000000,0.0,0.0,0.6395716870746865,13.195883445530503,-0.8684110199919556,0.0,0.0,0.0,0.0,0.0,0.0,0.0,0.0,51.507394328247926,6.895143362386392,False,False,False,False,False,0.0,0,0.9364079106649612,0.7598116507278848,False,False,False,False,0.08787693721048033,0.0724364297338108,False,False,False,False,5434550,4762984.650164637,False,False,False,False,340445.28660013486,False,False,False,False
2023-08-07 00:00:00+00:00,12.6878149374,12.6878149374,12.5079130838,12.5552556769,346626,,,,,,,,,,,,,,,,,,,,,,15.349250638827462,,,,12.703801917150349,14.009882563763382,14.915110281031618,#000000,0.0,0.0,0.6406303927185618,13.195934332089408,-0.793155305250451,0.0,0.0,0.0,0.0,0.0,0.0,0.0,0.0,51.22797965448028,6.604364804124458,False,False,False,False,False,0.0,0,0.9358904109550079,0.7726407161113553,False,False,False,False,0.07672989517091873,0.07458316245236477,False,False,False,False,5781176,4802913.7227072,False,False,False,False,340687.66751777666,False,False,False,False
2023-08-08 00:00:00+00:00,12.7351575305,12.7446260491,12.4133225829,12.4889760466,235350,,,,,,,,,,,,,,,,,,,,,,15.341847557563685,,,,12.703374711455137,14.005132530873938,14.908474817450065,#000000,0.0,0.0,0.6416218462349299,13.195554056375268,-0.7175512002543221,0.0,0.0,0.0,0.0,0.0,0.0,0.0,0.0,51.36956924927025,6.600517913424667,False,False,False,False,False,0.023541848721844616,0,0.9506087590602655,0.7497127452525094,False,False,False,False,0.07179428524985552,0.07318872385111014,False,False,False,False,6016526,4850506.361032409,False,False,False,False,336556.7785955109,False,False,False,False
2023-08-09 00:00:00+00:00,12.6215353071,12.867716791,12.6025982699,12.867716791,326212,,,,,,,,,,,,,,,,,,,,,,15.331901931305739,,,,12.703325543953182,13.998917331628627,14.899606775528236,#000000,0.0,0.0,0.643531848467175,13.196101948358308,-0.8928332647822557,0.0,0.0,0.0,0.0,0.0,0.0,0.0,0.0,50.6029765294039,5.651506231286106,False,True,False,False,False,0.0,0,0.9491706265416213,0.7502639915343939,False,False,False,False,0.11273045848804968,0.09295959116957991,False,False,False,False,5690314,4883439.993933098,False,False,False,False,336151.1010035301,False,False,False,False
2023-08-10 00:00:00+00:00,13.255926054,13.3979538332,13.2010086461,13.2748630912,773462,,,,,,,,,,,,,,,,,,,,,,15.313810764430373,,,,12.7142482280805,13.990962319371983,14.884397554409542,"rgba(38, 166, 154, 0.5)",0.0,0.0,0.6550067431265769,13.221455297959732,0.05262656667582763,0.0,0.0,0.0,0.0,0.0,0.0,0.0,0.0,54.08077043834214,5.651506231286106,False,False,True,False,True,3.245888095310871,0,0.9697031531848573,0.7267376922223483,False,False,False,False,0.26492329820932986,0.1789414446894549,False,False,False,False,6463776,4945413.954955329,False,False,False,False,353300.5480229995,False,False,False,False
2023-08-11 00:00:00+00:00,13.4642334634,13.5021075379,13.3790167959,13.426359389,472512,,,,,,,,,,,,,,,,,,,,,,15.303793268246586,,,,12.722575714850342,13.987294520082566,14.876181753663033,"rgba(38, 166, 154, 1.0)",0.0,0.0,0.6689748558236961,13.14453886558536,0.4778873152429696,0.0,0.0,0.0,0.0,0.0,0.0,0.0,0.0,57.4153069491754,2.1909704942145822,True,False,True,False,True,4.47778462064997,0,0.979584841793754,0.706047428277184,False,False,False,False,0.3027785190696033,0.2408599818795291,False,False,False,False,6936288,5023487.446917865,False,False,False,False,357975.5069240583,False,False,False,False
2023-08-14 00:00:00+00:00,12.5931297513,12.6783464188,12.3516825267,12.5363186396,680775,,,,,,,,,,,,,,,,,,,,,,15.28258132469143,,,,12.719657082647727,13.973343055474256,14.857089888719683,"rgba(38, 166, 154, 0.5)",0.0,0.0,0.6695647458643448,13.108384546951864,-0.7695369250463145,0.0,0.0,0.0,0.0,0.0,0.0,0.0,0.0,53.98560914161351,2.1909704942145822,False,False,True,False,False,0.0,0,0.9580788807258807,0.733111109961356,False,False,False,False,-0.0007399260497692892,0.1200600279148799,False,False,False,False,6255513,5071802.174489714,False,False,False,False,370634.31057409523,False,False,False,False
2023-08-15 00:00:00+00:00,12.1197038208,12.2427945627,12.091298265,12.2427945627,434014,,,,,,,,,,,,,,,,,,,,,,15.267328623266565,,,,12.713889859137877,13.962205671911319,14.84305918657167,#000000,0.0,0.0,0.6695143214165103,13.085097637297242,-1.44193153994784,0.0,0.0,0.0,0.0,0.0,0.0,0.0,0.0,49.553488551334084,5.4135035379675,False,True,False,False,False,0.0,0,0.9268045996007552,0.7568037178551765,False,False,False,False,-0.1099476384844902,0.005056194715194848,False,False,False,False,5821499,5101202.049999922,False,False,False,False,373119.7885907974,False,False,False,False
2023-08-16 00:00:00+00:00,12.2143890069,12.2901371558,12.1575778952,12.1954519697,224852,,,,,,,,,,,,,,,,,,,,,,15.259659642326316,,,,12.711310877946117,13.956708228254383,14.836033324086024,"rgba(239, 83, 80, 1.0)",0.0,0.0,0.6694462785819902,13.07654069269844,-1.2878579109060642,0.0,0.0,0.0,0.0,0.0,0.0,0.0,0.0,47.1755017454903,3.340907694047033,False,True,False,True,False,0.0,0,0.9180381744193868,0.7642762872943385,False,False,False,False,-0.09200764142190727,-0.04347572335335621,False,False,False,False,6046351,5138266.714705807,False,False,False,False,367305.3655088054,False,False,False,False
2023-08-17 00:00:00+00:00,12.3942908605,12.4605704908,12.309074193,12.3280112302,272271,,,,,,,,,,,,,,,,,,,,,,15.250933195670077,,,,12.70927642448537,13.95073468401104,14.828116941261342,"rgba(239, 83, 80, 1.0)",0.0,0.0,0.6696800564065705,13.070367911804642,-1.009552315074749,0.0,0.0,0.0,0.0,0.0,0.0,0.0,0.0,46.693187413736,2.939602003814649,False,True,False,True,False,0.0,0,0.9176515600137839,0.7673572712551967,False,False,False,False,-0.04145872836894353,-0.04246722586114987,False,False,False,False,6318622,5184555.1572663635,False,False,False,False,363578.527645715,False,False,False,False
2023-08-18 00:00:00+00:00,12.1291723394,12.138640858,11.9398019672,11.9398019672,405659,,,,,,,,,,,,,,,,,,,,,,15.236592765441944,,,,12.703331664973343,13.940120226860506,14.814888282584981,"rgba(239, 83, 80, 1.0)",0.0,0.0,0.6678807345648573,13.054309927517355,-1.385183821360123,0.0,0.0,0.0,0.0,0.0,0.0,0.0,0.0,45.07265458550753,1.336858062604371,False,True,False,True,False,0.0,0,0.8884474663503531,0.7828829253154885,False,False,False,False,-0.15058998717841826,-0.09652860651978407,False,False,False,False,5912963,5213120.170706899,False,False,False,False,365228.7422478438,False,False,False,False
2023-08-21 00:00:00+00:00,12.1481093766,12.2617316,12.0628927091,12.2427945627,247408,,,,,,,,,,,,,,,,,,,,,,15.228152203790142,,,,12.700257677075525,13.93400816818412,14.8071400132375,"rgba(239, 83, 80, 1.0)",0.0,0.0,0.6640479144084925,13.046791261081186,-1.3533389157342586,0.0,0.0,0.0,0.0,0.0,0.0,0.0,0.0,44.12126436471164,0.3030981018291925,False,True,False,True,False,0.0,0,0.8905972641320415,0.7849343425468711,False,False,False,False,-0.11144566684837838,-0.10398713668408122,False,False,False,False,6160371,5250267.262051727,False,False,False,False,360608.3209832225,False,False,False,False
2023-08-22 00:00:00+00:00,11.92086493,12.1197038208,11.8829908556,12.1197038208,283765,,,,,,,,,,,,,,,,,,,,,,15.217954326644389,,,,12.695599311019004,13.926332241487213,14.797698407580643,"rgba(239, 83, 80, 1.0)",0.0,0.0,0.657691747073742,13.03586703436496,-1.6953262821464947,0.0,0.0,0.0,0.0,0.0,0.0,0.0,0.0,42.35117417845112,-1.5484033810373958,False,True,False,True,False,0.0,0,0.8702053365309436,0.805704203396852,False,False,False,False,-0.16272160473506217,-0.13335437070957168,False,False,False,False,5876606,5274829.5655006785,False,False,False,False,357594.857415253,False,False,False,False
2023-08-23 00:00:00+00:00,12.309074193,12.370619564,12.0344871533,12.138640858,336422,,,,,,,,,,,,,,,,,,,,,,15.206922260289724,,,,12.692143777415886,13.918527764359478,14.787623320017273,"rgba(239, 83, 80, 1.0)",0.0,0.0,0.6567605149490392,13.02855674053366,-1.095502136862607,0.0,0.0,0.0,0.0,0.0,0.0,0.0,0.0,43.85721098446563,-1.5484033810373958,False,True,False,True,False,0.0,0,0.8858851337564209,0.7846062332622411,False,False,False,False,-0.09872760761102456,-0.11604098916029812,False,False,False,False,6213028,5311621.66097124,False,False,False,False,356764.5492813215,False,False,False,False
2023-08-24 00:00:00+00:00,11.7977741881,12.0060815975,11.750431595,11.9587390044,319671,,,,,,,,,,,,,,,,,,,,,,15.195159583643177,,,,12.68615347253892,13.90948756591053,14.776682431506059,"rgba(239, 83, 80, 1.0)",0.0,0.0,0.658922067818256,12.86949608932978,-1.626477475216968,0.0,0.0,0.0,0.0,0.0,0.0,0.0,0.0,42.35800198493347,-1.7535788941276564,False,True,False,True,False,0.0,0,0.8495996370161134,0.8044331241669378,False,False,False,False,-0.2024990138324164,-0.15927000149635726,False,False,False,False,5893357,5334434.811521389,True,False,False,False,355309.9002898971,True,False,False,False
2023-08-25 00:00:00+00:00,12.1197038208,12.2427945627,12.0439556719,12.2049204883,281907,,,,,,,,,,,,,,,,,,,,,,15.185730115241164,,,,12.682714940842127,13.90267199926311,14.76803182427441,"rgba(239, 83, 80, 1.0)",0.0,0.0,0.6582462759959266,12.86988296171989,-1.1396633270501517,0.0,0.0,0.0,0.0,0.0,0.0,0.0,0.0,43.37759325643706,-1.7535788941276564,False,True,False,True,False,0.0,0,0.8492472559173203,0.7898026500218377,False,False,False,False,-0.1174428331456513,-0.1383564173210043,False,False,False,False,6175264,5367408.505187217,False,False,False,False,352431.3551804894,False,False,False,False
2023-08-28 00:00:00+00:00,12.4700390094,12.5505214176,12.2712001186,12.3469482674,300815,,,,,,,,,,,,,,,,,,,,,,15.176699363950888,,,,12.681046106267388,13.896661681752335,14.759891053707896,"rgba(239, 83, 80, 0.75)",0.0,0.0,0.6562206081259085,12.875078122229516,-0.6172301019107898,0.0,0.0,0.0,0.0,0.0,0.0,0.0,0.0,46.00049197945175,-1.7535788941276564,False,True,False,True,True,0.0,0,0.8457584853186586,0.7873021193600676,False,False,False,False,-0.033308290576163,-0.08583235394858364,False,False,False,False,6476079,5410885.7794936,False,False,False,False,350407.18438909773,False,False,False,False
2023-08-29 00:00:00+00:00,12.5741927141,12.5741927141,12.3374797488,12.4037593791,177201,,,,,,,,,,,,,,,,,,,,,,15.171531964768201,,,,12.680324640804644,13.89329934090894,14.755254527378652,#000000,0.0,0.0,0.6460686344107799,12.87726203328177,-0.46909771352415447,0.0,0.0,0.0,0.0,0.0,0.0,0.0,0.0,48.29753682965889,-7.3853276100558105,False,True,False,False,True,0.0,0,0.8452870366115005,0.7909821242093187,False,False,False,False,0.0015789319233032696,-0.042126711012640185,False,False,False,False,6653280,5459607.121474243,False,False,False,False,343614.78500129,False,False,False,False
2023-08-30 00:00:00+00:00,12.5363186396,12.7256890118,12.526850121,12.649940863,225126,,,,,,,,,,,,,,,,,,,,,,15.165242338321768,,,,12.679912002154632,13.889357763673722,14.749653362651442,#000000,0.0,0.0,0.63992543988974,12.880740197398916,-0.5382213869451122,0.0,0.0,0.0,0.0,0.0,0.0,0.0,0.0,49.59407228026937,-6.038637439957448,False,True,False,False,True,0.0,0,0.868642953284274,0.770860086956186,False,False,False,False,0.05848763342481121,0.008180461206085513,False,False,False,False,6428154,5497589.352004665,False,False,False,False,338968.16598163155,False,False,False,False
2023-08-31 00:00:00+00:00,12.2049204883,12.309074193,12.1765149325,12.2806686372,246178,,,,,,,,,,,,,,,,,,,,,,15.157424436709023,,,,12.677510118043356,13.883862305636224,14.74252586995009,#000000,0.0,0.0,0.6363001652535327,12.876486219873115,-1.0554228463944058,0.0,0.0,0.0,0.0,0.0,0.0,0.0,0.0,48.481727638686294,-6.038637439957448,False,True,False,False,True,0.0,0,0.875611649873861,0.7757674610138885,False,False,False,False,-0.06958579597226006,-0.030702667383087273,False,False,False,False,6181976,5524428.044082914,False,False,False,False,335329.3359431362,False,False,False,False
2023-09-01 00:00:00+00:00,12.4037593791,12.5836612327,12.370619564,12.5552556769,281391,,,,,,,,,,,,,,,,,,,,,,15.149214528298883,,,,12.676145972440015,13.878464426713867,14.735145291531193,#000000,0.0,0.0,0.627590618801418,12.876214123643607,-0.7528072128386932,0.0,0.0,0.0,0.0,0.0,0.0,0.0,0.0,48.98995138797376,-6.038637439957448,False,True,False,False,True,0.0,0,0.8898894179552113,0.7486629055211337,False,False,False,False,0.008684411735832702,-0.011009127823627285,False,False,False,False,6463367,5561249.179609074,False,False,False,False,333214.1070826211,False,False,False,False
2023-09-05 00:00:00+00:00,12.3753538233,12.7825001235,12.3753538233,12.7162204932,375962,,,,,,,,,,,,,,,,,,,,,,15.13855870978401,,,,12.67481851852835,13.871608392353123,14.725608521886285,#000000,0.0,0.0,0.6215574938999276,12.797588613212966,-0.6793173504572813,0.0,0.0,0.0,0.0,0.0,0.0,0.0,0.0,49.148008479692436,-5.9458081262867,False,True,False,False,True,0.0,0,0.9097373447638248,0.7285699763059447,False,False,False,False,0.04265741523068201,0.015824143703527364,False,False,False,False,6087405,5581882.741193032,False,False,False,False,334890.4950401653,False,False,False,False
2023-09-06 00:00:00+00:00,12.4037593791,12.5647241955,12.3564167861,12.3942908605,392225,,,,,,,,,,,,,,,,,,,,,,15.1272419491235,,,,12.672878537596954,13.864167365142707,14.715436767200684,#000000,0.0,0.0,0.6121149105659759,12.794454537536025,-0.6382709384987507,0.0,0.0,0.0,0.0,0.0,0.0,0.0,0.0,49.451951125704994,-5.344830931317148,False,False,False,False,True,0.0,0,0.9012360281424915,0.7487620901272536,False,False,False,False,0.0031578884118835535,0.009491016057705458,False,False,False,False,6479630,5617088.516048208,False,False,False,False,337138.9069993745,False,False,False,False
2023-09-07 00:00:00+00:00,12.0818297464,12.3753538233,12.0534241905,12.3469482674,287967,,,,,,,,,,,,,,,,,,,,,,15.118159941383816,,,,12.669826796721374,13.85772032664192,14.707141659932297,#000000,0.0,0.0,0.602448111623425,12.784824838618247,-1.1668973288402822,0.0,0.0,0.0,0.0,0.0,0.0,0.0,0.0,47.51657083929466,-5.344830931317148,False,True,False,False,True,0.0,1,0.8982290677424065,0.75305661512161,False,False,False,False,-0.07911201537295459,-0.03481049965762457,False,False,False,False,6191663,5639620.8487522,False,False,False,False,335210.5969209677,False,False,False,False
2023-09-08 00:00:00+00:00,12.0439556719,12.1197038208,11.9692490601,11.9966130789,269396,,,,,,,,,,,,,,,,,,,,,,15.109353289921115,,,,12.666294214150234,13.851286659769848,14.699047617923853,"rgba(239, 83, 80, 1.0)",0.0,0.0,0.5980002192548244,12.774646548212521,-1.2218906495102047,0.0,0.0,0.0,0.0,0.0,0.0,0.0,0.0,45.98901918994525,-5.344830931317148,False,True,False,True,False,0.0,1,0.8977669975944671,0.7648140778257642,False,False,False,False,-0.13645649526078032,-0.08563349745920244,False,False,False,False,5922267,5650705.011546231,False,False,False,False,332629.6323358317,False,False,False,False
2023-09-11 00:00:00+00:00,12.2427945627,12.3848223419,12.2333260441,12.3564167861,252419,,,,,,,,,,,,,,,,,,,,,,15.101797009783994,,,,12.664297640845025,13.846103769777667,14.692197380389928,"rgba(239, 83, 80, 1.0)",0.0,0.0,0.592456072206678,12.771615654055072,-0.892591225177945,0.0,0.0,0.0,0.0,0.0,0.0,0.0,0.0,46.608174115331465,-5.344830931317148,False,True,False,True,False,0.0,1,0.9116596401950119,0.7525719005903778,False,False,False,False,-0.047403911043320195,-0.06651870425126132,False,False,False,False,6174686,5671253.285603241,False,False,False,False,329484.1173422697,False,False,False,False
2023-09-12 00:00:00+00:00,12.3848223419,12.4226964163,12.2427945627,12.2427945627,216622,,,,,,,,,,,,,,,,,,,,,,15.095489215975945,,,,12.662884754593478,13.841862174887254,14.686503035265412,#000000,0.0,0.0,0.5874520435322617,12.770191405416842,-0.6560008902168005,0.0,0.0,0.0,0.0,0.0,0.0,0.0,0.0,48.122313944792246,-5.344830931317148,False,True,False,False,True,0.0,1,0.9034587241683263,0.7613061277259514,False,False,False,False,-0.039494220371428204,-0.05300646231134476,False,False,False,False,6391308,5699490.725383506,False,False,False,False,325058.15195629833,False,False,False,False
2023-09-13 00:00:00+00:00,11.9113964114,12.2901371558,11.8924593742,12.2333260441,400906,,,,,,,,,,,,,,,,,,,,,,15.08254456985882,,,,12.657672071577682,13.832411324896974,14.674609183269885,"rgba(239, 83, 80, 1.0)",0.0,0.0,0.5760807946948497,12.666105106210448,-1.3100743884548656,0.0,0.0,0.0,0.0,0.0,0.0,0.0,0.0,45.917661349819255,-5.344830931317148,False,True,False,True,False,0.0,1,0.8754478487402079,0.7757849903378566,False,False,False,False,-0.12058103916456736,-0.08679375073795606,False,False,False,False,5990402,5710899.010662585,False,False,False,False,328032.57736977685,False,False,False,False
2023-09-14 00:00:00+00:00,12.6614368755,12.7107415362,12.4444963683,12.4444963683,417212,,,,,,,,,,,,,,,,,,,,,,15.07170251239432,,,,12.657228254882478,13.825782770303423,14.665008648362964,#000000,0.0,0.0,0.5652049280208329,12.685821698651052,-0.043143330749858246,0.0,0.0,0.0,0.0,0.0,0.0,0.0,0.0,49.269138654009666,-5.109981321205744,False,False,False,False,True,0.5354250724274685,1,0.8808988436883743,0.7541106271301523,False,False,False,False,0.04222038415472048,-0.02228668329161779,False,False,False,False,6407614,5738221.167107189,False,False,False,False,331529.8096297856,False,False,False,False
2023-09-15 00:00:00+00:00,12.6712978076,12.7797680612,12.6614368755,12.6712978076,257254,,,,,,,,,,,,,,,,,,,,,,15.065329873902286,,,,12.657473453720975,13.822058586628168,14.65941453562504,#000000,0.0,0.0,0.5464365234950675,12.69445476019981,-0.04237812006359787,0.0,0.0,0.0,0.0,0.0,0.0,0.0,0.0,51.55575293416855,-3.0014979564140205,False,False,False,False,True,0.5943403233982636,1,0.9059831848132528,0.7345032433474762,False,False,False,False,0.025856914793778638,0.0017851157510804239,False,False,False,False,6664868,5774560.258593182,False,False,False,False,328617.03278155875,False,False,False,False
2023-09-18 00:00:00+00:00,12.5924103504,12.7403243326,12.5825494183,12.6614368755,180051,,,,,,,,,,,,,,,,,,,,,,15.060766446931604,,,,12.657404075910131,13.819314304955068,14.655387186080045,"rgba(38, 166, 154, 1.0)",0.0,0.0,0.5186210727143371,12.697935282821305,-0.2034721263233935,0.0,0.0,0.0,0.0,0.0,0.0,0.0,0.0,52.511307463310224,-2.122684693411834,True,False,True,False,True,0.10923585567491045,1,0.8865646423431055,0.7585280485885421,False,False,False,False,0.0008564990256688828,0.0013208073883746534,False,False,False,False,6484817,5802413.464138548,False,False,False,False,322790.9138489486,False,False,False,False
2023-09-19 00:00:00+00:00,12.6515759433,12.7797680612,12.6022712826,12.700880604,253526,,,,,,,,,,,,,,,,,,,,,,15.054473959528758,,,,12.657508524801127,13.815599996041469,14.649853865303887,"rgba(38, 166, 154, 1.0)",0.0,0.0,0.49724934475903304,12.702827483515655,-0.10307010105863973,0.0,0.0,0.0,0.0,0.0,0.0,0.0,0.0,53.52010186107304,-1.1225270370393972,True,False,True,False,True,0.47523644730465264,0,0.8746081144086238,0.7510330789372188,False,False,False,False,0.013354620196331777,0.007337713792353215,False,False,False,False,6738343,5839116.583191939,False,False,False,False,320074.64271761733,False,False,False,False
2023-09-20 00:00:00+00:00,12.9967085684,13.1742053471,12.9769867041,13.0164304327,351739,,,,,,,,,,,,,,,,,,,,,,15.047154494560738,,,,12.660262907862105,13.812155985862445,14.643664422885433,"rgba(38, 166, 154, 1.0)",0.0,0.0,0.4942229625529057,12.718847946939242,0.5622171418856613,0.0,0.0,0.0,0.0,0.0,0.0,0.0,0.0,56.20390789968929,1.4605926751186402,True,False,True,False,True,2.5818820327314924,0,0.8762445787615004,0.7449464691841009,False,False,False,False,0.17766510628853036,0.09250141004044178,False,False,False,False,7090082,5888174.050517745,False,False,False,False,321316.3822188873,False,False,False,False
2023-09-21 00:00:00+00:00,12.8882383148,12.9819171702,12.7797680612,12.8290727219,193143,,,,,,,,,,,,,,,,,,,,,,15.042825942743725,,,,12.661120630057574,13.809869342598715,14.639934334151356,"rgba(38, 166, 154, 1.0)",0.0,0.0,0.49230068610732725,12.723922540874767,0.33377116579807226,0.0,0.0,0.0,0.0,0.0,0.0,0.0,0.0,57.07337159064224,2.31943875468982,True,False,True,False,True,1.8848858337544563,0,0.8504062109256743,0.7607809830941886,False,False,False,False,0.09381931336449585,0.09316036170246882,False,False,False,False,6896939,5927733.460301364,False,False,False,False,316289.97507304855,False,False,False,False
2023-09-22 00:00:00+00:00,12.8487945862,13.0854569577,12.8389336541,13.0854569577,262858,,,,,,,,,,,,,,,,,,,,,,15.037074299609253,,,,12.662491316803786,13.806912560966543,14.635001337699714,"rgba(38, 166, 154, 1.0)",0.0,0.0,0.49321878522902907,12.730918874955083,0.23899274475156218,0.0,0.0,0.0,0.0,0.0,0.0,0.0,0.0,57.307792743072,2.6590051597340008,True,False,True,False,True,1.6294352177614222,0,0.8475678612190033,0.7645605899393123,False,False,False,False,0.12861721221399386,0.11088878695823134,False,False,False,False,6634081,5955433.363818958,False,False,False,False,314194.6035015565,False,False,False,False
2023-09-25 00:00:00+00:00,12.7107415362,12.7994899255,12.6417150112,12.7994899255,284507,,,,,,,,,,,,,,,,,,,,,,15.030277290508264,,,,12.662798525111969,13.802988694871258,14.629051435835311,"rgba(38, 166, 154, 1.0)",0.0,0.0,0.49369869127184646,12.733637591489295,-0.04637657683537786,0.0,0.0,0.0,0.0,0.0,0.0,0.0,0.0,56.24127850879691,2.6590051597340008,True,False,True,False,True,0.7308060146770892,0,0.8575829968512346,0.7743001427310445,False,False,False,False,0.025856914793778638,0.06837285087600499,False,False,False,False,6349574,5970889.85935547,False,False,False,False,313030.38375639747,False,False,False,False
2023-09-26 00:00:00+00:00,12.4149135718,12.7107415362,12.4149135718,12.6219931469,341233,,,,,,,,,,,,,,,,,,,,,,15.021463750552885,,,,12.661801975747956,13.797443148132059,14.621208183772472,"rgba(38, 166, 154, 0.75)",0.0,0.0,0.4931717611715435,12.732057177824487,-0.6430692732104198,0.0,0.0,0.0,0.0,0.0,0.0,0.0,0.0,53.18236135407737,2.6590051597340008,True,False,True,False,False,0.0,0,0.8558249448975056,0.7682114160354543,False,False,False,False,-0.0408239234151127,0.013774463730446145,False,False,False,False,6008341,5972358.531537609,False,False,False,False,314136.368707127,False,False,False,False
2023-09-27 00:00:00+00:00,12.631854079,12.8290727219,12.5973408165,12.7403243326,425018,,,,,,,,,,,,,,,,,,,,,,15.01132154995548,,,,12.662002260516674,13.79152176594558,14.612313297645152,#000000,0.0,0.0,0.4903272483929257,12.734760062806474,-0.2098720479919366,0.0,0.0,0.0,0.0,0.0,0.0,0.0,0.0,52.81992475110562,2.6590051597340008,True,False,False,False,False,0.2361606242898482,0,0.8522250923477289,0.7704877918537373,False,False,False,False,0.022730736043623617,0.01825259988703488,False,False,False,False,6433359,5990436.981281233,False,False,False,False,318484.6679735142,False,False,False,False
2023-09-28 00:00:00+00:00,13.3615630578,13.5489207686,13.2974669989,13.3812849221,609916,,,,,,,,,,,,,,,,,,,,,,15.001358152124443,,,,12.670664600430205,13.788571021976576,14.604386376615837,"rgba(38, 166, 154, 1.0)",0.0,0.0,0.498247755972448,12.762492630214238,1.2023544921271836,0.0,0.0,0.0,0.0,0.0,0.0,0.0,0.0,56.73237317712051,2.6590051597340008,True,False,True,False,True,4.6692838643838,0,0.8536903211418475,0.7602335985841523,False,False,False,False,0.33461638257925297,0.17643449123314392,False,False,False,False,7043275,6031724.746721185,False,False,False,False,329913.34766082733,False,False,False,False
2023-09-29 00:00:00+00:00,13.4798942436,13.7165566151,13.4503114471,13.6573910222,546805,,,,,,,,,,,,,,,,,,,,,,14.993337767305158,,,,12.679777927700624,13.786951744219062,14.598221808151148,"rgba(38, 166, 154, 1.0)",0.0,0.0,0.5047516661884389,12.776362195598596,1.3938181785788402,0.0,0.0,0.0,0.0,0.0,0.0,0.0,0.0,59.86459051035617,4.94383243139923,True,False,True,False,True,5.352638785698019,0,0.8626306719032626,0.7481411850367786,False,False,False,False,0.3428282109795881,0.25963135110636604,False,False,False,False,7590080,6092836.717438002,False,False,False,False,338418.90265452035,False,False,False,False
2023-10-02 00:00:00+00:00,12.9178211113,13.3221193292,12.8685164505,13.302397465,533392,,,,,,,,,,,,,,,,,,,,,,14.982851746513589,,,,12.683349030694323,13.782035557838707,14.58937257442191,"rgba(38, 166, 154, 1.0)",0.0,0.0,0.49943726257273857,12.772801204992628,0.2903666129361963,0.0,0.0,0.0,0.0,0.0,0.0,0.0,0.0,57.80599773802494,4.94383243139923,True,False,True,False,True,1.7386804003931715,0,0.8394313448896272,0.7635108991291666,False,False,False,False,0.1420186139557613,0.20082498253106368,False,False,False,False,7056688,6130634.806950238,False,False,False,False,346064.9064719901,False,False,False,False
2023-10-03 00:00:00+00:00,12.631854079,12.7206024683,12.5233838254,12.6515759433,436465,,,,,,,,,,,,,,,,,,,,,,14.972561003843001,,,,12.682876754650623,13.77587062845405,14.580309791281602,"rgba(38, 166, 154, 0.75)",0.0,0.0,0.4826794727978518,12.76156176233317,-0.2687242583185043,0.0,0.0,0.0,0.0,0.0,0.0,0.0,0.0,54.72892903931802,10.10544531059837,True,False,True,False,False,0.0,0,0.8198578978684941,0.8001447593810196,False,False,False,False,-0.04215691105012013,0.07933403574047178,False,False,False,False,6620223,6149834.343932582,False,False,False,False,349610.0081789709,False,False,False,False
2023-10-04 00:00:00+00:00,12.2669995896,12.4346354361,12.158529336,12.3656089111,384579,,,,,,,,,,,,,,,,,,,,,,14.962270635892937,,,,12.680058029415486,13.768910355718104,14.571022498380241,#000000,0.0,0.0,0.46701663817047595,12.746139021854738,-1.025957949018162,0.0,0.0,0.0,0.0,0.0,0.0,0.0,0.0,50.76825386874032,6.501967672543955,False,False,False,False,False,0.0,0,0.7879413363673088,0.8181601452441103,False,False,False,False,-0.16969460665652594,-0.04518028545802708,False,False,False,False,6235644,6153199.428484246,False,False,False,False,350981.34119156026,False,False,False,False
2023-10-05 00:00:00+00:00,12.020476286,12.1733207342,11.9810325574,12.0500590824,327337,,,,,,,,,,,,,,,,,,,,,,14.952831284768358,,,,12.676315093584353,13.762131907000509,14.56239196673973,"rgba(239, 83, 80, 1.0)",0.0,0.0,0.46155355493121547,12.730662444713493,-1.5386863585512454,0.0,0.0,0.0,0.0,0.0,0.0,0.0,0.0,46.97693292220262,3.1153741523643674,False,True,False,True,False,0.0,0,0.7838736104604322,0.8204380121240993,False,False,False,False,-0.2586225510973402,-0.15190141827768366,False,False,False,False,5908307,6143595.803837805,False,False,False,False,350054.11212522455,False,False,False,False
2023-10-06 00:00:00+00:00,12.1683902682,12.2374167932,11.9120060324,11.951449761,277002,,,,,,,,,,,,,,,,,,,,,,14.94502197766427,,,,12.673424293905635,13.756596896087611,14.555272868449677,"rgba(239, 83, 80, 1.0)",0.0,0.0,0.46169136237930414,12.657253708958546,-1.0588533392507329,0.0,0.0,0.0,0.0,0.0,0.0,0.0,0.0,45.4695280247299,1.844134786036335,False,True,False,True,False,0.0,0,0.7753046939375561,0.8347551736912135,False,False,False,False,-0.2596422557207851,-0.20577183699923438,False,False,False,False,6185309,6145231.615452009,False,False,False,False,347189.3234144314,False,False,False,False
2023-10-09 00:00:00+00:00,12.9178211113,12.9184127672,12.6811587398,12.7403243326,370814,,,,,,,,,,,,,,,,,,,,,,14.93731722779767,,,,12.674540982461563,13.752510581512617,14.548640615163958,#000000,0.0,0.0,0.46478865114541923,12.681987044595127,0.5074006564568365,0.0,0.0,0.0,0.0,0.0,0.0,0.0,0.0,48.67742427098571,1.844134786036335,False,True,False,False,False,1.7971528303163495,0,0.791512958521224,0.8180286326566547,False,False,False,False,0.02669015993604711,-0.08954083853159363,False,False,False,False,6556123,6161345.003081342,False,False,False,False,348115.78131974785,False,False,False,False
2023-10-10 00:00:00+00:00,13.2530928042,13.3221193292,13.1347616185,13.1840662792,366918,,,,,,,,,,,,,,,,,,,,,,14.93118266741738,,,,12.678264432679242,13.750247133114918,14.543642672133679,#000000,0.0,0.0,0.46737321533591786,12.706351807580415,1.169816708958434,0.0,0.0,0.0,0.0,0.0,0.0,0.0,0.0,52.27605755144822,-4.645123103567805,False,False,False,False,True,3.6693240857626606,0,0.8020053762647174,0.8176384918590189,False,False,False,False,0.1950332418708327,0.05274620166961954,False,False,False,False,6923041,6191215.434333054,False,False,False,False,348853.1232287774,False,False,False,False
2023-10-11 00:00:00+00:00,13.4305895829,13.50947704,13.2826756007,13.4601723793,275843,,,,,,,,,,,,,,,,,,,,,,14.927062124350016,,,,12.681878285197893,13.749120508726486,14.54039840835966,"rgba(38, 166, 154, 1.0)",0.0,0.0,0.4755155683476067,12.723534240849228,1.4869236448088436,0.0,0.0,0.0,0.0,0.0,0.0,0.0,0.0,55.40122799871613,-1.7911269639087095,True,False,True,False,True,4.64140467929688,0,0.8177607247150968,0.802760435255958,False,False,False,False,0.2634096805552327,0.1580779411124261,False,False,False,False,7198884,6230731.848672935,False,False,False,False,345989.98114137433,False,False,False,False
2023-10-12 00:00:00+00:00,13.3911458543,13.6869738186,13.302397465,13.6376691579,256880,,,,,,,,,,,,,,,,,,,,,,14.923376964565197,,,,12.685453211771456,13.748238509589234,14.537533282618469,"rgba(38, 166, 154, 1.0)",0.0,0.0,0.4768469630375687,12.737948170095887,1.3698266631356315,0.0,0.0,0.0,0.0,0.0,0.0,0.0,0.0,57.21817329759043,-0.11412162681825322,True,False,True,False,True,4.3960545643603695,0,0.8351513312233744,0.7900059332896184,False,False,False,False,0.30474545152312776,0.23141169631777692,False,False,False,False,6942004,6258624.874215173,False,False,False,False,342495.4720770067,False,False,False,False
2023-10-13 00:00:00+00:00,13.6968347508,13.8250268687,13.6573910222,13.7461394115,285385,,,,,,,,,,,,,,,,,,,,,,14.92004554985096,,,,12.690738266989,13.748164761164235,14.535150223099443,"rgba(38, 166, 154, 1.0)",0.0,0.0,0.48655750682314586,12.757754304829785,1.9300502670315463,0.0,0.0,0.0,0.0,0.0,0.0,0.0,0.0,59.72850163820608,2.293507015407556,True,False,True,False,True,6.075238432988304,0,0.8679190258813569,0.7610667070125836,False,False,False,False,0.3428282146582005,0.28711995548798874,False,False,False,False,7227389,6296615.62424595,False,False,False,False,340255.8457210456,False,False,False,False
2023-10-16 00:00:00+00:00,13.8053050044,13.9039143259,13.7165566151,13.8940533937,257718,,,,,,,,,,,,,,,,,,,,,,14.917259017956738,,,,12.695840092824374,13.748348627239702,14.533227638881355,"rgba(38, 166, 154, 1.0)",0.0,0.0,0.4945322247547526,12.775182412597871,2.0830241999153523,0.0,0.0,0.0,0.0,0.0,0.0,0.0,0.0,61.84154357037049,4.365670513309716,True,False,True,False,True,6.663710149873754,0,0.8488719937392617,0.7719976764078975,False,False,False,False,0.3428282160786616,0.3149740857833252,False,False,False,False,7485107,6343223.129177482,False,False,False,False,337019.0674574752,False,False,False,False
2023-10-17 00:00:00+00:00,13.913775258,13.9334971223,13.7066956829,13.7066956829,232300,,,,,,,,,,,,,,,,,,,,,,14.914855606714706,,,13.851322687733333,12.700574063638001,13.748630278557219,14.531605049580527,"rgba(38, 166, 154, 1.0)",0.0,0.0,0.50812112111647,12.822104656745475,2.1484456281916584,-1.0,13.933497,13.706696,0.0,0.0,0.0,0.0,0.0,63.69720559768126,6.245969377247498,True,False,True,False,True,7.25392264592335,0,0.8482259222007347,0.7660035771306782,False,True,False,False,0.34282821627334087,0.32890115102833306,False,False,False,False,7717407,6397112.69273915,False,False,False,False,332912.4373611036,False,True,False,False
2023-10-18 00:00:00+00:00,13.440450515,13.6352039249,13.3812849221,13.6179472936,278790,,,,,,,,,,,,,,,,,,,,,,14.910998630248228,,,13.651853167291696,12.70441528831603,13.747769844271541,14.528626610019257,"rgba(38, 166, 154, 1.0)",0.0,0.0,0.510862826154028,12.822045120160421,1.2105116347869207,0.0,0.0,0.0,0.0,0.0,0.0,0.0,0.0,61.35180579325835,6.245969377247498,True,False,True,False,True,4.207799688261247,0,0.8306858930628577,0.7724587608127932,False,False,False,False,0.22787033429660372,0.2783857426624684,False,False,False,False,7438617,6437955.998906242,False,False,False,False,330789.98883713875,False,False,False,False
2023-10-19 00:00:00+00:00,13.2136490756,13.376354456,13.1742053471,13.2925365328,270855,,,,,,,,,,,,,,,,,,,,,,14.90666748429597,,,13.514297340458144,12.707018899950976,13.746207608739233,14.525112088762278,"rgba(38, 166, 154, 0.75)",0.0,0.0,0.5071384972243355,12.820337064903123,0.7755514772582773,0.0,0.0,0.0,0.0,0.0,0.0,0.0,0.0,58.32403568073357,6.245969377247498,True,False,True,False,False,2.79907614037295,0,0.8071664230997218,0.7890696878093174,False,False,False,False,0.1458511262019362,0.2121184344322023,False,False,False,False,7167762,6466575.842086389,False,False,False,False,328439.59711803525,False,False,False,False
2023-10-20 00:00:00+00:00,13.0460132292,13.1150397542,12.9769867041,13.0262913649,197119,,,,,,,,,,,,,,,,,,,,,,14.903133169117105,,,13.420015765674815,12.708182091985966,13.744596666562954,14.522148268536933,"rgba(38, 166, 154, 0.75)",0.0,0.0,0.49320180987578616,12.816806721132645,0.46473168483522187,0.0,0.0,0.0,0.0,0.0,0.0,0.0,0.0,55.272485364904206,12.786935742737178,True,False,True,False,False,1.7693056390346236,0,0.7910185582518755,0.8155056183932126,False,False,False,False,0.06700168834842851,0.1395600613903154,False,False,False,False,6970643,6486343.181612412,False,False,False,False,323289.76978007314,False,False,False,False
2023-10-23 00:00:00+00:00,13.036152297,13.2432318721,13.0164304327,13.2136490756,270624,,,,,,,,,,,,,,,,,,,,,,14.89843952640022,,,13.350413190495406,12.710012681083851,13.742562640361184,14.518242827544684,#000000,0.0,0.0,0.4890478670364951,12.815866660886176,0.4504377811699661,0.0,0.0,0.0,0.0,0.0,0.0,0.0,0.0,53.17547854169048,10.701506067533387,True,False,False,False,False,1.70836125141874,0,0.7899683827683853,0.8206412824120939,False,False,False,False,0.09568087907035577,0.11762047023033559,False,False,False,False,6700019,6494722.625470749,False,False,False,False,321224.44547497225,False,False,False,False
2023-10-24 00:00:00+00:00,12.9375429756,13.0460132292,12.8882383148,12.9178211113,222575,,,,,,,,,,,,,,,,,,,,,,14.894295781977242,,,13.290977482241383,12.710962485890295,13.740534253544073,14.514728620082199,#000000,0.0,0.0,0.4825123089654087,12.81322955696939,0.257637818395058,0.0,0.0,0.0,0.0,0.0,0.0,0.0,0.0,51.11876082292791,8.615164857956742,False,False,False,False,False,1.091966637104921,0,0.7946834269142136,0.8199663717651097,False,False,False,False,0.040110531287205854,0.07886550075877072,False,False,False,False,6477444,6494045.0323150335,False,False,False,False,317355.8397700714,False,False,False,False
2023-10-25 00:00:00+00:00,12.7206024683,12.8833078487,12.6910196719,12.8192117898,239832,,,,,,,,,,,,,,,,,,,,,,14.889409235424916,,,13.217294755238328,12.711185144157385,13.737826600579822,14.510494281306318,"rgba(239, 83, 80, 1.0)",0.0,0.0,0.47865851862646414,12.807503785979852,-0.18155180425749262,0.0,0.0,0.0,0.0,0.0,0.0,0.0,0.0,48.35391521059332,5.851917732611682,False,True,False,True,False,0.0,0,0.8003754185652412,0.8186597345560767,False,False,False,False,-0.021080266746213674,0.028892617006278522,False,False,False,False,6237612,6483988.834969346,False,False,False,False,314315.6891908529,False,False,False,False
2023-10-26 00:00:00+00:00,12.7699071291,12.8389336541,12.6811587398,12.7403243326,291079,,,,,,,,,,,,,,,,,,,,,,14.883504018037225,,,13.151330099642635,12.711444744543783,13.734554985056297,14.505377791271146,"rgba(239, 83, 80, 1.0)",0.0,0.0,0.47827950616202114,12.802009729845645,-0.06712100420788317,0.0,0.0,0.0,0.0,0.0,0.0,0.0,0.0,46.92527850443957,4.335166297879624,False,True,False,True,False,0.0516512719452038,0,0.7980266762065262,0.8259889571122477,False,False,False,False,-0.030303238551300963,-0.0007053107725112206,False,False,False,False,6528691,6485741.86104898,False,False,False,False,313404.4464774861,False,False,False,False
2023-10-27 00:00:00+00:00,12.9276820434,13.0854569577,12.8487945862,13.0262913649,295480,,,,,,,,,,,,,,,,,,,,,,14.878078987315034,,,13.125961497386443,12.712664201710657,13.731903807474879,14.50077955762771,"rgba(239, 83, 80, 1.0)",0.0,0.0,0.4789175775803802,12.801667564250533,0.26312352072381023,0.0,0.0,0.0,0.0,0.0,0.0,0.0,0.0,47.29893548528911,4.335166297879624,False,True,False,True,False,1.0399981225874733,0,0.8006616675032017,0.8221826005060496,False,False,False,False,0.04011053127018456,0.01970261024883667,False,False,False,False,6824171,6499013.591988236,False,False,False,False,312701.5270077808,False,False,False,False
2023-10-30 00:00:00+00:00,12.6022712826,12.7501852648,12.5529666219,12.700880604,190195,,,,,,,,,,,,,,,,,,,,,,14.874027126379229,,,13.088453559473345,12.712414112707487,13.729511272637037,14.497227025612009,"rgba(239, 83, 80, 1.0)",0.0,0.0,0.47810316124995716,12.797396893178627,-0.40812449361030917,0.0,0.0,0.0,0.0,0.0,0.0,0.0,0.0,45.32275269187564,2.2983539708125136,False,True,False,True,False,0.0,0,0.8002035186364291,0.8266365180063329,False,False,False,False,-0.06726250648094416,-0.023779948116053745,False,False,False,False,6633976,6504306.235439678,False,False,False,False,307897.34947806393,False,False,False,False
2023-10-31 00:00:00+00:00,12.3360261146,12.4839400968,12.2965823861,12.4740791647,270368,,,,,,,,,,,,,,,,,,,,,,14.867618869601545,,,13.018268186268534,12.710860987223517,13.72531520919616,14.491490345039363,"rgba(239, 83, 80, 1.0)",0.0,0.0,0.47688662966440665,12.787260679192642,-0.9462093011711901,0.0,0.0,0.0,0.0,0.0,0.0,0.0,0.0,42.47249516429473,-0.6459290733441208,False,True,False,True,False,0.0,0,0.7808269484338064,0.8432145054810783,False,False,False,False,-0.15726162221738602,-0.09052078516671988,False,False,False,False,6363608,6498788.657579298,False,False,False,False,306425.61028284574,False,False,False,False
2023-11-01 00:00:00+00:00,12.3951917075,12.4740791647,12.2817909878,12.2965823861,280596,,,,,,,,,,,,,,,,,,,,,,14.86103331290881,,,12.959691931049976,12.709318277322797,13.72102454782985,14.485601449200912,"rgba(239, 83, 80, 1.0)",0.0,0.0,0.4770397208234966,12.778045310916344,-0.8025612683896364,0.0,0.0,0.0,0.0,0.0,0.0,0.0,0.0,41.129822068586314,-2.1331631243199993,False,True,False,True,False,0.0,0,0.7910359805727272,0.8365918467072265,False,False,False,False,-0.16155845833564475,-0.12603962175118233,False,False,False,False,6644204,6504491.220027168,False,False,False,False,305412.6843894008,False,False,False,False
2023-11-02 00:00:00+00:00,12.5825494183,12.5825494183,12.2374167932,12.2669995896,284586,,,,,,,,,,,,,,,,,,,,,,14.854614463080875,,,12.917558164851725,12.70816735577517,13.716971806760506,14.479899164429956,"rgba(239, 83, 80, 1.0)",0.0,0.0,0.4771284888553916,12.771055743764723,-0.3950850344672177,0.0,0.0,0.0,0.0,0.0,0.0,0.0,0.0,41.96578912872115,-2.1331631243199993,False,True,False,True,False,0.0,0,0.785013572780934,0.8504154716630913,False,False,False,False,-0.15039857792913694,-0.13821909984015962,False,False,False,False,6928790,6521130.38786924,False,False,False,False,304595.9516682479,False,False,False,False
2023-11-03 00:00:00+00:00,12.5726884862,12.6910196719,12.4790096308,12.562827554,331058,,,,,,,,,,,,,,,,,,,,,,14.847543293001001,,,12.887069113636807,12.707466618306707,13.71271502334515,14.473677654134706,"rgba(239, 83, 80, 1.0)",0.0,0.0,0.4764661689367254,12.765904943875952,-0.4055197835076743,0.0,0.0,0.0,0.0,0.0,0.0,0.0,0.0,42.452397837124494,-2.1331631243199993,False,True,False,True,False,0.0,0,0.8261756543367657,0.8373187066982141,False,False,False,False,-0.1298055020602997,-0.13401230095022965,False,False,False,False,6597732,6524134.372658682,False,False,False,False,305633.6790538068,False,False,False,False
2023-11-06 00:00:00+00:00,12.6417150112,12.8044203916,12.631854079,12.7600461969,223861,,,,,,,,,,,,,,,,,,,,,,14.843021177856421,,,12.875850669814266,12.707411704436888,13.71013706633514,14.469740765291887,"rgba(239, 83, 80, 1.0)",0.0,0.0,0.47607055225980877,12.764142897413583,-0.25716332512574586,0.0,0.0,0.0,0.0,0.0,0.0,0.0,0.0,43.457144724837505,-2.1331631243199993,False,True,False,True,False,0.0,0,0.8267293331242233,0.8492681737900842,False,False,False,False,-0.07976827347640443,-0.10689028721331703,False,False,False,False,6821593,6535799.416868146,False,False,False,False,302426.9073262065,False,False,False,False
2023-11-07 00:00:00+00:00,12.0796418789,12.4642182325,12.0796418789,12.4543573004,305914,,,,,,,,,,,,,,,,,,,,,,14.835485762054095,,,12.827022874241958,12.704892015782331,13.704966542051919,14.46292881579426,"rgba(239, 83, 80, 1.0)",0.0,0.0,0.4811772420695577,12.753798289361866,-1.401056308403736,0.0,0.0,0.0,0.0,0.0,0.0,0.0,0.0,40.42561261680518,-3.753944688393645,False,True,False,True,False,0.0,0,0.800188296592621,0.8839628961120471,False,False,False,False,-0.2505708896633581,-0.17873058843833756,False,False,False,False,6515679,6535010.380912532,False,False,False,False,302563.65605851216,False,False,False,False
2023-11-08 00:00:00+00:00,11.9711716252,12.1388074717,11.923247495,12.089502811,313891,,,,,,,,,,,,,,,,,,,,,,14.827222897370024,,,12.770096551571372,12.701319894387114,13.699005653499798,14.455375619804325,"rgba(239, 83, 80, 1.0)",0.0,0.0,0.4845684175100452,12.740671735437394,-1.5880112744273958,0.0,0.0,0.0,0.0,0.0,0.0,0.0,0.0,37.84002703689009,-6.365578597686309,False,True,False,True,False,0.0,0,0.7867122836778313,0.9045496923622292,False,False,False,False,-0.34282825441539394,-0.2607794214268657,False,False,False,False,6201788,6521942.836563021,False,False,False,False,303007.865624845,False,False,False,False
2023-11-09 00:00:00+00:00,12.0500590824,12.2768605218,12.0500590824,12.1486684039,174546,,,,,,,,,,,,,,,,,,,,,,14.822835134796206,,,12.746028972385337,12.699676516827386,13.695932870973987,14.451391549643459,"rgba(239, 83, 80, 1.0)",0.0,0.0,0.489502079901994,12.734800039655706,-1.3988519872945204,0.0,0.0,0.0,0.0,0.0,0.0,0.0,0.0,36.96771227248789,-7.344244981717857,False,True,False,True,False,0.0,0,0.7797095156916344,0.9012892684265428,False,False,False,False,-0.2889246893756365,-0.2748520554012511,False,False,False,False,6376334,6516232.686109569,False,False,False,False,297970.1454042629,False,False,False,False
2023-11-10 00:00:00+00:00,11.9021451002,11.9218669645,11.6358999323,11.8429795073,389114,,,,,,,,,,,,,,,,,,,,,,14.812001828202948,,,12.674854234704396,12.694113372300578,13.687800599910464,14.441397793910362,"rgba(239, 83, 80, 1.0)",0.0,0.0,0.4936862063812548,12.716480825736452,-1.6495006646136108,0.0,0.0,0.0,0.0,0.0,0.0,0.0,0.0,35.53419286765994,-8.890160914935919,False,True,False,True,False,0.0,0,0.7719462028762581,0.9038069223560659,False,False,False,False,-0.34282825441539394,-0.3088401549083225,False,False,False,False,5987220,6495487.09057586,False,False,False,False,301544.41421193886,False,False,False,False
2023-11-13 00:00:00+00:00,12.0500590824,12.1289465396,12.0106153538,12.089502811,209989,,,,,,,,,,,,,,,,,,,,,,14.806660581846787,,,12.650495284068516,12.691967579114959,13.684008870112313,14.43653354712609,"rgba(239, 83, 80, 1.0)",0.0,0.0,0.4936960011358772,12.70966619207015,-1.3360592513460723,0.0,0.0,0.0,0.0,0.0,0.0,0.0,0.0,36.23759671549956,-8.890160914935919,False,True,False,True,False,0.0,0,0.7840073207814643,0.9135730740647444,False,False,False,False,-0.24047253999254892,-0.2746563474504357,False,False,False,False,6197209,6483789.910553277,False,False,False,False,297954.0058114706,False,False,False,False
2023-11-14 00:00:00+00:00,12.5529666219,12.6022712826,12.3163042504,12.3163042504,369691,,,,,,,,,,,,,,,,,,,,,,14.798764248081032,,,12.640013403761955,12.690768501075063,13.679124881339884,14.429551265175949,"rgba(239, 83, 80, 0.75)",0.0,0.0,0.48719324498986527,12.705808850530474,-0.3137199257219868,0.0,0.0,0.0,0.0,0.0,0.0,0.0,0.0,41.20827554681959,-14.336189479950079,False,True,False,True,True,0.0,0,0.7878940790192823,0.9045405480968958,False,False,False,False,-0.11044692668910146,-0.19255163706976858,False,False,False,False,6566900,6487049.129747266,False,False,False,False,300767.22126984433,False,False,False,False
2023-11-15 00:00:00+00:00,12.5332447576,12.6712978076,12.5233838254,12.5726884862,232596,,,,,,,,,,,,,,,,,,,,,,14.79400662018641,,,12.637478115393717,12.690340220724906,13.676291956153763,14.425376379115471,"rgba(239, 83, 80, 0.75)",0.0,0.0,0.48406224118390484,12.704435899885748,-0.3536552280282259,0.0,0.0,0.0,0.0,0.0,0.0,0.0,0.0,44.364241600918305,-11.38860631041841,False,True,False,True,True,0.0,0,0.8004865372387622,0.8872608701853197,False,False,False,False,-0.06545565220518727,-0.12900364463747793,False,False,False,False,6334304,6481059.124659138,False,False,False,False,298093.84004357597,False,False,False,False
2023-11-16 00:00:00+00:00,12.227555861,12.4050526397,12.1683902682,12.3163042504,186517,,,,,,,,,,,,,,,,,,,,,,14.78967679723625,,,12.626078350185916,12.689077459136985,13.67339578230899,14.421485085238983,"rgba(239, 83, 80, 0.75)",0.0,0.0,0.4860754489514248,12.7007204597139,-0.9734385880517565,0.0,0.0,0.0,0.0,0.0,0.0,0.0,0.0,44.16568605574125,-11.38860631041841,False,True,False,True,True,0.0,0,0.805666079898393,0.88600540648446,False,False,False,False,-0.16734184970227337,-0.14817274716987566,False,False,False,False,6147787,6467989.629574466,False,False,False,False,293718.27768892597,False,False,False,False
2023-11-17 00:00:00+00:00,12.1683902682,12.2029035307,11.9908934895,12.1092246753,304249,,,,,,,,,,,,,,,,,,,,,,14.782238006350488,,,12.601925627609305,12.686325457079892,13.668208270735006,14.414738675200171,"rgba(239, 83, 80, 0.75)",0.0,0.0,0.48783485096439366,12.692891567277915,-1.0751616003674935,0.0,0.0,0.0,0.0,0.0,0.0,0.0,0.0,43.621860417591236,-11.38860631041841,False,True,False,True,True,0.0,0,0.7997231079232603,0.8819937886010668,False,False,False,False,-0.23120757248656026,-0.18969015982821796,False,False,False,False,5843538,6443501.330375467,False,False,False,False,294131.24719132105,False,False,False,False
2023-11-20 00:00:00+00:00,12.0106153538,12.0549895485,11.9021451002,11.951449761,310529,,,,,,,,,,,,,,,,,,,,,,14.774315352487974,,,12.57342900359759,12.682897416780612,13.662502486720923,14.407501374443457,"rgba(239, 83, 80, 0.75)",0.0,0.0,0.49272707051879217,12.683473689592088,-1.3655802087018172,0.0,0.0,0.0,0.0,0.0,0.0,0.0,0.0,42.17602837109748,-11.38860631041841,False,True,False,True,True,0.0,0,0.7825152561848107,0.8969106794337875,False,False,False,False,-0.27194613368306414,-0.23081814675564105,False,False,False,False,5533009,6407795.7487921165,False,False,False,False,294774.29632107314,False,False,False,False
2023-11-21 00:00:00+00:00,11.6950655252,11.9120060324,11.685204593,11.9021451002,295368,,,,,,,,,,,,,,,,,,,,,,14.766215233521605,,,12.539140166886783,12.678619580216447,13.656385673359623,14.400020158194936,"rgba(239, 83, 80, 1.0)",0.0,0.0,0.5036356390698853,12.672042437530896,-1.9398486456105004,0.0,0.0,0.0,0.0,0.0,0.0,0.0,0.0,39.327760769479326,-11.38860631041841,False,True,False,True,False,0.0,0,0.7653619097002162,0.9025967646885165,False,False,False,False,-0.3356888807169138,-0.2832535137362774,False,False,False,False,5237641,6361907.327270857,False,False,False,False,294797.57881828595,False,False,False,False
2023-11-22 00:00:00+00:00,11.1132705285,11.3104891715,11.0343830714,11.3104891715,1069514,,,,,,,,,,,,,,,,,,,,,,14.73134676933661,,,12.354740415350571,12.653321318428098,13.627512274677601,14.367079967503749,"rgba(239, 83, 80, 1.0)",0.0,0.0,0.5313712827873381,12.608068148277546,-2.8130944749902578,0.0,0.0,0.0,0.0,0.0,0.0,0.0,0.0,34.89627917531645,-9.355530605599725,False,True,False,True,False,0.0,0,0.7768577528471402,0.9139139171821296,False,False,False,False,-0.34282825441539394,-0.31304088407583563,False,False,False,False,4168127,6275876.726201411,False,False,False,False,325178.61494305904,False,False,False,False
2023-11-24 00:00:00+00:00,11.1231314607,11.3104891715,11.1132705285,11.2020189179,260532,,,,,,,,,,,,,,,,,,,,,,14.723023926971084,,,12.31794596217719,12.647404243165202,13.62066222183328,14.359229680916235,"rgba(239, 83, 80, 1.0)",0.0,0.0,0.5568976930990317,12.594047195721412,-2.6412674235298783,0.0,0.0,0.0,0.0,0.0,0.0,0.0,0.0,32.04537264551547,-11.976832108656424,False,True,False,True,False,0.0,0,0.7723938429301213,0.9494977579477615,False,False,False,False,-0.3318338379403271,-0.3224373610080814,False,False,False,False,4428659,6203436.815369984,False,False,False,False,322643.45357274305,False,False,False,False
2023-11-27 00:00:00+00:00,11.2907673072,11.4682640858,11.2316017143,11.4288203572,543337,,,,,,,,,,,,,,,,,,,,,,14.706511576739322,,,12.257271393394669,12.636446604647668,13.60735840746404,14.34373833987982,"rgba(239, 83, 80, 1.0)",0.0,0.0,0.5692476262572885,12.569201178924374,-2.2458308348685985,0.0,0.0,0.0,0.0,0.0,0.0,0.0,0.0,31.930449384633356,-12.088780363832285,False,True,False,True,False,0.0,0,0.7631929124053641,0.9385031107330949,False,False,False,False,-0.2939367860894187,-0.3081870735487501,False,False,False,False,4971996,6155145.018688808,False,False,False,False,331298.1024522433,False,False,False,False
2023-11-28 00:00:00+00:00,11.3893766286,11.483055484,11.2513235786,11.280906375,455308,,,,,,,,,,,,,,,,,,,,,,14.692977994376216,,,12.214058896110863,12.627710896569532,13.596543395248233,14.331067704956965,"rgba(239, 83, 80, 1.0)",0.0,0.0,0.5732461646624055,12.550245909456617,-2.0250798913591894,0.0,0.0,0.0,0.0,0.0,0.0,0.0,0.0,32.87708435563441,-12.088780363832285,False,True,False,True,False,0.0,0,0.7700357947945119,0.9355751574696304,False,False,False,False,-0.28925885011422875,-0.2987229618314894,False,False,False,False,5427304,6126602.233642189,False,False,False,False,336161.2356894103,False,False,False,False
2023-11-29 00:00:00+00:00,11.3302110358,11.4682640858,11.3104891715,11.3302110358,351499,,,,,,,,,,,,,,,,,,,,,,14.682589584369808,,,12.183307765360402,12.621022986865826,13.588247204107061,14.321343476539994,"rgba(239, 83, 80, 1.0)",0.0,0.0,0.5886498805251434,12.536154304621359,-2.0486596680279954,0.0,0.0,0.0,0.0,0.0,0.0,0.0,0.0,33.17426959013595,-12.088780363832285,False,True,False,True,False,0.0,0,0.7725447052152827,0.9392462978470617,False,False,False,False,-0.28326237848838964,-0.2909926701599395,False,False,False,False,5075805,6085394.498989554,False,False,False,False,336762.7166427668,False,False,False,False
2023-11-30 00:00:00+00:00,10.876608157,11.0294526053,10.8519558267,10.9259128178,680009,,,,,,,,,,,,,,,,,,,,,,14.659968585095445,,,12.100117985906493,12.603700261164008,13.56914930365425,14.299868559042613,"rgba(239, 83, 80, 1.0)",0.0,0.0,0.6157408154628101,12.499473421305277,-2.6356304853454953,0.0,0.0,0.0,0.0,0.0,0.0,0.0,0.0,31.172156837228723,-13.25943339681843,False,True,False,True,False,0.0,0,0.757356631758334,0.9665172578826486,False,False,False,False,-0.34282825441539394,-0.3169104622876667,False,False,False,False,4395796,6019135.734323298,False,False,False,False,350223.35520579555,False,False,False,False
2023-12-01 00:00:00+00:00,11.0541049357,11.1675056553,10.8371644285,10.876608157,664117,,,,,,,,,,,,,,,,,,,,,,14.638722308620853,,,12.034858490328373,12.588106323361638,13.551455457787709,14.279769863094945,"rgba(239, 83, 80, 1.0)",0.0,0.0,0.6362555288604447,12.468161569509386,-2.2224665557594596,0.0,0.0,0.0,0.0,0.0,0.0,0.0,0.0,31.72150562356556,-13.25943339681843,False,True,False,True,False,0.0,0,0.7705690698604175,0.9481889015130259,False,False,False,False,-0.327056334986596,-0.3219833986371313,False,False,False,False,5059913,5981519.156506699,False,False,False,False,362532.9099036075,False,False,False,False
2023-12-04 00:00:00+00:00,10.5906411248,10.6793895141,10.5610583284,10.6399457855,810040,,,,,,,,,,,,,,,,,,,,,,14.61024847761899,,,11.937120838941095,12.564641399409064,13.526768521991219,14.25255027691563,"rgba(239, 83, 80, 1.0)",0.0,0.0,0.6713384878899135,12.421544752818681,-2.7272436498813017,0.0,0.0,0.0,0.0,-1.0,10.8371644285,10.265230364,0.0,30.093642545572045,-14.687804754620984,False,True,False,True,False,0.0,0,0.7509886166159574,0.9615010971855437,False,False,False,False,-0.34282825441539394,-0.3324058265262626,False,False,False,False,4249873,5913611.464094671,False,False,False,False,380082.2075544464,False,False,False,False
2023-12-05 00:00:00+00:00,10.0778726532,10.265230364,10.0778726532,10.196203839,744038,,,,,,,,,,,,,,,,,,,,,,14.581415073898293,,,11.830597184805438,12.538506556649079,13.500859235366882,14.224720987526306,"rgba(239, 83, 80, 1.0)",0.0,0.0,0.7231921085186129,12.370397387647685,-3.1700079514746005,0.0,0.0,0.0,0.0,0.0,0.0,0.0,0.0,27.384197928278347,-17.421530799628755,False,True,False,True,False,0.0,0,0.7525155537493962,0.9537486242987664,False,False,False,False,-0.34282825441539394,-0.3376170404708283,False,False,False,False,3505835,5819188.857659586,False,False,False,False,394354.98372878187,False,False,False,False
2023-12-06 00:00:00+00:00,9.7623228245,9.9792633318,9.7327400281,9.8313493496,1178108,,,,,,,,,,,,,,,,,,,,,,14.533323077322647,,,11.658464598873003,12.492961964794489,13.456858752477315,14.178072928127177,"rgba(239, 83, 80, 1.0)",0.0,0.0,0.7840695042895583,12.284252064496329,-3.2164613292560547,0.0,0.0,0.0,0.0,0.0,0.0,0.0,0.0,24.776542854098647,-19.973028699986383,False,True,False,True,False,0.0,0,0.7520885593877702,0.9594774681901338,False,False,False,False,-0.34282825441539394,-0.34022264744311115,False,False,False,False,2327727,5682268.78481019,False,False,False,False,425090.39613157476,False,False,False,False
2023-12-07 00:00:00+00:00,9.7327400281,9.791905621,9.6637135031,9.6932962995,736665,,,,,,,,,,,,,,,,,,,,,,14.503143597703101,,,11.560224281086237,12.46426196386577,13.429168602919558,14.148775674287041,"rgba(239, 83, 80, 1.0)",0.0,0.0,0.8394712085429779,12.232162240946879,-2.977376933730679,0.0,0.0,0.0,0.0,0.0,0.0,0.0,0.0,22.965332276107397,-21.740152260377343,False,True,False,True,False,0.0,0,0.7440122486993439,0.9869829018894802,False,False,False,False,-0.34282825441539394,-0.34152545092925257,False,False,False,False,1591062,5521829.303052928,False,False,False,False,437309.0080479836,False,False,False,False
2023-12-08 00:00:00+00:00,9.4171901994,9.5355213852,9.2988590137,9.318580878,1681291,,,,,,,,,,,,,,,,,,,,,,14.431251200766631,,,11.337071565448463,12.3937110217125,13.362280566981683,14.078710525284087,"rgba(239, 83, 80, 1.0)",0.0,0.0,0.9044897269831488,12.108586463620421,-2.975596277027216,0.0,0.0,0.0,0.0,0.0,0.0,0.0,0.0,21.011277187440097,-23.64782331453092,False,True,False,True,False,0.0,0,0.7164679844413909,1.0167630802297352,False,False,False,False,-0.34282825441539394,-0.34217685267232323,False,False,False,False,-90229,5301748.585286147,False,False,False,False,486092.6155755136,False,False,False,False
2023-12-11 00:00:00+00:00,9.3383027423,9.4070334393,8.9537263886,9.0227529136,1226374,,,,,,,,,,,,,,,,,,,,,,14.378200493825203,,,11.188541125776219,12.3412171483359,13.312667908907414,14.026930147040249,"rgba(239, 83, 80, 1.0)",0.0,0.0,0.9652879185100696,12.020871172103508,-2.779034501896674,0.0,0.0,0.0,0.0,0.0,0.0,0.0,0.0,19.53263927296606,-25.119388587109512,False,True,False,True,False,0.0,0,0.69354012984354,1.0387627114652653,False,False,False,False,-0.34282825441539394,-0.3425025535438586,False,False,False,False,-1316603,5042205.385863162,False,False,False,False,515123.2581019641,False,False,False,False
2023-12-12 00:00:00+00:00,8.8748389314,9.0178224475,8.7565077456,8.9241435921,1403523,,,,,,,,,,,,,,,,,,,,,,14.314759745132422,,,11.016204759979592,12.27671248317425,13.25258492709062,13.964783519910258,"rgba(239, 83, 80, 1.0)",0.0,0.0,1.0414569607581627,11.915972638145917,-2.920076221423518,0.0,0.0,0.0,0.0,0.0,0.0,0.0,0.0,17.62820488649353,-27.00876333283539,False,True,False,True,False,0.0,0,0.690964613724865,1.0289057764849892,False,False,False,False,-0.34282825441539394,-0.3426654039796263,False,False,False,False,-2720126,4737800.2334763715,False,False,False,False,549962.463666593,False,False,False,False
2023-12-13 00:00:00+00:00,9.2298324887,9.2396934208,8.7269249492,8.7860905421,940437,,,,,,,,,,,,,,,,,,,,,,14.274464652158734,,,10.923159390137513,12.23707254115116,13.214872873027828,13.925440306128941,"rgba(239, 83, 80, 1.0)",0.0,0.0,1.096628902590556,11.67405658282864,-2.228852520989255,0.0,0.0,0.0,0.0,0.0,0.0,0.0,0.0,19.888510581472943,-27.00876333283539,False,True,False,True,False,0.0,0,0.7058428630899528,0.9919556460904815,False,False,False,False,-0.32846010194668196,-0.33556275296315413,False,False,False,False,-1779689,4482212.420398868,False,False,False,False,565275.1905816286,False,False,False,False
2023-12-14 00:00:00+00:00,9.3087199458,9.4073292673,9.1706668958,9.2101106244,1014857,,,,,,,,,,,,,,,,,,,,,,14.233559513214999,,,10.843484562112224,12.198403911703995,13.177146093017653,13.885663283602613,"rgba(239, 83, 80, 0.75)",0.0,0.0,1.1443653812224106,11.624835327658678,-2.023929961411979,0.0,0.0,0.0,0.0,0.0,0.0,0.0,0.0,22.130153378766103,-27.00876333283539,False,True,False,True,True,0.0,0,0.750997699419652,0.9765834076669864,False,False,False,False,-0.28360346925031105,-0.3095831111067326,False,False,False,False,-764832,4276445.972540089,False,False,False,False,582905.849774506,False,False,False,False
2023-12-15 00:00:00+00:00,9.1805278279,9.387607403,9.1262927011,9.3284418101,499319,,,,,,,,,,,,,,,,,,,,,,14.213421467404942,,,10.80557215726136,12.179337447460648,13.158547367877729,13.86607263470678,"rgba(239, 83, 80, 0.75)",0.0,0.0,1.19291049883243,11.598528165800365,-2.0269754858113838,0.0,0.0,0.0,0.0,0.0,0.0,0.0,0.0,23.18507785787154,-32.283783182469094,False,True,False,True,True,0.0,0,0.764149945334538,0.9677328349207951,False,False,False,False,-0.2882515411560784,-0.2989173261314055,False,False,False,False,-1264151,4059167.659891458,False,False,False,False,579627.9340970743,False,False,False,False
2023-12-18 00:00:00+00:00,9.3284418101,9.4714253262,9.3008312001,9.456633928,455257,,,,,,,,,,,,,,,,,,,,,,14.195696563749259,,,10.775369841321293,12.162954673046665,13.142321555168651,13.848871675519858,"rgba(239, 83, 80, 0.75)",0.0,0.0,1.2345828670795376,11.577472729327418,-1.8216929614029107,0.0,0.0,0.0,0.0,0.0,0.0,0.0,0.0,25.361581081561418,-30.126274240419956,False,True,False,True,True,0.0,0,0.7710257255871373,0.9593031473793121,False,False,False,False,-0.2695879501596667,-0.2842526381455361,False,False,False,False,-808894,3868263.2810721854,False,False,False,False,574750.6425638557,False,False,False,False
2023-12-19 00:00:00+00:00,9.6932962995,9.7524618924,9.5848260459,9.5848260459,714047,,,,,,,,,,,,,,,,,,,,,,14.169923486346473,,,10.740352570870098,12.140446398238486,13.11921664381036,13.824003778207743,"rgba(239, 83, 80, 0.75)",0.0,0.0,1.26338452337664,11.552785945130617,-1.4718319017085715,0.0,0.0,0.0,0.0,0.0,0.0,0.0,0.0,30.053228720302414,-25.686347285991744,False,True,False,True,True,0.0,0,0.7525437574261694,0.9582307220984411,False,False,False,False,-0.22938246109648278,-0.25681754962100944,False,False,False,False,-94847,3712847.191618374,False,False,False,False,580213.2448162537,False,False,False,False
2023-12-20 00:00:00+00:00,9.7623228245,9.9200977389,9.7475314263,9.8017665531,665911,,,,,,,,,,,,,,,,,,,,,,14.146855709291362,,,10.713492897786256,12.120934263687944,13.098767830147635,13.801813890040451,"rgba(239, 83, 80, 0.75)",0.0,0.0,1.2890147725569892,11.532310363724026,-1.373132082662592,0.0,0.0,0.0,0.0,0.0,0.0,0.0,0.0,33.74585431441567,-22.316813855319182,False,True,False,True,True,0.0,0,0.7419452776748376,0.9556853648649069,False,False,False,False,-0.20621763195897388,-0.23151759078999168,False,False,False,False,571064,3589640.0076333396,False,False,False,False,583573.9410979692,False,False,False,False
2023-12-21 00:00:00+00:00,9.8707930781,9.8806540103,9.791905621,9.8412102817,389149,,,,,,,,,,,,,,,,,,,,,,14.133604394938995,,,10.69912969658263,12.109866222857397,13.087070416031953,13.789081365793372,"rgba(239, 83, 80, 0.5)",0.0,0.0,1.310701914339121,11.52067117733161,-1.258774463653323,0.0,0.0,0.0,0.0,0.0,0.0,0.0,0.0,37.1129010224661,-19.286316481725258,False,False,False,True,True,0.0,0,0.7333023039306207,0.9693911296655944,False,False,False,False,-0.2058735945067848,-0.21869559264838823,False,False,False,False,960213,3486525.2230202677,False,False,False,False,575949.4336039311,False,False,False,False
2023-12-22 00:00:00+00:00,9.929958671,10.0680117211,9.8855844764,10.0285679925,239634,,,,,,,,,,,,,,,,,,,,,,14.125699770861523,,,10.691666561810617,12.103443089022704,13.080159756903694,13.781505941500626,"rgba(239, 83, 80, 0.5)",0.0,0.0,1.3310378820752338,11.514337133267594,-1.190333110427612,0.0,0.0,0.0,0.0,0.0,0.0,0.0,0.0,39.86176176888425,-16.82248623798698,False,False,False,True,True,0.0,0,0.7338802622241936,0.9681013222820579,False,False,False,False,-0.1863400960817331,-0.20251784436506065,False,False,False,False,1199847,3396851.567215551,False,False,False,False,562760.5930704436,False,False,False,False
2023-12-26 00:00:00+00:00,9.8806540103,10.0187070603,9.860932146,10.0187070603,235144,,,,,,,,,,,,,,,,,,,,,,14.11789607569188,,,10.684084821190693,12.09705735521143,13.073319280317852,13.774021913285631,"rgba(239, 83, 80, 0.5)",0.0,0.0,1.3514940357310898,11.507787850253896,-1.203951920567447,0.0,0.0,0.0,0.0,0.0,0.0,0.0,0.0,41.33001416595485,-15.488852500675755,False,False,False,True,True,0.0,0,0.7219300568719684,0.9965444616712046,False,False,False,False,-0.19146629190184958,-0.1969920681334551,False,False,False,False,964703,3301473.1920306277,False,False,False,False,549912.8835382694,False,False,False,False
2023-12-27 00:00:00+00:00,10.0680117211,10.13210778,10.0285679925,10.0680117211,279222,,,,,,,,,,,,,,,,,,,,,,14.109010357948602,,,10.677073945335604,12.090063320075123,13.065635208860762,13.765531093326688,#000000,0.0,0.0,1.3669864078873684,11.381523046776255,-0.9608810432184498,0.0,0.0,0.0,0.0,0.0,0.0,0.0,0.0,44.008784272191804,-12.937385454051707,True,False,False,False,True,0.0,0,0.7214592922285333,0.9874368067594221,False,False,False,False,-0.17203721854677886,-0.18451464334011697,False,False,False,False,1243925,3220785.02763727,False,False,False,False,539297.5547720628,False,False,False,False
2023-12-28 00:00:00+00:00,9.7623228245,9.9200977389,9.7623228245,9.8905149424,323044,,,,,,,,,,,,,,,,,,,,,,14.098115727018646,,,10.665720841824845,12.080989612642227,13.056021366535923,13.755063862518716,"rgba(239, 83, 80, 0.5)",0.0,0.0,1.3867122955059235,11.364937369717733,-1.155693614610261,0.0,0.0,0.0,0.0,0.0,0.0,0.0,0.0,43.473439414495395,-12.937385454051707,True,False,False,True,True,0.0,0,0.7109662403883175,0.9934432793544627,False,False,False,False,-0.1962197756955342,-0.1903672095178256,False,False,False,False,920881,3130592.712827965,False,False,False,False,530817.0232123741,False,False,False,False
2023-12-29 00:00:00+00:00,9.8017665531,9.8412102817,9.727809562,9.8412102817,386896,,,,,,,,,,,,,,,,,,,,,,14.085065543061576,,,10.65212833994081,12.070100023778215,13.04449483883622,13.742522491383589,"rgba(239, 83, 80, 0.5)",0.0,0.0,1.4061438923873388,11.35043307644121,-1.1013570742834127,0.0,0.0,0.0,0.0,0.0,0.0,0.0,0.0,43.493388647872365,-12.937385454051707,True,False,False,True,True,0.0,0,0.7308691013300909,0.9971205635412905,False,False,False,False,-0.19756463718057204,-0.19396592334919882,False,False,False,False,1307777,3059109.743697457,False,False,False,False,525173.0615177712,False,False,False,False
2024-01-02 00:00:00+00:00,9.8412102817,9.9595414675,9.7721837567,9.791905621,348153,,,,,,,,,,,,,,,,,,,,,,14.073572772276357,,,10.641181251235457,12.060676039725104,13.034405222554295,13.731495873437366,"rgba(239, 83, 80, 0.5)",0.0,0.0,1.4202805857047633,11.34042573559837,-1.055576953587968,0.0,0.0,0.0,0.0,0.0,0.0,0.0,0.0,43.90449292154777,-12.43931641127989,True,False,False,True,True,0.0,0,0.7495057692518069,0.9765934903579393,False,False,False,False,-0.17965966998692823,-0.18681279666806352,False,False,False,False,1655930,3004083.0870818705,False,False,False,False,518231.09832099586,False,False,False,False
2024-01-03 00:00:00+00:00,9.722879096,9.7697185236,9.5946869781,9.6637135031,441816,,,,,,,,,,,,,,,,,,,,,,14.0585211990431,,,10.624933938637769,12.047961353850623,13.021045019899391,13.717011577335338,"rgba(239, 83, 80, 0.5)",0.0,0.0,1.43534897995955,11.324058403491811,-1.1155331071729573,0.0,0.0,0.0,0.0,0.0,0.0,0.0,0.0,43.206536024712406,-12.43931641127989,True,False,False,True,True,0.0,0,0.7453094534055427,0.9737032397964847,False,False,False,False,-0.20932665600444952,-0.19806972633625652,False,False,False,False,1214114,2933888.220921797,False,False,False,False,515234.42779860384,False,False,False,False
2024-01-04 00:00:00+00:00,9.525660453,9.7426009602,9.4911471905,9.722879096,486718,,,,,,,,,,,,,,,,,,,,,,14.041646896534052,,,10.605639180932457,12.033468299920125,13.005970562787885,13.700744702425148,"rgba(239, 83, 80, 0.5)",0.0,0.0,1.4536513169745642,11.304728137328095,-1.2238613645195247,0.0,0.0,0.0,0.0,0.0,0.0,0.0,0.0,41.25322828087043,-12.43931641127989,True,False,False,True,False,0.0,0,0.7363732466943697,0.9838979991690343,False,False,False,False,-0.21522025534847683,-0.20664499084236668,False,False,False,False,727396,2847359.114218982,False,False,False,False,514116.1365123841,False,False,False,False
2024-01-05 00:00:00+00:00,9.722879096,10.0039156621,9.6735744352,9.6932962995,525269,,,,,,,,,,,,,,,,,,,,,,14.024444839902952,,,10.589804689831004,12.01936662035656,12.990857113802164,13.684236743670525,"rgba(239, 83, 80, 0.5)",0.0,0.0,1.4663855876996077,11.290176186063364,-1.0688164853843538,0.0,0.0,0.0,0.0,0.0,0.0,0.0,0.0,42.14599346164995,-12.43931641127989,True,False,False,True,False,0.0,0,0.7522003207287529,0.9453992145702288,False,False,False,False,-0.1779203938916225,-0.19228269236699458,False,False,False,False,1252665,2784822.090131963,False,False,False,False,514553.5037079769,False,False,False,False
2024-01-08 00:00:00+00:00,9.6341307066,9.6527678684,9.456633928,9.4960776566,440989,,,,,,,,,,,,,,,,,,,,,,14.009367293491408,,,10.57342907337095,12.00650984004653,12.97741508643991,13.669709842799223,"rgba(239, 83, 80, 0.5)",0.0,0.0,1.475641622365102,11.274190770035222,-1.1114216613154324,0.0,0.0,0.0,0.0,0.0,0.0,0.0,0.0,42.01700182543149,-12.43931641127989,True,False,False,True,False,0.0,0,0.7522669087960147,0.9565030961014885,False,False,False,False,-0.22577482652716085,-0.20902875944707772,False,False,False,False,811676,2707443.812087572,False,False,False,False,511668.62120962486,False,False,False,False
2024-01-09 00:00:00+00:00,9.6045479102,9.7327400281,9.5353241665,9.7327400281,467291,,,,,,,,,,,,,,,,,,,,,,13.993655894828198,,,10.557374904744588,11.993272458152344,12.963465501418266,13.654589160353655,"rgba(239, 83, 80, 0.5)",0.0,0.0,1.4853634336692836,11.258681099705285,-1.1136218598158767,0.0,0.0,0.0,0.0,0.0,0.0,0.0,0.0,41.68310498603944,-12.43931641127989,True,False,False,True,False,0.0,0,0.758541525132549,0.9486816615028767,False,False,False,False,-0.2123158852124196,-0.21067232232974864,False,False,False,False,344385,2614774.8390645306,False,False,False,False,509928.3223386592,False,False,False,False
2024-01-10 00:00:00+00:00,9.0326138457,9.0917794386,8.8748389314,8.9044217278,1072724,,,,,,,,,,,,,,,,,,,,,,13.952916636225213,,,10.499159078131097,11.955568769245778,12.92597024792218,13.614989275426302,"rgba(239, 83, 80, 0.5)",0.0,0.0,1.505458668637474,11.20200917327556,-1.4410195196783355,0.0,0.0,0.0,0.0,0.0,0.0,0.0,0.0,37.704807951844266,-12.43931641127989,False,False,False,True,False,0.0,0,0.74145770521054,0.9769652180229519,False,False,False,False,-0.3243515437710195,-0.26751193305038407,False,False,False,False,-728339,2483672.335571804,False,False,False,False,531998.7410704765,False,False,False,False
2024-01-11 00:00:00+00:00,9.1410840993,9.1903887601,9.0227529136,9.1509450315,414476,,,,,,,,,,,,,,,,,,,,,,13.937725189417637,,,10.47949917828861,11.94182713496083,12.912103165992091,13.600256333397082,"rgba(239, 83, 80, 0.5)",0.0,0.0,1.5229251994670927,11.183370303234783,-1.3410285709694911,0.0,0.0,0.0,0.0,0.0,0.0,0.0,0.0,36.32189031540605,-8.889886716487041,False,False,False,True,False,0.0,0,0.764780740950354,0.9605246821536237,False,False,False,False,-0.3009707969626317,-0.2842413650065079,False,False,False,False,-313863,2373965.067510165,False,False,False,False,527390.0061265362,False,False,False,False
2024-01-12 00:00:00+00:00,9.2988590137,9.445589684,9.2791371494,9.387607403,355306,,,,,,,,,,,,,,,,,,,,,,13.92537760674505,,,10.465775989262877,11.931075208336411,12.900990244262797,13.588328161244299,"rgba(239, 83, 80, 0.5)",0.0,0.0,1.5386794879188956,11.170403709581638,-1.2163317380755831,0.0,0.0,0.0,0.0,0.0,0.0,0.0,0.0,37.16743195694315,-8.889886716487041,False,False,False,True,False,0.0,0,0.7871129156216519,0.9376257170423771,False,False,False,False,-0.2534221424774653,-0.2688317537419866,False,False,False,False,41443,2282493.6138823153,False,False,False,False,520641.6137294171,False,False,False,False
2024-01-16 00:00:00+00:00,8.8058124064,8.9734482529,8.7860905421,8.91428266,999321,,,,,,,,,,,,,,,,,,,,,,13.887357293557722,,,10.412953230776967,11.895718696622778,12.865884389741801,13.551335904074087,"rgba(239, 83, 80, 0.5)",0.0,0.0,1.5608483993513127,11.120927357714269,-1.483241391205212,0.0,0.0,0.0,0.0,0.0,0.0,0.0,0.0,34.9427615078007,-10.372964573117997,False,False,False,True,False,0.0,0,0.7794566897330972,0.9473059649622753,False,False,False,False,-0.34282825441539394,-0.30583000407869027,False,False,False,False,-957878,2155420.2172594797,False,False,False,False,539413.3543674792,False,False,False,False
2024-01-17 00:00:00+00:00,8.5001235099,8.5175773598,8.3908643817,8.4705407134,871864,,,,,,,,,,,,,,,,,,,,,,13.85214267885896,,,10.358892923374563,11.861700487313056,12.832852822342735,13.516919442751043,"rgba(239, 83, 80, 1.0)",0.0,0.0,1.577368130019202,11.071170765259506,-1.6299601890195459,0.0,0.0,0.0,0.0,0.0,0.0,0.0,0.0,32.15839789962239,-13.062465082039417,False,True,False,True,False,0.0,0,0.7741313910843436,0.9644982245988788,False,False,False,False,-0.34282825441539394,-0.3243291292470421,False,False,False,False,-1829742,1999139.345994402,False,False,False,False,552450.6345883624,False,False,False,False
2024-01-18 00:00:00+00:00,8.4212360527,8.4310969848,8.2240174098,8.2536002062,1241323,,,,,,,,,,,,,,,,,,,,,,13.80177282813157,,,10.282697144471193,11.812872512769328,12.785499183097718,13.46765782009903,"rgba(239, 83, 80, 1.0)",0.0,0.0,1.5906909188187424,11.00182670235699,-1.6223080292514362,0.0,0.0,0.0,0.0,0.0,0.0,0.0,0.0,29.991352031400336,-15.115800448379524,False,True,False,True,False,0.0,0,0.7457931966607027,0.9723449457907305,False,False,False,False,-0.34282825441539394,-0.333578691831218,False,False,False,False,-3071065,1800307.8030142293,False,False,False,False,579465.2371535248,False,False,False,False
2024-01-19 00:00:00+00:00,8.4212360527,8.4508188491,8.2979744009,8.4508188491,579424,,,,,,,,,,,,,,,,,,,,,,13.778709164176094,,,10.249628773063193,11.790745467723973,12.76389045225691,13.445122772797358,"rgba(239, 83, 80, 1.0)",0.0,0.0,1.6106606846435616,10.971783313193894,-1.5835410181743708,0.0,0.0,0.0,0.0,0.0,0.0,0.0,0.0,28.546654785918964,-16.497053061547767,False,True,False,True,False,0.0,0,0.7433468377488287,0.981611314607281,False,False,False,False,-0.3347248071971124,-0.3341517495141652,False,False,False,False,-3071065,1609273.5754450439,False,False,False,False,579463.6200102493,False,False,False,False
2024-01-22 00:00:00+00:00,8.2141564776,8.2560654392,8.0662424954,8.0662424954,936359,,,,,,,,,,,,,,,,,,,,,,13.740406058922353,,,10.1927660892066,11.753402826633678,12.72775136543794,13.407621687508662,"rgba(239, 83, 80, 1.0)",0.0,0.0,1.6368796826229934,10.732637399024371,-1.5385864631105137,0.0,0.0,0.0,0.0,0.0,0.0,0.0,0.0,26.726416154859223,-18.25922114959434,False,True,False,True,False,0.0,0,0.7451039413916349,0.973080892455429,False,False,False,False,-0.34282825441539394,-0.3384900019647796,False,False,False,False,-4007424,1389010.9254275912,False,False,False,False,593459.5172647494,False,False,False,False
2024-01-23 00:00:00+00:00,8.5297063063,8.5395672384,8.2733220705,8.2733220705,1022026,,,,,,,,,,,,,,,,,,,,,,13.701183538655222,,,10.141981052627237,11.716513690288895,12.69124264326826,13.36936699199208,"rgba(239, 83, 80, 1.0)",0.0,0.0,1.6578319500766636,10.694962532812095,-1.306077028140257,0.0,0.0,0.0,0.0,0.0,0.0,0.0,0.0,29.20029466139958,-18.25922114959434,False,True,False,True,False,0.0,0,0.7656652307907391,0.9340626487111299,False,False,False,False,-0.3023990457483813,-0.3204445238565804,False,False,False,False,-2985398,1217465.4773716074,False,False,False,False,610266.0459994652,False,False,False,False
2024-01-24 00:00:00+00:00,8.5001235099,8.6184546956,8.4705407134,8.5198453741,656922,,,,,,,,,,,,,,,,,,,,,,13.676667703166055,,,10.112378786187051,11.693819408036685,12.668551226724786,13.345493586947917,"rgba(239, 83, 80, 0.75)",0.0,0.0,1.6798698881101382,10.671293941024675,-1.292463449992102,0.0,0.0,0.0,0.0,0.0,0.0,0.0,0.0,30.68318778040682,-18.25922114959434,False,True,False,True,True,0.0,0,0.7726835820284784,0.9420387188933363,False,False,False,False,-0.2800674352229508,-0.30025597953976557,False,False,False,False,-3642320,1026885.6547295838,False,False,False,False,612095.6912543881,False,False,False,False
2024-01-25 00:00:00+00:00,8.509984442,8.6578984242,8.4261665188,8.6578984242,432760,,,,,,,,,,,,,,,,,,,,,,13.66064914462901,,,10.093484190105805,11.679052564982674,12.653743421923787,13.329900115413897,"rgba(239, 83, 80, 0.5)",0.0,0.0,1.698785259408035,10.655544453167893,-1.2629966025932806,0.0,0.0,0.0,0.0,0.0,0.0,0.0,0.0,31.78967371697308,-23.374743109555837,False,False,False,True,True,0.0,0,0.7853323194819759,0.9245425309036673,False,False,False,False,-0.2804637752465117,-0.2903598773931386,False,False,False,False,-3209560,860750.5310146982,False,False,False,False,605062.9190483337,False,False,False,False
2024-01-26 00:00:00+00:00,8.5691500349,8.6184546956,8.5050539759,8.579010967,269641,,,,,,,,,,,,,,,,,,,,,,13.650782387258843,,,10.082181095569197,11.670016628087115,12.644643699628455,13.320301427054908,"rgba(239, 83, 80, 0.5)",0.0,0.0,1.7052994892834654,10.646078127368574,-1.217925710715635,0.0,0.0,0.0,0.0,0.0,0.0,0.0,0.0,33.27495946885645,-21.860822692153345,False,False,False,True,True,0.0,0,0.7718552649498709,0.935297367192971,False,False,False,False,-0.27729544722239813,-0.28382766230776835,False,False,False,False,-2939919,711704.6670533376,False,False,False,False,591909.1183013401,False,False,False,False
2024-01-29 00:00:00+00:00,8.6283156278,8.6973421528,8.5395672384,8.6973421528,492767,,,,,,,,,,,,,,,,,,,,,,13.633052114547944,,,10.062717321846542,11.65394159256181,12.628351185818897,13.303070375270782,"rgba(239, 83, 80, 0.5)",0.0,0.0,1.7027920068794133,10.629821267170076,-1.1754257896935367,0.0,0.0,0.0,0.0,0.0,0.0,0.0,0.0,35.03096436165194,-20.088605740452262,False,False,False,True,True,0.0,0,0.7656569949119031,0.9523046014676139,False,False,False,False,-0.2682164245503062,-0.27602204342903724,False,False,False,False,-2447152,587827.9350120302,False,False,False,False,588021.1920934444,False,False,False,False
2024-01-30 00:00:00+00:00,8.6677593563,8.6677593563,8.5297063063,8.6184546956,390145,,,,,,,,,,,,,,,,,,,,,,13.619102717993929,,,10.047671151435578,11.641334046809858,12.615545001569393,13.289517188463684,"rgba(239, 83, 80, 0.5)",0.0,0.0,1.6937180413285031,10.616980915850668,-1.1508536320613056,0.0,0.0,0.0,0.0,0.0,0.0,0.0,0.0,36.729056123013024,-18.378552971017267,True,False,False,True,True,0.0,0,0.7513305583634272,0.9587172515050078,False,False,False,False,-0.2661052043284079,-0.27106362387872257,False,False,False,False,-2057007,484108.91795273486,False,False,False,False,580261.3414231134,False,False,False,False
2024-01-31 00:00:00+00:00,8.4310969848,8.7318554153,8.4261665188,8.7170640171,620021,,,,,,,,,,,,,,,,,,,,,,13.596687973125853,,,10.022893286416478,11.620908182476477,12.59489577101716,13.267717578102461,"rgba(239, 83, 80, 0.5)",0.0,0.0,1.6871283879883967,10.433628971454215,-1.1869470046923234,0.0,0.0,0.0,0.0,0.0,0.0,0.0,0.0,35.918483586611856,-18.378552971017267,True,False,False,True,True,0.0,0,0.7597446279876873,0.9452968343642069,False,False,False,False,-0.26603115531387633,-0.2685473895962994,False,False,False,False,-2677028,360142.7643075296,False,False,False,False,581820.5437202462,False,False,False,False
2024-02-01 00:00:00+00:00,8.5592891027,8.6283156278,8.4902625777,8.5494281706,377979,,,,,,,,,,,,,,,,,,,,,,13.583199255690216,,,10.008472570797421,11.60870506617405,12.58250047852713,13.25460809978959,"rgba(239, 83, 80, 0.5)",0.0,0.0,1.668489261080507,10.421944998490515,-1.1163727206636422,0.0,0.0,0.0,0.0,0.0,0.0,0.0,0.0,37.1224579066482,-17.805876725945637,True,False,False,True,True,0.0,0,0.7727402430454459,0.9363999532926054,False,False,False,False,-0.26735897055808033,-0.2679531800771899,False,False,False,False,-2299049,255860.73433468532,False,False,False,False,573826.7576920012,False,False,False,False
2024-02-02 00:00:00+00:00,8.2437392741,8.4212360527,8.2190869437,8.4212360527,480669,,,,,,,,,,,,,,,,,,,,,,13.565251923911704,,,9.987265035208246,11.591991962879916,12.565817668454706,13.237108520058621,"rgba(239, 83, 80, 0.5)",0.0,0.0,1.6495424908356993,10.39894665547483,-1.3065485692841714,0.0,0.0,0.0,0.0,0.0,0.0,0.0,0.0,35.587508125465476,-17.805876725945637,True,False,False,True,True,0.0,0,0.7693226114382682,0.9389666210512314,False,False,False,False,-0.3107824610650538,-0.28936782057112187,False,False,False,False,-2779718,136818.43102744274,False,False,False,False,570173.5122923149,False,False,False,False
2024-02-05 00:00:00+00:00,8.0662424954,8.1451299526,7.9479113097,8.1451299526,478153,,,,,,,,,,,,,,,,,,,,,,13.546706142783092,,,9.963745114156982,11.57432679706766,12.54841903348476,13.21897766727434,"rgba(239, 83, 80, 0.5)",0.0,0.0,1.6273677407161007,10.372363294042184,-1.4170864648130537,0.0,0.0,0.0,0.0,0.0,0.0,0.0,0.0,33.4920955364374,-17.805876725945637,False,False,False,True,False,0.0,0,0.7750181056096618,0.947577724884375,False,False,False,False,-0.34282825441539394,-0.31609803749325793,False,False,False,False,-3257871,3693.35530087637,False,False,False,False,566564.8647514398,False,False,False,False
2024-02-06 00:00:00+00:00,8.2930439348,8.4212360527,8.1451299526,8.1549908847,589871,,,,,,,,,,,,,,,,,,,,,,13.52496311284191,,,9.938955546578057,11.554204080045748,12.528244003877397,13.197787215341188,"rgba(239, 83, 80, 0.5)",0.0,0.0,1.609755238534238,10.349403331962261,-1.277436064773846,0.0,0.0,0.0,0.0,0.0,0.0,0.0,0.0,34.971548263865415,-17.805876725945637,True,False,False,True,False,0.0,0,0.7974701084569757,0.9082336949201554,False,False,False,False,-0.2912385091701288,-0.30366827333169333,False,False,False,False,-2668000,-101078.93314229525,False,False,False,False,567478.8308396186,False,False,False,False
2024-02-07 00:00:00+00:00,8.1155471562,8.1352690205,7.9972159704,8.1155471562,416735,,,,,,,,,,,,,,,,,,,,,,13.50911663679861,,,9.919773302764334,11.539258135637946,12.51342612701984,13.182309238052259,"rgba(239, 83, 80, 0.5)",0.0,0.0,1.5979006040070023,10.330129062469378,-1.3859322042409554,0.0,0.0,0.0,0.0,0.0,0.0,0.0,0.0,34.75566635093365,-17.805876725945637,True,False,False,True,False,0.0,0,0.7745430946089703,0.9173571596985508,False,False,False,False,-0.3384648573393337,-0.3210665653355135,False,False,False,False,-3084735,-218085.05341122486,False,False,False,False,561567.3080615944,False,False,False,False
2024-02-08 00:00:00+00:00,8.0169378347,8.0465206311,7.9281894454,7.9873550383,499774,,,,,,,,,,,,,,,,,,,,,,13.489936462880403,,,9.896239057376604,11.521063905069202,12.495445115653306,13.163561177589965,"rgba(239, 83, 80, 0.5)",0.0,0.0,1.5889282920371084,10.306421751263318,-1.4408982004015125,0.0,0.0,0.0,0.0,0.0,0.0,0.0,0.0,33.983440398349856,-17.805876725945637,False,False,False,True,False,0.0,0,0.7622161273777757,0.9356930863430699,False,False,False,False,-0.34282825441539394,-0.3319474098754537,False,False,False,False,-3584509,-350101.6787676474,False,False,False,False,559144.0410787868,False,False,False,False
2024-02-09 00:00:00+00:00,7.5830568203,7.7112489382,7.4696561006,7.6225005489,1635799,,,,,,,,,,,,,,,,,,,,,,13.423472775582166,,,9.807319050761802,11.456031815042182,12.43231597831845,13.098347893282636,"rgba(239, 83, 80, 0.5)",0.0,0.0,1.586218616874107,10.213566155439999,-1.658352327451452,0.0,0.0,0.0,0.0,0.0,0.0,0.0,0.0,31.19810849542085,-14.27101911441607,False,False,False,True,False,0.0,0,0.7441225315630826,0.9399473233304186,False,False,False,False,-0.34282825441539394,-0.3373878321454238,False,False,False,False,-5220308,-541090.1619532299,False,False,False,False,601365.8041737364,False,False,False,False
2024-02-12 00:00:00+00:00,7.9084675811,7.967633174,7.5337521595,7.5337521595,1076550,,,,,,,,,,,,,,,,,,,,,,13.382126413513138,,,9.757768026797441,11.416711330559233,12.39345565201376,13.057900386662364,"rgba(239, 83, 80, 0.5)",0.0,0.0,1.5758309032186648,10.166534118838344,-1.4329370829866326,0.0,0.0,0.0,0.0,0.0,0.0,0.0,0.0,33.001709888987264,-14.27101911441607,False,False,False,True,False,0.0,0,0.7490060401847225,0.9234969543864237,False,False,False,False,-0.30842423974886507,-0.3229060359471444,False,False,False,False,-4143758,-682371.2536413386,False,False,False,False,620000.4785198644,False,False,False,False
2024-02-13 00:00:00+00:00,7.5830568203,7.7408317346,7.563334956,7.7211098703,652614,,,,,,,,,,,,,,,,,,,,,,13.35658326861339,,,9.726332451249593,11.39215491993234,12.369332146451212,13.03287722157719,"rgba(239, 83, 80, 0.5)",0.0,0.0,1.5741443637008927,10.136122179306415,-1.6218749803887298,0.0,0.0,0.0,0.0,0.0,0.0,0.0,0.0,32.49903866717726,-14.27101911441607,False,False,False,True,False,0.0,0,0.7506844560667453,0.9176917440952647,False,False,False,False,-0.3295073450206856,-0.32620669048391504,False,False,False,False,-4796372,-843704.616243639,False,False,False,False,621279.4401465363,False,False,False,False
2024-02-14 00:00:00+00:00,7.8493019882,7.8887457168,7.770414531,7.8295801239,473612,,,,,,,,,,,,,,,,,,,,,,13.338852885167272,,,9.70629014039468,11.375502162952513,12.352735890887153,13.01555187593874,"rgba(239, 83, 80, 0.5)",0.0,0.0,1.562991477700517,10.117556854353566,-1.4512266371987117,0.0,0.0,0.0,0.0,0.0,0.0,0.0,0.0,34.71477917433075,-14.27101911441607,True,False,False,True,True,0.0,0,0.7525362411818385,0.9085472616143799,False,False,False,False,-0.28541448873868697,-0.30581058961130103,False,False,False,False,-4322760,-980138.1607046728,False,False,False,False,615488.5601407898,False,False,False,False
2024-02-15 00:00:00+00:00,8.105686224,8.1254080883,7.8098582596,7.8493019882,667985,,,,,,,,,,,,,,,,,,,,,,13.314838995303248,,,9.681349557068945,11.353443065012888,12.330445752644463,12.992142270051993,"rgba(239, 83, 80, 0.5)",0.0,0.0,1.5405204568943727,10.095276887215167,-1.29150551316021,0.0,0.0,0.0,0.0,0.0,0.0,0.0,0.0,38.33817046973505,-16.34486824743,True,False,False,True,True,0.0,0,0.7743832547123747,0.884355380716621,False,False,False,False,-0.23794418893196237,-0.2718773892716317,False,False,False,False,-3654775,-1085025.879892725,False,False,False,False,617547.2440568373,False,False,False,False
2024-02-16 00:00:00+00:00,8.1451299526,8.2042955455,7.9528417757,7.9873550383,456595,,,,,,,,,,,,,,,,,,,,,,13.298816424082414,,,9.66558888748859,11.338919524574843,12.315645631378178,12.976544291756085,"rgba(239, 83, 80, 0.5)",0.0,0.0,1.52266650080721,10.081401933351264,-1.2716323500417133,0.0,0.0,0.0,0.0,0.0,0.0,0.0,0.0,41.07283027830429,-13.836900897874706,True,False,False,True,True,0.0,0,0.79460960380065,0.8710585958611705,False,False,False,False,-0.20337208029307466,-0.2376247347823532,False,False,False,False,-3198180,-1167894.6689165398,False,False,False,False,611235.391348726,False,False,False,False
2024-02-20 00:00:00+00:00,7.5534740238,7.632361481,7.494308431,7.5534740238,1327098,,,,,,,,,,,,,,,,,,,,,,13.248014156301705,,,9.606285131595524,11.290506277010401,12.267767285286174,12.926802672587428,"rgba(239, 83, 80, 0.5)",0.0,0.0,1.5189844418937046,10.024376212241057,-1.6266803795308167,0.0,0.0,0.0,0.0,0.0,0.0,0.0,0.0,39.405989538513495,-13.836900897874706,True,False,False,True,True,0.0,0,0.7932245872977609,0.8652125352163039,False,False,False,False,-0.34282825441539394,-0.29022649459887356,False,False,False,False,-4525278,-1299556.7603315774,False,False,False,False,639308.4348252466,False,False,False,False
2024-02-21 00:00:00+00:00,7.5337521595,7.6126396167,7.3661163131,7.3956991095,775038,,,,,,,,,,,,,,,,,,,,,,13.21847163149571,,,9.572267069437403,11.262387008692121,12.239922549735178,12.897875316973561,"rgba(239, 83, 80, 0.5)",0.0,0.0,1.5115854891236622,9.991707600307329,-1.626077690274946,0.0,0.0,0.0,0.0,0.0,0.0,0.0,0.0,38.19639518448563,-13.836900897874706,True,False,False,True,False,0.0,0,0.7909573576614441,0.8553009703607143,False,False,False,False,-0.34282825441539394,-0.31652737450713375,False,False,False,False,-5300316,-1456449.2795342607,False,False,False,False,644631.1628713153,False,False,False,False
2024-02-22 00:00:00+00:00,7.6619442774,7.7200251678,7.5436130917,7.6027786846,554213,,,,,,,,,,,,,,,,,,,,,,13.198036633352897,,,9.550184043511933,11.24326163506988,12.220783295957938,12.877901767876471,"rgba(239, 83, 80, 0.5)",0.0,0.0,1.4941685491258254,9.970847210933403,-1.5452760900932123,0.0,0.0,0.0,0.0,0.0,0.0,0.0,0.0,38.57299585731397,-13.836900897874706,True,False,False,True,False,0.0,0,0.8189564271565173,0.8412045557065345,False,False,False,False,-0.30262794926921427,-0.30957766188817404,False,False,False,False,-4746103,-1585455.3077878193,False,False,False,False,641085.3525626363,False,False,False,False
2024-02-23 00:00:00+00:00,7.5929177524,7.6225005489,7.4647256345,7.494308431,585689,,,,,,,,,,,,,,,,,,,,,,13.176287585195265,,,9.526412127915917,11.222814248726236,12.200371144039872,12.856630918838919,"rgba(239, 83, 80, 0.5)",0.0,0.0,1.4751219070896362,9.948223754852052,-1.5966856645082221,0.0,0.0,0.0,0.0,0.0,0.0,0.0,0.0,38.40859609145019,-13.836900897874706,True,False,False,True,False,0.0,0,0.8317187489152864,0.8342723035823193,False,False,False,False,-0.3274021738823808,-0.3184899178852774,False,False,False,False,-5331792,-1732370.472188297,False,False,False,False,638912.9465797878,False,False,False,False
2024-02-26 00:00:00+00:00,7.2872288559,7.3858381774,7.2034109327,7.3168116523,809120,,,,,,,,,,,,,,,,,,,,,,13.145096121094348,,,9.490141798162343,11.192898240577946,12.170853356468152,12.826051796389713,"rgba(239, 83, 80, 0.5)",0.0,0.0,1.4568212643491094,9.718024152762819,-1.6685611037870662,0.0,0.0,0.0,0.0,0.0,0.0,0.0,0.0,36.60133460353215,-13.836900897874706,True,False,False,True,False,0.0,0,0.8436877266804311,0.8294075129756966,False,False,False,False,-0.34282825441539394,-0.3306590861503357,False,False,False,False,-6140912,-1905254.453671109,False,False,False,False,645587.7329884236,False,False,False,False
2024-02-27 00:00:00+00:00,7.563334956,7.7359012685,7.4745865667,7.7211098703,1150651,,,,,,,,,,,,,,,,,,,,,,13.103541951083004,,,9.447293618559959,11.154333321186318,12.13201880812292,12.785458982166409,"rgba(239, 83, 80, 0.5)",0.0,0.0,1.4444693028747095,9.688175008122883,-1.4710177972589198,0.0,0.0,0.0,0.0,0.0,0.0,0.0,0.0,38.01661293347264,-13.836900897874706,True,False,False,True,False,0.0,0,0.8508009525512747,0.8191563706350664,False,False,False,False,-0.26225883658130406,-0.29645896136581984,False,False,False,False,-4990261,-2026235.102546752,False,False,False,False,665394.1356163286,False,False,False,False
2024-02-28 00:00:00+00:00,7.2773679237,7.4351428381,7.2699722246,7.4154209738,630763,,,,,,,,,,,,,,,,,,,,,,13.079948123750619,,,9.421392656994412,11.132001964417006,12.10978818969493,12.76235631919238,"rgba(239, 83, 80, 0.5)",0.0,0.0,1.4375243687743582,9.662609004243183,-1.659270014724588,0.0,0.0,0.0,0.0,0.0,0.0,0.0,0.0,37.355103078307124,-13.836900897874706,True,False,False,True,False,0.0,0,0.8035644286594387,0.8431759505710644,False,False,False,False,-0.32750189638684774,-0.3119804288763338,False,False,False,False,-5621024,-2167207.2161723697,False,False,False,False,664036.0518666687,False,False,False,False
2024-02-29 00:00:00+00:00,7.4745865667,7.5428242171,7.4006295756,7.4154209738,623168,,,,,,,,,,,,,,,,,,,,,,13.05741046629301,,,9.398149416445264,11.111026196945227,12.088687020623958,12.740327715449116,"rgba(239, 83, 80, 0.5)",0.0,0.0,1.4220591147487354,9.64182541601964,-1.5240145974540387,0.0,0.0,0.0,0.0,0.0,0.0,0.0,0.0,38.664385472404355,-13.836900897874706,True,False,False,True,False,0.0,0,0.8071673738116903,0.8260452420069246,False,False,False,False,-0.29642800367305194,-0.30420421627469285,False,False,False,False,-4997856,-2278213.0508322767,False,False,False,False,662433.3831660151,False,False,False,False
2024-03-01 00:00:00+00:00,7.6915270739,7.7309708025,7.5436130917,7.563334956,608741,,,,,,,,,,,,,,,,,,,,,,13.036283320009707,,,9.37807754889725,11.091784200706437,12.069067461751443,12.719725711475437,"rgba(239, 83, 80, 0.5)",0.0,0.0,1.4039092099278154,9.62551833137859,-1.377575731964911,0.0,0.0,0.0,0.0,0.0,0.0,0.0,0.0,41.30560347531811,-13.178098721839966,True,False,False,True,True,0.0,0,0.808064800098359,0.8220976065535347,False,False,False,False,-0.25414831742961147,-0.27917626685215213,False,False,False,False,-4389115,-2360993.5194270895,False,False,False,False,660327.7995124459,False,False,False,False
2024-03-04 00:00:00+00:00,7.494308431,7.6422224132,7.494308431,7.6225005489,509037,,,,,,,,,,,,,,,,,,,,,,13.018378689664596,,,9.36057872138109,11.075339593683768,12.052382113838208,12.702248434258706,"rgba(239, 83, 80, 0.5)",0.0,0.0,1.382499658037292,9.610042522106252,-1.5303686180363458,0.0,0.0,0.0,0.0,0.0,0.0,0.0,0.0,41.779601727816825,-12.631184427095803,True,False,False,True,True,0.0,0,0.7962216381688806,0.8437057115596541,False,False,False,False,-0.2716593033094227,-0.2754177850807874,False,False,False,False,-4898152,-2460489.9304299485,False,False,False,False,654394.826982546,False,False,False,False
2024-03-05 00:00:00+00:00,7.4745865667,7.563334956,7.4055600416,7.4252819059,530631,,,,,,,,,,,,,,,,,,,,,,12.99962686646801,,,9.342074567550268,11.05805859739558,12.034880316620782,12.683935902031186,"rgba(239, 83, 80, 0.5)",0.0,0.0,1.3426954200260413,9.593150170662103,-1.5778437703474206,0.0,0.0,0.0,0.0,0.0,0.0,0.0,0.0,41.96695293691973,-12.286287840666773,True,False,False,True,True,0.0,0,0.7814094321187978,0.8640341780970122,False,False,False,False,-0.29314462505570704,-0.2842812050682472,False,False,False,False,-5428783,-2576893.5802170094,False,False,False,False,649541.3435714658,False,False,False,False
2024-03-06 00:00:00+00:00,7.7802754632,7.8147887257,7.6718052096,7.6915270739,700838,,,,,,,,,,,,,,,,,,,,,,12.97627606935665,,,9.321709468551063,11.037219483458554,12.013349862973264,12.661210924020006,"rgba(239, 83, 80, 0.5)",0.0,0.0,1.2940326558497766,9.57664236042957,-1.3881928629149756,0.0,0.0,0.0,0.0,0.0,0.0,0.0,0.0,44.65676065773445,-9.593078674066078,True,False,False,True,True,0.0,1,0.7885013341670489,0.8494390894677749,False,False,False,False,-0.22754671824279596,-0.2559139616555216,False,False,False,False,-4727945,-2661248.537855558,False,False,False,False,651552.9771568986,False,False,False,False
2024-03-07 00:00:00+00:00,7.8295801239,7.8986066489,7.770414531,7.8295801239,574548,,,,,,,,,,,,,,,,,,,,,,12.957568560293717,,,9.306204509088568,11.02072825595544,11.99617741339255,12.643027592697143,#000000,0.0,0.0,1.2505116481016363,9.418860542236889,-1.2709041301210808,0.0,0.0,0.0,0.0,0.0,0.0,0.0,0.0,46.83517913125964,-7.475781865655485,True,False,False,False,True,0.0,0,0.7888566659899092,0.8562419632840633,False,False,False,False,-0.2049090255092615,-0.23041149358239155,False,False,False,False,-4153397,-2719764.163822007,False,False,False,False,648533.1741311379,False,False,False,False
2024-03-08 00:00:00+00:00,7.7309708025,7.8295801239,7.6865966078,7.8098582596,560774,,,,,,,,,,,,,,,,,,,,,,12.939143804728122,,,9.290536156747095,11.004376330198626,11.979217446173731,12.625104808811127,#000000,0.0,0.0,1.2060024214413272,9.404315978470287,-1.3875139437700508,0.0,0.0,0.0,0.0,0.0,0.0,0.0,0.0,47.46119756000583,-6.824628323497862,True,False,False,False,True,0.0,0,0.7845317484986156,0.8574636778114479,False,False,False,False,-0.22386071493469362,-0.22713610425854258,False,False,False,False,-4714171,-2797976.196613301,False,False,False,False,645091.6378907011,False,False,False,False
2024-03-11 00:00:00+00:00,7.4252819059,7.494308431,7.3463944488,7.4252819059,652139,,,,,,,,,,,,,,,,,,,,,,12.916540521063338,,,9.268924206370333,10.983674660339643,11.958152030887266,12.603039346165916,"rgba(239, 83, 80, 0.5)",0.0,0.0,1.1673573985226149,9.378049398538923,-1.6728103108013948,0.0,0.0,0.0,0.0,0.0,0.0,0.0,0.0,45.57738333483685,-6.824628323497862,True,False,False,True,True,0.0,0,0.7719193508637081,0.8821741607936219,False,False,False,False,-0.30702444595299344,-0.26708027510576804,False,False,False,False,-5366310,-2898695.1692951326,False,False,False,False,645368.0050322422,False,False,False,False
2024-03-12 00:00:00+00:00,7.4154209738,7.494308431,7.4055600416,7.4745865667,464376,,,,,,,,,,,,,,,,,,,,,,12.900605520195478,,,9.253971251063382,10.969145987085202,11.943323983116752,12.58749016172583,"rgba(239, 83, 80, 0.5)",0.0,0.0,1.1353867028124396,9.362395062090568,-1.7148114236918268,0.0,0.0,0.0,0.0,0.0,0.0,0.0,0.0,44.25177552766564,-6.824628323497862,True,False,False,True,False,0.0,0,0.7863695214644258,0.8759125092846002,False,False,False,False,-0.29871282491890727,-0.28289655001233766,False,False,False,False,-5830686,-3013675.201871794,False,False,False,False,638270.2793447033,False,False,False,False
2024-03-13 00:00:00+00:00,7.701388006,7.7506926668,7.5041693631,7.5238912274,674082,,,,,,,,,,,,,,,,,,,,,,12.878537094012811,,,9.235199090290234,10.949530435618748,11.922984742143145,12.566014716639826,#000000,0.0,0.0,1.1132481586725027,9.347099544240272,-1.478297112301275,0.0,0.0,0.0,0.0,0.0,0.0,0.0,0.0,46.04744716068918,-6.824628323497862,True,False,False,False,False,0.0,0,0.7926811072955705,0.8500006781581969,False,False,False,False,-0.24963268462330845,-0.266264617317823,False,False,False,False,-5156604,-3097711.6253278023,False,False,False,False,639674.6605468718,False,False,False,False
2024-03-14 00:00:00+00:00,7.35,7.67,7.34,7.67,634476,,,,,,,,,,,,,,,,,,,,,,12.857150705225875,,,9.215759126518105,10.93017804543319,11.903133174060937,12.545160430248398,"rgba(239, 83, 80, 0.5)",0.0,0.0,1.0939827693456952,9.328237308384411,-1.808289274581156,0.0,0.0,0.0,0.0,0.0,0.0,0.0,0.0,44.649100049400886,-6.824628323497862,True,False,False,True,False,0.0,1,0.7788271803498804,0.863167418129238,False,False,False,False,-0.2827237036491072,-0.2744941604834651,False,False,False,False,-5791080,-3203333.914530634,False,False,False,False,639470.791505818,False,False,False,False
2024-03-15 00:00:00+00:00,7.41,7.43,7.32,7.39,504647,,,,,,,,,,,,,,,,,,,,,,12.840052123202494,,,9.200023780166873,10.914645694477397,11.887234497562781,12.528478921922677,"rgba(239, 83, 80, 0.5)",0.0,0.0,1.0657261974214736,9.312709789893955,-1.7853645659622182,0.0,0.0,0.0,0.0,0.0,0.0,0.0,0.0,44.271585760758086,-6.824628323497862,True,False,False,True,False,0.0,1,0.792125635286863,0.8702321092324736,False,False,False,False,-0.3196040622291527,-0.2970491113563089,False,False,False,False,-5286433,-3285024.074745119,False,False,False,False,634183.5839957859,False,False,False,False
2024-03-18 00:00:00+00:00,7.15,7.21,7.104,7.2,594704,,,,,,,,,,,,,,,,,,,,,,12.819187493446988,,,9.17949598846454,10.895323148286298,11.8676832573847,12.508077700932803,"rgba(239, 83, 80, 0.5)",-1.0,5.3898,1.0354469786890812,9.12114736835426,-1.9036680862691913,0.0,0.0,0.0,0.0,0.0,0.0,0.0,0.0,42.27862190145491,-3.4402716588281237,True,False,False,True,False,0.0,1,0.7865816716734529,0.8702294292780031,False,False,False,False,-0.34282825441539394,-0.3199386828858514,False,False,False,False,-5881137,-3386832.424755114,False,False,False,False,632635.365015559,True,False,False,False
2024-03-19 00:00:00+00:00,7.38,7.45,7.27,7.27,546346,,,,,,,,,,,,,,,,,,,,,,12.800866320810758,,,9.162934057095354,10.878742187740663,11.850665205861748,12.490208264923558,"rgba(239, 83, 80, 0.5)",0.0,0.0,0.9989594036123909,9.111323873190571,-1.7331273592598835,0.0,0.0,0.0,0.0,0.0,0.0,0.0,0.0,43.10137355867633,-3.4402716588281237,True,False,False,True,False,0.0,1,0.7847443989655966,0.8803370133484809,False,False,False,False,-0.28325078462435266,-0.30159473375510204,False,False,False,False,-5334791,-3463222.957117659,False,False,False,False,629251.4683482823,False,False,False,False
2024-03-20 00:00:00+00:00,7.79,7.83,7.39,7.4,771735,,,,,,,,,,,,,,,,,,,,,,12.776628663453113,,,9.143913359192789,10.857584778914907,11.82845606457273,12.466659515889997,#000000,0.0,0.0,0.9684126104685874,9.10586186629894,-1.3587822505349563,0.0,0.0,0.0,0.0,0.0,0.0,0.0,0.0,46.784372364928274,-7.5936702352422145,True,False,False,False,True,0.0,1,0.8117286713760172,0.835996754110109,False,False,False,False,-0.21243823018764071,-0.2570164819713714,False,False,False,False,-4563056,-3506353.6646816726,False,False,False,False,634839.0578248202,False,False,False,False
2024-03-21 00:00:00+00:00,7.77,7.83,7.68,7.83,438465,,,,,,,,,,,,,,,,,,,,,,12.763200562745531,,,9.133967802140065,10.846023825175466,11.816213457426317,12.45363151544954,#000000,0.0,0.0,0.929043246369282,9.102223974192999,-1.4339741227325582,0.0,0.0,0.0,0.0,0.0,0.0,0.0,0.0,49.076360840575944,-5.4763272759623405,True,False,False,False,True,0.0,1,0.8255995496146131,0.8409449000878826,False,False,False,False,-0.15220076526676024,-0.20460862361906582,False,False,False,False,-5001521,-3564987.677831411,False,False,False,False,627138.1143807096,False,False,False,False
2024-03-22 00:00:00+00:00,7.66,7.81,7.6,7.65,560589,,,,,,,,,,,,,,,,,,,,,,12.74589799424206,,,9.120821149083465,10.83103550550677,11.800399594610175,12.436832704295037,#000000,0.0,0.0,0.9032658185991124,9.09444602839915,-1.5880663242896222,0.0,0.0,0.0,0.0,0.0,0.0,0.0,0.0,49.67589688493082,-4.921570618433051,True,False,False,False,True,0.0,0,0.8338099600222051,0.8273809996323284,False,False,False,False,-0.16755030356535142,-0.18607946359220862,False,False,False,False,-5562110,-3643306.200269395,False,False,False,False,624528.3451893092,False,False,False,False
2024-03-25 00:00:00+00:00,7.7,7.76,7.6,7.63,621182,,,,,,,,,,,,,,,,,,,,,,12.726850003531192,,,9.106497013016352,10.81457508242959,11.783003321846468,12.418343010900683,#000000,0.0,0.0,0.8890910948742247,9.085071451245843,-1.5578510000055534,0.0,0.0,0.0,0.0,0.0,0.0,0.0,0.0,50.40866560418765,-4.153255324871964,True,False,False,False,True,0.0,1,0.8232018683135525,0.837854572611201,False,False,False,False,-0.17525406353710699,-0.1806667635646578,False,False,False,False,-4940928,-3694193.3296705955,False,False,False,False,624397.1159661991,False,False,False,False
2024-03-26 00:00:00+00:00,7.5,7.71,7.475,7.71,450116,,,,,,,,,,,,,,,,,,,,,,12.71279688368614,,,9.095396908391848,10.802282569975752,11.770107562027547,12.404683269884966,#000000,0.0,0.0,0.8832787118296668,9.075974445164055,-1.7842323425858466,0.0,0.0,0.0,0.0,0.0,0.0,0.0,0.0,49.15736776508848,-4.153255324871964,True,False,False,False,True,0.0,1,0.8049350050232812,0.8560405090139374,False,False,False,False,-0.16462954176134306,-0.17264815266300043,False,False,False,False,-5391044,-3760736.4932129253,False,False,False,False,617562.5623988971,False,False,False,False
2024-03-27 00:00:00+00:00,7.65,7.65,7.45,7.51,471128,,,,,,,,,,,,,,,,,,,,,,12.698230946979384,,,9.084109953206957,10.789600708009212,11.756762994293654,12.390531531343852,#000000,0.0,0.0,0.8750300643379288,9.066924609832686,-1.619286773769046,0.0,0.0,0.0,0.0,0.0,0.0,0.0,0.0,49.68608142490852,-4.153255324871964,True,False,False,False,True,0.0,1,0.8137845525961673,0.8464097775197177,False,False,False,False,-0.1537187415102808,-0.16318344708664062,False,False,False,False,-4919916,-3806194.5130869285,False,False,False,False,611820.0305401168,False,False,False,False
2024-03-28 00:00:00+00:00,7.81,7.83,7.71,7.72,495734,,,,,,,,,,,,,,,,,,,,,,12.683589128732395,,,9.073972673306201,10.777189626315467,11.743481522755726,12.376345903359073,#000000,0.0,0.0,0.8699398606327915,9.060793743988391,-1.4377933470924855,0.0,0.0,0.0,0.0,0.0,0.0,0.0,0.0,51.39330273200473,-2.9482108421487183,True,False,False,False,True,0.0,0,0.8362957782542094,0.8223339365517239,False,False,False,False,-0.05321643716626227,-0.10819994212645145,False,False,False,False,-4424182,-3830429.3164952844,False,False,False,False,607267.6371856024,False,False,False,False
2024-04-01 00:00:00+00:00,7.75,7.855,7.72,7.85,225998,,,,,,,,,,,,,,,,,,,,,,12.676931743538214,,,9.069373980711129,10.77154988178365,11.737443432067852,12.369896147725814,"rgba(38, 166, 154, 1.0)",0.0,0.0,0.8660739121268344,9.057870081375832,-1.510113701686349,0.0,0.0,0.0,0.0,0.0,0.0,0.0,0.0,51.9301042302189,-2.2944366918144965,True,False,True,False,True,0.0,0,0.8530396439830039,0.8172588057193066,False,False,False,False,-0.04529412299475285,-0.07674703256060215,False,False,False,False,-4650180,-3862576.4021229204,False,False,False,False,592315.8867077357,False,False,False,False
2024-04-02 00:00:00+00:00,8.01,8.13,7.98,8.11,504708,,,,,,,,,,,,,,,,,,,,,,12.662929427965846,,,9.061299343655918,10.76013824653987,11.724922426417926,12.356384320686006,"rgba(38, 166, 154, 1.0)",0.0,0.0,0.8651157618252449,9.055412347582203,-1.2084074683561008,0.0,0.0,0.0,0.0,0.0,0.0,0.0,0.0,54.41251563204396,0.1796864605538815,True,False,True,False,True,0.0,0,0.8522582249147894,0.8029395584288922,False,False,False,False,0.07568529473465985,-0.0005308689129711539,False,False,False,False,-4145472,-3873670.347137708,False,False,False,False,588880.2833074324,False,False,False,False
2024-04-03 00:00:00+00:00,8.13,8.15,8.025,8.03,495062,,,,,,,,,,,,,,,,,,,,,,12.649458759002238,,,9.053972018697788,10.749288636587329,11.712926994962377,12.343400592246825,"rgba(38, 166, 154, 1.0)",0.0,0.0,0.8595736470518964,9.053504055043543,-1.0743745555845157,0.0,0.0,0.0,0.0,0.0,0.0,0.0,0.0,56.93973068252839,2.608123116138863,True,False,True,False,True,0.0,0,0.8756360042455339,0.79490848506687,False,False,False,False,0.09046424057903522,0.04496668583303204,False,False,False,False,-3650410,-3864915.039406818,False,False,False,False,585201.1349424351,False,False,False,False
2024-04-04 00:00:00+00:00,8.2,8.5,8.1812,8.45,732884,,,,,,,,,,,,,,,,,,,,,,12.630498440838037,,,9.045474649406819,10.734542050257113,11.696250955514644,12.32518823617711,"rgba(38, 166, 154, 1.0)",0.0,0.0,0.8523844504795656,9.054007523361237,-1.0019041559014354,0.0,0.0,0.0,0.0,0.0,0.0,0.0,0.0,59.1274087785918,4.665221029027627,True,False,True,False,True,0.0,0,0.8728392722207442,0.7932993162736396,False,False,False,False,0.20744477645607892,0.12620573114455547,False,False,False,False,-2917526,-3827762.528057531,False,False,False,False,590992.6198466533,False,False,False,False
2024-04-05 00:00:00+00:00,8.16,8.27,8.095,8.23,618372,,,,,,,,,,,,,,,,,,,,,,12.614194077906795,,,9.037342063226898,10.721638073217818,11.681819927963566,12.309499631301753,"rgba(38, 166, 154, 1.0)",0.0,0.0,0.8468521978356679,9.051652668923206,-1.0529023496686147,0.0,0.0,0.0,0.0,0.0,0.0,0.0,0.0,60.070575132780455,5.563059163983851,True,False,True,False,True,0.0,0,0.8519279352400776,0.816788345248233,False,False,False,False,0.13391553996313812,0.13006063555384678,False,False,False,False,-3535898,-3816316.860290569,False,False,False,False,592066.3210291376,False,False,False,False
2024-04-08 00:00:00+00:00,8.74,8.95,8.685,8.8,1243111,,,,,,,,,,,,,,,,,,,,,,12.586279242419119,,,9.032812949651788,10.702274170821674,11.65820330112494,12.282967999756004,"rgba(38, 166, 154, 1.0)",0.0,0.0,0.840106720588289,9.065338102607948,-0.38725806452319267,0.0,0.0,0.0,0.0,0.0,0.0,0.0,0.0,64.24599200784917,9.484255479685324,True,False,True,False,True,0.0,0,0.8656971592979725,0.8000624124119051,False,False,False,False,0.3428282098109037,0.23644442268237523,False,False,False,False,-2292787,-3756570.5912595666,False,False,False,False,617597.4849103478,False,False,False,False
2024-04-09 00:00:00+00:00,9.13,9.33,9.0808,9.24,1260304,,,,,,,,,,,,,,,,,,,,,,12.56124741434454,,9.180266666666668,9.035518343464144,10.686948169037672,11.637843687274964,12.259423688808683,"rgba(38, 166, 154, 1.0)",1.0,7.3678,0.8300742694034917,9.036875020172179,0.1121887320935071,0.0,0.0,0.0,0.0,0.0,0.0,0.0,0.0,68.59531524877019,13.426863521195791,True,False,True,False,True,1.7746993658658319,0,0.8684788114133193,0.7720973963764747,False,False,False,False,0.3428282182575357,0.28963632046995547,False,False,False,False,-1032483,-3649743.6268964466,False,True,False,False,642801.6619726871,False,False,False,False
2024-04-10 00:00:00+00:00,8.79,9.1,8.71,8.97,1201738,,,,,,,,,,,,,,,,,,,,,,12.53553675973171,,9.027196557870798,9.0326151069189,10.669636654881481,11.616301547067815,12.235051073136878,"rgba(38, 166, 154, 1.0)",0.0,0.0,0.8144885893482672,9.039046022147911,-0.3057698111488487,0.0,0.0,0.0,0.0,0.0,0.0,0.0,0.0,67.85763877409862,13.426863521195791,True,False,True,False,True,0.0,0,0.8411853069527282,0.7951571406007216,False,False,False,False,0.23758171681116796,0.26360901864056174,False,False,False,False,-2234221,-3594232.9356456054,False,False,False,False,664720.7340521896,False,False,False,False
2024-04-11 00:00:00+00:00,8.83,8.94,8.62,8.9,1231486,,,,,,,,,,,,,,,,,,,,,,12.509062614546142,,8.950333912291988,9.028529765427734,10.651559296834773,11.594017645882941,12.209924218530501,"rgba(38, 166, 154, 1.0)",0.0,0.0,0.7959204425174808,9.04154396542127,-0.2657853148640853,0.0,0.0,0.0,0.0,0.0,0.0,0.0,0.0,67.56690440595558,13.426863521195791,True,False,True,False,True,0.0,0,0.8377386884810332,0.8064358163823719,False,False,False,False,0.1953838090353015,0.22949641383793162,False,False,False,False,-1002735,-3492605.5656202873,False,False,False,False,686946.822912888,False,False,False,False
2024-04-12 00:00:00+00:00,8.69,9.11,8.615,9.01,1126135,,,,,,,,,,,,,,,,,,,,,,12.485232953902381,,8.916376018281776,9.025045709353,10.635404105715395,11.574005981030794,12.18732155764059,"rgba(38, 166, 154, 0.75)",0.0,0.0,0.7737634460975483,9.04465787703105,-0.4583543960622021,0.0,0.0,0.0,0.0,0.0,0.0,0.0,0.0,65.93040508789989,13.426863521195791,True,False,True,False,False,0.0,0,0.846323249541162,0.8018359535341815,False,False,False,False,0.22314825182501824,0.22632233283147493,False,False,False,False,-2128870,-3439125.7395175314,False,False,False,False,704169.88868101,False,False,False,False
2024-04-15 00:00:00+00:00,8.61,8.88,8.56,8.87,918490,,,,,,,,,,,,,,,,,,,,,,12.465387944474706,,8.879073531628267,9.020756193744731,10.621573525091112,11.557187735193423,12.168452348058562,"rgba(38, 166, 154, 0.75)",0.0,0.0,0.7514751583145413,9.04382879870926,-0.5773029140208451,0.0,0.0,0.0,0.0,0.0,0.0,0.0,0.0,64.02427649158737,13.426863521195791,True,False,True,False,False,0.0,0,0.8436182137819707,0.8156672980447032,False,False,False,False,0.1753790284916961,0.2008506806615855,False,False,False,False,-3047360,-3423762.3771835105,False,False,False,False,712574.5989288135,False,False,False,False
2024-04-16 00:00:00+00:00,8.21,8.35,8.12,8.24,773275,,,,,,,,,,,,,,,,,,,,,,12.446842351177276,,8.801595915581037,9.012451744051711,10.60737281099386,11.540953515672676,12.150662218372933,"rgba(38, 166, 154, 0.75)",0.0,0.0,0.720623007114308,9.033737518522253,-1.1430907844878004,0.0,0.0,0.0,0.0,0.0,0.0,0.0,0.0,59.206636332680965,14.850301071853579,True,False,True,False,False,0.0,0,0.8445707054768896,0.8305787481541197,False,False,False,False,0.017336224584390277,0.10909345262298789,False,False,False,False,-3820635,-3439326.0094508235,False,False,False,False,714955.006813958,False,False,False,False
2024-04-17 00:00:00+00:00,8.16,8.34,8.13,8.26,396822,,,,,,,,,,,,,,,,,,,,,,12.437350827510977,,8.767613608279955,9.008168255471885,10.600100048436992,11.53264229926683,12.14155653795429,"rgba(38, 166, 154, 0.75)",0.0,0.0,0.6977341310445934,9.028754968712576,-1.2451088889860433,0.0,0.0,0.0,0.0,0.0,0.0,0.0,0.0,55.60288982009135,11.568422725941218,True,False,True,False,False,0.0,0,0.858906476530243,0.8186369387605171,False,False,False,False,0.017336224584390277,0.06321483860368908,False,False,False,False,-4217457,-3469840.9502566736,False,False,False,False,702479.2026251754,False,False,False,False
2024-04-18 00:00:00+00:00,8.28,8.325,8.18,8.22,640600,,,,,,,,,,,,,,,,,,,,,,12.42230400889925,,8.72467864324588,9.00179040672538,10.588703893191626,11.519519735114125,12.127137483389932,"rgba(38, 166, 154, 0.75)",0.0,0.0,0.6722090425216307,9.021976464193846,-1.1037882820059972,0.0,0.0,0.0,0.0,0.0,0.0,0.0,0.0,54.21419032720924,10.353258503607101,True,False,True,False,False,0.0,0,0.8512580129184807,0.8395975485519611,False,False,False,False,0.02297707760568033,0.04309595810468471,False,False,False,False,-3576857,-3474037.6580897453,False,False,False,False,700052.5672281097,False,False,False,False
2024-04-19 00:00:00+00:00,8.2,8.3089,8.135,8.2,442764,,,,,,,,,,,,,,,,,,,,,,12.411850457777073,,8.696420308746976,8.997169435862851,10.580734010253568,11.510381112738777,12.117113428150615,#000000,0.0,0.0,0.643518904568392,9.01700362969633,-1.2695876125726167,0.0,0.0,0.0,0.0,0.0,0.0,0.0,0.0,52.5780569718286,8.803450527488792,True,False,False,False,False,0.0,0,0.8661812586783765,0.8307808296736486,False,False,False,False,0.013130497618945754,0.02811322786181523,False,False,False,False,-4019621,-3495433.0832626964,False,False,False,False,689962.8194936741,False,False,False,False
2024-04-22 00:00:00+00:00,7.93,7.99,7.86,7.95,367106,,,,,,,,,,,,,,,,,,,,,,12.402630522815516,,8.662613555975076,8.99198418138299,10.57336715227384,11.502183597833415,12.10823069589697,#000000,0.0,0.0,0.6173968743805544,9.010462801768586,-1.7500295945823092,0.0,0.0,0.0,0.0,0.0,0.0,0.0,0.0,49.296415597912514,5.682299849340659,False,False,False,False,False,0.0,0,0.8637601879527145,0.838405107717426,False,False,False,False,-0.08273661393976073,-0.027311693038972747,False,False,False,False,-4386727,-3530385.7858798457,False,False,False,False,677301.7677488242,False,False,False,False
2024-04-23 00:00:00+00:00,7.17,7.27,7.09,7.19,1748050,,,,,,,,,,,,,,,,,,,,,,12.351972758092511,,8.405606672484549,8.95105866032016,10.52905860464021,11.455577321687677,12.058950588703096,"rgba(239, 83, 80, 1.0)",0.0,0.0,0.6054855116591598,8.952603949884445,-2.944090181447495,0.0,0.0,0.0,0.0,0.0,0.0,0.0,0.0,42.94701778955576,-0.203915276576069,False,True,False,True,False,0.0,0,0.871578338057065,0.8434592838223554,False,False,False,False,-0.33453451740677065,-0.1809231052228717,False,False,False,False,-6134777,-3632518.7746688714,False,False,False,False,719291.8945037723,False,False,False,False
2024-04-24 00:00:00+00:00,7.07,7.105,6.9,6.93,1199101,,,,,,,,,,,,,,,,,,,,,,12.316785633545466,,8.259179489511835,8.921726220916046,10.497981918751169,11.423070798692073,12.024679253416299,"rgba(239, 83, 80, 1.0)",0.0,0.0,0.5867958227827035,8.913214742050744,-3.1411517779895743,0.0,0.0,0.0,0.0,0.0,0.0,0.0,0.0,38.305021819067065,-4.327675468214807,False,True,False,True,False,0.0,0,0.8492201426763308,0.8651988266560511,False,False,False,False,-0.34282825441539394,-0.26187567981913284,False,False,False,False,-7333878,-3777670.1168387197,False,False,False,False,738107.9378565655,False,False,False,False
2024-04-25 00:00:00+00:00,6.86,6.9,6.78,6.88,1481487,,,,,,,,,,,,,,,,,,,,,,12.272505161235637,,8.095531972614411,8.883403557769569,10.458406828377028,11.381959836272161,11.981488622638878,"rgba(239, 83, 80, 1.0)",0.0,0.0,0.5740334437423651,8.863200302031839,-3.4896926718626955,0.0,0.0,0.0,0.0,0.0,0.0,0.0,0.0,34.381441303862424,-7.76905228052653,False,True,False,True,False,0.0,0,0.8386476350220415,0.8631143045025534,False,False,False,False,-0.34282825441539394,-0.3023519671172634,False,False,False,False,-8815365,-3975226.7789234756,False,False,False,False,767260.0579406217,False,False,False,False
2024-04-26 00:00:00+00:00,6.93,7.03,6.9,7.0,640783,,,,,,,,,,,,,,,,,,,,,,12.25394615609029,,8.041026924545996,8.868108328188672,10.442051787158821,11.364819028417811,11.963413375428917,"rgba(239, 83, 80, 1.0)",0.0,0.0,0.5578035147492542,8.84420673274413,-3.4316863951719836,0.0,0.0,0.0,0.0,0.0,0.0,0.0,0.0,32.51168703130334,-9.36617185935259,False,True,False,True,False,0.0,0,0.8412027667671581,0.8689410548584218,False,False,False,False,-0.3041679166703294,-0.3032599418937964,False,False,False,False,-8174582,-4139907.3758284375,False,False,False,False,762300.1733154994,False,False,False,False
2024-04-29 00:00:00+00:00,7.14,7.18,7.1,7.1,496688,,,,,,,,,,,,,,,,,,,,,,12.240152907752604,,8.008887983299472,8.857557975429327,10.430151891641746,11.352182084600782,11.950010614076763,"rgba(239, 83, 80, 1.0)",0.0,0.0,0.5530325642727091,8.831714538522117,-3.0589781647792926,0.0,0.0,0.0,0.0,0.0,0.0,0.0,0.0,33.43387900078934,-9.36617185935259,False,True,False,True,False,0.0,0,0.839875431412534,0.8721550489612301,False,False,False,False,-0.25146280874594695,-0.2773613753198717,False,False,False,False,-7677894,-4278651.949325361,False,False,False,False,751884.0096560682,False,False,False,False
2024-04-30 00:00:00+00:00,7.03,7.18,7.015,7.11,514510,,,,,,,,,,,,,,,,,,,,,,12.225761872760433,,7.975611203366026,8.846355553819675,10.417673363542821,11.338970397557164,11.936018696268922,"rgba(239, 83, 80, 1.0)",0.0,0.0,0.5463096554453883,8.818450238281626,-3.2736932625207964,0.0,0.0,0.0,0.0,0.0,0.0,0.0,0.0,33.460715831008216,-9.36617185935259,False,True,False,True,False,0.0,0,0.8236132143302102,0.8767167580068292,False,False,False,False,-0.26412711083131385,-0.27074424307559275,False,False,False,False,-8192404,-4432132.421900838,False,False,False,False,742575.2249636734,False,False,False,False
2024-05-01 00:00:00+00:00,6.94,7.1611,6.89,7.09,427914,,,,,,,,,,,,,,,,,,,,,,12.21367365109118,,7.947445464162074,8.836739885369635,10.407125125546251,11.327844566308652,11.924257089912723,"rgba(239, 83, 80, 1.0)",0.0,0.0,0.5349166087308993,8.807034834457614,-3.4903287801947154,0.0,0.0,0.0,0.0,0.0,0.0,0.0,0.0,32.99754962011333,-9.36617185935259,False,True,False,True,False,0.0,0,0.8331616046700886,0.87070748494182,False,False,False,False,-0.28575967150679416,-0.27825195729119345,False,False,False,False,-8620318,-4596374.993591001,False,False,False,False,730235.569082745,False,False,False,False
2024-05-02 00:00:00+00:00,6.74,6.9,6.735,6.87,770894,,,,,,,,,,,,,,,,,,,,,,12.191185200910317,,7.890470495176527,8.817761258831492,10.38715098436703,11.307000761184636,11.902331842630419,"rgba(239, 83, 80, 1.0)",0.0,0.0,0.5413391535717029,8.631006153421206,-3.4932004103980496,0.0,0.0,0.0,0.0,0.0,0.0,0.0,0.0,31.67065810601904,-11.005412047146166,False,True,False,True,False,0.0,0,0.8280585255603045,0.8842728779908222,False,False,False,False,-0.34282825441539394,-0.3105401058532937,False,False,False,False,-9391212,-4784407.8173717465,False,False,False,False,731830.0173540099,False,False,False,False
2024-05-03 00:00:00+00:00,7.05,7.15,6.985,7.0,590365,,,,,,,,,,,,,,,,,,,,,,12.17494375394569,,7.860320055492456,8.805368894371641,10.373140536818896,11.292114036417532,11.88654772026858,"rgba(239, 83, 80, 1.0)",0.0,0.0,0.5448826661091637,8.623449604110686,-2.8876851879803707,0.0,0.0,0.0,0.0,0.0,0.0,0.0,0.0,34.09138123264788,-11.005412047146166,False,True,False,True,False,0.0,0,0.8195961618947706,0.8718784958138209,False,False,False,False,-0.2670756515829805,-0.2888078787181371,False,False,False,False,-8800847,-4941915.236298344,False,False,False,False,726282.369614637,False,False,False,False
2024-05-06 00:00:00+00:00,7.2,7.33,7.165,7.28,353689,,,,,,,,,,,,,,,,,,,,,,12.165584505435234,,7.8469112330785675,8.798743716035096,10.365231261255396,11.283601662237128,11.877472078160885,"rgba(239, 83, 80, 0.75)",0.0,0.0,0.5462391705729222,8.619958881559374,-2.5995185956182008,0.0,0.0,0.0,0.0,0.0,0.0,0.0,0.0,37.113969305792324,-11.005412047146166,False,True,False,True,True,0.0,0,0.8330326471733089,0.8507020007874033,False,False,False,False,-0.21437555046965304,-0.25159171459389507,False,False,False,False,-8447158,-5079375.736835664,False,False,False,False,711670.8649238669,False,False,False,False
2024-05-07 00:00:00+00:00,7.22,7.31,7.175,7.26,392674,,,,,,,,,,,,,,,,,,,,,,12.155242063604462,,7.832756099003183,8.79146883266083,10.356506008358256,11.27420047241259,11.867444648929768,"rgba(239, 83, 80, 0.75)",0.0,0.0,0.5467944109847512,8.614940889719154,-2.551124996334419,0.0,0.0,0.0,0.0,0.0,0.0,0.0,0.0,39.319415794710366,-17.59413010826558,False,True,False,True,True,0.0,0,0.8522120550255402,0.8474208894155836,False,False,False,False,-0.21582245055905847,-0.23370708257647677,False,False,False,False,-8054484,-5196046.649116619,False,False,False,False,699161.1839464604,False,False,False,False
2024-05-08 00:00:00+00:00,7.23,7.36,7.17,7.2,405048,,,,,,,,,,,,,,,,,,,,,,12.14465865473171,,7.819252354919332,8.784122843534387,10.347609184898168,11.264592475863553,11.857187274997406,"rgba(239, 83, 80, 0.75)",0.0,0.0,0.5492857785858575,8.609366942974983,-2.5112009026088,0.0,0.0,0.0,0.0,0.0,0.0,0.0,0.0,40.892804771550004,-15.903109489913852,False,True,False,True,True,0.0,0,0.8432918471466776,0.8664101746729825,False,False,False,False,-0.20931831327118286,-0.22151269792382983,False,False,False,False,-7649436,-5292257.996210084,False,False,False,False,687627.3335956187,False,False,False,False
2024-05-09 00:00:00+00:00,7.17,7.23,7.12,7.17,386500,,,,,,,,,,,,,,,,,,,,,,12.134437928784855,,7.805200696808806,8.776815444709504,10.338948939171566,11.255285169755773,11.847272697759761,"rgba(239, 83, 80, 0.75)",0.0,0.0,0.5479213794707507,8.602615836334602,-2.6146375922005394,0.0,0.0,0.0,0.0,0.0,0.0,0.0,0.0,41.42785339931064,-15.142184211709207,False,True,False,True,True,0.0,0,0.8557523437392901,0.86164022152451,False,False,False,False,-0.23544559378859134,-0.2284791458562106,False,False,False,False,-8035936,-5399853.212044983,False,False,False,False,675818.4185526533,False,False,False,False
2024-05-10 00:00:00+00:00,7.37,7.5,7.35,7.45,532018,,,,,,,,,,,,,,,,,,,,,,12.121096094982562,,7.793613519647202,8.76831258458767,10.327978090245601,11.24327108036796,11.834371609190534,"rgba(239, 83, 80, 0.75)",0.0,0.0,0.543933804759974,8.59710882894837,-2.2559892733452482,0.0,0.0,0.0,0.0,0.0,0.0,0.0,0.0,43.96489998571594,-12.477198344389905,False,True,False,True,True,0.0,0,0.8594280400633354,0.8637553329459546,False,False,False,False,-0.16353333713592844,-0.19600624149606952,False,False,False,False,-7503918,-5482365.55667067,False,False,False,False,670179.1864525493,False,False,False,False
2024-05-13 00:00:00+00:00,7.47,7.55,7.43,7.43,460476,,,,,,,,,,,,,,,,,,,,,,12.109795825796104,,7.785997057616209,8.761447472699906,10.31879605247628,11.23313953969089,11.823458035284192,#000000,0.0,0.0,0.5384299227324142,8.592929509408332,-2.0855629711471284,0.0,0.0,0.0,0.0,0.0,0.0,0.0,0.0,46.65646674185779,-9.742134919233322,False,False,False,False,True,0.0,0,0.8548225845035302,0.8733790954834131,False,False,False,False,-0.14513594532204363,-0.17057109340905657,False,False,False,False,-7043442,-5543584.240722801,False,False,False,False,661955.5320818612,False,False,False,False
2024-05-14 00:00:00+00:00,7.31,7.32,7.253,7.28,347476,,,,,,,,,,,,,,,,,,,,,,12.100958145281165,,7.777055477472907,8.755556515437602,10.311447182758977,11.22514681068968,11.81490175602029,#000000,0.0,0.0,0.5328116939622722,8.587684089642053,-2.3980030921253106,0.0,0.0,0.0,0.0,0.0,0.0,0.0,0.0,46.82202433255986,-9.382428839243659,False,False,False,False,True,0.0,0,0.854430260731994,0.8764402019666254,False,False,False,False,-0.20311952310309056,-0.18684530825607357,False,False,False,False,-7390918,-5616028.701870927,False,False,False,False,649623.0014119843,False,False,False,False
2024-05-15 00:00:00+00:00,7.34,7.355,7.2,7.33,310269,,,,,,,,,,,,,,,,,,,,,,12.093100699256237,,7.769405725886356,8.750350478007975,10.304923990351032,11.218044525355403,11.80729567664632,#000000,0.0,0.0,0.5249635521155381,8.583026274170427,-2.3678334794123996,0.0,0.0,0.0,0.0,0.0,0.0,0.0,0.0,47.26707003095407,-8.667299021160268,False,False,False,False,True,0.0,0,0.8569433107547028,0.8683182321856038,False,False,False,False,-0.20571246566603285,-0.19627888696105322,False,False,False,False,-7080649,-5673464.791993636,False,False,False,False,636315.0013566124,False,False,False,False
2024-05-16 00:00:00+00:00,7.39,7.4,7.28,7.34,367526,,,,,,,,,,,,,,,,,,,,,,12.083939273308529,,7.761738373782809,8.744477462357697,10.297382669580871,11.20978946267785,11.798435184134103,#000000,0.0,0.0,0.5149931812390499,8.57807472010957,-2.306971749123195,0.0,0.0,0.0,0.0,0.0,0.0,0.0,0.0,48.145419583364486,-7.509743263552281,False,False,False,False,True,0.0,0,0.8554605254634053,0.8797118663937664,False,False,False,False,-0.1877601590092164,-0.1920195229851348,False,False,False,False,-6713123,-5714235.702111532,False,False,False,False,625774.2562053727,False,False,False,False
2024-05-17 00:00:00+00:00,7.51,7.51,7.3,7.32,491594,,,,,,,,,,,,,,,,,,,,,,12.07195547573822,,7.753937705274863,8.737165887553223,10.287639829093894,11.19904032653359,11.786859927727592,#000000,0.0,0.0,0.5087540279142347,8.572451800643325,-2.088340813730977,0.0,0.0,0.0,0.0,0.0,0.0,0.0,0.0,50.0937683897948,-5.372775802745153,False,False,False,False,True,0.0,0,0.8506648191032603,0.878538406897309,False,False,False,False,-0.16921565171582403,-0.18061758735047942,False,False,False,False,-6221529,-5734129.556930688,False,False,False,False,620512.2853737895,False,False,False,False
2024-05-20 00:00:00+00:00,7.54,7.56,7.34,7.36,972791,,,,,,,,,,,,,,,,,,,,,,12.048625918214144,,7.741396433244406,8.723375086950783,10.268822799131518,11.178173484987134,11.764343613883119,"rgba(38, 166, 154, 1.0)",0.0,0.0,0.49922650771743393,8.562032726576206,-2.0472324902160124,0.0,0.0,0.0,0.0,0.0,0.0,0.0,0.0,51.72929465529204,-3.590709766262684,True,False,True,False,True,0.0,0,0.860328415768297,0.8707063636194055,False,False,False,False,-0.15644509068967308,-0.16853133902007625,False,False,False,False,-5248738,-5715094.593913798,False,False,False,False,634327.1369277585,False,False,False,False
2024-05-21 00:00:00+00:00,7.58,7.61,7.35,7.38,740403,,,,,,,,,,,,,,,,,,,,,,12.031156169601012,,7.733717194185549,8.713355843955256,10.254838286279144,11.162589489784487,11.747495447072433,"rgba(38, 166, 154, 1.0)",0.0,0.0,0.49522088891409105,8.447798187436458,-1.7523456842447536,0.0,0.0,0.0,0.0,0.0,0.0,0.0,0.0,53.28746799621939,-1.912842573296338,True,False,True,False,True,0.0,0,0.8736504336138055,0.8588378373354303,False,False,False,False,-0.1479596669357287,-0.15824550297790246,False,False,False,False,-4508335,-5667770.68827012,False,False,False,False,638486.9746952974,False,False,False,False
2024-05-22 00:00:00+00:00,7.35,7.4,7.28,7.4,589600,,,,,,,,,,,,,,,,,,,,,,12.016820706591542,,7.723523002826517,8.704381609976911,10.24311892937147,11.149700355863997,11.733639232986185,"rgba(38, 166, 154, 1.0)",0.0,0.0,0.4946830393960752,8.436406049994739,-2.1961659557219875,0.0,0.0,0.0,0.0,0.0,0.0,0.0,0.0,51.228473927440504,-1.912842573296338,True,False,True,False,True,0.0,0,0.8536021109831066,0.863083556216981,False,False,False,False,-0.1877601590092164,-0.17300283099355943,False,False,False,False,-5097935,-5645424.190690899,False,False,False,False,636569.8384327367,False,False,False,False
2024-05-23 00:00:00+00:00,7.14,7.29,7.0525,7.29,641004,,,,,,,,,,,,,,,,,,,,,,12.000729823759256,,7.7079892882242795,8.693466922887852,10.229689238708525,11.135118686057941,11.718051449382918,#000000,0.0,0.0,0.4931572204250308,8.42134236424167,-2.5982431386431646,0.0,0.0,0.0,0.0,0.0,0.0,0.0,0.0,47.626153133985625,2.8888857600918882,False,False,False,False,False,0.0,0,0.8320469556765412,0.8894315597635998,False,False,False,False,-0.23654087322903755,-0.2047718521112985,False,False,False,False,-5738939,-5649091.4381147865,False,False,False,False,636743.7271216491,False,False,False,False
2024-05-24 00:00:00+00:00,7.22,7.255,7.19,7.22,272253,,,,,,,,,,,,,,,,,,,,,,11.994013274004022,,7.702353168101728,8.689059857378647,10.224132970404305,11.129051939241652,11.711550920677478,"rgba(239, 83, 80, 0.5)",0.0,0.0,0.49283133465476275,8.416512573403537,-2.4278338029007753,0.0,0.0,0.0,0.0,0.0,0.0,0.0,0.0,46.33985852051305,1.6458266105471964,False,False,False,True,False,0.0,0,0.8495527144978453,0.8828003332005361,False,False,False,False,-0.22161902432203345,-0.21319543821666598,False,False,False,False,-5466686,-5641938.283678913,False,False,False,False,622449.9731168785,False,False,False,False
2024-05-28 00:00:00+00:00,6.99,7.07,6.87,6.91,791006,,,,,,,,,,,,,,,,,,,,,,11.97360929194342,,7.678714153868089,8.674290918049342,10.206797749954866,11.110433258197256,11.691745627082632,"rgba(239, 83, 80, 1.0)",0.0,0.0,0.49670798851496806,8.396513473809762,-2.8316707327677233,0.0,0.0,0.0,0.0,0.0,0.0,0.0,0.0,43.28210393778136,-1.2744784650634386,False,True,False,True,False,0.0,0,0.8371720479869,0.8702075397814247,False,False,False,False,-0.29622043351265515,-0.25470793586466056,False,False,False,False,-6257692,-5666085.488240524,False,False,False,False,629060.013386805,False,False,False,False
2024-05-29 00:00:00+00:00,6.95,7.06,6.915,7.01,510209,,,,,,,,,,,,,,,,,,,,,,11.960531914241056,,7.664232622806201,8.664889950039427,10.195708441482191,11.098507489133342,11.679054138406132,"rgba(239, 83, 80, 1.0)",0.0,0.0,0.502939574754748,8.38498311370164,-2.853191885727805,0.0,0.0,0.0,0.0,0.0,0.0,0.0,0.0,40.89619060535243,-3.5173206842101976,False,True,False,True,False,0.0,1,0.8526414346933634,0.8679822824012389,False,False,False,False,-0.2909545131390001,-0.27283122450183034,False,False,False,False,-6767901,-5709293.939682072,False,False,False,False,624399.1893324205,False,False,False,False
2024-05-30 00:00:00+00:00,6.89,6.915,6.665,6.89,1283153,,,,,,,,,,,,,,,,,,,,,,11.92695196634858,,7.622853802095892,8.639619128924869,10.166855188408336,11.067724477444909,11.64641601750325,"rgba(239, 83, 80, 1.0)",0.0,0.0,0.5089343568020688,8.35314104604063,-2.8749111284889435,0.0,0.0,0.0,0.0,0.0,0.0,0.0,0.0,38.773068410251746,-5.51934133189647,False,True,False,True,False,0.0,0,0.8286167489815784,0.8930747323263276,False,False,False,False,-0.34282825441539394,-0.30782973945861214,False,False,False,False,-8051054,-5801127.667537677,False,False,False,False,650232.672103698,False,False,False,False
2024-05-31 00:00:00+00:00,6.82,6.8499,6.65,6.71,1125580,,,,,,,,,,,,,,,,,,,,,,11.897569815963466,,7.587700193272886,8.617420735038221,10.141575920386886,11.040770321934623,11.617851758428564,"rgba(239, 83, 80, 1.0)",0.0,0.0,0.5170989223473907,8.326751774726056,-2.9138559560056647,0.0,0.0,0.0,0.0,0.0,0.0,0.0,0.0,36.739562134855625,-7.457834628023228,False,True,False,True,False,0.0,0,0.8138950913283799,0.9218126578571691,False,False,False,False,-0.34282825441539394,-0.325328996937003,False,False,False,False,-9176634,-5933500.464889141,False,False,False,False,668873.743785906,False,False,False,False
2024-06-03 00:00:00+00:00,6.35,6.54,6.2698,6.48,1737929,,,,,,,,,,,,,,,,,,,,,,11.849480801418974,,7.515570000613921,8.577190505610336,10.098878096315987,10.996098863168626,11.570931045696339,"rgba(239, 83, 80, 1.0)",0.0,0.0,0.5360674016404577,8.274351167290952,-3.589755992254163,0.0,0.0,0.0,0.0,0.0,0.0,0.0,0.0,32.29086664545918,-11.631007680952948,False,True,False,True,False,0.0,0,0.7672567693478525,0.926164854157628,False,False,False,False,-0.34282825441539394,-0.3340786256761985,False,False,False,False,-10914563,-6128836.250579763,False,False,False,False,710797.4793237136,False,False,False,False
2024-06-04 00:00:00+00:00,6.27,6.36,6.215,6.24,963489,,,,,,,,,,,,,,,,,,,,,,11.82267545558526,,7.475813308049975,8.554467594715895,10.07496530067655,10.971145609418205,11.544760377422797,"rgba(239, 83, 80, 1.0)",0.0,0.0,0.5534877739180819,8.090040623506587,-3.288312243326913,0.0,0.0,0.0,0.0,0.0,0.0,0.0,0.0,28.931356944794715,-14.688060038837591,False,True,False,True,False,0.0,0,0.767976448226829,0.9372548178953459,True,False,False,False,-0.34282825441539394,-0.33845344004579625,False,False,False,False,-11878052,-6354295.691733498,False,False,False,False,720706.9507227837,True,False,False,False
2024-06-05 00:00:00+00:00,6.34,6.355,6.24,6.31,549856,,,,,,,,,,,,,,,,,,,,,,11.807575404878682,,7.454793643006699,8.541868811736789,10.061559117271159,10.95711335413813,11.530025190191248,"rgba(239, 83, 80, 1.0)",0.0,0.0,0.5667092089172858,8.076057219884957,-3.0634004045950554,0.0,0.0,0.0,0.0,0.0,0.0,0.0,0.0,27.893360560825936,-15.606755319888748,False,True,False,True,False,0.0,0,0.769020122296537,0.9338265339039549,False,False,False,False,-0.3402920493185718,-0.33937274468218404,False,False,False,False,-11328196,-6549350.605783165,False,False,False,False,714006.9134395373,False,False,False,False
2024-06-06 00:00:00+00:00,6.42,6.46,6.375,6.38,460126,,,,,,,,,,,,,,,,,,,,,,11.795246963672502,,7.439366491189201,8.531933340382908,10.0507308827418,10.945703923439403,11.518008980256564,"rgba(239, 83, 80, 1.0)",0.0,0.0,0.5811163184088513,8.066715227733036,-2.833710180849663,0.0,0.0,0.0,0.0,0.0,0.0,0.0,0.0,28.56271595745349,-15.606755319888748,False,True,False,True,False,0.0,0,0.7833635713098224,0.9224341691543726,False,False,False,False,-0.3101738998908512,-0.3247733222865176,False,False,False,False,-10868070,-6718712.150654415,False,False,False,False,704050.7991870064,False,False,False,False
2024-06-07 00:00:00+00:00,6.41,6.49,6.385,6.41,423463,,,,,,,,,,,,,,,,,,,,,,11.783971603883574,,7.4257040474978755,8.522914207543629,10.040849446898463,10.93527725196437,11.507021626799908,"rgba(239, 83, 80, 1.0)",0.0,0.0,0.5950508375912086,8.058014783033864,-2.769536111746516,0.0,0.0,0.0,0.0,0.0,0.0,0.0,0.0,28.934069081412442,-15.606755319888748,False,True,False,True,False,0.0,0,0.7844130512311043,0.915347496670233,False,False,False,False,-0.3052081183832752,-0.3149907203348964,False,False,False,False,-11291533,-6898038.458471889,False,False,False,False,693047.3560816337,False,False,False,False
2024-06-10 00:00:00+00:00,6.4,6.4501,6.38,6.41,257483,,,,,,,,,,,,,,,,,,,,,,11.777115503974423,,7.417426624846025,8.517420329601327,10.034837134489155,10.928935255785044,11.500340033611856,"rgba(239, 83, 80, 1.0)",0.0,0.0,0.6082205702678358,8.052492203658044,-2.7169291609626964,0.0,0.0,0.0,0.0,0.0,0.0,0.0,0.0,29.10055461265391,-15.606755319888748,False,True,False,True,False,0.0,0,0.767634154573068,0.9263965722167604,False,False,False,False,-0.3107832241426673,-0.3128869722387818,False,False,False,False,-11549016,-7080429.7346102465,False,False,False,False,675966.4009411775,False,False,False,False
2024-06-11 00:00:00+00:00,6.48,6.54,6.31,6.42,657931,,,,,,,,,,,,,,,,,,,,,,11.759783928778905,,7.397555453419438,8.503730854305326,10.019704600044928,10.912929210931324,11.483457430433072,"rgba(239, 83, 80, 1.0)",0.0,0.0,0.6190851158529008,8.039214021763062,-2.518577788152707,0.0,0.0,0.0,0.0,0.0,0.0,0.0,0.0,30.794059689068504,-15.606755319888748,False,True,False,True,False,0.0,0,0.7634136745162045,0.9221773723478668,False,False,False,False,-0.3083100061042171,-0.31059848917149946,False,False,False,False,-10891085,-7229867.19599808,False,False,False,False,675259.1303160333,False,False,False,False
2024-06-12 00:00:00+00:00,6.51,6.65,6.48,6.64,419406,,,,,,,,,,,,,,,,,,,,,,11.749007970756079,,7.386632531125634,8.495531195633435,10.010401359511672,10.903019963260775,11.472973560203753,"rgba(239, 83, 80, 0.75)",0.0,0.0,0.6286568399592198,8.032188265770973,-2.4213341349625903,0.0,0.0,0.0,0.0,0.0,0.0,0.0,0.0,32.51549134222138,-15.606755319888748,False,True,False,True,True,0.0,0,0.7700964868144553,0.931697102435848,False,False,False,False,-0.273880842575759,-0.29223966587362926,False,False,False,False,-10471679,-7356997.070664822,False,False,False,False,665225.6742252085,False,False,False,False
2024-06-13 00:00:00+00:00,6.44,6.46,6.36,6.46,467145,,,,,,,,,,,,,,,,,,,,,,11.736766796663957,,7.373006203184328,8.485890352032003,9.999720875042277,10.891716223828093,11.461049752458294,"rgba(239, 83, 80, 0.75)",0.0,0.0,0.6394977582253212,8.022472886615045,-2.474555799861733,0.0,0.0,0.0,0.0,0.0,0.0,0.0,0.0,32.88623606185442,-15.606755319888748,False,True,False,True,True,0.0,0,0.7584363539571752,0.9446867975866556,False,False,False,False,-0.31203988461916343,-0.30213977524639635,False,False,False,False,-10938824,-7497460.871815221,False,False,False,False,657457.8046477494,False,False,False,False
2024-06-14 00:00:00+00:00,6.58,6.59,6.29,6.32,703423,,,,,,,,,,,,,,,,,,,,,,11.718669673206438,,7.354583207313517,8.472004102545657,9.984054927758683,10.875054446670973,11.443436823627861,"rgba(239, 83, 80, 0.75)",0.0,0.0,0.6470231360454781,8.009460902596373,-2.209288699215694,0.0,0.0,0.0,0.0,0.0,0.0,0.0,0.0,35.89442332291806,-19.396675324128843,False,True,False,True,True,0.0,0,0.7441730832119394,0.9599176502066178,False,False,False,False,-0.3045884256836202,-0.3033641004650083,False,False,False,False,-10235401,-7604831.072920508,False,False,False,False,659260.3613282298,False,False,False,False
2024-06-17 00:00:00+00:00,6.74,6.8,6.655,6.7,523281,,,,,,,,,,,,,,,,,,,,,,11.705914458300597,,7.3450980502801375,8.463057931465285,9.973301317874746,10.863428610040135,11.431058767819849,"rgba(239, 83, 80, 0.75)",0.0,0.0,0.6519981716335969,8.003360543478006,-1.9376749789230643,0.0,0.0,0.0,0.0,0.0,0.0,0.0,0.0,40.52574576026929,-14.957450408441844,False,True,False,True,True,0.0,0,0.7728929317471372,0.9315323189973186,False,False,False,False,-0.23469250609950523,-0.26902830328225674,False,False,False,False,-9712120,-7687469.854374606,False,False,False,False,653927.8373545738,False,False,False,False
2024-06-18 00:00:00+00:00,7.25,7.275,6.98,6.98,1026004,,,,,,,,,,,,,,,,,,,,,,11.683272491965013,,7.339973592587697,8.450138604845826,9.955234256923806,10.843211194743416,11.409214448061686,#000000,0.0,0.0,0.6515789486351653,8.002145960172939,-1.1543435553718044,0.0,0.0,0.0,0.0,0.0,0.0,0.0,0.0,49.00700585460292,-7.164052040660863,True,False,False,False,True,0.0,0,0.7700305025368449,0.9317241483450108,False,False,False,False,-0.1409259322758816,-0.20497711777906918,False,False,False,False,-8686116,-7726632.4483207,False,False,False,False,668519.0594191003,False,False,False,False
2024-06-20 00:00:00+00:00,7.69,7.9,7.5,7.5,1553738,,,,,,,,,,,,,,,,,,,,,,11.653373787129247,,7.354974452202964,8.438922429490393,9.9334167164517,10.817354143096221,11.380625729198737,"rgba(38, 166, 154, 1.0)",0.0,0.0,0.6522637791067613,8.015921865496257,-0.4996780074812492,0.0,0.0,0.0,0.0,0.0,0.0,0.0,0.0,57.31786477175747,0.14797182038212497,True,False,True,False,True,0.0,0,0.7872271661355303,0.9346025494558353,False,False,False,False,0.026166415095597396,-0.0894053513417359,False,False,False,False,-7132378,-7703328.352308123,False,False,False,False,703233.5276771748,False,False,False,False
2024-06-21 00:00:00+00:00,7.64,7.715,7.515,7.69,739291,,,,,,,,,,,,,,,,,,,,,,11.639043691409892,,7.3602391131735905,8.433186266287064,9.922847412122229,10.804913990995734,11.366909115653769,"rgba(38, 166, 154, 1.0)",0.0,0.0,0.652714471481457,8.019477452957846,-0.5813835444716757,0.0,0.0,0.0,0.0,0.0,0.0,0.0,0.0,62.15742199875274,4.089760849255185,True,False,True,False,True,0.0,0,0.8154270604059676,0.9323566275372951,False,False,False,False,0.010252773210655805,-0.039576289065540046,False,False,False,False,-7871669,-7709929.946335256,False,False,False,False,704647.5461996386,False,False,False,False
2024-06-24 00:00:00+00:00,7.81,7.825,7.69,7.74,556989,,,,,,,,,,,,,,,,,,,,,,11.62871962002158,,7.366280148393532,8.429717021698423,9.915469068074543,10.796049028113059,11.35705686201035,"rgba(38, 166, 154, 1.0)",0.0,0.0,0.6529409627165822,8.023439468691391,-0.3268893833883078,0.0,0.0,0.0,0.0,0.0,0.0,0.0,0.0,66.28641461600958,7.475322309419575,True,False,True,False,True,0.43948748390355163,0,0.8301054842545834,0.906940647732011,False,False,False,False,0.04681084595941248,0.0036172784469362153,False,False,False,False,-7314680,-7694429.948439756,False,False,False,False,698857.0149761233,False,False,False,False
2024-06-25 00:00:00+00:00,7.61,7.69,7.53,7.69,429965,,,,,,,,,,,,,,,,,,,,,,11.620448042374477,,7.3689899359102675,8.426395225026535,9.90937157771422,10.788869336600989,11.349139720188344,"rgba(38, 166, 154, 1.0)",0.0,0.0,0.6516034207933685,8.024709660230453,-0.6364448788889374,0.0,0.0,0.0,0.0,0.0,0.0,0.0,0.0,66.28942918347933,7.475322309419575,True,False,True,False,True,0.0,0,0.8056428055407236,0.9198966611175676,False,False,False,False,0.028836341274638813,0.016226809860787512,False,False,False,False,-7744645,-7696399.166148001,False,False,False,False,688312.2300750989,False,False,False,False
2024-06-26 00:00:00+00:00,7.53,7.59,7.42,7.5,507850,,,,,,,,,,,,,,,,,,,,,,11.61048744704981,,7.370860951345296,8.422045739383774,9.901909953864038,10.78017405517751,11.339590790790659,"rgba(38, 166, 154, 1.0)",0.0,0.0,0.6507379317112988,8.024975284402263,-0.7606369020176613,0.0,0.0,0.0,0.0,0.0,0.0,0.0,0.0,65.26542922033272,7.475322309419575,True,False,True,False,True,0.0,0,0.7976881822797669,0.9071702843361261,False,False,False,False,0.07909581018382746,0.04766131002230749,False,False,False,False,-8252495,-7718206.845906903,False,False,False,False,681235.2798760755,False,False,False,False
2024-06-27 00:00:00+00:00,7.37,7.425,7.3,7.37,581648,,,,,,,,,,,,,,,,,,,,,,11.598727748936271,,7.370775213362167,8.416309949398306,9.892893760721776,10.769822145393903,11.328290783491584,"rgba(38, 166, 154, 1.0)",0.0,0.0,0.6507650452506827,8.023343713624275,-1.0039625182581815,0.0,0.0,0.0,0.0,0.0,0.0,0.0,0.0,62.62982228559958,7.475322309419575,True,False,True,False,True,0.0,0,0.7978825092346578,0.8882039401205364,False,False,False,False,0.03107868619354309,0.03936999810792529,False,False,False,False,-8834143,-7761969.048028202,False,False,False,False,677329.8963515235,False,False,False,False
2024-06-28 00:00:00+00:00,7.61,7.675,7.54,7.65,551424,,,,,,,,,,,,,,,,,,,,,,11.588276434829227,,7.374024730313801,8.41217476127953,9.88522217032153,10.760763182262759,11.318291227698278,"rgba(38, 166, 154, 1.0)",0.0,0.0,0.65113070290249,8.024282185867182,-0.6362504241014464,0.0,0.0,0.0,0.0,0.0,0.0,0.0,0.0,62.758002071799154,7.475322309419575,True,False,True,False,True,0.0,0,0.8042492644576281,0.8729802729947427,False,False,False,False,0.11384809569215883,0.07660904690004205,False,False,False,False,-8282719,-7782390.614772194,False,False,False,False,672392.4102200912,False,False,False,False
2024-07-01 00:00:00+00:00,7.66,7.845,7.6,7.76,480366,,,,,,,,,,,,,,,,,,,,,,11.57942888844596,,7.377882981386228,8.409021063059074,9.878853261881961,10.75314618326614,11.309842000947686,"rgba(38, 166, 154, 1.0)",0.0,0.0,0.6509094953765949,8.025785757254184,-0.5619610097138803,0.0,0.0,0.0,0.0,0.0,0.0,0.0,0.0,63.20713441382293,7.475322309419575,True,False,True,False,True,0.0,0,0.8078962922730397,0.8606127893416827,False,False,False,False,0.16097262341443,0.11879083515723603,False,False,False,False,-7802353,-7783173.453408578,False,False,False,False,664861.9627604799,False,False,False,False
2024-07-02 00:00:00+00:00,7.46,7.6305,7.39,7.58,397417,,,,,,,,,,,,,,,,,,,,,,11.571748207161404,,7.378998498820286,8.405671395308772,9.873111027403688,10.746445152071672,11.302479990842967,"rgba(38, 166, 154, 0.75)",0.0,0.0,0.6508668647856626,8.025347022312783,-0.8686062433043932,0.0,0.0,0.0,0.0,0.0,0.0,0.0,0.0,61.05166178410995,7.475322309419575,True,False,True,False,False,0.0,0,0.7939425645415707,0.8750624212303522,False,False,False,False,0.16429606056158602,0.14154344785941103,False,False,False,False,-8199770,-7799510.572882752,False,False,False,False,654373.925005167,False,False,False,False
2024-07-03 00:00:00+00:00,7.95,8.03,7.77,7.77,544506,,,,,,,,,,,,,,,,,,,,,,11.562358649302436,,7.386013401748017,8.403232287254921,9.8666793849989,10.738497143513964,11.293554707477535,"rgba(38, 166, 154, 0.75)",0.0,0.0,0.6536860970785257,8.028891178137325,-0.12068663918340601,0.0,0.0,0.0,0.0,0.0,0.0,0.0,0.0,63.02373118907981,7.475322309419575,True,False,True,False,False,1.8637320933036499,0,0.8182610794105514,0.8353093204835784,False,False,False,False,0.34282820848314227,0.24218582817127665,False,False,False,False,-7655264,-7793853.844534409,False,False,False,False,650065.378926533,False,False,False,False
2024-07-05 00:00:00+00:00,7.87,8.056,7.78,8.04,809323,,,,,,,,,,,,,,,,,,,,,,11.548435552978574,,7.395829156051146,8.39954362947854,9.857126195425018,10.726704852867371,11.280318037270789,"rgba(38, 166, 154, 0.75)",0.0,0.0,0.6547806729966696,7.976050140213184,-0.16196284433356103,0.0,0.0,0.0,0.0,0.0,0.0,0.0,0.0,63.429266779477764,7.475322309419575,True,False,True,False,False,1.1391432543424216,0,0.8310847670148758,0.8207443473729632,False,False,False,False,0.342828208990214,0.29250701858074535,False,False,False,False,-8464587,-7820157.105533061,False,False,False,False,656310.7758313749,False,False,False,False
2024-07-08 00:00:00+00:00,7.96,7.99,7.865,7.92,466146,,,,,,,,,,,,,,,,,,,,,,11.54054365735077,,7.401708864719306,8.397596963408875,9.85176736172149,10.72004403031483,11.272822387315065,"rgba(38, 166, 154, 0.75)",0.0,0.0,0.6574676506961794,7.97962996191376,-0.02985692435661974,0.0,0.0,0.0,0.0,0.0,0.0,0.0,0.0,64.27158317722909,7.475322309419575,True,False,True,False,False,1.9298881396112968,0,0.8570804735970472,0.8158013990392933,False,False,False,False,0.3428282092533475,0.31766761391704645,False,False,False,False,-7998441,-7827148.630806275,False,False,False,False,648853.3336419092,False,False,False,False
2024-07-09 00:00:00+00:00,7.84,7.96,7.84,7.9,530029,,,,,,,,,,,,,,,,,,,,,,11.531467397281828,,7.407531283638458,8.39512476929212,9.845525723560577,10.712350920065429,11.26419185693579,"rgba(38, 166, 154, 0.75)",0.0,0.0,0.6578434053376134,7.981711980152485,-0.21541901766083216,0.0,0.0,0.0,0.0,0.0,0.0,0.0,0.0,63.38761262007949,7.475322309419575,True,False,True,False,False,0.8254291650326167,0,0.8771945950914604,0.8127668819828022,False,False,False,False,0.3304587091595055,0.32406316153827597,False,False,False,False,-8528470,-7854651.429598185,False,False,False,False,644193.5558520304,False,False,False,False
2024-07-10 00:00:00+00:00,7.62,7.7399,7.515,7.73,646785,,,,,,,,,,,,,,,,,,,,,,11.519683267697388,,7.410713998008094,8.390661972211007,9.836981134418412,10.702179193383586,11.252930270122542,"rgba(38, 166, 154, 0.75)",0.0,0.0,0.6570837290842535,7.978216112150055,-0.5451605271816484,0.0,0.0,0.0,0.0,0.0,0.0,0.0,0.0,60.393680013454386,7.475322309419575,True,False,True,False,False,0.0,0,0.853612057515736,0.8390846319471369,False,False,False,False,0.2123849273413882,0.26822404443983205,False,False,False,False,-9175255,-7906439.8049080605,False,False,False,False,644295.1811127351,False,False,False,False
2024-07-11 00:00:00+00:00,7.65,7.69,7.53,7.64,456713,,,,,,,,,,,,,,,,,,,,,,11.511401426546342,,7.412889141069646,8.387535038402419,9.830982638381926,10.695033140891697,11.245016479688013,"rgba(38, 166, 154, 0.75)",0.0,0.0,0.6570410603266714,7.97663629150847,-0.4971322360676677,0.0,0.0,0.0,0.0,0.0,0.0,0.0,0.0,58.66000623322641,7.475322309419575,True,False,True,False,False,0.0,0,0.8512703729253072,0.8569885055560632,False,False,False,False,0.2050519433147246,0.23663799387727832,False,False,False,False,-8718542,-7938286.949813627,False,False,False,False,636939.0171475299,False,False,False,False
2024-07-12 00:00:00+00:00,7.63,7.72,7.565,7.69,327851,,,,,,,,,,,,,,,,,,,,,,11.505500841624055,,7.414532678360156,8.38534979111627,9.826725750692276,10.689948723557217,11.239380258017356,"rgba(38, 166, 154, 0.75)",0.0,0.0,0.6567271294249722,7.975907091074092,-0.5267135703331864,0.0,0.0,0.0,0.0,0.0,0.0,0.0,0.0,57.274302599978384,13.34587213034628,True,False,True,False,False,0.0,0,0.8611284405959125,0.8543741005997386,False,False,False,False,0.21872746016795958,0.22768272702261894,False,False,False,False,-9046393,-7981742.089036622,False,False,False,False,624817.918435862,False,False,False,False
2024-07-15 00:00:00+00:00,7.29,7.31,7.18,7.27,726157,,,,,,,,,,,,,,,,,,,,,,11.491223088376405,,7.412077074677549,8.378126307141638,9.815735869424794,10.677358513978103,11.225654102301126,#000000,0.0,0.0,0.6569437289930583,7.881310144423727,-0.9000925320195504,0.0,0.0,0.0,0.0,0.0,0.0,0.0,0.0,52.9089917744367,9.046803647593578,True,False,False,False,False,0.0,0,0.857427381811029,0.8623368959412494,False,False,False,False,0.05539192528973533,0.14153732615617715,False,False,False,False,-9772550,-8051969.850250872,False,False,False,False,628792.0000658282,False,False,False,False
2024-07-16 00:00:00+00:00,7.48,7.51,7.3075,7.33,460849,,,,,,,,,,,,,,,,,,,,,,11.482578933302767,,7.412280978886804,8.374289753618562,9.809277391764567,10.669816997562323,11.217368722480147,#000000,0.0,0.0,0.6565155631703841,7.882148837793278,-0.6125503496844126,0.0,0.0,0.0,0.0,0.0,0.0,0.0,0.0,51.939501146866206,8.033610758336394,True,False,False,False,False,0.0,0,0.8825701141145076,0.8266016143027882,False,False,False,False,0.12183398587280052,0.13168565601448884,False,False,False,False,-9311701,-8101371.071809662,False,False,False,False,622206.0000632467,False,False,False,False
2024-07-17 00:00:00+00:00,7.37,7.505,7.35,7.44,478306,,,,,,,,,,,,,,,,,,,,,,11.473592888367127,,7.412240491807558,8.37023931996594,9.80254340021746,10.661968636637761,11.208753020385899,#000000,0.0,0.0,0.6551423200036015,7.880666927604354,-0.779474798088981,0.0,0.0,0.0,0.0,0.0,0.0,0.0,0.0,50.25507988107202,6.289928315979573,True,False,False,False,False,0.0,0,0.8832017925222396,0.8504949501705572,False,False,False,False,0.1294995447124074,0.1305926003634481,False,False,False,False,-9790007,-8167592.08860144,False,False,False,False,616562.8628058644,False,False,False,False
2024-07-18 00:00:00+00:00,7.31,7.51,7.295,7.49,437898,,,,,,,,,,,,,,,,,,,,,,11.465326795185712,,7.411863065149461,8.366420521381894,9.796317432671755,10.654735762379078,11.20082351760938,"rgba(239, 83, 80, 0.5)",0.0,0.0,0.6542583449847804,7.878256052104007,-0.8685499489001186,0.0,0.0,0.0,0.0,0.0,0.0,0.0,0.0,48.56911114888665,4.535668704560386,False,False,False,True,False,0.0,0,0.8724759999327497,0.871534491164949,False,False,False,False,0.11928200621284778,0.12493730328814795,False,False,False,False,-10227905,-8248388.6733621685,False,False,False,False,609556.3975977913,False,False,False,False
2024-07-19 00:00:00+00:00,7.31,7.45,7.25,7.35,365237,,,,,,,,,,,,,,,,,,,,,,11.458399015883634,,7.411284131340761,8.363146366236274,9.791074281127566,10.648663271854662,11.194174568452677,"rgba(239, 83, 80, 0.5)",0.0,0.0,0.6508527462472133,7.875750046877736,-0.8692443108519173,0.0,0.0,0.0,0.0,0.0,0.0,0.0,0.0,47.4451319940964,3.292192547766014,False,False,False,True,False,0.0,0,0.868570664169621,0.8755768844893316,False,False,False,False,0.09790304311291832,0.11142017320053313,False,False,False,False,-10227905,-8326016.764602868,False,False,False,False,599975.244750819,False,False,False,False
2024-07-22 00:00:00+00:00,8.05,8.13,7.77,7.92,1265135,,,,,,,,,,,,,,,,,,,,,,11.438317657092535,,7.426143393402533,8.359008839508657,9.77782408548903,10.631873296667456,11.175150718797893,#000000,0.0,0.0,0.6497386862120822,7.896634127090688,0.23604239083164646,0.0,0.0,0.0,0.0,0.0,0.0,0.0,0.0,53.082891524552835,3.292192547766014,True,False,False,False,True,3.0111599732847125,0,0.88030943228389,0.8460622041490611,False,False,False,False,0.34282820986456336,0.22712419153254826,False,False,False,False,-8962770,-8350987.479716481,False,False,False,False,626059.9410351006,False,False,False,False
2024-07-23 00:00:00+00:00,8.12,8.15,7.98,8.07,616576,,,,,,,,,,,,,,,,,,,,,,11.428895530573461,,7.434359027820639,8.357552980686561,9.771792570370355,10.624073038147637,11.166248650659806,"rgba(38, 166, 154, 1.0)",0.0,0.0,0.6485042526969335,7.867356176760353,0.38957928523826446,0.0,0.0,0.0,0.0,0.0,0.0,0.0,0.0,57.25845522955523,0.8518311886449155,True,False,True,False,True,3.60527776478936,0,0.9014291586302845,0.8349353400575454,False,False,False,False,0.34282821274689523,0.28497620213972175,False,False,False,False,-8346194,-8350799.500119756,False,False,False,False,625688.0217788222,False,False,False,False
2024-07-24 00:00:00+00:00,7.64,7.98,7.63,7.81,816372,,,,,,,,,,,,,,,,,,,,,,11.415266483963078,,7.43949846352523,8.35333426210905,9.762308750028133,10.612472973004607,11.15327460097852,"rgba(38, 166, 154, 1.0)",0.0,0.0,0.6432252628270918,7.86041997092733,-0.3426792815296844,0.0,0.0,0.0,0.0,0.0,0.0,0.0,0.0,55.4636492670366,0.8518311886449155,True,False,True,False,True,0.0,0,0.8605083211040689,0.8557311018827864,False,False,False,False,0.2378456898130228,0.26141094597637227,False,False,False,False,-9162566,-8382633.480507216,False,False,False,False,633165.8248463194,False,False,False,False
2024-07-25 00:00:00+00:00,7.67,7.78,7.65,7.71,606546,,,,,,,,,,,,,,,,,,,,,,11.405068369315531,,7.442612226996168,8.349980960041387,9.755146242432545,10.603765346595688,11.143558116916473,"rgba(38, 166, 154, 1.0)",0.0,0.0,0.6249643737595858,7.858332724929876,-0.30134953740951126,0.0,0.0,0.0,0.0,0.0,0.0,0.0,0.0,54.494728208772116,0.8518311886449155,True,False,True,False,True,0.0,0,0.8592883766091398,0.8787703197920254,False,False,False,False,0.2027764755579429,0.23209371076715757,False,False,False,False,-8556020,-8389432.951859875,False,False,False,False,632121.9101464637,False,False,False,False
2024-07-26 00:00:00+00:00,7.78,7.87,7.7,7.86,493924,,,,,,,,,,,,,,,,,,,,,,11.396990937381583,,7.445896686887066,8.347622463122532,9.749585318282897,10.596915295024223,11.135876567978524,"rgba(38, 166, 154, 1.0)",0.0,0.0,0.5930023775838197,7.859478539602857,-0.1340273540330324,0.0,0.0,0.0,0.0,0.0,0.0,0.0,0.0,54.704817656511175,0.8518311886449155,True,False,True,False,True,0.5431055112116638,0,0.8690586335053084,0.8629271276011854,False,False,False,False,0.23000566093093824,0.2310496858490479,False,False,False,False,-8062096,-8376596.208649684,False,False,False,False,626702.384258367,False,False,False,False
2024-07-29 00:00:00+00:00,7.69,7.86,7.635,7.8,417063,,,,,,,,,,,,,,,,,,,,,,11.390095080337346,,7.448177064682783,8.345453592846715,9.744783449566945,10.59104449522621,11.129311701850087,"rgba(38, 166, 154, 1.0)",0.0,0.0,0.57082264013153,7.859494666741041,-0.2969305259195486,0.0,0.0,0.0,0.0,0.0,0.0,0.0,0.0,53.99128217513318,0.8518311886449155,True,False,True,False,True,0.0,0,0.8688376300316601,0.8671844539060184,False,False,False,False,0.21537937648260697,0.22321453116582743,False,False,False,False,-8479159,-8380618.278898716,False,False,False,False,618481.2319345095,False,False,False,False
2024-07-30 00:00:00+00:00,7.86,7.91,7.73,7.79,326281,,,,,,,,,,,,,,,,,,,,,,11.384872467942238,,7.450594630242517,8.344054282921864,9.741237467836173,10.586636165092827,11.124351436695871,"rgba(38, 166, 154, 1.0)",0.0,0.0,0.5476872586920177,7.860973345884062,-0.0017771928570814043,0.0,0.0,0.0,0.0,0.0,0.0,0.0,0.0,54.907438698937284,0.8518311886449155,True,False,True,False,True,1.248228384860262,0,0.8679181045822439,0.8647301877156873,False,False,False,False,0.24374455335668083,0.2334795422612541,False,False,False,False,-8152878,-8371687.287569354,False,False,False,False,607022.3993096268,False,False,False,False
2024-07-31 00:00:00+00:00,8.06,8.15,7.9802,8.03,407161,,,,,,,,,,,,,,,,,,,,,,11.378797513635563,,7.455357292244855,8.343100587443192,9.737362272680304,10.58161282995355,11.118613753991202,"rgba(38, 166, 154, 1.0)",0.0,0.0,0.5314716267970795,7.832504633800229,0.4280479986688563,0.0,0.0,0.0,0.0,0.0,0.0,0.0,0.0,56.99288396269604,1.1197682950464198,True,False,True,False,True,2.9771157314538748,0,0.8771897445362128,0.8571186883833954,False,False,False,False,0.34282821274923947,0.2881538775052468,False,False,False,False,-7745717,-8347139.43315487,False,False,False,False,599184.697375916,False,False,False,False
2024-08-01 00:00:00+00:00,7.94,8.13,7.87,8.06,531698,,,,,,,,,,,,,,,,,,,,,,11.370699090529111,,7.460628428324233,8.341496452336575,9.732077869459236,10.574866801367953,11.110949762002148,"rgba(38, 166, 154, 1.0)",0.0,0.0,0.5152724111165878,7.834900331643196,0.20396913572192846,0.0,0.0,0.0,0.0,0.0,0.0,0.0,0.0,57.09410217030469,1.4922301802768487,True,False,True,False,True,1.8738051284280317,0,0.8660513040678334,0.8629233812232632,False,False,False,False,0.31593770954646605,0.3020457935258564,False,False,False,False,-8277415,-8344405.141658601,False,False,False,False,596538.1602239193,False,False,False,False
2024-08-02 00:00:00+00:00,7.2,7.56,7.16,7.56,1032288,,,,,,,,,,,,,,,,,,,,,,11.35198521446489,,7.457682654709609,8.332695907055676,9.718000295907913,10.558496031174037,11.092999458195392,#000000,0.0,0.0,0.5051714542592869,7.802620913316093,-1.1929037324559288,0.0,0.0,0.0,0.0,0.0,0.0,0.0,0.0,51.42891296149949,7.15891283196742,False,False,False,False,False,0.0,0,0.8357982276353239,0.8858726905439477,False,False,False,False,0.06831148274898388,0.18517863813742014,False,False,False,False,-9309703,-8382259.959632774,False,False,False,False,613626.3892347461,False,False,False,False
2024-08-05 00:00:00+00:00,7.13,7.21,6.985,7.04,759188,,,,,,,,,,,,,,,,,,,,,,11.337662460749664,,7.452835059424554,8.325085789789952,9.706907882109343,10.545832595803914,11.079219912024733,"rgba(239, 83, 80, 0.5)",0.0,0.0,0.4959620008695739,7.782442321884245,-1.3155086896583068,0.0,0.0,0.0,0.0,0.0,0.0,0.0,0.0,47.24730267040697,3.2555810968141117,False,False,False,True,False,0.0,0,0.8404454065595163,0.9089615088073068,False,False,False,False,-0.029265795054891165,0.07795642154126449,False,False,False,False,-10068891,-8448402.353372665,False,False,False,False,619334.6876961286,False,False,False,False
2024-08-06 00:00:00+00:00,7.19,7.21,7.05,7.07,432550,,,,,,,,,,,,,,,,,,,,,,11.329625143919296,,7.45045964395623,8.32093909005161,9.700730669342462,10.538745995122552,11.071493436192323,"rgba(239, 83, 80, 1.0)",0.0,0.0,0.48285983641411606,7.774047604284765,-1.2095592970044966,0.0,0.0,0.0,0.0,0.0,0.0,0.0,0.0,45.02515419138409,1.2449640319340673,False,True,False,True,False,0.0,0,0.8652041374248203,0.9042789840689669,False,False,False,False,-0.017192305330411422,0.030382058105426532,False,False,False,False,-9636341,-8494988.182652168,False,False,False,False,612009.7979825549,False,False,False,False
2024-08-07 00:00:00+00:00,7.17,7.35,7.1401,7.23,427360,,,,,,,,,,,,,,,,,,,,,,11.321847054931112,,7.448687616999756,8.317114109999812,9.694823581505464,10.531917509749722,11.064025250045455,"rgba(239, 83, 80, 1.0)",0.0,0.0,0.47120413127813193,7.76792388103321,-1.2689275015720956,0.0,0.0,0.0,0.0,0.0,0.0,0.0,0.0,43.40740718648409,-0.26384640275146154,False,True,False,True,False,0.0,0,0.8663488569261206,0.895658252889292,False,False,False,False,0.025531516296355007,0.02795678720089077,False,False,False,False,-10063701,-8556506.332352083,False,False,False,False,604768.6294342193,False,False,False,False
2024-08-08 00:00:00+00:00,7.16,7.18,7.051,7.07,283334,,,,,,,,,,,,,,,,,,,,,,11.31659408012459,,7.447072718802245,8.314386670535203,9.690781356960095,10.52728358752515,11.058974720214403,"rgba(239, 83, 80, 1.0)",0.0,0.0,0.46517082012110106,7.763172883873919,-1.2966696486183091,0.0,0.0,0.0,0.0,0.0,0.0,0.0,0.0,42.25510071287516,-1.420275452320837,False,True,False,True,False,0.0,0,0.8747693796691167,0.9041224329310708,False,False,False,False,-0.022578110493899007,0.0026893383534958813,False,False,False,False,-10347035,-8626723.14284808,False,False,False,False,592163.3498485637,False,False,False,False
2024-08-09 00:00:00+00:00,7.14,7.22,7.07,7.2,228491,,,,,,,,,,,,,,,,,,,,,,11.31238059321043,,7.445835253605981,8.312220325897423,9.6875473315623,10.52357007373385,11.054924669342874,"rgba(239, 83, 80, 1.0)",0.0,0.0,0.46526946566040794,7.759662014883036,-1.3318346906850675,0.0,0.0,0.0,0.0,0.0,0.0,0.0,0.0,41.32734751914345,-2.4492627752919915,False,True,False,True,False,0.0,0,0.87285150640202,0.900379434929177,False,False,False,False,-0.011621828252445251,-0.004466244949474685,False,False,False,False,-10575526,-8703146.784305017,False,False,False,False,577901.6890701887,False,False,False,False
2024-08-12 00:00:00+00:00,6.87,7.06,6.87,7.0,572716,,,,,,,,,,,,,,,,,,,,,,11.301326622504737,,7.440654592747319,8.305856172045337,9.678811057760452,10.51372176999014,11.044266852819245,"rgba(239, 83, 80, 1.0)",0.0,0.0,0.4669895922603899,7.661689942147762,-1.6953053242915124,0.0,0.0,0.0,0.0,0.0,0.0,0.0,0.0,38.72151293511319,-5.081117892223915,False,True,False,True,False,0.0,0,0.8745989466674743,0.8979962467461711,False,False,False,False,-0.07861453746528273,-0.04154039120737871,False,False,False,False,-11148242,-8799032.871195016,False,False,False,False,577698.3287144951,False,False,False,False
2024-08-13 00:00:00+00:00,7.03,7.08,6.955,7.01,347402,,,,,,,,,,,,,,,,,,,,,,11.294783629505249,,7.438101131159062,8.302270918014765,9.673708335891948,10.507920936423787,11.037967114601743,"rgba(239, 83, 80, 1.0)",0.0,0.0,0.46540549015940513,7.657675628241333,-1.3486639962634492,0.0,0.0,0.0,0.0,0.0,0.0,0.0,0.0,38.970868404634146,-5.081117892223915,False,True,False,True,False,0.0,0,0.8784925522555596,0.8879046203318869,False,False,False,False,-0.05902887609851775,-0.05028463365294823,False,False,False,False,-10800840,-8877535.11154031,False,False,False,False,568667.100137456,False,False,False,False
2024-08-14 00:00:00+00:00,7.2,7.29,7.125,7.18,341332,,,,,,,,,,,,,,,,,,,,,,11.288649395601755,,7.436713659412927,8.299269270366672,9.669059089619546,10.502538933367694,11.032078302831927,"rgba(239, 83, 80, 1.0)",0.0,0.0,0.46380028320705935,7.657710458412529,-0.986869726011332,0.0,0.0,0.0,0.0,0.0,0.0,0.0,0.0,41.05037492951563,-5.081117892223915,False,True,False,True,False,0.0,0,0.9157115160915086,0.8663900736719655,False,False,False,False,0.01158465740889051,-0.01934998812202886,False,False,False,False,-10459508,-8939573.264028925,False,False,False,False,559751.9981712812,False,False,False,False
2024-08-15 00:00:00+00:00,7.45,7.56,7.44,7.51,720801,,,,,,,,,,,,,,,,,,,,,,11.276634618643913,,7.4372923714693995,8.294582877613458,9.660400980261741,10.492185485875899,11.020602078966911,"rgba(239, 83, 80, 0.75)",0.0,0.0,0.46399654394514456,7.665903023131824,-0.46531170533319405,0.0,0.0,0.0,0.0,0.0,0.0,0.0,0.0,44.8656416099097,-5.081117892223915,False,True,False,True,True,0.0,0,0.9269946605644549,0.8388329519450801,False,False,False,False,0.11956513814476191,0.05010757501136653,False,False,False,False,-9738707,-8970911.841910142,False,False,False,False,566067.6453018192,False,False,False,False
2024-08-16 00:00:00+00:00,7.61,7.64,7.52,7.54,394155,,,,,,,,,,,,,,,,,,,,,,11.270280467294887,,7.438321969349232,8.292376882784522,9.655925972302038,10.486753539139022,11.014546176003515,#000000,0.0,0.0,0.4646852271813747,7.670342044024009,-0.1298557399597647,0.0,0.0,0.0,0.0,0.0,0.0,0.0,0.0,48.764780815605796,-7.4385110955130855,False,False,False,False,True,0.0,0,0.9262722791050438,0.8279939324990518,False,False,False,False,0.13741635602783386,0.0937619655196002,False,False,False,False,-9344552,-8985564.397129353,False,False,False,False,559325.972937042,False,False,False,False
2024-08-19 00:00:00+00:00,7.56,7.75,7.555,7.67,264345,,,,,,,,,,,,,,,,,,,,,,11.266067794862783,,7.439147284763244,8.290971481279296,9.652981410808168,10.483161613142778,11.010534117992217,#000000,0.0,0.0,0.4640140181171839,7.673108651316656,-0.2437612806949536,0.0,0.0,0.0,0.0,0.0,0.0,0.0,0.0,50.82520397630909,-5.5241612680529215,False,False,False,False,True,0.0,0,0.9217873303167424,0.828212669683258,False,False,False,False,0.1670039931973687,0.13038297935848445,False,False,False,False,-9608897,-9010008.812928203,False,False,False,False,547758.0916453933,False,False,False,False
2024-08-20 00:00:00+00:00,7.23,7.365,7.1168,7.32,779758,,,,,,,,,,,,,,,,,,,,,,11.252393096415577,,7.436501793979048,8.284498607897275,9.642710751528721,10.471202205111194,10.99741837573844,#000000,0.0,0.0,0.45957469567105846,7.6665224054798475,-0.9498399489607429,0.0,0.0,0.0,0.0,0.0,0.0,0.0,0.0,49.050872622658694,-5.5241612680529215,False,False,False,False,True,0.0,0,0.904377049903664,0.8486637937374064,False,False,False,False,0.0013358517198785499,0.0658594155391815,False,False,False,False,-10388655,-9064073.369283961,False,False,False,False,556856.1272671425,False,False,False,False
2024-08-21 00:00:00+00:00,7.65,7.69,7.41,7.52,877595,,,,,,,,,,,,,,,,,,,,,,11.23843021268367,,7.438635855278827,8.279684225475487,9.632903444932694,10.459276342540143,10.984114192040979,#000000,0.0,0.0,0.4604231113244495,7.671506730464091,-0.04671079694984138,0.0,0.0,0.0,0.0,0.0,0.0,0.0,0.0,51.39134822238232,-5.098234572005289,False,False,False,False,True,0.2793270296596617,0,0.9154924543004415,0.8203615930683938,False,False,False,False,0.12524566557307357,0.09555254055612752,False,False,False,False,-9511060,-9081602.256763022,False,False,False,False,569434.1222762743,False,False,False,False
2024-08-22 00:00:00+00:00,7.96,8.08,7.93,7.97,1236893,,,,,,,,,,,,,,,,,,,,,,11.221099808126612,,7.449703561792999,8.276907708116573,9.621949801651164,10.444987416354609,10.967759532304113,"rgba(38, 166, 154, 1.0)",0.0,0.0,0.4663863379393322,7.693282575645543,0.5718808692658403,0.0,0.0,0.0,0.0,0.0,0.0,0.0,0.0,54.943766396466714,-1.7083128666975185,True,False,True,False,True,2.869826743482527,0,0.9385329959614045,0.8158386253268582,False,False,False,False,0.31616372961322065,0.2058581350846741,False,False,False,False,-8274167,-9049938.129046826,False,False,False,False,595608.9802262243,False,False,False,False
2024-08-23 00:00:00+00:00,8.38,8.38,8.01,8.01,1018995,,,,,,,,,,,,,,,,,,,,,,11.208127653162729,,7.462831287250293,8.276749133914404,9.614491666056479,10.434604596548402,10.955614252488628,"rgba(38, 166, 154, 1.0)",0.0,0.0,0.4821284266873965,7.716105368484412,1.377007856759391,0.0,0.0,0.0,0.0,0.0,0.0,0.0,0.0,59.44461521776425,2.489400429040465,True,False,True,False,True,6.168878584523068,0,0.9299007487134737,0.8024047485472464,False,False,False,False,0.342828212921973,0.27434317400332353,False,False,False,False,-7255172,-8979555.14359401,False,True,False,False,612212.353550686,False,True,False,False
2024-08-26 00:00:00+00:00,8.31,8.4,8.28,8.31,360844,,,,,,,,,,,,,,,,,,,,,,11.203674624438543,,7.467798264091805,8.276896456934864,9.612011692951059,10.431074446099375,10.95145559577546,"rgba(38, 166, 154, 1.0)",0.0,0.0,0.49501322213687815,7.713019031997848,1.205989943915233,-1.0,8.4,8.28,0.0,0.0,0.0,0.0,0.0,61.761193707006825,4.5956203400054605,True,False,True,False,True,5.542381140517968,0,0.9575169522699039,0.7908884585753846,False,False,False,False,0.34282821543341674,0.30858569471837016,False,False,False,False,-7616016,-8926083.020315813,False,False,False,False,602354.7710585023,False,False,False,False
2024-08-27 00:00:00+00:00,8.12,8.31,8.1149,8.26,389307,,,,,,,,,,,,,,,,,,,,,,11.19863852581715,,7.472182396134974,8.276612960811299,9.609038414092812,10.427011090407763,10.94673055803887,"rgba(38, 166, 154, 1.0)",0.0,0.0,0.5025494283432942,7.715746419771763,0.8044056115254161,0.0,0.0,0.0,0.0,0.0,0.0,0.0,0.0,61.487358985565514,4.5956203400054605,True,False,True,False,True,3.856614821702511,0,0.9505565188209634,0.8047360031321662,False,False,False,False,0.2852894126589132,0.2969375536886417,False,False,False,False,-8005323,-8889974.784224998,False,False,False,False,593999.9565071885,False,False,False,False
2024-08-28 00:00:00+00:00,7.95,8.08,7.9112,7.97,301848,,,,,,,,,,,,,,,,,,,,,,11.194485665056568,,7.4745910166112575,8.275931059496251,9.606417781775729,10.423589221199455,10.942812282532149,"rgba(38, 166, 154, 1.0)",0.0,0.0,0.5071696057624635,7.714969371535121,0.46341623353304334,0.0,0.0,0.0,0.0,0.0,0.0,0.0,0.0,59.78518295828599,4.5956203400054605,True,False,True,False,True,2.3779846411075773,0,0.9180590540162333,0.8287223621606494,False,False,False,False,0.1662015686289629,0.2315695611588023,False,False,False,False,-8307171,-8867119.733863233,False,False,False,False,582543.0170363183,False,False,False,False
2024-08-29 00:00:00+00:00,8.07,8.12,8.035,8.07,231067,,,,,,,,,,,,,,,,,,,,,,11.19140720896141,,7.476761431209514,8.275577591980873,9.604533741843266,10.42107739015879,10.939915360259741,"rgba(38, 166, 154, 1.0)",0.0,0.0,0.5135203707462973,7.717006464610991,0.6873992844256694,0.0,0.0,0.0,0.0,0.0,0.0,0.0,0.0,59.448605966272815,4.5956203400054605,True,False,True,False,True,3.345749049952161,0,0.9125942414015944,0.8407481869749407,False,False,False,False,0.2069026794894366,0.21923612032411946,False,False,False,False,-8076104,-8836099.509005852,False,False,False,False,568759.6438192078,False,False,False,False
2024-08-30 00:00:00+00:00,7.61,7.84,7.45,7.84,1026528,,,,,,,,,,,,,,,,,,,,,,11.175876260966664,,7.479236134515279,8.27059730154279,9.593818723908283,10.40789450290863,10.925142870571017,"rgba(38, 166, 154, 0.75)",0.0,0.0,0.5141809896236281,7.705473524872552,-0.18568077544530925,0.0,0.0,0.0,0.0,0.0,0.0,0.0,0.0,55.541463282880656,4.5956203400054605,True,False,True,False,False,0.0,0,0.8623947614593082,0.8745844426854716,False,False,False,False,-0.003600039290608779,0.10781804051675534,False,False,False,False,-9102632,-8846551.763554642,False,False,False,False,586711.3440615918,False,False,False,False
2024-09-03 00:00:00+00:00,7.04,7.4,6.99,7.4,976957,,,,,,,,,,,,,,,,,,,,,,11.159193564705573,,7.474258265682902,8.262338987952617,9.5812068985243,10.393268120136227,10.90913122192733,#000000,0.0,0.0,0.5156475156156616,7.681940575430995,-1.2449212999010477,0.0,0.0,0.0,0.0,0.0,0.0,0.0,0.0,49.691901306562016,6.795495450193073,False,True,False,False,False,0.0,0,0.825570999511071,0.8814067192847662,False,False,False,False,-0.22323581161847628,-0.05770888555086047,False,False,False,False,-10079589,-8894906.164983872,False,False,False,False,602015.0952748627,False,False,False,False
2024-09-04 00:00:00+00:00,7.04,7.29,7.0001,7.15,893461,,,,,,,,,,,,,,,,,,,,,,11.143931533798677,,7.4693879932529725,8.254670079038972,9.569630062302101,10.379870169993762,10.894477812376053,"rgba(239, 83, 80, 1.0)",0.0,0.0,0.5170849687093104,7.665088009644236,-1.2088690398495068,0.0,0.0,0.0,0.0,0.0,0.0,0.0,0.0,45.79219332234959,3.221630207825072,False,True,False,True,False,0.0,0,0.8188726866778999,0.9009908541870351,False,False,False,False,-0.24857216351367864,-0.15314052453226956,False,False,False,False,-10079589,-8941364.315376662,False,False,False,False,613444.3464405544,False,False,False,False
2024-09-05 00:00:00+00:00,7.28,7.4,7.185,7.35,679880,,,,,,,,,,,,,,,,,,,,,,11.13290467139311,,7.467564293742782,8.249800883858107,9.561526431728797,10.370299969959595,10.883924587678246,"rgba(239, 83, 80, 1.0)",0.0,0.0,0.5169230517607869,7.658440152923838,-0.7321015219475369,0.0,0.0,0.0,0.0,0.0,0.0,0.0,0.0,45.137980261853535,2.6418413373880014,False,True,False,True,False,0.0,0,0.8419310573097323,0.8829187899516615,False,False,False,False,-0.17455142547372401,-0.1638459750029968,False,False,False,False,-9399709,-8959338.61673444,False,False,False,False,616049.6661879836,False,False,False,False
2024-09-06 00:00:00+00:00,7.17,7.34,7.095,7.33,446508,,,,,,,,,,,,,,,,,,,,,,11.12553460250343,,7.465816896899832,8.246343817118698,9.556033944593896,10.363871116684962,10.876861097249522,"rgba(239, 83, 80, 1.0)",0.0,0.0,0.5170107427397925,7.653239660320456,-0.9346801146908993,0.0,0.0,0.0,0.0,0.0,0.0,0.0,0.0,44.03990478684585,1.478515031851515,False,True,False,True,False,0.0,0,0.8452761233504391,0.8819872362934416,False,False,False,False,-0.21191632454136825,-0.1878811497721825,False,False,False,False,-9846217,-8994118.161176227,False,False,False,False,609400.9733962979,False,False,False,False
2024-09-09 00:00:00+00:00,7.0,7.1499,6.92,7.14,984372,,,,,,,,,,,,,,,,,,,,,,11.108649587820295,,7.459497290128624,8.237514718554356,9.543104504804324,10.348995532639217,10.860633109757618,"rgba(239, 83, 80, 1.0)",0.0,0.0,0.5180365565036099,7.637679578443598,-1.2309547857925247,0.0,0.0,0.0,0.0,0.0,0.0,0.0,0.0,42.310379374863345,-0.3588244015831634,False,True,False,True,False,0.0,0,0.8475396003265445,0.8896953398870816,False,False,False,False,-0.30559454363163463,-0.24673784670190857,False,False,False,False,-10830589,-9066136.625443825,False,False,False,False,624105.7195376196,False,False,False,False
2024-09-10 00:00:00+00:00,6.8,7.0,6.715,7.0,1190481,,,,,,,,,,,,,,,,,,,,,,11.087497769691787,,7.448951165552325,8.225404933211777,9.526508220221702,10.33019054737579,10.840251716952066,"rgba(239, 83, 80, 1.0)",0.0,0.0,0.5219700036256191,7.6152100641302045,-1.5617948511748405,0.0,0.0,0.0,0.0,0.0,0.0,0.0,0.0,40.06035244723461,-2.6998531619055584,False,True,False,True,False,0.0,0,0.8284387472607496,0.9128935418942219,False,False,False,False,-0.34282825441539394,-0.2947830505586513,False,False,False,False,-12021070,-9182016.365622498,False,False,False,False,646316.5148498699,False,False,False,False
2024-09-11 00:00:00+00:00,6.63,6.72,6.55,6.72,984378,,,,,,,,,,,,,,,,,,,,,,11.069329304647637,,7.437659493045771,8.21409220160177,9.511903387804798,10.313888703089434,10.82269888833604,"rgba(239, 83, 80, 1.0)",0.0,0.0,0.5279843705032752,7.507158507868641,-1.66133423046696,0.0,0.0,0.0,0.0,0.0,0.0,0.0,0.0,37.69041538714956,-5.136596583877996,False,True,False,True,False,0.0,0,0.8075525858576152,0.9383322231302234,False,False,False,False,-0.34282825441539394,-0.31880565248702264,False,False,False,False,-13005448,-9331954.861088281,False,False,False,False,659573.8279930123,False,False,False,False
2024-09-12 00:00:00+00:00,6.67,6.755,6.6,6.63,844238,,,,,,,,,,,,,,,,,,,,,,11.054010285670683,,7.428710399125058,8.204769668555963,9.499674322320177,10.3001787337199,10.807909781435495,"rgba(239, 83, 80, 1.0)",0.0,0.0,0.5334610094926274,7.4923939676770015,-1.5416196367550405,0.0,0.0,0.0,0.0,0.0,0.0,0.0,0.0,36.527077683367125,-6.448632453349589,False,True,False,True,False,0.0,0,0.8260595698731219,0.9226131557635201,False,False,False,False,-0.3244758549545207,-0.32164075372077167,False,False,False,False,-12161210,-9442906.043006388,False,False,False,False,666815.5602285805,False,False,False,False
2024-09-13 00:00:00+00:00,6.91,7.045,6.865,7.0,801483,,,,,,,,,,,,,,,,,,,,,,11.040439712072477,,7.423326236425102,8.197538309318935,9.489241803542496,10.288202813681192,10.79486091278294,"rgba(239, 83, 80, 1.0)",0.0,0.0,0.5342343177918757,7.487930287402138,-1.081791768433875,0.0,0.0,0.0,0.0,0.0,0.0,0.0,0.0,38.154338314772545,-6.448632453349589,False,True,False,True,False,0.0,0,0.8236796497309135,0.9331668058293981,False,False,False,False,-0.20912521988057647,-0.26538298680067407,False,False,False,False,-11359727,-9518075.492300257,False,False,False,False,672096.6362980478,False,False,False,False
2024-09-16 00:00:00+00:00,7.12,7.13,6.99,7.0,495615,,,,,,,,,,,,,,,,,,,,,,11.032377737892892,,7.421003098223315,8.193601102089374,9.483185023543374,10.281147727030296,10.78712726930946,"rgba(239, 83, 80, 0.75)",0.0,0.0,0.5329536260950027,7.487027249290148,-0.6886663891929738,0.0,0.0,0.0,0.0,0.0,0.0,0.0,0.0,41.102097746009434,-6.448632453349589,False,True,False,True,True,0.0,0,0.825449601645546,0.9231116026458343,False,False,False,False,-0.16701978440152251,-0.2162013856010983,False,False,False,False,-10864112,-9570861.237700246,False,False,False,False,665175.7878157715,False,False,False,False
2024-09-17 00:00:00+00:00,7.16,7.2,7.1,7.12,412585,,,,,,,,,,,,,,,,,,,,,,11.025815432947764,,7.419503769494758,8.190559039687495,9.478319263020872,10.275432201339175,10.780840625197232,"rgba(239, 83, 80, 0.75)",0.0,0.0,0.5308243461699274,7.486902062203205,-0.6158384869908681,0.0,0.0,0.0,0.0,0.0,0.0,0.0,0.0,43.413446555696154,-6.448632453349589,False,True,False,True,True,0.0,0,0.8269058422541975,0.9133788256215202,False,False,False,False,-0.13139616995819403,-0.17379877777964617,False,False,False,False,-10451527,-9605397.149947297,False,False,False,False,655270.266724957,False,False,False,False
2024-09-18 00:00:00+00:00,7.06,7.225,6.98,7.13,475538,,,,,,,,,,,,,,,,,,,,,,11.01815283476213,,7.41737941951531,8.186856463754212,9.472580141029232,10.26873383627534,10.773492329869315,"rgba(239, 83, 80, 0.75)",0.0,0.0,0.5283821303525696,7.485206796889576,-0.8047334920389002,0.0,0.0,0.0,0.0,0.0,0.0,0.0,0.0,44.1356743454882,-12.477971626210724,False,True,False,True,True,0.0,0,0.8217740750844654,0.9102889639686904,False,False,False,False,-0.15015057614121374,-0.16197467696042994,False,False,False,False,-10927065,-9657227.26171407,False,False,False,False,648221.9425396646,False,False,False,False
2024-09-19 00:00:00+00:00,7.19,7.285,7.16,7.23,435528,,,,,,,,,,,,,,,,,,,,,,11.011380487757243,,7.416177922829722,8.183865443439618,9.467618665874888,10.26286064763638,10.767012286386263,"rgba(239, 83, 80, 0.75)",0.0,0.0,0.5158593984015053,7.485234000321545,-0.5723148618332565,0.0,0.0,0.0,0.0,0.0,0.0,0.0,0.0,45.85307648013208,-10.613563268073186,False,True,False,True,True,0.0,0,0.8419966328306066,0.8899330088264921,False,False,False,False,-0.1029427590763013,-0.13245871801836562,False,False,False,False,-10491537,-9689945.29066646,False,False,False,False,639881.0036165405,False,False,False,False
2024-09-20 00:00:00+00:00,6.85,6.925,6.79,6.91,729674,,,,,,,,,,,,,,,,,,,,,,10.999028113821055,,7.410739841670457,8.177071873194595,9.45804844589916,10.251926927225322,10.755124621974412,"rgba(239, 83, 80, 0.75)",0.0,0.0,0.5036282770473529,7.4766350215536,-1.2442411399681628,0.0,0.0,0.0,0.0,0.0,0.0,0.0,0.0,44.305454475811196,-10.613563268073186,False,True,False,True,True,0.0,0,0.8321545591199722,0.8948870524179303,False,False,False,False,-0.24888575788775122,-0.19067223795305843,False,False,False,False,-11221211,-9749994.926326599,False,False,False,False,643402.2975923624,False,False,False,False
2024-09-23 00:00:00+00:00,7.07,7.1801,7.03,7.08,538670,,,,,,,,,,,,,,,,,,,,,,10.990478000641545,,7.408485532746582,8.172997262099521,9.451671104294014,10.244463439974481,10.746928532146073,"rgba(239, 83, 80, 0.75)",0.0,0.0,0.49054622983348595,7.47439043296913,-0.8243676301546522,0.0,0.0,0.0,0.0,0.0,0.0,0.0,0.0,45.32084036468035,-10.613563268073186,False,True,False,True,True,0.0,0,0.835877078913148,0.8827937855040723,False,False,False,False,-0.14914120890781712,-0.16990672343043778,False,False,False,False,-10682541,-9786565.360588303,False,False,False,False,639295.1486671717,False,False,False,False
2024-09-24 00:00:00+00:00,7.24,7.325,7.165,7.25,835423,,,,,,,,,,,,,,,,,,,,,,10.977798873302591,,7.406686027350034,8.167607625102956,9.442472892500955,10.233505410898388,10.734808335914353,#000000,0.0,0.0,0.4780874057824687,7.4742714029383865,-0.4900179341787149,0.0,0.0,0.0,0.0,0.0,0.0,0.0,0.0,47.42897162561315,-8.557136117311018,False,False,False,False,True,0.0,0,0.8499583795782466,0.8583240843507213,False,False,False,False,-0.09414817148302754,-0.13202744745673267,False,False,False,False,-9847118,-9788939.973898567,False,False,False,False,646986.4369547336,False,False,False,False
2024-09-25 00:00:00+00:00,7.06,7.25,7.05,7.25,471381,,,,,,,,,,,,,,,,,,,,,,10.970447545980548,,7.40493424925201,8.164191926737947,9.437027430577713,10.227104097732443,10.727766275135574,#000000,0.0,0.0,0.4660046784750165,7.472426722844794,-0.8850270005752866,0.0,0.0,0.0,0.0,0.0,0.0,0.0,0.0,47.34106233430917,-8.395160861632107,False,False,False,False,True,0.0,0,0.834120589052515,0.878445401500417,False,False,False,False,-0.13139616995819403,-0.13171180870746335,False,False,False,False,-10318499,-9809706.994529996,False,False,False,False,640099.9492310185,False,False,False,False
2024-09-26 00:00:00+00:00,6.72,6.8,6.635,6.68,1973124,,,,,,,,,,,,,,,,,,,,,,10.936799253595664,,7.387810815978137,8.14472479812092,9.41060424730889,10.19716524182159,10.695335848254842,"rgba(239, 83, 80, 0.75)",0.0,0.0,0.4582303602592326,7.445322444366232,-1.5828773195121744,0.0,0.0,0.0,0.0,0.0,0.0,0.0,0.0,44.88153867926127,-8.395160861632107,False,True,False,True,True,0.0,1,0.8223441974635214,0.8932974226101187,False,False,False,False,-0.3073940539575517,-0.21955293133250753,False,False,False,False,-12291623,-9907037.033960193,False,False,False,False,692375.4022023511,False,False,False,False
2024-09-27 00:00:00+00:00,6.77,6.87,6.69,6.73,1171855,,,,,,,,,,,,,,,,,,,,,,10.917339001105217,,7.378890830590298,8.133872014651612,9.395487786388147,10.179919024408868,10.676601157819464,"rgba(239, 83, 80, 1.0)",0.0,0.0,0.45159824288101025,7.432464010627134,-1.4669322147953632,0.0,0.0,0.0,0.0,0.0,0.0,0.0,0.0,43.724318473974805,-8.395160861632107,False,True,False,True,False,0.0,0,0.8294374957282487,0.8885995489030142,False,False,False,False,-0.2810439137489249,-0.2502984225407162,False,False,False,False,-11119768,-9954595.111059794,False,False,False,False,711178.5236846119,False,False,False,False
2024-09-30 00:00:00+00:00,6.76,6.83,6.69,6.82,482003,,,,,,,,,,,,,,,,,,,,,,10.909355418944283,,7.3751975614796965,8.12940369795458,9.389281132386273,10.172841255238321,10.668914457486803,"rgba(239, 83, 80, 1.0)",0.0,0.0,0.4458502152232937,7.427240321553195,-1.4965571368380375,0.0,0.0,0.0,0.0,0.0,0.0,0.0,0.0,42.880015099891786,-8.395160861632107,False,True,False,True,False,0.0,0,0.8318234850044613,0.8867682382815181,False,False,False,False,-0.289433047361021,-0.26986573495086863,False,False,False,False,-11601771,-10019190.24395941,False,False,False,False,702191.2482459997,False,False,False,False
2024-10-01 00:00:00+00:00,6.79,6.89,6.68,6.71,834693,,,,,,,,,,,,,,,,,,,,,,10.895690782555473,,7.369177815335021,8.121883547768753,9.37871013808352,10.160748834308482,10.655764711382107,"rgba(239, 83, 80, 1.0)",0.0,0.0,0.4374167411126924,7.4190000838451,-1.4379881351707338,0.0,0.0,0.0,0.0,0.0,0.0,0.0,0.0,42.65259379550167,-8.395160861632107,False,True,False,True,False,0.0,0,0.8194613566363443,0.9133371534990332,False,False,False,False,-0.27895268220753533,-0.274409208579202,False,False,False,False,-10767078,-10048519.175568845,False,False,False,False,707387.3953736075,False,False,False,False
2024-10-02 00:00:00+00:00,6.96,7.042,6.91,6.96,823441,,,,,,,,,,,,,,,,,,,,,,10.882898506277868,,7.365196791325835,8.11555789293358,9.36909978535814,10.149549707164777,10.643492011655916,"rgba(239, 83, 80, 1.0)",0.0,0.0,0.42986953813926204,7.414409921609225,-1.0570879797070274,0.0,0.0,0.0,0.0,0.0,0.0,0.0,0.0,44.35806762241605,-8.395160861632107,False,True,False,True,False,0.0,0,0.8133945738090155,0.8987467065441859,False,False,False,False,-0.20065009346227447,-0.23752965102073823,False,False,False,False,-9943637,-10044406.14907595,False,False,False,False,711938.5171236622,False,False,False,False
2024-10-03 00:00:00+00:00,7.23,7.27,7.045,7.13,784023,,,,,,,,,,,,,,,,,,,,,,10.871448584617438,,7.3634675854169895,8.110697462097326,9.360819239638813,10.13966244223339,10.632549485588983,#000000,0.0,0.0,0.42322328143214005,7.413550277364159,-0.43369607820969847,0.0,0.0,0.0,0.0,0.0,0.0,0.0,0.0,48.004252209602456,-6.889231958274223,False,False,False,False,True,0.0,0,0.8499242588184378,0.8731227007141313,False,False,False,False,-0.12844366186571388,-0.18298665644322604,False,False,False,False,-9159614,-10009708.417739639,False,False,False,False,714765.3595894009,False,False,False,False
2024-10-04 00:00:00+00:00,7.28,7.34,7.2305,7.25,553908,,,,,,,,,,,,,,,,,,,,,,10.863623966964376,7.2835,7.362938798317296,8.107667043999582,9.355278390708198,10.132955876895496,10.625087162217364,#000000,0.0,0.0,0.42307803893285395,7.36935108833579,-0.21119292450433888,0.0,0.0,0.0,0.0,0.0,0.0,0.0,0.0,50.86003340507433,-4.168746760147123,True,False,False,False,True,0.0,0,0.8622496927636812,0.8540157594158897,False,False,False,False,-0.0784508851891586,-0.13071877081619232,False,False,False,False,-8605706,-9954649.499396907,False,False,False,False,708457.227840797,False,False,False,False
2024-10-07 00:00:00+00:00,7.2,7.265,7.165,7.2,333685,,,,,,,,,,,,,,,,,,,,,,10.858830280510142,7.255868137761339,7.362331982337144,8.105690300698178,9.351836805788349,10.128827069081034,10.620509215072449,"rgba(38, 166, 154, 1.0)",0.0,0.0,0.4225852651318417,7.367840612807457,-0.3971757338843627,0.0,0.0,0.0,0.0,0.0,0.0,0.0,0.0,51.86256468705375,-3.2040269674548227,True,False,True,False,True,0.0,0,0.8540878673261566,0.866205993599069,False,False,False,False,-0.10587775144568409,-0.1182982611309382,False,False,False,False,-8939391,-9914835.440597028,False,False,False,False,693760.2777293932,False,False,False,False
2024-10-08 00:00:00+00:00,6.97,7.09,6.9,7.08,586439,,,,,,,,,,,,,,,,,,,,,,10.849922174650931,7.148767178279259,7.359730572795209,8.101376273304277,9.345187127414539,10.121045984761682,10.611968400355478,#000000,0.0,0.0,0.42473945378766786,7.359701198505535,-0.9175064737460233,0.0,0.0,0.0,0.0,0.0,0.0,0.0,0.0,50.17312924369975,-3.2040269674548227,True,False,False,False,True,0.0,1,0.8433046371988717,0.8709108008391813,False,False,False,False,-0.19300658681335944,-0.15565242397214882,False,False,False,False,-9525830,-9899580.325279498,False,False,False,False,689551.6001713778,False,False,False,False
2024-10-09 00:00:00+00:00,6.69,6.75,6.645,6.73,1043934,,,,,,,,,,,,,,,,,,,,,,10.832976071620681,6.960637955926861,7.351636210193318,8.09179054480931,9.331989470131322,10.106009548997767,10.595648398727823,"rgba(239, 83, 80, 0.5)",0.0,0.0,0.4298354179063537,7.339792936221036,-1.5117249746101726,0.0,0.0,0.0,0.0,0.0,0.0,0.0,0.0,46.71421957754944,1.972157728081008,False,False,False,True,False,0.0,1,0.8279724296381392,0.8869615163699024,False,False,False,False,-0.31591264640817884,-0.23578253519016384,False,False,False,False,-10569764,-9925862.038013637,False,False,False,False,703448.9491842649,False,False,False,False
2024-10-10 00:00:00+00:00,7.0,7.02,6.8,6.88,979470,,,,,,,,,,,,,,,,,,,,,,10.818135588673394,6.9548582193736594,7.346986402436793,8.084471629519607,9.320865157083086,10.093025882620628,10.581413374554163,#000000,0.0,0.0,0.4313159415575605,7.334458084741081,-0.775436408710729,0.0,0.0,0.0,0.0,0.0,0.0,0.0,0.0,47.50004721214084,1.972157728081008,False,False,False,False,False,0.0,1,0.822379725085911,0.8829753722794963,False,False,False,False,-0.22738805852483376,-0.2315852968574988,False,False,False,False,-9590294,-9912702.507111141,False,False,False,False,714273.3041182152,False,False,False,False
2024-10-11 00:00:00+00:00,6.91,7.00895,6.88,6.98,413289,,,,,,,,,,,,,,,,,,,,,,10.811896243153186,6.952546461380776,7.345022487734082,8.08139246738565,9.316188472578652,10.087567174045523,10.575428576094842,#000000,0.0,0.0,0.43429968479894143,7.332212350879732,-0.972168218531391,0.0,0.0,0.0,0.0,0.0,0.0,0.0,0.0,47.25687105337466,1.972157728081008,False,False,False,False,False,0.0,1,0.8344432841052404,0.8812202111014352,False,False,False,False,-0.21338396494548023,-0.2224846309014895,False,False,False,False,-10003583,-9916266.448008744,False,False,False,False,702469.9980743637,False,False,False,False
2024-10-14 00:00:00+00:00,6.82,6.82,6.71,6.76,413993,,,,,,,,,,,,,,,,,,,,,,10.80542597597171,6.936348168100209,7.342366075587602,8.077924740378288,9.3112291362332,10.08185954066305,10.569207738539497,"rgba(239, 83, 80, 0.5)",0.0,0.0,0.4389186138110269,7.328202921008431,-1.157852287456722,0.0,0.0,0.0,0.0,0.0,0.0,0.0,0.0,46.33000283953777,1.3804015870831563,False,False,False,True,False,0.0,1,0.8520926759171608,0.8691554241360193,False,False,False,False,-0.28733208753900935,-0.25490835922024946,False,False,False,False,-10417576,-9935925.646126049,False,False,False,False,691157.1746204671,False,False,False,False
2024-10-15 00:00:00+00:00,6.37,6.48,6.37,6.47,1527717,,,,,,,,,,,,,,,,,,,,,,10.779508912742513,6.79808034721445,7.326316199376842,8.061609877338308,9.29039300096175,10.058580997947988,10.54416066938329,"rgba(239, 83, 80, 1.0)",0.0,0.0,0.45261669641554114,7.300167596886884,-2.0550890063342027,0.0,0.0,0.0,0.0,0.0,0.0,0.0,0.0,42.562126561799964,-2.3099470879688155,False,True,False,True,False,0.0,0,0.8512233022671053,0.8453784504467085,False,False,False,False,-0.34282825441539394,-0.2988683068178217,False,False,False,False,-11945293,-10014724.365885813,False,False,False,False,723963.4422824096,False,False,False,False
2024-10-16 00:00:00+00:00,6.52,6.56,6.45,6.47,823290,,,,,,,,,,,,,,,,,,,,,,10.765995449234833,6.762552570222709,7.318839539333445,8.05348992198846,9.27968577725164,10.046509520874144,10.531121332982575,"rgba(239, 83, 80, 1.0)",0.0,0.0,0.4609982509594066,7.289011712635793,-1.668144534247939,0.0,0.0,0.0,0.0,0.0,0.0,0.0,0.0,41.61553576414995,-3.266259104789249,False,True,False,True,False,0.0,0,0.8467430681729878,0.8338803799599617,False,False,False,False,-0.312190099801567,-0.30552920330969435,False,False,False,False,-11122003,-10058147.057419702,False,False,False,False,727858.6014085897,False,False,False,False
2024-10-17 00:00:00+00:00,6.46,6.52,6.4109,6.48,584473,,,,,,,,,,,,,,,,,,,,,,10.756349775590206,6.738488457488809,7.313314734456426,8.047605142866372,9.27200796752731,10.037877717320551,10.521809293987815,"rgba(239, 83, 80, 1.0)",0.0,0.0,0.4715553333731657,7.280899769414246,-1.7408344499936474,0.0,0.0,0.0,0.0,0.0,0.0,0.0,0.0,40.57638182989159,-4.367740089257239,False,True,False,True,False,0.0,0,0.8359573936612448,0.8460534704331847,False,False,False,False,-0.3272626530683777,-0.31639592818903606,False,False,False,False,-11706476,-10122787.408109127,False,False,False,False,722235.6366474685,False,False,False,False
2024-10-18 00:00:00+00:00,6.59,6.68,6.56,6.66,586897,,,,,,,,,,,,,,,,,,,,,,10.747036287376517,6.728878596739728,7.308781741073001,8.04228163286268,9.264739948966255,10.029605096114082,10.512837147170442,"rgba(239, 83, 80, 1.0)",0.0,0.0,0.4730547460844656,7.27503574448276,-1.4481109219448447,0.0,0.0,0.0,0.0,0.0,0.0,0.0,0.0,41.28647024088325,-4.367740089257239,False,True,False,True,False,0.0,0,0.8472983932188578,0.8211692211981056,False,False,False,False,-0.26910703802466635,-0.2927514831068512,False,False,False,False,-11119579,-10161877.27445779,False,False,False,False,716928.2391318815,False,False,False,False
2024-10-21 00:00:00+00:00,6.45,6.58,6.445,6.54,503455,,,,,,,,,,,,,,,,,,,,,,10.738852648031479,6.714577079803127,7.3042888816663725,8.037371606539452,9.258260309823998,10.022295915368401,10.504940980409865,"rgba(239, 83, 80, 1.0)",0.0,0.0,0.47829905078541396,7.268847340164638,-1.711998672838698,0.0,0.0,0.0,0.0,0.0,0.0,0.0,0.0,40.69241463135936,-4.55022654031189,False,True,False,True,False,0.0,0,0.8365729061320354,0.8307346365714245,False,False,False,False,-0.3093474632139492,-0.3010494731604002,False,False,False,False,-11623034,-10219177.538204543,False,False,False,False,708556.7395580823,False,False,False,False
2024-10-22 00:00:00+00:00,6.24,6.31,6.165,6.3,1129586,,,,,,,,,,,,,,,,,,,,,,10.719516918075986,6.657831241072561,7.291298785358258,8.024680358766535,9.242510559769173,10.004837071689272,10.486225715691203,"rgba(239, 83, 80, 1.0)",0.0,0.0,0.48644557485657514,7.249662540675052,-2.0755919939712544,0.0,0.0,0.0,0.0,0.0,0.0,0.0,0.0,38.84653904992463,-6.495240204090102,False,True,False,True,False,0.0,0,0.8448951499206272,0.8346229134519675,False,False,False,False,-0.34282825441539394,-0.32193886378789704,False,False,False,False,-12752620,-10318528.222980836,False,False,False,False,725067.6909479614,False,False,False,False
2024-10-23 00:00:00+00:00,5.88,6.03,5.84,5.95,1972132,,,,,,,,,,,,,,,,,,,,,,10.683759330169728,6.530199371607732,7.262661403077007,7.999033286669557,9.21250102380293,9.972168516621542,10.451496820176821,"rgba(239, 83, 80, 1.0)",0.0,0.0,0.5069508567616968,7.206968094289721,-2.6175477890818337,0.0,0.0,0.0,0.0,0.0,0.0,0.0,0.0,35.601281469194525,-9.668300564330814,False,True,False,True,False,0.0,0,0.8277058709764527,0.8496878227139538,False,False,False,False,-0.34282825441539394,-0.3323835591016455,False,False,False,False,-14724752,-10491321.312275706,False,False,False,False,773972.1736558845,False,False,False,False
2024-10-24 00:00:00+00:00,6.05,6.1979,5.97,6.19,1004436,,,,,,,,,,,,,,,,,,,,,,10.666340508754319,6.493303913449604,7.250167257910392,7.987169747023766,9.198137408049567,9.956362002384678,10.434612384760857,"rgba(239, 83, 80, 1.0)",0.0,0.0,0.5228557067588895,7.189950692894433,-2.1802395539695465,0.0,0.0,0.0,0.0,0.0,0.0,0.0,0.0,35.37504467035181,-9.956947836998857,False,True,False,True,False,0.0,0,0.8258872605840823,0.8472025901068676,False,False,False,False,-0.29760999432078633,-0.31499677671121595,False,False,False,False,-13720316,-10617948.55493156,False,False,False,False,783009.9707674184,False,False,False,False
2024-10-25 00:00:00+00:00,5.93,6.028,5.93,5.99,696217,,,,,,,,,,,,,,,,,,,,,,10.654056625930858,6.465215957014416,7.240865391973246,7.978564591609438,9.18791066462792,9.94517272442677,10.422692149388116,"rgba(239, 83, 80, 1.0)",0.0,0.0,0.540734835351312,7.177248805942098,-2.306581200990627,0.0,0.0,0.0,0.0,0.0,0.0,0.0,0.0,34.52753182644359,-10.90684209220035,False,True,False,True,False,0.0,0,0.8126634147063067,0.8709620156730193,False,False,False,False,-0.32933726730170215,-0.3221670220064591,False,False,False,False,-14416533,-10766912.650816597,False,False,False,False,779606.3248549706,False,False,False,False
2024-10-28 00:00:00+00:00,5.76,5.79,5.69,5.72,1536833,,,,,,,,,,,,,,,,,,,,,,10.625928896317701,6.390041773598342,7.21741005921188,7.957818282092972,9.164066738840802,9.919366390157906,10.395339503435304,"rgba(239, 83, 80, 1.0)",0.0,0.0,0.5627258305432667,7.144886786587246,-2.461032907002418,0.0,0.0,0.0,0.0,0.0,0.0,0.0,0.0,33.02889998730281,-12.4785090937374,False,True,False,True,False,0.0,0,0.8052475856758082,0.8897130076897287,False,False,False,False,-0.34282825441539394,-0.3324976382109265,False,False,False,False,-15953366,-10970302.978235554,False,False,False,False,809301.4885861482,False,False,False,False
2024-10-29 00:00:00+00:00,5.86,5.875,5.7899,5.82,1094348,,,,,,,,,,,,,,,,,,,,,,10.606481478537777,6.352019358399357,7.202201699452229,7.943903264039952,9.14775463978482,9.901596595506904,10.376450414137608,"rgba(239, 83, 80, 1.0)",0.0,0.0,0.5822408714893536,7.124956769729252,-2.17256608333512,0.0,0.0,0.0,0.0,0.0,0.0,0.0,0.0,33.2498650218199,-12.4785090937374,False,True,False,True,False,0.0,0,0.8066871509001079,0.8886957424175598,False,False,False,False,-0.3167131569180452,-0.3246053975644858,False,False,False,False,-14859018,-11122801.606540043,False,False,False,False,820479.7831513974,False,False,False,False
2024-10-30 00:00:00+00:00,5.68,5.72,5.63,5.65,1106602,,,,,,,,,,,,,,,,,,,,,,10.586301109598766,6.307773325825654,7.1853375312653025,7.9289276421211845,9.130606998169906,9.883060869986494,10.356819431140272,"rgba(239, 83, 80, 1.0)",0.0,0.0,0.6048462838005019,7.102726461815391,-2.352211627846676,0.0,0.0,0.0,0.0,0.0,0.0,0.0,0.0,32.343119135161565,-13.47535415100392,False,True,False,True,False,0.0,0,0.8105951336348608,0.8737275784542268,False,False,False,False,-0.34282825441539394,-0.3337168259899399,False,False,False,False,-15965620,-11312716.053342395,False,False,False,False,831700.2622434994,False,False,False,False
2024-10-31 00:00:00+00:00,5.71,5.755,5.57,5.68,860048,,,,,,,,,,,,,,,,,,,,,,10.57073600903572,6.277276104825494,7.172500248875446,7.917433072826388,9.117402832360543,9.868772559950337,10.34168057137581,"rgba(239, 83, 80, 1.0)",0.0,0.0,0.6255766924993681,7.086158553937009,-2.1998238911984394,0.0,0.0,0.0,0.0,0.0,0.0,0.0,0.0,32.13033784048029,-13.893477262507986,False,True,False,True,False,0.0,0,0.793267881109227,0.9002834212054439,False,False,False,False,-0.34282825441539394,-0.33827254020266695,False,False,False,False,-15105572,-11461455.50223093,False,False,False,False,832811.9382339504,False,False,False,False
2024-11-01 00:00:00+00:00,5.72,5.925,5.67,5.91,1285284,,,,,,,,,,,,,,,,,,,,,,10.548098417686264,6.243138129823001,7.15489152718185,7.901179376780156,9.098387734995018,9.848071303570007,10.319687459914368,"rgba(239, 83, 80, 1.0)",0.0,0.0,0.6449193817906703,7.0642751558411065,-2.084408057498007,0.0,0.0,0.0,0.0,0.0,0.0,0.0,0.0,32.128812838986505,-14.147923244921216,False,True,False,True,False,0.0,0,0.7795327769483545,0.9004821916526662,False,False,False,False,-0.3059220363820058,-0.3220972882923364,False,False,False,False,-13820288,-11553958.737437561,False,False,False,False,850555.9406561485,False,False,False,False
2024-11-04 00:00:00+00:00,5.98,6.06,5.97,5.97,747197,,,,,,,,,,,,,,,,,,,,,,10.535669556751781,6.234080893095178,7.146537400356794,7.892858704098479,9.088195284402321,9.836811042085834,10.307645174950732,"rgba(239, 83, 80, 0.75)",0.0,0.0,0.6565855439901402,7.054661013108747,-1.636741812160404,0.0,0.0,0.0,0.0,0.0,0.0,0.0,0.0,35.51867047636749,-14.147923244921216,False,True,False,True,True,0.0,0,0.779718126439081,0.9041724033780896,False,False,False,False,-0.2480760250033131,-0.28508665664782473,False,False,False,False,-13073091,-11613532.551655697,False,False,False,False,846502.6488657113,False,False,False,False
2024-11-05 00:00:00+00:00,5.98,6.09,5.95,6.06,965378,,,,,,,,,,,,,,,,,,,,,,10.519723512287106,6.223499910537787,7.135952631401003,7.8822345946780255,9.075139741907696,9.822372647392049,10.292197655545484,"rgba(239, 83, 80, 0.75)",0.0,0.0,0.6578510743597585,7.042628999857738,-1.6153032825733717,0.0,0.0,0.0,0.0,0.0,0.0,0.0,0.0,37.77857556795482,-16.035297389260897,False,True,False,True,True,0.0,0,0.7573481320764324,0.9035392442145086,False,False,False,False,-0.24208990434649574,-0.2635882804971602,False,False,False,False,-13073091,-11670770.137865279,False,False,False,False,851164.4273415658,False,False,False,False
2024-11-06 00:00:00+00:00,5.97,5.985,5.86,5.86,1198536,,,,,,,,,,,,,,,,,,,,,,10.499784342403295,6.207926933841712,7.122303027420821,7.868735392993888,9.058726599589964,9.80427953600007,10.272869616000847,"rgba(239, 83, 80, 0.75)",0.0,0.0,0.6565955876839403,7.0269972808672465,-1.609814778980885,0.0,0.0,0.0,0.0,0.0,0.0,0.0,0.0,39.18751735083741,-14.698371278659202,False,True,False,True,True,0.0,0,0.7619233268356075,0.9041880796266761,False,False,False,False,-0.26497628833481973,-0.26428228441599,False,False,False,False,-14271627,-11772764.52461566,False,False,False,False,864786.8419556221,False,False,False,False
2024-11-07 00:00:00+00:00,6.14,6.22,6.11,6.19,946465,,,,,,,,,,,,,,,,,,,,,,10.484908731511227,6.205807737937989,7.113689578626199,7.859397832150838,9.046784709351186,9.790910589421399,10.25849013025698,"rgba(239, 83, 80, 0.5)",0.0,0.0,0.6597451869562714,6.932877879683291,-1.2017941098459946,0.0,0.0,0.0,0.0,0.0,0.0,0.0,0.0,42.34364156386481,-11.747326949426466,False,False,False,True,True,0.0,0,0.7849810997845021,0.8797687225966501,False,False,False,False,-0.19510947630737935,-0.22969588036168467,False,False,False,False,-13325162,-11833642.856983675,False,False,False,False,867989.9069769703,False,False,False,False
2024-11-08 00:00:00+00:00,5.73,5.8,5.65,5.8,1195654,,,,,,,,,,,,,,,,,,,,,,10.464409120307291,6.182025903388533,7.098234130476302,7.84480406738097,9.029614744457017,9.772179501837481,10.238578439607004,"rgba(239, 83, 80, 0.75)",0.0,0.0,0.6703622256017772,6.903404600955196,-1.7504038207132606,0.0,0.0,0.0,0.0,0.0,0.0,0.0,0.0,40.66455669758942,-11.747326949426466,False,True,False,True,True,0.0,0,0.7734943080652015,0.8984143759165871,False,False,False,False,-0.3196527910561622,-0.2746743357089234,False,False,False,False,-14520816,-11939022.19592549,False,False,False,False,880839.4792523832,False,False,False,False
2024-11-11 00:00:00+00:00,5.56,5.59,5.5,5.52,1677319,,,,,,,,,,,,,,,,,,,,,,10.434885904432024,6.140883118799665,7.074404984761134,7.822984912510455,9.0045526224187,9.745056907306326,10.209856232064128,"rgba(239, 83, 80, 1.0)",0.0,0.0,0.6824086118402733,6.868006441325339,-1.9167496110548727,0.0,0.0,0.0,0.0,0.0,0.0,0.0,0.0,38.34938199603525,-11.747326949426466,False,True,False,True,False,0.0,0,0.7866505630350609,0.8968657122896759,False,False,False,False,-0.34282825441539394,-0.3087512950621587,False,False,False,False,-16198135,-12106046.227457825,False,False,False,False,912073.9702620937,False,False,False,False
2024-11-12 00:00:00+00:00,5.36,5.399,5.3,5.33,1318965,,,,,,,,,,,,,,,,,,,,,,10.410991946644103,6.102516157161906,7.053820129028101,7.804654627890546,8.983987606534338,9.722982358929873,10.186571972907997,"rgba(239, 83, 80, 1.0)",0.0,0.0,0.7000041956118049,6.838960879065313,-2.1127885923207907,0.0,0.0,0.0,0.0,0.0,0.0,0.0,0.0,35.562042478748396,-9.744730230644834,False,True,False,True,False,0.0,0,0.8138032734939613,0.8775994377617719,False,False,False,False,-0.34282825441539394,-0.32578977473877635,False,False,False,False,-17517100,-12318244.414616343,False,False,False,False,928030.4812322076,False,False,False,False
2024-11-13 00:00:00+00:00,5.4,5.45,5.33,5.39,746994,,,,,,,,,,,,,,,,,,,,,,10.397666149156494,6.083482492316069,7.042650141237063,7.794562277506365,8.972571292660293,9.710693092775482,10.173592934996897,"rgba(239, 83, 80, 1.0)",0.0,0.0,0.7117465638634501,6.824605683118326,-2.0015631341939844,0.0,0.0,0.0,0.0,0.0,0.0,0.0,0.0,34.25851676516064,-10.902082997816507,False,True,False,True,False,0.0,0,0.8128364935059587,0.8626220850960409,False,False,False,False,-0.32746699255546935,-0.3266283836471229,False,False,False,False,-16770106,-12492827.22188629,False,False,False,False,920931.0113799642,False,False,False,False
2024-11-14 00:00:00+00:00,5.18,5.285,5.14,5.14,1461808,,,,,,,,,,,,,,,,,,,,,,10.370801376471526,6.039479285538841,7.018730172980195,7.773497693321067,8.949254044337623,9.685785965690398,10.147386005674806,"rgba(239, 83, 80, 1.0)",0.0,0.0,0.7238771236130813,6.792891097412276,-2.2281282897321955,0.0,0.0,0.0,0.0,0.0,0.0,0.0,0.0,32.06307878953415,-12.947486602602488,False,True,False,True,False,0.0,0,0.7901072017477914,0.8868172170741938,False,False,False,False,-0.34282825441539394,-0.33472831903125844,False,False,False,False,-18231914,-12717889.448478986,False,False,False,False,942141.8736787892,False,False,False,False
2024-11-15 00:00:00+00:00,5.24,5.31,5.21,5.23,833031,,,,,,,,,,,,,,,,,,,,,,10.355767799154052,6.01774211876562,7.005754792531914,7.761884233956184,8.936276348901405,9.671877127685118,10.132729569748488,"rgba(239, 83, 80, 1.0)",0.0,0.0,0.7347102634177843,6.7768000329803115,-2.0917089490914433,0.0,0.0,0.0,0.0,0.0,0.0,0.0,0.0,31.47571820703855,-13.520305340358192,False,True,False,True,False,0.0,0,0.7989859977103174,0.8760803653427605,False,False,False,False,-0.32594797475138887,-0.3303381468913237,False,False,False,False,-17398883,-12901457.823048437,False,False,False,False,937863.0158874643,False,False,False,False
2024-11-18 00:00:00+00:00,5.43,5.475,5.29,5.3,812458,,,,,,,,,,,,,,,,,,,,,,10.34160459890395,6.001476888992954,6.994314286984577,7.751309001281901,8.924201526236144,9.658838029661837,10.11894169080792,"rgba(239, 83, 80, 1.0)",0.0,0.0,0.7495915524442329,6.7637795127804115,-1.7793417074022329,0.0,0.0,0.0,0.0,0.0,0.0,0.0,0.0,33.69498609155182,-13.520305340358192,False,True,False,True,False,0.0,0,0.8176359689453774,0.8435931995582819,False,False,False,False,-0.2832052580293972,-0.30677170246036045,False,False,False,False,-16586425,-13045966.339791635,False,False,False,False,932945.1721271715,False,False,False,False
2024-11-19 00:00:00+00:00,5.21,5.2579,5.17,5.21,1067491,,,,,,,,,,,,,,,,,,,,,,10.322423618886972,5.975167810933132,6.977807357923762,7.73647187330918,8.907632097787143,9.641084913502818,10.100239505047353,"rgba(239, 83, 80, 1.0)",0.0,0.0,0.7694774171447502,6.743867816535092,-1.9933889966864986,0.0,0.0,0.0,0.0,0.0,0.0,0.0,0.0,33.58292623847588,-13.520305340358192,False,True,False,True,False,0.0,0,0.8153251900816708,0.834436445188735,False,False,False,False,-0.34231021317134636,-0.3245409578158534,False,False,False,False,-17653916,-13226670.248035101,False,False,False,False,938221.4791025766,False,False,False,False
2024-11-20 00:00:00+00:00,5.42,5.475,5.3,5.31,960630,,,,,,,,,,,,,,,,,,,,,,10.305907828937295,5.958359841298348,6.964747606748523,7.724239051444215,8.893590351451202,9.625894591709537,10.084165792177888,"rgba(239, 83, 80, 0.75)",0.0,0.0,0.782501486629155,6.729559303335248,-1.6735550356288043,0.0,0.0,0.0,0.0,0.0,0.0,0.0,0.0,36.08933827790901,-13.520305340358192,False,True,False,True,True,0.0,0,0.8395115165930551,0.799101533444556,False,False,False,False,-0.28148284304513715,-0.3030119004304953,False,False,False,False,-16693286,-13362615.96379843,False,False,False,False,939100.2446279658,False,False,False,False
2024-11-21 00:00:00+00:00,5.47,5.495,5.41,5.44,482296,,,,,,,,,,,,,,,,,,,,,,10.297758447754582,5.951150306929869,6.958519942167374,7.71830274261642,8.886703099812388,9.618416704346576,10.07623995931765,"rgba(239, 83, 80, 0.75)",0.0,0.0,0.7937066197269995,6.722990590654883,-1.5786571001333678,0.0,0.0,0.0,0.0,0.0,0.0,0.0,0.0,38.340093537952626,-16.688484513428236,False,True,False,True,True,0.0,0,0.8436344114203099,0.7991807609876519,False,False,False,False,-0.25923492069774196,-0.2811234105641186,False,False,False,False,-16210990,-13474316.90639457,False,False,False,False,921186.3526817712,False,False,False,False
2024-11-22 00:00:00+00:00,5.51,5.53,5.41,5.43,594807,,,,,,,,,,,,,,,,,,,,,,10.287797343269318,5.942976998680523,6.95103684240663,7.711104811250286,8.878308775125403,9.609286434255523,10.066555211785467,"rgba(239, 83, 80, 0.5)",0.0,0.0,0.8033974704315154,6.71523527968918,-1.500173107393321,0.0,0.0,0.0,0.0,0.0,0.0,0.0,0.0,40.32322133995307,-14.76849633349098,False,False,False,True,True,0.0,0,0.8341405247536301,0.8146296784339477,False,False,False,False,-0.25328858477596566,-0.26720599767004216,False,False,False,False,-15616183,-13558311.655163411,False,False,False,False,908387.1623805253,False,False,False,False
2024-11-25 00:00:00+00:00,5.25,5.39,5.24,5.36,1204232,,,,,,,,,,,,,,,,,,,,,,10.266963440375076,5.920783032928287,6.9341853610447695,7.695442245569305,8.860495916401856,9.590078835337307,10.046264545462552,"rgba(239, 83, 80, 0.5)",0.0,0.0,0.8179987004110316,6.69642082911476,-1.7682434316679914,0.0,0.0,0.0,0.0,0.0,0.0,0.0,0.0,39.38147948730128,-14.76849633349098,False,False,False,True,True,0.0,0,0.8094734170463004,0.8313437522853295,False,False,False,False,-0.30662343500374595,-0.286914716336894,False,False,False,False,-16820415,-13686237.276529552,False,False,False,False,919988.9207185439,False,False,False,False
2024-11-26 00:00:00+00:00,5.16,5.21,5.11,5.17,797214,,,,,,,,,,,,,,,,,,,,,,10.252899351749072,5.903957357766192,6.922325432036202,7.684615258669722,8.848363538984852,9.577065310786063,10.032552382800763,"rgba(239, 83, 80, 0.75)",0.0,0.0,0.8353150778476003,6.682770930762669,-1.8229898766899695,0.0,0.0,0.0,0.0,0.0,0.0,0.0,0.0,38.0640987185095,-14.76849633349098,False,True,False,True,True,0.0,0,0.7912638632261716,0.849927763320915,False,False,False,False,-0.34282825441539394,-0.31487148537614396,False,False,False,False,-17617629,-13840409.500979373,False,False,False,False,915174.2179452678,False,False,False,False
2024-11-27 00:00:00+00:00,5.14,5.18,5.05,5.06,858509,,,,,,,,,,,,,,,,,,,,,,10.237731874620337,5.885797965071328,6.909467617999626,7.672890912062782,8.835257994429789,9.563020825807481,10.017761269824112,"rgba(239, 83, 80, 1.0)",0.0,0.0,0.8512301009039498,6.668002236296272,-1.795051930933405,0.0,0.0,0.0,0.0,0.0,0.0,0.0,0.0,37.028705413755745,-14.76849633349098,False,True,False,True,False,0.0,0,0.7943808694974478,0.8531959941288786,False,False,False,False,-0.34282825441539394,-0.3288498698957689,False,False,False,False,-18476138,-14022202.775450772,False,False,False,False,912952.0525356495,False,False,False,False
2024-11-29 00:00:00+00:00,5.01,5.02,4.9,4.97,1056342,,,,,,,,,,,,,,,,,,,,,,10.218660196825917,5.860499779668513,6.892618307914918,7.657789841873219,8.818626251646704,9.545294154836823,9.999141858801632,"rgba(239, 83, 80, 1.0)",0.0,0.0,0.8676986233140892,6.532699680976917,-1.7548716110221725,0.0,0.0,0.0,0.0,0.0,0.0,0.0,0.0,35.32615220362063,-14.76849633349098,False,True,False,True,False,0.0,0,0.7695677178599075,0.8706829080562655,False,False,False,False,-0.34282825441539394,-0.33583906215558146,False,False,False,False,-19532480,-14238292.07837427,False,False,False,False,918575.1877303299,False,False,False,False
2024-12-02 00:00:00+00:00,5.25,5.26,4.97,5.01,1631274,,,,,,,,,,,,,,,,,,,,,,10.19049915850184,5.831638173243041,6.869603217503102,7.636371302762761,8.79443445165903,9.519274818730302,9.971696954216682,"rgba(239, 83, 80, 1.0)",0.0,0.0,0.8746602944177221,6.513984222633946,-1.445114441230471,0.0,0.0,0.0,0.0,0.0,0.0,0.0,0.0,37.59419381882109,-14.76849633349098,False,True,False,True,False,0.0,0,0.7878730993054253,0.8401910408144554,False,False,False,False,-0.2942096253920773,-0.3150243437738294,False,False,False,False,-17901206,-14381935.761575278,False,False,False,False,946524.160760513,False,False,False,False
2024-12-03 00:00:00+00:00,5.04,5.1,4.99,5.06,1156238,,,,,,,,,,,,,,,,,,,,,,10.170269368283277,5.809270242009223,6.852568880988489,7.62070626170949,8.776936042624657,9.500530070602123,9.951964817109175,"rgba(239, 83, 80, 1.0)",0.0,0.0,0.8824556850269041,6.495026042517148,-1.6488375192152427,0.0,0.0,0.0,0.0,0.0,0.0,0.0,0.0,37.334890996057595,-14.76849633349098,False,True,False,True,False,0.0,0,0.7698751202456307,0.859860580956606,False,False,False,False,-0.3159866814990138,-0.31550551263642157,False,False,False,False,-19057444,-14565289.025827229,False,False,False,False,954748.2328875518,False,False,False,False
2024-12-04 00:00:00+00:00,5.04,5.14,5.04,5.11,763613,,,,,,,,,,,,,,,,,,,,,,10.15707366160532,5.7957328456435295,6.841675750542121,7.610583197905152,8.765560965871666,9.488319088617606,9.939098666935948,"rgba(239, 83, 80, 1.0)",0.0,0.0,0.8896912512342638,6.483553599454733,-1.622533207393125,0.0,0.0,0.0,0.0,0.0,0.0,0.0,0.0,37.16202244754861,-14.76849633349098,False,True,False,True,False,0.0,0,0.7675889187251459,0.8757297636701267,False,False,False,False,-0.3019550643749695,-0.3087302885056955,False,False,False,False,-19057444,-14741451.965990867,False,False,False,False,947252.7335586281,False,False,False,False
2024-12-05 00:00:00+00:00,5.04,5.11,5.01,5.06,1272977,,,,,,,,,,,,,,,,,,,,,,10.135141120707344,5.7736445610807605,6.823607873574205,7.593753657072102,8.746650865508478,9.46802035556625,9.917712876879389,"rgba(239, 83, 80, 1.0)",0.0,0.0,0.9003341321697285,6.464420624772018,-1.5821022150290864,0.0,0.0,0.0,0.0,0.0,0.0,0.0,0.0,37.04677674854261,-14.76849633349098,False,True,False,True,False,0.0,0,0.7731388081362695,0.8705691524494624,False,False,False,False,-0.31129632895880044,-0.31001330873224797,False,False,False,False,-19057444,-14910706.555559853,False,False,False,False,960026.2342033878,False,False,False,False
2024-12-06 00:00:00+00:00,4.97,5.09,4.91,5.08,981289,,,,,,,,,,,,,,,,,,,,,,10.118153296793908,5.75607456250905,6.809437867062034,7.580611165432671,8.731957055931913,9.45227655573957,9.901141769176961,"rgba(239, 83, 80, 1.0)",0.0,0.0,0.9049242066715252,6.448950614115235,-1.634336448524328,0.0,0.0,0.0,0.0,0.0,0.0,0.0,0.0,36.31958556254775,-14.76849633349098,False,True,False,True,False,0.0,0,0.7749231596212424,0.8520346045879101,False,False,False,False,-0.33013979417447814,-0.32007655145336306,False,False,False,False,-20038733,-15111805.631812409,False,False,False,False,960860.0681561962,False,False,False,False
2024-12-09 00:00:00+00:00,5.36,5.535,5.2,5.2,1593157,,,,,,,,,,,,,,,,,,,,,,10.09281005743643,5.742339015485627,6.7915396782190225,7.5626022091002625,8.71071074128253,9.429078731469396,9.876510332309369,"rgba(239, 83, 80, 0.5)",0.0,0.0,0.894348159628509,6.347295741298614,-1.103927738509255,0.0,0.0,0.0,0.0,0.0,0.0,0.0,0.0,41.15760829147875,-13.09276981060124,False,False,False,True,True,0.0,0,0.7830572553126346,0.8229225369299648,False,False,False,False,-0.2177107177628734,-0.2688936346081182,False,False,False,False,-18445576,-15242541.72468251,False,False,False,False,985656.0262677178,False,False,False,False
2024-12-10 00:00:00+00:00,5.27,5.405,5.205,5.26,1198551,,,,,,,,,,,,,,,,,,,,,,10.073635137323242,5.730780295592603,6.777702419401371,7.548810080544613,8.6945641785888,9.41149485802956,9.857863838379028,"rgba(239, 83, 80, 0.5)",0.0,0.0,0.871795971667963,6.334538692554363,-1.2210869597362741,0.0,0.0,0.0,0.0,0.0,0.0,0.0,0.0,43.39022800189723,-11.01525709694939,True,False,False,True,True,0.0,0,0.7846477076611392,0.8318054016834465,False,False,False,False,-0.23638152611370683,-0.25263758036091255,False,False,False,False,-19644127,-15415152.911949862,False,False,False,False,994004.8487670231,False,False,False,False
2024-12-11 00:00:00+00:00,5.02,5.09,4.97,5.07,1077431,,,,,,,,,,,,,,,,,,,,,,10.055573951924464,5.714854618136466,6.763284070527785,7.535104996075851,8.679051150576717,9.394799737349318,9.84025896901345,"rgba(239, 83, 80, 0.5)",0.0,0.0,0.8534199773018736,6.315728945474172,-1.5182781982332765,0.0,0.0,0.0,0.0,0.0,0.0,0.0,0.0,42.45660007146965,-11.01525709694939,True,False,False,True,True,0.0,0,0.7710184402629194,0.8502095384898339,False,False,False,False,-0.320690530939249,-0.2866640556500808,False,False,False,False,-20721558,-15623247.2291283,False,False,False,False,997276.4625408653,False,False,False,False
2024-12-12 00:00:00+00:00,5.17,5.25,5.14,5.18,868838,,,,,,,,,,,,,,,,,,,,,,10.041563729651951,5.705393483864014,6.752884342607741,7.524859297698826,8.66718056625691,9.381918891051749,9.826624400168027,"rgba(239, 83, 80, 0.5)",0.0,0.0,0.8355699786310318,6.305894572815603,-1.3594248260051334,0.0,0.0,0.0,0.0,0.0,0.0,0.0,0.0,43.63795603799004,-10.848835694746889,True,False,False,True,True,0.0,1,0.7653113606149554,0.854483391029269,False,False,False,False,-0.269648246442595,-0.2781561510463379,False,False,False,False,-19852720,-15789108.906417385,False,False,False,False,992239.6600882823,False,False,False,False
2024-12-13 00:00:00+00:00,5.04,5.06,4.97,5.04,648198,,,,,,,,,,,,,,,,,,,,,,10.030813897764176,5.696398902189171,6.7444146833419,7.5167436155019915,8.657963786966024,9.371988216363688,9.816147987652968,"rgba(239, 83, 80, 0.5)",0.0,0.0,0.8228986998838588,6.296222387914447,-1.5265820545004465,0.0,0.0,0.0,0.0,0.0,0.0,0.0,0.0,43.20044770925668,-10.848835694746889,True,False,False,True,True,0.0,1,0.7479609603090568,0.8873555172581835,False,False,False,False,-0.32540814468862295,-0.3017821478674804,False,False,False,False,-20500918,-15973885.733616702,False,False,False,False,978747.8302808987,False,False,False,False
2024-12-16 00:00:00+00:00,4.89,5.075,4.88,5.07,759063,,,,,,,,,,,,,,,,,,,,,,10.018096189541634,5.6850222994226645,6.734173613822687,7.507022687753396,8.647008208346259,9.360216837111444,9.80374660742264,"rgba(239, 83, 80, 0.5)",0.0,0.0,0.8074634959535776,6.284146035709817,-1.7265746906160686,0.0,0.0,0.0,0.0,0.0,0.0,0.0,0.0,41.60981882570811,-10.848835694746889,True,False,False,True,True,0.0,0,0.7256605648604558,0.8930784147322778,False,False,False,False,-0.3370911765044257,-0.31943666218595307,False,False,False,False,-21259981,-16181183.587200362,False,False,False,False,970132.7388973341,False,False,False,False
2024-12-17 00:00:00+00:00,4.91,4.92,4.835,4.89,871537,,,,,,,,,,,,,,,,,,,,,,10.003400415331354,5.671349678815475,6.722167914134532,7.495692108400924,8.634306056825057,9.346595500521264,9.78941035879484,"rgba(239, 83, 80, 0.5)",0.0,0.0,0.802386642663374,6.269892278277359,-1.6948092178646543,0.0,0.0,0.0,0.0,0.0,0.0,0.0,0.0,40.82285008792026,-10.848835694746889,False,False,False,True,False,0.0,0,0.7280651091839749,0.9011723003804794,False,False,False,False,-0.34282825441539394,-0.3311324583006735,False,False,False,False,-20388444,-16346174.191623878,False,False,False,False,966266.2393327327,False,False,False,False
2024-12-18 00:00:00+00:00,4.78,4.915,4.73,4.85,1147287,,,,,,,,,,,,,,,,,,,,,,9.983882301456909,5.652283399305724,6.705920608162284,7.4804721525194005,8.617361005087693,9.32847095420542,9.770359228121613,"rgba(239, 83, 80, 0.5)",0.0,0.0,0.8101492911026655,6.250391745319709,-1.8149639350031526,0.0,0.0,0.0,0.0,0.0,0.0,0.0,0.0,39.16027704643385,-10.848835694746889,False,False,False,True,False,0.0,0,0.7359688935012184,0.8948151381397563,False,False,False,False,-0.34282825441539394,-0.3369803563580337,False,False,False,False,-21535731,-16549686.223324902,False,False,False,False,973365.0926922334,False,False,False,False
2024-12-19 00:00:00+00:00,4.62,4.68,4.6,4.63,1116477,,,,,,,,,,,,,,,,,,,,,,9.964391136931011,5.63083773695586,6.688938392654097,7.464866315185512,8.600263478379219,9.310294088540052,9.751310169315747,"rgba(239, 83, 80, 1.0)",0.0,0.0,0.8203276207745803,6.228896411862637,-1.9612851879148774,0.0,0.0,0.0,0.0,0.0,0.0,0.0,0.0,36.79349490389478,-8.91081042162422,False,True,False,True,False,0.0,1,0.7365749326546913,0.8947924140078239,False,False,False,False,-0.34282825441539394,-0.3399043053867138,False,False,False,False,-22652208,-16789000.802802358,False,False,False,False,978977.3243513615,False,False,False,False
2024-12-20 00:00:00+00:00,4.67,4.7,4.575,4.6,884841,,,,,,,,,,,,,,,,,,,,,,9.949087573398582,5.6147182154267234,6.675772665663624,7.452684101185539,8.586867912502512,9.296033932702889,9.736357236994845,"rgba(239, 83, 80, 1.0)",0.0,0.0,0.8235545240324609,6.212992740699793,-1.8735769104207787,0.0,0.0,0.0,0.0,0.0,0.0,0.0,0.0,36.00710035551576,-9.715013972590185,False,True,False,True,False,0.0,0,0.7251734331253824,0.9167153214201975,False,False,False,False,-0.34282825441539394,-0.34136627990105384,False,False,False,False,-21767367,-16984230.849751286,False,False,False,False,975285.703788563,False,False,False,False
2024-12-23 00:00:00+00:00,4.7,4.7,4.53,4.61,856960,,,,,,,,,,,,,,,,,,,,,,9.93433607366239,5.599524717177743,6.663151673112574,7.440964921339721,8.57396435695018,9.28229125363735,9.721944612998053,"rgba(239, 83, 80, 1.0)",0.0,0.0,0.826844364801432,6.19812867660122,-1.811862957983632,0.0,0.0,0.0,0.0,0.0,0.0,0.0,0.0,35.975579914684765,-9.875105230478809,False,True,False,True,False,0.0,0,0.714756801319044,0.9160163048456533,False,False,False,False,-0.34282825441539394,-0.34209726715822386,False,False,False,False,-20910407,-17138198.5419179,False,False,False,False,970645.4801105802,False,False,False,False
2024-12-24 00:00:00+00:00,4.62,4.69,4.56,4.69,515922,,,,,,,,,,,,,,,,,,,,,,9.925461188572351,5.590418154036303,6.65555417994704,7.433906466528859,8.56619725460585,9.27402122545922,9.7132729285291,"rgba(239, 83, 80, 1.0)",0.0,0.0,0.8335850502716065,6.189265128155094,-1.8825495102674665,0.0,0.0,0.0,0.0,0.0,0.0,0.0,0.0,35.21199333528392,-10.779603630520612,False,True,False,True,False,0.0,0,0.7279174725983238,0.906438242608455,False,False,False,False,-0.3391386826248036,-0.34061797489151374,False,False,False,False,-21426329,-17306360.52066622,False,False,False,False,952813.1867729104,False,False,False,False
2024-12-26 00:00:00+00:00,4.64,4.72,4.59,4.62,950493,,,,,,,,,,,,,,,,,,,,,,9.90927008084886,5.574528849961679,6.641886078376024,7.421117212830536,8.552063687455293,9.258948737193423,9.697457204243229,"rgba(239, 83, 80, 1.0)",0.0,0.0,0.8417297719632413,6.173821044796966,-1.8222250131648536,0.0,0.0,0.0,0.0,0.0,0.0,0.0,0.0,35.07369540286013,-11.115576694970734,False,True,False,True,False,0.0,0,0.7433804688241439,0.9007497390148999,False,False,False,False,-0.32812268483402074,-0.33437032986276727,False,False,False,False,-20475836,-17430653.676718526,False,False,False,False,952722.1990563257,False,False,False,False
2024-12-27 00:00:00+00:00,4.5,4.54,4.38,4.5,1205840,,,,,,,,,,,,,,,,,,,,,,9.88818653848827,5.55142000117917,6.62329751669386,7.404036610719302,8.53347412852946,9.239240332921666,9.676836933180114,"rgba(239, 83, 80, 1.0)",0.0,0.0,0.853956093139039,6.151651270874799,-1.9341173207202371,0.0,0.0,0.0,0.0,0.0,0.0,0.0,0.0,33.65482919065268,-12.659332006239445,False,True,False,True,False,0.0,0,0.7252757612897145,0.9240313000848491,False,False,False,False,-0.34282825441539394,-0.3385992921390806,False,False,False,False,-21681676,-17597360.43449427,False,False,False,False,962648.3873286267,False,False,False,False
2024-12-30 00:00:00+00:00,4.46,4.53,4.38,4.4,1472002,,,,,,,,,,,,,,,,,,,,,,9.862591375884701,5.5240759065721425,6.60086083526628,7.3833352072555245,8.510917539691793,9.215317301866577,9.651804865589416,"rgba(239, 83, 80, 1.0)",0.0,0.0,0.8654614350135875,6.125544162505892,-1.924457977124935,0.0,0.0,0.0,0.0,0.0,0.0,0.0,0.0,32.35246903858842,-14.042275097843884,False,True,False,True,False,0.0,0,0.7300030992026602,0.9215056490012112,False,False,False,False,-0.34282825441539394,-0.3407137732772373,False,False,False,False,-23153678,-17815255.24098469,False,False,False,False,982623.0388059354,False,False,False,False
2024-12-31 00:00:00+00:00,4.56,4.61,4.47,4.48,677176,,,,,,,,,,,,,,,,,,,,,,9.851092165178377,5.512972530644169,6.591121163847253,7.374199001389129,8.500852778236982,9.204598633491438,9.640567727514771,"rgba(239, 83, 80, 1.0)",0.0,0.0,0.8702477021304603,6.1148662791027935,-1.786693920933446,0.0,0.0,0.0,0.0,0.0,0.0,0.0,0.0,33.52416508646916,-14.042275097843884,False,True,False,True,False,0.0,0,0.731137560385332,0.9294945121432416,False,False,False,False,-0.3125266110031925,-0.32662019214021487,False,False,False,False,-22476502,-17998049.23153431,False,False,False,False,970644.7235586438,False,False,False,False
2025-01-02 00:00:00+00:00,4.77,4.82,4.65,4.68,905787,,,,,,,,,,,,,,,,,,,,,,9.836365452381948,5.501502732581379,6.579497322347856,7.3629279888972565,8.488146735340198,9.190950421370694,9.626201222210625,"rgba(239, 83, 80, 0.5)",0.0,0.0,0.8662047694990986,6.103508593877917,-1.5394842430261004,0.0,0.0,0.0,0.0,0.0,0.0,0.0,0.0,37.88642878656081,-15.884761333191811,False,False,False,True,True,0.0,0,0.754135921966913,0.901261584789907,False,False,False,False,-0.23031305380815273,-0.2784666229741838,False,False,False,False,-21570715,-18138153.77147414,False,False,False,False,968101.2834190892,False,False,False,False
2025-01-03 00:00:00+00:00,4.69,4.735,4.64,4.69,665875,,,,,,,,,,,,,,,,,,,,,,9.825469964277428,5.4926526212757105,6.570776244275214,7.354520387692399,8.478716029347547,9.180839339656673,9.615567977135719,"rgba(239, 83, 80, 0.5)",0.0,0.0,0.8614649580070908,6.094770544616614,-1.6306763630483627,0.0,0.0,0.0,0.0,0.0,0.0,0.0,0.0,39.77547419061513,-14.204213938476968,True,False,False,True,True,0.0,0,0.7604835878116136,0.8922176145152257,False,False,False,False,-0.24505337919965955,-0.26176000108692166,False,False,False,False,-22236590,-18298876.760828096,False,False,False,False,956249.272304615,False,False,False,False
2025-01-06 00:00:00+00:00,4.66,4.725,4.595,4.61,874787,,,,,,,,,,,,,,,,,,,,,,9.811147457515968,5.480915122169319,6.559269902190416,7.343438458226691,8.46630536092041,9.167541473819744,9.60158812709566,"rgba(239, 83, 80, 0.5)",0.0,0.0,0.8580649086098748,6.08316995892007,-1.6585807724332942,0.0,0.0,0.0,0.0,0.0,0.0,0.0,0.0,40.65237018048444,-13.434636006218838,True,False,False,True,True,0.0,0,0.7756113713612329,0.8835399643549312,False,False,False,False,-0.2563487085306852,-0.25905435480880346,False,False,False,False,-23111377,-18487602.260403465,False,False,False,False,953054.6733907086,False,False,False,False
2025-01-07 00:00:00+00:00,4.47,4.51,4.38,4.43,2274635,,,,,,,,,,,,,,,,,,,,,,9.772795606868897,5.444581918286361,6.5268034652687765,7.3128584763204065,8.432677541067882,9.131758865752948,9.564099076084217,"rgba(239, 83, 80, 0.5)",0.0,0.0,0.8540172794000129,6.048032622707637,-1.8477759885798548,0.0,0.0,0.0,0.0,0.0,0.0,0.0,0.0,39.04494954760866,-13.434636006218838,True,False,False,True,True,0.0,0,0.7518084066471166,0.9146725317693055,False,False,False,False,-0.34282825441539394,-0.30094130461209867,False,False,False,False,-25386012,-18758128.132544506,False,False,False,False,1004881.3528655829,False,False,False,False
2025-01-08 00:00:00+00:00,4.42,4.495,4.285,4.37,1541697,,,,,,,,,,,,,,,,,,,,,,9.746854746340967,5.420134552835643,6.504810206010142,7.292117612303288,8.409902785033916,9.107540512244402,9.538736807397463,"rgba(239, 83, 80, 0.5)",0.0,0.0,0.8565666222651134,5.906509857751903,-1.7354281839992336,0.0,0.0,0.0,0.0,0.0,0.0,0.0,0.0,37.46023586658965,-13.434636006218838,False,False,False,True,False,0.0,0,0.75077519379845,0.9025387596899223,False,False,False,False,-0.34282825441539394,-0.3218847795137463,False,False,False,False,-26927709,-19078503.852836877,False,False,False,False,1025932.9468708541,False,False,False,False
2025-01-10 00:00:00+00:00,5.07,5.1493,4.93,5.015,2453897,,,,,,,,,,,,,,,,,,,,,,9.711033120683187,5.406833194203049,6.48124857232668,7.266988685301207,8.379967188026676,9.07475035968944,9.503917847867683,"rgba(239, 83, 80, 0.5)",0.0,0.0,0.8439109299315569,5.910903661766755,-0.9964365099939567,0.0,0.0,0.0,0.0,0.0,0.0,0.0,0.0,44.739038244273225,-10.06970564448639,True,False,False,True,True,0.0,0,0.7837972856706729,0.8706576744099985,False,False,False,False,-0.08867168367311037,-0.20527823159342834,False,False,False,False,-24473812,-19290084.564490333,False,False,False,False,1081931.5371896443,False,False,False,False
2025-01-13 00:00:00+00:00,5.26,5.3,5.12,5.15,1897430,,,,,,,,,,,,,,,,,,,,,,9.684744146960071,5.4019651962531645,6.465734213701278,7.249460721711128,8.35839350171349,9.050855506771107,9.478417487955412,"rgba(38, 166, 154, 1.0)",0.0,0.0,0.8245167189451696,5.909785702363057,-0.7880806870652042,0.0,0.0,0.0,0.0,0.0,0.0,0.0,0.0,51.07076330828896,-4.510489677192659,True,False,True,False,True,0.0,0,0.7924809827631981,0.8641652096701846,False,False,False,False,-0.025103880926884155,-0.11519105626015624,False,False,False,False,-22576382,-19418958.973726008,False,False,False,False,1113911.8690645602,False,False,False,False
2025-01-14 00:00:00+00:00,5.06,5.165,5.01,5.15,1235804,,,,,,,,,,,,,,,,,,,,,,9.667222941545198,5.39636845542821,6.454649186764034,7.237380394756663,8.34384247177532,9.034854137785759,9.461398125807158,"rgba(38, 166, 154, 1.0)",0.0,0.0,0.8099254108690873,5.90375643558055,-1.041770543629642,0.0,0.0,0.0,0.0,0.0,0.0,0.0,0.0,52.91065793142958,-3.2053494513295533,True,False,True,False,True,0.0,0,0.7887576181208487,0.8666977330665276,False,False,False,False,-0.07076579270971424,-0.09297842448493523,False,False,False,False,-23812186,-19591242.386521064,False,False,False,False,1118691.9526306558,False,False,False,False
2025-01-15 00:00:00+00:00,5.12,5.19,5.07,5.16,830931,,,,,,,,,,,,,,,,,,,,,,9.655640064424645,5.393268450819949,6.447553153390245,7.22951326451541,8.334274748889579,9.024297954359016,9.450153841010492,"rgba(38, 166, 154, 1.0)",0.0,0.0,0.8011968974407963,5.900228604376048,-0.9738287889884176,0.0,0.0,0.0,0.0,0.0,0.0,0.0,0.0,54.65338374611329,-1.8093189142355612,True,False,True,False,True,0.0,0,0.7977923282488316,0.8660244460158131,False,False,False,False,-0.05490017642216184,-0.07393930045354855,False,False,False,False,-22981255,-19724184.057637885,False,False,False,False,1107407.2093902382,False,False,False,False
2025-01-16 00:00:00+00:00,4.98,5.04,4.935,5.01,790929,,,,,,,,,,,,,,,,,,,,,,9.644326406068613,5.388849988806911,6.440151918883073,7.221578324378138,8.324820447315897,9.013939503168633,9.439155995869495,"rgba(38, 166, 154, 1.0)",0.0,0.0,0.7920022067493154,5.894897092887995,-1.1551698784313844,0.0,0.0,0.0,0.0,0.0,0.0,0.0,0.0,54.18978329217019,-1.8093189142355612,True,False,True,False,True,0.0,0,0.7729150684425058,0.8873402160953107,False,False,False,False,-0.10825187445370987,-0.09109558745362921,False,False,False,False,-23772184,-19882929.15341679,False,False,False,False,1094996.299218072,False,False,False,False
2025-01-17 00:00:00+00:00,5.4,5.55,5.39,5.5,2374799,,,,,,,,,,,,,,,,,,,,,,9.614017096808881,5.39066960543972,6.425282496415542,7.202935919561326,8.300631517521575,8.986682164173034,9.409846770496687,"rgba(38, 166, 154, 1.0)",0.0,0.0,0.7796348648712504,5.83587148075583,-0.5590713042672991,0.0,0.0,0.0,0.0,0.0,0.0,0.0,0.0,57.257952367077905,0.552631031736091,True,False,True,False,True,0.0,0,0.7771895052175256,0.8964730797426078,False,False,False,False,0.07170005759653557,-0.00969776492854682,False,False,False,True,-21397385,-19942319.578772996,False,False,False,False,1145184.6404252064,False,False,False,True
2025-01-21 00:00:00+00:00,5.2,5.31,5.185,5.25,1441443,,,,,,,,,,,,,,,,,,,,,,9.594894480450348,5.3876891369799305,6.414536657987198,7.190448237931519,8.285055537063128,8.969347320188778,9.391311988007345,"rgba(38, 166, 154, 1.0)",0.0,0.0,0.7667554903502635,5.827284291629118,-0.8181021192852058,0.0,0.0,0.0,0.0,0.0,0.0,0.0,0.0,57.14858293240873,0.552631031736091,True,False,True,False,True,0.0,0,0.7683539638449163,0.9133518513524445,False,False,False,False,-0.011155410255768515,-0.010426587592157668,False,False,False,False,-22838828,-20055908.14431131,False,False,False,False,1156802.6153104925,False,False,False,False
2025-01-22 00:00:00+00:00,4.96,5.08,4.95,5.06,995783,,,,,,,,,,,,,,,,,,,,,,9.58107503104485,5.382690396204484,6.4057729735807065,7.180889511128431,8.27356622980383,8.956718107847989,9.377885497254924,"rgba(38, 166, 154, 1.0)",0.0,0.0,0.7506396791591952,5.8171112760028345,-1.1418411520197016,0.0,0.0,0.0,0.0,0.0,0.0,0.0,0.0,54.82438800286867,0.552631031736091,True,False,True,False,True,0.0,0,0.7660387757460466,0.9147591405687462,False,False,False,False,-0.09791738932084072,-0.0541719884564992,False,False,False,False,-23834611,-20204092.57002459,False,False,False,False,1150488.120592434,False,False,False,False
2025-01-23 00:00:00+00:00,4.74,4.82,4.71,4.78,1443734,,,,,,,,,,,,,,,,,,,,,,9.56014458271387,5.371298489504014,6.3911260328779855,7.165671189538637,8.255840721567274,8.937448512580447,9.357505777398735,#000000,0.0,0.0,0.7275422776485626,5.797526585533631,-1.4535603194794215,0.0,0.0,0.0,0.0,0.0,0.0,0.0,0.0,51.487950978155645,0.552631031736091,True,False,False,False,False,0.0,0,0.745593059123679,0.9365382734925725,False,False,False,False,-0.14562755682565878,-0.099899772641079,False,False,False,False,-25278345,-20403082.861396175,False,False,False,False,1161987.9590005737,False,False,False,False
2025-01-24 00:00:00+00:00,4.77,4.855,4.74,4.82,820981,,,,,,,,,,,,,,,,,,,,,,9.548401191329694,5.365327817589536,6.383071625065103,7.157214829301291,8.245931053312693,8.926651892380022,9.346076009813737,#000000,0.0,0.0,0.6999475656039442,5.78828909531244,-1.4548076818208777,0.0,0.0,0.0,0.0,0.0,0.0,0.0,0.0,49.55381383954021,6.2218888349737895,True,False,False,False,False,0.0,0,0.7561314291494629,0.9237744038696741,False,False,False,False,-0.09745018985326179,-0.09867498124717039,False,False,False,False,-24457364,-20562074.278596327,False,False,False,False,1148615.1370789825,False,False,False,False
2025-01-27 00:00:00+00:00,4.62,4.7,4.6,4.61,1075571,,,,,,,,,,,,,,,,,,,,,,9.532626592336795,5.355724256057128,6.371671027173523,7.145538679485365,8.232480439282831,8.912087965244034,9.330703534177895,"rgba(239, 83, 80, 0.5)",0.0,0.0,0.6746033068566413,5.774161592413737,-1.710874495696781,0.0,0.0,0.0,0.0,0.0,0.0,0.0,0.0,47.04871149887149,3.754999903304821,True,False,False,True,False,0.0,0,0.7584772014832215,0.9247385406360096,False,False,False,False,-0.17281107960444952,-0.13574303042580996,False,False,False,False,-25532935,-20757009.993161175,False,False,False,False,1145750.6611151008,False,False,False,False
2025-01-28 00:00:00+00:00,4.59,4.655,4.53,4.62,1168816,,,,,,,,,,,,,,,,,,,,,,9.515430784705414,5.344886809247107,6.359108856877258,7.13273007123991,8.217781927643587,8.896195438190299,9.313940866279939,"rgba(239, 83, 80, 0.5)",0.0,0.0,0.655124690696859,5.759059628239271,-1.7844841521630597,0.0,0.0,0.0,0.0,0.0,0.0,0.0,0.0,45.13679189393834,1.8426582326872207,True,False,False,True,False,0.0,0,0.763757924208516,0.9251917260494601,False,False,False,False,-0.20925156319056235,-0.17249729680818615,False,False,False,False,-26701751,-20990137.09146858,False,False,False,False,1146655.1842086264,False,False,False,False
2025-01-29 00:00:00+00:00,4.55,4.58,4.45,4.48,1466395,,,,,,,,,,,,,,,,,,,,,,9.493742914952643,5.330580901281891,6.34302647696063,7.116434541753797,8.199180632898395,8.876122699580755,9.292790242747019,"rgba(239, 83, 80, 0.5)",0.0,0.0,0.642969826818097,5.740035035665863,-1.8508411841890937,0.0,0.0,0.0,0.0,0.0,0.0,0.0,0.0,43.5221918936519,0.1760410662896561,True,False,False,True,False,0.0,0,0.7529838400643035,0.9361733945211367,False,False,False,False,-0.2592684031649996,-0.21588284998659288,False,False,False,False,-28168146,-21271627.636901185,False,False,False,False,1159194.0005141706,False,False,False,False
2025-01-30 00:00:00+00:00,4.82,4.88,4.6,4.62,2257691,,,,,,,,,,,,,,,,,,,,,,9.462313745435221,5.315798817398582,6.322010003749946,7.09402871480479,8.172753212289159,8.847261852791283,9.262210722988273,"rgba(239, 83, 80, 0.5)",0.0,0.0,0.615267231181754,5.721418594000449,-1.4650846791711607,0.0,0.0,0.0,0.0,0.0,0.0,0.0,0.0,45.52896600776822,0.1760410662896561,True,False,False,True,False,0.0,0,0.7838392467476999,0.9031599082577324,False,False,False,False,-0.11663718831374827,-0.16626001915017058,False,False,False,False,-25910455,-21453542.435454078,False,False,False,False,1202272.3142194974,False,False,False,False
2025-01-31 00:00:00+00:00,4.7,4.77,4.675,4.69,1190801,,,,,,,,,,,,,,,,,,,,,,9.445723890522778,5.307605440589406,6.310788411589661,7.082123653137018,8.158768578056623,8.832011443685897,9.246064194709067,"rgba(239, 83, 80, 0.5)",0.0,0.0,0.5896958446432247,5.71122495307223,-1.7148246206212232,0.0,0.0,0.0,0.0,0.0,0.0,0.0,0.0,45.70414901660428,0.1760410662896561,True,False,False,True,False,0.0,0,0.7827489962259956,0.9139582541286868,False,False,False,False,-0.12749187112777224,-0.1468759451389714,False,False,False,False,-27101256,-21675021.398769606,False,False,False,False,1201822.4587599093,False,False,False,False
2025-02-03 00:00:00+00:00,4.78,4.82,4.645,4.71,1282381,,,,,,,,,,,,,,,,,,,,,,9.42811232831973,5.299510696633226,6.299126555477971,7.069614222440754,8.143978946281088,8.815845524347951,9.228930624314076,"rgba(239, 83, 80, 0.5)",0.0,0.0,0.56392581455775,5.701230516823142,-1.6336023161940239,0.0,0.0,0.0,0.0,0.0,0.0,0.0,0.0,46.70375482914498,0.1760410662896561,True,False,False,True,False,0.0,0,0.7759387559094768,0.9288624898594777,False,False,False,False,-0.12128569831881937,-0.13408082172889538,False,False,False,False,-25818875,-21837525.461562954,False,False,False,False,1204981.6172399127,False,False,False,False
2025-02-04 00:00:00+00:00,4.82,4.89,4.67,4.69,1227231,,,,,,,,,,,,,,,,,,,,,,9.411542270256648,5.292595290776358,6.288447233997573,7.057997362971381,8.130130958759668,8.800664071492456,9.212819145841737,#000000,0.0,0.0,0.55046293375825,5.69270115628605,-1.5853949517140773,0.0,0.0,0.0,0.0,0.0,0.0,0.0,0.0,47.81973065717925,0.1760410662896561,True,False,False,False,True,0.0,0,0.7987701580824204,0.9178327078049098,False,False,False,False,-0.09192474274090696,-0.11300278223490118,False,False,False,False,-24591644,-21945530.110129114,False,False,False,False,1205854.142054034,False,False,False,False
2025-02-05 00:00:00+00:00,4.66,4.765,4.65,4.74,967458,,,,,,,,,,,,,,,,,,,,,,9.398277214887829,5.286192176520791,6.2795693796383585,7.048515353437923,8.118964491019907,8.788475089789266,9.199910031692088,"rgba(239, 83, 80, 0.5)",0.0,0.0,0.5330239417913807,5.684855850016194,-1.9227201062899169,0.0,0.0,0.0,0.0,0.0,0.0,0.0,0.0,46.83375350455147,0.1760410662896561,True,False,False,True,True,0.0,0,0.7861048416798091,0.9447555551358444,False,False,False,False,-0.13681963241392264,-0.12491120732441191,False,False,False,False,-25559102,-22087238.81169268,False,False,False,False,1196505.2737381896,False,False,False,False
2025-02-06 00:00:00+00:00,4.4,4.5,4.315,4.45,2523419,,,,,,,,,,,,,,,,,,,,,,9.361940183729907,5.262363997664486,6.25277345486983,7.021172204634987,8.087769626902068,8.754819281840383,9.164464408289444,"rgba(239, 83, 80, 0.5)",0.0,0.0,0.5202316878173688,5.656389627655743,-2.4150578618671297,0.0,0.0,0.0,0.0,0.0,0.0,0.0,0.0,43.83816371417028,-0.5806326862037281,False,False,False,True,False,0.0,0,0.7631183578664064,0.9576009512134419,False,False,False,False,-0.33087363309296525,-0.22789242020868858,False,False,False,False,-28082521,-22322347.917116497,False,False,False,False,1248541.1061406136,False,False,False,False
2025-02-07 00:00:00+00:00,4.2,4.36,4.2,4.33,1270067,,,,,,,,,,,,,,,,,,,,,,9.343297186932128,5.248815505375149,6.238491109735549,7.0068374690936475,8.071627824184317,8.737490836546927,9.146259517276764,"rgba(239, 83, 80, 0.5)",0.0,0.0,0.505325263193838,5.5343476005119205,-2.640571722217809,0.0,0.0,0.0,0.0,0.0,0.0,0.0,0.0,40.366979924593,-3.9744064067272546,False,False,False,True,False,0.0,0,0.7506702167567917,0.9702634203471399,False,False,False,False,-0.34282825441539394,-0.28536033731204125,False,False,False,False,-29352588,-22598043.60664134,False,False,False,False,1249385.2588409819,False,False,False,False
2025-02-10 00:00:00+00:00,4.38,4.43,4.37,4.39,1436248,,,,,,,,,,,,,,,,,,,,,,9.3229535073566,5.236020055498986,6.223705699583097,6.991620128116731,8.054200237433593,8.718661907881353,9.126418966460559,"rgba(239, 83, 80, 0.5)",0.0,0.0,0.48921437295218895,5.523866570143268,-2.338170408282461,0.0,0.0,0.0,0.0,0.0,0.0,0.0,0.0,40.35383227394935,-4.089885140437694,False,False,False,True,False,0.0,0,0.7727126628892586,0.9481142038514869,False,False,False,False,-0.26980715504358244,-0.27758374617781184,False,False,False,False,-27916340,-22806604.249518152,False,False,False,False,1256713.2094746688,False,False,False,False
2025-02-11 00:00:00+00:00,4.62,4.67,4.568,4.58,959094,,,,,,,,,,,,,,,,,,,,,,9.31007987260473,5.2299215314700875,6.215166462284565,6.982431955102959,8.043366943848614,8.706831238234482,9.113890114893952,"rgba(239, 83, 80, 0.5)",0.0,0.0,0.4744019278939436,5.52090159606049,-1.899026001137782,0.0,0.0,0.0,0.0,0.0,0.0,0.0,0.0,42.97063793148017,-4.089885140437694,False,False,False,True,False,0.0,0,0.7866712563296587,0.9223682661038288,False,False,False,False,-0.1429490089431041,-0.21026637756045796,False,False,False,False,-26957246,-22969374.51424293,False,False,False,False,1245041.8679266428,False,False,False,False
2025-02-12 00:00:00+00:00,4.57,4.675,4.56,4.65,1028044,,,,,,,,,,,,,,,,,,,,,,9.296307086553758,5.223331808064359,6.206013478487264,6.972588902379653,8.031770937346472,8.694171162853971,9.100485187763262,"rgba(239, 83, 80, 0.5)",0.0,0.0,0.4691285000400756,5.515744100492511,-2.0159595940381365,0.0,0.0,0.0,0.0,0.0,0.0,0.0,0.0,44.24339018041775,-4.089885140437694,False,False,False,True,True,0.0,0,0.7910978474823799,0.9190878332411125,False,False,False,False,-0.14379816038914742,-0.17703226897480268,False,False,False,False,-27985290,-23166077.082311835,False,False,False,False,1236532.1476157939,False,False,False,False
2025-02-13 00:00:00+00:00,4.51,4.53,4.42,4.45,658103,,,,,,,,,,,,,,,,,,,,,,9.287317710713733,5.218418462716382,6.19979240706689,6.966026920419641,8.02414117711258,8.685881135884955,9.091727460920751,"rgba(239, 83, 80, 0.5)",0.0,0.0,0.4595131383590969,5.510562609641713,-2.1774406999866915,0.0,0.0,0.0,0.0,0.0,0.0,0.0,0.0,44.50997435363278,-4.089885140437694,False,False,False,True,True,0.0,0,0.7976093577092268,0.9243664432108132,False,False,False,False,-0.22559972128243738,-0.20131599512862003,False,False,False,False,-28643393,-23380873.784966275,False,False,False,False,1213848.6516308608,False,False,False,False
2025-02-14 00:00:00+00:00,4.47,4.53,4.46,4.48,786765,,,,,,,,,,,,,,,,,,,,,,9.276614873789365,5.212629870705656,6.1924139162624305,6.958227363449991,8.015062755039882,8.676013143728076,9.081301093849866,"rgba(239, 83, 80, 0.5)",0.0,0.0,0.452829462957994,5.504402288579432,-2.2843087148580414,0.0,0.0,0.0,0.0,0.0,0.0,0.0,0.0,44.287821179442346,-4.089885140437694,False,False,False,True,True,0.0,0,0.7906536124618501,0.9452134063821246,False,False,False,False,-0.2139626828802161,-0.20763933900441806,False,False,False,False,-29430158,-23618100.616928384,False,False,False,False,1197100.273135533,False,False,False,False
2025-02-18 00:00:00+00:00,4.46,4.48,4.39,4.4,967393,,,,,,,,,,,,,,,,,,,,,,9.26340161718,5.205219209223465,6.1831998329514954,6.948537196013288,8.003827440609811,8.663818166541185,9.068425243541334,"rgba(239, 83, 80, 0.5)",0.0,0.0,0.449600543425997,5.496174090655755,-2.3046548893380203,0.0,0.0,0.0,0.0,0.0,0.0,0.0,0.0,44.03346012623743,-4.089885140437694,False,False,False,True,True,0.0,0,0.792968712953918,0.9481236307768175,False,False,False,False,-0.24905869789493834,-0.2283490184496782,False,False,False,False,-30397551,-23883961.416264527,False,False,False,False,1188092.144777277,False,False,False,False
2025-02-19 00:00:00+00:00,4.36,4.475,4.355,4.44,883250,,,,,,,,,,,,,,,,,,,,,,9.251284382542275,5.198169857841433,6.174648176178776,6.939591260176046,7.9934972729448885,8.652622668694926,9.056613612530029,"rgba(239, 83, 80, 0.5)",0.0,0.0,0.4449963255241928,5.488145578873789,-2.5351795378194772,0.0,0.0,0.0,0.0,0.0,0.0,0.0,0.0,42.78946682608118,-4.089885140437694,False,False,False,True,True,0.0,0,0.7853146919341557,0.9524814706132916,False,False,False,False,-0.26088814484722433,-0.24461858164845127,False,False,False,False,-31280801,-24174033.55680317,False,False,False,False,1176137.5508644425,False,False,False,False
2025-02-20 00:00:00+00:00,4.62,4.635,4.53,4.56,923761,,,,,,,,,,,,,,,,,,,,,,9.239190886639541,5.192719633112816,6.166779408009058,6.931026388435476,7.983348677449869,8.641519091427122,9.044847024781998,"rgba(239, 83, 80, 0.5)",0.0,0.0,0.43985923219190043,5.482857717168519,-1.961667856483854,0.0,0.0,0.0,0.0,0.0,0.0,0.0,0.0,45.43819301136107,-4.089885140437694,False,False,False,True,True,0.0,0,0.7920721089828948,0.9299768141312746,False,False,False,False,-0.16367294750379127,-0.20414576457612127,False,False,False,False,-30357040,-24416504.39771285,False,False,False,False,1166240.4312226996,False,False,False,False
2025-02-21 00:00:00+00:00,4.64,4.81,4.6,4.78,1166639,,,,,,,,,,,,,,,,,,,,,,9.22429600131604,5.18697223978733,6.157505315996191,6.920704276054737,7.9709499517660936,8.627886890281186,9.030368357498604,#000000,0.0,0.0,0.4333059589416679,5.477657444431126,-1.9331777630685503,0.0,0.0,0.0,0.0,0.0,0.0,0.0,0.0,47.44333058196525,-7.046902120916897,True,False,False,False,True,0.0,0,0.8084369457624916,0.9120648510116719,False,False,False,False,-0.09456662763727205,-0.14935619610669665,False,False,False,False,-29190401,-24603716.02917509,False,False,False,False,1166256.0613708291,False,False,False,False
2025-02-24 00:00:00+00:00,4.8,4.85,4.7212,4.85,743262,,,,,,,,,,,,,,,,,,,,,,9.21507974999597,5.184141886059906,6.152081802696659,6.914489723339994,7.963354905368264,8.619485130219218,9.021420030038211,#000000,0.0,0.0,0.4247243090983178,5.402031950437094,-1.4174652534374539,0.0,0.0,0.0,0.0,0.0,0.0,0.0,0.0,50.61951153759067,-4.007915811989584,True,False,False,False,True,0.0,0,0.7999865569457382,0.9411194223327539,False,False,False,False,-0.049623910255423904,-0.09949005318106027,False,False,False,False,-28447139,-24754438.498619206,False,False,False,False,1149668.05896413,False,False,False,False
2025-02-25 00:00:00+00:00,4.78,4.835,4.685,4.73,734308,,,,,,,,,,,,,,,,,,,,,,9.205963435155152,5.181218851542892,6.146673061933949,6.908317335593668,7.95583103258872,8.611169409885724,9.01256713342888,"rgba(38, 166, 154, 1.0)",0.0,0.0,0.40796586149388675,5.399147691192569,-1.5176458366525518,0.0,0.0,0.0,0.0,0.0,0.0,0.0,0.0,52.444716952441624,-2.301545259983783,True,False,True,False,True,0.0,0,0.7950464575514025,0.9297395868510172,False,False,False,False,-0.06386823625143566,-0.08167914471624796,False,False,False,False,-29181447,-24928046.675143942,False,False,False,False,1133379.4292008306,False,False,False,False
2025-02-26 00:00:00+00:00,4.63,4.7,4.62,4.7,600618,,,,,,,,,,,,,,,,,,,,,,9.198339360316808,5.178193911875363,6.141908986252257,6.903021431557383,7.949479089118292,8.604188712615713,9.005155145277321,#000000,0.0,0.0,0.3909647572886166,5.394414143527254,-1.9551996165295056,0.0,0.0,0.0,0.0,0.0,0.0,0.0,0.0,51.555015812180976,-2.301545259983783,True,False,False,False,True,0.0,0,0.7961523038252007,0.9209530236788822,False,False,False,False,-0.11981376448149943,-0.10074645459887369,False,False,False,False,-29782065,-25118400.33494222,False,False,False,False,1112486.8241341314,False,False,False,False
2025-02-27 00:00:00+00:00,4.63,4.66,4.595,4.64,483726,,,,,,,,,,,,,,,,,,,,,,9.192188443458384,5.175683703684448,6.138038683029279,6.898733393651153,7.9443475995525805,8.598553749290195,8.999174353383072,#000000,0.0,0.0,0.37269686738053065,5.390892832465066,-2.041586337478334,0.0,0.0,0.0,0.0,0.0,0.0,0.0,0.0,50.96188171867388,-2.301545259983783,True,False,False,False,True,0.0,0,0.7853528575547007,0.9415267463938842,False,False,False,False,-0.1381409793675574,-0.11944371698321554,False,False,False,False,-29782065,-25301289.145336647,False,False,False,False,1087829.5369131851,False,False,False,False
2025-02-28 00:00:00+00:00,4.37,4.49,4.355,4.49,741881,,,,,,,,,,,,,,,,,,,,,,9.18232694603415,5.170325267937128,6.131268754467302,6.891544405008563,7.935980294057957,8.5894580822408,8.989566355348872,#000000,0.0,0.0,0.3487645117912531,5.381459384014188,-2.900121284758408,0.0,0.0,0.0,0.0,0.0,0.0,0.0,0.0,47.395397089159545,2.2213906001091672,True,False,False,False,False,0.0,0,0.7820076374293242,0.9370257442546597,False,False,False,False,-0.25644389737320494,-0.18794380717821024,False,False,False,False,-30523946,-25506099.218068544,False,False,False,False,1074262.927622472,False,False,False,False
2025-03-03 00:00:00+00:00,4.22,4.52,4.205,4.51,1071986,,,,,,,,,,,,,,,,,,,,,,9.167881966348467,5.161817676383647,6.121074245930531,6.880856195605022,7.923653151592761,8.576103531214738,8.975482835501417,"rgba(239, 83, 80, 0.5)",0.0,0.0,0.34269714520789385,5.367842153296282,-3.349435994279891,0.0,0.0,0.0,0.0,0.0,0.0,0.0,0.0,43.566026049840474,-1.339054559315521,False,False,False,True,False,0.0,0,0.7787074690617596,0.9362998937031294,False,False,False,False,-0.2922927603669128,-0.24011828377256153,False,False,False,False,-31595932,-25744916.189908996,False,False,False,False,1074173.6363431592,False,False,False,False
2025-03-04 00:00:00+00:00,4.17,4.24,4.04,4.07,1971196,,,,,,,,,,,,,,,,,,,,,,9.140647179570319,5.143643833605105,6.100938374523485,6.86018304625608,7.900176902756589,8.550820879767025,8.948896896978026,"rgba(239, 83, 80, 1.0)",0.0,0.0,0.3420314510594325,5.23924710185457,-3.1261660252079393,0.0,0.0,0.0,0.0,0.0,0.0,0.0,0.0,40.55650442829998,-4.052554167768875,False,True,False,True,False,0.0,0,0.7695890754438584,0.9490611709565737,False,False,False,False,-0.34282825441539394,-0.29147326909397775,False,False,False,False,-33567128,-26051669.59422629,False,False,False,False,1109350.9839375452,False,False,False,False
2025-03-05 00:00:00+00:00,4.22,4.28,4.17,4.22,900052,,,,,,,,,,,,,,,,,,,,,,9.128491078322273,5.136157495731355,6.092220945442296,6.851099981733103,7.889762178474979,8.539563341782113,8.93703889647687,"rgba(239, 83, 80, 1.0)",0.0,0.0,0.34409709503440833,5.2312605371550065,-2.938881355722822,0.0,0.0,0.0,0.0,0.0,0.0,0.0,0.0,39.4289636360302,-5.030310757259308,False,True,False,True,False,0.0,0,0.7907385640597223,0.94431870064016,False,False,False,False,-0.2961872400307828,-0.29383025456238027,False,False,False,False,-32667076,-26311097.296413496,False,False,False,False,1101143.1806458768,False,False,False,False
2025-03-06 00:00:00+00:00,4.15,4.18,4.1,4.13,906225,,,,,,,,,,,,,,,,,,,,,,9.116113545604458,5.128091958917618,6.083152894476537,6.841741119801077,7.879107956791574,8.52807862203252,8.924957927493448,"rgba(239, 83, 80, 1.0)",0.0,0.0,0.34630237269421293,5.220945557658622,-3.092515795738636,0.0,0.0,0.0,0.0,0.0,0.0,0.0,0.0,37.95362413549742,-6.432597536559541,False,True,False,True,False,0.0,0,0.7914659527275922,0.9366639633389677,False,False,False,False,-0.34282825441539394,-0.3183292544888871,False,False,False,False,-33573301,-26595889.59851493,False,False,False,False,1093499.33042447,False,False,False,False
2025-03-07 00:00:00+00:00,4.36,4.4,4.2693,4.27,732786,,,,,,,,,,,,,,,,,,,,,,9.106550022412826,5.1229689666177896,6.07663060911083,6.834777344752033,7.870995338218823,8.519256807612546,8.915639791767779,"rgba(239, 83, 80, 1.0)",0.0,0.0,0.3474609058317059,5.217137260394919,-2.466859568972852,0.0,0.0,0.0,0.0,0.0,0.0,0.0,0.0,40.470787278371546,-6.432597536559541,False,True,False,True,False,0.0,0,0.801222090295676,0.9238462058247178,False,False,False,False,-0.23778951928581749,-0.2780593868873523,False,False,False,False,-32840515,-26840776.8691614,False,False,False,False,1079353.7096235105,False,False,False,False
2025-03-10 00:00:00+00:00,4.27,4.4,4.26,4.4,702064,,,,,,,,,,,,,,,,,,,,,,9.097359909068533,5.1179174125693985,6.070309026717989,6.828053690427509,7.863185083557189,8.510772948985057,8.906683431608089,"rgba(239, 83, 80, 0.75)",0.0,0.0,0.3489416172550375,5.212612238681794,-2.701346563636891,0.0,0.0,0.0,0.0,0.0,0.0,0.0,0.0,41.07525761473053,-6.432597536559541,False,True,False,True,True,0.0,0,0.8041009555342568,0.9236250278334449,False,False,False,False,-0.24023138752414103,-0.25914538720574665,False,False,False,False,-33542579,-27103592.63899821,False,False,False,False,1064558.034736314,False,False,False,False
2025-03-11 00:00:00+00:00,4.39,4.45,4.33,4.42,1148848,,,,,,,,,,,,,,,,,,,,,,9.082647098165667,5.110590426050469,6.060527211052082,6.817475217810722,7.850764223449064,8.497226591526282,8.892356034967689,"rgba(239, 83, 80, 0.75)",0.0,0.0,0.3437039895502256,5.207192448053457,-2.377605360714151,0.0,0.0,0.0,0.0,0.0,0.0,0.0,0.0,43.287612935874144,-6.432597536559541,False,True,False,True,True,0.0,0,0.8038922588795772,0.9133114096419238,False,False,False,False,-0.20892765253640738,-0.23403651987107701,False,False,False,False,-32393731,-27311049.045312006,False,False,False,False,1067863.5235701841,False,False,False,False
2025-03-12 00:00:00+00:00,4.4,4.455,4.36,4.43,739319,,,,,,,,,,,,,,,,,,,,,,9.073257600532886,5.1060493251200825,6.054348299395273,6.810757822568328,7.8428523331568325,8.48858775941743,8.88321444342035,"rgba(239, 83, 80, 0.5)",0.0,0.0,0.3425427966953574,5.20373935611179,-2.346391060812762,0.0,0.0,0.0,0.0,0.0,0.0,0.0,0.0,44.91149257464554,-10.75114515506197,False,False,False,True,True,0.0,0,0.8032280851146183,0.9154369429956554,False,False,False,False,-0.19987548090151647,-0.21695600038629675,False,False,False,False,-31654412,-27481377.00431938,False,False,False,False,1054979.4246066476,False,False,False,False
2025-03-13 00:00:00+00:00,4.12,4.215,4.1,4.14,1019285,,,,,,,,,,,,,,,,,,,,,,9.059656569109292,5.0975968985960005,6.044573775928955,6.800563497038664,7.831183286121213,8.475982680374718,8.869943808617498,"rgba(239, 83, 80, 0.75)",0.0,0.0,0.3417486563901224,5.193417368401544,-3.1409556360513875,0.0,0.0,0.0,0.0,0.0,0.0,0.0,0.0,42.648632923121134,-10.75114515506197,False,True,False,True,True,0.0,0,0.8092883375263872,0.9133531900947534,False,False,False,False,-0.3331136958048027,-0.27503484809554973,False,False,False,False,-32673697,-27684997.396306857,False,False,False,False,1053579.643249524,False,False,False,False
2025-03-14 00:00:00+00:00,4.33,4.34,4.285,4.31,831003,,,,,,,,,,,,,,,,,,,,,,9.049012470365954,5.092049056302333,6.037398975032564,6.7928485155823255,7.822168892865809,8.466169145092328,8.859574292512255,"rgba(239, 83, 80, 0.5)",0.0,0.0,0.33437854149050766,5.188169696250542,-2.566461628862938,0.0,0.0,0.0,0.0,0.0,0.0,0.0,0.0,44.16597501302192,-10.75114515506197,False,False,False,True,True,0.0,0,0.8124814492115316,0.8986145553076799,False,False,False,False,-0.24944672225676623,-0.262240785176158,False,False,False,False,-31842694,-27848044.321941886,False,False,False,False,1044851.1474358173,False,False,False,False
2025-03-17 00:00:00+00:00,4.35,4.4,4.335,4.34,523688,,,,,,,,,,,,,,,,,,,,,,9.042390421633892,5.088786816018315,6.033021262926424,6.788095923912426,7.816581820227867,8.460072896566803,8.85312590844917,"rgba(239, 83, 80, 0.5)",0.0,0.0,0.3245260993964888,5.185311379872292,-2.573942069453568,0.0,0.0,0.0,0.0,0.0,0.0,0.0,0.0,45.44393675732432,-10.150613517324828,False,False,False,True,True,0.0,0,0.807657053539554,0.9002441071755932,False,False,False,False,-0.22061617489160906,-0.24142848003388354,False,False,False,False,-31319006,-27984160.46617946,False,False,False,False,1024413.3769481382,False,False,False,False
2025-03-18 00:00:00+00:00,4.33,4.41,4.31,4.41,605820,,,,,,,,,,,,,,,,,,,,,,9.03473407995568,5.0849891430685625,6.027950274432371,6.782594769812729,7.810119220887706,8.453023091854009,8.845669910766885,"rgba(239, 83, 80, 0.5)",0.0,0.0,0.3214106295583635,5.1818727678510825,-2.650418777442439,0.0,0.0,0.0,0.0,0.0,0.0,0.0,0.0,46.033871376338524,-9.409616584745514,False,False,False,True,True,0.0,0,0.7933714218515722,0.9192595278461043,False,False,False,False,-0.22452541783074323,-0.23297694893231338,False,False,False,False,-31924826,-28138696.36946654,False,False,False,False,1007997.9504011524,False,False,False,False
2025-03-19 00:00:00+00:00,4.3,4.36,4.255,4.32,810874,,,,,,,,,,,,,,,,,,,,,,9.024427223470935,5.079659245024258,6.021029772258071,6.775134862077901,7.80139481197662,8.44352180175956,8.835629303676347,"rgba(239, 83, 80, 0.5)",0.0,0.0,0.320222445207586,5.176647111499544,-2.7376191913444807,0.0,0.0,0.0,0.0,0.0,0.0,0.0,0.0,46.01306646853707,-9.176042851524542,False,False,False,True,True,0.0,0,0.7918815635652746,0.919061232108298,False,False,False,False,-0.2520872526041201,-0.24253210076821674,False,False,False,False,-32735700,-28318971.021644324,False,False,False,False,1000267.5994050287,False,False,False,False
2025-03-20 00:00:00+00:00,4.22,4.23,4.18,4.18,461067,,,,,,,,,,,,,,,,,,,,,,9.018469134260608,5.076293308143826,6.016903001264661,6.770750754987079,7.796319148529659,8.438015137346941,8.829820645494637,"rgba(239, 83, 80, 0.5)",0.0,0.0,0.32042944157386394,5.1729558151747375,-2.9739958054231,0.0,0.0,0.0,0.0,0.0,0.0,0.0,0.0,44.90122276766545,-9.176042851524542,False,False,False,True,True,0.0,0,0.7867601506495037,0.9238984000865349,False,False,False,False,-0.30704271936841665,-0.2747874100683167,False,False,False,False,-33196767,-28510257.138442587,False,False,False,False,979122.4778597335,False,False,False,False
2025-03-21 00:00:00+00:00,4.14,4.2,4.11,4.2,600148,,,,,,,,,,,,,,,,,,,,,,9.010639344568837,5.071650109625299,6.011382040987867,6.76493339544567,7.789623687708599,8.430767394707246,8.822183708119548,"rgba(239, 83, 80, 1.0)",0.0,0.0,0.32401968575546186,5.167626850871253,-3.1714951160307114,0.0,0.0,0.0,0.0,0.0,0.0,0.0,0.0,43.12067647573298,-9.176042851524542,False,True,False,True,False,0.0,0,0.7936355544888141,0.9171041972938105,False,False,False,False,-0.33449774418927114,-0.30464257712879395,False,False,False,False,-33796915,-28717577.054582093,False,False,False,False,964260.73362994,False,False,False,False
2025-03-24 00:00:00+00:00,4.07,4.17,4.07,4.15,623639,,,,,,,,,,,,,,,,,,,,,,9.002451859404493,5.066632408696691,6.005536500508072,6.758808237510072,7.782603279727484,8.423180052117822,8.81419520711451,"rgba(239, 83, 80, 1.0)",0.0,0.0,0.3240065620517029,5.161733177767258,-3.3694786020816627,0.0,0.0,0.0,0.0,0.0,0.0,0.0,0.0,41.06730612506554,-9.176042851524542,False,True,False,True,False,0.0,0,0.7969017018393617,0.9176989271232546,False,False,False,False,-0.34282825441539394,-0.32373541577209397,False,False,False,False,-34420554,-28941223.209304363,False,False,False,False,950903.0185856286,False,False,False,False
2025-03-25 00:00:00+00:00,4.07,4.18,4.06,4.13,839909,,,,,,,,,,,,,,,,,,,,,,8.99146813750969,5.059956243685824,5.997720171143616,6.750603367489114,7.773190434156696,8.41300346316274,8.803479042474285,"rgba(239, 83, 80, 1.0)",0.0,0.0,0.3276434009689653,5.154006337746795,-3.308494340313213,0.0,0.0,0.0,0.0,0.0,0.0,0.0,0.0,39.69839255795392,-5.616885315859079,False,True,False,True,False,0.0,1,0.7679418103448274,0.9429310344827588,False,False,False,False,-0.34282825441539394,-0.333281835093744,False,False,False,False,-34420554,-29156098.926586542,False,False,False,False,946550.3119744274,False,False,False,False
2025-03-26 00:00:00+00:00,4.12,4.18,4.1,4.1,536584,,,,,,,,,,,,,,,,,,,,,,8.984519734057933,5.055871584883447,5.992838720802575,6.745447199097076,7.767251071334626,8.406572196027017,8.79670193715273,"rgba(239, 83, 80, 1.0)",0.0,0.0,0.3296408091595689,5.1494359340619535,-3.1229019752940705,0.0,0.0,0.0,0.0,0.0,0.0,0.0,0.0,39.91485229969194,-5.616885315859079,False,True,False,True,False,0.0,1,0.7507096069868995,0.9608187772925766,False,False,False,False,-0.33189470290945366,-0.3325882690015988,False,False,False,False,-33883970,-29341505.635347854,False,False,False,False,930473.2017009205,False,False,False,False
2025-03-27 00:00:00+00:00,4.1,4.1591,4.095,4.1,378084,,,,,,,,,,,,,,,,,,,,,,8.979620320415956,5.0529676662723055,5.989386336397364,6.741805071224338,7.763060175817443,8.402036054749844,8.791922873347277,"rgba(239, 83, 80, 1.0)",0.0,0.0,0.331577284348322,5.146172395752183,-3.1551389227652247,0.0,0.0,0.0,0.0,0.0,0.0,0.0,0.0,39.748536746551636,-5.942900192935909,False,True,False,True,False,0.0,1,0.7678318717197267,0.9578787845020673,False,False,False,False,-0.33896528750101074,-0.3357767782513048,False,False,False,False,-34262054,-29534468.316314604,False,False,False,False,908810.8800655904,False,False,False,False
2025-03-28 00:00:00+00:00,4.13,4.265,4.1,4.25,818585,,,,,,,,,,,,,,,,,,,,,,8.969148540569366,5.047054401133339,5.982141523248056,6.734094575911904,7.754135911105175,8.392355027819146,8.78171279943892,"rgba(239, 83, 80, 1.0)",0.0,0.0,0.3335751195168385,5.139807311383972,-3.027226109808823,0.0,0.0,0.0,0.0,0.0,0.0,0.0,0.0,40.37899160404919,-5.942900192935909,False,True,False,True,False,0.0,1,0.7637388862372488,0.9501726032567073,False,False,False,False,-0.3089092177959444,-0.3223429980236246,False,False,False,False,-33443469,-29687762.460772853,False,False,False,False,905272.6102590967,False,False,False,False
2025-03-31 00:00:00+00:00,4.23,4.27,4.1501,4.2,827409,,,,,,,,,,,,,,,,,,,,,,8.958723479275683,5.041502564715866,5.975083542866475,6.726503612305072,7.745289611763409,8.382733622784652,8.771553412800493,"rgba(239, 83, 80, 0.75)",0.0,0.0,0.3243092173663608,5.134131165060738,-2.7878676172172208,0.0,0.0,0.0,0.0,0.0,0.0,0.0,0.0,43.10709677383963,-5.942900192935909,False,True,False,True,True,0.0,1,0.7831907274573018,0.9393134837853218,False,False,False,False,-0.2941778529640791,-0.30826042549385185,False,False,False,False,-32616060,-29802597.658389606,False,False,False,False,902219.1353469753,False,False,False,False
2025-04-01 00:00:00+00:00,4.32,4.375,4.29,4.34,700713,,,,,,,,,,,,,,,,,,,,,,8.950137444110792,5.037487121112669,5.9695269718527495,6.720395065094203,7.738068341263436,8.374837501476248,8.763194967628484,#000000,0.0,0.0,0.3157460491722435,5.130511797761676,-2.566973679913033,0.0,0.0,0.0,0.0,0.0,0.0,0.0,0.0,46.72787230146834,-7.483673756376795,False,False,False,False,True,0.0,1,0.7764869834057453,0.9474183461957352,False,False,False,False,-0.20858296553474198,-0.25842169551429695,False,False,False,False,-31915347,-29885450.57374688,False,False,False,False,894316.9339608194,False,False,False,False
2025-04-02 00:00:00+00:00,4.14,4.2,4.105,4.2,595706,,,,,,,,,,,,,,,,,,,,,,8.942579786154539,5.033251318109853,5.964317627944231,6.714837408912038,7.731630373437075,8.367851288414515,8.755826381551636,"rgba(239, 83, 80, 0.5)",0.0,0.0,0.31534405634828033,5.125957024468682,-3.1266072869302675,0.0,0.0,0.0,0.0,0.0,0.0,0.0,0.0,45.763221461610456,-7.483673756376795,False,False,False,True,True,0.0,1,0.7776580670094038,0.9362930519609799,False,False,False,False,-0.3161631604787629,-0.28729242799652993,False,False,False,False,-32511053,-29988415.37477641,False,False,False,False,882606.7012564735,False,False,False,False
2025-04-03 00:00:00+00:00,3.58,3.805,3.56,3.68,3659657,,,,,,,,,,,,,,,,,,,,,,8.891878819189916,4.993872416625695,5.924322643553746,6.674664329509205,7.687131707289636,8.32040757553375,8.706212598420933,"rgba(239, 83, 80, 1.0)",0.0,0.0,0.32723895448685086,5.076130546618341,-4.571981807497366,0.0,0.0,0.0,0.0,0.0,0.0,0.0,0.0,39.403524249574424,-5.845300366250854,False,True,False,True,False,0.0,0,0.7707095421181406,0.9330258989074431,False,False,False,False,-0.34282825441539394,-0.31506034120596194,False,False,False,False,-36170710,-30230858.301255766,False,False,False,False,991510.6345405334,False,False,False,False
2025-04-04 00:00:00+00:00,3.23,3.31,3.12,3.28,5297434,,,,,,,,,,,,,,,,,,,,,,8.814328212160651,4.923747874250924,5.858370209604574,6.610371282423056,7.617758375154857,8.247253756271224,8.63014000275866,"rgba(239, 83, 80, 1.0)",0.0,0.0,0.35555321695971825,4.987752031885192,-4.943710105945499,0.0,0.0,0.0,0.0,0.0,0.0,0.0,0.0,33.27835018943145,-11.270045239806066,False,True,False,True,False,0.0,0,0.766100164113183,0.9461400359066432,False,False,False,False,-0.34282825441539394,-0.3289442978106779,False,False,False,False,-41468144,-30671536.171794757,False,False,False,False,1160370.3743624734,False,False,False,False
2025-04-07 00:00:00+00:00,3.12,3.31,3.0225,3.12,2889367,,,,,,,,,,,,,,,,,,,,,,8.77240513294107,4.886327513086802,5.822827948308531,6.575607482344511,7.5802397871463665,8.207694302158263,8.589011190975837,"rgba(239, 83, 80, 1.0)",0.0,0.0,0.38781541072152825,4.942927666272306,-4.700503424762723,0.0,0.0,0.0,0.0,0.0,0.0,0.0,0.0,28.71632874980078,-15.116922529080519,False,True,False,True,False,0.0,0,0.7566799256344848,0.9509274071511958,False,False,False,False,-0.34282825441539394,-0.3358862761130359,False,False,False,False,-44357511,-31208241.067018494,False,False,False,False,1228174.1636031605,False,False,False,False
2025-04-08 00:00:00+00:00,2.93,3.12,2.87,3.1,2286104,,,,,,,,,,,,,,,,,,,,,,8.738638772080034,4.8549054770165,5.793536266343897,6.5471929891755405,7.549826461604256,8.175743416529063,8.555856547071622,"rgba(239, 83, 80, 1.0)",0.0,0.0,0.4247819578466429,4.905577171664911,-4.650802924116057,0.0,0.0,0.0,0.0,0.0,0.0,0.0,0.0,24.92506058783019,-18.266922370948375,False,True,False,True,False,0.0,0,0.756354751596725,0.9626001971794765,False,False,False,False,-0.34282825441539394,-0.33935726526421495,False,False,False,False,-46643615,-31813549.848704044,False,False,False,False,1269661.6081677424,True,False,False,False
2025-04-09 00:00:00+00:00,3.25,3.29,2.78,2.86,3153810,,,,,,,,,,,,,,,,,,,,,,8.693758946704461,4.816168145764795,5.7559657638730375,6.510156724330584,7.509726070896234,8.133413657061485,8.511832421348911,"rgba(239, 83, 80, 1.0)",0.0,0.0,0.4458201471489589,4.729068673481653,-3.317635335550374,0.0,0.0,0.0,0.0,0.0,0.0,0.0,0.0,27.23075287995114,-18.266922370948375,False,True,False,True,False,0.0,0,0.7639503530041372,0.9419550048370833,True,False,False,False,-0.32637115528799476,-0.33286421027610485,False,False,False,False,-43489805,-32271442.2075784,False,False,False,False,1343549.7803964585,False,False,False,False
2025-04-10 00:00:00+00:00,3.18,3.22,3.09,3.185,1685034,,,,,,,,,,,,,,,,,,,,,,8.670312489016165,4.796829757710077,5.736740071452902,6.491017797689123,7.48886821644153,8.111337669139129,8.488844840563145,"rgba(239, 83, 80, 1.0)",0.0,0.0,0.46872078167229514,4.709643453595598,-3.2634427859975794,0.0,0.0,0.0,0.0,0.0,0.0,0.0,0.0,28.338007488033043,-18.266922370948375,False,True,False,True,False,0.0,0,0.8024361686831132,0.9395066039479903,False,False,False,False,-0.2779701376386077,-0.30541717395735624,False,False,False,False,-45174839,-32777457.76806552,False,False,False,False,1356941.3184201268,False,False,False,False
2025-04-11 00:00:00+00:00,3.44,3.445,3.29,3.32,1833864,,,,,,,,,,,,,,,,,,,,,,8.646068703154919,4.779162025214862,5.717965715796873,6.471847912527041,7.467580741827301,8.088632091228854,8.465113465140263,"rgba(239, 83, 80, 0.75)",0.0,0.0,0.48150185465515355,4.695726852632658,-2.6079377275337734,0.0,0.0,0.0,0.0,0.0,0.0,0.0,0.0,32.362882361320445,-25.364100935796635,False,True,False,True,True,0.0,0,0.8000744447661193,0.9509905289714219,False,False,False,False,-0.19513943694939653,-0.25027830545337637,False,False,False,False,-43340975,-33191713.34578844,False,False,False,False,1375644.168678161,False,False,False,False
2025-04-14 00:00:00+00:00,3.52,3.57,3.465,3.55,2271078,,,,,,,,,,,,,,,,,,,,,,8.617068217428367,4.759830560532642,5.696371422541556,6.449396748124688,7.442332528581903,8.06156443896523,8.436754931339541,"rgba(239, 83, 80, 0.75)",0.0,0.0,0.49115044208172476,4.681406652775188,-2.364665799449562,0.0,0.0,0.0,0.0,0.0,0.0,0.0,0.0,35.95685014249362,-22.041484303669026,False,True,False,True,True,0.0,0,0.8127084066855829,0.9333098606134668,False,False,False,False,-0.13828572021614582,-0.1942820128347611,False,False,False,False,-41069897,-33500661.724384975,False,False,False,False,1410759.2208868607,False,False,False,False
2025-04-15 00:00:00+00:00,3.42,3.475,3.39,3.47,1191463,,,,,,,,,,,,,,,,,,,,,,8.601718408159766,4.749205826111304,5.684750069026909,6.437396793386396,7.428914524907303,8.047213141410037,8.421737129748683,"rgba(239, 83, 80, 0.75)",0.0,0.0,0.5031668360148372,4.671979863907404,-2.4882002832763916,0.0,0.0,0.0,0.0,0.0,0.0,0.0,0.0,37.49990759140099,-20.593277316614397,False,True,False,True,True,0.0,0,0.80246785134629,0.943401722918141,False,False,False,False,-0.17037069984592648,-0.18232635634034378,False,False,False,False,-42261360,-33844218.51950713,False,False,False,False,1402159.369087376,False,False,False,False
2025-04-16 00:00:00+00:00,3.45,3.53,3.425,3.49,793423,,,,,,,,,,,,,,,,,,,,,,8.59162553410489,4.742435551041976,5.677212997251828,6.429564007925352,7.420117656709584,8.037787828265245,8.41186599419136,"rgba(239, 83, 80, 0.75)",0.0,0.0,0.513525949588936,4.666134485502469,-2.3682045405416265,0.0,0.0,0.0,0.0,0.0,0.0,0.0,0.0,38.90877181335735,-19.14287613088505,False,True,False,True,True,0.0,0,0.8007072493053802,0.9437989391260424,False,False,False,False,-0.15334535776371386,-0.1678358570520288,False,False,False,False,-41467937,-34143187.87168332,False,False,False,False,1378287.3546133614,False,False,False,False
2025-04-17 00:00:00+00:00,3.59,3.61,3.535,3.59,923823,,,,,,,,,,,,,,,,,,,,,,8.58017502129668,4.735315044439225,5.668935356364227,6.42083266376517,7.410207867205162,8.027125240450045,8.400676627878267,"rgba(239, 83, 80, 0.5)",0.0,0.0,0.5209783934932468,4.660630089721384,-2.0550374124781485,0.0,0.0,0.0,0.0,0.0,0.0,0.0,0.0,41.59035488070292,-16.43225631808029,False,False,False,True,True,0.0,0,0.811032913312824,0.9200345568713396,False,False,False,False,-0.11767862366131669,-0.14275724035667275,False,False,False,False,-40544114,-34394204.5825977,False,False,False,False,1360465.2230598961,False,False,False,False
2025-04-21 00:00:00+00:00,3.49,3.5954,3.44,3.56,574714,,,,,,,,,,,,,,,,,,,,,,8.572978832588419,4.730664281373231,5.663647668654406,6.415294941961406,7.403956765561626,8.020413921103078,8.393641306608371,"rgba(239, 83, 80, 0.5)",0.0,0.0,0.5302291532491146,4.656671184462482,-2.200315047396783,0.0,0.0,0.0,0.0,0.0,0.0,0.0,0.0,42.3476497142142,-15.49505466971543,False,False,False,True,True,0.0,0,0.8179316276069662,0.9086863040206413,False,False,False,False,-0.13821058396957475,-0.14048391216312375,False,False,False,False,-41118828,-34657915.304848775,False,False,False,False,1329651.449606567,False,False,False,False
2025-04-22 00:00:00+00:00,3.65,3.67,3.59,3.59,699731,,,,,,,,,,,,,,,,,,,,,,8.56446587219116,4.725638203785026,5.657625476326753,6.408877074995344,7.396622440137258,8.012500968155505,8.385326937794044,"rgba(239, 83, 80, 0.5)",0.0,0.0,0.535500103044508,4.6529543762450745,-1.8729303141921416,0.0,0.0,0.0,0.0,0.0,0.0,0.0,0.0,44.795643803644026,-12.908271900091727,True,False,False,True,True,0.0,0,0.8396250808015514,0.8789054083171737,False,False,False,False,-0.09624042584255842,-0.11836216900284108,False,False,False,False,-40419097,-34883843.99877628,False,False,False,False,1304948.6868768975,False,False,False,False
2025-04-23 00:00:00+00:00,3.65,3.68,3.55,3.63,1194640,,,,,,,,,,,,,,,,,,,,,,8.549970127219856,4.717085330707725,5.647375693542167,6.39794891720139,7.3841333102378215,7.999026398627664,8.371169160848668,#000000,0.0,0.0,0.5385963739706876,4.553064375083542,-1.6766996933638663,0.0,0.0,0.0,0.0,0.0,0.0,0.0,0.0,46.42763986326391,-11.101896825757308,True,False,False,False,True,0.0,0,0.8335221084730998,0.9004574166848192,False,False,False,False,-0.10182371370679641,-0.11009294135481874,False,False,False,False,-40419097,-35100912.74392231,False,False,False,False,1300622.85601898,False,False,False,False
2025-04-24 00:00:00+00:00,3.5,3.6,3.495,3.59,852699,,,,,,,,,,,,,,,,,,,,,,8.539476789041565,4.7105367043159765,5.639781763946601,6.389935481458914,7.375045321028444,7.98925130379495,8.360913857708915,#000000,0.0,0.0,0.5448146060406917,4.545815571194245,-1.9195806419259878,0.0,0.0,0.0,0.0,0.0,0.0,0.0,0.0,45.77011687084608,-11.101896825757308,True,False,False,False,True,0.0,0,0.8183265170774844,0.9190892008400582,False,False,False,False,-0.12703211953214325,-0.118562530443481,False,False,False,False,-41271796,-35342908.16572928,False,False,False,False,1283057.214606471,False,False,False,False
2025-04-25 00:00:00+00:00,3.56,3.57,3.495,3.51,362274,,,,,,,,,,,,,,,,,,,,,,8.535040781581191,4.707799747271345,5.6365871411872,6.386556337876724,7.371207214712461,7.985120523074746,8.356578972727604,#000000,0.0,0.0,0.5496822013880766,4.543283875297095,-1.788822473811363,0.0,0.0,0.0,0.0,0.0,0.0,0.0,0.0,46.152222568120486,-10.740907878403064,True,False,False,False,True,0.0,0,0.8184079049628069,0.922615743310759,False,False,False,False,-0.1326547443299698,-0.1256086373867254,False,False,False,False,-40909522,-35561206.74746539,False,False,False,False,1246948.068935629,False,False,False,False
2025-04-28 00:00:00+00:00,3.53,3.59,3.53,3.59,493514,,,,,,,,,,,,,,,,,,,,,,8.529020473191528,4.704118335414189,5.6322680813048525,6.381979367867534,7.366002388547735,7.979516156670979,8.350696432153796,#000000,0.0,0.0,0.5560146151429582,4.54009643565797,-1.8166724545509692,0.0,0.0,0.0,0.0,0.0,0.0,0.0,0.0,46.03487661342719,-10.425897448663406,True,False,False,False,True,0.0,0,0.8339576090613436,0.9078165302231699,False,False,False,False,-0.1223527087576478,-0.1239806730721866,False,False,False,False,-41403036,-35790298.09070204,False,False,False,False,1217401.6348597219,False,False,False,False
2025-04-29 00:00:00+00:00,3.57,3.61,3.545,3.57,483646,,,,,,,,,,,,,,,,,,,,,,8.523164187598493,4.700610838113329,5.62810330553565,6.377547694044293,7.360948699829555,7.974068497326794,8.344975416804585,#000000,0.0,0.0,0.561537464756043,4.537364607631267,-1.7227071537453584,0.0,0.0,0.0,0.0,0.0,0.0,0.0,0.0,46.565828906381775,-9.459477744762971,True,False,False,False,True,0.0,0,0.8296628206564357,0.9039991038422771,False,False,False,False,-0.11581043305945427,-0.11989555306582043,False,False,False,False,-40919390,-35991438.949890204,False,False,False,False,1188626.9040809094,False,False,False,False
2025-04-30 00:00:00+00:00,3.48,3.52,3.43,3.51,656064,,,,,,,,,,,,,,,,,,,,,,8.51508482189995,4.695474993147024,5.622211384552759,6.371348317964058,7.353937389933958,7.9665355661053106,8.337077219796615,"rgba(239, 83, 80, 0.5)",0.0,0.0,0.560480392405114,4.532179436165918,-1.8772814364671024,0.0,0.0,0.0,0.0,0.0,0.0,0.0,0.0,45.696943070939014,-9.459477744762971,True,False,False,True,True,0.0,0,0.8255987523671607,0.9034198507296433,False,False,False,False,-0.1542888110041018,-0.13709218203496112,False,False,False,False,-41575454,-36210419.93224745,False,False,False,False,1167742.0843130306,False,False,False,False
2025-05-01 00:00:00+00:00,3.45,3.505,3.43,3.46,471707,,,,,,,,,,,,,,,,,,,,,,8.509274517003504,4.691763780751338,5.6179655465064995,6.3668843316397306,7.348892469866665,7.961116956263274,8.33139679445328,"rgba(239, 83, 80, 0.5)",0.0,0.0,0.5547664064866281,4.528463217445906,-1.9439951749708204,0.0,0.0,0.0,0.0,0.0,0.0,0.0,0.0,44.715209868295915,-9.459477744762971,True,False,False,True,True,0.0,0,0.828638602776534,0.904052843708017,False,False,False,False,-0.1571208134442264,-0.14710649773959378,False,False,False,False,-42047161,-36439311.738825984,False,False,False,False,1140446.5908105588,False,False,False,False
2025-05-02 00:00:00+00:00,3.55,3.57,3.51,3.53,640378,,,,,,,,,,,,,,,,,,,,,,8.501535211788989,4.687093241085803,5.612445429709329,6.36101574523051,7.342207948867759,7.953914748418401,8.32383530679801,"rgba(239, 83, 80, 0.5)",0.0,0.0,0.5509870585949004,4.5246535337923826,-1.7689227334629154,0.0,0.0,0.0,0.0,0.0,0.0,0.0,0.0,45.806745373017876,-9.171700391623112,True,False,False,True,True,0.0,0,0.8273214082260454,0.9143215221601921,False,False,False,False,-0.12984241145026748,-0.13847445459493063,False,False,False,False,-41406783,-36634114.53338183,False,False,False,False,1120836.0578375957,False,False,False,False
2025-05-05 00:00:00+00:00,3.48,3.565,3.47,3.55,686194,,,,,,,,,,,,,,,,,,,,,,8.493205015973347,4.681964200533794,5.606453902574749,6.354669120546874,7.334999181497366,7.946156426562476,8.315694533821084,"rgba(239, 83, 80, 0.5)",0.0,0.0,0.5462039351186154,4.520107528341666,-1.90424759227667,0.0,0.0,0.0,0.0,0.0,0.0,0.0,0.0,45.48160099441054,-9.171700391623112,True,False,False,True,True,0.0,0,0.8123297160009239,0.9339644423920578,False,False,False,False,-0.13828572021614582,-0.13838008740553823,False,False,False,False,-42092977,-36848187.57128842,False,False,False,False,1103791.2712557293,False,False,False,False
2025-05-06 00:00:00+00:00,3.41,3.4686,3.41,3.44,385278,,,,,,,,,,,,,,,,,,,,,,8.48846944067027,4.678920452365334,5.60298447066791,6.351023982216453,7.330884009809848,7.941738384659983,8.31106425760481,"rgba(239, 83, 80, 0.5)",0.0,0.0,0.5448505208682585,4.418694914706258,-1.8513241266592344,0.0,0.0,0.0,0.0,0.0,0.0,0.0,0.0,44.2559816791253,-9.171700391623112,True,False,False,True,True,0.0,0,0.7965031682703594,0.9570758038019253,False,False,False,False,-0.16535012717113082,-0.15186510728833452,False,False,False,False,-42478255,-37068974.52927711,False,False,False,False,1075614.2802260928,False,False,False,False
2025-05-07 00:00:00+00:00,3.43,3.4999,3.43,3.47,979178,,,,,,,,,,,,,,,,,,,,,,8.476530172066385,4.671396877946228,5.594312408033476,6.341875707998163,7.320527765142424,7.930607738878738,8.299392982988193,"rgba(239, 83, 80, 0.5)",0.0,0.0,0.5310736024050661,4.412874946713159,-1.850732068515599,0.0,0.0,0.0,0.0,0.0,0.0,0.0,0.0,43.84193632764958,-9.171700391623112,True,False,False,True,False,0.0,1,0.7993358465592837,0.9489358181968595,False,False,False,False,-0.14471536877637356,-0.14829023803235403,False,False,False,False,-41499077,-37242704.03793291,False,False,False,False,1071832.4653152656,False,False,False,False
2025-05-08 00:00:00+00:00,3.52,3.56,3.44,3.46,567514,,,,,,,,,,,,,,,,,,,,,,8.469709509106217,4.667267676241985,5.589442674638087,6.3366973956549915,7.314633235640813,7.92425844239063,8.292728367804447,"rgba(239, 83, 80, 0.5)",0.0,0.0,0.5203755746949144,4.410481515622552,-1.7112285028839467,0.0,0.0,0.0,0.0,1.0,3.53,3.4999,0.0,45.337297765746996,-8.641100177366198,True,False,False,True,False,0.0,1,0.8158184987962384,0.9339176223626949,False,False,False,False,-0.12650517418286228,-0.13739770610760815,False,False,False,False,-40931563,-37387365.17370025,False,False,False,False,1052055.27059702,False,False,False,False
2025-05-09 00:00:00+00:00,3.57,3.59,3.53,3.55,652478,,,,,,,,,,,,,,,,,,,,,,8.461980077761272,4.662786348314185,5.584023447034108,6.330885894501766,7.307979212284819,7.917074411934353,8.285179295986593,#000000,0.0,0.0,0.514085631034714,4.408576476126102,-1.6311999898504783,0.0,0.0,0.0,0.0,0.0,0.0,0.0,0.0,47.26285160739614,-6.646234667333701,True,False,False,False,True,0.0,1,0.8283729805971389,0.9244746293069735,False,False,False,False,-0.06888283862457306,-0.10314027236609061,False,False,False,False,-40279085,-37500765.95120221,False,False,False,False,1036385.5737108623,False,False,False,False
2025-05-12 00:00:00+00:00,3.72,3.765,3.7,3.75,609982,,,,,,,,,,,,,,,,,,,,,,8.455018710553528,4.659253483182665,5.579394880420265,6.3257974838430115,7.302053041419482,7.910633373819219,8.27838951334467,"rgba(38, 166, 154, 1.0)",0.0,0.0,0.5099326222939691,4.409413278751485,-1.3519693555789953,0.0,0.0,0.0,0.0,0.0,0.0,0.0,0.0,51.00792673487977,-3.0565303009094436,True,False,True,False,True,0.0,1,0.8518589429094524,0.9099905467338375,False,False,False,False,0.01460278339848179,-0.04426874448380441,False,False,False,False,-39669103,-37585798.77664526,False,False,False,False,1019663.8649378874,False,False,False,False
2025-05-13 00:00:00+00:00,3.81,3.83,3.735,3.75,429118,,,,,,,,,,,,,,,,,,,,,,8.450199148917687,4.656952101275095,5.5762634635567805,6.32231672086852,7.2979694410800935,7.906182443475853,8.273691378445578,"rgba(38, 166, 154, 1.0)",0.0,0.0,0.504112528550686,4.410259610132426,-1.190725435565272,0.0,0.0,0.0,0.0,0.0,0.0,0.0,0.0,54.75874825511552,0.38672798178735945,True,False,True,False,True,0.0,0,0.8689875979832927,0.9015934935413837,False,False,False,False,0.037982831070561454,-0.003142956706621479,False,False,False,False,-39239985,-37650668.82461996,False,False,False,False,996505.2035677742,False,False,False,False
2025-05-14 00:00:00+00:00,3.81,3.86,3.785,3.85,1687195,,,,,,,,,,,,,,,,,,,,,,8.431453836481268,4.648295989612608,5.5642394673572175,6.308866596058876,7.282126754094994,7.88888807676833,8.255423712463072,"rgba(38, 166, 154, 1.0)",0.0,0.0,0.5005330491922171,4.411768976930453,-1.202256230435963,0.0,0.0,0.0,0.0,0.0,0.0,0.0,0.0,57.25929593527269,2.5867561145662776,True,False,True,False,True,0.0,0,0.8937323250569963,0.8614409049570827,False,False,False,False,0.05671557324171583,0.026786308267547177,False,False,False,False,-39239985,-37712994.94914467,False,False,False,False,1023591.0779376654,False,False,False,False
2025-05-15 00:00:00+00:00,3.71,3.76,3.7,3.75,649105,,,,,,,,,,,,,,,,,,,,,,8.42413472619106,4.644637423170954,5.559407909191913,6.303534498181392,7.275903931717355,7.882119053211906,8.248285916019713,"rgba(38, 166, 154, 1.0)",0.0,0.0,0.49790002252737225,4.410237357621368,-1.4063814539853166,0.0,0.0,0.0,0.0,0.0,0.0,0.0,0.0,56.67170335495983,2.5867561145662776,True,False,True,False,True,0.0,0,0.8669473894031324,0.8726532036028861,False,False,False,False,0.01343441217595462,0.0201103602217509,False,False,False,False,-39889090,-37798332.00996252,False,False,False,False,1008905.3493910903,False,False,False,False
2025-05-16 00:00:00+00:00,3.86,3.87,3.82,3.84,928983,,,,,,,,,,,,,,,,,,,,,,8.413980488788589,4.640164442290598,5.553011063876446,6.296314234832315,7.267351942478646,7.872763478099104,8.238394372679924,"rgba(38, 166, 154, 1.0)",0.0,0.0,0.49459303500008556,4.41020602707725,-1.1124419232413074,0.0,0.0,0.0,0.0,1.0,3.895,3.76,0.0,58.53490528359868,3.6237790654934514,True,False,True,False,True,0.0,0,0.8824827381026175,0.8534505200262811,False,False,False,False,0.0672693986786735,0.0436898794502122,False,False,False,False,-38960107,-37843891.81349341,False,False,False,False,1005771.1396110476,False,False,False,False
2025-05-19 00:00:00+00:00,4.1,4.13,3.895,3.9,1814798,,,,,,,,,,,,,,,,,,,,,,8.395100971711312,4.6336547343248435,5.542042726734255,6.283426680386561,7.251698070714639,7.85547659427046,8.22003710393724,"rgba(38, 166, 154, 1.0)",0.0,0.0,0.48585216303382883,4.415121561158698,-0.6485955711115304,0.0,0.0,0.0,0.0,0.0,0.0,0.0,0.0,62.43213613650066,7.2557726646891325,True,False,True,False,True,0.0,0,0.8815368064400456,0.8433886903510623,False,False,False,False,0.14647215877521536,0.09508101911271377,False,False,False,False,-37145309,-37816496.409042686,False,False,False,False,1037497.6831557124,False,False,False,False
2025-05-20 00:00:00+00:00,4.42,4.5,4.41,4.46,1258944,,,,,,,,,,,,,,,,,,,,,,8.383299120735014,4.632229454538481,5.536538993911255,6.276159078239021,7.242275447674405,7.844829241095155,8.208611675867607,"rgba(38, 166, 154, 1.0)",0.0,0.0,0.48157279860960406,4.425644264849835,-0.011720481028269914,0.0,0.0,0.0,0.0,0.0,0.0,0.0,0.0,67.37628793786794,11.747507152863427,True,False,True,False,True,2.1668990213855217,0,0.910901053085577,0.8338904263858443,False,False,False,False,0.34282820368542455,0.21895461139906916,False,False,False,False,-35886365,-37740804.98123709,False,False,False,False,1046181.8524437238,False,False,False,False
2025-05-21 00:00:00+00:00,4.53,4.77,4.51,4.67,1689615,,,,,,,,,,,,,,,,,,,,,,8.36820906942474,4.63194191985068,5.5303070537913275,6.267338697029789,7.2304456236002554,7.831310811517507,8.194032936349377,"rgba(38, 166, 154, 1.0)",0.0,0.0,0.47702221981635634,4.4078511680583965,0.25606528766863,0.0,0.0,0.0,0.0,0.0,0.0,0.0,0.0,71.29419762209915,15.181100695497022,True,False,True,False,True,3.4668518991446504,0,0.9126794960607737,0.8102008946917312,False,False,False,False,0.3428282093906182,0.28089141039484367,False,False,False,False,-34196750,-37601822.43295328,False,False,False,False,1071414.524896911,False,False,False,False
2025-05-22 00:00:00+00:00,4.48,4.58,4.47,4.49,1794611,,,,,,,,,,,,,,,,,,,,,,8.35191860088005,4.630666596455448,5.523121011008303,6.257551704548498,7.217553985189589,7.81666365386539,8.178277662836908,"rgba(38, 166, 154, 1.0)",0.0,0.0,0.47077325695050437,4.417217918157627,0.1333594908280313,0.0,0.0,0.0,0.0,0.0,0.0,0.0,0.0,72.86668617110456,16.456026126159273,True,False,True,False,True,2.8225998809630433,0,0.9046285118203452,0.8333899834737871,False,False,False,False,0.2918755404983946,0.28638347544661913,False,False,False,False,-35991361,-37538667.082641385,False,False,False,False,1099775.1709793853,False,False,False,False
2025-05-23 00:00:00+00:00,4.56,4.56,4.42,4.44,1667424,,,,,,,,,,,,,,,,,,,,,,8.33691849555752,4.629537413282407,5.516556052420772,6.248572685493442,7.205699630040103,7.803183474370176,8.163772477633366,"rgba(38, 166, 154, 1.0)",0.0,0.0,0.46902628674519287,4.425893808305924,0.28592468158811624,0.0,0.0,0.0,0.0,0.0,0.0,0.0,0.0,74.43363577426234,17.863829431452956,True,False,True,False,True,3.7773323701705976,0,0.9153477705180428,0.8260251555799765,False,False,False,False,0.2766670827169466,0.2815252790817829,False,False,False,False,-34323937,-37412599.23626329,False,False,False,False,1122035.9093723504,False,False,False,False
2025-05-27 00:00:00+00:00,4.56,4.63,4.505,4.61,1870025,,,,,,,,,,,,,,,,,,,,,,8.32046009483183,4.628848294771392,5.5096682196616245,6.238908591626171,7.192780707526785,7.788431049191871,8.14786914263719,"rgba(38, 166, 154, 1.0)",0.0,0.0,0.4712203822512082,4.436473779028308,0.2621410822289933,0.0,0.0,0.0,0.0,0.0,0.0,0.0,0.0,75.4782688430342,18.89338610272179,True,False,True,False,True,3.7773323701705976,0,0.9222293370706426,0.8336937742391479,False,False,False,False,0.3105219011574225,0.29602359011960266,False,False,False,False,-34323937,-37291475.22699806,False,False,False,False,1151368.8148871602,False,False,False,False
2025-05-28 00:00:00+00:00,4.51,4.585,4.49,4.58,823515,,,,,,,,,,,,,,,,,,,,,,8.313187346377033,4.628377859587653,5.506549995193654,6.2345953965093255,7.187052695928358,7.781903558591988,8.140838962539947,"rgba(38, 166, 154, 1.0)",0.0,0.0,0.4743122854665164,4.440090720134585,0.14739082669270134,0.0,0.0,0.0,0.0,0.0,0.0,0.0,0.0,74.96575969984005,18.89338610272179,True,False,True,False,True,3.1049951671570533,0,0.9152362712150234,0.8474445608836536,False,False,False,False,0.2973387738681107,0.2966811819938567,False,False,False,False,-35147452,-37207395.884762846,False,False,False,False,1138511.8025386443,False,False,False,False
2025-05-29 00:00:00+00:00,4.61,4.65,4.57,4.61,1069861,,,,,,,,,,,,,,,,,,,,,,8.303983560191021,4.628266792032725,5.502864198397131,6.229290979517584,7.179875337405213,7.773674252056105,8.131952010233373,"rgba(38, 166, 154, 1.0)",0.0,0.0,0.47748202173632365,4.446041507296017,0.3433814997007888,0.0,0.0,0.0,0.0,0.0,0.0,0.0,0.0,75.43427188465243,19.20948419455668,True,False,True,False,True,4.335800129740981,0,0.9210371737853491,0.8343902468262631,False,False,False,False,0.3293799077870791,0.3130305448904679,False,False,False,False,-34077591,-37084658.438301556,False,False,False,False,1135819.6142037956,False,False,False,False
2025-05-30 00:00:00+00:00,4.44,4.5302,4.42,4.53,836442,,,,,,,,,,,,,,,,,,,,,,8.296535323584651,4.627491461759635,5.499533914630997,6.224794655615063,7.173973177745821,7.766973312659837,8.124747170488266,"rgba(38, 166, 154, 0.75)",0.0,0.0,0.47482560098595916,4.448313321762998,-0.0175081582495457,0.0,0.0,0.0,0.0,0.0,0.0,0.0,0.0,71.96591415720374,19.20948419455668,True,False,True,False,False,2.0477101297963607,0,0.9105364962204372,0.8348740343424039,False,False,False,False,0.27023068749516915,0.2916306161928185,False,False,False,False,-34914033,-36999535.872093655,False,False,False,False,1124079.3156075685,False,False,False,False
2025-06-02 00:00:00+00:00,4.58,4.62,4.49,4.58,2089602,,,,,,,,,,,,,,,,,,,,,,8.278535574575296,4.626746454631838,5.492100195302807,6.214292996739585,7.159879350166201,7.750853780354827,8.107358985774589,"rgba(38, 166, 154, 0.75)",0.0,0.0,0.47498669493017,4.456821787273401,0.25932981711142084,0.0,0.0,0.0,0.0,0.0,0.0,0.0,0.0,71.03597303054508,19.20948419455668,True,False,True,False,False,3.773929248435252,0,0.9247192732328653,0.8124992635709155,False,False,False,False,0.30501645496328944,0.29832353557805397,False,False,False,False,-32824431,-36835806.26926646,False,False,False,False,1161942.9502896245,False,False,False,False
2025-06-03 00:00:00+00:00,4.72,4.76,4.56,4.58,938959,,,,,,,,,,,,,,,,,,,,,,8.270756034660199,4.627022881420506,5.489212953658651,6.209947621474276,7.153878077794176,7.743926382795559,8.099856197315143,"rgba(38, 166, 154, 0.75)",0.0,0.0,0.4785856791135504,4.461933920004846,0.5392264985303177,0.0,0.0,0.0,0.0,0.0,0.0,0.0,0.0,71.60158689097449,19.20948419455668,True,False,True,False,False,5.453152227104322,0,0.944163975329082,0.7969779290885989,False,False,False,False,0.3428282099314564,0.3205758727547552,False,False,False,False,-31885472,-36641675.51360895,False,False,False,False,1153198.4816508158,False,False,False,False
2025-06-04 00:00:00+00:00,4.67,4.74,4.66,4.72,518361,,,,,,,,,,,,,,,,,,,,,,8.266487581457742,4.627202833694444,5.487647392068225,6.207574856092005,7.150590788922048,7.740127860240279,8.095740339818338,"rgba(38, 166, 154, 0.75)",0.0,0.0,0.4817205649575577,4.464706882564169,0.42616639680707524,0.0,0.0,0.0,0.0,0.0,0.0,0.0,0.0,70.92730070499357,19.20948419455668,True,False,True,False,False,4.767801469651175,0,0.9603945354041771,0.7953347590833131,False,False,False,False,0.3428282109750677,0.3317020418649115,False,False,False,False,-32403833,-36475485.61111448,False,False,False,False,1128302.8941350975,False,False,False,False
2025-06-05 00:00:00+00:00,4.7,4.775,4.7,4.72,879519,,,,,,,,,,,,,,,,,,,,,,8.259339048765662,4.627674693775867,5.48512098531878,6.203658277002334,7.145112220780817,7.733778072501914,8.088851058315502,"rgba(38, 166, 154, 0.75)",0.0,0.0,0.4855029156260618,4.469656451122486,0.47444318347807196,0.0,0.0,0.0,0.0,0.0,0.0,0.0,0.0,70.75993159320481,19.20948419455668,True,False,True,False,False,5.1321962092898765,0,0.9626663856987329,0.7885365082709938,False,False,False,False,0.3428282119099384,0.33726512688742494,False,False,False,False,-31524314,-36281322.018521756,False,False,False,False,1118546.6629925447,False,False,False,False
2025-06-06 00:00:00+00:00,4.6,4.655,4.5992,4.64,870825,,,,,,,,,,,,,,,,,,,,,,8.252076268288773,4.627629012620283,5.4822864013582056,6.199521779154475,7.139473531979823,7.727294837995724,8.081841608013644,"rgba(38, 166, 154, 0.75)",0.0,0.0,0.4885714421191437,4.473038835026676,0.25986202636535316,0.0,0.0,0.0,0.0,0.0,0.0,0.0,0.0,68.4750567790215,23.58227009305469,True,False,True,False,False,3.74256970625477,0,0.954914622569644,0.800614108078334,False,False,False,False,0.2965848504173228,0.31692498865237384,False,False,False,False,-32395139,-36128922.68446208,False,False,False,False,1108832.0879732294,False,False,False,False
2025-06-09 00:00:00+00:00,4.76,4.785,4.7,4.7,824699,,,,,,,,,,,,,,,,,,,,,,8.24547044442308,4.628170064828897,5.480021061479855,6.195945279385281,7.134431356963011,7.721436033615987,8.075478158394741,"rgba(38, 166, 154, 0.75)",0.0,0.0,0.49115234971539773,4.477543471365035,0.5750894377246423,0.0,0.0,0.0,0.0,0.0,0.0,0.0,0.0,68.63754404019168,23.494603619764177,True,False,True,False,False,5.704528157029344,0,0.9562147545530186,0.7848063233798652,False,False,False,False,0.3428282120315562,0.32987660034196503,False,False,False,False,-31570440,-35950158.65762043,False,False,False,False,1097689.6139350636,False,False,False,False
2025-06-10 00:00:00+00:00,4.96,4.98,4.8593,4.86,1172391,,,,,,,,,,,,,,,,,,,,,,8.236616267163154,4.63010085362825,5.4776317909421595,6.191536253804713,7.127852122535983,7.713661869987701,8.06697364318256,"rgba(38, 166, 154, 0.75)",0.0,0.0,0.4979307813977648,4.486428959525602,0.9510780577674157,0.0,0.0,0.0,0.0,0.0,0.0,0.0,0.0,70.4170458017915,23.494603619764177,True,False,True,False,False,8.055557846329158,0,0.962806880554854,0.7815952047401419,False,False,False,False,0.34282821593267926,0.33635240813732215,False,False,False,False,-30398049,-35732428.86712551,False,False,False,False,1100619.080055257,False,False,False,False
2025-06-11 00:00:00+00:00,4.87,4.89,4.805,4.83,690415,,,,,,,,,,,,,,,,,,,,,,8.231301450729164,4.630936348638995,5.476034095976692,6.188793928620415,7.123858792992212,7.708975931160466,8.061862603998176,"rgba(38, 166, 154, 0.75)",0.0,0.0,0.4994626662276977,4.490730860514647,0.7593543324266196,0.0,0.0,0.0,0.0,0.0,0.0,0.0,0.0,69.77769724222712,23.494603619764177,True,False,True,False,False,6.781483764581029,0,0.9451831812554451,0.7871406300151315,False,False,False,False,0.31530808299140317,0.3258302455643627,False,False,False,False,-31088464,-35550312.59782647,False,False,False,False,1084532.645543286,False,False,False,False
2025-06-12 00:00:00+00:00,4.85,4.895,4.83,4.88,683932,,,,,,,,,,,,,,,,,,,,,,8.226058168311937,4.631770122260151,5.474467918879977,6.18609518827323,7.11992256356333,7.704354519451461,8.056820815782487,"rgba(38, 166, 154, 0.75)",0.0,0.0,0.5009503400972682,4.494881377774556,0.708889871511997,0.0,0.0,0.0,0.0,0.0,0.0,0.0,0.0,68.94557427997276,23.266942869409675,True,False,True,False,False,6.497995998415945,0,0.9383243093155632,0.799053635059466,False,False,False,False,0.3209903404412904,0.32341029300282653,False,False,False,False,-31772396,-35402159.00575484,False,False,False,False,1068822.8163062944,False,False,False,False
2025-06-13 00:00:00+00:00,5.45,5.515,5.3,5.46,3377352,,,,,,,,,,,,,,,,,,,,,,8.204694688414271,4.645817782405414,5.473814989101799,6.1785141124935485,7.105475893823391,7.686225310099383,8.0364989702199,"rgba(38, 166, 154, 1.0)",0.0,0.0,0.5227240844544986,4.550203745430405,1.721359855665727,0.0,0.0,0.0,0.0,0.0,0.0,0.0,0.0,72.42319485162065,23.266942869409675,True,False,True,False,True,13.069695963011878,0,0.9573216327966924,0.7743577900941323,False,False,False,False,0.3428282237145618,0.33311925835869416,False,False,False,False,-28395044,-35127370.18199975,False,True,False,False,1159353.372529577,False,False,False,False
2025-06-16 00:00:00+00:00,5.2,5.4688,5.19,5.45,1438789,,,,,,,,,,,,,,,,,,,,,,8.195254166794257,4.6506335010921065,5.472832168218806,6.1747603302798755,7.0989069277713535,7.678132674867918,8.027493159316059,"rgba(38, 166, 154, 1.0)",0.0,0.0,0.5354117721586732,4.561583373981136,1.1923843651119146,0.0,0.0,0.0,0.0,0.0,0.0,0.0,0.0,70.90751048568163,23.266942869409675,True,False,True,False,True,9.618249281700358,0,0.9751944861471273,0.7650584595787271,False,False,False,False,0.3190346168985188,0.32607693762860646,False,False,False,False,-29833833,-34919780.488588,False,False,False,False,1170311.6324303779,False,False,False,False
2025-06-17 00:00:00+00:00,5.36,5.445,5.325,5.37,1870887,,,,,,,,,,,,,,,,,,,,,,8.183448078017177,4.657663542160321,5.472181317136892,6.170418041546585,7.090858256762359,7.668085565113718,8.016253842765677,"rgba(38, 166, 154, 1.0)",0.0,0.0,0.5553082740961134,4.579669765399451,1.4052198949686252,0.0,0.0,0.0,0.0,0.0,0.0,0.0,0.0,70.88828417525703,23.266942869409675,True,False,True,False,True,11.249834955771359,0,1.0002215123463987,0.7211392729731619,False,False,False,False,0.3359361379357286,0.3310065377821675,False,False,False,False,-27962946,-34646963.44981984,False,False,False,False,1197785.1762566376,False,False,False,False
2025-06-18 00:00:00+00:00,5.4,5.515,5.365,5.47,1645571,,,,,,,,,,,,,,,,,,,,,,8.173328816175928,4.66415759006175,5.471911974600034,6.166875717445896,7.084045524827841,7.6595119441495765,8.006632368973847,"rgba(38, 166, 154, 1.0)",0.0,0.0,0.576210296946029,4.612435438252446,1.3668005690313472,0.0,0.0,0.0,0.0,0.0,0.0,0.0,0.0,71.11668100638269,23.266942869409675,True,False,True,False,True,11.653101900234493,0,1.0159149309050437,0.7078828642139045,False,False,False,False,0.34282822412265046,0.336917380952409,False,False,False,False,-26317375,-34320312.922375925,False,False,False,False,1215345.4046387302,False,False,False,False
2025-06-20 00:00:00+00:00,5.23,5.33,5.21,5.28,839975,,,,,,,,,,,,,,,,,,,,,,8.167874134716559,4.66670069383613,5.471263747356754,6.164668237091204,7.080234956576593,7.6548295317697965,8.001426835978817,"rgba(38, 166, 154, 0.75)",0.0,0.0,0.5913416719404251,4.615227243332791,1.0396235980628552,0.0,0.0,0.0,0.0,0.0,0.0,0.0,0.0,68.78804068424186,22.879385414126887,True,False,True,False,False,9.339414159201663,0,1.0157306586840633,0.6968479051628523,False,False,False,False,0.2913176951976566,0.3141175380750328,False,False,False,False,-27157350,-34039412.41561609,False,False,False,False,1200624.996613682,False,False,False,False
2025-06-23 00:00:00+00:00,5.11,5.325,5.0801,5.32,2551152,,,,,,,,,,,,,,,,,,,,,,8.150951793326167,4.673199072585213,5.468548568025376,6.15740761580969,7.068223673799428,7.640219525784171,7.985251149683646,"rgba(38, 166, 154, 0.75)",0.0,0.0,0.6027965757301842,4.6239899660728,0.8062587836344003,0.0,0.0,0.0,0.0,0.0,0.0,0.0,0.0,65.63853251210102,19.85274535818364,True,False,True,False,False,7.747995797815111,0,1.0113303283332105,0.7085026724796177,False,False,False,False,0.26762643913508916,0.29087198860506097,False,False,False,False,-29708502,-33869572.79147428,False,False,False,False,1253586.8398837338,False,False,False,False
2025-06-24 00:00:00+00:00,4.55,4.605,4.5101,4.57,2773252,,,,,,,,,,,,,,,,,,,,,,8.129008694669531,4.6715689290760505,5.459635649033514,6.144771400961271,7.051146869247164,7.620612283113847,7.964067414188054,"rgba(38, 166, 154, 0.5)",0.0,0.0,0.6049901495738629,4.604483919676382,-0.09005753187016234,0.0,0.0,0.0,0.0,0.0,0.0,0.0,0.0,58.05583185141563,12.870200031968068,False,False,True,False,False,0.9258045133141231,0,0.9634566632008132,0.7439279413998153,False,False,False,False,0.04901773128801311,0.16994485994653705,False,False,False,False,-32481754,-33815148.52514196,False,False,False,False,1313181.552045156,False,False,False,False
2025-06-25 00:00:00+00:00,4.39,4.45,4.38,4.45,1444905,,,,,,,,,,,,,,,,,,,,,,8.117211580772864,4.669678503794663,5.4543100605755725,6.137659295092168,7.041817834320459,7.6100053954722595,7.952657865677013,#000000,0.0,0.0,0.6051691744711173,4.594662793534312,-0.3381910417251099,0.0,0.0,0.0,0.0,0.0,0.0,0.0,0.0,51.85496433528297,7.469113563879603,False,False,False,False,False,0.0,0,0.9394308126690843,0.7705884437723722,False,False,False,False,-0.006986431127735574,0.08147921440940073,False,False,False,False,-33926659,-33819521.48494032,False,False,False,False,1318347.17745515,False,False,False,False
2025-06-26 00:00:00+00:00,4.44,4.485,4.3841,4.41,908756,,,,,,,,,,,,,,,,,,,,,,8.109889235453199,4.668636009378366,5.451082277325615,6.133292195953292,7.0360498400612475,7.603431626861,7.9455791685218715,"rgba(239, 83, 80, 1.0)",0.0,0.0,0.6061017962254454,4.589985369751654,-0.24745904184033277,0.0,0.0,0.0,0.0,0.0,0.0,0.0,0.0,48.26212451625895,4.575131979010592,False,True,False,True,False,0.0,0,0.9219261226231686,0.7786879415809189,False,False,False,False,-0.0005589205783043228,0.0404601469155482,False,False,False,False,-33017903,-33788085.465923056,False,False,False,False,1302284.7783392617,False,False,False,False
2025-06-27 00:00:00+00:00,4.42,4.4499,4.3,4.34,1136455,,,,,,,,,,,,,,,,,,,,,4.389966666666667,8.100657944009287,4.66708750974035,5.446891161619225,6.127713848309284,7.028744345264436,7.595129068861344,7.936650310784981,"rgba(239, 83, 80, 1.0)",0.0,0.0,0.6062987697484814,4.551411359092122,-0.21674356876336273,1.0,4.4499,4.3,0.0,0.0,0.0,0.0,0.0,45.70726724289651,2.543136378181792,False,True,False,True,False,0.0,0,0.9263556265152858,0.7774466323694637,False,False,True,False,-0.02134678707358348,0.009556679920982362,False,False,False,False,-34154358,-33802449.09471039,False,False,False,False,1295781.6497769377,False,False,False,False
2025-06-30 00:00:00+00:00,4.42,4.46,4.4,4.46,715115,,,,,,,,,,,,,,,,,,,,,4.4041409730661005,8.094929816334112,4.666249784172229,5.444361815310922,6.124295679405838,7.024231647898777,7.5899862046552355,7.931112673627279,"rgba(239, 83, 80, 1.0)",0.0,0.0,0.6064321296965158,4.549307624243022,-0.21322686894530707,0.0,0.0,0.0,0.0,0.0,0.0,0.0,0.0,44.00402906065489,1.1550478410729568,False,True,False,True,False,0.0,0,0.9342454345369103,0.7820593658913806,False,False,False,False,-0.003183412903727484,0.003186633508627439,False,False,False,False,-34154358,-33816249.443937436,False,False,False,False,1273010.4086092147,False,False,False,False
2025-07-01 00:00:00+00:00,4.6,4.64,4.405,4.44,2087038,,,,,,,,,,,,,,,,,,,,,4.480547392589801,8.078865243621937,4.665062746705832,5.437925196065865,6.115107319876132,7.01176325059497,7.57564557615826,7.915608362958165,"rgba(239, 83, 80, 1.0)",0.0,0.0,0.6090562778182927,4.549711770097337,0.08256746007577556,0.0,0.0,0.0,0.0,0.0,0.0,0.0,0.0,45.09926535163207,1.1550478410729568,False,True,False,True,False,1.5618730907867402,0,0.9324686044454926,0.7810388538411651,False,False,False,False,0.027337724571103412,0.015262179039865426,False,False,False,False,-32067320,-33747663.97554773,False,False,False,False,1304933.0592519906,False,False,False,False
2025-07-02 00:00:00+00:00,5.0,5.01,4.79,4.81,2012879,,,,,,,,,,,,,,,,,,,,,4.633686147932441,8.065183366996019,4.667642357256443,5.434453313429769,6.108499189232016,7.001717178791663,7.563684792630028,7.902483394985108,#000000,0.0,0.0,0.61707849895633,4.565124292841236,0.704733203140724,0.0,0.0,0.0,0.0,0.0,0.0,0.0,0.0,49.62323348221229,1.1550478410729568,False,True,False,False,True,5.879894276738327,0,0.9676363178441004,0.7559844764227085,False,False,False,False,0.15304617375050272,0.08415417639518408,False,False,False,False,-30054441,-33602831.70199684,False,False,False,False,1332695.6451636772,False,False,False,False
2025-07-03 00:00:00+00:00,4.99,5.04,4.97,4.98,751285,,,,,,,,,,,,,,,,,,,,,4.674744698387473,8.060215263888592,4.6688309085556545,5.433340452042239,6.106190522861236,6.998112489170307,7.559360709438573,7.89772353084939,#000000,0.0,0.0,0.6245936192353494,4.570576350158964,0.6715144646442436,0.0,0.0,0.0,0.0,0.0,0.0,0.0,0.0,52.52376946799052,-5.199843207960612,False,True,False,False,True,5.758760083030598,0,0.9822958574393341,0.7696374534788002,False,False,False,False,0.18870878088856335,0.13643147864187372,False,False,False,False,-30805726,-33493141.28231069,False,False,False,False,1309895.227706278,False,False,False,False
2025-07-07 00:00:00+00:00,4.98,4.99,4.891,4.96,1219346,,,,,,,,,,,,,,,,,,,,,4.717675438163548,8.052064588950548,4.6704745822744576,5.43135451992932,6.102307835562742,6.992154557257986,7.5522471359312195,7.889908353230235,"rgba(38, 166, 154, 0.5)",0.0,0.0,0.6318067043899067,4.577340482526774,0.6373144106820583,0.0,0.0,0.0,0.0,0.0,0.0,0.0,0.0,54.33203706018172,-3.4724621192038683,False,False,True,False,True,5.635527221772119,0,0.9776939993716619,0.7757880406325268,False,False,False,False,0.1667512077526801,0.1515913431972769,False,False,False,False,-32025072,-33435569.93790635,False,False,False,False,1306344.2776001496,False,False,False,False
2025-07-08 00:00:00+00:00,5.15,5.24,4.96,4.99,1915116,,,,,,,,,,,,,,,,,,,,,4.795351183760936,8.040017987045564,4.6744822587289825,5.429321453250092,6.097120102860311,6.983609419718967,7.54184848895458,7.87839394625984,"rgba(38, 166, 154, 0.5)",0.0,0.0,0.6421908447505338,4.591825953957102,0.8691716031232546,0.0,0.0,0.0,0.0,0.0,0.0,0.0,0.0,57.04651867449896,-0.8235668451484912,False,False,True,False,True,7.4242803843864,0,0.9979699739652027,0.7468890137743572,False,False,False,False,0.22138656723882932,0.18648895521805312,False,False,False,False,-30109956,-33305153.70504728,False,False,False,False,1330217.6784785753,False,False,False,False
2025-07-09 00:00:00+00:00,5.17,5.21,5.09,5.16,1741522,,,,,,,,,,,,,,,,,,,,,4.849695438223242,8.0292975797294,4.678388733428535,5.427728970821645,6.092640327221616,6.976071214622452,7.5326239036344,7.868156404152466,"rgba(38, 166, 154, 0.5)",0.0,0.0,0.6527759711178034,4.604372616463696,0.8664954112323293,0.0,0.0,0.0,0.0,0.0,0.0,0.0,0.0,59.028035192774816,1.1658907136349441,False,False,True,False,True,7.632833462846996,0,1.01281363745279,0.7481886331739709,False,False,False,False,0.2387698179264378,0.21262938657224545,False,False,False,False,-28368434,-33111556.853868958,False,False,False,False,1346347.2597147096,False,False,False,False
2025-07-10 00:00:00+00:00,5.25,5.285,5.11,5.11,957999,,,,,,,,,,,,,,,,,,,,,4.877610269842555,8.023553340856617,4.680769608099565,5.427047682188601,6.090346635097386,6.972083065451569,7.527703718431922,7.862678021596117,"rgba(38, 166, 154, 0.5)",0.0,0.0,0.6646205447236724,4.611558108497652,0.9606111285166352,0.0,0.0,0.0,0.0,0.0,0.0,0.0,0.0,61.0523316212915,3.245403286770504,False,False,True,False,True,8.470886640031509,0,1.0109583178475294,0.7452557128537801,False,False,False,False,0.2554159798432275,0.23402268320773648,False,False,False,False,-27410435,-32887983.44783488,False,False,False,False,1331117.9161964857,False,False,False,False
2025-07-11 00:00:00+00:00,5.17,5.19,5.065,5.14,769949,,,,,,,,,,,,,,,,,,,,,4.892889031486185,8.018833531813128,4.682407298019669,5.426315009391611,6.088358142754457,6.9687576068683015,7.523639545258894,7.858169889517363,"rgba(38, 166, 154, 0.5)",0.0,0.0,0.6741781249376655,4.616225593019328,0.8214066676100978,0.0,0.0,0.0,0.0,0.0,0.0,0.0,0.0,61.12133184116688,3.563857153600509,False,False,True,False,True,7.424591939467984,0,0.999142930287953,0.7560245322291602,False,False,False,False,0.23093042100264702,0.23247655210519175,False,False,False,False,-28180384,-32703371.704782534,False,False,False,False,1309111.2920319177,False,False,False,False
2025-07-14 00:00:00+00:00,5.19,5.3,5.16,5.26,840276,,,,,,,,,,,,,,,,,,,,,4.912120173127645,8.013834038601294,4.684471057241721,5.425729247255779,6.0863686852324745,6.965290573216433,7.5193590802450965,7.853402365641773,"rgba(38, 166, 154, 0.5)",0.0,0.0,0.6836659792409545,4.622024246315257,0.8307796071925988,0.0,0.0,0.0,0.0,0.0,0.0,0.0,0.0,61.373542888728394,4.178212165571679,False,False,True,False,True,7.639986680868123,0,1.0225175587983213,0.7393283690074688,False,False,False,False,0.2668852874156586,0.24968091976042517,False,False,False,False,-27340108,-32493047.63792832,False,False,False,False,1290725.5943051758,False,False,False,False
2025-07-15 00:00:00+00:00,5.03,5.11,5.01,5.09,734607,,,,,,,,,,,,,,,,,,,,,4.918926401924293,8.009218290546672,4.685701319162785,5.424813704929771,6.084304951901482,6.9619829309953944,7.515359983521175,7.84898589300144,"rgba(38, 166, 154, 0.5)",0.0,0.0,0.6900587519055192,4.625191477862751,0.586629067480727,0.0,0.0,0.0,0.0,0.0,0.0,0.0,0.0,59.000365440536775,4.178212165571679,False,False,True,False,True,5.544211631436628,0,1.0079545829620093,0.7527918055693081,False,False,False,False,0.20757461798664295,0.22862776887353406,False,False,False,False,-28074715,-32319779.691342894,False,False,False,False,1268917.0219794826,False,False,False,False
2025-07-16 00:00:00+00:00,4.96,5.0,4.8648,5.0,694773,,,,,,,,,,,,,,,,,,,,4.9416,4.919937742427199,8.004706611501813,4.686513310655874,5.42370266204047,6.08215690319698,6.958688376823662,7.511423858463452,7.844660415541599,"rgba(38, 166, 154, 0.5)",0.0,0.0,0.6950972969682545,4.627077509975662,0.47895811345608374,0.0,0.0,0.0,0.0,0.0,0.0,0.0,0.0,56.40594803371534,4.178212165571679,False,False,True,False,False,4.642533625353007,0,0.9887347689478119,0.7753631914870321,False,False,False,False,0.16400539191437763,0.19631658039395583,False,False,False,False,-28769488,-32180552.56619219,False,False,False,False,1246401.57013715,False,False,False,False
2025-07-17 00:00:00+00:00,4.95,4.96,4.895,4.92,1035417,,,,,,,,,,,,,,,,,,,,4.937650288003052,4.920876577420544,7.9979930148868545,4.6876828371012325,5.422033790023327,6.078952182063167,6.953782407456998,7.505565150937386,7.838223405460613,"rgba(38, 166, 154, 0.5)",0.0,0.0,0.6998487095198058,4.629743488099416,0.4576082052367069,0.0,0.0,0.0,0.0,0.0,0.0,0.0,0.0,54.52747460734367,4.178212165571679,False,True,True,False,False,4.51277687914488,0,0.9964082905879638,0.7784673176411147,False,False,False,False,0.16234553449275346,0.17933105744335465,False,False,False,False,-29804905,-32087389.916537598,False,False,False,False,1238127.6654258892,False,False,False,False
2025-07-18 00:00:00+00:00,4.99,5.06,4.97,5.0,783214,,,,,,,,,,,,,,,,,,,,4.959156816200924,4.924739298531398,7.993052531472462,4.6888144485011685,5.420963614011377,6.076691048347035,6.950218368490436,7.501274216400416,7.833492915233544,#000000,0.0,0.0,0.7050905506989905,4.632452934156702,0.5070938271529017,0.0,0.0,0.0,0.0,0.0,0.0,0.0,0.0,53.88147047014309,10.305545716734208,False,True,False,False,False,4.9784173474007005,0,1.009940618746104,0.7592051879312796,False,False,False,False,0.1902405359860461,0.18478579671470036,False,False,False,False,-29021691,-31967166.429614555,False,False,False,False,1220287.9138405602,False,False,False,False
2025-07-21 00:00:00+00:00,5.36,5.395,5.25,5.25,1228726,,,,,,,,,,,,,,,,,,,,5.082564686012155,4.951806827031358,7.986183112894264,4.692390881851391,5.420617546779495,6.074245484009308,6.9455933743133516,7.495454216879176,7.82696165718383,"rgba(38, 166, 154, 0.5)",0.0,0.0,0.7164900180367252,4.641668772808045,1.0025697624654633,0.0,0.0,0.0,0.0,0.0,0.0,0.0,0.0,57.76875789797435,10.305545716734208,False,False,True,False,True,9.088202583897381,0,1.0117237879780956,0.7499207137873439,False,False,False,False,0.29859436874326234,0.24169008272898135,False,False,False,False,-27792965,-31803472.25590418,False,False,False,False,1220618.819180146,False,False,False,False
2025-07-22 00:00:00+00:00,5.14,5.195,5.09,5.11,1222443,,,,,,,,,,,,,,,,,,,5.1416666666666675,5.097117559449054,4.963501423464286,7.978888147605136,4.694851219102758,5.419504762000319,6.0711962353987765,6.94046904574439,7.489179544259059,7.819996093237201,"rgba(38, 166, 154, 0.5)",0.0,0.0,0.7233028100009535,4.647514598390483,0.6808841259843403,0.0,0.0,0.0,0.0,0.0,0.0,0.0,0.0,57.04790242593271,10.305545716734208,False,True,True,False,True,6.19672005579444,0,0.9891555722232637,0.7645165322832678,False,False,False,False,0.22950488659575283,0.23559748466236707,False,False,False,False,-29015408,-31694136.402731467,False,False,False,False,1220690.3556828855,False,False,False,False
2025-07-23 00:00:00+00:00,5.38,5.405,5.12,5.13,2037112,,,,,,,,,,,,,,,,,,,5.241661273292418,5.156630296869016,4.994981198285459,7.967495273618067,4.700338778895281,5.418726585790584,6.067026015383163,6.932747931675364,7.479504884204203,7.8091570773757395,"rgba(38, 166, 154, 0.5)",0.0,0.0,0.7294732889418224,4.660583596654218,0.9862134971238913,0.0,0.0,0.0,0.0,0.0,0.0,0.0,0.0,58.84516607268622,10.305545716734208,False,False,True,False,True,8.73327062284513,0,0.9842985816759047,0.7523536843821323,False,False,False,False,0.2677083801454416,0.25165293240390435,False,False,False,False,-26978296,-31509201.48497729,False,False,False,False,1252706.890754145,False,False,False,False
2025-07-24 00:00:00+00:00,5.37,5.5,5.295,5.32,1714430,,,,,,,,,,,,,,,,,,,5.2922161060665305,5.202205491414466,5.023559180196161,7.958291205003953,4.705535383767415,5.418558602046634,6.063944704926453,6.926648301569916,7.4717501643287365,7.800419821829835,"rgba(38, 166, 154, 0.5)",0.0,0.0,0.7286006085964837,4.691544071594434,0.9311767248074195,0.0,0.0,0.0,0.0,0.0,0.0,0.0,0.0,59.897531391677134,10.305545716734208,False,False,True,False,True,8.602227295167491,0,0.9980558609177149,0.7515878832295103,False,False,False,False,0.32452916204537935,0.28809104722464185,False,False,False,False,-28692726,-31398751.465958573,False,False,False,False,1270813.679352022,False,False,False,False
2025-07-25 00:00:00+00:00,5.12,5.16,4.96,5.16,1055314,,,,,,,,,,,,,,,,,,5.08,5.2550717170160794,5.189007302493831,5.025975224841995,7.95198243119164,4.70726836115622,5.417410684085321,6.061202607211802,6.922169815731755,7.466303081284396,7.7943894239944465,"rgba(38, 166, 154, 0.5)",0.0,0.0,0.7200333575858517,4.689138322439841,0.5983912731554056,0.0,0.0,0.0,0.0,0.0,0.0,0.0,0.0,57.260595657260566,10.305545716734208,False,True,True,False,True,5.392655000730606,0,0.9689759393149224,0.7796906483347161,False,False,False,False,0.18542975840177228,0.23676040281320707,False,False,False,False,-29748040,-31334017.682979807,False,False,False,False,1262362.7115342957,False,False,False,False
2025-07-28 00:00:00+00:00,5.25,5.265,5.18,5.22,619454,,,,,,,,,,,,,,,,,,5.13609763461765,5.252891104793134,5.191550446688056,5.031016931742985,7.948487018086219,4.708689029130503,5.417041744117072,6.05984783915186,6.919766711778805,7.463319744876074,7.791059193500586,"rgba(38, 166, 154, 0.5)",0.0,0.0,0.7073645287805256,4.691786854076621,0.7891449503210468,0.0,0.0,0.0,0.0,0.0,0.0,0.0,0.0,56.856336978577694,10.305545716734208,False,True,True,False,True,6.782299330215341,1,0.9799792042690104,0.7718845640743939,False,False,False,False,0.2512066523774593,0.2439835275953332,False,False,False,False,-29128586,-31247530.16600021,False,False,False,False,1237150.6051996173,False,False,False,False
2025-07-29 00:00:00+00:00,5.23,5.23,5.11,5.2,879849,,,,,,,,,,,,,,,,,,5.154662430154239,5.245541177720202,5.191429411162765,5.036365638816452,7.943461772089084,4.710533994482516,5.416403007012475,6.057834736806329,6.916281194849776,7.459017132571313,7.786267145843867,"rgba(38, 166, 154, 0.5)",0.0,0.0,0.7010165848627051,4.694825861229564,0.7634257881006495,0.0,0.0,0.0,0.0,0.0,0.0,0.0,0.0,56.32318213032103,10.305545716734208,False,True,True,False,False,6.526788394348923,1,0.9795489221861426,0.7691307069363482,False,False,False,False,0.22184496233145648,0.23291424496339486,False,False,False,False,-30008435,-31198938.198706087,False,False,False,False,1223138.7775447303,False,False,False,False
2025-07-30 00:00:00+00:00,5.05,5.14,5.035,5.14,1153083,,,,,,,,,,,,,,,,,,5.1298876657586465,5.222890259974495,5.1806233282718175,5.037997133752752,7.936629703125732,4.71235577329184,5.415148890418948,6.054862795291755,6.91143158457225,7.453118415154885,7.779736617811805,#000000,0.0,0.0,0.6894677931841017,4.696463927765226,0.5127666233720254,0.0,0.0,0.0,0.0,0.0,0.0,0.0,0.0,53.7098956075877,9.151647361284276,False,True,False,False,False,4.252835728330748,1,0.9625611634208625,0.7796654775133047,False,False,False,False,0.16860237957703703,0.20075831227021596,False,False,False,False,-31161518,-31197470.7399333,False,False,False,False,1220391.4921508194,False,False,False,False
2025-07-31 00:00:00+00:00,5.12,5.1665,5.075,5.08,848883,,,,,,,,,,,,,,,,,,5.128138760960425,5.213770409923803,5.176778015791012,5.04048468691237,7.931700437137498,4.713852161764612,5.414354215028881,6.052787418998175,6.907965719031456,7.448877214430635,7.775029546074904,#000000,0.0,0.0,0.6836346424257925,4.698754089874656,0.6161857284332536,0.0,0.0,0.0,0.0,0.0,0.0,0.0,0.0,52.823319251532254,8.118170582965895,False,True,False,False,False,5.027313739693451,1,0.9595186969987826,0.7954660149021857,False,False,False,False,0.13294186128542632,0.16685008677782115,False,False,False,False,-30312635,-31162771.299151607,False,False,False,False,1205822.5316743169,False,False,False,False
2025-08-01 00:00:00+00:00,4.91,5.005,4.9,4.98,936012,,,,,,,,,,,,,,,,,4.938333333333334,5.095793365400751,5.1891384471495625,5.1610702503347134,5.03719785581655,7.9259342893347275,4.714756002775378,5.412942799374683,6.0500646253766,6.903771745027864,7.4438540579594905,7.76950376812123,#000000,0.0,0.0,0.6764012349419146,4.698496151775018,0.3126899202706881,0.0,0.0,0.0,0.0,-1.0,5.075,4.99,899.0,49.829398344504696,5.1246496990793275,False,True,False,False,False,2.4324287393859123,1,0.9230195750511286,0.8085312163128784,False,False,False,False,0.02790871711107412,0.09737940194444764,False,False,False,False,-31248647,-31166138.973694682,False,False,False,False,1195241.726510618,False,False,False,False
2025-08-04 00:00:00+00:00,4.97,4.99,4.94,4.94,624843,,,,,,,,,,,,,,,,,4.949675761041224,5.082604198004677,5.176605345244399,5.152881266992025,5.03571474250051,7.9221337834201515,4.715431280500546,5.412061216153434,6.048300528986593,6.901022165141424,7.440549772517019,7.765863749798847,#000000,0.0,0.0,0.6670004659832989,4.6988333978520975,0.40654634588320065,0.0,0.0,0.0,0.0,0.0,0.0,0.0,0.0,48.628904251134166,3.877384258599392,False,True,False,False,False,3.11201108883726,0,0.9208670346627448,0.8368355098955041,False,False,False,False,0.03566269909937663,0.06652105052191214,False,False,False,False,-30623804,-31144870.93551058,False,False,False,False,1172873.1490003979,False,False,False,False
2025-08-05 00:00:00+00:00,4.97,5.0,4.905,4.96,656718,,,,,,,,,,,,,,,,,4.952239637657926,5.070556805871216,5.164403997038057,5.144633307360042,5.034041556610288,7.918138677193681,4.71611370281647,5.411121141397887,6.0464383855260255,6.898128308560689,7.437074747541241,7.762036861276689,"rgba(239, 83, 80, 1.0)",0.0,0.0,0.6574803939805235,4.699219674906786,0.4118454748952335,0.0,0.0,0.0,0.0,0.0,0.0,0.0,0.0,47.82857485555381,2.9654777658396227,False,True,False,True,False,3.11201108883726,0,0.9212625377298796,0.8158366957441731,False,False,False,False,0.02790871711107412,0.04721488381649313,False,False,False,False,-30623804,-31124436.93803958,False,False,False,False,1152631.7706082256,False,False,False,False
2025-08-06 00:00:00+00:00,4.98,5.035,4.95,5.01,840364,,,,,,,,,,,,,,,,,4.962158691736728,5.061482347300508,5.152650143245762,5.136590210972609,5.0328108994226675,7.913093711910909,4.717088852904069,5.410003176972339,6.044130211222319,6.8944948352559345,7.432695773163768,7.757207240407205,"rgba(239, 83, 80, 1.0)",0.0,0.0,0.6502603220917005,4.70023431684109,0.43023643555397073,0.0,0.0,0.0,0.0,0.0,0.0,0.0,0.0,47.447316601097185,2.3958151898162896,False,True,False,True,False,3.228651007977671,0,0.9307211633753739,0.8090424477618167,False,False,False,False,0.05273787836824544,0.049976381092369286,False,False,False,False,-29783440,-31071848.822822344,False,False,False,False,1140385.9756824127,False,False,False,False
2025-08-07 00:00:00+00:00,5.03,5.08,5.0,5.04,805060,,,,,,,,,,,,,,,,,4.9776863740769155,5.059109531572042,5.145678611942874,5.131895656793223,5.032907850937086,7.908356555074179,4.718181806254418,5.409059837414538,6.042029224392022,6.891114881588216,7.42859808400916,7.752676750283967,"rgba(239, 83, 80, 1.0)",0.0,0.0,0.6407214964681233,4.7018552550704165,0.5121487990311394,0.0,0.0,0.0,0.0,0.0,0.0,0.0,0.0,47.986570011657534,2.3958151898162896,False,True,False,True,False,3.8179090863823504,0,0.924787415410683,0.8090660921042998,False,False,False,False,0.08230965167444605,0.06614301638340767,False,False,False,False,-28978380,-30989752.006241076,False,False,False,False,1127235.9374203575,False,False,False,False
2025-08-08 00:00:00+00:00,4.91,5.03,4.905,5.03,899096,,,,,,,,,,,,,,,,,4.972144440830254,5.048421485681013,5.133264384066293,5.122744447290795,5.030597736182679,7.90292230913348,4.719057517784352,5.40776336053715,6.039487911813749,6.887175523302743,7.4238699031151025,7.747470895619459,"rgba(239, 83, 80, 1.0)",0.0,0.0,0.632845938584026,4.702585026975741,0.3277495522659815,0.0,0.0,0.0,0.0,-1.0,5.0,4.84,904.0,46.62165374177305,1.1741756516196915,False,True,False,True,False,2.2643816230270097,0,0.9166814376127368,0.8101846542034636,False,False,False,False,0.037213980200215775,0.05167849829181172,False,False,False,False,-29877476,-30946133.339329664,False,False,False,False,1118289.2732077946,False,False,False,False
2025-08-11 00:00:00+00:00,4.8,4.84,4.77,4.84,680481,,,,,,,,,,,,,,,,4.803333333333334,4.951038112971301,5.031742296525597,5.118270082180035,5.111130766536548,5.025994653849436,7.89862145028067,4.719299515485279,5.406478802924717,6.037317804862254,6.883982439667364,7.420094441518412,7.743340238634028,"rgba(239, 83, 80, 1.0)",0.0,0.0,0.6238034455972918,4.693353753595695,0.17096129743591068,0.0,0.0,0.0,0.0,0.0,0.0,0.0,0.0,44.30572993915575,-1.1950883278123285,False,True,False,True,False,0.8656810592494786,0,0.906776214953758,0.8357297021134618,False,False,False,False,-0.0635882446981894,-0.00595487320318884,False,False,True,False,-30557957,-30930910.737787325,False,False,False,False,1101120.321317293,False,False,True,False
2025-08-12 00:00:00+00:00,5.39,5.43,5.23,5.23,2049250,,,,,,,,,,5.35,,,,,,5.213724198464977,5.060166764017237,5.08587307073043,5.146167015471934,5.134704763408471,5.04462131393172,7.8880161151256765,4.724706697553753,5.406119631886828,6.033703249006701,6.876936395608168,7.4111517399520155,7.733270612830826,#000000,0.0,0.0,0.6169749509424223,4.726330843937996,1.075682497398406,0.0,0.0,0.0,0.0,1.0,5.4628,4.84,0.0,50.03771917298369,-4.777109269717222,False,True,False,False,True,7.548648195513483,0,0.9288299155609168,0.8150215833075797,False,False,False,False,0.2680765230590775,0.13106082492794432,False,False,False,False,-28508707,-30835922.35591331,False,False,False,False,1138301.8773440658,False,False,False,False
2025-08-13 00:00:00+00:00,5.76,5.77,5.4628,5.47,2331148,,,,,,,,,5.664266666666666,5.5172455588434355,,,,,,5.421253596750025,5.203529310491096,5.179639607621144,5.208572496106655,5.188155785684791,5.082656842004149,7.877539309587403,4.733781396666576,5.4079737073449925,6.031506290860654,6.870632934831472,7.402609164382485,7.723415275738572,"rgba(38, 166, 154, 0.5)",0.0,0.0,0.6180277261341793,4.75824242269592,1.6208942332897684,0.0,0.0,0.0,0.0,1.0,5.56,5.43,0.0,56.422325379924104,0.9899925505608209,False,False,True,False,True,11.227458426905272,0,0.9439052282790369,0.7983657351748135,False,False,False,False,0.3428281947547116,0.23694450984132798,False,False,False,False,-26177559,-30653241.439995144,False,False,False,False,1185080.1566639065,False,False,False,False
2025-08-14 00:00:00+00:00,5.69,5.7,5.56,5.6,1508281,,,,,,,,,5.65866215040483,5.551248261531434,,,,,,5.47377383584304,5.262958153712862,5.224292362280595,5.240487098240369,5.2164679398348115,5.104328394401008,7.8707697723673125,4.7394714157988735,5.409093201252435,6.030044018737846,6.86654149791614,7.397081393330603,7.717044791209172,"rgba(38, 166, 154, 0.5)",0.0,0.0,0.6153202637873553,4.773498191461472,1.4894711948821127,0.0,0.0,0.0,0.0,0.0,0.0,0.0,0.0,59.758261697171,3.770009818115035,False,False,True,False,True,10.329029402435808,0,0.9406992542200586,0.8130272019079455,False,False,False,False,0.342828195401208,0.289886352621268,False,False,False,False,-27685840,-30536872.756073765,False,False,False,False,1197754.6995398318,False,False,False,False
2025-08-15 00:00:00+00:00,5.74,5.78,5.65,5.67,1656251,,,,,,,,,5.67815231566127,5.589024102030546,,,,,,5.524024597449699,5.321668191578613,5.27140436687491,5.27600144243995,5.248436327391287,5.1292477665049185,7.863627261393926,4.746135508137181,5.410681252097737,6.028758509437151,6.862349081647874,7.391304459533441,7.710340859572876,"rgba(38, 166, 154, 1.0)",0.0,0.0,0.6133600268381006,4.790432846627015,1.5481399371068378,0.0,0.0,0.0,0.0,1.0,5.72,5.7,0.0,62.32243987324496,5.900791913870023,True,False,True,False,True,10.816454381419884,0,0.9400149792333353,0.8042097481737981,False,False,False,False,0.34282819914450496,0.3163572758828865,False,False,False,False,-26029589,-30360116.530345384,False,False,False,False,1215734.9466167013,False,False,False,False
2025-08-18 00:00:00+00:00,5.78,5.8,5.72,5.74,1022613,,,,,,,,,5.692038762009215,5.610227333336212,,,,,,5.550855078677707,5.354149092744907,5.298682325056867,5.297316057411527,5.26786060901096,5.14470708343656,7.859329769452237,4.750385673373919,5.411788556743419,6.028082017601935,6.859873788223087,7.38784964692731,7.7063139193424055,"rgba(38, 166, 154, 1.0)",0.0,0.0,0.608482738657027,4.800754294888416,1.6093237209536335,0.0,0.0,0.0,0.0,1.0,5.87,5.78,0.0,64.3146188029487,7.604365542526253,True,False,True,False,True,11.208938549146595,0,0.9457190495227135,0.8081202039801482,False,False,False,False,0.34282820094024513,0.3295927384115658,False,False,False,False,-25006976,-30150189.450724,False,False,False,False,1208161.536945458,False,False,False,False
2025-08-19 00:00:00+00:00,5.93,6.025,5.87,5.87,1974700,,,,,,,,5.941666666666666,5.750079575574829,5.672310255493067,,,,,,5.619620526602988,5.426728650785722,5.360494138242769,5.347183976241524,5.313338320363162,5.18036154892624,7.85177064271345,4.759889640068109,5.414952290341487,6.027653438965471,6.855885541684583,7.381935375038846,7.699282137334977,"rgba(38, 166, 154, 1.0)",0.0,0.0,0.604740671097613,4.824251168784495,1.8284677781114913,0.0,0.0,0.0,0.0,1.0,5.905,5.8,0.0,66.66835148030118,9.747929406050318,True,False,True,False,True,12.667478487175305,0,0.9576061768636838,0.7867424351688926,False,False,False,False,0.3428282073162519,0.3362104728639088,False,False,False,False,-23032276,-29871055.589911293,False,False,False,False,1238221.8688299498,False,False,False,False
2025-08-20 00:00:00+00:00,5.96,5.98,5.905,5.92,502757,,,,,,,,5.943019551230691,5.761159637213869,5.6848745411015535,,,,,,5.633714845170672,5.442633986851755,5.37453795431039,5.358800180324176,5.32406564798086,5.189010453767169,7.849862287317095,4.762298685936385,5.415761868571457,6.027553408596345,6.8548830288152365,7.380444258121834,7.697507549250147,"rgba(38, 166, 154, 1.0)",0.0,0.0,0.6028348346256621,4.82990192840513,1.8746396304331325,0.0,0.0,0.0,0.0,1.0,6.03,6.025,0.0,68.43698248802274,11.415457877810084,True,False,True,False,True,12.956982991553762,0,0.9604765745716756,0.8024411813296277,False,False,False,False,0.3404750746158977,0.3383427737399033,False,False,False,False,-22529519,-29583152.1942285,False,False,False,False,1209380.109267991,False,False,False,False
2025-08-21 00:00:00+00:00,6.04,6.14,6.03,6.1,1032107,,,,,,,6.070000000000001,5.980362483298021,5.792946717974405,5.717787281048902,,,,,,5.6690109342351125,5.479592927698475,5.4070521172860895,5.385936134314328,5.349068070374383,5.208918413535623,7.846206501593693,4.767717922628963,5.417794097211143,6.027663014794497,6.853107179380045,7.377652087871081,7.694128371292146,"rgba(38, 166, 154, 1.0)",0.0,0.0,0.5991816340901494,4.842833464006619,1.9980027221816727,0.0,0.0,0.0,0.0,0.0,0.0,0.0,0.0,70.15586316401537,13.115930753335789,True,False,True,False,True,13.731305551188655,0,0.959834538199627,0.8032019199812686,False,False,False,False,0.3428282111033527,0.340585492421628,False,False,False,False,-21497412,-29266064.34347444,False,False,False,False,1202428.2226300307,False,False,False,False
2025-08-22 00:00:00+00:00,6.29,6.29,6.1,6.16,1811183,,,,,,,6.169797067247215,6.064204460701978,5.859298905130821,5.784150648481562,,,,,,5.73833844184935,5.549589139754264,5.4691965540017735,5.438695707982658,5.397820156371258,5.247737462715623,7.840390011099365,4.778251123008538,5.42217933887651,6.028560706977731,6.850629770316473,7.373364530380842,7.688801000358394,"rgba(38, 166, 154, 1.0)",0.0,0.0,0.5985490865495657,4.867820669866719,2.3760446086914393,0.0,0.0,0.0,0.0,1.0,6.74,6.14,914.0,72.76039070567185,15.686184816493281,True,False,True,False,True,16.07630592412466,0,0.9731853727851834,0.7827763868884786,False,False,False,False,0.3428282137210413,0.34170685307133464,False,False,False,False,-19686229,-28890384.526083287,False,False,False,False,1226300.9589974806,False,False,False,False
2025-08-25 00:00:00+00:00,6.98,7.05,6.74,6.74,4303117,,,,,,6.923333333333333,6.623529231775726,6.44834663654848,6.1429452998836105,6.053620534856558,,,,,,6.008537780805678,5.79971128350319,5.6911616305240775,5.631328190471297,5.575686652717611,5.386963693537579,7.832631178685897,4.814425309416341,5.441269133759679,6.0380486089564895,6.851306527482051,7.369416533303504,7.682255180688038,"rgba(38, 166, 154, 1.0)",0.0,0.0,0.6223142799770651,4.955192283316539,3.253673878025238,0.0,0.0,0.0,0.0,1.0,6.67,6.29,915.0,76.95467196429232,19.70364732930382,True,False,True,False,True,20.0,0,0.9898189327995217,0.7688245577485713,False,False,False,False,0.3428282250248033,0.34226753904806895,False,False,False,False,-15383112,-28360687.5642761,False,False,False,False,1346960.4115858148,False,False,False,False
2025-08-26 00:00:00+00:00,6.69,6.78,6.67,6.7,1626151,,,,,,6.86573908898479,6.640176033033923,6.486649552763559,6.195147066702505,6.107753976875792,,,,,,6.06445064117922,5.858526788107573,5.746909070733201,5.681902158372784,5.62369727865217,5.4273437526538935,7.829063898345527,4.826450101395381,5.447353014412489,6.040743773828289,6.850822884846543,7.3672486623039815,7.679134118258234,"rgba(38, 166, 154, 1.0)",0.0,0.0,0.6330699404882992,4.98078499760387,2.699883366880095,0.0,0.0,0.0,0.0,-1.0,6.74,6.625,916.0,75.93871000443444,19.70364732930382,True,False,True,False,True,17.931723097134768,0,0.9623400810474395,0.7920281513509466,False,False,False,False,0.29363502757163285,0.3179512833098509,False,False,False,False,-17009263,-27915533.659794684,False,False,False,False,1357909.0621118613,False,False,False,False
2025-08-27 00:00:00+00:00,6.57,6.625,6.475,6.59,1462408,,,,,,6.804590577743578,6.628243920562772,6.4947041610399525,6.222638978867627,6.138604285041307,,,,,6.556666666666667,6.097228692254458,5.896732937056133,5.784768060141372,5.717189136113976,5.657810887296966,5.457438986188917,7.825427436810426,4.836247608138596,5.452103847360256,6.042588937456929,6.849898508821546,7.364847118327878,7.675891925036036,"rgba(38, 166, 154, 1.0)",0.0,0.0,0.6382655834018184,5.000216247734853,2.4594522924117843,0.0,0.0,0.0,0.0,0.0,0.0,0.0,0.0,73.84512726448779,19.70364732930382,True,False,True,False,True,16.38599417630727,0,0.9564648395205858,0.7949026955269131,False,False,False,False,0.24439705349718066,0.2811741684035158,False,False,False,False,-18471671,-27545186.10450862,False,False,False,False,1362007.059676102,False,False,False,False
2025-08-28 00:00:00+00:00,6.78,6.81,6.73,6.79,978751,,,,,6.773333333333333,6.800935679466134,6.640907554560187,6.51462272909053,6.249309283934439,6.166514325442328,,,,,6.6435363530192015,6.126076173912735,5.927705266629391,5.8147625740297295,5.744953051667391,5.684457516932674,5.480497255396667,7.823418877654066,4.843561100684276,5.455880041322238,6.044333879287723,6.849737817230585,7.363676536379624,7.674150497312377,"rgba(38, 166, 154, 0.75)",0.0,0.0,0.6524306597379325,5.01502999129632,2.7052223594345355,0.0,0.0,0.0,0.0,0.0,0.0,0.0,0.0,73.45716078416288,19.70364732930382,True,False,True,False,False,18.076712615426867,0,0.9644508915535545,0.7916223166263203,False,False,False,False,0.30651409807818586,0.2938441332408508,False,False,False,False,-17492920,-27150979.59060632,False,False,False,False,1346977.410277039,False,False,False,False
2025-08-29 00:00:00+00:00,6.74,6.805,6.705,6.77,734249,,,,,6.763331887526756,6.796827958146634,6.647611709809016,6.526603350094713,6.266862599572429,6.185147144412194,,,,,6.668153922267628,6.145427620509453,5.948938170442107,5.835576546649231,5.76439024856854,5.703215765666406,5.496968964236944,7.821883734549512,4.8489455548229685,5.458648841012792,6.045595731763946,6.8495810303827,7.362766825596889,7.672814776372713,"rgba(38, 166, 154, 0.75)",0.0,0.0,0.6648227563024635,5.025692036666504,2.5785939892730836,0.0,0.0,0.0,0.0,0.0,0.0,0.0,0.0,72.70307466856484,19.70364732930382,True,False,True,False,False,17.557796077596635,0,0.9585846439358787,0.7981119748515807,False,False,False,False,0.3022103014013847,0.29802721732111775,False,False,False,False,-18227169,-26801026.234111957,False,False,False,False,1322948.8451681356,False,False,False,False
2025-09-02 00:00:00+00:00,6.95,6.965,6.875,6.89,1187414,,,,6.93,6.8315649225708235,6.812192218166249,6.6731390877157715,6.557283157336063,6.302442284531638,6.221724266387322,,,,,6.739419653151103,6.1829006681010235,5.988263301598259,5.8735973580615415,5.799739848468805,5.737174936512603,5.526420027384831,7.819825743862217,4.858407532432846,5.4637221588984515,6.048145876724893,6.8497849525394345,7.361731834298972,7.671082574770874,"rgba(38, 166, 154, 0.75)",0.0,0.0,0.6818793055869155,5.044673404225213,2.7942285095964476,0.0,0.0,0.0,0.0,1.0,7.1,6.805,920.0,73.21452287907667,19.70364732930382,True,False,True,False,False,19.223660720984455,0,0.9766522276643733,0.7732982267395225,False,False,False,False,0.3428282253135069,0.32042772131731234,False,False,False,False,-17039755,-26418231.28375463,False,False,False,False,1317633.7532007578,False,False,False,False
2025-09-03 00:00:00+00:00,7.13,7.235,7.1,7.11,2209514,,,7.155,7.076350069827797,6.971417055843709,6.872779531063907,6.742522325667417,6.631384701621762,6.3798329323770835,6.299863488897176,,,,,6.879131103461539,6.262244492603692,6.069247316706117,5.951403099052149,5.872134589475009,5.806628274237294,5.586406108805388,7.816983398460609,4.877674711554037,5.474504367267326,6.054052986595088,6.851218334921548,7.360815916945869,7.668852849973655,"rgba(38, 166, 154, 0.75)",0.0,0.0,0.6997375827301194,5.083301695826387,2.9249512312717956,0.0,0.0,0.0,0.0,0.0,0.0,0.0,0.0,74.33325162113084,19.70364732930382,True,False,True,False,False,20.0,0,0.9960042871648301,0.7595803091271488,False,False,False,False,0.3428282278927684,0.33162797460504034,False,False,False,False,-14830241,-25963800.292234838,False,False,False,False,1352609.4491536694,False,False,False,False
2025-09-04 00:00:00+00:00,6.91,6.94,6.84,6.91,1556872,,,7.048215423662542,7.019879469632739,6.953960886782264,6.875424854253999,6.756721019961267,6.652696704867888,6.4109032469806495,6.333110489891149,,,,6.896666666666667,6.882489441365834,6.296747080958687,6.107828073864293,5.990186037104259,5.909298352828871,5.842997244064509,5.619551832269656,7.814219283176465,4.889539642297634,5.48086428576554,6.057209729653009,6.851368232790504,7.3593714451575085,7.6665092141469025,"rgba(38, 166, 154, 0.75)",0.0,0.0,0.7107713612183831,5.10532747492016,2.5390338209270618,0.0,0.0,0.0,0.0,0.0,0.0,0.0,0.0,72.30854791039522,19.70364732930382,True,False,True,False,False,17.742164275894737,0,0.9953808163462933,0.7417130683193728,False,False,False,False,0.270849114229619,0.30123854441732967,False,False,False,False,-16387113,-25588243.92783347,False,False,False,False,1360619.7452652904,False,False,False,False
2025-09-05 00:00:00+00:00,7.09,7.2475,7.05,7.13,1674866,,7.129166666666666,7.073132939808707,7.047493081564224,6.989139255675465,6.902436504695994,6.790300656491446,6.6906001895087135,6.454533680530998,6.37812108973154,,,,7.017161070916021,6.924630218519362,6.3427567853590485,6.156613016651034,6.038333486442349,5.955113496175583,5.8875628090447565,5.659546500273155,7.812012960900292,4.903609719773809,5.488756194968743,6.061512700507486,6.852350424444641,7.358603303466426,7.664760451818513,"rgba(38, 166, 154, 0.75)",0.0,0.0,0.7308688646382483,5.235323906925865,2.5376318281011017,0.0,0.0,0.0,0.0,0.0,0.0,0.0,0.0,71.90037356383986,19.70364732930382,True,False,True,False,False,19.137971783734542,0,1.0125976748618255,0.7189155708023635,False,False,False,False,0.3378633425852466,0.3195509435012881,False,False,False,False,-14712247,-25161734.244389024,False,False,False,False,1372943.1278039066,False,False,False,False
2025-09-08 00:00:00+00:00,7.15,7.19,7.075,7.18,1069946,,7.132739894389853,7.083846928271367,7.060117976028232,7.006100176569115,6.917457188041611,6.809254398484391,6.7122531242605605,6.480077299168325,6.404623019648364,,,,7.047299913630724,6.945657473654331,6.369889972415686,6.1856821290506545,6.067257526182147,5.982836896907869,5.9146492741681245,5.684157801009638,7.810629752519652,4.912542505797566,5.493786256494896,6.064266954455553,6.852994903053813,7.358134771393529,7.663668263239981,"rgba(38, 166, 154, 0.75)",0.0,0.0,0.7561934544419469,5.251558772418351,2.510523221842293,0.0,0.0,0.0,0.0,-1.0,7.05,6.995,924.0,71.93285328396375,19.70364732930382,True,False,True,False,False,19.59735357998298,0,1.0145697128881528,0.7280954692094672,False,False,False,False,0.33357339489545157,0.32656216919836983,False,False,False,False,-13642301,-24709991.764216904,False,False,False,False,1361060.8874978712,False,False,False,False
2025-09-09 00:00:00+00:00,6.89,6.995,6.88,6.98,816170,,7.08436232992285,7.0657822338116505,7.046846960380195,6.999362440295787,6.917652179860849,6.813738034842632,6.719703670186615,6.492311867070298,6.418016408264616,,,6.921666666666667,7.027264545842848,6.943982515681952,6.383880912536897,6.20193878034766,6.084058179186491,5.999322052273526,5.931014227634394,5.699671566585142,7.80923961737329,4.9186500473946,5.497099873061775,6.065936568877219,6.853112750307497,7.357427719626311,7.662495808187324,"rgba(38, 166, 154, 0.75)",0.0,0.0,0.7729395859987424,5.259542295459534,2.109424506229286,0.0,0.0,0.0,0.0,0.0,0.0,0.0,0.0,68.81267227686158,23.97581286007835,True,False,True,False,False,16.278252927497096,0,1.0044410154118288,0.731629062305941,False,False,False,False,0.2817759048881736,0.3041690370432717,False,False,False,False,-14458471,-24307971.342090752,False,False,False,False,1339692.6173999156,False,False,False,False
2025-09-10 00:00:00+00:00,7.13,7.1359,7.02,7.1,1072044,7.0953,7.086893216557242,7.069549681358648,7.052265207295929,7.008464287107901,6.92784110313161,6.827754739316729,6.736472436485783,6.5134850846954055,6.440302548422244,,,7.020247957346643,7.039047777233163,6.9566933781499385,6.406811348622022,6.227127179600903,6.1095190172769795,6.024030024719401,5.9553472819132605,5.722280372949063,7.807776174999821,4.927306691792909,5.501956690306058,6.068562746865925,6.85365743689595,7.356871148692558,7.661321029894457,"rgba(38, 166, 154, 0.75)",0.0,0.0,0.7941040166058174,5.2746907911795535,2.3363554018407604,0.0,0.0,0.0,0.0,1.0,7.03,6.995,926.0,68.19636367236325,23.17671531364965,True,False,True,False,False,18.156840575512863,0,0.9960422041593844,0.716749428986231,False,False,False,False,0.3179529497447009,0.3110609933939863,False,False,False,False,-13386427,-23879675.485538173,False,False,False,False,1329196.5931881543,False,False,False,False
2025-09-11 00:00:00+00:00,7.12,7.145,7.03,7.03,956427,7.096730221038408,7.088850767066711,7.072492171274004,7.056444259015695,7.015477293633978,6.93614036827325,6.839260948603986,6.750333545180101,6.531250041871818,6.459069076918499,,,7.046501871952677,7.046982247966613,6.9665681230260015,6.426140807549139,6.248504062358557,6.1312422409345135,6.045211352804668,5.976268842222449,5.741884631296065,7.806481152592522,4.934982553608534,5.506273066831449,6.070901302679862,6.854147390867468,7.3563823286971886,7.660282642852776,"rgba(38, 166, 154, 0.75)",0.0,0.0,0.8140386027991237,5.287919839674899,2.2506059958647864,0.0,0.0,0.0,0.0,0.0,0.0,0.0,0.0,67.66609678906191,22.425357470913823,True,False,True,False,False,18.030302969918832,0,0.9964653407018823,0.7295518089413792,False,False,False,False,0.3179484988155538,0.3145047461047701,False,False,False,False,-14342854,-23505682.486105304,False,False,False,False,1314578.1777690111,False,False,False,False
2025-09-12 00:00:00+00:00,7.01,7.135,6.97,7.1,686655,7.081961655996812,7.083323767139337,7.0701565625232154,7.055336862795315,7.01668986610531,6.93959120407217,6.845158558036858,6.75804174799122,6.542072300424305,6.470691557777019,,,7.044913512357315,7.046224066472786,6.969988939374882,6.438184493859304,6.262176924897792,6.145327044819959,6.059072885282012,5.990044766546352,5.755010795969957,7.805475790166645,4.94030804237653,5.509241343165236,6.0724760358705865,6.854411804244035,7.355951190443558,7.659460158961001,"rgba(38, 166, 154, 0.75)",0.0,0.0,0.8291474618629762,5.2965517704001845,2.0665180904611846,0.0,0.0,0.0,0.0,-1.0,7.03,6.97,0.0,65.9629882331954,20.578437553933014,True,False,True,False,False,16.63321296569529,0,0.9719784479046041,0.7490501574298266,False,False,False,False,0.30718386340309783,0.310844304753934,False,False,False,False,-15029509,-23173283.52586588,False,False,False,False,1289953.7394251286,False,False,False,False
2025-09-15 00:00:00+00:00,6.95,6.97,6.9,6.96,888054,7.046973224540546,7.065557663482949,7.0595819732185445,7.046884504027989,7.011765787624414,6.9396083099974035,6.848658291016244,6.7641294701686805,6.5527608470043965,6.482561686625504,,,7.023831483483621,7.03540737809301,6.968247544406498,6.450635505985993,6.277020118788589,6.160971273744366,6.074692838850756,6.005717646015633,5.770326882377974,7.804013279462232,4.946834715592121,5.512817436121249,6.0742984852925686,6.854570416236173,7.355223234719145,7.658231764618841,"rgba(38, 166, 154, 0.75)",0.0,0.0,0.8404962712482926,5.306256211136844,1.9556824284560976,0.0,0.0,0.0,0.0,-1.0,6.97,6.9,929.0,64.09380997325738,18.63694822263996,True,False,True,False,False,15.87363850002755,0,0.9444375589898082,0.7647843952293333,False,False,False,False,0.27152964024715054,0.29118697250054226,False,False,False,False,-15917563,-22888745.466028005,False,False,False,False,1274192.9653300256,False,False,False,False
2025-09-16 00:00:00+00:00,6.89,6.9,6.74,6.79,1130606,6.998336365409562,7.035267707089576,7.039310943618388,7.029513858770749,6.999037793913045,6.934738812475421,6.848419352235774,6.7673653013473904,6.562368950296894,6.493816469284476,,,6.987061409712079,7.013364340847481,6.959648606090673,6.462660486740317,6.292380339960734,6.177655337543146,6.0916612085209065,6.022949603087075,5.787697664828379,7.801950933887349,4.954682595206432,5.517037845893963,6.0763497984038946,6.854543966326409,7.354085228875491,7.656464248258603,"rgba(38, 166, 154, 0.5)",0.0,0.0,0.8505488424150811,5.317045133684369,1.8493410229673848,0.0,0.0,0.0,0.0,0.0,0.0,0.0,0.0,62.09796464850716,16.631009035139527,False,False,True,False,False,15.111434419586924,0,0.9326610126319561,0.7644173168177658,False,False,False,False,0.23727540627475982,0.26423118938765106,False,False,False,False,-17048169,-22659703.251673967,False,False,False,False,1268562.1039445344,False,False,False,False
2025-09-17 00:00:00+00:00,6.77,6.91,6.745,6.79,1126205,6.961820547426325,7.008139444818137,7.019585376157073,7.012185264180057,6.985687759882408,6.9286757024494054,6.846704292305345,6.768967318308063,6.57021204681208,6.5032955138923425,,,6.956911679461696,6.992330436122331,6.949938619808727,6.472892200292153,6.3059534442008545,6.192650466467129,6.1070816545451985,6.0387209225678,5.803895107291854,7.799830716207811,4.962291942421679,5.521105053021479,6.0782895272392965,6.854435872318768,7.3528793361644365,7.654635761949019,"rgba(38, 166, 154, 0.5)",0.0,0.0,0.8542476379992676,5.327359289857862,1.6887851320501688,0.0,0.0,0.0,0.0,-1.0,6.74,6.715,931.0,59.299789561293295,13.933087678654942,False,False,True,False,False,13.594921550245061,0,0.9258185425031711,0.7847230832323967,False,False,False,False,0.23949198321232115,0.2518615862999861,False,False,False,False,-18174374,-22483807.98690244,False,False,False,False,1262979.4724172978,False,False,False,False
2025-09-18 00:00:00+00:00,6.7,6.715,6.605,6.68,1316967,6.908883336301165,6.9670767642459035,6.9881463065938645,6.983746301336458,6.962052791932927,6.915114167031235,6.838443573767872,6.76478542367575,6.573919038512853,6.509084214909115,,6.673333333333333,6.910188628890552,6.95816084837518,6.930630983365019,6.479597982171403,6.316917799820578,6.205653614412233,6.120979617330783,6.053281269660069,5.819736234309997,7.797026790712493,4.970466375695384,5.525333393623878,6.080127767899977,6.853941840018188,7.35112800205011,7.652168043419738,"rgba(38, 166, 154, 0.5)",0.0,0.0,0.8577773498888172,5.3372096536830025,1.5887460149112576,0.0,0.0,0.0,0.0,0.0,0.0,0.0,0.0,56.60433327111661,11.403170666850492,False,True,True,False,False,12.716229152690158,0,0.9009696014282865,0.7960893058945311,False,False,False,False,0.19049343133573451,0.2211775088178603,False,False,False,False,-19491341,-22366456.340357248,False,False,False,False,1265096.6303617177,False,False,False,False
2025-09-19 00:00:00+00:00,6.64,6.72,6.54,6.64,1468623,6.862075716083551,6.926922686579888,6.955523245365234,6.953757160412827,6.936473622102573,6.899358248552382,6.8280950025174345,6.758673384441553,6.5762090085683464,6.513628672805683,,6.652244472445694,6.867216027442137,6.923500230613459,6.909160532764327,6.485127205935472,6.327109398176993,6.218177425731198,6.1346292204671204,6.067752104492851,5.835937785041758,7.793805673647261,4.979278537505982,5.529849175625498,6.082027016567977,6.853272773413378,7.349070977677703,7.649318890788066,#000000,0.0,0.0,0.8613552698516453,5.347695834401348,1.5003149232734485,0.0,0.0,0.0,0.0,0.0,0.0,0.0,0.0,54.0923289908566,9.082156870044699,False,True,False,False,False,11.961859871354157,0,0.8929483346147639,0.8028305379161091,False,False,False,False,0.18181862591716524,0.20149806736751277,False,False,False,False,-20959964,-22311299.777990296,False,False,False,False,1273078.0566220426,False,False,False,False
2025-09-22 00:00:00+00:00,6.23,6.255,6.11,6.15,1651350,6.755629340580541,6.840101819073815,6.8845765619689825,6.887443734471887,6.8770853146578315,6.857890224383963,6.794285906772086,6.730833514502171,6.560512913418692,6.501174015305797,6.198333333333332,6.483306835341474,6.767823478331266,6.84581479057498,6.85577362068155,6.473979853271117,6.322608515243554,6.2175448559349915,6.136482017649697,6.0713151495496085,5.843874518224459,7.788855318034603,4.986499528909659,5.532898667347134,6.082474270437598,6.8510469097996705,7.34537484841526,7.644770681762067,"rgba(239, 83, 80, 1.0)",0.0,0.0,0.8580530654122522,5.351438697637746,1.0239008958497797,0.0,0.0,0.0,0.0,0.0,0.0,0.0,0.0,48.50117575947702,3.9509590248125193,False,True,False,True,False,7.042063290202918,0,0.8834753357046351,0.8132186285052528,False,False,False,False,0.05488041160354414,0.12818923948552846,False,False,False,False,-22611314,-22323065.04159852,False,False,False,False,1287912.2504800018,False,False,False,False
2025-09-23 00:00:00+00:00,6.13,6.254,6.115,6.14,2440136,6.642733459453422,6.739225527824424,6.797227421116021,6.8046458823982805,6.801564178128642,6.802301092693141,6.748132345954337,6.692224698949328,6.537717821474049,6.482707290959779,6.179248738640843,6.37083774916355,6.65953069510504,6.752953715180259,6.786902684210512,6.457269905526424,6.314933877775973,6.215241133045468,6.13771207139922,6.074997757086432,5.853982771590959,7.781450302058603,4.996736808660032,5.5371399322617485,6.082948092081633,6.847625495234243,7.339805319558767,7.637954389230023,"rgba(239, 83, 80, 1.0)",0.0,0.0,0.853772381422343,5.357477216198064,0.904834591293467,0.0,0.0,0.0,0.0,0.0,0.0,0.0,0.0,44.02282373078263,0.013833592630142277,False,True,False,True,False,5.902934912059564,0,0.875191881681389,0.8234045095642103,False,False,False,False,0.05544084352339378,0.09181504150446113,False,False,False,False,-25051450,-22430060.530163284,False,False,False,False,1333097.4955592176,False,False,False,False
