date,Close,High,Low,Open,Volume,Gap_Up_aVWAP_905,Gap_Up_aVWAP_874,Gap_Up_aVWAP_834,Gap_Up_aVWAP_828,Gap_Up_aVWAP_704,Gap_Up_aVWAP_699,Gap_Up_aVWAP_693,Gap_Up_aVWAP_620,Gap_Up_aVWAP_543,Gap_Up_aVWAP_514,Gap_Down_aVWAP_935,Gap_Down_aVWAP_894,Gap_Down_aVWAP_816,Gap_Down_aVWAP_815,Gap_Down_aVWAP_773,Gap_Down_aVWAP_764,Gap_Down_aVWAP_738,Gap_Down_aVWAP_729,Gap_Down_aVWAP_709,Gap_Down_aVWAP_649,aVWAP_OB_bull_817,aVWAP_OB_bear_888,aVWAP_OB_bear_755,aVWAP_OB_bear_345,aVWAP_OB_bear_273,aVWAP_OB_bear_213,aVWAP_OB_bear_60,color,Liquidity,Liquidity_Level,StDev,StDev_Mean,StdDev_ZScore,OB,OB_High,OB_Low,OB_Mitigated_Index,FVG,FVG_High,FVG_Low,FVG_Mitigated_Index,QQEMOD,QQE1_Value,QQE1_Above_Upper,QQE1_Below_Lower,QQE2_Above_Threshold,QQE2_Below_Threshold,QQE2_Above_TL,banker_RSI,TTM_squeeze_Active,VI_plus,VI_minus,VI_Regular_Bullish,VI_Regular_Bearish,VI_Hidden_Bullish,VI_Hidden_Bearish,Fisher,Fisher_Signal,Fisher_Regular_Bullish,Fisher_Regular_Bearish,Fisher_Hidden_Bullish,Fisher_Hidden_Bearish,OBV,OBV_Smoothed,OBV_Regular_Bullish,OBV_Regular_Bearish,OBV_Hidden_Bullish,OBV_Hidden_Bearish,Volume_MA,Vol_Regular_Bullish,Vol_Regular_Bearish,Vol_Hidden_Bullish,Vol_Hidden_Bearish
2022-01-03 00:00:00+00:00,140.0,140.0,131.0,132.5,106532,,,,,,,,,,,,,,,,,,,,,,,,,,,,#000000,0.0,0.0,,,,0.0,0.0,0.0,0.0,0.0,0.0,0.0,0.0,,,False,False,False,False,False,,0,,,False,False,False,False,,,False,False,False,False,0,0.0,False,False,False,False,106532.0,False,False,False,False
2022-01-04 00:00:00+00:00,139.0,141.5,135.0,137.605,62770,,,,,,,,,,,,,,,,,,,,,,,,,,,,"rgba(239, 83, 80, 0.5)",0.0,0.0,,,,0.0,0.0,0.0,0.0,0.0,0.0,0.0,0.0,0.0,,False,False,False,True,False,,0,,,False,False,False,False,,,False,False,False,False,-62770,-2461.5686274509803,False,False,False,False,104815.84313725491,False,False,False,False
2022-01-05 00:00:00+00:00,128.0,138.495,125.0,136.0,83714,,,,,,,,,,,,,,,,,,,,,,,,,,,,"rgba(239, 83, 80, 0.5)",0.0,0.0,,,,0.0,0.0,0.0,0.0,0.0,0.0,0.0,0.0,0.0,-50.0,False,False,False,True,True,,0,,,False,False,False,False,,,False,False,False,False,-146484,-8109.50711264898,False,False,False,False,103988.3198769704,False,False,False,False
2022-01-06 00:00:00+00:00,153.5,159.0,120.5,130.0,664845,,,,,,,,,,,,,,,,,,,,,,,,,,,,"rgba(239, 83, 80, 0.5)",0.0,0.0,,,,0.0,0.0,0.0,0.0,0.0,0.0,0.0,0.0,23.39893072460471,-28.55098016911235,False,False,False,True,True,,0,,,False,False,False,False,,,False,False,False,False,518361,12536.395127062742,False,False,False,False,125982.69948963824,False,False,False,False
2022-01-07 00:00:00+00:00,133.0,149.0,132.5,143.0,364477,,,,,,,,,,,,,,,,,,,,,,,,,,,,"rgba(239, 83, 80, 0.5)",0.0,0.0,,,,0.0,0.0,0.0,0.0,0.0,0.0,0.0,0.0,30.036299804055297,-23.76666577542735,False,False,False,True,True,,0,,,False,False,False,False,,,False,False,False,False,153884,18079.438455413223,False,False,False,False,135335.41715671125,False,False,False,False
2022-01-10 00:00:00+00:00,133.5,142.5,125.0,131.0,523701,,,,,,,,,,,,,,,,,,,,,,,,,,,,"rgba(239, 83, 80, 0.5)",0.0,0.0,,,,0.0,0.0,0.0,0.0,0.0,0.0,0.0,0.0,34.65341151556957,-20.71551897222418,False,False,False,True,True,,0,,,False,False,False,False,,,False,False,False,False,677585,43942.40165324016,False,False,False,False,150565.4400133108,False,False,False,False
2022-01-11 00:00:00+00:00,141.5,148.0,128.0,132.225,962339,,,,,,,,,,,,,,,,,,,,,,,,,,,,"rgba(239, 83, 80, 0.5)",0.0,0.0,,,,0.0,0.0,0.0,0.0,0.0,0.0,0.0,0.0,40.57139844161795,-16.229036296123837,False,False,False,True,True,,0,,,False,False,False,False,,,False,False,False,False,1639924,106529.9153138974,False,False,False,False,182399.6972676908,False,False,False,False
2022-01-12 00:00:00+00:00,157.0,157.5,138.0,140.57,963517,,,,,,,,,,,,,,,,,,,,,,,,,,,,#000000,0.0,0.0,,,,0.0,0.0,0.0,0.0,0.0,0.0,0.0,0.0,48.395236357615126,-9.862384081764176,False,False,False,False,True,,0,,,False,False,False,False,,,False,False,False,False,2603441,204447.9970662936,False,False,False,False,213031.74835523232,False,False,False,False
2022-01-13 00:00:00+00:00,139.5,155.5,138.5,152.455,538373,,,,,,,,,,,,,,,,,,,,,,,,,,,,#000000,0.0,0.0,,,,0.0,0.0,0.0,0.0,0.0,0.0,0.0,0.0,48.639014269275734,-9.862384081764176,False,False,False,False,True,,0,,,False,False,False,False,,,False,False,False,False,2065068,277413.48737741937,False,False,False,False,225790.2288118899,False,False,False,False
2022-01-14 00:00:00+00:00,144.5,147.0,136.0,136.5,278368,,,,,,,,,,,,,,,,,,,,,,,,,,,,#000000,0.0,0.0,,,,0.0,0.0,0.0,0.0,0.0,0.0,0.0,0.0,49.95819010211177,-9.518101636897981,False,False,False,False,True,,0,,,False,False,False,False,,,False,False,False,False,2343436,358433.978068501,False,False,False,False,227852.10219181576,False,False,False,False
2022-01-18 00:00:00+00:00,162.5,168.5,141.5,144.46,1267071,,,,,,,,,,,,,,,,,,,,,,,,,,,,"rgba(38, 166, 154, 0.5)",0.0,0.0,,157.5,,0.0,0.0,0.0,0.0,0.0,0.0,0.0,0.0,54.19795402530798,-5.657171259114371,False,False,True,False,True,,0,,,False,False,False,False,,,False,False,False,False,3610507,485966.2534383637,False,False,False,False,268605.78445880336,False,False,False,False
2022-01-19 00:00:00+00:00,141.5,161.5,140.0,160.5,517055,,,,,,,,,,,,,,,,,,,,,,,,,,,,#000000,0.0,0.0,,154.6502157545674,,0.0,0.0,0.0,0.0,0.0,0.0,0.0,0.0,52.54505444978744,-5.657171259114371,False,False,False,False,True,,0,,,False,False,False,False,,,False,False,False,False,3093452,588220.5964407809,False,False,False,False,278348.890950615,False,False,False,False
2022-01-20 00:00:00+00:00,136.5,151.0,136.0,143.5,344828,,,,,,,,,,,,,,,,,,,,,,,,,,,,#000000,0.0,0.0,,152.46627694476567,,0.0,0.0,0.0,0.0,0.0,0.0,0.0,0.0,50.570477306881465,-5.657171259114371,False,False,False,False,True,,0,,,False,False,False,False,,,False,False,False,False,2748624,672942.2985411424,False,False,False,False,280955.9148349046,False,False,False,False
2022-01-21 00:00:00+00:00,119.0,137.5,118.0,136.0,356185,,,,,,,,,,,,,,,,,,,,,,,,,,,,"rgba(239, 83, 80, 0.5)",0.0,0.0,,148.50575802802175,,0.0,0.0,0.0,0.0,0.0,0.0,0.0,0.0,46.613546043911505,-5.657171259114371,False,False,False,True,False,,0,,,False,False,False,False,,,False,False,False,False,2392439,740373.5417356073,False,False,False,False,283906.07503745734,False,False,False,False
2022-01-24 00:00:00+00:00,117.5,117.5,105.5,110.5,240163,,,,,,,,,,,,,,,,,,,,,,,,,,,,"rgba(239, 83, 80, 0.5)",0.0,0.0,,145.42093004738555,,0.0,0.0,0.0,0.0,0.0,0.0,0.0,0.0,43.772187601463365,3.7502826228387605,False,False,False,True,False,,0,,,False,False,False,False,,,False,False,False,False,2152276,795742.2655891129,False,False,False,False,282190.6603301061,False,False,False,False
2022-01-25 00:00:00+00:00,113.5,118.5,110.75,113.0,211361,,,,,,,,,,,,,,,,,,,,,,,,,,,,"rgba(239, 83, 80, 0.5)",0.0,0.0,,143.1774588197556,,0.0,0.0,0.0,0.0,0.0,0.0,0.0,0.0,41.31666486522496,1.2112903909805368,False,False,False,True,False,,0,,,False,False,False,False,,,False,False,False,False,1940915,840651.0002718929,False,False,False,False,279413.0265916706,False,False,False,False
2022-01-26 00:00:00+00:00,113.0,124.0,111.5,116.0,206608,,,,,,,,,,,,,,,,,,,,,,,,,,,,"rgba(239, 83, 80, 0.5)",0.0,0.0,,141.40203260128274,,0.0,0.0,0.0,0.0,0.0,0.0,0.0,0.0,39.6063306670757,-0.6893315938854698,False,False,False,True,False,,0,,,False,False,False,False,,,False,False,False,False,1734307,875696.3335945638,False,False,False,False,276557.9275096443,False,False,False,False
2022-01-27 00:00:00+00:00,105.0,116.0,103.5,115.5,165715,,,,,,,,,,,,,,,,,,,,,,,,,,,,"rgba(239, 83, 80, 0.5)",0.0,0.0,,139.73759562093443,,0.0,0.0,0.0,0.0,0.0,0.0,0.0,0.0,37.30676922904486,-3.1989721456070157,False,False,False,True,False,,0,,,False,False,False,False,,,False,False,False,False,1568592,902868.7126692868,False,False,False,False,272211.1460386779,False,False,False,False
2022-01-28 00:00:00+00:00,104.5,106.5,96.5,105.0,186535,,,,,,,,,,,,,,,,,,,,,,,,,,,,"rgba(239, 83, 80, 0.5)",0.0,0.0,,120.12522419166318,,0.0,0.0,0.0,0.0,0.0,0.0,0.0,0.0,35.702157545062526,-5.079483868913471,False,False,False,True,False,,0,,,False,False,False,False,,,False,False,False,False,1382057,921660.4102116678,False,False,False,False,268851.297174416,False,False,False,False
2022-01-31 00:00:00+00:00,111.5,115.0,103.0,104.5,156627,,,,,,,,,,,,,,,,,,,,,,,,,,,,"rgba(239, 83, 80, 0.5)",0.0,0.0,,121.20014442925688,,0.0,0.0,0.0,0.0,0.0,0.0,0.0,0.0,36.69842172530386,-5.079483868913471,False,False,False,True,False,,0,,,False,False,False,False,,,False,False,False,False,1538684,945857.4137327789,False,False,False,False,264450.3443440468,False,False,False,False
2022-02-01 00:00:00+00:00,118.0,120.5,108.795,111.77,333010,,,,,,,,,,,,,,,,,,,,,,,,,,,,"rgba(239, 83, 80, 0.5)",0.0,0.0,,122.77383535416814,,0.0,0.0,0.0,0.0,0.0,0.0,0.0,0.0,39.114801995505346,-5.079483868913471,False,False,False,True,False,,0,,,False,False,False,False,,,False,False,False,False,1871694,982164.7308412974,False,False,False,False,267138.95829133905,False,False,False,False
2022-02-02 00:00:00+00:00,112.5,117.0,108.5,116.0,140269,,,,,,,,,,,,,,,,,,,,,,,,,,,,"rgba(239, 83, 80, 0.5)",0.0,0.0,,122.56351111929004,,0.0,0.0,0.0,0.0,0.0,0.0,0.0,0.0,39.643062176693675,-5.079483868913471,False,False,False,True,False,,0,,,False,False,False,False,,,False,False,False,False,1731425,1011547.4864945799,False,False,False,False,262163.66580932576,False,False,False,False
2022-02-03 00:00:00+00:00,121.5,129.75,107.765,108.0,358809,,,,,,,,,,,,,,,,,,,,,,,,,,,,"rgba(239, 83, 80, 0.5)",0.0,0.0,,123.30171769991645,,0.0,0.0,0.0,0.0,0.0,0.0,0.0,0.0,42.316079755457935,-5.079483868913471,False,False,False,True,True,,0,,,False,False,False,False,,,False,False,False,False,2090234,1053848.9183967533,False,False,False,False,265953.6789148424,False,False,False,False
2022-02-04 00:00:00+00:00,127.0,130.5,121.5,122.88,243148,,,,,,,,,,,,,,,,,,,,,,,,,,,,"rgba(239, 83, 80, 0.5)",0.0,0.0,,124.2160654983955,,0.0,0.0,0.0,0.0,0.0,0.0,0.0,0.0,45.374311142516426,-12.339685984430908,False,False,False,True,True,,0,,,False,False,False,False,,,False,False,False,False,2333382,1104026.686302763,False,False,False,False,265059.3385652408,False,False,False,False
2022-02-07 00:00:00+00:00,148.0,171.5,142.0,151.0,2537531,,,,,,,,,,,,,,,,,,,,,,,,,,,,#000000,0.0,0.0,,140.108323442315,,0.0,0.0,0.0,0.0,0.0,0.0,0.0,0.0,51.21351264193243,-6.6619695211443,False,False,False,False,True,,0,,,False,False,False,False,,,False,False,False,False,4870913,1251747.7182124585,False,False,False,False,354175.8743077804,False,False,False,False
2022-02-08 00:00:00+00:00,172.0,172.5,140.0,142.255,683680,,,,,,,,,,,,,,,,,,,,,,,,,,,,"rgba(38, 166, 154, 0.5)",0.0,0.0,,142.60105718889915,,0.0,0.0,0.0,0.0,0.0,0.0,0.0,0.0,57.92748610906754,-0.4008728357192908,False,False,True,False,True,,0,,,False,False,False,False,,,False,False,False,False,5554593,1420486.7488707935,False,False,False,False,367097.6047270832,False,False,False,False
2022-02-09 00:00:00+00:00,176.5,181.25,164.0,177.5,673120,,,,,,,,,,,,,,,,,,,,,,,,,,,,"rgba(38, 166, 154, 0.5)",0.0,0.0,,145.78903822292747,,0.0,0.0,0.0,0.0,0.0,0.0,0.0,0.0,62.83244505943602,4.012185074397216,False,False,True,False,True,,0,,,False,False,False,False,,,False,False,False,False,6227713,1609005.4253856645,False,False,False,False,379098.4829730799,False,False,False,False
2022-02-10 00:00:00+00:00,177.0,193.5,166.0,166.5,522761,,,,,,,,,,,,,,,,,,,,,,,,,,,,"rgba(38, 166, 154, 0.5)",0.0,0.0,,158.40469145640452,,0.0,0.0,0.0,0.0,0.0,0.0,0.0,0.0,66.15221913186771,6.958720584646805,False,False,True,False,True,,0,,,False,False,False,False,,,False,False,False,False,6750474,1810631.6439979915,False,False,False,False,384732.307170214,False,False,False,False
2022-02-11 00:00:00+00:00,167.0,186.48,160.0,176.0,342588,,,,,,,,,,,,,,,,,,,,,,,,,,,,"rgba(38, 166, 154, 0.5)",0.0,0.0,,158.08109844731925,,0.0,0.0,0.0,0.0,0.0,0.0,0.0,0.0,65.76288324991265,6.958720584646805,False,False,True,False,True,,0,,,False,False,False,False,,,False,False,False,False,6407886,1990916.1285470899,False,False,False,False,383079.58924197033,False,False,False,False
2022-02-14 00:00:00+00:00,176.0,183.5,164.5,168.0,335185,,,,,,,,,,,,,,,,,,,,,,,,,,,,"rgba(38, 166, 154, 0.5)",0.0,0.0,,158.69032027095218,,0.0,0.0,0.0,0.0,0.0,0.0,0.0,0.0,66.62375012152282,7.553449056072168,False,False,True,False,True,,0,,,False,False,False,False,,,False,False,False,False,6743071,2177275.1431138706,False,False,False,False,381201.3700560107,False,False,False,False
2022-02-15 00:00:00+00:00,179.0,189.5,172.5,180.17,264983,,,,,,,,,,,,,,,,,,,,,,,,,,,,"rgba(38, 166, 154, 0.5)",0.0,0.0,,159.62812347462616,,0.0,0.0,0.0,0.0,0.0,0.0,0.0,0.0,67.55642008177632,8.771085872091092,False,False,True,False,True,,0,,,False,False,False,False,,,False,False,False,False,7008054,2366717.451227052,False,False,False,False,376643.78691655933,False,False,False,False
2022-02-16 00:00:00+00:00,175.5,184.465,170.0,180.0,269313,,,,,,,,,,,,,,,,,,,,,,,,,,,,"rgba(38, 166, 154, 0.5)",0.0,0.0,,160.1778321162781,,0.0,0.0,0.0,0.0,0.0,0.0,0.0,0.0,67.21069431796553,8.838480339179988,False,False,True,False,True,,0,,,False,False,False,False,,,False,False,False,False,6738741,2538169.355100501,False,False,False,False,372434.73644924327,False,False,False,False
2022-02-17 00:00:00+00:00,164.0,176.0,163.0,172.5,224238,,,,,,,,,,,,,,,,,,,,,,,,,,,,"rgba(38, 166, 154, 0.5)",0.0,0.0,,160.10752397043876,,0.0,0.0,0.0,0.0,0.0,0.0,0.0,0.0,64.06942787664428,8.838480339179988,False,False,True,False,True,,0,,,False,False,False,False,,,False,False,False,False,6514503,2694104.0078416574,False,False,False,False,366623.0997257436,False,False,False,False
2022-02-18 00:00:00+00:00,159.0,167.5,150.5,165.0,191729,,,,,,,,,,,,,,,,,,,,,,,,,,,,"rgba(38, 166, 154, 0.5)",0.0,0.0,,159.70870124386553,,0.0,0.0,0.0,0.0,0.0,0.0,0.0,0.0,60.83733033420699,8.838480339179988,False,False,True,False,False,,0,,,False,False,False,False,,,False,False,False,False,6322774,2836404.791847867,False,False,False,False,359764.507579636,False,False,False,False
2022-02-22 00:00:00+00:00,164.0,181.0,157.0,179.5,935136,,,,,,,,,,,,,,,,,,,,,,,,,,,,"rgba(38, 166, 154, 0.5)",0.0,0.0,,159.9563142228013,,0.0,0.0,0.0,0.0,0.0,0.0,0.0,0.0,59.61060977565987,8.838480339179988,False,False,True,False,False,,0,,,False,False,False,False,,,False,False,False,False,7257910,3009797.1529518724,False,False,False,False,382328.0955176895,False,False,False,False
2022-02-23 00:00:00+00:00,141.0,161.0,139.0,159.5,261607,,,,,,,,,,,,,,,,,,,,,,,,,,,,"rgba(38, 166, 154, 0.5)",0.0,0.0,,159.17926683557008,,0.0,0.0,0.0,0.0,0.0,0.0,0.0,0.0,54.29812710064104,12.143409096793171,False,False,True,False,False,,0,,,False,False,False,False,,,False,False,False,False,6996303,3166130.715581211,False,False,False,False,377593.9349091526,False,False,False,False
2022-02-24 00:00:00+00:00,142.5,144.0,113.0,115.5,243469,,,,,,,,,,,,,,,,,,,,,,,,,,,,#000000,0.0,0.0,,158.01673083719749,,0.0,0.0,0.0,0.0,0.0,0.0,0.0,0.0,51.068943163544894,9.020213732321082,False,False,False,False,False,,0,,,False,False,False,False,,,False,False,False,False,7239772,3325881.354185869,False,False,False,False,372334.13354016625,False,False,False,False
2022-02-25 00:00:00+00:00,148.5,151.0,142.5,146.0,170670,,,,,,,,,,,,,,,,,,,,,,,,,,,,#000000,0.0,0.0,,157.6437001121349,,0.0,0.0,0.0,0.0,0.0,0.0,0.0,0.0,50.17589909252331,8.05432454907421,False,False,False,False,False,,0,,,False,False,False,False,,,False,False,False,False,7410442,3486060.2030413253,False,False,False,False,364425.73614643427,False,False,False,False
2022-02-28 00:00:00+00:00,149.5,154.0,143.5,146.0,135613,,,,,,,,,,,,,,,,,,,,,,,,,,,,#000000,0.0,0.0,,157.40153997577343,,0.0,0.0,0.0,0.0,0.0,0.0,0.0,0.0,49.793073065773704,7.43396865615977,False,False,False,False,False,,0,,,False,False,False,False,,,False,False,False,False,7546055,3645275.685274999,False,False,False,False,355452.68767010357,False,False,False,False
2022-03-01 00:00:00+00:00,146.5,149.0,142.0,147.0,92004,,,,,,,,,,,,,,,,,,,,,,,,,,,,#000000,0.0,0.0,,157.20326084707918,,0.0,0.0,0.0,0.0,0.0,0.0,0.0,0.0,48.89768329882997,6.235996307447259,False,False,False,False,False,,0,,,False,False,False,False,,,False,False,False,False,7454051,3794639.423107352,False,False,False,False,345121.36658500147,False,False,False,False
2022-03-02 00:00:00+00:00,144.0,147.5,139.0,146.5,146745,,,,,,,,,,,,,,,,,,,,,,,,,,,,"rgba(239, 83, 80, 0.5)",0.0,0.0,,156.85425783216294,,0.0,0.0,0.0,0.0,0.0,0.0,0.0,0.0,47.75646379672695,4.775909609607368,False,False,False,True,False,,0,,,False,False,False,False,,,False,False,False,False,7307306,3932391.0535737304,False,False,False,False,337341.9012287269,False,False,False,False
2022-03-03 00:00:00+00:00,138.5,145.0,136.0,144.5,107167,,,,,,,,,,,,,,,,,,,,,,,,,,,,"rgba(239, 83, 80, 0.5)",0.0,0.0,,156.55757636356907,,0.0,0.0,0.0,0.0,0.0,0.0,0.0,0.0,45.82252739525057,2.586714416412285,False,False,False,True,False,,0,,,False,False,False,False,,,False,False,False,False,7200139,4060538.0318649565,False,False,False,False,328315.4345138749,False,False,False,False
2022-03-04 00:00:00+00:00,127.5,137.5,126.5,137.0,93403,,,,,,,,,,,,,,,,,,,,,,,,,,,,"rgba(239, 83, 80, 0.5)",0.0,0.0,,156.1893340806197,,0.0,0.0,0.0,0.0,0.0,0.0,0.0,0.0,42.49854255583181,-0.8254288201140554,False,False,False,True,False,,0,,,False,False,False,False,,,False,False,False,False,7106736,4179996.7757133897,False,False,False,False,319103.1821799974,False,False,False,False
2022-03-07 00:00:00+00:00,115.5,127.0,115.0,126.5,145868,,,,,,,,,,,,,,,,,,,,,,,,,,,,"rgba(239, 83, 80, 0.5)",0.0,0.0,,155.4174838848223,,0.0,0.0,0.0,0.0,0.0,0.0,0.0,0.0,38.50627983076093,-4.731669333421905,False,False,False,True,False,,0,,,False,False,False,False,,,False,False,False,False,6960868,4289050.549214826,False,False,False,False,312309.64562391903,False,False,False,False
2022-03-08 00:00:00+00:00,117.5,122.0,105.5,114.0,152126,,,,,,,,,,,,,,,,,,,,,,,,,,,,"rgba(239, 83, 80, 0.5)",0.0,0.0,,144.6775943310924,,0.0,0.0,0.0,0.0,0.0,0.0,0.0,0.0,36.45913772932972,-6.736313358115559,False,False,False,True,False,,0,,,False,False,False,False,,,False,False,False,False,7112994,4399793.429637774,False,False,False,False,306027.93403082417,False,False,False,False
2022-03-09 00:00:00+00:00,122.5,127.0,119.0,121.0,82829,,,,,,,,,,,,,,,,,,,,,,,,,,,,"rgba(239, 83, 80, 0.5)",0.0,0.0,,145.09797636202418,,0.0,0.0,0.0,0.0,0.0,0.0,0.0,0.0,36.627240774252115,-6.736313358115559,False,False,False,True,False,,0,,,False,False,False,False,,,False,False,False,False,7195823,4509441.648083352,False,False,False,False,297275.0346570664,False,False,False,False
2022-03-10 00:00:00+00:00,121.0,122.5,117.5,117.5,59184,,,,,,,,,,,,,,,,,,,,,,,,,,,,"rgba(239, 83, 80, 0.5)",0.0,0.0,,145.0247129602876,,0.0,0.0,0.0,0.0,0.0,0.0,0.0,0.0,36.468925386862686,-7.144838177877979,False,False,False,True,False,,0,,,False,False,False,False,,,False,False,False,False,7136639,4612468.995217338,False,False,False,False,287938.1313371815,False,False,False,False
2022-03-11 00:00:00+00:00,117.0,121.0,112.5,120.0,62957,,,,,,,,,,,,,,,,,,,,,,,,,,,,"rgba(239, 83, 80, 0.5)",0.0,0.0,,144.72874772608452,,0.0,0.0,0.0,0.0,0.0,0.0,0.0,0.0,35.63457427136863,-8.27651269173478,False,False,False,True,False,,0,,,False,False,False,False,,,False,False,False,False,7073682,4708987.152267639,False,False,False,False,279115.3418729783,False,False,False,False
2022-03-14 00:00:00+00:00,115.0,119.25,110.0,113.5,82851,,,,,,,,,,,,,,,,,,,,,,,,,,,,"rgba(239, 83, 80, 0.5)",0.0,0.0,,144.25976697316406,,0.0,0.0,0.0,0.0,0.0,0.0,0.0,0.0,34.713861978619526,-9.496110015531599,False,False,False,True,False,,0,,,False,False,False,False,,,False,False,False,False,6990831,4798471.224727731,False,False,False,False,271418.70101521444,False,False,False,False
2022-03-15 00:00:00+00:00,121.5,122.0,109.0,112.5,68531,,,,,,,,,,,,,,,,,,,,,,,,,,,,"rgba(239, 83, 80, 0.5)",0.0,0.0,,144.02599843412074,,0.0,0.0,0.0,0.0,0.0,0.0,0.0,0.0,36.409442266165776,-9.496110015531599,False,False,False,True,False,0.0,0,,,False,False,False,False,-0.2171223201474712,-0.2171223201474712,False,False,False,False,7059362,4887133.608071742,False,False,False,False,263462.32058324525,False,False,False,False
2022-03-16 00:00:00+00:00,129.5,130.0,120.0,124.5,168014,,,,,,,,,,,,,,,,,,,,,,,,,,,,"rgba(239, 83, 80, 0.5)",0.0,0.0,,144.16633512911457,,0.0,0.0,0.0,0.0,0.0,0.0,0.0,0.0,39.999947242238065,-9.496110015531599,False,False,False,True,True,0.0,0,0.949377046780951,1.0018234264561494,False,False,False,False,-0.13573312210905764,-0.17642772112826444,False,False,False,False,7227376,4978907.819519909,False,False,False,False,259719.24918782388,False,False,False,False
2022-03-17 00:00:00+00:00,133.0,134.0,126.0,127.5,56816,,,,,,,,,,,,,,,,,,,,,,,,,,,,"rgba(239, 83, 80, 0.5)",0.0,0.0,,144.27023705181483,,0.0,0.0,0.0,0.0,0.0,0.0,0.0,0.0,43.374526666802254,-12.293392400797565,False,False,False,True,True,0.0,0,0.9519044053641106,0.9987764568381453,False,False,False,False,-0.09366921748496322,-0.13504846930661382,False,False,False,False,7284192,5069311.120715207,False,False,False,False,251762.2590235955,False,False,False,False
2022-03-18 00:00:00+00:00,136.5,140.0,130.5,133.5,153651,,,,,,,,,,,,,,,,,,,,,,,,,,,,#000000,0.0,0.0,,144.6851082812271,,0.0,0.0,0.0,0.0,0.0,0.0,0.0,0.0,46.58429552511525,-9.275611920382701,False,False,False,False,True,0.0,0,0.9700080182645048,0.9883643352491477,False,False,False,False,-0.049852579292863096,-0.09245052429973846,False,False,False,False,7437843,5162194.723824415,False,False,False,False,247914.75866972902,False,False,False,False
2022-03-21 00:00:00+00:00,133.0,138.0,129.75,137.0,69558,,,,,,,,,,,,,,,,,,,,,,,,,,,,#000000,0.0,0.0,,144.75680606710497,,0.0,0.0,0.0,0.0,0.0,0.0,0.0,0.0,47.668896434381054,-8.25194447583226,False,False,False,False,True,0.0,0,0.973621819522396,1.0165260889739205,False,False,False,False,-0.061303093928183956,-0.0768768091139612,False,False,False,False,7368285,5248708.067988165,False,False,False,False,240920.37597679847,False,False,False,False
2022-03-22 00:00:00+00:00,137.5,139.0,133.0,133.5,66755,,,,,,,,,,,,,,,,,,,,,,,,,,,,#000000,0.0,0.0,,144.86795577578627,,0.0,0.0,0.0,0.0,0.0,0.0,0.0,0.0,49.69434898082339,-6.273126744584303,False,False,False,False,True,0.0,0,0.9676012622548226,1.008423671813746,False,False,False,False,-0.04361253612212057,-0.06024467261804089,False,False,False,False,7435040,5334446.575125884,False,False,False,False,234090.3612326103,False,False,False,False
2022-03-23 00:00:00+00:00,144.0,147.75,137.5,139.5,142492,,,,,,,,,,,,,,,,,,,,,,,,,,,,"rgba(38, 166, 154, 1.0)",0.0,0.0,,145.3130434997977,,0.0,0.0,0.0,0.0,0.0,0.0,0.0,0.0,52.74266655202403,-3.3454577113851514,True,False,True,False,True,1.735233834842198,0,0.9829928635438948,0.9885528889237754,False,False,False,False,0.011415589761140228,-0.02441454142845033,False,False,False,False,7577532,5422410.709434673,False,False,False,False,230498.26863525304,False,False,False,False
2022-03-24 00:00:00+00:00,137.5,137.5,122.5,130.0,155298,,,,,,,,,,,,,,,,,,,,,,,,,,,,"rgba(38, 166, 154, 1.0)",0.0,0.0,,145.21848986435998,,0.0,0.0,0.0,0.0,0.0,0.0,0.0,0.0,52.65561692123539,-3.3454577113851514,True,False,True,False,True,0.0,0,0.9510370355862825,1.0006528395255163,False,False,False,False,-0.09366921748496322,-0.059041879456706775,False,False,False,False,7422234,5500835.152201941,False,False,False,False,227549.2384926941,False,False,False,False
2022-03-25 00:00:00+00:00,137.0,140.0,133.0,134.0,57436,,,,,,,,,,,,,,,,,,,,,,,,,,,,"rgba(38, 166, 154, 1.0)",0.0,0.0,,145.24005736879843,,0.0,0.0,0.0,0.0,0.0,0.0,0.0,0.0,52.43908720741234,-3.3454577113851514,True,False,True,False,True,0.0,0,0.950888324030874,1.0099550694532011,False,False,False,False,-0.03945442215125135,-0.04924815080397906,False,False,False,False,7364798,5573931.734468532,False,False,False,False,220878.13110082375,False,False,False,False
2022-03-28 00:00:00+00:00,136.5,138.0,130.575,134.0,68024,,,,,,,,,,,,,,,,,,,,,,,,,,,,"rgba(38, 166, 154, 1.0)",0.0,0.0,,145.22895823894544,,0.0,0.0,0.0,0.0,0.0,0.0,0.0,0.0,52.12367220606674,-3.3454577113851514,True,False,True,False,True,0.0,0,0.9482359122199621,1.0121243146394363,False,False,False,False,-0.05786638964376596,-0.05355727022387251,False,False,False,False,7296774,5641494.17625408,False,False,False,False,214883.85144981107,False,False,False,False
2022-03-29 00:00:00+00:00,146.0,146.5,134.58,136.5,107865,,,,,,,,,,,,,,,,,,,,,,,,,,,,"rgba(38, 166, 154, 1.0)",0.0,0.0,,145.39089179728006,,0.0,0.0,0.0,0.0,0.0,0.0,0.0,0.0,54.67791017201387,-0.7204395366483141,True,False,True,False,True,2.384291595017096,0,0.9570523256596207,0.9892361718445165,False,False,False,False,-0.005894408294576466,-0.029725839259224486,False,False,False,False,7404639,5710637.110518626,False,False,False,False,210687.03374589692,False,False,False,False
2022-03-30 00:00:00+00:00,140.0,151.5,139.5,143.0,70966,,,,,,,,,,,,,,,,,,,,,,,,,,,143.66666666666666,"rgba(38, 166, 154, 1.0)",0.0,0.0,,145.13553914781744,,0.0,0.0,0.0,0.0,0.0,0.0,0.0,0.0,54.26486148957128,-0.7204395366483141,True,False,True,False,True,0.4142481386300645,0,0.9553712426019252,1.0116721365502657,False,False,False,False,0.03529767052943996,0.002785915635107737,False,False,False,False,7333673,5774285.576772798,False,False,False,False,205207.77752056764,False,False,False,False
2022-03-31 00:00:00+00:00,139.0,141.0,136.5,140.0,43137,,,,,,,,,,,,,,,,,,,,,,,,,,,141.83940971461456,"rgba(38, 166, 154, 1.0)",0.0,0.0,,144.78137586204042,,0.0,0.0,0.0,0.0,0.0,0.0,0.0,0.0,53.649390636985956,-0.7204395366483141,True,False,True,False,True,0.08914375836778277,0,0.9535361784210749,1.01830392971291,False,False,False,False,-0.02075769822945185,-0.008985891297172057,False,False,False,False,7290536,5833746.377683668,False,False,False,False,198852.0607550552,False,False,False,False
2022-04-01 00:00:00+00:00,130.0,137.0,128.5,137.0,72955,,,,,,,,,,,,,,,,,,,,,,,,,,,137.93691261533857,#000000,0.0,0.0,,143.92485669508687,,0.0,0.0,0.0,0.0,0.0,0.0,0.0,0.0,50.46137226287894,-0.7204395366483141,False,False,False,False,False,0.0,0,0.9447380726340102,1.0063763762345372,False,False,False,False,-0.0706835186721219,-0.03983470498464698,False,False,False,False,7217581,5888014.4020882305,False,False,False,False,193914.92111760206,False,False,False,False
2022-04-04 00:00:00+00:00,128.5,132.0,125.0,128.0,85449,,,,,,,,,,,,,,,,,,,,,,,,,,,134.9778152487826,#000000,0.0,0.0,,143.19571392585027,,0.0,0.0,0.0,0.0,0.0,0.0,0.0,0.0,47.91986616291025,2.886923942525968,False,False,False,False,False,0.0,0,0.9646581942501046,0.9942299092653232,False,False,False,False,-0.10624704753956606,-0.07304087626210652,False,False,False,False,7132132,5936803.327496535,False,False,False,False,189661.35558357846,False,False,False,False
2022-04-05 00:00:00+00:00,121.0,130.5,121.0,127.0,71540,,,,,,,,,,,,,,,,,,,,,,,,,,,132.72978062105855,"rgba(239, 83, 80, 1.0)",0.0,0.0,,142.58238159775044,,0.0,0.0,0.0,0.0,0.0,0.0,0.0,0.0,44.301196629652935,-0.5335616445707032,False,True,False,True,False,0.0,0,0.9775111356151067,0.9695312159946607,False,False,False,False,-0.12939662489522372,-0.10121875057866511,False,False,False,False,7060592,5980873.4715162795,False,False,False,False,185029.14556069305,False,False,False,False
2022-04-06 00:00:00+00:00,118.5,121.0,115.0,118.005,65409,,,,,,,,,,,,,,,,,,,,,,,,,,,130.40337993174685,"rgba(239, 83, 80, 1.0)",0.0,0.0,,141.9080310556575,,0.0,0.0,0.0,0.0,0.0,0.0,0.0,0.0,41.30699890087229,-3.2840940923907453,False,True,False,True,False,0.0,0,0.9610897771571537,0.9847268284168267,False,False,False,False,-0.19547097509482347,-0.1483448628367443,False,False,False,False,6995183,6020650.315770543,False,False,False,False,180338.15946027372,False,False,False,False
2022-04-07 00:00:00+00:00,113.0,121.0,111.0,116.0,69795,,,,,,,,,,,,,,,,,,,,,,,,,,,128.16013181680026,"rgba(239, 83, 80, 1.0)",0.0,0.0,,141.2088923764081,,0.0,0.0,0.0,0.0,0.0,0.0,0.0,0.0,38.106554954193705,-6.198869793032834,False,True,False,True,False,0.0,0,0.954013255861485,0.9927005168034103,False,False,False,False,-0.21277661167848858,-0.18056073725761645,False,False,False,False,6925388,6056130.224956012,False,False,False,False,176003.1335990865,False,False,False,False
2022-04-08 00:00:00+00:00,110.0,116.0,110.0,113.0,46646,,,,,,,,,,,,,,,,,,,,,,,,,,,126.72676081691536,"rgba(239, 83, 80, 1.0)",0.0,0.0,,140.7379906043454,,0.0,0.0,0.0,0.0,0.0,0.0,0.0,0.0,35.36176713398998,-8.674727214382386,False,True,False,True,False,0.0,0,0.9638898714774201,0.9882089376252801,False,False,False,False,-0.23897599595872582,-0.20976836660817114,False,False,False,False,6878742,6088389.5102518555,False,False,False,False,170930.30483049486,False,False,False,False
2022-04-11 00:00:00+00:00,110.0,114.61,109.0,111.0,70895,,,,,,,,,,,,,,,,,,,,,,,,,,,124.88267880601617,"rgba(239, 83, 80, 1.0)",0.0,0.0,,140.0890996239844,,0.0,0.0,0.0,0.0,0.0,0.0,0.0,0.0,33.531908587187495,-10.33099326229226,False,True,False,True,False,0.0,0,0.9725555934667478,0.9761011140945571,False,False,False,False,-0.3142378467206873,-0.2620031066644292,False,False,False,False,6878742,6119383.725536097,False,False,False,False,167007.35169988722,False,False,False,False
2022-04-12 00:00:00+00:00,111.0,118.5,108.75,111.0,118579,,,,,,,,,,,,,,,,,,,,,,,,,,,122.87158117955579,"rgba(239, 83, 80, 1.0)",0.0,0.0,,139.26743195176144,,0.0,0.0,0.0,0.0,0.0,0.0,0.0,0.0,32.84479552863794,-11.010771501468376,False,True,False,True,False,0.0,0,0.9624166468206716,0.9828828292450583,False,False,False,False,-0.3234691451712594,-0.2927361259178443,False,False,False,False,6997321,6153812.638260172,False,False,False,False,165108.2006528328,False,False,False,False
2022-04-13 00:00:00+00:00,112.0,115.5,109.5,111.5,66304,,,,,,,,,,,,,,,,,,,,,,,,,,,121.97769563224273,"rgba(239, 83, 80, 1.0)",0.0,0.0,,138.86022339786302,,0.0,0.0,0.0,0.0,0.0,0.0,0.0,0.0,32.94542644517255,-11.067339744265823,False,True,False,True,False,0.0,0,0.9545212306814685,0.9954964083856875,False,False,False,False,-0.3354071132500613,-0.3140716195839528,False,False,False,False,7063625,6189491.554406832,False,False,False,False,161233.5261174276,False,False,False,False
2022-04-14 00:00:00+00:00,110.0,112.5,108.5,112.0,61159,,,,,,,,,,,,,,,,,,,,,,,,,,,121.1327397407635,"rgba(239, 83, 80, 1.0)",0.0,0.0,,138.46921624772702,,0.0,0.0,0.0,0.0,0.0,0.0,0.0,0.0,32.44834683819029,-11.798474183829086,False,True,False,True,False,0.0,0,0.9545891452920297,0.9962157621076692,False,False,False,False,-0.34282825441539394,-0.3284499369996734,False,False,False,False,7002466,6221372.9052144075,False,False,False,False,157309.03489713633,False,False,False,False
2022-04-18 00:00:00+00:00,105.5,109.5,102.5,109.0,57522,,,,,,,,,,,,,,,,,,,,,,,,,,,120.155290314794,"rgba(239, 83, 80, 1.0)",0.0,0.0,,138.03433205355805,,0.0,0.0,0.0,0.0,0.0,0.0,0.0,0.0,30.940607030882205,-13.502917612542213,False,True,False,True,False,0.0,0,0.9446490752921147,1.0197322603110732,False,False,False,False,-0.34282825441539394,-0.3356390957075337,False,False,False,False,6944944,6249748.242264823,False,False,False,False,153395.81784234667,False,False,False,False
2022-04-19 00:00:00+00:00,111.0,113.25,103.5,105.5,54278,,,,,,,,,,,,,,,,,,,,,,,,,,,119.53524394340309,"rgba(239, 83, 80, 1.0)",0.0,0.0,,137.7156094808127,,0.0,0.0,0.0,0.0,0.0,0.0,0.0,0.0,33.08442951548996,-13.502917612542213,False,True,False,True,False,0.0,0,0.925027052094605,1.0150718812799506,False,False,False,False,-0.3195500308764625,-0.3275945632919981,False,False,False,False,6999222,6279139.370019144,False,False,False,False,149508.8445936272,False,False,False,False
2022-04-20 00:00:00+00:00,106.0,111.0,104.0,111.0,40199,,,,,,,,,,,,,,,,,,,,,,,,,,,119.0287224756986,"rgba(239, 83, 80, 1.0)",0.0,0.0,20.013227607741815,137.46072077478806,-1.5719963511841515,0.0,0.0,0.0,0.0,0.0,0.0,0.0,0.0,33.07005549228631,-13.502917612542213,False,True,False,True,False,0.0,0,0.9122087298982606,1.0738431243846407,False,False,False,False,-0.32808609374378606,-0.3278403285178921,False,False,False,False,6959023,6305801.473155648,False,False,False,False,145222.18402132808,False,False,False,False
2022-04-21 00:00:00+00:00,99.5,107.0,99.5,106.0,57745,,,,,,,,,,,,,,,,,,,,,,,,,,,118.09451752427532,"rgba(239, 83, 80, 1.0)",0.0,0.0,20.40089646502272,137.01923295455038,-1.8390972680478526,0.0,0.0,0.0,0.0,0.0,0.0,0.0,0.0,31.494809408231923,-13.502917612542213,False,True,False,True,False,0.0,0,0.9041752224503765,1.0855578370978782,False,False,False,False,-0.34282825441539394,-0.335334291466643,False,False,False,False,6901278,6329153.493816212,False,False,False,False,141791.7062165701,False,False,False,False
2022-04-22 00:00:00+00:00,102.0,105.25,98.5,100.0,54127,,,,,,,,,,,,,,,,,,,,,,,,,,,117.30328722047278,"rgba(239, 83, 80, 1.0)",0.0,0.0,20.7181862923192,136.62746070031784,-1.6713557939748418,0.0,0.0,0.0,0.0,0.0,0.0,0.0,0.0,31.799669047264327,-13.502917612542213,False,True,False,True,False,0.0,0,0.8588604286461055,1.105419062554452,False,False,False,False,-0.34282825441539394,-0.3390812729410185,False,False,False,False,6955405,6353712.376411655,False,False,False,False,138353.87460023403,False,False,False,False
2022-04-25 00:00:00+00:00,102.5,104.0,99.0,99.0,71454,,,,,,,,,,,,,,,,,,,,,,,,,,,116.36505215623133,"rgba(239, 83, 80, 1.0)",0.0,0.0,21.01347058307946,136.13886435161618,-1.6008238248232531,0.0,0.0,0.0,0.0,0.0,0.0,0.0,0.0,32.280636086138024,-13.502917612542213,False,True,False,True,False,0.0,0,0.8503808487486396,1.1342038447587959,False,False,False,False,-0.34282825441539394,-0.3409547636782062,False,False,False,False,7026859,6380110.283219041,False,False,False,False,135730.35010610722,False,False,False,False
2022-04-26 00:00:00+00:00,103.5,106.5,99.5,100.0,86063,,,,,,,,,,,,,,,,,,,,,,,,,,,115.46656071217451,"rgba(239, 83, 80, 0.75)",0.0,0.0,21.14574478524042,135.6227813052112,-1.519113260443428,0.0,0.0,0.0,0.0,0.0,0.0,0.0,0.0,33.18881561905859,-13.502917612542213,False,True,False,True,True,0.0,0,0.8571213716348322,1.1212212362761318,False,False,False,False,-0.32891683546438927,-0.3349357995712977,False,False,False,False,7112922,6408847.997602608,False,False,False,False,133782.61088625988,False,False,False,False
2022-04-27 00:00:00+00:00,107.0,108.5,98.25,102.0,157968,,,,,,,,,,,,,,,,,,,,,,,,,,,114.25771965536721,"rgba(239, 83, 80, 0.75)",0.0,0.0,21.346177158434696,134.81947373470962,-1.3032532021180698,0.0,0.0,0.0,0.0,0.0,0.0,0.0,0.0,35.793343665807335,-13.502917612542213,False,True,False,True,True,0.0,0,0.8437410401972588,1.113729762792209,False,False,False,False,-0.3254582877702061,-0.33019704367075187,False,False,False,False,7270890,6442653.566324075,False,False,False,False,134731.05751817126,False,False,False,False
2022-04-28 00:00:00+00:00,104.0,107.5,99.5,107.0,86429,,,,,,,,,,,,,,,,,,,,,,,,,,,113.65095670278582,"rgba(239, 83, 80, 0.75)",0.0,0.0,21.587592365619283,134.39492026780556,-1.4079810176614673,0.0,0.0,0.0,0.0,0.0,0.0,0.0,0.0,36.43579957479658,-13.502917612542213,False,True,False,True,True,0.0,0,0.8278779392029871,1.1293346558531225,False,False,False,False,-0.3233914158577843,-0.3267942297642681,False,False,False,False,7184461,6471744.053919209,False,False,False,False,132836.85918412532,False,False,False,False
2022-04-29 00:00:00+00:00,101.0,109.0,100.5,105.5,103652,,,,,,,,,,,,,,,,,,,,,,,,,,,112.9983573791255,"rgba(239, 83, 80, 0.75)",0.0,0.0,21.840480227700503,133.91078322513027,-1.5068708600733602,0.0,0.0,0.0,0.0,0.0,0.0,0.0,0.0,35.84669715541075,-13.502917612542213,False,True,False,True,True,0.0,0,0.8327446601273109,1.1179937230054802,False,False,False,False,-0.30782363338156365,-0.31730893157291584,False,False,False,False,7080809,6495628.953765514,False,False,False,False,131692.35490239493,False,False,False,False
2022-05-02 00:00:00+00:00,101.5,103.5,98.0,99.5,68390,,,,,,,,,,,,,,,,,,,,,,,,,,,112.51011634708013,"rgba(239, 83, 80, 0.75)",0.0,0.0,21.888274865246384,133.5668955099178,-1.4650261707391457,0.0,0.0,0.0,0.0,0.0,0.0,0.0,0.0,35.772296484379,-13.502917612542213,False,True,False,True,True,0.0,1,0.8392266903665832,1.1138394863242829,False,False,False,False,-0.34282825441539394,-0.3300685929941549,False,False,False,False,7149199,6521259.1516570635,False,False,False,False,129209.90961210494,False,False,False,False
2022-05-03 00:00:00+00:00,104.0,104.0,98.5,101.0,48169,,,,,,,,,,,,,,,,,,,,,,,,,,,112.22192512662708,"rgba(239, 83, 80, 0.75)",0.0,0.0,22.06914808725741,133.34565815107518,-1.3297141346393515,0.0,0.0,0.0,0.0,0.0,0.0,0.0,0.0,37.31955689781992,-16.373099143694652,False,True,False,True,True,0.0,1,0.8620210341267975,1.0981183757320552,False,False,False,False,-0.3374118368950187,-0.33374021494458683,False,False,False,False,7197368,6547773.2241411,False,False,False,False,126031.83472535573,False,False,False,False
2022-05-04 00:00:00+00:00,104.0,105.0,99.0,102.0,57000,,,,,,,,,,,,,,,,,,,,,,,,,,,111.91694103955399,"rgba(239, 83, 80, 0.75)",0.0,0.0,22.199701726752025,133.0976275237017,-1.3107215530124554,0.0,0.0,0.0,0.0,0.0,0.0,0.0,0.0,38.351063840113866,-15.242916284652487,False,True,False,True,True,0.0,1,0.844016935304167,1.12839422332106,False,False,False,False,-0.32414356035879366,-0.32894188765169025,False,False,False,False,7197368,6573247.529076743,False,False,False,False,123324.70395181238,False,False,False,False
2022-05-05 00:00:00+00:00,98.0,101.955,97.0,101.0,50469,,,,,,,,,,,,,,,,,,,,,,,,,,,111.5615184573246,"rgba(239, 83, 80, 0.75)",0.0,0.0,22.143878417101,132.84304723937504,-1.573484399754782,0.0,0.0,0.0,0.0,0.0,0.0,0.0,0.0,36.64487273285789,-15.242916284652487,False,True,False,True,True,0.0,1,0.8752330623007248,1.0981895610154344,False,False,False,False,-0.34282825441539394,-0.3358850710335421,False,False,False,False,7146899,6595743.66519138,False,False,False,False,120467.61752232954,False,False,False,False
2022-05-06 00:00:00+00:00,95.0,97.5,90.5,97.0,51344,,,,,,,,,,,,,,,,,,,,,,,,,,,111.09291081435067,"rgba(239, 83, 80, 1.0)",0.0,0.0,22.42137011508971,132.53933728156662,-1.6742659832506144,0.0,0.0,0.0,0.0,0.0,0.0,0.0,0.0,34.52114488838582,-11.851355666316067,False,True,False,True,False,0.0,1,0.9126261039550388,1.0732013823437008,False,False,False,False,-0.34282825441539394,-0.339356662724468,False,False,False,False,7095555,6615344.10969368,False,False,False,False,117756.88742341466,False,False,False,False
2022-05-09 00:00:00+00:00,83.0,92.75,82.5,91.0,47877,,,,,,,,,,,,,,,,,,,,,,,,,,,110.47427419935384,"rgba(239, 83, 80, 1.0)",0.0,0.0,22.984179831408447,132.17974545145597,-2.139721574239105,0.0,0.0,0.0,0.0,0.0,0.0,0.0,0.0,30.264861503907667,-15.812258161894455,False,True,False,True,False,0.0,0,0.8217797811876736,1.09443054610853,False,False,False,False,-0.34282825441539394,-0.341092458569931,False,False,False,False,7047678,6632298.379901771,False,False,False,False,115016.49968131997,False,False,False,False
2022-05-10 00:00:00+00:00,79.5,84.5,76.0,84.5,56285,,,,,,,,,,,,,,,,,,,,,,,,,,,109.6131233721842,"rgba(239, 83, 80, 1.0)",0.0,0.0,23.615409536308448,131.6979774511909,-2.2103354748490407,0.0,0.0,0.0,0.0,0.0,0.0,0.0,0.0,26.82677489768194,-18.86768083181537,False,True,False,True,False,0.0,0,0.8035811491643599,1.1209274852040165,False,False,False,False,-0.34282825441539394,-0.34196035649266243,False,False,False,False,6991393,6646380.521866408,False,False,False,False,112713.30361538586,False,False,False,False
2022-05-11 00:00:00+00:00,67.5,77.75,67.0,75.5,60554,,,,,,,,,,,,,,,,,,,,,,,,,,,108.46648305600208,"rgba(239, 83, 80, 1.0)",0.0,0.0,24.560885918816478,131.08217399156348,-2.5887573519020415,0.0,0.0,0.0,0.0,0.0,0.0,0.0,0.0,22.951803838895948,-22.273597243004815,False,True,False,True,False,0.0,0,0.7857936135377428,1.1206878785450132,False,False,False,False,-0.34282825441539394,-0.34239430545402816,False,False,False,False,6930839,6657535.75630302,False,False,False,False,110667.84072850799,False,False,False,False
2022-05-12 00:00:00+00:00,74.75,75.96,64.5,66.0,57412,,,,,,,,,,,,,,,,,,,,,,,,,,,107.46697542292506,"rgba(239, 83, 80, 1.0)",0.0,0.0,25.223332630899698,120.73036248864463,-1.8229297120046957,0.0,0.0,0.0,0.0,0.0,0.0,0.0,0.0,24.229118814816715,-22.273597243004815,False,True,False,True,False,0.0,0,0.788372965780765,1.120534952748115,False,False,False,False,-0.34282825441539394,-0.3426112799347111,False,False,False,False,6988251,6670504.981546039,False,False,False,False,108579.37638621355,False,False,False,False
2022-05-13 00:00:00+00:00,79.0,82.0,75.0,77.5,69947,,,,,,,,,,,,,,,,,,,,,,,,,,,106.5427755050577,"rgba(239, 83, 80, 0.75)",0.0,0.0,25.748487666601267,120.90182641594954,-1.627350971385438,0.0,0.0,0.0,0.0,0.0,0.0,0.0,0.0,27.056108831398262,-22.273597243004815,False,True,False,True,True,0.0,0,0.817784273203704,1.1009442471712547,False,False,False,False,-0.2634130082202193,-0.3030121440774652,False,False,False,False,7058198,6685708.629328547,False,False,False,False,107064.38123381302,False,False,False,False
2022-05-16 00:00:00+00:00,71.5,78.5,71.0,78.0,64582,,,,,,,,,,,,,,,,,,,,,,,,,,,105.59673225727398,"rgba(239, 83, 80, 0.75)",0.0,0.0,26.38121559056816,120.33205144283214,-1.8510159729065185,0.0,0.0,0.0,0.0,0.0,0.0,0.0,0.0,27.46021415071777,-22.273597243004815,False,True,False,True,True,0.0,0,0.8299321295645461,1.0938086952513741,False,False,False,False,-0.2989666595564564,-0.30098940181696077,False,False,False,False,6993616,6697783.428178408,False,False,False,False,105398.4054991537,False,False,False,False
2022-05-17 00:00:00+00:00,75.5,75.5,71.5,73.5,36811,,,,,,,,,,,,,,,,,,,,,,,,,,,105.08953548146788,"rgba(239, 83, 80, 0.75)",0.0,0.0,26.88537857425634,120.05699132458177,-1.6572945477229248,0.0,0.0,0.0,0.0,0.0,0.0,0.0,0.0,29.49385250516626,-26.06055422295758,False,True,False,True,True,0.0,0,0.8559171632406004,1.0792285180353303,False,False,False,False,-0.3109787294292031,-0.30598406562308195,False,False,False,False,7030427,6710828.274132196,False,False,False,False,102708.7033227163,False,False,False,False
2022-05-18 00:00:00+00:00,71.5,77.0,70.5,73.0,29637,,,,,,,,,,,,,,,,,,,,,,,,,,,104.67796417942012,"rgba(239, 83, 80, 0.75)",0.0,0.0,27.52718844349354,119.8153148059164,-1.7551852382271333,0.0,0.0,0.0,0.0,0.0,0.0,0.0,0.0,30.009795777073144,-25.491033425304273,False,True,False,True,True,0.0,0,0.8729102223078128,1.0654887281393306,False,False,False,False,-0.3085694502518663,-0.3072767579374741,False,False,False,False,7000790,6722199.322205443,False,False,False,False,99843.14632966861,False,False,False,False
2022-05-19 00:00:00+00:00,71.5,72.5,67.5,70.5,36031,,,,,,,,,,,,,,,,,,,,,,,,,,,104.153216758658,"rgba(239, 83, 80, 0.75)",0.0,0.0,28.169741689388058,119.46982920324712,-1.7028849512424897,0.0,0.0,0.0,0.0,0.0,0.0,0.0,0.0,30.353757958344403,-24.985727332860115,False,True,False,True,True,0.0,0,0.8350145407201004,1.0929754328754122,False,False,False,False,-0.34282825441539394,-0.325052506176434,False,False,False,False,7000790,6733124.4468248375,False,False,False,False,97340.70921870122,False,False,False,False
2022-05-20 00:00:00+00:00,72.0,73.0,67.0,73.0,36360,,,,,,,,,,,,,,,,,,,,,,,,,,,103.64230616496422,"rgba(239, 83, 80, 0.75)",0.0,0.0,28.754240971965764,119.14823070134621,-1.639696584142626,0.0,0.0,0.0,0.0,0.0,0.0,0.0,0.0,30.84112927043399,-24.27860687815225,False,True,False,True,True,0.0,0,0.8378427588216016,1.0806112911644394,False,False,False,False,-0.34282825441539394,-0.333940380295914,False,False,False,False,7037150,6745047.017537589,False,False,False,False,94949.30885718353,False,False,False,False
2022-05-23 00:00:00+00:00,73.5,74.0,68.185,70.0,25665,,,,,,,,,,,,,,,,,,,,,,,,,,,103.3040492487835,"rgba(239, 83, 80, 0.75)",0.0,0.0,29.30296352199163,118.95119280848333,-1.5510783670181545,0.0,0.0,0.0,0.0,0.0,0.0,0.0,0.0,31.978008699472714,-22.94164893725444,False,True,False,True,True,0.0,0,0.8518925787454488,1.0750311560736017,False,False,False,False,-0.33214815708116635,-0.3330442686885402,False,False,False,False,7062815,6757508.507045919,False,False,False,False,92232.27713729399,False,False,False,False
2022-05-24 00:00:00+00:00,69.0,72.305,68.04,72.0,24597,,,,,,,,,,,,,,,,,,,,,,,,,,,102.9652024888897,"rgba(239, 83, 80, 0.75)",0.0,0.0,29.92100222041158,118.73646292825863,-1.6622592572894932,0.0,0.0,0.0,0.0,0.0,0.0,0.0,0.0,31.531861221150603,-22.94164893725444,False,True,False,True,True,0.0,0,0.8533691791633781,1.0726494672454616,False,False,False,False,-0.34113696630785023,-0.33709061749819524,False,False,False,False,7038218,6768516.722455883,False,False,False,False,89579.91332798834,False,False,False,False
2022-05-25 00:00:00+00:00,69.5,71.0,67.5,67.5,20574,,,,,,,,,,,,,,,,,,,,,,,,,,,102.68323463020882,"rgba(239, 83, 80, 0.75)",0.0,0.0,30.332624855601132,118.55701725993993,-1.6173020796411954,0.0,0.0,0.0,0.0,0.0,0.0,0.0,0.0,31.528646437517608,-22.857252589499595,False,True,False,True,True,0.0,0,0.851012779714098,1.0846340354599182,False,False,False,False,-0.34282825441539394,-0.33995943595679456,False,False,False,False,7058792,6779900.0666733,False,False,False,False,86873.79907983194,False,False,False,False
2022-05-26 00:00:00+00:00,70.0,72.0,69.0,69.0,21651,,,,,,,,,,,,,,,,,,,,,,,,,,,102.40031317398778,"rgba(239, 83, 80, 0.75)",0.0,0.0,30.252389154404824,118.38503843796894,-1.599379083450801,0.0,0.0,0.0,0.0,0.0,0.0,0.0,0.0,31.841612385397514,-22.243441470798246,False,True,False,True,True,0.0,0,0.8239060009255926,1.104154882501157,False,False,False,False,-0.3307341932734891,-0.3353468146151418,False,False,False,False,7080443,6791686.064058661,False,False,False,False,84316.04225317187,False,False,False,False
2022-05-27 00:00:00+00:00,72.0,72.0,69.5,70.0,15372,,,,,,,,,,,,,,,,,,,,,,,,,,,102.20756969763391,"rgba(239, 83, 80, 0.75)",0.0,0.0,29.952622875419745,118.2720388648562,-1.5448409662590445,0.0,0.0,0.0,0.0,0.0,0.0,0.0,0.0,33.33929808535936,-20.548168936757335,False,True,False,True,True,0.0,0,0.8070363029417901,1.1160807427498436,False,False,False,False,-0.32832664604887807,-0.33183673033200994,False,False,False,False,7095815,6803612.688997538,False,False,False,False,81612.35432167492,False,False,False,False
2022-05-31 00:00:00+00:00,72.5,76.0,71.0,72.5,22870,,,,,,,,,,,,,,,,,,,,,,,,,,,101.94336909031554,"rgba(239, 83, 80, 0.5)",0.0,0.0,29.559512805479365,118.12986093389657,-1.5436607915079807,0.0,0.0,0.0,0.0,0.0,0.0,0.0,0.0,34.66676167152549,-19.086129041824677,False,False,False,True,True,0.0,0,0.7968279938776587,1.1227371087771152,False,False,False,False,-0.3020780010323189,-0.3169573656821644,False,False,False,False,7118685,6815968.465899596,False,False,False,False,79308.73258357003,False,False,False,False
2022-06-01 00:00:00+00:00,73.5,75.5,71.75,72.5,33470,,,,,,,,,,,,,,,,,,,,,,,,,,,101.5707407242384,"rgba(239, 83, 80, 0.5)",0.0,0.0,29.340561276772423,117.93083029589059,-1.5143142585709306,0.0,0.0,0.0,0.0,0.0,0.0,0.0,0.0,36.240827235182344,-17.44553287423608,False,False,False,True,True,0.0,0,0.7983922657835701,1.1202061745540006,False,False,False,False,-0.300894673394396,-0.30892601953828025,False,False,False,False,7152155,6829152.2515505925,False,False,False,False,77511.13522735161,False,False,False,False
2022-06-02 00:00:00+00:00,74.5,75.5,69.0,73.0,32424,,,,,,,,,,,,,,,,,,,,,,,,,,,101.21164647552759,"rgba(239, 83, 80, 0.5)",0.0,0.0,28.802541882947075,117.73126896342471,-1.5009532540258315,0.0,0.0,0.0,0.0,0.0,0.0,0.0,0.0,37.99754016653844,-15.686611986945437,False,False,False,True,True,0.0,0,0.7826585587027257,1.1227129674081187,False,False,False,False,-0.3139571669656934,-0.31144159325198684,False,False,False,False,7184579,6843090.555411355,False,False,False,False,75743.01227725939,False,False,False,False
2022-06-03 00:00:00+00:00,69.0,75.47,68.5,72.5,34645,,,,,,,,,,,,,,,,,,,,,,,,,,,100.81116218132831,"rgba(239, 83, 80, 0.5)",0.0,0.0,28.199449310960723,117.49037475628974,-1.7195504146757299,0.0,0.0,0.0,0.0,0.0,0.0,0.0,0.0,36.7501218762699,-15.686611986945437,False,False,False,True,True,0.0,1,0.7672873056018942,1.147419684658021,False,False,False,False,-0.3164865082935844,-0.3139640507727856,False,False,False,False,7149934,6855123.631669733,False,False,False,False,74131.32552128844,False,False,False,False
2022-06-06 00:00:00+00:00,68.5,70.945,67.5,70.0,31780,,,,,,,,,,,,,,,,,,,,,,,,,,,100.42889843071056,"rgba(239, 83, 80, 0.5)",0.0,0.0,27.6291370062786,117.24731261556589,-1.764344380517143,0.0,0.0,0.0,0.0,0.0,0.0,0.0,0.0,35.72235610874692,-15.686611986945437,False,False,False,True,False,0.0,1,0.8133793356994388,1.1571386151213925,False,False,False,False,-0.34282825441539394,-0.3283961525940898,False,False,False,False,7118154,6865438.5480748415,False,False,False,False,72470.48922633595,False,False,False,False
2022-06-07 00:00:00+00:00,69.5,70.0,66.0,67.0,23088,,,,,,,,,,,,,,,,,,,,,,,,,,,100.1527281571463,"rgba(239, 83, 80, 0.5)",0.0,0.0,27.298844561893393,117.07014998620696,-1.742570088574752,0.0,0.0,0.0,0.0,0.0,0.0,0.0,0.0,35.84239294383312,-15.686611986945437,False,False,False,True,False,0.0,1,0.7775559390196947,1.1683090657577617,False,False,False,False,-0.34282825441539394,-0.33561220350474186,False,False,False,False,7141242,6876254.369718965,False,False,False,False,70533.92102138161,False,False,False,False
2022-06-08 00:00:00+00:00,70.0,73.5,68.5,68.5,30443,,,,,,,,,,,,,,,,,,,,,,,,,,,99.82023262614837,"rgba(239, 83, 80, 0.5)",0.0,0.0,27.029799621298892,116.86794301808764,-1.7339360141300022,0.0,0.0,0.0,0.0,0.0,0.0,0.0,0.0,36.3407779409697,-15.686611986945437,False,False,False,True,False,0.0,1,0.7901516457004999,1.1536848756390372,False,False,False,False,-0.3144187154504248,-0.32501545947758337,False,False,False,False,7171685,6887839.884631947,False,False,False,False,68961.72804015095,False,False,False,False
2022-06-09 00:00:00+00:00,66.0,70.0,66.0,69.5,26686,,,,,,,,,,,,,,,,,,,,,,,,,,,99.50225136052227,"rgba(239, 83, 80, 0.5)",0.0,0.0,26.643738594767598,116.65921028895242,-1.9013551761426257,0.0,0.0,0.0,0.0,0.0,0.0,0.0,0.0,34.83930005008815,-15.686611986945437,False,False,False,True,False,0.0,1,0.7661494151531181,1.1925292423440899,False,False,False,False,-0.34282825441539394,-0.3339218569464887,False,False,False,False,7144999,6897924.555822851,False,False,False,False,67303.8563523019,False,False,False,False
2022-06-10 00:00:00+00:00,63.5,66.5,60.5,66.0,27178,,,,,,,,,,,,,,,,,,,,,,,,,,,99.14690723513348,"rgba(239, 83, 80, 0.5)",0.0,0.0,26.790996621999756,116.41194487784405,-1.9749897931902525,0.0,0.0,0.0,0.0,0.0,0.0,0.0,0.0,32.86223973472842,-13.733680489628718,False,False,False,True,False,0.0,1,0.7307784359480644,1.2214144677795729,False,False,False,False,-0.34282825441539394,-0.3383750556809413,False,False,False,False,7117821,6906547.945790582,False,False,False,False,65730.29335809399,False,False,False,False
2022-06-13 00:00:00+00:00,58.5,59.5,57.0,58.0,26233,,,,,,,,,,,,,,,,,,,,,,,,,,,98.76175121425946,"rgba(239, 83, 80, 1.0)",0.0,0.0,26.978042873739003,116.12947038749775,-2.1361620135756954,0.0,0.0,0.0,0.0,0.0,0.0,0.0,0.0,29.92249583793591,-16.502664107899818,False,True,False,True,False,0.0,0,0.7249449830488313,1.1977933741747457,False,False,False,False,-0.34282825441539394,-0.34060165504816764,False,False,False,False,7091588,6913804.418504677,False,False,False,False,64181.3798930707,False,False,False,False
2022-06-14 00:00:00+00:00,56.5,60.0,56.0,58.0,24906,,,,,,,,,,,,,,,,,,,,,,,,,,,98.39534572303864,"rgba(239, 83, 80, 1.0)",0.0,0.0,27.03589247615075,115.86112630656983,-2.195641455481236,0.0,0.0,0.0,0.0,0.0,0.0,0.0,0.0,27.41012035578557,-18.78639255240232,False,True,False,True,False,0.0,0,0.746815866084425,1.1941108685104318,False,False,False,False,-0.34282825441539394,-0.3417149547317808,False,False,False,False,7066682,6919799.617779003,False,False,False,False,62641.16891687185,False,False,False,False
2022-06-15 00:00:00+00:00,58.5,58.995,55.5,56.0,38206,,,,,,,,,,,,,,,,,,,,,,,,,,,97.84797198157626,"rgba(239, 83, 80, 1.0)",0.0,0.0,26.969250508180156,115.4649059494172,-2.1122168720313135,0.0,0.0,0.0,0.0,0.0,0.0,0.0,0.0,27.55896772487586,-18.78639255240232,False,True,False,True,False,0.0,0,0.7532911373005777,1.1839512038129683,False,False,False,False,-0.34282825441539394,-0.3422716045735874,False,False,False,False,7104888,6927057.985709239,False,False,False,False,61682.926998563154,False,False,False,False
2022-06-16 00:00:00+00:00,55.0,55.0,51.5,51.5,30919,,,,,,,,,,,,,,,,,,,,,,,,,,,97.37442934485702,"rgba(239, 83, 80, 1.0)",0.0,0.0,26.995371224852057,115.11474900310657,-2.226853948493387,0.0,0.0,0.0,0.0,0.0,0.0,0.0,0.0,26.54871376761576,-19.56004007461678,False,True,False,True,False,0.0,0,0.7436641905144322,1.1822674553288752,False,False,False,False,-0.34282825441539394,-0.3425499294944907,False,False,False,False,7073969,6932819.201955935,False,False,False,False,60476.49848881558,False,False,False,False
2022-06-17 00:00:00+00:00,58.5,58.5,53.5,54.0,26429,,,,,,,,,,,,,,,,,,,,,,,,,,,97.00499519585786,"rgba(239, 83, 80, 0.75)",0.0,0.0,26.947821202605056,114.8501500725008,-2.0910837150371697,0.0,0.0,0.0,0.0,0.0,0.0,0.0,0.0,28.797619070809798,-19.56004007461678,False,True,False,True,True,0.0,0,0.7676565816176356,1.1425539495902464,False,False,False,False,-0.31070210899848333,-0.32662601924648704,False,False,False,False,7100398,6939390.919526291,False,False,False,False,59141.30246964635,False,False,False,False
2022-06-21 00:00:00+00:00,60.5,61.25,57.5,57.5,28485,,,,,,,,,,,,,,,,,,,,,,,,,,,96.6426546359779,"rgba(239, 83, 80, 0.5)",0.0,0.0,26.93021386693619,114.59873773803953,-2.0088491686454724,0.0,0.0,0.0,0.0,0.0,0.0,0.0,0.0,31.8099600399934,-22.382145266827685,False,False,False,True,True,0.0,0,0.7883445759150725,1.1366803052084484,False,False,False,False,-0.2693753248548755,-0.29800067205068126,False,False,False,False,7128883,6946821.981505653,False,False,False,False,57939.094529660215,False,False,False,False
2022-06-22 00:00:00+00:00,59.0,60.0,57.0,58.0,28038,,,,,,,,,,,,,,,,,,,,,,,,,,,96.28254523699849,"rgba(239, 83, 80, 0.5)",0.0,0.0,27.095499692819967,114.34699356515489,-2.0426636966514877,0.0,0.0,0.0,0.0,0.0,0.0,0.0,0.0,33.147800647532165,-21.182473594068767,False,False,False,True,True,0.0,0,0.7866594480979602,1.1242336905463288,False,False,False,False,-0.27967979295522044,-0.2888402325029509,False,False,False,False,7100845,6952862.099877981,False,False,False,False,56766.5025873206,False,False,False,False
2022-06-23 00:00:00+00:00,60.5,62.5,57.5,57.5,19432,,,,,,,,,,,,,,,,,,,,,,,,,,,96.04674230766216,"rgba(239, 83, 80, 0.5)",0.0,0.0,27.348054841315626,114.1848086782996,-1.9630210992993973,0.0,0.0,0.0,0.0,0.0,0.0,0.0,0.0,35.22144307572866,-19.25729995510796,True,False,False,True,True,0.0,0,0.7910304886804193,1.112063051420731,False,False,False,False,-0.2620491599545922,-0.27544469622877155,False,False,False,False,7120277,6959427.3900788445,False,False,False,False,55302.40444664136,False,False,False,False
2022-06-24 00:00:00+00:00,59.0,62.25,57.5,60.5,27086,,,,,,,,,,,,,,,,,,,,,,,,,,,95.71788983410339,"rgba(239, 83, 80, 0.5)",0.0,0.0,27.585312794709896,113.95757577426696,-1.9922766938791538,0.0,0.0,0.0,0.0,0.0,0.0,0.0,0.0,35.85212155503483,-18.657871812967738,True,False,False,True,True,0.0,0,0.7884531201867734,1.1273042688759545,False,False,False,False,-0.26203990389226445,-0.268742300060518,False,False,False,False,7093191,6964673.021840459,False,False,False,False,54195.87878206719,False,False,False,False
2022-06-27 00:00:00+00:00,58.0,59.0,57.0,59.0,14366,,,,,,,,,,,,,,,,,,,,,,,,,,,95.53832975939812,"rgba(239, 83, 80, 0.5)",0.0,0.0,27.756146547587882,113.83188654114481,-2.0115143305437266,0.0,0.0,0.0,0.0,0.0,0.0,0.0,0.0,35.77382323248831,-18.639119025202742,True,False,False,True,True,0.0,0,0.7815667143021403,1.1297984526684077,False,False,False,False,-0.2825247438956493,-0.27563352197808366,False,False,False,False,7078825,6969149.570003578,False,False,False,False,52633.92275139789,False,False,False,False
2022-06-28 00:00:00+00:00,55.0,59.5,55.0,57.5,25372,,,,,,,,,,,,,,,,,,,,,,,,,,,95.21284079250648,"rgba(239, 83, 80, 0.5)",0.0,0.0,27.973904747940544,113.60168245366039,-2.094869592990041,0.0,0.0,0.0,0.0,0.0,0.0,0.0,0.0,34.32756891541939,-18.639119025202742,True,False,False,True,True,0.0,0,0.7786451073320323,1.1181062332934288,False,False,False,False,-0.28997178526715817,-0.2828026536226209,False,False,False,False,7053453,6972455.586866183,False,False,False,False,51564.82774153915,False,False,False,False
2022-06-29 00:00:00+00:00,53.5,55.135,52.0,55.0,19303,,,,,,,,,,,,,,,,,,,,,,,,,,,94.95019527768972,"rgba(239, 83, 80, 0.5)",0.0,0.0,28.23921503451839,113.41256002387031,-2.121608548631249,0.0,0.0,0.0,0.0,0.0,0.0,0.0,0.0,32.72774904451509,-18.639119025202742,False,False,False,True,False,0.0,0,0.7870761654410541,1.126027351678701,False,False,False,False,-0.3385683064358896,-0.3106854800292552,False,False,False,False,7034150,6974874.975616529,False,False,False,False,50299.65802618467,False,False,False,False
2022-06-30 00:00:00+00:00,54.0,54.0,51.0,52.0,29976,,,,,,,,,,,,,,,,,,,,,,,,,,,94.54354468293035,"rgba(239, 83, 80, 0.5)",-1.0,41.5,28.489438931481864,104.531063750265,-1.7736770412289988,0.0,0.0,0.0,0.0,0.0,0.0,0.0,0.0,32.1723392211438,-18.639119025202742,False,False,False,True,False,0.0,0,0.7753761317993055,1.1455510926543673,True,False,False,False,-0.34282825441539394,-0.32675686722232455,False,False,False,False,7064126,6978375.015788429,False,False,False,False,49502.65182907939,False,False,False,False
2022-07-01 00:00:00+00:00,52.5,54.47,51.5,54.0,10397,,,,,,,,,,,,,,,,,,,,,,,,,,,94.40374359247072,"rgba(239, 83, 80, 0.5)",0.0,0.0,28.660534515928745,104.43831350100349,-1.8121892832158308,0.0,0.0,0.0,0.0,0.0,0.0,0.0,0.0,31.108413537881553,-14.77814060499469,False,False,False,True,False,0.0,0,0.7722519413287315,1.138188093183779,False,False,False,False,-0.33596870551651403,-0.3313627863694193,False,False,False,False,7053729,6981330.073992806,True,False,False,False,47969.09685539,False,False,False,False
2022-07-05 00:00:00+00:00,55.0,56.5,51.365,52.5,24479,,,,,,,,,,,,,,,,,,,,,,,,,,,94.08973032129715,"rgba(239, 83, 80, 0.5)",0.0,0.0,28.626675567625004,104.31842791685271,-1.722813667285516,0.0,0.0,0.0,0.0,0.0,0.0,0.0,0.0,32.988692018859396,-14.77814060499469,False,False,False,True,False,0.0,0,0.7855664004732328,1.1183429893696608,False,False,False,False,-0.3226546158312948,-0.32700870110035707,False,False,False,False,7078208,6985129.208346029,False,False,False,False,47047.91658655118,False,False,False,False
2022-07-06 00:00:00+00:00,53.5,55.0,53.0,54.5,8367,,,,,,,,,,,,,,,,,,,,,,,,,,,93.98230977923461,"rgba(239, 83, 80, 0.5)",0.0,0.0,28.514243714231647,104.2588182630648,-1.7801214989872145,0.0,0.0,0.0,0.0,0.0,0.0,0.0,0.0,33.41737564739585,-14.77814060499469,True,False,False,True,True,0.0,0,0.7912855803421374,1.1194473437472359,False,False,False,False,-0.32171037471628755,-0.3243595379083223,False,False,False,False,7069841,6988451.239391283,False,False,False,False,45531.01789688251,False,False,False,False
2022-07-07 00:00:00+00:00,57.5,58.0,53.5,54.0,24287,,,,,,,,,,,,,,,,,,,,,,,,,,,93.69293625546426,"rgba(239, 83, 80, 0.5)",0.0,0.0,28.22082843677099,104.18535275047327,-1.6542871112048396,0.0,0.0,0.0,0.0,0.0,0.0,0.0,0.0,37.316691876429616,-16.82547306338769,True,False,False,True,True,0.0,1,0.7909156963864816,1.1045953178442944,False,False,False,False,-0.29741735958171145,-0.31088844874501687,False,False,False,False,7094128,6992595.426081821,False,False,False,False,44697.9191558283,False,False,False,False
2022-07-08 00:00:00+00:00,61.0,64.5,55.5,57.0,106201,,,,,,,,,,,,,,,,,,,,,,,,,,,92.60819842119854,"rgba(239, 83, 80, 0.5)",0.0,0.0,27.915664900676312,104.00454329287398,-1.5405165324158947,0.0,0.0,0.0,0.0,0.0,0.0,0.0,0.0,42.422692245370904,-12.132765880197951,True,False,False,True,True,0.0,1,0.7976666021433473,1.089781265947525,False,False,False,False,-0.23975376633230833,-0.27532110753866257,False,False,False,False,7200329,7000741.84074528,False,False,False,False,47109.80467912915,False,False,False,False
2022-07-11 00:00:00+00:00,69.0,77.0,65.0,74.0,731769,,,,,,,,,,,,,,,,,,,,,,,,,,,88.53097564814072,"rgba(38, 166, 154, 1.0)",0.0,0.0,27.380307498980784,102.98752711570842,-1.24131283467045,0.0,0.0,0.0,0.0,0.0,0.0,0.0,0.0,49.871841786801184,-5.464847453837407,True,False,True,False,True,0.0,0,0.8249650723562791,1.0414302223295444,False,False,False,False,-0.0966152906331785,-0.18596819908592055,False,False,False,False,7932098,7037265.611696445,False,False,False,False,73959.18488779075,False,False,False,False
2022-07-12 00:00:00+00:00,69.5,71.0,63.5,63.5,154590,,,,,,,,,,,,,,,,,,,,,,,,,,,87.76663070412945,"rgba(38, 166, 154, 1.0)",0.0,0.0,26.61800726596218,102.46677885634473,-1.2385141579888683,0.0,0.0,0.0,0.0,0.0,0.0,0.0,0.0,55.04121207596679,-1.1205382619940778,True,False,True,False,True,0.0,0,0.8151597353007239,1.0587798261831125,False,False,False,False,-0.14468543688279817,-0.16532681798435936,False,False,False,False,8086688,7078419.430845604,False,False,False,False,77121.17763728916,False,False,False,False
2022-07-13 00:00:00+00:00,65.0,67.5,63.0,64.0,48607,,,,,,,,,,,,,,,,,,,,,,,,,,,87.50514329462062,"rgba(38, 166, 154, 1.0)",0.0,0.0,26.025318147617128,102.26806726904316,-1.4319927640329504,0.0,0.0,0.0,0.0,0.0,0.0,0.0,0.0,55.299215304878516,-1.1205382619940778,True,False,True,False,True,0.0,0,0.8016945908798302,1.0696278511404562,False,False,False,False,-0.1613866964839827,-0.16335675723417103,False,False,False,False,8038081,7116053.217871266,False,False,False,False,76002.9745926896,False,False,False,False
2022-07-14 00:00:00+00:00,64.0,66.25,60.5,63.5,69332,,,,,,,,,,,,,,,,,,,,,,,,,,,87.11675773661969,"rgba(38, 166, 154, 1.0)",0.0,0.0,25.406039130969024,101.96138612502203,-1.4941875012208614,0.0,0.0,0.0,0.0,0.0,0.0,0.0,0.0,54.82885490287846,-1.1205382619940778,True,False,True,False,True,0.0,0,0.8018669494324404,1.0547916630451788,False,False,False,False,-0.18715497046749452,-0.17525586385083278,False,False,False,False,7968749,7149492.268150825,False,False,False,False,75741.36774591745,False,False,False,False
2022-07-15 00:00:00+00:00,62.5,66.5,61.0,64.5,61468,,,,,,,,,,,,,,,,,,,,,,,,,,,86.77927461026866,"rgba(38, 166, 154, 1.0)",0.0,0.0,24.763282449175893,101.69315276196373,-1.5827123420493092,0.0,0.0,0.0,0.0,0.0,0.0,0.0,0.0,53.547131151935325,-1.1205382619940778,True,False,True,False,True,0.0,0,0.8018669494324404,1.0556608201366315,False,False,False,False,-0.18198268891388303,-0.17861927638235792,False,False,False,False,7907281,7179209.473321381,False,False,False,False,75181.62783431285,False,False,False,False
2022-07-18 00:00:00+00:00,68.0,69.0,62.0,62.5,58960,,,,,,,,,,,,,,,,,,,,,,,,,,,86.50472431346827,"rgba(38, 166, 154, 1.0)",0.0,0.0,23.69142040699346,101.48753726458224,-1.4134879500385327,0.0,0.0,0.0,0.0,0.0,0.0,0.0,0.0,55.61024664597086,-1.1205382619940778,True,False,True,False,True,0.0,0,0.8042856895386907,1.0502711036430092,False,False,False,False,-0.14844011646728716,-0.16352969642482254,False,False,False,False,7966241,7210073.454759759,False,False,False,False,74545.48556630057,False,False,False,False
2022-07-19 00:00:00+00:00,70.0,70.0,67.035,67.5,38396,,,,,,,,,,,,,,,,,,,,,,,,,,,86.353079419484,"rgba(38, 166, 154, 1.0)",0.0,0.0,22.72862970150452,101.38131639542772,-1.3806954843982713,0.0,0.0,0.0,0.0,0.0,0.0,0.0,0.0,57.88039050125997,1.118187138817646,True,False,True,False,True,0.0,0,0.8334153197470133,1.0439564300773017,False,False,False,False,-0.07540645543324875,-0.11946807592903565,False,False,False,False,8004637,7241232.809475062,False,False,False,False,73127.85868134761,False,False,False,False
2022-07-20 00:00:00+00:00,70.5,71.5,68.25,69.0,31850,,,,,,,,,,,,,,,,,,,,,,,,,,,86.23691998637388,"rgba(38, 166, 154, 1.0)",0.0,0.0,21.71655915290097,101.3020570106006,-1.4183672834048373,0.0,0.0,0.0,0.0,0.0,0.0,0.0,0.0,59.619333846486086,2.89866986976142,True,False,True,False,True,0.0,0,0.8601926163723916,1.0251649723559837,False,False,False,False,-0.003523147179096053,-0.06149561155406585,False,False,False,False,8036487,7272419.248319178,False,False,False,False,71509.11912521633,False,False,False,False
2022-07-21 00:00:00+00:00,88.0,94.5,70.0,70.5,346709,,,,,,,,,,,,,,,,,,,,,,,,,,,86.08762432734405,"rgba(38, 166, 154, 1.0)",0.0,0.0,20.937249124488787,99.33655856450633,-0.5414540609944207,0.0,0.0,0.0,0.0,0.0,0.0,0.0,0.0,65.81430250682654,8.792923047841995,True,False,True,False,True,0.40954501656627684,0,0.9069779374037968,0.9369078159740037,False,False,False,False,0.34282825192578853,0.14066632018586134,False,False,False,False,8383196,7315979.120934112,False,False,False,False,82301.27131638431,False,False,False,False
2022-07-22 00:00:00+00:00,78.5,86.99,75.0,86.0,79190,,,,,,,,,,,,,,,,,,,,,,,,,,,85.99162456393084,"rgba(38, 166, 154, 1.0)",0.0,0.0,20.13454574686099,99.19863695084645,-1.0280160879255695,0.0,0.0,0.0,0.0,0.0,0.0,0.0,0.0,64.82359748765924,8.792923047841995,True,False,True,False,True,0.0,0,0.9437257874347313,0.9319690079164561,False,False,False,False,0.31189270469885283,0.22627951244235708,False,False,False,False,8304006,7354725.273054344,False,False,False,False,82179.26067652612,False,False,False,False
2022-07-25 00:00:00+00:00,78.5,81.0,74.0,75.5,40058,,,,,,,,,,,,,,,,,,,,,,,,,,,85.92529509479718,"rgba(38, 166, 154, 1.0)",0.0,0.0,19.51860223820699,99.09733702814357,-1.0552670102485613,0.0,0.0,0.0,0.0,0.0,0.0,0.0,0.0,64.16312747488105,8.792923047841995,True,False,True,False,True,0.0,0,0.9761283679423375,0.9340827183799553,False,False,False,False,0.2285182645142352,0.22739888847829615,False,False,False,False,8304006,7391951.968228684,False,False,False,False,80527.44653234862,False,False,False,False
2022-07-26 00:00:00+00:00,71.5,76.25,70.0,76.0,39557,,,,,,,,,,,,,,,,,,,,,,,,,,,85.81903058897358,"rgba(38, 166, 154, 0.75)",0.0,0.0,18.953667428996813,98.91771551560879,-1.446565189471617,0.0,0.0,0.0,0.0,0.0,0.0,0.0,0.0,60.600905700169875,8.792923047841995,True,False,True,False,False,0.0,0,0.9628801276049794,0.9358680952876313,False,False,False,False,0.12826177430436128,0.1778303313913287,False,False,False,False,8264449,7426167.53810207,False,False,False,False,78920.76235460945,False,False,False,False
2022-07-27 00:00:00+00:00,76.0,76.0,71.0,72.0,17396,,,,,,,,,,,,,,,,,,,,,,,,,,,85.7789408308865,"rgba(38, 166, 154, 0.75)",0.0,0.0,18.49517529003212,98.85639332690707,-1.2358030117846683,0.0,0.0,0.0,0.0,0.0,0.0,0.0,0.0,59.704632380953356,8.792923047841995,True,False,True,False,False,0.0,0,0.9302614104983575,0.9582197525686725,False,False,False,False,0.13672805153186915,0.1572791914615989,False,False,False,False,8281845,7459723.517000028,False,False,False,False,76508.02657599733,False,False,False,False
2022-07-28 00:00:00+00:00,73.5,75.54,71.0,75.5,28245,,,,,,,,,,,,,,,,,,,,,,,,,,,85.70888173222717,"rgba(38, 166, 154, 0.75)",0.0,0.0,18.09317538453384,98.75003108982989,-1.3955555370017456,0.0,0.0,0.0,0.0,0.0,0.0,0.0,0.0,58.0443060318776,14.928792527778086,True,False,True,False,False,0.0,0,0.9437910574274212,0.9471816062725152,False,False,False,False,0.1315331680763682,0.14440617976898357,False,False,False,False,8253600,7490855.928098067,False,False,False,False,74615.35886713468,False,False,False,False
2022-07-29 00:00:00+00:00,73.5,75.0,69.5,73.5,32059,,,,,,,,,,,,,,,,,,,,,,,,,,,85.62599123853896,"rgba(38, 166, 154, 0.75)",0.0,0.0,17.668457541389902,98.62745542360241,-1.4221646323533992,0.0,0.0,0.0,0.0,0.0,0.0,0.0,0.0,56.93742179916043,13.641244706528788,True,False,True,False,False,0.0,0,0.937060848791456,0.9388174536256323,False,False,False,False,0.10857591403273048,0.12649104690085702,False,False,False,False,8253600,7520767.460329516,False,False,False,False,72946.48204881567,False,False,False,False
2022-08-01 00:00:00+00:00,71.5,74.475,69.5,72.0,23187,,,,,,,,,,,,,,,,,,,,,,,,,,,85.56284223760456,"rgba(38, 166, 154, 0.75)",0.0,0.0,17.196810541283483,98.53556458105426,-1.5721266752431444,0.0,0.0,0.0,0.0,0.0,0.0,0.0,0.0,55.276529523239184,11.807081991915652,True,False,True,False,False,0.0,0,0.9402539604047825,0.9456404641223529,False,False,False,False,0.10268714709073924,0.11458909699579814,False,False,False,False,8230413,7548596.697179339,False,False,False,False,70995.12981160721,False,False,False,False
2022-08-02 00:00:00+00:00,72.5,75.0,69.0,70.0,39680,,,,,,,,,,,,,,,,,,,,,,,,,,,85.45875998402492,"rgba(38, 166, 154, 0.75)",0.0,0.0,16.663024151512232,98.3909812345321,-1.5537984581377686,0.0,0.0,0.0,0.0,0.0,0.0,0.0,0.0,54.602883316971685,10.887842040726731,True,False,True,False,False,0.0,1,0.9492635024549917,0.9281452932791299,False,False,False,False,0.10296740049747895,0.10877824874663855,False,False,False,False,8270093,7576890.669838973,False,False,False,False,69767.08550526967,False,False,False,False
2022-08-03 00:00:00+00:00,75.0,79.495,72.0,72.5,56125,,,,,,,,,,,,,,,,,,,,,,,,,,,85.35048906707583,"rgba(38, 166, 154, 0.75)",0.0,0.0,16.153488870912955,98.26450254357428,-1.4402153447770585,0.0,0.0,0.0,0.0,0.0,0.0,0.0,0.0,55.233545907336286,10.887842040726731,True,False,True,False,False,0.0,1,0.9617835509961135,0.9145338048387661,False,False,False,False,0.18792426040054555,0.14835125457359205,False,False,False,False,8326218,7606276.055335484,False,False,False,False,69232.10175996498,False,False,False,False
2022-08-04 00:00:00+00:00,76.0,80.0,74.5,75.5,34832,,,,,,,,,,,,,,,,,,,,,,,,,,,85.29341608802288,"rgba(38, 166, 154, 0.75)",0.0,0.0,15.744652316789425,98.20512347284925,-1.4103279657163756,0.0,0.0,0.0,0.0,0.0,0.0,0.0,0.0,56.08307578634664,10.887842040726731,True,False,True,False,False,0.0,1,0.9663506195341665,0.9161744860582907,False,False,False,False,0.22268492955210392,0.18551809206284797,False,False,False,False,8361050,7635875.033557623,False,False,False,False,67883.07816153497,False,False,False,False
2022-08-05 00:00:00+00:00,81.5,82.0,75.75,76.5,33226,,,,,,,,,,,,,,,,,,,,,,,,,,,85.25820771860406,"rgba(38, 166, 154, 1.0)",0.0,0.0,15.170834245740009,98.18143141468559,-1.099572452277617,0.0,0.0,0.0,0.0,0.0,0.0,0.0,0.0,58.786108574556664,10.887842040726731,True,False,True,False,True,0.0,0,0.9754967929111977,0.9076673016760755,False,False,False,False,0.26088813601350536,0.22320311403817666,False,False,False,False,8394276,7665616.2479279125,False,False,False,False,66523.97705716106,False,False,False,False
2022-08-08 00:00:00+00:00,85.5,88.5,83.1,87.0,66809,,,,,,,,,,,,,,,,,,,,,,,,,,,85.26377870639004,"rgba(38, 166, 154, 1.0)",0.0,0.0,14.762074764454944,98.25573939431536,-0.8640885239945696,0.0,0.0,0.0,0.0,0.0,0.0,0.0,0.0,61.88091153977592,6.321673220988494,True,False,True,False,True,0.3406040750515693,0,0.9975136833744843,0.8839028264585528,False,False,False,False,0.3428282521911967,0.2830156831146867,False,False,False,False,8461085,7696811.100950347,False,False,False,False,66535.15442746847,False,False,False,False
2022-08-09 00:00:00+00:00,85.0,85.5,80.005,84.0,34953,,,,,,,,,,,,,,,,,,,,,,,,,,,85.25222978719044,"rgba(38, 166, 154, 1.0)",0.0,0.0,14.510160311046132,98.26607517460687,-0.9142611032703629,0.0,0.0,0.0,0.0,0.0,0.0,0.0,0.0,63.611156093870946,8.057899168110097,True,False,True,False,True,0.11706663571999698,0,0.9818029307039169,0.8985894275540948,False,False,False,False,0.2764314465096194,0.2797235648121531,False,False,False,False,8426132,7725411.920520922,False,False,False,False,65296.63856756775,False,False,False,False
2022-08-10 00:00:00+00:00,89.0,90.0,82.5,85.0,44059,,,,,,,,,,,,,,,,,,,,,,,,,,,85.26791628084995,"rgba(38, 166, 154, 1.0)",0.0,0.0,14.238229689279873,98.32362959770713,-0.6548306777721807,0.0,0.0,0.0,0.0,0.0,0.0,0.0,0.0,66.01992397491787,10.424347274387145,True,False,True,False,True,1.8878866529973202,1,0.9888245590413357,0.8851487814730039,False,False,False,False,0.3428282522208527,0.3112759085165029,False,False,False,False,8470191,7754618.9432455925,False,False,False,False,64463.78999629059,False,False,False,False
2022-08-11 00:00:00+00:00,87.0,90.5,85.675,90.0,48573,,,,,,,,,,,,,,,,,,,,,,,,,,,85.28991308485148,"rgba(38, 166, 154, 1.0)",0.0,0.0,13.915488972125253,97.2035530773431,-0.7332514939131712,0.0,0.0,0.0,0.0,0.0,0.0,0.0,0.0,66.22843323635897,10.74152471768825,True,False,True,False,True,0.9712759518107283,0,0.9944595072497938,0.896869368990081,False,False,False,False,0.3428282523341642,0.3270520804253335,False,False,False,False,8421618,7780775.769000668,False,False,False,False,63840.621761141934,False,False,False,False
2022-08-12 00:00:00+00:00,85.5,87.5,77.0,77.0,43947,,,,,,,,,,,,,,,,,,,,,,,,,,,85.27419252652965,"rgba(38, 166, 154, 1.0)",0.0,0.0,13.531515599311875,96.97127616629061,-0.8477451089716781,0.0,0.0,0.0,0.0,0.0,0.0,0.0,0.0,65.33334388411191,10.74152471768825,True,False,True,False,True,0.2844174455383026,1,0.9635441537270916,0.9073949054025127,False,False,False,False,0.2254839482766447,0.27626801435098913,False,False,False,False,8377671,7804183.42511829,False,False,False,False,63060.479731293235,False,False,False,False
2022-08-15 00:00:00+00:00,83.0,87.0,82.0,83.0,23882,,,,,,,,,,,,,,,,,,,,,,,,,,,85.26865322762826,"rgba(38, 166, 154, 0.75)",0.0,0.0,12.982452641029845,96.93674632628056,-1.0735064252986184,0.0,0.0,0.0,0.0,0.0,0.0,0.0,0.0,63.071156150190205,10.74152471768825,True,False,True,False,False,0.0,1,0.989012261918552,0.9085899621055419,False,False,False,False,0.2698301745616579,0.2730490944563235,False,False,False,False,8353789,7825736.584917572,False,False,False,False,61524.068761438604,False,False,False,False
2022-08-16 00:00:00+00:00,88.0,89.5,80.545,83.0,63962,,,,,,,,,,,,,,,,,,,,,,,,,,,85.27724305418731,"rgba(38, 166, 154, 0.75)",0.0,0.0,12.581379240910348,96.99973802935034,-0.7153220530930556,0.0,0.0,0.0,0.0,0.0,0.0,0.0,0.0,63.600795797526715,10.74152471768825,True,False,True,False,False,1.4183630260798594,0,0.9859439731702506,0.9008680213059775,False,False,False,False,0.28027221785915624,0.2766606561577399,False,False,False,False,8417751,7848952.836489432,False,False,False,False,61619.673908048855,False,False,False,False
2022-08-17 00:00:00+00:00,81.0,87.0,81.0,85.0,47259,,,,,,,,,,,,,,,,,,,,,,,,,,,85.25804142258775,"rgba(38, 166, 154, 0.75)",0.0,0.0,12.167491950289781,96.93017857689375,-1.3092409382292098,0.0,0.0,0.0,0.0,0.0,0.0,0.0,0.0,59.96484382601621,15.142251379291523,True,False,True,False,False,0.0,0,0.9875851086302995,0.8921821934058076,False,False,False,False,0.25989132953614574,0.2682759928469428,False,False,False,False,8370492,7869405.352705533,False,False,False,False,61056.51022538027,False,False,False,False
2022-08-18 00:00:00+00:00,76.0,82.0,75.5,82.0,33248,,,,,,,,,,,,,,,,,,,,,,,,,,,85.21425691658783,"rgba(38, 166, 154, 0.75)",0.0,0.0,11.67601588072118,96.78138152108085,-1.7798349825297828,0.0,0.0,0.0,0.0,0.0,0.0,0.0,0.0,55.310973964902026,10.772634348195268,True,False,True,False,False,0.0,0,0.9747900514192686,0.9061235674333888,False,False,False,False,0.15813328761325018,0.2132046402300965,False,False,False,False,8337244,7887751.9663249245,False,False,False,False,59965.98041262026,False,False,False,False
2022-08-19 00:00:00+00:00,69.0,75.0,68.5,74.5,34113,,,,,,,,,,,,,,,,,,,,,,,,,,,85.12776760685263,#000000,0.0,0.0,11.04499703302205,96.51041250250893,-2.490757799233354,0.0,0.0,0.0,0.0,0.0,0.0,0.0,0.0,49.70062139873115,5.675496172737368,False,False,False,False,False,0.0,0,0.9446105630086826,0.9372551527846625,False,False,False,False,0.027013944435454074,0.12010929233277529,False,False,False,False,8303131,7904041.340194535,False,False,False,False,58952.13804349789,False,False,False,False
2022-08-22 00:00:00+00:00,69.0,69.97,66.5,67.5,29033,,,,,,,,,,,,,,,,,,,,,,,,,,,85.04303990741266,"rgba(239, 83, 80, 0.5)",0.0,0.0,10.354377365667002,96.27175005242637,-2.633837756662599,0.0,0.0,0.0,0.0,0.0,0.0,0.0,0.0,45.960386354617235,2.437377521016792,False,False,False,True,False,0.0,0,0.9461182387519421,0.9420498774686464,False,False,False,False,-0.03819981411322164,0.04095473910977682,False,False,False,False,8303131,7919691.915088868,False,False,False,False,57778.83851238033,False,False,False,False
2022-08-23 00:00:00+00:00,68.5,72.0,68.0,68.5,16083,,,,,,,,,,,,,,,,,,,,,,,,,,,84.9993160928477,"rgba(239, 83, 80, 1.0)",0.0,0.0,9.849115065201245,96.1595418719319,-2.8083276201796252,0.0,0.0,0.0,0.0,0.0,0.0,0.0,0.0,43.288125879934924,0.15658093709783572,False,True,False,True,False,0.0,0,0.9683394322376799,0.9238469846694501,False,False,False,False,-0.005447894639776633,0.017753422235000094,False,False,False,False,8287048,7934098.036065776,False,False,False,False,56143.70759032621,False,False,False,False
2022-08-24 00:00:00+00:00,69.5,71.0,68.0,69.5,17459,,,,,,,,,,,,,,,,,,,,,,,,,,,84.95212905544282,"rgba(239, 83, 80, 1.0)",0.0,0.0,9.413694021750535,96.04466758027034,-2.819792901589784,0.0,0.0,0.0,0.0,0.0,0.0,0.0,0.0,42.12201453398888,-0.8312949574660138,False,True,False,True,False,0.0,0,0.9859129669182984,0.9164560676960198,False,False,False,False,-0.014721823050840478,0.0015157995920798079,False,False,False,False,8304507,7948623.877788686,False,False,False,False,54626.66023384283,False,False,False,False
2022-08-25 00:00:00+00:00,68.5,70.25,67.5,69.5,13511,,,,,,,,,,,,,,,,,,,,,,,,,,,84.91404629763814,"rgba(239, 83, 80, 1.0)",0.0,0.0,9.289300490543422,95.9549393330754,-2.9555443233884766,0.0,0.0,0.0,0.0,0.0,0.0,0.0,0.0,40.92431851224167,-2.001149761400683,False,True,False,True,False,0.0,0,0.987492428335216,0.9202069315521502,False,False,False,False,-0.02631798270381339,-0.012401091555866791,False,False,False,False,8290996,7962050.235522463,False,False,False,False,53014.28140114311,False,False,False,False
2022-08-26 00:00:00+00:00,65.5,69.0,65.0,68.5,12675,,,,,,,,,,,,,,,,,,,,,,,,,,,84.87353189636191,"rgba(239, 83, 80, 1.0)",0.0,0.0,9.23052734870234,95.85976591986335,-3.289060827508564,0.0,0.0,0.0,0.0,0.0,0.0,0.0,0.0,38.90999600345636,-4.024792652260672,False,True,False,True,False,0.0,0,0.9809754184100419,0.9211395135983261,False,False,False,False,-0.06116150269714871,-0.03678129712650775,False,False,False,False,8278321,7974453.010600014,False,False,False,False,51432.34879717672,False,False,False,False
2022-08-29 00:00:00+00:00,67.5,69.4,64.5,65.5,26014,,,,,,,,,,,,,,,,,,,,,,,,,,,84.79378365112119,"rgba(239, 83, 80, 1.0)",0.0,0.0,9.23052734870234,95.68305935739284,-3.0532447706094397,0.0,0.0,0.0,0.0,0.0,0.0,0.0,0.0,38.97624871107426,-4.15574724390099,False,True,False,True,False,0.0,0,1.000592456059509,0.9176486077282602,False,False,False,False,-0.062092320847643406,-0.04943680898707558,False,False,False,False,8304335,7987389.559203936,False,False,False,False,50435.55080513057,False,False,False,False
2022-08-30 00:00:00+00:00,67.0,68.0,64.0,67.0,9743,,,,,,,,,,,,,,,,,,,,,,,,,,,84.76275521138201,"rgba(239, 83, 80, 1.0)",0.0,0.0,9.21466711770408,95.61633365080426,-3.1055200676564745,0.0,0.0,0.0,0.0,0.0,0.0,0.0,0.0,38.79176843764358,-4.652581564725786,False,True,False,True,False,0.0,0,0.992338683046034,0.9335578891750876,False,False,False,False,-0.07980015189449524,-0.06461848044078541,False,False,False,False,8294592,7999436.713744959,False,False,False,False,48839.76449904703,False,False,False,False
2022-08-31 00:00:00+00:00,66.5,68.5,64.5,66.0,16643,,,,,,,,,,,,,,,,,,,,,,,,,,,84.71047013875967,"rgba(239, 83, 80, 1.0)",0.0,0.0,9.152004654128842,95.50741938644933,-3.169515366599262,0.0,0.0,0.0,0.0,0.0,0.0,0.0,0.0,38.4263565835581,-5.386556352706464,False,True,False,True,False,0.0,0,0.980796515656449,0.9410367241891314,False,False,False,False,-0.07047471651887038,-0.0675465984798279,False,False,False,False,8277949,8010358.764186333,False,False,False,False,47577.14628339813,False,False,False,False
2022-09-01 00:00:00+00:00,65.5,66.005,63.005,66.0,10100,,,,,,,,,,,,,,,,,,,,,,,,,,,84.67600117097228,"rgba(239, 83, 80, 1.0)",0.0,0.0,9.158381185883929,95.43579542954004,-3.2686775994518467,0.0,0.0,0.0,0.0,0.0,0.0,0.0,0.0,37.68042648050543,-6.498135625257952,False,True,False,True,False,0.0,0,0.9775295728639071,0.9451602791480377,False,False,False,False,-0.10777254581801528,-0.08765957214892159,False,False,False,False,8267849,8020456.4204927515,False,False,False,False,46107.45427228448,False,False,False,False
2022-09-02 00:00:00+00:00,66.5,67.5,63.225,64.5,10169,,,,,,,,,,,,,,,,,,,,,,,,,,,84.64299489817641,"rgba(239, 83, 80, 1.0)",0.0,0.0,9.133381008621916,95.36953949353085,-3.1608819851354055,0.0,0.0,0.0,0.0,0.0,0.0,0.0,0.0,38.07910991367009,-6.498135625257952,False,True,False,True,False,0.0,0,0.9765495799431103,0.9483528477872594,False,False,False,False,-0.09171042021941812,-0.08968499618416986,False,False,False,False,8278018,8030556.874591075,False,False,False,False,44698.10312435176,False,False,False,False
2022-09-06 00:00:00+00:00,68.5,69.0,62.0,63.5,36869,,,,,,,,,,,,,,,,,,,,,,,,,,,84.52904804223586,"rgba(239, 83, 80, 0.75)",0.0,0.0,9.12911884087493,92.28803908934132,-2.6057322184077836,0.0,0.0,0.0,0.0,0.0,0.0,0.0,0.0,40.07287247142862,-6.498135625257952,False,True,False,True,True,0.0,0,0.9727010079122753,0.9429889359466824,False,False,False,False,-0.08913945832721672,-0.08941222725569328,False,False,False,False,8314887,8041707.075587504,False,False,False,False,44391.07947241639,False,False,False,False
2022-09-07 00:00:00+00:00,66.5,69.0,65.5,67.5,15484,,,,,,,,,,,,,,,,,,,,,,,,,,,84.48293439211442,"rgba(239, 83, 80, 0.75)",0.0,0.0,9.129020156019804,92.22829295340115,-2.81829731052084,0.0,0.0,0.0,0.0,0.0,0.0,0.0,0.0,40.14880880452341,-6.498135625257952,False,True,False,True,True,0.0,0,0.9859028390342708,0.9326505276225946,False,False,False,False,-0.05650896694857541,-0.07296059710213434,False,False,False,False,8299403,8051812.798113484,False,False,False,False,43257.46851271379,False,False,False,False
2022-09-08 00:00:00+00:00,69.0,70.5,65.5,65.5,15873,,,,,,,,,,,,,,,,,,,,,,,,,,,84.43949945504968,"rgba(239, 83, 80, 0.75)",0.0,0.0,9.12206018298437,92.20114232647606,-2.5434103547961446,0.0,0.0,0.0,0.0,0.0,0.0,0.0,0.0,42.289094671408904,-6.498135625257952,False,True,False,True,True,0.0,0,0.9924491992563357,0.9294986790175804,False,False,False,False,-0.042565203967790045,-0.05776290053496219,False,False,False,False,8315276,8062144.688383543,False,False,False,False,42183.56778672502,False,False,False,False
2022-09-09 00:00:00+00:00,70.0,72.0,69.0,70.5,13957,,,,,,,,,,,,,,,,,,,,,,,,,,,84.4062186663845,"rgba(239, 83, 80, 0.75)",0.0,0.0,9.10721919366435,92.21036893836835,-2.4387651670687265,0.0,0.0,0.0,0.0,0.0,0.0,0.0,0.0,44.50250989630449,-10.133914176974699,False,True,False,True,True,0.0,0,1.0136561648529145,0.9103294121486025,False,False,False,False,0.0038250967478713664,-0.02696890189354541,False,False,False,False,8329233,8072618.739819483,False,False,False,False,41076.64355979463,False,False,False,False
2022-09-12 00:00:00+00:00,70.5,71.5,68.5,69.5,8938,,,,,,,,,,,,,,,,,,,,,,,,,,,84.3847367245176,"rgba(239, 83, 80, 0.75)",0.0,0.0,9.109162796154964,92.20561677440169,-2.3828333360738454,0.0,0.0,0.0,0.0,0.0,0.0,0.0,0.0,46.38181572167697,-8.236072400294503,False,True,False,True,True,0.0,0,1.0152877257672412,0.9082573297874076,False,False,False,False,-0.010082957793956267,-0.01852592984375084,False,False,False,False,8338171,8083032.553944209,False,False,False,False,39816.30459666543,False,False,False,False
2022-09-13 00:00:00+00:00,81.5,85.0,70.0,71.0,150018,,,,,,,,,,,,,,,,,,,,,,,,,,,84.24764123034973,"rgba(38, 166, 154, 0.5)",0.0,0.0,9.224736623111394,92.84022351619936,-1.2293276198030287,0.0,0.0,0.0,0.0,0.0,0.0,0.0,0.0,53.694727813413145,-1.3914227910734525,False,False,True,False,True,0.7061120594840169,0,1.0178501342292414,0.870810242240608,False,False,False,False,0.1260743804868491,0.05377422532154913,False,False,False,False,8488189,8098921.0420248285,False,False,False,False,44137.93971052169,False,False,False,False
2022-09-14 00:00:00+00:00,92.5,94.5,76.5,78.0,262706,,,,,,,,,,,,,,,,,,,,,,,,,,,84.39628038874112,"rgba(38, 166, 154, 1.0)",0.0,0.0,9.613817945826844,93.99976029221901,-0.15600048811721287,0.0,0.0,0.0,0.0,0.0,0.0,0.0,0.0,61.59295661265466,5.664719956609289,True,False,True,False,True,5.749551742898028,0,1.037181228308435,0.8532820280669986,False,False,False,False,0.28757464112339015,0.17067443322246964,False,False,False,False,8750895,8124488.648219934,False,False,False,False,52709.23619246202,False,False,False,False
2022-09-15 00:00:00+00:00,88.5,98.0,82.0,95.5,96102,,,,,,,,,,,,,,,,,,,,,,,,,,,84.47251867806581,"rgba(38, 166, 154, 1.0)",1.0,91.0,9.860970476517283,93.85125017207052,-0.5426697285844108,0.0,0.0,0.0,0.0,0.0,0.0,0.0,0.0,64.20803670213708,7.641767965498062,True,False,True,False,True,3.765508843355075,0,1.0468654987693642,0.8447517011727234,False,False,False,False,0.3428282522528899,0.25675134273767974,False,False,False,False,8654793,8145284.897309348,False,False,False,False,54410.91320452234,False,False,False,False
2022-09-16 00:00:00+00:00,91.5,93.0,84.5,86.0,55591,,,,,,,,,,,,,,,,,,,,,,,,,,,84.51701623277575,"rgba(38, 166, 154, 1.0)",0.0,0.0,10.176363710991518,93.98555773557479,-0.24424812301963314,0.0,0.0,0.0,0.0,0.0,0.0,0.0,0.0,66.74745243388277,9.70888423964822,True,False,True,False,True,5.080267039493073,0,1.0520538142264204,0.8694289394589952,False,False,False,False,0.3122691276453096,0.28451023519149465,False,False,False,False,8710384,8167445.646434472,False,False,False,False,54457.191118070485,False,False,False,False
2022-09-19 00:00:00+00:00,90.0,92.0,86.5,91.5,37212,,,,,,,,,,,,,,,,,,,,,,,,,,,84.54542853655133,"rgba(38, 166, 154, 1.0)",0.0,0.0,10.432135901121404,94.06027916658887,-0.38920880681322506,0.0,0.0,0.0,0.0,0.0,0.0,0.0,0.0,67.45384110742974,10.223937239131445,True,False,True,False,True,4.333208715360769,0,1.052580598525372,0.8897932629752783,False,False,False,False,0.3221043539871905,0.3033072945893426,False,False,False,False,8673172,8187278.05245665,False,False,False,False,53780.90911344027,False,False,False,False
2022-09-20 00:00:00+00:00,81.0,89.5,80.5,87.5,34986,,,,,,,,,,,,,,,,,,,,,,,,,,,84.54074280374441,"rgba(38, 166, 154, 0.75)",0.0,0.0,10.496490189883136,93.97500702362305,-1.236128152258818,0.0,0.0,0.0,0.0,0.0,0.0,0.0,0.0,63.01661934561593,10.223937239131445,True,False,True,False,False,0.04686749722674932,0,1.0182260203329894,0.939251510240165,False,False,False,False,0.20904929136967526,0.2561782929795089,False,False,False,False,8638186,8204960.717066193,False,False,False,False,53043.85385408967,False,False,False,False
2022-09-21 00:00:00+00:00,64.5,77.0,62.5,76.5,121175,,,,,,,,,,,,,,,,,,,,,,,,,,,84.24080405238843,"rgba(38, 166, 154, 0.5)",0.0,0.0,10.515861036231888,92.72977746997869,-2.684495104367998,0.0,0.0,0.0,0.0,0.0,0.0,0.0,0.0,54.62117864913256,12.852888267496951,False,False,True,False,False,0.0,0,0.979120879120879,0.9482945625802769,False,False,False,False,-0.17369788086070878,0.041240206059400056,False,False,False,False,8517011,8217197.983063598,False,False,False,False,55715.66350687047,False,False,False,False
2022-09-22 00:00:00+00:00,57.5,66.5,57.0,65.5,73350,,,,,,,,,,,,,,,,,,,,,,,,,,,83.98123242274734,"rgba(239, 83, 80, 1.0)",0.0,0.0,10.614256094161243,91.91843009379501,-3.2426606055537057,0.0,0.0,0.0,0.0,0.0,0.0,0.0,0.0,47.46982296166677,6.554928576424885,False,True,False,True,False,0.0,0,0.9708079807556246,0.974204046978916,False,False,False,False,-0.34282825441539394,-0.15079402417799695,False,False,False,False,8443661,8226078.8856885545,False,False,False,False,56407.206114444176,False,False,False,False
2022-09-23 00:00:00+00:00,59.5,61.5,56.0,59.0,41176,,,,,,,,,,,,,,,,,,,,,,,,,,,83.82989632393172,"rgba(239, 83, 80, 1.0)",0.0,0.0,10.68219449735334,91.50112975932524,-2.99574490684044,0.0,0.0,0.0,0.0,0.0,0.0,0.0,0.0,43.53311549992398,3.286552133579683,False,True,False,True,False,0.0,0,0.9750354007363352,0.9848060039648825,False,False,False,False,-0.34282825441539394,-0.24681113929669546,False,False,False,False,8484837,8236226.262720376,False,False,False,False,55809.90391387774,False,False,False,False
2022-09-26 00:00:00+00:00,53.5,61.5,53.5,61.0,65715,,,,,,,,,,,,,,,,,,,,,,,,,,,83.56500166431411,"rgba(239, 83, 80, 1.0)",0.0,0.0,10.846388530020068,87.93770855122456,-3.175039180636916,0.0,0.0,0.0,0.0,0.0,0.0,0.0,0.0,39.60601240180658,-0.12010240528393012,False,True,False,True,False,0.0,0,0.9667744656917884,0.9856158605174353,False,False,False,False,-0.34282825441539394,-0.2948196968560447,False,False,False,False,8419122,8243398.644574479,False,False,False,False,56198.33905450998,False,False,False,False
2022-09-27 00:00:00+00:00,59.5,64.0,55.0,55.5,66381,,,,,,,,,,,,,,,,,,,,,,,,,,,83.33445711265452,"rgba(239, 83, 80, 1.0)",0.0,0.0,10.901103341132988,87.61023320857828,-2.578659455736954,0.0,0.0,0.0,0.0,0.0,0.0,0.0,0.0,39.43530159060864,-0.20055040475885022,False,True,False,True,False,0.0,0,0.9643135616819826,0.981578947368421,False,False,False,False,-0.29789450397054285,-0.2963571004132938,False,False,False,False,8485503,8252892.933022539,False,False,False,False,56597.65909158803,False,False,False,False
2022-09-28 00:00:00+00:00,61.5,66.0,59.02,59.5,37689,,,,,,,,,,,,,,,,,,,,,,,,,,,83.21997894237833,"rgba(239, 83, 80, 1.0)",0.0,0.0,10.918362085525345,87.48356706299269,-2.379804485275272,0.0,0.0,0.0,0.0,0.0,0.0,0.0,0.0,40.09193098825659,-0.20055040475885022,False,True,False,True,False,0.0,0,0.9619128926097792,0.9790286823733527,False,False,False,False,-0.23235143077855339,-0.26435426559592357,False,False,False,False,8523192,8263492.8964334205,False,False,False,False,55856.14304878066,False,False,False,False
2022-09-29 00:00:00+00:00,59.0,63.75,57.5,62.0,37459,,,,,,,,,,,,,,,,,,,,,,,,,,,83.09624266584585,"rgba(239, 83, 80, 1.0)",0.0,0.0,10.911734323468139,87.28007175672478,-2.5917119055860924,0.0,0.0,0.0,0.0,0.0,0.0,0.0,0.0,39.845230944482594,-0.3421080065607853,False,True,False,True,False,0.0,0,0.9547546535924505,0.9894432077352744,False,False,False,False,-0.2731338385981721,-0.2687440520970478,False,False,False,False,8485733,8272208.194612502,False,False,False,False,55134.68645863239,False,False,False,False
2022-09-30 00:00:00+00:00,59.0,61.0,58.0,58.5,20235,,,,,,,,,,,,,,,,,,,,,,,,,,,83.02778998956647,"rgba(239, 83, 80, 1.0)",0.0,0.0,10.875366826163168,87.16129877365624,-2.5894573694661807,0.0,0.0,0.0,0.0,0.0,0.0,0.0,0.0,39.68076424863327,-1.0300233264484575,False,True,False,True,False,0.0,0,0.9483046298042743,1.0635056512339858,False,False,False,False,-0.29789450397054285,-0.2833192780337953,False,False,False,False,8485733,8280581.716392404,False,False,False,False,53766.07130339191,False,False,False,False
2022-10-03 00:00:00+00:00,58.5,61.0,56.5,59.5,27822,,,,,,,,,,,,,,,,,,,,,,,,,,,82.93168265323821,"rgba(239, 83, 80, 1.0)",0.0,0.0,10.875366826163168,86.9901814944388,-2.61969843866776,0.0,0.0,0.0,0.0,0.0,0.0,0.0,0.0,39.41556330432595,-1.8946638594489613,False,True,False,True,False,0.0,0,0.9306636121565536,1.0457730241137706,False,False,False,False,-0.31459922806593127,-0.29895925304986326,False,False,False,False,8457911,8287535.805945643,False,False,False,False,52748.65674247458,False,False,False,False
2022-10-04 00:00:00+00:00,60.5,61.5,59.0,59.5,25253,,,,,,,,,,,,,,,,,,,,,,,,,,,82.85105050644347,"rgba(239, 83, 80, 1.0)",0.0,0.0,10.794559857749146,86.86704880112615,-2.442623798338373,0.0,0.0,0.0,0.0,0.0,0.0,0.0,0.0,40.24902187613452,-1.8946638594489613,False,True,False,True,False,0.0,0,0.93886153892477,1.0252773888562696,False,False,False,False,-0.28134975225474523,-0.29015450265230425,False,False,False,False,8483164,8295207.499830128,False,False,False,False,51670.39569375009,False,False,False,False
2022-10-05 00:00:00+00:00,61.0,61.5,57.0,60.5,24988,,,,,,,,,,,,,,,,,,,,,,,,,,,82.77006978374139,"rgba(239, 83, 80, 1.0)",0.0,0.0,10.763740432958928,86.73992252925815,-2.391354816625052,0.0,0.0,0.0,0.0,0.0,0.0,0.0,0.0,41.06515213294803,-1.8946638594489613,False,True,False,True,False,0.0,0,0.9510689849595416,1.0179662618289318,False,False,False,False,-0.3034444004860388,-0.29679945156917154,False,False,False,False,8508152,8303558.264542672,False,False,False,False,50624.027235171656,False,False,False,False
2022-10-06 00:00:00+00:00,61.0,64.0,60.0,60.0,20897,,,,,,,,,,,,,,,,,,,,,,,,,,,82.70816154695181,"rgba(239, 83, 80, 1.0)",0.0,0.0,10.758181466608342,86.65803467571408,-2.384978795473238,0.0,0.0,0.0,0.0,0.0,0.0,0.0,0.0,41.609238970823704,-1.8946638594489613,False,True,False,True,False,0.0,0,0.9570334591810219,1.0096143558075905,False,False,False,False,-0.24330538597220713,-0.2700524187706893,False,False,False,False,8508152,8311581.548286096,False,False,False,False,49458.26146124336,False,False,False,False
2022-10-07 00:00:00+00:00,57.5,61.68,57.5,61.5,19514,,,,,,,,,,,,,,,,,,,,,,,,,,,82.64310100694047,"rgba(239, 83, 80, 1.0)",0.0,0.0,10.779539343982895,86.5517496835775,-2.695082670651793,0.0,0.0,0.0,0.0,0.0,0.0,0.0,0.0,40.51599272756823,-2.9940270226004557,False,True,False,True,False,0.0,0,0.950673470325932,1.0167486476961032,False,False,False,False,-0.29590091351519926,-0.28297666614294426,False,False,False,False,8488638,8318524.938549387,False,False,False,False,48283.97669805735,False,False,False,False
2022-10-10 00:00:00+00:00,57.0,59.5,56.0,59.5,15434,,,,,,,,,,,,,,,,,,,,,,,,,,,82.58889045100982,"rgba(239, 83, 80, 1.0)",0.0,0.0,10.826880961355311,86.45768238083998,-2.720791194249213,0.0,0.0,0.0,0.0,0.0,0.0,0.0,0.0,39.585021606395635,-4.367534880169515,False,True,False,True,False,0.0,0,0.9503692625541559,1.021909064277895,False,False,False,False,-0.33714151856203156,-0.3100590923524879,False,False,False,False,8473204,8324590.784096471,False,False,False,False,46995.74231774137,False,False,False,False
2022-10-11 00:00:00+00:00,57.0,58.5,55.0,56.0,14068,,,,,,,,,,,,,,,,,,,,,,,,,,,82.53837349523859,"rgba(239, 83, 80, 1.0)",0.0,0.0,10.855616721974904,86.36867548438725,-2.705389867434852,0.0,0.0,0.0,0.0,0.0,0.0,0.0,0.0,38.964374192280566,-5.411763396534617,False,True,False,True,False,0.0,0,0.9470447927637694,1.0234805774115605,False,False,False,False,-0.34282825441539394,-0.3264436733839409,False,False,False,False,8473204,8330418.753347591,False,False,False,False,45704.45830528093,False,False,False,False
2022-10-12 00:00:00+00:00,58.0,59.0,55.5,56.5,18345,,,,,,,,,,,,,,,,,,,,,,,,,,,82.47449593636588,"rgba(239, 83, 80, 1.0)",0.0,0.0,10.855616721974904,86.26160317893603,-2.603408346365654,0.0,0.0,0.0,0.0,0.0,0.0,0.0,0.0,39.31610824918489,-5.481090111761475,False,True,False,True,False,0.0,0,0.9497533716283717,1.023741883116883,False,False,False,False,-0.33173087654762023,-0.3290872749657806,False,False,False,False,8491549,8336737.586549646,False,False,False,False,44631.538371740506,False,False,False,False
2022-10-13 00:00:00+00:00,58.5,68.0,56.5,57.5,175170,,,,,,,,,,,,,,,,,,,,,,,,,,,81.96380939373859,"rgba(239, 83, 80, 1.0)",0.0,0.0,10.799762259645885,83.71170752878233,-2.3344687524268704,0.0,0.0,0.0,0.0,0.0,0.0,0.0,0.0,39.948035883774565,-5.481090111761475,False,True,False,True,False,0.0,0,0.9442071995683343,1.0095583134201802,False,False,False,False,-0.2245254095466203,-0.2768063422562005,False,False,False,False,8666719,8349678.034135935,False,False,False,False,49750.693729711464,False,False,False,False
2022-10-14 00:00:00+00:00,54.0,59.0,52.5,58.0,51977,,,,,,,,,,,,,,,,,,,,,,,,,,,81.77604310948487,"rgba(239, 83, 80, 1.0)",0.0,0.0,10.789864279553191,83.32861731182203,-2.718163690659187,0.0,0.0,0.0,0.0,0.0,0.0,0.0,0.0,38.110417344872026,-7.318609981443416,False,True,False,True,False,0.0,1,0.9243986782448321,1.0387458695151002,False,False,False,False,-0.34282825441539394,-0.3098172983357972,False,False,False,False,8614742,8360072.699463937,False,False,False,False,49837.99985795807,False,False,False,False
2022-10-17 00:00:00+00:00,55.0,56.96,54.5,56.0,17137,,,,,,,,,,,,,,,,,,,,,,,,,,,81.7154489399049,"rgba(239, 83, 80, 1.0)",0.0,0.0,10.770969491359192,83.21903963814104,-2.619916402212376,0.0,0.0,0.0,0.0,0.0,0.0,0.0,0.0,37.729860895484464,-7.96634431477144,False,True,False,True,False,0.0,1,0.9244026270436444,1.0501343021721241,False,False,False,False,-0.34282825441539394,-0.3263227763755956,False,False,False,False,8631879,8370731.770073195,False,False,False,False,48555.6077066656,False,False,False,False
2022-10-18 00:00:00+00:00,55.5,56.5,54.0,56.5,29724,,,,,,,,,,,,,,,,,,,,,,,,,,,81.61039802021408,"rgba(239, 83, 80, 1.0)",0.0,0.0,10.712092182152169,83.03629074522836,-2.570580076888027,0.0,0.0,0.0,0.0,0.0,0.0,0.0,0.0,37.91340233416527,-8.072597808652112,False,True,False,True,False,0.0,1,0.9036484167099691,1.0708740768734157,False,False,False,False,-0.34282825441539394,-0.3345755153954948,False,False,False,False,8661603,8382138.484972285,False,False,False,False,47817.11328679636,False,False,False,False
2022-10-19 00:00:00+00:00,53.5,55.5,53.5,55.0,13207,,,,,,,,,,,,,,,,,,,,,,,,,,,81.56192917960412,"rgba(239, 83, 80, 1.0)",0.0,0.0,10.741118266811345,82.9491550637622,-2.7417215165348523,0.0,0.0,0.0,0.0,0.0,0.0,0.0,0.0,36.96535619955976,-9.254386575685487,False,True,False,True,False,0.0,1,0.9108393835180232,1.0652942300343906,False,False,False,False,-0.34282825441539394,-0.3387018849054444,False,False,False,False,8648396,8392579.956149843,False,False,False,False,46459.85394221611,False,False,False,False
2022-10-20 00:00:00+00:00,53.0,55.0,52.5,53.5,16401,,,,,,,,,,,,,,,,,,,,,,,,,,,81.5005174004869,"rgba(239, 83, 80, 1.0)",0.0,0.0,10.7513963057144,82.83770371994628,-2.7752398731769796,0.0,0.0,0.0,0.0,0.0,0.0,0.0,0.0,36.069737198714876,-10.34269907744472,False,True,False,True,False,0.0,1,0.898087626197256,1.0825297696091123,False,False,False,False,-0.34282825441539394,-0.3407650696604192,False,False,False,False,8631995,8401968.781398868,True,False,False,False,45281.07535624686,False,False,False,False
2022-10-21 00:00:00+00:00,54.5,55.5,52.0,52.5,18730,,,,,,,,,,,,,,,,,,,,,,,,,,,81.43195935429209,"rgba(239, 83, 80, 1.0)",0.0,0.0,10.802456343955747,82.72037411185023,-2.6124034398565525,0.0,0.0,0.0,0.0,0.0,0.0,0.0,0.0,36.98988475237035,-10.34269907744472,False,True,False,True,False,0.0,1,0.8857059291877222,1.08288513722113,False,False,False,False,-0.34282825441539394,-0.3417966620379066,False,False,False,False,8650725,8411723.927226365,False,False,False,False,44239.856714825415,False,False,False,False
2022-10-24 00:00:00+00:00,54.0,55.0,50.0,52.0,53962,,,,,,,,,,,,,,,,,,,,,,,,,,,81.22920672174739,"rgba(239, 83, 80, 1.0)",0.0,0.0,10.907089189816013,80.27590575383057,-2.4090667360054665,0.0,0.0,0.0,0.0,0.0,0.0,0.0,0.0,37.282768504467114,-10.34269907744472,False,True,False,True,False,0.0,1,0.905712820343133,1.0761213043694058,True,False,False,False,-0.34282825441539394,-0.34231245822665024,False,False,False,False,8596763,8418980.361452783,False,False,False,False,44621.11723581266,False,False,False,False
2022-10-25 00:00:00+00:00,53.0,54.5,51.0,51.5,35430,,,,,,,,,,,,,,,,,,,,,,,,,,,81.09687334840734,"rgba(239, 83, 80, 1.0)",0.0,0.0,11.071442852982335,80.07204529703844,-2.4452138403754664,0.0,0.0,0.0,0.0,0.0,0.0,0.0,0.0,36.825818205425,-10.34269907744472,False,True,False,True,False,0.0,1,0.8919408742497047,1.0765010059358529,False,False,False,False,-0.33789852972547857,-0.3401054939760644,False,False,False,False,8561333,8424562.8178664,False,False,False,False,44260.68126578079,False,False,False,False
2022-10-26 00:00:00+00:00,53.5,56.0,53.0,53.5,32958,,,,,,,,,,,,,,,,,,,,,,,,,,,80.98063086637259,"rgba(239, 83, 80, 1.0)",0.0,0.0,11.219653766076627,79.93920635665008,-2.3565082227930048,0.0,0.0,0.0,0.0,0.0,0.0,0.0,0.0,37.11149006298862,-10.34269907744472,False,True,False,True,False,0.0,1,0.9014791694938254,1.0814391369249559,False,False,False,False,-0.30381503586698777,-0.3219602649215261,False,False,False,False,8594291,8431218.825008895,False,False,False,False,43817.438863201154,False,False,False,False
2022-10-27 00:00:00+00:00,56.0,56.0,53.5,55.5,21460,,,,,,,,,,,,,,,,,,,,,,,,,,,80.90828231200122,"rgba(239, 83, 80, 0.75)",0.0,0.0,11.31113220291048,79.8701579671637,-2.1103243723932117,0.0,0.0,0.0,0.0,0.0,0.0,0.0,0.0,40.04240964122454,-12.882798835968224,False,True,False,True,True,0.0,1,0.9035519878729414,1.0775339350926756,False,False,False,False,-0.2990030480231403,-0.31048165647233317,False,False,False,False,8615751,8438455.3808909,False,False,False,False,42940.67655484033,False,False,False,False
2022-10-28 00:00:00+00:00,58.0,58.0,54.22,56.0,26206,,,,,,,,,,,,,,,,,,,,,,,,,,,80.82584798165266,"rgba(239, 83, 80, 0.75)",0.0,0.0,11.367430161143515,79.81632645331807,-1.9191959962851832,0.0,0.0,0.0,0.0,0.0,0.0,0.0,0.0,43.872047703397044,-9.315920435595707,False,True,False,True,True,0.0,1,0.9242714057174652,1.0539229324615704,False,False,False,False,-0.2730536842382469,-0.29176767035529005,False,False,False,False,8641957,8446435.836542238,False,False,False,False,42284.414729160315,False,False,False,False
2022-10-31 00:00:00+00:00,58.5,62.0,58.0,58.5,29691,,,,,,,,,,,,,,,,,,,,,,,,,,,80.74375280220502,#000000,0.0,0.0,11.406861377543486,79.80931236678306,-1.8681135556476893,0.0,0.0,0.0,0.0,0.0,0.0,0.0,0.0,46.87444679139785,-6.65763858842849,False,False,False,False,True,0.0,1,0.961290663286861,1.0193810730882973,False,False,False,False,-0.2006500857708029,-0.24620887806304648,False,False,False,False,8671648,8455267.686089601,False,False,False,False,41790.55532801677,False,False,False,False
2022-11-01 00:00:00+00:00,59.0,60.5,58.0,58.5,17607,,,,,,,,,,,,,,,,,,,,,,,,,,,80.69460836168884,#000000,0.0,0.0,11.462382658776622,79.79327460323115,-1.8140447080005628,0.0,0.0,0.0,0.0,0.0,0.0,0.0,0.0,49.34227657799189,-4.536318107412107,True,False,False,False,True,0.0,1,0.9682234076376868,1.0069770728088459,False,False,False,False,-0.21442704002897003,-0.23031795904600827,False,False,False,False,8689255,8464443.659184128,False,False,False,False,40842.18060927102,False,False,False,False
2022-11-02 00:00:00+00:00,57.5,59.92,56.5,59.5,26566,,,,,,,,,,,,,,,,,,,,,,,,,,,80.61679302740575,#000000,0.0,0.0,11.533292974985663,79.74053707989688,-1.9283770149716957,0.0,0.0,0.0,0.0,0.0,0.0,0.0,0.0,49.373355911166335,-4.536318107412107,True,False,False,False,True,0.0,1,0.9575383199405288,1.0162306630323197,False,False,False,False,-0.23366582612959788,-0.23199189258780306,False,False,False,False,8662689,8472217.986274946,False,False,False,False,40282.33038929961,False,False,False,False
2022-11-03 00:00:00+00:00,60.0,60.0,56.5,57.0,19645,,,,,,,,,,,,,,,,,,,,,,,,,,,80.56176464746211,"rgba(38, 166, 154, 1.0)",0.0,0.0,11.572268031263112,79.71044387862071,-1.703248129525852,0.0,0.0,0.0,0.0,0.0,0.0,0.0,0.0,51.7633519974878,-2.4324747294762403,True,False,True,False,True,0.0,1,0.9576133432276759,1.012385596664193,False,False,False,False,-0.23292280983331043,-0.23245735121055675,False,False,False,False,8682334,8480457.829950439,False,False,False,False,39473.02331520944,False,False,False,False
2022-11-04 00:00:00+00:00,60.0,62.5,58.0,60.5,31815,,,,,,,,,,,,,,,,,,,,,,,,,,,80.47866628895663,"rgba(38, 166, 154, 1.0)",0.0,0.0,11.37993730092481,79.68349716580126,-1.729666574191199,0.0,0.0,0.0,0.0,0.0,0.0,0.0,0.0,53.356682721702114,-0.981585667769231,True,False,True,False,True,0.0,1,0.9648978015031257,1.0008955538385895,False,False,False,False,-0.19607466644409338,-0.21426600882732505,False,False,False,False,8682334,8488374.542501401,False,False,False,False,39172.708675397305,False,False,False,False
2022-11-07 00:00:00+00:00,83.0,84.0,63.5,69.0,1006557,,,,,,,,,,,,,,,,,,,,,,,,,,76.83333333333333,80.06241794407993,"rgba(38, 166, 154, 1.0)",0.0,0.0,11.44781343455768,82.32140691173618,0.05927709183444108,-1.0,84.0,63.5,0.0,0.0,0.0,0.0,0.0,63.25667192331798,8.114994067789446,True,False,True,False,True,6.667269732001998,0,0.9819682352169062,0.921260746866181,False,False,False,False,0.0440284266963234,-0.08511879106550083,False,False,False,False,9688891,8535453.619266052,False,False,False,False,77109.34755087193,False,False,False,False
2022-11-08 00:00:00+00:00,76.0,82.0,71.5,72.75,581655,,,,,,,,,,,,,,,,,,,,,,,,,,76.71125580212214,79.84190384607885,"rgba(38, 166, 154, 1.0)",0.0,0.0,11.420552044845113,82.64473971269418,-0.5818229877682145,0.0,0.0,0.0,0.0,0.0,0.0,0.0,0.0,65.16090842661609,9.445445340371016,True,False,True,False,True,3.0149880443699644,0,1.0064399049270893,0.9274266075672897,False,False,False,False,0.09710405655742738,0.005992632745963275,False,False,False,False,9107236,8557876.457726207,False,False,False,False,96895.4515684848,False,False,False,False
2022-11-09 00:00:00+00:00,61.0,67.5,60.0,66.0,257810,,,,,,,,,,,,,,,,,,,,,,,,,,74.7731059904306,79.38771267639483,"rgba(38, 166, 154, 0.75)",0.0,0.0,11.441488437159938,81.9247826335836,-1.8288514425818583,0.0,0.0,0.0,0.0,0.0,0.0,0.0,0.0,59.864281675224746,9.445445340371016,True,False,True,False,False,0.0,0,0.9706346260901837,0.9443465083194159,False,False,False,False,-0.132774772588752,-0.06339106992139437,False,False,False,False,8849426,8569309.773109494,False,False,False,False,103205.82601677951,False,False,False,False
2022-11-10 00:00:00+00:00,64.0,65.0,58.0,59.5,117030,,,,,,,,,,,,,,,,,,,,,,,,,,74.03149211873483,79.18345826591799,"rgba(38, 166, 154, 0.75)",0.0,0.0,11.410075364335976,81.61884648956898,-1.5441481258431926,0.0,0.0,0.0,0.0,0.0,0.0,0.0,0.0,57.33288762917314,14.235678463889897,True,False,True,False,False,0.0,0,0.9632438561009989,0.9540509897652752,False,False,False,False,-0.17331474315129028,-0.11835290653634233,False,False,False,False,8966456,8584884.134948337,False,False,False,False,103747.95048670973,False,False,False,False
2022-11-11 00:00:00+00:00,70.0,70.75,60.5,61.0,114458,,,,,,,,,,,,,,,,,,,,,,,,,,73.64869138215138,79.04336514610071,"rgba(38, 166, 154, 0.75)",0.0,0.0,11.393205656668453,81.45121151164193,-1.0050912672623904,0.0,0.0,0.0,0.0,0.0,0.0,0.0,0.0,57.47642539778488,14.235678463889897,True,False,True,False,False,0.2004877493189916,0,0.9774688902565334,0.9317161770666026,False,False,False,False,-0.09932534901973883,-0.10883912777804058,False,False,False,False,9080914,8604336.286518991,False,False,False,False,104167.95242840739,False,False,False,False
2022-11-14 00:00:00+00:00,74.0,82.0,69.5,70.5,325061,,,,,,,,,,,,,,,,,,,,,,,,,,73.8540691062477,78.91995314869837,"rgba(38, 166, 154, 0.75)",0.0,0.0,11.396814791308769,81.5183363045503,-0.659687504115957,0.0,0.0,0.0,0.0,0.0,0.0,0.0,0.0,58.667910488226894,14.235678463889897,True,False,True,False,False,1.9476079707529124,0,1.0037354974803705,0.904781436774874,False,False,False,False,0.07936622264484865,-0.014736452566595969,False,False,False,False,9405975,8635773.098812364,False,False,False,False,112830.42488219534,False,False,False,False
2022-11-15 00:00:00+00:00,70.5,78.0,67.5,75.5,193677,,,,,,,,,,,,,,,,,,,,,,,,,,73.7157577653085,78.79114261181434,"rgba(38, 166, 154, 0.75)",0.0,0.0,11.392853774060477,81.43117104680952,-0.9594761122711745,0.0,0.0,0.0,0.0,0.0,0.0,0.0,0.0,58.04396139533106,14.235678463889897,True,False,True,False,False,0.3756636795586914,0,1.001450031900702,0.921698277362102,False,False,False,False,0.026406134862991818,0.005834841148197925,False,False,False,False,9212298,8658381.91846678,False,False,False,False,116000.87880838376,False,False,False,False
2022-11-16 00:00:00+00:00,63.5,73.5,62.5,73.5,324243,,,,,,,,,,,,,,,,,,,,,,,,,,72.91463941051921,78.41968805891429,"rgba(38, 166, 154, 0.75)",0.0,0.0,11.388511676167573,80.9865624969034,-1.5354563435621755,0.0,0.0,0.0,0.0,0.0,0.0,0.0,0.0,55.11114653744297,12.03869564174758,True,False,True,False,False,0.0,0,0.977293369663942,0.9361376021798365,False,False,False,False,-0.05726250656393367,-0.02571383270786787,False,False,False,False,8888055,8667388.705977887,False,False,False,False,124167.23650217264,False,False,False,False
2022-11-17 00:00:00+00:00,60.0,63.5,60.0,60.5,67322,,,,,,,,,,,,,,,,,,,,,,,,,,72.64993173936924,78.31210388414053,#000000,0.0,0.0,11.38732502263715,80.84027756472759,-1.8301293344397103,0.0,0.0,0.0,0.0,0.0,0.0,0.0,0.0,52.03747548817728,9.001462311189655,False,False,False,False,False,0.0,0,0.9700701214297932,0.968644889116926,False,False,False,False,-0.16878474040052738,-0.09724928655419762,False,False,False,False,8820733,8673402.207704244,False,False,False,False,121938.01154130313,False,False,False,False
2022-11-18 00:00:00+00:00,57.0,60.5,56.0,60.5,133629,,,,,,,,,,,,,,,,,,,,,,,,,,72.01563283892509,78.06173035556901,#000000,0.0,0.0,11.403247522265799,80.48812548175265,-2.059775115456374,0.0,0.0,0.0,0.0,0.0,0.0,0.0,0.0,49.064984813963406,6.108539086068092,False,False,False,False,False,0.0,0,0.9489100817438694,0.9815508628519528,False,False,False,False,-0.23292280983331043,-0.16508604819375403,False,False,False,False,8687104,8673939.532892313,False,False,False,False,122396.48167693832,False,False,False,False
2022-11-21 00:00:00+00:00,55.0,57.325,53.5,57.0,70535,,,,,,,,,,,,,,,,,,,,,,,,,,71.6457051930512,77.91562140391119,"rgba(239, 83, 80, 1.0)",0.0,0.0,11.360878027228205,80.2802532767184,-2.225202419754013,0.0,0.0,0.0,0.0,0.0,0.0,0.0,0.0,46.47402863837493,3.593096812756528,False,True,False,True,False,0.0,0,0.9433660394455536,0.9891687550439622,False,False,False,False,-0.2863154074253028,-0.22570072780952843,False,False,False,False,8616569,8671689.708073007,False,False,False,False,120362.69808176426,False,False,False,False
2022-11-22 00:00:00+00:00,54.5,58.0,53.5,56.0,79543,,,,,,,,,,,,,,,,,,,,,,,,,,71.24908985986127,77.75350348815377,"rgba(239, 83, 80, 1.0)",0.0,0.0,11.23182415611467,80.05279690245568,-2.2750353413024715,0.0,0.0,0.0,0.0,0.0,0.0,0.0,0.0,44.58811995042533,1.7190354983177514,False,True,False,True,False,0.0,0,0.9372528418625693,1.0262662522435757,False,False,False,False,-0.2798864672449516,-0.25279359752724,False,False,False,False,8537026,8666408.778344654,False,False,False,False,118761.92560796958,False,False,False,False
2022-11-23 00:00:00+00:00,55.0,56.0,53.5,53.5,33444,,,,,,,,,,,,,,,,,,,,,,,,,,71.0829735084356,77.68452903810069,"rgba(239, 83, 80, 1.0)",0.0,0.0,11.09065022992474,79.95644562228247,-2.250223846654645,0.0,0.0,0.0,0.0,0.0,0.0,0.0,0.0,43.577777042303595,0.603034187813897,False,True,False,True,False,0.0,0,0.9144110409757144,1.0626633449999237,False,False,False,False,-0.2990030480231403,-0.27589832277519016,False,False,False,False,8570470,8662646.47331153,False,False,False,False,115416.12460373547,False,False,False,False
2022-11-25 00:00:00+00:00,55.5,56.5,53.5,54.5,37015,,,,,,,,,,,,,,,,,,,,,,,,,,70.90668811054768,77.60977872332123,"rgba(239, 83, 80, 1.0)",0.0,0.0,10.81956852481051,79.85301329215584,-2.250830357635019,0.0,0.0,0.0,0.0,0.0,0.0,0.0,0.0,43.16879492023703,-0.04038601310999468,False,True,False,True,False,0.0,0,0.8933613458753126,1.0748062200576167,False,False,False,False,-0.29322679277860836,-0.28456255777689926,False,False,False,False,8607485,8660483.278279705,False,False,False,False,112341.57069770663,False,False,False,False
2022-11-28 00:00:00+00:00,54.5,55.505,53.5,54.5,29659,,,,,,,,,,,,,,,,,,,,,,,,,,70.76237945967706,77.54847661147099,"rgba(239, 83, 80, 1.0)",0.0,0.0,10.593959693239787,79.76804994381986,-2.3851374439289112,0.0,0.0,0.0,0.0,0.0,0.0,0.0,0.0,42.48657481117738,-1.017192530805957,False,True,False,True,False,0.0,0,0.8829839102876648,1.063367463026166,False,False,False,False,-0.30297932967875346,-0.29377094372782636,False,False,False,False,8577826,8657241.816386383,False,False,False,False,109099.1169448554,False,False,False,False
2022-11-29 00:00:00+00:00,52.5,54.5,52.0,54.5,38262,,,,,,,,,,,,,,,,,,,,,,,,,,70.56307034126124,77.46475011494555,"rgba(239, 83, 80, 1.0)",0.0,0.0,10.41623386488299,79.65094499738197,-2.606599021256419,0.0,0.0,0.0,0.0,0.0,0.0,0.0,0.0,41.209351066789274,-2.5730057652151714,False,True,False,True,False,0.0,0,0.8703430165763993,1.0640078778926638,False,False,False,False,-0.32583038424534655,-0.30980066398658646,False,False,False,False,8539564,8652627.000057505,False,False,False,False,106321.1907901552,False,False,False,False
2022-11-30 00:00:00+00:00,53.5,54.5,51.5,51.5,39470,,,,,,,,,,,,,,,,,,,,,,,,,,70.36400904802906,77.37956091559879,"rgba(239, 83, 80, 1.0)",0.0,0.0,10.267700603138126,79.53273408982402,-2.5354005824700043,0.0,0.0,0.0,0.0,0.0,0.0,0.0,0.0,41.01108286218485,-3.120928853283772,False,True,False,True,False,0.0,0,0.8876404494382024,1.0586952876069093,False,False,False,False,-0.3276323680902656,-0.318716516038426,False,False,False,False,8579034,8649741.000055252,False,False,False,False,103699.57546505108,False,False,False,False
2022-12-01 00:00:00+00:00,55.5,56.0,52.6,53.0,38604,,,,,,,,,,,,,,,,,,,,,,,,,,70.1906438207395,77.30205664083435,"rgba(239, 83, 80, 1.0)",0.0,0.0,9.929934723028698,79.42752279855559,-2.409635457428015,0.0,0.0,0.0,0.0,0.0,0.0,0.0,0.0,42.17872030481037,-3.120928853283772,False,True,False,True,False,0.0,0,0.9385267620561741,1.026497085320615,False,False,False,False,-0.28877866543882796,-0.303747590738627,False,False,False,False,8617638,8648482.058876615,False,False,False,False,101146.80779975496,False,False,False,False
2022-12-02 00:00:00+00:00,54.0,55.0,53.5,54.0,26362,,,,,,,,,,,,,,,,,,,,,,,,,,70.07044356506228,77.24819227215475,"rgba(239, 83, 80, 1.0)",0.0,0.0,9.785087016881116,79.35434143248202,-2.5911206909801625,0.0,0.0,0.0,0.0,0.0,0.0,0.0,0.0,42.194643567922256,-3.120928853283772,False,True,False,True,False,0.0,0,0.9582652876066051,0.9909272364362187,False,False,False,False,-0.290256778234074,-0.2970021844863505,False,False,False,False,8591276,8646238.684018709,False,False,False,False,98214.07023898026,False,False,False,False
2022-12-05 00:00:00+00:00,53.0,55.0,52.505,53.0,20729,,,,,,,,,,,,,,,,,,,,,,,,,,69.97328716869421,77.2047981935007,"rgba(239, 83, 80, 1.0)",0.0,0.0,9.745407788952726,79.29518944563686,-2.69821335495522,0.0,0.0,0.0,0.0,0.0,0.0,0.0,0.0,41.69408929738326,-3.4713980585028708,False,True,False,True,False,0.0,0,0.9578234786915923,0.972481608541709,False,False,False,False,-0.3050325895548882,-0.30101738702061936,False,False,False,False,8570547,8643270.382684642,False,False,False,False,95175.44003353005,False,False,False,False
2022-12-06 00:00:00+00:00,51.0,53.0,50.5,52.5,50487,,,,,,,,,,,,,,,,,,,,,,,,,,69.71317077677301,77.09089991305375,"rgba(239, 83, 80, 1.0)",0.0,0.0,9.819506235178538,79.13788910242491,-2.865509571308226,0.0,0.0,0.0,0.0,0.0,0.0,0.0,0.0,40.35683300747742,-5.079852435912571,False,True,False,True,False,0.0,0,0.9588084405250054,0.9794042202625027,False,False,False,False,-0.34282825441539394,-0.32192282071800665,False,False,False,False,8520060,8638438.60297152,False,False,False,False,93422.95218907789,False,False,False,False
2022-12-07 00:00:00+00:00,48.845,50.5,47.5,50.5,45372,,,,,,,,,,,,,,,,,,,,,,,,,,69.45369351850935,76.97927810246512,"rgba(239, 83, 80, 1.0)",0.0,0.0,9.92443361081644,78.98180868797789,-3.0366275668500005,0.0,0.0,0.0,0.0,0.0,0.0,0.0,0.0,38.452669654727856,-7.140426252160964,False,True,False,True,False,0.0,0,0.9442404199273203,1.0019227441404375,False,False,False,False,-0.34282825441539394,-0.3323755375667003,False,False,False,False,8474688,8632017.010698128,False,False,False,False,91538.60112283954,False,False,False,False
2022-12-08 00:00:00+00:00,47.7,49.995,47.5,48.845,37038,,,,,,,,,,,,,,,,,,,,,,,,,,69.24108269251427,76.88703844651324,"rgba(239, 83, 80, 1.0)",0.0,0.0,10.046952250435456,78.85315909592488,-3.1007571569352916,0.0,0.0,0.0,0.0,0.0,0.0,0.0,0.0,36.66357522583069,-9.011461858666195,False,True,False,True,False,0.0,0,0.9275316951009547,1.0117584911566755,False,False,False,False,-0.34282825441539394,-0.3376018959910471,False,False,False,False,8437650,8624394.774984477,False,False,False,False,89401.32264743408,False,False,False,False
2022-12-09 00:00:00+00:00,45.5,48.47,45.325,48.47,38238,,,,,,,,,,,,,,,,,,,,,,,,,,69.00575096459987,76.78590192069392,"rgba(239, 83, 80, 1.0)",0.0,0.0,10.196078515296833,78.71112174848028,-3.2572446062135314,0.0,0.0,0.0,0.0,0.0,0.0,0.0,0.0,34.513056154030096,-11.159812462141872,False,True,False,True,False,0.0,0,0.9240458695609118,1.0090313125111405,False,False,False,False,-0.34282825441539394,-0.34021507520322053,False,False,False,False,8399412,8615571.921063518,False,False,False,False,87394.91783773077,False,False,False,False
2022-12-12 00:00:00+00:00,45.21,47.0,45.0,45.46,21025,,,,,,,,,,,,,,,,,,,,,,,,,,68.87449178454928,76.72931141181672,"rgba(239, 83, 80, 1.0)",0.0,0.0,10.348769647461665,78.6316780435678,-3.2295315464641186,0.0,0.0,0.0,0.0,0.0,0.0,0.0,0.0,32.954135713665444,-12.707515079023501,False,True,False,True,False,0.0,0,0.9204629058877334,1.0039768547056134,False,False,False,False,-0.34282825441539394,-0.34152166480930723,False,False,False,False,8378387,8606270.551610047,False,False,False,False,84792.17596174133,False,False,False,False
2022-12-13 00:00:00+00:00,46.145,49.245,45.755,46.5,20629,,,,,,,,,,,,,,,,,,,,,,,,,,68.75435588205944,76.67632834102555,"rgba(239, 83, 80, 1.0)",0.0,0.0,10.492636424852993,78.55813067375475,-3.089131211768721,0.0,0.0,0.0,0.0,0.0,0.0,0.0,0.0,32.902819944737296,-12.867274078880847,False,True,False,True,False,0.0,0,0.9271285708593968,0.99286824176262,False,False,False,False,-0.3071091221069856,-0.3243153934581464,False,False,False,False,8399016,8598142.922135144,False,False,False,False,82275.97298284952,False,False,False,False
2022-12-14 00:00:00+00:00,47.41,50.5,45.5,45.84,65787,,,,,,,,,,,,,,,,,,,,,,,,,,68.39294144362303,76.51289248296143,"rgba(239, 83, 80, 1.0)",0.0,0.0,10.591434305969392,78.33383605864054,-2.919702390186351,0.0,0.0,0.0,0.0,0.0,0.0,0.0,0.0,34.193529351063034,-12.867274078880847,False,True,False,True,False,0.0,0,0.9187912565714059,0.9919166765484801,False,False,False,False,-0.2953736342993482,-0.30984451387874734,False,False,False,False,8464803,8592913.905580824,False,False,False,False,81629.34659136522,False,False,False,False
2022-12-15 00:00:00+00:00,46.995,47.97,45.59,46.51,20923,,,,,,,,,,,,,,,,,,,,,,,,,,68.27540315448292,76.45959001322855,"rgba(239, 83, 80, 0.75)",0.0,0.0,10.693716161061179,78.26066906026463,-2.9237421855380554,0.0,0.0,0.0,0.0,0.0,0.0,0.0,0.0,34.797818586933154,-12.867274078880847,False,True,False,True,True,0.0,0,0.9264360027105671,1.0019332722126997,False,False,False,False,-0.3241544328989997,-0.3169994733888735,False,False,False,False,8443880,8587069.438695302,False,False,False,False,79248.70554856658,False,False,False,False
2022-12-16 00:00:00+00:00,45.905,47.775,45.525,46.31,17068,,,,,,,,,,,,,,,,,,,,,,,,,,68.17847257171331,76.41559132748263,"rgba(239, 83, 80, 0.75)",0.0,0.0,10.811508369567724,78.20026029877232,-2.9871188362279906,0.0,0.0,0.0,0.0,0.0,0.0,0.0,0.0,34.5172564338764,-12.867274078880847,False,True,False,True,True,0.0,0,0.913615928066795,1.0127649325626202,False,False,False,False,-0.3272512899811515,-0.3221253816850125,False,False,False,False,8426812,8580784.83325627,False,False,False,False,76810.24650744631,False,False,False,False
2022-12-19 00:00:00+00:00,41.5,46.5,41.005,46.0,32375,,,,,,,,,,,,,,,,,,,,,,,,,,67.96861221585509,76.32307227261319,"rgba(239, 83, 80, 1.0)",0.0,0.0,11.018203107209427,78.07118369721577,-3.319160424015648,0.0,0.0,0.0,0.0,0.0,0.0,0.0,0.0,32.043860898928116,-14.131679999267263,False,True,False,True,False,0.0,0,0.9060035538163594,1.0085251662107932,False,False,False,False,-0.34282825441539394,-0.33247681805020324,False,False,False,False,8394437,8573477.075089358,False,False,False,False,75067.6878208798,False,False,False,False
2022-12-20 00:00:00+00:00,40.49,42.99495,39.505,41.225,23454,,,,,,,,,,,,,,,,,,,,,,,,,,67.80671670319082,76.25235260410219,"rgba(239, 83, 80, 1.0)",0.0,0.0,11.22764076362995,77.97195478226816,-3.3383642718321225,0.0,0.0,0.0,0.0,0.0,0.0,0.0,0.0,29.957070685528123,-16.165968340859877,False,True,False,True,False,0.0,0,0.905999781571285,1.0138167143489496,False,False,False,False,-0.34282825441539394,-0.33765253623279856,False,False,False,False,8370983,8565536.130968206,False,False,False,False,73043.62163182569,False,False,False,False
2022-12-21 00:00:00+00:00,39.615,44.005,38.4,38.4,40889,,,,,,,,,,,,,,,,,,,,,,,,,,67.52572415880896,76.12861234067672,"rgba(239, 83, 80, 1.0)",0.0,0.0,11.424062148508332,77.79888637361861,-3.342408845228873,0.0,0.0,0.0,0.0,0.0,0.0,0.0,0.0,28.18636966328586,-17.860344671760487,False,True,False,True,False,0.0,0,0.9063675417509883,1.0057418931893027,False,False,False,False,-0.34282825441539394,-0.3402403953240962,False,False,False,False,8330094,8556303.106224354,False,False,False,False,71782.65607763645,False,False,False,False
2022-12-22 00:00:00+00:00,38.76,40.34,37.5,40.34,25544,,,,,,,,,,,,,,,,,,,,,,,,,,67.3415051120555,76.04782888247611,"rgba(239, 83, 80, 1.0)",0.0,0.0,11.643423974366593,75.2593635591455,-3.134762045898194,0.0,0.0,0.0,0.0,0.0,0.0,0.0,0.0,26.63366558872865,-19.340466972921607,False,True,False,True,False,0.0,0,0.9005637631642838,1.0222932509416067,False,False,False,False,-0.34282825441539394,-0.3415343248697451,False,False,False,False,8304550,8546430.435392028,False,False,False,False,69969.3754471409,False,False,False,False
2022-12-23 00:00:00+00:00,39.065,39.895,38.5,38.5,8811,,,,,,,,,,,,,,,,,,,,,,,,,,67.27914398273703,76.02025930343768,"rgba(239, 83, 80, 1.0)",0.0,0.0,11.814569979936586,75.22782872539528,-3.0608671146564563,0.0,0.0,0.0,0.0,0.0,0.0,0.0,0.0,26.043841471000793,-19.94256472260124,False,True,False,True,False,0.0,0,0.8964076471796263,1.0622919079047646,False,False,False,False,-0.3374048693373354,-0.33946959710354024,False,False,False,False,8313361,8537290.457533518,False,False,False,False,67571.00778254714,False,False,False,False
2022-12-27 00:00:00+00:00,39.075,40.5,38.55505,39.0,18308,,,,,,,,,,,,,,,,,,,,,,,,,,67.15146675460274,75.96345145922005,"rgba(239, 83, 80, 1.0)",0.0,0.0,11.957022169887416,75.1630821391368,-3.018149638462751,0.0,0.0,0.0,0.0,0.0,0.0,0.0,0.0,25.666395316600205,-20.408569103168233,False,True,False,True,False,0.0,0,0.9115131788344415,1.0229965106852623,False,False,False,False,-0.33097972966155875,-0.3352246633825495,False,False,False,False,8331669,8529226.870963575,False,False,False,False,65639.12512440803,False,False,False,False
2022-12-28 00:00:00+00:00,38.075,40.45,37.5,38.85,20065,,,,,,,,,,,,,,,,,,,,,,,,,,67.0093704546973,75.90020360414532,"rgba(239, 83, 80, 1.0)",0.0,0.0,12.098343743394853,72.93214955630027,-2.8811505356120084,0.0,0.0,0.0,0.0,0.0,0.0,0.0,0.0,24.876877568349407,-21.302821240020123,False,True,False,True,False,0.0,0,0.900737732182855,1.0167158586491813,False,False,False,False,-0.34175181471418326,-0.3384882390483664,True,False,False,False,8311604,8520692.64072971,True,False,False,False,63851.904531294,True,False,False,False
2022-12-29 00:00:00+00:00,39.265,39.5,38.0,38.825,17603,,,,,,,,,,,,,,,,,,,,,,,,,,66.88694735423934,75.8452592681575,"rgba(239, 83, 80, 1.0)",0.0,0.0,11.969647434352893,72.87095471827925,-2.8075977093385514,0.0,0.0,0.0,0.0,0.0,0.0,0.0,0.0,26.348976849521605,-21.302821240020123,False,True,False,True,False,0.0,0,0.9045511873629074,1.0188611426169105,False,False,False,False,-0.34282825441539394,-0.34065824673188017,False,False,False,False,8329207,8513183.399916781,False,False,False,False,62038.22200065502,False,False,False,False
2022-12-30 00:00:00+00:00,38.665,39.55,37.55,37.55,18167,,,,,,,,,,,,,,,,,,,,,,,,,,66.76022312870322,75.78821509471116,"rgba(239, 83, 80, 0.75)",0.0,0.0,11.4379364267647,72.79352642074261,-2.9838010238352144,0.0,0.0,0.0,0.0,0.0,0.0,0.0,0.0,26.924664852141635,-21.302821240020123,False,True,False,True,True,0.0,0,0.9047628724652297,1.0144157554681437,False,False,False,False,-0.34282825441539394,-0.3417432505736371,False,False,False,False,8311040,8505256.207763182,False,False,False,False,60317.781922197966,False,False,False,False
2023-01-03 00:00:00+00:00,40.49,42.095,37.905,38.065,13928,,,,,,,,,,,,,,,,,,,,,,,,,,66.66922291619585,75.74644612600724,"rgba(239, 83, 80, 0.75)",0.0,0.0,10.966179659906249,72.76819554602967,-2.943431217349363,0.0,0.0,0.0,0.0,0.0,0.0,0.0,0.0,30.23461320139424,-23.54145351342973,False,True,False,True,True,0.0,0,0.9111353613583427,1.0015133051045881,False,False,False,False,-0.31496551220431723,-0.32835438138897716,False,False,False,False,8324968,8498186.081968548,False,False,False,False,58498.57478799413,False,False,False,False
2023-01-04 00:00:00+00:00,43.46,44.0,40.09445,40.485,16229,,,,,,,,,,,,,,,,,,,,,,,,,,66.57332194167859,75.70111270621274,"rgba(239, 83, 80, 0.75)",0.0,0.0,10.24568905038238,72.7768136296747,-2.8613803801297846,0.0,0.0,0.0,0.0,0.0,0.0,0.0,0.0,36.21549483412143,-18.02876774698353,False,True,False,True,True,0.0,0,0.9225727977600915,0.9956146875653731,False,False,False,False,-0.27640733806174556,-0.30238085972536133,False,False,False,False,8341197,8492029.647381546,False,False,False,False,56840.944404151225,False,False,False,False
2023-01-05 00:00:00+00:00,46.435,54.5,41.505,42.69,90473,,,,,,,,,,,,,,,,,,,,,,,,,,66.15981165723676,75.48809231882963,"rgba(239, 83, 80, 0.5)",0.0,0.0,9.461892413045307,71.53869321960144,-2.65313661620063,0.0,0.0,0.0,0.0,0.0,0.0,0.0,0.0,43.052645234566015,-11.968619715351544,False,False,False,True,True,0.0,0,0.9389338888292259,0.9510943278555868,False,False,False,False,-0.16825451820842238,-0.23531768896689187,False,False,False,False,8431670,8489662.602386191,False,False,False,False,58159.8485451649,False,False,False,False
2023-01-06 00:00:00+00:00,46.48,47.495,44.0,46.435,35349,,,,,,,,,,,,,,,,,,,,,,,,,,65.9905847325917,75.40135706961306,#000000,0.0,0.0,8.998858119754296,71.46746016147041,-2.7767367624807795,0.0,0.0,0.0,0.0,0.0,0.0,0.0,0.0,47.65023247749181,-8.154270139069489,False,False,False,False,True,0.0,0,0.945002841215346,0.977505776325804,False,False,False,False,-0.20862005492736907,-0.22196887194713047,False,False,False,False,8467019,8488774.61797889,False,False,False,False,57265.30546496237,False,False,False,False
2023-01-09 00:00:00+00:00,46.58,47.88,45.175,46.595,15668,,,,,,,,,,,,,,,,,,,,,,,,,,65.91853228329467,75.3637959523962,"rgba(38, 166, 154, 1.0)",0.0,0.0,8.963491249920187,71.44394582847846,-2.773913103189548,0.0,0.0,0.0,0.0,0.0,0.0,0.0,0.0,50.810910262939956,-5.639661031562369,True,False,True,False,True,0.0,0,0.9415830980430338,0.9820114967877818,False,False,False,False,-0.19458821165547294,-0.2082785418013017,False,False,False,False,8482687,8488535.887862071,False,False,False,False,55634.038583983456,False,False,False,False
2023-01-10 00:00:00+00:00,48.81,49.0,46.215,46.245,15971,,,,,,,,,,,,,,,,,,,,,,,,,,65.85114011018506,75.3275479769266,"rgba(38, 166, 154, 1.0)",0.0,0.0,8.97522137045416,71.4389056469017,-2.5212643469045313,0.0,0.0,0.0,0.0,0.0,0.0,0.0,0.0,54.921334231170164,-2.141248662185319,True,False,True,False,True,0.0,0,0.943843367254024,0.9774845604789273,False,False,False,False,-0.17528249612253796,-0.19178051896191983,False,False,False,False,8498658,8488932.83343611,False,False,False,False,54078.62530618018,False,False,False,False
2023-01-11 00:00:00+00:00,49.99,51.5,48.0,49.5,25373,,,,,,,,,,,,,,,,,,,,,,,,,,65.75593642966788,75.27398502141901,"rgba(38, 166, 154, 1.0)",0.0,0.0,8.963538297503906,71.4595867845041,-2.3952133713181962,0.0,0.0,0.0,0.0,0.0,0.0,0.0,0.0,58.58854932865784,0.9915399805680067,True,False,True,False,True,0.0,0,0.9481087963212328,0.9754263747561184,False,False,False,False,-0.1373493708699866,-0.16456494491595322,False,False,False,False,8524031,8490309.23212489,False,False,False,False,52952.914509859394,False,False,False,False
2023-01-12 00:00:00+00:00,51.5,52.5,49.635,49.82,15666,,,,,,,,,,,,,,,,,,,,,,,,,,65.70276870961922,75.24281572816538,"rgba(38, 166, 154, 1.0)",0.0,0.0,8.967616558414345,71.48150237903569,-2.228184294999431,0.0,0.0,0.0,0.0,0.0,0.0,0.0,0.0,62.123879763872914,4.072158101174352,True,False,True,False,True,0.0,0,0.9391081736556476,0.9875643453240406,False,False,False,False,-0.11422323415848312,-0.13939408953721816,False,False,False,False,8539697,8492246.007335678,False,False,False,False,51490.68256829628,False,False,False,False
2023-01-13 00:00:00+00:00,53.0,53.5,51.0,51.5,24567,,,,,,,,,,,,,,,,,,,,,,,,,,65.62751418512654,75.19671089911483,"rgba(38, 166, 154, 1.0)",0.0,0.0,8.94354928234726,71.52626025424118,-2.0714662232373713,0.0,0.0,0.0,0.0,0.0,0.0,0.0,0.0,65.45571485551682,7.034226762889055,True,False,True,False,True,0.0,0,0.9446827774759051,0.9773544482173419,False,False,False,False,-0.0935705610462332,-0.11648232529172567,False,False,False,False,8564264,8495070.242342122,False,False,False,False,50434.851879343485,False,False,False,False
2023-01-17 00:00:00+00:00,51.0,54.0,48.695,54.0,31812,,,,,,,,,,,,,,,,,,,,,,,,,,65.52203907311129,75.13396567045191,"rgba(38, 166, 154, 1.0)",0.0,0.0,8.902727837857528,71.53849186516781,-2.3069886263209045,0.0,0.0,0.0,0.0,0.0,0.0,0.0,0.0,64.73849814976998,7.034226762889055,True,False,True,False,True,0.0,0,0.9418428992307659,0.9731504674149006,False,False,False,False,-0.109324836842665,-0.11290358106719534,False,False,False,False,8532452,8496536.193622824,False,False,False,False,49704.54396250649,False,False,False,False
2023-01-18 00:00:00+00:00,49.65,52.5,48.55,51.5,20415,,,,,,,,,,,,,,,,,,,,,,,,,,65.45048989051799,75.09219781581787,"rgba(38, 166, 154, 1.0)",0.0,0.0,8.891729479417577,71.52711547246354,-2.460389232837583,0.0,0.0,0.0,0.0,0.0,0.0,0.0,0.0,62.50459561053399,7.034226762889055,True,False,True,False,True,0.0,0,0.9413621893121414,0.9795910482980168,False,False,False,False,-0.12372964560679918,-0.11831661333699725,False,False,False,False,8512037,8497144.068382712,False,False,False,False,48555.93439534937,False,False,False,False
2023-01-19 00:00:00+00:00,49.1,51.0,49.0,49.0,8123,,,,,,,,,,,,,,,,,,,,,,,,,,65.42121554827354,75.07526187237661,"rgba(38, 166, 154, 0.75)",0.0,0.0,8.882278661257182,71.51913465370947,-2.5240296447236554,0.0,0.0,0.0,0.0,0.0,0.0,0.0,0.0,60.31988916709839,7.034226762889055,True,False,True,False,False,0.0,0,0.936472051278436,0.9957293852419404,False,False,False,False,-0.13295061534402688,-0.12563361434051207,False,False,False,False,8503914,8497409.555897115,False,False,False,False,46970.32912494352,False,False,False,False
2023-01-20 00:00:00+00:00,52.0,52.0,49.005,49.1,11262,,,,,,,,,,,,,,,,,,,,,,,,,,65.38415377944112,75.05302121027385,"rgba(38, 166, 154, 0.75)",0.0,0.0,8.863101432851678,71.51581950610237,-2.2019176530876297,0.0,0.0,0.0,0.0,0.0,0.0,0.0,0.0,61.396667534707795,7.034226762889055,True,False,True,False,False,0.0,0,0.921588069584553,1.09367856338972,False,False,False,False,-0.12412438997784923,-0.12487900215918066,False,False,False,False,8515176,8498106.279195268,False,False,False,False,45570.0024925928,False,False,False,False
2023-01-23 00:00:00+00:00,52.0,53.0,50.75,52.0,14764,,,,,,,,,,,,,,,,,,,,,,,,,,65.3389277288355,75.0250336830875,"rgba(38, 166, 154, 0.75)",0.0,0.0,8.823652712408714,71.51731384829705,-2.2119313264505327,0.0,0.0,0.0,0.0,0.0,0.0,0.0,0.0,62.11451977978073,7.034226762889055,True,False,True,False,False,0.0,0,0.8937000924965415,1.0883928381982038,False,False,False,False,-0.09386339839035757,-0.10937120027476911,False,False,False,False,8515176,8498775.68001114,False,False,False,False,44361.92396347151,False,False,False,False
2023-01-24 00:00:00+00:00,50.5,52.465,50.0,52.0,9632,,,,,,,,,,,,,,,,,,,,,,,,,,65.30755632268367,75.00607909816839,"rgba(38, 166, 154, 0.75)",0.0,0.0,8.780712040942605,71.51232343587344,-2.3930090564292983,0.0,0.0,0.0,0.0,0.0,0.0,0.0,0.0,60.528653139870556,7.034226762889055,True,False,True,False,False,0.0,0,0.9425351577072697,1.0671460132116872,False,False,False,False,-0.10537621683792926,-0.10737370855634919,False,False,False,False,8505544,8499041.104324428,False,False,False,False,42999.96616098243,False,False,False,False
2023-01-25 00:00:00+00:00,52.0,52.5,49.005,50.5,28024,,,,,,,,,,,,,,,,,,,,,,,,,,65.2181949578953,74.95151298796091,"rgba(38, 166, 154, 0.75)",0.0,0.0,8.73148890742862,71.49698752962459,-2.232951073560529,0.0,0.0,0.0,0.0,0.0,0.0,0.0,0.0,60.8476638263526,7.034226762889055,True,False,True,False,False,0.0,0,0.9466059981119598,1.0554963273893248,False,False,False,False,-0.11399526606356437,-0.11068448730995678,False,False,False,False,8533568,8500395.100233275,False,False,False,False,42412.67337035567,False,False,False,False
2023-01-26 00:00:00+00:00,52.0,53.5,51.0,52.5,24288,,,,,,,,,,,,,,,,,,,,,,,,,,65.1470940948179,74.90639966649276,"rgba(38, 166, 154, 0.75)",0.0,0.0,8.71538198963383,71.49179662626572,-2.2364821931441994,0.0,0.0,0.0,0.0,0.0,0.0,0.0,0.0,61.06033761734063,7.034226762889055,True,False,True,False,False,0.0,0,0.9417612771285279,1.0828102437932523,False,False,False,False,-0.08715549611315368,-0.09891999171155523,False,False,False,False,8533568,8501695.998263344,False,False,False,False,41701.90186563584,False,False,False,False
2023-01-27 00:00:00+00:00,53.0,54.5,50.5,51.0,17536,,,,,,,,,,,,,,,,,,,,,,,,,,65.09819769269079,74.8746523770568,"rgba(38, 166, 154, 0.75)",0.0,0.0,8.701702969912562,71.48976693420173,-2.1248446422651814,0.0,0.0,0.0,0.0,0.0,0.0,0.0,0.0,62.132170695413144,7.034226762889055,True,False,True,False,False,0.0,0,0.8865859841915933,1.1432786945878413,False,False,False,False,-0.06086452060358762,-0.07989225615757142,False,False,False,False,8551104,8503633.5669589,False,False,False,False,40754.21943953248,False,False,False,False
2023-01-30 00:00:00+00:00,53.0,53.5,51.5,52.005,18035,,,,,,,,,,,,,,,,,,,,,,,,,,65.04830794903816,74.84209610034617,"rgba(38, 166, 154, 0.75)",0.0,0.0,8.687670583198392,71.48559883606718,-2.127796934637185,0.0,0.0,0.0,0.0,0.0,0.0,0.0,0.0,62.84672608079482,7.034226762889055,True,False,True,False,False,0.0,1,0.8983784867053635,1.1329565025750006,False,False,False,False,-0.017370168895191825,-0.048631212526381626,False,False,False,False,8551104,8505495.152568355,False,False,False,False,39863.269657590026,False,False,False,False
2023-01-31 00:00:00+00:00,54.0,54.5,51.5,51.5,24808,,,,,,,,,,,,,,,,,,,,,,,,,,64.98399287525673,74.79881067206995,"rgba(38, 166, 154, 0.75)",0.0,0.0,8.667048625332754,71.48410985637071,-2.0173083839943775,0.0,0.0,0.0,0.0,0.0,0.0,0.0,0.0,64.28280518607127,8.597823635057793,True,False,True,False,False,0.0,1,0.9238082859779613,1.1060124645878588,False,False,False,False,0.08125594496425174,0.01631236621893506,False,False,False,False,8575912,8508256.597565675,False,False,False,False,39272.866925919836,False,False,False,False
2023-02-01 00:00:00+00:00,52.5,54.0,52.0,54.0,33473,,,,,,,,,,,,,,,,,,,,,,,,,,64.89464814179192,74.73932777029304,"rgba(38, 166, 154, 0.75)",0.0,0.0,8.640090839321092,71.46961474031133,-2.1955341781802256,0.0,0.0,0.0,0.0,0.0,0.0,0.0,0.0,62.61284273737921,8.597823635057793,True,False,True,False,False,0.0,1,0.9414957176029856,1.0487586764241228,False,False,False,False,0.15534943118083272,0.08583089869988389,False,False,False,False,8542439,8509597.083935648,False,False,False,False,39045.421164119056,False,False,False,False
2023-02-02 00:00:00+00:00,55.5,57.5,53.0,53.0,41744,,,,,,,,,,,,,,,,,,,,,,,,,,64.80776773954352,74.67401131321864,"rgba(38, 166, 154, 0.75)",1.0,38.503334,8.645150146936235,70.63606114677641,-1.7508152998523108,0.0,0.0,0.0,0.0,0.0,0.0,0.0,0.0,64.28559318853007,9.034360468204234,True,False,True,False,False,0.0,1,0.96917209821299,1.005835608762457,False,False,False,True,0.321446147504277,0.20363852310208047,False,False,False,False,8584183,8512522.021820525,False,False,False,False,39151.247785134,False,False,False,False
2023-02-03 00:00:00+00:00,53.5,57.5,53.5,55.0,19736,,,,,,,,,,,,,,,,,,,,,,,,,54.833333333333336,64.76510037638073,74.64248902344612,"rgba(38, 166, 154, 0.75)",0.0,0.0,8.641263795417343,69.83835620834311,-1.8907368870057772,-1.0,57.5,53.5,0.0,0.0,0.0,0.0,0.0,62.451798773858116,9.034360468204234,True,False,True,False,False,0.0,1,0.9875172019976138,0.9864489918996102,False,False,False,False,0.3321005757798582,0.2678695494409693,False,False,False,False,8564447,8514558.295474622,False,False,False,False,38389.86551905032,False,False,False,False
2023-02-06 00:00:00+00:00,54.5,56.5,53.5,53.5,12899,,,,,,,,,,,,,,,,,,,,,,,,,54.833333333333336,64.73741066336795,74.62194084211568,"rgba(38, 166, 154, 0.75)",0.0,0.0,8.637472539689051,69.83483388655019,-1.775384386588422,0.0,0.0,0.0,0.0,0.0,0.0,0.0,0.0,62.15136505180682,9.034360468204234,True,False,True,False,False,0.0,1,0.9874018522665422,0.9966425474255576,False,False,False,False,0.32113293717108815,0.2945012433060287,False,False,False,False,8577346,8517020.558397187,False,False,False,False,37390.22373398952,False,False,False,False
2023-02-07 00:00:00+00:00,56.0,56.0,54.5,55.0,13861,,,,,,,,,,,,,,,,,,,,,,,,,55.03207444367975,64.70981876795254,74.60064993867886,"rgba(38, 166, 154, 0.75)",0.0,0.0,8.645931677765278,69.84955179656735,-1.6018576496717194,0.0,0.0,0.0,0.0,0.0,0.0,0.0,0.0,63.228906851993344,9.034360468204234,True,False,True,False,False,0.0,1,0.9935224107541617,0.9873237607581444,False,False,False,False,0.3319429064172377,0.3132220748616332,False,False,False,False,8591207,8519929.830616906,False,True,False,False,36467.509077754636,False,True,False,False
2023-02-08 00:00:00+00:00,53.5,56.0,53.5,55.0,9835,,,,,,,,,,,,,,,,,,,,,,,,,54.91007911570302,64.68787344887883,74.58465085154425,"rgba(38, 166, 154, 0.75)",0.0,0.0,8.646434789934236,69.83621262375996,-1.889358217652644,0.0,0.0,0.0,0.0,0.0,0.0,0.0,0.0,60.57913698220926,9.034360468204234,True,False,True,False,False,0.0,1,0.9872843508288022,0.9903933115063567,False,False,False,False,0.3103950611679009,0.3118085680147671,False,False,False,False,8581372,8522339.32745546,False,False,False,False,35423.09695705838,False,False,False,False
2023-02-09 00:00:00+00:00,50.5,54.975,50.5,54.5,14218,,,,,,,,,,,,,,,,,,,,,,,,,54.32192069814361,64.64917407356474,74.5588970490982,"rgba(38, 166, 154, 0.75)",0.0,0.0,8.646952823691343,69.77152121699818,-2.228706644981007,0.0,0.0,0.0,0.0,0.0,0.0,0.0,0.0,55.69062425014057,10.639381033837068,True,False,True,False,False,0.0,1,0.9691050791678518,0.9907223379463419,False,False,False,False,0.2262149576684718,0.26901176284161943,False,False,False,False,8567154,8524096.76559446,False,False,False,False,34591.52452736981,False,False,False,False
2023-02-10 00:00:00+00:00,50.0,51.0,48.015,50.0,26697,,,,,,,,,,,,,,,,,,,,,,,,,53.045283799162256,64.56393967356637,74.50574258821071,#000000,0.0,0.0,8.65026242272398,69.60995193356902,-2.2669776909951618,0.0,0.0,0.0,0.0,0.0,0.0,0.0,0.0,51.970546778044934,7.264375179904128,True,False,False,False,False,0.0,1,0.9631824189028664,1.0088838441950794,False,False,False,False,0.09696648472551347,0.18298912378356647,False,False,False,False,8540457,8524738.343414286,False,False,False,False,34281.93533021805,False,False,False,False
2023-02-13 00:00:00+00:00,50.5,55.5,49.5,49.535,15845,,,,,,,,,,,,,,,,,,,,,,,,,52.87547934848927,64.5210858235543,74.47703871999926,#000000,0.0,0.0,8.653137189784626,69.57319022967934,-2.204193671191993,0.0,0.0,0.0,0.0,0.0,0.0,0.0,0.0,50.08357560823409,5.627233886805534,False,False,False,False,False,0.0,1,0.9757465578249728,0.9817424644195407,False,False,False,False,0.2165065078001651,0.1997478157918658,False,False,False,False,8556302,8525976.13386863,False,False,False,False,33558.9182584448,False,False,False,False
2023-02-14 00:00:00+00:00,52.0,52.5,50.5,50.5,11062,,,,,,,,,,,,,,,,,,,,,,,,,52.767774453027045,64.49094777030123,74.45689531669768,#000000,0.0,0.0,8.652456734913969,69.54793150557387,-2.0280865935758245,0.0,0.0,0.0,0.0,0.0,0.0,0.0,0.0,50.538653923388146,5.627233886805534,False,False,False,False,False,0.0,1,0.9749365780538146,1.0087978960028225,False,False,False,False,0.17604414558314052,0.18789598068750316,False,False,False,False,8567364,8527599.187442409,False,False,False,False,32676.686169878336,False,False,False,False
2023-02-15 00:00:00+00:00,52.5,52.5,50.5,51.5,12206,,,,,,,,,,,,,,,,,,,,,,,,,52.684129161502604,64.45828656345581,74.43487222936449,#000000,0.0,0.0,8.642481468185888,69.52381630044542,-1.9697833733415948,0.0,0.0,0.0,0.0,0.0,0.0,0.0,0.0,51.390779031630316,5.627233886805534,True,False,False,False,False,0.0,1,0.9725179124860284,1.0057745640430897,False,False,False,False,0.17604414558314052,0.18197006313532182,False,False,False,False,8579570,8529637.2585231,False,False,False,False,31873.914163216443,False,False,False,False
2023-02-16 00:00:00+00:00,52.0,53.0,50.0,52.0,22423,,,,,,,,,,,,,,,,,,,,,,,,,52.540444351374845,64.39793723181432,74.39422879280458,#000000,0.0,0.0,8.617705186689394,69.47943976917001,-2.028317213284129,0.0,0.0,0.0,0.0,0.0,0.0,0.0,0.0,51.3224925854569,5.627233886805534,True,False,False,False,False,0.0,1,0.9755855622057268,1.0027428565917023,False,False,False,False,0.17604414558314052,0.17900710435923117,False,False,False,False,8557147,8530716.07191435,False,False,False,False,31503.290078384423,False,False,False,False
2023-02-17 00:00:00+00:00,50.0,51.0,49.505,51.0,11211,,,,,,,,,,,,,,,,,,,,,,,,,52.38400416487739,64.36445093342105,74.3726262609493,#000000,0.0,0.0,8.59122254669587,69.44478731146185,-2.2633318140431826,0.0,0.0,0.0,0.0,0.0,0.0,0.0,0.0,48.94634440697672,4.246912494728136,False,False,False,False,False,0.0,1,0.9786593296557853,0.9967145013170629,False,False,False,False,0.12634051190114112,0.15267380813018616,False,False,False,False,8545936,8531312.931839278,False,False,False,False,30707.51399687915,False,False,False,False
2023-02-21 00:00:00+00:00,47.52,50.0,47.25,49.5,12948,,,,,,,,,,,,,,,,,,,,,,,,,52.09188394072407,64.32079033250237,74.34575784245516,"rgba(239, 83, 80, 0.5)",0.0,0.0,8.570847697413651,69.38758455629024,-2.5513911025264187,0.0,0.0,0.0,0.0,0.0,0.0,0.0,0.0,45.048592092429445,0.4738689921272794,False,False,False,True,False,0.0,1,0.9861018970153596,0.9906437607358303,False,False,False,False,0.06238167576067088,0.10752774194542852,False,False,False,False,8532988,8531378.620786758,False,False,False,False,30011.062467589774,False,False,False,False
2023-02-22 00:00:00+00:00,48.245,49.5,47.65505,48.5,6927,,,,,,,,,,,,,,,,,,,,,,,,,51.95962487333306,64.2978336634088,74.33152182919146,"rgba(239, 83, 80, 0.5)",0.0,0.0,8.558030048224587,69.35963371480287,-2.4672306121644456,0.0,0.0,0.0,0.0,0.0,0.0,0.0,0.0,43.45565003626911,-1.0504266871596144,False,False,False,True,False,0.0,0,0.9876986030169099,0.9897637190190837,False,False,False,False,0.06052610105510892,0.08402692150026872,False,False,False,False,8539915,8531713.380755905,False,False,False,False,29105.805115919586,False,False,False,False
2023-02-23 00:00:00+00:00,47.56,48.995,46.065,48.0,16430,,,,,,,,,,,,,,,,,,,,,,,,,51.607636794588416,64.24047641280127,74.29661076242274,"rgba(239, 83, 80, 1.0)",0.0,0.0,8.52003672749399,69.28571567497579,-2.5499556363257607,0.0,0.0,0.0,0.0,0.0,0.0,0.0,0.0,41.754889739849226,-2.714394843731611,False,True,False,True,False,0.0,0,0.9912405957526272,0.9835459696126138,False,False,False,False,0.019666249741028624,0.05184658562064867,False,False,False,False,8523485,8531390.699157635,False,False,False,False,28608.714719216856,False,False,False,False
2023-02-24 00:00:00+00:00,45.35,47.495,45.005,46.5,20726,,,,,,,,,,,,,,,,,,,,,,,,,51.09112673307668,64.16184387379666,74.25009164050695,"rgba(239, 83, 80, 1.0)",0.0,0.0,8.496641418077857,69.17714737094201,-2.804301864528052,0.0,0.0,0.0,0.0,0.0,0.0,0.0,0.0,38.77386705692066,-5.575079856422292,False,True,False,True,False,0.0,0,0.9864202728676137,0.9833891514345237,False,False,False,False,-0.030186158162903903,0.010830213728872384,False,False,False,False,8502759,8530267.887425963,False,False,False,False,28299.58865179659,False,False,False,False
2023-02-27 00:00:00+00:00,48.275,49.0,45.45,45.45,11308,,,,,,,,,,,,,,,,,,,,,,,,,50.92429910985516,64.12302938499523,74.22622903202898,"rgba(239, 83, 80, 1.0)",0.0,0.0,7.666476540729666,69.1339172381834,-2.72079580852642,0.0,0.0,0.0,0.0,0.0,0.0,0.0,0.0,40.678874030228116,-5.575079856422292,False,True,False,True,False,0.0,0,0.9872088215107876,0.9905508552720127,False,False,False,False,0.007787766063656536,0.00930898989626446,False,False,False,False,8514067,8529632.558507297,False,False,False,False,27633.251841922214,False,False,False,False
2023-02-28 00:00:00+00:00,50.5,51.0,47.0,47.0,14435,,,,,,,,,,,,,,,,,,,,,,,,,50.84296033679238,64.07947788937138,74.19802538851249,"rgba(239, 83, 80, 0.5)",0.0,0.0,7.091555721388526,69.09876664969707,-2.622663824469736,0.0,0.0,0.0,0.0,0.0,0.0,0.0,0.0,44.298132259531826,-5.575079856422292,False,False,False,True,True,0.0,0,0.9981656222135478,0.9859384748284302,False,False,False,False,0.07705479391552715,0.0431818919058958,False,False,False,False,8528502,8529588.22287956,False,False,False,False,27115.67333831742,False,False,False,False
2023-03-01 00:00:00+00:00,48.78,51.0,48.05,49.0,18679,,,,,,,,,,,,,,,,,,,,,,,,,50.735179048933,64.02264807504672,74.16129586142127,"rgba(239, 83, 80, 0.5)",0.0,0.0,6.993008559391339,69.0522513637961,-2.8989312956826363,0.0,0.0,0.0,0.0,0.0,0.0,0.0,0.0,45.03705673304494,-10.937453103061145,False,False,False,True,True,0.0,0,1.0040206420781714,0.9705736763850714,False,False,False,False,0.09765437361505298,0.0704181327604744,False,False,False,False,8509823,8528813.11609997,False,False,False,False,26784.823403481445,False,False,False,False
2023-03-02 00:00:00+00:00,46.69,48.68,46.0,48.6,10445,,,,,,,,,,,,,,,,,,,,,,,,,50.60134814088897,63.98644673730285,74.13903127489964,"rgba(239, 83, 80, 0.75)",0.0,0.0,6.8286942765459475,69.01358026281783,-3.2690847413525472,0.0,0.0,0.0,0.0,0.0,0.0,0.0,0.0,43.742985789893304,-10.937453103061145,False,True,False,True,True,0.0,0,0.9913460490330838,0.9829656747765004,False,False,False,False,0.012266099843745668,0.04134211630211004,False,False,False,False,8499378,8527658.79782154,False,False,False,False,26144.046015109623,False,False,False,False
2023-03-03 00:00:00+00:00,47.185,48.5,46.75,47.5,13589,,,,,,,,,,,,,,,,,,,,,,,,,50.457722013165025,63.940566745236936,74.11049966868869,"rgba(239, 83, 80, 0.75)",0.0,0.0,6.4397415642573215,68.96765472926666,-3.382535543067059,0.0,0.0,0.0,0.0,0.0,0.0,0.0,0.0,43.451977517558845,-10.937453103061145,False,True,False,True,True,0.0,0,1.02351113097488,0.9754011930891889,False,False,False,False,0.023367081813655013,0.03235459905788252,False,False,False,False,8512967,8527082.648887362,False,False,False,False,25651.69126941905,False,False,False,False
2023-03-06 00:00:00+00:00,46.5,48.0,45.75,47.0,12093,,,,,,,,,,,,,,,,,,,,,,,,,50.31194367012059,63.8981546394506,74.08446740843058,"rgba(239, 83, 80, 0.75)",0.0,0.0,5.811065963370198,68.92305252777786,-3.8586814655212303,0.0,0.0,0.0,0.0,0.0,0.0,0.0,0.0,42.65090062626052,-10.937453103061145,False,True,False,True,True,0.0,1,1.0268236037947862,0.9563987717963885,False,False,False,False,-0.005840776294853747,0.013256911381514387,False,False,False,False,8500874,8526054.858734917,False,False,False,False,25119.97788630458,False,False,False,False
2023-03-07 00:00:00+00:00,44.565,47.495,43.505,47.465,17082,,,,,,,,,,,,,,,,,,,,,,,,,50.04236053795568,63.833177130907885,74.04568373237814,"rgba(239, 83, 80, 1.0)",0.0,0.0,5.306611504309195,68.84766023922077,-4.575925752149412,0.0,0.0,0.0,0.0,-1.0,45.75,45.25,0.0,40.52125962001621,-10.937453103061145,False,True,False,True,False,0.0,1,1.0198883200900524,0.9655344794331265,False,False,False,False,-0.059450473461118584,-0.0230967810398021,False,False,False,False,8483792,8524397.491725706,False,False,False,False,24804.76306723381,False,False,False,False
2023-03-08 00:00:00+00:00,43.25,45.25,43.25,44.5,11095,,,,,,,,,,,,,,,,,,,,,,,,,49.83993440689998,63.78835250055213,74.01944128451942,"rgba(239, 83, 80, 1.0)",0.0,0.0,5.088025420995238,68.79287282386534,-5.020193633165664,0.0,0.0,0.0,0.0,0.0,0.0,0.0,0.0,38.132302567119694,-6.454460471128854,False,True,False,True,False,0.0,0,1.024095225077166,0.9563225369618636,False,False,False,False,-0.10847659298192484,-0.06578668701086347,False,False,False,False,8472697,8522370.021461952,False,False,False,False,24267.125299891308,False,False,False,False
2023-03-09 00:00:00+00:00,41.085,44.0,40.5,42.925,15396,,,,,,,,,,,,,,,,,,,,,,,,,49.49012717535346,63.72008675586281,73.98062076258203,"rgba(239, 83, 80, 1.0)",0.0,0.0,5.00801486628285,68.70291235924326,-5.514742487124919,0.0,0.0,0.0,0.0,-1.0,43.25,42.395,0.0,35.129883274815796,-9.382390836260186,False,True,False,True,False,0.0,0,1.0002506344281992,0.9619496786295723,False,False,False,False,-0.18811727515194618,-0.12695198108140482,False,False,False,False,8457301,8519818.295130111,False,False,False,False,23919.238033228903,False,False,False,False
2023-03-10 00:00:00+00:00,38.0,42.395,37.51,40.1,29090,,,,,,,,,,,,,,,,,,,,,,,,,48.71065780318013,63.577284212110314,73.90170064435878,"rgba(239, 83, 80, 1.0)",0.0,0.0,5.069650761823345,68.50537313282682,-6.017253370300263,0.0,0.0,0.0,0.0,0.0,0.0,0.0,0.0,31.51863982896174,-12.793405736893341,False,True,False,True,False,0.0,0,0.9814883431263206,0.9762525829986097,False,False,False,False,-0.2826861870888544,-0.2048190840851296,False,False,False,False,8428211,8516225.852183834,False,False,False,False,24122.013012317966,False,False,False,False
2023-03-13 00:00:00+00:00,39.1,40.55,37.51,37.53,17064,,,,,,,,,,,,,,,,,,,,,,,,,48.295876567958715,63.493442787252555,73.85524249278333,"rgba(239, 83, 80, 1.0)",0.0,0.0,5.129771390864483,68.39394935958944,-5.710575994041081,0.0,0.0,0.0,0.0,0.0,0.0,0.0,0.0,30.65194355766525,-13.606828452349077,False,True,False,True,False,0.0,0,0.9879941918004895,0.9873169584465005,False,False,False,False,-0.3219950432416182,-0.2634070636633739,False,False,False,False,8445275,8513443.465823684,False,False,False,False,23845.228188305497,False,False,False,False
2023-03-14 00:00:00+00:00,38.5,41.5,38.5,39.425,14766,,,,,,,,,,,,,,,,,,,,,,,,,47.980684551625224,63.422671042441856,73.81565538165117,"rgba(239, 83, 80, 1.0)",0.0,0.0,5.203602660528366,68.30412803333596,-5.727594894862647,0.0,0.0,0.0,0.0,0.0,0.0,0.0,0.0,29.733479178969674,-14.57123716320799,False,True,False,True,False,0.0,0,0.9910932127420039,0.9758423869860434,False,False,False,False,-0.2806859492709916,-0.27204650646718276,False,False,False,False,8430509,8510191.133830598,False,False,False,False,23489.180024058223,False,False,False,False
2023-03-15 00:00:00+00:00,37.605,39.0,37.5,38.55,16013,,,,,,,,,,,,,,,,,,,,,,,,,47.608649841384405,63.341721748774,73.77099971599242,"rgba(239, 83, 80, 1.0)",0.0,0.0,5.281581991538388,68.19911246270084,-5.792603903852219,0.0,0.0,0.0,0.0,0.0,0.0,0.0,0.0,28.611501385432202,-15.789824917336944,False,True,False,True,False,0.0,0,0.9877005156170501,0.9913719121642851,False,False,False,False,-0.34282825441539394,-0.3074373804412883,False,False,False,False,8414496,8506438.3834843,False,False,False,False,23195.996493703,False,False,False,False
2023-03-16 00:00:00+00:00,38.945,39.745,37.7,39.0,11935,,,,,,,,,,,,,,,,,,,,,,,,,47.3696324028705,63.28352844006952,73.73849670138745,"rgba(239, 83, 80, 1.0)",0.0,0.0,5.3066322916976825,68.12725317430693,-5.499203933907964,0.0,0.0,0.0,0.0,0.0,0.0,0.0,0.0,29.895627945558875,-15.789824917336944,False,True,False,True,False,0.0,0,0.9859950903343165,1.001827724212249,False,False,False,False,-0.3226728675880048,-0.3150551240146465,False,False,False,False,8426431,8503300.839033935,False,False,False,False,22754.388788067594,False,False,False,False
2023-03-17 00:00:00+00:00,38.64,39.45,37.8,38.61,14427,,,,,,,,,,,,,,,,,,,,,,,,,47.09217795515075,63.21307554179069,73.69910067325786,"rgba(239, 83, 80, 1.0)",0.0,0.0,5.348038095271743,68.04157404060628,-5.497637360997955,0.0,0.0,0.0,0.0,0.0,0.0,0.0,0.0,30.53194867798009,-15.789824917336944,False,True,False,True,False,0.0,0,0.9726652840623426,1.0156796757164404,False,False,False,False,-0.3268107327778565,-0.32093292839625154,False,False,False,False,8412004,8499720.570836525,False,False,False,False,22427.824521868864,False,False,False,False
2023-03-20 00:00:00+00:00,37.05,40.0,37.0,39.0,49428,,,,,,,,,,,,,,,,,,,,,,,,,46.20189819599273,62.968775221503236,73.56244576067608,"rgba(239, 83, 80, 1.0)",0.0,0.0,5.449187602068028,67.75213638530133,-5.634259384582305,0.0,0.0,0.0,0.0,0.0,0.0,0.0,0.0,29.85032053090366,-15.789824917336944,False,True,False,True,False,0.0,0,0.9560097233864209,1.0834531433361274,False,False,False,False,-0.33213156737393174,-0.3265322478850916,False,False,False,False,8362576,8494342.352372348,False,False,False,False,23486.65493277597,False,False,False,False
2023-03-21 00:00:00+00:00,38.24,39.355,37.0,37.05,22470,,,,,,,,,,,,,,,,,,,,,,,,,45.8602170694489,62.860072822373816,73.50098355782853,"rgba(239, 83, 80, 0.75)",0.0,0.0,5.498754097214298,67.63014682269016,-5.344873821067829,0.0,0.0,0.0,0.0,0.0,0.0,0.0,0.0,31.281071838803335,-15.789824917336944,False,True,False,True,True,0.0,0,0.9388110281447443,1.0411186944622766,False,False,False,False,-0.34282825441539394,-0.3346802511502428,False,False,False,False,8385046,8490056.220906766,False,False,False,False,23446.786111882797,False,False,False,False
2023-03-22 00:00:00+00:00,37.01,39.245,37.0,38.5,14406,,,,,,,,,,,,,,,,,,,,,,,,,45.64419699140383,62.78962871182724,73.46119393723697,"rgba(239, 83, 80, 0.75)",0.0,0.0,5.530729838778875,67.55161163546296,-5.5221666083415535,0.0,0.0,0.0,0.0,0.0,0.0,0.0,0.0,31.296004796998567,-15.789824917336944,False,True,False,True,True,0.0,0,0.930655482121674,1.044602270801559,False,False,False,False,-0.34282825441539394,-0.33875425278281834,False,False,False,False,8370640,8485373.2318516,False,False,False,False,23092.245480044254,False,False,False,False
2023-03-23 00:00:00+00:00,37.0,37.85,37.0,37.5,23205,,,,,,,,,,,,,,,,,,,,,,,,,45.30017032027071,62.67487867329286,73.39644909562381,"rgba(239, 83, 80, 0.75)",0.0,0.0,5.581345016140704,67.42443410125057,-5.451093600783697,0.0,0.0,0.0,0.0,0.0,0.0,0.0,0.0,31.298261815853856,-15.789824917336944,False,True,False,True,True,0.0,0,0.9225904938525996,1.062469606429013,False,False,False,False,-0.34282825441539394,-0.3407912535991061,False,False,False,False,8347435,8479963.889426047,False,False,False,False,23096.667225924873,False,False,False,False
2023-03-24 00:00:00+00:00,35.5,37.1,34.5,37.0,20942,,,,,,,,,,,,,,,,,,,,,,,,,44.95643717492574,62.56579950768638,73.33566381099037,"rgba(239, 83, 80, 0.75)",0.0,0.0,5.675634467054157,67.30070741670136,-5.603022464060654,0.0,0.0,0.0,0.0,0.0,0.0,0.0,0.0,30.168142640462825,-15.789824917336944,False,True,False,True,True,0.0,0,0.8924939525882919,1.0853199944709377,False,False,False,False,-0.34282825441539394,-0.34180975400725,False,False,False,False,8326493,8473945.423174046,False,False,False,False,23012.170471967034,False,False,False,False
2023-03-27 00:00:00+00:00,34.975,36.425,34.89,35.0,27146,,,,,,,,,,,,,,,,,,,,,,,,,44.53390677068526,62.42430416873961,73.25659904362709,"rgba(239, 83, 80, 1.0)",0.0,0.0,5.799549833416368,67.14309951697572,-5.546654557846313,0.0,0.0,0.0,0.0,0.0,0.0,0.0,0.0,29.04187320600811,-17.02797131742757,False,True,False,True,False,0.0,0,0.8828121512276784,1.09779541015625,False,False,False,False,-0.34282825441539394,-0.342319004211322,False,False,False,False,8299347,8467098.426186828,False,False,False,False,23174.28143385068,False,False,False,False
2023-03-28 00:00:00+00:00,35.0,35.5,34.5,34.97,13090,,,,,,,,,,,,,,,,,,,,,,,,,44.3342695129904,62.35552161215937,73.2181591252293,"rgba(239, 83, 80, 1.0)",0.0,0.0,5.931887491871858,67.06714380140374,-5.405892111970028,0.0,0.0,0.0,0.0,0.0,0.0,0.0,0.0,28.34215406630177,-17.90821895789597,False,True,False,True,False,0.0,0,0.8692016777104185,1.1123991963908078,False,False,False,False,-0.34282825441539394,-0.342573629313358,False,False,False,False,8312437,8461033.272218717,False,False,False,False,22778.819416836926,False,False,False,False
2023-03-29 00:00:00+00:00,33.355,35.5,33.115,35.5,38161,,,,,,,,,,,,,,,,,,,,,,,,,43.73913274924907,62.149624781872205,73.10358571773422,"rgba(239, 83, 80, 1.0)",0.0,0.0,6.1044123991378845,66.83951965850372,-5.4852977599011306,0.0,0.0,0.0,0.0,0.0,0.0,0.0,0.0,26.693123303442725,-19.64935380981826,False,True,False,True,False,0.0,0,0.8730743486397006,1.1183600834892757,False,False,False,False,-0.34282825441539394,-0.34270094186437594,False,False,False,False,8274276,8453709.457621906,False,False,False,False,23382.042184804108,False,False,False,False
2023-03-30 00:00:00+00:00,32.2,34.99,30.525,33.3,46407,,,,,,,,,,,,,,,,,,,,,,,,,43.00889247947948,61.89081895892869,72.96013358249934,"rgba(239, 83, 80, 1.0)",0.0,0.0,6.302847327394347,62.55153188300985,-4.815527063632278,0.0,0.0,0.0,0.0,0.0,0.0,0.0,0.0,24.873907239574628,-21.482527565956236,False,True,False,True,False,0.0,0,0.8560105410347422,1.1108239216951703,False,False,False,False,-0.34282825441539394,-0.3427645981398849,False,False,False,False,8227869,8444852.969087714,False,False,False,False,24284.98170696865,False,False,False,False
2023-03-31 00:00:00+00:00,35.5,35.7,32.755,33.5,35693,,,,,,,,,,,,,,,,,,,,,,,,,42.60870618623296,61.70872897675142,72.85613591979467,"rgba(239, 83, 80, 0.75)",0.0,0.0,6.410002823572533,62.41783566320802,-4.199348487682211,0.0,0.0,0.0,0.0,0.0,0.0,0.0,0.0,29.56517142628196,-24.358429464267893,False,True,False,True,True,0.0,0,0.8662335497144478,1.090028377851087,False,False,False,False,-0.29566421527993564,-0.3192144067099103,False,False,False,False,8263562,8437743.51931957,False,False,False,False,24732.354973362035,False,False,False,False
2023-04-03 00:00:00+00:00,38.125,38.4,34.5,34.56,40456,,,,,,,,,,,,,,,,,,,,,,,,,42.320394007448456,61.5229835816527,72.74617029184196,"rgba(239, 83, 80, 0.75)",0.0,0.0,6.465434551981453,62.31164472497329,-3.740915561129738,0.0,0.0,0.0,0.0,0.0,0.0,0.0,0.0,36.038650307078925,-18.50988747663368,False,True,False,True,True,0.0,0,0.8793525306640348,1.0774703933455516,False,False,False,False,-0.2266442059865289,-0.2729293063482196,False,False,False,False,8304018,8432499.381307038,False,False,False,False,25348.96850381843,False,False,False,False
2023-04-04 00:00:00+00:00,36.91,38.435,35.55,38.295,13690,,,,,,,,,,,,,,,,,,,,,,,,,42.22869652833626,61.46064977956587,72.70906644952503,"rgba(239, 83, 80, 0.75)",0.0,0.0,6.534073531796884,62.268853775695824,-3.881017508035617,0.0,0.0,0.0,0.0,0.0,0.0,0.0,0.0,39.09301349980175,-16.01769023178654,False,True,False,True,True,0.0,0,0.8750128074669286,1.0838973297308678,False,False,False,False,-0.21013733153975273,-0.24153331894398616,False,False,False,False,8290328,8426924.033020487,False,False,False,False,24891.754052688295,False,False,False,False
2023-04-05 00:00:00+00:00,33.96,36.0,33.075,35.69,17256,,,,,,,,,,,,,,,,,,,,,,,,,42.06214098684159,61.37417283186643,72.65898713476177,"rgba(239, 83, 80, 0.75)",0.0,0.0,6.658774274432762,62.18423023645079,-4.2386525016805905,0.0,0.0,0.0,0.0,0.0,0.0,0.0,0.0,38.552440013327974,-16.01769023178654,False,True,False,True,True,0.0,0,0.8578872554130607,1.089979842213186,False,False,False,False,-0.28588545972415763,-0.2637093893340719,False,False,False,False,8273072,8420890.61996086,False,False,False,False,24592.312717288754,False,False,False,False
2023-04-06 00:00:00+00:00,35.87,36.0,34.0,34.005,10188,,,,,,,,,,,,,,,,,,,,,,,,,41.978711332190215,61.32515103320743,72.6302092218193,"rgba(239, 83, 80, 0.5)",0.0,0.0,6.741875749495192,62.1410941359587,-3.896703990417769,0.0,0.0,0.0,0.0,0.0,0.0,0.0,0.0,40.455115080400354,-15.161308943155639,False,False,False,True,True,0.0,0,0.8696366125974299,1.0908640544905552,False,False,False,False,-0.27139391945528846,-0.2675516543946802,False,False,False,False,8283260,8415493.340746708,False,False,False,False,24027.43770876763,False,False,False,False
2023-04-10 00:00:00+00:00,35.335,35.95,34.55,35.0,9053,,,,,,,,,,,,,,,,,,,,,,,,,41.906156068727036,61.28172543981423,72.60466651725625,"rgba(239, 83, 80, 0.5)",0.0,0.0,6.821333980262219,62.102906823229524,-3.9241454678342165,0.0,0.0,0.0,0.0,0.0,0.0,0.0,0.0,41.24597651010866,-14.427732155973018,False,False,False,True,True,0.0,0,0.8583960795414337,1.099001839926403,False,False,False,False,-0.26360709496767704,-0.26557937468117865,False,False,False,False,8274207,8409952.699933112,False,False,False,False,23440.20485744341,False,False,False,False
2023-04-11 00:00:00+00:00,36.5,37.5,35.0,35.0,15966,,,,,,,,,,,,,,,,,,,,,,,,,41.80172426513912,61.20858422564804,72.56097489913824,"rgba(239, 83, 80, 0.5)",0.0,0.0,6.87113050024238,62.0456017619931,-3.717816414794039,0.0,0.0,0.0,0.0,0.0,0.0,0.0,0.0,43.144589252379376,-12.569515125476542,False,False,False,True,True,0.0,0,0.8636717688291251,1.0961301051426935,False,False,False,False,-0.2327600001347592,-0.2491696874079689,False,False,False,False,8290173,8405255.456798479,False,False,False,False,23147.098784602495,False,False,False,False
2023-04-12 00:00:00+00:00,36.495,37.5,36.0,37.5,9848,,,,,,,,,,,,,,,,,,,,,,,,,41.743028789888214,61.164282068094465,72.53432413173907,"rgba(239, 83, 80, 0.5)",0.0,0.0,6.912214255861047,62.011982917864756,-3.691578700157948,0.0,0.0,0.0,0.0,0.0,0.0,0.0,0.0,44.40501711584785,-11.283450373310998,False,False,False,True,True,0.0,1,0.8631824707486898,1.0892968918239896,False,False,False,False,-0.21750152348586968,-0.23333560544691928,False,False,False,False,8280325,8400356.223198539,False,False,False,False,22625.56549893181,False,False,False,False
2023-04-13 00:00:00+00:00,37.75,37.9,36.0,36.5,15050,,,,,,,,,,,,,,,,,,,,,,,,,41.665343693874,61.09840393728571,72.49429724299343,#000000,0.0,0.0,6.92501315118996,61.96484507170199,-3.4967218896242858,0.0,0.0,0.0,0.0,0.0,0.0,0.0,0.0,46.761945997480915,-8.94711585107553,True,False,False,False,True,0.0,1,0.8620935532884739,1.0943488170175817,False,False,False,False,-0.21142631921475488,-0.2223809623308371,False,False,False,False,8295375,8396239.31248487,False,False,False,False,22328.484498973703,False,False,False,False
2023-04-14 00:00:00+00:00,35.07,38.0,35.05,36.5,10144,,,,,,,,,,,,,,,,,,,,,,,,,41.60101346476296,61.052027153671425,72.46647130666805,#000000,0.0,0.0,6.984335086721811,61.92669366182645,-3.8452756530660657,0.0,0.0,0.0,0.0,0.0,0.0,0.0,0.0,45.457098930487106,-8.94711585107553,False,False,False,False,True,0.0,1,0.8526153348663409,1.0893931445817762,False,False,False,False,-0.22435509732893344,-0.22336802982988527,False,False,False,False,8285231,8391886.0453286,False,False,False,False,21850.66157744532,False,False,False,False
2023-04-17 00:00:00+00:00,34.025,37.195,33.875,37.0,33696,,,,,,,,,,,,,,,,,,,,,,,,,41.36059633139503,60.89303786119367,72.3717939858036,"rgba(239, 83, 80, 0.5)",0.0,0.0,7.063028242543331,61.784912994451,-3.930313180293176,0.0,0.0,0.0,0.0,0.0,0.0,0.0,0.0,43.62923043549543,-8.94711585107553,False,False,False,True,False,0.0,1,0.8386307099214431,1.1254360634274072,False,False,False,False,-0.2547680148797123,-0.2390680223547988,False,False,False,False,8251535,8386382.082766695,False,False,False,False,22315.18465283962,False,False,False,False
2023-04-18 00:00:00+00:00,34.265,36.0,34.005,35.0,17883,,,,,,,,,,,,,,,,,,,,,,,,,41.234775232318256,60.80855748402759,72.32137287460685,"rgba(239, 83, 80, 0.5)",0.0,0.0,7.12414304440379,61.70909400918331,-3.8522659972052917,0.0,0.0,0.0,0.0,0.0,0.0,0.0,0.0,42.74404784591475,-8.94711585107553,False,False,False,True,False,0.0,1,0.8335113489573722,1.1361133050378298,False,False,False,False,-0.2705372841074353,-0.25480265323111706,False,False,False,False,8269418,8381795.255991531,False,False,False,False,22141.373489983165,False,False,False,False
2023-04-19 00:00:00+00:00,33.28,34.5,33.0,33.5,10543,,,,,,,,,,,,,,,,,,,,,,,,,41.14989644245836,60.756794477754845,72.29079156028997,"rgba(239, 83, 80, 0.5)",0.0,0.0,7.217221403892401,61.659389958356726,-3.9321767159659418,0.0,0.0,0.0,0.0,0.0,0.0,0.0,0.0,41.19840223860834,-8.94711585107553,False,False,False,True,False,0.0,1,0.8241459227467811,1.1413692853144242,False,False,False,False,-0.3104835745286192,-0.2826431138798681,False,False,False,False,8258875,8376974.8537957845,False,False,False,False,21686.535313905395,False,False,False,False
2023-04-20 00:00:00+00:00,31.11,33.5,30.55,33.3,19839,,,,,,,,,,,,,,,,,,,,,,,,,40.9568319197985,60.65324205914604,72.23059733196416,"rgba(239, 83, 80, 0.5)",0.0,0.0,7.35103343718449,61.55111050809427,-4.141065439059338,0.0,0.0,0.0,0.0,0.0,0.0,0.0,0.0,38.326591852015284,-6.210165384479907,False,False,False,True,False,0.0,1,0.8005534428650544,1.1435477201402988,False,False,False,False,-0.34282825441539394,-0.31273568414763103,False,False,False,False,8239036,8371565.486980264,False,False,False,False,21614.082948654202,False,False,False,False
2023-04-21 00:00:00+00:00,30.3,32.085,30.3,31.5,14788,,,,,,,,,,,,,,,,,,,,,,,,,40.80558569684827,60.574345953480524,72.18493319911836,"rgba(239, 83, 80, 1.0)",0.0,0.0,7.516292813459804,61.467098909901324,-4.146605205971863,0.0,0.0,0.0,0.0,0.0,0.0,0.0,0.0,35.80190229491972,-8.661874657295236,False,True,False,True,False,0.0,1,0.8050623561725186,1.1548136738178307,False,False,False,False,-0.34282825441539394,-0.3277819692815125,False,False,False,False,8224248,8365788.330628097,False,False,False,False,21346.393421255998,False,False,False,False
2023-04-24 00:00:00+00:00,30.5,31.325,30.1,30.75,14450,,,,,,,,,,,,,,,,,,,,,,,,,40.65845797494388,60.4970015939446,72.14013696658294,"rgba(239, 83, 80, 1.0)",0.0,0.0,7.681814589496237,61.38516203040034,-4.02055551726428,0.0,0.0,0.0,0.0,0.0,0.0,0.0,0.0,34.46568089831051,-9.98984749143088,False,True,False,True,False,0.0,0,0.8215422942339874,1.156625209189107,False,False,False,False,-0.34282825441539394,-0.33530511184845324,False,False,False,False,8238698,8360804.396093663,False,False,False,False,21075.94662042243,False,False,False,False
2023-04-25 00:00:00+00:00,30.045,30.5,30.01,30.27,10557,,,,,,,,,,,,,,,,,,,,,,,,,40.54885375779642,60.43988645246721,72.10711091418926,"rgba(239, 83, 80, 1.0)",0.0,0.0,7.845180479553459,61.3243246104531,-3.987075210312241,0.0,0.0,0.0,0.0,0.0,0.0,0.0,0.0,33.19073389236877,-11.306833845444679,False,True,False,True,False,0.0,0,0.836660721901291,1.1352301011902455,False,False,False,False,-0.34282825441539394,-0.33906668313192356,False,False,False,False,8228141,8355601.909972344,False,False,False,False,20663.43890981763,False,False,False,False
2023-04-26 00:00:00+00:00,28.05,30.205,27.5,30.025,19736,,,,,,,,,,,,,,,,,,,,,,,,,40.31928519039758,60.32807039151485,72.04315783638641,"rgba(239, 83, 80, 1.0)",0.0,0.0,8.047930449658002,57.22868562975907,-3.6256135427958402,0.0,0.0,0.0,0.0,0.0,0.0,0.0,0.0,30.8209219322385,-13.661200807897089,False,True,False,True,False,0.0,0,0.800588445929816,1.1769312485079972,True,False,False,False,-0.34282825441539394,-0.3409474687736588,False,False,False,False,8208405,8349829.482130291,False,False,False,False,20627.068756491448,False,False,False,False
2023-04-27 00:00:00+00:00,29.35,29.91,28.28,28.3,24336,,,,,,,,,,,,,,,,,,,,,,,,,40.06181165677939,60.193832960801565,71.96563323836467,"rgba(239, 83, 80, 1.0)",0.0,0.0,8.206401340110348,57.106186464067775,-3.3822604225318753,0.0,0.0,0.0,0.0,0.0,0.0,0.0,0.0,31.615871014206633,-13.661200807897089,False,True,False,True,False,0.0,0,0.7967812475105551,1.153747709710826,False,False,False,False,-0.33491813739823645,-0.33793280308594764,False,False,False,False,8232741,8345237.776948712,False,False,False,False,20772.51704055061,False,False,False,False
2023-04-28 00:00:00+00:00,29.885,30.995,29.0,29.065,10986,,,,,,,,,,,,,,,,,,,,,,,,,39.95749423835414,60.135127028591484,71.93136444242542,"rgba(239, 83, 80, 1.0)",0.0,0.0,8.32729511581978,57.05864676312499,-3.2632020824507406,0.0,0.0,0.0,0.0,0.0,0.0,0.0,0.0,33.07667030584852,-13.661200807897089,False,True,False,True,False,0.0,0,0.8025090619398526,1.1451101374228239,False,False,False,False,-0.3058226796811532,-0.3218777413835504,False,False,False,False,8243727,8341256.962166409,False,False,False,False,20388.732058568236,False,False,False,False
2023-05-01 00:00:00+00:00,29.785,30.72,28.555,28.99,11656,,,,,,,,,,,,,,,,,,,,,,,,,39.84618261300841,60.072527614326134,71.8948304014125,"rgba(239, 83, 80, 0.75)",0.0,0.0,8.428553723200377,57.001668809993376,-3.229103082664938,0.0,0.0,0.0,0.0,0.0,0.0,0.0,0.0,33.94826933083918,-13.661200807897089,False,True,False,True,True,0.0,0,0.8016276365386158,1.152297297297297,False,False,False,False,-0.31589418692360866,-0.3188859641535795,False,False,False,False,8232071,8336975.159728511,False,False,False,False,20046.271977840068,False,False,False,False
2023-05-02 00:00:00+00:00,28.5,29.87,28.25,29.78,11334,,,,,,,,,,,,,,,,,,,,,,,,,39.731753795500246,60.01028115676837,71.8586827874336,"rgba(239, 83, 80, 0.75)",0.0,0.0,8.527773218318671,56.93629444345087,-3.3345509684012615,0.0,0.0,0.0,0.0,0.0,0.0,0.0,0.0,33.25020330279331,-13.661200807897089,False,True,False,True,True,0.0,0,0.809836853369947,1.1521620966764932,False,False,False,False,-0.3354119698044428,-0.3271489669790112,False,False,False,False,8220737,8332416.800523472,False,False,False,False,19704.61425321889,False,False,False,False
2023-05-03 00:00:00+00:00,29.205,30.0,29.0,29.88,9724,,,,,,,,,,,,,,,,,,,,,,,,,39.6401500215065,59.95797727516142,71.8280989222151,"rgba(239, 83, 80, 0.75)",0.0,0.0,8.576351889862549,56.886232381491574,-3.227623205877484,0.0,0.0,0.0,0.0,0.0,0.0,0.0,0.0,34.16892271515442,-13.661200807897089,False,True,False,True,True,0.0,0,0.8283355770407538,1.1404148818994,False,False,False,False,-0.3198017032919214,-0.32347533513546634,False,False,False,False,8230461,8328418.533836277,False,False,False,False,19313.217615837755,False,False,False,False
2023-05-04 00:00:00+00:00,29.895,30.0,29.0,30.0,8083,,,,,,,,,,,,,,,,,,,,,,,,,39.56691551490018,59.914962167756215,71.80284747388971,"rgba(239, 83, 80, 0.5)",0.0,0.0,8.630970380653727,56.8464996606487,-3.1226500001738327,0.0,0.0,0.0,0.0,0.0,0.0,0.0,0.0,36.09457548316122,-13.661200807897089,False,False,False,True,True,0.0,0,0.8247312579676768,1.1385450507875146,False,False,False,False,-0.3198017032919214,-0.3216385192136939,False,False,False,False,8238544,8324894.042313286,False,False,False,False,18872.81692502059,False,False,False,False
2023-05-05 00:00:00+00:00,30.5,30.75,29.5,29.755,10191,,,,,,,,,,,,,,,,,,,,,,,,,39.481747674065026,59.8620063730572,71.77151980900557,"rgba(239, 83, 80, 0.5)",0.0,0.0,8.683336028081998,56.80178346788581,-3.0289952367184196,0.0,0.0,0.0,0.0,0.0,0.0,0.0,0.0,38.50030339839183,-16.247428692306542,True,False,False,True,True,0.0,0,0.8397064342604562,1.1300195988490886,False,False,False,False,-0.29788244254391966,-0.3097604808788068,False,False,False,False,8248735,8321907.413202961,False,False,False,False,18532.353516196254,False,False,False,False
2023-05-08 00:00:00+00:00,30.5,30.79,29.85,30.4,10079,,,,,,,,,,,,,,,,,,,,,,,,,39.400198378775045,59.810047311943606,71.74067972548045,"rgba(239, 83, 80, 0.5)",0.0,0.0,8.734568615616412,56.75824954870723,-3.006244578783258,0.0,0.0,0.0,0.0,0.0,0.0,0.0,0.0,40.104122008545566,-14.642154401101024,True,False,False,True,True,0.0,0,0.8499873193000254,1.1193253867613493,False,False,False,False,-0.29110104795330666,-0.30043076441605676,False,False,False,False,8248735,8319037.906802844,False,False,False,False,18200.849456737575,False,False,False,False
2023-05-09 00:00:00+00:00,30.025,30.25,29.0,30.0,20180,,,,,,,,,,,,,,,,,,,,,,,,,39.23028075874239,59.70437834809093,71.67814414245619,"rgba(239, 83, 80, 0.5)",0.0,0.0,8.744494977665935,56.66143761229269,-3.046080726253952,0.0,0.0,0.0,0.0,0.0,0.0,0.0,0.0,40.44348318022863,-14.198221426059852,True,False,False,True,True,0.0,0,0.8347683829860512,1.1378508696400893,False,False,False,False,-0.31539462371843235,-0.30791269406724453,False,False,False,False,8228555,8315489.557516458,False,False,False,False,18278.46320353218,False,False,False,False
2023-05-10 00:00:00+00:00,31.57,32.0,29.175,29.175,14886,,,,,,,,,,,,,,,,,,,,,,,,,39.123571572023366,59.629897891347596,71.63340289553504,"rgba(239, 83, 80, 0.5)",0.0,0.0,8.720370168397913,56.60252589982751,-2.870580653851582,0.0,0.0,0.0,0.0,0.0,0.0,0.0,0.0,43.67582706624981,-11.033683983589292,True,False,False,True,True,0.0,0,0.8211194711433915,1.1414343495846562,False,False,False,False,-0.28184041617387473,-0.29487655512055966,False,False,False,False,8243441,8312664.123888363,False,False,False,False,18145.425430844647,False,False,False,False
2023-05-11 00:00:00+00:00,32.17,32.995,30.82,31.81,18034,,,,,,,,,,,,,,,,,,,,,,,,,39.01444222735984,59.54355572719425,71.58076560715475,#000000,0.0,0.0,8.704122482950744,56.543014450668316,-2.800169057640114,0.0,0.0,0.0,0.0,0.0,0.0,0.0,0.0,46.85140371775363,-8.039006776347641,True,False,False,False,True,0.0,0,0.8251160346790437,1.1336807075926087,False,False,False,False,-0.22638251798697506,-0.26062953655376736,False,False,False,False,8261475,8310656.70726529,False,False,False,False,18141.055806105644,False,False,False,False
2023-05-12 00:00:00+00:00,29.705,31.5,29.565,30.995,18902,,,,,,,,,,,,,,,,,,,,,,,,,38.876138030976094,59.447960962048995,71.52332852178901,#000000,0.0,0.0,8.691659472586226,56.45929591395047,-3.0781573988643234,0.0,0.0,0.0,0.0,0.0,0.0,0.0,0.0,45.115806938740285,-8.039006776347641,True,False,False,False,True,0.0,0,0.8268210323203087,1.121650660000877,False,False,False,False,-0.2778724877206884,-0.2692510121372279,False,False,False,False,8242573,8307986.757960769,False,False,False,False,18170.896754885813,False,False,False,False
2023-05-15 00:00:00+00:00,30.885,30.885,29.995,30.0,9052,,,,,,,,,,,,,,,,,,,,,,,,,38.8139301011906,59.40291975242487,71.4960995305309,#000000,0.0,0.0,8.650882214554803,56.42132471604604,-2.9518752056388045,0.0,0.0,0.0,0.0,0.0,0.0,0.0,0.0,45.955505326755954,-8.039006776347641,True,False,False,False,True,0.0,1,0.8210080698505093,1.1241345857035763,False,False,False,False,-0.27887585143450677,-0.27406343178586734,False,False,False,False,8251625,8305776.4929427,False,False,False,False,17813.292960576568,False,False,False,False
2023-05-16 00:00:00+00:00,29.11,30.85,29.0,30.5,6903,,,,,,,,,,,,,,,,,,,,,,,,,38.76179328323486,59.3675544805121,71.47488515362299,"rgba(239, 83, 80, 0.5)",0.0,0.0,8.607793961980182,56.38875413248142,-3.169076101608509,0.0,0.0,0.0,0.0,0.0,0.0,0.0,0.0,44.209894166292585,-8.039006776347641,True,False,False,True,False,0.0,1,0.8201645726420103,1.1201114846929745,False,False,False,False,-0.2958171698518312,-0.28494030081884925,False,False,False,False,8244722,8303382.19910181,False,False,False,False,17385.438334671602,False,False,False,False
2023-05-17 00:00:00+00:00,29.91,30.5,28.8,29.275,7994,,,,,,,,,,,,,,,,,,,,,,,,,38.70269874902256,59.32681930938436,71.45039366641079,"rgba(239, 83, 80, 0.5)",0.0,0.0,8.539923751690955,56.35169183136886,-3.096244486507652,0.0,0.0,0.0,0.0,0.0,0.0,0.0,0.0,44.37305081869165,-8.039006776347641,True,False,False,True,False,0.0,1,0.8349137541768263,1.1211957012553058,False,False,False,False,-0.3049279707996196,-0.29493413580923444,False,False,False,False,8252716,8301395.289333113,False,False,False,False,17017.146635272715,False,False,False,False
2023-05-18 00:00:00+00:00,33.1,33.515,29.505,29.81,23347,,,,,,,,,,,,,,,,,,,,,,,,32.04,38.57767732779894,59.217699271260294,71.38296954037489,#000000,0.0,0.0,8.398083974422505,53.04684872218523,-2.3751666193069805,0.0,0.0,0.0,0.0,0.0,0.0,0.0,0.0,48.67583503193668,-6.42522518843154,True,False,False,False,True,0.0,0,0.8463721837857014,1.072378924960085,False,False,False,False,-0.201778345553233,-0.24835624068123374,False,False,False,False,8276063,8300401.86622201,False,False,False,False,17265.37617898751,False,False,False,False
2023-05-19 00:00:00+00:00,30.5,33.05985,30.5,32.25,20682,,,,,,,,,,,,,,,,,,,,,,,,31.71742455881351,38.45955352475543,59.119337303585496,71.32239494823685,#000000,0.0,0.0,8.3094975525953,52.95737444213047,-2.702615206272776,0.0,0.0,0.0,0.0,0.0,0.0,0.0,0.0,48.30940527947824,-6.42522518843154,True,False,False,False,True,0.0,1,0.8782622496423461,1.0654953505007152,False,False,False,False,-0.1579798630323144,-0.20316805185677406,False,False,False,False,8255381,8298636.342056441,False,False,False,False,17399.361426870353,False,False,False,False
2023-05-22 00:00:00+00:00,32.155,32.95,31.0,31.0,18147,,,,,,,,,,,,,,,,,,,,,,,,31.81011372394493,38.36868679738924,59.03570680190945,71.27029976218616,#000000,0.0,0.0,8.112825480638051,52.9040951461472,-2.5575670517832143,0.0,0.0,0.0,0.0,0.0,0.0,0.0,0.0,49.91827038407784,-5.155347476954098,True,False,False,False,True,0.0,1,0.9028824093962798,1.0487166948494124,False,False,False,False,-0.146160949874467,-0.17466450086562052,False,False,False,False,8273528,8297651.701191483,False,False,False,False,17428.680586600927,False,False,False,False
2023-05-23 00:00:00+00:00,31.5,33.5,31.5,32.0,14485,,,,,,,,,,,,,,,,,,,,,,,,31.87748395620546,38.299450591764014,58.969646094265535,71.22895545608257,#000000,0.0,0.0,7.961393466469216,52.862160278371924,-2.683218756658913,0.0,0.0,0.0,0.0,0.0,0.0,0.0,0.0,50.20920371340515,-4.736925207511511,True,False,False,False,True,0.0,1,0.9065643888709453,1.0270830065057903,False,False,False,False,-0.11454408971496574,-0.14460429529029312,False,False,False,False,8259043,8296137.634478092,False,False,False,False,17313.24213222442,False,False,False,False
2023-05-24 00:00:00+00:00,32.11,32.4,30.77,31.25,10786,,,,,,,,,,,,,,,,,,,,,,,,31.86299309943928,38.24553827062309,58.919922614485046,71.19790597390202,#000000,0.0,0.0,7.761460575837586,52.825648407197434,-2.6690399577223753,0.0,0.0,0.0,0.0,0.0,0.0,0.0,0.0,51.11264214153291,-3.6828468588444423,True,False,False,False,True,0.0,1,0.889292490303285,1.046589560259825,False,False,False,False,-0.1483586100835552,-0.14648145268692414,False,False,False,False,8269829,8295105.923322089,False,False,False,False,17057.271852529346,False,False,False,False
2023-05-25 00:00:00+00:00,30.035,32.115,29.575,32.115,10097,,,,,,,,,,,,,,,,,,,,,,,,31.729670021392053,38.186793970706766,58.87151613149801,71.16801211726106,#000000,0.0,0.0,7.521327218991741,52.78003419249334,-3.024071886549617,0.0,0.0,0.0,0.0,0.0,0.0,0.0,0.0,49.25770042108258,-3.6828468588444423,True,False,False,False,True,0.0,1,0.8885532466330354,1.025638450502152,False,False,False,False,-0.19936285470887385,-0.17292215369789898,False,False,False,False,8259732,8293718.710642792,False,False,False,False,16784.320015175254,False,False,False,False
2023-05-26 00:00:00+00:00,30.86,30.87,30.0,30.0,7616,,,,,,,,,,,,,,,,,,,,,,,,31.64616608881704,38.143085576378745,58.835115313000074,71.14549369337227,#000000,0.0,0.0,7.326977506953213,52.746671350850264,-2.987135053994649,0.0,0.0,0.0,0.0,0.0,0.0,0.0,0.0,49.06336757771342,-3.6828468588444423,True,False,False,False,True,0.0,1,0.8902247927691658,1.0454722989743828,False,False,False,False,-0.22694092471413063,-0.1999315392060148,False,False,False,False,8267348,8292684.565127389,False,False,False,False,16424.77805379583,False,False,False,False
2023-05-30 00:00:00+00:00,29.76,31.75,29.625,31.0,8513,,,,,,,,,,,,,,,,,,,,,,,,31.551217769977626,38.09355458578266,58.79425316632856,71.1202297300964,#000000,0.0,0.0,7.213044796980968,52.708720493449924,-3.1815580159789314,0.0,0.0,0.0,0.0,0.0,0.0,0.0,0.0,47.673460910925236,-3.6828468588444423,True,False,False,False,False,0.0,1,0.8862817045878403,1.0343141551659827,False,False,False,False,-0.2073878435346792,-0.203659691370347,False,False,False,False,8258835,8291357.131200824,False,False,False,False,16114.512247764624,False,False,False,False
2023-05-31 00:00:00+00:00,29.6,30.9,28.5,30.135,11405,,,,,,,,,,,,,,,,,,,,,,,,31.37937855498169,38.02214877076909,58.738326635777454,71.08584187228823,"rgba(239, 83, 80, 0.5)",0.0,0.0,7.101360212302703,52.65237114062121,-3.2461909340529282,0.0,0.0,0.0,0.0,0.0,0.0,0.0,0.0,46.56314818228727,-3.6828468588444423,True,False,False,True,False,0.0,1,0.8825942423105775,1.0476355026256563,False,False,False,False,-0.27688117408375784,-0.24027043272705242,False,False,False,False,8247430,8289634.498604713,False,False,False,False,15929.825492950325,False,False,False,False
2023-06-01 00:00:00+00:00,30.015,30.75,29.1,29.85,11944,,,,,,,,,,,,,,,,,,,,,,,,31.2552176358541,37.95119034182099,58.680565401038976,71.05014022717462,"rgba(239, 83, 80, 0.5)",0.0,0.0,6.958430629088062,52.598174088541576,-3.2454407167814527,0.0,0.0,0.0,0.0,0.0,0.0,0.0,0.0,46.450762465874476,-3.6828468588444423,True,False,False,True,False,0.0,1,0.8874767546136781,1.0432798414121867,False,False,False,False,-0.25930010153692123,-0.24978526713198684,False,False,False,False,8259374,8288447.81238492,False,False,False,False,15773.518610873842,False,False,False,False
2023-06-02 00:00:00+00:00,29.5,30.995,29.5,30.0,9877,,,,,,,,,,,,,,,,,,,,,,,,31.17070891723792,37.89376086812047,58.63304680692393,71.02069488897186,"rgba(239, 83, 80, 0.5)",0.0,0.0,6.763044457442554,52.55480029904892,-3.4089381556079696,0.0,0.0,0.0,0.0,0.0,0.0,0.0,0.0,45.695477794663475,-0.3935625034214354,True,False,False,True,False,0.0,1,0.8904772543613633,1.0402134334743547,False,False,False,False,-0.22638834400303726,-0.23808680556751205,False,False,False,False,8249497,8286920.329546296,False,False,False,False,15542.282586918005,False,False,False,False
2023-06-05 00:00:00+00:00,29.96,30.495,29.5,30.0,10860,,,,,,,,,,,,,,,,,,,,,,,,31.08908568914187,37.831460554963584,58.58095612638275,70.98835723883796,"rgba(239, 83, 80, 0.5)",0.0,0.0,6.525158054073618,52.50796383270656,-3.4555429379415563,0.0,0.0,0.0,0.0,0.0,0.0,0.0,0.0,45.96553309809069,-0.3935625034214354,True,False,False,True,False,0.0,1,0.890628026203361,1.0316609702838697,False,False,False,False,-0.24176499147091046,-0.23992589851921126,False,False,False,False,8260357,8285878.630348402,False,False,False,False,15358.66366194083,False,False,False,False
2023-06-06 00:00:00+00:00,30.6,30.75,29.45,29.9,8139,,,,,,,,,,,,,,,,,,,,,,,,31.048737593179744,37.787062523958554,58.542424220909794,70.9643215112399,#000000,0.0,0.0,6.274278399341525,52.47510207384444,-3.486472974508143,0.0,0.0,0.0,0.0,0.0,0.0,0.0,0.0,47.21237071472285,-0.3935625034214354,True,False,False,False,False,0.0,1,0.912812169566471,1.022395943477843,False,False,False,False,-0.2329769995979971,-0.23645144905860416,False,False,False,False,8268496,8285196.958570034,False,False,False,False,15075.539596766681,False,False,False,False
2023-06-07 00:00:00+00:00,30.35,31.35,29.875,29.9,10102,,,,,,,,,,,,,,,,,,,,,,,,31.018676245643938,37.734544214752674,58.49518024934651,70.93471729269035,#000000,0.0,0.0,6.07208116733579,52.43664380739828,-3.637409184549669,0.0,0.0,0.0,0.0,0.0,0.0,0.0,0.0,47.62834161047428,-0.3935625034214354,True,False,False,False,True,0.0,1,0.9130984899490238,1.0101457151101279,False,False,False,False,-0.18953473231046475,-0.21299309068453445,False,False,False,False,8258394,8284145.862155524,False,False,False,False,14880.498828266027,False,False,False,False
2023-06-08 00:00:00+00:00,29.055,30.5,28.25,30.0,34049,,,,,,,,,,,,,,,,,,,,,,,,30.734945183742838,37.533089337578154,58.33000847486107,70.83216100921778,"rgba(239, 83, 80, 0.5)",0.0,0.0,5.9447010949348345,52.28262857106207,-3.9072828389728635,0.0,0.0,0.0,0.0,0.0,0.0,0.0,0.0,45.88710129339998,-0.7955427112112048,True,False,False,True,False,0.0,1,0.9023935563581068,1.0093123930811632,False,False,False,False,-0.2959861783431089,-0.25448963451382167,False,False,False,False,8224345,8281800.730306288,False,False,False,False,15632.204756569321,False,False,False,False
2023-06-09 00:00:00+00:00,27.775,30.0,27.59,29.0,24462,,,,,,,,,,,,,,,,,,,,,,,,30.497122569516993,37.38050529518118,58.20920212039676,70.75735635456319,"rgba(239, 83, 80, 0.5)",0.0,0.0,5.801076187048338,52.16497772865556,-4.2043884517685495,0.0,0.0,0.0,0.0,0.0,0.0,0.0,0.0,43.03554657303637,-3.54641837541498,True,False,False,True,False,0.0,1,0.9093054301867072,1.01406100052259,False,False,False,False,-0.34282825441539394,-0.29865894446460783,False,False,False,False,8199883,8278588.270294277,False,False,False,False,15978.47123670386,False,False,False,False
2023-06-12 00:00:00+00:00,28.5,29.0,27.885,28.0,13244,,,,,,,,,,,,,,,,,,,,,,,,30.388315167134195,37.30007568385302,58.144217561827695,70.71697273649511,"rgba(239, 83, 80, 0.5)",0.0,0.0,5.651162937799701,52.10326246365852,-4.176708886905414,0.0,0.0,0.0,0.0,0.0,0.0,0.0,0.0,42.58330693116461,-3.986000787340565,False,False,False,True,False,0.0,1,0.9336292338610851,1.0182329297583452,False,False,False,False,-0.34282825441539394,-0.32074359944000086,False,False,False,False,8213127,8276021.161655285,False,False,False,False,15871.23707055861,False,False,False,False
2023-06-13 00:00:00+00:00,27.98,28.83,27.765,28.0,17192,,,,,,,,,,,,,,,,,,,,,,,,30.245778052088404,37.19468480661732,58.05952009445914,70.66433152739141,"rgba(239, 83, 80, 0.5)",0.0,0.0,5.55858112931552,52.022287278244576,-4.325256161405551,0.0,0.0,0.0,0.0,0.0,0.0,0.0,0.0,41.561036487865636,-5.009589291832405,False,False,False,True,False,0.0,1,0.9139786080144621,1.0330907903987145,False,False,False,False,-0.34282825441539394,-0.33178592692769737,False,False,False,False,8195935,8272880.527864883,False,False,False,False,15923.031695242587,False,False,False,False
2023-06-14 00:00:00+00:00,27.945,29.0,27.945,28.5,15857,,,,,,,,,,,,,,,,,,,,,,,,30.13571174520306,37.10072587430089,57.982096278644406,70.61601318972892,"rgba(239, 83, 80, 0.5)",0.0,0.0,5.362003922329277,51.950240484184164,-4.476915875465489,0.0,0.0,0.0,0.0,0.0,0.0,0.0,0.0,40.82911985293232,-5.77668858913583,False,False,False,True,False,0.0,1,0.8952685448436287,1.060220728870509,False,False,False,False,-0.32799328564248026,-0.3298896062850888,False,False,False,False,8180078,8269241.213046652,False,False,False,False,15920.44221699778,False,False,False,False
2023-06-15 00:00:00+00:00,28.5,29.0,28.0,28.03,13298,,,,,,,,,,,,,,,,,,,,,,,,30.06175204826897,37.02523121057963,57.91791959587679,70.57577162603414,"rgba(239, 83, 80, 0.5)",0.0,0.0,5.043185887999017,51.89238543813051,-4.638414279710776,0.0,0.0,0.0,0.0,0.0,0.0,0.0,0.0,41.605785010821386,-5.77668858913583,False,False,False,True,False,0.0,0,0.882183992834185,1.061171294588756,False,False,False,False,-0.3255910543473539,-0.32774033031622135,False,False,False,False,8193376,8266266.106652666,False,False,False,False,15817.601345742967,False,False,False,False
2023-06-16 00:00:00+00:00,28.5,29.0,28.5,29.0,8844,,,,,,,,,,,,,,,,,,,,,,,,30.021024872089416,36.97671941663418,57.87563350819995,70.54915686960983,"rgba(239, 83, 80, 0.5)",0.0,0.0,4.763674916671297,51.85517359066803,-4.902763937340182,0.0,0.0,0.0,0.0,0.0,0.0,0.0,0.0,42.12356178274743,-5.77668858913583,False,False,False,True,False,0.0,1,0.9203238313674093,1.0467436653560505,False,False,False,False,-0.30456426481115695,-0.3161522975636891,False,False,False,False,8193376,8263407.6710976595,False,False,False,False,15544.126783164811,False,False,False,False
2023-06-20 00:00:00+00:00,27.5,30.0,27.5,29.665,32902,,,,,,,,,,,,,,,,,,,,,,,,29.855686900720965,36.79403743855671,57.717602796881266,70.44965343036493,"rgba(239, 83, 80, 0.5)",0.0,0.0,4.556713800280778,51.714205631006564,-5.313962362418838,0.0,0.0,0.0,0.0,-1.0,28.5,28.0,0.0,40.74185617906491,-6.040804549794025,False,False,False,True,False,0.0,1,0.9002374483807866,1.0360774831558355,False,False,False,False,-0.30456426481115695,-0.31035828118742304,False,False,False,False,8160474,8259371.0565448105,False,False,False,False,16224.827693628937,False,False,False,False
2023-06-21 00:00:00+00:00,26.55,28.0,26.25,28.0,21273,,,,,,,,,,,,,,,,,,,,,,,,29.681608010263567,36.661104809305236,57.61149849029023,70.38343786464313,"rgba(239, 83, 80, 1.0)",0.0,0.0,4.320675880354223,51.611177075201326,-5.800290919564818,0.0,0.0,0.0,0.0,0.0,0.0,0.0,0.0,38.40972890698538,-8.292769696324015,False,True,False,True,False,0.0,1,0.8811286131860993,1.057051531882646,False,False,False,False,-0.34282825441539394,-0.3265932678014085,False,False,False,False,8139201,8254658.50530776,False,False,False,False,16422.795235055255,False,False,False,False
2023-06-22 00:00:00+00:00,26.755,27.465,26.0,26.93,8850,,,,,,,,,,,,,,,,,,,,,,,,29.610473327759127,36.605773703731245,57.56729524939284,70.35582785350516,"rgba(239, 83, 80, 1.0)",0.0,0.0,4.080151078064579,51.56828274772452,-6.0814617579049814,0.0,0.0,0.0,0.0,0.0,0.0,0.0,0.0,37.42420348013091,-9.232097122550392,False,True,False,True,False,0.0,0,0.8721174796080361,1.0805260852904142,False,False,False,False,-0.34282825441539394,-0.33471076110840126,False,False,False,False,8148051,8250477.818825102,False,False,False,False,16125.822872896228,False,False,False,False
2023-06-23 00:00:00+00:00,25.575,27.48,25.1,27.0,34565,,,,,,,,,,,,,,,,,,,,,,,,29.30335947971386,36.380782393872074,57.392030841145655,70.24663010148757,"rgba(239, 83, 80, 1.0)",0.0,0.0,3.9206030711426547,51.39407086342501,-6.585484527486245,0.0,0.0,0.0,0.0,0.0,0.0,0.0,0.0,35.109158825563505,-11.415019983170971,False,True,False,True,False,0.0,0,0.8527338285528383,1.0795949682806483,False,False,False,False,-0.34282825441539394,-0.3387695077618976,False,False,False,False,8113486,8245105.590635883,False,False,False,False,16848.927858272848,False,False,False,False
2023-06-26 00:00:00+00:00,26.045,26.8,25.505,25.65,7532,,,,,,,,,,,,,,,,,,,,,,,,29.244540434192345,36.33332249991815,57.35417630659823,70.22294128809514,"rgba(239, 83, 80, 1.0)",0.0,0.0,3.781384593168653,51.35727569720683,-6.693917287052817,0.0,0.0,0.0,0.0,0.0,0.0,0.0,0.0,34.907797550356044,-11.604400494960998,False,True,False,True,False,0.0,0,0.856182185350944,1.091909726012444,False,False,False,False,-0.34282825441539394,-0.34079888108864576,False,False,False,False,8121018,8240239.410610947,False,False,False,False,16483.55813834058,False,False,False,False
2023-06-27 00:00:00+00:00,25.645,25.995,25.05,25.54,17116,,,,,,,,,,,,,,,,,,,,,,,,29.096351554229077,36.221334126147596,57.26697626949426,70.16853023062056,"rgba(239, 83, 80, 1.0)",0.0,0.0,3.712273653125202,51.27060465986629,-6.902940638089329,0.0,0.0,0.0,0.0,0.0,0.0,0.0,0.0,34.182068023054555,-12.358215974688676,False,True,False,True,False,0.0,0,0.8580095923261389,1.103450448943171,False,False,False,False,-0.34282825441539394,-0.3418135677520199,False,False,False,False,8103902,8234892.845488949,False,False,False,False,16508.359779974282,False,False,False,False
2023-06-28 00:00:00+00:00,26.0,27.05,25.505,26.0,10491,,,,,,,,,,,,,,,,,,,,,,,,29.026246569652464,36.15777348988589,57.21480777303063,70.13570915903675,"rgba(239, 83, 80, 1.0)",0.0,0.0,3.709695478142704,51.22116659662989,-6.798716160189278,0.0,0.0,0.0,0.0,0.0,0.0,0.0,0.0,34.77018217202007,-12.358215974688676,False,True,False,True,False,0.0,0,0.8736896904870276,1.0843747155211652,False,False,False,False,-0.2849028813715988,-0.31335822456180934,False,False,False,False,8114393,8230167.361352127,False,False,False,False,16272.384886641958,False,False,False,False
2023-06-29 00:00:00+00:00,27.195,27.25,26.085,26.5,9203,,,,,,,,,,,,,,,,,,,,,,,,28.98108958163812,36.10631271080094,57.1701559554516,70.107388560239,"rgba(239, 83, 80, 0.75)",0.0,0.0,3.649981330325352,51.18086136579159,-6.571502480439685,0.0,0.0,0.0,0.0,0.0,0.0,0.0,0.0,38.37329380505298,-15.179581871837598,False,True,False,True,True,0.0,0,0.8767986457795375,1.0681109772192574,False,False,False,False,-0.2428114312492191,-0.27808482790551425,False,False,False,False,8123596,8225988.092279495,False,False,False,False,15995.154106773645,False,False,False,False
2023-06-30 00:00:00+00:00,27.0,27.5,26.55,27.5,8603,,,,,,,,,,,,,,,,,,,,,,,,28.943822462756625,36.05960916327083,57.12877172502262,70.0810537748627,"rgba(239, 83, 80, 0.5)",0.0,0.0,3.6017895602114205,51.14413305017599,-6.703371378742838,0.0,0.0,0.0,0.0,0.0,0.0,0.0,0.0,40.37601017248214,-13.356010264929346,False,False,False,True,True,0.0,0,0.892993590113761,1.048332274643414,False,False,False,False,-0.190137544298006,-0.23411118610176013,False,False,False,False,8114993,8221635.343562651,False,False,False,False,15705.265710429581,False,False,False,False
2023-07-03 00:00:00+00:00,26.0,27.0,25.75,27.0,10396,,,,,,,,,,,,,,,,,,,,,,,,28.88345090235846,35.99907747762426,57.07764429113689,70.04870754589068,"rgba(239, 83, 80, 0.75)",0.0,0.0,3.5873515639333724,51.096740331009265,-6.995896522472918,0.0,0.0,0.0,0.0,0.0,0.0,0.0,0.0,39.80083593281141,-13.356010264929346,False,True,False,True,True,0.0,0,0.9102886257878304,1.0434099075219412,False,False,False,False,-0.25473264682824187,-0.244421916465001,False,False,False,False,8104597,8217045.60459941,False,False,False,False,15497.059211981363,False,False,False,False
2023-07-05 00:00:00+00:00,26.2,27.0,26.0,26.0,42477,,,,,,,,,,,,,,,,,,,,,,,,28.675119292497616,35.763011083291936,56.87149808305809,69.91748962728458,"rgba(239, 83, 80, 0.75)",0.0,0.0,3.526180240728215,50.91039054554006,-7.007693554665531,0.0,0.0,0.0,0.0,0.0,0.0,0.0,0.0,39.98228764350775,-13.356010264929346,False,True,False,True,True,0.0,1,0.9153965517241379,1.026989892984542,False,False,False,False,-0.2421638138946024,-0.2432928651798017,False,False,False,False,8147074,8214301.620105315,False,False,False,False,16555.096105629153,False,False,False,False
2023-07-06 00:00:00+00:00,25.0,26.495,24.44,26.45,23347,,,,,,,,,,,,,,,,,,,,,,,,28.526872397635657,35.62362384374526,56.75536280055731,69.8439072948747,"rgba(239, 83, 80, 1.0)",0.0,0.0,3.4901014815279203,50.800773731041794,-7.3925568834023005,0.0,0.0,0.0,0.0,-1.0,26.0,25.0,0.0,38.02947272270325,-13.356010264929346,False,True,False,True,False,0.0,1,0.9002101730837159,1.02372365477452,False,False,False,False,-0.34282825441539394,-0.2930605597975978,False,False,False,False,8123727,8210749.6742188325,False,False,False,False,16821.44527795742,False,False,False,False
2023-07-07 00:00:00+00:00,22.65,25.0,16.665,24.625,42667,,,,,,,,,,,,,,,,,,,,,,,,27.998459390170904,35.28610974066494,56.51944329114289,69.69841798042965,"rgba(239, 83, 80, 1.0)",0.0,0.0,3.5507063210564804,47.836111839053395,-7.093268088575542,0.0,0.0,0.0,0.0,0.0,0.0,0.0,0.0,33.891335304356105,-12.062534092398394,False,True,False,True,False,0.0,1,0.8258135273511181,1.0289393694421989,False,False,False,False,-0.34282825441539394,-0.31794440710649585,False,False,False,False,8081060,8205663.804641624,False,False,False,False,17834.996443527718,False,False,False,False
2023-07-10 00:00:00+00:00,21.455,23.33,21.13,22.56,34208,,,,,,,,,,,,,,,,,,,,,,,,27.65857695913896,35.03687667429297,56.335401848890704,69.58368510125703,"rgba(239, 83, 80, 1.0)",0.0,0.0,3.6071756713994994,47.66240591180293,-7.265353367621009,0.0,0.0,0.0,0.0,0.0,0.0,0.0,0.0,30.087445791556114,-15.481577172262732,False,True,False,True,False,0.0,0,0.9004535602037498,1.0439996748672373,False,False,False,False,-0.25642328170347456,-0.28718384440498523,False,False,False,False,8046852,8199435.89073411,False,False,False,False,18477.075014369766,False,False,False,False
2023-07-11 00:00:00+00:00,19.95,22.0,19.675,22.0,46612,,,,,,,,,,,,,,,,,,,,,,,,27.150708745772025,34.676348874288976,56.077454229405845,69.42356563202043,"rgba(239, 83, 80, 1.0)",0.0,0.0,3.734840382760263,47.3744490771068,-7.342870448679937,0.0,0.0,0.0,0.0,0.0,0.0,0.0,0.0,26.465096147682694,-18.657892573946423,False,True,False,True,False,0.0,0,0.8793319674340863,1.0574200679355152,False,False,False,False,-0.34251088562928983,-0.3148473650171375,False,False,False,False,8000240,8191624.287175911,False,False,False,False,19580.40540596311,False,False,False,False
2023-07-12 00:00:00+00:00,19.5,20.25,18.685,20.25,79245,,,,,,,,,,,,,,,,,,,,,,,,26.32060225199211,34.05976992653477,55.63447766864871,69.14786358525816,"rgba(239, 83, 80, 1.0)",0.0,0.0,3.8613902271719023,46.88495368126133,-7.091993315919842,0.0,0.0,0.0,0.0,0.0,0.0,0.0,0.0,23.758582139413075,-20.964590282183227,False,True,False,True,False,0.0,0,0.8602442987920479,1.0884009533611396,False,False,False,False,-0.34282825441539394,-0.32883780971626575,False,False,False,False,7920995,8181011.373953326,False,False,False,False,21920.193429258674,False,False,False,False
2023-07-13 00:00:00+00:00,19.95,20.3,19.025,19.755,47822,,,,,,,,,,,,,,,,,,,,,,,,25.918399351365903,33.71800086302202,55.37433527925846,68.98388301490193,"rgba(239, 83, 80, 1.0)",0.0,0.0,3.986547647295385,46.62245082673968,-6.690613830951002,0.0,0.0,0.0,0.0,0.0,0.0,0.0,0.0,23.25202066730428,-21.297866633771385,False,True,False,True,False,0.0,0,0.8674708745829456,1.0857063939178468,False,False,False,False,-0.3317860279328433,-0.3303119188245545,False,False,False,False,7968817,8172690.025955156,False,False,False,False,22935.950549679903,False,False,False,False
2023-07-14 00:00:00+00:00,20.82,21.05,20.01,20.34,58131,,,,,,,,,,,,,,,,,,,,,,,,25.55148755573209,33.34844428090927,55.07073659613167,68.78950389169907,"rgba(239, 83, 80, 1.0)",0.0,0.0,4.079818564903932,46.34348117339449,-6.25603339152301,0.0,0.0,0.0,0.0,0.0,0.0,0.0,0.0,25.300684227908004,-21.297866633771385,False,True,False,True,False,0.0,0,0.8802447879421309,1.0679338797513613,False,False,False,False,-0.2835551091937433,-0.3069335140091489,False,False,False,False,8026948,8166974.652388289,False,False,False,False,24316.148567339515,False,False,False,False
2023-07-17 00:00:00+00:00,20.405,21.1,19.75,20.5,25710,,,,,,,,,,,,,,,,,,,,,,,,25.398757540713074,33.189001472932276,54.93734549610248,68.70366229187626,"rgba(239, 83, 80, 0.75)",0.0,0.0,4.173964345843488,46.22125278661146,-6.185067874937592,0.0,0.0,0.0,0.0,0.0,0.0,0.0,0.0,26.214888765845473,-21.297866633771385,False,True,False,True,True,0.0,0,0.8744266901757671,1.07443771006667,False,False,False,False,-0.2893209416080515,-0.29812722780860024,False,False,False,False,8001238,8160475.175824042,False,False,False,False,24370.809407836005,False,False,False,False
2023-07-18 00:00:00+00:00,20.5,20.85,20.135,20.785,15956,,,,,,,,,,,,,,,,,,,,,,,,25.30984875427816,33.09259366022601,54.855258970583435,68.6506251415085,"rgba(239, 83, 80, 0.75)",0.0,0.0,4.279261278550589,46.14707925669983,-5.9933426793202615,0.0,0.0,0.0,0.0,0.0,0.0,0.0,0.0,27.099488031239837,-21.297866633771385,False,True,False,True,True,0.0,0,0.8782870882157858,1.0774358832633206,False,False,False,False,-0.285612209237629,-0.2918697185231146,False,False,False,False,8017194,8154856.306183884,False,False,False,False,24040.816882038514,False,False,False,False
2023-07-19 00:00:00+00:00,19.6,20.795,19.55295,20.55,32166,,,,,,,,,,,,,,,,,,,,,,,,25.122004757415446,32.89490183860815,54.68851312043159,68.54292673338637,"rgba(239, 83, 80, 0.75)",0.0,0.0,4.413234066751987,45.992968826514804,-5.980414459625357,0.0,0.0,0.0,0.0,0.0,0.0,0.0,0.0,26.66175700503167,-21.297866633771385,False,True,False,True,True,0.0,0,0.8663136988050573,1.0863424322610706,False,False,False,False,-0.3031824167231737,-0.29752606762314415,False,False,False,False,7985028,8148196.372608046,False,False,False,False,24359.451514115433,False,False,False,False
2023-07-20 00:00:00+00:00,19.385,20.45,19.25,19.835,74185,,,,,,,,,,,,,,,,,,,,,,,,24.713852766871153,32.45126218432985,54.306820224444586,68.29488753779077,"rgba(239, 83, 80, 0.75)",0.0,0.0,4.495650027658244,45.642670599920606,-5.840683869602292,0.0,0.0,0.0,0.0,0.0,0.0,0.0,0.0,26.13535161330251,-21.297866633771385,False,True,False,True,True,0.0,0,0.8594988207189672,1.0903391556028112,False,False,False,False,-0.32124165036058416,-0.30938385899186416,False,False,False,False,7910843,8138888.397211652,False,False,False,False,26313.39459199326,False,False,False,False
2023-07-21 00:00:00+00:00,19.0,24.56,18.95,21.375,1002867,,,,,,,,,,,,,,,,,,,,,,,,22.759215139624086,28.822795106234135,50.00574983120049,65.246431792314,"rgba(239, 83, 80, 0.75)",0.0,0.0,4.514630823055293,42.33399209044179,-5.168527174199911,0.0,0.0,0.0,0.0,0.0,0.0,0.0,0.0,25.357878233142102,-21.297866633771385,False,True,False,True,True,0.0,0,0.8740256090223739,1.0400207546662403,False,False,False,False,-0.21752203221848565,-0.2634529456051749,False,False,False,False,6907976,8090617.322811196,False,False,False,False,64609.6144119151,False,False,False,False
2023-07-24 00:00:00+00:00,17.205,19.25,16.725,19.15,178392,,,,,,,,,,,,,,,,,,,,,,,,22.345051682780806,28.238630820265243,49.28438254854376,64.70959709679197,"rgba(239, 83, 80, 1.0)",0.0,0.0,4.606707123590017,39.40143590025369,-4.8182867512002705,0.0,0.0,0.0,0.0,0.0,0.0,0.0,0.0,23.19414400251332,-22.002401854782406,False,True,False,True,False,0.0,0,0.8482348827601601,1.1148393417197362,False,False,False,False,-0.34282825441539394,-0.3031406000102844,False,False,False,False,6729584,8037243.467014678,False,False,False,False,69071.66874870274,False,False,False,False
2023-07-25 00:00:00+00:00,18.45,19.2,17.25005,17.4,172163,,,,,,,,,,,,,,,,,,,,,,,,22.047420294331133,27.75808961484226,48.63023571352541,64.20906831022458,"rgba(239, 83, 80, 1.0)",0.0,0.0,4.705503055893337,38.93403745574941,-4.353208830689098,0.0,0.0,0.0,0.0,0.0,0.0,0.0,0.0,25.446117289778126,-22.002401854782406,False,True,False,True,False,0.0,0,0.8355966400984501,1.125657646828747,False,False,False,False,-0.3307536802922171,-0.31694714015125075,False,False,False,False,6901747,7992714.193798416,False,False,False,False,73114.46605267518,False,False,False,False
2023-07-26 00:00:00+00:00,20.635,21.0,18.625,20.81,126045,,,,,,,,,,,,,,,,,,,,,,,,21.947194738645322,27.495813462753834,48.195760231229606,63.863407105000164,"rgba(239, 83, 80, 0.75)",0.0,0.0,4.702976389365726,38.67082765603963,-3.834981544202916,0.0,0.0,0.0,0.0,0.0,0.0,0.0,0.0,31.820278325194998,-23.335826473625872,False,True,False,True,True,0.0,0,0.8686436790630314,1.0960343970884654,False,False,False,False,-0.2522181114190497,-0.28458262578515026,False,False,False,False,7027792,7954874.107767106,False,False,False,False,75190.17326629577,False,False,False,False
2023-07-27 00:00:00+00:00,18.195,20.43995,17.52,19.6,92675,,,,,,,,,,,,,,,,,,,,,,,,21.830239095762114,27.28058065949942,47.869510386352175,63.604857069298305,"rgba(239, 83, 80, 0.75)",0.0,0.0,4.762387356499461,38.44170381027282,-4.251376944935225,0.0,0.0,0.0,0.0,0.0,0.0,0.0,0.0,33.0384424271661,-22.33963893099929,False,True,False,True,True,0.0,0,0.8563193155830704,1.094518875870967,False,False,False,False,-0.29296791319337206,-0.28877526948926113,False,False,False,False,6935117,7914883.63295271,False,False,False,False,75875.85274604887,False,False,False,False
2023-07-28 00:00:00+00:00,18.95,19.0,17.99,18.5,39520,,,,,,,,,,,,,,,,,,,,,,,,21.78181275446663,27.19123320993512,47.732235088664154,63.495325860725515,"rgba(239, 83, 80, 0.75)",0.0,0.0,4.763516000256252,38.345219453574025,-4.0716184122254795,0.0,0.0,0.0,0.0,0.0,0.0,0.0,0.0,35.24729241057608,-20.31961901913591,False,True,False,True,True,0.0,0,0.8707327599542931,1.1104884734241907,False,False,False,False,-0.3171414211839063,-0.3029583453365837,False,False,False,False,6974637,7878011.215974172,False,False,False,False,74450.13303051755,False,False,False,False
2023-07-31 00:00:00+00:00,20.45,20.975,18.57,19.01,69027,,,,,,,,,,,,,,,,,,,,,,,,21.735654528952633,27.0635303043058,47.506533736373406,63.31101700028626,"rgba(239, 83, 80, 0.5)",0.0,0.0,4.720131231953146,38.20345332430501,-3.7612202822078737,0.0,0.0,0.0,0.0,0.0,0.0,0.0,0.0,39.21937998318104,-16.6550343097745,False,False,False,True,True,0.0,1,0.8798021489390385,1.085471887377729,False,False,False,False,-0.2541563590652739,-0.2785573522009288,False,False,False,False,7043664,7845291.717308518,False,False,False,False,74237.46114696785,False,False,False,False
2023-08-01 00:00:00+00:00,20.5,20.5,19.75,20.45,29995,,,,,,,,,,,,,,,,,,,,,,,,21.719132181844092,27.01136747118844,47.41048523778401,63.23187587572939,"rgba(239, 83, 80, 0.5)",0.0,0.0,4.629211850884886,38.14424436806543,-3.811500734124468,0.0,0.0,0.0,0.0,0.0,0.0,0.0,0.0,41.94733303966403,-14.204776154891015,True,False,False,True,True,0.0,1,0.8806982925800215,1.1260856937636359,False,False,False,False,-0.2371380455878229,-0.25784769889437587,False,False,False,False,7073659,7815031.6107474,False,False,False,False,72502.46267061617,False,False,False,False
2023-08-02 00:00:00+00:00,20.575,20.575,19.6,20.44,35870,,,,,,,,,,,,,,,,,,,,,,,,21.69984985454705,26.950026869156453,47.2965091658256,63.13761481154073,"rgba(239, 83, 80, 0.5)",0.0,0.0,4.598116974558656,38.07379227583773,-3.80564313014619,0.0,0.0,0.0,0.0,0.0,0.0,0.0,0.0,43.896221675209226,-12.440246665236607,True,False,False,True,True,0.0,1,0.866452846724776,1.122958349535276,False,False,False,False,-0.23894194603189342,-0.24839482246313466,False,False,False,False,7109529,7787364.841698483,False,False,False,False,71065.8955070626,False,False,False,False
2023-08-03 00:00:00+00:00,20.55,21.0,20.05,20.1,24223,,,,,,,,,,,,,,,,,,,,,,,,21.68960151033544,26.910954587668368,47.22088137965213,63.074612849680555,#000000,0.0,0.0,4.582889876664548,38.028121987971815,-3.8137774326562015,0.0,0.0,0.0,0.0,0.0,0.0,0.0,0.0,45.15220019606746,-11.24094719630611,True,False,False,False,True,0.0,1,0.8692373619964077,1.1246266047561506,False,False,False,False,-0.21798792974848274,-0.2331913761058087,False,False,False,False,7085306,7759833.12241619,False,False,False,False,69228.91921266798,False,False,False,False
2023-08-04 00:00:00+00:00,20.885,21.95,20.555,20.555,41180,,,,,,,,,,,,,,,,,,,,,,,,21.681366547644572,26.851724438744352,47.0961402845432,62.96942998364519,#000000,0.0,0.0,4.549214942669493,37.956703758945665,-3.7526702901683375,0.0,0.0,0.0,0.0,0.0,0.0,0.0,0.0,46.66120251789994,-9.719468093121328,True,False,False,False,True,0.0,1,0.8683564797531746,1.120919015505734,False,False,False,False,-0.17323472743823873,-0.2032130517720237,False,False,False,False,7126486,7734995.980360653,False,False,False,False,68128.96159648492,False,False,False,False
2023-08-07 00:00:00+00:00,19.655,20.72,19.25,20.5,18971,,,,,,,,,,,,,,,,,,,,,,,,21.669203056817487,26.818948612633722,47.036316277829485,62.91970296671175,#000000,0.0,0.0,4.552333014387974,37.91827181775447,-4.01184881686645,0.0,0.0,0.0,0.0,0.0,0.0,0.0,0.0,45.438657086644966,-9.719468093121328,True,False,False,False,True,0.0,1,0.8600559883824385,1.1205192874757006,False,False,False,False,-0.2315140046629962,-0.21736352821750995,False,False,False,False,7107515,7710388.883091608,False,False,False,False,66201.19839662277,False,False,False,False
2023-08-08 00:00:00+00:00,18.75,19.925,18.75,19.1,18637,,,,,,,,,,,,,,,,,,,,,,,,21.652592962591022,26.783679412067027,46.97622115343177,62.87013269601326,"rgba(239, 83, 80, 0.5)",0.0,0.0,4.604912498314161,37.87748378249445,-4.153712755562009,0.0,0.0,0.0,0.0,0.0,0.0,0.0,0.0,43.21600220011236,-9.719468093121328,True,False,False,True,False,0.0,1,0.8658021219502878,1.128209761929058,False,False,False,False,-0.2659395170743318,-0.24165152264592088,False,False,False,False,7088878,7686015.907284094,False,False,False,False,64335.93571440227,False,False,False,False
2023-08-09 00:00:00+00:00,18.5,18.95,18.225,18.5,33623,,,,,,,,,,,,,,,,,,,,,,,,21.616337520085615,26.71606828559913,46.8661975443199,62.77979716878932,"rgba(239, 83, 80, 0.5)",0.0,0.0,4.667177670221939,37.7999362559219,-4.135247813482988,0.0,0.0,0.0,0.0,0.0,0.0,0.0,0.0,41.35969186092599,-9.719468093121328,True,False,False,True,False,0.0,1,0.8547304454384063,1.1253385456370655,False,False,False,False,-0.3082221942390532,-0.27493685844248705,False,False,False,False,7055255,7661280.185429816,False,False,False,False,63131.50686285709,False,False,False,False
2023-08-10 00:00:00+00:00,18.15,19.5,17.52,18.5,49887,,,,,,,,,,,,,,,,,,,,,,,,21.56120701392509,26.615747643971325,46.70355304087917,62.64593383568896,"rgba(239, 83, 80, 0.5)",0.0,0.0,4.728433108088827,37.68452351400035,-4.1312889634799035,0.0,0.0,0.0,0.0,0.0,0.0,0.0,0.0,39.58600434456138,-4.278219102891526,False,False,False,True,False,0.0,1,0.8507144773245037,1.1293214538811363,False,False,False,False,-0.312472940007247,-0.29370489922486703,False,False,False,False,7005368,7635558.138942372,False,False,False,False,62612.11443686269,False,False,False,False
2023-08-11 00:00:00+00:00,17.65,18.0,17.125,17.5,38944,,,,,,,,,,,,,,,,,,,,,,,,21.508952880037626,26.531658367270484,46.574327364221645,62.540119042993474,"rgba(239, 83, 80, 0.5)",0.0,0.0,4.800042464152853,37.58883730795499,-4.153887690965239,0.0,0.0,0.0,0.0,0.0,0.0,0.0,0.0,37.64776630766005,-6.267452754230355,False,False,False,True,False,0.0,1,0.8550697013843809,1.1371991950447482,False,False,False,False,-0.34282825441539394,-0.3182665768201305,False,False,False,False,6966424,7609317.584474044,False,False,False,False,61683.953086397494,False,False,False,False
2023-08-14 00:00:00+00:00,17.685,18.0,17.25,17.5,24428,,,,,,,,,,,,,,,,,,,,,,,,21.477309102793193,26.480017633036468,46.494001278359164,62.47407743917601,"rgba(239, 83, 80, 0.5)",0.0,0.0,4.8829308305062495,37.52977561828054,-4.064111556588052,0.0,0.0,0.0,0.0,0.0,0.0,0.0,0.0,36.46203788591926,-7.558805788021836,False,False,False,True,False,0.0,1,0.8479587935690999,1.1368877070730619,False,False,False,False,-0.33928517625834337,-0.3287758765392369,False,False,False,False,6990852,7585064.032141729,False,False,False,False,60222.93531830348,False,False,False,False
2023-08-15 00:00:00+00:00,17.035,17.895,17.0,17.5,29572,,,,,,,,,,,,,,,,,,,,,,,,21.436399939074498,26.415959771370314,46.396232872885804,62.39379293737258,"rgba(239, 83, 80, 1.0)",0.0,0.0,4.963679956617338,37.45679814083147,-4.1142455434916005,0.0,0.0,0.0,0.0,0.0,0.0,0.0,0.0,34.652734721249196,-9.45677178972845,False,True,False,True,False,0.0,1,0.8391912663579838,1.1419991589983918,False,False,False,False,-0.34282825441539394,-0.3358020654773154,False,False,False,False,6961280,7560601.913234211,False,False,False,False,59020.937854840595,False,False,False,False
2023-08-16 00:00:00+00:00,16.25,17.69,16.25,17.2,32125,,,,,,,,,,,,,,,,,,,,,,,,21.386739645427276,26.343009972615427,46.28866046639839,62.305782304450304,"rgba(239, 83, 80, 1.0)",0.0,0.0,5.049827691290538,37.374398552489126,-4.183191951068444,0.0,0.0,0.0,0.0,0.0,0.0,0.0,0.0,32.34555249648074,-11.796885062847764,False,True,False,True,False,0.0,0,0.8312084017506195,1.1377845212888313,False,False,False,False,-0.34282825441539394,-0.33931515994635464,False,False,False,False,6929155,7535839.28918581,False,False,False,False,57966.19519386646,False,False,False,False
2023-08-17 00:00:00+00:00,16.275,16.99,16.035,16.8,18454,,,,,,,,,,,,,,,,,,,,,,,,21.35689631201557,26.300321225142916,46.2266015755334,62.255050314170546,"rgba(239, 83, 80, 1.0)",0.0,0.0,5.1286555409454735,37.3263420215063,-4.104651180692369,0.0,0.0,0.0,0.0,0.0,0.0,0.0,0.0,30.89691341998046,-13.310383067679766,False,True,False,True,False,0.0,0,0.8285710235042748,1.1496289373898672,False,False,False,False,-0.34282825441539394,-0.3410717071808743,False,False,False,False,6947609,7512771.434707935,False,False,False,False,56416.697343126594,False,False,False,False
2023-08-18 00:00:00+00:00,16.52,16.915,16.25,16.3,21056,,,,,,,,,,,,,,,,,,,,,,,,21.32415750225542,26.252688125878496,46.15641046470035,62.19746377612481,"rgba(239, 83, 80, 1.0)",0.0,0.0,5.208448526583241,37.272480030150874,-3.984388042664323,0.0,0.0,0.0,0.0,0.0,0.0,0.0,0.0,30.855190047650474,-13.554578845666498,False,True,False,True,False,0.0,0,0.8244096380799466,1.15912649159838,False,False,False,False,-0.3388027974419229,-0.3399372523113986,False,False,False,False,6968665,7491433.927464487,False,False,False,False,55030.003329670646,False,False,False,False
2023-08-21 00:00:00+00:00,16.61,16.94,16.1,16.705,15748,,,,,,,,,,,,,,,,,,,,,,,,21.299903256473662,26.21732377612351,46.104109929346734,62.154478009677575,"rgba(239, 83, 80, 1.0)",0.0,0.0,5.272952358649723,37.23242627182329,-3.910982855362684,0.0,0.0,0.0,0.0,0.0,0.0,0.0,0.0,31.18088480150157,-13.554578845666498,False,True,False,True,False,0.0,0,0.8393014975968202,1.1512325888521335,False,False,False,False,-0.34237605791582837,-0.3411566551136135,False,False,False,False,6984413,7471550.753838429,False,False,False,False,53489.532610860035,False,False,False,False
2023-08-22 00:00:00+00:00,16.25,16.9,16.065,16.9,15193,,,,,,,,,,,,,,,,,,,,,,,,21.27602899871311,26.182941141235787,46.053580729760746,62.112952218229914,"rgba(239, 83, 80, 1.0)",0.0,0.0,5.330208104891832,37.193540167567974,-3.9292162248500033,0.0,0.0,0.0,0.0,0.0,0.0,0.0,0.0,30.727960646108208,-14.247263440303684,False,True,False,True,False,0.0,0,0.8439015400067161,1.1484890295935346,False,False,False,False,-0.34282825441539394,-0.3419924547645037,False,False,False,False,6969220,7451851.508589864,False,False,False,False,51987.707802591016,False,False,False,False
2023-08-23 00:00:00+00:00,16.01,16.43,15.625,16.05,19228,,,,,,,,,,,,,,,,,,,,,,,,21.243794284649546,26.138078549028442,45.98905417994268,62.06006599345942,"rgba(239, 83, 80, 1.0)",0.0,0.0,5.376883841674471,37.14310762422097,-3.9303634310313993,0.0,0.0,0.0,0.0,0.0,0.0,0.0,0.0,29.986042264286677,-15.272978501734904,False,True,False,True,False,0.0,0,0.8353153572087998,1.1440423340157322,False,False,False,False,-0.34282825441539394,-0.34241035458994884,False,False,False,False,6949992,7432170.743547124,False,False,False,False,50703.01337895999,False,False,False,False
2023-08-24 00:00:00+00:00,14.355,16.495,14.15,16.255,77636,,,,,,,,,,,,,,,,,,,,,,,,21.092871482523222,25.943003485595273,45.72252706076099,61.84304691297034,"rgba(239, 83, 80, 1.0)",0.0,0.0,5.453410456183985,36.927067488777865,-4.139073643939986,0.0,0.0,0.0,0.0,0.0,0.0,0.0,0.0,27.10348503208666,-18.24409752636883,False,True,False,True,False,0.0,0,0.8213116248842662,1.1389096779286487,False,False,False,False,-0.34282825441539394,-0.3426193045026714,False,False,False,False,6872356,7410217.224192335,False,False,False,False,51759.20893272627,False,False,False,False
2023-08-25 00:00:00+00:00,14.33,15.305,14.055,15.015,65427,,,,,,,,,,,,,,,,,,,,,,,,20.96251737201083,25.77748302533339,45.498305859810095,61.6600138526563,"rgba(239, 83, 80, 1.0)",0.0,0.0,5.528236302984422,36.74419970615405,-4.054493780241219,0.0,0.0,0.0,0.0,0.0,0.0,0.0,0.0,25.15219792076533,-20.223512440979828,False,True,False,True,False,0.0,0,0.8183793934339859,1.155184149847287,False,False,False,False,-0.34282825441539394,-0.34272377945903265,False,False,False,False,6806929,7386558.862459303,False,False,False,False,52295.200739286025,False,False,False,False
2023-08-28 00:00:00+00:00,13.25,14.495,12.5,14.4,73610,,,,,,,,,,,,,,,,,,,,,,,,20.79671925223649,25.578434915641374,45.2406455673738,61.450795632476,"rgba(239, 83, 80, 1.0)",0.0,0.0,5.594027201698846,36.52739694401965,-4.161116152054205,0.0,0.0,0.0,0.0,0.0,0.0,0.0,0.0,22.682451547470276,-22.635432303180757,False,True,False,True,False,0.0,0,0.8016695627401783,1.1638648488297911,False,False,False,False,-0.34282825441539394,-0.34277601693721327,False,False,False,False,6733319,7360941.612951094,False,False,False,False,53131.07522009833,False,False,False,False
2023-08-29 00:00:00+00:00,13.505,13.885,12.6,13.07,49384,,,,,,,,,,,,,,,,,,,,,,,,20.688276377466227,25.447541944106327,45.06963624926564,61.31120134972031,"rgba(239, 83, 80, 1.0)",0.0,0.0,5.6301531814738555,36.3844621836182,-4.0637370682743725,0.0,0.0,0.0,0.0,0.0,0.0,0.0,0.0,22.162834696638548,-23.20164923233195,False,True,False,True,False,0.0,0,0.7987481323327799,1.1696209539855824,False,False,False,False,-0.34282825441539394,-0.3428021356763036,False,False,False,False,6782703,7338265.588913797,False,False,False,False,52984.13109381997,False,False,False,False
2023-08-30 00:00:00+00:00,15.23,15.725,13.05,13.635,62905,,,,,,,,,,,,,,,,,,,,,,,,20.578930734898982,25.302781604217284,44.863515957591495,61.13948282443662,"rgba(239, 83, 80, 0.75)",0.0,0.0,5.663161814636069,36.2217127686397,-3.706712514268619,0.0,0.0,0.0,0.0,0.0,0.0,0.0,0.0,27.973999743760555,-26.98465458038978,False,True,False,True,True,0.0,0,0.8164710767815346,1.1592431211408314,False,False,False,False,-0.2828757519401829,-0.31283894380824323,False,False,False,False,6845608,7318945.683466198,False,False,False,False,53373.18477641527,False,False,False,False
2023-08-31 00:00:00+00:00,13.975,15.2,13.9,15.08,37979,,,,,,,,,,,,,,,,,,,,,,,,20.51145264296162,25.214756240411543,44.739154324581335,61.035730724649525,"rgba(239, 83, 80, 0.75)",0.0,0.0,5.694593996396686,36.12291837208962,-3.8892883998585233,0.0,0.0,0.0,0.0,0.0,0.0,0.0,0.0,29.764779205437893,-25.429767907293066,False,True,False,True,True,0.0,0,0.8403721184595486,1.1419957892615977,False,False,False,False,-0.27404856110108594,-0.2934437524546646,False,False,False,False,6807629,7298894.048820465,False,False,False,False,52769.491255771536,False,False,False,False
2023-09-01 00:00:00+00:00,14.015,14.835,14.005,14.41,21106,,,,,,,,,,,,,,,,,,,,,,,,20.474142783821698,25.166121118522977,44.67031463030102,60.978181181873516,"rgba(239, 83, 80, 0.75)",0.0,0.0,5.745776778887797,36.06826676029252,-3.838169773898064,0.0,0.0,0.0,0.0,0.0,0.0,0.0,0.0,31.08090769170633,-24.24283825604102,False,True,False,True,True,0.0,0,0.8431316409560378,1.1406174779120541,False,False,False,False,-0.28076534645882345,-0.287104549456744,False,False,False,False,6828735,7280456.4390628,False,False,False,False,51527.78571632952,False,False,False,False
2023-09-05 00:00:00+00:00,13.7,14.5,13.525,14.41,44503,,,,,,,,,,,,,,,,,,,,,,,,20.39222056107065,25.061475720656574,44.52439120568095,60.856323242131964,"rgba(239, 83, 80, 0.75)",0.0,0.0,5.783171999724014,35.951232629825725,-3.8475827160056113,0.0,0.0,0.0,0.0,0.0,0.0,0.0,0.0,31.446960325821856,-23.84912958942574,False,True,False,True,True,0.0,0,0.8455845711150203,1.1473466626439914,False,False,False,False,-0.3019839575821701,-0.29454425351945707,False,False,False,False,6784232,7260996.657138769,False,False,False,False,51252.30392353229,False,False,False,False
2023-09-06 00:00:00+00:00,13.43,14.0,13.265,13.765,19996,,,,,,,,,,,,,,,,,,,,,,,,20.35415928972718,25.013659466268717,44.45854476683408,60.80137656262305,"rgba(239, 83, 80, 0.75)",0.0,0.0,5.7502085210929135,35.89796888919943,-3.907331152736885,0.0,0.0,0.0,0.0,0.0,0.0,0.0,0.0,31.249722228058175,-23.84912958942574,False,True,False,True,True,0.0,0,0.8362855539489467,1.146140334269456,False,False,False,False,-0.32201099799502536,-0.3082776257572412,False,False,False,False,6764236,7241515.847054895,False,False,False,False,50026.56651476632,False,False,False,False
2023-09-07 00:00:00+00:00,12.725,13.5,12.535,13.43,43356,,,,,,,,,,,,,,,,,,,,,,,,20.265370296566218,24.90557191734694,44.31377114225024,60.68105596334977,"rgba(239, 83, 80, 0.75)",0.0,0.0,5.778865705902881,35.77871103449562,-3.9893142024302755,0.0,0.0,0.0,0.0,0.0,0.0,0.0,0.0,30.031361914971164,-23.84912958942574,False,True,False,True,True,0.0,0,0.833439483152507,1.143037964498301,False,False,False,False,-0.34282825441539394,-0.3255529400863176,False,False,False,False,6720880,7221098.755013526,False,False,False,False,49764.97567104999,False,False,False,False
2023-09-08 00:00:00+00:00,12.035,13.25,12.0,13.25,36947,,,,,,,,,,,,,,,,,,,,,,,,20.18640954319178,24.81125900152286,44.18952738074733,60.57794706680756,"rgba(239, 83, 80, 1.0)",0.0,0.0,5.776635136089963,35.67523597497759,-4.092388634221233,0.0,0.0,0.0,0.0,0.0,0.0,0.0,0.0,28.27954900058775,-23.84912958942574,False,True,False,True,False,0.0,0,0.8205288925361282,1.1597760136568551,False,False,False,False,-0.34282825441539394,-0.33419059725085576,False,False,False,False,6683933,7200033.431287506,False,False,False,False,49262.3099584598,False,False,False,False
2023-09-11 00:00:00+00:00,12.935,13.26,11.76,12.245,30392,,,,,,,,,,,,,,,,,,,,,,,,20.124476358797338,24.73612096605175,44.08876353370734,60.493852984817565,"rgba(239, 83, 80, 1.0)",0.0,0.0,5.758025873072177,35.59225249588923,-3.934899390057884,0.0,0.0,0.0,0.0,0.0,0.0,0.0,0.0,30.316851609194618,-23.84912958942574,False,True,False,True,False,0.0,0,0.8119809926173917,1.1626873907332504,False,False,False,False,-0.34282825441539394,-0.3385094258331248,False,False,False,False,6714325,7180986.041825251,False,False,False,False,48522.29780322609,False,False,False,False
2023-09-12 00:00:00+00:00,12.51,13.25,12.5,13.0,15296,,,,,,,,,,,,,,,,,,,,,,,,20.094108408104688,24.698970118931914,44.03845646967417,60.4517304896245,"rgba(239, 83, 80, 0.5)",0.0,0.0,5.722277752406761,35.55106844320038,-4.026555410301331,0.0,0.0,0.0,0.0,0.0,0.0,0.0,0.0,30.96127135406248,-23.80989897258865,False,False,False,True,True,0.0,0,0.81492865705908,1.1663197248968018,False,False,False,False,-0.3236245337332064,-0.33106697978316557,False,False,False,False,6699029,7162085.765675241,False,False,False,False,47219.30573251134,False,False,False,False
2023-09-13 00:00:00+00:00,12.525,13.15,12.525,12.9,13264,,,,,,,,,,,,,,,,,,,,,,,,20.0679053450051,24.66688694797488,43.994935238023444,60.41524860400397,"rgba(239, 83, 80, 0.5)",0.0,0.0,5.722603037301841,35.515473748420945,-4.01748532941414,0.0,0.0,0.0,0.0,0.0,0.0,0.0,0.0,31.44534356760613,-23.161562242714886,False,False,False,True,True,0.0,0,0.8236504412461111,1.1623968356144758,False,False,False,False,-0.32558670506480886,-0.32832684242398724,False,False,False,False,6712293,7144446.833687977,False,False,False,False,45887.725115550114,False,False,False,False
2023-09-14 00:00:00+00:00,13.2,13.65,12.5,12.9,29211,,,,,,,,,,,,,,,,,,,,,,,,20.01383350374419,24.599084289947367,43.900684886225804,60.33574609085089,"rgba(239, 83, 80, 0.5)",0.0,0.0,5.6817301046420505,35.43954071853303,-3.9142198430655877,0.0,0.0,0.0,0.0,0.0,0.0,0.0,0.0,34.17050539547404,-20.421455047208923,False,False,False,True,True,0.0,0,0.8205465860692919,1.1558486482706343,False,False,False,False,-0.31086223418947007,-0.3195945383067287,False,False,False,False,6741504,7128645.153935507,False,False,False,False,45233.735895332466,False,False,False,False
2023-09-15 00:00:00+00:00,12.82,13.985,12.82,13.865,23500,,,,,,,,,,,,,,,,,,,,,,,,19.97151004707568,24.54554358427624,43.825502430019796,60.27210451885494,"rgba(239, 83, 80, 0.5)",0.0,0.0,5.662872470896325,35.37932342698647,-3.983724433655797,0.0,0.0,0.0,0.0,0.0,0.0,0.0,0.0,35.16915890884712,-19.368089475682638,True,False,False,True,True,0.0,0,0.8422709268750381,1.146992469096904,False,False,False,False,-0.27621476015877167,-0.2979046492327502,False,False,False,False,6718004,7112541.57927137,False,False,False,False,44381.43252688806,False,False,False,False
2023-09-18 00:00:00+00:00,12.35,13.5,12.255,13.305,26761,,,,,,,,,,,,,,,,,,,,,,,,19.92038711189605,24.48248536788271,43.73892510282618,60.199062700390584,"rgba(239, 83, 80, 0.5)",0.0,0.0,5.647200121850657,35.30897802512719,-4.065550632125154,0.0,0.0,0.0,0.0,0.0,0.0,0.0,0.0,34.871961927057214,-19.368089475682638,True,False,False,True,True,0.0,0,0.9267639938111196,1.1474387648315707,False,False,False,False,-0.3150742829063612,-0.3064894660695557,False,False,False,False,6691243,7096020.066358767,False,False,False,False,43690.435172892445,False,False,False,False
2023-09-19 00:00:00+00:00,12.05,12.85,12.0,12.415,15151,,,,,,,,,,,,,,,,,,,,,,,,19.890168043116567,24.44587403586655,43.68949013215697,60.15745985527107,"rgba(239, 83, 80, 0.5)",0.0,0.0,5.618216744430683,35.268381740738015,-4.132695977554499,0.0,0.0,0.0,0.0,0.0,0.0,0.0,0.0,34.08253027274177,-19.368089475682638,True,False,False,True,True,0.0,1,0.8586499366404675,1.1358346390414862,False,False,False,False,-0.34282825441539394,-0.3246588602424748,False,False,False,False,6676092,7079552.299050581,False,False,False,False,42571.241636700586,False,False,False,False
2023-09-20 00:00:00+00:00,11.8,12.435,11.765,12.435,20906,,,,,,,,,,,,,,,,,,,,,,,,19.847229230534012,24.39447706931338,43.62088284755957,60.09981387078047,"rgba(239, 83, 80, 0.5)",0.0,0.0,5.595703992455742,35.21162613976715,-4.183857146720277,0.0,0.0,0.0,0.0,0.0,0.0,0.0,0.0,33.065545512366114,-19.368089475682638,False,False,False,True,True,0.0,1,0.8729217037271292,1.1258451587411282,False,False,False,False,-0.34282825441539394,-0.33374355732893435,False,False,False,False,6655186,7062910.483401539,False,False,False,False,41721.62431761429,False,False,False,False
2023-09-21 00:00:00+00:00,10.495,11.84495,10.035,11.75,49360,,,,,,,,,,,,,,,,,,,,,,,,19.732350525668842,24.263126640825085,43.453925467402065,59.96084970205567,"rgba(239, 83, 80, 0.5)",0.0,0.0,5.579085637410807,35.06917224571034,-4.404695292885834,0.0,0.0,0.0,0.0,0.0,0.0,0.0,0.0,30.25274926192263,-15.618332863347455,False,False,False,True,False,0.0,0,0.8626981265413847,1.1086714164154778,False,False,False,False,-0.34282825441539394,-0.3382859058721641,False,False,False,False,6605826,7044985.601699518,False,False,False,False,42021.168462021575,False,False,False,False
2023-09-22 00:00:00+00:00,10.06,11.125,10.0,10.95,25970,,,,,,,,,,,,,,,,,,,,,,,,19.6704413985838,24.193026949702574,43.36570488556727,59.887462578578514,"rgba(239, 83, 80, 1.0)",0.0,0.0,5.5430386932592315,34.99342227741868,-4.498150501409934,0.0,0.0,0.0,0.0,0.0,0.0,0.0,0.0,27.800041569769515,-17.965020500765483,False,True,False,True,False,0.0,0,0.8569803575816264,1.120035555812508,False,False,False,False,-0.34282825441539394,-0.34055708014377906,False,False,False,False,6579856,7026745.225162282,False,False,False,False,41391.71087527563,False,False,False,False
2023-09-25 00:00:00+00:00,10.375,10.54495,10.115,10.5,26502,,,,,,,,,,,,,,,,,,,,,,,,19.607768567595507,24.121961423969744,43.27602534856664,59.812720348307366,"rgba(239, 83, 80, 1.0)",0.0,0.0,5.492906738827407,34.91655063679404,-4.467862245560904,0.0,0.0,0.0,0.0,0.0,0.0,0.0,0.0,27.52874670191105,-18.25771958966596,False,True,False,True,False,0.0,0,0.8430830682225017,1.1405815351612427,False,False,False,False,-0.34282825441539394,-0.34169266727958647,False,False,False,False,6606358,7010259.451626506,False,False,False,False,40807.80064487267,False,False,False,False
2023-09-26 00:00:00+00:00,10.25,10.885,10.25,10.78,23022,,,,,,,,,,,,,,,,,,,,,,,,19.55468238690234,24.061334817222196,43.19879078029742,59.748128106866304,"rgba(239, 83, 80, 1.0)",0.0,0.0,5.466317924221276,34.850736248881574,-4.500421781154663,0.0,0.0,0.0,0.0,0.0,0.0,0.0,0.0,27.144241006112466,-18.74208978955003,False,True,False,True,False,0.0,0,0.8472507237652149,1.1377883916091132,False,False,False,False,-0.32750671508696994,-0.3345996911832782,False,False,False,False,6583336,6993517.35548429,False,False,False,False,40110.31826664237,False,False,False,False
2023-09-27 00:00:00+00:00,9.5,11.0,9.5,10.78,43042,,,,,,,,,,,,,,,,,,,,,,,,19.45211160184317,23.94561961999868,43.05334116990582,59.62669177383549,"rgba(239, 83, 80, 1.0)",0.0,0.0,5.475096566676116,34.725741020191265,-4.607360018766864,0.0,0.0,0.0,0.0,0.0,0.0,0.0,0.0,25.745049692047793,-20.208300766511385,False,True,False,True,False,0.0,0,0.8324625101705299,1.1308951741609907,False,False,False,False,-0.34282825441539394,-0.33871397279933607,False,False,False,False,6540294,6975743.890563338,False,False,False,False,40225.28617775443,False,False,False,False
2023-09-28 00:00:00+00:00,8.81,9.505,8.75,9.5,44325,,,,,,,,,,,,,,,,,,,,,,,,19.338062538031398,23.82020763246047,42.90048784554541,59.49980057718382,"rgba(239, 83, 80, 1.0)",0.0,0.0,5.471395355405179,34.591819431375,-4.712110486752743,0.0,0.0,0.0,0.0,0.0,0.0,0.0,0.0,23.923012773297266,-22.037449639639867,False,True,False,True,False,0.0,0,0.828801010639,1.1529589215155474,False,False,False,False,-0.34282825441539394,-0.340771113607365,False,False,False,False,6495969,6956929.188972618,False,False,False,False,40386.059268822886,False,False,False,False
2023-09-29 00:00:00+00:00,8.945,9.5,8.65,9.145,46757,,,,,,,,,,,,,,,,,,,,,,,,19.22054219756906,23.690266821716538,42.74077614151622,59.36666143016013,"rgba(239, 83, 80, 1.0)",0.0,0.0,5.46472476743322,34.45263719773305,-4.667689276822257,0.0,0.0,0.0,0.0,0.0,0.0,0.0,0.0,23.356983558018868,-22.673457988270393,False,True,False,True,False,0.0,0,0.8309104504246742,1.1487340885393238,False,False,False,False,-0.34282825441539394,-0.3417996840113795,False,False,False,False,6542726,6940685.926659967,False,False,False,False,40635.90008181022,False,False,False,False
2023-10-02 00:00:00+00:00,9.5,9.685,9.0,9.18,31154,,,,,,,,,,,,,,,,,,,,,,,,19.1464550589412,23.607062758135044,42.63633243804112,59.27897815141637,"rgba(239, 83, 80, 0.75)",0.0,0.0,5.434919699881357,34.362799877797165,-4.57463978324094,0.0,0.0,0.0,0.0,0.0,0.0,0.0,0.0,25.55692101269384,-22.673457988270393,False,True,False,True,True,0.0,0,0.8272802530869199,1.2217354758647425,False,False,False,False,-0.3266438939234312,-0.33422178896740534,False,False,False,False,6573880,6926301.380516439,False,False,False,False,40264.0608629157,False,False,False,False
2023-10-03 00:00:00+00:00,9.15,9.745,9.035,9.555,27875,,,,,,,,,,,,,,,,,,,,,,,,19.080536791861704,23.53299242285862,42.5431970740496,59.20065083954993,"rgba(239, 83, 80, 0.75)",0.0,0.0,5.386294793605152,34.28276614591703,-4.666058414729875,0.0,0.0,0.0,0.0,0.0,0.0,0.0,0.0,26.379341705934486,-22.673457988270393,False,True,False,True,True,0.0,0,0.8591277145414176,1.140459981119079,False,False,False,False,-0.32378745260796576,-0.32900462078768555,False,False,False,False,6546005,6911387.796966774,False,False,False,False,39778.21533887979,False,False,False,False
2023-10-04 00:00:00+00:00,9.05,9.115,8.5,9.11,33861,,,,,,,,,,,,,,,,,,,,,,,,18.998236933486012,23.44140474434411,42.429332665213444,59.10503148427847,"rgba(239, 83, 80, 0.75)",0.0,0.0,5.3266857231121865,34.1842273381893,-4.7185489523313375,0.0,0.0,0.0,0.0,0.0,0.0,0.0,0.0,26.741983545976616,-22.673457988270393,False,True,False,True,True,0.0,0,0.8383920341146534,1.1534916829639197,False,False,False,False,-0.34282825441539394,-0.3359164376015398,False,False,False,False,6512144,6895731.177477882,False,False,False,False,39546.16767853156,False,False,False,False
2023-10-05 00:00:00+00:00,8.55,9.75,8.55,9.135,36460,,,,,,,,,,,,,,,,,,,,,,,,18.911624932165196,23.34447202217148,42.307810755946896,59.00260434275412,"rgba(239, 83, 80, 0.75)",0.0,0.0,5.291919718431182,34.079590907411884,-4.824258920348902,0.0,0.0,0.0,0.0,0.0,0.0,0.0,0.0,26.081624200159023,-22.673457988270393,False,True,False,True,True,0.0,0,0.8149752930685374,1.1799737783034288,False,False,False,False,-0.3225779774257487,-0.3292472075136442,False,False,False,False,6475684,6879258.739145417,False,False,False,False,39425.14149505973,False,False,False,False
2023-10-06 00:00:00+00:00,8.5,8.99,8.45,8.86,45829,,,,,,,,,,,,,,,,,,,,,,,,18.80160052866816,23.221925800901833,42.15492978749569,58.87367209677067,"rgba(239, 83, 80, 0.75)",0.0,0.0,5.27032886814408,33.947540801208994,-4.8284540562589635,0.0,0.0,0.0,0.0,0.0,0.0,0.0,0.0,25.552888026631006,-22.673457988270393,False,True,False,True,True,0.0,0,0.8279316525186258,1.1953441277423953,False,False,False,False,-0.34282825441539394,-0.33603773096451905,False,False,False,False,6429855,6861635.063100498,False,False,False,False,39676.273201135824,False,False,False,False
2023-10-09 00:00:00+00:00,8.345,8.69,8.31,8.57,30215,,,,,,,,,,,,,,,,,,,,,,,,18.728950923680095,23.141158612581723,42.05430078391785,58.78869353098283,"rgba(239, 83, 80, 0.75)",0.0,0.0,5.235493180862847,31.664611211135373,-4.454138398341326,0.0,0.0,0.0,0.0,0.0,0.0,0.0,0.0,24.91238973287588,-22.673457988270393,False,True,False,True,True,0.0,0,0.8149217944979981,1.1769289694476086,False,False,False,False,-0.34282825441539394,-0.3394329926899565,False,False,False,False,6399640,6843517.609645577,False,False,False,False,39305.24287952266,False,False,False,False
2023-10-10 00:00:00+00:00,8.88,8.925,8.415,8.65,26638,,,,,,,,,,,,,,,,,,,,,,,,18.667535661984143,23.07208103160901,41.96684743916993,58.714445050747706,"rgba(239, 83, 80, 0.75)",0.0,0.0,5.207535105391844,31.60021218475751,-4.362949404072795,0.0,0.0,0.0,0.0,0.0,0.0,0.0,0.0,27.491917747769257,-25.985454109542104,False,True,False,True,True,0.0,0,0.7983889847157686,1.2142526720716773,False,False,False,False,-0.3329865037660623,-0.3362097482280094,False,False,False,False,6426278,6827155.272012418,False,False,False,False,38808.48825679628,False,False,False,False
2023-10-11 00:00:00+00:00,9.0,9.25,8.735,9.0,21837,,,,,,,,,,,,,,,,,,,,,,,,18.619028630997175,23.01694451933163,41.89604523526104,58.65405232791186,"rgba(239, 83, 80, 0.5)",0.0,0.0,5.155658382823184,31.54874829468137,-4.373592395067479,0.0,0.0,0.0,0.0,0.0,0.0,0.0,0.0,29.847266445246817,-23.741622631255623,False,False,False,True,True,0.0,0,0.7813201303990414,1.20015086559606,False,False,False,False,-0.31448403900388594,-0.3253468936159477,False,False,False,False,6448115,6812290.947619774,False,False,False,False,38142.93969770623,False,False,False,False
2023-10-12 00:00:00+00:00,8.795,9.25,8.715,8.865,23453,,,,,,,,,,,,,,,,,,,,,,,,18.56706910595049,22.957892599000463,41.82016877712146,58.589255846901985,"rgba(239, 83, 80, 0.5)",0.0,0.0,5.107270204909916,31.490055911096228,-4.443676367324006,0.0,0.0,0.0,0.0,0.0,0.0,0.0,0.0,30.835536579387675,-22.81345949171746,False,False,False,True,True,0.0,0,0.7819608914280946,1.2032439363504104,False,False,False,False,-0.3150545789371992,-0.3202007362765734,False,False,False,False,6424662,6797089.812418999,False,False,False,False,37566.86363112951,False,False,False,False
2023-10-13 00:00:00+00:00,8.555,8.86,8.4,8.86,19237,,,,,,,,,,,,,,,,,,,,,,,,18.523485692228935,22.90874551550547,41.7575989433428,58.53589706780827,"rgba(239, 83, 80, 0.5)",0.0,0.0,5.043328330444422,31.43811390432669,-4.537304019290414,0.0,0.0,0.0,0.0,0.0,0.0,0.0,0.0,30.826260683254308,-22.763888345694227,False,False,False,True,True,0.0,0,0.7652685530701762,1.2207547783932193,False,False,False,False,-0.33529655506852407,-0.32774864567254874,False,False,False,False,6405425,6781730.408010411,False,False,False,False,36848.0454495166,False,False,False,False
2023-10-16 00:00:00+00:00,9.105,9.3,8.405,8.6,71676,,,,,,,,,,,,,,,,,,,,,,,,18.369719668414277,22.732730416561726,41.528839899053764,58.33939820959295,"rgba(239, 83, 80, 0.5)",0.0,0.0,4.9213522751608565,31.25866156720224,-4.501539481133392,0.0,0.0,0.0,0.0,0.0,0.0,0.0,0.0,33.89775274193998,-19.807761595152815,True,False,False,True,True,0.0,0,0.7534069664706938,1.232866569099215,False,False,False,False,-0.3202612694906302,-0.3240049575815895,False,False,False,False,6477101,6769784.156715885,False,False,False,False,38213.84758875124,False,False,False,False
2023-10-17 00:00:00+00:00,9.31,9.745,8.885,8.95,35909,,,,,,,,,,,,,,,,,,,,,,,,18.29752676652286,22.648567824345843,41.41673927737201,58.24228449864324,"rgba(239, 83, 80, 0.5)",0.0,0.0,4.786929725639697,31.17413305328817,-4.567464806550168,0.0,0.0,0.0,0.0,0.0,0.0,0.0,0.0,36.982159424301756,-16.95757264650213,True,False,False,True,True,0.0,0,0.7879289262589327,1.206771750288028,False,False,False,False,-0.2880801012728143,-0.3060425294272019,False,False,False,False,6513010,6759714.581942713,False,False,False,False,38123.46140880021,False,False,False,False
2023-10-18 00:00:00+00:00,9.03,9.65,9.0,9.65,25222,,,,,,,,,,,,,,,,,,,,,,,,18.24702118506663,22.589701433711856,41.338255290175866,58.17418241817695,"rgba(239, 83, 80, 0.5)",0.0,0.0,4.674436452039854,31.113877825010537,-4.724393635808968,0.0,0.0,0.0,0.0,0.0,0.0,0.0,0.0,37.998485077953056,-16.079154999321027,True,False,False,True,True,0.0,0,0.7979172987948415,1.195042528592025,False,False,False,False,-0.28337118052783644,-0.29470685497751914,False,False,False,False,6487788,6749050.794415548,False,False,False,False,37617.52174571001,False,False,False,False
2023-10-19 00:00:00+00:00,9.005,9.25,8.94,9.02,31785,,,,,,,,,,,,,,,,,,,,,,,,18.183042514166,22.515360163047248,41.23939720018558,58.08834600873771,"rgba(239, 83, 80, 0.5)",0.0,0.0,4.541518528042726,31.036510138626607,-4.851132942117844,0.0,0.0,0.0,0.0,0.0,0.0,0.0,0.0,38.58195069436062,-15.52681318662745,True,False,False,True,True,0.0,0,0.8055385033763315,1.1851633376591435,False,False,False,False,-0.29940633216339013,-0.29705659357045466,False,False,False,False,6456003,6737558.724046311,False,False,False,False,37388.79540274099,False,False,False,False
2023-10-20 00:00:00+00:00,9.225,9.25,8.685,9.2,21912,,,,,,,,,,,,,,,,,,,,,,,,18.139397711280754,22.464540711363952,41.17157357679122,58.029332430778815,"rgba(239, 83, 80, 0.5)",0.0,0.0,4.429084031758172,30.983399612420452,-4.912618378067491,0.0,0.0,0.0,0.0,0.0,0.0,0.0,0.0,40.254109617659886,-13.901482262821503,True,False,False,True,True,0.0,1,0.8091363496992482,1.2018730360593397,False,False,False,False,-0.30533396497070325,-0.301195279270579,False,False,False,False,6477915,6727376.617220965,False,False,False,False,36781.86224969232,False,False,False,False
2023-10-23 00:00:00+00:00,9.63,9.64,8.91,9.265,36887,,,,,,,,,,,,,,,,,,,,,,,,18.06957470643768,22.381998639531073,41.05924340848431,57.93099568612946,#000000,0.0,0.0,4.365660292877549,30.898171619860296,-4.87169642002579,0.0,0.0,0.0,0.0,0.0,0.0,0.0,0.0,43.522650571016385,-10.82240605854615,True,False,False,False,True,0.0,1,0.8239126789082378,1.1670810912651994,False,False,False,False,-0.2811241700923744,-0.29115972468147666,False,False,False,False,6514802,6719040.3577221045,False,False,False,False,36785.985298724,False,False,False,False
2023-10-24 00:00:00+00:00,9.35,9.995,9.1,9.88,35789,,,,,,,,,,,,,,,,,,,,,,,,18.00356641164153,22.303441792460458,40.95131526985663,57.83613836485364,#000000,0.0,0.0,4.327456132255011,28.77244698981883,-4.488190381654524,0.0,0.0,0.0,0.0,0.0,0.0,0.0,0.0,44.36442371204751,-10.061657404197227,True,False,False,False,True,0.0,1,0.8257814548074204,1.1592530895925062,False,False,False,False,-0.2583297272786416,-0.27474472598005917,False,False,False,False,6479013,6709627.520164375,False,False,False,False,36746.887836028945,False,False,False,False
2023-10-25 00:00:00+00:00,8.62,9.295,8.62,9.14,21015,,,,,,,,,,,,,,,,,,,,,,,,17.962417080417826,22.25548969311616,40.88700868407496,57.77988073203331,"rgba(239, 83, 80, 0.5)",0.0,0.0,4.32554987599781,28.712373483516007,-4.645044921342199,0.0,0.0,0.0,0.0,0.0,0.0,0.0,0.0,42.05714563574,-10.061657404197227,True,False,False,True,False,0.0,1,0.8192829728313437,1.1709821271377943,False,False,False,False,-0.30332298829077275,-0.28903385713541596,False,False,False,False,6457998,6699759.695844204,False,False,False,False,36129.95105814546,False,False,False,False
2023-10-26 00:00:00+00:00,8.59,9.17,8.25,8.5,40569,,,,,,,,,,,,,,,,,,,,,,,,17.882511295114146,22.162683685069652,40.762918022063985,57.67125417177107,"rgba(239, 83, 80, 0.5)",0.0,0.0,4.326840334388853,26.61528895165494,-4.165924221514158,0.0,0.0,0.0,0.0,0.0,0.0,0.0,0.0,40.414405973162445,-10.061657404197227,True,False,False,True,False,0.0,1,0.8252718284586023,1.1711687001019684,False,False,False,False,-0.3237035485954625,-0.30636870286543927,False,False,False,False,6417429,6688687.903850313,False,False,False,False,36304.03140880642,False,False,False,False
2023-10-27 00:00:00+00:00,8.7,8.895,8.375,8.5,25278,,,,,,,,,,,,,,,,,,,,,,,,17.833343202593504,22.105439436665655,40.68604908797548,57.6037947258479,"rgba(239, 83, 80, 0.5)",0.0,0.0,4.31312030191064,26.557029036745256,-4.140164842801832,0.0,0.0,0.0,0.0,0.0,0.0,0.0,0.0,40.00419715215121,-10.061657404197227,True,False,False,True,False,0.0,1,0.8308501444271408,1.1637615716039549,False,False,False,False,-0.3305069085695471,-0.3184378057174932,False,False,False,False,6442707,6679041.593895399,False,False,False,False,35871.63802022577,False,False,False,False
2023-10-30 00:00:00+00:00,8.33,8.8,8.31,8.7,21604,,,,,,,,,,,,,,,,,,,,,,,,17.790933822657095,22.05626083257833,40.62028293894691,57.546079521829476,"rgba(239, 83, 80, 0.5)",0.0,0.0,4.281773325483943,26.504344531662394,-4.244583528860266,0.0,0.0,0.0,0.0,0.0,0.0,0.0,0.0,38.32163561164477,-7.063169670770556,True,False,False,True,False,0.0,1,0.8242838266889221,1.1647935626586696,False,False,False,False,-0.3377573878196404,-0.32809759676856676,False,False,False,False,6421103,6668926.3549191095,False,False,False,False,35312.12280374633,False,False,False,False
2023-10-31 00:00:00+00:00,8.745,8.8,8.355,8.5,26657,,,,,,,,,,,,,,,,,,,,,,,,17.73998538169252,21.996746689438442,40.53988924341128,57.475273802275716,"rgba(239, 83, 80, 0.5)",0.0,0.0,4.246330910116784,26.44613673979987,-4.168572142511863,0.0,0.0,0.0,0.0,0.0,0.0,0.0,0.0,39.74678778229934,-7.063169670770556,True,False,False,True,False,0.0,1,0.8265280601283884,1.1660969775480496,False,False,False,False,-0.33565430416766673,-0.33187595046811674,False,False,False,False,6447760,6660253.1645301245,False,False,False,False,34972.70622320726,False,False,False,False
2023-11-01 00:00:00+00:00,8.6,8.765,8.445,8.74,16372,,,,,,,,,,,,,,,,,,,,,,,,17.708872135933625,21.96037414712937,40.49066740364058,57.43186174238095,"rgba(239, 83, 80, 0.5)",0.0,0.0,4.204803525100757,26.410429503529787,-4.235734059203875,0.0,0.0,0.0,0.0,0.0,0.0,0.0,0.0,40.08352827065864,-7.063169670770556,True,False,False,True,False,0.0,1,0.827298881009145,1.167837820896619,False,False,False,False,-0.33253166890631397,-0.33220380968721536,False,False,False,False,6431388,6651278.060038747,False,False,False,False,34243.266763473635,False,False,False,False
2023-11-02 00:00:00+00:00,8.575,8.69,8.365,8.5,23861,,,,,,,,,,,,,,,,,,,,,,,,17.66360812220889,21.90747964767237,40.41906677189695,57.36865217714252,"rgba(239, 83, 80, 0.5)",0.0,0.0,4.1770200949826615,26.357928684062234,-4.257324187983359,0.0,0.0,0.0,0.0,0.0,0.0,0.0,0.0,40.19762432069038,-7.063169670770556,True,False,False,True,False,0.0,1,0.8333511703640283,1.1609701014963447,False,False,False,False,-0.3398457556662929,-0.3360247826767541,False,False,False,False,6407527,6641719.194939189,False,False,False,False,33836.11904725898,False,False,False,False
2023-11-03 00:00:00+00:00,9.035,9.125,8.64,8.69,31112,,,,,,,,,,,,,,,,,,,,,,,,17.607751495415172,21.841129003715942,40.32732480300894,57.28713563325025,"rgba(239, 83, 80, 0.5)",0.0,0.0,4.141829352762195,26.299093992311953,-4.168229186168303,0.0,0.0,0.0,0.0,0.0,0.0,0.0,0.0,43.07845877742614,-11.209028318400023,True,False,False,True,True,0.0,1,0.8648553417943664,1.1576498241641833,False,False,False,False,-0.2976389946302737,-0.3168318886535139,False,False,False,False,6438639,6633755.265725887,False,False,False,False,33729.290849327255,False,False,False,False
2023-11-06 00:00:00+00:00,8.9,9.24,8.695,9.24,30709,,,,,,,,,,,,,,,,,,,,,,,,17.55338812485397,21.77635858018,40.23732742598347,57.20696296795783,"rgba(239, 83, 80, 0.5)",0.0,0.0,4.111305477551488,26.240771857473714,-4.217826175203383,0.0,0.0,0.0,0.0,0.0,0.0,0.0,0.0,44.28907676484232,-9.971659352177149,True,False,False,True,True,0.0,1,0.8661195936689238,1.1300684534329524,False,False,False,False,-0.28659733306107893,-0.30171461085729645,False,False,False,False,6407930,6624899.372952323,False,False,False,False,33610.848070922264,False,False,False,False
2023-11-07 00:00:00+00:00,9.19,9.2,8.875,9.2,28776,,,,,,,,,,,,,,,,,,,,,,,,17.50390026779889,21.71692429889338,40.153846353557476,57.13230019794871,#000000,0.0,0.0,4.103628510838927,26.18833373438718,-4.142269138029777,0.0,0.0,0.0,0.0,0.0,0.0,0.0,0.0,46.75555563849086,-7.573789535021909,True,False,False,False,True,0.0,1,0.902438789952637,1.1167850938005377,False,False,False,False,-0.27833527134244274,-0.2900249410998696,False,False,False,False,6436706,6617519.240679683,False,False,False,False,33421.24618578806,False,False,False,False
2023-11-08 00:00:00+00:00,8.79,9.19,8.695,9.04,33229,,,,,,,,,,,,,,,,,,,,,,,,17.44615059388761,21.647923663748696,40.05739504560449,57.046019580191505,#000000,0.0,0.0,4.077092927412118,26.12397650057185,-4.251552959224397,0.0,0.0,0.0,0.0,0.0,0.0,0.0,0.0,46.26097463114451,-7.573789535021909,True,False,False,False,True,0.0,1,0.893692329926099,1.104348081685442,False,False,False,False,-0.2895572704379994,-0.2897911057689345,False,False,False,False,6403477,6609125.427319696,False,False,False,False,33413.70711967873,False,False,False,False
2023-11-09 00:00:00+00:00,8.355,8.8,8.255,8.71,55368,,,,,,,,,,,,,,,,,,,,,,,,17.34696698550983,21.530839102098223,39.89584118439453,56.901684670837966,"rgba(239, 83, 80, 0.5)",0.0,0.0,4.000972327770184,26.00660822740475,-4.411829620736796,0.0,0.0,0.0,0.0,0.0,0.0,0.0,0.0,43.980000827206524,-7.573789535021909,True,False,False,True,False,0.0,1,0.8648400693631462,1.1677223613447767,False,False,False,False,-0.3394653523992637,-0.3146282290840991,False,False,False,False,6348109,6598889.488993434,False,False,False,False,34274.65978165211,False,False,False,False
2023-11-10 00:00:00+00:00,7.315,8.38,7.25,8.005,60317,,,,,,,,,,,,,,,,,,,,,,,,17.23160979048103,21.39775748997565,39.71716463368237,56.74277049463536,"rgba(239, 83, 80, 0.5)",0.0,0.0,3.9911436867072516,25.861433750116635,-4.646897031516722,0.0,0.0,0.0,0.0,0.0,0.0,0.0,0.0,39.12511499012943,-6.210271597144569,True,False,False,True,False,0.0,1,0.8167289692920361,1.1666454517351648,False,False,False,False,-0.34282825441539394,-0.3287282417497465,False,False,False,False,6287792,6586689.58746428,False,False,False,False,35295.92802550889,False,False,False,False
2023-11-13 00:00:00+00:00,7.37,7.555,7.255,7.3,35838,,,,,,,,,,,,,,,,,,,,,,,,17.16257010562802,21.31844294349845,39.61109993411972,56.64834672637314,"rgba(239, 83, 80, 0.5)",0.0,0.0,3.958788435100962,25.77477658377679,-4.649093247971815,0.0,0.0,0.0,0.0,0.0,0.0,0.0,0.0,36.23079488014517,-8.772291176661682,True,False,False,True,False,0.0,0,0.8121782316547559,1.182022359357742,False,False,False,False,-0.34282825441539394,-0.33577824808257023,False,False,False,False,6323630,6576373.525210779,False,False,False,False,35317.18574999874,False,False,False,False
2023-11-14 00:00:00+00:00,7.585,8.0,7.275,7.3,46566,,,,,,,,,,,,,,,,,,,,,,,,17.076346078135742,21.21837390280406,39.47528276696102,56.52675803952758,"rgba(239, 83, 80, 0.5)",0.0,0.0,3.8770377344836193,25.66958771767719,-4.664537452608999,0.0,0.0,0.0,0.0,0.0,0.0,0.0,0.0,35.66621790644051,-9.197858977044135,True,False,False,True,False,0.0,0,0.8242001438241843,1.1625319425021694,False,False,False,False,-0.3154194302519274,-0.32559883916724885,False,False,False,False,6370196,6568288.132065259,False,False,False,False,35758.31572058702,False,False,False,False
2023-11-15 00:00:00+00:00,7.435,7.65,7.15,7.625,61867,,,,,,,,,,,,,,,,,,,,,,,,16.961700325164525,21.085660727112735,39.295443147673616,56.36546247877267,"rgba(239, 83, 80, 0.5)",0.0,0.0,3.7864882860713895,25.529634426954004,-4.778737727385868,0.0,0.0,0.0,0.0,0.0,0.0,0.0,0.0,34.792191481487464,-10.045180249458312,False,False,False,True,False,0.0,0,0.826701806947415,1.1595464874405539,False,False,False,False,-0.34282825441539394,-0.3342135467913214,False,False,False,False,6308329,6558093.656297994,False,False,False,False,36782.18569232871,False,False,False,False
2023-11-16 00:00:00+00:00,6.925,7.475,6.4599,7.475,109532,,,,,,,,,,,,,,,,,,,,,,,,16.755831435222245,20.84918204032398,38.977439353239276,56.07983136040118,"rgba(239, 83, 80, 0.5)",0.0,0.0,3.691480663162388,25.277174811123473,-4.971494228389559,0.0,0.0,0.0,0.0,0.0,0.0,0.0,0.0,32.67660163992822,-12.109332033542692,False,False,False,True,False,0.0,0,0.8279973333333335,1.150666666666667,False,False,False,False,-0.34282825441539394,-0.3385209006033577,False,False,False,False,6198797,6544003.591345131,False,False,False,False,39635.1195867472,False,False,False,False
2023-11-17 00:00:00+00:00,6.455,6.81,6.405,6.75,65987,,,,,,,,,,,,,,,,,,,,,,,,16.63098984284715,20.706540108221127,38.786524698648314,55.907966290131476,"rgba(239, 83, 80, 1.0)",0.0,0.0,3.59405420154162,25.12429288268178,-5.194493971369114,0.0,0.0,0.0,0.0,0.0,0.0,0.0,0.0,30.093910553401404,-14.585913165349432,False,True,False,True,False,0.0,0,0.8345118302964372,1.161816698395431,False,False,False,False,-0.34282825441539394,-0.3406745775093758,False,False,False,False,6132810,6527878.352468852,False,False,False,False,40668.52666177672,False,False,False,False
2023-11-20 00:00:00+00:00,6.25,6.6,6.155,6.6,60520,,,,,,,,,,,,,,,,,,,,,,,,16.516687536985568,20.576185846638793,38.61220264690624,55.75068228437693,"rgba(239, 83, 80, 1.0)",0.0,0.0,3.475450872301487,24.98478182333181,-5.3906047047430725,0.0,0.0,0.0,0.0,0.0,0.0,0.0,0.0,27.906804698931655,-16.664855404536894,False,True,False,True,False,0.0,0,0.8293434131317374,1.1727565448691026,False,False,False,False,-0.34282825441539394,-0.3417514159623849,False,False,False,False,6072290,6510012.142568112,False,False,False,False,41447.015812295285,False,False,False,False
2023-11-21 00:00:00+00:00,6.29,6.45,5.8,6.25,75460,,,,,,,,,,,,,,,,,,,,,,,,16.37555868894192,20.415194252069295,38.396422040198864,55.555352824843645,"rgba(239, 83, 80, 1.0)",0.0,0.0,3.385343299027099,24.813355054157917,-5.471632687733996,0.0,0.0,0.0,0.0,0.0,0.0,0.0,0.0,26.751449131526073,-17.799604938949635,False,True,False,True,False,0.0,0,0.7981187701811033,1.1771725396602553,False,False,False,False,-0.34282825441539394,-0.34228983518888945,False,False,False,False,6147750,6495805.78403603,False,False,False,False,42780.85832946018,False,False,False,False
2023-11-22 00:00:00+00:00,6.365,6.375,6.11,6.11,32576,,,,,,,,,,,,,,,,,,,,,,,,16.31642294632393,20.347298205682254,38.30445051254225,55.47167969202347,"rgba(239, 83, 80, 1.0)",0.0,0.0,3.311966391495215,24.742062504728416,-5.548686288580343,0.0,0.0,0.0,0.0,0.0,0.0,0.0,0.0,26.583396504773873,-18.090703044158687,False,True,False,True,False,0.0,0,0.8044835414301931,1.1787741203178208,False,False,False,False,-0.33091629493443786,-0.33660306506166365,False,False,False,False,6180326,6483434.027799323,False,False,False,False,42380.66780673625,False,False,False,False
2023-11-24 00:00:00+00:00,6.5,6.5,6.125,6.375,25769,,,,,,,,,,,,,,,,,,,,,,,,16.270555653263216,20.294397025251413,38.23227667830833,55.40581470876918,"rgba(239, 83, 80, 1.0)",0.0,0.0,3.2340213900601884,24.68697049742942,-5.623639519926287,0.0,0.0,0.0,0.0,0.0,0.0,0.0,0.0,27.582574338794487,-18.090703044158687,False,True,False,True,False,0.0,0,0.801247642535906,1.1936747424923837,False,False,False,False,-0.3238628404578948,-0.33023295275977926,False,False,False,False,6206095,6472557.9874934675,False,False,False,False,41729.22985353092,False,False,False,False
2023-11-27 00:00:00+00:00,6.4,6.76,6.35,6.76,48558,,,,,,,,,,,,,,,,,,,,,,,,16.186371676725273,20.19670231415205,38.09770265117477,55.282504196386604,"rgba(239, 83, 80, 1.0)",0.0,0.0,3.1591879059721557,24.5862397978487,-5.75661858019565,0.0,0.0,0.0,0.0,0.0,0.0,0.0,0.0,27.898439323983546,-18.090703044158687,False,True,False,True,False,0.0,0,0.7939780480569564,1.2002373183031743,False,False,False,False,-0.29635250848158945,-0.31329273062068436,False,False,False,False,6157537,6460204.223278038,False,False,False,False,41997.02476123559,False,False,False,False
2023-11-28 00:00:00+00:00,6.5,6.545,6.3,6.4,34165,,,,,,,,,,,,,,,,,,,,,,,,16.127673481354368,20.128517780270535,38.00353597367361,55.196018589222824,"rgba(239, 83, 80, 1.0)",0.0,0.0,3.0888082383580993,24.515984642692334,-5.8326653040361585,0.0,0.0,0.0,0.0,0.0,0.0,0.0,0.0,29.00487532537177,-18.090703044158687,False,True,False,True,False,0.0,0,0.8034240293488227,1.1981045551819014,False,False,False,False,-0.30823804566973934,-0.3107653881452118,False,False,False,False,6191702,6449674.724325959,False,False,False,False,41689.88653530479,False,False,False,False
2023-11-29 00:00:00+00:00,5.95,6.745,5.88755,6.5,88019,,,,,,,,,,,,,,,,,,,,,,,,15.975773494377542,19.952724572216184,37.76156362797354,54.9734569281224,"rgba(239, 83, 80, 1.0)",0.0,0.0,3.0184787872709573,24.333647157152996,-6.090368179719385,0.0,0.0,0.0,0.0,0.0,0.0,0.0,0.0,27.813863501756003,-18.090703044158687,False,True,False,True,False,0.0,0,0.798656374503514,1.1720794255053495,False,False,False,False,-0.3192976514472326,-0.31503151979622224,False,False,False,False,6103683,6436106.421411215,False,False,False,False,43506.71451431244,False,False,False,False
2023-11-30 00:00:00+00:00,5.81,6.0,5.675,5.975,63699,,,,,,,,,,,,,,,,,,,,,,,,15.86470552951849,19.82493522375373,37.586729724854386,54.812448185966254,"rgba(239, 83, 80, 1.0)",0.0,0.0,2.962052718356291,24.199943176337378,-6.2085131241493805,0.0,0.0,0.0,0.0,0.0,0.0,0.0,0.0,26.60162871360029,-18.96018468347038,False,True,False,True,False,0.0,0,0.7972041041070418,1.1841071651975676,False,False,False,False,-0.34282825441539394,-0.32892988710580806,False,False,False,False,6039984,6420572.208806855,False,False,False,False,44298.568847084505,False,False,False,False
2023-12-01 00:00:00+00:00,6.28,6.28,5.72,5.875,60900,,,,,,,,,,,,,,,,,,,,,,,,15.76351228877424,19.70717723975287,37.42273886889772,54.66032517647568,"rgba(239, 83, 80, 0.75)",0.0,0.0,2.911767987121642,24.078509560337004,-6.112612556720665,0.0,0.0,0.0,0.0,0.0,0.0,0.0,0.0,29.688499270319863,-18.96018468347038,False,True,False,True,True,0.0,0,0.8460920555867941,1.1635456663185797,False,False,False,False,-0.3175893575899096,-0.3232596223478588,False,False,False,False,6100884,6408035.416304626,False,False,False,False,44949.60536288511,False,False,False,False
2023-12-04 00:00:00+00:00,7.375,7.75,6.35,6.505,223149,,,,,,,,,,,,,,,,,,,,,,,,15.448912468708414,19.32486892672113,36.85610612699078,54.122991160874605,"rgba(239, 83, 80, 0.5)",0.0,0.0,2.83721088458705,21.935941156630776,-5.1321321357295195,0.0,0.0,0.0,0.0,0.0,0.0,0.0,0.0,37.79947245419481,-17.246504917042202,True,False,False,True,True,0.0,0,0.866687852546278,1.09438309366807,False,False,False,False,-0.1622221498039056,-0.2427408860758822,False,False,False,False,6324033,6404741.203900523,False,False,False,False,51937.81691728177,False,False,False,False
2023-12-05 00:00:00+00:00,6.845,7.5,6.575,7.395,71956,,,,,,,,,,,,,,,,,,,,,,,,15.350159505722504,19.2047096184634,36.676778003882916,53.95163414673978,"rgba(239, 83, 80, 0.5)",0.0,0.0,2.754758646091132,21.82229113726209,-5.436879618660654,0.0,0.0,0.0,0.0,0.0,0.0,0.0,0.0,40.84792187898969,-14.711020788030133,True,False,False,True,True,0.0,0,0.8736976044854589,1.0844612011890604,False,False,False,False,-0.16401315751842865,-0.20337702179715544,False,False,False,False,6252077,6398754.372375011,False,False,False,False,52722.84370483935,False,False,False,False
2023-12-06 00:00:00+00:00,6.4,7.005,6.3,6.975,47773,,,,,,,,,,,,,,,,,,,,,,,,15.282747931136742,19.1236175246422,36.55729546358738,53.8375783119349,"rgba(239, 83, 80, 0.5)",0.0,0.0,2.667307271593723,21.741990249888204,-5.751864591409194,0.0,0.0,0.0,0.0,0.0,0.0,0.0,0.0,41.19133063507712,-14.598040254048598,True,False,False,True,True,0.0,0,0.8611525898638263,1.110389945446102,False,False,False,False,-0.21118067112432537,-0.2072788464607404,False,False,False,False,6204304,6391128.867575992,False,False,False,False,52528.73218700251,False,False,False,False
2023-12-07 00:00:00+00:00,4.535,5.97,4.505,5.705,407697,,,,,,,,,,,,,,,,,,,,,,,,14.65074997884737,18.390458332321927,35.5236763364441,52.85460731844101,"rgba(239, 83, 80, 0.5)",0.0,0.0,2.62229453373135,20.965092095114958,-6.265540305930484,0.0,0.0,0.0,0.0,0.0,0.0,0.0,0.0,36.78229647042529,-14.598040254048598,True,False,False,True,False,0.0,0,0.8376711133352178,1.131284066284553,False,False,False,False,-0.34282825441539394,-0.2750535504380672,False,False,False,False,5796607,6367814.284533796,False,False,False,False,66456.89955221809,False,False,False,False
2023-12-08 00:00:00+00:00,4.57,4.85,4.55,4.85,116833,,,,,,,,,,,,,,,,,,,,,,,,14.47771529546366,18.18910495680529,35.23661716420845,52.57818392283769,"rgba(239, 83, 80, 0.5)",0.0,0.0,2.574467272807029,20.75843730699488,-6.288072673514346,0.0,0.0,0.0,0.0,0.0,0.0,0.0,0.0,34.00650986753965,-9.522580793834805,False,False,False,True,False,0.0,0,0.85986086297524,1.120879791936441,False,False,False,False,-0.34282825441539394,-0.30894090242673056,False,False,False,False,5913440,6349995.685140314,False,False,False,False,68432.4329031115,False,False,False,False
2023-12-11 00:00:00+00:00,4.46,4.9,4.44,4.9,113588,,,,,,,,,,,,,,,,,,,,,,,,14.314197860299762,17.998128634011454,34.96209618069917,52.31214682746225,"rgba(239, 83, 80, 1.0)",0.0,0.0,2.5711618066647963,20.564145293268353,-6.263372943516914,0.0,0.0,0.0,0.0,0.0,0.0,0.0,0.0,31.93775269035649,-11.379997913488516,False,True,False,True,False,0.0,0,0.8578111154614957,1.1206307036051302,False,False,False,False,-0.34282825441539394,-0.3258845784210622,False,False,False,False,5799852,6328421.422977949,False,False,False,False,70203.23945593067,False,False,False,False
2023-12-12 00:00:00+00:00,3.905,4.545,3.9,4.5,118257,,,,,,,,,,,,,,,,,,,,,,,,14.141424861003436,17.797953546007328,34.67700271291956,52.03551688521234,"rgba(239, 83, 80, 1.0)",0.0,0.0,2.576139382318605,20.358001705980772,-6.386689252494001,0.0,0.0,0.0,0.0,0.0,0.0,0.0,0.0,29.509251710086698,-13.64497792201135,False,True,False,True,False,0.0,0,0.8308294286836336,1.1399155101112806,False,False,False,False,-0.34282825441539394,-0.3343564164182281,False,False,False,False,5681595,6303055.680900382,False,False,False,False,72087.70065373731,False,False,False,False
2023-12-13 00:00:00+00:00,3.595,4.0,3.5,3.9,176895,,,,,,,,,,,,,,,,,,,,,,,,13.883300401642138,17.50023730817535,34.2545436461841,51.624035625704565,"rgba(239, 83, 80, 1.0)",-1.0,3.2609875,2.608955398293742,18.298137258095533,-5.635641478467356,0.0,0.0,0.0,0.0,0.0,0.0,0.0,0.0,27.355722940097657,-15.695650018785415,False,True,False,True,False,0.0,0,0.8157666014140034,1.1602238331751369,True,False,False,False,-0.34282825441539394,-0.338592335416811,False,False,False,False,5504700,6271747.61498272,False,False,False,False,76197.79082417898,True,False,False,False
2023-12-14 00:00:00+00:00,3.9,4.12,3.75,3.845,149734,,,,,,,,,,,,,,,,,,,,,,,,13.679187598044269,17.26183685085051,33.908419383171875,51.28277969769428,"rgba(239, 83, 80, 1.0)",0.0,0.0,2.6210499460780268,18.07851924564078,-5.409480756693179,0.0,0.0,0.0,0.0,0.0,0.0,0.0,0.0,27.60703799502108,-15.695650018785415,False,True,False,True,False,0.0,0,0.8364004236232646,1.1329045674494698,False,False,False,False,-0.3193722525342,-0.3289822939755055,False,False,False,False,5654434,6247539.237924575,False,False,False,False,79081.56373303472,False,False,False,False
2023-12-15 00:00:00+00:00,3.895,4.24,3.895,4.15,105085,,,,,,,,,,,,,,,,,,,,,,,,13.542092820769827,17.100518604553653,33.67087402409175,51.04661672370207,"rgba(239, 83, 80, 1.0)",0.0,0.0,2.5764940562006844,17.930467987285184,-5.4475064491248935,0.0,0.0,0.0,0.0,0.0,0.0,0.0,0.0,27.763481876613923,-15.695650018785415,False,True,False,True,False,0.0,0,0.8349172355329497,1.1536806516059628,False,False,False,False,-0.3027805281858724,-0.31588141108068896,False,False,False,False,5549349,6220159.2285942,False,False,False,False,80101.30633173925,False,False,False,False
2023-12-18 00:00:00+00:00,3.905,4.23,3.9,4.23,87058,,,,,,,,,,,,,,,,,,,,,,,,13.43144583112681,16.969835631127495,33.47692991029291,50.852753429140655,"rgba(239, 83, 80, 1.0)",0.0,0.0,2.561868180955537,17.810250815143466,-5.427777634506169,0.0,0.0,0.0,0.0,0.0,0.0,0.0,0.0,27.93009546384834,-15.810057516861207,False,True,False,True,False,0.0,0,0.8371186471697077,1.129606306286821,False,False,False,False,-0.3030920607742112,-0.3094867359274501,False,False,False,False,5636407,6197266.984335603,False,False,False,False,80374.11784814164,False,False,False,False
2023-12-19 00:00:00+00:00,3.935,4.03,3.8,4.0,102596,,,,,,,,,,,,,,,,,,,,,,,,13.303089371476078,16.818092666045434,33.25091363237925,50.625896078556394,"rgba(239, 83, 80, 1.0)",0.0,0.0,2.5380719077726868,17.66936293236372,-5.411337200614013,0.0,0.0,0.0,0.0,0.0,0.0,0.0,0.0,28.24454048341672,-15.880137719824404,False,True,False,True,False,0.0,0,0.8376392648787476,1.126912253302812,False,False,False,False,-0.3218912991342804,-0.3156890175308652,False,False,False,False,5739003,6179295.847694991,False,False,False,False,81245.56420703806,False,False,False,False
2023-12-20 00:00:00+00:00,4.0,4.125,3.935,3.96,82856,,,,,,,,,,,,,,,,,,,,,,,,13.202991460776504,16.699012900147064,33.07149526057724,50.44466421748598,"rgba(239, 83, 80, 1.0)",0.0,0.0,2.514602219902826,17.559998238635696,-5.3925022937264835,0.0,0.0,0.0,0.0,0.0,0.0,0.0,0.0,28.925197417063742,-15.880137719824404,False,True,False,True,False,0.0,0,0.8388821026986826,1.135704979745905,False,False,False,False,-0.3074595477626914,-0.31157428264677833,False,False,False,False,5821859,6165278.716412835,False,False,False,False,81308.71855186009,False,False,False,False
2023-12-21 00:00:00+00:00,4.0,4.0,3.75,3.95,90443,,,,,,,,,,,,,,,,,,,,,,,,13.09496118939322,16.570494403735943,32.87745764159318,50.24800264498809,"rgba(239, 83, 80, 1.0)",0.0,0.0,2.491955746287915,17.44093728199697,-5.393730326880386,0.0,0.0,0.0,0.0,0.0,0.0,0.0,0.0,29.378968706161757,-15.880137719824404,False,True,False,True,False,0.0,0,0.8201558763041691,1.1523204507728,False,False,False,False,-0.3269413015972739,-0.3192577921220261,False,False,False,False,5821859,6151811.276553509,False,False,False,False,81666.92566747342,False,False,False,False
2023-12-22 00:00:00+00:00,4.05,4.125,3.88,4.0,103509,,,,,,,,,,,,,,,,,,,,,,,,12.975703802833404,16.427701091509604,32.65930207408322,50.02544971697889,"rgba(239, 83, 80, 1.0)",0.0,0.0,2.480731033279383,17.30992631638113,-5.345168879051057,0.0,0.0,0.0,0.0,0.0,0.0,0.0,0.0,30.103388413334393,-15.880137719824404,False,True,False,True,False,0.0,0,0.8235347948980489,1.1495292246754298,False,False,False,False,-0.3108991337111658,-0.3150784629165959,False,False,False,False,5925368,6142931.148061215,False,False,False,False,82523.4776020823,False,False,False,False
2023-12-26 00:00:00+00:00,3.89,4.05,3.835,3.9,100219,,,,,,,,,,,,,,,,,,,,,,,,12.862013060307083,16.291491459987398,32.45052216351613,49.81156976838138,"rgba(239, 83, 80, 1.0)",0.0,0.0,2.484047617817243,17.184092733806487,-5.35178659155018,0.0,0.0,0.0,0.0,0.0,0.0,0.0,0.0,29.954553860170172,-15.880137719824404,False,True,False,True,False,0.0,0,0.8314325965475028,1.1398343233185486,False,False,False,False,-0.3184286215253512,-0.3167535422209735,False,False,False,False,5825149,6130469.103039207,False,False,False,False,83217.41965690261,False,False,False,False
2023-12-27 00:00:00+00:00,3.965,4.02,3.9,4.0,95868,,,,,,,,,,,,,,,,,,,,,,,,12.756334763044732,16.16432226386118,32.25387912911647,49.608986397422,"rgba(239, 83, 80, 1.0)",0.0,0.0,2.4582064929899876,17.067026464223535,-5.329912886320287,0.0,0.0,0.0,0.0,0.0,0.0,0.0,0.0,30.559771728042367,-15.880137719824404,False,True,False,True,False,0.0,0,0.8286075165801654,1.1601213702095534,False,False,False,False,-0.3162289445654275,-0.3164912433932005,False,False,False,False,5921017,6122255.295076885,False,False,False,False,83713.52084682799,False,False,False,False
2023-12-28 00:00:00+00:00,4.415,4.65,3.95,3.97,265959,,,,,,,,,,,,,,,,,,,,,,,,12.487890616436795,15.835355948511923,31.729369992031966,49.06079514978386,"rgba(239, 83, 80, 0.75)",0.0,0.0,2.4289707214747884,15.252172236284588,-4.461631480557585,0.0,0.0,0.0,0.0,0.0,0.0,0.0,0.0,34.7266566523342,-19.389556382244677,False,True,False,True,True,0.0,0,0.8121460870065909,1.1543856871152725,False,False,False,False,-0.274047282984896,-0.2952692631890482,False,False,False,False,6186976,6124793.361936616,False,False,False,False,90860.4023822465,False,False,False,False
2023-12-29 00:00:00+00:00,4.1,4.305,3.9,4.3,193082,,,,,,,,,,,,,,,,,,,,,,,,12.298133220469616,15.603086275846819,31.357582469016187,48.66899997419939,"rgba(239, 83, 80, 0.5)",0.0,0.0,2.400056555267912,15.05316623524298,-4.563711722209941,0.0,0.0,0.0,0.0,0.0,0.0,0.0,0.0,35.88242445887259,-18.222795371760608,False,False,False,True,True,0.0,0,0.8012841492014299,1.1602022236647254,False,False,False,False,-0.2984250254070215,-0.2968471442980348,False,False,False,False,5993894,6119660.053625376,False,False,False,False,94869.0924849035,False,False,False,False
2024-01-02 00:00:00+00:00,4.155,4.265,4.025,4.25,99886,,,,,,,,,,,,,,,,,,,,,,,,12.203838394334056,15.486973044012688,31.169470477150327,48.46919228293664,"rgba(239, 83, 80, 0.5)",0.0,0.0,2.3436445649592157,14.955666782560613,-4.608491809741878,0.0,0.0,0.0,0.0,0.0,0.0,0.0,0.0,37.09062362067922,-16.993611419846893,False,False,False,True,True,0.0,0,0.8074869799927853,1.147557060532837,False,False,False,False,-0.2931509292187176,-0.29499903675837624,False,False,False,False,6093780,6118645.149561636,False,False,False,False,95065.83395608376,False,False,False,False
2024-01-03 00:00:00+00:00,3.96,4.09,3.9,4.09,115629,,,,,,,,,,,,,,,,,,,,,,,,12.09518999440638,15.353551205481908,30.953622651554607,48.23926833320398,"rgba(239, 83, 80, 0.5)",0.0,0.0,2.295822875504929,14.841206850262747,-4.739567222871931,0.0,0.0,0.0,0.0,0.0,0.0,0.0,0.0,36.888458542640564,-16.993611419846893,False,False,False,True,True,0.0,0,0.8076820832668745,1.1532676629064755,False,False,False,False,-0.31183843792264243,-0.30341873734050934,False,False,False,False,5978151,6113135.575069023,False,False,False,False,95872.23262447264,False,False,False,False
2024-01-04 00:00:00+00:00,3.86,4.0,3.705,3.945,120501,,,,,,,,,,,,,,,,,,,,,,,,11.983234620175047,15.216228976681075,30.731244234286773,48.00148454707044,"rgba(239, 83, 80, 0.5)",0.0,0.0,2.2576660454967725,14.722117966246946,-4.81121554178172,0.0,0.0,0.0,0.0,0.0,0.0,0.0,0.0,36.250485583676614,-16.993611419846893,False,False,False,True,True,0.0,0,0.7889151580528028,1.1736373104102273,False,False,False,False,-0.3297890068577761,-0.31660387209914276,False,False,False,False,5857650,6103116.532909454,False,False,False,False,96838.0666391992,False,False,False,False
2024-01-05 00:00:00+00:00,3.805,3.86,3.75,3.825,63704,,,,,,,,,,,,,,,,,,,,,,,,11.924912257566326,15.144635596038711,30.614934191061757,47.87666325735949,"rgba(239, 83, 80, 0.5)",0.0,0.0,2.223289365696621,14.659952236151693,-4.882383914408066,0.0,0.0,0.0,0.0,0.0,0.0,0.0,0.0,35.54046008430338,-16.993611419846893,False,False,False,True,True,0.0,0,0.7769892006732545,1.1978693064594443,False,False,False,False,-0.3351434009051878,-0.3258736365021653,False,False,False,False,5793946,6090992.198285554,False,False,False,False,95538.69147687766,False,False,False,False
2024-01-08 00:00:00+00:00,3.77,3.89,3.575,3.7,90899,,,,,,,,,,,,,,,,,,,,,,,,11.842513694714725,15.043488550221959,30.45033342813204,47.69953127005204,"rgba(239, 83, 80, 0.5)",0.0,0.0,2.1909748909992257,13.148792017302899,-4.280647877724224,0.0,0.0,0.0,0.0,0.0,0.0,0.0,0.0,34.87594767492092,-16.993611419846893,False,False,False,True,False,0.0,0,0.7874211849416188,1.1747436865067058,False,False,False,False,-0.34282825441539394,-0.33435094545877964,False,False,False,False,5703047,6075778.661097885,False,False,False,False,95356.74279150993,False,False,False,False
2024-01-09 00:00:00+00:00,3.83,3.99,3.725,3.99,109952,,,,,,,,,,,,,,,,,,,,,,,,11.746279549792611,14.924610932359576,30.254666526543012,47.48766160282825,"rgba(239, 83, 80, 0.5)",0.0,0.0,2.1855116188325665,13.059374642487734,-4.222981274937254,0.0,0.0,0.0,0.0,0.0,0.0,0.0,0.0,35.11343819405639,-16.993611419846893,False,False,False,True,False,0.0,0,0.8026622582562628,1.1703188825800408,False,False,False,False,-0.32547456891541204,-0.32991275718709584,False,False,False,False,5812999,6065473.576348949,False,False,False,False,95929.10581929385,False,False,False,False
2024-01-10 00:00:00+00:00,3.755,3.825,3.71,3.76,100091,,,,,,,,,,,,,,,,,,,,,,,,11.65974748587844,14.817755180851746,30.07846868649121,47.296193506596666,"rgba(239, 83, 80, 0.5)",0.0,0.0,2.186906845196126,12.975221928074586,-4.216101819027275,0.0,0.0,0.0,0.0,0.0,0.0,0.0,0.0,34.79097521017493,-16.993611419846893,False,False,False,True,False,0.0,0,0.7935527437145454,1.168412146014144,False,False,False,False,-0.33794955763848217,-0.333931157412789,False,False,False,False,5712908,6051647.475315657,False,False,False,False,96092.31735579213,False,False,False,False
2024-01-11 00:00:00+00:00,3.76,3.79,3.75,3.775,97377,,,,,,,,,,,,,,,,,,,,,,,,11.577378102531448,14.715773061879968,29.909304844634306,47.111533727969636,"rgba(239, 83, 80, 0.5)",0.0,0.0,2.178292303704096,12.895517179058777,-4.193889481005009,0.0,0.0,0.0,0.0,0.0,0.0,0.0,0.0,34.64104896117914,-16.993611419846893,False,False,False,True,False,0.0,0,0.7940540887722183,1.1690662611286418,False,False,False,False,-0.3376016742127693,-0.33576641581277916,False,False,False,False,5810285,6042182.28020524,False,False,False,False,96142.69706732969,False,False,False,False
2024-01-12 00:00:00+00:00,3.795,3.8,3.765,3.8,81720,,,,,,,,,,,,,,,,,,,,,,,,11.509741547707726,14.631783526770281,29.769117429699044,46.95784069155484,"rgba(239, 83, 80, 0.5)",0.0,0.0,2.1681587031807226,12.830419299434379,-4.1673237693252245,0.0,0.0,0.0,0.0,0.0,0.0,0.0,0.0,35.0293509364102,-16.993611419846893,False,False,False,True,False,0.0,0,0.7898960238455356,1.1725552735887068,False,False,False,False,-0.3358634357898865,-0.3358149258013328,False,False,False,False,5892005,6036292.975099152,False,False,False,False,95577.10110390499,False,False,False,False
2024-01-16 00:00:00+00:00,21.005,24.495,6.66,7.0,32477484,,,,,,,,,,,,,,,,,,,,,,,,16.066101948793143,16.707149834665806,21.33921095278648,29.657659131832112,"rgba(38, 166, 154, 1.0)",0.0,0.0,2.707033850967955,16.964334843891347,1.492654092472405,0.0,0.0,0.0,0.0,0.0,0.0,0.0,0.0,55.04860024479197,0.8158719513710153,True,False,True,False,True,20.0,0,0.8856690459149934,0.6872912297496401,False,False,False,False,0.3428282481624803,0.0035066611805737447,False,False,False,False,38369489,7304261.446663891,False,False,False,False,1365455.8030213988,False,False,False,False
2024-01-17 00:00:00+00:00,8.13,12.16,7.75,8.065,10276826,,,,,,,,,,,,,,,,,,,,,,,,14.742388234218218,15.290309503309233,19.213635487494503,26.48497601581245,"rgba(38, 166, 154, 1.0)",0.0,0.0,2.7016170499722594,15.412697582022659,-2.695680937495356,0.0,0.0,0.0,0.0,0.0,0.0,0.0,0.0,54.70857272536112,0.8158719513710153,True,False,True,False,True,0.0,0,0.7769789283236761,0.8181102231000016,False,False,False,False,0.016717468150988138,0.010112064665780941,False,False,False,False,28092663,8119492.880128052,False,False,False,False,1714921.3009421283,False,False,False,False
2024-01-18 00:00:00+00:00,12.105,14.49,10.0,11.0,12474421,,,,,,,,,,,,,,,,,,,,,,,,14.251441370742745,14.704686369023412,17.971566568558615,24.207870230276907,"rgba(38, 166, 154, 1.0)",0.0,0.0,2.7584376665744106,14.782841245183604,-0.9707818587429253,0.0,0.0,0.0,0.0,0.0,0.0,0.0,0.0,56.44165042939713,0.8158719513710153,True,False,True,False,True,3.8995070003091286,0,0.8003105572760101,0.7760358342665175,False,False,False,False,0.14532861537086472,0.07772034001832283,False,False,False,False,40567084,9391947.43384852,False,False,False,False,2136862.465611065,False,False,False,False
2024-01-19 00:00:00+00:00,12.67,13.15,9.0,10.66,11057244,,,,,,,,,,,,,,,,,,,,,,,,13.865122358839743,14.259344883154144,17.1081753757725,22.64796043520962,"rgba(38, 166, 154, 1.0)",0.0,0.0,2.822156389128852,14.312410522417238,-0.5819700597542791,0.0,0.0,0.0,0.0,0.0,0.0,0.0,0.0,57.85902296050908,1.6611735852104772,True,False,True,False,True,4.704157626408996,0,0.7952656691387836,0.8100938541313055,False,False,False,False,0.07928772075471474,0.07850403038651879,False,False,False,False,51624328,11048119.22075642,False,False,False,False,2486681.349312592,False,False,False,False
2024-01-22 00:00:00+00:00,17.935,20.0,14.0075,14.0075,15503730,,,,,,,,,,17.314166666666665,,,,,,,,,,,,,,14.451432855901308,14.771780981835688,17.141093499961347,21.859093648920783,"rgba(38, 166, 154, 1.0)",0.0,0.0,3.0845701629410516,14.839362693022556,1.0035879047814684,0.0,0.0,0.0,0.0,0.0,0.0,0.0,0.0,60.996239418968244,4.42967045450181,True,False,True,False,True,11.533844390339127,0,0.862322634853345,0.7395228682648225,False,False,False,False,0.34282824883447577,0.2106661396104973,False,False,False,False,67128058,13247332.506216954,False,False,False,False,2997153.8454179806,False,False,False,False
2024-01-23 00:00:00+00:00,21.495,24.01,18.77,22.295,11358058,,,,,,,,,,19.052363819750198,,,,,,,,,,,,,,15.223718920609514,15.499922445125048,17.590058836040345,21.816656986911124,"rgba(38, 166, 154, 1.0)",0.0,0.0,3.499232043164323,15.585253932245559,1.6888694418819719,0.0,0.0,0.0,0.0,0.0,0.0,0.0,0.0,64.29519455324989,7.38006208412861,True,False,True,False,True,15.520975613228174,0,0.9240310558259416,0.6964722692787412,False,False,False,False,0.34282825022081587,0.2767471949156566,False,False,False,False,78486116,15805716.172639819,False,False,False,False,3325032.4397153147,False,False,False,False
2024-01-24 00:00:00+00:00,17.295,21.9495,16.665,18.85,7396782,,,,,,,,,,18.962574490645697,,,,,,,,,,,,,,15.453294961623051,15.70860142607558,17.656916763446564,21.62631242920821,"rgba(38, 166, 154, 1.0)",0.0,0.0,3.6843175465477773,15.795335109639296,0.407040074970166,0.0,0.0,0.0,0.0,0.0,0.0,0.0,0.0,63.526585178833585,7.38006208412861,True,False,True,False,True,9.156273937334042,0,0.908450002119351,0.7335945806699657,False,False,False,False,0.2577087540468695,0.267227974481263,False,False,False,False,71089334,17973701.185477473,False,False,False,False,3484708.893059812,False,False,False,False
2024-01-25 00:00:00+00:00,15.015,16.675,14.575,16.115,3218731,,,,,,,,,,18.6584642832115,,,,,,,,,,,,,,15.452395452854889,15.70052809092967,17.59645281342523,21.468811140047734,"rgba(38, 166, 154, 1.0)",0.0,0.0,3.787040338118748,15.78496001790763,-0.20331444853056832,0.0,0.0,0.0,0.0,0.0,0.0,0.0,0.0,61.57261092339949,7.38006208412861,True,False,True,False,True,6.001408236428524,0,0.8901772338489641,0.7881759343723288,False,False,False,False,0.11502105880859374,0.19112451664492838,False,False,False,False,67870603,19930442.433105808,False,False,False,False,3474278.387449623,False,False,False,False
2024-01-26 00:00:00+00:00,15.895,18.5,15.16,16.21,4486195,,,,,,,,,,18.429669123563965,,,,,,,,,,,,,,15.493037203155941,15.731388902988062,17.55728240353042,21.299647182244797,"rgba(38, 166, 154, 1.0)",0.0,0.0,3.9097204826263825,15.813931994168978,0.020734987626676353,0.0,0.0,0.0,0.0,0.0,0.0,0.0,0.0,60.67592274252691,7.38006208412861,True,False,True,False,True,7.005309791128859,0,0.8990421571711698,0.7642246070551317,False,False,False,False,0.16093192907007717,0.17602822285750278,False,False,False,False,72356798,21986377.945533033,False,False,False,False,3513961.391863364,False,False,False,False
2024-01-29 00:00:00+00:00,14.61,17.0,14.1,16.495,2261725,,,,,,,,,,18.266375570280736,,,,,,,,,,,,,,15.488202148209016,15.722152650277105,17.515540414464166,21.19696609720018,"rgba(38, 166, 154, 0.75)",0.0,0.0,3.9913344762017764,15.803123603888526,-0.29892849396674065,0.0,0.0,0.0,0.0,0.0,0.0,0.0,0.0,59.211241867627464,7.38006208412861,True,False,True,False,False,5.265215996293744,0,0.8895559692421505,0.7913222468510911,False,False,False,False,0.11218138195232445,0.1441048024049136,False,False,False,False,70095073,23872993.43786507,False,False,False,False,3464854.082378526,False,False,False,False
2024-01-30 00:00:00+00:00,14.465,15.87,12.715,14.18,2388337,,,,,,,,,,18.065712392404517,,,,,,,,,,,,,,15.465977015647509,15.695624074635402,17.456533653205426,21.076667640732257,"rgba(38, 166, 154, 0.75)",0.0,0.0,4.066066333995109,15.774553843753768,-0.3220689817096682,0.0,0.0,0.0,0.0,0.0,0.0,0.0,0.0,58.132499040704786,7.38006208412861,True,False,True,False,False,5.069585272078953,0,0.8792003389138795,0.8056118954058638,False,False,False,False,0.06480101216154988,0.10445290728323174,False,False,False,False,67706736,25591963.734419383,False,False,False,False,3422637.7262068195,False,False,False,False
2024-01-31 00:00:00+00:00,16.01,17.4,14.115,14.115,2308195,,,,,,,,,,17.96077888309385,,,,,,,,,,,,,,15.472935453463542,15.698302799448513,17.42795686311382,20.98926126689758,"rgba(38, 166, 154, 0.75)",0.0,0.0,4.176364978357185,15.776049492225525,0.05601773527621706,0.0,0.0,0.0,0.0,0.0,0.0,0.0,0.0,58.29481120804633,7.38006208412861,True,False,True,False,False,6.874893186062543,0,0.9039245735642515,0.7923963903481186,False,False,False,False,0.12004236755181248,0.11224763741752211,False,False,False,False,70014931,27334040.882089213,False,False,False,False,3378934.089884984,False,False,False,False
2024-02-01 00:00:00+00:00,17.255,18.185,16.25,17.405,1969253,,,,,,,,,,17.9325010277127,,,,,,,,,,,,,,15.500268635816896,15.721902527587826,17.42501265501158,20.936463556362146,"rgba(38, 166, 154, 0.75)",0.0,0.0,4.3164197000573274,15.799202025956543,0.33726979191206113,0.0,0.0,0.0,0.0,0.0,0.0,0.0,0.0,59.100306291295766,7.38006208412861,True,False,True,False,False,8.29096293702996,0,0.92678497912511,0.7797381734227162,False,False,False,False,0.17583065974573422,0.14403914858162817,False,False,False,False,71984184,29085026.886713166,False,False,False,False,3323652.4785169456,False,False,False,False
2024-02-02 00:00:00+00:00,17.095,17.795,16.26,17.65,1257169,,,,,,,,,,17.911226017906348,,,,,,,,,,,,,,15.515507736339822,15.734838683916903,17.42148544039852,20.901926704883493,"rgba(38, 166, 154, 0.75)",0.0,0.0,4.443190865029209,15.811803776098154,0.2888006081398462,0.0,0.0,0.0,0.0,0.0,0.0,0.0,0.0,59.493709304545504,7.38006208412861,True,False,True,False,False,8.06454142985734,0,0.9302392602769386,0.7840085512181062,False,False,False,False,0.1685162199208403,0.15627768425123423,False,False,False,False,70727015,30718046.028410688,False,False,False,False,3242613.910731967,False,False,False,False
2024-02-05 00:00:00+00:00,20.5,21.235,17.5,17.5,5203652,,,,,,,,,,18.077608191737873,,,,,,,,,,,,,,15.680924405030378,15.890251192061093,17.508553536808787,20.860881648170793,"rgba(38, 166, 154, 1.0)",0.0,0.0,4.669515280515835,15.968295278784684,0.9704871809980896,0.0,0.0,0.0,0.0,0.0,0.0,0.0,0.0,61.641894601322825,7.38006208412861,True,False,True,False,True,11.795649469129064,0,0.944311884859852,0.7521891147774021,False,False,False,False,0.2601151410434911,0.20819641264736266,False,False,False,False,75930667,32491089.98808086,False,False,False,False,3319517.3652130663,False,False,False,False
2024-02-06 00:00:00+00:00,19.79,21.72,18.25,20.945,2488533,,,,,,,,,,18.154226260442503,,,,,,,,,,,,,,15.758754847068884,15.963577853105216,17.55100694851889,20.84518457946882,"rgba(38, 166, 154, 1.0)",0.0,0.0,4.858090254301048,16.042068592199612,0.7714824574290697,0.0,0.0,0.0,0.0,0.0,0.0,0.0,0.0,62.37862888926565,7.38006208412861,True,False,True,False,True,10.77829071502271,0,0.9501984211019735,0.7544184922090152,False,False,False,False,0.2849541904304313,0.24657530153889698,False,False,False,False,73442134,34097013.28266592,False,False,False,False,3286929.7430478483,False,False,False,False
2024-02-07 00:00:00+00:00,16.92,17.35,15.5,16.4,3039589,,,,,,,,,,18.078612252950986,,,,,,,,,,,,,,15.776987383119,15.977197809071491,17.53077707539727,20.76020541261207,"rgba(38, 166, 154, 1.0)",0.0,0.0,4.958465486619612,16.054471446272657,0.17455572819110424,0.0,0.0,0.0,0.0,0.0,0.0,0.0,0.0,60.244849977515244,7.38006208412861,True,False,True,False,True,6.822386356906097,0,0.9207437561908187,0.7820969435764362,False,False,False,False,0.14543559190229693,0.19600544672059694,False,False,False,False,70402545,35520759.624522164,False,False,False,False,3277230.10606558,False,False,False,False
2024-02-08 00:00:00+00:00,18.52,19.015,15.835,15.955,2219083,,,,,,,,,,18.06877409523283,,,,,,,,,,,,,,15.808714003147427,16.005523346107307,17.534700588675715,20.71752260249033,"rgba(38, 166, 154, 0.75)",0.0,0.0,5.0934565132401115,16.082347154248033,0.47858518854837473,0.0,0.0,0.0,0.0,0.0,0.0,0.0,0.0,59.854112654596555,7.38006208412861,True,False,True,False,False,8.565298100139636,1,0.9236926067061917,0.7749256276959821,False,False,False,False,0.1838401574300615,0.18992280207532922,False,False,False,False,72621628,36975695.639246784,False,False,False,False,3235734.1411218317,False,False,False,False
2024-02-09 00:00:00+00:00,16.82,18.46,16.5,18.46,1266527,,,,,,,,,,18.053339369089517,,,,,,,,,,,,,,15.821652447293655,16.016611911043352,17.532347888207447,20.689395499777465,"rgba(38, 166, 154, 0.75)",0.0,0.0,5.181287621280086,16.09307040361524,0.14029902401078548,0.0,0.0,0.0,0.0,0.0,0.0,0.0,0.0,58.098347808122135,7.38006208412861,True,False,True,False,False,6.311634176572415,1,0.9306552320836594,0.7809110523976905,False,False,False,False,0.18596703235577766,0.18794491721555345,False,False,False,False,71355101,38323907.614178285,False,False,False,False,3158510.3316660738,False,False,False,False
2024-02-12 00:00:00+00:00,15.975,16.845,15.325,16.82,978821,,,,,,,,,,18.024197486531165,,,,,,,,,,,,,,15.823203586443423,16.016827138434596,17.52258970677731,20.660399086082606,"rgba(38, 166, 154, 0.75)",0.0,0.0,5.24976758130048,16.09282292831785,-0.022443456113663624,0.0,0.0,0.0,0.0,0.0,0.0,0.0,0.0,56.20247573221846,10.86351282954891,True,False,True,False,False,5.214405207699031,1,0.9243796496175218,0.7980768809741702,False,False,False,False,0.13247996538276122,0.16021244129915735,False,False,False,False,70376280,39580863.39401443,False,False,False,False,3073032.318659561,False,False,False,False
2024-02-13 00:00:00+00:00,14.4,15.5,14.095,15.5,1004476,,,,,,,,,,17.97482967773447,,,,,,,,,,,,,,15.81512718287425,16.007479779290943,17.503436294112344,20.622204160176754,#000000,0.0,0.0,5.29058695802046,16.082797618395055,-0.31807389836848937,0.0,0.0,0.0,0.0,0.0,0.0,0.0,0.0,53.61853272254357,8.321117737170383,True,False,False,False,False,3.2072121141952827,1,0.9125012419596612,0.8018696352742465,False,False,False,False,0.0837817757891489,0.12199710854415313,False,False,False,False,69371804,40749135.57464132,False,False,False,False,2991912.463025853,False,False,False,False
2024-02-14 00:00:00+00:00,15.09,16.1,14.755,15.835,777044,,,,,,,,,,17.944930541634893,,,,,,,,,,,,,,15.812443796730626,16.003795402354967,17.492147690311235,20.596177145530916,#000000,0.0,0.0,5.340201054015953,16.07867183175986,-0.1851375672487753,0.0,0.0,0.0,0.0,0.0,0.0,0.0,0.0,52.49959545129384,7.193650597352082,True,False,False,False,False,4.00141043517684,1,0.9155790545367437,0.7980271122347276,False,False,False,False,0.10754709368689473,0.11477210111552394,False,False,False,False,70148848,41902065.473675,False,False,False,False,2905054.8762405254,False,False,False,False
2024-02-15 00:00:00+00:00,15.33,17.0,14.775,16.6,1730236,,,,,,,,,,17.89015228059665,,,,,,,,,,,,,,15.811135956340786,16.000257924100328,17.471815885472697,20.543306962333627,#000000,0.0,0.0,5.391790616675489,16.074266934365752,-0.13803706176273184,0.0,0.0,0.0,0.0,0.0,0.0,0.0,0.0,51.9735439438045,6.575122774923727,True,False,False,False,False,4.2790824478418195,0,0.9115305658388552,0.8035736296057021,False,False,False,False,0.12497479512812573,0.11987344812182484,False,False,False,False,71879084,43077634.82764853,False,False,False,False,2858983.5477605048,False,False,False,False
2024-02-16 00:00:00+00:00,14.95,15.25,14.475,15.1,728982,,,,,,,,,,17.85961741384105,,,,,,,,,,,,,,15.806585044232405,15.994816061931541,17.45953047540239,20.517702508979966,#000000,0.0,0.0,5.435193706819142,16.0683808570097,-0.20576651308794194,0.0,0.0,0.0,0.0,0.0,0.0,0.0,0.0,51.239581789469916,5.710282836100511,True,False,False,False,False,3.781286069798128,1,0.9063319993705852,0.8155346412122193,False,False,False,False,0.08622893760700984,0.10305119286441733,False,False,False,False,71150102,44178515.893230945,False,False,False,False,2775454.0752993086,False,False,False,False
2024-02-20 00:00:00+00:00,14.515,14.745,13.5,14.35,636023,,,,,,,,,,17.827858297493982,,,,,,,,,,,,,,15.799906409660208,15.987389373011927,17.4462659838389,20.493038646463447,#000000,0.0,0.0,5.471423659787335,16.06051307292288,-0.28247000580155246,0.0,0.0,0.0,0.0,0.0,0.0,0.0,0.0,50.29160530095368,4.626230897770441,True,False,False,False,False,3.2076690300852597,0,0.899272701148211,0.8150480287707762,False,False,False,False,0.058422599084898455,0.08073689597465789,False,False,False,False,70514079,45211283.073888555,False,False,False,False,2691554.817444434,False,False,False,False
2024-02-21 00:00:00+00:00,13.215,14.135,13.145,14.01,640013,,,,,,,,,,17.789827713173466,,,,,,,,,,,,,,15.78999097964697,15.976753650534238,17.42989850309507,20.46543592347648,"rgba(239, 83, 80, 0.5)",0.0,0.0,5.49124509421137,16.04937028556983,-0.5161616786250713,0.0,0.0,0.0,0.0,0.0,0.0,0.0,0.0,48.31564506573735,2.600030908762079,False,False,False,True,False,1.5088823192345053,0,0.9058702176339996,0.8110400332797065,False,False,False,False,0.04034326412114581,0.060540080047901845,False,False,False,False,69874066,46178451.03177528,False,False,False,False,2611102.1971524954,False,False,False,False
2024-02-22 00:00:00+00:00,12.645,13.555,12.005,13.29,802938,,,,,,,,,,17.73473013246399,,,,,,,,,,,,,,15.773568112590898,15.959468083885708,17.40560565020724,20.427352594547767,"rgba(239, 83, 80, 0.5)",0.0,0.0,5.505117015229295,16.03137167016802,-0.6151316422157784,0.0,0.0,0.0,0.0,0.0,0.0,0.0,0.0,46.427085854375065,0.7149521959070455,False,False,False,True,False,0.7724946185850818,0,0.8970170007015362,0.8085898281446255,False,False,False,False,0.008176592589230338,0.03435833631856609,False,False,False,False,69071128,47076203.069744885,False,False,False,False,2540193.7972641625,False,False,False,False
2024-02-23 00:00:00+00:00,9.475,10.13,8.575,9.505,2393979,,,,,,,,,,17.47217905135932,,,,,,,,,,,,,,15.672919362919647,15.856713399079466,17.283875686611353,20.267628526866666,"rgba(239, 83, 80, 0.5)",0.0,0.0,5.505118815356024,15.92547661790358,-1.1717234149262261,0.0,0.0,0.0,0.0,0.0,0.0,0.0,0.0,42.45057279878215,-3.04687515724342,False,False,False,True,False,0.0,0,0.8830467772119591,0.8220525219249069,False,False,False,False,-0.120516386951687,-0.04307902531656045,False,False,False,False,66677149,47844867.6160294,False,False,False,False,2534459.88364596,False,False,False,False
2024-02-26 00:00:00+00:00,8.8,10.25,7.375,8.75,1772422,,,,,,,,,,17.274878608263897,,,,,,,,,,,,,,15.593671056831708,15.775985233978384,17.189600313187867,20.146118631133405,"rgba(239, 83, 80, 1.0)",0.0,0.0,5.505218377812376,15.842391783970461,-1.2792211499462651,0.0,0.0,0.0,0.0,0.0,0.0,0.0,0.0,39.30678693597579,-5.904662461563504,False,True,False,True,False,0.0,0,0.8798497571367362,0.8214264262460508,False,False,False,False,-0.14104833066703998,-0.09206367799180021,False,False,False,False,64904727,48513881.70951844,False,False,False,False,2504576.045071609,False,False,False,False
2024-02-27 00:00:00+00:00,8.29,9.98,7.55,8.98,1718642,,,,,,,,,,17.087603748421227,,,,,,,,,,,,,,15.51632283013983,15.697238003866554,17.09801502634242,20.02867900636869,"rgba(239, 83, 80, 1.0)",0.0,0.0,5.506342601660616,15.761401588160666,-1.35687190729967,0.0,0.0,0.0,0.0,0.0,0.0,0.0,0.0,36.83240908864698,-8.107247339401134,False,True,False,True,False,0.0,0,0.8862135187251813,0.8219757166123136,False,False,False,False,-0.14285979861461695,-0.11746173830320858,False,False,False,False,63186085,49089262.2307138,False,False,False,False,2473755.102127624,False,False,False,False
2024-02-28 00:00:00+00:00,8.22,8.58,7.42,8.28,977054,,,,,,,,,,16.978230275324876,,,,,,,,,,,,,,15.469773307835146,15.64992674150264,17.043598803005466,19.959905802006087,"rgba(239, 83, 80, 1.0)",0.0,0.0,5.507369469037302,15.712786357399802,-1.3605018511150575,0.0,0.0,0.0,0.0,0.0,0.0,0.0,0.0,35.127925135717085,-9.621510944438882,False,True,False,True,False,0.0,0,0.8850148513491775,0.8360073609329081,False,False,False,False,-0.17217116332772986,-0.14481645081546923,False,False,False,False,62209031,49603762.96676424,False,False,False,False,2415060.9412598745,False,False,False,False
2024-02-29 00:00:00+00:00,7.04,8.1148,7.03,7.87,1008719,,,,,,,,,,16.85966935528277,,,,,,,,,,,,,,15.417969912106896,15.597375631122944,16.98390623955622,19.8857237779681,"rgba(239, 83, 80, 1.0)",0.0,0.0,5.512301000883394,15.658832386181746,-1.5635634528666895,0.0,0.0,0.0,0.0,0.0,0.0,0.0,0.0,33.06740491620128,-11.524072679621156,False,True,False,True,False,0.0,0,0.8807814491578608,0.8408296270887823,False,False,False,False,-0.18868025074038455,-0.16674835077792688,False,False,False,False,61200312,50058529.59551859,False,False,False,False,2359910.276896742,False,False,False,False
2024-03-01 00:00:00+00:00,7.08,7.35,5.9,6.78,1298034,,,,,,,,,,16.701663615103758,,,,,,,,,,,,,,15.347216262901902,15.52570497974554,16.903287980117135,19.786882691105845,"rgba(239, 83, 80, 1.0)",0.0,0.0,5.513463884802797,15.075445038028736,-1.450167300463729,0.0,0.0,0.0,0.0,0.0,0.0,0.0,0.0,31.77067141024332,-12.75328840163371,False,True,False,True,False,0.0,0,0.8730754813953219,0.8480734526371925,False,False,True,False,-0.22563729102982188,-0.19619282090387438,False,False,False,False,62498346,50546365.53294923,False,False,False,False,2318268.0699596154,False,False,False,False
2024-03-04 00:00:00+00:00,12.41,16.8899,8.515,8.52,68448410,,,,,,,,,12.604966666666666,14.848081606051043,,,,,,,,,,,,,,14.52026046484477,14.649636091735914,15.639458712067139,17.74372614447847,"rgba(239, 83, 80, 0.75)",0.0,0.0,5.521385559396411,14.52118926393231,-0.3823658466196847,0.0,0.0,0.0,0.0,0.0,0.0,0.0,0.0,38.521582041247,-17.411809155307168,False,True,False,True,True,0.98301656168465,0,0.8910357244112732,0.7949001722681395,False,False,False,False,0.005277804432385701,-0.09545750823574434,False,False,False,False,130946756,53699322.021853186,False,False,False,False,4911606.969176886,False,False,False,False
2024-03-05 00:00:00+00:00,14.72,17.99,13.06,15.99,26248073,,,,,,,,,13.339967724457798,14.90849170706809,,,,,,,,,,,,,,14.596591754937931,14.712255207244707,15.600671534339517,17.499093879241993,"rgba(239, 83, 80, 0.5)",0.0,0.0,5.553130174032069,14.604428832274063,0.020811896012519048,0.0,0.0,0.0,0.0,0.0,0.0,0.0,0.0,45.153766277409616,-11.48509538366438,False,False,False,True,True,3.699497535838397,0,0.9211502680116431,0.7910929250190843,False,False,False,False,0.11123522545898808,0.00788885861162187,False,False,False,False,157194829,57757969.354329534,False,False,False,False,5748331.12724838,False,False,False,False
2024-03-06 00:00:00+00:00,10.27,13.7,10.15,13.33,6479991,,,,,,,,,13.214011831245145,14.783999194981774,,,,,,,,,,,,,,14.516168120724464,14.629335450599447,15.497504966169053,17.35386782357958,"rgba(239, 83, 80, 0.5)",0.0,0.0,5.549380014069702,14.485867761085355,-0.7597006783454356,0.0,0.0,0.0,0.0,0.0,0.0,0.0,0.0,45.28656518589705,-11.48509538366438,False,False,False,True,True,0.0,0,0.8982528850667947,0.8183157855089542,False,False,False,False,-0.023786165818030905,-0.007948653603204518,False,False,False,False,150714838,61403336.752198964,False,False,False,False,5777023.6712778555,False,False,False,False
2024-03-07 00:00:00+00:00,10.89,12.08,10.311,10.55,4925999,,,,,,,,,13.11557097623917,14.687783383117452,,,,,,,,,,,,,,14.452460435769144,14.56382346288096,15.417292837208898,17.243043384562412,"rgba(239, 83, 80, 0.5)",0.0,0.0,5.5442242489403535,14.400323146235497,-0.6331495604468761,0.0,0.0,0.0,0.0,0.0,0.0,0.0,0.0,45.967697781610035,-11.07111843284465,False,False,False,True,True,0.0,0,0.8992461615873868,0.8315497948675624,False,False,False,False,-0.05109326131919693,-0.029520957461200724,False,False,False,False,155640837,65098924.99721077,False,False,False,False,5743650.154757156,False,False,False,False
2024-03-08 00:00:00+00:00,10.48,11.25,9.9,10.8,1282570,,,,,,,,,13.084849054996733,14.659838878814393,,,,,,,,,,,,,,14.433605937707165,14.54452046230814,15.39428781606221,17.212304165559935,"rgba(239, 83, 80, 0.5)",0.0,0.0,5.534139641949078,14.375757512957227,-0.7039499840999989,0.0,0.0,0.0,0.0,0.0,0.0,0.0,0.0,46.05576386217591,-10.852778767470724,False,False,False,True,True,0.0,0,0.8975838191986492,0.8378002555169329,False,False,False,False,-0.07437868115292547,-0.05194981930706309,False,False,False,False,154358267,68599291.35026133,False,False,False,False,5568705.834962757,False,False,False,False
2024-03-11 00:00:00+00:00,10.42,11.08,10.04,10.15,1120207,,,,,,,,,13.058300755149329,14.635562781663925,,,,,,,,,,,,,,14.41716059300158,14.527686798950338,15.374248818361577,17.18556639243886,"rgba(239, 83, 80, 0.5)",0.0,0.0,5.52176289498962,14.354597783723515,-0.7125618862218297,0.0,0.0,0.0,0.0,0.0,0.0,0.0,0.0,46.0571350356332,-10.569150129305768,False,False,False,True,True,0.0,0,0.8987539513584005,0.8397544412152126,False,False,False,False,-0.07494248052537157,-0.06344614991621733,False,False,False,False,153238060,71918458.7482903,False,False,False,False,5394254.900258335,False,False,False,False
2024-03-12 00:00:00+00:00,10.4,10.49,9.35,10.4,920273,,,,,,,,,13.033253127359204,14.613756920331525,,,,,,,,,,,,,,14.40226504428604,14.512480940123028,15.35645243863689,17.162343701404463,"rgba(239, 83, 80, 0.5)",0.0,0.0,5.509081353581196,14.335505259048404,-0.7143668801496488,0.0,0.0,0.0,0.0,0.0,0.0,0.0,0.0,46.037131416003064,-10.210745112165341,False,False,False,True,True,0.0,0,0.8942004617316641,0.8482040785860483,False,False,False,False,-0.09904696698114213,-0.08124655844867973,False,False,False,False,152317787,75071373.58169068,False,False,False,False,5218804.629659969,False,False,False,False
2024-03-13 00:00:00+00:00,9.2,10.2999,8.82,9.9,1151549,,,,,,,,,12.995832662558653,14.582952553641302,,,,,,,,,,,,,,14.381030779223774,14.490873076977728,15.331670574568667,17.13089098765494,"rgba(239, 83, 80, 0.5)",0.0,0.0,5.496074777054131,14.3083413034168,-0.929452656784056,0.0,0.0,0.0,0.0,0.0,0.0,0.0,0.0,44.75885017072116,-10.210745112165341,False,False,False,True,True,0.0,0,0.8918764272301202,0.8483124222988614,False,False,False,False,-0.11265643160898803,-0.09695149502883388,False,False,False,False,151166238,78055485.91182046,False,False,False,False,5059304.40888899,False,False,False,False
2024-03-14 00:00:00+00:00,8.77,9.16,8.2001,9.04,793921,,,,,,,,,12.965280846528264,14.558943596766634,,,,,,,,,,,,,,14.364349501385046,14.473945268115276,15.312603763829273,17.1073111663031,"rgba(239, 83, 80, 0.75)",0.0,0.0,5.484622879939039,14.287032923926017,-1.0059092566064156,0.0,0.0,0.0,0.0,0.0,0.0,0.0,0.0,43.46360648250115,-10.210745112165341,False,True,False,True,True,0.0,0,0.8873295663724658,0.8559160113953478,False,False,False,False,-0.14610179748599336,-0.12152664625741362,False,False,False,False,150372317,80891440.07214122,False,False,False,False,4892034.471285501,False,False,False,False
2024-03-15 00:00:00+00:00,10.59,10.72,8.62,8.73,1929532,,,,,,,,,12.914384112416071,14.513863834986408,,,,,,,,,,,,,,14.333204664095222,14.442165226174257,15.275521232977864,17.05911171506686,"rgba(239, 83, 80, 0.5)",0.0,0.0,5.471881706911259,14.248340721255015,-0.6685708714489111,0.0,0.0,0.0,0.0,0.0,0.0,0.0,0.0,45.12055988440257,-10.210745112165341,False,False,False,True,True,0.0,0,0.8925583426524288,0.8469379338654328,False,False,False,False,-0.10849249051021467,-0.11500956838381415,False,False,False,False,152301849,83691848.26539057,False,False,False,False,4775857.903784108,False,False,False,False
2024-03-18 00:00:00+00:00,10.46,10.69,10.02,10.43,630283,,,,,,,,,12.90041882577011,14.50065407826289,,,,,,,,,,,,,,14.324082918476574,14.43283323951353,15.264455800046774,17.044418831107883,"rgba(239, 83, 80, 0.5)",0.0,0.0,5.459132998023197,14.237217605206501,-0.6919079653443626,0.0,0.0,0.0,0.0,0.0,0.0,0.0,0.0,46.06458638727075,-9.129132753206683,False,False,False,True,True,0.0,0,0.9029892016739989,0.8469213385102023,False,False,False,False,-0.08265265958369314,-0.09883111398375365,False,False,False,False,151671566,86357719.54910074,False,False,False,False,4613286.33892983,False,False,False,False
2024-03-19 00:00:00+00:00,10.02,10.3499,9.3001,10.0,511081,,,,,,,,,12.886974728706198,14.48870923114262,,,,,,,,,,,,,,14.315781109977713,14.42436569186832,15.254603236270853,17.03166054308909,"rgba(239, 83, 80, 0.5)",0.0,0.0,5.440456514862123,14.227034987920145,-0.7732871269952177,0.0,0.0,0.0,0.0,0.0,0.0,0.0,0.0,46.12306927522849,-8.776936223291614,False,False,False,True,True,0.0,0,0.8980904069211185,0.8485099243335307,False,False,False,False,-0.1026341007308754,-0.10073260735731451,False,False,False,False,151160485,88899004.46874386,False,False,False,False,4452415.541324738,False,False,False,False
2024-03-20 00:00:00+00:00,10.33,11.2084,9.925,10.01,1548317,,,,,,,,,12.854948895262758,14.457552518051871,,,,,,,,,,,,,,14.29419111911138,14.40226158174397,15.228275904342699,16.99649783642384,"rgba(239, 83, 80, 0.5)",0.0,0.0,5.419952191373312,14.20108007385925,-0.7142277158866216,0.0,0.0,0.0,0.0,0.0,0.0,0.0,0.0,46.64470149772808,-7.9586942819044,False,False,False,True,True,0.0,0,0.9037492931030792,0.8442162921949763,False,False,False,False,-0.07549866359896831,-0.08811563547814141,False,False,False,False,152708802,91401349.4699696,False,False,False,False,4338529.324017886,False,False,False,False
2024-03-21 00:00:00+00:00,10.01,10.5685,9.41,10.5,829337,,,,,,,,,12.834653542137492,14.439020355239922,,,,,,,,,,,,,,14.281245802444074,14.389049346540116,15.212843105930238,16.976407379189215,"rgba(239, 83, 80, 0.5)",0.0,0.0,5.4031595669868855,14.185467987908112,-0.7727826535829284,0.0,0.0,0.0,0.0,0.0,0.0,0.0,0.0,46.520746728117395,-7.759127539209771,False,False,False,True,True,0.0,0,0.9001234296535516,0.8497214222152086,False,False,False,False,-0.09728805334854934,-0.09270184441334538,False,False,False,False,151879465,93773040.27506883,False,False,False,False,4200913.938762283,False,False,False,False
2024-03-22 00:00:00+00:00,9.51,10.36,9.51,9.86,720276,,,,,,,,,12.816016539176678,14.422320596007724,,,,,,,,,,,,,,14.269536756386575,14.37711183034917,15.198995182350416,16.958547918554153,"rgba(239, 83, 80, 0.5)",0.0,0.0,5.394906246212348,14.171362978029316,-0.8640303955795271,0.0,0.0,0.0,0.0,0.0,0.0,0.0,0.0,45.68959508188681,-7.759127539209771,False,False,False,True,True,0.0,0,0.9013259890995978,0.8507076284737007,False,False,False,False,-0.09940100666565592,-0.09605142553950065,False,False,False,False,151159189,96023477.4799681,False,False,False,False,4064418.3333206247,False,False,False,False
2024-03-25 00:00:00+00:00,10.02,10.46,9.57,9.6,2087977,,,,,,,,,12.767156839807528,14.376885099894775,,,,,,,,,,,,,,14.237613018599962,14.34452362426716,15.160891115545992,16.908872333540014,"rgba(239, 83, 80, 0.5)",0.0,0.0,5.382247268351135,14.133416960021801,-0.7642564072092431,0.0,0.0,0.0,0.0,0.0,0.0,0.0,0.0,46.09891945477813,-7.639028987296257,False,False,False,True,True,0.0,1,0.9016346394042873,0.8503410173555301,False,False,False,False,-0.09668091486326862,-0.09636617020138463,False,False,False,False,153247166,98267543.69643994,False,False,False,False,3986910.8300531493,False,False,False,False
2024-03-26 00:00:00+00:00,9.62,10.76,8.77,10.4,2878884,,,,,,,,,12.69547089295457,14.31154832682949,,,,,,,,,,,,,,14.191301642398349,14.2973221342677,15.106252431283972,16.838603557873082,"rgba(239, 83, 80, 0.75)",0.0,0.0,5.365607618633019,14.078807775556546,-0.8309977345478172,0.0,0.0,0.0,0.0,0.0,0.0,0.0,0.0,45.70479496438173,-7.639028987296257,False,True,False,True,True,0.0,1,0.8978484909916391,0.850382879061908,False,False,False,False,-0.19196479587958792,-0.14416548304048626,False,False,False,False,150368282,100310709.9044227,False,False,False,False,3943458.7975020455,False,False,False,False
2024-03-27 00:00:00+00:00,9.7,9.96,9.35,9.64,659526,,,,,,,,,12.679270209496424,14.296687965359448,,,,,,,,,,,,,,14.180716137295326,14.286535158981087,15.093782208614497,16.822594283968293,"rgba(239, 83, 80, 0.75)",0.0,0.0,5.326395283090364,14.066432348116303,-0.8197724945383528,0.0,0.0,0.0,0.0,0.0,0.0,0.0,0.0,45.6127254659172,-7.600986741433715,False,True,False,True,True,0.0,1,0.8873570828453321,0.9595707963272972,False,False,False,False,-0.19707024370143472,-0.1706178633709605,False,False,False,False,151027808,102299615.71209241,False,False,False,False,3814677.119168632,False,False,False,False
2024-03-28 00:00:00+00:00,8.96,9.69,8.88,9.62,682403,,,,,,,,,12.659970944169691,14.279783128534937,,,,,,,,,,,,,,14.168623308220155,14.274239765885897,15.079771371431542,16.804967467287533,"rgba(239, 83, 80, 1.0)",0.0,0.0,5.288171308950605,14.052210456361797,-0.9629435505886258,0.0,0.0,0.0,0.0,0.0,0.0,0.0,0.0,44.2428376331939,-7.600986741433715,False,True,False,True,False,0.0,1,0.9322843173021108,0.9310223776320047,False,False,False,False,-0.21431943226077382,-0.19246864781586714,False,False,False,False,150345405,104183764.31161821,False,False,False,False,3691842.8399855485,False,False,False,False
2024-04-01 00:00:00+00:00,8.52,9.023,8.23,8.97,562698,,,,,,,,,12.641567457641393,14.26433726258543,,,,,,,,,,,,,,14.157530911618286,14.262985885873814,15.067126808428126,16.789382484550718,"rgba(239, 83, 80, 1.0)",0.0,0.0,5.24911105730365,14.03908847536907,-1.0514329788640635,0.0,0.0,0.0,0.0,0.0,0.0,0.0,0.0,42.58952348688186,-7.600986741433715,False,True,False,True,False,0.0,1,0.9210450847991077,0.9668336474041033,False,False,False,False,-0.2453390668564466,-0.21890385733615686,False,False,False,False,149782707,105971958.14253515,False,False,False,False,3569131.277633174,False,False,False,False
2024-04-02 00:00:00+00:00,8.27,8.49,8.12,8.43,384746,,,,,,,,,12.628161859898722,14.253272719900705,,,,,,,,,,,,,,14.149567605834443,14.254914158590905,15.05811330206673,16.778374544772284,"rgba(239, 83, 80, 1.0)",0.0,0.0,5.201590897492844,14.029653962075368,-1.1072869965324474,0.0,0.0,0.0,0.0,0.0,0.0,0.0,0.0,41.06368566549051,-5.938874923010587,False,True,False,True,False,0.0,1,0.9256889127518547,0.9589168116698686,False,False,False,False,-0.26065009568020503,-0.23977697650818094,False,False,False,False,149397961,107674938.64674945,False,False,False,False,3444253.4236083436,False,False,False,False
2024-04-03 00:00:00+00:00,8.12,8.4042,7.8,8.2,352485,,,,,,,,,12.615430862160766,14.242857884139012,,,,,,,,,,,,,,14.14206078228841,14.247309166960136,15.049651030637712,16.768094976685482,"rgba(239, 83, 80, 1.0)",0.0,0.0,5.148431667085246,14.020756848778442,-1.146127059722465,0.0,0.0,0.0,0.0,0.0,0.0,0.0,0.0,39.781567302930206,-7.195175534936482,False,True,False,True,False,0.0,1,0.8865478784011271,1.013681660350646,False,False,False,False,-0.27037439920657813,-0.25507568785737955,False,False,False,False,149045476,109297312.66060242,False,False,False,False,3323007.603074683,False,False,False,False
2024-04-04 00:00:00+00:00,7.82,8.335,7.82,8.12,324601,,,,,,,,,12.603469110876121,14.23311672386831,,,,,,,,,,,,,,14.13503124300118,14.240189938873236,15.041746020140883,16.758523180119546,"rgba(239, 83, 80, 1.0)",0.0,0.0,5.101373545827592,14.012428389369063,-1.213874720943312,0.0,0.0,0.0,0.0,0.0,0.0,0.0,0.0,38.38132905578874,-8.54477763360152,False,True,False,True,False,0.0,1,0.8449687260360446,1.0594017497294965,False,False,False,False,-0.26422682989515234,-0.25965125887626594,False,False,False,False,148720875,110843334.71312782,False,False,False,False,3205423.030405088,False,False,False,False
2024-04-05 00:00:00+00:00,7.6,7.91,7.5,7.8,295664,,,,,,,,,12.591871248954847,14.223814417489974,,,,,,,,,,,,,,14.128307807376068,14.233386358019,15.034233288227556,16.74950359939256,"rgba(239, 83, 80, 1.0)",0.0,0.0,5.054876334468754,14.00444658875173,-1.2669838320436004,0.0,0.0,0.0,0.0,0.0,0.0,0.0,0.0,37.041565057619096,-9.823116565220893,False,True,False,True,False,0.0,0,0.8548398543066427,1.0464939419106236,False,False,False,False,-0.2840472038279351,-0.2718492313521005,False,False,False,False,148425211,112317133.78320125,False,False,False,False,3091314.8331343,False,False,False,False
2024-04-08 00:00:00+00:00,7.6,7.73,7.2101,7.6,288524,,,,,,,,,12.580247406922245,14.214545794130316,,,,,,,,,,,,,,14.1216014054017,14.226602526902242,15.026761110152997,16.740567530633825,"rgba(239, 83, 80, 1.0)",0.0,0.0,5.007632645445073,13.99648385948307,-1.2773468647508104,0.0,0.0,0.0,0.0,0.0,0.0,0.0,0.0,36.148389058839335,-10.686297111696874,False,True,False,True,False,0.0,0,0.875420407019634,1.0036601004960142,False,False,False,False,-0.29666046762252124,-0.28425484948731083,False,False,False,False,148425211,113733136.811311,False,False,False,False,2981401.4671290335,False,False,False,False
2024-04-09 00:00:00+00:00,7.87,8.07,7.4667,7.59,195061,,,,,,,,,12.572865335042476,14.208563585426743,,,,,,,,,,,,,,14.117272997498723,14.222220982910672,15.021911736138385,16.734724781365244,"rgba(239, 83, 80, 1.0)",0.0,0.0,4.95788864263895,13.991366835471505,-1.2346721107905454,0.0,0.0,0.0,0.0,0.0,0.0,0.0,0.0,36.61203012901179,-10.686297111696874,False,True,False,True,False,0.0,0,0.8699522138882169,1.0201992096136785,False,False,False,False,-0.2806614328013053,-0.28245814114430806,False,False,False,False,148620272,115101259.75988705,False,False,False,False,2872133.2135161306,False,False,False,False
2024-04-10 00:00:00+00:00,7.62,7.82,7.4,7.59,214065,,,,,,,,,12.564470522088042,14.201818186263433,,,,,,,,,,,,,,14.112387824737544,14.217278156705872,15.0164583466358,16.728186169756697,"rgba(239, 83, 80, 1.0)",0.0,0.0,4.9102586792665806,13.98558547121157,-1.2963849538294312,0.0,0.0,0.0,0.0,0.0,0.0,0.0,0.0,36.33318414364149,-10.686297111696874,False,True,False,True,False,0.0,0,0.8764349641388148,1.007271449535975,False,False,False,False,-0.2891364640347962,-0.28579730258955216,False,False,False,False,148406207,116407336.12224443,False,False,False,False,2767895.244358635,False,False,False,False
2024-04-11 00:00:00+00:00,7.58,7.7583,7.26,7.59,175153,,,,,,,,,12.557511371353735,14.196241831560844,,,,,,,,,,,,,,14.108346633507022,14.21319004387542,15.011953728851013,16.722795865825837,"rgba(239, 83, 80, 1.0)",0.0,0.0,4.862019634672757,13.980803452656867,-1.316490663059134,0.0,0.0,0.0,0.0,0.0,0.0,0.0,0.0,36.04948017471296,-11.01659152434869,False,True,False,True,False,0.0,0,0.8861764427720862,0.9961245540899397,False,False,False,False,-0.2945551163607786,-0.29017620947516537,False,False,False,False,148231054,117655325.05862701,False,False,False,False,2666219.077913198,False,False,False,False
2024-04-12 00:00:00+00:00,7.27,7.55,7.01,7.36,249292,,,,,,,,,12.547136534711624,14.188016754564321,,,,,,,,,,,,,,14.102379753503477,14.207157396393377,15.005332518992185,16.714921344561674,"rgba(239, 83, 80, 1.0)",0.0,0.0,4.816635206420265,13.973731817191057,-1.3917873224560195,0.0,0.0,0.0,0.0,0.0,0.0,0.0,0.0,35.08742338279208,-12.06279892159808,False,True,False,True,False,0.0,0,0.8644123063388565,1.0147017790728337,False,False,False,False,-0.3069306391585474,-0.2985534243168564,False,False,False,False,147981762,118844597.0955436,False,False,False,False,2571437.6238773866,False,False,False,False
2024-04-15 00:00:00+00:00,6.47,7.13,6.47,7.1,329808,,,,,,,,,12.531952445997007,14.17624401967809,,,,,,,,,,,,,,14.093824581309665,14.19851820340157,14.99592658666075,16.703877370154,"rgba(239, 83, 80, 1.0)",0.0,0.0,4.776175707341896,13.963553507491426,-1.5689442697789366,0.0,0.0,0.0,0.0,0.0,0.0,0.0,0.0,32.71623780232035,-14.373984115608906,False,True,False,True,False,0.0,0,0.8337349317282728,1.029423886828128,False,False,False,False,-0.3331571868939947,-0.3158553056054255,False,False,False,False,147651954,119974297.3663066,False,False,False,False,2483530.579803764,False,False,False,False
2024-04-16 00:00:00+00:00,6.38,6.53,5.83,6.3,451907,,,,,,,,,12.509705195205017,14.159221041292238,,,,,,,,,,,,,,14.081434188040603,14.18601583427339,14.982386893306284,16.688116031986446,"rgba(239, 83, 80, 1.0)",0.0,0.0,4.737709645461628,13.548011808384228,-1.5129698408703978,0.0,0.0,0.0,0.0,0.0,0.0,0.0,0.0,30.958310203305125,-16.024577981943636,False,True,False,True,False,0.0,0,0.8248895776309343,1.0320541644286911,True,False,False,False,-0.34282825441539394,-0.3293417800104097,False,False,False,False,147200047,121041973.82252987,False,False,False,False,2403859.066870283,False,False,False,False
2024-04-17 00:00:00+00:00,6.0,6.4783,6.0,6.41,422330,,,,,,,,,12.488768300643736,14.143203479921903,,,,,,,,,,,,,,14.06976152188446,14.174239234192473,14.969645212337333,16.673306449201235,"rgba(239, 83, 80, 1.0)",0.0,0.0,4.7123310178336455,13.53261000638565,-1.5984891506727266,0.0,0.0,0.0,0.0,0.0,0.0,0.0,0.0,29.044717585058716,-17.78797589582893,False,True,False,True,False,0.0,0,0.8096156859443442,1.0789921724630667,False,False,False,False,-0.33965808329502123,-0.33449993165271547,False,False,False,False,146777717,122051218.6530189,True,False,False,False,2326152.044640076,False,False,False,False
2024-04-18 00:00:00+00:00,6.84,7.09,5.95,6.05,882349,,,,,,,,,12.448664965906037,14.111891448319884,,,,,,,,,,,,,,14.046919090731096,14.15117411013595,14.94454866635532,16.64386876193341,"rgba(239, 83, 80, 0.75)",0.0,0.0,4.6699864556025155,13.517383727864118,-1.429850769664087,0.0,0.0,0.0,0.0,0.0,0.0,0.0,0.0,31.873987725871423,-17.78797589582893,False,True,False,True,True,0.0,0,0.7946665769107786,1.0796815909872266,False,False,False,False,-0.3207020637697186,-0.32760099771121703,False,False,False,False,147660066,123055487.17642993,False,False,False,False,2269532.3173992885,False,False,False,False
2024-04-19 00:00:00+00:00,6.3,7.04,6.3,6.91,481882,,,,,,,,,12.426696134678718,14.094719140101747,,,,,,,,,,,,,,14.034369265906838,14.138503554143483,14.930774985556535,16.627736703203773,"rgba(239, 83, 80, 0.75)",0.0,0.0,4.6348473322007315,13.504630528071317,-1.5544482939096926,0.0,0.0,0.0,0.0,0.0,0.0,0.0,0.0,32.45523338385797,-21.09268562531281,False,True,False,True,True,0.0,0,0.8324757090154775,1.0596268643597453,False,False,False,False,-0.3110373634129761,-0.31931918056209657,False,False,False,False,147178184,124001475.28715818,False,False,False,False,2199428.3833836303,False,False,False,False
2024-04-22 00:00:00+00:00,6.2,6.5984,6.01,6.45,281786,,,,,,,,,12.41332317163857,14.084346057739646,,,,,,,,,,,,,,14.026779091158053,14.130844027434971,14.922475978664387,16.618068425233844,"rgba(239, 83, 80, 0.75)",0.0,0.0,4.5967016053540055,13.495086041924589,-1.5870262349480422,0.0,0.0,0.0,0.0,0.0,0.0,0.0,0.0,32.609590242875505,-20.941887724387477,False,True,False,True,True,0.0,0,0.8187288278583202,1.088974262463172,False,False,False,False,-0.33470920755284916,-0.3270141940574729,False,False,False,False,146896398,124899315.39354414,False,False,False,False,2124226.7212901544,False,False,False,False
2024-04-23 00:00:00+00:00,6.16,6.55,6.111,6.12,274280,,,,,,,,,12.400370959373426,14.074281075632431,,,,,,,,,,,,,,14.01940932759345,14.123406811989142,14.91441720752454,16.608678813821196,"rgba(239, 83, 80, 0.75)",0.0,0.0,4.556517999448122,13.486037949755522,-1.6078149917640705,0.0,0.0,0.0,0.0,0.0,0.0,0.0,0.0,32.61295851216467,-20.842619477123577,False,True,False,True,True,0.0,0,0.8082527230805926,1.0849203614872924,False,False,False,False,-0.3316156156513013,-0.3293149048543871,False,False,False,False,146622118,125751190.00556202,False,False,False,False,2051679.7910434818,False,False,False,False
2024-04-24 00:00:00+00:00,6.28,6.54,6.05,6.23,518852,,,,,,,,,12.37608321856612,14.055351769971022,,,,,,,,,,,,,,14.005535608150609,14.10940555912741,14.89924227444893,16.590991144587903,"rgba(239, 83, 80, 0.75)",0.0,0.0,4.512882228579031,13.469493596867427,-1.5931046352900682,0.0,0.0,0.0,0.0,0.0,0.0,0.0,0.0,33.268005537722765,-20.079574219288194,False,True,False,True,True,0.0,0,0.8205653178569509,1.0645332903433822,False,False,False,False,-0.3340791553933807,-0.33169703012388385,False,False,False,False,147140970,126590004.90730469,False,False,False,False,1991568.8972770707,False,False,False,False
2024-04-25 00:00:00+00:00,6.14,6.3899,6.0,6.23,419773,,,,,,,,,12.35621086369768,14.039881810338281,,,,,,,,,,,,,,13.994183192944188,14.097950834724873,14.886842989471498,16.57656839221687,"rgba(239, 83, 80, 0.75)",0.0,0.0,4.469840206146511,13.455533681261793,-1.6366432229953427,0.0,0.0,0.0,0.0,0.0,0.0,0.0,0.0,33.29024186353267,-19.89120382163069,False,True,False,True,True,0.0,0,0.8395879686178386,1.05598258435361,False,False,False,False,-0.34168803606673265,-0.3366925330953082,False,False,False,False,146721197,127379463.42074373,False,False,False,False,1929929.8424818916,False,False,False,False
2024-04-26 00:00:00+00:00,6.38,6.7,6.15,6.2,533044,,,,,,,,,12.332105102540659,14.020905207374378,,,,,,,,,,,,,,13.980243737260121,14.083879891336556,14.871569097915476,16.558720968992795,"rgba(239, 83, 80, 0.75)",0.0,0.0,4.423974409576981,13.440209304984645,-1.595897410640705,0.0,0.0,0.0,0.0,0.0,0.0,0.0,0.0,34.71619200639997,-18.38033848285363,False,True,False,True,True,0.0,0,0.8347433845965302,1.065713263116262,False,False,False,False,-0.3242478413569876,-0.3304701872261479,False,False,False,False,147254241,128158866.4630675,False,False,False,False,1875150.0055218176,False,False,False,False
2024-04-29 00:00:00+00:00,6.76,6.87,6.33,6.45,398336,,,,,,,,,12.314953379226509,14.007237203042642,,,,,,,,,,,,,,13.970194148430993,14.073730820427489,14.860518232746022,16.545743507467755,"rgba(239, 83, 80, 0.5)",0.0,0.0,4.3703797761067396,13.430217636785159,-1.5262329542278774,0.0,0.0,0.0,0.0,0.0,0.0,0.0,0.0,37.739257406712305,-15.46421157737295,False,False,False,True,True,0.0,0,0.8330540537842498,1.0777029387814476,False,False,False,False,-0.3098900618367038,-0.32018012453142586,False,False,False,False,147652577,128923325.69980997,False,False,False,False,1817235.730795472,False,False,False,False
2024-04-30 00:00:00+00:00,6.6,6.9742,6.5,6.72,334299,,,,,,,,,12.300734995058415,13.995864737154758,,,,,,,,,,,,,,13.961825164374549,14.065278284773155,14.851309739828729,16.534920343526693,"rgba(239, 83, 80, 0.5)",0.0,0.0,4.318081706225233,13.421903046802083,-1.5798457534898367,0.0,0.0,0.0,0.0,0.0,0.0,0.0,0.0,39.11113379617369,-14.191935814441848,False,False,False,True,True,0.0,0,0.8400289073287819,1.0526870480541324,False,False,False,False,-0.2992807409003881,-0.30973043271590694,False,False,False,False,147318278,129644696.37824881,False,False,False,False,1759081.3491956496,False,False,False,False
2024-05-01 00:00:00+00:00,6.33,6.7399,6.22,6.66,280711,,,,,,,,,12.288297364291356,13.986001739517357,,,,,,,,,,,,,,13.954560413692455,14.057944514778267,14.843346162358278,16.525609589038297,"rgba(239, 83, 80, 0.5)",0.0,0.0,4.269629181950904,13.413855447306252,-1.6591266232796018,0.0,0.0,0.0,0.0,0.0,0.0,0.0,0.0,38.970266216478734,-14.191935814441848,False,False,False,True,True,0.0,0,0.8509460834181077,1.0524444121493968,False,False,False,False,-0.3192357629789775,-0.3144830978474422,False,False,False,False,147037567,130326769.73596454,False,False,False,False,1701106.0413840555,False,False,False,False
2024-05-02 00:00:00+00:00,6.65,6.67,6.33,6.4,204993,,,,,,,,,12.279433277834142,13.978929543612823,,,,,,,,,,,,,,13.94934856680634,14.052681959682124,14.837622995133616,16.51890182978185,"rgba(239, 83, 80, 0.5)",0.0,0.0,4.14183720496688,13.408317429006903,-1.6317197162897537,0.0,0.0,0.0,0.0,0.0,0.0,0.0,0.0,40.71104541458393,-12.627260750751347,True,False,False,True,True,0.0,0,0.8611478312186486,1.0508793154322809,False,False,False,False,-0.3176711853439147,-0.31607714159567846,False,False,False,False,147242560,130990134.06004436,False,False,False,False,1642434.9417219358,False,False,False,False
2024-05-03 00:00:00+00:00,6.66,6.9675,6.56,6.66,126628,,,,,,,,,12.274142234888707,13.974672831822298,,,,,,,,,,,,,,13.946210642699933,14.049512407465691,14.834167976068024,16.514837215582723,"rgba(239, 83, 80, 0.5)",0.0,0.0,4.158859247829707,13.405189104011754,-1.6218844404344097,0.0,0.0,0.0,0.0,0.0,0.0,0.0,0.0,41.92879405966035,-11.450262114294368,True,False,False,True,True,0.0,0,0.8793262052147814,1.0385833802288502,False,False,False,False,-0.29722610377609243,-0.3066516226858854,False,False,False,False,147369188,131632449.90082693,False,False,False,False,1582991.5322426443,False,False,False,False
2024-05-06 00:00:00+00:00,6.92,7.1293,6.63,6.63,358368,,,,,,,,,12.25966374693254,13.962924976698107,,,,,,,,,,,,,,13.937546200106304,14.040757702000302,14.82460336632444,16.503544683178088,"rgba(239, 83, 80, 0.5)",0.0,0.0,4.182288053252167,13.397014501931144,-1.5486772836927354,0.0,0.0,0.0,0.0,0.0,0.0,0.0,0.0,44.24038782663099,-9.265737106836028,True,False,False,True,True,0.0,0,0.9084082274667495,1.0237732055534767,False,False,False,False,-0.2883185980542618,-0.29748511037007364,False,False,False,False,147727556,132263630.53216706,False,False,False,False,1534967.079997835,False,False,False,False
2024-05-07 00:00:00+00:00,6.89,7.02,6.65,7.0,179789,,,,,,,,,12.252375762391587,13.957012817663436,,,,,,,,,,,,,,13.93318287217692,14.036349242027976,14.81978957333917,16.497865930780733,#000000,0.0,0.0,4.20192513472733,13.392779086221974,-1.5475713816219505,0.0,0.0,0.0,0.0,0.0,0.0,0.0,0.0,45.61596506695504,-7.995641138048448,True,False,False,False,True,0.0,0,0.9247644554818384,1.028542744766503,False,False,False,False,-0.2917448366231448,-0.29461497349660926,False,False,False,False,147547767,132863008.4328664,False,False,False,False,1481822.8415665475,False,False,False,False
2024-05-08 00:00:00+00:00,7.14,7.35,6.6518,6.89,355774,,,,,,,,,12.238527706246206,13.945661126547392,,,,,,,,,,,,,,13.924800439520483,14.027876615255025,14.810512429014526,16.48687381944257,#000000,0.0,0.0,4.138466942074819,13.385142736081132,-1.5090473896476582,0.0,0.0,0.0,0.0,0.0,0.0,0.0,0.0,47.99936985361168,-5.783781905374539,True,False,False,False,True,0.0,0,0.9196056433792282,1.0191840897501274,False,False,False,False,-0.2790473093448338,-0.2868311414207215,False,False,False,False,147903541,133452833.23942065,False,False,False,False,1437664.0634658986,False,False,False,False
2024-05-09 00:00:00+00:00,7.41,8.4685,7.2,7.34,1531493,,,,,,,,,12.187057662764225,13.901751954327239,,,,,,,,,,,,,,13.89231382562894,13.994989342253861,14.774128815606486,16.443062934172225,"rgba(38, 166, 154, 1.0)",1.0,6.2111716,3.955275243553571,13.042596634040905,-1.4240719765890082,0.0,0.0,0.0,0.0,0.0,0.0,0.0,0.0,51.03544187258021,-3.01475719605844,True,False,True,False,True,0.0,0,0.9303134825461664,0.975424798935566,False,False,False,True,-0.21648670585339186,-0.25165892363705666,False,False,False,False,149435034,134079586.21042377,False,False,False,False,1441343.629604491,False,False,False,False
2024-05-10 00:00:00+00:00,6.75,7.23,6.6,7.04,516673,,,,,,,,,12.166786127631395,13.885108916720228,,,,,,,,,,,,,,13.879968140778224,13.982515150674018,14.760504239909842,16.426983552412594,#000000,0.0,0.0,3.896139018601336,13.019610926703347,-1.6091856314085162,0.0,0.0,0.0,0.0,0.0,0.0,0.0,0.0,49.28719056642677,-3.01475719605844,True,False,False,False,True,0.0,0,0.9250031986488906,0.9871815211921151,False,False,False,False,-0.28561066762990917,-0.2686347956334829,False,False,False,False,148918361,134661498.9472699,False,False,False,False,1405082.036286668,False,False,False,False
2024-05-13 00:00:00+00:00,7.08,7.5899,6.7301,6.75,519824,,,,,,,,,12.147588558681553,13.86909199880836,,,,,,,,,,,,,,13.868072761330628,13.970488765923413,14.74731644028215,16.411321114510123,#000000,0.0,0.0,3.874686150616758,13.004872522493915,-1.5291232095148704,0.0,0.0,0.0,0.0,0.0,0.0,0.0,0.0,49.89759723820789,-3.01475719605844,True,False,False,False,True,0.0,1,0.945955680245673,0.9676692234651021,False,False,False,False,-0.2669521330841283,-0.2677934643588056,False,False,False,False,149438185,135240976.83169067,False,False,False,False,1370366.0348636613,False,False,False,False
2024-05-14 00:00:00+00:00,7.49,7.66,7.1,7.1,520481,,,,,,,,,12.129590766395006,13.853802186402364,,,,,,,,,,,,,,13.85670361098135,13.958986676609406,14.734647255550712,16.39616897852881,"rgba(38, 166, 154, 1.0)",0.0,0.0,3.8295361232053264,12.994973736123452,-1.4375040628982974,0.0,0.0,0.0,0.0,0.0,0.0,0.0,0.0,52.23392498399549,-2.2512145215345782,True,False,True,False,True,0.0,0,0.9187227450080329,1.1368630938719302,False,False,False,False,-0.2503512317535367,-0.25907234805617113,False,False,False,False,149958666,135818141.11280084,False,False,False,False,1337037.2099670472,False,False,False,False
2024-05-15 00:00:00+00:00,7.28,7.42,6.9704,7.36,365074,,,,,,,,,12.116534148737385,13.84280024162226,,,,,,,,,,,,,,13.848514463935848,13.950705444565692,14.725553060126622,16.38534343163822,"rgba(38, 166, 154, 1.0)",0.0,0.0,3.8064806379203384,12.986305346338053,-1.499102685428522,0.0,0.0,0.0,0.0,0.0,0.0,0.0,0.0,52.605115789595324,-1.878169591482468,True,False,True,False,True,0.0,0,0.8157025927111436,1.196597924002012,False,False,False,False,-0.21670078911987867,-0.2378865685880249,False,False,False,False,149593592,136358354.87308317,False,False,False,False,1298921.0056546142,False,False,False,False
2024-05-16 00:00:00+00:00,7.04,7.24,6.9501,7.2,210936,,,,,,,,,12.108796466027249,13.83631948062095,,,,,,,,,,,,,,13.843687452456457,13.945825722458384,14.720205957875075,16.37900016894111,"rgba(38, 166, 154, 1.0)",0.0,0.0,3.785479009762031,12.98068387577732,-1.5693347817957581,0.0,0.0,0.0,0.0,0.0,0.0,0.0,0.0,51.556344709127714,-1.878169591482468,True,False,True,False,True,0.0,0,0.893890561270346,1.1384579939692996,False,False,False,False,-0.21273900132906012,-0.2253127849585425,False,False,False,False,149382656,136869111.7800211,False,False,False,False,1256254.9270014921,False,False,False,False
2024-05-17 00:00:00+00:00,6.93,7.04,6.66,6.81,207676,,,,,,,,,12.100899635604584,13.829762537749287,,,,,,,,,,,,,,13.838801476634666,13.940888472104259,14.714811211355618,16.37262926727027,#000000,0.0,0.0,3.7325309650987517,12.974350870426544,-1.6193705898074524,0.0,0.0,0.0,0.0,0.0,0.0,0.0,0.0,50.272761566196195,-1.878169591482468,True,False,False,False,False,0.0,1,0.8791317619306556,1.1074343475736776,False,False,False,False,-0.23354091789418838,-0.22942685142636543,False,False,False,False,149174980,137351694.84747127,False,False,False,False,1215134.1847661396,False,False,False,False
2024-05-20 00:00:00+00:00,6.66,6.83,6.43,6.83,274358,,,,,,,,,12.090032759059012,13.820824967187617,,,,,,,,,,,,,,13.832138112545927,13.934158335171418,14.707480802037571,16.364016402387286,#000000,0.0,0.0,3.6455658528413695,12.96486769399569,-1.7294620227698394,0.0,0.0,0.0,0.0,0.0,0.0,0.0,0.0,48.02802679810104,2.4645000883415094,True,False,False,False,False,0.0,1,0.8785476880748242,1.0905424540342146,False,False,False,False,-0.26857175263493505,-0.24899930203065024,False,False,False,False,148900622,137804593.951492,False,False,False,False,1178241.0010498203,False,False,False,False
2024-05-21 00:00:00+00:00,6.87,6.94,6.55,6.67,189900,,,,,,,,,12.082738155174212,13.814777815058616,,,,,,,,,,,,,,13.827627115029081,13.929600777564243,14.702506865921293,16.35815361423756,#000000,0.0,0.0,3.5532596796979257,12.959051283814864,-1.7136522046518463,0.0,0.0,0.0,0.0,0.0,0.0,0.0,0.0,47.84022734082487,2.1932827083144986,True,False,False,False,False,0.0,1,0.8758419269359191,1.0844948711848368,False,False,False,False,-0.25007913507047974,-0.249539218550565,False,False,False,False,149090522,138247179.365159,False,False,False,False,1139482.5304204156,False,False,False,False
2024-05-22 00:00:00+00:00,6.84,7.12,6.7383,6.83,170256,,,,,,,,,12.076354063978602,13.80945188534025,,,,,,,,,,,,,,13.823652356162622,13.9255840402473,14.698116213053366,16.352965250557965,#000000,0.0,0.0,3.325076338623422,12.95429890717152,-1.8388446713686077,0.0,0.0,0.0,0.0,0.0,0.0,0.0,0.0,47.54401440675878,1.742906867746676,True,False,False,False,False,0.0,1,0.8977397122559313,1.064781511103168,False,False,False,False,-0.22080669202579697,-0.235172955288181,False,False,False,False,148920266,138665731.7822116,False,False,False,False,1101473.646874517,False,False,False,False
2024-05-23 00:00:00+00:00,6.55,6.934,6.47,6.85,246029,,,,,,,,,12.066715655432358,13.80149429996819,,,,,,,,,,,,,,13.81771115391144,13.919583069929091,14.691578639657015,16.345281334896455,"rgba(239, 83, 80, 0.5)",0.0,0.0,3.1063829854459293,12.946386428150257,-2.0591106950169054,0.0,0.0,0.0,0.0,0.0,0.0,0.0,0.0,45.7331833357546,-0.14071508966078738,True,False,False,True,False,0.0,1,0.9048787096179123,1.0696324394124563,False,False,False,False,-0.25697353351004065,-0.24607324439911082,False,False,False,False,148674237,139058222.1829092,False,False,False,False,1067926.797977477,False,False,False,False
2024-05-24 00:00:00+00:00,6.89,7.15,6.5105,6.59,255032,,,,,,,,,12.057126143542929,13.793493040116182,,,,,,,,,,,,,,13.81173350902927,13.91354283368853,14.684980350512614,16.33749218658352,#000000,0.0,0.0,2.9807663126831234,12.939292185483785,-2.029441945765464,0.0,0.0,0.0,0.0,0.0,0.0,0.0,0.0,46.79027559967801,-0.14071508966078738,True,False,False,False,False,0.0,1,0.9242802884671397,1.032036046741929,False,False,False,False,-0.23647847912670195,-0.24127586176290639,False,False,False,False,148929269,139445322.05808923,False,False,False,False,1036048.5706058114,False,False,False,False
2024-05-28 00:00:00+00:00,6.83,7.03,6.72,7.02,376156,,,,,,,,,12.043072987997943,13.78174191809992,,,,,,,,,,,,,,13.80294798665094,13.90466506086177,14.675280724919212,16.326038867512757,#000000,0.0,0.0,2.7757415582532095,12.929086953693764,-2.1972819967907804,0.0,0.0,0.0,0.0,0.0,0.0,0.0,0.0,47.13194570619125,-0.14071508966078738,True,False,False,False,False,0.0,1,0.9136501634750117,1.0854218392782515,False,False,False,False,-0.22937366051150695,-0.23532476113720668,False,False,False,False,148553113,139802490.33032104,False,False,False,False,1010170.4305820541,False,False,False,False
2024-05-29 00:00:00+00:00,6.88,6.9,6.57,6.71,161034,,,,,,,,,12.036991330196402,13.776667793377149,,,,,,,,,,,,,,13.799152194453338,13.90082998836123,14.671094957631459,16.321104466869084,#000000,0.0,0.0,2.6237551745984216,12.924569219761546,-2.3037855354346073,0.0,0.0,0.0,0.0,0.0,0.0,0.0,0.0,47.70774667223837,-0.14071508966078738,True,False,False,False,False,0.0,1,0.8646066229443038,1.0894290008446366,False,False,False,False,-0.2516803838930736,-0.24350257251514015,False,False,False,False,148714147,140151967.06246534,False,False,False,False,976870.9627160912,False,False,False,False
2024-05-30 00:00:00+00:00,6.89,7.11,6.82,6.94,190462,,,,,,,,,12.030030374565872,13.770810124514327,,,,,,,,,,,,,,13.79476817282337,13.896399132586515,14.666248211036798,16.315370672773316,#000000,0.0,0.0,2.49106418881742,12.919772131081563,-2.4205607218592267,0.0,0.0,0.0,0.0,0.0,0.0,0.0,0.0,48.16631793398255,-0.14071508966078738,True,False,False,False,True,0.0,1,0.8953158460806874,1.0778692317757785,False,False,False,False,-0.21515250303644823,-0.22932753777579418,False,False,False,False,148904609,140495207.9227608,False,False,False,False,946031.3955507543,False,False,False,False
2024-05-31 00:00:00+00:00,6.49,6.9486,6.39,6.93,357445,,,,,,,,,12.016172925942904,13.759313405714412,,,,,,,,,,,,,,13.786159752296184,13.887704529919592,14.656780226974313,16.30425017734439,"rgba(239, 83, 80, 0.5)",0.0,0.0,2.408604979227968,12.908968123724142,-2.6650148858288993,0.0,0.0,0.0,0.0,0.0,0.0,0.0,0.0,45.82724701463385,-0.6177319399593202,True,False,False,True,False,0.0,1,0.8583726742571508,1.1130339611545812,False,False,False,False,-0.2509291931242896,-0.24012836545004188,False,False,False,False,148547164,140810970.90618196,False,False,False,False,922949.5761173913,False,False,False,False
2024-06-03 00:00:00+00:00,6.34,6.535,6.25,6.53,239290,,,,,,,,,12.006534940375069,13.751385793557356,,,,,,,,,,,,,,13.780220444642689,13.88170836132159,14.650269986679458,16.296640085133625,"rgba(239, 83, 80, 0.5)",0.0,0.0,2.2944134110741103,12.900993296123513,-2.8595514934041635,0.0,0.0,0.0,0.0,0.0,0.0,0.0,0.0,43.4104236980323,-2.9497934668503945,False,False,False,True,False,0.0,1,0.866823608542122,1.1087439044896585,False,False,False,False,-0.30231414860442973,-0.2712212570272358,False,False,False,False,148307874,141104967.10593954,False,False,False,False,896139.3966618074,False,False,False,False
2024-06-04 00:00:00+00:00,5.86,5.87,5.5075,5.54,490617,,,,,,,,,11.984680522145048,13.733803046574643,,,,,,,,,,,,,,13.767040686723337,13.868416379758548,14.63594156321118,16.28008637847238,"rgba(239, 83, 80, 0.5)",0.0,0.0,2.1639596422644267,12.880472414242032,-3.2442714166774462,0.0,0.0,0.0,0.0,0.0,0.0,0.0,0.0,39.480009303367474,-6.594916053414124,False,False,False,True,False,0.0,1,0.8481534449398505,1.10835366366619,False,False,False,False,-0.34282825441539394,-0.3070247557213149,False,False,False,False,147817257,141368194.16060856,False,False,False,False,880236.5575770307,False,False,False,False
2024-06-05 00:00:00+00:00,5.88,5.94,5.5998,5.79,163207,,,,,,,,,11.977514766706873,13.728015501292099,,,,,,,,,,,,,,13.762699074290083,13.8640373430322,14.631217844197765,16.274622884866115,"rgba(239, 83, 80, 1.0)",0.0,0.0,2.0345765834418095,12.873989867823289,-3.437565302158272,0.0,0.0,0.0,0.0,0.0,0.0,0.0,0.0,37.04660860121167,-8.73644390374281,False,True,False,True,False,0.0,0,0.8481432748035744,1.1137156147686007,False,False,False,False,-0.3281535866582481,-0.31758917118978147,False,False,False,False,147980464,141627498.86019254,False,False,False,False,852117.7513975394,False,False,False,False
2024-06-06 00:00:00+00:00,5.7,5.88,5.7,5.78,118128,,,,,,,,,11.972299519809042,13.723807176747428,,,,,,,,,,,,,,13.75954121269943,13.860852482065065,14.627783965798118,16.270654415856637,"rgba(239, 83, 80, 1.0)",0.0,0.0,1.912173660555965,12.869271874516437,-3.7492786468107555,0.0,0.0,0.0,0.0,0.0,0.0,0.0,0.0,34.61906608508234,-10.876139160177132,False,True,False,True,False,0.0,0,0.8710514072614177,1.1344435611791468,False,False,False,False,-0.3240358561669865,-0.320812513678384,False,False,False,False,147862336,141872002.2774399,False,False,False,False,823333.8395780281,False,False,False,False
2024-06-07 00:00:00+00:00,5.41,5.77,5.4,5.77,290925,,,,,,,,,11.959011643762867,13.713158758687282,,,,,,,,,,,,,,13.751548127468313,13.852793869471698,14.619116128402675,16.260676967425205,"rgba(239, 83, 80, 1.0)",0.0,0.0,1.8365715880994415,12.856881843808864,-4.054773520434996,0.0,0.0,0.0,0.0,0.0,0.0,0.0,0.0,31.835712778459516,-13.352785615202642,False,True,False,True,False,0.0,0,0.837384552271627,1.1101350077796708,False,False,False,False,-0.34282825441539394,-0.33182038404688896,False,False,False,False,147571411,142095508.501854,False,False,False,False,802455.0615553603,False,False,False,False
2024-06-10 00:00:00+00:00,5.66,5.73,5.26,5.4,198558,,,,,,,,,11.950006787492946,13.705927690993066,,,,,,,,,,,,,,13.746117156882224,13.847318150023726,14.613224909668295,16.253892713704328,"rgba(239, 83, 80, 1.0)",0.0,0.0,1.7694488453278716,12.848658214719265,-4.062653878749027,0.0,0.0,0.0,0.0,0.0,0.0,0.0,0.0,32.442585649087746,-13.352785615202642,False,True,False,True,False,0.0,0,0.8479839147511765,1.1033409840607764,False,False,False,False,-0.34282825441539394,-0.3373243192311415,False,False,False,False,147769969,142318036.3645264,False,False,False,False,778772.823847307,False,False,False,False
2024-06-11 00:00:00+00:00,5.75,5.75,5.51,5.59,150386,,,,,,,,,11.943330977853279,13.700539922227897,,,,,,,,,,,,,,13.742068728300785,13.843235605128834,14.608827056371537,16.248817640519473,"rgba(239, 83, 80, 1.0)",0.0,0.0,1.7747455800451521,12.842760126954298,-3.996494036499501,0.0,0.0,0.0,0.0,0.0,0.0,0.0,0.0,33.69110909014123,-13.352785615202642,False,True,False,True,False,0.0,0,0.8791804149923341,1.0792591771268645,False,False,False,False,-0.3076435332945512,-0.32248392626284633,False,False,False,False,147920355,142537735.13454497,False,False,False,False,754130.2033042754,False,False,False,False
2024-06-12 00:00:00+00:00,5.78,6.02,5.71,5.81,229831,,,,,,,,,11.933426214655576,13.692490478636389,,,,,,,,,,,,,,13.736017041439032,13.837131296507248,14.602239443281892,16.241192982103154,"rgba(239, 83, 80, 0.75)",0.0,0.0,1.7853835179933308,12.834380422288802,-3.951184914162041,0.0,0.0,0.0,0.0,0.0,0.0,0.0,0.0,34.81698684857082,-13.352785615202642,False,True,False,True,True,0.0,0,0.8918076939308719,1.0498758857765484,False,False,False,False,-0.24088628776725046,-0.2816851070150484,False,False,False,False,148150186,142757831.24691576,False,False,False,False,733569.4502335195,False,False,False,False
2024-06-13 00:00:00+00:00,5.81,6.06,5.72,5.79,140893,,,,,,,,,11.927396668995591,13.687580803642165,,,,,,,,,,,,,,13.732324270748506,13.833406237650726,14.598218207712936,16.23653633183266,"rgba(239, 83, 80, 0.75)",0.0,0.0,1.7978664232060226,12.829351827849777,-3.904267712688358,0.0,0.0,0.0,0.0,0.0,0.0,0.0,0.0,35.881236680185964,-13.352785615202642,False,True,False,True,True,0.0,0,0.903490242437162,1.0455107459157769,False,False,False,False,-0.23318801916077675,-0.2574365630879126,False,False,False,False,148291079,142974821.35487986,False,False,False,False,710327.2364988717,False,False,False,False
2024-06-14 00:00:00+00:00,5.55,5.85,5.51,5.74,101661,,,,,,,,,11.922891157532888,13.683939545883847,,,,,,,,,,,,,,13.729585222596215,13.830644212417349,14.5952437593206,16.23310556874722,"rgba(239, 83, 80, 0.75)",0.0,0.0,1.8138106519416595,12.825444876475947,-4.011138025177922,0.0,0.0,0.0,0.0,0.0,0.0,0.0,0.0,35.00998416687406,-13.352785615202642,False,True,False,True,True,0.0,0,0.8938557296442996,1.0513160718815242,False,False,False,False,-0.28530061173016164,-0.27136858740903713,False,False,False,False,148189418,143179315.34096298,False,False,False,False,686457.9723224454,False,False,False,False
2024-06-17 00:00:00+00:00,5.63,5.75,5.47,5.51,110250,,,,,,,,,11.917996757028446,13.67998456643426,,,,,,,,,,,,,,13.726609519821224,13.827643630003635,14.592013044158069,16.22938044353243,"rgba(239, 83, 80, 0.75)",0.0,0.0,1.8276329692490831,12.821207634620404,-3.934711047358182,0.0,0.0,0.0,0.0,0.0,0.0,0.0,0.0,35.330415494098204,-13.352785615202642,False,True,False,True,True,0.0,0,0.9042968366966719,1.0388303818320879,False,False,False,False,-0.30683352716477963,-0.2891010572869084,False,False,False,False,148299668,143380113.48445463,False,False,False,False,663861.5812509769,False,False,False,False
2024-06-18 00:00:00+00:00,5.48,5.7399,5.47,5.6,113366,,,,,,,,,11.912929386282032,13.675894960123404,,,,,,,,,,,,,,13.723531870322825,13.824540488797584,14.588673704674873,16.22553351227588,"rgba(239, 83, 80, 0.75)",0.0,0.0,1.8436020656835166,12.816802694657389,-3.9796021230521155,0.0,0.0,0.0,0.0,0.0,0.0,0.0,0.0,34.61931694991706,-13.352785615202642,False,True,False,True,True,0.0,0,0.914832346358757,1.032484997326256,False,False,False,False,-0.3083974762061511,-0.29874926674652974,False,False,False,False,148186302,143568591.46545643,False,False,False,False,642273.5192411346,False,False,False,False
2024-06-20 00:00:00+00:00,5.09,5.5,5.08,5.39,134257,,,,,,,,,11.906617896009907,13.670854313778879,,,,,,,,,,,,,,13.719738351732035,13.820717406778677,14.584573342509433,16.220836109864027,"rgba(239, 83, 80, 1.0)",0.0,0.0,1.7795110878349931,12.811039494307607,-4.33885438932626,0.0,0.0,0.0,0.0,0.0,0.0,0.0,0.0,32.14557922213818,-13.442376976112854,False,True,False,True,False,0.0,0,0.8884096368235829,1.055861017787744,False,False,False,False,-0.34282825441539394,-0.32078876058096184,False,False,False,False,148052045,143744413.17269343,False,False,False,False,622351.3028003059,False,False,False,False
2024-06-21 00:00:00+00:00,5.17,5.2,5.03,5.07,102287,,,,,,,,,11.90175267264635,13.66697713438284,,,,,,,,,,,,,,13.716819847153031,13.817776510631644,14.581421778700916,16.21723070348703,"rgba(239, 83, 80, 1.0)",0.0,0.0,1.5894155762071365,12.369266397302384,-4.529505376109488,0.0,0.0,0.0,0.0,0.0,0.0,0.0,0.0,31.447161522641878,-14.241715667529107,False,True,False,True,False,0.0,0,0.8897513145035577,1.0605762008222208,False,False,False,False,-0.34282825441539394,-0.3318085074981779,False,False,False,False,148154332,143917351.16592115,False,False,False,False,601956.6242591175,False,False,False,False
2024-06-24 00:00:00+00:00,5.47,5.7,5.22,5.23,374219,,,,,,,,5.463333333333334,11.884877495981343,13.65336972858152,,,,,,,,,,,,,,13.706569180113032,13.807442330501743,14.570311703200474,16.20445233517208,"rgba(239, 83, 80, 0.75)",0.0,0.0,1.5688004483881455,12.368182809942393,-4.397106602710299,0.0,0.0,0.0,0.0,0.0,0.0,0.0,0.0,34.22546301967823,-14.241715667529107,False,True,False,True,True,0.0,0,0.9011853722084868,1.0374406608076987,False,False,False,False,-0.2514313484047643,-0.29161992795147107,False,False,False,False,148528551,144098182.53196347,False,False,False,False,593025.7370332698,False,False,False,False
2024-06-25 00:00:00+00:00,5.7,5.89,5.4614,5.6,212926,,,,,,,,5.543284768611955,11.875643452861715,13.64585528908468,,,,,,,,,,,,,,13.700903721841692,13.80172877282427,14.564155025768693,16.197344104433395,"rgba(239, 83, 80, 0.5)",0.0,0.0,1.5237391538662448,12.365399457415922,-4.374370403558598,0.0,0.0,0.0,0.0,0.0,0.0,0.0,0.0,38.18545589990112,-16.405392390566107,False,False,False,True,True,0.0,0,0.9217685833079811,1.022715748909847,False,False,False,False,-0.19639704281217904,-0.24400848538182507,False,False,False,False,148741477,144280272.51110214,False,False,False,False,578119.8649927494,False,False,False,False
2024-06-26 00:00:00+00:00,6.14,6.18,5.61,5.7,268022,,,,,,,,5.679113072417434,11.86460699048673,13.636763743119587,,,,,,,,,,,,,,13.69404375183506,13.794807259711256,14.556672565535475,16.188659079307214,"rgba(239, 83, 80, 0.5)",0.0,0.0,1.481903608984851,12.364195639973385,-4.2001352869618485,0.0,0.0,0.0,0.0,0.0,0.0,0.0,0.0,44.07675829110626,-11.042812322112269,True,False,False,True,True,0.0,0,0.9549595659739994,0.9995905415088545,False,False,False,False,-0.1416224003027194,-0.19281544284227223,False,False,False,False,149009499,144465732.37341186,False,False,False,False,565959.1644047984,False,False,False,False
2024-06-27 00:00:00+00:00,6.3,6.95,5.93,6.86,2660097,,,,,,,,6.219583197392855,11.764864923524117,13.552531237961146,,,,,,,,,,,,,,13.630254501999246,13.730395894404175,14.486682953288781,16.106739076788518,#000000,0.0,0.0,1.4369488069830123,11.960184970968003,-3.9390303561697575,0.0,0.0,0.0,0.0,0.0,0.0,0.0,0.0,48.99754155951669,-6.75705231094615,True,False,False,False,True,0.0,0,0.9943417197130442,0.944225522885723,False,False,False,False,-0.00840418136760706,-0.10060981210493965,False,False,False,False,151669596,144748236.82935652,False,False,False,False,648082.2167810808,False,False,False,False
2024-06-28 00:00:00+00:00,5.49,6.4191,5.3519,6.38,1349269,,,,,,,,6.090352553568177,11.709789902650733,13.506799917419453,,,,,,,,,,,,,,13.595500798367866,13.695340295144407,14.44886948364563,16.063006707439385,#000000,0.0,0.0,1.3984019193150325,11.904937375319044,-4.58733450427558,0.0,0.0,0.0,0.0,0.0,0.0,0.0,0.0,46.91949128178388,-6.75705231094615,True,False,False,False,True,0.0,1,0.9649407454779443,0.9644393914272404,False,False,False,False,-0.14397552301532016,-0.12229266756012991,False,False,False,False,150320327,144966750.16938177,False,False,False,False,675579.7376916267,False,False,False,False
2024-07-01 00:00:00+00:00,5.38,5.6446,5.25,5.53,453973,,,,,,,,6.033548514137868,11.69047518532698,13.490886146150142,,,,,,,,,,,,,,13.583389074380365,13.68312925342292,14.435742023075436,16.04790889085074,"rgba(239, 83, 80, 0.5)",0.0,0.0,1.390004446171453,11.884387537472877,-4.679400526658877,0.0,0.0,0.0,0.0,0.0,0.0,0.0,0.0,44.97516207045143,-6.75705231094615,True,False,False,True,False,0.0,1,0.9617668591881559,1.0197429431383713,False,False,False,False,-0.254715489306815,-0.18850407843347244,False,False,False,False,149866354,145158891.49607268,False,False,False,False,666889.2773899942,False,False,False,False
2024-07-02 00:00:00+00:00,5.27,5.41,5.1,5.41,236534,,,,,,,,6.000610763150821,11.68019501876189,13.482450416212522,,,,,,,,,,,,,,13.576965471976628,13.67665446793931,14.428792464895762,16.039937607601928,"rgba(239, 83, 80, 0.5)",0.0,0.0,1.3898138834558695,11.873111004285132,-4.751075725237421,0.0,0.0,0.0,0.0,0.0,0.0,0.0,0.0,43.112622454330634,-0.8036710956752131,False,False,False,True,False,0.0,1,0.9403874813710877,1.0277363801953963,False,False,False,False,-0.30515172883666325,-0.24682790363506785,False,False,False,False,149629820,145334222.02563846,False,False,False,False,650012.5998452887,False,False,False,False
2024-07-03 00:00:00+00:00,5.36,5.43,5.2,5.24,142638,,,,,,,,5.983822419191351,11.674079020783726,13.47741497448013,,,,,,,,,,,,,,13.573129174942764,13.672787195662183,14.424638688491937,16.035167522755874,"rgba(239, 83, 80, 0.5)",0.0,0.0,1.33700182269507,11.866783658067593,-4.866697672073103,0.0,0.0,0.0,0.0,0.0,0.0,0.0,0.0,42.595862800039995,-0.8036710956752131,False,False,False,True,False,0.0,1,0.9558779036541499,1.0087571855985475,False,False,False,False,-0.2892639427905669,-0.2680459232128174,False,False,False,False,149772458,145508270.49522126,False,False,False,False,630115.5567141009,False,False,False,False
2024-07-05 00:00:00+00:00,5.43,5.54,5.1319,5.29,213221,,,,,,,,5.9615829042305295,11.665012141967864,13.469933790163827,,,,,,,,,,,,,,13.567427094125188,13.66703873622109,14.41846196120445,16.02806974393858,"rgba(239, 83, 80, 0.5)",0.0,0.0,1.2821278484752976,11.857765240178908,-5.013357480552963,0.0,0.0,0.0,0.0,0.0,0.0,0.0,0.0,42.83151390267976,-0.8036710956752131,False,False,False,True,False,0.0,1,0.9487055417874589,1.0021037838656606,False,False,False,False,-0.2837501306491372,-0.2758980269309773,False,False,False,False,149985679,145683855.1424675,False,False,False,False,613766.7505684498,False,False,False,False
2024-07-08 00:00:00+00:00,5.74,5.74,5.34,5.44,230216,,,,,,,,5.948277926787997,11.655622778346078,13.462109957209739,,,,,,,,,,,,,,13.561458868075961,13.661019761059832,14.411978482527875,16.020588657102007,"rgba(239, 83, 80, 0.5)",0.0,0.0,1.2336526297247925,11.849744932053358,-4.95256507775316,0.0,0.0,0.0,0.0,0.0,0.0,0.0,0.0,45.38321038995242,-0.8036710956752131,True,False,False,True,False,0.0,1,0.9598761651750454,0.9932423015031655,False,False,False,False,-0.2308624286262011,-0.2533802277785892,False,False,False,False,150215895,145861582.19570407,False,False,False,False,598725.5446638047,False,False,False,False
2024-07-09 00:00:00+00:00,5.7,5.8,5.53,5.75,173966,,,,,,,,5.940795659422263,11.64862873953311,13.456260678069338,,,,,,,,,,,,,,13.556994460190825,13.656516873786497,14.407124372970712,16.014980539794273,#000000,0.0,0.0,1.1686088904140826,11.844105417399774,-5.257623374080856,0.0,0.0,0.0,0.0,0.0,0.0,0.0,0.0,46.78703997609218,-0.8036710956752131,True,False,False,False,True,0.0,1,0.9698600828635467,0.9842890375602799,False,False,False,False,-0.19909696875543692,-0.22623859826701306,False,False,False,False,150041929,146025517.3645,False,False,False,False,582068.3076181653,False,False,False,False
2024-07-10 00:00:00+00:00,5.64,5.8996,5.58,5.64,149840,,,,,,,,5.935366069959195,11.642647814937815,13.451248945792614,,,,,,,,,,,,,,13.553167795385383,13.652657027160716,14.402962052738262,16.01016898171646,#000000,0.0,0.0,1.1106408668652703,11.839418577267505,-5.581839064471905,0.0,0.0,0.0,0.0,0.0,0.0,0.0,0.0,47.254693720676,-0.8036710956752131,True,False,False,False,True,0.0,1,0.9656893860115626,0.9935839151841622,False,False,False,False,-0.1802803445522062,-0.20325947140960965,False,False,False,False,149892089,146177147.62471566,False,False,False,False,565118.177907649,False,False,False,False
2024-07-11 00:00:00+00:00,5.81,5.94,5.64,5.64,281668,,,,,,,,5.929575412854309,11.631607666282115,13.441954894847093,,,,,,,,,,,,,,13.546067063721303,13.645493641727295,14.395229509631502,16.00121541587422,#000000,0.0,0.0,1.0643197209882849,11.831352948411348,-5.657466294827423,0.0,0.0,0.0,0.0,0.0,0.0,0.0,0.0,48.96731306419353,-0.8036710956752131,True,False,False,False,True,0.0,1,0.9601324296684057,0.9991333136884435,False,False,False,False,-0.16772331679870284,-0.18549139410415624,False,False,False,False,150173757,146333877.40413857,False,False,False,False,554002.4846563686,False,False,False,False
2024-07-12 00:00:00+00:00,5.83,5.905,5.55,5.82,336256,,,,,,,,5.921603994115359,11.618403658710669,13.430838484925095,,,,,,,,,,,,,,13.537568988521405,13.63692100346132,14.38597905423848,15.990510569884801,#000000,0.0,0.0,0.9913231671043214,11.821583709521665,-6.0440267193827655,0.0,0.0,0.0,0.0,0.0,0.0,0.0,0.0,50.27391032163781,-5.440220402170716,True,False,False,False,True,0.0,1,0.9486000034847458,1.0051922708344225,False,False,False,False,-0.18336551653204777,-0.184428455318102,False,False,False,False,150510013,146497647.4275057,False,False,False,False,545463.4068267071,False,False,False,False
2024-07-15 00:00:00+00:00,5.885,7.49,5.84,7.49,13037804,,,,,,,,6.234835559315209,11.200177563016569,13.057497100230805,,,,,,,,,,,,,,13.247920476247875,13.34435043250079,14.067642839775035,15.617095002714217,"rgba(38, 166, 154, 1.0)",0.0,0.0,0.9279231532807591,11.25102310956485,-5.782831359033097,0.0,0.0,0.0,0.0,0.0,0.0,0.0,0.0,51.6234340601644,-3.919440378285387,True,False,True,False,True,0.0,1,0.974270976416445,0.9290335431770365,False,False,False,False,0.046239587585347394,-0.06909443386637731,False,False,False,False,163547817,147166281.52838784,False,False,False,False,1035359.1163629147,False,False,False,False
2024-07-16 00:00:00+00:00,5.36,5.62,5.25,5.6,2231791,,,,,,,,6.1524794237989235,11.121742995361526,12.988561458463673,,,,,,,,,,,,,,13.193811823158502,13.289782154287881,14.008931305463475,15.549480176960765,#000000,0.0,0.0,0.8599042739610603,11.18388862400798,-6.772717383041762,0.0,0.0,0.0,0.0,0.0,0.0,0.0,0.0,48.134451513119416,-3.919440378285387,True,False,False,False,False,0.0,1,0.9530589571299138,0.9928256048015152,False,False,False,False,-0.25790132752762657,-0.16349788069700194,False,False,False,False,161316026,147721173.46845105,False,False,False,False,1082278.0137604475,False,False,False,False
2024-07-17 00:00:00+00:00,5.21,5.43,5.17,5.25,1102561,,,,,,,,6.1109962707611905,11.082842664287698,12.95434143836435,,,,,,,,,,,,,,13.166879705849235,13.26262604976176,13.979751751719988,15.515949594644358,"rgba(239, 83, 80, 0.5)",0.0,0.0,0.8209726981984948,11.15065957216585,-7.236123180712054,0.0,0.0,0.0,0.0,0.0,0.0,0.0,0.0,44.837430483993124,0.5308409992056085,False,False,False,True,False,0.0,1,0.9399871312611365,1.0128893618425394,False,False,False,False,-0.29322230145512357,-0.22836009107606275,False,False,False,False,160213465,148211067.254002,False,False,False,False,1083073.424985528,False,False,False,False
2024-07-18 00:00:00+00:00,5.09,5.29,5.0304,5.26,850532,,,,,,,,6.076905880619857,11.052506358482365,12.927696216284644,,,,,,,,,,,,,,13.145880299201313,13.241455725844082,13.95703279420324,15.489898359801762,"rgba(239, 83, 80, 1.0)",0.0,0.0,0.7972832078563215,11.12442891930431,-7.568739514192523,0.0,0.0,0.0,0.0,0.0,0.0,0.0,0.0,41.891948477867544,-2.235192630776133,False,True,False,True,False,0.0,1,0.930656402181203,1.0255903953743162,False,False,False,False,-0.33056607455891973,-0.2794630828174912,False,False,False,False,159362933,148648395.32247254,False,False,False,False,1073954.153417468,False,False,False,False
2024-07-19 00:00:00+00:00,5.01,5.16,4.72,5.1,814642,,,,,,,,6.040792956762177,11.022895428197096,12.901780640768987,,,,,,,,,,,,,,13.125436322516618,13.220850110626492,13.934955884723282,15.464652710301019,"rgba(239, 83, 80, 1.0)",0.0,0.0,0.7809181071701755,11.098250337050661,-7.796272465896257,0.0,0.0,0.0,0.0,0.0,0.0,0.0,0.0,39.43356395052414,-4.527229822167591,False,True,False,True,False,0.0,1,0.9171343005844212,1.0263757990621014,False,False,False,False,-0.34282825441539394,-0.31114566861644255,False,False,False,False,158548291,149036626.52551284,False,False,False,False,1063785.049361881,False,False,False,False
2024-07-22 00:00:00+00:00,5.21,5.23,4.9,5.09,493420,,,,,,,,6.022926385224981,11.005540544793435,12.886460753944101,,,,,,,,,,,,,,13.113329877843391,13.208645124930143,13.921859449343303,15.449638063266189,"rgba(239, 83, 80, 1.0)",0.0,0.0,0.762612124391173,11.083641596556179,-7.702003952855282,0.0,0.0,0.0,0.0,0.0,0.0,0.0,0.0,40.01731549079474,-4.527229822167591,False,True,False,True,False,0.0,1,0.9233640838743152,1.0377527217814222,False,False,False,False,-0.31116350061333253,-0.31115458461488754,False,False,False,False,159041711,149428982.77941433,False,False,False,False,1041417.7925241604,False,False,False,False
2024-07-23 00:00:00+00:00,4.96,5.16,4.94,5.16,356991,,,,,,,,6.009140185206705,10.992849759139546,12.875281651123112,,,,,,,,,,,,,,13.10449168780038,13.199736119357633,13.912308211538644,15.438704199829123,"rgba(239, 83, 80, 1.0)",0.0,0.0,0.756366509910023,11.07280766851047,-8.08180635765807,0.0,0.0,0.0,0.0,0.0,0.0,0.0,0.0,38.72041236336247,-5.30604651649152,False,True,False,True,False,0.0,1,0.8977852740149416,1.0924347856802248,False,False,False,False,-0.3097898490393247,-0.31047221682710613,False,False,False,False,158684720,149791952.86649612,False,False,False,False,1014577.5261506638,False,False,False,False
2024-07-24 00:00:00+00:00,4.64,4.98,4.64,4.84,442008,,,,,,,,5.988124578977993,10.976512833873738,12.861015817157522,,,,,,,,,,,,,,13.093215329637014,13.18837353293597,13.900156929783039,15.424852485752073,"rgba(239, 83, 80, 1.0)",0.0,0.0,0.7620811181539721,11.058159362525593,-8.4218847700526,0.0,0.0,0.0,0.0,0.0,0.0,0.0,0.0,36.0804049198534,-7.93509220666715,False,True,False,True,False,0.0,1,0.9172618403491687,1.0547830321393787,False,False,False,False,-0.34282825441539394,-0.32665023562125006,False,False,False,False,158242712,150123355.18545705,False,False,False,False,992123.8192427946,False,False,False,False
2024-07-25 00:00:00+00:00,4.63,4.8099,4.54,4.6,303398,,,,,,,,5.9730414611854945,10.965180957575619,12.85114016801041,,,,,,,,,,,,,,13.08540629592596,13.180505701158676,13.891749884148746,15.41528231552766,"rgba(239, 83, 80, 1.0)",0.0,0.0,0.7659649334633167,11.047894310294819,-8.378835674991356,0.0,0.0,0.0,0.0,0.0,0.0,0.0,0.0,34.26863047176167,-9.75450931297744,False,True,False,True,False,0.0,0,0.9043425898047571,1.08083007156588,False,False,False,False,-0.34282825441539394,-0.334739245018322,False,False,False,False,157939314,150429863.37426266,False,False,False,False,965114.9635862145,False,False,False,False
2024-07-26 00:00:00+00:00,4.88,4.89,4.607,4.65,293733,,,,,,,,5.960201162348006,10.954478239531646,12.841755887280462,,,,,,,,,,,,,,13.077978349860702,13.173020442565079,13.883741706762892,15.4061470384804,"rgba(239, 83, 80, 1.0)",0.0,0.0,0.753959679435438,11.038506518065008,-8.168217327850307,0.0,0.0,0.0,0.0,0.0,0.0,0.0,0.0,35.87612210931897,-9.75450931297744,False,True,False,True,False,0.0,0,0.88972125026419,1.082427259704577,False,False,False,False,-0.32136298179193445,-0.3280511134051282,False,False,False,False,158233047,150735870.57527196,False,False,False,False,938786.2591318531,False,False,False,False
2024-07-29 00:00:00+00:00,4.75,4.9,4.73,4.89,120762,,,,,,,,5.955007252899662,10.950089517860528,12.837904557549116,,,,,,,,,,,,,,13.074928736226408,13.169947280108342,13.880453766050133,15.402396175452655,"rgba(239, 83, 80, 1.0)",0.0,0.0,0.750098642172594,11.034673158292158,-8.37846225143024,0.0,0.0,0.0,0.0,0.0,0.0,0.0,0.0,36.099222697402276,-9.75450931297744,False,True,False,True,False,0.0,0,0.9032848022385744,1.075208075676037,False,False,False,False,-0.3005393623590689,-0.31429523788209857,False,False,False,False,158112285,151025141.7291829,False,False,False,False,906706.8764208001,False,False,False,False
2024-07-30 00:00:00+00:00,4.44,4.7601,4.415,4.66,320978,,,,,,,,5.938443092768758,10.937973083030473,12.827361980184806,,,,,,,,,,,,,,13.066584738387347,13.16154165753968,13.871481293185791,15.392200199783929,"rgba(239, 83, 80, 1.0)",0.0,0.0,0.7534889000766537,11.023612027636208,-8.737503667229133,0.0,0.0,0.0,0.0,0.0,0.0,0.0,0.0,34.47066358952885,-9.90636892130108,False,True,False,True,False,0.0,0,0.8912015498327536,1.0751487562687585,False,False,False,False,-0.34282825441539394,-0.3285617461487462,False,False,False,False,157791307,151290481.54372475,False,False,False,False,883737.1165611609,False,False,False,False
2024-07-31 00:00:00+00:00,4.43,4.53,4.39,4.48,272398,,,,,,,,5.923818546341588,10.927584845596485,12.81834085117327,,,,,,,,,,,,,,13.059443148759732,13.154348087896556,13.863808345419361,15.383492059921762,"rgba(239, 83, 80, 1.0)",0.0,0.0,0.7626120180709841,11.014040486444108,-8.633538851247508,0.0,0.0,0.0,0.0,0.0,0.0,0.0,0.0,33.33137075319139,-11.207033058235183,False,True,False,True,False,0.0,0,0.9027373522355928,1.077472233082816,False,False,False,False,-0.34282825441539394,-0.3356950002820701,False,False,False,False,157518909,151534733.60083356,False,False,False,False,859763.0335587625,False,False,False,False
2024-08-01 00:00:00+00:00,4.17,4.48,4.14,4.37,282688,,,,,,,,5.9070582089514225,10.916529645066202,12.808791092371802,,,,,,,,,,,,,,13.051883868612387,13.146735501801617,13.855701118440908,15.374315568749699,"rgba(239, 83, 80, 1.0)",0.0,0.0,0.7896800412722745,11.003599762700997,-8.653631098097911,0.0,0.0,0.0,0.0,0.0,0.0,0.0,0.0,31.24290589957462,-13.38523358248083,False,True,False,True,False,0.0,0,0.9058719371895843,1.0751565152672313,False,False,False,False,-0.34282825441539394,-0.339261627348732,False,False,False,False,157236221,151758321.34197736,False,False,False,False,837132.6400858699,False,False,False,False
2024-08-02 00:00:00+00:00,3.99,4.129,3.92,3.98,546449,,,,,,,,5.870809611107998,10.894462899855315,12.789852266206065,,,,,,,,,,,,,,13.036893027586103,13.131643273198529,13.83966025233141,15.356221162909637,"rgba(239, 83, 80, 1.0)",0.0,0.0,0.8209487315515132,10.982168976928783,-8.517181046999445,0.0,0.0,0.0,0.0,0.0,0.0,0.0,0.0,29.04705729787556,-15.609629586362367,False,True,False,True,False,0.0,0,0.8876432010422636,1.0962428552536845,False,False,False,False,-0.34282825441539394,-0.34104494088206294,False,False,False,False,156689772,151951711.5638606,False,False,False,False,825733.28165113,False,False,False,False
2024-08-05 00:00:00+00:00,3.56,3.66,3.1,3.46,593709,,,,,,,,5.821294808479636,10.868663963761188,12.768030389332056,,,,,,,,,,3.44,,,,13.019631310925627,13.11427537016226,13.821278438951335,15.335637274726798,"rgba(239, 83, 80, 1.0)",0.0,0.0,0.8660007646304639,10.474958352632878,-7.984933310750134,0.0,0.0,0.0,0.0,0.0,0.0,0.0,0.0,26.024491375901224,-18.54856496401451,False,True,False,True,False,0.0,0,0.8512668813977271,1.1091496458849053,False,False,False,False,-0.34282825441539394,-0.3419365976487284,False,False,False,False,156096063,152114235.14959154,False,False,False,False,816634.2902138307,False,False,False,False
2024-08-06 00:00:00+00:00,3.62,3.74,3.6,3.65,193434,,,,,,,,5.8070018495126865,10.860537316056641,12.761104769379699,,,,,,,,,,3.49242493422415,,,,13.014145686762681,13.108754722456732,13.81542634153696,15.329066263766334,"rgba(239, 83, 80, 1.0)",0.0,0.0,0.8987808910442637,10.4697696812241,-7.621178586991964,0.0,0.0,0.0,0.0,0.0,0.0,0.0,0.0,24.76394483995808,-19.796737623407655,False,True,False,True,False,0.0,0,0.8845039580648599,1.0958268334512193,False,False,False,False,-0.2840084082165161,-0.31297250293262224,False,False,False,False,156289497,152277970.90843108,False,False,False,False,792195.0631466216,False,False,False,False
2024-08-07 00:00:00+00:00,3.44,3.72,3.415,3.67,198228,,,,,,,,5.791687644723762,10.852080277065886,12.753918567432976,,,,,,,,,,3.4989780904857155,,,,13.008453792832835,13.103027238167588,13.809360545066475,15.322266133165108,"rgba(239, 83, 80, 1.0)",0.0,0.0,0.9401505677849302,10.46187663267137,-7.468885169335665,0.0,0.0,0.0,0.0,0.0,0.0,0.0,0.0,23.290581623745233,-21.28981975557177,False,True,False,True,False,0.0,0,0.8714968803707114,1.1090269809769093,False,False,False,False,-0.3045612056563782,-0.30876685429450024,False,False,False,False,156091269,152427512.01006123,False,False,False,False,768902.2371408717,False,False,False,False
2024-08-08 00:00:00+00:00,3.48,3.57,3.35,3.45,297306,,,,,,,,5.768519318866694,10.839332055569768,12.743093516066734,,,,,,,,,,3.4914887691913084,,,,12.999877343046656,13.094397634763158,13.800224819854034,15.312031489407055,"rgba(239, 83, 80, 1.0)",0.0,0.0,0.9776020626047367,10.449095843260384,-7.128765486328687,0.0,0.0,0.0,0.0,0.0,0.0,0.0,0.0,22.85114174069133,-21.85687774613409,False,True,False,True,False,0.0,0,0.857347071014844,1.1109962457152185,False,False,False,False,-0.3263885073971052,-0.31757768084580273,False,False,False,False,156388575,152582847.81358826,False,False,False,False,750408.2670569159,False,False,False,False
2024-08-09 00:00:00+00:00,3.8,4.07,3.4,3.48,595508,,,,,,,,5.729149365011584,10.814928311725543,12.722161987001774,,,,,,,,,,3.5755675789836108,,,,12.983266050905318,13.077678077965013,13.782486471541196,15.29208499924435,"rgba(239, 83, 80, 0.75)",0.0,0.0,1.0034603508320215,10.430636649927857,-6.60777144251893,0.0,0.0,0.0,0.0,0.0,0.0,0.0,0.0,26.52378811534738,-21.85687774613409,False,True,False,True,True,0.0,0,0.869435566646722,1.0785137836930665,False,False,False,False,-0.2710959813623889,-0.2943368311040958,False,False,False,False,156984083,152755445.27187893,False,False,False,False,744333.7467801741,False,False,False,False
2024-08-12 00:00:00+00:00,3.83,3.9765,3.7,3.81,330903,,,,,,,,5.708779673076809,10.801591193741839,12.710675057808489,,,,,,,,,,3.614503292686092,,,,12.974140160565273,13.06849181319498,13.772734235343004,15.281106707981937,"rgba(239, 83, 80, 0.75)",0.0,0.0,1.026169370324816,10.42044922298774,-6.422379593050656,0.0,0.0,0.0,0.0,0.0,0.0,0.0,0.0,29.313454095890968,-26.18138365710569,False,True,False,True,True,0.0,0,0.8717836385408453,1.0933389799156907,False,False,False,False,-0.24270793185282916,-0.26852238147846247,False,False,False,False,157314986,152934250.79062876,False,False,False,False,728120.7763182065,False,False,False,False
2024-08-13 00:00:00+00:00,3.6,3.83,3.53,3.83,409735,,,,,,,,5.681762058290057,10.784717183268363,12.69620154855762,,,,,,,,,,3.6205785511913815,,,,12.962640635024243,13.056918427032896,13.76046428131974,15.267326255334972,"rgba(239, 83, 80, 0.75)",0.0,0.0,1.0541460529343927,10.405136114174113,-6.455591324590054,0.0,0.0,0.0,0.0,0.0,0.0,0.0,0.0,29.830172480039547,-25.64705361720322,False,True,False,True,True,0.0,0,0.8829665562391545,1.0937943681968767,False,False,False,False,-0.27656833250532076,-0.27254535699189164,False,False,False,False,156905251,153089976.28903547,False,False,False,False,715635.0595998454,False,False,False,False
2024-08-14 00:00:00+00:00,3.39,3.6544,3.39,3.62,158296,,,,,,,,5.6706281838018775,10.778059801433551,12.690514173745958,,,,,,,,,,3.6124591626430123,,,,12.958122063998278,13.052371647249839,13.755649869959374,15.261930912138553,"rgba(239, 83, 80, 0.75)",0.0,0.0,1.0842250315018482,10.398467806269469,-6.464034312656912,0.0,0.0,0.0,0.0,0.0,0.0,0.0,0.0,29.105508474935345,-25.64705361720322,False,True,False,True,True,0.0,0,0.8828475834229823,1.082144866315966,False,False,False,False,-0.31109192686903037,-0.29181864193046103,False,False,False,False,156746955,153233387.21887723,False,False,False,False,693778.6258900475,False,False,False,False
2024-08-15 00:00:00+00:00,3.33,3.49,3.25,3.45,342432,,,,,,,,5.645610480926109,10.763460779253624,12.678073102450496,,,,,,,,,,3.5843809116440153,,,,12.948236977944987,13.042426033990584,13.745127653493933,15.250156243381218,"rgba(239, 83, 80, 0.75)",0.0,0.0,1.1092921085080585,10.383204152405444,-6.358292913389283,0.0,0.0,0.0,0.0,0.0,0.0,0.0,0.0,28.330825706579205,-25.64705361720322,False,True,False,True,True,0.0,0,0.8952047865715724,1.0830634871414264,False,False,False,False,-0.34282825441539394,-0.31732344817292746,False,False,False,False,156404523,153357745.4848036,False,False,False,False,680000.3268355358,False,False,False,False
2024-08-16 00:00:00+00:00,3.38,3.46,3.33,3.33,169248,,,,,,,,5.633621285131117,10.756298737299689,12.671958251278848,,,,,,,,,,3.5743776914612293,,,,12.943375711264263,13.037534807965272,13.739951538996372,15.244361462378034,"rgba(239, 83, 80, 0.75)",0.0,0.0,1.132729403219136,10.375966904428058,-6.176203146617383,0.0,0.0,0.0,0.0,0.0,0.0,0.0,0.0,28.502034011296757,-25.64705361720322,False,True,False,True,True,0.0,0,0.8934408961282532,1.08909899031421,False,False,False,False,-0.3372190406649975,-0.3272712444189625,False,False,False,False,156573771,153483864.13245836,False,False,False,False,659970.8238223775,False,False,False,False
2024-08-19 00:00:00+00:00,3.5,3.51,3.36,3.39,212132,,,,,,,,5.619214261632997,10.747422667854991,12.664360347828747,,,,,,,,,,3.567245224379839,,,,12.937332147385737,13.031453555866362,13.733512946796385,15.237147194501008,"rgba(239, 83, 80, 0.75)",0.0,0.0,1.1540840406960222,10.367358799700206,-5.950484156733107,0.0,0.0,0.0,0.0,0.0,0.0,0.0,0.0,30.258304759365743,-24.56014991779789,False,True,False,True,True,0.0,0,0.8896636903996088,1.0835756374958185,False,False,False,False,-0.32828649103023816,-0.3277788677246003,False,False,False,False,156785903,153613355.85275412,False,False,False,False,642408.5170058137,False,False,False,False
2024-08-20 00:00:00+00:00,3.51,3.57,3.4001,3.52,174739,,,,,,,,5.607688235802678,10.74016412402591,12.658136056811811,,,,,,,,,,3.563733085015793,,,,12.932378925931497,13.026469234114579,13.728234271592974,15.231229724301377,"rgba(239, 83, 80, 0.75)",0.0,0.0,1.1699200981487274,10.36049096255373,-5.855520367069421,0.0,0.0,0.0,0.0,0.0,0.0,0.0,0.0,31.5683753694692,-23.115493429780326,False,True,False,True,True,0.0,0,0.9062002766309266,1.0756055201389394,False,False,False,False,-0.31718026835987956,-0.32247956804223993,False,False,False,False,156960642,153744621.97617555,False,False,False,False,624068.5359467622,False,False,False,False
2024-08-21 00:00:00+00:00,3.7,3.73,3.49,3.49,486487,,,,,,,,5.578427952968917,10.720439433174544,12.641128112226566,,,,,,,,,,3.572647420219852,,,,12.918829903515991,13.012832917893808,13.71377679500944,15.214991810225122,"rgba(239, 83, 80, 0.75)",0.0,0.0,1.1798953496189117,10.343195351096872,-5.630325904108804,0.0,0.0,0.0,0.0,0.0,0.0,0.0,0.0,34.99645434139178,-19.749517823654013,False,True,False,True,True,0.0,0,0.9171639984422202,1.0659951372004168,False,False,False,False,-0.28977440716811176,-0.30612698760517587,False,False,False,False,157447129,153889818.330051,False,False,False,False,618673.1815959088,False,False,False,False
2024-08-22 00:00:00+00:00,3.43,3.75,3.37,3.73,469825,,,,,,,,5.549238032168689,10.701164046849994,12.62453923940146,,,,,,,,,,3.5669692553353327,,,,12.905608955347839,12.999528401159761,13.699683301014996,15.199186532299102,"rgba(239, 83, 80, 0.75)",0.0,0.0,1.1900444272190196,10.32544896024775,-5.794278602153976,0.0,0.0,0.0,0.0,0.0,0.0,0.0,0.0,35.133357136233585,-19.535318372267383,False,True,False,True,True,0.0,0,0.8984400305097852,1.0655124494551078,False,False,False,False,-0.30068825974948965,-0.30340762367733276,False,False,False,False,156977304,154010896.19946077,False,False,False,False,612835.9980039124,False,False,False,False
2024-08-23 00:00:00+00:00,3.52,3.5999,3.415,3.43,442629,,,,,,,,5.522417722803246,10.68308589799029,12.608957101963787,,,,,,,,,,3.562142622551101,,,,12.893180618099763,12.987021447386848,13.686434662668136,15.18432877207963,"rgba(239, 83, 80, 0.5)",0.0,0.0,1.1968849320452044,10.308950776028713,-5.672183343830671,0.0,0.0,0.0,0.0,0.0,0.0,0.0,0.0,36.37544951115341,-18.213370030754163,False,False,False,True,True,0.0,0,0.8896210093446151,1.088035001551301,False,False,False,False,-0.3122342221321961,-0.3078209229047644,False,False,False,False,157419933,154144583.91712898,False,False,False,False,606161.2137684649,False,False,False,False
2024-08-26 00:00:00+00:00,3.55,3.6,3.44,3.52,283676,,,,,,,,5.505750673571704,10.671577091880703,12.599018777401612,,,,,,,,,,3.560440942406905,,,,12.885248272122897,12.979038706553375,13.677977155203934,15.174841397396976,"rgba(239, 83, 80, 0.5)",0.0,0.0,1.1965957606605229,10.29860403154634,-5.639836153038933,0.0,0.0,0.0,0.0,0.0,0.0,0.0,0.0,37.59524834776841,-16.91229835533646,False,False,False,True,True,0.0,0,0.8893625605878013,1.0909945159081136,False,False,False,False,-0.3094695801091521,-0.30864525150695826,False,False,False,False,157703609,154284153.52822196,False,False,False,False,593514.7347971526,False,False,False,False
2024-08-27 00:00:00+00:00,3.55,3.71,3.46,3.57,279253,,,,,,,,5.489967555214592,10.66035236751417,12.589303282682447,,,,,,,,,,3.5610795611738455,,,,12.877488830682084,12.971229560348398,13.669700754471883,15.16555172082106,"rgba(239, 83, 80, 0.5)",0.0,0.0,1.188205373252174,10.28872876649191,-5.671350187592313,0.0,0.0,0.0,0.0,0.0,0.0,0.0,0.0,38.40844757217841,-15.985216630928058,False,False,False,True,True,0.0,1,0.9011004838288089,1.0743613406378858,False,False,False,False,-0.29522278903914395,-0.3019340202730511,False,False,False,False,157703609,154418249.82123286,False,False,False,False,581190.7451972642,False,False,False,False
2024-08-28 00:00:00+00:00,3.42,3.54,3.34,3.51,285414,,,,,,,,5.472941421585222,10.648690716309071,12.579241174741517,,,,,,,,,,3.554923754143625,,,,12.869452416757666,12.963142813903968,13.661138652844881,15.155957970062529,"rgba(239, 83, 80, 0.5)",0.0,0.0,1.194071190936849,10.277994200375657,-5.743371293461142,0.0,0.0,0.0,0.0,0.0,0.0,0.0,0.0,37.72875259551503,-15.985216630928058,False,False,False,True,True,0.0,1,0.8959108602881726,1.077852679599278,False,False,False,False,-0.3271734967678563,-0.3145537585204537,False,False,False,False,157418195,154535894.7302041,False,False,False,False,569591.6571503127,False,False,False,False
2024-08-29 00:00:00+00:00,3.36,3.55,3.36,3.44,238227,,,,,,,,5.45887593099969,10.638972392631329,12.570850371256402,,,,,,,,,,3.5498357050864113,,,,12.862748016355583,12.956396455470092,13.653996091305986,15.147955522084265,"rgba(239, 83, 80, 0.5)",0.0,0.0,1.1929451895378804,10.269077061394835,-5.7916131621028235,0.0,0.0,0.0,0.0,0.0,0.0,0.0,0.0,36.73713470457599,-15.985216630928058,False,False,False,True,True,0.0,1,0.8965391150975458,1.0771063216536532,False,False,False,False,-0.32383919344879153,-0.31919647598462264,False,False,False,False,157179968,154639583.87803924,False,False,False,False,556596.9647130455,False,False,False,False
2024-08-30 00:00:00+00:00,3.41,3.43,3.35,3.42,120839,,,,,,,,5.451722345174485,10.63403464576672,12.56658768005036,,,,,,,,,,3.546889392684731,,,,12.859341295294772,12.952968495757975,13.650367451127536,15.143891284412783,"rgba(239, 83, 80, 0.5)",0.0,0.0,1.1785898850463083,10.264526861567301,-5.815871108802175,0.0,0.0,0.0,0.0,0.0,0.0,0.0,0.0,36.92694671657494,-15.985216630928058,False,False,False,True,True,0.0,1,0.9154269187791678,1.0719747595363818,False,False,False,False,-0.3383392384825795,-0.3287678572336011,False,False,False,False,157300807,154743945.56909654,False,False,False,False,539508.4170772398,False,False,False,False
2024-09-03 00:00:00+00:00,3.18,3.45,3.15,3.41,300429,,,,,,,,5.432981814707991,10.621556319512736,12.55584926358229,,,,,,,,,,3.533795498093997,,,,12.850759975343657,12.944334842177565,13.64123697477629,15.13368156698014,"rgba(239, 83, 80, 0.5)",0.0,0.0,1.171835577902456,10.252604619369894,-6.035492310303127,0.0,0.0,0.0,0.0,0.0,0.0,0.0,0.0,34.99849449991628,-15.985216630928058,False,False,False,True,False,0.0,1,0.9078666840708348,1.0540616977766173,False,False,False,False,-0.34282825441539394,-0.3357980558244975,False,False,False,False,157000378,154832433.11540648,False,False,False,False,530132.7536624462,False,False,False,False
2024-09-04 00:00:00+00:00,3.22,3.255,3.0899,3.19,175768,,,,,,,,5.421808503031772,10.614204438363576,12.549529793896014,,,,,,,,,,3.5248098362383646,,,,12.845709046533615,12.93925344830367,13.635865721888859,15.127680412571884,"rgba(239, 83, 80, 1.0)",0.0,0.0,1.167595986377033,9.762080318040093,-5.603034263880694,0.0,0.0,0.0,0.0,0.0,0.0,0.0,0.0,34.416239647051974,-15.985216630928058,False,True,False,True,False,0.0,1,0.8948977610076851,1.0942762811086757,False,False,False,False,-0.34282825441539394,-0.33931315511994575,False,False,False,False,157176146,154924343.42460623,False,False,False,False,516236.09665607574,False,False,False,False
2024-09-05 00:00:00+00:00,3.28,3.32,3.21,3.22,142932,,,,,,,,5.413133572124381,10.60830236462994,12.544441969692214,,,,,,,,,,3.5195323846845405,,,,12.841640309994618,12.935159821793187,13.631536089020331,15.122838167243911,"rgba(239, 83, 80, 0.5)",0.0,0.0,1.1624788402678268,9.75856307436848,-5.5730589237012405,0.0,0.0,0.0,0.0,0.0,0.0,0.0,0.0,35.09893443579181,-15.985216630928058,False,False,False,True,False,0.0,0,0.8861542459145112,1.103033966186331,False,False,False,False,-0.3233252045811056,-0.33131917985052567,False,False,False,False,157319078,155018254.5844256,False,False,False,False,501596.7203166218,False,False,False,False
2024-09-06 00:00:00+00:00,3.22,3.31,3.16,3.25,245309,,,,,,,,5.398132159121297,10.598139836890796,12.535685309442746,,,,,,,,,,3.5095939089033106,,,,12.834636190322989,12.928113109684828,13.624085068294663,15.114508794537885,"rgba(239, 83, 80, 0.5)",0.0,0.0,1.1623535343238407,9.74940606968282,-5.617401140764868,0.0,0.0,0.0,0.0,0.0,0.0,0.0,0.0,34.94291041118326,-15.985216630928058,False,False,False,True,False,0.0,1,0.8718964988514658,1.1228960417522522,False,False,False,False,-0.3296204544596568,-0.33046981715509127,False,False,False,False,157073769,155098862.99287948,False,False,False,False,491546.2214806759,False,False,False,False
2024-09-09 00:00:00+00:00,3.6,3.78,3.285,3.3,697775,,,,,,,,5.362797287859768,10.570653595528094,12.511733780170974,,,,,,,,,,3.513632957107895,,,,12.815441122725737,12.908794601348953,13.60360996017201,15.091525951189077,"rgba(239, 83, 80, 0.5)",0.0,0.0,1.149244855874992,9.736077174969745,-5.33922526918597,0.0,0.0,0.0,0.0,0.0,0.0,0.0,0.0,40.491554822237006,-13.17685547948225,True,False,False,True,True,0.0,1,0.8529385539948522,1.1402255259200256,False,False,False,False,-0.2682116950505462,-0.29934075610281874,False,False,False,False,157771544,155203674.01276657,False,False,False,False,499633.6245598651,False,False,False,False
2024-09-10 00:00:00+00:00,3.69,3.84,3.46,3.64,1331928,,,,,,,,5.302802218634017,10.519579487653195,12.466916183057283,,,,,,,,,,3.53536210099554,,,,12.779446820208731,12.872563760367218,13.565175786409448,15.048318148970328,#000000,0.0,0.0,1.1337441955385263,9.247115286702153,-4.901560077282278,0.0,0.0,0.0,0.0,0.0,0.0,0.0,0.0,45.21223622668853,-8.9184800417108,True,False,False,False,True,0.0,1,0.8933482898169898,1.1095769009091645,False,False,False,False,-0.24451481774066822,-0.27192778692174346,False,False,False,False,159103472,155356607.2671679,False,False,False,False,532272.6196751645,False,False,False,False
2024-09-11 00:00:00+00:00,3.32,3.49,3.26,3.49,617525,,,,,,,,5.271462160806632,10.495107549893303,12.445572508071498,,,,,,,,,,3.5240947499610127,,,,12.76229641796297,12.855305976587573,13.54690836030998,15.027859654523402,"rgba(239, 83, 80, 0.5)",0.0,0.0,1.1287977619590648,9.220691879897625,-5.227412809232351,0.0,0.0,0.0,0.0,0.0,0.0,0.0,0.0,44.30462892826465,-8.9184800417108,True,False,False,True,True,0.0,1,0.8751476399255462,1.0707187513527219,False,False,False,False,-0.30044892189596056,-0.28618835440885204,False,False,False,False,158485947,155479326.472377,False,False,False,False,535615.8502761384,False,False,False,False
2024-09-12 00:00:00+00:00,3.305,3.46,3.26,3.28,220563,,,,,,,,5.260425815342272,10.486389041945454,12.437960810254015,,,,,,,,,,3.5200767866234073,,,,12.756176141158681,12.849147421117882,13.540389990977395,15.020560414703667,"rgba(239, 83, 80, 0.5)",0.0,0.0,1.1142781487623308,9.211997868756239,-5.301187926297716,0.0,0.0,0.0,0.0,0.0,0.0,0.0,0.0,43.56036462831972,-8.9184800417108,True,False,False,True,True,0.0,1,0.8836318807553654,1.0584642396847037,False,False,False,False,-0.3035500108690379,-0.29486918263894496,False,False,False,False,158265384,155588583.630323,False,False,False,False,523260.83653981925,False,False,False,False
2024-09-13 00:00:00+00:00,3.49,3.66,3.2806,3.34,1310746,,,,,,,,5.201802180430588,10.435984779550877,12.393656275362886,,,,,,,,,,3.5150756813785207,,,,12.720488390619751,12.81323076997377,13.502335471691374,14.977870409828295,#000000,0.0,0.0,1.0961129397069436,9.171883065492066,-5.183665715150824,0.0,0.0,0.0,0.0,0.0,0.0,0.0,0.0,45.335842355133764,-8.9184800417108,True,False,False,False,True,0.0,1,0.879806298386848,1.0468215045803646,False,False,False,False,-0.28087443114344196,-0.28787180689119346,False,False,False,False,159576130,155744957.9977613,False,False,False,False,554142.6076559048,False,False,False,False
2024-09-16 00:00:00+00:00,3.41,3.47,3.2904,3.43,331138,,,,,,,,5.186882376049575,10.42320820132639,12.38242451100611,,,,,,,,,,3.511526205815142,,,,12.711431681812725,12.80411665607571,13.492684351695686,14.967054452568272,#000000,0.0,0.0,1.0755917081025455,9.16108119515778,-5.346899898757383,0.0,0.0,0.0,0.0,0.0,0.0,0.0,0.0,45.65590516111085,-8.9184800417108,True,False,False,False,True,0.0,1,0.8818585176852894,1.0649293838270217,False,False,False,False,-0.29937518885029724,-0.2936234978707454,False,False,False,False,159244992,155882214.2331432,False,False,False,False,545397.3289243007,False,False,False,False
2024-09-17 00:00:00+00:00,3.39,3.46,3.34,3.45,162798,,,,,,,,5.179663411540394,10.416949622354016,12.376916890737121,,,,,,,,,,3.5099440912182898,,,,12.70698867499802,12.799645433710205,13.487949369070705,14.96174737980963,#000000,0.0,0.0,1.0526270225797383,9.155887411545795,-5.477616751102377,0.0,0.0,0.0,0.0,0.0,0.0,0.0,0.0,45.64760962378201,-8.849257919822158,True,False,False,False,True,0.0,1,0.8696730695840224,1.0794428189797736,False,False,False,False,-0.29529284964945807,-0.29445817376010175,False,False,False,False,159082194,156007703.63576505,False,False,False,False,530393.4336723674,False,False,False,False
2024-09-18 00:00:00+00:00,3.32,3.4,3.3,3.35,203932,,,,,,,,5.170417366943825,10.409062251916897,12.369983709405862,,,,,,,,,,3.507061496747212,,,,12.701395196552395,12.794016747588676,13.481990994233767,14.955073699325958,"rgba(239, 83, 80, 0.5)",0.0,0.0,1.039269914397313,9.149059581688146,-5.608802391887288,0.0,0.0,0.0,0.0,0.0,0.0,0.0,0.0,44.844987275560186,-8.849257919822158,True,False,False,True,True,0.0,1,0.8534593621399177,1.0880272633744856,False,False,False,False,-0.305620552063121,-0.3000393629116114,False,False,False,False,158878262,156120274.55200955,False,False,False,False,517591.0245087451,False,False,False,False
2024-09-19 00:00:00+00:00,3.22,3.424,3.22,3.34,342330,,,,,,,,5.15466867693628,10.395764484126795,12.358302343818032,,,,,,,,,,3.500996785732877,,,,12.691968647584716,12.784531323352688,13.47195349515985,14.943838078709662,"rgba(239, 83, 80, 0.5)",0.0,0.0,1.0293617063690352,9.137228461474646,-5.748444327064627,0.0,0.0,0.0,0.0,0.0,0.0,0.0,0.0,43.21328040947914,-8.849257919822158,True,False,False,True,False,0.0,1,0.8439402969604312,1.09358399626856,False,False,False,False,-0.3114316786248058,-0.3057355207682086,False,False,False,False,158535932,156215006.21663663,False,False,False,False,510718.043155461,False,False,False,False
2024-09-20 00:00:00+00:00,3.01,3.255,3.01,3.2,380074,,,,,,,,5.135682567275766,10.380652403417919,12.34508821773203,,,,,,,,,,3.4887902359859027,,,,12.681306812810925,12.773804955981696,13.460618030912615,14.9311792899891,"rgba(239, 83, 80, 0.5)",0.0,0.0,1.0316838025698203,9.122150598770109,-5.924441755841624,0.0,0.0,0.0,0.0,0.0,0.0,0.0,0.0,40.13486879147108,-5.547336180620057,True,False,False,True,False,0.0,1,0.825828598177019,1.1075324742871262,False,False,False,False,-0.34282825441539394,-0.32428188759180127,False,False,False,False,158155858,156291118.05127832,False,False,False,False,505594.74734544294,False,False,False,False
2024-09-23 00:00:00+00:00,2.88,3.02,2.85,3.01,280517,,,,,,,,5.12071167049843,10.369272021628456,12.335175573156361,,,,,,,,,,3.4764692588151833,,,,12.673309603012726,12.765760664013541,13.452126725016157,14.921715846452896,"rgba(239, 83, 80, 0.5)",0.0,0.0,1.0347495366609571,8.623303283837888,-5.550428466362021,0.0,0.0,0.0,0.0,0.0,0.0,0.0,0.0,37.03622209659146,-8.456888515252103,False,False,False,True,False,0.0,1,0.8191018925534996,1.1220025795583164,True,False,False,False,-0.34282825441539394,-0.3335550710035976,False,False,False,False,157875341,156353244.44142428,True,False,False,False,496768.1690181707,False,False,False,False
2024-09-24 00:00:00+00:00,3.0,3.07,2.89,2.89,250831,,,,,,,,5.107914884241705,10.359220634146533,12.326395324290575,,,,,,,,,,3.4672155692270463,,,,12.666221016679991,12.758629821907816,13.444595964831745,14.913315764892094,"rgba(239, 83, 80, 0.5)",0.0,0.0,1.0372195724425513,8.615139794141886,-5.413646197322306,0.0,0.0,0.0,0.0,0.0,0.0,0.0,0.0,36.94760502532823,-8.531996674520265,False,False,False,True,False,0.0,1,0.7815159109453315,1.2468964914325678,False,False,False,False,-0.3295540348667898,-0.3315545529351937,False,False,False,False,158126172,156422771.01234883,False,False,False,False,487123.574154713,False,False,False,False
2024-09-25 00:00:00+00:00,3.04,3.19,2.99,3.04,360105,,,,,,,,5.090548971659448,10.345007210618437,12.313935477748903,,,,,,,,,,3.4568143171256245,,,,12.65615337810045,12.748501239820312,13.433892814051356,14.901364340007678,"rgba(239, 83, 80, 0.5)",0.0,0.0,1.042189280079184,8.604751374171826,-5.339482453464714,0.0,0.0,0.0,0.0,0.0,0.0,0.0,0.0,37.531100406267534,-8.531996674520265,False,False,False,True,False,0.0,0,0.8131122379884738,1.1251937342943557,False,False,False,False,-0.29501514138478463,-0.31328484715998917,False,False,False,False,158486277,156503692.81578612,False,False,False,False,482142.45359962626,False,False,False,False
2024-09-26 00:00:00+00:00,3.28,3.28,3.06,3.09,217536,,,,,,,,5.080885242860327,10.336604798159916,12.306533219504752,,,,,,,,,,3.4528865624132643,,,,12.65016632358573,12.742477096050267,13.427520910498053,14.894237535063933,"rgba(239, 83, 80, 0.5)",0.0,0.0,1.038623972751079,8.599921264940182,-5.122085956526614,0.0,0.0,0.0,0.0,0.0,0.0,0.0,0.0,41.34302835488103,-8.531996674520265,True,False,False,True,True,0.0,1,0.8226260982262611,1.102777401027774,False,False,False,False,-0.26642847135083825,-0.2898566592554137,False,False,False,False,158703813,156589972.03869647,False,False,False,False,471765.7299290527,False,False,False,False
2024-09-27 00:00:00+00:00,3.46,3.54,3.2311,3.29,399953,,,,,,,,5.065277383069599,10.321647845603767,12.293259021353574,,,,,,,,,,3.4516935141098797,,,,12.639415548890746,12.731657343796474,13.416059546042506,14.881385092520631,#000000,0.0,0.0,1.030203500415687,8.594474813329525,-4.983942309706543,0.0,0.0,0.0,0.0,0.0,0.0,0.0,0.0,45.949754003589355,-9.008376520471963,True,False,False,False,True,0.0,1,0.8466071602843693,1.0723685692193352,False,False,False,False,-0.19274488243020402,-0.24130077084280888,False,False,False,False,159103766,156688552.19404173,False,False,False,False,468949.5444416389,False,False,False,False
2024-09-30 00:00:00+00:00,3.42,3.58,3.38,3.5,234057,,,,,,,,5.056547937043334,10.312987438485184,12.28555247192878,,,,,,,,,,3.4518277048520973,,,,12.633169443656692,12.725370785798415,13.409397595204386,14.87390951978163,#000000,0.0,0.0,1.02064090888096,8.590899321853737,-5.066325753612167,0.0,0.0,0.0,0.0,0.0,0.0,0.0,0.0,48.49088961434039,-6.790053821139821,True,False,False,False,True,0.0,1,0.878905563157935,1.0607001154372473,False,False,False,False,-0.16254328224286582,-0.20192202654283736,False,False,False,False,158869709,156774087.7550597,False,False,False,False,459738.0721105943,False,False,False,False
2024-10-01 00:00:00+00:00,3.34,3.48,3.261,3.41,205853,,,,,,,,5.048474084428608,10.305278150867203,12.278709254433075,,,,,,,,,,3.450545940980425,,,,12.627623408864622,12.719789404018382,13.403487157843802,14.86728550075863,#000000,0.0,0.0,1.0102978465557724,8.586309075602177,-5.192834067188681,0.0,0.0,0.0,0.0,0.0,0.0,0.0,0.0,49.12008631629372,-6.290772937404597,True,False,False,False,True,0.0,1,0.8548154544823705,1.074327085437597,False,False,False,False,-0.19659345829601224,-0.1992577424194248,False,False,False,False,158663856,156848196.3136848,False,False,False,False,449781.794772924,False,False,False,False
2024-10-02 00:00:00+00:00,3.36,3.38,3.21,3.31,122471,,,,,,,,5.043583648843196,10.300670875385752,12.274622990078543,,,,,,,,,,3.449439321400314,,,,12.624311442868493,12.716456472292462,13.399958801753332,14.863333254282072,#000000,0.0,0.0,1.0036636716461658,8.583244522967076,-5.2041781231357485,0.0,0.0,0.0,0.0,0.0,0.0,0.0,0.0,49.80641945425226,-5.601551899880235,True,False,False,False,True,0.0,1,0.8505015656930619,1.0811207720459686,False,False,False,False,-0.20650315073263123,-0.202880446576028,False,False,False,False,158786327,156924201.43863836,False,False,False,False,436946.07733084855,False,False,False,False
2024-10-03 00:00:00+00:00,3.4,3.47,3.33,3.34,149090,,,,,,,,5.037952920011208,10.2951372284295,12.269699833716286,,,,,,,,,,3.4489468006175916,,,,12.620318870913714,12.712438259151149,13.395702360112397,14.858560335161819,#000000,0.0,0.0,0.9941547045571318,8.580056113397056,-5.210513101886518,0.0,0.0,0.0,0.0,0.0,0.0,0.0,0.0,50.82181270786275,-4.5185478384239985,True,False,False,False,True,0.0,0,0.8812915854361192,1.0610906335588055,False,False,False,False,-0.16832731403860215,-0.18560388030731506,False,False,False,False,158935417,157003072.63712314,False,False,False,False,425657.603710031,False,False,False,False
2024-10-04 00:00:00+00:00,3.5,3.5,3.37,3.41,177499,,,,,,,,5.031529549933875,10.288614758471956,12.263883091980286,,,,,,,,,,3.449037288123804,,,,12.615599207255002,12.707687978293654,13.39066828032499,14.852911195494892,"rgba(38, 166, 154, 1.0)",0.0,0.0,0.9855516267682353,8.576615774415425,-5.151039921736392,0.0,0.0,0.0,0.0,0.0,0.0,0.0,0.0,52.85258832692622,-2.4617082225483102,True,False,True,False,True,0.0,0,0.8911395233762709,1.0458028061102331,False,False,False,False,-0.1557145446185863,-0.17065921246295068,False,False,False,False,159112916,157085811.59253007,False,False,False,False,415925.89376061806,False,False,False,False
2024-10-07 00:00:00+00:00,3.75,3.83,3.53,3.57,612322,,,,,,,3.703333333333333,5.01317452222167,10.267018188568235,12.244436107062183,,,,,,,,,,3.4589202530003127,,,,12.599792420616556,12.691774138768295,13.373771422649096,14.8338870110997,"rgba(38, 166, 154, 1.0)",0.0,0.0,0.9805708256728083,8.569911898938349,-4.915414341061205,0.0,0.0,0.0,0.0,0.0,0.0,0.0,0.0,56.95714687761583,1.466523128633277,True,False,True,False,True,0.0,0,0.8965555626232428,1.0281470644361046,False,False,False,False,-0.06856470265828306,-0.11961195756061688,False,False,False,False,159725238,157189318.5104701,False,False,False,False,423627.70184843696,False,False,False,False
2024-10-08 00:00:00+00:00,3.81,3.96,3.59,3.7,612119,,,,,,,3.74499309208583,4.996461289812268,10.245842208273658,12.225272497259061,,,,,,,,,,3.47117736838954,,,,12.584194306484063,12.6760686691918,13.357084029256436,14.815075811637833,"rgba(38, 166, 154, 1.0)",0.0,0.0,0.9738303356021696,8.563221872466375,-4.880954822101749,0.0,0.0,0.0,0.0,0.0,0.0,0.0,0.0,60.25236444253672,4.517207112068597,True,False,True,False,True,0.0,0,0.8932440047586251,1.0183144449314383,False,False,False,False,0.005481563147778859,-0.05706519720641901,False,False,False,False,160337357,157312771.00025558,False,False,False,False,431019.51746222377,False,False,False,False
2024-10-09 00:00:00+00:00,3.55,3.9,3.54,3.86,378971,,,,,,,3.7256925751667898,4.985308499607279,10.23255209135541,12.213278748776247,,,,,,,,,,3.475525807913185,,,,12.574429955161,12.666238419483635,13.34664896237315,14.803331739280136,"rgba(38, 166, 154, 1.0)",0.0,0.0,0.96310691407779,8.556823305219941,-5.198616303169371,0.0,0.0,0.0,0.0,0.0,0.0,0.0,0.0,58.291398020555725,4.517207112068597,True,False,True,False,True,0.0,0,0.914084914436705,1.0120468741449535,False,False,False,False,0.009737990441348559,-0.023663603382535228,False,False,False,False,159958386,157416520.6080887,False,False,False,False,428978.39913037186,False,False,False,False
2024-10-10 00:00:00+00:00,3.82,3.99,3.5301,3.57,1020613,,,,,,,3.7468283815004306,4.958751632472661,10.197656810364737,12.181583268963424,,,,,,,,,,3.4930178308021906,,,,12.548582399426762,12.640212531530437,13.318994857478664,14.772156292770172,"rgba(38, 166, 154, 1.0)",0.0,0.0,0.9451175292844081,8.542123065289832,-4.996334232489761,0.0,0.0,0.0,0.0,0.0,0.0,0.0,0.0,59.65664004500539,4.517207112068597,True,False,True,False,True,0.0,0,0.9173327435248179,0.987339455138961,False,False,False,False,0.06612015936036905,0.02122827798891691,False,False,False,False,160978999,157556225.64306563,False,False,False,False,452179.75602722005,False,False,False,False
2024-10-11 00:00:00+00:00,4.51,4.68,3.85,3.99,2484739,,,,,,,4.038570489933247,4.927589391675621,10.121623163423177,12.110543602237932,,,,,,,,,,3.597753191492129,,,,12.490311471201533,12.581495581973222,13.256292993509051,14.700864871447216,"rgba(38, 166, 154, 1.0)",0.0,0.0,0.9151845823856207,8.534815961690928,-4.397818799787252,0.0,0.0,0.0,0.0,0.0,0.0,0.0,0.0,64.71207821921504,8.428512791573539,True,False,True,False,True,0.0,0,0.9600927257255201,0.9313360133806743,False,False,False,False,0.3428281987268567,0.1820282383578868,False,False,False,False,163463738,157787892.79431796,False,False,False,False,531887.9616732114,False,False,False,False
2024-10-14 00:00:00+00:00,4.7,4.78,4.42,4.6,2070298,,,,,,,4.210088207034104,4.915615045862224,10.062835184901868,12.054478893119986,,,,,,,,,,3.6937990811720027,,,,12.44407539029567,12.534884660804826,13.206374405672062,14.643828947872198,"rgba(38, 166, 154, 1.0)",0.0,0.0,0.8800026259268481,8.531514024372234,-4.353980217203051,0.0,0.0,0.0,0.0,0.0,0.0,0.0,0.0,68.84632654382823,12.181615176483866,True,False,True,False,True,0.27143345504283545,0,1.0192845083541946,0.9020492519066193,False,False,False,False,0.3428282099314564,0.2624282241446716,False,False,False,False,165534036,158091663.11610943,False,False,False,False,592217.7670977914,False,False,False,False
2024-10-15 00:00:00+00:00,5.39,7.99,5.24,5.36,43764122,,,,,,6.206666666666666,5.925303009664648,5.5126366112037335,9.35088508699775,11.254401706272933,,,,,,,,,,5.35788586987051,,,,11.754002047703363,11.836918824975099,12.44318317694476,13.741463637088373,"rgba(38, 166, 154, 1.0)",0.0,0.0,0.8778318550737906,8.642956114536165,-3.705671075541821,0.0,0.0,0.0,0.0,0.0,0.0,0.0,0.0,73.6367500389801,16.493282904672327,True,False,True,False,True,4.655129843141111,0,1.072793279476632,0.7326782970709222,False,False,False,False,0.342828234288829,0.3026282292167503,False,False,False,False,209298158,160099760.95469338,False,False,False,False,2285233.6193684665,False,False,False,False
2024-10-16 00:00:00+00:00,6.34,6.62,5.8,6.21,9049393,,,,,,6.21466282080764,5.974783719833093,5.577280609173605,9.236980240053668,11.116811762995761,,,,,,,,,,5.465734069437813,,,,11.63097955987913,11.71241756165032,12.306708435963943,13.579446541023964,"rgba(38, 166, 154, 1.0)",0.0,0.0,0.9044166752880264,8.609551307761935,-2.509408959138396,0.0,0.0,0.0,0.0,0.0,0.0,0.0,0.0,78.43970123518372,20.761948527865172,True,False,True,False,True,10.011137513389624,0,1.0503152702482608,0.811826706065753,False,False,False,False,0.26328348566613763,0.28295585744144397,False,False,False,False,218347551,162383988.01529363,False,False,False,False,2550494.771550095,False,False,False,False
2024-10-17 00:00:00+00:00,7.48,7.68,6.13,6.95,10716321,,,,,,6.363440732582194,6.1448112287145715,5.719601467145845,9.14766704245196,10.989968264378078,,,,,,,,,,5.669312105660141,,,,11.51398806783579,11.593673899429689,12.17413823044737,13.417494045142126,"rgba(38, 166, 154, 1.0)",0.0,0.0,0.9780299052237696,8.622387429074534,-1.1680495892537759,0.0,0.0,0.0,0.0,0.0,0.0,0.0,0.0,82.73839037405315,24.544652832441287,True,False,True,False,True,15.553445039210757,0,1.074851111376284,0.7659546771096624,False,False,False,False,0.34282823575903143,0.3128920466002377,False,False,False,False,229063872,164998885.4264586,False,False,False,False,2870723.25109715,False,False,False,False
2024-10-18 00:00:00+00:00,6.77,7.65,6.46,7.19,5295360,,,,,,6.4093395642006845,6.201606967867949,5.774474756998033,9.103468782502066,10.928101271362857,,,,,,,,,,5.744296737956182,,,,11.456658003540658,11.535509491257715,12.10939259390864,13.338751073381072,"rgba(38, 166, 154, 1.0)",0.0,0.0,1.0159823409556066,8.619831680538155,-1.8207321190231043,0.0,0.0,0.0,0.0,0.0,0.0,0.0,0.0,80.77429742247807,24.544652832441287,True,False,True,False,True,10.897990297054637,0,1.0914637288345204,0.7714695000669874,False,False,False,False,0.3428282364382679,0.3278601415192528,False,False,False,False,223768512,167303576.66463667,False,False,False,False,2965807.045171772,False,False,False,False
2024-10-21 00:00:00+00:00,8.41,8.44,6.53,6.88,6667061,,,,,,6.531566283192903,6.329972365955598,5.880988326482495,9.070969769283836,10.868660069228833,,,,,,,,,,5.883959592154052,,,,11.399500230311913,11.477287770714165,12.042954506777185,13.25490088655578,"rgba(38, 166, 154, 1.0)",0.0,0.0,1.12190369502797,8.645300643082034,-0.20973337027485958,0.0,0.0,0.0,0.0,0.0,0.0,0.0,0.0,81.6821510820918,24.544652832441287,True,False,True,False,True,17.826094552316835,0,1.0869392539207423,0.7711487605707478,False,False,False,False,0.34282823813720503,0.3353441898282289,False,False,False,False,230435573,169779341.22680777,False,False,False,False,3110954.2590866047,False,False,False,False
2024-10-22 00:00:00+00:00,11.64,13.37,9.03,9.3,64735426,,,,,11.346666666666668,8.754433893127935,8.533113359729683,7.7324671438908315,9.51269661801461,10.942984173616951,,,,,,,,,,8.059479954635352,,,,11.392549121072419,11.460144988969203,11.952416558653487,13.010605774319941,"rgba(38, 166, 154, 1.0)",0.0,0.0,1.407056274772569,9.602321064487787,1.4481858132089105,0.0,0.0,0.0,0.0,0.0,0.0,0.0,0.0,84.3976019589018,25.845110009716876,True,False,True,False,True,20.0,0,1.133240689930162,0.6372497542449497,False,False,False,False,0.34282824545401946,0.3390862176411242,False,False,False,False,295170999,174696661.139482,False,False,False,False,5527600.209710659,False,False,False,False
2024-10-23 00:00:00+00:00,14.14,14.6,12.65,14.1,43921271,,,,,12.337007040716506,9.957054202834806,9.741414977287489,8.865743446094136,10.011223923181538,11.215303118603067,,,,,,,,,,9.279914274089581,,,,11.58956425281617,11.651185528319967,12.101928960474256,13.07342591120112,"rgba(38, 166, 154, 1.0)",0.0,0.0,1.8083609447018,10.390615167353324,2.0733608761192044,0.0,0.0,0.0,0.0,0.0,0.0,0.0,0.0,87.04265192840913,28.49338607722892,True,False,True,False,True,20.0,0,1.2198991786381614,0.5864609272564228,False,False,False,False,0.3428282474868849,0.34095723256400456,False,False,False,False,339092270,181143547.76146308,False,False,False,False,7033234.358349457,False,False,False,False
2024-10-24 00:00:00+00:00,8.48,12.9,8.38,12.5,35247722,,,,,11.744989138589276,9.951101167154118,9.76919692468176,9.003235133507417,10.003432218699098,11.123162199671599,,,,,,,,,,9.37325228835455,,,,11.48653954241491,11.544586161367345,11.968644315690826,12.883368625729265,"rgba(38, 166, 154, 0.75)",0.0,0.0,1.865226660626523,10.313399274271111,-0.9829364510880829,0.0,0.0,0.0,0.0,0.0,0.0,0.0,0.0,77.10770284003368,36.245161162431344,True,False,True,False,False,9.668772447643562,0,1.023442842765718,0.6628232349928477,False,False,False,False,0.14675073030632232,0.24385398143516346,False,False,False,False,303844548,185955351.6923861,False,False,False,False,8139684.854100459,False,False,False,False
2024-10-25 00:00:00+00:00,10.6,10.74,9.15,9.19,30681233,,,,,11.467033019452634,9.977139230918636,9.816202807323604,9.121503519040978,10.01449774962598,11.067196059057878,,,,,,,,,,9.462241448712494,,,,11.419089041359406,11.47431926091062,11.877499058727478,12.747783571522792,"rgba(38, 166, 154, 0.75)",0.0,0.0,1.9932519334712144,10.307526367154038,0.14673189471670234,0.0,0.0,0.0,0.0,0.0,0.0,0.0,0.0,72.41439424207641,32.09761032147159,True,False,True,False,False,14.778820027722553,0,1.0288686041959463,0.719340838231608,False,False,False,False,0.10316140873685894,0.17350769508601122,False,False,False,False,334525781,191781643.03778273,False,False,False,False,9023667.134331815,False,False,False,False
2024-10-28 00:00:00+00:00,10.56,12.2,10.08,11.8799,30053961,,,,,11.390610523128124,10.081155027987357,9.93445419617297,9.28722014637162,10.073675636885126,11.060683815445286,,,,,,,,,,9.609744345797635,,,,11.396621503389763,11.449273462387978,11.83363401257668,12.663933401597898,"rgba(38, 166, 154, 0.75)",0.0,0.0,2.109847518084187,10.369403176060542,0.09033677661811626,0.0,0.0,0.0,0.0,0.0,0.0,0.0,0.0,69.22664760283385,29.285529453430982,True,False,True,False,False,14.643823514311496,0,1.0500057339908309,0.6944983024720167,False,False,False,False,0.17844651635060207,0.17597710571830666,False,False,False,False,304471820,196200865.66375205,False,False,False,False,9848384.540828608,False,False,False,False
2024-10-29 00:00:00+00:00,8.68,9.8,8.4,9.53,19827279,,,,,11.175913413220275,10.007046758190398,9.871548395044103,9.268727417832292,10.028907763014738,10.988382061691269,,,,,,,,,8.96,9.569771009382517,,,,11.322497679440392,11.373689508450916,11.746988963714507,12.553563965499968,"rgba(38, 166, 154, 0.75)",0.0,0.0,2.1590342832045266,10.306514513235031,-0.753352795686455,0.0,0.0,0.0,0.0,-1.0,10.08,9.58,0.0,64.45031315641462,24.888688500587023,True,False,True,False,False,8.614066820907674,0,0.9991140518963085,0.7528204790701089,False,False,False,False,0.05067007031931796,0.11332358801881232,False,False,False,False,284644541,199669245.08870295,False,False,False,False,10239713.735305917,False,False,False,False
2024-10-30 00:00:00+00:00,7.45,9.58,7.3,8.01,16883035,,,,,10.961445051428033,9.90596202758153,9.779763416204402,9.215526687541303,9.965399167198692,10.906426404096509,,,,,,,,,8.56908588932255,9.497106062157021,,,,11.241384114260045,11.291433570275672,11.655948977997257,12.443607040640615,"rgba(38, 166, 154, 0.75)",0.0,0.0,2.1833534769756935,10.224532994780407,-1.2707667466761248,0.0,0.0,0.0,0.0,0.0,0.0,0.0,0.0,59.73864894983943,20.543245255537784,True,False,True,False,False,5.020688949387754,0,0.9717631284271839,0.7720817574094454,False,False,False,False,0.009878709178466972,0.061601148598639646,False,False,False,False,267761506,202339529.83032244,False,False,False,False,10500236.13784294,False,False,False,False
2024-10-31 00:00:00+00:00,7.07,7.49,6.36,7.48,9008302,,,,,10.817946214142616,9.824888019511297,9.703850723531295,9.161911143315148,9.9134785779628,10.84756795235126,,,,,,,,,8.25466209001894,9.431808279885269,,,,11.184647846795777,11.234135211588084,11.5942313820375,12.372322392030954,"rgba(38, 166, 154, 0.5)",0.0,0.0,2.2014470118452514,10.160103035113957,-1.4036690497146396,0.0,0.0,0.0,0.0,0.0,0.0,0.0,0.0,56.13490886597074,17.194009282337348,False,False,True,False,False,3.95105813363881,0,0.9481247265079117,0.8297879348230123,False,False,False,False,-0.08385361193160686,-0.011126231666483605,False,False,False,False,258753204,204551830.77815294,False,False,False,False,10441728.91675106,False,False,False,False
2024-11-01 00:00:00+00:00,6.74,7.33,6.45,6.79,5066527,,,,,10.739040894963212,9.779187692393844,9.660934587889257,9.13109850797235,9.883772312764137,10.81411897082026,,,,,,,,,8.113529797156096,9.39463385354345,,,,11.152406122398823,11.20158444866183,11.559248086285663,12.332070114972897,#000000,0.0,0.0,2.214874903432308,10.123650775869425,-1.5276938533304563,0.0,0.0,0.0,0.0,0.0,0.0,0.0,0.0,53.31370472325124,14.477447216798339,False,False,False,False,False,3.0268285981748733,0,0.9536109082960902,0.8359523599142443,False,False,False,False,-0.08603013946443458,-0.04857818556545909,False,False,False,False,253686677,206478687.49273518,False,False,False,False,10230936.684721608,False,False,False,False
2024-11-04 00:00:00+00:00,6.91,7.24,6.06,6.14,8305909,,,,,10.61299049379285,9.704691244390615,9.590817485888783,9.080116640158254,9.834683954501848,10.759080599824545,,,,,,,,,7.919996267455182,9.333571403154133,,,,11.099330845112616,11.148012716314636,11.501766438034197,12.26611603509613,#000000,0.0,0.0,2.230482763972139,10.06398642089384,-1.4140375670409067,0.0,0.0,0.0,0.0,0.0,0.0,0.0,0.0,51.68302670677667,12.74522318602903,False,False,False,False,False,3.4670155235892146,0,0.9447738568983817,0.8382964893899897,False,False,False,False,-0.1009779251258289,-0.074778055345644,False,False,False,False,261992586,208655703.12047106,False,False,False,False,10155445.402967818,False,False,False,False
2024-11-05 00:00:00+00:00,6.37,7.42,6.155,7.36,12391400,,,,,10.435070439710543,9.596980747265086,9.48919493721889,9.00524960648019,9.762223071255304,10.677933712014092,,,,,,,,,7.69955497534789,9.244588772647425,,,,11.020922779217209,11.068884414489972,11.416970100493932,12.169034264477942,#000000,0.0,0.0,2.238625453025885,9.977049871426289,-1.6112788615669242,0.0,0.0,0.0,0.0,0.0,0.0,0.0,0.0,49.82578250300543,10.6649480315548,False,False,False,False,False,1.9417435670388699,0,0.947678685050071,0.8382694946780798,False,False,False,False,-0.09240901303248447,-0.08359353418906423,False,False,False,False,249601186,210261408.331433,False,False,False,False,10243129.89696908,False,False,False,False
2024-11-06 00:00:00+00:00,7.43,7.88,6.52,7.675,20287015,,,,,10.218901000097567,9.47040888028142,9.370788408337356,8.92230322332284,9.67300437830729,10.571451770959644,,,,,,,,,7.60606918163024,9.143318154879191,,,,10.915964015965383,10.962760220964734,11.301834452632958,12.03442561689901,#000000,0.0,0.0,2.2614932422408676,9.871582221298645,-1.079632773467557,0.0,0.0,0.0,0.0,0.0,0.0,0.0,0.0,50.265412997956865,10.6649480315548,False,False,False,False,False,4.679702197748625,0,0.9533062013246802,0.8318807571944036,False,False,False,False,-0.06677822719467297,-0.0751858806918686,False,False,False,False,269888201,212599713.92627877,False,False,False,False,10637007.744146764,False,False,False,False
2024-11-07 00:00:00+00:00,6.42,6.835,6.1,6.695,6086473,,,,,10.143100976501518,9.421800188437293,9.3246599456995,8.887239669445123,9.638683050668511,10.533116613418173,,,,,,,,,7.534267309015682,9.102393216653208,,,,10.87873199270882,10.925200752571216,11.261704038786283,11.988718897655778,#000000,0.0,0.0,2.270497078174382,9.831529385891525,-1.5025473578827957,0.0,0.0,0.0,0.0,-1.0,6.52,6.42,0.0,49.03834579966931,8.979787894353791,False,False,False,False,False,1.878453611581282,0,0.9357704076367932,0.8419530850210273,False,False,False,False,-0.11237429332084804,-0.09378008700635831,False,False,False,False,263801728,214607636.0468169,False,False,False,False,10458555.401239049,False,False,False,False
2024-11-08 00:00:00+00:00,5.6,6.42,5.5,5.86,7238217,,,,,10.042541135574808,9.354499836961951,9.260382683336625,8.83666292592955,9.59115405666377,10.481751239888215,,,,,,,,,7.417576954492342,9.044451834256108,,,,10.829248024757765,10.875343015522272,11.20887579999207,11.929429954174259,"rgba(239, 83, 80, 1.0)",0.0,0.0,2.2728909380418227,9.7763868979312,-1.8374779132734402,0.0,0.0,0.0,0.0,0.0,0.0,0.0,0.0,47.07495963371889,6.5716516476297215,False,True,False,True,False,0.0,0,0.9238840299569229,0.8531604719604944,False,False,False,False,-0.14422849321239956,-0.11900429010937894,False,False,False,False,256563511,216252964.47635347,False,False,False,False,10332267.620798303,False,False,False,False
2024-11-11 00:00:00+00:00,5.99,6.08,5.49,5.96,4314411,,,,,9.984989570825332,9.315722165114472,9.223330279325232,8.80743755856718,9.563484191204587,10.451752186722885,,,,,,,,,7.355892664046202,9.01102371011504,,,,10.800289844584595,10.846164629367342,11.177950874649483,11.894707157464007,"rgba(239, 83, 80, 1.0)",0.0,0.0,2.277644225122228,9.744442015022502,-1.64838826609148,0.0,0.0,0.0,0.0,0.0,0.0,0.0,0.0,46.47014523444664,5.444587225150933,False,True,False,True,False,0.722906359537852,0,0.924680713952949,0.8592124516940682,False,False,False,False,-0.15527720551567678,-0.13714074781252786,False,False,False,False,260877922,218002962.8106141,False,False,False,False,10096273.243512096,False,False,False,False
2024-11-12 00:00:00+00:00,5.34,5.7,4.9901,5.62,4551860,,,,,9.918674395327525,9.26984051203237,9.17931754148639,8.772001342780648,9.530780121057608,10.417057230733315,,,,,,,,,7.275507422017872,8.970932263188422,,,,10.766989006593919,10.812638715127484,11.142620787088086,11.855444742678166,"rgba(239, 83, 80, 1.0)",0.0,0.0,2.2787629546795825,9.706803796964078,-1.9163045405826757,0.0,0.0,0.0,0.0,0.0,0.0,0.0,0.0,45.1047963965669,3.5810537745703925,False,True,False,True,False,0.0,0,0.9138122195290717,0.8634316490577794,False,False,False,False,-0.1832269216041941,-0.16018383470836098,False,False,False,False,256326062,219505829.445492,False,False,False,False,9878845.273178289,False,False,False,False
2024-11-13 00:00:00+00:00,5.0,5.45,4.96,5.27,2278043,,,,,9.884724992811703,9.246086091551605,9.156496710979976,8.753484784887453,9.513803922486627,10.39916979591653,,,,,,,,,7.233590394299548,8.950070604114899,,,,10.749845910700264,10.795384780683689,11.124475004062928,11.835353373987452,"rgba(239, 83, 80, 1.0)",0.0,0.0,2.278719782435581,9.687315519283784,-2.0569951406108413,0.0,0.0,0.0,0.0,0.0,0.0,0.0,0.0,43.69461397383964,1.7069734233058682,False,True,False,True,False,0.0,0,0.9149780807104222,0.8654290291392887,False,False,False,False,-0.19218189702760155,-0.17618286586798126,False,False,False,False,254048019,220860425.11429626,False,False,False,False,9580774.59579875,False,False,False,False
2024-11-14 00:00:00+00:00,4.93,5.0799,4.64,4.84,2549694,,,,,9.845297014873388,9.21820138147202,9.129667436807013,8.731546388796074,9.493867386597069,10.378335507813864,,,,,,,,,7.1831432700712785,8.925455267052461,,,,10.729921425301116,10.775338232774548,11.10344109056273,11.812163021644245,"rgba(239, 83, 80, 1.0)",0.0,0.0,2.2785416685133386,9.664465743401879,-2.0778490948076174,0.0,0.0,0.0,0.0,0.0,0.0,0.0,0.0,42.64614454801799,0.20115957011108776,False,True,False,True,False,0.0,0,0.9067503184865996,0.8750034943670804,False,False,False,False,-0.21437857451433542,-0.19528072019115833,False,False,False,False,251498325,222061911.38432387,False,False,False,False,9305045.944983112,False,False,False,False
2024-11-15 00:00:00+00:00,4.455,4.8989,4.4,4.88,2405914,,,,,9.80645295205404,9.190423545862966,9.102899194348357,8.709482943591693,9.474003401108293,10.357759187026288,,,,,,,,,7.131558312394122,8.90080357607783,,,,10.710290112788538,10.755593841566403,11.082776109585438,11.789484679066998,"rgba(239, 83, 80, 1.0)",0.0,0.0,2.277810002046224,9.641735056933733,-2.277070981457775,0.0,0.0,0.0,0.0,0.0,0.0,0.0,0.0,41.18981223727007,-1.6612735399195486,False,True,False,True,False,0.0,0,0.9030709107699868,0.8787172566319068,False,False,False,False,-0.22802135282248115,-0.21165103650681974,False,False,False,False,249092411,223121930.97709548,False,False,False,False,9034491.751062205,False,False,False,False
2024-11-18 00:00:00+00:00,4.76,4.88,4.08005,4.09,3233894,,,,,9.755024914295165,9.153516456106347,9.067323051835643,8.680113630643717,9.44749419598639,10.33027720982118,,,,,,,,,7.065070252573349,8.868020457086692,,,,10.684051321365102,10.729203948307838,11.055157067144252,11.759177612511463,"rgba(239, 83, 80, 1.0)",0.0,0.0,2.276085629498417,9.308238225614392,-1.9982720187098988,0.0,0.0,0.0,0.0,0.0,0.0,0.0,0.0,41.00218110254113,-2.3138641413343635,False,True,False,True,False,0.0,0,0.8960356445837372,0.890216181086793,False,False,False,False,-0.23906270926630308,-0.22535687288656142,False,False,False,False,252326305,224267200.54662114,False,False,False,False,8807017.329451922,False,False,False,False
2024-11-19 00:00:00+00:00,4.51,4.68,4.445,4.5,1193194,,,,,9.736201696874108,9.139964236694796,9.054255506966694,8.669308358585202,9.437729040495768,10.320153544404842,,,,,,,,,7.041133739509839,8.855970702437528,,,,10.674382046316584,10.719479228051192,11.044981390229603,11.74801569229895,"rgba(239, 83, 80, 1.0)",0.0,0.0,2.2719712499010125,9.297206823934793,-2.107071920097302,0.0,0.0,0.0,0.0,0.0,0.0,0.0,0.0,40.427678234844194,-3.349045698480758,False,True,False,True,False,0.0,0,0.8980735866402163,0.8936300682030708,False,False,False,False,-0.23368086006658734,-0.22951886647657438,False,False,False,False,251133111,225320765.66243994,False,False,False,False,8508436.022414591,False,False,False,False
2024-11-20 00:00:00+00:00,4.76,4.89,4.49,4.51,1452042,,,,,9.71421455817878,9.124179428691017,9.039044496961255,8.656768544852062,9.426304861253389,10.30823908060365,,,,,,,,,7.014534395840275,8.841966276710409,,,,10.662978188066017,10.708007548232949,11.032960644037201,11.734795196506589,"rgba(239, 83, 80, 1.0)",0.0,0.0,2.267982543988429,9.28659222605511,-1.9958673130238185,0.0,0.0,0.0,0.0,0.0,0.0,0.0,0.0,40.75752410034781,-3.4844972137104975,False,True,False,True,False,0.0,0,0.9068066644864052,0.8864531657100851,False,False,False,False,-0.22538690775013562,-0.22745288711335498,False,False,False,False,252585153,226389957.3227364,False,False,False,False,8231714.6882022545,False,False,False,False
2024-11-21 00:00:00+00:00,4.4,4.86,4.38,4.76,1860015,,,,,9.685400111901096,9.103365522726072,9.018970004552006,8.640147147328939,9.411236692690077,10.29259840163264,,,,,,,,,6.97893247065861,8.823446211200892,,,,10.648026403202213,10.692969814712258,11.017224668798544,11.717532362014015,"rgba(239, 83, 80, 1.0)",0.0,0.0,2.2629906924002756,9.26953201297007,-2.1518126562885356,0.0,0.0,0.0,0.0,0.0,0.0,0.0,0.0,40.24793802564762,-4.434684815637766,False,True,False,True,False,0.0,0,0.9051577510707852,0.8870779622112762,False,False,False,False,-0.22993660537440663,-0.2286947462438808,False,False,False,False,250725138,227344278.1336095,False,False,False,False,7981844.112194323,False,False,False,False
2024-11-22 00:00:00+00:00,4.88,5.35,4.42,4.42,3418405,,,,,9.636688433256968,9.068392537936733,8.985282746290537,8.612431448849115,9.385685020222736,10.265745046166302,,,,,,,,,6.924806906635304,8.792469385636752,,,,10.622243020131329,10.667026857009462,10.989997146935261,11.68750077151455,"rgba(239, 83, 80, 1.0)",0.0,0.0,2.257738889222643,9.24634004827006,-1.9339437652037013,0.0,0.0,0.0,0.0,0.0,0.0,0.0,0.0,41.36517424918009,-4.434684815637766,False,True,False,True,False,0.0,0,0.9061978014289837,0.8823056136146993,False,False,False,False,-0.21276036681885813,-0.22072755653136947,False,False,False,False,254143543,228395229.69699737,False,False,False,False,7802885.715637683,False,False,False,False
2024-11-25 00:00:00+00:00,4.7,5.1199,4.675,5.02,2141870,,,,,9.60634104751755,9.04650630492728,8.964191035501631,8.59503517076544,9.369639387516418,10.248894667030099,,,,,,,,,6.891472167671838,8.773053795023161,,,,10.606060646514623,10.65074526630953,10.972916639732455,11.668676048394724,"rgba(239, 83, 80, 1.0)",0.0,0.0,2.2546511745579,9.230204968473839,-2.009270888372405,0.0,0.0,0.0,0.0,0.0,0.0,0.0,0.0,41.691244202772225,-4.434684815637766,False,True,False,True,False,0.0,0,0.9117723003900279,0.8840264634744287,False,False,False,False,-0.21195651660075376,-0.2163420365660616,False,False,False,False,252001673,229320972.57162493,False,False,False,False,7580885.099338166,False,False,False,False
2024-11-26 00:00:00+00:00,4.38,4.65,4.31,4.65,1444561,,,,,9.584456276511798,9.030536035343786,8.948772594718271,8.582201605441666,9.357968649836488,10.236785580696699,,,,,,,,4.446666666666666,6.865492168550638,8.758797769186135,,,,10.594473382188548,10.639092466836225,10.960731506675716,11.655326594456906,"rgba(239, 83, 80, 1.0)",0.0,0.0,2.2522518121297237,9.216313106431175,-2.147323438873369,0.0,0.0,0.0,0.0,0.0,0.0,0.0,0.0,41.155744640129164,-4.582043836174847,False,True,False,True,False,0.0,0,0.904253200555305,0.8925159871429412,False,False,False,False,-0.23906434267130025,-0.2277031896186809,False,False,False,False,250557112,230153762.35312983,False,False,False,False,7340244.938579807,False,False,False,False
2024-11-27 00:00:00+00:00,4.41,4.55,4.33,4.35,811925,,,,,9.572197461548413,9.021575966260192,8.940120761238964,8.574994282843404,9.351411115813889,10.229982223460974,,,,,,,,4.440669694678658,6.851031933114777,8.750795432320983,,,,10.587962198061367,10.632544553804122,10.953885254159406,11.647827790545248,"rgba(239, 83, 80, 1.0)",0.0,0.0,2.248182583320208,9.208572098961577,-2.134422770892055,0.0,0.0,0.0,0.0,0.0,0.0,0.0,0.0,40.90800434884396,-5.15925231773484,False,True,False,True,False,0.0,0,0.9056255873084738,0.8935314720553948,False,False,False,False,-0.2416794010382045,-0.2346912953284427,False,False,False,False,251369037,230985733.90790907,False,False,False,False,7084232.391968835,False,False,False,False
2024-11-29 00:00:00+00:00,4.64,4.7,4.31,4.34,1067960,,,,,9.556535649228197,9.010150038798239,8.929092403435424,8.565825547428577,9.343021905101994,10.221242357626886,,,,,,,,4.475791454175122,6.8332010906704985,8.740605638467926,,,,10.579585159759372,10.624119025426175,10.945067149156193,11.638151551651003,"rgba(239, 83, 80, 1.0)",0.0,0.0,2.2418602856906436,9.19913837815203,-2.0336407256295677,0.0,0.0,0.0,0.0,0.0,0.0,0.0,0.0,41.618810641939234,-5.15925231773484,False,True,False,True,False,0.0,0,0.9071090881441233,0.8915000636029491,False,False,False,False,-0.23743156130486537,-0.23606142831665405,False,False,False,False,252436997,231826959.91152048,False,False,False,False,6848300.14130339,False,False,False,False
2024-12-02 00:00:00+00:00,4.42,4.75,4.4,4.65,1317683,,,,,9.537243494540375,8.996048773794131,8.915478988828985,8.554495534591462,9.332653978868153,10.21044529739723,,,,,,,,4.489286366952175,6.811325504094706,8.728021496373884,,,,10.569235711488545,10.613709954856596,10.934175271611617,11.626204217781062,"rgba(239, 83, 80, 1.0)",0.0,0.0,2.2353075508446794,9.187451938786332,-2.1327946290812663,0.0,0.0,0.0,0.0,0.0,0.0,0.0,0.0,41.45647544865656,-5.171173433808775,False,True,False,True,False,0.0,0,0.9130223958596821,0.8875367608807914,False,False,False,False,-0.23286634747774665,-0.23446388789720035,False,False,False,False,251119314,232583522.81695104,False,False,False,False,6631413.19458561,False,False,False,False
2024-12-03 00:00:00+00:00,4.35,4.47,4.2301,4.4,1322353,,,,,9.517367021804656,8.981441496796997,8.901365923163361,8.54270296861031,9.321920743107112,10.19932210274278,,,,,,,,4.458413331076641,6.788153470275689,8.714950627716359,,,,10.558588392351052,10.603003418493206,10.922987399088386,11.613963262823548,"rgba(239, 83, 80, 1.0)",0.0,0.0,2.229320477815871,9.174845435005057,-2.164267310607624,0.0,0.0,0.0,0.0,0.0,0.0,0.0,0.0,41.13870650066633,-5.751683784477287,False,True,False,True,False,0.0,0,0.9129495627936594,0.888544555201054,False,False,False,False,-0.2501456958325312,-0.24230479186486578,False,False,False,False,249796961,233258559.60844314,False,False,False,False,6423214.755582253,False,False,False,False
2024-12-04 00:00:00+00:00,4.58,4.74,4.35,4.35,1645424,,,,,9.493826661949011,8.964198430830772,8.884717963806983,8.528839992467777,9.309181993691077,10.18602702551456,,,,,,,,4.479657798020106,6.7623149483743905,8.69955972781686,,,,10.545829817998236,10.59017066959874,10.909555111650558,11.599220698878014,"rgba(239, 83, 80, 0.75)",0.0,0.0,2.2236946023905966,9.160845808347343,-2.0600157069332616,0.0,0.0,0.0,0.0,0.0,0.0,0.0,0.0,41.965024871047554,-5.751683784477287,False,True,False,True,True,0.0,0,0.9149876501238786,0.8849794928431495,False,False,False,False,-0.24355068353777568,-0.24292773770132073,False,False,False,False,251442385,233971650.8002689,False,False,False,False,6235850.412226087,False,False,False,False
2024-12-05 00:00:00+00:00,4.47,4.67,4.3934,4.6,1126853,,,,,9.477686250279296,8.952345812392709,8.873271005708496,8.519293370674745,9.30041399534614,10.176884750385716,,,,,,,,4.483717461494206,6.744603950769025,8.688969854857005,,,,10.537057287112415,10.5813475773135,10.900323092709176,11.589094830361741,"rgba(239, 83, 80, 0.75)",0.0,0.0,2.2183099382183653,9.151126073757935,-2.110221837403649,0.0,0.0,0.0,0.0,0.0,0.0,0.0,0.0,42.126236639753785,-5.751683784477287,False,True,False,True,True,0.0,0,0.914037734489308,0.8887499182138087,False,False,False,False,-0.24906444468043243,-0.24599609119087656,False,False,False,False,250315532,234612587.31790543,False,False,False,False,6035497.572530947,False,False,False,False
2024-12-06 00:00:00+00:00,4.59,4.79,4.48,4.56,1180383,,,,,9.461259016081772,8.940300311142378,8.861642008911685,8.509612075461442,9.291471778001913,10.167523122842013,,,,,,,,4.4999384243128375,6.727237873256631,8.67822176424863,,,,10.528060858978938,10.572298040298989,10.890845335217868,11.578681590608307,"rgba(239, 83, 80, 0.75)",0.0,0.0,2.214081313565391,9.141524663748445,-2.055717030744011,0.0,0.0,0.0,0.0,0.0,0.0,0.0,0.0,42.83146243097412,-5.751683784477287,False,True,False,True,True,0.0,1,0.9146716607696234,0.8885397266940547,False,False,False,False,-0.24943266646912665,-0.2477143788300016,False,False,False,False,251495915,235274678.5995562,False,False,False,False,5845100.922627772,False,False,False,False
2024-12-09 00:00:00+00:00,4.63,4.97,4.595,4.7,1565163,,,,,9.44014590299129,8.924841313187581,8.846723286367189,8.497215194600697,9.279949322885427,10.155407227787702,,,,,,,,4.531525502951425,6.7058412162022885,8.664447031989305,,,,10.516398559140551,10.56056514933221,10.878545059305141,11.565142553255068,"rgba(239, 83, 80, 0.75)",0.0,0.0,2.2074200076348114,9.129523571314254,-2.0383631369434614,0.0,0.0,0.0,0.0,0.0,0.0,0.0,0.0,43.511560436068805,-5.751683784477287,False,True,False,True,True,0.0,1,0.913630943994947,0.8901078951324745,False,False,False,False,-0.2394342233881913,-0.24357430110909645,False,False,False,False,253061078,235972184.45839715,False,False,False,False,5677260.219779625,False,False,False,False
2024-12-10 00:00:00+00:00,4.46,4.59,4.423,4.57,938239,,,,,9.42693744498317,8.91509996521256,8.837311783814904,8.489350325455426,9.2727060386718,10.147849068801039,,,,,,,4.491,4.528464235476856,6.6916965478954715,8.655733261921284,,,,10.509140132446671,10.553264961064635,10.870907399068592,11.556767265274232,"rgba(239, 83, 80, 0.75)",0.0,0.0,2.2018748665499377,9.121505944198956,-2.1170621523569833,0.0,0.0,0.0,0.0,0.0,0.0,0.0,0.0,43.2147056341644,-5.751683784477287,False,True,False,True,True,0.0,1,0.9070074810374182,0.897307563949965,False,False,False,False,-0.2581831139707046,-0.2508787075399005,False,False,False,False,252122839,236605543.46002862,False,False,False,False,5491416.250376502,False,False,False,False
2024-12-11 00:00:00+00:00,4.39,4.58,4.33,4.44,1048127,,,,,9.412093699009455,8.904127000920482,8.826707111253796,8.48047455598431,9.264543004802968,10.139343672844769,,,,,,,4.46057157425503,4.521061183826773,6.675698867806099,8.645907659347316,,,,10.50097474024989,10.545053123600756,10.8623198486461,11.547358302414377,"rgba(239, 83, 80, 0.75)",0.0,0.0,2.1967431318667563,9.11238348820121,-2.149720383642764,0.0,0.0,0.0,0.0,0.0,0.0,0.0,0.0,42.701197470595424,-5.751683784477287,False,True,False,True,True,0.0,1,0.9075532828590623,0.8956669794143964,False,False,False,False,-0.2617009190659738,-0.25628981330293715,False,False,False,False,251074712,237172961.83414513,False,False,False,False,5317169.613106836,False,False,False,False
2024-12-12 00:00:00+00:00,4.45,4.78,4.35,4.39,2660380,,,,,9.375509188408747,8.87709139226894,8.800585012651684,8.45863488894482,9.244344437418949,10.118219616806172,,,,,,,4.498412691878001,4.521985771047533,6.637741455139355,8.621720259519833,,,,10.480664664472833,10.524625069950321,10.840940216938277,11.523899359643375,"rgba(239, 83, 80, 0.75)",0.0,0.0,2.19133363276943,9.09036375395798,-2.11759801637026,0.0,0.0,0.0,0.0,0.0,0.0,0.0,0.0,42.75772236230415,-5.751683784477287,False,True,False,True,True,0.0,1,0.9093404139489883,0.890535662740548,False,False,False,False,-0.26054151137812925,-0.2584156623405332,False,False,False,False,253735092,237822457.13476688,False,False,False,False,5212981.785141862,False,False,False,False
2024-12-13 00:00:00+00:00,4.265,4.5249,4.26,4.48,1079337,,,,,9.360287121967454,8.865776173991648,8.789642924298448,8.449447909519527,9.235893649368153,10.109425295794676,,,,,,,4.470431384671395,4.51119646387564,6.621464268179474,8.611568105352644,,,,10.472220655938308,10.516133742340129,10.83206583970074,11.514187310281086,"rgba(239, 83, 80, 1.0)",0.0,0.0,2.1853589558198765,9.080866013135562,-2.203695644740799,0.0,0.0,0.0,0.0,0.0,0.0,0.0,0.0,41.86574605783052,-6.1619695799965655,False,True,False,True,False,0.0,1,0.9056131039651651,0.8972664739944038,False,False,False,False,-0.274693326311565,-0.2665544943260491,False,False,False,False,252655755,238404155.09026623,False,False,False,False,5050878.068077475,False,False,False,False
2024-12-16 00:00:00+00:00,4.33,4.435,4.17,4.28,1158281,,,,,9.34392984999031,8.85359364394186,8.777859427340866,8.439542892991735,9.226786327508902,10.099954967401262,,,,,,,4.443719526272386,4.49861325823062,6.603962032569751,8.600629519922727,,,,10.463128352286393,10.506990850866337,10.822513222512546,11.503738557098062,"rgba(239, 83, 80, 1.0)",0.0,0.0,2.1784224848589164,9.070602110224497,-2.176162862426348,0.0,0.0,0.0,0.0,0.0,0.0,0.0,0.0,41.760954398446515,-6.364603288978621,False,True,False,True,False,0.0,1,0.9034188250110643,0.8997697329332431,False,False,False,False,-0.2971341502245321,-0.2818443222752906,False,False,False,False,253814036,239008464.1455499,False,False,False,False,4898227.202662672,False,False,False,False
2024-12-17 00:00:00+00:00,4.38,4.415,4.26,4.28,846825,,,,,9.332132408073928,8.844806177816377,8.769360428837443,8.432401124768383,9.220203222310051,10.093098429927782,,,,,,,4.4336366447342925,4.492136661761434,6.591553358208196,8.592741675175208,,,,10.456541003932204,10.500366518531825,10.815589747825594,11.496160965562797,"rgba(239, 83, 80, 1.0)",0.0,0.0,2.17168759886025,9.063260355369495,-2.1565073898416025,0.0,0.0,0.0,0.0,0.0,0.0,0.0,0.0,42.08720294322227,-6.364603288978621,False,True,False,True,False,0.0,1,0.9023505081862722,0.905448346364593,False,False,False,False,-0.29731561348146635,-0.2895799678783785,False,False,False,False,254660861,239622283.63003814,False,False,False,False,4739348.684911195,False,False,False,False
2024-12-18 00:00:00+00:00,4.11,4.44,4.08,4.39,1655481,,,,,9.308578119953786,8.827187502231332,8.752309631432883,8.418029122381695,9.207011957649414,10.079411960398863,,,,,,,4.39419494536046,4.46975550106957,6.566176468709127,8.576893525918754,,,,10.443406263337282,10.487160104242397,10.801801861890114,11.481100790690448,"rgba(239, 83, 80, 1.0)",0.0,0.0,2.163685631862883,9.04826605626188,-2.2823399035146097,0.0,0.0,0.0,0.0,0.0,0.0,0.0,0.0,40.76957741326475,-7.452956540448355,False,True,False,True,False,0.0,1,0.8978253786879412,0.9074023129235094,False,False,False,False,-0.3029590113251407,-0.2962694896017596,False,False,False,False,253005380,240147110.9386641,False,False,False,False,4618412.697267619,False,False,False,False
2024-12-19 00:00:00+00:00,3.85,4.1923,3.8,4.14,1391687,,,,,9.287932951050966,8.81164319557427,8.737251289793152,8.40527355854539,9.195396422231155,10.067443044888407,,,,,,,4.336509685208361,4.437101082676697,6.542926873581367,8.562863378902938,,,,10.43194383923886,10.47563830992838,10.789795552923826,11.468033032305929,"rgba(239, 83, 80, 1.0)",0.0,0.0,2.1577731013183765,9.034646623155753,-2.4027765569920163,0.0,0.0,0.0,0.0,0.0,0.0,0.0,0.0,38.588920618002234,-9.504147892410089,False,True,False,True,False,0.0,1,0.8935709225348478,0.910980993802225,False,False,False,False,-0.3252031999189054,-0.3107363447603325,False,False,True,False,251613693,240596780.82342237,False,False,False,False,4491874.434629673,False,False,False,False
2024-12-20 00:00:00+00:00,3.89,4.02,3.7179,3.72,1255369,,,,,9.269198549402423,8.797501424656437,8.723547212534626,8.393646241626433,9.184820484666082,10.056560906833884,,,,,,,4.288465427873295,4.407145740693515,6.521738156875519,8.550085421394794,,,,10.42152525253313,10.465166469388242,10.778888564464966,11.456172464626386,"rgba(239, 83, 80, 1.0)",0.0,0.0,2.152192642675729,8.697190666022447,-2.2336247093781867,0.0,0.0,0.0,0.0,0.0,0.0,0.0,0.0,37.508771887620554,-10.45734798990074,False,True,False,True,False,0.0,1,0.8918958090403359,0.9156537722025055,False,False,True,False,-0.34282825441539394,-0.3267822995878632,False,False,False,False,252869062,241078046.75191563,False,False,False,False,4364952.65287949,False,False,False,False
2024-12-23 00:00:00+00:00,4.41,4.41,3.94,4.03,1474898,,,,,9.2488816003893,8.782255892450177,8.708790771218839,8.381196405610371,9.173328129739769,10.044602197079568,,,,,,,4.28462963705013,4.398068142498158,6.500760148054289,8.536366559411777,,,,10.410030232362512,10.453607950049761,10.766816262420804,11.442976431441599,"rgba(239, 83, 80, 0.75)",0.0,0.0,2.1429008881029894,8.695207537694007,-1.9997226943554545,0.0,0.0,0.0,0.0,0.0,0.0,0.0,0.0,41.01137308104293,-11.346052576993117,False,True,False,True,True,0.0,1,0.8889679270356876,0.920414795562203,False,False,False,False,-0.31976632616829825,-0.3232743128780807,False,False,False,False,254343960,241598278.64399737,False,False,False,False,4251617.17629598,False,False,False,False
2024-12-24 00:00:00+00:00,4.3,4.43,4.1955,4.42,600924,,,,,9.240741785027792,8.776148936266816,8.702880484464192,8.376212861371279,9.168713423846844,10.03979020741183,,,,,,,4.285646273017865,4.395964986995406,6.492530902087991,8.530873781632623,,,,10.405400897909072,10.448952728250001,10.761951940980918,11.437654916346217,"rgba(239, 83, 80, 0.75)",0.0,0.0,2.1379579126008066,8.692436990990439,-2.054501150421188,0.0,0.0,0.0,0.0,0.0,0.0,0.0,0.0,42.64849537443218,-10.00455749502234,False,True,False,True,True,0.0,1,0.8827312699206923,0.9217442574762235,False,False,False,False,-0.3094940922495302,-0.31638420256380545,False,False,False,False,253743036,242074543.63835043,False,False,False,False,4108452.738009863,False,False,False,False
2024-12-26 00:00:00+00:00,5.5,5.63,4.293,4.3,5349631,,,,,9.181477771820088,8.732504070612794,8.660793420557752,8.341350396596505,9.134985678775406,10.003476582278706,,,,,,,4.520796317828551,4.524777890786794,6.448826774459388,8.492115507287572,,,,10.370081807986278,10.413395888732527,10.72451375262333,11.396120021483599,#000000,0.0,0.0,2.1323423697892276,8.69384545079408,-1.4978108093916354,0.0,0.0,0.0,0.0,0.0,0.0,0.0,0.0,49.9321366424587,-3.4594870942204565,False,False,False,False,True,1.2483779483273345,0,0.874615822256229,0.9508745497589678,False,False,False,False,-0.26191800736212395,-0.2891511049629647,False,False,False,False,259092667,242741921.0250818,False,False,False,False,4157126.39534281,False,False,False,False
2024-12-27 00:00:00+00:00,5.73,6.14,5.3,5.71,4923281,,,,,9.136076403296453,8.6996176831018,8.629194305821416,8.315642132109275,9.108894708333859,9.974475301969003,,,,,,,4.763611343065193,4.68930776398507,6.427860324165433,8.463284847620157,,,,10.341567208898162,10.384659223443903,10.694045024586202,11.361890407554917,"rgba(38, 166, 154, 0.5)",0.0,0.0,2.1233376582228187,8.691278749993211,-1.3946339332914803,0.0,0.0,0.0,0.0,0.0,0.0,0.0,0.0,55.58706840392303,1.3055156886791508,False,False,True,False,True,2.0562545605680675,0,0.8906753817398813,0.9212801538982828,False,False,False,False,-0.20771240239207348,-0.24843175367751907,False,False,False,False,264015948,243576196.59272566,False,False,False,False,4187171.6739568175,False,False,False,False
2024-12-30 00:00:00+00:00,5.52,5.6999,5.0301,5.68,2211698,,,,,9.114268337910827,8.683578657668505,8.613744346827332,8.302909903851202,9.096253293115744,9.960643899636382,,,,,,,4.817922562585613,4.731556914867154,6.414900623856159,8.449099883698175,,,,10.328028065178737,10.371022309058223,10.679640986727817,11.34581843006905,"rgba(38, 166, 154, 0.5)",0.0,0.0,2.112998268977292,8.682447621898655,-1.4966636122372714,0.0,0.0,0.0,0.0,0.0,0.0,0.0,0.0,57.94059911827701,2.963844628257135,False,False,True,False,True,1.2777933751981614,0,0.8760614002549078,0.9496430582073366,False,False,False,False,-0.23291407759946886,-0.24067291563849397,False,False,False,False,261804250,244291022.21654037,False,False,False,False,4109702.118115374,False,False,False,False
2024-12-31 00:00:00+00:00,5.2,5.6,5.0514,5.53,1293282,,,,,9.101180257698555,8.673893812157267,8.604406102604495,8.295176115451856,9.088635827365136,9.952359511565207,,,,,,,4.839527661655809,4.749697902105623,6.40648693017734,8.440505560352157,,,,10.319932293121258,10.362869884777364,10.671042936245938,11.336250900902135,"rgba(38, 166, 154, 0.5)",0.0,0.0,2.103952922695098,8.676064199294252,-1.652158735016524,0.0,0.0,0.0,0.0,0.0,0.0,0.0,0.0,57.50017898566655,2.963844628257135,False,False,True,False,True,0.09811742501383236,0,0.86811107276747,0.9504131385112268,False,False,False,False,-0.2357214013497069,-0.23819715849410045,False,False,False,False,260510968,244927098.52177408,False,False,False,False,3999254.2703461433,False,False,False,False
2025-01-02 00:00:00+00:00,5.42,5.8,5.21,5.25,1834215,,,,,9.08370066476428,8.66102846625789,8.592015513792274,8.284973420203611,9.07842929836053,9.941143585191696,,,,,,,4.87884747477106,4.782059282237274,6.39677995840699,8.429136115813094,,,,10.308932831901751,10.351789658189615,10.659330401636439,11.323164045333002,"rgba(38, 166, 154, 1.0)",0.0,0.0,2.093857130919162,8.668723371437464,-1.5515496847730668,0.0,0.0,0.0,0.0,0.0,0.0,0.0,0.0,58.187466031583185,2.963844628257135,True,False,True,False,True,0.9020459675627102,0,0.8661291799118006,0.9612521294808537,False,False,False,False,-0.22294234864912482,-0.23056975357161263,False,False,False,False,262345183,245610160.6581751,False,False,False,False,3914350.7695482555,False,False,False,False
2025-01-03 00:00:00+00:00,5.58,5.6488,5.12,5.43,1441197,,,,,9.069982086728198,8.650906884375559,8.582264531278256,8.276931767724239,9.07039014148971,9.932317069190436,,,,,,,4.905243224014499,4.804618882142545,6.389073718869324,8.420182480965007,,,,10.300277004457259,10.343070647449931,10.650116637718982,11.312874839189515,"rgba(38, 166, 154, 1.0)",0.0,0.0,2.083398226740991,8.66255725894722,-1.47958139705686,0.0,0.0,0.0,0.0,0.0,0.0,0.0,0.0,59.33949393706596,3.745684260467314,True,False,True,False,True,1.4875860438119908,0,0.8066390089645769,1.0622008181264324,False,False,False,False,-0.23152960496729147,-0.23104967926945205,False,False,False,False,263786380,246322953.5735408,False,False,False,False,3817364.34721303,False,False,False,False
2025-01-06 00:00:00+00:00,5.72,6.29,5.53,5.68,3486960,,,,,9.040808491264338,8.629684714868493,8.561879459048365,8.260368641970981,9.053202996335074,9.912983212540935,,,,,,,4.999982724696073,4.883383508156224,6.37860260332861,8.401606361533224,,,5.846666666666667,10.281165270891355,10.323804221526434,10.629650102668982,11.289804546133931,"rgba(38, 166, 154, 1.0)",0.0,0.0,2.0719446560354813,8.433944645550017,-1.3098538311071288,-1.0,6.29,5.53,0.0,0.0,0.0,0.0,0.0,60.71105312854671,5.114838371315713,True,False,True,False,True,2.0026244696384374,0,0.7424268549940384,1.1046513192087806,False,False,False,False,-0.14575546601828618,-0.18840257264386912,False,False,False,False,267273340,247144537.35497057,False,False,False,False,3804407.3139889897,False,False,False,False
2025-01-07 00:00:00+00:00,5.94,6.0691,5.47,5.72,2111871,,,,,9.023284258493337,8.616894397254587,8.549589129152883,8.250363090174234,9.042817117547516,9.90130439994331,,,,,,,5.047456510972761,4.924662408771708,6.37222049159587,8.3903972349695,,,5.839009535865612,10.26961720935042,10.3121630734597,10.61728691634687,11.275874753011923,"rgba(38, 166, 154, 1.0)",0.0,0.0,2.059348657199217,8.427753619007749,-1.208029349625127,0.0,0.0,0.0,0.0,0.0,0.0,0.0,0.0,62.54445140933687,6.949233677079533,True,False,True,False,True,2.8135910452184376,0,0.8577704627106522,1.1130765688789612,False,False,False,False,-0.1588023377693891,-0.1736024552066291,False,False,False,False,269385211,248016720.6351678,False,False,False,False,3738033.340891382,False,False,False,False
2025-01-08 00:00:00+00:00,5.27,5.9,5.013,5.8,1581203,,,,,9.008531756630134,8.60592331946763,8.539010701298924,8.241599774208213,9.034046025714206,9.891681376539928,,,,,,,5.061761189868007,4.939567420875518,6.363831553348175,8.380665004204497,,,5.741081957044586,10.26017314223057,10.30265081678572,10.607240932629635,11.264668464597882,"rgba(38, 166, 154, 0.75)",0.0,0.0,2.0417580814286946,8.41544794059346,-1.5405585848801795,0.0,0.0,0.0,0.0,0.0,0.0,0.0,0.0,59.31416445335378,6.949233677079533,True,False,True,False,False,0.21680229472336876,0,0.8348993308104854,1.0778894143610425,False,False,False,False,-0.1880835093295847,-0.1808429822681069,False,False,False,False,267804008,248792692.68869066,False,False,False,False,3653451.7588956417,False,False,False,False
2025-01-10 00:00:00+00:00,5.29,5.45,5.08,5.16,897761,,,,,8.999930337333762,8.599494007952952,8.532806197845751,8.236437681571639,9.028919866200546,9.886089463975152,,,,,,,5.066601610034616,4.945474845572211,6.358545809197409,8.374944664685268,,,5.689096672425252,10.254694407358693,10.297133657195362,10.601422300816239,11.258194090470036,"rgba(38, 166, 154, 0.75)",0.0,0.0,2.0214442410900517,8.408200669293185,-1.542560811675772,0.0,0.0,0.0,0.0,0.0,0.0,0.0,0.0,57.264060242052146,6.949233677079533,True,False,True,False,False,0.29274272834161863,0,0.799610015823003,1.1405781140144629,False,False,False,False,-0.15509246143836758,-0.16796772185323725,False,False,False,False,268701769,249573440.77933025,False,False,False,False,3545385.454625224,False,False,False,False
2025-01-13 00:00:00+00:00,6.0,6.05,5.01,5.2,4737453,,,,,8.960151602407429,8.570138976616779,8.504554687901274,8.213250878728292,9.005050943575782,9.859428155832639,,,,,,,5.1333968800152805,5.008787787777004,6.341789134065216,8.3490807667011,,,5.688198364560197,10.228364020699459,10.270598065051125,10.573292371329112,11.22660310743176,"rgba(38, 166, 154, 0.75)",0.0,0.0,2.003550647778715,8.391197936193233,-1.193480154267272,0.0,0.0,0.0,0.0,0.0,0.0,0.0,0.0,59.089092748754396,6.949233677079533,True,False,True,False,False,2.943350004645815,0,0.8499096672678272,1.074512211177149,False,False,False,False,-0.09041159661791619,-0.1291896592355767,False,False,False,False,273439222,250509353.7683761,False,False,False,True,3592133.2015026663,False,False,False,False
2025-01-14 00:00:00+00:00,5.355,5.83,5.28,5.83,2330677,,,,,8.93976562667144,8.554934820376948,8.489896840720789,8.201114430267443,8.992738480121572,9.84581794380986,,,,,,,5.151260496413744,5.028127549809502,6.331444415861928,8.335603999361949,,,5.657442842438918,10.214960557318316,10.257095176711188,10.559014279349638,11.21064074274407,"rgba(38, 166, 154, 0.75)",0.0,0.0,1.9843121848295824,8.379413922519715,-1.5241623498771484,0.0,0.0,0.0,0.0,0.0,0.0,0.0,0.0,56.75806578026429,12.680424282899267,True,False,True,False,False,0.46145691757272544,0,0.8821454258427659,1.0727179276658874,False,False,False,False,0.004066748104167692,-0.06256145556570451,False,False,False,False,271108545,251317165.1892241,False,False,False,False,3542664.330855503,False,False,False,False
2025-01-15 00:00:00+00:00,5.66,5.7,5.36,5.54,1751141,,,,,8.924978914038244,8.543923514041985,8.479286371333606,8.192350163947355,8.98376716499188,9.835846010332997,,,,,,,5.166639404253666,5.044162090558269,6.324602585989127,8.325861351889891,,,5.648726085939022,10.205119915034928,10.247179861244469,10.548518106905354,11.198883099894923,"rgba(38, 166, 154, 0.75)",0.0,0.0,1.9682823444322428,8.371804091671915,-1.3777515707250545,0.0,0.0,0.0,0.0,0.0,0.0,0.0,0.0,56.49880991705864,12.326321918528613,True,False,True,False,False,1.5893734984413932,0,0.9137618735080465,1.0073276017184563,False,False,False,False,-0.0008866674728192719,-0.031724061519261895,False,False,False,False,272859686,252161969.9269016,False,False,False,False,3472408.513959209,False,False,False,False
2025-01-16 00:00:00+00:00,5.57,6.0,5.44,5.78,3168362,,,,,8.899314827282542,8.524847578159735,8.460915761771215,8.177220385393257,8.96811103196453,9.818327965666558,,,,,,,5.197771204576847,5.075781649687476,6.314085471350924,8.309020378863128,,,5.652085269750206,10.187790140233137,10.22971508130869,10.530005952876309,11.178097438908697,"rgba(38, 166, 154, 0.75)",0.0,0.0,1.9541808956668436,8.359983944934545,-1.4276999386909326,0.0,0.0,0.0,0.0,0.0,0.0,0.0,0.0,55.84744576634096,11.501497154520884,True,False,True,False,False,1.2419918199481366,0,0.9124590442296331,0.991468378073524,False,False,False,False,0.03677568913934035,0.0025258138100392284,False,False,False,False,269691324,252849395.57682705,False,False,False,False,3460485.1212549265,False,False,False,False
2025-01-17 00:00:00+00:00,5.37,5.8,5.295,5.61,3032697,,,,,8.873765120021131,8.50567724383094,8.442425383142414,8.16187041183324,8.952445372991084,9.800969176401706,,,,,,,5.214010995028711,5.094812404089694,6.301578997669101,8.29200338238069,,,5.630585255947542,10.170663962495592,10.212461429471922,10.511760134897532,11.157696276246439,"rgba(38, 166, 154, 0.75)",0.0,0.0,1.939060095528332,8.345541368216283,-1.5345276688835903,0.0,0.0,0.0,0.0,-1.0,5.44,5.1806,0.0,54.34069893665918,9.84279681841172,True,False,True,False,False,0.46583375003233485,0,0.9190557210452642,0.9951671879740334,False,False,False,False,0.002580713536666607,0.0025532636733529178,False,False,False,False,266658627,253390934.0640103,False,False,False,False,3443709.1164998314,False,False,False,False
2025-01-21 00:00:00+00:00,4.77,5.1806,4.53,5.18,2469307,,,,,8.849233046515444,8.486863245139755,8.424205762020877,8.146440499085351,8.937377946620613,9.7847854864276,,,,,,4.826866666666666,5.197159709742801,5.085112724093105,6.283614478113425,8.275065218279465,,,5.552961975731469,10.154854319604542,10.196551400864255,10.495057720952676,11.139267297132415,#000000,0.0,0.0,1.924258841763856,8.325637010791343,-1.8477955946571607,0.0,0.0,0.0,0.0,-1.0,5.295,4.81,0.0,50.5483939837529,6.108157957624371,False,False,False,False,False,0.0,1,0.8882530212718434,1.0170693528020507,False,False,False,False,-0.13539006917182414,-0.0664184027492356,False,False,False,False,264189320,253814400.17914715,False,False,False,False,3405497.268793956,False,False,False,False
2025-01-22 00:00:00+00:00,4.53,4.81,4.39,4.77,1226692,,,,,8.83640515337478,8.476954223976486,8.41459801476088,8.138254508330668,8.92948053556947,9.776381162895898,,,,,,4.743825968224919,5.184026625435622,5.076130679606259,6.27334688295428,8.266106068671315,,,5.5082650994586215,10.146668016321845,10.188315933444576,10.486432154902465,11.129790763883527,"rgba(239, 83, 80, 1.0)",0.0,0.0,1.911010298343953,8.31459682908963,-1.9804167629914364,0.0,0.0,0.0,0.0,0.0,0.0,0.0,0.0,47.06211661836961,2.7980117151647406,False,True,False,True,False,0.0,1,0.8703733216836318,1.0545386024483123,False,False,False,False,-0.14533696195722648,-0.10587768235323104,False,False,False,False,262962628,254173154.21133748,False,False,False,False,3320053.9249196835,False,False,False,False
2025-01-23 00:00:00+00:00,4.4,4.54,4.33,4.48,971075,,,,,8.825941248923868,8.468838595160936,8.406723774789059,8.13152304114884,8.923029523676655,9.769551711574863,,,,,,4.677141277682763,5.171491165224521,5.067127526958772,6.264579347039946,8.258751063361379,,,5.470320112470049,10.140026659022125,10.181635993258146,10.479445085315122,11.12213325055195,"rgba(239, 83, 80, 1.0)",0.0,0.0,1.899190439197872,8.30533568650829,-2.0563159996517872,0.0,0.0,0.0,0.0,0.0,0.0,0.0,0.0,44.22568687370942,0.16093397634558215,False,True,False,True,False,0.0,1,0.9020720348685872,1.0498838431383295,False,False,False,False,-0.15250863141324927,-0.12919315688324015,False,False,False,False,261991553,254479758.08540267,False,False,False,False,3227937.104334598,False,False,False,False
2025-01-24 00:00:00+00:00,4.25,4.5251,4.1745,4.35,1108684,,,,,8.81376669101363,8.459368992463306,8.397531573391865,8.123646945648014,8.915512620988379,9.761620408864228,,,,,,4.607920881299621,5.155702863797195,5.055491859408348,6.254095677176237,8.250155271047765,,,5.426017621480513,10.132321682807753,10.173887254027692,10.471347223648072,11.113272913847164,"rgba(239, 83, 80, 1.0)",0.0,0.0,1.890080435873123,8.294431488589884,-2.139819772655103,0.0,0.0,0.0,0.0,-1.0,4.33,4.32,0.0,41.73850708119579,-2.1454099155866473,False,True,False,True,False,0.0,0,0.9176353543825654,1.0350028725335747,False,False,False,False,-0.1763155345051045,-0.15275434569417234,False,False,False,False,260882869,254730860.47421044,False,False,False,False,3144829.1394587313,False,False,False,False
2025-01-27 00:00:00+00:00,3.96,4.32,3.91,4.05,1147998,,,,,8.800523645828362,8.44901249999161,8.387469009173037,8.114985644799416,8.907327874953504,9.753051378905896,,,,,,4.517625178231777,5.13520693328078,5.03981768257432,6.241955378518839,8.240723706963578,,,5.373910332219578,10.124018534435745,10.165539384605179,10.462640581030847,11.103781793365387,"rgba(239, 83, 80, 1.0)",0.0,0.0,1.8874820636384388,8.28204317583434,-2.2898459588552997,0.0,0.0,0.0,0.0,0.0,0.0,0.0,0.0,38.97982999340764,-4.718507954078078,False,True,False,True,False,0.0,0,0.9067745519286876,1.029816980839142,False,False,False,False,-0.25587851297167147,-0.2043164293329219,False,False,False,False,259734871,254927096.18110415,False,False,False,False,3066522.035950546,False,False,False,False
2025-01-28 00:00:00+00:00,3.94,4.03,3.79,3.96,765361,,,,,8.791469659592233,8.441910206445069,8.380564784080711,8.109028172619253,8.901725484699982,9.747209222970595,,,,,,4.458138633283032,5.1201936873983325,5.028146202505246,6.233408419686137,8.234244390848582,,,5.3377665858658805,10.118364885590678,10.159856159713641,10.456719345865679,11.097339792250981,"rgba(239, 83, 80, 1.0)",0.0,0.0,1.885888272563583,8.273446157858203,-2.2978276183708015,0.0,0.0,0.0,0.0,0.0,0.0,0.0,0.0,37.065233636993185,-6.519726442460673,False,True,False,True,False,0.0,0,0.9316957906319356,1.0390797090446189,False,False,False,False,-0.3280037855514114,-0.26616010744216667,False,False,False,False,258969510,255085622.2132177,False,False,False,False,2976280.4266975834,False,False,False,False
2025-01-29 00:00:00+00:00,3.95,4.14,3.86,4.09,948335,,,,,8.780442885018491,8.433263638492189,8.37216056569211,8.101781134248885,8.894889202580993,9.740065102193489,,,,,,4.406008157289904,5.103052965745775,5.014825110348692,6.223192583456035,8.226360439596842,,,5.297292878438394,10.111445335000456,10.152899912676341,10.449468319835876,11.08944401147716,"rgba(239, 83, 80, 1.0)",0.0,0.0,1.8806064241458926,8.263262121066985,-2.293548541410477,0.0,0.0,0.0,0.0,0.0,0.0,0.0,0.0,35.871355351985144,-7.7135757931555275,False,True,False,True,False,0.0,0,0.9352947471572368,1.0243158798139167,False,False,False,False,-0.29597325798984575,-0.2810666827160062,False,False,False,False,259917845,255275121.1460327,False,False,False,False,2896753.1550623844,False,False,False,False
2025-01-30 00:00:00+00:00,4.01,4.13,3.9,3.9,558873,,,,,8.77400872818026,8.428217975851823,8.367256569538197,8.09755324184568,8.890893889258585,9.735885112147212,,,,,,4.382144781768804,5.093455726957948,5.007356340010786,6.217295566063313,8.221760701569083,,,5.275073261047433,10.107394735885668,10.148827686829131,10.445222536158743,11.084818680430606,"rgba(239, 83, 80, 1.0)",0.0,0.0,1.8783125261686948,8.25742734156576,-2.261299588002796,0.0,0.0,0.0,0.0,0.0,0.0,0.0,0.0,35.60508255798497,-8.135835451462071,False,True,False,True,False,0.0,0,0.9499622112654886,1.0092852319085113,False,False,False,False,-0.2906933421352451,-0.28588001242562566,False,False,False,False,260476718,255479105.33638436,False,False,False,False,2805071.5803540554,False,False,False,False
2025-01-31 00:00:00+00:00,3.97,4.13,3.91,4.02,840947,,,,,8.764339523499808,8.420630193382335,8.359881290411323,8.09119236661411,8.88488207289715,9.729595915682118,,,,,,4.350407039568785,5.079198182299906,4.996214561667541,6.2084412881761235,8.214841881638536,,,5.242797629130562,10.101299866538465,10.142700329118417,10.438834452632008,11.077860413022114,"rgba(239, 83, 80, 1.0)",0.0,0.0,1.883556985847574,8.24872793867207,-2.2716211778146453,0.0,0.0,0.0,0.0,0.0,0.0,0.0,0.0,35.22629525439423,-8.765244746370591,False,True,False,True,False,0.0,0,0.961356864444411,1.0029774992867302,False,False,False,False,-0.28893688126312717,-0.2874084468443764,False,False,False,False,259635771,255642111.83299676,False,False,False,False,2728047.0870068376,False,False,False,False
2025-02-03 00:00:00+00:00,3.81,3.9,3.71,3.83,640550,,,,,8.756697590808061,8.41461146705083,8.354027392081445,8.086128068826806,8.880128694599822,9.724650470893607,,,,,3.806666666666667,4.317788693255984,5.066646055144938,4.986243953232693,6.2011470718823,8.209341630927993,,,5.215561866118314,10.09651609791666,10.137892061897173,10.43382870057726,11.072422378555176,"rgba(239, 83, 80, 1.0)",0.0,0.0,1.8920129658856315,8.241637207400341,-2.3422869120381202,0.0,0.0,0.0,0.0,0.0,0.0,0.0,0.0,34.164707356609505,-10.079311702178245,False,True,False,True,False,0.0,0,0.9635127063184616,1.0092453509719697,False,False,False,False,-0.34282825441539394,-0.31511835062988514,False,False,False,False,258995221,255773606.31013414,False,False,False,False,2646184.4561438244,False,False,False,False
2025-02-04 00:00:00+00:00,3.92,3.9409,3.81,3.85,350680,,,,,8.752594373164898,8.411382743531414,8.350887771949635,8.083414685288465,8.877572979948175,9.72198471234152,,,,,3.836254690973168,4.304195574720846,5.060327716555986,4.981237874104459,6.197311288550272,8.206393325808847,,,5.201943677856979,10.093935003223367,10.135297516033319,10.431125959854485,11.069482907287124,"rgba(239, 83, 80, 1.0)",0.0,0.0,1.9015593695839001,8.237920672569631,-2.2707261953722115,0.0,0.0,0.0,0.0,0.0,0.0,0.0,0.0,34.60231956299027,-10.079311702178245,False,True,False,True,False,0.0,0,0.9550258810402007,1.0021962354045546,False,False,False,False,-0.3182361456331513,-0.3166772481315182,False,False,False,False,259345901,255913696.29797202,False,False,False,False,2556164.6735499487,False,False,False,False
2025-02-05 00:00:00+00:00,3.94,3.98,3.85,3.92,393547,,,,,8.74802903974509,8.407791259631383,8.347395675034443,8.080397750905592,8.874726947894304,9.71901292127185,,,,,3.8610020246340504,4.291072956133644,5.053515290944929,4.9758425086869655,6.193083176723603,8.203114697172152,,,5.187366889650285,10.091056362164922,10.132403766873205,10.428110799420573,11.066202145478714,"rgba(239, 83, 80, 1.0)",0.0,0.0,1.9083819192095273,8.233834868554876,-2.2499871882738387,0.0,0.0,0.0,0.0,0.0,0.0,0.0,0.0,35.10936954688725,-10.079311702178245,False,True,False,True,False,0.0,0,0.9542576218624098,1.00988164434147,False,False,False,False,-0.3045935476534521,-0.3106353978924852,False,False,False,False,259739448,256063725.7764829,False,False,False,False,2471356.137332304,False,False,False,False
2025-02-06 00:00:00+00:00,3.88,4.04,3.86,3.94,585744,,,,,8.741254774445704,8.402460395664257,8.34221223603482,8.075919121335934,8.870499893551166,9.714597970306942,,,,,3.8805210605046416,4.273297100269244,5.04355517216531,4.967938457785954,6.186828412009256,8.198247958926686,,,5.166332043291579,10.086779158909268,10.128104092684893,10.42363058894025,11.061327004899653,"rgba(239, 83, 80, 1.0)",0.0,0.0,1.903806551990954,8.227814809829198,-2.2837482123813264,0.0,0.0,0.0,0.0,0.0,0.0,0.0,0.0,35.0623340859397,-10.156113523327072,False,True,False,True,False,0.0,0,0.9590853135036181,1.0059280188606394,False,False,False,False,-0.2926116711138871,-0.30162353450318613,False,False,False,False,259153704,256184901.39309144,False,False,False,False,2397410.5633192724,False,False,False,False
2025-02-07 00:00:00+00:00,3.79,3.9964,3.771,3.87,436670,,,,,8.736139316957262,8.398428754246448,8.338291100281335,8.072527003468373,8.867306110661449,9.711268878947307,,,,,3.8754319287501495,4.2585303702431085,5.035758017724891,4.961708669894922,6.182035578733658,8.19456412651551,,,5.150190123800213,10.083556018022843,10.12486426984855,10.420256524763534,11.057659182620881,"rgba(239, 83, 80, 1.0)",0.0,0.0,1.9075440556748955,8.223227492112663,-2.3240498582058553,0.0,0.0,0.0,0.0,0.0,0.0,0.0,0.0,34.44675899778233,-11.102428322167334,False,True,False,True,False,0.0,0,0.9525728645576457,1.0321332112074026,False,False,False,False,-0.31538102220753145,-0.3085022783553588,False,False,False,False,258717034,256284200.7110094,False,False,False,False,2320518.776522438,False,False,False,False
2025-02-10 00:00:00+00:00,3.86,3.94,3.8,3.8,424150,,,,,8.731195184077126,8.3945317516683,8.334500977127924,8.069248424782051,8.864216561493043,9.708046684479612,,,,,3.8741188456871383,4.245614526875066,5.028371258822426,4.955800377445424,6.177427231166195,8.191003572030931,,,5.135053736554219,10.080435606039355,10.121727655811425,10.416989594500443,11.05410710827968,"rgba(239, 83, 80, 1.0)",0.0,0.0,1.8839211790903894,8.218830587521655,-2.3137011441350337,0.0,0.0,0.0,0.0,0.0,0.0,0.0,0.0,34.95172976915432,-11.102428322167334,False,True,False,True,False,0.0,0,0.940665694988235,1.023834700351519,False,False,False,False,-0.32012501209949157,-0.3143136452274252,False,False,False,False,259141184,256396239.271362,False,False,False,False,2246151.3735215585,False,False,False,False
2025-02-11 00:00:00+00:00,3.65,3.83,3.62,3.81,448703,,,,,8.72579693843474,8.390264969500336,8.330349131078515,8.06564828792481,8.860843457297854,9.704544682619924,,,,,3.850299760206469,4.227231027147912,5.019551205185567,4.948673168557365,6.172221856759793,8.187098349702024,,,5.117371322197268,10.077049519210085,10.118324569321592,10.41344924760813,11.050266183707354,"rgba(239, 83, 80, 1.0)",0.0,0.0,1.7457797452528914,8.2138965728436,-2.61424534524112,0.0,0.0,0.0,0.0,0.0,0.0,0.0,0.0,33.856162631667544,-12.24408301668771,False,True,False,True,False,0.0,0,0.9476746975235794,1.0076998359287297,False,False,False,False,-0.34282825441539394,-0.32857094982140955,False,False,False,False,258692481,256486287.9666027,False,False,False,False,2175663.202010909,False,False,False,False
2025-02-12 00:00:00+00:00,3.72,3.74,3.56,3.59,382496,,,,,8.721179984361873,8.38661323372236,8.32679541794133,8.062565321944032,8.857956698832798,9.701549386199266,,,,,3.8318183373651435,4.211766314764027,5.011974439837655,4.9425327684161795,6.167754108389805,8.183754956704577,,,5.10236127544958,10.074153834095945,10.115414420390268,10.410422255099974,11.046983294172515,"rgba(239, 83, 80, 1.0)",0.0,0.0,1.4132912453420559,8.209677975862832,-3.176753546489424,0.0,0.0,0.0,0.0,0.0,0.0,0.0,0.0,34.08179283637264,-12.274522072623753,False,True,False,True,False,0.0,0,0.9437287907481997,1.007233977101218,False,False,False,False,-0.34282825441539394,-0.3356996021184018,False,False,False,False,259074977,256587805.1835987,False,False,False,False,2105342.9195791087,False,False,False,False
2025-02-13 00:00:00+00:00,3.915,3.96,3.71,3.73,460849,,,,,8.715835583845918,8.382396462239093,8.322693931447313,8.05901570004642,8.854609050751403,9.698057087778118,,,,,3.835154324513162,4.20037256183639,5.0042266249291885,4.936298832474806,6.162797155165379,8.179901180789976,,,5.087015287800841,10.070771005700438,10.112014029925483,10.406880654503649,11.043132721689924,"rgba(239, 83, 80, 0.75)",0.0,0.0,1.3645650727811416,8.204995347128307,-3.1438554545330692,0.0,0.0,0.0,0.0,0.0,0.0,0.0,0.0,36.718932062350895,-12.274522072623753,False,True,False,True,True,0.0,0,0.9515741896770321,1.003895550845407,False,False,False,False,-0.28331830077158565,-0.3095089514449937,False,False,False,False,259535826,256703413.8430654,False,False,False,False,2040852.9619485557,False,False,False,False
2025-02-14 00:00:00+00:00,3.86,4.03,3.83,3.89,395132,,,,,8.71130503852422,8.378823181333242,8.319218724315046,8.056009604544078,8.85176818362889,9.695089175919025,,,,,3.8414078784481323,4.192399612662807,4.997924657233986,4.931232265805886,6.158646781921183,8.176636796988204,,,5.074628966904141,10.067894499697687,10.109122446945927,10.403867990645418,11.03985519189841,"rgba(239, 83, 80, 0.75)",0.0,0.0,1.208462831216084,8.201081957103122,-3.592234568550746,0.0,0.0,0.0,0.0,0.0,0.0,0.0,0.0,37.99903869804872,-15.551312224462123,False,True,False,True,True,0.0,0,0.952682479794878,1.0029491191639124,False,False,False,False,-0.2535257985207522,-0.28151737498287294,False,False,False,False,259140694,256798993.45706284,False,False,False,False,1976314.8850093966,False,False,False,False
2025-02-18 00:00:00+00:00,3.85,3.98,3.81,3.88,298203,,,,,8.707872574040522,8.376114172411153,8.316583804254998,8.053729246719103,8.849614812822708,9.692841020111803,,,,,3.8437971136260525,4.1861280005191865,4.993101266988848,4.927342796792303,6.155487653874009,8.174161127703314,,,5.0652423520739,10.065716012127103,10.106932601155064,10.401586881249196,11.037374419130485,"rgba(239, 83, 80, 0.75)",0.0,0.0,1.024103211304301,8.198111462946375,-4.24577465918558,0.0,0.0,0.0,0.0,0.0,0.0,0.0,0.0,38.76073658940246,-14.730818006441538,False,True,False,True,True,0.0,0,0.9598526757545967,0.9917093427636504,False,False,False,False,-0.26444817272156146,-0.2729827738522172,False,False,False,False,258842491,256879130.6156094,False,False,False,False,1910506.5757933417,False,False,False,False
2025-02-19 00:00:00+00:00,3.79,3.91,3.78,3.82,452718,,,,,8.702613415036028,8.37195899964822,8.312541548290739,8.05022789241429,8.846314182191163,9.689400010205555,,,,,3.8423253711367034,4.175496416487562,4.9855105890204126,4.921194790365773,6.150596301529155,8.170361517483858,,,5.0506419652021775,10.062383173373092,10.103582570901134,10.398098558068153,11.033583469537996,"rgba(239, 83, 80, 0.75)",0.0,0.0,0.9310257251640828,8.19352837544253,-4.729760152080069,0.0,0.0,0.0,0.0,0.0,0.0,0.0,0.0,38.693137528439294,-14.666231912415114,False,True,False,True,True,0.0,1,0.9519091192834176,1.0084469920286157,False,False,False,False,-0.28015993745483725,-0.2765713556535272,False,False,False,False,258389773,256938371.49342868,False,False,False,False,1853338.3963504657,False,False,False,False
2025-02-20 00:00:00+00:00,3.74,3.8509,3.6601,3.8,328106,,,,,8.698749373473305,8.36890179702862,8.309566707571106,8.047648122580057,8.84388843437178,9.686876233214896,,,,,3.836933163770994,4.1665741162269,4.979712399629218,4.916474028148671,6.14694811122624,8.167563589976476,,,5.039627076869572,10.05994039196639,10.10112738074547,10.395543378948835,11.030809406635697,"rgba(239, 83, 80, 0.75)",0.0,0.0,0.8872246432465574,8.190124075817634,-5.015780512513285,0.0,0.0,0.0,0.0,0.0,0.0,0.0,0.0,38.16230568557256,-14.666231912415114,False,True,False,True,True,0.0,1,0.9435790018359215,1.0079407330749444,False,False,False,False,-0.30863002478879975,-0.2926006902211635,False,False,False,False,258061667,256982422.29760796,False,False,False,False,1793525.3611994672,False,False,False,False
2025-02-21 00:00:00+00:00,3.52,3.84,3.5,3.76,462066,,,,,8.693174869058195,8.36448194127991,8.30526429008345,8.043910294631473,8.840388897604681,9.683247726517775,,,,,3.820391278553386,4.150884540268637,4.970782667501807,4.909154192633542,6.141550815363077,8.163513235271,,,5.022891237583781,10.056432475487119,10.097602102920032,10.391877782688082,11.02683645137051,"rgba(239, 83, 80, 1.0)",0.0,0.0,0.8573802545646373,8.185113780289033,-5.441125749575253,0.0,0.0,0.0,0.0,0.0,0.0,0.0,0.0,35.89600488810363,-14.666231912415114,False,True,False,True,False,0.0,1,0.9318700326558608,1.0149362042656407,False,False,False,False,-0.33628781593630136,-0.3144442530787324,False,False,False,False,257599601,257006625.38397628,False,False,False,False,1741311.2686034096,False,False,False,False
2025-02-24 00:00:00+00:00,3.34,3.575,3.33,3.54,425404,,,,,8.687846526120142,8.360244533748368,8.301137208571602,8.040315408675228,8.837044812463816,9.679798136904278,,,,,3.793798434638115,4.131937516159483,4.961432489162541,4.901427762795273,6.1361997792209335,8.15962266277714,,,5.005627325430587,10.053103512447027,10.094257315487255,10.38840447777229,11.02308135804487,"rgba(239, 83, 80, 1.0)",0.0,0.0,0.8392907773980588,8.180179948534555,-5.7669881272136925,0.0,0.0,0.0,0.0,0.0,0.0,0.0,0.0,33.107889935538324,-13.527965636666785,False,True,False,True,False,0.0,0,0.9173985057971669,1.0375552319617294,False,False,False,False,-0.34282825441539394,-0.3286362537470632,False,False,False,False,257174197,257013196.81989878,False,False,False,False,1689707.0619915114,False,False,False,False
2025-02-25 00:00:00+00:00,3.2,3.3999,3.1403,3.3,635601,,,,,8.679651985748976,8.353711911751098,8.294771945075329,8.034759617911744,8.831901230231114,9.674512890293316,,,,,3.7449662859928328,4.099145801617849,4.946172313124127,4.888741266380314,6.127751790383043,8.153615844116024,,,4.977856202220803,10.048009961507002,10.089140322461757,10.383096345554943,11.017353793572703,"rgba(239, 83, 80, 1.0)",0.0,0.0,0.8152679767354482,8.172441954306052,-6.099150336085865,0.0,0.0,0.0,0.0,0.0,0.0,0.0,0.0,30.380672457092043,-16.02134664223192,False,True,False,True,False,0.0,0,0.918229231652235,1.0292266613430492,False,False,False,False,-0.34282825441539394,-0.33573225408122853,False,False,False,False,256538596,256994585.02304,False,False,False,False,1648369.5693643934,False,False,False,False
2025-02-26 00:00:00+00:00,3.23,3.35,3.205,3.26,351070,,,,,8.675148770655332,8.350121341938145,8.29127338271381,8.031705985054561,8.829071847765576,9.671604114355361,,,,,3.7222576323862873,4.082353611612552,4.937932381283838,4.88187998482035,6.123130820553088,8.150314388746855,,,4.963018824817091,10.04520600944769,10.086323423795694,10.380173943500377,11.01419989965429,"rgba(239, 83, 80, 1.0)",0.0,0.0,0.8054728341185261,8.168223730102387,-6.130838336101751,0.0,0.0,0.0,0.0,0.0,0.0,0.0,0.0,29.108558686175794,-17.12500840664535,False,True,False,True,False,0.0,0,0.9254783939006346,1.031123818122539,False,False,False,False,-0.34075350861506604,-0.3382428813481473,False,False,False,False,256889666,256990470.55154824,False,False,False,False,1597495.0764481425,False,False,False,False
2025-02-27 00:00:00+00:00,3.14,3.4,3.135,3.28,263503,,,,,8.671750842270265,8.347410293184492,8.288631536423225,8.029398983754259,8.826936108805723,9.669410125287873,,,,,3.705318314279292,4.069642079395031,4.931666363514877,4.876652313781644,6.119627913299737,8.147820773966073,,,4.951813378905955,10.043091598322878,10.08419931646024,10.37797075797963,11.011823174523164,"rgba(239, 83, 80, 1.0)",0.0,0.0,0.7517445655994766,8.165034916526018,-6.684497828752267,0.0,0.0,0.0,0.0,0.0,0.0,0.0,0.0,27.665718145467416,-18.43525481186715,False,True,False,True,False,0.0,0,0.9203044786687911,1.0389702349341225,False,False,False,False,-0.34282825441539394,-0.34053556788177064,False,False,False,False,256626163,256976183.9808993,False,False,False,False,1545181.6616854703,False,False,False,False
2025-02-28 00:00:00+00:00,3.08,3.16,3.02,3.11,374841,,,,,8.66680190313892,8.343454667736651,8.284775635842166,8.026026634989687,8.82382580439816,9.666224741931424,,,,,3.6767245955801493,4.049338266422112,4.922115224995028,4.868654276886871,6.114422047581805,8.144178322092031,,,4.934862811079108,10.04002506223062,10.081119081745102,10.374778430616516,11.008384690489764,"rgba(239, 83, 80, 1.0)",0.0,0.0,0.7373491111598176,8.160316323771974,-6.889974161331613,0.0,0.0,0.0,0.0,0.0,0.0,0.0,0.0,26.316060217291085,-19.688668292014924,False,True,False,True,False,0.0,0,0.9185253428074069,1.038449400914153,False,False,False,False,-0.34282825441539394,-0.34168191114858226,False,False,False,False,256251322,256947758.02086404,False,False,False,False,1499285.9494625109,False,False,False,False
2025-03-03 00:00:00+00:00,2.83,3.19,2.82,3.14,513789,,,,,8.659862865518214,8.337898264860744,8.27935759168482,8.021280871002807,8.819464128864517,9.661770792910522,,,,,3.633229294629071,4.01897881704756,4.908196753873508,4.856954692824223,6.106986809257061,8.13905620807379,,,4.9104008279936115,10.035741656018196,10.076817033459495,10.370323327083343,11.003593247944716,"rgba(239, 83, 80, 1.0)",0.0,0.0,0.7502726231347353,8.15361183102596,-7.095569886027865,0.0,0.0,0.0,0.0,0.0,0.0,0.0,0.0,24.02238520339168,-21.835347062811053,False,True,False,True,False,0.0,0,0.9133892950444521,1.0321746086393002,False,False,False,False,-0.34282825441539394,-0.34225508278198813,False,False,False,False,255737533,256900298.2161243,False,False,False,False,1460639.0102679026,False,False,False,False
2025-03-04 00:00:00+00:00,2.88,2.95,2.7,2.81,584251,,,,,8.651850276482525,8.331472894311657,8.27309072879309,8.015785357514991,8.814425013436942,9.65663536267321,,,,,3.583110501556623,3.983288521575823,4.891784580260549,4.843112131361217,6.0982991186386375,8.13312822077198,,,4.8818796356864445,10.030806189172644,10.071860487767182,10.36519330448461,10.998081822783918,"rgba(239, 83, 80, 1.0)",0.0,0.0,0.7501381734692307,7.788439873875463,-6.543381002962381,0.0,0.0,0.0,0.0,0.0,0.0,0.0,0.0,23.500165328118825,-22.3270308833727,False,True,False,True,False,0.0,0,0.9032227182489696,1.0431056201062148,False,False,False,False,-0.34282825441539394,-0.34254166859869106,False,False,False,False,256321784,256877611.38411942,False,False,False,False,1426270.8530024947,False,False,False,False
2025-03-05 00:00:00+00:00,3.04,3.1192,2.8701,2.94,449145,,,,,8.64588162969484,8.326693062431156,8.268430241806987,8.011704269069604,8.810664764873822,9.65278904816454,,,,,3.556445004648336,3.961086754811455,4.880354743223605,4.833474263595421,6.091991698589485,8.128723173646794,,,4.86223021301222,10.027104385457616,10.068142367075788,10.36134148942966,10.993936324072383,"rgba(239, 83, 80, 0.75)",0.0,0.0,0.7586473738531738,7.7865935224891825,-6.256653204216882,0.0,0.0,0.0,0.0,0.0,0.0,0.0,0.0,26.165670203028778,-22.3270308833727,False,True,False,True,True,0.0,0,0.920418328207259,1.0360412855890593,False,False,False,False,-0.3026166209222986,-0.3225791447604948,False,False,False,False,256770929,256873427.76121277,False,False,False,False,1387952.1921004362,False,False,False,False
2025-03-06 00:00:00+00:00,2.95,3.04,2.9101,3.0,295848,,,,,8.641927037818764,8.323523851399885,8.265339820733162,8.008996609889953,8.8081722126034,9.650241535139969,,,,,3.538915242448909,3.946370278649949,4.872729949932426,4.827032433280357,6.087793254262361,8.125801365584397,,,4.849215387617792,10.024653218954919,10.065680480442126,10.358791684413296,10.99119335264284,"rgba(239, 83, 80, 0.75)",0.0,0.0,0.7728481780549078,7.783535757568586,-6.2541853559563965,0.0,0.0,0.0,0.0,0.0,0.0,0.0,0.0,27.23623955068646,-22.3270308833727,False,True,False,True,True,0.0,0,0.935778732931758,1.0278740634612522,False,False,False,False,-0.30721190475140153,-0.3148955247559482,False,False,False,False,256475081,256857806.3195966,False,False,False,False,1345124.5767239486,False,False,False,False
2025-03-07 00:00:00+00:00,3.13,3.1501,2.96,3.0,416498,,,,,8.636480038170717,8.319162808636237,8.261088121864356,8.005275227423548,8.804734783014897,9.646719166723642,,,,,3.5204840531160873,3.928688576055265,4.862730265658557,4.818586459577457,6.082115655206563,8.121783851874422,,,4.832277990817336,10.02126068823318,10.062272787106377,10.355260009991785,10.987389437543385,"rgba(239, 83, 80, 0.75)",0.0,0.0,0.7826021966584852,7.780465179529929,-5.942310409281046,0.0,0.0,0.0,0.0,0.0,0.0,0.0,0.0,30.98538028701276,-23.604903388613707,False,True,False,True,True,0.0,0,0.9417385513620666,1.0129263394816044,False,False,False,False,-0.28853239440938316,-0.30171395958266567,False,False,False,False,256891579,256859130.73843595,False,False,False,False,1308707.8482249703,False,False,False,False
2025-03-10 00:00:00+00:00,2.835,3.11,2.78,3.05,394555,,,,,8.631170696215916,8.314903037211934,8.25693358288913,8.001632367008014,8.801384703386525,9.643298697839699,,,,,3.4980458835600015,3.9093347615535254,4.852457247338197,4.809877663344265,6.0764504270123725,8.117854485509069,,,4.8149861832189655,10.017970525493784,10.058968383372862,10.351838675828207,10.98371112924793,"rgba(239, 83, 80, 0.75)",0.0,0.0,0.8012361620670145,7.775091446270873,-6.165587226525716,0.0,0.0,0.0,0.0,0.0,0.0,0.0,0.0,31.06531945429289,-23.56509758138107,False,True,False,True,True,0.0,0,0.9218438334904409,1.0370027029419884,False,False,False,False,-0.31428180917272786,-0.30799788437769676,False,False,False,False,256497024,256844930.4741836,False,False,False,False,1272858.7169220303,False,False,False,False
2025-03-11 00:00:00+00:00,2.86,2.9101,2.79,2.83,263268,,,,,8.62759951917032,8.312035561660299,8.254136587901954,7.999178351744366,8.799130639226927,9.640999699557586,,,,,3.4826548024205555,3.896137177467086,4.845470295658264,4.8039440271914,6.072616132868517,8.115208267867184,,,4.803292363216954,10.015759887195204,10.056748271858362,10.349540683370924,10.981241936142343,"rgba(239, 83, 80, 0.75)",0.0,0.0,0.8166490088282111,7.771259947512921,-6.013917722817006,0.0,0.0,0.0,0.0,0.0,0.0,0.0,0.0,31.514723784419118,-23.05239130558518,False,True,False,True,True,0.0,0,0.9085131687178116,1.0487454746449136,False,False,False,False,-0.33682600294653997,-0.32241194366211834,False,False,False,False,256760292,256841611.31833327,False,False,False,False,1233266.9241015585,False,False,False,False
2025-03-12 00:00:00+00:00,2.88,2.99,2.845,2.86,287111,,,,,8.623744726340277,8.30894136951231,8.251118711079137,7.996531579897742,8.796695711566752,9.638513324151717,,,,,3.4679965252280747,3.8828096460184165,4.83810208872013,4.797684111087429,6.068511871021866,8.112353713811821,,,4.79103090301113,10.013367964355913,10.054345997480366,10.347053428068229,10.978567924026311,"rgba(239, 83, 80, 0.75)",0.0,0.0,0.8320683443961977,7.76755027500118,-5.873976949030432,0.0,0.0,0.0,0.0,0.0,0.0,0.0,0.0,32.15175127427021,-22.297625447339847,False,True,False,True,True,0.0,0,0.9000441466563099,1.11458571995373,False,False,False,False,-0.32077852446078586,-0.3215952340614521,False,False,False,False,257047403,256849681.58035943,False,False,False,False,1196162.7702152228,False,False,False,False
2025-03-13 00:00:00+00:00,2.77,2.95,2.74,2.93,247706,,,,,8.620373791447332,8.306232743928845,8.248476408969822,7.994212192516523,8.794566301096316,9.63634260944869,,,,,3.454113996665342,3.8706211870865133,4.831512410222053,4.792075355059586,6.064884529430346,8.109853290670282,,,4.780107807141594,10.011280956408369,10.052250097661851,10.344884380962792,10.97623805966617,"rgba(239, 83, 80, 0.75)",0.0,0.0,0.847532720151981,7.76395644002344,-5.892346479706313,0.0,0.0,0.0,0.0,0.0,0.0,0.0,0.0,31.650708406959932,-22.297625447339847,False,True,False,True,True,0.0,0,0.831988601150311,1.1506235193948415,False,False,False,False,-0.3380341441891044,-0.3298146891252782,False,False,False,False,256799697,256847721.4007375,False,False,False,False,1158968.3870695278,False,False,False,False
2025-03-14 00:00:00+00:00,2.86,2.93,2.79,2.83,229354,,,,,8.617277591316059,8.30374544498369,8.24605017117916,7.99208308352893,8.79260919768926,9.634345737553874,,,,,3.4425580664319337,3.8600026604983704,4.825569771185866,4.787015191488512,6.061574457767053,8.107557714734572,,,4.7703055758085515,10.009360392298232,10.050321288176416,10.342887817993608,10.974092569862322,"rgba(239, 83, 80, 0.75)",0.0,0.0,0.8620044104412178,7.760888158532323,-5.685456012949863,0.0,0.0,0.0,0.0,0.0,0.0,0.0,0.0,32.92503098567295,-21.234273850714064,False,True,False,True,True,0.0,0,0.8462959641255607,1.1309715994020928,False,False,False,False,-0.3344483724226361,-0.3321315307739572,False,False,False,False,257029051,256854832.36541444,False,False,False,False,1122512.9209099384,False,False,False,False
2025-03-17 00:00:00+00:00,2.98,3.025,2.84,2.84,262715,,,,,8.613789468310326,8.300945328468764,8.243319240119186,7.989688390134979,8.790402361880727,9.632089660084992,,,,,3.431786761455184,3.849160992009989,4.819110545506714,4.781515672438224,6.05789568612009,8.1049749193935,,,4.759713344493699,10.007188902390363,10.048140318407349,10.340629132286972,10.97166313715682,"rgba(239, 83, 80, 0.75)",0.0,0.0,0.8700527477114797,7.757851122631837,-5.491449955418372,0.0,0.0,0.0,0.0,0.0,0.0,0.0,0.0,35.76615145739029,-18.426551545179727,False,True,False,True,True,0.0,0,0.8446343222462626,1.1219700025670174,False,False,False,False,-0.31723164743535903,-0.3246815891046581,False,False,False,False,257291766,256871967.01775113,False,False,False,False,1088795.3553840586,False,False,False,False
2025-03-18 00:00:00+00:00,2.84,2.95,2.84,2.93,255738,,,,,8.610355200993146,8.298185928810643,8.24062759378691,7.9873263691914245,8.788229400479606,9.629871427182863,,,,,3.420254253255067,3.838031954364802,4.812626170157545,4.775985655971217,6.054240612471255,8.102428291053693,,,4.749116749315279,10.005054915831913,10.045997138107708,10.338410453059087,10.969278524460348,"rgba(239, 83, 80, 0.75)",0.0,0.0,0.8817151590157322,7.754576864323752,-5.573882692240367,0.0,0.0,0.0,0.0,0.0,0.0,0.0,0.0,36.19285096364083,-17.942139529783546,False,True,False,True,True,0.0,0,0.8289081464525137,1.1415347076358058,False,False,False,False,-0.32611354312822627,-0.3253975661164422,False,False,False,False,257036028,256878400.78176087,False,False,False,False,1056126.4394866445,False,False,False,False
2025-03-19 00:00:00+00:00,2.95,3.02,2.87,2.88,337456,,,,,8.605885090100163,8.29459604686168,8.237126289878036,7.984255574931332,8.785398461440723,9.626976930085432,,,,,3.4076181283598785,3.8247720899014963,4.804442748611243,4.769004671189767,6.0495364032345,8.099116674389236,,,4.735831263394383,10.00226862591644,10.043198682914305,10.335512285084919,10.966161285623018,"rgba(239, 83, 80, 0.5)",0.0,0.0,0.8923781972142564,7.750688362057393,-5.379656716226077,0.0,0.0,0.0,0.0,0.0,0.0,0.0,0.0,38.241621337211086,-15.909161042286769,False,False,False,True,True,0.0,0,0.8308578629939689,1.128557283026632,False,False,False,False,-0.31428180917272786,-0.31983968764458504,False,False,False,False,257373484,256897815.80992714,False,False,False,False,1027943.2849969722,False,False,False,False
2025-03-20 00:00:00+00:00,2.89,2.9912,2.88,2.97,191253,,,,,8.603343044478619,8.292553638401207,8.235134141309782,7.982507798686089,8.783788033819901,9.625331142525967,,,,,3.4003602452762682,3.8172111554812562,4.799771462813117,4.765015119332469,6.046854097257657,8.097232147166766,,,4.728279042752104,10.000684598928212,10.041607772503298,10.333864923300196,10.964389884502697,"rgba(239, 83, 80, 0.5)",0.0,0.0,0.9034682921782466,7.748407851737786,-5.377507870280923,0.0,0.0,0.0,0.0,0.0,0.0,0.0,0.0,38.929714836263656,-15.174075745164672,False,False,False,True,True,0.0,0,0.796655886418229,1.1791086836914075,False,False,False,False,-0.31525456653033695,-0.317547127087461,False,False,False,False,257182231,256908969.34679273,False,False,False,False,995131.9012716007,False,False,False,False
2025-03-21 00:00:00+00:00,2.95,2.998,2.83,2.9,286598,,,,,8.599541719779975,8.289499123776446,8.232154786443251,7.979893859150498,8.781378720967425,9.62286845374549,,,,,3.390002347846607,3.80618391998045,4.792835342785229,4.759086848867158,6.04285036824731,8.094413748427108,,,4.71711342265534,9.998314092431068,10.039226952193367,10.331399538869036,10.96173869679692,"rgba(239, 83, 80, 0.5)",0.0,0.0,0.9114812615224828,7.745027395390115,-5.260697721180568,0.0,0.0,0.0,0.0,0.0,0.0,0.0,0.0,40.386826779786404,-13.69176242101419,False,False,False,True,True,0.0,0,0.7912898077069243,1.1687107450579366,False,False,False,False,-0.3202244380896427,-0.3188857825885518,False,False,False,False,257468829,256930924.62731066,False,False,False,False,967346.2580844791,False,False,False,False
2025-03-24 00:00:00+00:00,3.07,3.1,2.975,3.03,278308,,,,,8.5959347075662,8.286603866289362,8.229331437840337,7.977419493940629,8.779089835637397,9.62052238534875,,,,,3.3829080570859458,3.797186146897329,4.7865869882217575,4.753748274364357,6.0391244799482235,8.091744522626925,,,4.707133951253479,9.996053465392281,10.036956257414856,10.329046559849909,10.959205037079963,"rgba(239, 83, 80, 0.5)",0.0,0.0,0.918422698036575,7.742238423516731,-5.087241891457114,0.0,0.0,0.0,0.0,0.0,0.0,0.0,0.0,43.237075185319526,-10.948239612706217,True,False,False,True,True,0.0,1,0.8244996604773761,1.1595829347897515,False,False,False,False,-0.2893695092172848,-0.3041276459029183,False,False,False,False,257747137,256962932.95565143,False,False,False,False,940325.1499243035,False,False,False,False
2025-03-25 00:00:00+00:00,3.28,3.5397,3.08,3.08,1022628,,,,,8.583320289179646,8.276502404390321,8.21948600041935,7.968811794546829,8.771063628777679,9.612245663092473,,,,,3.3770238987034795,3.7763985164539773,4.767274986450324,4.737266747237085,6.026658063284715,8.082448813033755,,,4.676876867850247,9.988059837119247,10.028925246523055,10.320711991173113,10.950204765807996,#000000,0.0,0.0,0.9225383509781807,7.402244431387987,-4.468371886130384,0.0,0.0,0.0,0.0,0.0,0.0,0.0,0.0,47.87125989651791,-6.658093214457779,True,False,False,False,True,0.0,0,0.8277976716876642,1.093212230163678,False,False,False,False,-0.22309318217787846,-0.26361041404039837,False,False,False,False,258769765,257033789.11425334,False,False,False,False,943552.71267237,False,False,False,False
2025-03-26 00:00:00+00:00,3.14,3.25,3.06,3.25,330070,,,,,8.57914644397382,8.273152778287685,8.21622004232703,7.9659512945925055,8.76840721583403,9.609515510911354,,,,,3.3719458197561036,3.7680594534827985,4.760522512374249,4.731480054048254,6.0224386394913285,8.07936236515376,,,4.666353624223832,9.985426099447269,10.026279538355729,10.317968743577135,10.947247462121513,#000000,0.0,0.0,0.9267530259932827,7.397410414197244,-4.593899663434282,0.0,0.0,0.0,0.0,0.0,0.0,0.0,0.0,48.95357853722439,-5.779067924720543,True,False,False,False,True,0.0,0,0.8184564637699031,1.1653590640750962,False,False,False,False,-0.26050395890741485,-0.26205718647390663,False,False,False,False,258439695,257088922.67840028,False,False,False,False,919494.5670773751,False,False,False,False
2025-03-27 00:00:00+00:00,3.09,3.19,3.055,3.13,148998,,,,,8.577251126236346,8.271630842816688,8.214735978660892,7.964650869790397,8.76720072203555,9.608276530144227,,,,,3.369343992485816,3.7641384013079513,4.757420679714473,4.7288186809024175,6.020512622943823,8.077959541520835,,,4.661531772009211,9.984231195953408,10.025079242769575,10.316724473712336,10.945906670835074,#000000,0.0,0.0,0.9319995553581071,7.3952265380507525,-4.6193439828375595,0.0,0.0,0.0,0.0,0.0,0.0,0.0,0.0,48.99774373379215,-5.748296697652478,True,False,False,False,True,0.0,0,0.8014107696280992,1.173973398760331,False,False,False,False,-0.26844377094464633,-0.2652504787092765,False,False,False,False,258290697,257136051.0831689,False,False,False,False,889279.015427282,False,False,False,False
2025-03-28 00:00:00+00:00,2.95,3.0866,2.88,3.06,243822,,,,,8.574073370001853,8.269075002886877,8.212242979784687,7.962463229508274,8.76517885203972,9.60620656368825,,,,,3.362952050965168,3.7564718875457825,4.751941883493061,4.7241084235339725,6.017215510267564,8.075601234990007,,,4.653001168988364,9.982237076052428,10.023076358349439,10.314649868043443,10.943674532536235,#000000,0.0,0.0,0.9379570093388572,7.390569250718654,-4.7342993404875795,0.0,0.0,0.0,0.0,0.0,0.0,0.0,0.0,47.24233481613932,-5.748296697652478,True,False,False,False,True,0.0,0,0.7785465998661815,1.1738498947402778,False,False,False,False,-0.30284157184798755,-0.284046025278632,False,False,False,False,258046875,257171769.66814268,False,False,False,False,863966.9756066042,False,False,False,False
2025-03-31 00:00:00+00:00,2.95,2.99,2.82,2.99,228647,,,,,8.571068925240517,8.266656874508419,8.209884026002436,7.960392043767559,8.763267027267972,9.60425133612207,,,,,3.3563659517265303,3.7489465555144714,4.746684744510815,4.719583286765465,6.01407718433048,8.073369083005321,,,4.644833379267234,9.98035417917987,10.021185265285697,10.31269162277156,10.941568753623585,#000000,0.0,0.0,0.9430069788600229,7.386214286267507,-4.704328160572399,0.0,0.0,0.0,0.0,0.0,0.0,0.0,0.0,46.072062204370766,-5.748296697652478,True,False,False,False,False,0.0,0,0.759468707333929,1.2129890269186037,False,False,False,False,-0.32121604477888605,-0.302631035028759,False,False,False,False,258046875,257206087.52429396,False,False,False,False,839052.4667592865,False,False,False,False
2025-04-01 00:00:00+00:00,3.0,3.06,2.85,2.94,128918,,,,,8.569391312735059,8.265307166341914,8.208567467233774,7.959236574346086,8.762198853778116,9.603157667142096,,,,,3.353153824268365,3.7450152876340335,4.743814664134445,4.717112484478806,6.012339054212691,8.072123583760439,,,4.640394505473645,9.979300503459305,10.020126958920963,10.311595427381357,10.94038933751102,#000000,0.0,0.0,0.9481870230324708,7.384150271574981,-4.6237189131250584,0.0,0.0,0.0,0.0,0.0,0.0,0.0,0.0,46.136248265963715,-5.748296697652478,True,False,False,False,False,0.0,1,0.7684609002281685,1.1950840074673303,False,False,False,False,-0.2961007637744356,-0.2993658994015973,False,False,False,False,258175793,257244115.19000793,False,False,False,False,811204.056298138,False,False,False,False
2025-04-02 00:00:00+00:00,2.96,3.04,2.92,2.95,254604,,,,,8.56608306680655,8.262645283845476,8.205970951866622,7.956957698028411,8.760091656209001,9.600999891494203,,,,,3.3470183064803467,3.737399625290817,4.738184210788381,4.712262538093091,6.008915948234847,8.069667201089795,,,4.631714157804617,9.977221487237255,10.018038798856606,10.30943246215996,10.93806207211132,"rgba(239, 83, 80, 0.5)",0.0,0.0,0.9539574659613491,7.38031447895154,-4.63365992371261,0.0,0.0,0.0,0.0,0.0,0.0,0.0,0.0,45.59138025056022,-5.748296697652478,True,False,False,True,False,0.0,1,0.8264211457642116,1.1702425717024256,False,False,False,False,-0.27941784840848455,-0.28939187390504095,False,False,False,False,257921189,257270667.10412526,False,False,False,False,789376.6031099757,False,False,False,False
2025-04-03 00:00:00+00:00,2.78,2.835,2.75,2.75,223688,,,,,8.563083722920481,8.260227116707105,8.203611272452617,7.9548829995817725,8.75818245098135,9.5990524039127,,,,2.788333333333333,3.339200282304226,3.729241431703524,4.73275146805467,4.707572762327508,6.005731962130308,8.06743277401588,,,4.623319637673402,9.975347719493753,10.016157069111978,10.307485297657442,10.935971056780058,"rgba(239, 83, 80, 0.5)",0.0,0.0,0.9615760711233907,7.375894752928572,-4.779543596128882,0.0,0.0,0.0,0.0,0.0,0.0,0.0,0.0,42.8741046383513,-2.714964822683264,True,False,False,True,False,0.0,1,0.8244050975527237,1.1462914928010224,False,False,False,False,-0.34282825441539394,-0.3161100641602175,False,False,False,False,257697501,257287405.6882772,False,False,False,False,767192.7363213492,False,False,False,False
2025-04-04 00:00:00+00:00,2.55,2.73,2.45,2.68,511046,,,,,8.555992240279407,8.254497091957445,8.198017548206808,7.9499553763482185,8.75367069520733,9.594469127919588,,,2.576666666666666,2.641108074486821,3.315577061896506,3.7070422215944143,4.719113642515475,4.695771384461811,5.998004267416651,8.062130609077519,,,4.602245622292727,9.970944532745866,10.011735881261908,10.302915391072016,10.93107386615333,"rgba(239, 83, 80, 0.5)",0.0,0.0,0.973749139873277,7.363917130354892,-4.943693332536727,0.0,0.0,0.0,0.0,0.0,0.0,0.0,0.0,38.786599935455556,-6.599208933302769,False,False,False,True,False,0.0,1,0.8031299951674661,1.124679379948701,False,False,False,False,-0.34282825441539394,-0.32946915928780574,False,False,False,False,257186455,257283446.83775654,False,False,False,False,757147.7662695316,False,False,False,False
2025-04-07 00:00:00+00:00,2.4,2.55,2.22,2.39,414006,,,,,8.550080666479476,8.249711244284764,8.193343928569172,7.945831601527985,8.749910172427722,9.590661886739555,,,2.493124206350922,2.550608701707958,3.2929163134596133,3.686807805673969,4.7072396468902085,4.68547257189933,5.991429267778533,8.05769683517381,2.39,,4.583944598701113,9.96729133293508,10.008068236366654,10.299127852399435,10.927022234789913,"rgba(239, 83, 80, 0.5)",0.0,0.0,0.9877494758508308,6.975937372032038,-4.632690255887408,0.0,0.0,0.0,0.0,0.0,0.0,0.0,0.0,34.88105097911753,-10.166314263399727,False,False,False,True,False,0.0,0,0.7958155645356526,1.140291253095961,True,False,False,False,-0.34282825441539394,-0.3361487068515998,False,False,False,False,256772449,257263407.70686415,False,False,False,False,743691.2264158245,False,False,False,False
2025-04-08 00:00:00+00:00,2.39,2.65,2.34,2.55,328669,,,,,8.545448919026143,8.24596275875716,8.189683700048151,7.942603385609738,8.746960774404164,9.587671631936942,,,2.4844405360788673,2.5304516081870356,3.277036147178815,3.6720250742111644,4.698181203849643,4.677609214150411,5.98632770226859,8.054225317481439,2.420978328340122,,4.5700867931222104,9.964420424294236,10.005185828503118,10.296150190298805,10.923834833569881,"rgba(239, 83, 80, 1.0)",0.0,0.0,1.0007413108230017,6.970553445211612,-4.577160346707983,0.0,0.0,0.0,0.0,0.0,0.0,0.0,0.0,32.20143857786404,-12.525168522922542,False,True,False,True,False,0.0,0,0.8300343991428412,1.1129344536551442,False,False,False,False,-0.2937648997536256,-0.31495680330261266,False,False,False,False,256443780,257231265.4438499,True,False,False,False,727415.844987753,False,False,False,False
2025-04-09 00:00:00+00:00,2.7,2.75,2.38,2.39,392205,,,,,8.540067016718357,8.241611789385946,8.185436199544757,7.938861341476982,8.743528723445463,9.58418162742484,,,2.5143598942682317,2.5471391581363854,3.2621977378255083,3.6569705509936976,4.688184824671414,4.668927982858982,5.980517330742402,8.050199267156522,2.486302631115184,,4.554943765616487,9.961065823875863,10.001817416318094,10.292667826781612,10.920101758197577,"rgba(239, 83, 80, 0.5)",0.0,0.0,1.0090400486781441,6.96730646002262,-4.229075412430704,0.0,0.0,0.0,0.0,0.0,0.0,0.0,0.0,35.85135104151336,-12.525168522922542,False,False,False,True,True,0.0,0,0.8469423759029882,1.0753588738880946,False,False,False,False,-0.2632570760718196,-0.2891069396872161,False,False,False,False,256835985,257215764.24997345,False,False,False,False,714270.3216548999,False,False,False,False
2025-04-10 00:00:00+00:00,2.54,2.64,2.5,2.59,177180,,,,,8.537618449671045,8.239630994056775,8.18350230714048,7.93715673596599,8.74196691190416,9.582594854994788,,,2.5187954640779706,2.5482524523718557,3.255211290855714,3.649990533152135,4.683592344800121,4.664935406664277,5.977860186226317,8.048365738405847,2.4962546910964436,,4.548005410210233,9.959541073671542,10.00028644390418,10.291085459541096,10.918406287004744,"rgba(239, 83, 80, 0.5)",0.0,0.0,1.0200248539713517,6.964790494325439,-4.337924195766424,0.0,0.0,0.0,0.0,0.0,0.0,0.0,0.0,36.668662615538636,-12.525168522922542,False,False,False,True,True,0.0,0,0.8448614567157477,1.090890381485154,False,False,False,False,-0.2610967841953483,-0.2751018619412822,False,False,False,False,256658805,257193922.7107588,False,False,False,False,693207.9560998058,False,False,False,False
2025-04-11 00:00:00+00:00,2.61,2.62,2.49,2.59,160029,,,,,8.535413555451717,8.237847323288578,8.181760896422285,7.935621879694736,8.740560002443397,9.58116501786807,,,2.523196395269779,2.550071206435677,3.2491383043386732,3.6438382794506428,4.679487355388637,4.661365042233658,5.975473147133638,8.046714767858754,2.5046338162977917,,4.54182179081565,9.958166939493154,9.998906687744395,10.289659285630474,10.916877970021023,"rgba(239, 83, 80, 0.5)",0.0,0.0,1.0294314533438806,6.962587772397147,-4.228147253766851,0.0,0.0,0.0,0.0,0.0,0.0,0.0,0.0,38.268418113056924,-17.65373351405553,True,False,False,True,True,0.0,0,0.8386749513682981,1.0926929687057356,False,False,False,False,-0.26758489794357004,-0.27134337994242613,False,False,False,False,256818834,257179213.3495526,False,False,False,False,672298.9774292251,False,False,False,False
2025-04-14 00:00:00+00:00,2.65,2.68,2.57,2.65,155299,,,,,8.53329690735321,8.236135769364633,8.180090058369805,7.934149885881254,8.739208567730161,9.579789875710615,,,2.5311948447633483,2.555545320408232,3.243861495820191,3.6382656065902963,4.6756319904160994,4.658011070802685,5.9732006572937175,8.045131099795995,2.5169154026779923,,4.536039638991384,9.956844740099172,9.997579018495525,10.288286527044097,10.915406022564955,"rgba(239, 83, 80, 0.5)",0.0,0.0,1.0353521053238668,6.960883106770891,-4.163687971081501,0.0,0.0,0.0,0.0,0.0,0.0,0.0,0.0,39.94433044469605,-16.017622852673725,True,False,False,True,True,0.0,0,0.8436611385713467,1.0879406095536175,False,False,False,False,-0.23290798236058047,-0.2521256811515033,False,False,False,False,256974133,257171170.98290348,False,False,False,False,652024.4685104319,False,False,False,False
2025-04-15 00:00:00+00:00,2.6,2.69,2.58,2.67,116180,,,,,8.531711742013023,8.234853746151412,8.17883850116157,7.933047137439672,8.73819628815981,9.57876000004518,,,2.535942730477737,2.5587231459281394,3.239908947374529,3.6340955990676505,4.672743182220386,4.6554968351652315,5.971497531222073,8.04394476704772,2.5240063995209816,,4.531714224554666,9.955854557632621,9.996584746761839,10.287258539801364,10.914303863759033,"rgba(239, 83, 80, 0.5)",0.0,0.0,1.0422945581564413,6.959503406598175,-4.182602098881767,0.0,0.0,0.0,0.0,0.0,0.0,0.0,0.0,40.46730731043255,-15.400257627389237,True,False,False,True,True,0.0,0,0.8665608240236985,1.0727603632209723,False,False,False,False,-0.22846229099754453,-0.2402939860745239,False,False,False,False,256857953,257158887.92475042,False,False,False,False,631010.9599413954,False,False,False,False
2025-04-16 00:00:00+00:00,2.51,2.6,2.44,2.58,136087,,,,,8.529822543939812,8.233324266927225,8.177345077344881,7.931730082269075,8.736990308162323,9.577535552639658,,,2.534845470010678,2.5565339766448933,3.234552750791961,3.6287435528114695,4.669194132232777,4.652405516611311,5.969441296489327,8.04252848909721,2.5234750029482353,,4.526390677157429,9.954678183747918,9.995403607745086,10.286038007253136,10.91299662222031,"rgba(239, 83, 80, 0.5)",0.0,0.0,1.0316833179251568,6.957199922202743,-4.310625019261351,0.0,0.0,0.0,0.0,0.0,0.0,0.0,0.0,39.77276086097281,-15.400257627389237,True,False,False,True,True,0.0,0,0.8437671953585806,1.0851924432130824,False,False,False,False,-0.28017506156036365,-0.2602345238174438,False,False,False,False,256721866,257141749.81005433,False,False,False,False,611602.1771985956,False,False,False,False
2025-04-17 00:00:00+00:00,2.57,2.6,2.465,2.48,133776,,,,,8.527975329198926,8.231829006092836,8.175885126407437,7.930442788146202,8.735810661294122,9.576337140581085,,,2.5353835744987965,2.555972522270921,3.2295690549367917,3.623664905416551,4.665762493610049,4.649415589951936,5.96743893182227,8.041144104194835,2.5249051627131327,,4.521258270132967,9.953526552992862,9.994247287494066,10.284842949262742,10.91171631162038,"rgba(239, 83, 80, 0.5)",0.0,0.0,1.012534604021474,6.9551353005442325,-4.330849813061039,0.0,0.0,0.0,0.0,0.0,0.0,0.0,0.0,40.38571813593038,-15.08551113309921,True,False,False,True,True,0.0,0,0.8423952373141387,1.0889240536863538,False,False,False,False,-0.2744875324658039,-0.2673610281416238,False,False,False,False,256855642,257130529.89593458,False,False,False,False,592863.8957398272,False,False,False,False
2025-04-21 00:00:00+00:00,2.52,2.57,2.49,2.54,112910,,,,,8.526412350169075,8.230563516795238,8.174649473277219,7.929353064104094,8.734812414654966,9.575323334732486,,,2.53501039223039,2.5548159904930836,3.225307264845232,3.6193430791584147,4.662849765023314,4.646876690465857,5.965741668226727,8.039972298415906,2.52499869964413,,4.516907053442621,9.952552424215664,9.993269204818835,10.283832191605304,10.91063363787603,"rgba(239, 83, 80, 0.5)",0.0,0.0,0.9976346891470736,6.95332202024087,-4.443833066822418,0.0,0.0,0.0,0.0,0.0,0.0,0.0,0.0,40.15878061092194,-15.0226598938765,True,False,False,True,True,0.0,0,0.8423211449838758,1.098559027270336,False,False,False,False,-0.2747705760024666,-0.2710658020720452,False,False,False,False,256742732,257115322.1353097,False,False,False,False,574042.1743382654,False,False,False,False
2025-04-22 00:00:00+00:00,2.73,2.77,2.5207,2.58,237652,,,,,8.523205746211444,8.227970311061151,8.172118045404218,7.927123183245474,8.732762054523953,9.573234888738542,,,2.546463515381878,2.5639233870769083,3.218354879980813,3.611564997377608,4.6571647381597785,4.641921511573214,5.96232710881644,8.037573191322105,2.539934223775902,,4.508481823174855,9.950543464635674,9.991251867906474,10.28174588949481,10.908395660881888,"rgba(239, 83, 80, 0.5)",0.0,0.0,0.985825670323543,6.950914402809796,-4.281603258945888,0.0,0.0,0.0,0.0,0.0,0.0,0.0,0.0,43.51890482694077,-11.597374928898752,True,False,False,True,True,0.0,0,0.8542644700393646,1.0745784127909803,False,False,False,False,-0.22237707727140218,-0.24672143967172372,False,False,False,False,256980384,257110030.44372892,False,False,False,False,560850.4027955884,False,False,False,False
2025-04-23 00:00:00+00:00,2.92,2.97,2.7801,2.8,320700,,,,2.8900333333333332,8.519044074538554,8.224610968062104,8.1688400327861,7.92424092719321,8.730096158165097,9.570506989354467,,,2.580941562749649,2.5945084704152674,3.21286537748978,3.6036453892722036,4.650375975522418,4.636005095367244,5.958033083832628,8.03446962223341,2.581755312606196,,4.4985606695795095,9.947914818190377,9.988611807420808,10.279012388038863,10.905456881506305,#000000,0.0,0.0,0.9654299327095525,6.949981278009117,-4.174286648331556,0.0,0.0,0.0,0.0,0.0,0.0,0.0,0.0,48.21591039686437,-7.104417087585105,True,False,False,False,True,0.0,0,0.8738642385701211,1.0473093414269887,False,False,False,False,-0.12124896553946964,-0.18398520260559667,False,False,False,False,257301084,257117522.7400533,False,False,False,False,551432.7399408594,False,False,False,False
2025-04-24 00:00:00+00:00,2.98,3.04,2.85,2.91,172364,,,,2.913326836543194,8.516836321871846,8.222829726527433,8.167102124380444,7.922713673119185,8.728680682132282,9.569056382134722,,,2.6001694431949773,2.611887832226318,3.210583602194597,3.5998510914196284,4.646886079652932,4.632962455201714,5.955780181659004,8.032824703531567,2.604373419501256,,4.4934973316511115,9.946516160217573,9.98720699833587,10.27755731175122,10.903891412745995,"rgba(38, 166, 154, 1.0)",0.0,0.0,0.9383745770551698,6.949670478027832,-4.230368740898277,0.0,0.0,0.0,0.0,0.0,0.0,0.0,0.0,52.03870926447613,-3.5940977292409784,True,False,True,False,True,0.0,0,0.9003533911022898,1.0330154427070726,False,False,False,False,-0.09102730048298027,-0.13750625154428847,False,False,False,False,257473448,257131480.59338453,False,False,False,False,536567.2991588649,False,False,False,False
2025-04-25 00:00:00+00:00,2.99,3.0283,2.94,2.98,158112,,,,2.9309968833822704,8.514823371376703,8.22120595327646,8.16551793442448,7.921321824925592,8.727389473661901,9.567732199140442,,,2.6174741884239427,2.6276662228329637,3.2087644664057153,3.5965669500257764,4.643752898828712,4.630229913697691,5.953736786645365,8.03132547636742,2.6243907230407317,,4.4889702102786115,9.945239043500557,9.985924232938633,10.276228421913453,10.90246124413377,"rgba(38, 166, 154, 1.0)",0.0,0.0,0.9046036512099614,6.949415173968966,-4.376961300866972,0.0,0.0,0.0,0.0,0.0,0.0,0.0,0.0,54.706734339713165,-1.208940875217408,True,False,True,False,True,0.0,0,0.9141137855579868,1.025662316348859,False,False,False,False,-0.07418825293103504,-0.10584725223766175,False,False,False,False,257631560,257151091.5505067,False,False,False,False,521725.9148781251,False,False,False,False
2025-04-28 00:00:00+00:00,2.97,3.03,2.89,2.95,137780,,,,2.9366439867369034,8.513063247085487,8.219785655848497,8.164132184414491,7.920104005483735,8.726260318235111,9.566574740312218,,,2.630479793777011,2.6395623096499037,3.207043487811455,3.5936279841811007,4.64099487850614,4.6278232691013095,5.951944805416909,8.030013872470912,2.6392020989450407,,4.484987929968871,9.944122896805592,9.98480317023609,10.275067196942501,10.90121182261735,"rgba(38, 166, 154, 1.0)",0.0,0.0,0.8599533823623546,6.949003174494711,-4.626998690980317,0.0,0.0,0.0,0.0,0.0,0.0,0.0,0.0,56.101413124624784,0.03740272441251591,True,False,True,False,True,0.0,0,0.8934312912272386,1.0474977287988307,False,False,False,False,-0.08456999001089917,-0.09520862112428047,False,False,False,False,257493780,257164530.31323195,False,False,False,False,506669.21233388496,False,False,False,False
2025-04-29 00:00:00+00:00,2.94,3.039,2.9,2.98,108538,,,,2.939428223327027,8.51167655627633,8.218666558063239,8.163040292181359,7.9191443641081944,8.72537055697489,9.565662716449651,,,2.6399506943124598,2.648256395062569,3.2056845234076277,3.5913185583878806,4.638823844046124,4.625928125655325,5.950532930252896,8.028980369886542,2.6498667384948438,,4.481857921550992,9.943243427182423,9.983919829366277,10.274152227806653,10.900227396816787,"rgba(38, 166, 154, 1.0)",0.0,0.0,0.8351797670321538,6.948618285039973,-4.799707132854481,0.0,0.0,0.0,0.0,0.0,0.0,0.0,0.0,56.42881818990327,0.40295822225584743,True,False,True,False,True,0.0,0,0.8818573784498002,1.0538456953247628,False,False,False,False,-0.07466161726260642,-0.08493511919344345,False,False,False,False,257385242,257173185.67349738,False,False,False,False,491056.2236149091,False,False,False,False
2025-04-30 00:00:00+00:00,2.91,2.92,2.81,2.91,174590,,,,2.9297502750406377,8.509415445711225,8.21684016514613,8.161258001338076,7.917576717309122,8.72392012967545,9.564178512689313,,,2.650568607227762,2.6579571741163366,3.202831778715605,3.5871746941902525,4.63517821071939,4.622743368966581,5.948204216265813,8.027292689195807,2.6615600055916477,,4.476587873709043,9.941813078199084,9.982483277444807,10.272664899286093,10.89862851772887,"rgba(38, 166, 154, 1.0)",0.0,0.0,0.8080416656026952,6.947505697619988,-4.996655332876341,0.0,0.0,0.0,0.0,0.0,0.0,0.0,0.0,56.02577512250787,0.40295822225584743,True,False,True,False,True,0.0,0,0.8724091843044943,1.0589479143808973,False,False,False,False,-0.11349857536944967,-0.09921684728144656,False,False,False,False,257210652,257174654.94120336,False,False,False,False,478645.783473148,False,False,False,False
2025-05-01 00:00:00+00:00,2.97,3.03,2.94,2.94,123552,,,2.9799999999999995,2.934942870461133,8.507844828494832,8.215572641639266,8.16002132339368,7.916489941179166,8.722911698017196,9.563144292875911,,,2.660567417606826,2.6672225844283153,3.201459034564579,3.584681829489307,4.632753894621581,4.620625545376039,5.946612031145289,8.026122227444686,2.6726128142380374,,4.473111605708725,9.940815542658237,9.981481333036264,10.271626956594437,10.897511530880024,"rgba(38, 166, 154, 1.0)",0.0,0.0,0.7494507778934649,6.947045204525141,-5.306612951558616,0.0,0.0,0.0,0.0,0.0,0.0,0.0,0.0,56.75749509105228,1.1051958464044347,True,False,True,False,True,0.0,0,0.8852612871662774,1.0420335869326465,False,False,False,False,-0.041077469361492445,-0.0701471583214695,False,False,False,False,257334204,257180911.76703852,False,False,False,False,464720.53706243634,False,False,False,False
2025-05-02 00:00:00+00:00,3.01,3.07,2.96,3.0,177751,,,2.9996647007608064,2.945088578237598,8.505600403727925,8.213761768193475,8.158254625038193,7.914937815901978,8.721469932251363,9.561664488990514,,,2.6753268824736502,2.680979284666417,3.1998063470826437,3.5813268436483714,4.629348619370804,4.617649959997668,5.944350094908709,8.024450384194132,2.6888175921813318,,4.468249646455266,9.939387786000877,9.980047225250093,10.270141038042246,10.89591186725557,"rgba(38, 166, 154, 1.0)",0.0,0.0,0.7127080255942022,6.946478761080118,-5.52326986608321,0.0,0.0,0.0,0.0,0.0,0.0,0.0,0.0,57.897711709493066,2.4555063994330197,True,False,True,False,True,0.0,0,0.8984096628082535,1.0324006039255158,False,False,False,False,-0.006420346860276552,-0.03828375259087303,False,False,False,False,257511955,257193893.85460564,False,False,False,False,453466.82972665457,False,False,False,False
2025-05-05 00:00:00+00:00,2.89,2.99,2.82,2.99,144435,,,2.967369785240059,2.9407979771013992,8.503740397634923,8.212259188817372,8.156788349973937,7.913648185521428,8.720275683983253,9.560441735744776,,,2.682714018495008,2.687831644950951,3.197681368037203,3.5780913674324073,4.626398809030095,4.615069959387297,5.942443712705214,8.023062011234265,2.696675290467646,,4.464016861124704,9.938209091295954,9.97886339794643,10.268915224470458,10.894593825907709,"rgba(38, 166, 154, 1.0)",0.0,0.0,0.6595562048863234,6.945503851659372,-6.148837387343435,0.0,0.0,0.0,0.0,0.0,0.0,0.0,0.0,55.97201154789981,2.4555063994330197,True,False,True,False,True,0.0,0,0.8968625447112928,1.03791517629024,False,False,False,False,-0.00850140588117497,-0.023392579236024,False,False,False,False,257367520,257200702.7230525,False,False,False,False,441347.93444325635,False,False,False,False
2025-05-06 00:00:00+00:00,2.86,2.88,2.8074,2.85,79691,,,2.94943704629931,2.9362253400546146,8.502705369888725,8.211422580050787,8.155971868112111,7.912929708690703,8.719611218770908,9.559762131448831,,,2.685679243185248,2.690568790592758,3.196323622981693,3.5761864083222834,4.624727748646244,4.613607656563044,5.941375332860267,8.022288705541476,2.699742188231782,,4.461615581045641,9.937554224802723,9.978205706714276,10.268234397511078,10.89386216596863,"rgba(38, 166, 154, 0.75)",0.0,0.0,0.6044623327622493,6.944843224326594,-6.757812692248053,0.0,0.0,0.0,0.0,0.0,0.0,0.0,0.0,54.07121810321267,2.4555063994330197,True,False,True,False,False,0.0,0,0.9104400058196329,1.0214079354852121,False,False,False,False,-0.0026583105642372,-0.0130254449001306,False,False,False,False,257287829,257204119.43979555,False,False,False,False,427165.3095631287,False,False,False,False
2025-05-07 00:00:00+00:00,2.86,2.9,2.81,2.88,62073,,,2.9396353166457305,2.933249630731199,8.501900501343153,8.210772023889596,8.155336969744512,7.91237104551081,8.719094421036724,9.559233462833804,,,2.688019834157547,2.6927355655530296,3.1952961419618466,3.574724782573368,4.623433813192877,4.6124751706417735,5.940545686563773,8.021687398489046,2.702163110786027,,4.459758830486383,9.937044761318873,9.977694042458385,10.267704711983413,10.89329288639811,"rgba(38, 166, 154, 0.75)",0.0,0.0,0.5525373494517782,6.944337626865194,-7.391966589982797,0.0,0.0,0.0,0.0,0.0,0.0,0.0,0.0,52.80402247342124,2.4555063994330197,True,False,True,False,False,0.0,0,0.9291759229874117,1.0011530730984877,False,False,False,False,0.0054057578610957596,-0.00380984351951742,False,False,False,False,257287829,257207402.16764674,False,False,False,False,412847.9640900648,False,False,False,False
2025-05-08 00:00:00+00:00,3.01,3.05,2.8715,2.88,191342,,,2.9488558069823134,2.937789609320298,8.499473839628255,8.208812768513978,8.153425317808209,7.910690751744247,8.717534681346939,9.557633638082649,,,2.6997266305075764,2.703731001749954,3.1932809136025577,3.5710062619356395,4.61972833207604,4.609232365540538,5.938090900249186,8.01987795364714,2.7146472665719394,,4.45449046836371,9.935501504302694,9.976143965081064,10.266098956126125,10.891564875258469,"rgba(38, 166, 154, 0.75)",0.0,0.0,0.5220347663843617,6.943361719417472,-7.5346738813204475,0.0,0.0,0.0,0.0,0.0,0.0,0.0,0.0,54.89095021359401,2.4555063994330197,True,False,True,False,False,0.0,0,0.9284525439797746,0.9794058780153797,False,False,False,False,0.08104899243502794,0.03861957445775526,False,False,False,False,257479171,257218059.7689155,False,False,False,False,404161.45569437597,False,False,False,False
2025-05-09 00:00:00+00:00,3.03,3.1,2.97,3.04,217694,,,2.9673099458324717,2.947844271532773,8.496743618364896,8.206609375954168,8.151275686239362,7.908802183816863,8.715778514376993,9.555829955384402,,,2.714416994099447,2.717616738899063,3.19161718428536,3.5672263607539363,4.615676223782964,4.605684991483475,5.935355861892167,8.017843798377898,2.7302985344166664,,4.448768045980417,9.933760704748885,9.97439538834073,10.264286983375744,10.889613741901218,"rgba(38, 166, 154, 1.0)",0.0,0.0,0.4981601555295462,6.94248609419071,-7.853871994302159,0.0,0.0,0.0,0.0,0.0,0.0,0.0,0.0,56.62722674976557,2.4555063994330197,True,False,True,False,True,0.0,0,0.9454263731566575,0.9791087839281899,False,False,False,False,0.13466716570446163,0.08664337008110845,False,False,False,False,257696865,257236836.44464433,False,False,False,False,396849.00645145925,False,False,False,False
2025-05-12 00:00:00+00:00,3.12,3.18,3.04,3.13,299186,,,3.001027121105009,2.968754755171591,8.49305068628245,8.203631001631633,8.14837043462467,7.906251580870255,8.713400664632742,9.553383089153195,,,2.737181378387226,2.739274491940507,3.1905138490706486,3.5628829122304104,4.610420752344556,4.601082393007569,5.931708765999725,8.015095705211012,2.754517357090883,,4.441418533089161,9.931397403327454,9.972021363632727,10.261825728793134,10.88696108744423,"rgba(38, 166, 154, 1.0)",0.0,0.0,0.4768960545690546,6.941720580966733,-8.0137391457772,0.0,0.0,0.0,0.0,0.0,0.0,0.0,0.0,59.26412760713096,4.1342209989790675,True,False,True,False,True,0.0,0,0.9641652433817252,0.943904782237404,False,False,False,False,0.18962162381148467,0.13813249694629656,False,False,False,False,257996051,257266609.56446218,False,False,False,False,393019.0846298334,False,False,False,False
2025-05-13 00:00:00+00:00,3.14,3.19,3.0,3.01,352272,,,3.024320923999006,2.987047138074371,8.488706299049046,8.200126328789983,8.144951720977215,7.903249801950786,8.71060182285769,9.550502955317123,,,2.7606542592093812,2.761718304937765,3.189199548008383,3.5578370194743845,4.60426604510658,4.59568733404619,5.927421549696674,8.011861752217937,2.779148510416746,,4.432846532033438,9.928615509267638,9.969226852067935,10.258928582732958,10.883838740536897,"rgba(38, 166, 154, 1.0)",0.0,0.0,0.45926228547915093,6.600670672541513,-7.535281650508218,0.0,0.0,0.0,0.0,0.0,0.0,0.0,0.0,61.33495672849811,6.130624481109507,True,False,True,False,True,0.0,0,0.9808772311710928,0.9449825859817154,False,False,False,False,0.17855022046988547,0.15834135870809102,False,False,False,False,258348323,257309029.6991892,False,False,False,False,391421.15974238893,False,False,False,False
2025-05-14 00:00:00+00:00,3.11,3.1798,3.08,3.15,181794,,,3.034151419488939,2.9955808969422293,8.486472593348056,8.19832429719264,8.143193912825243,7.901706452448679,8.709161960820769,9.54902069584598,,,2.77206532944729,2.7726717615785486,3.1886487599558877,3.55535260736653,4.6011375732141415,4.592943121722122,5.9252245690328715,8.010199013672242,2.7910285324714805,,4.428509821223605,9.927183559918833,9.967788390139205,10.257437168194336,10.882231146406916,"rgba(38, 166, 154, 1.0)",0.0,0.0,0.449061333336293,6.600339854973187,-7.772523697468609,0.0,0.0,0.0,0.0,0.0,0.0,0.0,0.0,61.80215488223406,6.651769768324975,True,False,True,False,True,0.0,0,1.0026887074287991,0.9186417048396736,False,False,False,False,0.20438139211491918,0.1813613754115051,False,False,False,False,258166529,257342657.1227504,False,False,False,False,383200.4868113149,False,False,False,False
2025-05-15 00:00:00+00:00,3.03,3.15,2.97,3.12,237684,,,3.035973427412711,2.9997007603405748,8.483515112634269,8.195936199753984,8.140864030951176,7.89965920873961,8.70725587529998,9.547061682658033,,,2.7830487127455643,2.783238204923308,3.187150796590314,3.551603357545018,4.5968653857173685,4.589192535478981,5.922282371872222,8.007994228310142,2.802212834077489,,4.422567139477688,9.925292136235429,9.965888482946532,10.255468163675046,10.880110486784584,"rgba(38, 166, 154, 1.0)",0.0,0.0,0.4389503553149315,6.598160626503224,-8.128847791780906,0.0,0.0,0.0,0.0,0.0,0.0,0.0,0.0,59.827228687800805,6.651769768324975,True,False,True,False,True,0.0,1,0.9714785866402044,0.9402031509583328,False,False,False,False,0.15287969747196112,0.1671205364417331,False,False,False,False,257928845,257365644.88264254,False,False,False,False,377493.95791675354,False,False,False,False
2025-05-16 00:00:00+00:00,3.13,3.15,3.02,3.02,280783,,,3.0436291367881227,3.00793453627382,8.480057610103659,8.193145307462125,8.138141424257654,7.897267876819319,8.705025701395995,9.544766762890818,,,2.797185195894979,2.7968814629944037,3.1860525001958755,3.5476797265331506,4.592010904263945,4.584928452664664,5.918874787258198,8.005418416472581,2.8166680114253424,,4.4158659005431025,9.923075322343514,9.963661628449376,10.253159638433331,10.87762275698644,"rgba(38, 166, 154, 1.0)",0.0,0.0,0.4279161427685536,6.597053645823941,-8.10218007526573,0.0,0.0,0.0,0.0,0.0,0.0,0.0,0.0,60.432686892563325,6.651769768324975,True,False,True,False,True,0.0,1,0.9725938810097224,0.9313732048880565,False,False,False,False,0.1711934361782776,0.16915698631000536,False,False,False,False,258209628,257398742.25979382,False,False,False,False,373701.3713317828,False,False,False,False
2025-05-19 00:00:00+00:00,3.05,3.11,3.0,3.06,124618,,,3.0441181698225748,3.0095304665206757,8.478511214808771,8.19189628358,8.136922826526597,7.896196994696317,8.704028230619443,9.543741376262695,,,2.802157264202678,2.8016918226618976,3.1853143079229778,3.5457808317601005,4.589799373254931,4.582984538160452,5.917340063604152,8.004265210165144,2.82165921106371,,4.412808736826435,9.922085184218108,9.962667044990836,10.252128857494998,10.876512532787624,"rgba(38, 166, 154, 0.75)",0.0,0.0,0.41456666838907413,6.596154384297487,-8.553882052498713,0.0,0.0,0.0,0.0,0.0,0.0,0.0,0.0,58.71697219502968,6.651769768324975,True,False,True,False,False,0.0,1,0.9633991481901851,0.9465764662254037,False,False,False,False,0.14922951062459128,0.15919324846729832,False,False,False,False,258085010,257425654.72019407,False,False,False,False,363933.3959854384,False,False,False,False
2025-05-20 00:00:00+00:00,3.07,3.0966,3.03,3.06,143687,,,3.045294171231817,3.011711994356014,8.476733291407363,8.190460305229658,8.135521854463574,7.8949659432195105,8.7028810463324,9.54256170896029,,,2.807922884771791,2.807277281888,3.1845510275750297,3.5436631919378665,4.587277497100312,4.5807671101475025,5.915580065609917,8.002939482054193,2.8274486759577098,,4.409332232402329,9.92094591685865,9.961522650305827,10.250942726711306,10.875234809188607,"rgba(38, 166, 154, 0.75)",0.0,0.0,0.4015760953755295,6.595256691444263,-8.778552140031287,0.0,0.0,0.0,0.0,0.0,0.0,0.0,0.0,57.98426395731663,6.651769768324975,True,False,True,False,False,0.0,1,0.9888918551878632,0.9440414146924654,False,False,False,False,0.15529103123809349,0.15724213985269592,False,False,False,False,258228697,257457146.5743041,False,False,False,False,355296.28241738194,False,False,False,False
2025-05-21 00:00:00+00:00,2.88,3.0896,2.87,3.0,264559,,,3.0362254550919587,3.007350064888279,8.47339087828644,8.187757116880002,8.13288388697056,7.892645139534964,8.700725489777858,9.540350923280943,,,2.8132933199321326,2.812501586619572,3.1817908010850724,3.538854254584992,4.582294530843046,4.576381933207925,5.9122101349393725,8.000441602839219,2.8324358423993248,,4.402415234954227,9.918812873202059,9.959380220476238,10.248723674161914,10.872847504889954,#000000,0.0,0.0,0.3929373904447003,6.592007110348833,-9.44681570299999,0.0,0.0,0.0,0.0,0.0,0.0,0.0,0.0,53.2805989627205,8.290180009801361,True,False,False,False,False,0.0,1,0.9695116353788954,0.9225455546885757,False,False,False,False,0.09474914356366992,0.12599564170818292,False,False,False,False,257964138,257477028.59099805,False,False,False,False,351737.95761670027,False,False,False,False
2025-05-22 00:00:00+00:00,3.13,3.15,2.8555,2.9,290956,,,3.037045579936006,3.0099425601275107,8.4697851477382,8.184843313476524,8.13004092058802,7.890146132590389,8.69839732408815,9.537957605739633,,,2.8227697978330895,2.8217207522980057,3.1800702649949546,3.5345200668489682,4.577177551000384,4.571876524167959,5.908635750929478,7.997750897558045,2.841802347735842,,4.395393498873633,9.916501670648522,9.957058652992174,10.246317709866858,10.870256311588635,"rgba(38, 166, 154, 0.75)",0.0,0.0,0.3801070617537618,6.59011839456083,-9.103010027217907,0.0,0.0,0.0,0.0,0.0,0.0,0.0,0.0,54.721380169947736,8.290180009801361,True,False,True,False,False,0.0,1,0.9621853953498866,0.9260516904888146,False,False,False,False,0.11130175251954426,0.11864869711386358,False,False,False,False,258255094,257507540.95997852,False,False,False,False,349354.3514356532,False,False,False,False
2025-05-23 00:00:00+00:00,3.05,3.1,3.02,3.05,148191,,,3.0379213129984284,3.011518957481854,8.467954391050908,8.183363828762122,8.128597421259316,7.888877336169127,8.697214679707871,9.536741466285005,,,2.8275392413499327,2.826368530007492,3.179283795257137,3.5323928728578715,4.57460388590911,4.569609193213339,5.906825950970566,7.996384758049693,2.8465150967571953,,4.391875232392365,9.91532708511969,9.955878787410674,10.245094867066161,10.86893915139742,"rgba(38, 166, 154, 0.75)",0.0,0.0,0.3657317113696683,6.5892285798160755,-9.677117049986274,0.0,0.0,0.0,0.0,0.0,0.0,0.0,0.0,54.15965668825756,8.290180009801361,True,False,True,False,False,0.0,1,0.9890807023949431,0.9229259610008786,False,False,False,False,0.15287969747196112,0.13576419729291234,False,False,False,False,258106903,257531045.35370487,False,False,False,False,341465.59255582374,False,False,False,False
2025-05-27 00:00:00+00:00,3.15,3.18,3.03,3.11,290771,,,3.044530519350986,3.0182544502746,8.464407793202751,8.180499188267648,8.125802801766268,7.886422322874498,8.694921649092132,9.534379869229548,,,2.838790535944232,2.8373401519433035,3.178551607809311,3.528821987369528,4.569788883316601,4.565365450354624,5.903360302963749,7.99374073961892,2.8577993552823586,,4.385350288335953,9.913044827226129,9.9535861429784,10.242717819787893,10.86637693453882,"rgba(38, 166, 154, 0.75)",0.0,0.0,0.35264402848696313,6.588191766142136,-9.749751841520952,0.0,0.0,0.0,0.0,0.0,0.0,0.0,0.0,55.32393237079289,8.290180009801361,True,False,True,False,False,0.0,1,0.9867836377551605,0.9136995533623478,False,False,False,False,0.18592617924355606,0.16084518826823418,False,False,False,False,258397674,257565030.7908145,False,False,False,False,339477.56931834045,False,False,False,False
2025-05-28 00:00:00+00:00,3.03,3.1365,3.03,3.11,118682,,,3.045197781031521,3.0194221770632783,8.462946806078204,8.179318296619796,8.12465062812692,7.885409553986293,8.693977116034214,9.533408266167276,,,2.8422954049519995,2.8407675751962014,3.177984568725164,3.5271902538109017,4.567759190018982,4.563575398694879,5.901920579777373,7.992650313888303,2.861239352881562,,4.382592364422671,9.91210626413556,9.952643352385255,10.241740632231899,10.865324264607326,"rgba(38, 166, 154, 0.75)",0.0,0.0,0.3413535986275583,6.587473944963381,-10.421668203489029,0.0,0.0,0.0,0.0,0.0,0.0,0.0,0.0,53.89303978522578,8.290180009801361,True,False,True,False,False,0.0,1,0.9793769348509086,0.9274394945507693,False,False,False,False,0.1699079054129442,0.1653765468405892,False,False,False,False,258278992,257593029.26960608,False,False,False,False,330818.9195411506,False,False,False,False
2025-05-29 00:00:00+00:00,2.98,3.08,2.97,3.08,97302,,,3.0443028779985553,3.019235041597037,8.461737288154136,8.17834004072836,8.123696046105428,7.884569990699947,8.693195339054713,9.53260507710856,,,2.8443944126767526,2.8428264643152126,3.1772966132818943,3.525701230785228,4.566037891279836,4.562056748428451,5.900718230468585,7.991746617135553,2.8632322634136926,,4.380244934021558,9.911330734606171,9.951864366290245,10.240933484411372,10.864455300627377,#000000,0.0,0.0,0.32703468424830956,6.586675974099677,-11.028420371954232,0.0,0.0,0.0,0.0,0.0,0.0,0.0,0.0,52.08848696361892,7.015242256273069,True,False,False,False,False,0.0,1,0.9758410033143555,0.9285161618144652,False,False,False,False,0.12740760508251422,0.1463920759615517,False,False,False,False,258181690,257616114.00413135,False,False,False,False,321661.3932846349,False,False,False,False
2025-05-30 00:00:00+00:00,2.97,3.03,2.919,2.98,144933,,,3.0417011019423845,3.017906546326622,8.459924464564763,8.176873171439949,8.12226455716318,7.883310494665649,8.6920236888646,9.531402295463725,,,2.846748119918153,2.845143421321032,3.1760579410111864,3.5233411407251327,4.563420230688393,4.559746394741242,5.898906263736847,7.990391160001559,2.8653797926386115,,4.376669231004111,9.910169701694317,9.950698194462799,10.239725407731395,10.863155224692461,#000000,0.0,0.0,0.31841280082374207,6.585301019109234,-11.354132150957364,0.0,0.0,0.0,0.0,0.0,0.0,0.0,0.0,50.70960691061381,5.59263977091404,True,False,False,False,False,0.0,1,0.969710021768739,0.9454035365470355,False,False,False,False,0.09093420946883359,0.11866314271519265,False,False,False,False,258036757,257632609.80789092,False,False,False,False,314730.86805778655,False,False,False,False
2025-06-02 00:00:00+00:00,2.96,3.0297,2.9,2.95,113994,,,3.039511928111373,3.0166982529648574,8.458496930960532,8.175717852747255,8.121137074118016,7.882318348845828,8.691100916056989,9.530455174396664,,,2.848401113164704,2.846773787202996,3.175047838022594,3.521466282974581,4.561354794775972,4.557922793419567,5.897477922527463,7.9893234937773325,2.866862732877719,,4.373850098431758,9.909255503394116,9.949779956887935,10.238774225882208,10.862131712886931,#000000,0.0,0.0,0.3071703609519327,6.58419583141995,-11.798650820959512,0.0,0.0,0.0,0.0,0.0,0.0,0.0,0.0,49.60129207102881,4.410681899373671,False,False,False,False,False,0.0,1,0.9664064678003904,0.9422102964408514,False,False,False,False,0.08399484419835906,0.10132899345677586,False,False,False,False,257922763,257643988.36444423,False,False,False,False,306858.8340163047,False,False,False,False
2025-06-03 00:00:00+00:00,2.97,3.02,2.85,2.96,139639,,,3.036443759516917,3.0148523216136596,8.456743989404586,8.174298826163392,8.119752180997333,7.881099455888018,8.689967685765675,9.529292427785082,,,2.8500800789260645,2.848435087497816,3.1737277247160507,3.5191190252225564,4.55880580395135,4.555671461662096,5.8957202753451385,7.98801194585468,2.868317213079591,,4.370371661544177,9.908133297433386,9.94865280768766,10.237606745048668,10.860875676238264,#000000,0.0,0.0,0.28757665647622616,6.2355872850238026,-11.355536729017388,0.0,0.0,0.0,0.0,0.0,0.0,0.0,0.0,49.0876778389045,3.7551336969478015,False,False,False,False,False,0.0,1,0.9664142704510613,0.9441399173131416,False,False,False,False,0.06257759394735449,0.08195329370206517,False,False,False,False,258062402,257660396.74230915,False,False,False,False,300301.19346664567,False,False,False,False
2025-06-04 00:00:00+00:00,3.01,3.03,2.935,2.99,140941,,,3.034998463539698,3.01425146827237,8.4549902738828,8.17287967158068,8.11836727937087,7.879881022123563,8.688833300824884,9.528127276072217,,,2.852480390228779,2.850799664712154,3.1726717045931854,3.516953955817781,4.556312780497156,4.553468882283056,5.8939753996309285,7.986700670744405,2.870545313935884,,4.366988371365272,9.907008314118597,9.947522825841512,10.236436028179343,10.859615538483387,#000000,0.0,0.0,0.26854407261310537,6.235582160432276,-12.011369787630395,0.0,0.0,0.0,0.0,0.0,0.0,0.0,0.0,49.67135608059264,3.7551336969478015,False,False,False,False,False,0.0,1,0.9621075761471751,0.9574557610042311,False,False,False,False,0.09669365133669604,0.08932347251938061,False,False,False,False,258203343,257681688.7524147,False,False,False,False,294051.7741150125,False,False,False,False
2025-06-05 00:00:00+00:00,2.93,3.0404,2.9,3.01,141616,,,3.0325419872825763,3.012793455407155,8.453218054152813,8.171444912328667,8.11696703962225,7.878648636358895,8.687686964954295,9.52695071973079,,,2.8542276233277333,2.8525292899980177,3.1714208637752375,3.5146531316288905,4.553760150540339,4.551212725813684,5.89220324092294,7.985374616627479,2.8720829147335523,,4.363519801276467,9.905872614133829,9.946382112517696,10.235254426009181,10.858344162832303,#000000,0.0,0.0,0.2479624172673679,6.23407965739992,-13.324921146567398,0.0,0.0,0.0,0.0,0.0,0.0,0.0,0.0,48.276231130889684,2.631000924308978,False,False,False,False,False,0.0,1,0.9447881845256185,1.0091533458943658,False,False,False,False,0.17331467559679486,0.13131907405808774,False,False,False,False,258061727,257696592.2131043,False,False,False,False,288073.9006203061,False,False,False,False
2025-06-06 00:00:00+00:00,3.23,3.4186,2.96,2.97,788320,,,3.057892919631064,3.0363213407028815,8.443814373980413,8.163848776880263,8.109557355193132,7.872142106830813,8.681587768922936,9.520653992860053,,,2.883960569118048,2.8817011374865227,3.1724034535805092,3.5076835726242357,4.541864987446205,4.540689637276801,5.883200973342369,7.978366345722652,2.9019440270491645,,4.34784290656611,9.89978102273432,9.940262319911133,10.2289060533033,10.85149455355423,#000000,0.0,0.0,0.23032376354330691,6.240387174926117,-13.07024133599695,0.0,0.0,0.0,0.0,0.0,0.0,0.0,0.0,52.848485656179676,-1.6739026386050284,True,False,False,False,True,0.0,1,0.9559510776800741,0.9302421395863495,False,False,False,False,0.34282816232817537,0.23707361819313155,False,False,False,False,258850047,257741825.73415902,False,False,False,False,307691.3947136274,False,False,False,False
2025-06-09 00:00:00+00:00,3.25,3.3099,3.1701,3.26,307342,,,3.0680634371841426,3.045851674602685,8.440185522345056,8.160917669347901,8.106698369871147,7.869632254259139,8.679231087728057,9.518218188793748,,,2.895524922802464,2.893071888851456,3.173257142065542,3.5053996644543632,4.5374224321605015,4.536754126908166,5.87976031242118,7.975662701680799,2.913550731357017,,4.3420570791945075,9.897423427716673,9.937893719613554,10.226448357260118,10.848841529904364,"rgba(38, 166, 154, 1.0)",0.0,0.0,0.21394671816813732,6.241154937669397,-13.980840478790126,0.0,0.0,0.0,0.0,0.0,0.0,0.0,0.0,56.17186640429092,1.381749873848321,True,False,True,False,True,0.0,1,0.9812821327309732,0.9360110118942577,False,False,False,False,0.3428281677887851,0.28995089299095833,False,False,False,False,259157389,257797338.019094,False,False,False,False,307677.6929601518,False,False,False,False
2025-06-10 00:00:00+00:00,3.71,3.88,3.21,3.21,1187998,,,3.1611078458071384,3.1295668718238265,8.427165501467632,8.150439912092319,8.096486930590146,7.86070220304591,8.670737205917883,9.50935475721611,,,2.973457739264936,2.9696803466848594,3.192227767334371,3.508456828075605,4.525187436395768,4.525897411320401,5.868332575115771,7.966026482642837,2.993283786403631,,4.32732984502482,9.888813704150127,9.929240823237816,10.217449019479922,10.83908402387182,"rgba(38, 166, 154, 1.0)",0.0,0.0,0.2218579003430928,6.004729034310256,-10.34323785973619,0.0,0.0,0.0,0.0,0.0,0.0,0.0,0.0,62.78316855884786,7.389246588830943,True,False,True,False,True,3.75770666371972,0,1.0066072165983997,0.8645074163774149,False,False,False,False,0.34282819056560626,0.31638954177828227,False,False,False,False,260345387,257897261.5085413,False,False,False,False,342200.0579421067,False,True,False,False
2025-06-11 00:00:00+00:00,3.43,3.7771,3.42,3.7,596093,,,3.191869732820296,3.1586528721275213,8.42058121251756,8.14513432479018,8.091315177284102,7.856175076399431,8.666437668897117,9.504874136602384,,,3.003375866398847,2.999214291782272,3.199867414889561,3.5089979116153867,4.51879294140802,4.520210966013961,5.862497025595314,7.961143746779334,3.0235226248253566,,4.319590074862326,9.884463020952895,9.924868564890348,10.212903444451328,10.834159062475804,"rgba(38, 166, 154, 1.0)",0.0,0.0,0.2242544605571551,6.007090003760609,-11.491811566904346,0.0,0.0,0.0,0.0,0.0,0.0,0.0,0.0,62.32879153663404,7.389246588830943,True,False,True,False,True,0.6942656893943209,0,1.0359899420575052,0.8679676396632776,False,False,False,False,0.34282819338308873,0.3296088675806855,False,False,False,False,259749294,257969890.23369655,False,False,False,False,352156.64390516136,False,False,False,False
2025-06-12 00:00:00+00:00,3.28,3.5181,3.25,3.39,374342,,,3.1994651833106786,3.1667340988511676,8.416292161116404,8.141669248050679,8.087935812591084,7.853209944178928,8.663639714091163,9.501972809795118,,,3.014437004147563,3.0101986351270402,3.2018881815295885,3.507414182833712,4.514034240122076,4.515975193703704,5.858543684842248,7.95794924291785,3.034415074058443,,4.313619389475282,9.88165081966342,9.922042941784028,10.209969519392557,10.830987848433418,"rgba(38, 166, 154, 1.0)",0.0,0.0,0.22566444438182728,6.00405289524516,-12.071254302853427,0.0,0.0,0.0,0.0,0.0,0.0,0.0,0.0,59.94585172831418,7.389246588830943,True,False,True,False,True,0.0,0,1.014035697602416,0.9045420473433206,False,False,False,False,0.2166703370419712,0.2731396023113284,False,False,False,False,259374952,258024990.69512022,False,False,False,False,353026.65786966484,False,False,False,False
2025-06-13 00:00:00+00:00,3.08,3.26,3.07,3.21,269541,,,3.19735770890777,3.16584388300897,8.41307891297432,8.139066755919933,8.085396429367723,7.850976632274157,8.661546337621687,9.499813271069632,,,3.0171873311152675,3.0129921659519416,3.201259518554621,3.5047844839266102,4.510010303838376,4.512391578735867,5.855464169485268,7.955545780024664,3.03681839943271,,4.308427235092465,9.879561537602456,9.919944092834815,10.207793083237481,10.828641243841856,"rgba(38, 166, 154, 0.75)",0.0,0.0,0.22378043860311475,5.999113881963807,-13.044544465930707,0.0,0.0,0.0,0.0,0.0,0.0,0.0,0.0,55.971900312885666,12.268696735596201,True,False,True,False,False,0.0,0,0.9848522339727385,0.9289302966078903,False,False,False,False,0.09449014169605686,0.18381487200369262,False,False,False,False,259105411,258067360.118841,False,False,False,False,349752.710502227,False,False,False,False
2025-06-16 00:00:00+00:00,3.25,3.3,3.11,3.11,358967,,,3.1983263751503785,3.167898263430554,8.408873158723194,8.135662698443678,8.082075473551047,7.848058170183345,8.658802913182019,9.496977168460308,,,3.023088110059282,3.0189077513700533,3.2014970373403386,3.5021195244526124,4.5050106761213,4.507935184347967,5.851499136563898,7.95240392362708,3.0423783146298087,,4.302069922084802,9.876815462884764,9.917185235457481,10.204930781096461,10.825552157520503,"rgba(38, 166, 154, 0.75)",0.0,0.0,0.2254292602304963,5.994868493695838,-12.176185517750769,0.0,0.0,0.0,0.0,0.0,0.0,0.0,0.0,55.19619658642119,11.620146962610626,True,False,True,False,False,0.0,0,0.9993766859034292,0.9128864816068608,False,False,False,False,0.11648833594760508,0.15015160397564886,False,False,False,False,259464378,258122145.1337884,False,False,False,False,350114.05518841423,False,False,False,False
2025-06-17 00:00:00+00:00,3.18,3.25,3.13,3.24,238374,,,3.198004283166049,3.1683594327832956,8.406066149321205,8.133389506518881,8.079857576495133,7.846108237154826,8.656971499062498,9.495085260210825,,,3.0261886278809538,3.0220319365162354,3.2013732621151547,3.50017137303463,4.501626434891843,4.504916681134343,5.848839451102078,7.950305179720761,3.0452290416487084,,4.297760398610445,9.87498404291587,9.915345343932623,10.20302228449784,10.823493233957821,"rgba(38, 166, 154, 0.75)",0.0,0.0,0.22652201933132787,5.991947324348243,-12.413571681238107,0.0,0.0,0.0,0.0,0.0,0.0,0.0,0.0,53.844083461092055,10.290568221636235,True,False,True,False,False,0.0,0,1.0356455673934315,0.9103253400182516,False,False,False,False,0.10822698628736582,0.12918929513150734,False,False,False,False,259226004,258165433.7167771,False,False,False,False,345732.092239849,False,False,False,False
2025-06-18 00:00:00+00:00,3.04,3.24,3.0101,3.17,218093,,,3.1955070280941107,3.1667838759724316,8.40345638181091,8.131273755547449,8.077792862505769,7.844291214780187,8.655269436444136,9.493330638665809,,,3.0273905685735953,3.0232828620189527,3.2005800366362354,3.4979044497349037,4.498334507970908,4.501979396207116,5.846328621442743,7.9483503825911885,3.0461429216416147,,4.293529695579046,9.873286792141478,9.913640376726573,10.201254695104126,10.821588276535119,#000000,0.0,0.0,0.2263423820025553,5.988561910472457,-13.026998675127354,0.0,0.0,0.0,0.0,0.0,0.0,0.0,0.0,51.3546373631998,7.845155822132895,False,False,False,False,False,0.0,0,1.0482823790994995,0.8904280155642024,False,False,False,False,0.04684812777331824,0.08801871145241279,False,False,False,False,259007911,258198472.04160938,False,False,False,False,340726.63764220785,False,False,False,False
2025-06-20 00:00:00+00:00,3.01,3.1082,2.995,3.04,174183,,,3.192460771579515,3.1645568537771687,8.40135075706343,8.129565481714758,8.076125571936073,7.842823011090459,8.653896396144683,9.491917065033732,,,3.0275294844650245,3.0234736584393365,3.199600358711673,3.4958487341341273,4.495606282126558,4.499544211983652,5.844283666754623,7.94677132605297,3.0460253370425914,,4.290006709871371,9.87192007974638,9.9122675199127,10.199831905048978,10.82005592202412,#000000,0.0,0.0,0.22629115029404306,5.9855574492977555,-13.149243553852246,0.0,0.0,0.0,0.0,0.0,0.0,0.0,0.0,49.362848702585566,5.869636327702906,False,False,False,False,False,0.0,0,1.034006955968266,0.9143233843286127,False,False,False,False,-0.004696648070377388,0.0416610316910177,False,False,False,False,258833728,258223384.03997767,False,False,False,False,334195.5145974154,False,False,False,False
2025-06-23 00:00:00+00:00,2.86,3.05,2.85,2.99,425646,,,3.1801847807718353,3.1546611060795375,8.396099456928596,8.12529942879566,8.07196080245691,7.8391511597242305,8.650473681252798,9.488402395110883,,,3.0241123633012013,3.020239437955578,3.1955495030089742,3.4896303211046695,4.488447134000143,4.493150826222699,5.8390898720072295,7.942824459855811,3.041861580725541,,4.280678677808732,9.868525086856414,9.908857599609833,10.196300336279858,10.816257277996234,"rgba(239, 83, 80, 1.0)",0.0,0.0,0.2263047654459882,5.711203637532229,-12.598955359659545,0.0,0.0,0.0,0.0,0.0,0.0,0.0,0.0,46.43630467560366,3.0175249010108374,False,True,False,True,False,0.0,0,1.013235669085093,0.9309705384668875,False,False,True,False,-0.06696890434868935,-0.012653936328835824,False,False,False,False,258408082,258230627.09723347,False,False,False,False,337781.8081426148,False,False,True,False
2025-06-24 00:00:00+00:00,3.08,3.1,2.9,2.91,309788,,,3.1753104460842976,3.1509995080271347,8.392358170307286,8.122262492061898,8.068996552841597,7.8365400774778875,8.648031495522474,9.485888259561214,,,3.0241701052066032,3.0203823966877192,3.19378730314103,3.4860200971244106,4.483629009633149,4.48884342789959,5.8354590834122035,7.9400167190388755,3.0415047828669586,,4.274495122417018,9.86609417124186,9.906415772968327,10.19376983823079,10.813532211261663,"rgba(239, 83, 80, 1.0)",0.0,0.0,0.2268015563497362,5.709001421962396,-11.591637483776262,0.0,0.0,0.0,0.0,0.0,0.0,0.0,0.0,47.37039178784065,3.0175249010108374,False,True,False,True,False,0.0,0,1.0074063819478092,0.915138090953139,False,False,False,False,-0.03628825747478873,-0.024471096901812275,False,False,False,False,258717870,258249734.66204786,False,False,False,False,336684.01174486516,False,False,False,False
2025-06-25 00:00:00+00:00,2.98,3.09,2.96,3.09,164600,,,3.172567888691079,3.1488883984503477,8.390366260586832,8.120645071450564,8.067417770165912,7.8351490773030745,8.646730904288587,9.484549772089617,,,3.024001926247164,3.020261128386177,3.192773976987064,3.484055913627831,4.4810527517227525,4.486539081075179,5.83352231918451,7.938521127277218,3.041116560267095,,4.271190798659715,9.864800107004916,9.905115917928203,10.19242290752382,10.8120819766768,"rgba(239, 83, 80, 1.0)",0.0,0.0,0.22586835442405484,5.707059038420476,-12.073665854494072,0.0,0.0,0.0,0.0,0.0,0.0,0.0,0.0,46.878831446855564,3.0175249010108374,False,True,False,True,False,0.0,0,1.0154818762834268,0.9139844489051937,False,False,False,False,-0.020977097882459175,-0.022724097392135725,False,False,False,False,258553270,258261638.00863424,False,False,False,False,329935.6191274195,False,False,False,False
2025-06-26 00:00:00+00:00,3.04,3.08,2.95,2.98,175111,,,3.1699796156916,3.1469198421507105,8.388254017199076,8.118929975315124,8.06574367650894,7.833674217569271,8.64535119006077,9.483129350169877,,,3.023993589537547,3.0202988352267583,3.191785890517466,3.4820422932870145,4.478346602585348,4.48411752067761,5.831474506319747,7.936935327893332,3.040886446776767,,4.267731338464891,9.863426619594561,9.903736267831624,10.19099317818697,10.810542360519468,"rgba(239, 83, 80, 1.0)",0.0,0.0,0.22570067082201878,5.705129512646094,-11.808248078924587,0.0,0.0,0.0,0.0,0.0,0.0,0.0,0.0,47.32457062591854,3.0175249010108374,False,True,False,True,False,0.0,0,1.0050873598674064,0.9222393591307751,False,False,False,False,-0.027099980026818245,-0.024912038709476985,False,False,False,False,258728381,258279941.65535447,False,False,False,False,323864.06543614814,False,False,False,False
2025-06-27 00:00:00+00:00,3.1,3.115,3.0,3.05,259214,,,3.1675187535539804,3.1452128989999455,8.38515848916313,8.116417325272575,8.063291315800603,7.831514585178507,8.643327611545567,9.481043592186698,,,3.02485757833917,3.0212154495393917,3.1907578693276295,3.479404358967439,4.474491585691706,4.480665720599483,5.8285007156851325,7.934612844497047,3.04146495311175,,4.262842964468405,9.861408839796132,9.901709348563587,10.188892083770567,10.808278547217347,#000000,0.0,0.0,0.2260720606207068,5.7031215104176844,-11.514565326075743,0.0,0.0,0.0,0.0,0.0,0.0,0.0,0.0,48.39934919567571,3.0175249010108374,False,True,False,False,False,0.0,0,1.0096857313762482,0.9194082731330234,False,False,False,False,-0.0010862114432573624,-0.012999125076367173,False,False,False,False,258987595,258307692.7669092,False,False,False,False,321328.76875237765,False,False,False,False
2025-06-30 00:00:00+00:00,3.17,3.28,3.12,3.12,257661,,3.19,3.1680645287128177,3.146200437938644,8.382153523266295,8.113980734347527,8.060913765087003,7.829423152101158,8.641360301554394,9.479009927675037,,,3.0277799119657307,3.0241570431195943,3.1907514764679963,3.477566925646564,4.471002022701005,4.477538038594608,5.825677694867075,7.932362594440079,3.044189014438667,,4.258502108459245,9.85943927171067,9.89973065067728,10.18683950986279,10.806064007079627,#000000,0.0,0.0,0.2272362742632427,5.702957604743,-11.14680133246986,0.0,0.0,0.0,0.0,0.0,0.0,0.0,0.0,50.01677084249669,3.0175249010108374,False,True,False,False,True,0.0,0,1.037207914428683,0.8891796354955699,False,False,False,False,0.08402900519388544,0.03551494005875913,False,False,False,False,259245256,258344459.9525206,False,False,False,False,318831.99350718636,False,False,False,False
2025-07-01 00:00:00+00:00,3.195,3.305,3.15,3.16,239226,,3.2028386534564195,3.1691358707731307,3.1476140846583043,8.379380978734572,8.111732872148263,8.058720471758622,7.827494193882657,8.63954394679698,9.477130944687222,,,3.030833110014517,3.0272224700894386,3.1909528613570775,3.4760379936327355,4.467846152849644,4.474707537955852,5.823088520710104,7.930286991440551,3.0470766861864895,,4.254602961429523,9.857618969510304,9.897901865049883,10.184942129035468,10.804016259157008,#000000,0.0,0.0,0.2277428809788227,5.702828129671255,-11.011664201720768,0.0,0.0,0.0,0.0,0.0,0.0,0.0,0.0,51.42260152638036,3.0175249010108374,False,True,False,False,True,0.0,0,1.0376952319882742,0.8865707873402646,False,False,False,False,0.10116109549205259,0.06833801777540585,False,False,False,False,259484482,258389166.6994806,False,False,False,False,315710.1898402379,False,False,False,False
2025-07-02 00:00:00+00:00,3.415,3.42,3.1806,3.2,496290,,3.2706452102696697,3.1765436378185847,3.1552423890611014,8.373774183903153,8.10719204348883,8.054291029366723,7.823603216979206,8.63586426969111,9.473312275447546,,,3.040816632816986,3.037177560096666,3.193294301026275,3.4743863734871883,4.461982261690296,4.469440739892459,5.8179838475622905,7.926098015727207,3.056860041074027,,4.247545196629052,9.853915053595141,9.894180263429314,10.181077963304652,10.799839771271593,"rgba(38, 166, 154, 0.5)",0.0,0.0,0.23322697064562017,5.704999171881608,-9.81875794871588,0.0,0.0,0.0,0.0,0.0,0.0,0.0,0.0,54.93905071748976,-0.5088762525424357,False,False,True,False,True,1.226941140524218,0,1.0376492814250051,0.8722983154532982,False,False,False,False,0.12412384414185364,0.09623093095862975,False,False,False,False,259980772,258451582.59361863,False,False,False,False,322791.7510229737,False,False,False,False
2025-07-03 00:00:00+00:00,3.44,3.48,3.3196,3.39,229433,,3.2973968097758073,3.1812331397539495,3.159920798065819,8.371224771205968,8.105128577681736,8.052278501412076,7.821836619943999,8.634188847891556,9.471569991124653,,,3.046319649313076,3.0426554301782964,3.1948954700664993,3.474048493132706,4.459470744910774,4.467182056705833,5.8157019119137665,7.924195527326158,3.062305207098896,,4.244584044350704,9.852223776290762,9.892480787528148,10.179312525211818,10.797929881542519,"rgba(38, 166, 154, 1.0)",0.0,0.0,0.23938948251967224,5.706410222842921,-9.467459468093695,0.0,0.0,0.0,0.0,0.0,0.0,0.0,0.0,57.545699992630624,2.021900083449374,True,False,True,False,True,1.499788747783331,0,1.050414631375667,0.8869817107804158,False,False,False,False,0.15751355364164257,0.12687224230013616,False,False,False,False,260210205,258520548.1781826,False,False,False,False,319130.6235318767,False,False,False,False
2025-07-07 00:00:00+00:00,3.26,3.49,3.25,3.38,268342,,3.303864676349965,3.1846783891223804,3.163522826748895,8.36819835400796,8.102676432033489,8.049886401425558,7.819734826147294,8.632200703735855,9.469506660873892,,,3.0511960986206867,3.0475251656316433,3.1960644460303356,3.4731454968706705,4.456325458273611,4.464353300985065,5.812949935858577,7.921933074965793,3.0670640399904365,,4.240817122451933,9.850222284448636,9.890469744796647,10.177224499524248,10.795673205768203,"rgba(38, 166, 154, 1.0)",0.0,0.0,0.2410057193791632,5.706687881279256,-10.151990946862115,0.0,0.0,0.0,0.0,0.0,0.0,0.0,0.0,56.337308463052,2.021900083449374,True,False,True,False,True,0.0,0,1.0187322503691922,0.9119618311939112,False,False,False,False,0.13091092939754168,0.12889158584883892,False,False,False,False,259941863,258576286.0143323,False,False,False,False,317138.91280513647,False,False,False,False
2025-07-08 00:00:00+00:00,3.52,3.54,3.2753,3.31,377398,,3.332393554062854,3.1927184518494105,3.171515089648725,8.364042477083753,8.099312698143697,8.046605861564668,7.816855735167817,8.629466011228294,9.46665993877575,,,3.06038887711558,3.0566770222123893,3.198987223798485,3.4728946451180405,4.452368830633869,4.4607895098852905,5.809263837687744,7.918832329447608,3.0761744058791973,,4.236217726554196,9.84745769263279,9.88769166028894,10.174337962776734,10.792549210540562,"rgba(38, 166, 154, 1.0)",0.0,0.0,0.24876858890848896,5.7086354129903665,-8.797876864572597,0.0,0.0,0.0,0.0,0.0,0.0,0.0,0.0,58.34026648857252,2.8030757155621444,True,False,True,False,True,2.310307441147579,0,1.0118070392443492,0.9133813111435958,False,False,False,False,0.16455672821922657,0.14672415703403274,False,False,False,False,260319261,258644637.97455457,False,False,False,False,319502.0142637586,False,False,False,False
2025-07-09 00:00:00+00:00,3.33,3.56,3.33,3.55,324002,,3.3433701841979144,3.1982427618448774,3.177108958668283,8.360452352861392,8.096404939582609,8.04376970192782,7.814365309559623,8.627103147183572,9.464202544261791,,,3.0671905207401426,3.0634595977615215,3.2010589008328365,3.4723899589430283,4.4488679533517805,4.457634739670164,5.806057112491557,7.916150876439116,3.0828735363060162,,4.232121504382597,9.845071914806491,9.885294325244683,10.171847658190238,10.789855312115462,"rgba(38, 166, 154, 1.0)",0.0,0.0,0.2515038194300042,5.709371846294394,-9.460579372857573,0.0,0.0,0.0,0.0,0.0,0.0,0.0,0.0,57.01239156979749,2.8030757155621444,True,False,True,False,True,0.20578301559444867,0,1.0077146999900384,0.9112311421519252,False,False,False,False,0.1983032417962645,0.1725136994151486,False,False,False,False,259995259,258697603.5049642,False,False,False,False,319678.48429263086,False,False,False,False
2025-07-10 00:00:00+00:00,3.31,3.43,3.27,3.36,264139,,3.3426493753623903,3.2010965271592826,3.1801444241409844,8.357488086363844,8.094001743947851,8.041425254142919,7.812304887565132,8.62515262188994,9.462177521568451,,,3.0714376464503954,3.067708810917074,3.2021528078580097,3.47155198708153,4.445840667715746,4.454906413616233,5.803373108921516,7.913933312221608,3.0869992944709086,,4.228531258919089,9.843107111471708,9.883320133965736,10.16979782836998,10.787639787118032,"rgba(38, 166, 154, 1.0)",0.0,0.0,0.254000869010619,5.709037069373102,-9.444995517998821,0.0,0.0,0.0,0.0,0.0,0.0,0.0,0.0,55.86222110850245,2.8030757155621444,True,False,True,False,True,0.0,0,1.0065932609583974,0.925972147061747,False,False,False,False,0.11316184250143778,0.1428377709582932,False,False,False,False,259731120,258738133.56359306,False,False,False,False,317500.465300763,False,False,False,False
2025-07-11 00:00:00+00:00,3.25,3.3888,3.25,3.31,222070,,3.338803949359376,3.2027179722750883,3.1819724781387095,8.354978608005492,8.091966036490168,8.03943909915038,7.810558469129094,8.62350134738934,9.46046483462468,,,3.07437778430909,3.070658852156304,3.2027867817637063,3.4706468185140116,4.443216016435167,4.452540379282382,5.80108420910102,7.912054156336934,3.0898208420125406,,4.225399303772281,9.84144590579172,9.881651052925262,10.168065239293167,10.785768050187256,"rgba(38, 166, 154, 0.5)",0.0,0.0,0.25549170050261283,5.708338008524322,-9.621987734584676,0.0,0.0,0.0,0.0,0.0,0.0,0.0,0.0,54.27363762105303,2.8030757155621444,False,False,True,False,False,0.0,0,1.0032801369484787,0.9315147164393398,False,False,False,False,0.08613870363853693,0.11448823729841506,False,False,False,False,259509050,258768365.58070707,False,False,False,False,313758.09411249787,False,False,False,False
2025-07-14 00:00:00+00:00,3.21,3.2992,3.1576,3.24,307003,,3.3268205199642904,3.20316781583814,3.182830737231713,8.351462759553057,8.089111212710327,8.036653259646044,7.808106797305885,8.621188523220884,9.458070273645287,,,3.0770039505461586,3.0733166696750565,3.202966516171284,3.468886204622605,4.439374378619743,4.449076978392968,5.797833489117318,7.909417206550849,3.0922444158636657,,4.220761898344372,9.839124793238245,9.879319093770555,10.165645663313937,10.783156436029223,#000000,0.0,0.0,0.25460007504890125,5.70646412800315,-9.80543359040115,0.0,0.0,0.0,0.0,0.0,0.0,0.0,0.0,52.65843851866276,7.941658098700032,False,True,False,False,False,0.0,0,1.005217237842071,0.9305655132857568,False,False,False,False,0.006360907625823972,0.06042457246211952,False,False,False,False,259202047,258785372.69518915,False,False,False,False,313493.18846102734,False,False,False,False
2025-07-15 00:00:00+00:00,3.1,3.25,3.06,3.23,188188,,3.3155453247554734,3.2022428216395116,3.1822357662914516,8.349274052799744,8.087332154966097,8.034916842081243,7.806577227943095,8.619749314874436,9.456583217433236,,,3.077646397361932,3.073990200354746,3.202593646272624,3.4674489332942446,4.436866663272977,4.446816131404594,5.795778805750482,7.907772770162823,3.092737162417859,,4.217698492808185,9.837684396486251,9.877872076469366,10.164145059983385,10.781538335013563,#000000,0.0,0.0,0.25435339326487605,5.472759304407091,-9.328593080479054,0.0,0.0,0.0,0.0,0.0,0.0,0.0,0.0,50.10053249536837,5.404684605948731,False,True,False,False,False,0.0,0,0.9835487790194941,0.9474283337529142,False,False,False,False,-0.05788070882839627,0.001271931816861624,False,False,False,False,259013859,258794332.94243664,False,False,False,False,308579.2595017714,False,False,False,False
2025-07-16 00:00:00+00:00,3.49,3.52,3.1,3.13,651581,,3.324820760841823,3.2099507892446346,3.190256627991658,8.342048649368724,8.081472075170753,8.02920011935982,7.8015532139237305,8.614983847094308,9.45162973842746,,,3.088154440391461,3.084499975377665,3.205791198874102,3.466010764030001,4.429802953222672,4.440431484321312,5.789311237317131,7.90236585211876,3.102991886501469,,4.209485026162325,9.832875446113476,9.873039977067602,10.159126674046286,10.776111954099234,#000000,0.0,0.0,0.26031334205672824,5.4814821418858495,-7.650326818253748,0.0,0.0,0.0,0.0,0.0,0.0,0.0,0.0,53.155596879196565,5.404684605948731,False,True,False,False,True,2.0177334542452243,0,0.986205947428039,0.9248049459565321,False,False,False,False,0.07786441740314473,0.03956817461000318,False,False,False,False,259665440,258828494.00351757,False,False,False,False,322030.3081487608,False,False,False,False
2025-07-17 00:00:00+00:00,3.38,3.63,3.3301,3.49,437795,,3.3373369511854523,3.217040770021737,3.1974116748783956,8.337280401102758,8.077606843733474,8.025430038668782,7.798242296179162,8.611833554350156,9.448347956908725,,,3.096609108988725,3.0929391407234146,3.2088437483824643,3.465821159148195,4.4254488734676976,4.4364883636094685,5.78512219117098,7.898801550160271,3.111326087659848,,4.204551340281661,9.82968664232919,9.869835579992104,10.155797046148482,10.77250816104101,"rgba(38, 166, 154, 0.5)",0.0,0.0,0.26371095632372704,5.484343665038111,-7.979735443584888,0.0,0.0,0.0,0.0,0.0,0.0,0.0,0.0,53.71986219270372,5.404684605948731,False,True,True,False,True,0.7884590110200023,0,1.0271871075763919,0.9078798660527417,False,False,False,False,0.230381085650955,0.13497463013047908,False,False,False,False,259227645,258844146.9837718,False,False,False,False,326570.09998606436,False,False,False,False
2025-07-18 00:00:00+00:00,3.42,3.65,3.31,3.35,751581,,3.35572111203927,3.2289209257142275,3.209414459360148,8.329138377743657,8.071005266097202,8.018990987303297,7.792587366682918,8.606448164423929,9.44273480904425,,,3.110747398975061,3.10705674181767,3.214190785565853,3.465724664092315,4.418163663525997,4.429881509790107,5.7780062145328985,7.892714083576629,3.125260422841821,,4.196374731687027,9.82423110052513,9.864353278630055,10.150099947383039,10.766340853061998,"rgba(38, 166, 154, 0.5)",0.0,0.0,0.26770760238937097,5.487052825417577,-7.721307900741363,0.0,0.0,0.0,0.0,0.0,0.0,0.0,0.0,54.531761364360534,5.404684605948731,False,False,True,False,True,1.2253834231064538,1,1.0267287586361504,0.8980679479079625,False,False,False,False,0.22867530250187332,0.1818249663161762,False,False,False,False,259979226,258888659.886369,False,False,False,False,343237.1941042579,False,False,False,False
2025-07-21 00:00:00+00:00,3.37,3.7,3.35,3.51,609040,,3.3684582642942753,3.23823641540589,3.2188409786218775,8.32257845414592,8.065684968317566,8.013801662283148,7.788029793374209,8.60210367637335,9.438204054704451,,,3.1218295206113615,3.118127390692626,3.218585689748632,3.4658255148985804,4.412421320911671,4.424665602326311,5.772304672717958,7.887808169575024,3.1361789883305415,3.4733333333333336,4.189997033095086,9.819826326334002,9.859926831164557,10.145499624093622,10.761359936735357,"rgba(38, 166, 154, 0.5)",0.0,0.0,0.2707089957446274,5.273516572846108,-7.031597038769207,0.0,0.0,0.0,0.0,0.0,0.0,0.0,0.0,54.35642344213894,5.404684605948731,False,False,True,False,True,0.657225316226139,1,1.0297516230865444,0.8977207298429525,False,False,False,False,0.26272591964716124,0.22227544298166874,False,False,False,False,259370186,258907543.26337415,False,False,False,False,353660.8335511498,False,False,False,False
2025-07-22 00:00:00+00:00,3.31,3.4,3.26,3.35,386135,,3.365558987832932,3.2402442131081686,3.2211548213434864,8.31830023028495,8.06220827357094,8.010409243283272,7.785044962248881,8.599272605334097,9.43526294365799,,,3.125660002317097,3.121985758866603,3.2196999933494532,3.464638050273458,4.408240887023871,4.420871265154879,5.768469548525872,7.884597932326499,3.1398285120414706,3.4151322631697942,4.185177301813256,9.81697090680552,9.857057773300246,10.142520777505252,10.758140605585655,"rgba(38, 166, 154, 0.5)",0.0,0.0,0.27256857971404963,5.2687152685608,-7.186137413988356,0.0,0.0,0.0,0.0,0.0,0.0,0.0,0.0,53.3735863381857,5.404684605948731,False,True,True,False,True,0.0,1,1.0159327174411876,0.9432527884749686,False,False,False,False,0.06296978365810173,0.14262261331988524,False,False,False,False,258984051,258910543.56677127,False,False,False,False,354934.3302746341,False,False,False,False
2025-07-23 00:00:00+00:00,3.34,3.38,3.2501,3.34,229062,,3.3640099028639345,3.241391578885649,3.222480067885949,8.315765788897531,8.060148260155374,8.008399133563634,7.783276206939344,8.597594609902803,9.433519571521009,,,3.1278646301697823,3.1242071684248294,3.2203500934764997,3.463943096313825,4.405776188101167,4.418632796108037,5.766200188084147,7.882695710641867,3.1419273626441884,3.397962376075874,4.182343512514852,9.815278216820086,9.855356996815576,10.14075491151062,10.756232167485258,#000000,0.0,0.0,0.2732821035574969,5.266791138571963,-7.050557330647077,0.0,0.0,0.0,0.0,0.0,0.0,0.0,0.0,53.1358438896996,5.404684605948731,False,True,False,False,True,0.31757302820961186,1,1.0051180748855166,0.9502359502359503,False,False,False,False,0.04805362479296952,0.09533811905642738,False,False,False,False,259213113,258922409.034741,False,False,False,False,349998.1604599426,False,False,False,False
2025-07-24 00:00:00+00:00,3.25,3.3697,3.21,3.33,315606,,3.359799453392594,3.2420480700294667,3.2234293327666306,8.312245301895429,8.057284852365951,8.005604750894529,7.780815929282302,8.595263884014447,9.431100762887695,,,3.1301147275298282,3.1264881463577447,3.220831665562596,3.462681630948509,4.402252528880655,4.415432357820531,5.7630205407579025,7.880050514613652,3.1440158401800438,3.373081128920286,4.178258381507995,9.81293063877954,9.852998305235245,10.13830667314657,10.753587743315585,#000000,0.0,0.0,0.26829835822402975,5.263526527223547,-7.504803758591202,0.0,0.0,0.0,0.0,0.0,0.0,0.0,0.0,51.60135067057681,5.404684605948731,False,True,False,False,False,0.0,1,0.995136051031596,0.9602810724608792,False,False,False,False,0.02295552663377789,0.059146822845102635,False,False,False,False,258897507,258921432.48435903,False,False,False,False,348649.4482850429,False,False,False,False
2025-07-25 00:00:00+00:00,3.21,3.287,3.13,3.25,215807,,3.354992680570311,3.2416316297558865,3.2232582196430664,8.309808610495345,8.05530122223419,8.00366861698104,7.77910995892697,8.59365111004167,9.429429763288944,,,3.1309225764413373,3.1273242592280597,3.2207627643902477,3.4615191789813733,4.399711870176904,4.413125025950812,5.760792058977682,7.878216992741813,3.144697870345612,3.3529120427192205,4.175278442734368,9.811309784270422,9.85136987767737,10.136617132408194,10.751764268568124,#000000,0.0,0.0,0.25799352254340935,5.260616503054843,-7.948325534839005,0.0,0.0,0.0,0.0,0.0,0.0,0.0,0.0,49.98126080599662,4.348072846279692,False,True,False,False,False,0.0,1,0.9911199999999999,0.9694199999999998,False,False,False,False,-0.05802831410834828,0.0005592543683771781,False,False,False,False,258681700,258912031.2104626,False,False,False,False,343439.9405091589,False,False,False,False
2025-07-28 00:00:00+00:00,3.23,3.36,3.195,3.25,280198,,3.3512837874369357,3.2419541435833295,3.223840627785629,8.306680976017278,8.05275611344305,8.001184711055704,7.776922375635561,8.591579035133229,9.427279879000634,,,3.132638189289861,3.129068813803099,3.221069718615358,3.4603371751008285,4.396574440217231,4.410272840647547,5.7579640516707045,7.87586537175408,3.1462703588964254,3.340353751589837,4.171645999731966,9.809223275109938,9.849273516509935,10.134441374870134,10.749414554828105,#000000,0.0,0.0,0.2465770168566454,5.258182432419741,-8.225350676534799,0.0,0.0,0.0,0.0,0.0,0.0,0.0,0.0,49.254415539246516,3.4818407709181685,False,True,False,False,False,0.0,1,0.9896872392004133,0.9613519850574255,False,False,False,False,0.010667974462230834,0.005613614415304006,False,False,False,False,258961898,258913986.77083662,False,False,False,False,340959.8644107605,False,False,False,False
2025-07-29 00:00:00+00:00,2.91,3.1199,2.82,3.08,882851,,3.306624137840047,3.2278593819094863,3.2113522863589212,8.29624439300353,8.044234034641411,7.9928617907955655,7.769568683437703,8.584679644114248,9.420173833723899,,2.949966666666666,3.125385552106588,3.1220287126622313,3.214807669361762,3.451000363246766,4.384116921075568,4.398963964222661,5.74798783533836,7.8679720258833985,3.1382931449711897,3.2222690747144527,4.1565309367123495,9.802345208332644,9.842364869651206,10.127284466085424,10.74171288917749,"rgba(239, 83, 80, 1.0)",0.0,0.0,0.24349950518575128,5.237491058493635,-9.558504263563618,0.0,0.0,0.0,0.0,0.0,0.0,0.0,0.0,44.63742966540044,-0.9646211536339848,False,True,False,True,False,0.0,1,0.9680724998057346,0.9719480923148651,False,False,False,False,-0.304293683446136,-0.149340034515416,False,False,False,False,258079047,258881244.0347254,False,False,False,False,362210.49717896595,False,False,False,False
2025-07-30 00:00:00+00:00,2.88,2.95,2.85,2.92,377650,,3.287844426241119,3.2210915559318383,3.205267861309394,8.291745269198172,8.040556870619104,7.9892700439486966,7.766393009247014,8.581703887061092,9.417112332844914,,2.9329991447580497,3.121510308593296,3.1182469357725586,3.211662381356414,3.4466701955551127,4.3786454944274515,4.393992781120947,5.743656066512474,7.864564480183918,3.1341077619597875,3.184584174622691,4.14988075222795,9.799382962423646,9.839389589224593,10.124203243405612,10.738399141266905,"rgba(239, 83, 80, 1.0)",0.0,0.0,0.23652371653845716,5.229201612898917,-9.932203194164476,0.0,0.0,0.0,0.0,0.0,0.0,0.0,0.0,41.252029832102,-4.071650179952492,False,True,False,True,False,0.0,0,0.9660308615516503,0.988417176479757,False,False,False,False,-0.34282825441539394,-0.24608414446540497,False,False,False,False,257701397,258834975.5235597,False,False,False,False,362815.96787783003,False,False,False,False
2025-07-31 00:00:00+00:00,2.75,2.9,2.73,2.88,476572,,3.2610260303176166,3.2104425740661298,3.195556662784492,8.285973349293291,8.035833985829742,7.984655882921578,7.762309277476742,8.577887157758978,9.413193838175129,,2.8946813451708704,3.114736965315896,3.111605286821134,3.2065603647513736,3.4403304601594824,4.371336914571903,4.387351168701878,5.738017230905937,7.860184649321543,3.1269152287886355,3.135163792925075,4.1409279149701135,9.795594329777986,9.835584593506193,10.12026494439104,10.73416812530822,"rgba(239, 83, 80, 1.0)",0.0,0.0,0.23332174363468933,5.21762583498029,-10.576064607351125,0.0,0.0,0.0,0.0,0.0,0.0,0.0,0.0,37.7255816281564,-7.240812417276153,False,True,False,True,False,0.0,0,0.9583996428987308,0.9913732872724451,False,False,False,False,-0.34282825441539394,-0.29445619944039947,False,False,False,False,257224825,258771832.36577305,False,False,False,False,367276.9887453661,False,False,False,False
2025-08-01 00:00:00+00:00,2.68,2.77,2.6202,2.73,242012,,3.2457232068484365,3.2039460759747023,3.189576717013034,8.282991879508982,8.033391692879011,7.982269315334493,7.760195005426015,8.575916312280054,9.411174715613258,,2.8696600815191533,3.110332156272455,3.1072744797766214,3.2033811799975,3.436651530128229,4.367410026189416,4.383782358309522,5.735061840260071,7.857918114829168,3.122282636681812,3.108334242912646,4.136081653044739,9.793643610595161,9.833625608659423,10.118238458935103,10.731993343699191,"rgba(239, 83, 80, 1.0)",0.0,0.0,0.2326017553529469,5.211115753177913,-10.881756886732136,0.0,0.0,0.0,0.0,0.0,0.0,0.0,0.0,34.746799846126315,-9.863069517165371,False,True,False,True,False,0.0,0,0.9452754995957029,1.002666435639752,False,False,False,False,-0.34282825441539394,-0.3186422269278967,False,False,False,False,256982813,258701674.74358588,False,False,False,False,362364.63624554785,False,False,False,False
2025-08-04 00:00:00+00:00,2.73,2.7549,2.67,2.71,185025,,3.2351328644250876,3.199354624066672,3.1853525224364283,8.280726099633574,8.031535853819177,7.980455894130474,7.7585887678499645,8.574417658474967,9.409638338399217,,2.8567192425215597,3.1072478317623355,3.1042430452244916,3.2011091204063824,3.4339685775220428,4.364470486335438,4.381109322406366,5.732827137909952,7.85619608485273,3.119033690477297,3.091151669707173,4.1324702479211055,9.792158877723637,9.832134550320044,10.116695784932647,10.730337289347611,"rgba(239, 83, 80, 1.0)",0.0,0.0,0.2294475347173433,5.206577593743466,-10.793655276333062,0.0,0.0,0.0,0.0,0.0,0.0,0.0,0.0,33.85346088028454,-10.58410283538663,False,True,False,True,False,0.0,0,0.9650175058759278,1.0034914226084244,False,False,False,False,-0.3286700530168208,-0.32365613997235876,False,False,False,False,257167838,258641524.2830531,False,False,False,False,355410.1407065068,False,False,False,False
2025-08-05 00:00:00+00:00,2.71,2.77,2.6703,2.72,181407,,3.225124933789722,3.1949223853969597,3.1812704490004027,8.278505803837886,8.029717037101241,7.9786786276651736,7.757014453333614,8.572948669305918,9.408132343313342,,2.8458950289566576,3.1042588385043413,3.101304785960871,3.198895049019307,3.4313518793374658,4.361595907874492,4.378494463449707,5.730638232324988,7.854508344054311,3.115886616974964,3.0756505507073704,4.128943458283677,9.790703466929342,9.830672939919975,10.115183587548326,10.728713971440833,"rgba(239, 83, 80, 1.0)",0.0,0.0,0.223818720925026,5.202271562130461,-11.135223862553094,0.0,0.0,0.0,0.0,0.0,0.0,0.0,0.0,33.04573212592277,-11.35937627949091,False,True,False,True,False,0.0,0,0.9658113710246647,1.0080625118054658,False,False,False,False,-0.3224274154593032,-0.323041777715831,False,False,False,False,256986431,258576618.66410983,False,False,False,False,348586.48812978104,False,False,False,False
2025-08-06 00:00:00+00:00,2.63,2.7499,2.585,2.71,305595,,3.2071653934630557,3.1866956189295865,3.1736585452340416,8.274728021271393,8.026620297177978,7.975652257091845,7.754332122617251,8.570449604545171,9.405573485976316,,2.8238866215887266,3.0985390294992676,3.0956750452605477,3.1947384183533347,3.4266092347952344,4.356594964686824,4.373944916940633,5.726882552964966,7.8516335421513155,3.1098911370238054,3.0482214940174437,4.12278359150833,9.788231653810108,9.828190716526748,10.112616296529662,10.725959763731925,"rgba(239, 83, 80, 1.0)",0.0,0.0,0.22205942313732624,5.194576696845942,-11.549055926619939,0.0,0.0,0.0,0.0,0.0,0.0,0.0,0.0,31.66572737544457,-12.757255879600073,False,True,False,True,False,0.0,0,0.9442642725780616,1.0080286341434477,False,False,False,False,-0.34282825441539394,-0.3329350160656125,False,False,False,False,256680836,258502274.24590945,False,False,False,False,346900.5474188092,False,False,False,False
2025-08-07 00:00:00+00:00,2.64,2.72,2.6,2.64,207100,,3.1955899273629913,3.181244747594323,3.1686081015912047,8.272169980294546,8.024523044385134,7.973602629184673,7.752515343331766,8.568756734734386,9.40384004564416,,2.8115286908272252,3.094730858652755,3.091926008986111,3.191949007038754,3.4234212409132367,4.353219245069376,4.370872428179026,5.724341209673234,7.849686499906075,3.1059016555260217,3.0315111680145588,4.118633657655834,9.786557110003653,9.826509121014896,10.110877081378042,10.724093943245208,"rgba(239, 83, 80, 1.0)",0.0,0.0,0.21834093931844348,5.189577847681224,-11.67704900253609,0.0,0.0,0.0,0.0,0.0,0.0,0.0,0.0,31.004594895611646,-13.530624207939404,False,True,False,True,False,0.0,0,0.9445942997679444,1.0189511890358791,False,False,False,False,-0.34282825441539394,-0.3378816352405032,False,False,False,False,256887936,258438966.86371693,False,False,False,False,341418.17301022843,False,False,False,False
2025-08-08 00:00:00+00:00,2.58,2.69,2.58,2.64,248721,,3.181414144534394,3.174399297041275,3.162248253818844,8.269080896028541,8.021989288776377,7.9711262215764425,7.75031947750881,8.56671233360495,9.40174810943014,,2.795929295052924,3.0898697466158622,3.08713721072238,3.1884112772095,3.419446472783794,4.349095680409978,4.36711846530495,5.721258305666051,7.847333600063189,3.100820801862543,3.0114479883419754,4.113556641785481,9.784536738633507,9.82448029795858,10.108779142298246,10.721844112303337,"rgba(239, 83, 80, 1.0)",0.0,0.0,0.22229468717138226,5.183448208361525,-11.711697843477237,0.0,0.0,0.0,0.0,0.0,0.0,0.0,0.0,29.898480501475003,-14.774303433373241,False,True,False,True,False,0.0,0,0.9438940618237407,1.0189700013897438,False,False,False,False,-0.34282825441539394,-0.3403549448279486,False,False,False,False,256639215,258368388.35925746,False,False,False,False,337782.98975492537,False,False,False,False
2025-08-11 00:00:00+00:00,2.51,2.6,2.5,2.6,341788,,3.160425372643083,3.163947655515915,3.152497028874138,8.264781429618038,8.018459842500876,7.967676130260233,7.747258043148894,8.563867501526333,9.398841640812595,,2.7702348839275004,3.082246290355878,3.0796192143759744,3.18294979161089,3.4135098881039463,4.343200794586683,4.361751400635971,5.716922888043775,7.8440543372295695,3.092882873552699,2.9818605114823056,4.106265740432922,9.781731270732276,9.821663263847942,10.105867343479455,10.71872397506857,"rgba(239, 83, 80, 1.0)",0.0,0.0,0.23123711557684523,5.174403118915554,-11.522385203036809,0.0,0.0,0.0,0.0,-1.0,2.58,2.5752,905.0,28.427889374053798,-16.365854657053283,False,True,False,True,False,0.0,0,0.941850990679465,1.022317613625072,False,False,False,False,-0.34282825441539394,-0.3415915996216713,False,False,False,False,256297427,258287174.18830618,False,False,False,False,337940.04898022243,False,False,False,False
2025-08-12 00:00:00+00:00,2.57,2.5752,2.495,2.53,362411,,3.139948930566875,3.153405140211576,3.1426477670541093,8.260237578326155,8.014729255763841,7.964029419133023,7.744022074908638,8.560858980212046,9.395767004119785,,2.748981508171325,3.074534027191139,3.072012402398778,3.177346529237612,3.407372972061068,4.337026560078087,4.3561259682438545,5.712353263485694,7.840588215952203,3.084854382330899,2.954890199327972,4.098657314200722,9.778763026275096,9.818682756083014,10.102786399024183,10.715422237781159,"rgba(239, 83, 80, 1.0)",0.0,0.0,0.2383292635295431,4.9055945216416434,-9.79986463706806,0.0,0.0,0.0,0.0,1.0,2.6036,2.6,910.0,29.178334258597523,-16.365854657053283,False,True,False,True,False,0.0,0,0.9462573507425495,1.0198744144323728,False,False,False,False,-0.34282825441539394,-0.3422099270185326,False,False,False,False,256659838,258223357.0828824,False,False,False,False,338899.69411825296,False,False,False,False
2025-08-13 00:00:00+00:00,2.79,2.88,2.6036,2.61,739627,2.7578666666666667,3.1155897666063623,3.1400813733666584,3.1302897602639237,8.251328478994681,8.00742481626629,7.956891693808142,7.7376982021495975,8.55494358390786,9.38969385180963,,2.7504255976347385,3.0654924139783213,3.063119578961966,3.169939879143386,3.398121574842271,4.326027243986758,4.34607992231994,5.70368737720179,7.833809996680854,3.075330202241016,2.932765921320846,4.08543918267647,9.772889461994382,9.812783941379163,10.09668191215173,10.708866104677295,"rgba(239, 83, 80, 0.75)",0.0,0.0,0.24037832422129024,4.901170398489002,-8.7826987118251,0.0,0.0,0.0,0.0,1.0,2.67,2.5752,907.0,34.74829211063599,-20.50070676708104,False,True,False,True,True,0.0,0,0.9564097794052855,0.991922297396532,False,False,False,False,-0.20452229555542753,-0.2733661112869801,False,False,False,False,257399465,258191047.58943602,False,False,False,False,354614.4904273411,False,False,False,False
2025-08-14 00:00:00+00:00,2.75,2.78,2.67,2.7,253594,2.7516026970835292,3.1074127380216288,3.135437259895411,3.1259661404387833,8.248266864972,8.004913350333032,7.954437376807396,7.735522979669459,8.552909591014998,9.387606429679025,,2.7495233958870213,3.06227220513511,3.0599494832605862,3.1673126018529265,3.39489071814349,4.322232677381775,4.342611712907977,5.700703170805419,7.831478913633564,3.071948550730317,2.9253721462376134,4.080884265305142,9.770870834875659,9.810756673003457,10.094584228722047,10.706613778216102,"rgba(239, 83, 80, 0.75)",0.0,0.0,0.24294538373090552,4.897647282969499,-8.840041535213137,0.0,0.0,0.0,0.0,0.0,0.0,0.0,0.0,37.818619461096624,-17.68545125708102,False,True,False,True,True,0.0,0,0.9666643708244369,0.9997835348754832,False,False,False,False,-0.21541529507504487,-0.24439070318101247,False,False,False,False,257145871,258150060.27220327,False,False,False,False,350652.90256744536,False,False,False,False
2025-08-15 00:00:00+00:00,2.67,2.745,2.65,2.74,186448,2.7416029036393543,3.100923725997792,3.131715279221665,3.122489423651709,8.245999714462931,8.003052640209399,7.952618838748508,7.733910536833055,8.551403503697081,9.386062172021463,,2.7472374372236703,3.0596257003425555,3.057341561012018,3.1652028373814423,3.3923750605934306,4.319375653665319,4.340000270750056,5.698479722627897,7.82975129194931,3.06917985349443,2.9190824607006842,4.077443735455852,9.769377947955029,9.809257448049161,10.093033303679634,10.704949287147935,"rgba(239, 83, 80, 0.75)",0.0,0.0,0.24682519258044494,4.894494286860353,-9.012428041093694,0.0,0.0,0.0,0.0,0.0,0.0,0.0,0.0,38.62512253417417,-16.970399142685984,False,True,False,True,True,0.0,0,0.9558628285947501,1.0037174355595329,False,False,False,False,-0.2333566283739342,-0.23887366577747332,False,False,False,False,256959423,258103368.6144698,False,False,False,False,344213.494623624,False,False,False,False
2025-08-18 00:00:00+00:00,2.71,2.76,2.65,2.65,237876,2.735740308585148,3.093286092229639,3.1272483519190124,3.118317072150387,8.243119430875241,8.000688762456395,7.950308589252901,7.731862298097369,8.549489119497677,9.384098384776093,,2.745391690657758,3.0564671675059216,3.0542296549382737,3.162640419242874,3.3892743008257527,4.315785858571359,4.336717309079539,5.695664989072777,7.827556677800377,3.065872233587098,2.912126930996865,4.073136415221776,9.767479120054691,9.807350529715789,10.091060426120846,10.702831536296186,"rgba(239, 83, 80, 0.75)",0.0,0.0,0.24957219255353305,4.8908317890856825,-8.738280361975406,0.0,0.0,0.0,0.0,0.0,0.0,0.0,0.0,40.04898503837321,-15.573268299675817,False,True,False,True,True,0.0,0,0.9591828682468757,1.003274839956993,False,False,False,False,-0.2284493480208861,-0.2336615068991797,False,False,False,False,257197299,258067836.4727259,False,False,False,False,340043.39679524663,False,False,False,False
2025-08-19 00:00:00+00:00,2.61,2.75,2.61,2.71,155978,2.7279020065589554,3.087809464669091,3.1240277610401557,3.1152995494583395,8.241215379877993,7.999125257466276,7.948780402442647,7.730506796226697,8.548223780328382,9.38280169652138,,2.7428215813764605,3.0541349113304377,3.051929692640359,3.160793156636394,3.3871084577464825,4.313367779279316,4.334505976825006,5.6937913834374845,7.826104624050314,3.0634385983434074,2.906757189739474,4.070223911749487,9.766225778204937,9.806091896613069,10.089758604450106,10.701434832309998,"rgba(239, 83, 80, 0.75)",0.0,0.0,0.25475289213811747,4.888025286292391,-8.942097839098649,0.0,0.0,0.0,0.0,-1.0,2.65,2.629,912.0,39.43961532697453,-15.573268299675817,False,True,False,True,True,0.0,0,0.9505786930628338,1.0461115707966862,False,False,False,False,-0.24485045546030185,-0.23925598117974078,False,False,False,False,257041321,258027580.96399158,False,False,False,False,332825.1459405311,False,False,False,False
2025-08-20 00:00:00+00:00,2.56,2.629,2.53,2.61,174053,2.712474260385052,3.080703250964006,3.119851495469147,3.111372751467139,8.239060406986354,7.9973543443915815,7.947049224572024,7.728970142924957,8.546792410401435,9.38133734443337,,2.737504166663668,3.0510231946088577,3.048857771217449,3.158408215691672,3.3844315979249706,4.310541946786595,4.3319225479483014,5.691645866480337,7.824459057152931,3.0602053122546664,2.89910810003025,4.066796480549609,9.764811265786955,9.80467150392535,10.088290118304123,10.699860644938607,"rgba(239, 83, 80, 0.75)",0.0,0.0,0.2610749262832748,4.884181687966235,-8.902355048237848,0.0,0.0,0.0,0.0,0.0,0.0,0.0,0.0,38.31277373327126,-15.573268299675817,False,True,False,True,True,0.0,0,0.9206134277068267,1.0475662922500897,False,False,False,False,-0.3122079366687889,-0.27573195892426483,False,False,False,False,256867268,257982078.49481544,False,False,False,False,326598.7872761965,False,False,False,False
2025-08-21 00:00:00+00:00,2.58,2.61,2.53,2.55,151939,2.7013446123878992,3.074662341507901,3.116259439426629,3.1079931567881327,8.237180680082618,7.995809471226093,7.945539003402854,7.7276295614623125,8.545543530867002,9.380059620343243,,2.733136193604682,3.0483414220740634,3.046210039298553,3.156343231256215,3.382110145411242,4.30808310847897,4.32967396513109,5.689775554554454,7.823023498588144,3.057419384752909,2.8927183854203316,4.063817982984364,9.763576983688438,9.803432089847139,10.08700873391177,10.698487017901204,"rgba(239, 83, 80, 0.75)",0.0,0.0,0.2660509502422591,4.880941120708972,-8.648498036236271,0.0,0.0,0.0,0.0,0.0,0.0,0.0,0.0,38.07908892755762,-15.573268299675817,False,True,False,True,True,0.0,0,0.9111426543647977,1.114953322050554,False,False,False,False,-0.3187103078864803,-0.2972211334053726,False,False,False,False,257019207,257944318.8283521,False,False,False,False,319749.3838536006,False,False,False,False
2025-08-22 00:00:00+00:00,2.73,2.73,2.58,2.6,134260,2.699935544197367,3.07055334892176,3.1137403377494173,3.1056307163686285,8.23555197031468,7.994471924500417,7.944231694475778,7.726470047525493,8.544460102827246,9.378948652961453,,2.7319156326353866,3.046523167348356,3.044417051890354,3.1548622473086434,3.380338927570012,4.306049398073534,4.327812179946186,5.688181233506621,7.821781390226473,3.055520641586846,2.8890944216723744,4.061383569168148,9.762502844862679,9.802353394883687,10.085892878953718,10.697289536495749,"rgba(239, 83, 80, 0.75)",0.0,0.0,0.26769750647261575,4.878879670097442,-8.027268159545828,0.0,0.0,0.0,0.0,1.0,2.62,2.61,914.0,41.3940576586739,-13.789712811259093,False,True,False,True,True,0.0,0,0.8912125477578924,1.0927117545858744,False,False,False,False,-0.255475319369353,-0.2763482263873628,False,False,False,False,257153467,257913305.03116181,False,False,False,False,312475.29036914563,False,False,False,False
2025-08-25 00:00:00+00:00,2.63,2.73,2.62,2.7,245320,2.695636913511723,3.062888893927485,3.1090029776878096,3.101181052503032,8.232567750193903,7.992020504754518,7.941835585399985,7.7243443667719145,8.542474747737229,9.376913585946655,,2.7290188041595163,3.0430680215646606,3.041008515079126,3.1520668677197383,3.377033766334246,4.302300949152153,4.324379998408681,5.685253107930625,7.819504535673324,3.051917979558542,2.8821782359954433,4.056893376201399,9.760535478636179,9.80037771370952,10.083849352075543,10.695096964902117,"rgba(239, 83, 80, 0.75)",0.0,0.0,0.27113231040661945,4.874937954607882,-8.279861412463639,0.0,0.0,0.0,0.0,0.0,0.0,0.0,0.0,41.85846581319474,-13.208133297792052,False,True,False,True,True,0.0,0,0.9131384122001976,1.0649244311009518,False,False,False,False,-0.24130068181278183,-0.2588244541000723,False,False,False,False,256908147,257873887.06915548,False,False,False,False,309841.74957035563,False,False,False,False
2025-08-26 00:00:00+00:00,2.68,2.6931,2.5801,2.66,273833,2.690856205084254,3.05448235381102,3.103727584520649,3.0962195399322865,8.229235117585532,7.989282241600253,7.939159027806934,7.721969546857579,8.540256857856383,9.374640423908264,,2.725664676815324,3.0391952727683664,3.037186954098274,3.1489276790876426,3.373334574002308,4.298114288914616,4.320545074559096,5.681981702089307,7.816961022274272,3.047883410201129,2.8746441089116694,4.051883325622294,9.758337975427251,9.798170936585445,10.081566895338327,10.692648248613601,"rgba(239, 83, 80, 0.75)",0.0,0.0,0.2743045752748255,4.870540092539506,-7.985794951997449,0.0,0.0,0.0,0.0,0.0,0.0,0.0,0.0,43.24711555942855,-11.71309650028212,False,True,False,True,True,0.0,1,0.9305796718144497,1.0425123328312038,False,False,False,False,-0.268605210382113,-0.26371483224109266,False,False,False,False,257181980,257846753.45860037,False,False,False,False,308429.6417440672,False,False,False,False
2025-08-27 00:00:00+00:00,2.64,2.6908,2.63,2.67,119569,2.6891893417778707,3.0509407221116454,3.101474699157939,3.09409937662784,8.227781833993339,7.9880880282668185,7.937991719394725,7.720933798214939,8.539289357747288,9.373648704872126,,2.7243356832313093,3.0375390192137215,3.035552461066473,3.1475761720053934,3.371736746340869,4.296295639705409,4.318878598086531,5.680556648568961,7.815851728128703,3.046158165494835,2.8715418030942517,4.049710809428298,9.757379204996065,9.797208117444132,10.080571041360772,10.691579822493596,"rgba(239, 83, 80, 0.5)",0.0,0.0,0.2781055117979126,4.8686717680820335,-8.013763386687259,0.0,0.0,0.0,0.0,0.0,0.0,0.0,0.0,43.44524498986041,-11.319814290674756,False,False,False,True,True,0.0,0,0.9339588384814513,1.0517740216232676,False,False,False,False,-0.2516384776694983,-0.25767665495529546,False,False,False,False,257062411,257815994.93081215,False,False,False,False,301023.3420678293,False,False,False,False
2025-08-28 00:00:00+00:00,2.65,2.7,2.6299,2.69,126790,2.6878657393829215,3.0473120208761064,3.0991438741823383,3.0919054236765304,8.226243370405353,7.986823788605347,7.936755968748509,7.7198373404146095,8.538264885208536,9.372598409699913,,2.7231010644257188,3.03582708088635,3.033863043883389,3.1461694458242055,3.3700651071920373,4.294379005106652,4.317121858115364,5.6790501730027,7.814677412248745,3.044374551418432,2.868439237380325,4.047424925496998,9.756363726156344,9.79618834493474,10.07951624250844,10.690448079414073,"rgba(239, 83, 80, 0.5)",0.0,0.0,0.2813629153012073,4.866749614582801,-7.878613328304853,0.0,0.0,0.0,0.0,0.0,0.0,0.0,0.0,43.818347780410505,-10.709917878228204,False,False,False,True,True,0.0,1,0.9312022810820999,1.0451032142520498,False,False,False,False,-0.2484112110592276,-0.2530439330072615,False,False,False,False,257189201,257791414.77666265,False,False,False,False,294190.661986738,False,False,False,False
2025-08-29 00:00:00+00:00,2.58,2.66,2.57,2.63,182788,2.6826842769995167,3.041449888558727,3.095398832559586,3.08837161125283,8.224004374704952,7.9849828750561285,7.9349563458444035,7.718239774528673,8.536774349678945,9.371072050099174,,2.719878418033387,3.0330184098306088,3.0310891721515336,3.143921083564389,3.3674778417886544,4.291528288924993,4.314509446893921,5.67684030061423,7.812966800090369,3.041457406681626,2.862950747616818,4.0440086874257615,9.754888583552795,9.794707029842623,10.077984506297152,10.688805550083968,"rgba(239, 83, 80, 0.5)",0.0,0.0,0.28567626423039316,4.863572447390068,-7.993567311382945,0.0,0.0,0.0,0.0,-1.0,2.6299,2.595,923.0,42.727223998350965,-10.709917878228204,False,False,False,True,True,0.0,1,0.9372371904687742,1.0494531165766174,False,False,False,False,-0.2841351904338276,-0.2685895617205446,False,False,False,False,257006413,257760630.3932641,False,False,False,False,289821.9301441208,False,False,False,False
2025-09-02 00:00:00+00:00,2.53,2.595,2.5,2.55,206325,2.673558866620667,3.034110591757342,3.0907176268989978,3.083944293442301,8.221451507751077,7.982882631875612,7.932902971871709,7.716415967240546,8.535075305465652,9.369334281740754,,2.714625275451749,3.029442835617103,3.02755551547117,3.141118516379562,3.364344329526336,4.288204901943998,4.311464273082219,5.674299710857856,7.811014426877037,3.037753663921837,2.855614151037367,4.040007690367868,9.753209871076214,9.793021371851774,10.076242029453368,10.686938184859551,"rgba(239, 83, 80, 1.0)",0.0,0.0,0.2909501830652728,4.85953486773041,-8.006645134874496,0.0,0.0,0.0,0.0,-1.0,2.57,2.5637,922.0,41.105401648457956,-10.709917878228204,False,True,False,True,False,0.0,1,0.9305086984187966,1.0415411028802632,False,False,False,False,-0.3335784500113851,-0.30108400586596484,False,False,False,False,256800088,257722962.0641165,False,False,False,False,286547.54072670435,False,False,False,False
2025-09-03 00:00:00+00:00,2.48,2.5637,2.46,2.53,271869,2.6600194653748983,3.023995158701996,3.084223407360714,3.0777919720256737,8.218067241278186,7.980097124202364,7.930179407343111,7.713995983868524,8.532822896179269,9.367032268010625,,2.706646805565163,3.0244260811411605,3.022595446441107,3.1372188174604534,3.360050358356844,4.283744056309414,4.307376358266037,5.670915195764188,7.8084243202168775,3.0325653477897245,2.845262525274655,4.034626717052775,9.750986673341101,9.790789042525432,10.073934929083888,10.684466705887512,"rgba(239, 83, 80, 1.0)",0.0,0.0,0.29730460313243545,4.853933231593345,-7.984851921501758,0.0,0.0,0.0,0.0,-1.0,2.5,2.49,921.0,39.16779218425121,-6.667853247082775,False,True,False,True,False,0.0,1,0.9424497133417548,1.0387595957632882,False,False,False,False,-0.34282825441539394,-0.32195613014067936,False,False,False,False,256528219,257676109.39493546,False,False,False,False,285971.9116785983,False,False,False,False
2025-09-04 00:00:00+00:00,2.47,2.49,2.42,2.48,278564,2.645116894879588,3.013234670317494,3.077255775596363,3.071180161813731,8.214578804953836,7.977224498325822,7.927370430741997,7.711499139581222,8.530500997777576,9.3646610095069,,2.697546508974986,3.0189862792303956,3.0172149284229355,3.133016200172767,3.3554856147563226,4.279091203370495,4.303111694375726,5.6674098000601765,7.805752451126472,3.0269477763587336,2.834066785269023,4.029004915612864,9.748697193050516,9.788490227420576,10.07155960809637,10.681923160145402,"rgba(239, 83, 80, 1.0)",0.0,0.0,0.3031980443056376,4.585223938352351,-6.976377249386569,0.0,0.0,0.0,0.0,0.0,0.0,0.0,0.0,37.703013666320864,-8.15479489345367,False,True,False,True,False,0.0,0,0.9350349754427741,1.0598799424517535,True,False,False,False,-0.34282825441539394,-0.3323921922780366,False,False,False,False,256249655,257620170.0068988,False,False,False,False,285681.4053382611,False,False,False,False
2025-09-05 00:00:00+00:00,2.49,2.535,2.4213,2.47,240305,2.635272105650353,3.0046344543759806,3.071579652873594,3.065791274075085,8.211584421405528,7.974758727087763,7.924959351520437,7.709356183232605,8.528506710262121,9.362623279211817,,2.6909006708539414,3.0145593731781366,3.0128362360501195,3.129550148939559,3.3516811155640753,4.275144954849852,4.299492466168066,5.664412785206032,7.803459210038684,3.022375038940959,2.8254591766148147,4.024255241659566,9.746729298242771,9.786514274768404,10.06951765880263,10.67973611242652,"rgba(239, 83, 80, 1.0)",0.0,0.0,0.3086467557524789,4.581048436037242,-6.774891998910788,0.0,0.0,0.0,0.0,0.0,0.0,0.0,0.0,37.408011141274116,-8.555665809503168,False,True,False,True,False,0.0,1,0.9276082768905733,1.0531659727831975,False,False,False,False,-0.32688669066621917,-0.32963944147212787,False,False,False,False,256489960,257575848.04584396,False,False,False,False,283901.93846225087,False,False,False,False
2025-09-08 00:00:00+00:00,2.53,2.57,2.455,2.5,210964,2.6293844515638685,2.99781851933545,3.066985937180849,3.0614296608680345,8.20897483463935,7.972610115255277,7.922858501182376,7.707489357379458,8.52676749216896,9.360844763492443,,2.6863506857150616,3.0109931323334145,3.0093092551637977,3.1267061772971623,3.3485063939984396,4.271764518590565,4.296390090416249,5.661816252086035,7.801461296484936,3.01868844785904,2.819003864562762,4.0202068819770815,9.745011172156499,9.784789065247203,10.067734491274535,10.677825544649043,"rgba(239, 83, 80, 1.0)",0.0,0.0,0.3129419397817579,4.578018393667824,-6.54440371621678,0.0,0.0,0.0,0.0,0.0,0.0,0.0,0.0,38.56998981281307,-8.555665809503168,False,True,False,True,False,0.0,1,0.932914150532279,1.0476623295772893,False,False,False,False,-0.30352233462577133,-0.31658088804894957,False,False,False,False,256700924,257541537.29894814,False,False,False,False,281041.6271500057,False,False,False,False
2025-09-09 00:00:00+00:00,2.68,2.69,2.51,2.53,302816,2.6292012768984434,2.990498845219548,3.061799868440867,3.0565140091719525,8.205304463042225,7.969590169341645,7.919906199056066,7.704867969749148,8.52431777137701,9.35833390397073,,2.6841742445914942,3.0070689900383103,3.0054315530921536,3.123388655230145,3.3445806476420263,4.267233332424358,4.292225979916349,5.658224878704402,7.798654897899689,3.0146155504641006,2.813371044885227,4.014850222954276,9.742583363702376,9.782351042467104,10.06521312684124,10.675121084457441,"rgba(239, 83, 80, 0.5)",0.0,0.0,0.3146473072261069,4.5760732920693385,-6.026027391700549,0.0,0.0,0.0,0.0,1.0,2.6,2.57,0.0,43.48557663010249,-10.700244828005076,False,False,False,True,True,0.0,1,0.9340702772803061,1.036781325264003,False,False,False,False,-0.2453692274513391,-0.2809750577501443,False,False,False,False,257003740,257520447.2087933,False,False,False,False,281895.52412451536,False,False,False,False
2025-09-10 00:00:00+00:00,2.6,2.73,2.6,2.7,248277,2.62994131492166,2.984974660601206,3.057797516702402,3.0527189480013726,8.202307726443626,7.967124394154893,7.917495692830217,7.7027277743979745,8.522316449058739,9.35628175540465,,2.682988618863614,3.0040492646562735,3.002447739887611,3.1207914727129786,3.341467654844843,4.263574374042034,4.288861324058126,5.655302821604086,7.796363626151905,3.01147958461178,2.809383912739133,4.010541319600277,9.740598712772677,9.780358013971135,10.063151778877659,10.672909658018378,"rgba(239, 83, 80, 0.5)",0.0,0.0,0.3170991404617461,4.5741103354017,-6.22553038941413,0.0,0.0,0.0,0.0,0.0,0.0,0.0,0.0,44.811784138474664,-9.533772525381785,False,False,False,True,True,0.0,1,0.9324178214130366,1.0537873609643944,False,False,False,False,-0.20321937422157427,-0.2420972159858593,False,False,False,False,256755463,257490447.8280563,False,False,False,False,280577.1506294363,False,False,False,False
2025-09-11 00:00:00+00:00,2.69,2.72,2.62,2.62,187801,2.6317216100939556,2.981307907096282,3.05505998354091,3.050124281710763,8.200056667006216,7.965272424023044,7.915685321455638,7.701120753602582,8.5208120971739,9.354738011661073,,2.682852777724384,3.002006210693009,3.0004296807542876,3.1189813668843773,3.339242787630778,4.260874324655279,4.286376719160535,5.653120706794675,7.794643023740821,3.009354065866148,2.8070709499476743,4.007378960578633,9.739105272849386,9.77885822953506,10.061600301666957,10.671244646551727,#000000,0.0,0.0,0.3185868713731134,4.5728293965408735,-5.909940319969417,0.0,0.0,0.0,0.0,0.0,0.0,0.0,0.0,47.790246168383646,-6.793732983517046,True,False,False,False,True,0.0,1,0.928377956687262,1.055894651438557,False,False,False,False,-0.20000818876173407,-0.22105270237379668,False,False,False,False,256943264,257468989.63872078,False,False,False,False,276938.8702125957,False,False,False,False
2025-09-12 00:00:00+00:00,2.73,2.81,2.67,2.67,376126,2.6391620731687855,2.9756162508260484,3.050544734482546,3.0458517308322985,8.195602692243574,7.961609248683896,7.912104767225269,7.697943713720356,8.517832431630913,9.351676120862907,,2.6850730759732375,2.9987307886330665,2.997197448675686,3.1158859100069836,3.3352308091826264,4.255697991465244,4.28160815806617,5.6488478927472086,7.7912408514612785,3.0059305192642323,2.80469643064599,4.001373841948161,9.736141518825516,9.775881739391604,10.058520206989712,10.667937073403957,#000000,0.0,0.0,0.3189785640776498,4.571180622610401,-5.772113959865331,0.0,0.0,0.0,0.0,0.0,0.0,0.0,0.0,50.627533501902946,-4.23112467915783,True,False,False,False,True,0.0,0,0.9299301070512251,1.0597565753718987,False,False,False,False,-0.15544566951065342,-0.18824918594222506,False,False,False,False,257319390,257463122.98622194,False,False,False,False,280828.56157680764,False,False,False,False
2025-09-15 00:00:00+00:00,2.74,2.76,2.67,2.75,260151,2.6430966937171516,2.971620889220619,3.0473664025871905,3.0428395580082586,8.192518791844982,7.95907212332703,7.909624766304126,7.695742763633178,8.515768564922952,9.349555727651897,,2.686134617599531,2.9963993441348413,2.9948957395921427,3.113699818036426,3.3324258786979253,4.252107007848765,4.278298754116733,5.645886381386093,7.788884183865304,3.003497664623556,2.802841696867394,3.9972100033398763,9.734089176349153,9.773820597497338,10.056387469479215,10.665647129673252,"rgba(38, 166, 154, 1.0)",0.0,0.0,0.3198651884082643,4.569497040054502,-5.719587833732624,0.0,0.0,0.0,0.0,0.0,0.0,0.0,0.0,52.73701316525016,-2.3532215863101413,True,False,True,False,True,0.0,0,0.9115752961730237,1.074320619253478,False,False,False,False,-0.17128174707080132,-0.1797654665065132,False,False,False,False,257579541,257467688.39852697,False,False,False,False,280017.6768090897,False,False,False,False
2025-09-16 00:00:00+00:00,2.77,2.77,2.6711,2.74,190832,2.6462109726976832,2.9689269809638987,3.0451708637767347,3.040758748948797,8.190264487821011,7.9572174600213685,7.907811886783799,7.694133954367737,8.514259142522025,9.348004404035429,,2.6871498640830156,2.994798624403682,2.993315729793542,3.1121673804992533,3.3304305490880672,4.249507058796111,4.27590139654222,5.643727959931088,7.787161531065201,3.001825499492282,2.8017593690528573,3.994205520450314,9.73258739850429,9.772312363089581,10.054826724053976,10.66397109221372,"rgba(38, 166, 154, 1.0)",0.0,0.0,0.32056471851321205,4.568305654248801,-5.609805291703317,0.0,0.0,0.0,0.0,0.0,0.0,0.0,0.0,54.818483184719454,-0.46462905487796036,True,False,True,False,True,0.0,0,0.9191361712074382,1.0756824143573227,False,False,False,False,-0.16775905579951572,-0.17376226115301446,False,False,False,False,257770373,257479558.38289845,False,False,False,False,276520.1992871646,False,False,False,False
2025-09-17 00:00:00+00:00,2.75,2.86,2.7136,2.77,235621,2.6512571718955993,2.96620923944692,3.0428272465870245,3.038540732307856,8.187502781763216,7.954945754074095,7.905591490474661,7.692164007102367,8.512408630577356,9.346100842087122,,2.6892502087384447,2.9931328574541287,2.9916729715615316,3.110479822521642,3.3281398121884895,4.2463884640365155,4.273023520545857,5.6411016887817045,7.785051967049209,3.000077926622668,2.8012175002234203,3.9906256473130286,9.730743971817995,9.770460953439175,10.052910454244048,10.66191244482391,"rgba(38, 166, 154, 1.0)",0.0,0.0,0.3214081769851739,4.567192857486485,-5.653847623081194,0.0,0.0,0.0,0.0,0.0,0.0,0.0,0.0,55.55033098730574,0.21904184856696673,True,False,True,False,True,0.0,0,0.9220034359719836,1.0737544601559401,False,False,False,False,-0.1260009362324655,-0.14988159869273998,False,False,False,False,257534752,257481722.83847106,False,False,False,False,274916.3091190405,False,False,False,False
2025-09-18 00:00:00+00:00,2.88,2.96,2.77,2.8,397479,2.6648653877177724,2.9639924759397003,3.0403388897538175,3.0362048064240588,8.182932375173834,7.95118856647258,7.901919770375044,7.6889088372326455,8.509341520686647,9.342938754099935,,2.6962935295895942,2.9915817680821597,2.990151061172924,3.108469133828772,3.324977022092009,4.241496653741161,4.268501339100961,5.63682938498508,7.7815650043153175,2.998412375755795,2.8034518240121415,3.9851043615643875,9.727679078076337,9.767382540997112,10.04972247395856,10.658484064128695,"rgba(38, 166, 154, 1.0)",0.0,0.0,0.32150593008493616,4.5668738938857905,-5.246789362299316,0.0,0.0,0.0,0.0,0.0,0.0,0.0,0.0,58.79749386367004,3.3102430035732624,True,False,True,False,True,0.0,0,0.9193719358685569,1.0606996157413542,False,False,False,False,-0.07725616282436125,-0.11356888075855062,False,False,False,False,257932231,257499389.8251977,False,False,False,False,279722.68915358797,False,False,False,False
2025-09-19 00:00:00+00:00,2.9,2.93,2.82,2.91,298402,2.674613459323591,2.962620976509066,3.0386599547463105,3.03463056008844,8.179514961734641,7.948378947297769,7.899174087614833,7.686474702629662,8.507046558634869,9.34057177342523,,2.7016096967518353,2.990567660022107,2.9891573350918725,3.1070647664319444,3.3226998970391928,4.237882464523901,4.26515766909044,5.633646072404602,7.778957561404435,2.99731669684054,2.805353506304862,3.981044089572714,9.725384419565938,9.765077732841188,10.047335440971151,10.65591663831387,"rgba(38, 166, 154, 1.0)",0.0,0.0,0.321544372988396,4.5665290417951825,-5.182889771345259,0.0,0.0,0.0,0.0,0.0,0.0,0.0,0.0,61.327401493151136,5.673441881323896,True,False,True,False,True,0.0,0,0.9335067360277445,1.0477657729758572,False,False,False,False,-0.07105393844131348,-0.09231140959993206,False,False,False,False,258230633,257528066.02813113,False,False,False,False,280455.2111475649,False,False,False,False
2025-09-22 00:00:00+00:00,2.93,2.95,2.83,2.89,151532,2.6796811118378105,2.9621134310345996,3.0379290634826353,3.0339475309159907,8.177787793338092,7.946959011427095,7.897786502861177,7.685244707664787,8.505886008989938,9.339374177970367,,2.704479819596453,2.9901546206462086,2.9887537938864046,3.106421451962347,3.321604741870057,4.2360814815713965,4.263490373361463,5.632044100269049,7.777639939044941,2.996864480810445,2.8065238468281755,3.9790310299243106,9.72422315871898,9.763911315018621,10.046127268931764,10.65461687182477,"rgba(38, 166, 154, 1.0)",0.0,0.0,0.32146725838709506,4.566410883952359,-5.090443400558924,0.0,0.0,0.0,0.0,0.0,0.0,0.0,0.0,63.56858184388494,7.76914167001226,True,False,True,False,True,0.0,0,0.9373512342542323,1.0397020673424084,False,False,False,False,-0.06176067468690734,-0.07703604214341969,False,False,False,False,258382165,257561560.10545933,False,False,False,False,275399.3989456997,False,False,False,False
2025-09-23 00:00:00+00:00,2.85,2.98,2.84,2.9,221028,2.6862654267998662,2.9612240651433264,3.0367727967253537,3.032863484502181,8.175264169720087,7.94488382197883,7.8957585223979905,7.683446743788416,8.504190040147803,9.337624519756618,,2.7082516921605535,2.9894676646753284,2.988081115518961,3.1054292208764958,3.319966945648653,4.2334370320025965,4.261041957236728,5.629699394161755,7.775714048003178,2.996119690730206,2.8079533313752454,3.976071954984155,9.722526716416363,9.762207357339172,10.044362446223024,10.652718524512892,"rgba(38, 166, 154, 1.0)",0.0,0.0,0.3216555289373969,4.566025521184706,-5.334979090375567,0.0,0.0,0.0,0.0,0.0,0.0,0.0,0.0,62.186802061213804,7.76914167001226,True,False,True,False,True,0.0,0,0.9510338924109889,1.0237139876414412,False,False,False,False,-0.04938593176326865,-0.06321098695334418,False,False,False,False,258161137,257585072.9248531,False,False,False,False,273267.1872223389,False,False,False,False
2025-09-24 00:00:00+00:00,2.83,2.9338,2.83,2.85,181695,2.6907397595443454,2.9602543045965577,3.035673580426707,3.0318282257246274,8.173181479224342,7.943170632114858,7.894084207688436,7.681961919220397,8.502790340024577,9.336181269188424,,2.7108218288848556,2.988767561981728,2.9873935329638175,3.10452498096099,3.3185508968556907,4.23122999015,4.2589986097189,5.627757098951863,7.774123790112128,2.9953704767151375,2.8087396817992003,3.9735948698716728,9.721127612895634,9.760802084859552,10.04290718569641,10.651153588446874,"rgba(38, 166, 154, 0.75)",0.0,0.0,0.3201867839141628,4.565454562822873,-5.420131779355771,0.0,0.0,0.0,0.0,-1.0,2.84,2.81,937.0,60.59827908866289,7.76914167001226,True,False,True,False,False,0.0,0,0.9623159774843039,1.02358465035722,False,False,False,False,-0.06677761189554707,-0.06499429942444562,False,False,False,False,257979442,257600538.37878042,False,False,False,False,269676.121056757,False,False,False,False
2025-09-25 00:00:00+00:00,2.74,2.81,2.66,2.77,197524,2.6919591701788295,2.9578411171420247,3.033612604545892,3.029867121934961,8.170864680788801,7.941262618648624,7.892219025803993,7.680305936886846,8.501234979215898,9.334582012706605,2.7366666666666672,2.711275583613128,2.98724026335434,2.985884908904824,3.1030295620395116,3.316590407452835,4.228614883120886,4.256580837933021,5.62555106825421,7.772351140314668,2.9937782181329142,2.8076681961694168,3.9706052713682713,9.719578901518995,9.759246707883536,10.041297630592062,10.649425090572775,"rgba(38, 166, 154, 0.75)",0.0,0.0,0.3189301513782615,4.563758122739508,-5.718362202062457,0.0,0.0,0.0,0.0,-1.0,2.83,2.8,937.0,56.803482413519504,12.824947596017665,True,False,True,False,False,0.0,0,0.9343874292756708,1.0767604055795192,False,False,False,False,-0.15860645640820512,-0.11180037791632537,False,False,False,False,257781918,257607651.30510277,False,False,False,False,266846.62611335475,False,False,False,False
2025-09-26 00:00:00+00:00,2.77,2.8,2.69,2.74,90606,2.692697665973616,2.956833616399718,3.032729222076675,3.0290268797738094,8.169805862810966,7.940390665066061,7.891366666120839,7.679549253841201,8.500523864149987,9.33385053138632,2.7419077036985624,2.711611589503827,2.986592040224711,2.985244821170627,3.1023786815766337,3.3157212449637865,4.2274317361141085,4.255486485407209,5.624546100012754,7.771541117392737,2.993101295535888,2.807300170835872,3.969257203225017,9.718870418753191,9.758535165901948,10.040561234758242,10.648634135435941,"rgba(38, 166, 154, 0.75)",0.0,0.0,0.30621274183149966,4.56304390179575,-5.855549612571027,0.0,0.0,0.0,0.0,0.0,0.0,0.0,0.0,55.11664386880629,11.22179247803362,True,False,True,False,False,0.0,0,0.9038054816200274,1.0961225811092727,False,False,False,False,-0.15228796082796608,-0.13204416937214572,False,False,False,False,257872524,257618038.46960855,False,False,False,False,259935.22901087024,False,False,False,False
2025-09-29 00:00:00+00:00,2.83,2.87,2.74,2.74,175185,2.695440440005467,2.9554796400695724,3.03140033612326,3.027767115086879,8.167782495949945,7.938725081820404,7.889738681888213,7.678104691633243,8.499163784269237,9.33244957819961,2.768914597340183,2.7131589710210107,2.9856686279889315,2.9843347822460853,3.1013422130366264,3.3142268009576386,4.225242409845612,4.253459422481281,5.622645569054288,7.769994411444087,2.9921280596059767,2.807378159865376,3.96678738782041,9.717512785268159,9.757171602543607,10.03914956874648,10.647116906233915,"rgba(38, 166, 154, 0.75)",0.0,0.0,0.30051446880752464,4.562080873392969,-5.763718732965045,0.0,0.0,0.0,0.0,0.0,0.0,0.0,0.0,55.58037435040309,11.22179247803362,True,False,True,False,False,0.0,0,0.9112083673318002,1.0916994288257547,False,False,False,False,-0.11461138307510813,-0.12332777622362692,False,False,False,False,258047709,257634888.2943298,False,False,False,False,256611.6906182871,False,False,False,False
2025-09-30 00:00:00+00:00,2.75,2.8348,2.695,2.81,168594,2.696821368515798,2.9537199857009107,3.0298270878712144,3.0262700916972993,8.165817291825245,7.937106494782779,7.888156462298401,7.676700036622901,8.497843201709767,9.331090862309459,2.7665183864554344,2.7138338484110656,2.9845167052496158,2.9831973670307357,3.100168088908885,3.312644518848606,4.22306239881448,4.251441860966424,5.6207842464341,7.768490781763738,2.990924558433155,2.8067951806185154,3.9643108606129736,9.716196632540276,9.755849758370195,10.037781498503424,10.64564736512365,"rgba(38, 166, 154, 0.75)",0.0,0.0,0.2979838710469264,4.5607918795561275,-6.076811718681796,0.0,0.0,0.0,0.0,0.0,0.0,0.0,0.0,53.50680917776893,9.493784483709092,True,False,True,False,False,0.0,0,0.8953340581596556,1.107697961808799,False,False,False,False,-0.09654573982708459,-0.10993675802535575,False,False,False,False,257879115,257644465.81219923,False,False,False,False,253160.0164763935,False,False,False,False
2025-10-01 00:00:00+00:00,2.72,2.8,2.7,2.76,155017,2.6976550462660116,2.951966179747604,3.0282908858376696,3.024806398053709,8.164004948854846,7.935613419679635,7.886696869626226,7.675403974149915,8.496625286461175,9.329838272264674,2.761294514435496,2.71417643504348,2.983374782636734,2.982069208478211,3.0990327892003613,3.3111454275803167,4.221036431631208,4.249566851194521,5.619063042425677,7.767103537580569,2.9897343864442627,2.806048959687613,3.9620051828514136,9.714983443417081,9.754631342175411,10.036520609658178,10.644293236097283,#000000,0.0,0.0,0.2980382858569424,4.5594905080433685,-6.171993986458233,0.0,0.0,0.0,0.0,0.0,0.0,0.0,0.0,51.3084700826999,7.280846874519966,True,False,False,False,False,0.0,1,0.9093262252900483,1.067500731861393,False,False,False,False,-0.10399108302686073,-0.10696392052610824,False,False,False,False,257724098,257647588.6430934,False,False,False,False,249311.27073222122,False,False,False,False
2025-10-02 00:00:00+00:00,2.8,2.84,2.7265,2.74,163375,2.6994734003014016,2.9505674164538127,3.0269606615456643,3.02354163568687,8.162113385153733,7.934055552432411,7.885174063322733,7.674052276677387,8.495353146672441,9.328528440763357,2.7660289665064024,2.7151925785905733,2.982421955233644,2.9811290799699415,3.098005690393857,3.3097083415772675,4.2189774188171665,4.247659538418394,5.617281992112574,7.765656520230034,2.988735101224502,2.805848619613035,3.959681302903225,9.713714248345852,9.753356627309412,10.035201099947122,10.64287541280931,#000000,0.0,0.0,0.2954342810696486,4.558425066544386,-5.9520007636819825,0.0,0.0,0.0,0.0,0.0,0.0,0.0,0.0,52.09027070301953,7.280846874519966,True,False,False,False,False,0.0,1,0.9138016171841241,1.0573421393741125,False,False,False,False,-0.07061546625369572,-0.08878969338990197,False,False,False,False,257887473,257656995.872776,False,False,False,False,245941.2208995851,False,False,False,False
2025-10-03 00:00:00+00:00,2.81,2.93,2.78,2.8,388049,2.7058288617383033,2.9483605553352685,3.024525909951516,3.0212344202304067,8.157668598981799,7.930395836658934,7.88159700882948,7.670878309830521,8.492360898896541,9.325443750100762,2.7874765591213064,2.719101064632967,2.9807841702479103,2.9795168496176982,3.0959924330637043,3.30665867061321,4.214284618292515,4.243307379948581,5.6131369705762095,7.762258228682704,2.986998416931918,2.8067671912247376,3.9544379520783033,9.71072377501285,9.750353018454968,10.03209103621566,10.639531769139902,#000000,0.0,0.0,0.2936938560777321,4.55660125862184,-5.947013267310455,0.0,0.0,0.0,0.0,0.0,0.0,0.0,0.0,52.87660941347224,7.280846874519966,True,False,False,False,False,0.0,1,0.9281376048959155,1.041927457616641,False,False,False,False,-0.009027639884844063,-0.04890866663737302,False,False,False,False,258275522,257681251.7993338,False,False,False,False,251514.07498195433,False,False,False,False
2025-10-06 00:00:00+00:00,3.06,3.1315,2.8,2.82,740494,2.7289745222196684,2.9501512562210768,3.0238624986608276,3.0206706146788243,8.149457484749462,7.9236419314196125,7.874997507624818,7.66502981468593,8.48681824730343,9.319707975755824,2.862169160632865,2.734780964880925,2.981135947635544,2.9798933974059256,3.094542472980022,3.302871094091636,4.206431694046793,4.235998440165515,5.605707814535796,7.755993080460953,2.9872200416138925,2.816062588635252,3.94595941695855,9.705154794210417,9.744758815544934,10.026293243406046,10.63328762254808,"rgba(38, 166, 154, 1.0)",0.0,0.0,0.29384093573262043,4.556910789165003,-5.0942894849991625,0.0,0.0,0.0,0.0,0.0,0.0,0.0,0.0,58.26925908813752,2.4116943125667945,True,False,True,False,True,2.102226145499788,1,0.945073135496298,0.998058749172335,False,False,False,False,0.08001220413504984,0.015551768748838408,False,False,False,False,259016016,257733595.4934776,False,False,False,False,270689.75831599534,False,False,False,False
2025-10-07 00:00:00+00:00,2.89,3.1,2.84,3.1,356975,2.7368814512243858,2.9500327604725287,3.0229320316048964,3.0198069961684486,8.145467162883536,7.920357126008707,7.871787366238754,7.66218316100582,8.484124092533989,9.316923092875804,2.8740639609237526,2.7403002038034527,2.980748642342309,2.979521212053287,3.09348048594548,3.3007623781482285,4.202515146162969,4.2323537270858855,5.602067843719,7.752944579524835,2.9867637087328167,2.818989059885645,3.94169665904816,9.702451898081744,9.742043800218266,10.023480294853432,10.630259912375413,"rgba(38, 166, 154, 1.0)",0.0,0.0,0.2935066799715092,4.556212319545812,-5.676914473318127,0.0,0.0,0.0,0.0,0.0,0.0,0.0,0.0,57.41166759619551,2.4116943125667945,True,False,True,False,True,0.0,1,0.94213821548322,1.013590101183941,False,False,False,False,0.3428281105984163,0.17918993967362734,False,False,False,False,258659041,257769887.47412556,False,False,False,False,274073.49328399554,False,False,False,False
2025-10-08 00:00:00+00:00,3.01,3.1,2.9071,2.91,517868,2.750535696250066,2.9514018043138726,3.0226479479809347,3.0195821064070025,8.139758485597381,7.9156591310728075,7.867196634360095,7.658114081238808,8.480264241882479,9.31292684117704,2.897143621119413,2.7501128112053568,2.981114068422676,2.9799022043556675,3.0925951300500105,3.2982730101280504,4.197155632068277,4.227356745025924,5.596928404559887,7.748586198928477,2.987045107876087,2.8250162655173217,3.935958972596407,9.698570757542672,9.738145040844548,10.019439396702053,10.625907414096845,"rgba(38, 166, 154, 1.0)",0.0,0.0,0.2938195959626951,4.556082522969021,-5.2620129637824435,0.0,0.0,0.0,0.0,0.0,0.0,0.0,0.0,58.768438008415075,2.915404076915671,True,False,True,False,True,1.20214009986163,1,0.9992202073331091,0.9915140209779516,False,False,False,False,0.34282811939443936,0.2610090295340334,False,False,False,False,259176909,257825064.78886575,False,False,False,False,283634.06217481924,False,False,False,False
2025-10-09 00:00:00+00:00,3.0,3.1,2.98,3.02,314032,2.7587866399272563,2.9525077552121757,3.022687724989557,3.0196499368600787,8.136317062547995,7.912826814156647,7.864429046680201,7.655661182261885,8.477935253822887,9.31051404986945,2.9095909524350176,2.7561772271557516,2.9815150583027643,2.9803112968815,3.0921943560068517,3.2968905461581794,4.193985752546891,4.224398050922476,5.5938469150096255,7.745958865194146,2.9873989570981654,2.8288877809766984,3.9325914580004424,9.69622681380881,9.735790410052042,10.016998604738337,10.623277760461617,"rgba(38, 166, 154, 1.0)",0.0,0.0,0.29326765750018446,4.556103913720694,-5.306087711767927,0.0,0.0,0.0,0.0,0.0,0.0,0.0,0.0,59.43052939419822,3.7068498290713094,True,False,True,False,True,1.0317148312762754,1,1.0057620194506265,0.965641291424042,False,False,False,False,0.3428281278072818,0.3019185786706576,False,False,False,False,258862877,257865763.30694947,False,False,False,False,284826.1381679636,False,False,False,False
2025-10-10 00:00:00+00:00,2.82,3.05,2.8,3.0,304142,2.7624770889760475,2.9516306676769655,3.0214278300168234,3.018458755138291,8.132899405433287,7.9100101856588845,7.86167599866435,7.653217943722106,8.475625006677816,9.308128226490762,2.907922793608151,2.7589602377072,2.9807414370288945,2.979552568831338,3.0910109091717715,3.2948945562427063,4.190574505590096,4.2212210173638525,5.59071100237997,7.743343452794588,2.9865637325990733,2.8300033877141924,3.928865244970689,9.693911773520188,9.733465087667078,10.014590120947553,10.620686870783599,"rgba(38, 166, 154, 0.75)",0.0,0.0,0.2931831054990384,4.554793332558235,-5.917098564070995,0.0,0.0,0.0,0.0,0.0,0.0,0.0,0.0,56.02884188151388,3.7068498290713094,True,False,True,False,False,0.0,1,0.9966567272070117,0.966055239300021,False,False,False,False,0.20299956791717982,0.2524590732939187,False,False,False,False,258558735,257892938.66746125,False,False,False,False,285583.6229456905,False,False,False,False
2025-10-13 00:00:00+00:00,2.98,3.0,2.87,2.87,232326,2.7664211641676886,2.9516133748602122,3.0209134858169113,3.017981644833138,8.130321588371292,7.907886455379715,7.859600425194337,7.65137679366965,8.473880499465736,9.306323979739926,2.9104924961627816,2.7619475812560492,2.9805442010993133,2.979364124733683,3.090383260712298,3.2936070060405775,4.188100403604645,4.218913262061839,5.588373567287653,7.741372181018545,2.986325782813517,2.8316536739326033,3.9262001431718545,9.692160021570459,9.73170546351078,10.012766925002435,10.61872427955873,"rgba(38, 166, 154, 0.75)",0.0,0.0,0.2928429305937042,4.554198093940626,-5.375571439437268,0.0,0.0,0.0,0.0,0.0,0.0,0.0,0.0,56.40995205247284,3.7068498290713094,True,False,True,False,False,0.6911415692097975,1,1.0161309666586713,0.946719836891341,False,False,False,False,0.21478123293650325,0.23362015311521098,False,False,False,False,258791061,257928159.15109023,False,False,False,False,283495.0887125262,False,False,False,False
