date,Close,High,Low,Open,Volume,Gap_Up_aVWAP_905,Gap_Up_aVWAP_890,Gap_Up_aVWAP_872,Gap_Up_aVWAP_870,Gap_Up_aVWAP_849,Gap_Up_aVWAP_827,Gap_Up_aVWAP_822,Gap_Up_aVWAP_807,Gap_Up_aVWAP_802,Gap_Up_aVWAP_778,Gap_Down_aVWAP_816,Gap_Down_aVWAP_793,Gap_Down_aVWAP_735,Gap_Down_aVWAP_696,Gap_Down_aVWAP_685,Gap_Down_aVWAP_662,Gap_Down_aVWAP_649,Gap_Down_aVWAP_648,Gap_Down_aVWAP_611,Gap_Down_aVWAP_603,aVWAP_OB_bull_897,aVWAP_OB_bull_746,aVWAP_OB_bear_280,aVWAP_OB_bear_104,color,Liquidity,Liquidity_Level,StDev,StDev_Mean,StdDev_ZScore,OB,OB_High,OB_Low,OB_Mitigated_Index,FVG,FVG_High,FVG_Low,FVG_Mitigated_Index,QQEMOD,QQE1_Value,QQE1_Above_Upper,QQE1_Below_Lower,QQE2_Above_Threshold,QQE2_Below_Threshold,QQE2_Above_TL,banker_RSI,TTM_squeeze_Active,VI_plus,VI_minus,VI_Regular_Bullish,VI_Regular_Bearish,VI_Hidden_Bullish,VI_Hidden_Bearish,Fisher,Fisher_Signal,Fisher_Regular_Bullish,Fisher_Regular_Bearish,Fisher_Hidden_Bullish,Fisher_Hidden_Bearish,OBV,OBV_Smoothed,OBV_Regular_Bullish,OBV_Regular_Bearish,OBV_Hidden_Bullish,OBV_Hidden_Bearish,Volume_MA,Vol_Regular_Bullish,Vol_Regular_Bearish,Vol_Hidden_Bullish,Vol_Hidden_Bearish
2022-01-03 00:00:00+00:00,65.0727970841,65.164849652,64.3782186173,64.3782186173,1490142,,,,,,,,,,,,,,,,,,,,,,,,,#000000,0.0,0.0,,,,0.0,0.0,0.0,0.0,0.0,0.0,0.0,0.0,,,False,False,False,False,False,,0,,,False,False,False,False,,,False,False,False,False,0,0.0,False,False,False,False,1490142.0,False,False,False,False
2022-01-04 00:00:00+00:00,65.4493757709,65.8677965341,64.846849872,65.1815864825,2043194,,,,,,,,,,,,,,,,,,,,,,,,,"rgba(38, 166, 154, 0.5)",0.0,0.0,,,,0.0,0.0,0.0,0.0,0.0,0.0,0.0,0.0,100.0,,False,False,True,False,False,,0,,,False,False,False,False,,,False,False,False,False,2043194,80125.25490196078,False,False,False,False,1511830.3137254901,False,False,False,False
2022-01-05 00:00:00+00:00,65.5246915083,66.5707434161,65.4912178472,65.800849212,1652147,,,,,,,,,,,,,,,,,,,,,,,,,"rgba(38, 166, 154, 0.5)",0.0,0.0,,,,0.0,0.0,0.0,0.0,0.0,0.0,0.0,0.0,100.0,50.0,False,False,True,False,True,,0,,,False,False,False,False,,,False,False,False,False,3695341,221898.4213763937,False,False,False,False,1517332.92887351,False,False,False,False
2022-01-06 00:00:00+00:00,66.1690594835,66.4117435262,65.7841123814,66.1021121614,3486288,,,,,,,,,,,,,,,,,,,,,,,,,"rgba(38, 166, 154, 0.5)",0.0,0.0,,,,0.0,0.0,0.0,0.0,0.0,0.0,0.0,0.0,100.0,50.0,False,False,True,False,True,,0,,,False,False,False,False,,,False,False,False,False,7181629,494829.03230280965,False,False,False,False,1594546.8532314117,False,False,False,False
2022-01-07 00:00:00+00:00,66.8711695241,67.0484570585,66.0818178828,66.465940874,3396732,,,,,,,,,,,,,,,,,,,,,,,,,"rgba(38, 166, 154, 0.5)",0.0,0.0,,,,0.0,0.0,0.0,0.0,0.0,0.0,0.0,0.0,100.0,50.0,False,False,True,False,True,,0,,,False,False,False,False,,,False,False,False,False,10578361,890261.6584870132,False,False,False,False,1665220.78055567,False,False,False,False
2022-01-10 00:00:00+00:00,66.4321718198,66.9387076324,66.0185009062,66.8036314157,1884558,,,,,,,,,,,,,,,,,,,,,,,,,"rgba(38, 166, 154, 0.5)",0.0,0.0,,,,0.0,0.0,0.0,0.0,0.0,0.0,0.0,0.0,92.39281206375811,43.026744391778266,False,False,True,False,False,,0,,,False,False,False,False,,,False,False,False,False,8693803,1196282.887565954,False,False,False,False,1673822.2401417221,False,False,False,False
2022-01-11 00:00:00+00:00,67.630973243,67.6436366383,66.5165944553,66.5165944553,1651930,,,,,,,,,,,,,,,,,,,,,,,,,"rgba(38, 166, 154, 0.5)",0.0,0.0,,,,0.0,0.0,0.0,0.0,0.0,0.0,0.0,0.0,90.4152950931415,41.636642054059806,False,False,True,False,False,,0,,,False,False,False,False,,,False,False,False,False,10345733,1555084.852759446,False,False,False,False,1672963.7209204782,False,False,False,False
2022-01-12 00:00:00+00:00,68.5005263879,68.5005263879,67.6647422971,67.6731845607,2563947,,,,,,,,,,,,,,,,,,,,,,,,,"rgba(38, 166, 154, 0.5)",0.0,0.0,,,,0.0,0.0,0.0,0.0,0.0,0.0,0.0,0.0,90.20271578953985,41.636642054059806,False,False,True,False,False,,0,,,False,False,False,False,,,False,False,False,False,12909680,2000363.093827703,False,False,False,False,1707904.241668695,False,False,False,False
2022-01-13 00:00:00+00:00,68.6946984494,69.5473670672,68.5765067598,68.8466591931,1546683,,,,,,,,,,,,,,,,,,,,,,,,,"rgba(38, 166, 154, 0.5)",0.0,0.0,,,,0.0,0.0,0.0,0.0,0.0,0.0,0.0,0.0,90.25442044023308,41.636642054059806,False,False,True,False,False,,0,,,False,False,False,False,,,False,False,False,False,14456363,2488833.6783834794,False,False,False,False,1701581.8400346285,False,False,False,False
2022-01-14 00:00:00+00:00,68.922639565,69.310983688,67.9348947305,68.1712781097,1878039,,,,,,,,,,,,,,,,,,,,,,,,,"rgba(38, 166, 154, 0.5)",0.0,0.0,,,,0.0,0.0,0.0,0.0,0.0,0.0,0.0,0.0,90.50839208178373,41.636642054059806,False,False,True,False,False,,0,,,False,False,False,False,,,False,False,False,False,16334402,3031797.141976284,False,False,False,False,1708501.7286607216,False,False,False,False
2022-01-18 00:00:00+00:00,69.6655587568,70.1383255152,69.3574161375,69.7584236558,1888003,,,,,,,,,,,,,,,,,,,,,,,,,"rgba(38, 166, 154, 0.5)",0.0,0.0,,69.72043346983332,,0.0,0.0,0.0,0.0,0.0,0.0,0.0,0.0,91.26670243442565,41.636642054059806,False,False,True,False,True,,0,,,False,False,False,False,,,False,False,False,False,18222405,3627507.2540556453,False,False,False,False,1715540.9942034383,False,False,False,False
2022-01-19 00:00:00+00:00,68.5933912869,69.9694802444,68.3907769618,69.8428462912,2859865,,,,,,,,,,,,,,,,,,,,,,,,,"rgba(38, 166, 154, 0.5)",0.0,0.0,,69.27717581903826,,0.0,0.0,0.0,0.0,0.0,0.0,0.0,0.0,84.41308844143273,37.069803877618355,False,False,True,False,False,,0,,,False,False,False,False,,,False,False,False,False,15362540,4087704.6166416984,False,False,False,False,1760416.4454111469,False,False,False,False
2022-01-20 00:00:00+00:00,68.6440448681,69.6571164933,68.4161037525,68.5765067598,1655516,,,,,,,,,,,,,,,,,,,,,,,,,"rgba(38, 166, 154, 0.5)",0.0,0.0,,69.18114955451992,,0.0,0.0,0.0,0.0,0.0,0.0,0.0,0.0,79.96328527230833,33.321413590678645,False,False,True,False,False,,0,,,False,False,False,False,,,False,False,False,False,17018056,4594777.219910651,False,False,False,False,1756302.702453847,False,False,False,False
2022-01-21 00:00:00+00:00,67.2763981741,68.424546016,66.9724766866,68.1375090555,2210531,,,,,,,,,,,,,,,,,,,,,,,,,"rgba(38, 166, 154, 0.5)",0.0,0.0,,68.76456207586028,,0.0,0.0,0.0,0.0,0.0,0.0,0.0,0.0,70.69094614920317,25.21558033161689,False,False,True,False,False,,0,,,False,False,False,False,,,False,False,False,False,14807525,4995277.1328553315,False,False,False,False,1774115.5768674216,False,False,False,False
2022-01-24 00:00:00+00:00,66.2042307042,66.2802110761,64.4229130966,65.8580978989,3083791,,,,,,,,,,,,,,,,,,,,,,,,,"rgba(38, 166, 154, 0.5)",0.0,0.0,,66.78776382297926,,0.0,0.0,0.0,0.0,0.0,0.0,0.0,0.0,61.26413936307681,17.258730011519702,False,False,True,False,False,,0,,,False,False,False,False,,,False,False,False,False,11723734,5259138.186468848,False,False,False,False,1825475.3973824247,False,False,False,False
2022-01-25 00:00:00+00:00,66.8036314157,67.3186094919,65.1067364436,65.765233,2053377,,,,,,,,,,,,,,,,,,,,,,,,,"rgba(38, 166, 154, 0.5)",0.0,0.0,,66.82818673957203,,0.0,0.0,0.0,0.0,0.0,0.0,0.0,0.0,56.95662924618359,14.164465765542218,False,False,True,False,False,,0,,,False,False,False,False,,,False,False,False,False,13777111,5593176.336019089,False,False,False,False,1834412.7151321336,False,False,False,False
2022-01-26 00:00:00+00:00,66.7360933074,67.9180102034,66.263326549,67.6816268242,3187760,,,,,,,,,,,,,,,,,,,,,,,,,#000000,0.0,0.0,,66.95536803321622,,0.0,0.0,0.0,0.0,0.0,0.0,0.0,0.0,53.88185745431598,11.988239130039531,False,False,False,False,False,,0,,,False,False,False,False,,,False,False,False,False,10589351,5789104.75421442,False,False,False,False,1887485.1576759715,False,False,False,False
2022-01-27 00:00:00+00:00,66.651670672,67.7660494596,66.3308646573,67.2510713835,2156294,,,,,,,,,,,,,,,,,,,,,,,,,#000000,0.0,0.0,,66.97775079221279,,0.0,0.0,0.0,0.0,0.0,0.0,0.0,0.0,51.56096639656926,10.25956808358837,False,False,False,False,False,,0,,,False,False,False,False,,,False,False,False,False,8433057,5892789.156009933,False,False,False,False,1898026.680904365,False,False,False,False
2022-01-28 00:00:00+00:00,66.2295574948,66.651670672,65.4191001947,66.6263438813,1781811,,,,,,,,,,,,,,,,,,,,,,,,,"rgba(239, 83, 80, 0.5)",0.0,0.0,,66.89213703145671,,0.0,0.0,0.0,0.0,0.0,0.0,0.0,0.0,48.67389483907483,7.782721894645412,False,False,False,True,False,,0,,,False,False,False,False,,,False,False,False,False,6651246,5922532.561656602,False,False,False,False,1893469.2032218408,False,False,False,False
2022-01-31 00:00:00+00:00,67.5634351346,67.622615402,65.8580978989,66.17046165,1528404,,,,,,,,,,,,,,,,,,,,,,,,,#000000,0.0,0.0,,66.91347835926678,,0.0,0.0,0.0,0.0,0.0,0.0,0.0,0.0,51.11645066130139,7.782721894645412,False,False,False,False,False,,0,,,False,False,False,False,,,False,False,False,False,8179650,6011046.971003402,False,False,False,False,1879152.920742553,False,False,False,False
2022-02-01 00:00:00+00:00,68.8382169296,68.9141973015,67.4283589179,67.5465506075,2432542,,,,,,,,,,,,,,,,,,,,,,,,,"rgba(38, 166, 154, 0.5)",0.0,0.0,,67.10837028682509,,0.0,0.0,0.0,0.0,0.0,0.0,0.0,0.0,55.59501604534092,7.782721894645412,False,False,True,False,True,,0,,,False,False,False,False,,,False,False,False,False,10612192,6191484.030964053,False,False,False,False,1900854.453262453,False,False,False,False
2022-02-02 00:00:00+00:00,70.1129987246,70.2649594684,69.0999270994,69.2603301068,1826284,,,,,,,,,,,,,,,,,,,,,,,,,"rgba(38, 166, 154, 0.5)",0.0,0.0,,67.3445948574595,,0.0,0.0,0.0,0.0,0.0,0.0,0.0,0.0,60.66177732868657,0.6930041409702667,False,False,True,False,True,,0,,,False,False,False,False,,,False,False,False,False,12438476,6436464.10818115,False,False,False,False,1897930.1217619646,False,False,False,False
2022-02-03 00:00:00+00:00,69.9779225079,70.7208416997,69.4460599047,69.6317897026,2383609,,,,,,,,,,,,,,,,,,,,,,,,,"rgba(38, 166, 154, 0.5)",0.0,0.0,,67.61794760466339,,0.0,0.0,0.0,0.0,0.0,0.0,0.0,0.0,63.56493051595715,3.3898753902669085,False,False,True,False,True,,0,,,False,False,False,False,,,False,False,False,False,10054867,6578362.260801497,False,False,False,False,1916976.3522811034,False,False,False,False
2022-02-04 00:00:00+00:00,69.8934998725,70.3409398403,69.4840500906,69.7499813922,1801260,,,,,,,,,,,,,,,,,,,,,,,,,"rgba(38, 166, 154, 0.5)",0.0,0.0,,67.77969279438553,,0.0,0.0,0.0,0.0,0.0,0.0,0.0,0.0,65.18494478637142,5.014277545822807,False,False,True,False,True,,0,,,False,False,False,False,,,False,False,False,False,8253607,6644058.132926929,False,False,False,False,1912438.4561132172,False,False,False,False
2022-02-07 00:00:00+00:00,70.7208416997,70.8728024435,70.0961141975,70.3156130496,1654763,,,,,,,,,,,,,,,,,,,,,,,,,"rgba(38, 166, 154, 0.5)",0.0,0.0,,67.9484182171734,,0.0,0.0,0.0,0.0,0.0,0.0,0.0,0.0,67.61420702726558,7.526666943561608,False,False,True,False,True,,0,,,False,False,False,False,,,False,False,False,False,9908370,6772070.363008226,False,False,False,False,1902333.53626564,False,False,False,False
2022-02-08 00:00:00+00:00,71.4468763644,71.6030582399,70.7292839632,70.7968220716,1986683,,,,,,,,,,,,,,,,,,,,,,,,,"rgba(38, 166, 154, 0.5)",0.0,0.0,,68.17209481435836,,0.0,0.0,0.0,0.0,0.0,0.0,0.0,0.0,70.24415181137815,10.275386301354246,False,False,True,False,True,,0,,,False,False,False,False,,,False,False,False,False,11895053,6972971.642890257,False,False,False,False,1905641.35837287,False,False,False,False
2022-02-09 00:00:00+00:00,71.4637608915,72.1222574478,71.2864733571,71.7254710613,2471414,,,,,,,,,,,,,,,,,,,,,,,,,"rgba(38, 166, 154, 0.5)",0.0,0.0,,68.43884077444773,,0.0,0.0,0.0,0.0,0.0,0.0,0.0,0.0,72.020385667627,12.262993165471954,False,False,True,False,True,,0,,,False,False,False,False,,,False,False,False,False,14366467,7262912.637286717,False,False,False,False,1927828.52078962,False,False,False,False
2022-02-10 00:00:00+00:00,71.5735103175,72.2742181916,71.0585322414,71.066974505,2264628,,,,,,,,,,,,,,,,,,,,,,,,,"rgba(38, 166, 154, 0.5)",0.0,0.0,,68.64969883579911,,0.0,0.0,0.0,0.0,0.0,0.0,0.0,0.0,73.36486272594803,13.913255960568357,False,False,True,False,True,,0,,,False,False,False,False,,,False,False,False,False,16631095,7630292.3377852775,False,False,False,False,1941036.3435037527,False,False,False,False
2022-02-11 00:00:00+00:00,71.4046650467,72.6161298651,71.0585322414,71.4215495738,2316849,,,,,,,,,,,,,,,,,,,,,,,,,"rgba(38, 166, 154, 0.5)",0.0,0.0,,69.79219017864786,,-1.0,72.61613,71.05853,874.0,0.0,0.0,0.0,0.0,73.44368942975406,14.460409610856217,False,False,True,False,True,,0,,,False,False,False,False,,,False,False,False,False,14314246,7892408.167676051,False,False,False,False,1955774.0947388997,False,False,False,False
2022-02-14 00:00:00+00:00,70.4338047392,71.3033578842,70.0074704303,71.0247631872,2540297,,,,,,,,,,,,,,,,,,,,,,,,,"rgba(38, 166, 154, 0.5)",0.0,0.0,,69.67331798815304,,0.0,0.0,0.0,0.0,0.0,0.0,0.0,0.0,69.34003963318968,14.460409610856217,False,False,True,False,True,,0,,,False,False,False,False,,,False,False,False,False,11773949,8044625.455218167,False,False,False,False,1978696.5616118843,False,False,False,False
2022-02-15 00:00:00+00:00,70.8728024435,71.1598394039,70.5097851111,70.9318982883,2353353,,,,,,,,,,,,,,,,,,,,,,,,,"rgba(38, 166, 154, 0.5)",0.0,0.0,,69.71574000586652,,0.0,0.0,0.0,0.0,0.0,0.0,0.0,0.0,67.61110923280162,14.460409610856217,False,False,True,False,False,,0,,,False,False,False,False,,,False,False,False,False,14127302,8283161.790307651,False,False,False,False,1993388.9709604378,False,False,False,False
2022-02-16 00:00:00+00:00,71.7592401155,72.0884883937,70.6533035913,70.8137065987,1393287,,,,,,,,,,,,,,,,,,,,,,,,,"rgba(38, 166, 154, 0.5)",0.0,0.0,,69.79388454874652,,0.0,0.0,0.0,0.0,0.0,0.0,0.0,0.0,68.21741842678378,14.460409610856217,False,False,True,False,False,,0,,,False,False,False,False,,,False,False,False,False,15520589,8566982.465197548,False,False,False,False,1969855.5603345383,False,False,False,False
2022-02-17 00:00:00+00:00,70.8305911257,71.6157216352,70.7123994361,71.3708959925,2268824,,,,,,,,,,,,,,,,,,,,,,,,,"rgba(38, 166, 154, 0.5)",0.0,0.0,,69.85408650200377,,0.0,0.0,0.0,0.0,0.0,0.0,0.0,0.0,65.26508585711322,14.460409610856217,False,False,True,False,False,,0,,,False,False,False,False,,,False,False,False,False,13251765,8750699.427346664,False,False,False,False,1981579.8128704387,False,False,False,False
2022-02-18 00:00:00+00:00,70.2565172048,70.9825518695,70.2143058871,70.8305911257,2022914,,,,,,,,,,,,,,,,,,,,,,,,,"rgba(38, 166, 154, 0.5)",0.0,0.0,,69.85772739258472,,0.0,0.0,0.0,0.0,0.0,0.0,0.0,0.0,61.5206235198672,19.340517651745998,False,False,True,False,False,,0,,,False,False,False,False,,,False,False,False,False,11228851,8847881.84196052,False,False,False,False,1983200.7613853235,False,False,False,False
2022-02-22 00:00:00+00:00,70.1467677788,70.3747088944,69.1759074713,69.8259617641,2473256,,,,,,,,,,,,,,,,,,,,,,,,,"rgba(38, 166, 154, 0.5)",0.0,0.0,,69.8188930905647,,0.0,0.0,0.0,0.0,0.0,0.0,0.0,0.0,58.69061357751973,16.48077480339562,False,False,True,False,False,,0,,,False,False,False,False,,,False,False,False,False,8755595,8844262.75011893,False,False,False,False,2002418.6138800166,False,False,False,False
2022-02-23 00:00:00+00:00,69.2940991609,70.7208416997,69.0323889911,70.53089077,2527599,,,,,,,,,,,,,,,,,,,,,,,,,#000000,0.0,0.0,,69.77690523382218,,0.0,0.0,0.0,0.0,0.0,0.0,0.0,0.0,54.38753687919142,12.299246611151666,False,False,False,False,False,,0,,,False,False,False,False,,,False,False,False,False,6227996,8741664.054035835,False,False,False,False,2023013.9231396238,False,False,False,False
2022-02-24 00:00:00+00:00,67.4705702356,67.5641105157,65.967847325,66.3308646573,3845947,,,,,,,,,,,,,,,,,,,,,,,,,"rgba(239, 83, 80, 0.5)",0.0,0.0,,69.45476012885278,,0.0,0.0,0.0,0.0,0.0,0.0,0.0,0.0,47.80549024884379,6.130342836670458,False,False,False,True,False,,0,,,False,False,False,False,,,False,False,False,False,2382049,8492267.385250116,False,False,False,False,2094501.4947812073,False,False,False,False
2022-02-25 00:00:00+00:00,69.5895783849,69.7457602605,67.9011256763,68.036201893,2023387,,,,,,,,,,,,,,,,,,,,,,,,,"rgba(239, 83, 80, 0.5)",0.0,0.0,,69.4259701017948,,0.0,0.0,0.0,0.0,0.0,0.0,0.0,0.0,48.58609375791957,6.130342836670458,False,False,False,True,False,,0,,,False,False,False,False,,,False,False,False,False,4405436,8331999.487789327,False,False,False,False,2091712.6910642972,False,False,False,False
2022-02-28 00:00:00+00:00,68.1206245284,68.9817354098,67.5592140028,68.5511799691,3936141,,,,,,,,,,,,,,,,,,,,,,,,,"rgba(239, 83, 80, 0.5)",0.0,0.0,,69.30470097382828,,0.0,0.0,0.0,0.0,0.0,0.0,0.0,0.0,46.545717399319116,5.0105373588516215,False,False,False,True,False,,0,,,False,False,False,False,,,False,False,False,False,469295,8023658.135327,False,False,False,False,2164043.2129833447,False,False,False,False
2022-03-01 00:00:00+00:00,65.5119650937,68.1966049003,65.1996013426,67.9517792576,3207821,,,,,,,,,,,,,,,,,,,,,,,,,"rgba(239, 83, 80, 0.5)",0.0,0.0,,69.09582427657296,,0.0,0.0,0.0,0.0,0.0,0.0,0.0,0.0,41.92513817918983,0.5532462856085374,False,False,False,True,False,,0,,,False,False,False,False,,,False,False,False,False,-2738526,7601611.69864751,False,False,False,False,2204975.675219292,False,False,False,False
2022-03-02 00:00:00+00:00,67.8082607774,67.9011256763,65.9003092166,65.9003092166,2651306,,,,,,,,,,,,,,,,,,,,,,,,,"rgba(239, 83, 80, 0.5)",0.0,0.0,,68.99368070694727,,0.0,0.0,0.0,0.0,0.0,0.0,0.0,0.0,42.936572058626886,0.5532462856085374,False,False,False,True,False,,0,,,False,False,False,False,,,False,False,False,False,-87220,7300088.886935843,False,False,False,False,2222478.825210692,False,False,False,False
2022-03-03 00:00:00+00:00,65.4191001947,67.5465506075,65.2755817145,66.8711695241,2335980,,,,,,,,,,,,,,,,,,,,,,,,,"rgba(239, 83, 80, 0.5)",0.0,0.0,,68.86430011146335,,0.0,0.0,0.0,0.0,0.0,0.0,0.0,0.0,41.023187987485,-0.4989065140475972,False,False,False,True,False,,0,,,False,False,False,False,,,False,False,False,False,-2423200,6918783.44038934,False,False,False,False,2226929.851673018,False,False,False,False
2022-03-04 00:00:00+00:00,65.3853311405,65.6385990468,64.102107082,64.6339696852,2505044,,,,,,,,,,,,,,,,,,,,,,,,,"rgba(239, 83, 80, 0.5)",0.0,0.0,,68.69274987478846,,0.0,0.0,0.0,0.0,0.0,0.0,0.0,0.0,39.71440215967935,-2.009272593241505,False,False,False,True,False,,0,,,False,False,False,False,,,False,False,False,False,-4928244,6454194.129001522,False,False,False,False,2237836.2888623113,False,False,False,False
2022-03-07 00:00:00+00:00,64.0176844466,64.9294489092,63.8319546486,64.4566821508,3101513,,,,,,,,,,,,,,,,,,,,,,,,,"rgba(239, 83, 80, 0.5)",0.0,0.0,,68.46178920759134,,0.0,0.0,0.0,0.0,0.0,0.0,0.0,0.0,37.52411588573149,-4.386919220243314,False,False,False,True,False,,0,,,False,False,False,False,,,False,False,False,False,-8029757,5886196.045511266,False,False,False,False,2271705.963808887,False,False,False,False
2022-03-08 00:00:00+00:00,63.0552664026,64.6255274216,62.6500377526,64.2202987716,3120083,,,,,,,,,,,,,,,,,,,,,,,,,"rgba(239, 83, 80, 0.5)",0.0,0.0,,67.02146302427339,,0.0,0.0,0.0,0.0,0.0,0.0,0.0,0.0,35.22203056794088,-6.851968920450652,False,False,False,True,False,,0,,,False,False,False,False,,,False,False,False,False,-11149840,5218116.200589256,False,False,False,False,2304975.6515026563,False,False,False,False
2022-03-09 00:00:00+00:00,64.8787953279,65.3431198228,64.3216059341,64.7268345842,2231365,,,,,,,,,,,,,,,,,,,,,,,,,"rgba(239, 83, 80, 0.5)",0.0,0.0,,67.08263756427661,,0.0,0.0,0.0,0.0,0.0,0.0,0.0,0.0,36.85709176483251,-6.851968920450652,False,False,False,True,False,,0,,,False,False,False,False,,,False,False,False,False,-8918475,4663740.075075952,False,False,False,False,2302088.959286866,False,False,False,False
2022-03-10 00:00:00+00:00,64.9716602269,65.3220141639,64.0978859502,64.4482398872,1649735,,,,,,,,,,,,,,,,,,,,,,,,,"rgba(239, 83, 80, 0.5)",0.0,0.0,,67.06783416656528,,0.0,0.0,0.0,0.0,0.0,0.0,0.0,0.0,38.09919483920328,-6.851968920450652,False,False,False,True,False,,0,,,False,False,False,False,,,False,False,False,False,-7268740,4195799.679974935,False,False,False,False,2276506.451079538,False,False,False,False
2022-03-11 00:00:00+00:00,64.9716602269,66.0016163792,64.9252277774,65.3600043499,1526017,,,,,,,,,,,,,,,,,,,,,,,,,"rgba(239, 83, 80, 0.5)",0.0,0.0,,67.07209622693458,,0.0,0.0,0.0,0.0,0.0,0.0,0.0,0.0,38.92726355545045,-6.851968920450652,False,False,False,True,True,,0,,,False,False,False,False,,,False,False,False,False,-7268740,3746209.8886033692,False,False,False,False,2247075.492213674,False,False,False,False
2022-03-14 00:00:00+00:00,65.1658322884,66.2211152313,64.9041221186,65.5204073572,3083104,,,,,,,,,,,,,,,,,,,,,,,,,"rgba(239, 83, 80, 0.5)",0.0,0.0,,67.0605293520315,,0.0,0.0,0.0,0.0,0.0,0.0,0.0,0.0,39.85387524667958,-6.851968920450652,False,False,False,True,True,,0,,,False,False,False,False,,,False,False,False,False,-4185636,3435157.108658139,False,False,False,False,2279860.923891569,False,False,False,False
2022-03-15 00:00:00+00:00,66.0691544875,66.1535771229,64.4566821508,65.4275424582,1782655,,,,,,,,,,,,,,,,,,,,,,,,,"rgba(239, 83, 80, 0.5)",0.0,0.0,,67.04934623509232,,0.0,0.0,0.0,0.0,0.0,0.0,0.0,0.0,42.186224144399446,-6.851968920450652,False,False,False,True,True,0.0,0,,,False,False,False,False,-0.19835251986999508,-0.19835251986999508,False,False,False,False,-2402981,3206210.5161617417,False,False,False,False,2260362.6523664095,False,False,False,False
2022-03-16 00:00:00+00:00,67.2848404377,67.64785777,65.9256360073,66.9049385783,2228785,,,,,,,,,,,,,,,,,,,,,,,,,"rgba(239, 83, 80, 0.5)",0.0,0.0,,67.10886803712513,,0.0,0.0,0.0,0.0,0.0,0.0,0.0,0.0,45.78801989250673,-10.770727418141192,False,False,False,True,True,1.3655465809175773,0,0.9705098694573154,0.8769177960790746,False,False,False,False,-0.07668277350053729,-0.13751764668526617,False,False,False,False,-174196,3073645.554743634,False,False,False,False,2259124.313057923,False,False,False,False
2022-03-17 00:00:00+00:00,68.3570079077,68.3738924347,67.1159951668,67.1159951668,1768353,,,,,,,,,,,,,,,,,,,,,,,,,#000000,0.0,0.0,,67.18496696902223,,0.0,0.0,0.0,0.0,0.0,0.0,0.0,0.0,49.76853893686918,-6.909852611704068,False,True,False,False,True,4.195724176440308,0,0.9801960533884122,0.8769985673155215,False,False,False,False,0.0005945906307784065,-0.06846152802724388,False,False,False,False,1594157,3015626.39573408,False,False,False,False,2239878.3792125145,False,False,False,False
2022-03-18 00:00:00+00:00,68.3147965899,68.6356026046,67.5972041888,68.0784132107,1818516,,,,,,,,,,,,,,,,,,,,,,,,,"rgba(38, 166, 154, 0.5)",0.0,0.0,,67.25860966191809,,0.0,0.0,0.0,0.0,0.0,0.0,0.0,0.0,52.33858849166378,-4.451549253130111,False,True,True,False,True,4.073627317555694,0,0.9785598484569591,0.8832910031385768,False,False,False,False,0.03050366152857434,-0.01897893324933477,False,False,False,False,-224359,2888568.144920979,False,False,False,False,2223354.3643414355,False,False,False,False
2022-03-21 00:00:00+00:00,68.9395240921,69.0914848359,68.3823346983,68.5089686514,1822399,,,,,,,,,,,,,,,,,,,,,,,,,"rgba(38, 166, 154, 0.5)",0.0,0.0,,67.34438880999022,,0.0,0.0,0.0,0.0,0.0,0.0,0.0,0.0,54.98851336877725,-1.9114380369072776,False,True,True,False,True,5.687429872036635,0,0.987645140323958,0.8774823041208257,False,False,False,False,0.08061432530318942,0.030817696026927324,False,False,False,False,1598040,2837959.198061333,False,False,False,False,2207630.62456334,False,False,False,False
2022-03-22 00:00:00+00:00,69.1336961536,69.7668659193,69.0661580453,69.2687723703,2667982,,,,,,,,,,,,,,,,,,,,,,,,,"rgba(38, 166, 154, 0.5)",0.0,0.0,,67.84552453105819,,0.0,0.0,0.0,0.0,0.0,0.0,0.0,0.0,57.04756728600664,0.0914338839812956,False,False,True,False,True,6.184024435171146,0,0.9910865745189372,0.8750474807825064,False,False,False,False,0.1359747176188227,0.08339620682287502,False,False,False,False,4266022,2893961.660882457,False,False,False,False,2225683.619678503,False,False,False,False
2022-03-23 00:00:00+00:00,67.8926834128,68.8213324025,67.7322804055,68.7284675035,1951261,,,,,,,,,,,,,,,,,,,,,,,,,"rgba(38, 166, 154, 0.5)",0.0,0.0,,67.77865037487052,,0.0,0.0,0.0,0.0,0.0,0.0,0.0,0.0,55.679302372850714,0.0914338839812956,False,False,True,False,True,2.5599994921177256,0,0.976640187435311,0.8827887974107557,False,False,False,False,0.0434326907169951,0.06341444876993506,False,False,False,False,2314761,2871247.909475302,False,False,False,False,2214921.9483185615,False,False,False,False
2022-03-24 00:00:00+00:00,68.036201893,68.4161037525,67.6774056924,68.2303739545,1641976,,,,,,,,,,,,,,,,,,,,,,,,,"rgba(38, 166, 154, 0.5)",0.0,0.0,,67.75900689830621,,0.0,0.0,0.0,0.0,0.0,0.0,0.0,0.0,55.03086959114196,0.0914338839812956,False,False,True,False,True,2.9395965189806113,0,0.9702378336104981,0.8979962831075853,False,False,False,False,0.02489316713440977,0.044153807952172414,False,False,False,False,3956737,2913816.1091037216,False,False,False,False,2192453.4797570496,False,False,False,False
2022-03-25 00:00:00+00:00,68.9817354098,69.0112833322,68.0193173659,68.3232388535,1488465,,,,,,,,,,,,,,,,,,,,,,,,,"rgba(38, 166, 154, 0.5)",0.0,0.0,,67.79107980596373,,0.0,0.0,0.0,0.0,0.0,0.0,0.0,0.0,56.273691390737476,0.0914338839812956,False,False,True,False,True,5.391752450736707,0,0.9599910436109335,0.9015382261161746,False,False,False,False,0.06268428517174567,0.05341904656195904,False,False,False,False,5445202,3013086.144040831,False,False,False,False,2164846.088394028,False,False,False,False
2022-03-28 00:00:00+00:00,68.7791210848,68.8044478754,68.0446441566,68.6102758139,1687615,,,,,,,,,,,,,,,,,,,,,,,,,"rgba(38, 166, 154, 0.5)",0.0,0.0,,67.81636397242025,,0.0,0.0,0.0,0.0,0.0,0.0,0.0,0.0,56.61328858527703,0.3545184119766063,False,False,True,False,True,4.797993040115845,0,0.9467486092196757,0.9147468423590575,False,False,False,False,0.05535375874580446,0.054386402653881755,False,False,False,False,3757587,3042282.2560392297,False,False,False,False,2146131.143751125,False,False,False,False
2022-03-29 00:00:00+00:00,68.6102758139,69.5473670672,68.331681117,69.4207331141,1428750,,,,,,,,,,,,,,,,,,,,,,,,,"rgba(38, 166, 154, 0.5)",0.0,0.0,,67.84932782502324,,0.0,0.0,0.0,0.0,0.0,0.0,0.0,0.0,56.41244748750813,0.5135706154996313,False,False,True,False,True,4.299952590955311,0,0.9590560001629063,0.9014647377714747,False,False,False,False,0.09705260538311054,0.07571950401849614,False,False,False,False,2328837,3014304.0107043576,False,False,False,False,2117998.5498785316,False,False,False,False
2022-03-30 00:00:00+00:00,68.6102758139,69.0239467275,67.9982117071,68.7791210848,1634597,,,,,,,,,,,,,,,,,,,,,,,,,"rgba(38, 166, 154, 0.5)",0.0,0.0,,67.86997367043456,,0.0,0.0,0.0,0.0,0.0,0.0,0.0,0.0,56.27855342232887,0.7823023061194974,False,False,True,False,True,4.299952590955311,0,0.9412340753617984,0.923912686613649,False,False,False,False,0.06234318730050063,0.0690313456594984,False,False,False,False,2328837,2987422.9514610493,False,False,False,False,2099041.626353883,False,False,False,False
2022-03-31 00:00:00+00:00,67.0484570585,68.6187180775,66.8458427335,68.1037400014,2150656,,,,,,,,,,,,,,,,,,,,,,,,,#000000,0.0,0.0,,67.83849820934518,,0.0,0.0,0.0,0.0,0.0,0.0,0.0,0.0,52.45054762998396,0.7823023061194974,False,False,False,False,False,0.0,0,0.9389025080161731,0.9272719881734564,False,False,False,False,-0.0004247144665094015,0.034303315596494494,False,False,False,False,178181,2877256.600423361,False,False,False,False,2101065.719438045,False,False,False,False
2022-04-01 00:00:00+00:00,67.1159951668,67.7576071961,66.5334789824,67.5718773982,1681157,,,,,,,,,,,,,,,,,,,,,,,,,#000000,0.0,0.0,,67.804900590015,,0.0,0.0,0.0,0.0,0.0,0.0,0.0,0.0,50.072175798850886,5.425160294326965,False,True,False,False,False,0.0,0,0.9343709799296189,0.9345968662769321,False,False,False,False,-0.04768863148825005,-0.006692657945877777,False,False,False,False,1859338,2837338.223936171,False,False,False,False,2084598.7108326314,False,False,False,False
2022-04-04 00:00:00+00:00,67.943336994,67.9855483118,66.9218231053,67.2763981741,2551904,,,,,,,,,,,,,,,,,,,,,,,,,#000000,0.0,0.0,,67.78986256310036,,0.0,0.0,0.0,0.0,0.0,0.0,0.0,0.0,50.542777350996424,5.425160294326965,False,True,False,False,False,2.2603748663979353,0,0.9615031183068328,0.9173218887220441,False,False,False,False,-0.0228534023734212,-0.014773030159649488,False,False,False,False,4411242,2899059.940644556,False,False,False,False,2102924.408447038,False,False,False,False
2022-04-05 00:00:00+00:00,67.7238381419,68.7791210848,67.6225309794,68.2303739545,1850460,,,,,,,,,,,,,,,,,,,,,,,,,#000000,0.0,0.0,,67.79731065592196,,0.0,0.0,0.0,0.0,0.0,0.0,0.0,0.0,50.30956833559017,5.316117629271602,False,True,False,False,False,1.6327203069355072,0,1.0001072134870825,0.8885818802186519,False,False,False,False,0.03730686911112282,0.011266919475736666,False,False,False,False,2560782,2885794.139050652,False,False,False,False,2093023.8434098992,False,False,False,False
2022-04-06 00:00:00+00:00,66.7951891522,67.4790124992,66.4321718198,67.4705702356,3458871,,,,,,,,,,,,,,,,,,,,,,,,,#000000,0.0,0.0,,67.73835150230259,,0.0,0.0,0.0,0.0,0.0,0.0,0.0,0.0,48.00812222858023,2.9172975798230922,False,True,False,False,False,0.0,0,0.9744948365259861,0.9164212506806826,False,False,False,False,-0.06302540569617165,-0.025879243110217495,False,False,False,False,-898089,2737406.564970234,False,False,False,False,2146586.477001668,False,False,False,False
2022-04-07 00:00:00+00:00,65.284023978,66.6473029961,64.6875894076,66.4087291679,4313810,,,,,,,,,,,,,,,,,,,,,,,,,"rgba(239, 83, 80, 1.0)",0.0,0.0,,67.5831592989463,,0.0,0.0,0.0,0.0,0.0,0.0,0.0,0.0,43.75685793853818,-1.1836814613878701,False,True,False,True,False,0.0,0,0.9322930887334315,0.9347757138209187,False,False,False,False,-0.16819617938290507,-0.09703771124656128,False,False,False,False,-5211899,2425669.0918341465,False,False,False,False,2231575.6347663086,False,False,False,False
2022-04-08 00:00:00+00:00,65.5737207693,66.2383192907,65.2073395332,65.284023978,1431489,,,,,,,,,,,,,,,,,,,,,,,,,"rgba(239, 83, 80, 1.0)",0.0,0.0,,67.54139779125721,,0.0,0.0,0.0,0.0,0.0,0.0,0.0,0.0,41.74475677063436,-3.0642833480579554,False,True,False,True,False,0.0,0,0.9382290218733503,0.9379984838559674,False,False,False,False,-0.16361442139065052,-0.1303260663186059,False,False,False,False,-3780410,2182293.4411739837,False,False,False,False,2200199.688304885,False,False,False,False
2022-04-11 00:00:00+00:00,65.1902985455,66.0167864502,65.0284091621,65.2158600271,1933169,,,,,,,,,,,,,,,,,,,,,,,,,"rgba(239, 83, 80, 1.0)",0.0,0.0,,67.48121910604686,,0.0,0.0,0.0,0.0,0.0,0.0,0.0,0.0,39.742715860190756,-4.952361900699714,False,True,False,True,False,0.0,0,0.9482917669824856,0.9252686557140416,False,False,False,False,-0.18021289951655414,-0.15526948291758003,False,False,False,False,-5713579,1872651.384657357,False,False,False,False,2189727.896606654,False,False,False,False
2022-04-12 00:00:00+00:00,63.7758965643,65.6248437325,63.6821711318,65.5822412632,2223332,,,,,,,,,,,,,,,,,,,,,,,,,"rgba(239, 83, 80, 1.0)",0.0,0.0,,67.38342587856594,,0.0,0.0,0.0,0.0,0.0,0.0,0.0,0.0,36.31449246619635,-8.163118436696344,False,True,False,True,False,0.0,0,0.9234542256056525,0.9445147140090733,False,False,False,False,-0.2535385265722331,-0.20440400474490655,False,False,False,False,-7936911,1487962.6636904017,False,False,False,False,2191045.704582864,False,False,False,False
2022-04-13 00:00:00+00:00,63.6395686624,63.8653617498,62.79603977,63.2646669325,2201571,,,,,,,,,,,,,,,,,,,,,,,,,"rgba(239, 83, 80, 1.0)",0.0,0.0,,67.26573432777343,,0.0,0.0,0.0,0.0,0.0,0.0,0.0,0.0,33.84939951195397,-10.425168023839717,False,True,False,True,False,0.0,0,0.8884520236974787,0.9871084934774004,False,False,False,False,-0.34282825441539394,-0.27361612958015025,False,False,False,False,-10138482,1032023.6572711704,False,False,False,False,2191458.461265889,False,False,False,False
2022-04-14 00:00:00+00:00,63.4776792791,63.9718679231,63.4265563159,63.5714047115,2136664,,,,,,,,,,,,,,,,,,,,,,,,,"rgba(239, 83, 80, 1.0)",0.0,0.0,,67.16550282161701,,0.0,0.0,0.0,0.0,0.0,0.0,0.0,0.0,31.98105403056273,-12.155855500857548,False,True,False,True,False,0.0,0,0.8759510627233105,1.0031059428522484,False,False,False,False,-0.3110681041239904,-0.29234211685207034,False,False,False,False,-12275146,510173.866789948,False,False,False,False,2189309.658863305,False,False,False,False
2022-04-18 00:00:00+00:00,63.2561464386,63.7119928603,63.0686955736,63.3754333527,1257389,,,,,,,,,,,,,,,,,,,,,,,,,"rgba(239, 83, 80, 1.0)",0.0,0.0,,67.10514359187754,,0.0,0.0,0.0,0.0,0.0,0.0,0.0,0.0,30.41600520951199,-13.657751374577522,False,True,False,True,False,0.0,0,0.8647068624201579,1.0134215224872443,False,False,False,False,-0.33764403934176085,-0.31499307809691557,False,False,False,False,-13532535,-40520.59857436363,False,False,False,False,2152763.7506725877,False,False,False,False
2022-04-19 00:00:00+00:00,63.8014580458,63.9037039722,63.2050234754,63.4350768097,1792038,,,,,,,,,,,,,,,,,,,,,,,,,"rgba(239, 83, 80, 1.0)",0.0,0.0,,67.02991203415795,,0.0,0.0,0.0,0.0,0.0,0.0,0.0,0.0,31.412311382499215,-13.657751374577522,False,True,False,True,False,0.0,0,0.8658151213672053,1.005217745604816,False,False,False,False,-0.3234762394024698,-0.3192346587496927,False,False,False,False,-11740497,-499343.2025518395,False,False,False,False,2138617.642803075,False,False,False,False
2022-04-20 00:00:00+00:00,64.8835607664,65.3181059535,64.3467696531,64.5086590365,1644099,,,,,,,,,,,,,,,,,,,,,,,,,"rgba(239, 83, 80, 0.75)",0.0,0.0,2.275652472359674,66.98935402710181,-0.9253580176582379,0.0,0.0,0.0,0.0,0.0,0.0,0.0,0.0,35.52130963760245,-13.657751374577522,False,True,False,True,True,0.0,0,0.8695187483878463,1.0003302111339625,False,False,False,False,-0.21682037737654627,-0.2680275180631195,False,False,False,False,-10096398,-875698.2926478458,False,False,False,False,2119224.754850013,False,False,False,False
2022-04-21 00:00:00+00:00,64.1167163188,65.9912249686,63.9420461946,65.2584624964,1666796,,,,,,,,,,,,,,,,,,,,,,,,,"rgba(239, 83, 80, 0.75)",0.0,0.0,2.2921303980999324,66.94675860786074,-1.234677700451385,0.0,0.0,0.0,0.0,0.0,0.0,0.0,0.0,36.6872715504134,-19.389231598173623,False,True,False,True,True,0.0,0,0.8571852818480384,1.0012468535748373,False,False,False,False,-0.20593615924668454,-0.23698183865490202,False,False,False,False,-11763194,-1302658.9086224402,False,False,False,False,2101482.450738248,False,False,False,False
2022-04-22 00:00:00+00:00,62.4722610032,63.9037039722,62.301851126,63.9037039722,2316120,,,,,,,,,,,,,,,,,,,,,,,,,"rgba(239, 83, 80, 0.75)",0.0,0.0,2.353111554927515,66.84188686687006,-1.856956528269929,0.0,0.0,0.0,0.0,0.0,0.0,0.0,0.0,34.82549140356261,-19.389231598173623,False,True,False,True,True,0.0,0,0.8267574907318619,1.0344291268480859,False,False,False,False,-0.34282825441539394,-0.289905046535148,False,False,False,False,-14079314,-1803704.206323521,False,False,False,False,2109899.6095328266,False,False,False,False
2022-04-25 00:00:00+00:00,62.3103716198,62.5574659419,60.930051614,61.9525108776,2548879,,,,,,,,,,,,,,,,,,,,,,,,,"rgba(239, 83, 80, 0.75)",0.0,0.0,2.417261039504962,66.70608778766095,-1.8184697870947188,0.0,0.0,0.0,0.0,0.0,0.0,0.0,0.0,33.361403358477475,-19.389231598173623,False,True,False,True,True,0.0,0,0.8119666503742347,1.0548947189804625,False,False,False,False,-0.34282825441539394,-0.31636665047527096,False,False,False,False,-16628193,-2385056.708036324,False,False,False,False,2127114.487590363,False,False,False,False
2022-04-26 00:00:00+00:00,60.7766827245,61.8502649512,60.7681622306,61.6116911231,1975301,,,,,,,,,,,,,,,,,,,,,,,,,"rgba(239, 83, 80, 1.0)",0.0,0.0,2.5323843866525992,66.5894313560229,-2.295365846575294,0.0,0.0,0.0,0.0,0.0,0.0,0.0,0.0,30.528467178211606,-13.382991528566038,False,True,False,True,False,0.0,0,0.8033472108956319,1.0630308490025724,False,False,False,False,-0.34282825441539394,-0.32959745244533245,False,False,False,False,-18603494,-3021073.8567407816,False,False,False,False,2121161.01748878,False,False,False,False
2022-04-27 00:00:00+00:00,60.2569325989,60.930051614,60.0226190176,60.5040269209,1966450,,,,,,,,,,,,,,,,,,,,,,,,,"rgba(239, 83, 80, 1.0)",0.0,0.0,2.661070742287306,66.46351457259485,-2.3323626369887553,0.0,0.0,0.0,0.0,0.0,0.0,0.0,0.0,28.11046620393347,-15.740395074268932,False,True,False,True,False,0.0,0,0.8076594116637797,1.0594148399075982,False,False,False,False,-0.34282825441539394,-0.3362128534303632,False,False,False,False,-20569944,-3709264.842750947,False,False,False,False,2115093.9187637297,False,False,False,False
2022-04-28 00:00:00+00:00,62.3359331014,62.4552200155,60.7766827245,61.057859022,5436531,,,,,,,,,,,,,,,,,,,,,,,,,"rgba(239, 83, 80, 0.75)",0.0,0.0,2.719652526986345,66.22459073258509,-1.4298361987787152,0.0,0.0,0.0,0.0,0.0,0.0,0.0,0.0,32.10950191109862,-15.740395074268932,False,True,False,True,True,0.0,0,0.8088999260078448,1.029475747203839,False,False,False,False,-0.2671396511188831,-0.30167625227462314,False,False,False,False,-15133413,-4157270.6528391456,False,False,False,False,2245346.353322015,False,False,False,False
2022-04-29 00:00:00+00:00,61.552047666,62.5659864357,61.4838837151,62.2762896444,4732377,,,,,,,,,,,,,,,,,,,,,,,,,"rgba(239, 83, 80, 0.75)",0.0,0.0,2.7962589362983823,66.03936938162447,-1.6047590076063099,0.0,0.0,0.0,0.0,0.0,0.0,0.0,0.0,33.66046717560545,-15.740395074268932,False,True,False,True,True,0.0,0,0.8156854874114348,1.040802462047703,False,False,False,False,-0.23880762830139668,-0.2702419402880099,False,False,False,False,-19865790,-4773291.019394473,False,False,False,False,2342876.9669172303,False,False,False,False
2022-05-02 00:00:00+00:00,61.3560763072,61.8076624819,60.3975207476,61.739498531,4017431,,,,,,,,,,,,,,,,,,,,,,,,,"rgba(239, 83, 80, 0.75)",0.0,0.0,2.8694302373090754,65.87069105365791,-1.5733488438776861,0.0,0.0,0.0,0.0,0.0,0.0,0.0,0.0,34.419680434576364,-21.978740132007832,False,True,False,True,True,0.0,0,0.802963029398341,1.0464392803677032,False,False,False,False,-0.29765553758277735,-0.28394873893539363,False,False,False,False,-23883221,-5522700.038241749,False,False,False,False,2408545.752528319,False,False,False,False
2022-05-03 00:00:00+00:00,62.2336871751,62.6682323621,61.4071992704,61.5094451967,3225283,,,,,,,,,,,,,,,,,,,,,,,,,"rgba(239, 83, 80, 0.75)",0.0,0.0,2.9153252269263374,65.77078640467266,-1.2132777492210938,0.0,0.0,0.0,0.0,0.0,0.0,0.0,0.0,37.04983423011925,-19.35528813555176,False,True,False,True,True,0.0,0,0.8240859284479972,1.0252312599885136,False,False,False,False,-0.224049610218529,-0.2539991745769613,False,False,False,False,-20657938,-6116238.781840112,False,False,False,False,2440574.664193875,False,False,False,False
2022-05-04 00:00:00+00:00,63.0772160675,63.1496402653,61.8502649512,62.1655232242,5595434,,,,,,,,,,,,,,,,,,,,,,,,,"rgba(239, 83, 80, 0.75)",0.0,0.0,2.939679896108054,65.63855992214933,-0.8713002589296827,0.0,0.0,0.0,0.0,0.0,0.0,0.0,0.0,40.63314050024239,-15.89732468270276,False,True,False,True,True,0.0,0,0.8443079365743802,1.0105042076749915,False,False,False,False,-0.19018063391581297,-0.22208990424638714,False,False,False,False,-15062504,-6467072.71196403,False,False,False,False,2564294.6381470566,False,False,False,False
2022-05-05 00:00:00+00:00,62.0121543346,63.1283390307,61.4242402581,63.1198185368,5204676,,,,,,,,,,,,,,,,,,,,,,,,,"rgba(239, 83, 80, 0.5)",0.0,0.0,2.973738754472268,65.50537551546844,-1.1746900011357477,0.0,0.0,0.0,0.0,0.0,0.0,0.0,0.0,41.16204497523853,-15.318137393092634,False,False,False,True,True,0.0,0,0.8405308873579814,1.015457235429691,False,False,False,False,-0.199734440799476,-0.21091217252293157,False,False,False,False,-20267180,-7008253.389926225,False,False,False,False,2667839.0052785445,False,False,False,False
2022-05-06 00:00:00+00:00,61.5264861844,61.9184289021,60.930051614,61.6287321108,4743892,,,,,,,,,,,,,,,,,,,,,,,,,"rgba(239, 83, 80, 0.5)",0.0,0.0,3.0264038154180746,65.36684911038256,-1.268952578772785,0.0,0.0,0.0,0.0,0.0,0.0,0.0,0.0,40.73618028199168,-15.318137393092634,False,False,False,True,True,0.0,0,0.8532166414999713,1.0116207267120443,False,False,False,False,-0.26613181344173076,-0.23852199298233118,False,False,False,False,-25011072,-7714246.276595785,False,False,False,False,2749252.848208798,False,False,False,False
2022-05-09 00:00:00+00:00,60.5807113656,61.0919409974,60.2058096357,60.5721908718,4329884,,,,,,,,,,,,,,,,,,,,,,,,,"rgba(239, 83, 80, 0.75)",0.0,0.0,3.097616397249304,65.22243837190979,-1.4984834824711215,0.0,0.0,0.0,0.0,0.0,0.0,0.0,0.0,39.043838982187594,-15.318137393092634,False,True,False,True,True,0.0,0,0.8137304882052819,1.0446178757113556,False,False,False,False,-0.3286001615151437,-0.28356107724873747,False,False,False,False,-29340956,-8562352.540258696,False,False,False,False,2811238.383573159,False,False,False,False
2022-05-10 00:00:00+00:00,60.1972891418,61.3219943317,59.7627439548,60.8022442061,5319297,,,,,,,,,,,,,,,,,,,,,,,,,"rgba(239, 83, 80, 1.0)",0.0,0.0,3.1821850711386475,65.05008017496256,-1.524987052819696,0.0,0.0,0.0,0.0,0.0,0.0,0.0,0.0,37.37939761179561,-15.318137393092634,False,True,False,True,False,0.0,0,0.81967444741378,1.0394361058492172,False,False,False,False,-0.3373674220584961,-0.3104642496536168,False,False,False,False,-34660253,-9585799.617111295,False,False,False,False,2909593.6234330353,False,False,False,False
2022-05-11 00:00:00+00:00,60.7340802552,61.552047666,60.1972891418,60.43586297,4851688,,,,,,,,,,,,,,,,,,,,,,,,,"rgba(239, 83, 80, 1.0)",0.0,0.0,3.25021216538783,64.91745995969532,-1.2871097305723558,0.0,0.0,0.0,0.0,0.0,0.0,0.0,0.0,37.69777500719531,-15.318137393092634,False,True,False,True,False,0.0,0,0.8559625475420205,1.0256295903149348,False,False,False,False,-0.3101718645521686,-0.31031805710289273,False,False,False,False,-29808565,-10378849.239969676,False,False,False,False,2985754.187219975,False,False,False,False
2022-05-12 00:00:00+00:00,60.1035637093,60.3676990191,59.1237069151,60.2654530927,5309625,,,,,,,,,,,,,,,,,,,,,,,,,"rgba(239, 83, 80, 1.0)",0.0,0.0,3.3298599266997004,63.934560384405565,-1.1504978465873652,0.0,0.0,0.0,0.0,0.0,0.0,0.0,0.0,36.92058403541779,-15.318137393092634,False,True,False,True,False,0.0,0,0.8285674686814795,1.0393056990925595,False,False,False,False,-0.34282825441539394,-0.32657315575914336,False,False,False,False,-35118190,-11349019.465853218,False,False,False,False,3076886.3759564464,False,False,False,False
2022-05-13 00:00:00+00:00,60.6062728472,61.1515844545,60.3336170436,60.6318343288,2408083,,,,,,,,,,,,,,,,,,,,,,,,,"rgba(239, 83, 80, 1.0)",0.0,0.0,3.3937047361074666,63.928070907463415,-0.9788117466204408,0.0,0.0,0.0,0.0,0.0,0.0,0.0,0.0,37.77251294361612,-15.318137393092634,False,True,False,True,False,0.0,0,0.8527773662716657,1.0235573406360696,False,False,False,False,-0.2682171368166331,-0.2973951462878882,False,False,False,False,-32710107,-12186709.17307466,False,False,False,False,3050658.7925856053,False,False,False,False
2022-05-16 00:00:00+00:00,61.1089819851,61.556307913,60.1546866725,60.7596417368,2349439,,,,,,,,,,,,,,,,,,,,,,,,,"rgba(239, 83, 80, 0.5)",0.0,0.0,3.444182492824338,63.915751572166755,-0.8149305656463964,0.0,0.0,0.0,0.0,0.0,0.0,0.0,0.0,39.65942837441226,-15.318137393092634,False,False,False,True,True,0.0,1,0.8674475235652025,0.9887967936067071,False,False,False,False,-0.25996232369741784,-0.27867873499265305,False,False,False,False,-30360668,-12899413.440797225,False,False,False,False,3023159.9771900913,False,False,False,False
2022-05-17 00:00:00+00:00,62.4296585339,62.5404249541,61.4242402581,61.6628140862,2484787,,,,,,,,,,,,,,,,,,,,,,,,,"rgba(239, 83, 80, 0.5)",0.0,0.0,3.4708049942316115,63.94601526210574,-0.436889059087411,0.0,0.0,0.0,0.0,0.0,0.0,0.0,0.0,43.913668507096325,-11.247585249463512,False,False,False,True,True,0.0,1,0.8925411724751835,0.965364197071061,False,False,False,False,-0.17925313784775715,-0.2289659364202051,False,False,False,False,-27875881,-13486725.894099295,False,False,False,False,3002047.3114179308,False,False,False,False
2022-05-18 00:00:00+00:00,61.1430639606,62.2336871751,60.8192851938,62.1399617426,3696165,,,,,,,,,,,,,,,,,,,,,,,,,"rgba(239, 83, 80, 0.5)",0.0,0.0,3.5130628463323927,63.91712281732936,-0.7896411132028133,0.0,0.0,0.0,0.0,0.0,0.0,0.0,0.0,44.20719482234375,-10.901180497255368,True,False,False,True,True,0.0,1,0.89772296410464,0.9622437827654072,False,False,False,False,-0.2115687576795105,-0.2202673470498578,False,False,False,False,-31572046,-14195954.13354638,False,False,False,False,3029267.612930953,False,False,False,False
2022-05-19 00:00:00+00:00,61.0493385281,61.7352382841,60.5551498841,60.6999982797,1858111,,,,,,,,,,,,,,,,,,,,,,,,,"rgba(239, 83, 80, 0.5)",0.0,0.0,3.5433580216109553,63.89174702095183,-0.8021793099980217,0.0,0.0,0.0,0.0,0.0,0.0,0.0,0.0,44.230785289539504,-10.700935451114347,True,False,False,True,True,0.0,1,0.8856532873367561,0.9998803187312734,False,False,False,False,-0.2389349005090403,-0.22960112377944902,False,False,False,False,-33430157,-14950236.598897502,False,False,False,False,2983339.9026199356,False,False,False,False
2022-05-20 00:00:00+00:00,61.1515844545,61.7906214942,60.0633469783,61.4668427274,2009736,,,,,,,,,,,,,,,,,,,,,,,,,"rgba(239, 83, 80, 0.5)",0.0,0.0,3.5507096170351997,63.86110178554321,-0.7630917825675733,0.0,0.0,0.0,0.0,0.0,0.0,0.0,0.0,44.49990000120633,-10.194577931689594,True,False,False,True,True,0.0,1,0.8824313360566346,0.9987107645596495,False,False,False,False,-0.25475324094691637,-0.2421771823631827,False,False,False,False,-31420421,-15596126.183254464,False,False,False,False,2945159.357419154,False,False,False,False
2022-05-23 00:00:00+00:00,62.1996051996,62.8045602639,61.5690886537,62.1825642119,2276854,,,,,,,,,,,,,,,,,,,,,,,,,#000000,0.0,0.0,3.5402519312155505,63.860278082320214,-0.4690832502843997,0.0,0.0,0.0,0.0,0.0,0.0,0.0,0.0,47.12161989758903,-7.496180578704234,True,False,False,False,True,0.0,1,0.8874170566019978,0.9873175752734474,False,False,False,False,-0.16487975132259128,-0.203528466842887,False,False,False,False,-29143567,-16127398.372146444,False,False,False,False,2918951.3041870305,False,False,False,False
2022-05-24 00:00:00+00:00,61.5094451967,62.2592486566,60.5721908718,62.2592486566,3199336,,,,,,,,,,,,,,,,,,,,,,,,,#000000,0.0,0.0,3.5379085649275073,63.82645780095796,-0.6549102560838616,0.0,0.0,0.0,0.0,0.0,0.0,0.0,0.0,47.33227720032291,-7.121557581993734,True,False,False,False,True,0.0,1,0.8733266045509819,0.9989248097053649,False,False,False,False,-0.21948484709141994,-0.21150665696715348,False,False,False,False,-32342903,-16763300.51441521,False,False,False,False,2929946.7824542057,False,False,False,False
2022-05-25 00:00:00+00:00,62.42113804,62.8386422393,61.2623508747,61.5264861844,2076858,,,,,,,,,,,,,,,,,,,,,,,,,#000000,0.0,0.0,3.504337405134312,63.820480995849124,-0.3993174155544787,0.0,0.0,0.0,0.0,0.0,0.0,0.0,0.0,49.4484510522187,-4.944148852985592,True,False,False,False,True,0.0,1,0.8902866312769975,0.9891467147004379,False,False,False,False,-0.1744541468836278,-0.19298040192539062,False,False,False,False,-30266045,-17292819.906006772,False,False,False,False,2896492.320397178,False,False,False,False
2022-05-26 00:00:00+00:00,63.5884456993,64.3212081715,62.7023143375,62.8556832271,1316801,,,,,,,,,,,,,,,,,,,,,,,,,"rgba(38, 166, 154, 1.0)",0.0,0.0,3.4398534213782987,63.83468239057252,-0.07158348368630517,0.0,0.0,0.0,0.0,0.0,0.0,0.0,0.0,52.986330254174405,-1.5365520336091691,True,False,True,False,True,0.0,1,0.885906168647389,0.9851147397362244,False,False,False,False,-0.07310924217899267,-0.13304482205219165,False,False,False,False,-28949244,-17749934.57635945,False,False,False,False,2834543.6411659163,False,False,False,False
2022-05-27 00:00:00+00:00,64.4234540978,64.5938639751,63.6821711318,63.6992121195,1709695,,,,,,,,,,,,,,,,,,,,,,,,,"rgba(38, 166, 154, 1.0)",0.0,0.0,3.3662253226815473,63.862884026612676,0.1665277922455815,0.0,0.0,0.0,0.0,0.0,0.0,0.0,0.0,56.64691819677725,1.8541486560907074,True,False,True,False,True,0.0,0,0.8808678277788088,0.9904989374307619,False,False,False,False,-0.0302486135366167,-0.08164671779440417,False,False,False,False,-27239549,-18122076.318463005,False,False,False,False,2790431.929747645,False,False,False,False
2022-05-31 00:00:00+00:00,64.9858066928,65.2073395332,64.2786057022,64.5683024935,2515001,,,,,,,,,,,,,,,,,,,,,,,,,"rgba(38, 166, 154, 1.0)",0.0,0.0,3.2842900707182503,63.91341994609542,0.32652010742463144,0.0,0.0,0.0,0.0,0.0,0.0,0.0,0.0,59.898730027089954,4.780686951047144,True,False,True,False,True,0.8559645698618503,0,0.8824159490413513,0.9851525852900964,False,False,False,False,0.011047194290919759,-0.03529976175174221,False,False,False,False,-24724548,-18380996.776562497,False,False,False,False,2779630.716816365,False,False,False,False
2022-06-01 00:00:00+00:00,64.6449869383,65.5566797816,64.227482739,65.4203518798,1609601,,,,,,,,,,,,,,,,,,,,,,,,,"rgba(38, 166, 154, 1.0)",0.0,0.0,3.202768222139552,63.94214950599743,0.2194468608262411,0.0,0.0,0.0,0.0,0.0,0.0,0.0,0.0,61.11267100761796,5.809749646868262,True,False,True,False,True,0.0658541708469329,0,0.8718400614297488,0.9878919263895805,False,False,False,False,0.021226092454872753,-0.007036834648434728,False,False,False,False,-26334149,-18692885.099050242,False,False,False,False,2733747.1985098408,False,False,False,False
2022-06-02 00:00:00+00:00,65.6418847202,65.7356101527,64.3723311347,64.3723311347,1601771,,,,,,,,,,,,,,,,,,,,,,,,65.24994200253333,"rgba(38, 166, 154, 1.0)",1.0,61.013573,3.1418423184766073,64.15707355449793,0.47259251585293227,0.0,0.0,0.0,0.0,0.0,0.0,0.0,0.0,63.401980939939214,7.927199424914896,True,False,True,False,True,2.325194807704161,0,0.8667168979547739,0.9972775214013095,False,False,False,False,0.0511108933339673,0.022037029342766287,False,False,False,False,-24732378,-18929727.95791102,False,False,False,False,2689355.9750388665,False,False,False,True
2022-06-03 00:00:00+00:00,64.7046303953,65.4799953368,64.3425094061,65.4799953368,1561982,,,,,,,,,,,,,,,,,,,,,,,,65.04872305681,"rgba(38, 166, 154, 1.0)",0.0,0.0,3.066423680885868,64.14900965322654,0.18119503365984413,0.0,0.0,0.0,0.0,0.0,0.0,0.0,0.0,62.39350207571337,7.927199424914896,True,False,True,False,True,0.15139402294339632,0,0.8809200285545062,0.9892191639891592,False,False,False,False,0.040843765022203264,0.03144039718248477,False,False,False,False,-26294360,-19218537.05760078,False,False,False,False,2645145.2309196955,False,False,False,False
2022-06-06 00:00:00+00:00,64.9687657051,65.6418847202,64.7983558278,65.343667435,1233532,,,,,,,,,,,,,,,,,,,,,,,,65.07330018809746,"rgba(38, 166, 154, 1.0)",0.0,0.0,2.9607535726543723,64.1705485188453,0.2695993322872482,0.0,0.0,0.0,0.0,0.0,0.0,0.0,0.0,62.16382112352849,7.927199424914896,True,False,True,False,True,0.7516389838267372,0,0.8874795839992667,0.9794134265525152,False,False,False,False,0.06307739791374786,0.04725889754811632,False,False,False,False,-25060828,-19447646.50632232,False,False,False,False,2589787.8493150016,False,False,False,False
2022-06-07 00:00:00+00:00,65.1562165701,65.3010649657,64.414933604,64.6194254567,1326501,,,,,,,,,,,,,,,,,,,,,,,,65.04644121379417,"rgba(38, 166, 154, 1.0)",0.0,0.0,2.8771412836665604,64.18335750240259,0.3381339224529235,0.0,0.0,0.0,0.0,0.0,0.0,0.0,0.0,62.33614920760135,7.927199424914896,True,False,True,False,True,1.1803372966652468,0,0.8764873538283903,0.9933366217579628,False,False,False,False,0.03701506623350289,0.042136981890809604,False,False,False,False,-23734327,-19615751.623721447,False,False,False,False,2540247.188557551,False,False,False,False
2022-06-08 00:00:00+00:00,64.3467696531,65.0539706437,63.9207449599,64.9432042235,1206794,,,,,,,,,,,,,,,,,,,,,,,,64.94093025340295,"rgba(38, 166, 154, 0.75)",0.0,0.0,2.8049474147457016,64.1781784724117,0.060104934517490834,0.0,0.0,0.0,0.0,0.0,0.0,0.0,0.0,60.194106954136345,7.927199424914896,True,False,True,False,False,0.0,0,0.8704366871111925,0.9950776419759253,False,False,False,False,0.010391177146652811,0.026264079518731206,False,False,False,False,-24941121,-19824589.63847747,False,False,False,False,2487954.9066533335,False,False,False,False
2022-06-09 00:00:00+00:00,62.5915479173,64.1763597758,62.5745069296,64.0315113801,1461339,,,,,,,,,,,,,,,,,,,,,,,,64.6228191680278,"rgba(38, 166, 154, 0.75)",0.0,0.0,2.7414194097712845,64.13038522648196,-0.5613286692642002,0.0,0.0,0.0,0.0,0.0,0.0,0.0,0.0,54.9479805919337,10.280993229818094,True,False,True,False,False,0.0,0,0.8449440270548519,1.0164670166485419,False,False,False,False,-0.056755763070081795,-0.015245841775675294,False,False,False,False,-26402460,-20082545.338929333,False,False,False,False,2447695.459333595,False,False,False,False
2022-06-10 00:00:00+00:00,61.1004614913,61.5776091476,60.742600749,61.4583222335,2032764,,,,,,,,,,,,,,,,,,,,,,,,63.943729501810374,#000000,0.0,0.0,2.7146857084962543,64.00237934950425,-1.0689701018139994,0.0,0.0,0.0,0.0,0.0,0.0,0.0,0.0,49.069477678021,4.896665142487592,True,False,False,False,False,0.0,0,0.8392574852230459,1.0317087982501256,False,False,False,False,-0.22322838336839346,-0.11923711257203437,False,False,False,False,-28435224,-20410101.364853673,False,False,False,False,2431423.6373989442,False,False,False,False
2022-06-13 00:00:00+00:00,59.68605951,60.1802481541,59.379321731,60.0268792646,2324143,,,,,,,,,,,,,,,,,,,,,,,,63.17893648982736,"rgba(239, 83, 80, 0.5)",0.0,0.0,2.74757098496438,63.83760401106707,-1.5109871678605213,0.0,0.0,0.0,0.0,0.0,0.0,0.0,0.0,43.3646160795075,-0.15148067836955192,False,False,False,True,False,0.0,0,0.8390429991976058,1.0327795977307477,False,False,False,False,-0.33984564810272155,-0.22954138033737798,False,False,False,False,-30759367,-20815954.919173136,False,False,False,False,2427216.5535793775,False,False,False,False
2022-06-14 00:00:00+00:00,58.7743666667,59.8820308689,58.3142599981,59.6945800039,2373557,,,,,,,,,,,,,,,,,,,,,,,,62.521489889199245,"rgba(239, 83, 80, 1.0)",0.0,0.0,2.7542715313140596,63.67799691542511,-1.7803728474024487,0.0,0.0,0.0,0.0,0.0,0.0,0.0,0.0,38.577153101309094,-4.2640442084045915,False,True,False,True,False,0.0,0,0.8289417329063816,1.0244632261867441,False,False,False,False,-0.34282825441539394,-0.28618481737638596,False,False,False,False,-33132924,-21298973.314499684,False,False,False,False,2425112.257360578,False,False,False,False
2022-06-15 00:00:00+00:00,58.9106945685,59.566772596,57.6922639461,58.9788585194,2561435,,,,,,,,,,,,,,,,,,,,,,,,61.971328113129104,"rgba(239, 83, 80, 1.0)",0.0,0.0,2.7838877761413396,63.52760784997655,-1.6584408757582567,0.0,0.0,0.0,0.0,0.0,0.0,0.0,0.0,35.73981689470396,-6.595111189076029,False,True,False,True,False,0.0,0,0.8164629135720333,1.0319558954524308,False,False,False,False,-0.34282825441539394,-0.31450653589588995,False,False,False,False,-30571489,-21662601.380597737,False,False,False,False,2430458.247268006,False,False,False,False
2022-06-16 00:00:00+00:00,56.7550096212,58.2460960472,56.4908743114,57.9649197497,2166026,,,,,,,,,,,,,,,,,,,,,,,,61.446749071685424,"rgba(239, 83, 80, 1.0)",0.0,0.0,2.9054146478427714,63.37393548594552,-2.2781346785251384,0.0,0.0,0.0,0.0,0.0,0.0,0.0,0.0,31.77773581497223,-10.088361658493369,False,True,False,True,False,0.0,0,0.7836302408106776,1.0517732725288311,False,False,False,False,-0.34282825441539394,-0.3286673951556419,False,False,False,False,-32737515,-22096911.718613513,False,False,False,False,2420088.3552182806,False,False,False,False
2022-06-17 00:00:00+00:00,56.5334767807,57.0361859187,56.0648496183,56.3971488789,1901494,,,,,,,,,,,,,,,,,,,,,,,,61.01822575244696,"rgba(239, 83, 80, 1.0)",0.0,0.0,2.995800837590583,63.23913887126793,-2.2383537671886966,0.0,0.0,0.0,0.0,0.0,0.0,0.0,0.0,28.95488485705679,-12.576339960712382,False,True,False,True,False,0.0,0,0.7928516582218573,1.0541917502765685,False,False,False,False,-0.34282825441539394,-0.3357478247855179,False,False,False,False,-34639009,-22588758.670824748,False,False,False,False,2399751.321680309,False,False,False,False
2022-06-21 00:00:00+00:00,57.6922639461,58.135329627,57.5388950566,57.8371123418,1565360,,,,,,,,,,,,,,,,,,,,,,,,60.801421141002635,"rgba(239, 83, 80, 1.0)",0.0,0.0,3.072845830325322,63.16099129922437,-1.7796946723309572,0.0,0.0,0.0,0.0,0.0,0.0,0.0,0.0,30.0402328013591,-12.576339960712382,False,True,False,True,False,0.0,0,0.8249531470830105,1.0292148833440415,False,False,False,False,-0.24204054660148555,-0.2888941856935017,False,False,False,False,-33073649,-22999930.840596326,False,False,False,False,2367030.0933791203,False,False,False,False
2022-06-22 00:00:00+00:00,57.1639933266,57.5687167851,56.7720506089,56.9935834493,1529685,,,,,,,,,,,,,,,,,,,,,,,,60.57774263091751,"rgba(239, 83, 80, 1.0)",0.0,0.0,3.158905014067951,63.07862417632008,-1.872367425857919,0.0,0.0,0.0,0.0,0.0,0.0,0.0,0.0,30.173204771393443,-12.576339960712382,False,True,False,True,False,0.0,0,0.8045826847729662,1.0297466556242145,False,False,False,False,-0.2924646656775966,-0.29067942568554916,False,False,False,False,-34603334,-23454966.258612156,False,False,False,False,2334193.030893665,False,False,False,False
2022-06-23 00:00:00+00:00,55.1190747995,57.1895548082,54.9231034406,57.0958293757,2090661,,,,,,,,,,,,,,,,,,,,,,,,60.202575138980905,"rgba(239, 83, 80, 1.0)",0.0,0.0,3.3078810736513864,62.94123071103617,-2.3647028830156,0.0,0.0,0.0,0.0,0.0,0.0,0.0,0.0,28.336375310397614,-13.467811315140779,False,True,False,True,False,0.0,0,0.7847063396828627,1.0314205923500048,False,False,False,False,-0.34282825441539394,-0.3167538400504716,False,False,False,False,-36693995,-23974143.85631364,False,False,False,False,2324642.7551723444,False,False,False,False
2022-06-24 00:00:00+00:00,55.3491281338,55.7921938147,55.1020338118,55.4428535663,3146489,,,,,,,,,,,,,,,,,,,,,,,,59.70177701002267,"rgba(239, 83, 80, 1.0)",0.0,0.0,3.4394160609114546,62.743228119352025,-2.14981260033791,0.0,0.0,0.0,0.0,0.0,0.0,0.0,0.0,27.68803132907118,-14.425241577445938,False,True,False,True,False,0.0,0,0.802590536480382,1.0463029267301522,False,False,False,False,-0.34282825441539394,-0.32979104723293273,False,False,False,False,-33547506,-24349569.82273271,False,False,False,False,2356872.01967539,False,False,False,False
2022-06-27 00:00:00+00:00,56.0904110999,56.1926570262,55.2383617136,55.6303044313,2097067,,,,,,,,,,,,,,,,,,,,,,,,59.450153185756065,"rgba(239, 83, 80, 1.0)",0.0,0.0,3.537090370449161,62.63134208040771,-1.8492405608729479,0.0,0.0,0.0,0.0,0.0,0.0,0.0,0.0,29.10119869190722,-14.425241577445938,False,True,False,True,False,0.0,0,0.8168549379244455,1.0155609478539533,False,False,False,False,-0.32262048814636135,-0.32620576768964704,False,False,False,False,-31450439,-24628035.28066476,False,False,False,False,2346683.587531257,False,False,False,False
2022-06-28 00:00:00+00:00,56.0733701121,57.1980753021,55.7453310984,56.6357227071,2079448,,,,,,,,,,,,,,,,,,,,,,,,59.26131409890026,"rgba(239, 83, 80, 1.0)",0.0,0.0,3.6281511738717263,62.53696609314064,-1.7815123106193815,0.0,0.0,0.0,0.0,0.0,0.0,0.0,0.0,30.023107798270427,-14.425241577445938,False,True,False,True,False,0.0,0,0.8174556120668531,1.0027003607651415,False,False,False,False,-0.26697352261630564,-0.29658964515297637,False,False,False,False,-33529887,-24977127.504952416,False,False,False,False,2336203.7605692465,False,False,False,False
2022-06-29 00:00:00+00:00,56.0307676428,56.5419972746,55.7581118392,56.328984928,1400043,,,,,,,,,,,,,,,,,,,,,,,,59.137602522299964,"rgba(239, 83, 80, 1.0)",0.0,0.0,3.714227561703602,62.47337310553113,-1.7345747818898056,0.0,0.0,0.0,0.0,0.0,0.0,0.0,0.0,30.582550510096414,-14.425241577445938,False,True,False,True,False,0.0,0,0.823026763381925,1.0082647399820508,False,False,False,False,-0.2904276077003195,-0.29350862642664793,False,False,False,False,-34929930,-25367433.485150363,False,False,False,False,2299491.5738802566,False,False,False,False
2022-06-30 00:00:00+00:00,55.8773987533,56.0052061612,54.6930501063,55.4258125786,1690866,,,,,,,,,,,,,,,,,,,,,,,,58.97407103387416,"rgba(239, 83, 80, 1.0)",0.0,0.0,3.7968972112571873,62.39062758392337,-1.7154082579092995,0.0,0.0,0.0,0.0,0.0,0.0,0.0,0.0,30.742578806032157,-14.425241577445938,False,True,False,True,False,0.0,0,0.8075078468868528,1.0179849282720137,False,False,False,False,-0.34282825441539394,-0.31816844042102094,False,False,False,False,-36620796,-25808741.819066036,False,False,False,False,2275623.9043163247,False,False,False,False
2022-07-01 00:00:00+00:00,56.4227103605,56.5334767807,54.9401444284,55.5280585049,1683188,,,,,,,,,,,,,,,,,,,,,,,,58.844336280842576,"rgba(239, 83, 80, 0.75)",0.0,0.0,3.8522140578129025,62.31818669275448,-1.5304124443182276,0.0,0.0,0.0,0.0,0.0,0.0,0.0,0.0,32.52797006714215,-14.425241577445938,False,True,False,True,True,0.0,0,0.8028512745571385,1.025555218244198,False,False,False,False,-0.31400759193658917,-0.31608801617880505,False,False,False,False,-34937608,-26166736.571259525,False,False,False,False,2252391.1237549004,False,False,False,False
2022-07-05 00:00:00+00:00,54.7356525757,54.9486649222,53.8239597323,54.6078451677,2264523,,,,,,,,,,,,,,,,,,,,,,,,58.60627529943318,"rgba(239, 83, 80, 0.75)",0.0,0.0,3.9267991800309234,62.1968963796878,-1.9000828567782888,0.0,0.0,0.0,0.0,0.0,0.0,0.0,0.0,31.32236177510635,-14.425241577445938,False,True,False,True,True,0.0,0,0.7741614316186175,1.036188306290915,False,False,False,False,-0.34282825441539394,-0.3294581352970995,False,False,False,False,-37202131,-26599497.137092486,False,False,False,False,2252866.8836076492,False,False,False,False
2022-07-06 00:00:00+00:00,54.3351893641,54.9060624529,53.7557957814,54.7015706002,3541092,,,,,,,,,,,,,,,,,,,,,,,,58.26875419046242,"rgba(239, 83, 80, 0.75)",0.0,0.0,3.9841722288493684,62.014540599978886,-1.9274646764195444,0.0,0.0,0.0,0.0,0.0,0.0,0.0,0.0,30.04235639954735,-14.503227508481622,False,True,False,True,True,0.0,0,0.795883704188263,1.0109867659932257,False,False,False,False,-0.34282825441539394,-0.3361431948562467,False,False,False,False,-40743223,-27154153.053284936,False,False,False,False,2303385.5156230354,False,False,False,False
2022-07-07 00:00:00+00:00,54.7046746161,55.6692406673,54.566879466,54.8424697663,6011020,,,,,,,,,,,,,,,,,,,,,,,,57.880025152367544,"rgba(239, 83, 80, 0.75)",0.0,0.0,4.023210790161625,61.76332568486505,-1.7544820385813005,0.0,0.0,0.0,0.0,0.0,0.0,0.0,0.0,30.343539213261163,-14.511697703867007,False,True,False,True,True,0.0,0,0.8223569045271716,0.9782628044594731,False,False,False,False,-0.290170301809376,-0.3131567483328114,False,False,False,False,-34732203,-27451331.48256788,False,False,False,False,2448782.9463829165,False,False,False,False
2022-07-08 00:00:00+00:00,55.2903040043,55.4969967296,54.5582672691,54.9888771133,1498641,,,,,,,,,,,,,,,,,,,,,,,,57.80087439509032,"rgba(239, 83, 80, 0.75)",0.0,0.0,4.026093806831049,61.70638900537232,-1.593625312501709,0.0,0.0,0.0,0.0,0.0,0.0,0.0,0.0,32.3137362256102,-14.511697703867007,False,True,False,True,True,0.0,0,0.8295023938297077,0.9770209989646303,False,False,False,False,-0.2961358809723659,-0.3046463146525886,False,False,False,False,-33233562,-27678085.620506395,False,False,False,False,2411522.477897312,False,False,False,False
2022-07-11 00:00:00+00:00,54.2310037874,54.9802649165,54.1534940155,54.9199795383,1971616,,,,,,,,,,,,,,,,,,,,,,,,57.67943092129532,"rgba(239, 83, 80, 0.75)",0.0,0.0,4.041327533044592,61.624258081676054,-1.8294122992565862,0.0,0.0,0.0,0.0,0.0,0.0,0.0,0.0,32.024049074424326,-14.511697703867007,False,True,False,True,True,0.0,0,0.830485096717954,0.9670552577580439,False,False,False,False,-0.32686264908760465,-0.31575448187009664,False,False,False,False,-35205178,-27973265.71381987,False,False,False,False,2394271.2434699666,False,False,False,False
2022-07-12 00:00:00+00:00,53.4645182646,53.9812500777,53.2535194409,53.8348427307,2354359,,,,,,,,,,,,,,,,,,,,,,,,57.508572256703474,"rgba(239, 83, 80, 0.75)",0.0,0.0,4.094688476843137,61.514987069736954,-1.9660760154686014,0.0,0.0,0.0,0.0,0.0,0.0,0.0,0.0,30.829891299953715,-14.670366315166163,False,True,False,True,True,0.0,0,0.812639136021938,1.0064833682490635,False,False,False,False,-0.34282825441539394,-0.3292913681427453,False,False,False,False,-37559537,-28349197.92112105,False,False,False,False,2392706.0574515364,False,False,False,False
2022-07-13 00:00:00+00:00,53.0166840266,53.1200303892,52.0361854112,52.680808348,2047008,,,,,,,,,,,,,,,,,,,,,,,,57.34179700510283,"rgba(239, 83, 80, 1.0)",0.0,0.0,4.147346995384306,61.41156843727152,-2.024157713356132,0.0,0.0,0.0,0.0,0.0,0.0,0.0,0.0,29.485521815073927,-16.168886409017652,False,True,False,True,False,0.0,0,0.7850416448245268,1.0153908905387177,False,False,False,False,-0.34282825441539394,-0.3360598112790696,False,False,False,False,-39606545,-28790662.512449637,False,False,False,False,2379149.2708848095,False,False,False,False
2022-07-14 00:00:00+00:00,51.3975910121,51.630120328,50.501922536,51.1392251056,2915868,,,,,,,,,,,,,,,,,,,,,,,,57.05014278536746,"rgba(239, 83, 80, 1.0)",-1.0,51.284447,4.214897922161095,59.98204618539277,-2.036693493372024,0.0,0.0,0.0,0.0,0.0,0.0,0.0,0.0,26.919087463382517,-18.749211148073694,False,True,False,True,False,0.0,0,0.7740331907272088,1.005966025593654,False,False,False,False,-0.34282825441539394,-0.3394440328472318,False,False,False,False,-42522413,-29329162.53156926,False,False,False,False,2400197.0641834447,False,False,False,False
2022-07-15 00:00:00+00:00,52.1296277474,52.1769948303,51.5009373747,52.0435057785,1970689,,,,,,,,,,,,,,,,,,,,,,,,56.89169539306989,"rgba(239, 83, 80, 1.0)",0.0,0.0,4.251870496800778,59.93146716154347,-1.8349193419728536,0.0,0.0,0.0,0.0,0.0,0.0,0.0,0.0,27.42633652388975,-18.749211148073694,False,True,False,True,False,0.0,0,0.7714433583728494,1.0097058350958912,False,False,False,False,-0.30289303360008646,-0.3211685332236591,False,False,False,False,-40551724,-29769262.981311645,False,False,False,False,2383353.610686055,False,False,False,False
2022-07-18 00:00:00+00:00,52.8616644826,53.4989670522,52.6894205449,53.137254783,1778060,,,,,,,,,,,,,,,,,,,,,,,,56.786322757874835,"rgba(239, 83, 80, 0.75)",0.0,0.0,4.261773400798229,59.91562699008105,-1.6551707104276936,0.0,0.0,0.0,0.0,0.0,0.0,0.0,0.0,29.80587207623424,-18.749211148073694,False,True,False,True,True,0.0,0,0.7742895984949006,1.004395169463605,False,False,False,False,-0.23992735254288886,-0.280547942883274,False,False,False,False,-38773664,-30122376.746750407,False,False,False,False,2359616.6063454254,False,False,False,False
2022-07-19 00:00:00+00:00,54.8424697663,55.0104076055,53.4903548553,53.4903548553,2837628,,,,,,,,,,,,,,,,,,,,,,,,56.68905561988278,"rgba(239, 83, 80, 0.75)",0.0,0.0,4.21837237662236,59.9300170715768,-1.2060450930011033,0.0,0.0,0.0,0.0,0.0,0.0,0.0,0.0,35.82033844538056,-18.83948361612177,False,True,False,True,True,0.0,0,0.7840907497033638,0.9740447789719958,False,False,False,False,-0.18354841632022073,-0.23204817960174737,False,False,False,False,-35936036,-30350363.384132743,False,False,False,False,2378362.1511946246,False,False,False,False
2022-07-20 00:00:00+00:00,54.9544283258,55.014713704,54.4463087096,54.7994087819,1199448,,,,,,,,,,,,,,,,,,,,,,,,56.65650717301809,"rgba(239, 83, 80, 0.5)",0.0,0.0,4.201423776503221,59.92913103743206,-1.1840516396973462,0.0,0.0,0.0,0.0,0.0,0.0,0.0,0.0,40.04666774857873,-15.111130025330368,False,False,False,True,True,0.0,0,0.804339776609749,0.9580227700037941,False,False,False,False,-0.16049017052343387,-0.19626917506259062,False,False,False,False,-34736588,-30522372.192598127,False,False,False,False,2332130.223696796,False,False,False,False
2022-07-21 00:00:00+00:00,55.0061015071,55.1438966573,54.3644928391,54.8855307507,1107094,,,,,,,,,,,,,,,,,,,,,,,,56.62796551427127,"rgba(239, 83, 80, 0.5)",0.0,0.0,4.175733485172964,59.92387700884258,-1.177703394913596,0.0,0.0,0.0,0.0,0.0,0.0,0.0,0.0,42.97217551910012,-12.631958875581873,False,False,False,True,True,0.0,0,0.8181676229219312,0.9502784643591081,False,False,False,False,-0.15935733016415976,-0.1778132526133752,False,False,False,False,-33629494,-30644220.10661389,False,False,False,False,2284089.5874733925,False,False,False,False
2022-07-22 00:00:00+00:00,54.713286813,55.3850381701,54.3860233314,54.9716527196,1048308,,,,,,,,,,,,,,,,,,,,,,,,56.6016060599433,"rgba(239, 83, 80, 0.5)",0.0,0.0,4.128639156676441,59.9154795216711,-1.2600260064526612,0.0,0.0,0.0,0.0,0.0,0.0,0.0,0.0,44.30864263642438,-11.561149604830199,False,False,False,True,True,0.0,0,0.8233743474653312,0.9497194480748243,False,False,False,False,-0.15308248806089683,-0.165447870337136,False,False,False,False,-34677802,-30802399.788707465,False,False,False,False,2235627.5644352203,False,False,False,False
2022-07-25 00:00:00+00:00,55.3247527919,55.6692406673,55.0233259009,55.161121051,1967678,,,,,,,,,,,,,,,,,,,,,,,,56.56782919994404,#000000,0.0,0.0,4.068931418695356,59.90756908223453,-1.1262947980096312,0.0,0.0,0.0,0.0,0.0,0.0,0.0,0.0,46.60878746132457,-9.474118346534482,True,False,False,False,True,0.0,0,0.8208085869108946,0.9441721595210021,False,False,False,False,-0.1311600677816348,-0.14830396905938542,False,False,False,False,-32710124,-30877212.502875797,False,False,False,False,2225119.7383789374,False,False,False,False
2022-07-26 00:00:00+00:00,54.4032477251,55.3850381701,54.3601867407,54.937203932,1576375,,,,,,,,,,,,,,,,,,,,,,,,56.52897415612784,#000000,0.0,0.0,4.039987360437791,59.88324208629416,-1.3564384915799148,0.0,0.0,0.0,0.0,0.0,0.0,0.0,0.0,46.14932384948172,-9.474118346534482,True,False,False,False,True,0.0,0,0.8305915777389995,0.935924538698811,False,False,False,False,-0.15369914768325824,-0.15100155837132184,False,False,False,False,-34286499,-31010910.012566943,False,False,False,False,2199678.76824643,False,False,False,False
2022-07-27 00:00:00+00:00,55.3850381701,55.6003430922,54.4463087096,54.566879466,1932746,,,,,,,,,,,,,,,,,,,,,,,,56.494233283998874,#000000,0.0,0.0,4.020580324235008,59.860833169313324,-1.1132211368180849,0.0,0.0,0.0,0.0,0.0,0.0,0.0,0.0,48.04034876395645,-8.060030449185938,True,False,False,False,True,0.0,0,0.8173481846414058,0.9470407103041656,False,False,False,False,-0.14651187202821295,-0.1487567151997674,False,False,False,False,-32353753,-31063570.521878045,False,False,False,False,2189210.816550492,False,False,False,False
2022-07-28 00:00:00+00:00,55.161121051,55.393650367,54.5065940878,55.2644674137,1800700,,,,,,,,,,,,,,,,,,,,,,,,56.46057955231106,#000000,0.0,0.0,3.9941400204567024,59.83479116483966,-1.1701317655121297,0.0,0.0,0.0,0.0,0.0,0.0,0.0,0.0,48.794723073899874,-7.199175995520484,True,False,False,False,True,0.0,0,0.8194740549523053,0.9555917224461034,False,False,False,False,-0.1500009124777641,-0.14937881383876575,False,False,False,False,-34154453,-31184781.599451456,False,False,False,False,2173975.0982543943,False,False,False,False
2022-07-29 00:00:00+00:00,55.9534431645,56.142911496,55.1180600666,55.1525088542,1589327,,,,,,,,,,,,,,,,,,,,,,,,56.44630673773799,"rgba(38, 166, 154, 1.0)",0.0,0.0,3.959978355078386,59.82279822736367,-0.9771152051630536,0.0,0.0,0.0,0.0,0.0,0.0,0.0,0.0,50.993980453645655,-4.942748323462652,True,False,True,False,True,0.0,0,0.8133448043601634,0.9634266225250081,False,False,False,False,-0.11770137885666453,-0.13354009634771513,False,False,False,False,-32565126,-31238912.752414145,False,False,False,False,2151047.721852261,False,False,False,False
2022-08-01 00:00:00+00:00,55.5658943047,55.7984236206,55.2127942324,55.6692406673,1013343,,,,,,,,,,,,,,,,,,,,,,,,56.43485461290488,"rgba(38, 166, 154, 1.0)",0.0,0.0,3.951458033376852,59.81190703679064,-1.0745432942032456,0.0,0.0,0.0,0.0,0.0,0.0,0.0,0.0,51.495960807676504,-4.277988941020219,True,False,True,False,True,0.0,0,0.8219711617335771,0.9641261130401421,False,False,False,False,-0.12360953458742495,-0.12857481546757005,False,False,False,False,-33578469,-31330660.05624104,False,False,False,False,2106431.850407074,False,False,False,False
2022-08-02 00:00:00+00:00,55.4194869576,55.7295260455,54.8166331756,55.3505893825,1701312,,,,,,,,,,,,,,,,,,,,,,,,56.41208535789292,"rgba(38, 166, 154, 1.0)",0.0,0.0,3.943805544178463,59.78903541932099,-1.107952309710344,0.0,0.0,0.0,0.0,0.0,0.0,0.0,0.0,51.45892808692929,-4.04467923685786,True,False,True,False,True,0.0,0,0.8192814901097298,0.9575494360979276,False,False,False,False,-0.13463417229935473,-0.1316044938834624,False,False,False,False,-35279781,-31485527.544231586,False,False,False,False,2090544.797449934,False,False,False,False
2022-08-03 00:00:00+00:00,56.2634822524,56.4615627807,55.3764259732,55.7553626361,1226451,,,,,,,,,,,,,,,,,,,,,,,,56.406587863522105,"rgba(38, 166, 154, 1.0)",0.0,0.0,3.9260688798655545,59.780510614792874,-0.8958142279239149,0.0,0.0,0.0,0.0,0.0,0.0,0.0,0.0,53.35770841108355,-1.9635148300907161,True,False,True,False,True,0.0,0,0.8334286864596253,0.9469050074775631,False,False,False,False,-0.10408202421407793,-0.11784325904877016,False,False,False,False,-34053330,-31586225.679751918,False,False,False,False,2056658.7661773877,False,False,False,False
2022-08-04 00:00:00+00:00,55.6089552891,56.2634822524,55.0930846956,55.540057714,2451057,,,,,,,,,,,,,,,,,,,,,,,,56.38537885748359,"rgba(38, 166, 154, 1.0)",0.0,0.0,3.916134439738442,59.75268478262197,-1.058117272858162,0.0,0.0,0.0,0.0,0.0,0.0,0.0,0.0,52.87185143291134,-1.9635148300907161,True,False,True,False,True,0.0,0,0.8113109925842378,0.9713371762158225,False,False,False,False,-0.115442166167142,-0.11664271260795608,False,False,False,False,-36504387,-31779094.751134194,False,False,False,False,2072125.3635821962,False,False,False,False
2022-08-05 00:00:00+00:00,55.5314455171,55.6434040766,55.0319380978,55.1180600666,1831316,,,,,,,,,,,,,,,,,,,,,,,,56.365074351133,"rgba(38, 166, 154, 1.0)",0.0,0.0,3.895620320976762,59.72681737434081,-1.076945777967625,0.0,0.0,0.0,0.0,0.0,0.0,0.0,0.0,52.34319601968424,-1.9635148300907161,True,False,True,False,True,0.0,0,0.8226596332110115,0.9720176167347501,False,False,False,False,-0.13156862101392378,-0.12410566681093993,False,False,False,False,-38335703,-32036216.64324658,False,False,False,False,2062681.8591279923,False,False,False,False
2022-08-08 00:00:00+00:00,55.7811992268,56.1342992991,55.6003430922,55.9276065738,1852442,,,,,,,,,,,,,,,,,,,,,,,,56.35430089438969,"rgba(38, 166, 154, 1.0)",0.0,0.0,3.8480074058056686,59.70727109713804,-1.0202869839633348,0.0,0.0,0.0,0.0,0.0,0.0,0.0,0.0,52.64451155643101,-1.8936241409919603,True,False,True,False,True,0.0,0,0.8169474730500627,0.971897513743798,False,False,False,False,-0.10651834099310424,-0.11531200390202209,False,False,False,False,-36483261,-32210610.539589852,False,False,False,False,2054437.158770032,False,False,False,False
2022-08-09 00:00:00+00:00,55.3333649888,55.8328724081,55.1180600666,55.7467504393,1479327,,,,,,,,,,,,,,,,,,,,,,,,56.33940815727023,#000000,0.0,0.0,3.816707393449391,59.68613550263421,-1.1404517205864044,0.0,0.0,0.0,0.0,0.0,0.0,0.0,0.0,51.53961991904433,-1.8936241409919603,True,False,False,False,True,0.0,0,0.7871773896358444,1.0044526952725445,False,False,False,False,-0.12503691299521902,-0.12017445844862056,False,False,False,False,-37962588,-32436178.283135347,False,False,False,False,2031883.819210423,False,False,False,False
2022-08-10 00:00:00+00:00,57.0988653503,57.271109288,55.8070358175,56.0309529365,2719166,,,,,,,,,,,,,,,,,,,,,,,,56.350496652715556,"rgba(38, 166, 154, 1.0)",0.0,0.0,3.7944686499761455,59.67532154935468,-0.6790031587349845,0.0,0.0,0.0,0.0,0.0,0.0,0.0,0.0,54.888194932429236,0.5886254523924279,True,False,True,False,True,0.0,0,0.7797197315573378,0.979988657773391,False,False,False,False,-0.07493374297957987,-0.09755410071410021,False,False,False,False,-35243422,-32546266.272032004,False,False,False,False,2058836.061594328,False,False,False,False
2022-08-11 00:00:00+00:00,57.5294751945,57.9945338263,57.4261288319,57.572536179,1239930,,,,,,,,,,,,,,,,,,,,,,,,56.36728842978516,"rgba(38, 166, 154, 1.0)",0.0,0.0,3.7711118917633897,59.678584254594654,-0.569887375866145,0.0,0.0,0.0,0.0,0.0,0.0,0.0,0.0,57.9008721047876,3.472201825973528,True,False,True,False,True,0.0,1,0.7905882955809789,0.9779695317141475,False,False,False,False,-0.020181213454914883,-0.05886765708450755,False,False,False,False,-34003492,-32603412.37901114,False,False,False,False,2026722.0983945504,False,False,False,False
2022-08-12 00:00:00+00:00,58.3131851111,58.3648582924,57.5036386039,57.7275557229,1162577,,,,,,,,,,,,,,,,,,,,,,,,56.38755710326221,"rgba(38, 166, 154, 1.0)",0.0,0.0,3.7619121175017214,59.68464442825397,-0.36456442211221934,0.0,0.0,0.0,0.0,0.0,0.0,0.0,0.0,61.21677469551785,6.545144487181318,True,False,True,False,True,0.0,0,0.7910757367576219,0.9774715696110041,False,False,False,False,-0.00973761571905535,-0.03430263640178145,False,False,False,False,-32840915,-32612726.20728521,False,False,False,False,1992834.0553202543,False,False,False,False
2022-08-15 00:00:00+00:00,58.1495533703,58.2399814376,57.3486190599,57.5380873914,1209872,,,,,,,,,,,,,,,,,,,,,,,,56.40632239260392,"rgba(38, 166, 154, 1.0)",0.0,0.0,3.756384519087495,59.68884413954795,-0.4097798724881024,0.0,0.0,0.0,0.0,0.0,0.0,0.0,0.0,62.876356394460124,8.027473043719382,True,False,True,False,True,0.0,0,0.7837673913263375,0.9810206098465509,False,False,False,False,-0.016264470800128623,-0.025283553600955036,False,False,False,False,-34050787,-32669120.74817599,False,False,False,False,1962129.6609939698,False,False,False,False
2022-08-16 00:00:00+00:00,59.3638731311,59.5188926751,58.1151045827,58.2873485204,1472541,,,,,,,,,,,,,,,,,,,,,,,,56.44457925441626,"rgba(38, 166, 154, 1.0)",0.0,0.0,3.7305261257127595,59.62653121024003,-0.07040778439525006,0.0,0.0,0.0,0.0,0.0,0.0,0.0,0.0,65.85205227955485,10.766793015907204,True,False,True,False,True,0.14980157968192742,0,0.7994472840834101,0.9591075888264203,False,False,False,False,0.03143533211826694,0.0030758892586559526,False,False,False,False,-32578246,-32665557.032561246,False,False,False,False,1942930.105660873,False,False,False,False
2022-08-17 00:00:00+00:00,58.9074266962,58.9783911985,58.4768168519,58.7265705616,1602388,,,,,,,,,,,,,,,,,,,,,,,,56.48160136627871,"rgba(38, 166, 154, 1.0)",0.0,0.0,3.7129780164321207,59.6263124151266,-0.19361432137359993,0.0,0.0,0.0,0.0,0.0,0.0,0.0,0.0,66.29950304096869,11.154063476119184,True,False,True,False,True,0.0,0,0.7931119151464229,0.96564493720538,False,False,False,False,0.03665304903668369,0.019864469147669823,False,False,False,False,-34180634,-32724971.81559806,False,False,False,False,1929575.5132820155,False,False,False,False
2022-08-18 00:00:00+00:00,58.9160388931,59.1442621105,58.7524071523,58.9504876806,1436324,,,,,,,,,,,,,,,,,,,,,,,,56.51590140404114,"rgba(38, 166, 154, 1.0)",0.0,0.0,3.697246713867162,59.63920019034091,-0.1955945472961178,0.0,0.0,0.0,0.0,0.0,0.0,0.0,0.0,66.6123524580229,11.541979109385636,True,False,True,False,True,0.0,0,0.802091025617603,0.9571993464686229,False,False,False,False,0.05768002748907088,0.03877224831837035,False,False,False,False,-32744310,-32725730.175770685,False,False,False,False,1910232.3166827208,False,False,False,False
2022-08-19 00:00:00+00:00,57.9600850388,58.5801632146,57.5854544743,58.4423680644,1614483,,,,,,,,,,,,,,,,,,,,,,,,56.5394867696162,"rgba(38, 166, 154, 0.75)",0.0,0.0,3.6694437230228014,59.61646247687185,-0.4513974223611652,0.0,0.0,0.0,0.0,0.0,0.0,0.0,0.0,63.68879396060781,11.541979109385636,True,False,True,False,False,0.0,0,0.7933458011445188,0.9586074801485165,False,False,False,False,0.04625561767188481,0.04251393299512758,False,False,False,False,-34358793,-32789771.855152227,False,False,False,False,1898634.3042637906,False,False,False,False
2022-08-22 00:00:00+00:00,56.6251945216,57.271109288,56.3409920243,57.2194361067,2437189,,,,,,,,,,,,,,,,,,,,,,,,56.54418984091218,"rgba(38, 166, 154, 0.75)",0.0,0.0,3.631249281688704,59.538904795914355,-0.8023988573319153,0.0,0.0,0.0,0.0,0.0,0.0,0.0,0.0,58.332439944981175,13.792760513861381,True,False,True,False,False,0.0,0,0.7962554843881777,0.9570987307855083,False,False,False,False,0.04534191554168247,0.04392792426840503,False,False,False,False,-36795982,-32946878.135342337,False,False,False,False,1919754.0962534458,False,False,False,False
2022-08-23 00:00:00+00:00,57.0299677752,57.3572312568,56.1170749053,56.6251945216,1754840,,,,,,,,,,,,,,,,,,,,,,,,56.54888285929859,"rgba(38, 166, 154, 0.75)",0.0,0.0,3.606222412329373,59.50336505642079,-0.6858693109899302,0.0,0.0,0.0,0.0,0.0,0.0,0.0,0.0,55.733443387515706,11.494289741494434,True,False,True,False,False,0.0,0,0.8044737273847143,0.9294317276891145,False,False,False,False,0.09987499606765585,0.07190146016803044,False,False,False,False,-35041142,-33029006.130034797,False,False,False,False,1913286.8767925263,False,False,False,False
2022-08-24 00:00:00+00:00,56.7113164904,56.9266214126,56.4529505839,56.6079701278,1628714,,,,,,,,,,,,,,,,,,,,,,,,56.55106984516251,#000000,0.0,0.0,3.5879823915233726,59.47328546086773,-0.7697833124802657,0.0,0.0,0.0,0.0,0.0,0.0,0.0,0.0,53.226131955867906,9.244595881191849,True,False,False,False,False,0.0,0,0.8238710703110644,0.9256004224992533,False,False,False,False,0.13288162358598513,0.10239154187700777,False,False,False,False,-36669856,-33171784.55630794,False,False,False,False,1902127.1561339959,False,False,False,False
2022-08-25 00:00:00+00:00,57.3658434537,58.1840021578,57.2194361067,57.6586581478,1734356,,,,,,,,,,,,,,,,,,,,,,,,56.56715230138568,#000000,0.0,0.0,3.576871259960076,59.46739461378224,-0.5875389432119776,0.0,0.0,0.0,0.0,0.0,0.0,0.0,0.0,53.17944416145462,9.21352027404373,True,False,False,False,False,0.0,0,0.8456131061997272,0.9008885970116588,False,False,False,False,0.22956830948477858,0.16597992568089318,False,False,False,False,-34935500,-33240949.86782528,False,False,False,False,1895547.8951091333,False,False,False,False
2022-08-26 00:00:00+00:00,57.3572312568,58.589981119,57.1678490473,57.8825752668,2232840,,,,,,,,,,,,,,,,,,,,,,,,56.58939080370722,#000000,0.0,0.0,3.568701065549302,59.46322133697855,-0.5901279041018225,0.0,0.0,0.0,0.0,0.0,0.0,0.0,0.0,53.124244908849185,9.006149530517646,True,False,False,False,False,0.0,0,0.8540052954337989,0.888045128942895,False,False,False,False,0.2452576216664095,0.20561877367365133,False,False,False,False,-37168340,-33394965.16712625,False,False,False,False,1908775.0364774026,False,False,False,False
2022-08-29 00:00:00+00:00,57.0127433814,57.2797214849,56.2807066461,57.1074775471,1970674,,,,,,,,,,,,,,,,,,,,,,,,56.59394086788106,#000000,0.0,0.0,3.5559894207547718,59.439638284755475,-0.6824809121171,0.0,0.0,0.0,0.0,0.0,0.0,0.0,0.0,52.089373427150406,7.788456452996968,True,False,False,False,False,0.0,0,0.8661009810332302,0.8953565710154336,False,False,False,False,0.14956477770582383,0.17759177568973758,False,False,False,False,-39139014,-33620221.98410169,False,False,False,False,1911202.446811622,False,False,False,False
2022-08-30 00:00:00+00:00,56.1859724804,57.1763751222,55.8931577863,57.0644165627,1746148,,,,,,,,,,,,,,,,,,,,,,,,56.59134394353313,#000000,0.0,0.0,3.5526715678956213,59.41201863826172,-0.9080620305615895,0.0,0.0,0.0,0.0,0.0,0.0,0.0,0.0,49.23596098325921,4.887561076057985,True,False,False,False,False,0.0,0,0.8674698413747262,0.8770350018387432,False,False,False,False,0.1286121369534407,0.15310195632158913,False,False,False,False,-40885162,-33905121.59256829,False,False,False,False,1904729.7234072445,False,False,False,False
2022-08-31 00:00:00+00:00,55.4108747607,56.2075029726,55.3032222997,56.0912383147,1834877,,,,,,,,,,,,,,,,,,,,,,,,56.576780984762095,"rgba(239, 83, 80, 0.5)",0.0,0.0,3.549759146972329,59.370283822337086,-1.1154021717259777,0.0,0.0,0.0,0.0,0.0,0.0,0.0,0.0,45.62123455060433,1.384098695596741,False,False,False,True,False,0.0,0,0.8475966767721357,0.9112599794136308,False,False,False,False,0.06272896140264603,0.10791545886211758,False,False,False,False,-42720039,-34250804.62815385,False,False,False,False,1901990.400920686,False,False,False,False
2022-09-01 00:00:00+00:00,55.3592015794,55.4194869576,54.2568403781,55.1352844604,1867166,,,,,,,,,,,,,,,,,,,,,,,,56.55276435510562,"rgba(239, 83, 80, 0.5)",0.0,0.0,3.539987703677358,58.88864177403923,-0.9970204673233263,0.0,0.0,0.0,0.0,0.0,0.0,0.0,0.0,43.10160858909964,-1.0083712924534254,False,False,False,True,False,0.0,0,0.8455498749332905,0.9175609036348231,False,False,False,False,-0.014152819950101378,0.0468813194560081,False,False,False,False,-44587205,-34656153.6623439,False,False,False,False,1900624.7381394827,False,False,False,False
2022-09-02 00:00:00+00:00,56.0395651334,56.745765278,55.7553626361,56.065401724,2469137,,,,,,,,,,,,,,,,,,,,,,,,56.54535437910549,"rgba(239, 83, 80, 0.5)",0.0,0.0,3.5025345783089983,58.92394802728876,-0.8235130387438815,0.0,0.0,0.0,0.0,0.0,0.0,0.0,0.0,43.70402467046072,-1.0083712924534254,False,False,False,True,False,0.0,0,0.8947011949486706,0.8913322827859603,False,False,False,False,0.10448951392910019,0.07568541669255414,False,False,False,False,-42118068,-34948777.75401669,False,False,False,False,1922919.3366438167,False,False,False,False
2022-09-06 00:00:00+00:00,55.092223476,56.4271139932,54.9199795383,56.4012774025,1857381,,,,,,,,,,,,,,,,,,,,,,,,56.529645531906006,"rgba(239, 83, 80, 1.0)",0.0,0.0,3.491001075197747,58.8853034092164,-1.0865307261475246,0.0,0.0,0.0,0.0,0.0,0.0,0.0,0.0,41.93815683057241,-2.2301250184468557,False,True,False,True,False,0.0,0,0.8787230843344924,0.8742931281118587,False,False,False,False,0.055854235997697226,0.06576982634512568,False,False,False,False,-43975449,-35302764.86170231,False,False,False,False,1920349.2057950394,False,False,False,False
2022-09-07 00:00:00+00:00,55.918994377,55.9362187707,54.489369694,54.713286813,1313840,,,,,,,,,,,,,,,,,,,,,,,,56.518484598929675,"rgba(239, 83, 80, 0.5)",0.0,0.0,3.472397165754929,58.85990029447511,-0.846938232319325,0.0,0.0,0.0,0.0,0.0,0.0,0.0,0.0,43.26647674182544,-2.2301250184468557,False,False,False,True,False,0.0,0,0.87006627336989,0.8905634169138456,False,False,False,False,0.017218304448654666,0.04149406539689017,False,False,False,False,-42661609,-35591346.98477281,False,False,False,False,1896564.531057979,False,False,False,False
2022-09-08 00:00:00+00:00,56.7113164904,56.7371530811,55.393650367,55.6864650611,1783470,,,,,,,,,,,,,,,,,,,,,,,,56.51519951461681,"rgba(239, 83, 80, 0.5)",0.0,0.0,3.4473303441279786,58.85531323988698,-0.62192959057114,0.0,0.0,0.0,0.0,0.0,0.0,0.0,0.0,46.20665007063528,-2.2301250184468557,False,False,False,True,True,0.0,0,0.8766174416985756,0.8938555942858799,False,False,False,False,0.08883992113007586,0.06516699326348302,False,False,False,False,-40878139,-35798672.16184054,False,False,False,False,1892129.4514086465,False,False,False,False
2022-09-09 00:00:00+00:00,58.2012265516,58.3449641176,57.3658434537,57.4002922413,1552686,,,,,,,,,,,,,,,,,,,,,,,,56.53249791907968,#000000,0.0,0.0,3.4036280202347857,58.89189108800614,-0.2029200994644815,0.0,0.0,0.0,0.0,0.0,0.0,0.0,0.0,51.21386796113141,-4.8565997371193745,True,False,False,False,True,0.0,0,0.9003780926157413,0.8673795343797471,False,False,False,False,0.24316921563661514,0.15416810445004908,False,False,False,False,-39325453,-35936977.29274876,False,False,False,False,1878817.9435102683,False,False,False,False
2022-09-12 00:00:00+00:00,59.0538340432,59.1571804059,58.5629388208,58.8299169242,1855838,,,,,,,,,,,,,,,,,,,,,,,,56.566003695931364,"rgba(38, 166, 154, 1.0)",0.0,0.0,3.3752864651692556,58.948707432510176,0.03114598176322522,0.0,0.0,0.0,0.0,0.0,0.0,0.0,0.0,55.93772882142285,-0.551967616531087,True,False,True,False,True,1.0550365677452156,0,0.9324054865286476,0.8453292137309169,False,False,False,False,0.3345559813988666,0.24436204292445785,False,False,False,False,-37469615,-35997080.732248805,False,False,False,False,1877916.7692549638,False,False,False,False
2022-09-13 00:00:00+00:00,56.9869067908,58.2528997329,56.7113164904,57.9773094326,1815274,,,,,,,,,,,,,,,,,,,,,,,,56.576154132723886,"rgba(38, 166, 154, 1.0)",0.0,0.0,3.3233264956352837,58.88142609117696,-0.5700671609801639,0.0,0.0,0.0,0.0,0.0,0.0,0.0,0.0,54.24084956466362,-0.551967616531087,True,False,True,False,True,0.0,1,0.8950686404150087,0.8578504886965678,False,False,False,False,0.21027557787439924,0.22731881039942853,False,False,False,False,-39284889,-36126014.38980768,False,False,False,False,1875460.1900684948,False,False,False,False
2022-09-14 00:00:00+00:00,57.3055580755,57.7792289042,56.8620299359,57.1677629253,1230356,,,,,,,,,,,,,,,,,,,,,,,,56.582866277955354,"rgba(38, 166, 154, 1.0)",0.0,0.0,3.240780027982095,58.864830433203004,-0.48114106611361046,0.0,0.0,0.0,0.0,0.0,0.0,0.0,0.0,53.70494464465923,-0.551967616531087,True,False,True,False,True,0.0,1,0.9392716169120571,0.8599856217567124,False,False,False,False,0.1961882895710189,0.21175354998522372,False,False,False,False,-38054533,-36201642.57059953,False,False,False,False,1850161.986536397,False,False,False,False
2022-09-15 00:00:00+00:00,57.2797214849,57.9686972357,57.0730287596,57.3141702724,1331563,,,,,,,,,,,,,,,,,,,,,,,,56.59120942555007,"rgba(38, 166, 154, 1.0)",0.0,0.0,3.12908515662099,58.85852054453275,-0.5045561180372766,0.0,0.0,0.0,0.0,0.0,0.0,0.0,0.0,53.29100017533225,-0.551967616531087,True,False,True,False,True,0.0,1,0.9438369452650776,0.855350753098691,False,False,False,False,0.21366859815066266,0.2127110740679432,False,False,False,False,-39386096,-36326523.09724269,False,False,False,False,1829824.771378107,False,False,False,False
2022-09-16 00:00:00+00:00,57.0213555783,57.1074775471,56.3582164181,56.5735213403,1393040,,,,,,,,,,,,,,,,,,,,,,,,56.59360531038959,#000000,0.0,0.0,2.99057768010282,58.834970575492775,-0.6064430324814093,0.0,0.0,0.0,0.0,0.0,0.0,0.0,0.0,52.414954571697066,-0.551967616531087,True,False,False,False,False,0.0,1,0.9178624042138105,0.8836714436066956,False,False,False,False,0.14551168201261988,0.17911137804028154,False,False,False,False,-40779136,-36501135.367939055,False,False,False,False,1812695.9568142595,False,False,False,False
2022-09-19 00:00:00+00:00,57.417516635,57.4605776194,56.1170749053,56.3926652057,1314759,,,,,,,,,,,,,,,,,,,,,,,,56.597418052183635,#000000,0.0,0.0,2.854676946437146,58.82200891212417,-0.49199692416232366,0.0,0.0,0.0,0.0,0.0,0.0,0.0,0.0,52.730680590091175,-0.551967616531087,True,False,False,False,False,0.0,0,0.9144118686546087,0.875390504420468,False,False,False,False,0.15030222470366567,0.1647068013719736,False,False,False,False,-39464377,-36617340.92213752,False,False,False,False,1793169.0173313473,False,False,False,False
2022-09-20 00:00:00+00:00,56.5821335371,57.0441779,55.987891952,57.0213555783,1518059,,,,,,,,,,,,,,,,,,,,,,,,56.59677952268318,#000000,0.0,0.0,2.6659066262804383,58.79638868294251,-0.8305824082563301,0.0,0.0,0.0,0.0,0.0,0.0,0.0,0.0,50.93806077986615,-0.551967616531087,False,False,False,False,False,0.0,1,0.9185008464326015,0.8732001299647342,False,False,False,False,0.12701795003917937,0.14586237570557647,False,False,False,False,-40982436,-36788521.12126938,False,False,False,False,1782380.3892007063,False,False,False,False
2022-09-21 00:00:00+00:00,55.092223476,56.7371530811,55.092223476,56.6854798998,1749009,,,,,,,,,,,,,,,,,,,,,,,,56.58507156081734,"rgba(239, 83, 80, 0.5)",0.0,0.0,2.5068521868401086,58.744646495806634,-1.4569758197073912,0.0,0.0,0.0,0.0,0.0,0.0,0.0,0.0,46.88676046095086,2.826170683201056,False,False,False,True,False,0.0,1,0.9178871650770631,0.8671095419563811,False,False,False,False,0.0761341915062443,0.11099828360591038,False,False,False,False,-42731445,-37021576.95965098,False,False,False,False,1781071.707271267,False,False,False,False
2022-09-22 00:00:00+00:00,55.014713704,55.3678137763,54.6443892379,55.2127942324,1451897,,,,,,,,,,,,,,,,,,,,,,,,56.56921360736015,"rgba(239, 83, 80, 1.0)",0.0,0.0,2.3177831403508096,58.69281745748633,-1.586905905670547,0.0,0.0,0.0,0.0,0.0,0.0,0.0,0.0,44.05339376200894,0.07561003239108999,False,True,False,True,False,0.0,0,0.9314906201572575,0.8801924664269973,False,False,False,False,-9.01434909951764e-05,0.0554540700574576,False,False,False,False,-44183342,-37302430.49064506,False,False,False,False,1768162.8952214133,False,False,False,False
2022-09-23 00:00:00+00:00,53.4645182646,54.2912891656,52.9563125264,54.2568403781,2217608,,,,,,,,,,,,,,,,,,,,,,,,56.52383050403202,"rgba(239, 83, 80, 1.0)",0.0,0.0,2.1143321598131197,58.5774916785625,-2.4182451135844345,0.0,0.0,0.0,0.0,0.0,0.0,0.0,0.0,39.81020178222575,-3.923762200940253,False,True,False,True,False,0.0,0,0.937956493828689,0.8835820091435276,False,False,False,False,-0.16580736164988485,-0.055176645796213626,False,False,False,False,-46400950,-37659235.17728643,False,False,False,False,1785788.1934480246,False,False,False,False
2022-09-26 00:00:00+00:00,53.2578255394,53.6970475805,52.6162168714,52.8530522858,1635833,,,,,,,,,,,,,,,,,,,,,,,,56.48702458732198,"rgba(239, 83, 80, 1.0)",0.0,0.0,1.9292285282552626,58.494352497482595,-2.714311384778429,0.0,0.0,0.0,0.0,0.0,0.0,0.0,0.0,36.70704779831104,-6.773057307182569,False,True,False,True,False,0.0,0,0.9169198523908576,0.9056988000365225,False,False,False,False,-0.33494900980085346,-0.19506282779853354,False,False,False,False,-48036783,-38066197.83700069,False,False,False,False,1779907.5976265334,False,False,False,False
2022-09-27 00:00:00+00:00,52.9305620577,53.8779037151,52.5946863792,53.6798231868,2154277,,,,,,,,,,,,,,,,,,,,,,,,56.43897368230289,"rgba(239, 83, 80, 1.0)",0.0,0.0,1.818126919439231,58.394743335925064,-3.005390448709924,0.0,0.0,0.0,0.0,0.0,0.0,0.0,0.0,34.1933538438622,-9.082094069668905,False,True,False,True,False,0.0,0,0.905540324371302,0.9172611300663576,False,False,False,False,-0.33267455598859724,-0.2638686918935654,False,False,False,False,-50191060,-38541682.62770655,False,False,False,False,1794588.7506607869,False,False,False,False
2022-09-28 00:00:00+00:00,53.9898622746,54.33435015,52.3061777835,52.7324815294,2040509,,,,,,,,,,,,,,,,,,,,,,,,56.400192538478926,"rgba(239, 83, 80, 1.0)",0.0,0.0,1.7375726794660327,58.31998099928214,-2.4920504194465183,0.0,0.0,0.0,0.0,0.0,0.0,0.0,0.0,35.70060904145418,-9.082094069668905,False,True,False,True,False,0.0,0,0.8973502068340741,0.946294517403674,False,False,False,False,-0.3220431296813121,-0.29295591078743877,False,False,False,False,-48150551,-38918500.99524747,False,False,False,False,1804232.6820074227,False,False,False,False
2022-09-29 00:00:00+00:00,53.3697840989,53.6023134148,52.2501985038,53.5592524304,2095279,,,,,,,,,,,,,,,,,,,,,,,,56.35506920469617,"rgba(239, 83, 80, 1.0)",0.0,0.0,1.7097079643351711,58.238501178650374,-2.8476893020987952,0.0,0.0,0.0,0.0,0.0,0.0,0.0,0.0,35.674701802298024,-9.082094069668905,False,True,False,True,False,0.0,0,0.8756012316739046,0.9532939076632925,False,False,False,False,-0.34282825441539394,-0.3178920826014163,False,False,False,False,-50245830,-39362709.975826,False,False,False,False,1815646.2631051708,False,False,False,False
2022-09-30 00:00:00+00:00,52.8186034982,53.9468012902,52.7187020143,53.2406011456,1616718,,,,,,,,,,,,,,,,,,,,,,,,56.32198423593611,"rgba(239, 83, 80, 1.0)",0.0,0.0,1.7137952283927644,58.18166072376855,-3.1293454064510082,0.0,0.0,0.0,0.0,0.0,0.0,0.0,0.0,34.79726511321369,-9.082094069668905,False,True,False,True,False,0.0,0,0.8858283334523691,0.9500147489823352,False,False,False,False,-0.2936049368860652,-0.3057485097437408,False,False,False,False,-51862548,-39852899.7022642,False,False,False,False,1807845.1547481054,False,False,False,False
2022-10-03 00:00:00+00:00,54.5754916628,54.8683063569,53.3267231145,53.6281500054,2737422,,,,,,,,,,,,,,,,,,,,,,,,56.286384840428155,"rgba(239, 83, 80, 0.75)",0.0,0.0,1.681763697023924,58.123468017197304,-2.109675907903032,0.0,0.0,0.0,0.0,0.0,0.0,0.0,0.0,38.7329630346984,-9.082094069668905,False,True,False,True,True,0.0,0,0.8891163834638564,0.9311819390229519,False,False,False,False,-0.20443510981293234,-0.25509180977833656,False,False,False,False,-49125126,-40216516.41982246,False,False,False,False,1844299.1486795524,False,False,False,False
2022-10-04 00:00:00+00:00,56.0740139209,56.4012774025,55.2472430199,55.393650367,4137539,,,,,,,,,,,,,,,,,,,,,,,,56.27676393188178,"rgba(239, 83, 80, 0.75)",0.0,0.0,1.678295539739731,58.10792226956328,-1.2118892653308837,0.0,0.0,0.0,0.0,0.0,0.0,0.0,0.0,44.19899145756793,-12.560513899624922,False,True,False,True,True,0.0,0,0.905752847005647,0.9182260518538954,False,False,False,False,-0.012388912226239312,-0.13374036100228795,False,False,False,False,-44987587,-40403617.22688825,False,False,False,False,1934230.1232411384,False,False,False,False
2022-10-05 00:00:00+00:00,55.3419771856,55.6132613875,54.8769185538,55.0836112791,2123764,,,,,,,,,,,,,,,,,,,,,,,,56.26390538520916,"rgba(239, 83, 80, 0.75)",0.0,0.0,1.676674896384281,58.08684483580928,-1.63708996665277,0.0,0.0,0.0,0.0,0.0,0.0,0.0,0.0,46.390704071448205,-10.558494742369597,False,True,False,True,True,0.0,0,0.9032804993223675,0.9191573693673971,False,False,False,False,-0.07600947188072577,-0.10487491644150686,False,False,False,False,-47111351,-40666665.610147536,False,False,False,False,1941662.8242905056,False,False,False,False
2022-10-06 00:00:00+00:00,52.822048377,54.8851376099,52.5434878054,54.8242024849,4486781,,,,,,,,,,,,,,,,,,,,,,,,56.18856417390787,"rgba(239, 83, 80, 0.75)",0.0,0.0,1.6950742858287369,57.97268749369786,-3.038591971902675,0.0,0.0,0.0,0.0,0.0,0.0,0.0,0.0,43.95367849617571,-10.558494742369597,False,True,False,True,True,0.0,0,0.8607397224379795,0.9296257910195485,False,False,False,False,-0.24863123872437584,-0.17675307758294134,False,False,False,False,-51598132,-41095350.56661234,False,False,False,False,2041471.380200682,False,False,False,False
2022-10-07 00:00:00+00:00,52.073416841,52.7003522273,51.6860435462,52.5783078769,1686133,,,,,,,,,,,,,,,,,,,,,,,,56.148828794503764,"rgba(239, 83, 80, 1.0)",0.0,0.0,1.7369012175829057,57.91503134213676,-3.3632393379665118,0.0,0.0,0.0,0.0,0.0,0.0,0.0,0.0,41.417143278929544,-10.558494742369597,False,True,False,True,False,0.0,0,0.8448443779722422,0.9592713044362216,False,False,False,False,-0.34282825441539394,-0.25979066599916767,False,False,False,False,-53284265,-41573347.211058915,False,False,False,False,2027536.5417614395,False,False,False,False
2022-10-10 00:00:00+00:00,51.4292455193,52.6218329662,51.1942100371,52.3084523232,1666455,,,,,,,,,,,,,,,,,,,,,,,,56.10641667590159,"rgba(239, 83, 80, 1.0)",0.0,0.0,1.8025322753344657,57.85478553049881,-3.564729519201831,0.0,0.0,0.0,0.0,0.0,0.0,0.0,0.0,38.973332939582335,-3.740893521137629,False,True,False,True,False,0.0,0,0.8284829710152574,0.972541821656922,False,False,False,False,-0.34282825441539394,-0.3013094602072808,False,False,False,False,-54950720,-42097950.06552719,False,False,False,False,2013376.4813002066,False,False,False,False
2022-10-11 00:00:00+00:00,51.0026996441,51.7339211444,50.6719089654,51.1855050192,1886507,,,,,,,,,,,,,,,,,,,,,,,,56.05277193183044,"rgba(239, 83, 80, 1.0)",0.0,0.0,1.8782981071043918,57.78018309864877,-3.608310858065564,0.0,0.0,0.0,0.0,0.0,0.0,0.0,0.0,36.85215059921476,-5.830801686868391,False,True,False,True,False,0.0,0,0.8221187423679125,0.9836041266286719,False,False,False,False,-0.34282825441539394,-0.3220688573113374,False,False,False,False,-56837227,-42675960.9257026,False,False,False,False,2008401.207523728,False,False,False,False
2022-10-12 00:00:00+00:00,50.950469537,51.5511157693,50.6719089654,50.8808293941,1403598,,,,,,,,,,,,,,,,,,,,,,,,56.0129803830005,"rgba(239, 83, 80, 1.0)",0.0,0.0,1.9496546356278834,57.72584490870282,-3.4751669592603625,0.0,0.0,0.0,0.0,0.0,0.0,0.0,0.0,35.37499991385904,-7.366389630333266,False,True,False,True,False,0.0,0,0.8282245549968108,0.9853780437749087,False,False,False,False,-0.34282825441539394,-0.33244855586336564,False,False,False,False,-58240825,-43286347.75214563,False,False,False,False,1984683.4346796602,False,False,False,False
2022-10-13 00:00:00+00:00,53.3530544665,53.7796003416,49.8536372866,50.0712627331,2444535,,,,,,,,,,,,,,,,,,,,,,,,55.96256361361091,"rgba(239, 83, 80, 0.75)",0.0,0.0,1.9632039875661178,57.21422154942966,-1.9667681541929545,0.0,0.0,0.0,0.0,0.0,0.0,0.0,0.0,39.500264056553206,-7.366389630333266,False,True,False,True,True,0.0,0,0.8148884318105201,0.9635790540179502,True,False,False,False,-0.27752997723089967,-0.30498926654713265,False,False,False,False,-55796290,-43776933.72264972,False,False,False,False,2002716.829398105,False,False,False,False
2022-10-14 00:00:00+00:00,53.2137741807,54.1713261453,53.1702490914,53.8579455024,2481765,,,,,,,,,,,,,,,,,,,,,,,,55.92907296123513,"rgba(239, 83, 80, 0.75)",0.0,0.0,1.9781769465684076,57.223906640572004,-2.0271859232959315,0.0,0.0,0.0,0.0,0.0,0.0,0.0,0.0,42.023476282056485,-7.366389630333266,False,True,False,True,True,0.0,0,0.8684931073541777,0.9546268435011195,False,False,False,False,-0.1149673110750963,-0.20997828881111447,False,False,False,False,-58278055,-44345605.14529091,False,False,False,False,2021503.0321668067,False,False,False,False
2022-10-17 00:00:00+00:00,54.1626211275,54.7023322348,54.0494558953,54.2844913775,1597024,,,,,,,,,,,,,,,,,,,,,,,,55.91487589897498,"rgba(239, 83, 80, 0.75)",0.0,0.0,1.982239630456021,57.23508734199209,-1.54999737029032,0.0,0.0,0.0,0.0,0.0,0.0,0.0,0.0,45.4089021056767,-12.15618703435166,False,True,False,True,True,0.0,0,0.8717550184318313,0.9257613948053319,False,False,False,False,-0.05513673456343158,-0.13255751168727303,False,False,False,False,-56681031,-44829347.335671656,False,False,False,False,2004856.7956112456,False,False,False,False
2022-10-18 00:00:00+00:00,54.8938426277,55.3595610833,54.4131515415,54.876432592,1563921,,,,,,,,,,,,,,,,,,,,,,,,55.90616827305073,#000000,0.0,0.0,1.978977584075943,57.25083470217309,-1.1910150440504608,0.0,0.0,0.0,0.0,0.0,0.0,0.0,0.0,48.8716651622112,-8.861129679744629,False,False,False,False,True,0.0,0,0.867196879451024,0.9212957149488171,False,False,False,False,-0.01209150722024855,-0.07232450945376079,False,False,False,False,-55117110,-45232789.00878257,False,False,False,False,1987565.1957833536,False,False,False,False
2022-10-19 00:00:00+00:00,54.1800311632,54.7719723777,53.631615038,54.6413971098,1333848,,,,,,,,,,,,,,,,,,,,,,,,55.893868104205055,#000000,0.0,0.0,1.9822901601800866,57.24337463402403,-1.5453557366928221,0.0,0.0,0.0,0.0,0.0,0.0,0.0,0.0,49.782874454884386,-7.927516931078401,False,False,False,False,True,0.0,0,0.8621171517557823,0.9243190634199367,False,False,False,False,-0.06985669105190852,-0.07109060025283465,False,False,False,False,-56450958,-45672717.20451659,False,False,False,False,1961929.2273212615,False,False,False,False
2022-10-20 00:00:00+00:00,53.6490250737,54.7458573241,53.4139895915,54.4498867169,1276082,,,,,,,,,,,,,,,,,,,,,,,,55.88050162187007,#000000,0.0,0.0,1.9885076815367118,57.230107958521835,-1.8008896410469906,0.0,0.0,0.0,0.0,0.0,0.0,0.0,0.0,49.39409397544665,-7.927516931078401,False,False,False,False,True,0.0,0,0.8545203742803961,0.9521510389717642,False,False,False,False,-0.08017829481655257,-0.07563444753469362,False,False,False,False,-57727040,-46145435.74551594,False,False,False,False,1935033.2576223884,False,False,False,False
2022-10-21 00:00:00+00:00,55.0157128778,55.1724031993,53.4139895915,53.5445648594,1452756,,,,,,,,,,,,,,,,,,,,,,,,55.870115703817234,"rgba(38, 166, 154, 1.0)",0.0,0.0,1.987533655988402,57.225906842005486,-1.1120284466862806,0.0,0.0,0.0,0.0,0.0,0.0,0.0,0.0,51.54770174308713,-5.799084217074707,True,False,True,False,True,0.0,0,0.8375799498187776,0.9573128954402038,False,False,False,False,-0.06212534817186221,-0.06887989785327792,False,False,False,False,-56274284,-46542645.4809859,False,False,False,False,1916120.423990138,False,False,False,False
2022-10-24 00:00:00+00:00,54.9199576813,55.2768634136,54.5543469312,55.0418279314,1716612,,,,,,,,,,,,,,,,,,,,,,,,55.8615075794856,"rgba(38, 166, 154, 1.0)",0.0,0.0,1.988075860842555,57.22679324248307,-1.1603357832660492,0.0,0.0,0.0,0.0,0.0,0.0,0.0,0.0,52.78347504309225,-4.34675053690043,True,False,True,False,True,0.0,0,0.8527207886845841,0.9610961195073124,False,False,False,False,-0.009627940589132704,-0.03925391922120531,False,False,False,False,-57990896,-46991596.48173155,False,False,False,False,1908296.564225819,False,False,False,False
2022-10-25 00:00:00+00:00,55.8339845567,56.0516100032,54.6065770384,54.8851376099,1554827,,,,,,,,,,,,,,,,,,,,,,,,55.85855296430228,"rgba(38, 166, 154, 1.0)",0.0,0.0,1.9848457350190971,57.23566341775782,-0.7061903282092254,0.0,0.0,0.0,0.0,0.0,0.0,0.0,0.0,55.118865888059275,-1.857524621118941,True,False,True,False,True,0.0,0,0.8577969024041234,0.9494220597728905,False,False,False,False,0.025200772639378984,-0.007026573290913163,False,False,False,False,-56436069,-47361967.95303619,False,False,False,False,1894435.0126875518,False,False,False,False
2022-10-26 00:00:00+00:00,55.9123297174,56.5913211105,55.4596687887,55.7121143066,1637580,,,,,,,,,,,,,,,,,,,,,,,,55.859647966658486,"rgba(38, 166, 154, 1.0)",0.0,0.0,1.9736936950830561,57.250913090081845,-0.6782123163369159,0.0,0.0,0.0,0.0,0.0,0.0,0.0,0.0,56.80265454265822,-0.013433152193805142,True,False,True,False,True,0.0,0,0.8584920444439458,0.9599481617768054,False,False,False,False,0.08404214901378977,0.038507787861438304,False,False,False,False,-54798489,-47653596.229387715,False,False,False,False,1884362.2670919616,False,False,False,False
2022-10-27 00:00:00+00:00,56.0341999675,56.7131913606,55.8165745209,56.1038401103,1429772,,,,,,,,,,,,,,,,,,,,,,,,55.86205938235966,"rgba(38, 166, 154, 1.0)",0.0,0.0,1.9557052726416306,57.264755271031454,-0.6292130622879104,0.0,0.0,0.0,0.0,0.0,0.0,0.0,0.0,58.13677291392113,1.5101658562696088,True,False,True,False,True,0.0,0,0.864034519090995,0.9559365940824284,False,False,False,False,0.10438304059176808,0.0714454142266032,False,False,False,False,-53368717,-47877718.612548985,False,False,False,False,1866535.1977942376,False,False,False,False
2022-10-28 00:00:00+00:00,56.1038401103,56.18653778,55.6337691459,56.0777250568,1703456,,,,,,,,,,,,,,,,,,,,,,,,55.86303658235226,"rgba(38, 166, 154, 1.0)",0.0,0.0,1.899855303139532,57.27509938731825,-0.616499201324823,0.0,0.0,0.0,0.0,0.0,0.0,0.0,0.0,59.155768423110594,2.7599012671283987,True,False,True,False,True,0.0,0,0.8577162717130689,0.966062981583899,False,False,False,False,0.07889838684640539,0.0751719005365043,False,False,False,False,-51665261,-48026249.68656667,False,False,False,False,1860139.9351356402,False,False,False,False
2022-10-31 00:00:00+00:00,55.7034092888,56.1734802532,55.3377985386,55.8252795388,1332648,,,,,,,,,,,,,,,,,,,,,,,,55.862195351725944,"rgba(38, 166, 154, 1.0)",0.0,0.0,1.8591976502194973,57.27882871414906,-0.8473652197027355,0.0,0.0,0.0,0.0,0.0,0.0,0.0,0.0,58.631001404192524,2.7599012671283987,True,False,True,False,True,0.0,0,0.8692618913147175,0.9626812973101264,False,False,False,False,0.0656682277706049,0.07042006415355459,False,False,False,False,-52997909,-48221216.71846602,False,False,False,False,1839453.976895027,False,False,False,False
2022-11-01 00:00:00+00:00,56.0341999675,56.687076307,55.7208193245,56.3998107176,1235182,,,,,,,,,,,,,,,,,,,,,,,,55.86396582651091,"rgba(38, 166, 154, 1.0)",0.0,0.0,1.833753077486895,57.286214271154535,-0.6827605739429119,0.0,0.0,0.0,0.0,0.0,0.0,0.0,0.0,59.000996823261346,3.242240416363714,True,False,True,False,True,0.0,0,0.8926187419681774,0.9453941782664907,False,False,False,False,0.1041344625603422,0.0872772633569484,False,False,False,False,-51762727,-48360099.474604614,False,False,False,False,1815757.0366246337,False,False,False,False
2022-11-02 00:00:00+00:00,55.2855684315,56.6087311462,55.2115757796,55.9123297174,1548115,,,,,,,,,,,,,,,,,,,,,,,,55.86271491426141,"rgba(38, 166, 154, 1.0)",0.0,0.0,1.8321069369926393,57.288150973528666,-1.0930489381345037,0.0,0.0,0.0,0.0,0.0,0.0,0.0,0.0,57.007716607582594,3.242240416363714,True,False,True,False,True,0.0,0,0.8886773517999934,0.947934591763432,False,False,False,False,0.07889838684211982,0.08308782509953411,False,False,False,False,-53310842,-48554246.24030639,False,False,False,False,1805261.2704824912,False,False,False,False
2022-11-03 00:00:00+00:00,54.9547777528,55.2246333064,54.2322612704,54.5282318776,963078,,,,,,,,,,,,,,,,,,,,,,,,55.857653253486006,"rgba(38, 166, 154, 0.75)",0.0,0.0,1.8321053486413228,57.28143234937725,-1.2699349403148028,0.0,0.0,0.0,0.0,0.0,0.0,0.0,0.0,54.76269665337113,3.242240416363714,True,False,True,False,False,0.0,0,0.8708943706272619,0.9628154594012447,False,False,False,False,-0.0219229202052679,0.030582452447133104,False,False,False,False,-54273920,-48778547.17205908,False,False,False,False,1772234.4755616093,False,False,False,False
2022-11-04 00:00:00+00:00,56.808946557,57.0396295303,56.1038401103,56.2866454854,1567570,,,,,,,,,,,,,,,,,,,,,,,,55.86377711029029,"rgba(38, 166, 154, 0.75)",0.0,0.0,1.8364170733811673,57.29505743866335,-0.26470614366938694,0.0,0.0,0.0,0.0,0.0,0.0,0.0,0.0,57.28078022714206,3.242240416363714,True,False,True,False,False,0.7387952499022781,0,0.8787434713934278,0.9627719516605969,False,False,False,False,0.13591758823814173,0.08325002034263743,False,False,False,False,-52706350,-48932578.65550774,False,False,False,False,1764208.417696448,False,False,False,False
2022-11-07 00:00:00+00:00,57.00045695,57.3834777358,56.7915365213,57.0178669857,1501445,,,,,,,,,,,,,,,,,,,,,,,,55.87254741774648,"rgba(38, 166, 154, 1.0)",0.0,0.0,1.840564606173603,57.31191169166916,-0.16921695691880687,0.0,0.0,0.0,0.0,0.0,0.0,0.0,0.0,59.29590338287795,3.9266292140590835,True,False,True,False,True,1.1397577406754174,0,0.8880836379706644,0.9632286269972229,False,False,False,False,0.1809688539975487,0.13210943717009305,False,False,False,False,-51204905,-49021689.492546655,False,False,False,False,1753903.969943646,False,False,False,False
2022-11-08 00:00:00+00:00,57.3312476287,57.7099159056,56.9395218249,57.0352770214,881503,,,,,,,,,,,,,,,,,,,,,,,,55.87878858760052,"rgba(38, 166, 154, 1.0)",0.0,0.0,1.8506900844360117,57.32310278873226,0.00440097455335067,0.0,0.0,0.0,0.0,0.0,0.0,0.0,0.0,61.23124291471084,5.850667214601451,True,False,True,False,True,1.8360216895149897,0,0.9039264810295085,0.9401566177991417,False,False,False,False,0.20192422594890355,0.1670168315594983,False,False,False,False,-50323402,-49072737.041858554,False,False,False,False,1719692.1672007581,False,False,False,False
2022-11-09 00:00:00+00:00,56.3301705747,57.2180823965,56.1125451282,56.8611766642,1652507,,,,,,,,,,,,,,,,,,,,,,,,55.88417400572406,"rgba(38, 166, 154, 1.0)",0.0,0.0,1.846488169877607,57.33276492677417,-0.5429736125201524,0.0,0.0,0.0,0.0,0.0,0.0,0.0,0.0,59.50910825492153,5.850667214601451,True,False,True,False,True,0.0,0,0.8957092758425603,0.9441485411614517,False,False,False,False,0.1440456372984811,0.1555312344289897,False,False,False,False,-51975909,-49186586.92256999,False,False,False,False,1717057.4547615128,False,False,False,False
2022-11-10 00:00:00+00:00,58.2975046112,58.3932598076,57.5314630394,57.8448436824,2274785,,,,,,,,,,,,,,,,,,,,,,,,55.907970557034645,"rgba(38, 166, 154, 1.0)",0.0,0.0,1.8707134341351428,57.37083420922945,0.4953566832105207,0.0,0.0,0.0,0.0,0.0,0.0,0.0,0.0,61.74134363491925,6.321043637335244,True,False,True,False,True,3.706657555813777,0,0.9091331500633534,0.9057765642902379,False,False,False,False,0.25918868199602235,0.20735995821250602,False,False,False,False,-49701124,-49206764.84717509,False,False,False,False,1738929.1232022378,False,False,False,False
2022-11-11 00:00:00+00:00,58.0276490575,58.6892304149,57.4182978073,58.6892304149,2115264,,,,,,,,,,,,,,,,,,,,,,,,55.92934869236892,"rgba(38, 166, 154, 1.0)",0.0,0.0,1.8884084759302215,57.402877979306766,0.3308453050050385,0.0,0.0,0.0,0.0,0.0,0.0,0.0,0.0,62.48678817536672,7.128664169955229,True,False,True,False,True,3.119709499453201,0,0.9227474216392876,0.8902750711764151,False,False,False,False,0.2675267268491374,0.23744334253082172,False,False,False,False,-51816388,-49309103.01003098,False,False,False,False,1753687.353664895,False,False,False,False
2022-11-14 00:00:00+00:00,57.4444128608,58.2228155579,57.435707843,57.8970737896,1941084,,,,,,,,,,,,,,,,,,,,,,,,55.94546374050119,"rgba(38, 166, 154, 1.0)",0.0,0.0,1.8983483989896943,57.425392302105536,0.01001952997910556,0.0,0.0,0.0,0.0,0.0,0.0,0.0,0.0,61.4038480151229,7.128664169955229,True,False,True,False,True,1.8556972022556053,0,0.9062736060315248,0.911409813824735,False,False,False,False,0.24710931063212863,0.2422763265814752,False,False,False,False,-53757472,-49483548.85277486,False,False,False,False,1761036.2417564678,False,False,False,False
2022-11-15 00:00:00+00:00,57.496642968,58.1146992361,56.9525793517,58.0972892004,1710834,,,,,,,,,,,,,,,,,,,,,,,,55.95799709260219,"rgba(38, 166, 154, 1.0)",0.0,0.0,1.9085412941242466,57.441809469352656,0.028730580164108354,0.0,0.0,0.0,0.0,0.0,0.0,0.0,0.0,60.78032733591847,7.128664169955229,True,False,True,False,True,1.9636862961258608,0,0.9109558838530232,0.9078811038020106,False,False,False,False,0.22052579335463857,0.23140105996805688,False,False,False,False,-52046638,-49584062.15266604,False,False,False,False,1759067.526393469,False,False,False,False
2022-11-16 00:00:00+00:00,57.557578093,57.6272182359,56.8872917178,57.5314630394,1235741,,,,,,,,,,,,,,,,,,,,,,,,55.96599022774618,"rgba(38, 166, 154, 1.0)",0.0,0.0,1.918713923126001,57.45165720758814,0.05520410527864784,0.0,0.0,0.0,0.0,0.0,0.0,0.0,0.0,60.48890689655482,7.128664169955229,True,False,True,False,True,2.091829714506048,0,0.9154276755649309,0.9068675445051683,False,False,False,False,0.19594738946619059,0.21367422471712372,False,False,False,False,-50810897,-49632173.323149726,False,False,False,False,1738544.9175152937,False,False,False,False
2022-11-17 00:00:00+00:00,57.9667139325,57.9754189503,56.8959967356,56.9134067714,1239177,,,,,,,,,,,,,,,,,,,,,,,,55.975368677201764,"rgba(38, 166, 154, 1.0)",0.0,0.0,1.933944640921204,57.46324667472167,0.26033178361223097,0.0,0.0,0.0,0.0,0.0,0.0,0.0,0.0,61.14599632562286,7.128664169955229,True,False,True,False,True,2.9578299072274206,0,0.9017995810216669,0.9132240755014785,False,False,False,False,0.21178835617237418,0.21273129044474895,False,False,False,False,-49571720,-49629802.604594834,False,False,False,False,1718961.8619264585,False,False,False,False
2022-11-18 00:00:00+00:00,58.1408142897,58.4367848969,57.8796637539,58.2887995933,1001174,,,,,,,,,,,,,,,,,,,,,,,,55.98534022761109,"rgba(38, 166, 154, 1.0)",0.0,0.0,1.9516655823372238,57.47589024425613,0.3406956865261688,0.0,0.0,0.0,0.0,0.0,0.0,0.0,0.0,61.94637895064724,7.556319877474024,True,False,True,False,True,3.3274882192525936,0,0.8951651540741513,0.9200163273678331,False,False,False,False,0.27710069205611154,0.24491599125043023,False,False,False,False,-48570546,-49588263.12990484,False,False,False,False,1690813.3183214995,False,False,False,False
2022-11-21 00:00:00+00:00,58.0972892004,58.2235119594,57.6359232538,57.8361386646,1129658,,,,,,,,,,,,,,,,,,,,,,,,55.995624497778564,"rgba(38, 166, 154, 1.0)",0.0,0.0,1.9677972499306855,57.488459186127415,0.30939671975556926,0.0,0.0,0.0,0.0,0.0,0.0,0.0,0.0,62.312631915302035,8.173022317031318,True,False,True,False,True,3.225094405597428,0,0.8782063823783838,0.9340020413529386,False,False,False,False,0.31899497635306784,0.28195548380174906,False,False,False,False,-49700204,-49592652.96794779,False,False,False,False,1668807.2274069309,False,False,False,False
2022-11-22 00:00:00+00:00,59.0287261114,59.0678986918,58.3758497719,58.4541949327,983082,,,,,,,,,,,,,,,,,,,,,,,,56.008224127729584,"rgba(38, 166, 154, 1.0)",0.0,0.0,2.000171746766624,57.50445021031141,0.7620725087996334,0.0,0.0,0.0,0.0,0.0,0.0,0.0,0.0,64.4883236799537,10.456318836596253,True,False,True,False,True,5.217125312843475,0,0.9142591882575717,0.9183187167366259,False,False,False,False,0.34282824468316797,0.3123918642424585,False,False,False,False,-48717122,-49558318.420185134,False,False,False,False,1641916.0420184238,False,False,False,False
2022-11-23 00:00:00+00:00,59.2898766473,59.4770345313,58.7196979774,58.9764960043,1139275,,,,,,,,,,,,,,,,,,,,,,,,56.02442199713832,"rgba(38, 166, 154, 1.0)",0.0,0.0,2.0352090961922356,57.52494464122706,0.8671993503640635,0.0,0.0,0.0,0.0,0.0,0.0,0.0,0.0,66.41791100872189,12.411832880083473,True,False,True,False,True,5.766854640228296,0,0.9170463093830291,0.9044029270044329,False,False,False,False,0.34282824514193516,0.32761005469219684,False,False,False,False,-47577847,-49480652.87429552,False,False,False,False,1622204.6286059364,False,False,False,False
2022-11-25 00:00:00+00:00,59.2463515579,59.5075020938,59.1593013793,59.2463515579,432206,,,,,,,,,,,,,,,,,,,,,,,,56.0308000035783,"rgba(38, 166, 154, 1.0)",0.0,0.0,2.0655333910862055,57.532956787299156,0.8295168589358011,0.0,0.0,0.0,0.0,0.0,0.0,0.0,0.0,67.50785520637267,13.540233005613743,True,False,True,False,True,5.65879228215039,0,0.9199162745049303,0.9060739957444794,False,False,False,False,0.3428282454070314,0.3352191500496141,False,False,False,False,-48010053,-49422982.29098981,False,False,False,False,1575538.0157194291,False,False,False,False
2022-11-28 00:00:00+00:00,57.9841239682,58.932970915,57.6620383074,58.9155608793,1346801,,,,,,,,,,,,,,,,,,,,,,,,56.04382296661765,"rgba(38, 166, 154, 0.75)",0.0,0.0,2.0706116234095027,57.54788624769099,0.21068061029750068,0.0,0.0,0.0,0.0,0.0,0.0,0.0,0.0,63.33187618126496,17.510579400845472,True,False,True,False,False,2.586929880229153,0,0.9134373221427893,0.9004056144098136,False,False,False,False,0.25205017183182904,0.29363466094072155,False,False,False,False,-49356854,-49420389.02467648,False,False,False,False,1566567.9366716086,False,False,False,False
2022-11-29 00:00:00+00:00,57.4095927894,58.1059942182,57.1571472715,57.8622537181,1263306,,,,,,,,,,,,,,,,,,,,,,,,56.05232688613018,"rgba(38, 166, 154, 0.75)",0.0,0.0,2.059868963650211,57.556388431772234,-0.07126455369864988,0.0,0.0,0.0,0.0,0.0,0.0,0.0,0.0,58.79636196637587,13.38353365527933,True,False,True,False,False,1.2383600278573184,0,0.908789581227428,0.9182028485204584,False,False,False,False,0.19585445085597789,0.2447445558983497,False,False,False,False,-50620160,-49467438.866846025,False,False,False,False,1554675.3117040945,False,False,False,False
2022-11-30 00:00:00+00:00,58.0972892004,58.2539795219,56.9569318607,57.7664985217,1803195,,,,,,,,,,,,,,,,,,,,,,,,56.06598585604155,"rgba(38, 166, 154, 0.75)",0.0,0.0,2.059153830558461,57.57033301582865,0.25590909078824464,0.0,0.0,0.0,0.0,0.0,0.0,0.0,0.0,57.64579187394747,12.48508162733581,True,False,True,False,False,2.771737668977835,1,0.9133266076115845,0.9150466124796955,False,False,False,False,0.1936775698027694,0.21921106285055955,False,False,False,False,-48816965,-49441930.087754026,False,False,False,False,1564421.181833346,False,False,False,False
2022-12-01 00:00:00+00:00,59.5162071116,59.5205596206,58.4367848969,58.7588705578,2152039,,,,,,,,,,,,,,,,,,,,,,,,56.0950631113984,"rgba(38, 166, 154, 0.75)",0.0,0.0,2.062551359488996,57.604046652941435,0.9270850152949952,0.0,0.0,0.0,0.0,0.0,0.0,0.0,0.0,59.890730590095274,12.48508162733581,True,False,True,False,False,5.800438269151936,0,0.9449658825699112,0.8904745645152207,False,False,False,False,0.3111958422570665,0.265203452553813,False,False,False,False,-46664926,-49333027.96666563,False,False,False,False,1587465.0178398816,False,False,False,False
2022-12-02 00:00:00+00:00,59.7077175046,60.0994433083,59.2289415222,59.2637615937,1543731,,,,,,,,,,,,,,,,,,,,,,,,56.119076781779455,"rgba(38, 166, 154, 1.0)",0.0,0.0,2.079587434954082,57.789430593574394,0.9224362865358243,0.0,0.0,0.0,0.0,0.0,0.0,0.0,0.0,61.73364542813715,12.48508162733581,True,False,True,False,True,6.197776770821985,0,0.9645004597525842,0.8602338101984855,False,False,False,False,0.34282824575544646,0.30401584915462976,False,False,False,False,-45121195,-49167858.046404235,False,True,False,False,1585749.958316749,False,True,False,False
2022-12-05 00:00:00+00:00,58.4628999505,59.7599476117,58.05811662,59.4552719866,1649272,,,,,,,,,,,,,,,,,,,,,,,,56.13785116504999,"rgba(38, 166, 154, 1.0)",0.0,0.0,2.0717930727809413,57.77142562516446,0.3337564616949819,0.0,0.0,0.0,0.0,0.0,0.0,0.0,0.0,59.199499856577916,12.48508162733581,True,False,True,False,True,3.218875202265263,1,0.9727136051837663,0.8592352845552964,False,False,False,False,0.27872559917528583,0.2913707241649578,False,False,False,False,-46770467,-49073842.71125113,False,False,False,False,1588241.0187749157,False,False,False,False
2022-12-06 00:00:00+00:00,57.4792329323,58.5673601648,57.0439820393,58.4541949327,1507609,,,,,,,,,,,,,,,,,,,,,,,,56.14791558774931,"rgba(38, 166, 154, 0.75)",0.0,0.0,2.0665219556602943,57.74205204666472,-0.12717944449844537,0.0,0.0,0.0,0.0,0.0,0.0,0.0,0.0,55.15670817601667,10.893460503254836,True,False,True,False,False,0.9714825997706669,1,0.9623667170067695,0.8695615015823878,False,False,False,False,0.18879161066290043,0.2400811674139291,False,False,False,False,-48278076,-49042636.17355501,False,False,False,False,1585078.9788229582,False,False,False,False
2022-12-07 00:00:00+00:00,56.9134067714,57.810023611,56.8655291731,57.3312476287,1325093,,,,,,,,,,,,,,,,,,,,,,,,56.15383079393599,#000000,0.0,0.0,2.0678962069787006,57.719417248979845,-0.38977317858591554,0.0,0.0,0.0,0.0,0.0,0.0,0.0,0.0,51.26536604281975,7.385334546343493,False,False,False,False,False,0.0,0,0.9597005623281585,0.8836097991392465,False,False,False,False,0.15162464180553084,0.19585290460972998,False,False,False,False,-49603169,-49064617.85302344,False,False,False,False,1574883.4502416656,False,False,False,False
2022-12-08 00:00:00+00:00,57.6272182359,57.6359232538,57.061392075,57.3312476287,1281862,,,,,,,,,,,,,,,,,,,,,,,,56.16082084193991,#000000,0.0,0.0,2.072896884922817,57.711230372061046,-0.04052885446068438,0.0,0.0,0.0,0.0,0.0,0.0,0.0,0.0,50.473459565758056,6.755543495248496,False,False,False,False,False,1.2852742978048042,0,0.9642530543322025,0.8889135334606014,False,False,False,False,0.1524839007483729,0.17416840267905143,False,False,False,False,-48321307,-49035468.407806836,False,False,False,False,1563392.4129772866,False,False,False,False
2022-12-09 00:00:00+00:00,57.7577935038,58.0711741468,57.3530101733,57.4095927894,981805,,,,,,,,,,,,,,,,,,,,,,,,56.16730697597705,#000000,0.0,0.0,2.080916481520337,57.71156465938744,0.022215617408530133,0.0,0.0,0.0,0.0,0.0,0.0,0.0,0.0,50.26729431099619,6.50463650393003,False,False,False,False,False,1.5717761831637063,0,0.9756478899211078,0.8743450050391216,False,False,False,False,0.18132006877572213,0.1777442357273868,False,False,False,False,-47339502,-48968959.92122617,False,False,False,False,1540585.0634487655,False,False,False,False
2022-12-12 00:00:00+00:00,58.2539795219,58.310562138,57.1919673429,57.6968583788,1117532,,,,,,,,,,,,,,,,,,,,,,,,56.17552304869547,#000000,0.0,0.0,2.090929463060698,57.71578848833437,0.25739320387108067,0.0,0.0,0.0,0.0,0.0,0.0,0.0,0.0,51.35289989672517,6.50463650393003,False,False,False,False,False,2.661954455330143,0,0.9653178937332934,0.875837449622901,False,False,False,False,0.18444520813402382,0.1810947219307053,False,False,False,False,-46221970,-48861234.82627613,False,False,False,False,1523994.7472350886,False,False,False,False
2022-12-13 00:00:00+00:00,56.9308168071,58.9852010221,56.6653137623,58.9852010221,7581536,,,,,,,,,,,,,,,,,,,,,,,,56.217208350662354,#000000,0.0,0.0,2.0879750161928348,57.72053900430604,-0.378223968716829,0.0,0.0,0.0,0.0,0.0,0.0,0.0,0.0,48.92394622283791,5.0006700105668855,False,True,False,False,False,0.0,0,0.9552777783375408,0.8886649884281864,False,False,False,False,0.19035803458868508,0.18572637825969518,False,False,False,False,-53803506,-49055049.382108435,False,False,False,False,1761545.3845984184,False,False,False,False
2022-12-14 00:00:00+00:00,56.2083003247,57.0352770214,56.1560702175,57.0178669857,2011629,,,,,,,,,,,,,,,,,,,,,,,,56.219232224252934,"rgba(239, 83, 80, 1.0)",0.0,0.0,2.0851303949079725,57.705126317656024,-0.7178572604434595,0.0,0.0,0.0,0.0,0.0,0.0,0.0,0.0,45.895183334970035,2.0230371320266727,False,True,False,True,False,0.0,0,0.9255324326784339,0.9430453400583034,False,False,False,False,0.09347742310388082,0.13960190068178802,False,False,False,False,-55815135,-49320150.7788885,False,False,False,False,1771352.585202402,False,False,False,False
2022-12-15 00:00:00+00:00,55.3726186101,55.685999253,54.8546700474,55.5380139494,1870474,,,,,,,,,,,,,,,,,,,,,,,,56.21237961701166,"rgba(239, 83, 80, 1.0)",0.0,0.0,2.086576559791677,57.67464917658348,-1.103257177734861,0.0,0.0,0.0,0.0,0.0,0.0,0.0,0.0,42.43122238729826,-1.2869716134464753,False,True,False,True,False,0.0,0,0.9248596521557861,0.9514272359516466,False,False,False,False,-0.009068954661284136,0.06526647301025194,False,False,False,False,-57685609,-49648207.96403013,False,False,False,False,1775239.6995081902,False,False,False,False
2022-12-16 00:00:00+00:00,55.0592379671,55.4857838423,54.7197422705,54.8242024849,1618826,,,,,,,,,,,,,,,,,,,,,,,,56.205138844191865,"rgba(239, 83, 80, 1.0)",0.0,0.0,2.088422477785263,57.46509306090676,-1.1519963606013885,0.0,0.0,0.0,0.0,0.0,0.0,0.0,0.0,39.61359670576738,-3.937378514413396,False,True,False,True,False,0.0,0,0.9675305977681967,0.9485322274657902,False,False,False,False,-0.02200355396505413,0.021631459522598907,False,False,False,False,-59304435,-50026883.53406817,False,False,True,False,1769105.8289392416,False,False,True,False
2022-12-19 00:00:00+00:00,55.2072232707,55.7382293602,54.7980874313,55.2855684315,1401387,,,,,,,,,,,,,,,,,,,,,,,,56.1998305152274,"rgba(239, 83, 80, 1.0)",0.0,0.0,2.089169143608917,57.452052729776305,-1.0745082397677461,0.0,0.0,0.0,0.0,0.0,0.0,0.0,0.0,38.21547603914014,-5.28200454953614,False,True,False,True,False,0.0,0,0.9855128579369403,0.9087464928813411,False,False,False,False,-0.009236907659516047,0.00619727593154143,False,False,False,False,-57903048,-50335752.72881059,False,False,False,False,1754685.48270633,False,False,False,False
2022-12-20 00:00:00+00:00,55.9906748782,56.3649906462,55.311683485,55.3552085743,1411980,,,,,,,,,,,,,,,,,,,,,,,,56.19810417980434,"rgba(239, 83, 80, 1.0)",0.0,0.0,2.0891774152989164,57.45758945981673,-0.7021493583429583,0.0,0.0,0.0,0.0,0.0,0.0,0.0,0.0,39.71085336589264,-5.28200454953614,False,True,False,True,False,0.0,0,1.000930591630729,0.894406276552725,False,False,False,False,0.03477736840973868,0.020487322170640056,False,False,False,False,-56491068,-50577137.64140626,False,False,False,False,1741246.0520119641,False,False,False,False
2022-12-21 00:00:00+00:00,56.373695664,56.5913211105,56.1299551639,56.2779404676,1250919,,,,,,,,,,,,,,,,,,,,,,,,56.19892161513696,"rgba(239, 83, 80, 0.75)",0.0,0.0,2.086552014843133,57.467704049225844,-0.5243139770508374,0.0,0.0,0.0,0.0,0.0,0.0,0.0,0.0,41.79977755747595,-5.28200454953614,False,True,False,True,True,0.0,0,1.021749621475162,0.8718458373778551,False,False,False,False,0.07521018804585357,0.047848755108246814,False,False,False,False,-55240149,-50760000.831939355,False,False,False,False,1722017.5401683578,False,False,False,False
2022-12-22 00:00:00+00:00,56.060315021,56.060315021,55.25074836,55.9732648424,1034861,,,,,,,,,,,,,,,,,,,,,,,,56.19727314658754,"rgba(239, 83, 80, 0.75)",0.0,0.0,2.086488564169859,57.46164545635765,-0.6716214310597914,0.0,0.0,0.0,0.0,0.0,0.0,0.0,0.0,42.44236128688371,-5.28200454953614,False,True,False,True,True,0.0,0,1.0034870519592438,0.8729854090424504,False,False,False,False,-0.007138228517286208,0.020355263295480302,False,False,False,False,-56275010,-50976275.701275066,False,False,False,False,1695070.224867638,False,False,False,False
2022-12-23 00:00:00+00:00,56.5652060569,56.7306013963,55.9732648424,55.9819698603,966296,,,,,,,,,,,,,,,,,,,,,,,,56.198120672687665,"rgba(239, 83, 80, 0.75)",0.0,0.0,2.085940281133941,57.46547748911242,-0.43159022353363957,0.0,0.0,0.0,0.0,0.0,0.0,0.0,0.0,44.36776390197289,-5.28200454953614,False,True,False,True,True,0.0,0,1.0318065996108923,0.8940764934234793,False,False,False,False,-0.03476345735472621,-0.007204097029622955,False,False,False,False,-55308714,-51146175.24240153,False,False,False,False,1666490.8435002796,False,False,False,False
2022-12-27 00:00:00+00:00,56.9047017535,57.0091619678,56.5913211105,56.808946557,742191,,,,,,,,,,,,,,,,,,,,,,,,56.19995204921692,"rgba(239, 83, 80, 0.75)",0.0,0.0,2.0732722143182265,57.471972240053525,-0.27361119424448854,0.0,0.0,0.0,0.0,0.0,0.0,0.0,0.0,46.6134748802867,-9.536553292954913,False,True,False,True,True,0.0,0,0.9818999441530701,0.8945934147736891,False,False,False,False,-0.00848812854653951,-0.007846112788081233,False,False,False,False,-54566523,-51280306.527013235,False,False,False,False,1630243.7908139944,False,False,False,False
2022-12-28 00:00:00+00:00,55.9906748782,57.0875071286,55.8818621549,56.9569318607,1092389,,,,,,,,,,,,,,,,,,,,,,,,56.200458006771456,"rgba(239, 83, 80, 0.75)",0.0,0.0,2.0430640789289853,57.47175787672416,-0.7249322298792402,0.0,0.0,0.0,0.0,0.0,0.0,0.0,0.0,45.696960161335156,-9.536553292954913,False,True,False,True,True,0.0,0,0.967849871422896,0.9179177919498995,False,False,False,False,-0.045815354729031796,-0.026830733758556515,False,False,False,False,-55658912,-51452016.54556173,False,False,False,False,1609151.4460761908,False,False,False,False
2022-12-29 00:00:00+00:00,56.9221117892,57.0265720035,56.2344153782,56.3649906462,1183444,,,,,,,,,,,,,,,,,,,,,,,,56.20285412386388,#000000,0.0,0.0,2.0426547061120535,57.477002557680215,-0.27165177101145044,0.0,0.0,0.0,0.0,0.0,0.0,0.0,0.0,47.650574552604695,-8.26082310622943,False,True,False,False,True,0.07790478874442641,0,0.9676727206870426,0.9311479760253999,False,False,False,False,-0.028558039283717078,-0.027694386521136795,False,False,False,False,-54475468,-51570583.2692652,False,False,False,False,1592457.0364261442,False,False,False,False
2022-12-30 00:00:00+00:00,56.373695664,56.9395218249,56.1081926193,56.6609612534,2563858,,,,,,,,,,,,,,,,,,,,,,,,56.20549578722738,#000000,0.0,0.0,2.0374272245237792,57.476973998940984,-0.5415056408696303,0.0,0.0,0.0,0.0,0.0,0.0,0.0,0.0,47.55181496474017,-8.133973866619534,False,True,False,False,True,0.0,0,0.9819751338458345,0.9234962694220518,False,False,False,False,-0.04117680794095192,-0.03443559723104436,False,False,False,False,-57039326,-51785043.7685097,False,False,False,False,1630551.191860413,False,False,False,False
2023-01-03 00:00:00+00:00,55.8426895745,56.8002415392,55.7556393959,56.4694508605,1546466,,,,,,,,,,,,,,,,,,,,,,,,56.20507110999196,"rgba(239, 83, 80, 0.75)",0.0,0.0,2.0318511100933807,57.470348146080276,-0.801071773170167,0.0,0.0,0.0,0.0,0.0,0.0,0.0,0.0,46.22480549924015,-8.133973866619534,False,True,False,True,True,0.0,0,0.9793355222412145,0.9252142709508903,False,False,False,False,-0.08632400204596219,-0.060379799638503276,False,False,False,False,-58585792,-52051739.77758775,False,False,False,False,1627253.733356083,False,False,False,False
2023-01-04 00:00:00+00:00,57.3312476287,57.7752035395,56.5652060569,56.626141182,4062257,,,,,,,,,,,,,,,,,,,,,,,,56.22048075710042,#000000,0.0,0.0,2.0343369395357334,57.49537711941294,-0.08067960008158814,0.0,0.0,0.0,0.0,0.0,0.0,0.0,0.0,49.05829903092049,-6.365630260461835,False,True,False,False,True,1.059670477149453,0,0.9810377577513987,0.9015925014131325,False,False,False,False,-0.0034920843079372147,-0.03193594197322024,False,False,False,False,-54523535,-52148672.9235647,False,False,False,False,1722744.0575381974,False,False,False,False
2023-01-05 00:00:00+00:00,55.9924158817,57.1103276593,55.9660085169,56.995895745,4204424,,,,,,,,,,,,,,,,,,,,,,,,56.2225733958529,#000000,0.0,0.0,2.0272916696990975,57.48296676310425,-0.7352424437404657,0.0,0.0,0.0,0.0,0.0,0.0,0.0,0.0,47.963346318933596,-6.365630260461835,False,True,False,False,True,0.0,1,0.9448880525218603,0.9129417018565653,False,False,False,False,-0.0882352869619412,-0.06008561446758072,False,False,False,False,-58727959,-52406684.142248444,False,False,False,False,1820064.839595523,False,False,False,False
2023-01-06 00:00:00+00:00,56.546970543,56.7582294616,55.9307986971,56.4413410837,2808585,,,,,,,,,,,,,,,,,,,,,,,,56.22450386583964,#000000,0.0,0.0,2.027148157083715,57.47632290773456,-0.45845310392682015,0.0,0.0,0.0,0.0,0.0,0.0,0.0,0.0,48.48711791197188,-6.365630260461835,False,True,False,False,True,0.0,1,0.9426079627721743,0.9330830371914135,False,False,False,False,-0.11439856679521705,-0.08724209063139889,False,False,False,False,-55919374,-52544436.68568968,False,False,False,False,1858830.3360819733,False,False,False,False
2023-01-09 00:00:00+00:00,56.5645754529,57.2115558911,56.472149676,56.8110441913,1973419,,,,,,,,,,,,,,,,,,,,,,,,56.22823595283081,#000000,0.0,0.0,2.0258376881846014,57.47683679005631,-0.45031314328731187,0.0,0.0,0.0,0.0,0.0,0.0,0.0,0.0,48.87694519130237,-6.042984985046978,False,True,False,False,True,0.0,1,0.9362876113204437,0.9342201576960519,False,False,False,False,-0.04743432316327294,-0.06733820689733591,False,False,False,False,-53945955,-52599398.18821166,False,False,False,False,1863324.009176798,False,False,False,False
2023-01-10 00:00:00+00:00,56.3797238991,56.8814638308,56.2300821651,56.5821803628,1546060,,,,,,,,,,,,,,,,,,,,,,,,56.22972520159502,#000000,0.0,0.0,2.0232540290601,57.4741361124053,-0.5409168584795577,0.0,0.0,0.0,0.0,0.0,0.0,0.0,0.0,48.687431546404135,-5.951199306327247,False,True,False,False,True,0.0,1,0.9246120974170273,0.9424996351683876,False,False,False,False,-0.08586330184837682,-0.07660075437285636,False,False,False,False,-55492015,-52712834.14161512,False,False,False,False,1850882.2833267276,False,False,False,False
2023-01-11 00:00:00+00:00,56.6790073672,56.855056466,55.7195397785,56.3445140794,1343965,,,,,,,,,,,,,,,,,,,,,,,,56.23062680066522,#000000,0.0,0.0,2.0029803131889845,57.400806331862256,-0.3603624857965105,0.0,0.0,0.0,0.0,0.0,0.0,0.0,0.0,49.35581822959872,-5.014313903866089,False,True,False,False,True,0.0,1,0.9192796886690958,0.9337300962745849,False,False,False,False,-0.12215696313716556,-0.09937885875501096,False,False,False,False,-54148050,-52769117.11645375,False,False,False,False,1831003.17417666,False,False,False,False
2023-01-12 00:00:00+00:00,58.0962026127,58.2194369819,56.8638589209,57.0751178395,2702821,,,,,,,,,,,,,,,,,,,,,,,,56.24490537116537,"rgba(38, 166, 154, 0.5)",0.0,0.0,1.9902748405494475,57.476308327475394,0.31146164971540896,0.0,0.0,0.0,0.0,0.0,0.0,0.0,0.0,52.985184660851246,-1.3795446720199038,False,False,True,False,True,2.859304446080227,1,0.9436147394911908,0.9059523522157354,False,False,False,False,0.04620958020456943,-0.026584639275220763,False,False,False,False,-51445229,-52717199.935416356,False,False,False,False,1865192.1085226734,False,False,False,False
2023-01-13 00:00:00+00:00,58.4042885357,58.4923130851,57.4184135822,57.6560798656,1425035,,,,,,,,,,,,,,,,,,,,,,,,56.25421976039461,"rgba(38, 166, 154, 1.0)",0.0,0.0,1.972867560334321,57.50225331001399,0.4572203648242602,0.0,0.0,0.0,0.0,0.0,0.0,0.0,0.0,55.99144508140392,1.5011884731453904,True,False,True,False,True,3.5335182818281226,0,0.9472067470737868,0.9108880778063343,False,False,False,False,0.10184879025079396,0.037632075487786604,False,False,False,False,-50020194,-52611434.99677258,False,False,False,False,1847931.045443353,False,False,False,False
2023-01-17 00:00:00+00:00,59.1348922958,59.3021389397,58.5187204499,58.6155474542,2254004,,,,,,,,,,,,,,,,,,,,,,,,56.27568064765668,"rgba(38, 166, 154, 1.0)",0.0,0.0,1.985438255857956,57.56088493306677,0.7927757804047484,0.0,0.0,0.0,0.0,0.0,0.0,0.0,0.0,59.30684371651705,4.5778615198761585,True,False,True,False,True,5.114007169970723,0,0.9746507841396593,0.8923097226686328,False,False,False,False,0.23335342709049242,0.1354927512891395,False,False,False,False,-47766190,-52421425.389056005,False,False,False,False,1863855.4750338097,False,False,False,False
2023-01-18 00:00:00+00:00,58.052190338,59.3901634891,58.0433878831,59.1965094804,1695725,,,,,,,,,,,,,,,,,,,,,,,,56.288725227017004,"rgba(38, 166, 154, 1.0)",0.0,0.0,1.9675400140884942,57.58373715586996,0.23809080312252873,0.0,0.0,0.0,0.0,0.0,0.0,0.0,0.0,58.343414180805624,4.5778615198761585,True,False,True,False,True,2.521545117427678,0,0.9852870471895924,0.8666725196387289,False,False,False,False,0.1953650138804509,0.1654288825847952,False,False,False,False,-49461915,-52305366.15811264,False,False,False,False,1857262.1230716996,False,False,False,False
2023-01-19 00:00:00+00:00,57.8761412392,58.1754247072,57.4624258569,57.7088945953,1505211,,,,,,,,,,,,,,,,,,,,,,,,56.29676551876473,"rgba(38, 166, 154, 1.0)",0.0,0.0,1.9329293322004006,57.589752241368664,0.14816320134441732,0.0,0.0,0.0,0.0,0.0,0.0,0.0,0.0,57.22766932878443,4.5778615198761585,True,False,True,False,True,2.107545783903827,0,0.9600455460317404,0.9093399702863587,False,False,False,False,0.0630891148137738,0.1142589986992845,False,False,False,False,-50967126,-52252886.151912145,False,False,False,False,1843456.196676731,False,False,False,False
2023-01-20 00:00:00+00:00,58.6683621839,58.6815658663,57.5064381316,57.8761412392,1554677,,,,,,,,,,,,,,,,,,,,,,,,56.307368604111225,"rgba(38, 166, 154, 1.0)",0.0,0.0,1.9393834132684584,57.603816846410034,0.54890916886614,0.0,0.0,0.0,0.0,0.0,0.0,0.0,0.0,58.14618982132775,4.5778615198761585,True,False,True,False,True,3.852261840719855,0,0.9483453047865141,0.9072763184940054,False,False,False,False,0.10317131411431812,0.10871515640680132,False,False,False,False,-49412449,-52141496.4596803,False,False,False,False,1832131.5222972515,False,False,False,False
2023-01-23 00:00:00+00:00,59.0116579266,59.1480959782,58.3074615313,58.7299793685,1726605,,,,,,,,,,,,,,,,,,,,,,,,56.32217325956521,"rgba(38, 166, 154, 1.0)",0.0,0.0,1.9617698920734283,57.62789770905513,0.7053631637104774,0.0,0.0,0.0,0.0,0.0,0.0,0.0,0.0,59.42776669661396,4.629146276769156,True,False,True,False,True,4.597383193243996,0,0.9607134502166504,0.9047603916745299,False,False,False,False,0.19701913498517196,0.15286714569598664,False,False,False,False,-47685844,-51966764.99067323,False,False,False,False,1827993.2273052025,False,False,False,False
2023-01-24 00:00:00+00:00,59.1524972057,59.3461512144,58.0962026127,58.0962026127,1016800,,,,,,,,,,,,,,,,,,,,,,,,56.330957454008576,"rgba(38, 166, 154, 1.0)",0.0,0.0,1.981602355854391,57.64148718412283,0.7625192900649744,0.0,0.0,0.0,0.0,0.0,0.0,0.0,0.0,60.562659349278064,5.837861853941945,True,False,True,False,True,4.904698448480357,0,0.9744568109449987,0.8939603549574361,False,False,False,False,0.196026535156043,0.17444684042601483,False,False,False,False,-46669044,-51759011.226333104,False,False,False,False,1796181.7281951946,False,False,False,False
2023-01-25 00:00:00+00:00,59.258126665,59.4693855835,58.6859670938,59.0028554717,1525159,,,,,,,,,,,,,,,,,,,,,,,,56.34542686326818,"rgba(38, 166, 154, 1.0)",0.0,0.0,1.9588204525131327,57.664616243116384,0.8135050968245549,0.0,0.0,0.0,0.0,0.0,0.0,0.0,0.0,61.54149069698734,6.91763421734359,True,False,True,False,True,5.138082409903447,0,0.9810042623157791,0.9227149191564874,False,False,False,False,0.25023132998837605,0.21233908520719544,False,False,False,False,-45143885,-51499594.51157494,False,False,False,False,1785553.3859130302,False,False,False,False
2023-01-26 00:00:00+00:00,59.9623230603,60.1207672492,59.5222003132,59.5222003132,1771032,,,,,,,,,,,,,,,,,,,,,,,,56.36639023055622,"rgba(38, 166, 154, 1.0)",0.0,0.0,1.9240177325250087,57.70118171824974,1.1752185563710067,0.0,0.0,0.0,0.0,0.0,0.0,0.0,0.0,63.60848163645096,9.01091429718393,True,False,True,False,True,6.685395927686685,0,0.9941771486465589,0.9121113855122714,False,False,False,False,0.34282823871924145,0.27758366196321843,False,False,False,False,-43372853,-51180898.76602299,False,False,False,False,1784983.9197987937,False,False,False,False
2023-01-27 00:00:00+00:00,60.446458082,60.5916985886,59.7422616867,59.9271132405,969899,,,,,,,,,,,,,,,,,,,,,,,,56.37903768494515,"rgba(38, 166, 154, 1.0)",0.0,0.0,1.8709395174842,57.72332498166869,1.455489648320129,0.0,0.0,0.0,0.0,0.0,0.0,0.0,0.0,65.85539972682446,11.216555764712005,True,False,True,False,True,7.730602145282035,0,0.998119252335876,0.894016495297084,False,False,False,False,0.34282823979008087,0.31020595087664965,False,False,False,False,-42402954,-50836665.63794366,False,False,False,False,1753019.8052968802,False,False,False,False
2023-01-30 00:00:00+00:00,59.5926199527,60.3408286227,59.4781880385,60.006335335,1283429,,,,,,,,,,,,,,,,,,,,,,,,56.39369512952909,"rgba(38, 166, 154, 1.0)",0.0,0.0,1.7699299400236306,57.7462772315098,1.0431727716666268,0.0,0.0,0.0,0.0,0.0,0.0,0.0,0.0,64.17527620653044,11.216555764712005,True,False,True,False,True,5.513726530792734,0,1.0003229467317065,0.8943396462788877,False,False,False,False,0.3056172066221303,0.30791157874939,False,False,False,False,-43686383,-50556262.39723999,False,False,False,False,1734604.4795989634,False,False,False,False
2023-01-31 00:00:00+00:00,60.9305931038,60.9305931038,59.4429782187,59.4517806737,1907871,,,,,,,,,,,,,,,,,,,,,,,,56.4192416893969,"rgba(38, 166, 154, 1.0)",0.0,0.0,1.6868256632271943,57.78820884849407,1.8628980598350593,0.0,0.0,0.0,0.0,0.0,0.0,0.0,0.0,65.52868543155637,11.216555764712005,True,False,True,False,True,8.36868190021195,0,1.0008961406213124,0.875162112302686,False,False,False,False,0.34282823984705596,0.32536990929822296,False,False,False,False,-41778512,-50212036.89146587,False,False,False,False,1741399.2451048864,False,False,False,False
2023-02-01 00:00:00+00:00,60.596099816,60.9826156125,59.9579218328,60.4640629919,1716061,,,,,,,,,,,,,,,,,,,,,,,,56.442383673646965,"rgba(38, 166, 154, 1.0)",0.0,0.0,1.6783444756965082,57.824579803234236,1.651341576713916,0.0,0.0,0.0,0.0,0.0,0.0,0.0,0.0,65.30509269428407,11.216555764712005,True,False,True,False,True,7.5039352287007475,0,1.0106328012854011,0.8807266645824059,False,False,False,False,0.3428282406164777,0.33409907495735036,False,False,False,False,-43494573,-49948606.9349378,False,False,False,False,1740405.5884341067,False,False,False,False
2023-02-02 00:00:00+00:00,60.7809513698,61.0934385202,60.3584335326,60.6577170006,1381151,,,,,,,,,,,,,,,,,,,,,,,,56.46187125549434,"rgba(38, 166, 154, 1.0)",0.0,0.0,1.6647790624024157,57.854830733638295,1.7576630450523978,0.0,0.0,0.0,0.0,0.0,0.0,0.0,0.0,65.49821263101754,11.216555764712005,True,False,True,False,True,7.896436591994391,0,0.9994198460971357,0.8878517816903079,False,False,False,False,0.3428282412438695,0.33846365810060997,False,False,False,False,-42113422,-49641344.78062651,False,False,False,False,1726317.1732013966,False,False,False,False
2023-02-03 00:00:00+00:00,60.6929268204,61.1770618422,60.3320261678,60.3320261678,2031883,,,,,,,,,,,,,,,,,,,,,,,,56.490153655595954,"rgba(38, 166, 154, 1.0)",0.0,0.0,1.6708471865186072,57.89689516812974,1.6734215282105458,0.0,0.0,0.0,0.0,0.0,0.0,0.0,0.0,65.29598768317673,11.216555764712005,True,False,True,False,True,7.662860828264698,0,1.003567630860405,0.8827400781657068,False,False,False,False,0.3428282413105407,0.3406459497055753,False,False,False,False,-44145305,-49425813.808837235,False,False,False,False,1738300.146801342,False,False,False,False
2023-02-06 00:00:00+00:00,60.0415451547,60.3276249403,59.7862739614,60.2175942536,1402747,,,,,,,,,,,,,,,,,,,,,,,,56.50635773250332,"rgba(38, 166, 154, 0.75)",0.0,0.0,1.6740395146706637,57.91768592225006,1.2687031661064314,0.0,0.0,0.0,0.0,0.0,0.0,0.0,0.0,62.79761197800684,11.216555764712005,True,False,True,False,False,5.940735687581395,0,0.9775335719261136,0.90746646152563,False,False,False,False,0.25385261577688234,0.29724928274122886,False,False,False,False,-45548052,-49273744.7182946,False,False,False,False,1725141.199867956,False,False,False,False
2023-02-07 00:00:00+00:00,60.9658029236,61.1242471125,59.81488194,59.8742985109,1950411,,,,,,,,,,,,,,,,,,,,,,,,56.53231056377619,"rgba(38, 166, 154, 0.75)",0.0,0.0,1.6796402578276564,57.95331642153078,1.7935307801953901,0.0,0.0,0.0,0.0,0.0,0.0,0.0,0.0,63.18150281303283,11.216555764712005,True,False,True,False,False,7.9628301968990876,0,0.971811167506053,0.9011097767504287,False,False,False,False,0.3059200081689399,0.30158464545508434,False,False,False,False,-43597641,-49051152.41561638,False,False,False,False,1733975.309677056,False,False,False,False
2023-02-08 00:00:00+00:00,60.7721489149,61.1330495675,60.5608899963,60.7193341852,1452532,,,,,,,,,,,,,,,,,,,,,,,,56.55229904991117,"rgba(38, 166, 154, 0.75)",0.0,0.0,1.6593077873365656,57.980589012762216,1.6823641300560945,0.0,0.0,0.0,0.0,0.0,0.0,0.0,0.0,62.744871587257606,11.216555764712005,True,False,True,False,False,7.4466990351476525,0,0.9776953561611416,0.9019341644894497,False,False,False,False,0.34282824152140107,0.3222064434882427,False,False,False,False,-45050173,-48894251.262062795,False,False,False,False,1722938.317140701,False,False,False,False
2023-02-09 00:00:00+00:00,60.5784949062,61.5643698596,60.3584335326,61.2738888465,1449007,,,,,,,,,,,,,,,,,,,,,,,,56.572108589648835,"rgba(38, 166, 154, 0.75)",0.0,0.0,1.6660581038691122,58.00697780378511,1.5434738419044411,0.0,0.0,0.0,0.0,0.0,0.0,0.0,0.0,61.74215323981449,11.216555764712005,True,False,True,False,False,6.926612697960902,0,0.9994340450433814,0.8881077993413422,False,False,False,False,0.3428282417732486,0.3325173426307456,False,False,False,False,-46499180,-48800326.898844644,False,False,False,False,1712195.912546948,False,False,False,False
2023-02-10 00:00:00+00:00,61.3443084861,61.3839195333,60.6665194556,60.8161611896,955620,,,,,,,,,,,,,,,,,,,,,,,,56.585978960717796,"rgba(38, 166, 154, 0.75)",0.0,0.0,1.6870001262606582,58.02576927057911,1.9671244618556352,0.0,0.0,0.0,0.0,0.0,0.0,0.0,0.0,62.82524271855193,11.216555764712005,True,False,True,False,False,8.616405414942385,0,1.01320867624015,0.8738442715244591,False,False,False,False,0.342828241909475,0.33767279227011027,False,False,False,False,-45543560,-48672610.54987035,False,False,False,False,1682526.268917656,False,False,False,False
2023-02-13 00:00:00+00:00,61.7316165035,61.9428754221,61.2210741169,61.3090986663,1177658,,,,,,,,,,,,,,,,,,,,,,,,56.604824944522385,"rgba(38, 166, 154, 1.0)",0.0,0.0,1.732354386728898,58.052167852017256,2.1239584000075347,0.0,0.0,0.0,0.0,0.0,0.0,0.0,0.0,64.3372144575542,11.216555764712005,True,False,True,False,True,9.456051030235177,0,1.0278559737942783,0.8645540481285192,False,False,False,False,0.3428282429841021,0.3402505176271062,False,False,False,False,-44365902,-48503720.01850288,False,False,False,False,1662727.5132738266,False,False,False,False
2023-02-14 00:00:00+00:00,61.4763453102,62.2069490703,61.2122716619,61.5555674046,1165581,,,,,,,,,,,,,,,,,,,,,,,61.63185534746667,56.62333955276227,"rgba(38, 166, 154, 1.0)",0.0,0.0,1.7670788862801516,58.29975178833627,1.7976523552667893,-1.0,62.206947,61.212273,831.0,0.0,0.0,0.0,0.0,64.29481875622514,11.216555764712005,True,False,True,False,True,8.74367951765575,0,1.0058252627888622,0.8823445120580152,False,False,False,False,0.34282824320493943,0.34153938041602283,False,False,False,False,-45531483,-48387161.70405179,False,False,False,False,1643231.5715768137,False,False,False,False
2023-02-15 00:00:00+00:00,61.1594569323,61.1594569323,60.6929268204,60.8601734643,741725,,,,,,,,,,,,,,,,,,,,,,,61.387670409703226,56.63358241027429,"rgba(38, 166, 154, 1.0)",0.0,0.0,1.79196074493807,58.29661285577306,1.5976042358148197,0.0,0.0,0.0,0.0,0.0,0.0,0.0,0.0,62.9814350442475,11.216555764712005,True,False,True,False,True,7.858379172063049,0,0.9762857164793283,0.9075564876111065,False,False,False,False,0.2572689660269381,0.2994041732214805,False,False,False,False,-46273208,-48304261.55879486,False,False,False,False,1607878.3726914485,False,False,False,False
2023-02-16 00:00:00+00:00,60.6137047259,61.0230188807,60.3320261678,60.8249636445,916967,,,,,,,,,,,,,,,,,,,,,,,61.15019745727255,56.64517707363152,"rgba(38, 166, 154, 0.75)",0.0,0.0,1.8033857901983037,58.29465110198882,1.2859442702252706,0.0,0.0,0.0,0.0,0.0,0.0,0.0,0.0,60.0511546089493,13.469248371075594,True,False,True,False,False,6.347103123071658,1,0.9891710718371249,0.8992591665512072,False,False,False,False,0.23091684109617183,0.26516050715882616,False,False,False,False,-47190175,-48260571.88982252,False,False,False,False,1580783.8090564897,False,False,False,False
2023-02-17 00:00:00+00:00,60.6577170006,60.7986443042,60.2704089832,60.4640629919,1252142,,,,,,,,,,,,,,,,,,,,,,,60.97369677945674,56.6605861315737,"rgba(38, 166, 154, 0.75)",0.0,0.0,1.806935190609059,58.30026872786088,1.3046667556153473,0.0,0.0,0.0,0.0,0.0,0.0,0.0,0.0,58.23473650883591,11.779859740266417,True,False,True,False,False,6.449991689661456,1,1.008133634571211,0.8777449481791566,False,False,False,False,0.21590689691162596,0.24053370203522606,False,False,False,False,-45938033,-48169491.93335889,False,False,False,False,1567895.8949758431,False,False,False,False
2023-02-21 00:00:00+00:00,59.8214837812,60.3936433524,59.4341757638,60.305618803,1271685,,,,,,,,,,,,,,,,,,,,,,,60.71437209643097,56.67336619504286,#000000,0.0,0.0,1.800826811828802,58.29561268750668,0.8473169566726649,0.0,0.0,0.0,0.0,0.0,0.0,0.0,0.0,54.14802258874965,8.023444577442206,False,False,False,False,False,4.150203648652255,1,0.9896297787548782,0.8660855875889094,False,False,False,False,0.15177069265909227,0.19615219734715916,False,False,False,False,-47209718,-48131853.73989384,False,False,False,False,1556279.7814473787,False,False,False,False
2023-02-22 00:00:00+00:00,59.3021389397,59.7422616867,59.0512689738,59.6718420472,2363071,,,,,,,,,,,,,,,,,,,,,,,60.3009284532177,56.693058588994326,#000000,0.0,0.0,1.773452720685845,58.283929022590485,0.5741398714682087,0.0,0.0,0.0,0.0,0.0,0.0,0.0,0.0,49.93051733534657,4.279121621346576,False,True,False,False,False,2.758814133705201,0,0.9794374871442657,0.877136455694236,False,False,False,False,0.09928009733461066,0.1477161473408849,False,False,False,False,-49572789,-48188361.00499605,False,False,False,False,1587918.6527631676,False,False,False,False
2023-02-23 00:00:00+00:00,58.7827940981,59.6718420472,58.4174922181,59.6366322274,1055462,,,,,,,,,,,,,,,,,,,,,,,60.13917097671259,56.700433095393734,"rgba(239, 83, 80, 1.0)",0.0,0.0,1.7327714490792332,58.27768372638035,0.29150432504416723,0.0,0.0,0.0,0.0,0.0,0.0,0.0,0.0,45.780000843027864,0.6822857574623669,False,True,False,True,False,1.3885667680051803,0,0.9613405150377883,0.8884483947253358,False,False,False,False,0.0638685669488176,0.10579235714485125,False,False,False,False,-50628251,-48284042.96558444,False,False,False,False,1567037.9997136318,False,False,False,False
2023-02-24 00:00:00+00:00,58.9412382871,58.9896517892,57.8849436941,58.0962026127,1380265,,,,,,,,,,,,,,,,,,,,,,,59.93051815541306,56.70851156952143,"rgba(239, 83, 80, 1.0)",0.0,0.0,1.7259048372737618,58.26706681304235,0.39061914625754923,0.0,0.0,0.0,0.0,0.0,0.0,0.0,0.0,43.668660605272564,-1.004783605023654,False,True,False,True,False,1.7901846821407617,0,0.9539751180376992,0.9066623869788543,False,False,False,False,0.0031078836698452145,0.05445012040734823,False,False,False,False,-49247986,-48321844.65320858,False,False,False,False,1559713.568352313,False,False,False,False
2023-02-27 00:00:00+00:00,58.7035720037,59.2933364847,58.5583314971,59.0908800211,1212579,,,,,,,,,,,,,,,,,,,,,,,59.815363588093334,56.71646715295768,"rgba(239, 83, 80, 1.0)",0.0,0.0,1.7197497001299207,58.26360711521096,0.255830769126348,0.0,0.0,0.0,0.0,0.0,0.0,0.0,0.0,41.61221638910391,-2.7431848006219184,False,True,False,True,False,1.1542287685459236,0,0.9770112659161906,0.911220678423305,False,False,False,False,0.05195757041664969,0.05320384541199896,False,False,False,False,-50460565,-48405716.039357275,False,False,False,False,1546100.4480247714,False,False,False,False
2023-02-28 00:00:00+00:00,58.5803376345,58.8576149651,58.2282394368,58.4571032653,1789934,,,,,,,,,,,,,,,,,,,,,,,59.64385351691755,56.726488388844814,"rgba(239, 83, 80, 1.0)",0.0,0.0,1.7160487922532144,58.255625580855074,0.18922075823879583,0.0,0.0,0.0,0.0,0.0,0.0,0.0,0.0,39.89904625825555,-4.249521956566639,False,True,False,True,False,0.8219866759438723,0,0.9805736542953502,0.8796582078720261,False,False,False,False,0.01366072174287092,0.03343228357743494,False,False,False,False,-52250499,-48556491.84173542,False,False,False,False,1555662.5481022312,False,False,False,False
2023-03-01 00:00:00+00:00,58.6419548191,58.7211769135,57.4844319943,58.4130909906,2530588,,,,,,,,,,,,,,,,,,,,,,,59.424148712206794,56.73838507660311,"rgba(239, 83, 80, 1.0)",0.0,0.0,1.7001345600131803,58.242363640681745,0.23503503064790204,0.0,0.0,0.0,0.0,0.0,0.0,0.0,0.0,39.071054768658726,-5.027419916824485,False,True,False,True,False,0.9867323942060402,0,0.9834047799001561,0.865148408836459,False,False,False,False,-0.0303160719164994,0.0015581058304677698,False,False,False,False,-49719911,-48602116.12245168,False,False,False,False,1593894.918764889,False,False,False,False
2023-03-02 00:00:00+00:00,57.2775743032,57.9377584238,56.6790073672,57.8233265095,1827778,,,,,,,,,,,,,,,,,,,,,,,59.202194740818285,56.74145901323678,"rgba(239, 83, 80, 1.0)",0.0,0.0,1.7048079321737635,58.22003935267828,-0.5528277008170434,0.0,0.0,0.0,0.0,0.0,0.0,0.0,0.0,35.20887496794208,-8.69689548639925,False,True,False,True,False,0.0,0,0.9561761285045925,0.8659605743393765,False,False,False,False,-0.12155091013584601,-0.05999640215268912,False,False,False,False,-51547689,-48717628.784316316,False,False,False,False,1603066.804303521,False,False,False,False
2023-03-03 00:00:00+00:00,57.6472774107,58.0257829732,57.1719448439,57.5240430415,1758339,,,,,,,,,,,,,,,,,,,,,,,59.0573381776535,56.74604985736362,"rgba(239, 83, 80, 1.0)",0.0,0.0,1.7063690387610346,58.20596147189209,-0.3274110397582812,0.0,0.0,0.0,0.0,0.0,0.0,0.0,0.0,34.406157431930666,-9.468181665718362,False,True,False,True,False,0.0,0,0.9644467152007661,0.8690378663826567,False,False,False,False,-0.11869727087429748,-0.0893468365134933,False,False,False,False,-49789350,-48759657.0672843,False,False,False,False,1609155.9100171083,False,False,False,False
2023-03-06 00:00:00+00:00,57.3920062174,58.0125792908,57.3391914878,57.7264995052,1478496,,,,,,,,,,,,,,,,,,,,,,,58.95213605761311,56.749724425037655,"rgba(239, 83, 80, 1.0)",0.0,0.0,1.7067567879204681,58.19512168708579,-0.4705506228947303,0.0,0.0,0.0,0.0,0.0,0.0,0.0,0.0,33.29432339185285,-10.63569278537424,False,True,False,True,False,0.0,0,0.9591788332490241,0.8828828250020262,False,False,False,False,-0.11019008377099326,-0.09976846014224328,False,False,False,False,-51267846,-48858017.41758688,False,False,False,False,1604031.9919772218,False,False,False,False
2023-03-07 00:00:00+00:00,55.8603790576,57.1895497537,55.5170833149,57.1631423889,2211823,,,,,,,,,,,,,,,,,,,,,,,58.685911840132384,56.746058036220596,"rgba(239, 83, 80, 1.0)",0.0,0.0,1.7281648530558056,58.157843516082266,-1.3294243627393558,0.0,0.0,0.0,0.0,0.0,0.0,0.0,0.0,29.878706065453056,-13.97395063491362,False,True,False,True,False,0.0,0,0.9125636345532503,0.9053837826426135,False,False,False,False,-0.2596084884606921,-0.1796884743014677,False,False,False,False,-53479669,-49039258.65611288,False,False,False,False,1627866.933468311,False,False,False,False
2023-03-08 00:00:00+00:00,55.6051078643,55.9748109718,55.3102256238,55.798761873,1515190,,,,,,,,,,,,,,,,,,,,,,,58.496704376400345,56.74108139930995,"rgba(239, 83, 80, 1.0)",0.0,0.0,1.754469821662999,58.12843556907956,-1.4382280467997957,0.0,0.0,0.0,0.0,0.0,0.0,0.0,0.0,27.254370312754006,-16.496629418724496,False,True,False,True,False,0.0,0,0.9286901845643352,0.924457628010042,False,False,False,False,-0.34282825441539394,-0.2612583643584308,False,False,False,False,-54994859,-49272811.61077512,False,False,False,False,1623448.230195044,False,False,False,False
2023-03-09 00:00:00+00:00,54.4783936318,55.5698980445,54.2363261209,55.5698980445,2690313,,,,,,,,,,,,,,,,,,,,,,,58.126746855167,56.72553093816089,"rgba(239, 83, 80, 1.0)",0.0,0.0,1.80893453788237,58.06459341939576,-1.9824928500696029,0.0,0.0,0.0,0.0,0.0,0.0,0.0,0.0,24.184731331223084,-19.413453375303316,False,True,False,True,False,0.0,0,0.8933636621049179,0.9459176026622613,False,False,False,False,-0.34282825441539394,-0.3020433093869124,False,False,False,False,-57685172,-49602708.09662708,False,False,False,False,1665286.0643050424,False,False,False,False
2023-03-10 00:00:00+00:00,53.2988646697,54.302344533,53.0171861116,54.2671347132,3910321,,,,,,,,,,,,,,,,,,,,,,,57.54945557545968,56.68956327592055,"rgba(239, 83, 80, 1.0)",0.0,0.0,1.8974075280270042,57.95135766251518,-2.452026211603057,0.0,0.0,0.0,0.0,0.0,0.0,0.0,0.0,21.10571697413002,-22.30758986012949,False,True,False,True,False,0.0,0,0.8569778122665569,0.9740244121348399,False,False,False,False,-0.34282825441539394,-0.3224357819011532,False,False,False,False,-61595493,-50073013.386955425,False,False,False,False,1753326.6500185702,False,False,False,False
2023-03-13 00:00:00+00:00,51.899274334,52.6738903689,51.450349132,52.2777798965,6554649,,,,,,,,,,,,,,,,,,,,,,,56.584099653572785,56.60261539991411,"rgba(239, 83, 80, 1.0)",0.0,0.0,2.0318575784870503,57.72927069079624,-2.8692938021459855,0.0,0.0,0.0,0.0,0.0,0.0,0.0,0.0,18.140997308074425,-25.07982584176568,False,True,False,True,False,0.0,0,0.8435139159988279,0.9950390110172461,False,False,False,False,-0.34282825441539394,-0.3326320181582736,False,False,False,False,-68150142,-50781920.39138855,False,False,False,False,1941613.8009982342,False,False,False,False
2023-03-14 00:00:00+00:00,52.1545455273,54.0998880693,51.9520890637,54.0734807045,5281747,,,,,,,,,,,,,,,,,,,,,,,56.11036563000259,56.54559682584756,"rgba(239, 83, 80, 1.0)",0.0,0.0,2.141947422974071,57.59551163246999,-2.5401959202225743,0.0,0.0,0.0,0.0,0.0,0.0,0.0,0.0,17.201112293640897,-25.996028347765158,False,True,False,True,False,0.0,0,0.8532890617985325,0.9708950728425817,False,False,False,False,-0.27046796026165915,-0.30154998920996634,False,False,False,False,-62868395,-51255899.787804686,False,False,False,False,2072599.4166453623,False,False,False,False
2023-03-15 00:00:00+00:00,50.7989674664,51.2831024881,50.1563882556,50.9838190201,5618748,,,,,,,,,,,,,,,,,,,,,,,55.48926994792337,56.456035762815794,"rgba(239, 83, 80, 1.0)",0.0,0.0,2.2929391177298544,57.40945798732953,-2.882976904975265,0.0,0.0,0.0,0.0,0.0,0.0,0.0,0.0,15.69892500737847,-27.545555489276346,False,True,False,True,False,0.0,0,0.8343943622151567,1.0055479926057922,False,False,False,False,-0.34282825441539394,-0.3221891218126801,False,False,False,False,-68487143,-51931634.81573391,False,False,False,False,2211664.066972995,False,False,False,False
2023-03-16 00:00:00+00:00,50.9045969256,51.5383736814,50.0683637062,50.5348938181,7088618,,,,,,,,,,,,,,,,,,,,,,,54.89632255684363,56.34865459931429,"rgba(239, 83, 80, 1.0)",0.0,0.0,2.425517929099045,57.20280211862169,-2.596643429208188,0.0,0.0,0.0,0.0,0.0,0.0,0.0,0.0,15.118936605596092,-28.2977397432592,False,True,False,True,False,0.0,0,0.8404814208200048,0.9983355189214804,False,False,False,False,-0.33720289628523575,-0.3296960090489579,False,False,False,False,-61398525,-52302885.41119532,False,False,False,False,2402917.1623858185,False,False,False,False
2023-03-17 00:00:00+00:00,49.9275244272,50.9926214751,49.6129246876,50.7109429169,4352873,,,,,,,,,,,,,,,,,,,,,,,54.55381820120743,56.27707726180003,"rgba(239, 83, 80, 1.0)",0.0,0.0,2.5898484429414625,57.0732125341653,-2.759114390048813,0.0,0.0,0.0,0.0,0.0,0.0,0.0,0.0,14.134674741301327,-29.502430339867082,False,True,False,True,False,0.0,0,0.8289048489451321,1.0394950989644605,False,False,False,False,-0.34282825441539394,-0.3362621317321759,False,False,False,False,-65751398,-52830278.06173669,False,False,False,False,2479386.018762845,False,False,False,False
2023-03-20 00:00:00+00:00,50.103573526,50.477677861,49.9319256546,50.3324373545,4166049,,,,,,,,,,,,,,,,,,,,,,,54.26912488621279,56.210037210555996,"rgba(239, 83, 80, 1.0)",0.0,0.0,2.7338303286228243,56.956396037021406,-2.506674404506127,0.0,0.0,0.0,0.0,0.0,0.0,0.0,0.0,14.205282703197096,-29.755760970776098,False,True,False,True,False,0.0,0,0.8474512048955032,1.0413358025477257,False,False,False,False,-0.34282825441539394,-0.33954519307378495,False,False,False,False,-61585349,-53173614.1769627,False,False,False,False,2545529.665085871,False,False,False,False
2023-03-21 00:00:00+00:00,50.3588447193,51.0102263849,50.3148324446,50.8429797411,5185721,,,,,,,,,,,,,,,,,,,,,,,53.99175103932647,56.1338789266451,"rgba(239, 83, 80, 1.0)",0.0,0.0,2.8576429794171507,56.828639401393424,-2.264031836269838,0.0,0.0,0.0,0.0,0.0,0.0,0.0,0.0,15.339743336795076,-29.755760970776098,False,True,False,True,False,0.0,0,0.8515251228082569,1.0208831184162044,False,False,False,False,-0.3136361254343057,-0.3265906592540453,False,False,False,False,-56399628,-53300124.522964165,False,False,False,False,2649066.5801805425,False,False,False,False
2023-03-22 00:00:00+00:00,49.9891416117,50.8693871059,49.9891416117,50.6845355521,3204398,,,,,,,,,,,,,,,,,,,,,,,53.827866523410776,56.08553365396545,"rgba(239, 83, 80, 1.0)",0.0,0.0,2.9755190735914616,56.74983188793918,-2.2721044997634663,0.0,0.0,0.0,0.0,0.0,0.0,0.0,0.0,15.760291146887731,-29.755760970776098,False,True,False,True,False,0.0,0,0.8358221390229127,1.0318554058631917,False,False,False,False,-0.3284453714094637,-0.3275180153317545,False,False,False,False,-59604026,-53547336.34559302,False,False,False,False,2670844.2829185603,False,False,False,False
2023-03-23 00:00:00+00:00,49.6106360493,50.8341772861,49.4609943153,50.3060299896,3431228,,,,,,,,,,,,,,,,,,,,,,,53.653529222258264,56.03189086493564,"rgba(239, 83, 80, 1.0)",0.0,0.0,3.0939063227235915,56.66413217549514,-2.2798027446370424,0.0,0.0,0.0,0.0,0.0,0.0,0.0,0.0,15.705734144414594,-29.755760970776098,False,True,False,True,False,0.0,0,0.832753276028041,1.0260340683606466,False,False,False,False,-0.34282825441539394,-0.33517313487357425,False,False,False,False,-63035254,-53919411.54772663,False,False,False,False,2700663.2522158716,True,False,False,False
2023-03-24 00:00:00+00:00,49.7778826932,49.7866851481,48.7920077397,48.9944642034,2303923,,,,,,,,,,,,,,,,,,,,,,,53.52984494632998,55.99337387166229,"rgba(239, 83, 80, 0.75)",0.0,0.0,3.2073960375195174,56.18283393708218,-1.996931831603663,0.0,0.0,0.0,0.0,0.0,0.0,0.0,0.0,16.473344029093877,-29.755760970776098,False,True,False,True,True,0.0,0,0.8294116601353257,1.0448491372012498,True,False,False,False,-0.34282825441539394,-0.3390006946444841,False,False,False,False,-60731331,-54186545.64389422,False,False,False,False,2685104.810952504,False,False,False,False
2023-03-27 00:00:00+00:00,50.9926214751,51.0454362047,50.1739931655,50.4380668138,2385851,,,,,,,,,,,,,,,,,,,,,,,53.44723116634509,55.96170342169268,"rgba(239, 83, 80, 0.75)",0.0,0.0,3.2838264882191224,56.1755232059032,-1.5783116889388316,0.0,0.0,0.0,0.0,0.0,0.0,0.0,0.0,22.065094796377736,-32.732973418451365,False,True,False,True,True,0.0,0,0.8290399762255627,1.057094962813646,False,False,False,False,-0.26593359242807496,-0.30246714353627957,False,False,False,False,-58345480,-54349641.10883954,False,False,False,False,2673369.367385739,False,False,False,False
2023-03-28 00:00:00+00:00,51.7056203253,51.7452313725,50.8077699213,50.9662141102,2638784,,,,,,,,,,,,,,,,,,,,,,,53.38298613605409,55.93163328032617,"rgba(239, 83, 80, 0.75)",0.0,0.0,3.3407337734568405,56.16085091343814,-1.3336083897305184,0.0,0.0,0.0,0.0,0.0,0.0,0.0,0.0,28.177077771920125,-27.067574033938335,False,True,False,True,True,0.0,0,0.8300740444064346,1.0493412214186724,False,False,False,False,-0.22828956831435612,-0.26537835592531783,False,False,False,False,-55706696,-54402858.94770858,False,False,False,False,2672013.0784686515,False,False,False,False
2023-03-29 00:00:00+00:00,52.1281381625,52.4186191756,51.9212804714,52.0225087032,2140050,,,,,,,,,,,,,,,,,,,,,,,53.35224820401635,55.91147025419353,"rgba(239, 83, 80, 0.75)",0.0,0.0,3.3857824627557527,56.15405310131217,-1.1890648566758193,0.0,0.0,0.0,0.0,0.0,0.0,0.0,0.0,33.54873076783126,-22.308001509071893,False,True,False,True,True,0.0,0,0.8278569456131393,1.0557197736609394,False,False,False,False,-0.1788093283958987,-0.22209384216060826,False,False,False,False,-53566646,-54370066.28309255,False,False,False,False,2651151.7812738027,False,False,False,False
2023-03-30 00:00:00+00:00,52.3129897163,52.8147296479,52.1809528921,52.6386805491,1540345,,,,,,,,,,,,,,,,,,,,,,,53.33602340980818,55.89816323235124,"rgba(239, 83, 80, 0.75)",0.0,0.0,3.4248514901466196,56.148356722599885,-1.1198637422189914,0.0,0.0,0.0,0.0,0.0,0.0,0.0,0.0,37.695490115052806,-18.769174315763646,False,True,False,True,True,0.0,0,0.8385418476075955,1.0496285304555164,False,False,False,False,-0.16087760303318072,-0.1914857225968945,False,False,False,False,-52026301,-54278153.91904971,False,False,False,False,2607590.7310277713,False,False,False,False
2023-03-31 00:00:00+00:00,52.7267050985,52.7443100084,52.2777798965,52.3922118107,1619476,,,,,,,,,,,,,,,,,,,,,,,53.32225564020019,55.88487029961841,"rgba(239, 83, 80, 0.5)",0.0,0.0,3.4526558690163665,56.14135981905449,-0.9889936472375112,0.0,0.0,0.0,0.0,0.0,0.0,0.0,0.0,41.715978187355404,-15.326328011070046,False,False,False,True,True,0.0,0,0.85058776016837,1.0282537049801639,False,False,False,False,-0.16015773901184382,-0.17582173080436916,False,False,False,False,-50406825,-54126337.09869482,False,False,False,False,2568841.1337325643,False,False,False,False
2023-04-03 00:00:00+00:00,54.2319248935,54.2847396231,53.2812597598,53.3692843092,6580223,,,,,,,,,,,,,,,,,,,,,,,53.36446104167129,55.8535745556066,#000000,0.0,0.0,3.4646161144303935,56.15522353696584,-0.5551260456981523,0.0,0.0,0.0,0.0,0.0,0.0,0.0,0.0,48.05166307300065,-9.724137365667445,False,False,False,False,True,0.0,0,0.8592504467575792,1.0183980951830425,False,False,False,False,-0.09146612782372122,-0.1336439293140452,False,False,False,False,-43826602,-53722425.91835385,False,False,False,False,2726150.226527366,False,False,False,False
2023-04-04 00:00:00+00:00,53.2900622147,54.6808500955,53.1404204807,54.4167764472,2677729,,,,,,,,,,,,,,,,,,,,,,,53.37374735582245,55.83964125250266,"rgba(38, 166, 154, 1.0)",0.0,0.0,3.486503019274298,56.14848599582109,-0.8198540960151124,0.0,0.0,0.0,0.0,0.0,0.0,0.0,0.0,49.6318065400819,-8.569049064381801,True,False,True,False,True,0.0,0,0.8436459166381481,1.019462826006356,False,False,False,False,-0.08463096099703396,-0.10913744515553958,False,False,False,False,-46504331,-53439363.37253605,False,False,False,False,2724251.354898842,False,False,False,False
2023-04-05 00:00:00+00:00,52.5453745267,52.7502818875,51.8326532717,52.3761032286,3467175,,,,,,,,,,,,,,,,,,,,,,,53.33960450679781,55.81081711327693,#000000,0.0,0.0,3.515757486390357,56.11039603790927,-1.01401235011505,0.0,0.0,0.0,0.0,0.0,0.0,0.0,0.0,48.890205574240376,-8.569049064381801,False,False,False,False,True,0.0,0,0.8284658730588065,1.048673813301091,False,False,False,False,-0.17215108613008118,-0.14064426564281038,False,False,False,False,-49971506,-53303368.96576993,False,False,False,False,2753385.6154910447,False,False,False,False
2023-04-06 00:00:00+00:00,52.6255556679,52.7591909032,52.1444688208,52.509738464,2282842,,,,,,,,,,,,,,,,,,,,,,,53.321316989661966,55.79282761073613,#000000,0.0,0.0,3.541503227672238,56.08759638262243,-0.9775624903208008,0.0,0.0,0.0,0.0,0.0,0.0,0.0,0.0,48.60507448890156,-8.569049064381801,False,False,False,False,True,0.0,0,0.8227917329587764,1.050939438682646,False,False,False,False,-0.16338743965470492,-0.15201585264875767,False,False,False,False,-47688664,-53083184.45730837,False,False,False,False,2734932.9246874745,False,False,False,False
2023-04-10 00:00:00+00:00,52.8126449973,52.8482810601,52.1177417737,52.1177417737,2175702,,,,,,,,,,,,,,,,,,,,,,,53.30633291331154,55.776293583879756,#000000,0.0,0.0,3.564841394426166,56.06713355128856,-0.9129406315459491,0.0,0.0,0.0,0.0,0.0,0.0,0.0,0.0,48.929923640208216,-8.569049064381801,True,False,False,False,True,0.0,0,0.8112576809302839,1.0644227597571483,False,False,False,False,-0.1616863229757693,-0.15685108781226348,False,False,False,False,-45512962,-52786312.98839431,False,False,False,False,2713002.3001899268,False,False,False,False
2023-04-11 00:00:00+00:00,53.8460908171,53.8995449113,52.7680999189,52.8750081072,2132538,,,,,,,,,,,,,,,,,,,,,,,53.31025101076899,55.7648465141813,"rgba(38, 166, 154, 1.0)",0.0,0.0,3.5780189099689523,56.05733910103696,-0.6180091105097453,0.0,0.0,0.0,0.0,0.0,0.0,0.0,0.0,51.71785793780787,-6.026905953983359,True,False,True,False,True,0.0,0,0.8201730319400441,1.0533874360239934,False,False,False,False,-0.11559282694334395,-0.1362219573778037,False,False,False,False,-43380424,-52417454.59669258,False,False,False,False,2690238.9943001256,False,False,False,False
2023-04-12 00:00:00+00:00,53.3560949543,54.1757243976,53.1244605464,53.9797260524,3529804,,,,,,,,,,,,,,,,,,,,,,,53.31791187651558,55.746543608644394,"rgba(38, 166, 154, 1.0)",0.0,0.0,3.5966952112252693,56.04124438603238,-0.7465601820671501,0.0,0.0,0.0,0.0,0.0,0.0,0.0,0.0,52.16517466321183,-5.2736712484915955,True,False,True,False,True,0.0,0,0.8338147161182615,1.0455474705322896,False,False,False,False,-0.09859268073828759,-0.11740731905804565,False,False,False,False,-46910228,-52201484.926234044,False,False,False,False,2723163.1121707093,False,False,False,False
2023-04-13 00:00:00+00:00,54.0064530995,54.3004506172,53.4451851112,53.6144564092,3686802,,,,,,,,,,,,,,,,,,,,,,,53.337110145560025,55.73087584787002,"rgba(38, 166, 154, 1.0)",0.0,0.0,3.607795589897651,56.03009763544763,-0.5609088667922676,0.0,0.0,0.0,0.0,0.0,0.0,0.0,0.0,53.987138712385594,-3.1844598863629088,True,False,True,False,True,0.0,0,0.8370980925795052,1.0529987866553678,False,False,False,False,-0.08665531633933293,-0.10203131769868928,False,False,False,False,-43223426,-51849404.18402879,False,False,False,False,2760952.87247774,False,False,False,False
2023-04-14 00:00:00+00:00,54.193542429,54.5231760094,53.9975440838,54.4073588055,2046699,,,,,,,,,,,,,,,,,,,,,,,53.352848988535264,55.72381116726846,"rgba(38, 166, 154, 1.0)",0.0,0.0,3.617245813178536,56.02652493422285,-0.5067342945134763,0.0,0.0,0.0,0.0,0.0,0.0,0.0,0.0,55.62398806128089,-1.299215165913843,True,False,True,False,True,0.0,0,0.8362743993839313,1.05029110914031,False,False,False,False,-0.06594088098140417,-0.08398609934004672,False,False,False,False,-41176727,-51430867.8238708,False,False,False,False,2732942.9166942993,False,False,False,False
2023-04-17 00:00:00+00:00,54.5499030565,54.6389932133,53.8327272936,54.1311793191,3497498,,,,,,,,,,,,,,,,,,,,,,,53.38147821060024,55.712714140095606,"rgba(38, 166, 154, 1.0)",0.0,0.0,3.623273568746809,56.02123788277713,-0.4060788671792242,0.0,0.0,0.0,0.0,0.0,0.0,0.0,0.0,57.522813280521206,0.8061826049464145,True,False,True,False,True,0.0,0,0.8258958881397992,1.0501303108588007,False,False,False,False,-0.06724855711708548,-0.0756173282285661,False,False,False,False,-37679229,-50891587.869993515,False,False,False,False,2762925.468980797,False,False,False,False
2023-04-18 00:00:00+00:00,55.3962595468,55.5566218292,54.7993554957,54.8617186055,2068714,,,,,,,,,,,,,,,,,,,,,,,53.412986119396926,55.7105324193007,"rgba(38, 166, 154, 1.0)",0.0,0.0,3.624824963265722,56.025895774453076,-0.17370113978850257,0.0,0.0,0.0,0.0,0.0,0.0,0.0,0.0,60.509217716362414,3.873746239636233,True,False,True,False,True,0.0,0,0.8403184907251983,1.035724423870122,False,False,False,False,-0.017085297724484975,-0.04635131297652553,False,False,False,False,-35610515,-50292330.110385925,False,False,False,False,2735701.4898050795,False,False,False,False
2023-04-19 00:00:00+00:00,55.3517144684,55.5744398606,55.1111710448,55.333896437,1601073,,,,,,,,,,,,,,,,,,,,,,,53.43787551462596,55.7092040556921,"rgba(38, 166, 154, 1.0)",0.0,0.0,3.626241815569059,55.99176721325933,-0.17650580888216086,0.0,0.0,0.0,0.0,0.0,0.0,0.0,0.0,62.330259359008274,5.783713618948859,True,False,True,False,True,0.0,0,0.8618630675846063,1.0265637393704945,False,False,False,False,-0.00832563386063152,-0.027338473418578528,False,False,False,False,-37211588,-49779359.83154727,False,False,False,False,2691206.254910763,False,False,False,False
2023-04-20 00:00:00+00:00,55.2002612017,55.2982603742,54.8795366369,54.906263684,1406676,,,,,,,,,,,,,,,,,,,,,,,53.45676135526484,55.70734404833646,"rgba(38, 166, 154, 1.0)",0.0,0.0,3.6287496860014294,55.987779384220296,-0.21702190855387213,0.0,0.0,0.0,0.0,0.0,0.0,0.0,0.0,62.931327663147556,6.578295374318998,True,False,True,False,True,0.0,0,0.8536425154923787,1.0465068052760718,False,False,False,False,-0.021821257247710318,-0.02457986533314442,False,False,False,False,-38618264,-49341669.798937574,False,False,False,False,2640832.5194240664,False,False,False,False
2023-04-21 00:00:00+00:00,54.9775358095,55.048807935,54.3004506172,54.9418997467,1616870,,,,,,,,,,,,,,,,,,,,,,,53.47350499728219,55.70394076660141,"rgba(38, 166, 154, 1.0)",0.0,0.0,3.631767219741789,55.9782121450182,-0.2755342716016216,0.0,0.0,0.0,0.0,0.0,0.0,0.0,0.0,62.409713007167525,6.578295374318998,True,False,True,False,True,0.0,0,0.8264600296408247,1.0482490276384449,False,False,False,False,-0.04385973565297419,-0.03421980049305931,False,False,False,False,-40235134,-48984550.74799885,False,False,False,False,2600677.1265054755,False,False,False,False
2023-04-24 00:00:00+00:00,54.4519038839,55.0042628565,54.1890879211,54.8349915585,1539123,,,,,,,,,,,,,,,,,,,,,,,53.48634051534057,55.69993699175672,"rgba(38, 166, 154, 0.75)",0.0,0.0,3.6363771107173686,55.9688609599832,-0.4171616501523801,0.0,0.0,0.0,0.0,0.0,0.0,0.0,0.0,60.001669808835786,6.578295374318998,True,False,True,False,False,0.0,0,0.8269063269241604,1.0577327868816704,False,False,False,False,-0.04801087742839795,-0.04111533896072863,False,False,False,False,-41774257,-48701794.130430266,False,False,False,False,2559047.5529170255,False,False,False,False
2023-04-25 00:00:00+00:00,53.0175523582,54.0420891623,52.9774617876,53.8549998328,2122564,,,,,,,,,,,,,,,,,,,,,,,53.484062057418406,55.68874110769165,"rgba(38, 166, 154, 0.75)",0.0,0.0,3.6559816440889263,55.933383914605685,-0.7975509289331546,0.0,0.0,0.0,0.0,0.0,0.0,0.0,0.0,54.12590293150711,10.275376311075775,True,False,True,False,False,0.0,0,0.7998081588330125,1.065707002647158,False,False,False,False,-0.10612741275599855,-0.07362137585836359,False,False,False,False,-43896821,-48513363.81158987,False,False,False,False,2541930.5508418484,False,False,False,False
2023-04-26 00:00:00+00:00,53.0175523582,53.4184580641,52.7057368091,52.964098264,1915347,,,,,,,,,,,,,,,,,,,,,,,53.477768254462326,55.67745394808928,#000000,0.0,0.0,3.674946215283733,55.75398880865348,-0.7446194556733693,0.0,0.0,0.0,0.0,0.0,0.0,0.0,0.0,50.208725013287996,6.665125924428892,True,False,False,False,False,0.0,0,0.7841318664210071,1.0881052524544945,False,False,False,False,-0.1302515374870251,-0.10193645667269434,False,False,False,False,-43896821,-48332322.91701772,False,False,False,False,2517358.646887266,False,False,False,False
2023-04-27 00:00:00+00:00,53.8104547544,53.8639088485,53.2670047974,53.2670047974,1837075,,,,,,,,,,,,,,,,,,,,,,,53.48007677201869,55.66916679459092,#000000,0.0,0.0,3.6851640733661655,55.756346344437745,-0.5280339087481379,0.0,0.0,0.0,0.0,0.0,0.0,0.0,0.0,50.17906668610221,6.665125924428892,True,False,False,False,False,0.0,0,0.789610594620688,1.080174549068067,False,False,False,False,-0.08769854949910033,-0.09481750308589734,False,False,False,False,-42059746,-48086339.50850722,False,False,False,False,2490680.8568132557,False,False,False,False
2023-04-28 00:00:00+00:00,54.0153621152,54.0287256387,53.3026408602,53.4362760955,1989136,,,,,,,,,,,,,,,,,,,,,,,53.48447174787491,55.660864171208175,#000000,0.0,0.0,3.693531460001652,55.75365665737994,-0.47063212023627,0.0,0.0,0.0,0.0,0.0,0.0,0.0,0.0,50.77119449699352,6.665125924428892,True,False,False,False,False,0.0,0,0.8039433448867179,1.0632449043768895,False,False,False,False,-0.07651906819041474,-0.08566828563815604,False,False,False,False,-40070610,-47771997.17484027,False,False,False,False,2471012.431055873,False,False,False,False
2023-05-01 00:00:00+00:00,53.9173629426,54.6568112447,53.8639088485,53.8639088485,2822835,,,,,,,,,,,,,,,,,,,,,,,53.49785079881397,55.65146381522365,#000000,0.0,0.0,3.7019220351930215,55.75766236879029,-0.49711998488761716,0.0,0.0,0.0,0.0,0.0,0.0,0.0,0.0,50.83700959548412,6.665125924428892,True,False,False,False,False,0.0,0,0.8239460899998365,1.0513421539238659,False,False,False,False,-0.03826086676903711,-0.06196457620359658,False,False,False,False,-42893445,-47580681.40327791,False,False,False,False,2484809.3945438783,False,False,False,False
2023-05-02 00:00:00+00:00,53.0264613739,53.6857285347,52.7057368091,53.6679105034,3925187,,,,,,,,,,,,,,,,,,,,,,,53.488043956375634,55.629972231220094,#000000,0.0,0.0,3.711459280697177,55.58593257211716,-0.6896131695499507,0.0,0.0,0.0,0.0,0.0,0.0,0.0,0.0,48.16906225778424,4.191807892553385,True,False,False,False,False,0.0,0,0.8079606109558668,1.0603529423946871,False,False,False,False,-0.08755756754112404,-0.07476107187236031,False,False,False,False,-46818632,-47550797.11295328,False,False,False,False,2541294.790836275,False,False,False,False
2023-05-03 00:00:00+00:00,53.2402777504,54.077725225,52.9462802327,53.0086433425,1843669,,,,,,,,,,,,,,,,,,,,,,,53.48719897350434,55.621133109250295,"rgba(239, 83, 80, 0.5)",0.0,0.0,3.714970459139875,55.57885127070996,-0.6294998967101916,0.0,0.0,0.0,0.0,0.0,0.0,0.0,0.0,47.160945344481306,3.0179766254511406,True,False,False,True,False,0.0,0,0.8328433735048603,1.05043556705767,False,False,False,False,-0.05431994910953102,-0.06454051049094567,False,False,False,False,-44974963,-47449784.010484524,False,False,False,False,2513936.9166858327,False,False,False,False
2023-05-04 00:00:00+00:00,53.7480916446,54.6924473075,52.9908253111,54.1222703035,4917844,,,,,,,,,,,,,,,,,,,,,,,53.497778226258795,55.602007103979595,#000000,0.0,0.0,3.70510665425071,55.577965808777755,-0.4938789446393983,0.0,0.0,0.0,0.0,0.0,0.0,0.0,0.0,48.23589261783787,3.0179766254511406,True,False,False,False,False,0.0,0,0.8450850547536966,1.0276316806624561,False,False,False,False,-0.022016625643677675,-0.043278568067311673,False,False,False,False,-40057119,-47159875.57870082,False,False,False,False,2608207.782698153,False,False,False,False
2023-05-05 00:00:00+00:00,55.4586226566,55.6635300174,54.5142669937,54.5588120722,2678234,,,,,,,,,,,,,,,,,,,,,,,53.52779835985173,55.59977721969904,"rgba(38, 166, 154, 1.0)",0.0,0.0,3.6968693588614765,55.61285776097337,-0.041720463830745166,0.0,0.0,0.0,0.0,0.0,0.0,0.0,0.0,53.27649277880022,-2.5242335584320017,True,False,True,False,True,0.39598309219685746,0,0.8723536023829433,0.9942923164739446,False,False,False,False,0.06731096461395555,0.01201619827332194,False,False,False,True,-37378885,-46776307.32071255,False,False,False,True,2610953.908866853,False,False,False,True
2023-05-08 00:00:00+00:00,54.8171735271,56.2764702968,54.5855391192,56.0020726136,5084768,,,,,,,,,,,,,,,,,,,,,,,53.58245203394804,55.59576622489281,"rgba(38, 166, 154, 1.0)",1.0,56.133682,3.6912880490030853,55.47736058758625,-0.1788500522641527,0.0,0.0,0.0,0.0,0.0,0.0,0.0,0.0,54.58091408444615,-1.2589736039840744,True,False,True,False,True,0.0,0,0.884613635771,0.9709558044902543,False,False,False,False,0.09088969140606139,0.051452944839691664,False,False,False,False,-42463653,-46607183.62186108,False,False,False,False,2707966.226166192,False,False,False,False
2023-05-09 00:00:00+00:00,54.1579063662,54.3717227427,53.8460908171,53.9619080211,2033771,,,,,,,,,,,,,,,,,,,,,,,53.58934866354069,55.589474940028616,"rgba(38, 166, 154, 1.0)",0.0,0.0,3.6811071736797127,55.45650599550284,-0.3527741975533756,0.0,0.0,0.0,0.0,0.0,0.0,0.0,0.0,53.56043739395063,-1.2589736039840744,True,False,True,False,True,0.0,0,0.8593681690075721,1.002792732647643,False,False,False,False,0.013749937321371364,0.032601441080531514,False,False,False,False,-44497424,-46524447.950415544,False,False,False,False,2681527.1976890867,False,False,False,False
2023-05-10 00:00:00+00:00,54.7013563232,54.7993554957,54.3182686486,54.647902229,1649672,,,,,,,,,,,,,,,,,,,,,,,53.59972301205263,55.58607495842238,"rgba(38, 166, 154, 1.0)",0.0,0.0,3.663375803035045,55.455846308956076,-0.20595484228808614,0.0,0.0,0.0,0.0,0.0,0.0,0.0,0.0,54.21313275782988,-1.2589736039840744,True,False,True,False,True,0.0,0,0.8709432240931119,0.9843808871403366,False,False,False,False,0.064696553092428,0.04864899708647975,False,False,False,False,-42847752,-46380263.79549729,False,False,False,False,2641062.2879757895,False,False,False,False
2023-05-11 00:00:00+00:00,54.2469965231,54.3717227427,53.7480916446,53.9084539269,1287232,,,,,,,,,,,,,,,,,,,,,,,53.603849596828624,55.58213556265781,"rgba(38, 166, 154, 1.0)",0.0,0.0,3.644825034269606,55.447772956855374,-0.32944693434262434,0.0,0.0,0.0,0.0,0.0,0.0,0.0,0.0,53.343349374861845,-1.2589736039840744,True,False,True,False,True,0.0,0,0.8674618333614506,0.9836059935854317,False,False,False,False,0.045462695736536676,0.047055846411508215,False,False,False,False,-44134984,-46292213.60743858,False,False,False,False,2587970.904133602,False,False,False,False
2023-05-12 00:00:00+00:00,54.1222703035,54.5944481349,53.792636723,54.3271776643,938090,,,,,,,,,,,,,,,,,,,,,,,53.60708797460439,55.579371004496934,#000000,0.0,0.0,3.624202503861886,55.44314686543979,-0.3644599220193376,0.0,0.0,0.0,0.0,0.0,0.0,0.0,0.0,52.40488078813732,-1.2589736039840744,True,False,False,False,True,0.0,1,0.8933170413513014,0.9776792231355071,False,False,False,False,0.056006650530974186,0.0515312484712412,False,False,False,False,-45073074,-46244404.21106844,False,False,False,False,2523269.6922067944,False,False,False,False
2023-05-15 00:00:00+00:00,54.8617186055,54.8750821291,54.1579063662,54.2113604603,1324436,,,,,,,,,,,,,,,,,,,,,,,53.61529822735133,55.57675891067149,"rgba(38, 166, 154, 1.0)",0.0,0.0,3.588461113956842,55.44423360749677,-0.16233003047773137,0.0,0.0,0.0,0.0,0.0,0.0,0.0,0.0,53.752950214670996,-1.2589736039840744,True,False,True,False,True,0.0,1,0.8900967154912557,0.9734152092910031,False,False,False,False,0.08154393873184346,0.06653759360154232,False,False,False,False,-43748638,-46146531.02632066,False,False,False,False,2476256.6062379004,False,False,False,False
2023-05-16 00:00:00+00:00,53.8549998328,55.0666259664,53.8327272936,54.8528095899,1519376,,,,,,,,,,,,,,,,,,,,,,,53.621093499355645,55.572582037046615,#000000,0.0,0.0,3.5463467734575267,55.43911802674925,-0.44669015613631274,0.0,0.0,0.0,0.0,0.0,0.0,0.0,0.0,51.79162587076167,-1.2589736039840744,True,False,False,False,True,0.0,1,0.882208724346297,0.969939293150028,False,False,False,False,0.153329740904851,0.10993366725319666,False,False,False,False,-45268014,-46112079.378229655,False,False,False,False,2438731.8765815124,False,False,False,False
2023-05-17 00:00:00+00:00,54.505357978,54.5677210878,53.792636723,54.2113604603,3345838,,,,,,,,,,,,,,,,,,,,,,,53.63422042815652,55.56373212508702,#000000,0.0,0.0,3.5139652091073637,55.43049879154135,-0.2632754619037231,0.0,0.0,0.0,0.0,0.0,0.0,0.0,0.0,52.17803780304634,-1.2589736039840744,True,False,False,False,True,0.0,1,0.9112764022987191,0.9670481052575939,False,False,False,False,0.18000395061368876,0.14496880893344272,False,False,False,False,-41922176,-45947769.44182849,False,False,False,False,2474304.6657351786,False,False,False,False
2023-05-18 00:00:00+00:00,54.2826325858,54.3895407741,53.8549998328,54.3717227427,1687268,,,,,,,,,,,,,,,,,,,,,,,53.63953809069328,55.55892445490026,#000000,0.0,0.0,3.454698446291635,55.424829743451525,-0.33062137706334055,0.0,0.0,0.0,0.0,0.0,0.0,0.0,0.0,51.81043360354127,-1.2589736039840744,True,False,False,False,True,0.0,1,0.9141199732764094,0.945501063528438,False,False,False,False,0.19167295584512625,0.1683208823892845,False,False,False,False,-43609444,-45856070.40489404,False,False,False,False,2443440.4827651717,False,False,False,False
2023-05-19 00:00:00+00:00,54.2737235701,54.7459014016,53.9797260524,54.4251768368,1598324,,,,,,,,,,,,,,,,,,,,,,,53.64593064479289,55.55491557408602,#000000,0.0,0.0,3.3995179771988955,55.42195452432274,-0.33776287165536595,0.0,0.0,0.0,0.0,0.0,0.0,0.0,0.0,51.53887053609206,-1.2589736039840744,True,False,False,False,False,0.0,1,0.9364651773673432,0.9311553023493853,False,False,False,False,0.2186271279055842,0.19347400514743435,False,False,False,False,-45207768,-45830646.78117271,False,False,False,False,2410298.659911636,False,False,False,False
2023-05-22 00:00:00+00:00,54.4519038839,54.5855391192,54.0643617015,54.5855391192,1040227,,,,,,,,,,,,,,,,,,,,,,,53.65023177971719,55.55239309079931,#000000,0.0,0.0,3.3365592983502426,55.420421508118196,-0.29027436278356455,0.0,0.0,0.0,0.0,0.0,0.0,0.0,0.0,51.898542730297194,-1.2589736039840744,True,False,False,False,False,0.0,1,0.9637953071962677,0.9119897983228531,False,False,False,False,0.21436451374813614,0.20391925944778524,False,False,False,False,-44167541,-45765426.94661691,False,False,False,False,2356570.3595229443,False,False,False,False
2023-05-23 00:00:00+00:00,54.5320850251,54.6663438915,54.1044522721,54.3449956956,1299931,,,,,,,,,,,,,,,,,,,,,,,53.656030911296604,55.54943329193179,#000000,0.0,0.0,3.272093052664434,55.419233568510016,-0.27112570734735586,0.0,0.0,0.0,0.0,0.0,0.0,0.0,0.0,52.39294574390574,-1.2589736039840744,True,False,False,False,False,0.0,1,0.993370991896731,0.8883581047545883,False,False,False,False,0.22117337100214984,0.21254631522496753,False,False,False,False,-42867610,-45651787.06635743,False,False,False,False,2315133.5218945937,False,False,False,False
2023-05-24 00:00:00+00:00,53.1690056249,54.1044522721,53.0977334994,53.8282727858,2273589,,,,,,,,,,,,,,,,,,,,,,,53.653489918229575,55.53979043484478,#000000,0.0,0.0,3.2252582421190565,55.3996916823632,-0.6916302168714379,0.0,0.0,0.0,0.0,0.0,0.0,0.0,0.0,48.60080276190299,2.4328042570389243,True,False,False,False,False,0.0,1,0.9555343116813207,0.9189648552206399,False,False,False,False,0.13415148942892133,0.17334890232694444,False,False,False,False,-45141199,-45631764.00493165,False,False,False,False,2313504.324957551,False,False,False,False
2023-05-25 00:00:00+00:00,50.8348435146,52.679009762,50.8081164676,52.5275564953,4802607,,,,,,,,,,,,,,,,,,,,,,,53.595363250207896,55.500270414024456,"rgba(239, 83, 80, 0.5)",0.0,0.0,3.180518328112352,55.29379355901875,-1.4019570348035537,0.0,0.0,0.0,0.0,0.0,0.0,0.0,0.0,41.919378845152025,-3.777711108020611,False,False,False,True,False,0.0,0,0.9436613080739328,0.899460460678013,False,False,False,False,-0.06636016477250438,0.05349436877722003,False,False,False,False,-49943806,-45800863.69101276,False,False,False,False,2411116.194567059,False,False,False,False
2023-05-26 00:00:00+00:00,51.2268402049,51.3604754402,50.7813894205,50.8615705617,2055358,,,,,,,,,,,,,,,,,,,,,,,53.56787724196019,55.48228334565722,"rgba(239, 83, 80, 1.0)",0.0,0.0,3.1282975057525646,55.248825951020834,-1.285678788134723,0.0,0.0,0.0,0.0,0.0,0.0,0.0,0.0,38.73050733619097,-6.493348776083295,False,True,False,True,False,0.0,0,0.9438861771690609,0.9295178851909184,False,False,False,False,-0.13944253405562995,-0.042974082639204964,False,False,False,False,-47888448,-45882729.7423456,False,False,False,False,2397164.8928193315,False,False,False,False
2023-05-30 00:00:00+00:00,50.7813894205,51.7257450834,50.683390248,51.4584746128,1841008,,,,,,,,,,,,,,,,,,,,,,,53.54318585185688,55.46607936067511,"rgba(239, 83, 80, 1.0)",0.0,0.0,3.081975375066571,55.21005381458,-1.4369564500444272,0.0,0.0,0.0,0.0,0.0,0.0,0.0,0.0,35.932913427308094,-8.861845911038884,False,True,False,True,False,0.0,0,0.9507885565651583,0.9104569189884113,False,False,False,False,-0.12482926551952302,-0.083901674079364,False,False,False,False,-49729456,-46033581.7524497,False,False,False,False,2375354.8185911225,False,False,False,False
2023-05-31 00:00:00+00:00,50.425028793,50.652208693,50.1488493067,50.3359386361,1897438,,,,,,,,,,,,,,,,,,,,,,,53.51165503371357,55.447037058608935,"rgba(239, 83, 80, 1.0)",0.0,0.0,3.0127682409539753,54.76072873923668,-1.4391083546684647,0.0,0.0,0.0,0.0,0.0,0.0,0.0,0.0,33.54238743068491,-10.899767555539881,False,True,False,True,False,0.0,0,0.9322256034530505,0.9194379059651885,False,False,True,False,-0.21378778363034565,-0.14884472885485484,False,False,False,False,-51626894,-46252927.33078501,False,False,False,False,2356612.9825679413,False,False,True,False
2023-06-01 00:00:00+00:00,51.1912041422,51.3515664245,50.2023034008,50.7012082793,2570904,,,,,,,,,,,,,,,,,,,,,,,53.47673960455803,55.42403361237818,"rgba(239, 83, 80, 1.0)",0.0,0.0,2.90939038573647,54.725895815845114,-1.214925192223854,0.0,0.0,0.0,0.0,0.0,0.0,0.0,0.0,34.54748429399025,-10.899767555539881,False,True,False,True,False,0.0,0,0.9301645122619466,0.9207342007089043,False,False,False,False,-0.1718103499848021,-0.16032753941982847,False,False,False,False,-49055990,-46362851.35702874,False,False,False,False,2365016.5518790027,False,False,False,False
2023-06-02 00:00:00+00:00,52.3582851973,52.4028302757,51.5564737854,51.6366549266,1805439,,,,,,,,,,,,,,,,,,,,,,,53.463915684521965,55.412247999149976,"rgba(239, 83, 80, 0.75)",0.0,0.0,2.791110842669357,54.72621208096681,-0.8483815287687314,0.0,0.0,0.0,0.0,0.0,0.0,0.0,0.0,38.49454564765326,-10.899767555539881,False,True,False,True,True,0.0,0,0.95708126319061,0.8981725295641472,False,False,False,False,-0.040914958874863384,-0.10062124914734592,False,False,False,False,-47250551,-46397663.107733496,False,False,False,False,2343072.3341582576,False,False,False,False
2023-06-05 00:00:00+00:00,51.4050205187,52.6433736993,51.4050205187,52.4830114169,1646800,,,,,,,,,,,,,,,,,,,,,,,53.44998893944836,55.40064050690525,"rgba(239, 83, 80, 0.75)",0.0,0.0,2.683886528188164,54.71328353375153,-1.2326389287720259,0.0,0.0,0.0,0.0,0.0,0.0,0.0,0.0,39.2361724666727,-16.88298056965705,False,True,False,True,True,0.0,0,0.964564649526211,0.8923319590218252,False,False,False,False,-0.03612090389300056,-0.06837107652017324,False,False,False,False,-48897351,-46495690.08390081,False,False,False,False,2315767.5367402867,False,False,False,False
2023-06-06 00:00:00+00:00,51.8059262246,51.8504713031,51.2713852834,51.3782934716,3362372,,,,,,,,,,,,,,,,,,,,,,,53.41929797896745,55.37602438021174,"rgba(239, 83, 80, 0.75)",0.0,0.0,2.580881466262932,54.676217743239214,-1.1121361271950787,0.0,0.0,0.0,0.0,0.0,0.0,0.0,0.0,40.78799415327203,-15.357427821712903,False,True,False,True,True,0.0,0,0.975157538977119,0.8862415269095096,False,False,False,False,-0.17966373716658682,-0.12401740684338003,False,False,False,False,-45534979,-46458015.139434114,False,False,False,False,2356810.8490249817,False,False,False,False
2023-06-07 00:00:00+00:00,51.8861073658,52.0731966953,51.5119287069,51.8682893344,3072835,,,,,,,,,,,,,,,,,,,,,,,53.39491568646979,55.35488626486882,"rgba(239, 83, 80, 0.75)",0.0,0.0,2.46543572612962,54.647240372284486,-1.1199371280382424,0.0,0.0,0.0,0.0,0.0,0.0,0.0,0.0,42.0401604536502,-14.05714486557165,False,True,False,True,True,0.0,0,0.9594093474450812,0.8981562184247903,False,False,False,False,-0.1484456039199016,-0.1362315053816408,False,False,False,False,-42462144,-46301314.3104367,False,False,False,False,2384890.2274945905,False,False,False,False
2023-06-08 00:00:00+00:00,52.7146458248,52.9106441699,51.7257450834,52.1622868521,2467339,,,,,,,,,,,,,,,,,,,,,,,53.38346607696831,55.341074281148835,"rgba(239, 83, 80, 0.5)",0.0,0.0,2.363635239525735,54.636742884455444,-0.813195296597927,0.0,0.0,0.0,0.0,0.0,0.0,0.0,0.0,45.03417623990204,-11.10984645836028,False,False,False,True,True,0.0,0,0.9509903787813342,0.8958466454754014,False,False,False,False,-0.07856290518623348,-0.10739720528393715,False,False,False,False,-39994805,-46054000.21983135,False,False,False,False,2388123.512690881,False,False,False,False
2023-06-09 00:00:00+00:00,52.8037359817,53.2580957817,52.5231019875,52.8750081072,1533043,,,,,,,,,,,,,,,,,,,,,,,53.3795653543859,55.33377004959966,#000000,0.0,0.0,2.2713674935164696,54.63454795823917,-0.8060395254247269,0.0,0.0,0.0,0.0,0.0,0.0,0.0,0.0,47.252674267943746,-8.937998593148414,False,False,False,False,True,0.0,0,0.9489494804469081,0.8997838754027184,False,False,False,False,-0.003302064011626607,-0.05534963464778188,False,False,False,False,-38461762,-45756265.3876811,False,False,False,False,2354590.9435657486,False,False,False,False
2023-06-12 00:00:00+00:00,52.5542835424,52.7502818875,52.2781040561,52.6166466522,1366500,,,,,,,,,,,,,,,,,,,,,,,53.373925883639934,55.3264205151107,#000000,0.0,0.0,2.1908073455024835,54.628483038276684,-0.946774028366673,0.0,0.0,0.0,0.0,0.0,0.0,0.0,0.0,48.03760163969229,-8.078914647091523,False,False,False,False,True,0.0,0,0.9383723552638039,0.9180566158096589,False,False,False,False,-0.052735457491258124,-0.05404254606952,False,False,False,False,-39828262,-45523794.66659556,False,False,False,False,2315842.27911219,False,False,False,False
2023-06-13 00:00:00+00:00,53.4184580641,53.7570006603,52.7057368091,52.7324638562,1694657,,,,,,,,,,,,,,,,,,,,,,,53.373272966418384,55.319839788219475,#000000,0.0,0.0,2.0959198723485275,54.63027418083082,-0.5781786473415834,0.0,0.0,0.0,0.0,0.0,0.0,0.0,0.0,50.79627393367057,-5.32873085970887,True,False,False,False,True,0.0,0,0.9429318230360111,0.8943532294147017,False,False,False,False,0.041430748068630965,-0.006305899000444516,False,False,False,False,-38133605,-45233983.30712123,False,False,False,False,2291482.072088183,False,False,False,False
2023-06-14 00:00:00+00:00,53.4184580641,53.9084539269,53.249186766,53.7391826289,1558601,,,,,,,,,,,,,,,,,,,,,,,53.37440338506371,55.31451255149357,"rgba(38, 166, 154, 1.0)",0.0,0.0,2.0025758065050114,54.63371778358531,-0.6068482978460815,0.0,0.0,0.0,0.0,0.0,0.0,0.0,0.0,52.63538879632276,-3.4786313431530047,True,False,True,False,True,0.0,0,0.9438253015205035,0.9103629382466696,False,False,False,False,0.08721326762118056,0.04045368431036803,False,False,False,False,-38133605,-44955537.09899883,False,False,False,False,2262741.6378886467,False,False,False,False
2023-06-15 00:00:00+00:00,54.3271776643,54.4608128996,53.3739129857,53.4540941269,1589983,,,,,,,,,,,,,,,,,,,,,,,53.379517106159064,55.31070656308,"rgba(38, 166, 154, 1.0)",0.0,0.0,1.910493034687001,54.642288869026615,-0.1649371125701265,0.0,0.0,0.0,0.0,0.0,0.0,0.0,0.0,55.970147365657255,-0.2443071966222803,True,False,True,False,True,0.03635211885982059,0,0.9488339732660839,0.9062552242112853,False,False,False,False,0.13217406574659102,0.08631387502847952,False,False,False,False,-36543622,-44625658.075508684,False,False,False,False,2236358.946206739,False,False,False,False
2023-06-16 00:00:00+00:00,54.4875399467,54.6835382918,54.3093596329,54.362813727,1978476,,,,,,,,,,,,,,,,,,,,,,,53.38985108277071,55.307647687890444,"rgba(38, 166, 154, 1.0)",0.0,0.0,1.8108747984056495,54.657433088604066,-0.09381827062458886,0.0,0.0,0.0,0.0,0.0,0.0,0.0,0.0,58.53380748602492,2.208592191275443,True,False,True,False,True,0.45447405908861427,0,0.9903971765846902,0.8696488028807241,False,False,False,False,0.21043829334287986,0.14837608418567969,False,False,False,False,-34565146,-44231128.190194614,False,False,False,False,2226245.8894927497,False,False,False,False
2023-06-20 00:00:00+00:00,53.9975440838,54.3539047113,53.7748186916,54.3449956956,1637332,,,,,,,,,,,,,,,,,,,,,,,53.39482029684789,55.30373960368419,"rgba(38, 166, 154, 1.0)",0.0,0.0,1.7505363469207544,54.66390542933882,-0.3806612451726391,0.0,0.0,0.0,0.0,0.0,0.0,0.0,0.0,58.45697456493022,2.224139776283991,True,False,True,False,True,0.0,0,0.9695438407417537,0.8742853239273884,False,False,False,False,0.15185252931300217,0.15011430674934093,False,False,False,False,-36202478,-43916279.16312816,False,False,False,False,2203151.227159701,False,False,False,False
2023-06-21 00:00:00+00:00,53.9886350681,54.1489973505,53.7124555818,54.0064530995,3936148,,,,,,,,,,,,,,,,,,,,,,,53.404806271145866,55.29376421242161,"rgba(38, 166, 154, 1.0)",0.0,0.0,1.6739984139985566,54.674530054853975,-0.40973454993641556,0.0,0.0,0.0,0.0,0.0,0.0,0.0,0.0,58.3730949434534,2.3705576152737535,True,False,True,False,True,0.0,0,0.9685881070210768,0.8797946101403292,False,False,False,False,0.13395859336630309,0.142036450057822,False,False,False,False,-40138626,-43768135.90182902,False,False,False,False,2271111.884918144,False,False,False,False
2023-06-22 00:00:00+00:00,53.2670047974,53.9440899897,53.1110970229,53.8817268799,3412532,,,,,,,,,,,,,,,,,,,,,,,53.40535785061033,55.28200096880209,"rgba(38, 166, 154, 0.75)",0.0,0.0,1.5985694331384492,54.671317679394136,-0.8784810048801379,0.0,0.0,0.0,0.0,0.0,0.0,0.0,0.0,55.79056056099063,2.3705576152737535,True,False,True,False,False,0.0,0,0.9404804190222058,0.9052486670516254,False,False,False,False,0.08044492369000704,0.11124068687391453,False,False,False,False,-43551158,-43759626.96450239,False,False,False,False,2315873.4580586087,False,False,False,False
2023-06-23 00:00:00+00:00,52.679009762,52.8126449973,52.4295573228,52.6166466522,1485594,,,,,,,,,,,,,,,,,,,,,,,53.400278773565105,55.27472090452912,#000000,0.0,0.0,1.5658811297049955,54.662830936519434,-1.2669040688249285,0.0,0.0,0.0,0.0,0.0,0.0,0.0,0.0,52.30505863576062,8.245559407275934,True,False,False,False,False,0.0,0,0.9208196945887696,0.9254489938048613,False,False,False,False,-0.03867951579505759,0.03628058553942847,False,False,False,False,-45036752,-43809710.29922778,False,False,False,False,2283313.4793112124,False,False,False,False
2023-06-26 00:00:00+00:00,53.7124555818,53.8995449113,52.7146458248,52.7413728718,1522196,,,,,,,,,,,,,,,,,,,,,,,53.4005621536237,55.26956078535786,"rgba(38, 166, 154, 0.75)",0.0,0.0,1.5390945096665127,54.66117397649091,-0.6164133448156299,0.0,0.0,0.0,0.0,0.0,0.0,0.0,0.0,53.04459104281776,8.245559407275934,True,False,True,False,False,0.0,0,0.9216738218050523,0.9063345457744995,False,False,False,False,0.05138760204186593,0.043834093790647205,False,False,False,False,-43514556,-43798135.62082669,False,False,False,False,2253465.7350244983,False,False,False,False
2023-06-27 00:00:00+00:00,54.1311793191,54.3093596329,53.6768195191,53.8549998328,2526857,,,,,,,,,,,,,,,,,,,,,,,53.407645539746284,55.263835988113605,"rgba(38, 166, 154, 0.75)",0.0,0.0,1.5351662929529215,54.66646379648829,-0.3486817550942042,0.0,0.0,0.0,0.0,0.0,0.0,0.0,0.0,54.59418557984207,8.245559407275934,True,False,True,False,False,0.0,0,0.9306534643681529,0.9025322485303624,False,False,False,False,0.14229780261561142,0.09306594820312931,False,False,False,False,-40987699,-43687922.42000996,False,False,False,False,2264186.961101969,False,False,False,False
2023-06-28 00:00:00+00:00,54.1222703035,54.162360874,53.6326308012,53.9440899897,2323518,,,,,,,,,,,,,,,,,,,,,,,53.41334816092689,55.25833454692643,"rgba(38, 166, 154, 0.75)",0.0,0.0,1.5401557274428088,54.66986812892411,-0.3555470499942934,0.0,0.0,0.0,0.0,0.0,0.0,0.0,0.0,55.5959282390683,8.245559407275934,True,False,True,False,False,0.0,0,0.9328449117015168,0.907627113751816,False,False,False,False,0.1295226107543833,0.11129427947875631,False,False,False,False,-43311217,-43673149.65844095,False,False,False,False,2266513.668509735,False,False,False,False
2023-06-29 00:00:00+00:00,54.7993554957,54.8083536016,54.0420891623,54.2380875074,2418556,,,,,,,,,,,,,,,,,,,,,,,53.425169594751175,55.25520718041871,"rgba(38, 166, 154, 1.0)",0.0,0.0,1.5478571222975404,54.680195168672036,0.07698406093909294,0.0,0.0,0.0,0.0,0.0,0.0,0.0,0.0,57.95747840991027,8.245559407275934,True,False,True,False,True,1.5013315455816674,0,0.9258125795610631,0.9114954713733127,False,False,False,False,0.20069265443094383,0.15599346695485006,False,False,False,False,-40892661,-43564110.88752169,False,False,False,False,2272476.112881902,False,False,False,False
2023-06-30 00:00:00+00:00,55.2448062801,55.4987132272,54.8973546683,55.0309899036,2229240,,,,,,,,,,,,,,,,,,,,,,,53.4421521681135,55.255038662406065,"rgba(38, 166, 154, 1.0)",0.0,0.0,1.5643305722938838,54.69655890211802,0.350467725742934,0.0,0.0,0.0,0.0,0.0,0.0,0.0,0.0,60.52458362398514,4.901666044761349,True,False,True,False,True,2.6693196388974734,0,0.935814035847562,0.8991462400666196,False,False,False,False,0.3088979071754931,0.23244568706517157,False,False,False,False,-38663421,-43371926.97036398,False,False,False,False,2270780.5790433963,False,False,False,False
2023-07-03 00:00:00+00:00,55.9397095038,56.0020726136,55.3606234841,55.4408046252,527192,,,,,,,,,,,,,,,,,,,,,,,53.44736225916762,55.25552930651996,"rgba(38, 166, 154, 1.0)",0.0,0.0,1.5744510137760293,54.70177331275888,0.786265295147012,0.0,0.0,0.0,0.0,0.0,0.0,0.0,0.0,63.61476474543308,7.875830498995256,True,False,True,False,True,4.453877425500401,0,0.9497880577879282,0.8816872742806744,False,False,False,False,0.34282824038996346,0.28763696372756753,False,False,False,False,-38136229,-43166605.481330104,False,False,False,False,2202404.556335812,False,False,False,False
2023-07-05 00:00:00+00:00,55.7882562371,56.0377086763,55.5031677351,55.7971652528,3841385,,,,,,,,,,,,,,,,,,,,,,,53.48477517471412,55.259137941490344,"rgba(38, 166, 154, 1.0)",0.0,0.0,1.580262085001921,54.73804545202711,0.6645801320175414,0.0,0.0,0.0,0.0,0.0,0.0,0.0,0.0,65.02192413328288,9.244574314693324,True,False,True,False,True,4.0202917387340875,0,0.9682851215818942,0.8778601229239976,False,False,False,False,0.3428282406226542,0.31523260217511084,False,False,False,False,-41977614,-43119978.364415206,False,False,False,False,2266678.2992246035,False,False,False,False
2023-07-06 00:00:00+00:00,54.2826325858,55.2893513586,54.0153621152,55.2893513586,7167186,,,,,,,,,,,,,,,,,,,,,,,53.51516490084063,55.249821484024636,"rgba(38, 166, 154, 0.75)",0.0,0.0,1.536298504495124,54.75685909616266,-0.30868122892464883,0.0,0.0,0.0,0.0,0.0,0.0,0.0,0.0,60.64986271859259,9.244574314693324,True,False,True,False,False,0.0,0,0.9382359274283918,0.8846843988060484,False,False,False,False,0.1950149899576683,0.2551237960663896,False,False,False,False,-49144800,-43356245.879536174,False,False,False,False,2458855.071804031,False,False,False,False
2023-07-07 00:00:00+00:00,54.8866638495,55.2111703199,54.0934258106,54.1114539478,4544013,,,,,,,,,,,,,,,,,,,,,,,53.53717914612753,55.24565270547197,"rgba(38, 166, 154, 0.75)",0.0,0.0,1.5007595946058503,54.770988126861916,0.07707811634445548,0.0,0.0,0.0,0.0,0.0,0.0,0.0,0.0,59.24054915458129,15.359083151566281,True,False,True,False,False,1.4546487156313752,0,0.9677906468365367,0.8736759933538782,False,False,False,False,0.1950075010649939,0.22506564856569172,False,False,False,False,-44600787,-43405051.413672015,False,False,False,False,2540625.970948971,False,False,False,False
2023-07-10 00:00:00+00:00,55.0218748788,55.1660999768,54.6838473054,54.7604668887,1396607,,,,,,,,,,,,,,,,,,,,,,,53.54504194347882,55.244943073169324,"rgba(38, 166, 154, 0.75)",0.0,0.0,1.4709602946925269,54.77642446058642,0.16686406771087284,0.0,0.0,0.0,0.0,0.0,0.0,0.0,0.0,58.62928571804467,14.70563946393284,True,False,True,False,False,1.8060989390987174,0,0.9861401467762525,0.8606302233687289,False,False,False,False,0.230061159889753,0.22756340422772237,False,False,False,False,-43204180,-43397174.10333194,False,False,False,False,2495762.4818921485,False,False,False,False
2023-07-11 00:00:00+00:00,55.4815923786,55.4996205159,54.9407482612,55.2472265944,1168863,,,,,,,,,,,,,,,,,,,,,,,53.5531705443227,55.245071274583935,"rgba(38, 166, 154, 0.75)",0.0,0.0,1.4338927666296852,54.782638574938346,0.4874519349898938,0.0,0.0,0.0,0.0,0.0,0.0,0.0,0.0,59.32827067035143,14.70563946393284,True,False,True,False,False,2.999798814636943,0,0.9848678279700481,0.8675711885162483,False,False,False,False,0.26865179705555553,0.24810760064163895,False,False,False,False,-42035317,-43343767.94241696,False,False,False,False,2443727.2080924567,False,False,False,False
2023-07-12 00:00:00+00:00,56.1035631137,56.1846897313,55.6393385795,55.9683520843,2255371,,,,,,,,,,,,,,,,,,,,,,,53.574542580958855,55.247957935450614,"rgba(38, 166, 154, 0.75)",0.0,0.0,1.3914379694202652,54.80072296426399,0.9363264321289358,0.0,0.0,0.0,0.0,0.0,0.0,0.0,0.0,61.15484076375523,14.70563946393284,True,False,True,False,False,4.585192375875163,0,0.9957790719070612,0.8588915013707242,False,False,False,False,0.3428282409769544,0.2954679208092967,False,False,False,False,-39779946,-43204010.21918492,False,False,False,False,2436340.6901280466,False,False,False,False
2023-07-13 00:00:00+00:00,57.2303216916,57.3700397553,56.4280695841,56.4641258586,1490937,,,,,,,,,,,,,,,,,,,,,,,53.59445765604853,55.252545664441755,"rgba(38, 166, 154, 1.0)",0.0,0.0,1.3820336074558393,54.81885260607402,1.7448700758914317,0.0,0.0,0.0,0.0,0.0,0.0,0.0,0.0,64.38522786637273,14.70563946393284,True,False,True,False,True,7.339262255189784,0,0.9937457421595545,0.8518704765297326,False,False,False,False,0.34282824301807635,0.3191480819136865,False,False,False,False,-38289009,-43011265.07333453,False,False,False,False,2399266.035613221,False,False,False,False
2023-07-14 00:00:00+00:00,57.1762372799,57.6269407111,56.9508855643,57.5638422307,1525911,,,,,,,,,,,,,,,,,,,,,,,53.6160289757929,55.25785934575636,"rgba(38, 166, 154, 1.0)",0.0,0.0,1.4036271324514458,54.838526500116735,1.6654784776783524,0.0,0.0,0.0,0.0,0.0,0.0,0.0,0.0,66.32680657555342,10.448300158112325,True,False,True,False,True,7.18182702923858,0,1.027352942034172,0.8285911835789407,False,False,False,False,0.34282824366312464,0.3309881627884056,False,False,False,False,-39814920,-42885918.20771357,False,False,False,False,2365016.81853035,False,False,False,False
2023-07-17 00:00:00+00:00,57.5908844366,57.6584899512,57.1131387995,57.1401810054,2065893,,,,,,,,,,,,,,,,,,,,,,,53.64643846092844,55.265735904986975,"rgba(38, 166, 154, 1.0)",0.0,0.0,1.450621768396685,54.86618418799833,1.8782981945825716,0.0,0.0,0.0,0.0,0.0,0.0,0.0,0.0,68.32010138100134,12.424419401475653,True,False,True,False,True,8.18130547455862,0,1.0259882648414074,0.8342899234172059,False,False,False,False,0.34282824381228233,0.336908203300344,False,False,False,False,-37749027,-42684471.49368559,False,False,False,False,2353286.4727056306,False,False,False,False
2023-07-18 00:00:00+00:00,58.1858129657,58.3841224754,57.3204623779,57.5638422307,3562817,,,,,,,,,,,,,,,,,,,,,,,53.704630631508294,55.282318365635895,"rgba(38, 166, 154, 1.0)",0.0,0.0,1.520730303545709,54.91931323409618,2.1479809562469474,0.0,0.0,0.0,0.0,0.0,0.0,0.0,0.0,70.5718686043603,14.640380826427233,True,False,True,False,True,9.59258919765702,0,1.0299754457794141,0.8294742388053955,False,False,False,False,0.3428282444760338,0.33986822388818894,False,False,False,False,-34186210,-42351206.337070465,False,False,False,False,2400719.042403449,False,False,False,False
2023-07-19 00:00:00+00:00,58.9069384556,59.0250227546,58.1091933824,58.3210239951,1858961,,,,,,,,,,,,,,,,,,,,,,,53.73938197620402,55.29318183340668,"rgba(38, 166, 154, 1.0)",0.0,0.0,1.6140252766802228,54.951335721725,2.4507687649173646,0.0,0.0,0.0,0.0,0.0,0.0,0.0,0.0,73.05028919913335,17.052164783239974,True,False,True,False,True,11.257778145360348,0,1.0313720516877842,0.8505250176393115,False,False,False,False,0.3428282453460198,0.3413482346171044,False,False,False,False,-32327249,-41958109.97091084,False,False,False,False,2379473.6289758626,False,False,False,False
2023-07-20 00:00:00+00:00,58.6996148773,59.0601776222,58.2398973775,58.9520087987,1489468,,,,,,,,,,,,,,,,,,,,,,,53.76680078743578,55.301800735113126,"rgba(38, 166, 154, 1.0)",0.0,0.0,1.6950293427135974,54.976340676308304,2.1965839216866017,0.0,0.0,0.0,0.0,0.0,0.0,0.0,0.0,73.77000888459494,17.8322469523266,True,False,True,False,True,10.61831574202353,0,1.0333840934157479,0.8609079797172173,False,False,False,False,0.3428282454371912,0.34208824002714777,False,False,False,False,-33816717,-41638839.658326104,False,False,False,False,2344571.4474473973,False,False,False,False
2023-07-21 00:00:00+00:00,58.825811838,58.9159525242,58.5238405391,58.6996148773,1173433,,,,,,,,,,,,,,,,,,,,,,,53.78857481293696,55.30873798433506,"rgba(38, 166, 154, 1.0)",0.0,0.0,1.7809592921352582,54.996106412223284,2.1503610120055803,0.0,0.0,0.0,0.0,0.0,0.0,0.0,0.0,74.44360523041243,18.65656649218414,True,False,True,False,True,10.913408158276386,0,1.0583177231767267,0.8280968748058413,False,False,False,False,0.3428282455125824,0.3424582427698651,False,False,False,False,-32643284,-41286072.7697643,False,False,False,False,2298644.4495082833,False,False,False,False
2023-07-24 00:00:00+00:00,59.0872198281,59.4116361579,58.6004601224,58.825811838,2126496,,,,,,,,,,,,,,,,,,,,,,,53.82973415892446,55.32224691463538,"rgba(38, 166, 154, 1.0)",0.0,0.0,1.866703729631006,55.03346723064551,2.1716100595437253,0.0,0.0,0.0,0.0,0.0,0.0,0.0,0.0,75.30199228807814,19.7088412558563,True,False,True,False,True,11.528329449133093,0,1.0525783753176503,0.830941749303931,False,False,False,False,0.34282824580861965,0.34264324428924237,False,False,False,False,-30516788,-40863747.876832366,False,False,False,False,2291893.529919723,False,False,False,False
2023-07-25 00:00:00+00:00,58.3210239951,59.2134167888,58.1227144854,59.1232761026,1634816,,,,,,,,,,,,,,,,,,,,,,,53.858057180121136,55.331229151540214,"rgba(38, 166, 154, 0.75)",0.0,0.0,1.914738224870097,55.05848912570404,1.7039064802799866,0.0,0.0,0.0,0.0,0.0,0.0,0.0,0.0,72.26584883338595,19.7088412558563,True,False,True,False,False,9.114437906125591,0,1.062261456347621,0.8338234146992343,False,False,False,False,0.314007466166566,0.3283253552279042,False,False,False,False,-32151604,-40522095.17578012,False,False,False,False,2266125.7836483615,False,False,False,False
2023-07-26 00:00:00+00:00,58.6996148773,58.8573610782,57.9604612501,58.0235597305,1567778,,,,,,,,,,,,,,,,,,,,,,,53.88463516455859,55.33967239295232,"rgba(38, 166, 154, 0.75)",0.0,0.0,1.9702627059541118,55.08173217661933,1.8362438114204092,0.0,0.0,0.0,0.0,0.0,0.0,0.0,0.0,71.04153082998428,19.7088412558563,True,False,True,False,False,10.028315126929499,0,1.0573072165932615,0.8476713049262583,False,False,False,False,0.2922480389668039,0.310286697097354,False,False,False,False,-30583826,-40132359.1296711,False,False,False,False,2238739.596054308,False,False,False,False
2023-07-27 00:00:00+00:00,58.4742631617,59.186374583,58.3570802696,58.8798962497,2817192,,,,,,,,,,,,,,,,,,,,,,,53.93333407555059,55.3555251956509,"rgba(38, 166, 154, 0.75)",0.0,0.0,2.016953487325839,55.12415984486321,1.6609720243368136,0.0,0.0,0.0,0.0,0.0,0.0,0.0,0.0,69.20999281973535,24.63443038571714,True,False,True,False,False,9.317948952895222,0,1.0587626414492146,0.84764589479555,False,False,False,False,0.3227914423650178,0.3165390697311859,False,False,False,False,-33401018,-39868384.96772321,False,False,False,False,2261424.0040521785,False,False,False,False
2023-07-28 00:00:00+00:00,58.6184882597,59.1322901712,58.5734179165,58.9429947301,2196943,,,,,,,,,,,,,,,,,,,,,,,53.9714330031245,55.36816101868709,"rgba(38, 166, 154, 0.75)",0.0,0.0,2.071715756307163,55.15710524900131,1.6707808492360994,0.0,0.0,0.0,0.0,0.0,0.0,0.0,0.0,68.33711075344777,23.646309665865417,True,False,True,False,False,9.67436417464754,0,1.0699839419204262,0.8490299857027663,False,False,False,False,0.3296995422655572,0.3231193059983716,False,False,False,False,-31204075,-39528608.10624387,False,False,False,False,2258895.3372266027,False,False,False,False
2023-07-31 00:00:00+00:00,59.4387685044,59.6280639455,58.6725726714,58.7266570831,3008280,,,,,,,,,,,,,,,,,,,,,,,54.027668696602994,55.3876876675554,"rgba(38, 166, 154, 0.75)",0.0,0.0,2.1430437747380444,55.284222601166576,1.938619244369499,0.0,0.0,0.0,0.0,0.0,0.0,0.0,0.0,69.53053041661546,23.646309665865417,True,False,True,False,False,11.668811228058434,0,1.0715950832202255,0.8252821688574851,False,False,False,False,0.3428282459505318,0.33297377597445166,False,False,False,False,-28195795,-39084184.06286176,False,False,False,False,2288282.971060854,False,True,False,False
2023-08-01 00:00:00+00:00,58.8438399753,59.1187690683,58.537361642,59.0691916908,2013337,,,,,,,,,,,,,,,,,,,,,,,54.06171342314787,55.39925923357917,"rgba(38, 166, 154, 0.75)",0.0,0.0,2.1967761467422204,55.3046436613292,1.611086463779827,0.0,0.0,0.0,0.0,0.0,0.0,0.0,0.0,67.62121209484785,22.72862153364109,True,False,True,False,False,9.753786252360225,0,1.0618163683014428,0.8292612861498503,False,False,False,False,0.3157867519473182,0.32438026396088493,False,False,False,False,-30209132,-38736142.80549464,False,False,False,False,2277500.776117291,False,False,False,False
2023-08-02 00:00:00+00:00,58.0325737991,58.3120099265,57.5908844366,58.2579255147,1761052,,,,,,,,,,,,,,,,,,,,,,,54.08583462075689,55.40681354154314,"rgba(38, 166, 154, 0.75)",0.0,0.0,2.2299113929688965,55.30963683669977,1.2210964843652035,0.0,0.0,0.0,0.0,0.0,0.0,0.0,0.0,63.269801420420485,18.5467500130178,True,False,True,False,False,7.225701166816911,0,1.0345776826112785,0.8457185121092714,False,False,False,False,0.2443164799205099,0.2843483719406974,False,False,False,False,-31970184,-38470811.087632105,False,False,False,False,2257247.8829362206,False,False,False,False
2023-08-03 00:00:00+00:00,58.0145456619,58.1137004167,57.221307623,57.69905326,1534580,,,,,,,,,,,,,,,,,,,,,,,54.10557037172784,55.412863176614124,"rgba(38, 166, 154, 0.75)",0.0,0.0,2.261893222175553,55.31578311909101,1.193143211337468,0.0,0.0,0.0,0.0,0.0,0.0,0.0,0.0,60.30472797496097,15.79991963947171,True,False,True,False,False,7.1701225260235795,0,1.0239098135782996,0.8478934108893177,False,False,False,False,0.22171361741329884,0.25303099467699813,False,False,False,False,-33504764,-38276064.14301908,False,False,False,False,2228907.96595833,False,False,False,False
2023-08-04 00:00:00+00:00,58.1858129657,58.7898457042,58.0055315933,58.0055315933,1536988,,,,,,,,,,,,,,,,,,,,,,,54.128019241775505,55.42027473158069,"rgba(38, 166, 154, 0.5)",0.0,0.0,2.295003934619157,55.33172533778448,1.2436090347658328,0.0,0.0,0.0,0.0,0.0,0.0,0.0,0.0,58.86846860372767,14.482262025100212,False,False,True,False,False,7.611675208088819,0,1.0406998272269743,0.8351327972146093,False,False,False,False,0.28034985245371985,0.266690423565359,False,False,False,False,-31967776,-38028680.294273235,False,False,False,False,2201773.8496462386,False,False,False,False
2023-08-07 00:00:00+00:00,58.4021506127,58.7356711518,58.2894747549,58.3660943382,635272,,,,,,,,,,,,,,,,,,,,,,,54.137554409253354,55.42348324509942,"rgba(38, 166, 154, 0.5)",0.0,0.0,2.331503312358654,55.33919142559589,1.3137271437137603,0.0,0.0,0.0,0.0,0.0,0.0,0.0,0.0,58.60114668635721,14.163640559182085,False,False,True,False,False,8.172398931901327,0,1.078980877217076,0.8274894883015389,False,False,False,False,0.28973904672068757,0.2782147351430233,False,False,False,False,-31332504,-37766085.145478204,False,False,False,False,2140342.4045620724,False,False,False,False
2023-08-08 00:00:00+00:00,57.4015889955,57.5638422307,57.0139840446,57.4737015445,1614844,,,,,,,,,,,,,,,,,,,,,,,54.155233659584376,55.428549327102,#000000,0.0,0.0,2.349769134292532,55.34406364309293,0.8756287255541588,0.0,0.0,0.0,0.0,0.0,0.0,0.0,0.0,54.68444337750827,10.383190787556202,False,False,False,False,False,5.029711537044022,0,1.1111655797457516,0.8092260660820555,False,False,False,False,0.19191545833243362,0.23506509673772846,False,False,False,False,-32947348,-37577115.06134181,False,False,False,False,2119734.6239910107,False,False,False,False
2023-08-09 00:00:00+00:00,57.2483498289,57.5728562993,56.9508855643,57.293420172,1335021,,,,,,,,,,,,,,,,,,,,,,,54.169386779254744,55.43256546365914,#000000,0.0,0.0,2.36564039051053,55.34876092526448,0.8029914061560163,0.0,0.0,0.0,0.0,0.0,0.0,0.0,0.0,51.58115320420421,7.474830101486603,False,True,False,False,False,4.559908201487804,0,1.110190472304403,0.7779532375601236,False,False,False,False,0.18980044352753248,0.21243277013263046,False,False,False,False,-34282369,-37447909.33344605,False,False,False,False,2088961.5406972456,False,False,False,False
2023-08-10 00:00:00+00:00,57.5548281621,58.1497566912,57.4737015445,57.5818703679,2716085,,,,,,,,,,,,,,,,,,,,,,,54.20209697368399,55.442766926757336,#000000,0.0,0.0,2.3846014516806604,55.368961836233915,0.9166589764195163,0.0,0.0,0.0,0.0,0.0,0.0,0.0,0.0,50.692852417659154,6.632208832808615,False,True,False,False,False,5.393813256916044,0,1.1199648910169253,0.7668164479367662,False,False,False,False,0.2331652034450556,0.22279898678884302,False,False,False,False,-31566284,-37217257.35958542,False,False,False,False,2113554.6175326477,False,False,False,False
2023-08-11 00:00:00+00:00,57.8072220835,58.0325737991,57.2753920347,57.2753920347,1333844,,,,,,,,,,,,,,,,,,,,,,,54.21784678455291,55.44769777323643,#000000,0.0,0.0,2.396255741559449,55.37899146971389,1.0133436810070426,0.0,0.0,0.0,0.0,0.0,0.0,0.0,0.0,51.04528001718412,6.632208832808615,False,True,False,False,False,6.079456851809088,0,1.1291674592564458,0.7478916488597643,False,False,False,False,0.21532428968472045,0.21906163823678174,False,False,False,False,-30232440,-36943342.95332717,False,False,False,False,2082977.7305705831,False,False,False,False
2023-08-14 00:00:00+00:00,57.5007437503,57.7891939463,57.221307623,57.6629969856,1282703,,,,,,,,,,,,,,,,,,,,,,,54.231993035623,55.45199826043936,#000000,0.0,0.0,2.4016943654603624,55.38719478293939,0.8800241187039985,0.0,0.0,0.0,0.0,0.0,0.0,0.0,0.0,50.09019927015696,5.7710115105685205,False,True,False,False,False,5.101797290835709,0,1.1278985031627713,0.7667019888375941,False,False,False,False,0.18916358409359638,0.20411261116518906,False,False,False,False,-31515143,-36730472.366922185,False,False,False,False,2051594.4078031094,False,False,False,False
2023-08-15 00:00:00+00:00,56.2748304175,57.0951106623,56.0179294617,57.0951106623,2454143,,,,,,,,,,,,,,,,,,,,,,,54.25021627690679,55.456026481051296,"rgba(239, 83, 80, 1.0)",0.0,0.0,2.401036109428243,55.38891450875898,0.3689723387591958,0.0,0.0,0.0,0.0,0.0,0.0,0.0,0.0,45.71373768475088,1.4940568657892754,False,True,False,True,False,1.3443933612816181,0,1.0710652552056668,0.7991380363692331,False,False,False,False,0.1048163672214876,0.15446448919333833,False,False,False,False,-33969286,-36622190.548611514,False,False,False,False,2067380.6271049483,False,False,False,False
2023-08-16 00:00:00+00:00,56.0765209078,56.4641258586,55.8872254667,56.022436496,1337223,,,,,,,,,,,,,,,,,,,,,,,54.25860291193909,55.45751442701357,"rgba(239, 83, 80, 1.0)",0.0,0.0,2.4001736020483966,55.388272609697765,0.2867493824258634,0.0,0.0,0.0,0.0,0.0,0.0,0.0,0.0,42.30591161171476,-1.7212460807540424,False,True,False,True,False,0.7578086690753061,0,1.0727090497986134,0.8170585917672337,False,False,False,False,0.07143589407260097,0.11295019163296965,False,False,False,False,-35306509,-36570595.19376401,False,False,False,False,2038746.9946694602,False,False,False,False
2023-08-17 00:00:00+00:00,55.8782113981,56.6353931625,55.7880707118,56.45511179,1296244,,,,,,,,,,,,,,,,,,,,,,,54.26648195320525,55.45886244943784,"rgba(239, 83, 80, 1.0)",0.0,0.0,2.397419696717971,55.38786533769079,0.20453075491140946,0.0,0.0,0.0,0.0,0.0,0.0,0.0,0.0,39.537986765220595,-4.290726194074011,False,True,False,True,False,0.16847232444727922,0,1.0730700586938857,0.7950012544802588,False,False,False,False,0.06650294043800238,0.08972656603548601,False,False,False,False,-36602753,-36571856.28420464,False,False,False,False,2009629.2301726188,False,False,False,False
2023-08-18 00:00:00+00:00,55.8151129177,56.0675068392,55.4815923786,55.5537049276,1970136,,,,,,,,,,,,,,,,,,,,,,,54.27631043900541,55.45990802416189,"rgba(239, 83, 80, 1.0)",0.0,0.0,2.3854756238643233,55.38488017316779,0.18035512089419783,0.0,0.0,0.0,0.0,0.0,0.0,0.0,0.0,37.528774741538214,-6.166119679987034,False,True,False,True,False,0.0,0,1.059849204132894,0.8141683940329271,False,False,False,False,0.0038924316136747326,0.046809498824580374,False,False,False,False,-38572889,-36650328.1554123,False,False,False,False,2008080.4760482023,False,False,False,False
2023-08-21 00:00:00+00:00,55.5987752707,56.238774143,55.4365220355,56.0494787019,1884271,,,,,,,,,,,,,,,,,,,,,,,54.28540802009846,55.46081084021624,"rgba(239, 83, 80, 1.0)",0.0,0.0,2.3748496819351783,55.38264476563571,0.09100807798840366,0.0,0.0,0.0,0.0,0.0,0.0,0.0,0.0,35.61151318494096,-8.005821721707875,False,True,False,True,False,0.0,0,1.0541115445426115,0.8286367432502252,False,False,False,False,0.0005363044743031814,0.023672901649441778,False,False,False,False,-40457160,-36799615.67872947,False,False,False,False,2003225.2024776845,False,False,False,False
2023-08-22 00:00:00+00:00,54.8596216436,55.6844089227,54.6703262025,55.5627189962,7280123,,,,,,,,,,,,,,,,,,,,,,,54.303622715092345,55.4563077839651,"rgba(239, 83, 80, 1.0)",0.0,0.0,2.3689453500935,55.35713267367313,-0.21001372195162335,0.0,0.0,0.0,0.0,0.0,0.0,0.0,0.0,32.60930612930439,-10.881280334414747,False,True,False,True,False,0.0,0,1.0159874629711854,0.8515703497883446,False,False,False,False,-0.06522464469157185,-0.02077587152106504,False,False,False,False,-47737283,-37228543.80897537,False,False,False,False,2210162.3710079715,False,False,False,False
2023-08-23 00:00:00+00:00,55.4635642414,55.7707637001,54.7153965456,54.850607575,1367729,,,,,,,,,,,,,,,,,,,,,,,54.3080134637985,55.45600483101193,"rgba(239, 83, 80, 1.0)",0.0,0.0,2.368951479709235,55.354925209295416,0.045859542939190284,0.0,0.0,0.0,0.0,0.0,0.0,0.0,0.0,33.73002870474216,-10.881280334414747,False,True,False,True,False,0.0,0,1.0239767018527495,0.8405520511217244,False,False,False,False,-0.06505123938084713,-0.042913555450956084,False,False,False,False,-46369554,-37587014.79685869,False,False,False,False,2177125.7682233453,False,False,False,False
2023-08-24 00:00:00+00:00,53.5525816932,54.8235653691,53.5345535559,54.8145513005,2887440,,,,,,,,,,,,,,,,,,,,,,,54.3049505109344,55.449235309788705,"rgba(239, 83, 80, 1.0)",0.0,0.0,2.3765165367175003,55.33427602732851,-0.7497083679415196,0.0,0.0,0.0,0.0,0.0,0.0,0.0,0.0,30.789263655559694,-12.636082334546728,False,True,False,True,False,0.0,0,0.9744169433752837,0.8776129011256371,False,False,False,False,-0.17425786162313706,-0.10858570853704658,False,False,False,False,-49256994,-38044661.04011914,False,False,False,False,2204981.228293018,False,False,False,False
2023-08-25 00:00:00+00:00,53.2551174286,53.5886379677,52.1734291937,53.5165254187,5022327,,,,,,,,,,,,,,,,,,,,,,,54.284776811390856,55.430022830640155,"rgba(239, 83, 80, 1.0)",0.0,0.0,2.384277459712326,55.080769767204075,-0.7657046503406302,0.0,0.0,0.0,0.0,0.0,0.0,0.0,0.0,28.41338120227161,-14.95171204457207,False,True,False,True,False,0.0,0,0.930998660490025,0.9116729617059965,True,False,False,False,-0.3136180305394276,-0.2111018695382371,False,False,False,False,-54279321,-38681314.37187918,False,False,False,False,2315465.3762030955,False,False,False,False
2023-08-28 00:00:00+00:00,54.3548338007,54.6522980652,53.4534269383,53.4894832128,2050043,,,,,,,,,,,,,,,,,,,,,,,54.28395012781545,55.42593909050294,"rgba(239, 83, 80, 1.0)",0.0,0.0,2.3856211987381726,55.08770614434137,-0.3072039869653265,0.0,0.0,0.0,0.0,0.0,0.0,0.0,0.0,31.131316741638,-14.95171204457207,False,True,False,True,False,0.0,0,0.953371373254213,0.8960727937972784,False,False,False,False,-0.18743631759025053,-0.19926909356424383,False,False,False,False,-52229278,-39212607.06317804,False,False,False,False,2305056.65556768,False,False,False,False
2023-08-29 00:00:00+00:00,55.3373672806,55.5176486531,54.1384961537,54.2376509086,2202128,,,,,,,,,,,,,,,,,,,,,,,54.28874742969885,55.42447295922931,"rgba(239, 83, 80, 0.75)",0.0,0.0,2.3829932190717322,55.10470288574512,0.09763535749611196,0.0,0.0,0.0,0.0,0.0,0.0,0.0,0.0,35.95581419983533,-21.036887452366038,False,True,False,True,True,0.0,0,0.9488220417976015,0.8840425186652654,False,False,False,False,-0.10732045288883699,-0.1532947732265404,False,False,False,False,-50027150,-39636706.786190666,False,False,False,False,2301020.2377022807,False,False,False,False
2023-08-30 00:00:00+00:00,55.5627189962,55.8691973294,55.2832828689,55.6528596825,1451358,,,,,,,,,,,,,,,,,,,,,,,54.29440463582038,55.424804596871724,"rgba(239, 83, 80, 0.75)",0.0,0.0,2.379790585692242,55.11867163947272,0.18659093762155907,0.0,0.0,0.0,0.0,0.0,0.0,0.0,0.0,39.801287794091024,-17.507740120979257,False,True,False,True,True,0.0,0,0.9893179787186283,0.8714384622538961,False,False,False,False,-0.031292672516945,-0.0922937228717427,False,False,False,False,-48575792,-39987259.14751652,False,False,False,False,2267700.1499492503,False,False,False,False
2023-08-31 00:00:00+00:00,54.9948326729,55.8421551236,54.8190583348,55.5356767904,1438562,,,,,,,,,,,,,,,,,,,,,,,54.29842664092676,55.42434551525048,"rgba(239, 83, 80, 0.75)",0.0,0.0,2.3795513249887335,55.12559805302733,-0.05495379685829979,0.0,0.0,0.0,0.0,0.0,0.0,0.0,0.0,40.975878357110645,-16.447674567562736,False,True,False,True,True,0.0,0,0.9805649496269154,0.8691714848182076,False,False,False,False,-0.05617109092336407,-0.0742324068975534,False,False,False,False,-50014354,-40380478.553496264,False,False,False,False,2235184.928382613,False,False,False,False
2023-09-01 00:00:00+00:00,55.1931421827,55.5807471335,55.0447706131,55.2111703199,1936034,,,,,,,,,,,,,,,,,,,,,,,54.304100162952,55.42389288488242,"rgba(239, 83, 80, 0.75)",0.0,0.0,2.3739932980478944,55.13341226479914,0.025160103842742653,0.0,0.0,0.0,0.0,0.0,0.0,0.0,0.0,42.37491958410833,-15.038541562687186,False,True,False,True,True,0.0,0,0.9987374069065842,0.869459993157468,False,False,False,False,-0.057981109407986745,-0.06610675815277006,False,False,False,False,-48078320,-40682354.688653275,False,False,False,False,2223453.519426432,False,False,False,False
2023-09-05 00:00:00+00:00,54.6613121339,55.2382125258,54.634269928,55.0128608102,1194811,,,,,,,,,,,,,,,,,,,,,,,54.30603529849833,55.42282644958576,"rgba(239, 83, 80, 0.75)",0.0,0.0,2.3733884695992713,55.13372286640431,-0.19904484181811077,0.0,0.0,0.0,0.0,0.0,0.0,0.0,0.0,41.986341847739915,-15.038541562687186,False,True,False,True,True,0.0,0,1.0016073292659677,0.8612882703156596,False,False,False,False,-0.1141306536900561,-0.09011870592141308,False,False,False,False,-49273131,-41019247.87733354,False,False,False,False,2183114.597095984,False,False,False,False
2023-09-06 00:00:00+00:00,54.0393413988,54.6973684084,53.7599052715,54.4089182124,3476057,,,,,,,,,,,,,,,,,,,,,,,54.304586955059285,55.41612856493443,"rgba(239, 83, 80, 0.75)",0.0,0.0,2.374915889160536,55.118609161757874,-0.4544446259692027,0.0,0.0,0.0,0.0,0.0,0.0,0.0,0.0,40.333979324961646,-15.038541562687186,False,True,False,True,True,0.0,0,0.9762990311878,0.8978780558964432,False,False,False,False,-0.19039872068952646,-0.14025871330546977,False,False,False,False,-52749188,-41479245.52920281,False,False,False,False,2233818.220739279,False,False,False,False
2023-09-07 00:00:00+00:00,53.2100470855,54.1114539478,53.0838501247,53.7779334088,3497561,,,,,,,,,,,,,,,,,,,,,,,54.29600317054257,55.4057442756214,"rgba(239, 83, 80, 1.0)",0.0,0.0,2.3840579178559946,55.09069191886933,-0.7888419233793668,0.0,0.0,0.0,0.0,0.0,0.0,0.0,0.0,37.63395684250307,-15.038541562687186,False,True,False,True,False,0.0,0,0.9399259509117499,0.9210139125633078,False,False,False,False,-0.26028049808440396,-0.20026960569493685,False,False,False,False,-56246749,-42058363.31237133,False,False,False,False,2283376.7611024445,False,False,False,False
2023-09-08 00:00:00+00:00,53.2911737031,53.4984972814,53.0387797816,53.2731455658,2260969,,,,,,,,,,,,,,,,,,,,,,,54.28927966416763,55.398429660985435,"rgba(239, 83, 80, 1.0)",0.0,0.0,2.3930474198720573,55.07184670837328,-0.7441026828329551,0.0,0.0,0.0,0.0,0.0,0.0,0.0,0.0,36.14439986010894,-15.038541562687186,False,True,False,True,False,0.0,0,0.9398121661093672,0.9313115121264728,False,False,False,False,-0.2976873789931019,-0.24897849234401936,False,False,False,False,-53985780,-42526105.14325873,False,False,False,False,2282498.025372937,False,False,False,False
2023-09-11 00:00:00+00:00,54.3548338007,54.4539885555,53.50751135,53.723848997,3105160,,,,,,,,,,,,,,,,,,,,,,,54.28763012889423,55.39235903203015,"rgba(239, 83, 80, 1.0)",0.0,0.0,2.3938360842780253,55.06120400479044,-0.2950787686465507,0.0,0.0,0.0,0.0,0.0,0.0,0.0,0.0,38.83679685691832,-15.038541562687186,False,True,False,True,False,0.0,0,0.9368593674841019,0.9206579235927749,False,False,False,False,-0.2175976813702363,-0.23328808685712782,False,False,False,False,-50880620,-42853733.17685642,False,False,False,False,2314759.27927988,False,False,False,False
2023-09-12 00:00:00+00:00,54.6072277221,54.7739879917,54.2196227713,54.3638478693,1729152,,,,,,,,,,,,,,,,,,,,,,,54.288853117194314,55.39011969115812,"rgba(239, 83, 80, 0.75)",0.0,0.0,2.3828355633371885,55.05921913296204,-0.18968636267499026,0.0,0.0,0.0,0.0,0.0,0.0,0.0,0.0,41.40132363409873,-15.038541562687186,False,True,False,True,True,0.0,0,0.9356515084117035,0.9268596625366374,False,False,False,False,-0.16128340934836774,-0.1972857481027478,False,False,False,False,-49151468,-43100703.16992088,False,False,False,False,2291794.2879355713,False,False,False,False
2023-09-13 00:00:00+00:00,55.0489170847,55.4275079669,54.6432839966,54.8235653691,2150966,,,,,,,,,,,,,,,,,,,,,,,54.29346957849607,55.388987327085765,"rgba(239, 83, 80, 0.75)",0.0,0.0,2.326344901249607,55.06200323367169,-0.005625197263165285,0.0,0.0,0.0,0.0,0.0,0.0,0.0,0.0,44.42635180994944,-12.353479507420836,False,True,False,True,True,0.0,0,0.9366333294392636,0.9253985126305408,False,False,False,False,-0.10356785904208508,-0.15042680357241645,False,False,False,False,-47000502,-43253636.45737497,False,False,False,False,2286271.609977314,False,False,False,False
2023-09-14 00:00:00+00:00,55.9953942902,56.0584927705,55.4275079669,55.616803408,1992544,,,,,,,,,,,,,,,,,,,,,,,54.302152754876175,55.39029573150475,#000000,0.0,0.0,2.2780224079056945,55.07172615852657,0.4054692914643452,0.0,0.0,0.0,0.0,0.0,0.0,0.0,0.0,48.88916062107336,-8.111759211824264,False,False,False,False,True,1.514580109533366,0,0.943076820513142,0.9047729093258521,False,False,False,False,-0.02871386052543448,-0.08957033204892546,False,False,False,False,-45007958,-43322433.38061517,False,False,False,False,2274752.880174282,False,False,False,False
2023-09-15 00:00:00+00:00,55.9863802216,56.1396193882,55.761028506,55.9142676726,2871506,,,,,,,,,,,,,,,,,,,,,,,54.31558904532332,55.39274701358914,"rgba(38, 166, 154, 0.5)",0.0,0.0,2.2147705174498697,55.086425848703776,0.4063420412207989,0.0,0.0,0.0,0.0,0.0,0.0,0.0,0.0,51.834496523359874,-5.370931664041798,False,False,True,False,True,1.4886663069092165,0,0.9841861951690768,0.8942677817420479,False,False,False,False,-0.006880056190705685,-0.04822519411981557,False,False,False,False,-47879464,-43501140.463728294,False,False,False,False,2298154.963304702,False,False,False,False
2023-09-18 00:00:00+00:00,56.022436496,56.2658163489,55.6528596825,56.1576475254,2207739,,,,,,,,,,,,,,,,,,,,,,,54.32588396425891,55.39467662800149,"rgba(38, 166, 154, 0.5)",0.0,0.0,2.1364651310777183,55.09708976877289,0.4331204444981165,0.0,0.0,0.0,0.0,0.0,0.0,0.0,0.0,53.89350441645742,-3.4253766696801478,False,False,True,False,True,1.5901450848669718,0,0.9797319926088174,0.8883564390832881,False,False,False,False,-0.005931059615274344,-0.02707812686754496,False,False,False,False,-45671725,-43586261.42593502,False,False,False,False,2294609.2392535373,False,False,False,False
2023-09-19 00:00:00+00:00,55.6077893394,56.382999241,55.4906064473,56.382999241,1187391,,,,,,,,,,,,,,,,,,,,,,,54.330860440818846,55.395439043639115,"rgba(38, 166, 154, 0.5)",0.0,0.0,2.075728442296038,55.057559896571,0.26507775854358456,0.0,0.0,0.0,0.0,0.0,0.0,0.0,0.0,53.74002529807741,-3.4253766696801478,False,False,True,False,True,0.3692263731338734,0,0.9628195990759122,0.8857103066362859,False,False,False,False,-0.008303574828854734,-0.017690850848199848,False,False,False,False,-46859116,-43714608.664133646,False,False,False,False,2251188.916145555,False,False,False,False
2023-09-20 00:00:00+00:00,55.544690859,56.3289148293,55.5176486531,55.8060988491,2668562,,,,,,,,,,,,,,,,,,,,,,,54.34170295741389,55.39702415645448,"rgba(38, 166, 154, 0.5)",0.0,0.0,2.0413831173059975,55.06632941543372,0.23433202690417537,0.0,0.0,0.0,0.0,0.0,0.0,0.0,0.0,53.405471592417,-3.4253766696801478,False,False,True,False,True,0.18312551882412365,0,0.9578388329122436,0.8951183950094969,False,False,False,False,-0.009727127119865103,-0.013708988984032475,False,False,False,False,-49527678,-43942572.16750096,False,False,False,False,2267556.488061416,False,False,False,False
2023-09-21 00:00:00+00:00,54.6973684084,55.5627189962,54.6973684084,55.1751140454,1953245,,,,,,,,,,,,,,,,,,,,,,,54.345170554292565,55.39583974475503,#000000,0.0,0.0,1.984234493715445,55.052756623614584,-0.17910595564192788,0.0,0.0,0.0,0.0,0.0,0.0,0.0,0.0,50.34351336216411,-3.4253766696801478,False,False,False,False,False,0.0,0,0.9273558031791681,0.9254283094108264,False,False,False,False,-0.0935066617179155,-0.053607825350973984,False,False,False,False,-51480923,-44238193.76877543,False,False,False,False,2255230.547353125,False,False,False,False
2023-09-22 00:00:00+00:00,54.6613121339,55.3013110062,54.5486362761,55.0669452219,2423860,,,,,,,,,,,,,,,,,,,,,,,54.34843503976852,55.393849689819135,#000000,0.0,0.0,1.9361241625386068,55.04131017483021,-0.19626739249613265,0.0,0.0,0.0,0.0,0.0,0.0,0.0,0.0,48.19161878944215,-3.4253766696801478,False,False,False,False,False,0.0,0,0.9125476221762369,0.9538064897569501,False,False,False,False,-0.11533253373235197,-0.08447017954166297,False,False,False,False,-53904783,-44617275.69941169,False,False,False,False,2261843.4670647676,False,False,False,False
2023-09-25 00:00:00+00:00,55.1931421827,55.2742688003,54.2646931144,54.4089182124,3581762,,,,,,,,,,,,,,,,,,,,,,,54.35389534574414,55.391320188248656,#000000,0.0,0.0,1.8851558043276002,55.03424323479089,0.08428955715190055,0.0,0.0,0.0,0.0,0.0,0.0,0.0,0.0,48.78680860090992,-3.4253766696801478,False,False,False,False,False,0.0,0,0.8949738015097427,0.9605718849110657,False,False,False,False,-0.13195394642483432,-0.10821206298324865,False,False,False,False,-50323021,-44841030.41708182,False,False,False,False,2313604.978160267,False,False,False,False
2023-09-26 00:00:00+00:00,54.2556790458,55.0308889474,54.1114539478,54.7604668887,1621816,,,,,,,,,,,,,,,,,,,,,,,54.35438617023893,55.389131823983604,"rgba(239, 83, 80, 0.5)",0.0,0.0,1.8599570958606406,55.02666327972547,-0.41451721420956616,0.0,0.0,0.0,0.0,0.0,0.0,0.0,0.0,46.28757411573446,2.7329546273281835,False,False,False,True,False,0.0,0,0.8855637275603997,0.963560096456844,False,False,False,False,-0.15325922558419972,-0.1307356442837242,False,False,False,False,-51944837,-45119611.067392334,False,False,False,False,2286475.99862457,False,False,False,False
2023-09-27 00:00:00+00:00,54.2376509086,54.562157379,53.8049756146,54.3818760065,3057201,,,,,,,,,,,,,,,,,,,,,,,54.35313554680146,55.38386111788933,"rgba(239, 83, 80, 1.0)",0.0,0.0,1.8363650570465577,55.00943043954862,-0.4202756570580147,0.0,0.0,0.0,0.0,0.0,0.0,0.0,0.0,44.57099097533967,0.9023213552961806,False,True,False,True,False,0.0,0,0.8732231090043483,0.9901624991408087,False,False,False,False,-0.1953221995181006,-0.1630289219009124,False,False,False,False,-55002038,-45507157.221612245,False,False,False,False,2316700.50848243,False,False,False,False
2023-09-28 00:00:00+00:00,54.7514528201,55.1660999768,54.3368056634,54.4449744869,2001889,,,,,,,,,,,,,,,,,,,,,,,54.355259040219785,55.38202848789966,"rgba(239, 83, 80, 0.5)",0.0,0.0,1.8013958020829393,55.00693163294915,-0.14182269801769273,0.0,0.0,0.0,0.0,0.0,0.0,0.0,0.0,45.448121780853015,0.9023213552961806,False,False,False,True,False,0.0,0,0.8652559577600171,0.9887672776091174,False,False,False,False,-0.13388559180342366,-0.14845725685216804,False,False,False,False,-53000149,-45801000.03645098,False,False,False,False,2304354.959130178,False,False,False,False
2023-09-29 00:00:00+00:00,54.3187775262,55.3824376238,54.2556790458,55.3734235551,2015202,,,,,,,,,,,,,,,,,,,,,,,54.356844624833315,55.379905960892174,"rgba(239, 83, 80, 1.0)",0.0,0.0,1.7881969351434157,55.00342844934738,-0.38287221596902604,0.0,0.0,0.0,0.0,0.0,0.0,0.0,0.0,44.66206718243335,0.5797359325210891,False,True,False,True,False,0.0,0,0.8614490560566233,0.9847995202844354,False,False,False,False,-0.1266469217432907,-0.13755208929772939,False,False,False,False,-55015351,-46162347.133060746,False,False,False,False,2293015.6273995833,False,False,False,False
2023-10-02 00:00:00+00:00,53.0207516444,54.3097634576,52.9486390954,54.2556790458,3409270,,,,,,,,,,,,,,,,,,,,,,,54.34851717499964,55.37034019178517,"rgba(239, 83, 80, 1.0)",0.0,0.0,1.7959925910498586,54.97443437358529,-1.0878011072658442,0.0,0.0,0.0,0.0,0.0,0.0,0.0,0.0,40.930629145021925,-3.166020355265289,False,True,False,True,False,0.0,0,0.8294552271745872,1.0052106307921254,False,False,False,False,-0.2567322042276937,-0.19714214676271155,False,False,False,False,-58424621,-46643220.61803876,False,False,False,False,2336790.308678031,False,False,False,False
2023-10-03 00:00:00+00:00,52.3717387035,52.6511748308,51.9655647713,52.5069497328,12850846,,,,,,,,,,,,,,,,,,,,,,,54.282627569370796,55.315231028834695,"rgba(239, 83, 80, 1.0)",0.0,0.0,1.8317418358162798,54.82364930269605,-1.3385677780861522,0.0,0.0,0.0,0.0,0.0,0.0,0.0,0.0,37.22273010994975,-6.738852991833859,False,True,False,True,False,0.0,0,0.8122288277545618,1.0439654074851439,False,False,False,False,-0.34282825441539394,-0.26998520058905273,False,False,False,False,-71275467,-47609191.06439018,False,False,False,False,2749106.2181416373,False,False,False,False
2023-10-04 00:00:00+00:00,52.1103307134,52.4979356642,51.3711770862,52.407794978,4132256,,,,,,,,,,,,,,,,,,,,,,,54.25885183104287,55.29598364658674,"rgba(239, 83, 80, 1.0)",0.0,0.0,1.874654594807144,54.597431672507426,-1.3266982440374753,0.0,0.0,0.0,0.0,0.0,0.0,0.0,0.0,34.291543311909976,-9.499711916026605,False,True,False,True,False,0.0,0,0.809843124590455,1.042954307470867,False,False,False,False,-0.34282825441539394,-0.3064067275022233,False,False,False,False,-75407723,-48699329.571669005,False,False,False,False,2803347.3860576516,False,False,False,False
2023-10-05 00:00:00+00:00,53.0928641934,53.1203544579,52.2956465225,52.4056075806,3202250,,,,,,,,,,,,,,,,,,,,,,,54.24749503480579,55.28498941341851,"rgba(239, 83, 80, 1.0)",0.0,0.0,1.8889951663419802,54.59475229047596,-0.7950724934804113,0.0,0.0,0.0,0.0,0.0,0.0,0.0,0.0,36.16515477817572,-9.499711916026605,False,True,False,True,False,0.0,0,0.8298338344859355,1.017640976590283,False,False,False,False,-0.26531044620439403,-0.28585858685330867,False,False,False,False,-72205473,-49621139.117878065,False,False,False,False,2818990.6258200966,False,False,False,False
2023-10-06 00:00:00+00:00,53.5143815825,53.8259379137,52.1032146709,53.0012299783,3718029,,,,,,,,,,,,,,,,,,,,,,,54.23739578031714,55.2739555632965,"rgba(239, 83, 80, 0.75)",0.0,0.0,1.8957411132248698,54.58943932575579,-0.567091010347397,0.0,0.0,0.0,0.0,0.0,0.0,0.0,0.0,38.82401806716943,-9.499711916026605,False,True,False,True,True,0.0,0,0.8205475565792295,1.0093042916295416,False,False,False,False,-0.2403091722231832,-0.26308387953824597,False,False,False,False,-68487444,-50360994.211294614,False,False,False,False,2854247.032650681,False,False,False,False
2023-10-09 00:00:00+00:00,53.4960547395,53.5693621116,52.7583993085,52.9737397138,1244531,,,,,,,,,,,,,,,,,,,,,,,54.234445071447595,55.270506310068455,"rgba(239, 83, 80, 0.75)",0.0,0.0,1.8918834858986693,54.587340981922296,-0.5768252910690835,0.0,0.0,0.0,0.0,0.0,0.0,0.0,0.0,40.54722805035974,-15.92689793895179,False,True,False,True,True,0.0,0,0.8325238736138629,1.0156631043377284,False,False,False,False,-0.2210914421534341,-0.24208766084584005,False,False,False,False,-69731975,-51120640.51673404,False,False,False,False,2791120.913723204,False,False,False,False
2023-10-10 00:00:00+00:00,54.3482529394,54.6414824275,53.8076110707,53.8351013352,3172499,,,,,,,,,,,,,,,,,,,,,,,54.23468799470396,55.26610711622529,"rgba(239, 83, 80, 0.5)",0.0,0.0,1.8649744776367214,54.60243559505184,-0.1362928333335353,0.0,0.0,0.0,0.0,0.0,0.0,0.0,0.0,44.430512893039754,-12.219573429996075,False,False,False,True,True,0.0,0,0.8476314461789594,1.0080717278602909,False,False,False,False,-0.11120737258123901,-0.17664751671353954,False,False,False,False,-66559476,-51726085.04548957,False,False,False,False,2806076.917106608,False,False,False,False
2023-10-11 00:00:00+00:00,54.8705679651,55.2645950898,54.4123968899,54.59566532,3655214,,,,,,,,,,,,,,,,,,,,,,,54.240127773447206,55.26401442384151,#000000,0.0,0.0,1.8524982344508898,54.62664493155826,0.131672478281224,0.0,0.0,0.0,0.0,0.0,0.0,0.0,0.0,48.45148069187439,-8.471156337177419,True,False,False,False,True,0.0,0,0.868704779681534,0.9895626647091099,False,False,False,False,-0.03865480109697268,-0.10765115890525612,False,False,False,False,-62904262,-52164444.926058605,False,False,False,False,2839376.410553408,False,False,False,False
2023-10-12 00:00:00+00:00,54.1466576663,54.9072216511,53.8213562029,54.7789337501,1989012,,,,,,,,,,,,,,,,,,,,,,,54.24037522717814,55.26136605340596,#000000,0.0,0.0,1.8523128039687167,54.63020519763639,-0.2610506877134117,0.0,0.0,0.0,0.0,0.0,0.0,0.0,0.0,48.86280215671198,-8.091087511669294,True,False,False,False,True,0.0,0,0.8774896889805849,0.9912725119788034,False,False,False,False,-0.08642931196571518,-0.09704023543548565,False,False,False,False,-64893274,-52663614.69366415,False,False,False,False,2806028.7866101367,False,False,False,False
2023-10-13 00:00:00+00:00,53.8992452857,54.8339142791,53.8076110707,54.4307237329,1648366,,,,,,,,,,,,,,,,,,,,,,,54.240137324597534,55.25893105485645,#000000,0.0,0.0,1.8551888187454004,54.63145446321738,-0.3946817542877122,0.0,0.0,0.0,0.0,0.0,0.0,0.0,0.0,48.41919903971708,-8.091087511669294,True,False,False,False,True,0.0,0,0.8853541865040789,0.9886562016102026,False,False,False,False,-0.09083088565535107,-0.09393556054541835,False,False,False,False,-66541640,-53207850.980187126,False,False,False,False,2760630.245958759,False,False,False,False
2023-10-16 00:00:00+00:00,54.6964629565,54.8476594113,53.9954612115,54.3299260964,1513099,,,,,,,,,,,,,,,,,,,,,,,54.24112561533433,55.25739243513293,#000000,0.0,0.0,1.8559603647532106,54.63515547573504,0.03303275324692171,0.0,0.0,0.0,0.0,0.0,0.0,0.0,0.0,50.45243374719462,-6.253572788699188,True,False,False,False,True,0.0,0,0.8711680543463141,1.0006162113848622,False,False,False,False,-0.08064282550733816,-0.08728919302637825,False,False,False,False,-65028541,-53671407.45155234,False,False,False,False,2711707.451999592,False,False,False,False
2023-10-17 00:00:00+00:00,54.9255484941,55.2004511392,54.0366966083,54.1100039803,2182811,,,,,,,,,,,,,,,,,,,,,,,54.24361765019305,55.255800341664745,"rgba(38, 166, 154, 1.0)",0.0,0.0,1.8575626068600484,54.64226470841675,0.15250295448297407,0.0,0.0,0.0,0.0,0.0,0.0,0.0,0.0,52.42028448385233,-4.184688821626459,True,False,True,False,True,0.0,0,0.8699217986640094,0.9943038633269398,False,False,False,False,-0.028595599776087673,-0.05794239640123296,False,False,False,False,-62845730,-54031184.80639342,False,False,False,False,2690966.4146662746,False,False,False,False
2023-10-18 00:00:00+00:00,53.7159768556,54.7422800641,53.7022317234,54.540684791,2644767,,,,,,,,,,,,,,,,,,,,,,,54.24242861171495,55.25149278694448,#000000,0.0,0.0,1.8725462184868527,54.6404498182123,-0.4936983415871809,0.0,0.0,0.0,0.0,0.0,0.0,0.0,0.0,50.16260088901027,-4.184688821626459,True,False,False,False,True,0.0,0,0.8724947202113778,0.9930616575192152,False,False,False,False,-0.07322447032485112,-0.06558343336304204,False,False,False,False,-65490497,-54480569.59829956,False,False,False,False,2689154.672914656,False,False,False,False
2023-10-19 00:00:00+00:00,53.3677668385,54.2382918813,53.340276574,53.6151792191,1882383,,,,,,,,,,,,,,,,,,,,,,,54.2397978160137,55.2474162898843,#000000,0.0,0.0,1.8925071315193454,54.63509844193995,-0.6696575047632757,0.0,0.0,0.0,0.0,0.0,0.0,0.0,0.0,47.793868483214226,-4.184688821626459,True,False,False,False,False,0.0,1,0.8670269328458654,1.0037400488940533,False,False,False,False,-0.12232258386633085,-0.09395300861468645,False,False,False,False,-67372880,-54986150.39836625,False,False,False,False,2657516.5680944733,False,False,False,False
2023-10-20 00:00:00+00:00,52.5980394321,53.358603417,52.5797125891,53.1570081439,6069809,,,,,,,,,,,,,,,,,,,,,,,54.22015371823029,55.22787661910308,"rgba(239, 83, 80, 0.5)",0.0,0.0,1.919489540497335,54.595497751765585,-1.040619538436269,0.0,0.0,0.0,0.0,0.0,0.0,0.0,0.0,44.47417768433407,1.0590811641159306,False,False,False,True,False,0.0,0,0.8445299815142732,1.038520754581691,False,False,False,False,-0.21381053886861182,-0.15388177374164913,False,False,False,False,-73442689,-55709936.2258813,False,False,False,False,2791331.9575809645,False,False,False,False
2023-10-23 00:00:00+00:00,52.5705491676,53.6335060621,52.2223391505,52.3506270515,4795180,,,,,,,,,,,,,,,,,,,,,,,54.20461837282912,55.212429467498175,"rgba(239, 83, 80, 0.5)",0.0,0.0,1.950933460366442,54.56621114322159,-1.0229267251619867,0.0,0.0,0.0,0.0,0.0,0.0,0.0,0.0,42.20124967468017,-1.1551539605836183,False,False,False,True,False,0.0,1,0.8433530435731856,1.0299631723616982,False,False,False,False,-0.2155878941025409,-0.184734833922095,False,False,False,False,-78237869,-56593384.56996439,False,False,False,False,2869914.23375426,False,False,False,False
2023-10-24 00:00:00+00:00,51.2601798926,52.7080004902,50.8020088174,52.6438565397,6184271,,,,,,,,,,,,,,,,,,,,,,,54.16802150023159,55.18284167913056,"rgba(239, 83, 80, 1.0)",0.0,0.0,2.0148001189583193,54.499639774958744,-1.6078318895641082,0.0,0.0,0.0,0.0,0.0,0.0,0.0,0.0,38.186664354271215,-4.978975899871756,False,True,False,True,False,0.0,0,0.8205614347933833,1.0431537471554835,False,False,False,False,-0.34282825441539394,-0.26378154416874444,False,False,False,False,-84422140,-57684708.31231873,False,False,False,False,2999889.008901152,False,False,False,False
2023-10-25 00:00:00+00:00,51.104401727,51.5396642485,50.6004135443,50.8386625034,5716488,,,,,,,,,,,,,,,,,,,,,,,54.12859628476511,55.152107552744205,"rgba(239, 83, 80, 1.0)",0.0,0.0,2.080803243641641,54.4317347333429,-1.5990618125525833,0.0,0.0,0.0,0.0,0.0,0.0,0.0,0.0,35.25516366085623,-7.723553624886506,False,True,False,True,False,0.0,0,0.8419085419616477,1.06138922315461,False,False,False,False,-0.34282825441539394,-0.30330489929206916,False,False,False,False,-90138628,-58957411.04516897,False,False,False,False,3106422.302669734,False,False,False,False
2023-10-26 00:00:00+00:00,51.2876701571,51.5167556947,50.6920477593,50.9486235615,4216797,,,,,,,,,,,,,,,,,,,,,,,54.10093761033888,55.13019171967026,"rgba(239, 83, 80, 1.0)",0.0,0.0,2.137001631081753,54.38630439406139,-1.4499915170363513,0.0,0.0,0.0,0.0,0.0,0.0,0.0,0.0,34.04921625994605,-8.89423342306116,False,True,False,True,False,0.0,0,0.8471613690796834,1.04886972770835,False,False,False,False,-0.3378863428309379,-0.3205956210615035,False,False,False,False,-85921831,-60014839.27869176,False,False,False,False,3149966.408447392,False,False,False,False
2023-10-27 00:00:00+00:00,50.3071840562,51.5167556947,50.1147522046,51.2785067356,3470226,,,,,,,,,,,,,,,,,,,,,,,54.07460176872024,55.10999735965929,"rgba(239, 83, 80, 1.0)",0.0,0.0,2.208890759687365,54.12067211573965,-1.7264267337871397,0.0,0.0,0.0,0.0,0.0,0.0,0.0,0.0,31.582905813925073,-11.326541894374962,False,True,False,True,False,0.0,0,0.839347246504387,1.0517334496107962,True,False,False,False,-0.34282825441539394,-0.33171193773844876,False,False,False,False,-89392057,-61166887.03246856,False,False,False,False,3162525.608116122,True,False,False,False
2023-10-30 00:00:00+00:00,51.159382256,51.4663568764,50.6828843378,50.8386625034,2293090,,,,,,,,,,,,,,,,,,,,,,,54.05970726314702,55.098107582242754,"rgba(239, 83, 80, 1.0)",0.0,0.0,2.25206583720479,54.107141198764374,-1.3089133070918837,0.0,0.0,0.0,0.0,0.0,0.0,0.0,0.0,33.14088779093104,-11.326541894374962,False,True,False,True,False,0.0,0,0.8509553027708697,1.0336076860147907,False,False,False,False,-0.3059886904122001,-0.31885031407532444,False,False,False,False,-87098967,-62183831.34492077,False,False,False,False,3128430.0940723526,False,False,False,False
2023-10-31 00:00:00+00:00,51.1685456775,51.2876701571,50.7103746024,51.2693433141,1657744,,,,,,,,,,,,,,,,,,,,,,,54.04886129636433,55.08945461237378,"rgba(239, 83, 80, 1.0)",0.0,0.0,2.2860897190876677,54.093413046821624,-1.2794193267659155,0.0,0.0,0.0,0.0,0.0,0.0,0.0,0.0,34.21240637423036,-11.326541894374962,False,True,False,True,False,0.0,0,0.8517253406070694,1.0406608563841533,False,False,False,False,-0.31666012675040484,-0.31775522041286464,False,False,False,False,-85441223,-63095885.91962976,False,False,False,False,3070756.129598927,False,False,False,False
2023-11-01 00:00:00+00:00,51.2326896281,51.7366778108,50.8661527679,51.3426506861,4049376,,,,,,,,,,,,,,,,,,,,,,,54.02464344940584,55.06963269336004,"rgba(239, 83, 80, 0.75)",0.0,0.0,2.305360884214312,54.065100321644685,-1.2286192209381566,0.0,0.0,0.0,0.0,0.0,0.0,0.0,0.0,35.176439295636825,-11.326541894374962,False,True,False,True,True,0.0,0,0.8695449054374564,1.020925219452728,False,False,False,False,-0.27436552642867257,-0.29606037342076863,False,False,False,False,-81391847,-63813374.5894482,False,False,False,False,3109133.379418577,False,False,False,False
2023-11-02 00:00:00+00:00,53.2211520944,53.2944594664,51.9016193979,51.9107828194,3390685,,,,,,,,,,,,,,,,,,,,,,,54.01578617402862,55.05981567017692,"rgba(239, 83, 80, 0.5)",0.0,0.0,2.272862645783616,54.07470875193801,-0.37554256044528084,0.0,0.0,0.0,0.0,0.0,0.0,0.0,0.0,41.823476906548294,-15.104626936933855,False,False,False,True,True,0.0,0,0.878327552916243,0.9853968670327309,False,False,False,False,-0.10165440386982218,-0.1988573886452954,False,False,False,False,-78001162,-64369758.40946984,False,False,False,False,3120174.619441378,False,False,False,False
2023-11-03 00:00:00+00:00,54.2749455674,54.5865018985,53.7434671201,53.9542258147,6883904,,,,,,,,,,,,,,,,,,,,,,,54.01848818096798,55.05232634952591,#000000,0.0,0.0,2.2341548130352162,54.12895194354144,0.0653462432445429,0.0,0.0,0.0,0.0,0.0,0.0,0.0,0.0,48.395259002278486,-9.043793783121188,True,False,False,False,True,0.0,0,0.9385733841427064,0.9612386023664458,False,False,False,False,0.1000900698361217,-0.04938365940458685,False,False,False,False,-71117258,-64634366.23654946,False,False,False,False,3267771.8500515204,False,False,False,False
2023-11-06 00:00:00+00:00,54.4215603114,54.8888948081,54.0183697652,54.4948676834,2075675,,,,,,,,,,,,,,,,,,,,,,,54.02034074879334,55.05072701204511,"rgba(38, 166, 154, 1.0)",0.0,0.0,2.189646708760123,54.14267094349102,0.1273672902542807,0.0,0.0,0.0,0.0,0.0,0.0,0.0,0.0,53.05114413638181,-4.924084375819213,True,False,True,False,True,0.21454976419206417,0,0.9703433110067564,0.9303436424231982,False,False,False,False,0.13765805177107318,0.04413719618324317,False,False,False,False,-69041583,-64807198.26648869,False,False,False,False,3221022.9539710684,False,False,False,False
2023-11-07 00:00:00+00:00,53.8717550212,54.0825137158,53.5968523761,54.0366966083,1595144,,,,,,,,,,,,,,,,,,,,,,,54.019772556869846,55.048310866279756,"rgba(38, 166, 154, 1.0)",0.0,0.0,2.1383821010236126,54.14715595059762,-0.12878939141222198,0.0,0.0,0.0,0.0,0.0,0.0,0.0,0.0,54.46696269347679,-3.7770608278663858,True,False,True,False,True,0.0,0,0.933062140829191,0.9642199501935738,False,False,False,False,0.058081271667805856,0.05110923392552451,False,False,False,False,-70636727,-65035807.23643032,False,False,False,False,3157262.9949918105,False,False,False,False
2023-11-08 00:00:00+00:00,53.7801208061,54.1466576663,53.4960547395,53.7617939631,1608151,,,,,,,,,,,,,,,,,,,,,,,54.01905992931744,55.04579824363694,"rgba(38, 166, 154, 1.0)",0.0,0.0,2.103368092790424,54.150775640718244,-0.17621967162510077,0.0,0.0,0.0,0.0,0.0,0.0,0.0,0.0,55.13065965136834,-3.1263344972216487,True,False,True,False,True,0.0,0,0.9160779811182185,0.979993426841173,False,False,False,False,0.055722035895588454,0.05341563491055648,False,False,False,False,-72244878,-65318515.89382521,False,False,False,False,3096513.5049921316,False,False,False,False
2023-11-09 00:00:00+00:00,54.0366966083,54.705626378,53.8900818642,54.1100039803,3332179,,,,,,,,,,,,,,,,,,,,,,,54.020385191988275,55.042309025034214,"rgba(38, 166, 154, 1.0)",0.0,0.0,2.055210392673584,54.163346912785684,-0.0616240093652549,0.0,0.0,0.0,0.0,0.0,0.0,0.0,0.0,56.20055078744684,-1.9252473872769258,True,False,True,False,True,0.0,0,0.899259147636395,0.9737165980921476,False,False,False,False,0.11734197514200105,0.08537880502627876,False,False,False,False,-68912699,-65459464.2509301,False,False,False,False,3105755.2891100873,False,False,False,False
2023-11-10 00:00:00+00:00,54.4307237329,54.5016486154,53.8167744922,54.1466576663,1830320,,,,,,,,,,,,,,,,,,,,,,,54.021252553429726,55.0404939402408,"rgba(38, 166, 154, 1.0)",0.0,0.0,2.0086472590908415,54.16970324475112,0.12994839535291203,0.0,0.0,0.0,0.0,0.0,0.0,0.0,0.0,57.85888060852292,-0.08828678680776392,True,False,True,False,True,0.3166497024592374,0,0.906520449343421,0.9771361062902133,False,False,False,False,0.09934192188931923,0.092360363457799,False,False,False,False,-67082379,-65523107.9665799,False,False,False,False,3055738.2189489077,False,False,False,False
2023-11-13 00:00:00+00:00,54.8430777006,55.1179803457,54.2291284598,54.2657821459,1909779,,,,,,,,,,,,,,,,,,,,,,,54.02403876203991,55.039753939398906,"rgba(38, 166, 154, 1.0)",0.0,0.0,1.955574213692427,54.17994572703283,0.33909834202358,0.0,0.0,0.0,0.0,0.0,0.0,0.0,0.0,59.90466054691646,2.1318152922795903,True,False,True,False,True,1.4732231938439817,0,0.9118777444965613,0.9605347326188712,False,False,False,False,0.16653713746072615,0.12944875045926257,False,False,False,False,-65172600,-65509362.55612579,False,False,False,False,3010798.6417352255,False,False,False,False
2023-11-14 00:00:00+00:00,55.9426882811,56.1671921079,55.5303343134,55.5303343134,2222379,,,,,,,,,,,,,,,,,,,,,,,54.03249004516174,55.04207850328147,"rgba(38, 166, 154, 1.0)",0.0,0.0,1.879935923110905,54.20230228855375,0.9257687834733566,0.0,0.0,0.0,0.0,0.0,0.0,0.0,0.0,63.376828566586866,5.651605387310305,True,False,True,False,True,4.44633786163228,0,0.9335638313367577,0.9360985947298209,False,False,False,False,0.3269877662597492,0.22821825835950588,False,False,False,False,-62950221,-65409004.063728705,False,False,False,False,2979880.2244122755,False,False,False,False
2023-11-15 00:00:00+00:00,56.1626103971,56.5658009433,56.0709761821,56.2542446122,1692899,,,,,,,,,,,,,,,,,,,,,,,54.040211941542935,55.044653130695416,"rgba(38, 166, 154, 1.0)",0.0,0.0,1.8227091841604555,54.221238584956225,1.0651023372321344,0.0,0.0,0.0,0.0,0.0,0.0,0.0,0.0,66.0597263334877,8.358588758727294,True,False,True,False,True,5.023795900086828,0,0.958955649337044,0.9142774636659033,False,False,False,False,0.3428282409553397,0.2855232496574228,False,False,False,False,-61257322,-65246193.00240601,False,False,False,False,2929410.372474539,False,False,False,False
2023-11-16 00:00:00+00:00,55.8052369585,56.0709761821,55.5945698981,55.8968711735,1341403,,,,,,,,,,,,,,,,,,,,,,,54.04508308587904,55.04594883718845,"rgba(38, 166, 154, 1.0)",0.0,0.0,1.7831022172419595,54.23312409030571,0.8816728805519507,0.0,0.0,0.0,0.0,0.0,0.0,0.0,0.0,66.36350193348454,8.867696327826188,True,False,True,False,True,3.9522940787324607,0,0.9607606233559458,0.909780447475135,False,False,False,False,0.278756742429709,0.2821399960435659,False,False,False,False,-62598725,-65142370.72780185,False,False,False,False,2867135.573553969,False,False,False,False
2023-11-17 00:00:00+00:00,56.6482717369,56.6711802906,56.1442835541,56.1442835541,1703404,,,,,,,,,,,,,,,,,,,,,,,54.0535268128544,55.048988308591554,"rgba(38, 166, 154, 1.0)",0.0,0.0,1.75377652969073,54.25239022251371,1.3661270257783593,0.0,0.0,0.0,0.0,0.0,0.0,0.0,0.0,68.09953874509164,10.809871872721843,True,False,True,False,True,6.170716068904518,0,0.9662161340457691,0.8822909236399809,False,False,False,False,0.34282824117039173,0.3124841186069788,False,False,False,False,-60895321,-64975819.75808413,False,False,False,False,2821499.0412577353,False,False,False,False
2023-11-20 00:00:00+00:00,56.8223767454,56.9277560927,56.2634080337,56.5199838358,1629346,,,,,,,,,,,,,,,,,,,,,,,54.06215293184007,55.05225243590351,"rgba(38, 166, 154, 1.0)",0.0,0.0,1.721973323933278,54.271351425647765,1.4814546104147897,0.0,0.0,0.0,0.0,0.0,0.0,0.0,0.0,69.54755041474984,12.482858547813635,True,False,True,False,True,6.620660315061734,0,0.9631713307030713,0.8992999824802709,False,False,False,False,0.34282824160086744,0.3276561801039231,False,False,False,False,-59265975,-64751904.27737495,False,False,False,False,2774747.9416005695,False,False,False,False
2023-11-21 00:00:00+00:00,56.3458788272,57.1156062336,56.2908982982,56.8681938529,2281453,,,,,,,,,,,,,,,,,,,,,,,54.07373651480604,55.05655635969424,"rgba(38, 166, 154, 1.0)",0.0,0.0,1.6746471259217672,54.381286390123044,1.1731381535053833,0.0,0.0,0.0,0.0,0.0,0.0,0.0,0.0,68.47158402699401,12.482858547813635,True,False,True,False,True,5.157296938545201,0,0.9495611496021285,0.9025150499395174,False,False,False,False,0.34282824183521876,0.33524221096957096,False,False,False,False,-61547428,-64626238.54100731,False,False,False,False,2755403.041929959,False,False,False,False
2023-11-22 00:00:00+00:00,55.8235638015,55.924361438,55.2325231145,55.832727223,3454452,,,,,,,,,,,,,,,,,,,,,,,54.084693123877635,55.05911323426125,"rgba(38, 166, 154, 0.75)",0.0,0.0,1.6469736821997416,54.376044303092726,0.8788965567888911,0.0,0.0,0.0,0.0,0.0,0.0,0.0,0.0,65.70942181290272,12.482858547813635,True,False,True,False,False,3.581437478314733,0,0.9271070989562902,0.9323538894707833,False,False,False,False,0.20680527219224107,0.27102374158090603,False,False,False,False,-65001880,-64640969.57861487,False,False,False,False,2782816.7265601563,False,False,False,False
2023-11-24 00:00:00+00:00,56.3458788272,56.387114224,55.6952759005,55.869380909,847076,,,,,,,,,,,,,,,,,,,,,,,54.088172704937236,55.06023769359619,"rgba(38, 166, 154, 0.75)",0.0,0.0,1.629431965820797,54.383648443116115,1.2042419844730676,0.0,0.0,0.0,0.0,0.0,0.0,0.0,0.0,65.0936540453656,12.482858547813635,True,False,True,False,False,4.985975138297125,0,0.9277925013031726,0.9429567614977357,False,False,False,False,0.261589978813193,0.2663068601970495,False,False,False,False,-64154804,-64621904.26180644,False,False,False,False,2706905.3255185816,False,False,False,False
2023-11-27 00:00:00+00:00,55.8968711735,56.0343224961,55.5120074704,55.8968711735,1517665,,,,,,,,,,,,,,,,,,,,,,,54.09338592803999,55.0616371823438,"rgba(38, 166, 154, 0.75)",0.0,0.0,1.59746366645874,54.391668721301016,0.9422451876703535,0.0,0.0,0.0,0.0,0.0,0.0,0.0,0.0,62.973422172118156,12.482858547813635,True,False,True,False,False,3.629527301509455,0,0.9118834751672942,0.9459233431546461,False,False,False,False,0.22969129594911863,0.24799907807308408,False,False,False,False,-65672469,-64663102.8789905,False,False,False,False,2660268.450008049,False,False,False,False
2023-11-28 00:00:00+00:00,55.796073537,55.8922894628,55.0721632382,55.5028440489,1524298,,,,,,,,,,,,,,,,,,,,,,,54.09790219246422,55.062614236001544,"rgba(38, 166, 154, 0.75)",0.0,0.0,1.556054804638027,54.3970348825574,0.8990934318460887,0.0,0.0,0.0,0.0,0.0,0.0,0.0,0.0,61.17919846072847,17.3074996156505,True,False,True,False,False,3.3252555717917325,0,0.9055584488414432,0.9514019894989647,False,False,False,False,0.19557666018984088,0.22178786913146248,False,False,False,False,-67196767,-64762462.256285,False,False,False,False,2615720.58922342,False,False,False,False
2023-11-29 00:00:00+00:00,56.1717738187,56.6070363401,55.741093008,55.832727223,1600430,,,,,,,,,,,,,,,,,,,,,,,54.10447087891555,55.06477944894451,"rgba(38, 166, 154, 0.75)",0.0,0.0,1.5274075247436927,54.411001887435035,1.1527846385072833,0.0,0.0,0.0,0.0,0.0,0.0,0.0,0.0,61.026974188562306,16.902148011558253,True,False,True,False,False,4.364845195159273,0,0.9220705546775008,0.9394695141114066,False,False,False,False,0.2775942360280133,0.2496910525797379,False,False,False,False,-65596337,-64795163.22662676,False,False,False,False,2575905.271998972,False,False,False,False
2023-11-30 00:00:00+00:00,55.887707752,56.4924935713,55.0538363952,56.1992640832,3383249,,,,,,,,,,,,,,,,,,,,,,,54.115815235938186,55.06784344839682,"rgba(38, 166, 154, 0.75)",0.0,0.0,1.5215197676133372,54.42969544068636,0.9582605118569592,0.0,0.0,0.0,0.0,0.0,0.0,0.0,0.0,59.75426107275065,15.39651217981013,True,False,True,False,False,3.4865454462268595,0,0.9089755849165195,0.9414066735121049,False,False,False,False,0.22969129594911863,0.23969117426442826,False,False,False,False,-68979586,-64959258.23734728,False,False,False,False,2607565.810351954,False,False,False,False
2023-12-01 00:00:00+00:00,55.6219685284,56.0709761821,55.3699744371,55.8602174875,4463192,,,,,,,,,,,,,,,,,,,,,,,54.129476868926,55.07118105981779,"rgba(38, 166, 154, 0.75)",0.0,0.0,1.5154952306914389,54.45039016195123,0.7730663500103758,0.0,0.0,0.0,0.0,0.0,0.0,0.0,0.0,57.83410525355455,13.317888262061729,True,False,True,False,False,2.6660876579214943,0,0.9311171109746758,0.9344113867484563,False,False,False,False,0.22347619226026305,0.23158368326234566,False,False,False,False,-73442778,-65291945.28686307,False,False,False,False,2680335.464847956,False,False,False,False
2023-12-04 00:00:00+00:00,55.6494587929,55.906034595,54.9713656016,55.1637974532,2909489,,,,,,,,,,,,,,,,,,,,,,,54.13724882210705,55.07271244345105,"rgba(38, 166, 154, 0.75)",0.0,0.0,1.5126195631596333,54.460758987965335,0.7858551045390756,0.0,0.0,0.0,0.0,0.0,0.0,0.0,0.0,56.65144783949042,11.971411036049759,True,False,True,False,False,2.7458175543791903,0,0.9264479557441783,0.9327484501233143,False,False,False,False,0.19051316661996728,0.21104842494115647,False,False,False,False,-70533289,-65497488.17757433,False,False,False,False,2689321.8779911734,False,False,False,False
2023-12-05 00:00:00+00:00,55.2829219328,55.777746694,55.0629998167,55.2829219328,2260954,,,,,,,,,,,,,,,,,,,,,,,54.14264233001677,55.07353074662254,#000000,0.0,0.0,1.5069094439782147,54.46722824393405,0.54130239353503,0.0,0.0,0.0,0.0,0.0,0.0,0.0,0.0,54.32034490707963,9.573026167582768,True,False,False,False,False,1.5971235181543832,0,0.9334506279472968,0.934359516169506,False,False,False,False,0.18838406814984868,0.19971624654550257,False,False,False,False,-72794243,-65783635.4255126,False,False,False,False,2672523.137677794,False,False,False,False
2023-12-06 00:00:00+00:00,55.4295366768,55.9976688101,55.3928829908,55.5761514209,2227680,,,,,,,,,,,,,,,,,,,,,,,54.14890342936465,55.074951100804,#000000,0.0,0.0,1.5051349325179526,54.47638789210714,0.6332646755452859,0.0,0.0,0.0,0.0,0.0,0.0,0.0,0.0,53.372973402048345,8.511970908473316,True,False,False,False,False,2.037134110321297,0,0.9436359381089318,0.9256870449422308,False,False,False,False,0.22050977207985245,0.2101130093126775,False,False,False,False,-70566563,-65971201.2127474,False,False,False,False,2655078.308749253,False,False,False,False
2023-12-07 00:00:00+00:00,54.3849066254,55.4478635198,53.7984476492,55.3104121973,7663165,,,,,,,,,,,,,,,,,,,,,,,54.15462773768746,55.07012722625144,"rgba(239, 83, 80, 0.5)",0.0,0.0,1.5039370629495794,54.45153918440682,-0.04430541719354758,0.0,0.0,0.0,0.0,0.0,0.0,0.0,0.0,48.952653451566604,4.238313971687852,False,False,False,True,False,0.0,0,0.9193974309165276,0.9285733052811834,False,False,False,False,0.09712133297954442,0.15361717114611095,False,False,False,False,-78229728,-66451927.75342398,False,False,False,False,2851473.8652688903,False,False,False,False
2023-12-08 00:00:00+00:00,54.632319006,55.0813266597,54.1466576663,54.5315213695,4397828,,,,,,,,,,,,,,,,,,,,,,,54.15846863654225,55.06779409797528,"rgba(239, 83, 80, 0.5)",0.0,0.0,1.4985847322332106,54.45246207647192,0.12001785795592651,0.0,0.0,0.0,0.0,0.0,0.0,0.0,0.0,47.09162997262574,2.4874011943888803,False,False,False,True,False,0.0,0,0.9177532790962653,0.9495272003561991,False,False,False,False,0.09608447939211032,0.12485082526911064,False,False,False,False,-73831900,-66741338.4297603,False,False,False,False,2912115.2038857965,False,False,False,False
2023-12-11 00:00:00+00:00,55.2096145607,55.2554316683,54.5315213695,54.7697703286,5476132,,,,,,,,,,,,,,,,,,,,,,,54.16701563483276,55.067351914928615,"rgba(239, 83, 80, 0.5)",0.0,0.0,1.499226716923258,54.46803986204527,0.4946381292994813,0.0,0.0,0.0,0.0,0.0,0.0,0.0,0.0,48.16351745468712,2.4874011943888803,False,False,False,True,False,1.333658980840454,0,0.9262967321532037,0.949959443321985,False,False,False,False,0.12781207310317852,0.12633144918614458,False,False,False,False,-68355768,-66804649.39329912,False,False,False,False,3012664.8821647847,False,False,False,False
2023-12-12 00:00:00+00:00,54.6414824275,55.1363071887,54.4123968899,55.1088169242,3189777,,,,,,,,,,,,,,,,,,,,,,,54.17033152146283,55.066096428797536,"rgba(239, 83, 80, 0.5)",0.0,0.0,1.494093052447186,54.470010297980174,0.11476670026607239,0.0,0.0,0.0,0.0,0.0,0.0,0.0,0.0,46.91458834105176,2.2910664348961163,False,False,False,True,False,0.0,0,0.9478847288622725,0.9290678341692438,False,False,False,False,0.11426119660418914,0.12029632289516687,False,False,False,False,-71545545,-66990566.868071705,False,False,False,False,3019610.4554132246,False,False,False,False
2023-12-13 00:00:00+00:00,56.0709761821,56.0709761821,54.2749455674,54.7514434856,4227449,,,,,,,,,,,,,,,,,,,,,,,54.180414693245226,55.06809046321842,#000000,0.0,0.0,1.5069797278107064,54.490915459563254,1.048495008510968,0.0,0.0,0.0,0.0,0.0,0.0,0.0,0.0,50.616790651660125,2.2910664348961163,False,False,False,False,True,3.7636856830199577,0,0.9608463191145571,0.8863570392313607,False,False,False,False,0.159797765485652,0.14004704419040942,False,False,False,False,-67318096,-67003411.14775517,False,False,False,False,3066976.672848,False,False,False,False
2023-12-14 00:00:00+00:00,57.6562481023,57.7203920528,56.6391083154,56.6482717369,7555467,,,,,,,,,,,,,,,,,,,,,,,54.2235313511037,55.08783736514572,"rgba(38, 166, 154, 1.0)",0.0,0.0,1.5498464765568274,54.59443247759555,1.975560593270275,0.0,0.0,0.0,0.0,0.0,0.0,0.0,0.0,56.30224195625415,0.3767802312185182,True,False,True,False,True,7.959620699120887,0,1.007790857406088,0.8634750529111809,False,False,False,False,0.3428282427771469,0.24143764348377816,False,False,False,False,-59762629,-66719458.90666673,False,False,False,False,3242995.901363765,False,False,False,False
2023-12-15 00:00:00+00:00,57.1797501841,58.1327460205,57.1522599196,58.1327460205,3082245,,,,,,,,,,,,,,,,,,,,,,,54.24161348283671,55.09632394862514,"rgba(38, 166, 154, 1.0)",0.0,0.0,1.5769480556178448,54.63328037232584,1.6148089359712345,0.0,0.0,0.0,0.0,0.0,0.0,0.0,0.0,58.49883336294545,2.267239312023001,True,False,True,False,True,6.487479850795662,1,1.0033921120980156,0.8710997406007569,False,False,False,False,0.3428282435660482,0.29213294352491315,False,False,False,False,-62844874,-66567514.40052294,False,False,False,False,3236691.944447539,False,False,False,False
2023-12-18 00:00:00+00:00,56.7857230594,57.2988746636,56.7673962164,57.0056451755,1984719,,,,,,,,,,,,,,,,,,,,,,,54.25124082801751,55.10053587181265,"rgba(38, 166, 154, 1.0)",0.0,0.0,1.5988240150811068,54.65183388713118,1.3346616964347797,0.0,0.0,0.0,0.0,0.0,0.0,0.0,0.0,58.69733611667528,2.4097081113795795,True,False,True,False,True,5.28533209456856,1,0.9996344514934422,0.8987430614416542,False,False,False,False,0.27803692629233423,0.2850849349086237,False,False,False,False,-64829593,-66499360.62011028,False,False,False,False,3187594.96623391,False,False,False,False
2023-12-19 00:00:00+00:00,58.141909442,58.1831448388,57.0239720185,57.1339330766,2792037,,,,,,,,,,,,,,,,,,,,,,,54.268809456827746,55.10907990454159,"rgba(38, 166, 154, 1.0)",0.0,0.0,1.6522874580223537,54.68748992107169,2.090689186167978,0.0,0.0,0.0,0.0,0.0,0.0,0.0,0.0,61.36686629849033,4.992521309875713,True,False,True,False,True,8.719487959403462,0,0.987082740922186,0.8727243493120855,False,False,False,False,0.33860887375642235,0.31184690433252304,False,False,False,False,-62037556,-66324387.88990988,False,False,False,False,3172082.889126698,False,False,False,False
2023-12-20 00:00:00+00:00,57.1430964981,58.2243802355,57.1156062336,57.9128239044,2959759,,,,,,,,,,,,,,,,,,,,,,,54.285729471418755,55.11710662972666,"rgba(38, 166, 154, 1.0)",0.0,0.0,1.6800537380192186,54.719464721908274,1.4425918179552908,0.0,0.0,0.0,0.0,0.0,0.0,0.0,0.0,60.233741230140744,4.992521309875713,True,False,True,False,True,5.730844934984699,0,0.9743275907975174,0.8897171153707496,False,False,False,False,0.3428282436095615,0.32733757397104224,False,False,False,False,-64997315,-66272345.815795764,False,False,False,False,3163756.4621021217,False,False,False,False
2023-12-21 00:00:00+00:00,58.4626291946,58.5359365666,57.6104309948,57.6287578378,3403639,,,,,,,,,,,,,,,,,,,,,,,54.30921797800785,55.12900231197764,"rgba(38, 166, 154, 1.0)",0.0,0.0,1.7388743426364672,54.76470814187719,2.1266177561260964,0.0,0.0,0.0,0.0,0.0,0.0,0.0,0.0,61.71900598471245,5.435317275520646,True,False,True,False,True,8.911267471030921,0,0.9645366571048628,0.8889531686953762,False,False,False,False,0.34282824420988556,0.3350829090904639,False,False,False,False,-61593676,-66088868.5681175,False,False,False,False,3173163.6204510583,False,False,False,False
2023-12-22 00:00:00+00:00,58.8108392118,59.2415200224,58.4809560376,58.4809560376,1931702,,,,,,,,,,,,,,,,,,,,,,,54.32459922627298,55.137113153606656,"rgba(38, 166, 154, 1.0)",0.0,0.0,1.7977193666985471,54.79451631719712,2.234121169856853,0.0,0.0,0.0,0.0,0.0,0.0,0.0,0.0,63.23134405199656,7.043561827164261,True,False,True,False,True,9.718374116433601,0,0.9927023476896516,0.8670205577655167,False,False,False,False,0.3428282452095141,0.33895557714998903,False,False,False,False,-59661974,-65836833.48701485,False,False,False,False,3124478.8510216055,False,False,False,False
2023-12-26 00:00:00+00:00,59.342317659,59.360644502,58.7008781537,58.9116368483,650901,,,,,,,,,,,,,,,,,,,,,,,54.330089807530435,55.140051480395584,"rgba(38, 166, 154, 1.0)",0.0,0.0,1.8692324049279945,54.80514546194191,2.4272916439370573,0.0,0.0,0.0,0.0,0.0,0.0,0.0,0.0,65.01928305376254,8.920990476944745,True,False,True,False,True,10.936886268583685,0,0.9972775435527383,0.8622437034203755,False,False,False,False,0.3428282453994847,0.34089191127473684,False,False,False,False,-59011073,-65569156.60517114,False,False,False,False,3027475.7980403663,False,False,False,False
2023-12-27 00:00:00+00:00,59.378971345,59.6355471471,59.1407223859,59.1407223859,5132521,,,,,,,,,,,,,,,,,,,,,,,54.37518357618986,55.16451382790224,"rgba(38, 166, 154, 1.0)",0.0,0.0,1.9433055356074376,54.89047838375884,2.3097206687254896,0.0,0.0,0.0,0.0,0.0,0.0,0.0,0.0,66.26600475377151,10.295361306874646,True,False,True,False,True,11.020925636417857,0,1.004212276780503,0.8576983020941014,False,False,False,False,0.3428282457753485,0.34186007852504263,False,False,False,False,-53878552,-65110701.5226154,False,False,False,False,3110026.590274078,False,False,False,False
2023-12-28 00:00:00+00:00,59.0490881709,59.6080568826,58.8749831623,59.269010287,2547899,,,,,,,,,,,,,,,,,,,,,,,54.39635588601957,55.17596058878548,"rgba(38, 166, 154, 1.0)",0.0,0.0,2.0034684856036855,54.92843529850414,2.0567595158125096,0.0,0.0,0.0,0.0,0.0,0.0,0.0,0.0,65.96859332240041,10.295361306874646,True,False,True,False,True,9.996938617383243,0,0.9980603078092897,0.8641291798138775,False,False,False,False,0.33021272985531824,0.33603640419018044,False,False,False,False,-56426451,-64770142.67859127,False,False,False,False,3087982.3710476435,False,False,False,False
2023-12-29 00:00:00+00:00,59.2140297579,59.4202067418,58.7466952612,58.9208002698,1290596,,,,,,,,,,,,,,,,,,,,,,,54.40689699166491,55.181661158616365,"rgba(38, 166, 154, 1.0)",0.0,0.0,2.0650003626876434,54.94691368313803,2.066399673270869,0.0,0.0,0.0,0.0,0.0,0.0,0.0,0.0,66.07465612009959,10.643878896956728,True,False,True,False,True,10.38934710985961,0,1.005977699450706,0.860831684804163,False,False,False,False,0.31672422135504574,0.3263803127726131,False,False,False,False,-55135855,-64392327.47550926,False,False,False,False,3017496.63100656,False,False,False,False
2024-01-02 00:00:00+00:00,58.8933100053,59.2735919977,58.5267731451,58.6825513107,2668372,,,,,,,,,,,,,,,,,,,,,,,54.427492397544725,55.192714014576666,"rgba(38, 166, 154, 1.0)",0.0,0.0,2.111686671790557,54.98182273504,1.8523047583301486,0.0,0.0,0.0,0.0,0.0,0.0,0.0,0.0,64.96575720782354,10.643878896956728,True,False,True,False,True,9.37868311541287,0,1.008900581447718,0.8530935610458437,False,False,False,False,0.30122346099042546,0.3138018868815193,False,False,False,False,-57804227,-64133970.59411674,False,False,False,False,3003805.4690063028,False,False,False,False
2024-01-03 00:00:00+00:00,58.2793607645,58.5817536742,58.0136215409,58.5084463021,2502146,,,,,,,,,,,,,,,,,,,,,,,54.4440377995319,55.20133250507808,"rgba(38, 166, 154, 0.75)",0.0,0.0,2.142909728412825,55.007859023763366,1.5266633481381942,0.0,0.0,0.0,0.0,0.0,0.0,0.0,0.0,62.112797450993135,10.643878896956728,True,False,True,False,False,7.471949408765308,0,1.0077617534535885,0.8433622045708823,False,False,False,False,0.251198446777393,0.2825001668294561,False,False,False,False,-60306373,-63983868.72768079,False,False,False,False,2984132.5486531146,False,False,False,False
2024-01-04 00:00:00+00:00,58.7375318397,58.9849442203,58.141909442,58.3068510291,1279086,,,,,,,,,,,,,,,,,,,,,,,54.45316161723686,55.206188086245255,"rgba(38, 166, 154, 0.75)",0.0,0.0,2.182897582707073,55.02245425128238,1.7019019205703831,0.0,0.0,0.0,0.0,0.0,0.0,0.0,0.0,61.32393208138991,10.643878896956728,True,False,True,False,False,8.614304020892746,0,1.017881708250564,0.8388754014017541,False,False,False,False,0.2730973187936503,0.2777987428115532,False,False,False,False,-59027287,-63789492.97365409,False,False,False,False,2917267.9781176983,False,False,False,False
2024-01-05 00:00:00+00:00,59.0307613279,59.433951874,58.5909170957,58.7375318397,8281491,,,,,,,,,,,,,,,,,,,,,,,54.516820005217575,55.240911872664356,"rgba(38, 166, 154, 0.75)",0.0,0.0,2.230183555904345,55.12373996931937,1.751883313925848,0.0,0.0,0.0,0.0,0.0,0.0,0.0,0.0,61.484596697156206,10.643878896956728,True,False,True,False,False,9.339697264151578,0,1.0577511303641034,0.8062386698559871,False,False,False,False,0.31070055537245334,0.29424964909200324,False,False,False,False,-50745796,-63277975.4452755,False,False,False,False,3127629.6652503377,False,False,False,False
2024-01-08 00:00:00+00:00,59.6080568826,59.6722008331,58.8383294763,58.9024734268,1676749,,,,,,,,,,,,,,,,,,,,,,,54.53049087544671,55.248517730011564,"rgba(38, 166, 154, 0.75)",0.0,0.0,2.2900196486433555,55.36152837121308,1.8543633518178029,0.0,0.0,0.0,0.0,0.0,0.0,0.0,0.0,62.86175355775162,10.643878896956728,True,False,True,False,False,10.750077129195518,0,1.0673811329045608,0.7760425654944602,False,False,False,False,0.33139107887207725,0.3128203639820403,False,False,False,False,-49069047,-62720762.56506862,False,True,False,False,3070732.3842601283,False,True,False,False
2024-01-09 00:00:00+00:00,57.4949718838,59.3409704971,57.4485900091,59.192548498,6263971,,,,,,,,,,,,,,,,,,,,,,,54.56758733412176,55.267957145029015,"rgba(38, 166, 154, 0.5)",0.0,0.0,2.3054348635502357,55.360444143642816,0.925867728429392,0.0,0.0,0.0,0.0,0.0,0.0,0.0,0.0,57.512227582903236,12.24361328671008,False,False,True,False,False,4.381462199376397,0,1.0295482847760449,0.7830428981708599,False,False,False,False,0.2591712293449721,0.28599579666350616,False,False,False,False,-55333018,-62431047.09192867,False,False,False,False,3195957.4280146332,False,False,False,False
2024-01-10 00:00:00+00:00,56.7992437632,57.8196450067,56.7621382635,57.4207608843,2600079,,,,,,,,,,,,,,,,,,,,,,,54.57859659671341,55.273212443297396,#000000,0.0,0.0,2.3121683896458083,55.356762740446506,0.6238650390746262,0.0,0.0,0.0,0.0,0.0,0.0,0.0,0.0,52.47866604901347,7.638558693464702,False,True,False,False,False,2.4489488007964972,0,1.0274968706851277,0.8130250827756456,False,False,False,False,0.16652514233573565,0.22626046949962092,False,False,False,False,-57933097,-62254656.89224519,False,False,False,False,3172589.6465238635,False,False,False,False
2024-01-11 00:00:00+00:00,55.9365408937,56.7806910134,55.4727221467,56.5858871396,3226712,,,,,,,,,,,,,,,,,,,,,,,54.586480165518914,55.275974570920724,"rgba(239, 83, 80, 1.0)",0.0,0.0,2.3137035949820572,55.33661565620305,0.2592921750210617,0.0,0.0,0.0,0.0,0.0,0.0,0.0,0.0,47.51595334369897,3.243649293361372,False,True,False,True,False,0.13454729695126133,0,0.9964117263307266,0.8414662474848651,False,False,False,False,0.07354465903023948,0.1499025642649302,False,False,False,False,-61159809,-62211721.68078459,False,False,False,False,3174712.091758222,False,False,False,False
2024-01-12 00:00:00+00:00,55.7046315202,56.5395052649,55.5562095212,56.0942392677,2268629,,,,,,,,,,,,,,,,,,,,,,,54.59148996503978,55.277586605922124,"rgba(239, 83, 80, 1.0)",0.0,0.0,2.3116221427905375,55.326312910299144,0.16365936408800846,0.0,0.0,0.0,0.0,0.0,0.0,0.0,0.0,43.800000861361255,0.07256470345782162,False,True,False,True,False,0.0,0,0.9975885432895374,0.8440647707925939,False,False,False,False,0.057445376287177025,0.10367397027605361,False,False,False,False,-63428438,-62259436.046244025,False,False,False,False,3139179.4214931936,False,False,False,False
2024-01-16 00:00:00+00:00,55.2964710228,55.9458172687,55.1341344613,55.7046315202,2386759,,,,,,,,,,,,,,,,,,,,,,,54.59487053604182,55.278052868413155,"rgba(239, 83, 80, 1.0)",0.0,0.0,2.3086760767834718,55.31209092104469,-0.006765738338856083,0.0,0.0,0.0,0.0,0.0,0.0,0.0,0.0,40.604682066133265,-2.6523349291467895,False,True,False,True,False,0.0,0,0.9857353067459315,0.8652596865417249,False,False,False,False,-0.044071109004233895,0.02980143063590986,False,False,False,False,-65815197,-62398877.65227367,False,False,False,False,3109672.738297382,False,False,False,False
2024-01-17 00:00:00+00:00,54.8326522758,55.110943524,54.3410044039,54.8233759008,2991440,,,,,,,,,,,,,,,,,,,,,,,54.59568076172948,55.27639258510958,"rgba(239, 83, 80, 1.0)",0.0,0.0,2.308458258590236,55.2716501405517,-0.19016928857955273,0.0,0.0,0.0,0.0,0.0,0.0,0.0,0.0,37.688311856401995,-5.186299397487552,False,True,False,True,False,0.0,0,0.9581504424246381,0.9155596247025664,False,False,False,False,-0.22654580076661623,-0.09837218506535318,False,False,False,False,-68806637,-62650162.33257666,False,False,False,False,3105036.160324936,False,False,False,False
2024-01-18 00:00:00+00:00,55.1294962739,55.1944308985,54.6471247769,55.0367325245,1829049,,,,,,,,,,,,,,,,,,,,,,,54.596850415173016,55.27583151445646,"rgba(239, 83, 80, 1.0)",0.0,0.0,2.305931474680738,55.265192284254944,-0.058846505997637515,0.0,0.0,0.0,0.0,0.0,0.0,0.0,0.0,36.79536807291895,-5.937199121551117,False,True,False,True,False,0.0,0,0.9357831230147017,0.9318663427719481,False,False,False,False,-0.20237011516863887,-0.15037115011699603,False,False,False,False,-66977588,-62819865.2999266,False,False,False,False,3054997.4481553305,False,False,False,False
2024-01-19 00:00:00+00:00,56.047857393,56.1035156427,54.95324515,55.2129836483,1740884,,,,,,,,,,,,,,,,,,,,,,,54.599957723909206,55.27662480810957,"rgba(239, 83, 80, 1.0)",0.0,0.0,2.2926318322812587,55.27340902947587,0.33779883565235286,0.0,0.0,0.0,0.0,0.0,0.0,0.0,0.0,39.14790110754107,-5.937199121551117,False,True,False,True,False,0.5623803951014281,0,0.9368269293227836,0.9193948614269435,False,False,False,False,-0.12831397748798262,-0.13934256380248933,False,False,False,False,-65236704,-62914643.28816478,False,False,False,False,3003463.587443357,False,False,False,False
2024-01-22 00:00:00+00:00,56.2333848918,56.3261486413,55.8066716446,56.2426612668,5973588,,,,,,,,,,,,,,,,,,,,,,,54.61450844138166,55.281996414970465,"rgba(239, 83, 80, 0.75)",0.0,0.0,2.269176210137928,55.302041488161535,0.4104323848793809,0.0,0.0,0.0,0.0,0.0,0.0,0.0,0.0,41.26558070090571,-5.937199121551117,False,True,False,True,True,1.0561845184548204,0,0.9708925652765238,0.9041304349754767,False,False,False,False,-0.0639121874374057,-0.10162737561994752,False,False,False,False,-59263116,-62771446.1396093,False,False,False,False,3119939.054602441,False,False,False,False
2024-01-23 00:00:00+00:00,56.1684502673,56.6137162644,55.7626088636,56.2519376417,1451483,,,,,,,,,,,,,,,,,,,,,,,54.61814005258983,55.28338308630517,"rgba(239, 83, 80, 0.75)",0.0,0.0,2.2389795305622058,55.306715611375374,0.3848783091412398,0.0,0.0,0.0,0.0,0.0,0.0,0.0,0.0,42.50789313589514,-5.937199121551117,False,True,False,True,True,0.8764170847372803,0,0.9722234867132126,0.8997869547667318,False,False,False,False,-0.07403873808876682,-0.08783305685435716,False,False,False,False,-60714599,-62690785.467467755,False,False,False,False,3054509.405402345,False,False,False,False
2024-01-24 00:00:00+00:00,56.4003596408,56.8177965131,56.1870030171,56.687927264,4215204,,,,,,,,,,,,,,,,,,,,,,,54.63050893452508,55.28866404498488,"rgba(239, 83, 80, 0.75)",0.0,0.0,2.2253020248132045,55.326050548032335,0.4827700153905367,0.0,0.0,0.0,0.0,0.0,0.0,0.0,0.0,44.10714909151079,-13.08969865402787,False,True,False,True,True,1.509446507084789,0,0.9746648975436278,0.908743897340556,False,False,False,False,-0.034253799804493015,-0.06104342832942509,False,False,False,False,-56499395,-62447985.841292545,False,False,False,False,3100026.840484606,False,False,False,False
2024-01-25 00:00:00+00:00,56.8177965131,56.836349263,56.2890431415,56.7992437632,1723092,,,,,,,,,,,,,,,,,,,,,,,54.636006355582715,55.29113538811656,"rgba(239, 83, 80, 0.75)",0.0,0.0,2.2191216410588517,55.33476606544347,0.6682961493489402,0.0,0.0,0.0,0.0,0.0,0.0,0.0,0.0,46.52338627419206,-10.589301222682323,False,True,False,True,True,2.6444205970039256,0,0.9783529602887051,0.9036991222153915,False,False,False,False,-0.060676317215212584,-0.060859872772318836,False,False,False,False,-54776303,-62147135.53379087,False,False,False,False,3046029.3957597194,False,False,False,False
2024-01-26 00:00:00+00:00,56.7250327637,57.0497058866,56.53022889,56.7064800138,3217327,,,,,,,,,,,,,,,,,,,,,,,54.64680177706753,55.29613392401607,#000000,0.0,0.0,2.2111091362890045,55.3517938896836,0.6210633620379158,0.0,0.0,0.0,0.0,0.0,0.0,0.0,0.0,47.818509047647595,-9.146086077195832,False,True,False,False,True,2.3734589324081092,0,0.9744774838896786,0.9116463924522136,False,False,False,False,-0.0291912126669512,-0.04502554271963502,False,False,False,False,-57993630,-61984252.96383829,False,False,False,False,3052746.948867182,False,False,False,False
2024-01-29 00:00:00+00:00,57.2816152602,57.309444385,56.372530516,56.6972036389,4807678,,,,,,,,,,,,,,,,,,,,,,,54.66437970987813,55.304645067652956,#000000,0.0,0.0,2.215703788116504,55.37988664338445,0.8582955117985976,0.0,0.0,0.0,0.0,0.0,0.0,0.0,0.0,50.4756367963131,-6.414082740207526,False,True,False,False,True,3.892735174493243,0,0.9574295209092794,0.9251230679448676,False,False,False,False,-0.022133283493321672,-0.03357941310647834,False,False,False,False,-53185952,-61639221.55349169,False,False,False,False,3121567.774401802,False,False,False,False
2024-01-30 00:00:00+00:00,57.2816152602,57.467142759,56.8920075127,57.3372735098,2335016,,,,,,,,,,,,,,,,,,,,,,,54.67364233225916,55.3092981919578,"rgba(38, 166, 154, 0.5)",0.0,0.0,2.2227814657330844,55.49817187322761,0.8023476056762054,0.0,0.0,0.0,0.0,0.0,0.0,0.0,0.0,52.247055295423436,-4.5469044147844215,False,True,True,False,True,3.892735174493243,0,0.9597241061563414,0.9331065966304807,False,False,False,False,0.02468329995114206,-0.004448056577668141,False,False,False,False,-53185952,-61307720.7866881,False,False,False,False,3090722.606778202,False,False,False,False
2024-01-31 00:00:00+00:00,56.3354250162,57.4300372592,56.2843121903,57.0960877614,1744466,,,,,,,,,,,,,,,,,,,,,,,54.67908280845112,55.311795707285484,#000000,0.0,0.0,2.2176706922200684,55.492642553499635,0.380030482278985,0.0,0.0,0.0,0.0,0.0,0.0,0.0,0.0,50.03457404237508,-4.5469044147844215,False,True,False,False,True,1.0757510199222224,0,0.9593707073951997,0.9260455103786208,False,False,False,False,-0.01989448911227202,-0.01217127284497008,False,False,False,False,-54930418,-61057630.48132778,False,False,False,False,3037928.230041802,False,False,False,False
2024-02-01 00:00:00+00:00,56.1591738923,56.5580580148,55.8252243944,56.214832142,2284840,,,,,,,,,,,,,,,,,,,,,,,54.684388885211234,55.31385978440255,#000000,0.0,0.0,2.209045344427391,55.47988343163801,0.3075040819671667,0.0,0.0,0.0,0.0,0.0,0.0,0.0,0.0,48.011633182529955,-4.5469044147844215,False,True,False,False,False,0.5629092212211546,0,0.9447693074475862,0.9618323869447385,False,False,False,False,-0.1123689329087021,-0.06227010287683609,False,False,False,False,-57215258,-60906949.20755022,False,False,False,False,3008395.358275457,False,False,False,False
2024-02-02 00:00:00+00:00,55.899435394,55.9643700186,55.4356166469,55.7788425197,3204501,,,,,,,,,,,,,,,,,,,,,,,54.689724680761245,55.315362521933636,"rgba(239, 83, 80, 1.0)",0.0,0.0,2.2062510603625696,55.46061461183731,0.19889884249645587,0.0,0.0,0.0,0.0,0.0,0.0,0.0,0.0,45.854024858795896,-4.5469044147844215,False,True,False,True,False,0.0,0,0.9296443867888626,0.9760383610491892,False,False,False,False,-0.18184428486534898,-0.12205719387109254,False,False,False,False,-60419759,-60887843.709214926,False,False,False,False,3016085.7755979877,False,False,False,False
2024-02-05 00:00:00+00:00,54.9161396502,55.6396968956,54.8372904632,55.5376567713,2541984,,,,,,,,,,,,,,,,,,,,,,,54.69144419587525,55.314878351880694,"rgba(239, 83, 80, 1.0)",0.0,0.0,2.2062951199641776,55.437632906505826,-0.2363660471289495,0.0,0.0,0.0,0.0,0.0,0.0,0.0,0.0,41.827653202195904,-1.452407468667971,False,True,False,True,False,0.0,0,0.9109739987957098,0.9815926143865336,False,False,False,False,-0.24866779880633524,-0.18536249633871388,False,False,False,False,-62961743,-60969173.09316728,False,False,False,False,2997493.549103949,False,False,False,False
2024-02-06 00:00:00+00:00,55.4912748966,55.6582496455,54.8790341505,54.9996270247,2742549,,,,,,,,,,,,,,,,,,,,,,,54.694171088249874,55.3149574089263,"rgba(239, 83, 80, 1.0)",0.0,0.0,2.194372311272962,55.42329533558418,0.030979046111087177,0.0,0.0,0.0,0.0,0.0,0.0,0.0,0.0,41.51307942683778,-1.8468274085263658,False,True,False,True,False,0.0,0,0.9273978224563083,0.9643979292066404,False,False,False,False,-0.244241639923149,-0.21480206813093145,False,False,False,False,-60219194,-60939762.14833719,False,False,False,False,2987495.7236488922,False,False,False,False
2024-02-07 00:00:00+00:00,54.9625215249,55.4727221467,54.8975869004,55.3892347722,3008960,,,,,,,,,,,,,,,,,,,,,,,54.69607648487825,55.314326807697775,"rgba(239, 83, 80, 1.0)",0.0,0.0,2.1790525119445276,55.4058942358648,-0.20347041135284435,0.0,0.0,0.0,0.0,0.0,0.0,0.0,0.0,39.96881003332812,-3.502303443608618,False,True,False,True,False,0.0,0,0.9172061019078844,0.9779809951883179,False,False,False,False,-0.2565222633735263,-0.23566216575222887,False,False,False,False,-63228154,-61029503.005265154,False,False,False,False,2988337.4599763867,False,False,False,False
2024-02-08 00:00:00+00:00,54.8048231509,54.9439687751,54.1925824048,54.7862704011,2581039,,,,,,,,,,,,,,,,,,,,,,,54.69588526519149,55.312562474364576,"rgba(239, 83, 80, 1.0)",0.0,0.0,2.1509040313590275,55.38543399609374,-0.2699380524322537,0.0,0.0,0.0,0.0,0.0,0.0,0.0,0.0,38.556638900847226,-5.055378441782167,False,True,False,True,False,0.0,0,0.912123010602136,0.9881364509216425,False,False,False,False,-0.34282825441539394,-0.28924521008381143,False,False,False,False,-65809193,-61216941.82858809,False,False,False,False,2972364.971349862,False,False,False,False
2024-02-09 00:00:00+00:00,55.0645616493,55.1573253987,54.5358082777,54.795546776,2163737,,,,,,,,,,,,,,,,,,,,,,,54.69661427598415,55.31169245416624,"rgba(239, 83, 80, 1.0)",0.0,0.0,2.119990024354878,55.3739079967919,-0.1459187750593457,0.0,0.0,0.0,0.0,0.0,0.0,0.0,0.0,38.75882056968759,-5.111642169974182,False,True,False,True,False,0.0,0,0.9289172749765383,0.9804304549162838,False,False,False,False,-0.300633906919391,-0.29493955850160125,False,False,False,False,-63645456,-61312177.67844738,False,False,False,False,2940654.0705126124,False,False,False,False
2024-02-12 00:00:00+00:00,55.1016671491,55.4866367091,54.8512050256,54.9625215249,2091511,,,,,,,,,,,,,,,,,,,,,,,54.69802924673434,55.311340016740296,"rgba(239, 83, 80, 1.0)",0.0,0.0,2.054388107126877,55.36661980500369,-0.12896913440286048,0.0,0.0,0.0,0.0,0.0,0.0,0.0,0.0,39.06231237698788,-5.132600272791869,False,True,False,True,False,0.0,0,0.9208061547283134,0.988782904406008,False,False,False,False,-0.2530159136144455,-0.27397773605802334,False,False,False,False,-61553945,-61321658.74988082,False,False,False,False,2907354.3422572156,False,False,False,False
2024-02-13 00:00:00+00:00,53.7194872829,54.637848402,53.1629047864,54.3781099037,3628419,,,,,,,,,,,,,,,,,,,,,,,54.69337340744053,55.30591449172538,"rgba(239, 83, 80, 1.0)",0.0,0.0,1.994165830290094,55.267238537782376,-0.7761396927843381,0.0,0.0,0.0,0.0,0.0,0.0,0.0,0.0,35.90306289564223,-8.415143828002314,False,True,False,True,False,0.0,0,0.899148789706212,0.9947698457987529,True,False,False,False,-0.34282825441539394,-0.30840299523670867,False,False,False,False,-65182364,-61473058.95576785,True,False,False,False,2935631.387658893,True,False,False,False
2024-02-14 00:00:00+00:00,54.4152154034,54.5358082777,54.016331281,54.0719895306,3924333,,,,,,,,,,,,,,,,,,,,,,,54.69120906665935,55.30200761188509,"rgba(239, 83, 80, 1.0)",0.0,0.0,1.9284760361893845,55.25365583070584,-0.4347683930584774,0.0,0.0,0.0,0.0,0.0,0.0,0.0,0.0,36.693106886049385,-8.415143828002314,False,True,False,True,False,0.0,0,0.9046023807570267,0.9814488858459999,False,False,False,False,-0.2929157432905262,-0.30065936926361747,False,False,False,False,-61258031,-61464626.48691421,False,False,False,False,2974403.9999075644,False,False,False,False
2024-02-15 00:00:00+00:00,55.4356166469,55.584038646,54.6471247769,54.6935066517,4419888,,,,,,,,,,,,,,,,,,,,,,,54.6946762767522,55.301652392812024,"rgba(239, 83, 80, 0.75)",0.0,0.0,1.814284194621554,55.26793469521789,0.09242320038900512,0.0,0.0,0.0,0.0,0.0,0.0,0.0,0.0,40.635782710067666,-8.415143828002314,False,True,False,True,True,0.0,0,0.9222498826117151,0.9552282269285152,False,False,False,False,-0.18596457150322576,-0.24331197038342162,False,False,False,False,-56838143,-61283195.76193718,False,False,False,False,3031089.6469700127,False,False,False,False
2024-02-16 00:00:00+00:00,55.6025913959,55.7510133949,55.2964710228,55.4634457717,3422823,,,,,,,,,,,,,,,,,,,,,,,54.69897926517629,55.30250620147711,"rgba(239, 83, 80, 0.75)",0.0,0.0,1.7247815079824411,55.28009756049403,0.1869766309027791,0.0,0.0,0.0,0.0,0.0,0.0,0.0,0.0,43.76214774568996,-11.93687232947633,False,True,False,True,True,0.0,0,0.9338847547704976,0.9485844820281539,False,False,False,False,-0.1355863640719286,-0.1894491672276751,False,False,False,False,-53415320,-60974651.61441023,False,False,False,False,3046451.7392456983,False,False,False,False
2024-02-20 00:00:00+00:00,55.3335765226,55.7510133949,55.1805163361,55.4077875221,4372332,,,,,,,,,,,,,,,,,,,,,,,54.70359398505216,55.303027328298164,"rgba(239, 83, 80, 0.75)",0.0,0.0,1.6299880444163928,55.285740608895786,0.02934740157639578,0.0,0.0,0.0,0.0,0.0,0.0,0.0,0.0,45.03100120215667,-10.714420824619253,False,True,False,True,True,0.0,0,0.9263841464241277,0.955586790791784,False,False,False,False,-0.142695061146812,-0.16607211418724355,False,False,False,False,-57787652,-60849671.23737453,False,False,False,False,3098447.0435890043,False,False,False,False
2024-02-21 00:00:00+00:00,55.1666017736,55.3614056474,54.9625215249,55.2500891481,3214876,,,,,,,,,,,,,,,,,,,,,,,54.7057431447218,55.30258026538253,"rgba(239, 83, 80, 0.75)",0.0,0.0,1.5314339856252026,55.28274102110951,-0.07583692708902173,0.0,0.0,0.0,0.0,0.0,0.0,0.0,0.0,45.36452703558593,-10.281317331849799,False,True,False,True,True,0.0,0,0.9550527881412704,0.9507713168346583,False,False,False,False,-0.18019724291894504,-0.17313467855309428,False,False,False,False,-61002528,-60855665.62022259,False,False,False,False,3103012.8850168865,False,False,False,False
2024-02-22 00:00:00+00:00,55.6768023954,55.890159019,55.3335765226,55.5283803963,3532564,,,,,,,,,,,,,,,,,,,,,,,54.710482640193824,55.30374138781174,#000000,0.0,0.0,1.4936160876208477,55.28935279244001,0.25940374248187875,0.0,0.0,0.0,0.0,0.0,0.0,0.0,0.0,47.34930567332762,-8.235956751393786,False,False,False,False,True,0.0,0,0.9516076365793692,0.926715198655087,False,False,False,False,-0.12480693029199627,-0.1489708044225453,False,False,False,False,-57469964,-60722893.007664844,False,False,False,False,3119858.0267809303,False,False,False,False
2024-02-23 00:00:00+00:00,56.0664101429,56.1962793921,55.7510133949,55.8716062691,2907880,,,,,,,,,,,,,,,,,,,,,,,54.71590163625591,55.30575967536163,#000000,0.0,0.0,1.4768218140419365,55.30010482872501,0.5188881332120039,0.0,0.0,0.0,0.0,0.0,0.0,0.0,0.0,49.906352127624636,-5.694780529605424,False,False,False,False,True,0.9015004722133284,0,0.950446649670591,0.921731390126087,False,False,False,False,-0.08082819794319498,-0.11489950118287014,False,False,False,False,-54562084,-60481292.65442309,False,False,False,False,3111545.1629855996,False,False,False,False
2024-02-26 00:00:00+00:00,55.4541693968,55.9550936436,54.9996270247,55.8437771443,2411672,,,,,,,,,,,,,,,,,,,,,,,54.71851023328639,55.30615013734864,#000000,0.0,0.0,1.4646586870860063,55.30094414151606,0.10461499094289516,0.0,0.0,0.0,0.0,0.0,0.0,0.0,0.0,49.48052350436804,-5.694780529605424,False,False,False,False,True,0.0,0,0.9357357774067038,0.9240861273593477,False,False,False,False,-0.14127219786122416,-0.12808584952204716,False,False,False,False,-56973756,-60343742.19738689,False,False,False,False,3084099.1565940077,False,False,False,False
2024-02-27 00:00:00+00:00,55.3335765226,55.6582496455,55.0923907741,55.4541693968,1761410,,,,,,,,,,,,,,,,,,,,,,,54.720131215559434,55.30624613067859,#000000,0.0,0.0,1.4424548272902205,55.300420693223586,0.022985696847573373,0.0,0.0,0.0,0.0,0.0,0.0,0.0,0.0,48.79866501701804,-5.694780529605424,False,False,False,False,True,0.0,0,0.9392167179038373,0.9502952675635722,False,False,False,False,-0.15381357647706614,-0.14094971299955666,False,False,False,False,-58735166,-60280660.777881525,False,False,False,False,3032228.993590321,False,False,False,False
2024-02-28 00:00:00+00:00,55.110943524,55.5186402026,54.9625215249,54.9903506498,1430104,,,,,,,,,,,,,,,,,,,,,,,54.721106185540044,55.306092775134644,#000000,0.0,0.0,1.41971469071643,55.298732121841226,-0.13227206780995054,0.0,0.0,0.0,0.0,0.0,0.0,0.0,0.0,47.59318365899935,-5.694780529605424,False,False,False,False,True,0.0,1,0.8921511679909762,0.9778528046167574,False,False,False,False,-0.17044843206420174,-0.1556990725318792,False,False,False,False,-60165270,-60276135.64933716,False,False,False,False,2969400.562469132,False,False,False,False
2024-02-29 00:00:00+00:00,55.6582496455,56.3539777661,55.0089033996,56.1220683926,2660127,,,,,,,,,,,,,,,,,,,,,,,54.72471244459372,55.307053402739946,#000000,0.0,0.0,1.3975112836967118,55.30221061746854,0.2547664782281131,0.0,0.0,0.0,0.0,0.0,0.0,0.0,0.0,48.86909092873539,-5.694780529605424,False,False,False,False,True,0.0,1,0.8821397220127923,0.9681350701021221,False,False,False,False,-0.11631730836431756,-0.13600819044809836,False,False,False,False,-57505143,-60167469.27093178,False,False,False,False,2957272.187470342,False,False,False,False
2024-03-01 00:00:00+00:00,55.6489732706,56.0014755183,55.0552852743,55.426340272,2337151,,,,,,,,,,,,,,,,,,,,,,,54.72750987998597,55.30765244841562,#000000,0.0,0.0,1.3826619594153509,55.30379745019184,0.24964585020775495,0.0,0.0,0.0,0.0,0.0,0.0,0.0,0.0,49.68340383396786,-5.14139883706239,False,False,False,False,True,0.0,1,0.893276697561941,0.9572757346400484,False,False,False,False,-0.13501826558093277,-0.13551322801451557,False,False,False,False,-59842294,-60154717.29952269,False,False,False,False,2932953.7095303284,False,False,False,False
2024-03-04 00:00:00+00:00,54.8048231509,55.6304205207,54.7677176512,55.5191040214,2146666,,,,,,,,,,,,,,,,,,,,,,,54.72854241985687,55.30714857533587,#000000,0.0,0.0,1.3832143019661327,55.2999004531336,-0.35791800412263625,0.0,0.0,0.0,0.0,0.0,0.0,0.0,0.0,47.235114040317335,-5.14139883706239,False,False,False,False,False,0.0,1,0.8843663166297268,0.9913872963495498,False,False,False,False,-0.17559192143851912,-0.15555257472651735,False,False,False,False,-61988960,-60226648.38581592,False,False,False,False,2902118.8973918846,False,False,False,False
2024-03-05 00:00:00+00:00,54.95324515,55.3985111472,54.7398885264,54.8233759008,3238410,,,,,,,,,,,,,,,,,,,,,,,54.72991913023372,55.306275284347265,"rgba(239, 83, 80, 0.5)",0.0,0.0,1.3913752716715635,55.29453808214398,-0.2452917908580898,0.0,0.0,0.0,0.0,0.0,0.0,0.0,0.0,46.2317488804884,-5.14139883706239,False,False,False,True,False,0.0,1,0.8802965997469404,0.9977764582545923,False,False,False,False,-0.19174415668182349,-0.17364836570417042,False,False,False,False,-58750550,-60168762.174607456,False,False,False,False,2915306.7837686734,False,False,False,False
2024-03-06 00:00:00+00:00,56.0293046431,56.1313447675,55.2779182729,55.4077875221,4098911,,,,,,,,,,,,,,,,,,,,,,,54.73613165837546,55.30829160453252,#000000,0.0,0.0,1.391622884884706,55.323383660825684,0.5072645685420721,0.0,0.0,0.0,0.0,0.0,0.0,0.0,0.0,49.40991434017906,-5.14139883706239,False,False,False,False,True,0.9805311558465846,1,0.884116353748516,0.9911202384530341,False,False,False,False,-0.1134911990652282,-0.1435697823846993,False,False,False,False,-54651639,-59952404.40305422,False,False,False,False,2961722.6353855883,False,False,False,False
2024-03-07 00:00:00+00:00,56.4003596408,56.520952515,55.9736463935,56.2890431415,3518369,,,,,,,,,,,,,,,,,,,,,,,54.74378653348177,55.311662536786194,"rgba(38, 166, 154, 1.0)",0.0,0.0,1.390538871205218,55.349739538578476,0.7555488911366578,0.0,0.0,0.0,0.0,0.0,0.0,0.0,0.0,52.601751718162376,-2.345674927595468,True,False,True,False,True,2.0737227243739333,1,0.8797203063056109,0.999088128892984,False,False,False,False,-0.047777333775134496,-0.0956735580799169,False,False,False,False,-51133270,-59606555.99509131,False,False,False,False,2983551.9045861536,False,False,False,False
2024-03-08 00:00:00+00:00,55.9643700186,56.5858871396,55.7788425197,56.5487816398,1839562,,,,,,,,,,,,,,,,,,,,,,,54.74727705091782,55.31308070058504,"rgba(38, 166, 154, 1.0)",0.0,0.0,1.3904284743776683,55.35737899351881,0.43654962212484294,0.0,0.0,0.0,0.0,0.0,0.0,0.0,0.0,53.03919061156461,-1.9363862913505656,True,False,True,False,True,0.7326714697917787,1,0.8702327324617302,1.000386339510719,False,False,False,False,-0.05560779726586624,-0.07564067767289157,False,False,False,False,-52972832,-59346409.95606813,False,False,False,False,2938689.555386697,False,False,False,False
2024-03-11 00:00:00+00:00,56.1127920176,56.1777266422,55.6304205207,55.6953551453,1156626,,,,,,,,,,,,,,,,,,,,,,,54.74924434473792,55.31381794710259,"rgba(38, 166, 154, 1.0)",0.0,0.0,1.389137119057465,55.360504153911755,0.5415504728566144,0.0,0.0,0.0,0.0,0.0,0.0,0.0,0.0,53.80997542170226,-1.111171868891553,True,False,True,False,True,1.1788573805372558,1,0.8563548052327916,1.0166888995409233,False,False,False,False,-0.08323228401472442,-0.079436480843808,False,False,False,False,-51816206,-59051107.84014389,False,False,False,False,2868804.7100774148,False,False,False,False
2024-03-12 00:00:00+00:00,56.047857393,56.3261486413,55.74173702,56.214832142,1361265,,,,,,,,,,,,,,,,,,,,,,,54.751674001018756,55.31476871039656,"rgba(38, 166, 154, 1.0)",0.0,0.0,1.3893598597922918,55.364631128052324,0.4917561567165322,0.0,0.0,0.0,0.0,0.0,0.0,0.0,0.0,54.05097124943951,-0.7157621490594153,True,False,True,False,True,0.9750869149701202,1,0.864874750261986,1.0125347806390799,False,False,False,False,-0.06713466650891188,-0.07328557367635993,False,False,False,False,-53177471,-58820769.14053041,False,False,False,False,2809685.5057606534,False,False,False,False
2024-03-13 00:00:00+00:00,56.4096360157,56.6044398895,56.1035156427,56.2704903916,1296536,,,,,,,,,,,,,,,,,,,,,,,54.75457793136482,55.31608867973515,"rgba(38, 166, 154, 1.0)",0.0,0.0,1.388453062730413,55.44102771766592,0.6976168831586586,0.0,0.0,0.0,0.0,0.0,0.0,0.0,0.0,55.47110587511315,0.8256690550545116,True,False,True,False,True,2.083931094882889,1,0.8749296409791522,1.000036456668007,False,False,False,False,-0.027596089217542003,-0.05044083144695097,False,False,False,False,-51880935,-58548618.78207824,False,False,False,True,2750346.309456314,False,False,False,False
2024-03-14 00:00:00+00:00,55.7046315202,56.4560178904,55.3845965848,56.3539777661,1439847,,,,,,,,,,,,,,,,,,,,,,,54.756749946912414,55.31682536926896,"rgba(38, 166, 154, 1.0)",0.0,0.0,1.3900124753213805,55.429062609100264,0.19824923588259596,0.0,0.0,0.0,0.0,0.0,0.0,0.0,0.0,53.478923416175576,0.8256690550545116,True,False,True,False,True,0.0,1,0.8640041726655088,1.0000792487002468,False,False,False,False,-0.08121789694897491,-0.06582936419796294,False,False,False,False,-53320782,-58343605.57493791,False,False,False,False,2698954.179673713,False,False,False,False
2024-03-15 00:00:00+00:00,55.7139078952,56.0849628928,55.4448930219,55.6025913959,2248371,,,,,,,,,,,,,,,,,,,,,,,54.75981378618548,55.317754965398905,#000000,0.0,0.0,1.3908382293957187,55.42253776736484,0.20949246409609953,0.0,0.0,0.0,0.0,0.0,0.0,0.0,0.0,52.18756428577563,0.8256690550545116,True,False,False,False,False,0.0,1,0.8844373645415176,0.9998585247047006,False,False,False,False,-0.10052784848308988,-0.0831786063405264,False,False,False,False,-51072411,-58058460.68964623,False,False,False,False,2681284.251059058,False,False,False,False
2024-03-18 00:00:00+00:00,54.9717978999,55.8020334571,54.9207778377,55.7695661448,2216042,,,,,,,,,,,,,,,,,,,,,,,54.76124661006595,55.31757210941417,#000000,0.0,0.0,1.3978610697925624,55.40607450889657,-0.3106722251453941,0.0,0.0,0.0,0.0,0.0,0.0,0.0,0.0,48.66140836004879,3.3374854238619704,True,False,False,False,False,0.0,1,0.8689187830846518,1.0162904996457016,False,False,False,False,-0.15106416905274272,-0.11712138769663456,False,False,False,False,-53288453,-57871401.56456207,False,False,False,False,2663039.4568998795,False,False,False,False
2024-03-19 00:00:00+00:00,55.2315363982,55.3985111472,54.7862704011,54.795546776,2003604,,,,,,,,,,,,,,,,,,,,,,,54.7622805513682,55.31722991216867,"rgba(239, 83, 80, 0.5)",0.0,0.0,1.402848040921942,55.39416621337646,-0.11592831898569678,0.0,0.0,0.0,0.0,0.0,0.0,0.0,0.0,47.44792880224943,2.186092969243802,False,False,False,True,False,0.0,1,0.8541379969210555,1.036911708613444,False,False,False,False,-0.18516976064078575,-0.15114557416871016,False,False,False,False,-51284849,-57613105.38555963,False,False,False,False,2637179.242903806,False,False,False,False
2024-03-20 00:00:00+00:00,55.7788425197,55.8762444566,54.9068632753,54.9996270247,2240434,,,,,,,,,,,,,,,,,,,,,,,54.764595930640624,55.31766431850705,#000000,0.0,0.0,1.4032790009466398,55.39259849693557,0.27524392690539307,0.0,0.0,0.0,0.0,0.0,0.0,0.0,0.0,48.82492897138847,2.186092969243802,True,False,False,False,False,0.1692935014974566,1,0.8515683087754786,1.0310431305570837,False,False,False,False,-0.11148122422716056,-0.13131339919793536,False,False,False,False,-49044415,-57277078.311616115,False,False,False,False,2621620.605927186,False,False,False,False
2024-03-21 00:00:00+00:00,55.8345007694,56.2890431415,55.5701240836,55.9458172687,3971126,,,,,,,,,,,,,,,,,,,,,,,54.77069581020539,55.31985227825257,#000000,0.0,0.0,1.402220990904739,55.40341471668329,0.3074308939267628,0.0,0.0,0.0,0.0,0.0,0.0,0.0,0.0,49.955459022295074,2.186092969243802,True,False,False,False,True,0.3459202861646986,1,0.9039373020793062,1.0202965604249612,False,False,False,False,0.06509863170273691,-0.03310738374759922,False,False,False,False,-45073289,-56798498.338611566,False,False,False,False,2674542.3860869044,False,False,False,False
2024-03-22 00:00:00+00:00,55.3892347722,55.9921991434,55.2129836483,55.8437771443,3832197,,,,,,,,,,,,,,,,,,,,,,,54.7746269666242,55.32061956330563,#000000,0.0,0.0,1.4040387858202183,55.401089800236,-0.008443518908259397,0.0,0.0,0.0,0.0,0.0,0.0,0.0,0.0,48.90171866946065,2.186092969243802,True,False,False,False,True,0.0,1,0.9115128515363315,0.9897810117238056,False,False,False,False,0.012603202773927855,-0.010252090486835685,False,False,False,False,-48905486,-56488968.442979746,False,False,False,False,2719940.606240359,False,False,False,False
2024-03-25 00:00:00+00:00,55.2871946479,55.7742043323,55.2268982108,55.4634457717,3010220,,,,,,,,,,,,,,,,,,,,,,,54.777274043698625,55.32092858923336,#000000,0.0,0.0,1.4039993928782804,55.397591791875605,-0.07863047842868591,0.0,0.0,0.0,0.0,0.0,0.0,0.0,0.0,47.80133133201147,2.186092969243802,True,False,False,False,True,0.0,1,0.9435063043152311,0.9690883551898113,False,False,False,False,-0.007935112710614593,-0.009093601598725139,False,False,False,False,-51915706,-56309624.817764856,False,False,False,False,2731324.1118779923,False,False,False,False
2024-03-26 00:00:00+00:00,55.3150237727,55.74173702,55.3150237727,55.6953551453,1981560,,,,,,,,,,,,,,,,,,,,,,,54.779078764599596,55.32118298706945,"rgba(239, 83, 80, 0.5)",0.0,0.0,1.4049579044788665,55.395975115749444,-0.05761834058613223,0.0,0.0,0.0,0.0,0.0,0.0,0.0,0.0,47.205454244185404,1.6805843912703864,True,False,False,True,False,0.0,1,0.9421328255714623,0.9625424099127796,False,False,False,False,-0.0023338190382634913,-0.005713710318494315,False,False,False,False,-49934146,-56059606.0405976,False,False,False,False,2701921.5976866987,False,False,False,False
2024-03-27 00:00:00+00:00,56.2519376417,56.2519376417,55.4727221467,55.5933150209,1946495,,,,,,,,,,,,,,,,,,,,,,,54.78223324858799,55.32241069865038,#000000,0.0,0.0,1.388056909843125,55.4013183852868,0.6128129548444369,0.0,0.0,0.0,0.0,0.0,0.0,0.0,0.0,50.75846712265934,1.6805843912703864,True,False,False,False,True,1.7673116948939445,1,0.9532096280451651,0.9301136132445362,False,False,False,False,0.06497102685663589,0.02962865826907079,False,False,False,False,-47987651,-55743058.78410358,False,False,False,False,2672297.025228397,False,False,False,False
2024-03-28 00:00:00+00:00,56.0107518933,56.4189123907,55.7788425197,56.3818068909,3079479,,,,,,,,,,,,,,,,,,,,,,,54.7875071832297,55.32456698223205,#000000,0.0,0.0,1.375194734678132,55.41057058017706,0.43643369043542213,0.0,0.0,0.0,0.0,0.0,0.0,0.0,0.0,51.9983616043391,-2.5882001442223768,True,False,False,False,True,0.9625739970950313,1,0.9850393681771336,0.9083058049627496,False,False,False,False,0.1129674885025138,0.07129807338579229,False,False,False,False,-51067130,-55559689.027864225,False,False,False,False,2688264.945807676,False,False,False,False
2024-04-01 00:00:00+00:00,55.8808826441,56.0942392677,55.5376567713,55.9921991434,1781157,,,,,,,,,,,,,,,,,,,,,,,54.78998967151174,55.32542199361366,#000000,0.0,0.0,1.3702785862027331,55.41307777903107,0.3413939835149083,0.0,0.0,0.0,0.0,0.0,0.0,0.0,0.0,52.21658726243548,-2.2829650911622963,True,False,False,False,True,0.5275511864608724,1,0.970809681537334,0.9189425867432702,False,False,False,False,0.0556017706048702,0.06344992199533124,False,False,False,False,-52848287,-55453359.53657544,False,False,False,False,2652692.085187767,False,False,False,False
2024-04-02 00:00:00+00:00,55.0831143992,55.8066716446,54.9068632753,55.732460645,1522424,,,,,,,,,,,,,,,,,,,,,,,54.790948684762014,55.325336826258045,#000000,0.0,0.0,1.3640173317381803,55.41005563059199,-0.23968993925859225,0.0,0.0,0.0,0.0,0.0,0.0,0.0,0.0,49.12234096770548,-2.2829650911622963,True,False,False,False,False,0.0,1,0.9442587750019532,0.9478940722814815,False,False,False,False,-0.03689085116360873,0.013279535415861254,False,False,False,False,-54370711,-55410902.73121954,False,False,False,False,2608367.8465529527,False,False,False,False
2024-04-03 00:00:00+00:00,55.2964710228,55.7973952696,54.9996270247,55.0460088994,1774217,,,,,,,,,,,,,,,,,,,,,,,54.79229343446481,55.32540163785637,#000000,0.0,0.0,1.368695157375945,55.407732441439535,-0.0812901383043146,0.0,0.0,0.0,0.0,0.0,0.0,0.0,0.0,48.03927155781241,-2.2829650911622963,True,False,False,False,False,0.0,1,0.9249316083632996,0.9542852743236715,False,False,False,False,-0.028480125616308524,-0.007600295100223635,False,False,False,False,-52596494,-55300533.76136779,False,False,False,False,2575656.0486489157,False,False,False,False
2024-04-04 00:00:00+00:00,55.4912748966,56.1684502673,55.268641898,55.7881188947,3632611,,,,,,,,,,,,,,,,,,,,,,,54.79635670051311,55.326473483478225,#000000,0.0,0.0,1.3622899527509547,55.40888156949658,0.06048149069662887,0.0,0.0,0.0,0.0,0.0,0.0,0.0,0.0,48.20465569392978,-2.2829650911622963,True,False,False,False,False,0.0,1,0.9331364473047657,0.9521802444293286,False,False,False,False,0.03595607002935543,0.014177887464565896,False,False,False,False,-48963883,-55052037.653078854,False,False,False,False,2617105.2624273896,False,False,False,False
2024-04-05 00:00:00+00:00,55.0274561495,55.3521292725,54.6192956521,55.3428528975,4394230,,,,,,,,,,,,,,,,,,,,,,,54.7975246886179,55.325143703721444,"rgba(239, 83, 80, 0.5)",0.0,0.0,1.365327346825875,55.39575106035105,-0.26974843191068487,0.0,0.0,0.0,0.0,0.0,0.0,0.0,0.0,46.46862727707707,0.897852997179676,False,False,False,True,False,0.0,1,0.9027585976203086,0.9756299188084041,False,False,False,False,-0.11202212321190394,-0.04892211787366902,False,False,False,False,-53358113,-54985609.23531105,False,False,False,False,2686796.4286067076,False,False,False,False
2024-04-08 00:00:00+00:00,55.2139112858,55.608497686,55.1199621429,55.1763316287,5883882,,,,,,,,,,,,,,,,,,,,,,,54.801468994270984,55.32508399481118,"rgba(239, 83, 80, 0.5)",0.0,0.0,1.36876711998274,55.389167687583665,-0.1280396052952187,0.0,0.0,0.0,0.0,0.0,0.0,0.0,0.0,46.22408089866738,0.5144306680117126,False,False,False,True,False,0.0,1,0.9107206095778516,0.9671506947912899,False,False,False,False,-0.03538693003271763,-0.04215452395319333,False,False,False,False,-47474231,-54691045.38294591,False,False,False,False,2812172.333367229,False,False,False,False
2024-04-09 00:00:00+00:00,55.4957587146,55.8151858004,55.0729875715,55.5897078575,2203728,,,,,,,,,,,,,,,,,,,,,,,54.803350522024985,55.32535988321021,#000000,0.0,0.0,1.3523206149946123,55.388464569747214,0.0793407596268985,0.0,0.0,0.0,0.0,0.0,0.0,0.0,0.0,47.399045876119516,0.5144306680117126,False,False,False,False,False,0.0,1,0.9038562351457274,0.9675085224525196,False,False,False,False,-0.019301895788056304,-0.030728209870624815,False,False,False,False,-45270503,-54321612.34832058,False,False,False,False,2788311.771274396,False,False,False,False
2024-04-10 00:00:00+00:00,54.0959164853,54.9978282572,53.8046741422,54.8944842,3530815,,,,,,,,,,,,,,,,,,,,,,,54.801058951431564,55.32204184984459,"rgba(239, 83, 80, 1.0)",0.0,0.0,1.3685329955963725,55.36870748429199,-0.930040417795945,0.0,0.0,0.0,0.0,0.0,0.0,0.0,0.0,43.40957501611881,-2.2829694700715777,False,True,False,True,False,0.0,1,0.8690711196857607,0.9826621967683626,False,False,False,False,-0.23333399829274518,-0.132031104081685,False,False,False,False,-48801318,-54105130.21701389,False,False,False,False,2817429.54494991,False,False,False,False
2024-04-11 00:00:00+00:00,54.2838147711,54.410646114,53.4006928278,54.0395469995,4076570,,,,,,,,,,,,,,,,,,,,,,,54.79704037135747,55.317241407940124,"rgba(239, 83, 80, 1.0)",0.0,0.0,1.357501288242367,55.342629906472496,-0.779973576852664,0.0,0.0,0.0,0.0,0.0,0.0,0.0,0.0,41.6272841072284,-3.9427696152039786,False,True,False,True,False,0.0,1,0.8475538809628215,1.001345937512335,False,False,False,False,-0.34150300426875285,-0.23676705417521893,False,False,False,False,-44724748,-53737272.09085648,False,False,False,False,2866807.602010698,False,False,False,False
2024-04-12 00:00:00+00:00,53.3912979135,54.0113622566,53.1658199705,53.861043628,2637644,,,,,,,,,,,,,,,,,,,,,,,54.79274844804776,55.31293234938257,"rgba(239, 83, 80, 1.0)",0.0,0.0,1.3543628538933672,55.32091672793047,-1.424742866273556,0.0,0.0,0.0,0.0,0.0,0.0,0.0,0.0,38.21127804931078,-7.112099534506719,False,True,False,True,False,0.0,0,0.8499428956539676,1.003576432321932,False,False,False,False,-0.34282825441539394,-0.28979765429530646,False,False,False,False,-47362392,-53487276.79317584,False,False,False,False,2857820.79408871,False,False,False,False
2024-04-15 00:00:00+00:00,53.1470301419,54.0771266567,52.9403420275,53.9080181994,2921734,,,,,,,,,,,,,,,,,,,,,,,54.78752732445109,55.30782602578326,"rgba(239, 83, 80, 1.0)",0.0,0.0,1.3369962261600328,55.29625900193473,-1.6075055546024246,0.0,0.0,0.0,0.0,0.0,0.0,0.0,0.0,35.40877933633164,-9.639659992260114,False,True,False,True,False,0.0,0,0.8571813511545718,0.9804707823717383,False,False,False,False,-0.34282825441539394,-0.31631295435535023,False,False,False,False,-50284126,-53361663.03658071,False,False,False,False,2860327.1943205255,False,False,False,False
2024-04-16 00:00:00+00:00,52.7336539131,52.9967115133,52.4752937701,52.9121572846,2805446,,,,,,,,,,,,,,,,,,,,,,,54.78022815974639,55.3012893033443,"rgba(239, 83, 80, 1.0)",0.0,0.0,1.3250959929105897,55.163798760702704,-1.8339387188582932,0.0,0.0,0.0,0.0,0.0,0.0,0.0,0.0,32.6912879602228,-12.077307761770008,False,True,False,True,False,0.0,0,0.856236516782407,0.9935312747130177,False,False,False,False,-0.34282825441539394,-0.3295706043853721,False,False,False,False,-53089572,-53350992.79985206,False,False,False,False,2858174.990621682,False,False,False,False
2024-04-17 00:00:00+00:00,53.3819029992,53.6543555136,52.8651827132,53.3255335134,2417572,,,,,,,,,,,,,,,,,,,,,,,54.77570682257566,55.296917909473,"rgba(239, 83, 80, 1.0)",0.0,0.0,1.3007339243020424,55.15758337344464,-1.3651372821674075,0.0,0.0,0.0,0.0,0.0,0.0,0.0,0.0,33.995433245692034,-12.077307761770008,False,True,False,True,False,0.0,0,0.8833310527987767,0.9723957607786398,False,False,False,False,-0.23889654864386525,-0.28423357651461867,False,False,False,False,-50672000,-53245934.258681394,False,False,False,False,2840896.441969851,False,False,False,False
2024-04-18 00:00:00+00:00,53.7858843137,53.9514227035,53.3819029992,53.4946419707,2912370,,,,,,,,,,,,,,,,,,,,,,,54.77178532737007,55.29274270678403,"rgba(239, 83, 80, 0.75)",0.0,0.0,1.256205494789615,55.15250472873195,-1.0878955877046397,0.0,0.0,0.0,0.0,0.0,0.0,0.0,0.0,36.57561732796911,-12.077307761770008,False,True,False,True,True,0.0,0,0.8945253890509923,0.9653313865312053,False,False,False,False,-0.1616193195984386,-0.22292644805652861,False,False,False,False,-47759630,-53030785.072066434,False,False,False,False,2843699.326598484,False,False,False,False
2024-04-19 00:00:00+00:00,54.5750571141,54.7065859141,53.6825402565,53.8516487137,3750532,,,,,,,,,,,,,,,,,,,,,,,54.769668232140575,55.289470087098465,"rgba(239, 83, 80, 0.75)",0.0,0.0,1.2052203915270039,55.15626124521134,-0.48223887945918437,0.0,0.0,0.0,0.0,0.0,0.0,0.0,0.0,41.17363232610739,-14.74032447865379,False,True,False,True,True,0.0,0,0.9030325655475387,0.9430272944119876,False,False,False,False,-0.06401308375560501,-0.1434697659060668,False,False,False,False,-44009098,-52676993.42218148,False,False,False,False,2879261.392222073,False,False,False,False
2024-04-22 00:00:00+00:00,55.0166180857,55.1763316287,54.6314265998,54.6314265998,5891042,,,,,,,,,,,,,,,,,,,,,,,54.770927315634324,55.287638106177575,"rgba(239, 83, 80, 0.5)",0.0,0.0,1.1665672690970532,55.17258025211247,-0.13369324731113255,0.0,0.0,0.0,0.0,0.0,0.0,0.0,0.0,45.621673458552785,-10.741749266643147,False,False,False,True,True,0.0,0,0.942525664362012,0.9172059970229529,False,False,False,False,0.06556317517160029,-0.03895329536723326,False,False,False,False,-38118056,-52106054.699742995,False,False,False,False,2997370.435664345,False,False,False,False
2024-04-23 00:00:00+00:00,55.3548350002,55.3924146574,54.8944842,55.1105672286,2028913,,,,,,,,,,,,,,,,,,,,,,,54.772042687620484,55.28750468101953,#000000,0.0,0.0,1.1069673713278227,55.17858055194712,0.15922280350635545,0.0,0.0,0.0,0.0,0.0,0.0,0.0,0.0,49.58442389308247,-7.244595404037398,True,False,False,False,True,0.0,0,0.9403645578711151,0.9168851012712168,False,False,False,False,0.10960926092209938,0.03532798277743306,False,False,False,False,-36089143,-51477940.51543935,False,False,False,False,2959391.712697116,False,False,False,False
2024-04-24 00:00:00+00:00,55.1199621429,55.251490943,54.8193248856,55.185726543,1594046,,,,,,,,,,,,,,,,,,,,,,,54.77261829171697,55.287186766762076,"rgba(38, 166, 154, 1.0)",0.0,0.0,1.0298040791806602,55.18106625889209,-0.059335670956657496,0.0,0.0,0.0,0.0,0.0,0.0,0.0,0.0,51.30897851754483,-5.797389637196318,True,False,True,False,True,0.0,0,0.9279558090994087,0.9257868188847448,False,False,False,False,0.08970303468905344,0.06251550873324326,False,False,False,False,-37683189,-50936969.86777506,False,False,False,False,2905848.743571739,False,False,False,False
2024-04-25 00:00:00+00:00,55.5333383717,55.5709180289,54.5985443998,54.6220316855,5682239,,,,,,,,,,,,,,,,,,,,,,,54.77584452200302,55.286920279038036,"rgba(38, 166, 154, 1.0)",0.0,0.0,0.9101056464040911,55.191913021146505,0.37514913999544464,0.0,0.0,0.0,0.0,0.0,0.0,0.0,0.0,53.73726478347978,-3.5666648180279026,True,False,True,False,True,0.5583724597702151,0,0.9644546394635741,0.9060465716116148,False,False,False,False,0.09878092412085118,0.08064821642704723,False,False,False,False,-32000950,-50194380.85335251,False,False,False,False,3014726.7928434354,False,False,False,False
2024-04-26 00:00:00+00:00,55.7870010576,55.8433705433,55.3313477145,55.5991027718,2542598,,,,,,,,,,,,,,,,,,,,,,,54.7785817513232,55.287745345891665,"rgba(38, 166, 154, 1.0)",0.0,0.0,0.8786911209612167,55.200858196708495,0.6670635982417957,0.0,0.0,0.0,0.0,0.0,0.0,0.0,0.0,56.103238044557635,-1.3321645111414213,True,False,True,False,True,1.3875665407696793,0,0.968694463231576,0.9033233525161308,False,False,False,False,0.19249435982988292,0.13657128812846508,False,False,False,False,-29458352,-49381203.25126026,False,False,False,False,2996211.9382221242,False,False,False,False
2024-04-29 00:00:00+00:00,55.7400264861,55.8997400291,55.3877172002,55.6742620861,2009986,,,,,,,,,,,,,,,,,,,,,,,54.78078743914004,55.288433851901814,"rgba(38, 166, 154, 1.0)",0.0,0.0,0.8644948594133431,55.24644866219612,0.570943619304833,0.0,0.0,0.0,0.0,0.0,0.0,0.0,0.0,57.45938974053823,0.02621284075508612,True,False,True,False,True,1.227120128302193,0,0.9592283365924442,0.9277695176566304,False,False,False,False,0.20318527495489636,0.16987828154168072,False,False,False,False,-31468338,-48678737.94728927,False,False,False,False,2957536.411233022,False,False,False,False
2024-04-30 00:00:00+00:00,55.7306315718,55.8433705433,55.3454400859,55.4112044859,2183605,,,,,,,,,,,,,,,,,,,,,,,54.78307546969353,55.28910978812743,"rgba(38, 166, 154, 1.0)",0.0,0.0,0.8630877032037664,55.25163560457035,0.55497948290958,0.0,0.0,0.0,0.0,0.0,0.0,0.0,0.0,58.315480689530354,1.0189856078223443,True,False,True,False,True,1.1944587397577102,0,0.9412627655830811,0.9336675883687126,False,False,False,False,0.1938283013975367,0.1818532914696087,False,False,False,False,-33651943,-48089451.87092499,False,False,False,False,2927186.1598121193,False,False,False,False
2024-05-01 00:00:00+00:00,55.1387519715,55.8104883433,55.1293570572,55.5051536288,2792343,,,,,,,,,,,,,,,,,,,,,,,54.78503224101207,55.289282598004405,"rgba(38, 166, 154, 1.0)",0.0,0.0,0.8628211942507236,55.249246924738785,-0.12806240038498246,0.0,0.0,0.0,0.0,0.0,0.0,0.0,0.0,56.03931130103807,1.0189856078223443,True,False,True,False,True,0.0,0,0.9388314064196333,0.9347120324873733,False,False,False,False,0.17035758061977035,0.17610543604468953,False,False,False,False,-36444286,-47632778.69951616,False,False,False,False,2921898.192760664,False,False,False,False
2024-05-02 00:00:00+00:00,54.5656621998,55.5991027718,54.4529232283,55.4487841431,5515957,,,,,,,,,,,,,,,,,,,,,,,54.785615259387306,55.28727233777686,#000000,0.0,0.0,0.8679782622891227,55.228869895349064,-0.7640833006577623,0.0,0.0,0.0,0.0,0.0,0.0,0.0,0.0,52.263359968965446,1.0189856078223443,True,False,False,False,False,0.0,0,0.9283178157789924,0.9314149380199711,False,False,False,False,0.08797562873909703,0.13204053239189328,False,False,False,False,-41960243,-47410326.31914298,False,False,False,False,3023625.989122991,False,False,False,False
2024-05-03 00:00:00+00:00,51.3526015124,55.0166180857,50.8405786836,54.7723503142,8094543,,,,,,,,,,,,,,,,,,,,,,,54.76255440727105,55.266999612172775,"rgba(239, 83, 80, 1.0)",0.0,0.0,0.9829370735229507,54.9553334998016,-3.665272258466174,0.0,0.0,0.0,0.0,0.0,0.0,0.0,0.0,43.06919064614037,0.8909948105536358,False,True,False,True,False,0.0,0,0.844753813063635,0.9668875074863389,True,False,False,False,-0.30388754649929584,-0.08592350705370128,False,False,False,False,-50054786,-47514030.62035306,True,False,False,False,3222485.479745619,True,False,False,False
2024-05-06 00:00:00+00:00,51.6438438554,52.5175708844,50.9016456265,50.920435455,5679549,,,,,,,,,,,,,,,,,,,,,,,54.74181109226949,55.249432500092226,"rgba(239, 83, 80, 1.0)",0.0,0.0,1.071079439337226,54.844446981807025,-2.9882033104729633,0.0,0.0,0.0,0.0,0.0,0.0,0.0,0.0,38.013261794761604,-3.5489418214785005,False,True,False,True,False,0.0,0,0.8421984399856298,1.0334472205357799,False,False,False,False,-0.34282825441539394,-0.2143758807345476,False,False,False,False,-44375237,-47390940.674456865,False,False,False,False,3318840.9119124576,False,False,False,False
2024-05-07 00:00:00+00:00,51.9726658556,52.3672522558,51.7471879126,51.8035573984,3546759,,,,,,,,,,,,,,,,,,,,,,,54.73043068732851,55.23959241307519,"rgba(239, 83, 80, 1.0)",0.0,0.0,1.1334212040962663,54.79791136365323,-2.492670419295657,0.0,0.0,0.0,0.0,0.0,0.0,0.0,0.0,35.85451921707554,-5.334400042693339,False,True,False,True,False,0.0,0,0.877878110675569,1.031804188390845,False,False,False,False,-0.28833511474867535,-0.2513554977416115,False,False,False,False,-40828478,-47133589.197027184,False,False,False,False,3327778.8761511846,False,False,False,False
2024-05-08 00:00:00+00:00,52.6209149416,52.7195615417,51.7941624841,51.8129523126,2318721,,,,,,,,,,,,,,,,,,,,,,,54.723997166825534,55.23388794580117,"rgba(239, 83, 80, 1.0)",0.0,0.0,1.1665182011666657,54.7758752031193,-1.847343881444856,0.0,0.0,0.0,0.0,0.0,0.0,0.0,0.0,36.6648870169706,-5.334400042693339,False,True,False,True,False,0.0,0,0.8778351764559373,1.0167297397978663,False,False,False,False,-0.25779408139061977,-0.2545747895661156,False,False,False,False,-38509757,-46795399.69910455,False,False,False,False,3288207.9790472165,False,False,False,False
2024-05-09 00:00:00+00:00,52.7336539131,52.9403420275,52.536360713,52.5833352845,2358604,,,,,,,,,,,,,,,,,,,,,,,54.71848382090964,55.22883432424467,"rgba(239, 83, 80, 1.0)",0.0,0.0,1.1943875351917086,54.76030951281807,-1.6968157654063047,0.0,0.0,0.0,0.0,0.0,0.0,0.0,0.0,37.58587683227549,-5.334400042693339,False,True,False,True,False,0.0,0,0.8973792553994289,1.0085353687588725,False,False,False,False,-0.18592083696157302,-0.22024781326384432,False,False,False,False,-36151153,-46377978.25992398,False,False,False,False,3251752.921045365,False,False,False,False
2024-05-10 00:00:00+00:00,53.1940047134,53.3631131706,52.8839725418,52.9403420275,3927323,,,,,,,,,,,,,,,,,,,,,,,54.71125757704562,55.22184255970657,"rgba(239, 83, 80, 1.0)",0.0,0.0,1.205881700462528,54.74533641477573,-1.286470887468233,0.0,0.0,0.0,0.0,0.0,0.0,0.0,0.0,39.749563794927425,-5.334400042693339,False,True,False,True,False,0.0,0,0.8991829160669169,1.014782891081753,False,False,False,False,-0.12979317953583785,-0.17502049639984107,False,False,False,False,-32223830,-45822913.622279905,False,False,False,False,3278245.8653180953,False,False,False,False
2024-05-13 00:00:00+00:00,53.3255335134,53.7201199136,53.1423326848,53.5322216278,1988447,,,,,,,,,,,,,,,,,,,,,,,54.7082024392618,55.21874306517936,"rgba(239, 83, 80, 0.75)",0.0,0.0,1.2058514221476895,54.740536766180035,-1.1734474304137996,0.0,0.0,0.0,0.0,0.0,0.0,0.0,0.0,41.63109473690147,-5.334400042693339,False,True,False,True,True,0.0,0,0.9032884616707488,0.9982499874034515,False,False,False,False,-0.08555319475168384,-0.13028684557576245,False,False,False,False,-30235383,-45211637.91160226,False,False,False,False,3227665.5176585624,False,False,False,False
2024-05-14 00:00:00+00:00,53.2879538563,53.8986232852,53.2033996277,53.5228267135,2761303,,,,,,,,,,,,,,,,,,,,,,,54.70419980172105,55.21461464089447,"rgba(239, 83, 80, 0.75)",0.0,0.0,1.2065523396851616,54.73442192241538,-1.1988440273488852,0.0,0.0,0.0,0.0,0.0,0.0,0.0,0.0,42.77425831559495,-5.334400042693339,False,True,False,True,True,0.0,0,0.9115243055820219,0.9857184516356816,False,False,False,False,-0.06842930591592544,-0.09935807574584395,False,False,False,False,-32996686,-44732620.18957864,False,False,False,False,3209376.791475874,False,False,False,False
2024-05-15 00:00:00+00:00,53.4476673992,53.6637504279,53.1000555705,53.4570623135,1992295,,,,,,,,,,,,,,,,,,,,,,,54.70119011115169,55.21154720632172,"rgba(239, 83, 80, 0.75)",0.0,0.0,1.1897564782779764,54.728937246262134,-1.0769177310272873,0.0,0.0,0.0,0.0,0.0,0.0,0.0,0.0,44.144591931757674,-5.334400042693339,False,True,False,True,True,0.0,0,0.9095407450346948,0.985756456212488,False,False,False,False,-0.09261821117559044,-0.09598814346071718,False,False,False,False,-31004391,-44194258.260575555,False,False,False,False,3161648.093770938,False,False,False,False
2024-05-16 00:00:00+00:00,53.4382724849,53.6167758564,53.3067436848,53.4570623135,2016138,,,,,,,,,,,,,,,,,,,,,,,54.6982756348593,55.20853937092233,"rgba(239, 83, 80, 0.75)",0.0,0.0,1.1706174634905009,54.72377772851722,-1.0981428892954956,0.0,0.0,0.0,0.0,0.0,0.0,0.0,0.0,45.02463356529841,-12.51414032945653,False,True,False,True,True,0.0,0,0.9074847513998336,1.0121128363230139,False,False,False,False,-0.08118392343000876,-0.08858603344536298,False,False,False,False,-33020529,-43756072.79937652,False,False,False,False,3116726.1293093325,False,False,False,False
2024-05-17 00:00:00+00:00,53.7764893994,53.9080181994,53.2832563991,53.569801285,2552836,,,,,,,,,,,,,,,,,,,,,,,54.69520068041271,55.20518232575498,#000000,0.0,0.0,1.165478048166277,54.71986645704313,-0.8094335703082609,0.0,0.0,0.0,0.0,0.0,0.0,0.0,0.0,46.99976248132175,-10.249188258878654,False,False,False,False,True,0.0,0,0.8903327109877627,1.0144596886646964,False,False,False,False,-0.062060581151404,-0.07532330729838349,False,False,False,False,-30467693,-43234959.86606763,False,False,False,False,3094612.7909050453,False,False,False,False
2024-05-20 00:00:00+00:00,53.3725080849,53.926808028,53.3631131706,53.7764893994,805516,,,,,,,,,,,,,,,,,,,,,,,54.69413952725415,55.20405667152166,#000000,0.0,0.0,1.168088433574169,54.65031442709816,-1.0939294538584485,0.0,0.0,0.0,0.0,0.0,0.0,0.0,0.0,46.732793379830206,-10.135778963159389,False,False,False,False,True,0.0,0,0.896341175016551,1.0156630516770409,False,False,False,False,-0.05502728820369251,-0.065175297751038,False,False,False,False,-31273209,-42765871.59681008,False,False,False,False,3004844.289300926,False,False,False,False
2024-05-21 00:00:00+00:00,53.4194826563,53.9174131137,53.1846097991,53.2409792848,1800758,,,,,,,,,,,,,,,,,,,,,,,54.69167695010671,55.2014742889237,#000000,0.0,0.0,1.172445581416406,54.64436380612254,-1.0447232427988609,0.0,0.0,0.0,0.0,0.0,0.0,0.0,0.0,46.76619736692822,-9.650213300728993,False,False,False,False,True,0.0,0,0.8960793813955782,1.0059739900911606,False,False,False,False,-0.06842930592306322,-0.0668023018370506,False,False,False,False,-29472451,-42244560.98517047,False,False,False,False,2957625.2191322623,False,False,False,False
2024-05-22 00:00:00+00:00,52.7054691702,53.2409792848,52.5974276559,53.1282403133,2275514,,,,,,,,,,,,,,,,,,,,,,,54.686856014046,55.19695703776698,"rgba(239, 83, 80, 0.75)",0.0,0.0,1.1968944304043616,54.61533334261518,-1.5956830643534285,0.0,0.0,0.0,0.0,0.0,0.0,0.0,0.0,44.21839403843006,-9.650213300728993,False,True,False,True,True,0.0,0,0.8756373389357404,1.0214423121813008,False,False,False,False,-0.15944495727837243,-0.11312362955771152,False,False,False,False,-31747965,-41832929.77006575,False,False,False,False,2930875.759558448,False,False,False,False
2024-05-23 00:00:00+00:00,51.6814235126,53.5979860279,51.2868371124,53.4664572278,5549500,,,,,,,,,,,,,,,,,,,,,,,54.67102671983555,55.18294145271615,"rgba(239, 83, 80, 1.0)",0.0,0.0,1.2455389851016783,54.53924518640885,-2.2944457845095507,0.0,0.0,0.0,0.0,0.0,0.0,0.0,0.0,39.83110075636547,-4.031644180530577,False,True,False,True,False,0.0,0,0.8434494982475221,1.0200457294620082,False,False,False,False,-0.2234572671555022,-0.16829044835660686,False,False,False,False,-37297465,-41655068.40653376,False,False,False,False,3033566.9062424307,False,False,False,False
2024-05-24 00:00:00+00:00,53.1376352276,53.3819029992,52.0478251699,52.1041946557,2701031,,,,,,,,,,,,,,,,,,,,,,,54.66544558312833,55.17767618571113,"rgba(239, 83, 80, 1.0)",0.0,0.0,1.2583927875591654,54.52717630413228,-1.104218881631941,0.0,0.0,0.0,0.0,0.0,0.0,0.0,0.0,42.5104507324685,-4.031644180530577,False,True,False,True,False,0.0,0,0.8709462375779768,1.012982006465856,False,False,False,False,-0.18078718737239338,-0.17453881786450012,False,False,False,False,-34596434,-41378259.21412067,False,False,False,False,3020526.2824682174,False,False,False,False
2024-05-28 00:00:00+00:00,52.1699590557,53.1564250562,52.0384302556,53.1000555705,2160814,,,,,,,,,,,,,,,,,,,,,,,54.660021806967045,55.17275688185926,"rgba(239, 83, 80, 1.0)",0.0,0.0,1.2915014299401977,54.51042310726119,-1.8122039955229208,0.0,0.0,0.0,0.0,0.0,0.0,0.0,0.0,41.88269045837455,-4.031644180530577,False,True,False,True,False,0.0,0,0.8707663861073015,1.009575422119285,False,False,False,False,-0.1990909363349329,-0.1868148770997165,False,False,False,False,-36757248,-41197043.088076726,False,False,False,False,2986812.0753126014,False,False,False,False
2024-05-29 00:00:00+00:00,51.3526015124,51.7002133412,51.2210727123,51.7002133412,2644743,,,,,,,,,,,,,,,,,,,,51.42462918863333,,,54.65033455577818,55.16448662640252,"rgba(239, 83, 80, 1.0)",0.0,0.0,1.3455990627029357,54.29901377263434,-2.1896658090083783,0.0,0.0,0.0,0.0,0.0,0.0,0.0,0.0,39.79520128514085,-4.149906292732922,False,True,False,True,False,0.0,1,0.8690225733684265,1.0253271564217565,False,False,False,False,-0.34282825441539394,-0.2648215657575552,False,False,False,False,-39401991,-41126648.888544306,False,False,False,False,2973397.601770931,False,False,False,False
2024-05-30 00:00:00+00:00,51.6344489411,51.9491785699,51.3432065981,51.3526015124,2032189,,,,,,,,,,,,,,,,,,,,51.51920050038778,,,54.643429897931206,55.15852500301846,"rgba(239, 83, 80, 1.0)",0.0,0.0,1.3872499057868366,54.27942644109051,-1.9066337571602148,0.0,0.0,0.0,0.0,0.0,0.0,0.0,0.0,39.36192177714986,-4.752130825351799,False,True,False,True,False,0.0,0,0.8747563080122905,1.010706421773135,False,False,False,False,-0.31347720707367654,-0.2891493864156159,False,False,False,False,-37369802,-40979321.55958178,False,False,False,False,2936487.460525012,False,False,False,False
2024-05-31 00:00:00+00:00,52.536360713,52.5598479987,51.6814235126,51.8223472269,2919256,,,,,,,,,,,,,,,,,,,,51.80359042547042,,,54.63559414441716,55.15149269026615,"rgba(239, 83, 80, 1.0)",0.0,0.0,1.4035634990948607,54.27253502342104,-1.2369759626412895,0.0,0.0,0.0,0.0,0.0,0.0,0.0,0.0,41.8581021071727,-4.752130825351799,False,True,False,True,False,0.0,1,0.8784612879748471,1.0066806442745637,False,False,False,False,-0.24062498880186223,-0.2648871876087391,False,False,False,False,-34450546,-40723291.14548053,False,False,False,False,2935811.7169750114,False,False,False,False
2024-06-03 00:00:00+00:00,51.9726658556,52.8088132274,51.6156591125,52.5551505416,3775465,,,,,,,,,,,,,,,,,,,,51.91275056780497,,,54.62499943762236,55.14205163902038,"rgba(239, 83, 80, 1.0)",0.0,0.0,1.434583260940636,54.249023738020036,-1.586772928695307,0.0,0.0,0.0,0.0,0.0,0.0,0.0,0.0,42.188293525876134,-4.752130825351799,False,True,False,True,False,0.0,1,0.863557117702602,1.0102472628766461,False,False,False,False,-0.22686525876322594,-0.2458762231859825,False,False,False,False,-38226011,-40625358.590755805,False,False,False,False,2968739.2967014816,False,False,False,False
2024-06-04 00:00:00+00:00,52.2639081986,52.3719497129,51.3995760839,51.5498947125,2314686,,,,,,,,,,,,,,,,,,,,51.92950410310529,,,54.618236152868015,55.13606189258682,"rgba(239, 83, 80, 0.75)",0.0,0.0,1.4535895912454377,54.231248924908456,-1.353436168060915,0.0,0.0,0.0,0.0,0.0,0.0,0.0,0.0,43.29040609074084,-4.752130825351799,False,True,False,True,True,0.0,0,0.8672576501856502,1.0132985420409322,False,False,False,False,-0.27633250660356334,-0.26110436489477296,False,False,False,False,-35911325,-40440494.52837323,False,False,False,False,2943090.1478112275,False,False,False,False
2024-06-05 00:00:00+00:00,52.5833352845,52.6021251131,52.0384302556,52.3390675129,2116761,,,,,,,,,,,,,,,,,,,,51.993591801058614,,,54.61301716971587,55.13129636248459,"rgba(239, 83, 80, 0.5)",0.0,0.0,1.463545087963526,54.22265164808515,-1.1200996655772315,0.0,0.0,0.0,0.0,0.0,0.0,0.0,0.0,44.98627215321494,-4.752130825351799,False,False,False,True,True,0.0,1,0.8811145601533084,1.0033908322058098,False,False,False,False,-0.21074328691868305,-0.235923825906728,False,False,False,False,-33794564,-40179869.80177035,False,False,False,False,2910685.083191179,False,False,False,False
2024-06-06 00:00:00+00:00,52.6584945988,52.8745776275,52.3578573415,52.4893861416,1678251,,,,,,,,,,,,,,,,,,,,52.05471823872991,,,54.60931231248148,55.127837394275396,#000000,0.0,0.0,1.4737565593434236,54.21851807200569,-1.058535389250926,0.0,0.0,0.0,0.0,0.0,0.0,0.0,0.0,46.34926918024627,-8.810189011702903,False,False,False,False,True,0.0,1,0.8869956400198106,0.9972719068740724,False,False,False,False,-0.16710517349938583,-0.2015144997030569,False,False,False,False,-32116313,-39863651.88797544,False,False,False,False,2862354.334830741,False,False,False,False
2024-06-07 00:00:00+00:00,52.2263285414,52.4330166558,52.1135895699,52.1323793985,1351777,,,,,,,,,,,,,,,,,,,,52.06928361648482,,,54.60577817251725,55.124643571244164,"rgba(239, 83, 80, 0.5)",0.0,0.0,1.4918971226915316,54.21077775492343,-1.3301515120179876,0.0,0.0,0.0,0.0,0.0,0.0,0.0,0.0,45.97040000033287,-8.810189011702903,False,False,False,True,True,0.0,1,0.8755537823600501,1.0169242164987116,False,False,False,False,-0.2177391089218627,-0.2096268043124598,False,False,False,False,-33468090,-39612845.539427385,False,False,False,False,2803116.0079746335,False,False,False,False
2024-06-10 00:00:00+00:00,51.8693217984,52.0854048271,51.5686845411,51.9726658556,1347539,,,,,,,,,,,,,,,,,,,51.84113705553334,52.05404941294744,,,54.60164262736737,55.121005321406656,"rgba(239, 83, 80, 0.5)",0.0,0.0,1.5109307400337673,54.198737791870066,-1.5417093131734185,0.0,0.0,0.0,0.0,0.0,0.0,0.0,0.0,44.711876750178895,-8.810189011702903,False,False,False,True,True,0.0,1,0.8547859872878525,1.0252315213457535,False,False,False,False,-0.2816978386003773,-0.24566232145641853,False,False,False,False,-34815629,-39424719.40062631,False,False,False,False,2746034.5566815105,False,False,False,False
2024-06-11 00:00:00+00:00,51.4747353982,51.6720285983,51.3338116838,51.6720285983,2271284,,,,,,,,,,,,,,,,,,,51.62296523975553,51.99734567189236,,,54.59382584700309,55.114243254883164,"rgba(239, 83, 80, 1.0)",0.0,0.0,1.5314039628022325,54.173324956488216,-1.7621670204837465,0.0,0.0,0.0,0.0,0.0,0.0,0.0,0.0,42.81715047012821,-8.810189011702903,False,True,False,True,False,0.0,1,0.8504666046698788,1.0228261160415344,False,False,False,False,-0.3354918687419758,-0.29057709509919716,False,False,False,False,-37086913,-39333040.71824881,False,False,False,False,2727416.8877920397,False,False,False,False
2024-06-12 00:00:00+00:00,51.8317421412,52.3578573415,51.7471879126,52.0947997414,2010516,,,,,,,,,,,,,,,,,,,51.75009759051832,51.99583205723577,,,54.58801746235238,55.10907819319632,"rgba(239, 83, 80, 1.0)",0.0,0.0,1.549667534145063,54.158766543300786,-1.5016281562513214,0.0,0.0,0.0,0.0,0.0,0.0,0.0,0.0,42.96672295213993,-8.810189011702903,False,True,False,True,False,0.0,1,0.8690321637439796,1.0000914965699654,False,False,False,False,-0.24292347411746973,-0.26675028460833344,False,False,False,False,-35076397,-39166113.5136116,False,False,False,False,2699303.1274864697,False,False,False,False
2024-06-13 00:00:00+00:00,51.0143845979,51.7659777412,50.6855625978,51.6720285983,2883971,,,,,,,,,,,,,,,,,,,51.54860662760347,51.907189942119864,,,54.57711462313002,55.099757158222,"rgba(239, 83, 80, 1.0)",0.0,0.0,1.5865465148710298,54.12263485993384,-1.9591296144799832,0.0,0.0,0.0,0.0,0.0,0.0,0.0,0.0,40.91791422382997,-4.664170256777787,False,True,False,True,False,0.0,1,0.8430360308037732,1.0115301695407135,False,False,False,False,-0.34282825441539394,-0.3047892695118637,False,False,False,False,-37960368,-39118829.37582291,False,False,False,False,2706545.0048399414,False,False,False,False
2024-06-14 00:00:00+00:00,50.9580151122,51.0049896837,50.2815812833,50.6667727692,2070427,,,,,,,,,,,,,,,,,,,51.392027424992655,51.825617222653435,,,54.568403810047876,55.09240470064261,"rgba(239, 83, 80, 1.0)",0.0,0.0,1.6240862966956402,53.89108984791202,-1.8059845352304502,0.0,0.0,0.0,0.0,0.0,0.0,0.0,0.0,39.414882205720886,-6.221846883253235,False,True,False,True,False,0.0,1,0.8272940371970513,1.0365131087365842,True,False,False,False,-0.34282825441539394,-0.32380876196362884,False,False,False,False,-40030795,-39154592.73363378,False,False,False,False,2681599.2007285715,False,False,False,False
2024-06-17 00:00:00+00:00,50.5916134549,50.9580151122,50.3191609404,50.8640659693,1922263,,,,,,,,,,,,,,,,,,,51.273811541494325,51.75184741437252,,,54.56008773877597,55.0854044109816,"rgba(239, 83, 80, 1.0)",0.0,0.0,1.662497408180255,53.86039965934835,-1.9661902559152369,0.0,0.0,0.0,0.0,0.0,0.0,0.0,0.0,37.51488146431387,-8.122663843992584,False,True,False,True,False,0.0,1,0.8448420475761894,1.0226300998769415,False,False,False,False,-0.34282825441539394,-0.33331850818951136,False,False,False,False,-41953058,-39264336.46956971,True,False,False,False,2651821.3105039215,False,False,False,False
2024-06-18 00:00:00+00:00,50.9392252836,51.2821396552,50.4788744834,50.5258490548,2064415,,,,,,,,,,,,,,,,,,,51.22085921324284,51.69920623722708,,,54.551821588818356,55.07837622965218,"rgba(239, 83, 80, 1.0)",0.0,0.0,1.6886139147448551,53.83892207178667,-1.7172053142916348,0.0,0.0,0.0,0.0,0.0,0.0,0.0,0.0,37.83202251197045,-8.122663843992584,False,True,False,True,False,0.0,1,0.8400875134623143,1.0230683156183782,False,False,False,False,-0.30743243024483835,-0.32037546921717486,False,False,False,False,-39888643,-39288819.078606196,False,False,False,False,2628785.7689155326,False,False,False,False
2024-06-20 00:00:00+00:00,50.7513269978,51.0143845979,50.6197981977,50.7231422549,2928592,,,,,,,,,,,,,,,,,,,51.149616872116184,51.626335389044456,,,54.539823976624774,55.06819708397622,"rgba(239, 83, 80, 1.0)",0.0,0.0,1.7253618704911187,53.80367171922958,-1.7691040781843272,0.0,0.0,0.0,0.0,0.0,0.0,0.0,0.0,37.519292999780255,-8.372233638392217,False,True,False,True,False,0.0,0,0.8430504594824265,1.0338724879684427,False,False,False,False,-0.3166357133867438,-0.3185055913019593,False,False,False,False,-42817235,-39427188.33042556,False,False,False,False,2640542.876016884,False,False,False,False
2024-06-21 00:00:00+00:00,50.7513269978,50.9768049408,50.497664312,50.5352439691,3800750,,,,,,,,,,,,,,,,,,,51.07686918958599,51.54257874250829,,,54.52414742352397,55.05489473102914,"rgba(239, 83, 80, 1.0)",0.0,0.0,1.7584782960528074,53.75816550407895,-1.7099093648345247,0.0,0.0,0.0,0.0,0.0,0.0,0.0,0.0,37.310806658320125,-8.787653457650734,False,True,False,True,False,0.0,0,0.8730569275872467,1.0283297146299704,False,False,False,False,-0.32829955271289446,-0.3234025720074269,False,False,False,False,-42817235,-39560131.33707554,False,False,False,False,2686041.1946044574,False,False,False,False
2024-06-24 00:00:00+00:00,51.8787167127,51.8787167127,50.7701168264,50.8922507122,3982339,,,,,,,,,,,,,,,,,,,51.14496567213821,51.53956410279735,,,54.51116413225514,55.043508218468425,"rgba(239, 83, 80, 0.75)",0.0,0.0,1.753959264505544,53.73848417240871,-1.0603253435495252,0.0,0.0,0.0,0.0,0.0,0.0,0.0,0.0,41.98599221151285,-12.053066556699328,False,True,False,True,True,0.0,0,0.8884963615695993,0.9936376067065268,False,False,False,False,-0.24431107726112036,-0.28385682463427364,False,False,False,False,-38834896,-39531690.7356216,False,False,False,False,2736876.4026591848,False,False,False,False
2024-06-25 00:00:00+00:00,51.3901811696,51.7377929983,51.3291142267,51.5874743697,1588526,,,,,,,,,,,,,,,,,,,51.16510883048197,51.53769181282289,,,54.50597606060123,55.03895655132525,"rgba(239, 83, 80, 0.5)",0.0,0.0,1.748398496145308,53.72956559523659,-1.3380155787105932,0.0,0.0,0.0,0.0,0.0,0.0,0.0,0.0,43.419631217831395,-10.72220061580633,False,False,False,True,True,0.0,0,0.9085469786607694,0.9906033932698437,False,False,False,False,-0.21526355815978465,-0.24956019139702915,False,False,False,False,-40423422,-39566660.58912664,False,False,False,False,2691843.0535352957,False,False,False,False
2024-06-26 00:00:00+00:00,51.3901811696,51.4136684553,50.8029990264,50.9861998551,1818322,,,,,,,,,,,,,,,,,,,51.16746494365632,51.524858167128755,,,54.49950406893873,55.033346287373725,"rgba(239, 83, 80, 0.5)",0.0,0.0,1.7487615785867383,53.715233750823245,-1.3295423513948872,0.0,0.0,0.0,0.0,0.0,0.0,0.0,0.0,44.375390555377095,-9.802407189778343,False,False,False,True,True,0.0,0,0.9003345043911621,0.9996681504062853,False,False,False,False,-0.274769493107394,-0.2621648422522116,False,False,False,False,-40423422,-39600259.075827554,False,False,False,False,2657587.3259456763,False,False,False,False
2024-06-27 00:00:00+00:00,51.5498947125,51.728398084,51.2962320267,51.4183659124,2510726,,,,,,,,,,,,,,,,,,,51.19622405816912,51.524857336151754,,,54.491479323158295,55.0262765542212,"rgba(239, 83, 80, 0.5)",0.0,0.0,1.7415285837871974,53.70144863835634,-1.2354399151907607,0.0,0.0,0.0,0.0,0.0,0.0,0.0,0.0,45.683114190158406,-8.51258691463957,True,False,False,True,True,0.0,0,0.9260226670974347,0.9701865786237636,False,False,False,False,-0.21818396933552878,-0.24017440579387017,False,False,False,False,-37912696,-39534080.131677456,False,False,False,False,2651828.0582615323,False,False,False,False
2024-06-28 00:00:00+00:00,51.6344489411,51.8505319698,51.4277608267,51.7377929983,1830757,,,,,,,,,,,,,,,,,,,51.220686852439776,51.528836409053206,,,54.485876459230404,55.02130482681908,#000000,0.0,0.0,1.7321072355263047,53.69266617585307,-1.1882735621317804,0.0,0.0,0.0,0.0,0.0,0.0,0.0,0.0,46.92277945898898,-7.272112720607815,True,False,False,False,True,0.0,0,0.922100494860247,0.985815986061617,False,False,False,False,-0.20071455921315998,-0.22044448250351506,False,False,False,False,-36081939,-39398702.04808226,False,False,False,False,2619629.1932316683,False,False,False,False
2024-07-01 00:00:00+00:00,51.2398625409,51.9632709413,51.211677798,51.8599268841,917283,,,,,,,,,,,,,,,,,,,51.227466744626284,51.527841757623825,,,54.482914359278155,55.01869735279363,#000000,0.0,0.0,1.719077050526034,53.68717828253655,-1.4236219027458237,0.0,0.0,0.0,0.0,0.0,0.0,0.0,0.0,46.123082157638976,-7.272112720607815,True,False,False,False,True,0.0,0,0.9049540461729543,0.9902757229350281,False,False,False,False,-0.20781656166964646,-0.21413052208658076,False,False,False,False,-36999222,-39304604.791294724,False,False,False,False,2552870.518987289,False,False,False,False
2024-07-02 00:00:00+00:00,51.9350861984,52.0008505985,51.2398625409,51.3244167695,3627585,,,,,,,,,,,,,,,,,,,51.275525202436555,51.54053799694152,,,54.472238920620114,55.00915772932497,#000000,0.0,0.0,1.7078825992204736,53.67137823099038,-1.0166343010830314,0.0,0.0,0.0,0.0,0.0,0.0,0.0,0.0,48.56054287056426,-5.636871094677481,True,False,False,False,True,0.0,0,0.8978118655496845,1.0074441687347595,False,False,False,False,-0.20329475828792287,-0.20871264018725183,False,False,False,False,-33371637,-39071939.387714535,False,False,False,False,2595016.1849093563,False,False,False,False
2024-07-03 00:00:00+00:00,52.3296725986,52.7430488274,51.953876027,51.953876027,3164043,,,,,,,,,,,,,,,,,,,51.35836901890295,51.583116230363494,,,54.465070962436485,55.002436822180215,"rgba(38, 166, 154, 1.0)",0.0,0.0,1.6910320434018675,53.66908708267,-0.7920692510211045,0.0,0.0,0.0,0.0,0.0,0.0,0.0,0.0,51.60030991127776,-2.770605697380823,True,False,True,False,True,0.0,0,0.8936026935986638,1.0017957351308706,False,False,False,False,-0.1049116092010115,-0.15681212469413167,False,False,False,False,-30207594,-38724317.999961026,False,False,False,False,2617330.9619717347,False,False,False,False
2024-07-05 00:00:00+00:00,51.888111627,52.6772844274,51.8599268841,52.5269657987,2263640,,,,,,,,,,,,,,,,,,,51.39960680386642,51.603567077992906,,,54.459490976854276,54.99728855665095,"rgba(38, 166, 154, 1.0)",0.0,0.0,1.689122175647964,53.66407875313752,-1.0514142503968,0.0,0.0,0.0,0.0,0.0,0.0,0.0,0.0,51.687189030672116,-2.690039434512734,True,False,True,False,True,0.0,0,0.8859434172368226,1.0084651370029367,False,False,False,False,-0.11557046825361754,-0.1361912964738746,False,False,False,False,-32471234,-38479099.0195704,False,False,False,False,2603460.7281689215,False,False,False,False
2024-07-08 00:00:00+00:00,52.2733031129,52.3155802272,51.9069014555,51.9350861984,8095683,,,,,,,,,,,,,,,,,,,51.520911323079815,51.66859188067788,,,54.43995222205451,54.97917717791034,"rgba(38, 166, 154, 1.0)",0.0,0.0,1.6786716399476374,53.6450604443095,-0.8171683483330229,0.0,0.0,0.0,0.0,0.0,0.0,0.0,0.0,53.161366337140656,-1.2215044854713426,True,False,True,False,True,0.0,0,0.8905639307619964,1.0157453936375807,False,False,False,False,-0.1366538131522722,-0.13642255481307342,False,False,False,False,-24375551,-37926018.70507745,False,False,False,False,2818841.9937309246,False,False,False,False
2024-07-09 00:00:00+00:00,52.5175708844,52.5175708844,52.0290353413,52.1981437986,4576942,,,,,,,,,,,,,,,,,,,51.5894569669831,51.71073989029416,,,54.42996029720148,54.96972248987305,"rgba(38, 166, 154, 1.0)",0.0,0.0,1.6554750179146627,53.63775937484108,-0.6766568376562626,0.0,0.0,0.0,0.0,0.0,0.0,0.0,0.0,54.992643493778246,0.5749943494168193,True,False,True,False,True,0.0,0,0.8975372797076033,1.0187528242249373,False,False,False,False,-0.11494277572285175,-0.12568266526796257,False,False,False,False,-19798609,-37215139.89311362,False,False,False,False,2887787.0920159863,False,False,False,False
2024-07-10 00:00:00+00:00,53.145151159,53.259400857,52.4406113551,52.5358194367,4055324,,,,,,,,,,,,,,,,,,,51.681719134325775,51.7746248722075,,,54.42369662514107,54.963290979276074,"rgba(38, 166, 154, 1.0)",0.0,0.0,1.6276073203123036,53.64243121714586,-0.3055282757332671,0.0,0.0,0.0,0.0,0.0,0.0,0.0,0.0,58.1542830269872,3.5717247854313,True,False,True,False,True,0.0,0,0.890619054784712,1.0074101307594032,False,False,False,False,-0.038411506196131,-0.08204708573204678,False,False,False,False,-15743285,-36373106.36789348,False,False,False,False,2933572.8531133984,False,False,False,False
2024-07-11 00:00:00+00:00,53.6021499508,53.6307123753,53.1261095427,53.3546089386,2140722,,,,,,,,,,,,,,,,,,,51.74300406700367,51.81914410167796,,,54.42153509953501,54.96075851130023,"rgba(38, 166, 154, 1.0)",0.0,0.0,1.6082860561783985,53.649555787081,-0.02947599781698461,0.0,0.0,0.0,0.0,0.0,0.0,0.0,0.0,61.46231701977576,6.61686235692342,True,False,True,False,True,0.8386103212569367,0,0.905621407527742,0.9998915599277893,False,False,False,False,0.03489506199578503,-0.023576011868130874,False,False,False,False,-13602563,-35480143.88287805,False,False,False,False,2902480.662795226,False,False,False,False
2024-07-12 00:00:00+00:00,54.0305863181,54.1924400568,53.5735875263,53.6687956079,1772936,,,,,,,,,,,,,,,,,,,51.80398824179208,51.86456632486036,,,54.42063434277881,54.95933212297301,"rgba(38, 166, 154, 1.0)",0.0,0.0,1.5926046542575272,53.65908653340507,0.23326554000818192,0.0,0.0,0.0,0.0,0.0,0.0,0.0,0.0,64.67471357418411,9.513588202087782,True,False,True,False,True,2.255909867112912,0,0.9175533548399366,0.9851760295042955,False,False,False,False,0.11370267264936777,0.04506333039061845,False,False,False,False,-11829627,-34552672.63256911,False,False,False,False,2858184.7936660014,False,False,False,False
2024-07-15 00:00:00+00:00,54.5066267262,54.6875220813,54.0305863181,54.1733984405,3418386,,,,,,,,,,,,,,,,,,,51.936734448126714,51.96579648334187,,,54.42059052590014,54.95786252240917,"rgba(38, 166, 154, 1.0)",0.0,0.0,1.580599082844463,53.68372636633164,0.5206256088593041,0.0,0.0,0.0,0.0,0.0,0.0,0.0,0.0,67.8151156989135,12.316438973117407,True,False,True,False,True,3.7986870446201664,0,0.9335400039965122,0.9725903095354652,False,False,False,False,0.23384045708012927,0.13945189373537387,False,False,False,False,-8411241,-33527518.450899735,False,False,False,False,2880153.4684241973,False,False,False,False
2024-07-16 00:00:00+00:00,55.6110404729,55.6205612811,54.201960865,54.3733354119,2350704,,,,,,,,,,,,,,,,,,,52.045366592730716,52.0504708271554,,,54.4223468850297,54.95820419304956,"rgba(38, 166, 154, 1.0)",0.0,0.0,1.5653255315413566,53.70740218900876,1.2161293261579598,0.0,0.0,0.0,0.0,0.0,0.0,0.0,0.0,71.71536504104053,15.809997894603342,True,False,True,False,True,7.20261486670249,0,0.954034810636408,0.9456803108160637,False,False,False,False,0.3428282370806343,0.2411400654080041,False,False,False,False,-6060537,-32450381.923413474,False,False,False,False,2859390.744172268,False,False,False,False
2024-07-17 00:00:00+00:00,55.6491237056,55.8443002729,55.1730832975,55.2778121873,3888917,,,,,,,,,,,,,,,,,,,52.23158956983523,52.19841319920928,,,54.42687687401484,54.9600074974085,"rgba(38, 166, 154, 1.0)",0.0,0.0,1.556939044387158,53.751268913597514,1.2189653787952353,0.0,0.0,0.0,0.0,0.0,0.0,0.0,0.0,74.36929440423043,18.124380550594367,True,False,True,False,True,7.316469647320094,0,1.0681734857655905,0.9199585382306599,False,False,False,False,0.34282823920714306,0.2919841523075736,False,False,False,False,-2171620,-31262979.495044317,False,False,False,False,2899764.3228321793,False,False,False,False
2024-07-18 00:00:00+00:00,55.3063746118,56.025195628,55.0588335996,55.6967277464,2081041,,,,,,,,,,,,,,,,,,,52.32080882262427,52.27053107637009,,,54.42908965778873,54.96081956850058,"rgba(38, 166, 154, 1.0)",0.0,0.0,1.5446787511876665,53.77269094445835,0.9928819608364801,0.0,0.0,0.0,0.0,0.0,0.0,0.0,0.0,74.21798124104039,18.124380550594367,True,False,True,False,True,6.06622583394757,0,1.064733921130507,0.848246688907509,False,False,False,False,0.34282823931049566,0.3174061958090346,False,False,False,False,-4252661,-30203751.31876807,False,False,False,False,2867657.5258583687,False,False,False,False
2024-07-19 00:00:00+00:00,55.1254792567,55.5238298702,55.0397919832,55.2492497628,1211909,,,,,,,,,,,,,,,,,,,52.366833849072016,52.30811143769665,,,54.43008369520103,54.96107189920838,"rgba(38, 166, 154, 1.0)",0.0,0.0,1.5454062111533249,53.7836038884321,0.8682994532980868,0.0,0.0,0.0,0.0,0.0,0.0,0.0,0.0,73.12439894650451,18.124380550594367,True,False,True,False,True,5.408514927440848,0,1.0450347434346203,0.8592900896036424,False,False,False,False,0.3040084943980163,0.3107073451035255,False,False,False,False,-5464570,-29233587.34548305,False,False,False,False,2802726.211118825,False,False,False,False
2024-07-22 00:00:00+00:00,55.4206243097,55.4661337727,55.0302711751,55.1921249138,1953016,,,,,,,,,,,,,,,,,,,52.43990465657017,52.368228412564505,,,54.4318321369697,54.961592267436494,"rgba(38, 166, 154, 1.0)",0.0,0.0,1.5478105316976567,53.80134195924685,1.046176077298755,0.0,0.0,0.0,0.0,0.0,0.0,0.0,0.0,73.04862961349457,18.124380550594367,True,False,True,False,True,6.335998477457178,0,1.0441128298264815,0.8684190512815321,False,False,False,False,0.2990608715264731,0.3048841083149993,False,False,False,False,-3511554,-28224880.15546411,False,False,False,False,2769404.242055341,False,False,False,False
2024-07-23 00:00:00+00:00,55.2682913791,55.5443948158,55.1064376404,55.3825410771,2125542,,,,,,,,,,,,,,,,,,,52.51542830395525,52.430989211695035,,,54.433728628957574,54.96215796663029,"rgba(38, 166, 154, 1.0)",0.0,0.0,1.543446869086297,53.820005902672506,0.9383448860049597,0.0,0.0,0.0,0.0,0.0,0.0,0.0,0.0,72.10211192944433,18.124380550594367,True,False,True,False,True,5.76907112244022,0,1.0262649294587438,0.8723491534589837,False,False,False,False,0.31044942228560346,0.30766676530030135,False,False,False,False,-5637096,-27339084.698387083,False,False,False,False,2744154.7423668965,False,False,False,False
2024-07-24 00:00:00+00:00,54.7160845057,55.434905522,54.6922824853,55.0683544077,2624780,,,,,,,,,,,,,,,,,,,52.59207193996294,52.49566984618478,,,54.43510146729431,54.96212884865632,"rgba(38, 166, 154, 0.75)",0.0,0.0,1.53871285293865,53.8383432410595,0.57043863834905,0.0,0.0,0.0,0.0,0.0,0.0,0.0,0.0,68.47112781077563,18.124380550594367,True,False,True,False,False,3.7389763631523714,0,1.0098865960889674,0.8909294224691572,False,False,False,False,0.27212892765076524,0.2898978464755333,False,False,False,False,-8261876,-26590958.867077786,False,False,False,False,2739473.379921136,False,False,False,False
2024-07-25 00:00:00+00:00,55.1159584485,55.3539786526,54.4590226854,54.6684804649,1515538,,,,,,,,,,,,,,,,,,,52.634675762682754,52.531941997432405,,,54.43593478230993,54.96214539748841,"rgba(38, 166, 154, 0.75)",0.0,0.0,1.5369657758405157,53.848753387565374,0.8244848915010069,0.0,0.0,0.0,0.0,0.0,0.0,0.0,0.0,67.24843376578829,23.035103607094882,True,False,True,False,False,5.038327779836827,0,0.9968086857925132,0.9034197713234312,False,False,False,False,0.2495120945528662,0.2697049705141997,False,False,False,False,-6746338,-25812738.440917872,False,False,False,False,2691475.9140418754,False,False,False,False
2024-07-26 00:00:00+00:00,55.4206243097,55.553915624,55.0683544077,55.2682913791,1248021,,,,,,,,,,,,,,,,,,,52.67401726526629,52.565442360347696,,,54.4370892764489,54.96251522462253,"rgba(38, 166, 154, 0.75)",0.0,0.0,1.535429667201019,53.8589964556714,1.017062446680048,0.0,0.0,0.0,0.0,0.0,0.0,0.0,0.0,67.27865239245577,22.85741019915244,True,False,True,False,False,6.016231494176786,0,1.011363985705521,0.9023118255328221,False,False,False,False,0.30833722174923117,0.28902109613171545,False,False,False,False,-5498317,-25016094.462842662,False,False,False,False,2634869.8389814096,False,False,False,False
2024-07-29 00:00:00+00:00,54.9921879424,55.6586445138,54.906500669,55.5824780485,1991083,,,,,,,,,,,,,,,,,,,52.73081367050714,52.61425393004144,,,54.43859877762117,54.96285642469331,"rgba(38, 166, 154, 0.75)",0.0,0.0,1.5464691513488393,53.873669254027504,0.7232725511510645,0.0,0.0,0.0,0.0,0.0,0.0,0.0,0.0,65.04787700635046,20.51318390989077,True,False,True,False,False,4.423216565871947,0,1.0097598885602908,0.8938169585499904,False,False,False,False,0.30412078851957747,0.29657094232564646,False,False,False,False,-7489400,-24328773.111358635,False,False,False,False,2609623.2962762564,False,False,False,False
2024-07-30 00:00:00+00:00,56.2108513871,56.439350783,55.0207503669,55.1921249138,1900480,,,,,,,,,,,,,,,,,,,52.797565273857856,52.67148582242498,,,54.44138716930233,54.96420734568994,"rgba(38, 166, 154, 0.75)",0.0,0.0,1.5812543792228981,53.89250986964231,1.4661407727433646,0.0,0.0,0.0,0.0,0.0,0.0,0.0,0.0,66.69840068891662,20.51318390989077,True,False,True,False,False,8.233670281126422,0,1.006368150251661,0.874932493189728,False,False,False,False,0.34282823986834393,0.3196995910969952,False,False,False,False,-5588920,-23593876.9109132,False,False,False,False,2581813.755245815,False,False,False,False
2024-07-31 00:00:00+00:00,56.201330579,56.6583293707,56.1822889627,56.3917467422,1867336,,,,,,,,,,,,,,,,,,,52.86975522484584,52.733516853223065,,,54.44497736696966,54.966183990820255,"rgba(38, 166, 154, 0.75)",0.0,0.0,1.61937184814565,53.998495462552526,1.3603022177827473,0.0,0.0,0.0,0.0,0.0,0.0,0.0,0.0,67.75095812072243,20.51318390989077,True,False,True,False,False,8.197861384114447,0,1.0369355695430043,0.8763156241955806,False,False,False,False,0.34282824160506314,0.33126391635102914,False,False,False,False,-7456256,-22961029.032053858,False,False,False,False,2553795.019745979,False,False,False,False
2024-08-01 00:00:00+00:00,55.3063746118,56.1822889627,54.9874275384,56.0489976484,1898989,,,,,,,,,,,,,,,,,,,52.922888539857176,52.78005817731255,,,54.446979297976114,54.9669471242061,"rgba(38, 166, 154, 0.75)",0.0,0.0,1.637357153758598,53.991779210848485,0.8028763901228442,0.0,0.0,0.0,0.0,0.0,0.0,0.0,0.0,64.38302165441442,19.676474685069024,True,False,True,False,False,4.900670409998938,0,1.00353086594763,0.8904151443348327,False,False,False,False,0.23908454655874273,0.28517423145488596,False,False,False,False,-9355245,-22427468.8739341,False,False,False,False,2528116.35230496,False,False,False,False
2024-08-02 00:00:00+00:00,53.9734614691,54.8874590527,53.7354412651,54.8303342037,4197931,,,,,,,,,,,,,,,,,,54.198787262299994,52.97758860202335,52.83107022102799,,,54.44593469947771,54.9644906343699,"rgba(38, 166, 154, 0.75)",0.0,0.0,1.638460220233407,53.95807605164562,0.009390168442533592,0.0,0.0,0.0,0.0,0.0,0.0,0.0,0.0,57.86042345127831,13.583261019913124,True,False,True,False,False,0.3617061016976493,0,0.9713760041000514,0.9142036456496517,False,False,False,False,0.08950596385582416,0.18734009765535506,False,False,False,False,-13553176,-22079457.388681784,False,False,False,False,2593599.2796655498,False,False,False,False
2024-08-05 00:00:00+00:00,53.1356303509,53.4402962121,51.5646970042,52.2692368082,2363981,,,,,,,,,,,,,,,,,52.71354118906667,53.663715548834745,52.97136413921166,52.82873772266525,,,54.44183842850432,54.96044434999498,#000000,0.0,0.0,1.638447174578235,53.82970525174236,-0.4236175029695581,0.0,0.0,0.0,0.0,0.0,0.0,0.0,0.0,51.51954289682893,7.9100031750253805,False,False,False,False,False,0.0,0,0.940270138750563,0.9273909625607728,False,False,False,False,-0.11777100047301002,0.03478454859117252,False,False,False,False,-15917157,-21837798.54990995,False,False,False,False,2584594.641247293,False,False,False,False
2024-08-06 00:00:00+00:00,53.4307754039,53.6887893051,52.7595584285,53.1165887346,5039987,,,,,,,,,,,,,,,,,53.10801503668538,53.50269064451877,52.98675735191848,52.847585743611845,,,54.436076243890476,54.95407851284999,"rgba(239, 83, 80, 0.5)",0.0,0.0,1.6373924628929912,53.82700981507353,-0.24199110485304934,0.0,0.0,0.0,0.0,0.0,0.0,0.0,0.0,48.29422095679191,5.2395721594593425,False,False,False,True,False,0.0,0,1.000107306406352,0.9275928287761863,False,False,False,False,-0.034862104927208676,-3.8778168018078346e-05,False,False,False,False,-10877170,-21407969.979325246,False,False,False,False,2680884.5376689676,False,False,False,False
2024-08-07 00:00:00+00:00,53.202276008,54.2210024813,53.0880263101,53.8211285385,1682093,,,,,,,,,,,,,,,,,53.18128041951106,53.5028270990074,52.99488469152881,52.856357059740155,,,54.43451813680439,54.95223288835387,"rgba(239, 83, 80, 1.0)",0.0,0.0,1.6299904831976535,53.8279908349959,-0.3838763682646782,0.0,0.0,0.0,0.0,0.0,0.0,0.0,0.0,45.583707344529124,2.947349179026986,False,True,False,True,False,0.0,0,0.9984527313769804,0.9169981113518989,False,False,False,False,0.014277582707590056,0.007119402269785989,False,False,False,False,-12559263,-21060961.862488963,False,False,False,False,2641716.242074106,False,False,False,False
2024-08-08 00:00:00+00:00,53.9544198528,54.0972319752,53.3355673223,53.4783794447,1019777,,,,,,,,,,,,,,,,,53.24328531794476,53.52371009499263,53.002444981920604,52.86390854792213,,,54.433871584676915,54.95134133819405,"rgba(239, 83, 80, 1.0)",0.0,0.0,1.618812866888789,53.831550860765745,0.0759006766918026,0.0,0.0,0.0,0.0,0.0,0.0,0.0,0.0,46.309461907511846,2.947349179026986,False,True,False,True,False,0.403604342490528,0,1.0015584199073422,0.9106126242892215,False,False,False,False,0.02134423180918949,0.01423181703948774,False,False,False,False,-11539486,-20687570.65219528,False,False,False,False,2578110.7816006118,False,False,False,False
2024-08-09 00:00:00+00:00,54.3066897548,54.3638146038,53.7544828814,54.0115447018,827513,,,,,,,,,,,,,,,,,53.3112808231962,53.55750522066718,53.01110555426291,52.87218955283526,,,54.43363177858728,54.95083514819252,"rgba(239, 83, 80, 1.0)",0.0,0.0,1.6045382408731026,53.83708894722109,0.2926703743273675,0.0,0.0,0.0,0.0,0.0,0.0,0.0,0.0,47.86251087107259,2.947349179026986,False,True,False,True,False,1.518561514578888,0,1.027728936166798,0.878007253223275,False,False,False,False,0.06054063510988926,0.0373862260746885,False,False,False,False,-10711973,-20296370.74426605,False,False,False,False,2509459.8882045094,False,False,False,False
2024-08-12 00:00:00+00:00,54.3923770282,54.730365718,54.259085714,54.4590226854,1237136,,,,,,,,,,,,,,,,,53.428110648123806,53.625762446216044,53.027394535457134,52.88743205154874,,,54.43366483696422,54.950377392588535,#000000,0.0,0.0,1.5949410703908646,53.8483536822936,0.3410930698355407,0.0,0.0,0.0,0.0,0.0,0.0,0.0,0.0,49.16205652281789,2.947349179026986,False,False,False,False,False,1.7901582336529458,0,1.0375743087373113,0.874590791523678,False,False,False,False,0.11063837201501504,0.07401229904485176,False,False,False,False,-9474837,-19871996.871941894,False,False,False,False,2459564.833765117,False,False,False,False
2024-08-13 00:00:00+00:00,55.0207503669,55.1730832975,54.6589596568,54.7351261221,2512995,,,,,,,,,,,,,,,,,53.68873276753806,53.802133897805724,53.070323159710824,52.9268855305831,,,54.43494919212443,54.950378440862295,#000000,0.0,0.0,1.5858353942184573,53.878567443467986,0.7202405291218235,0.0,0.0,0.0,0.0,0.0,0.0,0.0,0.0,51.8831831373295,2.947349179026986,False,False,False,False,True,3.7605067093236535,0,1.0336719152207734,0.8728047626796458,False,False,False,False,0.15962328654636979,0.11681779279561078,False,False,False,False,-6961842,-19365716.28872849,False,False,False,False,2461660.134401779,False,False,False,False
2024-08-14 00:00:00+00:00,55.1350000649,55.1921249138,54.8208133955,55.0969168322,1169855,,,,,,,,,,,,,,,,,53.789133165499386,53.8748982967737,53.090672095801416,52.94560984210858,,,54.43565850061978,54.950465556029684,"rgba(38, 166, 154, 0.5)",0.0,0.0,1.5731036210235232,53.891724624565214,0.7903328323189927,0.0,0.0,0.0,0.0,0.0,0.0,0.0,0.0,54.01803128691361,-3.334614529688352,False,False,True,False,True,4.114457167269467,0,1.0403443791981897,0.8760820191185745,False,False,False,False,0.17023164183356063,0.14352471731458571,False,False,False,False,-5791987,-18833413.17936659,False,False,False,False,2411001.1095232777,False,False,False,False
2024-08-15 00:00:00+00:00,55.7157693627,56.0681344728,55.3254162281,55.3254162281,1565212,,,,,,,,,,,,,,,,,53.96112075900626,54.00727571031371,53.12612490639219,52.97777850309022,,,54.43761333822882,54.95135121067024,"rgba(38, 166, 154, 0.5)",0.0,0.0,1.5725713849667715,53.91613883043395,1.14438717979348,0.0,0.0,0.0,0.0,0.0,0.0,0.0,0.0,56.998119292448095,-0.3602907859819098,False,False,True,False,True,5.895404590166276,0,1.0542595179217638,0.8435982073220536,False,False,False,False,0.2526483551817815,0.19808653624818362,False,False,False,False,-4226775,-18260603.83899927,False,False,False,False,2377832.909149816,False,False,False,False
2024-08-16 00:00:00+00:00,56.1537265382,56.1822889627,55.6872069382,55.7538525954,1195429,,,,,,,,,,,,,,,,,54.09255902354948,54.11210753290598,53.15568554420283,53.004536491302126,,,54.439460711780384,54.952299762473054,"rgba(38, 166, 154, 1.0)",0.0,0.0,1.582593737159155,53.93616273205826,1.401221143540219,0.0,0.0,0.0,0.0,0.0,0.0,0.0,0.0,60.034201890111106,2.6231822488961,True,False,True,False,True,7.206053191257279,0,1.0470951065287244,0.8463579112162755,False,False,False,False,0.2818017158047495,0.23994412602646656,False,False,False,False,-3031346,-17663378.04139146,False,False,False,False,2331464.1283988426,False,False,False,False
2024-08-19 00:00:00+00:00,56.5726420973,56.8392247258,56.1727681545,56.1918097708,1259686,,,,,,,,,,,,,,,,,54.24694210691005,54.23854421242118,53.19175188779893,53.03702485472852,,,54.44204717835774,54.95378945506238,"rgba(38, 166, 154, 1.0)",0.0,0.0,1.6149120126468854,53.96086555824439,1.6172872073536877,0.0,0.0,0.0,0.0,0.0,0.0,0.0,0.0,62.985603756898534,5.497961198217624,True,False,True,False,True,8.438229833741591,0,1.0507260846091253,0.8365045606554915,False,False,False,False,0.3428282417921445,0.29138618390930554,False,False,False,False,-1771660,-17040173.412317283,False,False,False,False,2289433.6135596726,False,False,False,False
2024-08-20 00:00:00+00:00,56.5821629055,56.6488085626,56.1918097708,56.258455428,994170,,,,,,,,,,,,,,,,,54.3530543675468,54.32721822556606,53.21922456111885,53.0618556630628,,,54.44403127863449,54.954922944095564,"rgba(38, 166, 154, 1.0)",0.0,0.0,1.6542839751652798,53.97889376310229,1.573653122123494,0.0,0.0,0.0,0.0,0.0,0.0,0.0,0.0,64.97444214160862,7.4758427625916894,True,False,True,False,True,8.466274168818142,0,1.0636270087590411,0.8354573320048214,False,False,False,False,0.3320497779197518,0.3117179809145287,False,False,False,False,-777490,-16402421.121638175,False,False,False,False,2238638.962047529,False,False,False,False
2024-08-21 00:00:00+00:00,56.8963495748,56.9296724034,56.6059649259,56.6107253299,1544348,,,,,,,,,,,,,,,,,54.52239985552198,54.47134771090776,53.265317882902394,53.10345751416115,,,54.44761514038217,54.95706947946305,"rgba(38, 166, 154, 1.0)",0.0,0.0,1.6928657500821795,54.0090016972639,1.7055976691571293,0.0,0.0,0.0,0.0,0.0,0.0,0.0,0.0,67.01643177196465,9.548352114601833,True,False,True,False,True,9.397021298537904,0,1.0910388025819655,0.8206278069471346,False,False,False,False,0.3428282423313715,0.3272731116229501,False,False,False,False,766858,-15729116.058044521,False,False,False,False,2211411.865496645,False,False,False,False
2024-08-22 00:00:00+00:00,55.6491237056,56.5631212891,54.1924400568,56.1061224974,4813668,,,,,,,,,,,,,,,,55.4682283505,54.68962711783937,54.62405538267471,53.35005283202793,53.18252016335812,,,54.45240991006564,54.95890578503298,"rgba(38, 166, 154, 0.75)",0.0,0.0,1.7030740672513853,54.0505826899017,0.9386209598495047,0.0,0.0,0.0,0.0,0.0,0.0,0.0,0.0,62.8785033252852,9.548352114601833,True,False,True,False,False,4.871062429434886,0,1.0305198139879033,0.8257707773499301,False,False,False,False,0.18231310582909516,0.2547931087260226,False,False,False,False,-4046810,-15270986.408709442,False,False,False,False,2313461.1256732475,False,False,False,False
2024-08-23 00:00:00+00:00,56.5059964402,57.0772449299,55.6107548487,55.791935828,1901031,,,,,,,,,,,,,,,,55.731460154719535,54.80112781070406,54.72525089170741,53.395660556197655,53.22442307719841,,,54.45601292186824,54.96094458795964,"rgba(38, 166, 154, 0.75)",0.0,0.0,1.7335977539112952,54.0763615291331,1.4014986496061288,0.0,0.0,0.0,0.0,0.0,0.0,0.0,0.0,62.37753792907613,9.548352114601833,True,False,True,False,False,7.412023810415931,0,1.0614868724532425,0.8354936596017811,False,False,False,False,0.2924224157743219,0.27360776225017225,False,False,False,False,-2145779,-14756272.392681621,False,False,False,False,2297287.395254689,False,False,False,False
2024-08-26 00:00:00+00:00,56.3441427014,56.8011414932,56.2965386606,56.8011414932,1220524,,,,,,,,,,,,,,,,55.84668722004097,54.868673797347995,54.78726953913032,53.425015660596465,53.25144064378715,,,54.45841725024881,54.962325595265064,"rgba(38, 166, 154, 0.75)",0.0,0.0,1.7636465197437488,54.092775600748475,1.2765410049280415,0.0,0.0,0.0,0.0,0.0,0.0,0.0,0.0,61.428435915854884,9.548352114601833,True,False,True,False,False,6.840480283258948,0,1.1077636931268173,0.8266122128699371,False,False,False,False,0.3165898693187043,0.2950988157844383,False,False,False,False,-3366303,-14309606.926301949,False,False,False,False,2255061.379754505,False,False,False,False
2024-08-27 00:00:00+00:00,56.8297039177,56.905870383,56.0489976484,56.2965386606,1143758,,,,,,,,,,,,,,,,55.94094069772016,54.93136872574253,54.84519880404571,53.45303164061171,53.27723660852462,,,54.46079218225031,54.96371467904085,"rgba(38, 166, 154, 0.75)",0.0,0.0,1.803720071301753,54.10843496409326,1.5086980496052176,0.0,0.0,0.0,0.0,0.0,0.0,0.0,0.0,62.01336489569049,9.548352114601833,True,False,True,False,False,8.257437658562147,0,1.1115603651905719,0.8058238438295334,False,False,False,False,0.30812585680741666,0.3016123362959275,False,False,False,False,-2222545,-13835604.49781952,False,False,False,False,2211480.8550582505,False,False,False,False
2024-08-28 00:00:00+00:00,56.5821629055,57.0010784646,56.2965386606,56.6583293707,1667697,,,,,,,,,,,,,,,,56.0473420303478,55.01662862338291,54.92472454086222,53.49340893462067,53.31449698483645,,,54.46429694555559,54.96577517563022,"rgba(38, 166, 154, 0.75)",0.0,0.0,1.8376157415363281,54.13074242646904,1.3340223549573327,0.0,0.0,0.0,0.0,0.0,0.0,0.0,0.0,61.38859105420507,9.548352114601833,True,False,True,False,False,7.366681305475584,0,1.1165980866198237,0.8026060997444375,False,False,False,False,0.32828092801861136,0.3149466321572694,False,False,False,False,-3890242,-13445590.282218754,False,False,False,False,2190155.997997143,False,False,False,False
2024-08-29 00:00:00+00:00,56.6012045218,57.1391301829,56.2489346198,56.6773709871,1570644,,,,,,,,,,,,,,,,56.12585913823779,55.09108993238285,54.994864094741004,53.530940213841156,53.3492171873257,,,54.46764292793865,54.967753637889885,"rgba(38, 166, 154, 0.75)",0.0,0.0,1.8705323976224826,54.15124556191271,1.3097655849218548,0.0,0.0,0.0,0.0,0.0,0.0,0.0,0.0,61.02602340832798,9.548352114601833,True,False,True,False,False,7.423430878447984,0,1.1112035785425882,0.8076478147226477,False,False,False,False,0.333792816577631,0.3243697243674502,False,False,False,False,-2319598,-13009276.859386647,False,False,False,False,2165861.4098403924,False,False,False,False
2024-08-30 00:00:00+00:00,57.0486825054,57.1629322033,56.6012045218,56.6964126034,1088916,,,,,,,,,,,,,,,,56.19179296638255,55.147225890834456,55.047729564437226,53.55867810432351,53.37482811612887,,,54.470246014122694,54.96934425256784,"rgba(38, 166, 154, 0.75)",0.0,0.0,1.9118287438669517,54.16668014324186,1.5074584328766136,0.0,0.0,0.0,0.0,0.0,0.0,0.0,0.0,62.04128360767352,9.548352114601833,True,False,True,False,False,8.756302291249963,0,1.115965740486511,0.8012391101367969,False,False,False,False,0.34282824236205556,0.3335989833647529,False,False,False,False,-1230682,-12547371.178626386,False,False,False,False,2123628.256513318,False,False,False,False
2024-09-03 00:00:00+00:00,56.3155802769,56.7963810891,56.1394453259,56.5345588646,1329462,,,,,,,,,,,,,,,,56.212123484815294,55.19267388310119,55.091762396466585,53.58681402774008,53.40110915174898,,,54.47274787080433,54.970770158227346,"rgba(38, 166, 154, 0.5)",0.0,0.0,1.9361191662474024,54.18124075612926,1.1023802449657718,0.0,0.0,0.0,0.0,0.0,0.0,0.0,0.0,59.59654809512908,9.548352114601833,False,False,True,False,False,6.082757787830666,0,1.1002765699464774,0.8052030973314606,False,False,False,False,0.29056808945783696,0.31208353641129494,False,False,False,False,-2560144,-12155715.210837116,False,False,False,False,2092484.48174809,False,False,False,False
2024-09-04 00:00:00+00:00,56.3346218932,56.734495836,56.1299245178,56.3155802769,1189235,,,,,,,,,,,,,,,,56.226129800261646,55.23011579116557,55.12833041167078,53.61136468899112,53.424102515051075,,,54.47496035672214,54.972027922314595,"rgba(38, 166, 154, 0.5)",0.0,0.0,1.9596739237455758,54.19381962256965,1.0924277986710063,0.0,0.0,0.0,0.0,0.0,0.0,0.0,0.0,58.0295099232604,13.563350304799314,False,False,True,False,False,6.141014200512917,0,1.0950578195098686,0.8270120004156641,False,False,False,False,0.2861379884280218,0.2991107624196584,False,False,False,False,-1370909,-11732781.633941542,False,False,False,False,2057062.9334442434,False,False,False,False
2024-09-05 00:00:00+00:00,57.6199309951,57.8865136236,56.5345588646,56.7059334116,2277815,,,,,,,,,,,,,,,,56.366390892612415,55.34883747827604,55.24110431574183,53.672787433899515,53.480884916094794,,,54.48126268830208,54.97602527105558,"rgba(38, 166, 154, 0.5)",0.0,0.0,2.010410117234886,54.228349362748574,1.6870098311165482,0.0,0.0,0.0,0.0,0.0,0.0,0.0,0.0,60.53197081868269,13.563350304799314,False,False,True,False,False,9.929599132010143,0,1.087600098585092,0.7985350778202256,False,False,False,False,0.3428282422778484,0.32096950234875343,False,False,False,False,906906,-11237107.60908109,False,False,False,False,2065719.8772307436,False,False,False,False
2024-09-06 00:00:00+00:00,57.4771188727,58.438720497,56.9725160401,57.6104101869,1998789,,,,,,,,,,,,,,,,56.491361185942324,55.45580928733336,55.34308325650304,53.72906314619261,53.53291707053525,,,54.487313094022,54.97993843403445,"rgba(38, 166, 154, 1.0)",0.0,0.0,2.0544234272800908,54.26023078397958,1.565834990978148,0.0,0.0,0.0,0.0,0.0,0.0,0.0,0.0,61.58799903698754,13.563350304799314,True,False,True,False,True,9.403089688208254,1,1.1086483173688393,0.7818700445105282,False,False,False,False,0.34282824245638627,0.3318988724025699,False,False,False,False,-1091883,-10839255.66362693,False,False,False,False,2063095.1369471853,False,False,False,False
2024-09-09 00:00:00+00:00,58.5244077705,58.5529701949,57.5056812971,57.5056812971,1397765,,,,,,,,,,,,,,,,56.60156762941294,55.54278296222449,55.42575185992804,53.77303860770554,53.57344628000504,,,54.49228857280496,54.98325006792578,"rgba(38, 166, 154, 1.0)",0.0,0.0,2.123718478573683,54.28574928856934,1.9958664600297655,0.0,0.0,0.0,0.0,0.0,0.0,0.0,0.0,64.5232343978986,9.147954306463447,True,False,True,False,True,12.311209738874297,1,1.1072827117459014,0.7891526978976944,False,False,False,False,0.3428282429178047,0.33736355766018733,False,False,False,False,305882,-10402191.441523913,False,False,False,False,2037003.7590276878,False,False,False,False
2024-09-10 00:00:00+00:00,58.143575444,58.790990399,57.6770558441,58.790990399,1489505,,,,,,,,,,,,,,,,56.70493559417742,55.62989553194559,55.509013759711145,53.81905580108552,53.61595440970545,,,54.497589528187575,54.986781994696166,"rgba(38, 166, 154, 1.0)",0.0,0.0,2.174353375862966,54.31227108842884,1.7620430966289367,0.0,0.0,0.0,0.0,0.0,0.0,0.0,0.0,64.868215395072,9.60024263762368,True,False,True,False,True,10.898170918422153,1,1.1064955089356223,0.78983754190576,False,False,False,False,0.3428282432719022,0.34009590046604476,False,False,False,False,-1183623,-10040678.953621015,False,False,False,False,2015533.2194579747,False,False,False,False
2024-09-11 00:00:00+00:00,58.7624279745,58.9242817132,57.8103471583,58.0007633216,1615611,,,,,,,,,,,,,,,,56.82226442854916,55.72827672149767,55.60315249567769,53.871188094941125,53.66409763083816,,,54.50377869854055,54.99095485690357,"rgba(38, 166, 154, 1.0)",0.0,0.0,2.226308249407145,54.34253710622336,1.985300494418791,0.0,0.0,0.0,0.0,0.0,0.0,0.0,0.0,66.35372144804342,11.182808078045227,True,False,True,False,True,12.573425754653982,1,1.1135685508148483,0.7911028748356154,False,False,False,False,0.34282824343774115,0.34146207195189293,False,False,False,False,431988,-9629986.131910386,False,False,False,False,1999849.995165505,False,False,False,False
2024-09-12 00:00:00+00:00,58.9242817132,59.0099689867,58.2340231215,58.7243447419,1230267,,,,,,,,,,,,,,,,56.912418377637735,55.80447630798624,55.67619393140004,53.91199567772978,53.70179338263848,,,54.50874206128836,54.9943280312804,"rgba(38, 166, 154, 1.0)",0.0,0.0,2.2926849460429617,54.36631978729987,1.9880454720858627,0.0,0.0,0.0,0.0,0.0,0.0,0.0,0.0,67.65594807716397,12.587554656301613,True,False,True,False,True,13.00581106395343,0,1.1225276333338672,0.7900794775228162,False,False,False,False,0.3428282430394847,0.34214515749568886,False,False,False,False,1662255,-9187153.146345273,False,False,False,False,1969670.269864897,False,False,False,False
2024-09-13 00:00:00+00:00,59.2194267663,59.381280505,58.9623649459,59.029010603,2180774,,,,,,,,,,,,,,,,57.088899738150474,55.95049590497645,55.81612450461326,53.98949932413691,53.77331162609724,,,54.51847902341119,55.001036115317994,"rgba(38, 166, 154, 1.0)",0.0,0.0,2.3540280476014703,54.41199341423586,2.0422158338183185,0.0,0.0,0.0,0.0,0.0,0.0,0.0,0.0,69.09565924764802,14.119273011169156,True,False,True,False,True,13.794630581225675,0,1.1233999858556625,0.7964532368423087,False,False,False,False,0.34282824392535755,0.34248670071052323,False,False,False,False,3843029,-8676165.611194476,False,False,False,False,1977948.847517254,False,False,False,False
2024-09-16 00:00:00+00:00,59.9049249539,59.971570611,59.324155656,59.4764885866,1030128,,,,,,,,,,,,,,,,57.182372843263096,56.02608160801288,55.888501857335676,54.02908498809546,53.809790977335744,,,54.52360043032821,55.00460950586237,"rgba(38, 166, 154, 1.0)",0.0,0.0,2.4182594021106087,54.43559070796349,2.2616822004963497,0.0,0.0,0.0,0.0,0.0,0.0,0.0,0.0,71.25484589063765,16.300654262967058,True,False,True,False,True,15.586300439623326,0,1.1316469246516707,0.778674498148975,False,False,False,False,0.34282824458794636,0.3426574726492348,False,False,False,False,4873157,-8144819.626441752,False,False,False,False,1940779.4025165774,False,False,False,False
2024-09-17 00:00:00+00:00,59.8763625294,60.1524659661,59.7192691948,59.9810914192,1492434,,,,,,,,,,,,,,,,57.31553439584802,56.13551558784768,55.993497830686216,54.087281783260906,53.86346045417419,,,54.531261690256734,55.009976424428146,"rgba(38, 166, 154, 1.0)",0.0,0.0,2.4792445667567544,54.47031402027403,2.180522479150952,0.0,0.0,0.0,0.0,0.0,0.0,0.0,0.0,72.5469321969083,17.6380960672673,True,False,True,False,True,15.473696526853711,0,1.140056207513648,0.76667420715831,False,False,False,False,0.3428282447494706,0.3427428586993527,False,False,False,False,3380723,-7692837.562659722,False,False,False,False,1923197.2298688686,False,False,False,False
2024-09-18 00:00:00+00:00,59.5907382846,60.1905491988,59.5193322234,59.8763625294,1335906,,,,,,,,,,,,,,,,57.41795403480005,56.224713958177524,56.07954301759354,54.13709913484803,53.90954272540889,,,54.53791153852244,55.014624761003994,"rgba(38, 166, 154, 1.0)",0.0,0.0,2.5380311186791835,54.49979541034386,2.0058630632178853,0.0,0.0,0.0,0.0,0.0,0.0,0.0,0.0,71.8941595031644,17.6380960672673,True,False,True,False,True,14.340479319389708,0,1.132105554138594,0.7713974381387669,False,False,False,False,0.33478595548795526,0.33876440709365396,False,False,False,False,2044817,-7310968.756280909,False,False,False,False,1900166.20124656,False,False,False,False
2024-09-19 00:00:00+00:00,61.32352537,61.5044207251,60.2000700069,60.2952780885,3234638,,,,,,,,,,,,,,,,57.747897293008464,56.49330694380143,56.33749262843454,54.28001638546864,54.04124536157732,,,54.55775240405237,55.02877506388918,"rgba(38, 166, 154, 1.0)",0.0,0.0,2.636789248862016,54.58632782946394,2.55507623274924,0.0,0.0,0.0,0.0,0.0,0.0,0.0,0.0,74.27740289260609,19.495412553517795,True,False,True,False,True,18.705449106881282,0,1.12128910565211,0.7510493313186102,False,False,False,False,0.3428282455449761,0.340796326319315,False,False,False,False,5279455,-6817226.648191462,False,False,False,False,1952498.428648656,False,False,False,False
2024-09-20 00:00:00+00:00,61.4663374924,61.7995657781,60.8189225374,61.32352537,2744839,,,,,,,,,,,,,,,,58.00924552977539,56.71466988748595,56.55108677076287,54.402820013198095,54.15469139706693,,,54.57540783983038,55.041434591468985,"rgba(38, 166, 154, 1.0)",0.0,0.0,2.7347423235488737,54.99415229996059,2.366652659267898,-1.0,61.799564,60.818924,828.0,0.0,0.0,0.0,0.0,76.0436671969291,21.25661989901289,True,False,True,False,True,19.044076533768376,0,1.1185431799897472,0.7553470540778503,False,False,False,False,0.34282824600527884,0.3418122861622969,False,False,False,False,8024294,-6235206.230615326,False,False,False,False,1983570.6079173363,False,True,False,False
2024-09-23 00:00:00+00:00,60.8189225374,61.5615455741,60.7617976885,61.4568166843,3668311,,,,,,,,,,,,,,,,58.27701381816945,56.96288032349351,56.79282080803762,54.55332412975798,54.294551669689355,,,54.59777488098571,55.057437333519985,"rgba(38, 166, 154, 1.0)",0.0,0.0,2.8084364031280318,55.07373764000398,2.0456880885737836,0.0,0.0,0.0,0.0,0.0,0.0,0.0,0.0,74.23903869296433,21.25661989901289,True,False,True,False,True,16.498071315028557,0,1.1069762768142892,0.7739053249484648,False,False,False,False,0.3304672208944381,0.3361397535283675,False,False,False,False,4355983,-5819865.476473549,False,False,False,False,2049638.8585872445,False,False,False,False
2024-09-24 00:00:00+00:00,60.733235264,61.0569427415,60.7141936477,60.9522138517,1358579,,,,,,,,,,,,,,,,58.35786346508679,57.04332223494801,56.871730176302925,54.605579533035296,54.34333415955254,,,54.60574764948109,55.06313280015167,"rgba(38, 166, 154, 0.75)",0.0,0.0,2.8745360308581693,55.10123187179509,1.959273890375804,0.0,0.0,0.0,0.0,0.0,0.0,0.0,0.0,72.65680588037134,21.25661989901289,True,False,True,False,False,16.164750594301246,0,1.0965478860720779,0.7944668364359757,False,False,False,False,0.3075961426205192,0.32186794807444336,False,False,False,False,2997404,-5474090.202886351,False,False,False,False,2022538.47197598,False,False,False,False
2024-09-25 00:00:00+00:00,59.8858833376,60.676110415,59.8668417213,60.4761734436,3287276,,,,,,,,,,,,,,,60.142945157966665,58.484692169368984,57.191682056444876,57.01928407431799,54.71484163588717,54.44614818552694,,,54.62282153613548,55.075221083289534,"rgba(38, 166, 154, 0.75)",0.0,0.0,2.9094897189316704,55.14940135689225,1.627942504793222,0.0,0.0,0.0,0.0,0.0,0.0,0.0,0.0,68.14901147257787,23.22045832725273,True,False,True,False,False,12.932383767882623,0,1.075334630890669,0.8200932186039773,False,False,False,False,0.2577897163797516,0.2898288322270975,False,False,False,False,-289872,-5270787.5282633575,False,False,False,False,2072136.0220945692,False,False,False,False
2024-09-26 00:00:00+00:00,60.2762364722,60.5574668641,59.6954671744,59.790675256,1889613,,,,,,,,,,,,,,,60.15515290087253,58.551071766401236,57.27160261536133,57.09907442224819,54.77609368992159,54.50395245747243,,,54.632647657613425,55.08218942929932,"rgba(38, 166, 154, 0.75)",0.0,0.0,2.9438888357545174,55.17980848678893,1.7311890053432863,0.0,0.0,0.0,0.0,0.0,0.0,0.0,0.0,66.1005362612737,21.375876352273593,True,False,True,False,False,13.949914980990712,0,1.0495133822758376,0.8285012628577202,False,False,False,False,0.24621739206718493,0.2680231121471412,False,False,False,False,1599741,-5001355.036958912,False,False,False,False,2064978.2565222331,False,False,False,False
2024-09-27 00:00:00+00:00,60.323840513,60.8284433456,60.2571948559,60.5142566763,1470763,,,,,,,,,,,,,,,60.22477295643181,58.60793555378083,57.33689718062861,57.16410200804993,54.82536534554505,54.550429050304686,,,54.64067524640739,55.087911676491444,"rgba(38, 166, 154, 0.5)",0.0,0.0,2.9680661524768355,55.206969575589234,1.723974694142435,0.0,0.0,0.0,0.0,0.0,0.0,0.0,0.0,64.85309932484235,20.22744779435392,False,False,True,False,False,14.074207198133529,0,1.0651759316078744,0.8249468810811595,False,False,False,False,0.2796295168753046,0.27382631451122286,False,False,False,False,3070504,-4684811.545313465,False,False,False,False,2041675.69744293,False,False,False,False
2024-09-30 00:00:00+00:00,60.2286324314,60.4856942518,59.8097168723,60.3714445538,3655220,,,,,,,,,,,,,,,60.20700155791654,58.715414147522736,57.473929704410686,57.30183986387513,54.93798858095008,54.6572527840592,,,54.65952522068528,55.10130339562386,"rgba(38, 166, 154, 0.5)",0.0,0.0,2.991431395177971,55.26633452109144,1.658837277133457,0.0,0.0,0.0,0.0,0.0,0.0,0.0,0.0,63.603247328233174,19.001218491719953,False,False,True,False,False,13.705643266909462,0,1.0552892079294074,0.8221437974107582,False,False,False,False,0.24790821119973336,0.2608672628554781,False,False,False,False,-584716,-4524023.484712938,False,False,False,False,2104951.944602031,False,False,False,False
2024-10-01 00:00:00+00:00,60.4952150599,60.7522768803,59.6573839417,59.9334873784,5242879,,,,,,,,,,,,,,,60.23891386621472,58.85751007806213,57.657097362117604,57.48657349569424,55.095214627139306,54.806945837487284,,,54.68695684789346,55.12086677765413,"rgba(38, 166, 154, 0.5)",0.0,0.0,3.0007960847875204,55.35394415204331,1.7133023246465373,0.0,0.0,0.0,0.0,0.0,0.0,0.0,0.0,63.526613258461296,18.797431599592784,False,False,True,False,False,14.421801804108842,0,1.051328671056565,0.8175686471019799,False,False,False,False,0.25246290134969435,0.2566650821025862,False,False,False,False,4658163,-4163937.7402143916,False,False,False,False,2228007.907558814,False,False,False,False
2024-10-02 00:00:00+00:00,60.1143827335,60.7427560721,59.9810914192,60.4571318273,1294340,,,,,,,,,,,,,,,60.24202643032099,58.888275877720865,57.69837254393401,57.528397621413426,55.13246181410835,54.84254282499864,,,54.69366141455515,55.12565325677675,"rgba(38, 166, 154, 0.5)",0.0,0.0,2.9956848043072895,55.37488027869451,1.582109856147377,0.0,0.0,0.0,0.0,0.0,0.0,0.0,0.0,61.70111241159661,16.889343631633096,False,False,True,False,False,12.92427921265205,0,1.0563947641919988,0.8207899715922659,False,False,False,False,0.2650419912910984,0.2608535366968423,False,False,False,False,3363823,-3868731.4366765725,False,False,False,False,2191393.4798114095,False,False,False,False
2024-10-03 00:00:00+00:00,60.2381532396,60.4571318273,59.5431342438,59.9239665702,2775313,,,,,,,,,,,,,,,60.21902734445283,58.94109013087969,57.776110033470054,57.60776501588582,55.20751672284245,54.914579766975464,,,54.707470602997226,55.13548951014538,"rgba(38, 166, 154, 0.5)",0.0,0.0,2.979517792777151,55.416071651530785,1.61841006613847,0.0,0.0,0.0,0.0,0.0,0.0,0.0,0.0,60.89177832011862,15.945984346461287,False,False,True,False,False,13.267128876282971,0,1.0556633158140345,0.8253108275983659,False,False,False,False,0.2361879438344578,0.24852074026565005,False,False,False,False,6139136,-3476266.047002982,False,False,False,False,2214292.2845246876,False,False,False,False
2024-10-04 00:00:00+00:00,60.6570687987,60.9331722354,60.3714445538,60.5142566763,993679,,,,,,,,,,,,,,,60.23999475245563,58.96785526762163,57.80936053089398,57.64132258393966,55.236942327675145,54.9427077784325,,,54.71292452021864,55.13940989428486,"rgba(38, 166, 154, 0.5)",0.0,0.0,2.974385116781926,55.43366618242053,1.7561285479840025,0.0,0.0,0.0,0.0,0.0,0.0,0.0,0.0,61.68146812282782,15.945984346461287,False,False,True,False,False,14.42264369985493,0,1.0762851673396951,0.8093915819023548,False,False,False,False,0.2885151235014931,0.2685179318835716,False,False,False,False,7132815,-3060223.653002865,False,False,False,False,2166425.0968962684,False,False,False,False
2024-10-07 00:00:00+00:00,60.7427560721,61.0657970931,60.1334243498,60.5428191008,1859069,,,,,,,,,,,,,,,60.27369830735822,59.01556077890316,57.869409876387365,57.7020270681662,55.2910834433372,54.99453894064539,,,54.723090151454585,55.14672086179283,"rgba(38, 166, 154, 0.5)",0.0,0.0,2.960787868911264,55.46602080741716,1.7822064593311082,0.0,0.0,0.0,0.0,0.0,0.0,0.0,0.0,62.47190845576088,15.945984346461287,False,False,True,False,False,14.658387193868581,0,1.0571238336154682,0.8127062654203574,False,False,False,False,0.2842329877163451,0.27637545979995837,False,False,False,False,8991884,-2587591.980336086,False,False,False,False,2154371.9166258266,False,False,False,False
2024-10-08 00:00:00+00:00,60.3714445538,60.8474849619,60.0953411171,60.5713815252,7471293,,,,,,,,,,,,,,,60.31472178252409,59.16131190256418,58.07072086224392,57.90741197113325,55.49007314381098,55.18630493436083,,,54.762164737216274,55.17479751458637,"rgba(38, 166, 154, 0.5)",0.0,0.0,2.933649104058282,55.582784293487315,1.6323220979933373,0.0,0.0,0.0,0.0,0.0,0.0,0.0,0.0,61.00948426082701,15.571664677532226,False,False,True,False,False,13.141662835340554,0,1.0598144489642198,0.8197287714879904,False,False,False,False,0.27385773858345974,0.27511659919170905,False,False,False,False,1520591,-2426486.765420945,False,False,False,False,2362878.625777755,False,False,False,False
2024-10-09 00:00:00+00:00,60.4666526355,60.7237144558,60.1334243498,60.2381532396,1014242,,,,,,,,,,,,,,,60.318868113873364,59.17887055331689,58.09567571357786,57.93297228807626,55.51592299037506,55.21131601486686,,,54.76743097545707,55.17858830408879,"rgba(38, 166, 154, 0.5)",0.0,0.0,2.9286864952937375,55.598069730609396,1.6623776265278605,0.0,0.0,0.0,0.0,0.0,0.0,0.0,0.0,60.39231475148361,14.783318592735597,False,False,True,False,False,13.414249930800697,1,1.0598952865994804,0.8369751530541003,False,False,False,False,0.27040322073963546,0.27275990996567223,False,False,False,False,2534833,-2231925.2059926726,False,False,False,False,2309990.914962941,False,False,False,False
2024-10-10 00:00:00+00:00,57.3000318408,58.9773880892,56.5095536089,58.5628690163,11647333,,,,,,,,,,,,,,57.5956578463,59.574328738631976,58.96340055974426,58.04174770204021,57.897953448721985,55.63356253116293,55.334883781137044,,,54.797231223722825,55.19840399802627,#000000,0.0,0.0,2.8722526703790585,55.62756516137176,0.5822839671022119,0.0,0.0,0.0,0.0,0.0,0.0,0.0,0.0,50.44257429266573,5.421878221386358,False,True,False,False,False,1.9116653681196958,0,0.974114308439014,0.858436117184837,False,False,False,False,0.06285454148506459,0.1678072257253684,False,False,False,False,-9112500,-2501751.668502764,False,False,False,False,2676161.1928075314,False,False,False,False
2024-10-11 00:00:00+00:00,54.9575170802,57.0108324877,54.8514773174,56.7794730051,7355349,,,,,,,,,,,,,,56.82575869607461,58.990139689723186,58.697731744068626,57.88646834065975,57.756974003999666,55.632632932059,55.34349486053918,,,54.802581219802114,55.20050648141837,"rgba(239, 83, 80, 1.0)",0.0,0.0,2.816595336154195,55.59400009257138,-0.22597602296694788,0.0,0.0,0.0,0.0,0.0,0.0,0.0,0.0,40.933932775985994,-3.0241487728479797,False,True,False,True,False,0.0,0,0.9600465657636746,0.8864174482692659,False,False,False,False,-0.07317799742545295,0.04731461414995773,False,False,False,False,-16467849,-3049441.759934028,False,False,False,False,2859658.7538739024,False,False,False,False
2024-10-14 00:00:00+00:00,54.4755181583,55.1310366921,54.0609990854,54.8129174036,5278425,,,,,,,,,,,,,,56.33230772268464,58.566383992715686,58.47513249562327,57.7407267359764,57.62160962533433,55.606625943843724,55.32598057583862,,,54.80141637021408,55.19813248229874,"rgba(239, 83, 80, 1.0)",0.0,0.0,2.7671962829043846,55.553766374205495,-0.38965368035757564,0.0,0.0,0.0,0.0,0.0,0.0,0.0,0.0,34.15588665006539,-8.667262037998285,False,True,False,True,False,0.0,0,0.9734276582747161,0.9056032714635199,False,False,False,False,-0.17486706234034388,-0.06377622409519307,False,False,False,False,-21746274,-3782650.8673875956,False,False,False,False,2954512.3321533576,False,False,False,False
2024-10-15 00:00:00+00:00,54.2923585679,55.1165767244,54.0609990854,54.3791183739,6681168,,,,,,,,,,,,,,55.934762208103095,58.12651111417782,58.221305654154285,57.57012691093976,57.46250740083592,55.573501488640304,55.30309490510782,,,54.799566332848826,55.19484692226894,"rgba(239, 83, 80, 1.0)",0.0,0.0,2.720398175317499,55.507457707826234,-0.4466622389880173,0.0,0.0,0.0,0.0,0.0,0.0,0.0,0.0,29.468957058990107,-12.374823324058369,False,True,False,True,False,0.0,0,1.0167072602763083,0.8842042135394235,False,False,False,False,-0.22218947911543546,-0.14298285160531427,False,False,False,False,-28427442,-4749113.264744945,False,False,False,False,3100655.6916767554,False,False,False,False
2024-10-16 00:00:00+00:00,54.3212785032,54.7647175114,53.9163994088,54.2827185895,6088528,,,,,,,,,,,,,,55.671731930192614,57.78697459837567,58.00805870691599,57.42242905027078,57.324077833089255,55.54087961097736,55.2795106645778,,,54.79706032511026,55.191223086838974,"rgba(239, 83, 80, 1.0)",0.0,0.0,2.661658236265101,55.46688341223298,-0.43041022075040014,0.0,0.0,0.0,0.0,0.0,0.0,0.0,0.0,26.45719623110307,-14.682048860498483,False,True,False,True,False,0.0,0,0.9887861591271776,0.8965357136855956,False,False,False,False,-0.2777792222353634,-0.21038103692033883,False,False,False,False,-22338914,-5438909.372009849,False,False,False,False,3217827.1547482554,False,False,False,False
2024-10-17 00:00:00+00:00,54.3887583523,54.6586777486,53.9453193441,54.359838417,3269509,,,,,,,,,,,,,,55.5630075324926,57.628437028762306,57.90283340172537,57.34847000889119,57.25460562519193,55.524015858943656,55.26727225863971,,,54.795716451997535,55.189282421133846,"rgba(239, 83, 80, 1.0)",0.0,0.0,2.6183066071352816,55.44676299649872,-0.40407973661888763,0.0,0.0,0.0,0.0,0.0,0.0,0.0,0.0,24.73469619837,-16.017878685565606,False,True,False,True,False,0.0,0,0.9823815026741645,0.9090572790276633,False,False,False,False,-0.2867029940337668,-0.24854201547705282,False,False,False,False,-19069405,-5973438.612323189,False,False,False,False,3219853.8937777355,False,False,False,False
2024-10-18 00:00:00+00:00,54.3212785032,54.668317727,54.2923585679,54.6201178348,3162238,,,,,,,,,,,,,,55.48041532585822,57.49244547677111,57.80923154046397,57.28240791967703,57.19252992064452,55.50942884334868,55.256920191494515,,,54.79469207367115,55.187623603898516,"rgba(239, 83, 80, 1.0)",0.0,0.0,2.583979005242039,55.429319007712046,-0.4288117288353347,0.0,0.0,0.0,0.0,0.0,0.0,0.0,0.0,23.503361173015072,-17.1349544011525,False,True,False,True,False,0.0,0,0.987141332567939,0.9080502108223949,False,False,False,False,-0.3003771796219106,-0.2744595975494817,False,False,False,False,-22231643,-6611015.2549771825,False,False,False,False,3217594.446962923,False,False,False,False
2024-10-21 00:00:00+00:00,54.6297578133,54.9285971449,54.2827185895,54.3212785032,7572963,,,,,,,,,,,,,,55.351855852401286,57.22661310971837,57.615617599534374,57.14529894383743,57.06370735655446,55.481777653341815,55.238479559342174,,,54.79349474749273,55.184646885889336,"rgba(239, 83, 80, 1.0)",0.0,0.0,2.5345300627790017,55.39543633837275,-0.30209881362906804,0.0,0.0,0.0,0.0,0.0,0.0,0.0,0.0,24.144464902239477,-17.1349544011525,False,True,False,True,False,0.0,0,0.978037504463322,0.9082557223412973,False,False,False,False,-0.31105753345883086,-0.29275856550415624,False,False,False,False,-14658680,-6926609.95086043,False,False,False,False,3388393.2137486907,False,False,False,False
2024-10-22 00:00:00+00:00,55.2081565196,55.217796498,54.3646584062,54.4369582445,2802419,,,,,,,,,,,,,,55.32991580277581,57.150733163845636,57.556727687504775,57.10397101191248,57.024983960504095,55.47554790018524,55.235243372494544,,,54.793828584496616,55.18415946732559,"rgba(239, 83, 80, 1.0)",0.0,0.0,2.4875923257186514,55.3866890923494,-0.0717692247654848,0.0,0.0,0.0,0.0,0.0,0.0,0.0,0.0,27.127001484717567,-17.1349544011525,False,True,False,True,False,0.0,0,0.9692983152262448,0.9106264925010691,False,False,False,False,-0.2919410775585287,-0.2923498215313425,False,False,False,False,-11856261,-7119929.599846295,False,False,False,False,3365413.8328173696,False,False,False,False
2024-10-23 00:00:00+00:00,54.6875976839,55.2081565196,54.2296987081,55.1213967137,3873090,,,,,,,,,,,,,,55.288224870574574,57.04407385646609,57.47294306328564,57.04375485795281,56.9682977815993,55.46375837619498,55.22771024828054,,,54.793541524363214,55.182903442723514,"rgba(239, 83, 80, 0.75)",0.0,0.0,2.4502492038588297,55.372552280128296,-0.2795448704358636,0.0,0.0,0.0,0.0,0.0,0.0,0.0,0.0,28.096529771317073,-17.1349544011525,False,True,False,True,True,0.0,0,0.9637905929315339,0.9261008594706643,False,False,False,False,-0.29936368949233694,-0.2958567555118397,False,False,False,False,-15729351,-7457553.968479774,False,False,False,False,3385322.702118649,False,False,False,False
2024-10-24 00:00:00+00:00,54.8032774252,54.940165119,54.2296987081,54.5526379858,1670693,,,,,,,,,,,,,,55.27049153553054,56.99994948718853,57.437668309589746,57.0181600172687,56.94416287902143,55.458449614355466,55.224215599753954,,,54.793344737345016,55.1823059280923,"rgba(239, 83, 80, 0.75)",0.0,0.0,2.424527839586593,55.36643228834373,-0.23227403453521633,0.0,0.0,0.0,0.0,0.0,0.0,0.0,0.0,29.257800537059413,-17.1349544011525,False,True,False,True,True,0.0,0,0.9606706740928871,0.932610818618429,False,False,False,False,-0.31320612182835217,-0.3045314386700959,False,False,False,False,-14058658,-7716420.793245274,False,False,False,False,3318082.3216434084,False,False,False,False
2024-10-25 00:00:00+00:00,54.3116385248,54.996076994,54.2962145593,54.7743574899,1300654,,,,,,,,,,,,,,55.25472470650085,56.96496532557049,57.40962364737543,56.99759187955423,56.92472709665362,55.453737030840756,55.22093986872836,,,54.79305327519407,55.181732786689004,"rgba(239, 83, 80, 0.75)",0.0,0.0,2.4133067803220136,55.361272232845145,-0.43493587993196925,0.0,0.0,0.0,0.0,0.0,0.0,0.0,0.0,29.047068561835403,-17.1349544011525,False,True,False,True,True,0.0,0,0.9552869901642044,0.9478747140209105,False,False,False,False,-0.3068682854216808,-0.3056998620458884,False,False,False,False,-15359312,-8016142.017039577,False,False,False,False,3238967.48550053,False,False,False,False
2024-10-28 00:00:00+00:00,54.2537986542,54.4369582445,54.0224391716,54.3887583523,2710432,,,,,,,,,,,,,,55.21125573070286,56.8866326402047,57.34702883220987,56.95076876435238,56.88030738901364,55.4409462267756,55.21130218975083,,,54.791752548618916,55.17999513826526,"rgba(239, 83, 80, 0.75)",0.0,0.0,2.4099898657441083,55.3483502998767,-0.45417271716980795,0.0,0.0,0.0,0.0,0.0,0.0,0.0,0.0,28.792428889236927,-17.1349544011525,False,True,False,True,True,0.0,0,0.9418668437993228,0.9619227654647124,False,False,False,False,-0.34282825441539394,-0.3242640582306412,False,False,False,False,-18069744,-8410400.918332143,False,False,False,False,3218240.6037161956,False,False,False,False
2024-10-29 00:00:00+00:00,53.482600379,54.1718588374,53.2416009181,54.1718588374,3023600,,,,,,,,,,,,,,55.139382827476275,56.78558902431471,57.26700696257167,56.88912476355479,56.82148901327324,55.41996635751473,55.194219765740414,,,54.78873014772609,55.17682302646941,"rgba(239, 83, 80, 0.75)",0.0,0.0,2.425980965593861,55.328926490712,-0.7610637255185705,0.0,0.0,0.0,0.0,0.0,0.0,0.0,0.0,27.215395060361804,-17.1349544011525,False,True,False,True,True,0.0,0,0.9145427508391205,0.9800979493284004,False,False,False,False,-0.34282825441539394,-0.33354615632301754,False,False,False,False,-21093344,-8907771.235260295,False,False,False,False,3210607.63886458,False,False,False,False
2024-10-30 00:00:00+00:00,53.6464800125,53.7621597538,53.2319609396,53.3380007025,3607316,,,,,,,,,,,,,,55.05736678914488,56.669911851746,57.173800023143826,56.81666494739702,56.752242585123824,55.39440202326612,55.173231930286,,,54.784880866562666,55.17284781888933,"rgba(239, 83, 80, 0.75)",0.0,0.0,2.449288626468086,55.30566469935114,-0.6774149313891652,0.0,0.0,0.0,0.0,0.0,0.0,0.0,0.0,27.017474411262825,-17.1349544011525,False,True,False,True,True,0.0,0,0.914075806711454,0.9846940685020547,False,False,False,False,-0.34282825441539394,-0.33818720536920577,False,False,False,False,-17486028,-9244173.46132852,False,False,False,False,3226164.829497342,False,False,False,False
2024-10-31 00:00:00+00:00,53.2801608318,53.6753999478,52.9620415433,53.6368400341,3488219,,,,,,,,,,,,,,54.974278900573545,56.557604308434286,57.0823063680989,56.74457542853029,56.68318246742206,55.36719752340159,55.15050650744222,,,54.78046111576849,55.168455233575244,"rgba(239, 83, 80, 0.75)",0.0,0.0,2.478849498737318,55.281538444934654,-0.8073816559472919,0.0,0.0,0.0,0.0,0.0,0.0,0.0,0.0,26.206196766440485,-17.54199015641187,False,True,False,True,True,0.0,0,0.9010814945102594,0.9928982118776009,False,False,False,False,-0.34282825441539394,-0.3405077298922998,False,False,False,False,-20974247,-9704176.34519799,False,False,False,False,3236441.463634701,False,False,False,False
2024-11-01 00:00:00+00:00,53.0102414355,53.72359984,52.9909614787,53.5018803359,1323407,,,,,,,,,,,,,,54.943645974734224,56.516129378564536,57.048145204699914,56.7174970397817,56.657215376880295,55.356744818761996,55.141733339775016,,,54.77871841662803,55.1667368048422,"rgba(239, 83, 80, 0.75)",0.0,0.0,2.510572955966781,55.272355933831236,-0.9010351573153677,0.0,0.0,0.0,0.0,0.0,0.0,0.0,0.0,25.186587905301455,-18.966977494653875,False,True,False,True,True,0.0,0,0.9548273624598697,0.9908405178259889,False,False,False,False,-0.3392582544185758,-0.3398829921554378,False,False,False,False,-22297654,-10198038.214013757,False,False,False,False,3161420.5042764773,False,False,False,False
2024-11-04 00:00:00+00:00,53.0488013493,53.2705208534,52.6583822225,53.019881414,1384029,,,,,,,,,,,,,,54.90822663389639,56.47063472638701,57.01076815957177,56.687625419555275,56.628525035494896,55.34464854084422,55.131452913312195,,,54.776605516539966,55.16471088261356,"rgba(239, 83, 80, 0.75)",0.0,0.0,2.5393874355151413,55.16278661244131,-0.8324784290792812,0.0,0.0,0.0,0.0,0.0,0.0,0.0,0.0,24.739900952935926,-19.820354326756135,False,True,False,True,True,0.0,0,0.9155563564101653,1.011894429216607,False,False,False,False,-0.34282825441539394,-0.3413556232854159,False,False,False,False,-20913625,-10618257.303660277,False,False,False,False,3091718.876657792,False,False,False,False
2024-11-05 00:00:00+00:00,53.6753999478,53.7332398185,53.1644810906,53.1644810906,1146392,,,,,,,,,,,,,,54.88772624799219,56.43945891616938,56.98435538206301,56.666752304411425,56.60852516391237,55.336966791638424,55.12511057710468,,,54.77537974831095,55.16344580964449,"rgba(239, 83, 80, 0.75)",0.0,0.0,2.558873851950975,55.16811517319447,-0.5833485008478911,0.0,0.0,0.0,0.0,0.0,0.0,0.0,0.0,27.992648698394767,-19.820354326756135,False,True,False,True,True,0.0,0,0.9094318946882308,0.9931690015298057,False,False,False,False,-0.3004096989463633,-0.3208826611158896,False,False,False,False,-19767233,-10977040.66430105,False,False,False,False,3015431.548161408,False,False,False,False
2024-11-06 00:00:00+00:00,54.5044380936,54.6104778564,53.5982801203,54.2634386326,2561878,,,,,,,,,,,,,,54.86689754232475,56.38859788736684,56.938628584228894,56.63145410690076,56.5748744114932,55.32669698323485,55.117352880856366,,,54.774206208776334,55.16185310004277,"rgba(239, 83, 80, 0.75)",0.0,0.0,2.5659281371164986,55.18371269714779,-0.2647286156311199,0.0,0.0,0.0,0.0,0.0,0.0,0.0,0.0,33.85403682998777,-21.6522774888078,False,True,False,True,True,0.0,0,0.92458145879553,0.9763628810261065,False,False,False,False,-0.2446061705204727,-0.28274441581818116,False,False,False,False,-17205355,-11221288.285308853,False,False,False,False,2997645.1345080193,False,False,False,False
2024-11-07 00:00:00+00:00,54.7454375545,55.2370764549,54.5333580289,54.7839974683,2369256,,,,,,,,,,,,,,54.866083769804476,56.35617742355234,56.90678589381255,56.607679335629165,56.5523785167444,55.32251604357653,55.11511744502941,,,54.7743359815489,55.161339608416974,"rgba(239, 83, 80, 0.75)",0.0,0.0,2.5656341160816716,55.19638661119852,-0.17576514666371246,0.0,0.0,0.0,0.0,0.0,0.0,0.0,0.0,38.69242756739586,-17.223184772029377,False,True,False,True,True,0.0,0,0.9389668947113159,0.9641783559468131,False,False,False,False,-0.18000350254913966,-0.2313739591836604,False,False,False,False,-14836099,-11363045.568237917,False,False,False,False,2973002.423350842,False,False,False,False
2024-11-08 00:00:00+00:00,54.6201178348,54.668317727,54.2634386326,54.514078072,1069506,,,,,,,,,,,,,,54.86161019238223,56.338976985628065,56.89054147216555,56.59524039674392,56.54054503679475,55.31941433270119,55.112960908281536,,,54.774102440837865,55.16087807706076,"rgba(239, 83, 80, 0.75)",0.0,0.0,2.570230333959313,55.196019132435694,-0.22406602631155945,0.0,0.0,0.0,0.0,0.0,0.0,0.0,0.0,41.45832164633234,-14.807694037901953,False,True,False,True,True,0.0,0,0.9318419082606615,0.9776895977997191,False,False,False,False,-0.21447969476127043,-0.2229268269724654,False,False,False,False,-15905605,-11541185.153797215,False,False,False,False,2898355.5047880644,False,False,False,False
2024-11-11 00:00:00+00:00,54.8803972527,55.2708163795,54.755077533,55.0346369077,1623366,,,,,,,,,,,,,,54.86365642067256,56.319795446176755,56.87091346791421,56.580681364341665,56.52679390133575,55.31737606961068,55.11217567157835,,,54.77437052331475,55.16066933799291,#000000,0.0,0.0,2.574408179955113,55.197436354074476,-0.1231502851191236,0.0,0.0,0.0,0.0,0.0,0.0,0.0,0.0,44.382861281516846,-12.196145703871487,False,True,False,False,True,0.0,0,0.9320715289251428,0.9658910467930507,False,False,False,False,-0.16958929549223228,-0.19625806123234885,False,False,False,False,-14282239,-11648677.461491443,False,False,False,False,2848355.916365003,False,False,False,False
2024-11-12 00:00:00+00:00,54.118838956,54.8996772096,53.9935192363,54.8707572742,2025910,,,,,,,,,,,,,,54.85140559091114,56.28575622710026,56.839026829601316,56.55589811874568,56.50314728949471,55.31031793329414,55.10694553784999,,,54.77362070947348,55.159554453129445,"rgba(239, 83, 80, 0.75)",0.0,0.0,2.5838240045761065,55.173923339778774,-0.4083422020656822,0.0,0.0,0.0,0.0,0.0,0.0,0.0,0.0,43.578858438770816,-12.196145703871487,False,True,False,True,True,0.0,0,0.9310255233781666,0.9715212225594632,False,False,False,False,-0.21607633902169823,-0.20616720012702355,False,False,False,False,-16308149,-11831401.835550603,False,False,False,False,2816103.1353310817,False,False,False,False
2024-11-13 00:00:00+00:00,54.0609990854,54.2923585679,53.7910796891,53.9838792579,1420340,,,,,,,,,,,,,,54.83850763282199,56.259140571630155,56.81461646002423,56.536624207262015,56.484697899533174,55.303976992483314,55.101958511359335,,,54.772749105348865,55.158500326024146,"rgba(239, 83, 80, 0.75)",0.0,0.0,2.6001556667253682,55.159138048551526,-0.4223358536585317,0.0,0.0,0.0,0.0,0.0,0.0,0.0,0.0,42.85324086182051,-12.196145703871487,False,True,False,True,True,0.0,0,0.9266294807028826,0.9834427270200894,False,False,False,False,-0.2498711853879108,-0.22801919275746718,False,False,False,False,-17728489,-12062660.15572509,False,False,False,False,2761367.326102412,False,False,False,False
2024-11-14 00:00:00+00:00,54.5815579211,54.7647175114,54.1670388482,54.1766788266,1700029,,,,,,,,,,,,,,54.83220824513752,56.23450964436036,56.790682219959294,56.51810016268054,56.46704453541184,55.29919801400392,55.098608832943846,,,54.772363826375994,55.157758658026474,"rgba(239, 83, 80, 0.5)",0.0,0.0,2.610040482949655,55.15653483229694,-0.22029425020532606,0.0,0.0,0.0,0.0,0.0,0.0,0.0,0.0,44.68029920721235,-11.876086327507508,False,False,False,True,True,0.0,0,0.9266964600342815,1.0004503698325447,False,False,False,False,-0.21447969476127043,-0.2212494437593688,False,False,False,False,-16028460,-12218181.718245676,False,False,False,False,2719746.215274866,False,False,False,False
2024-11-15 00:00:00+00:00,53.9163994088,54.5719179426,53.877839495,54.5429980073,1743187,,,,,,,,,,,,,,54.818737680021165,56.20453552472229,56.762630415601386,56.49591231907554,56.445803165453555,55.292027344100994,55.09302739485434,,,54.77140771840305,55.15655581184727,"rgba(239, 83, 80, 0.75)",0.0,0.0,2.623939239095859,55.14582917319403,-0.4685435341169193,0.0,0.0,0.0,0.0,0.0,0.0,0.0,0.0,43.60123465397723,-11.876086327507508,False,True,False,True,True,0.0,0,0.9086375522748167,1.0172111793443777,False,False,False,False,-0.23451812840332628,-0.22788378608134754,False,False,False,False,-17771647,-12435964.670471337,False,False,False,False,2681449.7754601655,False,False,False,False
2024-11-18 00:00:00+00:00,54.2441586757,54.5719179426,53.8199996244,53.8199996244,1948718,,,,,,,,,,,,,,54.80613952457111,56.1734234312724,56.733006190455775,56.472511745257435,56.423410259407234,55.28472248888206,55.08743414005926,,,54.77048983819222,55.1553311084643,"rgba(239, 83, 80, 0.5)",0.0,0.0,2.6205471903887814,55.137322469698134,-0.3408310284485377,0.0,0.0,0.0,0.0,0.0,0.0,0.0,0.0,44.28207731981399,-11.876086327507508,False,False,False,True,True,0.0,0,0.8950495725843485,1.020616847236338,False,False,False,False,-0.23693491373907213,-0.23240934991020984,False,False,False,False,-15822929,-12568786.801041089,False,False,False,False,2652715.196030355,False,False,False,False
2024-11-19 00:00:00+00:00,53.8199996244,53.9549593225,53.5018803359,53.9453193441,1564474,,,,,,,,,,,,,,54.78896873867316,56.143531030957305,56.70553091568639,56.45037295960845,56.4021377633264,55.27648214461755,55.080697293192266,,,54.769159048505614,55.15387903844438,"rgba(239, 83, 80, 0.5)",0.0,0.0,2.609694151811607,55.12454383446395,-0.4998839458479679,0.0,0.0,0.0,0.0,0.0,0.0,0.0,0.0,43.32623763483001,-11.876086327507508,False,False,False,True,True,0.0,0,0.876120951087862,1.0338912527972124,False,False,False,False,-0.2764074026256892,-0.25440837626794954,False,False,False,False,-17387403,-12757752.142176732,False,False,False,False,2610039.0706958314,False,False,False,False
2024-11-20 00:00:00+00:00,53.9260393872,53.9356793657,53.5115203144,53.7043198831,1056707,,,,,,,,,,,,,,54.778038026545325,56.12402234514198,56.687457766272,56.43579894077282,56.38813300166427,55.271083266058916,55.076295178845996,,,54.76829068916035,55.15292251481116,"rgba(239, 83, 80, 0.5)",0.0,0.0,2.6023075112356597,55.11695137515314,-0.4576369175477112,0.0,0.0,0.0,0.0,0.0,0.0,0.0,0.0,43.17424484721109,-11.876086327507508,False,False,False,True,True,0.0,0,0.8712020241165866,1.038030316216359,False,False,False,False,-0.2768185419923386,-0.26561345913014406,False,False,False,False,-16330696,-12897867.587581566,False,False,False,False,2549124.087531289,False,False,False,False
2024-11-21 00:00:00+00:00,53.8874794735,54.1863188051,52.8078018883,53.5500802281,1854509,,,,,,,,,,,,,,54.756331758472115,56.08820493329199,56.65451132688619,56.40904301011959,56.36238636725886,55.260663852034476,55.06766583700607,,,54.76651550368623,55.15104545092028,"rgba(239, 83, 80, 0.5)",0.0,0.0,2.5915481355509242,55.10220784041328,-0.4687269166447663,0.0,0.0,0.0,0.0,0.0,0.0,0.0,0.0,42.932284961496926,-11.876086327507508,False,False,False,True,True,0.0,0,0.8468517745324726,1.0336726255421653,False,False,False,False,-0.2962480342851191,-0.2809307467076316,False,False,False,False,-18185205,-13105214.152774446,False,False,False,False,2521884.280177121,False,False,False,False
2024-11-22 00:00:00+00:00,54.1381189129,54.1766788266,53.8633795274,53.9453193441,1104275,,,,,,,,,,,,,,54.74859135021262,56.07102178143254,56.637981022965306,56.39578967060778,56.34966889457364,55.25614710502284,55.064103211774196,,,54.76586107129944,55.15024631914739,"rgba(239, 83, 80, 0.5)",0.0,0.0,2.589131224286307,55.097739697706245,-0.37063427909906993,0.0,0.0,0.0,0.0,0.0,0.0,0.0,0.0,44.03210325407704,-10.932317685100493,False,False,False,True,True,0.0,0,0.8548416850088743,1.04353745339566,False,False,False,False,-0.25169684322137176,-0.2663137949645017,False,False,False,False,-17080930,-13261124.578155842,False,False,False,False,2466291.7593858615,False,False,False,False
2024-11-25 00:00:00+00:00,53.8296396028,54.6586777486,53.4247605084,54.3212785032,4912122,,,,,,,,,,,,,,54.71198511490573,55.994777037053545,56.56449634821046,56.336439626386245,56.29264064195622,55.23500652394229,55.047188615064385,,,54.762602295512345,55.146418875985084,"rgba(239, 83, 80, 0.5)",0.0,0.0,2.595343818237329,55.076148312084285,-0.4802865425864355,0.0,0.0,0.0,0.0,0.0,0.0,0.0,0.0,43.50586228373977,-10.932317685100493,False,False,False,True,True,0.0,1,0.8404401100420734,1.0479573658481907,False,False,False,False,-0.24987118538791137,-0.2580924901762065,False,False,False,False,-21993052,-13603553.104502672,False,False,False,False,2562206.6707824944,False,False,False,False
2024-11-26 00:00:00+00:00,53.8681995166,54.0513591069,53.1836646477,53.3476406809,2331880,,,,,,,,,,,,,,54.68988630576803,55.955913344985795,56.52752548419458,56.30616963650583,56.26347676977857,55.223120470106814,55.03737224097199,,,54.76054023486964,55.144195291993,"rgba(239, 83, 80, 0.5)",0.0,0.0,2.6019657589130887,55.06276359787925,-0.4591006154432439,0.0,0.0,0.0,0.0,0.0,0.0,0.0,0.0,43.368197653679346,-10.932317685100493,False,False,False,True,True,0.0,1,0.8275225211549161,1.0654436741254805,False,False,False,False,-0.2858911377553279,-0.2719918139657672,False,False,False,False,-19661172,-13841106.786679039,False,False,False,False,2553174.252320436,False,False,False,False
2024-11-27 00:00:00+00:00,54.359838417,54.3694783954,53.7958996783,53.8585595382,1514118,,,,,,,,,,,,,,54.682681223055255,55.93653423762771,56.50796754719344,56.29039347519515,56.248327586812984,55.21787376360385,55.03330846644618,,,54.75980270547316,55.14322817047062,#000000,0.0,0.0,2.608347278647552,55.058773583870014,-0.2679609316564696,0.0,0.0,0.0,0.0,0.0,0.0,0.0,0.0,45.83417232477254,-8.350137884407374,False,False,False,False,True,0.0,1,0.8456862552534765,1.0591941579445983,False,False,False,False,-0.24642715734500387,-0.25920948565538554,False,False,False,False,-18147054,-14009967.461711233,False,False,False,False,2512426.94830787,False,False,False,False
2024-11-29 00:00:00+00:00,54.4947981151,54.5526379858,54.2634386326,54.4176782876,557385,,,,,,,,,,,,,,54.68142172342425,55.93055099889825,56.50164848705821,56.28535627656846,56.243503457305096,55.21643726418337,55.032275668591716,,,54.75965305997303,55.14296880697963,#000000,0.0,0.0,2.614072924583848,55.05816497621593,-0.21551306232423376,0.0,0.0,0.0,0.0,0.0,0.0,0.0,0.0,48.12021306920981,-6.0383091802552755,False,False,False,False,True,0.0,1,0.8491360860863493,1.1022933644488269,False,False,False,False,-0.21927289356737373,-0.23924118961137963,False,False,False,False,-17589669,-14150347.914193146,False,False,False,False,2435758.636609522,False,False,False,False
2024-12-02 00:00:00+00:00,54.1766788266,54.5526379858,53.5500802281,54.4658781798,1712886,,,,,,,,,,,,,,54.67229890701737,55.9082945194977,56.47927467599558,56.26719871013649,56.22604690051567,55.21012298012492,55.02730386747377,,,54.75870499310399,55.14178537547263,#000000,0.0,0.0,2.626632071024764,55.05283583457619,-0.3335667060649124,0.0,0.0,0.0,0.0,0.0,0.0,0.0,0.0,48.02662671466316,-6.006271585393712,False,False,False,False,True,0.0,1,0.8176336712936737,1.109236798200198,False,False,False,False,-0.24741536000083975,-0.2433282748061097,False,False,False,False,-19302555,-14352395.250891455,False,False,False,False,2407410.6900758157,False,False,False,False
2024-12-03 00:00:00+00:00,54.2248787188,54.6104778564,54.0706390638,54.4369582445,2093481,,,,,,,,,,,,,,54.66541113972347,55.88486128883972,56.45483240892091,56.247504172803666,56.20714462823903,55.20392658777728,55.02264111512431,,,54.75791240294516,55.140629973317836,#000000,0.0,0.0,2.6396601107552033,55.04880657873658,-0.3121340723298111,0.0,0.0,0.0,0.0,0.0,0.0,0.0,0.0,48.227082750634196,-5.623256412551861,False,False,False,False,True,0.0,1,0.8302822991274197,1.102857005049439,False,False,False,False,-0.21876494392300166,-0.23104660936455568,False,False,False,False,-17209074,-14464421.868503556,False,False,False,False,2395099.7218375485,False,False,False,False
2024-12-04 00:00:00+00:00,54.5622779642,54.6393977917,54.0320791501,54.2634386326,2177745,,,,,,,,,,,,,,54.66058671300617,55.862832739183226,56.431243084317956,56.22855870606258,56.18897689777914,55.198339892512145,55.018579649313835,,,54.75728770381061,55.13958757462961,#000000,0.0,0.0,2.649026378705942,55.04579055438502,-0.1825246415330977,0.0,0.0,0.0,0.0,0.0,0.0,0.0,0.0,50.14620486181394,-3.630330099943862,True,False,False,False,True,0.0,1,0.831560983480095,1.0895659297491822,False,False,False,False,-0.2155529854548542,-0.22329979740970496,False,False,False,False,-15031329,-14486653.520719102,False,False,False,False,2386576.007255684,False,False,False,False
2024-12-05 00:00:00+00:00,50.8990861574,52.9234816296,50.8508862652,52.7114021039,5902051,,,,,,,,,,,,,51.557818017399995,54.50877736392276,55.69521255409793,56.28340860898617,56.101507874353686,56.065393768311154,55.13010567689932,54.957375182176975,,,54.74173792281758,55.12576796798673,"rgba(239, 83, 80, 0.5)",0.0,0.0,2.72581902714117,54.956573373383414,-1.4885387384792355,0.0,0.0,0.0,0.0,0.0,0.0,0.0,0.0,41.445392840644665,-4.209161195762981,False,False,False,True,False,0.0,0,0.8027987451280345,1.0784320332205903,False,False,False,False,-0.34282825441539394,-0.2830640259125494,False,False,False,False,-20933380,-14739466.323828157,False,False,False,False,2524437.7716770303,False,False,False,False
2024-12-06 00:00:00+00:00,50.0893279685,50.9954859418,49.8772484429,50.8990861574,5095462,,,,,,,,,,,,,50.98462007803044,54.339039883816135,55.52042375295172,56.1312350820867,55.96886596068502,55.936026007007776,55.053521257859934,54.887645281811004,,,54.72326507264438,55.10981523577554,"rgba(239, 83, 80, 1.0)",0.0,0.0,2.820413891428817,54.860714286702866,-1.6917326682807141,0.0,0.0,0.0,0.0,0.0,0.0,0.0,0.0,34.692448882774194,-10.124989571525603,False,True,False,True,False,0.0,0,0.7862005797446924,1.1179385522920562,False,False,False,False,-0.34282825441539394,-0.3129461401639717,False,False,False,False,-26028842,-15182186.938579995,False,False,False,False,2625262.251219108,False,False,False,False
2024-12-09 00:00:00+00:00,50.7544864808,51.3879294641,50.0796879901,50.1568078176,2574308,,,,,,,,,,,,,50.93835347669519,54.26683974197916,55.44316006360975,56.06261685024885,55.908954211893146,55.877582709852085,55.019101624973544,54.85637519474304,,,54.71487564585782,55.10249918213613,"rgba(239, 83, 80, 1.0)",0.0,0.0,2.8913949173567857,54.82073584898144,-1.4063279089868055,0.0,0.0,0.0,0.0,0.0,0.0,0.0,0.0,32.737822184063845,-11.479360489593525,False,True,False,True,False,0.0,0,0.7818179569797039,1.1134110700117519,False,False,False,False,-0.32141279115007704,-0.3171794656570244,False,False,False,False,-23454534,-15506592.705694506,False,False,False,False,2623264.045288947,False,False,False,False
2024-12-10 00:00:00+00:00,51.197925489,51.4485649284,50.6291667611,50.7544864808,2835232,,,,,,,,,,,,,50.964884721930616,54.19819476209395,55.36704800574385,55.99389263859153,55.848916136246,55.81901641908413,54.98488342585004,54.82536937115849,,,54.706489578363126,55.095116363169964,"rgba(239, 83, 80, 1.0)",0.0,0.0,2.9490353888427667,54.783001646416345,-1.2156775639179997,0.0,0.0,0.0,0.0,0.0,0.0,0.0,0.0,33.00966483312946,-11.479360489593525,False,True,False,True,False,0.0,0,0.8040886255267864,1.104321937767082,False,False,False,False,-0.2997410577132708,-0.3084602616851476,False,False,False,False,-20619302,-15707091.109392762,False,False,False,False,2631576.5141011453,False,False,False,False
2024-12-11 00:00:00+00:00,51.5642446697,51.7522242493,51.0918857262,51.0918857262,2454974,,,,,,,,,,,,,51.0305562661525,54.148048676637444,55.308896134030654,55.9403691447276,55.80215754074368,55.77340969720377,54.958559836000774,54.80160531801572,,,54.70001475737705,55.08934649786224,"rgba(239, 83, 80, 1.0)",0.0,0.0,2.996341461921752,54.755505364395596,-1.065052409830763,0.0,0.0,0.0,0.0,0.0,0.0,0.0,0.0,34.451000376221565,-11.479360489593525,False,True,False,True,False,0.0,0,0.8156750784927636,1.1045024710558877,False,False,False,False,-0.2728983892594653,-0.29067932547230646,False,False,False,False,-18164328,-15803453.340396969,False,False,False,False,2624650.9253128655,False,False,False,False
2024-12-12 00:00:00+00:00,51.5353247344,51.9622793794,51.3907250578,51.3907250578,1959550,,,,,,,,,,,,,51.086918404879896,54.11163874718576,55.26559312485181,55.900043813585775,55.766897475352316,55.73901518893386,54.93878026338827,54.78377634903357,,,54.69512017290073,55.08495714855284,"rgba(239, 83, 80, 1.0)",0.0,0.0,3.0409383461252015,54.735512456724145,-1.0523684988226942,0.0,0.0,0.0,0.0,0.0,0.0,0.0,0.0,35.350708551721624,-11.479360489593525,False,True,False,True,False,0.0,0,0.8143596963829817,1.1001176837012328,False,False,False,False,-0.2552860792629946,-0.27298270236765054,False,False,False,False,-20123878,-15972881.758420618,False,False,False,False,2598568.5360849104,False,False,False,False
2024-12-13 00:00:00+00:00,51.3328851872,51.7184843247,51.3039652519,51.5256847559,1933166,,,,,,,,,,,,,51.117915663615975,54.0742379133735,55.221821373410876,55.85936938458843,55.73122242393084,55.70419576745001,54.91846068316431,54.76540305748333,,,54.69002780586268,55.08041571939142,"rgba(239, 83, 80, 1.0)",0.0,0.0,3.0880744519326604,54.714942749489595,-1.0951994891745396,0.0,0.0,0.0,0.0,0.0,0.0,0.0,0.0,35.49882643208648,-11.479360489593525,False,True,False,True,False,0.0,0,0.8200976487343224,1.1002992174898194,False,False,False,False,-0.2667079409966898,-0.2698453216821702,False,False,False,False,-22057044,-16211476.356129615,False,False,False,False,2572474.3189835413,False,False,False,False
2024-12-16 00:00:00+00:00,51.1882855106,51.5256847559,51.0292258663,51.1882855106,1554759,,,,,,,,,,,,,51.126218309477004,54.042630972505364,55.18547379532219,55.82570290439815,55.70160796151231,55.67527559762649,54.90133775075723,54.74987169294919,,,54.68568649372215,55.0765665565124,"rgba(239, 83, 80, 1.0)",0.0,0.0,3.135744433173215,54.69754228140149,-1.119114406670668,0.0,0.0,0.0,0.0,0.0,0.0,0.0,0.0,35.26514634257512,-11.479360489593525,False,True,False,True,False,0.0,0,0.7976778379697975,1.118628906030016,False,False,False,False,-0.28267584572277765,-0.2762605837024739,False,False,False,False,-23611803,-16501685.244124532,False,False,False,False,2532563.91431752,False,False,False,False
2024-12-17 00:00:00+00:00,50.6580866964,51.1497255968,50.4749271061,50.8508862652,1379873,,,,,,,,,,,,,51.10659639381565,54.01038162441784,55.14984731174849,55.79309857732643,55.67281322075229,55.647133301238206,54.88426700447402,54.73430159099717,,,54.68129838262384,55.07272330344988,"rgba(239, 83, 80, 1.0)",0.0,0.0,3.190097602585661,54.679810944541316,-1.260690031828995,0.0,0.0,0.0,0.0,0.0,0.0,0.0,0.0,33.93760449108623,-11.479360489593525,False,True,False,True,False,0.0,0,0.7887340661321554,1.1297429262446645,False,False,False,False,-0.31532465391137066,-0.2957926188069223,False,False,False,False,-24991676,-16834626.058080435,False,False,False,False,2487360.349050166,False,False,False,False
2024-12-18 00:00:00+00:00,49.944728292,50.889446179,49.7712086801,50.6388067396,2109965,,,,,,,,,,,,,51.037922080926435,53.953999375659635,55.08966639974436,55.7385970096647,55.624487724445984,55.59986531841571,54.85493176519489,54.707409648701976,,,54.6736532107988,55.06609947064603,"rgba(239, 83, 80, 1.0)",0.0,0.0,3.2602715651924865,54.6488645941655,-1.4428664018016455,0.0,0.0,0.0,0.0,0.0,0.0,0.0,0.0,31.696337637725527,-12.86591660318632,False,True,False,True,False,0.0,0,0.7756594291578145,1.1296200062138617,False,False,False,False,-0.34282825441539394,-0.3193104366111581,False,False,False,False,-27101641,-17237254.095018458,False,False,False,False,2472560.531440356,False,False,False,False
2024-12-19 00:00:00+00:00,49.703728831,50.6677266749,49.703728831,50.4556471492,1892061,,,,,,,,,,,,,50.973378339576094,53.90252558431867,55.03502536572481,55.68908836186271,55.58048443660854,55.556806294933004,54.82794960325254,54.682629565207066,,,54.66654967688473,55.05995975644155,"rgba(239, 83, 80, 1.0)",0.0,0.0,3.332393961373773,54.620599994822115,-1.4754771557067474,0.0,0.0,0.0,0.0,0.0,0.0,0.0,0.0,29.783920431261112,-14.858404373676983,False,True,False,True,False,0.0,0,0.7751805678426689,1.130711267185904,False,False,False,False,-0.34282825441539394,-0.33106934551327605,False,False,False,False,-28993702,-17698291.267762832,False,False,False,False,2449795.843932891,True,False,False,False
2024-12-20 00:00:00+00:00,50.3688873433,50.7930463946,49.4048894994,49.6458889604,2138631,,,,,,,,,,,,,50.92067271104234,53.84833536369505,54.97664041382986,55.63574035179097,55.5330149242227,55.510348157951775,54.798840192178716,54.65590857336507,,50.1889410791,54.6588290882044,55.05326320463039,"rgba(239, 83, 80, 1.0)",0.0,0.0,3.378689087750314,54.351274434312,-1.1786781759382472,0.0,0.0,0.0,0.0,0.0,0.0,0.0,0.0,31.539465268153002,-14.858404373676983,False,True,False,True,False,0.0,0,0.8201499613680956,1.129622664031533,True,False,False,False,-0.34282825441539394,-0.336948799964335,False,False,False,False,-26855071,-18057380.669027038,False,False,False,False,2437593.301033562,False,False,False,False
2024-12-23 00:00:00+00:00,50.7159265671,50.735206524,49.944728292,50.2242876667,2457078,,,,,,,,,,,,,50.88803893414054,53.79255283750227,54.915047650676485,55.57875768756054,55.48226597850445,55.460676051229555,54.76782205312474,54.62747350863713,,50.33668842263327,54.650538050800336,55.04602800947406,"rgba(239, 83, 80, 0.75)",0.0,0.0,3.416066673058284,54.32844509781064,-1.0575082035727612,0.0,0.0,0.0,0.0,0.0,0.0,0.0,0.0,34.13506783231284,-14.858404373676983,False,True,False,True,True,0.0,0,0.8733542495988098,1.09548222624378,False,False,False,False,-0.30691854430956883,-0.3219336721369519,False,False,False,False,-24397993,-18306032.132986765,False,False,False,False,2438357.406875383,False,False,False,False
2024-12-24 00:00:00+00:00,51.1497255968,51.1497255968,50.6677266749,50.6870066318,747652,,,,,,,,,,,,,50.89019473787414,53.778557074976305,54.898805185737864,55.563417704386175,55.468616082330634,55.447319567754576,54.75960990166878,54.619976763887706,,50.42796924445209,54.64833662646268,55.044082188088275,"rgba(239, 83, 80, 0.5)",0.0,0.0,3.4322211856328284,54.32535675748095,-0.9252408247970839,0.0,0.0,0.0,0.0,0.0,0.0,0.0,0.0,37.54420698344775,-17.940087279721574,False,False,False,True,True,0.0,0,0.9088382883894759,1.040291812558903,False,False,False,False,-0.22496039998183376,-0.2734470360593928,False,False,False,False,-23650341,-18515612.87286964,False,False,False,False,2372055.234056741,False,False,False,False
2024-12-26 00:00:00+00:00,50.9954859418,51.1285176443,50.846066276,51.0533258124,832119,,,,,,,,,,,,,50.892510780709735,53.763148854717976,54.88088942890633,55.54646836350593,55.45352450796173,55.43255082169794,54.75051416660249,54.61167151240377,,50.50370357573258,54.64589024844098,55.04191924278491,"rgba(239, 83, 80, 0.5)",0.0,0.0,3.452586711003337,54.320701255425114,-0.9631084146352382,0.0,0.0,0.0,0.0,0.0,0.0,0.0,0.0,39.35199831411653,-16.238959466395492,True,False,False,True,True,0.0,0,0.9110639627361988,1.0406896902464535,False,False,False,False,-0.2138917980290265,-0.24366941704420964,False,False,False,False,-24482460,-18749606.87785515,False,False,False,False,2311665.5778192217,False,False,False,False
2024-12-27 00:00:00+00:00,51.0918857262,51.284685295,50.8508862652,50.9280060927,1173302,,,,,,,,,,,,,50.89831733982746,53.742373360416785,54.85645607580283,55.523227857647946,55.432822842931614,55.412291120233505,54.73805426316279,54.600301225742896,,50.59504718662416,54.642527188519296,55.038937865465805,"rgba(239, 83, 80, 0.5)",0.0,0.0,3.460663974805487,54.31383747307241,-0.9310212636445032,0.0,0.0,0.0,0.0,0.0,0.0,0.0,0.0,40.95945874474131,-14.68422157590765,True,False,False,True,True,0.0,0,0.9139215969379932,1.0282196186286718,False,False,False,False,-0.20260484224022818,-0.2231371296422189,False,False,False,False,-23309158,-18928412.80421377,False,False,False,False,2267023.868885135,False,False,False,False
2024-12-30 00:00:00+00:00,51.1690055537,51.4003650362,50.735206524,50.9087261359,1425763,,,,,,,,,,,,,50.90584937784963,53.71779514189797,54.82738345513828,55.49547119983121,55.408075660365505,55.38806873315278,54.72313208757667,54.586682479353044,,50.67734414119813,54.6384784053881,55.03534446893911,"rgba(239, 83, 80, 0.5)",0.0,0.0,3.462087844906001,54.30437033928454,-0.9056283162190136,0.0,0.0,0.0,0.0,0.0,0.0,0.0,0.0,42.37126863222025,-13.26990648968458,True,False,False,True,True,0.0,0,0.9101403887936178,1.0226180586695437,False,False,False,False,-0.20260484224022918,-0.21287098594122406,False,False,False,False,-21883395,-19044294.458950486,False,False,False,False,2234033.246575914,False,False,False,False
2024-12-31 00:00:00+00:00,51.3232452087,51.593164605,51.1690055537,51.1690055537,1141573,,,,,,,,,,,,,50.91899099288615,53.70036854627164,54.806031857565436,55.47479874409092,55.389649416880815,55.37003558367465,54.71212461238033,54.576663137414364,,50.7561413253149,54.63548137957795,55.03266210267681,"rgba(239, 83, 80, 0.5)",0.0,0.0,3.4533851348891313,54.2985805967334,-0.8615706826249837,0.0,0.0,0.0,0.0,0.0,0.0,0.0,0.0,44.01876332308217,-11.601263992769262,True,False,False,True,True,0.0,1,0.9124530998719402,1.0179401391628249,False,False,False,False,-0.15912759912241983,-0.18599929253182196,False,False,False,False,-20741822,-19110864.166442625,False,False,False,False,2191191.6682788194,False,False,False,False
2025-01-02 00:00:00+00:00,51.2075654675,51.43892495,51.0533258124,51.4100050147,3570832,,,,,,,,,,,,,50.94498191020578,53.64457843490694,54.73848047701395,55.409470122430584,55.33127535423753,55.3128806659768,54.6768507758155,54.544483684165336,,50.88246742239333,54.62577531127866,55.0240040108873,"rgba(239, 83, 80, 0.5)",0.0,0.0,3.430248337000838,54.27359994560315,-0.8938228888652053,0.0,0.0,0.0,0.0,0.0,0.0,0.0,0.0,44.62960251990473,-10.87053021603785,True,False,False,True,True,0.0,0,0.9091605667623559,1.0286537186997424,False,False,False,False,-0.1777738620476016,-0.18188657728971178,False,False,False,False,-24312654,-19314855.924621347,False,False,False,False,2245295.210699258,False,False,False,False
2025-01-03 00:00:00+00:00,51.8727239797,52.1040834623,51.1400856184,51.4003650362,4412216,,,,,,,,,,,,,51.01550320013301,53.591872947050035,54.669243332269545,55.3402976616694,55.2694302216843,55.25233196531184,54.64008603724966,54.51111898290041,,51.08538054117026,54.61551771172498,55.01468650440128,#000000,0.0,0.0,3.3951590258275424,54.25314434499305,-0.7011219053908225,0.0,0.0,0.0,0.0,0.0,0.0,0.0,0.0,47.98855244791048,-7.555451192208579,True,False,False,False,True,0.0,0,0.9095400595997778,1.018991182486569,False,False,False,False,-0.1260931857004647,-0.15398988149508824,False,False,False,False,-19900438,-19337819.927577373,False,False,False,False,2330272.496554189,False,False,False,False
2025-01-06 00:00:00+00:00,52.2872430526,52.8078018883,52.1330033976,52.5186025352,3512979,,,,,,,,,,,,,51.11131949811642,53.56682227394637,54.62889996725989,55.29735412637518,55.231107278646085,55.21483846474579,54.618323669516116,54.49163385667247,,51.302597217029,54.60936472589714,55.008875015857676,"rgba(38, 166, 154, 1.0)",0.0,0.0,3.3579297404917567,54.248155252667004,-0.5839646304749183,0.0,0.0,0.0,0.0,0.0,0.0,0.0,0.0,51.74976790937269,-3.9841361570985825,True,False,True,False,True,0.0,0,0.9315757499685711,0.995646623916607,False,False,False,False,-0.011491439210900243,-0.08274066035299424,False,False,False,False,-16387459,-19222119.499044925,False,False,False,False,2376653.1437481423,False,False,False,False
2025-01-07 00:00:00+00:00,52.6728421902,52.9138416511,52.2486831389,52.4993225783,3257528,,,,,,,,,,,,,51.20123349418707,53.5484233548689,54.596052936531905,55.26135622384071,55.19896189507643,55.18339010425537,54.60033471030349,54.475611174789535,,51.47547056111015,54.60421194801666,55.00392709981106,"rgba(38, 166, 154, 1.0)",0.0,0.0,3.2719100210257066,54.244398726807106,-0.48031777356592453,0.0,0.0,0.0,0.0,0.0,0.0,0.0,0.0,55.526636753999014,-0.49460656597817376,True,False,True,False,True,0.0,0,0.9344514184503488,0.9860875474905636,False,False,False,False,0.0033987311633847427,-0.03967096459480475,False,False,False,False,-13129931,-18983210.1461412,False,False,False,False,2411197.255758019,False,False,False,False
2025-01-08 00:00:00+00:00,52.229403182,52.7210420824,52.0269636348,52.6535622333,5907972,,,,,,,,,,,,,51.31147125958805,53.50714707998885,54.53092763554704,55.19168552490718,55.13640432650369,55.12211949651589,54.563943459469705,54.442884561268336,,51.63976509854575,54.59360249241604,54.993938677656175,"rgba(38, 166, 154, 1.0)",0.0,0.0,3.1787111026501464,54.225517552704375,-0.6279634437493175,0.0,0.0,0.0,0.0,0.0,0.0,0.0,0.0,55.82053065221587,-0.25748821532580024,True,False,True,False,True,0.0,0,0.9270781256504764,0.992439373375986,False,False,False,False,-0.024443323374576897,-0.032057143984690825,False,False,False,False,-19037903,-18985354.963939585,False,False,False,False,2548325.6771008424,False,False,False,False
2025-01-10 00:00:00+00:00,52.9369775994,53.0151277785,51.8038000018,52.282469849,3266040,,,,,,,,,,,,,51.37695289718443,53.49025748447759,54.50055480344612,55.15793188447655,55.10606297068333,55.092402321294784,54.54659620129253,54.427382371617284,,51.731012865043915,54.5884459725401,54.98898273722519,"rgba(38, 166, 154, 1.0)",0.0,0.0,3.092003252154324,54.21796373846522,-0.414290036135216,0.0,0.0,0.0,0.0,0.0,0.0,0.0,0.0,58.291672491030354,2.1371315307660765,True,False,True,False,True,0.0,0,0.9298001195577235,0.9712280745298206,False,False,False,False,-0.019678199892620003,-0.025867671938655412,False,False,False,False,-15771863,-18859335.67123607,False,False,False,False,2576471.336822378,False,False,False,False
2025-01-13 00:00:00+00:00,53.0053590062,53.3472660399,52.7601628191,52.7806772411,2353702,,,,,,,,,,,,,51.43627496100239,53.484358624820274,54.48427948563963,55.13832617676187,55.08848457958362,55.075200746998505,54.5371218899923,54.41907394441693,,51.81597223606572,54.58558163053954,54.98609349081103,"rgba(38, 166, 154, 1.0)",0.0,0.0,3.0012437520112454,54.21667480938074,-0.4036046063799353,0.0,0.0,0.0,0.0,0.0,0.0,0.0,0.0,60.139757370419055,3.9490284658223658,True,False,True,False,True,0.0,0,0.9750817058595227,0.9578779695104107,False,False,False,False,0.06695395274682125,0.02054314040408292,False,False,False,False,-13418161,-18645956.27236407,False,False,False,False,2567735.284397971,False,False,False,False
2025-01-14 00:00:00+00:00,53.4351849915,53.6989418461,53.2398095436,53.249578316,2523410,,,,,,,,,,,,,51.510846277488255,53.483995147555625,54.472183002632974,55.12183205422266,55.073763140613735,55.06081531639751,54.52990649389763,54.41295327580245,,51.92298077123827,54.583353254549586,54.98367165508413,"rgba(38, 166, 154, 1.0)",0.0,0.0,2.9267316004565775,54.21914536093793,-0.26786206473993995,0.0,0.0,0.0,0.0,0.0,0.0,0.0,0.0,62.59771620531724,6.34899157270921,True,False,True,False,True,0.0,0,0.9816068654607694,0.9329539509482015,False,False,False,False,0.12330294841798413,0.07192304441103353,False,False,False,False,-10894751,-18341987.438153714,False,False,False,False,2565997.0379509917,False,False,False,False
2025-01-15 00:00:00+00:00,54.1287678314,54.2459931001,53.6989418461,53.7770920252,2086569,,,,,,,,,,,,,51.58524549315981,53.490084680670925,54.46786261924024,55.1129976836256,55.065988165591804,55.05324909405782,54.52712796885383,54.41091876664962,,52.0304394568129,54.58244163549022,54.98241640394373,"rgba(38, 166, 154, 1.0)",0.0,0.0,2.835632890645558,54.22544812128856,-0.034094783639835056,0.0,0.0,0.0,0.0,0.0,0.0,0.0,0.0,65.8921589770864,9.502198319951056,True,False,True,False,True,1.2605028551621125,0,0.9933498730814275,0.9105525204964703,False,False,False,False,0.19259909048158394,0.13226106744630872,False,False,False,False,-8808182,-17968112.715088863,False,False,False,False,2547195.938423502,False,False,False,False
2025-01-16 00:00:00+00:00,54.0408488798,54.3143745069,53.8161671148,53.9236236111,1465159,,,,,,,,,,,,,51.63557215372977,53.494534867032144,54.465097621483515,55.107061909416956,55.06076575968139,55.048167993998455,54.52532035401905,54.409622191371724,,52.10068423482158,54.58184054507517,54.98156684392065,"rgba(38, 166, 154, 1.0)",0.0,0.0,2.7374528573942585,54.229688720936394,-0.06898377834208483,0.0,0.0,0.0,0.0,0.0,0.0,0.0,0.0,67.58408706995826,11.132550739637843,True,False,True,False,True,0.9487035090105849,0,0.9955436865656713,0.9095118180853623,False,False,False,False,0.2055643051810412,0.16891268631367495,False,False,False,False,-10273341,-17666356.96155597,False,False,False,False,2504763.117308855,False,False,False,False
2025-01-17 00:00:00+00:00,56.180210034,56.55034882,54.0408488798,54.0408488798,7301841,,,,,,,,,,,,,51.99989121379635,53.57342511393636,54.50162749306752,55.12023624321639,55.074087443607674,55.06161211864761,54.545352274363495,54.43080261668286,,52.61469696602999,54.58755970574192,54.984340359191705,"rgba(38, 166, 154, 1.0)",0.0,0.0,2.6498519497927027,54.28880377314381,0.7137780890000857,0.0,0.0,0.0,0.0,0.0,0.0,0.0,0.0,72.18108981867633,15.48291838431534,True,False,True,False,True,7.773526542756386,0,1.0091955665917602,0.84876270934154,False,False,False,False,0.34282824016274427,0.2558704632382096,False,False,False,False,-2971500,-17090088.061102796,False,False,False,False,2692883.818590861,False,False,False,False
2025-01-21 00:00:00+00:00,55.9457594965,56.3462791647,55.5159335112,55.9262219518,2445922,,,,,,,,,,,,,52.11771269692005,53.60284210640527,54.51705603282277,55.12761593829133,55.08128776257068,55.06881340476794,54.55405808808126,54.43979221889175,,52.77085960533348,54.590116029374066,54.98579016017685,"rgba(38, 166, 154, 1.0)",0.0,0.0,2.546046502893624,54.30941819840092,0.6426989044541621,0.0,0.0,0.0,0.0,0.0,0.0,0.0,0.0,74.12215970460525,17.27701838623203,True,False,True,False,True,6.92914601894087,0,1.0352466391764898,0.868109647688999,False,False,False,False,0.34282824171580484,0.2993493524770072,False,False,False,False,-5417422,-16632336.450863471,False,False,False,False,2683199.041391219,False,False,False,False
2025-01-22 00:00:00+00:00,55.5647773732,55.9457594965,55.4827196851,55.6820026419,2721257,,,,,,,,,,,,,52.23202232849877,53.63101074755617,54.53062438072462,55.13296492508042,55.086657691044536,55.07422138185739,54.561738275486405,54.447875806183895,,52.91470133201141,54.59237716041359,54.98693845831024,"rgba(38, 166, 154, 1.0)",0.0,0.0,2.4458844540141174,54.3284833833981,0.5054588689882424,0.0,0.0,0.0,0.0,0.0,0.0,0.0,0.0,73.62369293639517,17.27701838623203,True,False,True,False,True,5.566359655852036,0,1.024337612588535,0.8974825164369735,False,False,False,False,0.31552833256447144,0.30743884252073933,False,False,False,False,-8138679,-16299251.844947256,False,False,False,False,2684691.5103562693,False,False,False,False
2025-01-23 00:00:00+00:00,55.857840545,55.9799501999,55.5940836904,55.7113089591,1774483,,,,,,,,,,,,,52.3056838370715,53.65025920490406,54.54041933612795,55.137339722442796,55.09097907985344,55.07855579686844,54.567345895322994,54.4537163497408,,53.0056271660797,54.59404687113729,54.98784629487182,"rgba(38, 166, 154, 1.0)",0.0,0.0,2.3386389849958302,54.34126010163703,0.6484884811606239,0.0,0.0,0.0,0.0,0.0,0.0,0.0,0.0,73.79429962118265,17.27701838623203,True,False,True,False,True,6.461222095057575,0,1.0042881475908418,0.9112227755708678,False,False,False,False,0.3246373105106916,0.31603807651571547,False,False,False,False,-6364196,-15909641.81181207,False,False,False,False,2648997.058969749,False,False,False,False
2025-01-24 00:00:00+00:00,55.9555282689,56.1411349444,55.8920312484,55.9750658137,1327706,,,,,,,,,,,,,52.36166092853775,53.66565879129182,54.54870730762562,55.141468504355785,55.09500410827823,55.082579496643135,54.572130284592724,54.45864702556064,,53.074271477680014,54.59548333857462,54.98867718640675,"rgba(38, 166, 154, 1.0)",0.0,0.0,2.208612477653341,54.35139329684762,0.7263089329988653,0.0,0.0,0.0,0.0,0.0,0.0,0.0,0.0,74.07882512509875,17.7902869335673,True,False,True,False,True,6.76036294390013,0,1.0193833826848844,0.8938321735038256,False,False,False,False,0.3428282418992437,0.3294331592074796,False,False,False,False,-5036490,-15483243.70154493,False,False,False,False,2597181.7233238765,False,False,False,False
2025-01-27 00:00:00+00:00,56.1899788064,56.2681289855,55.6820026419,56.1020598548,1770318,,,,,,,,,,,,,52.43471018742188,53.686318226259786,54.55999275422783,55.14723377120178,55.10061305451253,55.088183352357724,54.578684340400876,54.46538679801329,,53.16254177129844,54.597462952156505,54.98983833237232,"rgba(38, 166, 154, 1.0)",0.0,0.0,2.0683632589907863,54.36482969899065,0.8824122646134677,0.0,0.0,0.0,0.0,0.0,0.0,0.0,0.0,74.68849269401426,18.73432241422384,True,False,True,False,True,7.482041554236542,0,1.0054058724380448,0.9044635477901511,False,False,False,False,0.3376407254154274,0.3335369423114535,False,False,False,False,-3266172,-15004142.850503953,False,False,False,False,2564755.694958234,False,False,False,False
2025-01-28 00:00:00+00:00,55.9946033585,56.3169728475,55.8383030002,56.0532159929,1222835,,,,,,,,,,,,,52.483544135115686,53.70039989034368,54.567706176797934,55.151187658044186,55.10446214832114,55.0920293109288,54.58318755910169,54.470018459579045,,53.22057951649293,54.59883027120406,54.99064136545385,"rgba(38, 166, 154, 1.0)",0.0,0.0,1.9307873171660266,54.373878680166534,0.8394112929601879,0.0,0.0,0.0,0.0,0.0,0.0,0.0,0.0,73.99246270817396,18.73432241422384,True,False,True,False,True,6.746899792526616,0,1.0283944652930594,0.8929507906733822,False,False,False,False,0.34282824202706,0.3381825921692567,False,False,False,False,-4489007,-14591784.58185674,False,False,False,False,2512131.35397948,False,False,False,False
2025-01-29 00:00:00+00:00,56.0825223101,56.1899788064,55.7015401867,55.857840545,1485680,,,,,,,,,,,,,52.540181978518476,53.71686303096216,54.57660444200671,55.15563481548801,55.10880949521566,55.09637737818106,54.58840462530307,54.475401969067185,,53.286630614565475,54.60042107322821,54.991561480508665,"rgba(38, 166, 154, 1.0)",0.0,0.0,1.7773763072837199,54.38432306819082,0.9554528407686858,0.0,0.0,0.0,0.0,0.0,0.0,0.0,0.0,73.72126815384674,18.73432241422384,True,False,True,False,True,7.025093147657849,0,1.0300449048735707,0.8809126416065073,False,False,False,False,0.32657688132534685,0.3323797367473018,False,False,False,False,-3003327,-14137335.264921183,False,False,False,False,2471878.359705775,False,False,False,False
2025-01-30 00:00:00+00:00,56.0434472205,56.6686486536,55.6722338695,56.3267416199,2817848,,,,,,,,,,,,,52.64679425259582,53.74928595622667,54.594781862286816,55.16530095812552,55.11819877879623,55.10575252535484,54.59914855802434,54.48642055115034,,53.40954749746307,54.60372402997567,54.99354008624377,"rgba(38, 166, 154, 1.0)",0.0,0.0,1.7461883750492293,54.40470657461749,0.9384672749503941,0.0,0.0,0.0,0.0,0.0,0.0,0.0,0.0,73.29126699840724,18.73432241422384,True,False,True,False,True,6.873750801423199,0,1.0224030778840523,0.8842516403193897,False,False,False,False,0.3428282422164174,0.3376039894818596,False,False,False,False,-5821175,-13811211.332963489,False,False,False,False,2485445.7965800585,False,False,False,False
2025-01-31 00:00:00+00:00,55.7503840487,56.502579523,55.6868870281,55.6917714143,1643640,,,,,,,,,,,,,52.70358080399892,53.76664560129044,54.604183701194955,55.169996911990516,55.12280425103896,55.110361602139044,54.60474590253772,54.492206131943064,,53.47280835662905,54.605457433111845,54.99454072469793,"rgba(38, 166, 154, 0.75)",0.0,0.0,1.7579363973397617,54.415379583421576,0.7594156803958608,0.0,0.0,0.0,0.0,0.0,0.0,0.0,0.0,71.12784474338649,18.73432241422384,True,False,True,False,False,5.733752882240726,0,1.0300970706715717,0.8841494695785873,False,False,False,False,0.3336204449161673,0.33561221719901346,False,False,False,False,-7464815,-13562333.045396294,False,False,False,False,2452433.804557311,False,False,False,False
2025-02-03 00:00:00+00:00,55.2424078842,55.8676093174,52.8881337374,53.3765723571,4670953,,,,,,,,,,,,,52.794207875499566,53.786106389559144,54.60535446167128,55.161874598378745,55.11597100709082,55.10380269310092,54.60544408159704,54.49409907356416,,53.550809566786874,54.6056735448835,54.99359646605024,"rgba(38, 166, 154, 0.75)",0.0,0.0,1.766262477196019,54.411268374626346,0.4705639848575085,0.0,0.0,0.0,0.0,0.0,0.0,0.0,0.0,66.81135727284608,21.565357427730376,True,False,True,False,False,3.7932931394852396,0,0.9642546474724573,0.9050897934267678,False,False,False,False,0.1359703399299484,0.23579127856448093,False,False,False,False,-12135768,-13506389.318125851,False,False,False,False,2539434.557319769,False,False,False,False
2025-02-04 00:00:00+00:00,55.9946033585,56.180210034,55.6624650971,55.7796903659,3526902,,,,,,,,,,,,,52.90039744387318,53.820823141870925,54.62423759161798,55.17129961352295,55.125239765216044,55.11308397476799,54.61687158460586,54.50593695336386,,53.663460120728786,54.609272773003134,54.995658642755814,"rgba(38, 166, 154, 0.75)",0.0,0.0,1.788056734287359,54.45916513426006,0.8587189627693206,0.0,0.0,0.0,0.0,0.0,0.0,0.0,0.0,66.3555123862764,21.074089902468586,True,False,True,False,False,6.2886867077833735,0,1.0335458184631567,0.8807712122656961,False,False,False,False,0.31273276679072176,0.27426202267760136,False,False,False,False,-8608866,-13314329.580160132,False,False,False,False,2578158.7707582098,False,False,False,False
2025-02-05 00:00:00+00:00,56.131366172,56.4830419782,55.9164531794,55.9164531794,3542227,,,,,,,,,,,,,53.00764919831689,53.858258480856286,54.64590022792685,55.183298706227774,55.13690758646437,55.12473348883156,54.63011718853724,54.51951165390578,,53.7768439213291,54.61349019912654,54.998222609130906,"rgba(38, 166, 154, 0.75)",0.0,0.0,1.811746507109213,54.4955848886965,0.9028753619144666,0.0,0.0,0.0,0.0,0.0,0.0,0.0,0.0,66.43839422840045,21.00820791245033,True,False,True,False,False,6.73254374078234,0,1.039119218365121,0.8736726139462467,False,False,False,False,0.3428282422750176,0.3085451324763095,False,False,False,False,-5066639,-12990890.733879343,False,False,False,False,2615965.367983378,False,False,False,False
2025-02-06 00:00:00+00:00,56.5807297021,56.5807297021,56.1020598548,56.3462791647,1938227,,,,,,,,,,,,,53.067712366969346,53.88034795768225,54.659349841732336,55.19132801956815,55.144656606490614,55.13245505652391,54.63839944623628,54.527927246385545,,53.84054215152898,54.61614725971894,54.99991054705081,"rgba(38, 166, 154, 0.75)",0.0,0.0,1.8437528332211859,54.51504879197678,1.1203675855588016,0.0,0.0,0.0,0.0,0.0,0.0,0.0,0.0,67.69842355832074,21.00820791245033,True,False,True,False,False,8.179737738399734,0,1.0610874390792728,0.8746058834904689,False,False,False,False,0.34282824255049543,0.32568668751340246,False,False,False,False,-3128412,-12604126.861962505,False,False,False,False,2589387.3927683434,False,False,False,False
2025-02-07 00:00:00+00:00,56.6198047917,56.6539954951,56.229053896,56.6002672469,2421459,,,,,,,,,,,,,53.14156029945759,53.908265277194545,54.67661702985329,55.20185528551749,55.154804059384254,55.14256269584651,54.64909784345361,54.53877555180399,,53.91826626790463,54.619602045630245,55.0021317515329,"rgba(38, 166, 154, 1.0)",0.0,0.0,1.8759981589365762,54.537906912467534,1.1097547560561594,0.0,0.0,0.0,0.0,0.0,0.0,0.0,0.0,68.64015749655269,21.00820791245033,True,False,True,False,True,8.305190767158372,0,1.0389195674601162,0.872972887650478,False,False,False,False,0.3428282427378066,0.3342574651256045,False,False,False,False,-706953,-12137571.024238486,False,False,False,False,2582801.9656009576,False,False,False,False
2025-02-10 00:00:00+00:00,58.6517094495,58.7200908562,57.098474639,57.2450062249,3389775,,,,,,,,,,58.156758314899996,,,53.28815964408222,53.970692245136476,54.72170423132077,55.23473639016388,55.185919488495514,55.173409057626394,54.677077570696,54.566410570944036,,54.08480081279058,54.628654992294024,55.00865312419104,"rgba(38, 166, 154, 1.0)",0.0,0.0,1.9626178490684385,54.59695050331361,2.0659951442462376,0.0,0.0,0.0,0.0,0.0,0.0,0.0,0.0,72.89861069457857,18.44256141773451,True,False,True,False,True,14.347449406155,0,1.0573961293462557,0.8482704211960185,False,False,False,False,0.3428282449323241,0.3385428550289643,False,False,False,False,2682822,-11556379.140935015,False,False,False,False,2614447.9669499397,False,False,False,False
2025-02-11 00:00:00+00:00,59.2769108827,59.4478643995,58.466102774,58.5247154084,1643952,,,,,,,,,,58.452929914085296,,,53.368889804642365,54.00672850776178,54.74881466578104,55.255288520973835,55.20531437705142,55.19262114232058,54.69398160189989,54.58300832885904,,54.177898830819515,54.6341530087433,55.01271439632481,"rgba(38, 166, 154, 1.0)",0.0,0.0,2.061185137033103,54.83623200035222,2.154429896937717,0.0,0.0,0.0,0.0,0.0,0.0,0.0,0.0,76.42621573505052,21.700368261398225,True,False,True,False,True,16.02496305193719,0,1.0945034890609475,0.8177497509041283,False,False,False,False,0.3428282460539546,0.34068555054145944,False,False,False,False,4326774,-10933510.390310112,False,False,False,False,2576389.301579354,False,False,False,False
2025-02-12 00:00:00+00:00,58.563790498,59.013154028,58.2707273262,58.7982410354,1536384,,,,,,,,,,58.49103737029136,,,53.4365500961402,54.03700753451839,54.77124940066459,55.27206259609341,55.221182495467374,55.208348383962594,54.70805549442295,54.59687066855094,,54.254121969010775,54.63876083032437,55.01608388470845,"rgba(38, 166, 154, 1.0)",0.0,0.0,2.134516046622642,54.85110028298842,1.7393592429937563,0.0,0.0,0.0,0.0,0.0,0.0,0.0,0.0,75.37183168087114,21.700368261398225,True,False,True,False,True,13.186166511234763,0,1.0689986684839106,0.830772519058542,False,False,False,False,0.31670720111255185,0.3286963758270056,False,False,False,False,2790390,-10395318.218141088,False,False,False,False,2535604.779948791,False,False,False,False
2025-02-13 00:00:00+00:00,58.5442529532,58.8080098078,58.2804960985,58.3879525949,5224973,,,,,,,,,,58.51461074914163,,,53.651131936043555,54.13550376193235,54.844249696636716,55.32668038505891,55.272943602992704,55.25966716781087,54.75430785571726,54.642481406930514,,54.49087817236109,54.654070901787776,55.02726881149357,"rgba(38, 166, 154, 1.0)",0.0,0.0,2.2029131620835174,54.91904235343153,1.6456438965300586,0.0,0.0,0.0,0.0,0.0,0.0,0.0,0.0,74.57915453067882,21.700368261398225,True,False,True,False,True,13.109346070551961,0,1.0581836572701677,0.8405480142105282,False,False,False,False,0.30869336277417614,0.3186948693005909,False,False,False,False,-2434583,-10083132.523312027,False,False,False,False,2641070.200342956,False,False,False,False
2025-02-14 00:00:00+00:00,58.3684150501,58.8861599869,58.3391087329,58.6126343599,1148815,,,,,,,,,,58.51608557978816,,,53.69579706226181,54.156523300241275,54.85986787690064,55.338397950650176,55.28406435671808,55.270695689019774,54.76429375160619,54.6523358403404,,54.53931524570741,54.657409827235746,55.02970946554111,"rgba(38, 166, 154, 0.75)",0.0,0.0,2.265446102466465,54.93391045901218,1.5160389767598348,0.0,0.0,0.0,0.0,0.0,0.0,0.0,0.0,73.19648104650803,21.700368261398225,True,False,True,False,False,12.410061110847103,0,1.076584979925036,0.837073160254458,False,False,False,False,0.31429895549437176,0.31649691239748134,False,False,False,False,-3583398,-9828240.973378222,False,False,False,False,2582550.388564801,False,False,False,False
2025-02-18 00:00:00+00:00,58.6614782219,58.7493971734,58.1535020574,58.2316522366,1416136,,,,,,,,,,58.51661550241718,,,53.74963390681857,54.18210168021411,54.87888841147124,55.35268088339887,55.29762787679238,55.284148145083414,54.77649913122049,54.66438439483007,,54.59730613024557,54.66150743204147,55.032704986953156,"rgba(38, 166, 154, 0.75)",0.0,0.0,2.3330502170556224,54.95181654716389,1.590047932794954,0.0,0.0,0.0,0.0,0.0,0.0,0.0,0.0,72.87073193431758,21.700368261398225,True,False,True,False,False,13.243620808602962,0,1.0602331521248365,0.8417623176550046,False,False,False,False,0.3011156687464191,0.3088062905719502,False,False,False,False,-2167262,-9527810.425402606,False,False,False,False,2536808.6478367695,False,False,False,False
2025-02-19 00:00:00+00:00,58.739628401,58.7591659458,57.870207658,58.4954090912,1589651,,,,,,,,,,58.51060745009217,,,53.80784838455965,54.21003372281287,54.899627881801734,55.36823553779741,55.312413686237306,55.298815740021,54.78986925154272,54.677593283893245,,54.65937523592436,54.666019332395656,55.035998768741905,"rgba(38, 166, 154, 0.75)",0.0,0.0,2.3990657620282505,54.970662682977704,1.5710139245353092,0.0,0.0,0.0,0.0,0.0,0.0,0.0,0.0,72.81496647927027,21.700368261398225,True,False,True,False,False,13.466610954921077,0,1.0542487229737185,0.8432193792486546,False,False,False,False,0.2900091548764963,0.2994077227242232,False,False,False,False,-577611,-9176822.21264172,False,False,False,False,2499665.2106667003,False,False,False,False
2025-02-20 00:00:00+00:00,58.9643101661,59.013154028,58.5051778636,58.7005533115,926886,,,,,,,,,,58.52801425275594,,,53.84378986116659,54.227561450090896,54.9128605122574,55.37831492630318,55.32198162817456,55.30830372854677,54.79840504949095,54.68600511154056,,54.69810223154728,54.66890232782033,55.038124487142795,"rgba(38, 166, 154, 0.75)",0.0,0.0,2.4676534158878125,54.98420483330274,1.6129109976188838,0.0,0.0,0.0,0.0,0.0,0.0,0.0,0.0,73.25312195552334,21.700368261398225,True,False,True,False,False,14.111596832582716,0,1.1384293533446548,0.8226564990533969,False,False,False,False,0.32637615274790255,0.3128919377360629,False,False,False,False,349275,-8803249.77293028,False,False,False,False,2437987.5945621235,False,False,False,False
2025-02-21 00:00:00+00:00,58.4465652292,59.4136736962,58.3195711881,59.110841752,1019209,,,,,,,,,,58.53932439433547,,,53.88193325919371,54.24626247497725,54.92693608598584,55.389008307456656,55.33214141417356,55.318380477514395,54.8075153850851,54.69499103610654,,54.7388434575002,54.67199103967124,55.040396996499304,"rgba(38, 166, 154, 0.75)",0.0,0.0,2.5183573346663994,54.9979544993574,1.3693889593707829,0.0,0.0,0.0,0.0,0.0,0.0,0.0,0.0,70.65578623466041,24.9455343713895,True,False,True,False,False,11.968107397349801,0,1.1579682693411721,0.7650599602044953,False,False,False,False,0.33529140243430766,0.32409167008518525,False,False,False,False,-669934,-8484296.213207522,False,False,False,False,2382349.218304785,False,False,False,False
2025-02-24 00:00:00+00:00,58.0069704715,58.5930968151,57.9581266096,58.5051778636,1125658,,,,,,,,,,58.51841905286915,,,53.91875014955,54.26426667364937,54.94016708746904,55.39883952803183,55.34151643413183,55.327686694475055,54.81614722621389,54.703544734145176,,54.77692188462715,54.6749428364519,55.04253603699183,"rgba(38, 166, 154, 0.75)",0.0,0.0,2.5553027940004895,55.00840821787777,1.1734665107643798,0.0,0.0,0.0,0.0,0.0,0.0,0.0,0.0,66.77580126940829,21.223848753343503,True,False,True,False,False,10.19269180215106,0,1.1464809698482203,0.791544174521456,False,False,False,False,0.28684871782917776,0.3054701939571815,False,False,False,False,-1795592,-8221994.087199384,False,False,False,False,2333067.209743813,False,False,False,False
2025-02-25 00:00:00+00:00,58.2218834642,58.6712469943,58.0558143335,58.2707273262,2354768,,,,,,,,,,58.49615559333068,,,53.99605611595286,54.302635956283865,54.96859740413882,55.420134326392876,55.36181918792105,55.347838645706524,54.83475475731415,54.721967575754725,,54.85686095124968,54.68133017388057,55.047186324890426,"rgba(38, 166, 154, 0.75)",0.0,0.0,2.594586111949475,55.03232959655776,1.229311238872595,0.0,0.0,0.0,0.0,0.0,0.0,0.0,0.0,64.87613211670326,19.468858591036607,True,False,True,False,False,10.846044280493562,0,1.134434970431412,0.7890565332863346,False,False,False,False,0.29396765063856284,0.29971892229787217,False,False,False,False,559176,-7877634.475936663,False,False,False,False,2333918.221126409,False,False,False,False
2025-02-26 00:00:00+00:00,58.3488775053,58.514946636,57.8813440586,58.1241957403,1576188,,,,,,,,,,58.47914098109583,,,54.045510808241545,54.327487589125916,54.98698078337239,55.43388513166479,55.374946020009816,55.36087120857325,54.846858903512484,54.733963413245874,,54.9073699976191,54.68551343904703,55.05022714606671,"rgba(38, 166, 154, 0.75)",0.0,0.0,2.637033452677421,55.04741680346469,1.2519601139239573,0.0,0.0,0.0,0.0,0.0,0.0,0.0,0.0,64.02034960342706,18.657287072911757,True,False,True,False,False,11.23366733171536,0,1.1184541557727279,0.8005155919675703,False,False,False,False,0.2805995387155577,0.29015923050671494,False,False,False,False,2135364,-7484967.869037187,False,False,False,False,2304203.310494001,False,False,False,False
2025-02-27 00:00:00+00:00,58.4074901397,58.5589061118,57.323156404,57.6650634378,1684813,,,,,,,,,,58.45297531623129,,,54.095252575260815,54.35269244538183,55.00550006748811,55.44765130629138,55.38811145688137,55.37394712602105,54.85912921560866,54.74614581723358,,54.95734270722099,54.689784019691366,55.05331709927993,"rgba(38, 166, 154, 0.75)",0.0,0.0,2.6795881048392154,55.061802499275075,1.2485828080751538,0.0,0.0,0.0,0.0,0.0,0.0,0.0,0.0,63.64852659246081,18.218347574228787,True,False,True,False,False,11.414603488919827,0,1.0952422812309632,0.8079227301080021,False,False,False,False,0.2600075750294966,0.2750834027681058,False,False,False,False,3820177,-7041628.854565141,False,False,False,False,2279913.494396197,False,False,False,False
2025-02-28 00:00:00+00:00,58.5247154084,59.2476045655,58.2121146918,58.6028655875,1973154,,,,,,,,,,58.46843577266295,,,54.1599853299842,54.38617593699153,55.03082350879955,55.46699378434633,55.40655167236055,55.39224779759027,54.87586950131655,54.76268838090984,,55.02409355620289,54.69559906948638,55.05759824683804,"rgba(38, 166, 154, 0.75)",0.0,0.0,2.722559151599869,55.08506673797975,1.2633880400354174,0.0,0.0,0.0,0.0,0.0,0.0,0.0,0.0,63.81640252041761,18.218347574228787,True,False,True,False,False,11.78069323994115,0,1.1176347028841063,0.7880553571150857,False,False,False,False,0.3239534468647712,0.2995184248164385,False,False,False,False,5793331,-6538297.095562587,False,False,False,False,2267883.7103022286,False,False,False,False
2025-03-03 00:00:00+00:00,58.1828083746,59.1694543863,57.6943697549,58.6126343599,2139163,,,,,,,,,,58.459539812748545,,,54.22339052416115,54.41928192772657,55.05555420792677,55.48567583152199,55.42441246191765,55.40998413259633,54.89236751280218,54.77904017834675,,55.087804400088274,54.70138874858421,55.06182652558156,"rgba(38, 166, 154, 0.5)",0.0,0.0,2.7575266729561467,55.10577205613549,1.1158681976286515,0.0,0.0,0.0,0.0,0.0,0.0,0.0,0.0,61.84611531091611,16.18725661662974,False,False,True,False,False,10.318733842476323,0,1.1090897926240633,0.7902687390631753,False,False,False,False,0.2995246602508487,0.2995215425336436,False,False,False,False,3654168,-6138592.582011113,False,False,False,False,2262835.8393099844,False,False,False,False
2025-03-04 00:00:00+00:00,57.2547749972,57.6748322102,56.5709609297,57.6162195758,3403799,,,,,,,,,,58.322694374510306,,57.166856045699994,54.29261643112422,54.45532729575573,55.0803000939187,55.50284010874036,55.441081630661536,55.42659534334892,54.90943066439958,54.7962395916186,,55.14932082410287,54.707590255270674,55.06612080427545,"rgba(38, 166, 154, 0.5)",0.0,0.0,2.776274016294661,55.11676335782754,0.7701010875813874,0.0,0.0,0.0,0.0,0.0,0.0,0.0,0.0,56.185016848314106,10.829328272296877,False,False,True,False,False,6.515258614171348,0,1.083453730699975,0.8098365415518868,False,False,False,False,0.1958091216723059,0.24766533210297476,False,False,False,False,250369,-5888045.06899107,False,False,False,False,2307579.4926703773,False,False,False,False
2025-03-05 00:00:00+00:00,57.870207658,58.0851206507,57.1473185009,57.2254686801,1741570,,,,,,,,,,58.29074474495595,,57.34760966147021,54.33314164963179,54.476967463994995,55.09592188529759,55.51426261817821,55.452088955610485,55.43754467358967,54.92010445837285,54.806905182364254,,55.18737333042643,54.71143763907696,55.06886804866929,#000000,0.0,0.0,2.8035795532893704,55.127647341676095,0.9782352396978089,0.0,0.0,0.0,0.0,0.0,0.0,0.0,0.0,55.00461252798497,9.828817132349222,False,True,False,False,False,8.520715794157173,0,1.1138352029287775,0.7933013457990253,False,False,False,False,0.23429642076884158,0.24098087643590815,False,False,False,False,1991939,-5579026.085893381,False,False,False,False,2285383.041977421,False,False,False,False
2025-03-06 00:00:00+00:00,57.8311325685,58.466102774,57.6015664172,57.8115950237,1254446,,,,,,,,,,58.27916445663243,,57.468874501369,54.36399338990794,54.4936453193576,55.10819394476255,55.523406597557475,55.46087913442793,55.44628345917502,54.92847123851091,54.81523922089003,,55.216907168860374,54.71444824441317,55.071042498100546,#000000,0.0,0.0,2.828981151571308,55.137148806093236,0.9522805625305917,0.0,0.0,0.0,0.0,0.0,0.0,0.0,0.0,54.046411306247506,8.941386148678014,False,True,False,False,False,8.362560409101267,1,1.1263688227732513,0.778646610911169,False,False,False,False,0.26741438698682896,0.25419763171136855,False,False,False,False,737493,-5331319.455074033,False,False,False,False,2244954.138370463,False,False,False,False
2025-03-07 00:00:00+00:00,58.1730396022,58.3195711881,57.4110753555,57.5087630795,1380494,,,,,,,,,,58.26740132926624,,57.5574179424449,54.39736023301382,54.511824200492676,55.121586022108936,55.53339752718074,55.47048803223521,55.455836952099325,54.937630666836654,54.82436471434019,,55.24871025418266,54.717756583597236,55.07343301289452,#000000,0.0,0.0,2.8594624153370587,55.14753284399486,1.0580683774605615,0.0,0.0,0.0,0.0,0.0,0.0,0.0,0.0,54.7778376699492,8.941386148678014,False,True,False,False,False,9.470481252128856,1,1.1303869600490086,0.7825866085009301,False,False,False,False,0.25156247609412796,0.25288005390274826,False,False,False,False,2117987,-5039189.790169169,False,False,False,False,2211053.740787308,False,False,False,False
2025-03-10 00:00:00+00:00,57.3915378108,58.0362767887,57.2352374525,57.4989943071,1100290,,,,,,,,,,58.24655200933096,,57.55703791472443,54.42048594104996,54.5244600855289,55.130632551732724,55.5399594981654,55.47683452047873,55.46215465143589,54.9439006314549,54.83064836500892,,55.26976070661307,54.7200537067029,55.075063676740754,#000000,0.0,0.0,2.8760976207702544,55.153559818384075,0.7781300524203243,0.0,0.0,0.0,0.0,0.0,0.0,0.0,0.0,51.93660369212161,6.889254296355922,False,True,False,False,False,6.317158024696127,1,1.109730445189671,0.7854475019933613,False,False,False,False,0.2253931994635769,0.23913662668316257,False,False,False,False,1017697,-4801664.818005673,False,False,False,False,2167494.3784034923,False,False,False,False
2025-03-11 00:00:00+00:00,56.3365103923,57.3426939488,55.7601528211,57.2059311353,2223273,,,,,,,,,,58.147990679998124,,57.34134507198533,54.45052220044167,54.54073230152338,55.140694399316345,55.54608541627411,55.482968826063285,55.468307684135404,54.95130102059684,54.838282835071716,,55.29167920813378,54.722928516833605,55.07692684339401,"rgba(239, 83, 80, 1.0)",0.0,0.0,2.882138434012866,55.23450290302975,0.3823575843079473,0.0,0.0,0.0,0.0,0.0,0.0,0.0,0.0,46.82522805488959,2.124273202089782,False,True,False,True,False,2.339977922614718,0,1.0549846010482142,0.8155735067852238,False,False,False,False,0.13154000272489538,0.18533831470402898,False,False,False,False,-1205576,-4660641.727103489,False,False,False,False,2169681.7753288457,False,False,False,False
2025-03-12 00:00:00+00:00,56.9812493702,57.2767547351,56.131366172,56.5416546125,1105556,,,,,,,,,,58.11151034234271,,57.292005779133916,54.46741460887873,54.5500285580802,55.1468121927569,55.55012508,55.48695155532646,55.47228902917631,54.95571141568343,54.84278024707281,,55.30511249753401,54.724611608915055,55.07806021583287,"rgba(239, 83, 80, 1.0)",0.0,0.0,2.8923531947840377,55.242011877357456,0.6013226517352782,0.0,0.0,0.0,0.0,0.0,0.0,0.0,0.0,46.01725110889781,1.4769837356791697,False,True,False,True,False,4.490456272682334,0,1.058781968560382,0.8205788121890402,False,False,False,False,0.14247975343259847,0.16390903406831372,False,False,False,False,-100020,-4481793.816236687,False,False,False,False,2127951.35276693,False,False,False,False
2025-03-13 00:00:00+00:00,56.3365103923,57.2450062249,56.2827821441,56.8347177843,4327427,,,,,,,,,,57.96912313303914,,57.1165277275813,54.52646226051615,54.58291266771701,55.167834971040854,55.563503715266435,55.500258455544,55.48561626948119,54.97115156391281,54.858627890718296,,55.34955559277281,54.73061913529014,55.08203179948544,"rgba(239, 83, 80, 1.0)",0.0,0.0,2.896673261701434,55.24945080167841,0.3752786360112568,0.0,0.0,0.0,0.0,0.0,0.0,0.0,0.0,43.71456585520395,-0.6738817923527591,False,True,False,True,False,2.160183685165528,0,1.0613656525421729,0.8269014184024154,False,False,False,False,0.1475914107304583,0.15575022239938602,False,False,False,False,-4427447,-4479662.568541131,False,False,False,False,2214205.2997172466,False,False,False,False
2025-03-14 00:00:00+00:00,57.5673757138,57.6259883482,56.6735330398,56.7858739224,1027063,,,,,,,,,,57.95403972554916,,57.12661116465283,54.54431919848569,54.593070278690476,55.17498779527602,55.568602714589204,55.50522413634867,55.49056642983151,54.97623948807205,54.863756387748666,,55.36497307353881,54.73254076473346,55.08337885159501,"rgba(239, 83, 80, 1.0)",0.0,0.0,2.9127561870886227,55.25812396384079,0.7928064010971573,0.0,0.0,0.0,0.0,0.0,0.0,0.0,0.0,46.242657924708055,-0.6738817923527591,False,True,False,True,False,6.095158940381783,0,1.0642569833717432,0.8160005834880586,False,False,False,False,0.17714324307268994,0.166446732736038,False,False,False,False,-3400384,-4437337.91879442,False,False,False,False,2167650.699728335,False,False,False,False
2025-03-17 00:00:00+00:00,58.3684150501,58.4074901397,57.7139072997,57.8409013408,1084114,,,,,,,,,58.16327082983333,57.958825423035414,,57.18687796686861,54.56884434647863,54.60716019472178,55.18558683677827,55.57667110037078,55.512990348327094,55.498288107110426,54.98360700422272,54.87108944521883,,55.38825862496426,54.73525864608871,55.085361878962054,#000000,0.0,0.0,2.9403481183966376,55.27517231605357,1.0519988142537227,0.0,0.0,0.0,0.0,0.0,0.0,0.0,0.0,49.96288935852307,-6.069852909059961,False,True,False,False,True,8.481501744149956,1,1.073726895250796,0.8054478939878774,False,False,False,False,0.258918570422086,0.212682651579062,False,False,False,False,-2316270,-4354158.784724051,False,False,False,False,2125159.0644448707,False,False,False,False
2025-03-18 00:00:00+00:00,58.2902648709,58.5540217256,57.8897452028,58.3488775053,983917,,,,,,,,,58.202001959531174,57.96463869131659,,57.239892912732095,54.59131445517273,54.62014249273976,55.19540261908093,55.584179566735656,55.52021490095673,55.50547049814003,54.990434606390295,54.87788047244232,,55.409669301850606,54.73778009683394,55.087206962395015,#000000,0.0,0.0,2.9640594011981487,55.289833089808916,1.012271137305223,0.0,0.0,0.0,0.0,0.0,0.0,0.0,0.0,52.1890673101087,-4.04283699128883,False,True,False,False,True,8.19466904905239,1,1.0796130060628046,0.8000921893986883,False,False,False,False,0.2702474823219366,0.2414650669504993,False,False,False,False,-3300187,-4312826.557872128,False,False,False,False,2080404.4736823267,False,False,False,False
2025-03-19 00:00:00+00:00,58.5051778636,58.6077499737,58.1282986247,58.466102774,819831,,,,,,,,,58.262112579557886,57.97212200788543,,57.28694788776693,54.61068527949519,54.63139046699248,55.20398426811104,55.59079917650326,55.526577250099955,55.511794070315986,54.99639620688311,54.8838012229536,,55.42831509557275,54.73997943639977,55.08882492968063,"rgba(38, 166, 154, 0.5)",0.0,0.0,2.9898940346802716,55.302322185045135,1.0712271543420646,0.0,0.0,0.0,0.0,0.0,0.0,0.0,0.0,54.231090317575905,-2.1361810828873615,False,True,True,False,True,8.832622426561489,1,1.083792253440362,0.8113886075693869,False,False,False,False,0.2778907454242902,0.2596779061873947,False,False,False,False,-2480356,-4240964.967367339,False,False,False,False,2030970.2198124316,False,False,False,False
2025-03-20 00:00:00+00:00,58.514946636,58.7005533115,57.8799764304,58.0851206507,942136,,,,,,,,,58.28746077739038,57.979506704604496,,57.33442967226432,54.63242356414603,54.644069384716225,55.213641393284306,55.598237911498344,55.533731836719184,55.51890604553693,55.00312455334386,54.89048750176541,,55.44911463763785,54.74247025171494,55.09065518783161,"rgba(38, 166, 154, 0.5)",0.0,0.0,3.0164335980688177,55.315399010063786,1.0607054728420435,0.0,0.0,0.0,0.0,0.0,0.0,0.0,0.0,55.619205744028534,-0.7808782218663453,False,True,True,False,True,8.861916561020756,1,1.0624138117930981,0.8288141269724718,False,False,False,False,0.2694959456922356,0.26458692593981514,False,False,False,False,-1538220,-4134974.968647051,False,False,False,False,1988270.8386433166,False,False,False,False
2025-03-21 00:00:00+00:00,58.1535020574,58.5051778636,57.7236760721,58.3488775053,1950281,,,,,,,,,58.23347340362117,57.98504546979704,,57.40068238482809,54.67381744996358,54.66838456176213,55.231952159725004,55.61219843476444,55.54719446383821,55.532296027820244,55.01598885434102,54.903305911595965,,55.487813744699835,54.747277922121135,55.09416288099915,"rgba(38, 166, 154, 0.5)",0.0,0.0,3.0369201735536975,55.33675559678869,0.9275009877244313,0.0,0.0,0.0,0.0,0.0,0.0,0.0,0.0,55.12944299761602,-0.7808782218663453,False,True,True,False,True,7.483190928291119,1,1.0560573147099912,0.8356889200724287,False,False,False,False,0.2506467274754222,0.25761682670761865,False,False,False,False,-3488501,-4109623.048307951,False,False,False,False,1986781.0410494613,False,False,False,False
2025-03-24 00:00:00+00:00,59.1303792968,59.3208703584,58.6126343599,58.6126343599,1594397,,,,,,,,59.021294671700005,58.40379951236968,58.015819366322766,,57.5042928517354,54.71550796643482,54.693083821913405,55.25132007630883,55.627512810833366,55.561873899735616,55.546876208761205,55.02942594289617,54.91659444159685,,55.52906505376862,54.75223481893017,55.097867731695686,"rgba(38, 166, 154, 0.5)",0.0,0.0,3.070374931989248,55.36288184767536,1.2270480096330572,0.0,0.0,0.0,0.0,0.0,0.0,0.0,0.0,57.51922849920287,1.2880759253240797,False,True,True,False,True,10.411651922285753,1,1.0696339174309772,0.8101666872996617,False,False,False,False,0.3428282431202129,0.3002225349139158,False,False,False,False,-1894104,-4022739.948374306,False,False,False,False,1971393.4315965413,False,False,False,False
2025-03-25 00:00:00+00:00,59.5406677373,59.8239621367,59.2671421103,59.3745986066,2096135,,,,,,,,59.318135781899386,58.65613849705739,58.073239038822884,,57.66243544772731,54.77562345236872,54.72900216278694,55.27997202265197,55.65050677092539,55.58387227794267,55.568715813377516,55.04924990620804,54.93614262611753,,55.58975448228279,54.759529786998456,55.10337523364169,"rgba(38, 166, 154, 0.5)",0.0,0.0,3.1095906858507862,55.40166396207751,1.331044562892385,0.0,0.0,0.0,0.0,0.0,0.0,0.0,0.0,60.06600975239717,3.8337347482386477,False,True,True,False,True,11.590359406826263,0,1.0867030934067943,0.8004111958556526,False,False,False,False,0.3428282430063348,0.3215253889601253,False,False,False,False,202031,-3857062.656281196,False,False,False,False,1976285.2578084415,False,False,False,False
2025-03-26 00:00:00+00:00,59.7360431852,59.9704937226,59.4918238753,59.7165056404,3179670,,,,,,,,59.51004481292465,58.926751663107076,58.16273129574638,,57.88031284089753,54.86751002270196,54.78458105195816,55.32460497584001,55.68654308327928,55.618351463570846,55.602945397155096,55.08024082842763,54.966684953575985,,55.68262501603699,54.77098852188179,55.11205789785991,"rgba(38, 166, 154, 0.5)",0.0,0.0,3.1516506966868403,55.69939613084621,1.2808040747019653,0.0,0.0,0.0,0.0,0.0,0.0,0.0,0.0,62.207816135367366,5.969396550604799,False,False,True,False,True,12.147708895573686,0,1.0707973358974048,0.8040219598640921,False,False,False,False,0.34282824258717187,0.33217681577364855,False,False,False,False,3381701,-3573189.571721149,False,False,False,False,2023476.8163257577,False,False,False,False
2025-03-27 00:00:00+00:00,59.5504365097,59.8532684539,59.3648298342,59.6871993232,2704619,,,,,,,,59.532491956344835,59.04348897616762,58.22530610179826,,58.02074022049499,54.94080512761097,54.8295526678834,55.36066013829215,55.71563068054493,55.64622581666154,55.63062631226826,55.105478737685516,54.991587882088744,,55.755724059492614,54.78041356687249,55.11918954847549,"rgba(38, 166, 154, 0.5)",0.0,0.0,3.146704158968602,55.736879939861275,1.2119209106358115,0.0,0.0,0.0,0.0,0.0,0.0,0.0,0.0,62.78430741203667,6.666869250597813,False,False,True,False,True,11.411432210389947,0,1.0628851988492274,0.8186918149808521,False,False,False,False,0.3272027382860197,0.32968977702983415,False,False,False,False,677082,-3406512.255183065,False,False,False,False,2050188.2745090611,False,False,False,False
2025-03-28 00:00:00+00:00,58.8959287593,59.657893006,58.8080098078,59.4722863305,4689778,,,,,,,,59.39707753086398,59.06153263500505,58.28858044209183,,58.157892910890894,55.05035618688265,54.8980810158127,55.41498093432477,55.759071414999404,55.68800476598325,55.6721459374107,55.14407085178062,55.02979976113032,,55.86146209093944,54.795084394651276,55.130210562951625,"rgba(38, 166, 154, 0.5)",0.0,0.0,3.1093522727357694,55.77782254850575,1.0028153574412377,0.0,0.0,0.0,0.0,0.0,0.0,0.0,0.0,60.40484620710471,6.666869250597813,False,False,True,False,True,8.86198890544485,0,1.0462055325662662,0.8410875141392707,False,False,False,False,0.278985098999924,0.3043374380148791,False,False,False,False,-4012696,-3430284.1667445134,False,False,False,False,2153701.5970773334,False,False,False,False
2025-03-31 00:00:00+00:00,58.5540217256,58.8715068283,58.2023459194,58.3293399605,1573778,,,,,,,,59.312174963421555,59.02375759032577,58.29446586983274,,58.173345765556114,55.08080401282413,54.917508609442635,55.430071032387524,55.770937787832665,55.69947758507049,55.68356012824826,55.154997465303154,55.040675335250164,,55.88944027035469,54.79933049586308,55.133361640142375,"rgba(38, 166, 154, 0.5)",0.0,0.0,3.0776372622913764,55.7843156587352,0.8999455851410784,0.0,0.0,0.0,0.0,0.0,0.0,0.0,0.0,57.53219676757614,6.666869250597813,False,True,True,False,False,7.563525983290685,0,1.0295604839685246,0.8600445449600548,False,False,False,False,0.1848413275254125,0.2445893827701458,False,False,False,False,-5586474,-3514840.6307937484,False,False,False,False,2130959.495231163,False,False,False,False
2025-04-01 00:00:00+00:00,57.967895382,58.8861599869,57.6797165964,58.5051778636,2157859,,,,,,,,59.17617131940193,58.946993201165036,58.2908778958229,,58.17358473643094,55.117390888003484,54.94116593607998,55.44812964104468,55.78492530023577,55.71306054095427,55.69708610854365,55.16826494107094,55.05393658752588,,55.921721783926024,54.80457114853681,55.1372115648455,#000000,0.0,0.0,3.044783482118124,55.78833793191509,0.7158333138909078,0.0,0.0,0.0,0.0,0.0,0.0,0.0,0.0,53.62071721974789,9.89399902860363,False,True,False,False,False,5.3862997264693675,0,1.013501280403871,0.9062413541973662,False,False,False,False,0.1526248809778174,0.1986071318739816,False,False,False,False,-7744333,-3680703.0766449743,False,False,False,False,2132014.3777711177,False,False,False,False
2025-04-02 00:00:00+00:00,58.5247154084,58.7493971734,57.2938500868,57.3426939488,1999741,,,,,,,,59.07747920420916,58.88821242298938,58.28806074285748,,58.17431081174714,55.15065689366061,54.96286143454534,55.46472336430987,55.79780456058063,55.72557354586563,55.70954764528208,55.180502852996646,55.06617088754567,,55.95098233659673,54.809429655714204,55.140784042323986,#000000,0.0,0.0,3.0221702030561373,55.79416103345651,0.9035078077939633,0.0,0.0,0.0,0.0,0.0,0.0,0.0,0.0,52.96114877779081,9.23954223589918,False,True,False,False,False,7.121482430023594,0,0.9717377877722662,0.9060472404478873,False,False,False,False,0.11980347119209163,0.1592053015330366,False,False,False,False,-5744592,-3761639.897168701,False,False,False,False,2126827.186485976,False,False,False,False
2025-04-03 00:00:00+00:00,57.3036188592,58.8177785802,57.0691683218,58.3098024157,2544636,,,,,,,,58.925382000515405,58.784163823752216,58.26904025354752,,58.14968110528608,55.185719041369545,54.98618364441188,55.48204070883933,55.8108867428698,55.73838105276407,55.72232288993578,55.19357823038314,55.07933302216222,,55.97972462468501,54.81475480004985,55.14463505425477,#000000,0.0,0.0,2.9848197943709134,55.794729452210845,0.5055211071150015,0.0,0.0,0.0,0.0,0.0,0.0,0.0,0.0,48.96826074006361,5.4085448061272245,False,True,False,False,False,2.7829392635581947,0,0.968368730225056,0.8984871724640495,False,False,False,False,0.11004054860895787,0.13462292507099724,False,False,False,False,-8289228,-3939192.3717895364,False,False,False,False,2143211.8458394674,False,False,False,False
2025-04-04 00:00:00+00:00,55.7210777315,56.2778977579,55.0274948916,56.2192851236,3891280,,,,,,,,58.446935782169525,58.40863125231624,58.14051875471645,55.675490126999996,57.95625952737618,55.19569197733395,54.99495419923553,55.484275880889264,55.80949938540189,55.737772545319494,55.72187443585299,55.19732804268311,55.08380343711488,,55.97239009932626,54.81714791168238,55.145839621817146,"rgba(239, 83, 80, 1.0)",0.0,0.0,2.936764638125739,55.74700645589223,-0.008829010011772009,0.0,0.0,0.0,0.0,0.0,0.0,0.0,0.0,43.200433767362235,0.05489733484034076,False,True,False,True,False,0.0,0,0.9368906995822296,0.9353613950477201,False,False,False,False,-0.17458076020258953,-0.019978917565796145,False,False,False,False,-12180508,-4262381.219954653,False,False,False,False,2211763.5381594882,False,False,False,False
2025-04-07 00:00:00+00:00,54.4218310032,55.8871468622,53.6012541221,54.0408488798,4056224,,,,,,,,57.940017254917095,57.98678685602587,57.96842165153162,55.1453378946582,57.70613655165909,55.18407457449717,54.9902654188677,55.47418963379163,55.797105617146826,55.72677874863326,55.711150204853645,55.19281776027529,55.08033606593376,,55.9396480807406,54.81662658266013,55.14463830381181,"rgba(239, 83, 80, 1.0)",0.0,0.0,2.8891811941738426,55.66805768671037,-0.4313425153200641,0.0,0.0,0.0,0.0,0.0,0.0,0.0,0.0,37.55720892224166,-5.020835885190074,False,True,False,True,False,0.0,0,0.9055623298369808,0.9496984844915178,True,False,False,False,-0.2929369845695426,-0.15645795106766935,False,False,False,False,-16236732,-4731963.603485843,True,False,False,False,2284095.3209767635,False,False,False,False
2025-04-08 00:00:00+00:00,54.5976689063,56.3560479371,54.0994615142,55.6038524628,2806786,,,,,,,,57.69366585849901,57.77351803211425,57.87143015049256,55.11203221433982,57.57291069241909,55.181716040260696,54.990511912096935,55.47046138186354,55.79144755214494,55.721913280918734,55.70644031641192,55.191848356711645,55.08000183919386,,55.92427041383493,54.81702790821521,55.14443141321477,"rgba(239, 83, 80, 1.0)",0.0,0.0,2.825891426522419,55.64490085371441,-0.3705846366161166,0.0,0.0,0.0,0.0,0.0,0.0,0.0,0.0,34.40290256039654,-7.724357399251268,False,True,False,True,False,0.0,0,0.9223512790237283,0.9446989596920067,False,False,False,False,-0.2291472158581054,-0.19280258346288737,False,False,False,False,-13429946,-5073060.952368751,False,False,False,False,2304592.994663949,False,False,False,False
2025-04-09 00:00:00+00:00,56.2192851236,56.7174925156,53.7282481633,54.2362243277,3626332,,,,,,,,57.483611095961805,57.58511600629953,57.77706271074849,55.223736662560896,57.451488134167384,55.18843106353738,54.996983419370295,55.47134425411311,55.78925049282351,55.72044658657318,55.70512299335931,55.1944276471161,55.08325548963439,,55.916480562569745,54.81892579664524,55.14529434560057,"rgba(239, 83, 80, 1.0)",0.0,0.0,2.7340519432299213,55.63392968408489,0.21409814139214633,0.0,0.0,0.0,0.0,0.0,0.0,0.0,0.0,37.10754960484107,-7.724357399251268,False,True,False,True,False,0.0,0,0.9162029838224452,0.9414865662880577,False,False,False,False,-0.2297816737378823,-0.21129212860038482,False,False,False,False,-9803614,-5258572.836589585,False,False,False,False,2356425.8968339907,False,False,False,False
2025-04-10 00:00:00+00:00,56.0581003791,56.4836827089,54.9347609735,55.8403605824,2933733,,,,,,,,57.361558252972095,57.47199729223223,57.71479623541462,55.32570153791783,57.37600973253677,55.19756952179318,55.00459713427078,55.47431120512923,55.78952107625498,55.72118826973698,55.705964348367516,55.19803306804389,55.08734602103064,,55.91495413258276,54.82101570961506,55.1464489860608,"rgba(239, 83, 80, 0.75)",0.0,0.0,2.628483901589589,55.629579019094024,0.16302985905556544,0.0,0.0,0.0,0.0,0.0,0.0,0.0,0.0,38.606513085773,-7.724357399251268,False,True,False,True,True,0.0,0,0.942170131260691,0.9445484348756796,False,False,False,False,-0.16740601568829372,-0.18934907214433927,False,False,False,False,-12737347,-5551858.097899797,False,False,False,False,2379065.391075795,False,False,False,False
2025-04-11 00:00:00+00:00,57.7604296985,57.9286831777,55.9294359538,55.9294359538,2367535,,,,,,,,57.352845920505544,57.45888711927349,57.702028975375654,55.55190468935148,57.36987749060029,55.2205548244722,55.02080367586676,55.48594077055314,55.79800033649269,55.72959992047999,55.714377732178384,55.20724903630584,55.096727478747226,,55.93220598683994,54.825005441035174,55.14926665261179,"rgba(239, 83, 80, 0.75)",0.0,0.0,2.5433412452072237,55.65165174811701,0.8291368507300598,0.0,0.0,0.0,0.0,0.0,0.0,0.0,0.0,43.49024899244346,-15.080628032617689,False,True,False,True,True,3.9292515069473914,0,0.9614378292261235,0.9283303920833862,False,False,False,False,-0.015468501031741877,-0.10240878658804058,False,False,False,False,-10369812,-5740797.466609609,False,False,False,False,2378613.218876744,False,False,False,False
2025-04-14 00:00:00+00:00,59.3439918561,59.423169964,58.1761147649,58.3938545615,1714173,,,,,,,58.981092195,57.416371340614454,57.51137068028952,57.72486065869715,55.82663843986063,57.410927801339945,55.25145625255572,55.04179941813364,55.5028516276376,55.81173509972188,55.74288058493315,55.72758842861948,55.21974720145639,55.109140028974196,,55.96141729485609,54.83003282451221,55.15305816517646,#000000,0.0,0.0,2.480881392124177,55.68864186105579,1.473407800408558,0.0,0.0,0.0,0.0,0.0,0.0,0.0,0.0,49.38813576863778,-9.616014504716532,False,True,False,False,True,7.986874121253521,0,0.9938754180302968,0.9016528619735951,False,False,False,False,0.2185698227263427,0.058080518069151064,False,False,False,False,-8655639,-5855104.977722959,False,False,False,False,2352556.739705107,False,False,False,False
2025-04-15 00:00:00+00:00,59.2252246943,59.9279304017,59.1064575324,59.4924508084,1512868,,,,,,,59.18679588013101,57.483061346025764,57.5677306031861,57.75114977964613,56.06392958056899,57.45510719393434,55.28146913288216,55.06218890632311,55.51950687737479,55.82542343171595,55.75608785958527,55.74071975366187,55.231987819451476,55.12126317168677,,55.99041617624136,54.834927656137864,55.156781033223616,"rgba(38, 166, 154, 0.5)",0.0,0.0,2.4230419291133884,55.72314183713617,1.4453249096045468,0.0,0.0,0.0,0.0,0.0,0.0,0.0,0.0,53.038681802894644,-6.320449554813713,False,True,True,False,True,7.625853582712974,0,1.061629143698654,0.8770017375744652,False,False,False,False,0.3113698290350805,0.18472517355211576,False,False,False,False,-10168507,-6024257.998204412,False,False,False,False,2319627.7695205933,False,False,False,False
2025-04-16 00:00:00+00:00,59.8190605034,59.9180331382,59.1658411134,59.4924508084,1988586,,,,,,,59.35742224307503,57.57324083049787,57.64495151387326,57.78877420968146,56.34909904821765,57.51633060275519,55.32227871700224,55.0900074384347,55.54237694623167,55.844322870822914,55.77431217842107,55.75883657151119,55.248787695904205,55.13788486142307,,56.030139732867305,54.8416459789006,55.1619103339752,"rgba(38, 166, 154, 0.5)",0.0,0.0,2.3636341634137423,55.76752977286941,1.7141107508274722,0.0,0.0,0.0,0.0,0.0,0.0,0.0,0.0,56.404789277157874,-3.2213898076041545,False,False,True,False,True,9.088790875324804,0,1.0198522936683445,0.8901694628671353,False,False,False,False,0.31497627603512457,0.24985072479362017,False,False,False,False,-8179921,-6108793.8021963965,False,False,False,False,2306645.7393433154,False,False,False,False
2025-04-17 00:00:00+00:00,60.076389354,60.2446428332,59.5270912306,59.8190605034,1560389,,,,,,,59.49373770447244,57.64891031752188,57.710593630302036,57.822123721476885,56.56142991707691,57.56880989992484,55.35606986681058,55.113097019104266,55.561513319043954,55.860243864881454,55.78965027559565,55.77408085511852,55.262821201401465,55.15174986369349,,56.06338063738137,54.8472501954332,55.1662098882313,"rgba(38, 166, 154, 0.5)",0.0,0.0,2.304632952617351,55.80297400734762,1.8542715627662523,0.0,0.0,0.0,0.0,0.0,0.0,0.0,0.0,59.048526387465486,-0.7160200701438413,False,False,True,False,True,9.715603665115943,0,1.0217546195341813,0.8900381451902428,False,False,False,False,0.3428282400103834,0.2963394824020018,False,False,False,False,-6619532,-6128822.751129871,False,False,False,False,2277380.7691729893,False,False,False,False
2025-04-21 00:00:00+00:00,60.1951565158,60.5217662108,59.8487522938,60.0466975635,1344677,,,,,,,59.608790610412676,57.71674483251972,57.76996383416276,57.85318762173705,56.73685664510898,57.61661611656401,55.38629204888085,55.13379472871621,55.57876309855632,55.87466190966848,55.80353271406826,55.78787650975345,55.27546141819722,55.1642266802231,,56.09331269759153,54.85229575562583,55.170093840219295,"rgba(38, 166, 154, 1.0)",0.0,0.0,2.2425933335664707,55.83387433352743,1.9447494634868443,0.0,0.0,0.0,0.0,0.0,0.0,0.0,0.0,61.00413619287452,1.2517711997151793,True,False,True,False,True,10.006694824741267,0,1.0241513079638642,0.8871644205324772,False,False,False,False,0.3428282408030138,0.3195838616025078,False,False,False,False,-5274855,-6095333.819713014,False,False,False,False,2240804.1507740486,False,False,False,False
2025-04-22 00:00:00+00:00,61.3234445531,61.5015952958,60.5316634743,60.6801224266,3207357,,,,,,61.118901107733336,60.036354354777764,57.920513591815265,57.95100355743762,57.95233458459239,57.19009134925576,57.762699929599655,55.47054906476362,55.19145066441327,55.627592901165784,55.91600113798704,55.84324516240194,55.82732022114395,55.31101071612676,55.199203250264205,,56.17881112640603,54.86638364709333,55.18104665858043,"rgba(38, 166, 154, 1.0)",0.0,0.0,2.203567301545757,55.92033654895304,2.451982292692761,0.0,0.0,0.0,0.0,0.0,0.0,0.0,0.0,64.00506745217842,4.28198323197735,True,False,True,False,True,12.69952230055435,0,1.027696454327131,0.8670550996069434,False,False,False,False,0.34282824260724726,0.3312060521048775,False,False,False,False,-2067498,-5937379.473841916,False,False,False,False,2278708.1840770273,False,False,False,False
2025-04-23 00:00:00+00:00,61.1551910738,62.016252997,60.9918862263,61.8578967813,1597759,,,,,,61.20830550554541,60.203403652802564,58.020967272817195,58.04112767214856,58.00351795420141,57.395775585156386,57.83649039972683,55.513558898933326,55.22104381897081,55.652773267404335,55.93740391151512,55.8638044827704,55.847739656556726,55.329371227506805,55.21725855428101,,56.22258566534669,54.87367875819535,55.18673420126891,"rgba(38, 166, 154, 1.0)",0.0,0.0,2.1469007629015766,55.962700792384375,2.4185981816867375,0.0,0.0,0.0,0.0,0.0,0.0,0.0,0.0,65.4630952723663,5.90892827670951,True,False,True,False,True,12.150075474752914,0,1.0295076654878756,0.8852657563276454,False,False,False,False,0.3428282434587082,0.33701714778179287,False,False,False,False,-3665257,-5848276.631730468,False,False,False,False,2252004.294505379,False,False,False,False
2025-04-24 00:00:00+00:00,61.5609788767,61.5807734037,61.1156020199,61.4224171879,2323004,,,,,,61.27700784226261,60.38860557795764,58.15832132199854,58.1651891329875,58.07593569754508,57.66334079149031,57.93947135189225,55.57531554549093,55.26378507068097,55.68919104792559,55.96840193678157,55.893593494336294,55.87732809387953,55.35600585027058,55.243454649286946,,56.28531176083687,54.884307044617806,55.1950265291696,"rgba(38, 166, 154, 1.0)",0.0,0.0,2.1154239662121417,56.02125770072424,2.618728569051399,0.0,0.0,0.0,0.0,0.0,0.0,0.0,0.0,67.04751848632083,7.744013378647367,True,False,True,False,True,13.104402148527594,0,1.0068771576607842,0.9055997000259106,False,False,False,False,0.3258428451486458,0.3314299964652193,False,False,False,False,-1342253,-5671569.822642999,False,False,False,False,2254788.5966816386,False,False,False,False
2025-04-25 00:00:00+00:00,61.5312870863,61.689643302,61.2442664452,61.4125199245,3173711,,,,,,61.34213163107966,60.5780707296992,58.33259289057064,58.32396758910941,58.17200002538285,57.98192931868421,58.073575109522665,55.658605621013024,55.32188128834623,55.738800881398056,56.010720565690555,55.93428276366713,55.9177468390185,55.39243150503849,55.27928587119361,,56.36972479589681,54.89892520083108,55.20644569525366,"rgba(38, 166, 154, 1.0)",0.0,0.0,2.0889099180358257,56.09685357003517,2.601564322780731,0.0,0.0,0.0,0.0,0.0,0.0,0.0,0.0,67.99485566321061,9.044907243775704,True,False,True,False,True,13.004630041195792,0,1.0178883954330795,0.8994066483217881,False,False,False,False,0.3387671258468274,0.3350985611560233,False,False,False,False,-4515964,-5626251.947245234,False,False,False,False,2290824.7693607905,False,False,False,False
2025-04-28 00:00:00+00:00,62.0954311049,62.2537873207,61.5906706672,61.5906706672,3066710,,,,,,61.48844856515984,60.77813356763552,58.50815593452205,58.485308106002684,58.272840852141734,58.279730514631446,58.21118501561441,55.74348920104232,55.381391392535285,55.789968439678105,56.05461524942471,55.97647223499216,55.95965140795534,55.43002561986091,55.316230891833264,,56.456317155205696,54.91403831032847,55.21830091898315,"rgba(38, 166, 154, 1.0)",0.0,0.0,2.0830648316824814,56.172736017079465,2.8432600837664777,0.0,0.0,0.0,0.0,0.0,0.0,0.0,0.0,69.5162581303518,10.933661328249528,True,False,True,False,True,14.336514112996312,0,1.0229649808513857,0.8844037579753965,False,False,False,False,0.34282824409699514,0.33896340262650926,False,False,False,False,-1449254,-5462448.106176793,False,False,False,False,2321251.6411505635,False,False,False,False
2025-04-29 00:00:00+00:00,62.6199860696,62.7585477584,61.9172803622,61.9172803622,3024273,,,,,,61.662510798484234,60.98216623761699,58.685969806676646,58.64990128342173,58.37869184741608,58.56386438450338,58.3528888361006,55.83090174248465,55.44299432905457,55.84323777310505,56.10052885202437,56.02059434280103,56.003472737091855,55.46921106700833,55.354712088157115,,56.5459090964656,54.92982854545525,55.23073028943503,"rgba(38, 166, 154, 1.0)",0.0,0.0,2.0704019837179137,56.24982287474559,3.0767760294622715,0.0,0.0,0.0,0.0,0.0,0.0,0.0,0.0,71.2910134543733,13.054031131808628,True,False,True,False,True,15.548356044483718,0,1.02778304842191,0.8771630200292544,False,False,False,False,0.34282824466183137,0.3408958236441703,False,False,False,False,1575019,-5186469.003973781,False,False,False,False,2348821.1062034825,False,False,False,False
2025-04-30 00:00:00+00:00,63.1247465074,63.2633081962,62.1746092128,62.4814243808,1842829,,,,,,61.78294080919852,61.11305990085721,58.797977750428274,58.75409621028874,58.447039079026176,58.73559980615716,58.44312939357293,55.88639113102024,55.48224315842116,55.877333985058186,56.130027846695235,56.04893689732243,56.03162036605729,55.494309395161736,55.379344027716336,,56.60301927130444,54.93995754688228,55.2387259995394,"rgba(38, 166, 154, 1.0)",0.0,0.0,2.0890493445701313,56.2984538337098,3.2676550658954686,0.0,0.0,0.0,0.0,0.0,0.0,0.0,0.0,73.15252934604248,15.229235818922177,True,False,True,False,True,16.692062374053698,0,1.0356283083413929,0.8665443318755083,False,False,False,False,0.3428282451278695,0.3418620343860199,False,False,False,False,3417848,-4849044.807739516,False,False,False,False,2328978.2785092285,False,False,False,False
2025-05-01 00:00:00+00:00,62.4913216443,63.3325890405,62.4517325904,62.9861848186,1601298,,,,,,61.861694759041015,61.20730666062621,58.88834595293869,58.83851281294515,58.50350258056058,58.87082236862505,58.51701680341817,55.93324833191938,55.51557356832291,55.90629061132181,56.15509034956399,56.07303094866523,56.05555131395757,55.51569838470875,55.400344288267725,,56.65106444007043,54.948631840554256,55.245573029027206,"rgba(38, 166, 154, 1.0)",0.0,0.0,2.0809345739439125,56.338578643174436,2.9567210224512324,0.0,0.0,0.0,0.0,0.0,0.0,0.0,0.0,71.81976406491553,15.229235818922177,True,False,True,False,True,14.487627005381515,0,1.045877816448589,0.8654367084079585,False,False,False,False,0.3428282453252956,0.34234513985565773,False,False,False,False,1816550,-4587648.932926202,False,False,False,False,2300441.796999063,False,False,False,False
2025-05-02 00:00:00+00:00,63.3028972501,63.515688415,62.8872121837,63.1148492439,1352977,,,,,,61.949397327247695,61.300917205794235,58.97056357841943,58.91545557328386,58.55528718667759,58.991350850787185,58.58430035633266,55.97507464744904,55.54533613710592,55.93225649018501,56.17763715097577,56.094696194291764,56.07706749295254,55.53485559663929,55.419138541099294,,56.69420155100163,54.95639243823687,55.25171501760458,"rgba(38, 166, 154, 1.0)",0.0,0.0,2.1038574164268398,56.37471684183795,3.293084576058757,0.0,0.0,0.0,0.0,0.0,0.0,0.0,0.0,72.20624480002905,15.229235818922177,True,False,True,False,True,16.33169517549336,0,1.0346672282562765,0.8608096715277148,False,False,False,False,0.34282824565772896,0.34258669275669335,False,False,False,False,3169527,-4283445.955164391,False,False,False,False,2263286.3147638054,False,False,False,False
2025-05-05 00:00:00+00:00,63.2039246152,63.3573321993,62.83861662,63.0950547169,929662,,,,,,61.999155102677626,61.35724898629486,59.023969338569266,58.965570710699154,58.58945639008396,59.06848301546609,58.628441442748354,56.00313804533299,55.565384589059384,55.94974421719777,56.19282388148387,56.109295558608046,56.09156761311004,55.547790353058694,55.431832528362825,,56.7230588960015,54.96165092650526,55.255876013766716,"rgba(38, 166, 154, 1.0)",0.0,0.0,2.1345691219781546,56.39858700275305,3.1881551842838856,0.0,0.0,0.0,0.0,0.0,0.0,0.0,0.0,72.06586054532966,15.34507432107526,True,False,True,False,True,15.986654293422578,0,1.0375394638119797,0.8695711818800448,False,False,False,False,0.3337929472594451,0.3381898200080692,False,False,False,False,2239865,-4027629.839275591,False,False,False,False,2210987.32202797,False,False,False,False
2025-05-06 00:00:00+00:00,62.7981368124,63.2039246152,62.6001915427,63.2039246152,1141125,,,,,,62.04175037685504,61.412163404833265,59.083556600963185,59.02165865034067,58.62829315114541,59.15337882735651,58.67833619913874,56.03601212716908,55.588989471336205,55.97030378596006,56.210663967521405,56.12645795167324,56.10861575775533,55.56305281761949,55.44682098101394,,56.756673973110885,54.96788657669862,55.26080529578305,"rgba(38, 166, 154, 0.75)",0.0,0.0,2.1436957707679114,56.42592041450398,2.972537654264896,0.0,0.0,0.0,0.0,0.0,0.0,0.0,0.0,70.32784191022394,15.34507432107526,True,False,True,False,False,14.570945350548037,0,1.0398134010845639,0.8572808241773711,False,False,False,False,0.3168275415930446,0.3275086808005569,False,False,False,False,1098740,-3826595.72793145,False,False,False,False,2169031.9368504025,False,False,False,False
2025-05-07 00:00:00+00:00,62.4814243808,63.3226917771,62.4814243808,62.8476231298,1294275,,,,,,62.07970613401324,61.46562401867029,59.14711915163461,59.081660196939936,58.67042147029778,59.242579884043046,58.73213361446348,56.07234883171494,55.61519266060048,55.99312055988893,56.2304642130177,56.145515297397786,56.127547985036564,55.58003771398544,55.46350724309426,,56.79370705670592,54.974852856762354,55.26631092639842,"rgba(38, 166, 154, 0.75)",0.0,0.0,2.1821162847737647,56.45565736605664,2.7614325857836177,0.0,0.0,0.0,0.0,0.0,0.0,0.0,0.0,67.92763520493547,15.34507432107526,True,False,True,False,False,13.474581162374193,0,1.0366257787957522,0.8578919826738897,False,False,False,False,0.31682754159304394,0.32216811119680044,False,False,False,False,-195535,-3684201.189581197,False,False,False,False,2134727.743248426,False,False,False,False
2025-05-08 00:00:00+00:00,62.402246273,62.9556141511,62.3032736381,62.3032736381,1085672,,,,,,62.09977638009224,61.5006139147658,59.195793203646275,59.12776242859294,58.703338858523466,59.30984382727784,58.773904092758,56.1015886078065,55.636389544139234,56.011557066681696,56.24645476390837,56.160916649999955,56.142850314193154,55.593812287774874,55.47704802688699,,56.82334980458787,54.9805308271999,55.27079489850182,"rgba(38, 166, 154, 0.75)",0.0,0.0,2.2112714384180854,56.4790776804151,2.678625739779038,0.0,0.0,0.0,0.0,0.0,0.0,0.0,0.0,66.00996423256098,15.34507432107526,True,False,True,False,False,13.19917975073329,0,1.0365461096714381,0.8617860796566607,False,False,False,False,0.2935085423538782,0.3078383267753393,False,False,False,False,-1281207,-3589966.1233231113,False,False,False,False,2093588.3023367228,False,False,False,False
2025-05-09 00:00:00+00:00,62.5309106983,62.7486504949,62.1449174223,62.6991641775,921395,,,,,,62.11278625969882,61.52649521287875,59.23507901166895,59.165059983882195,58.73027728848498,59.363485302223495,58.807919356382044,56.125896954986835,55.65407371714538,56.02693509287143,56.25979347614775,56.17376903443189,56.15562103608198,55.60532794641362,55.48837174663225,,56.84792585508855,54.98529284815044,55.27455488550633,"rgba(38, 166, 154, 0.75)",0.0,0.0,2.233231331321646,56.498312552976074,2.701286723285303,0.0,0.0,0.0,0.0,0.0,0.0,0.0,0.0,65.06268040272029,20.80651991778626,True,False,True,False,False,13.516525974859729,0,1.0443522311734337,0.8648051298472641,False,False,False,False,0.2780573567978276,0.29294784178658345,False,False,False,False,-359812,-3463293.412604558,False,False,False,False,2047619.9375392043,False,False,False,False
2025-05-12 00:00:00+00:00,62.6298833331,63.2929999866,62.4616298539,63.2929999866,1329414,,,,,,62.14529544830215,61.57331696899444,59.29556873899662,59.222495930096684,58.77173781756536,59.44539151016832,58.860098179894635,56.16239613867414,55.68061791480295,56.05008922526972,56.27992434139043,56.193157980385855,56.17488499218529,55.62264614139517,55.505390898344324,,56.88500585248948,54.9924460855434,55.280213790472835,"rgba(38, 166, 154, 0.75)",0.0,0.0,2.25860958849165,56.527534404821026,2.7018166217713864,0.0,0.0,0.0,0.0,0.0,0.0,0.0,0.0,64.69808099815779,20.17016067240968,True,False,True,False,False,13.76334641221531,0,1.0339179160224932,0.8669682222094757,False,False,False,False,0.3146975848111658,0.3038227132988746,False,False,False,False,969602,-3289454.3768161437,False,False,False,False,2019454.9988121768,False,False,False,False
2025-05-13 00:00:00+00:00,63.2831027231,63.3672294627,62.5952429109,62.728855968,1501496,,,,,,62.193138388160875,61.63369682733367,59.36686762306915,59.29025854745434,58.820828577625186,59.54085595438046,58.92159347004204,56.20490566445057,55.71156172733578,56.0771554735374,56.30350749535582,56.21586673450031,56.19744604910387,55.64288473347989,55.52527107222275,,56.92834053186785,55.000806133306725,55.2868386911732,"rgba(38, 166, 154, 0.75)",0.0,0.0,2.2979129714849313,56.561782865546604,2.9249671075271495,0.0,0.0,0.0,0.0,0.0,0.0,0.0,0.0,66.09231244297474,20.17016067240968,True,False,True,False,False,15.375351509289526,0,1.0465926084475023,0.8623520211831267,False,False,False,False,0.3236622474129153,0.31374248035589497,False,False,False,False,2471098,-3063550.3620390403,False,False,False,False,1999142.8812116992,False,False,False,False
2025-05-14 00:00:00+00:00,63.5503288372,63.669095999,63.1247465074,63.362280831,1708272,,,,,,62.26206629202402,61.71271949421204,59.45246932920143,59.37168789657292,58.88002188773754,59.654168864252185,58.99538422093961,56.25518035193976,55.748187393084024,56.109293499638056,56.33157911206545,56.242889695300214,56.22429134269908,55.66690424241475,55.54885247432156,,56.97980226325355,55.0107265450207,55.29471570636623,"rgba(38, 166, 154, 1.0)",0.0,0.0,2.343226772950734,56.602605610986316,2.9650238322706963,0.0,0.0,0.0,0.0,0.0,0.0,0.0,0.0,67.62136243556634,20.17016067240968,True,False,True,False,True,16.023430910914836,0,1.0881896526239825,0.8348552971915659,False,False,False,False,0.3428282458555707,0.32828536310573286,False,False,False,False,4179370,-2779514.2694100584,False,False,False,False,1987736.1799877111,False,False,False,False
2025-05-15 00:00:00+00:00,64.3025208621,64.3025208621,63.4810479928,63.8373494783,1536464,,,,,,62.345232826711545,61.800024605002214,59.53720219359496,59.452301146028965,58.93858769253259,59.76537458310875,59.06811873279951,56.30340864099172,55.783296385183824,56.14022896093764,56.35868439771307,56.26896773803991,56.25019462982563,55.68998478187277,55.57149286173745,,57.0294923447381,55.02024200873451,55.3022911389048,"rgba(38, 166, 154, 1.0)",0.0,0.0,2.4014898382267638,56.64236011431969,3.189753554583637,0.0,0.0,0.0,0.0,0.0,0.0,0.0,0.0,70.12433629965942,20.17016067240968,True,False,True,False,True,17.808908981175183,0,1.0841619199107813,0.830202651606308,False,False,False,False,0.3428282463186374,0.33555680471218513,False,False,False,False,5715834,-2446363.356884174,False,False,False,False,1970039.231752899,False,False,False,False
2025-05-16 00:00:00+00:00,63.6493014721,64.3025208621,63.5503288372,64.1936509637,2821930,,,,,,62.46371516217482,61.931732653763845,59.67851928519539,59.5873150286709,59.038768980264685,59.94686554030138,59.191339009593165,56.38825231138345,55.84550533297732,56.19503461977224,56.40672211274069,56.31522132574034,56.296145061381885,55.73106337567067,55.6118118759019,,57.116465597875695,55.03728978710329,55.315860717245116,"rgba(38, 166, 154, 1.0)",0.0,0.0,2.4371062289097405,56.710826525864704,2.847013750951381,0.0,0.0,0.0,0.0,0.0,0.0,0.0,0.0,68.62139855083304,20.17016067240968,True,False,True,False,True,15.38413376805336,0,1.076937171211564,0.8371656321646815,False,False,False,False,0.34282824634918274,0.3391925255306839,False,False,False,False,2893904,-2236941.1075945986,False,False,False,False,2003446.7128606285,False,False,False,False
2025-05-19 00:00:00+00:00,64.0748838019,64.1890982225,63.4612534659,63.6591987356,816578,,,,,,62.49623531266414,61.96808908735702,59.71839530966752,59.62550252820193,59.067435650351115,59.99734888820996,59.22636749265296,56.412689564405866,55.8634936019005,56.210901262142634,56.42064577840153,56.32863166596209,56.30946812788253,55.74298141530616,55.623510483888595,,57.14149371342803,55.04225218029151,55.31981348676498,"rgba(38, 166, 154, 1.0)",0.0,0.0,2.478261318483646,56.730410801836385,2.9635587439009137,0.0,0.0,0.0,0.0,0.0,0.0,0.0,0.0,68.57313955818148,20.17016067240968,True,False,True,False,True,16.401936298745944,0,1.0791635286510488,0.8359584694454661,False,False,False,False,0.3346830592670873,0.3369377923988856,False,False,False,False,3710482,-2003708.828865399,False,False,False,False,1956902.841768055,False,False,False,False
2025-05-20 00:00:00+00:00,64.1342673828,64.3520071795,63.7779658974,64.0748838019,1465407,,,,,,62.55804244531954,62.03582772410516,59.79109078569486,59.695171592360374,59.11992077634706,60.08880758408256,59.29030405944318,56.4571896800188,55.896290827673866,56.2398727979502,56.44610006780654,56.35314670944405,56.33382328670645,55.76475099166486,55.64487543702664,,57.18712927873356,55.05132381965422,55.32704610134904,"rgba(38, 166, 154, 1.0)",0.0,0.0,2.510314082912845,56.7661304572952,2.935145436843179,0.0,0.0,0.0,0.0,0.0,0.0,0.0,0.0,68.67347604077497,20.17016067240968,True,False,True,False,True,16.54403405750245,0,1.0919594108538986,0.8287816736865663,False,False,False,False,0.3428282464690941,0.33988301943398985,False,False,False,False,5175889,-1722155.9728314618,False,False,False,False,1937628.495032053,False,False,False,False
2025-05-21 00:00:00+00:00,64.1144728559,64.2926235986,63.8868357957,64.055089275,2114050,,,,,,62.63972468793406,62.12669515080255,59.89203412675269,59.79214841807327,59.193880085655,60.214078140328844,59.37981778812552,56.52056766387867,55.9432036911349,56.281346937482276,56.482572180509194,56.388286226575715,56.368735929470226,55.79599432308323,55.6755438742753,,57.25201120495238,55.06439318635824,55.33747090258378,"rgba(38, 166, 154, 1.0)",0.0,0.0,2.525870998983868,56.81656883432553,2.8892623671241906,0.0,0.0,0.0,0.0,0.0,0.0,0.0,0.0,68.63470054064763,20.17016067240968,True,False,True,False,True,16.46858937901284,0,1.1267264011184406,0.8129428554768294,False,False,False,False,0.3428282464901326,0.34135563296206123,False,False,False,False,3061839,-1534548.3268380712,False,False,False,False,1944546.985422953,False,False,False,False
2025-05-22 00:00:00+00:00,66.2621790321,66.9055011586,64.4410825509,64.8270758268,3707869,,,,,65.86958758053333,62.91463145785008,62.39521337184822,60.128055408712626,60.01819943593688,59.36341825982514,60.50791352147183,59.58504616697667,56.654628773585586,56.0417984275653,56.369290868552994,56.56039626208864,56.46314084283975,56.443080371733025,55.86180421483045,55.74000180386753,,57.39161382848503,55.09170240423105,55.359380906568596,"rgba(38, 166, 154, 1.0)",0.0,0.0,2.6148902507639677,56.92810030523219,3.569587184066617,0.0,0.0,0.0,0.0,1.0,65.8464939657,64.2926235986,0.0,72.32492534256889,18.07411462669856,True,False,True,False,True,20.0,0,1.1199354135540278,0.7666436359924851,False,False,False,False,0.3428282476384571,0.34209194030025913,False,False,False,False,6769708,-1208891.2159816762,False,False,False,False,2013696.8683475433,False,False,False,False
2025-05-23 00:00:00+00:00,67.0044737935,67.3508780155,65.8464939657,66.321562613,2348014,,,,,66.20472149163439,63.1099594713534,62.58375658548236,60.289197916180555,60.1727412163577,59.480076757817045,60.70623124833072,59.725396272250784,56.7453310960846,56.10862988452692,56.42914347013189,56.613528890104604,56.514234347174344,56.493822371688076,55.90659671625578,55.783847230453766,,57.48647918476951,55.110305928622445,55.37434554576856,"rgba(38, 166, 154, 1.0)",0.0,0.0,2.722133831495302,57.004048397330656,3.6737449424652215,0.0,0.0,0.0,0.0,1.0,67.0539601109,66.9055011586,0.0,75.58863815793421,21.193400089096897,True,False,True,False,True,20.0,0,1.1426284887432947,0.7599518057454598,False,False,False,False,0.3428282481674838,0.34246009423387147,False,False,False,False,9117722,-803925.9918255319,False,False,False,False,2026807.3440986201,False,False,False,False
2025-05-27 00:00:00+00:00,67.5191314947,68.0337891959,67.0539601109,67.4201588599,1579117,,,,,66.47998742603765,63.2571178182929,62.724367854733444,60.40616110206373,60.28495426750125,59.56492209825863,60.84946342539564,59.82717434104995,56.81024141167902,56.15646422757273,56.47211045526485,56.651757247202404,56.55098462587381,56.53031721135911,55.93872929318828,55.8152830401428,,57.55464070999645,55.12364462000372,55.3850963318783,"rgba(38, 166, 154, 1.0)",0.0,0.0,2.843469943294379,57.05881552341005,3.67871515433389,0.0,0.0,0.0,0.0,0.0,0.0,0.0,0.0,78.25963915996289,23.663610847752693,True,False,True,False,True,20.0,0,1.1645215164496414,0.7584778127839311,False,False,False,False,0.34282824862885897,0.3426441714313652,False,False,False,False,10696839,-352915.5999892366,False,False,False,False,2009250.8600163213,False,False,False,False
2025-05-28 00:00:00+00:00,67.4102615964,67.9132405267,67.3310834885,67.5389260217,1705215,,,,,66.67561546841897,63.40596960458077,62.86797985694502,60.52856919622529,60.402606642668864,59.654736979386676,60.997887985488454,59.934362936123485,56.87956634841777,56.20774216793874,56.51820288256734,56.69279876601712,56.590452360175945,56.56951289982802,55.97327625822858,55.849086592338885,,57.62732998682639,55.138034741930866,55.39669944633111,"rgba(38, 166, 154, 1.0)",0.0,0.0,2.9494191306182533,57.11689510349099,3.4899639681767893,0.0,0.0,0.0,0.0,0.0,0.0,0.0,0.0,79.51186943399262,24.799718383054625,True,False,True,False,True,20.0,0,1.1534511597386896,0.7741006494674724,False,False,False,False,0.3428282486640364,0.34273621004770083,False,False,False,False,8991624,13536.933343674638,False,False,False,False,1997327.8851137205,False,False,False,False
2025-05-29 00:00:00+00:00,68.0337891959,68.0634809864,67.3805698059,67.7467685549,1640672,,,,,66.84748830357684,63.54861762678514,63.00595099655618,60.646899237045716,60.51647410564614,59.742203359223055,61.14034384647044,60.03833893193487,56.94712139217486,56.25782848876727,56.563284171077555,56.73298673932305,56.629103850171354,56.607898548833745,56.00710536303043,55.88218574514973,,57.69818354846028,55.15215415034269,55.408094082365686,"rgba(38, 166, 154, 1.0)",0.0,0.0,3.0879257554299238,57.173387354229746,3.5170540686002303,0.0,0.0,0.0,0.0,0.0,0.0,0.0,0.0,80.98640510324805,26.201628373837195,True,False,True,False,True,20.0,0,1.1509612595517131,0.7741102976433273,False,False,False,False,0.3428282487082927,0.34278222937799674,False,False,False,False,10632296,429958.8575262756,False,False,False,False,1983341.3798151433,False,False,False,False
2025-05-30 00:00:00+00:00,68.340604364,68.5880359511,67.8457411897,67.8655357167,1635517,,,,,67.03035529515866,63.69540970285707,63.147717506691386,60.76797360785931,60.63306826358118,59.832113822518316,61.285361686476016,60.14489934309803,57.01628189570088,56.309178801804215,56.609578253990335,56.77431029481965,56.66884713960702,56.64736808092443,56.04186266214504,55.91618666348666,,57.77081386818125,55.16667685159764,55.41982674173076,"rgba(38, 166, 154, 1.0)",0.0,0.0,3.229110127404323,57.231290631318984,3.4403638446394798,0.0,0.0,0.0,0.0,1.0,68.2762721513,68.0634809864,0.0,82.26184558923389,27.453258118423904,True,False,True,False,True,20.0,0,1.1545454196972655,0.7662215454189618,False,False,False,False,0.3428282489179193,0.342805239147958,False,False,False,False,12267813,894188.4317409315,False,False,False,False,1969701.2080576867,False,False,False,False
2025-06-02 00:00:00+00:00,68.5880359511,68.667214059,68.2762721513,68.3999879449,1582318,,,,,67.1953047390501,63.836360644068286,63.284197265356745,60.88532451804283,60.746200015139614,59.9198629723041,61.425025774609516,60.24852286325241,57.08387677802203,56.35948281626731,56.654981886948235,56.814881101602964,56.70787172297241,56.68612459578021,56.07599305142646,55.9495733288013,,57.84180541608535,55.18096684472422,55.431380138468676,"rgba(38, 166, 154, 1.0)",0.0,0.0,3.3639229527925174,57.28777144028574,3.3592518822208723,0.0,0.0,0.0,0.0,0.0,0.0,0.0,0.0,83.34604479542142,28.56414402786892,True,False,True,False,True,20.0,0,1.168952731637554,0.7645432405624096,False,False,False,False,0.3428282490199809,0.34281674408396945,False,False,False,False,13850131,1402264.610888346,False,False,False,False,1954509.7097024834,False,False,False,False
2025-06-03 00:00:00+00:00,69.2412553411,69.2758957633,68.3702961544,68.3702961544,1838081,,,,,67.39785232401718,64.00493842487653,63.447244192471075,61.02507487015721,60.88102183708353,60.02484075407324,61.59056073564593,60.37212975892997,57.16447282214416,56.41955388340907,56.70928566176403,56.86346665678056,56.75460612345669,56.73253768313558,56.11683897605593,55.98952254353713,,57.9265466530401,55.19808982792257,55.44523832786739,"rgba(38, 166, 154, 1.0)",0.0,0.0,3.509432744374382,57.355181144143934,3.386893285249428,0.0,0.0,0.0,0.0,0.0,0.0,0.0,0.0,84.64007507441218,29.901701459971278,True,False,True,False,True,20.0,0,1.1735972028386201,0.7497410647191701,False,False,False,False,0.34282824915462884,0.34282249661929914,False,False,False,False,15688212,1962497.8418339011,False,False,False,False,1949943.877949445,False,False,False,False
2025-06-04 00:00:00+00:00,68.8651593287,69.3699197664,68.8602106969,69.2610498681,1392208,,,,,67.528367123849,64.12710698895823,63.5661153658702,61.12864447674018,60.98108103054396,60.10334930015787,61.712314599427955,60.464180008874315,57.22514829105913,56.46492265396173,56.75032956958253,56.900217917752336,56.78996689943287,56.767657019699136,56.147770695093044,56.019778916333166,,57.990274710083476,55.21109604323991,55.45576968689426,"rgba(38, 166, 154, 1.0)",0.0,0.0,3.6303113703589243,57.40568669482927,3.156608749165708,0.0,0.0,0.0,0.0,0.0,0.0,0.0,0.0,83.47607356630155,29.901701459971278,True,False,True,False,True,20.0,0,1.1770017136311857,0.7653964112193246,False,False,False,False,0.34282824926151056,0.3428253729404048,False,False,False,False,14296004,2446164.7499972777,False,False,False,False,1928071.8827357413,False,False,False,False
2025-06-05 00:00:00+00:00,69.2511526046,69.2511526046,68.8453648017,68.993823754,2076183,,,,,67.69734714092134,64.30159280135454,63.736863497922535,61.279805565889426,61.12732903264883,60.218997889105445,61.88866351676272,60.599187676296374,57.31512564430053,56.53242634855949,56.81144826645458,56.95499130938131,56.842683031341544,56.82001579183705,56.193923945664416,56.064930045278004,,58.084678269639376,55.23056447600417,55.471541816154215,"rgba(38, 166, 154, 1.0)",0.0,0.0,3.755900076532826,57.480235354670036,3.1339804068472485,0.0,0.0,0.0,0.0,0.0,0.0,0.0,0.0,83.15849177226738,29.901701459971278,True,False,True,False,True,20.0,0,1.167538317453914,0.7789751148768792,False,False,False,False,0.3393890129042625,0.34110719292233366,False,False,False,False,16372187,2992283.2696052277,False,False,False,False,1933880.1618441436,False,False,False,False
2025-06-06 00:00:00+00:00,69.6668376709,69.8350911502,69.1422827062,69.2313580776,1674642,,,,,67.84367967544775,64.44554136874804,63.877583970721474,61.40412363554017,61.24769307705765,60.314566655965585,62.03304715357266,60.71042471536674,57.38933676072638,56.5882040589415,56.86202408570548,57.000372165579805,56.88636203671537,56.86339885534806,56.23214941775282,56.10232109218677,,58.162602329920105,55.246715496553975,55.484639166622266,"rgba(38, 166, 154, 1.0)",0.0,0.0,3.8851686584925798,57.54175357448223,3.120864282149908,0.0,0.0,0.0,0.0,0.0,0.0,0.0,0.0,83.41015991550951,29.901701459971278,True,False,True,False,True,20.0,0,1.168249714441112,0.7713430536687494,False,False,False,False,0.34282824939210865,0.3419677211572212,False,False,False,False,18046829,3582657.6119736503,False,False,False,False,1923713.959418883,False,False,False,False
2025-06-09 00:00:00+00:00,69.3699197664,69.9835501025,69.2504597961,69.4787896647,1397527,,,,,67.94834943745036,64.55945796498649,63.98963892283634,61.504877331203154,61.34537845884175,60.392721024316714,62.14922837898182,60.801021586578536,57.45051423276772,56.63433934150936,56.90387996609773,57.037953652614135,56.922545520634145,56.8993391892381,56.26385033428911,56.133335391747416,,58.22674962707122,55.26015339696884,55.495540144784826,"rgba(38, 166, 154, 0.75)",0.0,0.0,3.9981223319470067,57.5922108508985,2.9458100422269937,0.0,0.0,0.0,0.0,0.0,0.0,0.0,0.0,81.93260027488894,29.901701459971278,True,False,True,False,False,20.0,0,1.1720275102917503,0.7672588734134256,False,False,False,False,0.34282824943544804,0.3423979852963346,False,False,False,False,16649302,4095075.038955076,False,False,False,False,1903079.176696574,False,False,False,False
2025-06-10 00:00:00+00:00,70.0033446294,70.0330364199,69.280844395,69.280844395,1847077,,,,,68.08629231379811,64.70925115604645,64.13716798295373,61.63810301423381,61.47465513182751,60.4966396607277,62.30214096233825,60.9211284485029,57.53200409966536,56.69592768506693,56.95981090088299,57.08821827421289,56.97094750850394,56.947417003965775,56.30626409807737,56.174830531294425,,58.31218892689561,55.278170391964586,55.51016533924879,"rgba(38, 166, 154, 0.75)",0.0,0.0,4.116585045968838,57.65933309835814,2.998604764191554,0.0,0.0,0.0,0.0,0.0,0.0,0.0,0.0,81.79752959167212,29.901701459971278,True,False,True,False,False,20.0,0,1.183811403759748,0.7620381793447726,False,False,False,False,0.3428282494487841,0.34261311737255934,False,False,False,False,18496379,4659832.057035269,False,False,False,False,1900883.0129045516,False,False,False,False
2025-06-11 00:00:00+00:00,69.5381732456,70.0231391564,69.3402279759,69.973652839,1881052,,,,,68.19695477346707,64.84926414662164,64.27636133425904,61.767200428555554,61.60016448177189,60.59858366254085,62.44891375940761,61.03832006105094,57.612965542480104,56.757399894498946,57.01566253117967,57.13844652265963,57.019336980380736,56.99548645331084,56.34874351556304,56.21640225025039,,58.39687346257718,55.29629790254276,55.52488438219053,"rgba(38, 166, 154, 0.75)",0.0,0.0,4.209094727358478,57.725525695153465,2.8064579952706037,0.0,0.0,0.0,0.0,0.0,0.0,0.0,0.0,79.28234197871794,33.2143338750798,True,False,True,False,False,20.0,0,1.1973036356738438,0.747313173719442,False,False,False,False,0.3428282494570111,0.34272068341478523,False,False,False,False,16615327,5128674.995975063,False,False,False,False,1900105.326123981,False,False,False,False
2025-06-12 00:00:00+00:00,70.0528309469,70.0924200008,69.4886869282,69.7707589375,1379659,,,,,68.280726778401,64.9519859264083,64.37850472852992,61.8621251730611,61.692515816642505,60.67390177580575,62.55641546360107,61.124674735557555,57.67285356185741,56.8029644919138,57.05710156654229,57.17574633444378,57.05527616948465,57.03118868215655,56.38029772486565,56.24728199451766,,58.459516481998165,55.30979035912487,55.53584705211014,"rgba(38, 166, 154, 0.75)",0.0,0.0,4.309703728805703,57.77445437935089,2.8490071105077264,0.0,0.0,0.0,0.0,0.0,0.0,0.0,0.0,78.44636142197092,32.30993525031049,True,False,True,False,False,20.0,0,1.2129028572649478,0.7432272976875985,False,False,False,False,0.3428282494928881,0.3427744664538367,False,False,False,False,17994986,5633236.211819178,False,False,False,False,1879695.6662759818,False,False,False,False
2025-06-13 00:00:00+00:00,70.0726254738,70.320057061,69.3699197664,69.5480705091,1912708,,,,,68.38671789595378,65.08882592847922,64.51515995821444,61.99079331766976,61.817844777896994,60.776797234704574,62.70125004157497,61.242213097884175,57.7552075240165,56.86581806310266,57.114302092488,57.22727094816525,57.10493543234494,57.08052298661928,56.423938846356336,56.28999630373942,,58.545562136014716,55.32850949576944,55.551062983992914,"rgba(38, 166, 154, 0.75)",0.0,0.0,4.40412841918287,57.84149470255852,2.7771966680096973,0.0,0.0,0.0,0.0,0.0,0.0,0.0,0.0,77.92099645998874,31.67351665935746,True,False,True,False,False,20.0,0,1.220376210247283,0.7333710886172319,False,False,False,False,0.3428282495106326,0.34280135798223466,False,False,False,False,19907694,6193018.870179212,False,False,False,False,1880990.2675984923,False,False,False,False
2025-06-16 00:00:00+00:00,70.320057061,70.7456393908,70.2408789531,70.2408789531,1158520,,,,,68.46389161534842,65.17654833712041,64.60227571635684,62.07167771152625,61.896621080526934,60.841460031697544,62.79229659930386,61.31602236976557,57.80664014995899,56.905085478347516,57.15008393813057,57.25953425845485,57.136028286581166,57.11141171986305,56.45123831219606,56.316710620586534,,58.59938392485,55.3402233615531,55.560593094253484,"rgba(38, 166, 154, 0.75)",0.0,0.0,4.497881035708203,57.88351420924174,2.764978164834921,0.0,0.0,0.0,0.0,0.0,0.0,0.0,0.0,77.98482586293584,31.561307931337936,True,False,True,False,False,20.0,0,1.2441094950091731,0.716816017389933,False,False,False,False,0.34282824971252485,0.3428148038473797,False,False,False,False,21066214,6776281.424289832,False,False,False,False,1852658.1002416888,False,False,False,False
2025-06-17 00:00:00+00:00,70.1715981087,70.5575913846,69.8876456193,70.2111871626,1624300,,,,,68.55126087466263,65.2896314192145,64.71553896967835,62.17946037850949,62.00176530954803,60.92853799656197,62.91266422947103,61.41497378744055,57.876752442861864,56.95883008982304,57.199066702889986,57.30371974244026,57.17862908822567,57.15373621309027,56.488708479056214,56.35338874053376,,58.67257933430405,55.356366525282986,55.573728023204325,"rgba(38, 166, 154, 0.75)",0.0,0.0,4.581762822419353,57.94041742569864,2.669535974920414,0.0,0.0,0.0,0.0,0.0,0.0,0.0,0.0,77.13604006379072,30.56165885593913,True,False,True,False,False,20.0,0,1.2762167283596035,0.6792880063233178,False,False,False,False,0.33015293062709855,0.3364838672372391,False,False,False,False,19441914,7272972.897847094,False,False,False,False,1843702.8806243676,False,False,False,False
2025-06-18 00:00:00+00:00,70.5674886481,70.8940983431,70.1715981087,70.2309816896,1564037,,,,,68.64309653975033,65.4009946044293,64.82682348885066,62.284846966817476,62.10460238732924,61.01387496481366,63.03014417005217,61.51178691918394,57.94535286914748,57.01148490347088,57.24710557068575,57.34709153764141,57.22044770966495,57.19528381170506,56.52548239887547,56.38938274868561,,58.744236786883356,55.37223154750146,55.58664571234293,"rgba(38, 166, 154, 0.75)",0.0,0.0,4.664528112528083,57.996157067430275,2.695091824380989,0.0,0.0,0.0,0.0,0.0,0.0,0.0,0.0,77.31728865433038,30.558089254065706,True,False,True,False,False,20.0,0,1.3228908171176834,0.6525159869818293,False,False,False,False,0.3428282495776495,0.3396560584074443,False,False,False,False,21005951,7811521.058715835,False,False,False,False,1832735.591188118,False,False,False,False
2025-06-20 00:00:00+00:00,70.1518035817,70.9138928701,70.0825227373,70.9138928701,1554825,,,,,68.71929022131972,65.50378435174851,64.9303081867941,62.38501376779413,62.20249700781614,61.09580742280933,63.14096469342315,61.60432945362678,58.011951130366725,57.062806118488844,57.29394350129132,57.38940245748916,57.26126020600236,57.2358348515627,56.56143013528233,56.42457764962997,,58.813655680464656,55.387802616241345,55.599326694213794,"rgba(38, 166, 154, 0.75)",0.0,0.0,4.718242807497734,58.049961554204984,2.564904461521997,0.0,0.0,0.0,0.0,0.0,0.0,0.0,0.0,74.96925104229041,28.18735323719399,True,False,True,False,False,20.0,0,1.320032733926738,0.651478539135367,False,False,False,False,0.34115335915101486,0.34040470877922957,False,False,False,False,19451126,8267976.154452469,False,False,False,False,1821837.1366317214,False,False,False,False
2025-06-23 00:00:00+00:00,70.4487214863,70.5081050672,69.7757075693,70.0627282103,1240264,,,,,68.77076745334928,65.58054267930797,65.00810446311209,62.461802341069195,62.277646851803425,61.15918363817854,63.22535190311514,61.67563295060243,58.063977176385,57.10303985516686,57.330673709480116,57.42259908535364,57.293292918206745,57.26766448390848,56.589685599764245,56.4522480536643,,58.86778316539447,55.40008575322233,55.60933191284138,"rgba(38, 166, 154, 0.75)",0.0,0.0,4.780241041698104,58.0917864826817,2.5850024916795205,0.0,0.0,0.0,0.0,0.0,0.0,0.0,0.0,74.09449606929303,27.28034000317703,True,False,True,False,False,20.0,0,1.3386690716641454,0.6510206710858231,False,False,False,False,0.3234176332246064,0.331911171001918,False,False,False,False,20691390,8755168.854277862,False,False,False,False,1799030.3469598892,False,False,False,False
2025-06-24 00:00:00+00:00,71.0623518223,71.3691669904,70.7011017051,70.7060503369,1662583,,,,71.04420683926666,68.86919314694303,65.6966175829678,65.12428491808323,62.572757411144075,62.386107698913776,61.25013620910207,63.34791854654238,61.77814363986067,58.13756361665966,57.159849846655746,57.382615419838395,57.46959133167273,57.33862317047757,57.31270432963601,56.62958822589747,56.49130863517274,,58.944588720315615,55.41740526815226,55.62345456859778,"rgba(38, 166, 154, 0.75)",0.0,0.0,4.848850537625735,58.151429303198675,2.662676941455743,0.0,0.0,0.0,0.0,1.0,70.5674886481,70.5081050672,0.0,74.772118852399,27.28034000317703,True,False,True,False,False,20.0,0,1.3309578627436764,0.6226294919974427,False,False,False,False,0.3428282491647651,0.3373697100833416,False,False,False,False,22353973,9288455.291365005,False,False,False,False,1793679.470608521,False,False,False,False
2025-06-25 00:00:00+00:00,71.260297092,71.3691669904,70.5674886481,70.953481924,2543913,,,,71.05717531724345,69.00565473984285,65.86565251538194,65.29425643653299,62.73749992244599,62.54736337044349,61.38640541058669,63.52869588171446,61.93107722509913,58.24874130974431,57.24601686337878,57.461457595442745,57.54098231871663,57.407514874283756,57.38115918434141,56.69030866168696,56.55075945143512,,59.06045605398753,55.44386796333127,55.645043624701614,"rgba(38, 166, 154, 1.0)",0.0,0.0,4.919169171213441,58.241194545857965,2.6466059801985904,0.0,0.0,0.0,0.0,0.0,0.0,0.0,0.0,75.59218269231482,27.28034000317703,True,False,True,False,True,20.0,0,1.3128338180664954,0.6472195212651844,False,False,False,False,0.3387895806483263,0.33807964536583396,False,False,False,False,24897886,9900589.828958534,False,False,False,False,1823100.3933297554,False,False,False,False
2025-06-26 00:00:00+00:00,72.1114617517,72.3094070214,71.5473177331,71.6957766854,3411990,,,71.98939550206669,71.47467637301949,69.23516073328385,66.1137604604581,65.54165813805483,62.972101921460684,62.77692522425646,61.580228759728854,63.78640625697983,62.148421048420346,58.40542208093302,57.367538350812,57.572872214394195,57.642025756358876,57.505012916930795,57.47803649595143,56.77613368991246,56.634766106181246,,59.22412111731371,55.48131095994394,55.67563395666339,"rgba(38, 166, 154, 1.0)",0.0,0.0,4.991081464343897,58.36842686589764,2.753518447651497,0.0,0.0,0.0,0.0,0.0,0.0,0.0,0.0,77.50197200445788,24.392462707156255,True,False,True,False,True,20.0,0,1.289042427693302,0.6554634170100347,False,False,False,False,0.34282824844772364,0.34045394690677877,False,False,False,False,28309876,10622522.619979769,False,False,False,False,1885409.7896697652,False,False,False,False
2025-06-27 00:00:00+00:00,71.8442356376,72.299509758,71.299886146,72.1906398596,4219083,,,71.89272316718404,71.59581011953179,69.45918748792914,66.3857411641581,65.81576279280945,63.24093035803827,63.04070071166876,61.806453080540976,64.07780901532166,62.399975868710534,58.59186168365673,57.51329897515001,57.70665814877461,57.76353402071459,57.622351855538,57.59464523842011,56.87973338565729,56.73621986722085,,59.418164245634266,55.52688933606348,55.71289860777604,"rgba(38, 166, 154, 1.0)",0.0,0.0,5.029925093813298,58.518531423160525,2.649284823511548,0.0,0.0,0.0,0.0,0.0,0.0,0.0,0.0,77.19198431427839,24.392462707156255,True,False,True,False,True,20.0,0,1.258272064016162,0.669882469734096,False,False,False,False,0.3351539747739958,0.3378039608403873,False,False,False,False,24090793,11150690.085862914,False,False,False,False,1976926.3861533038,False,False,False,False
2025-06-30 00:00:00+00:00,72.6954002974,72.7646811418,71.8640301646,72.0520781708,1525053,,,71.98410639122659,71.69231247121704,69.54996127822626,66.48840181704195,65.91878612945258,63.34093770503166,63.138841227935636,61.89075263362274,64.1861208549391,62.493554128535095,58.66111839513781,57.56754301055592,57.756522001044786,57.80888053416393,57.666146167741516,57.63816738597786,56.918387755519255,56.7740696847066,,59.4903132013284,55.543933448848044,55.72684891210549,"rgba(38, 166, 154, 1.0)",0.0,0.0,5.091545872379612,58.574442603326396,2.7734126428431756,0.0,0.0,0.0,0.0,0.0,0.0,0.0,0.0,78.31190402328457,25.256375083270285,True,False,True,False,True,20.0,0,1.2692773735024878,0.6589317738204661,False,False,False,False,0.3428282484560402,0.3403161046482137,False,False,False,False,25615846,11717951.102103584,False,False,False,False,1959205.8612061155,False,False,False,False
2025-07-01 00:00:00+00:00,73.3486196874,73.3486196874,72.5667358721,72.626119453,1311429,,,72.1224068129407,71.81704519018741,69.6402069069963,66.58322968722031,66.01338201007484,63.43120198524906,63.22736378662156,61.96656004974301,64.28416373768673,62.57778129420404,58.72289101431007,57.61588866892949,57.80100825196108,57.84936491813653,57.70523855415463,57.67701547337507,56.95285256447344,56.80780935193928,,59.55478542931796,55.55912245879383,55.73928988202785,"rgba(38, 166, 154, 1.0)",0.0,0.0,5.1478814772868065,58.62454281371522,2.860220643899733,0.0,0.0,0.0,0.0,0.0,0.0,0.0,0.0,79.87156751214823,26.783040552242696,True,False,True,False,True,20.0,0,1.2773439181798938,0.6530737932844538,False,False,False,False,0.3428282486165109,0.3415721766323623,False,False,False,False,26927275,12314395.176530894,False,False,False,False,1933802.8470411699,False,False,False,False
2025-07-02 00:00:00+00:00,73.6455375919,73.6554348554,73.0022154654,73.3387224239,3045235,,,72.4180759755221,72.09500295918009,69.85236978231893,66.80444017210301,66.23399638931473,63.64178202934476,63.433978906284835,62.144054125670536,64.51234271112442,62.77457011249773,58.86772158384657,57.72948510612391,57.90563790137934,57.94466850569987,57.79728107182722,57.76848528218233,57.034024556618384,56.88727526470552,,59.70593461216165,55.59498622666273,55.76868553197609,"rgba(38, 166, 154, 1.0)",0.0,0.0,5.223212009473068,58.74202542150681,2.853323231636675,0.0,0.0,0.0,0.0,0.0,0.0,0.0,0.0,81.24590315626502,28.1057253499782,True,False,True,False,True,20.0,0,1.280314559508892,0.6521635158243242,False,False,False,False,0.34282824839975207,0.34220021251605715,False,False,False,False,29972510,13006870.26764733,False,False,False,False,1977388.4216670063,False,False,False,False
2025-07-03 00:00:00+00:00,74.2492706645,74.278962455,73.5465649571,73.8137910712,964556,,,72.52513311757092,72.19463585607372,69.92498627018924,66.87753652165358,66.30667331873367,63.710556636304446,63.5014516965462,62.202014835888114,64.58689003803725,62.83879344678119,58.91483850910887,57.76646668193705,57.93973635404814,57.97575423192978,57.827303175906074,57.79832043330797,57.0604885022511,56.913179984951555,,59.75515582829819,55.606690865681344,55.778286600717976,"rgba(38, 166, 154, 1.0)",0.0,0.0,5.316355997052378,58.78034515097969,2.90968579269277,0.0,0.0,0.0,0.0,0.0,0.0,0.0,0.0,82.78417141510921,29.56716310521746,True,False,True,False,True,20.0,0,1.289379253872476,0.6641200625631383,False,False,False,False,0.3428282485205861,0.34251423051832164,False,False,False,False,30937066,13710015.198327828,False,False,False,False,1937669.5031702612,False,False,False,False
2025-07-07 00:00:00+00:00,73.3585169509,74.3482432994,73.1209826272,73.8236883347,5008979,,,72.80380581780976,72.49370368965414,70.23035754035268,67.21375724664776,66.64408487230088,64.03971980521203,63.82514690891245,62.48386725941139,64.93970832045048,63.14888839645243,59.148279318615046,57.95100388430989,58.10999964559325,58.13113866300364,57.97748424346613,57.947586873339546,57.19326665062797,57.04321720242353,,59.99812733411081,55.66586881891055,55.82685123508797,"rgba(38, 166, 154, 0.75)",0.0,0.0,5.377154110573995,59.82844336771855,2.5162145820918553,0.0,0.0,0.0,0.0,0.0,0.0,0.0,0.0,79.25571899141191,32.73075817772933,True,False,True,False,False,20.0,0,1.2656424871951695,0.6770254966026398,False,False,False,False,0.3323624907540031,0.3374383606361624,False,False,False,False,25928087,14189155.26898164,False,False,False,False,2058113.012849859,False,False,False,False
2025-07-08 00:00:00+00:00,73.279338843,73.625743065,73.0517017828,73.5465649571,4341590,,,72.89766417123691,72.62150324164335,70.4373736495778,67.4670897494048,66.90110736450097,64.29967798413264,64.08155279318291,62.71104705226422,65.2144078672622,63.39650402301367,59.340754472323056,58.104608631481405,58.251903004962614,58.26086263562983,58.10298694899737,58.072347310326236,57.30463672032607,57.15235396391576,,60.19758700594336,55.71602329337702,55.86804792299972,"rgba(38, 166, 154, 0.75)",0.0,0.0,5.431289097640569,59.9715213872562,2.450213423830617,0.0,0.0,0.0,0.0,0.0,0.0,0.0,0.0,76.53472798787664,30.319175666831,True,False,True,False,False,20.0,0,1.2600806877659985,0.6851002068433864,False,False,False,False,0.30903466708941657,0.3232365138627895,False,False,False,False,21586497,14479247.101570595,False,False,False,False,2147661.129993002,False,False,False,False
2025-07-09 00:00:00+00:00,73.3387224239,73.8137910712,73.1902634716,73.4475923222,1872043,,,72.93772218010898,72.67321362765885,70.52192841497902,67.5722123452539,67.00802607224745,64.40886397452586,64.18936885144078,62.80724398193902,65.32916854413183,63.50092791748852,59.422892737539826,58.170449957816615,58.31279185575493,58.31658896246451,58.156923151130016,58.12596856044601,57.352566963925845,57.19933309198764,,60.28258581951158,55.737718918993295,55.88588216873121,"rgba(38, 166, 154, 0.5)",0.0,0.0,5.4791221194041935,60.03509435890889,2.4280583230435013,0.0,0.0,0.0,0.0,0.0,0.0,0.0,0.0,74.84099830469552,28.876333586052993,False,False,True,False,False,20.0,0,1.2591715617413863,0.684524373386923,False,False,False,False,0.31766232699589564,0.32044942042934255,False,False,False,False,23458540,14831376.234842338,False,False,False,False,2136852.575875629,False,False,False,False
2025-07-10 00:00:00+00:00,73.89,73.98,73.0,73.41,2142495,,,72.99048040754417,72.73672980470444,70.61852479366252,67.69154196582707,67.1294087638516,64.5330368882343,64.31203973167506,62.91702828808734,65.45940378009315,63.61987152686824,59.516894767155094,58.24597214514697,58.38268343527508,58.38060119433606,58.218892164802746,58.18757793141902,57.40766870664128,57.253345877893736,,60.37981668022052,55.76272957848029,55.906452363093955,"rgba(38, 166, 154, 0.5)",0.0,0.0,5.525260916848895,60.10931606610867,2.494123651585051,0.0,0.0,0.0,0.0,0.0,0.0,0.0,0.0,74.78751917533918,28.876333586052993,False,False,True,False,False,20.0,0,1.2456842981867273,0.6978760961391819,False,False,False,False,0.31600915331650786,0.3182292868729252,False,False,False,False,25601035,15253715.794260286,False,False,False,False,2137073.8474099184,False,False,False,False
2025-07-11 00:00:00+00:00,73.6,73.685,72.77,73.53,1639363,,,73.01056449562455,72.7666542704609,70.68214443665757,67.7756794467026,67.21555871709772,64.62304005071354,64.40109372379997,62.99744434839146,65.55310082555019,63.70659133763644,59.58661655577963,58.302250319683004,58.43478701987191,58.42835419699116,58.265144058596064,58.23356560871721,57.448877125273796,57.29375338477472,,60.45175594284441,55.78152931437019,55.921918918304996,"rgba(38, 166, 154, 0.5)",0.0,0.0,5.572335185381861,60.162417482670435,2.4114813754529574,0.0,0.0,0.0,0.0,0.0,0.0,0.0,0.0,73.22346313398468,27.388029520546482,False,False,True,False,False,20.0,0,1.2252460928861906,0.7145935303683552,False,False,False,False,0.29917247095591926,0.3087008789144222,False,False,False,False,23961672,15595204.272916745,False,False,False,False,2117555.774962471,False,False,False,False
2025-07-14 00:00:00+00:00,74.03,74.06,73.24,73.47,1430183,,,73.04600918819482,72.80778651598688,70.74373416375215,67.85250520830715,67.29386315552462,64.70382242194094,64.48098522832595,63.0694321954681,65.63740053640201,63.7842717346056,59.64873087244346,58.35238298456466,58.48123358069055,58.47094523869179,58.30639419646694,58.274579579049394,57.48560996100039,57.329768264641146,,60.515913635053046,55.79829336751065,55.93571804850277,"rgba(38, 166, 154, 0.5)",0.0,0.0,5.626985820011704,60.21186282188222,2.455690776574418,0.0,0.0,0.0,0.0,0.0,0.0,0.0,0.0,73.08812746892818,27.191789189150484,False,True,True,False,False,20.0,0,1.2320173982916134,0.7159089548195161,False,False,False,False,0.3259476768849191,0.31732427789967066,False,False,False,False,25391855,15979386.654370992,False,False,False,False,2090599.9798659035,False,False,False,False
2025-07-15 00:00:00+00:00,73.45,74.15,73.3,74.01,1444437,,,73.07222816751106,72.8404001578088,70.80067397427672,67.92629595122489,67.36936640539425,64.7827092136439,64.55907977111279,63.14020780489833,65.71933541898633,63.860411256618704,59.71028386074478,58.402219214217716,58.52742155625153,58.51332092750212,58.34744942974703,58.315402234084424,57.522216586863,57.36566709041918,,60.57939306819079,55.8150580958066,55.949521283346776,"rgba(38, 166, 154, 0.5)",0.0,0.0,5.665800609166714,60.25996411415245,2.3280091898234745,0.0,0.0,0.0,0.0,0.0,0.0,0.0,0.0,70.10978642193399,24.305357718886114,False,True,True,False,False,20.0,0,1.2268093165894445,0.7151775855910192,False,False,False,False,0.3307472086837752,0.3240357432917229,False,False,False,False,23947418,16291858.47184664,False,False,False,False,2065260.25516528,False,False,False,False
2025-07-16 00:00:00+00:00,74.01,74.05,73.15,73.45,1279775,,,73.09750841623637,72.87071034337174,70.85105321127403,67.99127398418675,67.43585455233364,64.85225015251099,64.62794194859272,63.20273726950802,65.79146931789434,63.927597153983406,59.76477042033088,58.44640116200467,58.56838792077873,58.550923730850066,58.38388580447915,58.351633101789666,57.55471889567533,57.397542916008526,,60.63556604321033,55.82997136625203,55.96180436643039,"rgba(38, 166, 154, 0.5)",0.0,0.0,5.7064183058420515,60.30281971109419,2.4020637034044348,0.0,0.0,0.0,0.0,0.0,0.0,0.0,0.0,69.46483269057951,23.661432579624872,False,True,True,False,False,20.0,0,1.2227939218606825,0.7311904324190744,False,False,False,False,0.32275604160384697,0.32339589244778494,False,False,False,False,25227193,16642263.747460498,False,False,False,False,2034456.9118254653,False,False,False,False
2025-07-17 00:00:00+00:00,74.0,74.045,73.33,73.44,2090250,,,73.13812157081,72.91891686498663,70.93122010646341,68.09531959644643,67.54243562581456,64.96422614828917,64.73888469609025,63.30381952240967,65.90733085949445,64.03599177677371,59.85320521003514,58.518275986498885,58.63506647443821,58.612163322318736,58.443239411900244,58.41065433524626,57.60770493302021,57.449513802301716,,60.72666962367773,55.854350483701516,55.98189178709655,"rgba(38, 166, 154, 0.5)",0.0,0.0,5.72971412857428,60.372408108197,2.378406947711708,0.0,0.0,0.0,0.0,0.0,0.0,0.0,0.0,68.98489194320494,23.105628975456113,False,True,True,False,False,20.0,0,1.2273712530384953,0.7286997019241401,False,False,False,False,0.32834561702541015,0.32587075473659755,False,False,False,False,23136943,16896957.051481657,False,False,False,False,2036644.876067604,False,False,False,False
2025-07-18 00:00:00+00:00,73.58,74.12,73.34,74.12,1630101,,,73.16176712388047,72.94876650645114,70.98844392538348,68.17236518768664,67.62166362785078,65.0485433405671,64.82251307614402,63.38049482562254,65.99413642201341,64.11793622438228,59.92085544013334,58.573456251861224,58.68628223008619,58.65923227759471,58.48887600515566,58.45603846383076,57.64850373283104,57.48954028020472,,60.79624682200298,55.873198812379,55.997427740451876,"rgba(38, 166, 154, 0.5)",0.0,0.0,5.732222865083991,60.42496425817112,2.2949274742890027,0.0,0.0,0.0,0.0,0.0,0.0,0.0,0.0,66.57376723499382,20.72828386925964,False,True,True,False,False,20.0,0,1.2325076031880933,0.7242477331379663,False,False,False,False,0.3310676987344255,0.3284692267355115,False,False,False,False,21506842,17077736.85338434,False,False,False,False,2020701.9789669137,False,False,False,False
2025-07-21 00:00:00+00:00,74.43,74.56,73.58,73.6,1826194,,,73.20969005990294,73.00100831874414,71.06140949758694,68.2639549254998,67.71529789872247,65.14655471876522,64.91965136605221,63.4692463253133,66.09541195173409,64.21290881813673,59.99864191972518,58.63687028707365,58.74518401393519,58.71339391451285,58.54138441823997,58.50825527567437,57.69541135060887,57.53555305877008,,60.8763619696705,55.894870631418804,56.01530128472404,"rgba(38, 166, 154, 0.5)",0.0,0.0,5.731944311704381,60.48743147342435,2.432432656071961,0.0,0.0,0.0,0.0,1.0,74.29,74.12,893.0,67.13804400684222,20.72828386925964,False,True,True,False,False,20.0,0,1.2405295906095104,0.7172953194302091,False,False,False,False,0.3428282480431678,0.33564873738933965,False,False,False,False,23333036,17323042.702271227,False,False,False,False,2013074.2150858582,False,False,False,False
2025-07-22 00:00:00+00:00,75.1,75.12,74.29,74.48,1317152,,,73.26260315520064,73.05509097464916,71.12246313767432,68.33532448171034,67.78777309250195,65.2209136901759,64.99327228395488,63.53616641892807,66.1726300436843,64.284672277815,60.05675408112337,58.684177668040014,58.78915732975216,58.75384684959146,58.58059495076011,58.547246500466734,57.73039884466852,57.569865443823325,,60.93633094381821,55.91102111090385,56.028628795627135,"rgba(38, 166, 154, 0.5)",0.0,0.0,5.7470078014374755,60.5356938473391,2.5342415837712955,0.0,0.0,0.0,0.0,1.0,75.22,74.56,891.0,68.87543652053405,20.72828386925964,False,True,True,False,True,20.0,0,1.2612102613877954,0.6958457064999148,False,False,False,False,0.34282824837326176,0.3392384928813007,False,False,False,False,24650188,17610381.73355471,False,False,False,False,1985783.1478275894,False,False,False,False
2025-07-23 00:00:00+00:00,75.35,75.58,75.22,75.47,1528393,,75.38333333333334,73.33972521538448,73.13205615140372,71.20094840935967,68.42302377822539,67.87642461306908,65.31060509788024,65.08201084298771,63.61654709019394,66.26608625252034,64.37099081260142,60.12609125225509,58.74057309001068,58.841610655987544,58.80212073649257,58.627380220101635,58.593768837057354,57.77211063848884,57.61076571321901,,61.00798638952977,55.93026759757605,56.04451890589591,"rgba(38, 166, 154, 0.5)",1.0,78.21,5.732971398374068,61.51653527093722,2.412965941708011,0.0,0.0,0.0,0.0,0.0,0.0,0.0,0.0,70.49608331171763,20.72828386925964,False,True,True,False,True,20.0,0,1.2857631823342845,0.6805203795324962,False,False,False,False,0.3428282485008667,0.3410333706910837,False,False,False,False,26178581,17946389.54792511,False,False,False,False,1967846.279285331,False,True,False,False
2025-07-24 00:00:00+00:00,74.86,75.38,74.84,75.19,1329666,,75.21739990088845,73.39145893001553,73.18502004559059,71.26128850379379,68.49374417656794,67.9482978309472,65.3846388261818,65.15535686739761,63.68350145632258,66.34274098791272,64.44260406448568,60.18450640603177,58.78828202104049,58.88599669829141,58.842992002778225,58.66700900934591,58.6331781865107,57.807507228765466,57.64548449902428,,61.06821684822068,55.946674238027285,56.05806715447156,"rgba(38, 166, 154, 0.5)",0.0,0.0,5.659664870562653,61.55508203034394,2.350831413863089,0.0,0.0,0.0,0.0,-1.0,75.22,74.93,914.0,69.1774349755668,20.72828386925964,False,True,True,False,True,20.0,0,1.270603004512088,0.6966150323276573,False,False,False,False,0.32562904953394217,0.33333121011251293,False,False,False,False,24848915,18217076.8205555,False,False,False,False,1942819.6016662985,False,False,False,False
2025-07-25 00:00:00+00:00,74.93,74.93,74.3801,74.57,2508516,,74.99737908079797,73.46557937016162,73.26325583724412,71.3620019022354,68.61757643883239,68.07482064464062,65.51731304191614,65.28698214987455,63.80463441697436,66.47921619836183,64.57161447997856,60.29141764809863,58.87599287691857,58.967633846365246,58.91821647721593,58.73998205219643,58.705753581893426,57.87281232969659,57.70955964365983,,61.17819724405373,55.9770969257124,56.0831978933829,"rgba(38, 166, 154, 0.5)",0.0,0.0,5.5362198241926315,61.62785393654028,2.4027488947116775,0.0,0.0,0.0,0.0,0.0,0.0,0.0,0.0,68.4668225600941,20.72828386925964,False,True,True,False,True,20.0,0,1.2573479525979137,0.7079675158506514,False,False,False,False,0.29751652733873507,0.315423868725624,False,False,False,False,27357431,18575522.0824945,False,False,False,False,1965003.774149973,False,False,False,False
2025-07-28 00:00:00+00:00,74.11,74.74,73.92,74.46,2981707,,74.73282316495776,73.51386755708523,73.31908615586978,71.45812185452466,68.74726479581196,68.20861131681201,65.66208612715657,65.43094753384914,63.93891547850001,66.62649899370575,64.71363443171188,60.41223237556589,58.97582238991214,59.060604212816386,59.0039706915253,58.823234185939384,58.788563828775466,57.94754886382534,57.78292700556777,,61.302006031039376,56.0121897756954,56.11219936515068,"rgba(38, 166, 154, 0.5)",0.0,0.0,5.387412200068959,61.70606076938515,2.3023928316560003,0.0,0.0,0.0,0.0,-1.0,74.3801,74.23,905.0,64.3516143302815,18.636537951538998,False,True,True,False,False,20.0,0,1.2254270873796471,0.7187233998529686,False,False,False,False,0.2757728577434552,0.2955983632345396,False,False,False,False,24375724,18802980.981220208,False,False,False,False,2004874.48888919,False,False,False,False
2025-07-29 00:00:00+00:00,73.51,74.23,73.12,74.05,1452766,,74.56787430866576,73.51693281899723,73.3271062959725,71.492541552926,68.80126011721002,68.26507790035092,65.72580194140951,65.49448973532533,63.9991379692644,66.69043586568806,64.77681547385954,60.46766999768782,59.02198688002882,59.10361266172161,59.043676376828834,58.861813999289865,58.82694487097493,57.982304107764435,57.817065884800094,,61.358560471540216,56.02864419975432,56.125801496408336,"rgba(38, 166, 154, 0.5)",0.0,0.0,5.263821675439851,61.738080940292846,2.2363825725010877,0.0,0.0,0.0,0.0,0.0,0.0,0.0,0.0,59.43921912575475,14.150009679188287,False,True,True,False,False,20.0,0,1.195635775864885,0.7485936807251363,False,False,False,False,0.23592172798744682,0.2657600456109932,False,False,False,False,22922958,18964548.707446866,False,False,False,False,1983223.1755994176,False,False,False,False
2025-07-30 00:00:00+00:00,73.56,74.07,73.34,73.34,1601271,,74.43990995579055,73.52124384322344,73.33651152632041,71.52986417784693,68.85984773177746,68.32638379172987,65.79517995463604,65.56370553320055,64.06490410020346,66.75993339174514,64.84570902207625,60.528406742512566,59.07266132975323,59.150843101541035,59.08730114191798,58.90421018980161,58.86912410949631,58.02052336387237,57.85461131550264,,61.420482035333784,56.04678276788866,56.140800974445746,"rgba(38, 166, 154, 0.5)",0.0,0.0,5.122434387579772,61.77591326399347,2.300485637176551,0.0,0.0,0.0,0.0,0.0,0.0,0.0,0.0,56.34091047332058,11.474779046428296,False,True,True,False,False,20.0,0,1.1994201039680306,0.75236239116592,False,False,False,False,0.23773008677574708,0.2517450661933701,False,False,False,False,24524229,19182575.385586206,False,False,False,False,1968244.6589092445,False,False,False,False
2025-07-31 00:00:00+00:00,72.88,73.6,72.715,73.6,1904303,,74.24314738497868,73.50509661129115,73.32759904149145,71.56071669930388,68.91933791801551,68.38960674960583,65.8700316118234,65.63859983648057,64.13720632212447,66.83386158586049,64.9208522285422,60.5966906766778,59.130044247142386,59.20433930897539,59.13675062462615,58.9523049055476,58.91697969332454,58.0640227479209,57.89736778739911,,61.48979327173962,56.06758230000227,56.15800422260826,#000000,0.0,0.0,5.009066681292426,61.81398569861178,2.2091968435391225,0.0,0.0,0.0,0.0,-1.0,73.34,72.84,898.0,52.00322585753235,7.649764868587603,False,True,False,False,False,18.603162315267767,0,1.1856286476510303,0.7619777475690612,False,False,False,False,0.20213544333914135,0.22694025476625573,False,False,False,False,22619926,19317373.448896553,False,False,False,False,1965737.142873588,False,False,False,False
2025-08-01 00:00:00+00:00,72.55,72.84,72.21,72.5,3762280,,73.86627491771488,73.44158920953323,73.27922615300282,71.5978608092047,69.01760189941425,68.49602837608552,66.00287396294885,65.77197097079825,64.26838394824291,66.96290158119069,65.05591086123437,60.72377376569079,59.23776866727949,59.30482220129632,59.229735059856516,59.042826711027466,59.00706696265764,58.14620822973015,57.97820154245752,72.53333333333335,61.618152801166055,56.107245587083604,56.19082403795588,"rgba(239, 83, 80, 1.0)",0.0,0.0,4.923803579275855,62.64450276581033,2.011757186229283,0.0,0.0,0.0,0.0,0.0,0.0,0.0,0.0,48.13429903890108,4.302421449776524,False,True,False,True,False,17.277153583924417,0,1.164295216009435,0.7839472623316489,False,False,False,False,0.16367830558486027,0.195309280175558,False,False,False,False,18857646,19299344.921488844,False,False,False,False,2036189.8039373688,False,False,False,False
2025-08-04 00:00:00+00:00,73.48,74.14,72.7451,72.81,1523568,,73.83257554811885,73.44193583692417,73.28345773213205,71.62614515538486,69.06592929192986,68.54707306570052,66.06255656799829,65.83168833953187,64.3261416032773,67.02188420406384,65.11582532220709,60.77842743031705,59.283891752066545,59.347889197924246,59.26960718132001,59.08162308163383,59.04567324866331,58.18134016363816,58.01273928295795,72.79899981212728,61.6736062337361,56.12415149692863,56.2048247838855,"rgba(239, 83, 80, 1.0)",0.0,0.0,4.838947703753836,62.694231129593504,2.2289492531691115,0.0,0.0,0.0,0.0,0.0,0.0,0.0,0.0,48.999559301242016,4.302421449776524,False,True,False,True,False,19.53661618761299,0,1.1651574698071583,0.75332765993599,False,False,False,False,0.19979509345525245,0.1975521868154052,False,False,False,False,20381214,19341771.159861833,False,False,False,False,2016086.9880966877,False,False,False,False
2025-08-05 00:00:00+00:00,72.98,73.41,72.71,73.11,1319104,,73.7796272677623,73.43301387078374,73.27835172131022,71.64445877175791,69.10298963479505,68.58670127196228,66.11055897427492,65.87982793201391,64.3732816587528,67.06880121467944,65.1644245588555,60.82380736979292,59.32240289607623,59.38385707858454,59.30292745290542,59.11406408291642,59.07795893244977,58.21079116629695,58.04170457246527,72.84579958980272,61.71949625775812,56.13840652111265,56.216632406867554,"rgba(239, 83, 80, 1.0)",0.0,0.0,4.754180676434735,62.72478118103046,2.157094884887749,0.0,0.0,0.0,0.0,0.0,0.0,0.0,0.0,48.003816226470676,4.302421449776524,False,True,False,True,False,17.54918994137493,0,1.1651834871775462,0.8227504533094048,False,False,False,False,0.15577406704902014,0.17666312693221267,False,False,False,False,19062110,19330804.05555353,False,False,False,False,1988754.3218968178,False,False,False,False
2025-08-06 00:00:00+00:00,73.44,73.58,72.88,73.19,2630743,,73.72365360377404,73.4274632210491,73.279198593292,71.68634131077388,69.1797480780783,68.66829563692659,66.20795753669611,65.97744654606514,64.46863571392998,67.16430364022813,65.2628130707117,60.915269200198466,59.40004799484011,59.45641817071748,59.37018133505745,59.179545018898615,59.143126521769936,58.27022956182237,58.10016058005189,72.97517637733453,61.812049646173904,56.16721184713982,56.240504056469284,"rgba(239, 83, 80, 1.0)",0.0,0.0,4.673564484239314,62.79173487501528,2.2784033815931966,0.0,0.0,0.0,0.0,0.0,0.0,0.0,0.0,48.8879520096104,4.302421449776524,False,True,False,True,False,18.66107846718688,0,1.1373319560754813,0.8261051487892507,False,False,False,False,0.14878462532564274,0.1627238761289277,False,False,False,False,21692853,19423433.42592398,False,False,False,False,2013930.3484890994,False,False,False,False
2025-08-07 00:00:00+00:00,72.88,73.8,72.67,73.63,1131554,,73.69464109050017,73.42198305313974,73.27650902160336,71.7017378970185,69.21047622637434,68.70117407830702,66.24798221474835,66.01761782751291,64.50818791055121,67.20328665703855,65.30345576804835,60.953621991711266,59.432743572446086,59.48698620173793,59.39853257446695,59.20716131506304,59.170612925584706,58.295341746543585,58.12486495223383,72.99061961621642,61.85077783560764,56.179439816724845,56.2506412690942,"rgba(239, 83, 80, 1.0)",0.0,0.0,4.581005310227586,62.81731999656729,2.1966095479013505,0.0,0.0,0.0,0.0,0.0,0.0,0.0,0.0,47.733266662481284,4.0881797104374655,False,True,False,True,False,16.462152393129163,0,1.1025143623242963,0.8394572684192761,False,False,False,False,0.14734278874232773,0.15503333243562772,False,False,False,False,20561299,19468055.60529951,False,False,False,False,1979327.3544307034,False,False,False,False
2025-08-08 00:00:00+00:00,73.25,73.41,73.0,73.1,960129,,73.67614159080134,73.41900565177104,73.27572656365282,71.71547964478103,69.23685534845299,68.72933682459558,66.2820869040709,66.05184151608103,64.54186496349254,67.23653675778057,65.33806459635223,60.98625080516102,59.46057250934577,59.513012068332834,59.42267770118282,59.2306816335379,59.19402279050872,58.31673112154536,58.145907116921215,73.01006231147225,61.883730898712955,56.18986469560471,56.25928583705172,"rgba(239, 83, 80, 1.0)",0.0,0.0,4.513181939682471,62.83985749621142,2.3066082074504166,0.0,0.0,0.0,0.0,0.0,0.0,0.0,0.0,48.23379570415992,4.0881797104374655,False,True,False,True,False,17.37427971137058,0,1.1009557216467458,0.8430167066425516,False,False,False,False,0.14226958874156181,0.14865146058859477,False,False,False,False,21521428,19548580.012934823,False,False,False,False,1939358.7915118523,False,False,False,False
2025-08-11 00:00:00+00:00,73.08,73.38,72.72,73.33,906450,,73.65427425702367,73.41407804866738,73.27294287538085,71.7268711630075,69.26045542192087,68.75466886761247,66.31324456485606,66.08314011667353,64.57283931843166,67.26676196479154,65.36980430320006,61.01649569971865,59.48643836491362,59.537206755812285,59.44513218259982,59.25256148952766,59.21580107299767,58.3366522774408,58.16550879943054,73.01376238129227,61.91423016370606,56.199602683287424,56.26736211117039,"rgba(239, 83, 80, 1.0)",0.0,0.0,4.43242005166437,62.85960847820419,2.3058264791393275,0.0,0.0,0.0,0.0,0.0,0.0,0.0,0.0,48.00803312471257,3.846098993951472,False,True,False,True,False,16.704349184179996,0,1.0926962653694499,0.8474760608279085,False,False,False,False,0.11457559784606859,0.1316135292173317,False,False,False,False,20614978,19590399.54183934,False,False,False,False,1898852.5643937404,False,False,False,False
2025-08-12 00:00:00+00:00,73.21,73.595,73.075,73.15,1154110,,73.638669372379,73.41200417729729,73.27327246240755,71.74358890666804,69.29190472661483,68.78822135722112,66.3538607066372,66.12390711691086,64.61302729478736,67.3063260458529,65.41105505433276,61.05552734329765,59.519792920671975,59.56841650976069,59.47410302545994,59.28078844590563,59.24389648544458,58.36233924412338,58.19078141523492,73.03786285378176,61.953630284731624,56.212156384778325,56.27777647690383,"rgba(239, 83, 80, 1.0)",0.0,0.0,4.356082647828117,62.887065296016615,2.369774758321046,0.0,0.0,0.0,0.0,1.0,73.65,73.38,908.0,48.34481562236767,3.8394962867236373,False,True,False,True,False,17.0323934323501,0,1.0904224335144457,0.8544740804146819,False,False,False,False,0.1340816111845929,0.1328475702009623,False,False,False,False,21769088,19675838.304904465,False,False,False,False,1869646.9736332016,False,False,False,False
2025-08-13 00:00:00+00:00,74.48,74.51,73.65,73.84,2887352,74.21333333333335,73.6947596324335,73.44501872145922,73.30980965670588,71.80781607223288,69.3860824892918,68.8867356173386,66.46663417554035,66.23673901296046,64.72245168517188,67.41793479473728,65.52422753131225,61.15935801005422,59.608064565927066,59.65107272373802,59.55084412212235,59.355515973494256,59.31826752215941,58.43015406320929,58.25746924332766,73.24639966265424,62.05891762029982,56.24516985363157,56.30518112536936,#000000,0.0,0.0,4.288281234163247,62.97552560039496,2.6827705020726937,0.0,0.0,0.0,0.0,1.0,74.26,73.595,907.0,52.48648533979046,3.8394962867236373,False,True,False,False,True,20.0,0,1.0810491800349942,0.8288273568067209,False,False,False,False,0.20016766763099933,0.16650761891598082,False,False,False,False,24656440,19871156.01843762,False,False,False,False,1909556.9746671938,False,False,False,False
2025-08-14 00:00:00+00:00,74.52,74.67,74.26,74.48,1290885,74.29675104037103,73.72773228346625,73.46379823608949,73.32985332072005,71.83856585557405,69.42932204364895,68.93180594362765,66.51773404738528,66.28784559010205,64.77193951917931,67.4686112949312,65.5754321269263,61.20619988891299,59.647910363508274,59.68840541295702,59.58552287434385,59.38928669149446,59.3518773983368,58.46080100066837,58.287606460800895,73.33729817194694,62.10643972471994,56.260111664633186,56.317590513087985,"rgba(38, 166, 154, 0.5)",0.0,0.0,4.22748313213435,63.015985750081825,2.721244270017958,0.0,0.0,0.0,0.0,0.0,0.0,0.0,0.0,55.35120118744325,-0.15298774047755614,False,True,True,False,True,20.0,0,1.0950215470407054,0.8379685627939456,False,False,False,False,0.23719602018498878,0.2018518195504848,False,False,False,False,25947325,20109437.154969476,False,False,False,False,1885295.3286018136,False,False,False,False
2025-08-15 00:00:00+00:00,74.01,74.71,73.85,74.44,1167143,74.27344236455907,73.74457165736891,73.4754825906712,73.34293425882565,71.86274907022897,69.46555737999144,68.96981516797099,66.56169718344754,66.33187648685195,64.8149150378186,67.51191830420373,65.61971908468804,61.24733953585907,59.68304459790064,59.72133202096567,59.61612438224645,59.41909981645153,59.38155089362465,58.487904175413874,58.314266797212575,73.39042410349305,62.1480836646054,56.27338300109438,56.32861484472144,"rgba(38, 166, 154, 0.5)",0.0,0.0,4.1653749890735075,63.04916145584681,2.631416996766283,0.0,0.0,0.0,0.0,-1.0,74.26,74.11,912.0,55.224916938943835,-0.15298774047755614,False,True,True,False,True,18.13987646254573,0,1.0717806945923998,0.8407275343520324,False,False,False,False,0.21696395890467568,0.20940788922758025,False,False,False,False,24780182,20292603.619480476,False,False,False,False,1857132.4921860562,False,False,False,False
2025-08-18 00:00:00+00:00,73.91,74.11,73.615,74.11,1082138,74.20692174231692,73.74894181169633,73.4814039209782,73.35037852175873,71.88178697662019,69.49648025626297,69.0024935392528,66.60036359238063,66.37066256040697,64.853098625746,67.54972476247524,65.65889714740145,61.28433775787091,59.71477201531048,59.75107248743565,59.64377846659296,59.44605351536054,59.40838057048024,58.512452936813524,58.338421975302644,73.41706921921285,62.1854462767053,56.28545648244865,56.33864596849306,"rgba(38, 166, 154, 0.5)",0.0,0.0,4.107634405237388,63.07700519616736,2.637283101441589,0.0,0.0,0.0,0.0,0.0,0.0,0.0,0.0,54.753832197075546,-0.15298774047755614,False,True,True,False,True,17.73740454229498,1,1.0661508984962145,0.853038902859075,False,False,False,False,0.15968110885892334,0.1845444990432518,False,False,False,False,23698044,20426150.301069476,False,False,False,False,1826740.551316015,False,False,False,False
2025-08-19 00:00:00+00:00,73.31,73.9099,73.31,73.81,1260612,74.09264298638725,73.74017999185249,73.4818847608653,73.35292221925674,71.89950710409398,69.52897833589455,69.03718213875797,66.64264104492695,66.41315335899954,64.89537698222448,67.59067342224141,65.7020460697035,61.325912917702524,59.75059714859794,59.78466150503325,59.67502835740849,59.47652797347236,59.43871775375693,58.540268680912675,58.36580183900882,73.42262564639034,62.227310219528356,56.29920628807241,56.350071932276286,#000000,0.0,0.0,4.0213249209066335,63.105857909637585,2.5375074859809708,0.0,0.0,0.0,0.0,0.0,0.0,0.0,0.0,52.2459031504158,-0.15298774047755614,False,True,False,False,False,15.347174621438949,1,1.0513095249948345,0.8722245237923718,False,False,False,False,0.12637415905408114,0.15545932904866647,False,False,False,False,22437432,20505024.0931844,False,False,False,False,1804539.4316565634,False,False,False,False
2025-08-20 00:00:00+00:00,73.71,74.0,73.51,73.57,1621569,74.03121941782794,73.74017188533352,73.48735572652144,73.36069905203834,71.92491769866668,69.57238708520696,69.08328073209691,66.698065532484,66.46882036734857,64.95059373136796,67.64454207814224,65.75847231479133,61.379980366189784,59.7971734291162,59.8283479268949,59.71568458519074,59.516174052437464,59.47818493307835,58.5764451716486,58.40140929419593,73.44529956672876,62.28179695904791,56.31709685885783,56.36494393152435,#000000,0.0,0.0,3.9530658052843077,63.14513729647596,2.6725744583865336,0.0,0.0,0.0,0.0,0.0,0.0,0.0,0.0,52.02178536430485,-0.15298774047755614,False,True,False,False,False,16.375071931722687,1,1.048667421401072,0.8685556403791143,False,False,False,False,0.14189920694246036,0.1486792679955634,False,False,False,False,24059001,20644395.736588936,False,False,False,False,1797364.120611208,False,False,False,False
2025-08-21 00:00:00+00:00,73.64,73.8,73.3,73.54,1131868,73.98230714057894,73.73529002375683,73.4887064019975,73.36373194608908,71.9407154536902,69.60101714230451,69.11383868578878,66.73537464736106,66.50633370423037,64.9880344677714,67.68061453343267,65.7966109131257,61.41695668643105,59.82912970495573,59.85833081014561,59.743601770006855,59.54340714977241,59.50529687981407,58.601329398048,58.4259077514942,73.45169764801521,62.3189976849569,56.329448403895924,56.37521418561009,#000000,0.0,0.0,3.8752891751485583,63.17109455267339,2.701451420570515,0.0,0.0,0.0,0.0,0.0,0.0,0.0,0.0,51.60423279611924,-0.15298774047755614,False,True,False,False,False,16.094771262906846,1,1.0429438313030617,0.8739838070573168,False,False,False,False,0.1170066613630328,0.1328429646792981,False,False,False,False,22927133,20733914.844957996,False,False,False,False,1771266.2335284157,False,False,False,False
2025-08-22 00:00:00+00:00,74.38,74.6,73.59,73.74,1586783,74.00970603556875,73.7539230774254,73.50275286976289,73.37944714304479,71.97041631619089,69.64652084568341,69.1617422450024,66.7916040848189,66.56274087358283,65.04366743346237,67.73560642704602,65.85359762081592,61.470999493849256,59.8756573461856,59.902003667297734,59.78426766080463,59.58306001349745,59.54477019801635,58.637491376437126,58.46149680507346,73.49779114605039,62.37354220250431,56.34734575135734,56.39010135168967,"rgba(38, 166, 154, 0.5)",0.0,0.0,3.7879435030529987,63.21319414473426,2.9479863800147856,0.0,0.0,0.0,0.0,0.0,0.0,0.0,0.0,53.84534457084461,-0.15298774047755614,False,True,True,False,False,17.98154343985964,1,1.0483336068368228,0.8548537031923944,False,False,False,False,0.1783218275760603,0.1555823961276792,False,False,False,False,24513916,20882150.18437141,False,False,False,False,1764031.5969194584,False,False,False,False
2025-08-25 00:00:00+00:00,73.76,74.35,73.575,74.18,1569552,73.99646597195165,73.75941858589,73.51037304810099,73.38896711731996,71.99522958337441,69.68778596306025,69.20551617902619,66.84420991413329,66.61559994971235,65.09628479178767,67.78664996518575,65.90724139339531,61.52277798504367,59.92044172297917,59.944054697088966,59.82344824161984,59.62128375338177,59.58282437128616,58.67242064716945,58.495884369814846,73.52089363058057,62.42566887180402,56.36472139057269,56.40455875723459,#000000,0.0,0.0,3.6752509991629574,63.25135647379692,2.859299549499189,0.0,0.0,0.0,0.0,0.0,0.0,0.0,0.0,52.92937409948828,-0.15298774047755614,False,True,False,False,False,15.5031891314567,1,1.043302097981701,0.8627405565244993,False,False,False,False,0.16057426895044247,0.15807833253906084,False,False,False,False,22944364,20963021.314396065,False,False,False,False,1756404.9460598717,False,False,False,False
2025-08-26 00:00:00+00:00,75.24,75.34,73.61,73.61,2699469,74.11796730914044,73.82036152049245,73.54980618537104,73.43024585647477,72.05455567071226,69.77063328079092,69.29201223123866,66.94338874384289,66.71497769398445,65.19378355739438,67.88422264238851,66.00731973678428,61.616771995275855,60.00136325039507,60.02008360559182,59.89429697376286,59.690367285917645,59.65159476050506,58.7353976484664,58.55785802139117,73.6308451612165,62.520673960955364,56.39594498432917,56.4305526529862,"rgba(38, 166, 154, 0.5)",0.0,0.0,3.568948144896996,63.32877802530184,3.337460083786656,0.0,0.0,0.0,0.0,1.0,75.01,74.35,916.0,56.32158140738147,1.7046651692399024,False,True,True,False,True,19.130504709725432,0,1.046217292893018,0.8468203556492544,False,False,False,False,0.21724774167993316,0.187663037109497,False,False,False,False,25643833,21146582.556968767,False,False,False,False,1793387.850135955,False,False,False,False
2025-08-27 00:00:00+00:00,76.14,76.5,75.01,75.12,3863340,74.45625940488574,73.99045895784205,73.65300795171174,73.53375107274398,72.16984561043166,69.91107001099377,69.43646893530693,67.10145736048108,66.87290697107147,65.34640097198896,68.04192486884124,66.16508389299788,61.76061593046756,60.12459651545821,60.135967256747534,60.00232033283587,59.79564229201759,59.7563815884784,58.8311098931227,58.6519996980321,73.89023347980024,62.66672127968922,56.44324574990931,56.46996229353206,"rgba(38, 166, 154, 0.5)",0.0,0.0,3.4706441859676134,63.45933439825766,3.653692203024546,0.0,0.0,0.0,0.0,0.0,0.0,0.0,0.0,60.31812402807554,5.446562822156984,False,True,True,False,True,20.0,0,1.0619280929360753,0.8363148479437893,False,False,False,False,0.3428282412202177,0.2652456391648573,False,False,False,False,29507173,21474448.848852348,False,False,False,False,1874562.4442482707,False,False,False,False
2025-08-28 00:00:00+00:00,72.85,78.95,72.7251,78.5,6170952,74.54658926408611,74.08952254024328,73.73143909704339,73.6163364927445,72.29245724869678,70.08560689137788,69.61928967491762,67.31405535930512,67.08629254421545,65.55811499953504,68.24951872544099,66.3809695339711,61.96794806638987,60.30476780381986,60.305583577804114,60.16075082111279,59.950283106965486,59.910349417039264,58.9725906730646,58.79130629974722,74.0380560680926,62.8756228603649,56.514302373955175,56.52922167914728,"rgba(38, 166, 154, 0.5)",0.0,0.0,3.3228131997741746,65.2815557132005,2.2777218675169153,0.0,0.0,0.0,0.0,0.0,0.0,0.0,0.0,54.74031528020179,10.118209520346106,False,True,True,False,False,9.656237501053418,1,1.0140541326556147,0.7999459544672582,False,False,False,False,0.34282824141146245,0.30403694028815986,False,False,False,False,23336221,21547459.521446373,False,False,False,False,2043048.3091797112,False,False,False,False
2025-08-29 00:00:00+00:00,75.14,75.195,72.78,73.08,2902029,74.5292246954758,74.10416255504404,73.75070690194235,73.63811815481225,72.33638044944384,70.15578835846598,69.69369741934655,67.40405445557302,67.17689482128688,65.64957083503636,68.33617149202126,66.47338729558712,62.05971775738154,60.385290447735954,60.381468312816516,60.23174448877382,60.01965185559205,59.97942958544394,59.03631911618969,58.854098561805536,74.06077100489274,62.967642646254134,56.5466768019663,56.556245862126524,"rgba(38, 166, 154, 0.5)",0.0,0.0,3.209421681115665,65.32817417951841,3.057194346948757,0.0,0.0,0.0,0.0,0.0,0.0,0.0,0.0,55.10252103417128,10.118209520346106,False,True,True,False,False,14.776141777421284,1,1.0089179660318859,0.889938850944938,False,False,False,False,0.11613920489755962,0.21008807259285975,False,False,False,False,26238250,21731412.08923279,False,False,False,False,2076733.8264667813,False,False,False,False
2025-09-02 00:00:00+00:00,74.53,74.605,73.8,74.3,1917671,74.5158318714551,74.1110415984857,73.76164520265161,73.65071313423456,72.3635747284105,70.20027457462956,69.74098645358558,67.4617757972577,67.2350495859986,65.70856214210527,68.39154241810824,66.53283804473313,62.11932606662191,60.437770041928154,60.43095238263966,60.27807198477878,60.064935826674294,60.024528193785436,59.07797880791122,58.8951555495617,74.07157349446503,63.027329845660795,56.56793380765021,56.573998671135556,"rgba(38, 166, 154, 0.5)",0.0,0.0,3.0851987057164156,65.36111251110572,2.971895285676639,0.0,0.0,0.0,0.0,0.0,0.0,0.0,0.0,54.23148810366207,9.919945844187787,False,True,True,False,False,12.90401737440994,1,1.0203692561804845,0.8925682413245953,False,False,False,False,0.14146989545625585,0.1757789840245578,False,False,False,False,24320579,21832948.04651778,False,False,False,False,2070496.0685661233,False,False,False,False
2025-09-03 00:00:00+00:00,74.86,75.09,74.5,74.5,1383757,74.52862672986403,74.12752680704111,73.77628372031981,73.66623610085102,72.38770454315939,70.23565877743651,69.77821637476019,67.50585762965103,67.27938042511637,65.75310209956164,68.43421814605937,66.57792833518278,62.16374602432902,60.47676283219721,60.46773253151892,60.31250831277745,60.098586050272324,60.05803869107177,59.108890685198325,58.925612355536515,74.09402469735937,63.07192045746373,56.583676563169895,56.58715082786988,"rgba(38, 166, 154, 0.5)",0.0,0.0,2.9799341557756605,65.39460081091542,3.1763786359973407,0.0,0.0,0.0,0.0,0.0,0.0,0.0,0.0,54.19485443792025,9.782619960582721,False,True,True,False,False,13.610700102377656,1,1.0407291231023104,0.8742979632052232,False,False,False,False,0.19097563215310265,0.18337730808883024,False,False,False,False,25704336,21984767.181948453,False,False,False,False,2043565.1247007851,False,False,False,False
2025-09-04 00:00:00+00:00,74.71,75.12,74.53,74.89,1219356,74.53794823570462,74.14082273689966,73.78848807292725,73.67922833152411,72.40831967271549,70.26619121872942,69.81038065863831,67.5441089174795,67.3178631511641,65.79186213902261,68.47118196072142,66.61711343191128,62.202539541559844,60.510876592544214,60.49991994556548,60.34265592345025,60.12805119752765,60.087382520055186,59.1359776914559,58.95230375563884,74.11194013845507,63.11083505713973,56.597503673902,56.59870565160343,"rgba(38, 166, 154, 0.5)",0.0,0.0,2.8368985297943143,65.42303874540633,3.2736318049651927,0.0,0.0,0.0,0.0,0.0,0.0,0.0,0.0,53.86578526803437,9.255832361263913,False,True,True,False,False,13.145422677604003,1,1.0279496472426581,0.8876124458348654,False,False,False,False,0.1951954910233389,0.18928639955608456,False,False,False,False,24484980,22082814.743440673,False,False,False,False,2011243.198241931,False,False,False,False
2025-09-05 00:00:00+00:00,74.46,75.21,74.25,74.74,1546497,74.54241901183102,74.15327486211736,73.80133606526559,73.69315338803911,72.43238022080271,70.3030934451593,69.84939991593787,67.59107752849711,67.36515920532109,65.83975144666115,68.51637409411582,66.66539399304506,62.25082986167123,60.55346736794673,60.540118406257996,60.380325241737744,60.16487972135888,60.12406157773906,59.16987684755015,58.98571488108293,74.12871280752749,63.159204404747726,56.61486911011733,56.61322142489396,#000000,0.0,0.0,2.6928256334680527,65.4559828700087,3.3437059637593944,0.0,0.0,0.0,0.0,0.0,0.0,0.0,0.0,53.11380720702185,8.27949114341763,False,True,False,False,False,12.365256277487497,1,1.0248980895318016,0.8861514036824345,False,False,False,False,0.1500841856766361,0.16968529261636034,False,False,False,False,22938483,22116370.361344963,False,False,False,False,1993017.8571344044,False,False,False,False
2025-09-08 00:00:00+00:00,74.72,74.86,74.11,74.68,1961895,74.54352015366433,74.16585341146718,73.81564773247331,73.70886424281342,72.46113263953835,70.34820936409557,69.89722411169654,67.6491364808629,67.42366405150742,65.89924041770837,68.57205509724969,66.72523228571329,62.31117850702944,60.60683812678155,60.590511191686225,60.42757267860874,60.211086442232585,60.17008327221929,59.21245672053175,59.02768960661173,74.14554728468222,63.219579226246054,56.636757463597014,56.631524466381556,#000000,0.0,0.0,2.538685856161123,65.49580278954404,3.6334535791696325,0.0,0.0,0.0,0.0,0.0,0.0,0.0,0.0,53.1482110142921,8.017462966370402,False,True,False,False,False,12.948096944634333,1,1.0080958862789706,0.9103137163686185,False,False,False,False,0.10935514379536736,0.13952021820586386,False,False,False,False,24900378,22225547.1314883,False,False,False,False,1991797.3529330553,False,False,False,False
2025-09-09 00:00:00+00:00,75.34,75.54,74.64,74.7,1484376,74.56764779402978,74.18870545595698,73.83467060725432,73.7285996775534,72.48854076859413,70.38656299706534,69.93741478453796,67.696244687945,67.47102913681985,65.94684472266303,68.61772720198364,66.7733838320306,62.358700592123576,60.64870231452465,60.63005252662676,60.46464518991777,60.24732751692603,60.206176422521075,59.24579054599888,59.060538884947405,74.17481007585754,63.26726953237096,56.65384513735586,56.64581806054615,"rgba(38, 166, 154, 0.5)",0.0,0.0,2.3741814750790087,65.53435597820148,4.130115631313404,0.0,0.0,0.0,0.0,1.0,75.48,74.86,0.0,54.42084348525374,8.017462966370402,False,True,True,False,False,14.322006112601308,1,1.0239709829348715,0.8960584039116896,False,False,False,False,0.19229716859217652,0.1659086933990202,False,False,False,False,26384754,22388653.283194643,False,False,False,False,1971898.4763474453,False,False,False,False
2025-09-10 00:00:00+00:00,75.86,76.28,75.48,75.58,1322092,74.61072902717098,74.22206529822347,73.85979837244943,73.75403726234897,72.5187344397443,70.42513469162421,69.97741668164149,67.74159056557772,67.51652098261438,65.9920206609197,68.66216437398758,66.81934687071914,62.40302846921247,60.687574758263445,60.66677723621246,60.49907200432063,60.28096581906511,60.23967434169965,59.276662715164,59.09095066500735,74.21681753045618,63.31190525413433,56.66961240973628,56.659010714745406,"rgba(38, 166, 154, 0.5)",0.0,0.0,2.2925376257439747,65.57626106384717,4.485744888403107,0.0,0.0,0.0,0.0,1.0,76.01,75.54,0.0,56.256803990943226,8.017462966370402,False,True,True,False,True,15.450416876492095,1,1.0271352371608002,0.8880448538959224,False,False,False,False,0.34282823233916176,0.254368462869091,False,False,False,False,27706846,22597209.860324267,False,False,False,False,1946415.8694318593,False,False,False,False
2025-09-11 00:00:00+00:00,76.82,76.92,76.01,76.27,1503655,74.68207622294966,74.27407437772499,73.89744986306307,73.79169448328645,72.55955737044447,70.47398121062655,70.02766208619235,67.79700628757661,67.57201040910431,66.04655947838029,68.71695848388569,66.87511624287202,62.45573054073164,60.7336007898587,60.71027101754314,60.53983974493961,60.320782154565684,60.279321188530865,59.31313164389448,59.126863103498835,74.28156212965274,63.36513591039284,56.68817543122783,56.67454675473651,"rgba(38, 166, 154, 0.5)",0.0,0.0,2.2488975035547325,65.63153851118435,4.97508733551909,0.0,0.0,0.0,0.0,1.0,76.46,76.28,0.0,59.11912665731707,4.6067466261043535,False,False,True,False,True,17.466007513937853,1,1.0204391543154085,0.8844981377108346,False,False,False,False,0.34282823561697795,0.29859834924303447,False,False,False,False,29210501,22856554.610899784,False,False,False,False,1929052.6980815905,False,False,False,False
2025-09-12 00:00:00+00:00,76.79,76.8499,76.46,76.6,1124715,74.7352301710893,74.313393420077,73.92613282174915,73.82036245416403,72.59043000053173,70.51070210561177,70.06540796861576,67.83854878692438,67.61360529127424,66.08743555351766,68.75805113375553,66.91691249396257,62.49521897613822,60.76810587161468,60.74288664739916,60.57041935799107,60.35065004137355,60.30906225672469,59.34049316967185,59.1538077362684,74.33005967135607,63.405022322370364,56.70211899513099,56.68621967328081,"rgba(38, 166, 154, 0.5)",0.0,0.0,2.213410273780413,65.6724691343526,5.022806208746437,0.0,0.0,0.0,0.0,0.0,0.0,0.0,0.0,60.93658961363738,6.386185194781476,False,False,True,False,True,17.366315315826498,0,1.0208448550704798,0.8915613866524482,False,False,False,False,0.34282823648157895,0.3207132928623067,False,False,False,False,28085786,23061622.50851156,False,False,False,False,1897510.0432548614,False,False,False,False
2025-09-15 00:00:00+00:00,77.65,77.69,76.73,76.95,1480536,74.82308181315817,74.37696753415553,73.97173671211527,73.86566148220513,72.63675767113834,70.56344421277974,70.11930323049296,67.89665550072544,67.6717005830235,66.14406775364677,68.81592329885846,66.97504952851186,62.549255373495754,60.81516332766362,60.78737701020173,60.6121290384485,60.39137400698619,60.34961049303911,59.37773749268431,59.19047379299851,74.40790052538546,63.45974063460342,56.72104599801799,56.70206827906588,"rgba(38, 166, 154, 0.5)",0.0,0.0,2.1891142941502464,65.73240776488015,5.444024675626146,0.0,0.0,0.0,0.0,1.0,77.06,76.8499,0.0,63.52897260090128,8.862530564433825,False,False,True,False,True,19.128378440379965,0,1.0151819455247135,0.8876678423209032,False,False,False,False,0.34282823860626693,0.3317707657342868,False,False,False,False,29566322,23316708.763079733,False,False,False,False,1881158.1199899649,False,False,False,False
2025-09-16 00:00:00+00:00,77.88,77.97,77.06,77.78,1150298,74.89448188538246,74.42902896156882,74.00920248619822,73.90282243614593,72.67423347236019,70.6055304149321,70.1622289908489,67.9426357191759,67.71765268624843,66.18876558056401,68.86180850608164,67.020980124649,62.59175706793693,60.85215634914349,60.82236087819629,60.6449319473099,60.423399966713696,60.38149790069559,59.40701723422543,59.21929708613348,74.47115437441201,63.50280910023312,56.73592655604339,56.71453173797118,"rgba(38, 166, 154, 1.0)",0.0,0.0,2.1834151977649663,65.77985353361966,5.541844024336986,0.0,0.0,0.0,0.0,1.0,77.78,77.69,937.0,65.6040036790064,10.81368409703515,True,False,True,False,True,19.59068617301035,0,1.0307106646366162,0.8826367728518335,False,False,False,False,0.3428282395725562,0.3372995026534215,False,False,False,False,30716620,23606901.36060602,False,False,False,False,1852496.938813888,False,False,False,False
2025-09-17 00:00:00+00:00,78.4,78.79,77.78,77.78,1441842,75.00018685972746,74.50545958890115,74.06378330694159,73.95675833929644,72.72681270496652,70.66266464869918,70.2202267624779,68.00369942732355,67.77860249885876,66.24763472602999,68.92310185714572,67.08168398934438,62.64710995351171,60.90018373753543,60.86778922447168,60.68752509214055,60.464970016615325,60.42288541810211,59.444963036785765,59.256640973113036,74.56348131130933,63.55902997434831,56.75516053438579,56.73064516707606,"rgba(38, 166, 154, 1.0)",0.0,0.0,2.1950306029261237,65.84486083217963,5.719801423763078,0.0,0.0,0.0,0.0,0.0,0.0,0.0,0.0,67.75741622752302,12.834683959408068,True,False,True,False,True,20.0,0,1.0464159596167464,0.852449783360732,False,False,False,False,0.34282824155675506,0.34006387210508826,False,False,False,False,32158462,23942256.67979794,False,False,False,False,1836392.8235662847,False,False,False,False
2025-09-18 00:00:00+00:00,78.4,78.61,77.9,78.22,961878,75.06675031018506,74.5545425834661,74.09926617477618,73.99185245260705,72.76122489637247,70.70021351915697,70.25836748374064,68.04395998509824,67.81879872733347,66.28652623823172,68.96346595605614,67.1217478846683,62.6837738928352,60.93204047305348,60.89792977378324,60.715793680770474,60.49256398298719,60.450359007768895,59.47016607297717,59.28144660515911,74.62233716421805,63.59624882309655,56.76796092885331,56.7413714163329,"rgba(38, 166, 154, 1.0)",0.0,0.0,2.2057748738861416,65.886708489709,5.672968560134631,0.0,0.0,0.0,0.0,0.0,0.0,0.0,0.0,69.19302459320078,14.195447603349407,True,False,True,False,True,20.0,0,1.0459597962485117,0.8601444557392744,False,False,False,False,0.3389755353444492,0.3395197037247687,False,False,False,False,32158462,24264460.81000194,False,False,False,False,1802098.124602901,False,False,False,False
2025-09-19 00:00:00+00:00,78.63,79.49,78.33,79.0,2022993,75.21921771980205,74.66732568714022,74.1808676364273,74.07241427290013,72.83880833487869,70.78324456042166,70.34246511707859,68.13180182431408,67.90643475401042,66.37096777446801,69.0518391741015,67.20890828707489,62.76284266633641,61.000630172294194,60.96284122680391,60.77667894257782,60.55198575563418,60.50951954017698,59.52439194314797,59.33480902114675,74.75671585317514,63.676627354848435,56.79547330765929,56.76443201684673,"rgba(38, 166, 154, 1.0)",0.0,0.0,2.233889876439908,65.97897091085356,5.6632286231172895,0.0,0.0,0.0,0.0,0.0,0.0,0.0,0.0,70.51579879799428,15.494836706255697,True,False,True,False,True,20.0,0,1.0582810043145008,0.8462805291757344,False,False,False,False,0.34282824281543145,0.3411739732701001,False,False,False,False,34181455,24653362.542943038,False,False,False,False,1810760.6687361207,False,False,False,False
2025-09-22 00:00:00+00:00,79.28,79.31,78.305,78.46,1507908,75.3294000604222,74.75045404690533,74.24176731443866,74.1325587459364,72.89676006430825,70.84516044916366,70.40516147985493,68.19724767364684,67.97172999640851,66.43391395239007,69.11767195658933,67.27385534997227,62.82181691172045,61.051837458805174,61.01131958393363,60.82216708720169,60.59638542677081,60.553724861540076,59.56492300928558,59.374696703374255,74.85486894615305,63.736571812950466,56.81607382760639,56.78170512963942,"rgba(38, 166, 154, 1.0)",0.0,0.0,2.264975506415351,66.0464391990713,5.842694882768384,0.0,0.0,0.0,0.0,0.0,0.0,0.0,0.0,72.37102183329327,17.318689337073067,True,False,True,False,True,20.0,0,1.0666899406110817,0.8477399721923443,False,False,False,False,0.33098419774521326,0.33607908550765664,False,False,False,False,35689363,25086146.87459233,False,False,False,False,1798884.093491567,False,False,False,False
2025-09-23 00:00:00+00:00,78.75,79.42,78.7,79.36,1116594,75.40672352497322,74.80984920921499,74.28579543517586,74.17607578157131,72.9389132742788,70.89036172549812,70.45095861414082,68.24516540057695,68.01954960958011,66.48009039107204,69.16581912952765,67.32145363814081,62.86518856033538,61.08955077088099,61.04703292283722,60.8556889458001,60.629110442897336,60.58630757779859,59.594814359347865,59.40411639608375,74.92450865092329,63.7806340431101,56.83129796594901,56.79447362436108,"rgba(38, 166, 154, 1.0)",0.0,0.0,2.2814681071513037,66.0948850179568,5.5469173302819845,0.0,0.0,0.0,0.0,0.0,0.0,0.0,0.0,71.35300790249886,17.318689337073067,True,False,True,False,True,20.0,0,1.0653082517940655,0.8527905335589936,False,False,False,False,0.34282824308168913,0.3394536642946729,False,False,False,False,34572769,25458171.27166714,False,False,False,False,1772127.619236996,False,False,False,False
2025-09-24 00:00:00+00:00,78.13,78.78,77.87,78.62,3066322,75.56451763595166,74.9386438431439,74.38516054228315,74.2747980424816,73.03865335540357,71.00143823865953,70.56414009248824,68.36616791434574,68.14052277579792,66.59817939410365,69.28640844555107,67.44248390488748,62.97799755756969,61.18829774330163,61.14059283018284,60.94359176400349,60.714987409019905,60.67182278172301,59.673491569428485,59.48159164854934,75.07309348219432,63.894838250814104,56.871685051655284,56.828362304448085,"rgba(38, 166, 154, 0.75)",0.0,0.0,2.2849828834584085,66.20865614710989,5.217257397940196,0.0,0.0,0.0,0.0,0.0,0.0,0.0,0.0,68.30220534292798,17.318689337073067,True,False,True,False,False,18.292451078733112,0,1.047254653668506,0.8677120127961993,False,False,False,False,0.26157589366068223,0.30051477897767753,False,False,False,False,31506447,25695358.555131175,False,False,False,False,1822880.3400512314,False,False,False,False
2025-09-25 00:00:00+00:00,78.84,78.92,77.79,77.94,1446565,75.63957963540346,75.00056531511407,74.43332422468994,74.32262691624749,73.08666970722949,71.05449751831763,70.61814628683241,68.42369730322474,68.19802869623175,66.65427899931353,69.34378982717291,67.49998885369682,63.031528469819904,61.23518375931234,61.185034840291785,60.985363291971645,60.75579931083342,60.71246325758545,59.710887828175885,59.518417253543085,75.14397156037178,63.94904351341983,56.89091322776879,56.84450349510375,"rgba(38, 166, 154, 0.75)",0.0,0.0,2.293767716913518,66.26262019378338,5.48328399317638,0.0,0.0,0.0,0.0,0.0,0.0,0.0,0.0,67.71119617900412,17.318689337073067,True,False,True,False,False,19.770408140445888,0,1.0484433517540555,0.8634990260268924,False,False,False,False,0.26482051367763343,0.2826676463276555,False,False,False,False,32953012,25979972.415714268,False,False,False,False,1808122.8757354969,False,False,False,False
2025-09-26 00:00:00+00:00,79.25,79.38,78.645,79.05,1555357,75.73144296384152,75.07530024438543,74.49099091731804,74.37975143374628,73.14273539621902,71.11504973344535,70.67956982714894,68.48831295991404,68.26255865594217,66.71690686061335,69.40851393418357,67.56434854440424,63.0907973251707,61.28698165014526,61.23414319737812,61.031521185497525,60.80088619606352,60.757358744665716,59.75215566419399,59.55904735610105,75.2294451474629,64.00916163239431,56.91209811218692,56.86229158669455,"rgba(38, 166, 154, 0.75)",0.0,0.0,2.3237561372221123,66.3247001995216,5.562244502957909,0.0,0.0,0.0,0.0,0.0,0.0,0.0,0.0,68.073724674171,17.318689337073067,True,False,True,False,False,20.0,0,1.0619877141829441,0.8542099118451426,False,False,False,False,0.33745422880795295,0.31006093756780423,False,False,False,False,34508369,26314419.34058822,False,False,False,False,1798210.4884517519,False,False,False,False
2025-09-29 00:00:00+00:00,79.77,79.83,77.26,79.36,4398429,75.95693320230016,75.2657968379833,74.64192263875536,74.52959848076391,73.29220566605416,71.27856551346062,70.84576900357416,68.66454614281108,68.4386955244885,66.88870554566276,69.58443269800668,67.74040589271183,63.25463299431478,61.43072324152873,61.370506558129776,61.15979734444716,60.92624127923099,60.88219165394433,59.86708437962858,59.672231174656815,75.4442991385027,64.17508015407087,56.97141678667294,56.912129233818526,"rgba(38, 166, 154, 0.75)",0.0,0.0,2.3504763776551454,66.48850857847223,5.650553031627353,0.0,0.0,0.0,0.0,1.0,79.75,79.38,0.0,69.21426668906136,17.318689337073067,True,False,True,False,False,20.0,0,1.0327768370294068,0.8519979749663943,False,False,False,False,0.28549997087811296,0.2977804542229586,False,False,False,False,38906798,26808238.111545548,False,False,False,False,1900179.8418458009,False,False,False,False
2025-09-30 00:00:00+00:00,79.95,82.08,79.75,79.77,3819679,76.22257883563682,75.4837631392847,74.81174469764353,74.69735405427011,73.4517415187916,71.44431135819868,71.01289364429735,68.83648256821255,68.61014756871523,67.053787126956,69.75786163116675,67.91066450017618,63.40876884004063,61.565173502272444,61.498123269597414,61.27984509502806,61.04348227617561,60.99893041654345,59.97426076221589,59.77772545792349,75.68997888877986,64.33186785197027,57.02649579312671,56.958433859192795,"rgba(38, 166, 154, 0.75)",0.0,0.0,2.3880038969083413,66.65684399467467,5.5666391593981395,0.0,0.0,0.0,0.0,1.0,79.92,79.83,0.0,70.27734351586443,17.318689337073067,True,False,True,False,False,20.0,0,1.074469754105022,0.8215621674444796,False,False,False,False,0.3428282455875321,0.32030434990524537,False,False,False,False,42726477,27432482.77383788,False,False,False,False,1975454.3186361615,False,False,False,False
2025-10-01 00:00:00+00:00,80.44,80.84,79.92,80.06,2497926,76.37345044457571,75.61187263361599,74.91411490640957,74.79869356183353,73.54963077683284,71.54732572603645,71.11697823689829,68.94446169371773,68.71791160147578,67.15809915963204,69.86638116048655,68.01792826556397,63.506976912209154,61.65120018163336,61.579831631281564,61.356775035644446,61.118649671100854,61.07378232439182,60.043101054636836,59.84550581634217,75.83249861364827,64.43159177687478,57.06208233369792,56.98837062884578,"rgba(38, 166, 154, 1.0)",0.0,0.0,2.4335986137189556,66.75919829028523,5.621634411111109,0.0,0.0,0.0,0.0,0.0,0.0,0.0,0.0,71.78721502749787,17.318689337073067,True,False,True,False,True,20.0,0,1.064153585169837,0.8558308661054778,False,False,False,False,0.2962904139189953,0.3082973819121203,False,False,False,False,45224403,28130205.13564816,False,False,False,False,1995943.4041798415,False,False,False,False
